,R513A_UNIT,R513A_UNIT,R513A_UNIT,R513A_UNIT,R513A_UNIT,R513A_UNIT,R513A_UNIT,R513A_UNIT,R513A_UNIT,R513A_UNIT,R513A_UNIT,R513A_UNIT,R513A_UNIT,R513A_UNIT,R513A_UNIT,R513A_UNIT,R513A_UNIT,R513A_UNIT,R513A_UNIT,R513A_UNIT,R513A_UNIT,R513A_UNIT,R513A_UNIT,R513A_UNIT,R513A_UNIT,R513A_UNIT,R513A_UNIT,R513A_UNIT,R513A_UNIT,R513A_UNIT,R513A_UNIT,R513A_UNIT,R513A_UNIT,R513A_UNIT,R513A_UNIT,R513A_UNIT,R513A_UNIT,R513A_UNIT,R513A_UNIT,R513A_UNIT,R513A_UNIT,R513A_UNIT,R513A_UNIT,R513A_UNIT,R513A_UNIT,R513A_UNIT,R513A_UNIT,R513A_UNIT,R513A_UNIT,R513A_UNIT,R513A_UNIT,R513A_UNIT,R513A_UNIT,R513A_UNIT,R513A_UNIT,R513A_UNIT,R513A_UNIT,R513A_UNIT,R513A_UNIT,R513A_UNIT,R513A_UNIT,R513A_UNIT,R513A_UNIT,R513A_UNIT,R513A_UNIT,R513A_UNIT,R513A_UNIT,R513A_UNIT,R513A_UNIT,R513A_UNIT,R513A_UNIT,R513A_UNIT,R513A_UNIT,R513A_UNIT,R513A_UNIT,R513A_UNIT,R513A_UNIT,R513A_UNIT,R513A_UNIT,R513A_UNIT,R513A_UNIT,R513A_UNIT,R513A_UNIT,R513A_UNIT,R513A_UNIT,R513A_UNIT,R513A_UNIT,R513A_UNIT,R513A_UNIT,R513A_UNIT,R513A_UNIT,R513A_UNIT,R513A_UNIT,R513A_UNIT,R513A_UNIT,R513A_UNIT,R513A_UNIT,R513A_UNIT,R513A_UNIT,R513A_UNIT,R513A_UNIT,R513A_UNIT,R513A_UNIT,R513A_UNIT,R513A_UNIT,R513A_UNIT,R513A_UNIT,R513A_UNIT,R513A_UNIT,R513A_UNIT,R513A_UNIT,R513A_UNIT,R513A_UNIT,R513A_UNIT,R513A_UNIT,R513A_UNIT,R513A_UNIT,R513A_UNIT,R513A_UNIT,R513A_UNIT,R513A_UNIT,R513A_UNIT,R513A_UNIT,R513A_UNIT,R513A_UNIT,LOGGER,LOGGER,LOGGER,LOGGER,LOGGER,LOGGER,LOGGER,LOGGER,LOGGER,LOGGER,LOGGER,LOGGER,LOGGER,LOGGER,LOGGER,LOGGER,LOGGER,LOGGER,LOGGER,LOGGER,LOGGER,LOGGER,LOGGER,LOGGER,LOGGER,LOGGER,LOGGER,LOGGER,LOGGER,LOGGER,LOGGER,LOGGER,LOGGER,LOGGER,LOGGER,LOGGER,LOGGER,LOGGER,LOGGER,LOGGER,LOGGER,LOGGER,LOGGER,LOGGER,LOGGER,LOGGER,LOGGER,LOGGER,LOGGER,LOGGER,LOGGER,LOGGER,LOGGER,LOGGER,LOGGER,LOGGER,LOGGER,LOGGER,LOGGER,LOGGER,LOGGER,LOGGER,LOGGER,LOGGER,LOGGER,LOGGER,LOGGER,LOGGER,LOGGER,LOGGER,LOGGER,LOGGER,LOGGER,LOGGER,LOGGER,LOGGER,LOGGER,LOGGER,LOGGER,LOGGER,LOGGER,LOGGER,LOGGER,LOGGER,LOGGER,LOGGER,LOGGER,LOGGER,LOGGER,LOGGER,LOGGER,LOGGER,LOGGER,LOGGER,LOGGER,LOGGER,LOGGER,LOGGER,LOGGER,LOGGER,LOGGER,LOGGER,LOGGER,LOGGER,LOGGER,LOGGER,LOGGER,LOGGER,LOGGER,LOGGER,LOGGER,LOGGER,LOGGER,LOGGER,LOGGER,LOGGER,LOGGER,LOGGER,LOGGER,LOGGER,LOGGER,LOGGER,LOGGER,LOGGER,LOGGER,LOGGER,LOGGER,LOGGER,LOGGER,LOGGER,LOGGER,LOGGER,LOGGER,LOGGER,LOGGER,LOGGER,LOGGER,LOGGER,LOGGER,LOGGER,LOGGER,LOGGER,LOGGER,LOGGER,LOGGER,LOGGER,TEST_STATION,TEST_STATION,TEST_STATION,TEST_STATION,TEST_STATION,TEST_STATION,TEST_STATION,TEST_STATION,TEST_STATION,TEST_STATION,TEST_STATION,TEST_STATION,TEST_STATION,TEST_STATION,TEST_STATION,TEST_STATION,TEST_STATION,TEST_STATION,TEST_STATION,TEST_STATION,TEST_STATION,TEST_STATION,TEST_STATION,TEST_STATION,TEST_STATION,TEST_STATION,TEST_STATION,TEST_STATION,TEST_STATION,TEST_STATION,TEST_STATION,TEST_STATION,TEST_STATION,TEST_STATION,TEST_STATION,TEST_STATION,TEST_STATION,TEST_STATION,TEST_STATION,TEST_STATION,TEST_STATION,TEST_STATION,TEST_STATION,TEST_STATION,TEST_STATION,TEST_STATION,TEST_STATION,TEST_STATION,TEST_STATION,TEST_STATION,TEST_STATION,TEST_STATION,TEST_STATION,TEST_STATION,TEST_STATION,TEST_STATION,TEST_STATION,TEST_STATION,TEST_STATION,TEST_STATION,TEST_STATION,TEST_STATION,TEST_STATION,TEST_STATION,TEST_STATION,TEST_STATION,TEST_STATION,CHAMBER,CHAMBER,CHAMBER,CHAMBER,CHAMBER,CHAMBER,CHAMBER,CHAMBER,CHAMBER,CHAMBER,CHAMBER,CHAMBER,CHAMBER,CHAMBER,CHAMBER,CHAMBER,CHAMBER,CHAMBER,CHAMBER,CHAMBER,CHAMBER,CHAMBER,CHAMBER,CHAMBER,CHAMBER,CHAMBER,CHAMBER,CHAMBER,CHAMBER,CHAMBER,CHAMBER,CHAMBER,CHAMBER,CHAMBER,CHAMBER,CHAMBER,CHAMBER,CHAMBER,CHAMBER,CHAMBER,CHAMBER
TIME,Cycle_Status,Unit_SN,Heat_Call,Defrost,Alarm_Register_1,Alarm_Register_2,Alarm_Register_3,AMB_Fahr_W,Cond_LWT_Fahr_W,Cond_EWT_Fahr_W,Cond_Flow_F,Evap1_Fahr_W,Evap2_Fahr_W,Cold_Sensor_Fahr_W,Warm_Sensor_Fahr_W,SLT_Fahr_W,SH_F,DLP_W,SLP_W,Flow_Percent_Set_W,VFP_Head_ft_F,Circ_Pump_Output,Evap_Flow_Output,LLSV_Output,Comp_Output,HGBV_Output,AOTS,Remote_Enable,Comp_Feedback,MMP_Aux,Voltage_Monitor,O.P.S.S.,F.C._Aux,Evap_Flow,Pan_Sensor,Damper_Switch,TT_High,TT_ODR,Cond_Heat_Output,Defrost_Heat_Output,Pan_Heat_Output,PD_ctl,SP_HC_Cut_In,EWT_Block,MP_HC_Cut_In,MP_HC_Cut_Out,BMS_Heat_Call,MCP6_HC_Rgstr,Master_Comm_Status,Member_Unit_Status,MCPLA_HeatCall,mqtt_member_status,Cond_Flow_Verif,Flow_Valve_Verif,PID_Start,Pump_OFF_Delay,HGBV_Max,Post_HGBV_Fan,Defrost_Enable,VFP_Setpoint_W,Hardware_IO_Map_W,K2_EEV_POS,Tank_Storage_Temp,Demand_Diff,Cold_Sensor_Cut_In_F,Hot_Sensor_Cut_In_F,Cond_LWT_Input_F,Startup_GPM_F,CFlow_Low_Limit_F,Start_Valve_Pos_F,Min_Valve_Pos_F,Defrost_Cut_In_F,Defrost_Cut_Out_F,HGBV_PSIG_Cut_In_F,HGBV_PSIG_Cut_Out_F,Freeze_Po_1_Cut_In,Freeze_Po_1_Cut_Out,Freeze_Pro_2_Cut_In,Freeze_Pro_2_Cut_Out,WS_FrzPro2_Cut_In,WS_FrzPro2_Cut_Out,Purge_Cut_Out_Fahr_F,Kp_Input,Ki_Input,Kd_Input,PID_Start_Diff_F,Pump_Delay_Time,Max_Pump_Duration,CFlow_VerifFail_Time,Manual_EvapFlow_TIME,EFlow_VerifFail_Time,Defr_Cut_In_Delay_W,Def_Enable_Time_W,Def_Max_Dur_Time_W,Post_Def_Fan_Time_W,HGBV_Duration_W,PostHGBVFan_Time_W,Max_Purge_Time,SinglePass_Config,Glycol_Source_Config,CWP_Config,K2_Config,Standby_Valve_Pos,HGBV_Defrost_Enable,HGBV_Disable,Unit_Model,Pump_Down_PSIG_F,Amb_Range_LOW,InitSV_Max_F,SrcTemp_SwitchTemp_F,EWT_Cut_Out_F,Demand_Mode,Unit_number,StaticIP_Status,ODR_LWT_Min_F,ODR_LWT_Max_F,ODR_Amb_Min_F,ODR_Amb_Max_F,HPB_WWSD_F,Password_Lock,Dev_psswrd_Lock,Service_Lock,Manual_Ctl_Status_W,Ducted_Config,Fans_Adj_Input_F,EWT_float,LWT_float,dT_float,GPM_float,Capacity,KW_float,KWX3412_float,COP,VFD_Hz_W,CompVFD_ErrorCode,CompVFD_Status,GPMXdT,VFD_Hz_Setpoint_W,FlowValve_FB%,FlowValve_SetPont,GPM_ps_1X10_float,GPM_ps_2X100_float,GPM_ps_1_float,GPM_ps_2_float,Amb_unit,VFP_ctl_Word_1_W,VFP_Ctl_Mode_W,VFP_Operation_Mode_W,VFP_Ctl_Setpoint_W,Fans_Spd_Disp_F,VFP_Status_Word_1_W,VFP_ProcFB_Status_W,VFP_CtlMode_Status_W,VFP_OpMode_Status_W,VFP_Alarm_Code_W,VFP_Warning_Code_W,VFP_Head_W,VFP_Flow_W,VFP_Performance_W,VFP_Speed_W,VFP_Freq_W,VFP_Dig_Inputs_W,VFP_Dig_Outputs_W,VFP_Pwr_Lo_W,VFP_RemoteFlow_W,VFP_InletPress_W,VFP_RemotePress1_W,VFP_FeedTankLvl_W,VFP_PwrEleTemp_W,VFP_MotorTemp_W,VFP_RemoteTemp1_W,VFP_EleTemp_W,VFP_LiquidTemp_W,CMRC_Alarm_1,CMRC_Alarm_2,CMRC_Alarm_3,CMRC_Alarm_4,CMRC_Alarm_5,CMRC_Alarm_6,CMRC_Alarm_7,CMRC_Alarm_8,CMRC_Alarm_9,CMRC_Alarm_10,K2_SuperHeat,K2_SLP,K2_SatT,K2_SLT,K2_NA1,K2_EEV_POS,K2_DLT,K2_Relay,K2_Alarm,K2_System,K2_Firm,VFP_head_F_feet,GPM_vfp,VFP_SetPoint_F,EWT_Raw,LWT_Raw,LLT_Raw,DLT_Raw,GPM_prosense_1X10,GPM_prosense_2X100,Temp_prosense_1,Temp_prosense_2,LLP,Water_Pressure_Out,LLT_Raw_C270,DLT_Raw_C270,SourceWater_EWT_C270,SourceWater_LWT_C270,Tekmar_Loop_LWT_C270,Compressor_head_Temp,LWT_SM_3_Raw,Compressor_head_X10,Compressor_head_F,EWT_Float,LWT_Float,LLT_Float,DLT_Float,LLP_SM_I_Float,LWT_SM_I_Float,LWT_SM_2_Float,LWT_SM_3_Float,AIR_TEMP_F_FL_ub,RH_FL,RH_FL_UB,EWT_Thermowell_ANSI,LWT_Thermowell_ANSI,LLT,DLT,EWT_SM_Internal,LWT_SM_Internal,LWT_SM_2,LWT_SM_3,DLP_Word,Ambient_air_temp,RH,DefrostCutOut,DefrostDelayTimer,DefrostMaxDurTimer,DefrostEnableTimer,DefrostEnableTC,LWTSet,Voltage_monitor,AlarmReg_1,AlarmReg_2,AlarmReg_3,PhAVolt_C90,PhAAmps_C90,PhBVolt_C90,PhBAmp_C90,PhCVolt_C90,PhCAmp_C90,TruPwr3Ph_C90,ReacPwr3Ph_C90,AprntPwr3Ph_C90,NetEnergy_C90,UnsignedEnergy_C90,PositiveEng_C90,NegativeEng_C90,NetReactiveEng_C90,NetApparentEng_C90,PowFac3ph_C90,PSIG_Table_START,SSLT_Table_START,Fist_Match_LLP_W,x2_LLP_First_Match_D,SLLT_Lookup_I,SLLT_F,SubCooling_F,CondFlowLoss_Fault,HotTankT_lo,HotTankT_hi,Cooler_EWT_lo,Cooler_EWT_hi,Cooler_LWT_lo,Cooler_LWT_hi,CoolFlowRt_lo,CoolFlowRt_hi,HW_Pump_set,HTank_cutIn,HTank_cutOut,ChillerFanPercent,ColdTankT_lo,ColdTankT_hi,EvapHeadrRetT_lo,EvapHeadrRetT_hi,EvapHeadrSupT_lo,EvapHeadrSupT_hi,Evap_Pump_set,CTank_cutIn,CTank_cutOut,HeatingEnable,Cond_hd_Sply,condReturnT_hi,EvapHeadrFlowIn_l,EvapHeadrFlowIn_h,CoolerFanFreq,condPumpFreq,evapPumpFreq_l,evapPumpFreq_h,AMTemp_low,AMTemp_high,Cooling_Cap,AMB_RH,HTank_cutIn_F,SupplyHeaderInletR,SupplyHeaderInletS,ReturnHeaderOutletR,ReturnHeaderOutletS,BoilerControlVR,BoilerControlVS,HotTankR,HotTankS,FluidCoolerInletR,FluidCoolerInletS,FluidCoolerOutletR,FluidCoolerOutletS,EvapInletR,EvapInletS,EvapOutletR,EvapOutletS,ColdTankR,ColdTankS,AuxTempRaw,HeatedTank_Float,SourceTank_Float,AuxTmpFlot,AuxTmpScld,TempC1,TempC1_ub,TempF,RH1,ABS_H1,DPC1,DPF1,MR1,Amb_temp_set_epic_F,RH_set_epic_F,Hum_manual_override,TempF1,RH1,ABS_H1,DPF1,TempF2,RH2,ABS_H2,DPF2,TempF3,RH3,DPC3,DPF3,TempF4,RH4,ABS_H4,DPF4,FloorTC,K2_SUP1_In,K2_SLP1_In,K2_ET1_In,K2_SAT1_In,K2_RT1_In,K2_ValvePos1_In,K2_AUX1a_In,K2_RLY1,K2_Alarm1,K2_System1,K2_Firmware1,K2_AUX1b_In,K2_SLP2_In,K2_ET2_In,TempC1,TempF,RH1,ABS_H1,DPC1,DPF1,MR1
2026-04-04T11:00:00,ERR,ERR,ERR,ERR,ERR,ERR,ERR,ERR,ERR,ERR,ERR,ERR,ERR,ERR,ERR,ERR,ERR,ERR,ERR,ERR,ERR,ERR,ERR,ERR,ERR,ERR,ERR,ERR,ERR,ERR,ERR,ERR,ERR,ERR,ERR,ERR,ERR,ERR,ERR,ERR,ERR,ERR,ERR,ERR,ERR,ERR,ERR,ERR,ERR,ERR,ERR,ERR,ERR,ERR,ERR,ERR,ERR,ERR,ERR,ERR,ERR,ERR,ERR,ERR,ERR,ERR,ERR,ERR,ERR,ERR,ERR,ERR,ERR,ERR,ERR,ERR,ERR,ERR,ERR,ERR,ERR,ERR,ERR,ERR,ERR,ERR,ERR,ERR,ERR,ERR,ERR,ERR,ERR,ERR,ERR,ERR,ERR,ERR,ERR,ERR,ERR,ERR,ERR,ERR,ERR,ERR,ERR,ERR,ERR,ERR,ERR,ERR,ERR,ERR,ERR,ERR,ERR,ERR,ERR,ERR,ERR,ERR,ERR,ERR,ERR,-0.0,0.0,3.039990997430017e+23,0.0,0.0,0.0,0.0,nan,0,0,0,32768,0,0.0,0,0.0,0.0,0.0,0.0,0.0,0,0,0,0,0.0,0,0,0,0,0,0,0,0,0,0,0,0,0,0,0,0,0,0,0,0,0,0,0,0,0,0,0,0,0,0,0,0,0,0,0,0,0,0,0,0,0,0,0,0,0.0,0.0,0.0,0.0,0.0,0.0,0.0,0.0,0.0,0.0,0.0,0.0,0.0,0.0,0.0,0.0,0.0,0.0,0.0,0.0,0.0,0.0,2.004,0.0,-0.0,0.0,0.0,0.0,0.0,0.0,3418.0,0.0,0.0,-0.0,0.0,2.7184274988523002e+23,0.0,0.0,0.0,0.0,0.0,0,126841012224.0,89220.062,0.0,0.0,0.0,0.0,0.0,0.0,0.0,0,0,0,0.0,0.0,0.0,0.0,0.0,0.0,0.0,0.0,0.0,0.0,0.0,0.0,0.0,0.0,0.0,0.0,0,-107875648.0,0,0.0,0,-107875648.0,-107877712.0,0,13107,17040,39322,17054,13107,17038,0,0,0,110,100,100,-0.0,64.0,0.0,64.5,0.0,69.0,1,49,50,180,13107,13107,0,0,0.0,0.0,0.0,0.0,1.0458614175323656e+33,65.0,0.0,-0.0,0.0,646,0,691,0,0,0,721,0,793,0,711,0,690,0,645,0,643,0,613,0.032,52690944.0,-0.0,-0.0,58512,16787,2.8331741346389007e+35,-0.0,0.0,-1.9167210942535356e+20,-9.951461089729418e+32,-2.6430961228404962e+20,29.0,60.0,70,0.0,0.0,0.0,0.0,0.0,0.0,0.0,0.0,0.0,0.0,0.0,0.0,0.0,0.0,0.0,0.0,59.2,69,11,65508,41,65476,0,300,0,0,8,20529,65476,0,0,61604,60.0,0.0,0.0,0.0,0.0,0.0
2026-04-04T11:00:01,ERR,ERR,ERR,ERR,ERR,ERR,ERR,ERR,ERR,ERR,ERR,ERR,ERR,ERR,ERR,ERR,ERR,ERR,ERR,ERR,ERR,ERR,ERR,ERR,ERR,ERR,ERR,ERR,ERR,ERR,ERR,ERR,ERR,ERR,ERR,ERR,ERR,ERR,ERR,ERR,ERR,ERR,ERR,ERR,ERR,ERR,ERR,ERR,ERR,ERR,ERR,ERR,ERR,ERR,ERR,ERR,ERR,ERR,ERR,ERR,ERR,ERR,ERR,ERR,ERR,ERR,ERR,ERR,ERR,ERR,ERR,ERR,ERR,ERR,ERR,ERR,ERR,ERR,ERR,ERR,ERR,ERR,ERR,ERR,ERR,ERR,ERR,ERR,ERR,ERR,ERR,ERR,ERR,ERR,ERR,ERR,ERR,ERR,ERR,ERR,ERR,ERR,ERR,ERR,ERR,ERR,ERR,ERR,ERR,ERR,ERR,ERR,ERR,ERR,ERR,ERR,ERR,ERR,ERR,ERR,ERR,ERR,ERR,ERR,ERR,-0.0,0.0,3.039990997430017e+23,0.0,0.0,0.0,0.0,nan,0,0,0,32768,0,0.0,0,0.0,0.0,0.0,0.0,0.0,0,0,0,0,0.0,0,0,0,0,0,0,0,0,0,0,0,0,0,0,0,0,0,0,0,0,0,0,0,0,0,0,0,0,0,0,0,0,0,0,0,0,0,0,0,0,0,0,0,0,0.0,0.0,0.0,0.0,0.0,0.0,0.0,0.0,0.0,0.0,0.0,0.0,0.0,0.0,0.0,0.0,0.0,0.0,0.0,0.0,0.0,0.0,2.004,0.0,-0.0,0.0,0.0,0.0,0.0,0.0,3418.0,0.0,0.0,-0.0,0.0,2.7184274988523002e+23,0.0,0.0,0.0,0.0,0.0,0,126841012224.0,89220.062,0.0,0.0,0.0,0.0,0.0,0.0,0.0,0,0,0,0.0,0.0,0.0,0.0,0.0,0.0,0.0,0.0,0.0,0.0,0.0,0.0,0.0,0.0,0.0,0.0,0,-107875648.0,0,0.0,0,-107875648.0,-107877712.0,0,13107,17040,39322,17054,13107,17038,0,0,0,110,100,100,-0.0,64.0,0.0,64.5,0.0,69.0,1,49,50,180,13107,13107,0,0,0.0,0.0,0.0,0.0,5.90583948501137e+26,65.0,0.0,-0.0,0.0,646,0,691,0,0,0,721,0,793,0,711,0,690,0,645,0,643,0,613,0.032,50069504.0,2.004,0.0,56208,16787,6.044475964890286e+34,-0.0,0.0,-0.013,-5.617529145972477e+31,-5.557515607454253e+18,29.0,60.0,70,0.0,0.0,0.0,0.0,0.0,0.0,0.0,0.0,0.0,0.0,0.0,0.0,0.0,0.0,0.0,0.0,59.2,69,11,65508,41,65476,0,300,0,0,8,20529,65476,0,0,61604,60.0,0.0,0.0,0.0,0.0,0.0
2026-04-04T11:00:02,ERR,ERR,ERR,ERR,ERR,ERR,ERR,ERR,ERR,ERR,ERR,ERR,ERR,ERR,ERR,ERR,ERR,ERR,ERR,ERR,ERR,ERR,ERR,ERR,ERR,ERR,ERR,ERR,ERR,ERR,ERR,ERR,ERR,ERR,ERR,ERR,ERR,ERR,ERR,ERR,ERR,ERR,ERR,ERR,ERR,ERR,ERR,ERR,ERR,ERR,ERR,ERR,ERR,ERR,ERR,ERR,ERR,ERR,ERR,ERR,ERR,ERR,ERR,ERR,ERR,ERR,ERR,ERR,ERR,ERR,ERR,ERR,ERR,ERR,ERR,ERR,ERR,ERR,ERR,ERR,ERR,ERR,ERR,ERR,ERR,ERR,ERR,ERR,ERR,ERR,ERR,ERR,ERR,ERR,ERR,ERR,ERR,ERR,ERR,ERR,ERR,ERR,ERR,ERR,ERR,ERR,ERR,ERR,ERR,ERR,ERR,ERR,ERR,ERR,ERR,ERR,ERR,ERR,ERR,ERR,ERR,ERR,ERR,ERR,ERR,-0.0,0.0,3.039990997430017e+23,0.0,0.0,0.0,0.0,nan,0,0,0,32768,0,0.0,0,0.0,0.0,0.0,0.0,0.0,0,0,0,0,0.0,0,0,0,0,0,0,0,0,0,0,0,0,0,0,0,0,0,0,0,0,0,0,0,0,0,0,0,0,0,0,0,0,0,0,0,0,0,0,0,0,0,0,0,0,0.0,0.0,0.0,0.0,0.0,0.0,0.0,0.0,0.0,0.0,0.0,0.0,0.0,0.0,0.0,0.0,0.0,0.0,0.0,0.0,0.0,0.0,2.004,0.0,-0.0,0.0,0.0,0.0,0.0,0.0,3418.0,0.0,0.0,-0.0,0.0,2.7184274988523002e+23,0.0,0.0,0.0,0.0,0.0,0,126841012224.0,89220.062,0.0,0.0,0.0,0.0,0.0,0.0,0.0,0,0,0,0.0,0.0,0.0,0.0,0.0,0.0,0.0,0.0,0.0,0.0,0.0,0.0,0.0,0.0,0.0,0.0,0,-107875648.0,0,0.0,0,-107875648.0,-107877712.0,0,13107,17040,39322,17054,13107,17038,0,0,0,110,100,100,-0.0,64.0,0.0,64.5,0.0,69.0,1,49,50,180,13107,13107,0,0,0.0,0.0,0.0,0.0,5.90583948501137e+26,65.0,0.0,-0.0,0.0,646,0,691,0,0,0,721,0,793,0,711,0,690,0,645,0,643,0,613,0.032,50069504.0,2.004,0.0,56208,16787,6.044475964890286e+34,-0.0,0.0,-0.013,-5.617529145972477e+31,-5.557515607454253e+18,29.0,60.0,70,0.0,0.0,0.0,0.0,0.0,0.0,0.0,0.0,0.0,0.0,0.0,0.0,0.0,0.0,0.0,0.0,59.2,69,11,65508,41,65476,0,300,0,0,8,20529,65476,0,0,61604,60.0,0.0,0.0,0.0,0.0,0.0
2026-04-04T11:00:03,ERR,ERR,ERR,ERR,ERR,ERR,ERR,ERR,ERR,ERR,ERR,ERR,ERR,ERR,ERR,ERR,ERR,ERR,ERR,ERR,ERR,ERR,ERR,ERR,ERR,ERR,ERR,ERR,ERR,ERR,ERR,ERR,ERR,ERR,ERR,ERR,ERR,ERR,ERR,ERR,ERR,ERR,ERR,ERR,ERR,ERR,ERR,ERR,ERR,ERR,ERR,ERR,ERR,ERR,ERR,ERR,ERR,ERR,ERR,ERR,ERR,ERR,ERR,ERR,ERR,ERR,ERR,ERR,ERR,ERR,ERR,ERR,ERR,ERR,ERR,ERR,ERR,ERR,ERR,ERR,ERR,ERR,ERR,ERR,ERR,ERR,ERR,ERR,ERR,ERR,ERR,ERR,ERR,ERR,ERR,ERR,ERR,ERR,ERR,ERR,ERR,ERR,ERR,ERR,ERR,ERR,ERR,ERR,ERR,ERR,ERR,ERR,ERR,ERR,ERR,ERR,ERR,ERR,ERR,ERR,ERR,ERR,ERR,ERR,ERR,-0.0,0.0,3.039990997430017e+23,0.0,0.0,0.0,0.0,nan,0,0,0,32768,0,0.0,0,0.0,0.0,0.0,0.0,0.0,0,0,0,0,0.0,0,0,0,0,0,0,0,0,0,0,0,0,0,0,0,0,0,0,0,0,0,0,0,0,0,0,0,0,0,0,0,0,0,0,0,0,0,0,0,0,0,0,0,0,0.0,0.0,0.0,0.0,0.0,0.0,0.0,0.0,0.0,0.0,0.0,0.0,0.0,0.0,0.0,0.0,0.0,0.0,0.0,0.0,0.0,0.0,2.004,0.0,-0.0,0.0,0.0,0.0,0.0,0.0,3418.0,0.0,0.0,-0.0,0.0,2.7184274988523002e+23,0.0,0.0,0.0,0.0,0.0,0,126841012224.0,89220.062,0.0,0.0,0.0,0.0,0.0,0.0,0.0,0,0,0,0.0,0.0,0.0,0.0,0.0,0.0,0.0,0.0,0.0,0.0,0.0,0.0,0.0,0.0,0.0,0.0,0,-107875648.0,0,0.0,0,-107875648.0,-107877712.0,0,13107,17040,39322,17054,13107,17038,0,0,0,110,100,100,-0.0,64.0,0.0,64.5,0.0,69.0,1,49,50,180,13107,13107,0,0,0.0,0.0,0.0,0.0,5.90583948501137e+26,65.0,0.0,-0.0,0.0,646,0,691,0,0,0,721,0,793,0,711,0,690,0,645,0,643,0,613,0.032,50069504.0,2.004,0.0,56208,16787,6.044475964890286e+34,-0.0,0.0,-0.013,-5.617529145972477e+31,-5.557515607454253e+18,29.0,60.0,70,0.0,0.0,0.0,0.0,0.0,0.0,0.0,0.0,0.0,0.0,0.0,0.0,0.0,0.0,0.0,0.0,59.2,69,11,65508,41,65476,0,300,0,0,8,20529,65476,0,0,61604,60.0,0.0,0.0,0.0,0.0,0.0
2026-04-04T11:00:04,ERR,ERR,ERR,ERR,ERR,ERR,ERR,ERR,ERR,ERR,ERR,ERR,ERR,ERR,ERR,ERR,ERR,ERR,ERR,ERR,ERR,ERR,ERR,ERR,ERR,ERR,ERR,ERR,ERR,ERR,ERR,ERR,ERR,ERR,ERR,ERR,ERR,ERR,ERR,ERR,ERR,ERR,ERR,ERR,ERR,ERR,ERR,ERR,ERR,ERR,ERR,ERR,ERR,ERR,ERR,ERR,ERR,ERR,ERR,ERR,ERR,ERR,ERR,ERR,ERR,ERR,ERR,ERR,ERR,ERR,ERR,ERR,ERR,ERR,ERR,ERR,ERR,ERR,ERR,ERR,ERR,ERR,ERR,ERR,ERR,ERR,ERR,ERR,ERR,ERR,ERR,ERR,ERR,ERR,ERR,ERR,ERR,ERR,ERR,ERR,ERR,ERR,ERR,ERR,ERR,ERR,ERR,ERR,ERR,ERR,ERR,ERR,ERR,ERR,ERR,ERR,ERR,ERR,ERR,ERR,ERR,ERR,ERR,ERR,ERR,-0.0,0.0,3.039990997430017e+23,0.0,0.0,0.0,0.0,nan,0,0,0,32768,0,0.0,0,0.0,0.0,0.0,0.0,0.0,0,0,0,0,0.0,0,0,0,0,0,0,0,0,0,0,0,0,0,0,0,0,0,0,0,0,0,0,0,0,0,0,0,0,0,0,0,0,0,0,0,0,0,0,0,0,0,0,0,0,0.0,0.0,0.0,0.0,0.0,0.0,0.0,0.0,0.0,0.0,0.0,0.0,0.0,0.0,0.0,0.0,0.0,0.0,0.0,0.0,0.0,0.0,2.004,0.0,-0.0,0.0,0.0,0.0,0.0,0.0,3418.0,0.0,0.0,-0.0,0.0,2.7184274988523002e+23,0.0,0.0,0.0,0.0,0.0,0,126841012224.0,89220.062,0.0,0.0,0.0,0.0,0.0,0.0,0.0,0,0,0,0.0,0.0,0.0,0.0,0.0,0.0,0.0,0.0,0.0,0.0,0.0,0.0,0.0,0.0,0.0,0.0,0,-107875648.0,0,0.0,0,-107875648.0,-107877712.0,0,13107,17040,39322,17054,13107,17038,0,0,0,110,100,100,-0.0,64.0,0.0,64.5,0.0,69.0,1,49,50,180,13107,13107,0,0,0.0,0.0,0.0,0.0,5.90583948501137e+26,65.0,0.0,-0.0,0.0,646,0,691,0,0,0,721,0,793,0,711,0,690,0,645,0,643,0,613,0.032,50069504.0,2.004,0.0,56208,16787,6.044475964890286e+34,-0.0,0.0,-0.013,-5.617529145972477e+31,-5.557515607454253e+18,29.0,60.0,70,0.0,0.0,0.0,0.0,0.0,0.0,0.0,0.0,0.0,0.0,0.0,0.0,0.0,0.0,0.0,0.0,59.2,69,11,65508,41,65476,0,300,0,0,8,20529,65476,0,0,61604,60.0,0.0,0.0,0.0,0.0,0.0
2026-04-04T11:00:05,ERR,ERR,ERR,ERR,ERR,ERR,ERR,ERR,ERR,ERR,ERR,ERR,ERR,ERR,ERR,ERR,ERR,ERR,ERR,ERR,ERR,ERR,ERR,ERR,ERR,ERR,ERR,ERR,ERR,ERR,ERR,ERR,ERR,ERR,ERR,ERR,ERR,ERR,ERR,ERR,ERR,ERR,ERR,ERR,ERR,ERR,ERR,ERR,ERR,ERR,ERR,ERR,ERR,ERR,ERR,ERR,ERR,ERR,ERR,ERR,ERR,ERR,ERR,ERR,ERR,ERR,ERR,ERR,ERR,ERR,ERR,ERR,ERR,ERR,ERR,ERR,ERR,ERR,ERR,ERR,ERR,ERR,ERR,ERR,ERR,ERR,ERR,ERR,ERR,ERR,ERR,ERR,ERR,ERR,ERR,ERR,ERR,ERR,ERR,ERR,ERR,ERR,ERR,ERR,ERR,ERR,ERR,ERR,ERR,ERR,ERR,ERR,ERR,ERR,ERR,ERR,ERR,ERR,ERR,ERR,ERR,ERR,ERR,ERR,ERR,-0.0,0.0,3.039990997430017e+23,0.0,0.0,0.0,0.0,nan,0,0,0,32768,0,0.0,0,0.0,0.0,0.0,0.0,0.0,0,0,0,0,0.0,0,0,0,0,0,0,0,0,0,0,0,0,0,0,0,0,0,0,0,0,0,0,0,0,0,0,0,0,0,0,0,0,0,0,0,0,0,0,0,0,0,0,0,0,0.0,0.0,0.0,0.0,0.0,0.0,0.0,0.0,0.0,0.0,0.0,0.0,0.0,0.0,0.0,0.0,0.0,0.0,0.0,0.0,0.0,0.0,2.004,0.0,-0.0,0.0,0.0,0.0,0.0,0.0,3403.0,-1.5879157526988056e+29,0.0,-0.0,0.0,2.7184274988523002e+23,0.0,0.0,0.0,0.0,0.0,0,3.222024165466893e+26,4.0668294794981616e+29,0.0,0.0,0.0,0.0,0.0,0.0,0.0,0,0,0,0.0,0.0,0.0,0.0,0.0,0.0,0.0,0.0,0.0,0.0,0.0,0.0,0.0,0.0,0.0,0.0,0,-107875648.0,0,0.0,0,-107875648.0,-0.0,0,13107,17040,39322,17054,13107,17038,0,0,0,110,100,100,-0.0,64.0,0.0,64.5,0.0,69.0,1,49,50,180,13107,13107,0,0,0.0,0.0,0.0,0.0,5.90583948501137e+26,65.0,0.0,-0.0,0.0,646,0,691,0,0,0,721,0,793,0,711,0,690,0,645,0,643,0,613,0.032,50069504.0,2.004,0.0,56208,16787,6.044475964890286e+34,-0.0,0.0,-0.013,-5.617529145972477e+31,-5.557515607454253e+18,29.0,60.0,70,0.0,0.0,0.0,0.0,0.0,0.0,0.0,0.0,0.0,0.0,0.0,0.0,0.0,0.0,0.0,0.0,59.2,69,11,65508,41,65476,0,300,0,0,8,20529,65476,0,0,61604,60.0,0.0,0.0,0.0,0.0,0.0
2026-04-04T11:00:06,ERR,ERR,ERR,ERR,ERR,ERR,ERR,ERR,ERR,ERR,ERR,ERR,ERR,ERR,ERR,ERR,ERR,ERR,ERR,ERR,ERR,ERR,ERR,ERR,ERR,ERR,ERR,ERR,ERR,ERR,ERR,ERR,ERR,ERR,ERR,ERR,ERR,ERR,ERR,ERR,ERR,ERR,ERR,ERR,ERR,ERR,ERR,ERR,ERR,ERR,ERR,ERR,ERR,ERR,ERR,ERR,ERR,ERR,ERR,ERR,ERR,ERR,ERR,ERR,ERR,ERR,ERR,ERR,ERR,ERR,ERR,ERR,ERR,ERR,ERR,ERR,ERR,ERR,ERR,ERR,ERR,ERR,ERR,ERR,ERR,ERR,ERR,ERR,ERR,ERR,ERR,ERR,ERR,ERR,ERR,ERR,ERR,ERR,ERR,ERR,ERR,ERR,ERR,ERR,ERR,ERR,ERR,ERR,ERR,ERR,ERR,ERR,ERR,ERR,ERR,ERR,ERR,ERR,ERR,ERR,ERR,ERR,ERR,ERR,ERR,-0.0,0.0,3.039990997430017e+23,0.0,0.0,0.0,0.0,nan,0,0,0,32768,0,0.0,0,0.0,0.0,0.0,0.0,0.0,0,0,0,0,0.0,0,0,0,0,0,0,0,0,0,0,0,0,0,0,0,0,0,0,0,0,0,0,0,0,0,0,0,0,0,0,0,0,0,0,0,0,0,0,0,0,0,0,0,0,0.0,0.0,0.0,0.0,0.0,0.0,0.0,0.0,0.0,0.0,0.0,0.0,0.0,0.0,0.0,0.0,0.0,0.0,0.0,0.0,0.0,0.0,2.004,0.0,-0.0,0.0,0.0,0.0,0.0,0.0,3403.0,-1.5879157526988056e+29,0.0,-0.0,0.0,2.7184274988523002e+23,0.0,0.0,0.0,0.0,0.0,0,3.222024165466893e+26,4.0668294794981616e+29,0.0,0.0,0.0,0.0,0.0,0.0,0.0,0,0,0,0.0,0.0,0.0,0.0,0.0,0.0,0.0,0.0,0.0,0.0,0.0,0.0,0.0,0.0,0.0,0.0,0,-107875648.0,0,0.0,0,-107875648.0,-0.0,0,13107,17040,39322,17054,13107,17038,0,0,0,110,100,100,-0.0,64.0,0.0,64.5,0.0,69.0,1,49,50,180,13107,13107,0,0,0.0,0.0,0.0,0.0,5.90583948501137e+26,65.0,0.0,-0.0,0.0,646,0,691,0,0,0,721,0,793,0,711,0,690,0,645,0,643,0,613,0.032,50069504.0,2.004,0.0,56208,16787,6.044475964890286e+34,-0.0,0.0,-0.013,-5.617529145972477e+31,-5.557515607454253e+18,29.0,60.0,70,0.0,0.0,0.0,0.0,0.0,0.0,0.0,0.0,0.0,0.0,0.0,0.0,0.0,0.0,0.0,0.0,59.2,69,11,65508,41,65476,0,300,0,0,8,20529,65476,0,0,61604,60.0,0.0,0.0,0.0,0.0,0.0
2026-04-04T11:00:07,ERR,ERR,ERR,ERR,ERR,ERR,ERR,ERR,ERR,ERR,ERR,ERR,ERR,ERR,ERR,ERR,ERR,ERR,ERR,ERR,ERR,ERR,ERR,ERR,ERR,ERR,ERR,ERR,ERR,ERR,ERR,ERR,ERR,ERR,ERR,ERR,ERR,ERR,ERR,ERR,ERR,ERR,ERR,ERR,ERR,ERR,ERR,ERR,ERR,ERR,ERR,ERR,ERR,ERR,ERR,ERR,ERR,ERR,ERR,ERR,ERR,ERR,ERR,ERR,ERR,ERR,ERR,ERR,ERR,ERR,ERR,ERR,ERR,ERR,ERR,ERR,ERR,ERR,ERR,ERR,ERR,ERR,ERR,ERR,ERR,ERR,ERR,ERR,ERR,ERR,ERR,ERR,ERR,ERR,ERR,ERR,ERR,ERR,ERR,ERR,ERR,ERR,ERR,ERR,ERR,ERR,ERR,ERR,ERR,ERR,ERR,ERR,ERR,ERR,ERR,ERR,ERR,ERR,ERR,ERR,ERR,ERR,ERR,ERR,ERR,-0.0,0.0,3.039990997430017e+23,0.0,0.0,0.0,0.0,nan,0,0,0,32768,0,0.0,0,0.0,0.0,0.0,0.0,0.0,0,0,0,0,0.0,0,0,0,0,0,0,0,0,0,0,0,0,0,0,0,0,0,0,0,0,0,0,0,0,0,0,0,0,0,0,0,0,0,0,0,0,0,0,0,0,0,0,0,0,0.0,0.0,0.0,0.0,0.0,0.0,0.0,0.0,0.0,0.0,0.0,0.0,0.0,0.0,0.0,0.0,0.0,0.0,0.0,0.0,0.0,0.0,2.004,0.0,-0.0,0.0,0.0,0.0,0.0,0.0,3403.0,-1.5879157526988056e+29,0.0,-0.0,0.0,2.7184274988523002e+23,0.0,0.0,0.0,0.0,0.0,0,3.222024165466893e+26,4.0668294794981616e+29,0.0,0.0,0.0,0.0,0.0,0.0,0.0,0,0,0,0.0,0.0,0.0,0.0,0.0,0.0,0.0,0.0,0.0,0.0,0.0,0.0,0.0,0.0,0.0,0.0,0,-107875648.0,0,0.0,0,-107875648.0,-0.0,0,13107,17040,39322,17054,13107,17038,0,0,0,110,100,100,-0.0,64.0,0.0,64.5,0.0,69.0,1,49,50,180,13107,0,0,0,0.0,0.0,0.0,0.0,-0.0,65.0,0.0,-0.0,0.0,646,0,691,0,0,0,721,0,793,0,711,0,690,0,645,0,643,0,613,0.032,55574528.0,2.004,0.0,61840,16787,-0.0,-0.0,47424.633,30500855808.0,0.0,-1.7716286746501262e+37,29.0,60.0,70,0.0,0.0,0.0,0.0,0.0,0.0,0.0,0.0,0.0,0.0,0.0,0.0,0.0,0.0,0.0,0.0,59.2,69,11,65508,41,65476,0,300,0,0,8,20529,65476,0,0,61604,60.0,0.0,0.0,0.0,0.0,0.0
2026-04-04T11:00:08,ERR,ERR,ERR,ERR,ERR,ERR,ERR,ERR,ERR,ERR,ERR,ERR,ERR,ERR,ERR,ERR,ERR,ERR,ERR,ERR,ERR,ERR,ERR,ERR,ERR,ERR,ERR,ERR,ERR,ERR,ERR,ERR,ERR,ERR,ERR,ERR,ERR,ERR,ERR,ERR,ERR,ERR,ERR,ERR,ERR,ERR,ERR,ERR,ERR,ERR,ERR,ERR,ERR,ERR,ERR,ERR,ERR,ERR,ERR,ERR,ERR,ERR,ERR,ERR,ERR,ERR,ERR,ERR,ERR,ERR,ERR,ERR,ERR,ERR,ERR,ERR,ERR,ERR,ERR,ERR,ERR,ERR,ERR,ERR,ERR,ERR,ERR,ERR,ERR,ERR,ERR,ERR,ERR,ERR,ERR,ERR,ERR,ERR,ERR,ERR,ERR,ERR,ERR,ERR,ERR,ERR,ERR,ERR,ERR,ERR,ERR,ERR,ERR,ERR,ERR,ERR,ERR,ERR,ERR,ERR,ERR,ERR,ERR,ERR,ERR,-0.0,0.0,3.039990997430017e+23,0.0,0.0,0.0,0.0,nan,0,0,0,32768,0,0.0,0,0.0,0.0,0.0,0.0,0.0,0,0,0,0,0.0,0,0,0,0,0,0,0,0,0,0,0,0,0,0,0,0,0,0,0,0,0,0,0,0,0,0,0,0,0,0,0,0,0,0,0,0,0,0,0,0,0,0,0,0,0.0,0.0,0.0,0.0,0.0,0.0,0.0,0.0,0.0,0.0,0.0,0.0,0.0,0.0,0.0,0.0,0.0,0.0,0.0,0.0,0.0,0.0,2.004,0.0,-0.0,0.0,0.0,0.0,0.0,0.0,3403.0,-1.5879157526988056e+29,0.0,-0.0,0.0,2.7184274988523002e+23,0.0,0.0,0.0,0.0,0.0,0,3.222024165466893e+26,4.0668294794981616e+29,0.0,0.0,0.0,0.0,0.0,0.0,0.0,0,0,0,0.0,0.0,0.0,0.0,0.0,0.0,0.0,0.0,0.0,0.0,0.0,0.0,0.0,0.0,0.0,0.0,0,-107875648.0,0,0.0,0,-107875648.0,-0.0,0,13107,17040,39322,17054,13107,17038,0,0,0,110,100,100,-0.0,64.0,0.0,64.5,0.0,69.0,1,49,50,180,13107,0,0,0,0.0,0.0,0.0,0.0,-0.0,65.0,0.0,-0.0,0.0,646,0,691,0,0,0,721,0,793,0,711,0,690,0,645,0,643,0,613,0.032,55574528.0,2.004,0.0,61840,16787,-0.0,-0.0,47424.633,30500855808.0,0.0,-1.7716286746501262e+37,29.0,60.0,70,0.0,0.0,0.0,0.0,0.0,0.0,0.0,0.0,0.0,0.0,0.0,0.0,0.0,0.0,0.0,0.0,59.2,69,11,65508,41,65476,0,300,0,0,8,20529,65476,0,0,61604,60.0,0.0,0.0,0.0,0.0,0.0
2026-04-04T11:00:09,ERR,ERR,ERR,ERR,ERR,ERR,ERR,ERR,ERR,ERR,ERR,ERR,ERR,ERR,ERR,ERR,ERR,ERR,ERR,ERR,ERR,ERR,ERR,ERR,ERR,ERR,ERR,ERR,ERR,ERR,ERR,ERR,ERR,ERR,ERR,ERR,ERR,ERR,ERR,ERR,ERR,ERR,ERR,ERR,ERR,ERR,ERR,ERR,ERR,ERR,ERR,ERR,ERR,ERR,ERR,ERR,ERR,ERR,ERR,ERR,ERR,ERR,ERR,ERR,ERR,ERR,ERR,ERR,ERR,ERR,ERR,ERR,ERR,ERR,ERR,ERR,ERR,ERR,ERR,ERR,ERR,ERR,ERR,ERR,ERR,ERR,ERR,ERR,ERR,ERR,ERR,ERR,ERR,ERR,ERR,ERR,ERR,ERR,ERR,ERR,ERR,ERR,ERR,ERR,ERR,ERR,ERR,ERR,ERR,ERR,ERR,ERR,ERR,ERR,ERR,ERR,ERR,ERR,ERR,ERR,ERR,ERR,ERR,ERR,ERR,-0.0,0.0,3.039990997430017e+23,0.0,0.0,0.0,0.0,nan,0,0,0,32768,0,0.0,0,0.0,0.0,0.0,0.0,0.0,0,0,0,0,0.0,0,0,0,0,0,0,0,0,0,0,0,0,0,0,0,0,0,0,0,0,0,0,0,0,0,0,0,0,0,0,0,0,0,0,0,0,0,0,0,0,0,0,0,0,0.0,0.0,0.0,0.0,0.0,0.0,0.0,0.0,0.0,0.0,0.0,0.0,0.0,0.0,0.0,0.0,0.0,0.0,0.0,0.0,0.0,0.0,2.004,0.0,-0.0,0.0,0.0,0.0,0.0,0.0,3403.0,-1.5879157526988056e+29,0.0,-0.0,0.0,2.7184274988523002e+23,0.0,0.0,0.0,0.0,0.0,0,3.222024165466893e+26,4.0668294794981616e+29,0.0,0.0,0.0,0.0,0.0,0.0,0.0,0,0,0,0.0,0.0,0.0,0.0,0.0,0.0,0.0,0.0,0.0,0.0,0.0,0.0,0.0,0.0,0.0,0.0,0,-107875648.0,0,0.0,0,-107875648.0,-0.0,0,13107,17040,39322,17054,13107,17038,0,0,0,110,100,100,-0.0,64.0,0.0,64.5,0.0,69.0,1,49,50,180,13107,0,0,0,0.0,0.0,0.0,0.0,-0.0,65.0,0.0,-0.0,0.0,646,0,691,0,0,0,721,0,793,0,711,0,690,0,645,0,643,0,613,0.032,55574528.0,2.004,0.0,61840,16787,-0.0,-0.0,47424.633,30500855808.0,0.0,-1.7716286746501262e+37,29.0,60.0,70,0.0,0.0,0.0,0.0,0.0,0.0,0.0,0.0,0.0,0.0,0.0,0.0,0.0,0.0,0.0,0.0,59.2,69,11,65508,41,65476,0,300,0,0,8,20529,65476,0,0,61604,60.0,0.0,0.0,0.0,0.0,0.0
2026-04-04T11:00:10,ERR,ERR,ERR,ERR,ERR,ERR,ERR,ERR,ERR,ERR,ERR,ERR,ERR,ERR,ERR,ERR,ERR,ERR,ERR,ERR,ERR,ERR,ERR,ERR,ERR,ERR,ERR,ERR,ERR,ERR,ERR,ERR,ERR,ERR,ERR,ERR,ERR,ERR,ERR,ERR,ERR,ERR,ERR,ERR,ERR,ERR,ERR,ERR,ERR,ERR,ERR,ERR,ERR,ERR,ERR,ERR,ERR,ERR,ERR,ERR,ERR,ERR,ERR,ERR,ERR,ERR,ERR,ERR,ERR,ERR,ERR,ERR,ERR,ERR,ERR,ERR,ERR,ERR,ERR,ERR,ERR,ERR,ERR,ERR,ERR,ERR,ERR,ERR,ERR,ERR,ERR,ERR,ERR,ERR,ERR,ERR,ERR,ERR,ERR,ERR,ERR,ERR,ERR,ERR,ERR,ERR,ERR,ERR,ERR,ERR,ERR,ERR,ERR,ERR,ERR,ERR,ERR,ERR,ERR,ERR,ERR,ERR,ERR,ERR,ERR,-0.0,0.0,3.039990997430017e+23,0.0,0.0,0.0,0.0,nan,0,0,0,32768,0,0.0,0,0.0,0.0,0.0,0.0,0.0,0,0,0,0,0.0,0,0,0,0,0,0,0,0,0,0,0,0,0,0,0,0,0,0,0,0,0,0,0,0,0,0,0,0,0,0,0,0,0,0,0,0,0,0,0,0,0,0,0,0,0.0,0.0,0.0,0.0,0.0,0.0,0.0,0.0,0.0,0.0,0.0,0.0,0.0,0.0,0.0,0.0,0.0,0.0,0.0,0.0,0.0,0.0,2.004,0.0,-0.0,0.0,0.0,0.0,0.0,0.0,3403.0,-1.5879157526988056e+29,0.0,-0.0,0.0,2.7184274988523002e+23,0.0,0.0,0.0,0.0,0.0,0,3.222024165466893e+26,4.0668294794981616e+29,0.0,0.0,0.0,0.0,0.0,0.0,0.0,0,0,0,0.0,0.0,0.0,0.0,0.0,0.0,0.0,0.0,0.0,0.0,0.0,0.0,0.0,0.0,0.0,0.0,0,-107875648.0,0,0.0,0,-107875648.0,-0.0,0,13107,17040,39322,17054,13107,17038,0,0,0,110,100,100,-0.0,64.0,0.0,64.5,0.0,69.0,1,49,50,180,13107,0,0,0,0.0,0.0,0.0,0.0,-0.0,65.0,0.0,-0.0,0.0,646,0,691,0,0,0,721,0,793,0,711,0,690,0,645,0,643,0,613,0.032,55574528.0,2.004,0.0,61840,16787,-0.0,-0.0,47424.633,30500855808.0,0.0,-1.7716286746501262e+37,29.0,60.0,70,0.0,0.0,0.0,0.0,0.0,0.0,0.0,0.0,0.0,0.0,0.0,0.0,0.0,0.0,0.0,0.0,59.2,69,11,65508,41,65476,0,300,0,0,8,20529,65476,0,0,61604,60.0,0.0,0.0,0.0,0.0,0.0
2026-04-04T11:00:11,ERR,ERR,ERR,ERR,ERR,ERR,ERR,ERR,ERR,ERR,ERR,ERR,ERR,ERR,ERR,ERR,ERR,ERR,ERR,ERR,ERR,ERR,ERR,ERR,ERR,ERR,ERR,ERR,ERR,ERR,ERR,ERR,ERR,ERR,ERR,ERR,ERR,ERR,ERR,ERR,ERR,ERR,ERR,ERR,ERR,ERR,ERR,ERR,ERR,ERR,ERR,ERR,ERR,ERR,ERR,ERR,ERR,ERR,ERR,ERR,ERR,ERR,ERR,ERR,ERR,ERR,ERR,ERR,ERR,ERR,ERR,ERR,ERR,ERR,ERR,ERR,ERR,ERR,ERR,ERR,ERR,ERR,ERR,ERR,ERR,ERR,ERR,ERR,ERR,ERR,ERR,ERR,ERR,ERR,ERR,ERR,ERR,ERR,ERR,ERR,ERR,ERR,ERR,ERR,ERR,ERR,ERR,ERR,ERR,ERR,ERR,ERR,ERR,ERR,ERR,ERR,ERR,ERR,ERR,ERR,ERR,ERR,ERR,ERR,ERR,-0.0,0.0,3.039990997430017e+23,0.0,0.0,0.0,0.0,nan,0,0,0,32768,0,0.0,0,0.0,0.0,0.0,0.0,0.0,0,0,0,0,0.0,0,0,0,0,0,0,0,0,0,0,0,0,0,0,0,0,0,0,0,0,0,0,0,0,0,0,0,0,0,0,0,0,0,0,0,0,0,0,0,0,0,0,0,0,0.0,0.0,0.0,0.0,0.0,0.0,0.0,0.0,0.0,0.0,0.0,0.0,0.0,0.0,0.0,0.0,0.0,0.0,0.0,0.0,0.0,0.0,2.004,0.0,-0.0,0.0,0.0,0.0,0.0,0.0,3403.0,-1.5879157526988056e+29,0.0,-0.0,0.0,2.7184274988523002e+23,0.0,0.0,0.0,0.0,0.0,0,3.222024165466893e+26,4.0668294794981616e+29,0.0,0.0,0.0,0.0,0.0,0.0,0.0,0,0,0,0.0,0.0,0.0,0.0,0.0,0.0,0.0,0.0,0.0,0.0,0.0,0.0,0.0,0.0,0.0,0.0,0,-107875648.0,0,0.0,0,-107875648.0,-0.0,0,13107,17040,39322,17054,13107,17038,0,0,0,110,100,100,-0.0,64.0,0.0,64.5,0.0,69.0,1,49,50,180,13107,0,0,0,0.0,0.0,0.0,0.0,-0.0,65.0,0.0,-0.0,0.0,646,0,691,0,0,0,721,0,793,0,711,0,690,0,645,0,643,0,613,0.032,55574528.0,2.004,0.0,61840,16787,-0.0,-0.0,47424.633,30500855808.0,0.0,-1.7716286746501262e+37,29.0,60.0,70,0.0,0.0,0.0,0.0,0.0,0.0,0.0,0.0,0.0,0.0,0.0,0.0,0.0,0.0,0.0,0.0,59.2,69,11,65508,41,65476,0,300,0,0,8,20529,65476,0,0,61604,60.0,0.0,0.0,0.0,0.0,0.0
2026-04-04T11:00:12,ERR,ERR,ERR,ERR,ERR,ERR,ERR,ERR,ERR,ERR,ERR,ERR,ERR,ERR,ERR,ERR,ERR,ERR,ERR,ERR,ERR,ERR,ERR,ERR,ERR,ERR,ERR,ERR,ERR,ERR,ERR,ERR,ERR,ERR,ERR,ERR,ERR,ERR,ERR,ERR,ERR,ERR,ERR,ERR,ERR,ERR,ERR,ERR,ERR,ERR,ERR,ERR,ERR,ERR,ERR,ERR,ERR,ERR,ERR,ERR,ERR,ERR,ERR,ERR,ERR,ERR,ERR,ERR,ERR,ERR,ERR,ERR,ERR,ERR,ERR,ERR,ERR,ERR,ERR,ERR,ERR,ERR,ERR,ERR,ERR,ERR,ERR,ERR,ERR,ERR,ERR,ERR,ERR,ERR,ERR,ERR,ERR,ERR,ERR,ERR,ERR,ERR,ERR,ERR,ERR,ERR,ERR,ERR,ERR,ERR,ERR,ERR,ERR,ERR,ERR,ERR,ERR,ERR,ERR,ERR,ERR,ERR,ERR,ERR,ERR,-0.0,0.0,3.039990997430017e+23,0.0,0.0,0.0,0.0,nan,0,0,0,32768,0,0.0,0,0.0,0.0,0.0,0.0,0.0,0,0,0,0,0.0,0,0,0,0,0,0,0,0,0,0,0,0,0,0,0,0,0,0,0,0,0,0,0,0,0,0,0,0,0,0,0,0,0,0,0,0,0,0,0,0,0,0,0,0,0.0,0.0,0.0,0.0,0.0,0.0,0.0,0.0,0.0,0.0,0.0,0.0,0.0,0.0,0.0,0.0,0.0,0.0,0.0,0.0,0.0,0.0,2.004,0.0,-0.0,0.0,0.0,0.0,0.0,0.0,3403.0,-1.5879157526988056e+29,0.0,-0.0,0.0,2.7184274988523002e+23,0.0,0.0,0.0,0.0,0.0,0,3.222024165466893e+26,4.0668294794981616e+29,0.0,0.0,0.0,0.0,0.0,0.0,0.0,0,0,0,0.0,0.0,0.0,0.0,0.0,0.0,0.0,0.0,0.0,0.0,0.0,0.0,0.0,0.0,0.0,0.0,0,-107875648.0,0,0.0,0,-107875648.0,-0.0,0,13107,17040,39322,17054,13107,17038,0,0,0,110,100,100,-0.0,64.0,0.0,64.5,0.0,69.0,1,49,50,180,13107,0,0,0,0.0,0.0,0.0,0.0,-0.0,65.0,0.0,-0.0,0.0,646,0,691,0,0,0,721,0,793,0,711,0,690,0,645,0,643,0,613,0.032,55574528.0,2.004,0.0,61840,16787,-0.0,-0.0,47424.633,30500855808.0,0.0,-1.7716286746501262e+37,29.0,60.0,70,0.0,0.0,0.0,0.0,0.0,0.0,0.0,0.0,0.0,0.0,0.0,0.0,0.0,0.0,0.0,0.0,59.2,69,11,65508,41,65476,0,300,0,0,8,20529,65476,0,0,61604,60.0,0.0,0.0,0.0,0.0,0.0
2026-04-04T11:00:13,ERR,ERR,ERR,ERR,ERR,ERR,ERR,ERR,ERR,ERR,ERR,ERR,ERR,ERR,ERR,ERR,ERR,ERR,ERR,ERR,ERR,ERR,ERR,ERR,ERR,ERR,ERR,ERR,ERR,ERR,ERR,ERR,ERR,ERR,ERR,ERR,ERR,ERR,ERR,ERR,ERR,ERR,ERR,ERR,ERR,ERR,ERR,ERR,ERR,ERR,ERR,ERR,ERR,ERR,ERR,ERR,ERR,ERR,ERR,ERR,ERR,ERR,ERR,ERR,ERR,ERR,ERR,ERR,ERR,ERR,ERR,ERR,ERR,ERR,ERR,ERR,ERR,ERR,ERR,ERR,ERR,ERR,ERR,ERR,ERR,ERR,ERR,ERR,ERR,ERR,ERR,ERR,ERR,ERR,ERR,ERR,ERR,ERR,ERR,ERR,ERR,ERR,ERR,ERR,ERR,ERR,ERR,ERR,ERR,ERR,ERR,ERR,ERR,ERR,ERR,ERR,ERR,ERR,ERR,ERR,ERR,ERR,ERR,ERR,ERR,-0.0,0.0,3.039990997430017e+23,0.0,0.0,0.0,0.0,nan,0,0,0,32768,0,0.0,0,0.0,0.0,0.0,0.0,0.0,0,0,0,0,0.0,0,0,0,0,0,0,0,0,0,0,0,0,0,0,0,0,0,0,0,0,0,0,0,0,0,0,0,0,0,0,0,0,0,0,0,0,0,0,0,0,0,0,0,0,0.0,0.0,0.0,0.0,0.0,0.0,0.0,0.0,0.0,0.0,0.0,0.0,0.0,0.0,0.0,0.0,0.0,0.0,0.0,0.0,0.0,0.0,2.004,0.0,-0.0,0.0,0.0,0.0,0.0,0.0,3403.0,-1.5879157526988056e+29,0.0,-0.0,0.0,2.7184274988523002e+23,0.0,0.0,0.0,0.0,0.0,0,3.222024165466893e+26,4.0668294794981616e+29,0.0,0.0,0.0,0.0,0.0,0.0,0.0,0,0,0,0.0,0.0,0.0,0.0,0.0,0.0,0.0,0.0,0.0,0.0,0.0,0.0,0.0,0.0,0.0,0.0,0,-107875648.0,0,0.0,0,-107875648.0,-0.0,0,13107,17040,39322,17054,13107,17038,0,0,0,110,100,100,-0.0,64.0,0.0,64.5,0.0,69.0,1,49,50,180,13107,0,0,0,0.0,0.0,0.0,0.0,-0.0,65.0,0.0,-498.516,0.0,646,0,691,0,0,0,721,0,793,0,711,0,690,0,645,0,643,0,614,0.032,47972352.0,-0.0,-0.0,52112,16787,-0.0,-649.031,-0.0,-112767.555,0.026,6.32,29.0,60.0,70,0.0,0.0,0.0,0.0,0.0,0.0,0.0,0.0,0.0,0.0,0.0,0.0,0.0,0.0,0.0,0.0,59.2,69,11,65508,41,65476,0,300,0,0,8,20529,65476,0,0,61604,60.0,0.0,0.0,0.0,0.0,0.0
2026-04-04T11:00:14,ERR,ERR,ERR,ERR,ERR,ERR,ERR,ERR,ERR,ERR,ERR,ERR,ERR,ERR,ERR,ERR,ERR,ERR,ERR,ERR,ERR,ERR,ERR,ERR,ERR,ERR,ERR,ERR,ERR,ERR,ERR,ERR,ERR,ERR,ERR,ERR,ERR,ERR,ERR,ERR,ERR,ERR,ERR,ERR,ERR,ERR,ERR,ERR,ERR,ERR,ERR,ERR,ERR,ERR,ERR,ERR,ERR,ERR,ERR,ERR,ERR,ERR,ERR,ERR,ERR,ERR,ERR,ERR,ERR,ERR,ERR,ERR,ERR,ERR,ERR,ERR,ERR,ERR,ERR,ERR,ERR,ERR,ERR,ERR,ERR,ERR,ERR,ERR,ERR,ERR,ERR,ERR,ERR,ERR,ERR,ERR,ERR,ERR,ERR,ERR,ERR,ERR,ERR,ERR,ERR,ERR,ERR,ERR,ERR,ERR,ERR,ERR,ERR,ERR,ERR,ERR,ERR,ERR,ERR,ERR,ERR,ERR,ERR,ERR,ERR,-0.0,0.0,3.039990997430017e+23,0.0,0.0,0.0,0.0,nan,0,0,0,32768,0,0.0,0,0.0,0.0,0.0,0.0,0.0,0,0,0,0,0.0,0,0,0,0,0,0,0,0,0,0,0,0,0,0,0,0,0,0,0,0,0,0,0,0,0,0,0,0,0,0,0,0,0,0,0,0,0,0,0,0,0,0,0,0,0.0,0.0,0.0,0.0,0.0,0.0,0.0,0.0,0.0,0.0,0.0,0.0,0.0,0.0,0.0,0.0,0.0,0.0,0.0,0.0,0.0,0.0,2.004,0.0,-0.0,0.0,0.0,0.0,0.0,0.0,3402.0,-3.697154467689818e+19,0.0,-0.0,0.0,2.7184274988523002e+23,0.0,0.0,0.0,0.0,0.0,0,1.9056958870913024e+17,0.0,0.0,0.0,0.0,0.0,0.0,0.0,0.0,0,0,0,0.0,0.0,0.0,0.0,0.0,0.0,0.0,0.0,0.0,0.0,0.0,0.0,0.0,0.0,0.0,0.0,0,-107875648.0,0,0.0,0,-107875648.0,-0.0,0,13107,17040,39322,17054,13107,17038,0,0,0,110,100,100,-0.0,64.0,0.0,64.5,0.0,69.0,1,49,50,180,13107,0,0,0,0.0,0.0,0.0,0.0,-0.0,65.0,0.0,-498.516,0.0,646,0,691,0,0,0,721,0,793,0,711,0,690,0,645,0,643,0,614,0.032,47972352.0,-0.0,-0.0,52112,16787,-0.0,-649.031,-0.0,-112767.555,0.026,6.32,29.0,60.0,70,0.0,0.0,0.0,0.0,0.0,0.0,0.0,0.0,0.0,0.0,0.0,0.0,0.0,0.0,0.0,0.0,59.2,69,11,65508,41,65476,0,300,0,0,8,20529,65476,0,0,61604,60.0,0.0,0.0,0.0,0.0,0.0
2026-04-04T11:00:15,ERR,ERR,ERR,ERR,ERR,ERR,ERR,ERR,ERR,ERR,ERR,ERR,ERR,ERR,ERR,ERR,ERR,ERR,ERR,ERR,ERR,ERR,ERR,ERR,ERR,ERR,ERR,ERR,ERR,ERR,ERR,ERR,ERR,ERR,ERR,ERR,ERR,ERR,ERR,ERR,ERR,ERR,ERR,ERR,ERR,ERR,ERR,ERR,ERR,ERR,ERR,ERR,ERR,ERR,ERR,ERR,ERR,ERR,ERR,ERR,ERR,ERR,ERR,ERR,ERR,ERR,ERR,ERR,ERR,ERR,ERR,ERR,ERR,ERR,ERR,ERR,ERR,ERR,ERR,ERR,ERR,ERR,ERR,ERR,ERR,ERR,ERR,ERR,ERR,ERR,ERR,ERR,ERR,ERR,ERR,ERR,ERR,ERR,ERR,ERR,ERR,ERR,ERR,ERR,ERR,ERR,ERR,ERR,ERR,ERR,ERR,ERR,ERR,ERR,ERR,ERR,ERR,ERR,ERR,ERR,ERR,ERR,ERR,ERR,ERR,-0.0,0.0,3.039990997430017e+23,0.0,0.0,0.0,0.0,nan,0,0,0,32768,0,0.0,0,0.0,0.0,0.0,0.0,0.0,0,0,0,0,0.0,0,0,0,0,0,0,0,0,0,0,0,0,0,0,0,0,0,0,0,0,0,0,0,0,0,0,0,0,0,0,0,0,0,0,0,0,0,0,0,0,0,0,0,0,0.0,0.0,0.0,0.0,0.0,0.0,0.0,0.0,0.0,0.0,0.0,0.0,0.0,0.0,0.0,0.0,0.0,0.0,0.0,0.0,0.0,0.0,2.004,0.0,-0.0,0.0,0.0,0.0,0.0,0.0,3402.0,-3.697154467689818e+19,0.0,-0.0,0.0,2.7184274988523002e+23,0.0,0.0,0.0,0.0,0.0,0,1.9056958870913024e+17,0.0,0.0,0.0,0.0,0.0,0.0,0.0,0.0,0,0,0,0.0,0.0,0.0,0.0,0.0,0.0,0.0,0.0,0.0,0.0,0.0,0.0,0.0,0.0,0.0,0.0,0,-107875648.0,0,0.0,0,-107875648.0,-0.0,0,13107,17040,39322,17054,13107,17038,0,0,0,110,100,100,-0.0,64.0,0.0,64.5,0.0,69.0,1,49,50,180,13107,0,0,0,0.0,0.0,0.0,0.0,-0.0,65.0,0.0,-498.516,0.0,646,0,691,0,0,0,721,0,793,0,711,0,690,0,645,0,643,0,614,0.032,47972352.0,-0.0,-0.0,52112,16787,-0.0,-649.031,-0.0,-112767.555,0.026,6.32,29.0,60.0,70,0.0,0.0,0.0,0.0,0.0,0.0,0.0,0.0,0.0,0.0,0.0,0.0,0.0,0.0,0.0,0.0,59.2,69,11,65508,41,65476,0,300,0,0,8,20529,65476,0,0,61604,60.0,0.0,0.0,0.0,0.0,0.0
2026-04-04T11:00:16,ERR,ERR,ERR,ERR,ERR,ERR,ERR,ERR,ERR,ERR,ERR,ERR,ERR,ERR,ERR,ERR,ERR,ERR,ERR,ERR,ERR,ERR,ERR,ERR,ERR,ERR,ERR,ERR,ERR,ERR,ERR,ERR,ERR,ERR,ERR,ERR,ERR,ERR,ERR,ERR,ERR,ERR,ERR,ERR,ERR,ERR,ERR,ERR,ERR,ERR,ERR,ERR,ERR,ERR,ERR,ERR,ERR,ERR,ERR,ERR,ERR,ERR,ERR,ERR,ERR,ERR,ERR,ERR,ERR,ERR,ERR,ERR,ERR,ERR,ERR,ERR,ERR,ERR,ERR,ERR,ERR,ERR,ERR,ERR,ERR,ERR,ERR,ERR,ERR,ERR,ERR,ERR,ERR,ERR,ERR,ERR,ERR,ERR,ERR,ERR,ERR,ERR,ERR,ERR,ERR,ERR,ERR,ERR,ERR,ERR,ERR,ERR,ERR,ERR,ERR,ERR,ERR,ERR,ERR,ERR,ERR,ERR,ERR,ERR,ERR,-0.0,0.0,3.039990997430017e+23,0.0,0.0,0.0,0.0,nan,0,0,0,32768,0,0.0,0,0.0,0.0,0.0,0.0,0.0,0,0,0,0,0.0,0,0,0,0,0,0,0,0,0,0,0,0,0,0,0,0,0,0,0,0,0,0,0,0,0,0,0,0,0,0,0,0,0,0,0,0,0,0,0,0,0,0,0,0,0.0,0.0,0.0,0.0,0.0,0.0,0.0,0.0,0.0,0.0,0.0,0.0,0.0,0.0,0.0,0.0,0.0,0.0,0.0,0.0,0.0,0.0,2.004,0.0,-0.0,0.0,0.0,0.0,0.0,0.0,3402.0,-3.697154467689818e+19,0.0,-0.0,0.0,2.7184274988523002e+23,0.0,0.0,0.0,0.0,0.0,0,1.9056958870913024e+17,0.0,0.0,0.0,0.0,0.0,0.0,0.0,0.0,0,0,0,0.0,0.0,0.0,0.0,0.0,0.0,0.0,0.0,0.0,0.0,0.0,0.0,0.0,0.0,0.0,0.0,0,-107875648.0,0,0.0,0,-107875648.0,-0.0,0,13107,17040,39322,17054,13107,17038,0,0,0,110,100,100,-0.0,64.0,0.0,64.5,0.0,69.0,1,49,50,180,13107,0,0,0,0.0,0.0,0.0,0.0,-0.0,65.0,0.0,-498.516,0.0,646,0,691,0,0,0,721,0,793,0,711,0,690,0,645,0,643,0,614,0.032,47972352.0,-0.0,-0.0,52112,16787,-0.0,-649.031,-0.0,-112767.555,0.026,6.32,29.0,60.0,70,0.0,0.0,0.0,0.0,0.0,0.0,0.0,0.0,0.0,0.0,0.0,0.0,0.0,0.0,0.0,0.0,59.2,69,11,65508,41,65476,0,300,0,0,8,20529,65476,0,0,61604,60.0,0.0,0.0,0.0,0.0,0.0
2026-04-04T11:00:17,ERR,ERR,ERR,ERR,ERR,ERR,ERR,ERR,ERR,ERR,ERR,ERR,ERR,ERR,ERR,ERR,ERR,ERR,ERR,ERR,ERR,ERR,ERR,ERR,ERR,ERR,ERR,ERR,ERR,ERR,ERR,ERR,ERR,ERR,ERR,ERR,ERR,ERR,ERR,ERR,ERR,ERR,ERR,ERR,ERR,ERR,ERR,ERR,ERR,ERR,ERR,ERR,ERR,ERR,ERR,ERR,ERR,ERR,ERR,ERR,ERR,ERR,ERR,ERR,ERR,ERR,ERR,ERR,ERR,ERR,ERR,ERR,ERR,ERR,ERR,ERR,ERR,ERR,ERR,ERR,ERR,ERR,ERR,ERR,ERR,ERR,ERR,ERR,ERR,ERR,ERR,ERR,ERR,ERR,ERR,ERR,ERR,ERR,ERR,ERR,ERR,ERR,ERR,ERR,ERR,ERR,ERR,ERR,ERR,ERR,ERR,ERR,ERR,ERR,ERR,ERR,ERR,ERR,ERR,ERR,ERR,ERR,ERR,ERR,ERR,-0.0,0.0,3.039990997430017e+23,0.0,0.0,0.0,0.0,nan,0,0,0,32768,0,0.0,0,0.0,0.0,0.0,0.0,0.0,0,0,0,0,0.0,0,0,0,0,0,0,0,0,0,0,0,0,0,0,0,0,0,0,0,0,0,0,0,0,0,0,0,0,0,0,0,0,0,0,0,0,0,0,0,0,0,0,0,0,0.0,0.0,0.0,0.0,0.0,0.0,0.0,0.0,0.0,0.0,0.0,0.0,0.0,0.0,0.0,0.0,0.0,0.0,0.0,0.0,0.0,0.0,2.004,0.0,-0.0,0.0,0.0,0.0,0.0,0.0,3402.0,-3.697154467689818e+19,0.0,-0.0,0.0,2.7184274988523002e+23,0.0,0.0,0.0,0.0,0.0,0,1.9056958870913024e+17,0.0,0.0,0.0,0.0,0.0,0.0,0.0,0.0,0,0,0,0.0,0.0,0.0,0.0,0.0,0.0,0.0,0.0,0.0,0.0,0.0,0.0,0.0,0.0,0.0,0.0,0,-107875648.0,0,0.0,0,-107875648.0,-0.0,0,13107,17040,39322,17054,13107,17038,0,0,0,110,100,100,-0.0,64.0,0.0,64.5,0.0,69.0,1,49,50,180,13107,0,0,0,0.0,0.0,0.0,0.0,-0.0,65.0,0.0,-498.516,0.0,646,0,691,0,0,0,721,0,793,0,711,0,690,0,645,0,643,0,614,0.032,47972352.0,-0.0,-0.0,52112,16787,-0.0,-649.031,-0.0,-112767.555,0.026,6.32,29.0,60.0,70,0.0,0.0,0.0,0.0,0.0,0.0,0.0,0.0,0.0,0.0,0.0,0.0,0.0,0.0,0.0,0.0,59.2,69,11,65508,41,65476,0,300,0,0,8,20529,65476,0,0,61604,60.0,0.0,0.0,0.0,0.0,0.0
2026-04-04T11:00:18,ERR,ERR,ERR,ERR,ERR,ERR,ERR,ERR,ERR,ERR,ERR,ERR,ERR,ERR,ERR,ERR,ERR,ERR,ERR,ERR,ERR,ERR,ERR,ERR,ERR,ERR,ERR,ERR,ERR,ERR,ERR,ERR,ERR,ERR,ERR,ERR,ERR,ERR,ERR,ERR,ERR,ERR,ERR,ERR,ERR,ERR,ERR,ERR,ERR,ERR,ERR,ERR,ERR,ERR,ERR,ERR,ERR,ERR,ERR,ERR,ERR,ERR,ERR,ERR,ERR,ERR,ERR,ERR,ERR,ERR,ERR,ERR,ERR,ERR,ERR,ERR,ERR,ERR,ERR,ERR,ERR,ERR,ERR,ERR,ERR,ERR,ERR,ERR,ERR,ERR,ERR,ERR,ERR,ERR,ERR,ERR,ERR,ERR,ERR,ERR,ERR,ERR,ERR,ERR,ERR,ERR,ERR,ERR,ERR,ERR,ERR,ERR,ERR,ERR,ERR,ERR,ERR,ERR,ERR,ERR,ERR,ERR,ERR,ERR,ERR,-0.0,0.0,3.039990997430017e+23,0.0,0.0,0.0,0.0,nan,0,0,0,32768,0,0.0,0,0.0,0.0,0.0,0.0,0.0,0,0,0,0,0.0,0,0,0,0,0,0,0,0,0,0,0,0,0,0,0,0,0,0,0,0,0,0,0,0,0,0,0,0,0,0,0,0,0,0,0,0,0,0,0,0,0,0,0,0,0.0,0.0,0.0,0.0,0.0,0.0,0.0,0.0,0.0,0.0,0.0,0.0,0.0,0.0,0.0,0.0,0.0,0.0,0.0,0.0,0.0,0.0,2.004,0.0,-0.0,0.0,0.0,0.0,0.0,0.0,3402.0,-3.697154467689818e+19,0.0,-0.0,0.0,2.7184274988523002e+23,0.0,0.0,0.0,0.0,0.0,0,1.9056958870913024e+17,0.0,0.0,0.0,0.0,0.0,0.0,0.0,0.0,0,0,0,0.0,0.0,0.0,0.0,0.0,0.0,0.0,0.0,0.0,0.0,0.0,0.0,0.0,0.0,0.0,0.0,0,-107875648.0,0,0.0,0,-107875648.0,-0.0,0,13107,17040,39322,17054,13107,17038,0,0,0,110,100,100,-0.0,64.0,0.0,64.5,0.0,69.0,1,49,50,180,13107,0,0,0,0.0,0.0,0.0,0.0,3.808097593435878e+30,65.0,0.0,-9.190020323569509e+24,0.0,646,0,691,0,0,0,721,0,793,0,712,0,690,0,645,0,643,0,614,0.032,54001664.0,-0.0,-0.0,48784,16787,1.5009618912706413e+35,-9.190020323569509e+24,5.332133675603101e+31,0.0,0.0,0.0,29.0,60.0,70,0.0,0.0,0.0,0.0,0.0,0.0,0.0,0.0,0.0,0.0,0.0,0.0,0.0,0.0,0.0,0.0,59.2,69,11,65508,41,65476,0,300,0,0,8,20529,65476,0,0,61604,60.0,0.0,0.0,0.0,0.0,0.0
2026-04-04T11:00:19,ERR,ERR,ERR,ERR,ERR,ERR,ERR,ERR,ERR,ERR,ERR,ERR,ERR,ERR,ERR,ERR,ERR,ERR,ERR,ERR,ERR,ERR,ERR,ERR,ERR,ERR,ERR,ERR,ERR,ERR,ERR,ERR,ERR,ERR,ERR,ERR,ERR,ERR,ERR,ERR,ERR,ERR,ERR,ERR,ERR,ERR,ERR,ERR,ERR,ERR,ERR,ERR,ERR,ERR,ERR,ERR,ERR,ERR,ERR,ERR,ERR,ERR,ERR,ERR,ERR,ERR,ERR,ERR,ERR,ERR,ERR,ERR,ERR,ERR,ERR,ERR,ERR,ERR,ERR,ERR,ERR,ERR,ERR,ERR,ERR,ERR,ERR,ERR,ERR,ERR,ERR,ERR,ERR,ERR,ERR,ERR,ERR,ERR,ERR,ERR,ERR,ERR,ERR,ERR,ERR,ERR,ERR,ERR,ERR,ERR,ERR,ERR,ERR,ERR,ERR,ERR,ERR,ERR,ERR,ERR,ERR,ERR,ERR,ERR,ERR,-0.0,0.0,3.039990997430017e+23,0.0,0.0,0.0,0.0,nan,0,0,0,32768,0,0.0,0,0.0,0.0,0.0,0.0,0.0,0,0,0,0,0.0,0,0,0,0,0,0,0,0,0,0,0,0,0,0,0,0,0,0,0,0,0,0,0,0,0,0,0,0,0,0,0,0,0,0,0,0,0,0,0,0,0,0,0,0,0.0,0.0,0.0,0.0,0.0,0.0,0.0,0.0,0.0,0.0,0.0,0.0,0.0,0.0,0.0,0.0,0.0,0.0,0.0,0.0,0.0,0.0,2.004,0.0,-0.0,0.0,0.0,0.0,0.0,0.0,3402.0,-3.697154467689818e+19,0.0,-0.0,0.0,2.7184274988523002e+23,0.0,0.0,0.0,0.0,0.0,0,1.9056958870913024e+17,0.0,0.0,0.0,0.0,0.0,0.0,0.0,0.0,0,0,0,0.0,0.0,0.0,0.0,0.0,0.0,0.0,0.0,0.0,0.0,0.0,0.0,0.0,0.0,0.0,0.0,0,-107875648.0,0,0.0,0,-107875648.0,-0.0,0,13107,17040,39322,17054,13107,17038,0,0,0,110,100,100,-0.0,64.0,0.0,64.5,0.0,69.0,1,49,50,180,13107,0,0,0,0.0,0.0,0.0,0.0,3.808097593435878e+30,65.0,0.0,-9.190020323569509e+24,0.0,646,0,691,0,0,0,721,0,793,0,712,0,690,0,645,0,643,0,614,0.032,54001664.0,-0.0,-0.0,48784,16787,1.5009618912706413e+35,-9.190020323569509e+24,5.332133675603101e+31,0.0,0.0,0.0,29.0,60.0,70,0.0,0.0,0.0,0.0,0.0,0.0,0.0,0.0,0.0,0.0,0.0,0.0,0.0,0.0,0.0,0.0,59.2,69,11,65508,41,65476,0,300,0,0,8,20529,65476,0,0,61604,60.0,0.0,0.0,0.0,0.0,0.0
2026-04-04T11:00:20,ERR,ERR,ERR,ERR,ERR,ERR,ERR,ERR,ERR,ERR,ERR,ERR,ERR,ERR,ERR,ERR,ERR,ERR,ERR,ERR,ERR,ERR,ERR,ERR,ERR,ERR,ERR,ERR,ERR,ERR,ERR,ERR,ERR,ERR,ERR,ERR,ERR,ERR,ERR,ERR,ERR,ERR,ERR,ERR,ERR,ERR,ERR,ERR,ERR,ERR,ERR,ERR,ERR,ERR,ERR,ERR,ERR,ERR,ERR,ERR,ERR,ERR,ERR,ERR,ERR,ERR,ERR,ERR,ERR,ERR,ERR,ERR,ERR,ERR,ERR,ERR,ERR,ERR,ERR,ERR,ERR,ERR,ERR,ERR,ERR,ERR,ERR,ERR,ERR,ERR,ERR,ERR,ERR,ERR,ERR,ERR,ERR,ERR,ERR,ERR,ERR,ERR,ERR,ERR,ERR,ERR,ERR,ERR,ERR,ERR,ERR,ERR,ERR,ERR,ERR,ERR,ERR,ERR,ERR,ERR,ERR,ERR,ERR,ERR,ERR,-0.0,0.0,3.039990997430017e+23,0.0,0.0,0.0,0.0,nan,0,0,0,32768,0,0.0,0,0.0,0.0,0.0,0.0,0.0,0,0,0,0,0.0,0,0,0,0,0,0,0,0,0,0,0,0,0,0,0,0,0,0,0,0,0,0,0,0,0,0,0,0,0,0,0,0,0,0,0,0,0,0,0,0,0,0,0,0,0.0,0.0,0.0,0.0,0.0,0.0,0.0,0.0,0.0,0.0,0.0,0.0,0.0,0.0,0.0,0.0,0.0,0.0,0.0,0.0,0.0,0.0,2.004,0.0,-0.0,0.0,0.0,0.0,0.0,0.0,3402.0,-3.697154467689818e+19,0.0,-0.0,0.0,2.7184274988523002e+23,0.0,0.0,0.0,0.0,0.0,0,1.9056958870913024e+17,0.0,0.0,0.0,0.0,0.0,0.0,0.0,0.0,0,0,0,0.0,0.0,0.0,0.0,0.0,0.0,0.0,0.0,0.0,0.0,0.0,0.0,0.0,0.0,0.0,0.0,0,-107875648.0,0,0.0,0,-107875648.0,-0.0,0,13107,17040,39322,17054,13107,17038,0,0,0,110,100,100,-0.0,64.0,0.0,64.5,0.0,69.0,1,49,50,180,13107,0,0,0,0.0,0.0,0.0,0.0,3.808097593435878e+30,65.0,0.0,-9.190020323569509e+24,0.0,646,0,691,0,0,0,721,0,793,0,712,0,690,0,645,0,643,0,614,0.032,54001664.0,-0.0,-0.0,48784,16787,1.5009618912706413e+35,-9.190020323569509e+24,5.332133675603101e+31,0.0,0.0,0.0,29.0,60.0,70,0.0,0.0,0.0,0.0,0.0,0.0,0.0,0.0,0.0,0.0,0.0,0.0,0.0,0.0,0.0,0.0,59.6,69,11,65508,41,65476,0,300,0,0,8,20529,65476,0,0,61604,60.0,0.0,0.0,0.0,0.0,0.0
2026-04-04T11:00:21,ERR,ERR,ERR,ERR,ERR,ERR,ERR,ERR,ERR,ERR,ERR,ERR,ERR,ERR,ERR,ERR,ERR,ERR,ERR,ERR,ERR,ERR,ERR,ERR,ERR,ERR,ERR,ERR,ERR,ERR,ERR,ERR,ERR,ERR,ERR,ERR,ERR,ERR,ERR,ERR,ERR,ERR,ERR,ERR,ERR,ERR,ERR,ERR,ERR,ERR,ERR,ERR,ERR,ERR,ERR,ERR,ERR,ERR,ERR,ERR,ERR,ERR,ERR,ERR,ERR,ERR,ERR,ERR,ERR,ERR,ERR,ERR,ERR,ERR,ERR,ERR,ERR,ERR,ERR,ERR,ERR,ERR,ERR,ERR,ERR,ERR,ERR,ERR,ERR,ERR,ERR,ERR,ERR,ERR,ERR,ERR,ERR,ERR,ERR,ERR,ERR,ERR,ERR,ERR,ERR,ERR,ERR,ERR,ERR,ERR,ERR,ERR,ERR,ERR,ERR,ERR,ERR,ERR,ERR,ERR,ERR,ERR,ERR,ERR,ERR,-0.0,0.0,3.039990997430017e+23,0.0,0.0,0.0,0.0,nan,0,0,0,32768,0,0.0,0,0.0,0.0,0.0,0.0,0.0,0,0,0,0,0.0,0,0,0,0,0,0,0,0,0,0,0,0,0,0,0,0,0,0,0,0,0,0,0,0,0,0,0,0,0,0,0,0,0,0,0,0,0,0,0,0,0,0,0,0,0.0,0.0,0.0,0.0,0.0,0.0,0.0,0.0,0.0,0.0,0.0,0.0,0.0,0.0,0.0,0.0,0.0,0.0,0.0,0.0,0.0,0.0,2.004,0.0,-0.0,0.0,0.0,0.0,0.0,0.0,3418.5,0.0,0.0,-0.0,0.0,2.7184274988523002e+23,0.0,0.0,0.0,0.0,0.0,0,152018253512704.0,4.0668294794981616e+29,0.0,0.0,0.0,0.0,0.0,0.0,0.0,0,0,0,0.0,0.0,0.0,0.0,0.0,0.0,0.0,0.0,0.0,0.0,0.0,0.0,0.0,0.0,0.0,0.0,0,-107875648.0,0,0.0,0,-107875648.0,-0.0,0,13107,17040,39322,17054,13107,17038,0,0,0,110,100,100,-0.0,64.0,0.0,64.5,0.0,69.0,1,49,50,180,13107,0,0,0,0.0,0.0,0.0,0.0,3.808097593435878e+30,65.0,0.0,-9.190020323569509e+24,0.0,646,0,691,0,0,0,721,0,793,0,712,0,690,0,645,0,643,0,614,0.032,54001664.0,-0.0,-0.0,48784,16787,1.5009618912706413e+35,-9.190020323569509e+24,5.332133675603101e+31,0.0,0.0,0.0,29.0,60.0,70,0.0,0.0,0.0,0.0,0.0,0.0,0.0,0.0,0.0,0.0,0.0,0.0,0.0,0.0,0.0,0.0,59.6,69,11,65508,41,65476,0,300,0,0,8,20529,65476,0,0,61604,60.0,0.0,0.0,0.0,0.0,0.0
2026-04-04T11:00:22,ERR,ERR,ERR,ERR,ERR,ERR,ERR,ERR,ERR,ERR,ERR,ERR,ERR,ERR,ERR,ERR,ERR,ERR,ERR,ERR,ERR,ERR,ERR,ERR,ERR,ERR,ERR,ERR,ERR,ERR,ERR,ERR,ERR,ERR,ERR,ERR,ERR,ERR,ERR,ERR,ERR,ERR,ERR,ERR,ERR,ERR,ERR,ERR,ERR,ERR,ERR,ERR,ERR,ERR,ERR,ERR,ERR,ERR,ERR,ERR,ERR,ERR,ERR,ERR,ERR,ERR,ERR,ERR,ERR,ERR,ERR,ERR,ERR,ERR,ERR,ERR,ERR,ERR,ERR,ERR,ERR,ERR,ERR,ERR,ERR,ERR,ERR,ERR,ERR,ERR,ERR,ERR,ERR,ERR,ERR,ERR,ERR,ERR,ERR,ERR,ERR,ERR,ERR,ERR,ERR,ERR,ERR,ERR,ERR,ERR,ERR,ERR,ERR,ERR,ERR,ERR,ERR,ERR,ERR,ERR,ERR,ERR,ERR,ERR,ERR,-0.0,0.0,3.039990997430017e+23,0.0,0.0,0.0,0.0,nan,0,0,0,32768,0,0.0,0,0.0,0.0,0.0,0.0,0.0,0,0,0,0,0.0,0,0,0,0,0,0,0,0,0,0,0,0,0,0,0,0,0,0,0,0,0,0,0,0,0,0,0,0,0,0,0,0,0,0,0,0,0,0,0,0,0,0,0,0,0.0,0.0,0.0,0.0,0.0,0.0,0.0,0.0,0.0,0.0,0.0,0.0,0.0,0.0,0.0,0.0,0.0,0.0,0.0,0.0,0.0,0.0,2.004,0.0,-0.0,0.0,0.0,0.0,0.0,0.0,3418.5,0.0,0.0,-0.0,0.0,2.7184274988523002e+23,0.0,0.0,0.0,0.0,0.0,0,152018253512704.0,4.0668294794981616e+29,0.0,0.0,0.0,0.0,0.0,0.0,0.0,0,0,0,0.0,0.0,0.0,0.0,0.0,0.0,0.0,0.0,0.0,0.0,0.0,0.0,0.0,0.0,0.0,0.0,0,-107875648.0,0,0.0,0,-107875648.0,-0.0,0,13107,17040,39322,17054,26215,17038,0,0,0,110,100,100,-0.0,64.0,0.0,64.5,0.0,69.0,1,49,50,180,13107,13107,0,0,0.0,0.0,0.0,0.0,-0.0,65.0,0.0,0.001,0.0,646,0,691,0,0,0,721,0,793,0,712,0,690,0,645,0,643,0,614,0.032,55836672.0,-0.0,-0.0,58512,16787,-0.0,0.0,-1.7699616351079177e+25,0.0,1.6500037035518094e+28,-0.0,29.0,60.0,70,0.0,0.0,0.0,0.0,0.0,0.0,0.0,0.0,0.0,0.0,0.0,0.0,0.0,0.0,0.0,0.0,59.2,69,11,65508,41,65476,0,300,0,0,8,20529,65476,0,0,61604,60.0,0.0,0.0,0.0,0.0,0.0
2026-04-04T11:00:23,ERR,ERR,ERR,ERR,ERR,ERR,ERR,ERR,ERR,ERR,ERR,ERR,ERR,ERR,ERR,ERR,ERR,ERR,ERR,ERR,ERR,ERR,ERR,ERR,ERR,ERR,ERR,ERR,ERR,ERR,ERR,ERR,ERR,ERR,ERR,ERR,ERR,ERR,ERR,ERR,ERR,ERR,ERR,ERR,ERR,ERR,ERR,ERR,ERR,ERR,ERR,ERR,ERR,ERR,ERR,ERR,ERR,ERR,ERR,ERR,ERR,ERR,ERR,ERR,ERR,ERR,ERR,ERR,ERR,ERR,ERR,ERR,ERR,ERR,ERR,ERR,ERR,ERR,ERR,ERR,ERR,ERR,ERR,ERR,ERR,ERR,ERR,ERR,ERR,ERR,ERR,ERR,ERR,ERR,ERR,ERR,ERR,ERR,ERR,ERR,ERR,ERR,ERR,ERR,ERR,ERR,ERR,ERR,ERR,ERR,ERR,ERR,ERR,ERR,ERR,ERR,ERR,ERR,ERR,ERR,ERR,ERR,ERR,ERR,ERR,-0.0,0.0,3.039990997430017e+23,0.0,0.0,0.0,0.0,nan,0,0,0,32768,0,0.0,0,0.0,0.0,0.0,0.0,0.0,0,0,0,0,0.0,0,0,0,0,0,0,0,0,0,0,0,0,0,0,0,0,0,0,0,0,0,0,0,0,0,0,0,0,0,0,0,0,0,0,0,0,0,0,0,0,0,0,0,0,0.0,0.0,0.0,0.0,0.0,0.0,0.0,0.0,0.0,0.0,0.0,0.0,0.0,0.0,0.0,0.0,0.0,0.0,0.0,0.0,0.0,0.0,2.004,0.0,-0.0,0.0,0.0,0.0,0.0,0.0,3418.5,0.0,0.0,-0.0,0.0,2.7184274988523002e+23,0.0,0.0,0.0,0.0,0.0,0,152018253512704.0,4.0668294794981616e+29,0.0,0.0,0.0,0.0,0.0,0.0,0.0,0,0,0,0.0,0.0,0.0,0.0,0.0,0.0,0.0,0.0,0.0,0.0,0.0,0.0,0.0,0.0,0.0,0.0,0,-107875648.0,0,0.0,0,-107875648.0,-0.0,0,13107,17040,39322,17054,26215,17038,0,0,0,110,100,100,-0.0,64.0,0.0,64.5,0.0,69.0,1,49,50,180,13107,13107,0,0,0.0,0.0,0.0,0.0,-0.0,65.0,0.0,0.001,0.0,646,0,691,0,0,0,721,0,793,0,712,0,690,0,645,0,643,0,614,0.032,55836672.0,-0.0,-0.0,58512,16787,-0.0,0.0,-1.7699616351079177e+25,0.0,1.6500037035518094e+28,-0.0,29.0,60.0,70,0.0,0.0,0.0,0.0,0.0,0.0,0.0,0.0,0.0,0.0,0.0,0.0,0.0,0.0,0.0,0.0,59.2,69,11,65508,41,65476,0,300,0,0,8,20529,65476,0,0,61604,60.0,0.0,0.0,0.0,0.0,0.0
2026-04-04T11:00:24,ERR,ERR,ERR,ERR,ERR,ERR,ERR,ERR,ERR,ERR,ERR,ERR,ERR,ERR,ERR,ERR,ERR,ERR,ERR,ERR,ERR,ERR,ERR,ERR,ERR,ERR,ERR,ERR,ERR,ERR,ERR,ERR,ERR,ERR,ERR,ERR,ERR,ERR,ERR,ERR,ERR,ERR,ERR,ERR,ERR,ERR,ERR,ERR,ERR,ERR,ERR,ERR,ERR,ERR,ERR,ERR,ERR,ERR,ERR,ERR,ERR,ERR,ERR,ERR,ERR,ERR,ERR,ERR,ERR,ERR,ERR,ERR,ERR,ERR,ERR,ERR,ERR,ERR,ERR,ERR,ERR,ERR,ERR,ERR,ERR,ERR,ERR,ERR,ERR,ERR,ERR,ERR,ERR,ERR,ERR,ERR,ERR,ERR,ERR,ERR,ERR,ERR,ERR,ERR,ERR,ERR,ERR,ERR,ERR,ERR,ERR,ERR,ERR,ERR,ERR,ERR,ERR,ERR,ERR,ERR,ERR,ERR,ERR,ERR,ERR,-0.0,0.0,3.039990997430017e+23,0.0,0.0,0.0,0.0,nan,0,0,0,32768,0,0.0,0,0.0,0.0,0.0,0.0,0.0,0,0,0,0,0.0,0,0,0,0,0,0,0,0,0,0,0,0,0,0,0,0,0,0,0,0,0,0,0,0,0,0,0,0,0,0,0,0,0,0,0,0,0,0,0,0,0,0,0,0,0.0,0.0,0.0,0.0,0.0,0.0,0.0,0.0,0.0,0.0,0.0,0.0,0.0,0.0,0.0,0.0,0.0,0.0,0.0,0.0,0.0,0.0,2.004,0.0,-0.0,0.0,0.0,0.0,0.0,0.0,3418.5,0.0,0.0,-0.0,0.0,2.7184274988523002e+23,0.0,0.0,0.0,0.0,0.0,0,152018253512704.0,4.0668294794981616e+29,0.0,0.0,0.0,0.0,0.0,0.0,0.0,0,0,0,0.0,0.0,0.0,0.0,0.0,0.0,0.0,0.0,0.0,0.0,0.0,0.0,0.0,0.0,0.0,0.0,0,-107875648.0,0,0.0,0,-107875648.0,-0.0,0,13107,17040,39322,17054,26215,17038,0,0,0,110,100,100,-0.0,64.0,0.0,64.5,0.0,69.0,1,49,50,180,13107,13107,0,0,0.0,0.0,0.0,0.0,-0.0,65.0,0.0,0.001,0.0,646,0,691,0,0,0,721,0,793,0,712,0,690,0,645,0,643,0,614,0.032,55836672.0,-0.0,-0.0,58512,16787,-0.0,0.0,-1.7699616351079177e+25,0.0,1.6500037035518094e+28,-0.0,29.0,60.0,70,0.0,0.0,0.0,0.0,0.0,0.0,0.0,0.0,0.0,0.0,0.0,0.0,0.0,0.0,0.0,0.0,59.2,69,11,65508,41,65476,0,300,0,0,8,20529,65476,0,0,61604,60.0,0.0,0.0,0.0,0.0,0.0
2026-04-04T11:00:25,ERR,ERR,ERR,ERR,ERR,ERR,ERR,ERR,ERR,ERR,ERR,ERR,ERR,ERR,ERR,ERR,ERR,ERR,ERR,ERR,ERR,ERR,ERR,ERR,ERR,ERR,ERR,ERR,ERR,ERR,ERR,ERR,ERR,ERR,ERR,ERR,ERR,ERR,ERR,ERR,ERR,ERR,ERR,ERR,ERR,ERR,ERR,ERR,ERR,ERR,ERR,ERR,ERR,ERR,ERR,ERR,ERR,ERR,ERR,ERR,ERR,ERR,ERR,ERR,ERR,ERR,ERR,ERR,ERR,ERR,ERR,ERR,ERR,ERR,ERR,ERR,ERR,ERR,ERR,ERR,ERR,ERR,ERR,ERR,ERR,ERR,ERR,ERR,ERR,ERR,ERR,ERR,ERR,ERR,ERR,ERR,ERR,ERR,ERR,ERR,ERR,ERR,ERR,ERR,ERR,ERR,ERR,ERR,ERR,ERR,ERR,ERR,ERR,ERR,ERR,ERR,ERR,ERR,ERR,ERR,ERR,ERR,ERR,ERR,ERR,-0.0,0.0,3.039990997430017e+23,0.0,0.0,0.0,0.0,nan,0,0,0,32768,0,0.0,0,0.0,0.0,0.0,0.0,0.0,0,0,0,0,0.0,0,0,0,0,0,0,0,0,0,0,0,0,0,0,0,0,0,0,0,0,0,0,0,0,0,0,0,0,0,0,0,0,0,0,0,0,0,0,0,0,0,0,0,0,0.0,0.0,0.0,0.0,0.0,0.0,0.0,0.0,0.0,0.0,0.0,0.0,0.0,0.0,0.0,0.0,0.0,0.0,0.0,0.0,0.0,0.0,2.004,0.0,-0.0,0.0,0.0,0.0,0.0,0.0,3418.5,0.0,0.0,-0.0,0.0,2.7184274988523002e+23,0.0,0.0,0.0,0.0,0.0,0,152018253512704.0,4.0668294794981616e+29,0.0,0.0,0.0,0.0,0.0,0.0,0.0,0,0,0,0.0,0.0,0.0,0.0,0.0,0.0,0.0,0.0,0.0,0.0,0.0,0.0,0.0,0.0,0.0,0.0,0,-107875648.0,0,0.0,0,-107875648.0,-0.0,0,13107,17040,39322,17054,26215,17038,0,0,0,110,100,100,-0.0,64.0,0.0,64.5,0.0,69.0,1,49,50,180,13107,13107,0,0,0.0,0.0,0.0,0.0,-0.0,65.0,0.0,0.001,0.0,646,0,691,0,0,0,721,0,793,0,712,0,690,0,645,0,643,0,614,0.032,55836672.0,-0.0,-0.0,58512,16787,-0.0,0.0,-1.7699616351079177e+25,0.0,1.6500037035518094e+28,-0.0,29.0,60.0,70,0.0,0.0,0.0,0.0,0.0,0.0,0.0,0.0,0.0,0.0,0.0,0.0,0.0,0.0,0.0,0.0,59.2,69,11,65508,41,65476,0,300,0,0,8,20529,65476,0,0,61604,60.0,0.0,0.0,0.0,0.0,0.0
2026-04-04T11:00:26,ERR,ERR,ERR,ERR,ERR,ERR,ERR,ERR,ERR,ERR,ERR,ERR,ERR,ERR,ERR,ERR,ERR,ERR,ERR,ERR,ERR,ERR,ERR,ERR,ERR,ERR,ERR,ERR,ERR,ERR,ERR,ERR,ERR,ERR,ERR,ERR,ERR,ERR,ERR,ERR,ERR,ERR,ERR,ERR,ERR,ERR,ERR,ERR,ERR,ERR,ERR,ERR,ERR,ERR,ERR,ERR,ERR,ERR,ERR,ERR,ERR,ERR,ERR,ERR,ERR,ERR,ERR,ERR,ERR,ERR,ERR,ERR,ERR,ERR,ERR,ERR,ERR,ERR,ERR,ERR,ERR,ERR,ERR,ERR,ERR,ERR,ERR,ERR,ERR,ERR,ERR,ERR,ERR,ERR,ERR,ERR,ERR,ERR,ERR,ERR,ERR,ERR,ERR,ERR,ERR,ERR,ERR,ERR,ERR,ERR,ERR,ERR,ERR,ERR,ERR,ERR,ERR,ERR,ERR,ERR,ERR,ERR,ERR,ERR,ERR,-0.0,0.0,3.039990997430017e+23,0.0,0.0,0.0,0.0,nan,0,0,0,32768,0,0.0,0,0.0,0.0,0.0,0.0,0.0,0,0,0,0,0.0,0,0,0,0,0,0,0,0,0,0,0,0,0,0,0,0,0,0,0,0,0,0,0,0,0,0,0,0,0,0,0,0,0,0,0,0,0,0,0,0,0,0,0,0,0.0,0.0,0.0,0.0,0.0,0.0,0.0,0.0,0.0,0.0,0.0,0.0,0.0,0.0,0.0,0.0,0.0,0.0,0.0,0.0,0.0,0.0,2.004,0.0,-0.0,0.0,0.0,0.0,0.0,0.0,3418.5,0.0,0.0,-0.0,0.0,2.7184274988523002e+23,0.0,0.0,0.0,0.0,0.0,0,152018253512704.0,2.718405881574089e+23,0.0,0.0,0.0,0.0,0.0,0.0,0.0,0,0,0,0.0,0.0,0.0,0.0,0.0,0.0,0.0,0.0,0.0,0.0,0.0,0.0,0.0,0.0,0.0,0.0,0,-107875648.0,0,0.0,0,-107875648.0,-0.0,0,0,17040,39322,17054,26215,17038,0,0,0,110,100,100,-0.0,64.0,0.0,64.5,0.0,69.0,1,49,50,180,13107,13107,0,0,0.0,0.0,0.0,0.0,-0.0,65.0,0.0,0.023,0.0,646,0,690,0,0,0,721,0,793,0,712,0,690,0,645,0,644,0,613,0.032,55836672.0,-0.0,-0.0,46992,16787,2.1310813970797626e+37,953.031,-7.291589235130126e+29,-0.0,4.877641821835313e+30,-0.0,29.0,60.0,70,0.0,0.0,0.0,0.0,0.0,0.0,0.0,0.0,0.0,0.0,0.0,0.0,0.0,0.0,0.0,0.0,59.2,69,11,65508,41,65476,0,300,0,0,8,20529,65476,0,0,61604,60.0,0.0,0.0,0.0,0.0,0.0
2026-04-04T11:00:27,ERR,ERR,ERR,ERR,ERR,ERR,ERR,ERR,ERR,ERR,ERR,ERR,ERR,ERR,ERR,ERR,ERR,ERR,ERR,ERR,ERR,ERR,ERR,ERR,ERR,ERR,ERR,ERR,ERR,ERR,ERR,ERR,ERR,ERR,ERR,ERR,ERR,ERR,ERR,ERR,ERR,ERR,ERR,ERR,ERR,ERR,ERR,ERR,ERR,ERR,ERR,ERR,ERR,ERR,ERR,ERR,ERR,ERR,ERR,ERR,ERR,ERR,ERR,ERR,ERR,ERR,ERR,ERR,ERR,ERR,ERR,ERR,ERR,ERR,ERR,ERR,ERR,ERR,ERR,ERR,ERR,ERR,ERR,ERR,ERR,ERR,ERR,ERR,ERR,ERR,ERR,ERR,ERR,ERR,ERR,ERR,ERR,ERR,ERR,ERR,ERR,ERR,ERR,ERR,ERR,ERR,ERR,ERR,ERR,ERR,ERR,ERR,ERR,ERR,ERR,ERR,ERR,ERR,ERR,ERR,ERR,ERR,ERR,ERR,ERR,-0.0,0.0,3.039990997430017e+23,0.0,0.0,0.0,0.0,nan,0,0,0,32768,0,0.0,0,0.0,0.0,0.0,0.0,0.0,0,0,0,0,0.0,0,0,0,0,0,0,0,0,0,0,0,0,0,0,0,0,0,0,0,0,0,0,0,0,0,0,0,0,0,0,0,0,0,0,0,0,0,0,0,0,0,0,0,0,0.0,0.0,0.0,0.0,0.0,0.0,0.0,0.0,0.0,0.0,0.0,0.0,0.0,0.0,0.0,0.0,0.0,0.0,0.0,0.0,0.0,0.0,2.004,0.0,-0.0,0.0,0.0,0.0,0.0,0.0,3418.5,0.0,0.0,-0.0,0.0,2.7184274988523002e+23,0.0,0.0,0.0,0.0,0.0,0,152018253512704.0,2.718405881574089e+23,0.0,0.0,0.0,0.0,0.0,0.0,0.0,0,0,0,0.0,0.0,0.0,0.0,0.0,0.0,0.0,0.0,0.0,0.0,0.0,0.0,0.0,0.0,0.0,0.0,0,-107875648.0,0,0.0,0,-107875648.0,-0.0,0,0,17040,39322,17054,26215,17038,0,0,0,110,100,100,-0.0,64.0,0.0,64.5,0.0,69.0,1,49,50,180,13107,13107,0,0,0.0,0.0,0.0,0.0,-0.0,65.0,0.0,0.023,0.0,646,0,690,0,0,0,721,0,793,0,712,0,690,0,645,0,644,0,613,0.032,55836672.0,-0.0,-0.0,46992,16787,2.1310813970797626e+37,953.031,-7.291589235130126e+29,-0.0,4.877641821835313e+30,-0.0,29.0,60.0,70,0.0,0.0,0.0,0.0,0.0,0.0,0.0,0.0,0.0,0.0,0.0,0.0,0.0,0.0,0.0,0.0,59.2,69,11,65508,41,65476,0,300,0,0,8,20529,65476,0,0,61604,60.0,0.0,0.0,0.0,0.0,0.0
2026-04-04T11:00:28,ERR,ERR,ERR,ERR,ERR,ERR,ERR,ERR,ERR,ERR,ERR,ERR,ERR,ERR,ERR,ERR,ERR,ERR,ERR,ERR,ERR,ERR,ERR,ERR,ERR,ERR,ERR,ERR,ERR,ERR,ERR,ERR,ERR,ERR,ERR,ERR,ERR,ERR,ERR,ERR,ERR,ERR,ERR,ERR,ERR,ERR,ERR,ERR,ERR,ERR,ERR,ERR,ERR,ERR,ERR,ERR,ERR,ERR,ERR,ERR,ERR,ERR,ERR,ERR,ERR,ERR,ERR,ERR,ERR,ERR,ERR,ERR,ERR,ERR,ERR,ERR,ERR,ERR,ERR,ERR,ERR,ERR,ERR,ERR,ERR,ERR,ERR,ERR,ERR,ERR,ERR,ERR,ERR,ERR,ERR,ERR,ERR,ERR,ERR,ERR,ERR,ERR,ERR,ERR,ERR,ERR,ERR,ERR,ERR,ERR,ERR,ERR,ERR,ERR,ERR,ERR,ERR,ERR,ERR,ERR,ERR,ERR,ERR,ERR,ERR,-0.0,0.0,3.039990997430017e+23,0.0,0.0,0.0,0.0,nan,0,0,0,32768,0,0.0,0,0.0,0.0,0.0,0.0,0.0,0,0,0,0,0.0,0,0,0,0,0,0,0,0,0,0,0,0,0,0,0,0,0,0,0,0,0,0,0,0,0,0,0,0,0,0,0,0,0,0,0,0,0,0,0,0,0,0,0,0,0.0,0.0,0.0,0.0,0.0,0.0,0.0,0.0,0.0,0.0,0.0,0.0,0.0,0.0,0.0,0.0,0.0,0.0,0.0,0.0,0.0,0.0,2.004,0.0,-0.0,0.0,0.0,0.0,0.0,0.0,3418.5,0.0,0.0,-0.0,0.0,2.7184274988523002e+23,0.0,0.0,0.0,0.0,0.0,0,152018253512704.0,2.718405881574089e+23,0.0,0.0,0.0,0.0,0.0,0.0,0.0,0,0,0,0.0,0.0,0.0,0.0,0.0,0.0,0.0,0.0,0.0,0.0,0.0,0.0,0.0,0.0,0.0,0.0,0,-107875648.0,0,0.0,0,-107875648.0,-0.0,0,0,17040,39322,17054,26215,17038,0,0,0,110,100,100,-0.0,64.0,0.0,64.5,0.0,69.0,1,49,50,180,13107,13107,0,0,0.0,0.0,0.0,0.0,-0.0,65.0,0.0,0.023,0.0,646,0,690,0,0,0,721,0,793,0,712,0,690,0,645,0,644,0,613,0.032,55836672.0,-0.0,-0.0,46992,16787,2.1310813970797626e+37,953.031,-7.291589235130126e+29,-0.0,4.877641821835313e+30,-0.0,29.0,60.0,70,0.0,0.0,0.0,0.0,0.0,0.0,0.0,0.0,0.0,0.0,0.0,0.0,0.0,0.0,0.0,0.0,59.2,69,11,65508,41,65476,0,300,0,0,8,20529,65476,0,0,61604,60.0,0.0,0.0,0.0,0.0,0.0
2026-04-04T11:00:29,ERR,ERR,ERR,ERR,ERR,ERR,ERR,ERR,ERR,ERR,ERR,ERR,ERR,ERR,ERR,ERR,ERR,ERR,ERR,ERR,ERR,ERR,ERR,ERR,ERR,ERR,ERR,ERR,ERR,ERR,ERR,ERR,ERR,ERR,ERR,ERR,ERR,ERR,ERR,ERR,ERR,ERR,ERR,ERR,ERR,ERR,ERR,ERR,ERR,ERR,ERR,ERR,ERR,ERR,ERR,ERR,ERR,ERR,ERR,ERR,ERR,ERR,ERR,ERR,ERR,ERR,ERR,ERR,ERR,ERR,ERR,ERR,ERR,ERR,ERR,ERR,ERR,ERR,ERR,ERR,ERR,ERR,ERR,ERR,ERR,ERR,ERR,ERR,ERR,ERR,ERR,ERR,ERR,ERR,ERR,ERR,ERR,ERR,ERR,ERR,ERR,ERR,ERR,ERR,ERR,ERR,ERR,ERR,ERR,ERR,ERR,ERR,ERR,ERR,ERR,ERR,ERR,ERR,ERR,ERR,ERR,ERR,ERR,ERR,ERR,-0.0,0.0,3.039990997430017e+23,0.0,0.0,0.0,0.0,nan,0,0,0,32768,0,0.0,0,0.0,0.0,0.0,0.0,0.0,0,0,0,0,0.0,0,0,0,0,0,0,0,0,0,0,0,0,0,0,0,0,0,0,0,0,0,0,0,0,0,0,0,0,0,0,0,0,0,0,0,0,0,0,0,0,0,0,0,0,0.0,0.0,0.0,0.0,0.0,0.0,0.0,0.0,0.0,0.0,0.0,0.0,0.0,0.0,0.0,0.0,0.0,0.0,0.0,0.0,0.0,0.0,2.004,0.0,-0.0,0.0,0.0,0.0,0.0,0.0,3418.5,0.0,0.0,-0.0,0.0,2.7184274988523002e+23,0.0,0.0,0.0,0.0,0.0,0,152018253512704.0,2.718405881574089e+23,0.0,0.0,0.0,0.0,0.0,0.0,0.0,0,0,0,0.0,0.0,0.0,0.0,0.0,0.0,0.0,0.0,0.0,0.0,0.0,0.0,0.0,0.0,0.0,0.0,0,-107875648.0,0,0.0,0,-107875648.0,-0.0,0,0,17040,39322,17054,26215,17038,0,0,0,110,100,100,-0.0,64.0,0.0,64.5,0.0,69.0,1,49,50,180,13107,13107,0,0,0.0,0.0,0.0,0.0,-0.0,65.0,0.0,0.023,0.0,646,0,690,0,0,0,721,0,793,0,712,0,690,0,645,0,644,0,613,0.032,55836672.0,-0.0,-0.0,46992,16787,2.1310813970797626e+37,953.031,-7.291589235130126e+29,-0.0,4.877641821835313e+30,-0.0,29.0,60.0,70,0.0,0.0,0.0,0.0,0.0,0.0,0.0,0.0,0.0,0.0,0.0,0.0,0.0,0.0,0.0,0.0,59.2,69,11,65508,41,65476,0,300,0,0,8,20529,65476,0,0,61604,60.0,0.0,0.0,0.0,0.0,0.0
2026-04-04T11:00:30,ERR,ERR,ERR,ERR,ERR,ERR,ERR,ERR,ERR,ERR,ERR,ERR,ERR,ERR,ERR,ERR,ERR,ERR,ERR,ERR,ERR,ERR,ERR,ERR,ERR,ERR,ERR,ERR,ERR,ERR,ERR,ERR,ERR,ERR,ERR,ERR,ERR,ERR,ERR,ERR,ERR,ERR,ERR,ERR,ERR,ERR,ERR,ERR,ERR,ERR,ERR,ERR,ERR,ERR,ERR,ERR,ERR,ERR,ERR,ERR,ERR,ERR,ERR,ERR,ERR,ERR,ERR,ERR,ERR,ERR,ERR,ERR,ERR,ERR,ERR,ERR,ERR,ERR,ERR,ERR,ERR,ERR,ERR,ERR,ERR,ERR,ERR,ERR,ERR,ERR,ERR,ERR,ERR,ERR,ERR,ERR,ERR,ERR,ERR,ERR,ERR,ERR,ERR,ERR,ERR,ERR,ERR,ERR,ERR,ERR,ERR,ERR,ERR,ERR,ERR,ERR,ERR,ERR,ERR,ERR,ERR,ERR,ERR,ERR,ERR,-0.0,0.0,3.039990997430017e+23,0.0,0.0,0.0,0.0,nan,0,0,0,32768,0,0.0,0,0.0,0.0,0.0,0.0,0.0,0,0,0,0,0.0,0,0,0,0,0,0,0,0,0,0,0,0,0,0,0,0,0,0,0,0,0,0,0,0,0,0,0,0,0,0,0,0,0,0,0,0,0,0,0,0,0,0,0,0,0.0,0.0,0.0,0.0,0.0,0.0,0.0,0.0,0.0,0.0,0.0,0.0,0.0,0.0,0.0,0.0,0.0,0.0,0.0,0.0,0.0,0.0,2.004,0.0,-0.0,0.0,0.0,0.0,0.0,0.0,3418.5,0.0,0.0,-0.0,0.0,2.7184274988523002e+23,0.0,0.0,0.0,0.0,0.0,0,152018253512704.0,2.718405881574089e+23,0.0,0.0,0.0,0.0,0.0,0.0,0.0,0,0,0,0.0,0.0,0.0,0.0,0.0,0.0,0.0,0.0,0.0,0.0,0.0,0.0,0.0,0.0,0.0,0.0,0,-107875648.0,0,0.0,0,-107875648.0,-0.0,0,0,17040,39322,17054,26215,17038,0,0,0,110,100,100,-107615232.0,64.0,0.0,64.5,0.0,69.0,1,49,50,180,13107,0,0,0,0.0,0.0,0.0,0.0,-0.0,65.0,0.0,0.0,0.0,646,0,690,0,0,0,720,0,793,0,712,0,690,0,645,0,643,0,614,0.032,55574528.0,-0.0,-0.0,48912,16787,-0.0,0.0,-38601352.0,-1.1507824114276816e+31,1.657977463541596e+17,1.7922574306831873e+26,29.0,60.0,70,0.0,0.0,0.0,0.0,0.0,0.0,0.0,0.0,0.0,0.0,0.0,0.0,0.0,0.0,0.0,0.0,59.2,69,11,65508,41,65476,0,300,0,0,8,20529,65476,0,0,61604,60.0,0.0,0.0,0.0,0.0,0.0
2026-04-04T11:00:31,ERR,ERR,ERR,ERR,ERR,ERR,ERR,ERR,ERR,ERR,ERR,ERR,ERR,ERR,ERR,ERR,ERR,ERR,ERR,ERR,ERR,ERR,ERR,ERR,ERR,ERR,ERR,ERR,ERR,ERR,ERR,ERR,ERR,ERR,ERR,ERR,ERR,ERR,ERR,ERR,ERR,ERR,ERR,ERR,ERR,ERR,ERR,ERR,ERR,ERR,ERR,ERR,ERR,ERR,ERR,ERR,ERR,ERR,ERR,ERR,ERR,ERR,ERR,ERR,ERR,ERR,ERR,ERR,ERR,ERR,ERR,ERR,ERR,ERR,ERR,ERR,ERR,ERR,ERR,ERR,ERR,ERR,ERR,ERR,ERR,ERR,ERR,ERR,ERR,ERR,ERR,ERR,ERR,ERR,ERR,ERR,ERR,ERR,ERR,ERR,ERR,ERR,ERR,ERR,ERR,ERR,ERR,ERR,ERR,ERR,ERR,ERR,ERR,ERR,ERR,ERR,ERR,ERR,ERR,ERR,ERR,ERR,ERR,ERR,ERR,-0.0,0.0,3.039990997430017e+23,0.0,0.0,0.0,0.0,nan,0,0,0,32768,0,0.0,0,0.0,0.0,0.0,0.0,0.0,0,0,0,0,0.0,0,0,0,0,0,0,0,0,0,0,0,0,0,0,0,0,0,0,0,0,0,0,0,0,0,0,0,0,0,0,0,0,0,0,0,0,0,0,0,0,0,0,0,0,0.0,0.0,0.0,0.0,0.0,0.0,0.0,0.0,0.0,0.0,0.0,0.0,0.0,0.0,0.0,0.0,0.0,0.0,0.0,0.0,0.0,0.0,2.004,0.0,-0.0,0.0,0.0,0.0,0.0,0.0,3418.5,0.0,0.0,-0.0,0.0,2.7184274988523002e+23,0.0,0.0,0.0,0.0,0.0,0,152018253512704.0,2.718405881574089e+23,0.0,0.0,0.0,0.0,0.0,0.0,0.0,0,0,0,0.0,0.0,0.0,0.0,0.0,0.0,0.0,0.0,0.0,0.0,0.0,0.0,0.0,0.0,0.0,0.0,0,-107875648.0,0,0.0,0,-107875648.0,-0.0,0,0,17040,39322,17054,26215,17038,0,0,0,110,100,100,-107615232.0,64.0,0.0,64.5,0.0,69.0,1,49,50,180,13107,0,0,0,0.0,0.0,0.0,0.0,-0.0,65.0,0.0,0.0,0.0,646,0,690,0,0,0,720,0,793,0,712,0,690,0,645,0,643,0,614,0.032,55574528.0,-0.0,-0.0,48912,16787,-0.0,0.0,-38601352.0,-1.1507824114276816e+31,1.657977463541596e+17,1.7922574306831873e+26,29.0,60.0,70,0.0,0.0,0.0,0.0,0.0,0.0,0.0,0.0,0.0,0.0,0.0,0.0,0.0,0.0,0.0,0.0,59.2,69,11,65508,41,65476,0,300,0,0,8,20529,65476,0,0,61604,60.0,0.0,0.0,0.0,0.0,0.0
2026-04-04T11:00:32,ERR,ERR,ERR,ERR,ERR,ERR,ERR,ERR,ERR,ERR,ERR,ERR,ERR,ERR,ERR,ERR,ERR,ERR,ERR,ERR,ERR,ERR,ERR,ERR,ERR,ERR,ERR,ERR,ERR,ERR,ERR,ERR,ERR,ERR,ERR,ERR,ERR,ERR,ERR,ERR,ERR,ERR,ERR,ERR,ERR,ERR,ERR,ERR,ERR,ERR,ERR,ERR,ERR,ERR,ERR,ERR,ERR,ERR,ERR,ERR,ERR,ERR,ERR,ERR,ERR,ERR,ERR,ERR,ERR,ERR,ERR,ERR,ERR,ERR,ERR,ERR,ERR,ERR,ERR,ERR,ERR,ERR,ERR,ERR,ERR,ERR,ERR,ERR,ERR,ERR,ERR,ERR,ERR,ERR,ERR,ERR,ERR,ERR,ERR,ERR,ERR,ERR,ERR,ERR,ERR,ERR,ERR,ERR,ERR,ERR,ERR,ERR,ERR,ERR,ERR,ERR,ERR,ERR,ERR,ERR,ERR,ERR,ERR,ERR,ERR,-0.0,0.0,3.039990997430017e+23,0.0,0.0,0.0,0.0,nan,0,0,0,32768,0,0.0,0,0.0,0.0,0.0,0.0,0.0,0,0,0,0,0.0,0,0,0,0,0,0,0,0,0,0,0,0,0,0,0,0,0,0,0,0,0,0,0,0,0,0,0,0,0,0,0,0,0,0,0,0,0,0,0,0,0,0,0,0,0.0,0.0,0.0,0.0,0.0,0.0,0.0,0.0,0.0,0.0,0.0,0.0,0.0,0.0,0.0,0.0,0.0,0.0,0.0,0.0,0.0,0.0,2.004,0.0,-0.0,0.0,0.0,0.0,0.0,0.0,3418.5,0.0,0.0,-0.0,0.0,2.7184274988523002e+23,0.0,0.0,0.0,0.0,0.0,0,152018253512704.0,2.718405881574089e+23,0.0,0.0,0.0,0.0,0.0,0.0,0.0,0,0,0,0.0,0.0,0.0,0.0,0.0,0.0,0.0,0.0,0.0,0.0,0.0,0.0,0.0,0.0,0.0,0.0,0,-107875648.0,0,0.0,0,-107875648.0,-0.0,0,0,17040,39322,17054,26215,17038,0,0,0,110,100,100,-107615232.0,64.0,0.0,64.5,0.0,69.0,1,49,50,180,13107,0,0,0,0.0,0.0,0.0,0.0,-0.0,65.0,0.0,0.0,0.0,646,0,690,0,0,0,720,0,793,0,712,0,690,0,645,0,643,0,614,0.032,55574528.0,-0.0,-0.0,48912,16787,-0.0,0.0,-38601352.0,-1.1507824114276816e+31,1.657977463541596e+17,1.7922574306831873e+26,29.0,60.0,70,0.0,0.0,0.0,0.0,0.0,0.0,0.0,0.0,0.0,0.0,0.0,0.0,0.0,0.0,0.0,0.0,59.2,69,11,65508,41,65476,0,300,0,0,8,20529,65476,0,0,61604,60.0,0.0,0.0,0.0,0.0,0.0
2026-04-04T11:00:33,ERR,ERR,ERR,ERR,ERR,ERR,ERR,ERR,ERR,ERR,ERR,ERR,ERR,ERR,ERR,ERR,ERR,ERR,ERR,ERR,ERR,ERR,ERR,ERR,ERR,ERR,ERR,ERR,ERR,ERR,ERR,ERR,ERR,ERR,ERR,ERR,ERR,ERR,ERR,ERR,ERR,ERR,ERR,ERR,ERR,ERR,ERR,ERR,ERR,ERR,ERR,ERR,ERR,ERR,ERR,ERR,ERR,ERR,ERR,ERR,ERR,ERR,ERR,ERR,ERR,ERR,ERR,ERR,ERR,ERR,ERR,ERR,ERR,ERR,ERR,ERR,ERR,ERR,ERR,ERR,ERR,ERR,ERR,ERR,ERR,ERR,ERR,ERR,ERR,ERR,ERR,ERR,ERR,ERR,ERR,ERR,ERR,ERR,ERR,ERR,ERR,ERR,ERR,ERR,ERR,ERR,ERR,ERR,ERR,ERR,ERR,ERR,ERR,ERR,ERR,ERR,ERR,ERR,ERR,ERR,ERR,ERR,ERR,ERR,ERR,-0.0,0.0,3.039990997430017e+23,0.0,0.0,0.0,0.0,nan,0,0,0,32768,0,0.0,0,0.0,0.0,0.0,0.0,0.0,0,0,0,0,0.0,0,0,0,0,0,0,0,0,0,0,0,0,0,0,0,0,0,0,0,0,0,0,0,0,0,0,0,0,0,0,0,0,0,0,0,0,0,0,0,0,0,0,0,0,0.0,0.0,0.0,0.0,0.0,0.0,0.0,0.0,0.0,0.0,0.0,0.0,0.0,0.0,0.0,0.0,0.0,0.0,0.0,0.0,0.0,0.0,2.004,0.0,-0.0,0.0,0.0,0.0,0.0,0.0,3403.5,-8608108544.0,0.0,-0.0,0.0,2.7184274988523002e+23,0.0,0.0,0.0,0.0,0.0,0,3.222024165466893e+26,89220.062,0.0,0.0,0.0,0.0,0.0,0.0,0.0,0,0,0,0.0,0.0,0.0,0.0,0.0,0.0,0.0,0.0,0.0,0.0,0.0,0.0,0.0,0.0,0.0,0.0,0,-107875648.0,0,0.0,0,-107875648.0,-0.0,0,0,17040,39322,17054,26215,17038,0,0,0,110,100,100,-107615232.0,64.0,0.0,64.5,0.0,69.0,1,49,50,180,13107,0,0,0,0.0,0.0,0.0,0.0,-0.0,65.0,0.0,0.0,0.0,646,0,690,0,0,0,720,0,793,0,712,0,690,0,645,0,643,0,614,0.032,55574528.0,-0.0,-0.0,48912,16787,-0.0,0.0,-38601352.0,-1.1507824114276816e+31,1.657977463541596e+17,1.7922574306831873e+26,29.0,60.0,70,0.0,0.0,0.0,0.0,0.0,0.0,0.0,0.0,0.0,0.0,0.0,0.0,0.0,0.0,0.0,0.0,59.2,69,11,65508,41,65476,0,300,0,0,8,20529,65476,0,0,61604,60.0,0.0,0.0,0.0,0.0,0.0
2026-04-04T11:00:34,ERR,ERR,ERR,ERR,ERR,ERR,ERR,ERR,ERR,ERR,ERR,ERR,ERR,ERR,ERR,ERR,ERR,ERR,ERR,ERR,ERR,ERR,ERR,ERR,ERR,ERR,ERR,ERR,ERR,ERR,ERR,ERR,ERR,ERR,ERR,ERR,ERR,ERR,ERR,ERR,ERR,ERR,ERR,ERR,ERR,ERR,ERR,ERR,ERR,ERR,ERR,ERR,ERR,ERR,ERR,ERR,ERR,ERR,ERR,ERR,ERR,ERR,ERR,ERR,ERR,ERR,ERR,ERR,ERR,ERR,ERR,ERR,ERR,ERR,ERR,ERR,ERR,ERR,ERR,ERR,ERR,ERR,ERR,ERR,ERR,ERR,ERR,ERR,ERR,ERR,ERR,ERR,ERR,ERR,ERR,ERR,ERR,ERR,ERR,ERR,ERR,ERR,ERR,ERR,ERR,ERR,ERR,ERR,ERR,ERR,ERR,ERR,ERR,ERR,ERR,ERR,ERR,ERR,ERR,ERR,ERR,ERR,ERR,ERR,ERR,-0.0,0.0,3.039990997430017e+23,0.0,0.0,0.0,0.0,nan,0,0,0,32768,0,0.0,0,0.0,0.0,0.0,0.0,0.0,0,0,0,0,0.0,0,0,0,0,0,0,0,0,0,0,0,0,0,0,0,0,0,0,0,0,0,0,0,0,0,0,0,0,0,0,0,0,0,0,0,0,0,0,0,0,0,0,0,0,0.0,0.0,0.0,0.0,0.0,0.0,0.0,0.0,0.0,0.0,0.0,0.0,0.0,0.0,0.0,0.0,0.0,0.0,0.0,0.0,0.0,0.0,2.004,0.0,-0.0,0.0,0.0,0.0,0.0,0.0,3403.5,-8608108544.0,0.0,-0.0,0.0,2.7184274988523002e+23,0.0,0.0,0.0,0.0,0.0,0,3.222024165466893e+26,89220.062,0.0,0.0,0.0,0.0,0.0,0.0,0.0,0,0,0,0.0,0.0,0.0,0.0,0.0,0.0,0.0,0.0,0.0,0.0,0.0,0.0,0.0,0.0,0.0,0.0,0,-107875648.0,0,0.0,0,-107875648.0,-0.0,0,0,17040,39322,17054,26215,17038,0,0,0,110,100,100,-107615232.0,64.0,0.0,64.5,0.0,69.0,1,49,50,180,13107,0,0,0,0.0,0.0,0.0,0.0,-0.0,65.0,0.0,0.0,0.0,646,0,690,0,0,0,720,0,793,0,712,0,690,0,645,0,643,0,614,0.032,55574528.0,-0.0,-0.0,48912,16787,-0.0,0.0,-38601352.0,-1.1507824114276816e+31,1.657977463541596e+17,1.7922574306831873e+26,29.0,60.0,70,0.0,0.0,0.0,0.0,0.0,0.0,0.0,0.0,0.0,0.0,0.0,0.0,0.0,0.0,0.0,0.0,59.2,69,11,65508,41,65476,0,300,0,0,8,20529,65476,0,0,61604,60.0,0.0,0.0,0.0,0.0,0.0
2026-04-04T11:00:35,ERR,ERR,ERR,ERR,ERR,ERR,ERR,ERR,ERR,ERR,ERR,ERR,ERR,ERR,ERR,ERR,ERR,ERR,ERR,ERR,ERR,ERR,ERR,ERR,ERR,ERR,ERR,ERR,ERR,ERR,ERR,ERR,ERR,ERR,ERR,ERR,ERR,ERR,ERR,ERR,ERR,ERR,ERR,ERR,ERR,ERR,ERR,ERR,ERR,ERR,ERR,ERR,ERR,ERR,ERR,ERR,ERR,ERR,ERR,ERR,ERR,ERR,ERR,ERR,ERR,ERR,ERR,ERR,ERR,ERR,ERR,ERR,ERR,ERR,ERR,ERR,ERR,ERR,ERR,ERR,ERR,ERR,ERR,ERR,ERR,ERR,ERR,ERR,ERR,ERR,ERR,ERR,ERR,ERR,ERR,ERR,ERR,ERR,ERR,ERR,ERR,ERR,ERR,ERR,ERR,ERR,ERR,ERR,ERR,ERR,ERR,ERR,ERR,ERR,ERR,ERR,ERR,ERR,ERR,ERR,ERR,ERR,ERR,ERR,ERR,-0.0,0.0,3.039990997430017e+23,0.0,0.0,0.0,0.0,nan,0,0,0,32768,0,0.0,0,0.0,0.0,0.0,0.0,0.0,0,0,0,0,0.0,0,0,0,0,0,0,0,0,0,0,0,0,0,0,0,0,0,0,0,0,0,0,0,0,0,0,0,0,0,0,0,0,0,0,0,0,0,0,0,0,0,0,0,0,0.0,0.0,0.0,0.0,0.0,0.0,0.0,0.0,0.0,0.0,0.0,0.0,0.0,0.0,0.0,0.0,0.0,0.0,0.0,0.0,0.0,0.0,2.004,0.0,-0.0,0.0,0.0,0.0,0.0,0.0,3403.5,-8608108544.0,0.0,-0.0,0.0,2.7184274988523002e+23,0.0,0.0,0.0,0.0,0.0,0,3.222024165466893e+26,89220.062,0.0,0.0,0.0,0.0,0.0,0.0,0.0,0,0,0,0.0,0.0,0.0,0.0,0.0,0.0,0.0,0.0,0.0,0.0,0.0,0.0,0.0,0.0,0.0,0.0,0,-107875648.0,0,0.0,0,-107875648.0,-0.0,0,0,17040,39322,17054,26215,17038,0,0,0,110,100,100,-107615232.0,64.0,0.0,64.5,0.0,69.0,1,49,50,180,13107,0,0,0,0.0,0.0,0.0,0.0,-0.0,65.0,0.0,0.0,0.0,646,0,690,0,0,0,720,0,793,0,712,0,690,0,645,0,643,0,614,0.032,55574528.0,-0.0,-0.0,48912,16787,-0.0,0.0,-38601352.0,-1.1507824114276816e+31,1.657977463541596e+17,1.7922574306831873e+26,29.0,60.0,70,0.0,0.0,0.0,0.0,0.0,0.0,0.0,0.0,0.0,0.0,0.0,0.0,0.0,0.0,0.0,0.0,59.2,69,11,65508,41,65476,0,300,0,0,8,20529,65476,0,0,61604,60.0,0.0,0.0,0.0,0.0,0.0
2026-04-04T11:00:36,ERR,ERR,ERR,ERR,ERR,ERR,ERR,ERR,ERR,ERR,ERR,ERR,ERR,ERR,ERR,ERR,ERR,ERR,ERR,ERR,ERR,ERR,ERR,ERR,ERR,ERR,ERR,ERR,ERR,ERR,ERR,ERR,ERR,ERR,ERR,ERR,ERR,ERR,ERR,ERR,ERR,ERR,ERR,ERR,ERR,ERR,ERR,ERR,ERR,ERR,ERR,ERR,ERR,ERR,ERR,ERR,ERR,ERR,ERR,ERR,ERR,ERR,ERR,ERR,ERR,ERR,ERR,ERR,ERR,ERR,ERR,ERR,ERR,ERR,ERR,ERR,ERR,ERR,ERR,ERR,ERR,ERR,ERR,ERR,ERR,ERR,ERR,ERR,ERR,ERR,ERR,ERR,ERR,ERR,ERR,ERR,ERR,ERR,ERR,ERR,ERR,ERR,ERR,ERR,ERR,ERR,ERR,ERR,ERR,ERR,ERR,ERR,ERR,ERR,ERR,ERR,ERR,ERR,ERR,ERR,ERR,ERR,ERR,ERR,ERR,-0.0,0.0,3.039990997430017e+23,0.0,0.0,0.0,0.0,nan,0,0,0,32768,0,0.0,0,0.0,0.0,0.0,0.0,0.0,0,0,0,0,0.0,0,0,0,0,0,0,0,0,0,0,0,0,0,0,0,0,0,0,0,0,0,0,0,0,0,0,0,0,0,0,0,0,0,0,0,0,0,0,0,0,0,0,0,0,0.0,0.0,0.0,0.0,0.0,0.0,0.0,0.0,0.0,0.0,0.0,0.0,0.0,0.0,0.0,0.0,0.0,0.0,0.0,0.0,0.0,0.0,2.004,0.0,-0.0,0.0,0.0,0.0,0.0,0.0,3403.5,-8608108544.0,0.0,-0.0,0.0,2.7184274988523002e+23,0.0,0.0,0.0,0.0,0.0,0,3.222024165466893e+26,89220.062,0.0,0.0,0.0,0.0,0.0,0.0,0.0,0,0,0,0.0,0.0,0.0,0.0,0.0,0.0,0.0,0.0,0.0,0.0,0.0,0.0,0.0,0.0,0.0,0.0,0,-107875648.0,0,0.0,0,-107875648.0,-0.0,0,0,17040,39322,17054,26215,17038,0,0,0,110,100,100,-0.0,64.0,0.0,64.5,0.0,69.0,1,49,50,180,13107,13107,0,0,0.0,0.0,0.0,0.0,4.508392899212118e+31,65.0,0.0,0.0,0.0,646,0,690,0,0,0,720,0,793,0,711,0,690,0,645,0,643,0,614,0.032,55836672.0,-0.0,-0.0,55440,16787,1.1818481481710614e+37,0.0,-1157140.25,-663745088.0,8945907387072512.0,3.6882071342219734e+24,29.0,60.0,70,0.0,0.0,0.0,0.0,0.0,0.0,0.0,0.0,0.0,0.0,0.0,0.0,0.0,0.0,0.0,0.0,59.2,69,11,65508,41,65476,0,300,0,0,8,20529,65476,0,0,61604,60.0,0.0,0.0,0.0,0.0,0.0
2026-04-04T11:00:37,ERR,ERR,ERR,ERR,ERR,ERR,ERR,ERR,ERR,ERR,ERR,ERR,ERR,ERR,ERR,ERR,ERR,ERR,ERR,ERR,ERR,ERR,ERR,ERR,ERR,ERR,ERR,ERR,ERR,ERR,ERR,ERR,ERR,ERR,ERR,ERR,ERR,ERR,ERR,ERR,ERR,ERR,ERR,ERR,ERR,ERR,ERR,ERR,ERR,ERR,ERR,ERR,ERR,ERR,ERR,ERR,ERR,ERR,ERR,ERR,ERR,ERR,ERR,ERR,ERR,ERR,ERR,ERR,ERR,ERR,ERR,ERR,ERR,ERR,ERR,ERR,ERR,ERR,ERR,ERR,ERR,ERR,ERR,ERR,ERR,ERR,ERR,ERR,ERR,ERR,ERR,ERR,ERR,ERR,ERR,ERR,ERR,ERR,ERR,ERR,ERR,ERR,ERR,ERR,ERR,ERR,ERR,ERR,ERR,ERR,ERR,ERR,ERR,ERR,ERR,ERR,ERR,ERR,ERR,ERR,ERR,ERR,ERR,ERR,ERR,-0.0,0.0,3.039990997430017e+23,0.0,0.0,0.0,0.0,nan,0,0,0,32768,0,0.0,0,0.0,0.0,0.0,0.0,0.0,0,0,0,0,0.0,0,0,0,0,0,0,0,0,0,0,0,0,0,0,0,0,0,0,0,0,0,0,0,0,0,0,0,0,0,0,0,0,0,0,0,0,0,0,0,0,0,0,0,0,0.0,0.0,0.0,0.0,0.0,0.0,0.0,0.0,0.0,0.0,0.0,0.0,0.0,0.0,0.0,0.0,0.0,0.0,0.0,0.0,0.0,0.0,2.004,0.0,-0.0,0.0,0.0,0.0,0.0,0.0,3403.5,-8608108544.0,0.0,-0.0,0.0,2.7184274988523002e+23,0.0,0.0,0.0,0.0,0.0,0,3.222024165466893e+26,89220.062,0.0,0.0,0.0,0.0,0.0,0.0,0.0,0,0,0,0.0,0.0,0.0,0.0,0.0,0.0,0.0,0.0,0.0,0.0,0.0,0.0,0.0,0.0,0.0,0.0,0,-107875648.0,0,0.0,0,-107875648.0,-0.0,0,0,17040,39322,17054,26215,17038,0,0,0,110,100,100,-0.0,64.0,0.0,64.5,0.0,69.0,1,49,50,180,13107,13107,0,0,0.0,0.0,0.0,0.0,4.508392899212118e+31,65.0,0.0,0.0,0.0,646,0,690,0,0,0,720,0,793,0,711,0,690,0,645,0,643,0,614,0.032,55836672.0,-0.0,-0.0,55440,16787,1.1818481481710614e+37,0.0,-1157140.25,-663745088.0,8945907387072512.0,3.6882071342219734e+24,29.0,60.0,70,0.0,0.0,0.0,0.0,0.0,0.0,0.0,0.0,0.0,0.0,0.0,0.0,0.0,0.0,0.0,0.0,59.2,69,11,65508,41,65476,0,300,0,0,8,20529,65476,0,0,61604,60.0,0.0,0.0,0.0,0.0,0.0
2026-04-04T11:00:38,ERR,ERR,ERR,ERR,ERR,ERR,ERR,ERR,ERR,ERR,ERR,ERR,ERR,ERR,ERR,ERR,ERR,ERR,ERR,ERR,ERR,ERR,ERR,ERR,ERR,ERR,ERR,ERR,ERR,ERR,ERR,ERR,ERR,ERR,ERR,ERR,ERR,ERR,ERR,ERR,ERR,ERR,ERR,ERR,ERR,ERR,ERR,ERR,ERR,ERR,ERR,ERR,ERR,ERR,ERR,ERR,ERR,ERR,ERR,ERR,ERR,ERR,ERR,ERR,ERR,ERR,ERR,ERR,ERR,ERR,ERR,ERR,ERR,ERR,ERR,ERR,ERR,ERR,ERR,ERR,ERR,ERR,ERR,ERR,ERR,ERR,ERR,ERR,ERR,ERR,ERR,ERR,ERR,ERR,ERR,ERR,ERR,ERR,ERR,ERR,ERR,ERR,ERR,ERR,ERR,ERR,ERR,ERR,ERR,ERR,ERR,ERR,ERR,ERR,ERR,ERR,ERR,ERR,ERR,ERR,ERR,ERR,ERR,ERR,ERR,-0.0,0.0,3.039990997430017e+23,0.0,0.0,0.0,0.0,nan,0,0,0,32768,0,0.0,0,0.0,0.0,0.0,0.0,0.0,0,0,0,0,0.0,0,0,0,0,0,0,0,0,0,0,0,0,0,0,0,0,0,0,0,0,0,0,0,0,0,0,0,0,0,0,0,0,0,0,0,0,0,0,0,0,0,0,0,0,0.0,0.0,0.0,0.0,0.0,0.0,0.0,0.0,0.0,0.0,0.0,0.0,0.0,0.0,0.0,0.0,0.0,0.0,0.0,0.0,0.0,0.0,2.004,0.0,-0.0,0.0,0.0,0.0,0.0,0.0,3403.5,-8608108544.0,0.0,-0.0,0.0,2.7184274988523002e+23,0.0,0.0,0.0,0.0,0.0,0,3.222024165466893e+26,89220.062,0.0,0.0,0.0,0.0,0.0,0.0,0.0,0,0,0,0.0,0.0,0.0,0.0,0.0,0.0,0.0,0.0,0.0,0.0,0.0,0.0,0.0,0.0,0.0,0.0,0,-107875648.0,0,0.0,0,-107875648.0,-0.0,0,0,17040,39322,17054,26215,17038,0,0,0,110,100,100,-0.0,64.0,0.0,64.5,0.0,69.0,1,49,50,180,13107,13107,0,0,0.0,0.0,0.0,0.0,4.508392899212118e+31,65.0,0.0,0.0,0.0,646,0,690,0,0,0,720,0,793,0,711,0,690,0,645,0,643,0,614,0.032,55836672.0,-0.0,-0.0,55440,16787,1.1818481481710614e+37,0.0,-1157140.25,-663745088.0,8945907387072512.0,3.6882071342219734e+24,29.0,60.0,70,0.0,0.0,0.0,0.0,0.0,0.0,0.0,0.0,0.0,0.0,0.0,0.0,0.0,0.0,0.0,0.0,59.6,69,11,65508,41,65476,0,300,0,0,8,20529,65476,0,0,61604,60.0,0.0,0.0,0.0,0.0,0.0
2026-04-04T11:00:39,ERR,ERR,ERR,ERR,ERR,ERR,ERR,ERR,ERR,ERR,ERR,ERR,ERR,ERR,ERR,ERR,ERR,ERR,ERR,ERR,ERR,ERR,ERR,ERR,ERR,ERR,ERR,ERR,ERR,ERR,ERR,ERR,ERR,ERR,ERR,ERR,ERR,ERR,ERR,ERR,ERR,ERR,ERR,ERR,ERR,ERR,ERR,ERR,ERR,ERR,ERR,ERR,ERR,ERR,ERR,ERR,ERR,ERR,ERR,ERR,ERR,ERR,ERR,ERR,ERR,ERR,ERR,ERR,ERR,ERR,ERR,ERR,ERR,ERR,ERR,ERR,ERR,ERR,ERR,ERR,ERR,ERR,ERR,ERR,ERR,ERR,ERR,ERR,ERR,ERR,ERR,ERR,ERR,ERR,ERR,ERR,ERR,ERR,ERR,ERR,ERR,ERR,ERR,ERR,ERR,ERR,ERR,ERR,ERR,ERR,ERR,ERR,ERR,ERR,ERR,ERR,ERR,ERR,ERR,ERR,ERR,ERR,ERR,ERR,ERR,-0.0,0.0,3.039990997430017e+23,0.0,0.0,0.0,0.0,nan,0,0,0,32768,0,0.0,0,0.0,0.0,0.0,0.0,0.0,0,0,0,0,0.0,0,0,0,0,0,0,0,0,0,0,0,0,0,0,0,0,0,0,0,0,0,0,0,0,0,0,0,0,0,0,0,0,0,0,0,0,0,0,0,0,0,0,0,0,0.0,0.0,0.0,0.0,0.0,0.0,0.0,0.0,0.0,0.0,0.0,0.0,0.0,0.0,0.0,0.0,0.0,0.0,0.0,0.0,0.0,0.0,2.004,0.0,-0.0,0.0,0.0,0.0,0.0,0.0,3403.5,-8608108544.0,0.0,-0.0,0.0,2.7184274988523002e+23,0.0,0.0,0.0,0.0,0.0,0,3.222024165466893e+26,89220.062,0.0,0.0,0.0,0.0,0.0,0.0,0.0,0,0,0,0.0,0.0,0.0,0.0,0.0,0.0,0.0,0.0,0.0,0.0,0.0,0.0,0.0,0.0,0.0,0.0,0,-107875648.0,0,0.0,0,-107875648.0,-0.0,0,0,17040,39322,17054,26215,17038,0,0,0,110,100,100,-0.0,64.0,0.0,64.5,0.0,69.0,1,49,50,180,13107,13107,0,0,0.0,0.0,0.0,0.0,4.508392899212118e+31,65.0,0.0,0.0,0.0,646,0,690,0,0,0,720,0,793,0,711,0,690,0,645,0,643,0,614,0.032,55836672.0,-0.0,-0.0,55440,16787,1.1818481481710614e+37,0.0,-1157140.25,-663745088.0,8945907387072512.0,3.6882071342219734e+24,29.0,60.0,70,0.0,0.0,0.0,0.0,0.0,0.0,0.0,0.0,0.0,0.0,0.0,0.0,0.0,0.0,0.0,0.0,59.6,69,11,65508,41,65476,0,300,0,0,8,20529,65476,0,0,61604,60.0,0.0,0.0,0.0,0.0,0.0
2026-04-04T11:00:40,ERR,ERR,ERR,ERR,ERR,ERR,ERR,ERR,ERR,ERR,ERR,ERR,ERR,ERR,ERR,ERR,ERR,ERR,ERR,ERR,ERR,ERR,ERR,ERR,ERR,ERR,ERR,ERR,ERR,ERR,ERR,ERR,ERR,ERR,ERR,ERR,ERR,ERR,ERR,ERR,ERR,ERR,ERR,ERR,ERR,ERR,ERR,ERR,ERR,ERR,ERR,ERR,ERR,ERR,ERR,ERR,ERR,ERR,ERR,ERR,ERR,ERR,ERR,ERR,ERR,ERR,ERR,ERR,ERR,ERR,ERR,ERR,ERR,ERR,ERR,ERR,ERR,ERR,ERR,ERR,ERR,ERR,ERR,ERR,ERR,ERR,ERR,ERR,ERR,ERR,ERR,ERR,ERR,ERR,ERR,ERR,ERR,ERR,ERR,ERR,ERR,ERR,ERR,ERR,ERR,ERR,ERR,ERR,ERR,ERR,ERR,ERR,ERR,ERR,ERR,ERR,ERR,ERR,ERR,ERR,ERR,ERR,ERR,ERR,ERR,-0.0,0.0,3.039990997430017e+23,0.0,0.0,0.0,0.0,nan,0,0,0,32768,0,0.0,0,0.0,0.0,0.0,0.0,0.0,0,0,0,0,0.0,0,0,0,0,0,0,0,0,0,0,0,0,0,0,0,0,0,0,0,0,0,0,0,0,0,0,0,0,0,0,0,0,0,0,0,0,0,0,0,0,0,0,0,0,0.0,0.0,0.0,0.0,0.0,0.0,0.0,0.0,0.0,0.0,0.0,0.0,0.0,0.0,0.0,0.0,0.0,0.0,0.0,0.0,0.0,0.0,2.004,0.0,-0.0,0.0,0.0,0.0,0.0,0.0,3419.0,0.0,0.0,-0.0,0.0,2.7184274988523002e+23,0.0,0.0,0.0,0.0,0.0,0,1.9056958870913024e+17,1.905674927650898e+17,0.0,0.0,0.0,0.0,0.0,0.0,0.0,0,0,0,0.0,0.0,0.0,0.0,0.0,0.0,0.0,0.0,0.0,0.0,0.0,0.0,0.0,0.0,0.0,0.0,0,-107875648.0,0,0.0,0,-107875648.0,-0.0,0,0,17040,39322,17054,26215,17038,0,0,0,110,100,100,-0.0,64.0,0.0,64.5,0.0,69.0,1,49,50,180,13107,13107,0,0,0.0,0.0,0.0,0.0,4.508392899212118e+31,65.0,0.0,0.0,0.0,646,0,690,0,0,0,720,0,793,0,711,0,690,0,645,0,643,0,614,0.032,55836672.0,-0.0,-0.0,55440,16787,1.1818481481710614e+37,0.0,-1157140.25,-663745088.0,8945907387072512.0,3.6882071342219734e+24,29.0,60.0,70,0.0,0.0,0.0,0.0,0.0,0.0,0.0,0.0,0.0,0.0,0.0,0.0,0.0,0.0,0.0,0.0,59.2,69,11,65508,41,65476,0,300,0,0,8,20529,65476,0,0,61604,60.0,0.0,0.0,0.0,0.0,0.0
2026-04-04T11:00:41,ERR,ERR,ERR,ERR,ERR,ERR,ERR,ERR,ERR,ERR,ERR,ERR,ERR,ERR,ERR,ERR,ERR,ERR,ERR,ERR,ERR,ERR,ERR,ERR,ERR,ERR,ERR,ERR,ERR,ERR,ERR,ERR,ERR,ERR,ERR,ERR,ERR,ERR,ERR,ERR,ERR,ERR,ERR,ERR,ERR,ERR,ERR,ERR,ERR,ERR,ERR,ERR,ERR,ERR,ERR,ERR,ERR,ERR,ERR,ERR,ERR,ERR,ERR,ERR,ERR,ERR,ERR,ERR,ERR,ERR,ERR,ERR,ERR,ERR,ERR,ERR,ERR,ERR,ERR,ERR,ERR,ERR,ERR,ERR,ERR,ERR,ERR,ERR,ERR,ERR,ERR,ERR,ERR,ERR,ERR,ERR,ERR,ERR,ERR,ERR,ERR,ERR,ERR,ERR,ERR,ERR,ERR,ERR,ERR,ERR,ERR,ERR,ERR,ERR,ERR,ERR,ERR,ERR,ERR,ERR,ERR,ERR,ERR,ERR,ERR,-0.0,0.0,3.039990997430017e+23,0.0,0.0,0.0,0.0,nan,0,0,0,32768,0,0.0,0,0.0,0.0,0.0,0.0,0.0,0,0,0,0,0.0,0,0,0,0,0,0,0,0,0,0,0,0,0,0,0,0,0,0,0,0,0,0,0,0,0,0,0,0,0,0,0,0,0,0,0,0,0,0,0,0,0,0,0,0,0.0,0.0,0.0,0.0,0.0,0.0,0.0,0.0,0.0,0.0,0.0,0.0,0.0,0.0,0.0,0.0,0.0,0.0,0.0,0.0,0.0,0.0,2.004,0.0,-0.0,0.0,0.0,0.0,0.0,0.0,3419.0,0.0,0.0,-0.0,0.0,2.7184274988523002e+23,0.0,0.0,0.0,0.0,0.0,0,1.9056958870913024e+17,1.905674927650898e+17,0.0,0.0,0.0,0.0,0.0,0.0,0.0,0,0,0,0.0,0.0,0.0,0.0,0.0,0.0,0.0,0.0,0.0,0.0,0.0,0.0,0.0,0.0,0.0,0.0,0,-107875648.0,0,0.0,0,-107875648.0,-0.0,0,0,17040,39322,17054,13107,17038,0,0,0,110,100,100,-0.0,64.0,0.0,64.0,0.0,69.0,1,49,50,180,13107,39322,0,0,0.0,0.0,0.0,0.0,-0.0,65.0,0.0,-249872607346688.0,0.0,646,0,691,0,0,0,720,0,793,0,711,0,690,0,645,0,643,0,614,0.032,55574528.0,-0.0,-0.0,61072,16787,-0.0,-249872607346688.0,-0.0,-258659154132992.0,0.09,31.407,29.0,60.0,70,0.0,0.0,0.0,0.0,0.0,0.0,0.0,0.0,0.0,0.0,0.0,0.0,0.0,0.0,0.0,0.0,59.2,69,11,65508,41,65476,0,300,0,0,8,20529,65476,0,0,61604,60.0,0.0,0.0,0.0,0.0,0.0
2026-04-04T11:00:42,ERR,ERR,ERR,ERR,ERR,ERR,ERR,ERR,ERR,ERR,ERR,ERR,ERR,ERR,ERR,ERR,ERR,ERR,ERR,ERR,ERR,ERR,ERR,ERR,ERR,ERR,ERR,ERR,ERR,ERR,ERR,ERR,ERR,ERR,ERR,ERR,ERR,ERR,ERR,ERR,ERR,ERR,ERR,ERR,ERR,ERR,ERR,ERR,ERR,ERR,ERR,ERR,ERR,ERR,ERR,ERR,ERR,ERR,ERR,ERR,ERR,ERR,ERR,ERR,ERR,ERR,ERR,ERR,ERR,ERR,ERR,ERR,ERR,ERR,ERR,ERR,ERR,ERR,ERR,ERR,ERR,ERR,ERR,ERR,ERR,ERR,ERR,ERR,ERR,ERR,ERR,ERR,ERR,ERR,ERR,ERR,ERR,ERR,ERR,ERR,ERR,ERR,ERR,ERR,ERR,ERR,ERR,ERR,ERR,ERR,ERR,ERR,ERR,ERR,ERR,ERR,ERR,ERR,ERR,ERR,ERR,ERR,ERR,ERR,ERR,-0.0,0.0,3.039990997430017e+23,0.0,0.0,0.0,0.0,nan,0,0,0,32768,0,0.0,0,0.0,0.0,0.0,0.0,0.0,0,0,0,0,0.0,0,0,0,0,0,0,0,0,0,0,0,0,0,0,0,0,0,0,0,0,0,0,0,0,0,0,0,0,0,0,0,0,0,0,0,0,0,0,0,0,0,0,0,0,0.0,0.0,0.0,0.0,0.0,0.0,0.0,0.0,0.0,0.0,0.0,0.0,0.0,0.0,0.0,0.0,0.0,0.0,0.0,0.0,0.0,0.0,2.004,0.0,-0.0,0.0,0.0,0.0,0.0,0.0,3419.0,0.0,0.0,-0.0,0.0,2.7184274988523002e+23,0.0,0.0,0.0,0.0,0.0,0,1.9056958870913024e+17,1.905674927650898e+17,0.0,0.0,0.0,0.0,0.0,0.0,0.0,0,0,0,0.0,0.0,0.0,0.0,0.0,0.0,0.0,0.0,0.0,0.0,0.0,0.0,0.0,0.0,0.0,0.0,0,-107875648.0,0,0.0,0,-107875648.0,-0.0,0,0,17040,39322,17054,13107,17038,0,0,0,110,100,100,-0.0,64.0,0.0,64.0,0.0,69.0,1,49,50,180,13107,39322,0,0,0.0,0.0,0.0,0.0,-0.0,65.0,0.0,-249872607346688.0,0.0,646,0,691,0,0,0,720,0,793,0,711,0,690,0,645,0,643,0,614,0.032,55574528.0,-0.0,-0.0,61072,16787,-0.0,-249872607346688.0,-0.0,-258659154132992.0,0.09,31.407,29.0,60.0,70,0.0,0.0,0.0,0.0,0.0,0.0,0.0,0.0,0.0,0.0,0.0,0.0,0.0,0.0,0.0,0.0,59.6,69,11,65508,41,65476,0,300,0,0,8,20529,65476,0,0,61604,60.0,0.0,0.0,0.0,0.0,0.0
2026-04-04T11:00:43,ERR,ERR,ERR,ERR,ERR,ERR,ERR,ERR,ERR,ERR,ERR,ERR,ERR,ERR,ERR,ERR,ERR,ERR,ERR,ERR,ERR,ERR,ERR,ERR,ERR,ERR,ERR,ERR,ERR,ERR,ERR,ERR,ERR,ERR,ERR,ERR,ERR,ERR,ERR,ERR,ERR,ERR,ERR,ERR,ERR,ERR,ERR,ERR,ERR,ERR,ERR,ERR,ERR,ERR,ERR,ERR,ERR,ERR,ERR,ERR,ERR,ERR,ERR,ERR,ERR,ERR,ERR,ERR,ERR,ERR,ERR,ERR,ERR,ERR,ERR,ERR,ERR,ERR,ERR,ERR,ERR,ERR,ERR,ERR,ERR,ERR,ERR,ERR,ERR,ERR,ERR,ERR,ERR,ERR,ERR,ERR,ERR,ERR,ERR,ERR,ERR,ERR,ERR,ERR,ERR,ERR,ERR,ERR,ERR,ERR,ERR,ERR,ERR,ERR,ERR,ERR,ERR,ERR,ERR,ERR,ERR,ERR,ERR,ERR,ERR,-0.0,0.0,3.039990997430017e+23,0.0,0.0,0.0,0.0,nan,0,0,0,32768,0,0.0,0,0.0,0.0,0.0,0.0,0.0,0,0,0,0,0.0,0,0,0,0,0,0,0,0,0,0,0,0,0,0,0,0,0,0,0,0,0,0,0,0,0,0,0,0,0,0,0,0,0,0,0,0,0,0,0,0,0,0,0,0,0.0,0.0,0.0,0.0,0.0,0.0,0.0,0.0,0.0,0.0,0.0,0.0,0.0,0.0,0.0,0.0,0.0,0.0,0.0,0.0,0.0,0.0,2.004,0.0,-0.0,0.0,0.0,0.0,0.0,0.0,3419.0,0.0,0.0,-0.0,0.0,2.7184274988523002e+23,0.0,0.0,0.0,0.0,0.0,0,1.9056958870913024e+17,1.905674927650898e+17,0.0,0.0,0.0,0.0,0.0,0.0,0.0,0,0,0,0.0,0.0,0.0,0.0,0.0,0.0,0.0,0.0,0.0,0.0,0.0,0.0,0.0,0.0,0.0,0.0,0,-107875648.0,0,0.0,0,-107875648.0,-0.0,0,0,17040,39322,17054,13107,17038,0,0,0,110,100,100,-0.0,64.0,0.0,64.0,0.0,69.0,1,49,50,180,13107,39322,0,0,0.0,0.0,0.0,0.0,-0.0,65.0,0.0,-249872607346688.0,0.0,646,0,691,0,0,0,720,0,793,0,711,0,690,0,645,0,643,0,614,0.032,55574528.0,-0.0,-0.0,61072,16787,-0.0,-249872607346688.0,-0.0,-258659154132992.0,0.09,31.407,29.0,60.0,70,0.0,0.0,0.0,0.0,0.0,0.0,0.0,0.0,0.0,0.0,0.0,0.0,0.0,0.0,0.0,0.0,59.6,69,11,65508,41,65476,0,300,0,0,8,20529,65476,0,0,61604,60.0,0.0,0.0,0.0,0.0,0.0
2026-04-04T11:00:44,ERR,ERR,ERR,ERR,ERR,ERR,ERR,ERR,ERR,ERR,ERR,ERR,ERR,ERR,ERR,ERR,ERR,ERR,ERR,ERR,ERR,ERR,ERR,ERR,ERR,ERR,ERR,ERR,ERR,ERR,ERR,ERR,ERR,ERR,ERR,ERR,ERR,ERR,ERR,ERR,ERR,ERR,ERR,ERR,ERR,ERR,ERR,ERR,ERR,ERR,ERR,ERR,ERR,ERR,ERR,ERR,ERR,ERR,ERR,ERR,ERR,ERR,ERR,ERR,ERR,ERR,ERR,ERR,ERR,ERR,ERR,ERR,ERR,ERR,ERR,ERR,ERR,ERR,ERR,ERR,ERR,ERR,ERR,ERR,ERR,ERR,ERR,ERR,ERR,ERR,ERR,ERR,ERR,ERR,ERR,ERR,ERR,ERR,ERR,ERR,ERR,ERR,ERR,ERR,ERR,ERR,ERR,ERR,ERR,ERR,ERR,ERR,ERR,ERR,ERR,ERR,ERR,ERR,ERR,ERR,ERR,ERR,ERR,ERR,ERR,-0.0,0.0,3.039990997430017e+23,0.0,0.0,0.0,0.0,nan,0,0,0,32768,0,0.0,0,0.0,0.0,0.0,0.0,0.0,0,0,0,0,0.0,0,0,0,0,0,0,0,0,0,0,0,0,0,0,0,0,0,0,0,0,0,0,0,0,0,0,0,0,0,0,0,0,0,0,0,0,0,0,0,0,0,0,0,0,0.0,0.0,0.0,0.0,0.0,0.0,0.0,0.0,0.0,0.0,0.0,0.0,0.0,0.0,0.0,0.0,0.0,0.0,0.0,0.0,0.0,0.0,2.004,0.0,-0.0,0.0,0.0,0.0,0.0,0.0,3419.0,0.0,0.0,-0.0,0.0,2.7184274988523002e+23,0.0,0.0,0.0,0.0,0.0,0,1.9056958870913024e+17,1.905674927650898e+17,0.0,0.0,0.0,0.0,0.0,0.0,0.0,0,0,0,0.0,0.0,0.0,0.0,0.0,0.0,0.0,0.0,0.0,0.0,0.0,0.0,0.0,0.0,0.0,0.0,0,-107875648.0,0,0.0,0,-107875648.0,-0.0,0,0,17040,39322,17054,13107,17038,0,0,0,110,100,100,-0.0,64.0,0.0,64.0,0.0,69.0,1,49,50,180,13107,39322,0,0,0.0,0.0,0.0,0.0,-0.0,65.0,0.0,-249872607346688.0,0.0,646,0,691,0,0,0,720,0,793,0,711,0,690,0,645,0,643,0,614,0.032,55574528.0,-0.0,-0.0,61072,16787,-0.0,-249872607346688.0,-0.0,-258659154132992.0,0.09,31.407,29.0,60.0,70,0.0,0.0,0.0,0.0,0.0,0.0,0.0,0.0,0.0,0.0,0.0,0.0,0.0,0.0,0.0,0.0,59.6,69,11,65508,41,65476,0,300,0,0,8,20529,65476,0,0,61604,60.0,0.0,0.0,0.0,0.0,0.0
2026-04-04T11:00:45,ERR,ERR,ERR,ERR,ERR,ERR,ERR,ERR,ERR,ERR,ERR,ERR,ERR,ERR,ERR,ERR,ERR,ERR,ERR,ERR,ERR,ERR,ERR,ERR,ERR,ERR,ERR,ERR,ERR,ERR,ERR,ERR,ERR,ERR,ERR,ERR,ERR,ERR,ERR,ERR,ERR,ERR,ERR,ERR,ERR,ERR,ERR,ERR,ERR,ERR,ERR,ERR,ERR,ERR,ERR,ERR,ERR,ERR,ERR,ERR,ERR,ERR,ERR,ERR,ERR,ERR,ERR,ERR,ERR,ERR,ERR,ERR,ERR,ERR,ERR,ERR,ERR,ERR,ERR,ERR,ERR,ERR,ERR,ERR,ERR,ERR,ERR,ERR,ERR,ERR,ERR,ERR,ERR,ERR,ERR,ERR,ERR,ERR,ERR,ERR,ERR,ERR,ERR,ERR,ERR,ERR,ERR,ERR,ERR,ERR,ERR,ERR,ERR,ERR,ERR,ERR,ERR,ERR,ERR,ERR,ERR,ERR,ERR,ERR,ERR,-0.0,0.0,3.039990997430017e+23,0.0,0.0,0.0,0.0,nan,0,0,0,32768,0,0.0,0,0.0,0.0,0.0,0.0,0.0,0,0,0,0,0.0,0,0,0,0,0,0,0,0,0,0,0,0,0,0,0,0,0,0,0,0,0,0,0,0,0,0,0,0,0,0,0,0,0,0,0,0,0,0,0,0,0,0,0,0,0.0,0.0,0.0,0.0,0.0,0.0,0.0,0.0,0.0,0.0,0.0,0.0,0.0,0.0,0.0,0.0,0.0,0.0,0.0,0.0,0.0,0.0,2.004,0.0,-0.0,0.0,0.0,0.0,0.0,0.0,3419.0,0.0,0.0,-0.0,0.0,2.7184274988523002e+23,0.0,0.0,0.0,0.0,0.0,0,1.9056958870913024e+17,1.905674927650898e+17,0.0,0.0,0.0,0.0,0.0,0.0,0.0,0,0,0,0.0,0.0,0.0,0.0,0.0,0.0,0.0,0.0,0.0,0.0,0.0,0.0,0.0,0.0,0.0,0.0,0,-107875648.0,0,0.0,0,-107875648.0,-0.0,0,0,17040,39322,17054,13107,17038,0,0,0,110,100,100,-0.0,64.0,0.0,64.0,0.0,69.0,1,49,50,180,13107,39322,0,0,0.0,0.0,0.0,0.0,-0.0,65.0,0.0,-249872607346688.0,0.0,646,0,691,0,0,0,720,0,793,0,711,0,690,0,645,0,643,0,614,0.032,55574528.0,-0.0,-0.0,61072,16787,-0.0,-249872607346688.0,-0.0,-258659154132992.0,0.09,31.407,29.0,60.0,70,0.0,0.0,0.0,0.0,0.0,0.0,0.0,0.0,0.0,0.0,0.0,0.0,0.0,0.0,0.0,0.0,59.2,69,11,65508,41,65476,0,300,0,0,8,20529,65476,0,0,61604,60.0,0.0,0.0,0.0,0.0,0.0
2026-04-04T11:00:46,ERR,ERR,ERR,ERR,ERR,ERR,ERR,ERR,ERR,ERR,ERR,ERR,ERR,ERR,ERR,ERR,ERR,ERR,ERR,ERR,ERR,ERR,ERR,ERR,ERR,ERR,ERR,ERR,ERR,ERR,ERR,ERR,ERR,ERR,ERR,ERR,ERR,ERR,ERR,ERR,ERR,ERR,ERR,ERR,ERR,ERR,ERR,ERR,ERR,ERR,ERR,ERR,ERR,ERR,ERR,ERR,ERR,ERR,ERR,ERR,ERR,ERR,ERR,ERR,ERR,ERR,ERR,ERR,ERR,ERR,ERR,ERR,ERR,ERR,ERR,ERR,ERR,ERR,ERR,ERR,ERR,ERR,ERR,ERR,ERR,ERR,ERR,ERR,ERR,ERR,ERR,ERR,ERR,ERR,ERR,ERR,ERR,ERR,ERR,ERR,ERR,ERR,ERR,ERR,ERR,ERR,ERR,ERR,ERR,ERR,ERR,ERR,ERR,ERR,ERR,ERR,ERR,ERR,ERR,ERR,ERR,ERR,ERR,ERR,ERR,-0.0,0.0,3.039990997430017e+23,0.0,0.0,0.0,0.0,nan,0,0,0,32768,0,0.0,0,0.0,0.0,0.0,0.0,0.0,0,0,0,0,0.0,0,0,0,0,0,0,0,0,0,0,0,0,0,0,0,0,0,0,0,0,0,0,0,0,0,0,0,0,0,0,0,0,0,0,0,0,0,0,0,0,0,0,0,0,0.0,0.0,0.0,0.0,0.0,0.0,0.0,0.0,0.0,0.0,0.0,0.0,0.0,0.0,0.0,0.0,0.0,0.0,0.0,0.0,0.0,0.0,2.004,0.0,-0.0,0.0,0.0,0.0,0.0,0.0,3419.0,0.0,0.0,-0.0,0.0,2.7184274988523002e+23,0.0,0.0,0.0,0.0,0.0,0,1.9056958870913024e+17,1.905674927650898e+17,0.0,0.0,0.0,0.0,0.0,0.0,0.0,0,0,0,0.0,0.0,0.0,0.0,0.0,0.0,0.0,0.0,0.0,0.0,0.0,0.0,0.0,0.0,0.0,0.0,0,-107875648.0,0,0.0,0,-107875648.0,-0.0,0,0,17040,39322,17054,13107,17038,0,0,0,110,100,100,-0.0,64.0,0.0,64.5,0.0,69.0,1,49,50,180,13107,13107,0,0,0.0,0.0,0.0,0.0,-0.0,65.0,0.0,-0.0,0.0,646,0,691,0,0,0,721,0,793,0,711,0,690,0,645,0,643,0,614,0.032,40632320.0,-0.0,-0.0,45968,16787,1.0651090381574916e+38,-0.0,0.0,4.473007528551912e+27,-5.558099242821007e+37,-6.782172722586305e+26,29.0,60.0,70,0.0,0.0,0.0,0.0,0.0,0.0,0.0,0.0,0.0,0.0,0.0,0.0,0.0,0.0,0.0,0.0,59.2,69,11,65508,41,65476,0,300,0,0,8,20529,65476,0,0,61604,60.0,0.0,0.0,0.0,0.0,0.0
2026-04-04T11:00:47,ERR,ERR,ERR,ERR,ERR,ERR,ERR,ERR,ERR,ERR,ERR,ERR,ERR,ERR,ERR,ERR,ERR,ERR,ERR,ERR,ERR,ERR,ERR,ERR,ERR,ERR,ERR,ERR,ERR,ERR,ERR,ERR,ERR,ERR,ERR,ERR,ERR,ERR,ERR,ERR,ERR,ERR,ERR,ERR,ERR,ERR,ERR,ERR,ERR,ERR,ERR,ERR,ERR,ERR,ERR,ERR,ERR,ERR,ERR,ERR,ERR,ERR,ERR,ERR,ERR,ERR,ERR,ERR,ERR,ERR,ERR,ERR,ERR,ERR,ERR,ERR,ERR,ERR,ERR,ERR,ERR,ERR,ERR,ERR,ERR,ERR,ERR,ERR,ERR,ERR,ERR,ERR,ERR,ERR,ERR,ERR,ERR,ERR,ERR,ERR,ERR,ERR,ERR,ERR,ERR,ERR,ERR,ERR,ERR,ERR,ERR,ERR,ERR,ERR,ERR,ERR,ERR,ERR,ERR,ERR,ERR,ERR,ERR,ERR,ERR,-0.0,0.0,3.039990997430017e+23,0.0,0.0,0.0,0.0,nan,0,0,0,32768,0,0.0,0,0.0,0.0,0.0,0.0,0.0,0,0,0,0,0.0,0,0,0,0,0,0,0,0,0,0,0,0,0,0,0,0,0,0,0,0,0,0,0,0,0,0,0,0,0,0,0,0,0,0,0,0,0,0,0,0,0,0,0,0,0.0,0.0,0.0,0.0,0.0,0.0,0.0,0.0,0.0,0.0,0.0,0.0,0.0,0.0,0.0,0.0,0.0,0.0,0.0,0.0,0.0,0.0,2.004,0.0,-0.0,0.0,0.0,0.0,0.0,0.0,3416.5,0.0,0.0,-0.0,0.0,2.7184274988523002e+23,0.0,0.0,0.0,0.0,0.0,0,71.63,5.848030330147387e+35,0.0,0.0,0.0,0.0,0.0,0.0,0.0,0,0,0,0.0,0.0,0.0,0.0,0.0,0.0,0.0,0.0,0.0,0.0,0.0,0.0,0.0,0.0,0.0,0.0,0,-107875648.0,0,0.0,0,-107875648.0,-0.0,0,0,17040,39322,17054,13107,17038,0,0,0,110,100,100,-0.0,64.0,0.0,64.5,0.0,69.0,1,49,50,180,13107,13107,0,0,0.0,0.0,0.0,0.0,-0.0,65.0,0.0,-0.0,0.0,646,0,691,0,0,0,721,0,793,0,711,0,690,0,645,0,643,0,614,0.032,40632320.0,-0.0,-0.0,45968,16787,1.0651090381574916e+38,-0.0,0.0,4.473007528551912e+27,-5.558099242821007e+37,-6.782172722586305e+26,29.0,60.0,70,0.0,0.0,0.0,0.0,0.0,0.0,0.0,0.0,0.0,0.0,0.0,0.0,0.0,0.0,0.0,0.0,59.2,69,11,65508,41,65476,0,300,0,0,8,20529,65476,0,0,61604,60.0,0.0,0.0,0.0,0.0,0.0
2026-04-04T11:00:48,ERR,ERR,ERR,ERR,ERR,ERR,ERR,ERR,ERR,ERR,ERR,ERR,ERR,ERR,ERR,ERR,ERR,ERR,ERR,ERR,ERR,ERR,ERR,ERR,ERR,ERR,ERR,ERR,ERR,ERR,ERR,ERR,ERR,ERR,ERR,ERR,ERR,ERR,ERR,ERR,ERR,ERR,ERR,ERR,ERR,ERR,ERR,ERR,ERR,ERR,ERR,ERR,ERR,ERR,ERR,ERR,ERR,ERR,ERR,ERR,ERR,ERR,ERR,ERR,ERR,ERR,ERR,ERR,ERR,ERR,ERR,ERR,ERR,ERR,ERR,ERR,ERR,ERR,ERR,ERR,ERR,ERR,ERR,ERR,ERR,ERR,ERR,ERR,ERR,ERR,ERR,ERR,ERR,ERR,ERR,ERR,ERR,ERR,ERR,ERR,ERR,ERR,ERR,ERR,ERR,ERR,ERR,ERR,ERR,ERR,ERR,ERR,ERR,ERR,ERR,ERR,ERR,ERR,ERR,ERR,ERR,ERR,ERR,ERR,ERR,-0.0,0.0,3.039990997430017e+23,0.0,0.0,0.0,0.0,nan,0,0,0,32768,0,0.0,0,0.0,0.0,0.0,0.0,0.0,0,0,0,0,0.0,0,0,0,0,0,0,0,0,0,0,0,0,0,0,0,0,0,0,0,0,0,0,0,0,0,0,0,0,0,0,0,0,0,0,0,0,0,0,0,0,0,0,0,0,0.0,0.0,0.0,0.0,0.0,0.0,0.0,0.0,0.0,0.0,0.0,0.0,0.0,0.0,0.0,0.0,0.0,0.0,0.0,0.0,0.0,0.0,2.004,0.0,-0.0,0.0,0.0,0.0,0.0,0.0,3416.5,0.0,0.0,-0.0,0.0,2.7184274988523002e+23,0.0,0.0,0.0,0.0,0.0,0,71.63,5.848030330147387e+35,0.0,0.0,0.0,0.0,0.0,0.0,0.0,0,0,0,0.0,0.0,0.0,0.0,0.0,0.0,0.0,0.0,0.0,0.0,0.0,0.0,0.0,0.0,0.0,0.0,0,-107875648.0,0,0.0,0,-107875648.0,-0.0,0,0,17040,39322,17054,13107,17038,0,0,0,110,100,100,-0.0,64.0,0.0,64.5,0.0,69.0,1,49,50,180,13107,13107,0,0,0.0,0.0,0.0,0.0,-0.0,65.0,0.0,-0.0,0.0,646,0,691,0,0,0,721,0,793,0,711,0,690,0,645,0,643,0,614,0.032,40632320.0,-0.0,-0.0,45968,16787,1.0651090381574916e+38,-0.0,0.0,4.473007528551912e+27,-5.558099242821007e+37,-6.782172722586305e+26,29.0,60.0,70,0.0,0.0,0.0,0.0,0.0,0.0,0.0,0.0,0.0,0.0,0.0,0.0,0.0,0.0,0.0,0.0,59.2,69,11,65508,41,65476,0,300,0,0,8,20529,65476,0,0,61604,60.0,0.0,0.0,0.0,0.0,0.0
2026-04-04T11:00:49,ERR,ERR,ERR,ERR,ERR,ERR,ERR,ERR,ERR,ERR,ERR,ERR,ERR,ERR,ERR,ERR,ERR,ERR,ERR,ERR,ERR,ERR,ERR,ERR,ERR,ERR,ERR,ERR,ERR,ERR,ERR,ERR,ERR,ERR,ERR,ERR,ERR,ERR,ERR,ERR,ERR,ERR,ERR,ERR,ERR,ERR,ERR,ERR,ERR,ERR,ERR,ERR,ERR,ERR,ERR,ERR,ERR,ERR,ERR,ERR,ERR,ERR,ERR,ERR,ERR,ERR,ERR,ERR,ERR,ERR,ERR,ERR,ERR,ERR,ERR,ERR,ERR,ERR,ERR,ERR,ERR,ERR,ERR,ERR,ERR,ERR,ERR,ERR,ERR,ERR,ERR,ERR,ERR,ERR,ERR,ERR,ERR,ERR,ERR,ERR,ERR,ERR,ERR,ERR,ERR,ERR,ERR,ERR,ERR,ERR,ERR,ERR,ERR,ERR,ERR,ERR,ERR,ERR,ERR,ERR,ERR,ERR,ERR,ERR,ERR,-0.0,0.0,3.039990997430017e+23,0.0,0.0,0.0,0.0,nan,0,0,0,32768,0,0.0,0,0.0,0.0,0.0,0.0,0.0,0,0,0,0,0.0,0,0,0,0,0,0,0,0,0,0,0,0,0,0,0,0,0,0,0,0,0,0,0,0,0,0,0,0,0,0,0,0,0,0,0,0,0,0,0,0,0,0,0,0,0.0,0.0,0.0,0.0,0.0,0.0,0.0,0.0,0.0,0.0,0.0,0.0,0.0,0.0,0.0,0.0,0.0,0.0,0.0,0.0,0.0,0.0,2.004,0.0,-0.0,0.0,0.0,0.0,0.0,0.0,3416.5,0.0,0.0,-0.0,0.0,2.7184274988523002e+23,0.0,0.0,0.0,0.0,0.0,0,71.63,5.848030330147387e+35,0.0,0.0,0.0,0.0,0.0,0.0,0.0,0,0,0,0.0,0.0,0.0,0.0,0.0,0.0,0.0,0.0,0.0,0.0,0.0,0.0,0.0,0.0,0.0,0.0,0,-107875648.0,0,0.0,0,-107875648.0,-0.0,0,0,17040,39322,17054,13107,17038,0,0,0,110,100,100,-0.0,64.0,0.0,64.5,0.0,69.0,1,49,50,180,13107,13107,0,0,0.0,0.0,0.0,0.0,-0.0,65.0,0.0,-0.0,0.0,646,0,691,0,0,0,721,0,793,0,711,0,690,0,645,0,643,0,614,0.032,40632320.0,-0.0,-0.0,45968,16787,1.0651090381574916e+38,-0.0,0.0,4.473007528551912e+27,-5.558099242821007e+37,-6.782172722586305e+26,29.0,60.0,70,0.0,0.0,0.0,0.0,0.0,0.0,0.0,0.0,0.0,0.0,0.0,0.0,0.0,0.0,0.0,0.0,59.2,69,11,65508,41,65476,0,300,0,0,8,20529,65476,0,0,61604,60.0,0.0,0.0,0.0,0.0,0.0
2026-04-04T11:00:50,ERR,ERR,ERR,ERR,ERR,ERR,ERR,ERR,ERR,ERR,ERR,ERR,ERR,ERR,ERR,ERR,ERR,ERR,ERR,ERR,ERR,ERR,ERR,ERR,ERR,ERR,ERR,ERR,ERR,ERR,ERR,ERR,ERR,ERR,ERR,ERR,ERR,ERR,ERR,ERR,ERR,ERR,ERR,ERR,ERR,ERR,ERR,ERR,ERR,ERR,ERR,ERR,ERR,ERR,ERR,ERR,ERR,ERR,ERR,ERR,ERR,ERR,ERR,ERR,ERR,ERR,ERR,ERR,ERR,ERR,ERR,ERR,ERR,ERR,ERR,ERR,ERR,ERR,ERR,ERR,ERR,ERR,ERR,ERR,ERR,ERR,ERR,ERR,ERR,ERR,ERR,ERR,ERR,ERR,ERR,ERR,ERR,ERR,ERR,ERR,ERR,ERR,ERR,ERR,ERR,ERR,ERR,ERR,ERR,ERR,ERR,ERR,ERR,ERR,ERR,ERR,ERR,ERR,ERR,ERR,ERR,ERR,ERR,ERR,ERR,-0.0,0.0,3.039990997430017e+23,0.0,0.0,0.0,0.0,nan,0,0,0,32768,0,0.0,0,0.0,0.0,0.0,0.0,0.0,0,0,0,0,0.0,0,0,0,0,0,0,0,0,0,0,0,0,0,0,0,0,0,0,0,0,0,0,0,0,0,0,0,0,0,0,0,0,0,0,0,0,0,0,0,0,0,0,0,0,0.0,0.0,0.0,0.0,0.0,0.0,0.0,0.0,0.0,0.0,0.0,0.0,0.0,0.0,0.0,0.0,0.0,0.0,0.0,0.0,0.0,0.0,2.004,0.0,-0.0,0.0,0.0,0.0,0.0,0.0,3416.5,0.0,0.0,-0.0,0.0,2.7184274988523002e+23,0.0,0.0,0.0,0.0,0.0,0,71.63,5.848030330147387e+35,0.0,0.0,0.0,0.0,0.0,0.0,0.0,0,0,0,0.0,0.0,0.0,0.0,0.0,0.0,0.0,0.0,0.0,0.0,0.0,0.0,0.0,0.0,0.0,0.0,0,-107875648.0,0,0.0,0,-107875648.0,-0.0,0,0,17040,39322,17054,13107,17038,0,0,0,110,100,100,-0.0,64.0,0.0,64.5,0.0,69.0,1,49,50,180,13107,13107,0,0,0.0,0.0,0.0,0.0,-0.0,65.0,0.0,-0.0,0.0,646,0,691,0,0,0,721,0,793,0,711,0,690,0,645,0,643,0,614,0.032,40632320.0,-0.0,-0.0,45968,16787,1.0651090381574916e+38,-0.0,0.0,4.473007528551912e+27,-5.558099242821007e+37,-6.782172722586305e+26,29.0,60.0,70,0.0,0.0,0.0,0.0,0.0,0.0,0.0,0.0,0.0,0.0,0.0,0.0,0.0,0.0,0.0,0.0,59.2,69,11,65508,41,65476,0,300,0,0,8,20529,65476,0,0,61604,60.0,0.0,0.0,0.0,0.0,0.0
2026-04-04T11:00:51,ERR,ERR,ERR,ERR,ERR,ERR,ERR,ERR,ERR,ERR,ERR,ERR,ERR,ERR,ERR,ERR,ERR,ERR,ERR,ERR,ERR,ERR,ERR,ERR,ERR,ERR,ERR,ERR,ERR,ERR,ERR,ERR,ERR,ERR,ERR,ERR,ERR,ERR,ERR,ERR,ERR,ERR,ERR,ERR,ERR,ERR,ERR,ERR,ERR,ERR,ERR,ERR,ERR,ERR,ERR,ERR,ERR,ERR,ERR,ERR,ERR,ERR,ERR,ERR,ERR,ERR,ERR,ERR,ERR,ERR,ERR,ERR,ERR,ERR,ERR,ERR,ERR,ERR,ERR,ERR,ERR,ERR,ERR,ERR,ERR,ERR,ERR,ERR,ERR,ERR,ERR,ERR,ERR,ERR,ERR,ERR,ERR,ERR,ERR,ERR,ERR,ERR,ERR,ERR,ERR,ERR,ERR,ERR,ERR,ERR,ERR,ERR,ERR,ERR,ERR,ERR,ERR,ERR,ERR,ERR,ERR,ERR,ERR,ERR,ERR,-0.0,0.0,3.039990997430017e+23,0.0,0.0,0.0,0.0,nan,0,0,0,32768,0,0.0,0,0.0,0.0,0.0,0.0,0.0,0,0,0,0,0.0,0,0,0,0,0,0,0,0,0,0,0,0,0,0,0,0,0,0,0,0,0,0,0,0,0,0,0,0,0,0,0,0,0,0,0,0,0,0,0,0,0,0,0,0,0.0,0.0,0.0,0.0,0.0,0.0,0.0,0.0,0.0,0.0,0.0,0.0,0.0,0.0,0.0,0.0,0.0,0.0,0.0,0.0,0.0,0.0,2.004,0.0,-0.0,0.0,0.0,0.0,0.0,0.0,3416.5,0.0,0.0,-0.0,0.0,2.7184274988523002e+23,0.0,0.0,0.0,0.0,0.0,0,71.63,5.848030330147387e+35,0.0,0.0,0.0,0.0,0.0,0.0,0.0,0,0,0,0.0,0.0,0.0,0.0,0.0,0.0,0.0,0.0,0.0,0.0,0.0,0.0,0.0,0.0,0.0,0.0,0,-107875648.0,0,0.0,0,-107875648.0,-0.0,0,13107,17040,39322,17054,13107,17038,0,0,0,110,100,100,-0.0,64.0,0.0,64.5,0.0,69.0,1,49,50,180,13107,13107,0,0,0.0,0.0,0.0,0.0,5.055117153506051e+25,65.0,0.0,-0.29,0.0,646,0,691,0,0,0,720,0,793,0,711,0,690,0,645,0,643,0,614,0.032,51642368.0,-0.0,-0.0,51344,16787,5.055117153506051e+25,-0.29,0.0,-9.314822491176131e+23,-3.423866156336844e+24,-999301504.0,29.0,60.0,70,0.0,0.0,0.0,0.0,0.0,0.0,0.0,0.0,0.0,0.0,0.0,0.0,0.0,0.0,0.0,0.0,59.2,69,11,65508,41,65476,0,300,0,0,8,20529,65476,0,0,61604,60.0,0.0,0.0,0.0,0.0,0.0
2026-04-04T11:00:52,ERR,ERR,ERR,ERR,ERR,ERR,ERR,ERR,ERR,ERR,ERR,ERR,ERR,ERR,ERR,ERR,ERR,ERR,ERR,ERR,ERR,ERR,ERR,ERR,ERR,ERR,ERR,ERR,ERR,ERR,ERR,ERR,ERR,ERR,ERR,ERR,ERR,ERR,ERR,ERR,ERR,ERR,ERR,ERR,ERR,ERR,ERR,ERR,ERR,ERR,ERR,ERR,ERR,ERR,ERR,ERR,ERR,ERR,ERR,ERR,ERR,ERR,ERR,ERR,ERR,ERR,ERR,ERR,ERR,ERR,ERR,ERR,ERR,ERR,ERR,ERR,ERR,ERR,ERR,ERR,ERR,ERR,ERR,ERR,ERR,ERR,ERR,ERR,ERR,ERR,ERR,ERR,ERR,ERR,ERR,ERR,ERR,ERR,ERR,ERR,ERR,ERR,ERR,ERR,ERR,ERR,ERR,ERR,ERR,ERR,ERR,ERR,ERR,ERR,ERR,ERR,ERR,ERR,ERR,ERR,ERR,ERR,ERR,ERR,ERR,-0.0,0.0,3.039990997430017e+23,0.0,0.0,0.0,0.0,nan,0,0,0,32768,0,0.0,0,0.0,0.0,0.0,0.0,0.0,0,0,0,0,0.0,0,0,0,0,0,0,0,0,0,0,0,0,0,0,0,0,0,0,0,0,0,0,0,0,0,0,0,0,0,0,0,0,0,0,0,0,0,0,0,0,0,0,0,0,0.0,0.0,0.0,0.0,0.0,0.0,0.0,0.0,0.0,0.0,0.0,0.0,0.0,0.0,0.0,0.0,0.0,0.0,0.0,0.0,0.0,0.0,2.004,0.0,-0.0,0.0,0.0,0.0,0.0,0.0,3416.5,0.0,0.0,-0.0,0.0,2.7184274988523002e+23,0.0,0.0,0.0,0.0,0.0,0,71.63,5.848030330147387e+35,0.0,0.0,0.0,0.0,0.0,0.0,0.0,0,0,0,0.0,0.0,0.0,0.0,0.0,0.0,0.0,0.0,0.0,0.0,0.0,0.0,0.0,0.0,0.0,0.0,0,-107875648.0,0,0.0,0,-107875648.0,-0.0,0,13107,17040,39322,17054,13107,17038,0,0,0,110,100,100,-0.0,64.0,0.0,64.5,0.0,69.0,1,49,50,180,13107,13107,0,0,0.0,0.0,0.0,0.0,5.055117153506051e+25,65.0,0.0,-0.29,0.0,646,0,691,0,0,0,720,0,793,0,711,0,690,0,645,0,643,0,614,0.032,51642368.0,-0.0,-0.0,51344,16787,5.055117153506051e+25,-0.29,0.0,-9.314822491176131e+23,-3.423866156336844e+24,-999301504.0,29.0,60.0,70,0.0,0.0,0.0,0.0,0.0,0.0,0.0,0.0,0.0,0.0,0.0,0.0,0.0,0.0,0.0,0.0,59.6,69,11,65508,41,65476,0,300,0,0,8,20529,65476,0,0,61604,60.0,0.0,0.0,0.0,0.0,0.0
2026-04-04T11:00:53,ERR,ERR,ERR,ERR,ERR,ERR,ERR,ERR,ERR,ERR,ERR,ERR,ERR,ERR,ERR,ERR,ERR,ERR,ERR,ERR,ERR,ERR,ERR,ERR,ERR,ERR,ERR,ERR,ERR,ERR,ERR,ERR,ERR,ERR,ERR,ERR,ERR,ERR,ERR,ERR,ERR,ERR,ERR,ERR,ERR,ERR,ERR,ERR,ERR,ERR,ERR,ERR,ERR,ERR,ERR,ERR,ERR,ERR,ERR,ERR,ERR,ERR,ERR,ERR,ERR,ERR,ERR,ERR,ERR,ERR,ERR,ERR,ERR,ERR,ERR,ERR,ERR,ERR,ERR,ERR,ERR,ERR,ERR,ERR,ERR,ERR,ERR,ERR,ERR,ERR,ERR,ERR,ERR,ERR,ERR,ERR,ERR,ERR,ERR,ERR,ERR,ERR,ERR,ERR,ERR,ERR,ERR,ERR,ERR,ERR,ERR,ERR,ERR,ERR,ERR,ERR,ERR,ERR,ERR,ERR,ERR,ERR,ERR,ERR,ERR,-0.0,0.0,3.039990997430017e+23,0.0,0.0,0.0,0.0,nan,0,0,0,32768,0,0.0,0,0.0,0.0,0.0,0.0,0.0,0,0,0,0,0.0,0,0,0,0,0,0,0,0,0,0,0,0,0,0,0,0,0,0,0,0,0,0,0,0,0,0,0,0,0,0,0,0,0,0,0,0,0,0,0,0,0,0,0,0,0.0,0.0,0.0,0.0,0.0,0.0,0.0,0.0,0.0,0.0,0.0,0.0,0.0,0.0,0.0,0.0,0.0,0.0,0.0,0.0,0.0,0.0,2.004,0.0,-0.0,0.0,0.0,0.0,0.0,0.0,3416.5,0.0,0.0,-0.0,0.0,2.7184274988523002e+23,0.0,0.0,0.0,0.0,0.0,0,71.63,5.848030330147387e+35,0.0,0.0,0.0,0.0,0.0,0.0,0.0,0,0,0,0.0,0.0,0.0,0.0,0.0,0.0,0.0,0.0,0.0,0.0,0.0,0.0,0.0,0.0,0.0,0.0,0,-107875648.0,0,0.0,0,-107875648.0,-0.0,0,13107,17040,39322,17054,13107,17038,0,0,0,110,100,100,-0.0,64.0,0.0,64.5,0.0,69.0,1,49,50,180,13107,13107,0,0,0.0,0.0,0.0,0.0,5.055117153506051e+25,65.0,0.0,-0.29,0.0,646,0,691,0,0,0,720,0,793,0,711,0,690,0,645,0,643,0,614,0.032,51642368.0,-0.0,-0.0,51344,16787,5.055117153506051e+25,-0.29,0.0,-9.314822491176131e+23,-3.423866156336844e+24,-999301504.0,29.0,60.0,70,0.0,0.0,0.0,0.0,0.0,0.0,0.0,0.0,0.0,0.0,0.0,0.0,0.0,0.0,0.0,0.0,59.6,69,11,65508,41,65476,0,300,0,0,8,20529,65476,0,0,61604,60.0,0.0,0.0,0.0,0.0,0.0
2026-04-04T11:00:54,ERR,ERR,ERR,ERR,ERR,ERR,ERR,ERR,ERR,ERR,ERR,ERR,ERR,ERR,ERR,ERR,ERR,ERR,ERR,ERR,ERR,ERR,ERR,ERR,ERR,ERR,ERR,ERR,ERR,ERR,ERR,ERR,ERR,ERR,ERR,ERR,ERR,ERR,ERR,ERR,ERR,ERR,ERR,ERR,ERR,ERR,ERR,ERR,ERR,ERR,ERR,ERR,ERR,ERR,ERR,ERR,ERR,ERR,ERR,ERR,ERR,ERR,ERR,ERR,ERR,ERR,ERR,ERR,ERR,ERR,ERR,ERR,ERR,ERR,ERR,ERR,ERR,ERR,ERR,ERR,ERR,ERR,ERR,ERR,ERR,ERR,ERR,ERR,ERR,ERR,ERR,ERR,ERR,ERR,ERR,ERR,ERR,ERR,ERR,ERR,ERR,ERR,ERR,ERR,ERR,ERR,ERR,ERR,ERR,ERR,ERR,ERR,ERR,ERR,ERR,ERR,ERR,ERR,ERR,ERR,ERR,ERR,ERR,ERR,ERR,-0.0,0.0,3.039990997430017e+23,0.0,0.0,0.0,0.0,nan,0,0,0,32768,0,0.0,0,0.0,0.0,0.0,0.0,0.0,0,0,0,0,0.0,0,0,0,0,0,0,0,0,0,0,0,0,0,0,0,0,0,0,0,0,0,0,0,0,0,0,0,0,0,0,0,0,0,0,0,0,0,0,0,0,0,0,0,0,0.0,0.0,0.0,0.0,0.0,0.0,0.0,0.0,0.0,0.0,0.0,0.0,0.0,0.0,0.0,0.0,0.0,0.0,0.0,0.0,0.0,0.0,2.004,0.0,-0.0,0.0,0.0,0.0,0.0,0.0,3416.5,0.0,0.0,-0.0,0.0,2.7184274988523002e+23,0.0,0.0,0.0,0.0,0.0,0,71.63,5.848030330147387e+35,0.0,0.0,0.0,0.0,0.0,0.0,0.0,0,0,0,0.0,0.0,0.0,0.0,0.0,0.0,0.0,0.0,0.0,0.0,0.0,0.0,0.0,0.0,0.0,0.0,0,-107875648.0,0,0.0,0,-107875648.0,-0.0,0,13107,17040,39322,17054,13107,17038,0,0,0,110,100,100,-0.0,64.0,0.0,64.5,0.0,69.0,1,49,50,180,13107,13107,0,0,0.0,0.0,0.0,0.0,5.055117153506051e+25,65.0,0.0,-0.29,0.0,646,0,691,0,0,0,720,0,793,0,711,0,690,0,645,0,643,0,614,0.032,51642368.0,-0.0,-0.0,51344,16787,5.055117153506051e+25,-0.29,0.0,-9.314822491176131e+23,-3.423866156336844e+24,-999301504.0,29.0,60.0,70,0.0,0.0,0.0,0.0,0.0,0.0,0.0,0.0,0.0,0.0,0.0,0.0,0.0,0.0,0.0,0.0,59.6,69,11,65508,41,65476,0,300,0,0,8,20529,65476,0,0,61604,60.0,0.0,0.0,0.0,0.0,0.0
2026-04-04T11:00:55,ERR,ERR,ERR,ERR,ERR,ERR,ERR,ERR,ERR,ERR,ERR,ERR,ERR,ERR,ERR,ERR,ERR,ERR,ERR,ERR,ERR,ERR,ERR,ERR,ERR,ERR,ERR,ERR,ERR,ERR,ERR,ERR,ERR,ERR,ERR,ERR,ERR,ERR,ERR,ERR,ERR,ERR,ERR,ERR,ERR,ERR,ERR,ERR,ERR,ERR,ERR,ERR,ERR,ERR,ERR,ERR,ERR,ERR,ERR,ERR,ERR,ERR,ERR,ERR,ERR,ERR,ERR,ERR,ERR,ERR,ERR,ERR,ERR,ERR,ERR,ERR,ERR,ERR,ERR,ERR,ERR,ERR,ERR,ERR,ERR,ERR,ERR,ERR,ERR,ERR,ERR,ERR,ERR,ERR,ERR,ERR,ERR,ERR,ERR,ERR,ERR,ERR,ERR,ERR,ERR,ERR,ERR,ERR,ERR,ERR,ERR,ERR,ERR,ERR,ERR,ERR,ERR,ERR,ERR,ERR,ERR,ERR,ERR,ERR,ERR,-0.0,0.0,3.039990997430017e+23,0.0,0.0,0.0,0.0,nan,0,0,0,32768,0,0.0,0,0.0,0.0,0.0,0.0,0.0,0,0,0,0,0.0,0,0,0,0,0,0,0,0,0,0,0,0,0,0,0,0,0,0,0,0,0,0,0,0,0,0,0,0,0,0,0,0,0,0,0,0,0,0,0,0,0,0,0,0,0.0,0.0,0.0,0.0,0.0,0.0,0.0,0.0,0.0,0.0,0.0,0.0,0.0,0.0,0.0,0.0,0.0,0.0,0.0,0.0,0.0,0.0,2.004,0.0,-0.0,0.0,0.0,0.0,0.0,0.0,3399.5,-8608108544.0,0.0,-0.0,0.0,2.7184274988523002e+23,0.0,0.0,0.0,0.0,0.0,0,0.0,0.0,0.0,0.0,0.0,0.0,0.0,0.0,0.0,0,0,0,0.0,0.0,0.0,0.0,0.0,0.0,0.0,0.0,0.0,0.0,0.0,0.0,0.0,0.0,0.0,0.0,0,-107875648.0,0,0.0,0,-107875648.0,-107877712.0,0,13107,17040,39322,17054,13107,17038,0,0,0,110,100,100,-0.0,64.0,0.0,64.5,0.0,69.0,1,49,50,180,13107,13107,0,0,0.0,0.0,0.0,0.0,5.055117153506051e+25,65.0,0.0,-0.29,0.0,646,0,691,0,0,0,720,0,793,0,711,0,690,0,645,0,643,0,614,0.032,51642368.0,-0.0,-0.0,51344,16787,5.055117153506051e+25,-0.29,0.0,-9.314822491176131e+23,-3.423866156336844e+24,-999301504.0,29.0,60.0,70,0.0,0.0,0.0,0.0,0.0,0.0,0.0,0.0,0.0,0.0,0.0,0.0,0.0,0.0,0.0,0.0,59.2,69,11,65508,41,65476,0,300,0,0,8,20529,65476,0,0,61604,60.0,0.0,0.0,0.0,0.0,0.0
2026-04-04T11:00:56,ERR,ERR,ERR,ERR,ERR,ERR,ERR,ERR,ERR,ERR,ERR,ERR,ERR,ERR,ERR,ERR,ERR,ERR,ERR,ERR,ERR,ERR,ERR,ERR,ERR,ERR,ERR,ERR,ERR,ERR,ERR,ERR,ERR,ERR,ERR,ERR,ERR,ERR,ERR,ERR,ERR,ERR,ERR,ERR,ERR,ERR,ERR,ERR,ERR,ERR,ERR,ERR,ERR,ERR,ERR,ERR,ERR,ERR,ERR,ERR,ERR,ERR,ERR,ERR,ERR,ERR,ERR,ERR,ERR,ERR,ERR,ERR,ERR,ERR,ERR,ERR,ERR,ERR,ERR,ERR,ERR,ERR,ERR,ERR,ERR,ERR,ERR,ERR,ERR,ERR,ERR,ERR,ERR,ERR,ERR,ERR,ERR,ERR,ERR,ERR,ERR,ERR,ERR,ERR,ERR,ERR,ERR,ERR,ERR,ERR,ERR,ERR,ERR,ERR,ERR,ERR,ERR,ERR,ERR,ERR,ERR,ERR,ERR,ERR,ERR,-0.0,0.0,3.039990997430017e+23,0.0,0.0,0.0,0.0,nan,0,0,0,32768,0,0.0,0,0.0,0.0,0.0,0.0,0.0,0,0,0,0,0.0,0,0,0,0,0,0,0,0,0,0,0,0,0,0,0,0,0,0,0,0,0,0,0,0,0,0,0,0,0,0,0,0,0,0,0,0,0,0,0,0,0,0,0,0,0.0,0.0,0.0,0.0,0.0,0.0,0.0,0.0,0.0,0.0,0.0,0.0,0.0,0.0,0.0,0.0,0.0,0.0,0.0,0.0,0.0,0.0,2.004,0.0,-0.0,0.0,0.0,0.0,0.0,0.0,3399.5,-8608108544.0,0.0,-0.0,0.0,2.7184274988523002e+23,0.0,0.0,0.0,0.0,0.0,0,0.0,0.0,0.0,0.0,0.0,0.0,0.0,0.0,0.0,0,0,0,0.0,0.0,0.0,0.0,0.0,0.0,0.0,0.0,0.0,0.0,0.0,0.0,0.0,0.0,0.0,0.0,0,-107875648.0,0,0.0,0,-107875648.0,-107877712.0,0,13107,17040,39322,17054,13107,17038,0,0,0,110,100,100,-0.0,64.0,0.0,64.5,0.0,69.0,1,49,50,180,13107,0,0,0,0.0,0.0,0.0,0.0,-0.0,65.0,0.0,-152.258,0.0,646,0,690,0,0,0,720,0,793,0,711,0,690,0,645,0,643,0,614,0.032,56098816.0,-0.0,-0.0,45712,16787,1.9707107168207932e+38,-152.258,207503261696.0,-0.0,0.0,0.0,29.0,60.0,70,0.0,0.0,0.0,0.0,0.0,0.0,0.0,0.0,0.0,0.0,0.0,0.0,0.0,0.0,0.0,0.0,59.6,69,11,65508,41,65476,0,300,0,0,8,20529,65476,0,0,61604,60.0,0.0,0.0,0.0,0.0,0.0
2026-04-04T11:00:57,ERR,ERR,ERR,ERR,ERR,ERR,ERR,ERR,ERR,ERR,ERR,ERR,ERR,ERR,ERR,ERR,ERR,ERR,ERR,ERR,ERR,ERR,ERR,ERR,ERR,ERR,ERR,ERR,ERR,ERR,ERR,ERR,ERR,ERR,ERR,ERR,ERR,ERR,ERR,ERR,ERR,ERR,ERR,ERR,ERR,ERR,ERR,ERR,ERR,ERR,ERR,ERR,ERR,ERR,ERR,ERR,ERR,ERR,ERR,ERR,ERR,ERR,ERR,ERR,ERR,ERR,ERR,ERR,ERR,ERR,ERR,ERR,ERR,ERR,ERR,ERR,ERR,ERR,ERR,ERR,ERR,ERR,ERR,ERR,ERR,ERR,ERR,ERR,ERR,ERR,ERR,ERR,ERR,ERR,ERR,ERR,ERR,ERR,ERR,ERR,ERR,ERR,ERR,ERR,ERR,ERR,ERR,ERR,ERR,ERR,ERR,ERR,ERR,ERR,ERR,ERR,ERR,ERR,ERR,ERR,ERR,ERR,ERR,ERR,ERR,-0.0,0.0,3.039990997430017e+23,0.0,0.0,0.0,0.0,nan,0,0,0,32768,0,0.0,0,0.0,0.0,0.0,0.0,0.0,0,0,0,0,0.0,0,0,0,0,0,0,0,0,0,0,0,0,0,0,0,0,0,0,0,0,0,0,0,0,0,0,0,0,0,0,0,0,0,0,0,0,0,0,0,0,0,0,0,0,0.0,0.0,0.0,0.0,0.0,0.0,0.0,0.0,0.0,0.0,0.0,0.0,0.0,0.0,0.0,0.0,0.0,0.0,0.0,0.0,0.0,0.0,2.004,0.0,-0.0,0.0,0.0,0.0,0.0,0.0,3399.5,-8608108544.0,0.0,-0.0,0.0,2.7184274988523002e+23,0.0,0.0,0.0,0.0,0.0,0,0.0,0.0,0.0,0.0,0.0,0.0,0.0,0.0,0.0,0,0,0,0.0,0.0,0.0,0.0,0.0,0.0,0.0,0.0,0.0,0.0,0.0,0.0,0.0,0.0,0.0,0.0,0,-107875648.0,0,0.0,0,-107875648.0,-107877712.0,0,13107,17040,39322,17054,13107,17038,0,0,0,110,100,100,-0.0,64.0,0.0,64.5,0.0,69.0,1,49,50,180,13107,0,0,0,0.0,0.0,0.0,0.0,-0.0,65.0,0.0,-152.258,0.0,646,0,690,0,0,0,720,0,793,0,711,0,690,0,645,0,643,0,614,0.032,56098816.0,-0.0,-0.0,45712,16787,1.9707107168207932e+38,-152.258,207503261696.0,-0.0,0.0,0.0,29.0,60.0,70,0.0,0.0,0.0,0.0,0.0,0.0,0.0,0.0,0.0,0.0,0.0,0.0,0.0,0.0,0.0,0.0,59.6,69,11,65508,41,65476,0,300,0,0,8,20529,65476,0,0,61604,60.0,0.0,0.0,0.0,0.0,0.0
2026-04-04T11:00:58,ERR,ERR,ERR,ERR,ERR,ERR,ERR,ERR,ERR,ERR,ERR,ERR,ERR,ERR,ERR,ERR,ERR,ERR,ERR,ERR,ERR,ERR,ERR,ERR,ERR,ERR,ERR,ERR,ERR,ERR,ERR,ERR,ERR,ERR,ERR,ERR,ERR,ERR,ERR,ERR,ERR,ERR,ERR,ERR,ERR,ERR,ERR,ERR,ERR,ERR,ERR,ERR,ERR,ERR,ERR,ERR,ERR,ERR,ERR,ERR,ERR,ERR,ERR,ERR,ERR,ERR,ERR,ERR,ERR,ERR,ERR,ERR,ERR,ERR,ERR,ERR,ERR,ERR,ERR,ERR,ERR,ERR,ERR,ERR,ERR,ERR,ERR,ERR,ERR,ERR,ERR,ERR,ERR,ERR,ERR,ERR,ERR,ERR,ERR,ERR,ERR,ERR,ERR,ERR,ERR,ERR,ERR,ERR,ERR,ERR,ERR,ERR,ERR,ERR,ERR,ERR,ERR,ERR,ERR,ERR,ERR,ERR,ERR,ERR,ERR,-0.0,0.0,3.039990997430017e+23,0.0,0.0,0.0,0.0,nan,0,0,0,32768,0,0.0,0,0.0,0.0,0.0,0.0,0.0,0,0,0,0,0.0,0,0,0,0,0,0,0,0,0,0,0,0,0,0,0,0,0,0,0,0,0,0,0,0,0,0,0,0,0,0,0,0,0,0,0,0,0,0,0,0,0,0,0,0,0.0,0.0,0.0,0.0,0.0,0.0,0.0,0.0,0.0,0.0,0.0,0.0,0.0,0.0,0.0,0.0,0.0,0.0,0.0,0.0,0.0,0.0,2.004,0.0,-0.0,0.0,0.0,0.0,0.0,0.0,3399.5,-8608108544.0,0.0,-0.0,0.0,2.7184274988523002e+23,0.0,0.0,0.0,0.0,0.0,0,0.0,0.0,0.0,0.0,0.0,0.0,0.0,0.0,0.0,0,0,0,0.0,0.0,0.0,0.0,0.0,0.0,0.0,0.0,0.0,0.0,0.0,0.0,0.0,0.0,0.0,0.0,0,-107875648.0,0,0.0,0,-107875648.0,-107877712.0,0,13107,17040,39322,17054,13107,17038,0,0,0,110,100,100,-0.0,64.0,0.0,64.5,0.0,69.0,1,49,50,180,13107,0,0,0,0.0,0.0,0.0,0.0,-0.0,65.0,0.0,-152.258,0.0,646,0,690,0,0,0,720,0,793,0,711,0,690,0,645,0,643,0,614,0.032,56098816.0,-0.0,-0.0,45712,16787,1.9707107168207932e+38,-152.258,207503261696.0,-0.0,0.0,0.0,29.0,60.0,70,0.0,0.0,0.0,0.0,0.0,0.0,0.0,0.0,0.0,0.0,0.0,0.0,0.0,0.0,0.0,0.0,59.2,69,11,65508,41,65476,0,300,0,0,8,20529,65476,0,0,61604,60.0,0.0,0.0,0.0,0.0,0.0
2026-04-04T11:00:59,ERR,ERR,ERR,ERR,ERR,ERR,ERR,ERR,ERR,ERR,ERR,ERR,ERR,ERR,ERR,ERR,ERR,ERR,ERR,ERR,ERR,ERR,ERR,ERR,ERR,ERR,ERR,ERR,ERR,ERR,ERR,ERR,ERR,ERR,ERR,ERR,ERR,ERR,ERR,ERR,ERR,ERR,ERR,ERR,ERR,ERR,ERR,ERR,ERR,ERR,ERR,ERR,ERR,ERR,ERR,ERR,ERR,ERR,ERR,ERR,ERR,ERR,ERR,ERR,ERR,ERR,ERR,ERR,ERR,ERR,ERR,ERR,ERR,ERR,ERR,ERR,ERR,ERR,ERR,ERR,ERR,ERR,ERR,ERR,ERR,ERR,ERR,ERR,ERR,ERR,ERR,ERR,ERR,ERR,ERR,ERR,ERR,ERR,ERR,ERR,ERR,ERR,ERR,ERR,ERR,ERR,ERR,ERR,ERR,ERR,ERR,ERR,ERR,ERR,ERR,ERR,ERR,ERR,ERR,ERR,ERR,ERR,ERR,ERR,ERR,-0.0,0.0,3.039990997430017e+23,0.0,0.0,0.0,0.0,nan,0,0,0,32768,0,0.0,0,0.0,0.0,0.0,0.0,0.0,0,0,0,0,0.0,0,0,0,0,0,0,0,0,0,0,0,0,0,0,0,0,0,0,0,0,0,0,0,0,0,0,0,0,0,0,0,0,0,0,0,0,0,0,0,0,0,0,0,0,0.0,0.0,0.0,0.0,0.0,0.0,0.0,0.0,0.0,0.0,0.0,0.0,0.0,0.0,0.0,0.0,0.0,0.0,0.0,0.0,0.0,0.0,2.004,0.0,-0.0,0.0,0.0,0.0,0.0,0.0,3399.5,-8608108544.0,0.0,-0.0,0.0,2.7184274988523002e+23,0.0,0.0,0.0,0.0,0.0,0,0.0,0.0,0.0,0.0,0.0,0.0,0.0,0.0,0.0,0,0,0,0.0,0.0,0.0,0.0,0.0,0.0,0.0,0.0,0.0,0.0,0.0,0.0,0.0,0.0,0.0,0.0,0,-107875648.0,0,0.0,0,-107875648.0,-107877712.0,0,13107,17040,39322,17054,13107,17038,0,0,0,110,100,100,-0.0,64.0,0.0,64.5,0.0,69.0,1,49,50,180,13107,0,0,0,0.0,0.0,0.0,0.0,-0.0,65.0,0.0,-152.258,0.0,646,0,690,0,0,0,720,0,793,0,711,0,690,0,645,0,643,0,614,0.032,56098816.0,-0.0,-0.0,45712,16787,1.9707107168207932e+38,-152.258,207503261696.0,-0.0,0.0,0.0,29.0,60.0,70,0.0,0.0,0.0,0.0,0.0,0.0,0.0,0.0,0.0,0.0,0.0,0.0,0.0,0.0,0.0,0.0,59.2,69,11,65508,41,65476,0,300,0,0,8,20529,65476,0,0,61604,60.0,0.0,0.0,0.0,0.0,0.0
2026-04-04T11:01:00,ERR,ERR,ERR,ERR,ERR,ERR,ERR,ERR,ERR,ERR,ERR,ERR,ERR,ERR,ERR,ERR,ERR,ERR,ERR,ERR,ERR,ERR,ERR,ERR,ERR,ERR,ERR,ERR,ERR,ERR,ERR,ERR,ERR,ERR,ERR,ERR,ERR,ERR,ERR,ERR,ERR,ERR,ERR,ERR,ERR,ERR,ERR,ERR,ERR,ERR,ERR,ERR,ERR,ERR,ERR,ERR,ERR,ERR,ERR,ERR,ERR,ERR,ERR,ERR,ERR,ERR,ERR,ERR,ERR,ERR,ERR,ERR,ERR,ERR,ERR,ERR,ERR,ERR,ERR,ERR,ERR,ERR,ERR,ERR,ERR,ERR,ERR,ERR,ERR,ERR,ERR,ERR,ERR,ERR,ERR,ERR,ERR,ERR,ERR,ERR,ERR,ERR,ERR,ERR,ERR,ERR,ERR,ERR,ERR,ERR,ERR,ERR,ERR,ERR,ERR,ERR,ERR,ERR,ERR,ERR,ERR,ERR,ERR,ERR,ERR,-0.0,0.0,3.039990997430017e+23,0.0,0.0,0.0,0.0,nan,0,0,0,32768,0,0.0,0,0.0,0.0,0.0,0.0,0.0,0,0,0,0,0.0,0,0,0,0,0,0,0,0,0,0,0,0,0,0,0,0,0,0,0,0,0,0,0,0,0,0,0,0,0,0,0,0,0,0,0,0,0,0,0,0,0,0,0,0,0.0,0.0,0.0,0.0,0.0,0.0,0.0,0.0,0.0,0.0,0.0,0.0,0.0,0.0,0.0,0.0,0.0,0.0,0.0,0.0,0.0,0.0,2.004,0.0,-2.004,0.0,0.0,0.0,0.0,0.0,3401.0,-2.004,0.0,-0.0,0.0,2.7184274988523002e+23,0.0,0.0,0.0,0.0,0.0,0,89221.016,0.0,0.0,0.0,0.0,0.0,0.0,0.0,0.0,0,0,0,0.0,0.0,0.0,0.0,0.0,0.0,0.0,0.0,0.0,0.0,0.0,0.0,0.0,0.0,0.0,0.0,0,-107875648.0,0,0.0,0,-107875648.0,-0.0,0,0,17040,39322,17054,13107,17038,0,0,0,110,100,100,-0.0,64.0,0.0,64.5,0.0,69.0,1,49,50,180,13107,0,0,0,0.0,0.0,0.0,0.0,1.5877793707547803e+29,65.0,0.0,-0.0,0.0,646,0,690,0,0,0,721,0,793,0,711,0,690,0,645,0,643,0,614,0.032,55836672.0,-0.0,-0.0,39056,16787,1.5877793707547803e+29,-0.0,-5.861785538972877e+16,2.2741551185466244e+33,-2404.127,-0.0,29.0,60.0,70,0.0,0.0,0.0,0.0,0.0,0.0,0.0,0.0,0.0,0.0,0.0,0.0,0.0,0.0,0.0,0.0,59.2,69,11,65508,41,65476,0,300,0,0,8,20529,65476,0,0,61604,60.0,0.0,0.0,0.0,0.0,0.0
2026-04-04T11:01:01,ERR,ERR,ERR,ERR,ERR,ERR,ERR,ERR,ERR,ERR,ERR,ERR,ERR,ERR,ERR,ERR,ERR,ERR,ERR,ERR,ERR,ERR,ERR,ERR,ERR,ERR,ERR,ERR,ERR,ERR,ERR,ERR,ERR,ERR,ERR,ERR,ERR,ERR,ERR,ERR,ERR,ERR,ERR,ERR,ERR,ERR,ERR,ERR,ERR,ERR,ERR,ERR,ERR,ERR,ERR,ERR,ERR,ERR,ERR,ERR,ERR,ERR,ERR,ERR,ERR,ERR,ERR,ERR,ERR,ERR,ERR,ERR,ERR,ERR,ERR,ERR,ERR,ERR,ERR,ERR,ERR,ERR,ERR,ERR,ERR,ERR,ERR,ERR,ERR,ERR,ERR,ERR,ERR,ERR,ERR,ERR,ERR,ERR,ERR,ERR,ERR,ERR,ERR,ERR,ERR,ERR,ERR,ERR,ERR,ERR,ERR,ERR,ERR,ERR,ERR,ERR,ERR,ERR,ERR,ERR,ERR,ERR,ERR,ERR,ERR,-0.0,0.0,3.039990997430017e+23,0.0,0.0,0.0,0.0,nan,0,0,0,32768,0,0.0,0,0.0,0.0,0.0,0.0,0.0,0,0,0,0,0.0,0,0,0,0,0,0,0,0,0,0,0,0,0,0,0,0,0,0,0,0,0,0,0,0,0,0,0,0,0,0,0,0,0,0,0,0,0,0,0,0,0,0,0,0,0.0,0.0,0.0,0.0,0.0,0.0,0.0,0.0,0.0,0.0,0.0,0.0,0.0,0.0,0.0,0.0,0.0,0.0,0.0,0.0,0.0,0.0,2.004,0.0,-2.004,0.0,0.0,0.0,0.0,0.0,3401.0,-2.004,0.0,-0.0,0.0,2.7184274988523002e+23,0.0,0.0,0.0,0.0,0.0,0,89221.016,0.0,0.0,0.0,0.0,0.0,0.0,0.0,0.0,0,0,0,0.0,0.0,0.0,0.0,0.0,0.0,0.0,0.0,0.0,0.0,0.0,0.0,0.0,0.0,0.0,0.0,0,-107875648.0,0,0.0,0,-107875648.0,-0.0,0,0,17040,39322,17054,13107,17038,0,0,0,110,100,100,-0.0,64.0,0.0,64.5,0.0,69.0,1,49,50,180,13107,0,0,0,0.0,0.0,0.0,0.0,1.5877793707547803e+29,65.0,0.0,-0.0,0.0,646,0,690,0,0,0,721,0,793,0,711,0,690,0,645,0,643,0,614,0.032,55836672.0,-0.0,-0.0,39056,16787,1.5877793707547803e+29,-0.0,-5.861785538972877e+16,2.2741551185466244e+33,-2404.127,-0.0,29.0,60.0,70,0.0,0.0,0.0,0.0,0.0,0.0,0.0,0.0,0.0,0.0,0.0,0.0,0.0,0.0,0.0,0.0,59.2,69,11,65508,41,65476,0,300,0,0,8,20529,65476,0,0,61604,60.0,0.0,0.0,0.0,0.0,0.0
2026-04-04T11:01:02,ERR,ERR,ERR,ERR,ERR,ERR,ERR,ERR,ERR,ERR,ERR,ERR,ERR,ERR,ERR,ERR,ERR,ERR,ERR,ERR,ERR,ERR,ERR,ERR,ERR,ERR,ERR,ERR,ERR,ERR,ERR,ERR,ERR,ERR,ERR,ERR,ERR,ERR,ERR,ERR,ERR,ERR,ERR,ERR,ERR,ERR,ERR,ERR,ERR,ERR,ERR,ERR,ERR,ERR,ERR,ERR,ERR,ERR,ERR,ERR,ERR,ERR,ERR,ERR,ERR,ERR,ERR,ERR,ERR,ERR,ERR,ERR,ERR,ERR,ERR,ERR,ERR,ERR,ERR,ERR,ERR,ERR,ERR,ERR,ERR,ERR,ERR,ERR,ERR,ERR,ERR,ERR,ERR,ERR,ERR,ERR,ERR,ERR,ERR,ERR,ERR,ERR,ERR,ERR,ERR,ERR,ERR,ERR,ERR,ERR,ERR,ERR,ERR,ERR,ERR,ERR,ERR,ERR,ERR,ERR,ERR,ERR,ERR,ERR,ERR,-0.0,0.0,3.039990997430017e+23,0.0,0.0,0.0,0.0,nan,0,0,0,32768,0,0.0,0,0.0,0.0,0.0,0.0,0.0,0,0,0,0,0.0,0,0,0,0,0,0,0,0,0,0,0,0,0,0,0,0,0,0,0,0,0,0,0,0,0,0,0,0,0,0,0,0,0,0,0,0,0,0,0,0,0,0,0,0,0.0,0.0,0.0,0.0,0.0,0.0,0.0,0.0,0.0,0.0,0.0,0.0,0.0,0.0,0.0,0.0,0.0,0.0,0.0,0.0,0.0,0.0,2.004,0.0,-2.004,0.0,0.0,0.0,0.0,0.0,3401.0,-2.004,0.0,-0.0,0.0,2.7184274988523002e+23,0.0,0.0,0.0,0.0,0.0,0,89221.016,0.0,0.0,0.0,0.0,0.0,0.0,0.0,0.0,0,0,0,0.0,0.0,0.0,0.0,0.0,0.0,0.0,0.0,0.0,0.0,0.0,0.0,0.0,0.0,0.0,0.0,0,-107875648.0,0,0.0,0,-107875648.0,-0.0,0,0,17040,39322,17054,13107,17038,0,0,0,110,100,100,-0.0,64.0,0.0,64.5,0.0,69.0,1,49,50,180,13107,0,0,0,0.0,0.0,0.0,0.0,1.5877793707547803e+29,65.0,0.0,-0.0,0.0,646,0,690,0,0,0,721,0,793,0,711,0,690,0,645,0,643,0,614,0.032,55836672.0,-0.0,-0.0,39056,16787,1.5877793707547803e+29,-0.0,-5.861785538972877e+16,2.2741551185466244e+33,-2404.127,-0.0,29.0,60.0,70,0.0,0.0,0.0,0.0,0.0,0.0,0.0,0.0,0.0,0.0,0.0,0.0,0.0,0.0,0.0,0.0,59.2,69,11,65508,41,65476,0,300,0,0,8,20529,65476,0,0,61604,60.0,0.0,0.0,0.0,0.0,0.0
2026-04-04T11:01:03,ERR,ERR,ERR,ERR,ERR,ERR,ERR,ERR,ERR,ERR,ERR,ERR,ERR,ERR,ERR,ERR,ERR,ERR,ERR,ERR,ERR,ERR,ERR,ERR,ERR,ERR,ERR,ERR,ERR,ERR,ERR,ERR,ERR,ERR,ERR,ERR,ERR,ERR,ERR,ERR,ERR,ERR,ERR,ERR,ERR,ERR,ERR,ERR,ERR,ERR,ERR,ERR,ERR,ERR,ERR,ERR,ERR,ERR,ERR,ERR,ERR,ERR,ERR,ERR,ERR,ERR,ERR,ERR,ERR,ERR,ERR,ERR,ERR,ERR,ERR,ERR,ERR,ERR,ERR,ERR,ERR,ERR,ERR,ERR,ERR,ERR,ERR,ERR,ERR,ERR,ERR,ERR,ERR,ERR,ERR,ERR,ERR,ERR,ERR,ERR,ERR,ERR,ERR,ERR,ERR,ERR,ERR,ERR,ERR,ERR,ERR,ERR,ERR,ERR,ERR,ERR,ERR,ERR,ERR,ERR,ERR,ERR,ERR,ERR,ERR,-0.0,0.0,3.039990997430017e+23,0.0,0.0,0.0,0.0,nan,0,0,0,32768,0,0.0,0,0.0,0.0,0.0,0.0,0.0,0,0,0,0,0.0,0,0,0,0,0,0,0,0,0,0,0,0,0,0,0,0,0,0,0,0,0,0,0,0,0,0,0,0,0,0,0,0,0,0,0,0,0,0,0,0,0,0,0,0,0.0,0.0,0.0,0.0,0.0,0.0,0.0,0.0,0.0,0.0,0.0,0.0,0.0,0.0,0.0,0.0,0.0,0.0,0.0,0.0,0.0,0.0,2.004,0.0,-2.004,0.0,0.0,0.0,0.0,0.0,3401.0,-2.004,0.0,-0.0,0.0,2.7184274988523002e+23,0.0,0.0,0.0,0.0,0.0,0,89221.016,0.0,0.0,0.0,0.0,0.0,0.0,0.0,0.0,0,0,0,0.0,0.0,0.0,0.0,0.0,0.0,0.0,0.0,0.0,0.0,0.0,0.0,0.0,0.0,0.0,0.0,0,-107875648.0,0,0.0,0,-107875648.0,-0.0,0,0,17040,39322,17054,13107,17038,0,0,0,110,100,100,-0.0,64.0,0.0,64.5,0.0,69.0,1,49,50,180,13107,0,0,0,0.0,0.0,0.0,0.0,1.5877793707547803e+29,65.0,0.0,-0.0,0.0,646,0,690,0,0,0,721,0,793,0,711,0,690,0,645,0,643,0,614,0.032,55836672.0,-0.0,-0.0,39056,16787,1.5877793707547803e+29,-0.0,-5.861785538972877e+16,2.2741551185466244e+33,-2404.127,-0.0,29.0,60.0,70,0.0,0.0,0.0,0.0,0.0,0.0,0.0,0.0,0.0,0.0,0.0,0.0,0.0,0.0,0.0,0.0,59.2,69,11,65508,41,65476,0,300,0,0,8,20529,65476,0,0,61604,60.0,0.0,0.0,0.0,0.0,0.0
2026-04-04T11:01:04,ERR,ERR,ERR,ERR,ERR,ERR,ERR,ERR,ERR,ERR,ERR,ERR,ERR,ERR,ERR,ERR,ERR,ERR,ERR,ERR,ERR,ERR,ERR,ERR,ERR,ERR,ERR,ERR,ERR,ERR,ERR,ERR,ERR,ERR,ERR,ERR,ERR,ERR,ERR,ERR,ERR,ERR,ERR,ERR,ERR,ERR,ERR,ERR,ERR,ERR,ERR,ERR,ERR,ERR,ERR,ERR,ERR,ERR,ERR,ERR,ERR,ERR,ERR,ERR,ERR,ERR,ERR,ERR,ERR,ERR,ERR,ERR,ERR,ERR,ERR,ERR,ERR,ERR,ERR,ERR,ERR,ERR,ERR,ERR,ERR,ERR,ERR,ERR,ERR,ERR,ERR,ERR,ERR,ERR,ERR,ERR,ERR,ERR,ERR,ERR,ERR,ERR,ERR,ERR,ERR,ERR,ERR,ERR,ERR,ERR,ERR,ERR,ERR,ERR,ERR,ERR,ERR,ERR,ERR,ERR,ERR,ERR,ERR,ERR,ERR,-0.0,0.0,3.039990997430017e+23,0.0,0.0,0.0,0.0,nan,0,0,0,32768,0,0.0,0,0.0,0.0,0.0,0.0,0.0,0,0,0,0,0.0,0,0,0,0,0,0,0,0,0,0,0,0,0,0,0,0,0,0,0,0,0,0,0,0,0,0,0,0,0,0,0,0,0,0,0,0,0,0,0,0,0,0,0,0,0.0,0.0,0.0,0.0,0.0,0.0,0.0,0.0,0.0,0.0,0.0,0.0,0.0,0.0,0.0,0.0,0.0,0.0,0.0,0.0,0.0,0.0,2.004,0.0,-2.004,0.0,0.0,0.0,0.0,0.0,3401.0,-2.004,0.0,-0.0,0.0,2.7184274988523002e+23,0.0,0.0,0.0,0.0,0.0,0,89221.016,0.0,0.0,0.0,0.0,0.0,0.0,0.0,0.0,0,0,0,0.0,0.0,0.0,0.0,0.0,0.0,0.0,0.0,0.0,0.0,0.0,0.0,0.0,0.0,0.0,0.0,0,-107875648.0,0,0.0,0,-107875648.0,-0.0,0,0,17040,39322,17054,13107,17038,0,0,0,110,100,100,-0.0,64.0,0.0,64.5,0.0,69.0,1,49,50,180,13107,0,0,0,0.0,0.0,0.0,0.0,8.332012253867934e+18,65.0,0.0,9869766126731264.0,0.0,646,0,690,0,0,0,721,0,793,0,711,0,690,0,645,0,643,0,614,0.032,55574528.0,-0.0,-0.0,54672,16787,2.8677615290810255e+27,1.5675899317778974e+29,-0.0,-1.9377566943461761e+37,-0.0,-0.0,29.0,60.0,70,0.0,0.0,0.0,0.0,0.0,0.0,0.0,0.0,0.0,0.0,0.0,0.0,0.0,0.0,0.0,0.0,59.2,69,11,65508,41,65476,0,300,0,0,8,20529,65476,0,0,61604,60.0,0.0,0.0,0.0,0.0,0.0
2026-04-04T11:01:05,ERR,ERR,ERR,ERR,ERR,ERR,ERR,ERR,ERR,ERR,ERR,ERR,ERR,ERR,ERR,ERR,ERR,ERR,ERR,ERR,ERR,ERR,ERR,ERR,ERR,ERR,ERR,ERR,ERR,ERR,ERR,ERR,ERR,ERR,ERR,ERR,ERR,ERR,ERR,ERR,ERR,ERR,ERR,ERR,ERR,ERR,ERR,ERR,ERR,ERR,ERR,ERR,ERR,ERR,ERR,ERR,ERR,ERR,ERR,ERR,ERR,ERR,ERR,ERR,ERR,ERR,ERR,ERR,ERR,ERR,ERR,ERR,ERR,ERR,ERR,ERR,ERR,ERR,ERR,ERR,ERR,ERR,ERR,ERR,ERR,ERR,ERR,ERR,ERR,ERR,ERR,ERR,ERR,ERR,ERR,ERR,ERR,ERR,ERR,ERR,ERR,ERR,ERR,ERR,ERR,ERR,ERR,ERR,ERR,ERR,ERR,ERR,ERR,ERR,ERR,ERR,ERR,ERR,ERR,ERR,ERR,ERR,ERR,ERR,ERR,-0.0,0.0,3.039990997430017e+23,0.0,0.0,0.0,0.0,nan,0,0,0,32768,0,0.0,0,0.0,0.0,0.0,0.0,0.0,0,0,0,0,0.0,0,0,0,0,0,0,0,0,0,0,0,0,0,0,0,0,0,0,0,0,0,0,0,0,0,0,0,0,0,0,0,0,0,0,0,0,0,0,0,0,0,0,0,0,0.0,0.0,0.0,0.0,0.0,0.0,0.0,0.0,0.0,0.0,0.0,0.0,0.0,0.0,0.0,0.0,0.0,0.0,0.0,0.0,0.0,0.0,2.004,0.0,-2.004,0.0,0.0,0.0,0.0,0.0,3401.0,-2.004,0.0,-0.0,0.0,2.7184274988523002e+23,0.0,0.0,0.0,0.0,0.0,0,89221.016,0.0,0.0,0.0,0.0,0.0,0.0,0.0,0.0,0,0,0,0.0,0.0,0.0,0.0,0.0,0.0,0.0,0.0,0.0,0.0,0.0,0.0,0.0,0.0,0.0,0.0,0,-107875648.0,0,0.0,0,-107875648.0,-0.0,0,0,17040,39322,17054,13107,17038,0,0,0,110,100,100,-0.0,64.0,0.0,64.5,0.0,69.0,1,49,50,180,13107,0,0,0,0.0,0.0,0.0,0.0,8.332012253867934e+18,65.0,0.0,9869766126731264.0,0.0,646,0,690,0,0,0,721,0,793,0,711,0,690,0,645,0,643,0,614,0.032,55574528.0,-0.0,-0.0,54672,16787,2.8677615290810255e+27,1.5675899317778974e+29,-0.0,-1.9377566943461761e+37,-0.0,-0.0,29.0,60.0,70,0.0,0.0,0.0,0.0,0.0,0.0,0.0,0.0,0.0,0.0,0.0,0.0,0.0,0.0,0.0,0.0,59.2,69,11,65508,41,65476,0,300,0,0,8,20529,65476,0,0,61604,60.0,0.0,0.0,0.0,0.0,0.0
2026-04-04T11:01:06,ERR,ERR,ERR,ERR,ERR,ERR,ERR,ERR,ERR,ERR,ERR,ERR,ERR,ERR,ERR,ERR,ERR,ERR,ERR,ERR,ERR,ERR,ERR,ERR,ERR,ERR,ERR,ERR,ERR,ERR,ERR,ERR,ERR,ERR,ERR,ERR,ERR,ERR,ERR,ERR,ERR,ERR,ERR,ERR,ERR,ERR,ERR,ERR,ERR,ERR,ERR,ERR,ERR,ERR,ERR,ERR,ERR,ERR,ERR,ERR,ERR,ERR,ERR,ERR,ERR,ERR,ERR,ERR,ERR,ERR,ERR,ERR,ERR,ERR,ERR,ERR,ERR,ERR,ERR,ERR,ERR,ERR,ERR,ERR,ERR,ERR,ERR,ERR,ERR,ERR,ERR,ERR,ERR,ERR,ERR,ERR,ERR,ERR,ERR,ERR,ERR,ERR,ERR,ERR,ERR,ERR,ERR,ERR,ERR,ERR,ERR,ERR,ERR,ERR,ERR,ERR,ERR,ERR,ERR,ERR,ERR,ERR,ERR,ERR,ERR,-0.0,0.0,3.039990997430017e+23,0.0,0.0,0.0,0.0,nan,0,0,0,32768,0,0.0,0,0.0,0.0,0.0,0.0,0.0,0,0,0,0,0.0,0,0,0,0,0,0,0,0,0,0,0,0,0,0,0,0,0,0,0,0,0,0,0,0,0,0,0,0,0,0,0,0,0,0,0,0,0,0,0,0,0,0,0,0,0.0,0.0,0.0,0.0,0.0,0.0,0.0,0.0,0.0,0.0,0.0,0.0,0.0,0.0,0.0,0.0,0.0,0.0,0.0,0.0,0.0,0.0,2.004,0.0,-2.004,0.0,0.0,0.0,0.0,0.0,3401.0,-2.004,0.0,-0.0,0.0,2.7184274988523002e+23,0.0,0.0,0.0,0.0,0.0,0,89221.016,0.0,0.0,0.0,0.0,0.0,0.0,0.0,0.0,0,0,0,0.0,0.0,0.0,0.0,0.0,0.0,0.0,0.0,0.0,0.0,0.0,0.0,0.0,0.0,0.0,0.0,0,-107875648.0,0,0.0,0,-107875648.0,-0.0,0,0,17040,39322,17054,13107,17038,0,0,0,110,100,100,-0.0,64.0,0.0,64.5,0.0,69.0,1,49,50,180,13107,0,0,0,0.0,0.0,0.0,0.0,8.332012253867934e+18,65.0,0.0,9869766126731264.0,0.0,646,0,690,0,0,0,721,0,793,0,711,0,690,0,645,0,643,0,614,0.032,55574528.0,-0.0,-0.0,54672,16787,2.8677615290810255e+27,1.5675899317778974e+29,-0.0,-1.9377566943461761e+37,-0.0,-0.0,29.0,60.0,70,0.0,0.0,0.0,0.0,0.0,0.0,0.0,0.0,0.0,0.0,0.0,0.0,0.0,0.0,0.0,0.0,59.2,69,11,65508,41,65476,0,300,0,0,8,20529,65476,0,0,61604,60.0,0.0,0.0,0.0,0.0,0.0
2026-04-04T11:01:07,ERR,ERR,ERR,ERR,ERR,ERR,ERR,ERR,ERR,ERR,ERR,ERR,ERR,ERR,ERR,ERR,ERR,ERR,ERR,ERR,ERR,ERR,ERR,ERR,ERR,ERR,ERR,ERR,ERR,ERR,ERR,ERR,ERR,ERR,ERR,ERR,ERR,ERR,ERR,ERR,ERR,ERR,ERR,ERR,ERR,ERR,ERR,ERR,ERR,ERR,ERR,ERR,ERR,ERR,ERR,ERR,ERR,ERR,ERR,ERR,ERR,ERR,ERR,ERR,ERR,ERR,ERR,ERR,ERR,ERR,ERR,ERR,ERR,ERR,ERR,ERR,ERR,ERR,ERR,ERR,ERR,ERR,ERR,ERR,ERR,ERR,ERR,ERR,ERR,ERR,ERR,ERR,ERR,ERR,ERR,ERR,ERR,ERR,ERR,ERR,ERR,ERR,ERR,ERR,ERR,ERR,ERR,ERR,ERR,ERR,ERR,ERR,ERR,ERR,ERR,ERR,ERR,ERR,ERR,ERR,ERR,ERR,ERR,ERR,ERR,-0.0,0.0,3.039990997430017e+23,0.0,0.0,0.0,0.0,nan,0,0,0,32768,0,0.0,0,0.0,0.0,0.0,0.0,0.0,0,0,0,0,0.0,0,0,0,0,0,0,0,0,0,0,0,0,0,0,0,0,0,0,0,0,0,0,0,0,0,0,0,0,0,0,0,0,0,0,0,0,0,0,0,0,0,0,0,0,0.0,0.0,0.0,0.0,0.0,0.0,0.0,0.0,0.0,0.0,0.0,0.0,0.0,0.0,0.0,0.0,0.0,0.0,0.0,0.0,0.0,0.0,2.004,0.0,-0.0,0.0,0.0,0.0,0.0,0.0,3400.5,-8608108544.0,0.0,-0.0,0.0,2.7184274988523002e+23,0.0,0.0,0.0,0.0,0.0,0,0.059,0.0,0.0,0.0,0.0,0.0,0.0,0.0,0.0,0,0,0,0.0,0.0,0.0,0.0,0.0,0.0,0.0,0.0,0.0,0.0,0.0,0.0,0.0,0.0,0.0,0.0,0,-107875648.0,0,0.0,0,-107875648.0,-0.0,0,0,17040,39322,17054,13107,17038,0,0,0,110,100,100,-0.0,64.0,0.0,64.5,0.0,69.0,1,49,50,180,13107,0,0,0,0.0,0.0,0.0,0.0,8.332012253867934e+18,65.0,0.0,9869766126731264.0,0.0,646,0,690,0,0,0,721,0,793,0,711,0,690,0,645,0,643,0,614,0.032,55574528.0,-0.0,-0.0,54672,16787,2.8677615290810255e+27,1.5675899317778974e+29,-0.0,-1.9377566943461761e+37,-0.0,-0.0,29.0,60.0,70,0.0,0.0,0.0,0.0,0.0,0.0,0.0,0.0,0.0,0.0,0.0,0.0,0.0,0.0,0.0,0.0,59.6,69,11,65508,41,65476,0,300,0,0,8,20529,65476,0,0,61604,60.0,0.0,0.0,0.0,0.0,0.0
2026-04-04T11:01:08,ERR,ERR,ERR,ERR,ERR,ERR,ERR,ERR,ERR,ERR,ERR,ERR,ERR,ERR,ERR,ERR,ERR,ERR,ERR,ERR,ERR,ERR,ERR,ERR,ERR,ERR,ERR,ERR,ERR,ERR,ERR,ERR,ERR,ERR,ERR,ERR,ERR,ERR,ERR,ERR,ERR,ERR,ERR,ERR,ERR,ERR,ERR,ERR,ERR,ERR,ERR,ERR,ERR,ERR,ERR,ERR,ERR,ERR,ERR,ERR,ERR,ERR,ERR,ERR,ERR,ERR,ERR,ERR,ERR,ERR,ERR,ERR,ERR,ERR,ERR,ERR,ERR,ERR,ERR,ERR,ERR,ERR,ERR,ERR,ERR,ERR,ERR,ERR,ERR,ERR,ERR,ERR,ERR,ERR,ERR,ERR,ERR,ERR,ERR,ERR,ERR,ERR,ERR,ERR,ERR,ERR,ERR,ERR,ERR,ERR,ERR,ERR,ERR,ERR,ERR,ERR,ERR,ERR,ERR,ERR,ERR,ERR,ERR,ERR,ERR,-0.0,0.0,3.039990997430017e+23,0.0,0.0,0.0,0.0,nan,0,0,0,32768,0,0.0,0,0.0,0.0,0.0,0.0,0.0,0,0,0,0,0.0,0,0,0,0,0,0,0,0,0,0,0,0,0,0,0,0,0,0,0,0,0,0,0,0,0,0,0,0,0,0,0,0,0,0,0,0,0,0,0,0,0,0,0,0,0.0,0.0,0.0,0.0,0.0,0.0,0.0,0.0,0.0,0.0,0.0,0.0,0.0,0.0,0.0,0.0,0.0,0.0,0.0,0.0,0.0,0.0,2.004,0.0,-0.0,0.0,0.0,0.0,0.0,0.0,3400.5,-8608108544.0,0.0,-0.0,0.0,2.7184274988523002e+23,0.0,0.0,0.0,0.0,0.0,0,0.059,0.0,0.0,0.0,0.0,0.0,0.0,0.0,0.0,0,0,0,0.0,0.0,0.0,0.0,0.0,0.0,0.0,0.0,0.0,0.0,0.0,0.0,0.0,0.0,0.0,0.0,0,-107875648.0,0,0.0,0,-107875648.0,-0.0,0,0,17040,39322,17054,13107,17038,0,0,0,110,100,100,-0.0,64.0,0.0,64.5,0.0,69.0,1,49,50,180,13107,0,0,0,0.0,0.0,0.0,0.0,8.332012253867934e+18,65.0,0.0,9869766126731264.0,0.0,646,0,690,0,0,0,721,0,793,0,711,0,690,0,645,0,643,0,614,0.032,55574528.0,-0.0,-0.0,54672,16787,2.8677615290810255e+27,1.5675899317778974e+29,-0.0,-1.9377566943461761e+37,-0.0,-0.0,29.0,60.0,70,0.0,0.0,0.0,0.0,0.0,0.0,0.0,0.0,0.0,0.0,0.0,0.0,0.0,0.0,0.0,0.0,59.6,69,11,65508,41,65476,0,300,0,0,8,20529,65476,0,0,61604,60.0,0.0,0.0,0.0,0.0,0.0
2026-04-04T11:01:09,ERR,ERR,ERR,ERR,ERR,ERR,ERR,ERR,ERR,ERR,ERR,ERR,ERR,ERR,ERR,ERR,ERR,ERR,ERR,ERR,ERR,ERR,ERR,ERR,ERR,ERR,ERR,ERR,ERR,ERR,ERR,ERR,ERR,ERR,ERR,ERR,ERR,ERR,ERR,ERR,ERR,ERR,ERR,ERR,ERR,ERR,ERR,ERR,ERR,ERR,ERR,ERR,ERR,ERR,ERR,ERR,ERR,ERR,ERR,ERR,ERR,ERR,ERR,ERR,ERR,ERR,ERR,ERR,ERR,ERR,ERR,ERR,ERR,ERR,ERR,ERR,ERR,ERR,ERR,ERR,ERR,ERR,ERR,ERR,ERR,ERR,ERR,ERR,ERR,ERR,ERR,ERR,ERR,ERR,ERR,ERR,ERR,ERR,ERR,ERR,ERR,ERR,ERR,ERR,ERR,ERR,ERR,ERR,ERR,ERR,ERR,ERR,ERR,ERR,ERR,ERR,ERR,ERR,ERR,ERR,ERR,ERR,ERR,ERR,ERR,-0.0,0.0,3.039990997430017e+23,0.0,0.0,0.0,0.0,nan,0,0,0,32768,0,0.0,0,0.0,0.0,0.0,0.0,0.0,0,0,0,0,0.0,0,0,0,0,0,0,0,0,0,0,0,0,0,0,0,0,0,0,0,0,0,0,0,0,0,0,0,0,0,0,0,0,0,0,0,0,0,0,0,0,0,0,0,0,0.0,0.0,0.0,0.0,0.0,0.0,0.0,0.0,0.0,0.0,0.0,0.0,0.0,0.0,0.0,0.0,0.0,0.0,0.0,0.0,0.0,0.0,2.004,0.0,-0.0,0.0,0.0,0.0,0.0,0.0,3400.5,-8608108544.0,0.0,-0.0,0.0,2.7184274988523002e+23,0.0,0.0,0.0,0.0,0.0,0,0.059,0.0,0.0,0.0,0.0,0.0,0.0,0.0,0.0,0,0,0,0.0,0.0,0.0,0.0,0.0,0.0,0.0,0.0,0.0,0.0,0.0,0.0,0.0,0.0,0.0,0.0,0,-107875648.0,0,0.0,0,-107875648.0,-0.0,0,0,17040,39322,17054,13107,17038,0,0,0,110,100,100,-0.0,64.0,0.0,64.5,0.0,69.0,1,49,50,180,13107,0,0,0,0.0,0.0,0.0,0.0,8.332012253867934e+18,65.0,0.0,9869766126731264.0,0.0,646,0,690,0,0,0,721,0,793,0,711,0,690,0,645,0,643,0,614,0.032,55574528.0,-0.0,-0.0,54672,16787,2.8677615290810255e+27,1.5675899317778974e+29,-0.0,-1.9377566943461761e+37,-0.0,-0.0,29.0,60.0,70,0.0,0.0,0.0,0.0,0.0,0.0,0.0,0.0,0.0,0.0,0.0,0.0,0.0,0.0,0.0,0.0,59.6,69,11,65508,41,65476,0,300,0,0,8,20529,65476,0,0,61604,60.0,0.0,0.0,0.0,0.0,0.0
2026-04-04T11:01:10,ERR,ERR,ERR,ERR,ERR,ERR,ERR,ERR,ERR,ERR,ERR,ERR,ERR,ERR,ERR,ERR,ERR,ERR,ERR,ERR,ERR,ERR,ERR,ERR,ERR,ERR,ERR,ERR,ERR,ERR,ERR,ERR,ERR,ERR,ERR,ERR,ERR,ERR,ERR,ERR,ERR,ERR,ERR,ERR,ERR,ERR,ERR,ERR,ERR,ERR,ERR,ERR,ERR,ERR,ERR,ERR,ERR,ERR,ERR,ERR,ERR,ERR,ERR,ERR,ERR,ERR,ERR,ERR,ERR,ERR,ERR,ERR,ERR,ERR,ERR,ERR,ERR,ERR,ERR,ERR,ERR,ERR,ERR,ERR,ERR,ERR,ERR,ERR,ERR,ERR,ERR,ERR,ERR,ERR,ERR,ERR,ERR,ERR,ERR,ERR,ERR,ERR,ERR,ERR,ERR,ERR,ERR,ERR,ERR,ERR,ERR,ERR,ERR,ERR,ERR,ERR,ERR,ERR,ERR,ERR,ERR,ERR,ERR,ERR,ERR,-0.0,0.0,3.039990997430017e+23,0.0,0.0,0.0,0.0,nan,0,0,0,32768,0,0.0,0,0.0,0.0,0.0,0.0,0.0,0,0,0,0,0.0,0,0,0,0,0,0,0,0,0,0,0,0,0,0,0,0,0,0,0,0,0,0,0,0,0,0,0,0,0,0,0,0,0,0,0,0,0,0,0,0,0,0,0,0,0.0,0.0,0.0,0.0,0.0,0.0,0.0,0.0,0.0,0.0,0.0,0.0,0.0,0.0,0.0,0.0,0.0,0.0,0.0,0.0,0.0,0.0,2.004,0.0,-0.0,0.0,0.0,0.0,0.0,0.0,3400.5,-8608108544.0,0.0,-0.0,0.0,2.7184274988523002e+23,0.0,0.0,0.0,0.0,0.0,0,0.059,0.0,0.0,0.0,0.0,0.0,0.0,0.0,0.0,0,0,0,0.0,0.0,0.0,0.0,0.0,0.0,0.0,0.0,0.0,0.0,0.0,0.0,0.0,0.0,0.0,0.0,0,-107875648.0,0,0.0,0,-107875648.0,-0.0,0,0,17040,39322,17054,13107,17038,0,0,0,110,100,100,-0.0,64.0,0.0,64.5,0.0,69.0,1,49,50,180,13107,13107,0,0,0.0,0.0,0.0,0.0,-0.0,65.0,0.0,0.397,0.0,646,0,691,0,0,0,720,0,793,0,711,0,690,0,645,0,643,0,614,0.032,55836672.0,-0.0,-0.0,37008,16787,7.792274784537893e+24,0.0,4213405122560.0,-0.0,3.1104229517166803e+29,0.0,29.0,60.0,70,0.0,0.0,0.0,0.0,0.0,0.0,0.0,0.0,0.0,0.0,0.0,0.0,0.0,0.0,0.0,0.0,59.6,69,11,65508,41,65476,0,300,0,0,8,20529,65476,0,0,61604,60.0,0.0,0.0,0.0,0.0,0.0
2026-04-04T11:01:11,ERR,ERR,ERR,ERR,ERR,ERR,ERR,ERR,ERR,ERR,ERR,ERR,ERR,ERR,ERR,ERR,ERR,ERR,ERR,ERR,ERR,ERR,ERR,ERR,ERR,ERR,ERR,ERR,ERR,ERR,ERR,ERR,ERR,ERR,ERR,ERR,ERR,ERR,ERR,ERR,ERR,ERR,ERR,ERR,ERR,ERR,ERR,ERR,ERR,ERR,ERR,ERR,ERR,ERR,ERR,ERR,ERR,ERR,ERR,ERR,ERR,ERR,ERR,ERR,ERR,ERR,ERR,ERR,ERR,ERR,ERR,ERR,ERR,ERR,ERR,ERR,ERR,ERR,ERR,ERR,ERR,ERR,ERR,ERR,ERR,ERR,ERR,ERR,ERR,ERR,ERR,ERR,ERR,ERR,ERR,ERR,ERR,ERR,ERR,ERR,ERR,ERR,ERR,ERR,ERR,ERR,ERR,ERR,ERR,ERR,ERR,ERR,ERR,ERR,ERR,ERR,ERR,ERR,ERR,ERR,ERR,ERR,ERR,ERR,ERR,-0.0,0.0,3.039990997430017e+23,0.0,0.0,0.0,0.0,nan,0,0,0,32768,0,0.0,0,0.0,0.0,0.0,0.0,0.0,0,0,0,0,0.0,0,0,0,0,0,0,0,0,0,0,0,0,0,0,0,0,0,0,0,0,0,0,0,0,0,0,0,0,0,0,0,0,0,0,0,0,0,0,0,0,0,0,0,0,0.0,0.0,0.0,0.0,0.0,0.0,0.0,0.0,0.0,0.0,0.0,0.0,0.0,0.0,0.0,0.0,0.0,0.0,0.0,0.0,0.0,0.0,2.004,0.0,-0.0,0.0,0.0,0.0,0.0,0.0,3400.5,-8608108544.0,0.0,-0.0,0.0,2.7184274988523002e+23,0.0,0.0,0.0,0.0,0.0,0,0.059,0.0,0.0,0.0,0.0,0.0,0.0,0.0,0.0,0,0,0,0.0,0.0,0.0,0.0,0.0,0.0,0.0,0.0,0.0,0.0,0.0,0.0,0.0,0.0,0.0,0.0,0,-107875648.0,0,0.0,0,-107875648.0,-0.0,0,0,17040,39322,17054,13107,17038,0,0,0,110,100,100,-0.0,64.0,0.0,64.5,0.0,69.0,1,49,50,180,13107,13107,0,0,0.0,0.0,0.0,0.0,-0.0,65.0,0.0,0.397,0.0,646,0,691,0,0,0,720,0,793,0,711,0,690,0,645,0,643,0,614,0.032,55836672.0,-0.0,-0.0,37008,16787,7.792274784537893e+24,0.0,4213405122560.0,-0.0,3.1104229517166803e+29,0.0,29.0,60.0,70,0.0,0.0,0.0,0.0,0.0,0.0,0.0,0.0,0.0,0.0,0.0,0.0,0.0,0.0,0.0,0.0,59.6,69,11,65508,41,65476,0,300,0,0,8,20529,65476,0,0,61604,60.0,0.0,0.0,0.0,0.0,0.0
2026-04-04T11:01:12,ERR,ERR,ERR,ERR,ERR,ERR,ERR,ERR,ERR,ERR,ERR,ERR,ERR,ERR,ERR,ERR,ERR,ERR,ERR,ERR,ERR,ERR,ERR,ERR,ERR,ERR,ERR,ERR,ERR,ERR,ERR,ERR,ERR,ERR,ERR,ERR,ERR,ERR,ERR,ERR,ERR,ERR,ERR,ERR,ERR,ERR,ERR,ERR,ERR,ERR,ERR,ERR,ERR,ERR,ERR,ERR,ERR,ERR,ERR,ERR,ERR,ERR,ERR,ERR,ERR,ERR,ERR,ERR,ERR,ERR,ERR,ERR,ERR,ERR,ERR,ERR,ERR,ERR,ERR,ERR,ERR,ERR,ERR,ERR,ERR,ERR,ERR,ERR,ERR,ERR,ERR,ERR,ERR,ERR,ERR,ERR,ERR,ERR,ERR,ERR,ERR,ERR,ERR,ERR,ERR,ERR,ERR,ERR,ERR,ERR,ERR,ERR,ERR,ERR,ERR,ERR,ERR,ERR,ERR,ERR,ERR,ERR,ERR,ERR,ERR,-0.0,0.0,3.039990997430017e+23,0.0,0.0,0.0,0.0,nan,0,0,0,32768,0,0.0,0,0.0,0.0,0.0,0.0,0.0,0,0,0,0,0.0,0,0,0,0,0,0,0,0,0,0,0,0,0,0,0,0,0,0,0,0,0,0,0,0,0,0,0,0,0,0,0,0,0,0,0,0,0,0,0,0,0,0,0,0,0.0,0.0,0.0,0.0,0.0,0.0,0.0,0.0,0.0,0.0,0.0,0.0,0.0,0.0,0.0,0.0,0.0,0.0,0.0,0.0,0.0,0.0,2.004,0.0,-0.0,0.0,0.0,0.0,0.0,0.0,3400.5,-8608108544.0,0.0,-0.0,0.0,2.7184274988523002e+23,0.0,0.0,0.0,0.0,0.0,0,0.059,0.0,0.0,0.0,0.0,0.0,0.0,0.0,0.0,0,0,0,0.0,0.0,0.0,0.0,0.0,0.0,0.0,0.0,0.0,0.0,0.0,0.0,0.0,0.0,0.0,0.0,0,-107875648.0,0,0.0,0,-107875648.0,-0.0,0,0,17040,39322,17054,13107,17038,0,0,0,110,100,100,-0.0,64.0,0.0,64.5,0.0,69.0,1,49,50,180,13107,13107,0,0,0.0,0.0,0.0,0.0,-0.0,65.0,0.0,0.397,0.0,646,0,691,0,0,0,720,0,793,0,711,0,690,0,645,0,643,0,614,0.032,55836672.0,-0.0,-0.0,37008,16787,7.792274784537893e+24,0.0,4213405122560.0,-0.0,3.1104229517166803e+29,0.0,29.0,60.0,70,0.0,0.0,0.0,0.0,0.0,0.0,0.0,0.0,0.0,0.0,0.0,0.0,0.0,0.0,0.0,0.0,59.6,69,11,65508,41,65476,0,300,0,0,8,20529,65476,0,0,61604,60.0,0.0,0.0,0.0,0.0,0.0
2026-04-04T11:01:13,ERR,ERR,ERR,ERR,ERR,ERR,ERR,ERR,ERR,ERR,ERR,ERR,ERR,ERR,ERR,ERR,ERR,ERR,ERR,ERR,ERR,ERR,ERR,ERR,ERR,ERR,ERR,ERR,ERR,ERR,ERR,ERR,ERR,ERR,ERR,ERR,ERR,ERR,ERR,ERR,ERR,ERR,ERR,ERR,ERR,ERR,ERR,ERR,ERR,ERR,ERR,ERR,ERR,ERR,ERR,ERR,ERR,ERR,ERR,ERR,ERR,ERR,ERR,ERR,ERR,ERR,ERR,ERR,ERR,ERR,ERR,ERR,ERR,ERR,ERR,ERR,ERR,ERR,ERR,ERR,ERR,ERR,ERR,ERR,ERR,ERR,ERR,ERR,ERR,ERR,ERR,ERR,ERR,ERR,ERR,ERR,ERR,ERR,ERR,ERR,ERR,ERR,ERR,ERR,ERR,ERR,ERR,ERR,ERR,ERR,ERR,ERR,ERR,ERR,ERR,ERR,ERR,ERR,ERR,ERR,ERR,ERR,ERR,ERR,ERR,-0.0,0.0,3.039990997430017e+23,0.0,0.0,0.0,0.0,nan,0,0,0,32768,0,0.0,0,0.0,0.0,0.0,0.0,0.0,0,0,0,0,0.0,0,0,0,0,0,0,0,0,0,0,0,0,0,0,0,0,0,0,0,0,0,0,0,0,0,0,0,0,0,0,0,0,0,0,0,0,0,0,0,0,0,0,0,0,0.0,0.0,0.0,0.0,0.0,0.0,0.0,0.0,0.0,0.0,0.0,0.0,0.0,0.0,0.0,0.0,0.0,0.0,0.0,0.0,0.0,0.0,2.004,0.0,-0.0,0.0,0.0,0.0,0.0,0.0,3400.5,-8608108544.0,0.0,-0.0,0.0,2.7184274988523002e+23,0.0,0.0,0.0,0.0,0.0,0,0.059,0.0,0.0,0.0,0.0,0.0,0.0,0.0,0.0,0,0,0,0.0,0.0,0.0,0.0,0.0,0.0,0.0,0.0,0.0,0.0,0.0,0.0,0.0,0.0,0.0,0.0,0,-107875648.0,0,0.0,0,-107875648.0,-0.0,0,0,17040,39322,17054,13107,17038,0,0,0,110,100,100,-0.0,64.0,0.0,64.5,0.0,69.0,1,49,50,180,13107,13107,0,0,0.0,0.0,0.0,0.0,-0.0,65.0,0.0,0.397,0.0,646,0,691,0,0,0,720,0,793,0,711,0,690,0,645,0,643,0,614,0.032,55836672.0,-0.0,-0.0,37008,16787,7.792274784537893e+24,0.0,4213405122560.0,-0.0,3.1104229517166803e+29,0.0,29.0,60.0,70,0.0,0.0,0.0,0.0,0.0,0.0,0.0,0.0,0.0,0.0,0.0,0.0,0.0,0.0,0.0,0.0,59.6,69,11,65508,41,65476,0,300,0,0,8,20529,65476,0,0,61604,60.0,0.0,0.0,0.0,0.0,0.0
2026-04-04T11:01:14,ERR,ERR,ERR,ERR,ERR,ERR,ERR,ERR,ERR,ERR,ERR,ERR,ERR,ERR,ERR,ERR,ERR,ERR,ERR,ERR,ERR,ERR,ERR,ERR,ERR,ERR,ERR,ERR,ERR,ERR,ERR,ERR,ERR,ERR,ERR,ERR,ERR,ERR,ERR,ERR,ERR,ERR,ERR,ERR,ERR,ERR,ERR,ERR,ERR,ERR,ERR,ERR,ERR,ERR,ERR,ERR,ERR,ERR,ERR,ERR,ERR,ERR,ERR,ERR,ERR,ERR,ERR,ERR,ERR,ERR,ERR,ERR,ERR,ERR,ERR,ERR,ERR,ERR,ERR,ERR,ERR,ERR,ERR,ERR,ERR,ERR,ERR,ERR,ERR,ERR,ERR,ERR,ERR,ERR,ERR,ERR,ERR,ERR,ERR,ERR,ERR,ERR,ERR,ERR,ERR,ERR,ERR,ERR,ERR,ERR,ERR,ERR,ERR,ERR,ERR,ERR,ERR,ERR,ERR,ERR,ERR,ERR,ERR,ERR,ERR,-0.0,0.0,3.039990997430017e+23,0.0,0.0,0.0,0.0,nan,0,0,0,32768,0,0.0,0,0.0,0.0,0.0,0.0,0.0,0,0,0,0,0.0,0,0,0,0,0,0,0,0,0,0,0,0,0,0,0,0,0,0,0,0,0,0,0,0,0,0,0,0,0,0,0,0,0,0,0,0,0,0,0,0,0,0,0,0,0.0,0.0,0.0,0.0,0.0,0.0,0.0,0.0,0.0,0.0,0.0,0.0,0.0,0.0,0.0,0.0,0.0,0.0,0.0,0.0,0.0,0.0,2.004,0.0,-0.0,0.0,0.0,0.0,0.0,0.0,3400.5,-8608108544.0,0.0,-0.0,0.0,2.7184274988523002e+23,0.0,0.0,0.0,0.0,0.0,0,0.059,0.0,0.0,0.0,0.0,0.0,0.0,0.0,0.0,0,0,0,0.0,0.0,0.0,0.0,0.0,0.0,0.0,0.0,0.0,0.0,0.0,0.0,0.0,0.0,0.0,0.0,0,-107875648.0,0,0.0,0,-107875648.0,-0.0,0,0,17040,39322,17054,13107,17038,0,0,0,110,100,100,-0.0,64.0,0.0,64.5,0.0,69.0,1,49,50,180,13107,13107,0,0,0.0,0.0,0.0,0.0,-0.0,65.0,0.0,0.397,0.0,646,0,691,0,0,0,720,0,793,0,711,0,690,0,645,0,643,0,614,0.032,55836672.0,-0.0,-0.0,37008,16787,7.792274784537893e+24,0.0,4213405122560.0,-0.0,3.1104229517166803e+29,0.0,29.0,60.0,70,0.0,0.0,0.0,0.0,0.0,0.0,0.0,0.0,0.0,0.0,0.0,0.0,0.0,0.0,0.0,0.0,59.6,69,11,65508,41,65476,0,300,0,0,8,20529,65476,0,0,61604,60.0,0.0,0.0,0.0,0.0,0.0
2026-04-04T11:01:15,ERR,ERR,ERR,ERR,ERR,ERR,ERR,ERR,ERR,ERR,ERR,ERR,ERR,ERR,ERR,ERR,ERR,ERR,ERR,ERR,ERR,ERR,ERR,ERR,ERR,ERR,ERR,ERR,ERR,ERR,ERR,ERR,ERR,ERR,ERR,ERR,ERR,ERR,ERR,ERR,ERR,ERR,ERR,ERR,ERR,ERR,ERR,ERR,ERR,ERR,ERR,ERR,ERR,ERR,ERR,ERR,ERR,ERR,ERR,ERR,ERR,ERR,ERR,ERR,ERR,ERR,ERR,ERR,ERR,ERR,ERR,ERR,ERR,ERR,ERR,ERR,ERR,ERR,ERR,ERR,ERR,ERR,ERR,ERR,ERR,ERR,ERR,ERR,ERR,ERR,ERR,ERR,ERR,ERR,ERR,ERR,ERR,ERR,ERR,ERR,ERR,ERR,ERR,ERR,ERR,ERR,ERR,ERR,ERR,ERR,ERR,ERR,ERR,ERR,ERR,ERR,ERR,ERR,ERR,ERR,ERR,ERR,ERR,ERR,ERR,-0.0,0.0,3.039990997430017e+23,0.0,0.0,0.0,0.0,nan,0,0,0,32768,0,0.0,0,0.0,0.0,0.0,0.0,0.0,0,0,0,0,0.0,0,0,0,0,0,0,0,0,0,0,0,0,0,0,0,0,0,0,0,0,0,0,0,0,0,0,0,0,0,0,0,0,0,0,0,0,0,0,0,0,0,0,0,0,0.0,0.0,0.0,0.0,0.0,0.0,0.0,0.0,0.0,0.0,0.0,0.0,0.0,0.0,-2.5962063029642504e+33,0.0,0.0,0.0,0.0,0.0,0.0,0.0,2.004,0.0,-2.004,0.0,0.0,0.0,0.0,0.0,3401.0,-3.697154467689818e+19,0.0,-0.0,0.0,2.7184274988523002e+23,0.0,0.0,0.0,0.0,0.0,0,89221.016,0.059,0.0,0.0,0.0,0.0,0.0,0.0,0.0,0,0,0,0.0,0.0,0.0,0.0,0.0,0.0,0.0,0.0,0.0,0.0,0.0,0.0,0.0,0.0,0.0,0.0,0,-107875648.0,0,0.0,0,-107875648.0,-0.0,0,0,17040,39322,17054,13107,17038,0,0,0,110,100,100,-0.0,64.0,0.0,64.5,0.0,69.0,1,49,50,180,13107,13107,0,0,0.0,0.0,0.0,0.0,-0.0,65.0,0.0,0.397,0.0,646,0,691,0,0,0,720,0,793,0,711,0,690,0,645,0,643,0,614,0.032,55836672.0,-0.0,-0.0,37008,16787,7.792274784537893e+24,0.0,4213405122560.0,-0.0,3.1104229517166803e+29,0.0,29.0,60.0,70,0.0,0.0,0.0,0.0,0.0,0.0,0.0,0.0,0.0,0.0,0.0,0.0,0.0,0.0,0.0,0.0,59.2,69,11,65508,41,65476,0,300,0,0,8,20529,65476,0,0,61604,60.0,0.0,0.0,0.0,0.0,0.0
2026-04-04T11:01:16,ERR,ERR,ERR,ERR,ERR,ERR,ERR,ERR,ERR,ERR,ERR,ERR,ERR,ERR,ERR,ERR,ERR,ERR,ERR,ERR,ERR,ERR,ERR,ERR,ERR,ERR,ERR,ERR,ERR,ERR,ERR,ERR,ERR,ERR,ERR,ERR,ERR,ERR,ERR,ERR,ERR,ERR,ERR,ERR,ERR,ERR,ERR,ERR,ERR,ERR,ERR,ERR,ERR,ERR,ERR,ERR,ERR,ERR,ERR,ERR,ERR,ERR,ERR,ERR,ERR,ERR,ERR,ERR,ERR,ERR,ERR,ERR,ERR,ERR,ERR,ERR,ERR,ERR,ERR,ERR,ERR,ERR,ERR,ERR,ERR,ERR,ERR,ERR,ERR,ERR,ERR,ERR,ERR,ERR,ERR,ERR,ERR,ERR,ERR,ERR,ERR,ERR,ERR,ERR,ERR,ERR,ERR,ERR,ERR,ERR,ERR,ERR,ERR,ERR,ERR,ERR,ERR,ERR,ERR,ERR,ERR,ERR,ERR,ERR,ERR,-0.0,0.0,3.039990997430017e+23,0.0,0.0,0.0,0.0,nan,0,0,0,32768,0,0.0,0,0.0,0.0,0.0,0.0,0.0,0,0,0,0,0.0,0,0,0,0,0,0,0,0,0,0,0,0,0,0,0,0,0,0,0,0,0,0,0,0,0,0,0,0,0,0,0,0,0,0,0,0,0,0,0,0,0,0,0,0,0.0,0.0,0.0,0.0,0.0,0.0,0.0,0.0,0.0,0.0,0.0,0.0,0.0,0.0,-2.5962063029642504e+33,0.0,0.0,0.0,0.0,0.0,0.0,0.0,2.004,0.0,-2.004,0.0,0.0,0.0,0.0,0.0,3401.0,-3.697154467689818e+19,0.0,-0.0,0.0,2.7184274988523002e+23,0.0,0.0,0.0,0.0,0.0,0,89221.016,0.059,0.0,0.0,0.0,0.0,0.0,0.0,0.0,0,0,0,0.0,0.0,0.0,0.0,0.0,0.0,0.0,0.0,0.0,0.0,0.0,0.0,0.0,0.0,0.0,0.0,0,-107875648.0,0,0.0,0,-107875648.0,-0.0,0,0,17040,39322,17054,13107,17038,0,0,0,110,100,100,-0.0,64.0,0.0,64.5,0.0,69.0,1,49,50,180,13107,13107,0,0,0.0,0.0,0.0,0.0,7.213247517782599e+19,65.0,0.0,-5.145726176890307e+25,0.0,646,0,691,0,0,0,721,0,793,0,711,0,690,0,645,0,643,0,614,0.032,53739520.0,-0.0,-0.0,37520,16787,1.7198154064987632e+26,-1.7530178487309856e+27,0.0,0.0,124391504.0,-2.079012521910328e+37,29.0,60.0,70,0.0,0.0,0.0,0.0,0.0,0.0,0.0,0.0,0.0,0.0,0.0,0.0,0.0,0.0,0.0,0.0,59.2,69,11,65508,41,65476,0,300,0,0,8,20529,65476,0,0,61604,60.0,0.0,0.0,0.0,0.0,0.0
2026-04-04T11:01:17,ERR,ERR,ERR,ERR,ERR,ERR,ERR,ERR,ERR,ERR,ERR,ERR,ERR,ERR,ERR,ERR,ERR,ERR,ERR,ERR,ERR,ERR,ERR,ERR,ERR,ERR,ERR,ERR,ERR,ERR,ERR,ERR,ERR,ERR,ERR,ERR,ERR,ERR,ERR,ERR,ERR,ERR,ERR,ERR,ERR,ERR,ERR,ERR,ERR,ERR,ERR,ERR,ERR,ERR,ERR,ERR,ERR,ERR,ERR,ERR,ERR,ERR,ERR,ERR,ERR,ERR,ERR,ERR,ERR,ERR,ERR,ERR,ERR,ERR,ERR,ERR,ERR,ERR,ERR,ERR,ERR,ERR,ERR,ERR,ERR,ERR,ERR,ERR,ERR,ERR,ERR,ERR,ERR,ERR,ERR,ERR,ERR,ERR,ERR,ERR,ERR,ERR,ERR,ERR,ERR,ERR,ERR,ERR,ERR,ERR,ERR,ERR,ERR,ERR,ERR,ERR,ERR,ERR,ERR,ERR,ERR,ERR,ERR,ERR,ERR,-0.0,0.0,3.039990997430017e+23,0.0,0.0,0.0,0.0,nan,0,0,0,32768,0,0.0,0,0.0,0.0,0.0,0.0,0.0,0,0,0,0,0.0,0,0,0,0,0,0,0,0,0,0,0,0,0,0,0,0,0,0,0,0,0,0,0,0,0,0,0,0,0,0,0,0,0,0,0,0,0,0,0,0,0,0,0,0,0.0,0.0,0.0,0.0,0.0,0.0,0.0,0.0,0.0,0.0,0.0,0.0,0.0,0.0,-2.5962063029642504e+33,0.0,0.0,0.0,0.0,0.0,0.0,0.0,2.004,0.0,-2.004,0.0,0.0,0.0,0.0,0.0,3401.0,-3.697154467689818e+19,0.0,-0.0,0.0,2.7184274988523002e+23,0.0,0.0,0.0,0.0,0.0,0,89221.016,0.059,0.0,0.0,0.0,0.0,0.0,0.0,0.0,0,0,0,0.0,0.0,0.0,0.0,0.0,0.0,0.0,0.0,0.0,0.0,0.0,0.0,0.0,0.0,0.0,0.0,0,-107875648.0,0,0.0,0,-107875648.0,-0.0,0,0,17040,39322,17054,13107,17038,0,0,0,110,100,100,-0.0,64.0,0.0,64.5,0.0,69.0,1,49,50,180,13107,13107,0,0,0.0,0.0,0.0,0.0,7.213247517782599e+19,65.0,0.0,-5.145726176890307e+25,0.0,646,0,691,0,0,0,721,0,793,0,711,0,690,0,645,0,643,0,614,0.032,53739520.0,-0.0,-0.0,37520,16787,1.7198154064987632e+26,-1.7530178487309856e+27,0.0,0.0,124391504.0,-2.079012521910328e+37,29.0,60.0,70,0.0,0.0,0.0,0.0,0.0,0.0,0.0,0.0,0.0,0.0,0.0,0.0,0.0,0.0,0.0,0.0,59.2,69,11,65508,41,65476,0,300,0,0,8,20529,65476,0,0,61604,60.0,0.0,0.0,0.0,0.0,0.0
2026-04-04T11:01:18,ERR,ERR,ERR,ERR,ERR,ERR,ERR,ERR,ERR,ERR,ERR,ERR,ERR,ERR,ERR,ERR,ERR,ERR,ERR,ERR,ERR,ERR,ERR,ERR,ERR,ERR,ERR,ERR,ERR,ERR,ERR,ERR,ERR,ERR,ERR,ERR,ERR,ERR,ERR,ERR,ERR,ERR,ERR,ERR,ERR,ERR,ERR,ERR,ERR,ERR,ERR,ERR,ERR,ERR,ERR,ERR,ERR,ERR,ERR,ERR,ERR,ERR,ERR,ERR,ERR,ERR,ERR,ERR,ERR,ERR,ERR,ERR,ERR,ERR,ERR,ERR,ERR,ERR,ERR,ERR,ERR,ERR,ERR,ERR,ERR,ERR,ERR,ERR,ERR,ERR,ERR,ERR,ERR,ERR,ERR,ERR,ERR,ERR,ERR,ERR,ERR,ERR,ERR,ERR,ERR,ERR,ERR,ERR,ERR,ERR,ERR,ERR,ERR,ERR,ERR,ERR,ERR,ERR,ERR,ERR,ERR,ERR,ERR,ERR,ERR,-0.0,0.0,3.039990997430017e+23,0.0,0.0,0.0,0.0,nan,0,0,0,32768,0,0.0,0,0.0,0.0,0.0,0.0,0.0,0,0,0,0,0.0,0,0,0,0,0,0,0,0,0,0,0,0,0,0,0,0,0,0,0,0,0,0,0,0,0,0,0,0,0,0,0,0,0,0,0,0,0,0,0,0,0,0,0,0,0.0,0.0,0.0,0.0,0.0,0.0,0.0,0.0,0.0,0.0,0.0,0.0,0.0,0.0,-2.5962063029642504e+33,0.0,0.0,0.0,0.0,0.0,0.0,0.0,2.004,0.0,-2.004,0.0,0.0,0.0,0.0,0.0,3401.0,-3.697154467689818e+19,0.0,-0.0,0.0,2.7184274988523002e+23,0.0,0.0,0.0,0.0,0.0,0,89221.016,0.059,0.0,0.0,0.0,0.0,0.0,0.0,0.0,0,0,0,0.0,0.0,0.0,0.0,0.0,0.0,0.0,0.0,0.0,0.0,0.0,0.0,0.0,0.0,0.0,0.0,0,-107875648.0,0,0.0,0,-107875648.0,-0.0,0,0,17040,39322,17054,13107,17038,0,0,0,110,100,100,-0.0,64.0,0.0,64.5,0.0,69.0,1,49,50,180,13107,13107,0,0,0.0,0.0,0.0,0.0,7.213247517782599e+19,65.0,0.0,-5.145726176890307e+25,0.0,646,0,691,0,0,0,721,0,793,0,711,0,690,0,645,0,643,0,614,0.032,53739520.0,-0.0,-0.0,37520,16787,1.7198154064987632e+26,-1.7530178487309856e+27,0.0,0.0,124391504.0,-2.079012521910328e+37,29.0,60.0,70,0.0,0.0,0.0,0.0,0.0,0.0,0.0,0.0,0.0,0.0,0.0,0.0,0.0,0.0,0.0,0.0,59.2,69,11,65508,41,65476,0,300,0,0,8,20529,65476,0,0,61604,60.0,0.0,0.0,0.0,0.0,0.0
2026-04-04T11:01:19,ERR,ERR,ERR,ERR,ERR,ERR,ERR,ERR,ERR,ERR,ERR,ERR,ERR,ERR,ERR,ERR,ERR,ERR,ERR,ERR,ERR,ERR,ERR,ERR,ERR,ERR,ERR,ERR,ERR,ERR,ERR,ERR,ERR,ERR,ERR,ERR,ERR,ERR,ERR,ERR,ERR,ERR,ERR,ERR,ERR,ERR,ERR,ERR,ERR,ERR,ERR,ERR,ERR,ERR,ERR,ERR,ERR,ERR,ERR,ERR,ERR,ERR,ERR,ERR,ERR,ERR,ERR,ERR,ERR,ERR,ERR,ERR,ERR,ERR,ERR,ERR,ERR,ERR,ERR,ERR,ERR,ERR,ERR,ERR,ERR,ERR,ERR,ERR,ERR,ERR,ERR,ERR,ERR,ERR,ERR,ERR,ERR,ERR,ERR,ERR,ERR,ERR,ERR,ERR,ERR,ERR,ERR,ERR,ERR,ERR,ERR,ERR,ERR,ERR,ERR,ERR,ERR,ERR,ERR,ERR,ERR,ERR,ERR,ERR,ERR,-0.0,0.0,3.039990997430017e+23,0.0,0.0,0.0,0.0,nan,0,0,0,32768,0,0.0,0,0.0,0.0,0.0,0.0,0.0,0,0,0,0,0.0,0,0,0,0,0,0,0,0,0,0,0,0,0,0,0,0,0,0,0,0,0,0,0,0,0,0,0,0,0,0,0,0,0,0,0,0,0,0,0,0,0,0,0,0,0.0,0.0,0.0,0.0,0.0,0.0,0.0,0.0,0.0,0.0,0.0,0.0,0.0,0.0,-2.5962063029642504e+33,0.0,0.0,0.0,0.0,0.0,0.0,0.0,2.004,0.0,-2.004,0.0,0.0,0.0,0.0,0.0,3401.0,-3.697154467689818e+19,0.0,-0.0,0.0,2.7184274988523002e+23,0.0,0.0,0.0,0.0,0.0,0,89221.016,0.059,0.0,0.0,0.0,0.0,0.0,0.0,0.0,0,0,0,0.0,0.0,0.0,0.0,0.0,0.0,0.0,0.0,0.0,0.0,0.0,0.0,0.0,0.0,0.0,0.0,0,-107875648.0,0,0.0,0,-107875648.0,-0.0,0,0,17040,39322,17054,13107,17038,0,0,0,110,100,100,-0.0,64.0,0.0,64.5,0.0,69.0,1,49,50,180,13107,13107,0,0,0.0,0.0,0.0,0.0,7.213247517782599e+19,65.0,0.0,-5.145726176890307e+25,0.0,646,0,691,0,0,0,721,0,793,0,711,0,690,0,645,0,643,0,614,0.032,53739520.0,-0.0,-0.0,37520,16787,1.7198154064987632e+26,-1.7530178487309856e+27,0.0,0.0,124391504.0,-2.079012521910328e+37,29.0,60.0,70,0.0,0.0,0.0,0.0,0.0,0.0,0.0,0.0,0.0,0.0,0.0,0.0,0.0,0.0,0.0,0.0,59.2,69,11,65508,41,65476,0,300,0,0,8,20529,65476,0,0,61604,60.0,0.0,0.0,0.0,0.0,0.0
2026-04-04T11:01:20,ERR,ERR,ERR,ERR,ERR,ERR,ERR,ERR,ERR,ERR,ERR,ERR,ERR,ERR,ERR,ERR,ERR,ERR,ERR,ERR,ERR,ERR,ERR,ERR,ERR,ERR,ERR,ERR,ERR,ERR,ERR,ERR,ERR,ERR,ERR,ERR,ERR,ERR,ERR,ERR,ERR,ERR,ERR,ERR,ERR,ERR,ERR,ERR,ERR,ERR,ERR,ERR,ERR,ERR,ERR,ERR,ERR,ERR,ERR,ERR,ERR,ERR,ERR,ERR,ERR,ERR,ERR,ERR,ERR,ERR,ERR,ERR,ERR,ERR,ERR,ERR,ERR,ERR,ERR,ERR,ERR,ERR,ERR,ERR,ERR,ERR,ERR,ERR,ERR,ERR,ERR,ERR,ERR,ERR,ERR,ERR,ERR,ERR,ERR,ERR,ERR,ERR,ERR,ERR,ERR,ERR,ERR,ERR,ERR,ERR,ERR,ERR,ERR,ERR,ERR,ERR,ERR,ERR,ERR,ERR,ERR,ERR,ERR,ERR,ERR,-0.0,0.0,3.039990997430017e+23,0.0,0.0,0.0,0.0,nan,0,0,0,32768,0,0.0,0,0.0,0.0,0.0,0.0,0.0,0,0,0,0,0.0,0,0,0,0,0,0,0,0,0,0,0,0,0,0,0,0,0,0,0,0,0,0,0,0,0,0,0,0,0,0,0,0,0,0,0,0,0,0,0,0,0,0,0,0,0.0,0.0,0.0,0.0,0.0,0.0,0.0,0.0,0.0,0.0,0.0,0.0,0.0,0.0,-2.5962063029642504e+33,0.0,0.0,0.0,0.0,0.0,0.0,0.0,2.004,0.0,-2.004,0.0,0.0,0.0,0.0,0.0,3401.0,-3.697154467689818e+19,0.0,-0.0,0.0,2.7184274988523002e+23,0.0,0.0,0.0,0.0,0.0,0,89221.016,0.059,0.0,0.0,0.0,0.0,0.0,0.0,0.0,0,0,0,0.0,0.0,0.0,0.0,0.0,0.0,0.0,0.0,0.0,0.0,0.0,0.0,0.0,0.0,0.0,0.0,0,-107875648.0,0,0.0,0,-107875648.0,-0.0,0,0,17040,39322,17054,13107,17038,0,0,0,110,100,100,-0.0,64.0,0.0,64.5,0.0,69.0,1,49,50,180,13107,13107,0,0,0.0,0.0,0.0,0.0,7.213247517782599e+19,65.0,0.0,-5.145726176890307e+25,0.0,646,0,691,0,0,0,721,0,793,0,711,0,690,0,645,0,643,0,614,0.032,53739520.0,-0.0,-0.0,37520,16787,1.7198154064987632e+26,-1.7530178487309856e+27,0.0,0.0,124391504.0,-2.079012521910328e+37,29.0,60.0,70,0.0,0.0,0.0,0.0,0.0,0.0,0.0,0.0,0.0,0.0,0.0,0.0,0.0,0.0,0.0,0.0,59.2,69,11,65508,41,65476,0,300,0,0,8,20529,65476,0,0,61604,60.0,0.0,0.0,0.0,0.0,0.0
2026-04-04T11:01:21,ERR,ERR,ERR,ERR,ERR,ERR,ERR,ERR,ERR,ERR,ERR,ERR,ERR,ERR,ERR,ERR,ERR,ERR,ERR,ERR,ERR,ERR,ERR,ERR,ERR,ERR,ERR,ERR,ERR,ERR,ERR,ERR,ERR,ERR,ERR,ERR,ERR,ERR,ERR,ERR,ERR,ERR,ERR,ERR,ERR,ERR,ERR,ERR,ERR,ERR,ERR,ERR,ERR,ERR,ERR,ERR,ERR,ERR,ERR,ERR,ERR,ERR,ERR,ERR,ERR,ERR,ERR,ERR,ERR,ERR,ERR,ERR,ERR,ERR,ERR,ERR,ERR,ERR,ERR,ERR,ERR,ERR,ERR,ERR,ERR,ERR,ERR,ERR,ERR,ERR,ERR,ERR,ERR,ERR,ERR,ERR,ERR,ERR,ERR,ERR,ERR,ERR,ERR,ERR,ERR,ERR,ERR,ERR,ERR,ERR,ERR,ERR,ERR,ERR,ERR,ERR,ERR,ERR,ERR,ERR,ERR,ERR,ERR,ERR,ERR,-0.0,0.0,3.039990997430017e+23,0.0,0.0,0.0,0.0,nan,0,0,0,32768,0,0.0,0,0.0,0.0,0.0,0.0,0.0,0,0,0,0,0.0,0,0,0,0,0,0,0,0,0,0,0,0,0,0,0,0,0,0,0,0,0,0,0,0,0,0,0,0,0,0,0,0,0,0,0,0,0,0,0,0,0,0,0,0,0.0,0.0,0.0,0.0,0.0,0.0,0.0,0.0,0.0,0.0,0.0,0.0,0.0,0.0,-2.5962063029642504e+33,0.0,0.0,0.0,0.0,0.0,0.0,0.0,2.004,0.0,-2.004,0.0,0.0,0.0,0.0,0.0,3401.0,-3.697154467689818e+19,0.0,-0.0,0.0,2.7184274988523002e+23,0.0,0.0,0.0,0.0,0.0,0,89221.016,0.059,0.0,0.0,0.0,0.0,0.0,0.0,0.0,0,0,0,0.0,0.0,0.0,0.0,0.0,0.0,0.0,0.0,0.0,0.0,0.0,0.0,0.0,0.0,0.0,0.0,0,-107875648.0,0,0.0,0,-107875648.0,-0.0,0,0,17040,39322,17054,13107,17038,0,0,0,110,100,100,-0.0,64.0,0.0,64.5,0.0,69.0,1,49,50,180,13107,13107,0,0,0.0,0.0,0.0,0.0,7.213247517782599e+19,65.0,0.0,-5.145726176890307e+25,0.0,646,0,691,0,0,0,721,0,793,0,711,0,690,0,645,0,643,0,614,0.032,53739520.0,-0.0,-0.0,37520,16787,1.7198154064987632e+26,-1.7530178487309856e+27,0.0,0.0,124391504.0,-2.079012521910328e+37,29.0,60.0,70,0.0,0.0,0.0,0.0,0.0,0.0,0.0,0.0,0.0,0.0,0.0,0.0,0.0,0.0,0.0,0.0,59.2,69,11,65508,41,65476,0,300,0,0,8,20529,65476,0,0,61604,60.0,0.0,0.0,0.0,0.0,0.0
2026-04-04T11:01:22,ERR,ERR,ERR,ERR,ERR,ERR,ERR,ERR,ERR,ERR,ERR,ERR,ERR,ERR,ERR,ERR,ERR,ERR,ERR,ERR,ERR,ERR,ERR,ERR,ERR,ERR,ERR,ERR,ERR,ERR,ERR,ERR,ERR,ERR,ERR,ERR,ERR,ERR,ERR,ERR,ERR,ERR,ERR,ERR,ERR,ERR,ERR,ERR,ERR,ERR,ERR,ERR,ERR,ERR,ERR,ERR,ERR,ERR,ERR,ERR,ERR,ERR,ERR,ERR,ERR,ERR,ERR,ERR,ERR,ERR,ERR,ERR,ERR,ERR,ERR,ERR,ERR,ERR,ERR,ERR,ERR,ERR,ERR,ERR,ERR,ERR,ERR,ERR,ERR,ERR,ERR,ERR,ERR,ERR,ERR,ERR,ERR,ERR,ERR,ERR,ERR,ERR,ERR,ERR,ERR,ERR,ERR,ERR,ERR,ERR,ERR,ERR,ERR,ERR,ERR,ERR,ERR,ERR,ERR,ERR,ERR,ERR,ERR,ERR,ERR,-0.0,0.0,3.039990997430017e+23,0.0,0.0,0.0,0.0,nan,0,0,0,32768,0,0.0,0,0.0,0.0,0.0,0.0,0.0,0,0,0,0,0.0,0,0,0,0,0,0,0,0,0,0,0,0,0,0,0,0,0,0,0,0,0,0,0,0,0,0,0,0,0,0,0,0,0,0,0,0,0,0,0,0,0,0,0,0,0.0,0.0,0.0,0.0,0.0,0.0,0.0,0.0,0.0,0.0,0.0,0.0,0.0,0.0,-2.5962063029642504e+33,0.0,0.0,0.0,0.0,0.0,0.0,0.0,2.004,0.0,-2.004,0.0,0.0,0.0,0.0,0.0,3401.0,-3.697154467689818e+19,0.0,-0.0,0.0,2.7184274988523002e+23,0.0,0.0,0.0,0.0,0.0,0,89221.016,0.059,0.0,0.0,0.0,0.0,0.0,0.0,0.0,0,0,0,0.0,0.0,0.0,0.0,0.0,0.0,0.0,0.0,0.0,0.0,0.0,0.0,0.0,0.0,0.0,0.0,0,-107875648.0,0,0.0,0,-107875648.0,-0.0,0,13107,17040,39322,17054,13107,17038,0,0,0,110,100,100,-0.0,64.0,0.0,64.5,0.0,69.0,1,49,50,180,13107,0,0,0,0.0,0.0,0.0,0.0,2.1310813970797626e+37,65.0,0.0,0.0,0.0,646,0,690,0,0,0,720,0,793,0,711,0,690,0,645,0,643,0,614,0.032,51904512.0,-0.0,-0.0,52880,16787,1.1183037543823133e+27,-1823058864111616.0,0.0,-0.08,63554.039,-8.48068541929262e+32,29.0,60.0,70,0.0,0.0,0.0,0.0,0.0,0.0,0.0,0.0,0.0,0.0,0.0,0.0,0.0,0.0,0.0,0.0,59.2,69,11,65508,41,65476,0,300,0,0,8,20529,65476,0,0,61604,60.0,0.0,0.0,0.0,0.0,0.0
2026-04-04T11:01:23,ERR,ERR,ERR,ERR,ERR,ERR,ERR,ERR,ERR,ERR,ERR,ERR,ERR,ERR,ERR,ERR,ERR,ERR,ERR,ERR,ERR,ERR,ERR,ERR,ERR,ERR,ERR,ERR,ERR,ERR,ERR,ERR,ERR,ERR,ERR,ERR,ERR,ERR,ERR,ERR,ERR,ERR,ERR,ERR,ERR,ERR,ERR,ERR,ERR,ERR,ERR,ERR,ERR,ERR,ERR,ERR,ERR,ERR,ERR,ERR,ERR,ERR,ERR,ERR,ERR,ERR,ERR,ERR,ERR,ERR,ERR,ERR,ERR,ERR,ERR,ERR,ERR,ERR,ERR,ERR,ERR,ERR,ERR,ERR,ERR,ERR,ERR,ERR,ERR,ERR,ERR,ERR,ERR,ERR,ERR,ERR,ERR,ERR,ERR,ERR,ERR,ERR,ERR,ERR,ERR,ERR,ERR,ERR,ERR,ERR,ERR,ERR,ERR,ERR,ERR,ERR,ERR,ERR,ERR,ERR,ERR,ERR,ERR,ERR,ERR,-0.0,0.0,3.039990997430017e+23,0.0,0.0,0.0,0.0,nan,0,0,0,32768,0,0.0,0,0.0,0.0,0.0,0.0,0.0,0,0,0,0,0.0,0,0,0,0,0,0,0,0,0,0,0,0,0,0,0,0,0,0,0,0,0,0,0,0,0,0,0,0,0,0,0,0,0,0,0,0,0,0,0,0,0,0,0,0,0.0,0.0,0.0,0.0,0.0,0.0,0.0,0.0,0.0,0.0,0.0,0.0,0.0,0.0,0.0,0.0,0.0,0.0,0.0,0.0,0.0,0.0,2.004,0.0,-0.0,0.0,0.0,0.0,0.0,0.0,3401.0,-0.0,0.0,-0.0,0.0,2.7184274988523002e+23,0.0,0.0,0.0,0.0,0.0,0,71.63,0.0,0.0,0.0,0.0,0.0,0.0,0.0,0.0,0,0,0,0.0,0.0,0.0,0.0,0.0,0.0,0.0,0.0,0.0,0.0,0.0,0.0,0.0,0.0,0.0,0.0,0,-107875648.0,0,0.0,0,-107875648.0,-0.0,0,13107,17040,39322,17054,13107,17038,0,0,0,110,100,100,-0.0,64.0,0.0,64.5,0.0,69.0,1,49,50,180,13107,0,0,0,0.0,0.0,0.0,0.0,2.1310813970797626e+37,65.0,0.0,0.0,0.0,646,0,690,0,0,0,720,0,793,0,711,0,690,0,645,0,643,0,614,0.032,51904512.0,-0.0,-0.0,52880,16787,1.1183037543823133e+27,-1823058864111616.0,0.0,-0.08,63554.039,-8.48068541929262e+32,29.0,60.0,70,0.0,0.0,0.0,0.0,0.0,0.0,0.0,0.0,0.0,0.0,0.0,0.0,0.0,0.0,0.0,0.0,59.6,69,11,65508,41,65476,0,300,0,0,8,20529,65476,0,0,61604,60.0,0.0,0.0,0.0,0.0,0.0
2026-04-04T11:01:24,ERR,ERR,ERR,ERR,ERR,ERR,ERR,ERR,ERR,ERR,ERR,ERR,ERR,ERR,ERR,ERR,ERR,ERR,ERR,ERR,ERR,ERR,ERR,ERR,ERR,ERR,ERR,ERR,ERR,ERR,ERR,ERR,ERR,ERR,ERR,ERR,ERR,ERR,ERR,ERR,ERR,ERR,ERR,ERR,ERR,ERR,ERR,ERR,ERR,ERR,ERR,ERR,ERR,ERR,ERR,ERR,ERR,ERR,ERR,ERR,ERR,ERR,ERR,ERR,ERR,ERR,ERR,ERR,ERR,ERR,ERR,ERR,ERR,ERR,ERR,ERR,ERR,ERR,ERR,ERR,ERR,ERR,ERR,ERR,ERR,ERR,ERR,ERR,ERR,ERR,ERR,ERR,ERR,ERR,ERR,ERR,ERR,ERR,ERR,ERR,ERR,ERR,ERR,ERR,ERR,ERR,ERR,ERR,ERR,ERR,ERR,ERR,ERR,ERR,ERR,ERR,ERR,ERR,ERR,ERR,ERR,ERR,ERR,ERR,ERR,-0.0,0.0,3.039990997430017e+23,0.0,0.0,0.0,0.0,nan,0,0,0,32768,0,0.0,0,0.0,0.0,0.0,0.0,0.0,0,0,0,0,0.0,0,0,0,0,0,0,0,0,0,0,0,0,0,0,0,0,0,0,0,0,0,0,0,0,0,0,0,0,0,0,0,0,0,0,0,0,0,0,0,0,0,0,0,0,0.0,0.0,0.0,0.0,0.0,0.0,0.0,0.0,0.0,0.0,0.0,0.0,0.0,0.0,0.0,0.0,0.0,0.0,0.0,0.0,0.0,0.0,2.004,0.0,-0.0,0.0,0.0,0.0,0.0,0.0,3401.0,-0.0,0.0,-0.0,0.0,2.7184274988523002e+23,0.0,0.0,0.0,0.0,0.0,0,71.63,0.0,0.0,0.0,0.0,0.0,0.0,0.0,0.0,0,0,0,0.0,0.0,0.0,0.0,0.0,0.0,0.0,0.0,0.0,0.0,0.0,0.0,0.0,0.0,0.0,0.0,0,-107875648.0,0,0.0,0,-107875648.0,-0.0,0,13107,17040,39322,17054,13107,17038,0,0,0,110,100,100,-0.0,64.0,0.0,64.5,0.0,69.0,1,49,50,180,13107,0,0,0,0.0,0.0,0.0,0.0,2.1310813970797626e+37,65.0,0.0,0.0,0.0,646,0,690,0,0,0,720,0,793,0,711,0,690,0,645,0,643,0,614,0.032,51904512.0,-0.0,-0.0,52880,16787,1.1183037543823133e+27,-1823058864111616.0,0.0,-0.08,63554.039,-8.48068541929262e+32,29.0,60.0,70,0.0,0.0,0.0,0.0,0.0,0.0,0.0,0.0,0.0,0.0,0.0,0.0,0.0,0.0,0.0,0.0,59.6,69,11,65508,41,65476,0,300,0,0,8,20529,65476,0,0,61604,60.0,0.0,0.0,0.0,0.0,0.0
2026-04-04T11:01:25,ERR,ERR,ERR,ERR,ERR,ERR,ERR,ERR,ERR,ERR,ERR,ERR,ERR,ERR,ERR,ERR,ERR,ERR,ERR,ERR,ERR,ERR,ERR,ERR,ERR,ERR,ERR,ERR,ERR,ERR,ERR,ERR,ERR,ERR,ERR,ERR,ERR,ERR,ERR,ERR,ERR,ERR,ERR,ERR,ERR,ERR,ERR,ERR,ERR,ERR,ERR,ERR,ERR,ERR,ERR,ERR,ERR,ERR,ERR,ERR,ERR,ERR,ERR,ERR,ERR,ERR,ERR,ERR,ERR,ERR,ERR,ERR,ERR,ERR,ERR,ERR,ERR,ERR,ERR,ERR,ERR,ERR,ERR,ERR,ERR,ERR,ERR,ERR,ERR,ERR,ERR,ERR,ERR,ERR,ERR,ERR,ERR,ERR,ERR,ERR,ERR,ERR,ERR,ERR,ERR,ERR,ERR,ERR,ERR,ERR,ERR,ERR,ERR,ERR,ERR,ERR,ERR,ERR,ERR,ERR,ERR,ERR,ERR,ERR,ERR,-0.0,0.0,3.039990997430017e+23,0.0,0.0,0.0,0.0,nan,0,0,0,32768,0,0.0,0,0.0,0.0,0.0,0.0,0.0,0,0,0,0,0.0,0,0,0,0,0,0,0,0,0,0,0,0,0,0,0,0,0,0,0,0,0,0,0,0,0,0,0,0,0,0,0,0,0,0,0,0,0,0,0,0,0,0,0,0,0.0,0.0,0.0,0.0,0.0,0.0,0.0,0.0,0.0,0.0,0.0,0.0,0.0,0.0,0.0,0.0,0.0,0.0,0.0,0.0,0.0,0.0,2.004,0.0,-0.0,0.0,0.0,0.0,0.0,0.0,3401.0,-0.0,0.0,-0.0,0.0,2.7184274988523002e+23,0.0,0.0,0.0,0.0,0.0,0,71.63,0.0,0.0,0.0,0.0,0.0,0.0,0.0,0.0,0,0,0,0.0,0.0,0.0,0.0,0.0,0.0,0.0,0.0,0.0,0.0,0.0,0.0,0.0,0.0,0.0,0.0,0,-107875648.0,0,0.0,0,-107875648.0,-0.0,0,13107,17040,39322,17054,13107,17038,0,0,0,110,100,100,-0.0,64.0,0.0,64.5,0.0,69.0,1,49,50,180,13107,0,0,0,0.0,0.0,0.0,0.0,2.1310813970797626e+37,65.0,0.0,0.0,0.0,646,0,690,0,0,0,720,0,793,0,711,0,690,0,645,0,643,0,614,0.032,51904512.0,-0.0,-0.0,52880,16787,1.1183037543823133e+27,-1823058864111616.0,0.0,-0.08,63554.039,-8.48068541929262e+32,29.0,60.0,70,0.0,0.0,0.0,0.0,0.0,0.0,0.0,0.0,0.0,0.0,0.0,0.0,0.0,0.0,0.0,0.0,59.6,69,11,65508,41,65476,0,300,0,0,8,20529,65476,0,0,61604,60.0,0.0,0.0,0.0,0.0,0.0
2026-04-04T11:01:26,ERR,ERR,ERR,ERR,ERR,ERR,ERR,ERR,ERR,ERR,ERR,ERR,ERR,ERR,ERR,ERR,ERR,ERR,ERR,ERR,ERR,ERR,ERR,ERR,ERR,ERR,ERR,ERR,ERR,ERR,ERR,ERR,ERR,ERR,ERR,ERR,ERR,ERR,ERR,ERR,ERR,ERR,ERR,ERR,ERR,ERR,ERR,ERR,ERR,ERR,ERR,ERR,ERR,ERR,ERR,ERR,ERR,ERR,ERR,ERR,ERR,ERR,ERR,ERR,ERR,ERR,ERR,ERR,ERR,ERR,ERR,ERR,ERR,ERR,ERR,ERR,ERR,ERR,ERR,ERR,ERR,ERR,ERR,ERR,ERR,ERR,ERR,ERR,ERR,ERR,ERR,ERR,ERR,ERR,ERR,ERR,ERR,ERR,ERR,ERR,ERR,ERR,ERR,ERR,ERR,ERR,ERR,ERR,ERR,ERR,ERR,ERR,ERR,ERR,ERR,ERR,ERR,ERR,ERR,ERR,ERR,ERR,ERR,ERR,ERR,-0.0,0.0,3.039990997430017e+23,0.0,0.0,0.0,0.0,nan,0,0,0,32768,0,0.0,0,0.0,0.0,0.0,0.0,0.0,0,0,0,0,0.0,0,0,0,0,0,0,0,0,0,0,0,0,0,0,0,0,0,0,0,0,0,0,0,0,0,0,0,0,0,0,0,0,0,0,0,0,0,0,0,0,0,0,0,0,0.0,0.0,0.0,0.0,0.0,0.0,0.0,0.0,0.0,0.0,0.0,0.0,0.0,0.0,0.0,0.0,0.0,0.0,0.0,0.0,0.0,0.0,2.004,0.0,-0.0,0.0,0.0,0.0,0.0,0.0,3401.0,-0.0,0.0,-0.0,0.0,2.7184274988523002e+23,0.0,0.0,0.0,0.0,0.0,0,71.63,0.0,0.0,0.0,0.0,0.0,0.0,0.0,0.0,0,0,0,0.0,0.0,0.0,0.0,0.0,0.0,0.0,0.0,0.0,0.0,0.0,0.0,0.0,0.0,0.0,0.0,0,-107875648.0,0,0.0,0,-107875648.0,-0.0,0,13107,17040,39322,17054,13107,17038,0,0,0,110,100,100,-0.0,64.0,0.0,64.5,0.0,69.0,1,49,50,180,13107,0,0,0,0.0,0.0,0.0,0.0,2.1310813970797626e+37,65.0,0.0,0.0,0.0,646,0,690,0,0,0,720,0,793,0,711,0,690,0,645,0,643,0,614,0.032,51904512.0,-0.0,-0.0,52880,16787,1.1183037543823133e+27,-1823058864111616.0,0.0,-0.08,63554.039,-8.48068541929262e+32,29.0,60.0,70,0.0,0.0,0.0,0.0,0.0,0.0,0.0,0.0,0.0,0.0,0.0,0.0,0.0,0.0,0.0,0.0,59.2,69,11,65508,41,65476,0,300,0,0,8,20529,65476,0,0,61604,60.0,0.0,0.0,0.0,0.0,0.0
2026-04-04T11:01:27,ERR,ERR,ERR,ERR,ERR,ERR,ERR,ERR,ERR,ERR,ERR,ERR,ERR,ERR,ERR,ERR,ERR,ERR,ERR,ERR,ERR,ERR,ERR,ERR,ERR,ERR,ERR,ERR,ERR,ERR,ERR,ERR,ERR,ERR,ERR,ERR,ERR,ERR,ERR,ERR,ERR,ERR,ERR,ERR,ERR,ERR,ERR,ERR,ERR,ERR,ERR,ERR,ERR,ERR,ERR,ERR,ERR,ERR,ERR,ERR,ERR,ERR,ERR,ERR,ERR,ERR,ERR,ERR,ERR,ERR,ERR,ERR,ERR,ERR,ERR,ERR,ERR,ERR,ERR,ERR,ERR,ERR,ERR,ERR,ERR,ERR,ERR,ERR,ERR,ERR,ERR,ERR,ERR,ERR,ERR,ERR,ERR,ERR,ERR,ERR,ERR,ERR,ERR,ERR,ERR,ERR,ERR,ERR,ERR,ERR,ERR,ERR,ERR,ERR,ERR,ERR,ERR,ERR,ERR,ERR,ERR,ERR,ERR,ERR,ERR,-0.0,0.0,3.039990997430017e+23,0.0,0.0,0.0,0.0,nan,0,0,0,32768,0,0.0,0,0.0,0.0,0.0,0.0,0.0,0,0,0,0,0.0,0,0,0,0,0,0,0,0,0,0,0,0,0,0,0,0,0,0,0,0,0,0,0,0,0,0,0,0,0,0,0,0,0,0,0,0,0,0,0,0,0,0,0,0,0.0,0.0,0.0,0.0,0.0,0.0,0.0,0.0,0.0,0.0,0.0,0.0,0.0,0.0,0.0,0.0,0.0,0.0,0.0,0.0,0.0,0.0,2.004,0.0,-0.0,0.0,0.0,0.0,0.0,0.0,3401.0,-0.0,0.0,-0.0,0.0,2.7184274988523002e+23,0.0,0.0,0.0,0.0,0.0,0,71.63,0.0,0.0,0.0,0.0,0.0,0.0,0.0,0.0,0,0,0,0.0,0.0,0.0,0.0,0.0,0.0,0.0,0.0,0.0,0.0,0.0,0.0,0.0,0.0,0.0,0.0,0,-107875648.0,0,0.0,0,-107875648.0,-0.0,0,13107,17040,39322,17054,13107,17038,0,0,0,110,100,100,-0.0,64.0,0.0,64.5,0.0,69.0,1,49,50,180,13107,0,0,0,0.0,0.0,0.0,0.0,2.1310813970797626e+37,65.0,0.0,0.0,0.0,646,0,690,0,0,0,720,0,793,0,711,0,690,0,645,0,643,0,614,0.032,51904512.0,-0.0,-0.0,52880,16787,1.1183037543823133e+27,-1823058864111616.0,0.0,-0.08,63554.039,-8.48068541929262e+32,29.0,60.0,70,0.0,0.0,0.0,0.0,0.0,0.0,0.0,0.0,0.0,0.0,0.0,0.0,0.0,0.0,0.0,0.0,59.2,69,11,65508,41,65476,0,300,0,0,8,20529,65476,0,0,61604,60.0,0.0,0.0,0.0,0.0,0.0
2026-04-04T11:01:28,ERR,ERR,ERR,ERR,ERR,ERR,ERR,ERR,ERR,ERR,ERR,ERR,ERR,ERR,ERR,ERR,ERR,ERR,ERR,ERR,ERR,ERR,ERR,ERR,ERR,ERR,ERR,ERR,ERR,ERR,ERR,ERR,ERR,ERR,ERR,ERR,ERR,ERR,ERR,ERR,ERR,ERR,ERR,ERR,ERR,ERR,ERR,ERR,ERR,ERR,ERR,ERR,ERR,ERR,ERR,ERR,ERR,ERR,ERR,ERR,ERR,ERR,ERR,ERR,ERR,ERR,ERR,ERR,ERR,ERR,ERR,ERR,ERR,ERR,ERR,ERR,ERR,ERR,ERR,ERR,ERR,ERR,ERR,ERR,ERR,ERR,ERR,ERR,ERR,ERR,ERR,ERR,ERR,ERR,ERR,ERR,ERR,ERR,ERR,ERR,ERR,ERR,ERR,ERR,ERR,ERR,ERR,ERR,ERR,ERR,ERR,ERR,ERR,ERR,ERR,ERR,ERR,ERR,ERR,ERR,ERR,ERR,ERR,ERR,ERR,-0.0,0.0,3.039990997430017e+23,0.0,0.0,0.0,0.0,nan,0,0,0,32768,0,0.0,0,0.0,0.0,0.0,0.0,0.0,0,0,0,0,0.0,0,0,0,0,0,0,0,0,0,0,0,0,0,0,0,0,0,0,0,0,0,0,0,0,0,0,0,0,0,0,0,0,0,0,0,0,0,0,0,0,0,0,0,0,0.0,0.0,0.0,0.0,0.0,0.0,0.0,0.0,0.0,0.0,0.0,0.0,0.0,0.0,0.0,0.0,0.0,0.0,0.0,0.0,0.0,0.0,2.004,0.0,-0.0,0.0,0.0,0.0,0.0,0.0,3401.0,-0.0,0.0,-0.0,0.0,2.7184274988523002e+23,0.0,0.0,0.0,0.0,0.0,0,71.63,0.0,0.0,0.0,0.0,0.0,0.0,0.0,0.0,0,0,0,0.0,0.0,0.0,0.0,0.0,0.0,0.0,0.0,0.0,0.0,0.0,0.0,0.0,0.0,0.0,0.0,0,-107875648.0,0,0.0,0,-107875648.0,-0.0,0,0,17040,39322,17054,13107,17038,0,0,0,110,100,100,-0.0,64.0,0.0,64.5,0.0,69.0,1,49,50,180,13107,13107,0,0,0.0,0.0,0.0,0.0,1.5481803859588206e+32,65.0,0.0,-3.1280004151115776e+16,0.0,646,0,690,0,0,0,720,0,793,0,711,0,690,0,645,0,643,0,614,0.032,56098816.0,-0.0,-0.0,51728,16787,6.056897624034043e+23,-198.258,-1.0255417149850304e+33,3.220039607981756e+38,0.0,-2.9949303109630034e+18,29.0,60.0,70,0.0,0.0,0.0,0.0,0.0,0.0,0.0,0.0,0.0,0.0,0.0,0.0,0.0,0.0,0.0,0.0,59.2,69,11,65508,41,65476,0,300,0,0,8,20529,65476,0,0,61604,60.0,0.0,0.0,0.0,0.0,0.0
2026-04-04T11:01:29,ERR,ERR,ERR,ERR,ERR,ERR,ERR,ERR,ERR,ERR,ERR,ERR,ERR,ERR,ERR,ERR,ERR,ERR,ERR,ERR,ERR,ERR,ERR,ERR,ERR,ERR,ERR,ERR,ERR,ERR,ERR,ERR,ERR,ERR,ERR,ERR,ERR,ERR,ERR,ERR,ERR,ERR,ERR,ERR,ERR,ERR,ERR,ERR,ERR,ERR,ERR,ERR,ERR,ERR,ERR,ERR,ERR,ERR,ERR,ERR,ERR,ERR,ERR,ERR,ERR,ERR,ERR,ERR,ERR,ERR,ERR,ERR,ERR,ERR,ERR,ERR,ERR,ERR,ERR,ERR,ERR,ERR,ERR,ERR,ERR,ERR,ERR,ERR,ERR,ERR,ERR,ERR,ERR,ERR,ERR,ERR,ERR,ERR,ERR,ERR,ERR,ERR,ERR,ERR,ERR,ERR,ERR,ERR,ERR,ERR,ERR,ERR,ERR,ERR,ERR,ERR,ERR,ERR,ERR,ERR,ERR,ERR,ERR,ERR,ERR,-0.0,0.0,3.039990997430017e+23,0.0,0.0,0.0,0.0,nan,0,0,0,32768,0,0.0,0,0.0,0.0,0.0,0.0,0.0,0,0,0,0,0.0,0,0,0,0,0,0,0,0,0,0,0,0,0,0,0,0,0,0,0,0,0,0,0,0,0,0,0,0,0,0,0,0,0,0,0,0,0,0,0,0,0,0,0,0,0.0,0.0,0.0,0.0,0.0,0.0,0.0,0.0,0.0,0.0,0.0,0.0,0.0,0.0,0.0,0.0,0.0,0.0,0.0,0.0,0.0,0.0,2.004,0.0,-0.0,0.0,0.0,0.0,0.0,0.0,3401.0,-0.0,0.0,-0.0,0.0,2.7184274988523002e+23,0.0,0.0,0.0,0.0,0.0,0,71.63,0.0,0.0,0.0,0.0,0.0,0.0,0.0,0.0,0,0,0,0.0,0.0,0.0,0.0,0.0,0.0,0.0,0.0,0.0,0.0,0.0,0.0,0.0,0.0,0.0,0.0,0,-107875648.0,0,0.0,0,-107875648.0,-0.0,0,0,17040,39322,17054,13107,17038,0,0,0,110,100,100,-0.0,64.0,0.0,64.5,0.0,69.0,1,49,50,180,13107,13107,0,0,0.0,0.0,0.0,0.0,1.5481803859588206e+32,65.0,0.0,-3.1280004151115776e+16,0.0,646,0,690,0,0,0,720,0,793,0,711,0,690,0,645,0,643,0,614,0.032,56098816.0,-0.0,-0.0,51728,16787,6.056897624034043e+23,-198.258,-1.0255417149850304e+33,3.220039607981756e+38,0.0,-2.9949303109630034e+18,29.0,60.0,70,0.0,0.0,0.0,0.0,0.0,0.0,0.0,0.0,0.0,0.0,0.0,0.0,0.0,0.0,0.0,0.0,59.2,69,11,65508,41,65476,0,300,0,0,8,20529,65476,0,0,61604,60.0,0.0,0.0,0.0,0.0,0.0
2026-04-04T11:01:30,ERR,ERR,ERR,ERR,ERR,ERR,ERR,ERR,ERR,ERR,ERR,ERR,ERR,ERR,ERR,ERR,ERR,ERR,ERR,ERR,ERR,ERR,ERR,ERR,ERR,ERR,ERR,ERR,ERR,ERR,ERR,ERR,ERR,ERR,ERR,ERR,ERR,ERR,ERR,ERR,ERR,ERR,ERR,ERR,ERR,ERR,ERR,ERR,ERR,ERR,ERR,ERR,ERR,ERR,ERR,ERR,ERR,ERR,ERR,ERR,ERR,ERR,ERR,ERR,ERR,ERR,ERR,ERR,ERR,ERR,ERR,ERR,ERR,ERR,ERR,ERR,ERR,ERR,ERR,ERR,ERR,ERR,ERR,ERR,ERR,ERR,ERR,ERR,ERR,ERR,ERR,ERR,ERR,ERR,ERR,ERR,ERR,ERR,ERR,ERR,ERR,ERR,ERR,ERR,ERR,ERR,ERR,ERR,ERR,ERR,ERR,ERR,ERR,ERR,ERR,ERR,ERR,ERR,ERR,ERR,ERR,ERR,ERR,ERR,ERR,-0.0,0.0,3.039990997430017e+23,0.0,0.0,0.0,0.0,nan,0,0,0,32768,0,0.0,0,0.0,0.0,0.0,0.0,0.0,0,0,0,0,0.0,0,0,0,0,0,0,0,0,0,0,0,0,0,0,0,0,0,0,0,0,0,0,0,0,0,0,0,0,0,0,0,0,0,0,0,0,0,0,0,0,0,0,0,0,0.0,0.0,0.0,0.0,0.0,0.0,0.0,0.0,0.0,0.0,0.0,0.0,0.0,0.0,0.0,0.0,0.0,0.0,0.0,0.0,0.0,0.0,2.004,0.0,-0.0,0.0,0.0,0.0,0.0,0.0,3401.5,-3.697154467689818e+19,0.0,-0.0,0.0,2.7184274988523002e+23,0.0,0.0,0.0,0.0,0.0,0,2.3088382548096162e+20,0.0,0.0,0.0,0.0,0.0,0.0,0.0,0.0,0,0,0,0.0,0.0,0.0,0.0,0.0,0.0,0.0,0.0,0.0,0.0,0.0,0.0,0.0,0.0,0.0,0.0,0,-107875648.0,0,0.0,0,-107875648.0,-0.0,0,0,17040,39322,17054,13107,17038,0,0,0,110,100,100,-0.0,64.0,0.0,64.5,0.0,69.0,1,49,50,180,13107,13107,0,0,0.0,0.0,0.0,0.0,1.5481803859588206e+32,65.0,0.0,-3.1280004151115776e+16,0.0,646,0,690,0,0,0,720,0,793,0,711,0,690,0,645,0,643,0,614,0.032,56098816.0,-0.0,-0.0,51728,16787,6.056897624034043e+23,-198.258,-1.0255417149850304e+33,3.220039607981756e+38,0.0,-2.9949303109630034e+18,29.0,60.0,70,0.0,0.0,0.0,0.0,0.0,0.0,0.0,0.0,0.0,0.0,0.0,0.0,0.0,0.0,0.0,0.0,59.2,69,11,65508,41,65476,0,300,0,0,8,20529,65476,0,0,61604,60.0,0.0,0.0,0.0,0.0,0.0
2026-04-04T11:01:31,ERR,ERR,ERR,ERR,ERR,ERR,ERR,ERR,ERR,ERR,ERR,ERR,ERR,ERR,ERR,ERR,ERR,ERR,ERR,ERR,ERR,ERR,ERR,ERR,ERR,ERR,ERR,ERR,ERR,ERR,ERR,ERR,ERR,ERR,ERR,ERR,ERR,ERR,ERR,ERR,ERR,ERR,ERR,ERR,ERR,ERR,ERR,ERR,ERR,ERR,ERR,ERR,ERR,ERR,ERR,ERR,ERR,ERR,ERR,ERR,ERR,ERR,ERR,ERR,ERR,ERR,ERR,ERR,ERR,ERR,ERR,ERR,ERR,ERR,ERR,ERR,ERR,ERR,ERR,ERR,ERR,ERR,ERR,ERR,ERR,ERR,ERR,ERR,ERR,ERR,ERR,ERR,ERR,ERR,ERR,ERR,ERR,ERR,ERR,ERR,ERR,ERR,ERR,ERR,ERR,ERR,ERR,ERR,ERR,ERR,ERR,ERR,ERR,ERR,ERR,ERR,ERR,ERR,ERR,ERR,ERR,ERR,ERR,ERR,ERR,-0.0,0.0,3.039990997430017e+23,0.0,0.0,0.0,0.0,nan,0,0,0,32768,0,0.0,0,0.0,0.0,0.0,0.0,0.0,0,0,0,0,0.0,0,0,0,0,0,0,0,0,0,0,0,0,0,0,0,0,0,0,0,0,0,0,0,0,0,0,0,0,0,0,0,0,0,0,0,0,0,0,0,0,0,0,0,0,0.0,0.0,0.0,0.0,0.0,0.0,0.0,0.0,0.0,0.0,0.0,0.0,0.0,0.0,0.0,0.0,0.0,0.0,0.0,0.0,0.0,0.0,2.004,0.0,-0.0,0.0,0.0,0.0,0.0,0.0,3401.5,-3.697154467689818e+19,0.0,-0.0,0.0,2.7184274988523002e+23,0.0,0.0,0.0,0.0,0.0,0,2.3088382548096162e+20,0.0,0.0,0.0,0.0,0.0,0.0,0.0,0.0,0,0,0,0.0,0.0,0.0,0.0,0.0,0.0,0.0,0.0,0.0,0.0,0.0,0.0,0.0,0.0,0.0,0.0,0,-107875648.0,0,0.0,0,-107875648.0,-0.0,0,0,17040,39322,17054,13107,17038,0,0,0,110,100,100,-0.0,64.0,0.0,64.5,0.0,69.0,1,49,50,180,13107,13107,0,0,0.0,0.0,0.0,0.0,1.5481803859588206e+32,65.0,0.0,-3.1280004151115776e+16,0.0,646,0,690,0,0,0,720,0,793,0,711,0,690,0,645,0,643,0,614,0.032,56098816.0,-0.0,-0.0,51728,16787,6.056897624034043e+23,-198.258,-1.0255417149850304e+33,3.220039607981756e+38,0.0,-2.9949303109630034e+18,29.0,60.0,70,0.0,0.0,0.0,0.0,0.0,0.0,0.0,0.0,0.0,0.0,0.0,0.0,0.0,0.0,0.0,0.0,59.2,69,11,65508,41,65476,0,300,0,0,8,20529,65476,0,0,61604,60.0,0.0,0.0,0.0,0.0,0.0
2026-04-04T11:01:32,ERR,ERR,ERR,ERR,ERR,ERR,ERR,ERR,ERR,ERR,ERR,ERR,ERR,ERR,ERR,ERR,ERR,ERR,ERR,ERR,ERR,ERR,ERR,ERR,ERR,ERR,ERR,ERR,ERR,ERR,ERR,ERR,ERR,ERR,ERR,ERR,ERR,ERR,ERR,ERR,ERR,ERR,ERR,ERR,ERR,ERR,ERR,ERR,ERR,ERR,ERR,ERR,ERR,ERR,ERR,ERR,ERR,ERR,ERR,ERR,ERR,ERR,ERR,ERR,ERR,ERR,ERR,ERR,ERR,ERR,ERR,ERR,ERR,ERR,ERR,ERR,ERR,ERR,ERR,ERR,ERR,ERR,ERR,ERR,ERR,ERR,ERR,ERR,ERR,ERR,ERR,ERR,ERR,ERR,ERR,ERR,ERR,ERR,ERR,ERR,ERR,ERR,ERR,ERR,ERR,ERR,ERR,ERR,ERR,ERR,ERR,ERR,ERR,ERR,ERR,ERR,ERR,ERR,ERR,ERR,ERR,ERR,ERR,ERR,ERR,-0.0,0.0,3.039990997430017e+23,0.0,0.0,0.0,0.0,nan,0,0,0,32768,0,0.0,0,0.0,0.0,0.0,0.0,0.0,0,0,0,0,0.0,0,0,0,0,0,0,0,0,0,0,0,0,0,0,0,0,0,0,0,0,0,0,0,0,0,0,0,0,0,0,0,0,0,0,0,0,0,0,0,0,0,0,0,0,0.0,0.0,0.0,0.0,0.0,0.0,0.0,0.0,0.0,0.0,0.0,0.0,0.0,0.0,0.0,0.0,0.0,0.0,0.0,0.0,0.0,0.0,2.004,0.0,-0.0,0.0,0.0,0.0,0.0,0.0,3401.5,-3.697154467689818e+19,0.0,-0.0,0.0,2.7184274988523002e+23,0.0,0.0,0.0,0.0,0.0,0,2.3088382548096162e+20,0.0,0.0,0.0,0.0,0.0,0.0,0.0,0.0,0,0,0,0.0,0.0,0.0,0.0,0.0,0.0,0.0,0.0,0.0,0.0,0.0,0.0,0.0,0.0,0.0,0.0,0,-107875648.0,0,0.0,0,-107875648.0,-0.0,0,0,17040,39322,17054,13107,17038,0,0,0,110,100,100,-0.0,64.0,0.0,64.5,0.0,69.0,1,49,50,180,13107,0,0,0,0.0,0.0,0.0,0.0,1.2333583993237001e+29,65.0,0.0,-0.0,0.0,646,0,690,0,0,0,720,0,793,0,711,0,690,0,645,0,643,0,614,0.032,55836672.0,-0.0,-0.0,51856,16787,1.5481803859588206e+32,-0.0,0.0,-0.002,53570.039,-6.1925246339977834e+32,29.0,60.0,70,0.0,0.0,0.0,0.0,0.0,0.0,0.0,0.0,0.0,0.0,0.0,0.0,0.0,0.0,0.0,0.0,59.6,69,11,65508,41,65476,0,300,0,0,8,20529,65476,0,0,61604,60.0,0.0,0.0,0.0,0.0,0.0
2026-04-04T11:01:33,ERR,ERR,ERR,ERR,ERR,ERR,ERR,ERR,ERR,ERR,ERR,ERR,ERR,ERR,ERR,ERR,ERR,ERR,ERR,ERR,ERR,ERR,ERR,ERR,ERR,ERR,ERR,ERR,ERR,ERR,ERR,ERR,ERR,ERR,ERR,ERR,ERR,ERR,ERR,ERR,ERR,ERR,ERR,ERR,ERR,ERR,ERR,ERR,ERR,ERR,ERR,ERR,ERR,ERR,ERR,ERR,ERR,ERR,ERR,ERR,ERR,ERR,ERR,ERR,ERR,ERR,ERR,ERR,ERR,ERR,ERR,ERR,ERR,ERR,ERR,ERR,ERR,ERR,ERR,ERR,ERR,ERR,ERR,ERR,ERR,ERR,ERR,ERR,ERR,ERR,ERR,ERR,ERR,ERR,ERR,ERR,ERR,ERR,ERR,ERR,ERR,ERR,ERR,ERR,ERR,ERR,ERR,ERR,ERR,ERR,ERR,ERR,ERR,ERR,ERR,ERR,ERR,ERR,ERR,ERR,ERR,ERR,ERR,ERR,ERR,-0.0,0.0,3.039990997430017e+23,0.0,0.0,0.0,0.0,nan,0,0,0,32768,0,0.0,0,0.0,0.0,0.0,0.0,0.0,0,0,0,0,0.0,0,0,0,0,0,0,0,0,0,0,0,0,0,0,0,0,0,0,0,0,0,0,0,0,0,0,0,0,0,0,0,0,0,0,0,0,0,0,0,0,0,0,0,0,0.0,0.0,0.0,0.0,0.0,0.0,0.0,0.0,0.0,0.0,0.0,0.0,0.0,0.0,0.0,0.0,0.0,0.0,0.0,0.0,0.0,0.0,2.004,0.0,-0.0,0.0,0.0,0.0,0.0,0.0,3401.5,-3.697154467689818e+19,0.0,-0.0,0.0,2.7184274988523002e+23,0.0,0.0,0.0,0.0,0.0,0,2.3088382548096162e+20,0.0,0.0,0.0,0.0,0.0,0.0,0.0,0.0,0,0,0,0.0,0.0,0.0,0.0,0.0,0.0,0.0,0.0,0.0,0.0,0.0,0.0,0.0,0.0,0.0,0.0,0,-107875648.0,0,0.0,0,-107875648.0,-0.0,0,0,17040,39322,17054,13107,17038,0,0,0,110,100,100,-0.0,64.0,0.0,64.5,0.0,69.0,1,49,50,180,13107,0,0,0,0.0,0.0,0.0,0.0,1.2333583993237001e+29,65.0,0.0,-0.0,0.0,646,0,690,0,0,0,720,0,793,0,711,0,690,0,645,0,643,0,614,0.032,55836672.0,-0.0,-0.0,51856,16787,1.5481803859588206e+32,-0.0,0.0,-0.002,53570.039,-6.1925246339977834e+32,29.0,60.0,70,0.0,0.0,0.0,0.0,0.0,0.0,0.0,0.0,0.0,0.0,0.0,0.0,0.0,0.0,0.0,0.0,59.6,69,11,65508,41,65476,0,300,0,0,8,20529,65476,0,0,61604,60.0,0.0,0.0,0.0,0.0,0.0
2026-04-04T11:01:34,ERR,ERR,ERR,ERR,ERR,ERR,ERR,ERR,ERR,ERR,ERR,ERR,ERR,ERR,ERR,ERR,ERR,ERR,ERR,ERR,ERR,ERR,ERR,ERR,ERR,ERR,ERR,ERR,ERR,ERR,ERR,ERR,ERR,ERR,ERR,ERR,ERR,ERR,ERR,ERR,ERR,ERR,ERR,ERR,ERR,ERR,ERR,ERR,ERR,ERR,ERR,ERR,ERR,ERR,ERR,ERR,ERR,ERR,ERR,ERR,ERR,ERR,ERR,ERR,ERR,ERR,ERR,ERR,ERR,ERR,ERR,ERR,ERR,ERR,ERR,ERR,ERR,ERR,ERR,ERR,ERR,ERR,ERR,ERR,ERR,ERR,ERR,ERR,ERR,ERR,ERR,ERR,ERR,ERR,ERR,ERR,ERR,ERR,ERR,ERR,ERR,ERR,ERR,ERR,ERR,ERR,ERR,ERR,ERR,ERR,ERR,ERR,ERR,ERR,ERR,ERR,ERR,ERR,ERR,ERR,ERR,ERR,ERR,ERR,ERR,-0.0,0.0,3.039990997430017e+23,0.0,0.0,0.0,0.0,nan,0,0,0,32768,0,0.0,0,0.0,0.0,0.0,0.0,0.0,0,0,0,0,0.0,0,0,0,0,0,0,0,0,0,0,0,0,0,0,0,0,0,0,0,0,0,0,0,0,0,0,0,0,0,0,0,0,0,0,0,0,0,0,0,0,0,0,0,0,0.0,0.0,0.0,0.0,0.0,0.0,0.0,0.0,0.0,0.0,0.0,0.0,0.0,0.0,0.0,0.0,0.0,0.0,0.0,0.0,0.0,0.0,2.004,0.0,-0.0,0.0,0.0,0.0,0.0,0.0,3401.5,-3.697154467689818e+19,0.0,-0.0,0.0,2.7184274988523002e+23,0.0,0.0,0.0,0.0,0.0,0,2.3088382548096162e+20,0.0,0.0,0.0,0.0,0.0,0.0,0.0,0.0,0,0,0,0.0,0.0,0.0,0.0,0.0,0.0,0.0,0.0,0.0,0.0,0.0,0.0,0.0,0.0,0.0,0.0,0,-107875648.0,0,0.0,0,-107875648.0,-0.0,0,0,17040,39322,17054,13107,17038,0,0,0,110,100,100,-0.0,64.0,0.0,64.5,0.0,69.0,1,49,50,180,13107,0,0,0,0.0,0.0,0.0,0.0,1.2333583993237001e+29,65.0,0.0,-0.0,0.0,646,0,690,0,0,0,720,0,793,0,711,0,690,0,645,0,643,0,614,0.032,55836672.0,-0.0,-0.0,51856,16787,1.5481803859588206e+32,-0.0,0.0,-0.002,53570.039,-6.1925246339977834e+32,29.0,60.0,70,0.0,0.0,0.0,0.0,0.0,0.0,0.0,0.0,0.0,0.0,0.0,0.0,0.0,0.0,0.0,0.0,59.2,69,11,65508,41,65476,0,300,0,0,8,20529,65476,0,0,61604,60.0,0.0,0.0,0.0,0.0,0.0
2026-04-04T11:01:35,ERR,ERR,ERR,ERR,ERR,ERR,ERR,ERR,ERR,ERR,ERR,ERR,ERR,ERR,ERR,ERR,ERR,ERR,ERR,ERR,ERR,ERR,ERR,ERR,ERR,ERR,ERR,ERR,ERR,ERR,ERR,ERR,ERR,ERR,ERR,ERR,ERR,ERR,ERR,ERR,ERR,ERR,ERR,ERR,ERR,ERR,ERR,ERR,ERR,ERR,ERR,ERR,ERR,ERR,ERR,ERR,ERR,ERR,ERR,ERR,ERR,ERR,ERR,ERR,ERR,ERR,ERR,ERR,ERR,ERR,ERR,ERR,ERR,ERR,ERR,ERR,ERR,ERR,ERR,ERR,ERR,ERR,ERR,ERR,ERR,ERR,ERR,ERR,ERR,ERR,ERR,ERR,ERR,ERR,ERR,ERR,ERR,ERR,ERR,ERR,ERR,ERR,ERR,ERR,ERR,ERR,ERR,ERR,ERR,ERR,ERR,ERR,ERR,ERR,ERR,ERR,ERR,ERR,ERR,ERR,ERR,ERR,ERR,ERR,ERR,-0.0,0.0,3.039990997430017e+23,0.0,0.0,0.0,0.0,nan,0,0,0,32768,0,0.0,0,0.0,0.0,0.0,0.0,0.0,0,0,0,0,0.0,0,0,0,0,0,0,0,0,0,0,0,0,0,0,0,0,0,0,0,0,0,0,0,0,0,0,0,0,0,0,0,0,0,0,0,0,0,0,0,0,0,0,0,0,0.0,0.0,0.0,0.0,0.0,0.0,0.0,0.0,0.0,0.0,0.0,0.0,0.0,0.0,0.0,0.0,0.0,0.0,0.0,0.0,0.0,0.0,2.004,0.0,-0.0,0.0,0.0,0.0,0.0,0.0,3401.5,-3.697154467689818e+19,0.0,-0.0,0.0,2.7184274988523002e+23,0.0,0.0,0.0,0.0,0.0,0,2.3088382548096162e+20,0.0,0.0,0.0,0.0,0.0,0.0,0.0,0.0,0,0,0,0.0,0.0,0.0,0.0,0.0,0.0,0.0,0.0,0.0,0.0,0.0,0.0,0.0,0.0,0.0,0.0,0,-107875648.0,0,0.0,0,-107875648.0,-0.0,0,0,17040,39322,17054,13107,17038,0,0,0,110,100,100,-0.0,64.0,0.0,64.5,0.0,69.0,1,49,50,180,13107,0,0,0,0.0,0.0,0.0,0.0,1.2333583993237001e+29,65.0,0.0,-0.0,0.0,646,0,690,0,0,0,720,0,793,0,711,0,690,0,645,0,643,0,614,0.032,55836672.0,-0.0,-0.0,51856,16787,1.5481803859588206e+32,-0.0,0.0,-0.002,53570.039,-6.1925246339977834e+32,29.0,60.0,70,0.0,0.0,0.0,0.0,0.0,0.0,0.0,0.0,0.0,0.0,0.0,0.0,0.0,0.0,0.0,0.0,59.2,69,11,65508,41,65476,0,300,0,0,8,20529,65476,0,0,61604,60.0,0.0,0.0,0.0,0.0,0.0
2026-04-04T11:01:36,ERR,ERR,ERR,ERR,ERR,ERR,ERR,ERR,ERR,ERR,ERR,ERR,ERR,ERR,ERR,ERR,ERR,ERR,ERR,ERR,ERR,ERR,ERR,ERR,ERR,ERR,ERR,ERR,ERR,ERR,ERR,ERR,ERR,ERR,ERR,ERR,ERR,ERR,ERR,ERR,ERR,ERR,ERR,ERR,ERR,ERR,ERR,ERR,ERR,ERR,ERR,ERR,ERR,ERR,ERR,ERR,ERR,ERR,ERR,ERR,ERR,ERR,ERR,ERR,ERR,ERR,ERR,ERR,ERR,ERR,ERR,ERR,ERR,ERR,ERR,ERR,ERR,ERR,ERR,ERR,ERR,ERR,ERR,ERR,ERR,ERR,ERR,ERR,ERR,ERR,ERR,ERR,ERR,ERR,ERR,ERR,ERR,ERR,ERR,ERR,ERR,ERR,ERR,ERR,ERR,ERR,ERR,ERR,ERR,ERR,ERR,ERR,ERR,ERR,ERR,ERR,ERR,ERR,ERR,ERR,ERR,ERR,ERR,ERR,ERR,-0.0,0.0,3.039990997430017e+23,0.0,0.0,0.0,0.0,nan,0,0,0,32768,0,0.0,0,0.0,0.0,0.0,0.0,0.0,0,0,0,0,0.0,0,0,0,0,0,0,0,0,0,0,0,0,0,0,0,0,0,0,0,0,0,0,0,0,0,0,0,0,0,0,0,0,0,0,0,0,0,0,0,0,0,0,0,0,0.0,0.0,0.0,0.0,0.0,0.0,0.0,0.0,0.0,0.0,0.0,0.0,0.0,0.0,0.0,0.0,0.0,0.0,0.0,0.0,0.0,0.0,2.004,0.0,-0.0,0.0,0.0,0.0,0.0,0.0,3401.5,-3.697154467689818e+19,0.0,-0.0,0.0,2.7184274988523002e+23,0.0,0.0,0.0,0.0,0.0,0,2.3088382548096162e+20,0.0,0.0,0.0,0.0,0.0,0.0,0.0,0.0,0,0,0,0.0,0.0,0.0,0.0,0.0,0.0,0.0,0.0,0.0,0.0,0.0,0.0,0.0,0.0,0.0,0.0,0,-107875648.0,0,0.0,0,-107875648.0,-0.0,0,0,17040,39322,17054,13107,17038,0,0,0,110,100,100,-0.0,64.0,0.0,64.5,0.0,69.0,1,49,50,180,13107,0,0,0,0.0,0.0,0.0,0.0,8.805454881273668e+28,65.0,0.0,-0.0,0.0,646,0,690,0,0,0,720,0,793,0,711,0,690,0,645,0,643,0,614,0.032,44826624.0,-0.0,-0.0,39440,16787,4.265990273980382e+21,-58.064,-8.764830251368133e+26,0.0,0.0,-13142739386368.0,29.0,60.0,70,0.0,0.0,0.0,0.0,0.0,0.0,0.0,0.0,0.0,0.0,0.0,0.0,0.0,0.0,0.0,0.0,59.2,69,11,65508,41,65476,0,300,0,0,8,20529,65476,0,0,61604,60.0,0.0,0.0,0.0,0.0,0.0
2026-04-04T11:01:37,ERR,ERR,ERR,ERR,ERR,ERR,ERR,ERR,ERR,ERR,ERR,ERR,ERR,ERR,ERR,ERR,ERR,ERR,ERR,ERR,ERR,ERR,ERR,ERR,ERR,ERR,ERR,ERR,ERR,ERR,ERR,ERR,ERR,ERR,ERR,ERR,ERR,ERR,ERR,ERR,ERR,ERR,ERR,ERR,ERR,ERR,ERR,ERR,ERR,ERR,ERR,ERR,ERR,ERR,ERR,ERR,ERR,ERR,ERR,ERR,ERR,ERR,ERR,ERR,ERR,ERR,ERR,ERR,ERR,ERR,ERR,ERR,ERR,ERR,ERR,ERR,ERR,ERR,ERR,ERR,ERR,ERR,ERR,ERR,ERR,ERR,ERR,ERR,ERR,ERR,ERR,ERR,ERR,ERR,ERR,ERR,ERR,ERR,ERR,ERR,ERR,ERR,ERR,ERR,ERR,ERR,ERR,ERR,ERR,ERR,ERR,ERR,ERR,ERR,ERR,ERR,ERR,ERR,ERR,ERR,ERR,ERR,ERR,ERR,ERR,-0.0,0.0,3.039990997430017e+23,0.0,0.0,0.0,0.0,nan,0,0,0,32768,0,0.0,0,0.0,0.0,0.0,0.0,0.0,0,0,0,0,0.0,0,0,0,0,0,0,0,0,0,0,0,0,0,0,0,0,0,0,0,0,0,0,0,0,0,0,0,0,0,0,0,0,0,0,0,0,0,0,0,0,0,0,0,0,0.0,0.0,0.0,0.0,0.0,0.0,0.0,0.0,0.0,0.0,0.0,0.0,0.0,0.0,0.0,0.0,0.0,0.0,0.0,0.0,0.0,0.0,2.004,0.0,-2.004,0.0,0.0,0.0,0.0,0.0,3419.0,8608109568.0,0.0,-0.0,0.0,2.7184274988523002e+23,0.0,0.0,0.0,0.0,0.0,0,152018253512704.0,5.848030330147387e+35,0.0,0.0,0.0,0.0,0.0,0.0,0.0,0,0,0,0.0,0.0,0.0,0.0,0.0,0.0,0.0,0.0,0.0,0.0,0.0,0.0,0.0,0.0,0.0,0.0,0,-107875648.0,0,0.0,0,-107875648.0,-0.0,0,0,17040,39322,17054,13107,17038,0,0,0,110,100,100,-0.0,64.0,0.0,64.5,0.0,69.0,1,49,50,180,13107,0,0,0,0.0,0.0,0.0,0.0,8.805454881273668e+28,65.0,0.0,-0.0,0.0,646,0,690,0,0,0,720,0,793,0,711,0,690,0,645,0,643,0,614,0.032,44826624.0,-0.0,-0.0,39440,16787,4.265990273980382e+21,-58.064,-8.764830251368133e+26,0.0,0.0,-13142739386368.0,29.0,60.0,70,0.0,0.0,0.0,0.0,0.0,0.0,0.0,0.0,0.0,0.0,0.0,0.0,0.0,0.0,0.0,0.0,59.2,69,11,65508,41,65476,0,300,0,0,8,20529,65476,0,0,61604,60.0,0.0,0.0,0.0,0.0,0.0
2026-04-04T11:01:38,ERR,ERR,ERR,ERR,ERR,ERR,ERR,ERR,ERR,ERR,ERR,ERR,ERR,ERR,ERR,ERR,ERR,ERR,ERR,ERR,ERR,ERR,ERR,ERR,ERR,ERR,ERR,ERR,ERR,ERR,ERR,ERR,ERR,ERR,ERR,ERR,ERR,ERR,ERR,ERR,ERR,ERR,ERR,ERR,ERR,ERR,ERR,ERR,ERR,ERR,ERR,ERR,ERR,ERR,ERR,ERR,ERR,ERR,ERR,ERR,ERR,ERR,ERR,ERR,ERR,ERR,ERR,ERR,ERR,ERR,ERR,ERR,ERR,ERR,ERR,ERR,ERR,ERR,ERR,ERR,ERR,ERR,ERR,ERR,ERR,ERR,ERR,ERR,ERR,ERR,ERR,ERR,ERR,ERR,ERR,ERR,ERR,ERR,ERR,ERR,ERR,ERR,ERR,ERR,ERR,ERR,ERR,ERR,ERR,ERR,ERR,ERR,ERR,ERR,ERR,ERR,ERR,ERR,ERR,ERR,ERR,ERR,ERR,ERR,ERR,-0.0,0.0,3.039990997430017e+23,0.0,0.0,0.0,0.0,nan,0,0,0,32768,0,0.0,0,0.0,0.0,0.0,0.0,0.0,0,0,0,0,0.0,0,0,0,0,0,0,0,0,0,0,0,0,0,0,0,0,0,0,0,0,0,0,0,0,0,0,0,0,0,0,0,0,0,0,0,0,0,0,0,0,0,0,0,0,0.0,0.0,0.0,0.0,0.0,0.0,0.0,0.0,0.0,0.0,0.0,0.0,0.0,0.0,0.0,0.0,0.0,0.0,0.0,0.0,0.0,0.0,2.004,0.0,-2.004,0.0,0.0,0.0,0.0,0.0,3419.0,8608109568.0,0.0,-0.0,0.0,2.7184274988523002e+23,0.0,0.0,0.0,0.0,0.0,0,152018253512704.0,5.848030330147387e+35,0.0,0.0,0.0,0.0,0.0,0.0,0.0,0,0,0,0.0,0.0,0.0,0.0,0.0,0.0,0.0,0.0,0.0,0.0,0.0,0.0,0.0,0.0,0.0,0.0,0,-107875648.0,0,0.0,0,-107875648.0,-0.0,0,0,17040,39322,17054,13107,17038,0,0,0,110,100,100,-0.0,64.0,0.0,64.5,0.0,69.0,1,49,50,180,13107,0,0,0,0.0,0.0,0.0,0.0,8.805454881273668e+28,65.0,0.0,-0.0,0.0,646,0,690,0,0,0,720,0,793,0,711,0,690,0,645,0,643,0,614,0.032,44826624.0,-0.0,-0.0,39440,16787,4.265990273980382e+21,-58.064,-8.764830251368133e+26,0.0,0.0,-13142739386368.0,29.0,60.0,70,0.0,0.0,0.0,0.0,0.0,0.0,0.0,0.0,0.0,0.0,0.0,0.0,0.0,0.0,0.0,0.0,59.2,69,11,65508,41,65476,0,300,0,0,8,20529,65476,0,0,61604,60.0,0.0,0.0,0.0,0.0,0.0
2026-04-04T11:01:39,ERR,ERR,ERR,ERR,ERR,ERR,ERR,ERR,ERR,ERR,ERR,ERR,ERR,ERR,ERR,ERR,ERR,ERR,ERR,ERR,ERR,ERR,ERR,ERR,ERR,ERR,ERR,ERR,ERR,ERR,ERR,ERR,ERR,ERR,ERR,ERR,ERR,ERR,ERR,ERR,ERR,ERR,ERR,ERR,ERR,ERR,ERR,ERR,ERR,ERR,ERR,ERR,ERR,ERR,ERR,ERR,ERR,ERR,ERR,ERR,ERR,ERR,ERR,ERR,ERR,ERR,ERR,ERR,ERR,ERR,ERR,ERR,ERR,ERR,ERR,ERR,ERR,ERR,ERR,ERR,ERR,ERR,ERR,ERR,ERR,ERR,ERR,ERR,ERR,ERR,ERR,ERR,ERR,ERR,ERR,ERR,ERR,ERR,ERR,ERR,ERR,ERR,ERR,ERR,ERR,ERR,ERR,ERR,ERR,ERR,ERR,ERR,ERR,ERR,ERR,ERR,ERR,ERR,ERR,ERR,ERR,ERR,ERR,ERR,ERR,-0.0,0.0,3.039990997430017e+23,0.0,0.0,0.0,0.0,nan,0,0,0,32768,0,0.0,0,0.0,0.0,0.0,0.0,0.0,0,0,0,0,0.0,0,0,0,0,0,0,0,0,0,0,0,0,0,0,0,0,0,0,0,0,0,0,0,0,0,0,0,0,0,0,0,0,0,0,0,0,0,0,0,0,0,0,0,0,0.0,0.0,0.0,0.0,0.0,0.0,0.0,0.0,0.0,0.0,0.0,0.0,0.0,0.0,0.0,0.0,0.0,0.0,0.0,0.0,0.0,0.0,2.004,0.0,-2.004,0.0,0.0,0.0,0.0,0.0,3419.0,8608109568.0,0.0,-0.0,0.0,2.7184274988523002e+23,0.0,0.0,0.0,0.0,0.0,0,152018253512704.0,5.848030330147387e+35,0.0,0.0,0.0,0.0,0.0,0.0,0.0,0,0,0,0.0,0.0,0.0,0.0,0.0,0.0,0.0,0.0,0.0,0.0,0.0,0.0,0.0,0.0,0.0,0.0,0,-107875648.0,0,0.0,0,-107875648.0,-0.0,0,0,17040,39322,17054,13107,17038,0,0,0,110,100,100,-0.0,64.0,0.0,64.5,0.0,69.0,1,49,50,180,13107,0,0,0,0.0,0.0,0.0,0.0,8.805454881273668e+28,65.0,0.0,-0.0,0.0,646,0,690,0,0,0,720,0,793,0,711,0,690,0,645,0,643,0,614,0.032,44826624.0,-0.0,-0.0,39440,16787,4.265990273980382e+21,-58.064,-8.764830251368133e+26,0.0,0.0,-13142739386368.0,29.0,60.0,70,0.0,0.0,0.0,0.0,0.0,0.0,0.0,0.0,0.0,0.0,0.0,0.0,0.0,0.0,0.0,0.0,59.2,69,11,65508,41,65476,0,300,0,0,8,20529,65476,0,0,61604,60.0,0.0,0.0,0.0,0.0,0.0
2026-04-04T11:01:40,ERR,ERR,ERR,ERR,ERR,ERR,ERR,ERR,ERR,ERR,ERR,ERR,ERR,ERR,ERR,ERR,ERR,ERR,ERR,ERR,ERR,ERR,ERR,ERR,ERR,ERR,ERR,ERR,ERR,ERR,ERR,ERR,ERR,ERR,ERR,ERR,ERR,ERR,ERR,ERR,ERR,ERR,ERR,ERR,ERR,ERR,ERR,ERR,ERR,ERR,ERR,ERR,ERR,ERR,ERR,ERR,ERR,ERR,ERR,ERR,ERR,ERR,ERR,ERR,ERR,ERR,ERR,ERR,ERR,ERR,ERR,ERR,ERR,ERR,ERR,ERR,ERR,ERR,ERR,ERR,ERR,ERR,ERR,ERR,ERR,ERR,ERR,ERR,ERR,ERR,ERR,ERR,ERR,ERR,ERR,ERR,ERR,ERR,ERR,ERR,ERR,ERR,ERR,ERR,ERR,ERR,ERR,ERR,ERR,ERR,ERR,ERR,ERR,ERR,ERR,ERR,ERR,ERR,ERR,ERR,ERR,ERR,ERR,ERR,ERR,-0.0,0.0,3.039990997430017e+23,0.0,0.0,0.0,0.0,nan,0,0,0,32768,0,0.0,0,0.0,0.0,0.0,0.0,0.0,0,0,0,0,0.0,0,0,0,0,0,0,0,0,0,0,0,0,0,0,0,0,0,0,0,0,0,0,0,0,0,0,0,0,0,0,0,0,0,0,0,0,0,0,0,0,0,0,0,0,0.0,0.0,0.0,0.0,0.0,0.0,0.0,0.0,0.0,0.0,0.0,0.0,0.0,0.0,0.0,0.0,0.0,0.0,0.0,0.0,0.0,0.0,2.004,0.0,-2.004,0.0,0.0,0.0,0.0,0.0,3419.0,8608109568.0,0.0,-0.0,0.0,2.7184274988523002e+23,0.0,0.0,0.0,0.0,0.0,0,152018253512704.0,5.848030330147387e+35,0.0,0.0,0.0,0.0,0.0,0.0,0.0,0,0,0,0.0,0.0,0.0,0.0,0.0,0.0,0.0,0.0,0.0,0.0,0.0,0.0,0.0,0.0,0.0,0.0,0,-107875648.0,0,0.0,0,-107875648.0,-0.0,0,0,17040,39322,17054,13107,17038,0,0,0,110,100,100,-0.0,64.0,0.0,64.5,0.0,69.0,1,49,50,180,13107,0,0,0,0.0,0.0,0.0,0.0,8.805454881273668e+28,65.0,0.0,-0.0,0.0,646,0,690,0,0,0,720,0,793,0,711,0,690,0,645,0,643,0,614,0.032,44826624.0,-0.0,-0.0,39440,16787,4.265990273980382e+21,-58.064,-8.764830251368133e+26,0.0,0.0,-13142739386368.0,29.0,60.0,70,0.0,0.0,0.0,0.0,0.0,0.0,0.0,0.0,0.0,0.0,0.0,0.0,0.0,0.0,0.0,0.0,59.6,69,11,65508,41,65476,0,300,0,0,8,20529,65476,0,0,61604,60.0,0.0,0.0,0.0,0.0,0.0
2026-04-04T11:01:41,ERR,ERR,ERR,ERR,ERR,ERR,ERR,ERR,ERR,ERR,ERR,ERR,ERR,ERR,ERR,ERR,ERR,ERR,ERR,ERR,ERR,ERR,ERR,ERR,ERR,ERR,ERR,ERR,ERR,ERR,ERR,ERR,ERR,ERR,ERR,ERR,ERR,ERR,ERR,ERR,ERR,ERR,ERR,ERR,ERR,ERR,ERR,ERR,ERR,ERR,ERR,ERR,ERR,ERR,ERR,ERR,ERR,ERR,ERR,ERR,ERR,ERR,ERR,ERR,ERR,ERR,ERR,ERR,ERR,ERR,ERR,ERR,ERR,ERR,ERR,ERR,ERR,ERR,ERR,ERR,ERR,ERR,ERR,ERR,ERR,ERR,ERR,ERR,ERR,ERR,ERR,ERR,ERR,ERR,ERR,ERR,ERR,ERR,ERR,ERR,ERR,ERR,ERR,ERR,ERR,ERR,ERR,ERR,ERR,ERR,ERR,ERR,ERR,ERR,ERR,ERR,ERR,ERR,ERR,ERR,ERR,ERR,ERR,ERR,ERR,-0.0,0.0,3.039990997430017e+23,0.0,0.0,0.0,0.0,nan,0,0,0,32768,0,0.0,0,0.0,0.0,0.0,0.0,0.0,0,0,0,0,0.0,0,0,0,0,0,0,0,0,0,0,0,0,0,0,0,0,0,0,0,0,0,0,0,0,0,0,0,0,0,0,0,0,0,0,0,0,0,0,0,0,0,0,0,0,0.0,0.0,0.0,0.0,0.0,0.0,0.0,0.0,0.0,0.0,0.0,0.0,0.0,0.0,0.0,0.0,0.0,0.0,0.0,0.0,0.0,0.0,2.004,0.0,-2.004,0.0,0.0,0.0,0.0,0.0,3419.0,8608109568.0,0.0,-0.0,0.0,2.7184274988523002e+23,0.0,0.0,0.0,0.0,0.0,0,152018253512704.0,5.848030330147387e+35,0.0,0.0,0.0,0.0,0.0,0.0,0.0,0,0,0,0.0,0.0,0.0,0.0,0.0,0.0,0.0,0.0,0.0,0.0,0.0,0.0,0.0,0.0,0.0,0.0,0,-107875648.0,0,0.0,0,-107875648.0,-0.0,0,0,17040,39322,17054,13107,17038,0,0,0,110,100,100,-0.0,64.0,0.0,64.5,0.0,69.0,1,49,50,180,13107,0,0,0,0.0,0.0,0.0,0.0,8.805454881273668e+28,65.0,0.0,-0.0,0.0,646,0,690,0,0,0,720,0,793,0,711,0,690,0,645,0,643,0,614,0.032,44826624.0,-0.0,-0.0,39440,16787,4.265990273980382e+21,-58.064,-8.764830251368133e+26,0.0,0.0,-13142739386368.0,29.0,60.0,70,0.0,0.0,0.0,0.0,0.0,0.0,0.0,0.0,0.0,0.0,0.0,0.0,0.0,0.0,0.0,0.0,59.6,69,11,65508,41,65476,0,300,0,0,8,20529,65476,0,0,61604,60.0,0.0,0.0,0.0,0.0,0.0
2026-04-04T11:01:42,ERR,ERR,ERR,ERR,ERR,ERR,ERR,ERR,ERR,ERR,ERR,ERR,ERR,ERR,ERR,ERR,ERR,ERR,ERR,ERR,ERR,ERR,ERR,ERR,ERR,ERR,ERR,ERR,ERR,ERR,ERR,ERR,ERR,ERR,ERR,ERR,ERR,ERR,ERR,ERR,ERR,ERR,ERR,ERR,ERR,ERR,ERR,ERR,ERR,ERR,ERR,ERR,ERR,ERR,ERR,ERR,ERR,ERR,ERR,ERR,ERR,ERR,ERR,ERR,ERR,ERR,ERR,ERR,ERR,ERR,ERR,ERR,ERR,ERR,ERR,ERR,ERR,ERR,ERR,ERR,ERR,ERR,ERR,ERR,ERR,ERR,ERR,ERR,ERR,ERR,ERR,ERR,ERR,ERR,ERR,ERR,ERR,ERR,ERR,ERR,ERR,ERR,ERR,ERR,ERR,ERR,ERR,ERR,ERR,ERR,ERR,ERR,ERR,ERR,ERR,ERR,ERR,ERR,ERR,ERR,ERR,ERR,ERR,ERR,ERR,-0.0,0.0,3.039990997430017e+23,0.0,0.0,0.0,0.0,nan,0,0,0,32768,0,0.0,0,0.0,0.0,0.0,0.0,0.0,0,0,0,0,0.0,0,0,0,0,0,0,0,0,0,0,0,0,0,0,0,0,0,0,0,0,0,0,0,0,0,0,0,0,0,0,0,0,0,0,0,0,0,0,0,0,0,0,0,0,0.0,0.0,0.0,0.0,0.0,0.0,0.0,0.0,0.0,0.0,0.0,0.0,0.0,0.0,0.0,0.0,0.0,0.0,0.0,0.0,0.0,0.0,2.004,0.0,-2.004,0.0,0.0,0.0,0.0,0.0,3419.0,8608109568.0,0.0,-0.0,0.0,2.7184274988523002e+23,0.0,0.0,0.0,0.0,0.0,0,152018253512704.0,5.848030330147387e+35,0.0,0.0,0.0,0.0,0.0,0.0,0.0,0,0,0,0.0,0.0,0.0,0.0,0.0,0.0,0.0,0.0,0.0,0.0,0.0,0.0,0.0,0.0,0.0,0.0,0,-107875648.0,0,0.0,0,-107875648.0,-0.0,0,0,17040,39322,17054,13107,17038,0,0,0,110,100,100,-0.0,64.0,0.0,64.5,0.0,69.0,1,49,50,180,13107,0,0,0,0.0,0.0,0.0,0.0,8.332012253867934e+18,65.0,0.0,-0.0,0.0,646,0,690,0,0,0,720,0,793,0,711,0,690,0,645,0,643,0,614,0.032,55312384.0,-0.0,-0.0,43920,16787,3.656103020434519e+33,-0.0,0.0,0.0,16269834.0,-1.3837681874907604e+36,29.0,60.0,70,0.0,0.0,0.0,0.0,0.0,0.0,0.0,0.0,0.0,0.0,0.0,0.0,0.0,0.0,0.0,0.0,59.6,69,11,65508,41,65476,0,300,0,0,8,20529,65476,0,0,61604,60.0,0.0,0.0,0.0,0.0,0.0
2026-04-04T11:01:43,ERR,ERR,ERR,ERR,ERR,ERR,ERR,ERR,ERR,ERR,ERR,ERR,ERR,ERR,ERR,ERR,ERR,ERR,ERR,ERR,ERR,ERR,ERR,ERR,ERR,ERR,ERR,ERR,ERR,ERR,ERR,ERR,ERR,ERR,ERR,ERR,ERR,ERR,ERR,ERR,ERR,ERR,ERR,ERR,ERR,ERR,ERR,ERR,ERR,ERR,ERR,ERR,ERR,ERR,ERR,ERR,ERR,ERR,ERR,ERR,ERR,ERR,ERR,ERR,ERR,ERR,ERR,ERR,ERR,ERR,ERR,ERR,ERR,ERR,ERR,ERR,ERR,ERR,ERR,ERR,ERR,ERR,ERR,ERR,ERR,ERR,ERR,ERR,ERR,ERR,ERR,ERR,ERR,ERR,ERR,ERR,ERR,ERR,ERR,ERR,ERR,ERR,ERR,ERR,ERR,ERR,ERR,ERR,ERR,ERR,ERR,ERR,ERR,ERR,ERR,ERR,ERR,ERR,ERR,ERR,ERR,ERR,ERR,ERR,ERR,-0.0,0.0,3.039990997430017e+23,0.0,0.0,0.0,0.0,nan,0,0,0,32768,0,0.0,0,0.0,0.0,0.0,0.0,0.0,0,0,0,0,0.0,0,0,0,0,0,0,0,0,0,0,0,0,0,0,0,0,0,0,0,0,0,0,0,0,0,0,0,0,0,0,0,0,0,0,0,0,0,0,0,0,0,0,0,0,0.0,0.0,0.0,0.0,0.0,0.0,0.0,0.0,0.0,0.0,0.0,0.0,0.0,0.0,0.0,0.0,0.0,0.0,0.0,0.0,0.0,0.0,2.004,0.0,-2.004,0.0,0.0,0.0,0.0,0.0,3419.0,8608109568.0,0.0,-0.0,0.0,2.7184274988523002e+23,0.0,0.0,0.0,0.0,0.0,0,152018253512704.0,5.848030330147387e+35,0.0,0.0,0.0,0.0,0.0,0.0,0.0,0,0,0,0.0,0.0,0.0,0.0,0.0,0.0,0.0,0.0,0.0,0.0,0.0,0.0,0.0,0.0,0.0,0.0,0,-107875648.0,0,0.0,0,-107875648.0,-0.0,0,0,17040,39322,17054,13107,17038,0,0,0,110,100,100,-0.0,64.0,0.0,64.5,0.0,69.0,1,49,50,180,13107,0,0,0,0.0,0.0,0.0,0.0,8.332012253867934e+18,65.0,0.0,-0.0,0.0,646,0,690,0,0,0,720,0,793,0,711,0,690,0,645,0,643,0,614,0.032,55312384.0,-0.0,-0.0,43920,16787,3.656103020434519e+33,-0.0,0.0,0.0,16269834.0,-1.3837681874907604e+36,29.0,60.0,70,0.0,0.0,0.0,0.0,0.0,0.0,0.0,0.0,0.0,0.0,0.0,0.0,0.0,0.0,0.0,0.0,59.6,69,11,65508,41,65476,0,300,0,0,8,20529,65476,0,0,61604,60.0,0.0,0.0,0.0,0.0,0.0
2026-04-04T11:01:44,ERR,ERR,ERR,ERR,ERR,ERR,ERR,ERR,ERR,ERR,ERR,ERR,ERR,ERR,ERR,ERR,ERR,ERR,ERR,ERR,ERR,ERR,ERR,ERR,ERR,ERR,ERR,ERR,ERR,ERR,ERR,ERR,ERR,ERR,ERR,ERR,ERR,ERR,ERR,ERR,ERR,ERR,ERR,ERR,ERR,ERR,ERR,ERR,ERR,ERR,ERR,ERR,ERR,ERR,ERR,ERR,ERR,ERR,ERR,ERR,ERR,ERR,ERR,ERR,ERR,ERR,ERR,ERR,ERR,ERR,ERR,ERR,ERR,ERR,ERR,ERR,ERR,ERR,ERR,ERR,ERR,ERR,ERR,ERR,ERR,ERR,ERR,ERR,ERR,ERR,ERR,ERR,ERR,ERR,ERR,ERR,ERR,ERR,ERR,ERR,ERR,ERR,ERR,ERR,ERR,ERR,ERR,ERR,ERR,ERR,ERR,ERR,ERR,ERR,ERR,ERR,ERR,ERR,ERR,ERR,ERR,ERR,ERR,ERR,ERR,-0.0,0.0,3.039990997430017e+23,0.0,0.0,0.0,0.0,nan,0,0,0,32768,0,0.0,0,0.0,0.0,0.0,0.0,0.0,0,0,0,0,0.0,0,0,0,0,0,0,0,0,0,0,0,0,0,0,0,0,0,0,0,0,0,0,0,0,0,0,0,0,0,0,0,0,0,0,0,0,0,0,0,0,0,0,0,0,0.0,0.0,0.0,0.0,0.0,0.0,0.0,0.0,0.0,0.0,0.0,0.0,0.0,0.0,0.0,0.0,0.0,0.0,0.0,0.0,0.0,0.0,2.004,0.0,-2.004,0.0,0.0,0.0,0.0,0.0,3419.0,8608109568.0,0.0,-0.0,0.0,2.7184274988523002e+23,0.0,0.0,0.0,0.0,0.0,0,152018253512704.0,5.848030330147387e+35,0.0,0.0,0.0,0.0,0.0,0.0,0.0,0,0,0,0.0,0.0,0.0,0.0,0.0,0.0,0.0,0.0,0.0,0.0,0.0,0.0,0.0,0.0,0.0,0.0,0,-107875648.0,0,0.0,0,-107875648.0,-0.0,0,0,17040,39322,17054,13107,17038,0,0,0,110,100,100,-0.0,64.0,0.0,64.5,0.0,69.0,1,49,50,180,13107,0,0,0,0.0,0.0,0.0,0.0,8.332012253867934e+18,65.0,0.0,-0.0,0.0,646,0,690,0,0,0,720,0,793,0,711,0,690,0,645,0,643,0,614,0.032,55312384.0,-0.0,-0.0,43920,16787,3.656103020434519e+33,-0.0,0.0,0.0,16269834.0,-1.3837681874907604e+36,29.0,60.0,70,0.0,0.0,0.0,0.0,0.0,0.0,0.0,0.0,0.0,0.0,0.0,0.0,0.0,0.0,0.0,0.0,59.6,69,11,65508,41,65476,0,300,0,0,8,20529,65476,0,0,61604,60.0,0.0,0.0,0.0,0.0,0.0
2026-04-04T11:01:45,ERR,ERR,ERR,ERR,ERR,ERR,ERR,ERR,ERR,ERR,ERR,ERR,ERR,ERR,ERR,ERR,ERR,ERR,ERR,ERR,ERR,ERR,ERR,ERR,ERR,ERR,ERR,ERR,ERR,ERR,ERR,ERR,ERR,ERR,ERR,ERR,ERR,ERR,ERR,ERR,ERR,ERR,ERR,ERR,ERR,ERR,ERR,ERR,ERR,ERR,ERR,ERR,ERR,ERR,ERR,ERR,ERR,ERR,ERR,ERR,ERR,ERR,ERR,ERR,ERR,ERR,ERR,ERR,ERR,ERR,ERR,ERR,ERR,ERR,ERR,ERR,ERR,ERR,ERR,ERR,ERR,ERR,ERR,ERR,ERR,ERR,ERR,ERR,ERR,ERR,ERR,ERR,ERR,ERR,ERR,ERR,ERR,ERR,ERR,ERR,ERR,ERR,ERR,ERR,ERR,ERR,ERR,ERR,ERR,ERR,ERR,ERR,ERR,ERR,ERR,ERR,ERR,ERR,ERR,ERR,ERR,ERR,ERR,ERR,ERR,-0.0,0.0,3.039990997430017e+23,0.0,0.0,0.0,0.0,nan,0,0,0,32768,0,0.0,0,0.0,0.0,0.0,0.0,0.0,0,0,0,0,0.0,0,0,0,0,0,0,0,0,0,0,0,0,0,0,0,0,0,0,0,0,0,0,0,0,0,0,0,0,0,0,0,0,0,0,0,0,0,0,0,0,0,0,0,0,0.0,0.0,0.0,0.0,0.0,0.0,0.0,0.0,0.0,0.0,0.0,0.0,0.0,0.0,0.0,0.0,0.0,0.0,0.0,0.0,0.0,0.0,2.004,0.0,-0.0,0.0,0.0,0.0,0.0,0.0,3420.0,0.0,0.0,-0.0,0.0,2.7184274988523002e+23,0.0,0.0,0.0,0.0,0.0,0,4.9504239556116174e+32,4.0668294794981616e+29,0.0,0.0,0.0,0.0,0.0,0.0,0.0,0,0,0,0.0,0.0,0.0,0.0,0.0,0.0,0.0,0.0,0.0,0.0,0.0,0.0,0.0,0.0,0.0,0.0,0,-107875648.0,0,0.0,0,-107875648.0,-0.0,0,0,17040,39322,17054,13107,17038,0,0,0,110,100,100,-0.0,64.0,0.0,64.5,0.0,69.0,1,49,50,180,13107,0,0,0,0.0,0.0,0.0,0.0,8.332012253867934e+18,65.0,0.0,-0.0,0.0,646,0,690,0,0,0,720,0,793,0,711,0,690,0,645,0,643,0,614,0.032,55312384.0,-0.0,-0.0,43920,16787,3.656103020434519e+33,-0.0,0.0,0.0,16269834.0,-1.3837681874907604e+36,29.0,60.0,70,0.0,0.0,0.0,0.0,0.0,0.0,0.0,0.0,0.0,0.0,0.0,0.0,0.0,0.0,0.0,0.0,59.6,69,11,65508,41,65476,0,300,0,0,8,20529,65476,0,0,61604,60.0,0.0,0.0,0.0,0.0,0.0
2026-04-04T11:01:46,ERR,ERR,ERR,ERR,ERR,ERR,ERR,ERR,ERR,ERR,ERR,ERR,ERR,ERR,ERR,ERR,ERR,ERR,ERR,ERR,ERR,ERR,ERR,ERR,ERR,ERR,ERR,ERR,ERR,ERR,ERR,ERR,ERR,ERR,ERR,ERR,ERR,ERR,ERR,ERR,ERR,ERR,ERR,ERR,ERR,ERR,ERR,ERR,ERR,ERR,ERR,ERR,ERR,ERR,ERR,ERR,ERR,ERR,ERR,ERR,ERR,ERR,ERR,ERR,ERR,ERR,ERR,ERR,ERR,ERR,ERR,ERR,ERR,ERR,ERR,ERR,ERR,ERR,ERR,ERR,ERR,ERR,ERR,ERR,ERR,ERR,ERR,ERR,ERR,ERR,ERR,ERR,ERR,ERR,ERR,ERR,ERR,ERR,ERR,ERR,ERR,ERR,ERR,ERR,ERR,ERR,ERR,ERR,ERR,ERR,ERR,ERR,ERR,ERR,ERR,ERR,ERR,ERR,ERR,ERR,ERR,ERR,ERR,ERR,ERR,-0.0,0.0,3.039990997430017e+23,0.0,0.0,0.0,0.0,nan,0,0,0,32768,0,0.0,0,0.0,0.0,0.0,0.0,0.0,0,0,0,0,0.0,0,0,0,0,0,0,0,0,0,0,0,0,0,0,0,0,0,0,0,0,0,0,0,0,0,0,0,0,0,0,0,0,0,0,0,0,0,0,0,0,0,0,0,0,0.0,0.0,0.0,0.0,0.0,0.0,0.0,0.0,0.0,0.0,0.0,0.0,0.0,0.0,0.0,0.0,0.0,0.0,0.0,0.0,0.0,0.0,2.004,0.0,-0.0,0.0,0.0,0.0,0.0,0.0,3420.0,0.0,0.0,-0.0,0.0,2.7184274988523002e+23,0.0,0.0,0.0,0.0,0.0,0,4.9504239556116174e+32,4.0668294794981616e+29,0.0,0.0,0.0,0.0,0.0,0.0,0.0,0,0,0,0.0,0.0,0.0,0.0,0.0,0.0,0.0,0.0,0.0,0.0,0.0,0.0,0.0,0.0,0.0,0.0,0,-107875648.0,0,0.0,0,-107875648.0,-0.0,0,0,17040,39322,17054,13107,17038,0,0,0,110,100,100,-0.0,64.0,0.0,64.5,0.0,69.0,1,49,50,180,13107,0,0,0,0.0,0.0,0.0,0.0,8.332012253867934e+18,65.0,0.0,-0.0,0.0,646,0,690,0,0,0,720,0,793,0,711,0,690,0,645,0,643,0,614,0.032,55312384.0,-0.0,-0.0,43920,16787,3.656103020434519e+33,-0.0,0.0,0.0,16269834.0,-1.3837681874907604e+36,29.0,60.0,70,0.0,0.0,0.0,0.0,0.0,0.0,0.0,0.0,0.0,0.0,0.0,0.0,0.0,0.0,0.0,0.0,59.6,69,11,65508,41,65476,0,300,0,0,8,20529,65476,0,0,61604,60.0,0.0,0.0,0.0,0.0,0.0
2026-04-04T11:01:47,ERR,ERR,ERR,ERR,ERR,ERR,ERR,ERR,ERR,ERR,ERR,ERR,ERR,ERR,ERR,ERR,ERR,ERR,ERR,ERR,ERR,ERR,ERR,ERR,ERR,ERR,ERR,ERR,ERR,ERR,ERR,ERR,ERR,ERR,ERR,ERR,ERR,ERR,ERR,ERR,ERR,ERR,ERR,ERR,ERR,ERR,ERR,ERR,ERR,ERR,ERR,ERR,ERR,ERR,ERR,ERR,ERR,ERR,ERR,ERR,ERR,ERR,ERR,ERR,ERR,ERR,ERR,ERR,ERR,ERR,ERR,ERR,ERR,ERR,ERR,ERR,ERR,ERR,ERR,ERR,ERR,ERR,ERR,ERR,ERR,ERR,ERR,ERR,ERR,ERR,ERR,ERR,ERR,ERR,ERR,ERR,ERR,ERR,ERR,ERR,ERR,ERR,ERR,ERR,ERR,ERR,ERR,ERR,ERR,ERR,ERR,ERR,ERR,ERR,ERR,ERR,ERR,ERR,ERR,ERR,ERR,ERR,ERR,ERR,ERR,-0.0,0.0,3.039990997430017e+23,0.0,0.0,0.0,0.0,nan,0,0,0,32768,0,0.0,0,0.0,0.0,0.0,0.0,0.0,0,0,0,0,0.0,0,0,0,0,0,0,0,0,0,0,0,0,0,0,0,0,0,0,0,0,0,0,0,0,0,0,0,0,0,0,0,0,0,0,0,0,0,0,0,0,0,0,0,0,0.0,0.0,0.0,0.0,0.0,0.0,0.0,0.0,0.0,0.0,0.0,0.0,0.0,0.0,0.0,0.0,0.0,0.0,0.0,0.0,0.0,0.0,2.004,0.0,-0.0,0.0,0.0,0.0,0.0,0.0,3420.0,0.0,0.0,-0.0,0.0,2.7184274988523002e+23,0.0,0.0,0.0,0.0,0.0,0,4.9504239556116174e+32,4.0668294794981616e+29,0.0,0.0,0.0,0.0,0.0,0.0,0.0,0,0,0,0.0,0.0,0.0,0.0,0.0,0.0,0.0,0.0,0.0,0.0,0.0,0.0,0.0,0.0,0.0,0.0,0,-107875648.0,0,0.0,0,-107875648.0,-0.0,0,0,17040,39322,17054,13107,17038,0,0,0,110,100,100,-0.0,64.0,0.0,64.5,0.0,69.0,1,49,50,180,13107,0,0,0,0.0,0.0,0.0,0.0,1.5219286688550573e+22,65.0,0.0,-6.779957637557934e+27,0.0,646,0,690,0,0,0,720,0,793,0,711,0,690,0,645,0,643,0,614,0.032,55574528.0,-0.0,-0.0,51344,16787,4.774109452422448e+28,-6.779957637557934e+27,0.0,-0.0,3904262111232.0,0.0,29.0,60.0,70,0.0,0.0,0.0,0.0,0.0,0.0,0.0,0.0,0.0,0.0,0.0,0.0,0.0,0.0,0.0,0.0,59.2,69,11,65508,41,65476,0,300,0,0,8,20529,65476,0,0,61604,60.0,0.0,0.0,0.0,0.0,0.0
2026-04-04T11:01:48,ERR,ERR,ERR,ERR,ERR,ERR,ERR,ERR,ERR,ERR,ERR,ERR,ERR,ERR,ERR,ERR,ERR,ERR,ERR,ERR,ERR,ERR,ERR,ERR,ERR,ERR,ERR,ERR,ERR,ERR,ERR,ERR,ERR,ERR,ERR,ERR,ERR,ERR,ERR,ERR,ERR,ERR,ERR,ERR,ERR,ERR,ERR,ERR,ERR,ERR,ERR,ERR,ERR,ERR,ERR,ERR,ERR,ERR,ERR,ERR,ERR,ERR,ERR,ERR,ERR,ERR,ERR,ERR,ERR,ERR,ERR,ERR,ERR,ERR,ERR,ERR,ERR,ERR,ERR,ERR,ERR,ERR,ERR,ERR,ERR,ERR,ERR,ERR,ERR,ERR,ERR,ERR,ERR,ERR,ERR,ERR,ERR,ERR,ERR,ERR,ERR,ERR,ERR,ERR,ERR,ERR,ERR,ERR,ERR,ERR,ERR,ERR,ERR,ERR,ERR,ERR,ERR,ERR,ERR,ERR,ERR,ERR,ERR,ERR,ERR,-0.0,0.0,3.039990997430017e+23,0.0,0.0,0.0,0.0,nan,0,0,0,32768,0,0.0,0,0.0,0.0,0.0,0.0,0.0,0,0,0,0,0.0,0,0,0,0,0,0,0,0,0,0,0,0,0,0,0,0,0,0,0,0,0,0,0,0,0,0,0,0,0,0,0,0,0,0,0,0,0,0,0,0,0,0,0,0,0.0,0.0,0.0,0.0,0.0,0.0,0.0,0.0,0.0,0.0,0.0,0.0,0.0,0.0,0.0,0.0,0.0,0.0,0.0,0.0,0.0,0.0,2.004,0.0,-0.0,0.0,0.0,0.0,0.0,0.0,3420.0,0.0,0.0,-0.0,0.0,2.7184274988523002e+23,0.0,0.0,0.0,0.0,0.0,0,4.9504239556116174e+32,4.0668294794981616e+29,0.0,0.0,0.0,0.0,0.0,0.0,0.0,0,0,0,0.0,0.0,0.0,0.0,0.0,0.0,0.0,0.0,0.0,0.0,0.0,0.0,0.0,0.0,0.0,0.0,0,-107875648.0,0,0.0,0,-107875648.0,-0.0,0,0,17040,39322,17054,13107,17038,0,0,0,110,100,100,-0.0,64.0,0.0,64.5,0.0,69.0,1,49,50,180,13107,0,0,0,0.0,0.0,0.0,0.0,1.5219286688550573e+22,65.0,0.0,-6.779957637557934e+27,0.0,646,0,690,0,0,0,720,0,793,0,711,0,690,0,645,0,643,0,614,0.032,55574528.0,-0.0,-0.0,51344,16787,4.774109452422448e+28,-6.779957637557934e+27,0.0,-0.0,3904262111232.0,0.0,29.0,60.0,70,0.0,0.0,0.0,0.0,0.0,0.0,0.0,0.0,0.0,0.0,0.0,0.0,0.0,0.0,0.0,0.0,59.2,69,11,65508,41,65476,0,300,0,0,8,20529,65476,0,0,61604,60.0,0.0,0.0,0.0,0.0,0.0
2026-04-04T11:01:49,ERR,ERR,ERR,ERR,ERR,ERR,ERR,ERR,ERR,ERR,ERR,ERR,ERR,ERR,ERR,ERR,ERR,ERR,ERR,ERR,ERR,ERR,ERR,ERR,ERR,ERR,ERR,ERR,ERR,ERR,ERR,ERR,ERR,ERR,ERR,ERR,ERR,ERR,ERR,ERR,ERR,ERR,ERR,ERR,ERR,ERR,ERR,ERR,ERR,ERR,ERR,ERR,ERR,ERR,ERR,ERR,ERR,ERR,ERR,ERR,ERR,ERR,ERR,ERR,ERR,ERR,ERR,ERR,ERR,ERR,ERR,ERR,ERR,ERR,ERR,ERR,ERR,ERR,ERR,ERR,ERR,ERR,ERR,ERR,ERR,ERR,ERR,ERR,ERR,ERR,ERR,ERR,ERR,ERR,ERR,ERR,ERR,ERR,ERR,ERR,ERR,ERR,ERR,ERR,ERR,ERR,ERR,ERR,ERR,ERR,ERR,ERR,ERR,ERR,ERR,ERR,ERR,ERR,ERR,ERR,ERR,ERR,ERR,ERR,ERR,-0.0,0.0,3.039990997430017e+23,0.0,0.0,0.0,0.0,nan,0,0,0,32768,0,0.0,0,0.0,0.0,0.0,0.0,0.0,0,0,0,0,0.0,0,0,0,0,0,0,0,0,0,0,0,0,0,0,0,0,0,0,0,0,0,0,0,0,0,0,0,0,0,0,0,0,0,0,0,0,0,0,0,0,0,0,0,0,0.0,0.0,0.0,0.0,0.0,0.0,0.0,0.0,0.0,0.0,0.0,0.0,0.0,0.0,0.0,0.0,0.0,0.0,0.0,0.0,0.0,0.0,2.004,0.0,-0.0,0.0,0.0,0.0,0.0,0.0,3420.0,0.0,0.0,-0.0,0.0,2.7184274988523002e+23,0.0,0.0,0.0,0.0,0.0,0,4.9504239556116174e+32,4.0668294794981616e+29,0.0,0.0,0.0,0.0,0.0,0.0,0.0,0,0,0,0.0,0.0,0.0,0.0,0.0,0.0,0.0,0.0,0.0,0.0,0.0,0.0,0.0,0.0,0.0,0.0,0,-107875648.0,0,0.0,0,-107875648.0,-0.0,0,0,17040,39322,17054,13107,17038,0,0,0,110,100,100,-0.0,64.0,0.0,64.5,0.0,69.0,1,49,50,180,13107,0,0,0,0.0,0.0,0.0,0.0,1.5219286688550573e+22,65.0,0.0,-6.779957637557934e+27,0.0,646,0,690,0,0,0,720,0,793,0,711,0,690,0,645,0,643,0,614,0.032,55574528.0,-0.0,-0.0,51344,16787,4.774109452422448e+28,-6.779957637557934e+27,0.0,-0.0,3904262111232.0,0.0,29.0,60.0,70,0.0,0.0,0.0,0.0,0.0,0.0,0.0,0.0,0.0,0.0,0.0,0.0,0.0,0.0,0.0,0.0,59.2,69,11,65508,41,65476,0,300,0,0,8,20529,65476,0,0,61604,60.0,0.0,0.0,0.0,0.0,0.0
2026-04-04T11:01:50,ERR,ERR,ERR,ERR,ERR,ERR,ERR,ERR,ERR,ERR,ERR,ERR,ERR,ERR,ERR,ERR,ERR,ERR,ERR,ERR,ERR,ERR,ERR,ERR,ERR,ERR,ERR,ERR,ERR,ERR,ERR,ERR,ERR,ERR,ERR,ERR,ERR,ERR,ERR,ERR,ERR,ERR,ERR,ERR,ERR,ERR,ERR,ERR,ERR,ERR,ERR,ERR,ERR,ERR,ERR,ERR,ERR,ERR,ERR,ERR,ERR,ERR,ERR,ERR,ERR,ERR,ERR,ERR,ERR,ERR,ERR,ERR,ERR,ERR,ERR,ERR,ERR,ERR,ERR,ERR,ERR,ERR,ERR,ERR,ERR,ERR,ERR,ERR,ERR,ERR,ERR,ERR,ERR,ERR,ERR,ERR,ERR,ERR,ERR,ERR,ERR,ERR,ERR,ERR,ERR,ERR,ERR,ERR,ERR,ERR,ERR,ERR,ERR,ERR,ERR,ERR,ERR,ERR,ERR,ERR,ERR,ERR,ERR,ERR,ERR,-0.0,0.0,3.039990997430017e+23,0.0,0.0,0.0,0.0,nan,0,0,0,32768,0,0.0,0,0.0,0.0,0.0,0.0,0.0,0,0,0,0,0.0,0,0,0,0,0,0,0,0,0,0,0,0,0,0,0,0,0,0,0,0,0,0,0,0,0,0,0,0,0,0,0,0,0,0,0,0,0,0,0,0,0,0,0,0,0.0,0.0,0.0,0.0,0.0,0.0,0.0,0.0,0.0,0.0,0.0,0.0,0.0,0.0,0.0,0.0,0.0,0.0,0.0,0.0,0.0,0.0,2.004,0.0,-0.0,0.0,0.0,0.0,0.0,0.0,3420.0,0.0,0.0,-0.0,0.0,2.7184274988523002e+23,0.0,0.0,0.0,0.0,0.0,0,4.9504239556116174e+32,4.0668294794981616e+29,0.0,0.0,0.0,0.0,0.0,0.0,0.0,0,0,0,0.0,0.0,0.0,0.0,0.0,0.0,0.0,0.0,0.0,0.0,0.0,0.0,0.0,0.0,0.0,0.0,0,-107875648.0,0,0.0,0,-107875648.0,-0.0,0,0,17040,39322,17054,13107,17038,0,0,0,110,100,100,-0.0,64.0,0.0,64.5,0.0,69.0,1,49,50,180,13107,0,0,0,0.0,0.0,0.0,0.0,1.5219286688550573e+22,65.0,0.0,-6.779957637557934e+27,0.0,646,0,690,0,0,0,720,0,793,0,711,0,690,0,645,0,643,0,614,0.032,55574528.0,-0.0,-0.0,51344,16787,4.774109452422448e+28,-6.779957637557934e+27,0.0,-0.0,3904262111232.0,0.0,29.0,60.0,70,0.0,0.0,0.0,0.0,0.0,0.0,0.0,0.0,0.0,0.0,0.0,0.0,0.0,0.0,0.0,0.0,59.2,69,11,65508,41,65476,0,300,0,0,8,20529,65476,0,0,61604,60.0,0.0,0.0,0.0,0.0,0.0
2026-04-04T11:01:51,ERR,ERR,ERR,ERR,ERR,ERR,ERR,ERR,ERR,ERR,ERR,ERR,ERR,ERR,ERR,ERR,ERR,ERR,ERR,ERR,ERR,ERR,ERR,ERR,ERR,ERR,ERR,ERR,ERR,ERR,ERR,ERR,ERR,ERR,ERR,ERR,ERR,ERR,ERR,ERR,ERR,ERR,ERR,ERR,ERR,ERR,ERR,ERR,ERR,ERR,ERR,ERR,ERR,ERR,ERR,ERR,ERR,ERR,ERR,ERR,ERR,ERR,ERR,ERR,ERR,ERR,ERR,ERR,ERR,ERR,ERR,ERR,ERR,ERR,ERR,ERR,ERR,ERR,ERR,ERR,ERR,ERR,ERR,ERR,ERR,ERR,ERR,ERR,ERR,ERR,ERR,ERR,ERR,ERR,ERR,ERR,ERR,ERR,ERR,ERR,ERR,ERR,ERR,ERR,ERR,ERR,ERR,ERR,ERR,ERR,ERR,ERR,ERR,ERR,ERR,ERR,ERR,ERR,ERR,ERR,ERR,ERR,ERR,ERR,ERR,-0.0,0.0,3.039990997430017e+23,0.0,0.0,0.0,0.0,nan,0,0,0,32768,0,0.0,0,0.0,0.0,0.0,0.0,0.0,0,0,0,0,0.0,0,0,0,0,0,0,0,0,0,0,0,0,0,0,0,0,0,0,0,0,0,0,0,0,0,0,0,0,0,0,0,0,0,0,0,0,0,0,0,0,0,0,0,0,0.0,0.0,0.0,0.0,0.0,0.0,0.0,0.0,0.0,0.0,0.0,0.0,0.0,0.0,0.0,0.0,0.0,0.0,0.0,0.0,0.0,0.0,2.004,0.0,-0.0,0.0,0.0,0.0,0.0,0.0,3420.0,0.0,0.0,-0.0,0.0,2.7184274988523002e+23,0.0,0.0,0.0,0.0,0.0,0,4.9504239556116174e+32,4.0668294794981616e+29,0.0,0.0,0.0,0.0,0.0,0.0,0.0,0,0,0,0.0,0.0,0.0,0.0,0.0,0.0,0.0,0.0,0.0,0.0,0.0,0.0,0.0,0.0,0.0,0.0,0,-107875648.0,0,0.0,0,-107875648.0,-0.0,0,0,17040,39322,17054,13107,17038,0,0,0,110,100,100,-0.0,64.0,0.0,64.5,0.0,69.0,1,49,50,180,13107,0,0,0,0.0,0.0,0.0,0.0,1.5219286688550573e+22,65.0,0.0,-6.779957637557934e+27,0.0,646,0,690,0,0,0,720,0,793,0,711,0,690,0,645,0,643,0,614,0.032,55574528.0,-0.0,-0.0,51344,16787,4.774109452422448e+28,-6.779957637557934e+27,0.0,-0.0,3904262111232.0,0.0,29.0,60.0,70,0.0,0.0,0.0,0.0,0.0,0.0,0.0,0.0,0.0,0.0,0.0,0.0,0.0,0.0,0.0,0.0,59.2,69,11,65508,41,65476,0,300,0,0,8,20529,65476,0,0,61604,60.0,0.0,0.0,0.0,0.0,0.0
2026-04-04T11:01:52,ERR,ERR,ERR,ERR,ERR,ERR,ERR,ERR,ERR,ERR,ERR,ERR,ERR,ERR,ERR,ERR,ERR,ERR,ERR,ERR,ERR,ERR,ERR,ERR,ERR,ERR,ERR,ERR,ERR,ERR,ERR,ERR,ERR,ERR,ERR,ERR,ERR,ERR,ERR,ERR,ERR,ERR,ERR,ERR,ERR,ERR,ERR,ERR,ERR,ERR,ERR,ERR,ERR,ERR,ERR,ERR,ERR,ERR,ERR,ERR,ERR,ERR,ERR,ERR,ERR,ERR,ERR,ERR,ERR,ERR,ERR,ERR,ERR,ERR,ERR,ERR,ERR,ERR,ERR,ERR,ERR,ERR,ERR,ERR,ERR,ERR,ERR,ERR,ERR,ERR,ERR,ERR,ERR,ERR,ERR,ERR,ERR,ERR,ERR,ERR,ERR,ERR,ERR,ERR,ERR,ERR,ERR,ERR,ERR,ERR,ERR,ERR,ERR,ERR,ERR,ERR,ERR,ERR,ERR,ERR,ERR,ERR,ERR,ERR,ERR,-0.0,0.0,3.039990997430017e+23,0.0,0.0,0.0,0.0,nan,0,0,0,32768,0,0.0,0,0.0,0.0,0.0,0.0,0.0,0,0,0,0,0.0,0,0,0,0,0,0,0,0,0,0,0,0,0,0,0,0,0,0,0,0,0,0,0,0,0,0,0,0,0,0,0,0,0,0,0,0,0,0,0,0,0,0,0,0,0.0,0.0,0.0,0.0,0.0,0.0,0.0,0.0,0.0,0.0,0.0,0.0,0.0,0.0,0.0,0.0,0.0,0.0,0.0,0.0,0.0,0.0,2.004,0.0,-0.0,0.0,0.0,0.0,0.0,0.0,3420.5,0.0,0.0,-0.0,0.0,-0.0,0.0,0.0,0.0,0.0,0.0,0,5.8480786593265204e+35,89220.062,0.0,0.0,0.0,0.0,0.0,0.0,0.0,0,0,0,0.0,0.0,0.0,0.0,0.0,0.0,0.0,0.0,0.0,0.0,0.0,0.0,0.0,0.0,0.0,0.0,0,-107875648.0,0,0.0,0,-107875648.0,-0.0,0,13107,17040,39322,17054,13107,17038,0,0,0,110,100,100,-0.0,64.0,0.0,64.5,0.0,69.0,1,49,50,180,13107,0,0,0,0.0,0.0,0.0,0.0,-0.0,65.0,0.0,0.0,0.0,646,0,690,0,0,0,720,0,793,0,711,0,690,0,645,0,643,0,614,0.032,55836672.0,-0.0,-0.0,400,16788,-0.0,0.0,-0.0,0.0,-0.0,-0.0,29.0,60.0,70,0.0,0.0,0.0,0.0,0.0,0.0,0.0,0.0,0.0,0.0,0.0,0.0,0.0,0.0,0.0,0.0,59.2,69,11,65508,41,65476,0,300,0,0,8,20529,65476,0,0,61604,60.0,0.0,0.0,0.0,0.0,0.0
2026-04-04T11:01:53,ERR,ERR,ERR,ERR,ERR,ERR,ERR,ERR,ERR,ERR,ERR,ERR,ERR,ERR,ERR,ERR,ERR,ERR,ERR,ERR,ERR,ERR,ERR,ERR,ERR,ERR,ERR,ERR,ERR,ERR,ERR,ERR,ERR,ERR,ERR,ERR,ERR,ERR,ERR,ERR,ERR,ERR,ERR,ERR,ERR,ERR,ERR,ERR,ERR,ERR,ERR,ERR,ERR,ERR,ERR,ERR,ERR,ERR,ERR,ERR,ERR,ERR,ERR,ERR,ERR,ERR,ERR,ERR,ERR,ERR,ERR,ERR,ERR,ERR,ERR,ERR,ERR,ERR,ERR,ERR,ERR,ERR,ERR,ERR,ERR,ERR,ERR,ERR,ERR,ERR,ERR,ERR,ERR,ERR,ERR,ERR,ERR,ERR,ERR,ERR,ERR,ERR,ERR,ERR,ERR,ERR,ERR,ERR,ERR,ERR,ERR,ERR,ERR,ERR,ERR,ERR,ERR,ERR,ERR,ERR,ERR,ERR,ERR,ERR,ERR,-0.0,0.0,3.039990997430017e+23,0.0,0.0,0.0,0.0,nan,0,0,0,32768,0,0.0,0,0.0,0.0,0.0,0.0,0.0,0,0,0,0,0.0,0,0,0,0,0,0,0,0,0,0,0,0,0,0,0,0,0,0,0,0,0,0,0,0,0,0,0,0,0,0,0,0,0,0,0,0,0,0,0,0,0,0,0,0,0.0,0.0,0.0,0.0,0.0,0.0,0.0,0.0,0.0,0.0,0.0,0.0,0.0,0.0,0.0,0.0,0.0,0.0,0.0,0.0,0.0,0.0,2.004,0.0,-0.0,0.0,0.0,0.0,0.0,0.0,3420.5,0.0,0.0,-0.0,0.0,-0.0,0.0,0.0,0.0,0.0,0.0,0,5.8480786593265204e+35,89220.062,0.0,0.0,0.0,0.0,0.0,0.0,0.0,0,0,0,0.0,0.0,0.0,0.0,0.0,0.0,0.0,0.0,0.0,0.0,0.0,0.0,0.0,0.0,0.0,0.0,0,-107875648.0,0,0.0,0,-107875648.0,-0.0,0,13107,17040,39322,17054,13107,17038,0,0,0,110,100,100,-0.0,64.0,0.0,64.5,0.0,69.0,1,49,50,180,13107,0,0,0,0.0,0.0,0.0,0.0,-0.0,65.0,0.0,0.0,0.0,646,0,690,0,0,0,720,0,793,0,711,0,690,0,645,0,643,0,614,0.032,55836672.0,-0.0,-0.0,400,16788,-0.0,0.0,-0.0,0.0,-0.0,-0.0,29.0,60.0,70,0.0,0.0,0.0,0.0,0.0,0.0,0.0,0.0,0.0,0.0,0.0,0.0,0.0,0.0,0.0,0.0,59.2,69,11,65508,41,65476,0,300,0,0,8,20529,65476,0,0,61604,60.0,0.0,0.0,0.0,0.0,0.0
2026-04-04T11:01:54,ERR,ERR,ERR,ERR,ERR,ERR,ERR,ERR,ERR,ERR,ERR,ERR,ERR,ERR,ERR,ERR,ERR,ERR,ERR,ERR,ERR,ERR,ERR,ERR,ERR,ERR,ERR,ERR,ERR,ERR,ERR,ERR,ERR,ERR,ERR,ERR,ERR,ERR,ERR,ERR,ERR,ERR,ERR,ERR,ERR,ERR,ERR,ERR,ERR,ERR,ERR,ERR,ERR,ERR,ERR,ERR,ERR,ERR,ERR,ERR,ERR,ERR,ERR,ERR,ERR,ERR,ERR,ERR,ERR,ERR,ERR,ERR,ERR,ERR,ERR,ERR,ERR,ERR,ERR,ERR,ERR,ERR,ERR,ERR,ERR,ERR,ERR,ERR,ERR,ERR,ERR,ERR,ERR,ERR,ERR,ERR,ERR,ERR,ERR,ERR,ERR,ERR,ERR,ERR,ERR,ERR,ERR,ERR,ERR,ERR,ERR,ERR,ERR,ERR,ERR,ERR,ERR,ERR,ERR,ERR,ERR,ERR,ERR,ERR,ERR,-0.0,0.0,3.039990997430017e+23,0.0,0.0,0.0,0.0,nan,0,0,0,32768,0,0.0,0,0.0,0.0,0.0,0.0,0.0,0,0,0,0,0.0,0,0,0,0,0,0,0,0,0,0,0,0,0,0,0,0,0,0,0,0,0,0,0,0,0,0,0,0,0,0,0,0,0,0,0,0,0,0,0,0,0,0,0,0,0.0,0.0,0.0,0.0,0.0,0.0,0.0,0.0,0.0,0.0,0.0,0.0,0.0,0.0,0.0,0.0,0.0,0.0,0.0,0.0,0.0,0.0,2.004,0.0,-0.0,0.0,0.0,0.0,0.0,0.0,3420.5,0.0,0.0,-0.0,0.0,-0.0,0.0,0.0,0.0,0.0,0.0,0,5.8480786593265204e+35,89220.062,0.0,0.0,0.0,0.0,0.0,0.0,0.0,0,0,0,0.0,0.0,0.0,0.0,0.0,0.0,0.0,0.0,0.0,0.0,0.0,0.0,0.0,0.0,0.0,0.0,0,-107875648.0,0,0.0,0,-107875648.0,-0.0,0,13107,17040,39322,17054,13107,17038,0,0,0,110,100,100,-0.0,64.0,0.0,64.5,0.0,69.0,1,49,50,180,13107,0,0,0,0.0,0.0,0.0,0.0,-0.0,65.0,0.0,0.0,0.0,646,0,690,0,0,0,720,0,793,0,711,0,690,0,645,0,643,0,614,0.032,55836672.0,-0.0,-0.0,400,16788,-0.0,0.0,-0.0,0.0,-0.0,-0.0,29.0,60.0,70,0.0,0.0,0.0,0.0,0.0,0.0,0.0,0.0,0.0,0.0,0.0,0.0,0.0,0.0,0.0,0.0,59.6,69,11,65508,41,65476,0,300,0,0,8,20529,65476,0,0,61604,60.0,0.0,0.0,0.0,0.0,0.0
2026-04-04T11:01:55,ERR,ERR,ERR,ERR,ERR,ERR,ERR,ERR,ERR,ERR,ERR,ERR,ERR,ERR,ERR,ERR,ERR,ERR,ERR,ERR,ERR,ERR,ERR,ERR,ERR,ERR,ERR,ERR,ERR,ERR,ERR,ERR,ERR,ERR,ERR,ERR,ERR,ERR,ERR,ERR,ERR,ERR,ERR,ERR,ERR,ERR,ERR,ERR,ERR,ERR,ERR,ERR,ERR,ERR,ERR,ERR,ERR,ERR,ERR,ERR,ERR,ERR,ERR,ERR,ERR,ERR,ERR,ERR,ERR,ERR,ERR,ERR,ERR,ERR,ERR,ERR,ERR,ERR,ERR,ERR,ERR,ERR,ERR,ERR,ERR,ERR,ERR,ERR,ERR,ERR,ERR,ERR,ERR,ERR,ERR,ERR,ERR,ERR,ERR,ERR,ERR,ERR,ERR,ERR,ERR,ERR,ERR,ERR,ERR,ERR,ERR,ERR,ERR,ERR,ERR,ERR,ERR,ERR,ERR,ERR,ERR,ERR,ERR,ERR,ERR,-0.0,0.0,3.039990997430017e+23,0.0,0.0,0.0,0.0,nan,0,0,0,32768,0,0.0,0,0.0,0.0,0.0,0.0,0.0,0,0,0,0,0.0,0,0,0,0,0,0,0,0,0,0,0,0,0,0,0,0,0,0,0,0,0,0,0,0,0,0,0,0,0,0,0,0,0,0,0,0,0,0,0,0,0,0,0,0,0.0,0.0,0.0,0.0,0.0,0.0,0.0,0.0,0.0,0.0,0.0,0.0,0.0,0.0,0.0,0.0,0.0,0.0,0.0,0.0,0.0,0.0,2.004,0.0,-0.0,0.0,0.0,0.0,0.0,0.0,3420.5,0.0,0.0,-0.0,0.0,-0.0,0.0,0.0,0.0,0.0,0.0,0,5.8480786593265204e+35,89220.062,0.0,0.0,0.0,0.0,0.0,0.0,0.0,0,0,0,0.0,0.0,0.0,0.0,0.0,0.0,0.0,0.0,0.0,0.0,0.0,0.0,0.0,0.0,0.0,0.0,0,-107875648.0,0,0.0,0,-107875648.0,-0.0,0,13107,17040,39322,17054,13107,17038,0,0,0,110,100,100,-0.0,64.0,0.0,64.5,0.0,69.0,1,49,50,180,13107,0,0,0,0.0,0.0,0.0,0.0,-0.0,65.0,0.0,0.0,0.0,646,0,690,0,0,0,720,0,793,0,711,0,690,0,645,0,643,0,614,0.032,55836672.0,-0.0,-0.0,400,16788,-0.0,0.0,-0.0,0.0,-0.0,-0.0,29.0,60.0,70,0.0,0.0,0.0,0.0,0.0,0.0,0.0,0.0,0.0,0.0,0.0,0.0,0.0,0.0,0.0,0.0,59.6,69,11,65508,41,65476,0,300,0,0,8,20529,65476,0,0,61604,60.0,0.0,0.0,0.0,0.0,0.0
2026-04-04T11:01:56,ERR,ERR,ERR,ERR,ERR,ERR,ERR,ERR,ERR,ERR,ERR,ERR,ERR,ERR,ERR,ERR,ERR,ERR,ERR,ERR,ERR,ERR,ERR,ERR,ERR,ERR,ERR,ERR,ERR,ERR,ERR,ERR,ERR,ERR,ERR,ERR,ERR,ERR,ERR,ERR,ERR,ERR,ERR,ERR,ERR,ERR,ERR,ERR,ERR,ERR,ERR,ERR,ERR,ERR,ERR,ERR,ERR,ERR,ERR,ERR,ERR,ERR,ERR,ERR,ERR,ERR,ERR,ERR,ERR,ERR,ERR,ERR,ERR,ERR,ERR,ERR,ERR,ERR,ERR,ERR,ERR,ERR,ERR,ERR,ERR,ERR,ERR,ERR,ERR,ERR,ERR,ERR,ERR,ERR,ERR,ERR,ERR,ERR,ERR,ERR,ERR,ERR,ERR,ERR,ERR,ERR,ERR,ERR,ERR,ERR,ERR,ERR,ERR,ERR,ERR,ERR,ERR,ERR,ERR,ERR,ERR,ERR,ERR,ERR,ERR,-0.0,0.0,3.039990997430017e+23,0.0,0.0,0.0,0.0,nan,0,0,0,32768,0,0.0,0,0.0,0.0,0.0,0.0,0.0,0,0,0,0,0.0,0,0,0,0,0,0,0,0,0,0,0,0,0,0,0,0,0,0,0,0,0,0,0,0,0,0,0,0,0,0,0,0,0,0,0,0,0,0,0,0,0,0,0,0,0.0,0.0,0.0,0.0,0.0,0.0,0.0,0.0,0.0,0.0,0.0,0.0,0.0,0.0,0.0,0.0,0.0,0.0,0.0,0.0,0.0,0.0,2.004,0.0,-0.0,0.0,0.0,0.0,0.0,0.0,3420.5,0.0,0.0,-0.0,0.0,-0.0,0.0,0.0,0.0,0.0,0.0,0,5.8480786593265204e+35,89220.062,0.0,0.0,0.0,0.0,0.0,0.0,0.0,0,0,0,0.0,0.0,0.0,0.0,0.0,0.0,0.0,0.0,0.0,0.0,0.0,0.0,0.0,0.0,0.0,0.0,0,-107875648.0,0,0.0,0,-107875648.0,-0.0,0,0,17040,39322,17054,13107,17038,0,0,0,110,100,100,-0.0,64.0,0.0,64.5,0.0,69.0,1,49,50,180,13107,13107,0,0,0.0,0.0,0.0,0.0,-0.0,65.0,0.0,0.0,0.0,646,0,690,0,0,0,721,0,793,0,711,0,690,0,645,0,643,0,614,0.032,55574528.0,-0.0,-0.0,60560,16787,-0.0,-3.0584247920411926e+36,4.856764216947187e+31,0.0,-0.0,28737804.0,29.0,60.0,70,0.0,0.0,0.0,0.0,0.0,0.0,0.0,0.0,0.0,0.0,0.0,0.0,0.0,0.0,0.0,0.0,59.6,69,11,65508,41,65476,0,300,0,0,8,20529,65476,0,0,61604,60.0,0.0,0.0,0.0,0.0,0.0
2026-04-04T11:01:57,ERR,ERR,ERR,ERR,ERR,ERR,ERR,ERR,ERR,ERR,ERR,ERR,ERR,ERR,ERR,ERR,ERR,ERR,ERR,ERR,ERR,ERR,ERR,ERR,ERR,ERR,ERR,ERR,ERR,ERR,ERR,ERR,ERR,ERR,ERR,ERR,ERR,ERR,ERR,ERR,ERR,ERR,ERR,ERR,ERR,ERR,ERR,ERR,ERR,ERR,ERR,ERR,ERR,ERR,ERR,ERR,ERR,ERR,ERR,ERR,ERR,ERR,ERR,ERR,ERR,ERR,ERR,ERR,ERR,ERR,ERR,ERR,ERR,ERR,ERR,ERR,ERR,ERR,ERR,ERR,ERR,ERR,ERR,ERR,ERR,ERR,ERR,ERR,ERR,ERR,ERR,ERR,ERR,ERR,ERR,ERR,ERR,ERR,ERR,ERR,ERR,ERR,ERR,ERR,ERR,ERR,ERR,ERR,ERR,ERR,ERR,ERR,ERR,ERR,ERR,ERR,ERR,ERR,ERR,ERR,ERR,ERR,ERR,ERR,ERR,-0.0,0.0,3.039990997430017e+23,0.0,0.0,0.0,0.0,nan,0,0,0,32768,0,0.0,0,0.0,0.0,0.0,0.0,0.0,0,0,0,0,0.0,0,0,0,0,0,0,0,0,0,0,0,0,0,0,0,0,0,0,0,0,0,0,0,0,0,0,0,0,0,0,0,0,0,0,0,0,0,0,0,0,0,0,0,0,0.0,0.0,0.0,0.0,0.0,0.0,0.0,0.0,0.0,0.0,0.0,0.0,0.0,0.0,0.0,0.0,0.0,0.0,0.0,0.0,0.0,0.0,2.004,0.0,-0.0,0.0,0.0,0.0,0.0,0.0,3420.5,0.0,0.0,-0.0,0.0,-0.0,0.0,0.0,0.0,0.0,0.0,0,5.8480786593265204e+35,89220.062,0.0,0.0,0.0,0.0,0.0,0.0,0.0,0,0,0,0.0,0.0,0.0,0.0,0.0,0.0,0.0,0.0,0.0,0.0,0.0,0.0,0.0,0.0,0.0,0.0,0,-107875648.0,0,0.0,0,-107875648.0,-0.0,0,0,17040,39322,17054,13107,17038,0,0,0,110,100,100,-0.0,64.0,0.0,64.5,0.0,69.0,1,49,50,180,13107,13107,0,0,0.0,0.0,0.0,0.0,-0.0,65.0,0.0,0.0,0.0,646,0,690,0,0,0,721,0,793,0,711,0,690,0,645,0,643,0,614,0.032,55574528.0,-0.0,-0.0,60560,16787,-0.0,-3.0584247920411926e+36,4.856764216947187e+31,0.0,-0.0,28737804.0,29.0,60.0,70,0.0,0.0,0.0,0.0,0.0,0.0,0.0,0.0,0.0,0.0,0.0,0.0,0.0,0.0,0.0,0.0,59.2,69,11,65508,41,65476,0,300,0,0,8,20529,65476,0,0,61604,60.0,0.0,0.0,0.0,0.0,0.0
2026-04-04T11:01:58,ERR,ERR,ERR,ERR,ERR,ERR,ERR,ERR,ERR,ERR,ERR,ERR,ERR,ERR,ERR,ERR,ERR,ERR,ERR,ERR,ERR,ERR,ERR,ERR,ERR,ERR,ERR,ERR,ERR,ERR,ERR,ERR,ERR,ERR,ERR,ERR,ERR,ERR,ERR,ERR,ERR,ERR,ERR,ERR,ERR,ERR,ERR,ERR,ERR,ERR,ERR,ERR,ERR,ERR,ERR,ERR,ERR,ERR,ERR,ERR,ERR,ERR,ERR,ERR,ERR,ERR,ERR,ERR,ERR,ERR,ERR,ERR,ERR,ERR,ERR,ERR,ERR,ERR,ERR,ERR,ERR,ERR,ERR,ERR,ERR,ERR,ERR,ERR,ERR,ERR,ERR,ERR,ERR,ERR,ERR,ERR,ERR,ERR,ERR,ERR,ERR,ERR,ERR,ERR,ERR,ERR,ERR,ERR,ERR,ERR,ERR,ERR,ERR,ERR,ERR,ERR,ERR,ERR,ERR,ERR,ERR,ERR,ERR,ERR,ERR,-0.0,0.0,3.039990997430017e+23,0.0,0.0,0.0,0.0,nan,0,0,0,32768,0,0.0,0,0.0,0.0,0.0,0.0,0.0,0,0,0,0,0.0,0,0,0,0,0,0,0,0,0,0,0,0,0,0,0,0,0,0,0,0,0,0,0,0,0,0,0,0,0,0,0,0,0,0,0,0,0,0,0,0,0,0,0,0,0.0,0.0,0.0,0.0,0.0,0.0,0.0,0.0,0.0,0.0,0.0,0.0,0.0,0.0,0.0,0.0,0.0,0.0,0.0,0.0,0.0,0.0,2.004,0.0,-0.0,0.0,0.0,0.0,0.0,0.0,3403.0,-8608108544.0,0.0,-0.0,0.0,2.7184274988523002e+23,0.0,0.0,0.0,0.0,0.0,0,1.9056958870913024e+17,0.0,0.0,0.0,0.0,0.0,0.0,0.0,0.0,0,0,0,0.0,0.0,0.0,0.0,0.0,0.0,0.0,0.0,0.0,0.0,0.0,0.0,0.0,0.0,0.0,0.0,0,-107875648.0,0,0.0,0,-107875648.0,-0.0,0,0,17040,39322,17054,13107,17038,0,0,0,110,100,100,-0.0,64.0,0.0,64.5,0.0,69.0,1,49,50,180,13107,13107,0,0,0.0,0.0,0.0,0.0,-0.0,65.0,0.0,0.0,0.0,646,0,690,0,0,0,721,0,793,0,711,0,690,0,645,0,643,0,614,0.032,55574528.0,-0.0,-0.0,60560,16787,-0.0,-3.0584247920411926e+36,4.856764216947187e+31,0.0,-0.0,28737804.0,29.0,60.0,70,0.0,0.0,0.0,0.0,0.0,0.0,0.0,0.0,0.0,0.0,0.0,0.0,0.0,0.0,0.0,0.0,59.2,69,11,65508,41,65476,0,300,0,0,8,20529,65476,0,0,61604,60.0,0.0,0.0,0.0,0.0,0.0
2026-04-04T11:01:59,ERR,ERR,ERR,ERR,ERR,ERR,ERR,ERR,ERR,ERR,ERR,ERR,ERR,ERR,ERR,ERR,ERR,ERR,ERR,ERR,ERR,ERR,ERR,ERR,ERR,ERR,ERR,ERR,ERR,ERR,ERR,ERR,ERR,ERR,ERR,ERR,ERR,ERR,ERR,ERR,ERR,ERR,ERR,ERR,ERR,ERR,ERR,ERR,ERR,ERR,ERR,ERR,ERR,ERR,ERR,ERR,ERR,ERR,ERR,ERR,ERR,ERR,ERR,ERR,ERR,ERR,ERR,ERR,ERR,ERR,ERR,ERR,ERR,ERR,ERR,ERR,ERR,ERR,ERR,ERR,ERR,ERR,ERR,ERR,ERR,ERR,ERR,ERR,ERR,ERR,ERR,ERR,ERR,ERR,ERR,ERR,ERR,ERR,ERR,ERR,ERR,ERR,ERR,ERR,ERR,ERR,ERR,ERR,ERR,ERR,ERR,ERR,ERR,ERR,ERR,ERR,ERR,ERR,ERR,ERR,ERR,ERR,ERR,ERR,ERR,-0.0,0.0,3.039990997430017e+23,0.0,0.0,0.0,0.0,nan,0,0,0,32768,0,0.0,0,0.0,0.0,0.0,0.0,0.0,0,0,0,0,0.0,0,0,0,0,0,0,0,0,0,0,0,0,0,0,0,0,0,0,0,0,0,0,0,0,0,0,0,0,0,0,0,0,0,0,0,0,0,0,0,0,0,0,0,0,0.0,0.0,0.0,0.0,0.0,0.0,0.0,0.0,0.0,0.0,0.0,0.0,0.0,0.0,0.0,0.0,0.0,0.0,0.0,0.0,0.0,0.0,2.004,0.0,-0.0,0.0,0.0,0.0,0.0,0.0,3403.0,-8608108544.0,0.0,-0.0,0.0,2.7184274988523002e+23,0.0,0.0,0.0,0.0,0.0,0,1.9056958870913024e+17,0.0,0.0,0.0,0.0,0.0,0.0,0.0,0.0,0,0,0,0.0,0.0,0.0,0.0,0.0,0.0,0.0,0.0,0.0,0.0,0.0,0.0,0.0,0.0,0.0,0.0,0,-107875648.0,0,0.0,0,-107875648.0,-0.0,0,0,17040,39322,17054,13107,17038,0,0,0,110,100,100,-0.0,64.0,0.0,64.5,0.0,69.0,1,49,50,180,13107,13107,0,0,0.0,0.0,0.0,0.0,-0.0,65.0,0.0,0.0,0.0,646,0,690,0,0,0,721,0,793,0,711,0,690,0,645,0,643,0,614,0.032,55574528.0,-0.0,-0.0,60560,16787,-0.0,-3.0584247920411926e+36,4.856764216947187e+31,0.0,-0.0,28737804.0,29.0,60.0,70,0.0,0.0,0.0,0.0,0.0,0.0,0.0,0.0,0.0,0.0,0.0,0.0,0.0,0.0,0.0,0.0,59.2,69,11,65508,41,65476,0,300,0,0,8,20529,65476,0,0,61604,60.0,0.0,0.0,0.0,0.0,0.0
2026-04-04T11:02:00,ERR,ERR,ERR,ERR,ERR,ERR,ERR,ERR,ERR,ERR,ERR,ERR,ERR,ERR,ERR,ERR,ERR,ERR,ERR,ERR,ERR,ERR,ERR,ERR,ERR,ERR,ERR,ERR,ERR,ERR,ERR,ERR,ERR,ERR,ERR,ERR,ERR,ERR,ERR,ERR,ERR,ERR,ERR,ERR,ERR,ERR,ERR,ERR,ERR,ERR,ERR,ERR,ERR,ERR,ERR,ERR,ERR,ERR,ERR,ERR,ERR,ERR,ERR,ERR,ERR,ERR,ERR,ERR,ERR,ERR,ERR,ERR,ERR,ERR,ERR,ERR,ERR,ERR,ERR,ERR,ERR,ERR,ERR,ERR,ERR,ERR,ERR,ERR,ERR,ERR,ERR,ERR,ERR,ERR,ERR,ERR,ERR,ERR,ERR,ERR,ERR,ERR,ERR,ERR,ERR,ERR,ERR,ERR,ERR,ERR,ERR,ERR,ERR,ERR,ERR,ERR,ERR,ERR,ERR,ERR,ERR,ERR,ERR,ERR,ERR,-0.0,0.0,3.039990997430017e+23,0.0,0.0,0.0,0.0,nan,0,0,0,32768,0,0.0,0,0.0,0.0,0.0,0.0,0.0,0,0,0,0,0.0,0,0,0,0,0,0,0,0,0,0,0,0,0,0,0,0,0,0,0,0,0,0,0,0,0,0,0,0,0,0,0,0,0,0,0,0,0,0,0,0,0,0,0,0,0.0,0.0,0.0,0.0,0.0,0.0,0.0,0.0,0.0,0.0,0.0,0.0,0.0,0.0,0.0,0.0,0.0,0.0,0.0,0.0,0.0,0.0,2.004,0.0,-0.0,0.0,0.0,0.0,0.0,0.0,3403.0,-8608108544.0,0.0,-0.0,0.0,2.7184274988523002e+23,0.0,0.0,0.0,0.0,0.0,0,1.9056958870913024e+17,0.0,0.0,0.0,0.0,0.0,0.0,0.0,0.0,0,0,0,0.0,0.0,0.0,0.0,0.0,0.0,0.0,0.0,0.0,0.0,0.0,0.0,0.0,0.0,0.0,0.0,0,-107875648.0,0,0.0,0,-107875648.0,-0.0,0,0,17040,39322,17054,13107,17038,0,0,0,110,100,100,-0.0,64.0,0.0,64.5,0.0,69.0,1,49,50,180,13107,0,0,0,0.0,0.0,0.0,0.0,-0.0,65.0,0.0,0.0,0.0,646,0,690,0,0,0,720,0,793,0,711,0,690,0,645,0,643,0,614,0.032,55836672.0,-0.0,-0.0,63888,16787,-0.0,0.0,-0.0,-0.0,-0.0,1.3645526009409958e+37,29.0,60.0,70,0.0,0.0,0.0,0.0,0.0,0.0,0.0,0.0,0.0,0.0,0.0,0.0,0.0,0.0,0.0,0.0,59.2,69,11,65508,41,65476,0,300,0,0,8,20529,65476,0,0,61604,60.0,0.0,0.0,0.0,0.0,0.0
2026-04-04T11:02:01,ERR,ERR,ERR,ERR,ERR,ERR,ERR,ERR,ERR,ERR,ERR,ERR,ERR,ERR,ERR,ERR,ERR,ERR,ERR,ERR,ERR,ERR,ERR,ERR,ERR,ERR,ERR,ERR,ERR,ERR,ERR,ERR,ERR,ERR,ERR,ERR,ERR,ERR,ERR,ERR,ERR,ERR,ERR,ERR,ERR,ERR,ERR,ERR,ERR,ERR,ERR,ERR,ERR,ERR,ERR,ERR,ERR,ERR,ERR,ERR,ERR,ERR,ERR,ERR,ERR,ERR,ERR,ERR,ERR,ERR,ERR,ERR,ERR,ERR,ERR,ERR,ERR,ERR,ERR,ERR,ERR,ERR,ERR,ERR,ERR,ERR,ERR,ERR,ERR,ERR,ERR,ERR,ERR,ERR,ERR,ERR,ERR,ERR,ERR,ERR,ERR,ERR,ERR,ERR,ERR,ERR,ERR,ERR,ERR,ERR,ERR,ERR,ERR,ERR,ERR,ERR,ERR,ERR,ERR,ERR,ERR,ERR,ERR,ERR,ERR,-0.0,0.0,3.039990997430017e+23,0.0,0.0,0.0,0.0,nan,0,0,0,32768,0,0.0,0,0.0,0.0,0.0,0.0,0.0,0,0,0,0,0.0,0,0,0,0,0,0,0,0,0,0,0,0,0,0,0,0,0,0,0,0,0,0,0,0,0,0,0,0,0,0,0,0,0,0,0,0,0,0,0,0,0,0,0,0,0.0,0.0,0.0,0.0,0.0,0.0,0.0,0.0,0.0,0.0,0.0,0.0,0.0,0.0,0.0,0.0,0.0,0.0,0.0,0.0,0.0,0.0,2.004,0.0,-0.0,0.0,0.0,0.0,0.0,0.0,3403.0,-8608108544.0,0.0,-0.0,0.0,2.7184274988523002e+23,0.0,0.0,0.0,0.0,0.0,0,1.9056958870913024e+17,0.0,0.0,0.0,0.0,0.0,0.0,0.0,0.0,0,0,0,0.0,0.0,0.0,0.0,0.0,0.0,0.0,0.0,0.0,0.0,0.0,0.0,0.0,0.0,0.0,0.0,0,-107875648.0,0,0.0,0,-107875648.0,-0.0,0,0,17040,39322,17054,13107,17038,0,0,0,110,100,100,-0.0,64.0,0.0,64.5,0.0,69.0,1,49,50,180,13107,0,0,0,0.0,0.0,0.0,0.0,-0.0,65.0,0.0,0.0,0.0,646,0,690,0,0,0,720,0,793,0,711,0,690,0,645,0,643,0,614,0.032,55836672.0,-0.0,-0.0,63888,16787,-0.0,0.0,-0.0,-0.0,-0.0,1.3645526009409958e+37,29.0,60.0,70,0.0,0.0,0.0,0.0,0.0,0.0,0.0,0.0,0.0,0.0,0.0,0.0,0.0,0.0,0.0,0.0,59.2,69,11,65508,41,65476,0,300,0,0,8,20529,65476,0,0,61604,60.0,0.0,0.0,0.0,0.0,0.0
2026-04-04T11:02:02,ERR,ERR,ERR,ERR,ERR,ERR,ERR,ERR,ERR,ERR,ERR,ERR,ERR,ERR,ERR,ERR,ERR,ERR,ERR,ERR,ERR,ERR,ERR,ERR,ERR,ERR,ERR,ERR,ERR,ERR,ERR,ERR,ERR,ERR,ERR,ERR,ERR,ERR,ERR,ERR,ERR,ERR,ERR,ERR,ERR,ERR,ERR,ERR,ERR,ERR,ERR,ERR,ERR,ERR,ERR,ERR,ERR,ERR,ERR,ERR,ERR,ERR,ERR,ERR,ERR,ERR,ERR,ERR,ERR,ERR,ERR,ERR,ERR,ERR,ERR,ERR,ERR,ERR,ERR,ERR,ERR,ERR,ERR,ERR,ERR,ERR,ERR,ERR,ERR,ERR,ERR,ERR,ERR,ERR,ERR,ERR,ERR,ERR,ERR,ERR,ERR,ERR,ERR,ERR,ERR,ERR,ERR,ERR,ERR,ERR,ERR,ERR,ERR,ERR,ERR,ERR,ERR,ERR,ERR,ERR,ERR,ERR,ERR,ERR,ERR,-0.0,0.0,3.039990997430017e+23,0.0,0.0,0.0,0.0,nan,0,0,0,32768,0,0.0,0,0.0,0.0,0.0,0.0,0.0,0,0,0,0,0.0,0,0,0,0,0,0,0,0,0,0,0,0,0,0,0,0,0,0,0,0,0,0,0,0,0,0,0,0,0,0,0,0,0,0,0,0,0,0,0,0,0,0,0,0,0.0,0.0,0.0,0.0,0.0,0.0,0.0,0.0,0.0,0.0,0.0,0.0,0.0,0.0,0.0,0.0,0.0,0.0,0.0,0.0,0.0,0.0,2.004,0.0,-0.0,0.0,0.0,0.0,0.0,0.0,3403.0,-8608108544.0,0.0,-0.0,0.0,2.7184274988523002e+23,0.0,0.0,0.0,0.0,0.0,0,1.9056958870913024e+17,0.0,0.0,0.0,0.0,0.0,0.0,0.0,0.0,0,0,0,0.0,0.0,0.0,0.0,0.0,0.0,0.0,0.0,0.0,0.0,0.0,0.0,0.0,0.0,0.0,0.0,0,-107875648.0,0,0.0,0,-107875648.0,-0.0,0,0,17040,39322,17054,13107,17038,0,0,0,110,100,100,-0.0,64.0,0.0,64.5,0.0,69.0,1,49,50,180,13107,0,0,0,0.0,0.0,0.0,0.0,-0.0,65.0,0.0,0.0,0.0,646,0,690,0,0,0,720,0,793,0,711,0,690,0,645,0,643,0,614,0.032,55836672.0,-0.0,-0.0,63888,16787,-0.0,0.0,-0.0,-0.0,-0.0,1.3645526009409958e+37,29.0,60.0,70,0.0,0.0,0.0,0.0,0.0,0.0,0.0,0.0,0.0,0.0,0.0,0.0,0.0,0.0,0.0,0.0,59.2,69,11,65508,41,65476,0,300,0,0,8,20529,65476,0,0,61604,60.0,0.0,0.0,0.0,0.0,0.0
2026-04-04T11:02:03,ERR,ERR,ERR,ERR,ERR,ERR,ERR,ERR,ERR,ERR,ERR,ERR,ERR,ERR,ERR,ERR,ERR,ERR,ERR,ERR,ERR,ERR,ERR,ERR,ERR,ERR,ERR,ERR,ERR,ERR,ERR,ERR,ERR,ERR,ERR,ERR,ERR,ERR,ERR,ERR,ERR,ERR,ERR,ERR,ERR,ERR,ERR,ERR,ERR,ERR,ERR,ERR,ERR,ERR,ERR,ERR,ERR,ERR,ERR,ERR,ERR,ERR,ERR,ERR,ERR,ERR,ERR,ERR,ERR,ERR,ERR,ERR,ERR,ERR,ERR,ERR,ERR,ERR,ERR,ERR,ERR,ERR,ERR,ERR,ERR,ERR,ERR,ERR,ERR,ERR,ERR,ERR,ERR,ERR,ERR,ERR,ERR,ERR,ERR,ERR,ERR,ERR,ERR,ERR,ERR,ERR,ERR,ERR,ERR,ERR,ERR,ERR,ERR,ERR,ERR,ERR,ERR,ERR,ERR,ERR,ERR,ERR,ERR,ERR,ERR,-0.0,0.0,3.039990997430017e+23,0.0,0.0,0.0,0.0,nan,0,0,0,32768,0,0.0,0,0.0,0.0,0.0,0.0,0.0,0,0,0,0,0.0,0,0,0,0,0,0,0,0,0,0,0,0,0,0,0,0,0,0,0,0,0,0,0,0,0,0,0,0,0,0,0,0,0,0,0,0,0,0,0,0,0,0,0,0,0.0,0.0,0.0,0.0,0.0,0.0,0.0,0.0,0.0,0.0,0.0,0.0,0.0,0.0,0.0,0.0,0.0,0.0,0.0,0.0,0.0,0.0,2.004,0.0,-2.004,0.0,0.0,0.0,0.0,0.0,3402.0,-1.5879157526988056e+29,0.0,-0.0,0.0,2.7184274988523002e+23,0.0,0.0,0.0,0.0,0.0,0,107615248.0,89220.062,0.0,0.0,0.0,0.0,0.0,0.0,0.0,0,0,0,0.0,0.0,0.0,0.0,0.0,0.0,0.0,0.0,0.0,0.0,0.0,0.0,0.0,0.0,0.0,0.0,0,-107875648.0,0,0.0,0,-107875648.0,-0.0,0,0,17040,39322,17054,13107,17038,0,0,0,110,100,100,-0.0,64.0,0.0,64.5,0.0,69.0,1,49,50,180,13107,0,0,0,0.0,0.0,0.0,0.0,-0.0,65.0,0.0,0.0,0.0,646,0,690,0,0,0,720,0,793,0,711,0,690,0,645,0,643,0,614,0.032,55836672.0,-0.0,-0.0,63888,16787,-0.0,0.0,-0.0,-0.0,-0.0,1.3645526009409958e+37,29.0,60.0,70,0.0,0.0,0.0,0.0,0.0,0.0,0.0,0.0,0.0,0.0,0.0,0.0,0.0,0.0,0.0,0.0,59.2,69,11,65508,41,65476,0,300,0,0,8,20529,65476,0,0,61604,60.0,0.0,0.0,0.0,0.0,0.0
2026-04-04T11:02:04,ERR,ERR,ERR,ERR,ERR,ERR,ERR,ERR,ERR,ERR,ERR,ERR,ERR,ERR,ERR,ERR,ERR,ERR,ERR,ERR,ERR,ERR,ERR,ERR,ERR,ERR,ERR,ERR,ERR,ERR,ERR,ERR,ERR,ERR,ERR,ERR,ERR,ERR,ERR,ERR,ERR,ERR,ERR,ERR,ERR,ERR,ERR,ERR,ERR,ERR,ERR,ERR,ERR,ERR,ERR,ERR,ERR,ERR,ERR,ERR,ERR,ERR,ERR,ERR,ERR,ERR,ERR,ERR,ERR,ERR,ERR,ERR,ERR,ERR,ERR,ERR,ERR,ERR,ERR,ERR,ERR,ERR,ERR,ERR,ERR,ERR,ERR,ERR,ERR,ERR,ERR,ERR,ERR,ERR,ERR,ERR,ERR,ERR,ERR,ERR,ERR,ERR,ERR,ERR,ERR,ERR,ERR,ERR,ERR,ERR,ERR,ERR,ERR,ERR,ERR,ERR,ERR,ERR,ERR,ERR,ERR,ERR,ERR,ERR,ERR,-0.0,0.0,3.039990997430017e+23,0.0,0.0,0.0,0.0,nan,0,0,0,32768,0,0.0,0,0.0,0.0,0.0,0.0,0.0,0,0,0,0,0.0,0,0,0,0,0,0,0,0,0,0,0,0,0,0,0,0,0,0,0,0,0,0,0,0,0,0,0,0,0,0,0,0,0,0,0,0,0,0,0,0,0,0,0,0,0.0,0.0,0.0,0.0,0.0,0.0,0.0,0.0,0.0,0.0,0.0,0.0,0.0,0.0,0.0,0.0,0.0,0.0,0.0,0.0,0.0,0.0,2.004,0.0,-2.004,0.0,0.0,0.0,0.0,0.0,3402.0,-1.5879157526988056e+29,0.0,-0.0,0.0,2.7184274988523002e+23,0.0,0.0,0.0,0.0,0.0,0,107615248.0,89220.062,0.0,0.0,0.0,0.0,0.0,0.0,0.0,0,0,0,0.0,0.0,0.0,0.0,0.0,0.0,0.0,0.0,0.0,0.0,0.0,0.0,0.0,0.0,0.0,0.0,0,-107875648.0,0,0.0,0,-107875648.0,-0.0,0,0,17040,39322,17054,13107,17038,0,0,0,110,100,100,-0.0,64.0,0.0,64.5,0.0,69.0,1,49,50,180,13107,0,0,0,0.0,0.0,0.0,0.0,-0.0,65.0,0.0,0.0,0.0,646,0,690,0,0,0,720,0,793,0,711,0,690,0,645,0,643,0,614,0.032,55836672.0,-0.0,-0.0,45712,16787,-0.0,0.0,-0.0,-0.0,-0.0,46523647787008.0,29.0,60.0,70,0.0,0.0,0.0,0.0,0.0,0.0,0.0,0.0,0.0,0.0,0.0,0.0,0.0,0.0,0.0,0.0,59.2,69,11,65508,41,65476,0,300,0,0,8,20529,65476,0,0,61604,60.0,0.0,0.0,0.0,0.0,0.0
2026-04-04T11:02:05,ERR,ERR,ERR,ERR,ERR,ERR,ERR,ERR,ERR,ERR,ERR,ERR,ERR,ERR,ERR,ERR,ERR,ERR,ERR,ERR,ERR,ERR,ERR,ERR,ERR,ERR,ERR,ERR,ERR,ERR,ERR,ERR,ERR,ERR,ERR,ERR,ERR,ERR,ERR,ERR,ERR,ERR,ERR,ERR,ERR,ERR,ERR,ERR,ERR,ERR,ERR,ERR,ERR,ERR,ERR,ERR,ERR,ERR,ERR,ERR,ERR,ERR,ERR,ERR,ERR,ERR,ERR,ERR,ERR,ERR,ERR,ERR,ERR,ERR,ERR,ERR,ERR,ERR,ERR,ERR,ERR,ERR,ERR,ERR,ERR,ERR,ERR,ERR,ERR,ERR,ERR,ERR,ERR,ERR,ERR,ERR,ERR,ERR,ERR,ERR,ERR,ERR,ERR,ERR,ERR,ERR,ERR,ERR,ERR,ERR,ERR,ERR,ERR,ERR,ERR,ERR,ERR,ERR,ERR,ERR,ERR,ERR,ERR,ERR,ERR,-0.0,0.0,3.039990997430017e+23,0.0,0.0,0.0,0.0,nan,0,0,0,32768,0,0.0,0,0.0,0.0,0.0,0.0,0.0,0,0,0,0,0.0,0,0,0,0,0,0,0,0,0,0,0,0,0,0,0,0,0,0,0,0,0,0,0,0,0,0,0,0,0,0,0,0,0,0,0,0,0,0,0,0,0,0,0,0,0.0,0.0,0.0,0.0,0.0,0.0,0.0,0.0,0.0,0.0,0.0,0.0,0.0,0.0,0.0,0.0,0.0,0.0,0.0,0.0,0.0,0.0,2.004,0.0,-2.004,0.0,0.0,0.0,0.0,0.0,3402.0,-1.5879157526988056e+29,0.0,-0.0,0.0,2.7184274988523002e+23,0.0,0.0,0.0,0.0,0.0,0,107615248.0,89220.062,0.0,0.0,0.0,0.0,0.0,0.0,0.0,0,0,0,0.0,0.0,0.0,0.0,0.0,0.0,0.0,0.0,0.0,0.0,0.0,0.0,0.0,0.0,0.0,0.0,0,-107875648.0,0,0.0,0,-107875648.0,-0.0,0,0,17040,39322,17054,13107,17038,0,0,0,110,100,100,-0.0,64.0,0.0,64.5,0.0,69.0,1,49,50,180,13107,0,0,0,0.0,0.0,0.0,0.0,-0.0,65.0,0.0,0.0,0.0,646,0,690,0,0,0,720,0,793,0,711,0,690,0,645,0,643,0,614,0.032,55836672.0,-0.0,-0.0,45712,16787,-0.0,0.0,-0.0,-0.0,-0.0,46523647787008.0,29.0,60.0,70,0.0,0.0,0.0,0.0,0.0,0.0,0.0,0.0,0.0,0.0,0.0,0.0,0.0,0.0,0.0,0.0,59.6,69,11,65508,41,65476,0,300,0,0,8,20529,65476,0,0,61604,60.0,0.0,0.0,0.0,0.0,0.0
2026-04-04T11:02:06,ERR,ERR,ERR,ERR,ERR,ERR,ERR,ERR,ERR,ERR,ERR,ERR,ERR,ERR,ERR,ERR,ERR,ERR,ERR,ERR,ERR,ERR,ERR,ERR,ERR,ERR,ERR,ERR,ERR,ERR,ERR,ERR,ERR,ERR,ERR,ERR,ERR,ERR,ERR,ERR,ERR,ERR,ERR,ERR,ERR,ERR,ERR,ERR,ERR,ERR,ERR,ERR,ERR,ERR,ERR,ERR,ERR,ERR,ERR,ERR,ERR,ERR,ERR,ERR,ERR,ERR,ERR,ERR,ERR,ERR,ERR,ERR,ERR,ERR,ERR,ERR,ERR,ERR,ERR,ERR,ERR,ERR,ERR,ERR,ERR,ERR,ERR,ERR,ERR,ERR,ERR,ERR,ERR,ERR,ERR,ERR,ERR,ERR,ERR,ERR,ERR,ERR,ERR,ERR,ERR,ERR,ERR,ERR,ERR,ERR,ERR,ERR,ERR,ERR,ERR,ERR,ERR,ERR,ERR,ERR,ERR,ERR,ERR,ERR,ERR,-0.0,0.0,3.039990997430017e+23,0.0,0.0,0.0,0.0,nan,0,0,0,32768,0,0.0,0,0.0,0.0,0.0,0.0,0.0,0,0,0,0,0.0,0,0,0,0,0,0,0,0,0,0,0,0,0,0,0,0,0,0,0,0,0,0,0,0,0,0,0,0,0,0,0,0,0,0,0,0,0,0,0,0,0,0,0,0,0.0,0.0,0.0,0.0,0.0,0.0,0.0,0.0,0.0,0.0,0.0,0.0,0.0,0.0,0.0,0.0,0.0,0.0,0.0,0.0,0.0,0.0,2.004,0.0,-2.004,0.0,0.0,0.0,0.0,0.0,3402.0,-1.5879157526988056e+29,0.0,-0.0,0.0,2.7184274988523002e+23,0.0,0.0,0.0,0.0,0.0,0,107615248.0,89220.062,0.0,0.0,0.0,0.0,0.0,0.0,0.0,0,0,0,0.0,0.0,0.0,0.0,0.0,0.0,0.0,0.0,0.0,0.0,0.0,0.0,0.0,0.0,0.0,0.0,0,-107875648.0,0,0.0,0,-107875648.0,-0.0,0,0,17040,39322,17054,13107,17038,0,0,0,110,100,100,-0.0,64.0,0.0,64.5,0.0,69.0,1,49,50,180,13107,0,0,0,0.0,0.0,0.0,0.0,-0.0,65.0,0.0,0.0,0.0,646,0,690,0,0,0,720,0,793,0,711,0,690,0,645,0,643,0,614,0.032,55836672.0,-0.0,-0.0,45712,16787,-0.0,0.0,-0.0,-0.0,-0.0,46523647787008.0,29.0,60.0,70,0.0,0.0,0.0,0.0,0.0,0.0,0.0,0.0,0.0,0.0,0.0,0.0,0.0,0.0,0.0,0.0,59.6,69,11,65508,41,65476,0,300,0,0,8,20529,65476,0,0,61604,60.0,0.0,0.0,0.0,0.0,0.0
2026-04-04T11:02:07,ERR,ERR,ERR,ERR,ERR,ERR,ERR,ERR,ERR,ERR,ERR,ERR,ERR,ERR,ERR,ERR,ERR,ERR,ERR,ERR,ERR,ERR,ERR,ERR,ERR,ERR,ERR,ERR,ERR,ERR,ERR,ERR,ERR,ERR,ERR,ERR,ERR,ERR,ERR,ERR,ERR,ERR,ERR,ERR,ERR,ERR,ERR,ERR,ERR,ERR,ERR,ERR,ERR,ERR,ERR,ERR,ERR,ERR,ERR,ERR,ERR,ERR,ERR,ERR,ERR,ERR,ERR,ERR,ERR,ERR,ERR,ERR,ERR,ERR,ERR,ERR,ERR,ERR,ERR,ERR,ERR,ERR,ERR,ERR,ERR,ERR,ERR,ERR,ERR,ERR,ERR,ERR,ERR,ERR,ERR,ERR,ERR,ERR,ERR,ERR,ERR,ERR,ERR,ERR,ERR,ERR,ERR,ERR,ERR,ERR,ERR,ERR,ERR,ERR,ERR,ERR,ERR,ERR,ERR,ERR,ERR,ERR,ERR,ERR,ERR,-0.0,0.0,3.039990997430017e+23,0.0,0.0,0.0,0.0,nan,0,0,0,32768,0,0.0,0,0.0,0.0,0.0,0.0,0.0,0,0,0,0,0.0,0,0,0,0,0,0,0,0,0,0,0,0,0,0,0,0,0,0,0,0,0,0,0,0,0,0,0,0,0,0,0,0,0,0,0,0,0,0,0,0,0,0,0,0,0.0,0.0,0.0,0.0,0.0,0.0,0.0,0.0,0.0,0.0,0.0,0.0,0.0,0.0,0.0,0.0,0.0,0.0,0.0,0.0,0.0,0.0,2.004,0.0,-2.004,0.0,0.0,0.0,0.0,0.0,3402.0,-1.5879157526988056e+29,0.0,-0.0,0.0,2.7184274988523002e+23,0.0,0.0,0.0,0.0,0.0,0,107615248.0,89220.062,0.0,0.0,0.0,0.0,0.0,0.0,0.0,0,0,0,0.0,0.0,0.0,0.0,0.0,0.0,0.0,0.0,0.0,0.0,0.0,0.0,0.0,0.0,0.0,0.0,0,-107875648.0,0,0.0,0,-107875648.0,-0.0,0,0,17040,39322,17054,13107,17038,0,0,0,110,100,100,-0.0,64.0,0.0,64.5,0.0,69.0,1,49,50,180,13107,0,0,0,0.0,0.0,0.0,0.0,-0.0,65.0,0.0,0.0,0.0,646,0,690,0,0,0,720,0,793,0,711,0,690,0,645,0,643,0,614,0.032,55836672.0,-0.0,-0.0,45712,16787,-0.0,0.0,-0.0,-0.0,-0.0,46523647787008.0,29.0,60.0,70,0.0,0.0,0.0,0.0,0.0,0.0,0.0,0.0,0.0,0.0,0.0,0.0,0.0,0.0,0.0,0.0,59.2,69,11,65508,41,65476,0,300,0,0,8,20529,65476,0,0,61604,60.0,0.0,0.0,0.0,0.0,0.0
2026-04-04T11:02:08,ERR,ERR,ERR,ERR,ERR,ERR,ERR,ERR,ERR,ERR,ERR,ERR,ERR,ERR,ERR,ERR,ERR,ERR,ERR,ERR,ERR,ERR,ERR,ERR,ERR,ERR,ERR,ERR,ERR,ERR,ERR,ERR,ERR,ERR,ERR,ERR,ERR,ERR,ERR,ERR,ERR,ERR,ERR,ERR,ERR,ERR,ERR,ERR,ERR,ERR,ERR,ERR,ERR,ERR,ERR,ERR,ERR,ERR,ERR,ERR,ERR,ERR,ERR,ERR,ERR,ERR,ERR,ERR,ERR,ERR,ERR,ERR,ERR,ERR,ERR,ERR,ERR,ERR,ERR,ERR,ERR,ERR,ERR,ERR,ERR,ERR,ERR,ERR,ERR,ERR,ERR,ERR,ERR,ERR,ERR,ERR,ERR,ERR,ERR,ERR,ERR,ERR,ERR,ERR,ERR,ERR,ERR,ERR,ERR,ERR,ERR,ERR,ERR,ERR,ERR,ERR,ERR,ERR,ERR,ERR,ERR,ERR,ERR,ERR,ERR,-0.0,0.0,3.039990997430017e+23,0.0,0.0,0.0,0.0,nan,0,0,0,32768,0,0.0,0,0.0,0.0,0.0,0.0,0.0,0,0,0,0,0.0,0,0,0,0,0,0,0,0,0,0,0,0,0,0,0,0,0,0,0,0,0,0,0,0,0,0,0,0,0,0,0,0,0,0,0,0,0,0,0,0,0,0,0,0,0.0,0.0,0.0,0.0,0.0,0.0,0.0,0.0,0.0,0.0,0.0,0.0,0.0,0.0,0.0,0.0,0.0,0.0,0.0,0.0,0.0,0.0,2.004,0.0,-2.004,0.0,0.0,0.0,0.0,0.0,3402.0,-1.5879157526988056e+29,0.0,-0.0,0.0,2.7184274988523002e+23,0.0,0.0,0.0,0.0,0.0,0,107615248.0,89220.062,0.0,0.0,0.0,0.0,0.0,0.0,0.0,0,0,0,0.0,0.0,0.0,0.0,0.0,0.0,0.0,0.0,0.0,0.0,0.0,0.0,0.0,0.0,0.0,0.0,0,-107875648.0,0,0.0,0,-107875648.0,-0.0,0,0,17040,39322,17054,13107,17038,0,0,0,110,100,100,-0.0,64.0,0.0,64.5,0.0,69.0,1,49,50,180,13107,0,0,0,0.0,0.0,0.0,0.0,-0.0,65.0,0.0,0.0,0.0,646,0,690,0,0,0,720,0,793,0,711,0,690,0,645,0,643,0,614,0.032,55836672.0,-0.0,-0.0,45712,16787,-0.0,0.0,-0.0,-0.0,-0.0,46523647787008.0,29.0,60.0,70,0.0,0.0,0.0,0.0,0.0,0.0,0.0,0.0,0.0,0.0,0.0,0.0,0.0,0.0,0.0,0.0,59.2,69,11,65508,41,65476,0,300,0,0,8,20529,65476,0,0,61604,60.0,0.0,0.0,0.0,0.0,0.0
2026-04-04T11:02:09,ERR,ERR,ERR,ERR,ERR,ERR,ERR,ERR,ERR,ERR,ERR,ERR,ERR,ERR,ERR,ERR,ERR,ERR,ERR,ERR,ERR,ERR,ERR,ERR,ERR,ERR,ERR,ERR,ERR,ERR,ERR,ERR,ERR,ERR,ERR,ERR,ERR,ERR,ERR,ERR,ERR,ERR,ERR,ERR,ERR,ERR,ERR,ERR,ERR,ERR,ERR,ERR,ERR,ERR,ERR,ERR,ERR,ERR,ERR,ERR,ERR,ERR,ERR,ERR,ERR,ERR,ERR,ERR,ERR,ERR,ERR,ERR,ERR,ERR,ERR,ERR,ERR,ERR,ERR,ERR,ERR,ERR,ERR,ERR,ERR,ERR,ERR,ERR,ERR,ERR,ERR,ERR,ERR,ERR,ERR,ERR,ERR,ERR,ERR,ERR,ERR,ERR,ERR,ERR,ERR,ERR,ERR,ERR,ERR,ERR,ERR,ERR,ERR,ERR,ERR,ERR,ERR,ERR,ERR,ERR,ERR,ERR,ERR,ERR,ERR,-0.0,0.0,3.039990997430017e+23,0.0,0.0,0.0,0.0,nan,0,0,0,32768,0,0.0,0,0.0,0.0,0.0,0.0,0.0,0,0,0,0,0.0,0,0,0,0,0,0,0,0,0,0,0,0,0,0,0,0,0,0,0,0,0,0,0,0,0,0,0,0,0,0,0,0,0,0,0,0,0,0,0,0,0,0,0,0,0.0,0.0,0.0,0.0,0.0,0.0,0.0,0.0,0.0,0.0,0.0,0.0,0.0,0.0,0.0,0.0,0.0,0.0,0.0,0.0,0.0,0.0,2.004,0.0,-2.004,0.0,0.0,0.0,0.0,0.0,3402.0,-1.5879157526988056e+29,0.0,-0.0,0.0,2.7184274988523002e+23,0.0,0.0,0.0,0.0,0.0,0,107615248.0,89220.062,0.0,0.0,0.0,0.0,0.0,0.0,0.0,0,0,0,0.0,0.0,0.0,0.0,0.0,0.0,0.0,0.0,0.0,0.0,0.0,0.0,0.0,0.0,0.0,0.0,0,-107875648.0,0,0.0,0,-107875648.0,-0.0,0,0,17040,39322,17054,13107,17038,0,0,0,110,100,100,-0.0,64.0,0.0,64.5,0.0,69.0,1,49,50,180,13107,0,0,0,0.0,0.0,0.0,0.0,7.6849248833056835e+37,65.0,0.0,0.0,0.0,646,0,690,0,0,0,720,0,793,0,711,0,690,0,645,0,643,0,614,0.032,55836672.0,-0.0,-0.0,47376,16787,7.6849248833056835e+37,0.0,-0.0,0.0,-0.0,2.536112561187717e+17,29.0,60.0,70,0.0,0.0,0.0,0.0,0.0,0.0,0.0,0.0,0.0,0.0,0.0,0.0,0.0,0.0,0.0,0.0,59.2,69,11,65508,41,65476,0,300,0,0,8,20529,65476,0,0,61604,60.0,0.0,0.0,0.0,0.0,0.0
2026-04-04T11:02:10,ERR,ERR,ERR,ERR,ERR,ERR,ERR,ERR,ERR,ERR,ERR,ERR,ERR,ERR,ERR,ERR,ERR,ERR,ERR,ERR,ERR,ERR,ERR,ERR,ERR,ERR,ERR,ERR,ERR,ERR,ERR,ERR,ERR,ERR,ERR,ERR,ERR,ERR,ERR,ERR,ERR,ERR,ERR,ERR,ERR,ERR,ERR,ERR,ERR,ERR,ERR,ERR,ERR,ERR,ERR,ERR,ERR,ERR,ERR,ERR,ERR,ERR,ERR,ERR,ERR,ERR,ERR,ERR,ERR,ERR,ERR,ERR,ERR,ERR,ERR,ERR,ERR,ERR,ERR,ERR,ERR,ERR,ERR,ERR,ERR,ERR,ERR,ERR,ERR,ERR,ERR,ERR,ERR,ERR,ERR,ERR,ERR,ERR,ERR,ERR,ERR,ERR,ERR,ERR,ERR,ERR,ERR,ERR,ERR,ERR,ERR,ERR,ERR,ERR,ERR,ERR,ERR,ERR,ERR,ERR,ERR,ERR,ERR,ERR,ERR,-0.0,0.0,3.039990997430017e+23,0.0,0.0,0.0,0.0,nan,0,0,0,32768,0,0.0,0,0.0,0.0,0.0,0.0,0.0,0,0,0,0,0.0,0,0,0,0,0,0,0,0,0,0,0,0,0,0,0,0,0,0,0,0,0,0,0,0,0,0,0,0,0,0,0,0,0,0,0,0,0,0,0,0,0,0,0,0,0.0,0.0,0.0,0.0,0.0,0.0,0.0,0.0,0.0,0.0,0.0,0.0,0.0,0.0,0.0,0.0,0.0,0.0,0.0,0.0,0.0,0.0,2.004,0.0,-2.004,0.0,0.0,0.0,0.0,0.0,3401.0,-2.004,0.0,-0.0,0.0,2.7184274988523002e+23,0.0,0.0,0.0,0.0,0.0,0,89221.016,0.0,0.0,0.0,0.0,0.0,0.0,0.0,0.0,0,0,0,0.0,0.0,0.0,0.0,0.0,0.0,0.0,0.0,0.0,0.0,0.0,0.0,0.0,0.0,0.0,0.0,0,-107875648.0,0,0.0,0,-107875648.0,-0.0,0,0,17040,39322,17054,13107,17038,0,0,0,110,100,100,-0.0,64.0,0.0,64.5,0.0,69.0,1,49,50,180,13107,0,0,0,0.0,0.0,0.0,0.0,7.6849248833056835e+37,65.0,0.0,0.0,0.0,646,0,690,0,0,0,720,0,793,0,711,0,690,0,645,0,643,0,614,0.032,55836672.0,-0.0,-0.0,47376,16787,7.6849248833056835e+37,0.0,-0.0,0.0,-0.0,2.536112561187717e+17,29.0,60.0,70,0.0,0.0,0.0,0.0,0.0,0.0,0.0,0.0,0.0,0.0,0.0,0.0,0.0,0.0,0.0,0.0,59.6,69,11,65508,41,65476,0,300,0,0,8,20529,65476,0,0,61604,60.0,0.0,0.0,0.0,0.0,0.0
2026-04-04T11:02:11,ERR,ERR,ERR,ERR,ERR,ERR,ERR,ERR,ERR,ERR,ERR,ERR,ERR,ERR,ERR,ERR,ERR,ERR,ERR,ERR,ERR,ERR,ERR,ERR,ERR,ERR,ERR,ERR,ERR,ERR,ERR,ERR,ERR,ERR,ERR,ERR,ERR,ERR,ERR,ERR,ERR,ERR,ERR,ERR,ERR,ERR,ERR,ERR,ERR,ERR,ERR,ERR,ERR,ERR,ERR,ERR,ERR,ERR,ERR,ERR,ERR,ERR,ERR,ERR,ERR,ERR,ERR,ERR,ERR,ERR,ERR,ERR,ERR,ERR,ERR,ERR,ERR,ERR,ERR,ERR,ERR,ERR,ERR,ERR,ERR,ERR,ERR,ERR,ERR,ERR,ERR,ERR,ERR,ERR,ERR,ERR,ERR,ERR,ERR,ERR,ERR,ERR,ERR,ERR,ERR,ERR,ERR,ERR,ERR,ERR,ERR,ERR,ERR,ERR,ERR,ERR,ERR,ERR,ERR,ERR,ERR,ERR,ERR,ERR,ERR,-0.0,0.0,3.039990997430017e+23,0.0,0.0,0.0,0.0,nan,0,0,0,32768,0,0.0,0,0.0,0.0,0.0,0.0,0.0,0,0,0,0,0.0,0,0,0,0,0,0,0,0,0,0,0,0,0,0,0,0,0,0,0,0,0,0,0,0,0,0,0,0,0,0,0,0,0,0,0,0,0,0,0,0,0,0,0,0,0.0,0.0,0.0,0.0,0.0,0.0,0.0,0.0,0.0,0.0,0.0,0.0,0.0,0.0,0.0,0.0,0.0,0.0,0.0,0.0,0.0,0.0,2.004,0.0,-2.004,0.0,0.0,0.0,0.0,0.0,3401.0,-2.004,0.0,-0.0,0.0,2.7184274988523002e+23,0.0,0.0,0.0,0.0,0.0,0,89221.016,0.0,0.0,0.0,0.0,0.0,0.0,0.0,0.0,0,0,0,0.0,0.0,0.0,0.0,0.0,0.0,0.0,0.0,0.0,0.0,0.0,0.0,0.0,0.0,0.0,0.0,0,-107875648.0,0,0.0,0,-107875648.0,-0.0,0,0,17040,39322,17054,13107,17038,0,0,0,110,100,100,-0.0,64.0,0.0,64.5,0.0,69.0,1,49,50,180,13107,0,0,0,0.0,0.0,0.0,0.0,7.6849248833056835e+37,65.0,0.0,0.0,0.0,646,0,690,0,0,0,720,0,793,0,711,0,690,0,645,0,643,0,614,0.032,55836672.0,-0.0,-0.0,47376,16787,7.6849248833056835e+37,0.0,-0.0,0.0,-0.0,2.536112561187717e+17,29.0,60.0,70,0.0,0.0,0.0,0.0,0.0,0.0,0.0,0.0,0.0,0.0,0.0,0.0,0.0,0.0,0.0,0.0,59.6,69,11,65508,41,65476,0,300,0,0,8,20529,65476,0,0,61604,60.0,0.0,0.0,0.0,0.0,0.0
2026-04-04T11:02:12,ERR,ERR,ERR,ERR,ERR,ERR,ERR,ERR,ERR,ERR,ERR,ERR,ERR,ERR,ERR,ERR,ERR,ERR,ERR,ERR,ERR,ERR,ERR,ERR,ERR,ERR,ERR,ERR,ERR,ERR,ERR,ERR,ERR,ERR,ERR,ERR,ERR,ERR,ERR,ERR,ERR,ERR,ERR,ERR,ERR,ERR,ERR,ERR,ERR,ERR,ERR,ERR,ERR,ERR,ERR,ERR,ERR,ERR,ERR,ERR,ERR,ERR,ERR,ERR,ERR,ERR,ERR,ERR,ERR,ERR,ERR,ERR,ERR,ERR,ERR,ERR,ERR,ERR,ERR,ERR,ERR,ERR,ERR,ERR,ERR,ERR,ERR,ERR,ERR,ERR,ERR,ERR,ERR,ERR,ERR,ERR,ERR,ERR,ERR,ERR,ERR,ERR,ERR,ERR,ERR,ERR,ERR,ERR,ERR,ERR,ERR,ERR,ERR,ERR,ERR,ERR,ERR,ERR,ERR,ERR,ERR,ERR,ERR,ERR,ERR,-0.0,0.0,3.039990997430017e+23,0.0,0.0,0.0,0.0,nan,0,0,0,32768,0,0.0,0,0.0,0.0,0.0,0.0,0.0,0,0,0,0,0.0,0,0,0,0,0,0,0,0,0,0,0,0,0,0,0,0,0,0,0,0,0,0,0,0,0,0,0,0,0,0,0,0,0,0,0,0,0,0,0,0,0,0,0,0,0.0,0.0,0.0,0.0,0.0,0.0,0.0,0.0,0.0,0.0,0.0,0.0,0.0,0.0,0.0,0.0,0.0,0.0,0.0,0.0,0.0,0.0,2.004,0.0,-2.004,0.0,0.0,0.0,0.0,0.0,3401.0,-2.004,0.0,-0.0,0.0,2.7184274988523002e+23,0.0,0.0,0.0,0.0,0.0,0,89221.016,0.0,0.0,0.0,0.0,0.0,0.0,0.0,0.0,0,0,0,0.0,0.0,0.0,0.0,0.0,0.0,0.0,0.0,0.0,0.0,0.0,0.0,0.0,0.0,0.0,0.0,0,-107875648.0,0,0.0,0,-107875648.0,-0.0,0,0,17040,39322,17054,13107,17038,0,0,0,110,100,100,-0.0,64.0,0.0,64.5,0.0,69.0,1,49,50,180,13107,0,0,0,0.0,0.0,0.0,0.0,7.6849248833056835e+37,65.0,0.0,0.0,0.0,646,0,690,0,0,0,720,0,793,0,711,0,690,0,645,0,643,0,614,0.032,55836672.0,-0.0,-0.0,47376,16787,7.6849248833056835e+37,0.0,-0.0,0.0,-0.0,2.536112561187717e+17,29.0,60.0,70,0.0,0.0,0.0,0.0,0.0,0.0,0.0,0.0,0.0,0.0,0.0,0.0,0.0,0.0,0.0,0.0,59.6,69,11,65508,41,65476,0,300,0,0,8,20529,65476,0,0,61604,60.0,0.0,0.0,0.0,0.0,0.0
2026-04-04T11:02:13,ERR,ERR,ERR,ERR,ERR,ERR,ERR,ERR,ERR,ERR,ERR,ERR,ERR,ERR,ERR,ERR,ERR,ERR,ERR,ERR,ERR,ERR,ERR,ERR,ERR,ERR,ERR,ERR,ERR,ERR,ERR,ERR,ERR,ERR,ERR,ERR,ERR,ERR,ERR,ERR,ERR,ERR,ERR,ERR,ERR,ERR,ERR,ERR,ERR,ERR,ERR,ERR,ERR,ERR,ERR,ERR,ERR,ERR,ERR,ERR,ERR,ERR,ERR,ERR,ERR,ERR,ERR,ERR,ERR,ERR,ERR,ERR,ERR,ERR,ERR,ERR,ERR,ERR,ERR,ERR,ERR,ERR,ERR,ERR,ERR,ERR,ERR,ERR,ERR,ERR,ERR,ERR,ERR,ERR,ERR,ERR,ERR,ERR,ERR,ERR,ERR,ERR,ERR,ERR,ERR,ERR,ERR,ERR,ERR,ERR,ERR,ERR,ERR,ERR,ERR,ERR,ERR,ERR,ERR,ERR,ERR,ERR,ERR,ERR,ERR,-0.0,0.0,3.039990997430017e+23,0.0,0.0,0.0,0.0,nan,0,0,0,32768,0,0.0,0,0.0,0.0,0.0,0.0,0.0,0,0,0,0,0.0,0,0,0,0,0,0,0,0,0,0,0,0,0,0,0,0,0,0,0,0,0,0,0,0,0,0,0,0,0,0,0,0,0,0,0,0,0,0,0,0,0,0,0,0,0.0,0.0,0.0,0.0,0.0,0.0,0.0,0.0,0.0,0.0,0.0,0.0,0.0,0.0,0.0,0.0,0.0,0.0,0.0,0.0,0.0,0.0,2.004,0.0,-2.004,0.0,0.0,0.0,0.0,0.0,3401.0,-2.004,0.0,-0.0,0.0,2.7184274988523002e+23,0.0,0.0,0.0,0.0,0.0,0,89221.016,0.0,0.0,0.0,0.0,0.0,0.0,0.0,0.0,0,0,0,0.0,0.0,0.0,0.0,0.0,0.0,0.0,0.0,0.0,0.0,0.0,0.0,0.0,0.0,0.0,0.0,0,-107875648.0,0,0.0,0,-107875648.0,-0.0,0,0,17040,39322,17054,13107,17038,0,0,0,110,100,100,-0.0,64.0,0.0,64.5,0.0,69.0,1,49,50,180,13107,0,0,0,0.0,0.0,0.0,0.0,7.6849248833056835e+37,65.0,0.0,0.0,0.0,646,0,690,0,0,0,720,0,793,0,711,0,690,0,645,0,643,0,614,0.032,55836672.0,-0.0,-0.0,47376,16787,7.6849248833056835e+37,0.0,-0.0,0.0,-0.0,2.536112561187717e+17,29.0,60.0,70,0.0,0.0,0.0,0.0,0.0,0.0,0.0,0.0,0.0,0.0,0.0,0.0,0.0,0.0,0.0,0.0,59.2,69,11,65508,41,65476,0,300,0,0,8,20529,65476,0,0,61604,60.0,0.0,0.0,0.0,0.0,0.0
2026-04-04T11:02:14,ERR,ERR,ERR,ERR,ERR,ERR,ERR,ERR,ERR,ERR,ERR,ERR,ERR,ERR,ERR,ERR,ERR,ERR,ERR,ERR,ERR,ERR,ERR,ERR,ERR,ERR,ERR,ERR,ERR,ERR,ERR,ERR,ERR,ERR,ERR,ERR,ERR,ERR,ERR,ERR,ERR,ERR,ERR,ERR,ERR,ERR,ERR,ERR,ERR,ERR,ERR,ERR,ERR,ERR,ERR,ERR,ERR,ERR,ERR,ERR,ERR,ERR,ERR,ERR,ERR,ERR,ERR,ERR,ERR,ERR,ERR,ERR,ERR,ERR,ERR,ERR,ERR,ERR,ERR,ERR,ERR,ERR,ERR,ERR,ERR,ERR,ERR,ERR,ERR,ERR,ERR,ERR,ERR,ERR,ERR,ERR,ERR,ERR,ERR,ERR,ERR,ERR,ERR,ERR,ERR,ERR,ERR,ERR,ERR,ERR,ERR,ERR,ERR,ERR,ERR,ERR,ERR,ERR,ERR,ERR,ERR,ERR,ERR,ERR,ERR,-0.0,0.0,3.039990997430017e+23,0.0,0.0,0.0,0.0,nan,0,0,0,32768,0,0.0,0,0.0,0.0,0.0,0.0,0.0,0,0,0,0,0.0,0,0,0,0,0,0,0,0,0,0,0,0,0,0,0,0,0,0,0,0,0,0,0,0,0,0,0,0,0,0,0,0,0,0,0,0,0,0,0,0,0,0,0,0,0.0,0.0,0.0,0.0,0.0,0.0,0.0,0.0,0.0,0.0,0.0,0.0,0.0,0.0,0.0,0.0,0.0,0.0,0.0,0.0,0.0,0.0,2.004,0.0,-2.004,0.0,0.0,0.0,0.0,0.0,3401.0,-2.004,0.0,-0.0,0.0,2.7184274988523002e+23,0.0,0.0,0.0,0.0,0.0,0,89221.016,0.0,0.0,0.0,0.0,0.0,0.0,0.0,0.0,0,0,0,0.0,0.0,0.0,0.0,0.0,0.0,0.0,0.0,0.0,0.0,0.0,0.0,0.0,0.0,0.0,0.0,0,-107875648.0,0,0.0,0,-107875648.0,-0.0,0,0,17040,39322,17054,13107,17038,0,0,0,110,100,100,-0.0,64.0,0.0,64.5,0.0,69.0,1,49,50,180,13107,0,0,0,0.0,0.0,0.0,0.0,7.6849248833056835e+37,65.0,0.0,0.0,0.0,646,0,690,0,0,0,720,0,793,0,711,0,690,0,645,0,643,0,614,0.032,55836672.0,-0.0,-0.0,47376,16787,7.6849248833056835e+37,0.0,-0.0,0.0,-0.0,2.536112561187717e+17,29.0,60.0,70,0.0,0.0,0.0,0.0,0.0,0.0,0.0,0.0,0.0,0.0,0.0,0.0,0.0,0.0,0.0,0.0,59.2,69,11,65508,41,65476,0,300,0,0,8,20529,65476,0,0,61604,60.0,0.0,0.0,0.0,0.0,0.0
2026-04-04T11:02:15,ERR,ERR,ERR,ERR,ERR,ERR,ERR,ERR,ERR,ERR,ERR,ERR,ERR,ERR,ERR,ERR,ERR,ERR,ERR,ERR,ERR,ERR,ERR,ERR,ERR,ERR,ERR,ERR,ERR,ERR,ERR,ERR,ERR,ERR,ERR,ERR,ERR,ERR,ERR,ERR,ERR,ERR,ERR,ERR,ERR,ERR,ERR,ERR,ERR,ERR,ERR,ERR,ERR,ERR,ERR,ERR,ERR,ERR,ERR,ERR,ERR,ERR,ERR,ERR,ERR,ERR,ERR,ERR,ERR,ERR,ERR,ERR,ERR,ERR,ERR,ERR,ERR,ERR,ERR,ERR,ERR,ERR,ERR,ERR,ERR,ERR,ERR,ERR,ERR,ERR,ERR,ERR,ERR,ERR,ERR,ERR,ERR,ERR,ERR,ERR,ERR,ERR,ERR,ERR,ERR,ERR,ERR,ERR,ERR,ERR,ERR,ERR,ERR,ERR,ERR,ERR,ERR,ERR,ERR,ERR,ERR,ERR,ERR,ERR,ERR,-0.0,0.0,3.039990997430017e+23,0.0,0.0,0.0,0.0,nan,0,0,0,32768,0,0.0,0,0.0,0.0,0.0,0.0,0.0,0,0,0,0,0.0,0,0,0,0,0,0,0,0,0,0,0,0,0,0,0,0,0,0,0,0,0,0,0,0,0,0,0,0,0,0,0,0,0,0,0,0,0,0,0,0,0,0,0,0,0.0,0.0,0.0,0.0,0.0,0.0,0.0,0.0,0.0,0.0,0.0,0.0,0.0,0.0,0.0,0.0,0.0,0.0,0.0,0.0,0.0,0.0,2.004,0.0,-2.004,0.0,0.0,0.0,0.0,0.0,3401.0,-2.004,0.0,-0.0,0.0,2.7184274988523002e+23,0.0,0.0,0.0,0.0,0.0,0,89221.016,0.0,0.0,0.0,0.0,0.0,0.0,0.0,0.0,0,0,0,0.0,0.0,0.0,0.0,0.0,0.0,0.0,0.0,0.0,0.0,0.0,0.0,0.0,0.0,0.0,0.0,0,-107875648.0,0,0.0,0,-107875648.0,-0.0,0,0,17040,39322,17054,13107,17038,0,0,0,110,100,100,-0.0,64.0,0.0,64.5,0.0,69.0,1,49,50,180,13107,0,0,0,0.0,0.0,0.0,0.0,2.2090053517578805e+32,65.0,0.0,0.0,0.0,646,0,690,0,0,0,720,0,793,0,711,0,690,0,645,0,643,0,614,0.032,55836672.0,-0.0,-0.0,34960,16787,2.3082971643966043e+34,0.0,9.683614612145014e+26,-0.0,-0.0,179.252,29.0,60.0,70,0.0,0.0,0.0,0.0,0.0,0.0,0.0,0.0,0.0,0.0,0.0,0.0,0.0,0.0,0.0,0.0,59.6,69,11,65508,41,65476,0,300,0,0,8,20529,65476,0,0,61604,60.0,0.0,0.0,0.0,0.0,0.0
2026-04-04T11:02:16,ERR,ERR,ERR,ERR,ERR,ERR,ERR,ERR,ERR,ERR,ERR,ERR,ERR,ERR,ERR,ERR,ERR,ERR,ERR,ERR,ERR,ERR,ERR,ERR,ERR,ERR,ERR,ERR,ERR,ERR,ERR,ERR,ERR,ERR,ERR,ERR,ERR,ERR,ERR,ERR,ERR,ERR,ERR,ERR,ERR,ERR,ERR,ERR,ERR,ERR,ERR,ERR,ERR,ERR,ERR,ERR,ERR,ERR,ERR,ERR,ERR,ERR,ERR,ERR,ERR,ERR,ERR,ERR,ERR,ERR,ERR,ERR,ERR,ERR,ERR,ERR,ERR,ERR,ERR,ERR,ERR,ERR,ERR,ERR,ERR,ERR,ERR,ERR,ERR,ERR,ERR,ERR,ERR,ERR,ERR,ERR,ERR,ERR,ERR,ERR,ERR,ERR,ERR,ERR,ERR,ERR,ERR,ERR,ERR,ERR,ERR,ERR,ERR,ERR,ERR,ERR,ERR,ERR,ERR,ERR,ERR,ERR,ERR,ERR,ERR,-0.0,0.0,3.039990997430017e+23,0.0,0.0,0.0,0.0,nan,0,0,0,32768,0,0.0,0,0.0,0.0,0.0,0.0,0.0,0,0,0,0,0.0,0,0,0,0,0,0,0,0,0,0,0,0,0,0,0,0,0,0,0,0,0,0,0,0,0,0,0,0,0,0,0,0,0,0,0,0,0,0,0,0,0,0,0,0,0.0,0.0,0.0,0.0,0.0,0.0,0.0,0.0,0.0,0.0,0.0,0.0,0.0,0.0,0.0,0.0,0.0,0.0,0.0,0.0,0.0,0.0,2.004,0.0,-2.004,0.0,0.0,0.0,0.0,0.0,3401.0,-2.004,0.0,-0.0,0.0,2.7184274988523002e+23,0.0,0.0,0.0,0.0,0.0,0,89221.016,0.0,0.0,0.0,0.0,0.0,0.0,0.0,0.0,0,0,0,0.0,0.0,0.0,0.0,0.0,0.0,0.0,0.0,0.0,0.0,0.0,0.0,0.0,0.0,0.0,0.0,0,-107875648.0,0,0.0,0,-107875648.0,-0.0,0,0,17040,39322,17054,13107,17038,0,0,0,110,100,100,-0.0,64.0,0.0,64.5,0.0,69.0,1,49,50,180,13107,0,0,0,0.0,0.0,0.0,0.0,2.2090053517578805e+32,65.0,0.0,0.0,0.0,646,0,690,0,0,0,720,0,793,0,711,0,690,0,645,0,643,0,614,0.032,55836672.0,-0.0,-0.0,34960,16787,2.3082971643966043e+34,0.0,9.683614612145014e+26,-0.0,-0.0,179.252,29.0,60.0,70,0.0,0.0,0.0,0.0,0.0,0.0,0.0,0.0,0.0,0.0,0.0,0.0,0.0,0.0,0.0,0.0,59.6,69,11,65508,41,65476,0,300,0,0,8,20529,65476,0,0,61604,60.0,0.0,0.0,0.0,0.0,0.0
2026-04-04T11:02:17,ERR,ERR,ERR,ERR,ERR,ERR,ERR,ERR,ERR,ERR,ERR,ERR,ERR,ERR,ERR,ERR,ERR,ERR,ERR,ERR,ERR,ERR,ERR,ERR,ERR,ERR,ERR,ERR,ERR,ERR,ERR,ERR,ERR,ERR,ERR,ERR,ERR,ERR,ERR,ERR,ERR,ERR,ERR,ERR,ERR,ERR,ERR,ERR,ERR,ERR,ERR,ERR,ERR,ERR,ERR,ERR,ERR,ERR,ERR,ERR,ERR,ERR,ERR,ERR,ERR,ERR,ERR,ERR,ERR,ERR,ERR,ERR,ERR,ERR,ERR,ERR,ERR,ERR,ERR,ERR,ERR,ERR,ERR,ERR,ERR,ERR,ERR,ERR,ERR,ERR,ERR,ERR,ERR,ERR,ERR,ERR,ERR,ERR,ERR,ERR,ERR,ERR,ERR,ERR,ERR,ERR,ERR,ERR,ERR,ERR,ERR,ERR,ERR,ERR,ERR,ERR,ERR,ERR,ERR,ERR,ERR,ERR,ERR,ERR,ERR,-0.0,0.0,3.039990997430017e+23,0.0,0.0,0.0,0.0,nan,0,0,0,32768,0,0.0,0,0.0,0.0,0.0,0.0,0.0,0,0,0,0,0.0,0,0,0,0,0,0,0,0,0,0,0,0,0,0,0,0,0,0,0,0,0,0,0,0,0,0,0,0,0,0,0,0,0,0,0,0,0,0,0,0,0,0,0,0,0.0,0.0,0.0,0.0,0.0,0.0,0.0,0.0,0.0,0.0,0.0,0.0,0.0,0.0,0.0,0.0,0.0,0.0,0.0,0.0,0.0,0.0,2.004,0.0,-2.004,0.0,0.0,0.0,0.0,0.0,3401.0,-2.004,0.0,-0.0,0.0,2.7184274988523002e+23,0.0,0.0,0.0,0.0,0.0,0,89221.016,0.0,0.0,0.0,0.0,0.0,0.0,0.0,0.0,0,0,0,0.0,0.0,0.0,0.0,0.0,0.0,0.0,0.0,0.0,0.0,0.0,0.0,0.0,0.0,0.0,0.0,0,-107875648.0,0,0.0,0,-107875648.0,-0.0,0,0,17040,39322,17054,13107,17038,0,0,0,110,100,100,-0.0,64.0,0.0,64.5,0.0,69.0,1,49,50,180,13107,0,0,0,0.0,0.0,0.0,0.0,2.2090053517578805e+32,65.0,0.0,0.0,0.0,646,0,690,0,0,0,720,0,793,0,711,0,690,0,645,0,643,0,614,0.032,55836672.0,-0.0,-0.0,34960,16787,2.3082971643966043e+34,0.0,9.683614612145014e+26,-0.0,-0.0,179.252,29.0,60.0,70,0.0,0.0,0.0,0.0,0.0,0.0,0.0,0.0,0.0,0.0,0.0,0.0,0.0,0.0,0.0,0.0,59.6,69,11,65508,41,65476,0,300,0,0,8,20529,65476,0,0,61604,60.0,0.0,0.0,0.0,0.0,0.0
2026-04-04T11:02:18,ERR,ERR,ERR,ERR,ERR,ERR,ERR,ERR,ERR,ERR,ERR,ERR,ERR,ERR,ERR,ERR,ERR,ERR,ERR,ERR,ERR,ERR,ERR,ERR,ERR,ERR,ERR,ERR,ERR,ERR,ERR,ERR,ERR,ERR,ERR,ERR,ERR,ERR,ERR,ERR,ERR,ERR,ERR,ERR,ERR,ERR,ERR,ERR,ERR,ERR,ERR,ERR,ERR,ERR,ERR,ERR,ERR,ERR,ERR,ERR,ERR,ERR,ERR,ERR,ERR,ERR,ERR,ERR,ERR,ERR,ERR,ERR,ERR,ERR,ERR,ERR,ERR,ERR,ERR,ERR,ERR,ERR,ERR,ERR,ERR,ERR,ERR,ERR,ERR,ERR,ERR,ERR,ERR,ERR,ERR,ERR,ERR,ERR,ERR,ERR,ERR,ERR,ERR,ERR,ERR,ERR,ERR,ERR,ERR,ERR,ERR,ERR,ERR,ERR,ERR,ERR,ERR,ERR,ERR,ERR,ERR,ERR,ERR,ERR,ERR,-0.0,0.0,3.039990997430017e+23,0.0,0.0,0.0,0.0,nan,0,0,0,32768,0,0.0,0,0.0,0.0,0.0,0.0,0.0,0,0,0,0,0.0,0,0,0,0,0,0,0,0,0,0,0,0,0,0,0,0,0,0,0,0,0,0,0,0,0,0,0,0,0,0,0,0,0,0,0,0,0,0,0,0,0,0,0,0,0.0,0.0,0.0,0.0,0.0,0.0,0.0,0.0,0.0,0.0,0.0,0.0,0.0,0.0,0.0,0.0,0.0,0.0,0.0,0.0,0.0,0.0,2.004,0.0,-2.004,0.0,0.0,0.0,0.0,0.0,3402.0,-0.0,0.0,-0.0,0.0,2.7184274988523002e+23,0.0,0.0,0.0,0.0,0.0,0,107615248.0,0.0,0.0,0.0,0.0,0.0,0.0,0.0,0.0,0,0,0,0.0,0.0,0.0,0.0,0.0,0.0,0.0,0.0,0.0,0.0,0.0,0.0,0.0,0.0,0.0,0.0,0,-107875648.0,0,0.0,0,-107875648.0,-0.0,0,0,17040,39322,17054,13107,17038,0,0,0,110,100,100,-0.0,64.0,0.0,64.5,0.0,69.0,1,49,50,180,13107,0,0,0,0.0,0.0,0.0,0.0,2.2090053517578805e+32,65.0,0.0,0.0,0.0,646,0,690,0,0,0,720,0,793,0,711,0,690,0,645,0,643,0,614,0.032,55836672.0,-0.0,-0.0,34960,16787,2.3082971643966043e+34,0.0,9.683614612145014e+26,-0.0,-0.0,179.252,29.0,60.0,70,0.0,0.0,0.0,0.0,0.0,0.0,0.0,0.0,0.0,0.0,0.0,0.0,0.0,0.0,0.0,0.0,59.6,69,11,65508,41,65476,0,300,0,0,8,20529,65476,0,0,61604,60.0,0.0,0.0,0.0,0.0,0.0
2026-04-04T11:02:19,ERR,ERR,ERR,ERR,ERR,ERR,ERR,ERR,ERR,ERR,ERR,ERR,ERR,ERR,ERR,ERR,ERR,ERR,ERR,ERR,ERR,ERR,ERR,ERR,ERR,ERR,ERR,ERR,ERR,ERR,ERR,ERR,ERR,ERR,ERR,ERR,ERR,ERR,ERR,ERR,ERR,ERR,ERR,ERR,ERR,ERR,ERR,ERR,ERR,ERR,ERR,ERR,ERR,ERR,ERR,ERR,ERR,ERR,ERR,ERR,ERR,ERR,ERR,ERR,ERR,ERR,ERR,ERR,ERR,ERR,ERR,ERR,ERR,ERR,ERR,ERR,ERR,ERR,ERR,ERR,ERR,ERR,ERR,ERR,ERR,ERR,ERR,ERR,ERR,ERR,ERR,ERR,ERR,ERR,ERR,ERR,ERR,ERR,ERR,ERR,ERR,ERR,ERR,ERR,ERR,ERR,ERR,ERR,ERR,ERR,ERR,ERR,ERR,ERR,ERR,ERR,ERR,ERR,ERR,ERR,ERR,ERR,ERR,ERR,ERR,-0.0,0.0,3.039990997430017e+23,0.0,0.0,0.0,0.0,nan,0,0,0,32768,0,0.0,0,0.0,0.0,0.0,0.0,0.0,0,0,0,0,0.0,0,0,0,0,0,0,0,0,0,0,0,0,0,0,0,0,0,0,0,0,0,0,0,0,0,0,0,0,0,0,0,0,0,0,0,0,0,0,0,0,0,0,0,0,0.0,0.0,0.0,0.0,0.0,0.0,0.0,0.0,0.0,0.0,0.0,0.0,0.0,0.0,0.0,0.0,0.0,0.0,0.0,0.0,0.0,0.0,2.004,0.0,-2.004,0.0,0.0,0.0,0.0,0.0,3402.0,-0.0,0.0,-0.0,0.0,2.7184274988523002e+23,0.0,0.0,0.0,0.0,0.0,0,107615248.0,0.0,0.0,0.0,0.0,0.0,0.0,0.0,0.0,0,0,0,0.0,0.0,0.0,0.0,0.0,0.0,0.0,0.0,0.0,0.0,0.0,0.0,0.0,0.0,0.0,0.0,0,-107875648.0,0,0.0,0,-107875648.0,-0.0,0,0,17040,39322,17054,13107,17038,0,0,0,110,100,100,-0.0,64.0,0.0,64.5,0.0,69.0,1,49,50,180,13107,0,0,0,0.0,0.0,0.0,0.0,2.2090053517578805e+32,65.0,0.0,0.0,0.0,646,0,690,0,0,0,720,0,793,0,711,0,690,0,645,0,643,0,614,0.032,55836672.0,-0.0,-0.0,34960,16787,2.3082971643966043e+34,0.0,9.683614612145014e+26,-0.0,-0.0,179.252,29.0,60.0,70,0.0,0.0,0.0,0.0,0.0,0.0,0.0,0.0,0.0,0.0,0.0,0.0,0.0,0.0,0.0,0.0,59.6,69,11,65508,41,65476,0,300,0,0,8,20529,65476,0,0,61604,60.0,0.0,0.0,0.0,0.0,0.0
2026-04-04T11:02:20,ERR,ERR,ERR,ERR,ERR,ERR,ERR,ERR,ERR,ERR,ERR,ERR,ERR,ERR,ERR,ERR,ERR,ERR,ERR,ERR,ERR,ERR,ERR,ERR,ERR,ERR,ERR,ERR,ERR,ERR,ERR,ERR,ERR,ERR,ERR,ERR,ERR,ERR,ERR,ERR,ERR,ERR,ERR,ERR,ERR,ERR,ERR,ERR,ERR,ERR,ERR,ERR,ERR,ERR,ERR,ERR,ERR,ERR,ERR,ERR,ERR,ERR,ERR,ERR,ERR,ERR,ERR,ERR,ERR,ERR,ERR,ERR,ERR,ERR,ERR,ERR,ERR,ERR,ERR,ERR,ERR,ERR,ERR,ERR,ERR,ERR,ERR,ERR,ERR,ERR,ERR,ERR,ERR,ERR,ERR,ERR,ERR,ERR,ERR,ERR,ERR,ERR,ERR,ERR,ERR,ERR,ERR,ERR,ERR,ERR,ERR,ERR,ERR,ERR,ERR,ERR,ERR,ERR,ERR,ERR,ERR,ERR,ERR,ERR,ERR,-0.0,0.0,3.039990997430017e+23,0.0,0.0,0.0,0.0,nan,0,0,0,32768,0,0.0,0,0.0,0.0,0.0,0.0,0.0,0,0,0,0,0.0,0,0,0,0,0,0,0,0,0,0,0,0,0,0,0,0,0,0,0,0,0,0,0,0,0,0,0,0,0,0,0,0,0,0,0,0,0,0,0,0,0,0,0,0,0.0,0.0,0.0,0.0,0.0,0.0,0.0,0.0,0.0,0.0,0.0,0.0,0.0,0.0,0.0,0.0,0.0,0.0,0.0,0.0,0.0,0.0,2.004,0.0,-2.004,0.0,0.0,0.0,0.0,0.0,3402.0,-0.0,0.0,-0.0,0.0,2.7184274988523002e+23,0.0,0.0,0.0,0.0,0.0,0,107615248.0,0.0,0.0,0.0,0.0,0.0,0.0,0.0,0.0,0,0,0,0.0,0.0,0.0,0.0,0.0,0.0,0.0,0.0,0.0,0.0,0.0,0.0,0.0,0.0,0.0,0.0,0,-107875648.0,0,0.0,0,-107875648.0,-0.0,0,0,17040,39322,17054,13107,17038,0,0,0,110,100,100,-0.0,64.0,0.0,64.5,0.0,69.0,1,49,50,180,13107,0,0,0,0.0,0.0,0.0,0.0,2.2090053517578805e+32,65.0,0.0,0.0,0.0,646,0,690,0,0,0,720,0,793,0,711,0,690,0,645,0,643,0,614,0.032,55836672.0,-0.0,-0.0,34960,16787,2.3082971643966043e+34,0.0,9.683614612145014e+26,-0.0,-0.0,179.252,29.0,60.0,70,0.0,0.0,0.0,0.0,0.0,0.0,0.0,0.0,0.0,0.0,0.0,0.0,0.0,0.0,0.0,0.0,59.6,69,11,65508,41,65476,0,300,0,0,8,20529,65476,0,0,61604,60.0,0.0,0.0,0.0,0.0,0.0
2026-04-04T11:02:21,ERR,ERR,ERR,ERR,ERR,ERR,ERR,ERR,ERR,ERR,ERR,ERR,ERR,ERR,ERR,ERR,ERR,ERR,ERR,ERR,ERR,ERR,ERR,ERR,ERR,ERR,ERR,ERR,ERR,ERR,ERR,ERR,ERR,ERR,ERR,ERR,ERR,ERR,ERR,ERR,ERR,ERR,ERR,ERR,ERR,ERR,ERR,ERR,ERR,ERR,ERR,ERR,ERR,ERR,ERR,ERR,ERR,ERR,ERR,ERR,ERR,ERR,ERR,ERR,ERR,ERR,ERR,ERR,ERR,ERR,ERR,ERR,ERR,ERR,ERR,ERR,ERR,ERR,ERR,ERR,ERR,ERR,ERR,ERR,ERR,ERR,ERR,ERR,ERR,ERR,ERR,ERR,ERR,ERR,ERR,ERR,ERR,ERR,ERR,ERR,ERR,ERR,ERR,ERR,ERR,ERR,ERR,ERR,ERR,ERR,ERR,ERR,ERR,ERR,ERR,ERR,ERR,ERR,ERR,ERR,ERR,ERR,ERR,ERR,ERR,-0.0,0.0,3.039990997430017e+23,0.0,0.0,0.0,0.0,nan,0,0,0,32768,0,0.0,0,0.0,0.0,0.0,0.0,0.0,0,0,0,0,0.0,0,0,0,0,0,0,0,0,0,0,0,0,0,0,0,0,0,0,0,0,0,0,0,0,0,0,0,0,0,0,0,0,0,0,0,0,0,0,0,0,0,0,0,0,0.0,0.0,0.0,0.0,0.0,0.0,0.0,0.0,0.0,0.0,0.0,0.0,0.0,0.0,0.0,0.0,0.0,0.0,0.0,0.0,0.0,0.0,2.004,0.0,-2.004,0.0,0.0,0.0,0.0,0.0,3402.0,-0.0,0.0,-0.0,0.0,2.7184274988523002e+23,0.0,0.0,0.0,0.0,0.0,0,107615248.0,0.0,0.0,0.0,0.0,0.0,0.0,0.0,0.0,0,0,0,0.0,0.0,0.0,0.0,0.0,0.0,0.0,0.0,0.0,0.0,0.0,0.0,0.0,0.0,0.0,0.0,0,-107875648.0,0,0.0,0,-107875648.0,-0.0,0,0,17040,39322,17054,13107,17038,0,0,0,110,100,100,-0.0,64.0,0.0,64.5,0.0,69.0,1,49,50,180,13107,0,0,0,0.0,0.0,0.0,0.0,2.5855394159152595e+20,65.0,0.0,0.0,0.0,646,0,690,0,0,0,720,0,793,0,711,0,690,0,645,0,643,0,614,0.032,55836672.0,-0.0,-0.0,47888,16787,1.8434458837304366e+28,0.0,166.252,-8.430675170567809e+19,2.210751844953572e+23,0.0,29.0,60.0,70,0.0,0.0,0.0,0.0,0.0,0.0,0.0,0.0,0.0,0.0,0.0,0.0,0.0,0.0,0.0,0.0,59.2,69,11,65508,41,65476,0,300,0,0,8,20529,65476,0,0,61604,60.0,0.0,0.0,0.0,0.0,0.0
2026-04-04T11:02:22,ERR,ERR,ERR,ERR,ERR,ERR,ERR,ERR,ERR,ERR,ERR,ERR,ERR,ERR,ERR,ERR,ERR,ERR,ERR,ERR,ERR,ERR,ERR,ERR,ERR,ERR,ERR,ERR,ERR,ERR,ERR,ERR,ERR,ERR,ERR,ERR,ERR,ERR,ERR,ERR,ERR,ERR,ERR,ERR,ERR,ERR,ERR,ERR,ERR,ERR,ERR,ERR,ERR,ERR,ERR,ERR,ERR,ERR,ERR,ERR,ERR,ERR,ERR,ERR,ERR,ERR,ERR,ERR,ERR,ERR,ERR,ERR,ERR,ERR,ERR,ERR,ERR,ERR,ERR,ERR,ERR,ERR,ERR,ERR,ERR,ERR,ERR,ERR,ERR,ERR,ERR,ERR,ERR,ERR,ERR,ERR,ERR,ERR,ERR,ERR,ERR,ERR,ERR,ERR,ERR,ERR,ERR,ERR,ERR,ERR,ERR,ERR,ERR,ERR,ERR,ERR,ERR,ERR,ERR,ERR,ERR,ERR,ERR,ERR,ERR,-0.0,0.0,3.039990997430017e+23,0.0,0.0,0.0,0.0,nan,0,0,0,32768,0,0.0,0,0.0,0.0,0.0,0.0,0.0,0,0,0,0,0.0,0,0,0,0,0,0,0,0,0,0,0,0,0,0,0,0,0,0,0,0,0,0,0,0,0,0,0,0,0,0,0,0,0,0,0,0,0,0,0,0,0,0,0,0,0.0,0.0,0.0,0.0,0.0,0.0,0.0,0.0,0.0,0.0,0.0,0.0,0.0,0.0,0.0,0.0,0.0,0.0,0.0,0.0,0.0,0.0,2.004,0.0,-2.004,0.0,0.0,0.0,0.0,0.0,3402.0,-0.0,0.0,-0.0,0.0,2.7184274988523002e+23,0.0,0.0,0.0,0.0,0.0,0,107615248.0,0.0,0.0,0.0,0.0,0.0,0.0,0.0,0.0,0,0,0,0.0,0.0,0.0,0.0,0.0,0.0,0.0,0.0,0.0,0.0,0.0,0.0,0.0,0.0,0.0,0.0,0,-107875648.0,0,0.0,0,-107875648.0,-0.0,0,0,17040,39322,17054,13107,17038,0,0,0,110,100,100,-0.0,64.0,0.0,64.5,0.0,69.0,1,49,50,180,13107,0,0,0,0.0,0.0,0.0,0.0,2.5855394159152595e+20,65.0,0.0,0.0,0.0,646,0,690,0,0,0,720,0,793,0,711,0,690,0,645,0,643,0,614,0.032,55836672.0,-0.0,-0.0,47888,16787,1.8434458837304366e+28,0.0,166.252,-8.430675170567809e+19,2.210751844953572e+23,0.0,29.0,60.0,70,0.0,0.0,0.0,0.0,0.0,0.0,0.0,0.0,0.0,0.0,0.0,0.0,0.0,0.0,0.0,0.0,59.2,69,11,65508,41,65476,0,300,0,0,8,20529,65476,0,0,61604,60.0,0.0,0.0,0.0,0.0,0.0
2026-04-04T11:02:23,ERR,ERR,ERR,ERR,ERR,ERR,ERR,ERR,ERR,ERR,ERR,ERR,ERR,ERR,ERR,ERR,ERR,ERR,ERR,ERR,ERR,ERR,ERR,ERR,ERR,ERR,ERR,ERR,ERR,ERR,ERR,ERR,ERR,ERR,ERR,ERR,ERR,ERR,ERR,ERR,ERR,ERR,ERR,ERR,ERR,ERR,ERR,ERR,ERR,ERR,ERR,ERR,ERR,ERR,ERR,ERR,ERR,ERR,ERR,ERR,ERR,ERR,ERR,ERR,ERR,ERR,ERR,ERR,ERR,ERR,ERR,ERR,ERR,ERR,ERR,ERR,ERR,ERR,ERR,ERR,ERR,ERR,ERR,ERR,ERR,ERR,ERR,ERR,ERR,ERR,ERR,ERR,ERR,ERR,ERR,ERR,ERR,ERR,ERR,ERR,ERR,ERR,ERR,ERR,ERR,ERR,ERR,ERR,ERR,ERR,ERR,ERR,ERR,ERR,ERR,ERR,ERR,ERR,ERR,ERR,ERR,ERR,ERR,ERR,ERR,-0.0,0.0,3.039990997430017e+23,0.0,0.0,0.0,0.0,nan,0,0,0,32768,0,0.0,0,0.0,0.0,0.0,0.0,0.0,0,0,0,0,0.0,0,0,0,0,0,0,0,0,0,0,0,0,0,0,0,0,0,0,0,0,0,0,0,0,0,0,0,0,0,0,0,0,0,0,0,0,0,0,0,0,0,0,0,0,0.0,0.0,0.0,0.0,0.0,0.0,0.0,0.0,0.0,0.0,0.0,0.0,0.0,0.0,0.0,0.0,0.0,0.0,0.0,0.0,0.0,0.0,2.004,0.0,-2.004,0.0,0.0,0.0,0.0,0.0,3402.0,-0.0,0.0,-0.0,0.0,2.7184274988523002e+23,0.0,0.0,0.0,0.0,0.0,0,107615248.0,0.0,0.0,0.0,0.0,0.0,0.0,0.0,0.0,0,0,0,0.0,0.0,0.0,0.0,0.0,0.0,0.0,0.0,0.0,0.0,0.0,0.0,0.0,0.0,0.0,0.0,0,-107875648.0,0,0.0,0,-107875648.0,-0.0,0,0,17040,39322,17054,13107,17038,0,0,0,110,100,100,-0.0,64.0,0.0,64.5,0.0,69.0,1,49,50,180,13107,0,0,0,0.0,0.0,0.0,0.0,2.5855394159152595e+20,65.0,0.0,0.0,0.0,646,0,690,0,0,0,720,0,793,0,711,0,690,0,645,0,643,0,614,0.032,55836672.0,-0.0,-0.0,47888,16787,1.8434458837304366e+28,0.0,166.252,-8.430675170567809e+19,2.210751844953572e+23,0.0,29.0,60.0,70,0.0,0.0,0.0,0.0,0.0,0.0,0.0,0.0,0.0,0.0,0.0,0.0,0.0,0.0,0.0,0.0,59.2,69,11,65508,41,65476,0,300,0,0,8,20529,65476,0,0,61604,60.0,0.0,0.0,0.0,0.0,0.0
2026-04-04T11:02:24,ERR,ERR,ERR,ERR,ERR,ERR,ERR,ERR,ERR,ERR,ERR,ERR,ERR,ERR,ERR,ERR,ERR,ERR,ERR,ERR,ERR,ERR,ERR,ERR,ERR,ERR,ERR,ERR,ERR,ERR,ERR,ERR,ERR,ERR,ERR,ERR,ERR,ERR,ERR,ERR,ERR,ERR,ERR,ERR,ERR,ERR,ERR,ERR,ERR,ERR,ERR,ERR,ERR,ERR,ERR,ERR,ERR,ERR,ERR,ERR,ERR,ERR,ERR,ERR,ERR,ERR,ERR,ERR,ERR,ERR,ERR,ERR,ERR,ERR,ERR,ERR,ERR,ERR,ERR,ERR,ERR,ERR,ERR,ERR,ERR,ERR,ERR,ERR,ERR,ERR,ERR,ERR,ERR,ERR,ERR,ERR,ERR,ERR,ERR,ERR,ERR,ERR,ERR,ERR,ERR,ERR,ERR,ERR,ERR,ERR,ERR,ERR,ERR,ERR,ERR,ERR,ERR,ERR,ERR,ERR,ERR,ERR,ERR,ERR,ERR,-0.0,0.0,3.039990997430017e+23,0.0,0.0,0.0,0.0,nan,0,0,0,32768,0,0.0,0,0.0,0.0,0.0,0.0,0.0,0,0,0,0,0.0,0,0,0,0,0,0,0,0,0,0,0,0,0,0,0,0,0,0,0,0,0,0,0,0,0,0,0,0,0,0,0,0,0,0,0,0,0,0,0,0,0,0,0,0,0.0,0.0,0.0,0.0,0.0,0.0,0.0,0.0,0.0,0.0,0.0,0.0,0.0,0.0,0.0,0.0,0.0,0.0,0.0,0.0,0.0,0.0,2.004,0.0,-2.004,0.0,0.0,0.0,0.0,0.0,3402.0,-0.0,0.0,-0.0,0.0,2.7184274988523002e+23,0.0,0.0,0.0,0.0,0.0,0,107615248.0,0.0,0.0,0.0,0.0,0.0,0.0,0.0,0.0,0,0,0,0.0,0.0,0.0,0.0,0.0,0.0,0.0,0.0,0.0,0.0,0.0,0.0,0.0,0.0,0.0,0.0,0,-107875648.0,0,0.0,0,-107875648.0,-0.0,0,0,17040,39322,17054,13107,17038,0,0,0,110,100,100,-0.0,64.0,0.0,64.5,0.0,69.0,1,49,50,180,13107,0,0,0,0.0,0.0,0.0,0.0,2.5855394159152595e+20,65.0,0.0,0.0,0.0,646,0,690,0,0,0,720,0,793,0,711,0,690,0,645,0,643,0,614,0.032,55836672.0,-0.0,-0.0,47888,16787,1.8434458837304366e+28,0.0,166.252,-8.430675170567809e+19,2.210751844953572e+23,0.0,29.0,60.0,70,0.0,0.0,0.0,0.0,0.0,0.0,0.0,0.0,0.0,0.0,0.0,0.0,0.0,0.0,0.0,0.0,59.2,69,11,65508,41,65476,0,300,0,0,8,20529,65476,0,0,61604,60.0,0.0,0.0,0.0,0.0,0.0
2026-04-04T11:02:25,ERR,ERR,ERR,ERR,ERR,ERR,ERR,ERR,ERR,ERR,ERR,ERR,ERR,ERR,ERR,ERR,ERR,ERR,ERR,ERR,ERR,ERR,ERR,ERR,ERR,ERR,ERR,ERR,ERR,ERR,ERR,ERR,ERR,ERR,ERR,ERR,ERR,ERR,ERR,ERR,ERR,ERR,ERR,ERR,ERR,ERR,ERR,ERR,ERR,ERR,ERR,ERR,ERR,ERR,ERR,ERR,ERR,ERR,ERR,ERR,ERR,ERR,ERR,ERR,ERR,ERR,ERR,ERR,ERR,ERR,ERR,ERR,ERR,ERR,ERR,ERR,ERR,ERR,ERR,ERR,ERR,ERR,ERR,ERR,ERR,ERR,ERR,ERR,ERR,ERR,ERR,ERR,ERR,ERR,ERR,ERR,ERR,ERR,ERR,ERR,ERR,ERR,ERR,ERR,ERR,ERR,ERR,ERR,ERR,ERR,ERR,ERR,ERR,ERR,ERR,ERR,ERR,ERR,ERR,ERR,ERR,ERR,ERR,ERR,ERR,-0.0,0.0,3.039990997430017e+23,0.0,0.0,0.0,0.0,nan,0,0,0,32768,0,0.0,0,0.0,0.0,0.0,0.0,0.0,0,0,0,0,0.0,0,0,0,0,0,0,0,0,0,0,0,0,0,0,0,0,0,0,0,0,0,0,0,0,0,0,0,0,0,0,0,0,0,0,0,0,0,0,0,0,0,0,0,0,0.0,0.0,0.0,0.0,0.0,0.0,0.0,0.0,0.0,0.0,0.0,0.0,0.0,0.0,0.0,0.0,0.0,0.0,0.0,0.0,0.0,0.0,2.004,0.0,-2.004,0.0,0.0,0.0,0.0,0.0,3402.0,-0.0,0.0,-0.0,0.0,2.7184274988523002e+23,0.0,0.0,0.0,0.0,0.0,0,107615248.0,0.0,0.0,0.0,0.0,0.0,0.0,0.0,0.0,0,0,0,0.0,0.0,0.0,0.0,0.0,0.0,0.0,0.0,0.0,0.0,0.0,0.0,0.0,0.0,0.0,0.0,0,-107875648.0,0,0.0,0,-107875648.0,-0.0,0,0,17040,39322,17054,13107,17038,0,0,0,110,100,100,-0.0,64.0,0.0,64.5,0.0,69.0,1,49,50,180,13107,0,0,0,0.0,0.0,0.0,0.0,2.5855394159152595e+20,65.0,0.0,0.0,0.0,646,0,690,0,0,0,720,0,793,0,711,0,690,0,645,0,643,0,614,0.032,55836672.0,-0.0,-0.0,47888,16787,1.8434458837304366e+28,0.0,166.252,-8.430675170567809e+19,2.210751844953572e+23,0.0,29.0,60.0,70,0.0,0.0,0.0,0.0,0.0,0.0,0.0,0.0,0.0,0.0,0.0,0.0,0.0,0.0,0.0,0.0,59.2,69,11,65508,41,65476,0,300,0,0,8,20529,65476,0,0,61604,60.0,0.0,0.0,0.0,0.0,0.0
2026-04-04T11:02:26,ERR,ERR,ERR,ERR,ERR,ERR,ERR,ERR,ERR,ERR,ERR,ERR,ERR,ERR,ERR,ERR,ERR,ERR,ERR,ERR,ERR,ERR,ERR,ERR,ERR,ERR,ERR,ERR,ERR,ERR,ERR,ERR,ERR,ERR,ERR,ERR,ERR,ERR,ERR,ERR,ERR,ERR,ERR,ERR,ERR,ERR,ERR,ERR,ERR,ERR,ERR,ERR,ERR,ERR,ERR,ERR,ERR,ERR,ERR,ERR,ERR,ERR,ERR,ERR,ERR,ERR,ERR,ERR,ERR,ERR,ERR,ERR,ERR,ERR,ERR,ERR,ERR,ERR,ERR,ERR,ERR,ERR,ERR,ERR,ERR,ERR,ERR,ERR,ERR,ERR,ERR,ERR,ERR,ERR,ERR,ERR,ERR,ERR,ERR,ERR,ERR,ERR,ERR,ERR,ERR,ERR,ERR,ERR,ERR,ERR,ERR,ERR,ERR,ERR,ERR,ERR,ERR,ERR,ERR,ERR,ERR,ERR,ERR,ERR,ERR,-0.0,0.0,3.039990997430017e+23,0.0,0.0,0.0,0.0,nan,0,0,0,32768,0,0.0,0,0.0,0.0,0.0,0.0,0.0,0,0,0,0,0.0,0,0,0,0,0,0,0,0,0,0,0,0,0,0,0,0,0,0,0,0,0,0,0,0,0,0,0,0,0,0,0,0,0,0,0,0,0,0,0,0,0,0,0,0,0.0,0.0,0.0,0.0,0.0,0.0,0.0,0.0,0.0,0.0,0.0,0.0,0.0,0.0,0.0,0.0,0.0,0.0,0.0,0.0,0.0,0.0,2.004,0.0,-0.0,0.0,0.0,0.0,0.0,0.0,3403.0,-3.697154467689818e+19,0.0,-0.0,0.0,2.7184274988523002e+23,0.0,0.0,0.0,0.0,0.0,0,152018253512704.0,0.0,0.0,0.0,0.0,0.0,0.0,0.0,0.0,0,0,0,0.0,0.0,0.0,0.0,0.0,0.0,0.0,0.0,0.0,0.0,0.0,0.0,0.0,0.0,0.0,0.0,0,-107875648.0,0,0.0,0,-107875648.0,-0.0,0,0,17040,39322,17054,13107,17038,0,0,0,110,100,100,-0.0,64.0,0.0,64.5,0.0,69.0,1,49,50,180,13107,0,0,0,0.0,0.0,0.0,0.0,-0.0,65.0,0.0,0.0,0.0,646,0,690,0,0,0,720,0,793,0,711,0,690,0,645,0,643,0,614,0.032,45613056.0,-0.0,-0.0,64528,16787,-0.0,-2.5298165833695113e+37,-0.0,-3.261397797409155e+35,-0.0,7.072116342416998e+16,29.0,60.0,70,0.0,0.0,0.0,0.0,0.0,0.0,0.0,0.0,0.0,0.0,0.0,0.0,0.0,0.0,0.0,0.0,59.2,69,11,65508,41,65476,0,300,0,0,8,20529,65476,0,0,61604,60.0,0.0,0.0,0.0,0.0,0.0
2026-04-04T11:02:27,ERR,ERR,ERR,ERR,ERR,ERR,ERR,ERR,ERR,ERR,ERR,ERR,ERR,ERR,ERR,ERR,ERR,ERR,ERR,ERR,ERR,ERR,ERR,ERR,ERR,ERR,ERR,ERR,ERR,ERR,ERR,ERR,ERR,ERR,ERR,ERR,ERR,ERR,ERR,ERR,ERR,ERR,ERR,ERR,ERR,ERR,ERR,ERR,ERR,ERR,ERR,ERR,ERR,ERR,ERR,ERR,ERR,ERR,ERR,ERR,ERR,ERR,ERR,ERR,ERR,ERR,ERR,ERR,ERR,ERR,ERR,ERR,ERR,ERR,ERR,ERR,ERR,ERR,ERR,ERR,ERR,ERR,ERR,ERR,ERR,ERR,ERR,ERR,ERR,ERR,ERR,ERR,ERR,ERR,ERR,ERR,ERR,ERR,ERR,ERR,ERR,ERR,ERR,ERR,ERR,ERR,ERR,ERR,ERR,ERR,ERR,ERR,ERR,ERR,ERR,ERR,ERR,ERR,ERR,ERR,ERR,ERR,ERR,ERR,ERR,-0.0,0.0,3.039990997430017e+23,0.0,0.0,0.0,0.0,nan,0,0,0,32768,0,0.0,0,0.0,0.0,0.0,0.0,0.0,0,0,0,0,0.0,0,0,0,0,0,0,0,0,0,0,0,0,0,0,0,0,0,0,0,0,0,0,0,0,0,0,0,0,0,0,0,0,0,0,0,0,0,0,0,0,0,0,0,0,0.0,0.0,0.0,0.0,0.0,0.0,0.0,0.0,0.0,0.0,0.0,0.0,0.0,0.0,0.0,0.0,0.0,0.0,0.0,0.0,0.0,0.0,2.004,0.0,-0.0,0.0,0.0,0.0,0.0,0.0,3403.0,-3.697154467689818e+19,0.0,-0.0,0.0,2.7184274988523002e+23,0.0,0.0,0.0,0.0,0.0,0,152018253512704.0,0.0,0.0,0.0,0.0,0.0,0.0,0.0,0.0,0,0,0,0.0,0.0,0.0,0.0,0.0,0.0,0.0,0.0,0.0,0.0,0.0,0.0,0.0,0.0,0.0,0.0,0,-107875648.0,0,0.0,0,-107875648.0,-0.0,0,0,17040,39322,17054,13107,17038,0,0,0,110,100,100,-0.0,64.0,0.0,64.5,0.0,69.0,1,49,50,180,13107,0,0,0,0.0,0.0,0.0,0.0,-0.0,65.0,0.0,0.0,0.0,646,0,690,0,0,0,720,0,793,0,711,0,690,0,645,0,643,0,614,0.032,45613056.0,-0.0,-0.0,64528,16787,-0.0,-2.5298165833695113e+37,-0.0,-3.261397797409155e+35,-0.0,7.072116342416998e+16,29.0,60.0,70,0.0,0.0,0.0,0.0,0.0,0.0,0.0,0.0,0.0,0.0,0.0,0.0,0.0,0.0,0.0,0.0,59.2,69,11,65508,41,65476,0,300,0,0,8,20529,65476,0,0,61604,60.0,0.0,0.0,0.0,0.0,0.0
2026-04-04T11:02:28,ERR,ERR,ERR,ERR,ERR,ERR,ERR,ERR,ERR,ERR,ERR,ERR,ERR,ERR,ERR,ERR,ERR,ERR,ERR,ERR,ERR,ERR,ERR,ERR,ERR,ERR,ERR,ERR,ERR,ERR,ERR,ERR,ERR,ERR,ERR,ERR,ERR,ERR,ERR,ERR,ERR,ERR,ERR,ERR,ERR,ERR,ERR,ERR,ERR,ERR,ERR,ERR,ERR,ERR,ERR,ERR,ERR,ERR,ERR,ERR,ERR,ERR,ERR,ERR,ERR,ERR,ERR,ERR,ERR,ERR,ERR,ERR,ERR,ERR,ERR,ERR,ERR,ERR,ERR,ERR,ERR,ERR,ERR,ERR,ERR,ERR,ERR,ERR,ERR,ERR,ERR,ERR,ERR,ERR,ERR,ERR,ERR,ERR,ERR,ERR,ERR,ERR,ERR,ERR,ERR,ERR,ERR,ERR,ERR,ERR,ERR,ERR,ERR,ERR,ERR,ERR,ERR,ERR,ERR,ERR,ERR,ERR,ERR,ERR,ERR,-0.0,0.0,3.039990997430017e+23,0.0,0.0,0.0,0.0,nan,0,0,0,32768,0,0.0,0,0.0,0.0,0.0,0.0,0.0,0,0,0,0,0.0,0,0,0,0,0,0,0,0,0,0,0,0,0,0,0,0,0,0,0,0,0,0,0,0,0,0,0,0,0,0,0,0,0,0,0,0,0,0,0,0,0,0,0,0,0.0,0.0,0.0,0.0,0.0,0.0,0.0,0.0,0.0,0.0,0.0,0.0,0.0,0.0,0.0,0.0,0.0,0.0,0.0,0.0,0.0,0.0,2.004,0.0,-0.0,0.0,0.0,0.0,0.0,0.0,3403.0,-3.697154467689818e+19,0.0,-0.0,0.0,2.7184274988523002e+23,0.0,0.0,0.0,0.0,0.0,0,152018253512704.0,0.0,0.0,0.0,0.0,0.0,0.0,0.0,0.0,0,0,0,0.0,0.0,0.0,0.0,0.0,0.0,0.0,0.0,0.0,0.0,0.0,0.0,0.0,0.0,0.0,0.0,0,-107875648.0,0,0.0,0,-107875648.0,-0.0,0,0,17040,39322,17054,13107,17038,0,0,0,110,100,100,-0.0,64.0,0.0,64.5,0.0,69.0,1,49,50,180,13107,0,0,0,0.0,0.0,0.0,0.0,-0.0,65.0,0.0,0.0,0.0,646,0,690,0,0,0,720,0,793,0,711,0,690,0,645,0,643,0,614,0.032,45613056.0,-0.0,-0.0,64528,16787,-0.0,-2.5298165833695113e+37,-0.0,-3.261397797409155e+35,-0.0,7.072116342416998e+16,29.0,60.0,70,0.0,0.0,0.0,0.0,0.0,0.0,0.0,0.0,0.0,0.0,0.0,0.0,0.0,0.0,0.0,0.0,59.2,69,11,65508,41,65476,0,300,0,0,8,20529,65476,0,0,61604,60.0,0.0,0.0,0.0,0.0,0.0
2026-04-04T11:02:29,ERR,ERR,ERR,ERR,ERR,ERR,ERR,ERR,ERR,ERR,ERR,ERR,ERR,ERR,ERR,ERR,ERR,ERR,ERR,ERR,ERR,ERR,ERR,ERR,ERR,ERR,ERR,ERR,ERR,ERR,ERR,ERR,ERR,ERR,ERR,ERR,ERR,ERR,ERR,ERR,ERR,ERR,ERR,ERR,ERR,ERR,ERR,ERR,ERR,ERR,ERR,ERR,ERR,ERR,ERR,ERR,ERR,ERR,ERR,ERR,ERR,ERR,ERR,ERR,ERR,ERR,ERR,ERR,ERR,ERR,ERR,ERR,ERR,ERR,ERR,ERR,ERR,ERR,ERR,ERR,ERR,ERR,ERR,ERR,ERR,ERR,ERR,ERR,ERR,ERR,ERR,ERR,ERR,ERR,ERR,ERR,ERR,ERR,ERR,ERR,ERR,ERR,ERR,ERR,ERR,ERR,ERR,ERR,ERR,ERR,ERR,ERR,ERR,ERR,ERR,ERR,ERR,ERR,ERR,ERR,ERR,ERR,ERR,ERR,ERR,-0.0,0.0,3.039990997430017e+23,0.0,0.0,0.0,0.0,nan,0,0,0,32768,0,0.0,0,0.0,0.0,0.0,0.0,0.0,0,0,0,0,0.0,0,0,0,0,0,0,0,0,0,0,0,0,0,0,0,0,0,0,0,0,0,0,0,0,0,0,0,0,0,0,0,0,0,0,0,0,0,0,0,0,0,0,0,0,0.0,0.0,0.0,0.0,0.0,0.0,0.0,0.0,0.0,0.0,0.0,0.0,0.0,0.0,0.0,0.0,0.0,0.0,0.0,0.0,0.0,0.0,2.004,0.0,-0.0,0.0,0.0,0.0,0.0,0.0,3403.0,-3.697154467689818e+19,0.0,-0.0,0.0,2.7184274988523002e+23,0.0,0.0,0.0,0.0,0.0,0,152018253512704.0,0.0,0.0,0.0,0.0,0.0,0.0,0.0,0.0,0,0,0,0.0,0.0,0.0,0.0,0.0,0.0,0.0,0.0,0.0,0.0,0.0,0.0,0.0,0.0,0.0,0.0,0,-107875648.0,0,0.0,0,-107875648.0,-0.0,0,0,17040,39322,17054,13107,17038,0,0,0,110,100,100,-0.0,64.0,0.0,64.5,0.0,69.0,1,49,50,180,13107,0,0,0,0.0,0.0,0.0,0.0,-0.0,65.0,0.0,0.0,0.0,646,0,690,0,0,0,720,0,793,0,711,0,690,0,645,0,643,0,614,0.032,45613056.0,-0.0,-0.0,64528,16787,-0.0,-2.5298165833695113e+37,-0.0,-3.261397797409155e+35,-0.0,7.072116342416998e+16,29.0,60.0,70,0.0,0.0,0.0,0.0,0.0,0.0,0.0,0.0,0.0,0.0,0.0,0.0,0.0,0.0,0.0,0.0,59.2,69,11,65508,41,65476,0,300,0,0,8,20529,65476,0,0,61604,60.0,0.0,0.0,0.0,0.0,0.0
2026-04-04T11:02:30,ERR,ERR,ERR,ERR,ERR,ERR,ERR,ERR,ERR,ERR,ERR,ERR,ERR,ERR,ERR,ERR,ERR,ERR,ERR,ERR,ERR,ERR,ERR,ERR,ERR,ERR,ERR,ERR,ERR,ERR,ERR,ERR,ERR,ERR,ERR,ERR,ERR,ERR,ERR,ERR,ERR,ERR,ERR,ERR,ERR,ERR,ERR,ERR,ERR,ERR,ERR,ERR,ERR,ERR,ERR,ERR,ERR,ERR,ERR,ERR,ERR,ERR,ERR,ERR,ERR,ERR,ERR,ERR,ERR,ERR,ERR,ERR,ERR,ERR,ERR,ERR,ERR,ERR,ERR,ERR,ERR,ERR,ERR,ERR,ERR,ERR,ERR,ERR,ERR,ERR,ERR,ERR,ERR,ERR,ERR,ERR,ERR,ERR,ERR,ERR,ERR,ERR,ERR,ERR,ERR,ERR,ERR,ERR,ERR,ERR,ERR,ERR,ERR,ERR,ERR,ERR,ERR,ERR,ERR,ERR,ERR,ERR,ERR,ERR,ERR,-0.0,0.0,3.039990997430017e+23,0.0,0.0,0.0,0.0,nan,0,0,0,32768,0,0.0,0,0.0,0.0,0.0,0.0,0.0,0,0,0,0,0.0,0,0,0,0,0,0,0,0,0,0,0,0,0,0,0,0,0,0,0,0,0,0,0,0,0,0,0,0,0,0,0,0,0,0,0,0,0,0,0,0,0,0,0,0,0.0,0.0,0.0,0.0,0.0,0.0,0.0,0.0,0.0,0.0,0.0,0.0,0.0,0.0,0.0,0.0,0.0,0.0,0.0,0.0,0.0,0.0,2.004,0.0,-0.0,0.0,0.0,0.0,0.0,0.0,3403.0,-3.697154467689818e+19,0.0,-0.0,0.0,2.7184274988523002e+23,0.0,0.0,0.0,0.0,0.0,0,152018253512704.0,0.0,0.0,0.0,0.0,0.0,0.0,0.0,0.0,0,0,0,0.0,0.0,0.0,0.0,0.0,0.0,0.0,0.0,0.0,0.0,0.0,0.0,0.0,0.0,0.0,0.0,0,-107875648.0,0,0.0,0,-107875648.0,-0.0,0,0,17040,39322,17054,13107,17038,0,0,0,110,100,100,-0.0,64.0,0.0,64.5,0.0,69.0,1,49,50,180,13107,0,0,0,0.0,0.0,0.0,0.0,-0.0,65.0,0.0,0.0,0.0,646,0,690,0,0,0,720,0,793,0,711,0,690,0,645,0,643,0,614,0.032,45613056.0,-0.0,-0.0,64528,16787,-0.0,-2.5298165833695113e+37,-0.0,-3.261397797409155e+35,-0.0,7.072116342416998e+16,29.0,60.0,70,0.0,0.0,0.0,0.0,0.0,0.0,0.0,0.0,0.0,0.0,0.0,0.0,0.0,0.0,0.0,0.0,59.2,69,11,65508,41,65476,0,300,0,0,8,20529,65476,0,0,61604,60.0,0.0,0.0,0.0,0.0,0.0
2026-04-04T11:02:31,ERR,ERR,ERR,ERR,ERR,ERR,ERR,ERR,ERR,ERR,ERR,ERR,ERR,ERR,ERR,ERR,ERR,ERR,ERR,ERR,ERR,ERR,ERR,ERR,ERR,ERR,ERR,ERR,ERR,ERR,ERR,ERR,ERR,ERR,ERR,ERR,ERR,ERR,ERR,ERR,ERR,ERR,ERR,ERR,ERR,ERR,ERR,ERR,ERR,ERR,ERR,ERR,ERR,ERR,ERR,ERR,ERR,ERR,ERR,ERR,ERR,ERR,ERR,ERR,ERR,ERR,ERR,ERR,ERR,ERR,ERR,ERR,ERR,ERR,ERR,ERR,ERR,ERR,ERR,ERR,ERR,ERR,ERR,ERR,ERR,ERR,ERR,ERR,ERR,ERR,ERR,ERR,ERR,ERR,ERR,ERR,ERR,ERR,ERR,ERR,ERR,ERR,ERR,ERR,ERR,ERR,ERR,ERR,ERR,ERR,ERR,ERR,ERR,ERR,ERR,ERR,ERR,ERR,ERR,ERR,ERR,ERR,ERR,ERR,ERR,-0.0,0.0,3.039990997430017e+23,0.0,0.0,0.0,0.0,nan,0,0,0,32768,0,0.0,0,0.0,0.0,0.0,0.0,0.0,0,0,0,0,0.0,0,0,0,0,0,0,0,0,0,0,0,0,0,0,0,0,0,0,0,0,0,0,0,0,0,0,0,0,0,0,0,0,0,0,0,0,0,0,0,0,0,0,0,0,0.0,0.0,0.0,0.0,0.0,0.0,0.0,0.0,0.0,0.0,0.0,0.0,0.0,0.0,0.0,0.0,0.0,0.0,0.0,0.0,0.0,0.0,2.004,0.0,-0.0,0.0,0.0,0.0,0.0,0.0,3403.0,-3.697154467689818e+19,0.0,-0.0,0.0,2.7184274988523002e+23,0.0,0.0,0.0,0.0,0.0,0,152018253512704.0,0.0,0.0,0.0,0.0,0.0,0.0,0.0,0.0,0,0,0,0.0,0.0,0.0,0.0,0.0,0.0,0.0,0.0,0.0,0.0,0.0,0.0,0.0,0.0,0.0,0.0,0,-107875648.0,0,0.0,0,-107875648.0,-0.0,0,0,17040,39322,17054,13107,17038,0,0,0,110,100,100,-0.0,64.0,0.0,64.5,0.0,69.0,1,49,50,180,13107,0,0,0,0.0,0.0,0.0,0.0,-0.0,65.0,0.0,0.0,0.0,646,0,690,0,0,0,720,0,793,0,711,0,690,0,645,0,643,0,614,0.032,45613056.0,-0.0,-0.0,64528,16787,-0.0,-2.5298165833695113e+37,-0.0,-3.261397797409155e+35,-0.0,7.072116342416998e+16,29.0,60.0,70,0.0,0.0,0.0,0.0,0.0,0.0,0.0,0.0,0.0,0.0,0.0,0.0,0.0,0.0,0.0,0.0,59.2,69,11,65508,41,65476,0,300,0,0,8,20529,65476,0,0,61604,60.0,0.0,0.0,0.0,0.0,0.0
2026-04-04T11:02:32,ERR,ERR,ERR,ERR,ERR,ERR,ERR,ERR,ERR,ERR,ERR,ERR,ERR,ERR,ERR,ERR,ERR,ERR,ERR,ERR,ERR,ERR,ERR,ERR,ERR,ERR,ERR,ERR,ERR,ERR,ERR,ERR,ERR,ERR,ERR,ERR,ERR,ERR,ERR,ERR,ERR,ERR,ERR,ERR,ERR,ERR,ERR,ERR,ERR,ERR,ERR,ERR,ERR,ERR,ERR,ERR,ERR,ERR,ERR,ERR,ERR,ERR,ERR,ERR,ERR,ERR,ERR,ERR,ERR,ERR,ERR,ERR,ERR,ERR,ERR,ERR,ERR,ERR,ERR,ERR,ERR,ERR,ERR,ERR,ERR,ERR,ERR,ERR,ERR,ERR,ERR,ERR,ERR,ERR,ERR,ERR,ERR,ERR,ERR,ERR,ERR,ERR,ERR,ERR,ERR,ERR,ERR,ERR,ERR,ERR,ERR,ERR,ERR,ERR,ERR,ERR,ERR,ERR,ERR,ERR,ERR,ERR,ERR,ERR,ERR,-0.0,0.0,3.039990997430017e+23,0.0,0.0,0.0,0.0,nan,0,0,0,32768,0,0.0,0,0.0,0.0,0.0,0.0,0.0,0,0,0,0,0.0,0,0,0,0,0,0,0,0,0,0,0,0,0,0,0,0,0,0,0,0,0,0,0,0,0,0,0,0,0,0,0,0,0,0,0,0,0,0,0,0,0,0,0,0,0.0,0.0,0.0,0.0,0.0,0.0,0.0,0.0,0.0,0.0,0.0,0.0,0.0,0.0,0.0,0.0,0.0,0.0,0.0,0.0,0.0,0.0,2.004,0.0,-0.0,0.0,0.0,0.0,0.0,0.0,3403.0,-3.697154467689818e+19,0.0,-0.0,0.0,2.7184274988523002e+23,0.0,0.0,0.0,0.0,0.0,0,152018253512704.0,0.0,0.0,0.0,0.0,0.0,0.0,0.0,0.0,0,0,0,0.0,0.0,0.0,0.0,0.0,0.0,0.0,0.0,0.0,0.0,0.0,0.0,0.0,0.0,0.0,0.0,0,-107875648.0,0,0.0,0,-107875648.0,-0.0,0,0,17040,39322,17054,13107,17038,0,0,0,110,100,100,-0.0,64.0,0.0,64.5,0.0,69.0,1,49,50,180,13107,0,0,0,0.0,0.0,0.0,0.0,-0.0,65.0,0.0,0.0,0.0,646,0,690,0,0,0,720,0,793,0,711,0,690,0,645,0,643,0,614,0.032,47710208.0,-0.0,-0.0,46864,16787,-0.0,0.0,-0.0,3.553366647373609e+31,-0.0,2.527234112215712e+22,29.0,60.0,70,0.0,0.0,0.0,0.0,0.0,0.0,0.0,0.0,0.0,0.0,0.0,0.0,0.0,0.0,0.0,0.0,59.2,69,11,65508,41,65476,0,300,0,0,8,20529,65476,0,0,61604,60.0,0.0,0.0,0.0,0.0,0.0
2026-04-04T11:02:33,ERR,ERR,ERR,ERR,ERR,ERR,ERR,ERR,ERR,ERR,ERR,ERR,ERR,ERR,ERR,ERR,ERR,ERR,ERR,ERR,ERR,ERR,ERR,ERR,ERR,ERR,ERR,ERR,ERR,ERR,ERR,ERR,ERR,ERR,ERR,ERR,ERR,ERR,ERR,ERR,ERR,ERR,ERR,ERR,ERR,ERR,ERR,ERR,ERR,ERR,ERR,ERR,ERR,ERR,ERR,ERR,ERR,ERR,ERR,ERR,ERR,ERR,ERR,ERR,ERR,ERR,ERR,ERR,ERR,ERR,ERR,ERR,ERR,ERR,ERR,ERR,ERR,ERR,ERR,ERR,ERR,ERR,ERR,ERR,ERR,ERR,ERR,ERR,ERR,ERR,ERR,ERR,ERR,ERR,ERR,ERR,ERR,ERR,ERR,ERR,ERR,ERR,ERR,ERR,ERR,ERR,ERR,ERR,ERR,ERR,ERR,ERR,ERR,ERR,ERR,ERR,ERR,ERR,ERR,ERR,ERR,ERR,ERR,ERR,ERR,-0.0,0.0,3.039990997430017e+23,0.0,0.0,0.0,0.0,nan,0,0,0,32768,0,0.0,0,0.0,0.0,0.0,0.0,0.0,0,0,0,0,0.0,0,0,0,0,0,0,0,0,0,0,0,0,0,0,0,0,0,0,0,0,0,0,0,0,0,0,0,0,0,0,0,0,0,0,0,0,0,0,0,0,0,0,0,0,0.0,0.0,0.0,0.0,0.0,0.0,0.0,0.0,0.0,0.0,0.0,0.0,0.0,0.0,0.0,0.0,0.0,0.0,0.0,0.0,0.0,0.0,2.004,0.0,-0.0,0.0,0.0,0.0,0.0,0.0,3401.5,-8608108544.0,0.0,-0.0,0.0,2.7184274988523002e+23,0.0,0.0,0.0,0.0,0.0,0,107615248.0,0.0,0.0,0.0,0.0,0.0,0.0,0.0,0.0,0,0,0,0.0,0.0,0.0,0.0,0.0,0.0,0.0,0.0,0.0,0.0,0.0,0.0,0.0,0.0,0.0,0.0,0,-107875648.0,0,0.0,0,-107875648.0,-0.0,0,0,17040,39322,17054,13107,17038,0,0,0,110,100,100,-0.0,64.0,0.0,64.5,0.0,69.0,1,49,50,180,13107,0,0,0,0.0,0.0,0.0,0.0,-0.0,65.0,0.0,0.0,0.0,646,0,690,0,0,0,720,0,793,0,711,0,690,0,645,0,643,0,614,0.032,47710208.0,-0.0,-0.0,46864,16787,-0.0,0.0,-0.0,3.553366647373609e+31,-0.0,2.527234112215712e+22,29.0,60.0,70,0.0,0.0,0.0,0.0,0.0,0.0,0.0,0.0,0.0,0.0,0.0,0.0,0.0,0.0,0.0,0.0,59.6,69,11,65508,41,65476,0,300,0,0,8,20529,65476,0,0,61604,60.0,0.0,0.0,0.0,0.0,0.0
2026-04-04T11:02:34,ERR,ERR,ERR,ERR,ERR,ERR,ERR,ERR,ERR,ERR,ERR,ERR,ERR,ERR,ERR,ERR,ERR,ERR,ERR,ERR,ERR,ERR,ERR,ERR,ERR,ERR,ERR,ERR,ERR,ERR,ERR,ERR,ERR,ERR,ERR,ERR,ERR,ERR,ERR,ERR,ERR,ERR,ERR,ERR,ERR,ERR,ERR,ERR,ERR,ERR,ERR,ERR,ERR,ERR,ERR,ERR,ERR,ERR,ERR,ERR,ERR,ERR,ERR,ERR,ERR,ERR,ERR,ERR,ERR,ERR,ERR,ERR,ERR,ERR,ERR,ERR,ERR,ERR,ERR,ERR,ERR,ERR,ERR,ERR,ERR,ERR,ERR,ERR,ERR,ERR,ERR,ERR,ERR,ERR,ERR,ERR,ERR,ERR,ERR,ERR,ERR,ERR,ERR,ERR,ERR,ERR,ERR,ERR,ERR,ERR,ERR,ERR,ERR,ERR,ERR,ERR,ERR,ERR,ERR,ERR,ERR,ERR,ERR,ERR,ERR,-0.0,0.0,3.039990997430017e+23,0.0,0.0,0.0,0.0,nan,0,0,0,32768,0,0.0,0,0.0,0.0,0.0,0.0,0.0,0,0,0,0,0.0,0,0,0,0,0,0,0,0,0,0,0,0,0,0,0,0,0,0,0,0,0,0,0,0,0,0,0,0,0,0,0,0,0,0,0,0,0,0,0,0,0,0,0,0,0.0,0.0,0.0,0.0,0.0,0.0,0.0,0.0,0.0,0.0,0.0,0.0,0.0,0.0,0.0,0.0,0.0,0.0,0.0,0.0,0.0,0.0,2.004,0.0,-0.0,0.0,0.0,0.0,0.0,0.0,3401.5,-8608108544.0,0.0,-0.0,0.0,2.7184274988523002e+23,0.0,0.0,0.0,0.0,0.0,0,107615248.0,0.0,0.0,0.0,0.0,0.0,0.0,0.0,0.0,0,0,0,0.0,0.0,0.0,0.0,0.0,0.0,0.0,0.0,0.0,0.0,0.0,0.0,0.0,0.0,0.0,0.0,0,-107875648.0,0,0.0,0,-107875648.0,-0.0,0,0,17040,39322,17054,13107,17038,0,0,0,110,100,100,-0.0,64.0,0.0,64.5,0.0,69.0,1,49,50,180,13107,0,0,0,0.0,0.0,0.0,0.0,-0.0,65.0,0.0,0.0,0.0,646,0,690,0,0,0,720,0,793,0,711,0,690,0,645,0,643,0,614,0.032,47710208.0,-0.0,-0.0,46864,16787,-0.0,0.0,-0.0,3.553366647373609e+31,-0.0,2.527234112215712e+22,29.0,60.0,70,0.0,0.0,0.0,0.0,0.0,0.0,0.0,0.0,0.0,0.0,0.0,0.0,0.0,0.0,0.0,0.0,59.6,69,11,65508,41,65476,0,300,0,0,8,20529,65476,0,0,61604,60.0,0.0,0.0,0.0,0.0,0.0
2026-04-04T11:02:35,ERR,ERR,ERR,ERR,ERR,ERR,ERR,ERR,ERR,ERR,ERR,ERR,ERR,ERR,ERR,ERR,ERR,ERR,ERR,ERR,ERR,ERR,ERR,ERR,ERR,ERR,ERR,ERR,ERR,ERR,ERR,ERR,ERR,ERR,ERR,ERR,ERR,ERR,ERR,ERR,ERR,ERR,ERR,ERR,ERR,ERR,ERR,ERR,ERR,ERR,ERR,ERR,ERR,ERR,ERR,ERR,ERR,ERR,ERR,ERR,ERR,ERR,ERR,ERR,ERR,ERR,ERR,ERR,ERR,ERR,ERR,ERR,ERR,ERR,ERR,ERR,ERR,ERR,ERR,ERR,ERR,ERR,ERR,ERR,ERR,ERR,ERR,ERR,ERR,ERR,ERR,ERR,ERR,ERR,ERR,ERR,ERR,ERR,ERR,ERR,ERR,ERR,ERR,ERR,ERR,ERR,ERR,ERR,ERR,ERR,ERR,ERR,ERR,ERR,ERR,ERR,ERR,ERR,ERR,ERR,ERR,ERR,ERR,ERR,ERR,-0.0,0.0,3.039990997430017e+23,0.0,0.0,0.0,0.0,nan,0,0,0,32768,0,0.0,0,0.0,0.0,0.0,0.0,0.0,0,0,0,0,0.0,0,0,0,0,0,0,0,0,0,0,0,0,0,0,0,0,0,0,0,0,0,0,0,0,0,0,0,0,0,0,0,0,0,0,0,0,0,0,0,0,0,0,0,0,0.0,0.0,0.0,0.0,0.0,0.0,0.0,0.0,0.0,0.0,0.0,0.0,0.0,0.0,0.0,0.0,0.0,0.0,0.0,0.0,0.0,0.0,2.004,0.0,-0.0,0.0,0.0,0.0,0.0,0.0,3401.5,-8608108544.0,0.0,-0.0,0.0,2.7184274988523002e+23,0.0,0.0,0.0,0.0,0.0,0,107615248.0,0.0,0.0,0.0,0.0,0.0,0.0,0.0,0.0,0,0,0,0.0,0.0,0.0,0.0,0.0,0.0,0.0,0.0,0.0,0.0,0.0,0.0,0.0,0.0,0.0,0.0,0,-107875648.0,0,0.0,0,-107875648.0,-0.0,0,0,17040,39322,17054,13107,17038,0,0,0,110,100,100,-0.0,64.0,0.0,64.5,0.0,69.0,1,49,50,180,13107,0,0,0,0.0,0.0,0.0,0.0,1.4505851569351172e+38,65.0,0.0,0.0,0.0,646,0,690,0,0,0,720,0,793,0,711,0,690,0,645,0,643,0,614,0.032,55836672.0,-0.0,-0.0,47760,16787,4.508392899212118e+31,-2.7839188649412105e+33,0.0,8.183023340713602e+37,1.0564102442015995e+20,0.0,29.0,60.0,70,0.0,0.0,0.0,0.0,0.0,0.0,0.0,0.0,0.0,0.0,0.0,0.0,0.0,0.0,0.0,0.0,59.2,69,11,65508,41,65476,0,300,0,0,8,20529,65476,0,0,61604,60.0,0.0,0.0,0.0,0.0,0.0
2026-04-04T11:02:36,ERR,ERR,ERR,ERR,ERR,ERR,ERR,ERR,ERR,ERR,ERR,ERR,ERR,ERR,ERR,ERR,ERR,ERR,ERR,ERR,ERR,ERR,ERR,ERR,ERR,ERR,ERR,ERR,ERR,ERR,ERR,ERR,ERR,ERR,ERR,ERR,ERR,ERR,ERR,ERR,ERR,ERR,ERR,ERR,ERR,ERR,ERR,ERR,ERR,ERR,ERR,ERR,ERR,ERR,ERR,ERR,ERR,ERR,ERR,ERR,ERR,ERR,ERR,ERR,ERR,ERR,ERR,ERR,ERR,ERR,ERR,ERR,ERR,ERR,ERR,ERR,ERR,ERR,ERR,ERR,ERR,ERR,ERR,ERR,ERR,ERR,ERR,ERR,ERR,ERR,ERR,ERR,ERR,ERR,ERR,ERR,ERR,ERR,ERR,ERR,ERR,ERR,ERR,ERR,ERR,ERR,ERR,ERR,ERR,ERR,ERR,ERR,ERR,ERR,ERR,ERR,ERR,ERR,ERR,ERR,ERR,ERR,ERR,ERR,ERR,-0.0,0.0,3.039990997430017e+23,0.0,0.0,0.0,0.0,nan,0,0,0,32768,0,0.0,0,0.0,0.0,0.0,0.0,0.0,0,0,0,0,0.0,0,0,0,0,0,0,0,0,0,0,0,0,0,0,0,0,0,0,0,0,0,0,0,0,0,0,0,0,0,0,0,0,0,0,0,0,0,0,0,0,0,0,0,0,0.0,0.0,0.0,0.0,0.0,0.0,0.0,0.0,0.0,0.0,0.0,0.0,0.0,0.0,0.0,0.0,0.0,0.0,0.0,0.0,0.0,0.0,2.004,0.0,-0.0,0.0,0.0,0.0,0.0,0.0,3401.5,-8608108544.0,0.0,-0.0,0.0,2.7184274988523002e+23,0.0,0.0,0.0,0.0,0.0,0,107615248.0,0.0,0.0,0.0,0.0,0.0,0.0,0.0,0.0,0,0,0,0.0,0.0,0.0,0.0,0.0,0.0,0.0,0.0,0.0,0.0,0.0,0.0,0.0,0.0,0.0,0.0,0,-107875648.0,0,0.0,0,-107875648.0,-0.0,0,0,17040,39322,17054,13107,17038,0,0,0,110,100,100,-0.0,64.0,0.0,64.5,0.0,69.0,1,49,50,180,13107,0,0,0,0.0,0.0,0.0,0.0,1.4505851569351172e+38,65.0,0.0,0.0,0.0,646,0,690,0,0,0,720,0,793,0,711,0,690,0,645,0,643,0,614,0.032,55836672.0,-0.0,-0.0,47760,16787,4.508392899212118e+31,-2.7839188649412105e+33,0.0,8.183023340713602e+37,1.0564102442015995e+20,0.0,29.0,60.0,70,0.0,0.0,0.0,0.0,0.0,0.0,0.0,0.0,0.0,0.0,0.0,0.0,0.0,0.0,0.0,0.0,59.2,69,11,65508,41,65476,0,300,0,0,8,20529,65476,0,0,61604,60.0,0.0,0.0,0.0,0.0,0.0
2026-04-04T11:02:37,ERR,ERR,ERR,ERR,ERR,ERR,ERR,ERR,ERR,ERR,ERR,ERR,ERR,ERR,ERR,ERR,ERR,ERR,ERR,ERR,ERR,ERR,ERR,ERR,ERR,ERR,ERR,ERR,ERR,ERR,ERR,ERR,ERR,ERR,ERR,ERR,ERR,ERR,ERR,ERR,ERR,ERR,ERR,ERR,ERR,ERR,ERR,ERR,ERR,ERR,ERR,ERR,ERR,ERR,ERR,ERR,ERR,ERR,ERR,ERR,ERR,ERR,ERR,ERR,ERR,ERR,ERR,ERR,ERR,ERR,ERR,ERR,ERR,ERR,ERR,ERR,ERR,ERR,ERR,ERR,ERR,ERR,ERR,ERR,ERR,ERR,ERR,ERR,ERR,ERR,ERR,ERR,ERR,ERR,ERR,ERR,ERR,ERR,ERR,ERR,ERR,ERR,ERR,ERR,ERR,ERR,ERR,ERR,ERR,ERR,ERR,ERR,ERR,ERR,ERR,ERR,ERR,ERR,ERR,ERR,ERR,ERR,ERR,ERR,ERR,-0.0,0.0,3.039990997430017e+23,0.0,0.0,0.0,0.0,nan,0,0,0,32768,0,0.0,0,0.0,0.0,0.0,0.0,0.0,0,0,0,0,0.0,0,0,0,0,0,0,0,0,0,0,0,0,0,0,0,0,0,0,0,0,0,0,0,0,0,0,0,0,0,0,0,0,0,0,0,0,0,0,0,0,0,0,0,0,0.0,0.0,0.0,0.0,0.0,0.0,0.0,0.0,0.0,0.0,0.0,0.0,0.0,0.0,0.0,0.0,0.0,0.0,0.0,0.0,0.0,0.0,2.004,0.0,-0.0,0.0,0.0,0.0,0.0,0.0,3401.5,-8608108544.0,0.0,-0.0,0.0,2.7184274988523002e+23,0.0,0.0,0.0,0.0,0.0,0,107615248.0,0.0,0.0,0.0,0.0,0.0,0.0,0.0,0.0,0,0,0,0.0,0.0,0.0,0.0,0.0,0.0,0.0,0.0,0.0,0.0,0.0,0.0,0.0,0.0,0.0,0.0,0,-107875648.0,0,0.0,0,-107875648.0,-0.0,0,0,17040,39322,17054,13107,17038,0,0,0,110,100,100,-0.0,64.0,0.0,64.5,0.0,69.0,1,49,50,180,13107,0,0,0,0.0,0.0,0.0,0.0,1.4505851569351172e+38,65.0,0.0,0.0,0.0,646,0,690,0,0,0,720,0,793,0,711,0,690,0,645,0,643,0,614,0.032,55836672.0,-0.0,-0.0,47760,16787,4.508392899212118e+31,-2.7839188649412105e+33,0.0,8.183023340713602e+37,1.0564102442015995e+20,0.0,29.0,60.0,70,0.0,0.0,0.0,0.0,0.0,0.0,0.0,0.0,0.0,0.0,0.0,0.0,0.0,0.0,0.0,0.0,59.2,69,11,65508,41,65476,0,300,0,0,8,20529,65476,0,0,61604,60.0,0.0,0.0,0.0,0.0,0.0
2026-04-04T11:02:38,ERR,ERR,ERR,ERR,ERR,ERR,ERR,ERR,ERR,ERR,ERR,ERR,ERR,ERR,ERR,ERR,ERR,ERR,ERR,ERR,ERR,ERR,ERR,ERR,ERR,ERR,ERR,ERR,ERR,ERR,ERR,ERR,ERR,ERR,ERR,ERR,ERR,ERR,ERR,ERR,ERR,ERR,ERR,ERR,ERR,ERR,ERR,ERR,ERR,ERR,ERR,ERR,ERR,ERR,ERR,ERR,ERR,ERR,ERR,ERR,ERR,ERR,ERR,ERR,ERR,ERR,ERR,ERR,ERR,ERR,ERR,ERR,ERR,ERR,ERR,ERR,ERR,ERR,ERR,ERR,ERR,ERR,ERR,ERR,ERR,ERR,ERR,ERR,ERR,ERR,ERR,ERR,ERR,ERR,ERR,ERR,ERR,ERR,ERR,ERR,ERR,ERR,ERR,ERR,ERR,ERR,ERR,ERR,ERR,ERR,ERR,ERR,ERR,ERR,ERR,ERR,ERR,ERR,ERR,ERR,ERR,ERR,ERR,ERR,ERR,-0.0,0.0,3.039990997430017e+23,0.0,0.0,0.0,0.0,nan,0,0,0,32768,0,0.0,0,0.0,0.0,0.0,0.0,0.0,0,0,0,0,0.0,0,0,0,0,0,0,0,0,0,0,0,0,0,0,0,0,0,0,0,0,0,0,0,0,0,0,0,0,0,0,0,0,0,0,0,0,0,0,0,0,0,0,0,0,0.0,0.0,0.0,0.0,0.0,0.0,0.0,0.0,0.0,0.0,0.0,0.0,0.0,0.0,0.0,0.0,0.0,0.0,0.0,0.0,0.0,0.0,2.004,0.0,-0.0,0.0,0.0,0.0,0.0,0.0,3401.5,-8608108544.0,0.0,-0.0,0.0,2.7184274988523002e+23,0.0,0.0,0.0,0.0,0.0,0,107615248.0,0.0,0.0,0.0,0.0,0.0,0.0,0.0,0.0,0,0,0,0.0,0.0,0.0,0.0,0.0,0.0,0.0,0.0,0.0,0.0,0.0,0.0,0.0,0.0,0.0,0.0,0,-107875648.0,0,0.0,0,-107875648.0,-0.0,0,0,17040,39322,17054,13107,17038,0,0,0,110,100,100,-0.0,64.0,0.0,64.5,0.0,69.0,1,49,50,180,13107,0,0,0,0.0,0.0,0.0,0.0,1.4505851569351172e+38,65.0,0.0,0.0,0.0,646,0,690,0,0,0,720,0,793,0,711,0,690,0,645,0,643,0,614,0.032,55836672.0,-0.0,-0.0,47760,16787,4.508392899212118e+31,-2.7839188649412105e+33,0.0,8.183023340713602e+37,1.0564102442015995e+20,0.0,29.0,60.0,70,0.0,0.0,0.0,0.0,0.0,0.0,0.0,0.0,0.0,0.0,0.0,0.0,0.0,0.0,0.0,0.0,59.2,69,11,65508,41,65476,0,300,0,0,8,20529,65476,0,0,61604,60.0,0.0,0.0,0.0,0.0,0.0
2026-04-04T11:02:39,ERR,ERR,ERR,ERR,ERR,ERR,ERR,ERR,ERR,ERR,ERR,ERR,ERR,ERR,ERR,ERR,ERR,ERR,ERR,ERR,ERR,ERR,ERR,ERR,ERR,ERR,ERR,ERR,ERR,ERR,ERR,ERR,ERR,ERR,ERR,ERR,ERR,ERR,ERR,ERR,ERR,ERR,ERR,ERR,ERR,ERR,ERR,ERR,ERR,ERR,ERR,ERR,ERR,ERR,ERR,ERR,ERR,ERR,ERR,ERR,ERR,ERR,ERR,ERR,ERR,ERR,ERR,ERR,ERR,ERR,ERR,ERR,ERR,ERR,ERR,ERR,ERR,ERR,ERR,ERR,ERR,ERR,ERR,ERR,ERR,ERR,ERR,ERR,ERR,ERR,ERR,ERR,ERR,ERR,ERR,ERR,ERR,ERR,ERR,ERR,ERR,ERR,ERR,ERR,ERR,ERR,ERR,ERR,ERR,ERR,ERR,ERR,ERR,ERR,ERR,ERR,ERR,ERR,ERR,ERR,ERR,ERR,ERR,ERR,ERR,-0.0,0.0,3.039990997430017e+23,0.0,0.0,0.0,0.0,nan,0,0,0,32768,0,0.0,0,0.0,0.0,0.0,0.0,0.0,0,0,0,0,0.0,0,0,0,0,0,0,0,0,0,0,0,0,0,0,0,0,0,0,0,0,0,0,0,0,0,0,0,0,0,0,0,0,0,0,0,0,0,0,0,0,0,0,0,0,0.0,0.0,0.0,0.0,0.0,0.0,0.0,0.0,0.0,0.0,0.0,0.0,0.0,0.0,0.0,0.0,0.0,0.0,0.0,0.0,0.0,0.0,2.004,0.0,-2.004,0.0,0.0,0.0,0.0,0.0,3403.5,-2.004,0.0,-0.0,0.0,-0.0,0.0,0.0,0.0,0.0,0.0,0,2.3088382548096162e+20,0.0,0.0,0.0,0.0,0.0,0.0,0.0,0.0,0,0,0,0.0,0.0,0.0,0.0,0.0,0.0,0.0,0.0,0.0,0.0,0.0,0.0,0.0,0.0,0.0,0.0,0,-107875648.0,0,0.0,0,-107875648.0,-0.0,0,0,17040,39322,17054,13107,17038,0,0,0,110,100,100,-0.0,64.0,0.0,64.5,0.0,69.0,1,49,50,180,13107,0,0,0,0.0,0.0,0.0,0.0,1.4505851569351172e+38,65.0,0.0,0.0,0.0,646,0,690,0,0,0,720,0,793,0,711,0,690,0,645,0,643,0,614,0.032,55836672.0,-0.0,-0.0,47760,16787,4.508392899212118e+31,-2.7839188649412105e+33,0.0,8.183023340713602e+37,1.0564102442015995e+20,0.0,29.0,60.0,70,0.0,0.0,0.0,0.0,0.0,0.0,0.0,0.0,0.0,0.0,0.0,0.0,0.0,0.0,0.0,0.0,59.2,69,11,65508,41,65476,0,300,0,0,8,20529,65476,0,0,61604,60.0,0.0,0.0,0.0,0.0,0.0
2026-04-04T11:02:40,ERR,ERR,ERR,ERR,ERR,ERR,ERR,ERR,ERR,ERR,ERR,ERR,ERR,ERR,ERR,ERR,ERR,ERR,ERR,ERR,ERR,ERR,ERR,ERR,ERR,ERR,ERR,ERR,ERR,ERR,ERR,ERR,ERR,ERR,ERR,ERR,ERR,ERR,ERR,ERR,ERR,ERR,ERR,ERR,ERR,ERR,ERR,ERR,ERR,ERR,ERR,ERR,ERR,ERR,ERR,ERR,ERR,ERR,ERR,ERR,ERR,ERR,ERR,ERR,ERR,ERR,ERR,ERR,ERR,ERR,ERR,ERR,ERR,ERR,ERR,ERR,ERR,ERR,ERR,ERR,ERR,ERR,ERR,ERR,ERR,ERR,ERR,ERR,ERR,ERR,ERR,ERR,ERR,ERR,ERR,ERR,ERR,ERR,ERR,ERR,ERR,ERR,ERR,ERR,ERR,ERR,ERR,ERR,ERR,ERR,ERR,ERR,ERR,ERR,ERR,ERR,ERR,ERR,ERR,ERR,ERR,ERR,ERR,ERR,ERR,-0.0,0.0,3.039990997430017e+23,0.0,0.0,0.0,0.0,nan,0,0,0,32768,0,0.0,0,0.0,0.0,0.0,0.0,0.0,0,0,0,0,0.0,0,0,0,0,0,0,0,0,0,0,0,0,0,0,0,0,0,0,0,0,0,0,0,0,0,0,0,0,0,0,0,0,0,0,0,0,0,0,0,0,0,0,0,0,0.0,0.0,0.0,0.0,0.0,0.0,0.0,0.0,0.0,0.0,0.0,0.0,0.0,0.0,0.0,0.0,0.0,0.0,0.0,0.0,0.0,0.0,2.004,0.0,-2.004,0.0,0.0,0.0,0.0,0.0,3403.5,-2.004,0.0,-0.0,0.0,-0.0,0.0,0.0,0.0,0.0,0.0,0,2.3088382548096162e+20,0.0,0.0,0.0,0.0,0.0,0.0,0.0,0.0,0,0,0,0.0,0.0,0.0,0.0,0.0,0.0,0.0,0.0,0.0,0.0,0.0,0.0,0.0,0.0,0.0,0.0,0,-107875648.0,0,0.0,0,-107875648.0,-0.0,0,0,17040,39322,17054,13107,17038,0,0,0,110,100,100,-0.0,64.0,0.0,64.5,0.0,69.0,1,49,50,180,13107,0,0,0,0.0,0.0,0.0,0.0,1.717943395331726e+21,65.0,0.0,0.0,0.0,646,0,690,0,0,0,720,0,793,0,711,0,690,0,645,0,643,0,614,0.032,55836672.0,-0.0,-0.0,47248,16787,1.717943395331726e+21,0.0,293381.031,0.0,4.765018237471823e+24,0.0,29.0,60.0,70,0.0,0.0,0.0,0.0,0.0,0.0,0.0,0.0,0.0,0.0,0.0,0.0,0.0,0.0,0.0,0.0,59.2,69,11,65508,41,65476,0,300,0,0,8,20529,65476,0,0,61604,60.0,0.0,0.0,0.0,0.0,0.0
2026-04-04T11:02:41,ERR,ERR,ERR,ERR,ERR,ERR,ERR,ERR,ERR,ERR,ERR,ERR,ERR,ERR,ERR,ERR,ERR,ERR,ERR,ERR,ERR,ERR,ERR,ERR,ERR,ERR,ERR,ERR,ERR,ERR,ERR,ERR,ERR,ERR,ERR,ERR,ERR,ERR,ERR,ERR,ERR,ERR,ERR,ERR,ERR,ERR,ERR,ERR,ERR,ERR,ERR,ERR,ERR,ERR,ERR,ERR,ERR,ERR,ERR,ERR,ERR,ERR,ERR,ERR,ERR,ERR,ERR,ERR,ERR,ERR,ERR,ERR,ERR,ERR,ERR,ERR,ERR,ERR,ERR,ERR,ERR,ERR,ERR,ERR,ERR,ERR,ERR,ERR,ERR,ERR,ERR,ERR,ERR,ERR,ERR,ERR,ERR,ERR,ERR,ERR,ERR,ERR,ERR,ERR,ERR,ERR,ERR,ERR,ERR,ERR,ERR,ERR,ERR,ERR,ERR,ERR,ERR,ERR,ERR,ERR,ERR,ERR,ERR,ERR,ERR,-0.0,0.0,3.039990997430017e+23,0.0,0.0,0.0,0.0,nan,0,0,0,32768,0,0.0,0,0.0,0.0,0.0,0.0,0.0,0,0,0,0,0.0,0,0,0,0,0,0,0,0,0,0,0,0,0,0,0,0,0,0,0,0,0,0,0,0,0,0,0,0,0,0,0,0,0,0,0,0,0,0,0,0,0,0,0,0,0.0,0.0,0.0,0.0,0.0,0.0,0.0,0.0,0.0,0.0,0.0,0.0,0.0,0.0,0.0,0.0,0.0,0.0,0.0,0.0,0.0,0.0,2.004,0.0,-2.004,0.0,0.0,0.0,0.0,0.0,3403.5,-2.004,0.0,-0.0,0.0,-0.0,0.0,0.0,0.0,0.0,0.0,0,2.3088382548096162e+20,0.0,0.0,0.0,0.0,0.0,0.0,0.0,0.0,0,0,0,0.0,0.0,0.0,0.0,0.0,0.0,0.0,0.0,0.0,0.0,0.0,0.0,0.0,0.0,0.0,0.0,0,-107875648.0,0,0.0,0,-107875648.0,-0.0,0,0,17040,39322,17054,13107,17038,0,0,0,110,100,100,-0.0,64.0,0.0,64.5,0.0,69.0,1,49,50,180,13107,0,0,0,0.0,0.0,0.0,0.0,1.717943395331726e+21,65.0,0.0,0.0,0.0,646,0,690,0,0,0,720,0,793,0,711,0,690,0,645,0,643,0,614,0.032,55836672.0,-0.0,-0.0,47248,16787,1.717943395331726e+21,0.0,293381.031,0.0,4.765018237471823e+24,0.0,29.0,60.0,70,0.0,0.0,0.0,0.0,0.0,0.0,0.0,0.0,0.0,0.0,0.0,0.0,0.0,0.0,0.0,0.0,59.2,69,11,65508,41,65476,0,300,0,0,8,20529,65476,0,0,61604,60.0,0.0,0.0,0.0,0.0,0.0
2026-04-04T11:02:42,ERR,ERR,ERR,ERR,ERR,ERR,ERR,ERR,ERR,ERR,ERR,ERR,ERR,ERR,ERR,ERR,ERR,ERR,ERR,ERR,ERR,ERR,ERR,ERR,ERR,ERR,ERR,ERR,ERR,ERR,ERR,ERR,ERR,ERR,ERR,ERR,ERR,ERR,ERR,ERR,ERR,ERR,ERR,ERR,ERR,ERR,ERR,ERR,ERR,ERR,ERR,ERR,ERR,ERR,ERR,ERR,ERR,ERR,ERR,ERR,ERR,ERR,ERR,ERR,ERR,ERR,ERR,ERR,ERR,ERR,ERR,ERR,ERR,ERR,ERR,ERR,ERR,ERR,ERR,ERR,ERR,ERR,ERR,ERR,ERR,ERR,ERR,ERR,ERR,ERR,ERR,ERR,ERR,ERR,ERR,ERR,ERR,ERR,ERR,ERR,ERR,ERR,ERR,ERR,ERR,ERR,ERR,ERR,ERR,ERR,ERR,ERR,ERR,ERR,ERR,ERR,ERR,ERR,ERR,ERR,ERR,ERR,ERR,ERR,ERR,-0.0,0.0,3.039990997430017e+23,0.0,0.0,0.0,0.0,nan,0,0,0,32768,0,0.0,0,0.0,0.0,0.0,0.0,0.0,0,0,0,0,0.0,0,0,0,0,0,0,0,0,0,0,0,0,0,0,0,0,0,0,0,0,0,0,0,0,0,0,0,0,0,0,0,0,0,0,0,0,0,0,0,0,0,0,0,0,0.0,0.0,0.0,0.0,0.0,0.0,0.0,0.0,0.0,0.0,0.0,0.0,0.0,0.0,0.0,0.0,0.0,0.0,0.0,0.0,0.0,0.0,2.004,0.0,-2.004,0.0,0.0,0.0,0.0,0.0,3403.5,-2.004,0.0,-0.0,0.0,-0.0,0.0,0.0,0.0,0.0,0.0,0,2.3088382548096162e+20,0.0,0.0,0.0,0.0,0.0,0.0,0.0,0.0,0,0,0,0.0,0.0,0.0,0.0,0.0,0.0,0.0,0.0,0.0,0.0,0.0,0.0,0.0,0.0,0.0,0.0,0,-107875648.0,0,0.0,0,-107875648.0,-0.0,0,0,17040,39322,17054,13107,17038,0,0,0,110,100,100,-0.0,64.0,0.0,64.5,0.0,69.0,1,49,50,180,13107,0,0,0,0.0,0.0,0.0,0.0,1.717943395331726e+21,65.0,0.0,0.0,0.0,646,0,690,0,0,0,720,0,793,0,711,0,690,0,645,0,643,0,614,0.032,55836672.0,-0.0,-0.0,47248,16787,1.717943395331726e+21,0.0,293381.031,0.0,4.765018237471823e+24,0.0,29.0,60.0,70,0.0,0.0,0.0,0.0,0.0,0.0,0.0,0.0,0.0,0.0,0.0,0.0,0.0,0.0,0.0,0.0,59.2,69,11,65508,41,65476,0,300,0,0,8,20529,65476,0,0,61604,60.0,0.0,0.0,0.0,0.0,0.0
2026-04-04T11:02:43,ERR,ERR,ERR,ERR,ERR,ERR,ERR,ERR,ERR,ERR,ERR,ERR,ERR,ERR,ERR,ERR,ERR,ERR,ERR,ERR,ERR,ERR,ERR,ERR,ERR,ERR,ERR,ERR,ERR,ERR,ERR,ERR,ERR,ERR,ERR,ERR,ERR,ERR,ERR,ERR,ERR,ERR,ERR,ERR,ERR,ERR,ERR,ERR,ERR,ERR,ERR,ERR,ERR,ERR,ERR,ERR,ERR,ERR,ERR,ERR,ERR,ERR,ERR,ERR,ERR,ERR,ERR,ERR,ERR,ERR,ERR,ERR,ERR,ERR,ERR,ERR,ERR,ERR,ERR,ERR,ERR,ERR,ERR,ERR,ERR,ERR,ERR,ERR,ERR,ERR,ERR,ERR,ERR,ERR,ERR,ERR,ERR,ERR,ERR,ERR,ERR,ERR,ERR,ERR,ERR,ERR,ERR,ERR,ERR,ERR,ERR,ERR,ERR,ERR,ERR,ERR,ERR,ERR,ERR,ERR,ERR,ERR,ERR,ERR,ERR,-0.0,0.0,3.039990997430017e+23,0.0,0.0,0.0,0.0,nan,0,0,0,32768,0,0.0,0,0.0,0.0,0.0,0.0,0.0,0,0,0,0,0.0,0,0,0,0,0,0,0,0,0,0,0,0,0,0,0,0,0,0,0,0,0,0,0,0,0,0,0,0,0,0,0,0,0,0,0,0,0,0,0,0,0,0,0,0,0.0,0.0,0.0,0.0,0.0,0.0,0.0,0.0,0.0,0.0,0.0,0.0,0.0,0.0,0.0,0.0,0.0,0.0,0.0,0.0,0.0,0.0,2.004,0.0,-2.004,0.0,0.0,0.0,0.0,0.0,3403.5,-2.004,0.0,-0.0,0.0,-0.0,0.0,0.0,0.0,0.0,0.0,0,2.3088382548096162e+20,0.0,0.0,0.0,0.0,0.0,0.0,0.0,0.0,0,0,0,0.0,0.0,0.0,0.0,0.0,0.0,0.0,0.0,0.0,0.0,0.0,0.0,0.0,0.0,0.0,0.0,0,-107875648.0,0,0.0,0,-107875648.0,-0.0,0,0,17040,39322,17054,13107,17038,0,0,0,110,100,100,-0.0,64.0,0.0,64.5,0.0,69.0,1,49,50,180,13107,0,0,0,0.0,0.0,0.0,0.0,1.717943395331726e+21,65.0,0.0,0.0,0.0,646,0,690,0,0,0,720,0,793,0,711,0,690,0,645,0,643,0,614,0.032,55836672.0,-0.0,-0.0,47248,16787,1.717943395331726e+21,0.0,293381.031,0.0,4.765018237471823e+24,0.0,29.0,60.0,70,0.0,0.0,0.0,0.0,0.0,0.0,0.0,0.0,0.0,0.0,0.0,0.0,0.0,0.0,0.0,0.0,59.2,69,11,65508,41,65476,0,300,0,0,8,20529,65476,0,0,61604,60.0,0.0,0.0,0.0,0.0,0.0
2026-04-04T11:02:44,ERR,ERR,ERR,ERR,ERR,ERR,ERR,ERR,ERR,ERR,ERR,ERR,ERR,ERR,ERR,ERR,ERR,ERR,ERR,ERR,ERR,ERR,ERR,ERR,ERR,ERR,ERR,ERR,ERR,ERR,ERR,ERR,ERR,ERR,ERR,ERR,ERR,ERR,ERR,ERR,ERR,ERR,ERR,ERR,ERR,ERR,ERR,ERR,ERR,ERR,ERR,ERR,ERR,ERR,ERR,ERR,ERR,ERR,ERR,ERR,ERR,ERR,ERR,ERR,ERR,ERR,ERR,ERR,ERR,ERR,ERR,ERR,ERR,ERR,ERR,ERR,ERR,ERR,ERR,ERR,ERR,ERR,ERR,ERR,ERR,ERR,ERR,ERR,ERR,ERR,ERR,ERR,ERR,ERR,ERR,ERR,ERR,ERR,ERR,ERR,ERR,ERR,ERR,ERR,ERR,ERR,ERR,ERR,ERR,ERR,ERR,ERR,ERR,ERR,ERR,ERR,ERR,ERR,ERR,ERR,ERR,ERR,ERR,ERR,ERR,-0.0,0.0,3.039990997430017e+23,0.0,0.0,0.0,0.0,nan,0,0,0,32768,0,0.0,0,0.0,0.0,0.0,0.0,0.0,0,0,0,0,0.0,0,0,0,0,0,0,0,0,0,0,0,0,0,0,0,0,0,0,0,0,0,0,0,0,0,0,0,0,0,0,0,0,0,0,0,0,0,0,0,0,0,0,0,0,0.0,0.0,0.0,0.0,0.0,0.0,0.0,0.0,0.0,0.0,0.0,0.0,0.0,0.0,0.0,0.0,0.0,0.0,0.0,0.0,0.0,0.0,2.004,0.0,-2.004,0.0,0.0,0.0,0.0,0.0,3403.5,-2.004,0.0,-0.0,0.0,-0.0,0.0,0.0,0.0,0.0,0.0,0,2.3088382548096162e+20,0.0,0.0,0.0,0.0,0.0,0.0,0.0,0.0,0,0,0,0.0,0.0,0.0,0.0,0.0,0.0,0.0,0.0,0.0,0.0,0.0,0.0,0.0,0.0,0.0,0.0,0,-107875648.0,0,0.0,0,-107875648.0,-0.0,0,0,17040,39322,17054,13107,17038,0,0,0,110,100,100,-0.0,64.0,0.0,64.5,0.0,69.0,1,49,50,180,13107,0,0,0,0.0,0.0,0.0,0.0,-0.0,65.0,0.0,2023817216.0,0.0,646,0,690,0,0,0,720,0,793,0,711,0,690,0,645,0,643,0,614,0.032,54263808.0,-0.0,-0.0,40336,16787,-0.0,2023817216.0,-5040247737942016.0,-0.0,-14288.51,-0.0,29.0,60.0,70,0.0,0.0,0.0,0.0,0.0,0.0,0.0,0.0,0.0,0.0,0.0,0.0,0.0,0.0,0.0,0.0,59.2,69,11,65508,41,65476,0,300,0,0,8,20529,65476,0,0,61604,60.0,0.0,0.0,0.0,0.0,0.0
2026-04-04T11:02:45,ERR,ERR,ERR,ERR,ERR,ERR,ERR,ERR,ERR,ERR,ERR,ERR,ERR,ERR,ERR,ERR,ERR,ERR,ERR,ERR,ERR,ERR,ERR,ERR,ERR,ERR,ERR,ERR,ERR,ERR,ERR,ERR,ERR,ERR,ERR,ERR,ERR,ERR,ERR,ERR,ERR,ERR,ERR,ERR,ERR,ERR,ERR,ERR,ERR,ERR,ERR,ERR,ERR,ERR,ERR,ERR,ERR,ERR,ERR,ERR,ERR,ERR,ERR,ERR,ERR,ERR,ERR,ERR,ERR,ERR,ERR,ERR,ERR,ERR,ERR,ERR,ERR,ERR,ERR,ERR,ERR,ERR,ERR,ERR,ERR,ERR,ERR,ERR,ERR,ERR,ERR,ERR,ERR,ERR,ERR,ERR,ERR,ERR,ERR,ERR,ERR,ERR,ERR,ERR,ERR,ERR,ERR,ERR,ERR,ERR,ERR,ERR,ERR,ERR,ERR,ERR,ERR,ERR,ERR,ERR,ERR,ERR,ERR,ERR,ERR,-0.0,0.0,3.039990997430017e+23,0.0,0.0,0.0,0.0,nan,0,0,0,32768,0,0.0,0,0.0,0.0,0.0,0.0,0.0,0,0,0,0,0.0,0,0,0,0,0,0,0,0,0,0,0,0,0,0,0,0,0,0,0,0,0,0,0,0,0,0,0,0,0,0,0,0,0,0,0,0,0,0,0,0,0,0,0,0,0.0,0.0,0.0,0.0,0.0,0.0,0.0,0.0,0.0,0.0,0.0,0.0,0.0,0.0,0.0,0.0,0.0,0.0,0.0,0.0,0.0,0.0,2.004,0.0,-0.0,0.0,0.0,0.0,0.0,0.0,3401.5,-3.697154467689818e+19,0.0,-0.0,0.0,2.7184274988523002e+23,0.0,0.0,0.0,0.0,0.0,0,126841012224.0,89220.062,0.0,0.0,0.0,0.0,0.0,0.0,0.0,0,0,0,0.0,0.0,0.0,0.0,0.0,0.0,0.0,0.0,0.0,0.0,0.0,0.0,0.0,0.0,0.0,0.0,0,-107875648.0,0,0.0,0,-107875648.0,-0.0,0,0,17040,39322,17054,13107,17038,0,0,0,110,100,100,-0.0,64.0,0.0,64.5,0.0,69.0,1,49,50,180,13107,0,0,0,0.0,0.0,0.0,0.0,-0.0,65.0,0.0,2023817216.0,0.0,646,0,690,0,0,0,720,0,793,0,711,0,690,0,645,0,643,0,614,0.032,54263808.0,-0.0,-0.0,40336,16787,-0.0,2023817216.0,-5040247737942016.0,-0.0,-14288.51,-0.0,29.0,60.0,70,0.0,0.0,0.0,0.0,0.0,0.0,0.0,0.0,0.0,0.0,0.0,0.0,0.0,0.0,0.0,0.0,59.2,69,11,65508,41,65476,0,300,0,0,8,20529,65476,0,0,61604,60.0,0.0,0.0,0.0,0.0,0.0
2026-04-04T11:02:46,ERR,ERR,ERR,ERR,ERR,ERR,ERR,ERR,ERR,ERR,ERR,ERR,ERR,ERR,ERR,ERR,ERR,ERR,ERR,ERR,ERR,ERR,ERR,ERR,ERR,ERR,ERR,ERR,ERR,ERR,ERR,ERR,ERR,ERR,ERR,ERR,ERR,ERR,ERR,ERR,ERR,ERR,ERR,ERR,ERR,ERR,ERR,ERR,ERR,ERR,ERR,ERR,ERR,ERR,ERR,ERR,ERR,ERR,ERR,ERR,ERR,ERR,ERR,ERR,ERR,ERR,ERR,ERR,ERR,ERR,ERR,ERR,ERR,ERR,ERR,ERR,ERR,ERR,ERR,ERR,ERR,ERR,ERR,ERR,ERR,ERR,ERR,ERR,ERR,ERR,ERR,ERR,ERR,ERR,ERR,ERR,ERR,ERR,ERR,ERR,ERR,ERR,ERR,ERR,ERR,ERR,ERR,ERR,ERR,ERR,ERR,ERR,ERR,ERR,ERR,ERR,ERR,ERR,ERR,ERR,ERR,ERR,ERR,ERR,ERR,-0.0,0.0,3.039990997430017e+23,0.0,0.0,0.0,0.0,nan,0,0,0,32768,0,0.0,0,0.0,0.0,0.0,0.0,0.0,0,0,0,0,0.0,0,0,0,0,0,0,0,0,0,0,0,0,0,0,0,0,0,0,0,0,0,0,0,0,0,0,0,0,0,0,0,0,0,0,0,0,0,0,0,0,0,0,0,0,0.0,0.0,0.0,0.0,0.0,0.0,0.0,0.0,0.0,0.0,0.0,0.0,0.0,0.0,0.0,0.0,0.0,0.0,0.0,0.0,0.0,0.0,2.004,0.0,-0.0,0.0,0.0,0.0,0.0,0.0,3401.5,-3.697154467689818e+19,0.0,-0.0,0.0,2.7184274988523002e+23,0.0,0.0,0.0,0.0,0.0,0,126841012224.0,89220.062,0.0,0.0,0.0,0.0,0.0,0.0,0.0,0,0,0,0.0,0.0,0.0,0.0,0.0,0.0,0.0,0.0,0.0,0.0,0.0,0.0,0.0,0.0,0.0,0.0,0,-107875648.0,0,0.0,0,-107875648.0,-0.0,0,0,17040,39322,17054,13107,17038,0,0,0,110,100,100,-0.0,64.0,0.0,64.5,0.0,69.0,1,49,50,180,13107,0,0,0,0.0,0.0,0.0,0.0,-0.0,65.0,0.0,2023817216.0,0.0,646,0,690,0,0,0,720,0,793,0,711,0,690,0,645,0,643,0,614,0.032,54263808.0,-0.0,-0.0,40336,16787,-0.0,2023817216.0,-5040247737942016.0,-0.0,-14288.51,-0.0,29.0,60.0,70,0.0,0.0,0.0,0.0,0.0,0.0,0.0,0.0,0.0,0.0,0.0,0.0,0.0,0.0,0.0,0.0,59.2,69,11,65508,41,65476,0,300,0,0,8,20529,65476,0,0,61604,60.0,0.0,0.0,0.0,0.0,0.0
2026-04-04T11:02:47,ERR,ERR,ERR,ERR,ERR,ERR,ERR,ERR,ERR,ERR,ERR,ERR,ERR,ERR,ERR,ERR,ERR,ERR,ERR,ERR,ERR,ERR,ERR,ERR,ERR,ERR,ERR,ERR,ERR,ERR,ERR,ERR,ERR,ERR,ERR,ERR,ERR,ERR,ERR,ERR,ERR,ERR,ERR,ERR,ERR,ERR,ERR,ERR,ERR,ERR,ERR,ERR,ERR,ERR,ERR,ERR,ERR,ERR,ERR,ERR,ERR,ERR,ERR,ERR,ERR,ERR,ERR,ERR,ERR,ERR,ERR,ERR,ERR,ERR,ERR,ERR,ERR,ERR,ERR,ERR,ERR,ERR,ERR,ERR,ERR,ERR,ERR,ERR,ERR,ERR,ERR,ERR,ERR,ERR,ERR,ERR,ERR,ERR,ERR,ERR,ERR,ERR,ERR,ERR,ERR,ERR,ERR,ERR,ERR,ERR,ERR,ERR,ERR,ERR,ERR,ERR,ERR,ERR,ERR,ERR,ERR,ERR,ERR,ERR,ERR,-0.0,0.0,3.039990997430017e+23,0.0,0.0,0.0,0.0,nan,0,0,0,32768,0,0.0,0,0.0,0.0,0.0,0.0,0.0,0,0,0,0,0.0,0,0,0,0,0,0,0,0,0,0,0,0,0,0,0,0,0,0,0,0,0,0,0,0,0,0,0,0,0,0,0,0,0,0,0,0,0,0,0,0,0,0,0,0,0.0,0.0,0.0,0.0,0.0,0.0,0.0,0.0,0.0,0.0,0.0,0.0,0.0,0.0,0.0,0.0,0.0,0.0,0.0,0.0,0.0,0.0,2.004,0.0,-0.0,0.0,0.0,0.0,0.0,0.0,3401.5,-3.697154467689818e+19,0.0,-0.0,0.0,2.7184274988523002e+23,0.0,0.0,0.0,0.0,0.0,0,126841012224.0,89220.062,0.0,0.0,0.0,0.0,0.0,0.0,0.0,0,0,0,0.0,0.0,0.0,0.0,0.0,0.0,0.0,0.0,0.0,0.0,0.0,0.0,0.0,0.0,0.0,0.0,0,-107875648.0,0,0.0,0,-107875648.0,-0.0,0,0,17040,39322,17054,13107,17038,0,0,0,110,100,100,-0.0,64.0,0.0,64.5,0.0,69.0,1,49,50,180,13107,0,0,0,0.0,0.0,0.0,0.0,5.354810457765712e+35,65.0,0.0,204742656.0,0.0,646,0,690,0,0,0,720,0,793,0,711,0,690,0,645,0,643,0,614,0.032,55574528.0,-0.0,-0.0,39696,16787,1.3946926194894863e+28,30134564290560.0,-0.0,-0.0,-0.0,2.1798752667889517e+25,29.0,60.0,70,0.0,0.0,0.0,0.0,0.0,0.0,0.0,0.0,0.0,0.0,0.0,0.0,0.0,0.0,0.0,0.0,59.2,69,11,65508,41,65476,0,300,0,0,8,20529,65476,0,0,61604,60.0,0.0,0.0,0.0,0.0,0.0
2026-04-04T11:02:48,ERR,ERR,ERR,ERR,ERR,ERR,ERR,ERR,ERR,ERR,ERR,ERR,ERR,ERR,ERR,ERR,ERR,ERR,ERR,ERR,ERR,ERR,ERR,ERR,ERR,ERR,ERR,ERR,ERR,ERR,ERR,ERR,ERR,ERR,ERR,ERR,ERR,ERR,ERR,ERR,ERR,ERR,ERR,ERR,ERR,ERR,ERR,ERR,ERR,ERR,ERR,ERR,ERR,ERR,ERR,ERR,ERR,ERR,ERR,ERR,ERR,ERR,ERR,ERR,ERR,ERR,ERR,ERR,ERR,ERR,ERR,ERR,ERR,ERR,ERR,ERR,ERR,ERR,ERR,ERR,ERR,ERR,ERR,ERR,ERR,ERR,ERR,ERR,ERR,ERR,ERR,ERR,ERR,ERR,ERR,ERR,ERR,ERR,ERR,ERR,ERR,ERR,ERR,ERR,ERR,ERR,ERR,ERR,ERR,ERR,ERR,ERR,ERR,ERR,ERR,ERR,ERR,ERR,ERR,ERR,ERR,ERR,ERR,ERR,ERR,-0.0,0.0,3.039990997430017e+23,0.0,0.0,0.0,0.0,nan,0,0,0,32768,0,0.0,0,0.0,0.0,0.0,0.0,0.0,0,0,0,0,0.0,0,0,0,0,0,0,0,0,0,0,0,0,0,0,0,0,0,0,0,0,0,0,0,0,0,0,0,0,0,0,0,0,0,0,0,0,0,0,0,0,0,0,0,0,0.0,0.0,0.0,0.0,0.0,0.0,0.0,0.0,0.0,0.0,0.0,0.0,0.0,0.0,0.0,0.0,0.0,0.0,0.0,0.0,0.0,0.0,2.004,0.0,-0.0,0.0,0.0,0.0,0.0,0.0,3401.5,-3.697154467689818e+19,0.0,-0.0,0.0,2.7184274988523002e+23,0.0,0.0,0.0,0.0,0.0,0,126841012224.0,89220.062,0.0,0.0,0.0,0.0,0.0,0.0,0.0,0,0,0,0.0,0.0,0.0,0.0,0.0,0.0,0.0,0.0,0.0,0.0,0.0,0.0,0.0,0.0,0.0,0.0,0,-107875648.0,0,0.0,0,-107875648.0,-0.0,0,0,17040,39322,17054,13107,17038,0,0,0,110,100,100,-0.0,64.0,0.0,64.5,0.0,69.0,1,49,50,180,13107,0,0,0,0.0,0.0,0.0,0.0,5.354810457765712e+35,65.0,0.0,204742656.0,0.0,646,0,690,0,0,0,720,0,793,0,711,0,690,0,645,0,643,0,614,0.032,55574528.0,-0.0,-0.0,39696,16787,1.3946926194894863e+28,30134564290560.0,-0.0,-0.0,-0.0,2.1798752667889517e+25,29.0,60.0,70,0.0,0.0,0.0,0.0,0.0,0.0,0.0,0.0,0.0,0.0,0.0,0.0,0.0,0.0,0.0,0.0,59.6,69,11,65508,41,65476,0,300,0,0,8,20529,65476,0,0,61604,60.0,0.0,0.0,0.0,0.0,0.0
2026-04-04T11:02:49,ERR,ERR,ERR,ERR,ERR,ERR,ERR,ERR,ERR,ERR,ERR,ERR,ERR,ERR,ERR,ERR,ERR,ERR,ERR,ERR,ERR,ERR,ERR,ERR,ERR,ERR,ERR,ERR,ERR,ERR,ERR,ERR,ERR,ERR,ERR,ERR,ERR,ERR,ERR,ERR,ERR,ERR,ERR,ERR,ERR,ERR,ERR,ERR,ERR,ERR,ERR,ERR,ERR,ERR,ERR,ERR,ERR,ERR,ERR,ERR,ERR,ERR,ERR,ERR,ERR,ERR,ERR,ERR,ERR,ERR,ERR,ERR,ERR,ERR,ERR,ERR,ERR,ERR,ERR,ERR,ERR,ERR,ERR,ERR,ERR,ERR,ERR,ERR,ERR,ERR,ERR,ERR,ERR,ERR,ERR,ERR,ERR,ERR,ERR,ERR,ERR,ERR,ERR,ERR,ERR,ERR,ERR,ERR,ERR,ERR,ERR,ERR,ERR,ERR,ERR,ERR,ERR,ERR,ERR,ERR,ERR,ERR,ERR,ERR,ERR,-0.0,0.0,3.039990997430017e+23,0.0,0.0,0.0,0.0,nan,0,0,0,32768,0,0.0,0,0.0,0.0,0.0,0.0,0.0,0,0,0,0,0.0,0,0,0,0,0,0,0,0,0,0,0,0,0,0,0,0,0,0,0,0,0,0,0,0,0,0,0,0,0,0,0,0,0,0,0,0,0,0,0,0,0,0,0,0,0.0,0.0,0.0,0.0,0.0,0.0,0.0,0.0,0.0,0.0,0.0,0.0,0.0,0.0,0.0,0.0,0.0,0.0,0.0,0.0,0.0,0.0,2.004,0.0,-0.0,0.0,0.0,0.0,0.0,0.0,3401.5,-3.697154467689818e+19,0.0,-0.0,0.0,2.7184274988523002e+23,0.0,0.0,0.0,0.0,0.0,0,126841012224.0,89220.062,0.0,0.0,0.0,0.0,0.0,0.0,0.0,0,0,0,0.0,0.0,0.0,0.0,0.0,0.0,0.0,0.0,0.0,0.0,0.0,0.0,0.0,0.0,0.0,0.0,0,-107875648.0,0,0.0,0,-107875648.0,-0.0,0,0,17040,39322,17054,13107,17038,0,0,0,110,100,100,-0.0,64.0,0.0,64.5,0.0,69.0,1,49,50,180,13107,0,0,0,0.0,0.0,0.0,0.0,5.354810457765712e+35,65.0,0.0,204742656.0,0.0,646,0,690,0,0,0,720,0,793,0,711,0,690,0,645,0,643,0,614,0.032,55574528.0,-0.0,-0.0,39696,16787,1.3946926194894863e+28,30134564290560.0,-0.0,-0.0,-0.0,2.1798752667889517e+25,29.0,60.0,70,0.0,0.0,0.0,0.0,0.0,0.0,0.0,0.0,0.0,0.0,0.0,0.0,0.0,0.0,0.0,0.0,59.6,69,11,65508,41,65476,0,300,0,0,8,20529,65476,0,0,61604,60.0,0.0,0.0,0.0,0.0,0.0
2026-04-04T11:02:50,ERR,ERR,ERR,ERR,ERR,ERR,ERR,ERR,ERR,ERR,ERR,ERR,ERR,ERR,ERR,ERR,ERR,ERR,ERR,ERR,ERR,ERR,ERR,ERR,ERR,ERR,ERR,ERR,ERR,ERR,ERR,ERR,ERR,ERR,ERR,ERR,ERR,ERR,ERR,ERR,ERR,ERR,ERR,ERR,ERR,ERR,ERR,ERR,ERR,ERR,ERR,ERR,ERR,ERR,ERR,ERR,ERR,ERR,ERR,ERR,ERR,ERR,ERR,ERR,ERR,ERR,ERR,ERR,ERR,ERR,ERR,ERR,ERR,ERR,ERR,ERR,ERR,ERR,ERR,ERR,ERR,ERR,ERR,ERR,ERR,ERR,ERR,ERR,ERR,ERR,ERR,ERR,ERR,ERR,ERR,ERR,ERR,ERR,ERR,ERR,ERR,ERR,ERR,ERR,ERR,ERR,ERR,ERR,ERR,ERR,ERR,ERR,ERR,ERR,ERR,ERR,ERR,ERR,ERR,ERR,ERR,ERR,ERR,ERR,ERR,-0.0,0.0,3.039990997430017e+23,0.0,0.0,0.0,0.0,nan,0,0,0,32768,0,0.0,0,0.0,0.0,0.0,0.0,0.0,0,0,0,0,0.0,0,0,0,0,0,0,0,0,0,0,0,0,0,0,0,0,0,0,0,0,0,0,0,0,0,0,0,0,0,0,0,0,0,0,0,0,0,0,0,0,0,0,0,0,0.0,0.0,0.0,0.0,0.0,0.0,0.0,0.0,0.0,0.0,0.0,0.0,0.0,0.0,0.0,0.0,0.0,0.0,0.0,0.0,0.0,0.0,2.004,0.0,-0.0,0.0,0.0,0.0,0.0,0.0,3401.5,-3.697154467689818e+19,0.0,-0.0,0.0,2.7184274988523002e+23,0.0,0.0,0.0,0.0,0.0,0,126841012224.0,89220.062,0.0,0.0,0.0,0.0,0.0,0.0,0.0,0,0,0,0.0,0.0,0.0,0.0,0.0,0.0,0.0,0.0,0.0,0.0,0.0,0.0,0.0,0.0,0.0,0.0,0,-107875648.0,0,0.0,0,-107875648.0,-0.0,0,0,17040,39322,17054,13107,17038,0,0,0,110,100,100,-0.0,64.0,0.0,64.5,0.0,69.0,1,49,50,180,13107,0,0,0,0.0,0.0,0.0,0.0,5.354810457765712e+35,65.0,0.0,204742656.0,0.0,646,0,690,0,0,0,720,0,793,0,711,0,690,0,645,0,643,0,614,0.032,55574528.0,-0.0,-0.0,39696,16787,1.3946926194894863e+28,30134564290560.0,-0.0,-0.0,-0.0,2.1798752667889517e+25,29.0,60.0,70,0.0,0.0,0.0,0.0,0.0,0.0,0.0,0.0,0.0,0.0,0.0,0.0,0.0,0.0,0.0,0.0,59.6,69,11,65508,41,65476,0,300,0,0,8,20529,65476,0,0,61604,60.0,0.0,0.0,0.0,0.0,0.0
2026-04-04T11:02:51,ERR,ERR,ERR,ERR,ERR,ERR,ERR,ERR,ERR,ERR,ERR,ERR,ERR,ERR,ERR,ERR,ERR,ERR,ERR,ERR,ERR,ERR,ERR,ERR,ERR,ERR,ERR,ERR,ERR,ERR,ERR,ERR,ERR,ERR,ERR,ERR,ERR,ERR,ERR,ERR,ERR,ERR,ERR,ERR,ERR,ERR,ERR,ERR,ERR,ERR,ERR,ERR,ERR,ERR,ERR,ERR,ERR,ERR,ERR,ERR,ERR,ERR,ERR,ERR,ERR,ERR,ERR,ERR,ERR,ERR,ERR,ERR,ERR,ERR,ERR,ERR,ERR,ERR,ERR,ERR,ERR,ERR,ERR,ERR,ERR,ERR,ERR,ERR,ERR,ERR,ERR,ERR,ERR,ERR,ERR,ERR,ERR,ERR,ERR,ERR,ERR,ERR,ERR,ERR,ERR,ERR,ERR,ERR,ERR,ERR,ERR,ERR,ERR,ERR,ERR,ERR,ERR,ERR,ERR,ERR,ERR,ERR,ERR,ERR,ERR,-0.0,0.0,3.039990997430017e+23,0.0,0.0,0.0,0.0,nan,0,0,0,32768,0,0.0,0,0.0,0.0,0.0,0.0,0.0,0,0,0,0,0.0,0,0,0,0,0,0,0,0,0,0,0,0,0,0,0,0,0,0,0,0,0,0,0,0,0,0,0,0,0,0,0,0,0,0,0,0,0,0,0,0,0,0,0,0,0.0,0.0,0.0,0.0,0.0,0.0,0.0,0.0,0.0,0.0,0.0,0.0,0.0,0.0,0.0,0.0,0.0,0.0,0.0,0.0,0.0,0.0,2.004,0.0,-0.0,0.0,0.0,0.0,0.0,0.0,3401.5,-3.697154467689818e+19,0.0,-0.0,0.0,2.7184274988523002e+23,0.0,0.0,0.0,0.0,0.0,0,126841012224.0,89220.062,0.0,0.0,0.0,0.0,0.0,0.0,0.0,0,0,0,0.0,0.0,0.0,0.0,0.0,0.0,0.0,0.0,0.0,0.0,0.0,0.0,0.0,0.0,0.0,0.0,0,-107875648.0,0,0.0,0,-107875648.0,-0.0,0,0,17040,39322,17054,13107,17038,0,0,0,110,100,100,-0.0,64.0,0.0,64.5,0.0,69.0,1,49,50,180,13107,0,0,0,0.0,0.0,0.0,0.0,5.354810457765712e+35,65.0,0.0,204742656.0,0.0,646,0,690,0,0,0,720,0,793,0,711,0,690,0,645,0,643,0,614,0.032,55574528.0,-0.0,-0.0,39696,16787,1.3946926194894863e+28,30134564290560.0,-0.0,-0.0,-0.0,2.1798752667889517e+25,29.0,60.0,70,0.0,0.0,0.0,0.0,0.0,0.0,0.0,0.0,0.0,0.0,0.0,0.0,0.0,0.0,0.0,0.0,59.6,69,11,65508,41,65476,0,300,0,0,8,20529,65476,0,0,61604,60.0,0.0,0.0,0.0,0.0,0.0
2026-04-04T11:02:52,ERR,ERR,ERR,ERR,ERR,ERR,ERR,ERR,ERR,ERR,ERR,ERR,ERR,ERR,ERR,ERR,ERR,ERR,ERR,ERR,ERR,ERR,ERR,ERR,ERR,ERR,ERR,ERR,ERR,ERR,ERR,ERR,ERR,ERR,ERR,ERR,ERR,ERR,ERR,ERR,ERR,ERR,ERR,ERR,ERR,ERR,ERR,ERR,ERR,ERR,ERR,ERR,ERR,ERR,ERR,ERR,ERR,ERR,ERR,ERR,ERR,ERR,ERR,ERR,ERR,ERR,ERR,ERR,ERR,ERR,ERR,ERR,ERR,ERR,ERR,ERR,ERR,ERR,ERR,ERR,ERR,ERR,ERR,ERR,ERR,ERR,ERR,ERR,ERR,ERR,ERR,ERR,ERR,ERR,ERR,ERR,ERR,ERR,ERR,ERR,ERR,ERR,ERR,ERR,ERR,ERR,ERR,ERR,ERR,ERR,ERR,ERR,ERR,ERR,ERR,ERR,ERR,ERR,ERR,ERR,ERR,ERR,ERR,ERR,ERR,-0.0,0.0,3.039990997430017e+23,0.0,0.0,0.0,0.0,nan,0,0,0,32768,0,0.0,0,0.0,0.0,0.0,0.0,0.0,0,0,0,0,0.0,0,0,0,0,0,0,0,0,0,0,0,0,0,0,0,0,0,0,0,0,0,0,0,0,0,0,0,0,0,0,0,0,0,0,0,0,0,0,0,0,0,0,0,0,0.0,0.0,0.0,0.0,0.0,0.0,0.0,0.0,0.0,0.0,0.0,0.0,0.0,0.0,0.0,0.0,0.0,0.0,0.0,0.0,0.0,0.0,2.004,0.0,-0.0,0.0,0.0,0.0,0.0,0.0,3419.5,0.0,0.0,-0.0,0.0,2.7184274988523002e+23,0.0,0.0,0.0,0.0,0.0,0,2.3088382548096162e+20,1.905674927650898e+17,0.0,0.0,0.0,0.0,0.0,0.0,0.0,0,0,0,0.0,0.0,0.0,0.0,0.0,0.0,0.0,0.0,0.0,0.0,0.0,0.0,0.0,0.0,0.0,0.0,0,-107875648.0,0,0.0,0,-107875648.0,-0.0,0,0,17040,39322,17054,13107,17038,0,0,0,110,100,100,-0.0,64.0,0.0,64.5,0.0,69.0,1,49,50,180,13107,0,0,0,0.0,0.0,0.0,0.0,5.354810457765712e+35,65.0,0.0,204742656.0,0.0,646,0,690,0,0,0,720,0,793,0,711,0,690,0,645,0,643,0,614,0.032,55574528.0,-0.0,-0.0,39696,16787,1.3946926194894863e+28,30134564290560.0,-0.0,-0.0,-0.0,2.1798752667889517e+25,29.0,60.0,70,0.0,0.0,0.0,0.0,0.0,0.0,0.0,0.0,0.0,0.0,0.0,0.0,0.0,0.0,0.0,0.0,59.6,69,11,65508,41,65476,0,300,0,0,8,20529,65476,0,0,61604,60.0,0.0,0.0,0.0,0.0,0.0
2026-04-04T11:02:53,ERR,ERR,ERR,ERR,ERR,ERR,ERR,ERR,ERR,ERR,ERR,ERR,ERR,ERR,ERR,ERR,ERR,ERR,ERR,ERR,ERR,ERR,ERR,ERR,ERR,ERR,ERR,ERR,ERR,ERR,ERR,ERR,ERR,ERR,ERR,ERR,ERR,ERR,ERR,ERR,ERR,ERR,ERR,ERR,ERR,ERR,ERR,ERR,ERR,ERR,ERR,ERR,ERR,ERR,ERR,ERR,ERR,ERR,ERR,ERR,ERR,ERR,ERR,ERR,ERR,ERR,ERR,ERR,ERR,ERR,ERR,ERR,ERR,ERR,ERR,ERR,ERR,ERR,ERR,ERR,ERR,ERR,ERR,ERR,ERR,ERR,ERR,ERR,ERR,ERR,ERR,ERR,ERR,ERR,ERR,ERR,ERR,ERR,ERR,ERR,ERR,ERR,ERR,ERR,ERR,ERR,ERR,ERR,ERR,ERR,ERR,ERR,ERR,ERR,ERR,ERR,ERR,ERR,ERR,ERR,ERR,ERR,ERR,ERR,ERR,-0.0,0.0,3.039990997430017e+23,0.0,0.0,0.0,0.0,nan,0,0,0,32768,0,0.0,0,0.0,0.0,0.0,0.0,0.0,0,0,0,0,0.0,0,0,0,0,0,0,0,0,0,0,0,0,0,0,0,0,0,0,0,0,0,0,0,0,0,0,0,0,0,0,0,0,0,0,0,0,0,0,0,0,0,0,0,0,0.0,0.0,0.0,0.0,0.0,0.0,0.0,0.0,0.0,0.0,0.0,0.0,0.0,0.0,0.0,0.0,0.0,0.0,0.0,0.0,0.0,0.0,2.004,0.0,-0.0,0.0,0.0,0.0,0.0,0.0,3419.5,0.0,0.0,-0.0,0.0,2.7184274988523002e+23,0.0,0.0,0.0,0.0,0.0,0,2.3088382548096162e+20,1.905674927650898e+17,0.0,0.0,0.0,0.0,0.0,0.0,0.0,0,0,0,0.0,0.0,0.0,0.0,0.0,0.0,0.0,0.0,0.0,0.0,0.0,0.0,0.0,0.0,0.0,0.0,0,-107875648.0,0,0.0,0,-107875648.0,-0.0,0,0,17040,39322,17054,13107,17038,0,0,0,110,100,100,-0.0,64.0,0.0,64.5,0.0,69.0,1,49,50,180,13107,0,0,0,0.0,0.0,0.0,0.0,3.656103020434519e+33,65.0,0.0,-0.0,0.0,646,0,690,0,0,0,720,0,793,0,711,0,690,0,645,0,643,0,614,0.032,49807360.0,-0.0,-0.0,47504,16787,1.5499376432235172e+27,-0.0,-6.539461409072537e+21,-363329504.0,-2033729.25,-0.0,29.0,60.0,70,0.0,0.0,0.0,0.0,0.0,0.0,0.0,0.0,0.0,0.0,0.0,0.0,0.0,0.0,0.0,0.0,59.6,69,11,65508,41,65476,0,300,0,0,8,20529,65476,0,0,61604,60.0,0.0,0.0,0.0,0.0,0.0
2026-04-04T11:02:54,ERR,ERR,ERR,ERR,ERR,ERR,ERR,ERR,ERR,ERR,ERR,ERR,ERR,ERR,ERR,ERR,ERR,ERR,ERR,ERR,ERR,ERR,ERR,ERR,ERR,ERR,ERR,ERR,ERR,ERR,ERR,ERR,ERR,ERR,ERR,ERR,ERR,ERR,ERR,ERR,ERR,ERR,ERR,ERR,ERR,ERR,ERR,ERR,ERR,ERR,ERR,ERR,ERR,ERR,ERR,ERR,ERR,ERR,ERR,ERR,ERR,ERR,ERR,ERR,ERR,ERR,ERR,ERR,ERR,ERR,ERR,ERR,ERR,ERR,ERR,ERR,ERR,ERR,ERR,ERR,ERR,ERR,ERR,ERR,ERR,ERR,ERR,ERR,ERR,ERR,ERR,ERR,ERR,ERR,ERR,ERR,ERR,ERR,ERR,ERR,ERR,ERR,ERR,ERR,ERR,ERR,ERR,ERR,ERR,ERR,ERR,ERR,ERR,ERR,ERR,ERR,ERR,ERR,ERR,ERR,ERR,ERR,ERR,ERR,ERR,-0.0,0.0,3.039990997430017e+23,0.0,0.0,0.0,0.0,nan,0,0,0,32768,0,0.0,0,0.0,0.0,0.0,0.0,0.0,0,0,0,0,0.0,0,0,0,0,0,0,0,0,0,0,0,0,0,0,0,0,0,0,0,0,0,0,0,0,0,0,0,0,0,0,0,0,0,0,0,0,0,0,0,0,0,0,0,0,0.0,0.0,0.0,0.0,0.0,0.0,0.0,0.0,0.0,0.0,0.0,0.0,0.0,0.0,0.0,0.0,0.0,0.0,0.0,0.0,0.0,0.0,2.004,0.0,-0.0,0.0,0.0,0.0,0.0,0.0,3419.5,0.0,0.0,-0.0,0.0,2.7184274988523002e+23,0.0,0.0,0.0,0.0,0.0,0,2.3088382548096162e+20,1.905674927650898e+17,0.0,0.0,0.0,0.0,0.0,0.0,0.0,0,0,0,0.0,0.0,0.0,0.0,0.0,0.0,0.0,0.0,0.0,0.0,0.0,0.0,0.0,0.0,0.0,0.0,0,-107875648.0,0,0.0,0,-107875648.0,-0.0,0,0,17040,39322,17054,13107,17038,0,0,0,110,100,100,-0.0,64.0,0.0,64.5,0.0,69.0,1,49,50,180,13107,0,0,0,0.0,0.0,0.0,0.0,3.656103020434519e+33,65.0,0.0,-0.0,0.0,646,0,690,0,0,0,720,0,793,0,711,0,690,0,645,0,643,0,614,0.032,49807360.0,-0.0,-0.0,47504,16787,1.5499376432235172e+27,-0.0,-6.539461409072537e+21,-363329504.0,-2033729.25,-0.0,29.0,60.0,70,0.0,0.0,0.0,0.0,0.0,0.0,0.0,0.0,0.0,0.0,0.0,0.0,0.0,0.0,0.0,0.0,59.2,69,11,65508,41,65476,0,300,0,0,8,20529,65476,0,0,61604,60.0,0.0,0.0,0.0,0.0,0.0
2026-04-04T11:02:55,ERR,ERR,ERR,ERR,ERR,ERR,ERR,ERR,ERR,ERR,ERR,ERR,ERR,ERR,ERR,ERR,ERR,ERR,ERR,ERR,ERR,ERR,ERR,ERR,ERR,ERR,ERR,ERR,ERR,ERR,ERR,ERR,ERR,ERR,ERR,ERR,ERR,ERR,ERR,ERR,ERR,ERR,ERR,ERR,ERR,ERR,ERR,ERR,ERR,ERR,ERR,ERR,ERR,ERR,ERR,ERR,ERR,ERR,ERR,ERR,ERR,ERR,ERR,ERR,ERR,ERR,ERR,ERR,ERR,ERR,ERR,ERR,ERR,ERR,ERR,ERR,ERR,ERR,ERR,ERR,ERR,ERR,ERR,ERR,ERR,ERR,ERR,ERR,ERR,ERR,ERR,ERR,ERR,ERR,ERR,ERR,ERR,ERR,ERR,ERR,ERR,ERR,ERR,ERR,ERR,ERR,ERR,ERR,ERR,ERR,ERR,ERR,ERR,ERR,ERR,ERR,ERR,ERR,ERR,ERR,ERR,ERR,ERR,ERR,ERR,-0.0,0.0,3.039990997430017e+23,0.0,0.0,0.0,0.0,nan,0,0,0,32768,0,0.0,0,0.0,0.0,0.0,0.0,0.0,0,0,0,0,0.0,0,0,0,0,0,0,0,0,0,0,0,0,0,0,0,0,0,0,0,0,0,0,0,0,0,0,0,0,0,0,0,0,0,0,0,0,0,0,0,0,0,0,0,0,0.0,0.0,0.0,0.0,0.0,0.0,0.0,0.0,0.0,0.0,0.0,0.0,0.0,0.0,0.0,0.0,0.0,0.0,0.0,0.0,0.0,0.0,2.004,0.0,-0.0,0.0,0.0,0.0,0.0,0.0,3419.5,0.0,0.0,-0.0,0.0,2.7184274988523002e+23,0.0,0.0,0.0,0.0,0.0,0,2.3088382548096162e+20,1.905674927650898e+17,0.0,0.0,0.0,0.0,0.0,0.0,0.0,0,0,0,0.0,0.0,0.0,0.0,0.0,0.0,0.0,0.0,0.0,0.0,0.0,0.0,0.0,0.0,0.0,0.0,0,-107875648.0,0,0.0,0,-107875648.0,-0.0,0,0,17040,39322,17054,13107,17038,0,0,0,110,100,100,-0.0,64.0,0.0,64.5,0.0,69.0,1,49,50,180,13107,0,0,0,0.0,0.0,0.0,0.0,3.656103020434519e+33,65.0,0.0,-0.0,0.0,646,0,690,0,0,0,720,0,793,0,711,0,690,0,645,0,643,0,614,0.032,49807360.0,-0.0,-0.0,47504,16787,1.5499376432235172e+27,-0.0,-6.539461409072537e+21,-363329504.0,-2033729.25,-0.0,29.0,60.0,70,0.0,0.0,0.0,0.0,0.0,0.0,0.0,0.0,0.0,0.0,0.0,0.0,0.0,0.0,0.0,0.0,59.2,69,11,65508,41,65476,0,300,0,0,8,20529,65476,0,0,61604,60.0,0.0,0.0,0.0,0.0,0.0
2026-04-04T11:02:56,ERR,ERR,ERR,ERR,ERR,ERR,ERR,ERR,ERR,ERR,ERR,ERR,ERR,ERR,ERR,ERR,ERR,ERR,ERR,ERR,ERR,ERR,ERR,ERR,ERR,ERR,ERR,ERR,ERR,ERR,ERR,ERR,ERR,ERR,ERR,ERR,ERR,ERR,ERR,ERR,ERR,ERR,ERR,ERR,ERR,ERR,ERR,ERR,ERR,ERR,ERR,ERR,ERR,ERR,ERR,ERR,ERR,ERR,ERR,ERR,ERR,ERR,ERR,ERR,ERR,ERR,ERR,ERR,ERR,ERR,ERR,ERR,ERR,ERR,ERR,ERR,ERR,ERR,ERR,ERR,ERR,ERR,ERR,ERR,ERR,ERR,ERR,ERR,ERR,ERR,ERR,ERR,ERR,ERR,ERR,ERR,ERR,ERR,ERR,ERR,ERR,ERR,ERR,ERR,ERR,ERR,ERR,ERR,ERR,ERR,ERR,ERR,ERR,ERR,ERR,ERR,ERR,ERR,ERR,ERR,ERR,ERR,ERR,ERR,ERR,-0.0,0.0,3.039990997430017e+23,0.0,0.0,0.0,0.0,nan,0,0,0,32768,0,0.0,0,0.0,0.0,0.0,0.0,0.0,0,0,0,0,0.0,0,0,0,0,0,0,0,0,0,0,0,0,0,0,0,0,0,0,0,0,0,0,0,0,0,0,0,0,0,0,0,0,0,0,0,0,0,0,0,0,0,0,0,0,0.0,0.0,0.0,0.0,0.0,0.0,0.0,0.0,0.0,0.0,0.0,0.0,0.0,0.0,0.0,0.0,0.0,0.0,0.0,0.0,0.0,0.0,2.004,0.0,-0.0,0.0,0.0,0.0,0.0,0.0,3419.5,0.0,0.0,-0.0,0.0,2.7184274988523002e+23,0.0,0.0,0.0,0.0,0.0,0,2.3088382548096162e+20,1.905674927650898e+17,0.0,0.0,0.0,0.0,0.0,0.0,0.0,0,0,0,0.0,0.0,0.0,0.0,0.0,0.0,0.0,0.0,0.0,0.0,0.0,0.0,0.0,0.0,0.0,0.0,0,-107875648.0,0,0.0,0,-107875648.0,-0.0,0,0,17040,39322,17054,13107,17038,0,0,0,110,100,100,-0.0,64.0,0.0,64.5,0.0,69.0,1,49,50,180,13107,0,0,0,0.0,0.0,0.0,0.0,3.656103020434519e+33,65.0,0.0,-0.0,0.0,646,0,690,0,0,0,720,0,793,0,711,0,690,0,645,0,643,0,614,0.032,49807360.0,-0.0,-0.0,47504,16787,1.5499376432235172e+27,-0.0,-6.539461409072537e+21,-363329504.0,-2033729.25,-0.0,29.0,60.0,70,0.0,0.0,0.0,0.0,0.0,0.0,0.0,0.0,0.0,0.0,0.0,0.0,0.0,0.0,0.0,0.0,59.2,69,11,65508,41,65476,0,300,0,0,8,20529,65476,0,0,61604,60.0,0.0,0.0,0.0,0.0,0.0
2026-04-04T11:02:57,ERR,ERR,ERR,ERR,ERR,ERR,ERR,ERR,ERR,ERR,ERR,ERR,ERR,ERR,ERR,ERR,ERR,ERR,ERR,ERR,ERR,ERR,ERR,ERR,ERR,ERR,ERR,ERR,ERR,ERR,ERR,ERR,ERR,ERR,ERR,ERR,ERR,ERR,ERR,ERR,ERR,ERR,ERR,ERR,ERR,ERR,ERR,ERR,ERR,ERR,ERR,ERR,ERR,ERR,ERR,ERR,ERR,ERR,ERR,ERR,ERR,ERR,ERR,ERR,ERR,ERR,ERR,ERR,ERR,ERR,ERR,ERR,ERR,ERR,ERR,ERR,ERR,ERR,ERR,ERR,ERR,ERR,ERR,ERR,ERR,ERR,ERR,ERR,ERR,ERR,ERR,ERR,ERR,ERR,ERR,ERR,ERR,ERR,ERR,ERR,ERR,ERR,ERR,ERR,ERR,ERR,ERR,ERR,ERR,ERR,ERR,ERR,ERR,ERR,ERR,ERR,ERR,ERR,ERR,ERR,ERR,ERR,ERR,ERR,ERR,-0.0,0.0,3.039990997430017e+23,0.0,0.0,0.0,0.0,nan,0,0,0,32768,0,0.0,0,0.0,0.0,0.0,0.0,0.0,0,0,0,0,0.0,0,0,0,0,0,0,0,0,0,0,0,0,0,0,0,0,0,0,0,0,0,0,0,0,0,0,0,0,0,0,0,0,0,0,0,0,0,0,0,0,0,0,0,0,0.0,0.0,0.0,0.0,0.0,0.0,0.0,0.0,0.0,0.0,0.0,0.0,0.0,0.0,0.0,0.0,0.0,0.0,0.0,0.0,0.0,0.0,2.004,0.0,-0.0,0.0,0.0,0.0,0.0,0.0,3419.5,0.0,0.0,-0.0,0.0,2.7184274988523002e+23,0.0,0.0,0.0,0.0,0.0,0,2.3088382548096162e+20,1.905674927650898e+17,0.0,0.0,0.0,0.0,0.0,0.0,0.0,0,0,0,0.0,0.0,0.0,0.0,0.0,0.0,0.0,0.0,0.0,0.0,0.0,0.0,0.0,0.0,0.0,0.0,0,-107875648.0,0,0.0,0,-107875648.0,-0.0,0,0,17040,39322,17054,13107,17038,0,0,0,110,100,100,-0.0,64.0,0.0,64.5,0.0,69.0,1,49,50,180,13107,0,0,0,0.0,0.0,0.0,0.0,3.656103020434519e+33,65.0,0.0,-0.0,0.0,646,0,690,0,0,0,720,0,793,0,711,0,690,0,645,0,643,0,614,0.032,49807360.0,-0.0,-0.0,47504,16787,1.5499376432235172e+27,-0.0,-6.539461409072537e+21,-363329504.0,-2033729.25,-0.0,29.0,60.0,70,0.0,0.0,0.0,0.0,0.0,0.0,0.0,0.0,0.0,0.0,0.0,0.0,0.0,0.0,0.0,0.0,59.6,69,11,65508,41,65476,0,300,0,0,8,20529,65476,0,0,61604,60.0,0.0,0.0,0.0,0.0,0.0
2026-04-04T11:02:58,ERR,ERR,ERR,ERR,ERR,ERR,ERR,ERR,ERR,ERR,ERR,ERR,ERR,ERR,ERR,ERR,ERR,ERR,ERR,ERR,ERR,ERR,ERR,ERR,ERR,ERR,ERR,ERR,ERR,ERR,ERR,ERR,ERR,ERR,ERR,ERR,ERR,ERR,ERR,ERR,ERR,ERR,ERR,ERR,ERR,ERR,ERR,ERR,ERR,ERR,ERR,ERR,ERR,ERR,ERR,ERR,ERR,ERR,ERR,ERR,ERR,ERR,ERR,ERR,ERR,ERR,ERR,ERR,ERR,ERR,ERR,ERR,ERR,ERR,ERR,ERR,ERR,ERR,ERR,ERR,ERR,ERR,ERR,ERR,ERR,ERR,ERR,ERR,ERR,ERR,ERR,ERR,ERR,ERR,ERR,ERR,ERR,ERR,ERR,ERR,ERR,ERR,ERR,ERR,ERR,ERR,ERR,ERR,ERR,ERR,ERR,ERR,ERR,ERR,ERR,ERR,ERR,ERR,ERR,ERR,ERR,ERR,ERR,ERR,ERR,-0.0,0.0,3.039990997430017e+23,0.0,0.0,0.0,0.0,nan,0,0,0,32768,0,0.0,0,0.0,0.0,0.0,0.0,0.0,0,0,0,0,0.0,0,0,0,0,0,0,0,0,0,0,0,0,0,0,0,0,0,0,0,0,0,0,0,0,0,0,0,0,0,0,0,0,0,0,0,0,0,0,0,0,0,0,0,0,0.0,0.0,0.0,0.0,0.0,0.0,0.0,0.0,0.0,0.0,0.0,0.0,0.0,0.0,0.0,0.0,0.0,0.0,0.0,0.0,0.0,0.0,2.004,0.0,-0.0,0.0,0.0,0.0,0.0,0.0,3419.5,0.0,0.0,-0.0,0.0,2.7184274988523002e+23,0.0,0.0,0.0,0.0,0.0,0,2.3088382548096162e+20,1.905674927650898e+17,0.0,0.0,0.0,0.0,0.0,0.0,0.0,0,0,0,0.0,0.0,0.0,0.0,0.0,0.0,0.0,0.0,0.0,0.0,0.0,0.0,0.0,0.0,0.0,0.0,0,-107875648.0,0,0.0,0,-107875648.0,-0.0,0,0,17040,39322,17054,13107,17038,0,0,0,110,100,100,-0.0,64.0,0.0,64.5,0.0,69.0,1,49,50,180,13107,0,0,0,0.0,0.0,0.0,0.0,3.656103020434519e+33,65.0,0.0,-0.0,0.0,646,0,690,0,0,0,720,0,793,0,711,0,690,0,645,0,643,0,614,0.032,49807360.0,-0.0,-0.0,47504,16787,1.5499376432235172e+27,-0.0,-6.539461409072537e+21,-363329504.0,-2033729.25,-0.0,29.0,60.0,70,0.0,0.0,0.0,0.0,0.0,0.0,0.0,0.0,0.0,0.0,0.0,0.0,0.0,0.0,0.0,0.0,59.6,69,11,65508,41,65476,0,300,0,0,8,20529,65476,0,0,61604,60.0,0.0,0.0,0.0,0.0,0.0
2026-04-04T11:02:59,ERR,ERR,ERR,ERR,ERR,ERR,ERR,ERR,ERR,ERR,ERR,ERR,ERR,ERR,ERR,ERR,ERR,ERR,ERR,ERR,ERR,ERR,ERR,ERR,ERR,ERR,ERR,ERR,ERR,ERR,ERR,ERR,ERR,ERR,ERR,ERR,ERR,ERR,ERR,ERR,ERR,ERR,ERR,ERR,ERR,ERR,ERR,ERR,ERR,ERR,ERR,ERR,ERR,ERR,ERR,ERR,ERR,ERR,ERR,ERR,ERR,ERR,ERR,ERR,ERR,ERR,ERR,ERR,ERR,ERR,ERR,ERR,ERR,ERR,ERR,ERR,ERR,ERR,ERR,ERR,ERR,ERR,ERR,ERR,ERR,ERR,ERR,ERR,ERR,ERR,ERR,ERR,ERR,ERR,ERR,ERR,ERR,ERR,ERR,ERR,ERR,ERR,ERR,ERR,ERR,ERR,ERR,ERR,ERR,ERR,ERR,ERR,ERR,ERR,ERR,ERR,ERR,ERR,ERR,ERR,ERR,ERR,ERR,ERR,ERR,-0.0,0.0,3.039990997430017e+23,0.0,0.0,0.0,0.0,nan,0,0,0,32768,0,0.0,0,0.0,0.0,0.0,0.0,0.0,0,0,0,0,0.0,0,0,0,0,0,0,0,0,0,0,0,0,0,0,0,0,0,0,0,0,0,0,0,0,0,0,0,0,0,0,0,0,0,0,0,0,0,0,0,0,0,0,0,0,0.0,0.0,0.0,0.0,0.0,0.0,0.0,0.0,0.0,0.0,0.0,0.0,0.0,0.0,0.0,0.0,0.0,0.0,0.0,0.0,0.0,0.0,2.004,0.0,-0.0,0.0,0.0,0.0,0.0,0.0,3419.5,0.0,0.0,-0.0,0.0,2.7184274988523002e+23,0.0,0.0,0.0,0.0,0.0,0,2.3088382548096162e+20,1.905674927650898e+17,0.0,0.0,0.0,0.0,0.0,0.0,0.0,0,0,0,0.0,0.0,0.0,0.0,0.0,0.0,0.0,0.0,0.0,0.0,0.0,0.0,0.0,0.0,0.0,0.0,0,-107875648.0,0,0.0,0,-107875648.0,-0.0,0,0,17040,39322,17054,13107,17038,0,0,0,110,100,100,-0.0,64.0,0.0,64.5,0.0,69.0,1,49,50,180,13107,0,0,0,0.0,0.0,0.0,0.0,7.517664782794164e+32,65.0,0.0,-0.0,0.0,646,0,690,0,0,0,720,0,793,0,711,0,690,0,645,0,643,0,614,0.032,55836672.0,-0.0,-0.0,43408,16787,1.021994124453587e+25,-0.0,-6.097962406145688e+18,-0.0,-16417.02,-0.0,29.0,60.0,70,0.0,0.0,0.0,0.0,0.0,0.0,0.0,0.0,0.0,0.0,0.0,0.0,0.0,0.0,0.0,0.0,59.2,69,11,65508,41,65476,0,300,0,0,8,20529,65476,0,0,61604,60.0,0.0,0.0,0.0,0.0,0.0
2026-04-04T11:03:00,ERR,ERR,ERR,ERR,ERR,ERR,ERR,ERR,ERR,ERR,ERR,ERR,ERR,ERR,ERR,ERR,ERR,ERR,ERR,ERR,ERR,ERR,ERR,ERR,ERR,ERR,ERR,ERR,ERR,ERR,ERR,ERR,ERR,ERR,ERR,ERR,ERR,ERR,ERR,ERR,ERR,ERR,ERR,ERR,ERR,ERR,ERR,ERR,ERR,ERR,ERR,ERR,ERR,ERR,ERR,ERR,ERR,ERR,ERR,ERR,ERR,ERR,ERR,ERR,ERR,ERR,ERR,ERR,ERR,ERR,ERR,ERR,ERR,ERR,ERR,ERR,ERR,ERR,ERR,ERR,ERR,ERR,ERR,ERR,ERR,ERR,ERR,ERR,ERR,ERR,ERR,ERR,ERR,ERR,ERR,ERR,ERR,ERR,ERR,ERR,ERR,ERR,ERR,ERR,ERR,ERR,ERR,ERR,ERR,ERR,ERR,ERR,ERR,ERR,ERR,ERR,ERR,ERR,ERR,ERR,ERR,ERR,ERR,ERR,ERR,-0.0,0.0,3.039990997430017e+23,0.0,0.0,0.0,0.0,nan,0,0,0,32768,0,0.0,0,0.0,0.0,0.0,0.0,0.0,0,0,0,0,0.0,0,0,0,0,0,0,0,0,0,0,0,0,0,0,0,0,0,0,0,0,0,0,0,0,0,0,0,0,0,0,0,0,0,0,0,0,0,0,0,0,0,0,0,0,0.0,0.0,0.0,0.0,0.0,0.0,0.0,0.0,0.0,0.0,0.0,0.0,0.0,0.0,0.0,0.0,0.0,0.0,0.0,0.0,0.0,0.0,2.004,0.0,-0.0,0.0,0.0,0.0,0.0,0.0,3417.5,0.0,0.0,-0.0,0.0,2.7184274988523002e+23,0.0,0.0,0.0,0.0,0.0,0,89221.016,89220.062,0.0,0.0,0.0,0.0,0.0,0.0,0.0,0,0,0,0.0,0.0,0.0,0.0,0.0,0.0,0.0,0.0,0.0,0.0,0.0,0.0,0.0,0.0,0.0,0.0,0,-107875648.0,0,0.0,0,-107875648.0,-0.0,0,0,17040,39322,17054,13107,17038,0,0,0,110,100,100,-0.0,64.0,0.0,64.5,0.0,69.0,1,49,50,180,13107,0,0,0,0.0,0.0,0.0,0.0,7.517664782794164e+32,65.0,0.0,-0.0,0.0,646,0,690,0,0,0,720,0,793,0,711,0,690,0,645,0,643,0,614,0.032,55836672.0,-0.0,-0.0,43408,16787,1.021994124453587e+25,-0.0,-6.097962406145688e+18,-0.0,-16417.02,-0.0,29.0,60.0,70,0.0,0.0,0.0,0.0,0.0,0.0,0.0,0.0,0.0,0.0,0.0,0.0,0.0,0.0,0.0,0.0,59.2,69,11,65508,41,65476,0,300,0,0,8,20529,65476,0,0,61604,60.0,0.0,0.0,0.0,0.0,0.0
2026-04-04T11:03:01,ERR,ERR,ERR,ERR,ERR,ERR,ERR,ERR,ERR,ERR,ERR,ERR,ERR,ERR,ERR,ERR,ERR,ERR,ERR,ERR,ERR,ERR,ERR,ERR,ERR,ERR,ERR,ERR,ERR,ERR,ERR,ERR,ERR,ERR,ERR,ERR,ERR,ERR,ERR,ERR,ERR,ERR,ERR,ERR,ERR,ERR,ERR,ERR,ERR,ERR,ERR,ERR,ERR,ERR,ERR,ERR,ERR,ERR,ERR,ERR,ERR,ERR,ERR,ERR,ERR,ERR,ERR,ERR,ERR,ERR,ERR,ERR,ERR,ERR,ERR,ERR,ERR,ERR,ERR,ERR,ERR,ERR,ERR,ERR,ERR,ERR,ERR,ERR,ERR,ERR,ERR,ERR,ERR,ERR,ERR,ERR,ERR,ERR,ERR,ERR,ERR,ERR,ERR,ERR,ERR,ERR,ERR,ERR,ERR,ERR,ERR,ERR,ERR,ERR,ERR,ERR,ERR,ERR,ERR,ERR,ERR,ERR,ERR,ERR,ERR,-0.0,0.0,3.039990997430017e+23,0.0,0.0,0.0,0.0,nan,0,0,0,32768,0,0.0,0,0.0,0.0,0.0,0.0,0.0,0,0,0,0,0.0,0,0,0,0,0,0,0,0,0,0,0,0,0,0,0,0,0,0,0,0,0,0,0,0,0,0,0,0,0,0,0,0,0,0,0,0,0,0,0,0,0,0,0,0,0.0,0.0,0.0,0.0,0.0,0.0,0.0,0.0,0.0,0.0,0.0,0.0,0.0,0.0,0.0,0.0,0.0,0.0,0.0,0.0,0.0,0.0,2.004,0.0,-0.0,0.0,0.0,0.0,0.0,0.0,3417.5,0.0,0.0,-0.0,0.0,2.7184274988523002e+23,0.0,0.0,0.0,0.0,0.0,0,89221.016,89220.062,0.0,0.0,0.0,0.0,0.0,0.0,0.0,0,0,0,0.0,0.0,0.0,0.0,0.0,0.0,0.0,0.0,0.0,0.0,0.0,0.0,0.0,0.0,0.0,0.0,0,-107875648.0,0,0.0,0,-107875648.0,-0.0,0,0,17040,39322,17054,13107,17038,0,0,0,110,100,100,-0.0,64.0,0.0,64.5,0.0,69.0,1,49,50,180,13107,0,0,0,0.0,0.0,0.0,0.0,7.517664782794164e+32,65.0,0.0,-0.0,0.0,646,0,690,0,0,0,720,0,793,0,711,0,690,0,645,0,643,0,614,0.032,55836672.0,-0.0,-0.0,43408,16787,1.021994124453587e+25,-0.0,-6.097962406145688e+18,-0.0,-16417.02,-0.0,29.0,60.0,70,0.0,0.0,0.0,0.0,0.0,0.0,0.0,0.0,0.0,0.0,0.0,0.0,0.0,0.0,0.0,0.0,59.2,69,11,65508,41,65476,0,300,0,0,8,20529,65476,0,0,61604,60.0,0.0,0.0,0.0,0.0,0.0
2026-04-04T11:03:02,ERR,ERR,ERR,ERR,ERR,ERR,ERR,ERR,ERR,ERR,ERR,ERR,ERR,ERR,ERR,ERR,ERR,ERR,ERR,ERR,ERR,ERR,ERR,ERR,ERR,ERR,ERR,ERR,ERR,ERR,ERR,ERR,ERR,ERR,ERR,ERR,ERR,ERR,ERR,ERR,ERR,ERR,ERR,ERR,ERR,ERR,ERR,ERR,ERR,ERR,ERR,ERR,ERR,ERR,ERR,ERR,ERR,ERR,ERR,ERR,ERR,ERR,ERR,ERR,ERR,ERR,ERR,ERR,ERR,ERR,ERR,ERR,ERR,ERR,ERR,ERR,ERR,ERR,ERR,ERR,ERR,ERR,ERR,ERR,ERR,ERR,ERR,ERR,ERR,ERR,ERR,ERR,ERR,ERR,ERR,ERR,ERR,ERR,ERR,ERR,ERR,ERR,ERR,ERR,ERR,ERR,ERR,ERR,ERR,ERR,ERR,ERR,ERR,ERR,ERR,ERR,ERR,ERR,ERR,ERR,ERR,ERR,ERR,ERR,ERR,-0.0,0.0,3.039990997430017e+23,0.0,0.0,0.0,0.0,nan,0,0,0,32768,0,0.0,0,0.0,0.0,0.0,0.0,0.0,0,0,0,0,0.0,0,0,0,0,0,0,0,0,0,0,0,0,0,0,0,0,0,0,0,0,0,0,0,0,0,0,0,0,0,0,0,0,0,0,0,0,0,0,0,0,0,0,0,0,0.0,0.0,0.0,0.0,0.0,0.0,0.0,0.0,0.0,0.0,0.0,0.0,0.0,0.0,0.0,0.0,0.0,0.0,0.0,0.0,0.0,0.0,2.004,0.0,-0.0,0.0,0.0,0.0,0.0,0.0,3417.5,0.0,0.0,-0.0,0.0,2.7184274988523002e+23,0.0,0.0,0.0,0.0,0.0,0,89221.016,89220.062,0.0,0.0,0.0,0.0,0.0,0.0,0.0,0,0,0,0.0,0.0,0.0,0.0,0.0,0.0,0.0,0.0,0.0,0.0,0.0,0.0,0.0,0.0,0.0,0.0,0,-107875648.0,0,0.0,0,-107875648.0,-0.0,0,0,17040,39322,17054,13107,17038,0,0,0,110,100,100,-0.0,64.0,0.0,64.5,0.0,69.0,1,49,50,180,13107,0,0,0,0.0,0.0,0.0,0.0,7.517664782794164e+32,65.0,0.0,-0.0,0.0,646,0,690,0,0,0,720,0,793,0,711,0,690,0,645,0,643,0,614,0.032,55836672.0,-0.0,-0.0,43408,16787,1.021994124453587e+25,-0.0,-6.097962406145688e+18,-0.0,-16417.02,-0.0,29.0,60.0,70,0.0,0.0,0.0,0.0,0.0,0.0,0.0,0.0,0.0,0.0,0.0,0.0,0.0,0.0,0.0,0.0,59.2,69,11,65508,41,65476,0,300,0,0,8,20529,65476,0,0,61604,60.0,0.0,0.0,0.0,0.0,0.0
2026-04-04T11:03:03,ERR,ERR,ERR,ERR,ERR,ERR,ERR,ERR,ERR,ERR,ERR,ERR,ERR,ERR,ERR,ERR,ERR,ERR,ERR,ERR,ERR,ERR,ERR,ERR,ERR,ERR,ERR,ERR,ERR,ERR,ERR,ERR,ERR,ERR,ERR,ERR,ERR,ERR,ERR,ERR,ERR,ERR,ERR,ERR,ERR,ERR,ERR,ERR,ERR,ERR,ERR,ERR,ERR,ERR,ERR,ERR,ERR,ERR,ERR,ERR,ERR,ERR,ERR,ERR,ERR,ERR,ERR,ERR,ERR,ERR,ERR,ERR,ERR,ERR,ERR,ERR,ERR,ERR,ERR,ERR,ERR,ERR,ERR,ERR,ERR,ERR,ERR,ERR,ERR,ERR,ERR,ERR,ERR,ERR,ERR,ERR,ERR,ERR,ERR,ERR,ERR,ERR,ERR,ERR,ERR,ERR,ERR,ERR,ERR,ERR,ERR,ERR,ERR,ERR,ERR,ERR,ERR,ERR,ERR,ERR,ERR,ERR,ERR,ERR,ERR,-0.0,0.0,3.039990997430017e+23,0.0,0.0,0.0,0.0,nan,0,0,0,32768,0,0.0,0,0.0,0.0,0.0,0.0,0.0,0,0,0,0,0.0,0,0,0,0,0,0,0,0,0,0,0,0,0,0,0,0,0,0,0,0,0,0,0,0,0,0,0,0,0,0,0,0,0,0,0,0,0,0,0,0,0,0,0,0,0.0,0.0,0.0,0.0,0.0,0.0,0.0,0.0,0.0,0.0,0.0,0.0,0.0,0.0,0.0,0.0,0.0,0.0,0.0,0.0,0.0,0.0,2.004,0.0,-0.0,0.0,0.0,0.0,0.0,0.0,3417.5,0.0,0.0,-0.0,0.0,2.7184274988523002e+23,0.0,0.0,0.0,0.0,0.0,0,89221.016,89220.062,0.0,0.0,0.0,0.0,0.0,0.0,0.0,0,0,0,0.0,0.0,0.0,0.0,0.0,0.0,0.0,0.0,0.0,0.0,0.0,0.0,0.0,0.0,0.0,0.0,0,-107875648.0,0,0.0,0,-107875648.0,-0.0,0,0,17040,39322,17054,13107,17038,0,0,0,110,100,100,-0.0,64.0,0.0,64.5,0.0,69.0,1,49,50,180,13107,0,0,0,0.0,0.0,0.0,0.0,-0.0,65.0,0.0,-0.0,0.0,646,0,690,0,0,0,720,0,793,0,711,0,690,0,645,0,643,0,614,0.032,50069504.0,2.004,0.0,39568,16787,-0.0,-0.0,0.0,-0.0,0.0,-2.990430547254182e+28,29.0,60.0,70,0.0,0.0,0.0,0.0,0.0,0.0,0.0,0.0,0.0,0.0,0.0,0.0,0.0,0.0,0.0,0.0,59.6,69,11,65508,41,65476,0,300,0,0,8,20529,65476,0,0,61604,60.0,0.0,0.0,0.0,0.0,0.0
2026-04-04T11:03:04,ERR,ERR,ERR,ERR,ERR,ERR,ERR,ERR,ERR,ERR,ERR,ERR,ERR,ERR,ERR,ERR,ERR,ERR,ERR,ERR,ERR,ERR,ERR,ERR,ERR,ERR,ERR,ERR,ERR,ERR,ERR,ERR,ERR,ERR,ERR,ERR,ERR,ERR,ERR,ERR,ERR,ERR,ERR,ERR,ERR,ERR,ERR,ERR,ERR,ERR,ERR,ERR,ERR,ERR,ERR,ERR,ERR,ERR,ERR,ERR,ERR,ERR,ERR,ERR,ERR,ERR,ERR,ERR,ERR,ERR,ERR,ERR,ERR,ERR,ERR,ERR,ERR,ERR,ERR,ERR,ERR,ERR,ERR,ERR,ERR,ERR,ERR,ERR,ERR,ERR,ERR,ERR,ERR,ERR,ERR,ERR,ERR,ERR,ERR,ERR,ERR,ERR,ERR,ERR,ERR,ERR,ERR,ERR,ERR,ERR,ERR,ERR,ERR,ERR,ERR,ERR,ERR,ERR,ERR,ERR,ERR,ERR,ERR,ERR,ERR,-0.0,0.0,3.039990997430017e+23,0.0,0.0,0.0,0.0,nan,0,0,0,32768,0,0.0,0,0.0,0.0,0.0,0.0,0.0,0,0,0,0,0.0,0,0,0,0,0,0,0,0,0,0,0,0,0,0,0,0,0,0,0,0,0,0,0,0,0,0,0,0,0,0,0,0,0,0,0,0,0,0,0,0,0,0,0,0,0.0,0.0,0.0,0.0,0.0,0.0,0.0,0.0,0.0,0.0,0.0,0.0,0.0,0.0,0.0,0.0,0.0,0.0,0.0,0.0,0.0,0.0,2.004,0.0,-0.0,0.0,0.0,0.0,0.0,0.0,3417.5,0.0,0.0,-0.0,0.0,2.7184274988523002e+23,0.0,0.0,0.0,0.0,0.0,0,89221.016,89220.062,0.0,0.0,0.0,0.0,0.0,0.0,0.0,0,0,0,0.0,0.0,0.0,0.0,0.0,0.0,0.0,0.0,0.0,0.0,0.0,0.0,0.0,0.0,0.0,0.0,0,-107875648.0,0,0.0,0,-107875648.0,-0.0,0,0,17040,39322,17054,13107,17038,0,0,0,110,100,100,-0.0,64.0,0.0,64.5,0.0,69.0,1,49,50,180,13107,0,0,0,0.0,0.0,0.0,0.0,-0.0,65.0,0.0,-0.0,0.0,646,0,690,0,0,0,720,0,793,0,711,0,690,0,645,0,643,0,614,0.032,50069504.0,2.004,0.0,39568,16787,-0.0,-0.0,0.0,-0.0,0.0,-2.990430547254182e+28,29.0,60.0,70,0.0,0.0,0.0,0.0,0.0,0.0,0.0,0.0,0.0,0.0,0.0,0.0,0.0,0.0,0.0,0.0,59.6,69,11,65508,41,65476,0,300,0,0,8,20529,65476,0,0,61604,60.0,0.0,0.0,0.0,0.0,0.0
2026-04-04T11:03:05,ERR,ERR,ERR,ERR,ERR,ERR,ERR,ERR,ERR,ERR,ERR,ERR,ERR,ERR,ERR,ERR,ERR,ERR,ERR,ERR,ERR,ERR,ERR,ERR,ERR,ERR,ERR,ERR,ERR,ERR,ERR,ERR,ERR,ERR,ERR,ERR,ERR,ERR,ERR,ERR,ERR,ERR,ERR,ERR,ERR,ERR,ERR,ERR,ERR,ERR,ERR,ERR,ERR,ERR,ERR,ERR,ERR,ERR,ERR,ERR,ERR,ERR,ERR,ERR,ERR,ERR,ERR,ERR,ERR,ERR,ERR,ERR,ERR,ERR,ERR,ERR,ERR,ERR,ERR,ERR,ERR,ERR,ERR,ERR,ERR,ERR,ERR,ERR,ERR,ERR,ERR,ERR,ERR,ERR,ERR,ERR,ERR,ERR,ERR,ERR,ERR,ERR,ERR,ERR,ERR,ERR,ERR,ERR,ERR,ERR,ERR,ERR,ERR,ERR,ERR,ERR,ERR,ERR,ERR,ERR,ERR,ERR,ERR,ERR,ERR,-0.0,0.0,3.039990997430017e+23,0.0,0.0,0.0,0.0,nan,0,0,0,32768,0,0.0,0,0.0,0.0,0.0,0.0,0.0,0,0,0,0,0.0,0,0,0,0,0,0,0,0,0,0,0,0,0,0,0,0,0,0,0,0,0,0,0,0,0,0,0,0,0,0,0,0,0,0,0,0,0,0,0,0,0,0,0,0,0.0,0.0,0.0,0.0,0.0,0.0,0.0,0.0,0.0,0.0,0.0,0.0,0.0,0.0,0.0,0.0,0.0,0.0,0.0,0.0,0.0,0.0,2.004,0.0,-0.0,0.0,0.0,0.0,0.0,0.0,3417.5,0.0,0.0,-0.0,0.0,2.7184274988523002e+23,0.0,0.0,0.0,0.0,0.0,0,89221.016,89220.062,0.0,0.0,0.0,0.0,0.0,0.0,0.0,0,0,0,0.0,0.0,0.0,0.0,0.0,0.0,0.0,0.0,0.0,0.0,0.0,0.0,0.0,0.0,0.0,0.0,0,-107875648.0,0,0.0,0,-107875648.0,-0.0,0,0,17040,39322,17054,13107,17038,0,0,0,110,100,100,-0.0,64.0,0.0,64.5,0.0,69.0,1,49,50,180,13107,0,0,0,0.0,0.0,0.0,0.0,-0.0,65.0,0.0,-0.0,0.0,646,0,690,0,0,0,720,0,793,0,711,0,690,0,645,0,643,0,614,0.032,50069504.0,2.004,0.0,39568,16787,-0.0,-0.0,0.0,-0.0,0.0,-2.990430547254182e+28,29.0,60.0,70,0.0,0.0,0.0,0.0,0.0,0.0,0.0,0.0,0.0,0.0,0.0,0.0,0.0,0.0,0.0,0.0,59.6,69,11,65508,41,65476,0,300,0,0,8,20529,65476,0,0,61604,60.0,0.0,0.0,0.0,0.0,0.0
2026-04-04T11:03:06,ERR,ERR,ERR,ERR,ERR,ERR,ERR,ERR,ERR,ERR,ERR,ERR,ERR,ERR,ERR,ERR,ERR,ERR,ERR,ERR,ERR,ERR,ERR,ERR,ERR,ERR,ERR,ERR,ERR,ERR,ERR,ERR,ERR,ERR,ERR,ERR,ERR,ERR,ERR,ERR,ERR,ERR,ERR,ERR,ERR,ERR,ERR,ERR,ERR,ERR,ERR,ERR,ERR,ERR,ERR,ERR,ERR,ERR,ERR,ERR,ERR,ERR,ERR,ERR,ERR,ERR,ERR,ERR,ERR,ERR,ERR,ERR,ERR,ERR,ERR,ERR,ERR,ERR,ERR,ERR,ERR,ERR,ERR,ERR,ERR,ERR,ERR,ERR,ERR,ERR,ERR,ERR,ERR,ERR,ERR,ERR,ERR,ERR,ERR,ERR,ERR,ERR,ERR,ERR,ERR,ERR,ERR,ERR,ERR,ERR,ERR,ERR,ERR,ERR,ERR,ERR,ERR,ERR,ERR,ERR,ERR,ERR,ERR,ERR,ERR,-0.0,0.0,3.039990997430017e+23,0.0,0.0,0.0,0.0,nan,0,0,0,32768,0,0.0,0,0.0,0.0,0.0,0.0,0.0,0,0,0,0,0.0,0,0,0,0,0,0,0,0,0,0,0,0,0,0,0,0,0,0,0,0,0,0,0,0,0,0,0,0,0,0,0,0,0,0,0,0,0,0,0,0,0,0,0,0,0.0,0.0,0.0,0.0,0.0,0.0,0.0,0.0,0.0,0.0,0.0,0.0,0.0,0.0,0.0,0.0,0.0,0.0,0.0,0.0,0.0,0.0,2.004,0.0,-0.0,0.0,0.0,0.0,0.0,0.0,3417.5,0.0,0.0,-0.0,0.0,2.7184274988523002e+23,0.0,0.0,0.0,0.0,0.0,0,89221.016,89220.062,0.0,0.0,0.0,0.0,0.0,0.0,0.0,0,0,0,0.0,0.0,0.0,0.0,0.0,0.0,0.0,0.0,0.0,0.0,0.0,0.0,0.0,0.0,0.0,0.0,0,-107875648.0,0,0.0,0,-107875648.0,-0.0,0,0,17040,39322,17054,13107,17038,0,0,0,110,100,100,-0.0,64.0,0.0,64.5,0.0,69.0,1,49,50,180,13107,0,0,0,0.0,0.0,0.0,0.0,-0.0,65.0,0.0,-0.0,0.0,646,0,690,0,0,0,720,0,793,0,711,0,690,0,645,0,643,0,614,0.032,50069504.0,2.004,0.0,39568,16787,-0.0,-0.0,0.0,-0.0,0.0,-2.990430547254182e+28,29.0,60.0,70,0.0,0.0,0.0,0.0,0.0,0.0,0.0,0.0,0.0,0.0,0.0,0.0,0.0,0.0,0.0,0.0,59.2,69,11,65508,41,65476,0,300,0,0,8,20529,65476,0,0,61604,60.0,0.0,0.0,0.0,0.0,0.0
2026-04-04T11:03:07,ERR,ERR,ERR,ERR,ERR,ERR,ERR,ERR,ERR,ERR,ERR,ERR,ERR,ERR,ERR,ERR,ERR,ERR,ERR,ERR,ERR,ERR,ERR,ERR,ERR,ERR,ERR,ERR,ERR,ERR,ERR,ERR,ERR,ERR,ERR,ERR,ERR,ERR,ERR,ERR,ERR,ERR,ERR,ERR,ERR,ERR,ERR,ERR,ERR,ERR,ERR,ERR,ERR,ERR,ERR,ERR,ERR,ERR,ERR,ERR,ERR,ERR,ERR,ERR,ERR,ERR,ERR,ERR,ERR,ERR,ERR,ERR,ERR,ERR,ERR,ERR,ERR,ERR,ERR,ERR,ERR,ERR,ERR,ERR,ERR,ERR,ERR,ERR,ERR,ERR,ERR,ERR,ERR,ERR,ERR,ERR,ERR,ERR,ERR,ERR,ERR,ERR,ERR,ERR,ERR,ERR,ERR,ERR,ERR,ERR,ERR,ERR,ERR,ERR,ERR,ERR,ERR,ERR,ERR,ERR,ERR,ERR,ERR,ERR,ERR,-0.0,0.0,3.039990997430017e+23,0.0,0.0,0.0,0.0,nan,0,0,0,32768,0,0.0,0,0.0,0.0,0.0,0.0,0.0,0,0,0,0,0.0,0,0,0,0,0,0,0,0,0,0,0,0,0,0,0,0,0,0,0,0,0,0,0,0,0,0,0,0,0,0,0,0,0,0,0,0,0,0,0,0,0,0,0,0,0.0,0.0,0.0,0.0,0.0,0.0,0.0,0.0,0.0,0.0,0.0,0.0,0.0,0.0,0.0,0.0,0.0,0.0,0.0,0.0,0.0,0.0,2.004,0.0,-0.0,0.0,0.0,0.0,0.0,0.0,3418.5,-1.5879157526988056e+29,0.0,-0.0,0.0,2.7184274988523002e+23,0.0,0.0,0.0,0.0,0.0,0,152018253512704.0,89220.062,0.0,0.0,0.0,0.0,0.0,0.0,0.0,0,0,0,0.0,0.0,0.0,0.0,0.0,0.0,0.0,0.0,0.0,0.0,0.0,0.0,0.0,0.0,0.0,0.0,0,-107875648.0,0,0.0,0,-107875648.0,-0.0,0,0,17040,39322,17054,13107,17038,0,0,0,110,100,100,-0.0,64.0,0.0,64.5,0.0,69.0,1,49,50,180,13107,0,0,0,0.0,0.0,0.0,0.0,-0.0,65.0,0.0,-0.0,0.0,646,0,690,0,0,0,720,0,793,0,711,0,690,0,645,0,643,0,614,0.032,50069504.0,2.004,0.0,39568,16787,-0.0,-0.0,0.0,-0.0,0.0,-2.990430547254182e+28,29.0,60.0,70,0.0,0.0,0.0,0.0,0.0,0.0,0.0,0.0,0.0,0.0,0.0,0.0,0.0,0.0,0.0,0.0,59.2,69,11,65508,41,65476,0,300,0,0,8,20529,65476,0,0,61604,60.0,0.0,0.0,0.0,0.0,0.0
2026-04-04T11:03:08,ERR,ERR,ERR,ERR,ERR,ERR,ERR,ERR,ERR,ERR,ERR,ERR,ERR,ERR,ERR,ERR,ERR,ERR,ERR,ERR,ERR,ERR,ERR,ERR,ERR,ERR,ERR,ERR,ERR,ERR,ERR,ERR,ERR,ERR,ERR,ERR,ERR,ERR,ERR,ERR,ERR,ERR,ERR,ERR,ERR,ERR,ERR,ERR,ERR,ERR,ERR,ERR,ERR,ERR,ERR,ERR,ERR,ERR,ERR,ERR,ERR,ERR,ERR,ERR,ERR,ERR,ERR,ERR,ERR,ERR,ERR,ERR,ERR,ERR,ERR,ERR,ERR,ERR,ERR,ERR,ERR,ERR,ERR,ERR,ERR,ERR,ERR,ERR,ERR,ERR,ERR,ERR,ERR,ERR,ERR,ERR,ERR,ERR,ERR,ERR,ERR,ERR,ERR,ERR,ERR,ERR,ERR,ERR,ERR,ERR,ERR,ERR,ERR,ERR,ERR,ERR,ERR,ERR,ERR,ERR,ERR,ERR,ERR,ERR,ERR,-0.0,0.0,3.039990997430017e+23,0.0,0.0,0.0,0.0,nan,0,0,0,32768,0,0.0,0,0.0,0.0,0.0,0.0,0.0,0,0,0,0,0.0,0,0,0,0,0,0,0,0,0,0,0,0,0,0,0,0,0,0,0,0,0,0,0,0,0,0,0,0,0,0,0,0,0,0,0,0,0,0,0,0,0,0,0,0,0.0,0.0,0.0,0.0,0.0,0.0,0.0,0.0,0.0,0.0,0.0,0.0,0.0,0.0,0.0,0.0,0.0,0.0,0.0,0.0,0.0,0.0,2.004,0.0,-0.0,0.0,0.0,0.0,0.0,0.0,3418.5,-1.5879157526988056e+29,0.0,-0.0,0.0,2.7184274988523002e+23,0.0,0.0,0.0,0.0,0.0,0,152018253512704.0,89220.062,0.0,0.0,0.0,0.0,0.0,0.0,0.0,0,0,0,0.0,0.0,0.0,0.0,0.0,0.0,0.0,0.0,0.0,0.0,0.0,0.0,0.0,0.0,0.0,0.0,0,-107875648.0,0,0.0,0,-107875648.0,-0.0,0,0,17040,39322,17054,13107,17038,0,0,0,110,100,100,-0.0,64.0,0.0,64.5,0.0,69.0,1,49,50,180,13107,0,0,0,0.0,0.0,0.0,0.0,-0.0,65.0,0.0,-0.0,0.0,646,0,690,0,0,0,720,0,793,0,711,0,690,0,645,0,643,0,614,0.032,50069504.0,2.004,0.0,39568,16787,-0.0,-0.0,0.0,-0.0,0.0,-2.990430547254182e+28,29.0,60.0,70,0.0,0.0,0.0,0.0,0.0,0.0,0.0,0.0,0.0,0.0,0.0,0.0,0.0,0.0,0.0,0.0,59.2,69,11,65508,41,65476,0,300,0,0,8,20529,65476,0,0,61604,60.0,0.0,0.0,0.0,0.0,0.0
2026-04-04T11:03:09,ERR,ERR,ERR,ERR,ERR,ERR,ERR,ERR,ERR,ERR,ERR,ERR,ERR,ERR,ERR,ERR,ERR,ERR,ERR,ERR,ERR,ERR,ERR,ERR,ERR,ERR,ERR,ERR,ERR,ERR,ERR,ERR,ERR,ERR,ERR,ERR,ERR,ERR,ERR,ERR,ERR,ERR,ERR,ERR,ERR,ERR,ERR,ERR,ERR,ERR,ERR,ERR,ERR,ERR,ERR,ERR,ERR,ERR,ERR,ERR,ERR,ERR,ERR,ERR,ERR,ERR,ERR,ERR,ERR,ERR,ERR,ERR,ERR,ERR,ERR,ERR,ERR,ERR,ERR,ERR,ERR,ERR,ERR,ERR,ERR,ERR,ERR,ERR,ERR,ERR,ERR,ERR,ERR,ERR,ERR,ERR,ERR,ERR,ERR,ERR,ERR,ERR,ERR,ERR,ERR,ERR,ERR,ERR,ERR,ERR,ERR,ERR,ERR,ERR,ERR,ERR,ERR,ERR,ERR,ERR,ERR,ERR,ERR,ERR,ERR,-0.0,0.0,3.039990997430017e+23,0.0,0.0,0.0,0.0,nan,0,0,0,32768,0,0.0,0,0.0,0.0,0.0,0.0,0.0,0,0,0,0,0.0,0,0,0,0,0,0,0,0,0,0,0,0,0,0,0,0,0,0,0,0,0,0,0,0,0,0,0,0,0,0,0,0,0,0,0,0,0,0,0,0,0,0,0,0,0.0,0.0,0.0,0.0,0.0,0.0,0.0,0.0,0.0,0.0,0.0,0.0,0.0,0.0,0.0,0.0,0.0,0.0,0.0,0.0,0.0,0.0,2.004,0.0,-0.0,0.0,0.0,0.0,0.0,0.0,3418.5,-1.5879157526988056e+29,0.0,-0.0,0.0,2.7184274988523002e+23,0.0,0.0,0.0,0.0,0.0,0,152018253512704.0,89220.062,0.0,0.0,0.0,0.0,0.0,0.0,0.0,0,0,0,0.0,0.0,0.0,0.0,0.0,0.0,0.0,0.0,0.0,0.0,0.0,0.0,0.0,0.0,0.0,0.0,0,-107875648.0,0,0.0,0,-107875648.0,-0.0,0,0,17040,39322,17054,13107,17038,0,0,0,110,100,100,-0.0,64.0,0.0,64.5,0.0,69.0,1,49,50,180,13107,0,0,0,0.0,0.0,0.0,0.0,-0.0,65.0,0.0,2.1626727712181703e+36,0.0,646,0,690,0,0,0,720,0,793,0,711,0,690,0,645,0,643,0,614,0.032,50069504.0,-0.0,-0.0,45584,16787,-0.0,2.1626727712181703e+36,0.0,4582731178573824.0,-2.5108203959408648e+28,-168502405103616.0,29.0,60.0,70,0.0,0.0,0.0,0.0,0.0,0.0,0.0,0.0,0.0,0.0,0.0,0.0,0.0,0.0,0.0,0.0,59.2,69,11,65508,41,65476,0,300,0,0,8,20529,65476,0,0,61604,60.0,0.0,0.0,0.0,0.0,0.0
2026-04-04T11:03:10,ERR,ERR,ERR,ERR,ERR,ERR,ERR,ERR,ERR,ERR,ERR,ERR,ERR,ERR,ERR,ERR,ERR,ERR,ERR,ERR,ERR,ERR,ERR,ERR,ERR,ERR,ERR,ERR,ERR,ERR,ERR,ERR,ERR,ERR,ERR,ERR,ERR,ERR,ERR,ERR,ERR,ERR,ERR,ERR,ERR,ERR,ERR,ERR,ERR,ERR,ERR,ERR,ERR,ERR,ERR,ERR,ERR,ERR,ERR,ERR,ERR,ERR,ERR,ERR,ERR,ERR,ERR,ERR,ERR,ERR,ERR,ERR,ERR,ERR,ERR,ERR,ERR,ERR,ERR,ERR,ERR,ERR,ERR,ERR,ERR,ERR,ERR,ERR,ERR,ERR,ERR,ERR,ERR,ERR,ERR,ERR,ERR,ERR,ERR,ERR,ERR,ERR,ERR,ERR,ERR,ERR,ERR,ERR,ERR,ERR,ERR,ERR,ERR,ERR,ERR,ERR,ERR,ERR,ERR,ERR,ERR,ERR,ERR,ERR,ERR,-0.0,0.0,3.039990997430017e+23,0.0,0.0,0.0,0.0,nan,0,0,0,32768,0,0.0,0,0.0,0.0,0.0,0.0,0.0,0,0,0,0,0.0,0,0,0,0,0,0,0,0,0,0,0,0,0,0,0,0,0,0,0,0,0,0,0,0,0,0,0,0,0,0,0,0,0,0,0,0,0,0,0,0,0,0,0,0,0.0,0.0,0.0,0.0,0.0,0.0,0.0,0.0,0.0,0.0,0.0,0.0,0.0,0.0,0.0,0.0,0.0,0.0,0.0,0.0,0.0,0.0,2.004,0.0,-0.0,0.0,0.0,0.0,0.0,0.0,3418.5,-1.5879157526988056e+29,0.0,-0.0,0.0,2.7184274988523002e+23,0.0,0.0,0.0,0.0,0.0,0,152018253512704.0,89220.062,0.0,0.0,0.0,0.0,0.0,0.0,0.0,0,0,0,0.0,0.0,0.0,0.0,0.0,0.0,0.0,0.0,0.0,0.0,0.0,0.0,0.0,0.0,0.0,0.0,0,-107875648.0,0,0.0,0,-107875648.0,-0.0,0,0,17040,39322,17054,13107,17038,0,0,0,110,100,100,-0.0,64.0,0.0,64.5,0.0,69.0,1,49,50,180,13107,0,0,0,0.0,0.0,0.0,0.0,-0.0,65.0,0.0,2.1626727712181703e+36,0.0,646,0,690,0,0,0,720,0,793,0,711,0,690,0,645,0,643,0,614,0.032,50069504.0,-0.0,-0.0,45584,16787,-0.0,2.1626727712181703e+36,0.0,4582731178573824.0,-2.5108203959408648e+28,-168502405103616.0,29.0,60.0,70,0.0,0.0,0.0,0.0,0.0,0.0,0.0,0.0,0.0,0.0,0.0,0.0,0.0,0.0,0.0,0.0,59.2,69,11,65508,41,65476,0,300,0,0,8,20529,65476,0,0,61604,60.0,0.0,0.0,0.0,0.0,0.0
2026-04-04T11:03:11,ERR,ERR,ERR,ERR,ERR,ERR,ERR,ERR,ERR,ERR,ERR,ERR,ERR,ERR,ERR,ERR,ERR,ERR,ERR,ERR,ERR,ERR,ERR,ERR,ERR,ERR,ERR,ERR,ERR,ERR,ERR,ERR,ERR,ERR,ERR,ERR,ERR,ERR,ERR,ERR,ERR,ERR,ERR,ERR,ERR,ERR,ERR,ERR,ERR,ERR,ERR,ERR,ERR,ERR,ERR,ERR,ERR,ERR,ERR,ERR,ERR,ERR,ERR,ERR,ERR,ERR,ERR,ERR,ERR,ERR,ERR,ERR,ERR,ERR,ERR,ERR,ERR,ERR,ERR,ERR,ERR,ERR,ERR,ERR,ERR,ERR,ERR,ERR,ERR,ERR,ERR,ERR,ERR,ERR,ERR,ERR,ERR,ERR,ERR,ERR,ERR,ERR,ERR,ERR,ERR,ERR,ERR,ERR,ERR,ERR,ERR,ERR,ERR,ERR,ERR,ERR,ERR,ERR,ERR,ERR,ERR,ERR,ERR,ERR,ERR,-0.0,0.0,3.039990997430017e+23,0.0,0.0,0.0,0.0,nan,0,0,0,32768,0,0.0,0,0.0,0.0,0.0,0.0,0.0,0,0,0,0,0.0,0,0,0,0,0,0,0,0,0,0,0,0,0,0,0,0,0,0,0,0,0,0,0,0,0,0,0,0,0,0,0,0,0,0,0,0,0,0,0,0,0,0,0,0,0.0,0.0,0.0,0.0,0.0,0.0,0.0,0.0,0.0,0.0,0.0,0.0,0.0,0.0,0.0,0.0,0.0,0.0,0.0,0.0,0.0,0.0,2.004,0.0,-0.0,0.0,0.0,0.0,0.0,0.0,3418.5,-1.5879157526988056e+29,0.0,-0.0,0.0,2.7184274988523002e+23,0.0,0.0,0.0,0.0,0.0,0,152018253512704.0,89220.062,0.0,0.0,0.0,0.0,0.0,0.0,0.0,0,0,0,0.0,0.0,0.0,0.0,0.0,0.0,0.0,0.0,0.0,0.0,0.0,0.0,0.0,0.0,0.0,0.0,0,-107875648.0,0,0.0,0,-107875648.0,-0.0,0,0,17040,39322,17054,13107,17038,0,0,0,110,100,100,-0.0,64.0,0.0,64.5,0.0,69.0,1,49,50,180,13107,0,0,0,0.0,0.0,0.0,0.0,-0.0,65.0,0.0,2.1626727712181703e+36,0.0,646,0,690,0,0,0,720,0,793,0,711,0,690,0,645,0,643,0,614,0.032,50069504.0,-0.0,-0.0,45584,16787,-0.0,2.1626727712181703e+36,0.0,4582731178573824.0,-2.5108203959408648e+28,-168502405103616.0,29.0,60.0,70,0.0,0.0,0.0,0.0,0.0,0.0,0.0,0.0,0.0,0.0,0.0,0.0,0.0,0.0,0.0,0.0,59.2,69,11,65508,41,65476,0,300,0,0,8,20529,65476,0,0,61604,60.0,0.0,0.0,0.0,0.0,0.0
2026-04-04T11:03:12,ERR,ERR,ERR,ERR,ERR,ERR,ERR,ERR,ERR,ERR,ERR,ERR,ERR,ERR,ERR,ERR,ERR,ERR,ERR,ERR,ERR,ERR,ERR,ERR,ERR,ERR,ERR,ERR,ERR,ERR,ERR,ERR,ERR,ERR,ERR,ERR,ERR,ERR,ERR,ERR,ERR,ERR,ERR,ERR,ERR,ERR,ERR,ERR,ERR,ERR,ERR,ERR,ERR,ERR,ERR,ERR,ERR,ERR,ERR,ERR,ERR,ERR,ERR,ERR,ERR,ERR,ERR,ERR,ERR,ERR,ERR,ERR,ERR,ERR,ERR,ERR,ERR,ERR,ERR,ERR,ERR,ERR,ERR,ERR,ERR,ERR,ERR,ERR,ERR,ERR,ERR,ERR,ERR,ERR,ERR,ERR,ERR,ERR,ERR,ERR,ERR,ERR,ERR,ERR,ERR,ERR,ERR,ERR,ERR,ERR,ERR,ERR,ERR,ERR,ERR,ERR,ERR,ERR,ERR,ERR,ERR,ERR,ERR,ERR,ERR,-0.0,0.0,3.039990997430017e+23,0.0,0.0,0.0,0.0,nan,0,0,0,32768,0,0.0,0,0.0,0.0,0.0,0.0,0.0,0,0,0,0,0.0,0,0,0,0,0,0,0,0,0,0,0,0,0,0,0,0,0,0,0,0,0,0,0,0,0,0,0,0,0,0,0,0,0,0,0,0,0,0,0,0,0,0,0,0,0.0,0.0,0.0,0.0,0.0,0.0,0.0,0.0,0.0,0.0,0.0,0.0,0.0,0.0,0.0,0.0,0.0,0.0,0.0,0.0,0.0,0.0,2.004,0.0,-0.0,0.0,0.0,0.0,0.0,0.0,3418.5,-1.5879157526988056e+29,0.0,-0.0,0.0,2.7184274988523002e+23,0.0,0.0,0.0,0.0,0.0,0,152018253512704.0,89220.062,0.0,0.0,0.0,0.0,0.0,0.0,0.0,0,0,0,0.0,0.0,0.0,0.0,0.0,0.0,0.0,0.0,0.0,0.0,0.0,0.0,0.0,0.0,0.0,0.0,0,-107875648.0,0,0.0,0,-107875648.0,-0.0,0,0,17040,39322,17054,13107,17038,0,0,0,110,100,100,-0.0,64.0,0.0,64.5,0.0,69.0,1,49,50,180,13107,0,0,0,0.0,0.0,0.0,0.0,-0.0,65.0,0.0,2.1626727712181703e+36,0.0,646,0,690,0,0,0,720,0,793,0,711,0,690,0,645,0,643,0,614,0.032,50069504.0,-0.0,-0.0,45584,16787,-0.0,2.1626727712181703e+36,0.0,4582731178573824.0,-2.5108203959408648e+28,-168502405103616.0,29.0,60.0,70,0.0,0.0,0.0,0.0,0.0,0.0,0.0,0.0,0.0,0.0,0.0,0.0,0.0,0.0,0.0,0.0,59.2,69,11,65508,41,65476,0,300,0,0,8,20529,65476,0,0,61604,60.0,0.0,0.0,0.0,0.0,0.0
2026-04-04T11:03:13,ERR,ERR,ERR,ERR,ERR,ERR,ERR,ERR,ERR,ERR,ERR,ERR,ERR,ERR,ERR,ERR,ERR,ERR,ERR,ERR,ERR,ERR,ERR,ERR,ERR,ERR,ERR,ERR,ERR,ERR,ERR,ERR,ERR,ERR,ERR,ERR,ERR,ERR,ERR,ERR,ERR,ERR,ERR,ERR,ERR,ERR,ERR,ERR,ERR,ERR,ERR,ERR,ERR,ERR,ERR,ERR,ERR,ERR,ERR,ERR,ERR,ERR,ERR,ERR,ERR,ERR,ERR,ERR,ERR,ERR,ERR,ERR,ERR,ERR,ERR,ERR,ERR,ERR,ERR,ERR,ERR,ERR,ERR,ERR,ERR,ERR,ERR,ERR,ERR,ERR,ERR,ERR,ERR,ERR,ERR,ERR,ERR,ERR,ERR,ERR,ERR,ERR,ERR,ERR,ERR,ERR,ERR,ERR,ERR,ERR,ERR,ERR,ERR,ERR,ERR,ERR,ERR,ERR,ERR,ERR,ERR,ERR,ERR,ERR,ERR,-0.0,0.0,3.039990997430017e+23,0.0,0.0,0.0,0.0,nan,0,0,0,32768,0,0.0,0,0.0,0.0,0.0,0.0,0.0,0,0,0,0,0.0,0,0,0,0,0,0,0,0,0,0,0,0,0,0,0,0,0,0,0,0,0,0,0,0,0,0,0,0,0,0,0,0,0,0,0,0,0,0,0,0,0,0,0,0,0.0,0.0,0.0,0.0,0.0,0.0,0.0,0.0,0.0,0.0,0.0,0.0,0.0,0.0,0.0,0.0,0.0,0.0,0.0,0.0,0.0,0.0,2.004,0.0,-0.0,0.0,0.0,0.0,0.0,0.0,3404.0,-2.004,0.0,-0.0,0.0,2.7184274988523002e+23,0.0,0.0,0.0,0.0,0.0,0,1.9056958870913024e+17,0.0,0.0,0.0,0.0,0.0,0.0,0.0,0.0,0,0,0,0.0,0.0,0.0,0.0,0.0,0.0,0.0,0.0,0.0,0.0,0.0,0.0,0.0,0.0,0.0,0.0,0,-107875648.0,0,0.0,0,-107875648.0,-0.0,0,0,17040,39322,17054,13107,17038,0,0,0,110,100,100,-0.0,64.0,0.0,64.5,0.0,69.0,1,49,50,180,13107,0,0,0,0.0,0.0,0.0,0.0,-0.0,65.0,0.0,7.98510010965298e+29,0.0,646,0,690,0,0,0,720,0,793,0,711,0,690,0,645,0,643,0,614,0.032,55836672.0,-0.0,-0.0,48272,16787,-0.0,7.98510010965298e+29,nan,0.0,-2.310490095108489e+18,-5.258,29.0,60.0,70,0.0,0.0,0.0,0.0,0.0,0.0,0.0,0.0,0.0,0.0,0.0,0.0,0.0,0.0,0.0,0.0,59.2,69,11,65508,41,65476,0,300,0,0,8,20529,65476,0,0,61604,60.0,0.0,0.0,0.0,0.0,0.0
2026-04-04T11:03:14,ERR,ERR,ERR,ERR,ERR,ERR,ERR,ERR,ERR,ERR,ERR,ERR,ERR,ERR,ERR,ERR,ERR,ERR,ERR,ERR,ERR,ERR,ERR,ERR,ERR,ERR,ERR,ERR,ERR,ERR,ERR,ERR,ERR,ERR,ERR,ERR,ERR,ERR,ERR,ERR,ERR,ERR,ERR,ERR,ERR,ERR,ERR,ERR,ERR,ERR,ERR,ERR,ERR,ERR,ERR,ERR,ERR,ERR,ERR,ERR,ERR,ERR,ERR,ERR,ERR,ERR,ERR,ERR,ERR,ERR,ERR,ERR,ERR,ERR,ERR,ERR,ERR,ERR,ERR,ERR,ERR,ERR,ERR,ERR,ERR,ERR,ERR,ERR,ERR,ERR,ERR,ERR,ERR,ERR,ERR,ERR,ERR,ERR,ERR,ERR,ERR,ERR,ERR,ERR,ERR,ERR,ERR,ERR,ERR,ERR,ERR,ERR,ERR,ERR,ERR,ERR,ERR,ERR,ERR,ERR,ERR,ERR,ERR,ERR,ERR,-0.0,0.0,3.039990997430017e+23,0.0,0.0,0.0,0.0,nan,0,0,0,32768,0,0.0,0,0.0,0.0,0.0,0.0,0.0,0,0,0,0,0.0,0,0,0,0,0,0,0,0,0,0,0,0,0,0,0,0,0,0,0,0,0,0,0,0,0,0,0,0,0,0,0,0,0,0,0,0,0,0,0,0,0,0,0,0,0.0,0.0,0.0,0.0,0.0,0.0,0.0,0.0,0.0,0.0,0.0,0.0,0.0,0.0,0.0,0.0,0.0,0.0,0.0,0.0,0.0,0.0,2.004,0.0,-0.0,0.0,0.0,0.0,0.0,0.0,3404.0,-2.004,0.0,-0.0,0.0,2.7184274988523002e+23,0.0,0.0,0.0,0.0,0.0,0,1.9056958870913024e+17,0.0,0.0,0.0,0.0,0.0,0.0,0.0,0.0,0,0,0,0.0,0.0,0.0,0.0,0.0,0.0,0.0,0.0,0.0,0.0,0.0,0.0,0.0,0.0,0.0,0.0,0,-107875648.0,0,0.0,0,-107875648.0,-0.0,0,0,17040,39322,17054,13107,17038,0,0,0,110,100,100,-0.0,64.0,0.0,64.5,0.0,69.0,1,49,50,180,13107,0,0,0,0.0,0.0,0.0,0.0,-0.0,65.0,0.0,7.98510010965298e+29,0.0,646,0,690,0,0,0,720,0,793,0,711,0,690,0,645,0,643,0,614,0.032,55836672.0,-0.0,-0.0,48272,16787,-0.0,7.98510010965298e+29,nan,0.0,-2.310490095108489e+18,-5.258,29.0,60.0,70,0.0,0.0,0.0,0.0,0.0,0.0,0.0,0.0,0.0,0.0,0.0,0.0,0.0,0.0,0.0,0.0,59.2,69,11,65508,41,65476,0,300,0,0,8,20529,65476,0,0,61604,60.0,0.0,0.0,0.0,0.0,0.0
2026-04-04T11:03:15,ERR,ERR,ERR,ERR,ERR,ERR,ERR,ERR,ERR,ERR,ERR,ERR,ERR,ERR,ERR,ERR,ERR,ERR,ERR,ERR,ERR,ERR,ERR,ERR,ERR,ERR,ERR,ERR,ERR,ERR,ERR,ERR,ERR,ERR,ERR,ERR,ERR,ERR,ERR,ERR,ERR,ERR,ERR,ERR,ERR,ERR,ERR,ERR,ERR,ERR,ERR,ERR,ERR,ERR,ERR,ERR,ERR,ERR,ERR,ERR,ERR,ERR,ERR,ERR,ERR,ERR,ERR,ERR,ERR,ERR,ERR,ERR,ERR,ERR,ERR,ERR,ERR,ERR,ERR,ERR,ERR,ERR,ERR,ERR,ERR,ERR,ERR,ERR,ERR,ERR,ERR,ERR,ERR,ERR,ERR,ERR,ERR,ERR,ERR,ERR,ERR,ERR,ERR,ERR,ERR,ERR,ERR,ERR,ERR,ERR,ERR,ERR,ERR,ERR,ERR,ERR,ERR,ERR,ERR,ERR,ERR,ERR,ERR,ERR,ERR,-0.0,0.0,3.039990997430017e+23,0.0,0.0,0.0,0.0,nan,0,0,0,32768,0,0.0,0,0.0,0.0,0.0,0.0,0.0,0,0,0,0,0.0,0,0,0,0,0,0,0,0,0,0,0,0,0,0,0,0,0,0,0,0,0,0,0,0,0,0,0,0,0,0,0,0,0,0,0,0,0,0,0,0,0,0,0,0,0.0,0.0,0.0,0.0,0.0,0.0,0.0,0.0,0.0,0.0,0.0,0.0,0.0,0.0,0.0,0.0,0.0,0.0,0.0,0.0,0.0,0.0,2.004,0.0,-0.0,0.0,0.0,0.0,0.0,0.0,3404.0,-2.004,0.0,-0.0,0.0,2.7184274988523002e+23,0.0,0.0,0.0,0.0,0.0,0,1.9056958870913024e+17,0.0,0.0,0.0,0.0,0.0,0.0,0.0,0.0,0,0,0,0.0,0.0,0.0,0.0,0.0,0.0,0.0,0.0,0.0,0.0,0.0,0.0,0.0,0.0,0.0,0.0,0,-107875648.0,0,0.0,0,-107875648.0,-0.0,0,0,17040,39322,17054,13107,17038,0,0,0,110,100,100,-0.0,64.0,0.0,64.5,0.0,69.0,1,49,50,180,13107,0,0,0,0.0,0.0,0.0,0.0,-0.0,65.0,0.0,7.98510010965298e+29,0.0,646,0,690,0,0,0,720,0,793,0,711,0,690,0,645,0,643,0,614,0.032,55836672.0,-0.0,-0.0,48272,16787,-0.0,7.98510010965298e+29,nan,0.0,-2.310490095108489e+18,-5.258,29.0,60.0,70,0.0,0.0,0.0,0.0,0.0,0.0,0.0,0.0,0.0,0.0,0.0,0.0,0.0,0.0,0.0,0.0,59.2,69,11,65508,41,65476,0,300,0,0,8,20529,65476,0,0,61604,60.0,0.0,0.0,0.0,0.0,0.0
2026-04-04T11:03:16,ERR,ERR,ERR,ERR,ERR,ERR,ERR,ERR,ERR,ERR,ERR,ERR,ERR,ERR,ERR,ERR,ERR,ERR,ERR,ERR,ERR,ERR,ERR,ERR,ERR,ERR,ERR,ERR,ERR,ERR,ERR,ERR,ERR,ERR,ERR,ERR,ERR,ERR,ERR,ERR,ERR,ERR,ERR,ERR,ERR,ERR,ERR,ERR,ERR,ERR,ERR,ERR,ERR,ERR,ERR,ERR,ERR,ERR,ERR,ERR,ERR,ERR,ERR,ERR,ERR,ERR,ERR,ERR,ERR,ERR,ERR,ERR,ERR,ERR,ERR,ERR,ERR,ERR,ERR,ERR,ERR,ERR,ERR,ERR,ERR,ERR,ERR,ERR,ERR,ERR,ERR,ERR,ERR,ERR,ERR,ERR,ERR,ERR,ERR,ERR,ERR,ERR,ERR,ERR,ERR,ERR,ERR,ERR,ERR,ERR,ERR,ERR,ERR,ERR,ERR,ERR,ERR,ERR,ERR,ERR,ERR,ERR,ERR,ERR,ERR,-0.0,0.0,3.039990997430017e+23,0.0,0.0,0.0,0.0,nan,0,0,0,32768,0,0.0,0,0.0,0.0,0.0,0.0,0.0,0,0,0,0,0.0,0,0,0,0,0,0,0,0,0,0,0,0,0,0,0,0,0,0,0,0,0,0,0,0,0,0,0,0,0,0,0,0,0,0,0,0,0,0,0,0,0,0,0,0,0.0,0.0,0.0,0.0,0.0,0.0,0.0,0.0,0.0,0.0,0.0,0.0,0.0,0.0,0.0,0.0,0.0,0.0,0.0,0.0,0.0,0.0,2.004,0.0,-0.0,0.0,0.0,0.0,0.0,0.0,3404.0,-2.004,0.0,-0.0,0.0,2.7184274988523002e+23,0.0,0.0,0.0,0.0,0.0,0,1.9056958870913024e+17,0.0,0.0,0.0,0.0,0.0,0.0,0.0,0.0,0,0,0,0.0,0.0,0.0,0.0,0.0,0.0,0.0,0.0,0.0,0.0,0.0,0.0,0.0,0.0,0.0,0.0,0,-107875648.0,0,0.0,0,-107875648.0,-0.0,0,0,17040,39322,17054,13107,17038,0,0,0,110,100,100,-0.0,64.0,0.0,64.5,0.0,69.0,1,49,50,180,13107,0,0,0,0.0,0.0,0.0,0.0,-0.0,65.0,0.0,7.98510010965298e+29,0.0,646,0,690,0,0,0,720,0,793,0,711,0,690,0,645,0,643,0,614,0.032,55836672.0,-0.0,-0.0,48272,16787,-0.0,7.98510010965298e+29,nan,0.0,-2.310490095108489e+18,-5.258,29.0,60.0,70,0.0,0.0,0.0,0.0,0.0,0.0,0.0,0.0,0.0,0.0,0.0,0.0,0.0,0.0,0.0,0.0,59.2,69,11,65508,41,65476,0,300,0,0,8,20529,65476,0,0,61604,60.0,0.0,0.0,0.0,0.0,0.0
2026-04-04T11:03:17,ERR,ERR,ERR,ERR,ERR,ERR,ERR,ERR,ERR,ERR,ERR,ERR,ERR,ERR,ERR,ERR,ERR,ERR,ERR,ERR,ERR,ERR,ERR,ERR,ERR,ERR,ERR,ERR,ERR,ERR,ERR,ERR,ERR,ERR,ERR,ERR,ERR,ERR,ERR,ERR,ERR,ERR,ERR,ERR,ERR,ERR,ERR,ERR,ERR,ERR,ERR,ERR,ERR,ERR,ERR,ERR,ERR,ERR,ERR,ERR,ERR,ERR,ERR,ERR,ERR,ERR,ERR,ERR,ERR,ERR,ERR,ERR,ERR,ERR,ERR,ERR,ERR,ERR,ERR,ERR,ERR,ERR,ERR,ERR,ERR,ERR,ERR,ERR,ERR,ERR,ERR,ERR,ERR,ERR,ERR,ERR,ERR,ERR,ERR,ERR,ERR,ERR,ERR,ERR,ERR,ERR,ERR,ERR,ERR,ERR,ERR,ERR,ERR,ERR,ERR,ERR,ERR,ERR,ERR,ERR,ERR,ERR,ERR,ERR,ERR,-0.0,0.0,3.039990997430017e+23,0.0,0.0,0.0,0.0,nan,0,0,0,32768,0,0.0,0,0.0,0.0,0.0,0.0,0.0,0,0,0,0,0.0,0,0,0,0,0,0,0,0,0,0,0,0,0,0,0,0,0,0,0,0,0,0,0,0,0,0,0,0,0,0,0,0,0,0,0,0,0,0,0,0,0,0,0,0,0.0,0.0,0.0,0.0,0.0,0.0,0.0,0.0,0.0,0.0,0.0,0.0,0.0,0.0,0.0,0.0,0.0,0.0,0.0,0.0,0.0,0.0,2.004,0.0,-0.0,0.0,0.0,0.0,0.0,0.0,3404.0,-2.004,0.0,-0.0,0.0,2.7184274988523002e+23,0.0,0.0,0.0,0.0,0.0,0,1.9056958870913024e+17,0.0,0.0,0.0,0.0,0.0,0.0,0.0,0.0,0,0,0,0.0,0.0,0.0,0.0,0.0,0.0,0.0,0.0,0.0,0.0,0.0,0.0,0.0,0.0,0.0,0.0,0,-107875648.0,0,0.0,0,-107875648.0,-0.0,0,0,17040,39322,17054,13107,17038,0,0,0,110,100,100,-0.0,64.0,0.0,64.5,0.0,69.0,1,49,50,180,13107,0,0,0,0.0,0.0,0.0,0.0,-0.0,65.0,0.0,7.98510010965298e+29,0.0,646,0,690,0,0,0,720,0,793,0,711,0,690,0,645,0,643,0,614,0.032,55836672.0,-0.0,-0.0,48272,16787,-0.0,7.98510010965298e+29,nan,0.0,-2.310490095108489e+18,-5.258,29.0,60.0,70,0.0,0.0,0.0,0.0,0.0,0.0,0.0,0.0,0.0,0.0,0.0,0.0,0.0,0.0,0.0,0.0,59.2,69,11,65508,41,65476,0,300,0,0,8,20529,65476,0,0,61604,60.0,0.0,0.0,0.0,0.0,0.0
2026-04-04T11:03:18,ERR,ERR,ERR,ERR,ERR,ERR,ERR,ERR,ERR,ERR,ERR,ERR,ERR,ERR,ERR,ERR,ERR,ERR,ERR,ERR,ERR,ERR,ERR,ERR,ERR,ERR,ERR,ERR,ERR,ERR,ERR,ERR,ERR,ERR,ERR,ERR,ERR,ERR,ERR,ERR,ERR,ERR,ERR,ERR,ERR,ERR,ERR,ERR,ERR,ERR,ERR,ERR,ERR,ERR,ERR,ERR,ERR,ERR,ERR,ERR,ERR,ERR,ERR,ERR,ERR,ERR,ERR,ERR,ERR,ERR,ERR,ERR,ERR,ERR,ERR,ERR,ERR,ERR,ERR,ERR,ERR,ERR,ERR,ERR,ERR,ERR,ERR,ERR,ERR,ERR,ERR,ERR,ERR,ERR,ERR,ERR,ERR,ERR,ERR,ERR,ERR,ERR,ERR,ERR,ERR,ERR,ERR,ERR,ERR,ERR,ERR,ERR,ERR,ERR,ERR,ERR,ERR,ERR,ERR,ERR,ERR,ERR,ERR,ERR,ERR,-0.0,0.0,3.039990997430017e+23,0.0,0.0,0.0,0.0,nan,0,0,0,32768,0,0.0,0,0.0,0.0,0.0,0.0,0.0,0,0,0,0,0.0,0,0,0,0,0,0,0,0,0,0,0,0,0,0,0,0,0,0,0,0,0,0,0,0,0,0,0,0,0,0,0,0,0,0,0,0,0,0,0,0,0,0,0,0,0.0,0.0,0.0,0.0,0.0,0.0,0.0,0.0,0.0,0.0,0.0,0.0,0.0,0.0,0.0,0.0,0.0,0.0,0.0,0.0,0.0,0.0,2.004,0.0,-0.0,0.0,0.0,0.0,0.0,0.0,3404.0,-2.004,0.0,-0.0,0.0,2.7184274988523002e+23,0.0,0.0,0.0,0.0,0.0,0,1.9056958870913024e+17,0.0,0.0,0.0,0.0,0.0,0.0,0.0,0.0,0,0,0,0.0,0.0,0.0,0.0,0.0,0.0,0.0,0.0,0.0,0.0,0.0,0.0,0.0,0.0,0.0,0.0,0,-107875648.0,0,0.0,0,-107875648.0,-0.0,0,0,17040,39322,17054,13107,17038,0,0,0,110,100,100,-0.0,64.0,0.0,64.5,0.0,69.0,1,49,50,180,13107,0,0,0,0.0,0.0,0.0,0.0,-0.0,65.0,0.0,149526937600.0,0.0,646,0,690,0,0,0,720,0,793,0,711,0,690,0,645,0,643,0,614,0.032,55574528.0,-0.0,-0.0,47120,16787,-0.0,0.354,-450.505,-0.0,-0.0,-0.0,29.0,60.0,70,0.0,0.0,0.0,0.0,0.0,0.0,0.0,0.0,0.0,0.0,0.0,0.0,0.0,0.0,0.0,0.0,59.2,69,11,65508,41,65476,0,300,0,0,8,20529,65476,0,0,61604,60.0,0.0,0.0,0.0,0.0,0.0
2026-04-04T11:03:19,ERR,ERR,ERR,ERR,ERR,ERR,ERR,ERR,ERR,ERR,ERR,ERR,ERR,ERR,ERR,ERR,ERR,ERR,ERR,ERR,ERR,ERR,ERR,ERR,ERR,ERR,ERR,ERR,ERR,ERR,ERR,ERR,ERR,ERR,ERR,ERR,ERR,ERR,ERR,ERR,ERR,ERR,ERR,ERR,ERR,ERR,ERR,ERR,ERR,ERR,ERR,ERR,ERR,ERR,ERR,ERR,ERR,ERR,ERR,ERR,ERR,ERR,ERR,ERR,ERR,ERR,ERR,ERR,ERR,ERR,ERR,ERR,ERR,ERR,ERR,ERR,ERR,ERR,ERR,ERR,ERR,ERR,ERR,ERR,ERR,ERR,ERR,ERR,ERR,ERR,ERR,ERR,ERR,ERR,ERR,ERR,ERR,ERR,ERR,ERR,ERR,ERR,ERR,ERR,ERR,ERR,ERR,ERR,ERR,ERR,ERR,ERR,ERR,ERR,ERR,ERR,ERR,ERR,ERR,ERR,ERR,ERR,ERR,ERR,ERR,-0.0,0.0,3.039990997430017e+23,0.0,0.0,0.0,0.0,nan,0,0,0,32768,0,0.0,0,0.0,0.0,0.0,0.0,0.0,0,0,0,0,0.0,0,0,0,0,0,0,0,0,0,0,0,0,0,0,0,0,0,0,0,0,0,0,0,0,0,0,0,0,0,0,0,0,0,0,0,0,0,0,0,0,0,0,0,0,0.0,0.0,0.0,0.0,0.0,0.0,0.0,0.0,0.0,0.0,0.0,0.0,0.0,0.0,0.0,0.0,0.0,0.0,0.0,0.0,0.0,0.0,2.004,0.0,-0.0,0.0,0.0,0.0,0.0,0.0,3404.0,-2.004,0.0,-0.0,0.0,2.7184274988523002e+23,0.0,0.0,0.0,0.0,0.0,0,1.9056958870913024e+17,0.0,0.0,0.0,0.0,0.0,0.0,0.0,0.0,0,0,0,0.0,0.0,0.0,0.0,0.0,0.0,0.0,0.0,0.0,0.0,0.0,0.0,0.0,0.0,0.0,0.0,0,-107875648.0,0,0.0,0,-107875648.0,-0.0,0,0,17040,39322,17054,13107,17038,0,0,0,110,100,100,-0.0,64.0,0.0,64.5,0.0,69.0,1,49,50,180,13107,0,0,0,0.0,0.0,0.0,0.0,-0.0,65.0,0.0,149526937600.0,0.0,646,0,690,0,0,0,720,0,793,0,711,0,690,0,645,0,643,0,614,0.032,55574528.0,-0.0,-0.0,47120,16787,-0.0,0.354,-450.505,-0.0,-0.0,-0.0,29.0,60.0,70,0.0,0.0,0.0,0.0,0.0,0.0,0.0,0.0,0.0,0.0,0.0,0.0,0.0,0.0,0.0,0.0,59.2,69,11,65508,41,65476,0,300,0,0,8,20529,65476,0,0,61604,60.0,0.0,0.0,0.0,0.0,0.0
2026-04-04T11:03:20,ERR,ERR,ERR,ERR,ERR,ERR,ERR,ERR,ERR,ERR,ERR,ERR,ERR,ERR,ERR,ERR,ERR,ERR,ERR,ERR,ERR,ERR,ERR,ERR,ERR,ERR,ERR,ERR,ERR,ERR,ERR,ERR,ERR,ERR,ERR,ERR,ERR,ERR,ERR,ERR,ERR,ERR,ERR,ERR,ERR,ERR,ERR,ERR,ERR,ERR,ERR,ERR,ERR,ERR,ERR,ERR,ERR,ERR,ERR,ERR,ERR,ERR,ERR,ERR,ERR,ERR,ERR,ERR,ERR,ERR,ERR,ERR,ERR,ERR,ERR,ERR,ERR,ERR,ERR,ERR,ERR,ERR,ERR,ERR,ERR,ERR,ERR,ERR,ERR,ERR,ERR,ERR,ERR,ERR,ERR,ERR,ERR,ERR,ERR,ERR,ERR,ERR,ERR,ERR,ERR,ERR,ERR,ERR,ERR,ERR,ERR,ERR,ERR,ERR,ERR,ERR,ERR,ERR,ERR,ERR,ERR,ERR,ERR,ERR,ERR,-0.0,0.0,3.039990997430017e+23,0.0,0.0,0.0,0.0,nan,0,0,0,32768,0,0.0,0,0.0,0.0,0.0,0.0,0.0,0,0,0,0,0.0,0,0,0,0,0,0,0,0,0,0,0,0,0,0,0,0,0,0,0,0,0,0,0,0,0,0,0,0,0,0,0,0,0,0,0,0,0,0,0,0,0,0,0,0,0.0,0.0,0.0,0.0,0.0,0.0,0.0,0.0,0.0,0.0,0.0,0.0,0.0,0.0,-2.5962063029642504e+33,0.0,0.0,0.0,0.0,0.0,0.0,0.0,2.004,0.0,-0.0,0.0,0.0,0.0,0.0,0.0,3401.5,-8608108544.0,0.0,-0.0,0.0,2.7184274988523002e+23,0.0,0.0,0.0,0.0,0.0,0,107615248.0,0.0,0.0,0.0,0.0,0.0,0.0,0.0,0.0,0,0,0,0.0,0.0,0.0,0.0,0.0,0.0,0.0,0.0,0.0,0.0,0.0,0.0,0.0,0.0,0.0,0.0,0,-107875648.0,0,0.0,0,-107875648.0,-0.0,0,0,17040,39322,17054,13107,17038,0,0,0,110,100,100,-0.0,64.0,0.0,64.5,0.0,69.0,1,49,50,180,13107,0,0,0,0.0,0.0,0.0,0.0,-0.0,65.0,0.0,149526937600.0,0.0,646,0,690,0,0,0,720,0,793,0,711,0,690,0,645,0,643,0,614,0.032,55574528.0,-0.0,-0.0,47120,16787,-0.0,0.354,-450.505,-0.0,-0.0,-0.0,29.0,60.0,70,0.0,0.0,0.0,0.0,0.0,0.0,0.0,0.0,0.0,0.0,0.0,0.0,0.0,0.0,0.0,0.0,59.2,69,11,65508,41,65476,0,300,0,0,8,20529,65476,0,0,61604,60.0,0.0,0.0,0.0,0.0,0.0
2026-04-04T11:03:21,ERR,ERR,ERR,ERR,ERR,ERR,ERR,ERR,ERR,ERR,ERR,ERR,ERR,ERR,ERR,ERR,ERR,ERR,ERR,ERR,ERR,ERR,ERR,ERR,ERR,ERR,ERR,ERR,ERR,ERR,ERR,ERR,ERR,ERR,ERR,ERR,ERR,ERR,ERR,ERR,ERR,ERR,ERR,ERR,ERR,ERR,ERR,ERR,ERR,ERR,ERR,ERR,ERR,ERR,ERR,ERR,ERR,ERR,ERR,ERR,ERR,ERR,ERR,ERR,ERR,ERR,ERR,ERR,ERR,ERR,ERR,ERR,ERR,ERR,ERR,ERR,ERR,ERR,ERR,ERR,ERR,ERR,ERR,ERR,ERR,ERR,ERR,ERR,ERR,ERR,ERR,ERR,ERR,ERR,ERR,ERR,ERR,ERR,ERR,ERR,ERR,ERR,ERR,ERR,ERR,ERR,ERR,ERR,ERR,ERR,ERR,ERR,ERR,ERR,ERR,ERR,ERR,ERR,ERR,ERR,ERR,ERR,ERR,ERR,ERR,-0.0,0.0,3.039990997430017e+23,0.0,0.0,0.0,0.0,nan,0,0,0,32768,0,0.0,0,0.0,0.0,0.0,0.0,0.0,0,0,0,0,0.0,0,0,0,0,0,0,0,0,0,0,0,0,0,0,0,0,0,0,0,0,0,0,0,0,0,0,0,0,0,0,0,0,0,0,0,0,0,0,0,0,0,0,0,0,0.0,0.0,0.0,0.0,0.0,0.0,0.0,0.0,0.0,0.0,0.0,0.0,0.0,0.0,-2.5962063029642504e+33,0.0,0.0,0.0,0.0,0.0,0.0,0.0,2.004,0.0,-0.0,0.0,0.0,0.0,0.0,0.0,3401.5,-8608108544.0,0.0,-0.0,0.0,2.7184274988523002e+23,0.0,0.0,0.0,0.0,0.0,0,107615248.0,0.0,0.0,0.0,0.0,0.0,0.0,0.0,0.0,0,0,0,0.0,0.0,0.0,0.0,0.0,0.0,0.0,0.0,0.0,0.0,0.0,0.0,0.0,0.0,0.0,0.0,0,-107875648.0,0,0.0,0,-107875648.0,-0.0,0,0,17040,39322,17054,13107,17038,0,0,0,110,100,100,-0.0,64.0,0.0,64.5,0.0,69.0,1,49,50,180,13107,0,0,0,0.0,0.0,0.0,0.0,-0.0,65.0,0.0,149526937600.0,0.0,646,0,690,0,0,0,720,0,793,0,711,0,690,0,645,0,643,0,614,0.032,55574528.0,-0.0,-0.0,47120,16787,-0.0,0.354,-450.505,-0.0,-0.0,-0.0,29.0,60.0,70,0.0,0.0,0.0,0.0,0.0,0.0,0.0,0.0,0.0,0.0,0.0,0.0,0.0,0.0,0.0,0.0,59.2,69,11,65508,41,65476,0,300,0,0,8,20529,65476,0,0,61604,60.0,0.0,0.0,0.0,0.0,0.0
2026-04-04T11:03:22,ERR,ERR,ERR,ERR,ERR,ERR,ERR,ERR,ERR,ERR,ERR,ERR,ERR,ERR,ERR,ERR,ERR,ERR,ERR,ERR,ERR,ERR,ERR,ERR,ERR,ERR,ERR,ERR,ERR,ERR,ERR,ERR,ERR,ERR,ERR,ERR,ERR,ERR,ERR,ERR,ERR,ERR,ERR,ERR,ERR,ERR,ERR,ERR,ERR,ERR,ERR,ERR,ERR,ERR,ERR,ERR,ERR,ERR,ERR,ERR,ERR,ERR,ERR,ERR,ERR,ERR,ERR,ERR,ERR,ERR,ERR,ERR,ERR,ERR,ERR,ERR,ERR,ERR,ERR,ERR,ERR,ERR,ERR,ERR,ERR,ERR,ERR,ERR,ERR,ERR,ERR,ERR,ERR,ERR,ERR,ERR,ERR,ERR,ERR,ERR,ERR,ERR,ERR,ERR,ERR,ERR,ERR,ERR,ERR,ERR,ERR,ERR,ERR,ERR,ERR,ERR,ERR,ERR,ERR,ERR,ERR,ERR,ERR,ERR,ERR,-0.0,0.0,3.039990997430017e+23,0.0,0.0,0.0,0.0,nan,0,0,0,32768,0,0.0,0,0.0,0.0,0.0,0.0,0.0,0,0,0,0,0.0,0,0,0,0,0,0,0,0,0,0,0,0,0,0,0,0,0,0,0,0,0,0,0,0,0,0,0,0,0,0,0,0,0,0,0,0,0,0,0,0,0,0,0,0,0.0,0.0,0.0,0.0,0.0,0.0,0.0,0.0,0.0,0.0,0.0,0.0,0.0,0.0,-2.5962063029642504e+33,0.0,0.0,0.0,0.0,0.0,0.0,0.0,2.004,0.0,-0.0,0.0,0.0,0.0,0.0,0.0,3401.5,-8608108544.0,0.0,-0.0,0.0,2.7184274988523002e+23,0.0,0.0,0.0,0.0,0.0,0,107615248.0,0.0,0.0,0.0,0.0,0.0,0.0,0.0,0.0,0,0,0,0.0,0.0,0.0,0.0,0.0,0.0,0.0,0.0,0.0,0.0,0.0,0.0,0.0,0.0,0.0,0.0,0,-107875648.0,0,0.0,0,-107875648.0,-0.0,0,0,17040,39322,17054,13107,17038,0,0,0,110,100,100,-0.0,64.0,0.0,64.5,0.0,69.0,1,49,50,180,13107,0,0,0,0.0,0.0,0.0,0.0,-0.0,65.0,0.0,149526937600.0,0.0,646,0,690,0,0,0,720,0,793,0,711,0,690,0,645,0,643,0,614,0.032,55574528.0,-0.0,-0.0,47120,16787,-0.0,0.354,-450.505,-0.0,-0.0,-0.0,29.0,60.0,70,0.0,0.0,0.0,0.0,0.0,0.0,0.0,0.0,0.0,0.0,0.0,0.0,0.0,0.0,0.0,0.0,59.2,69,11,65508,41,65476,0,300,0,0,8,20529,65476,0,0,61604,60.0,0.0,0.0,0.0,0.0,0.0
2026-04-04T11:03:23,ERR,ERR,ERR,ERR,ERR,ERR,ERR,ERR,ERR,ERR,ERR,ERR,ERR,ERR,ERR,ERR,ERR,ERR,ERR,ERR,ERR,ERR,ERR,ERR,ERR,ERR,ERR,ERR,ERR,ERR,ERR,ERR,ERR,ERR,ERR,ERR,ERR,ERR,ERR,ERR,ERR,ERR,ERR,ERR,ERR,ERR,ERR,ERR,ERR,ERR,ERR,ERR,ERR,ERR,ERR,ERR,ERR,ERR,ERR,ERR,ERR,ERR,ERR,ERR,ERR,ERR,ERR,ERR,ERR,ERR,ERR,ERR,ERR,ERR,ERR,ERR,ERR,ERR,ERR,ERR,ERR,ERR,ERR,ERR,ERR,ERR,ERR,ERR,ERR,ERR,ERR,ERR,ERR,ERR,ERR,ERR,ERR,ERR,ERR,ERR,ERR,ERR,ERR,ERR,ERR,ERR,ERR,ERR,ERR,ERR,ERR,ERR,ERR,ERR,ERR,ERR,ERR,ERR,ERR,ERR,ERR,ERR,ERR,ERR,ERR,-0.0,0.0,3.039990997430017e+23,0.0,0.0,0.0,0.0,nan,0,0,0,32768,0,0.0,0,0.0,0.0,0.0,0.0,0.0,0,0,0,0,0.0,0,0,0,0,0,0,0,0,0,0,0,0,0,0,0,0,0,0,0,0,0,0,0,0,0,0,0,0,0,0,0,0,0,0,0,0,0,0,0,0,0,0,0,0,0.0,0.0,0.0,0.0,0.0,0.0,0.0,0.0,0.0,0.0,0.0,0.0,0.0,0.0,-2.5962063029642504e+33,0.0,0.0,0.0,0.0,0.0,0.0,0.0,2.004,0.0,-0.0,0.0,0.0,0.0,0.0,0.0,3401.5,-8608108544.0,0.0,-0.0,0.0,2.7184274988523002e+23,0.0,0.0,0.0,0.0,0.0,0,107615248.0,0.0,0.0,0.0,0.0,0.0,0.0,0.0,0.0,0,0,0,0.0,0.0,0.0,0.0,0.0,0.0,0.0,0.0,0.0,0.0,0.0,0.0,0.0,0.0,0.0,0.0,0,-107875648.0,0,0.0,0,-107875648.0,-0.0,0,0,17040,39322,17054,13107,17038,0,0,0,110,100,100,-0.0,64.0,0.0,64.5,0.0,69.0,1,49,50,180,13107,0,0,0,0.0,0.0,0.0,0.0,-0.0,65.0,0.0,149526937600.0,0.0,646,0,690,0,0,0,720,0,793,0,711,0,690,0,645,0,643,0,614,0.032,55574528.0,-0.0,-0.0,47120,16787,-0.0,0.354,-450.505,-0.0,-0.0,-0.0,29.0,60.0,70,0.0,0.0,0.0,0.0,0.0,0.0,0.0,0.0,0.0,0.0,0.0,0.0,0.0,0.0,0.0,0.0,59.2,69,11,65508,41,65476,0,300,0,0,8,20529,65476,0,0,61604,60.0,0.0,0.0,0.0,0.0,0.0
2026-04-04T11:03:24,ERR,ERR,ERR,ERR,ERR,ERR,ERR,ERR,ERR,ERR,ERR,ERR,ERR,ERR,ERR,ERR,ERR,ERR,ERR,ERR,ERR,ERR,ERR,ERR,ERR,ERR,ERR,ERR,ERR,ERR,ERR,ERR,ERR,ERR,ERR,ERR,ERR,ERR,ERR,ERR,ERR,ERR,ERR,ERR,ERR,ERR,ERR,ERR,ERR,ERR,ERR,ERR,ERR,ERR,ERR,ERR,ERR,ERR,ERR,ERR,ERR,ERR,ERR,ERR,ERR,ERR,ERR,ERR,ERR,ERR,ERR,ERR,ERR,ERR,ERR,ERR,ERR,ERR,ERR,ERR,ERR,ERR,ERR,ERR,ERR,ERR,ERR,ERR,ERR,ERR,ERR,ERR,ERR,ERR,ERR,ERR,ERR,ERR,ERR,ERR,ERR,ERR,ERR,ERR,ERR,ERR,ERR,ERR,ERR,ERR,ERR,ERR,ERR,ERR,ERR,ERR,ERR,ERR,ERR,ERR,ERR,ERR,ERR,ERR,ERR,-0.0,0.0,3.039990997430017e+23,0.0,0.0,0.0,0.0,nan,0,0,0,32768,0,0.0,0,0.0,0.0,0.0,0.0,0.0,0,0,0,0,0.0,0,0,0,0,0,0,0,0,0,0,0,0,0,0,0,0,0,0,0,0,0,0,0,0,0,0,0,0,0,0,0,0,0,0,0,0,0,0,0,0,0,0,0,0,0.0,0.0,0.0,0.0,0.0,0.0,0.0,0.0,0.0,0.0,0.0,0.0,0.0,0.0,-2.5962063029642504e+33,0.0,0.0,0.0,0.0,0.0,0.0,0.0,2.004,0.0,-0.0,0.0,0.0,0.0,0.0,0.0,3401.5,-8608108544.0,0.0,-0.0,0.0,2.7184274988523002e+23,0.0,0.0,0.0,0.0,0.0,0,107615248.0,0.0,0.0,0.0,0.0,0.0,0.0,0.0,0.0,0,0,0,0.0,0.0,0.0,0.0,0.0,0.0,0.0,0.0,0.0,0.0,0.0,0.0,0.0,0.0,0.0,0.0,0,-107875648.0,0,0.0,0,-107875648.0,-0.0,0,0,17040,39322,17054,13107,17038,0,0,0,110,100,100,-0.0,64.0,0.0,64.5,0.0,69.0,1,49,50,180,13107,0,0,0,0.0,0.0,0.0,0.0,2.4443440396402933e+31,65.0,0.0,13584.5,0.0,646,0,690,0,0,0,720,0,793,0,711,0,690,0,645,0,643,0,614,0.032,56098816.0,-0.0,-0.0,48528,16787,1.4505851569351172e+38,89732.0,-0.0,-1.028375069592758e+32,-0.0,-0.0,29.0,60.0,70,0.0,0.0,0.0,0.0,0.0,0.0,0.0,0.0,0.0,0.0,0.0,0.0,0.0,0.0,0.0,0.0,59.2,69,11,65508,41,65476,0,300,0,0,8,20529,65476,0,0,61604,60.0,0.0,0.0,0.0,0.0,0.0
2026-04-04T11:03:25,ERR,ERR,ERR,ERR,ERR,ERR,ERR,ERR,ERR,ERR,ERR,ERR,ERR,ERR,ERR,ERR,ERR,ERR,ERR,ERR,ERR,ERR,ERR,ERR,ERR,ERR,ERR,ERR,ERR,ERR,ERR,ERR,ERR,ERR,ERR,ERR,ERR,ERR,ERR,ERR,ERR,ERR,ERR,ERR,ERR,ERR,ERR,ERR,ERR,ERR,ERR,ERR,ERR,ERR,ERR,ERR,ERR,ERR,ERR,ERR,ERR,ERR,ERR,ERR,ERR,ERR,ERR,ERR,ERR,ERR,ERR,ERR,ERR,ERR,ERR,ERR,ERR,ERR,ERR,ERR,ERR,ERR,ERR,ERR,ERR,ERR,ERR,ERR,ERR,ERR,ERR,ERR,ERR,ERR,ERR,ERR,ERR,ERR,ERR,ERR,ERR,ERR,ERR,ERR,ERR,ERR,ERR,ERR,ERR,ERR,ERR,ERR,ERR,ERR,ERR,ERR,ERR,ERR,ERR,ERR,ERR,ERR,ERR,ERR,ERR,-0.0,0.0,3.039990997430017e+23,0.0,0.0,0.0,0.0,nan,0,0,0,32768,0,0.0,0,0.0,0.0,0.0,0.0,0.0,0,0,0,0,0.0,0,0,0,0,0,0,0,0,0,0,0,0,0,0,0,0,0,0,0,0,0,0,0,0,0,0,0,0,0,0,0,0,0,0,0,0,0,0,0,0,0,0,0,0,0.0,0.0,0.0,0.0,0.0,0.0,0.0,0.0,0.0,0.0,0.0,0.0,0.0,0.0,-2.5962063029642504e+33,0.0,0.0,0.0,0.0,0.0,0.0,0.0,2.004,0.0,-0.0,0.0,0.0,0.0,0.0,0.0,3401.5,-8608108544.0,0.0,-0.0,0.0,2.7184274988523002e+23,0.0,0.0,0.0,0.0,0.0,0,107615248.0,0.0,0.0,0.0,0.0,0.0,0.0,0.0,0.0,0,0,0,0.0,0.0,0.0,0.0,0.0,0.0,0.0,0.0,0.0,0.0,0.0,0.0,0.0,0.0,0.0,0.0,0,-107875648.0,0,0.0,0,-107875648.0,-0.0,0,0,17040,39322,17054,13107,17038,0,0,0,110,100,100,-0.0,64.0,0.0,64.5,0.0,69.0,1,49,50,180,13107,0,0,0,0.0,0.0,0.0,0.0,2.4443440396402933e+31,65.0,0.0,13584.5,0.0,646,0,690,0,0,0,720,0,793,0,711,0,690,0,645,0,643,0,614,0.032,56098816.0,-0.0,-0.0,48528,16787,1.4505851569351172e+38,89732.0,-0.0,-1.028375069592758e+32,-0.0,-0.0,29.0,60.0,70,0.0,0.0,0.0,0.0,0.0,0.0,0.0,0.0,0.0,0.0,0.0,0.0,0.0,0.0,0.0,0.0,59.2,69,11,65508,41,65476,0,300,0,0,8,20529,65476,0,0,61604,60.0,0.0,0.0,0.0,0.0,0.0
2026-04-04T11:03:26,ERR,ERR,ERR,ERR,ERR,ERR,ERR,ERR,ERR,ERR,ERR,ERR,ERR,ERR,ERR,ERR,ERR,ERR,ERR,ERR,ERR,ERR,ERR,ERR,ERR,ERR,ERR,ERR,ERR,ERR,ERR,ERR,ERR,ERR,ERR,ERR,ERR,ERR,ERR,ERR,ERR,ERR,ERR,ERR,ERR,ERR,ERR,ERR,ERR,ERR,ERR,ERR,ERR,ERR,ERR,ERR,ERR,ERR,ERR,ERR,ERR,ERR,ERR,ERR,ERR,ERR,ERR,ERR,ERR,ERR,ERR,ERR,ERR,ERR,ERR,ERR,ERR,ERR,ERR,ERR,ERR,ERR,ERR,ERR,ERR,ERR,ERR,ERR,ERR,ERR,ERR,ERR,ERR,ERR,ERR,ERR,ERR,ERR,ERR,ERR,ERR,ERR,ERR,ERR,ERR,ERR,ERR,ERR,ERR,ERR,ERR,ERR,ERR,ERR,ERR,ERR,ERR,ERR,ERR,ERR,ERR,ERR,ERR,ERR,ERR,-0.0,0.0,3.039990997430017e+23,0.0,0.0,0.0,0.0,nan,0,0,0,32768,0,0.0,0,0.0,0.0,0.0,0.0,0.0,0,0,0,0,0.0,0,0,0,0,0,0,0,0,0,0,0,0,0,0,0,0,0,0,0,0,0,0,0,0,0,0,0,0,0,0,0,0,0,0,0,0,0,0,0,0,0,0,0,0,0.0,0.0,0.0,0.0,0.0,0.0,0.0,0.0,0.0,0.0,0.0,0.0,0.0,0.0,-2.5962063029642504e+33,0.0,0.0,0.0,0.0,0.0,0.0,0.0,2.004,0.0,-0.0,0.0,0.0,0.0,0.0,0.0,3401.5,-8608108544.0,0.0,-0.0,0.0,2.7184274988523002e+23,0.0,0.0,0.0,0.0,0.0,0,107615248.0,0.0,0.0,0.0,0.0,0.0,0.0,0.0,0.0,0,0,0,0.0,0.0,0.0,0.0,0.0,0.0,0.0,0.0,0.0,0.0,0.0,0.0,0.0,0.0,0.0,0.0,0,-107875648.0,0,0.0,0,-107875648.0,-0.0,0,0,17040,39322,17054,13107,17038,0,0,0,110,100,100,-0.0,64.0,0.0,64.5,0.0,69.0,1,49,50,180,13107,0,0,0,0.0,0.0,0.0,0.0,2.4443440396402933e+31,65.0,0.0,13584.5,0.0,646,0,690,0,0,0,720,0,793,0,711,0,690,0,645,0,643,0,614,0.032,56098816.0,-0.0,-0.0,48528,16787,1.4505851569351172e+38,89732.0,-0.0,-1.028375069592758e+32,-0.0,-0.0,29.0,60.0,70,0.0,0.0,0.0,0.0,0.0,0.0,0.0,0.0,0.0,0.0,0.0,0.0,0.0,0.0,0.0,0.0,59.2,69,11,65508,41,65476,0,300,0,0,8,20529,65476,0,0,61604,60.0,0.0,0.0,0.0,0.0,0.0
2026-04-04T11:03:27,ERR,ERR,ERR,ERR,ERR,ERR,ERR,ERR,ERR,ERR,ERR,ERR,ERR,ERR,ERR,ERR,ERR,ERR,ERR,ERR,ERR,ERR,ERR,ERR,ERR,ERR,ERR,ERR,ERR,ERR,ERR,ERR,ERR,ERR,ERR,ERR,ERR,ERR,ERR,ERR,ERR,ERR,ERR,ERR,ERR,ERR,ERR,ERR,ERR,ERR,ERR,ERR,ERR,ERR,ERR,ERR,ERR,ERR,ERR,ERR,ERR,ERR,ERR,ERR,ERR,ERR,ERR,ERR,ERR,ERR,ERR,ERR,ERR,ERR,ERR,ERR,ERR,ERR,ERR,ERR,ERR,ERR,ERR,ERR,ERR,ERR,ERR,ERR,ERR,ERR,ERR,ERR,ERR,ERR,ERR,ERR,ERR,ERR,ERR,ERR,ERR,ERR,ERR,ERR,ERR,ERR,ERR,ERR,ERR,ERR,ERR,ERR,ERR,ERR,ERR,ERR,ERR,ERR,ERR,ERR,ERR,ERR,ERR,ERR,ERR,-0.0,0.0,3.039990997430017e+23,0.0,0.0,0.0,0.0,nan,0,0,0,32768,0,0.0,0,0.0,0.0,0.0,0.0,0.0,0,0,0,0,0.0,0,0,0,0,0,0,0,0,0,0,0,0,0,0,0,0,0,0,0,0,0,0,0,0,0,0,0,0,0,0,0,0,0,0,0,0,0,0,0,0,0,0,0,0,0.0,0.0,0.0,0.0,0.0,0.0,0.0,0.0,0.0,0.0,0.0,0.0,0.0,0.0,-2.5962063029642504e+33,0.0,0.0,0.0,0.0,0.0,0.0,0.0,2.004,0.0,-0.0,0.0,0.0,0.0,0.0,0.0,3401.5,-8608108544.0,0.0,-0.0,0.0,2.7184274988523002e+23,0.0,0.0,0.0,0.0,0.0,0,107615248.0,0.0,0.0,0.0,0.0,0.0,0.0,0.0,0.0,0,0,0,0.0,0.0,0.0,0.0,0.0,0.0,0.0,0.0,0.0,0.0,0.0,0.0,0.0,0.0,0.0,0.0,0,-107875648.0,0,0.0,0,-107875648.0,-0.0,0,0,17040,39322,17054,13107,17038,0,0,0,110,100,100,-0.0,64.0,0.0,64.5,0.0,69.0,1,49,50,180,13107,0,0,0,0.0,0.0,0.0,0.0,2.4443440396402933e+31,65.0,0.0,13584.5,0.0,646,0,690,0,0,0,720,0,793,0,711,0,690,0,645,0,643,0,614,0.032,56098816.0,-0.0,-0.0,48528,16787,1.4505851569351172e+38,89732.0,-0.0,-1.028375069592758e+32,-0.0,-0.0,29.0,60.0,70,0.0,0.0,0.0,0.0,0.0,0.0,0.0,0.0,0.0,0.0,0.0,0.0,0.0,0.0,0.0,0.0,59.2,69,11,65508,41,65476,0,300,0,0,8,20529,65476,0,0,61604,60.0,0.0,0.0,0.0,0.0,0.0
2026-04-04T11:03:28,ERR,ERR,ERR,ERR,ERR,ERR,ERR,ERR,ERR,ERR,ERR,ERR,ERR,ERR,ERR,ERR,ERR,ERR,ERR,ERR,ERR,ERR,ERR,ERR,ERR,ERR,ERR,ERR,ERR,ERR,ERR,ERR,ERR,ERR,ERR,ERR,ERR,ERR,ERR,ERR,ERR,ERR,ERR,ERR,ERR,ERR,ERR,ERR,ERR,ERR,ERR,ERR,ERR,ERR,ERR,ERR,ERR,ERR,ERR,ERR,ERR,ERR,ERR,ERR,ERR,ERR,ERR,ERR,ERR,ERR,ERR,ERR,ERR,ERR,ERR,ERR,ERR,ERR,ERR,ERR,ERR,ERR,ERR,ERR,ERR,ERR,ERR,ERR,ERR,ERR,ERR,ERR,ERR,ERR,ERR,ERR,ERR,ERR,ERR,ERR,ERR,ERR,ERR,ERR,ERR,ERR,ERR,ERR,ERR,ERR,ERR,ERR,ERR,ERR,ERR,ERR,ERR,ERR,ERR,ERR,ERR,ERR,ERR,ERR,ERR,-0.0,0.0,3.039990997430017e+23,0.0,0.0,0.0,0.0,nan,0,0,0,32768,0,0.0,0,0.0,0.0,0.0,0.0,0.0,0,0,0,0,0.0,0,0,0,0,0,0,0,0,0,0,0,0,0,0,0,0,0,0,0,0,0,0,0,0,0,0,0,0,0,0,0,0,0,0,0,0,0,0,0,0,0,0,0,0,0.0,0.0,0.0,0.0,0.0,0.0,0.0,0.0,0.0,0.0,0.0,0.0,0.0,0.0,0.0,0.0,0.0,0.0,0.0,0.0,0.0,0.0,2.004,0.0,-0.0,0.0,0.0,0.0,0.0,0.0,3402.5,-2.004,0.0,-0.0,0.0,2.7184274988523002e+23,0.0,0.0,0.0,0.0,0.0,0,152018253512704.0,0.0,0.0,0.0,0.0,0.0,0.0,0.0,0.0,0,0,0,0.0,0.0,0.0,0.0,0.0,0.0,0.0,0.0,0.0,0.0,0.0,0.0,0.0,0.0,0.0,0.0,0,-107875648.0,0,0.0,0,-107875648.0,-0.0,0,0,17040,39322,17054,13107,17038,0,0,0,110,100,100,-0.0,64.0,0.0,64.5,0.0,69.0,1,49,50,180,13107,0,0,0,0.0,0.0,0.0,0.0,2.4443440396402933e+31,65.0,0.0,13584.5,0.0,646,0,690,0,0,0,720,0,793,0,711,0,690,0,645,0,643,0,614,0.032,56098816.0,-0.0,-0.0,48528,16787,1.4505851569351172e+38,89732.0,-0.0,-1.028375069592758e+32,-0.0,-0.0,29.0,60.0,70,0.0,0.0,0.0,0.0,0.0,0.0,0.0,0.0,0.0,0.0,0.0,0.0,0.0,0.0,0.0,0.0,59.6,69,11,65508,41,65476,0,300,0,0,8,20529,65476,0,0,61604,60.0,0.0,0.0,0.0,0.0,0.0
2026-04-04T11:03:29,ERR,ERR,ERR,ERR,ERR,ERR,ERR,ERR,ERR,ERR,ERR,ERR,ERR,ERR,ERR,ERR,ERR,ERR,ERR,ERR,ERR,ERR,ERR,ERR,ERR,ERR,ERR,ERR,ERR,ERR,ERR,ERR,ERR,ERR,ERR,ERR,ERR,ERR,ERR,ERR,ERR,ERR,ERR,ERR,ERR,ERR,ERR,ERR,ERR,ERR,ERR,ERR,ERR,ERR,ERR,ERR,ERR,ERR,ERR,ERR,ERR,ERR,ERR,ERR,ERR,ERR,ERR,ERR,ERR,ERR,ERR,ERR,ERR,ERR,ERR,ERR,ERR,ERR,ERR,ERR,ERR,ERR,ERR,ERR,ERR,ERR,ERR,ERR,ERR,ERR,ERR,ERR,ERR,ERR,ERR,ERR,ERR,ERR,ERR,ERR,ERR,ERR,ERR,ERR,ERR,ERR,ERR,ERR,ERR,ERR,ERR,ERR,ERR,ERR,ERR,ERR,ERR,ERR,ERR,ERR,ERR,ERR,ERR,ERR,ERR,-0.0,0.0,3.039990997430017e+23,0.0,0.0,0.0,0.0,nan,0,0,0,32768,0,0.0,0,0.0,0.0,0.0,0.0,0.0,0,0,0,0,0.0,0,0,0,0,0,0,0,0,0,0,0,0,0,0,0,0,0,0,0,0,0,0,0,0,0,0,0,0,0,0,0,0,0,0,0,0,0,0,0,0,0,0,0,0,0.0,0.0,0.0,0.0,0.0,0.0,0.0,0.0,0.0,0.0,0.0,0.0,0.0,0.0,0.0,0.0,0.0,0.0,0.0,0.0,0.0,0.0,2.004,0.0,-0.0,0.0,0.0,0.0,0.0,0.0,3402.5,-2.004,0.0,-0.0,0.0,2.7184274988523002e+23,0.0,0.0,0.0,0.0,0.0,0,152018253512704.0,0.0,0.0,0.0,0.0,0.0,0.0,0.0,0.0,0,0,0,0.0,0.0,0.0,0.0,0.0,0.0,0.0,0.0,0.0,0.0,0.0,0.0,0.0,0.0,0.0,0.0,0,-107875648.0,0,0.0,0,-107875648.0,-0.0,0,0,17040,39322,17054,13107,17038,0,0,0,110,100,100,-0.0,64.0,0.0,64.5,0.0,69.0,1,49,50,180,13107,0,0,0,0.0,0.0,0.0,0.0,2.4443440396402933e+31,65.0,0.0,13584.5,0.0,646,0,690,0,0,0,720,0,793,0,711,0,690,0,645,0,643,0,614,0.032,56098816.0,-0.0,-0.0,48528,16787,1.4505851569351172e+38,89732.0,-0.0,-1.028375069592758e+32,-0.0,-0.0,29.0,60.0,70,0.0,0.0,0.0,0.0,0.0,0.0,0.0,0.0,0.0,0.0,0.0,0.0,0.0,0.0,0.0,0.0,59.6,69,11,65508,41,65476,0,300,0,0,8,20529,65476,0,0,61604,60.0,0.0,0.0,0.0,0.0,0.0
2026-04-04T11:03:30,ERR,ERR,ERR,ERR,ERR,ERR,ERR,ERR,ERR,ERR,ERR,ERR,ERR,ERR,ERR,ERR,ERR,ERR,ERR,ERR,ERR,ERR,ERR,ERR,ERR,ERR,ERR,ERR,ERR,ERR,ERR,ERR,ERR,ERR,ERR,ERR,ERR,ERR,ERR,ERR,ERR,ERR,ERR,ERR,ERR,ERR,ERR,ERR,ERR,ERR,ERR,ERR,ERR,ERR,ERR,ERR,ERR,ERR,ERR,ERR,ERR,ERR,ERR,ERR,ERR,ERR,ERR,ERR,ERR,ERR,ERR,ERR,ERR,ERR,ERR,ERR,ERR,ERR,ERR,ERR,ERR,ERR,ERR,ERR,ERR,ERR,ERR,ERR,ERR,ERR,ERR,ERR,ERR,ERR,ERR,ERR,ERR,ERR,ERR,ERR,ERR,ERR,ERR,ERR,ERR,ERR,ERR,ERR,ERR,ERR,ERR,ERR,ERR,ERR,ERR,ERR,ERR,ERR,ERR,ERR,ERR,ERR,ERR,ERR,ERR,-0.0,0.0,3.039990997430017e+23,0.0,0.0,0.0,0.0,nan,0,0,0,32768,0,0.0,0,0.0,0.0,0.0,0.0,0.0,0,0,0,0,0.0,0,0,0,0,0,0,0,0,0,0,0,0,0,0,0,0,0,0,0,0,0,0,0,0,0,0,0,0,0,0,0,0,0,0,0,0,0,0,0,0,0,0,0,0,0.0,0.0,0.0,0.0,0.0,0.0,0.0,0.0,0.0,0.0,0.0,0.0,0.0,0.0,0.0,0.0,0.0,0.0,0.0,0.0,0.0,0.0,2.004,0.0,-0.0,0.0,0.0,0.0,0.0,0.0,3402.5,-2.004,0.0,-0.0,0.0,2.7184274988523002e+23,0.0,0.0,0.0,0.0,0.0,0,152018253512704.0,0.0,0.0,0.0,0.0,0.0,0.0,0.0,0.0,0,0,0,0.0,0.0,0.0,0.0,0.0,0.0,0.0,0.0,0.0,0.0,0.0,0.0,0.0,0.0,0.0,0.0,0,-107875648.0,0,0.0,0,-107875648.0,-0.0,0,0,17040,39322,17054,13107,17038,0,0,0,110,100,100,-0.0,64.0,0.0,64.5,0.0,69.0,1,49,50,180,13107,0,0,0,0.0,0.0,0.0,0.0,-0.0,65.0,0.0,418320.0,0.0,646,0,690,0,0,0,720,0,793,0,711,0,690,0,645,0,643,0,614,0.032,51904512.0,-0.0,-0.0,46096,16787,3.656103020434519e+33,30099374080.0,-0.0,-0.0,-0.0,8.250950580351605e+34,29.0,60.0,70,0.0,0.0,0.0,0.0,0.0,0.0,0.0,0.0,0.0,0.0,0.0,0.0,0.0,0.0,0.0,0.0,59.2,69,11,65508,41,65476,0,300,0,0,8,20529,65476,0,0,61604,60.0,0.0,0.0,0.0,0.0,0.0
2026-04-04T11:03:31,ERR,ERR,ERR,ERR,ERR,ERR,ERR,ERR,ERR,ERR,ERR,ERR,ERR,ERR,ERR,ERR,ERR,ERR,ERR,ERR,ERR,ERR,ERR,ERR,ERR,ERR,ERR,ERR,ERR,ERR,ERR,ERR,ERR,ERR,ERR,ERR,ERR,ERR,ERR,ERR,ERR,ERR,ERR,ERR,ERR,ERR,ERR,ERR,ERR,ERR,ERR,ERR,ERR,ERR,ERR,ERR,ERR,ERR,ERR,ERR,ERR,ERR,ERR,ERR,ERR,ERR,ERR,ERR,ERR,ERR,ERR,ERR,ERR,ERR,ERR,ERR,ERR,ERR,ERR,ERR,ERR,ERR,ERR,ERR,ERR,ERR,ERR,ERR,ERR,ERR,ERR,ERR,ERR,ERR,ERR,ERR,ERR,ERR,ERR,ERR,ERR,ERR,ERR,ERR,ERR,ERR,ERR,ERR,ERR,ERR,ERR,ERR,ERR,ERR,ERR,ERR,ERR,ERR,ERR,ERR,ERR,ERR,ERR,ERR,ERR,-0.0,0.0,3.039990997430017e+23,0.0,0.0,0.0,0.0,nan,0,0,0,32768,0,0.0,0,0.0,0.0,0.0,0.0,0.0,0,0,0,0,0.0,0,0,0,0,0,0,0,0,0,0,0,0,0,0,0,0,0,0,0,0,0,0,0,0,0,0,0,0,0,0,0,0,0,0,0,0,0,0,0,0,0,0,0,0,0.0,0.0,0.0,0.0,0.0,0.0,0.0,0.0,0.0,0.0,0.0,0.0,0.0,0.0,0.0,0.0,0.0,0.0,0.0,0.0,0.0,0.0,2.004,0.0,-0.0,0.0,0.0,0.0,0.0,0.0,3402.5,-2.004,0.0,-0.0,0.0,2.7184274988523002e+23,0.0,0.0,0.0,0.0,0.0,0,152018253512704.0,0.0,0.0,0.0,0.0,0.0,0.0,0.0,0.0,0,0,0,0.0,0.0,0.0,0.0,0.0,0.0,0.0,0.0,0.0,0.0,0.0,0.0,0.0,0.0,0.0,0.0,0,-107875648.0,0,0.0,0,-107875648.0,-0.0,0,0,17040,39322,17054,13107,17038,0,0,0,110,100,100,-0.0,64.0,0.0,64.5,0.0,69.0,1,49,50,180,13107,0,0,0,0.0,0.0,0.0,0.0,-0.0,65.0,0.0,418320.0,0.0,646,0,690,0,0,0,720,0,793,0,711,0,690,0,645,0,643,0,614,0.032,51904512.0,-0.0,-0.0,46096,16787,3.656103020434519e+33,30099374080.0,-0.0,-0.0,-0.0,8.250950580351605e+34,29.0,60.0,70,0.0,0.0,0.0,0.0,0.0,0.0,0.0,0.0,0.0,0.0,0.0,0.0,0.0,0.0,0.0,0.0,59.2,69,11,65508,41,65476,0,300,0,0,8,20529,65476,0,0,61604,60.0,0.0,0.0,0.0,0.0,0.0
2026-04-04T11:03:32,ERR,ERR,ERR,ERR,ERR,ERR,ERR,ERR,ERR,ERR,ERR,ERR,ERR,ERR,ERR,ERR,ERR,ERR,ERR,ERR,ERR,ERR,ERR,ERR,ERR,ERR,ERR,ERR,ERR,ERR,ERR,ERR,ERR,ERR,ERR,ERR,ERR,ERR,ERR,ERR,ERR,ERR,ERR,ERR,ERR,ERR,ERR,ERR,ERR,ERR,ERR,ERR,ERR,ERR,ERR,ERR,ERR,ERR,ERR,ERR,ERR,ERR,ERR,ERR,ERR,ERR,ERR,ERR,ERR,ERR,ERR,ERR,ERR,ERR,ERR,ERR,ERR,ERR,ERR,ERR,ERR,ERR,ERR,ERR,ERR,ERR,ERR,ERR,ERR,ERR,ERR,ERR,ERR,ERR,ERR,ERR,ERR,ERR,ERR,ERR,ERR,ERR,ERR,ERR,ERR,ERR,ERR,ERR,ERR,ERR,ERR,ERR,ERR,ERR,ERR,ERR,ERR,ERR,ERR,ERR,ERR,ERR,ERR,ERR,ERR,-0.0,0.0,3.039990997430017e+23,0.0,0.0,0.0,0.0,nan,0,0,0,32768,0,0.0,0,0.0,0.0,0.0,0.0,0.0,0,0,0,0,0.0,0,0,0,0,0,0,0,0,0,0,0,0,0,0,0,0,0,0,0,0,0,0,0,0,0,0,0,0,0,0,0,0,0,0,0,0,0,0,0,0,0,0,0,0,0.0,0.0,0.0,0.0,0.0,0.0,0.0,0.0,0.0,0.0,0.0,0.0,0.0,0.0,0.0,0.0,0.0,0.0,0.0,0.0,0.0,0.0,2.004,0.0,-0.0,0.0,0.0,0.0,0.0,0.0,3402.5,-2.004,0.0,-0.0,0.0,2.7184274988523002e+23,0.0,0.0,0.0,0.0,0.0,0,152018253512704.0,0.0,0.0,0.0,0.0,0.0,0.0,0.0,0.0,0,0,0,0.0,0.0,0.0,0.0,0.0,0.0,0.0,0.0,0.0,0.0,0.0,0.0,0.0,0.0,0.0,0.0,0,-107875648.0,0,0.0,0,-107875648.0,-0.0,0,0,17040,39322,17054,13107,17038,0,0,0,110,100,100,-0.0,64.0,0.0,64.5,0.0,69.0,1,49,50,180,13107,0,0,0,0.0,0.0,0.0,0.0,-0.0,65.0,0.0,418320.0,0.0,646,0,690,0,0,0,720,0,793,0,711,0,690,0,645,0,643,0,614,0.032,51904512.0,-0.0,-0.0,46096,16787,3.656103020434519e+33,30099374080.0,-0.0,-0.0,-0.0,8.250950580351605e+34,29.0,60.0,70,0.0,0.0,0.0,0.0,0.0,0.0,0.0,0.0,0.0,0.0,0.0,0.0,0.0,0.0,0.0,0.0,59.2,69,11,65508,41,65476,0,300,0,0,8,20529,65476,0,0,61604,60.0,0.0,0.0,0.0,0.0,0.0
2026-04-04T11:03:33,ERR,ERR,ERR,ERR,ERR,ERR,ERR,ERR,ERR,ERR,ERR,ERR,ERR,ERR,ERR,ERR,ERR,ERR,ERR,ERR,ERR,ERR,ERR,ERR,ERR,ERR,ERR,ERR,ERR,ERR,ERR,ERR,ERR,ERR,ERR,ERR,ERR,ERR,ERR,ERR,ERR,ERR,ERR,ERR,ERR,ERR,ERR,ERR,ERR,ERR,ERR,ERR,ERR,ERR,ERR,ERR,ERR,ERR,ERR,ERR,ERR,ERR,ERR,ERR,ERR,ERR,ERR,ERR,ERR,ERR,ERR,ERR,ERR,ERR,ERR,ERR,ERR,ERR,ERR,ERR,ERR,ERR,ERR,ERR,ERR,ERR,ERR,ERR,ERR,ERR,ERR,ERR,ERR,ERR,ERR,ERR,ERR,ERR,ERR,ERR,ERR,ERR,ERR,ERR,ERR,ERR,ERR,ERR,ERR,ERR,ERR,ERR,ERR,ERR,ERR,ERR,ERR,ERR,ERR,ERR,ERR,ERR,ERR,ERR,ERR,-0.0,0.0,3.039990997430017e+23,0.0,0.0,0.0,0.0,nan,0,0,0,32768,0,0.0,0,0.0,0.0,0.0,0.0,0.0,0,0,0,0,0.0,0,0,0,0,0,0,0,0,0,0,0,0,0,0,0,0,0,0,0,0,0,0,0,0,0,0,0,0,0,0,0,0,0,0,0,0,0,0,0,0,0,0,0,0,0.0,0.0,0.0,0.0,0.0,0.0,0.0,0.0,0.0,0.0,0.0,0.0,0.0,0.0,0.0,0.0,0.0,0.0,0.0,0.0,0.0,0.0,2.004,0.0,-0.0,0.0,0.0,0.0,0.0,0.0,3402.5,-2.004,0.0,-0.0,0.0,2.7184274988523002e+23,0.0,0.0,0.0,0.0,0.0,0,152018253512704.0,0.0,0.0,0.0,0.0,0.0,0.0,0.0,0.0,0,0,0,0.0,0.0,0.0,0.0,0.0,0.0,0.0,0.0,0.0,0.0,0.0,0.0,0.0,0.0,0.0,0.0,0,-107875648.0,0,0.0,0,-107875648.0,-0.0,0,0,17040,39322,17054,13107,17038,0,0,0,110,100,100,-0.0,64.0,0.0,64.5,0.0,69.0,1,49,50,180,13107,0,0,0,0.0,0.0,0.0,0.0,-0.0,65.0,0.0,418320.0,0.0,646,0,690,0,0,0,720,0,793,0,711,0,690,0,645,0,643,0,614,0.032,51904512.0,-0.0,-0.0,46096,16787,3.656103020434519e+33,30099374080.0,-0.0,-0.0,-0.0,8.250950580351605e+34,29.0,60.0,70,0.0,0.0,0.0,0.0,0.0,0.0,0.0,0.0,0.0,0.0,0.0,0.0,0.0,0.0,0.0,0.0,59.2,69,11,65508,41,65476,0,300,0,0,8,20529,65476,0,0,61604,60.0,0.0,0.0,0.0,0.0,0.0
2026-04-04T11:03:34,ERR,ERR,ERR,ERR,ERR,ERR,ERR,ERR,ERR,ERR,ERR,ERR,ERR,ERR,ERR,ERR,ERR,ERR,ERR,ERR,ERR,ERR,ERR,ERR,ERR,ERR,ERR,ERR,ERR,ERR,ERR,ERR,ERR,ERR,ERR,ERR,ERR,ERR,ERR,ERR,ERR,ERR,ERR,ERR,ERR,ERR,ERR,ERR,ERR,ERR,ERR,ERR,ERR,ERR,ERR,ERR,ERR,ERR,ERR,ERR,ERR,ERR,ERR,ERR,ERR,ERR,ERR,ERR,ERR,ERR,ERR,ERR,ERR,ERR,ERR,ERR,ERR,ERR,ERR,ERR,ERR,ERR,ERR,ERR,ERR,ERR,ERR,ERR,ERR,ERR,ERR,ERR,ERR,ERR,ERR,ERR,ERR,ERR,ERR,ERR,ERR,ERR,ERR,ERR,ERR,ERR,ERR,ERR,ERR,ERR,ERR,ERR,ERR,ERR,ERR,ERR,ERR,ERR,ERR,ERR,ERR,ERR,ERR,ERR,ERR,-0.0,0.0,3.039990997430017e+23,0.0,0.0,0.0,0.0,nan,0,0,0,32768,0,0.0,0,0.0,0.0,0.0,0.0,0.0,0,0,0,0,0.0,0,0,0,0,0,0,0,0,0,0,0,0,0,0,0,0,0,0,0,0,0,0,0,0,0,0,0,0,0,0,0,0,0,0,0,0,0,0,0,0,0,0,0,0,0.0,0.0,0.0,0.0,0.0,0.0,0.0,0.0,0.0,0.0,0.0,0.0,0.0,0.0,0.0,0.0,0.0,0.0,0.0,0.0,0.0,0.0,2.004,0.0,-0.0,0.0,0.0,0.0,0.0,0.0,3401.5,-0.0,0.0,-0.0,0.0,-0.0,0.0,0.0,0.0,0.0,0.0,0,89221.016,0.0,0.0,0.0,0.0,0.0,0.0,0.0,0.0,0,0,0,0.0,0.0,0.0,0.0,0.0,0.0,0.0,0.0,0.0,0.0,0.0,0.0,0.0,0.0,0.0,0.0,0,-107875648.0,0,0.0,0,-107875648.0,-107877712.0,0,0,17040,39322,17054,13107,17038,0,0,0,110,100,100,-0.0,64.0,0.0,64.5,0.0,69.0,1,49,50,180,13107,0,0,0,0.0,0.0,0.0,0.0,2.1310813970797626e+37,65.0,0.0,0.0,0.0,646,0,690,0,0,0,720,0,793,0,711,0,690,0,645,0,643,0,614,0.032,55836672.0,-0.0,-0.0,45200,16787,3.0237898163258214e+29,0.007,-0.0,-0.0,-0.0,1006104870912.0,29.0,60.0,70,0.0,0.0,0.0,0.0,0.0,0.0,0.0,0.0,0.0,0.0,0.0,0.0,0.0,0.0,0.0,0.0,59.2,69,11,65508,41,65476,0,300,0,0,8,20529,65476,0,0,61604,60.0,0.0,0.0,0.0,0.0,0.0
2026-04-04T11:03:35,ERR,ERR,ERR,ERR,ERR,ERR,ERR,ERR,ERR,ERR,ERR,ERR,ERR,ERR,ERR,ERR,ERR,ERR,ERR,ERR,ERR,ERR,ERR,ERR,ERR,ERR,ERR,ERR,ERR,ERR,ERR,ERR,ERR,ERR,ERR,ERR,ERR,ERR,ERR,ERR,ERR,ERR,ERR,ERR,ERR,ERR,ERR,ERR,ERR,ERR,ERR,ERR,ERR,ERR,ERR,ERR,ERR,ERR,ERR,ERR,ERR,ERR,ERR,ERR,ERR,ERR,ERR,ERR,ERR,ERR,ERR,ERR,ERR,ERR,ERR,ERR,ERR,ERR,ERR,ERR,ERR,ERR,ERR,ERR,ERR,ERR,ERR,ERR,ERR,ERR,ERR,ERR,ERR,ERR,ERR,ERR,ERR,ERR,ERR,ERR,ERR,ERR,ERR,ERR,ERR,ERR,ERR,ERR,ERR,ERR,ERR,ERR,ERR,ERR,ERR,ERR,ERR,ERR,ERR,ERR,ERR,ERR,ERR,ERR,ERR,-0.0,0.0,3.039990997430017e+23,0.0,0.0,0.0,0.0,nan,0,0,0,32768,0,0.0,0,0.0,0.0,0.0,0.0,0.0,0,0,0,0,0.0,0,0,0,0,0,0,0,0,0,0,0,0,0,0,0,0,0,0,0,0,0,0,0,0,0,0,0,0,0,0,0,0,0,0,0,0,0,0,0,0,0,0,0,0,0.0,0.0,0.0,0.0,0.0,0.0,0.0,0.0,0.0,0.0,0.0,0.0,0.0,0.0,0.0,0.0,0.0,0.0,0.0,0.0,0.0,0.0,2.004,0.0,-0.0,0.0,0.0,0.0,0.0,0.0,3401.5,-0.0,0.0,-0.0,0.0,-0.0,0.0,0.0,0.0,0.0,0.0,0,89221.016,0.0,0.0,0.0,0.0,0.0,0.0,0.0,0.0,0,0,0,0.0,0.0,0.0,0.0,0.0,0.0,0.0,0.0,0.0,0.0,0.0,0.0,0.0,0.0,0.0,0.0,0,-107875648.0,0,0.0,0,-107875648.0,-107877712.0,0,0,17040,39322,17054,13107,17038,0,0,0,110,100,100,-0.0,64.0,0.0,64.5,0.0,69.0,1,49,50,180,13107,0,0,0,0.0,0.0,0.0,0.0,2.1310813970797626e+37,65.0,0.0,0.0,0.0,646,0,690,0,0,0,720,0,793,0,711,0,690,0,645,0,643,0,614,0.032,55836672.0,-0.0,-0.0,45200,16787,3.0237898163258214e+29,0.007,-0.0,-0.0,-0.0,1006104870912.0,29.0,60.0,70,0.0,0.0,0.0,0.0,0.0,0.0,0.0,0.0,0.0,0.0,0.0,0.0,0.0,0.0,0.0,0.0,59.2,69,11,65508,41,65476,0,300,0,0,8,20529,65476,0,0,61604,60.0,0.0,0.0,0.0,0.0,0.0
2026-04-04T11:03:36,ERR,ERR,ERR,ERR,ERR,ERR,ERR,ERR,ERR,ERR,ERR,ERR,ERR,ERR,ERR,ERR,ERR,ERR,ERR,ERR,ERR,ERR,ERR,ERR,ERR,ERR,ERR,ERR,ERR,ERR,ERR,ERR,ERR,ERR,ERR,ERR,ERR,ERR,ERR,ERR,ERR,ERR,ERR,ERR,ERR,ERR,ERR,ERR,ERR,ERR,ERR,ERR,ERR,ERR,ERR,ERR,ERR,ERR,ERR,ERR,ERR,ERR,ERR,ERR,ERR,ERR,ERR,ERR,ERR,ERR,ERR,ERR,ERR,ERR,ERR,ERR,ERR,ERR,ERR,ERR,ERR,ERR,ERR,ERR,ERR,ERR,ERR,ERR,ERR,ERR,ERR,ERR,ERR,ERR,ERR,ERR,ERR,ERR,ERR,ERR,ERR,ERR,ERR,ERR,ERR,ERR,ERR,ERR,ERR,ERR,ERR,ERR,ERR,ERR,ERR,ERR,ERR,ERR,ERR,ERR,ERR,ERR,ERR,ERR,ERR,-0.0,0.0,3.039990997430017e+23,0.0,0.0,0.0,0.0,nan,0,0,0,32768,0,0.0,0,0.0,0.0,0.0,0.0,0.0,0,0,0,0,0.0,0,0,0,0,0,0,0,0,0,0,0,0,0,0,0,0,0,0,0,0,0,0,0,0,0,0,0,0,0,0,0,0,0,0,0,0,0,0,0,0,0,0,0,0,0.0,0.0,0.0,0.0,0.0,0.0,0.0,0.0,0.0,0.0,0.0,0.0,0.0,0.0,0.0,0.0,0.0,0.0,0.0,0.0,0.0,0.0,2.004,0.0,-0.0,0.0,0.0,0.0,0.0,0.0,3401.5,-0.0,0.0,-0.0,0.0,-0.0,0.0,0.0,0.0,0.0,0.0,0,89221.016,0.0,0.0,0.0,0.0,0.0,0.0,0.0,0.0,0,0,0,0.0,0.0,0.0,0.0,0.0,0.0,0.0,0.0,0.0,0.0,0.0,0.0,0.0,0.0,0.0,0.0,0,-107875648.0,0,0.0,0,-107875648.0,-107877712.0,0,0,17040,39322,17054,13107,17038,0,0,0,110,100,100,-0.0,64.0,0.0,64.5,0.0,69.0,1,49,50,180,13107,0,0,0,0.0,0.0,0.0,0.0,2.1310813970797626e+37,65.0,0.0,0.0,0.0,646,0,690,0,0,0,720,0,793,0,711,0,690,0,645,0,643,0,614,0.032,55836672.0,-0.0,-0.0,45200,16787,3.0237898163258214e+29,0.007,-0.0,-0.0,-0.0,1006104870912.0,29.0,60.0,70,0.0,0.0,0.0,0.0,0.0,0.0,0.0,0.0,0.0,0.0,0.0,0.0,0.0,0.0,0.0,0.0,59.2,69,11,65508,41,65476,0,300,0,0,8,20529,65476,0,0,61604,60.0,0.0,0.0,0.0,0.0,0.0
2026-04-04T11:03:37,ERR,ERR,ERR,ERR,ERR,ERR,ERR,ERR,ERR,ERR,ERR,ERR,ERR,ERR,ERR,ERR,ERR,ERR,ERR,ERR,ERR,ERR,ERR,ERR,ERR,ERR,ERR,ERR,ERR,ERR,ERR,ERR,ERR,ERR,ERR,ERR,ERR,ERR,ERR,ERR,ERR,ERR,ERR,ERR,ERR,ERR,ERR,ERR,ERR,ERR,ERR,ERR,ERR,ERR,ERR,ERR,ERR,ERR,ERR,ERR,ERR,ERR,ERR,ERR,ERR,ERR,ERR,ERR,ERR,ERR,ERR,ERR,ERR,ERR,ERR,ERR,ERR,ERR,ERR,ERR,ERR,ERR,ERR,ERR,ERR,ERR,ERR,ERR,ERR,ERR,ERR,ERR,ERR,ERR,ERR,ERR,ERR,ERR,ERR,ERR,ERR,ERR,ERR,ERR,ERR,ERR,ERR,ERR,ERR,ERR,ERR,ERR,ERR,ERR,ERR,ERR,ERR,ERR,ERR,ERR,ERR,ERR,ERR,ERR,ERR,-0.0,0.0,3.039990997430017e+23,0.0,0.0,0.0,0.0,nan,0,0,0,32768,0,0.0,0,0.0,0.0,0.0,0.0,0.0,0,0,0,0,0.0,0,0,0,0,0,0,0,0,0,0,0,0,0,0,0,0,0,0,0,0,0,0,0,0,0,0,0,0,0,0,0,0,0,0,0,0,0,0,0,0,0,0,0,0,0.0,0.0,0.0,0.0,0.0,0.0,0.0,0.0,0.0,0.0,0.0,0.0,0.0,0.0,0.0,0.0,0.0,0.0,0.0,0.0,0.0,0.0,2.004,0.0,-0.0,0.0,0.0,0.0,0.0,0.0,3401.5,-0.0,0.0,-0.0,0.0,-0.0,0.0,0.0,0.0,0.0,0.0,0,89221.016,0.0,0.0,0.0,0.0,0.0,0.0,0.0,0.0,0,0,0,0.0,0.0,0.0,0.0,0.0,0.0,0.0,0.0,0.0,0.0,0.0,0.0,0.0,0.0,0.0,0.0,0,-107875648.0,0,0.0,0,-107875648.0,-107877712.0,0,0,17040,39322,17054,13107,17038,0,0,0,110,100,100,-0.0,64.0,0.0,64.5,0.0,69.0,1,49,50,180,13107,0,0,0,0.0,0.0,0.0,0.0,2.1310813970797626e+37,65.0,0.0,0.0,0.0,646,0,690,0,0,0,720,0,793,0,711,0,690,0,645,0,643,0,614,0.032,55836672.0,-0.0,-0.0,45200,16787,3.0237898163258214e+29,0.007,-0.0,-0.0,-0.0,1006104870912.0,29.0,60.0,70,0.0,0.0,0.0,0.0,0.0,0.0,0.0,0.0,0.0,0.0,0.0,0.0,0.0,0.0,0.0,0.0,59.2,69,11,65508,41,65476,0,300,0,0,8,20529,65476,0,0,61604,60.0,0.0,0.0,0.0,0.0,0.0
2026-04-04T11:03:38,ERR,ERR,ERR,ERR,ERR,ERR,ERR,ERR,ERR,ERR,ERR,ERR,ERR,ERR,ERR,ERR,ERR,ERR,ERR,ERR,ERR,ERR,ERR,ERR,ERR,ERR,ERR,ERR,ERR,ERR,ERR,ERR,ERR,ERR,ERR,ERR,ERR,ERR,ERR,ERR,ERR,ERR,ERR,ERR,ERR,ERR,ERR,ERR,ERR,ERR,ERR,ERR,ERR,ERR,ERR,ERR,ERR,ERR,ERR,ERR,ERR,ERR,ERR,ERR,ERR,ERR,ERR,ERR,ERR,ERR,ERR,ERR,ERR,ERR,ERR,ERR,ERR,ERR,ERR,ERR,ERR,ERR,ERR,ERR,ERR,ERR,ERR,ERR,ERR,ERR,ERR,ERR,ERR,ERR,ERR,ERR,ERR,ERR,ERR,ERR,ERR,ERR,ERR,ERR,ERR,ERR,ERR,ERR,ERR,ERR,ERR,ERR,ERR,ERR,ERR,ERR,ERR,ERR,ERR,ERR,ERR,ERR,ERR,ERR,ERR,-0.0,0.0,3.039990997430017e+23,0.0,0.0,0.0,0.0,nan,0,0,0,32768,0,0.0,0,0.0,0.0,0.0,0.0,0.0,0,0,0,0,0.0,0,0,0,0,0,0,0,0,0,0,0,0,0,0,0,0,0,0,0,0,0,0,0,0,0,0,0,0,0,0,0,0,0,0,0,0,0,0,0,0,0,0,0,0,0.0,0.0,0.0,0.0,0.0,0.0,0.0,0.0,0.0,0.0,0.0,0.0,0.0,0.0,0.0,0.0,0.0,0.0,0.0,0.0,0.0,0.0,2.004,0.0,-0.0,0.0,0.0,0.0,0.0,0.0,3401.5,-0.0,0.0,-0.0,0.0,-0.0,0.0,0.0,0.0,0.0,0.0,0,89221.016,0.0,0.0,0.0,0.0,0.0,0.0,0.0,0.0,0,0,0,0.0,0.0,0.0,0.0,0.0,0.0,0.0,0.0,0.0,0.0,0.0,0.0,0.0,0.0,0.0,0.0,0,-107875648.0,0,0.0,0,-107875648.0,-107877712.0,0,0,17040,39322,17054,13107,17038,0,0,0,110,100,100,-0.0,64.0,0.0,64.5,0.0,69.0,1,49,50,180,13107,0,0,0,0.0,0.0,0.0,0.0,-0.0,65.0,0.0,0.0,0.0,646,0,690,0,0,0,720,0,793,0,711,0,690,0,645,0,643,0,614,0.032,55836672.0,-0.0,-0.0,56976,16787,-0.0,0.0,-0.0,1.1747999593470925e+30,-0.0,1.8612915640960454e+22,29.0,60.0,70,0.0,0.0,0.0,0.0,0.0,0.0,0.0,0.0,0.0,0.0,0.0,0.0,0.0,0.0,0.0,0.0,59.2,69,11,65508,41,65476,0,300,0,0,8,20529,65476,0,0,61604,60.0,0.0,0.0,0.0,0.0,0.0
2026-04-04T11:03:39,ERR,ERR,ERR,ERR,ERR,ERR,ERR,ERR,ERR,ERR,ERR,ERR,ERR,ERR,ERR,ERR,ERR,ERR,ERR,ERR,ERR,ERR,ERR,ERR,ERR,ERR,ERR,ERR,ERR,ERR,ERR,ERR,ERR,ERR,ERR,ERR,ERR,ERR,ERR,ERR,ERR,ERR,ERR,ERR,ERR,ERR,ERR,ERR,ERR,ERR,ERR,ERR,ERR,ERR,ERR,ERR,ERR,ERR,ERR,ERR,ERR,ERR,ERR,ERR,ERR,ERR,ERR,ERR,ERR,ERR,ERR,ERR,ERR,ERR,ERR,ERR,ERR,ERR,ERR,ERR,ERR,ERR,ERR,ERR,ERR,ERR,ERR,ERR,ERR,ERR,ERR,ERR,ERR,ERR,ERR,ERR,ERR,ERR,ERR,ERR,ERR,ERR,ERR,ERR,ERR,ERR,ERR,ERR,ERR,ERR,ERR,ERR,ERR,ERR,ERR,ERR,ERR,ERR,ERR,ERR,ERR,ERR,ERR,ERR,ERR,-0.0,0.0,3.039990997430017e+23,0.0,0.0,0.0,0.0,nan,0,0,0,32768,0,0.0,0,0.0,0.0,0.0,0.0,0.0,0,0,0,0,0.0,0,0,0,0,0,0,0,0,0,0,0,0,0,0,0,0,0,0,0,0,0,0,0,0,0,0,0,0,0,0,0,0,0,0,0,0,0,0,0,0,0,0,0,0,0.0,0.0,0.0,0.0,0.0,0.0,0.0,0.0,0.0,0.0,0.0,0.0,0.0,0.0,0.0,0.0,0.0,0.0,0.0,0.0,0.0,0.0,2.004,0.0,-0.0,0.0,0.0,0.0,0.0,0.0,3401.5,-0.0,0.0,-0.0,0.0,-0.0,0.0,0.0,0.0,0.0,0.0,0,89221.016,0.0,0.0,0.0,0.0,0.0,0.0,0.0,0.0,0,0,0,0.0,0.0,0.0,0.0,0.0,0.0,0.0,0.0,0.0,0.0,0.0,0.0,0.0,0.0,0.0,0.0,0,-107875648.0,0,0.0,0,-107875648.0,-107877712.0,0,0,17040,39322,17054,13107,17038,0,0,0,110,100,100,-0.0,64.0,0.0,64.5,0.0,69.0,1,49,50,180,13107,0,0,0,0.0,0.0,0.0,0.0,-0.0,65.0,0.0,0.0,0.0,646,0,690,0,0,0,720,0,793,0,711,0,690,0,645,0,643,0,614,0.032,55836672.0,-0.0,-0.0,56976,16787,-0.0,0.0,-0.0,1.1747999593470925e+30,-0.0,1.8612915640960454e+22,29.0,60.0,70,0.0,0.0,0.0,0.0,0.0,0.0,0.0,0.0,0.0,0.0,0.0,0.0,0.0,0.0,0.0,0.0,59.2,69,11,65508,41,65476,0,300,0,0,8,20529,65476,0,0,61604,60.0,0.0,0.0,0.0,0.0,0.0
2026-04-04T11:03:40,ERR,ERR,ERR,ERR,ERR,ERR,ERR,ERR,ERR,ERR,ERR,ERR,ERR,ERR,ERR,ERR,ERR,ERR,ERR,ERR,ERR,ERR,ERR,ERR,ERR,ERR,ERR,ERR,ERR,ERR,ERR,ERR,ERR,ERR,ERR,ERR,ERR,ERR,ERR,ERR,ERR,ERR,ERR,ERR,ERR,ERR,ERR,ERR,ERR,ERR,ERR,ERR,ERR,ERR,ERR,ERR,ERR,ERR,ERR,ERR,ERR,ERR,ERR,ERR,ERR,ERR,ERR,ERR,ERR,ERR,ERR,ERR,ERR,ERR,ERR,ERR,ERR,ERR,ERR,ERR,ERR,ERR,ERR,ERR,ERR,ERR,ERR,ERR,ERR,ERR,ERR,ERR,ERR,ERR,ERR,ERR,ERR,ERR,ERR,ERR,ERR,ERR,ERR,ERR,ERR,ERR,ERR,ERR,ERR,ERR,ERR,ERR,ERR,ERR,ERR,ERR,ERR,ERR,ERR,ERR,ERR,ERR,ERR,ERR,ERR,-0.0,0.0,3.039990997430017e+23,0.0,0.0,0.0,0.0,nan,0,0,0,32768,0,0.0,0,0.0,0.0,0.0,0.0,0.0,0,0,0,0,0.0,0,0,0,0,0,0,0,0,0,0,0,0,0,0,0,0,0,0,0,0,0,0,0,0,0,0,0,0,0,0,0,0,0,0,0,0,0,0,0,0,0,0,0,0,0.0,0.0,0.0,0.0,0.0,0.0,0.0,0.0,0.0,0.0,0.0,0.0,0.0,0.0,0.0,0.0,0.0,0.0,0.0,0.0,0.0,0.0,2.004,0.0,-0.0,0.0,0.0,0.0,0.0,0.0,3401.5,-0.0,0.0,-0.0,0.0,-0.0,0.0,0.0,0.0,0.0,0.0,0,89221.016,0.0,0.0,0.0,0.0,0.0,0.0,0.0,0.0,0,0,0,0.0,0.0,0.0,0.0,0.0,0.0,0.0,0.0,0.0,0.0,0.0,0.0,0.0,0.0,0.0,0.0,0,-107875648.0,0,0.0,0,-107875648.0,-107877712.0,0,0,17040,39322,17054,13107,17038,0,0,0,110,100,100,-0.0,64.0,0.0,64.5,0.0,69.0,1,49,50,180,13107,0,0,0,0.0,0.0,0.0,0.0,-0.0,65.0,0.0,0.0,0.0,646,0,690,0,0,0,720,0,793,0,711,0,690,0,645,0,643,0,614,0.032,55836672.0,-0.0,-0.0,56976,16787,-0.0,0.0,-0.0,1.1747999593470925e+30,-0.0,1.8612915640960454e+22,29.0,60.0,70,0.0,0.0,0.0,0.0,0.0,0.0,0.0,0.0,0.0,0.0,0.0,0.0,0.0,0.0,0.0,0.0,59.2,69,11,65508,41,65476,0,300,0,0,8,20529,65476,0,0,61604,60.0,0.0,0.0,0.0,0.0,0.0
2026-04-04T11:03:41,ERR,ERR,ERR,ERR,ERR,ERR,ERR,ERR,ERR,ERR,ERR,ERR,ERR,ERR,ERR,ERR,ERR,ERR,ERR,ERR,ERR,ERR,ERR,ERR,ERR,ERR,ERR,ERR,ERR,ERR,ERR,ERR,ERR,ERR,ERR,ERR,ERR,ERR,ERR,ERR,ERR,ERR,ERR,ERR,ERR,ERR,ERR,ERR,ERR,ERR,ERR,ERR,ERR,ERR,ERR,ERR,ERR,ERR,ERR,ERR,ERR,ERR,ERR,ERR,ERR,ERR,ERR,ERR,ERR,ERR,ERR,ERR,ERR,ERR,ERR,ERR,ERR,ERR,ERR,ERR,ERR,ERR,ERR,ERR,ERR,ERR,ERR,ERR,ERR,ERR,ERR,ERR,ERR,ERR,ERR,ERR,ERR,ERR,ERR,ERR,ERR,ERR,ERR,ERR,ERR,ERR,ERR,ERR,ERR,ERR,ERR,ERR,ERR,ERR,ERR,ERR,ERR,ERR,ERR,ERR,ERR,ERR,ERR,ERR,ERR,-0.0,0.0,3.039990997430017e+23,0.0,0.0,0.0,0.0,nan,0,0,0,32768,0,0.0,0,0.0,0.0,0.0,0.0,0.0,0,0,0,0,0.0,0,0,0,0,0,0,0,0,0,0,0,0,0,0,0,0,0,0,0,0,0,0,0,0,0,0,0,0,0,0,0,0,0,0,0,0,0,0,0,0,0,0,0,0,0.0,0.0,0.0,0.0,0.0,0.0,0.0,0.0,0.0,0.0,0.0,0.0,0.0,0.0,0.0,0.0,0.0,0.0,0.0,0.0,0.0,0.0,2.004,0.0,-0.0,0.0,0.0,0.0,0.0,0.0,3401.5,-3.697154467689818e+19,0.0,-0.0,0.0,2.7184274988523002e+23,0.0,0.0,0.0,0.0,0.0,0,107615248.0,0.059,0.0,0.0,0.0,0.0,0.0,0.0,0.0,0,0,0,0.0,0.0,0.0,0.0,0.0,0.0,0.0,0.0,0.0,0.0,0.0,0.0,0.0,0.0,0.0,0.0,0,-107875648.0,0,0.0,0,-107875648.0,-0.0,0,0,17040,39322,17054,13107,17038,0,0,0,110,100,100,-0.0,64.0,0.0,64.5,0.0,69.0,1,49,50,180,13107,0,0,0,0.0,0.0,0.0,0.0,-0.0,65.0,0.0,0.0,0.0,646,0,690,0,0,0,720,0,793,0,711,0,690,0,645,0,643,0,614,0.032,55836672.0,-0.0,-0.0,56976,16787,-0.0,0.0,-0.0,1.1747999593470925e+30,-0.0,1.8612915640960454e+22,29.0,60.0,70,0.0,0.0,0.0,0.0,0.0,0.0,0.0,0.0,0.0,0.0,0.0,0.0,0.0,0.0,0.0,0.0,59.2,69,11,65508,41,65476,0,300,0,0,8,20529,65476,0,0,61604,60.0,0.0,0.0,0.0,0.0,0.0
2026-04-04T11:03:42,ERR,ERR,ERR,ERR,ERR,ERR,ERR,ERR,ERR,ERR,ERR,ERR,ERR,ERR,ERR,ERR,ERR,ERR,ERR,ERR,ERR,ERR,ERR,ERR,ERR,ERR,ERR,ERR,ERR,ERR,ERR,ERR,ERR,ERR,ERR,ERR,ERR,ERR,ERR,ERR,ERR,ERR,ERR,ERR,ERR,ERR,ERR,ERR,ERR,ERR,ERR,ERR,ERR,ERR,ERR,ERR,ERR,ERR,ERR,ERR,ERR,ERR,ERR,ERR,ERR,ERR,ERR,ERR,ERR,ERR,ERR,ERR,ERR,ERR,ERR,ERR,ERR,ERR,ERR,ERR,ERR,ERR,ERR,ERR,ERR,ERR,ERR,ERR,ERR,ERR,ERR,ERR,ERR,ERR,ERR,ERR,ERR,ERR,ERR,ERR,ERR,ERR,ERR,ERR,ERR,ERR,ERR,ERR,ERR,ERR,ERR,ERR,ERR,ERR,ERR,ERR,ERR,ERR,ERR,ERR,ERR,ERR,ERR,ERR,ERR,-0.0,0.0,3.039990997430017e+23,0.0,0.0,0.0,0.0,nan,0,0,0,32768,0,0.0,0,0.0,0.0,0.0,0.0,0.0,0,0,0,0,0.0,0,0,0,0,0,0,0,0,0,0,0,0,0,0,0,0,0,0,0,0,0,0,0,0,0,0,0,0,0,0,0,0,0,0,0,0,0,0,0,0,0,0,0,0,0.0,0.0,0.0,0.0,0.0,0.0,0.0,0.0,0.0,0.0,0.0,0.0,0.0,0.0,0.0,0.0,0.0,0.0,0.0,0.0,0.0,0.0,2.004,0.0,-0.0,0.0,0.0,0.0,0.0,0.0,3401.5,-3.697154467689818e+19,0.0,-0.0,0.0,2.7184274988523002e+23,0.0,0.0,0.0,0.0,0.0,0,107615248.0,0.059,0.0,0.0,0.0,0.0,0.0,0.0,0.0,0,0,0,0.0,0.0,0.0,0.0,0.0,0.0,0.0,0.0,0.0,0.0,0.0,0.0,0.0,0.0,0.0,0.0,0,-107875648.0,0,0.0,0,-107875648.0,-0.0,0,0,17040,39322,17054,13107,17038,0,0,0,110,100,100,-0.0,64.0,0.0,64.5,0.0,69.0,1,49,50,180,13107,0,0,0,0.0,0.0,0.0,0.0,-0.0,65.0,0.0,0.0,0.0,646,0,690,0,0,0,720,0,793,0,711,0,690,0,645,0,643,0,614,0.032,55836672.0,-0.0,-0.0,56976,16787,-0.0,0.0,-0.0,1.1747999593470925e+30,-0.0,1.8612915640960454e+22,29.0,60.0,70,0.0,0.0,0.0,0.0,0.0,0.0,0.0,0.0,0.0,0.0,0.0,0.0,0.0,0.0,0.0,0.0,59.2,69,11,65508,41,65476,0,300,0,0,8,20529,65476,0,0,61604,60.0,0.0,0.0,0.0,0.0,0.0
2026-04-04T11:03:43,ERR,ERR,ERR,ERR,ERR,ERR,ERR,ERR,ERR,ERR,ERR,ERR,ERR,ERR,ERR,ERR,ERR,ERR,ERR,ERR,ERR,ERR,ERR,ERR,ERR,ERR,ERR,ERR,ERR,ERR,ERR,ERR,ERR,ERR,ERR,ERR,ERR,ERR,ERR,ERR,ERR,ERR,ERR,ERR,ERR,ERR,ERR,ERR,ERR,ERR,ERR,ERR,ERR,ERR,ERR,ERR,ERR,ERR,ERR,ERR,ERR,ERR,ERR,ERR,ERR,ERR,ERR,ERR,ERR,ERR,ERR,ERR,ERR,ERR,ERR,ERR,ERR,ERR,ERR,ERR,ERR,ERR,ERR,ERR,ERR,ERR,ERR,ERR,ERR,ERR,ERR,ERR,ERR,ERR,ERR,ERR,ERR,ERR,ERR,ERR,ERR,ERR,ERR,ERR,ERR,ERR,ERR,ERR,ERR,ERR,ERR,ERR,ERR,ERR,ERR,ERR,ERR,ERR,ERR,ERR,ERR,ERR,ERR,ERR,ERR,-0.0,0.0,3.039990997430017e+23,0.0,0.0,0.0,0.0,nan,0,0,0,32768,0,0.0,0,0.0,0.0,0.0,0.0,0.0,0,0,0,0,0.0,0,0,0,0,0,0,0,0,0,0,0,0,0,0,0,0,0,0,0,0,0,0,0,0,0,0,0,0,0,0,0,0,0,0,0,0,0,0,0,0,0,0,0,0,0.0,0.0,0.0,0.0,0.0,0.0,0.0,0.0,0.0,0.0,0.0,0.0,0.0,0.0,0.0,0.0,0.0,0.0,0.0,0.0,0.0,0.0,2.004,0.0,-0.0,0.0,0.0,0.0,0.0,0.0,3401.5,-3.697154467689818e+19,0.0,-0.0,0.0,2.7184274988523002e+23,0.0,0.0,0.0,0.0,0.0,0,107615248.0,0.059,0.0,0.0,0.0,0.0,0.0,0.0,0.0,0,0,0,0.0,0.0,0.0,0.0,0.0,0.0,0.0,0.0,0.0,0.0,0.0,0.0,0.0,0.0,0.0,0.0,0,-107875648.0,0,0.0,0,-107875648.0,-0.0,0,0,17040,39322,17054,13107,17038,0,0,0,110,100,100,-0.0,64.0,0.0,64.5,0.0,69.0,1,49,50,180,13107,0,0,0,0.0,0.0,0.0,0.0,-0.0,65.0,0.0,0.0,0.0,646,0,690,0,0,0,720,0,793,0,711,0,690,0,645,0,643,0,614,0.032,55574528.0,-0.0,-0.0,51472,16787,1.1818481481710614e+37,0.0,4.394841697762533e+37,-0.0,-0.0,348433612800.0,29.0,60.0,70,0.0,0.0,0.0,0.0,0.0,0.0,0.0,0.0,0.0,0.0,0.0,0.0,0.0,0.0,0.0,0.0,59.2,69,11,65508,41,65476,0,300,0,0,8,20529,65476,0,0,61604,60.0,0.0,0.0,0.0,0.0,0.0
2026-04-04T11:03:44,ERR,ERR,ERR,ERR,ERR,ERR,ERR,ERR,ERR,ERR,ERR,ERR,ERR,ERR,ERR,ERR,ERR,ERR,ERR,ERR,ERR,ERR,ERR,ERR,ERR,ERR,ERR,ERR,ERR,ERR,ERR,ERR,ERR,ERR,ERR,ERR,ERR,ERR,ERR,ERR,ERR,ERR,ERR,ERR,ERR,ERR,ERR,ERR,ERR,ERR,ERR,ERR,ERR,ERR,ERR,ERR,ERR,ERR,ERR,ERR,ERR,ERR,ERR,ERR,ERR,ERR,ERR,ERR,ERR,ERR,ERR,ERR,ERR,ERR,ERR,ERR,ERR,ERR,ERR,ERR,ERR,ERR,ERR,ERR,ERR,ERR,ERR,ERR,ERR,ERR,ERR,ERR,ERR,ERR,ERR,ERR,ERR,ERR,ERR,ERR,ERR,ERR,ERR,ERR,ERR,ERR,ERR,ERR,ERR,ERR,ERR,ERR,ERR,ERR,ERR,ERR,ERR,ERR,ERR,ERR,ERR,ERR,ERR,ERR,ERR,-0.0,0.0,3.039990997430017e+23,0.0,0.0,0.0,0.0,nan,0,0,0,32768,0,0.0,0,0.0,0.0,0.0,0.0,0.0,0,0,0,0,0.0,0,0,0,0,0,0,0,0,0,0,0,0,0,0,0,0,0,0,0,0,0,0,0,0,0,0,0,0,0,0,0,0,0,0,0,0,0,0,0,0,0,0,0,0,0.0,0.0,0.0,0.0,0.0,0.0,0.0,0.0,0.0,0.0,0.0,0.0,0.0,0.0,0.0,0.0,0.0,0.0,0.0,0.0,0.0,0.0,2.004,0.0,-0.0,0.0,0.0,0.0,0.0,0.0,3401.5,-3.697154467689818e+19,0.0,-0.0,0.0,2.7184274988523002e+23,0.0,0.0,0.0,0.0,0.0,0,107615248.0,0.059,0.0,0.0,0.0,0.0,0.0,0.0,0.0,0,0,0,0.0,0.0,0.0,0.0,0.0,0.0,0.0,0.0,0.0,0.0,0.0,0.0,0.0,0.0,0.0,0.0,0,-107875648.0,0,0.0,0,-107875648.0,-0.0,0,0,17040,39322,17054,13107,17038,0,0,0,110,100,100,-0.0,64.0,0.0,64.5,0.0,69.0,1,49,50,180,13107,0,0,0,0.0,0.0,0.0,0.0,-0.0,65.0,0.0,0.0,0.0,646,0,690,0,0,0,720,0,793,0,711,0,690,0,645,0,643,0,614,0.032,55574528.0,-0.0,-0.0,51472,16787,1.1818481481710614e+37,0.0,4.394841697762533e+37,-0.0,-0.0,348433612800.0,29.0,60.0,70,0.0,0.0,0.0,0.0,0.0,0.0,0.0,0.0,0.0,0.0,0.0,0.0,0.0,0.0,0.0,0.0,59.2,69,11,65508,41,65476,0,300,0,0,8,20529,65476,0,0,61604,60.0,0.0,0.0,0.0,0.0,0.0
2026-04-04T11:03:45,ERR,ERR,ERR,ERR,ERR,ERR,ERR,ERR,ERR,ERR,ERR,ERR,ERR,ERR,ERR,ERR,ERR,ERR,ERR,ERR,ERR,ERR,ERR,ERR,ERR,ERR,ERR,ERR,ERR,ERR,ERR,ERR,ERR,ERR,ERR,ERR,ERR,ERR,ERR,ERR,ERR,ERR,ERR,ERR,ERR,ERR,ERR,ERR,ERR,ERR,ERR,ERR,ERR,ERR,ERR,ERR,ERR,ERR,ERR,ERR,ERR,ERR,ERR,ERR,ERR,ERR,ERR,ERR,ERR,ERR,ERR,ERR,ERR,ERR,ERR,ERR,ERR,ERR,ERR,ERR,ERR,ERR,ERR,ERR,ERR,ERR,ERR,ERR,ERR,ERR,ERR,ERR,ERR,ERR,ERR,ERR,ERR,ERR,ERR,ERR,ERR,ERR,ERR,ERR,ERR,ERR,ERR,ERR,ERR,ERR,ERR,ERR,ERR,ERR,ERR,ERR,ERR,ERR,ERR,ERR,ERR,ERR,ERR,ERR,ERR,-0.0,0.0,3.039990997430017e+23,0.0,0.0,0.0,0.0,nan,0,0,0,32768,0,0.0,0,0.0,0.0,0.0,0.0,0.0,0,0,0,0,0.0,0,0,0,0,0,0,0,0,0,0,0,0,0,0,0,0,0,0,0,0,0,0,0,0,0,0,0,0,0,0,0,0,0,0,0,0,0,0,0,0,0,0,0,0,0.0,0.0,0.0,0.0,0.0,0.0,0.0,0.0,0.0,0.0,0.0,0.0,0.0,0.0,0.0,0.0,0.0,0.0,0.0,0.0,0.0,0.0,2.004,0.0,-0.0,0.0,0.0,0.0,0.0,0.0,3401.5,-3.697154467689818e+19,0.0,-0.0,0.0,2.7184274988523002e+23,0.0,0.0,0.0,0.0,0.0,0,107615248.0,0.059,0.0,0.0,0.0,0.0,0.0,0.0,0.0,0,0,0,0.0,0.0,0.0,0.0,0.0,0.0,0.0,0.0,0.0,0.0,0.0,0.0,0.0,0.0,0.0,0.0,0,-107875648.0,0,0.0,0,-107875648.0,-0.0,0,0,17040,39322,17054,13107,17038,0,0,0,110,100,100,-0.0,64.0,0.0,64.5,0.0,69.0,1,49,50,180,13107,0,0,0,0.0,0.0,0.0,0.0,-0.0,65.0,0.0,0.0,0.0,646,0,690,0,0,0,720,0,793,0,711,0,690,0,645,0,643,0,614,0.032,55574528.0,-0.0,-0.0,51472,16787,1.1818481481710614e+37,0.0,4.394841697762533e+37,-0.0,-0.0,348433612800.0,29.0,60.0,70,0.0,0.0,0.0,0.0,0.0,0.0,0.0,0.0,0.0,0.0,0.0,0.0,0.0,0.0,0.0,0.0,59.2,69,11,65508,41,65476,0,300,0,0,8,20529,65476,0,0,61604,60.0,0.0,0.0,0.0,0.0,0.0
2026-04-04T11:03:46,ERR,ERR,ERR,ERR,ERR,ERR,ERR,ERR,ERR,ERR,ERR,ERR,ERR,ERR,ERR,ERR,ERR,ERR,ERR,ERR,ERR,ERR,ERR,ERR,ERR,ERR,ERR,ERR,ERR,ERR,ERR,ERR,ERR,ERR,ERR,ERR,ERR,ERR,ERR,ERR,ERR,ERR,ERR,ERR,ERR,ERR,ERR,ERR,ERR,ERR,ERR,ERR,ERR,ERR,ERR,ERR,ERR,ERR,ERR,ERR,ERR,ERR,ERR,ERR,ERR,ERR,ERR,ERR,ERR,ERR,ERR,ERR,ERR,ERR,ERR,ERR,ERR,ERR,ERR,ERR,ERR,ERR,ERR,ERR,ERR,ERR,ERR,ERR,ERR,ERR,ERR,ERR,ERR,ERR,ERR,ERR,ERR,ERR,ERR,ERR,ERR,ERR,ERR,ERR,ERR,ERR,ERR,ERR,ERR,ERR,ERR,ERR,ERR,ERR,ERR,ERR,ERR,ERR,ERR,ERR,ERR,ERR,ERR,ERR,ERR,-0.0,0.0,3.039990997430017e+23,0.0,0.0,0.0,0.0,nan,0,0,0,32768,0,0.0,0,0.0,0.0,0.0,0.0,0.0,0,0,0,0,0.0,0,0,0,0,0,0,0,0,0,0,0,0,0,0,0,0,0,0,0,0,0,0,0,0,0,0,0,0,0,0,0,0,0,0,0,0,0,0,0,0,0,0,0,0,0.0,0.0,0.0,0.0,0.0,0.0,0.0,0.0,0.0,0.0,0.0,0.0,0.0,0.0,0.0,0.0,0.0,0.0,0.0,0.0,0.0,0.0,2.004,0.0,-0.0,0.0,0.0,0.0,0.0,0.0,3401.5,-3.697154467689818e+19,0.0,-0.0,0.0,2.7184274988523002e+23,0.0,0.0,0.0,0.0,0.0,0,107615248.0,0.059,0.0,0.0,0.0,0.0,0.0,0.0,0.0,0,0,0,0.0,0.0,0.0,0.0,0.0,0.0,0.0,0.0,0.0,0.0,0.0,0.0,0.0,0.0,0.0,0.0,0,-107875648.0,0,0.0,0,-107875648.0,-0.0,0,0,17040,39322,17054,13107,17038,0,0,0,110,100,100,-0.0,64.0,0.0,64.5,0.0,69.0,1,49,50,180,13107,0,0,0,0.0,0.0,0.0,0.0,-0.0,65.0,0.0,0.0,0.0,646,0,690,0,0,0,720,0,793,0,711,0,690,0,645,0,643,0,614,0.032,55574528.0,-0.0,-0.0,51472,16787,1.1818481481710614e+37,0.0,4.394841697762533e+37,-0.0,-0.0,348433612800.0,29.0,60.0,70,0.0,0.0,0.0,0.0,0.0,0.0,0.0,0.0,0.0,0.0,0.0,0.0,0.0,0.0,0.0,0.0,59.2,69,11,65508,41,65476,0,300,0,0,8,20529,65476,0,0,61604,60.0,0.0,0.0,0.0,0.0,0.0
2026-04-04T11:03:47,ERR,ERR,ERR,ERR,ERR,ERR,ERR,ERR,ERR,ERR,ERR,ERR,ERR,ERR,ERR,ERR,ERR,ERR,ERR,ERR,ERR,ERR,ERR,ERR,ERR,ERR,ERR,ERR,ERR,ERR,ERR,ERR,ERR,ERR,ERR,ERR,ERR,ERR,ERR,ERR,ERR,ERR,ERR,ERR,ERR,ERR,ERR,ERR,ERR,ERR,ERR,ERR,ERR,ERR,ERR,ERR,ERR,ERR,ERR,ERR,ERR,ERR,ERR,ERR,ERR,ERR,ERR,ERR,ERR,ERR,ERR,ERR,ERR,ERR,ERR,ERR,ERR,ERR,ERR,ERR,ERR,ERR,ERR,ERR,ERR,ERR,ERR,ERR,ERR,ERR,ERR,ERR,ERR,ERR,ERR,ERR,ERR,ERR,ERR,ERR,ERR,ERR,ERR,ERR,ERR,ERR,ERR,ERR,ERR,ERR,ERR,ERR,ERR,ERR,ERR,ERR,ERR,ERR,ERR,ERR,ERR,ERR,ERR,ERR,ERR,-0.0,0.0,3.039990997430017e+23,0.0,0.0,0.0,0.0,nan,0,0,0,32768,0,0.0,0,0.0,0.0,0.0,0.0,0.0,0,0,0,0,0.0,0,0,0,0,0,0,0,0,0,0,0,0,0,0,0,0,0,0,0,0,0,0,0,0,0,0,0,0,0,0,0,0,0,0,0,0,0,0,0,0,0,0,0,0,0.0,0.0,0.0,0.0,0.0,0.0,0.0,0.0,0.0,0.0,0.0,0.0,0.0,0.0,0.0,0.0,0.0,0.0,0.0,0.0,0.0,0.0,2.004,0.0,-0.0,0.0,0.0,0.0,0.0,0.0,3401.5,-3.697154467689818e+19,0.0,-0.0,0.0,2.7184274988523002e+23,0.0,0.0,0.0,0.0,0.0,0,107615248.0,0.059,0.0,0.0,0.0,0.0,0.0,0.0,0.0,0,0,0,0.0,0.0,0.0,0.0,0.0,0.0,0.0,0.0,0.0,0.0,0.0,0.0,0.0,0.0,0.0,0.0,0,-107875648.0,0,0.0,0,-107875648.0,-0.0,0,0,17040,39322,17054,13107,17038,0,0,0,110,100,100,-0.0,64.0,0.0,64.5,0.0,69.0,1,49,50,180,13107,0,0,0,0.0,0.0,0.0,0.0,-0.0,65.0,0.0,0.0,0.0,646,0,690,0,0,0,720,0,793,0,711,0,690,0,645,0,643,0,614,0.032,55574528.0,-0.0,-0.0,51472,16787,1.1818481481710614e+37,0.0,4.394841697762533e+37,-0.0,-0.0,348433612800.0,29.0,60.0,70,0.0,0.0,0.0,0.0,0.0,0.0,0.0,0.0,0.0,0.0,0.0,0.0,0.0,0.0,0.0,0.0,59.2,69,11,65508,41,65476,0,300,0,0,8,20529,65476,0,0,61604,60.0,0.0,0.0,0.0,0.0,0.0
2026-04-04T11:03:48,ERR,ERR,ERR,ERR,ERR,ERR,ERR,ERR,ERR,ERR,ERR,ERR,ERR,ERR,ERR,ERR,ERR,ERR,ERR,ERR,ERR,ERR,ERR,ERR,ERR,ERR,ERR,ERR,ERR,ERR,ERR,ERR,ERR,ERR,ERR,ERR,ERR,ERR,ERR,ERR,ERR,ERR,ERR,ERR,ERR,ERR,ERR,ERR,ERR,ERR,ERR,ERR,ERR,ERR,ERR,ERR,ERR,ERR,ERR,ERR,ERR,ERR,ERR,ERR,ERR,ERR,ERR,ERR,ERR,ERR,ERR,ERR,ERR,ERR,ERR,ERR,ERR,ERR,ERR,ERR,ERR,ERR,ERR,ERR,ERR,ERR,ERR,ERR,ERR,ERR,ERR,ERR,ERR,ERR,ERR,ERR,ERR,ERR,ERR,ERR,ERR,ERR,ERR,ERR,ERR,ERR,ERR,ERR,ERR,ERR,ERR,ERR,ERR,ERR,ERR,ERR,ERR,ERR,ERR,ERR,ERR,ERR,ERR,ERR,ERR,-0.0,0.0,3.039990997430017e+23,0.0,0.0,0.0,0.0,nan,0,0,0,32768,0,0.0,0,0.0,0.0,0.0,0.0,0.0,0,0,0,0,0.0,0,0,0,0,0,0,0,0,0,0,0,0,0,0,0,0,0,0,0,0,0,0,0,0,0,0,0,0,0,0,0,0,0,0,0,0,0,0,0,0,0,0,0,0,0.0,0.0,0.0,0.0,0.0,0.0,0.0,0.0,0.0,0.0,0.0,0.0,0.0,0.0,0.0,0.0,0.0,0.0,0.0,0.0,0.0,0.0,2.004,0.0,-0.0,0.0,0.0,0.0,0.0,0.0,3401.5,-3.697154467689818e+19,0.0,-0.0,0.0,2.7184274988523002e+23,0.0,0.0,0.0,0.0,0.0,0,107615248.0,0.059,0.0,0.0,0.0,0.0,0.0,0.0,0.0,0,0,0,0.0,0.0,0.0,0.0,0.0,0.0,0.0,0.0,0.0,0.0,0.0,0.0,0.0,0.0,0.0,0.0,0,-107875648.0,0,0.0,0,-107875648.0,-0.0,0,0,17040,39322,17054,13107,17038,0,0,0,110,100,100,-0.0,64.0,0.0,64.5,0.0,69.0,1,49,50,180,13107,0,0,0,0.0,0.0,0.0,0.0,-0.0,65.0,0.0,0.0,0.0,646,0,690,0,0,0,720,0,793,0,711,0,690,0,645,0,643,0,614,0.032,55574528.0,-0.0,-0.0,51472,16787,1.1818481481710614e+37,0.0,4.394841697762533e+37,-0.0,-0.0,348433612800.0,29.0,60.0,70,0.0,0.0,0.0,0.0,0.0,0.0,0.0,0.0,0.0,0.0,0.0,0.0,0.0,0.0,0.0,0.0,59.2,69,11,65508,41,65476,0,300,0,0,8,20529,65476,0,0,61604,60.0,0.0,0.0,0.0,0.0,0.0
2026-04-04T11:03:49,ERR,ERR,ERR,ERR,ERR,ERR,ERR,ERR,ERR,ERR,ERR,ERR,ERR,ERR,ERR,ERR,ERR,ERR,ERR,ERR,ERR,ERR,ERR,ERR,ERR,ERR,ERR,ERR,ERR,ERR,ERR,ERR,ERR,ERR,ERR,ERR,ERR,ERR,ERR,ERR,ERR,ERR,ERR,ERR,ERR,ERR,ERR,ERR,ERR,ERR,ERR,ERR,ERR,ERR,ERR,ERR,ERR,ERR,ERR,ERR,ERR,ERR,ERR,ERR,ERR,ERR,ERR,ERR,ERR,ERR,ERR,ERR,ERR,ERR,ERR,ERR,ERR,ERR,ERR,ERR,ERR,ERR,ERR,ERR,ERR,ERR,ERR,ERR,ERR,ERR,ERR,ERR,ERR,ERR,ERR,ERR,ERR,ERR,ERR,ERR,ERR,ERR,ERR,ERR,ERR,ERR,ERR,ERR,ERR,ERR,ERR,ERR,ERR,ERR,ERR,ERR,ERR,ERR,ERR,ERR,ERR,ERR,ERR,ERR,ERR,-0.0,0.0,3.039990997430017e+23,0.0,0.0,0.0,0.0,nan,0,0,0,32768,0,0.0,0,0.0,0.0,0.0,0.0,0.0,0,0,0,0,0.0,0,0,0,0,0,0,0,0,0,0,0,0,0,0,0,0,0,0,0,0,0,0,0,0,0,0,0,0,0,0,0,0,0,0,0,0,0,0,0,0,0,0,0,0,0.0,0.0,0.0,0.0,0.0,0.0,0.0,0.0,0.0,0.0,0.0,0.0,0.0,0.0,0.0,0.0,0.0,0.0,0.0,0.0,0.0,0.0,2.004,0.0,-2.004,0.0,0.0,0.0,0.0,0.0,3403.5,-1.5879157526988056e+29,0.0,-0.0,0.0,2.7184274988523002e+23,0.0,0.0,0.0,0.0,0.0,0,2.3088382548096162e+20,89220.062,0.0,0.0,0.0,0.0,0.0,0.0,0.0,0,0,0,0.0,0.0,0.0,0.0,0.0,0.0,0.0,0.0,0.0,0.0,0.0,0.0,0.0,0.0,0.0,0.0,0,-107875648.0,0,0.0,0,-107875648.0,-0.0,0,0,17040,39322,17054,13107,17038,0,0,0,110,100,100,-0.0,64.0,0.0,64.5,0.0,69.0,1,49,50,180,13107,0,0,0,0.0,0.0,0.0,0.0,-0.0,65.0,0.0,0.0,0.0,646,0,690,0,0,0,720,0,793,0,711,0,690,0,645,0,643,0,614,0.032,56098816.0,-0.0,-0.0,45712,16787,9.324432524262594e+25,0.0,0.066,-0.0,1.0203722640615203e+21,0.0,29.0,60.0,70,0.0,0.0,0.0,0.0,0.0,0.0,0.0,0.0,0.0,0.0,0.0,0.0,0.0,0.0,0.0,0.0,59.2,69,11,65508,41,65476,0,300,0,0,8,20529,65476,0,0,61604,60.0,0.0,0.0,0.0,0.0,0.0
2026-04-04T11:03:50,ERR,ERR,ERR,ERR,ERR,ERR,ERR,ERR,ERR,ERR,ERR,ERR,ERR,ERR,ERR,ERR,ERR,ERR,ERR,ERR,ERR,ERR,ERR,ERR,ERR,ERR,ERR,ERR,ERR,ERR,ERR,ERR,ERR,ERR,ERR,ERR,ERR,ERR,ERR,ERR,ERR,ERR,ERR,ERR,ERR,ERR,ERR,ERR,ERR,ERR,ERR,ERR,ERR,ERR,ERR,ERR,ERR,ERR,ERR,ERR,ERR,ERR,ERR,ERR,ERR,ERR,ERR,ERR,ERR,ERR,ERR,ERR,ERR,ERR,ERR,ERR,ERR,ERR,ERR,ERR,ERR,ERR,ERR,ERR,ERR,ERR,ERR,ERR,ERR,ERR,ERR,ERR,ERR,ERR,ERR,ERR,ERR,ERR,ERR,ERR,ERR,ERR,ERR,ERR,ERR,ERR,ERR,ERR,ERR,ERR,ERR,ERR,ERR,ERR,ERR,ERR,ERR,ERR,ERR,ERR,ERR,ERR,ERR,ERR,ERR,-0.0,0.0,3.039990997430017e+23,0.0,0.0,0.0,0.0,nan,0,0,0,32768,0,0.0,0,0.0,0.0,0.0,0.0,0.0,0,0,0,0,0.0,0,0,0,0,0,0,0,0,0,0,0,0,0,0,0,0,0,0,0,0,0,0,0,0,0,0,0,0,0,0,0,0,0,0,0,0,0,0,0,0,0,0,0,0,0.0,0.0,0.0,0.0,0.0,0.0,0.0,0.0,0.0,0.0,0.0,0.0,0.0,0.0,0.0,0.0,0.0,0.0,0.0,0.0,0.0,0.0,2.004,0.0,-2.004,0.0,0.0,0.0,0.0,0.0,3403.5,-1.5879157526988056e+29,0.0,-0.0,0.0,2.7184274988523002e+23,0.0,0.0,0.0,0.0,0.0,0,2.3088382548096162e+20,89220.062,0.0,0.0,0.0,0.0,0.0,0.0,0.0,0,0,0,0.0,0.0,0.0,0.0,0.0,0.0,0.0,0.0,0.0,0.0,0.0,0.0,0.0,0.0,0.0,0.0,0,-107875648.0,0,0.0,0,-107875648.0,-0.0,0,0,17040,39322,17054,13107,17038,0,0,0,110,100,100,-0.0,64.0,0.0,64.5,0.0,69.0,1,49,50,180,13107,0,0,0,0.0,0.0,0.0,0.0,-0.0,65.0,0.0,0.0,0.0,646,0,690,0,0,0,720,0,793,0,711,0,690,0,645,0,643,0,614,0.032,56098816.0,-0.0,-0.0,45712,16787,9.324432524262594e+25,0.0,0.066,-0.0,1.0203722640615203e+21,0.0,29.0,60.0,70,0.0,0.0,0.0,0.0,0.0,0.0,0.0,0.0,0.0,0.0,0.0,0.0,0.0,0.0,0.0,0.0,59.2,69,11,65508,41,65476,0,300,0,0,8,20529,65476,0,0,61604,60.0,0.0,0.0,0.0,0.0,0.0
2026-04-04T11:03:51,ERR,ERR,ERR,ERR,ERR,ERR,ERR,ERR,ERR,ERR,ERR,ERR,ERR,ERR,ERR,ERR,ERR,ERR,ERR,ERR,ERR,ERR,ERR,ERR,ERR,ERR,ERR,ERR,ERR,ERR,ERR,ERR,ERR,ERR,ERR,ERR,ERR,ERR,ERR,ERR,ERR,ERR,ERR,ERR,ERR,ERR,ERR,ERR,ERR,ERR,ERR,ERR,ERR,ERR,ERR,ERR,ERR,ERR,ERR,ERR,ERR,ERR,ERR,ERR,ERR,ERR,ERR,ERR,ERR,ERR,ERR,ERR,ERR,ERR,ERR,ERR,ERR,ERR,ERR,ERR,ERR,ERR,ERR,ERR,ERR,ERR,ERR,ERR,ERR,ERR,ERR,ERR,ERR,ERR,ERR,ERR,ERR,ERR,ERR,ERR,ERR,ERR,ERR,ERR,ERR,ERR,ERR,ERR,ERR,ERR,ERR,ERR,ERR,ERR,ERR,ERR,ERR,ERR,ERR,ERR,ERR,ERR,ERR,ERR,ERR,-0.0,0.0,3.039990997430017e+23,0.0,0.0,0.0,0.0,nan,0,0,0,32768,0,0.0,0,0.0,0.0,0.0,0.0,0.0,0,0,0,0,0.0,0,0,0,0,0,0,0,0,0,0,0,0,0,0,0,0,0,0,0,0,0,0,0,0,0,0,0,0,0,0,0,0,0,0,0,0,0,0,0,0,0,0,0,0,0.0,0.0,0.0,0.0,0.0,0.0,0.0,0.0,0.0,0.0,0.0,0.0,0.0,0.0,0.0,0.0,0.0,0.0,0.0,0.0,0.0,0.0,2.004,0.0,-2.004,0.0,0.0,0.0,0.0,0.0,3403.5,-1.5879157526988056e+29,0.0,-0.0,0.0,2.7184274988523002e+23,0.0,0.0,0.0,0.0,0.0,0,2.3088382548096162e+20,89220.062,0.0,0.0,0.0,0.0,0.0,0.0,0.0,0,0,0,0.0,0.0,0.0,0.0,0.0,0.0,0.0,0.0,0.0,0.0,0.0,0.0,0.0,0.0,0.0,0.0,0,-107875648.0,0,0.0,0,-107875648.0,-0.0,0,0,17040,39322,17054,13107,17038,0,0,0,110,100,100,-0.0,64.0,0.0,64.5,0.0,69.0,1,49,50,180,13107,0,0,0,0.0,0.0,0.0,0.0,-0.0,65.0,0.0,0.0,0.0,646,0,690,0,0,0,720,0,793,0,711,0,690,0,645,0,643,0,614,0.032,56098816.0,-0.0,-0.0,45712,16787,9.324432524262594e+25,0.0,0.066,-0.0,1.0203722640615203e+21,0.0,29.0,60.0,70,0.0,0.0,0.0,0.0,0.0,0.0,0.0,0.0,0.0,0.0,0.0,0.0,0.0,0.0,0.0,0.0,59.2,69,11,65508,41,65476,0,300,0,0,8,20529,65476,0,0,61604,60.0,0.0,0.0,0.0,0.0,0.0
2026-04-04T11:03:52,ERR,ERR,ERR,ERR,ERR,ERR,ERR,ERR,ERR,ERR,ERR,ERR,ERR,ERR,ERR,ERR,ERR,ERR,ERR,ERR,ERR,ERR,ERR,ERR,ERR,ERR,ERR,ERR,ERR,ERR,ERR,ERR,ERR,ERR,ERR,ERR,ERR,ERR,ERR,ERR,ERR,ERR,ERR,ERR,ERR,ERR,ERR,ERR,ERR,ERR,ERR,ERR,ERR,ERR,ERR,ERR,ERR,ERR,ERR,ERR,ERR,ERR,ERR,ERR,ERR,ERR,ERR,ERR,ERR,ERR,ERR,ERR,ERR,ERR,ERR,ERR,ERR,ERR,ERR,ERR,ERR,ERR,ERR,ERR,ERR,ERR,ERR,ERR,ERR,ERR,ERR,ERR,ERR,ERR,ERR,ERR,ERR,ERR,ERR,ERR,ERR,ERR,ERR,ERR,ERR,ERR,ERR,ERR,ERR,ERR,ERR,ERR,ERR,ERR,ERR,ERR,ERR,ERR,ERR,ERR,ERR,ERR,ERR,ERR,ERR,-0.0,0.0,3.039990997430017e+23,0.0,0.0,0.0,0.0,nan,0,0,0,32768,0,0.0,0,0.0,0.0,0.0,0.0,0.0,0,0,0,0,0.0,0,0,0,0,0,0,0,0,0,0,0,0,0,0,0,0,0,0,0,0,0,0,0,0,0,0,0,0,0,0,0,0,0,0,0,0,0,0,0,0,0,0,0,0,0.0,0.0,0.0,0.0,0.0,0.0,0.0,0.0,0.0,0.0,0.0,0.0,0.0,0.0,0.0,0.0,0.0,0.0,0.0,0.0,0.0,0.0,2.004,0.0,-2.004,0.0,0.0,0.0,0.0,0.0,3403.5,-1.5879157526988056e+29,0.0,-0.0,0.0,2.7184274988523002e+23,0.0,0.0,0.0,0.0,0.0,0,2.3088382548096162e+20,89220.062,0.0,0.0,0.0,0.0,0.0,0.0,0.0,0,0,0,0.0,0.0,0.0,0.0,0.0,0.0,0.0,0.0,0.0,0.0,0.0,0.0,0.0,0.0,0.0,0.0,0,-107875648.0,0,0.0,0,-107875648.0,-0.0,0,0,17040,39322,17054,13107,17038,0,0,0,110,100,100,-0.0,64.0,0.0,64.5,0.0,69.0,1,49,50,180,13107,0,0,0,0.0,0.0,0.0,0.0,-0.0,65.0,0.0,0.0,0.0,646,0,690,0,0,0,720,0,793,0,711,0,690,0,645,0,643,0,614,0.032,56098816.0,-0.0,-0.0,45712,16787,9.324432524262594e+25,0.0,0.066,-0.0,1.0203722640615203e+21,0.0,29.0,60.0,70,0.0,0.0,0.0,0.0,0.0,0.0,0.0,0.0,0.0,0.0,0.0,0.0,0.0,0.0,0.0,0.0,59.2,69,11,65508,41,65476,0,300,0,0,8,20529,65476,0,0,61604,60.0,0.0,0.0,0.0,0.0,0.0
2026-04-04T11:03:53,ERR,ERR,ERR,ERR,ERR,ERR,ERR,ERR,ERR,ERR,ERR,ERR,ERR,ERR,ERR,ERR,ERR,ERR,ERR,ERR,ERR,ERR,ERR,ERR,ERR,ERR,ERR,ERR,ERR,ERR,ERR,ERR,ERR,ERR,ERR,ERR,ERR,ERR,ERR,ERR,ERR,ERR,ERR,ERR,ERR,ERR,ERR,ERR,ERR,ERR,ERR,ERR,ERR,ERR,ERR,ERR,ERR,ERR,ERR,ERR,ERR,ERR,ERR,ERR,ERR,ERR,ERR,ERR,ERR,ERR,ERR,ERR,ERR,ERR,ERR,ERR,ERR,ERR,ERR,ERR,ERR,ERR,ERR,ERR,ERR,ERR,ERR,ERR,ERR,ERR,ERR,ERR,ERR,ERR,ERR,ERR,ERR,ERR,ERR,ERR,ERR,ERR,ERR,ERR,ERR,ERR,ERR,ERR,ERR,ERR,ERR,ERR,ERR,ERR,ERR,ERR,ERR,ERR,ERR,ERR,ERR,ERR,ERR,ERR,ERR,-0.0,0.0,3.039990997430017e+23,0.0,0.0,0.0,0.0,nan,0,0,0,32768,0,0.0,0,0.0,0.0,0.0,0.0,0.0,0,0,0,0,0.0,0,0,0,0,0,0,0,0,0,0,0,0,0,0,0,0,0,0,0,0,0,0,0,0,0,0,0,0,0,0,0,0,0,0,0,0,0,0,0,0,0,0,0,0,0.0,0.0,0.0,0.0,0.0,0.0,0.0,0.0,0.0,0.0,0.0,0.0,0.0,0.0,0.0,0.0,0.0,0.0,0.0,0.0,0.0,0.0,2.004,0.0,-2.004,0.0,0.0,0.0,0.0,0.0,3403.5,-1.5879157526988056e+29,0.0,-0.0,0.0,2.7184274988523002e+23,0.0,0.0,0.0,0.0,0.0,0,2.3088382548096162e+20,89220.062,0.0,0.0,0.0,0.0,0.0,0.0,0.0,0,0,0,0.0,0.0,0.0,0.0,0.0,0.0,0.0,0.0,0.0,0.0,0.0,0.0,0.0,0.0,0.0,0.0,0,-107875648.0,0,0.0,0,-107875648.0,-0.0,0,0,17040,39322,17054,13107,17038,0,0,0,110,100,100,-0.0,64.0,0.0,64.5,0.0,69.0,1,49,50,180,13107,0,0,0,0.0,0.0,0.0,0.0,-0.0,65.0,0.0,0.0,0.0,646,0,690,0,0,0,720,0,793,0,711,0,690,0,645,0,643,0,614,0.032,56098816.0,-0.0,-0.0,45712,16787,9.324432524262594e+25,0.0,0.066,-0.0,1.0203722640615203e+21,0.0,29.0,60.0,70,0.0,0.0,0.0,0.0,0.0,0.0,0.0,0.0,0.0,0.0,0.0,0.0,0.0,0.0,0.0,0.0,59.2,69,11,65508,41,65476,0,300,0,0,8,20529,65476,0,0,61604,60.0,0.0,0.0,0.0,0.0,0.0
2026-04-04T11:03:54,ERR,ERR,ERR,ERR,ERR,ERR,ERR,ERR,ERR,ERR,ERR,ERR,ERR,ERR,ERR,ERR,ERR,ERR,ERR,ERR,ERR,ERR,ERR,ERR,ERR,ERR,ERR,ERR,ERR,ERR,ERR,ERR,ERR,ERR,ERR,ERR,ERR,ERR,ERR,ERR,ERR,ERR,ERR,ERR,ERR,ERR,ERR,ERR,ERR,ERR,ERR,ERR,ERR,ERR,ERR,ERR,ERR,ERR,ERR,ERR,ERR,ERR,ERR,ERR,ERR,ERR,ERR,ERR,ERR,ERR,ERR,ERR,ERR,ERR,ERR,ERR,ERR,ERR,ERR,ERR,ERR,ERR,ERR,ERR,ERR,ERR,ERR,ERR,ERR,ERR,ERR,ERR,ERR,ERR,ERR,ERR,ERR,ERR,ERR,ERR,ERR,ERR,ERR,ERR,ERR,ERR,ERR,ERR,ERR,ERR,ERR,ERR,ERR,ERR,ERR,ERR,ERR,ERR,ERR,ERR,ERR,ERR,ERR,ERR,ERR,-0.0,0.0,3.039990997430017e+23,0.0,0.0,0.0,0.0,nan,0,0,0,32768,0,0.0,0,0.0,0.0,0.0,0.0,0.0,0,0,0,0,0.0,0,0,0,0,0,0,0,0,0,0,0,0,0,0,0,0,0,0,0,0,0,0,0,0,0,0,0,0,0,0,0,0,0,0,0,0,0,0,0,0,0,0,0,0,0.0,0.0,0.0,0.0,0.0,0.0,0.0,0.0,0.0,0.0,0.0,0.0,0.0,0.0,0.0,0.0,0.0,0.0,0.0,0.0,0.0,0.0,2.004,0.0,-2.004,0.0,0.0,0.0,0.0,0.0,3403.5,-1.5879157526988056e+29,0.0,-0.0,0.0,2.7184274988523002e+23,0.0,0.0,0.0,0.0,0.0,0,2.3088382548096162e+20,89220.062,0.0,0.0,0.0,0.0,0.0,0.0,0.0,0,0,0,0.0,0.0,0.0,0.0,0.0,0.0,0.0,0.0,0.0,0.0,0.0,0.0,0.0,0.0,0.0,0.0,0,-107875648.0,0,0.0,0,-107875648.0,-0.0,0,0,17040,39322,17054,13107,17038,0,0,0,110,100,100,-0.0,64.0,0.0,64.5,0.0,69.0,1,49,50,180,13107,0,0,0,0.0,0.0,0.0,0.0,-0.0,65.0,0.0,0.0,0.0,646,0,690,0,0,0,720,0,793,0,711,0,690,0,645,0,643,0,614,0.032,55836672.0,-0.0,-0.0,51088,16787,-0.0,0.0,-0.001,2.145,-0.0,-0.0,29.0,60.0,70,0.0,0.0,0.0,0.0,0.0,0.0,0.0,0.0,0.0,0.0,0.0,0.0,0.0,0.0,0.0,0.0,59.2,69,11,65508,41,65476,0,300,0,0,8,20529,65476,0,0,61604,60.0,0.0,0.0,0.0,0.0,0.0
2026-04-04T11:03:55,ERR,ERR,ERR,ERR,ERR,ERR,ERR,ERR,ERR,ERR,ERR,ERR,ERR,ERR,ERR,ERR,ERR,ERR,ERR,ERR,ERR,ERR,ERR,ERR,ERR,ERR,ERR,ERR,ERR,ERR,ERR,ERR,ERR,ERR,ERR,ERR,ERR,ERR,ERR,ERR,ERR,ERR,ERR,ERR,ERR,ERR,ERR,ERR,ERR,ERR,ERR,ERR,ERR,ERR,ERR,ERR,ERR,ERR,ERR,ERR,ERR,ERR,ERR,ERR,ERR,ERR,ERR,ERR,ERR,ERR,ERR,ERR,ERR,ERR,ERR,ERR,ERR,ERR,ERR,ERR,ERR,ERR,ERR,ERR,ERR,ERR,ERR,ERR,ERR,ERR,ERR,ERR,ERR,ERR,ERR,ERR,ERR,ERR,ERR,ERR,ERR,ERR,ERR,ERR,ERR,ERR,ERR,ERR,ERR,ERR,ERR,ERR,ERR,ERR,ERR,ERR,ERR,ERR,ERR,ERR,ERR,ERR,ERR,ERR,ERR,-0.0,0.0,3.039990997430017e+23,0.0,0.0,0.0,0.0,nan,0,0,0,32768,0,0.0,0,0.0,0.0,0.0,0.0,0.0,0,0,0,0,0.0,0,0,0,0,0,0,0,0,0,0,0,0,0,0,0,0,0,0,0,0,0,0,0,0,0,0,0,0,0,0,0,0,0,0,0,0,0,0,0,0,0,0,0,0,0.0,0.0,0.0,0.0,0.0,0.0,0.0,0.0,0.0,0.0,0.0,0.0,0.0,0.0,0.0,0.0,0.0,0.0,0.0,0.0,0.0,0.0,2.004,0.0,-2.004,0.0,0.0,0.0,0.0,0.0,3403.5,-1.5879157526988056e+29,0.0,-0.0,0.0,2.7184274988523002e+23,0.0,0.0,0.0,0.0,0.0,0,2.3088382548096162e+20,89220.062,0.0,0.0,0.0,0.0,0.0,0.0,0.0,0,0,0,0.0,0.0,0.0,0.0,0.0,0.0,0.0,0.0,0.0,0.0,0.0,0.0,0.0,0.0,0.0,0.0,0,-107875648.0,0,0.0,0,-107875648.0,-0.0,0,0,17040,39322,17054,13107,17038,0,0,0,110,100,100,-0.0,64.0,0.0,64.5,0.0,69.0,1,49,50,180,13107,0,0,0,0.0,0.0,0.0,0.0,-0.0,65.0,0.0,0.0,0.0,646,0,690,0,0,0,720,0,793,0,711,0,690,0,645,0,643,0,614,0.032,55836672.0,-0.0,-0.0,51088,16787,-0.0,0.0,-0.001,2.145,-0.0,-0.0,29.0,60.0,70,0.0,0.0,0.0,0.0,0.0,0.0,0.0,0.0,0.0,0.0,0.0,0.0,0.0,0.0,0.0,0.0,59.2,69,11,65508,41,65476,0,300,0,0,8,20529,65476,0,0,61604,60.0,0.0,0.0,0.0,0.0,0.0
2026-04-04T11:03:56,ERR,ERR,ERR,ERR,ERR,ERR,ERR,ERR,ERR,ERR,ERR,ERR,ERR,ERR,ERR,ERR,ERR,ERR,ERR,ERR,ERR,ERR,ERR,ERR,ERR,ERR,ERR,ERR,ERR,ERR,ERR,ERR,ERR,ERR,ERR,ERR,ERR,ERR,ERR,ERR,ERR,ERR,ERR,ERR,ERR,ERR,ERR,ERR,ERR,ERR,ERR,ERR,ERR,ERR,ERR,ERR,ERR,ERR,ERR,ERR,ERR,ERR,ERR,ERR,ERR,ERR,ERR,ERR,ERR,ERR,ERR,ERR,ERR,ERR,ERR,ERR,ERR,ERR,ERR,ERR,ERR,ERR,ERR,ERR,ERR,ERR,ERR,ERR,ERR,ERR,ERR,ERR,ERR,ERR,ERR,ERR,ERR,ERR,ERR,ERR,ERR,ERR,ERR,ERR,ERR,ERR,ERR,ERR,ERR,ERR,ERR,ERR,ERR,ERR,ERR,ERR,ERR,ERR,ERR,ERR,ERR,ERR,ERR,ERR,ERR,-0.0,0.0,3.039990997430017e+23,0.0,0.0,0.0,0.0,nan,0,0,0,32768,0,0.0,0,0.0,0.0,0.0,0.0,0.0,0,0,0,0,0.0,0,0,0,0,0,0,0,0,0,0,0,0,0,0,0,0,0,0,0,0,0,0,0,0,0,0,0,0,0,0,0,0,0,0,0,0,0,0,0,0,0,0,0,0,0.0,0.0,0.0,0.0,0.0,0.0,0.0,0.0,0.0,0.0,0.0,0.0,0.0,0.0,0.0,0.0,0.0,0.0,0.0,0.0,0.0,0.0,2.004,0.0,-2.004,0.0,0.0,0.0,0.0,0.0,3402.5,-3.697154467689818e+19,0.0,-0.0,0.0,2.7184274988523002e+23,0.0,0.0,0.0,0.0,0.0,0,152018253512704.0,89220.062,0.0,0.0,0.0,0.0,0.0,0.0,0.0,0,0,0,0.0,0.0,0.0,0.0,0.0,0.0,0.0,0.0,0.0,0.0,0.0,0.0,0.0,0.0,0.0,0.0,0,-107875648.0,0,0.0,0,-107875648.0,-0.0,0,0,17040,39322,17054,13107,17038,0,0,0,110,100,100,-0.0,64.0,0.0,64.5,0.0,69.0,1,49,50,180,13107,0,0,0,0.0,0.0,0.0,0.0,-0.0,65.0,0.0,0.0,0.0,646,0,690,0,0,0,720,0,793,0,711,0,690,0,645,0,643,0,614,0.032,55836672.0,-0.0,-0.0,51088,16787,-0.0,0.0,-0.001,2.145,-0.0,-0.0,29.0,60.0,70,0.0,0.0,0.0,0.0,0.0,0.0,0.0,0.0,0.0,0.0,0.0,0.0,0.0,0.0,0.0,0.0,59.2,69,11,65508,41,65476,0,300,0,0,8,20529,65476,0,0,61604,60.0,0.0,0.0,0.0,0.0,0.0
2026-04-04T11:03:57,ERR,ERR,ERR,ERR,ERR,ERR,ERR,ERR,ERR,ERR,ERR,ERR,ERR,ERR,ERR,ERR,ERR,ERR,ERR,ERR,ERR,ERR,ERR,ERR,ERR,ERR,ERR,ERR,ERR,ERR,ERR,ERR,ERR,ERR,ERR,ERR,ERR,ERR,ERR,ERR,ERR,ERR,ERR,ERR,ERR,ERR,ERR,ERR,ERR,ERR,ERR,ERR,ERR,ERR,ERR,ERR,ERR,ERR,ERR,ERR,ERR,ERR,ERR,ERR,ERR,ERR,ERR,ERR,ERR,ERR,ERR,ERR,ERR,ERR,ERR,ERR,ERR,ERR,ERR,ERR,ERR,ERR,ERR,ERR,ERR,ERR,ERR,ERR,ERR,ERR,ERR,ERR,ERR,ERR,ERR,ERR,ERR,ERR,ERR,ERR,ERR,ERR,ERR,ERR,ERR,ERR,ERR,ERR,ERR,ERR,ERR,ERR,ERR,ERR,ERR,ERR,ERR,ERR,ERR,ERR,ERR,ERR,ERR,ERR,ERR,-0.0,0.0,3.039990997430017e+23,0.0,0.0,0.0,0.0,nan,0,0,0,32768,0,0.0,0,0.0,0.0,0.0,0.0,0.0,0,0,0,0,0.0,0,0,0,0,0,0,0,0,0,0,0,0,0,0,0,0,0,0,0,0,0,0,0,0,0,0,0,0,0,0,0,0,0,0,0,0,0,0,0,0,0,0,0,0,0.0,0.0,0.0,0.0,0.0,0.0,0.0,0.0,0.0,0.0,0.0,0.0,0.0,0.0,0.0,0.0,0.0,0.0,0.0,0.0,0.0,0.0,2.004,0.0,-2.004,0.0,0.0,0.0,0.0,0.0,3402.5,-3.697154467689818e+19,0.0,-0.0,0.0,2.7184274988523002e+23,0.0,0.0,0.0,0.0,0.0,0,152018253512704.0,89220.062,0.0,0.0,0.0,0.0,0.0,0.0,0.0,0,0,0,0.0,0.0,0.0,0.0,0.0,0.0,0.0,0.0,0.0,0.0,0.0,0.0,0.0,0.0,0.0,0.0,0,-107875648.0,0,0.0,0,-107875648.0,-0.0,0,0,17040,39322,17054,13107,17038,0,0,0,110,100,100,-0.0,64.0,0.0,64.5,0.0,69.0,1,49,50,180,13107,0,0,0,0.0,0.0,0.0,0.0,-0.0,65.0,0.0,0.0,0.0,646,0,690,0,0,0,720,0,793,0,711,0,690,0,645,0,643,0,614,0.032,55836672.0,-0.0,-0.0,51088,16787,-0.0,0.0,-0.001,2.145,-0.0,-0.0,29.0,60.0,70,0.0,0.0,0.0,0.0,0.0,0.0,0.0,0.0,0.0,0.0,0.0,0.0,0.0,0.0,0.0,0.0,59.2,69,11,65508,41,65476,0,300,0,0,8,20529,65476,0,0,61604,60.0,0.0,0.0,0.0,0.0,0.0
2026-04-04T11:03:58,ERR,ERR,ERR,ERR,ERR,ERR,ERR,ERR,ERR,ERR,ERR,ERR,ERR,ERR,ERR,ERR,ERR,ERR,ERR,ERR,ERR,ERR,ERR,ERR,ERR,ERR,ERR,ERR,ERR,ERR,ERR,ERR,ERR,ERR,ERR,ERR,ERR,ERR,ERR,ERR,ERR,ERR,ERR,ERR,ERR,ERR,ERR,ERR,ERR,ERR,ERR,ERR,ERR,ERR,ERR,ERR,ERR,ERR,ERR,ERR,ERR,ERR,ERR,ERR,ERR,ERR,ERR,ERR,ERR,ERR,ERR,ERR,ERR,ERR,ERR,ERR,ERR,ERR,ERR,ERR,ERR,ERR,ERR,ERR,ERR,ERR,ERR,ERR,ERR,ERR,ERR,ERR,ERR,ERR,ERR,ERR,ERR,ERR,ERR,ERR,ERR,ERR,ERR,ERR,ERR,ERR,ERR,ERR,ERR,ERR,ERR,ERR,ERR,ERR,ERR,ERR,ERR,ERR,ERR,ERR,ERR,ERR,ERR,ERR,ERR,-0.0,0.0,3.039990997430017e+23,0.0,0.0,0.0,0.0,nan,0,0,0,32768,0,0.0,0,0.0,0.0,0.0,0.0,0.0,0,0,0,0,0.0,0,0,0,0,0,0,0,0,0,0,0,0,0,0,0,0,0,0,0,0,0,0,0,0,0,0,0,0,0,0,0,0,0,0,0,0,0,0,0,0,0,0,0,0,0.0,0.0,0.0,0.0,0.0,0.0,0.0,0.0,0.0,0.0,0.0,0.0,0.0,0.0,0.0,0.0,0.0,0.0,0.0,0.0,0.0,0.0,2.004,0.0,-2.004,0.0,0.0,0.0,0.0,0.0,3402.5,-3.697154467689818e+19,0.0,-0.0,0.0,2.7184274988523002e+23,0.0,0.0,0.0,0.0,0.0,0,152018253512704.0,89220.062,0.0,0.0,0.0,0.0,0.0,0.0,0.0,0,0,0,0.0,0.0,0.0,0.0,0.0,0.0,0.0,0.0,0.0,0.0,0.0,0.0,0.0,0.0,0.0,0.0,0,-107875648.0,0,0.0,0,-107875648.0,-0.0,0,0,17040,39322,17054,13107,17038,0,0,0,110,100,100,-0.0,64.0,0.0,64.5,0.0,69.0,1,49,50,180,13107,0,0,0,0.0,0.0,0.0,0.0,-0.0,65.0,0.0,0.0,0.0,646,0,690,0,0,0,720,0,793,0,711,0,690,0,645,0,643,0,614,0.032,55836672.0,-0.0,-0.0,51088,16787,-0.0,0.0,-0.001,2.145,-0.0,-0.0,29.0,60.0,70,0.0,0.0,0.0,0.0,0.0,0.0,0.0,0.0,0.0,0.0,0.0,0.0,0.0,0.0,0.0,0.0,59.2,69,11,65508,41,65476,0,300,0,0,8,20529,65476,0,0,61604,60.0,0.0,0.0,0.0,0.0,0.0
2026-04-04T11:03:59,ERR,ERR,ERR,ERR,ERR,ERR,ERR,ERR,ERR,ERR,ERR,ERR,ERR,ERR,ERR,ERR,ERR,ERR,ERR,ERR,ERR,ERR,ERR,ERR,ERR,ERR,ERR,ERR,ERR,ERR,ERR,ERR,ERR,ERR,ERR,ERR,ERR,ERR,ERR,ERR,ERR,ERR,ERR,ERR,ERR,ERR,ERR,ERR,ERR,ERR,ERR,ERR,ERR,ERR,ERR,ERR,ERR,ERR,ERR,ERR,ERR,ERR,ERR,ERR,ERR,ERR,ERR,ERR,ERR,ERR,ERR,ERR,ERR,ERR,ERR,ERR,ERR,ERR,ERR,ERR,ERR,ERR,ERR,ERR,ERR,ERR,ERR,ERR,ERR,ERR,ERR,ERR,ERR,ERR,ERR,ERR,ERR,ERR,ERR,ERR,ERR,ERR,ERR,ERR,ERR,ERR,ERR,ERR,ERR,ERR,ERR,ERR,ERR,ERR,ERR,ERR,ERR,ERR,ERR,ERR,ERR,ERR,ERR,ERR,ERR,-0.0,0.0,3.039990997430017e+23,0.0,0.0,0.0,0.0,nan,0,0,0,32768,0,0.0,0,0.0,0.0,0.0,0.0,0.0,0,0,0,0,0.0,0,0,0,0,0,0,0,0,0,0,0,0,0,0,0,0,0,0,0,0,0,0,0,0,0,0,0,0,0,0,0,0,0,0,0,0,0,0,0,0,0,0,0,0,0.0,0.0,0.0,0.0,0.0,0.0,0.0,0.0,0.0,0.0,0.0,0.0,0.0,0.0,0.0,0.0,0.0,0.0,0.0,0.0,0.0,0.0,2.004,0.0,-2.004,0.0,0.0,0.0,0.0,0.0,3402.5,-3.697154467689818e+19,0.0,-0.0,0.0,2.7184274988523002e+23,0.0,0.0,0.0,0.0,0.0,0,152018253512704.0,89220.062,0.0,0.0,0.0,0.0,0.0,0.0,0.0,0,0,0,0.0,0.0,0.0,0.0,0.0,0.0,0.0,0.0,0.0,0.0,0.0,0.0,0.0,0.0,0.0,0.0,0,-107875648.0,0,0.0,0,-107875648.0,-0.0,0,0,17040,39322,17054,13107,17038,0,0,0,110,100,100,-0.0,64.0,0.0,64.5,0.0,69.0,1,49,50,180,13107,0,0,0,0.0,0.0,0.0,0.0,3.0237898163258214e+29,65.0,0.0,-8.259882641818386e+18,0.0,646,0,690,0,0,0,720,0,793,0,711,0,690,0,645,0,643,0,614,0.032,42729472.0,-0.0,-0.0,44176,16787,6.056897624034043e+23,-8.259882641818386e+18,0.0,3.379,3.676,-1.7336192526630727e+27,29.0,60.0,70,0.0,0.0,0.0,0.0,0.0,0.0,0.0,0.0,0.0,0.0,0.0,0.0,0.0,0.0,0.0,0.0,59.2,69,11,65508,41,65476,0,300,0,0,8,20529,65476,0,0,61604,60.0,0.0,0.0,0.0,0.0,0.0
2026-04-04T11:04:00,ERR,ERR,ERR,ERR,ERR,ERR,ERR,ERR,ERR,ERR,ERR,ERR,ERR,ERR,ERR,ERR,ERR,ERR,ERR,ERR,ERR,ERR,ERR,ERR,ERR,ERR,ERR,ERR,ERR,ERR,ERR,ERR,ERR,ERR,ERR,ERR,ERR,ERR,ERR,ERR,ERR,ERR,ERR,ERR,ERR,ERR,ERR,ERR,ERR,ERR,ERR,ERR,ERR,ERR,ERR,ERR,ERR,ERR,ERR,ERR,ERR,ERR,ERR,ERR,ERR,ERR,ERR,ERR,ERR,ERR,ERR,ERR,ERR,ERR,ERR,ERR,ERR,ERR,ERR,ERR,ERR,ERR,ERR,ERR,ERR,ERR,ERR,ERR,ERR,ERR,ERR,ERR,ERR,ERR,ERR,ERR,ERR,ERR,ERR,ERR,ERR,ERR,ERR,ERR,ERR,ERR,ERR,ERR,ERR,ERR,ERR,ERR,ERR,ERR,ERR,ERR,ERR,ERR,ERR,ERR,ERR,ERR,ERR,ERR,ERR,-0.0,0.0,3.039990997430017e+23,0.0,0.0,0.0,0.0,nan,0,0,0,32768,0,0.0,0,0.0,0.0,0.0,0.0,0.0,0,0,0,0,0.0,0,0,0,0,0,0,0,0,0,0,0,0,0,0,0,0,0,0,0,0,0,0,0,0,0,0,0,0,0,0,0,0,0,0,0,0,0,0,0,0,0,0,0,0,0.0,0.0,0.0,0.0,0.0,0.0,0.0,0.0,0.0,0.0,0.0,0.0,0.0,0.0,0.0,0.0,0.0,0.0,0.0,0.0,0.0,0.0,2.004,0.0,-2.004,0.0,0.0,0.0,0.0,0.0,3402.5,-3.697154467689818e+19,0.0,-0.0,0.0,2.7184274988523002e+23,0.0,0.0,0.0,0.0,0.0,0,152018253512704.0,89220.062,0.0,0.0,0.0,0.0,0.0,0.0,0.0,0,0,0,0.0,0.0,0.0,0.0,0.0,0.0,0.0,0.0,0.0,0.0,0.0,0.0,0.0,0.0,0.0,0.0,0,-107875648.0,0,0.0,0,-107875648.0,-0.0,0,0,17040,39322,17054,13107,17038,0,0,0,110,100,100,-0.0,64.0,0.0,64.5,0.0,69.0,1,49,50,180,13107,0,0,0,0.0,0.0,0.0,0.0,3.0237898163258214e+29,65.0,0.0,-8.259882641818386e+18,0.0,646,0,690,0,0,0,720,0,793,0,711,0,690,0,645,0,643,0,614,0.032,42729472.0,-0.0,-0.0,44176,16787,6.056897624034043e+23,-8.259882641818386e+18,0.0,3.379,3.676,-1.7336192526630727e+27,29.0,60.0,70,0.0,0.0,0.0,0.0,0.0,0.0,0.0,0.0,0.0,0.0,0.0,0.0,0.0,0.0,0.0,0.0,59.2,69,11,65508,41,65476,0,300,0,0,8,20529,65476,0,0,61604,60.0,0.0,0.0,0.0,0.0,0.0
2026-04-04T11:04:01,ERR,ERR,ERR,ERR,ERR,ERR,ERR,ERR,ERR,ERR,ERR,ERR,ERR,ERR,ERR,ERR,ERR,ERR,ERR,ERR,ERR,ERR,ERR,ERR,ERR,ERR,ERR,ERR,ERR,ERR,ERR,ERR,ERR,ERR,ERR,ERR,ERR,ERR,ERR,ERR,ERR,ERR,ERR,ERR,ERR,ERR,ERR,ERR,ERR,ERR,ERR,ERR,ERR,ERR,ERR,ERR,ERR,ERR,ERR,ERR,ERR,ERR,ERR,ERR,ERR,ERR,ERR,ERR,ERR,ERR,ERR,ERR,ERR,ERR,ERR,ERR,ERR,ERR,ERR,ERR,ERR,ERR,ERR,ERR,ERR,ERR,ERR,ERR,ERR,ERR,ERR,ERR,ERR,ERR,ERR,ERR,ERR,ERR,ERR,ERR,ERR,ERR,ERR,ERR,ERR,ERR,ERR,ERR,ERR,ERR,ERR,ERR,ERR,ERR,ERR,ERR,ERR,ERR,ERR,ERR,ERR,ERR,ERR,ERR,ERR,-0.0,0.0,3.039990997430017e+23,0.0,0.0,0.0,0.0,nan,0,0,0,32768,0,0.0,0,0.0,0.0,0.0,0.0,0.0,0,0,0,0,0.0,0,0,0,0,0,0,0,0,0,0,0,0,0,0,0,0,0,0,0,0,0,0,0,0,0,0,0,0,0,0,0,0,0,0,0,0,0,0,0,0,0,0,0,0,0.0,0.0,0.0,0.0,0.0,0.0,0.0,0.0,0.0,0.0,0.0,0.0,0.0,0.0,0.0,0.0,0.0,0.0,0.0,0.0,0.0,0.0,2.004,0.0,-2.004,0.0,0.0,0.0,0.0,0.0,3402.5,-3.697154467689818e+19,0.0,-0.0,0.0,2.7184274988523002e+23,0.0,0.0,0.0,0.0,0.0,0,152018253512704.0,89220.062,0.0,0.0,0.0,0.0,0.0,0.0,0.0,0,0,0,0.0,0.0,0.0,0.0,0.0,0.0,0.0,0.0,0.0,0.0,0.0,0.0,0.0,0.0,0.0,0.0,0,-107875648.0,0,0.0,0,-107875648.0,-0.0,0,0,17040,39322,17054,13107,17038,0,0,0,110,100,100,-0.0,64.0,0.0,64.5,0.0,69.0,1,49,50,180,13107,0,0,0,0.0,0.0,0.0,0.0,3.0237898163258214e+29,65.0,0.0,-8.259882641818386e+18,0.0,646,0,690,0,0,0,720,0,793,0,711,0,690,0,645,0,643,0,614,0.032,42729472.0,-0.0,-0.0,44176,16787,6.056897624034043e+23,-8.259882641818386e+18,0.0,3.379,3.676,-1.7336192526630727e+27,29.0,60.0,70,0.0,0.0,0.0,0.0,0.0,0.0,0.0,0.0,0.0,0.0,0.0,0.0,0.0,0.0,0.0,0.0,59.2,69,11,65508,41,65476,0,300,0,0,8,20529,65476,0,0,61604,60.0,0.0,0.0,0.0,0.0,0.0
2026-04-04T11:04:02,ERR,ERR,ERR,ERR,ERR,ERR,ERR,ERR,ERR,ERR,ERR,ERR,ERR,ERR,ERR,ERR,ERR,ERR,ERR,ERR,ERR,ERR,ERR,ERR,ERR,ERR,ERR,ERR,ERR,ERR,ERR,ERR,ERR,ERR,ERR,ERR,ERR,ERR,ERR,ERR,ERR,ERR,ERR,ERR,ERR,ERR,ERR,ERR,ERR,ERR,ERR,ERR,ERR,ERR,ERR,ERR,ERR,ERR,ERR,ERR,ERR,ERR,ERR,ERR,ERR,ERR,ERR,ERR,ERR,ERR,ERR,ERR,ERR,ERR,ERR,ERR,ERR,ERR,ERR,ERR,ERR,ERR,ERR,ERR,ERR,ERR,ERR,ERR,ERR,ERR,ERR,ERR,ERR,ERR,ERR,ERR,ERR,ERR,ERR,ERR,ERR,ERR,ERR,ERR,ERR,ERR,ERR,ERR,ERR,ERR,ERR,ERR,ERR,ERR,ERR,ERR,ERR,ERR,ERR,ERR,ERR,ERR,ERR,ERR,ERR,-0.0,0.0,3.039990997430017e+23,0.0,0.0,0.0,0.0,nan,0,0,0,32768,0,0.0,0,0.0,0.0,0.0,0.0,0.0,0,0,0,0,0.0,0,0,0,0,0,0,0,0,0,0,0,0,0,0,0,0,0,0,0,0,0,0,0,0,0,0,0,0,0,0,0,0,0,0,0,0,0,0,0,0,0,0,0,0,0.0,0.0,0.0,0.0,0.0,0.0,0.0,0.0,0.0,0.0,0.0,0.0,0.0,0.0,0.0,0.0,0.0,0.0,0.0,0.0,0.0,0.0,2.004,0.0,-2.004,0.0,0.0,0.0,0.0,0.0,3402.5,-3.697154467689818e+19,0.0,-0.0,0.0,2.7184274988523002e+23,0.0,0.0,0.0,0.0,0.0,0,152018253512704.0,89220.062,0.0,0.0,0.0,0.0,0.0,0.0,0.0,0,0,0,0.0,0.0,0.0,0.0,0.0,0.0,0.0,0.0,0.0,0.0,0.0,0.0,0.0,0.0,0.0,0.0,0,-107875648.0,0,0.0,0,-107875648.0,-0.0,0,0,17040,39322,17054,13107,17038,0,0,0,110,100,100,-0.0,64.0,0.0,64.5,0.0,69.0,1,49,50,180,13107,0,0,0,0.0,0.0,0.0,0.0,3.0237898163258214e+29,65.0,0.0,-8.259882641818386e+18,0.0,646,0,690,0,0,0,720,0,793,0,711,0,690,0,645,0,643,0,614,0.032,42729472.0,-0.0,-0.0,44176,16787,6.056897624034043e+23,-8.259882641818386e+18,0.0,3.379,3.676,-1.7336192526630727e+27,29.0,60.0,70,0.0,0.0,0.0,0.0,0.0,0.0,0.0,0.0,0.0,0.0,0.0,0.0,0.0,0.0,0.0,0.0,59.2,69,11,65508,41,65476,0,300,0,0,8,20529,65476,0,0,61604,60.0,0.0,0.0,0.0,0.0,0.0
2026-04-04T11:04:03,ERR,ERR,ERR,ERR,ERR,ERR,ERR,ERR,ERR,ERR,ERR,ERR,ERR,ERR,ERR,ERR,ERR,ERR,ERR,ERR,ERR,ERR,ERR,ERR,ERR,ERR,ERR,ERR,ERR,ERR,ERR,ERR,ERR,ERR,ERR,ERR,ERR,ERR,ERR,ERR,ERR,ERR,ERR,ERR,ERR,ERR,ERR,ERR,ERR,ERR,ERR,ERR,ERR,ERR,ERR,ERR,ERR,ERR,ERR,ERR,ERR,ERR,ERR,ERR,ERR,ERR,ERR,ERR,ERR,ERR,ERR,ERR,ERR,ERR,ERR,ERR,ERR,ERR,ERR,ERR,ERR,ERR,ERR,ERR,ERR,ERR,ERR,ERR,ERR,ERR,ERR,ERR,ERR,ERR,ERR,ERR,ERR,ERR,ERR,ERR,ERR,ERR,ERR,ERR,ERR,ERR,ERR,ERR,ERR,ERR,ERR,ERR,ERR,ERR,ERR,ERR,ERR,ERR,ERR,ERR,ERR,ERR,ERR,ERR,ERR,-0.0,0.0,3.039990997430017e+23,0.0,0.0,0.0,0.0,nan,0,0,0,32768,0,0.0,0,0.0,0.0,0.0,0.0,0.0,0,0,0,0,0.0,0,0,0,0,0,0,0,0,0,0,0,0,0,0,0,0,0,0,0,0,0,0,0,0,0,0,0,0,0,0,0,0,0,0,0,0,0,0,0,0,0,0,0,0,0.0,0.0,0.0,0.0,0.0,0.0,0.0,0.0,0.0,0.0,0.0,0.0,0.0,0.0,0.0,0.0,0.0,0.0,0.0,0.0,0.0,0.0,2.004,0.0,-0.0,0.0,0.0,0.0,0.0,0.0,3419.0,-1.5879157526988056e+29,0.0,-0.0,0.0,2.7184274988523002e+23,0.0,0.0,0.0,0.0,0.0,0,2.7184278591402704e+23,89220.062,0.0,0.0,0.0,0.0,0.0,0.0,0.0,0,0,0,0.0,0.0,0.0,0.0,0.0,0.0,0.0,0.0,0.0,0.0,0.0,0.0,0.0,0.0,0.0,0.0,0,-107875648.0,0,0.0,0,-107875648.0,-0.0,0,0,17040,39322,17054,13107,17038,0,0,0,110,100,100,-0.0,64.0,0.0,64.5,0.0,69.0,1,49,50,180,13107,0,0,0,0.0,0.0,0.0,0.0,3.0237898163258214e+29,65.0,0.0,-8.259882641818386e+18,0.0,646,0,690,0,0,0,720,0,793,0,711,0,690,0,645,0,643,0,614,0.032,42729472.0,-0.0,-0.0,44176,16787,6.056897624034043e+23,-8.259882641818386e+18,0.0,3.379,3.676,-1.7336192526630727e+27,29.0,60.0,70,0.0,0.0,0.0,0.0,0.0,0.0,0.0,0.0,0.0,0.0,0.0,0.0,0.0,0.0,0.0,0.0,59.6,69,11,65508,41,65476,0,300,0,0,8,20529,65476,0,0,61604,60.0,0.0,0.0,0.0,0.0,0.0
2026-04-04T11:04:04,ERR,ERR,ERR,ERR,ERR,ERR,ERR,ERR,ERR,ERR,ERR,ERR,ERR,ERR,ERR,ERR,ERR,ERR,ERR,ERR,ERR,ERR,ERR,ERR,ERR,ERR,ERR,ERR,ERR,ERR,ERR,ERR,ERR,ERR,ERR,ERR,ERR,ERR,ERR,ERR,ERR,ERR,ERR,ERR,ERR,ERR,ERR,ERR,ERR,ERR,ERR,ERR,ERR,ERR,ERR,ERR,ERR,ERR,ERR,ERR,ERR,ERR,ERR,ERR,ERR,ERR,ERR,ERR,ERR,ERR,ERR,ERR,ERR,ERR,ERR,ERR,ERR,ERR,ERR,ERR,ERR,ERR,ERR,ERR,ERR,ERR,ERR,ERR,ERR,ERR,ERR,ERR,ERR,ERR,ERR,ERR,ERR,ERR,ERR,ERR,ERR,ERR,ERR,ERR,ERR,ERR,ERR,ERR,ERR,ERR,ERR,ERR,ERR,ERR,ERR,ERR,ERR,ERR,ERR,ERR,ERR,ERR,ERR,ERR,ERR,-0.0,0.0,3.039990997430017e+23,0.0,0.0,0.0,0.0,nan,0,0,0,32768,0,0.0,0,0.0,0.0,0.0,0.0,0.0,0,0,0,0,0.0,0,0,0,0,0,0,0,0,0,0,0,0,0,0,0,0,0,0,0,0,0,0,0,0,0,0,0,0,0,0,0,0,0,0,0,0,0,0,0,0,0,0,0,0,0.0,0.0,0.0,0.0,0.0,0.0,0.0,0.0,0.0,0.0,0.0,0.0,0.0,0.0,0.0,0.0,0.0,0.0,0.0,0.0,0.0,0.0,2.004,0.0,-0.0,0.0,0.0,0.0,0.0,0.0,3419.0,-1.5879157526988056e+29,0.0,-0.0,0.0,2.7184274988523002e+23,0.0,0.0,0.0,0.0,0.0,0,2.7184278591402704e+23,89220.062,0.0,0.0,0.0,0.0,0.0,0.0,0.0,0,0,0,0.0,0.0,0.0,0.0,0.0,0.0,0.0,0.0,0.0,0.0,0.0,0.0,0.0,0.0,0.0,0.0,0,-107875648.0,0,0.0,0,-107875648.0,-0.0,0,0,17040,39322,17054,13107,17038,0,0,0,110,100,100,-0.0,64.0,0.0,64.5,0.0,69.0,1,49,50,180,13107,0,0,0,0.0,0.0,0.0,0.0,3.0237898163258214e+29,65.0,0.0,-8.259882641818386e+18,0.0,646,0,690,0,0,0,720,0,793,0,711,0,690,0,645,0,643,0,614,0.032,42729472.0,-0.0,-0.0,44176,16787,6.056897624034043e+23,-8.259882641818386e+18,0.0,3.379,3.676,-1.7336192526630727e+27,29.0,60.0,70,0.0,0.0,0.0,0.0,0.0,0.0,0.0,0.0,0.0,0.0,0.0,0.0,0.0,0.0,0.0,0.0,59.6,69,11,65508,41,65476,0,300,0,0,8,20529,65476,0,0,61604,60.0,0.0,0.0,0.0,0.0,0.0
2026-04-04T11:04:05,ERR,ERR,ERR,ERR,ERR,ERR,ERR,ERR,ERR,ERR,ERR,ERR,ERR,ERR,ERR,ERR,ERR,ERR,ERR,ERR,ERR,ERR,ERR,ERR,ERR,ERR,ERR,ERR,ERR,ERR,ERR,ERR,ERR,ERR,ERR,ERR,ERR,ERR,ERR,ERR,ERR,ERR,ERR,ERR,ERR,ERR,ERR,ERR,ERR,ERR,ERR,ERR,ERR,ERR,ERR,ERR,ERR,ERR,ERR,ERR,ERR,ERR,ERR,ERR,ERR,ERR,ERR,ERR,ERR,ERR,ERR,ERR,ERR,ERR,ERR,ERR,ERR,ERR,ERR,ERR,ERR,ERR,ERR,ERR,ERR,ERR,ERR,ERR,ERR,ERR,ERR,ERR,ERR,ERR,ERR,ERR,ERR,ERR,ERR,ERR,ERR,ERR,ERR,ERR,ERR,ERR,ERR,ERR,ERR,ERR,ERR,ERR,ERR,ERR,ERR,ERR,ERR,ERR,ERR,ERR,ERR,ERR,ERR,ERR,ERR,-0.0,0.0,3.039990997430017e+23,0.0,0.0,0.0,0.0,nan,0,0,0,32768,0,0.0,0,0.0,0.0,0.0,0.0,0.0,0,0,0,0,0.0,0,0,0,0,0,0,0,0,0,0,0,0,0,0,0,0,0,0,0,0,0,0,0,0,0,0,0,0,0,0,0,0,0,0,0,0,0,0,0,0,0,0,0,0,0.0,0.0,0.0,0.0,0.0,0.0,0.0,0.0,0.0,0.0,0.0,0.0,0.0,0.0,0.0,0.0,0.0,0.0,0.0,0.0,0.0,0.0,2.004,0.0,-0.0,0.0,0.0,0.0,0.0,0.0,3419.0,-1.5879157526988056e+29,0.0,-0.0,0.0,2.7184274988523002e+23,0.0,0.0,0.0,0.0,0.0,0,2.7184278591402704e+23,89220.062,0.0,0.0,0.0,0.0,0.0,0.0,0.0,0,0,0,0.0,0.0,0.0,0.0,0.0,0.0,0.0,0.0,0.0,0.0,0.0,0.0,0.0,0.0,0.0,0.0,0,-107875648.0,0,0.0,0,-107875648.0,-0.0,0,0,17040,39322,17054,13107,17038,0,0,0,110,100,100,-0.0,64.0,0.0,64.5,0.0,69.0,1,49,50,180,13107,0,0,0,0.0,0.0,0.0,0.0,4.956905949892711e+30,65.0,0.0,-0.0,0.0,646,0,690,0,0,0,720,0,793,0,711,0,690,0,645,0,643,0,614,0.032,55836672.0,-0.0,-0.0,55952,16787,-0.0,-0.0,0.0,852.996,2336360960.0,0.0,29.0,60.0,70,0.0,0.0,0.0,0.0,0.0,0.0,0.0,0.0,0.0,0.0,0.0,0.0,0.0,0.0,0.0,0.0,59.6,69,11,65508,41,65476,0,300,0,0,8,20529,65476,0,0,61604,60.0,0.0,0.0,0.0,0.0,0.0
2026-04-04T11:04:06,ERR,ERR,ERR,ERR,ERR,ERR,ERR,ERR,ERR,ERR,ERR,ERR,ERR,ERR,ERR,ERR,ERR,ERR,ERR,ERR,ERR,ERR,ERR,ERR,ERR,ERR,ERR,ERR,ERR,ERR,ERR,ERR,ERR,ERR,ERR,ERR,ERR,ERR,ERR,ERR,ERR,ERR,ERR,ERR,ERR,ERR,ERR,ERR,ERR,ERR,ERR,ERR,ERR,ERR,ERR,ERR,ERR,ERR,ERR,ERR,ERR,ERR,ERR,ERR,ERR,ERR,ERR,ERR,ERR,ERR,ERR,ERR,ERR,ERR,ERR,ERR,ERR,ERR,ERR,ERR,ERR,ERR,ERR,ERR,ERR,ERR,ERR,ERR,ERR,ERR,ERR,ERR,ERR,ERR,ERR,ERR,ERR,ERR,ERR,ERR,ERR,ERR,ERR,ERR,ERR,ERR,ERR,ERR,ERR,ERR,ERR,ERR,ERR,ERR,ERR,ERR,ERR,ERR,ERR,ERR,ERR,ERR,ERR,ERR,ERR,-0.0,0.0,3.039990997430017e+23,0.0,0.0,0.0,0.0,nan,0,0,0,32768,0,0.0,0,0.0,0.0,0.0,0.0,0.0,0,0,0,0,0.0,0,0,0,0,0,0,0,0,0,0,0,0,0,0,0,0,0,0,0,0,0,0,0,0,0,0,0,0,0,0,0,0,0,0,0,0,0,0,0,0,0,0,0,0,0.0,0.0,0.0,0.0,0.0,0.0,0.0,0.0,0.0,0.0,0.0,0.0,0.0,0.0,0.0,0.0,0.0,0.0,0.0,0.0,0.0,0.0,2.004,0.0,-0.0,0.0,0.0,0.0,0.0,0.0,3419.0,-1.5879157526988056e+29,0.0,-0.0,0.0,2.7184274988523002e+23,0.0,0.0,0.0,0.0,0.0,0,2.7184278591402704e+23,89220.062,0.0,0.0,0.0,0.0,0.0,0.0,0.0,0,0,0,0.0,0.0,0.0,0.0,0.0,0.0,0.0,0.0,0.0,0.0,0.0,0.0,0.0,0.0,0.0,0.0,0,-107875648.0,0,0.0,0,-107875648.0,-0.0,0,0,17040,39322,17054,13107,17038,0,0,0,110,100,100,-0.0,64.0,0.0,64.5,0.0,69.0,1,49,50,180,13107,0,0,0,0.0,0.0,0.0,0.0,4.956905949892711e+30,65.0,0.0,-0.0,0.0,646,0,690,0,0,0,720,0,793,0,711,0,690,0,645,0,643,0,614,0.032,55836672.0,-0.0,-0.0,55952,16787,-0.0,-0.0,0.0,852.996,2336360960.0,0.0,29.0,60.0,70,0.0,0.0,0.0,0.0,0.0,0.0,0.0,0.0,0.0,0.0,0.0,0.0,0.0,0.0,0.0,0.0,59.6,69,11,65508,41,65476,0,300,0,0,8,20529,65476,0,0,61604,60.0,0.0,0.0,0.0,0.0,0.0
2026-04-04T11:04:07,ERR,ERR,ERR,ERR,ERR,ERR,ERR,ERR,ERR,ERR,ERR,ERR,ERR,ERR,ERR,ERR,ERR,ERR,ERR,ERR,ERR,ERR,ERR,ERR,ERR,ERR,ERR,ERR,ERR,ERR,ERR,ERR,ERR,ERR,ERR,ERR,ERR,ERR,ERR,ERR,ERR,ERR,ERR,ERR,ERR,ERR,ERR,ERR,ERR,ERR,ERR,ERR,ERR,ERR,ERR,ERR,ERR,ERR,ERR,ERR,ERR,ERR,ERR,ERR,ERR,ERR,ERR,ERR,ERR,ERR,ERR,ERR,ERR,ERR,ERR,ERR,ERR,ERR,ERR,ERR,ERR,ERR,ERR,ERR,ERR,ERR,ERR,ERR,ERR,ERR,ERR,ERR,ERR,ERR,ERR,ERR,ERR,ERR,ERR,ERR,ERR,ERR,ERR,ERR,ERR,ERR,ERR,ERR,ERR,ERR,ERR,ERR,ERR,ERR,ERR,ERR,ERR,ERR,ERR,ERR,ERR,ERR,ERR,ERR,ERR,-0.0,0.0,3.039990997430017e+23,0.0,0.0,0.0,0.0,nan,0,0,0,32768,0,0.0,0,0.0,0.0,0.0,0.0,0.0,0,0,0,0,0.0,0,0,0,0,0,0,0,0,0,0,0,0,0,0,0,0,0,0,0,0,0,0,0,0,0,0,0,0,0,0,0,0,0,0,0,0,0,0,0,0,0,0,0,0,0.0,0.0,0.0,0.0,0.0,0.0,0.0,0.0,0.0,0.0,0.0,0.0,0.0,0.0,0.0,0.0,0.0,0.0,0.0,0.0,0.0,0.0,2.004,0.0,-0.0,0.0,0.0,0.0,0.0,0.0,3419.0,-1.5879157526988056e+29,0.0,-0.0,0.0,2.7184274988523002e+23,0.0,0.0,0.0,0.0,0.0,0,2.7184278591402704e+23,89220.062,0.0,0.0,0.0,0.0,0.0,0.0,0.0,0,0,0,0.0,0.0,0.0,0.0,0.0,0.0,0.0,0.0,0.0,0.0,0.0,0.0,0.0,0.0,0.0,0.0,0,-107875648.0,0,0.0,0,-107875648.0,-0.0,0,0,17040,39322,17054,13107,17038,0,0,0,110,100,100,-0.0,64.0,0.0,64.5,0.0,69.0,1,49,50,180,13107,0,0,0,0.0,0.0,0.0,0.0,4.956905949892711e+30,65.0,0.0,-0.0,0.0,646,0,690,0,0,0,720,0,793,0,711,0,690,0,645,0,643,0,614,0.032,55836672.0,-0.0,-0.0,55952,16787,-0.0,-0.0,0.0,852.996,2336360960.0,0.0,29.0,60.0,70,0.0,0.0,0.0,0.0,0.0,0.0,0.0,0.0,0.0,0.0,0.0,0.0,0.0,0.0,0.0,0.0,59.2,69,11,65508,41,65476,0,300,0,0,8,20529,65476,0,0,61604,60.0,0.0,0.0,0.0,0.0,0.0
2026-04-04T11:04:08,ERR,ERR,ERR,ERR,ERR,ERR,ERR,ERR,ERR,ERR,ERR,ERR,ERR,ERR,ERR,ERR,ERR,ERR,ERR,ERR,ERR,ERR,ERR,ERR,ERR,ERR,ERR,ERR,ERR,ERR,ERR,ERR,ERR,ERR,ERR,ERR,ERR,ERR,ERR,ERR,ERR,ERR,ERR,ERR,ERR,ERR,ERR,ERR,ERR,ERR,ERR,ERR,ERR,ERR,ERR,ERR,ERR,ERR,ERR,ERR,ERR,ERR,ERR,ERR,ERR,ERR,ERR,ERR,ERR,ERR,ERR,ERR,ERR,ERR,ERR,ERR,ERR,ERR,ERR,ERR,ERR,ERR,ERR,ERR,ERR,ERR,ERR,ERR,ERR,ERR,ERR,ERR,ERR,ERR,ERR,ERR,ERR,ERR,ERR,ERR,ERR,ERR,ERR,ERR,ERR,ERR,ERR,ERR,ERR,ERR,ERR,ERR,ERR,ERR,ERR,ERR,ERR,ERR,ERR,ERR,ERR,ERR,ERR,ERR,ERR,-0.0,0.0,3.039990997430017e+23,0.0,0.0,0.0,0.0,nan,0,0,0,32768,0,0.0,0,0.0,0.0,0.0,0.0,0.0,0,0,0,0,0.0,0,0,0,0,0,0,0,0,0,0,0,0,0,0,0,0,0,0,0,0,0,0,0,0,0,0,0,0,0,0,0,0,0,0,0,0,0,0,0,0,0,0,0,0,0.0,0.0,0.0,0.0,0.0,0.0,0.0,0.0,0.0,0.0,0.0,0.0,0.0,0.0,0.0,0.0,0.0,0.0,0.0,0.0,0.0,0.0,2.004,0.0,-0.0,0.0,0.0,0.0,0.0,0.0,3419.0,-1.5879157526988056e+29,0.0,-0.0,0.0,2.7184274988523002e+23,0.0,0.0,0.0,0.0,0.0,0,2.7184278591402704e+23,89220.062,0.0,0.0,0.0,0.0,0.0,0.0,0.0,0,0,0,0.0,0.0,0.0,0.0,0.0,0.0,0.0,0.0,0.0,0.0,0.0,0.0,0.0,0.0,0.0,0.0,0,-107875648.0,0,0.0,0,-107875648.0,-0.0,0,0,17040,39322,17054,13107,17038,0,0,0,110,100,100,-0.0,64.0,0.0,64.5,0.0,69.0,1,49,50,180,13107,0,0,0,0.0,0.0,0.0,0.0,4.956905949892711e+30,65.0,0.0,-0.0,0.0,646,0,690,0,0,0,720,0,793,0,711,0,690,0,645,0,643,0,614,0.032,55836672.0,-0.0,-0.0,55952,16787,-0.0,-0.0,0.0,852.996,2336360960.0,0.0,29.0,60.0,70,0.0,0.0,0.0,0.0,0.0,0.0,0.0,0.0,0.0,0.0,0.0,0.0,0.0,0.0,0.0,0.0,59.2,69,11,65508,41,65476,0,300,0,0,8,20529,65476,0,0,61604,60.0,0.0,0.0,0.0,0.0,0.0
2026-04-04T11:04:09,ERR,ERR,ERR,ERR,ERR,ERR,ERR,ERR,ERR,ERR,ERR,ERR,ERR,ERR,ERR,ERR,ERR,ERR,ERR,ERR,ERR,ERR,ERR,ERR,ERR,ERR,ERR,ERR,ERR,ERR,ERR,ERR,ERR,ERR,ERR,ERR,ERR,ERR,ERR,ERR,ERR,ERR,ERR,ERR,ERR,ERR,ERR,ERR,ERR,ERR,ERR,ERR,ERR,ERR,ERR,ERR,ERR,ERR,ERR,ERR,ERR,ERR,ERR,ERR,ERR,ERR,ERR,ERR,ERR,ERR,ERR,ERR,ERR,ERR,ERR,ERR,ERR,ERR,ERR,ERR,ERR,ERR,ERR,ERR,ERR,ERR,ERR,ERR,ERR,ERR,ERR,ERR,ERR,ERR,ERR,ERR,ERR,ERR,ERR,ERR,ERR,ERR,ERR,ERR,ERR,ERR,ERR,ERR,ERR,ERR,ERR,ERR,ERR,ERR,ERR,ERR,ERR,ERR,ERR,ERR,ERR,ERR,ERR,ERR,ERR,-0.0,0.0,3.039990997430017e+23,0.0,0.0,0.0,0.0,nan,0,0,0,32768,0,0.0,0,0.0,0.0,0.0,0.0,0.0,0,0,0,0,0.0,0,0,0,0,0,0,0,0,0,0,0,0,0,0,0,0,0,0,0,0,0,0,0,0,0,0,0,0,0,0,0,0,0,0,0,0,0,0,0,0,0,0,0,0,0.0,0.0,0.0,0.0,0.0,0.0,0.0,0.0,0.0,0.0,0.0,0.0,0.0,0.0,0.0,0.0,0.0,0.0,0.0,0.0,0.0,0.0,2.004,0.0,-0.0,0.0,0.0,0.0,0.0,0.0,3402.0,-8608108544.0,0.0,-0.0,0.0,2.7184274988523002e+23,0.0,0.0,0.0,0.0,0.0,0,126841012224.0,0.0,0.0,0.0,0.0,0.0,0.0,0.0,0.0,0,0,0,0.0,0.0,0.0,0.0,0.0,0.0,0.0,0.0,0.0,0.0,0.0,0.0,0.0,0.0,0.0,0.0,0,-107875648.0,0,0.0,0,-107875648.0,-107877712.0,0,0,17040,39322,17054,13107,17038,0,0,0,110,100,100,-0.0,64.0,0.0,64.5,0.0,69.0,1,49,50,180,13107,0,0,0,0.0,0.0,0.0,0.0,-0.0,65.0,0.0,-5.223231901498255e+24,0.0,646,0,690,0,0,0,720,0,793,0,711,0,690,0,645,0,643,0,614,0.032,55836672.0,-0.0,-0.0,43152,16787,-0.0,-5.223231901498255e+24,9.299584457447453e+33,6.377066725835696e+19,-0.0,7088442368.0,29.0,60.0,70,0.0,0.0,0.0,0.0,0.0,0.0,0.0,0.0,0.0,0.0,0.0,0.0,0.0,0.0,0.0,0.0,59.2,69,11,65508,41,65476,0,300,0,0,8,20529,65476,0,0,61604,60.0,0.0,0.0,0.0,0.0,0.0
2026-04-04T11:04:10,ERR,ERR,ERR,ERR,ERR,ERR,ERR,ERR,ERR,ERR,ERR,ERR,ERR,ERR,ERR,ERR,ERR,ERR,ERR,ERR,ERR,ERR,ERR,ERR,ERR,ERR,ERR,ERR,ERR,ERR,ERR,ERR,ERR,ERR,ERR,ERR,ERR,ERR,ERR,ERR,ERR,ERR,ERR,ERR,ERR,ERR,ERR,ERR,ERR,ERR,ERR,ERR,ERR,ERR,ERR,ERR,ERR,ERR,ERR,ERR,ERR,ERR,ERR,ERR,ERR,ERR,ERR,ERR,ERR,ERR,ERR,ERR,ERR,ERR,ERR,ERR,ERR,ERR,ERR,ERR,ERR,ERR,ERR,ERR,ERR,ERR,ERR,ERR,ERR,ERR,ERR,ERR,ERR,ERR,ERR,ERR,ERR,ERR,ERR,ERR,ERR,ERR,ERR,ERR,ERR,ERR,ERR,ERR,ERR,ERR,ERR,ERR,ERR,ERR,ERR,ERR,ERR,ERR,ERR,ERR,ERR,ERR,ERR,ERR,ERR,-0.0,0.0,3.039990997430017e+23,0.0,0.0,0.0,0.0,nan,0,0,0,32768,0,0.0,0,0.0,0.0,0.0,0.0,0.0,0,0,0,0,0.0,0,0,0,0,0,0,0,0,0,0,0,0,0,0,0,0,0,0,0,0,0,0,0,0,0,0,0,0,0,0,0,0,0,0,0,0,0,0,0,0,0,0,0,0,0.0,0.0,0.0,0.0,0.0,0.0,0.0,0.0,0.0,0.0,0.0,0.0,0.0,0.0,0.0,0.0,0.0,0.0,0.0,0.0,0.0,0.0,2.004,0.0,-0.0,0.0,0.0,0.0,0.0,0.0,3402.0,-8608108544.0,0.0,-0.0,0.0,2.7184274988523002e+23,0.0,0.0,0.0,0.0,0.0,0,126841012224.0,0.0,0.0,0.0,0.0,0.0,0.0,0.0,0.0,0,0,0,0.0,0.0,0.0,0.0,0.0,0.0,0.0,0.0,0.0,0.0,0.0,0.0,0.0,0.0,0.0,0.0,0,-107875648.0,0,0.0,0,-107875648.0,-107877712.0,0,0,17040,39322,17054,13107,17038,0,0,0,110,100,100,-0.0,64.0,0.0,64.5,0.0,69.0,1,49,50,180,13107,0,0,0,0.0,0.0,0.0,0.0,-0.0,65.0,0.0,-5.223231901498255e+24,0.0,646,0,690,0,0,0,720,0,793,0,711,0,690,0,645,0,643,0,614,0.032,55836672.0,-0.0,-0.0,43152,16787,-0.0,-5.223231901498255e+24,9.299584457447453e+33,6.377066725835696e+19,-0.0,7088442368.0,29.0,60.0,70,0.0,0.0,0.0,0.0,0.0,0.0,0.0,0.0,0.0,0.0,0.0,0.0,0.0,0.0,0.0,0.0,59.2,69,11,65508,41,65476,0,300,0,0,8,20529,65476,0,0,61604,60.0,0.0,0.0,0.0,0.0,0.0
2026-04-04T11:04:11,ERR,ERR,ERR,ERR,ERR,ERR,ERR,ERR,ERR,ERR,ERR,ERR,ERR,ERR,ERR,ERR,ERR,ERR,ERR,ERR,ERR,ERR,ERR,ERR,ERR,ERR,ERR,ERR,ERR,ERR,ERR,ERR,ERR,ERR,ERR,ERR,ERR,ERR,ERR,ERR,ERR,ERR,ERR,ERR,ERR,ERR,ERR,ERR,ERR,ERR,ERR,ERR,ERR,ERR,ERR,ERR,ERR,ERR,ERR,ERR,ERR,ERR,ERR,ERR,ERR,ERR,ERR,ERR,ERR,ERR,ERR,ERR,ERR,ERR,ERR,ERR,ERR,ERR,ERR,ERR,ERR,ERR,ERR,ERR,ERR,ERR,ERR,ERR,ERR,ERR,ERR,ERR,ERR,ERR,ERR,ERR,ERR,ERR,ERR,ERR,ERR,ERR,ERR,ERR,ERR,ERR,ERR,ERR,ERR,ERR,ERR,ERR,ERR,ERR,ERR,ERR,ERR,ERR,ERR,ERR,ERR,ERR,ERR,ERR,ERR,-0.0,0.0,3.039990997430017e+23,0.0,0.0,0.0,0.0,nan,0,0,0,32768,0,0.0,0,0.0,0.0,0.0,0.0,0.0,0,0,0,0,0.0,0,0,0,0,0,0,0,0,0,0,0,0,0,0,0,0,0,0,0,0,0,0,0,0,0,0,0,0,0,0,0,0,0,0,0,0,0,0,0,0,0,0,0,0,0.0,0.0,0.0,0.0,0.0,0.0,0.0,0.0,0.0,0.0,0.0,0.0,0.0,0.0,0.0,0.0,0.0,0.0,0.0,0.0,0.0,0.0,2.004,0.0,-0.0,0.0,0.0,0.0,0.0,0.0,3402.0,-8608108544.0,0.0,-0.0,0.0,2.7184274988523002e+23,0.0,0.0,0.0,0.0,0.0,0,126841012224.0,0.0,0.0,0.0,0.0,0.0,0.0,0.0,0.0,0,0,0,0.0,0.0,0.0,0.0,0.0,0.0,0.0,0.0,0.0,0.0,0.0,0.0,0.0,0.0,0.0,0.0,0,-107875648.0,0,0.0,0,-107875648.0,-107877712.0,0,0,17040,39322,17054,13107,17038,0,0,0,110,100,100,-0.0,64.0,0.0,64.5,0.0,69.0,1,49,50,180,13107,0,0,0,0.0,0.0,0.0,0.0,-0.0,65.0,0.0,-5.223231901498255e+24,0.0,646,0,690,0,0,0,720,0,793,0,711,0,690,0,645,0,643,0,614,0.032,55836672.0,-0.0,-0.0,43152,16787,-0.0,-5.223231901498255e+24,9.299584457447453e+33,6.377066725835696e+19,-0.0,7088442368.0,29.0,60.0,70,0.0,0.0,0.0,0.0,0.0,0.0,0.0,0.0,0.0,0.0,0.0,0.0,0.0,0.0,0.0,0.0,59.2,69,11,65508,41,65476,0,300,0,0,8,20529,65476,0,0,61604,60.0,0.0,0.0,0.0,0.0,0.0
2026-04-04T11:04:12,ERR,ERR,ERR,ERR,ERR,ERR,ERR,ERR,ERR,ERR,ERR,ERR,ERR,ERR,ERR,ERR,ERR,ERR,ERR,ERR,ERR,ERR,ERR,ERR,ERR,ERR,ERR,ERR,ERR,ERR,ERR,ERR,ERR,ERR,ERR,ERR,ERR,ERR,ERR,ERR,ERR,ERR,ERR,ERR,ERR,ERR,ERR,ERR,ERR,ERR,ERR,ERR,ERR,ERR,ERR,ERR,ERR,ERR,ERR,ERR,ERR,ERR,ERR,ERR,ERR,ERR,ERR,ERR,ERR,ERR,ERR,ERR,ERR,ERR,ERR,ERR,ERR,ERR,ERR,ERR,ERR,ERR,ERR,ERR,ERR,ERR,ERR,ERR,ERR,ERR,ERR,ERR,ERR,ERR,ERR,ERR,ERR,ERR,ERR,ERR,ERR,ERR,ERR,ERR,ERR,ERR,ERR,ERR,ERR,ERR,ERR,ERR,ERR,ERR,ERR,ERR,ERR,ERR,ERR,ERR,ERR,ERR,ERR,ERR,ERR,-0.0,0.0,3.039990997430017e+23,0.0,0.0,0.0,0.0,nan,0,0,0,32768,0,0.0,0,0.0,0.0,0.0,0.0,0.0,0,0,0,0,0.0,0,0,0,0,0,0,0,0,0,0,0,0,0,0,0,0,0,0,0,0,0,0,0,0,0,0,0,0,0,0,0,0,0,0,0,0,0,0,0,0,0,0,0,0,0.0,0.0,0.0,0.0,0.0,0.0,0.0,0.0,0.0,0.0,0.0,0.0,0.0,0.0,0.0,0.0,0.0,0.0,0.0,0.0,0.0,0.0,2.004,0.0,-0.0,0.0,0.0,0.0,0.0,0.0,3402.0,-8608108544.0,0.0,-0.0,0.0,2.7184274988523002e+23,0.0,0.0,0.0,0.0,0.0,0,126841012224.0,0.0,0.0,0.0,0.0,0.0,0.0,0.0,0.0,0,0,0,0.0,0.0,0.0,0.0,0.0,0.0,0.0,0.0,0.0,0.0,0.0,0.0,0.0,0.0,0.0,0.0,0,-107875648.0,0,0.0,0,-107875648.0,-107877712.0,0,0,17040,39322,17054,13107,17038,0,0,0,110,100,100,-0.0,64.0,0.0,64.5,0.0,69.0,1,49,50,180,13107,0,0,0,0.0,0.0,0.0,0.0,-0.0,65.0,0.0,-5.223231901498255e+24,0.0,646,0,690,0,0,0,720,0,793,0,711,0,690,0,645,0,643,0,614,0.032,55836672.0,-0.0,-0.0,43152,16787,-0.0,-5.223231901498255e+24,9.299584457447453e+33,6.377066725835696e+19,-0.0,7088442368.0,29.0,60.0,70,0.0,0.0,0.0,0.0,0.0,0.0,0.0,0.0,0.0,0.0,0.0,0.0,0.0,0.0,0.0,0.0,59.2,69,11,65508,41,65476,0,300,0,0,8,20529,65476,0,0,61604,60.0,0.0,0.0,0.0,0.0,0.0
2026-04-04T11:04:13,ERR,ERR,ERR,ERR,ERR,ERR,ERR,ERR,ERR,ERR,ERR,ERR,ERR,ERR,ERR,ERR,ERR,ERR,ERR,ERR,ERR,ERR,ERR,ERR,ERR,ERR,ERR,ERR,ERR,ERR,ERR,ERR,ERR,ERR,ERR,ERR,ERR,ERR,ERR,ERR,ERR,ERR,ERR,ERR,ERR,ERR,ERR,ERR,ERR,ERR,ERR,ERR,ERR,ERR,ERR,ERR,ERR,ERR,ERR,ERR,ERR,ERR,ERR,ERR,ERR,ERR,ERR,ERR,ERR,ERR,ERR,ERR,ERR,ERR,ERR,ERR,ERR,ERR,ERR,ERR,ERR,ERR,ERR,ERR,ERR,ERR,ERR,ERR,ERR,ERR,ERR,ERR,ERR,ERR,ERR,ERR,ERR,ERR,ERR,ERR,ERR,ERR,ERR,ERR,ERR,ERR,ERR,ERR,ERR,ERR,ERR,ERR,ERR,ERR,ERR,ERR,ERR,ERR,ERR,ERR,ERR,ERR,ERR,ERR,ERR,-0.0,0.0,3.039990997430017e+23,0.0,0.0,0.0,0.0,nan,0,0,0,32768,0,0.0,0,0.0,0.0,0.0,0.0,0.0,0,0,0,0,0.0,0,0,0,0,0,0,0,0,0,0,0,0,0,0,0,0,0,0,0,0,0,0,0,0,0,0,0,0,0,0,0,0,0,0,0,0,0,0,0,0,0,0,0,0,0.0,0.0,0.0,0.0,0.0,0.0,0.0,0.0,0.0,0.0,0.0,0.0,0.0,0.0,0.0,0.0,0.0,0.0,0.0,0.0,0.0,0.0,2.004,0.0,-0.0,0.0,0.0,0.0,0.0,0.0,3402.0,-8608108544.0,0.0,-0.0,0.0,2.7184274988523002e+23,0.0,0.0,0.0,0.0,0.0,0,126841012224.0,0.0,0.0,0.0,0.0,0.0,0.0,0.0,0.0,0,0,0,0.0,0.0,0.0,0.0,0.0,0.0,0.0,0.0,0.0,0.0,0.0,0.0,0.0,0.0,0.0,0.0,0,-107875648.0,0,0.0,0,-107875648.0,-107877712.0,0,0,17040,39322,17054,13107,17038,0,0,0,110,100,100,-0.0,64.0,0.0,64.5,0.0,69.0,1,49,50,180,13107,0,0,0,0.0,0.0,0.0,0.0,1.1310107401000348e+35,65.0,0.0,-0.0,0.0,646,0,690,0,0,0,720,0,793,0,711,0,690,0,645,0,643,0,614,0.032,55574528.0,-0.0,-0.0,45456,16787,1.1310107401000348e+35,-0.0,0.0,-2.788239961497098e+36,8200453.0,-5.718069602189551e+35,29.0,60.0,70,0.0,0.0,0.0,0.0,0.0,0.0,0.0,0.0,0.0,0.0,0.0,0.0,0.0,0.0,0.0,0.0,59.2,69,11,65508,41,65476,0,300,0,0,8,20529,65476,0,0,61604,60.0,0.0,0.0,0.0,0.0,0.0
2026-04-04T11:04:14,ERR,ERR,ERR,ERR,ERR,ERR,ERR,ERR,ERR,ERR,ERR,ERR,ERR,ERR,ERR,ERR,ERR,ERR,ERR,ERR,ERR,ERR,ERR,ERR,ERR,ERR,ERR,ERR,ERR,ERR,ERR,ERR,ERR,ERR,ERR,ERR,ERR,ERR,ERR,ERR,ERR,ERR,ERR,ERR,ERR,ERR,ERR,ERR,ERR,ERR,ERR,ERR,ERR,ERR,ERR,ERR,ERR,ERR,ERR,ERR,ERR,ERR,ERR,ERR,ERR,ERR,ERR,ERR,ERR,ERR,ERR,ERR,ERR,ERR,ERR,ERR,ERR,ERR,ERR,ERR,ERR,ERR,ERR,ERR,ERR,ERR,ERR,ERR,ERR,ERR,ERR,ERR,ERR,ERR,ERR,ERR,ERR,ERR,ERR,ERR,ERR,ERR,ERR,ERR,ERR,ERR,ERR,ERR,ERR,ERR,ERR,ERR,ERR,ERR,ERR,ERR,ERR,ERR,ERR,ERR,ERR,ERR,ERR,ERR,ERR,-0.0,0.0,3.039990997430017e+23,0.0,0.0,0.0,0.0,nan,0,0,0,32768,0,0.0,0,0.0,0.0,0.0,0.0,0.0,0,0,0,0,0.0,0,0,0,0,0,0,0,0,0,0,0,0,0,0,0,0,0,0,0,0,0,0,0,0,0,0,0,0,0,0,0,0,0,0,0,0,0,0,0,0,0,0,0,0,0.0,0.0,0.0,0.0,0.0,0.0,0.0,0.0,0.0,0.0,0.0,0.0,0.0,0.0,0.0,0.0,0.0,0.0,0.0,0.0,0.0,0.0,2.004,0.0,-0.0,0.0,0.0,0.0,0.0,0.0,3402.0,-8608108544.0,0.0,-0.0,0.0,2.7184274988523002e+23,0.0,0.0,0.0,0.0,0.0,0,126841012224.0,0.0,0.0,0.0,0.0,0.0,0.0,0.0,0.0,0,0,0,0.0,0.0,0.0,0.0,0.0,0.0,0.0,0.0,0.0,0.0,0.0,0.0,0.0,0.0,0.0,0.0,0,-107875648.0,0,0.0,0,-107875648.0,-107877712.0,0,0,17040,39322,17054,13107,17038,0,0,0,110,100,100,-0.0,64.0,0.0,64.5,0.0,69.0,1,49,50,180,13107,0,0,0,0.0,0.0,0.0,0.0,1.1310107401000348e+35,65.0,0.0,-0.0,0.0,646,0,690,0,0,0,720,0,793,0,711,0,690,0,645,0,643,0,614,0.032,55574528.0,-0.0,-0.0,45456,16787,1.1310107401000348e+35,-0.0,0.0,-2.788239961497098e+36,8200453.0,-5.718069602189551e+35,29.0,60.0,70,0.0,0.0,0.0,0.0,0.0,0.0,0.0,0.0,0.0,0.0,0.0,0.0,0.0,0.0,0.0,0.0,59.2,69,11,65508,41,65476,0,300,0,0,8,20529,65476,0,0,61604,60.0,0.0,0.0,0.0,0.0,0.0
2026-04-04T11:04:15,ERR,ERR,ERR,ERR,ERR,ERR,ERR,ERR,ERR,ERR,ERR,ERR,ERR,ERR,ERR,ERR,ERR,ERR,ERR,ERR,ERR,ERR,ERR,ERR,ERR,ERR,ERR,ERR,ERR,ERR,ERR,ERR,ERR,ERR,ERR,ERR,ERR,ERR,ERR,ERR,ERR,ERR,ERR,ERR,ERR,ERR,ERR,ERR,ERR,ERR,ERR,ERR,ERR,ERR,ERR,ERR,ERR,ERR,ERR,ERR,ERR,ERR,ERR,ERR,ERR,ERR,ERR,ERR,ERR,ERR,ERR,ERR,ERR,ERR,ERR,ERR,ERR,ERR,ERR,ERR,ERR,ERR,ERR,ERR,ERR,ERR,ERR,ERR,ERR,ERR,ERR,ERR,ERR,ERR,ERR,ERR,ERR,ERR,ERR,ERR,ERR,ERR,ERR,ERR,ERR,ERR,ERR,ERR,ERR,ERR,ERR,ERR,ERR,ERR,ERR,ERR,ERR,ERR,ERR,ERR,ERR,ERR,ERR,ERR,ERR,-0.0,0.0,3.039990997430017e+23,0.0,0.0,0.0,0.0,nan,0,0,0,32768,0,0.0,0,0.0,0.0,0.0,0.0,0.0,0,0,0,0,0.0,0,0,0,0,0,0,0,0,0,0,0,0,0,0,0,0,0,0,0,0,0,0,0,0,0,0,0,0,0,0,0,0,0,0,0,0,0,0,0,0,0,0,0,0,0.0,0.0,0.0,0.0,0.0,0.0,0.0,0.0,0.0,0.0,0.0,0.0,0.0,0.0,0.0,0.0,0.0,0.0,0.0,0.0,0.0,0.0,2.004,0.0,-0.0,0.0,0.0,0.0,0.0,0.0,3402.5,-2.004,0.0,-0.0,0.0,2.7184274988523002e+23,0.0,0.0,0.0,0.0,0.0,0,152018253512704.0,0.0,0.0,0.0,0.0,0.0,0.0,0.0,0.0,0,0,0,0.0,0.0,0.0,0.0,0.0,0.0,0.0,0.0,0.0,0.0,0.0,0.0,0.0,0.0,0.0,0.0,0,-107875648.0,0,0.0,0,-107875648.0,-107877712.0,0,0,17040,39322,17054,13107,17038,0,0,0,110,100,100,-0.0,64.0,0.0,64.5,0.0,69.0,1,49,50,180,13107,0,0,0,0.0,0.0,0.0,0.0,1.1310107401000348e+35,65.0,0.0,-0.0,0.0,646,0,690,0,0,0,720,0,793,0,711,0,690,0,645,0,643,0,614,0.032,55574528.0,-0.0,-0.0,45456,16787,1.1310107401000348e+35,-0.0,0.0,-2.788239961497098e+36,8200453.0,-5.718069602189551e+35,29.0,60.0,70,0.0,0.0,0.0,0.0,0.0,0.0,0.0,0.0,0.0,0.0,0.0,0.0,0.0,0.0,0.0,0.0,59.6,69,11,65508,41,65476,0,300,0,0,8,20529,65476,0,0,61604,60.0,0.0,0.0,0.0,0.0,0.0
2026-04-04T11:04:16,ERR,ERR,ERR,ERR,ERR,ERR,ERR,ERR,ERR,ERR,ERR,ERR,ERR,ERR,ERR,ERR,ERR,ERR,ERR,ERR,ERR,ERR,ERR,ERR,ERR,ERR,ERR,ERR,ERR,ERR,ERR,ERR,ERR,ERR,ERR,ERR,ERR,ERR,ERR,ERR,ERR,ERR,ERR,ERR,ERR,ERR,ERR,ERR,ERR,ERR,ERR,ERR,ERR,ERR,ERR,ERR,ERR,ERR,ERR,ERR,ERR,ERR,ERR,ERR,ERR,ERR,ERR,ERR,ERR,ERR,ERR,ERR,ERR,ERR,ERR,ERR,ERR,ERR,ERR,ERR,ERR,ERR,ERR,ERR,ERR,ERR,ERR,ERR,ERR,ERR,ERR,ERR,ERR,ERR,ERR,ERR,ERR,ERR,ERR,ERR,ERR,ERR,ERR,ERR,ERR,ERR,ERR,ERR,ERR,ERR,ERR,ERR,ERR,ERR,ERR,ERR,ERR,ERR,ERR,ERR,ERR,ERR,ERR,ERR,ERR,-0.0,0.0,3.039990997430017e+23,0.0,0.0,0.0,0.0,nan,0,0,0,32768,0,0.0,0,0.0,0.0,0.0,0.0,0.0,0,0,0,0,0.0,0,0,0,0,0,0,0,0,0,0,0,0,0,0,0,0,0,0,0,0,0,0,0,0,0,0,0,0,0,0,0,0,0,0,0,0,0,0,0,0,0,0,0,0,0.0,0.0,0.0,0.0,0.0,0.0,0.0,0.0,0.0,0.0,0.0,0.0,0.0,0.0,0.0,0.0,0.0,0.0,0.0,0.0,0.0,0.0,2.004,0.0,-0.0,0.0,0.0,0.0,0.0,0.0,3402.5,-2.004,0.0,-0.0,0.0,2.7184274988523002e+23,0.0,0.0,0.0,0.0,0.0,0,152018253512704.0,0.0,0.0,0.0,0.0,0.0,0.0,0.0,0.0,0,0,0,0.0,0.0,0.0,0.0,0.0,0.0,0.0,0.0,0.0,0.0,0.0,0.0,0.0,0.0,0.0,0.0,0,-107875648.0,0,0.0,0,-107875648.0,-107877712.0,0,0,17040,39322,17054,13107,17038,0,0,0,110,100,100,-0.0,64.0,0.0,64.5,0.0,69.0,1,49,50,180,13107,0,0,0,0.0,0.0,0.0,0.0,1.3251686310886903e+31,65.0,0.0,-4.8712731491053024e+20,0.0,646,0,690,0,0,0,720,0,793,0,711,0,690,0,645,0,643,0,614,0.032,41943040.0,-0.0,-0.0,43024,16787,1.3251686310886903e+31,-4.8712731491053024e+20,0.0,-953150912.0,113941271281664.0,0.0,29.0,60.0,70,0.0,0.0,0.0,0.0,0.0,0.0,0.0,0.0,0.0,0.0,0.0,0.0,0.0,0.0,0.0,0.0,59.6,69,11,65508,41,65476,0,300,0,0,8,20529,65476,0,0,61604,60.0,0.0,0.0,0.0,0.0,0.0
2026-04-04T11:04:17,ERR,ERR,ERR,ERR,ERR,ERR,ERR,ERR,ERR,ERR,ERR,ERR,ERR,ERR,ERR,ERR,ERR,ERR,ERR,ERR,ERR,ERR,ERR,ERR,ERR,ERR,ERR,ERR,ERR,ERR,ERR,ERR,ERR,ERR,ERR,ERR,ERR,ERR,ERR,ERR,ERR,ERR,ERR,ERR,ERR,ERR,ERR,ERR,ERR,ERR,ERR,ERR,ERR,ERR,ERR,ERR,ERR,ERR,ERR,ERR,ERR,ERR,ERR,ERR,ERR,ERR,ERR,ERR,ERR,ERR,ERR,ERR,ERR,ERR,ERR,ERR,ERR,ERR,ERR,ERR,ERR,ERR,ERR,ERR,ERR,ERR,ERR,ERR,ERR,ERR,ERR,ERR,ERR,ERR,ERR,ERR,ERR,ERR,ERR,ERR,ERR,ERR,ERR,ERR,ERR,ERR,ERR,ERR,ERR,ERR,ERR,ERR,ERR,ERR,ERR,ERR,ERR,ERR,ERR,ERR,ERR,ERR,ERR,ERR,ERR,-0.0,0.0,3.039990997430017e+23,0.0,0.0,0.0,0.0,nan,0,0,0,32768,0,0.0,0,0.0,0.0,0.0,0.0,0.0,0,0,0,0,0.0,0,0,0,0,0,0,0,0,0,0,0,0,0,0,0,0,0,0,0,0,0,0,0,0,0,0,0,0,0,0,0,0,0,0,0,0,0,0,0,0,0,0,0,0,0.0,0.0,0.0,0.0,0.0,0.0,0.0,0.0,0.0,0.0,0.0,0.0,0.0,0.0,0.0,0.0,0.0,0.0,0.0,0.0,0.0,0.0,2.004,0.0,-0.0,0.0,0.0,0.0,0.0,0.0,3402.5,-2.004,0.0,-0.0,0.0,2.7184274988523002e+23,0.0,0.0,0.0,0.0,0.0,0,152018253512704.0,0.0,0.0,0.0,0.0,0.0,0.0,0.0,0.0,0,0,0,0.0,0.0,0.0,0.0,0.0,0.0,0.0,0.0,0.0,0.0,0.0,0.0,0.0,0.0,0.0,0.0,0,-107875648.0,0,0.0,0,-107875648.0,-107877712.0,0,0,17040,39322,17054,13107,17038,0,0,0,110,100,100,-0.0,64.0,0.0,64.5,0.0,69.0,1,49,50,180,13107,0,0,0,0.0,0.0,0.0,0.0,1.3251686310886903e+31,65.0,0.0,-4.8712731491053024e+20,0.0,646,0,690,0,0,0,720,0,793,0,711,0,690,0,645,0,643,0,614,0.032,41943040.0,-0.0,-0.0,43024,16787,1.3251686310886903e+31,-4.8712731491053024e+20,0.0,-953150912.0,113941271281664.0,0.0,29.0,60.0,70,0.0,0.0,0.0,0.0,0.0,0.0,0.0,0.0,0.0,0.0,0.0,0.0,0.0,0.0,0.0,0.0,59.6,69,11,65508,41,65476,0,300,0,0,8,20529,65476,0,0,61604,60.0,0.0,0.0,0.0,0.0,0.0
2026-04-04T11:04:18,ERR,ERR,ERR,ERR,ERR,ERR,ERR,ERR,ERR,ERR,ERR,ERR,ERR,ERR,ERR,ERR,ERR,ERR,ERR,ERR,ERR,ERR,ERR,ERR,ERR,ERR,ERR,ERR,ERR,ERR,ERR,ERR,ERR,ERR,ERR,ERR,ERR,ERR,ERR,ERR,ERR,ERR,ERR,ERR,ERR,ERR,ERR,ERR,ERR,ERR,ERR,ERR,ERR,ERR,ERR,ERR,ERR,ERR,ERR,ERR,ERR,ERR,ERR,ERR,ERR,ERR,ERR,ERR,ERR,ERR,ERR,ERR,ERR,ERR,ERR,ERR,ERR,ERR,ERR,ERR,ERR,ERR,ERR,ERR,ERR,ERR,ERR,ERR,ERR,ERR,ERR,ERR,ERR,ERR,ERR,ERR,ERR,ERR,ERR,ERR,ERR,ERR,ERR,ERR,ERR,ERR,ERR,ERR,ERR,ERR,ERR,ERR,ERR,ERR,ERR,ERR,ERR,ERR,ERR,ERR,ERR,ERR,ERR,ERR,ERR,-0.0,0.0,3.039990997430017e+23,0.0,0.0,0.0,0.0,nan,0,0,0,32768,0,0.0,0,0.0,0.0,0.0,0.0,0.0,0,0,0,0,0.0,0,0,0,0,0,0,0,0,0,0,0,0,0,0,0,0,0,0,0,0,0,0,0,0,0,0,0,0,0,0,0,0,0,0,0,0,0,0,0,0,0,0,0,0,0.0,0.0,0.0,0.0,0.0,0.0,0.0,0.0,0.0,0.0,0.0,0.0,0.0,0.0,0.0,0.0,0.0,0.0,0.0,0.0,0.0,0.0,2.004,0.0,-0.0,0.0,0.0,0.0,0.0,0.0,3402.5,-2.004,0.0,-0.0,0.0,2.7184274988523002e+23,0.0,0.0,0.0,0.0,0.0,0,152018253512704.0,0.0,0.0,0.0,0.0,0.0,0.0,0.0,0.0,0,0,0,0.0,0.0,0.0,0.0,0.0,0.0,0.0,0.0,0.0,0.0,0.0,0.0,0.0,0.0,0.0,0.0,0,-107875648.0,0,0.0,0,-107875648.0,-107877712.0,0,0,17040,39322,17054,13107,17038,0,0,0,110,100,100,-0.0,64.0,0.0,64.5,0.0,69.0,1,49,50,180,13107,0,0,0,0.0,0.0,0.0,0.0,1.3251686310886903e+31,65.0,0.0,-4.8712731491053024e+20,0.0,646,0,690,0,0,0,720,0,793,0,711,0,690,0,645,0,643,0,614,0.032,41943040.0,-0.0,-0.0,43024,16787,1.3251686310886903e+31,-4.8712731491053024e+20,0.0,-953150912.0,113941271281664.0,0.0,29.0,60.0,70,0.0,0.0,0.0,0.0,0.0,0.0,0.0,0.0,0.0,0.0,0.0,0.0,0.0,0.0,0.0,0.0,59.6,69,11,65508,41,65476,0,300,0,0,8,20529,65476,0,0,61604,60.0,0.0,0.0,0.0,0.0,0.0
2026-04-04T11:04:19,ERR,ERR,ERR,ERR,ERR,ERR,ERR,ERR,ERR,ERR,ERR,ERR,ERR,ERR,ERR,ERR,ERR,ERR,ERR,ERR,ERR,ERR,ERR,ERR,ERR,ERR,ERR,ERR,ERR,ERR,ERR,ERR,ERR,ERR,ERR,ERR,ERR,ERR,ERR,ERR,ERR,ERR,ERR,ERR,ERR,ERR,ERR,ERR,ERR,ERR,ERR,ERR,ERR,ERR,ERR,ERR,ERR,ERR,ERR,ERR,ERR,ERR,ERR,ERR,ERR,ERR,ERR,ERR,ERR,ERR,ERR,ERR,ERR,ERR,ERR,ERR,ERR,ERR,ERR,ERR,ERR,ERR,ERR,ERR,ERR,ERR,ERR,ERR,ERR,ERR,ERR,ERR,ERR,ERR,ERR,ERR,ERR,ERR,ERR,ERR,ERR,ERR,ERR,ERR,ERR,ERR,ERR,ERR,ERR,ERR,ERR,ERR,ERR,ERR,ERR,ERR,ERR,ERR,ERR,ERR,ERR,ERR,ERR,ERR,ERR,-0.0,0.0,3.039990997430017e+23,0.0,0.0,0.0,0.0,nan,0,0,0,32768,0,0.0,0,0.0,0.0,0.0,0.0,0.0,0,0,0,0,0.0,0,0,0,0,0,0,0,0,0,0,0,0,0,0,0,0,0,0,0,0,0,0,0,0,0,0,0,0,0,0,0,0,0,0,0,0,0,0,0,0,0,0,0,0,0.0,0.0,0.0,0.0,0.0,0.0,0.0,0.0,0.0,0.0,0.0,0.0,0.0,0.0,0.0,0.0,0.0,0.0,0.0,0.0,0.0,0.0,2.004,0.0,-0.0,0.0,0.0,0.0,0.0,0.0,3402.5,-2.004,0.0,-0.0,0.0,2.7184274988523002e+23,0.0,0.0,0.0,0.0,0.0,0,152018253512704.0,0.0,0.0,0.0,0.0,0.0,0.0,0.0,0.0,0,0,0,0.0,0.0,0.0,0.0,0.0,0.0,0.0,0.0,0.0,0.0,0.0,0.0,0.0,0.0,0.0,0.0,0,-107875648.0,0,0.0,0,-107875648.0,-107877712.0,0,0,17040,39322,17054,13107,17038,0,0,0,110,100,100,-0.0,64.0,0.0,64.5,0.0,69.0,1,49,50,180,13107,0,0,0,0.0,0.0,0.0,0.0,1.3251686310886903e+31,65.0,0.0,-4.8712731491053024e+20,0.0,646,0,690,0,0,0,720,0,793,0,711,0,690,0,645,0,643,0,614,0.032,41943040.0,-0.0,-0.0,43024,16787,1.3251686310886903e+31,-4.8712731491053024e+20,0.0,-953150912.0,113941271281664.0,0.0,29.0,60.0,70,0.0,0.0,0.0,0.0,0.0,0.0,0.0,0.0,0.0,0.0,0.0,0.0,0.0,0.0,0.0,0.0,59.6,69,11,65508,41,65476,0,300,0,0,8,20529,65476,0,0,61604,60.0,0.0,0.0,0.0,0.0,0.0
2026-04-04T11:04:20,ERR,ERR,ERR,ERR,ERR,ERR,ERR,ERR,ERR,ERR,ERR,ERR,ERR,ERR,ERR,ERR,ERR,ERR,ERR,ERR,ERR,ERR,ERR,ERR,ERR,ERR,ERR,ERR,ERR,ERR,ERR,ERR,ERR,ERR,ERR,ERR,ERR,ERR,ERR,ERR,ERR,ERR,ERR,ERR,ERR,ERR,ERR,ERR,ERR,ERR,ERR,ERR,ERR,ERR,ERR,ERR,ERR,ERR,ERR,ERR,ERR,ERR,ERR,ERR,ERR,ERR,ERR,ERR,ERR,ERR,ERR,ERR,ERR,ERR,ERR,ERR,ERR,ERR,ERR,ERR,ERR,ERR,ERR,ERR,ERR,ERR,ERR,ERR,ERR,ERR,ERR,ERR,ERR,ERR,ERR,ERR,ERR,ERR,ERR,ERR,ERR,ERR,ERR,ERR,ERR,ERR,ERR,ERR,ERR,ERR,ERR,ERR,ERR,ERR,ERR,ERR,ERR,ERR,ERR,ERR,ERR,ERR,ERR,ERR,ERR,-0.0,0.0,3.039990997430017e+23,0.0,0.0,0.0,0.0,nan,0,0,0,32768,0,0.0,0,0.0,0.0,0.0,0.0,0.0,0,0,0,0,0.0,0,0,0,0,0,0,0,0,0,0,0,0,0,0,0,0,0,0,0,0,0,0,0,0,0,0,0,0,0,0,0,0,0,0,0,0,0,0,0,0,0,0,0,0,0.0,0.0,0.0,0.0,0.0,0.0,0.0,0.0,0.0,0.0,0.0,0.0,0.0,0.0,0.0,0.0,0.0,0.0,0.0,0.0,0.0,0.0,2.004,0.0,-0.0,0.0,0.0,0.0,0.0,0.0,3402.5,-2.004,0.0,-0.0,0.0,2.7184274988523002e+23,0.0,0.0,0.0,0.0,0.0,0,152018253512704.0,0.0,0.0,0.0,0.0,0.0,0.0,0.0,0.0,0,0,0,0.0,0.0,0.0,0.0,0.0,0.0,0.0,0.0,0.0,0.0,0.0,0.0,0.0,0.0,0.0,0.0,0,-107875648.0,0,0.0,0,-107875648.0,-107877712.0,0,0,17040,39322,17054,13107,17038,0,0,0,110,100,100,-0.0,64.0,0.0,64.5,0.0,69.0,1,49,50,180,13107,0,0,0,0.0,0.0,0.0,0.0,1.3251686310886903e+31,65.0,0.0,-4.8712731491053024e+20,0.0,646,0,690,0,0,0,720,0,793,0,711,0,690,0,645,0,643,0,614,0.032,41943040.0,-0.0,-0.0,43024,16787,1.3251686310886903e+31,-4.8712731491053024e+20,0.0,-953150912.0,113941271281664.0,0.0,29.0,60.0,70,0.0,0.0,0.0,0.0,0.0,0.0,0.0,0.0,0.0,0.0,0.0,0.0,0.0,0.0,0.0,0.0,59.6,69,11,65508,41,65476,0,300,0,0,8,20529,65476,0,0,61604,60.0,0.0,0.0,0.0,0.0,0.0
2026-04-04T11:04:21,ERR,ERR,ERR,ERR,ERR,ERR,ERR,ERR,ERR,ERR,ERR,ERR,ERR,ERR,ERR,ERR,ERR,ERR,ERR,ERR,ERR,ERR,ERR,ERR,ERR,ERR,ERR,ERR,ERR,ERR,ERR,ERR,ERR,ERR,ERR,ERR,ERR,ERR,ERR,ERR,ERR,ERR,ERR,ERR,ERR,ERR,ERR,ERR,ERR,ERR,ERR,ERR,ERR,ERR,ERR,ERR,ERR,ERR,ERR,ERR,ERR,ERR,ERR,ERR,ERR,ERR,ERR,ERR,ERR,ERR,ERR,ERR,ERR,ERR,ERR,ERR,ERR,ERR,ERR,ERR,ERR,ERR,ERR,ERR,ERR,ERR,ERR,ERR,ERR,ERR,ERR,ERR,ERR,ERR,ERR,ERR,ERR,ERR,ERR,ERR,ERR,ERR,ERR,ERR,ERR,ERR,ERR,ERR,ERR,ERR,ERR,ERR,ERR,ERR,ERR,ERR,ERR,ERR,ERR,ERR,ERR,ERR,ERR,ERR,ERR,-0.0,0.0,3.039990997430017e+23,0.0,0.0,0.0,0.0,nan,0,0,0,32768,0,0.0,0,0.0,0.0,0.0,0.0,0.0,0,0,0,0,0.0,0,0,0,0,0,0,0,0,0,0,0,0,0,0,0,0,0,0,0,0,0,0,0,0,0,0,0,0,0,0,0,0,0,0,0,0,0,0,0,0,0,0,0,0,0.0,0.0,0.0,0.0,0.0,0.0,0.0,0.0,0.0,0.0,0.0,0.0,0.0,0.0,0.0,0.0,0.0,0.0,0.0,0.0,0.0,0.0,2.004,0.0,-0.0,0.0,0.0,0.0,0.0,0.0,3402.5,-2.004,0.0,-0.0,0.0,2.7184274988523002e+23,0.0,0.0,0.0,0.0,0.0,0,152018253512704.0,0.0,0.0,0.0,0.0,0.0,0.0,0.0,0.0,0,0,0,0.0,0.0,0.0,0.0,0.0,0.0,0.0,0.0,0.0,0.0,0.0,0.0,0.0,0.0,0.0,0.0,0,-107875648.0,0,0.0,0,-107875648.0,-107877712.0,0,0,17040,39322,17054,13107,17038,0,0,0,110,100,100,-0.0,64.0,0.0,64.5,0.0,69.0,1,49,50,180,13107,0,0,0,0.0,0.0,0.0,0.0,2.5059213674111364e+23,65.0,0.0,-4.8712731491053024e+20,0.0,646,0,690,0,0,0,720,0,793,0,711,0,690,0,645,0,643,0,614,0.032,51642368.0,-0.0,-0.0,58512,16787,1.3251686310886903e+31,-4.8712731491053024e+20,0.0,-953150912.0,113941271281664.0,0.0,29.0,60.0,70,0.0,0.0,0.0,0.0,0.0,0.0,0.0,0.0,0.0,0.0,0.0,0.0,0.0,0.0,0.0,0.0,59.2,69,11,65508,41,65476,0,300,0,0,8,20529,65476,0,0,61604,60.0,0.0,0.0,0.0,0.0,0.0
2026-04-04T11:04:22,ERR,ERR,ERR,ERR,ERR,ERR,ERR,ERR,ERR,ERR,ERR,ERR,ERR,ERR,ERR,ERR,ERR,ERR,ERR,ERR,ERR,ERR,ERR,ERR,ERR,ERR,ERR,ERR,ERR,ERR,ERR,ERR,ERR,ERR,ERR,ERR,ERR,ERR,ERR,ERR,ERR,ERR,ERR,ERR,ERR,ERR,ERR,ERR,ERR,ERR,ERR,ERR,ERR,ERR,ERR,ERR,ERR,ERR,ERR,ERR,ERR,ERR,ERR,ERR,ERR,ERR,ERR,ERR,ERR,ERR,ERR,ERR,ERR,ERR,ERR,ERR,ERR,ERR,ERR,ERR,ERR,ERR,ERR,ERR,ERR,ERR,ERR,ERR,ERR,ERR,ERR,ERR,ERR,ERR,ERR,ERR,ERR,ERR,ERR,ERR,ERR,ERR,ERR,ERR,ERR,ERR,ERR,ERR,ERR,ERR,ERR,ERR,ERR,ERR,ERR,ERR,ERR,ERR,ERR,ERR,ERR,ERR,ERR,ERR,ERR,-0.0,0.0,3.039990997430017e+23,0.0,0.0,0.0,0.0,nan,0,0,0,32768,0,0.0,0,0.0,0.0,0.0,0.0,0.0,0,0,0,0,0.0,0,0,0,0,0,0,0,0,0,0,0,0,0,0,0,0,0,0,0,0,0,0,0,0,0,0,0,0,0,0,0,0,0,0,0,0,0,0,0,0,0,0,0,0,0.0,0.0,0.0,0.0,0.0,0.0,0.0,0.0,0.0,0.0,0.0,0.0,0.0,0.0,0.0,0.0,0.0,0.0,0.0,0.0,0.0,0.0,2.004,0.0,-2.004,0.0,0.0,0.0,0.0,0.0,3404.0,-8608108544.0,0.0,-0.0,0.0,2.7184274988523002e+23,0.0,0.0,0.0,0.0,0.0,0,1.9056958870913024e+17,0.0,0.0,0.0,0.0,0.0,0.0,0.0,0.0,0,0,0,0.0,0.0,0.0,0.0,0.0,0.0,0.0,0.0,0.0,0.0,0.0,0.0,0.0,0.0,0.0,0.0,0,-107875648.0,0,0.0,0,-107875648.0,-0.0,0,0,17040,39322,17054,13107,17038,0,0,0,110,100,100,-0.0,64.0,0.0,64.5,0.0,69.0,1,49,50,180,13107,0,0,0,0.0,0.0,0.0,0.0,2.5059213674111364e+23,65.0,0.0,-4.8712731491053024e+20,0.0,646,0,690,0,0,0,720,0,793,0,711,0,690,0,645,0,643,0,614,0.032,51642368.0,-0.0,-0.0,58512,16787,1.3251686310886903e+31,-4.8712731491053024e+20,0.0,-953150912.0,113941271281664.0,0.0,29.0,60.0,70,0.0,0.0,0.0,0.0,0.0,0.0,0.0,0.0,0.0,0.0,0.0,0.0,0.0,0.0,0.0,0.0,59.2,69,11,65508,41,65476,0,300,0,0,8,20529,65476,0,0,61604,60.0,0.0,0.0,0.0,0.0,0.0
2026-04-04T11:04:23,ERR,ERR,ERR,ERR,ERR,ERR,ERR,ERR,ERR,ERR,ERR,ERR,ERR,ERR,ERR,ERR,ERR,ERR,ERR,ERR,ERR,ERR,ERR,ERR,ERR,ERR,ERR,ERR,ERR,ERR,ERR,ERR,ERR,ERR,ERR,ERR,ERR,ERR,ERR,ERR,ERR,ERR,ERR,ERR,ERR,ERR,ERR,ERR,ERR,ERR,ERR,ERR,ERR,ERR,ERR,ERR,ERR,ERR,ERR,ERR,ERR,ERR,ERR,ERR,ERR,ERR,ERR,ERR,ERR,ERR,ERR,ERR,ERR,ERR,ERR,ERR,ERR,ERR,ERR,ERR,ERR,ERR,ERR,ERR,ERR,ERR,ERR,ERR,ERR,ERR,ERR,ERR,ERR,ERR,ERR,ERR,ERR,ERR,ERR,ERR,ERR,ERR,ERR,ERR,ERR,ERR,ERR,ERR,ERR,ERR,ERR,ERR,ERR,ERR,ERR,ERR,ERR,ERR,ERR,ERR,ERR,ERR,ERR,ERR,ERR,-0.0,0.0,3.039990997430017e+23,0.0,0.0,0.0,0.0,nan,0,0,0,32768,0,0.0,0,0.0,0.0,0.0,0.0,0.0,0,0,0,0,0.0,0,0,0,0,0,0,0,0,0,0,0,0,0,0,0,0,0,0,0,0,0,0,0,0,0,0,0,0,0,0,0,0,0,0,0,0,0,0,0,0,0,0,0,0,0.0,0.0,0.0,0.0,0.0,0.0,0.0,0.0,0.0,0.0,0.0,0.0,0.0,0.0,0.0,0.0,0.0,0.0,0.0,0.0,0.0,0.0,2.004,0.0,-2.004,0.0,0.0,0.0,0.0,0.0,3404.0,-8608108544.0,0.0,-0.0,0.0,2.7184274988523002e+23,0.0,0.0,0.0,0.0,0.0,0,1.9056958870913024e+17,0.0,0.0,0.0,0.0,0.0,0.0,0.0,0.0,0,0,0,0.0,0.0,0.0,0.0,0.0,0.0,0.0,0.0,0.0,0.0,0.0,0.0,0.0,0.0,0.0,0.0,0,-107875648.0,0,0.0,0,-107875648.0,-0.0,0,0,17040,39322,17054,13107,17038,0,0,0,110,100,100,-0.0,64.0,0.0,64.5,0.0,69.0,1,49,50,180,13107,0,0,0,0.0,0.0,0.0,0.0,2.5059213674111364e+23,65.0,0.0,-4.8712731491053024e+20,0.0,646,0,690,0,0,0,720,0,793,0,711,0,690,0,645,0,643,0,614,0.032,51642368.0,-0.0,-0.0,58512,16787,1.3251686310886903e+31,-4.8712731491053024e+20,0.0,-953150912.0,113941271281664.0,0.0,29.0,60.0,70,0.0,0.0,0.0,0.0,0.0,0.0,0.0,0.0,0.0,0.0,0.0,0.0,0.0,0.0,0.0,0.0,59.2,69,11,65508,41,65476,0,300,0,0,8,20529,65476,0,0,61604,60.0,0.0,0.0,0.0,0.0,0.0
2026-04-04T11:04:24,ERR,ERR,ERR,ERR,ERR,ERR,ERR,ERR,ERR,ERR,ERR,ERR,ERR,ERR,ERR,ERR,ERR,ERR,ERR,ERR,ERR,ERR,ERR,ERR,ERR,ERR,ERR,ERR,ERR,ERR,ERR,ERR,ERR,ERR,ERR,ERR,ERR,ERR,ERR,ERR,ERR,ERR,ERR,ERR,ERR,ERR,ERR,ERR,ERR,ERR,ERR,ERR,ERR,ERR,ERR,ERR,ERR,ERR,ERR,ERR,ERR,ERR,ERR,ERR,ERR,ERR,ERR,ERR,ERR,ERR,ERR,ERR,ERR,ERR,ERR,ERR,ERR,ERR,ERR,ERR,ERR,ERR,ERR,ERR,ERR,ERR,ERR,ERR,ERR,ERR,ERR,ERR,ERR,ERR,ERR,ERR,ERR,ERR,ERR,ERR,ERR,ERR,ERR,ERR,ERR,ERR,ERR,ERR,ERR,ERR,ERR,ERR,ERR,ERR,ERR,ERR,ERR,ERR,ERR,ERR,ERR,ERR,ERR,ERR,ERR,-0.0,0.0,3.039990997430017e+23,0.0,0.0,0.0,0.0,nan,0,0,0,32768,0,0.0,0,0.0,0.0,0.0,0.0,0.0,0,0,0,0,0.0,0,0,0,0,0,0,0,0,0,0,0,0,0,0,0,0,0,0,0,0,0,0,0,0,0,0,0,0,0,0,0,0,0,0,0,0,0,0,0,0,0,0,0,0,0.0,0.0,0.0,0.0,0.0,0.0,0.0,0.0,0.0,0.0,0.0,0.0,0.0,0.0,0.0,0.0,0.0,0.0,0.0,0.0,0.0,0.0,2.004,0.0,-2.004,0.0,0.0,0.0,0.0,0.0,3404.0,-8608108544.0,0.0,-0.0,0.0,2.7184274988523002e+23,0.0,0.0,0.0,0.0,0.0,0,1.9056958870913024e+17,0.0,0.0,0.0,0.0,0.0,0.0,0.0,0.0,0,0,0,0.0,0.0,0.0,0.0,0.0,0.0,0.0,0.0,0.0,0.0,0.0,0.0,0.0,0.0,0.0,0.0,0,-107875648.0,0,0.0,0,-107875648.0,-0.0,0,0,17040,39322,17054,13107,17038,0,0,0,110,100,100,-0.0,64.0,0.0,64.5,0.0,69.0,1,49,50,180,13107,0,0,0,0.0,0.0,0.0,0.0,2.5059213674111364e+23,65.0,0.0,-4.8712731491053024e+20,0.0,646,0,690,0,0,0,720,0,793,0,711,0,690,0,645,0,643,0,614,0.032,51642368.0,-0.0,-0.0,58512,16787,1.3251686310886903e+31,-4.8712731491053024e+20,0.0,-953150912.0,113941271281664.0,0.0,29.0,60.0,70,0.0,0.0,0.0,0.0,0.0,0.0,0.0,0.0,0.0,0.0,0.0,0.0,0.0,0.0,0.0,0.0,59.2,69,11,65508,41,65476,0,300,0,0,8,20529,65476,0,0,61604,60.0,0.0,0.0,0.0,0.0,0.0
2026-04-04T11:04:25,ERR,ERR,ERR,ERR,ERR,ERR,ERR,ERR,ERR,ERR,ERR,ERR,ERR,ERR,ERR,ERR,ERR,ERR,ERR,ERR,ERR,ERR,ERR,ERR,ERR,ERR,ERR,ERR,ERR,ERR,ERR,ERR,ERR,ERR,ERR,ERR,ERR,ERR,ERR,ERR,ERR,ERR,ERR,ERR,ERR,ERR,ERR,ERR,ERR,ERR,ERR,ERR,ERR,ERR,ERR,ERR,ERR,ERR,ERR,ERR,ERR,ERR,ERR,ERR,ERR,ERR,ERR,ERR,ERR,ERR,ERR,ERR,ERR,ERR,ERR,ERR,ERR,ERR,ERR,ERR,ERR,ERR,ERR,ERR,ERR,ERR,ERR,ERR,ERR,ERR,ERR,ERR,ERR,ERR,ERR,ERR,ERR,ERR,ERR,ERR,ERR,ERR,ERR,ERR,ERR,ERR,ERR,ERR,ERR,ERR,ERR,ERR,ERR,ERR,ERR,ERR,ERR,ERR,ERR,ERR,ERR,ERR,ERR,ERR,ERR,-0.0,0.0,3.039990997430017e+23,0.0,0.0,0.0,0.0,nan,0,0,0,32768,0,0.0,0,0.0,0.0,0.0,0.0,0.0,0,0,0,0,0.0,0,0,0,0,0,0,0,0,0,0,0,0,0,0,0,0,0,0,0,0,0,0,0,0,0,0,0,0,0,0,0,0,0,0,0,0,0,0,0,0,0,0,0,0,0.0,0.0,0.0,0.0,0.0,0.0,0.0,0.0,0.0,0.0,0.0,0.0,0.0,0.0,0.0,0.0,0.0,0.0,0.0,0.0,0.0,0.0,2.004,0.0,-2.004,0.0,0.0,0.0,0.0,0.0,3404.0,-8608108544.0,0.0,-0.0,0.0,2.7184274988523002e+23,0.0,0.0,0.0,0.0,0.0,0,1.9056958870913024e+17,0.0,0.0,0.0,0.0,0.0,0.0,0.0,0.0,0,0,0,0.0,0.0,0.0,0.0,0.0,0.0,0.0,0.0,0.0,0.0,0.0,0.0,0.0,0.0,0.0,0.0,0,-107875648.0,0,0.0,0,-107875648.0,-0.0,0,0,17040,39322,17054,13107,17038,0,0,0,110,100,100,-0.0,64.0,0.0,64.5,0.0,69.0,1,49,50,180,13107,0,0,0,0.0,0.0,0.0,0.0,2.5059213674111364e+23,65.0,0.0,-4.8712731491053024e+20,0.0,646,0,690,0,0,0,720,0,793,0,711,0,690,0,645,0,643,0,614,0.032,51642368.0,-0.0,-0.0,58512,16787,1.3251686310886903e+31,-4.8712731491053024e+20,0.0,-953150912.0,113941271281664.0,0.0,29.0,60.0,70,0.0,0.0,0.0,0.0,0.0,0.0,0.0,0.0,0.0,0.0,0.0,0.0,0.0,0.0,0.0,0.0,59.2,69,11,65508,41,65476,0,300,0,0,8,20529,65476,0,0,61604,60.0,0.0,0.0,0.0,0.0,0.0
2026-04-04T11:04:26,ERR,ERR,ERR,ERR,ERR,ERR,ERR,ERR,ERR,ERR,ERR,ERR,ERR,ERR,ERR,ERR,ERR,ERR,ERR,ERR,ERR,ERR,ERR,ERR,ERR,ERR,ERR,ERR,ERR,ERR,ERR,ERR,ERR,ERR,ERR,ERR,ERR,ERR,ERR,ERR,ERR,ERR,ERR,ERR,ERR,ERR,ERR,ERR,ERR,ERR,ERR,ERR,ERR,ERR,ERR,ERR,ERR,ERR,ERR,ERR,ERR,ERR,ERR,ERR,ERR,ERR,ERR,ERR,ERR,ERR,ERR,ERR,ERR,ERR,ERR,ERR,ERR,ERR,ERR,ERR,ERR,ERR,ERR,ERR,ERR,ERR,ERR,ERR,ERR,ERR,ERR,ERR,ERR,ERR,ERR,ERR,ERR,ERR,ERR,ERR,ERR,ERR,ERR,ERR,ERR,ERR,ERR,ERR,ERR,ERR,ERR,ERR,ERR,ERR,ERR,ERR,ERR,ERR,ERR,ERR,ERR,ERR,ERR,ERR,ERR,-0.0,0.0,3.039990997430017e+23,0.0,0.0,0.0,0.0,nan,0,0,0,32768,0,0.0,0,0.0,0.0,0.0,0.0,0.0,0,0,0,0,0.0,0,0,0,0,0,0,0,0,0,0,0,0,0,0,0,0,0,0,0,0,0,0,0,0,0,0,0,0,0,0,0,0,0,0,0,0,0,0,0,0,0,0,0,0,0.0,0.0,0.0,0.0,0.0,0.0,0.0,0.0,0.0,0.0,0.0,0.0,0.0,0.0,0.0,0.0,0.0,0.0,0.0,0.0,0.0,0.0,2.004,0.0,-2.004,0.0,0.0,0.0,0.0,0.0,3404.0,-8608108544.0,0.0,-0.0,0.0,2.7184274988523002e+23,0.0,0.0,0.0,0.0,0.0,0,1.9056958870913024e+17,0.0,0.0,0.0,0.0,0.0,0.0,0.0,0.0,0,0,0,0.0,0.0,0.0,0.0,0.0,0.0,0.0,0.0,0.0,0.0,0.0,0.0,0.0,0.0,0.0,0.0,0,-107875648.0,0,0.0,0,-107875648.0,-0.0,0,0,17040,39322,17054,13107,17038,0,0,0,110,100,100,-0.0,64.0,0.0,64.5,0.0,69.0,1,49,50,180,13107,0,0,0,0.0,0.0,0.0,0.0,2.5059213674111364e+23,65.0,0.0,-4.8712731491053024e+20,0.0,646,0,690,0,0,0,720,0,793,0,711,0,690,0,645,0,643,0,614,0.032,51642368.0,-0.0,-0.0,58512,16787,1.3251686310886903e+31,-4.8712731491053024e+20,0.0,-953150912.0,113941271281664.0,0.0,29.0,60.0,70,0.0,0.0,0.0,0.0,0.0,0.0,0.0,0.0,0.0,0.0,0.0,0.0,0.0,0.0,0.0,0.0,59.2,69,11,65508,41,65476,0,300,0,0,8,20529,65476,0,0,61604,60.0,0.0,0.0,0.0,0.0,0.0
2026-04-04T11:04:27,ERR,ERR,ERR,ERR,ERR,ERR,ERR,ERR,ERR,ERR,ERR,ERR,ERR,ERR,ERR,ERR,ERR,ERR,ERR,ERR,ERR,ERR,ERR,ERR,ERR,ERR,ERR,ERR,ERR,ERR,ERR,ERR,ERR,ERR,ERR,ERR,ERR,ERR,ERR,ERR,ERR,ERR,ERR,ERR,ERR,ERR,ERR,ERR,ERR,ERR,ERR,ERR,ERR,ERR,ERR,ERR,ERR,ERR,ERR,ERR,ERR,ERR,ERR,ERR,ERR,ERR,ERR,ERR,ERR,ERR,ERR,ERR,ERR,ERR,ERR,ERR,ERR,ERR,ERR,ERR,ERR,ERR,ERR,ERR,ERR,ERR,ERR,ERR,ERR,ERR,ERR,ERR,ERR,ERR,ERR,ERR,ERR,ERR,ERR,ERR,ERR,ERR,ERR,ERR,ERR,ERR,ERR,ERR,ERR,ERR,ERR,ERR,ERR,ERR,ERR,ERR,ERR,ERR,ERR,ERR,ERR,ERR,ERR,ERR,ERR,-0.0,0.0,3.039990997430017e+23,0.0,0.0,0.0,0.0,nan,0,0,0,32768,0,0.0,0,0.0,0.0,0.0,0.0,0.0,0,0,0,0,0.0,0,0,0,0,0,0,0,0,0,0,0,0,0,0,0,0,0,0,0,0,0,0,0,0,0,0,0,0,0,0,0,0,0,0,0,0,0,0,0,0,0,0,0,0,0.0,0.0,0.0,0.0,0.0,0.0,0.0,0.0,0.0,0.0,0.0,0.0,0.0,0.0,0.0,0.0,0.0,0.0,0.0,0.0,0.0,0.0,2.004,0.0,-2.004,0.0,0.0,0.0,0.0,0.0,3404.0,-8608108544.0,0.0,-0.0,0.0,2.7184274988523002e+23,0.0,0.0,0.0,0.0,0.0,0,1.9056958870913024e+17,0.0,0.0,0.0,0.0,0.0,0.0,0.0,0.0,0,0,0,0.0,0.0,0.0,0.0,0.0,0.0,0.0,0.0,0.0,0.0,0.0,0.0,0.0,0.0,0.0,0.0,0,-107875648.0,0,0.0,0,-107875648.0,-0.0,0,0,17040,39322,17054,13107,17038,0,0,0,110,100,100,-0.0,64.0,0.0,64.5,0.0,69.0,1,49,50,180,13107,0,0,0,0.0,0.0,0.0,0.0,-0.0,65.0,0.0,-2.317003109234303e+23,0.0,646,0,690,0,0,0,720,0,793,0,711,0,690,0,645,0,643,0,614,0.032,55574528.0,-0.0,-0.0,53136,16787,-0.0,0.0,-0.0,-0.238,-0.0,6.29403184496131e+25,29.0,60.0,70,0.0,0.0,0.0,0.0,0.0,0.0,0.0,0.0,0.0,0.0,0.0,0.0,0.0,0.0,0.0,0.0,59.2,69,11,65508,41,65476,0,300,0,0,8,20529,65476,0,0,61604,60.0,0.0,0.0,0.0,0.0,0.0
2026-04-04T11:04:28,ERR,ERR,ERR,ERR,ERR,ERR,ERR,ERR,ERR,ERR,ERR,ERR,ERR,ERR,ERR,ERR,ERR,ERR,ERR,ERR,ERR,ERR,ERR,ERR,ERR,ERR,ERR,ERR,ERR,ERR,ERR,ERR,ERR,ERR,ERR,ERR,ERR,ERR,ERR,ERR,ERR,ERR,ERR,ERR,ERR,ERR,ERR,ERR,ERR,ERR,ERR,ERR,ERR,ERR,ERR,ERR,ERR,ERR,ERR,ERR,ERR,ERR,ERR,ERR,ERR,ERR,ERR,ERR,ERR,ERR,ERR,ERR,ERR,ERR,ERR,ERR,ERR,ERR,ERR,ERR,ERR,ERR,ERR,ERR,ERR,ERR,ERR,ERR,ERR,ERR,ERR,ERR,ERR,ERR,ERR,ERR,ERR,ERR,ERR,ERR,ERR,ERR,ERR,ERR,ERR,ERR,ERR,ERR,ERR,ERR,ERR,ERR,ERR,ERR,ERR,ERR,ERR,ERR,ERR,ERR,ERR,ERR,ERR,ERR,ERR,-0.0,0.0,3.039990997430017e+23,0.0,0.0,0.0,0.0,nan,0,0,0,32768,0,0.0,0,0.0,0.0,0.0,0.0,0.0,0,0,0,0,0.0,0,0,0,0,0,0,0,0,0,0,0,0,0,0,0,0,0,0,0,0,0,0,0,0,0,0,0,0,0,0,0,0,0,0,0,0,0,0,0,0,0,0,0,0,0.0,0.0,0.0,0.0,0.0,0.0,0.0,0.0,0.0,0.0,0.0,0.0,0.0,0.0,0.0,0.0,0.0,0.0,0.0,0.0,0.0,0.0,2.004,0.0,-2.004,0.0,0.0,0.0,0.0,0.0,3404.0,-8608108544.0,0.0,-0.0,0.0,2.7184274988523002e+23,0.0,0.0,0.0,0.0,0.0,0,1.9056958870913024e+17,0.0,0.0,0.0,0.0,0.0,0.0,0.0,0.0,0,0,0,0.0,0.0,0.0,0.0,0.0,0.0,0.0,0.0,0.0,0.0,0.0,0.0,0.0,0.0,0.0,0.0,0,-107875648.0,0,0.0,0,-107875648.0,-0.0,0,0,17040,39322,17054,13107,17038,0,0,0,110,100,100,-0.0,64.0,0.0,64.5,0.0,69.0,1,49,50,180,13107,0,0,0,0.0,0.0,0.0,0.0,-0.0,65.0,0.0,-2.317003109234303e+23,0.0,646,0,690,0,0,0,720,0,793,0,711,0,690,0,645,0,643,0,614,0.032,55574528.0,-0.0,-0.0,53136,16787,-0.0,0.0,-0.0,-0.238,-0.0,6.29403184496131e+25,29.0,60.0,70,0.0,0.0,0.0,0.0,0.0,0.0,0.0,0.0,0.0,0.0,0.0,0.0,0.0,0.0,0.0,0.0,59.2,69,11,65508,41,65476,0,300,0,0,8,20529,65476,0,0,61604,60.0,0.0,0.0,0.0,0.0,0.0
2026-04-04T11:04:29,ERR,ERR,ERR,ERR,ERR,ERR,ERR,ERR,ERR,ERR,ERR,ERR,ERR,ERR,ERR,ERR,ERR,ERR,ERR,ERR,ERR,ERR,ERR,ERR,ERR,ERR,ERR,ERR,ERR,ERR,ERR,ERR,ERR,ERR,ERR,ERR,ERR,ERR,ERR,ERR,ERR,ERR,ERR,ERR,ERR,ERR,ERR,ERR,ERR,ERR,ERR,ERR,ERR,ERR,ERR,ERR,ERR,ERR,ERR,ERR,ERR,ERR,ERR,ERR,ERR,ERR,ERR,ERR,ERR,ERR,ERR,ERR,ERR,ERR,ERR,ERR,ERR,ERR,ERR,ERR,ERR,ERR,ERR,ERR,ERR,ERR,ERR,ERR,ERR,ERR,ERR,ERR,ERR,ERR,ERR,ERR,ERR,ERR,ERR,ERR,ERR,ERR,ERR,ERR,ERR,ERR,ERR,ERR,ERR,ERR,ERR,ERR,ERR,ERR,ERR,ERR,ERR,ERR,ERR,ERR,ERR,ERR,ERR,ERR,ERR,-0.0,0.0,3.039990997430017e+23,0.0,0.0,0.0,0.0,nan,0,0,0,32768,0,0.0,0,0.0,0.0,0.0,0.0,0.0,0,0,0,0,0.0,0,0,0,0,0,0,0,0,0,0,0,0,0,0,0,0,0,0,0,0,0,0,0,0,0,0,0,0,0,0,0,0,0,0,0,0,0,0,0,0,0,0,0,0,0.0,0.0,0.0,0.0,0.0,0.0,0.0,0.0,0.0,0.0,0.0,0.0,0.0,0.0,0.0,0.0,0.0,0.0,0.0,0.0,0.0,0.0,2.004,0.0,-0.0,0.0,0.0,0.0,0.0,0.0,3417.0,0.0,0.0,-0.0,0.0,2.7184274988523002e+23,0.0,0.0,0.0,0.0,0.0,0,71.63,4.0668294794981616e+29,0.0,0.0,0.0,0.0,0.0,0.0,0.0,0,0,0,0.0,0.0,0.0,0.0,0.0,0.0,0.0,0.0,0.0,0.0,0.0,0.0,0.0,0.0,0.0,0.0,0,-107875648.0,0,0.0,0,-107875648.0,-0.0,0,0,17040,39322,17054,13107,17038,0,0,0,110,100,100,-0.0,64.0,0.0,64.5,0.0,69.0,1,49,50,180,13107,0,0,0,0.0,0.0,0.0,0.0,-0.0,65.0,0.0,-2.317003109234303e+23,0.0,646,0,690,0,0,0,720,0,793,0,711,0,690,0,645,0,643,0,614,0.032,55574528.0,-0.0,-0.0,53136,16787,-0.0,0.0,-0.0,-0.238,-0.0,6.29403184496131e+25,29.0,60.0,70,0.0,0.0,0.0,0.0,0.0,0.0,0.0,0.0,0.0,0.0,0.0,0.0,0.0,0.0,0.0,0.0,59.2,69,11,65508,41,65476,0,300,0,0,8,20529,65476,0,0,61604,60.0,0.0,0.0,0.0,0.0,0.0
2026-04-04T11:04:30,ERR,ERR,ERR,ERR,ERR,ERR,ERR,ERR,ERR,ERR,ERR,ERR,ERR,ERR,ERR,ERR,ERR,ERR,ERR,ERR,ERR,ERR,ERR,ERR,ERR,ERR,ERR,ERR,ERR,ERR,ERR,ERR,ERR,ERR,ERR,ERR,ERR,ERR,ERR,ERR,ERR,ERR,ERR,ERR,ERR,ERR,ERR,ERR,ERR,ERR,ERR,ERR,ERR,ERR,ERR,ERR,ERR,ERR,ERR,ERR,ERR,ERR,ERR,ERR,ERR,ERR,ERR,ERR,ERR,ERR,ERR,ERR,ERR,ERR,ERR,ERR,ERR,ERR,ERR,ERR,ERR,ERR,ERR,ERR,ERR,ERR,ERR,ERR,ERR,ERR,ERR,ERR,ERR,ERR,ERR,ERR,ERR,ERR,ERR,ERR,ERR,ERR,ERR,ERR,ERR,ERR,ERR,ERR,ERR,ERR,ERR,ERR,ERR,ERR,ERR,ERR,ERR,ERR,ERR,ERR,ERR,ERR,ERR,ERR,ERR,-0.0,0.0,3.039990997430017e+23,0.0,0.0,0.0,0.0,nan,0,0,0,32768,0,0.0,0,0.0,0.0,0.0,0.0,0.0,0,0,0,0,0.0,0,0,0,0,0,0,0,0,0,0,0,0,0,0,0,0,0,0,0,0,0,0,0,0,0,0,0,0,0,0,0,0,0,0,0,0,0,0,0,0,0,0,0,0,0.0,0.0,0.0,0.0,0.0,0.0,0.0,0.0,0.0,0.0,0.0,0.0,0.0,0.0,0.0,0.0,0.0,0.0,0.0,0.0,0.0,0.0,2.004,0.0,-0.0,0.0,0.0,0.0,0.0,0.0,3417.0,0.0,0.0,-0.0,0.0,2.7184274988523002e+23,0.0,0.0,0.0,0.0,0.0,0,71.63,4.0668294794981616e+29,0.0,0.0,0.0,0.0,0.0,0.0,0.0,0,0,0,0.0,0.0,0.0,0.0,0.0,0.0,0.0,0.0,0.0,0.0,0.0,0.0,0.0,0.0,0.0,0.0,0,-107875648.0,0,0.0,0,-107875648.0,-0.0,0,0,17040,39322,17054,13107,17038,0,0,0,110,100,100,-0.0,64.0,0.0,64.5,0.0,69.0,1,49,50,180,13107,0,0,0,0.0,0.0,0.0,0.0,-0.0,65.0,0.0,-2.317003109234303e+23,0.0,646,0,690,0,0,0,720,0,793,0,711,0,690,0,645,0,643,0,614,0.032,55574528.0,-0.0,-0.0,53136,16787,-0.0,0.0,-0.0,-0.238,-0.0,6.29403184496131e+25,29.0,60.0,70,0.0,0.0,0.0,0.0,0.0,0.0,0.0,0.0,0.0,0.0,0.0,0.0,0.0,0.0,0.0,0.0,59.2,69,11,65508,41,65476,0,300,0,0,8,20529,65476,0,0,61604,60.0,0.0,0.0,0.0,0.0,0.0
2026-04-04T11:04:31,ERR,ERR,ERR,ERR,ERR,ERR,ERR,ERR,ERR,ERR,ERR,ERR,ERR,ERR,ERR,ERR,ERR,ERR,ERR,ERR,ERR,ERR,ERR,ERR,ERR,ERR,ERR,ERR,ERR,ERR,ERR,ERR,ERR,ERR,ERR,ERR,ERR,ERR,ERR,ERR,ERR,ERR,ERR,ERR,ERR,ERR,ERR,ERR,ERR,ERR,ERR,ERR,ERR,ERR,ERR,ERR,ERR,ERR,ERR,ERR,ERR,ERR,ERR,ERR,ERR,ERR,ERR,ERR,ERR,ERR,ERR,ERR,ERR,ERR,ERR,ERR,ERR,ERR,ERR,ERR,ERR,ERR,ERR,ERR,ERR,ERR,ERR,ERR,ERR,ERR,ERR,ERR,ERR,ERR,ERR,ERR,ERR,ERR,ERR,ERR,ERR,ERR,ERR,ERR,ERR,ERR,ERR,ERR,ERR,ERR,ERR,ERR,ERR,ERR,ERR,ERR,ERR,ERR,ERR,ERR,ERR,ERR,ERR,ERR,ERR,-0.0,0.0,3.039990997430017e+23,0.0,0.0,0.0,0.0,nan,0,0,0,32768,0,0.0,0,0.0,0.0,0.0,0.0,0.0,0,0,0,0,0.0,0,0,0,0,0,0,0,0,0,0,0,0,0,0,0,0,0,0,0,0,0,0,0,0,0,0,0,0,0,0,0,0,0,0,0,0,0,0,0,0,0,0,0,0,0.0,0.0,0.0,0.0,0.0,0.0,0.0,0.0,0.0,0.0,0.0,0.0,0.0,0.0,0.0,0.0,0.0,0.0,0.0,0.0,0.0,0.0,2.004,0.0,-0.0,0.0,0.0,0.0,0.0,0.0,3417.0,0.0,0.0,-0.0,0.0,2.7184274988523002e+23,0.0,0.0,0.0,0.0,0.0,0,71.63,4.0668294794981616e+29,0.0,0.0,0.0,0.0,0.0,0.0,0.0,0,0,0,0.0,0.0,0.0,0.0,0.0,0.0,0.0,0.0,0.0,0.0,0.0,0.0,0.0,0.0,0.0,0.0,0,-107875648.0,0,0.0,0,-107875648.0,-0.0,0,0,17040,39322,17054,13107,17038,0,0,0,110,100,100,-0.0,64.0,0.0,64.5,0.0,69.0,1,49,50,180,13107,0,0,0,0.0,0.0,0.0,0.0,-0.0,65.0,0.0,-1.3393220488307168e+25,0.0,646,0,690,0,0,0,720,0,793,0,710,0,690,0,645,0,643,0,614,0.032,44826624.0,-0.0,-0.0,52112,16787,-0.0,-1.3393220488307168e+25,3.2998411542155155e+38,-0.0,-0.0,72156574646272.0,29.0,60.0,70,0.0,0.0,0.0,0.0,0.0,0.0,0.0,0.0,0.0,0.0,0.0,0.0,0.0,0.0,0.0,0.0,59.2,69,11,65508,41,65476,0,300,0,0,8,20529,65476,0,0,61604,60.0,0.0,0.0,0.0,0.0,0.0
2026-04-04T11:04:32,ERR,ERR,ERR,ERR,ERR,ERR,ERR,ERR,ERR,ERR,ERR,ERR,ERR,ERR,ERR,ERR,ERR,ERR,ERR,ERR,ERR,ERR,ERR,ERR,ERR,ERR,ERR,ERR,ERR,ERR,ERR,ERR,ERR,ERR,ERR,ERR,ERR,ERR,ERR,ERR,ERR,ERR,ERR,ERR,ERR,ERR,ERR,ERR,ERR,ERR,ERR,ERR,ERR,ERR,ERR,ERR,ERR,ERR,ERR,ERR,ERR,ERR,ERR,ERR,ERR,ERR,ERR,ERR,ERR,ERR,ERR,ERR,ERR,ERR,ERR,ERR,ERR,ERR,ERR,ERR,ERR,ERR,ERR,ERR,ERR,ERR,ERR,ERR,ERR,ERR,ERR,ERR,ERR,ERR,ERR,ERR,ERR,ERR,ERR,ERR,ERR,ERR,ERR,ERR,ERR,ERR,ERR,ERR,ERR,ERR,ERR,ERR,ERR,ERR,ERR,ERR,ERR,ERR,ERR,ERR,ERR,ERR,ERR,ERR,ERR,-0.0,0.0,3.039990997430017e+23,0.0,0.0,0.0,0.0,nan,0,0,0,32768,0,0.0,0,0.0,0.0,0.0,0.0,0.0,0,0,0,0,0.0,0,0,0,0,0,0,0,0,0,0,0,0,0,0,0,0,0,0,0,0,0,0,0,0,0,0,0,0,0,0,0,0,0,0,0,0,0,0,0,0,0,0,0,0,0.0,0.0,0.0,0.0,0.0,0.0,0.0,0.0,0.0,0.0,0.0,0.0,0.0,0.0,0.0,0.0,0.0,0.0,0.0,0.0,0.0,0.0,2.004,0.0,-0.0,0.0,0.0,0.0,0.0,0.0,3417.0,0.0,0.0,-0.0,0.0,2.7184274988523002e+23,0.0,0.0,0.0,0.0,0.0,0,71.63,4.0668294794981616e+29,0.0,0.0,0.0,0.0,0.0,0.0,0.0,0,0,0,0.0,0.0,0.0,0.0,0.0,0.0,0.0,0.0,0.0,0.0,0.0,0.0,0.0,0.0,0.0,0.0,0,-107875648.0,0,0.0,0,-107875648.0,-0.0,0,0,17040,39322,17054,13107,17038,0,0,0,110,100,100,-0.0,64.0,0.0,64.5,0.0,69.0,1,49,50,180,13107,0,0,0,0.0,0.0,0.0,0.0,-0.0,65.0,0.0,-1.3393220488307168e+25,0.0,646,0,690,0,0,0,720,0,793,0,710,0,690,0,645,0,643,0,614,0.032,44826624.0,-0.0,-0.0,52112,16787,-0.0,-1.3393220488307168e+25,3.2998411542155155e+38,-0.0,-0.0,72156574646272.0,29.0,60.0,70,0.0,0.0,0.0,0.0,0.0,0.0,0.0,0.0,0.0,0.0,0.0,0.0,0.0,0.0,0.0,0.0,59.2,69,11,65508,41,65476,0,300,0,0,8,20529,65476,0,0,61604,60.0,0.0,0.0,0.0,0.0,0.0
2026-04-04T11:04:33,ERR,ERR,ERR,ERR,ERR,ERR,ERR,ERR,ERR,ERR,ERR,ERR,ERR,ERR,ERR,ERR,ERR,ERR,ERR,ERR,ERR,ERR,ERR,ERR,ERR,ERR,ERR,ERR,ERR,ERR,ERR,ERR,ERR,ERR,ERR,ERR,ERR,ERR,ERR,ERR,ERR,ERR,ERR,ERR,ERR,ERR,ERR,ERR,ERR,ERR,ERR,ERR,ERR,ERR,ERR,ERR,ERR,ERR,ERR,ERR,ERR,ERR,ERR,ERR,ERR,ERR,ERR,ERR,ERR,ERR,ERR,ERR,ERR,ERR,ERR,ERR,ERR,ERR,ERR,ERR,ERR,ERR,ERR,ERR,ERR,ERR,ERR,ERR,ERR,ERR,ERR,ERR,ERR,ERR,ERR,ERR,ERR,ERR,ERR,ERR,ERR,ERR,ERR,ERR,ERR,ERR,ERR,ERR,ERR,ERR,ERR,ERR,ERR,ERR,ERR,ERR,ERR,ERR,ERR,ERR,ERR,ERR,ERR,ERR,ERR,-0.0,0.0,3.039990997430017e+23,0.0,0.0,0.0,0.0,nan,0,0,0,32768,0,0.0,0,0.0,0.0,0.0,0.0,0.0,0,0,0,0,0.0,0,0,0,0,0,0,0,0,0,0,0,0,0,0,0,0,0,0,0,0,0,0,0,0,0,0,0,0,0,0,0,0,0,0,0,0,0,0,0,0,0,0,0,0,0.0,0.0,0.0,0.0,0.0,0.0,0.0,0.0,0.0,0.0,0.0,0.0,0.0,0.0,0.0,0.0,0.0,0.0,0.0,0.0,0.0,0.0,2.004,0.0,-0.0,0.0,0.0,0.0,0.0,0.0,3417.0,0.0,0.0,-0.0,0.0,2.7184274988523002e+23,0.0,0.0,0.0,0.0,0.0,0,71.63,4.0668294794981616e+29,0.0,0.0,0.0,0.0,0.0,0.0,0.0,0,0,0,0.0,0.0,0.0,0.0,0.0,0.0,0.0,0.0,0.0,0.0,0.0,0.0,0.0,0.0,0.0,0.0,0,-107875648.0,0,0.0,0,-107875648.0,-0.0,0,0,17040,39322,17054,13107,17038,0,0,0,110,100,100,-0.0,64.0,0.0,64.5,0.0,69.0,1,49,50,180,13107,0,0,0,0.0,0.0,0.0,0.0,-0.0,65.0,0.0,-1.3393220488307168e+25,0.0,646,0,690,0,0,0,720,0,793,0,710,0,690,0,645,0,643,0,614,0.032,44826624.0,-0.0,-0.0,52112,16787,-0.0,-1.3393220488307168e+25,3.2998411542155155e+38,-0.0,-0.0,72156574646272.0,29.0,60.0,70,0.0,0.0,0.0,0.0,0.0,0.0,0.0,0.0,0.0,0.0,0.0,0.0,0.0,0.0,0.0,0.0,59.6,69,11,65508,41,65476,0,300,0,0,8,20529,65476,0,0,61604,60.0,0.0,0.0,0.0,0.0,0.0
2026-04-04T11:04:34,ERR,ERR,ERR,ERR,ERR,ERR,ERR,ERR,ERR,ERR,ERR,ERR,ERR,ERR,ERR,ERR,ERR,ERR,ERR,ERR,ERR,ERR,ERR,ERR,ERR,ERR,ERR,ERR,ERR,ERR,ERR,ERR,ERR,ERR,ERR,ERR,ERR,ERR,ERR,ERR,ERR,ERR,ERR,ERR,ERR,ERR,ERR,ERR,ERR,ERR,ERR,ERR,ERR,ERR,ERR,ERR,ERR,ERR,ERR,ERR,ERR,ERR,ERR,ERR,ERR,ERR,ERR,ERR,ERR,ERR,ERR,ERR,ERR,ERR,ERR,ERR,ERR,ERR,ERR,ERR,ERR,ERR,ERR,ERR,ERR,ERR,ERR,ERR,ERR,ERR,ERR,ERR,ERR,ERR,ERR,ERR,ERR,ERR,ERR,ERR,ERR,ERR,ERR,ERR,ERR,ERR,ERR,ERR,ERR,ERR,ERR,ERR,ERR,ERR,ERR,ERR,ERR,ERR,ERR,ERR,ERR,ERR,ERR,ERR,ERR,-0.0,0.0,3.039990997430017e+23,0.0,0.0,0.0,0.0,nan,0,0,0,32768,0,0.0,0,0.0,0.0,0.0,0.0,0.0,0,0,0,0,0.0,0,0,0,0,0,0,0,0,0,0,0,0,0,0,0,0,0,0,0,0,0,0,0,0,0,0,0,0,0,0,0,0,0,0,0,0,0,0,0,0,0,0,0,0,0.0,0.0,0.0,0.0,0.0,0.0,0.0,0.0,0.0,0.0,0.0,0.0,0.0,0.0,0.0,0.0,0.0,0.0,0.0,0.0,0.0,0.0,2.004,0.0,-0.0,0.0,0.0,0.0,0.0,0.0,3417.0,0.0,0.0,-0.0,0.0,2.7184274988523002e+23,0.0,0.0,0.0,0.0,0.0,0,71.63,4.0668294794981616e+29,0.0,0.0,0.0,0.0,0.0,0.0,0.0,0,0,0,0.0,0.0,0.0,0.0,0.0,0.0,0.0,0.0,0.0,0.0,0.0,0.0,0.0,0.0,0.0,0.0,0,-107875648.0,0,0.0,0,-107875648.0,-0.0,0,0,17040,39322,17054,13107,17038,0,0,0,110,100,100,-0.0,64.0,0.0,64.5,0.0,69.0,1,49,50,180,13107,0,0,0,0.0,0.0,0.0,0.0,-0.0,65.0,0.0,-1.3393220488307168e+25,0.0,646,0,690,0,0,0,720,0,793,0,710,0,690,0,645,0,643,0,614,0.032,44826624.0,-0.0,-0.0,52112,16787,-0.0,-1.3393220488307168e+25,3.2998411542155155e+38,-0.0,-0.0,72156574646272.0,29.0,60.0,70,0.0,0.0,0.0,0.0,0.0,0.0,0.0,0.0,0.0,0.0,0.0,0.0,0.0,0.0,0.0,0.0,59.6,69,11,65508,41,65476,0,300,0,0,8,20529,65476,0,0,61604,60.0,0.0,0.0,0.0,0.0,0.0
2026-04-04T11:04:35,ERR,ERR,ERR,ERR,ERR,ERR,ERR,ERR,ERR,ERR,ERR,ERR,ERR,ERR,ERR,ERR,ERR,ERR,ERR,ERR,ERR,ERR,ERR,ERR,ERR,ERR,ERR,ERR,ERR,ERR,ERR,ERR,ERR,ERR,ERR,ERR,ERR,ERR,ERR,ERR,ERR,ERR,ERR,ERR,ERR,ERR,ERR,ERR,ERR,ERR,ERR,ERR,ERR,ERR,ERR,ERR,ERR,ERR,ERR,ERR,ERR,ERR,ERR,ERR,ERR,ERR,ERR,ERR,ERR,ERR,ERR,ERR,ERR,ERR,ERR,ERR,ERR,ERR,ERR,ERR,ERR,ERR,ERR,ERR,ERR,ERR,ERR,ERR,ERR,ERR,ERR,ERR,ERR,ERR,ERR,ERR,ERR,ERR,ERR,ERR,ERR,ERR,ERR,ERR,ERR,ERR,ERR,ERR,ERR,ERR,ERR,ERR,ERR,ERR,ERR,ERR,ERR,ERR,ERR,ERR,ERR,ERR,ERR,ERR,ERR,-0.0,0.0,3.039990997430017e+23,0.0,0.0,0.0,0.0,nan,0,0,0,32768,0,0.0,0,0.0,0.0,0.0,0.0,0.0,0,0,0,0,0.0,0,0,0,0,0,0,0,0,0,0,0,0,0,0,0,0,0,0,0,0,0,0,0,0,0,0,0,0,0,0,0,0,0,0,0,0,0,0,0,0,0,0,0,0,0.0,0.0,0.0,0.0,0.0,0.0,0.0,0.0,0.0,0.0,0.0,0.0,0.0,0.0,0.0,0.0,0.0,0.0,0.0,0.0,0.0,0.0,2.004,0.0,-0.0,0.0,0.0,0.0,0.0,0.0,3401.0,-3.697154467689818e+19,0.0,-0.0,0.0,2.7184274988523002e+23,0.0,0.0,0.0,0.0,0.0,0,152018253512704.0,0.059,0.0,0.0,0.0,0.0,0.0,0.0,0.0,0,0,0,0.0,0.0,0.0,0.0,0.0,0.0,0.0,0.0,0.0,0.0,0.0,0.0,0.0,0.0,0.0,0.0,0,-107875648.0,0,0.0,0,-107875648.0,-107877712.0,0,0,17040,39322,17054,13107,17038,0,0,0,110,100,100,-0.0,64.0,0.0,64.5,0.0,69.0,1,49,50,180,13107,0,0,0,0.0,0.0,0.0,0.0,-0.0,65.0,0.0,-0.446,0.0,646,0,690,0,0,0,720,0,793,0,711,0,690,0,645,0,643,0,614,0.032,55574528.0,-0.0,-0.0,42000,16787,3.2331750423231205e+34,-0.0,0.0,43553349632.0,13.829,-9.565099594133724e+27,29.0,60.0,70,0.0,0.0,0.0,0.0,0.0,0.0,0.0,0.0,0.0,0.0,0.0,0.0,0.0,0.0,0.0,0.0,59.2,69,11,65508,41,65476,0,300,0,0,8,20529,65476,0,0,61604,60.0,0.0,0.0,0.0,0.0,0.0
2026-04-04T11:04:36,ERR,ERR,ERR,ERR,ERR,ERR,ERR,ERR,ERR,ERR,ERR,ERR,ERR,ERR,ERR,ERR,ERR,ERR,ERR,ERR,ERR,ERR,ERR,ERR,ERR,ERR,ERR,ERR,ERR,ERR,ERR,ERR,ERR,ERR,ERR,ERR,ERR,ERR,ERR,ERR,ERR,ERR,ERR,ERR,ERR,ERR,ERR,ERR,ERR,ERR,ERR,ERR,ERR,ERR,ERR,ERR,ERR,ERR,ERR,ERR,ERR,ERR,ERR,ERR,ERR,ERR,ERR,ERR,ERR,ERR,ERR,ERR,ERR,ERR,ERR,ERR,ERR,ERR,ERR,ERR,ERR,ERR,ERR,ERR,ERR,ERR,ERR,ERR,ERR,ERR,ERR,ERR,ERR,ERR,ERR,ERR,ERR,ERR,ERR,ERR,ERR,ERR,ERR,ERR,ERR,ERR,ERR,ERR,ERR,ERR,ERR,ERR,ERR,ERR,ERR,ERR,ERR,ERR,ERR,ERR,ERR,ERR,ERR,ERR,ERR,-0.0,0.0,3.039990997430017e+23,0.0,0.0,0.0,0.0,nan,0,0,0,32768,0,0.0,0,0.0,0.0,0.0,0.0,0.0,0,0,0,0,0.0,0,0,0,0,0,0,0,0,0,0,0,0,0,0,0,0,0,0,0,0,0,0,0,0,0,0,0,0,0,0,0,0,0,0,0,0,0,0,0,0,0,0,0,0,0.0,0.0,0.0,0.0,0.0,0.0,0.0,0.0,0.0,0.0,0.0,0.0,0.0,0.0,0.0,0.0,0.0,0.0,0.0,0.0,0.0,0.0,2.004,0.0,-0.0,0.0,0.0,0.0,0.0,0.0,3401.0,-3.697154467689818e+19,0.0,-0.0,0.0,2.7184274988523002e+23,0.0,0.0,0.0,0.0,0.0,0,152018253512704.0,0.059,0.0,0.0,0.0,0.0,0.0,0.0,0.0,0,0,0,0.0,0.0,0.0,0.0,0.0,0.0,0.0,0.0,0.0,0.0,0.0,0.0,0.0,0.0,0.0,0.0,0,-107875648.0,0,0.0,0,-107875648.0,-107877712.0,0,0,17040,39322,17054,13107,17038,0,0,0,110,100,100,-0.0,64.0,0.0,64.5,0.0,69.0,1,49,50,180,13107,0,0,0,0.0,0.0,0.0,0.0,-0.0,65.0,0.0,-0.446,0.0,646,0,690,0,0,0,720,0,793,0,711,0,690,0,645,0,643,0,614,0.032,55574528.0,-0.0,-0.0,42000,16787,3.2331750423231205e+34,-0.0,0.0,43553349632.0,13.829,-9.565099594133724e+27,29.0,60.0,70,0.0,0.0,0.0,0.0,0.0,0.0,0.0,0.0,0.0,0.0,0.0,0.0,0.0,0.0,0.0,0.0,59.2,69,11,65508,41,65476,0,300,0,0,8,20529,65476,0,0,61604,60.0,0.0,0.0,0.0,0.0,0.0
2026-04-04T11:04:37,ERR,ERR,ERR,ERR,ERR,ERR,ERR,ERR,ERR,ERR,ERR,ERR,ERR,ERR,ERR,ERR,ERR,ERR,ERR,ERR,ERR,ERR,ERR,ERR,ERR,ERR,ERR,ERR,ERR,ERR,ERR,ERR,ERR,ERR,ERR,ERR,ERR,ERR,ERR,ERR,ERR,ERR,ERR,ERR,ERR,ERR,ERR,ERR,ERR,ERR,ERR,ERR,ERR,ERR,ERR,ERR,ERR,ERR,ERR,ERR,ERR,ERR,ERR,ERR,ERR,ERR,ERR,ERR,ERR,ERR,ERR,ERR,ERR,ERR,ERR,ERR,ERR,ERR,ERR,ERR,ERR,ERR,ERR,ERR,ERR,ERR,ERR,ERR,ERR,ERR,ERR,ERR,ERR,ERR,ERR,ERR,ERR,ERR,ERR,ERR,ERR,ERR,ERR,ERR,ERR,ERR,ERR,ERR,ERR,ERR,ERR,ERR,ERR,ERR,ERR,ERR,ERR,ERR,ERR,ERR,ERR,ERR,ERR,ERR,ERR,-0.0,0.0,3.039990997430017e+23,0.0,0.0,0.0,0.0,nan,0,0,0,32768,0,0.0,0,0.0,0.0,0.0,0.0,0.0,0,0,0,0,0.0,0,0,0,0,0,0,0,0,0,0,0,0,0,0,0,0,0,0,0,0,0,0,0,0,0,0,0,0,0,0,0,0,0,0,0,0,0,0,0,0,0,0,0,0,0.0,0.0,0.0,0.0,0.0,0.0,0.0,0.0,0.0,0.0,0.0,0.0,0.0,0.0,0.0,0.0,0.0,0.0,0.0,0.0,0.0,0.0,2.004,0.0,-0.0,0.0,0.0,0.0,0.0,0.0,3401.0,-3.697154467689818e+19,0.0,-0.0,0.0,2.7184274988523002e+23,0.0,0.0,0.0,0.0,0.0,0,152018253512704.0,0.059,0.0,0.0,0.0,0.0,0.0,0.0,0.0,0,0,0,0.0,0.0,0.0,0.0,0.0,0.0,0.0,0.0,0.0,0.0,0.0,0.0,0.0,0.0,0.0,0.0,0,-107875648.0,0,0.0,0,-107875648.0,-107877712.0,0,0,17040,39322,17054,13107,17038,0,0,0,110,100,100,-0.0,64.0,0.0,64.5,0.0,69.0,1,49,50,180,13107,0,0,0,0.0,0.0,0.0,0.0,-0.0,65.0,0.0,-0.446,0.0,646,0,690,0,0,0,720,0,793,0,711,0,690,0,645,0,643,0,614,0.032,55574528.0,-0.0,-0.0,42000,16787,3.2331750423231205e+34,-0.0,0.0,43553349632.0,13.829,-9.565099594133724e+27,29.0,60.0,70,0.0,0.0,0.0,0.0,0.0,0.0,0.0,0.0,0.0,0.0,0.0,0.0,0.0,0.0,0.0,0.0,59.2,69,11,65508,41,65476,0,300,0,0,8,20529,65476,0,0,61604,60.0,0.0,0.0,0.0,0.0,0.0
2026-04-04T11:04:38,ERR,ERR,ERR,ERR,ERR,ERR,ERR,ERR,ERR,ERR,ERR,ERR,ERR,ERR,ERR,ERR,ERR,ERR,ERR,ERR,ERR,ERR,ERR,ERR,ERR,ERR,ERR,ERR,ERR,ERR,ERR,ERR,ERR,ERR,ERR,ERR,ERR,ERR,ERR,ERR,ERR,ERR,ERR,ERR,ERR,ERR,ERR,ERR,ERR,ERR,ERR,ERR,ERR,ERR,ERR,ERR,ERR,ERR,ERR,ERR,ERR,ERR,ERR,ERR,ERR,ERR,ERR,ERR,ERR,ERR,ERR,ERR,ERR,ERR,ERR,ERR,ERR,ERR,ERR,ERR,ERR,ERR,ERR,ERR,ERR,ERR,ERR,ERR,ERR,ERR,ERR,ERR,ERR,ERR,ERR,ERR,ERR,ERR,ERR,ERR,ERR,ERR,ERR,ERR,ERR,ERR,ERR,ERR,ERR,ERR,ERR,ERR,ERR,ERR,ERR,ERR,ERR,ERR,ERR,ERR,ERR,ERR,ERR,ERR,ERR,-0.0,0.0,3.039990997430017e+23,0.0,0.0,0.0,0.0,nan,0,0,0,32768,0,0.0,0,0.0,0.0,0.0,0.0,0.0,0,0,0,0,0.0,0,0,0,0,0,0,0,0,0,0,0,0,0,0,0,0,0,0,0,0,0,0,0,0,0,0,0,0,0,0,0,0,0,0,0,0,0,0,0,0,0,0,0,0,0.0,0.0,0.0,0.0,0.0,0.0,0.0,0.0,0.0,0.0,0.0,0.0,0.0,0.0,0.0,0.0,0.0,0.0,0.0,0.0,0.0,0.0,2.004,0.0,-0.0,0.0,0.0,0.0,0.0,0.0,3401.0,-3.697154467689818e+19,0.0,-0.0,0.0,2.7184274988523002e+23,0.0,0.0,0.0,0.0,0.0,0,152018253512704.0,0.059,0.0,0.0,0.0,0.0,0.0,0.0,0.0,0,0,0,0.0,0.0,0.0,0.0,0.0,0.0,0.0,0.0,0.0,0.0,0.0,0.0,0.0,0.0,0.0,0.0,0,-107875648.0,0,0.0,0,-107875648.0,-107877712.0,0,0,17040,39322,17054,13107,17038,0,0,0,110,100,100,-0.0,64.0,0.0,64.5,0.0,69.0,1,49,50,180,13107,0,0,0,0.0,0.0,0.0,0.0,-0.0,65.0,0.0,-0.446,0.0,646,0,690,0,0,0,720,0,793,0,711,0,690,0,645,0,643,0,614,0.032,55574528.0,-0.0,-0.0,42000,16787,3.2331750423231205e+34,-0.0,0.0,43553349632.0,13.829,-9.565099594133724e+27,29.0,60.0,70,0.0,0.0,0.0,0.0,0.0,0.0,0.0,0.0,0.0,0.0,0.0,0.0,0.0,0.0,0.0,0.0,59.2,69,11,65508,41,65476,0,300,0,0,8,20529,65476,0,0,61604,60.0,0.0,0.0,0.0,0.0,0.0
2026-04-04T11:04:39,ERR,ERR,ERR,ERR,ERR,ERR,ERR,ERR,ERR,ERR,ERR,ERR,ERR,ERR,ERR,ERR,ERR,ERR,ERR,ERR,ERR,ERR,ERR,ERR,ERR,ERR,ERR,ERR,ERR,ERR,ERR,ERR,ERR,ERR,ERR,ERR,ERR,ERR,ERR,ERR,ERR,ERR,ERR,ERR,ERR,ERR,ERR,ERR,ERR,ERR,ERR,ERR,ERR,ERR,ERR,ERR,ERR,ERR,ERR,ERR,ERR,ERR,ERR,ERR,ERR,ERR,ERR,ERR,ERR,ERR,ERR,ERR,ERR,ERR,ERR,ERR,ERR,ERR,ERR,ERR,ERR,ERR,ERR,ERR,ERR,ERR,ERR,ERR,ERR,ERR,ERR,ERR,ERR,ERR,ERR,ERR,ERR,ERR,ERR,ERR,ERR,ERR,ERR,ERR,ERR,ERR,ERR,ERR,ERR,ERR,ERR,ERR,ERR,ERR,ERR,ERR,ERR,ERR,ERR,ERR,ERR,ERR,ERR,ERR,ERR,-0.0,0.0,3.039990997430017e+23,0.0,0.0,0.0,0.0,nan,0,0,0,32768,0,0.0,0,0.0,0.0,0.0,0.0,0.0,0,0,0,0,0.0,0,0,0,0,0,0,0,0,0,0,0,0,0,0,0,0,0,0,0,0,0,0,0,0,0,0,0,0,0,0,0,0,0,0,0,0,0,0,0,0,0,0,0,0,0.0,0.0,0.0,0.0,0.0,0.0,0.0,0.0,0.0,0.0,0.0,0.0,0.0,0.0,0.0,0.0,0.0,0.0,0.0,0.0,0.0,0.0,2.004,0.0,-0.0,0.0,0.0,0.0,0.0,0.0,3401.0,-3.697154467689818e+19,0.0,-0.0,0.0,2.7184274988523002e+23,0.0,0.0,0.0,0.0,0.0,0,152018253512704.0,0.059,0.0,0.0,0.0,0.0,0.0,0.0,0.0,0,0,0,0.0,0.0,0.0,0.0,0.0,0.0,0.0,0.0,0.0,0.0,0.0,0.0,0.0,0.0,0.0,0.0,0,-107875648.0,0,0.0,0,-107875648.0,-107877712.0,0,0,17040,39322,17054,13107,17038,0,0,0,110,100,100,-0.0,64.0,0.0,64.5,0.0,69.0,1,49,50,180,13107,0,0,0,0.0,0.0,0.0,0.0,-0.0,65.0,0.0,-0.446,0.0,646,0,690,0,0,0,720,0,793,0,711,0,690,0,645,0,643,0,614,0.032,55574528.0,-0.0,-0.0,42000,16787,3.2331750423231205e+34,-0.0,0.0,43553349632.0,13.829,-9.565099594133724e+27,29.0,60.0,70,0.0,0.0,0.0,0.0,0.0,0.0,0.0,0.0,0.0,0.0,0.0,0.0,0.0,0.0,0.0,0.0,59.2,69,11,65508,41,65476,0,300,0,0,8,20529,65476,0,0,61604,60.0,0.0,0.0,0.0,0.0,0.0
2026-04-04T11:04:40,ERR,ERR,ERR,ERR,ERR,ERR,ERR,ERR,ERR,ERR,ERR,ERR,ERR,ERR,ERR,ERR,ERR,ERR,ERR,ERR,ERR,ERR,ERR,ERR,ERR,ERR,ERR,ERR,ERR,ERR,ERR,ERR,ERR,ERR,ERR,ERR,ERR,ERR,ERR,ERR,ERR,ERR,ERR,ERR,ERR,ERR,ERR,ERR,ERR,ERR,ERR,ERR,ERR,ERR,ERR,ERR,ERR,ERR,ERR,ERR,ERR,ERR,ERR,ERR,ERR,ERR,ERR,ERR,ERR,ERR,ERR,ERR,ERR,ERR,ERR,ERR,ERR,ERR,ERR,ERR,ERR,ERR,ERR,ERR,ERR,ERR,ERR,ERR,ERR,ERR,ERR,ERR,ERR,ERR,ERR,ERR,ERR,ERR,ERR,ERR,ERR,ERR,ERR,ERR,ERR,ERR,ERR,ERR,ERR,ERR,ERR,ERR,ERR,ERR,ERR,ERR,ERR,ERR,ERR,ERR,ERR,ERR,ERR,ERR,ERR,-0.0,0.0,3.039990997430017e+23,0.0,0.0,0.0,0.0,nan,0,0,0,32768,0,0.0,0,0.0,0.0,0.0,0.0,0.0,0,0,0,0,0.0,0,0,0,0,0,0,0,0,0,0,0,0,0,0,0,0,0,0,0,0,0,0,0,0,0,0,0,0,0,0,0,0,0,0,0,0,0,0,0,0,0,0,0,0,0.0,0.0,0.0,0.0,0.0,0.0,0.0,0.0,0.0,0.0,0.0,0.0,0.0,0.0,0.0,0.0,0.0,0.0,0.0,0.0,0.0,0.0,2.004,0.0,-0.0,0.0,0.0,0.0,0.0,0.0,3401.0,-3.697154467689818e+19,0.0,-0.0,0.0,2.7184274988523002e+23,0.0,0.0,0.0,0.0,0.0,0,152018253512704.0,0.059,0.0,0.0,0.0,0.0,0.0,0.0,0.0,0,0,0,0.0,0.0,0.0,0.0,0.0,0.0,0.0,0.0,0.0,0.0,0.0,0.0,0.0,0.0,0.0,0.0,0,-107875648.0,0,0.0,0,-107875648.0,-107877712.0,0,0,17040,39322,17054,13107,17038,0,0,0,110,100,100,-0.0,64.0,0.0,64.5,0.0,69.0,1,49,50,180,13107,0,0,0,0.0,0.0,0.0,0.0,-0.0,65.0,0.0,-0.446,0.0,646,0,690,0,0,0,720,0,793,0,711,0,690,0,645,0,643,0,614,0.032,55574528.0,-0.0,-0.0,42000,16787,3.2331750423231205e+34,-0.0,0.0,43553349632.0,13.829,-9.565099594133724e+27,29.0,60.0,70,0.0,0.0,0.0,0.0,0.0,0.0,0.0,0.0,0.0,0.0,0.0,0.0,0.0,0.0,0.0,0.0,59.2,69,11,65508,41,65476,0,300,0,0,8,20529,65476,0,0,61604,60.0,0.0,0.0,0.0,0.0,0.0
2026-04-04T11:04:41,ERR,ERR,ERR,ERR,ERR,ERR,ERR,ERR,ERR,ERR,ERR,ERR,ERR,ERR,ERR,ERR,ERR,ERR,ERR,ERR,ERR,ERR,ERR,ERR,ERR,ERR,ERR,ERR,ERR,ERR,ERR,ERR,ERR,ERR,ERR,ERR,ERR,ERR,ERR,ERR,ERR,ERR,ERR,ERR,ERR,ERR,ERR,ERR,ERR,ERR,ERR,ERR,ERR,ERR,ERR,ERR,ERR,ERR,ERR,ERR,ERR,ERR,ERR,ERR,ERR,ERR,ERR,ERR,ERR,ERR,ERR,ERR,ERR,ERR,ERR,ERR,ERR,ERR,ERR,ERR,ERR,ERR,ERR,ERR,ERR,ERR,ERR,ERR,ERR,ERR,ERR,ERR,ERR,ERR,ERR,ERR,ERR,ERR,ERR,ERR,ERR,ERR,ERR,ERR,ERR,ERR,ERR,ERR,ERR,ERR,ERR,ERR,ERR,ERR,ERR,ERR,ERR,ERR,ERR,ERR,ERR,ERR,ERR,ERR,ERR,-0.0,0.0,3.039990997430017e+23,0.0,0.0,0.0,0.0,nan,0,0,0,32768,0,0.0,0,0.0,0.0,0.0,0.0,0.0,0,0,0,0,0.0,0,0,0,0,0,0,0,0,0,0,0,0,0,0,0,0,0,0,0,0,0,0,0,0,0,0,0,0,0,0,0,0,0,0,0,0,0,0,0,0,0,0,0,0,0.0,0.0,0.0,0.0,0.0,0.0,0.0,0.0,0.0,0.0,0.0,0.0,0.0,0.0,0.0,0.0,0.0,0.0,0.0,0.0,0.0,0.0,2.004,0.0,-0.0,0.0,0.0,0.0,0.0,0.0,3401.0,-3.697154467689818e+19,0.0,-0.0,0.0,2.7184274988523002e+23,0.0,0.0,0.0,0.0,0.0,0,152018253512704.0,0.059,0.0,0.0,0.0,0.0,0.0,0.0,0.0,0,0,0,0.0,0.0,0.0,0.0,0.0,0.0,0.0,0.0,0.0,0.0,0.0,0.0,0.0,0.0,0.0,0.0,0,-107875648.0,0,0.0,0,-107875648.0,-107877712.0,0,0,17040,39322,17054,13107,17038,0,0,0,110,100,100,-0.0,64.0,0.0,64.5,0.0,69.0,1,49,50,180,13107,0,0,0,0.0,0.0,0.0,0.0,1.9497459678391695e+33,65.0,0.0,-4.856933466561933e+31,0.0,646,0,690,0,0,0,720,0,793,0,711,0,690,0,645,0,643,0,614,0.032,55574528.0,-0.0,-0.0,54032,16787,1.7198154064987632e+26,-4.856933466561933e+31,0.0,207499411456.0,7122195456.0,0.0,29.0,60.0,70,0.0,0.0,0.0,0.0,0.0,0.0,0.0,0.0,0.0,0.0,0.0,0.0,0.0,0.0,0.0,0.0,59.2,69,11,65508,41,65476,0,300,0,0,8,20529,65476,0,0,61604,60.0,0.0,0.0,0.0,0.0,0.0
2026-04-04T11:04:42,ERR,ERR,ERR,ERR,ERR,ERR,ERR,ERR,ERR,ERR,ERR,ERR,ERR,ERR,ERR,ERR,ERR,ERR,ERR,ERR,ERR,ERR,ERR,ERR,ERR,ERR,ERR,ERR,ERR,ERR,ERR,ERR,ERR,ERR,ERR,ERR,ERR,ERR,ERR,ERR,ERR,ERR,ERR,ERR,ERR,ERR,ERR,ERR,ERR,ERR,ERR,ERR,ERR,ERR,ERR,ERR,ERR,ERR,ERR,ERR,ERR,ERR,ERR,ERR,ERR,ERR,ERR,ERR,ERR,ERR,ERR,ERR,ERR,ERR,ERR,ERR,ERR,ERR,ERR,ERR,ERR,ERR,ERR,ERR,ERR,ERR,ERR,ERR,ERR,ERR,ERR,ERR,ERR,ERR,ERR,ERR,ERR,ERR,ERR,ERR,ERR,ERR,ERR,ERR,ERR,ERR,ERR,ERR,ERR,ERR,ERR,ERR,ERR,ERR,ERR,ERR,ERR,ERR,ERR,ERR,ERR,ERR,ERR,ERR,ERR,-0.0,0.0,3.039990997430017e+23,0.0,0.0,0.0,0.0,nan,0,0,0,32768,0,0.0,0,0.0,0.0,0.0,0.0,0.0,0,0,0,0,0.0,0,0,0,0,0,0,0,0,0,0,0,0,0,0,0,0,0,0,0,0,0,0,0,0,0,0,0,0,0,0,0,0,0,0,0,0,0,0,0,0,0,0,0,0,0.0,0.0,0.0,0.0,0.0,0.0,0.0,0.0,0.0,0.0,0.0,0.0,0.0,0.0,0.0,0.0,0.0,0.0,0.0,0.0,0.0,0.0,2.004,0.0,-0.0,0.0,0.0,0.0,0.0,0.0,3401.0,-3.697154467689818e+19,0.0,-0.0,0.0,2.7184274988523002e+23,0.0,0.0,0.0,0.0,0.0,0,152018253512704.0,0.059,0.0,0.0,0.0,0.0,0.0,0.0,0.0,0,0,0,0.0,0.0,0.0,0.0,0.0,0.0,0.0,0.0,0.0,0.0,0.0,0.0,0.0,0.0,0.0,0.0,0,-107875648.0,0,0.0,0,-107875648.0,-107877712.0,0,0,17040,39322,17054,13107,17038,0,0,0,110,100,100,-0.0,64.0,0.0,64.5,0.0,69.0,1,49,50,180,13107,0,0,0,0.0,0.0,0.0,0.0,1.9497459678391695e+33,65.0,0.0,-4.856933466561933e+31,0.0,646,0,690,0,0,0,720,0,793,0,711,0,690,0,645,0,643,0,614,0.032,55574528.0,-0.0,-0.0,54032,16787,1.7198154064987632e+26,-4.856933466561933e+31,0.0,207499411456.0,7122195456.0,0.0,29.0,60.0,70,0.0,0.0,0.0,0.0,0.0,0.0,0.0,0.0,0.0,0.0,0.0,0.0,0.0,0.0,0.0,0.0,59.2,69,11,65508,41,65476,0,300,0,0,8,20529,65476,0,0,61604,60.0,0.0,0.0,0.0,0.0,0.0
2026-04-04T11:04:43,ERR,ERR,ERR,ERR,ERR,ERR,ERR,ERR,ERR,ERR,ERR,ERR,ERR,ERR,ERR,ERR,ERR,ERR,ERR,ERR,ERR,ERR,ERR,ERR,ERR,ERR,ERR,ERR,ERR,ERR,ERR,ERR,ERR,ERR,ERR,ERR,ERR,ERR,ERR,ERR,ERR,ERR,ERR,ERR,ERR,ERR,ERR,ERR,ERR,ERR,ERR,ERR,ERR,ERR,ERR,ERR,ERR,ERR,ERR,ERR,ERR,ERR,ERR,ERR,ERR,ERR,ERR,ERR,ERR,ERR,ERR,ERR,ERR,ERR,ERR,ERR,ERR,ERR,ERR,ERR,ERR,ERR,ERR,ERR,ERR,ERR,ERR,ERR,ERR,ERR,ERR,ERR,ERR,ERR,ERR,ERR,ERR,ERR,ERR,ERR,ERR,ERR,ERR,ERR,ERR,ERR,ERR,ERR,ERR,ERR,ERR,ERR,ERR,ERR,ERR,ERR,ERR,ERR,ERR,ERR,ERR,ERR,ERR,ERR,ERR,-0.0,0.0,3.039990997430017e+23,0.0,0.0,0.0,0.0,nan,0,0,0,32768,0,0.0,0,0.0,0.0,0.0,0.0,0.0,0,0,0,0,0.0,0,0,0,0,0,0,0,0,0,0,0,0,0,0,0,0,0,0,0,0,0,0,0,0,0,0,0,0,0,0,0,0,0,0,0,0,0,0,0,0,0,0,0,0,0.0,0.0,0.0,0.0,0.0,0.0,0.0,0.0,0.0,0.0,0.0,0.0,0.0,0.0,0.0,0.0,0.0,0.0,0.0,0.0,0.0,0.0,2.004,0.0,-0.0,0.0,0.0,0.0,0.0,0.0,3400.5,-2.004,0.0,-0.0,0.0,-0.0,0.0,0.0,0.0,0.0,0.0,0,89221.016,0.0,0.0,0.0,0.0,0.0,0.0,0.0,0.0,0,0,0,0.0,0.0,0.0,0.0,0.0,0.0,0.0,0.0,0.0,0.0,0.0,0.0,0.0,0.0,0.0,0.0,0,-107875648.0,0,0.0,0,-107875648.0,-0.0,0,0,17040,39322,17054,13107,17038,0,0,0,110,100,100,-0.0,64.0,0.0,64.5,0.0,69.0,1,49,50,180,13107,0,0,0,0.0,0.0,0.0,0.0,1.9497459678391695e+33,65.0,0.0,-4.856933466561933e+31,0.0,646,0,690,0,0,0,720,0,793,0,711,0,690,0,645,0,643,0,614,0.032,55574528.0,-0.0,-0.0,54032,16787,1.7198154064987632e+26,-4.856933466561933e+31,0.0,207499411456.0,7122195456.0,0.0,29.0,60.0,70,0.0,0.0,0.0,0.0,0.0,0.0,0.0,0.0,0.0,0.0,0.0,0.0,0.0,0.0,0.0,0.0,59.2,69,11,65508,41,65476,0,300,0,0,8,20529,65476,0,0,61604,60.0,0.0,0.0,0.0,0.0,0.0
2026-04-04T11:04:44,ERR,ERR,ERR,ERR,ERR,ERR,ERR,ERR,ERR,ERR,ERR,ERR,ERR,ERR,ERR,ERR,ERR,ERR,ERR,ERR,ERR,ERR,ERR,ERR,ERR,ERR,ERR,ERR,ERR,ERR,ERR,ERR,ERR,ERR,ERR,ERR,ERR,ERR,ERR,ERR,ERR,ERR,ERR,ERR,ERR,ERR,ERR,ERR,ERR,ERR,ERR,ERR,ERR,ERR,ERR,ERR,ERR,ERR,ERR,ERR,ERR,ERR,ERR,ERR,ERR,ERR,ERR,ERR,ERR,ERR,ERR,ERR,ERR,ERR,ERR,ERR,ERR,ERR,ERR,ERR,ERR,ERR,ERR,ERR,ERR,ERR,ERR,ERR,ERR,ERR,ERR,ERR,ERR,ERR,ERR,ERR,ERR,ERR,ERR,ERR,ERR,ERR,ERR,ERR,ERR,ERR,ERR,ERR,ERR,ERR,ERR,ERR,ERR,ERR,ERR,ERR,ERR,ERR,ERR,ERR,ERR,ERR,ERR,ERR,ERR,-0.0,0.0,3.039990997430017e+23,0.0,0.0,0.0,0.0,nan,0,0,0,32768,0,0.0,0,0.0,0.0,0.0,0.0,0.0,0,0,0,0,0.0,0,0,0,0,0,0,0,0,0,0,0,0,0,0,0,0,0,0,0,0,0,0,0,0,0,0,0,0,0,0,0,0,0,0,0,0,0,0,0,0,0,0,0,0,0.0,0.0,0.0,0.0,0.0,0.0,0.0,0.0,0.0,0.0,0.0,0.0,0.0,0.0,0.0,0.0,0.0,0.0,0.0,0.0,0.0,0.0,2.004,0.0,-0.0,0.0,0.0,0.0,0.0,0.0,3400.5,-2.004,0.0,-0.0,0.0,-0.0,0.0,0.0,0.0,0.0,0.0,0,89221.016,0.0,0.0,0.0,0.0,0.0,0.0,0.0,0.0,0,0,0,0.0,0.0,0.0,0.0,0.0,0.0,0.0,0.0,0.0,0.0,0.0,0.0,0.0,0.0,0.0,0.0,0,-107875648.0,0,0.0,0,-107875648.0,-0.0,0,0,17040,39322,17054,13107,17038,0,0,0,110,100,100,-0.0,64.0,0.0,64.5,0.0,69.0,1,49,50,180,13107,0,0,0,0.0,0.0,0.0,0.0,1.9497459678391695e+33,65.0,0.0,-4.856933466561933e+31,0.0,646,0,690,0,0,0,720,0,793,0,711,0,690,0,645,0,643,0,614,0.032,55574528.0,-0.0,-0.0,54032,16787,1.7198154064987632e+26,-4.856933466561933e+31,0.0,207499411456.0,7122195456.0,0.0,29.0,60.0,70,0.0,0.0,0.0,0.0,0.0,0.0,0.0,0.0,0.0,0.0,0.0,0.0,0.0,0.0,0.0,0.0,59.2,69,11,65508,41,65476,0,300,0,0,8,20529,65476,0,0,61604,60.0,0.0,0.0,0.0,0.0,0.0
2026-04-04T11:04:45,ERR,ERR,ERR,ERR,ERR,ERR,ERR,ERR,ERR,ERR,ERR,ERR,ERR,ERR,ERR,ERR,ERR,ERR,ERR,ERR,ERR,ERR,ERR,ERR,ERR,ERR,ERR,ERR,ERR,ERR,ERR,ERR,ERR,ERR,ERR,ERR,ERR,ERR,ERR,ERR,ERR,ERR,ERR,ERR,ERR,ERR,ERR,ERR,ERR,ERR,ERR,ERR,ERR,ERR,ERR,ERR,ERR,ERR,ERR,ERR,ERR,ERR,ERR,ERR,ERR,ERR,ERR,ERR,ERR,ERR,ERR,ERR,ERR,ERR,ERR,ERR,ERR,ERR,ERR,ERR,ERR,ERR,ERR,ERR,ERR,ERR,ERR,ERR,ERR,ERR,ERR,ERR,ERR,ERR,ERR,ERR,ERR,ERR,ERR,ERR,ERR,ERR,ERR,ERR,ERR,ERR,ERR,ERR,ERR,ERR,ERR,ERR,ERR,ERR,ERR,ERR,ERR,ERR,ERR,ERR,ERR,ERR,ERR,ERR,ERR,-0.0,0.0,3.039990997430017e+23,0.0,0.0,0.0,0.0,nan,0,0,0,32768,0,0.0,0,0.0,0.0,0.0,0.0,0.0,0,0,0,0,0.0,0,0,0,0,0,0,0,0,0,0,0,0,0,0,0,0,0,0,0,0,0,0,0,0,0,0,0,0,0,0,0,0,0,0,0,0,0,0,0,0,0,0,0,0,0.0,0.0,0.0,0.0,0.0,0.0,0.0,0.0,0.0,0.0,0.0,0.0,0.0,0.0,0.0,0.0,0.0,0.0,0.0,0.0,0.0,0.0,2.004,0.0,-0.0,0.0,0.0,0.0,0.0,0.0,3400.5,-2.004,0.0,-0.0,0.0,-0.0,0.0,0.0,0.0,0.0,0.0,0,89221.016,0.0,0.0,0.0,0.0,0.0,0.0,0.0,0.0,0,0,0,0.0,0.0,0.0,0.0,0.0,0.0,0.0,0.0,0.0,0.0,0.0,0.0,0.0,0.0,0.0,0.0,0,-107875648.0,0,0.0,0,-107875648.0,-0.0,0,0,17040,39322,17054,13107,17038,0,0,0,110,100,100,-0.0,64.0,0.0,64.5,0.0,69.0,1,49,50,180,13107,0,0,0,0.0,0.0,0.0,0.0,1.9497459678391695e+33,65.0,0.0,-4.856933466561933e+31,0.0,646,0,690,0,0,0,720,0,793,0,711,0,690,0,645,0,643,0,614,0.032,55574528.0,-0.0,-0.0,54032,16787,1.7198154064987632e+26,-4.856933466561933e+31,0.0,207499411456.0,7122195456.0,0.0,29.0,60.0,70,0.0,0.0,0.0,0.0,0.0,0.0,0.0,0.0,0.0,0.0,0.0,0.0,0.0,0.0,0.0,0.0,59.6,69,11,65508,41,65476,0,300,0,0,8,20529,65476,0,0,61604,60.0,0.0,0.0,0.0,0.0,0.0
2026-04-04T11:04:46,ERR,ERR,ERR,ERR,ERR,ERR,ERR,ERR,ERR,ERR,ERR,ERR,ERR,ERR,ERR,ERR,ERR,ERR,ERR,ERR,ERR,ERR,ERR,ERR,ERR,ERR,ERR,ERR,ERR,ERR,ERR,ERR,ERR,ERR,ERR,ERR,ERR,ERR,ERR,ERR,ERR,ERR,ERR,ERR,ERR,ERR,ERR,ERR,ERR,ERR,ERR,ERR,ERR,ERR,ERR,ERR,ERR,ERR,ERR,ERR,ERR,ERR,ERR,ERR,ERR,ERR,ERR,ERR,ERR,ERR,ERR,ERR,ERR,ERR,ERR,ERR,ERR,ERR,ERR,ERR,ERR,ERR,ERR,ERR,ERR,ERR,ERR,ERR,ERR,ERR,ERR,ERR,ERR,ERR,ERR,ERR,ERR,ERR,ERR,ERR,ERR,ERR,ERR,ERR,ERR,ERR,ERR,ERR,ERR,ERR,ERR,ERR,ERR,ERR,ERR,ERR,ERR,ERR,ERR,ERR,ERR,ERR,ERR,ERR,ERR,-0.0,0.0,3.039990997430017e+23,0.0,0.0,0.0,0.0,nan,0,0,0,32768,0,0.0,0,0.0,0.0,0.0,0.0,0.0,0,0,0,0,0.0,0,0,0,0,0,0,0,0,0,0,0,0,0,0,0,0,0,0,0,0,0,0,0,0,0,0,0,0,0,0,0,0,0,0,0,0,0,0,0,0,0,0,0,0,0.0,0.0,0.0,0.0,0.0,0.0,0.0,0.0,0.0,0.0,0.0,0.0,0.0,0.0,0.0,0.0,0.0,0.0,0.0,0.0,0.0,0.0,2.004,0.0,-0.0,0.0,0.0,0.0,0.0,0.0,3400.5,-2.004,0.0,-0.0,0.0,-0.0,0.0,0.0,0.0,0.0,0.0,0,89221.016,0.0,0.0,0.0,0.0,0.0,0.0,0.0,0.0,0,0,0,0.0,0.0,0.0,0.0,0.0,0.0,0.0,0.0,0.0,0.0,0.0,0.0,0.0,0.0,0.0,0.0,0,-107875648.0,0,0.0,0,-107875648.0,-0.0,0,0,17040,39322,17054,13107,17038,0,0,0,110,100,100,-0.0,64.0,0.0,64.5,0.0,69.0,1,49,50,180,13107,0,0,0,0.0,0.0,0.0,0.0,1.9497459678391695e+33,65.0,0.0,-4.856933466561933e+31,0.0,646,0,690,0,0,0,720,0,793,0,711,0,690,0,645,0,643,0,614,0.032,55574528.0,-0.0,-0.0,54032,16787,1.7198154064987632e+26,-4.856933466561933e+31,0.0,207499411456.0,7122195456.0,0.0,29.0,60.0,70,0.0,0.0,0.0,0.0,0.0,0.0,0.0,0.0,0.0,0.0,0.0,0.0,0.0,0.0,0.0,0.0,59.6,69,11,65508,41,65476,0,300,0,0,8,20529,65476,0,0,61604,60.0,0.0,0.0,0.0,0.0,0.0
2026-04-04T11:04:47,ERR,ERR,ERR,ERR,ERR,ERR,ERR,ERR,ERR,ERR,ERR,ERR,ERR,ERR,ERR,ERR,ERR,ERR,ERR,ERR,ERR,ERR,ERR,ERR,ERR,ERR,ERR,ERR,ERR,ERR,ERR,ERR,ERR,ERR,ERR,ERR,ERR,ERR,ERR,ERR,ERR,ERR,ERR,ERR,ERR,ERR,ERR,ERR,ERR,ERR,ERR,ERR,ERR,ERR,ERR,ERR,ERR,ERR,ERR,ERR,ERR,ERR,ERR,ERR,ERR,ERR,ERR,ERR,ERR,ERR,ERR,ERR,ERR,ERR,ERR,ERR,ERR,ERR,ERR,ERR,ERR,ERR,ERR,ERR,ERR,ERR,ERR,ERR,ERR,ERR,ERR,ERR,ERR,ERR,ERR,ERR,ERR,ERR,ERR,ERR,ERR,ERR,ERR,ERR,ERR,ERR,ERR,ERR,ERR,ERR,ERR,ERR,ERR,ERR,ERR,ERR,ERR,ERR,ERR,ERR,ERR,ERR,ERR,ERR,ERR,-0.0,0.0,3.039990997430017e+23,0.0,0.0,0.0,0.0,nan,0,0,0,32768,0,0.0,0,0.0,0.0,0.0,0.0,0.0,0,0,0,0,0.0,0,0,0,0,0,0,0,0,0,0,0,0,0,0,0,0,0,0,0,0,0,0,0,0,0,0,0,0,0,0,0,0,0,0,0,0,0,0,0,0,0,0,0,0,0.0,0.0,0.0,0.0,0.0,0.0,0.0,0.0,0.0,0.0,0.0,0.0,0.0,0.0,0.0,0.0,0.0,0.0,0.0,0.0,0.0,0.0,2.004,0.0,-0.0,0.0,0.0,0.0,0.0,0.0,3400.5,-2.004,0.0,-0.0,0.0,-0.0,0.0,0.0,0.0,0.0,0.0,0,89221.016,0.0,0.0,0.0,0.0,0.0,0.0,0.0,0.0,0,0,0,0.0,0.0,0.0,0.0,0.0,0.0,0.0,0.0,0.0,0.0,0.0,0.0,0.0,0.0,0.0,0.0,0,-107875648.0,0,0.0,0,-107875648.0,-0.0,0,0,17040,39322,17054,13107,17038,0,0,0,110,100,100,-0.0,64.0,0.0,64.5,0.0,69.0,1,49,50,180,13107,0,0,0,0.0,0.0,0.0,0.0,1.5009618912706413e+35,65.0,0.0,0.0,0.0,646,0,690,0,0,0,720,0,793,0,710,0,690,0,645,0,643,0,614,0.032,40632320.0,-0.0,-0.0,45200,16787,1.3946926194894863e+28,0.0,3.650435696348796e+24,1.0034058219404794e+36,1.771677859493415e+37,0.248,29.0,60.0,70,0.0,0.0,0.0,0.0,0.0,0.0,0.0,0.0,0.0,0.0,0.0,0.0,0.0,0.0,0.0,0.0,59.6,69,11,65508,41,65476,0,300,0,0,8,20529,65476,0,0,61604,60.0,0.0,0.0,0.0,0.0,0.0
2026-04-04T11:04:48,ERR,ERR,ERR,ERR,ERR,ERR,ERR,ERR,ERR,ERR,ERR,ERR,ERR,ERR,ERR,ERR,ERR,ERR,ERR,ERR,ERR,ERR,ERR,ERR,ERR,ERR,ERR,ERR,ERR,ERR,ERR,ERR,ERR,ERR,ERR,ERR,ERR,ERR,ERR,ERR,ERR,ERR,ERR,ERR,ERR,ERR,ERR,ERR,ERR,ERR,ERR,ERR,ERR,ERR,ERR,ERR,ERR,ERR,ERR,ERR,ERR,ERR,ERR,ERR,ERR,ERR,ERR,ERR,ERR,ERR,ERR,ERR,ERR,ERR,ERR,ERR,ERR,ERR,ERR,ERR,ERR,ERR,ERR,ERR,ERR,ERR,ERR,ERR,ERR,ERR,ERR,ERR,ERR,ERR,ERR,ERR,ERR,ERR,ERR,ERR,ERR,ERR,ERR,ERR,ERR,ERR,ERR,ERR,ERR,ERR,ERR,ERR,ERR,ERR,ERR,ERR,ERR,ERR,ERR,ERR,ERR,ERR,ERR,ERR,ERR,-0.0,0.0,3.039990997430017e+23,0.0,0.0,0.0,0.0,nan,0,0,0,32768,0,0.0,0,0.0,0.0,0.0,0.0,0.0,0,0,0,0,0.0,0,0,0,0,0,0,0,0,0,0,0,0,0,0,0,0,0,0,0,0,0,0,0,0,0,0,0,0,0,0,0,0,0,0,0,0,0,0,0,0,0,0,0,0,0.0,0.0,0.0,0.0,0.0,0.0,0.0,0.0,0.0,0.0,0.0,0.0,0.0,0.0,0.0,0.0,0.0,0.0,0.0,0.0,0.0,0.0,2.004,0.0,-0.0,0.0,0.0,0.0,0.0,0.0,3400.5,-2.004,0.0,-0.0,0.0,-0.0,0.0,0.0,0.0,0.0,0.0,0,89221.016,0.0,0.0,0.0,0.0,0.0,0.0,0.0,0.0,0,0,0,0.0,0.0,0.0,0.0,0.0,0.0,0.0,0.0,0.0,0.0,0.0,0.0,0.0,0.0,0.0,0.0,0,-107875648.0,0,0.0,0,-107875648.0,-0.0,0,0,17040,39322,17054,13107,17038,0,0,0,110,100,100,-0.0,64.0,0.0,64.5,0.0,69.0,1,49,50,180,13107,0,0,0,0.0,0.0,0.0,0.0,1.5009618912706413e+35,65.0,0.0,0.0,0.0,646,0,690,0,0,0,720,0,793,0,710,0,690,0,645,0,643,0,614,0.032,40632320.0,-0.0,-0.0,45200,16787,1.3946926194894863e+28,0.0,3.650435696348796e+24,1.0034058219404794e+36,1.771677859493415e+37,0.248,29.0,60.0,70,0.0,0.0,0.0,0.0,0.0,0.0,0.0,0.0,0.0,0.0,0.0,0.0,0.0,0.0,0.0,0.0,59.6,69,11,65508,41,65476,0,300,0,0,8,20529,65476,0,0,61604,60.0,0.0,0.0,0.0,0.0,0.0
2026-04-04T11:04:49,ERR,ERR,ERR,ERR,ERR,ERR,ERR,ERR,ERR,ERR,ERR,ERR,ERR,ERR,ERR,ERR,ERR,ERR,ERR,ERR,ERR,ERR,ERR,ERR,ERR,ERR,ERR,ERR,ERR,ERR,ERR,ERR,ERR,ERR,ERR,ERR,ERR,ERR,ERR,ERR,ERR,ERR,ERR,ERR,ERR,ERR,ERR,ERR,ERR,ERR,ERR,ERR,ERR,ERR,ERR,ERR,ERR,ERR,ERR,ERR,ERR,ERR,ERR,ERR,ERR,ERR,ERR,ERR,ERR,ERR,ERR,ERR,ERR,ERR,ERR,ERR,ERR,ERR,ERR,ERR,ERR,ERR,ERR,ERR,ERR,ERR,ERR,ERR,ERR,ERR,ERR,ERR,ERR,ERR,ERR,ERR,ERR,ERR,ERR,ERR,ERR,ERR,ERR,ERR,ERR,ERR,ERR,ERR,ERR,ERR,ERR,ERR,ERR,ERR,ERR,ERR,ERR,ERR,ERR,ERR,ERR,ERR,ERR,ERR,ERR,-0.0,0.0,3.039990997430017e+23,0.0,0.0,0.0,0.0,nan,0,0,0,32768,0,0.0,0,0.0,0.0,0.0,0.0,0.0,0,0,0,0,0.0,0,0,0,0,0,0,0,0,0,0,0,0,0,0,0,0,0,0,0,0,0,0,0,0,0,0,0,0,0,0,0,0,0,0,0,0,0,0,0,0,0,0,0,0,0.0,0.0,0.0,0.0,0.0,0.0,0.0,0.0,0.0,0.0,0.0,0.0,0.0,0.0,0.0,0.0,0.0,0.0,0.0,0.0,0.0,0.0,2.004,0.0,-0.0,0.0,0.0,0.0,0.0,0.0,3400.5,-2.004,0.0,-0.0,0.0,-0.0,0.0,0.0,0.0,0.0,0.0,0,89221.016,0.0,0.0,0.0,0.0,0.0,0.0,0.0,0.0,0,0,0,0.0,0.0,0.0,0.0,0.0,0.0,0.0,0.0,0.0,0.0,0.0,0.0,0.0,0.0,0.0,0.0,0,-107875648.0,0,0.0,0,-107875648.0,-0.0,0,0,17040,39322,17054,13107,17038,0,0,0,110,100,100,-0.0,64.0,0.0,64.5,0.0,69.0,1,49,50,180,13107,0,0,0,0.0,0.0,0.0,0.0,1.5009618912706413e+35,65.0,0.0,0.0,0.0,646,0,690,0,0,0,720,0,793,0,710,0,690,0,645,0,643,0,614,0.032,40632320.0,-0.0,-0.0,45200,16787,1.3946926194894863e+28,0.0,3.650435696348796e+24,1.0034058219404794e+36,1.771677859493415e+37,0.248,29.0,60.0,70,0.0,0.0,0.0,0.0,0.0,0.0,0.0,0.0,0.0,0.0,0.0,0.0,0.0,0.0,0.0,0.0,59.6,69,11,65508,41,65476,0,300,0,0,8,20529,65476,0,0,61604,60.0,0.0,0.0,0.0,0.0,0.0
2026-04-04T11:04:50,ERR,ERR,ERR,ERR,ERR,ERR,ERR,ERR,ERR,ERR,ERR,ERR,ERR,ERR,ERR,ERR,ERR,ERR,ERR,ERR,ERR,ERR,ERR,ERR,ERR,ERR,ERR,ERR,ERR,ERR,ERR,ERR,ERR,ERR,ERR,ERR,ERR,ERR,ERR,ERR,ERR,ERR,ERR,ERR,ERR,ERR,ERR,ERR,ERR,ERR,ERR,ERR,ERR,ERR,ERR,ERR,ERR,ERR,ERR,ERR,ERR,ERR,ERR,ERR,ERR,ERR,ERR,ERR,ERR,ERR,ERR,ERR,ERR,ERR,ERR,ERR,ERR,ERR,ERR,ERR,ERR,ERR,ERR,ERR,ERR,ERR,ERR,ERR,ERR,ERR,ERR,ERR,ERR,ERR,ERR,ERR,ERR,ERR,ERR,ERR,ERR,ERR,ERR,ERR,ERR,ERR,ERR,ERR,ERR,ERR,ERR,ERR,ERR,ERR,ERR,ERR,ERR,ERR,ERR,ERR,ERR,ERR,ERR,ERR,ERR,-0.0,0.0,3.039990997430017e+23,0.0,0.0,0.0,0.0,nan,0,0,0,32768,0,0.0,0,0.0,0.0,0.0,0.0,0.0,0,0,0,0,0.0,0,0,0,0,0,0,0,0,0,0,0,0,0,0,0,0,0,0,0,0,0,0,0,0,0,0,0,0,0,0,0,0,0,0,0,0,0,0,0,0,0,0,0,0,0.0,0.0,0.0,0.0,0.0,0.0,0.0,0.0,0.0,0.0,0.0,0.0,0.0,0.0,0.0,0.0,0.0,0.0,0.0,0.0,0.0,0.0,2.004,0.0,-0.0,0.0,0.0,0.0,0.0,0.0,3400.5,-2.004,0.0,-0.0,0.0,2.7184274988523002e+23,0.0,0.0,0.0,0.0,0.0,0,71.63,0.0,0.0,0.0,0.0,0.0,0.0,0.0,0.0,0,0,0,0.0,0.0,0.0,0.0,0.0,0.0,0.0,0.0,0.0,0.0,0.0,0.0,0.0,0.0,0.0,0.0,0,-107875648.0,0,0.0,0,-107875648.0,-0.0,0,0,17040,39322,17054,13107,17038,0,0,0,110,100,100,-0.0,64.0,0.0,64.5,0.0,69.0,1,49,50,180,13107,0,0,0,0.0,0.0,0.0,0.0,1.5009618912706413e+35,65.0,0.0,0.0,0.0,646,0,690,0,0,0,720,0,793,0,710,0,690,0,645,0,643,0,614,0.032,40632320.0,-0.0,-0.0,45200,16787,1.3946926194894863e+28,0.0,3.650435696348796e+24,1.0034058219404794e+36,1.771677859493415e+37,0.248,29.0,60.0,70,0.0,0.0,0.0,0.0,0.0,0.0,0.0,0.0,0.0,0.0,0.0,0.0,0.0,0.0,0.0,0.0,59.2,69,11,65508,41,65476,0,300,0,0,8,20529,65476,0,0,61604,60.0,0.0,0.0,0.0,0.0,0.0
2026-04-04T11:04:51,ERR,ERR,ERR,ERR,ERR,ERR,ERR,ERR,ERR,ERR,ERR,ERR,ERR,ERR,ERR,ERR,ERR,ERR,ERR,ERR,ERR,ERR,ERR,ERR,ERR,ERR,ERR,ERR,ERR,ERR,ERR,ERR,ERR,ERR,ERR,ERR,ERR,ERR,ERR,ERR,ERR,ERR,ERR,ERR,ERR,ERR,ERR,ERR,ERR,ERR,ERR,ERR,ERR,ERR,ERR,ERR,ERR,ERR,ERR,ERR,ERR,ERR,ERR,ERR,ERR,ERR,ERR,ERR,ERR,ERR,ERR,ERR,ERR,ERR,ERR,ERR,ERR,ERR,ERR,ERR,ERR,ERR,ERR,ERR,ERR,ERR,ERR,ERR,ERR,ERR,ERR,ERR,ERR,ERR,ERR,ERR,ERR,ERR,ERR,ERR,ERR,ERR,ERR,ERR,ERR,ERR,ERR,ERR,ERR,ERR,ERR,ERR,ERR,ERR,ERR,ERR,ERR,ERR,ERR,ERR,ERR,ERR,ERR,ERR,ERR,-0.0,0.0,3.039990997430017e+23,0.0,0.0,0.0,0.0,nan,0,0,0,32768,0,0.0,0,0.0,0.0,0.0,0.0,0.0,0,0,0,0,0.0,0,0,0,0,0,0,0,0,0,0,0,0,0,0,0,0,0,0,0,0,0,0,0,0,0,0,0,0,0,0,0,0,0,0,0,0,0,0,0,0,0,0,0,0,0.0,0.0,0.0,0.0,0.0,0.0,0.0,0.0,0.0,0.0,0.0,0.0,0.0,0.0,0.0,0.0,0.0,0.0,0.0,0.0,0.0,0.0,2.004,0.0,-0.0,0.0,0.0,0.0,0.0,0.0,3400.5,-2.004,0.0,-0.0,0.0,2.7184274988523002e+23,0.0,0.0,0.0,0.0,0.0,0,71.63,0.0,0.0,0.0,0.0,0.0,0.0,0.0,0.0,0,0,0,0.0,0.0,0.0,0.0,0.0,0.0,0.0,0.0,0.0,0.0,0.0,0.0,0.0,0.0,0.0,0.0,0,-107875648.0,0,0.0,0,-107875648.0,-0.0,0,0,17040,39322,17054,13107,17038,0,0,0,110,100,100,-0.0,64.0,0.0,64.5,0.0,69.0,1,49,50,180,13107,0,0,0,0.0,0.0,0.0,0.0,1.5009618912706413e+35,65.0,0.0,0.0,0.0,646,0,690,0,0,0,720,0,793,0,710,0,690,0,645,0,643,0,614,0.032,40632320.0,-0.0,-0.0,45200,16787,1.3946926194894863e+28,0.0,3.650435696348796e+24,1.0034058219404794e+36,1.771677859493415e+37,0.248,29.0,60.0,70,0.0,0.0,0.0,0.0,0.0,0.0,0.0,0.0,0.0,0.0,0.0,0.0,0.0,0.0,0.0,0.0,59.2,69,11,65508,41,65476,0,300,0,0,8,20529,65476,0,0,61604,60.0,0.0,0.0,0.0,0.0,0.0
2026-04-04T11:04:52,ERR,ERR,ERR,ERR,ERR,ERR,ERR,ERR,ERR,ERR,ERR,ERR,ERR,ERR,ERR,ERR,ERR,ERR,ERR,ERR,ERR,ERR,ERR,ERR,ERR,ERR,ERR,ERR,ERR,ERR,ERR,ERR,ERR,ERR,ERR,ERR,ERR,ERR,ERR,ERR,ERR,ERR,ERR,ERR,ERR,ERR,ERR,ERR,ERR,ERR,ERR,ERR,ERR,ERR,ERR,ERR,ERR,ERR,ERR,ERR,ERR,ERR,ERR,ERR,ERR,ERR,ERR,ERR,ERR,ERR,ERR,ERR,ERR,ERR,ERR,ERR,ERR,ERR,ERR,ERR,ERR,ERR,ERR,ERR,ERR,ERR,ERR,ERR,ERR,ERR,ERR,ERR,ERR,ERR,ERR,ERR,ERR,ERR,ERR,ERR,ERR,ERR,ERR,ERR,ERR,ERR,ERR,ERR,ERR,ERR,ERR,ERR,ERR,ERR,ERR,ERR,ERR,ERR,ERR,ERR,ERR,ERR,ERR,ERR,ERR,-0.0,0.0,3.039990997430017e+23,0.0,0.0,0.0,0.0,nan,0,0,0,32768,0,0.0,0,0.0,0.0,0.0,0.0,0.0,0,0,0,0,0.0,0,0,0,0,0,0,0,0,0,0,0,0,0,0,0,0,0,0,0,0,0,0,0,0,0,0,0,0,0,0,0,0,0,0,0,0,0,0,0,0,0,0,0,0,0.0,0.0,0.0,0.0,0.0,0.0,0.0,0.0,0.0,0.0,0.0,0.0,0.0,0.0,0.0,0.0,0.0,0.0,0.0,0.0,0.0,0.0,2.004,0.0,-0.0,0.0,0.0,0.0,0.0,0.0,3400.5,-2.004,0.0,-0.0,0.0,2.7184274988523002e+23,0.0,0.0,0.0,0.0,0.0,0,71.63,0.0,0.0,0.0,0.0,0.0,0.0,0.0,0.0,0,0,0,0.0,0.0,0.0,0.0,0.0,0.0,0.0,0.0,0.0,0.0,0.0,0.0,0.0,0.0,0.0,0.0,0,-107875648.0,0,0.0,0,-107875648.0,-0.0,0,0,17040,39322,17054,13107,17038,0,0,0,110,100,100,-0.0,64.0,0.0,64.5,0.0,69.0,1,49,50,180,13107,0,0,0,0.0,0.0,0.0,0.0,-0.0,65.0,0.0,1130.062,0.0,646,0,690,0,0,0,720,0,793,0,711,0,690,0,645,0,643,0,614,0.032,36700160.0,-0.0,-0.0,61072,16787,-0.0,0.0,-0.0,0.0,-0.0,-0.0,29.0,60.0,70,0.0,0.0,0.0,0.0,0.0,0.0,0.0,0.0,0.0,0.0,0.0,0.0,0.0,0.0,0.0,0.0,59.2,69,11,65508,41,65476,0,300,0,0,8,20529,65476,0,0,61604,60.0,0.0,0.0,0.0,0.0,0.0
2026-04-04T11:04:53,ERR,ERR,ERR,ERR,ERR,ERR,ERR,ERR,ERR,ERR,ERR,ERR,ERR,ERR,ERR,ERR,ERR,ERR,ERR,ERR,ERR,ERR,ERR,ERR,ERR,ERR,ERR,ERR,ERR,ERR,ERR,ERR,ERR,ERR,ERR,ERR,ERR,ERR,ERR,ERR,ERR,ERR,ERR,ERR,ERR,ERR,ERR,ERR,ERR,ERR,ERR,ERR,ERR,ERR,ERR,ERR,ERR,ERR,ERR,ERR,ERR,ERR,ERR,ERR,ERR,ERR,ERR,ERR,ERR,ERR,ERR,ERR,ERR,ERR,ERR,ERR,ERR,ERR,ERR,ERR,ERR,ERR,ERR,ERR,ERR,ERR,ERR,ERR,ERR,ERR,ERR,ERR,ERR,ERR,ERR,ERR,ERR,ERR,ERR,ERR,ERR,ERR,ERR,ERR,ERR,ERR,ERR,ERR,ERR,ERR,ERR,ERR,ERR,ERR,ERR,ERR,ERR,ERR,ERR,ERR,ERR,ERR,ERR,ERR,ERR,-0.0,0.0,3.039990997430017e+23,0.0,0.0,0.0,0.0,nan,0,0,0,32768,0,0.0,0,0.0,0.0,0.0,0.0,0.0,0,0,0,0,0.0,0,0,0,0,0,0,0,0,0,0,0,0,0,0,0,0,0,0,0,0,0,0,0,0,0,0,0,0,0,0,0,0,0,0,0,0,0,0,0,0,0,0,0,0,0.0,0.0,0.0,0.0,0.0,0.0,0.0,0.0,0.0,0.0,0.0,0.0,0.0,0.0,0.0,0.0,0.0,0.0,0.0,0.0,0.0,0.0,2.004,0.0,-0.0,0.0,0.0,0.0,0.0,0.0,3400.5,-2.004,0.0,-0.0,0.0,2.7184274988523002e+23,0.0,0.0,0.0,0.0,0.0,0,71.63,0.0,0.0,0.0,0.0,0.0,0.0,0.0,0.0,0,0,0,0.0,0.0,0.0,0.0,0.0,0.0,0.0,0.0,0.0,0.0,0.0,0.0,0.0,0.0,0.0,0.0,0,-107875648.0,0,0.0,0,-107875648.0,-0.0,0,0,17040,39322,17054,13107,17038,0,0,0,110,100,100,-0.0,64.0,0.0,64.5,0.0,69.0,1,49,50,180,13107,0,0,0,0.0,0.0,0.0,0.0,-0.0,65.0,0.0,1130.062,0.0,646,0,690,0,0,0,720,0,793,0,711,0,690,0,645,0,643,0,614,0.032,36700160.0,-0.0,-0.0,61072,16787,-0.0,0.0,-0.0,0.0,-0.0,-0.0,29.0,60.0,70,0.0,0.0,0.0,0.0,0.0,0.0,0.0,0.0,0.0,0.0,0.0,0.0,0.0,0.0,0.0,0.0,59.2,69,11,65508,41,65476,0,300,0,0,8,20529,65476,0,0,61604,60.0,0.0,0.0,0.0,0.0,0.0
2026-04-04T11:04:54,ERR,ERR,ERR,ERR,ERR,ERR,ERR,ERR,ERR,ERR,ERR,ERR,ERR,ERR,ERR,ERR,ERR,ERR,ERR,ERR,ERR,ERR,ERR,ERR,ERR,ERR,ERR,ERR,ERR,ERR,ERR,ERR,ERR,ERR,ERR,ERR,ERR,ERR,ERR,ERR,ERR,ERR,ERR,ERR,ERR,ERR,ERR,ERR,ERR,ERR,ERR,ERR,ERR,ERR,ERR,ERR,ERR,ERR,ERR,ERR,ERR,ERR,ERR,ERR,ERR,ERR,ERR,ERR,ERR,ERR,ERR,ERR,ERR,ERR,ERR,ERR,ERR,ERR,ERR,ERR,ERR,ERR,ERR,ERR,ERR,ERR,ERR,ERR,ERR,ERR,ERR,ERR,ERR,ERR,ERR,ERR,ERR,ERR,ERR,ERR,ERR,ERR,ERR,ERR,ERR,ERR,ERR,ERR,ERR,ERR,ERR,ERR,ERR,ERR,ERR,ERR,ERR,ERR,ERR,ERR,ERR,ERR,ERR,ERR,ERR,-0.0,0.0,3.039990997430017e+23,0.0,0.0,0.0,0.0,nan,0,0,0,32768,0,0.0,0,0.0,0.0,0.0,0.0,0.0,0,0,0,0,0.0,0,0,0,0,0,0,0,0,0,0,0,0,0,0,0,0,0,0,0,0,0,0,0,0,0,0,0,0,0,0,0,0,0,0,0,0,0,0,0,0,0,0,0,0,0.0,0.0,0.0,0.0,0.0,0.0,0.0,0.0,0.0,0.0,0.0,0.0,0.0,0.0,0.0,0.0,0.0,0.0,0.0,0.0,0.0,0.0,2.004,0.0,-0.0,0.0,0.0,0.0,0.0,0.0,3400.5,-2.004,0.0,-0.0,0.0,2.7184274988523002e+23,0.0,0.0,0.0,0.0,0.0,0,71.63,0.0,0.0,0.0,0.0,0.0,0.0,0.0,0.0,0,0,0,0.0,0.0,0.0,0.0,0.0,0.0,0.0,0.0,0.0,0.0,0.0,0.0,0.0,0.0,0.0,0.0,0,-107875648.0,0,0.0,0,-107875648.0,-0.0,0,0,17040,39322,17054,13107,17038,0,0,0,110,100,100,-0.0,64.0,0.0,64.5,0.0,69.0,1,49,50,180,13107,0,0,0,0.0,0.0,0.0,0.0,-0.0,65.0,0.0,1130.062,0.0,646,0,690,0,0,0,720,0,793,0,711,0,690,0,645,0,643,0,614,0.032,36700160.0,-0.0,-0.0,61072,16787,-0.0,0.0,-0.0,0.0,-0.0,-0.0,29.0,60.0,70,0.0,0.0,0.0,0.0,0.0,0.0,0.0,0.0,0.0,0.0,0.0,0.0,0.0,0.0,0.0,0.0,59.2,69,11,65508,41,65476,0,300,0,0,8,20529,65476,0,0,61604,60.0,0.0,0.0,0.0,0.0,0.0
2026-04-04T11:04:55,ERR,ERR,ERR,ERR,ERR,ERR,ERR,ERR,ERR,ERR,ERR,ERR,ERR,ERR,ERR,ERR,ERR,ERR,ERR,ERR,ERR,ERR,ERR,ERR,ERR,ERR,ERR,ERR,ERR,ERR,ERR,ERR,ERR,ERR,ERR,ERR,ERR,ERR,ERR,ERR,ERR,ERR,ERR,ERR,ERR,ERR,ERR,ERR,ERR,ERR,ERR,ERR,ERR,ERR,ERR,ERR,ERR,ERR,ERR,ERR,ERR,ERR,ERR,ERR,ERR,ERR,ERR,ERR,ERR,ERR,ERR,ERR,ERR,ERR,ERR,ERR,ERR,ERR,ERR,ERR,ERR,ERR,ERR,ERR,ERR,ERR,ERR,ERR,ERR,ERR,ERR,ERR,ERR,ERR,ERR,ERR,ERR,ERR,ERR,ERR,ERR,ERR,ERR,ERR,ERR,ERR,ERR,ERR,ERR,ERR,ERR,ERR,ERR,ERR,ERR,ERR,ERR,ERR,ERR,ERR,ERR,ERR,ERR,ERR,ERR,-0.0,0.0,3.039990997430017e+23,0.0,0.0,0.0,0.0,nan,0,0,0,32768,0,0.0,0,0.0,0.0,0.0,0.0,0.0,0,0,0,0,0.0,0,0,0,0,0,0,0,0,0,0,0,0,0,0,0,0,0,0,0,0,0,0,0,0,0,0,0,0,0,0,0,0,0,0,0,0,0,0,0,0,0,0,0,0,0.0,0.0,0.0,0.0,0.0,0.0,0.0,0.0,0.0,0.0,0.0,0.0,0.0,0.0,0.0,0.0,0.0,0.0,0.0,0.0,0.0,0.0,2.004,0.0,-0.0,0.0,0.0,0.0,0.0,0.0,3400.5,-2.004,0.0,-0.0,0.0,2.7184274988523002e+23,0.0,0.0,0.0,0.0,0.0,0,71.63,0.0,0.0,0.0,0.0,0.0,0.0,0.0,0.0,0,0,0,0.0,0.0,0.0,0.0,0.0,0.0,0.0,0.0,0.0,0.0,0.0,0.0,0.0,0.0,0.0,0.0,0,-107875648.0,0,0.0,0,-107875648.0,-0.0,0,0,17040,39322,17054,13107,17038,0,0,0,110,100,100,-0.0,64.0,0.0,64.5,0.0,69.0,1,49,50,180,13107,0,0,0,0.0,0.0,0.0,0.0,-0.0,65.0,0.0,1130.062,0.0,646,0,690,0,0,0,720,0,793,0,711,0,690,0,645,0,643,0,614,0.032,36700160.0,-0.0,-0.0,61072,16787,-0.0,0.0,-0.0,0.0,-0.0,-0.0,29.0,60.0,70,0.0,0.0,0.0,0.0,0.0,0.0,0.0,0.0,0.0,0.0,0.0,0.0,0.0,0.0,0.0,0.0,59.2,69,11,65508,41,65476,0,300,0,0,8,20529,65476,0,0,61604,60.0,0.0,0.0,0.0,0.0,0.0
2026-04-04T11:04:56,ERR,ERR,ERR,ERR,ERR,ERR,ERR,ERR,ERR,ERR,ERR,ERR,ERR,ERR,ERR,ERR,ERR,ERR,ERR,ERR,ERR,ERR,ERR,ERR,ERR,ERR,ERR,ERR,ERR,ERR,ERR,ERR,ERR,ERR,ERR,ERR,ERR,ERR,ERR,ERR,ERR,ERR,ERR,ERR,ERR,ERR,ERR,ERR,ERR,ERR,ERR,ERR,ERR,ERR,ERR,ERR,ERR,ERR,ERR,ERR,ERR,ERR,ERR,ERR,ERR,ERR,ERR,ERR,ERR,ERR,ERR,ERR,ERR,ERR,ERR,ERR,ERR,ERR,ERR,ERR,ERR,ERR,ERR,ERR,ERR,ERR,ERR,ERR,ERR,ERR,ERR,ERR,ERR,ERR,ERR,ERR,ERR,ERR,ERR,ERR,ERR,ERR,ERR,ERR,ERR,ERR,ERR,ERR,ERR,ERR,ERR,ERR,ERR,ERR,ERR,ERR,ERR,ERR,ERR,ERR,ERR,ERR,ERR,ERR,ERR,-0.0,0.0,3.039990997430017e+23,0.0,0.0,0.0,0.0,nan,0,0,0,32768,0,0.0,0,0.0,0.0,0.0,0.0,0.0,0,0,0,0,0.0,0,0,0,0,0,0,0,0,0,0,0,0,0,0,0,0,0,0,0,0,0,0,0,0,0,0,0,0,0,0,0,0,0,0,0,0,0,0,0,0,0,0,0,0,0.0,0.0,0.0,0.0,0.0,0.0,0.0,0.0,0.0,0.0,0.0,0.0,0.0,0.0,0.0,0.0,0.0,0.0,0.0,0.0,0.0,0.0,2.004,0.0,-0.0,0.0,0.0,0.0,0.0,0.0,3400.5,-2.004,0.0,-0.0,0.0,2.7184274988523002e+23,0.0,0.0,0.0,0.0,0.0,0,71.63,0.0,0.0,0.0,0.0,0.0,0.0,0.0,0.0,0,0,0,0.0,0.0,0.0,0.0,0.0,0.0,0.0,0.0,0.0,0.0,0.0,0.0,0.0,0.0,0.0,0.0,0,-107875648.0,0,0.0,0,-107875648.0,-0.0,0,0,17040,39322,17054,0,17038,0,0,0,110,100,100,-0.0,64.0,0.0,64.5,0.0,69.0,1,49,50,180,13107,0,0,0,0.0,0.0,0.0,0.0,-0.0,65.0,0.0,0.0,0.0,646,0,690,0,0,0,720,0,793,0,710,0,690,0,645,0,643,0,614,0.032,56098816.0,-0.0,-0.0,52368,16787,-0.0,0.0,-0.0,-0.0,-0.0,5.692108514037689e+35,29.0,60.0,70,0.0,0.0,0.0,0.0,0.0,0.0,0.0,0.0,0.0,0.0,0.0,0.0,0.0,0.0,0.0,0.0,59.2,69,11,65508,41,65476,0,300,0,0,8,20529,65476,0,0,61604,60.0,0.0,0.0,0.0,0.0,0.0
2026-04-04T11:04:57,ERR,ERR,ERR,ERR,ERR,ERR,ERR,ERR,ERR,ERR,ERR,ERR,ERR,ERR,ERR,ERR,ERR,ERR,ERR,ERR,ERR,ERR,ERR,ERR,ERR,ERR,ERR,ERR,ERR,ERR,ERR,ERR,ERR,ERR,ERR,ERR,ERR,ERR,ERR,ERR,ERR,ERR,ERR,ERR,ERR,ERR,ERR,ERR,ERR,ERR,ERR,ERR,ERR,ERR,ERR,ERR,ERR,ERR,ERR,ERR,ERR,ERR,ERR,ERR,ERR,ERR,ERR,ERR,ERR,ERR,ERR,ERR,ERR,ERR,ERR,ERR,ERR,ERR,ERR,ERR,ERR,ERR,ERR,ERR,ERR,ERR,ERR,ERR,ERR,ERR,ERR,ERR,ERR,ERR,ERR,ERR,ERR,ERR,ERR,ERR,ERR,ERR,ERR,ERR,ERR,ERR,ERR,ERR,ERR,ERR,ERR,ERR,ERR,ERR,ERR,ERR,ERR,ERR,ERR,ERR,ERR,ERR,ERR,ERR,ERR,-0.0,0.0,3.039990997430017e+23,0.0,0.0,0.0,0.0,nan,0,0,0,32768,0,0.0,0,0.0,0.0,0.0,0.0,0.0,0,0,0,0,0.0,0,0,0,0,0,0,0,0,0,0,0,0,0,0,0,0,0,0,0,0,0,0,0,0,0,0,0,0,0,0,0,0,0,0,0,0,0,0,0,0,0,0,0,0,0.0,0.0,0.0,0.0,0.0,0.0,0.0,0.0,0.0,0.0,0.0,0.0,0.0,0.0,0.0,0.0,0.0,0.0,0.0,0.0,0.0,0.0,2.004,0.0,-0.0,0.0,0.0,0.0,0.0,0.0,3402.5,-2.004,0.0,-0.0,0.0,2.7184274988523002e+23,0.0,0.0,0.0,0.0,0.0,0,152018253512704.0,0.0,0.0,0.0,0.0,0.0,0.0,0.0,0.0,0,0,0,0.0,0.0,0.0,0.0,0.0,0.0,0.0,0.0,0.0,0.0,0.0,0.0,0.0,0.0,0.0,0.0,0,-107875648.0,0,0.0,0,-107875648.0,-0.0,0,0,17040,39322,17054,0,17038,0,0,0,110,100,100,-0.0,64.0,0.0,64.5,0.0,69.0,1,49,50,180,13107,0,0,0,0.0,0.0,0.0,0.0,-0.0,65.0,0.0,0.0,0.0,646,0,690,0,0,0,720,0,793,0,710,0,690,0,645,0,643,0,614,0.032,56098816.0,-0.0,-0.0,52368,16787,-0.0,0.0,-0.0,-0.0,-0.0,5.692108514037689e+35,29.0,60.0,70,0.0,0.0,0.0,0.0,0.0,0.0,0.0,0.0,0.0,0.0,0.0,0.0,0.0,0.0,0.0,0.0,59.2,69,11,65508,41,65476,0,300,0,0,8,20529,65476,0,0,61604,60.0,0.0,0.0,0.0,0.0,0.0
2026-04-04T11:04:58,ERR,ERR,ERR,ERR,ERR,ERR,ERR,ERR,ERR,ERR,ERR,ERR,ERR,ERR,ERR,ERR,ERR,ERR,ERR,ERR,ERR,ERR,ERR,ERR,ERR,ERR,ERR,ERR,ERR,ERR,ERR,ERR,ERR,ERR,ERR,ERR,ERR,ERR,ERR,ERR,ERR,ERR,ERR,ERR,ERR,ERR,ERR,ERR,ERR,ERR,ERR,ERR,ERR,ERR,ERR,ERR,ERR,ERR,ERR,ERR,ERR,ERR,ERR,ERR,ERR,ERR,ERR,ERR,ERR,ERR,ERR,ERR,ERR,ERR,ERR,ERR,ERR,ERR,ERR,ERR,ERR,ERR,ERR,ERR,ERR,ERR,ERR,ERR,ERR,ERR,ERR,ERR,ERR,ERR,ERR,ERR,ERR,ERR,ERR,ERR,ERR,ERR,ERR,ERR,ERR,ERR,ERR,ERR,ERR,ERR,ERR,ERR,ERR,ERR,ERR,ERR,ERR,ERR,ERR,ERR,ERR,ERR,ERR,ERR,ERR,-0.0,0.0,3.039990997430017e+23,0.0,0.0,0.0,0.0,nan,0,0,0,32768,0,0.0,0,0.0,0.0,0.0,0.0,0.0,0,0,0,0,0.0,0,0,0,0,0,0,0,0,0,0,0,0,0,0,0,0,0,0,0,0,0,0,0,0,0,0,0,0,0,0,0,0,0,0,0,0,0,0,0,0,0,0,0,0,0.0,0.0,0.0,0.0,0.0,0.0,0.0,0.0,0.0,0.0,0.0,0.0,0.0,0.0,0.0,0.0,0.0,0.0,0.0,0.0,0.0,0.0,2.004,0.0,-0.0,0.0,0.0,0.0,0.0,0.0,3402.5,-2.004,0.0,-0.0,0.0,2.7184274988523002e+23,0.0,0.0,0.0,0.0,0.0,0,152018253512704.0,0.0,0.0,0.0,0.0,0.0,0.0,0.0,0.0,0,0,0,0.0,0.0,0.0,0.0,0.0,0.0,0.0,0.0,0.0,0.0,0.0,0.0,0.0,0.0,0.0,0.0,0,-107875648.0,0,0.0,0,-107875648.0,-0.0,0,0,17040,39322,17054,0,17038,0,0,0,110,100,100,-0.0,64.0,0.0,64.5,0.0,69.0,1,49,50,180,13107,0,0,0,0.0,0.0,0.0,0.0,-0.0,65.0,0.0,0.0,0.0,646,0,690,0,0,0,720,0,793,0,710,0,690,0,645,0,643,0,614,0.032,56098816.0,-0.0,-0.0,52368,16787,-0.0,0.0,-0.0,-0.0,-0.0,5.692108514037689e+35,29.0,60.0,70,0.0,0.0,0.0,0.0,0.0,0.0,0.0,0.0,0.0,0.0,0.0,0.0,0.0,0.0,0.0,0.0,59.2,69,11,65508,41,65476,0,300,0,0,8,20529,65476,0,0,61604,60.0,0.0,0.0,0.0,0.0,0.0
2026-04-04T11:04:59,ERR,ERR,ERR,ERR,ERR,ERR,ERR,ERR,ERR,ERR,ERR,ERR,ERR,ERR,ERR,ERR,ERR,ERR,ERR,ERR,ERR,ERR,ERR,ERR,ERR,ERR,ERR,ERR,ERR,ERR,ERR,ERR,ERR,ERR,ERR,ERR,ERR,ERR,ERR,ERR,ERR,ERR,ERR,ERR,ERR,ERR,ERR,ERR,ERR,ERR,ERR,ERR,ERR,ERR,ERR,ERR,ERR,ERR,ERR,ERR,ERR,ERR,ERR,ERR,ERR,ERR,ERR,ERR,ERR,ERR,ERR,ERR,ERR,ERR,ERR,ERR,ERR,ERR,ERR,ERR,ERR,ERR,ERR,ERR,ERR,ERR,ERR,ERR,ERR,ERR,ERR,ERR,ERR,ERR,ERR,ERR,ERR,ERR,ERR,ERR,ERR,ERR,ERR,ERR,ERR,ERR,ERR,ERR,ERR,ERR,ERR,ERR,ERR,ERR,ERR,ERR,ERR,ERR,ERR,ERR,ERR,ERR,ERR,ERR,ERR,-0.0,0.0,3.039990997430017e+23,0.0,0.0,0.0,0.0,nan,0,0,0,32768,0,0.0,0,0.0,0.0,0.0,0.0,0.0,0,0,0,0,0.0,0,0,0,0,0,0,0,0,0,0,0,0,0,0,0,0,0,0,0,0,0,0,0,0,0,0,0,0,0,0,0,0,0,0,0,0,0,0,0,0,0,0,0,0,0.0,0.0,0.0,0.0,0.0,0.0,0.0,0.0,0.0,0.0,0.0,0.0,0.0,0.0,0.0,0.0,0.0,0.0,0.0,0.0,0.0,0.0,2.004,0.0,-0.0,0.0,0.0,0.0,0.0,0.0,3402.5,-2.004,0.0,-0.0,0.0,2.7184274988523002e+23,0.0,0.0,0.0,0.0,0.0,0,152018253512704.0,0.0,0.0,0.0,0.0,0.0,0.0,0.0,0.0,0,0,0,0.0,0.0,0.0,0.0,0.0,0.0,0.0,0.0,0.0,0.0,0.0,0.0,0.0,0.0,0.0,0.0,0,-107875648.0,0,0.0,0,-107875648.0,-0.0,0,0,17040,39322,17054,0,17038,0,0,0,110,100,100,-0.0,64.0,0.0,64.5,0.0,69.0,1,49,50,180,13107,0,0,0,0.0,0.0,0.0,0.0,-0.0,65.0,0.0,0.0,0.0,646,0,690,0,0,0,720,0,793,0,710,0,690,0,645,0,643,0,614,0.032,56098816.0,-0.0,-0.0,52368,16787,-0.0,0.0,-0.0,-0.0,-0.0,5.692108514037689e+35,29.0,60.0,70,0.0,0.0,0.0,0.0,0.0,0.0,0.0,0.0,0.0,0.0,0.0,0.0,0.0,0.0,0.0,0.0,59.2,69,11,65508,41,65476,0,300,0,0,8,20529,65476,0,0,61604,60.0,0.0,0.0,0.0,0.0,0.0
2026-04-04T11:05:00,ERR,ERR,ERR,ERR,ERR,ERR,ERR,ERR,ERR,ERR,ERR,ERR,ERR,ERR,ERR,ERR,ERR,ERR,ERR,ERR,ERR,ERR,ERR,ERR,ERR,ERR,ERR,ERR,ERR,ERR,ERR,ERR,ERR,ERR,ERR,ERR,ERR,ERR,ERR,ERR,ERR,ERR,ERR,ERR,ERR,ERR,ERR,ERR,ERR,ERR,ERR,ERR,ERR,ERR,ERR,ERR,ERR,ERR,ERR,ERR,ERR,ERR,ERR,ERR,ERR,ERR,ERR,ERR,ERR,ERR,ERR,ERR,ERR,ERR,ERR,ERR,ERR,ERR,ERR,ERR,ERR,ERR,ERR,ERR,ERR,ERR,ERR,ERR,ERR,ERR,ERR,ERR,ERR,ERR,ERR,ERR,ERR,ERR,ERR,ERR,ERR,ERR,ERR,ERR,ERR,ERR,ERR,ERR,ERR,ERR,ERR,ERR,ERR,ERR,ERR,ERR,ERR,ERR,ERR,ERR,ERR,ERR,ERR,ERR,ERR,-0.0,0.0,3.039990997430017e+23,0.0,0.0,0.0,0.0,nan,0,0,0,32768,0,0.0,0,0.0,0.0,0.0,0.0,0.0,0,0,0,0,0.0,0,0,0,0,0,0,0,0,0,0,0,0,0,0,0,0,0,0,0,0,0,0,0,0,0,0,0,0,0,0,0,0,0,0,0,0,0,0,0,0,0,0,0,0,0.0,0.0,0.0,0.0,0.0,0.0,0.0,0.0,0.0,0.0,0.0,0.0,0.0,0.0,0.0,0.0,0.0,0.0,0.0,0.0,0.0,0.0,2.004,0.0,-0.0,0.0,0.0,0.0,0.0,0.0,3402.5,-2.004,0.0,-0.0,0.0,2.7184274988523002e+23,0.0,0.0,0.0,0.0,0.0,0,152018253512704.0,0.0,0.0,0.0,0.0,0.0,0.0,0.0,0.0,0,0,0,0.0,0.0,0.0,0.0,0.0,0.0,0.0,0.0,0.0,0.0,0.0,0.0,0.0,0.0,0.0,0.0,0,-107875648.0,0,0.0,0,-107875648.0,-0.0,0,0,17040,39322,17054,0,17038,0,0,0,110,100,100,-0.0,64.0,0.0,64.5,0.0,69.0,1,49,50,180,13107,0,0,0,0.0,0.0,0.0,0.0,-0.0,65.0,0.0,0.0,0.0,646,0,690,0,0,0,720,0,793,0,710,0,690,0,645,0,643,0,614,0.032,56098816.0,-0.0,-0.0,52368,16787,-0.0,0.0,-0.0,-0.0,-0.0,5.692108514037689e+35,29.0,60.0,70,0.0,0.0,0.0,0.0,0.0,0.0,0.0,0.0,0.0,0.0,0.0,0.0,0.0,0.0,0.0,0.0,59.2,69,11,65508,41,65476,0,300,0,0,8,20529,65476,0,0,61604,60.0,0.0,0.0,0.0,0.0,0.0
2026-04-04T11:05:01,ERR,ERR,ERR,ERR,ERR,ERR,ERR,ERR,ERR,ERR,ERR,ERR,ERR,ERR,ERR,ERR,ERR,ERR,ERR,ERR,ERR,ERR,ERR,ERR,ERR,ERR,ERR,ERR,ERR,ERR,ERR,ERR,ERR,ERR,ERR,ERR,ERR,ERR,ERR,ERR,ERR,ERR,ERR,ERR,ERR,ERR,ERR,ERR,ERR,ERR,ERR,ERR,ERR,ERR,ERR,ERR,ERR,ERR,ERR,ERR,ERR,ERR,ERR,ERR,ERR,ERR,ERR,ERR,ERR,ERR,ERR,ERR,ERR,ERR,ERR,ERR,ERR,ERR,ERR,ERR,ERR,ERR,ERR,ERR,ERR,ERR,ERR,ERR,ERR,ERR,ERR,ERR,ERR,ERR,ERR,ERR,ERR,ERR,ERR,ERR,ERR,ERR,ERR,ERR,ERR,ERR,ERR,ERR,ERR,ERR,ERR,ERR,ERR,ERR,ERR,ERR,ERR,ERR,ERR,ERR,ERR,ERR,ERR,ERR,ERR,-0.0,0.0,3.039990997430017e+23,0.0,0.0,0.0,0.0,nan,0,0,0,32768,0,0.0,0,0.0,0.0,0.0,0.0,0.0,0,0,0,0,0.0,0,0,0,0,0,0,0,0,0,0,0,0,0,0,0,0,0,0,0,0,0,0,0,0,0,0,0,0,0,0,0,0,0,0,0,0,0,0,0,0,0,0,0,0,0.0,0.0,0.0,0.0,0.0,0.0,0.0,0.0,0.0,0.0,0.0,0.0,0.0,0.0,0.0,0.0,0.0,0.0,0.0,0.0,0.0,0.0,2.004,0.0,-0.0,0.0,0.0,0.0,0.0,0.0,3402.5,-2.004,0.0,-0.0,0.0,2.7184274988523002e+23,0.0,0.0,0.0,0.0,0.0,0,152018253512704.0,0.0,0.0,0.0,0.0,0.0,0.0,0.0,0.0,0,0,0,0.0,0.0,0.0,0.0,0.0,0.0,0.0,0.0,0.0,0.0,0.0,0.0,0.0,0.0,0.0,0.0,0,-107875648.0,0,0.0,0,-107875648.0,-0.0,0,0,17040,39322,17054,0,17038,0,0,0,110,100,100,-0.0,64.0,0.0,64.5,0.0,69.0,1,49,50,180,13107,0,0,0,0.0,0.0,0.0,0.0,-0.0,65.0,0.0,0.0,0.0,646,0,690,0,0,0,720,0,793,0,710,0,690,0,645,0,643,0,614,0.032,56098816.0,-0.0,-0.0,52368,16787,-0.0,0.0,-0.0,-0.0,-0.0,5.692108514037689e+35,29.0,60.0,70,0.0,0.0,0.0,0.0,0.0,0.0,0.0,0.0,0.0,0.0,0.0,0.0,0.0,0.0,0.0,0.0,59.2,69,11,65508,41,65476,0,300,0,0,8,20529,65476,0,0,61604,60.0,0.0,0.0,0.0,0.0,0.0
2026-04-04T11:05:02,ERR,ERR,ERR,ERR,ERR,ERR,ERR,ERR,ERR,ERR,ERR,ERR,ERR,ERR,ERR,ERR,ERR,ERR,ERR,ERR,ERR,ERR,ERR,ERR,ERR,ERR,ERR,ERR,ERR,ERR,ERR,ERR,ERR,ERR,ERR,ERR,ERR,ERR,ERR,ERR,ERR,ERR,ERR,ERR,ERR,ERR,ERR,ERR,ERR,ERR,ERR,ERR,ERR,ERR,ERR,ERR,ERR,ERR,ERR,ERR,ERR,ERR,ERR,ERR,ERR,ERR,ERR,ERR,ERR,ERR,ERR,ERR,ERR,ERR,ERR,ERR,ERR,ERR,ERR,ERR,ERR,ERR,ERR,ERR,ERR,ERR,ERR,ERR,ERR,ERR,ERR,ERR,ERR,ERR,ERR,ERR,ERR,ERR,ERR,ERR,ERR,ERR,ERR,ERR,ERR,ERR,ERR,ERR,ERR,ERR,ERR,ERR,ERR,ERR,ERR,ERR,ERR,ERR,ERR,ERR,ERR,ERR,ERR,ERR,ERR,-0.0,0.0,3.039990997430017e+23,0.0,0.0,0.0,0.0,nan,0,0,0,32768,0,0.0,0,0.0,0.0,0.0,0.0,0.0,0,0,0,0,0.0,0,0,0,0,0,0,0,0,0,0,0,0,0,0,0,0,0,0,0,0,0,0,0,0,0,0,0,0,0,0,0,0,0,0,0,0,0,0,0,0,0,0,0,0,0.0,0.0,0.0,0.0,0.0,0.0,0.0,0.0,0.0,0.0,0.0,0.0,0.0,0.0,0.0,0.0,0.0,0.0,0.0,0.0,0.0,0.0,2.004,0.0,-0.0,0.0,0.0,0.0,0.0,0.0,3402.5,-2.004,0.0,-0.0,0.0,2.7184274988523002e+23,0.0,0.0,0.0,0.0,0.0,0,152018253512704.0,0.0,0.0,0.0,0.0,0.0,0.0,0.0,0.0,0,0,0,0.0,0.0,0.0,0.0,0.0,0.0,0.0,0.0,0.0,0.0,0.0,0.0,0.0,0.0,0.0,0.0,0,-107875648.0,0,0.0,0,-107875648.0,-0.0,0,0,17040,39322,17054,0,17038,0,0,0,110,100,100,-0.0,64.0,0.0,64.5,0.0,69.0,1,49,50,180,13107,0,0,0,0.0,0.0,0.0,0.0,-0.0,65.0,0.0,-1.8170618247456305e+22,0.0,646,0,690,0,0,0,720,0,793,0,710,0,690,0,645,0,643,0,614,0.032,55836672.0,-2.004,0.0,51856,16787,7.6849248833056835e+37,0.0,2.9989401572089834e+29,-1.398861666291558e+30,-0.0,61760.523,29.0,60.0,70,0.0,0.0,0.0,0.0,0.0,0.0,0.0,0.0,0.0,0.0,0.0,0.0,0.0,0.0,0.0,0.0,59.2,69,11,65508,41,65476,0,300,0,0,8,20529,65476,0,0,61604,60.0,0.0,0.0,0.0,0.0,0.0
2026-04-04T11:05:03,ERR,ERR,ERR,ERR,ERR,ERR,ERR,ERR,ERR,ERR,ERR,ERR,ERR,ERR,ERR,ERR,ERR,ERR,ERR,ERR,ERR,ERR,ERR,ERR,ERR,ERR,ERR,ERR,ERR,ERR,ERR,ERR,ERR,ERR,ERR,ERR,ERR,ERR,ERR,ERR,ERR,ERR,ERR,ERR,ERR,ERR,ERR,ERR,ERR,ERR,ERR,ERR,ERR,ERR,ERR,ERR,ERR,ERR,ERR,ERR,ERR,ERR,ERR,ERR,ERR,ERR,ERR,ERR,ERR,ERR,ERR,ERR,ERR,ERR,ERR,ERR,ERR,ERR,ERR,ERR,ERR,ERR,ERR,ERR,ERR,ERR,ERR,ERR,ERR,ERR,ERR,ERR,ERR,ERR,ERR,ERR,ERR,ERR,ERR,ERR,ERR,ERR,ERR,ERR,ERR,ERR,ERR,ERR,ERR,ERR,ERR,ERR,ERR,ERR,ERR,ERR,ERR,ERR,ERR,ERR,ERR,ERR,ERR,ERR,ERR,-0.0,0.0,3.039990997430017e+23,0.0,0.0,0.0,0.0,nan,0,0,0,32768,0,0.0,0,0.0,0.0,0.0,0.0,0.0,0,0,0,0,0.0,0,0,0,0,0,0,0,0,0,0,0,0,0,0,0,0,0,0,0,0,0,0,0,0,0,0,0,0,0,0,0,0,0,0,0,0,0,0,0,0,0,0,0,0,0.0,0.0,0.0,0.0,0.0,0.0,0.0,0.0,0.0,0.0,0.0,0.0,0.0,0.0,0.0,0.0,0.0,0.0,0.0,0.0,0.0,0.0,2.004,0.0,-0.0,0.0,0.0,0.0,0.0,0.0,3402.5,-2.004,0.0,-0.0,0.0,2.7184274988523002e+23,0.0,0.0,0.0,0.0,0.0,0,152018253512704.0,0.0,0.0,0.0,0.0,0.0,0.0,0.0,0.0,0,0,0,0.0,0.0,0.0,0.0,0.0,0.0,0.0,0.0,0.0,0.0,0.0,0.0,0.0,0.0,0.0,0.0,0,-107875648.0,0,0.0,0,-107875648.0,-0.0,0,0,17040,39322,17054,0,17038,0,0,0,110,100,100,-0.0,64.0,0.0,64.5,0.0,69.0,1,49,50,180,13107,0,0,0,0.0,0.0,0.0,0.0,-0.0,65.0,0.0,-1.8170618247456305e+22,0.0,646,0,690,0,0,0,720,0,793,0,710,0,690,0,645,0,643,0,614,0.032,55836672.0,-2.004,0.0,51856,16787,7.6849248833056835e+37,0.0,2.9989401572089834e+29,-1.398861666291558e+30,-0.0,61760.523,29.0,60.0,70,0.0,0.0,0.0,0.0,0.0,0.0,0.0,0.0,0.0,0.0,0.0,0.0,0.0,0.0,0.0,0.0,59.2,69,11,65508,41,65476,0,300,0,0,8,20529,65476,0,0,61604,60.0,0.0,0.0,0.0,0.0,0.0
2026-04-04T11:05:04,ERR,ERR,ERR,ERR,ERR,ERR,ERR,ERR,ERR,ERR,ERR,ERR,ERR,ERR,ERR,ERR,ERR,ERR,ERR,ERR,ERR,ERR,ERR,ERR,ERR,ERR,ERR,ERR,ERR,ERR,ERR,ERR,ERR,ERR,ERR,ERR,ERR,ERR,ERR,ERR,ERR,ERR,ERR,ERR,ERR,ERR,ERR,ERR,ERR,ERR,ERR,ERR,ERR,ERR,ERR,ERR,ERR,ERR,ERR,ERR,ERR,ERR,ERR,ERR,ERR,ERR,ERR,ERR,ERR,ERR,ERR,ERR,ERR,ERR,ERR,ERR,ERR,ERR,ERR,ERR,ERR,ERR,ERR,ERR,ERR,ERR,ERR,ERR,ERR,ERR,ERR,ERR,ERR,ERR,ERR,ERR,ERR,ERR,ERR,ERR,ERR,ERR,ERR,ERR,ERR,ERR,ERR,ERR,ERR,ERR,ERR,ERR,ERR,ERR,ERR,ERR,ERR,ERR,ERR,ERR,ERR,ERR,ERR,ERR,ERR,-0.0,0.0,3.039990997430017e+23,0.0,0.0,0.0,0.0,nan,0,0,0,32768,0,0.0,0,0.0,0.0,0.0,0.0,0.0,0,0,0,0,0.0,0,0,0,0,0,0,0,0,0,0,0,0,0,0,0,0,0,0,0,0,0,0,0,0,0,0,0,0,0,0,0,0,0,0,0,0,0,0,0,0,0,0,0,0,0.0,0.0,0.0,0.0,0.0,0.0,0.0,0.0,0.0,0.0,0.0,0.0,0.0,0.0,0.0,0.0,0.0,0.0,0.0,0.0,0.0,0.0,2.004,0.0,-0.0,0.0,0.0,0.0,0.0,0.0,3402.5,-2.004,0.0,-0.0,0.0,2.7184274988523002e+23,0.0,0.0,0.0,0.0,0.0,0,152018253512704.0,0.0,0.0,0.0,0.0,0.0,0.0,0.0,0.0,0,0,0,0.0,0.0,0.0,0.0,0.0,0.0,0.0,0.0,0.0,0.0,0.0,0.0,0.0,0.0,0.0,0.0,0,-107875648.0,0,0.0,0,-107875648.0,-0.0,0,0,17040,39322,17054,0,17038,0,0,0,110,100,100,-0.0,64.0,0.0,64.5,0.0,69.0,1,49,50,180,13107,0,0,0,0.0,0.0,0.0,0.0,-0.0,65.0,0.0,-1.8170618247456305e+22,0.0,646,0,690,0,0,0,720,0,793,0,710,0,690,0,645,0,643,0,614,0.032,55836672.0,-2.004,0.0,51856,16787,7.6849248833056835e+37,0.0,2.9989401572089834e+29,-1.398861666291558e+30,-0.0,61760.523,29.0,60.0,70,0.0,0.0,0.0,0.0,0.0,0.0,0.0,0.0,0.0,0.0,0.0,0.0,0.0,0.0,0.0,0.0,59.2,69,11,65508,41,65476,0,300,0,0,8,20529,65476,0,0,61604,60.0,0.0,0.0,0.0,0.0,0.0
2026-04-04T11:05:05,ERR,ERR,ERR,ERR,ERR,ERR,ERR,ERR,ERR,ERR,ERR,ERR,ERR,ERR,ERR,ERR,ERR,ERR,ERR,ERR,ERR,ERR,ERR,ERR,ERR,ERR,ERR,ERR,ERR,ERR,ERR,ERR,ERR,ERR,ERR,ERR,ERR,ERR,ERR,ERR,ERR,ERR,ERR,ERR,ERR,ERR,ERR,ERR,ERR,ERR,ERR,ERR,ERR,ERR,ERR,ERR,ERR,ERR,ERR,ERR,ERR,ERR,ERR,ERR,ERR,ERR,ERR,ERR,ERR,ERR,ERR,ERR,ERR,ERR,ERR,ERR,ERR,ERR,ERR,ERR,ERR,ERR,ERR,ERR,ERR,ERR,ERR,ERR,ERR,ERR,ERR,ERR,ERR,ERR,ERR,ERR,ERR,ERR,ERR,ERR,ERR,ERR,ERR,ERR,ERR,ERR,ERR,ERR,ERR,ERR,ERR,ERR,ERR,ERR,ERR,ERR,ERR,ERR,ERR,ERR,ERR,ERR,ERR,ERR,ERR,-0.0,0.0,3.039990997430017e+23,0.0,0.0,0.0,0.0,nan,0,0,0,32768,0,0.0,0,0.0,0.0,0.0,0.0,0.0,0,0,0,0,0.0,0,0,0,0,0,0,0,0,0,0,0,0,0,0,0,0,0,0,0,0,0,0,0,0,0,0,0,0,0,0,0,0,0,0,0,0,0,0,0,0,0,0,0,0,0.0,0.0,0.0,0.0,0.0,0.0,0.0,0.0,0.0,0.0,0.0,0.0,0.0,0.0,0.0,0.0,0.0,0.0,0.0,0.0,0.0,0.0,2.004,0.0,-0.0,0.0,0.0,0.0,0.0,0.0,3402.0,-1.5879157526988056e+29,0.0,-0.0,0.0,-0.0,0.0,0.0,0.0,0.0,0.0,0,107615248.0,2.718405881574089e+23,0.0,0.0,0.0,0.0,0.0,0.0,0.0,0,0,0,0.0,0.0,0.0,0.0,0.0,0.0,0.0,0.0,0.0,0.0,0.0,0.0,0.0,0.0,0.0,0.0,0,-107875648.0,0,0.0,0,-107875648.0,-0.0,0,0,17040,39322,17054,0,17038,0,0,0,110,100,100,-0.0,64.0,0.0,64.5,0.0,69.0,1,49,50,180,13107,0,0,0,0.0,0.0,0.0,0.0,-0.0,65.0,0.0,-1.8170618247456305e+22,0.0,646,0,690,0,0,0,720,0,793,0,710,0,690,0,645,0,643,0,614,0.032,55836672.0,-2.004,0.0,51856,16787,7.6849248833056835e+37,0.0,2.9989401572089834e+29,-1.398861666291558e+30,-0.0,61760.523,29.0,60.0,70,0.0,0.0,0.0,0.0,0.0,0.0,0.0,0.0,0.0,0.0,0.0,0.0,0.0,0.0,0.0,0.0,59.2,69,11,65508,41,65476,0,300,0,0,8,20529,65476,0,0,61604,60.0,0.0,0.0,0.0,0.0,0.0
2026-04-04T11:05:06,ERR,ERR,ERR,ERR,ERR,ERR,ERR,ERR,ERR,ERR,ERR,ERR,ERR,ERR,ERR,ERR,ERR,ERR,ERR,ERR,ERR,ERR,ERR,ERR,ERR,ERR,ERR,ERR,ERR,ERR,ERR,ERR,ERR,ERR,ERR,ERR,ERR,ERR,ERR,ERR,ERR,ERR,ERR,ERR,ERR,ERR,ERR,ERR,ERR,ERR,ERR,ERR,ERR,ERR,ERR,ERR,ERR,ERR,ERR,ERR,ERR,ERR,ERR,ERR,ERR,ERR,ERR,ERR,ERR,ERR,ERR,ERR,ERR,ERR,ERR,ERR,ERR,ERR,ERR,ERR,ERR,ERR,ERR,ERR,ERR,ERR,ERR,ERR,ERR,ERR,ERR,ERR,ERR,ERR,ERR,ERR,ERR,ERR,ERR,ERR,ERR,ERR,ERR,ERR,ERR,ERR,ERR,ERR,ERR,ERR,ERR,ERR,ERR,ERR,ERR,ERR,ERR,ERR,ERR,ERR,ERR,ERR,ERR,ERR,ERR,-0.0,0.0,3.039990997430017e+23,0.0,0.0,0.0,0.0,nan,0,0,0,32768,0,0.0,0,0.0,0.0,0.0,0.0,0.0,0,0,0,0,0.0,0,0,0,0,0,0,0,0,0,0,0,0,0,0,0,0,0,0,0,0,0,0,0,0,0,0,0,0,0,0,0,0,0,0,0,0,0,0,0,0,0,0,0,0,0.0,0.0,0.0,0.0,0.0,0.0,0.0,0.0,0.0,0.0,0.0,0.0,0.0,0.0,0.0,0.0,0.0,0.0,0.0,0.0,0.0,0.0,2.004,0.0,-0.0,0.0,0.0,0.0,0.0,0.0,3402.0,-1.5879157526988056e+29,0.0,-0.0,0.0,-0.0,0.0,0.0,0.0,0.0,0.0,0,107615248.0,2.718405881574089e+23,0.0,0.0,0.0,0.0,0.0,0.0,0.0,0,0,0,0.0,0.0,0.0,0.0,0.0,0.0,0.0,0.0,0.0,0.0,0.0,0.0,0.0,0.0,0.0,0.0,0,-107875648.0,0,0.0,0,-107875648.0,-0.0,0,0,17040,39322,17054,0,17038,0,0,0,110,100,100,-0.0,64.0,0.0,64.5,0.0,69.0,1,49,50,180,13107,0,0,0,0.0,0.0,0.0,0.0,-0.0,65.0,0.0,-1.8170618247456305e+22,0.0,646,0,690,0,0,0,720,0,793,0,710,0,690,0,645,0,643,0,614,0.032,55836672.0,-2.004,0.0,51856,16787,7.6849248833056835e+37,0.0,2.9989401572089834e+29,-1.398861666291558e+30,-0.0,61760.523,29.0,60.0,70,0.0,0.0,0.0,0.0,0.0,0.0,0.0,0.0,0.0,0.0,0.0,0.0,0.0,0.0,0.0,0.0,59.2,69,11,65508,41,65476,0,300,0,0,8,20529,65476,0,0,61604,60.0,0.0,0.0,0.0,0.0,0.0
2026-04-04T11:05:07,ERR,ERR,ERR,ERR,ERR,ERR,ERR,ERR,ERR,ERR,ERR,ERR,ERR,ERR,ERR,ERR,ERR,ERR,ERR,ERR,ERR,ERR,ERR,ERR,ERR,ERR,ERR,ERR,ERR,ERR,ERR,ERR,ERR,ERR,ERR,ERR,ERR,ERR,ERR,ERR,ERR,ERR,ERR,ERR,ERR,ERR,ERR,ERR,ERR,ERR,ERR,ERR,ERR,ERR,ERR,ERR,ERR,ERR,ERR,ERR,ERR,ERR,ERR,ERR,ERR,ERR,ERR,ERR,ERR,ERR,ERR,ERR,ERR,ERR,ERR,ERR,ERR,ERR,ERR,ERR,ERR,ERR,ERR,ERR,ERR,ERR,ERR,ERR,ERR,ERR,ERR,ERR,ERR,ERR,ERR,ERR,ERR,ERR,ERR,ERR,ERR,ERR,ERR,ERR,ERR,ERR,ERR,ERR,ERR,ERR,ERR,ERR,ERR,ERR,ERR,ERR,ERR,ERR,ERR,ERR,ERR,ERR,ERR,ERR,ERR,-0.0,0.0,3.039990997430017e+23,0.0,0.0,0.0,0.0,nan,0,0,0,32768,0,0.0,0,0.0,0.0,0.0,0.0,0.0,0,0,0,0,0.0,0,0,0,0,0,0,0,0,0,0,0,0,0,0,0,0,0,0,0,0,0,0,0,0,0,0,0,0,0,0,0,0,0,0,0,0,0,0,0,0,0,0,0,0,0.0,0.0,0.0,0.0,0.0,0.0,0.0,0.0,0.0,0.0,0.0,0.0,0.0,0.0,0.0,0.0,0.0,0.0,0.0,0.0,0.0,0.0,2.004,0.0,-0.0,0.0,0.0,0.0,0.0,0.0,3402.0,-1.5879157526988056e+29,0.0,-0.0,0.0,-0.0,0.0,0.0,0.0,0.0,0.0,0,107615248.0,2.718405881574089e+23,0.0,0.0,0.0,0.0,0.0,0.0,0.0,0,0,0,0.0,0.0,0.0,0.0,0.0,0.0,0.0,0.0,0.0,0.0,0.0,0.0,0.0,0.0,0.0,0.0,0,-107875648.0,0,0.0,0,-107875648.0,-0.0,0,0,17040,39322,17054,0,17038,0,0,0,110,100,100,-0.0,64.0,0.0,64.5,0.0,69.0,1,49,50,180,13107,0,0,0,0.0,0.0,0.0,0.0,-0.0,65.0,0.0,-1.8170618247456305e+22,0.0,646,0,690,0,0,0,720,0,793,0,710,0,690,0,645,0,643,0,614,0.032,55836672.0,-2.004,0.0,51856,16787,7.6849248833056835e+37,0.0,2.9989401572089834e+29,-1.398861666291558e+30,-0.0,61760.523,29.0,60.0,70,0.0,0.0,0.0,0.0,0.0,0.0,0.0,0.0,0.0,0.0,0.0,0.0,0.0,0.0,0.0,0.0,59.2,69,11,65508,41,65476,0,300,0,0,8,20529,65476,0,0,61604,60.0,0.0,0.0,0.0,0.0,0.0
2026-04-04T11:05:08,ERR,ERR,ERR,ERR,ERR,ERR,ERR,ERR,ERR,ERR,ERR,ERR,ERR,ERR,ERR,ERR,ERR,ERR,ERR,ERR,ERR,ERR,ERR,ERR,ERR,ERR,ERR,ERR,ERR,ERR,ERR,ERR,ERR,ERR,ERR,ERR,ERR,ERR,ERR,ERR,ERR,ERR,ERR,ERR,ERR,ERR,ERR,ERR,ERR,ERR,ERR,ERR,ERR,ERR,ERR,ERR,ERR,ERR,ERR,ERR,ERR,ERR,ERR,ERR,ERR,ERR,ERR,ERR,ERR,ERR,ERR,ERR,ERR,ERR,ERR,ERR,ERR,ERR,ERR,ERR,ERR,ERR,ERR,ERR,ERR,ERR,ERR,ERR,ERR,ERR,ERR,ERR,ERR,ERR,ERR,ERR,ERR,ERR,ERR,ERR,ERR,ERR,ERR,ERR,ERR,ERR,ERR,ERR,ERR,ERR,ERR,ERR,ERR,ERR,ERR,ERR,ERR,ERR,ERR,ERR,ERR,ERR,ERR,ERR,ERR,-0.0,0.0,3.039990997430017e+23,0.0,0.0,0.0,0.0,nan,0,0,0,32768,0,0.0,0,0.0,0.0,0.0,0.0,0.0,0,0,0,0,0.0,0,0,0,0,0,0,0,0,0,0,0,0,0,0,0,0,0,0,0,0,0,0,0,0,0,0,0,0,0,0,0,0,0,0,0,0,0,0,0,0,0,0,0,0,0.0,0.0,0.0,0.0,0.0,0.0,0.0,0.0,0.0,0.0,0.0,0.0,0.0,0.0,0.0,0.0,0.0,0.0,0.0,0.0,0.0,0.0,2.004,0.0,-0.0,0.0,0.0,0.0,0.0,0.0,3402.0,-1.5879157526988056e+29,0.0,-0.0,0.0,-0.0,0.0,0.0,0.0,0.0,0.0,0,107615248.0,2.718405881574089e+23,0.0,0.0,0.0,0.0,0.0,0.0,0.0,0,0,0,0.0,0.0,0.0,0.0,0.0,0.0,0.0,0.0,0.0,0.0,0.0,0.0,0.0,0.0,0.0,0.0,0,-107875648.0,0,0.0,0,-107875648.0,-0.0,0,0,17040,39322,17054,0,17038,0,0,0,110,100,100,-0.0,64.0,0.0,64.5,0.0,69.0,1,49,50,180,13107,0,0,0,0.0,0.0,0.0,0.0,-0.0,65.0,0.0,0.0,0.0,646,0,690,0,0,0,720,0,793,0,710,0,690,0,645,0,643,0,614,0.032,55574528.0,-0.0,-0.0,61840,16787,3.0947716940238266e+37,-1.4005228368642209e+23,208130.516,0.0,1.4039132540295205e+26,0.0,29.0,60.0,70,0.0,0.0,0.0,0.0,0.0,0.0,0.0,0.0,0.0,0.0,0.0,0.0,0.0,0.0,0.0,0.0,59.6,69,11,65508,41,65476,0,300,0,0,8,20529,65476,0,0,61604,60.0,0.0,0.0,0.0,0.0,0.0
2026-04-04T11:05:09,ERR,ERR,ERR,ERR,ERR,ERR,ERR,ERR,ERR,ERR,ERR,ERR,ERR,ERR,ERR,ERR,ERR,ERR,ERR,ERR,ERR,ERR,ERR,ERR,ERR,ERR,ERR,ERR,ERR,ERR,ERR,ERR,ERR,ERR,ERR,ERR,ERR,ERR,ERR,ERR,ERR,ERR,ERR,ERR,ERR,ERR,ERR,ERR,ERR,ERR,ERR,ERR,ERR,ERR,ERR,ERR,ERR,ERR,ERR,ERR,ERR,ERR,ERR,ERR,ERR,ERR,ERR,ERR,ERR,ERR,ERR,ERR,ERR,ERR,ERR,ERR,ERR,ERR,ERR,ERR,ERR,ERR,ERR,ERR,ERR,ERR,ERR,ERR,ERR,ERR,ERR,ERR,ERR,ERR,ERR,ERR,ERR,ERR,ERR,ERR,ERR,ERR,ERR,ERR,ERR,ERR,ERR,ERR,ERR,ERR,ERR,ERR,ERR,ERR,ERR,ERR,ERR,ERR,ERR,ERR,ERR,ERR,ERR,ERR,ERR,-0.0,0.0,3.039990997430017e+23,0.0,0.0,0.0,0.0,nan,0,0,0,32768,0,0.0,0,0.0,0.0,0.0,0.0,0.0,0,0,0,0,0.0,0,0,0,0,0,0,0,0,0,0,0,0,0,0,0,0,0,0,0,0,0,0,0,0,0,0,0,0,0,0,0,0,0,0,0,0,0,0,0,0,0,0,0,0,0.0,0.0,0.0,0.0,0.0,0.0,0.0,0.0,0.0,0.0,0.0,0.0,0.0,0.0,0.0,0.0,0.0,0.0,0.0,0.0,0.0,0.0,2.004,0.0,-0.0,0.0,0.0,0.0,0.0,0.0,3402.0,-1.5879157526988056e+29,0.0,-0.0,0.0,-0.0,0.0,0.0,0.0,0.0,0.0,0,107615248.0,2.718405881574089e+23,0.0,0.0,0.0,0.0,0.0,0.0,0.0,0,0,0,0.0,0.0,0.0,0.0,0.0,0.0,0.0,0.0,0.0,0.0,0.0,0.0,0.0,0.0,0.0,0.0,0,-107875648.0,0,0.0,0,-107875648.0,-0.0,0,0,17040,39322,17054,0,17038,0,0,0,110,100,100,-0.0,64.0,0.0,64.5,0.0,69.0,1,49,50,180,13107,0,0,0,0.0,0.0,0.0,0.0,-0.0,65.0,0.0,0.0,0.0,646,0,690,0,0,0,720,0,793,0,710,0,690,0,645,0,643,0,614,0.032,55574528.0,-0.0,-0.0,61840,16787,3.0947716940238266e+37,-1.4005228368642209e+23,208130.516,0.0,1.4039132540295205e+26,0.0,29.0,60.0,70,0.0,0.0,0.0,0.0,0.0,0.0,0.0,0.0,0.0,0.0,0.0,0.0,0.0,0.0,0.0,0.0,59.6,69,11,65508,41,65476,0,300,0,0,8,20529,65476,0,0,61604,60.0,0.0,0.0,0.0,0.0,0.0
2026-04-04T11:05:10,ERR,ERR,ERR,ERR,ERR,ERR,ERR,ERR,ERR,ERR,ERR,ERR,ERR,ERR,ERR,ERR,ERR,ERR,ERR,ERR,ERR,ERR,ERR,ERR,ERR,ERR,ERR,ERR,ERR,ERR,ERR,ERR,ERR,ERR,ERR,ERR,ERR,ERR,ERR,ERR,ERR,ERR,ERR,ERR,ERR,ERR,ERR,ERR,ERR,ERR,ERR,ERR,ERR,ERR,ERR,ERR,ERR,ERR,ERR,ERR,ERR,ERR,ERR,ERR,ERR,ERR,ERR,ERR,ERR,ERR,ERR,ERR,ERR,ERR,ERR,ERR,ERR,ERR,ERR,ERR,ERR,ERR,ERR,ERR,ERR,ERR,ERR,ERR,ERR,ERR,ERR,ERR,ERR,ERR,ERR,ERR,ERR,ERR,ERR,ERR,ERR,ERR,ERR,ERR,ERR,ERR,ERR,ERR,ERR,ERR,ERR,ERR,ERR,ERR,ERR,ERR,ERR,ERR,ERR,ERR,ERR,ERR,ERR,ERR,ERR,-0.0,0.0,3.039990997430017e+23,0.0,0.0,0.0,0.0,nan,0,0,0,32768,0,0.0,0,0.0,0.0,0.0,0.0,0.0,0,0,0,0,0.0,0,0,0,0,0,0,0,0,0,0,0,0,0,0,0,0,0,0,0,0,0,0,0,0,0,0,0,0,0,0,0,0,0,0,0,0,0,0,0,0,0,0,0,0,0.0,0.0,0.0,0.0,0.0,0.0,0.0,0.0,0.0,0.0,0.0,0.0,0.0,0.0,0.0,0.0,0.0,0.0,0.0,0.0,0.0,0.0,2.004,0.0,-0.0,0.0,0.0,0.0,0.0,0.0,3402.0,-1.5879157526988056e+29,0.0,-0.0,0.0,-0.0,0.0,0.0,0.0,0.0,0.0,0,107615248.0,2.718405881574089e+23,0.0,0.0,0.0,0.0,0.0,0.0,0.0,0,0,0,0.0,0.0,0.0,0.0,0.0,0.0,0.0,0.0,0.0,0.0,0.0,0.0,0.0,0.0,0.0,0.0,0,-107875648.0,0,0.0,0,-107875648.0,-0.0,0,0,17040,39322,17054,0,17038,0,0,0,110,100,100,-0.0,64.0,0.0,64.5,0.0,69.0,1,49,50,180,13107,0,0,0,0.0,0.0,0.0,0.0,-0.0,65.0,0.0,0.0,0.0,646,0,690,0,0,0,720,0,793,0,710,0,690,0,645,0,643,0,614,0.032,55574528.0,-0.0,-0.0,61840,16787,3.0947716940238266e+37,-1.4005228368642209e+23,208130.516,0.0,1.4039132540295205e+26,0.0,29.0,60.0,70,0.0,0.0,0.0,0.0,0.0,0.0,0.0,0.0,0.0,0.0,0.0,0.0,0.0,0.0,0.0,0.0,59.6,69,11,65508,41,65476,0,300,0,0,8,20529,65476,0,0,61604,60.0,0.0,0.0,0.0,0.0,0.0
2026-04-04T11:05:11,ERR,ERR,ERR,ERR,ERR,ERR,ERR,ERR,ERR,ERR,ERR,ERR,ERR,ERR,ERR,ERR,ERR,ERR,ERR,ERR,ERR,ERR,ERR,ERR,ERR,ERR,ERR,ERR,ERR,ERR,ERR,ERR,ERR,ERR,ERR,ERR,ERR,ERR,ERR,ERR,ERR,ERR,ERR,ERR,ERR,ERR,ERR,ERR,ERR,ERR,ERR,ERR,ERR,ERR,ERR,ERR,ERR,ERR,ERR,ERR,ERR,ERR,ERR,ERR,ERR,ERR,ERR,ERR,ERR,ERR,ERR,ERR,ERR,ERR,ERR,ERR,ERR,ERR,ERR,ERR,ERR,ERR,ERR,ERR,ERR,ERR,ERR,ERR,ERR,ERR,ERR,ERR,ERR,ERR,ERR,ERR,ERR,ERR,ERR,ERR,ERR,ERR,ERR,ERR,ERR,ERR,ERR,ERR,ERR,ERR,ERR,ERR,ERR,ERR,ERR,ERR,ERR,ERR,ERR,ERR,ERR,ERR,ERR,ERR,ERR,-0.0,0.0,3.039990997430017e+23,0.0,0.0,0.0,0.0,nan,0,0,0,32768,0,0.0,0,0.0,0.0,0.0,0.0,0.0,0,0,0,0,0.0,0,0,0,0,0,0,0,0,0,0,0,0,0,0,0,0,0,0,0,0,0,0,0,0,0,0,0,0,0,0,0,0,0,0,0,0,0,0,0,0,0,0,0,0,0.0,0.0,0.0,0.0,0.0,0.0,0.0,0.0,0.0,0.0,0.0,0.0,0.0,0.0,0.0,0.0,0.0,0.0,0.0,0.0,0.0,0.0,2.004,0.0,-0.0,0.0,0.0,0.0,0.0,0.0,3402.0,-1.5879157526988056e+29,0.0,-0.0,0.0,-0.0,0.0,0.0,0.0,0.0,0.0,0,107615248.0,2.718405881574089e+23,0.0,0.0,0.0,0.0,0.0,0.0,0.0,0,0,0,0.0,0.0,0.0,0.0,0.0,0.0,0.0,0.0,0.0,0.0,0.0,0.0,0.0,0.0,0.0,0.0,0,-107875648.0,0,0.0,0,-107875648.0,-0.0,0,0,17040,39322,17054,0,17038,0,0,0,110,100,100,-0.0,64.0,0.0,64.5,0.0,69.0,1,49,50,180,13107,0,0,0,0.0,0.0,0.0,0.0,-0.0,65.0,0.0,0.0,0.0,646,0,690,0,0,0,720,0,793,0,710,0,690,0,645,0,643,0,614,0.032,55574528.0,-0.0,-0.0,61840,16787,3.0947716940238266e+37,-1.4005228368642209e+23,208130.516,0.0,1.4039132540295205e+26,0.0,29.0,60.0,70,0.0,0.0,0.0,0.0,0.0,0.0,0.0,0.0,0.0,0.0,0.0,0.0,0.0,0.0,0.0,0.0,59.2,69,11,65508,41,65476,0,300,0,0,8,20529,65476,0,0,61604,60.0,0.0,0.0,0.0,0.0,0.0
2026-04-04T11:05:12,ERR,ERR,ERR,ERR,ERR,ERR,ERR,ERR,ERR,ERR,ERR,ERR,ERR,ERR,ERR,ERR,ERR,ERR,ERR,ERR,ERR,ERR,ERR,ERR,ERR,ERR,ERR,ERR,ERR,ERR,ERR,ERR,ERR,ERR,ERR,ERR,ERR,ERR,ERR,ERR,ERR,ERR,ERR,ERR,ERR,ERR,ERR,ERR,ERR,ERR,ERR,ERR,ERR,ERR,ERR,ERR,ERR,ERR,ERR,ERR,ERR,ERR,ERR,ERR,ERR,ERR,ERR,ERR,ERR,ERR,ERR,ERR,ERR,ERR,ERR,ERR,ERR,ERR,ERR,ERR,ERR,ERR,ERR,ERR,ERR,ERR,ERR,ERR,ERR,ERR,ERR,ERR,ERR,ERR,ERR,ERR,ERR,ERR,ERR,ERR,ERR,ERR,ERR,ERR,ERR,ERR,ERR,ERR,ERR,ERR,ERR,ERR,ERR,ERR,ERR,ERR,ERR,ERR,ERR,ERR,ERR,ERR,ERR,ERR,ERR,-0.0,0.0,3.039990997430017e+23,0.0,0.0,0.0,0.0,nan,0,0,0,32768,0,0.0,0,0.0,0.0,0.0,0.0,0.0,0,0,0,0,0.0,0,0,0,0,0,0,0,0,0,0,0,0,0,0,0,0,0,0,0,0,0,0,0,0,0,0,0,0,0,0,0,0,0,0,0,0,0,0,0,0,0,0,0,0,0.0,0.0,0.0,0.0,0.0,0.0,0.0,0.0,0.0,0.0,0.0,0.0,0.0,0.0,0.0,0.0,0.0,0.0,0.0,0.0,0.0,0.0,2.004,0.0,-0.0,0.0,0.0,0.0,0.0,0.0,3402.0,-1.5879157526988056e+29,0.0,-0.0,0.0,-0.0,0.0,0.0,0.0,0.0,0.0,0,107615248.0,2.718405881574089e+23,0.0,0.0,0.0,0.0,0.0,0.0,0.0,0,0,0,0.0,0.0,0.0,0.0,0.0,0.0,0.0,0.0,0.0,0.0,0.0,0.0,0.0,0.0,0.0,0.0,0,-107875648.0,0,0.0,0,-107875648.0,-0.0,0,0,17040,39322,17054,0,17038,0,0,0,110,100,100,-0.0,64.0,0.0,64.5,0.0,69.0,1,49,50,180,13107,0,0,0,0.0,0.0,0.0,0.0,-0.0,65.0,0.0,0.0,0.0,646,0,690,0,0,0,720,0,793,0,710,0,690,0,645,0,643,0,614,0.032,55574528.0,-0.0,-0.0,61840,16787,3.0947716940238266e+37,-1.4005228368642209e+23,208130.516,0.0,1.4039132540295205e+26,0.0,29.0,60.0,70,0.0,0.0,0.0,0.0,0.0,0.0,0.0,0.0,0.0,0.0,0.0,0.0,0.0,0.0,0.0,0.0,59.2,69,11,65508,41,65476,0,300,0,0,8,20529,65476,0,0,61604,60.0,0.0,0.0,0.0,0.0,0.0
2026-04-04T11:05:13,ERR,ERR,ERR,ERR,ERR,ERR,ERR,ERR,ERR,ERR,ERR,ERR,ERR,ERR,ERR,ERR,ERR,ERR,ERR,ERR,ERR,ERR,ERR,ERR,ERR,ERR,ERR,ERR,ERR,ERR,ERR,ERR,ERR,ERR,ERR,ERR,ERR,ERR,ERR,ERR,ERR,ERR,ERR,ERR,ERR,ERR,ERR,ERR,ERR,ERR,ERR,ERR,ERR,ERR,ERR,ERR,ERR,ERR,ERR,ERR,ERR,ERR,ERR,ERR,ERR,ERR,ERR,ERR,ERR,ERR,ERR,ERR,ERR,ERR,ERR,ERR,ERR,ERR,ERR,ERR,ERR,ERR,ERR,ERR,ERR,ERR,ERR,ERR,ERR,ERR,ERR,ERR,ERR,ERR,ERR,ERR,ERR,ERR,ERR,ERR,ERR,ERR,ERR,ERR,ERR,ERR,ERR,ERR,ERR,ERR,ERR,ERR,ERR,ERR,ERR,ERR,ERR,ERR,ERR,ERR,ERR,ERR,ERR,ERR,ERR,-0.0,0.0,3.039990997430017e+23,0.0,0.0,0.0,0.0,nan,0,0,0,32768,0,0.0,0,0.0,0.0,0.0,0.0,0.0,0,0,0,0,0.0,0,0,0,0,0,0,0,0,0,0,0,0,0,0,0,0,0,0,0,0,0,0,0,0,0,0,0,0,0,0,0,0,0,0,0,0,0,0,0,0,0,0,0,0,0.0,0.0,0.0,0.0,0.0,0.0,0.0,0.0,0.0,0.0,0.0,0.0,0.0,0.0,0.0,0.0,0.0,0.0,0.0,0.0,0.0,0.0,2.004,0.0,-0.0,0.0,0.0,0.0,0.0,0.0,3402.0,-8608108544.0,0.0,-0.0,0.0,2.7184274988523002e+23,0.0,0.0,0.0,0.0,0.0,0,1.9056958870913024e+17,89220.062,0.0,0.0,0.0,0.0,0.0,0.0,0.0,0,0,0,0.0,0.0,0.0,0.0,0.0,0.0,0.0,0.0,0.0,0.0,0.0,0.0,0.0,0.0,0.0,0.0,0,-107875648.0,0,0.0,0,-107875648.0,-0.0,0,0,17040,39322,17054,0,17038,0,0,0,110,100,100,-0.0,64.0,0.0,64.5,0.0,69.0,1,49,50,180,13107,0,0,0,0.0,0.0,0.0,0.0,-0.0,65.0,0.0,0.0,0.0,646,0,690,0,0,0,720,0,793,0,710,0,690,0,645,0,643,0,614,0.032,55574528.0,-0.0,-0.0,61840,16787,3.0947716940238266e+37,-1.4005228368642209e+23,208130.516,0.0,1.4039132540295205e+26,0.0,29.0,60.0,70,0.0,0.0,0.0,0.0,0.0,0.0,0.0,0.0,0.0,0.0,0.0,0.0,0.0,0.0,0.0,0.0,59.2,69,11,65508,41,65476,0,300,0,0,8,20529,65476,0,0,61604,60.0,0.0,0.0,0.0,0.0,0.0
2026-04-04T11:05:14,ERR,ERR,ERR,ERR,ERR,ERR,ERR,ERR,ERR,ERR,ERR,ERR,ERR,ERR,ERR,ERR,ERR,ERR,ERR,ERR,ERR,ERR,ERR,ERR,ERR,ERR,ERR,ERR,ERR,ERR,ERR,ERR,ERR,ERR,ERR,ERR,ERR,ERR,ERR,ERR,ERR,ERR,ERR,ERR,ERR,ERR,ERR,ERR,ERR,ERR,ERR,ERR,ERR,ERR,ERR,ERR,ERR,ERR,ERR,ERR,ERR,ERR,ERR,ERR,ERR,ERR,ERR,ERR,ERR,ERR,ERR,ERR,ERR,ERR,ERR,ERR,ERR,ERR,ERR,ERR,ERR,ERR,ERR,ERR,ERR,ERR,ERR,ERR,ERR,ERR,ERR,ERR,ERR,ERR,ERR,ERR,ERR,ERR,ERR,ERR,ERR,ERR,ERR,ERR,ERR,ERR,ERR,ERR,ERR,ERR,ERR,ERR,ERR,ERR,ERR,ERR,ERR,ERR,ERR,ERR,ERR,ERR,ERR,ERR,ERR,-0.0,0.0,3.039990997430017e+23,0.0,0.0,0.0,0.0,nan,0,0,0,32768,0,0.0,0,0.0,0.0,0.0,0.0,0.0,0,0,0,0,0.0,0,0,0,0,0,0,0,0,0,0,0,0,0,0,0,0,0,0,0,0,0,0,0,0,0,0,0,0,0,0,0,0,0,0,0,0,0,0,0,0,0,0,0,0,0.0,0.0,0.0,0.0,0.0,0.0,0.0,0.0,0.0,0.0,0.0,0.0,0.0,0.0,0.0,0.0,0.0,0.0,0.0,0.0,0.0,0.0,2.004,0.0,-0.0,0.0,0.0,0.0,0.0,0.0,3402.0,-8608108544.0,0.0,-0.0,0.0,2.7184274988523002e+23,0.0,0.0,0.0,0.0,0.0,0,1.9056958870913024e+17,89220.062,0.0,0.0,0.0,0.0,0.0,0.0,0.0,0,0,0,0.0,0.0,0.0,0.0,0.0,0.0,0.0,0.0,0.0,0.0,0.0,0.0,0.0,0.0,0.0,0.0,0,-107875648.0,0,0.0,0,-107875648.0,-0.0,0,0,17040,39322,17054,0,17038,0,0,0,110,100,100,-0.0,64.0,0.0,64.5,0.0,69.0,1,49,50,180,13107,0,0,0,0.0,0.0,0.0,0.0,nan,65.0,0.0,-1.1236778171326084e+37,0.0,646,0,690,0,0,0,720,0,793,0,711,0,690,0,645,0,643,0,614,0.032,53739520.0,-0.0,-0.0,51344,16787,-0.0,-5.25901736610676e+37,-0.0,-4.876524336237773e+16,-0.0,2766407225835520.0,29.0,60.0,70,0.0,0.0,0.0,0.0,0.0,0.0,0.0,0.0,0.0,0.0,0.0,0.0,0.0,0.0,0.0,0.0,59.2,69,11,65508,41,65476,0,300,0,0,8,20529,65476,0,0,61604,60.0,0.0,0.0,0.0,0.0,0.0
2026-04-04T11:05:15,ERR,ERR,ERR,ERR,ERR,ERR,ERR,ERR,ERR,ERR,ERR,ERR,ERR,ERR,ERR,ERR,ERR,ERR,ERR,ERR,ERR,ERR,ERR,ERR,ERR,ERR,ERR,ERR,ERR,ERR,ERR,ERR,ERR,ERR,ERR,ERR,ERR,ERR,ERR,ERR,ERR,ERR,ERR,ERR,ERR,ERR,ERR,ERR,ERR,ERR,ERR,ERR,ERR,ERR,ERR,ERR,ERR,ERR,ERR,ERR,ERR,ERR,ERR,ERR,ERR,ERR,ERR,ERR,ERR,ERR,ERR,ERR,ERR,ERR,ERR,ERR,ERR,ERR,ERR,ERR,ERR,ERR,ERR,ERR,ERR,ERR,ERR,ERR,ERR,ERR,ERR,ERR,ERR,ERR,ERR,ERR,ERR,ERR,ERR,ERR,ERR,ERR,ERR,ERR,ERR,ERR,ERR,ERR,ERR,ERR,ERR,ERR,ERR,ERR,ERR,ERR,ERR,ERR,ERR,ERR,ERR,ERR,ERR,ERR,ERR,-0.0,0.0,3.039990997430017e+23,0.0,0.0,0.0,0.0,nan,0,0,0,32768,0,0.0,0,0.0,0.0,0.0,0.0,0.0,0,0,0,0,0.0,0,0,0,0,0,0,0,0,0,0,0,0,0,0,0,0,0,0,0,0,0,0,0,0,0,0,0,0,0,0,0,0,0,0,0,0,0,0,0,0,0,0,0,0,0.0,0.0,0.0,0.0,0.0,0.0,0.0,0.0,0.0,0.0,0.0,0.0,0.0,0.0,0.0,0.0,0.0,0.0,0.0,0.0,0.0,0.0,2.004,0.0,-0.0,0.0,0.0,0.0,0.0,0.0,3402.0,-8608108544.0,0.0,-0.0,0.0,2.7184274988523002e+23,0.0,0.0,0.0,0.0,0.0,0,1.9056958870913024e+17,89220.062,0.0,0.0,0.0,0.0,0.0,0.0,0.0,0,0,0,0.0,0.0,0.0,0.0,0.0,0.0,0.0,0.0,0.0,0.0,0.0,0.0,0.0,0.0,0.0,0.0,0,-107875648.0,0,0.0,0,-107875648.0,-0.0,0,0,17040,39322,17054,0,17038,0,0,0,110,100,100,-0.0,64.0,0.0,64.5,0.0,69.0,1,49,50,180,13107,0,0,0,0.0,0.0,0.0,0.0,nan,65.0,0.0,-1.1236778171326084e+37,0.0,646,0,690,0,0,0,720,0,793,0,711,0,690,0,645,0,643,0,614,0.032,53739520.0,-0.0,-0.0,51344,16787,-0.0,-5.25901736610676e+37,-0.0,-4.876524336237773e+16,-0.0,2766407225835520.0,29.0,60.0,70,0.0,0.0,0.0,0.0,0.0,0.0,0.0,0.0,0.0,0.0,0.0,0.0,0.0,0.0,0.0,0.0,59.2,69,11,65508,41,65476,0,300,0,0,8,20529,65476,0,0,61604,60.0,0.0,0.0,0.0,0.0,0.0
2026-04-04T11:05:16,ERR,ERR,ERR,ERR,ERR,ERR,ERR,ERR,ERR,ERR,ERR,ERR,ERR,ERR,ERR,ERR,ERR,ERR,ERR,ERR,ERR,ERR,ERR,ERR,ERR,ERR,ERR,ERR,ERR,ERR,ERR,ERR,ERR,ERR,ERR,ERR,ERR,ERR,ERR,ERR,ERR,ERR,ERR,ERR,ERR,ERR,ERR,ERR,ERR,ERR,ERR,ERR,ERR,ERR,ERR,ERR,ERR,ERR,ERR,ERR,ERR,ERR,ERR,ERR,ERR,ERR,ERR,ERR,ERR,ERR,ERR,ERR,ERR,ERR,ERR,ERR,ERR,ERR,ERR,ERR,ERR,ERR,ERR,ERR,ERR,ERR,ERR,ERR,ERR,ERR,ERR,ERR,ERR,ERR,ERR,ERR,ERR,ERR,ERR,ERR,ERR,ERR,ERR,ERR,ERR,ERR,ERR,ERR,ERR,ERR,ERR,ERR,ERR,ERR,ERR,ERR,ERR,ERR,ERR,ERR,ERR,ERR,ERR,ERR,ERR,-0.0,0.0,3.039990997430017e+23,0.0,0.0,0.0,0.0,nan,0,0,0,32768,0,0.0,0,0.0,0.0,0.0,0.0,0.0,0,0,0,0,0.0,0,0,0,0,0,0,0,0,0,0,0,0,0,0,0,0,0,0,0,0,0,0,0,0,0,0,0,0,0,0,0,0,0,0,0,0,0,0,0,0,0,0,0,0,0.0,0.0,0.0,0.0,0.0,0.0,0.0,0.0,0.0,0.0,0.0,0.0,0.0,0.0,0.0,0.0,0.0,0.0,0.0,0.0,0.0,0.0,2.004,0.0,-0.0,0.0,0.0,0.0,0.0,0.0,3402.0,-8608108544.0,0.0,-0.0,0.0,2.7184274988523002e+23,0.0,0.0,0.0,0.0,0.0,0,1.9056958870913024e+17,89220.062,0.0,0.0,0.0,0.0,0.0,0.0,0.0,0,0,0,0.0,0.0,0.0,0.0,0.0,0.0,0.0,0.0,0.0,0.0,0.0,0.0,0.0,0.0,0.0,0.0,0,-107875648.0,0,0.0,0,-107875648.0,-0.0,0,0,17040,39322,17054,0,17038,0,0,0,110,100,100,-0.0,64.0,0.0,64.5,0.0,69.0,1,49,50,180,13107,0,0,0,0.0,0.0,0.0,0.0,nan,65.0,0.0,-1.1236778171326084e+37,0.0,646,0,690,0,0,0,720,0,793,0,711,0,690,0,645,0,643,0,614,0.032,53739520.0,-0.0,-0.0,51344,16787,-0.0,-5.25901736610676e+37,-0.0,-4.876524336237773e+16,-0.0,2766407225835520.0,29.0,60.0,70,0.0,0.0,0.0,0.0,0.0,0.0,0.0,0.0,0.0,0.0,0.0,0.0,0.0,0.0,0.0,0.0,59.2,69,11,65508,41,65476,0,300,0,0,8,20529,65476,0,0,61604,60.0,0.0,0.0,0.0,0.0,0.0
2026-04-04T11:05:17,ERR,ERR,ERR,ERR,ERR,ERR,ERR,ERR,ERR,ERR,ERR,ERR,ERR,ERR,ERR,ERR,ERR,ERR,ERR,ERR,ERR,ERR,ERR,ERR,ERR,ERR,ERR,ERR,ERR,ERR,ERR,ERR,ERR,ERR,ERR,ERR,ERR,ERR,ERR,ERR,ERR,ERR,ERR,ERR,ERR,ERR,ERR,ERR,ERR,ERR,ERR,ERR,ERR,ERR,ERR,ERR,ERR,ERR,ERR,ERR,ERR,ERR,ERR,ERR,ERR,ERR,ERR,ERR,ERR,ERR,ERR,ERR,ERR,ERR,ERR,ERR,ERR,ERR,ERR,ERR,ERR,ERR,ERR,ERR,ERR,ERR,ERR,ERR,ERR,ERR,ERR,ERR,ERR,ERR,ERR,ERR,ERR,ERR,ERR,ERR,ERR,ERR,ERR,ERR,ERR,ERR,ERR,ERR,ERR,ERR,ERR,ERR,ERR,ERR,ERR,ERR,ERR,ERR,ERR,ERR,ERR,ERR,ERR,ERR,ERR,-0.0,0.0,3.039990997430017e+23,0.0,0.0,0.0,0.0,nan,0,0,0,32768,0,0.0,0,0.0,0.0,0.0,0.0,0.0,0,0,0,0,0.0,0,0,0,0,0,0,0,0,0,0,0,0,0,0,0,0,0,0,0,0,0,0,0,0,0,0,0,0,0,0,0,0,0,0,0,0,0,0,0,0,0,0,0,0,0.0,0.0,0.0,0.0,0.0,0.0,0.0,0.0,0.0,0.0,0.0,0.0,0.0,0.0,0.0,0.0,0.0,0.0,0.0,0.0,0.0,0.0,2.004,0.0,-0.0,0.0,0.0,0.0,0.0,0.0,3402.0,-8608108544.0,0.0,-0.0,0.0,2.7184274988523002e+23,0.0,0.0,0.0,0.0,0.0,0,1.9056958870913024e+17,89220.062,0.0,0.0,0.0,0.0,0.0,0.0,0.0,0,0,0,0.0,0.0,0.0,0.0,0.0,0.0,0.0,0.0,0.0,0.0,0.0,0.0,0.0,0.0,0.0,0.0,0,-107875648.0,0,0.0,0,-107875648.0,-0.0,0,0,17040,39322,17054,0,17038,0,0,0,110,100,100,-0.0,64.0,0.0,64.5,0.0,69.0,1,49,50,180,13107,0,0,0,0.0,0.0,0.0,0.0,nan,65.0,0.0,-1.1236778171326084e+37,0.0,646,0,690,0,0,0,720,0,793,0,711,0,690,0,645,0,643,0,614,0.032,53739520.0,-0.0,-0.0,51344,16787,-0.0,-5.25901736610676e+37,-0.0,-4.876524336237773e+16,-0.0,2766407225835520.0,29.0,60.0,70,0.0,0.0,0.0,0.0,0.0,0.0,0.0,0.0,0.0,0.0,0.0,0.0,0.0,0.0,0.0,0.0,59.2,69,11,65508,41,65476,0,300,0,0,8,20529,65476,0,0,61604,60.0,0.0,0.0,0.0,0.0,0.0
2026-04-04T11:05:18,ERR,ERR,ERR,ERR,ERR,ERR,ERR,ERR,ERR,ERR,ERR,ERR,ERR,ERR,ERR,ERR,ERR,ERR,ERR,ERR,ERR,ERR,ERR,ERR,ERR,ERR,ERR,ERR,ERR,ERR,ERR,ERR,ERR,ERR,ERR,ERR,ERR,ERR,ERR,ERR,ERR,ERR,ERR,ERR,ERR,ERR,ERR,ERR,ERR,ERR,ERR,ERR,ERR,ERR,ERR,ERR,ERR,ERR,ERR,ERR,ERR,ERR,ERR,ERR,ERR,ERR,ERR,ERR,ERR,ERR,ERR,ERR,ERR,ERR,ERR,ERR,ERR,ERR,ERR,ERR,ERR,ERR,ERR,ERR,ERR,ERR,ERR,ERR,ERR,ERR,ERR,ERR,ERR,ERR,ERR,ERR,ERR,ERR,ERR,ERR,ERR,ERR,ERR,ERR,ERR,ERR,ERR,ERR,ERR,ERR,ERR,ERR,ERR,ERR,ERR,ERR,ERR,ERR,ERR,ERR,ERR,ERR,ERR,ERR,ERR,-0.0,0.0,3.039990997430017e+23,0.0,0.0,0.0,0.0,nan,0,0,0,32768,0,0.0,0,0.0,0.0,0.0,0.0,0.0,0,0,0,0,0.0,0,0,0,0,0,0,0,0,0,0,0,0,0,0,0,0,0,0,0,0,0,0,0,0,0,0,0,0,0,0,0,0,0,0,0,0,0,0,0,0,0,0,0,0,0.0,0.0,0.0,0.0,0.0,0.0,0.0,0.0,0.0,0.0,0.0,0.0,0.0,0.0,0.0,0.0,0.0,0.0,0.0,0.0,0.0,0.0,2.004,0.0,-0.0,0.0,0.0,0.0,0.0,0.0,3402.0,-8608108544.0,0.0,-0.0,0.0,2.7184274988523002e+23,0.0,0.0,0.0,0.0,0.0,0,1.9056958870913024e+17,89220.062,0.0,0.0,0.0,0.0,0.0,0.0,0.0,0,0,0,0.0,0.0,0.0,0.0,0.0,0.0,0.0,0.0,0.0,0.0,0.0,0.0,0.0,0.0,0.0,0.0,0,-107875648.0,0,0.0,0,-107875648.0,-0.0,0,0,17040,39322,17054,0,17038,0,0,0,110,100,100,-0.0,64.0,0.0,64.5,0.0,69.0,1,49,50,180,13107,0,0,0,0.0,0.0,0.0,0.0,nan,65.0,0.0,-1.1236778171326084e+37,0.0,646,0,690,0,0,0,720,0,793,0,711,0,690,0,645,0,643,0,614,0.032,53739520.0,-0.0,-0.0,51344,16787,-0.0,-5.25901736610676e+37,-0.0,-4.876524336237773e+16,-0.0,2766407225835520.0,29.0,60.0,70,0.0,0.0,0.0,0.0,0.0,0.0,0.0,0.0,0.0,0.0,0.0,0.0,0.0,0.0,0.0,0.0,59.2,69,11,65508,41,65476,0,300,0,0,8,20529,65476,0,0,61604,60.0,0.0,0.0,0.0,0.0,0.0
2026-04-04T11:05:19,ERR,ERR,ERR,ERR,ERR,ERR,ERR,ERR,ERR,ERR,ERR,ERR,ERR,ERR,ERR,ERR,ERR,ERR,ERR,ERR,ERR,ERR,ERR,ERR,ERR,ERR,ERR,ERR,ERR,ERR,ERR,ERR,ERR,ERR,ERR,ERR,ERR,ERR,ERR,ERR,ERR,ERR,ERR,ERR,ERR,ERR,ERR,ERR,ERR,ERR,ERR,ERR,ERR,ERR,ERR,ERR,ERR,ERR,ERR,ERR,ERR,ERR,ERR,ERR,ERR,ERR,ERR,ERR,ERR,ERR,ERR,ERR,ERR,ERR,ERR,ERR,ERR,ERR,ERR,ERR,ERR,ERR,ERR,ERR,ERR,ERR,ERR,ERR,ERR,ERR,ERR,ERR,ERR,ERR,ERR,ERR,ERR,ERR,ERR,ERR,ERR,ERR,ERR,ERR,ERR,ERR,ERR,ERR,ERR,ERR,ERR,ERR,ERR,ERR,ERR,ERR,ERR,ERR,ERR,ERR,ERR,ERR,ERR,ERR,ERR,-0.0,0.0,3.039990997430017e+23,0.0,0.0,0.0,0.0,nan,0,0,0,32768,0,0.0,0,0.0,0.0,0.0,0.0,0.0,0,0,0,0,0.0,0,0,0,0,0,0,0,0,0,0,0,0,0,0,0,0,0,0,0,0,0,0,0,0,0,0,0,0,0,0,0,0,0,0,0,0,0,0,0,0,0,0,0,0,0.0,0.0,0.0,0.0,0.0,0.0,0.0,0.0,0.0,0.0,0.0,0.0,0.0,0.0,0.0,0.0,0.0,0.0,0.0,0.0,0.0,0.0,2.004,0.0,-0.0,0.0,0.0,0.0,0.0,0.0,3402.0,-8608108544.0,0.0,-0.0,0.0,2.7184274988523002e+23,0.0,0.0,0.0,0.0,0.0,0,1.9056958870913024e+17,89220.062,0.0,0.0,0.0,0.0,0.0,0.0,0.0,0,0,0,0.0,0.0,0.0,0.0,0.0,0.0,0.0,0.0,0.0,0.0,0.0,0.0,0.0,0.0,0.0,0.0,0,-107875648.0,0,0.0,0,-107875648.0,-0.0,0,0,17040,39322,17054,0,17038,0,0,0,110,100,100,-0.0,64.0,0.0,64.5,0.0,69.0,1,49,50,180,13107,0,0,0,0.0,0.0,0.0,0.0,nan,65.0,0.0,-1.1236778171326084e+37,0.0,646,0,690,0,0,0,720,0,793,0,711,0,690,0,645,0,643,0,614,0.032,53739520.0,-0.0,-0.0,51344,16787,-0.0,-5.25901736610676e+37,-0.0,-4.876524336237773e+16,-0.0,2766407225835520.0,29.0,60.0,70,0.0,0.0,0.0,0.0,0.0,0.0,0.0,0.0,0.0,0.0,0.0,0.0,0.0,0.0,0.0,0.0,59.2,69,11,65508,41,65476,0,300,0,0,8,20529,65476,0,0,61604,60.0,0.0,0.0,0.0,0.0,0.0
2026-04-04T11:05:20,ERR,ERR,ERR,ERR,ERR,ERR,ERR,ERR,ERR,ERR,ERR,ERR,ERR,ERR,ERR,ERR,ERR,ERR,ERR,ERR,ERR,ERR,ERR,ERR,ERR,ERR,ERR,ERR,ERR,ERR,ERR,ERR,ERR,ERR,ERR,ERR,ERR,ERR,ERR,ERR,ERR,ERR,ERR,ERR,ERR,ERR,ERR,ERR,ERR,ERR,ERR,ERR,ERR,ERR,ERR,ERR,ERR,ERR,ERR,ERR,ERR,ERR,ERR,ERR,ERR,ERR,ERR,ERR,ERR,ERR,ERR,ERR,ERR,ERR,ERR,ERR,ERR,ERR,ERR,ERR,ERR,ERR,ERR,ERR,ERR,ERR,ERR,ERR,ERR,ERR,ERR,ERR,ERR,ERR,ERR,ERR,ERR,ERR,ERR,ERR,ERR,ERR,ERR,ERR,ERR,ERR,ERR,ERR,ERR,ERR,ERR,ERR,ERR,ERR,ERR,ERR,ERR,ERR,ERR,ERR,ERR,ERR,ERR,ERR,ERR,-0.0,0.0,3.039990997430017e+23,0.0,0.0,0.0,0.0,nan,0,0,0,32768,0,0.0,0,0.0,0.0,0.0,0.0,0.0,0,0,0,0,0.0,0,0,0,0,0,0,0,0,0,0,0,0,0,0,0,0,0,0,0,0,0,0,0,0,0,0,0,0,0,0,0,0,0,0,0,0,0,0,0,0,0,0,0,0,0.0,0.0,0.0,0.0,0.0,0.0,0.0,0.0,0.0,0.0,0.0,0.0,0.0,0.0,0.0,0.0,0.0,0.0,0.0,0.0,0.0,0.0,2.004,0.0,-0.0,0.0,0.0,0.0,0.0,0.0,3402.0,-8608108544.0,0.0,-0.0,0.0,2.7184274988523002e+23,0.0,0.0,0.0,0.0,0.0,0,1.9056958870913024e+17,89220.062,0.0,0.0,0.0,0.0,0.0,0.0,0.0,0,0,0,0.0,0.0,0.0,0.0,0.0,0.0,0.0,0.0,0.0,0.0,0.0,0.0,0.0,0.0,0.0,0.0,0,-107875648.0,0,0.0,0,-107875648.0,-0.0,0,0,17040,39322,17054,13107,17038,0,0,0,110,100,100,-0.0,64.0,0.0,64.5,0.0,69.0,1,49,50,180,13107,0,0,0,0.0,0.0,0.0,0.0,-0.0,65.0,0.0,0.004,0.0,646,0,690,0,0,0,719,0,793,0,711,0,690,0,645,0,643,0,614,0.032,55836672.0,-0.0,-0.0,44432,16787,-0.0,0.0,-0.0,0.0,-0.0,-0.0,29.0,60.0,70,0.0,0.0,0.0,0.0,0.0,0.0,0.0,0.0,0.0,0.0,0.0,0.0,0.0,0.0,0.0,0.0,59.2,69,11,65508,41,65476,0,300,0,0,8,20529,65476,0,0,61604,60.0,0.0,0.0,0.0,0.0,0.0
2026-04-04T11:05:21,ERR,ERR,ERR,ERR,ERR,ERR,ERR,ERR,ERR,ERR,ERR,ERR,ERR,ERR,ERR,ERR,ERR,ERR,ERR,ERR,ERR,ERR,ERR,ERR,ERR,ERR,ERR,ERR,ERR,ERR,ERR,ERR,ERR,ERR,ERR,ERR,ERR,ERR,ERR,ERR,ERR,ERR,ERR,ERR,ERR,ERR,ERR,ERR,ERR,ERR,ERR,ERR,ERR,ERR,ERR,ERR,ERR,ERR,ERR,ERR,ERR,ERR,ERR,ERR,ERR,ERR,ERR,ERR,ERR,ERR,ERR,ERR,ERR,ERR,ERR,ERR,ERR,ERR,ERR,ERR,ERR,ERR,ERR,ERR,ERR,ERR,ERR,ERR,ERR,ERR,ERR,ERR,ERR,ERR,ERR,ERR,ERR,ERR,ERR,ERR,ERR,ERR,ERR,ERR,ERR,ERR,ERR,ERR,ERR,ERR,ERR,ERR,ERR,ERR,ERR,ERR,ERR,ERR,ERR,ERR,ERR,ERR,ERR,ERR,ERR,-0.0,0.0,3.039990997430017e+23,0.0,0.0,0.0,0.0,nan,0,0,0,32768,0,0.0,0,0.0,0.0,0.0,0.0,0.0,0,0,0,0,0.0,0,0,0,0,0,0,0,0,0,0,0,0,0,0,0,0,0,0,0,0,0,0,0,0,0,0,0,0,0,0,0,0,0,0,0,0,0,0,0,0,0,0,0,0,0.0,0.0,0.0,0.0,0.0,0.0,0.0,0.0,0.0,0.0,0.0,0.0,0.0,0.0,0.0,0.0,0.0,0.0,0.0,0.0,0.0,0.0,2.004,0.0,-2.004,0.0,0.0,0.0,0.0,0.0,3402.5,0.0,0.0,-0.0,0.0,2.7184274988523002e+23,0.0,0.0,0.0,0.0,0.0,0,107615248.0,1.905674927650898e+17,0.0,0.0,0.0,0.0,0.0,0.0,0.0,0,0,0,0.0,0.0,0.0,0.0,0.0,0.0,0.0,0.0,0.0,0.0,0.0,0.0,0.0,0.0,0.0,0.0,0,-107875648.0,0,0.0,0,-107875648.0,-0.0,0,0,17040,39322,17054,13107,17038,0,0,0,110,100,100,-0.0,64.0,0.0,64.5,0.0,69.0,1,49,50,180,13107,0,0,0,0.0,0.0,0.0,0.0,-0.0,65.0,0.0,0.004,0.0,646,0,690,0,0,0,719,0,793,0,711,0,690,0,645,0,643,0,614,0.032,55836672.0,-0.0,-0.0,44432,16787,-0.0,0.0,-0.0,0.0,-0.0,-0.0,29.0,60.0,70,0.0,0.0,0.0,0.0,0.0,0.0,0.0,0.0,0.0,0.0,0.0,0.0,0.0,0.0,0.0,0.0,59.2,69,11,65508,41,65476,0,300,0,0,8,20529,65476,0,0,61604,60.0,0.0,0.0,0.0,0.0,0.0
2026-04-04T11:05:22,ERR,ERR,ERR,ERR,ERR,ERR,ERR,ERR,ERR,ERR,ERR,ERR,ERR,ERR,ERR,ERR,ERR,ERR,ERR,ERR,ERR,ERR,ERR,ERR,ERR,ERR,ERR,ERR,ERR,ERR,ERR,ERR,ERR,ERR,ERR,ERR,ERR,ERR,ERR,ERR,ERR,ERR,ERR,ERR,ERR,ERR,ERR,ERR,ERR,ERR,ERR,ERR,ERR,ERR,ERR,ERR,ERR,ERR,ERR,ERR,ERR,ERR,ERR,ERR,ERR,ERR,ERR,ERR,ERR,ERR,ERR,ERR,ERR,ERR,ERR,ERR,ERR,ERR,ERR,ERR,ERR,ERR,ERR,ERR,ERR,ERR,ERR,ERR,ERR,ERR,ERR,ERR,ERR,ERR,ERR,ERR,ERR,ERR,ERR,ERR,ERR,ERR,ERR,ERR,ERR,ERR,ERR,ERR,ERR,ERR,ERR,ERR,ERR,ERR,ERR,ERR,ERR,ERR,ERR,ERR,ERR,ERR,ERR,ERR,ERR,-0.0,0.0,3.039990997430017e+23,0.0,0.0,0.0,0.0,nan,0,0,0,32768,0,0.0,0,0.0,0.0,0.0,0.0,0.0,0,0,0,0,0.0,0,0,0,0,0,0,0,0,0,0,0,0,0,0,0,0,0,0,0,0,0,0,0,0,0,0,0,0,0,0,0,0,0,0,0,0,0,0,0,0,0,0,0,0,0.0,0.0,0.0,0.0,0.0,0.0,0.0,0.0,0.0,0.0,0.0,0.0,0.0,0.0,0.0,0.0,0.0,0.0,0.0,0.0,0.0,0.0,2.004,0.0,-2.004,0.0,0.0,0.0,0.0,0.0,3402.5,0.0,0.0,-0.0,0.0,2.7184274988523002e+23,0.0,0.0,0.0,0.0,0.0,0,107615248.0,1.905674927650898e+17,0.0,0.0,0.0,0.0,0.0,0.0,0.0,0,0,0,0.0,0.0,0.0,0.0,0.0,0.0,0.0,0.0,0.0,0.0,0.0,0.0,0.0,0.0,0.0,0.0,0,-107875648.0,0,0.0,0,-107875648.0,-0.0,0,0,17040,39322,17054,13107,17038,0,0,0,110,100,100,-0.0,64.0,0.0,64.5,0.0,69.0,1,49,50,180,13107,0,0,0,0.0,0.0,0.0,0.0,-0.0,65.0,0.0,0.004,0.0,646,0,690,0,0,0,719,0,793,0,711,0,690,0,645,0,643,0,614,0.032,55836672.0,-0.0,-0.0,44432,16787,-0.0,0.0,-0.0,0.0,-0.0,-0.0,29.0,60.0,70,0.0,0.0,0.0,0.0,0.0,0.0,0.0,0.0,0.0,0.0,0.0,0.0,0.0,0.0,0.0,0.0,59.2,69,11,65508,41,65476,0,300,0,0,8,20529,65476,0,0,61604,60.0,0.0,0.0,0.0,0.0,0.0
2026-04-04T11:05:23,ERR,ERR,ERR,ERR,ERR,ERR,ERR,ERR,ERR,ERR,ERR,ERR,ERR,ERR,ERR,ERR,ERR,ERR,ERR,ERR,ERR,ERR,ERR,ERR,ERR,ERR,ERR,ERR,ERR,ERR,ERR,ERR,ERR,ERR,ERR,ERR,ERR,ERR,ERR,ERR,ERR,ERR,ERR,ERR,ERR,ERR,ERR,ERR,ERR,ERR,ERR,ERR,ERR,ERR,ERR,ERR,ERR,ERR,ERR,ERR,ERR,ERR,ERR,ERR,ERR,ERR,ERR,ERR,ERR,ERR,ERR,ERR,ERR,ERR,ERR,ERR,ERR,ERR,ERR,ERR,ERR,ERR,ERR,ERR,ERR,ERR,ERR,ERR,ERR,ERR,ERR,ERR,ERR,ERR,ERR,ERR,ERR,ERR,ERR,ERR,ERR,ERR,ERR,ERR,ERR,ERR,ERR,ERR,ERR,ERR,ERR,ERR,ERR,ERR,ERR,ERR,ERR,ERR,ERR,ERR,ERR,ERR,ERR,ERR,ERR,-0.0,0.0,3.039990997430017e+23,0.0,0.0,0.0,0.0,nan,0,0,0,32768,0,0.0,0,0.0,0.0,0.0,0.0,0.0,0,0,0,0,0.0,0,0,0,0,0,0,0,0,0,0,0,0,0,0,0,0,0,0,0,0,0,0,0,0,0,0,0,0,0,0,0,0,0,0,0,0,0,0,0,0,0,0,0,0,0.0,0.0,0.0,0.0,0.0,0.0,0.0,0.0,0.0,0.0,0.0,0.0,0.0,0.0,0.0,0.0,0.0,0.0,0.0,0.0,0.0,0.0,2.004,0.0,-2.004,0.0,0.0,0.0,0.0,0.0,3402.5,0.0,0.0,-0.0,0.0,2.7184274988523002e+23,0.0,0.0,0.0,0.0,0.0,0,107615248.0,1.905674927650898e+17,0.0,0.0,0.0,0.0,0.0,0.0,0.0,0,0,0,0.0,0.0,0.0,0.0,0.0,0.0,0.0,0.0,0.0,0.0,0.0,0.0,0.0,0.0,0.0,0.0,0,-107875648.0,0,0.0,0,-107875648.0,-0.0,0,0,17040,39322,17054,13107,17038,0,0,0,110,100,100,-0.0,64.0,0.0,64.5,0.0,69.0,1,49,50,180,13107,0,0,0,0.0,0.0,0.0,0.0,-0.0,65.0,0.0,0.004,0.0,646,0,690,0,0,0,719,0,793,0,711,0,690,0,645,0,643,0,614,0.032,55836672.0,-0.0,-0.0,44432,16787,-0.0,0.0,-0.0,0.0,-0.0,-0.0,29.0,60.0,70,0.0,0.0,0.0,0.0,0.0,0.0,0.0,0.0,0.0,0.0,0.0,0.0,0.0,0.0,0.0,0.0,59.2,69,11,65508,41,65476,0,300,0,0,8,20529,65476,0,0,61604,60.0,0.0,0.0,0.0,0.0,0.0
2026-04-04T11:05:24,ERR,ERR,ERR,ERR,ERR,ERR,ERR,ERR,ERR,ERR,ERR,ERR,ERR,ERR,ERR,ERR,ERR,ERR,ERR,ERR,ERR,ERR,ERR,ERR,ERR,ERR,ERR,ERR,ERR,ERR,ERR,ERR,ERR,ERR,ERR,ERR,ERR,ERR,ERR,ERR,ERR,ERR,ERR,ERR,ERR,ERR,ERR,ERR,ERR,ERR,ERR,ERR,ERR,ERR,ERR,ERR,ERR,ERR,ERR,ERR,ERR,ERR,ERR,ERR,ERR,ERR,ERR,ERR,ERR,ERR,ERR,ERR,ERR,ERR,ERR,ERR,ERR,ERR,ERR,ERR,ERR,ERR,ERR,ERR,ERR,ERR,ERR,ERR,ERR,ERR,ERR,ERR,ERR,ERR,ERR,ERR,ERR,ERR,ERR,ERR,ERR,ERR,ERR,ERR,ERR,ERR,ERR,ERR,ERR,ERR,ERR,ERR,ERR,ERR,ERR,ERR,ERR,ERR,ERR,ERR,ERR,ERR,ERR,ERR,ERR,-0.0,0.0,3.039990997430017e+23,0.0,0.0,0.0,0.0,nan,0,0,0,32768,0,0.0,0,0.0,0.0,0.0,0.0,0.0,0,0,0,0,0.0,0,0,0,0,0,0,0,0,0,0,0,0,0,0,0,0,0,0,0,0,0,0,0,0,0,0,0,0,0,0,0,0,0,0,0,0,0,0,0,0,0,0,0,0,0.0,0.0,0.0,0.0,0.0,0.0,0.0,0.0,0.0,0.0,0.0,0.0,0.0,0.0,0.0,0.0,0.0,0.0,0.0,0.0,0.0,0.0,2.004,0.0,-2.004,0.0,0.0,0.0,0.0,0.0,3402.5,0.0,0.0,-0.0,0.0,2.7184274988523002e+23,0.0,0.0,0.0,0.0,0.0,0,107615248.0,1.905674927650898e+17,0.0,0.0,0.0,0.0,0.0,0.0,0.0,0,0,0,0.0,0.0,0.0,0.0,0.0,0.0,0.0,0.0,0.0,0.0,0.0,0.0,0.0,0.0,0.0,0.0,0,-107875648.0,0,0.0,0,-107875648.0,-0.0,0,0,17040,39322,17054,13107,17038,0,0,0,110,100,100,-0.0,64.0,0.0,64.5,0.0,69.0,1,49,50,180,13107,0,0,0,0.0,0.0,0.0,0.0,-0.0,65.0,0.0,0.004,0.0,646,0,690,0,0,0,719,0,793,0,711,0,690,0,645,0,643,0,614,0.032,55836672.0,-0.0,-0.0,44432,16787,-0.0,0.0,-0.0,0.0,-0.0,-0.0,29.0,60.0,70,0.0,0.0,0.0,0.0,0.0,0.0,0.0,0.0,0.0,0.0,0.0,0.0,0.0,0.0,0.0,0.0,59.2,69,11,65508,41,65476,0,300,0,0,8,20529,65476,0,0,61604,60.0,0.0,0.0,0.0,0.0,0.0
2026-04-04T11:05:25,ERR,ERR,ERR,ERR,ERR,ERR,ERR,ERR,ERR,ERR,ERR,ERR,ERR,ERR,ERR,ERR,ERR,ERR,ERR,ERR,ERR,ERR,ERR,ERR,ERR,ERR,ERR,ERR,ERR,ERR,ERR,ERR,ERR,ERR,ERR,ERR,ERR,ERR,ERR,ERR,ERR,ERR,ERR,ERR,ERR,ERR,ERR,ERR,ERR,ERR,ERR,ERR,ERR,ERR,ERR,ERR,ERR,ERR,ERR,ERR,ERR,ERR,ERR,ERR,ERR,ERR,ERR,ERR,ERR,ERR,ERR,ERR,ERR,ERR,ERR,ERR,ERR,ERR,ERR,ERR,ERR,ERR,ERR,ERR,ERR,ERR,ERR,ERR,ERR,ERR,ERR,ERR,ERR,ERR,ERR,ERR,ERR,ERR,ERR,ERR,ERR,ERR,ERR,ERR,ERR,ERR,ERR,ERR,ERR,ERR,ERR,ERR,ERR,ERR,ERR,ERR,ERR,ERR,ERR,ERR,ERR,ERR,ERR,ERR,ERR,-0.0,0.0,3.039990997430017e+23,0.0,0.0,0.0,0.0,nan,0,0,0,32768,0,0.0,0,0.0,0.0,0.0,0.0,0.0,0,0,0,0,0.0,0,0,0,0,0,0,0,0,0,0,0,0,0,0,0,0,0,0,0,0,0,0,0,0,0,0,0,0,0,0,0,0,0,0,0,0,0,0,0,0,0,0,0,0,0.0,0.0,0.0,0.0,0.0,0.0,0.0,0.0,0.0,0.0,0.0,0.0,0.0,0.0,0.0,0.0,0.0,0.0,0.0,0.0,0.0,0.0,2.004,0.0,-2.004,0.0,0.0,0.0,0.0,0.0,3402.5,0.0,0.0,-0.0,0.0,2.7184274988523002e+23,0.0,0.0,0.0,0.0,0.0,0,107615248.0,1.905674927650898e+17,0.0,0.0,0.0,0.0,0.0,0.0,0.0,0,0,0,0.0,0.0,0.0,0.0,0.0,0.0,0.0,0.0,0.0,0.0,0.0,0.0,0.0,0.0,0.0,0.0,0,-107875648.0,0,0.0,0,-107875648.0,-0.0,0,0,17040,39322,17054,13107,17038,0,0,0,110,100,100,-0.0,64.0,0.0,64.5,0.0,69.0,1,49,50,180,13107,0,0,0,0.0,0.0,0.0,0.0,1.8719247464624737e+36,65.0,0.0,-7.1206733463928456e+22,0.0,646,0,690,0,0,0,719,0,793,0,711,0,690,0,645,0,643,0,614,0.032,56098816.0,-0.0,-0.0,56208,16787,-0.0,-731251671040.0,77726984.0,4.8211752131218734e+27,1.3018329494436341e+28,0.0,29.0,60.0,70,0.0,0.0,0.0,0.0,0.0,0.0,0.0,0.0,0.0,0.0,0.0,0.0,0.0,0.0,0.0,0.0,59.2,69,11,65508,41,65476,0,300,0,0,8,20529,65476,0,0,61604,60.0,0.0,0.0,0.0,0.0,0.0
2026-04-04T11:05:26,ERR,ERR,ERR,ERR,ERR,ERR,ERR,ERR,ERR,ERR,ERR,ERR,ERR,ERR,ERR,ERR,ERR,ERR,ERR,ERR,ERR,ERR,ERR,ERR,ERR,ERR,ERR,ERR,ERR,ERR,ERR,ERR,ERR,ERR,ERR,ERR,ERR,ERR,ERR,ERR,ERR,ERR,ERR,ERR,ERR,ERR,ERR,ERR,ERR,ERR,ERR,ERR,ERR,ERR,ERR,ERR,ERR,ERR,ERR,ERR,ERR,ERR,ERR,ERR,ERR,ERR,ERR,ERR,ERR,ERR,ERR,ERR,ERR,ERR,ERR,ERR,ERR,ERR,ERR,ERR,ERR,ERR,ERR,ERR,ERR,ERR,ERR,ERR,ERR,ERR,ERR,ERR,ERR,ERR,ERR,ERR,ERR,ERR,ERR,ERR,ERR,ERR,ERR,ERR,ERR,ERR,ERR,ERR,ERR,ERR,ERR,ERR,ERR,ERR,ERR,ERR,ERR,ERR,ERR,ERR,ERR,ERR,ERR,ERR,ERR,-0.0,0.0,3.039990997430017e+23,0.0,0.0,0.0,0.0,nan,0,0,0,32768,0,0.0,0,0.0,0.0,0.0,0.0,0.0,0,0,0,0,0.0,0,0,0,0,0,0,0,0,0,0,0,0,0,0,0,0,0,0,0,0,0,0,0,0,0,0,0,0,0,0,0,0,0,0,0,0,0,0,0,0,0,0,0,0,0.0,0.0,0.0,0.0,0.0,0.0,0.0,0.0,0.0,0.0,0.0,0.0,0.0,0.0,0.0,0.0,0.0,0.0,0.0,0.0,0.0,0.0,2.004,0.0,-2.004,0.0,0.0,0.0,0.0,0.0,3402.5,0.0,0.0,-0.0,0.0,2.7184274988523002e+23,0.0,0.0,0.0,0.0,0.0,0,107615248.0,1.905674927650898e+17,0.0,0.0,0.0,0.0,0.0,0.0,0.0,0,0,0,0.0,0.0,0.0,0.0,0.0,0.0,0.0,0.0,0.0,0.0,0.0,0.0,0.0,0.0,0.0,0.0,0,-107875648.0,0,0.0,0,-107875648.0,-0.0,0,0,17040,39322,17054,13107,17038,0,0,0,110,100,100,-0.0,64.0,0.0,64.5,0.0,69.0,1,49,50,180,13107,0,0,0,0.0,0.0,0.0,0.0,1.8719247464624737e+36,65.0,0.0,-7.1206733463928456e+22,0.0,646,0,690,0,0,0,719,0,793,0,711,0,690,0,645,0,643,0,614,0.032,56098816.0,-0.0,-0.0,56208,16787,-0.0,-731251671040.0,77726984.0,4.8211752131218734e+27,1.3018329494436341e+28,0.0,29.0,60.0,70,0.0,0.0,0.0,0.0,0.0,0.0,0.0,0.0,0.0,0.0,0.0,0.0,0.0,0.0,0.0,0.0,59.2,69,11,65508,41,65476,0,300,0,0,8,20529,65476,0,0,61604,60.0,0.0,0.0,0.0,0.0,0.0
2026-04-04T11:05:27,ERR,ERR,ERR,ERR,ERR,ERR,ERR,ERR,ERR,ERR,ERR,ERR,ERR,ERR,ERR,ERR,ERR,ERR,ERR,ERR,ERR,ERR,ERR,ERR,ERR,ERR,ERR,ERR,ERR,ERR,ERR,ERR,ERR,ERR,ERR,ERR,ERR,ERR,ERR,ERR,ERR,ERR,ERR,ERR,ERR,ERR,ERR,ERR,ERR,ERR,ERR,ERR,ERR,ERR,ERR,ERR,ERR,ERR,ERR,ERR,ERR,ERR,ERR,ERR,ERR,ERR,ERR,ERR,ERR,ERR,ERR,ERR,ERR,ERR,ERR,ERR,ERR,ERR,ERR,ERR,ERR,ERR,ERR,ERR,ERR,ERR,ERR,ERR,ERR,ERR,ERR,ERR,ERR,ERR,ERR,ERR,ERR,ERR,ERR,ERR,ERR,ERR,ERR,ERR,ERR,ERR,ERR,ERR,ERR,ERR,ERR,ERR,ERR,ERR,ERR,ERR,ERR,ERR,ERR,ERR,ERR,ERR,ERR,ERR,ERR,-0.0,0.0,3.039990997430017e+23,0.0,0.0,0.0,0.0,nan,0,0,0,32768,0,0.0,0,0.0,0.0,0.0,0.0,0.0,0,0,0,0,0.0,0,0,0,0,0,0,0,0,0,0,0,0,0,0,0,0,0,0,0,0,0,0,0,0,0,0,0,0,0,0,0,0,0,0,0,0,0,0,0,0,0,0,0,0,0.0,0.0,0.0,0.0,0.0,0.0,0.0,0.0,0.0,0.0,0.0,0.0,0.0,0.0,0.0,0.0,0.0,0.0,0.0,0.0,0.0,0.0,2.004,0.0,-2.004,0.0,0.0,0.0,0.0,0.0,3402.5,0.0,0.0,-0.0,0.0,2.7184274988523002e+23,0.0,0.0,0.0,0.0,0.0,0,107615248.0,1.905674927650898e+17,0.0,0.0,0.0,0.0,0.0,0.0,0.0,0,0,0,0.0,0.0,0.0,0.0,0.0,0.0,0.0,0.0,0.0,0.0,0.0,0.0,0.0,0.0,0.0,0.0,0,-107875648.0,0,0.0,0,-107875648.0,-0.0,0,0,17040,39322,17054,13107,17038,0,0,0,110,100,100,-0.0,64.0,0.0,64.5,0.0,69.0,1,49,50,180,13107,0,0,0,0.0,0.0,0.0,0.0,1.8719247464624737e+36,65.0,0.0,-7.1206733463928456e+22,0.0,646,0,690,0,0,0,719,0,793,0,711,0,690,0,645,0,643,0,614,0.032,56098816.0,-0.0,-0.0,56208,16787,-0.0,-731251671040.0,77726984.0,4.8211752131218734e+27,1.3018329494436341e+28,0.0,29.0,60.0,70,0.0,0.0,0.0,0.0,0.0,0.0,0.0,0.0,0.0,0.0,0.0,0.0,0.0,0.0,0.0,0.0,59.2,69,11,65508,41,65476,0,300,0,0,8,20529,65476,0,0,61604,60.0,0.0,0.0,0.0,0.0,0.0
2026-04-04T11:05:28,ERR,ERR,ERR,ERR,ERR,ERR,ERR,ERR,ERR,ERR,ERR,ERR,ERR,ERR,ERR,ERR,ERR,ERR,ERR,ERR,ERR,ERR,ERR,ERR,ERR,ERR,ERR,ERR,ERR,ERR,ERR,ERR,ERR,ERR,ERR,ERR,ERR,ERR,ERR,ERR,ERR,ERR,ERR,ERR,ERR,ERR,ERR,ERR,ERR,ERR,ERR,ERR,ERR,ERR,ERR,ERR,ERR,ERR,ERR,ERR,ERR,ERR,ERR,ERR,ERR,ERR,ERR,ERR,ERR,ERR,ERR,ERR,ERR,ERR,ERR,ERR,ERR,ERR,ERR,ERR,ERR,ERR,ERR,ERR,ERR,ERR,ERR,ERR,ERR,ERR,ERR,ERR,ERR,ERR,ERR,ERR,ERR,ERR,ERR,ERR,ERR,ERR,ERR,ERR,ERR,ERR,ERR,ERR,ERR,ERR,ERR,ERR,ERR,ERR,ERR,ERR,ERR,ERR,ERR,ERR,ERR,ERR,ERR,ERR,ERR,-0.0,0.0,3.039990997430017e+23,0.0,0.0,0.0,0.0,nan,0,0,0,32768,0,0.0,0,0.0,0.0,0.0,0.0,0.0,0,0,0,0,0.0,0,0,0,0,0,0,0,0,0,0,0,0,0,0,0,0,0,0,0,0,0,0,0,0,0,0,0,0,0,0,0,0,0,0,0,0,0,0,0,0,0,0,0,0,0.0,0.0,0.0,0.0,0.0,0.0,0.0,0.0,0.0,0.0,0.0,0.0,0.0,0.0,0.0,0.0,0.0,0.0,0.0,0.0,0.0,0.0,2.004,0.0,-0.0,0.0,0.0,0.0,0.0,0.0,3402.5,-0.0,0.0,-0.0,0.0,-0.0,0.0,0.0,0.0,0.0,0.0,0,107615248.0,0.0,0.0,0.0,0.0,0.0,0.0,0.0,0.0,0,0,0,0.0,0.0,0.0,0.0,0.0,0.0,0.0,0.0,0.0,0.0,0.0,0.0,0.0,0.0,0.0,0.0,0,-107875648.0,0,0.0,0,-107875648.0,-0.0,0,0,17040,39322,17054,13107,17038,0,0,0,110,100,100,-0.0,64.0,0.0,64.5,0.0,69.0,1,49,50,180,13107,0,0,0,0.0,0.0,0.0,0.0,1.8719247464624737e+36,65.0,0.0,-7.1206733463928456e+22,0.0,646,0,690,0,0,0,719,0,793,0,711,0,690,0,645,0,643,0,614,0.032,56098816.0,-0.0,-0.0,56208,16787,-0.0,-731251671040.0,77726984.0,4.8211752131218734e+27,1.3018329494436341e+28,0.0,29.0,60.0,70,0.0,0.0,0.0,0.0,0.0,0.0,0.0,0.0,0.0,0.0,0.0,0.0,0.0,0.0,0.0,0.0,59.2,69,11,65508,41,65476,0,300,0,0,8,20529,65476,0,0,61604,60.0,0.0,0.0,0.0,0.0,0.0
2026-04-04T11:05:29,ERR,ERR,ERR,ERR,ERR,ERR,ERR,ERR,ERR,ERR,ERR,ERR,ERR,ERR,ERR,ERR,ERR,ERR,ERR,ERR,ERR,ERR,ERR,ERR,ERR,ERR,ERR,ERR,ERR,ERR,ERR,ERR,ERR,ERR,ERR,ERR,ERR,ERR,ERR,ERR,ERR,ERR,ERR,ERR,ERR,ERR,ERR,ERR,ERR,ERR,ERR,ERR,ERR,ERR,ERR,ERR,ERR,ERR,ERR,ERR,ERR,ERR,ERR,ERR,ERR,ERR,ERR,ERR,ERR,ERR,ERR,ERR,ERR,ERR,ERR,ERR,ERR,ERR,ERR,ERR,ERR,ERR,ERR,ERR,ERR,ERR,ERR,ERR,ERR,ERR,ERR,ERR,ERR,ERR,ERR,ERR,ERR,ERR,ERR,ERR,ERR,ERR,ERR,ERR,ERR,ERR,ERR,ERR,ERR,ERR,ERR,ERR,ERR,ERR,ERR,ERR,ERR,ERR,ERR,ERR,ERR,ERR,ERR,ERR,ERR,-0.0,0.0,3.039990997430017e+23,0.0,0.0,0.0,0.0,nan,0,0,0,32768,0,0.0,0,0.0,0.0,0.0,0.0,0.0,0,0,0,0,0.0,0,0,0,0,0,0,0,0,0,0,0,0,0,0,0,0,0,0,0,0,0,0,0,0,0,0,0,0,0,0,0,0,0,0,0,0,0,0,0,0,0,0,0,0,0.0,0.0,0.0,0.0,0.0,0.0,0.0,0.0,0.0,0.0,0.0,0.0,0.0,0.0,0.0,0.0,0.0,0.0,0.0,0.0,0.0,0.0,2.004,0.0,-0.0,0.0,0.0,0.0,0.0,0.0,3402.5,-0.0,0.0,-0.0,0.0,-0.0,0.0,0.0,0.0,0.0,0.0,0,107615248.0,0.0,0.0,0.0,0.0,0.0,0.0,0.0,0.0,0,0,0,0.0,0.0,0.0,0.0,0.0,0.0,0.0,0.0,0.0,0.0,0.0,0.0,0.0,0.0,0.0,0.0,0,-107875648.0,0,0.0,0,-107875648.0,-0.0,0,0,17040,39322,17054,13107,17038,0,0,0,110,100,100,-0.0,64.0,0.0,64.5,0.0,69.0,1,49,50,180,13107,0,0,0,0.0,0.0,0.0,0.0,1.8719247464624737e+36,65.0,0.0,-7.1206733463928456e+22,0.0,646,0,690,0,0,0,719,0,793,0,711,0,690,0,645,0,643,0,614,0.032,56098816.0,-0.0,-0.0,56208,16787,-0.0,-731251671040.0,77726984.0,4.8211752131218734e+27,1.3018329494436341e+28,0.0,29.0,60.0,70,0.0,0.0,0.0,0.0,0.0,0.0,0.0,0.0,0.0,0.0,0.0,0.0,0.0,0.0,0.0,0.0,59.2,69,11,65508,41,65476,0,300,0,0,8,20529,65476,0,0,61604,60.0,0.0,0.0,0.0,0.0,0.0
2026-04-04T11:05:30,ERR,ERR,ERR,ERR,ERR,ERR,ERR,ERR,ERR,ERR,ERR,ERR,ERR,ERR,ERR,ERR,ERR,ERR,ERR,ERR,ERR,ERR,ERR,ERR,ERR,ERR,ERR,ERR,ERR,ERR,ERR,ERR,ERR,ERR,ERR,ERR,ERR,ERR,ERR,ERR,ERR,ERR,ERR,ERR,ERR,ERR,ERR,ERR,ERR,ERR,ERR,ERR,ERR,ERR,ERR,ERR,ERR,ERR,ERR,ERR,ERR,ERR,ERR,ERR,ERR,ERR,ERR,ERR,ERR,ERR,ERR,ERR,ERR,ERR,ERR,ERR,ERR,ERR,ERR,ERR,ERR,ERR,ERR,ERR,ERR,ERR,ERR,ERR,ERR,ERR,ERR,ERR,ERR,ERR,ERR,ERR,ERR,ERR,ERR,ERR,ERR,ERR,ERR,ERR,ERR,ERR,ERR,ERR,ERR,ERR,ERR,ERR,ERR,ERR,ERR,ERR,ERR,ERR,ERR,ERR,ERR,ERR,ERR,ERR,ERR,-0.0,0.0,3.039990997430017e+23,0.0,0.0,0.0,0.0,nan,0,0,0,32768,0,0.0,0,0.0,0.0,0.0,0.0,0.0,0,0,0,0,0.0,0,0,0,0,0,0,0,0,0,0,0,0,0,0,0,0,0,0,0,0,0,0,0,0,0,0,0,0,0,0,0,0,0,0,0,0,0,0,0,0,0,0,0,0,0.0,0.0,0.0,0.0,0.0,0.0,0.0,0.0,0.0,0.0,0.0,0.0,0.0,0.0,0.0,0.0,0.0,0.0,0.0,0.0,0.0,0.0,2.004,0.0,-0.0,0.0,0.0,0.0,0.0,0.0,3402.5,-0.0,0.0,-0.0,0.0,-0.0,0.0,0.0,0.0,0.0,0.0,0,107615248.0,0.0,0.0,0.0,0.0,0.0,0.0,0.0,0.0,0,0,0,0.0,0.0,0.0,0.0,0.0,0.0,0.0,0.0,0.0,0.0,0.0,0.0,0.0,0.0,0.0,0.0,0,-107875648.0,0,0.0,0,-107875648.0,-0.0,0,0,17040,26215,17054,13107,17038,0,0,0,110,100,100,-0.0,64.0,0.0,64.5,0.0,69.0,1,49,50,180,13107,0,0,0,0.0,0.0,0.0,0.0,-0.0,65.0,0.0,0.0,0.0,646,0,690,0,0,0,720,0,793,0,711,0,690,0,645,0,643,0,614,0.032,55836672.0,-0.0,-0.0,58768,16787,-0.0,0.0,-0.0,-0.0,-0.0,5.120955859598858e+35,29.0,60.0,70,0.0,0.0,0.0,0.0,0.0,0.0,0.0,0.0,0.0,0.0,0.0,0.0,0.0,0.0,0.0,0.0,59.2,69,11,65508,41,65476,0,300,0,0,8,20529,65476,0,0,61604,60.0,0.0,0.0,0.0,0.0,0.0
2026-04-04T11:05:31,ERR,ERR,ERR,ERR,ERR,ERR,ERR,ERR,ERR,ERR,ERR,ERR,ERR,ERR,ERR,ERR,ERR,ERR,ERR,ERR,ERR,ERR,ERR,ERR,ERR,ERR,ERR,ERR,ERR,ERR,ERR,ERR,ERR,ERR,ERR,ERR,ERR,ERR,ERR,ERR,ERR,ERR,ERR,ERR,ERR,ERR,ERR,ERR,ERR,ERR,ERR,ERR,ERR,ERR,ERR,ERR,ERR,ERR,ERR,ERR,ERR,ERR,ERR,ERR,ERR,ERR,ERR,ERR,ERR,ERR,ERR,ERR,ERR,ERR,ERR,ERR,ERR,ERR,ERR,ERR,ERR,ERR,ERR,ERR,ERR,ERR,ERR,ERR,ERR,ERR,ERR,ERR,ERR,ERR,ERR,ERR,ERR,ERR,ERR,ERR,ERR,ERR,ERR,ERR,ERR,ERR,ERR,ERR,ERR,ERR,ERR,ERR,ERR,ERR,ERR,ERR,ERR,ERR,ERR,ERR,ERR,ERR,ERR,ERR,ERR,-0.0,0.0,3.039990997430017e+23,0.0,0.0,0.0,0.0,nan,0,0,0,32768,0,0.0,0,0.0,0.0,0.0,0.0,0.0,0,0,0,0,0.0,0,0,0,0,0,0,0,0,0,0,0,0,0,0,0,0,0,0,0,0,0,0,0,0,0,0,0,0,0,0,0,0,0,0,0,0,0,0,0,0,0,0,0,0,0.0,0.0,0.0,0.0,0.0,0.0,0.0,0.0,0.0,0.0,0.0,0.0,0.0,0.0,0.0,0.0,0.0,0.0,0.0,0.0,0.0,0.0,2.004,0.0,-0.0,0.0,0.0,0.0,0.0,0.0,3402.5,-0.0,0.0,-0.0,0.0,-0.0,0.0,0.0,0.0,0.0,0.0,0,107615248.0,0.0,0.0,0.0,0.0,0.0,0.0,0.0,0.0,0,0,0,0.0,0.0,0.0,0.0,0.0,0.0,0.0,0.0,0.0,0.0,0.0,0.0,0.0,0.0,0.0,0.0,0,-107875648.0,0,0.0,0,-107875648.0,-0.0,0,0,17040,26215,17054,13107,17038,0,0,0,110,100,100,-0.0,64.0,0.0,64.5,0.0,69.0,1,49,50,180,13107,0,0,0,0.0,0.0,0.0,0.0,-0.0,65.0,0.0,0.0,0.0,646,0,690,0,0,0,720,0,793,0,711,0,690,0,645,0,643,0,614,0.032,55836672.0,-0.0,-0.0,58768,16787,-0.0,0.0,-0.0,-0.0,-0.0,5.120955859598858e+35,29.0,60.0,70,0.0,0.0,0.0,0.0,0.0,0.0,0.0,0.0,0.0,0.0,0.0,0.0,0.0,0.0,0.0,0.0,59.2,69,11,65508,41,65476,0,300,0,0,8,20529,65476,0,0,61604,60.0,0.0,0.0,0.0,0.0,0.0
2026-04-04T11:05:32,ERR,ERR,ERR,ERR,ERR,ERR,ERR,ERR,ERR,ERR,ERR,ERR,ERR,ERR,ERR,ERR,ERR,ERR,ERR,ERR,ERR,ERR,ERR,ERR,ERR,ERR,ERR,ERR,ERR,ERR,ERR,ERR,ERR,ERR,ERR,ERR,ERR,ERR,ERR,ERR,ERR,ERR,ERR,ERR,ERR,ERR,ERR,ERR,ERR,ERR,ERR,ERR,ERR,ERR,ERR,ERR,ERR,ERR,ERR,ERR,ERR,ERR,ERR,ERR,ERR,ERR,ERR,ERR,ERR,ERR,ERR,ERR,ERR,ERR,ERR,ERR,ERR,ERR,ERR,ERR,ERR,ERR,ERR,ERR,ERR,ERR,ERR,ERR,ERR,ERR,ERR,ERR,ERR,ERR,ERR,ERR,ERR,ERR,ERR,ERR,ERR,ERR,ERR,ERR,ERR,ERR,ERR,ERR,ERR,ERR,ERR,ERR,ERR,ERR,ERR,ERR,ERR,ERR,ERR,ERR,ERR,ERR,ERR,ERR,ERR,-0.0,0.0,3.039990997430017e+23,0.0,0.0,0.0,0.0,nan,0,0,0,32768,0,0.0,0,0.0,0.0,0.0,0.0,0.0,0,0,0,0,0.0,0,0,0,0,0,0,0,0,0,0,0,0,0,0,0,0,0,0,0,0,0,0,0,0,0,0,0,0,0,0,0,0,0,0,0,0,0,0,0,0,0,0,0,0,0.0,0.0,0.0,0.0,0.0,0.0,0.0,0.0,0.0,0.0,0.0,0.0,0.0,0.0,0.0,0.0,0.0,0.0,0.0,0.0,0.0,0.0,2.004,0.0,-0.0,0.0,0.0,0.0,0.0,0.0,3402.5,-0.0,0.0,-0.0,0.0,-0.0,0.0,0.0,0.0,0.0,0.0,0,107615248.0,0.0,0.0,0.0,0.0,0.0,0.0,0.0,0.0,0,0,0,0.0,0.0,0.0,0.0,0.0,0.0,0.0,0.0,0.0,0.0,0.0,0.0,0.0,0.0,0.0,0.0,0,-107875648.0,0,0.0,0,-107875648.0,-0.0,0,0,17040,26215,17054,13107,17038,0,0,0,110,100,100,-0.0,64.0,0.0,64.5,0.0,69.0,1,49,50,180,13107,0,0,0,0.0,0.0,0.0,0.0,-0.0,65.0,0.0,0.0,0.0,646,0,690,0,0,0,720,0,793,0,711,0,690,0,645,0,643,0,614,0.032,55836672.0,-0.0,-0.0,58768,16787,-0.0,0.0,-0.0,-0.0,-0.0,5.120955859598858e+35,29.0,60.0,70,0.0,0.0,0.0,0.0,0.0,0.0,0.0,0.0,0.0,0.0,0.0,0.0,0.0,0.0,0.0,0.0,59.2,69,11,65508,41,65476,0,300,0,0,8,20529,65476,0,0,61604,60.0,0.0,0.0,0.0,0.0,0.0
2026-04-04T11:05:33,ERR,ERR,ERR,ERR,ERR,ERR,ERR,ERR,ERR,ERR,ERR,ERR,ERR,ERR,ERR,ERR,ERR,ERR,ERR,ERR,ERR,ERR,ERR,ERR,ERR,ERR,ERR,ERR,ERR,ERR,ERR,ERR,ERR,ERR,ERR,ERR,ERR,ERR,ERR,ERR,ERR,ERR,ERR,ERR,ERR,ERR,ERR,ERR,ERR,ERR,ERR,ERR,ERR,ERR,ERR,ERR,ERR,ERR,ERR,ERR,ERR,ERR,ERR,ERR,ERR,ERR,ERR,ERR,ERR,ERR,ERR,ERR,ERR,ERR,ERR,ERR,ERR,ERR,ERR,ERR,ERR,ERR,ERR,ERR,ERR,ERR,ERR,ERR,ERR,ERR,ERR,ERR,ERR,ERR,ERR,ERR,ERR,ERR,ERR,ERR,ERR,ERR,ERR,ERR,ERR,ERR,ERR,ERR,ERR,ERR,ERR,ERR,ERR,ERR,ERR,ERR,ERR,ERR,ERR,ERR,ERR,ERR,ERR,ERR,ERR,-0.0,0.0,3.039990997430017e+23,0.0,0.0,0.0,0.0,nan,0,0,0,32768,0,0.0,0,0.0,0.0,0.0,0.0,0.0,0,0,0,0,0.0,0,0,0,0,0,0,0,0,0,0,0,0,0,0,0,0,0,0,0,0,0,0,0,0,0,0,0,0,0,0,0,0,0,0,0,0,0,0,0,0,0,0,0,0,0.0,0.0,0.0,0.0,0.0,0.0,0.0,0.0,0.0,0.0,0.0,0.0,0.0,0.0,0.0,0.0,0.0,0.0,0.0,0.0,0.0,0.0,2.004,0.0,-0.0,0.0,0.0,0.0,0.0,0.0,3402.5,-0.0,0.0,-0.0,0.0,-0.0,0.0,0.0,0.0,0.0,0.0,0,107615248.0,0.0,0.0,0.0,0.0,0.0,0.0,0.0,0.0,0,0,0,0.0,0.0,0.0,0.0,0.0,0.0,0.0,0.0,0.0,0.0,0.0,0.0,0.0,0.0,0.0,0.0,0,-107875648.0,0,0.0,0,-107875648.0,-0.0,0,0,17040,26215,17054,13107,17038,0,0,0,110,100,100,-0.0,64.0,0.0,64.5,0.0,69.0,1,49,50,180,13107,0,0,0,0.0,0.0,0.0,0.0,-0.0,65.0,0.0,0.0,0.0,646,0,690,0,0,0,720,0,793,0,711,0,690,0,645,0,643,0,614,0.032,55836672.0,-0.0,-0.0,58768,16787,-0.0,0.0,-0.0,-0.0,-0.0,5.120955859598858e+35,29.0,60.0,70,0.0,0.0,0.0,0.0,0.0,0.0,0.0,0.0,0.0,0.0,0.0,0.0,0.0,0.0,0.0,0.0,59.2,69,11,65508,41,65476,0,300,0,0,8,20529,65476,0,0,61604,60.0,0.0,0.0,0.0,0.0,0.0
2026-04-04T11:05:34,ERR,ERR,ERR,ERR,ERR,ERR,ERR,ERR,ERR,ERR,ERR,ERR,ERR,ERR,ERR,ERR,ERR,ERR,ERR,ERR,ERR,ERR,ERR,ERR,ERR,ERR,ERR,ERR,ERR,ERR,ERR,ERR,ERR,ERR,ERR,ERR,ERR,ERR,ERR,ERR,ERR,ERR,ERR,ERR,ERR,ERR,ERR,ERR,ERR,ERR,ERR,ERR,ERR,ERR,ERR,ERR,ERR,ERR,ERR,ERR,ERR,ERR,ERR,ERR,ERR,ERR,ERR,ERR,ERR,ERR,ERR,ERR,ERR,ERR,ERR,ERR,ERR,ERR,ERR,ERR,ERR,ERR,ERR,ERR,ERR,ERR,ERR,ERR,ERR,ERR,ERR,ERR,ERR,ERR,ERR,ERR,ERR,ERR,ERR,ERR,ERR,ERR,ERR,ERR,ERR,ERR,ERR,ERR,ERR,ERR,ERR,ERR,ERR,ERR,ERR,ERR,ERR,ERR,ERR,ERR,ERR,ERR,ERR,ERR,ERR,-0.0,0.0,3.039990997430017e+23,0.0,0.0,0.0,0.0,nan,0,0,0,32768,0,0.0,0,0.0,0.0,0.0,0.0,0.0,0,0,0,0,0.0,0,0,0,0,0,0,0,0,0,0,0,0,0,0,0,0,0,0,0,0,0,0,0,0,0,0,0,0,0,0,0,0,0,0,0,0,0,0,0,0,0,0,0,0,0.0,0.0,0.0,0.0,0.0,0.0,0.0,0.0,0.0,0.0,0.0,0.0,0.0,0.0,0.0,0.0,0.0,0.0,0.0,0.0,0.0,0.0,2.004,0.0,-0.0,0.0,0.0,0.0,0.0,0.0,3402.5,-0.0,0.0,-0.0,0.0,-0.0,0.0,0.0,0.0,0.0,0.0,0,107615248.0,0.0,0.0,0.0,0.0,0.0,0.0,0.0,0.0,0,0,0,0.0,0.0,0.0,0.0,0.0,0.0,0.0,0.0,0.0,0.0,0.0,0.0,0.0,0.0,0.0,0.0,0,-107875648.0,0,0.0,0,-107875648.0,-0.0,0,0,17040,39322,17054,13107,17038,0,0,0,110,100,100,-0.0,64.0,0.0,64.5,0.0,69.0,1,49,50,180,13107,0,0,0,0.0,0.0,0.0,0.0,-0.0,65.0,0.0,-1.61098791749871e+26,0.0,646,0,690,0,0,0,719,0,792,0,711,0,690,0,645,0,643,0,614,0.032,55574528.0,-0.0,-0.0,52112,16787,-0.0,-4.468723391568169e+23,103214751744.0,-0.0,7.935590063867937e+29,0.0,29.0,60.0,70,0.0,0.0,0.0,0.0,0.0,0.0,0.0,0.0,0.0,0.0,0.0,0.0,0.0,0.0,0.0,0.0,59.2,69,11,65508,41,65476,0,300,0,0,8,20529,65476,0,0,61604,60.0,0.0,0.0,0.0,0.0,0.0
2026-04-04T11:05:35,ERR,ERR,ERR,ERR,ERR,ERR,ERR,ERR,ERR,ERR,ERR,ERR,ERR,ERR,ERR,ERR,ERR,ERR,ERR,ERR,ERR,ERR,ERR,ERR,ERR,ERR,ERR,ERR,ERR,ERR,ERR,ERR,ERR,ERR,ERR,ERR,ERR,ERR,ERR,ERR,ERR,ERR,ERR,ERR,ERR,ERR,ERR,ERR,ERR,ERR,ERR,ERR,ERR,ERR,ERR,ERR,ERR,ERR,ERR,ERR,ERR,ERR,ERR,ERR,ERR,ERR,ERR,ERR,ERR,ERR,ERR,ERR,ERR,ERR,ERR,ERR,ERR,ERR,ERR,ERR,ERR,ERR,ERR,ERR,ERR,ERR,ERR,ERR,ERR,ERR,ERR,ERR,ERR,ERR,ERR,ERR,ERR,ERR,ERR,ERR,ERR,ERR,ERR,ERR,ERR,ERR,ERR,ERR,ERR,ERR,ERR,ERR,ERR,ERR,ERR,ERR,ERR,ERR,ERR,ERR,ERR,ERR,ERR,ERR,ERR,-0.0,0.0,3.039990997430017e+23,0.0,0.0,0.0,0.0,nan,0,0,0,32768,0,0.0,0,0.0,0.0,0.0,0.0,0.0,0,0,0,0,0.0,0,0,0,0,0,0,0,0,0,0,0,0,0,0,0,0,0,0,0,0,0,0,0,0,0,0,0,0,0,0,0,0,0,0,0,0,0,0,0,0,0,0,0,0,0.0,0.0,0.0,0.0,0.0,0.0,0.0,0.0,0.0,0.0,0.0,0.0,0.0,0.0,0.0,0.0,0.0,0.0,0.0,0.0,0.0,0.0,0.0,0.0,-0.0,0.0,0.0,0.0,0.0,0.0,3400.5,-8608108544.0,0.0,-0.0,0.0,-0.0,0.0,0.0,0.0,0.0,0.0,0,0.059,89220.062,0.0,0.0,0.0,0.0,0.0,0.0,0.0,0,0,0,0.0,0.0,0.0,0.0,0.0,0.0,0.0,0.0,0.0,0.0,0.0,0.0,0.0,0.0,0.0,0.0,0,-107875648.0,0,0.0,0,-107875648.0,-0.0,0,0,17040,39322,17054,13107,17038,0,0,0,110,100,100,-0.0,64.0,0.0,64.5,0.0,69.0,1,49,50,180,13107,0,0,0,0.0,0.0,0.0,0.0,-0.0,65.0,0.0,-1.61098791749871e+26,0.0,646,0,690,0,0,0,719,0,792,0,711,0,690,0,645,0,643,0,614,0.032,55574528.0,-0.0,-0.0,52112,16787,-0.0,-4.468723391568169e+23,103214751744.0,-0.0,7.935590063867937e+29,0.0,29.0,60.0,70,0.0,0.0,0.0,0.0,0.0,0.0,0.0,0.0,0.0,0.0,0.0,0.0,0.0,0.0,0.0,0.0,59.2,69,11,65508,41,65476,0,300,0,0,8,20529,65476,0,0,61604,60.0,0.0,0.0,0.0,0.0,0.0
2026-04-04T11:05:36,ERR,ERR,ERR,ERR,ERR,ERR,ERR,ERR,ERR,ERR,ERR,ERR,ERR,ERR,ERR,ERR,ERR,ERR,ERR,ERR,ERR,ERR,ERR,ERR,ERR,ERR,ERR,ERR,ERR,ERR,ERR,ERR,ERR,ERR,ERR,ERR,ERR,ERR,ERR,ERR,ERR,ERR,ERR,ERR,ERR,ERR,ERR,ERR,ERR,ERR,ERR,ERR,ERR,ERR,ERR,ERR,ERR,ERR,ERR,ERR,ERR,ERR,ERR,ERR,ERR,ERR,ERR,ERR,ERR,ERR,ERR,ERR,ERR,ERR,ERR,ERR,ERR,ERR,ERR,ERR,ERR,ERR,ERR,ERR,ERR,ERR,ERR,ERR,ERR,ERR,ERR,ERR,ERR,ERR,ERR,ERR,ERR,ERR,ERR,ERR,ERR,ERR,ERR,ERR,ERR,ERR,ERR,ERR,ERR,ERR,ERR,ERR,ERR,ERR,ERR,ERR,ERR,ERR,ERR,ERR,ERR,ERR,ERR,ERR,ERR,-0.0,0.0,3.039990997430017e+23,0.0,0.0,0.0,0.0,nan,0,0,0,32768,0,0.0,0,0.0,0.0,0.0,0.0,0.0,0,0,0,0,0.0,0,0,0,0,0,0,0,0,0,0,0,0,0,0,0,0,0,0,0,0,0,0,0,0,0,0,0,0,0,0,0,0,0,0,0,0,0,0,0,0,0,0,0,0,0.0,0.0,0.0,0.0,0.0,0.0,0.0,0.0,0.0,0.0,0.0,0.0,0.0,0.0,0.0,0.0,0.0,0.0,0.0,0.0,0.0,0.0,0.0,0.0,-0.0,0.0,0.0,0.0,0.0,0.0,3400.5,-8608108544.0,0.0,-0.0,0.0,-0.0,0.0,0.0,0.0,0.0,0.0,0,0.059,89220.062,0.0,0.0,0.0,0.0,0.0,0.0,0.0,0,0,0,0.0,0.0,0.0,0.0,0.0,0.0,0.0,0.0,0.0,0.0,0.0,0.0,0.0,0.0,0.0,0.0,0,-107875648.0,0,0.0,0,-107875648.0,-0.0,0,0,17040,39322,17054,13107,17038,0,0,0,110,100,100,-0.0,64.0,0.0,64.5,0.0,69.0,1,49,50,180,13107,0,0,0,0.0,0.0,0.0,0.0,-0.0,65.0,0.0,-1.61098791749871e+26,0.0,646,0,690,0,0,0,719,0,792,0,711,0,690,0,645,0,643,0,614,0.032,55574528.0,-0.0,-0.0,52112,16787,-0.0,-4.468723391568169e+23,103214751744.0,-0.0,7.935590063867937e+29,0.0,29.0,60.0,70,0.0,0.0,0.0,0.0,0.0,0.0,0.0,0.0,0.0,0.0,0.0,0.0,0.0,0.0,0.0,0.0,59.6,69,11,65508,41,65476,0,300,0,0,8,20529,65476,0,0,61604,60.0,0.0,0.0,0.0,0.0,0.0
2026-04-04T11:05:37,ERR,ERR,ERR,ERR,ERR,ERR,ERR,ERR,ERR,ERR,ERR,ERR,ERR,ERR,ERR,ERR,ERR,ERR,ERR,ERR,ERR,ERR,ERR,ERR,ERR,ERR,ERR,ERR,ERR,ERR,ERR,ERR,ERR,ERR,ERR,ERR,ERR,ERR,ERR,ERR,ERR,ERR,ERR,ERR,ERR,ERR,ERR,ERR,ERR,ERR,ERR,ERR,ERR,ERR,ERR,ERR,ERR,ERR,ERR,ERR,ERR,ERR,ERR,ERR,ERR,ERR,ERR,ERR,ERR,ERR,ERR,ERR,ERR,ERR,ERR,ERR,ERR,ERR,ERR,ERR,ERR,ERR,ERR,ERR,ERR,ERR,ERR,ERR,ERR,ERR,ERR,ERR,ERR,ERR,ERR,ERR,ERR,ERR,ERR,ERR,ERR,ERR,ERR,ERR,ERR,ERR,ERR,ERR,ERR,ERR,ERR,ERR,ERR,ERR,ERR,ERR,ERR,ERR,ERR,ERR,ERR,ERR,ERR,ERR,ERR,-0.0,0.0,3.039990997430017e+23,0.0,0.0,0.0,0.0,nan,0,0,0,32768,0,0.0,0,0.0,0.0,0.0,0.0,0.0,0,0,0,0,0.0,0,0,0,0,0,0,0,0,0,0,0,0,0,0,0,0,0,0,0,0,0,0,0,0,0,0,0,0,0,0,0,0,0,0,0,0,0,0,0,0,0,0,0,0,0.0,0.0,0.0,0.0,0.0,0.0,0.0,0.0,0.0,0.0,0.0,0.0,0.0,0.0,0.0,0.0,0.0,0.0,0.0,0.0,0.0,0.0,0.0,0.0,-0.0,0.0,0.0,0.0,0.0,0.0,3400.5,-8608108544.0,0.0,-0.0,0.0,-0.0,0.0,0.0,0.0,0.0,0.0,0,0.059,89220.062,0.0,0.0,0.0,0.0,0.0,0.0,0.0,0,0,0,0.0,0.0,0.0,0.0,0.0,0.0,0.0,0.0,0.0,0.0,0.0,0.0,0.0,0.0,0.0,0.0,0,-107875648.0,0,0.0,0,-107875648.0,-0.0,0,0,17040,39322,17054,13107,17038,0,0,0,110,100,100,-0.0,64.0,0.0,64.5,0.0,69.0,1,49,50,180,13107,0,0,0,0.0,0.0,0.0,0.0,-0.0,65.0,0.0,-1.61098791749871e+26,0.0,646,0,690,0,0,0,719,0,792,0,711,0,690,0,645,0,643,0,614,0.032,55574528.0,-0.0,-0.0,52112,16787,-0.0,-4.468723391568169e+23,103214751744.0,-0.0,7.935590063867937e+29,0.0,29.0,60.0,70,0.0,0.0,0.0,0.0,0.0,0.0,0.0,0.0,0.0,0.0,0.0,0.0,0.0,0.0,0.0,0.0,59.6,69,11,65508,41,65476,0,300,0,0,8,20529,65476,0,0,61604,60.0,0.0,0.0,0.0,0.0,0.0
2026-04-04T11:05:38,ERR,ERR,ERR,ERR,ERR,ERR,ERR,ERR,ERR,ERR,ERR,ERR,ERR,ERR,ERR,ERR,ERR,ERR,ERR,ERR,ERR,ERR,ERR,ERR,ERR,ERR,ERR,ERR,ERR,ERR,ERR,ERR,ERR,ERR,ERR,ERR,ERR,ERR,ERR,ERR,ERR,ERR,ERR,ERR,ERR,ERR,ERR,ERR,ERR,ERR,ERR,ERR,ERR,ERR,ERR,ERR,ERR,ERR,ERR,ERR,ERR,ERR,ERR,ERR,ERR,ERR,ERR,ERR,ERR,ERR,ERR,ERR,ERR,ERR,ERR,ERR,ERR,ERR,ERR,ERR,ERR,ERR,ERR,ERR,ERR,ERR,ERR,ERR,ERR,ERR,ERR,ERR,ERR,ERR,ERR,ERR,ERR,ERR,ERR,ERR,ERR,ERR,ERR,ERR,ERR,ERR,ERR,ERR,ERR,ERR,ERR,ERR,ERR,ERR,ERR,ERR,ERR,ERR,ERR,ERR,ERR,ERR,ERR,ERR,ERR,-0.0,0.0,3.039990997430017e+23,0.0,0.0,0.0,0.0,nan,0,0,0,32768,0,0.0,0,0.0,0.0,0.0,0.0,0.0,0,0,0,0,0.0,0,0,0,0,0,0,0,0,0,0,0,0,0,0,0,0,0,0,0,0,0,0,0,0,0,0,0,0,0,0,0,0,0,0,0,0,0,0,0,0,0,0,0,0,0.0,0.0,0.0,0.0,0.0,0.0,0.0,0.0,0.0,0.0,0.0,0.0,0.0,0.0,0.0,0.0,0.0,0.0,0.0,0.0,0.0,0.0,0.0,0.0,-0.0,0.0,0.0,0.0,0.0,0.0,3400.5,-8608108544.0,0.0,-0.0,0.0,-0.0,0.0,0.0,0.0,0.0,0.0,0,0.059,89220.062,0.0,0.0,0.0,0.0,0.0,0.0,0.0,0,0,0,0.0,0.0,0.0,0.0,0.0,0.0,0.0,0.0,0.0,0.0,0.0,0.0,0.0,0.0,0.0,0.0,0,-107875648.0,0,0.0,0,-107875648.0,-0.0,0,0,17040,39322,17054,13107,17038,0,0,0,110,100,100,-0.0,64.0,0.0,64.5,0.0,69.0,1,49,50,180,13107,0,0,0,0.0,0.0,0.0,0.0,-0.0,65.0,0.0,-1.61098791749871e+26,0.0,646,0,690,0,0,0,719,0,792,0,711,0,690,0,645,0,643,0,614,0.032,55574528.0,-0.0,-0.0,52112,16787,-0.0,-4.468723391568169e+23,103214751744.0,-0.0,7.935590063867937e+29,0.0,29.0,60.0,70,0.0,0.0,0.0,0.0,0.0,0.0,0.0,0.0,0.0,0.0,0.0,0.0,0.0,0.0,0.0,0.0,59.6,69,11,65508,41,65476,0,300,0,0,8,20529,65476,0,0,61604,60.0,0.0,0.0,0.0,0.0,0.0
2026-04-04T11:05:39,ERR,ERR,ERR,ERR,ERR,ERR,ERR,ERR,ERR,ERR,ERR,ERR,ERR,ERR,ERR,ERR,ERR,ERR,ERR,ERR,ERR,ERR,ERR,ERR,ERR,ERR,ERR,ERR,ERR,ERR,ERR,ERR,ERR,ERR,ERR,ERR,ERR,ERR,ERR,ERR,ERR,ERR,ERR,ERR,ERR,ERR,ERR,ERR,ERR,ERR,ERR,ERR,ERR,ERR,ERR,ERR,ERR,ERR,ERR,ERR,ERR,ERR,ERR,ERR,ERR,ERR,ERR,ERR,ERR,ERR,ERR,ERR,ERR,ERR,ERR,ERR,ERR,ERR,ERR,ERR,ERR,ERR,ERR,ERR,ERR,ERR,ERR,ERR,ERR,ERR,ERR,ERR,ERR,ERR,ERR,ERR,ERR,ERR,ERR,ERR,ERR,ERR,ERR,ERR,ERR,ERR,ERR,ERR,ERR,ERR,ERR,ERR,ERR,ERR,ERR,ERR,ERR,ERR,ERR,ERR,ERR,ERR,ERR,ERR,ERR,-0.0,0.0,3.039990997430017e+23,0.0,0.0,0.0,0.0,nan,0,0,0,32768,0,0.0,0,0.0,0.0,0.0,0.0,0.0,0,0,0,0,0.0,0,0,0,0,0,0,0,0,0,0,0,0,0,0,0,0,0,0,0,0,0,0,0,0,0,0,0,0,0,0,0,0,0,0,0,0,0,0,0,0,0,0,0,0,0.0,0.0,0.0,0.0,0.0,0.0,0.0,0.0,0.0,0.0,0.0,0.0,0.0,0.0,0.0,0.0,0.0,0.0,0.0,0.0,0.0,0.0,0.0,0.0,-0.0,0.0,0.0,0.0,0.0,0.0,3400.5,-8608108544.0,0.0,-0.0,0.0,-0.0,0.0,0.0,0.0,0.0,0.0,0,0.059,89220.062,0.0,0.0,0.0,0.0,0.0,0.0,0.0,0,0,0,0.0,0.0,0.0,0.0,0.0,0.0,0.0,0.0,0.0,0.0,0.0,0.0,0.0,0.0,0.0,0.0,0,-107875648.0,0,0.0,0,-107875648.0,-0.0,0,0,17040,26215,17054,13107,17038,0,0,0,110,100,100,-0.0,64.0,0.0,64.5,0.0,69.0,1,49,50,180,13107,0,0,0,0.0,0.0,0.0,0.0,2.9315661938879713e+32,65.0,0.0,-5981339136.0,0.0,646,0,690,0,0,0,720,0,792,0,711,0,690,0,645,0,643,0,614,0.032,55574528.0,-0.0,-0.0,48272,16787,-0.0,-339856031744.0,12368.157,0.0,3.9065822846399324e+25,0.0,29.0,60.0,70,0.0,0.0,0.0,0.0,0.0,0.0,0.0,0.0,0.0,0.0,0.0,0.0,0.0,0.0,0.0,0.0,59.2,69,11,65508,41,65476,0,300,0,0,8,20529,65476,0,0,61604,60.0,0.0,0.0,0.0,0.0,0.0
2026-04-04T11:05:40,ERR,ERR,ERR,ERR,ERR,ERR,ERR,ERR,ERR,ERR,ERR,ERR,ERR,ERR,ERR,ERR,ERR,ERR,ERR,ERR,ERR,ERR,ERR,ERR,ERR,ERR,ERR,ERR,ERR,ERR,ERR,ERR,ERR,ERR,ERR,ERR,ERR,ERR,ERR,ERR,ERR,ERR,ERR,ERR,ERR,ERR,ERR,ERR,ERR,ERR,ERR,ERR,ERR,ERR,ERR,ERR,ERR,ERR,ERR,ERR,ERR,ERR,ERR,ERR,ERR,ERR,ERR,ERR,ERR,ERR,ERR,ERR,ERR,ERR,ERR,ERR,ERR,ERR,ERR,ERR,ERR,ERR,ERR,ERR,ERR,ERR,ERR,ERR,ERR,ERR,ERR,ERR,ERR,ERR,ERR,ERR,ERR,ERR,ERR,ERR,ERR,ERR,ERR,ERR,ERR,ERR,ERR,ERR,ERR,ERR,ERR,ERR,ERR,ERR,ERR,ERR,ERR,ERR,ERR,ERR,ERR,ERR,ERR,ERR,ERR,-0.0,0.0,3.039990997430017e+23,0.0,0.0,0.0,0.0,nan,0,0,0,32768,0,0.0,0,0.0,0.0,0.0,0.0,0.0,0,0,0,0,0.0,0,0,0,0,0,0,0,0,0,0,0,0,0,0,0,0,0,0,0,0,0,0,0,0,0,0,0,0,0,0,0,0,0,0,0,0,0,0,0,0,0,0,0,0,0.0,0.0,0.0,0.0,0.0,0.0,0.0,0.0,0.0,0.0,0.0,0.0,0.0,0.0,0.0,0.0,0.0,0.0,0.0,0.0,0.0,0.0,0.0,0.0,-0.0,0.0,0.0,0.0,0.0,0.0,3400.5,-8608108544.0,0.0,-0.0,0.0,-0.0,0.0,0.0,0.0,0.0,0.0,0,0.059,89220.062,0.0,0.0,0.0,0.0,0.0,0.0,0.0,0,0,0,0.0,0.0,0.0,0.0,0.0,0.0,0.0,0.0,0.0,0.0,0.0,0.0,0.0,0.0,0.0,0.0,0,-107875648.0,0,0.0,0,-107875648.0,-0.0,0,0,17040,26215,17054,13107,17038,0,0,0,110,100,100,-0.0,64.0,0.0,64.5,0.0,69.0,1,49,50,180,13107,0,0,0,0.0,0.0,0.0,0.0,2.9315661938879713e+32,65.0,0.0,-5981339136.0,0.0,646,0,690,0,0,0,720,0,792,0,711,0,690,0,645,0,643,0,614,0.032,55574528.0,-0.0,-0.0,48272,16787,-0.0,-339856031744.0,12368.157,0.0,3.9065822846399324e+25,0.0,29.0,60.0,70,0.0,0.0,0.0,0.0,0.0,0.0,0.0,0.0,0.0,0.0,0.0,0.0,0.0,0.0,0.0,0.0,59.2,69,11,65508,41,65476,0,300,0,0,8,20529,65476,0,0,61604,60.0,0.0,0.0,0.0,0.0,0.0
2026-04-04T11:05:41,ERR,ERR,ERR,ERR,ERR,ERR,ERR,ERR,ERR,ERR,ERR,ERR,ERR,ERR,ERR,ERR,ERR,ERR,ERR,ERR,ERR,ERR,ERR,ERR,ERR,ERR,ERR,ERR,ERR,ERR,ERR,ERR,ERR,ERR,ERR,ERR,ERR,ERR,ERR,ERR,ERR,ERR,ERR,ERR,ERR,ERR,ERR,ERR,ERR,ERR,ERR,ERR,ERR,ERR,ERR,ERR,ERR,ERR,ERR,ERR,ERR,ERR,ERR,ERR,ERR,ERR,ERR,ERR,ERR,ERR,ERR,ERR,ERR,ERR,ERR,ERR,ERR,ERR,ERR,ERR,ERR,ERR,ERR,ERR,ERR,ERR,ERR,ERR,ERR,ERR,ERR,ERR,ERR,ERR,ERR,ERR,ERR,ERR,ERR,ERR,ERR,ERR,ERR,ERR,ERR,ERR,ERR,ERR,ERR,ERR,ERR,ERR,ERR,ERR,ERR,ERR,ERR,ERR,ERR,ERR,ERR,ERR,ERR,ERR,ERR,-0.0,0.0,3.039990997430017e+23,0.0,0.0,0.0,0.0,nan,0,0,0,32768,0,0.0,0,0.0,0.0,0.0,0.0,0.0,0,0,0,0,0.0,0,0,0,0,0,0,0,0,0,0,0,0,0,0,0,0,0,0,0,0,0,0,0,0,0,0,0,0,0,0,0,0,0,0,0,0,0,0,0,0,0,0,0,0,0.0,0.0,0.0,0.0,0.0,0.0,0.0,0.0,0.0,0.0,0.0,0.0,0.0,0.0,0.0,0.0,0.0,0.0,0.0,0.0,0.0,0.0,0.0,0.0,-0.0,0.0,0.0,0.0,0.0,0.0,3400.5,-8608108544.0,0.0,-0.0,0.0,-0.0,0.0,0.0,0.0,0.0,0.0,0,0.059,89220.062,0.0,0.0,0.0,0.0,0.0,0.0,0.0,0,0,0,0.0,0.0,0.0,0.0,0.0,0.0,0.0,0.0,0.0,0.0,0.0,0.0,0.0,0.0,0.0,0.0,0,-107875648.0,0,0.0,0,-107875648.0,-0.0,0,0,17040,26215,17054,13107,17038,0,0,0,110,100,100,-0.0,64.0,0.0,64.5,0.0,69.0,1,49,50,180,13107,0,0,0,0.0,0.0,0.0,0.0,2.9315661938879713e+32,65.0,0.0,-5981339136.0,0.0,646,0,690,0,0,0,720,0,792,0,711,0,690,0,645,0,643,0,614,0.032,55574528.0,-0.0,-0.0,48272,16787,-0.0,-339856031744.0,12368.157,0.0,3.9065822846399324e+25,0.0,29.0,60.0,70,0.0,0.0,0.0,0.0,0.0,0.0,0.0,0.0,0.0,0.0,0.0,0.0,0.0,0.0,0.0,0.0,59.2,69,11,65508,41,65476,0,300,0,0,8,20529,65476,0,0,61604,60.0,0.0,0.0,0.0,0.0,0.0
2026-04-04T11:05:42,ERR,ERR,ERR,ERR,ERR,ERR,ERR,ERR,ERR,ERR,ERR,ERR,ERR,ERR,ERR,ERR,ERR,ERR,ERR,ERR,ERR,ERR,ERR,ERR,ERR,ERR,ERR,ERR,ERR,ERR,ERR,ERR,ERR,ERR,ERR,ERR,ERR,ERR,ERR,ERR,ERR,ERR,ERR,ERR,ERR,ERR,ERR,ERR,ERR,ERR,ERR,ERR,ERR,ERR,ERR,ERR,ERR,ERR,ERR,ERR,ERR,ERR,ERR,ERR,ERR,ERR,ERR,ERR,ERR,ERR,ERR,ERR,ERR,ERR,ERR,ERR,ERR,ERR,ERR,ERR,ERR,ERR,ERR,ERR,ERR,ERR,ERR,ERR,ERR,ERR,ERR,ERR,ERR,ERR,ERR,ERR,ERR,ERR,ERR,ERR,ERR,ERR,ERR,ERR,ERR,ERR,ERR,ERR,ERR,ERR,ERR,ERR,ERR,ERR,ERR,ERR,ERR,ERR,ERR,ERR,ERR,ERR,ERR,ERR,ERR,2.7184278591402704e+23,0.0,-0.0,0.0,0.0,0.0,0.0,nan,0,0,0,32768,0,0.0,0,0.0,0.0,0.0,0.0,0.0,0,0,0,0,0.0,0,0,0,0,0,0,0,0,0,0,0,0,0,0,0,0,0,0,0,0,0,0,0,0,0,0,0,0,0,0,0,0,0,0,0,0,0,0,0,0,0,0,0,0,0.0,0.0,0.0,0.0,0.0,0.0,0.0,0.0,0.0,0.0,0.0,0.0,0.0,0.0,0.0,0.0,0.0,0.0,0.0,0.0,0.0,0.0,2.004,0.0,-0.0,0.0,0.0,0.0,0.0,0.0,3417.5,0.0,0.0,-0.0,0.0,2.7184274988523002e+23,0.0,0.0,0.0,0.0,0.0,0,107615248.0,2.718405881574089e+23,0.0,0.0,0.0,0.0,0.0,0.0,0.0,0,0,0,0.0,0.0,0.0,0.0,0.0,0.0,0.0,0.0,0.0,0.0,0.0,0.0,0.0,0.0,0.0,0.0,0,-107875648.0,0,0.0,0,-107875648.0,-107877712.0,0,0,17040,26215,17054,13107,17038,0,0,0,110,100,100,-0.0,64.0,0.0,64.5,0.0,69.0,1,49,50,180,13107,0,0,0,0.0,0.0,0.0,0.0,2.9315661938879713e+32,65.0,0.0,-5981339136.0,0.0,646,0,690,0,0,0,720,0,792,0,711,0,690,0,645,0,643,0,614,0.032,55574528.0,-0.0,-0.0,48272,16787,-0.0,-339856031744.0,12368.157,0.0,3.9065822846399324e+25,0.0,29.0,60.0,70,0.0,0.0,0.0,0.0,0.0,0.0,0.0,0.0,0.0,0.0,0.0,0.0,0.0,0.0,0.0,0.0,59.2,69,11,65508,41,65476,0,300,0,0,8,20529,65476,0,0,61604,60.0,0.0,0.0,0.0,0.0,0.0
2026-04-04T11:05:43,ERR,ERR,ERR,ERR,ERR,ERR,ERR,ERR,ERR,ERR,ERR,ERR,ERR,ERR,ERR,ERR,ERR,ERR,ERR,ERR,ERR,ERR,ERR,ERR,ERR,ERR,ERR,ERR,ERR,ERR,ERR,ERR,ERR,ERR,ERR,ERR,ERR,ERR,ERR,ERR,ERR,ERR,ERR,ERR,ERR,ERR,ERR,ERR,ERR,ERR,ERR,ERR,ERR,ERR,ERR,ERR,ERR,ERR,ERR,ERR,ERR,ERR,ERR,ERR,ERR,ERR,ERR,ERR,ERR,ERR,ERR,ERR,ERR,ERR,ERR,ERR,ERR,ERR,ERR,ERR,ERR,ERR,ERR,ERR,ERR,ERR,ERR,ERR,ERR,ERR,ERR,ERR,ERR,ERR,ERR,ERR,ERR,ERR,ERR,ERR,ERR,ERR,ERR,ERR,ERR,ERR,ERR,ERR,ERR,ERR,ERR,ERR,ERR,ERR,ERR,ERR,ERR,ERR,ERR,ERR,ERR,ERR,ERR,ERR,ERR,2.7184278591402704e+23,0.0,-0.0,0.0,0.0,0.0,0.0,nan,0,0,0,32768,0,0.0,0,0.0,0.0,0.0,0.0,0.0,0,0,0,0,0.0,0,0,0,0,0,0,0,0,0,0,0,0,0,0,0,0,0,0,0,0,0,0,0,0,0,0,0,0,0,0,0,0,0,0,0,0,0,0,0,0,0,0,0,0,0.0,0.0,0.0,0.0,0.0,0.0,0.0,0.0,0.0,0.0,0.0,0.0,0.0,0.0,0.0,0.0,0.0,0.0,0.0,0.0,0.0,0.0,2.004,0.0,-0.0,0.0,0.0,0.0,0.0,0.0,3417.5,0.0,0.0,-0.0,0.0,2.7184274988523002e+23,0.0,0.0,0.0,0.0,0.0,0,107615248.0,2.718405881574089e+23,0.0,0.0,0.0,0.0,0.0,0.0,0.0,0,0,0,0.0,0.0,0.0,0.0,0.0,0.0,0.0,0.0,0.0,0.0,0.0,0.0,0.0,0.0,0.0,0.0,0,-107875648.0,0,0.0,0,-107875648.0,-107877712.0,0,0,17040,26215,17054,13107,17038,0,0,0,110,100,100,-0.0,64.0,0.0,64.5,0.0,69.0,1,49,50,180,13107,0,0,0,0.0,0.0,0.0,0.0,2.9315661938879713e+32,65.0,0.0,-5981339136.0,0.0,646,0,690,0,0,0,720,0,792,0,711,0,690,0,645,0,643,0,614,0.032,55574528.0,-0.0,-0.0,48272,16787,-0.0,-339856031744.0,12368.157,0.0,3.9065822846399324e+25,0.0,29.0,60.0,70,0.0,0.0,0.0,0.0,0.0,0.0,0.0,0.0,0.0,0.0,0.0,0.0,0.0,0.0,0.0,0.0,59.2,69,11,65508,41,65476,0,300,0,0,8,20529,65476,0,0,61604,60.0,0.0,0.0,0.0,0.0,0.0
2026-04-04T11:05:44,ERR,ERR,ERR,ERR,ERR,ERR,ERR,ERR,ERR,ERR,ERR,ERR,ERR,ERR,ERR,ERR,ERR,ERR,ERR,ERR,ERR,ERR,ERR,ERR,ERR,ERR,ERR,ERR,ERR,ERR,ERR,ERR,ERR,ERR,ERR,ERR,ERR,ERR,ERR,ERR,ERR,ERR,ERR,ERR,ERR,ERR,ERR,ERR,ERR,ERR,ERR,ERR,ERR,ERR,ERR,ERR,ERR,ERR,ERR,ERR,ERR,ERR,ERR,ERR,ERR,ERR,ERR,ERR,ERR,ERR,ERR,ERR,ERR,ERR,ERR,ERR,ERR,ERR,ERR,ERR,ERR,ERR,ERR,ERR,ERR,ERR,ERR,ERR,ERR,ERR,ERR,ERR,ERR,ERR,ERR,ERR,ERR,ERR,ERR,ERR,ERR,ERR,ERR,ERR,ERR,ERR,ERR,ERR,ERR,ERR,ERR,ERR,ERR,ERR,ERR,ERR,ERR,ERR,ERR,ERR,ERR,ERR,ERR,ERR,ERR,2.7184278591402704e+23,0.0,-0.0,0.0,0.0,0.0,0.0,nan,0,0,0,32768,0,0.0,0,0.0,0.0,0.0,0.0,0.0,0,0,0,0,0.0,0,0,0,0,0,0,0,0,0,0,0,0,0,0,0,0,0,0,0,0,0,0,0,0,0,0,0,0,0,0,0,0,0,0,0,0,0,0,0,0,0,0,0,0,0.0,0.0,0.0,0.0,0.0,0.0,0.0,0.0,0.0,0.0,0.0,0.0,0.0,0.0,0.0,0.0,0.0,0.0,0.0,0.0,0.0,0.0,2.004,0.0,-0.0,0.0,0.0,0.0,0.0,0.0,3417.5,0.0,0.0,-0.0,0.0,2.7184274988523002e+23,0.0,0.0,0.0,0.0,0.0,0,107615248.0,2.718405881574089e+23,0.0,0.0,0.0,0.0,0.0,0.0,0.0,0,0,0,0.0,0.0,0.0,0.0,0.0,0.0,0.0,0.0,0.0,0.0,0.0,0.0,0.0,0.0,0.0,0.0,0,-107875648.0,0,0.0,0,-107875648.0,-107877712.0,0,0,17040,26215,17054,13107,17038,0,0,0,110,100,100,-0.0,64.0,0.0,64.5,0.0,69.0,1,49,50,180,13107,0,0,0,0.0,0.0,0.0,0.0,2.9315661938879713e+32,65.0,0.0,-5981339136.0,0.0,646,0,690,0,0,0,720,0,792,0,711,0,690,0,645,0,643,0,614,0.032,55574528.0,-0.0,-0.0,48272,16787,-0.0,-339856031744.0,12368.157,0.0,3.9065822846399324e+25,0.0,29.0,60.0,70,0.0,0.0,0.0,0.0,0.0,0.0,0.0,0.0,0.0,0.0,0.0,0.0,0.0,0.0,0.0,0.0,59.2,69,11,65508,41,65476,0,300,0,0,8,20529,65476,0,0,61604,60.0,0.0,0.0,0.0,0.0,0.0
2026-04-04T11:05:45,ERR,ERR,ERR,ERR,ERR,ERR,ERR,ERR,ERR,ERR,ERR,ERR,ERR,ERR,ERR,ERR,ERR,ERR,ERR,ERR,ERR,ERR,ERR,ERR,ERR,ERR,ERR,ERR,ERR,ERR,ERR,ERR,ERR,ERR,ERR,ERR,ERR,ERR,ERR,ERR,ERR,ERR,ERR,ERR,ERR,ERR,ERR,ERR,ERR,ERR,ERR,ERR,ERR,ERR,ERR,ERR,ERR,ERR,ERR,ERR,ERR,ERR,ERR,ERR,ERR,ERR,ERR,ERR,ERR,ERR,ERR,ERR,ERR,ERR,ERR,ERR,ERR,ERR,ERR,ERR,ERR,ERR,ERR,ERR,ERR,ERR,ERR,ERR,ERR,ERR,ERR,ERR,ERR,ERR,ERR,ERR,ERR,ERR,ERR,ERR,ERR,ERR,ERR,ERR,ERR,ERR,ERR,ERR,ERR,ERR,ERR,ERR,ERR,ERR,ERR,ERR,ERR,ERR,ERR,ERR,ERR,ERR,ERR,ERR,ERR,2.7184278591402704e+23,0.0,-0.0,0.0,0.0,0.0,0.0,nan,0,0,0,32768,0,0.0,0,0.0,0.0,0.0,0.0,0.0,0,0,0,0,0.0,0,0,0,0,0,0,0,0,0,0,0,0,0,0,0,0,0,0,0,0,0,0,0,0,0,0,0,0,0,0,0,0,0,0,0,0,0,0,0,0,0,0,0,0,0.0,0.0,0.0,0.0,0.0,0.0,0.0,0.0,0.0,0.0,0.0,0.0,0.0,0.0,0.0,0.0,0.0,0.0,0.0,0.0,0.0,0.0,2.004,0.0,-0.0,0.0,0.0,0.0,0.0,0.0,3417.5,0.0,0.0,-0.0,0.0,2.7184274988523002e+23,0.0,0.0,0.0,0.0,0.0,0,107615248.0,2.718405881574089e+23,0.0,0.0,0.0,0.0,0.0,0.0,0.0,0,0,0,0.0,0.0,0.0,0.0,0.0,0.0,0.0,0.0,0.0,0.0,0.0,0.0,0.0,0.0,0.0,0.0,0,-107875648.0,0,0.0,0,-107875648.0,-107877712.0,0,0,17040,26215,17054,13107,17038,0,0,0,110,100,100,-0.0,64.0,0.0,64.5,0.0,69.0,1,49,50,180,13107,0,0,0,0.0,0.0,0.0,0.0,-0.0,65.0,0.0,-1.1182648730105978e+38,0.0,646,0,690,0,0,0,719,0,792,0,711,0,690,0,645,0,643,0,614,0.032,55836672.0,-0.0,-0.0,656,16788,-0.0,-1.1182648730105978e+38,-0.0,0.0,-0.0,6.314120344852496e+18,29.0,60.0,70,0.0,0.0,0.0,0.0,0.0,0.0,0.0,0.0,0.0,0.0,0.0,0.0,0.0,0.0,0.0,0.0,59.2,69,11,65508,41,65476,0,300,0,0,8,20529,65476,0,0,61604,60.0,0.0,0.0,0.0,0.0,0.0
2026-04-04T11:05:46,ERR,ERR,ERR,ERR,ERR,ERR,ERR,ERR,ERR,ERR,ERR,ERR,ERR,ERR,ERR,ERR,ERR,ERR,ERR,ERR,ERR,ERR,ERR,ERR,ERR,ERR,ERR,ERR,ERR,ERR,ERR,ERR,ERR,ERR,ERR,ERR,ERR,ERR,ERR,ERR,ERR,ERR,ERR,ERR,ERR,ERR,ERR,ERR,ERR,ERR,ERR,ERR,ERR,ERR,ERR,ERR,ERR,ERR,ERR,ERR,ERR,ERR,ERR,ERR,ERR,ERR,ERR,ERR,ERR,ERR,ERR,ERR,ERR,ERR,ERR,ERR,ERR,ERR,ERR,ERR,ERR,ERR,ERR,ERR,ERR,ERR,ERR,ERR,ERR,ERR,ERR,ERR,ERR,ERR,ERR,ERR,ERR,ERR,ERR,ERR,ERR,ERR,ERR,ERR,ERR,ERR,ERR,ERR,ERR,ERR,ERR,ERR,ERR,ERR,ERR,ERR,ERR,ERR,ERR,ERR,ERR,ERR,ERR,ERR,ERR,2.7184278591402704e+23,0.0,-0.0,0.0,0.0,0.0,0.0,nan,0,0,0,32768,0,0.0,0,0.0,0.0,0.0,0.0,0.0,0,0,0,0,0.0,0,0,0,0,0,0,0,0,0,0,0,0,0,0,0,0,0,0,0,0,0,0,0,0,0,0,0,0,0,0,0,0,0,0,0,0,0,0,0,0,0,0,0,0,0.0,0.0,0.0,0.0,0.0,0.0,0.0,0.0,0.0,0.0,0.0,0.0,0.0,0.0,0.0,0.0,0.0,0.0,0.0,0.0,0.0,0.0,2.004,0.0,-0.0,0.0,0.0,0.0,0.0,0.0,3417.5,0.0,0.0,-0.0,0.0,2.7184274988523002e+23,0.0,0.0,0.0,0.0,0.0,0,107615248.0,2.718405881574089e+23,0.0,0.0,0.0,0.0,0.0,0.0,0.0,0,0,0,0.0,0.0,0.0,0.0,0.0,0.0,0.0,0.0,0.0,0.0,0.0,0.0,0.0,0.0,0.0,0.0,0,-107875648.0,0,0.0,0,-107875648.0,-107877712.0,0,0,17040,26215,17054,13107,17038,0,0,0,110,100,100,-0.0,64.0,0.0,64.5,0.0,69.0,1,49,50,180,13107,0,0,0,0.0,0.0,0.0,0.0,-0.0,65.0,0.0,-1.1182648730105978e+38,0.0,646,0,690,0,0,0,719,0,792,0,711,0,690,0,645,0,643,0,614,0.032,55836672.0,-0.0,-0.0,656,16788,-0.0,-1.1182648730105978e+38,-0.0,0.0,-0.0,6.314120344852496e+18,29.0,60.0,70,0.0,0.0,0.0,0.0,0.0,0.0,0.0,0.0,0.0,0.0,0.0,0.0,0.0,0.0,0.0,0.0,59.2,69,11,65508,41,65476,0,300,0,0,8,20529,65476,0,0,61604,60.0,0.0,0.0,0.0,0.0,0.0
2026-04-04T11:05:47,ERR,ERR,ERR,ERR,ERR,ERR,ERR,ERR,ERR,ERR,ERR,ERR,ERR,ERR,ERR,ERR,ERR,ERR,ERR,ERR,ERR,ERR,ERR,ERR,ERR,ERR,ERR,ERR,ERR,ERR,ERR,ERR,ERR,ERR,ERR,ERR,ERR,ERR,ERR,ERR,ERR,ERR,ERR,ERR,ERR,ERR,ERR,ERR,ERR,ERR,ERR,ERR,ERR,ERR,ERR,ERR,ERR,ERR,ERR,ERR,ERR,ERR,ERR,ERR,ERR,ERR,ERR,ERR,ERR,ERR,ERR,ERR,ERR,ERR,ERR,ERR,ERR,ERR,ERR,ERR,ERR,ERR,ERR,ERR,ERR,ERR,ERR,ERR,ERR,ERR,ERR,ERR,ERR,ERR,ERR,ERR,ERR,ERR,ERR,ERR,ERR,ERR,ERR,ERR,ERR,ERR,ERR,ERR,ERR,ERR,ERR,ERR,ERR,ERR,ERR,ERR,ERR,ERR,ERR,ERR,ERR,ERR,ERR,ERR,ERR,2.7184278591402704e+23,0.0,-0.0,0.0,0.0,0.0,0.0,nan,0,0,0,32768,0,0.0,0,0.0,0.0,0.0,0.0,0.0,0,0,0,0,0.0,0,0,0,0,0,0,0,0,0,0,0,0,0,0,0,0,0,0,0,0,0,0,0,0,0,0,0,0,0,0,0,0,0,0,0,0,0,0,0,0,0,0,0,0,0.0,0.0,0.0,0.0,0.0,0.0,0.0,0.0,0.0,0.0,0.0,0.0,0.0,0.0,0.0,0.0,0.0,0.0,0.0,0.0,0.0,0.0,2.004,0.0,-0.0,0.0,0.0,0.0,0.0,0.0,3417.5,0.0,0.0,-0.0,0.0,2.7184274988523002e+23,0.0,0.0,0.0,0.0,0.0,0,107615248.0,2.718405881574089e+23,0.0,0.0,0.0,0.0,0.0,0.0,0.0,0,0,0,0.0,0.0,0.0,0.0,0.0,0.0,0.0,0.0,0.0,0.0,0.0,0.0,0.0,0.0,0.0,0.0,0,-107875648.0,0,0.0,0,-107875648.0,-107877712.0,0,0,17040,26215,17054,13107,17038,0,0,0,110,100,100,-0.0,64.0,0.0,64.5,0.0,69.0,1,49,50,180,13107,0,0,0,0.0,0.0,0.0,0.0,-0.0,65.0,0.0,-1.1182648730105978e+38,0.0,646,0,690,0,0,0,719,0,792,0,711,0,690,0,645,0,643,0,614,0.032,55836672.0,-0.0,-0.0,656,16788,-0.0,-1.1182648730105978e+38,-0.0,0.0,-0.0,6.314120344852496e+18,29.0,60.0,70,0.0,0.0,0.0,0.0,0.0,0.0,0.0,0.0,0.0,0.0,0.0,0.0,0.0,0.0,0.0,0.0,59.2,69,11,65508,41,65476,0,300,0,0,8,20529,65476,0,0,61604,60.0,0.0,0.0,0.0,0.0,0.0
2026-04-04T11:05:48,ERR,ERR,ERR,ERR,ERR,ERR,ERR,ERR,ERR,ERR,ERR,ERR,ERR,ERR,ERR,ERR,ERR,ERR,ERR,ERR,ERR,ERR,ERR,ERR,ERR,ERR,ERR,ERR,ERR,ERR,ERR,ERR,ERR,ERR,ERR,ERR,ERR,ERR,ERR,ERR,ERR,ERR,ERR,ERR,ERR,ERR,ERR,ERR,ERR,ERR,ERR,ERR,ERR,ERR,ERR,ERR,ERR,ERR,ERR,ERR,ERR,ERR,ERR,ERR,ERR,ERR,ERR,ERR,ERR,ERR,ERR,ERR,ERR,ERR,ERR,ERR,ERR,ERR,ERR,ERR,ERR,ERR,ERR,ERR,ERR,ERR,ERR,ERR,ERR,ERR,ERR,ERR,ERR,ERR,ERR,ERR,ERR,ERR,ERR,ERR,ERR,ERR,ERR,ERR,ERR,ERR,ERR,ERR,ERR,ERR,ERR,ERR,ERR,ERR,ERR,ERR,ERR,ERR,ERR,ERR,ERR,ERR,ERR,ERR,ERR,2.7184278591402704e+23,0.0,-0.0,0.0,0.0,0.0,0.0,nan,0,0,0,32768,0,0.0,0,0.0,0.0,0.0,0.0,0.0,0,0,0,0,0.0,0,0,0,0,0,0,0,0,0,0,0,0,0,0,0,0,0,0,0,0,0,0,0,0,0,0,0,0,0,0,0,0,0,0,0,0,0,0,0,0,0,0,0,0,0.0,0.0,0.0,0.0,0.0,0.0,0.0,0.0,0.0,0.0,0.0,0.0,0.0,0.0,0.0,0.0,0.0,0.0,0.0,0.0,0.0,0.0,2.004,0.0,-0.0,0.0,0.0,0.0,0.0,0.0,3417.5,0.0,0.0,-0.0,0.0,2.7184274988523002e+23,0.0,0.0,0.0,0.0,0.0,0,107615248.0,2.718405881574089e+23,0.0,0.0,0.0,0.0,0.0,0.0,0.0,0,0,0,0.0,0.0,0.0,0.0,0.0,0.0,0.0,0.0,0.0,0.0,0.0,0.0,0.0,0.0,0.0,0.0,0,-107875648.0,0,0.0,0,-107875648.0,-107877712.0,0,0,17040,26215,17054,13107,17038,0,0,0,110,100,100,-0.0,64.0,0.0,64.5,0.0,69.0,1,49,50,180,13107,0,0,0,0.0,0.0,0.0,0.0,-0.0,65.0,0.0,-1.1182648730105978e+38,0.0,646,0,690,0,0,0,719,0,792,0,711,0,690,0,645,0,643,0,614,0.032,55836672.0,-0.0,-0.0,656,16788,-0.0,-1.1182648730105978e+38,-0.0,0.0,-0.0,6.314120344852496e+18,29.0,60.0,70,0.0,0.0,0.0,0.0,0.0,0.0,0.0,0.0,0.0,0.0,0.0,0.0,0.0,0.0,0.0,0.0,59.2,69,11,65508,41,65476,0,300,0,0,8,20529,65476,0,0,61604,60.0,0.0,0.0,0.0,0.0,0.0
2026-04-04T11:05:49,ERR,ERR,ERR,ERR,ERR,ERR,ERR,ERR,ERR,ERR,ERR,ERR,ERR,ERR,ERR,ERR,ERR,ERR,ERR,ERR,ERR,ERR,ERR,ERR,ERR,ERR,ERR,ERR,ERR,ERR,ERR,ERR,ERR,ERR,ERR,ERR,ERR,ERR,ERR,ERR,ERR,ERR,ERR,ERR,ERR,ERR,ERR,ERR,ERR,ERR,ERR,ERR,ERR,ERR,ERR,ERR,ERR,ERR,ERR,ERR,ERR,ERR,ERR,ERR,ERR,ERR,ERR,ERR,ERR,ERR,ERR,ERR,ERR,ERR,ERR,ERR,ERR,ERR,ERR,ERR,ERR,ERR,ERR,ERR,ERR,ERR,ERR,ERR,ERR,ERR,ERR,ERR,ERR,ERR,ERR,ERR,ERR,ERR,ERR,ERR,ERR,ERR,ERR,ERR,ERR,ERR,ERR,ERR,ERR,ERR,ERR,ERR,ERR,ERR,ERR,ERR,ERR,ERR,ERR,ERR,ERR,ERR,ERR,ERR,ERR,2.7184278591402704e+23,0.0,-0.0,0.0,0.0,0.0,0.0,nan,0,0,0,32768,0,0.0,0,0.0,0.0,0.0,0.0,0.0,0,0,0,0,0.0,0,0,0,0,0,0,0,0,0,0,0,0,0,0,0,0,0,0,0,0,0,0,0,0,0,0,0,0,0,0,0,0,0,0,0,0,0,0,0,0,0,0,0,0,0.0,0.0,0.0,0.0,0.0,0.0,0.0,0.0,0.0,0.0,0.0,0.0,0.0,0.0,0.0,0.0,0.0,0.0,0.0,0.0,0.0,0.0,2.004,0.0,-0.0,0.0,0.0,0.0,0.0,0.0,3400.5,-1.5879157526988056e+29,0.0,-0.0,0.0,2.7184274988523002e+23,0.0,0.0,0.0,0.0,0.0,0,71.63,89220.062,0.0,0.0,0.0,0.0,0.0,0.0,0.0,0,0,0,0.0,0.0,0.0,0.0,0.0,0.0,0.0,0.0,0.0,0.0,0.0,0.0,0.0,0.0,0.0,0.0,0,-107875648.0,0,0.0,0,-107875648.0,-0.0,0,0,17040,26215,17054,13107,17038,0,0,0,110,100,100,-0.0,64.0,0.0,64.5,0.0,69.0,1,49,50,180,13107,0,0,0,0.0,0.0,0.0,0.0,-0.0,65.0,0.0,-0.0,0.0,646,0,690,0,0,0,720,0,792,0,711,0,690,0,645,0,643,0,614,0.032,54001664.0,-0.0,-0.0,51600,16787,-0.0,-0.0,112769.258,7079.965,5.7607241144718375e+26,0.0,29.0,60.0,70,0.0,0.0,0.0,0.0,0.0,0.0,0.0,0.0,0.0,0.0,0.0,0.0,0.0,0.0,0.0,0.0,59.2,69,11,65508,41,65476,0,300,0,0,8,20529,65476,0,0,61604,60.0,0.0,0.0,0.0,0.0,0.0
2026-04-04T11:05:50,ERR,ERR,ERR,ERR,ERR,ERR,ERR,ERR,ERR,ERR,ERR,ERR,ERR,ERR,ERR,ERR,ERR,ERR,ERR,ERR,ERR,ERR,ERR,ERR,ERR,ERR,ERR,ERR,ERR,ERR,ERR,ERR,ERR,ERR,ERR,ERR,ERR,ERR,ERR,ERR,ERR,ERR,ERR,ERR,ERR,ERR,ERR,ERR,ERR,ERR,ERR,ERR,ERR,ERR,ERR,ERR,ERR,ERR,ERR,ERR,ERR,ERR,ERR,ERR,ERR,ERR,ERR,ERR,ERR,ERR,ERR,ERR,ERR,ERR,ERR,ERR,ERR,ERR,ERR,ERR,ERR,ERR,ERR,ERR,ERR,ERR,ERR,ERR,ERR,ERR,ERR,ERR,ERR,ERR,ERR,ERR,ERR,ERR,ERR,ERR,ERR,ERR,ERR,ERR,ERR,ERR,ERR,ERR,ERR,ERR,ERR,ERR,ERR,ERR,ERR,ERR,ERR,ERR,ERR,ERR,ERR,ERR,ERR,ERR,ERR,2.7184278591402704e+23,0.0,-0.0,0.0,0.0,0.0,0.0,nan,0,0,0,32768,0,0.0,0,0.0,0.0,0.0,0.0,0.0,0,0,0,0,0.0,0,0,0,0,0,0,0,0,0,0,0,0,0,0,0,0,0,0,0,0,0,0,0,0,0,0,0,0,0,0,0,0,0,0,0,0,0,0,0,0,0,0,0,0,0.0,0.0,0.0,0.0,0.0,0.0,0.0,0.0,0.0,0.0,0.0,0.0,0.0,0.0,0.0,0.0,0.0,0.0,0.0,0.0,0.0,0.0,2.004,0.0,-0.0,0.0,0.0,0.0,0.0,0.0,3400.5,-1.5879157526988056e+29,0.0,-0.0,0.0,2.7184274988523002e+23,0.0,0.0,0.0,0.0,0.0,0,71.63,89220.062,0.0,0.0,0.0,0.0,0.0,0.0,0.0,0,0,0,0.0,0.0,0.0,0.0,0.0,0.0,0.0,0.0,0.0,0.0,0.0,0.0,0.0,0.0,0.0,0.0,0,-107875648.0,0,0.0,0,-107875648.0,-0.0,0,0,17040,26215,17054,13107,17038,0,0,0,110,100,100,-0.0,64.0,0.0,64.5,0.0,69.0,1,49,50,180,13107,0,0,0,0.0,0.0,0.0,0.0,-0.0,65.0,0.0,-0.0,0.0,646,0,690,0,0,0,720,0,792,0,711,0,690,0,645,0,643,0,614,0.032,54001664.0,-0.0,-0.0,51600,16787,-0.0,-0.0,112769.258,7079.965,5.7607241144718375e+26,0.0,29.0,60.0,70,0.0,0.0,0.0,0.0,0.0,0.0,0.0,0.0,0.0,0.0,0.0,0.0,0.0,0.0,0.0,0.0,59.2,69,11,65508,41,65476,0,300,0,0,8,20529,65476,0,0,61604,60.0,0.0,0.0,0.0,0.0,0.0
2026-04-04T11:05:51,ERR,ERR,ERR,ERR,ERR,ERR,ERR,ERR,ERR,ERR,ERR,ERR,ERR,ERR,ERR,ERR,ERR,ERR,ERR,ERR,ERR,ERR,ERR,ERR,ERR,ERR,ERR,ERR,ERR,ERR,ERR,ERR,ERR,ERR,ERR,ERR,ERR,ERR,ERR,ERR,ERR,ERR,ERR,ERR,ERR,ERR,ERR,ERR,ERR,ERR,ERR,ERR,ERR,ERR,ERR,ERR,ERR,ERR,ERR,ERR,ERR,ERR,ERR,ERR,ERR,ERR,ERR,ERR,ERR,ERR,ERR,ERR,ERR,ERR,ERR,ERR,ERR,ERR,ERR,ERR,ERR,ERR,ERR,ERR,ERR,ERR,ERR,ERR,ERR,ERR,ERR,ERR,ERR,ERR,ERR,ERR,ERR,ERR,ERR,ERR,ERR,ERR,ERR,ERR,ERR,ERR,ERR,ERR,ERR,ERR,ERR,ERR,ERR,ERR,ERR,ERR,ERR,ERR,ERR,ERR,ERR,ERR,ERR,ERR,ERR,2.7184278591402704e+23,0.0,-0.0,0.0,0.0,0.0,0.0,nan,0,0,0,32768,0,0.0,0,0.0,0.0,0.0,0.0,0.0,0,0,0,0,0.0,0,0,0,0,0,0,0,0,0,0,0,0,0,0,0,0,0,0,0,0,0,0,0,0,0,0,0,0,0,0,0,0,0,0,0,0,0,0,0,0,0,0,0,0,0.0,0.0,0.0,0.0,0.0,0.0,0.0,0.0,0.0,0.0,0.0,0.0,0.0,0.0,0.0,0.0,0.0,0.0,0.0,0.0,0.0,0.0,2.004,0.0,-0.0,0.0,0.0,0.0,0.0,0.0,3400.5,-1.5879157526988056e+29,0.0,-0.0,0.0,2.7184274988523002e+23,0.0,0.0,0.0,0.0,0.0,0,71.63,89220.062,0.0,0.0,0.0,0.0,0.0,0.0,0.0,0,0,0,0.0,0.0,0.0,0.0,0.0,0.0,0.0,0.0,0.0,0.0,0.0,0.0,0.0,0.0,0.0,0.0,0,-107875648.0,0,0.0,0,-107875648.0,-0.0,0,0,17040,26215,17054,13107,17038,0,0,0,110,100,100,-0.0,64.0,0.0,64.5,0.0,69.0,1,49,50,180,13107,0,0,0,0.0,0.0,0.0,0.0,-0.0,65.0,0.0,-0.0,0.0,646,0,690,0,0,0,720,0,792,0,711,0,690,0,645,0,643,0,614,0.032,54001664.0,-0.0,-0.0,51600,16787,-0.0,-0.0,112769.258,7079.965,5.7607241144718375e+26,0.0,29.0,60.0,70,0.0,0.0,0.0,0.0,0.0,0.0,0.0,0.0,0.0,0.0,0.0,0.0,0.0,0.0,0.0,0.0,59.6,69,11,65508,41,65476,0,300,0,0,8,20529,65476,0,0,61604,60.0,0.0,0.0,0.0,0.0,0.0
2026-04-04T11:05:52,ERR,ERR,ERR,ERR,ERR,ERR,ERR,ERR,ERR,ERR,ERR,ERR,ERR,ERR,ERR,ERR,ERR,ERR,ERR,ERR,ERR,ERR,ERR,ERR,ERR,ERR,ERR,ERR,ERR,ERR,ERR,ERR,ERR,ERR,ERR,ERR,ERR,ERR,ERR,ERR,ERR,ERR,ERR,ERR,ERR,ERR,ERR,ERR,ERR,ERR,ERR,ERR,ERR,ERR,ERR,ERR,ERR,ERR,ERR,ERR,ERR,ERR,ERR,ERR,ERR,ERR,ERR,ERR,ERR,ERR,ERR,ERR,ERR,ERR,ERR,ERR,ERR,ERR,ERR,ERR,ERR,ERR,ERR,ERR,ERR,ERR,ERR,ERR,ERR,ERR,ERR,ERR,ERR,ERR,ERR,ERR,ERR,ERR,ERR,ERR,ERR,ERR,ERR,ERR,ERR,ERR,ERR,ERR,ERR,ERR,ERR,ERR,ERR,ERR,ERR,ERR,ERR,ERR,ERR,ERR,ERR,ERR,ERR,ERR,ERR,2.7184278591402704e+23,0.0,-0.0,0.0,0.0,0.0,0.0,nan,0,0,0,32768,0,0.0,0,0.0,0.0,0.0,0.0,0.0,0,0,0,0,0.0,0,0,0,0,0,0,0,0,0,0,0,0,0,0,0,0,0,0,0,0,0,0,0,0,0,0,0,0,0,0,0,0,0,0,0,0,0,0,0,0,0,0,0,0,0.0,0.0,0.0,0.0,0.0,0.0,0.0,0.0,0.0,0.0,0.0,0.0,0.0,0.0,0.0,0.0,0.0,0.0,0.0,0.0,0.0,0.0,2.004,0.0,-0.0,0.0,0.0,0.0,0.0,0.0,3400.5,-1.5879157526988056e+29,0.0,-0.0,0.0,2.7184274988523002e+23,0.0,0.0,0.0,0.0,0.0,0,71.63,89220.062,0.0,0.0,0.0,0.0,0.0,0.0,0.0,0,0,0,0.0,0.0,0.0,0.0,0.0,0.0,0.0,0.0,0.0,0.0,0.0,0.0,0.0,0.0,0.0,0.0,0,-107875648.0,0,0.0,0,-107875648.0,-0.0,0,0,17040,26215,17054,13107,17038,0,0,0,110,100,100,-0.0,64.0,0.0,64.5,0.0,69.0,1,49,50,180,13107,0,0,0,0.0,0.0,0.0,0.0,-0.0,65.0,0.0,-0.0,0.0,646,0,690,0,0,0,720,0,792,0,711,0,690,0,645,0,643,0,614,0.032,54001664.0,-0.0,-0.0,51600,16787,-0.0,-0.0,112769.258,7079.965,5.7607241144718375e+26,0.0,29.0,60.0,70,0.0,0.0,0.0,0.0,0.0,0.0,0.0,0.0,0.0,0.0,0.0,0.0,0.0,0.0,0.0,0.0,59.6,69,11,65508,41,65476,0,300,0,0,8,20529,65476,0,0,61604,60.0,0.0,0.0,0.0,0.0,0.0
2026-04-04T11:05:53,ERR,ERR,ERR,ERR,ERR,ERR,ERR,ERR,ERR,ERR,ERR,ERR,ERR,ERR,ERR,ERR,ERR,ERR,ERR,ERR,ERR,ERR,ERR,ERR,ERR,ERR,ERR,ERR,ERR,ERR,ERR,ERR,ERR,ERR,ERR,ERR,ERR,ERR,ERR,ERR,ERR,ERR,ERR,ERR,ERR,ERR,ERR,ERR,ERR,ERR,ERR,ERR,ERR,ERR,ERR,ERR,ERR,ERR,ERR,ERR,ERR,ERR,ERR,ERR,ERR,ERR,ERR,ERR,ERR,ERR,ERR,ERR,ERR,ERR,ERR,ERR,ERR,ERR,ERR,ERR,ERR,ERR,ERR,ERR,ERR,ERR,ERR,ERR,ERR,ERR,ERR,ERR,ERR,ERR,ERR,ERR,ERR,ERR,ERR,ERR,ERR,ERR,ERR,ERR,ERR,ERR,ERR,ERR,ERR,ERR,ERR,ERR,ERR,ERR,ERR,ERR,ERR,ERR,ERR,ERR,ERR,ERR,ERR,ERR,ERR,2.7184278591402704e+23,0.0,-0.0,0.0,0.0,0.0,0.0,nan,0,0,0,32768,0,0.0,0,0.0,0.0,0.0,0.0,0.0,0,0,0,0,0.0,0,0,0,0,0,0,0,0,0,0,0,0,0,0,0,0,0,0,0,0,0,0,0,0,0,0,0,0,0,0,0,0,0,0,0,0,0,0,0,0,0,0,0,0,0.0,0.0,0.0,0.0,0.0,0.0,0.0,0.0,0.0,0.0,0.0,0.0,0.0,0.0,0.0,0.0,0.0,0.0,0.0,0.0,0.0,0.0,2.004,0.0,-0.0,0.0,0.0,0.0,0.0,0.0,3400.5,-1.5879157526988056e+29,0.0,-0.0,0.0,2.7184274988523002e+23,0.0,0.0,0.0,0.0,0.0,0,71.63,89220.062,0.0,0.0,0.0,0.0,0.0,0.0,0.0,0,0,0,0.0,0.0,0.0,0.0,0.0,0.0,0.0,0.0,0.0,0.0,0.0,0.0,0.0,0.0,0.0,0.0,0,-107875648.0,0,0.0,0,-107875648.0,-0.0,0,0,17040,26215,17054,13107,17038,0,0,0,110,100,100,-0.0,64.0,0.0,64.5,0.0,69.0,1,49,50,180,13107,0,0,0,0.0,0.0,0.0,0.0,-0.0,65.0,0.0,-0.0,0.0,646,0,690,0,0,0,720,0,792,0,711,0,690,0,645,0,643,0,614,0.032,54001664.0,-0.0,-0.0,51600,16787,-0.0,-0.0,112769.258,7079.965,5.7607241144718375e+26,0.0,29.0,60.0,70,0.0,0.0,0.0,0.0,0.0,0.0,0.0,0.0,0.0,0.0,0.0,0.0,0.0,0.0,0.0,0.0,59.6,69,11,65508,41,65476,0,300,0,0,8,20529,65476,0,0,61604,60.0,0.0,0.0,0.0,0.0,0.0
2026-04-04T11:05:54,ERR,ERR,ERR,ERR,ERR,ERR,ERR,ERR,ERR,ERR,ERR,ERR,ERR,ERR,ERR,ERR,ERR,ERR,ERR,ERR,ERR,ERR,ERR,ERR,ERR,ERR,ERR,ERR,ERR,ERR,ERR,ERR,ERR,ERR,ERR,ERR,ERR,ERR,ERR,ERR,ERR,ERR,ERR,ERR,ERR,ERR,ERR,ERR,ERR,ERR,ERR,ERR,ERR,ERR,ERR,ERR,ERR,ERR,ERR,ERR,ERR,ERR,ERR,ERR,ERR,ERR,ERR,ERR,ERR,ERR,ERR,ERR,ERR,ERR,ERR,ERR,ERR,ERR,ERR,ERR,ERR,ERR,ERR,ERR,ERR,ERR,ERR,ERR,ERR,ERR,ERR,ERR,ERR,ERR,ERR,ERR,ERR,ERR,ERR,ERR,ERR,ERR,ERR,ERR,ERR,ERR,ERR,ERR,ERR,ERR,ERR,ERR,ERR,ERR,ERR,ERR,ERR,ERR,ERR,ERR,ERR,ERR,ERR,ERR,ERR,2.7184278591402704e+23,0.0,-0.0,0.0,0.0,0.0,0.0,nan,0,0,0,32768,0,0.0,0,0.0,0.0,0.0,0.0,0.0,0,0,0,0,0.0,0,0,0,0,0,0,0,0,0,0,0,0,0,0,0,0,0,0,0,0,0,0,0,0,0,0,0,0,0,0,0,0,0,0,0,0,0,0,0,0,0,0,0,0,0.0,0.0,0.0,0.0,0.0,0.0,0.0,0.0,0.0,0.0,0.0,0.0,0.0,0.0,0.0,0.0,0.0,0.0,0.0,0.0,0.0,0.0,2.004,0.0,-0.0,0.0,0.0,0.0,0.0,0.0,3400.5,-1.5879157526988056e+29,0.0,-0.0,0.0,2.7184274988523002e+23,0.0,0.0,0.0,0.0,0.0,0,71.63,89220.062,0.0,0.0,0.0,0.0,0.0,0.0,0.0,0,0,0,0.0,0.0,0.0,0.0,0.0,0.0,0.0,0.0,0.0,0.0,0.0,0.0,0.0,0.0,0.0,0.0,0,-107875648.0,0,0.0,0,-107875648.0,-0.0,0,0,17040,26215,17054,13107,17038,0,0,0,110,100,100,-0.0,64.0,0.0,64.5,0.0,69.0,1,49,50,180,13107,0,0,0,0.0,0.0,0.0,0.0,-0.0,65.0,0.0,-0.0,0.0,646,0,690,0,0,0,720,0,792,0,711,0,690,0,645,0,643,0,614,0.032,54001664.0,-0.0,-0.0,51600,16787,-0.0,-0.0,112769.258,7079.965,5.7607241144718375e+26,0.0,29.0,60.0,70,0.0,0.0,0.0,0.0,0.0,0.0,0.0,0.0,0.0,0.0,0.0,0.0,0.0,0.0,0.0,0.0,59.6,69,11,65508,41,65476,0,300,0,0,8,20529,65476,0,0,61604,60.0,0.0,0.0,0.0,0.0,0.0
2026-04-04T11:05:55,ERR,ERR,ERR,ERR,ERR,ERR,ERR,ERR,ERR,ERR,ERR,ERR,ERR,ERR,ERR,ERR,ERR,ERR,ERR,ERR,ERR,ERR,ERR,ERR,ERR,ERR,ERR,ERR,ERR,ERR,ERR,ERR,ERR,ERR,ERR,ERR,ERR,ERR,ERR,ERR,ERR,ERR,ERR,ERR,ERR,ERR,ERR,ERR,ERR,ERR,ERR,ERR,ERR,ERR,ERR,ERR,ERR,ERR,ERR,ERR,ERR,ERR,ERR,ERR,ERR,ERR,ERR,ERR,ERR,ERR,ERR,ERR,ERR,ERR,ERR,ERR,ERR,ERR,ERR,ERR,ERR,ERR,ERR,ERR,ERR,ERR,ERR,ERR,ERR,ERR,ERR,ERR,ERR,ERR,ERR,ERR,ERR,ERR,ERR,ERR,ERR,ERR,ERR,ERR,ERR,ERR,ERR,ERR,ERR,ERR,ERR,ERR,ERR,ERR,ERR,ERR,ERR,ERR,ERR,ERR,ERR,ERR,ERR,ERR,ERR,2.7184278591402704e+23,0.0,-0.0,0.0,0.0,0.0,0.0,nan,0,0,0,32768,0,0.0,0,0.0,0.0,0.0,0.0,0.0,0,0,0,0,0.0,0,0,0,0,0,0,0,0,0,0,0,0,0,0,0,0,0,0,0,0,0,0,0,0,0,0,0,0,0,0,0,0,0,0,0,0,0,0,0,0,0,0,0,0,0.0,0.0,0.0,0.0,0.0,0.0,0.0,0.0,0.0,0.0,0.0,0.0,0.0,0.0,0.0,0.0,0.0,0.0,0.0,0.0,0.0,0.0,2.004,0.0,-0.0,0.0,0.0,0.0,0.0,0.0,3400.5,-1.5879157526988056e+29,0.0,-0.0,0.0,2.7184274988523002e+23,0.0,0.0,0.0,0.0,0.0,0,71.63,89220.062,0.0,0.0,0.0,0.0,0.0,0.0,0.0,0,0,0,0.0,0.0,0.0,0.0,0.0,0.0,0.0,0.0,0.0,0.0,0.0,0.0,0.0,0.0,0.0,0.0,0,-107875648.0,0,0.0,0,-107875648.0,-0.0,0,0,17040,26215,17054,13107,17038,0,0,0,110,100,100,-0.0,64.0,0.0,64.5,0.0,69.0,1,49,50,180,13107,0,0,0,0.0,0.0,0.0,0.0,-0.0,65.0,0.0,-0.0,0.0,646,0,690,0,0,0,720,0,792,0,711,0,690,0,645,0,643,0,614,0.032,54001664.0,-0.0,-0.0,51600,16787,-0.0,-0.0,112769.258,7079.965,5.7607241144718375e+26,0.0,29.0,60.0,70,0.0,0.0,0.0,0.0,0.0,0.0,0.0,0.0,0.0,0.0,0.0,0.0,0.0,0.0,0.0,0.0,59.6,69,11,65508,41,65476,0,300,0,0,8,20529,65476,0,0,61604,60.0,0.0,0.0,0.0,0.0,0.0
2026-04-04T11:05:56,ERR,ERR,ERR,ERR,ERR,ERR,ERR,ERR,ERR,ERR,ERR,ERR,ERR,ERR,ERR,ERR,ERR,ERR,ERR,ERR,ERR,ERR,ERR,ERR,ERR,ERR,ERR,ERR,ERR,ERR,ERR,ERR,ERR,ERR,ERR,ERR,ERR,ERR,ERR,ERR,ERR,ERR,ERR,ERR,ERR,ERR,ERR,ERR,ERR,ERR,ERR,ERR,ERR,ERR,ERR,ERR,ERR,ERR,ERR,ERR,ERR,ERR,ERR,ERR,ERR,ERR,ERR,ERR,ERR,ERR,ERR,ERR,ERR,ERR,ERR,ERR,ERR,ERR,ERR,ERR,ERR,ERR,ERR,ERR,ERR,ERR,ERR,ERR,ERR,ERR,ERR,ERR,ERR,ERR,ERR,ERR,ERR,ERR,ERR,ERR,ERR,ERR,ERR,ERR,ERR,ERR,ERR,ERR,ERR,ERR,ERR,ERR,ERR,ERR,ERR,ERR,ERR,ERR,ERR,ERR,ERR,ERR,ERR,ERR,ERR,2.7184278591402704e+23,0.0,-0.0,0.0,0.0,0.0,0.0,nan,0,0,0,32768,0,0.0,0,0.0,0.0,0.0,0.0,0.0,0,0,0,0,0.0,0,0,0,0,0,0,0,0,0,0,0,0,0,0,0,0,0,0,0,0,0,0,0,0,0,0,0,0,0,0,0,0,0,0,0,0,0,0,0,0,0,0,0,0,0.0,0.0,0.0,0.0,0.0,0.0,0.0,0.0,0.0,0.0,0.0,0.0,0.0,0.0,0.0,0.0,0.0,0.0,0.0,0.0,0.0,0.0,2.004,0.0,-0.0,0.0,0.0,0.0,0.0,0.0,3400.5,-1.5879157526988056e+29,0.0,-0.0,0.0,2.7184274988523002e+23,0.0,0.0,0.0,0.0,0.0,0,71.63,89220.062,0.0,0.0,0.0,0.0,0.0,0.0,0.0,0,0,0,0.0,0.0,0.0,0.0,0.0,0.0,0.0,0.0,0.0,0.0,0.0,0.0,0.0,0.0,0.0,0.0,0,-107875648.0,0,0.0,0,-107875648.0,-0.0,0,0,17040,26215,17054,13107,17038,0,0,0,110,100,100,-0.0,64.0,0.0,64.5,0.0,69.0,1,49,50,180,13107,0,0,0,0.0,0.0,0.0,0.0,-0.0,65.0,0.0,-0.0,0.0,646,0,690,0,0,0,720,0,792,0,711,0,690,0,645,0,643,0,614,0.032,54001664.0,-0.0,-0.0,51600,16787,-0.0,-0.0,112769.258,7079.965,5.7607241144718375e+26,0.0,29.0,60.0,70,0.0,0.0,0.0,0.0,0.0,0.0,0.0,0.0,0.0,0.0,0.0,0.0,0.0,0.0,0.0,0.0,59.6,69,11,65508,41,65476,0,300,0,0,8,20529,65476,0,0,61604,60.0,0.0,0.0,0.0,0.0,0.0
2026-04-04T11:05:57,ERR,ERR,ERR,ERR,ERR,ERR,ERR,ERR,ERR,ERR,ERR,ERR,ERR,ERR,ERR,ERR,ERR,ERR,ERR,ERR,ERR,ERR,ERR,ERR,ERR,ERR,ERR,ERR,ERR,ERR,ERR,ERR,ERR,ERR,ERR,ERR,ERR,ERR,ERR,ERR,ERR,ERR,ERR,ERR,ERR,ERR,ERR,ERR,ERR,ERR,ERR,ERR,ERR,ERR,ERR,ERR,ERR,ERR,ERR,ERR,ERR,ERR,ERR,ERR,ERR,ERR,ERR,ERR,ERR,ERR,ERR,ERR,ERR,ERR,ERR,ERR,ERR,ERR,ERR,ERR,ERR,ERR,ERR,ERR,ERR,ERR,ERR,ERR,ERR,ERR,ERR,ERR,ERR,ERR,ERR,ERR,ERR,ERR,ERR,ERR,ERR,ERR,ERR,ERR,ERR,ERR,ERR,ERR,ERR,ERR,ERR,ERR,ERR,ERR,ERR,ERR,ERR,ERR,ERR,ERR,ERR,ERR,ERR,ERR,ERR,2.7184278591402704e+23,0.0,-0.0,0.0,0.0,0.0,0.0,nan,0,0,0,32768,0,0.0,0,0.0,0.0,0.0,0.0,0.0,0,0,0,0,0.0,0,0,0,0,0,0,0,0,0,0,0,0,0,0,0,0,0,0,0,0,0,0,0,0,0,0,0,0,0,0,0,0,0,0,0,0,0,0,0,0,0,0,0,0,0.0,0.0,0.0,0.0,0.0,0.0,0.0,0.0,0.0,0.0,0.0,0.0,0.0,0.0,0.0,0.0,0.0,0.0,0.0,0.0,0.0,0.0,2.004,0.0,-0.0,0.0,0.0,0.0,0.0,0.0,3400.5,-1.5879157526988056e+29,0.0,-0.0,0.0,2.7184274988523002e+23,0.0,0.0,0.0,0.0,0.0,0,71.63,89220.062,0.0,0.0,0.0,0.0,0.0,0.0,0.0,0,0,0,0.0,0.0,0.0,0.0,0.0,0.0,0.0,0.0,0.0,0.0,0.0,0.0,0.0,0.0,0.0,0.0,0,-107875648.0,0,0.0,0,-107875648.0,-0.0,0,0,17040,26215,17054,13107,17038,0,0,0,110,100,100,-0.0,64.0,0.0,64.5,0.0,69.0,1,49,50,180,13107,0,0,0,0.0,0.0,0.0,0.0,-0.0,65.0,0.0,-0.0,0.0,646,0,690,0,0,0,720,0,792,0,711,0,690,0,645,0,643,0,614,0.032,54001664.0,-0.0,-0.0,51600,16787,-0.0,-0.0,112769.258,7079.965,5.7607241144718375e+26,0.0,29.0,60.0,70,0.0,0.0,0.0,0.0,0.0,0.0,0.0,0.0,0.0,0.0,0.0,0.0,0.0,0.0,0.0,0.0,59.6,69,11,65508,41,65476,0,300,0,0,8,20529,65476,0,0,61604,60.0,0.0,0.0,0.0,0.0,0.0
2026-04-04T11:05:58,ERR,ERR,ERR,ERR,ERR,ERR,ERR,ERR,ERR,ERR,ERR,ERR,ERR,ERR,ERR,ERR,ERR,ERR,ERR,ERR,ERR,ERR,ERR,ERR,ERR,ERR,ERR,ERR,ERR,ERR,ERR,ERR,ERR,ERR,ERR,ERR,ERR,ERR,ERR,ERR,ERR,ERR,ERR,ERR,ERR,ERR,ERR,ERR,ERR,ERR,ERR,ERR,ERR,ERR,ERR,ERR,ERR,ERR,ERR,ERR,ERR,ERR,ERR,ERR,ERR,ERR,ERR,ERR,ERR,ERR,ERR,ERR,ERR,ERR,ERR,ERR,ERR,ERR,ERR,ERR,ERR,ERR,ERR,ERR,ERR,ERR,ERR,ERR,ERR,ERR,ERR,ERR,ERR,ERR,ERR,ERR,ERR,ERR,ERR,ERR,ERR,ERR,ERR,ERR,ERR,ERR,ERR,ERR,ERR,ERR,ERR,ERR,ERR,ERR,ERR,ERR,ERR,ERR,ERR,ERR,ERR,ERR,ERR,ERR,ERR,2.7184278591402704e+23,0.0,-0.0,0.0,0.0,0.0,0.0,nan,0,0,0,32768,0,0.0,0,0.0,0.0,0.0,0.0,0.0,0,0,0,0,0.0,0,0,0,0,0,0,0,0,0,0,0,0,0,0,0,0,0,0,0,0,0,0,0,0,0,0,0,0,0,0,0,0,0,0,0,0,0,0,0,0,0,0,0,0,0.0,0.0,0.0,0.0,0.0,0.0,0.0,0.0,0.0,0.0,0.0,0.0,0.0,0.0,0.0,0.0,0.0,0.0,0.0,0.0,0.0,0.0,2.004,0.0,-0.0,0.0,0.0,0.0,0.0,0.0,3400.5,-1.5879157526988056e+29,0.0,-0.0,0.0,2.7184274988523002e+23,0.0,0.0,0.0,0.0,0.0,0,71.63,89220.062,0.0,0.0,0.0,0.0,0.0,0.0,0.0,0,0,0,0.0,0.0,0.0,0.0,0.0,0.0,0.0,0.0,0.0,0.0,0.0,0.0,0.0,0.0,0.0,0.0,0,-107875648.0,0,0.0,0,-107875648.0,-0.0,0,0,17040,26215,17054,13107,17038,0,0,0,110,100,100,-0.0,64.0,0.0,64.5,0.0,69.0,1,49,50,180,13107,0,0,0,0.0,0.0,0.0,0.0,-0.0,65.0,0.0,-0.0,0.0,646,0,690,0,0,0,720,0,792,0,711,0,690,0,645,0,643,0,614,0.032,54001664.0,-0.0,-0.0,51600,16787,-0.0,-0.0,112769.258,7079.965,5.7607241144718375e+26,0.0,29.0,60.0,70,0.0,0.0,0.0,0.0,0.0,0.0,0.0,0.0,0.0,0.0,0.0,0.0,0.0,0.0,0.0,0.0,59.6,69,11,65508,41,65476,0,300,0,0,8,20529,65476,0,0,61604,60.0,0.0,0.0,0.0,0.0,0.0
2026-04-04T11:05:59,ERR,ERR,ERR,ERR,ERR,ERR,ERR,ERR,ERR,ERR,ERR,ERR,ERR,ERR,ERR,ERR,ERR,ERR,ERR,ERR,ERR,ERR,ERR,ERR,ERR,ERR,ERR,ERR,ERR,ERR,ERR,ERR,ERR,ERR,ERR,ERR,ERR,ERR,ERR,ERR,ERR,ERR,ERR,ERR,ERR,ERR,ERR,ERR,ERR,ERR,ERR,ERR,ERR,ERR,ERR,ERR,ERR,ERR,ERR,ERR,ERR,ERR,ERR,ERR,ERR,ERR,ERR,ERR,ERR,ERR,ERR,ERR,ERR,ERR,ERR,ERR,ERR,ERR,ERR,ERR,ERR,ERR,ERR,ERR,ERR,ERR,ERR,ERR,ERR,ERR,ERR,ERR,ERR,ERR,ERR,ERR,ERR,ERR,ERR,ERR,ERR,ERR,ERR,ERR,ERR,ERR,ERR,ERR,ERR,ERR,ERR,ERR,ERR,ERR,ERR,ERR,ERR,ERR,ERR,ERR,ERR,ERR,ERR,ERR,ERR,2.7184278591402704e+23,0.0,-0.0,0.0,0.0,0.0,0.0,nan,0,0,0,32768,0,0.0,0,0.0,0.0,0.0,0.0,0.0,0,0,0,0,0.0,0,0,0,0,0,0,0,0,0,0,0,0,0,0,0,0,0,0,0,0,0,0,0,0,0,0,0,0,0,0,0,0,0,0,0,0,0,0,0,0,0,0,0,0,0.0,0.0,0.0,0.0,0.0,0.0,0.0,0.0,0.0,0.0,0.0,0.0,0.0,0.0,0.0,0.0,0.0,0.0,0.0,0.0,0.0,0.0,2.004,0.0,-0.0,0.0,0.0,0.0,0.0,0.0,3400.5,-1.5879157526988056e+29,0.0,-0.0,0.0,2.7184274988523002e+23,0.0,0.0,0.0,0.0,0.0,0,71.63,89220.062,0.0,0.0,0.0,0.0,0.0,0.0,0.0,0,0,0,0.0,0.0,0.0,0.0,0.0,0.0,0.0,0.0,0.0,0.0,0.0,0.0,0.0,0.0,0.0,0.0,0,-107875648.0,0,0.0,0,-107875648.0,-0.0,0,0,17040,26215,17054,13107,17038,0,0,0,110,100,100,-0.0,64.0,0.0,64.5,0.0,69.0,1,49,50,180,13107,0,0,0,0.0,0.0,0.0,0.0,-0.0,65.0,0.0,-0.0,0.0,646,0,690,0,0,0,720,0,792,0,711,0,690,0,645,0,643,0,614,0.032,54001664.0,-0.0,-0.0,51600,16787,-0.0,-0.0,112769.258,7079.965,5.7607241144718375e+26,0.0,29.0,60.0,ERR,0.0,ERR,ERR,ERR,0.0,0.0,0.0,0.0,0.0,0.0,0.0,0.0,0.0,0.0,0.0,ERR,ERR,ERR,ERR,ERR,ERR,ERR,ERR,ERR,ERR,ERR,ERR,ERR,ERR,ERR,ERR,ERR,ERR,ERR,ERR,ERR,ERR,ERR
2026-04-04T11:06:00,ERR,ERR,ERR,ERR,ERR,ERR,ERR,ERR,ERR,ERR,ERR,ERR,ERR,ERR,ERR,ERR,ERR,ERR,ERR,ERR,ERR,ERR,ERR,ERR,ERR,ERR,ERR,ERR,ERR,ERR,ERR,ERR,ERR,ERR,ERR,ERR,ERR,ERR,ERR,ERR,ERR,ERR,ERR,ERR,ERR,ERR,ERR,ERR,ERR,ERR,ERR,ERR,ERR,ERR,ERR,ERR,ERR,ERR,ERR,ERR,ERR,ERR,ERR,ERR,ERR,ERR,ERR,ERR,ERR,ERR,ERR,ERR,ERR,ERR,ERR,ERR,ERR,ERR,ERR,ERR,ERR,ERR,ERR,ERR,ERR,ERR,ERR,ERR,ERR,ERR,ERR,ERR,ERR,ERR,ERR,ERR,ERR,ERR,ERR,ERR,ERR,ERR,ERR,ERR,ERR,ERR,ERR,ERR,ERR,ERR,ERR,ERR,ERR,ERR,ERR,ERR,ERR,ERR,ERR,ERR,ERR,ERR,ERR,ERR,ERR,2.7184278591402704e+23,0.0,-0.0,0.0,0.0,0.0,0.0,nan,0,0,0,32768,0,0.0,0,0.0,0.0,0.0,0.0,0.0,0,0,0,0,0.0,0,0,0,0,0,0,0,0,0,0,0,0,0,0,0,0,0,0,0,0,0,0,0,0,0,0,0,0,0,0,0,0,0,0,0,0,0,0,0,0,0,0,0,0,0.0,0.0,0.0,0.0,0.0,0.0,0.0,0.0,0.0,0.0,0.0,0.0,0.0,0.0,0.0,0.0,0.0,0.0,0.0,0.0,0.0,0.0,2.004,0.0,-0.0,0.0,0.0,0.0,0.0,0.0,3400.5,-1.5879157526988056e+29,0.0,-0.0,0.0,2.7184274988523002e+23,0.0,0.0,0.0,0.0,0.0,0,71.63,89220.062,0.0,0.0,0.0,0.0,0.0,0.0,0.0,0,0,0,0.0,0.0,0.0,0.0,0.0,0.0,0.0,0.0,0.0,0.0,0.0,0.0,0.0,0.0,0.0,0.0,0,-107875648.0,0,0.0,0,-107875648.0,-0.0,0,0,17040,26215,17054,13107,17038,0,0,0,110,100,100,-0.0,64.0,0.0,64.5,0.0,69.0,1,49,50,180,13107,0,0,0,0.0,0.0,0.0,0.0,-0.0,65.0,0.0,-0.0,0.0,646,0,690,0,0,0,720,0,792,0,711,0,690,0,645,0,643,0,614,0.032,54001664.0,-0.0,-0.0,51600,16787,-0.0,-0.0,112769.258,7079.965,5.7607241144718375e+26,0.0,29.0,60.0,ERR,0.0,ERR,ERR,ERR,0.0,0.0,0.0,0.0,0.0,0.0,0.0,0.0,0.0,0.0,0.0,ERR,ERR,ERR,ERR,ERR,ERR,ERR,ERR,ERR,ERR,ERR,ERR,ERR,ERR,ERR,ERR,ERR,ERR,ERR,ERR,ERR,ERR,ERR
2026-04-04T11:06:01,ERR,ERR,ERR,ERR,ERR,ERR,ERR,ERR,ERR,ERR,ERR,ERR,ERR,ERR,ERR,ERR,ERR,ERR,ERR,ERR,ERR,ERR,ERR,ERR,ERR,ERR,ERR,ERR,ERR,ERR,ERR,ERR,ERR,ERR,ERR,ERR,ERR,ERR,ERR,ERR,ERR,ERR,ERR,ERR,ERR,ERR,ERR,ERR,ERR,ERR,ERR,ERR,ERR,ERR,ERR,ERR,ERR,ERR,ERR,ERR,ERR,ERR,ERR,ERR,ERR,ERR,ERR,ERR,ERR,ERR,ERR,ERR,ERR,ERR,ERR,ERR,ERR,ERR,ERR,ERR,ERR,ERR,ERR,ERR,ERR,ERR,ERR,ERR,ERR,ERR,ERR,ERR,ERR,ERR,ERR,ERR,ERR,ERR,ERR,ERR,ERR,ERR,ERR,ERR,ERR,ERR,ERR,ERR,ERR,ERR,ERR,ERR,ERR,ERR,ERR,ERR,ERR,ERR,ERR,ERR,ERR,ERR,ERR,ERR,ERR,2.7184278591402704e+23,0.0,-0.0,0.0,0.0,0.0,0.0,nan,0,0,0,32768,0,0.0,0,0.0,0.0,0.0,0.0,0.0,0,0,0,0,0.0,0,0,0,0,0,0,0,0,0,0,0,0,0,0,0,0,0,0,0,0,0,0,0,0,0,0,0,0,0,0,0,0,0,0,0,0,0,0,0,0,0,0,0,0,0.0,0.0,0.0,0.0,0.0,0.0,0.0,0.0,0.0,0.0,0.0,0.0,0.0,0.0,0.0,0.0,0.0,0.0,0.0,0.0,0.0,0.0,2.004,0.0,-0.0,0.0,0.0,0.0,0.0,0.0,3400.5,-1.5879157526988056e+29,0.0,-0.0,0.0,2.7184274988523002e+23,0.0,0.0,0.0,0.0,0.0,0,71.63,89220.062,0.0,0.0,0.0,0.0,0.0,0.0,0.0,0,0,0,0.0,0.0,0.0,0.0,0.0,0.0,0.0,0.0,0.0,0.0,0.0,0.0,0.0,0.0,0.0,0.0,0,-107875648.0,0,0.0,0,-107875648.0,-0.0,0,0,17040,26215,17054,13107,17038,0,0,0,110,100,100,-0.0,64.0,0.0,64.5,0.0,69.0,1,49,50,180,13107,0,0,0,0.0,0.0,0.0,0.0,-0.0,65.0,0.0,-0.0,0.0,646,0,690,0,0,0,720,0,792,0,711,0,690,0,645,0,643,0,614,0.032,54001664.0,-0.0,-0.0,51600,16787,-0.0,-0.0,112769.258,7079.965,5.7607241144718375e+26,0.0,29.0,60.0,ERR,0.0,ERR,ERR,ERR,0.0,0.0,0.0,0.0,0.0,0.0,0.0,0.0,0.0,0.0,0.0,ERR,ERR,ERR,ERR,ERR,ERR,ERR,ERR,ERR,ERR,ERR,ERR,ERR,ERR,ERR,ERR,ERR,ERR,ERR,ERR,ERR,ERR,ERR
2026-04-04T11:06:02,ERR,ERR,ERR,ERR,ERR,ERR,ERR,ERR,ERR,ERR,ERR,ERR,ERR,ERR,ERR,ERR,ERR,ERR,ERR,ERR,ERR,ERR,ERR,ERR,ERR,ERR,ERR,ERR,ERR,ERR,ERR,ERR,ERR,ERR,ERR,ERR,ERR,ERR,ERR,ERR,ERR,ERR,ERR,ERR,ERR,ERR,ERR,ERR,ERR,ERR,ERR,ERR,ERR,ERR,ERR,ERR,ERR,ERR,ERR,ERR,ERR,ERR,ERR,ERR,ERR,ERR,ERR,ERR,ERR,ERR,ERR,ERR,ERR,ERR,ERR,ERR,ERR,ERR,ERR,ERR,ERR,ERR,ERR,ERR,ERR,ERR,ERR,ERR,ERR,ERR,ERR,ERR,ERR,ERR,ERR,ERR,ERR,ERR,ERR,ERR,ERR,ERR,ERR,ERR,ERR,ERR,ERR,ERR,ERR,ERR,ERR,ERR,ERR,ERR,ERR,ERR,ERR,ERR,ERR,ERR,ERR,ERR,ERR,ERR,ERR,2.7184278591402704e+23,0.0,-0.0,0.0,0.0,0.0,0.0,nan,0,0,0,32768,0,0.0,0,0.0,0.0,0.0,0.0,0.0,0,0,0,0,0.0,0,0,0,0,0,0,0,0,0,0,0,0,0,0,0,0,0,0,0,0,0,0,0,0,0,0,0,0,0,0,0,0,0,0,0,0,0,0,0,0,0,0,0,0,0.0,0.0,0.0,0.0,0.0,0.0,0.0,0.0,0.0,0.0,0.0,0.0,0.0,0.0,0.0,0.0,0.0,0.0,0.0,0.0,0.0,0.0,2.004,0.0,-0.0,0.0,0.0,0.0,0.0,0.0,3400.5,-1.5879157526988056e+29,0.0,-0.0,0.0,2.7184274988523002e+23,0.0,0.0,0.0,0.0,0.0,0,71.63,89220.062,0.0,0.0,0.0,0.0,0.0,0.0,0.0,0,0,0,0.0,0.0,0.0,0.0,0.0,0.0,0.0,0.0,0.0,0.0,0.0,0.0,0.0,0.0,0.0,0.0,0,-107875648.0,0,0.0,0,-107875648.0,-0.0,0,0,17040,26215,17054,13107,17038,0,0,0,110,100,100,-0.0,64.0,0.0,64.5,0.0,69.0,1,49,50,180,13107,0,0,0,0.0,0.0,0.0,0.0,-0.0,65.0,0.0,-0.0,0.0,646,0,690,0,0,0,720,0,792,0,711,0,690,0,645,0,643,0,614,0.032,54001664.0,-0.0,-0.0,51600,16787,-0.0,-0.0,112769.258,7079.965,5.7607241144718375e+26,0.0,29.0,60.0,ERR,0.0,ERR,ERR,ERR,0.0,0.0,0.0,0.0,0.0,0.0,0.0,0.0,0.0,0.0,0.0,ERR,ERR,ERR,ERR,ERR,ERR,ERR,ERR,ERR,ERR,ERR,ERR,ERR,ERR,ERR,ERR,ERR,ERR,ERR,ERR,ERR,ERR,ERR
2026-04-04T11:06:03,ERR,ERR,ERR,ERR,ERR,ERR,ERR,ERR,ERR,ERR,ERR,ERR,ERR,ERR,ERR,ERR,ERR,ERR,ERR,ERR,ERR,ERR,ERR,ERR,ERR,ERR,ERR,ERR,ERR,ERR,ERR,ERR,ERR,ERR,ERR,ERR,ERR,ERR,ERR,ERR,ERR,ERR,ERR,ERR,ERR,ERR,ERR,ERR,ERR,ERR,ERR,ERR,ERR,ERR,ERR,ERR,ERR,ERR,ERR,ERR,ERR,ERR,ERR,ERR,ERR,ERR,ERR,ERR,ERR,ERR,ERR,ERR,ERR,ERR,ERR,ERR,ERR,ERR,ERR,ERR,ERR,ERR,ERR,ERR,ERR,ERR,ERR,ERR,ERR,ERR,ERR,ERR,ERR,ERR,ERR,ERR,ERR,ERR,ERR,ERR,ERR,ERR,ERR,ERR,ERR,ERR,ERR,ERR,ERR,ERR,ERR,ERR,ERR,ERR,ERR,ERR,ERR,ERR,ERR,ERR,ERR,ERR,ERR,ERR,ERR,2.7184278591402704e+23,0.0,-0.0,0.0,0.0,0.0,0.0,nan,0,0,0,32768,0,0.0,0,0.0,0.0,0.0,0.0,0.0,0,0,0,0,0.0,0,0,0,0,0,0,0,0,0,0,0,0,0,0,0,0,0,0,0,0,0,0,0,0,0,0,0,0,0,0,0,0,0,0,0,0,0,0,0,0,0,0,0,0,0.0,0.0,0.0,0.0,0.0,0.0,0.0,0.0,0.0,0.0,0.0,0.0,0.0,0.0,0.0,0.0,0.0,0.0,0.0,0.0,0.0,0.0,2.004,0.0,-0.0,0.0,0.0,0.0,0.0,0.0,3400.5,-1.5879157526988056e+29,0.0,-0.0,0.0,2.7184274988523002e+23,0.0,0.0,0.0,0.0,0.0,0,71.63,89220.062,0.0,0.0,0.0,0.0,0.0,0.0,0.0,0,0,0,0.0,0.0,0.0,0.0,0.0,0.0,0.0,0.0,0.0,0.0,0.0,0.0,0.0,0.0,0.0,0.0,0,-107875648.0,0,0.0,0,-107875648.0,-0.0,0,0,17040,26215,17054,13107,17038,0,0,0,110,100,ERR,-0.0,64.0,0.0,64.5,0.0,69.0,ERR,ERR,ERR,ERR,ERR,ERR,ERR,ERR,0.0,0.0,0.0,0.0,-0.0,65.0,0.0,-0.0,0.0,ERR,ERR,ERR,ERR,ERR,ERR,ERR,ERR,ERR,ERR,ERR,ERR,ERR,ERR,ERR,ERR,ERR,ERR,ERR,0.032,55574528.0,-0.0,-0.0,ERR,ERR,1.4505851569351172e+38,-0.0,0.0,0.0,2.1287666100207616e+16,0.0,29.0,60.0,ERR,0.0,ERR,ERR,ERR,0.0,0.0,0.0,0.0,0.0,0.0,0.0,0.0,0.0,0.0,0.0,ERR,ERR,ERR,ERR,ERR,ERR,ERR,ERR,ERR,ERR,ERR,ERR,ERR,ERR,ERR,ERR,ERR,ERR,ERR,ERR,ERR,ERR,ERR
2026-04-04T11:06:04,ERR,ERR,ERR,ERR,ERR,ERR,ERR,ERR,ERR,ERR,ERR,ERR,ERR,ERR,ERR,ERR,ERR,ERR,ERR,ERR,ERR,ERR,ERR,ERR,ERR,ERR,ERR,ERR,ERR,ERR,ERR,ERR,ERR,ERR,ERR,ERR,ERR,ERR,ERR,ERR,ERR,ERR,ERR,ERR,ERR,ERR,ERR,ERR,ERR,ERR,ERR,ERR,ERR,ERR,ERR,ERR,ERR,ERR,ERR,ERR,ERR,ERR,ERR,ERR,ERR,ERR,ERR,ERR,ERR,ERR,ERR,ERR,ERR,ERR,ERR,ERR,ERR,ERR,ERR,ERR,ERR,ERR,ERR,ERR,ERR,ERR,ERR,ERR,ERR,ERR,ERR,ERR,ERR,ERR,ERR,ERR,ERR,ERR,ERR,ERR,ERR,ERR,ERR,ERR,ERR,ERR,ERR,ERR,ERR,ERR,ERR,ERR,ERR,ERR,ERR,ERR,ERR,ERR,ERR,ERR,ERR,ERR,ERR,ERR,ERR,2.7184278591402704e+23,0.0,-0.0,0.0,0.0,0.0,0.0,nan,0,0,0,32768,0,0.0,0,0.0,0.0,0.0,0.0,0.0,0,0,0,0,0.0,0,0,0,0,0,0,0,0,0,0,0,0,0,0,0,0,0,0,0,0,0,0,0,0,0,0,0,0,0,0,0,0,0,0,0,0,0,0,0,0,0,0,0,0,0.0,0.0,0.0,0.0,0.0,0.0,0.0,0.0,0.0,0.0,0.0,0.0,0.0,0.0,0.0,0.0,0.0,0.0,0.0,0.0,0.0,0.0,2.004,0.0,-0.0,0.0,0.0,0.0,0.0,0.0,3400.5,-1.5879157526988056e+29,0.0,-0.0,0.0,2.7184274988523002e+23,0.0,0.0,0.0,0.0,0.0,0,71.63,89220.062,0.0,0.0,0.0,0.0,0.0,0.0,0.0,0,0,0,0.0,0.0,0.0,0.0,0.0,0.0,0.0,0.0,0.0,0.0,0.0,0.0,0.0,0.0,0.0,0.0,0,-107875648.0,0,0.0,0,-107875648.0,-0.0,0,0,17040,26215,17054,13107,17038,0,0,0,110,100,ERR,-0.0,64.0,0.0,64.5,0.0,69.0,ERR,ERR,ERR,ERR,ERR,ERR,ERR,ERR,0.0,0.0,0.0,0.0,-0.0,65.0,0.0,-0.0,0.0,ERR,ERR,ERR,ERR,ERR,ERR,ERR,ERR,ERR,ERR,ERR,ERR,ERR,ERR,ERR,ERR,ERR,ERR,ERR,0.032,55574528.0,-0.0,-0.0,ERR,ERR,1.4505851569351172e+38,-0.0,0.0,0.0,2.1287666100207616e+16,0.0,29.0,60.0,ERR,0.0,ERR,ERR,ERR,0.0,0.0,0.0,0.0,0.0,0.0,0.0,0.0,0.0,0.0,0.0,ERR,ERR,ERR,ERR,ERR,ERR,ERR,ERR,ERR,ERR,ERR,ERR,ERR,ERR,ERR,ERR,ERR,ERR,ERR,ERR,ERR,ERR,ERR
2026-04-04T11:06:05,ERR,ERR,ERR,ERR,ERR,ERR,ERR,ERR,ERR,ERR,ERR,ERR,ERR,ERR,ERR,ERR,ERR,ERR,ERR,ERR,ERR,ERR,ERR,ERR,ERR,ERR,ERR,ERR,ERR,ERR,ERR,ERR,ERR,ERR,ERR,ERR,ERR,ERR,ERR,ERR,ERR,ERR,ERR,ERR,ERR,ERR,ERR,ERR,ERR,ERR,ERR,ERR,ERR,ERR,ERR,ERR,ERR,ERR,ERR,ERR,ERR,ERR,ERR,ERR,ERR,ERR,ERR,ERR,ERR,ERR,ERR,ERR,ERR,ERR,ERR,ERR,ERR,ERR,ERR,ERR,ERR,ERR,ERR,ERR,ERR,ERR,ERR,ERR,ERR,ERR,ERR,ERR,ERR,ERR,ERR,ERR,ERR,ERR,ERR,ERR,ERR,ERR,ERR,ERR,ERR,ERR,ERR,ERR,ERR,ERR,ERR,ERR,ERR,ERR,ERR,ERR,ERR,ERR,ERR,ERR,ERR,ERR,ERR,ERR,ERR,2.7184278591402704e+23,0.0,-0.0,0.0,0.0,0.0,0.0,nan,0,0,0,32768,0,0.0,0,0.0,0.0,0.0,0.0,0.0,0,0,0,0,0.0,0,0,0,0,0,0,0,0,0,0,0,0,0,0,0,0,0,0,0,0,0,0,0,0,0,0,0,0,0,0,0,0,0,0,0,0,0,0,0,0,0,0,0,0,0.0,0.0,0.0,0.0,0.0,0.0,0.0,0.0,0.0,0.0,0.0,0.0,0.0,0.0,0.0,0.0,0.0,0.0,0.0,0.0,0.0,0.0,2.004,0.0,-0.0,0.0,0.0,0.0,0.0,0.0,3400.5,-1.5879157526988056e+29,0.0,-0.0,0.0,2.7184274988523002e+23,0.0,0.0,0.0,0.0,0.0,0,71.63,89220.062,0.0,0.0,0.0,0.0,0.0,0.0,0.0,0,0,0,0.0,0.0,0.0,0.0,0.0,0.0,0.0,0.0,0.0,0.0,0.0,0.0,0.0,0.0,0.0,0.0,0,-107875648.0,0,0.0,0,-107875648.0,-0.0,0,0,17040,26215,17054,13107,17038,0,0,0,110,100,ERR,-0.0,64.0,0.0,64.5,0.0,69.0,ERR,ERR,ERR,ERR,ERR,ERR,ERR,ERR,0.0,0.0,0.0,0.0,-0.0,65.0,0.0,-0.0,0.0,ERR,ERR,ERR,ERR,ERR,ERR,ERR,ERR,ERR,ERR,ERR,ERR,ERR,ERR,ERR,ERR,ERR,ERR,ERR,0.032,55574528.0,-0.0,-0.0,ERR,ERR,1.4505851569351172e+38,-0.0,0.0,0.0,2.1287666100207616e+16,0.0,29.0,60.0,ERR,0.0,ERR,ERR,ERR,0.0,0.0,0.0,0.0,0.0,0.0,0.0,0.0,0.0,0.0,0.0,ERR,ERR,ERR,ERR,ERR,ERR,ERR,ERR,ERR,ERR,ERR,ERR,ERR,ERR,ERR,ERR,ERR,ERR,ERR,ERR,ERR,ERR,ERR
2026-04-04T11:06:06,ERR,ERR,ERR,ERR,ERR,ERR,ERR,ERR,ERR,ERR,ERR,ERR,ERR,ERR,ERR,ERR,ERR,ERR,ERR,ERR,ERR,ERR,ERR,ERR,ERR,ERR,ERR,ERR,ERR,ERR,ERR,ERR,ERR,ERR,ERR,ERR,ERR,ERR,ERR,ERR,ERR,ERR,ERR,ERR,ERR,ERR,ERR,ERR,ERR,ERR,ERR,ERR,ERR,ERR,ERR,ERR,ERR,ERR,ERR,ERR,ERR,ERR,ERR,ERR,ERR,ERR,ERR,ERR,ERR,ERR,ERR,ERR,ERR,ERR,ERR,ERR,ERR,ERR,ERR,ERR,ERR,ERR,ERR,ERR,ERR,ERR,ERR,ERR,ERR,ERR,ERR,ERR,ERR,ERR,ERR,ERR,ERR,ERR,ERR,ERR,ERR,ERR,ERR,ERR,ERR,ERR,ERR,ERR,ERR,ERR,ERR,ERR,ERR,ERR,ERR,ERR,ERR,ERR,ERR,ERR,ERR,ERR,ERR,ERR,ERR,2.7184278591402704e+23,0.0,-0.0,0.0,0.0,0.0,0.0,nan,0,0,0,32768,0,0.0,0,0.0,0.0,0.0,0.0,0.0,0,0,0,0,0.0,0,0,0,0,0,0,0,0,0,0,0,0,0,0,0,0,0,0,0,0,0,0,0,0,0,0,0,0,0,0,0,0,0,0,0,0,0,0,0,0,0,0,0,0,0.0,0.0,0.0,0.0,0.0,0.0,0.0,0.0,0.0,0.0,0.0,0.0,0.0,0.0,0.0,0.0,0.0,0.0,0.0,0.0,0.0,0.0,2.004,0.0,-0.0,0.0,0.0,0.0,0.0,0.0,3400.5,-1.5879157526988056e+29,0.0,-0.0,0.0,2.7184274988523002e+23,0.0,0.0,0.0,0.0,0.0,0,71.63,89220.062,0.0,0.0,0.0,0.0,0.0,0.0,0.0,0,0,0,0.0,0.0,0.0,0.0,0.0,0.0,0.0,0.0,0.0,0.0,0.0,0.0,0.0,0.0,0.0,0.0,0,-107875648.0,0,0.0,0,-107875648.0,-0.0,0,0,17040,26215,17054,13107,17038,0,0,0,110,100,ERR,-0.0,64.0,0.0,64.5,0.0,69.0,ERR,ERR,ERR,ERR,ERR,ERR,ERR,ERR,0.0,0.0,0.0,0.0,-0.0,65.0,0.0,-0.0,0.0,ERR,ERR,ERR,ERR,ERR,ERR,ERR,ERR,ERR,ERR,ERR,ERR,ERR,ERR,ERR,ERR,ERR,ERR,ERR,0.032,55574528.0,-0.0,-0.0,ERR,ERR,1.4505851569351172e+38,-0.0,0.0,0.0,2.1287666100207616e+16,0.0,29.0,60.0,ERR,0.0,ERR,ERR,ERR,0.0,0.0,0.0,0.0,0.0,0.0,0.0,0.0,0.0,0.0,0.0,ERR,ERR,ERR,ERR,ERR,ERR,ERR,ERR,ERR,ERR,ERR,ERR,ERR,ERR,ERR,ERR,ERR,ERR,ERR,ERR,ERR,ERR,ERR
2026-04-04T11:06:07,ERR,ERR,ERR,ERR,ERR,ERR,ERR,ERR,ERR,ERR,ERR,ERR,ERR,ERR,ERR,ERR,ERR,ERR,ERR,ERR,ERR,ERR,ERR,ERR,ERR,ERR,ERR,ERR,ERR,ERR,ERR,ERR,ERR,ERR,ERR,ERR,ERR,ERR,ERR,ERR,ERR,ERR,ERR,ERR,ERR,ERR,ERR,ERR,ERR,ERR,ERR,ERR,ERR,ERR,ERR,ERR,ERR,ERR,ERR,ERR,ERR,ERR,ERR,ERR,ERR,ERR,ERR,ERR,ERR,ERR,ERR,ERR,ERR,ERR,ERR,ERR,ERR,ERR,ERR,ERR,ERR,ERR,ERR,ERR,ERR,ERR,ERR,ERR,ERR,ERR,ERR,ERR,ERR,ERR,ERR,ERR,ERR,ERR,ERR,ERR,ERR,ERR,ERR,ERR,ERR,ERR,ERR,ERR,ERR,ERR,ERR,ERR,ERR,ERR,ERR,ERR,ERR,ERR,ERR,ERR,ERR,ERR,ERR,ERR,ERR,2.7184278591402704e+23,0.0,-0.0,0.0,0.0,0.0,0.0,nan,0,0,0,32768,0,0.0,0,0.0,0.0,0.0,0.0,0.0,0,0,0,0,0.0,0,0,0,0,0,0,0,0,0,0,0,0,0,0,0,0,0,0,0,0,0,0,0,0,0,0,0,0,0,0,0,0,0,0,0,0,0,0,0,0,0,0,0,0,0.0,0.0,0.0,0.0,0.0,0.0,0.0,0.0,0.0,0.0,0.0,0.0,0.0,0.0,0.0,0.0,0.0,0.0,0.0,0.0,0.0,0.0,2.004,0.0,-0.0,0.0,0.0,0.0,0.0,0.0,3400.5,-1.5879157526988056e+29,0.0,-0.0,0.0,2.7184274988523002e+23,0.0,0.0,0.0,0.0,0.0,0,71.63,89220.062,0.0,0.0,0.0,0.0,0.0,0.0,0.0,0,0,0,0.0,0.0,0.0,0.0,0.0,0.0,0.0,0.0,0.0,0.0,0.0,0.0,0.0,0.0,0.0,0.0,0,-107875648.0,0,0.0,0,-107875648.0,-0.0,0,0,17040,26215,17054,13107,17038,0,0,0,110,100,ERR,-0.0,64.0,0.0,64.5,0.0,69.0,ERR,ERR,ERR,ERR,ERR,ERR,ERR,ERR,0.0,0.0,0.0,0.0,-0.0,65.0,0.0,-0.0,0.0,ERR,ERR,ERR,ERR,ERR,ERR,ERR,ERR,ERR,ERR,ERR,ERR,ERR,ERR,ERR,ERR,ERR,ERR,ERR,0.032,55574528.0,-0.0,-0.0,ERR,ERR,1.4505851569351172e+38,-0.0,0.0,0.0,2.1287666100207616e+16,0.0,29.0,60.0,ERR,0.0,ERR,ERR,ERR,0.0,0.0,0.0,0.0,0.0,0.0,0.0,0.0,0.0,0.0,0.0,ERR,ERR,ERR,ERR,ERR,ERR,ERR,ERR,ERR,ERR,ERR,ERR,ERR,ERR,ERR,ERR,ERR,ERR,ERR,ERR,ERR,ERR,ERR
2026-04-04T11:06:08,ERR,ERR,ERR,ERR,ERR,ERR,ERR,ERR,ERR,ERR,ERR,ERR,ERR,ERR,ERR,ERR,ERR,ERR,ERR,ERR,ERR,ERR,ERR,ERR,ERR,ERR,ERR,ERR,ERR,ERR,ERR,ERR,ERR,ERR,ERR,ERR,ERR,ERR,ERR,ERR,ERR,ERR,ERR,ERR,ERR,ERR,ERR,ERR,ERR,ERR,ERR,ERR,ERR,ERR,ERR,ERR,ERR,ERR,ERR,ERR,ERR,ERR,ERR,ERR,ERR,ERR,ERR,ERR,ERR,ERR,ERR,ERR,ERR,ERR,ERR,ERR,ERR,ERR,ERR,ERR,ERR,ERR,ERR,ERR,ERR,ERR,ERR,ERR,ERR,ERR,ERR,ERR,ERR,ERR,ERR,ERR,ERR,ERR,ERR,ERR,ERR,ERR,ERR,ERR,ERR,ERR,ERR,ERR,ERR,ERR,ERR,ERR,ERR,ERR,ERR,ERR,ERR,ERR,ERR,ERR,ERR,ERR,ERR,ERR,ERR,2.7184278591402704e+23,0.0,-0.0,0.0,0.0,0.0,0.0,nan,0,0,0,32768,0,0.0,0,0.0,0.0,0.0,0.0,0.0,0,0,0,0,0.0,0,0,0,0,0,0,0,0,0,0,0,0,0,0,0,0,0,0,0,0,0,0,0,0,0,0,0,0,0,0,0,0,0,0,0,0,0,0,0,0,0,0,0,0,0.0,0.0,0.0,0.0,0.0,0.0,0.0,0.0,0.0,0.0,0.0,0.0,0.0,0.0,0.0,0.0,0.0,0.0,0.0,0.0,0.0,0.0,2.004,0.0,-0.0,0.0,0.0,0.0,0.0,0.0,3400.5,-1.5879157526988056e+29,0.0,-0.0,0.0,2.7184274988523002e+23,0.0,0.0,0.0,0.0,0.0,0,71.63,89220.062,0.0,0.0,0.0,0.0,0.0,0.0,0.0,0,0,0,0.0,0.0,0.0,0.0,0.0,0.0,0.0,0.0,0.0,0.0,0.0,0.0,0.0,0.0,0.0,0.0,0,-107875648.0,0,0.0,0,-107875648.0,-0.0,0,0,17040,26215,17054,13107,17038,0,0,0,110,100,ERR,-0.0,64.0,0.0,64.5,0.0,69.0,ERR,ERR,ERR,ERR,ERR,ERR,ERR,ERR,0.0,0.0,0.0,0.0,-0.0,65.0,0.0,-0.0,0.0,ERR,ERR,ERR,ERR,ERR,ERR,ERR,ERR,ERR,ERR,ERR,ERR,ERR,ERR,ERR,ERR,ERR,ERR,ERR,0.032,55574528.0,-0.0,-0.0,ERR,ERR,1.4505851569351172e+38,-0.0,0.0,0.0,2.1287666100207616e+16,0.0,29.0,60.0,ERR,0.0,ERR,ERR,ERR,0.0,0.0,0.0,0.0,0.0,0.0,0.0,0.0,0.0,0.0,0.0,ERR,ERR,ERR,ERR,ERR,ERR,ERR,ERR,ERR,ERR,ERR,ERR,ERR,ERR,ERR,ERR,ERR,ERR,ERR,ERR,ERR,ERR,ERR
2026-04-04T11:06:09,ERR,ERR,ERR,ERR,ERR,ERR,ERR,ERR,ERR,ERR,ERR,ERR,ERR,ERR,ERR,ERR,ERR,ERR,ERR,ERR,ERR,ERR,ERR,ERR,ERR,ERR,ERR,ERR,ERR,ERR,ERR,ERR,ERR,ERR,ERR,ERR,ERR,ERR,ERR,ERR,ERR,ERR,ERR,ERR,ERR,ERR,ERR,ERR,ERR,ERR,ERR,ERR,ERR,ERR,ERR,ERR,ERR,ERR,ERR,ERR,ERR,ERR,ERR,ERR,ERR,ERR,ERR,ERR,ERR,ERR,ERR,ERR,ERR,ERR,ERR,ERR,ERR,ERR,ERR,ERR,ERR,ERR,ERR,ERR,ERR,ERR,ERR,ERR,ERR,ERR,ERR,ERR,ERR,ERR,ERR,ERR,ERR,ERR,ERR,ERR,ERR,ERR,ERR,ERR,ERR,ERR,ERR,ERR,ERR,ERR,ERR,ERR,ERR,ERR,ERR,ERR,ERR,ERR,ERR,ERR,ERR,ERR,ERR,ERR,ERR,2.7184278591402704e+23,0.0,-0.0,0.0,0.0,0.0,0.0,nan,0,0,0,32768,0,0.0,0,0.0,0.0,0.0,0.0,0.0,0,0,0,0,0.0,0,0,0,0,0,0,0,0,0,0,0,0,0,0,0,0,0,0,0,0,0,0,0,0,0,0,0,0,0,0,0,0,0,0,0,0,0,0,0,0,0,0,0,0,0.0,0.0,0.0,0.0,0.0,0.0,0.0,0.0,0.0,0.0,0.0,0.0,0.0,0.0,0.0,0.0,0.0,0.0,0.0,0.0,0.0,0.0,2.004,0.0,-0.0,0.0,0.0,0.0,0.0,0.0,3400.5,-1.5879157526988056e+29,0.0,-0.0,0.0,2.7184274988523002e+23,0.0,0.0,0.0,0.0,0.0,0,71.63,89220.062,0.0,0.0,0.0,0.0,0.0,0.0,0.0,0,0,0,0.0,0.0,0.0,0.0,0.0,0.0,0.0,0.0,0.0,0.0,0.0,0.0,0.0,0.0,0.0,0.0,0,-107875648.0,0,0.0,0,-107875648.0,-0.0,0,0,17040,26215,17054,13107,17038,0,0,0,110,100,ERR,-0.0,64.0,0.0,64.5,0.0,69.0,ERR,ERR,ERR,ERR,ERR,ERR,ERR,ERR,0.0,0.0,0.0,0.0,-0.0,65.0,0.0,-0.0,0.0,ERR,ERR,ERR,ERR,ERR,ERR,ERR,ERR,ERR,ERR,ERR,ERR,ERR,ERR,ERR,ERR,ERR,ERR,ERR,0.032,55574528.0,-0.0,-0.0,ERR,ERR,1.4505851569351172e+38,-0.0,0.0,0.0,2.1287666100207616e+16,0.0,29.0,60.0,ERR,0.0,ERR,ERR,ERR,0.0,0.0,0.0,0.0,0.0,0.0,0.0,0.0,0.0,0.0,0.0,ERR,ERR,ERR,ERR,ERR,ERR,ERR,ERR,ERR,ERR,ERR,ERR,ERR,ERR,ERR,ERR,ERR,ERR,ERR,ERR,ERR,ERR,ERR
2026-04-04T11:06:10,ERR,ERR,ERR,ERR,ERR,ERR,ERR,ERR,ERR,ERR,ERR,ERR,ERR,ERR,ERR,ERR,ERR,ERR,ERR,ERR,ERR,ERR,ERR,ERR,ERR,ERR,ERR,ERR,ERR,ERR,ERR,ERR,ERR,ERR,ERR,ERR,ERR,ERR,ERR,ERR,ERR,ERR,ERR,ERR,ERR,ERR,ERR,ERR,ERR,ERR,ERR,ERR,ERR,ERR,ERR,ERR,ERR,ERR,ERR,ERR,ERR,ERR,ERR,ERR,ERR,ERR,ERR,ERR,ERR,ERR,ERR,ERR,ERR,ERR,ERR,ERR,ERR,ERR,ERR,ERR,ERR,ERR,ERR,ERR,ERR,ERR,ERR,ERR,ERR,ERR,ERR,ERR,ERR,ERR,ERR,ERR,ERR,ERR,ERR,ERR,ERR,ERR,ERR,ERR,ERR,ERR,ERR,ERR,ERR,ERR,ERR,ERR,ERR,ERR,ERR,ERR,ERR,ERR,ERR,ERR,ERR,ERR,ERR,ERR,ERR,2.7184278591402704e+23,0.0,-0.0,0.0,0.0,0.0,0.0,nan,0,0,0,32768,0,0.0,0,0.0,0.0,0.0,0.0,0.0,0,0,0,0,0.0,0,0,0,0,0,0,0,0,0,0,0,0,0,0,0,0,0,0,0,0,0,0,0,0,0,0,0,0,0,0,0,0,0,0,0,0,0,0,0,0,0,0,0,0,0.0,0.0,0.0,0.0,0.0,0.0,0.0,0.0,0.0,0.0,0.0,0.0,0.0,0.0,0.0,0.0,0.0,0.0,0.0,0.0,0.0,0.0,2.004,0.0,-0.0,0.0,0.0,0.0,0.0,0.0,3400.5,-1.5879157526988056e+29,0.0,-0.0,0.0,2.7184274988523002e+23,0.0,0.0,0.0,0.0,0.0,0,71.63,89220.062,0.0,0.0,0.0,0.0,0.0,0.0,0.0,0,0,0,0.0,0.0,0.0,0.0,0.0,0.0,0.0,0.0,0.0,0.0,0.0,0.0,0.0,0.0,0.0,0.0,0,-107875648.0,0,0.0,0,-107875648.0,-0.0,0,0,17040,26215,17054,13107,17038,0,0,0,110,100,ERR,-0.0,64.0,0.0,64.5,0.0,69.0,ERR,ERR,ERR,ERR,ERR,ERR,ERR,ERR,0.0,0.0,0.0,0.0,-0.0,65.0,0.0,-0.0,0.0,ERR,ERR,ERR,ERR,ERR,ERR,ERR,ERR,ERR,ERR,ERR,ERR,ERR,ERR,ERR,ERR,ERR,ERR,ERR,0.032,55574528.0,-0.0,-0.0,ERR,ERR,1.4505851569351172e+38,-0.0,0.0,0.0,2.1287666100207616e+16,0.0,29.0,60.0,ERR,0.0,ERR,ERR,ERR,0.0,0.0,0.0,0.0,0.0,0.0,0.0,0.0,0.0,0.0,0.0,ERR,ERR,ERR,ERR,ERR,ERR,ERR,ERR,ERR,ERR,ERR,ERR,ERR,ERR,ERR,ERR,ERR,ERR,ERR,ERR,ERR,ERR,ERR
2026-04-04T11:06:11,ERR,ERR,ERR,ERR,ERR,ERR,ERR,ERR,ERR,ERR,ERR,ERR,ERR,ERR,ERR,ERR,ERR,ERR,ERR,ERR,ERR,ERR,ERR,ERR,ERR,ERR,ERR,ERR,ERR,ERR,ERR,ERR,ERR,ERR,ERR,ERR,ERR,ERR,ERR,ERR,ERR,ERR,ERR,ERR,ERR,ERR,ERR,ERR,ERR,ERR,ERR,ERR,ERR,ERR,ERR,ERR,ERR,ERR,ERR,ERR,ERR,ERR,ERR,ERR,ERR,ERR,ERR,ERR,ERR,ERR,ERR,ERR,ERR,ERR,ERR,ERR,ERR,ERR,ERR,ERR,ERR,ERR,ERR,ERR,ERR,ERR,ERR,ERR,ERR,ERR,ERR,ERR,ERR,ERR,ERR,ERR,ERR,ERR,ERR,ERR,ERR,ERR,ERR,ERR,ERR,ERR,ERR,ERR,ERR,ERR,ERR,ERR,ERR,ERR,ERR,ERR,ERR,ERR,ERR,ERR,ERR,ERR,ERR,ERR,ERR,2.7184278591402704e+23,0.0,-0.0,0.0,0.0,0.0,0.0,nan,0,0,0,32768,0,0.0,0,0.0,0.0,0.0,0.0,0.0,0,0,0,0,0.0,0,0,0,0,0,0,0,0,0,0,0,0,0,0,0,0,0,0,0,0,0,0,0,0,0,0,0,0,0,0,0,0,0,0,0,0,0,0,0,0,0,0,0,0,0.0,0.0,0.0,0.0,0.0,0.0,0.0,0.0,0.0,0.0,0.0,0.0,0.0,0.0,0.0,0.0,0.0,0.0,0.0,0.0,0.0,0.0,2.004,0.0,-0.0,0.0,0.0,0.0,0.0,0.0,3400.5,-1.5879157526988056e+29,0.0,-0.0,0.0,2.7184274988523002e+23,0.0,0.0,0.0,0.0,0.0,0,71.63,89220.062,0.0,0.0,0.0,0.0,0.0,0.0,0.0,0,0,0,0.0,0.0,0.0,0.0,0.0,0.0,0.0,0.0,0.0,0.0,0.0,0.0,0.0,0.0,0.0,0.0,0,-107875648.0,0,0.0,0,-107875648.0,-0.0,0,0,17040,26215,17054,13107,17038,0,0,0,110,100,ERR,-0.0,64.0,0.0,64.5,0.0,69.0,ERR,ERR,ERR,ERR,ERR,ERR,ERR,ERR,0.0,0.0,0.0,0.0,-0.0,65.0,0.0,-0.0,0.0,ERR,ERR,ERR,ERR,ERR,ERR,ERR,ERR,ERR,ERR,ERR,ERR,ERR,ERR,ERR,ERR,ERR,ERR,ERR,0.032,55574528.0,-0.0,-0.0,ERR,ERR,1.4505851569351172e+38,-0.0,0.0,0.0,2.1287666100207616e+16,0.0,29.0,60.0,ERR,0.0,ERR,ERR,ERR,0.0,0.0,0.0,0.0,0.0,0.0,0.0,0.0,0.0,0.0,0.0,ERR,ERR,ERR,ERR,ERR,ERR,ERR,ERR,ERR,ERR,ERR,ERR,ERR,ERR,ERR,ERR,ERR,ERR,ERR,ERR,ERR,ERR,ERR
2026-04-04T11:06:12,ERR,ERR,ERR,ERR,ERR,ERR,ERR,ERR,ERR,ERR,ERR,ERR,ERR,ERR,ERR,ERR,ERR,ERR,ERR,ERR,ERR,ERR,ERR,ERR,ERR,ERR,ERR,ERR,ERR,ERR,ERR,ERR,ERR,ERR,ERR,ERR,ERR,ERR,ERR,ERR,ERR,ERR,ERR,ERR,ERR,ERR,ERR,ERR,ERR,ERR,ERR,ERR,ERR,ERR,ERR,ERR,ERR,ERR,ERR,ERR,ERR,ERR,ERR,ERR,ERR,ERR,ERR,ERR,ERR,ERR,ERR,ERR,ERR,ERR,ERR,ERR,ERR,ERR,ERR,ERR,ERR,ERR,ERR,ERR,ERR,ERR,ERR,ERR,ERR,ERR,ERR,ERR,ERR,ERR,ERR,ERR,ERR,ERR,ERR,ERR,ERR,ERR,ERR,ERR,ERR,ERR,ERR,ERR,ERR,ERR,ERR,ERR,ERR,ERR,ERR,ERR,ERR,ERR,ERR,ERR,ERR,ERR,ERR,ERR,ERR,-0.0,0.0,3.039990997430017e+23,0.0,0.0,0.0,0.0,nan,ERR,ERR,ERR,ERR,ERR,0.0,ERR,0.0,0.0,0.0,0.0,0.0,ERR,ERR,ERR,ERR,0.0,ERR,ERR,ERR,ERR,ERR,ERR,ERR,ERR,ERR,ERR,ERR,ERR,ERR,ERR,ERR,ERR,ERR,ERR,ERR,ERR,ERR,ERR,ERR,ERR,ERR,ERR,ERR,ERR,ERR,ERR,ERR,ERR,ERR,ERR,ERR,ERR,ERR,ERR,ERR,ERR,ERR,ERR,ERR,ERR,0.0,0.0,0.0,0.0,0.0,0.0,0.0,0.0,0.0,0.0,0.0,0.0,0.0,0.0,0.0,0.0,0.0,0.0,0.0,0.0,0.0,0.0,2.004,0.0,-0.0,0.0,0.0,0.0,0.0,0.0,3400.0,-8608108544.0,0.0,-0.0,0.0,2.7184274988523002e+23,0.0,0.0,0.0,0.0,0.0,ERR,0.059,0.0,0.0,0.0,0.0,0.0,0.0,0.0,0.0,ERR,ERR,ERR,0.0,0.0,0.0,0.0,0.0,0.0,ERR,ERR,ERR,ERR,ERR,ERR,ERR,ERR,ERR,ERR,ERR,ERR,ERR,ERR,ERR,ERR,ERR,0,0,17040,26215,17054,13107,17038,0,0,0,110,100,ERR,-0.0,64.0,0.0,64.5,0.0,69.0,ERR,ERR,ERR,ERR,ERR,ERR,ERR,ERR,0.0,0.0,0.0,0.0,-0.0,65.0,0.0,-0.0,0.0,ERR,ERR,ERR,ERR,ERR,ERR,ERR,ERR,ERR,ERR,ERR,ERR,ERR,ERR,ERR,ERR,ERR,ERR,ERR,0.032,55574528.0,-0.0,-0.0,ERR,ERR,1.4505851569351172e+38,-0.0,0.0,0.0,2.1287666100207616e+16,0.0,29.0,60.0,ERR,0.0,ERR,ERR,ERR,0.0,0.0,0.0,0.0,0.0,0.0,0.0,0.0,0.0,0.0,0.0,ERR,ERR,ERR,ERR,ERR,ERR,ERR,ERR,ERR,ERR,ERR,ERR,ERR,ERR,ERR,ERR,ERR,ERR,ERR,ERR,ERR,ERR,ERR
2026-04-04T11:06:13,ERR,ERR,ERR,ERR,ERR,ERR,ERR,ERR,ERR,ERR,ERR,ERR,ERR,ERR,ERR,ERR,ERR,ERR,ERR,ERR,ERR,ERR,ERR,ERR,ERR,ERR,ERR,ERR,ERR,ERR,ERR,ERR,ERR,ERR,ERR,ERR,ERR,ERR,ERR,ERR,ERR,ERR,ERR,ERR,ERR,ERR,ERR,ERR,ERR,ERR,ERR,ERR,ERR,ERR,ERR,ERR,ERR,ERR,ERR,ERR,ERR,ERR,ERR,ERR,ERR,ERR,ERR,ERR,ERR,ERR,ERR,ERR,ERR,ERR,ERR,ERR,ERR,ERR,ERR,ERR,ERR,ERR,ERR,ERR,ERR,ERR,ERR,ERR,ERR,ERR,ERR,ERR,ERR,ERR,ERR,ERR,ERR,ERR,ERR,ERR,ERR,ERR,ERR,ERR,ERR,ERR,ERR,ERR,ERR,ERR,ERR,ERR,ERR,ERR,ERR,ERR,ERR,ERR,ERR,ERR,ERR,ERR,ERR,ERR,ERR,-0.0,0.0,3.039990997430017e+23,0.0,0.0,0.0,0.0,nan,ERR,ERR,ERR,ERR,ERR,0.0,ERR,0.0,0.0,0.0,0.0,0.0,ERR,ERR,ERR,ERR,0.0,ERR,ERR,ERR,ERR,ERR,ERR,ERR,ERR,ERR,ERR,ERR,ERR,ERR,ERR,ERR,ERR,ERR,ERR,ERR,ERR,ERR,ERR,ERR,ERR,ERR,ERR,ERR,ERR,ERR,ERR,ERR,ERR,ERR,ERR,ERR,ERR,ERR,ERR,ERR,ERR,ERR,ERR,ERR,ERR,0.0,0.0,0.0,0.0,0.0,0.0,0.0,0.0,0.0,0.0,0.0,0.0,0.0,0.0,0.0,0.0,0.0,0.0,0.0,0.0,0.0,0.0,2.004,0.0,-0.0,0.0,0.0,0.0,0.0,0.0,3400.0,-8608108544.0,0.0,-0.0,0.0,2.7184274988523002e+23,0.0,0.0,0.0,0.0,0.0,ERR,0.059,0.0,0.0,0.0,0.0,0.0,0.0,0.0,0.0,ERR,ERR,ERR,0.0,0.0,0.0,0.0,0.0,0.0,ERR,ERR,ERR,ERR,ERR,ERR,ERR,ERR,ERR,ERR,ERR,ERR,ERR,ERR,ERR,ERR,ERR,0,0,17040,26215,17054,13107,17038,0,0,0,110,100,ERR,-0.0,64.0,0.0,64.5,0.0,69.0,ERR,ERR,ERR,ERR,ERR,ERR,ERR,ERR,0.0,0.0,0.0,0.0,-0.0,65.0,0.0,-0.0,0.0,ERR,ERR,ERR,ERR,ERR,ERR,ERR,ERR,ERR,ERR,ERR,ERR,ERR,ERR,ERR,ERR,ERR,ERR,ERR,0.032,55574528.0,-0.0,-0.0,ERR,ERR,1.4505851569351172e+38,-0.0,0.0,0.0,2.1287666100207616e+16,0.0,ERR,ERR,ERR,ERR,ERR,ERR,ERR,ERR,ERR,ERR,ERR,ERR,ERR,ERR,ERR,ERR,ERR,ERR,ERR,ERR,ERR,ERR,ERR,ERR,ERR,ERR,ERR,ERR,ERR,ERR,ERR,ERR,ERR,ERR,ERR,ERR,ERR,ERR,ERR,ERR,ERR
2026-04-04T11:06:14,ERR,ERR,ERR,ERR,ERR,ERR,ERR,ERR,ERR,ERR,ERR,ERR,ERR,ERR,ERR,ERR,ERR,ERR,ERR,ERR,ERR,ERR,ERR,ERR,ERR,ERR,ERR,ERR,ERR,ERR,ERR,ERR,ERR,ERR,ERR,ERR,ERR,ERR,ERR,ERR,ERR,ERR,ERR,ERR,ERR,ERR,ERR,ERR,ERR,ERR,ERR,ERR,ERR,ERR,ERR,ERR,ERR,ERR,ERR,ERR,ERR,ERR,ERR,ERR,ERR,ERR,ERR,ERR,ERR,ERR,ERR,ERR,ERR,ERR,ERR,ERR,ERR,ERR,ERR,ERR,ERR,ERR,ERR,ERR,ERR,ERR,ERR,ERR,ERR,ERR,ERR,ERR,ERR,ERR,ERR,ERR,ERR,ERR,ERR,ERR,ERR,ERR,ERR,ERR,ERR,ERR,ERR,ERR,ERR,ERR,ERR,ERR,ERR,ERR,ERR,ERR,ERR,ERR,ERR,ERR,ERR,ERR,ERR,ERR,ERR,-0.0,0.0,3.039990997430017e+23,0.0,0.0,0.0,0.0,nan,ERR,ERR,ERR,ERR,ERR,0.0,ERR,0.0,0.0,0.0,0.0,0.0,ERR,ERR,ERR,ERR,0.0,ERR,ERR,ERR,ERR,ERR,ERR,ERR,ERR,ERR,ERR,ERR,ERR,ERR,ERR,ERR,ERR,ERR,ERR,ERR,ERR,ERR,ERR,ERR,ERR,ERR,ERR,ERR,ERR,ERR,ERR,ERR,ERR,ERR,ERR,ERR,ERR,ERR,ERR,ERR,ERR,ERR,ERR,ERR,ERR,0.0,0.0,0.0,0.0,0.0,0.0,0.0,0.0,0.0,0.0,0.0,0.0,0.0,0.0,0.0,0.0,0.0,0.0,0.0,0.0,0.0,0.0,2.004,0.0,-0.0,0.0,0.0,0.0,0.0,0.0,3400.0,-8608108544.0,0.0,-0.0,0.0,2.7184274988523002e+23,0.0,0.0,0.0,0.0,0.0,ERR,0.059,0.0,0.0,0.0,0.0,0.0,0.0,0.0,0.0,ERR,ERR,ERR,0.0,0.0,0.0,0.0,0.0,0.0,ERR,ERR,ERR,ERR,ERR,ERR,ERR,ERR,ERR,ERR,ERR,ERR,ERR,ERR,ERR,ERR,ERR,0,0,17040,26215,17054,13107,17038,0,0,0,110,100,ERR,-0.0,64.0,0.0,64.5,0.0,69.0,ERR,ERR,ERR,ERR,ERR,ERR,ERR,ERR,0.0,0.0,0.0,0.0,-0.0,65.0,0.0,-0.0,0.0,ERR,ERR,ERR,ERR,ERR,ERR,ERR,ERR,ERR,ERR,ERR,ERR,ERR,ERR,ERR,ERR,ERR,ERR,ERR,0.032,55574528.0,-0.0,-0.0,ERR,ERR,1.4505851569351172e+38,-0.0,0.0,0.0,2.1287666100207616e+16,0.0,ERR,ERR,ERR,ERR,ERR,ERR,ERR,ERR,ERR,ERR,ERR,ERR,ERR,ERR,ERR,ERR,ERR,ERR,ERR,ERR,ERR,ERR,ERR,ERR,ERR,ERR,ERR,ERR,ERR,ERR,ERR,ERR,ERR,ERR,ERR,ERR,ERR,ERR,ERR,ERR,ERR
2026-04-04T11:06:15,ERR,ERR,ERR,ERR,ERR,ERR,ERR,ERR,ERR,ERR,ERR,ERR,ERR,ERR,ERR,ERR,ERR,ERR,ERR,ERR,ERR,ERR,ERR,ERR,ERR,ERR,ERR,ERR,ERR,ERR,ERR,ERR,ERR,ERR,ERR,ERR,ERR,ERR,ERR,ERR,ERR,ERR,ERR,ERR,ERR,ERR,ERR,ERR,ERR,ERR,ERR,ERR,ERR,ERR,ERR,ERR,ERR,ERR,ERR,ERR,ERR,ERR,ERR,ERR,ERR,ERR,ERR,ERR,ERR,ERR,ERR,ERR,ERR,ERR,ERR,ERR,ERR,ERR,ERR,ERR,ERR,ERR,ERR,ERR,ERR,ERR,ERR,ERR,ERR,ERR,ERR,ERR,ERR,ERR,ERR,ERR,ERR,ERR,ERR,ERR,ERR,ERR,ERR,ERR,ERR,ERR,ERR,ERR,ERR,ERR,ERR,ERR,ERR,ERR,ERR,ERR,ERR,ERR,ERR,ERR,ERR,ERR,ERR,ERR,ERR,-0.0,0.0,3.039990997430017e+23,0.0,0.0,0.0,0.0,nan,ERR,ERR,ERR,ERR,ERR,0.0,ERR,0.0,0.0,0.0,0.0,0.0,ERR,ERR,ERR,ERR,0.0,ERR,ERR,ERR,ERR,ERR,ERR,ERR,ERR,ERR,ERR,ERR,ERR,ERR,ERR,ERR,ERR,ERR,ERR,ERR,ERR,ERR,ERR,ERR,ERR,ERR,ERR,ERR,ERR,ERR,ERR,ERR,ERR,ERR,ERR,ERR,ERR,ERR,ERR,ERR,ERR,ERR,ERR,ERR,ERR,0.0,0.0,0.0,0.0,0.0,0.0,0.0,0.0,0.0,0.0,0.0,0.0,0.0,0.0,0.0,0.0,0.0,0.0,0.0,0.0,0.0,0.0,2.004,0.0,-0.0,0.0,0.0,0.0,0.0,0.0,3400.0,-8608108544.0,0.0,-0.0,0.0,2.7184274988523002e+23,0.0,0.0,0.0,0.0,0.0,ERR,0.059,0.0,0.0,0.0,0.0,0.0,0.0,0.0,0.0,ERR,ERR,ERR,0.0,0.0,0.0,0.0,0.0,0.0,ERR,ERR,ERR,ERR,ERR,ERR,ERR,ERR,ERR,ERR,ERR,ERR,ERR,ERR,ERR,ERR,ERR,0,0,17040,26215,17054,13107,17038,0,0,0,110,100,ERR,-0.0,64.0,0.0,64.5,0.0,69.0,ERR,ERR,ERR,ERR,ERR,ERR,ERR,ERR,0.0,0.0,0.0,0.0,-0.0,65.0,0.0,-0.0,0.0,ERR,ERR,ERR,ERR,ERR,ERR,ERR,ERR,ERR,ERR,ERR,ERR,ERR,ERR,ERR,ERR,ERR,ERR,ERR,0.032,55574528.0,-0.0,-0.0,ERR,ERR,1.4505851569351172e+38,-0.0,0.0,0.0,2.1287666100207616e+16,0.0,ERR,ERR,ERR,ERR,ERR,ERR,ERR,ERR,ERR,ERR,ERR,ERR,ERR,ERR,ERR,ERR,ERR,ERR,ERR,ERR,ERR,ERR,ERR,ERR,ERR,ERR,ERR,ERR,ERR,ERR,ERR,ERR,ERR,ERR,ERR,ERR,ERR,ERR,ERR,ERR,ERR
2026-04-04T11:06:16,ERR,ERR,ERR,ERR,ERR,ERR,ERR,ERR,ERR,ERR,ERR,ERR,ERR,ERR,ERR,ERR,ERR,ERR,ERR,ERR,ERR,ERR,ERR,ERR,ERR,ERR,ERR,ERR,ERR,ERR,ERR,ERR,ERR,ERR,ERR,ERR,ERR,ERR,ERR,ERR,ERR,ERR,ERR,ERR,ERR,ERR,ERR,ERR,ERR,ERR,ERR,ERR,ERR,ERR,ERR,ERR,ERR,ERR,ERR,ERR,ERR,ERR,ERR,ERR,ERR,ERR,ERR,ERR,ERR,ERR,ERR,ERR,ERR,ERR,ERR,ERR,ERR,ERR,ERR,ERR,ERR,ERR,ERR,ERR,ERR,ERR,ERR,ERR,ERR,ERR,ERR,ERR,ERR,ERR,ERR,ERR,ERR,ERR,ERR,ERR,ERR,ERR,ERR,ERR,ERR,ERR,ERR,ERR,ERR,ERR,ERR,ERR,ERR,ERR,ERR,ERR,ERR,ERR,ERR,ERR,ERR,ERR,ERR,ERR,ERR,-0.0,0.0,3.039990997430017e+23,0.0,0.0,0.0,0.0,nan,ERR,ERR,ERR,ERR,ERR,0.0,ERR,0.0,0.0,0.0,0.0,0.0,ERR,ERR,ERR,ERR,0.0,ERR,ERR,ERR,ERR,ERR,ERR,ERR,ERR,ERR,ERR,ERR,ERR,ERR,ERR,ERR,ERR,ERR,ERR,ERR,ERR,ERR,ERR,ERR,ERR,ERR,ERR,ERR,ERR,ERR,ERR,ERR,ERR,ERR,ERR,ERR,ERR,ERR,ERR,ERR,ERR,ERR,ERR,ERR,ERR,0.0,0.0,0.0,0.0,0.0,0.0,0.0,0.0,0.0,0.0,0.0,0.0,0.0,0.0,0.0,0.0,0.0,0.0,0.0,0.0,0.0,0.0,2.004,0.0,-0.0,0.0,0.0,0.0,0.0,0.0,3400.0,-8608108544.0,0.0,-0.0,0.0,2.7184274988523002e+23,0.0,0.0,0.0,0.0,0.0,ERR,0.059,0.0,0.0,0.0,0.0,0.0,0.0,0.0,0.0,ERR,ERR,ERR,0.0,0.0,0.0,0.0,0.0,0.0,ERR,ERR,ERR,ERR,ERR,ERR,ERR,ERR,ERR,ERR,ERR,ERR,ERR,ERR,ERR,ERR,ERR,0,0,17040,26215,17054,13107,17038,0,0,0,110,100,ERR,-0.0,64.0,0.0,64.5,0.0,69.0,ERR,ERR,ERR,ERR,ERR,ERR,ERR,ERR,0.0,0.0,0.0,0.0,-0.0,65.0,0.0,-0.0,0.0,ERR,ERR,ERR,ERR,ERR,ERR,ERR,ERR,ERR,ERR,ERR,ERR,ERR,ERR,ERR,ERR,ERR,ERR,ERR,0.032,55574528.0,-0.0,-0.0,ERR,ERR,1.4505851569351172e+38,-0.0,0.0,0.0,2.1287666100207616e+16,0.0,ERR,ERR,ERR,ERR,ERR,ERR,ERR,ERR,ERR,ERR,ERR,ERR,ERR,ERR,ERR,ERR,ERR,ERR,ERR,ERR,ERR,ERR,ERR,ERR,ERR,ERR,ERR,ERR,ERR,ERR,ERR,ERR,ERR,ERR,ERR,ERR,ERR,ERR,ERR,ERR,ERR
2026-04-04T11:06:17,ERR,ERR,ERR,ERR,ERR,ERR,ERR,ERR,ERR,ERR,ERR,ERR,ERR,ERR,ERR,ERR,ERR,ERR,ERR,ERR,ERR,ERR,ERR,ERR,ERR,ERR,ERR,ERR,ERR,ERR,ERR,ERR,ERR,ERR,ERR,ERR,ERR,ERR,ERR,ERR,ERR,ERR,ERR,ERR,ERR,ERR,ERR,ERR,ERR,ERR,ERR,ERR,ERR,ERR,ERR,ERR,ERR,ERR,ERR,ERR,ERR,ERR,ERR,ERR,ERR,ERR,ERR,ERR,ERR,ERR,ERR,ERR,ERR,ERR,ERR,ERR,ERR,ERR,ERR,ERR,ERR,ERR,ERR,ERR,ERR,ERR,ERR,ERR,ERR,ERR,ERR,ERR,ERR,ERR,ERR,ERR,ERR,ERR,ERR,ERR,ERR,ERR,ERR,ERR,ERR,ERR,ERR,ERR,ERR,ERR,ERR,ERR,ERR,ERR,ERR,ERR,ERR,ERR,ERR,ERR,ERR,ERR,ERR,ERR,ERR,-0.0,0.0,3.039990997430017e+23,0.0,0.0,0.0,0.0,nan,ERR,ERR,ERR,ERR,ERR,0.0,ERR,0.0,0.0,0.0,0.0,0.0,ERR,ERR,ERR,ERR,0.0,ERR,ERR,ERR,ERR,ERR,ERR,ERR,ERR,ERR,ERR,ERR,ERR,ERR,ERR,ERR,ERR,ERR,ERR,ERR,ERR,ERR,ERR,ERR,ERR,ERR,ERR,ERR,ERR,ERR,ERR,ERR,ERR,ERR,ERR,ERR,ERR,ERR,ERR,ERR,ERR,ERR,ERR,ERR,ERR,0.0,0.0,0.0,0.0,0.0,0.0,0.0,0.0,0.0,0.0,0.0,0.0,0.0,0.0,0.0,0.0,0.0,0.0,0.0,0.0,0.0,0.0,2.004,0.0,-0.0,0.0,0.0,0.0,0.0,0.0,3400.0,-8608108544.0,0.0,-0.0,0.0,2.7184274988523002e+23,0.0,0.0,0.0,0.0,0.0,ERR,0.059,0.0,0.0,0.0,0.0,0.0,0.0,0.0,0.0,ERR,ERR,ERR,0.0,0.0,0.0,0.0,0.0,0.0,ERR,ERR,ERR,ERR,ERR,ERR,ERR,ERR,ERR,ERR,ERR,ERR,ERR,ERR,ERR,ERR,ERR,0,0,17040,26215,17054,13107,17038,0,0,0,110,100,ERR,-0.0,64.0,0.0,64.5,0.0,69.0,ERR,ERR,ERR,ERR,ERR,ERR,ERR,ERR,0.0,0.0,0.0,0.0,-0.0,65.0,0.0,-0.0,0.0,ERR,ERR,ERR,ERR,ERR,ERR,ERR,ERR,ERR,ERR,ERR,ERR,ERR,ERR,ERR,ERR,ERR,ERR,ERR,0.032,55574528.0,-0.0,-0.0,ERR,ERR,1.4505851569351172e+38,-0.0,0.0,0.0,2.1287666100207616e+16,0.0,ERR,ERR,ERR,ERR,ERR,ERR,ERR,ERR,ERR,ERR,ERR,ERR,ERR,ERR,ERR,ERR,ERR,ERR,ERR,ERR,ERR,ERR,ERR,ERR,ERR,ERR,ERR,ERR,ERR,ERR,ERR,ERR,ERR,ERR,ERR,ERR,ERR,ERR,ERR,ERR,ERR
2026-04-04T11:06:18,ERR,ERR,ERR,ERR,ERR,ERR,ERR,ERR,ERR,ERR,ERR,ERR,ERR,ERR,ERR,ERR,ERR,ERR,ERR,ERR,ERR,ERR,ERR,ERR,ERR,ERR,ERR,ERR,ERR,ERR,ERR,ERR,ERR,ERR,ERR,ERR,ERR,ERR,ERR,ERR,ERR,ERR,ERR,ERR,ERR,ERR,ERR,ERR,ERR,ERR,ERR,ERR,ERR,ERR,ERR,ERR,ERR,ERR,ERR,ERR,ERR,ERR,ERR,ERR,ERR,ERR,ERR,ERR,ERR,ERR,ERR,ERR,ERR,ERR,ERR,ERR,ERR,ERR,ERR,ERR,ERR,ERR,ERR,ERR,ERR,ERR,ERR,ERR,ERR,ERR,ERR,ERR,ERR,ERR,ERR,ERR,ERR,ERR,ERR,ERR,ERR,ERR,ERR,ERR,ERR,ERR,ERR,ERR,ERR,ERR,ERR,ERR,ERR,ERR,ERR,ERR,ERR,ERR,ERR,ERR,ERR,ERR,ERR,ERR,ERR,-0.0,0.0,3.039990997430017e+23,0.0,0.0,0.0,0.0,nan,ERR,ERR,ERR,ERR,ERR,0.0,ERR,0.0,0.0,0.0,0.0,0.0,ERR,ERR,ERR,ERR,0.0,ERR,ERR,ERR,ERR,ERR,ERR,ERR,ERR,ERR,ERR,ERR,ERR,ERR,ERR,ERR,ERR,ERR,ERR,ERR,ERR,ERR,ERR,ERR,ERR,ERR,ERR,ERR,ERR,ERR,ERR,ERR,ERR,ERR,ERR,ERR,ERR,ERR,ERR,ERR,ERR,ERR,ERR,ERR,ERR,0.0,0.0,0.0,0.0,0.0,0.0,0.0,0.0,0.0,0.0,0.0,0.0,0.0,0.0,0.0,0.0,0.0,0.0,0.0,0.0,0.0,0.0,2.004,0.0,-0.0,0.0,0.0,0.0,0.0,0.0,3400.0,-8608108544.0,0.0,-0.0,0.0,2.7184274988523002e+23,0.0,0.0,0.0,0.0,0.0,ERR,0.059,0.0,0.0,0.0,0.0,0.0,0.0,0.0,0.0,ERR,ERR,ERR,0.0,0.0,0.0,0.0,0.0,0.0,ERR,ERR,ERR,ERR,ERR,ERR,ERR,ERR,ERR,ERR,ERR,ERR,ERR,ERR,ERR,ERR,ERR,0,0,17040,26215,17054,13107,17038,0,0,0,110,100,ERR,-0.0,64.0,0.0,64.5,0.0,69.0,ERR,ERR,ERR,ERR,ERR,ERR,ERR,ERR,0.0,0.0,0.0,0.0,-0.0,65.0,0.0,-0.0,0.0,ERR,ERR,ERR,ERR,ERR,ERR,ERR,ERR,ERR,ERR,ERR,ERR,ERR,ERR,ERR,ERR,ERR,ERR,ERR,0.032,55574528.0,-0.0,-0.0,ERR,ERR,1.4505851569351172e+38,-0.0,0.0,0.0,2.1287666100207616e+16,0.0,ERR,ERR,ERR,ERR,ERR,ERR,ERR,ERR,ERR,ERR,ERR,ERR,ERR,ERR,ERR,ERR,ERR,ERR,ERR,ERR,ERR,ERR,ERR,ERR,ERR,ERR,ERR,ERR,ERR,ERR,ERR,ERR,ERR,ERR,ERR,ERR,ERR,ERR,ERR,ERR,ERR
2026-04-04T11:06:19,ERR,ERR,ERR,ERR,ERR,ERR,ERR,ERR,ERR,ERR,ERR,ERR,ERR,ERR,ERR,ERR,ERR,ERR,ERR,ERR,ERR,ERR,ERR,ERR,ERR,ERR,ERR,ERR,ERR,ERR,ERR,ERR,ERR,ERR,ERR,ERR,ERR,ERR,ERR,ERR,ERR,ERR,ERR,ERR,ERR,ERR,ERR,ERR,ERR,ERR,ERR,ERR,ERR,ERR,ERR,ERR,ERR,ERR,ERR,ERR,ERR,ERR,ERR,ERR,ERR,ERR,ERR,ERR,ERR,ERR,ERR,ERR,ERR,ERR,ERR,ERR,ERR,ERR,ERR,ERR,ERR,ERR,ERR,ERR,ERR,ERR,ERR,ERR,ERR,ERR,ERR,ERR,ERR,ERR,ERR,ERR,ERR,ERR,ERR,ERR,ERR,ERR,ERR,ERR,ERR,ERR,ERR,ERR,ERR,ERR,ERR,ERR,ERR,ERR,ERR,ERR,ERR,ERR,ERR,ERR,ERR,ERR,ERR,ERR,ERR,-0.0,0.0,3.039990997430017e+23,0.0,0.0,0.0,0.0,nan,ERR,ERR,ERR,ERR,ERR,0.0,ERR,0.0,0.0,0.0,0.0,0.0,ERR,ERR,ERR,ERR,0.0,ERR,ERR,ERR,ERR,ERR,ERR,ERR,ERR,ERR,ERR,ERR,ERR,ERR,ERR,ERR,ERR,ERR,ERR,ERR,ERR,ERR,ERR,ERR,ERR,ERR,ERR,ERR,ERR,ERR,ERR,ERR,ERR,ERR,ERR,ERR,ERR,ERR,ERR,ERR,ERR,ERR,ERR,ERR,ERR,0.0,0.0,0.0,0.0,0.0,0.0,0.0,0.0,0.0,0.0,0.0,0.0,0.0,0.0,0.0,0.0,0.0,0.0,0.0,0.0,0.0,0.0,2.004,0.0,-0.0,0.0,0.0,0.0,0.0,0.0,3400.0,-8608108544.0,0.0,-0.0,0.0,2.7184274988523002e+23,0.0,0.0,0.0,0.0,0.0,ERR,0.059,0.0,0.0,0.0,0.0,0.0,0.0,0.0,0.0,ERR,ERR,ERR,0.0,0.0,0.0,0.0,0.0,0.0,ERR,ERR,ERR,ERR,ERR,ERR,ERR,ERR,ERR,ERR,ERR,ERR,ERR,ERR,ERR,ERR,ERR,0,0,17040,26215,17054,13107,17038,0,0,0,110,100,ERR,-0.0,64.0,0.0,64.5,0.0,69.0,ERR,ERR,ERR,ERR,ERR,ERR,ERR,ERR,0.0,0.0,0.0,0.0,-0.0,65.0,0.0,-0.0,0.0,ERR,ERR,ERR,ERR,ERR,ERR,ERR,ERR,ERR,ERR,ERR,ERR,ERR,ERR,ERR,ERR,ERR,ERR,ERR,0.032,55574528.0,-0.0,-0.0,ERR,ERR,1.4505851569351172e+38,-0.0,0.0,0.0,2.1287666100207616e+16,0.0,ERR,ERR,ERR,ERR,ERR,ERR,ERR,ERR,ERR,ERR,ERR,ERR,ERR,ERR,ERR,ERR,ERR,ERR,ERR,ERR,ERR,ERR,ERR,ERR,ERR,ERR,ERR,ERR,ERR,ERR,ERR,ERR,ERR,ERR,ERR,ERR,ERR,ERR,ERR,ERR,ERR
2026-04-04T11:06:20,ERR,ERR,ERR,ERR,ERR,ERR,ERR,ERR,ERR,ERR,ERR,ERR,ERR,ERR,ERR,ERR,ERR,ERR,ERR,ERR,ERR,ERR,ERR,ERR,ERR,ERR,ERR,ERR,ERR,ERR,ERR,ERR,ERR,ERR,ERR,ERR,ERR,ERR,ERR,ERR,ERR,ERR,ERR,ERR,ERR,ERR,ERR,ERR,ERR,ERR,ERR,ERR,ERR,ERR,ERR,ERR,ERR,ERR,ERR,ERR,ERR,ERR,ERR,ERR,ERR,ERR,ERR,ERR,ERR,ERR,ERR,ERR,ERR,ERR,ERR,ERR,ERR,ERR,ERR,ERR,ERR,ERR,ERR,ERR,ERR,ERR,ERR,ERR,ERR,ERR,ERR,ERR,ERR,ERR,ERR,ERR,ERR,ERR,ERR,ERR,ERR,ERR,ERR,ERR,ERR,ERR,ERR,ERR,ERR,ERR,ERR,ERR,ERR,ERR,ERR,ERR,ERR,ERR,ERR,ERR,ERR,ERR,ERR,ERR,ERR,-0.0,0.0,3.039990997430017e+23,0.0,0.0,0.0,0.0,nan,ERR,ERR,ERR,ERR,ERR,0.0,ERR,0.0,0.0,0.0,0.0,0.0,ERR,ERR,ERR,ERR,0.0,ERR,ERR,ERR,ERR,ERR,ERR,ERR,ERR,ERR,ERR,ERR,ERR,ERR,ERR,ERR,ERR,ERR,ERR,ERR,ERR,ERR,ERR,ERR,ERR,ERR,ERR,ERR,ERR,ERR,ERR,ERR,ERR,ERR,ERR,ERR,ERR,ERR,ERR,ERR,ERR,ERR,ERR,ERR,ERR,0.0,0.0,0.0,0.0,0.0,0.0,0.0,0.0,0.0,0.0,0.0,0.0,0.0,0.0,0.0,0.0,0.0,0.0,0.0,0.0,0.0,0.0,2.004,0.0,-0.0,0.0,0.0,0.0,0.0,0.0,3400.0,-8608108544.0,0.0,-0.0,0.0,2.7184274988523002e+23,0.0,0.0,0.0,0.0,0.0,ERR,0.059,0.0,0.0,0.0,0.0,0.0,0.0,0.0,0.0,ERR,ERR,ERR,0.0,0.0,0.0,0.0,0.0,0.0,ERR,ERR,ERR,ERR,ERR,ERR,ERR,ERR,ERR,ERR,ERR,ERR,ERR,ERR,ERR,ERR,ERR,0,0,17040,26215,17054,13107,17038,0,0,0,110,100,ERR,-0.0,64.0,0.0,64.5,0.0,69.0,ERR,ERR,ERR,ERR,ERR,ERR,ERR,ERR,0.0,0.0,0.0,0.0,-0.0,65.0,0.0,-0.0,0.0,ERR,ERR,ERR,ERR,ERR,ERR,ERR,ERR,ERR,ERR,ERR,ERR,ERR,ERR,ERR,ERR,ERR,ERR,ERR,0.032,55574528.0,-0.0,-0.0,ERR,ERR,1.4505851569351172e+38,-0.0,0.0,0.0,2.1287666100207616e+16,0.0,ERR,ERR,ERR,ERR,ERR,ERR,ERR,ERR,ERR,ERR,ERR,ERR,ERR,ERR,ERR,ERR,ERR,ERR,ERR,ERR,ERR,ERR,ERR,ERR,ERR,ERR,ERR,ERR,ERR,ERR,ERR,ERR,ERR,ERR,ERR,ERR,ERR,ERR,ERR,ERR,ERR
2026-04-04T11:06:21,ERR,ERR,ERR,ERR,ERR,ERR,ERR,ERR,ERR,ERR,ERR,ERR,ERR,ERR,ERR,ERR,ERR,ERR,ERR,ERR,ERR,ERR,ERR,ERR,ERR,ERR,ERR,ERR,ERR,ERR,ERR,ERR,ERR,ERR,ERR,ERR,ERR,ERR,ERR,ERR,ERR,ERR,ERR,ERR,ERR,ERR,ERR,ERR,ERR,ERR,ERR,ERR,ERR,ERR,ERR,ERR,ERR,ERR,ERR,ERR,ERR,ERR,ERR,ERR,ERR,ERR,ERR,ERR,ERR,ERR,ERR,ERR,ERR,ERR,ERR,ERR,ERR,ERR,ERR,ERR,ERR,ERR,ERR,ERR,ERR,ERR,ERR,ERR,ERR,ERR,ERR,ERR,ERR,ERR,ERR,ERR,ERR,ERR,ERR,ERR,ERR,ERR,ERR,ERR,ERR,ERR,ERR,ERR,ERR,ERR,ERR,ERR,ERR,ERR,ERR,ERR,ERR,ERR,ERR,ERR,ERR,ERR,ERR,ERR,ERR,-0.0,0.0,3.039990997430017e+23,0.0,0.0,0.0,0.0,nan,ERR,ERR,ERR,ERR,ERR,0.0,ERR,0.0,0.0,0.0,0.0,0.0,ERR,ERR,ERR,ERR,0.0,ERR,ERR,ERR,ERR,ERR,ERR,ERR,ERR,ERR,ERR,ERR,ERR,ERR,ERR,ERR,ERR,ERR,ERR,ERR,ERR,ERR,ERR,ERR,ERR,ERR,ERR,ERR,ERR,ERR,ERR,ERR,ERR,ERR,ERR,ERR,ERR,ERR,ERR,ERR,ERR,ERR,ERR,ERR,ERR,0.0,0.0,0.0,0.0,0.0,0.0,0.0,0.0,0.0,0.0,0.0,0.0,0.0,0.0,0.0,0.0,0.0,0.0,0.0,0.0,0.0,0.0,2.004,0.0,-0.0,0.0,0.0,0.0,0.0,0.0,3400.0,-8608108544.0,0.0,-0.0,0.0,2.7184274988523002e+23,0.0,0.0,0.0,0.0,0.0,ERR,0.059,0.0,0.0,0.0,0.0,0.0,0.0,0.0,0.0,ERR,ERR,ERR,0.0,0.0,0.0,0.0,0.0,0.0,ERR,ERR,ERR,ERR,ERR,ERR,ERR,ERR,ERR,ERR,ERR,ERR,ERR,ERR,ERR,ERR,ERR,0,0,17040,26215,17054,13107,17038,0,0,0,110,100,ERR,-0.0,64.0,0.0,64.5,0.0,69.0,ERR,ERR,ERR,ERR,ERR,ERR,ERR,ERR,0.0,0.0,0.0,0.0,-0.0,65.0,0.0,-0.0,0.0,ERR,ERR,ERR,ERR,ERR,ERR,ERR,ERR,ERR,ERR,ERR,ERR,ERR,ERR,ERR,ERR,ERR,ERR,ERR,0.032,55574528.0,-0.0,-0.0,ERR,ERR,1.4505851569351172e+38,-0.0,0.0,0.0,2.1287666100207616e+16,0.0,ERR,ERR,ERR,ERR,ERR,ERR,ERR,ERR,ERR,ERR,ERR,ERR,ERR,ERR,ERR,ERR,ERR,ERR,ERR,ERR,ERR,ERR,ERR,ERR,ERR,ERR,ERR,ERR,ERR,ERR,ERR,ERR,ERR,ERR,ERR,ERR,ERR,ERR,ERR,ERR,ERR
2026-04-04T11:06:22,ERR,ERR,ERR,ERR,ERR,ERR,ERR,ERR,ERR,ERR,ERR,ERR,ERR,ERR,ERR,ERR,ERR,ERR,ERR,ERR,ERR,ERR,ERR,ERR,ERR,ERR,ERR,ERR,ERR,ERR,ERR,ERR,ERR,ERR,ERR,ERR,ERR,ERR,ERR,ERR,ERR,ERR,ERR,ERR,ERR,ERR,ERR,ERR,ERR,ERR,ERR,ERR,ERR,ERR,ERR,ERR,ERR,ERR,ERR,ERR,ERR,ERR,ERR,ERR,ERR,ERR,ERR,ERR,ERR,ERR,ERR,ERR,ERR,ERR,ERR,ERR,ERR,ERR,ERR,ERR,ERR,ERR,ERR,ERR,ERR,ERR,ERR,ERR,ERR,ERR,ERR,ERR,ERR,ERR,ERR,ERR,ERR,ERR,ERR,ERR,ERR,ERR,ERR,ERR,ERR,ERR,ERR,ERR,ERR,ERR,ERR,ERR,ERR,ERR,ERR,ERR,ERR,ERR,ERR,ERR,ERR,ERR,ERR,ERR,ERR,-0.0,0.0,3.039990997430017e+23,0.0,0.0,0.0,0.0,nan,ERR,ERR,ERR,ERR,ERR,0.0,ERR,0.0,0.0,0.0,0.0,0.0,ERR,ERR,ERR,ERR,0.0,ERR,ERR,ERR,ERR,ERR,ERR,ERR,ERR,ERR,ERR,ERR,ERR,ERR,ERR,ERR,ERR,ERR,ERR,ERR,ERR,ERR,ERR,ERR,ERR,ERR,ERR,ERR,ERR,ERR,ERR,ERR,ERR,ERR,ERR,ERR,ERR,ERR,ERR,ERR,ERR,ERR,ERR,ERR,ERR,0.0,0.0,0.0,0.0,0.0,0.0,0.0,0.0,0.0,0.0,0.0,0.0,0.0,0.0,0.0,0.0,0.0,0.0,0.0,0.0,0.0,0.0,2.004,0.0,-0.0,0.0,0.0,0.0,0.0,0.0,3400.0,-8608108544.0,0.0,-0.0,0.0,2.7184274988523002e+23,0.0,0.0,0.0,0.0,0.0,ERR,0.059,0.0,0.0,0.0,0.0,0.0,0.0,0.0,0.0,ERR,ERR,ERR,0.0,0.0,0.0,0.0,0.0,0.0,ERR,ERR,ERR,ERR,ERR,ERR,ERR,ERR,ERR,ERR,ERR,ERR,ERR,ERR,ERR,ERR,ERR,0,0,17040,26215,17054,13107,17038,0,0,0,110,100,ERR,-0.0,64.0,0.0,64.5,0.0,69.0,ERR,ERR,ERR,ERR,ERR,ERR,ERR,ERR,0.0,0.0,0.0,0.0,-0.0,65.0,0.0,-0.0,0.0,ERR,ERR,ERR,ERR,ERR,ERR,ERR,ERR,ERR,ERR,ERR,ERR,ERR,ERR,ERR,ERR,ERR,ERR,ERR,0.032,55574528.0,-0.0,-0.0,ERR,ERR,1.4505851569351172e+38,-0.0,0.0,0.0,2.1287666100207616e+16,0.0,ERR,ERR,ERR,ERR,ERR,ERR,ERR,ERR,ERR,ERR,ERR,ERR,ERR,ERR,ERR,ERR,ERR,ERR,ERR,ERR,ERR,ERR,ERR,ERR,ERR,ERR,ERR,ERR,ERR,ERR,ERR,ERR,ERR,ERR,ERR,ERR,ERR,ERR,ERR,ERR,ERR
2026-04-04T11:06:23,ERR,ERR,ERR,ERR,ERR,ERR,ERR,ERR,ERR,ERR,ERR,ERR,ERR,ERR,ERR,ERR,ERR,ERR,ERR,ERR,ERR,ERR,ERR,ERR,ERR,ERR,ERR,ERR,ERR,ERR,ERR,ERR,ERR,ERR,ERR,ERR,ERR,ERR,ERR,ERR,ERR,ERR,ERR,ERR,ERR,ERR,ERR,ERR,ERR,ERR,ERR,ERR,ERR,ERR,ERR,ERR,ERR,ERR,ERR,ERR,ERR,ERR,ERR,ERR,ERR,ERR,ERR,ERR,ERR,ERR,ERR,ERR,ERR,ERR,ERR,ERR,ERR,ERR,ERR,ERR,ERR,ERR,ERR,ERR,ERR,ERR,ERR,ERR,ERR,ERR,ERR,ERR,ERR,ERR,ERR,ERR,ERR,ERR,ERR,ERR,ERR,ERR,ERR,ERR,ERR,ERR,ERR,ERR,ERR,ERR,ERR,ERR,ERR,ERR,ERR,ERR,ERR,ERR,ERR,ERR,ERR,ERR,ERR,ERR,ERR,-0.0,0.0,3.039990997430017e+23,0.0,0.0,0.0,0.0,nan,ERR,ERR,ERR,ERR,ERR,0.0,ERR,0.0,0.0,0.0,0.0,0.0,ERR,ERR,ERR,ERR,0.0,ERR,ERR,ERR,ERR,ERR,ERR,ERR,ERR,ERR,ERR,ERR,ERR,ERR,ERR,ERR,ERR,ERR,ERR,ERR,ERR,ERR,ERR,ERR,ERR,ERR,ERR,ERR,ERR,ERR,ERR,ERR,ERR,ERR,ERR,ERR,ERR,ERR,ERR,ERR,ERR,ERR,ERR,ERR,ERR,0.0,0.0,0.0,0.0,0.0,0.0,0.0,0.0,0.0,0.0,0.0,0.0,0.0,0.0,0.0,0.0,0.0,0.0,0.0,0.0,0.0,0.0,2.004,0.0,-0.0,0.0,0.0,0.0,0.0,0.0,3400.0,-8608108544.0,0.0,-0.0,0.0,2.7184274988523002e+23,0.0,0.0,0.0,0.0,0.0,ERR,0.059,0.0,0.0,0.0,0.0,0.0,0.0,0.0,0.0,ERR,ERR,ERR,0.0,0.0,0.0,0.0,0.0,0.0,ERR,ERR,ERR,ERR,ERR,ERR,ERR,ERR,ERR,ERR,ERR,ERR,ERR,ERR,ERR,ERR,ERR,0,0,17040,26215,17054,13107,17038,0,0,0,110,100,ERR,-0.0,64.0,0.0,64.5,0.0,69.0,ERR,ERR,ERR,ERR,ERR,ERR,ERR,ERR,0.0,0.0,0.0,0.0,-0.0,65.0,0.0,-0.0,0.0,ERR,ERR,ERR,ERR,ERR,ERR,ERR,ERR,ERR,ERR,ERR,ERR,ERR,ERR,ERR,ERR,ERR,ERR,ERR,0.032,55574528.0,-0.0,-0.0,ERR,ERR,1.4505851569351172e+38,-0.0,0.0,0.0,2.1287666100207616e+16,0.0,ERR,ERR,ERR,ERR,ERR,ERR,ERR,ERR,ERR,ERR,ERR,ERR,ERR,ERR,ERR,ERR,ERR,ERR,ERR,ERR,ERR,ERR,ERR,ERR,ERR,ERR,ERR,ERR,ERR,ERR,ERR,ERR,ERR,ERR,ERR,ERR,ERR,ERR,ERR,ERR,ERR
2026-04-04T11:06:24,ERR,ERR,ERR,ERR,ERR,ERR,ERR,ERR,ERR,ERR,ERR,ERR,ERR,ERR,ERR,ERR,ERR,ERR,ERR,ERR,ERR,ERR,ERR,ERR,ERR,ERR,ERR,ERR,ERR,ERR,ERR,ERR,ERR,ERR,ERR,ERR,ERR,ERR,ERR,ERR,ERR,ERR,ERR,ERR,ERR,ERR,ERR,ERR,ERR,ERR,ERR,ERR,ERR,ERR,ERR,ERR,ERR,ERR,ERR,ERR,ERR,ERR,ERR,ERR,ERR,ERR,ERR,ERR,ERR,ERR,ERR,ERR,ERR,ERR,ERR,ERR,ERR,ERR,ERR,ERR,ERR,ERR,ERR,ERR,ERR,ERR,ERR,ERR,ERR,ERR,ERR,ERR,ERR,ERR,ERR,ERR,ERR,ERR,ERR,ERR,ERR,ERR,ERR,ERR,ERR,ERR,ERR,ERR,ERR,ERR,ERR,ERR,ERR,ERR,ERR,ERR,ERR,ERR,ERR,ERR,ERR,ERR,ERR,ERR,ERR,-0.0,0.0,3.039990997430017e+23,0.0,0.0,0.0,0.0,nan,ERR,ERR,ERR,ERR,ERR,0.0,ERR,0.0,0.0,0.0,0.0,0.0,ERR,ERR,ERR,ERR,0.0,ERR,ERR,ERR,ERR,ERR,ERR,ERR,ERR,ERR,ERR,ERR,ERR,ERR,ERR,ERR,ERR,ERR,ERR,ERR,ERR,ERR,ERR,ERR,ERR,ERR,ERR,ERR,ERR,ERR,ERR,ERR,ERR,ERR,ERR,ERR,ERR,ERR,ERR,ERR,ERR,ERR,ERR,ERR,ERR,0.0,0.0,0.0,0.0,0.0,0.0,0.0,0.0,0.0,0.0,0.0,0.0,0.0,0.0,0.0,0.0,0.0,0.0,0.0,0.0,0.0,0.0,2.004,0.0,-0.0,0.0,0.0,0.0,0.0,0.0,3400.0,-8608108544.0,0.0,-0.0,0.0,2.7184274988523002e+23,0.0,0.0,0.0,0.0,0.0,ERR,0.059,0.0,0.0,0.0,0.0,0.0,0.0,0.0,0.0,ERR,ERR,ERR,0.0,0.0,0.0,0.0,0.0,0.0,ERR,ERR,ERR,ERR,ERR,ERR,ERR,ERR,ERR,ERR,ERR,ERR,ERR,ERR,ERR,ERR,ERR,0,0,17040,26215,17054,13107,17038,0,0,0,110,100,ERR,-0.0,64.0,0.0,64.5,0.0,69.0,ERR,ERR,ERR,ERR,ERR,ERR,ERR,ERR,0.0,0.0,0.0,0.0,-0.0,65.0,0.0,-0.0,0.0,ERR,ERR,ERR,ERR,ERR,ERR,ERR,ERR,ERR,ERR,ERR,ERR,ERR,ERR,ERR,ERR,ERR,ERR,ERR,0.032,55574528.0,-0.0,-0.0,ERR,ERR,1.4505851569351172e+38,-0.0,0.0,0.0,2.1287666100207616e+16,0.0,ERR,ERR,ERR,ERR,ERR,ERR,ERR,ERR,ERR,ERR,ERR,ERR,ERR,ERR,ERR,ERR,ERR,ERR,ERR,ERR,ERR,ERR,ERR,ERR,ERR,ERR,ERR,ERR,ERR,ERR,ERR,ERR,ERR,ERR,ERR,ERR,ERR,ERR,ERR,ERR,ERR
2026-04-04T11:06:25,ERR,ERR,ERR,ERR,ERR,ERR,ERR,ERR,ERR,ERR,ERR,ERR,ERR,ERR,ERR,ERR,ERR,ERR,ERR,ERR,ERR,ERR,ERR,ERR,ERR,ERR,ERR,ERR,ERR,ERR,ERR,ERR,ERR,ERR,ERR,ERR,ERR,ERR,ERR,ERR,ERR,ERR,ERR,ERR,ERR,ERR,ERR,ERR,ERR,ERR,ERR,ERR,ERR,ERR,ERR,ERR,ERR,ERR,ERR,ERR,ERR,ERR,ERR,ERR,ERR,ERR,ERR,ERR,ERR,ERR,ERR,ERR,ERR,ERR,ERR,ERR,ERR,ERR,ERR,ERR,ERR,ERR,ERR,ERR,ERR,ERR,ERR,ERR,ERR,ERR,ERR,ERR,ERR,ERR,ERR,ERR,ERR,ERR,ERR,ERR,ERR,ERR,ERR,ERR,ERR,ERR,ERR,ERR,ERR,ERR,ERR,ERR,ERR,ERR,ERR,ERR,ERR,ERR,ERR,ERR,ERR,ERR,ERR,ERR,ERR,-0.0,0.0,3.039990997430017e+23,0.0,0.0,0.0,0.0,nan,ERR,ERR,ERR,ERR,ERR,0.0,ERR,0.0,0.0,0.0,0.0,0.0,ERR,ERR,ERR,ERR,0.0,ERR,ERR,ERR,ERR,ERR,ERR,ERR,ERR,ERR,ERR,ERR,ERR,ERR,ERR,ERR,ERR,ERR,ERR,ERR,ERR,ERR,ERR,ERR,ERR,ERR,ERR,ERR,ERR,ERR,ERR,ERR,ERR,ERR,ERR,ERR,ERR,ERR,ERR,ERR,ERR,ERR,ERR,ERR,ERR,0.0,0.0,0.0,0.0,0.0,0.0,0.0,0.0,0.0,0.0,0.0,0.0,0.0,0.0,0.0,0.0,0.0,0.0,0.0,0.0,0.0,0.0,2.004,0.0,-0.0,0.0,0.0,0.0,0.0,0.0,3400.0,-8608108544.0,0.0,-0.0,0.0,2.7184274988523002e+23,0.0,0.0,0.0,0.0,0.0,ERR,0.059,0.0,0.0,0.0,0.0,0.0,0.0,0.0,0.0,ERR,ERR,ERR,0.0,0.0,0.0,0.0,0.0,0.0,ERR,ERR,ERR,ERR,ERR,ERR,ERR,ERR,ERR,ERR,ERR,ERR,ERR,ERR,ERR,ERR,ERR,0,0,17040,26215,17054,13107,17038,0,0,0,110,100,ERR,-0.0,64.0,0.0,64.5,0.0,69.0,ERR,ERR,ERR,ERR,ERR,ERR,ERR,ERR,0.0,0.0,0.0,0.0,-0.0,65.0,0.0,-0.0,0.0,ERR,ERR,ERR,ERR,ERR,ERR,ERR,ERR,ERR,ERR,ERR,ERR,ERR,ERR,ERR,ERR,ERR,ERR,ERR,0.032,55574528.0,-0.0,-0.0,ERR,ERR,1.4505851569351172e+38,-0.0,0.0,0.0,2.1287666100207616e+16,0.0,ERR,ERR,ERR,ERR,ERR,ERR,ERR,ERR,ERR,ERR,ERR,ERR,ERR,ERR,ERR,ERR,ERR,ERR,ERR,ERR,ERR,ERR,ERR,ERR,ERR,ERR,ERR,ERR,ERR,ERR,ERR,ERR,ERR,ERR,ERR,ERR,ERR,ERR,ERR,ERR,ERR
2026-04-04T11:06:26,ERR,ERR,ERR,ERR,ERR,ERR,ERR,ERR,ERR,ERR,ERR,ERR,ERR,ERR,ERR,ERR,ERR,ERR,ERR,ERR,ERR,ERR,ERR,ERR,ERR,ERR,ERR,ERR,ERR,ERR,ERR,ERR,ERR,ERR,ERR,ERR,ERR,ERR,ERR,ERR,ERR,ERR,ERR,ERR,ERR,ERR,ERR,ERR,ERR,ERR,ERR,ERR,ERR,ERR,ERR,ERR,ERR,ERR,ERR,ERR,ERR,ERR,ERR,ERR,ERR,ERR,ERR,ERR,ERR,ERR,ERR,ERR,ERR,ERR,ERR,ERR,ERR,ERR,ERR,ERR,ERR,ERR,ERR,ERR,ERR,ERR,ERR,ERR,ERR,ERR,ERR,ERR,ERR,ERR,ERR,ERR,ERR,ERR,ERR,ERR,ERR,ERR,ERR,ERR,ERR,ERR,ERR,ERR,ERR,ERR,ERR,ERR,ERR,ERR,ERR,ERR,ERR,ERR,ERR,ERR,ERR,ERR,ERR,ERR,ERR,-0.0,0.0,3.039990997430017e+23,0.0,0.0,0.0,0.0,nan,ERR,ERR,ERR,ERR,ERR,0.0,ERR,0.0,0.0,0.0,0.0,0.0,ERR,ERR,ERR,ERR,0.0,ERR,ERR,ERR,ERR,ERR,ERR,ERR,ERR,ERR,ERR,ERR,ERR,ERR,ERR,ERR,ERR,ERR,ERR,ERR,ERR,ERR,ERR,ERR,ERR,ERR,ERR,ERR,ERR,ERR,ERR,ERR,ERR,ERR,ERR,ERR,ERR,ERR,ERR,ERR,ERR,ERR,ERR,ERR,ERR,0.0,0.0,0.0,0.0,0.0,0.0,0.0,0.0,0.0,0.0,0.0,0.0,0.0,0.0,0.0,0.0,0.0,0.0,0.0,0.0,0.0,0.0,2.004,0.0,-0.0,0.0,0.0,0.0,0.0,0.0,3400.0,-8608108544.0,0.0,-0.0,0.0,2.7184274988523002e+23,0.0,0.0,0.0,0.0,0.0,ERR,0.059,0.0,0.0,0.0,0.0,0.0,0.0,0.0,0.0,ERR,ERR,ERR,0.0,0.0,0.0,0.0,0.0,0.0,ERR,ERR,ERR,ERR,ERR,ERR,ERR,ERR,ERR,ERR,ERR,ERR,ERR,ERR,ERR,ERR,ERR,0,0,17040,26215,17054,13107,17038,0,0,0,110,100,ERR,-0.0,64.0,0.0,64.5,0.0,69.0,ERR,ERR,ERR,ERR,ERR,ERR,ERR,ERR,0.0,0.0,0.0,0.0,-0.0,65.0,0.0,-0.0,0.0,ERR,ERR,ERR,ERR,ERR,ERR,ERR,ERR,ERR,ERR,ERR,ERR,ERR,ERR,ERR,ERR,ERR,ERR,ERR,0.032,55574528.0,-0.0,-0.0,ERR,ERR,1.4505851569351172e+38,-0.0,0.0,0.0,2.1287666100207616e+16,0.0,ERR,ERR,ERR,ERR,ERR,ERR,ERR,ERR,ERR,ERR,ERR,ERR,ERR,ERR,ERR,ERR,ERR,ERR,ERR,ERR,ERR,ERR,ERR,ERR,ERR,ERR,ERR,ERR,ERR,ERR,ERR,ERR,ERR,ERR,ERR,ERR,ERR,ERR,ERR,ERR,ERR
2026-04-04T11:06:27,ERR,ERR,ERR,ERR,ERR,ERR,ERR,ERR,ERR,ERR,ERR,ERR,ERR,ERR,ERR,ERR,ERR,ERR,ERR,ERR,ERR,ERR,ERR,ERR,ERR,ERR,ERR,ERR,ERR,ERR,ERR,ERR,ERR,ERR,ERR,ERR,ERR,ERR,ERR,ERR,ERR,ERR,ERR,ERR,ERR,ERR,ERR,ERR,ERR,ERR,ERR,ERR,ERR,ERR,ERR,ERR,ERR,ERR,ERR,ERR,ERR,ERR,ERR,ERR,ERR,ERR,ERR,ERR,ERR,ERR,ERR,ERR,ERR,ERR,ERR,ERR,ERR,ERR,ERR,ERR,ERR,ERR,ERR,ERR,ERR,ERR,ERR,ERR,ERR,ERR,ERR,ERR,ERR,ERR,ERR,ERR,ERR,ERR,ERR,ERR,ERR,ERR,ERR,ERR,ERR,ERR,ERR,ERR,ERR,ERR,ERR,ERR,ERR,ERR,ERR,ERR,ERR,ERR,ERR,ERR,ERR,ERR,ERR,ERR,ERR,-0.0,0.0,3.039990997430017e+23,0.0,0.0,0.0,0.0,nan,ERR,ERR,ERR,ERR,ERR,0.0,ERR,0.0,0.0,0.0,0.0,0.0,ERR,ERR,ERR,ERR,0.0,ERR,ERR,ERR,ERR,ERR,ERR,ERR,ERR,ERR,ERR,ERR,ERR,ERR,ERR,ERR,ERR,ERR,ERR,ERR,ERR,ERR,ERR,ERR,ERR,ERR,ERR,ERR,ERR,ERR,ERR,ERR,ERR,ERR,ERR,ERR,ERR,ERR,ERR,ERR,ERR,ERR,ERR,ERR,ERR,0.0,0.0,0.0,0.0,0.0,0.0,0.0,0.0,0.0,0.0,0.0,0.0,0.0,0.0,0.0,0.0,0.0,0.0,0.0,0.0,0.0,0.0,2.004,0.0,-0.0,0.0,0.0,0.0,0.0,0.0,3400.0,-8608108544.0,0.0,-0.0,0.0,2.7184274988523002e+23,0.0,0.0,0.0,0.0,0.0,ERR,0.059,0.0,0.0,0.0,0.0,0.0,0.0,0.0,0.0,ERR,ERR,ERR,0.0,0.0,0.0,0.0,0.0,0.0,ERR,ERR,ERR,ERR,ERR,ERR,ERR,ERR,ERR,ERR,ERR,ERR,ERR,ERR,ERR,ERR,ERR,0,0,17040,26215,17054,13107,17038,0,0,0,110,100,ERR,-0.0,64.0,0.0,64.5,0.0,69.0,ERR,ERR,ERR,ERR,ERR,ERR,ERR,ERR,0.0,0.0,0.0,0.0,-0.0,65.0,0.0,-0.0,0.0,ERR,ERR,ERR,ERR,ERR,ERR,ERR,ERR,ERR,ERR,ERR,ERR,ERR,ERR,ERR,ERR,ERR,ERR,ERR,0.032,55574528.0,-0.0,-0.0,ERR,ERR,1.4505851569351172e+38,-0.0,0.0,0.0,2.1287666100207616e+16,0.0,ERR,ERR,ERR,ERR,ERR,ERR,ERR,ERR,ERR,ERR,ERR,ERR,ERR,ERR,ERR,ERR,ERR,ERR,ERR,ERR,ERR,ERR,ERR,ERR,ERR,ERR,ERR,ERR,ERR,ERR,ERR,ERR,ERR,ERR,ERR,ERR,ERR,ERR,ERR,ERR,ERR
2026-04-04T11:06:28,ERR,ERR,ERR,ERR,ERR,ERR,ERR,ERR,ERR,ERR,ERR,ERR,ERR,ERR,ERR,ERR,ERR,ERR,ERR,ERR,ERR,ERR,ERR,ERR,ERR,ERR,ERR,ERR,ERR,ERR,ERR,ERR,ERR,ERR,ERR,ERR,ERR,ERR,ERR,ERR,ERR,ERR,ERR,ERR,ERR,ERR,ERR,ERR,ERR,ERR,ERR,ERR,ERR,ERR,ERR,ERR,ERR,ERR,ERR,ERR,ERR,ERR,ERR,ERR,ERR,ERR,ERR,ERR,ERR,ERR,ERR,ERR,ERR,ERR,ERR,ERR,ERR,ERR,ERR,ERR,ERR,ERR,ERR,ERR,ERR,ERR,ERR,ERR,ERR,ERR,ERR,ERR,ERR,ERR,ERR,ERR,ERR,ERR,ERR,ERR,ERR,ERR,ERR,ERR,ERR,ERR,ERR,ERR,ERR,ERR,ERR,ERR,ERR,ERR,ERR,ERR,ERR,ERR,ERR,ERR,ERR,ERR,ERR,ERR,ERR,-0.0,0.0,3.039990997430017e+23,0.0,0.0,0.0,0.0,nan,ERR,ERR,ERR,ERR,ERR,0.0,ERR,0.0,0.0,0.0,0.0,0.0,ERR,ERR,ERR,ERR,0.0,ERR,ERR,ERR,ERR,ERR,ERR,ERR,ERR,ERR,ERR,ERR,ERR,ERR,ERR,ERR,ERR,ERR,ERR,ERR,ERR,ERR,ERR,ERR,ERR,ERR,ERR,ERR,ERR,ERR,ERR,ERR,ERR,ERR,ERR,ERR,ERR,ERR,ERR,ERR,ERR,ERR,ERR,ERR,ERR,0.0,0.0,0.0,0.0,0.0,0.0,0.0,0.0,0.0,0.0,0.0,0.0,0.0,0.0,0.0,0.0,0.0,0.0,0.0,0.0,0.0,0.0,2.004,0.0,-0.0,0.0,0.0,0.0,0.0,0.0,3400.0,-8608108544.0,0.0,-0.0,0.0,2.7184274988523002e+23,0.0,0.0,0.0,0.0,0.0,ERR,0.059,0.0,0.0,0.0,0.0,0.0,0.0,0.0,0.0,ERR,ERR,ERR,0.0,0.0,0.0,0.0,0.0,0.0,ERR,ERR,ERR,ERR,ERR,ERR,ERR,ERR,ERR,ERR,ERR,ERR,ERR,ERR,ERR,ERR,ERR,0,0,17040,26215,17054,13107,17038,0,0,0,110,100,ERR,-0.0,64.0,0.0,64.5,0.0,69.0,ERR,ERR,ERR,ERR,ERR,ERR,ERR,ERR,0.0,0.0,0.0,0.0,-0.0,65.0,0.0,-0.0,0.0,ERR,ERR,ERR,ERR,ERR,ERR,ERR,ERR,ERR,ERR,ERR,ERR,ERR,ERR,ERR,ERR,ERR,ERR,ERR,0.032,55574528.0,-0.0,-0.0,ERR,ERR,1.4505851569351172e+38,-0.0,0.0,0.0,2.1287666100207616e+16,0.0,ERR,ERR,ERR,ERR,ERR,ERR,ERR,ERR,ERR,ERR,ERR,ERR,ERR,ERR,ERR,ERR,ERR,ERR,ERR,ERR,ERR,ERR,ERR,ERR,ERR,ERR,ERR,ERR,ERR,ERR,ERR,ERR,ERR,ERR,ERR,ERR,ERR,ERR,ERR,ERR,ERR
2026-04-04T11:06:29,ERR,ERR,ERR,ERR,ERR,ERR,ERR,ERR,ERR,ERR,ERR,ERR,ERR,ERR,ERR,ERR,ERR,ERR,ERR,ERR,ERR,ERR,ERR,ERR,ERR,ERR,ERR,ERR,ERR,ERR,ERR,ERR,ERR,ERR,ERR,ERR,ERR,ERR,ERR,ERR,ERR,ERR,ERR,ERR,ERR,ERR,ERR,ERR,ERR,ERR,ERR,ERR,ERR,ERR,ERR,ERR,ERR,ERR,ERR,ERR,ERR,ERR,ERR,ERR,ERR,ERR,ERR,ERR,ERR,ERR,ERR,ERR,ERR,ERR,ERR,ERR,ERR,ERR,ERR,ERR,ERR,ERR,ERR,ERR,ERR,ERR,ERR,ERR,ERR,ERR,ERR,ERR,ERR,ERR,ERR,ERR,ERR,ERR,ERR,ERR,ERR,ERR,ERR,ERR,ERR,ERR,ERR,ERR,ERR,ERR,ERR,ERR,ERR,ERR,ERR,ERR,ERR,ERR,ERR,ERR,ERR,ERR,ERR,ERR,ERR,-0.0,0.0,3.039990997430017e+23,0.0,0.0,0.0,0.0,nan,ERR,ERR,ERR,ERR,ERR,0.0,ERR,0.0,0.0,0.0,0.0,0.0,ERR,ERR,ERR,ERR,0.0,ERR,ERR,ERR,ERR,ERR,ERR,ERR,ERR,ERR,ERR,ERR,ERR,ERR,ERR,ERR,ERR,ERR,ERR,ERR,ERR,ERR,ERR,ERR,ERR,ERR,ERR,ERR,ERR,ERR,ERR,ERR,ERR,ERR,ERR,ERR,ERR,ERR,ERR,ERR,ERR,ERR,ERR,ERR,ERR,0.0,0.0,0.0,0.0,0.0,0.0,0.0,0.0,0.0,0.0,0.0,0.0,0.0,0.0,0.0,0.0,0.0,0.0,0.0,0.0,0.0,0.0,2.004,0.0,-0.0,0.0,0.0,0.0,0.0,0.0,3400.0,-8608108544.0,0.0,-0.0,0.0,2.7184274988523002e+23,0.0,0.0,0.0,0.0,0.0,ERR,0.059,0.0,0.0,0.0,0.0,0.0,0.0,0.0,0.0,ERR,ERR,ERR,0.0,0.0,0.0,0.0,0.0,0.0,ERR,ERR,ERR,ERR,ERR,ERR,ERR,ERR,ERR,ERR,ERR,ERR,ERR,ERR,ERR,ERR,ERR,0,0,17040,26215,17054,13107,17038,0,0,0,110,100,ERR,-0.0,64.0,0.0,64.5,0.0,69.0,ERR,ERR,ERR,ERR,ERR,ERR,ERR,ERR,0.0,0.0,0.0,0.0,-0.0,65.0,0.0,-0.0,0.0,ERR,ERR,ERR,ERR,ERR,ERR,ERR,ERR,ERR,ERR,ERR,ERR,ERR,ERR,ERR,ERR,ERR,ERR,ERR,0.032,55574528.0,-0.0,-0.0,ERR,ERR,1.4505851569351172e+38,-0.0,0.0,0.0,2.1287666100207616e+16,0.0,ERR,ERR,ERR,ERR,ERR,ERR,ERR,ERR,ERR,ERR,ERR,ERR,ERR,ERR,ERR,ERR,ERR,ERR,ERR,ERR,ERR,ERR,ERR,ERR,ERR,ERR,ERR,ERR,ERR,ERR,ERR,ERR,ERR,ERR,ERR,ERR,ERR,ERR,ERR,ERR,ERR
2026-04-04T11:06:30,ERR,ERR,ERR,ERR,ERR,ERR,ERR,ERR,ERR,ERR,ERR,ERR,ERR,ERR,ERR,ERR,ERR,ERR,ERR,ERR,ERR,ERR,ERR,ERR,ERR,ERR,ERR,ERR,ERR,ERR,ERR,ERR,ERR,ERR,ERR,ERR,ERR,ERR,ERR,ERR,ERR,ERR,ERR,ERR,ERR,ERR,ERR,ERR,ERR,ERR,ERR,ERR,ERR,ERR,ERR,ERR,ERR,ERR,ERR,ERR,ERR,ERR,ERR,ERR,ERR,ERR,ERR,ERR,ERR,ERR,ERR,ERR,ERR,ERR,ERR,ERR,ERR,ERR,ERR,ERR,ERR,ERR,ERR,ERR,ERR,ERR,ERR,ERR,ERR,ERR,ERR,ERR,ERR,ERR,ERR,ERR,ERR,ERR,ERR,ERR,ERR,ERR,ERR,ERR,ERR,ERR,ERR,ERR,ERR,ERR,ERR,ERR,ERR,ERR,ERR,ERR,ERR,ERR,ERR,ERR,ERR,ERR,ERR,ERR,ERR,-0.0,0.0,3.039990997430017e+23,0.0,0.0,0.0,0.0,nan,ERR,ERR,ERR,ERR,ERR,0.0,ERR,0.0,0.0,0.0,0.0,0.0,ERR,ERR,ERR,ERR,0.0,ERR,ERR,ERR,ERR,ERR,ERR,ERR,ERR,ERR,ERR,ERR,ERR,ERR,ERR,ERR,ERR,ERR,ERR,ERR,ERR,ERR,ERR,ERR,ERR,ERR,ERR,ERR,ERR,ERR,ERR,ERR,ERR,ERR,ERR,ERR,ERR,ERR,ERR,ERR,ERR,ERR,ERR,ERR,ERR,0.0,0.0,0.0,0.0,0.0,0.0,0.0,0.0,0.0,0.0,0.0,0.0,0.0,0.0,0.0,0.0,0.0,0.0,0.0,0.0,0.0,0.0,2.004,0.0,-0.0,0.0,0.0,0.0,0.0,0.0,3400.0,-8608108544.0,0.0,-0.0,0.0,2.7184274988523002e+23,0.0,0.0,0.0,0.0,0.0,ERR,0.059,0.0,0.0,0.0,0.0,0.0,0.0,0.0,0.0,ERR,ERR,ERR,0.0,0.0,0.0,0.0,0.0,0.0,ERR,ERR,ERR,ERR,ERR,ERR,ERR,ERR,ERR,ERR,ERR,ERR,ERR,ERR,ERR,ERR,ERR,0,0,17040,26215,17054,13107,17038,0,0,0,110,100,ERR,-0.0,64.0,0.0,64.5,0.0,69.0,ERR,ERR,ERR,ERR,ERR,ERR,ERR,ERR,0.0,0.0,0.0,0.0,-0.0,65.0,0.0,-0.0,0.0,ERR,ERR,ERR,ERR,ERR,ERR,ERR,ERR,ERR,ERR,ERR,ERR,ERR,ERR,ERR,ERR,ERR,ERR,ERR,0.032,55574528.0,-0.0,-0.0,ERR,ERR,1.4505851569351172e+38,-0.0,0.0,0.0,2.1287666100207616e+16,0.0,ERR,ERR,ERR,ERR,ERR,ERR,ERR,ERR,ERR,ERR,ERR,ERR,ERR,ERR,ERR,ERR,ERR,ERR,ERR,ERR,ERR,ERR,ERR,ERR,ERR,ERR,ERR,ERR,ERR,ERR,ERR,ERR,ERR,ERR,ERR,ERR,ERR,ERR,ERR,ERR,ERR
2026-04-04T11:06:31,ERR,ERR,ERR,ERR,ERR,ERR,ERR,ERR,ERR,ERR,ERR,ERR,ERR,ERR,ERR,ERR,ERR,ERR,ERR,ERR,ERR,ERR,ERR,ERR,ERR,ERR,ERR,ERR,ERR,ERR,ERR,ERR,ERR,ERR,ERR,ERR,ERR,ERR,ERR,ERR,ERR,ERR,ERR,ERR,ERR,ERR,ERR,ERR,ERR,ERR,ERR,ERR,ERR,ERR,ERR,ERR,ERR,ERR,ERR,ERR,ERR,ERR,ERR,ERR,ERR,ERR,ERR,ERR,ERR,ERR,ERR,ERR,ERR,ERR,ERR,ERR,ERR,ERR,ERR,ERR,ERR,ERR,ERR,ERR,ERR,ERR,ERR,ERR,ERR,ERR,ERR,ERR,ERR,ERR,ERR,ERR,ERR,ERR,ERR,ERR,ERR,ERR,ERR,ERR,ERR,ERR,ERR,ERR,ERR,ERR,ERR,ERR,ERR,ERR,ERR,ERR,ERR,ERR,ERR,ERR,ERR,ERR,ERR,ERR,ERR,-0.0,0.0,3.039990997430017e+23,0.0,0.0,0.0,0.0,nan,ERR,ERR,ERR,ERR,ERR,0.0,ERR,0.0,0.0,0.0,0.0,0.0,ERR,ERR,ERR,ERR,0.0,ERR,ERR,ERR,ERR,ERR,ERR,ERR,ERR,ERR,ERR,ERR,ERR,ERR,ERR,ERR,ERR,ERR,ERR,ERR,ERR,ERR,ERR,ERR,ERR,ERR,ERR,ERR,ERR,ERR,ERR,ERR,ERR,ERR,ERR,ERR,ERR,ERR,ERR,ERR,ERR,ERR,ERR,ERR,ERR,0.0,0.0,0.0,0.0,0.0,0.0,0.0,0.0,0.0,0.0,0.0,0.0,0.0,0.0,0.0,0.0,0.0,0.0,0.0,0.0,0.0,0.0,2.004,0.0,-0.0,0.0,0.0,0.0,0.0,0.0,3400.0,-8608108544.0,0.0,-0.0,0.0,2.7184274988523002e+23,0.0,0.0,0.0,0.0,0.0,ERR,0.059,0.0,0.0,0.0,0.0,0.0,0.0,0.0,0.0,ERR,ERR,ERR,0.0,0.0,0.0,0.0,0.0,0.0,ERR,ERR,ERR,ERR,ERR,ERR,ERR,ERR,ERR,ERR,ERR,ERR,ERR,ERR,ERR,ERR,ERR,0,0,17040,26215,17054,13107,17038,0,0,0,110,100,ERR,-0.0,64.0,0.0,64.5,0.0,69.0,ERR,ERR,ERR,ERR,ERR,ERR,ERR,ERR,0.0,0.0,0.0,0.0,-0.0,65.0,0.0,-0.0,0.0,ERR,ERR,ERR,ERR,ERR,ERR,ERR,ERR,ERR,ERR,ERR,ERR,ERR,ERR,ERR,ERR,ERR,ERR,ERR,0.032,55574528.0,-0.0,-0.0,ERR,ERR,1.4505851569351172e+38,-0.0,0.0,0.0,2.1287666100207616e+16,0.0,ERR,ERR,ERR,ERR,ERR,ERR,ERR,ERR,ERR,ERR,ERR,ERR,ERR,ERR,ERR,ERR,ERR,ERR,ERR,ERR,ERR,ERR,ERR,ERR,ERR,ERR,ERR,ERR,ERR,ERR,ERR,ERR,ERR,ERR,ERR,ERR,ERR,ERR,ERR,ERR,ERR
2026-04-04T11:06:32,ERR,ERR,ERR,ERR,ERR,ERR,ERR,ERR,ERR,ERR,ERR,ERR,ERR,ERR,ERR,ERR,ERR,ERR,ERR,ERR,ERR,ERR,ERR,ERR,ERR,ERR,ERR,ERR,ERR,ERR,ERR,ERR,ERR,ERR,ERR,ERR,ERR,ERR,ERR,ERR,ERR,ERR,ERR,ERR,ERR,ERR,ERR,ERR,ERR,ERR,ERR,ERR,ERR,ERR,ERR,ERR,ERR,ERR,ERR,ERR,ERR,ERR,ERR,ERR,ERR,ERR,ERR,ERR,ERR,ERR,ERR,ERR,ERR,ERR,ERR,ERR,ERR,ERR,ERR,ERR,ERR,ERR,ERR,ERR,ERR,ERR,ERR,ERR,ERR,ERR,ERR,ERR,ERR,ERR,ERR,ERR,ERR,ERR,ERR,ERR,ERR,ERR,ERR,ERR,ERR,ERR,ERR,ERR,ERR,ERR,ERR,ERR,ERR,ERR,ERR,ERR,ERR,ERR,ERR,ERR,ERR,ERR,ERR,ERR,ERR,-0.0,0.0,3.039990997430017e+23,0.0,0.0,0.0,0.0,nan,ERR,ERR,ERR,ERR,ERR,0.0,ERR,0.0,0.0,0.0,0.0,0.0,ERR,ERR,ERR,ERR,0.0,ERR,ERR,ERR,ERR,ERR,ERR,ERR,ERR,ERR,ERR,ERR,ERR,ERR,ERR,ERR,ERR,ERR,ERR,ERR,ERR,ERR,ERR,ERR,ERR,ERR,ERR,ERR,ERR,ERR,ERR,ERR,ERR,ERR,ERR,ERR,ERR,ERR,ERR,ERR,ERR,ERR,ERR,ERR,ERR,0.0,0.0,0.0,0.0,0.0,0.0,0.0,0.0,0.0,0.0,0.0,0.0,0.0,0.0,0.0,0.0,0.0,0.0,0.0,0.0,0.0,0.0,2.004,0.0,-0.0,0.0,0.0,0.0,0.0,0.0,3400.0,-8608108544.0,0.0,-0.0,0.0,2.7184274988523002e+23,0.0,0.0,0.0,0.0,0.0,ERR,0.059,0.0,0.0,0.0,0.0,0.0,0.0,0.0,0.0,ERR,ERR,ERR,0.0,0.0,0.0,0.0,0.0,0.0,ERR,ERR,ERR,ERR,ERR,ERR,ERR,ERR,ERR,ERR,ERR,ERR,ERR,ERR,ERR,ERR,ERR,0,0,17040,26215,17054,13107,17038,0,0,0,110,100,ERR,-0.0,64.0,0.0,64.5,0.0,69.0,ERR,ERR,ERR,ERR,ERR,ERR,ERR,ERR,0.0,0.0,0.0,0.0,-0.0,65.0,0.0,-0.0,0.0,ERR,ERR,ERR,ERR,ERR,ERR,ERR,ERR,ERR,ERR,ERR,ERR,ERR,ERR,ERR,ERR,ERR,ERR,ERR,0.032,55574528.0,-0.0,-0.0,ERR,ERR,1.4505851569351172e+38,-0.0,0.0,0.0,2.1287666100207616e+16,0.0,ERR,ERR,ERR,ERR,ERR,ERR,ERR,ERR,ERR,ERR,ERR,ERR,ERR,ERR,ERR,ERR,ERR,ERR,ERR,ERR,ERR,ERR,ERR,ERR,ERR,ERR,ERR,ERR,ERR,ERR,ERR,ERR,ERR,ERR,ERR,ERR,ERR,ERR,ERR,ERR,ERR
2026-04-04T11:06:33,ERR,ERR,ERR,ERR,ERR,ERR,ERR,ERR,ERR,ERR,ERR,ERR,ERR,ERR,ERR,ERR,ERR,ERR,ERR,ERR,ERR,ERR,ERR,ERR,ERR,ERR,ERR,ERR,ERR,ERR,ERR,ERR,ERR,ERR,ERR,ERR,ERR,ERR,ERR,ERR,ERR,ERR,ERR,ERR,ERR,ERR,ERR,ERR,ERR,ERR,ERR,ERR,ERR,ERR,ERR,ERR,ERR,ERR,ERR,ERR,ERR,ERR,ERR,ERR,ERR,ERR,ERR,ERR,ERR,ERR,ERR,ERR,ERR,ERR,ERR,ERR,ERR,ERR,ERR,ERR,ERR,ERR,ERR,ERR,ERR,ERR,ERR,ERR,ERR,ERR,ERR,ERR,ERR,ERR,ERR,ERR,ERR,ERR,ERR,ERR,ERR,ERR,ERR,ERR,ERR,ERR,ERR,ERR,ERR,ERR,ERR,ERR,ERR,ERR,ERR,ERR,ERR,ERR,ERR,ERR,ERR,ERR,ERR,ERR,ERR,-0.0,0.0,3.039990997430017e+23,0.0,0.0,0.0,0.0,nan,ERR,ERR,ERR,ERR,ERR,0.0,ERR,0.0,0.0,0.0,0.0,0.0,ERR,ERR,ERR,ERR,0.0,ERR,ERR,ERR,ERR,ERR,ERR,ERR,ERR,ERR,ERR,ERR,ERR,ERR,ERR,ERR,ERR,ERR,ERR,ERR,ERR,ERR,ERR,ERR,ERR,ERR,ERR,ERR,ERR,ERR,ERR,ERR,ERR,ERR,ERR,ERR,ERR,ERR,ERR,ERR,ERR,ERR,ERR,ERR,ERR,0.0,0.0,0.0,0.0,0.0,0.0,0.0,0.0,0.0,0.0,0.0,0.0,0.0,0.0,0.0,0.0,0.0,0.0,0.0,0.0,0.0,0.0,2.004,0.0,-0.0,0.0,0.0,0.0,0.0,0.0,3400.0,-8608108544.0,0.0,-0.0,0.0,2.7184274988523002e+23,0.0,0.0,0.0,0.0,0.0,ERR,0.059,0.0,0.0,0.0,0.0,0.0,0.0,0.0,0.0,ERR,ERR,ERR,0.0,0.0,0.0,0.0,0.0,0.0,ERR,ERR,ERR,ERR,ERR,ERR,ERR,ERR,ERR,ERR,ERR,ERR,ERR,ERR,ERR,ERR,ERR,ERR,ERR,ERR,ERR,ERR,ERR,ERR,ERR,ERR,ERR,ERR,ERR,ERR,ERR,ERR,ERR,ERR,ERR,ERR,ERR,ERR,ERR,ERR,ERR,ERR,ERR,ERR,ERR,ERR,ERR,ERR,ERR,ERR,ERR,ERR,ERR,ERR,ERR,ERR,ERR,ERR,ERR,ERR,ERR,ERR,ERR,ERR,ERR,ERR,ERR,ERR,ERR,ERR,ERR,ERR,ERR,ERR,ERR,ERR,ERR,ERR,ERR,ERR,ERR,ERR,ERR,ERR,ERR,ERR,ERR,ERR,ERR,ERR,ERR,ERR,ERR,ERR,ERR,ERR,ERR,ERR,ERR,ERR,ERR,ERR,ERR,ERR,ERR,ERR,ERR,ERR,ERR,ERR,ERR,ERR,ERR,ERR,ERR,ERR,ERR,ERR,ERR,ERR,ERR,ERR,ERR,ERR,ERR
2026-04-04T11:06:34,ERR,ERR,ERR,ERR,ERR,ERR,ERR,ERR,ERR,ERR,ERR,ERR,ERR,ERR,ERR,ERR,ERR,ERR,ERR,ERR,ERR,ERR,ERR,ERR,ERR,ERR,ERR,ERR,ERR,ERR,ERR,ERR,ERR,ERR,ERR,ERR,ERR,ERR,ERR,ERR,ERR,ERR,ERR,ERR,ERR,ERR,ERR,ERR,ERR,ERR,ERR,ERR,ERR,ERR,ERR,ERR,ERR,ERR,ERR,ERR,ERR,ERR,ERR,ERR,ERR,ERR,ERR,ERR,ERR,ERR,ERR,ERR,ERR,ERR,ERR,ERR,ERR,ERR,ERR,ERR,ERR,ERR,ERR,ERR,ERR,ERR,ERR,ERR,ERR,ERR,ERR,ERR,ERR,ERR,ERR,ERR,ERR,ERR,ERR,ERR,ERR,ERR,ERR,ERR,ERR,ERR,ERR,ERR,ERR,ERR,ERR,ERR,ERR,ERR,ERR,ERR,ERR,ERR,ERR,ERR,ERR,ERR,ERR,ERR,ERR,-0.0,0.0,3.039990997430017e+23,0.0,0.0,0.0,0.0,nan,ERR,ERR,ERR,ERR,ERR,0.0,ERR,0.0,0.0,0.0,0.0,0.0,ERR,ERR,ERR,ERR,0.0,ERR,ERR,ERR,ERR,ERR,ERR,ERR,ERR,ERR,ERR,ERR,ERR,ERR,ERR,ERR,ERR,ERR,ERR,ERR,ERR,ERR,ERR,ERR,ERR,ERR,ERR,ERR,ERR,ERR,ERR,ERR,ERR,ERR,ERR,ERR,ERR,ERR,ERR,ERR,ERR,ERR,ERR,ERR,ERR,0.0,0.0,0.0,0.0,0.0,0.0,0.0,0.0,0.0,0.0,0.0,0.0,0.0,0.0,0.0,0.0,0.0,0.0,0.0,0.0,0.0,0.0,2.004,0.0,-0.0,0.0,0.0,0.0,0.0,0.0,3400.0,-8608108544.0,0.0,-0.0,0.0,2.7184274988523002e+23,0.0,0.0,0.0,0.0,0.0,ERR,0.059,0.0,0.0,0.0,0.0,0.0,0.0,0.0,0.0,ERR,ERR,ERR,0.0,0.0,0.0,0.0,0.0,0.0,ERR,ERR,ERR,ERR,ERR,ERR,ERR,ERR,ERR,ERR,ERR,ERR,ERR,ERR,ERR,ERR,ERR,ERR,ERR,ERR,ERR,ERR,ERR,ERR,ERR,ERR,ERR,ERR,ERR,ERR,ERR,ERR,ERR,ERR,ERR,ERR,ERR,ERR,ERR,ERR,ERR,ERR,ERR,ERR,ERR,ERR,ERR,ERR,ERR,ERR,ERR,ERR,ERR,ERR,ERR,ERR,ERR,ERR,ERR,ERR,ERR,ERR,ERR,ERR,ERR,ERR,ERR,ERR,ERR,ERR,ERR,ERR,ERR,ERR,ERR,ERR,ERR,ERR,ERR,ERR,ERR,ERR,ERR,ERR,ERR,ERR,ERR,ERR,ERR,ERR,ERR,ERR,ERR,ERR,ERR,ERR,ERR,ERR,ERR,ERR,ERR,ERR,ERR,ERR,ERR,ERR,ERR,ERR,ERR,ERR,ERR,ERR,ERR,ERR,ERR,ERR,ERR,ERR,ERR,ERR,ERR,ERR,ERR,ERR,ERR
2026-04-04T11:06:35,ERR,ERR,ERR,ERR,ERR,ERR,ERR,ERR,ERR,ERR,ERR,ERR,ERR,ERR,ERR,ERR,ERR,ERR,ERR,ERR,ERR,ERR,ERR,ERR,ERR,ERR,ERR,ERR,ERR,ERR,ERR,ERR,ERR,ERR,ERR,ERR,ERR,ERR,ERR,ERR,ERR,ERR,ERR,ERR,ERR,ERR,ERR,ERR,ERR,ERR,ERR,ERR,ERR,ERR,ERR,ERR,ERR,ERR,ERR,ERR,ERR,ERR,ERR,ERR,ERR,ERR,ERR,ERR,ERR,ERR,ERR,ERR,ERR,ERR,ERR,ERR,ERR,ERR,ERR,ERR,ERR,ERR,ERR,ERR,ERR,ERR,ERR,ERR,ERR,ERR,ERR,ERR,ERR,ERR,ERR,ERR,ERR,ERR,ERR,ERR,ERR,ERR,ERR,ERR,ERR,ERR,ERR,ERR,ERR,ERR,ERR,ERR,ERR,ERR,ERR,ERR,ERR,ERR,ERR,ERR,ERR,ERR,ERR,ERR,ERR,-0.0,0.0,3.039990997430017e+23,0.0,0.0,0.0,0.0,nan,ERR,ERR,ERR,ERR,ERR,0.0,ERR,0.0,0.0,0.0,0.0,0.0,ERR,ERR,ERR,ERR,0.0,ERR,ERR,ERR,ERR,ERR,ERR,ERR,ERR,ERR,ERR,ERR,ERR,ERR,ERR,ERR,ERR,ERR,ERR,ERR,ERR,ERR,ERR,ERR,ERR,ERR,ERR,ERR,ERR,ERR,ERR,ERR,ERR,ERR,ERR,ERR,ERR,ERR,ERR,ERR,ERR,ERR,ERR,ERR,ERR,0.0,0.0,0.0,0.0,0.0,0.0,0.0,0.0,0.0,0.0,0.0,0.0,0.0,0.0,0.0,0.0,0.0,0.0,0.0,0.0,0.0,0.0,2.004,0.0,-0.0,0.0,0.0,0.0,0.0,0.0,3400.0,-8608108544.0,0.0,-0.0,0.0,2.7184274988523002e+23,0.0,0.0,0.0,0.0,0.0,ERR,0.059,0.0,0.0,0.0,0.0,0.0,0.0,0.0,0.0,ERR,ERR,ERR,0.0,0.0,0.0,0.0,0.0,0.0,ERR,ERR,ERR,ERR,ERR,ERR,ERR,ERR,ERR,ERR,ERR,ERR,ERR,ERR,ERR,ERR,ERR,ERR,ERR,ERR,ERR,ERR,ERR,ERR,ERR,ERR,ERR,ERR,ERR,ERR,ERR,ERR,ERR,ERR,ERR,ERR,ERR,ERR,ERR,ERR,ERR,ERR,ERR,ERR,ERR,ERR,ERR,ERR,ERR,ERR,ERR,ERR,ERR,ERR,ERR,ERR,ERR,ERR,ERR,ERR,ERR,ERR,ERR,ERR,ERR,ERR,ERR,ERR,ERR,ERR,ERR,ERR,ERR,ERR,ERR,ERR,ERR,ERR,ERR,ERR,ERR,ERR,ERR,ERR,ERR,ERR,ERR,ERR,ERR,ERR,ERR,ERR,ERR,ERR,ERR,ERR,ERR,ERR,ERR,ERR,ERR,ERR,ERR,ERR,ERR,ERR,ERR,ERR,ERR,ERR,ERR,ERR,ERR,ERR,ERR,ERR,ERR,ERR,ERR,ERR,ERR,ERR,ERR,ERR,ERR
2026-04-04T11:06:36,ERR,ERR,ERR,ERR,ERR,ERR,ERR,ERR,ERR,ERR,ERR,ERR,ERR,ERR,ERR,ERR,ERR,ERR,ERR,ERR,ERR,ERR,ERR,ERR,ERR,ERR,ERR,ERR,ERR,ERR,ERR,ERR,ERR,ERR,ERR,ERR,ERR,ERR,ERR,ERR,ERR,ERR,ERR,ERR,ERR,ERR,ERR,ERR,ERR,ERR,ERR,ERR,ERR,ERR,ERR,ERR,ERR,ERR,ERR,ERR,ERR,ERR,ERR,ERR,ERR,ERR,ERR,ERR,ERR,ERR,ERR,ERR,ERR,ERR,ERR,ERR,ERR,ERR,ERR,ERR,ERR,ERR,ERR,ERR,ERR,ERR,ERR,ERR,ERR,ERR,ERR,ERR,ERR,ERR,ERR,ERR,ERR,ERR,ERR,ERR,ERR,ERR,ERR,ERR,ERR,ERR,ERR,ERR,ERR,ERR,ERR,ERR,ERR,ERR,ERR,ERR,ERR,ERR,ERR,ERR,ERR,ERR,ERR,ERR,ERR,-0.0,0.0,3.039990997430017e+23,0.0,0.0,0.0,0.0,nan,ERR,ERR,ERR,ERR,ERR,0.0,ERR,0.0,0.0,0.0,0.0,0.0,ERR,ERR,ERR,ERR,0.0,ERR,ERR,ERR,ERR,ERR,ERR,ERR,ERR,ERR,ERR,ERR,ERR,ERR,ERR,ERR,ERR,ERR,ERR,ERR,ERR,ERR,ERR,ERR,ERR,ERR,ERR,ERR,ERR,ERR,ERR,ERR,ERR,ERR,ERR,ERR,ERR,ERR,ERR,ERR,ERR,ERR,ERR,ERR,ERR,0.0,0.0,0.0,0.0,0.0,0.0,0.0,0.0,0.0,0.0,0.0,0.0,0.0,0.0,0.0,0.0,0.0,0.0,0.0,0.0,0.0,0.0,2.004,0.0,-0.0,0.0,0.0,0.0,0.0,0.0,3400.0,-8608108544.0,0.0,-0.0,0.0,2.7184274988523002e+23,0.0,0.0,0.0,0.0,0.0,ERR,0.059,0.0,0.0,0.0,0.0,0.0,0.0,0.0,0.0,ERR,ERR,ERR,0.0,0.0,0.0,0.0,0.0,0.0,ERR,ERR,ERR,ERR,ERR,ERR,ERR,ERR,ERR,ERR,ERR,ERR,ERR,ERR,ERR,ERR,ERR,ERR,ERR,ERR,ERR,ERR,ERR,ERR,ERR,ERR,ERR,ERR,ERR,ERR,ERR,ERR,ERR,ERR,ERR,ERR,ERR,ERR,ERR,ERR,ERR,ERR,ERR,ERR,ERR,ERR,ERR,ERR,ERR,ERR,ERR,ERR,ERR,ERR,ERR,ERR,ERR,ERR,ERR,ERR,ERR,ERR,ERR,ERR,ERR,ERR,ERR,ERR,ERR,ERR,ERR,ERR,ERR,ERR,ERR,ERR,ERR,ERR,ERR,ERR,ERR,ERR,ERR,ERR,ERR,ERR,ERR,ERR,ERR,ERR,ERR,ERR,ERR,ERR,ERR,ERR,ERR,ERR,ERR,ERR,ERR,ERR,ERR,ERR,ERR,ERR,ERR,ERR,ERR,ERR,ERR,ERR,ERR,ERR,ERR,ERR,ERR,ERR,ERR,ERR,ERR,ERR,ERR,ERR,ERR
2026-04-04T11:06:37,ERR,ERR,ERR,ERR,ERR,ERR,ERR,ERR,ERR,ERR,ERR,ERR,ERR,ERR,ERR,ERR,ERR,ERR,ERR,ERR,ERR,ERR,ERR,ERR,ERR,ERR,ERR,ERR,ERR,ERR,ERR,ERR,ERR,ERR,ERR,ERR,ERR,ERR,ERR,ERR,ERR,ERR,ERR,ERR,ERR,ERR,ERR,ERR,ERR,ERR,ERR,ERR,ERR,ERR,ERR,ERR,ERR,ERR,ERR,ERR,ERR,ERR,ERR,ERR,ERR,ERR,ERR,ERR,ERR,ERR,ERR,ERR,ERR,ERR,ERR,ERR,ERR,ERR,ERR,ERR,ERR,ERR,ERR,ERR,ERR,ERR,ERR,ERR,ERR,ERR,ERR,ERR,ERR,ERR,ERR,ERR,ERR,ERR,ERR,ERR,ERR,ERR,ERR,ERR,ERR,ERR,ERR,ERR,ERR,ERR,ERR,ERR,ERR,ERR,ERR,ERR,ERR,ERR,ERR,ERR,ERR,ERR,ERR,ERR,ERR,-0.0,0.0,3.039990997430017e+23,0.0,0.0,0.0,0.0,nan,ERR,ERR,ERR,ERR,ERR,0.0,ERR,0.0,0.0,0.0,0.0,0.0,ERR,ERR,ERR,ERR,0.0,ERR,ERR,ERR,ERR,ERR,ERR,ERR,ERR,ERR,ERR,ERR,ERR,ERR,ERR,ERR,ERR,ERR,ERR,ERR,ERR,ERR,ERR,ERR,ERR,ERR,ERR,ERR,ERR,ERR,ERR,ERR,ERR,ERR,ERR,ERR,ERR,ERR,ERR,ERR,ERR,ERR,ERR,ERR,ERR,0.0,0.0,0.0,0.0,0.0,0.0,0.0,0.0,0.0,0.0,0.0,0.0,0.0,0.0,0.0,0.0,0.0,0.0,0.0,0.0,0.0,0.0,2.004,0.0,-0.0,0.0,0.0,0.0,0.0,0.0,3400.0,-8608108544.0,0.0,-0.0,0.0,2.7184274988523002e+23,0.0,0.0,0.0,0.0,0.0,ERR,0.059,0.0,0.0,0.0,0.0,0.0,0.0,0.0,0.0,ERR,ERR,ERR,0.0,0.0,0.0,0.0,0.0,0.0,ERR,ERR,ERR,ERR,ERR,ERR,ERR,ERR,ERR,ERR,ERR,ERR,ERR,ERR,ERR,ERR,ERR,ERR,ERR,ERR,ERR,ERR,ERR,ERR,ERR,ERR,ERR,ERR,ERR,ERR,ERR,ERR,ERR,ERR,ERR,ERR,ERR,ERR,ERR,ERR,ERR,ERR,ERR,ERR,ERR,ERR,ERR,ERR,ERR,ERR,ERR,ERR,ERR,ERR,ERR,ERR,ERR,ERR,ERR,ERR,ERR,ERR,ERR,ERR,ERR,ERR,ERR,ERR,ERR,ERR,ERR,ERR,ERR,ERR,ERR,ERR,ERR,ERR,ERR,ERR,ERR,ERR,ERR,ERR,ERR,ERR,ERR,ERR,ERR,ERR,ERR,ERR,ERR,ERR,ERR,ERR,ERR,ERR,ERR,ERR,ERR,ERR,ERR,ERR,ERR,ERR,ERR,ERR,ERR,ERR,ERR,ERR,ERR,ERR,ERR,ERR,ERR,ERR,ERR,ERR,ERR,ERR,ERR,ERR,ERR
2026-04-04T11:06:38,ERR,ERR,ERR,ERR,ERR,ERR,ERR,ERR,ERR,ERR,ERR,ERR,ERR,ERR,ERR,ERR,ERR,ERR,ERR,ERR,ERR,ERR,ERR,ERR,ERR,ERR,ERR,ERR,ERR,ERR,ERR,ERR,ERR,ERR,ERR,ERR,ERR,ERR,ERR,ERR,ERR,ERR,ERR,ERR,ERR,ERR,ERR,ERR,ERR,ERR,ERR,ERR,ERR,ERR,ERR,ERR,ERR,ERR,ERR,ERR,ERR,ERR,ERR,ERR,ERR,ERR,ERR,ERR,ERR,ERR,ERR,ERR,ERR,ERR,ERR,ERR,ERR,ERR,ERR,ERR,ERR,ERR,ERR,ERR,ERR,ERR,ERR,ERR,ERR,ERR,ERR,ERR,ERR,ERR,ERR,ERR,ERR,ERR,ERR,ERR,ERR,ERR,ERR,ERR,ERR,ERR,ERR,ERR,ERR,ERR,ERR,ERR,ERR,ERR,ERR,ERR,ERR,ERR,ERR,ERR,ERR,ERR,ERR,ERR,ERR,-0.0,0.0,3.039990997430017e+23,0.0,0.0,0.0,0.0,nan,ERR,ERR,ERR,ERR,ERR,0.0,ERR,0.0,0.0,0.0,0.0,0.0,ERR,ERR,ERR,ERR,0.0,ERR,ERR,ERR,ERR,ERR,ERR,ERR,ERR,ERR,ERR,ERR,ERR,ERR,ERR,ERR,ERR,ERR,ERR,ERR,ERR,ERR,ERR,ERR,ERR,ERR,ERR,ERR,ERR,ERR,ERR,ERR,ERR,ERR,ERR,ERR,ERR,ERR,ERR,ERR,ERR,ERR,ERR,ERR,ERR,0.0,0.0,0.0,0.0,0.0,0.0,0.0,0.0,0.0,0.0,0.0,0.0,0.0,0.0,0.0,0.0,0.0,0.0,0.0,0.0,0.0,0.0,2.004,0.0,-0.0,0.0,0.0,0.0,0.0,0.0,3400.0,-8608108544.0,0.0,-0.0,0.0,2.7184274988523002e+23,0.0,0.0,0.0,0.0,0.0,ERR,0.059,0.0,0.0,0.0,0.0,0.0,0.0,0.0,0.0,ERR,ERR,ERR,0.0,0.0,0.0,0.0,0.0,0.0,ERR,ERR,ERR,ERR,ERR,ERR,ERR,ERR,ERR,ERR,ERR,ERR,ERR,ERR,ERR,ERR,ERR,ERR,ERR,ERR,ERR,ERR,ERR,ERR,ERR,ERR,ERR,ERR,ERR,ERR,ERR,ERR,ERR,ERR,ERR,ERR,ERR,ERR,ERR,ERR,ERR,ERR,ERR,ERR,ERR,ERR,ERR,ERR,ERR,ERR,ERR,ERR,ERR,ERR,ERR,ERR,ERR,ERR,ERR,ERR,ERR,ERR,ERR,ERR,ERR,ERR,ERR,ERR,ERR,ERR,ERR,ERR,ERR,ERR,ERR,ERR,ERR,ERR,ERR,ERR,ERR,ERR,ERR,ERR,ERR,ERR,ERR,ERR,ERR,ERR,ERR,ERR,ERR,ERR,ERR,ERR,ERR,ERR,ERR,ERR,ERR,ERR,ERR,ERR,ERR,ERR,ERR,ERR,ERR,ERR,ERR,ERR,ERR,ERR,ERR,ERR,ERR,ERR,ERR,ERR,ERR,ERR,ERR,ERR,ERR
2026-04-04T11:06:39,ERR,ERR,ERR,ERR,ERR,ERR,ERR,ERR,ERR,ERR,ERR,ERR,ERR,ERR,ERR,ERR,ERR,ERR,ERR,ERR,ERR,ERR,ERR,ERR,ERR,ERR,ERR,ERR,ERR,ERR,ERR,ERR,ERR,ERR,ERR,ERR,ERR,ERR,ERR,ERR,ERR,ERR,ERR,ERR,ERR,ERR,ERR,ERR,ERR,ERR,ERR,ERR,ERR,ERR,ERR,ERR,ERR,ERR,ERR,ERR,ERR,ERR,ERR,ERR,ERR,ERR,ERR,ERR,ERR,ERR,ERR,ERR,ERR,ERR,ERR,ERR,ERR,ERR,ERR,ERR,ERR,ERR,ERR,ERR,ERR,ERR,ERR,ERR,ERR,ERR,ERR,ERR,ERR,ERR,ERR,ERR,ERR,ERR,ERR,ERR,ERR,ERR,ERR,ERR,ERR,ERR,ERR,ERR,ERR,ERR,ERR,ERR,ERR,ERR,ERR,ERR,ERR,ERR,ERR,ERR,ERR,ERR,ERR,ERR,ERR,-0.0,0.0,3.039990997430017e+23,0.0,0.0,0.0,0.0,nan,ERR,ERR,ERR,ERR,ERR,0.0,ERR,0.0,0.0,0.0,0.0,0.0,ERR,ERR,ERR,ERR,0.0,ERR,ERR,ERR,ERR,ERR,ERR,ERR,ERR,ERR,ERR,ERR,ERR,ERR,ERR,ERR,ERR,ERR,ERR,ERR,ERR,ERR,ERR,ERR,ERR,ERR,ERR,ERR,ERR,ERR,ERR,ERR,ERR,ERR,ERR,ERR,ERR,ERR,ERR,ERR,ERR,ERR,ERR,ERR,ERR,0.0,0.0,0.0,0.0,0.0,0.0,0.0,0.0,0.0,0.0,0.0,0.0,0.0,0.0,0.0,0.0,0.0,0.0,0.0,0.0,0.0,0.0,2.004,0.0,-0.0,0.0,0.0,0.0,0.0,0.0,3400.0,-8608108544.0,0.0,-0.0,0.0,2.7184274988523002e+23,0.0,0.0,0.0,0.0,0.0,ERR,0.059,0.0,0.0,0.0,0.0,0.0,0.0,0.0,0.0,ERR,ERR,ERR,0.0,0.0,0.0,0.0,0.0,0.0,ERR,ERR,ERR,ERR,ERR,ERR,ERR,ERR,ERR,ERR,ERR,ERR,ERR,ERR,ERR,ERR,ERR,ERR,ERR,ERR,ERR,ERR,ERR,ERR,ERR,ERR,ERR,ERR,ERR,ERR,ERR,ERR,ERR,ERR,ERR,ERR,ERR,ERR,ERR,ERR,ERR,ERR,ERR,ERR,ERR,ERR,ERR,ERR,ERR,ERR,ERR,ERR,ERR,ERR,ERR,ERR,ERR,ERR,ERR,ERR,ERR,ERR,ERR,ERR,ERR,ERR,ERR,ERR,ERR,ERR,ERR,ERR,ERR,ERR,ERR,ERR,ERR,ERR,ERR,ERR,ERR,ERR,ERR,ERR,ERR,ERR,ERR,ERR,ERR,ERR,ERR,ERR,ERR,ERR,ERR,ERR,ERR,ERR,ERR,ERR,ERR,ERR,ERR,ERR,ERR,ERR,ERR,ERR,ERR,ERR,ERR,ERR,ERR,ERR,ERR,ERR,ERR,ERR,ERR,ERR,ERR,ERR,ERR,ERR,ERR
2026-04-04T11:06:40,ERR,ERR,ERR,ERR,ERR,ERR,ERR,ERR,ERR,ERR,ERR,ERR,ERR,ERR,ERR,ERR,ERR,ERR,ERR,ERR,ERR,ERR,ERR,ERR,ERR,ERR,ERR,ERR,ERR,ERR,ERR,ERR,ERR,ERR,ERR,ERR,ERR,ERR,ERR,ERR,ERR,ERR,ERR,ERR,ERR,ERR,ERR,ERR,ERR,ERR,ERR,ERR,ERR,ERR,ERR,ERR,ERR,ERR,ERR,ERR,ERR,ERR,ERR,ERR,ERR,ERR,ERR,ERR,ERR,ERR,ERR,ERR,ERR,ERR,ERR,ERR,ERR,ERR,ERR,ERR,ERR,ERR,ERR,ERR,ERR,ERR,ERR,ERR,ERR,ERR,ERR,ERR,ERR,ERR,ERR,ERR,ERR,ERR,ERR,ERR,ERR,ERR,ERR,ERR,ERR,ERR,ERR,ERR,ERR,ERR,ERR,ERR,ERR,ERR,ERR,ERR,ERR,ERR,ERR,ERR,ERR,ERR,ERR,ERR,ERR,-0.0,0.0,3.039990997430017e+23,0.0,0.0,0.0,0.0,nan,ERR,ERR,ERR,ERR,ERR,0.0,ERR,0.0,0.0,0.0,0.0,0.0,ERR,ERR,ERR,ERR,0.0,ERR,ERR,ERR,ERR,ERR,ERR,ERR,ERR,ERR,ERR,ERR,ERR,ERR,ERR,ERR,ERR,ERR,ERR,ERR,ERR,ERR,ERR,ERR,ERR,ERR,ERR,ERR,ERR,ERR,ERR,ERR,ERR,ERR,ERR,ERR,ERR,ERR,ERR,ERR,ERR,ERR,ERR,ERR,ERR,0.0,0.0,0.0,0.0,0.0,0.0,0.0,0.0,0.0,0.0,0.0,0.0,0.0,0.0,0.0,0.0,0.0,0.0,0.0,0.0,0.0,0.0,2.004,0.0,-0.0,0.0,0.0,0.0,0.0,0.0,3400.0,-8608108544.0,0.0,-0.0,0.0,2.7184274988523002e+23,0.0,0.0,0.0,0.0,0.0,ERR,0.059,0.0,0.0,0.0,0.0,0.0,0.0,0.0,0.0,ERR,ERR,ERR,0.0,0.0,0.0,0.0,0.0,0.0,ERR,ERR,ERR,ERR,ERR,ERR,ERR,ERR,ERR,ERR,ERR,ERR,ERR,ERR,ERR,ERR,ERR,ERR,ERR,ERR,ERR,ERR,ERR,ERR,ERR,ERR,ERR,ERR,ERR,ERR,ERR,ERR,ERR,ERR,ERR,ERR,ERR,ERR,ERR,ERR,ERR,ERR,ERR,ERR,ERR,ERR,ERR,ERR,ERR,ERR,ERR,ERR,ERR,ERR,ERR,ERR,ERR,ERR,ERR,ERR,ERR,ERR,ERR,ERR,ERR,ERR,ERR,ERR,ERR,ERR,ERR,ERR,ERR,ERR,ERR,ERR,ERR,ERR,ERR,ERR,ERR,ERR,ERR,ERR,ERR,ERR,ERR,ERR,ERR,ERR,ERR,ERR,ERR,ERR,ERR,ERR,ERR,ERR,ERR,ERR,ERR,ERR,ERR,ERR,ERR,ERR,ERR,ERR,ERR,ERR,ERR,ERR,ERR,ERR,ERR,ERR,ERR,ERR,ERR,ERR,ERR,ERR,ERR,ERR,ERR
2026-04-04T11:06:41,ERR,ERR,ERR,ERR,ERR,ERR,ERR,ERR,ERR,ERR,ERR,ERR,ERR,ERR,ERR,ERR,ERR,ERR,ERR,ERR,ERR,ERR,ERR,ERR,ERR,ERR,ERR,ERR,ERR,ERR,ERR,ERR,ERR,ERR,ERR,ERR,ERR,ERR,ERR,ERR,ERR,ERR,ERR,ERR,ERR,ERR,ERR,ERR,ERR,ERR,ERR,ERR,ERR,ERR,ERR,ERR,ERR,ERR,ERR,ERR,ERR,ERR,ERR,ERR,ERR,ERR,ERR,ERR,ERR,ERR,ERR,ERR,ERR,ERR,ERR,ERR,ERR,ERR,ERR,ERR,ERR,ERR,ERR,ERR,ERR,ERR,ERR,ERR,ERR,ERR,ERR,ERR,ERR,ERR,ERR,ERR,ERR,ERR,ERR,ERR,ERR,ERR,ERR,ERR,ERR,ERR,ERR,ERR,ERR,ERR,ERR,ERR,ERR,ERR,ERR,ERR,ERR,ERR,ERR,ERR,ERR,ERR,ERR,ERR,ERR,-0.0,0.0,3.039990997430017e+23,0.0,0.0,0.0,0.0,nan,ERR,ERR,ERR,ERR,ERR,0.0,ERR,0.0,0.0,0.0,0.0,0.0,ERR,ERR,ERR,ERR,0.0,ERR,ERR,ERR,ERR,ERR,ERR,ERR,ERR,ERR,ERR,ERR,ERR,ERR,ERR,ERR,ERR,ERR,ERR,ERR,ERR,ERR,ERR,ERR,ERR,ERR,ERR,ERR,ERR,ERR,ERR,ERR,ERR,ERR,ERR,ERR,ERR,ERR,ERR,ERR,ERR,ERR,ERR,ERR,ERR,0.0,0.0,0.0,0.0,0.0,0.0,0.0,0.0,0.0,0.0,0.0,0.0,0.0,0.0,0.0,0.0,0.0,0.0,0.0,0.0,0.0,0.0,2.004,0.0,-0.0,0.0,0.0,0.0,0.0,0.0,3400.0,-8608108544.0,0.0,-0.0,0.0,2.7184274988523002e+23,0.0,0.0,0.0,0.0,0.0,ERR,0.059,0.0,0.0,0.0,0.0,0.0,0.0,0.0,0.0,ERR,ERR,ERR,0.0,0.0,0.0,0.0,0.0,0.0,ERR,ERR,ERR,ERR,ERR,ERR,ERR,ERR,ERR,ERR,ERR,ERR,ERR,ERR,ERR,ERR,ERR,ERR,ERR,ERR,ERR,ERR,ERR,ERR,ERR,ERR,ERR,ERR,ERR,ERR,ERR,ERR,ERR,ERR,ERR,ERR,ERR,ERR,ERR,ERR,ERR,ERR,ERR,ERR,ERR,ERR,ERR,ERR,ERR,ERR,ERR,ERR,ERR,ERR,ERR,ERR,ERR,ERR,ERR,ERR,ERR,ERR,ERR,ERR,ERR,ERR,ERR,ERR,ERR,ERR,ERR,ERR,ERR,ERR,ERR,ERR,ERR,ERR,ERR,ERR,ERR,ERR,ERR,ERR,ERR,ERR,ERR,ERR,ERR,ERR,ERR,ERR,ERR,ERR,ERR,ERR,ERR,ERR,ERR,ERR,ERR,ERR,ERR,ERR,ERR,ERR,ERR,ERR,ERR,ERR,ERR,ERR,ERR,ERR,ERR,ERR,ERR,ERR,ERR,ERR,ERR,ERR,ERR,ERR,ERR
2026-04-04T11:06:42,ERR,ERR,ERR,ERR,ERR,ERR,ERR,ERR,ERR,ERR,ERR,ERR,ERR,ERR,ERR,ERR,ERR,ERR,ERR,ERR,ERR,ERR,ERR,ERR,ERR,ERR,ERR,ERR,ERR,ERR,ERR,ERR,ERR,ERR,ERR,ERR,ERR,ERR,ERR,ERR,ERR,ERR,ERR,ERR,ERR,ERR,ERR,ERR,ERR,ERR,ERR,ERR,ERR,ERR,ERR,ERR,ERR,ERR,ERR,ERR,ERR,ERR,ERR,ERR,ERR,ERR,ERR,ERR,ERR,ERR,ERR,ERR,ERR,ERR,ERR,ERR,ERR,ERR,ERR,ERR,ERR,ERR,ERR,ERR,ERR,ERR,ERR,ERR,ERR,ERR,ERR,ERR,ERR,ERR,ERR,ERR,ERR,ERR,ERR,ERR,ERR,ERR,ERR,ERR,ERR,ERR,ERR,ERR,ERR,ERR,ERR,ERR,ERR,ERR,ERR,ERR,ERR,ERR,ERR,ERR,ERR,ERR,ERR,ERR,ERR,-0.0,0.0,3.039990997430017e+23,0.0,0.0,0.0,0.0,nan,ERR,ERR,ERR,ERR,ERR,0.0,ERR,0.0,0.0,0.0,0.0,0.0,ERR,ERR,ERR,ERR,0.0,ERR,ERR,ERR,ERR,ERR,ERR,ERR,ERR,ERR,ERR,ERR,ERR,ERR,ERR,ERR,ERR,ERR,ERR,ERR,ERR,ERR,ERR,ERR,ERR,ERR,ERR,ERR,ERR,ERR,ERR,ERR,ERR,ERR,ERR,ERR,ERR,ERR,ERR,ERR,ERR,ERR,ERR,ERR,ERR,0.0,0.0,0.0,0.0,0.0,0.0,0.0,0.0,0.0,0.0,0.0,0.0,0.0,0.0,0.0,0.0,0.0,0.0,0.0,0.0,0.0,0.0,2.004,0.0,-0.0,0.0,0.0,0.0,0.0,0.0,3400.0,-8608108544.0,0.0,-0.0,0.0,2.7184274988523002e+23,0.0,0.0,0.0,0.0,0.0,ERR,0.059,0.0,0.0,0.0,0.0,0.0,0.0,0.0,0.0,ERR,ERR,ERR,0.0,0.0,0.0,0.0,0.0,0.0,ERR,ERR,ERR,ERR,ERR,ERR,ERR,ERR,ERR,ERR,ERR,ERR,ERR,ERR,ERR,ERR,ERR,ERR,ERR,ERR,ERR,ERR,ERR,ERR,ERR,ERR,ERR,ERR,ERR,ERR,ERR,ERR,ERR,ERR,ERR,ERR,ERR,ERR,ERR,ERR,ERR,ERR,ERR,ERR,ERR,ERR,ERR,ERR,ERR,ERR,ERR,ERR,ERR,ERR,ERR,ERR,ERR,ERR,ERR,ERR,ERR,ERR,ERR,ERR,ERR,ERR,ERR,ERR,ERR,ERR,ERR,ERR,ERR,ERR,ERR,ERR,ERR,ERR,ERR,ERR,ERR,ERR,ERR,ERR,ERR,ERR,ERR,ERR,ERR,ERR,ERR,ERR,ERR,ERR,ERR,ERR,ERR,ERR,ERR,ERR,ERR,ERR,ERR,ERR,ERR,ERR,ERR,ERR,ERR,ERR,ERR,ERR,ERR,ERR,ERR,ERR,ERR,ERR,ERR,ERR,ERR,ERR,ERR,ERR,ERR
2026-04-04T11:06:43,ERR,ERR,ERR,ERR,ERR,ERR,ERR,ERR,ERR,ERR,ERR,ERR,ERR,ERR,ERR,ERR,ERR,ERR,ERR,ERR,ERR,ERR,ERR,ERR,ERR,ERR,ERR,ERR,ERR,ERR,ERR,ERR,ERR,ERR,ERR,ERR,ERR,ERR,ERR,ERR,ERR,ERR,ERR,ERR,ERR,ERR,ERR,ERR,ERR,ERR,ERR,ERR,ERR,ERR,ERR,ERR,ERR,ERR,ERR,ERR,ERR,ERR,ERR,ERR,ERR,ERR,ERR,ERR,ERR,ERR,ERR,ERR,ERR,ERR,ERR,ERR,ERR,ERR,ERR,ERR,ERR,ERR,ERR,ERR,ERR,ERR,ERR,ERR,ERR,ERR,ERR,ERR,ERR,ERR,ERR,ERR,ERR,ERR,ERR,ERR,ERR,ERR,ERR,ERR,ERR,ERR,ERR,ERR,ERR,ERR,ERR,ERR,ERR,ERR,ERR,ERR,ERR,ERR,ERR,ERR,ERR,ERR,ERR,ERR,ERR,-0.0,0.0,3.039990997430017e+23,0.0,0.0,0.0,0.0,nan,ERR,ERR,ERR,ERR,ERR,0.0,ERR,0.0,0.0,0.0,0.0,0.0,ERR,ERR,ERR,ERR,0.0,ERR,ERR,ERR,ERR,ERR,ERR,ERR,ERR,ERR,ERR,ERR,ERR,ERR,ERR,ERR,ERR,ERR,ERR,ERR,ERR,ERR,ERR,ERR,ERR,ERR,ERR,ERR,ERR,ERR,ERR,ERR,ERR,ERR,ERR,ERR,ERR,ERR,ERR,ERR,ERR,ERR,ERR,ERR,ERR,0.0,0.0,0.0,0.0,0.0,0.0,0.0,0.0,0.0,0.0,0.0,0.0,0.0,0.0,0.0,0.0,0.0,0.0,0.0,0.0,0.0,0.0,2.004,0.0,-0.0,0.0,0.0,0.0,0.0,0.0,3400.0,-8608108544.0,0.0,-0.0,0.0,2.7184274988523002e+23,0.0,0.0,0.0,0.0,0.0,ERR,0.059,0.0,0.0,0.0,0.0,0.0,0.0,0.0,0.0,ERR,ERR,ERR,0.0,0.0,0.0,0.0,0.0,0.0,ERR,ERR,ERR,ERR,ERR,ERR,ERR,ERR,ERR,ERR,ERR,ERR,ERR,ERR,ERR,ERR,ERR,ERR,ERR,ERR,ERR,ERR,ERR,ERR,ERR,ERR,ERR,ERR,ERR,ERR,ERR,ERR,ERR,ERR,ERR,ERR,ERR,ERR,ERR,ERR,ERR,ERR,ERR,ERR,ERR,ERR,ERR,ERR,ERR,ERR,ERR,ERR,ERR,ERR,ERR,ERR,ERR,ERR,ERR,ERR,ERR,ERR,ERR,ERR,ERR,ERR,ERR,ERR,ERR,ERR,ERR,ERR,ERR,ERR,ERR,ERR,ERR,ERR,ERR,ERR,ERR,ERR,ERR,ERR,ERR,ERR,ERR,ERR,ERR,ERR,ERR,ERR,ERR,ERR,ERR,ERR,ERR,ERR,ERR,ERR,ERR,ERR,ERR,ERR,ERR,ERR,ERR,ERR,ERR,ERR,ERR,ERR,ERR,ERR,ERR,ERR,ERR,ERR,ERR,ERR,ERR,ERR,ERR,ERR,ERR
2026-04-04T11:06:44,ERR,ERR,ERR,ERR,ERR,ERR,ERR,ERR,ERR,ERR,ERR,ERR,ERR,ERR,ERR,ERR,ERR,ERR,ERR,ERR,ERR,ERR,ERR,ERR,ERR,ERR,ERR,ERR,ERR,ERR,ERR,ERR,ERR,ERR,ERR,ERR,ERR,ERR,ERR,ERR,ERR,ERR,ERR,ERR,ERR,ERR,ERR,ERR,ERR,ERR,ERR,ERR,ERR,ERR,ERR,ERR,ERR,ERR,ERR,ERR,ERR,ERR,ERR,ERR,ERR,ERR,ERR,ERR,ERR,ERR,ERR,ERR,ERR,ERR,ERR,ERR,ERR,ERR,ERR,ERR,ERR,ERR,ERR,ERR,ERR,ERR,ERR,ERR,ERR,ERR,ERR,ERR,ERR,ERR,ERR,ERR,ERR,ERR,ERR,ERR,ERR,ERR,ERR,ERR,ERR,ERR,ERR,ERR,ERR,ERR,ERR,ERR,ERR,ERR,ERR,ERR,ERR,ERR,ERR,ERR,ERR,ERR,ERR,ERR,ERR,-0.0,0.0,3.039990997430017e+23,0.0,0.0,0.0,0.0,nan,ERR,ERR,ERR,ERR,ERR,0.0,ERR,0.0,0.0,0.0,0.0,0.0,ERR,ERR,ERR,ERR,0.0,ERR,ERR,ERR,ERR,ERR,ERR,ERR,ERR,ERR,ERR,ERR,ERR,ERR,ERR,ERR,ERR,ERR,ERR,ERR,ERR,ERR,ERR,ERR,ERR,ERR,ERR,ERR,ERR,ERR,ERR,ERR,ERR,ERR,ERR,ERR,ERR,ERR,ERR,ERR,ERR,ERR,ERR,ERR,ERR,0.0,0.0,0.0,0.0,0.0,0.0,0.0,0.0,0.0,0.0,0.0,0.0,0.0,0.0,0.0,0.0,0.0,0.0,0.0,0.0,0.0,0.0,2.004,0.0,-0.0,0.0,0.0,0.0,0.0,0.0,3400.0,-8608108544.0,0.0,-0.0,0.0,2.7184274988523002e+23,0.0,0.0,0.0,0.0,0.0,ERR,0.059,0.0,0.0,0.0,0.0,0.0,0.0,0.0,0.0,ERR,ERR,ERR,0.0,0.0,0.0,0.0,0.0,0.0,ERR,ERR,ERR,ERR,ERR,ERR,ERR,ERR,ERR,ERR,ERR,ERR,ERR,ERR,ERR,ERR,ERR,ERR,ERR,ERR,ERR,ERR,ERR,ERR,ERR,ERR,ERR,ERR,ERR,ERR,ERR,ERR,ERR,ERR,ERR,ERR,ERR,ERR,ERR,ERR,ERR,ERR,ERR,ERR,ERR,ERR,ERR,ERR,ERR,ERR,ERR,ERR,ERR,ERR,ERR,ERR,ERR,ERR,ERR,ERR,ERR,ERR,ERR,ERR,ERR,ERR,ERR,ERR,ERR,ERR,ERR,ERR,ERR,ERR,ERR,ERR,ERR,ERR,ERR,ERR,ERR,ERR,ERR,ERR,ERR,ERR,ERR,ERR,ERR,ERR,ERR,ERR,ERR,ERR,ERR,ERR,ERR,ERR,ERR,ERR,ERR,ERR,ERR,ERR,ERR,ERR,ERR,ERR,ERR,ERR,ERR,ERR,ERR,ERR,ERR,ERR,ERR,ERR,ERR,ERR,ERR,ERR,ERR,ERR,ERR
2026-04-04T11:06:45,ERR,ERR,ERR,ERR,ERR,ERR,ERR,ERR,ERR,ERR,ERR,ERR,ERR,ERR,ERR,ERR,ERR,ERR,ERR,ERR,ERR,ERR,ERR,ERR,ERR,ERR,ERR,ERR,ERR,ERR,ERR,ERR,ERR,ERR,ERR,ERR,ERR,ERR,ERR,ERR,ERR,ERR,ERR,ERR,ERR,ERR,ERR,ERR,ERR,ERR,ERR,ERR,ERR,ERR,ERR,ERR,ERR,ERR,ERR,ERR,ERR,ERR,ERR,ERR,ERR,ERR,ERR,ERR,ERR,ERR,ERR,ERR,ERR,ERR,ERR,ERR,ERR,ERR,ERR,ERR,ERR,ERR,ERR,ERR,ERR,ERR,ERR,ERR,ERR,ERR,ERR,ERR,ERR,ERR,ERR,ERR,ERR,ERR,ERR,ERR,ERR,ERR,ERR,ERR,ERR,ERR,ERR,ERR,ERR,ERR,ERR,ERR,ERR,ERR,ERR,ERR,ERR,ERR,ERR,ERR,ERR,ERR,ERR,ERR,ERR,-0.0,0.0,3.039990997430017e+23,0.0,0.0,0.0,0.0,nan,ERR,ERR,ERR,ERR,ERR,0.0,ERR,0.0,0.0,0.0,0.0,0.0,ERR,ERR,ERR,ERR,0.0,ERR,ERR,ERR,ERR,ERR,ERR,ERR,ERR,ERR,ERR,ERR,ERR,ERR,ERR,ERR,ERR,ERR,ERR,ERR,ERR,ERR,ERR,ERR,ERR,ERR,ERR,ERR,ERR,ERR,ERR,ERR,ERR,ERR,ERR,ERR,ERR,ERR,ERR,ERR,ERR,ERR,ERR,ERR,ERR,0.0,0.0,0.0,0.0,0.0,0.0,0.0,0.0,0.0,0.0,0.0,0.0,0.0,0.0,0.0,0.0,0.0,0.0,0.0,0.0,0.0,0.0,2.004,0.0,-0.0,0.0,0.0,0.0,0.0,0.0,3400.0,-8608108544.0,0.0,-0.0,0.0,2.7184274988523002e+23,0.0,0.0,0.0,0.0,0.0,ERR,0.059,0.0,0.0,0.0,0.0,0.0,0.0,0.0,0.0,ERR,ERR,ERR,0.0,0.0,0.0,0.0,0.0,0.0,ERR,ERR,ERR,ERR,ERR,ERR,ERR,ERR,ERR,ERR,ERR,ERR,ERR,ERR,ERR,ERR,ERR,ERR,ERR,ERR,ERR,ERR,ERR,ERR,ERR,ERR,ERR,ERR,ERR,ERR,ERR,ERR,ERR,ERR,ERR,ERR,ERR,ERR,ERR,ERR,ERR,ERR,ERR,ERR,ERR,ERR,ERR,ERR,ERR,ERR,ERR,ERR,ERR,ERR,ERR,ERR,ERR,ERR,ERR,ERR,ERR,ERR,ERR,ERR,ERR,ERR,ERR,ERR,ERR,ERR,ERR,ERR,ERR,ERR,ERR,ERR,ERR,ERR,ERR,ERR,ERR,ERR,ERR,ERR,ERR,ERR,ERR,ERR,ERR,ERR,ERR,ERR,ERR,ERR,ERR,ERR,ERR,ERR,ERR,ERR,ERR,ERR,ERR,ERR,ERR,ERR,ERR,ERR,ERR,ERR,ERR,ERR,ERR,ERR,ERR,ERR,ERR,ERR,ERR,ERR,ERR,ERR,ERR,ERR,ERR
2026-04-04T11:06:46,ERR,ERR,ERR,ERR,ERR,ERR,ERR,ERR,ERR,ERR,ERR,ERR,ERR,ERR,ERR,ERR,ERR,ERR,ERR,ERR,ERR,ERR,ERR,ERR,ERR,ERR,ERR,ERR,ERR,ERR,ERR,ERR,ERR,ERR,ERR,ERR,ERR,ERR,ERR,ERR,ERR,ERR,ERR,ERR,ERR,ERR,ERR,ERR,ERR,ERR,ERR,ERR,ERR,ERR,ERR,ERR,ERR,ERR,ERR,ERR,ERR,ERR,ERR,ERR,ERR,ERR,ERR,ERR,ERR,ERR,ERR,ERR,ERR,ERR,ERR,ERR,ERR,ERR,ERR,ERR,ERR,ERR,ERR,ERR,ERR,ERR,ERR,ERR,ERR,ERR,ERR,ERR,ERR,ERR,ERR,ERR,ERR,ERR,ERR,ERR,ERR,ERR,ERR,ERR,ERR,ERR,ERR,ERR,ERR,ERR,ERR,ERR,ERR,ERR,ERR,ERR,ERR,ERR,ERR,ERR,ERR,ERR,ERR,ERR,ERR,-0.0,0.0,3.039990997430017e+23,0.0,0.0,0.0,0.0,nan,ERR,ERR,ERR,ERR,ERR,0.0,ERR,0.0,0.0,0.0,0.0,0.0,ERR,ERR,ERR,ERR,0.0,ERR,ERR,ERR,ERR,ERR,ERR,ERR,ERR,ERR,ERR,ERR,ERR,ERR,ERR,ERR,ERR,ERR,ERR,ERR,ERR,ERR,ERR,ERR,ERR,ERR,ERR,ERR,ERR,ERR,ERR,ERR,ERR,ERR,ERR,ERR,ERR,ERR,ERR,ERR,ERR,ERR,ERR,ERR,ERR,0.0,0.0,0.0,0.0,0.0,0.0,0.0,0.0,0.0,0.0,0.0,0.0,0.0,0.0,0.0,0.0,0.0,0.0,0.0,0.0,0.0,0.0,2.004,0.0,-0.0,0.0,0.0,0.0,0.0,0.0,3400.0,-8608108544.0,0.0,-0.0,0.0,2.7184274988523002e+23,0.0,0.0,0.0,0.0,0.0,ERR,0.059,0.0,0.0,0.0,0.0,0.0,0.0,0.0,0.0,ERR,ERR,ERR,0.0,0.0,0.0,0.0,0.0,0.0,ERR,ERR,ERR,ERR,ERR,ERR,ERR,ERR,ERR,ERR,ERR,ERR,ERR,ERR,ERR,ERR,ERR,ERR,ERR,ERR,ERR,ERR,ERR,ERR,ERR,ERR,ERR,ERR,ERR,ERR,ERR,ERR,ERR,ERR,ERR,ERR,ERR,ERR,ERR,ERR,ERR,ERR,ERR,ERR,ERR,ERR,ERR,ERR,ERR,ERR,ERR,ERR,ERR,ERR,ERR,ERR,ERR,ERR,ERR,ERR,ERR,ERR,ERR,ERR,ERR,ERR,ERR,ERR,ERR,ERR,ERR,ERR,ERR,ERR,ERR,ERR,ERR,ERR,ERR,ERR,ERR,ERR,ERR,ERR,ERR,ERR,ERR,ERR,ERR,ERR,ERR,ERR,ERR,ERR,ERR,ERR,ERR,ERR,ERR,ERR,ERR,ERR,ERR,ERR,ERR,ERR,ERR,ERR,ERR,ERR,ERR,ERR,ERR,ERR,ERR,ERR,ERR,ERR,ERR,ERR,ERR,ERR,ERR,ERR,ERR
2026-04-04T11:06:47,ERR,ERR,ERR,ERR,ERR,ERR,ERR,ERR,ERR,ERR,ERR,ERR,ERR,ERR,ERR,ERR,ERR,ERR,ERR,ERR,ERR,ERR,ERR,ERR,ERR,ERR,ERR,ERR,ERR,ERR,ERR,ERR,ERR,ERR,ERR,ERR,ERR,ERR,ERR,ERR,ERR,ERR,ERR,ERR,ERR,ERR,ERR,ERR,ERR,ERR,ERR,ERR,ERR,ERR,ERR,ERR,ERR,ERR,ERR,ERR,ERR,ERR,ERR,ERR,ERR,ERR,ERR,ERR,ERR,ERR,ERR,ERR,ERR,ERR,ERR,ERR,ERR,ERR,ERR,ERR,ERR,ERR,ERR,ERR,ERR,ERR,ERR,ERR,ERR,ERR,ERR,ERR,ERR,ERR,ERR,ERR,ERR,ERR,ERR,ERR,ERR,ERR,ERR,ERR,ERR,ERR,ERR,ERR,ERR,ERR,ERR,ERR,ERR,ERR,ERR,ERR,ERR,ERR,ERR,ERR,ERR,ERR,ERR,ERR,ERR,-0.0,0.0,3.039990997430017e+23,0.0,0.0,0.0,0.0,nan,ERR,ERR,ERR,ERR,ERR,0.0,ERR,0.0,0.0,0.0,0.0,0.0,ERR,ERR,ERR,ERR,0.0,ERR,ERR,ERR,ERR,ERR,ERR,ERR,ERR,ERR,ERR,ERR,ERR,ERR,ERR,ERR,ERR,ERR,ERR,ERR,ERR,ERR,ERR,ERR,ERR,ERR,ERR,ERR,ERR,ERR,ERR,ERR,ERR,ERR,ERR,ERR,ERR,ERR,ERR,ERR,ERR,ERR,ERR,ERR,ERR,0.0,0.0,0.0,0.0,0.0,0.0,0.0,0.0,0.0,0.0,0.0,0.0,0.0,0.0,0.0,0.0,0.0,0.0,0.0,0.0,0.0,0.0,2.004,0.0,-0.0,0.0,0.0,0.0,0.0,0.0,3400.0,-8608108544.0,0.0,-0.0,0.0,2.7184274988523002e+23,0.0,0.0,0.0,0.0,0.0,ERR,0.059,0.0,0.0,0.0,0.0,0.0,0.0,0.0,0.0,ERR,ERR,ERR,0.0,0.0,0.0,0.0,0.0,0.0,ERR,ERR,ERR,ERR,ERR,ERR,ERR,ERR,ERR,ERR,ERR,ERR,ERR,ERR,ERR,ERR,ERR,ERR,ERR,ERR,ERR,ERR,ERR,ERR,ERR,ERR,ERR,ERR,ERR,ERR,ERR,ERR,ERR,ERR,ERR,ERR,ERR,ERR,ERR,ERR,ERR,ERR,ERR,ERR,ERR,ERR,ERR,ERR,ERR,ERR,ERR,ERR,ERR,ERR,ERR,ERR,ERR,ERR,ERR,ERR,ERR,ERR,ERR,ERR,ERR,ERR,ERR,ERR,ERR,ERR,ERR,ERR,ERR,ERR,ERR,ERR,ERR,ERR,ERR,ERR,ERR,ERR,ERR,ERR,ERR,ERR,ERR,ERR,ERR,ERR,ERR,ERR,ERR,ERR,ERR,ERR,ERR,ERR,ERR,ERR,ERR,ERR,ERR,ERR,ERR,ERR,ERR,ERR,ERR,ERR,ERR,ERR,ERR,ERR,ERR,ERR,ERR,ERR,ERR,ERR,ERR,ERR,ERR,ERR,ERR
2026-04-04T11:06:48,ERR,ERR,ERR,ERR,ERR,ERR,ERR,ERR,ERR,ERR,ERR,ERR,ERR,ERR,ERR,ERR,ERR,ERR,ERR,ERR,ERR,ERR,ERR,ERR,ERR,ERR,ERR,ERR,ERR,ERR,ERR,ERR,ERR,ERR,ERR,ERR,ERR,ERR,ERR,ERR,ERR,ERR,ERR,ERR,ERR,ERR,ERR,ERR,ERR,ERR,ERR,ERR,ERR,ERR,ERR,ERR,ERR,ERR,ERR,ERR,ERR,ERR,ERR,ERR,ERR,ERR,ERR,ERR,ERR,ERR,ERR,ERR,ERR,ERR,ERR,ERR,ERR,ERR,ERR,ERR,ERR,ERR,ERR,ERR,ERR,ERR,ERR,ERR,ERR,ERR,ERR,ERR,ERR,ERR,ERR,ERR,ERR,ERR,ERR,ERR,ERR,ERR,ERR,ERR,ERR,ERR,ERR,ERR,ERR,ERR,ERR,ERR,ERR,ERR,ERR,ERR,ERR,ERR,ERR,ERR,ERR,ERR,ERR,ERR,ERR,-0.0,0.0,3.039990997430017e+23,0.0,0.0,0.0,0.0,nan,ERR,ERR,ERR,ERR,ERR,0.0,ERR,0.0,0.0,0.0,0.0,0.0,ERR,ERR,ERR,ERR,0.0,ERR,ERR,ERR,ERR,ERR,ERR,ERR,ERR,ERR,ERR,ERR,ERR,ERR,ERR,ERR,ERR,ERR,ERR,ERR,ERR,ERR,ERR,ERR,ERR,ERR,ERR,ERR,ERR,ERR,ERR,ERR,ERR,ERR,ERR,ERR,ERR,ERR,ERR,ERR,ERR,ERR,ERR,ERR,ERR,0.0,0.0,0.0,0.0,0.0,0.0,0.0,0.0,0.0,0.0,0.0,0.0,0.0,0.0,0.0,0.0,0.0,0.0,0.0,0.0,0.0,0.0,2.004,0.0,-0.0,0.0,0.0,0.0,0.0,0.0,3400.0,-8608108544.0,0.0,-0.0,0.0,2.7184274988523002e+23,0.0,0.0,0.0,0.0,0.0,ERR,0.059,0.0,0.0,0.0,0.0,0.0,0.0,0.0,0.0,ERR,ERR,ERR,0.0,0.0,0.0,0.0,0.0,0.0,ERR,ERR,ERR,ERR,ERR,ERR,ERR,ERR,ERR,ERR,ERR,ERR,ERR,ERR,ERR,ERR,ERR,ERR,ERR,ERR,ERR,ERR,ERR,ERR,ERR,ERR,ERR,ERR,ERR,ERR,ERR,ERR,ERR,ERR,ERR,ERR,ERR,ERR,ERR,ERR,ERR,ERR,ERR,ERR,ERR,ERR,ERR,ERR,ERR,ERR,ERR,ERR,ERR,ERR,ERR,ERR,ERR,ERR,ERR,ERR,ERR,ERR,ERR,ERR,ERR,ERR,ERR,ERR,ERR,ERR,ERR,ERR,ERR,ERR,ERR,ERR,ERR,ERR,ERR,ERR,ERR,ERR,ERR,ERR,ERR,ERR,ERR,ERR,ERR,ERR,ERR,ERR,ERR,ERR,ERR,ERR,ERR,ERR,ERR,ERR,ERR,ERR,ERR,ERR,ERR,ERR,ERR,ERR,ERR,ERR,ERR,ERR,ERR,ERR,ERR,ERR,ERR,ERR,ERR,ERR,ERR,ERR,ERR,ERR,ERR
2026-04-04T11:06:49,ERR,ERR,ERR,ERR,ERR,ERR,ERR,ERR,ERR,ERR,ERR,ERR,ERR,ERR,ERR,ERR,ERR,ERR,ERR,ERR,ERR,ERR,ERR,ERR,ERR,ERR,ERR,ERR,ERR,ERR,ERR,ERR,ERR,ERR,ERR,ERR,ERR,ERR,ERR,ERR,ERR,ERR,ERR,ERR,ERR,ERR,ERR,ERR,ERR,ERR,ERR,ERR,ERR,ERR,ERR,ERR,ERR,ERR,ERR,ERR,ERR,ERR,ERR,ERR,ERR,ERR,ERR,ERR,ERR,ERR,ERR,ERR,ERR,ERR,ERR,ERR,ERR,ERR,ERR,ERR,ERR,ERR,ERR,ERR,ERR,ERR,ERR,ERR,ERR,ERR,ERR,ERR,ERR,ERR,ERR,ERR,ERR,ERR,ERR,ERR,ERR,ERR,ERR,ERR,ERR,ERR,ERR,ERR,ERR,ERR,ERR,ERR,ERR,ERR,ERR,ERR,ERR,ERR,ERR,ERR,ERR,ERR,ERR,ERR,ERR,-0.0,0.0,3.039990997430017e+23,0.0,0.0,0.0,0.0,nan,ERR,ERR,ERR,ERR,ERR,0.0,ERR,0.0,0.0,0.0,0.0,0.0,ERR,ERR,ERR,ERR,0.0,ERR,ERR,ERR,ERR,ERR,ERR,ERR,ERR,ERR,ERR,ERR,ERR,ERR,ERR,ERR,ERR,ERR,ERR,ERR,ERR,ERR,ERR,ERR,ERR,ERR,ERR,ERR,ERR,ERR,ERR,ERR,ERR,ERR,ERR,ERR,ERR,ERR,ERR,ERR,ERR,ERR,ERR,ERR,ERR,0.0,0.0,0.0,0.0,0.0,0.0,0.0,0.0,0.0,0.0,0.0,0.0,0.0,0.0,0.0,0.0,0.0,0.0,0.0,0.0,0.0,0.0,2.004,0.0,-0.0,0.0,0.0,0.0,0.0,0.0,3400.0,-8608108544.0,0.0,-0.0,0.0,2.7184274988523002e+23,0.0,0.0,0.0,0.0,0.0,ERR,0.059,0.0,0.0,0.0,0.0,0.0,0.0,0.0,0.0,ERR,ERR,ERR,0.0,0.0,0.0,0.0,0.0,0.0,ERR,ERR,ERR,ERR,ERR,ERR,ERR,ERR,ERR,ERR,ERR,ERR,ERR,ERR,ERR,ERR,ERR,ERR,ERR,ERR,ERR,ERR,ERR,ERR,ERR,ERR,ERR,ERR,ERR,ERR,ERR,ERR,ERR,ERR,ERR,ERR,ERR,ERR,ERR,ERR,ERR,ERR,ERR,ERR,ERR,ERR,ERR,ERR,ERR,ERR,ERR,ERR,ERR,ERR,ERR,ERR,ERR,ERR,ERR,ERR,ERR,ERR,ERR,ERR,ERR,ERR,ERR,ERR,ERR,ERR,ERR,ERR,ERR,ERR,ERR,ERR,ERR,ERR,ERR,ERR,ERR,ERR,ERR,ERR,ERR,ERR,ERR,ERR,ERR,ERR,ERR,ERR,ERR,ERR,ERR,ERR,ERR,ERR,ERR,ERR,ERR,ERR,ERR,ERR,ERR,ERR,ERR,ERR,ERR,ERR,ERR,ERR,ERR,ERR,ERR,ERR,ERR,ERR,ERR,ERR,ERR,ERR,ERR,ERR,ERR
2026-04-04T11:06:50,ERR,ERR,ERR,ERR,ERR,ERR,ERR,ERR,ERR,ERR,ERR,ERR,ERR,ERR,ERR,ERR,ERR,ERR,ERR,ERR,ERR,ERR,ERR,ERR,ERR,ERR,ERR,ERR,ERR,ERR,ERR,ERR,ERR,ERR,ERR,ERR,ERR,ERR,ERR,ERR,ERR,ERR,ERR,ERR,ERR,ERR,ERR,ERR,ERR,ERR,ERR,ERR,ERR,ERR,ERR,ERR,ERR,ERR,ERR,ERR,ERR,ERR,ERR,ERR,ERR,ERR,ERR,ERR,ERR,ERR,ERR,ERR,ERR,ERR,ERR,ERR,ERR,ERR,ERR,ERR,ERR,ERR,ERR,ERR,ERR,ERR,ERR,ERR,ERR,ERR,ERR,ERR,ERR,ERR,ERR,ERR,ERR,ERR,ERR,ERR,ERR,ERR,ERR,ERR,ERR,ERR,ERR,ERR,ERR,ERR,ERR,ERR,ERR,ERR,ERR,ERR,ERR,ERR,ERR,ERR,ERR,ERR,ERR,ERR,ERR,-0.0,0.0,3.039990997430017e+23,0.0,0.0,0.0,0.0,nan,ERR,ERR,ERR,ERR,ERR,0.0,ERR,0.0,0.0,0.0,0.0,0.0,ERR,ERR,ERR,ERR,0.0,ERR,ERR,ERR,ERR,ERR,ERR,ERR,ERR,ERR,ERR,ERR,ERR,ERR,ERR,ERR,ERR,ERR,ERR,ERR,ERR,ERR,ERR,ERR,ERR,ERR,ERR,ERR,ERR,ERR,ERR,ERR,ERR,ERR,ERR,ERR,ERR,ERR,ERR,ERR,ERR,ERR,ERR,ERR,ERR,0.0,0.0,0.0,0.0,0.0,0.0,0.0,0.0,0.0,0.0,0.0,0.0,0.0,0.0,0.0,0.0,0.0,0.0,0.0,0.0,0.0,0.0,2.004,0.0,-0.0,0.0,0.0,0.0,0.0,0.0,3400.0,-8608108544.0,0.0,-0.0,0.0,2.7184274988523002e+23,0.0,0.0,0.0,0.0,0.0,ERR,0.059,0.0,0.0,0.0,0.0,0.0,0.0,0.0,0.0,ERR,ERR,ERR,0.0,0.0,0.0,0.0,0.0,0.0,ERR,ERR,ERR,ERR,ERR,ERR,ERR,ERR,ERR,ERR,ERR,ERR,ERR,ERR,ERR,ERR,ERR,ERR,ERR,ERR,ERR,ERR,ERR,ERR,ERR,ERR,ERR,ERR,ERR,ERR,ERR,ERR,ERR,ERR,ERR,ERR,ERR,ERR,ERR,ERR,ERR,ERR,ERR,ERR,ERR,ERR,ERR,ERR,ERR,ERR,ERR,ERR,ERR,ERR,ERR,ERR,ERR,ERR,ERR,ERR,ERR,ERR,ERR,ERR,ERR,ERR,ERR,ERR,ERR,ERR,ERR,ERR,ERR,ERR,ERR,ERR,ERR,ERR,ERR,ERR,ERR,ERR,ERR,ERR,ERR,ERR,ERR,ERR,ERR,ERR,ERR,ERR,ERR,ERR,ERR,ERR,ERR,ERR,ERR,ERR,ERR,ERR,ERR,ERR,ERR,ERR,ERR,ERR,ERR,ERR,ERR,ERR,ERR,ERR,ERR,ERR,ERR,ERR,ERR,ERR,ERR,ERR,ERR,ERR,ERR
2026-04-04T11:06:51,ERR,ERR,ERR,ERR,ERR,ERR,ERR,ERR,ERR,ERR,ERR,ERR,ERR,ERR,ERR,ERR,ERR,ERR,ERR,ERR,ERR,ERR,ERR,ERR,ERR,ERR,ERR,ERR,ERR,ERR,ERR,ERR,ERR,ERR,ERR,ERR,ERR,ERR,ERR,ERR,ERR,ERR,ERR,ERR,ERR,ERR,ERR,ERR,ERR,ERR,ERR,ERR,ERR,ERR,ERR,ERR,ERR,ERR,ERR,ERR,ERR,ERR,ERR,ERR,ERR,ERR,ERR,ERR,ERR,ERR,ERR,ERR,ERR,ERR,ERR,ERR,ERR,ERR,ERR,ERR,ERR,ERR,ERR,ERR,ERR,ERR,ERR,ERR,ERR,ERR,ERR,ERR,ERR,ERR,ERR,ERR,ERR,ERR,ERR,ERR,ERR,ERR,ERR,ERR,ERR,ERR,ERR,ERR,ERR,ERR,ERR,ERR,ERR,ERR,ERR,ERR,ERR,ERR,ERR,ERR,ERR,ERR,ERR,ERR,ERR,-0.0,0.0,3.039990997430017e+23,0.0,0.0,0.0,0.0,nan,ERR,ERR,ERR,ERR,ERR,0.0,ERR,0.0,0.0,0.0,0.0,0.0,ERR,ERR,ERR,ERR,0.0,ERR,ERR,ERR,ERR,ERR,ERR,ERR,ERR,ERR,ERR,ERR,ERR,ERR,ERR,ERR,ERR,ERR,ERR,ERR,ERR,ERR,ERR,ERR,ERR,ERR,ERR,ERR,ERR,ERR,ERR,ERR,ERR,ERR,ERR,ERR,ERR,ERR,ERR,ERR,ERR,ERR,ERR,ERR,ERR,0.0,0.0,0.0,0.0,0.0,0.0,0.0,0.0,0.0,0.0,0.0,0.0,0.0,0.0,0.0,0.0,0.0,0.0,0.0,0.0,0.0,0.0,2.004,0.0,-0.0,0.0,0.0,0.0,0.0,0.0,3400.0,-8608108544.0,0.0,-0.0,0.0,2.7184274988523002e+23,0.0,0.0,0.0,0.0,0.0,ERR,0.059,0.0,0.0,0.0,0.0,0.0,0.0,0.0,0.0,ERR,ERR,ERR,0.0,0.0,0.0,0.0,0.0,0.0,ERR,ERR,ERR,ERR,ERR,ERR,ERR,ERR,ERR,ERR,ERR,ERR,ERR,ERR,ERR,ERR,ERR,ERR,ERR,ERR,ERR,ERR,ERR,ERR,ERR,ERR,ERR,ERR,ERR,ERR,ERR,ERR,ERR,ERR,ERR,ERR,ERR,ERR,ERR,ERR,ERR,ERR,ERR,ERR,ERR,ERR,ERR,ERR,ERR,ERR,ERR,ERR,ERR,ERR,ERR,ERR,ERR,ERR,ERR,ERR,ERR,ERR,ERR,ERR,ERR,ERR,ERR,ERR,ERR,ERR,ERR,ERR,ERR,ERR,ERR,ERR,ERR,ERR,ERR,ERR,ERR,ERR,ERR,ERR,ERR,ERR,ERR,ERR,ERR,ERR,ERR,ERR,ERR,ERR,ERR,ERR,ERR,ERR,ERR,ERR,ERR,ERR,ERR,ERR,ERR,ERR,ERR,ERR,ERR,ERR,ERR,ERR,ERR,ERR,ERR,ERR,ERR,ERR,ERR,ERR,ERR,ERR,ERR,ERR,ERR
2026-04-04T11:06:52,ERR,ERR,ERR,ERR,ERR,ERR,ERR,ERR,ERR,ERR,ERR,ERR,ERR,ERR,ERR,ERR,ERR,ERR,ERR,ERR,ERR,ERR,ERR,ERR,ERR,ERR,ERR,ERR,ERR,ERR,ERR,ERR,ERR,ERR,ERR,ERR,ERR,ERR,ERR,ERR,ERR,ERR,ERR,ERR,ERR,ERR,ERR,ERR,ERR,ERR,ERR,ERR,ERR,ERR,ERR,ERR,ERR,ERR,ERR,ERR,ERR,ERR,ERR,ERR,ERR,ERR,ERR,ERR,ERR,ERR,ERR,ERR,ERR,ERR,ERR,ERR,ERR,ERR,ERR,ERR,ERR,ERR,ERR,ERR,ERR,ERR,ERR,ERR,ERR,ERR,ERR,ERR,ERR,ERR,ERR,ERR,ERR,ERR,ERR,ERR,ERR,ERR,ERR,ERR,ERR,ERR,ERR,ERR,ERR,ERR,ERR,ERR,ERR,ERR,ERR,ERR,ERR,ERR,ERR,ERR,ERR,ERR,ERR,ERR,ERR,-0.0,0.0,3.039990997430017e+23,0.0,0.0,0.0,0.0,nan,ERR,ERR,ERR,ERR,ERR,0.0,ERR,0.0,0.0,0.0,0.0,0.0,ERR,ERR,ERR,ERR,0.0,ERR,ERR,ERR,ERR,ERR,ERR,ERR,ERR,ERR,ERR,ERR,ERR,ERR,ERR,ERR,ERR,ERR,ERR,ERR,ERR,ERR,ERR,ERR,ERR,ERR,ERR,ERR,ERR,ERR,ERR,ERR,ERR,ERR,ERR,ERR,ERR,ERR,ERR,ERR,ERR,ERR,ERR,ERR,ERR,0.0,0.0,0.0,0.0,0.0,0.0,0.0,0.0,0.0,0.0,0.0,0.0,0.0,0.0,0.0,0.0,0.0,0.0,0.0,0.0,0.0,0.0,2.004,0.0,-0.0,0.0,0.0,0.0,0.0,0.0,3400.0,-8608108544.0,0.0,-0.0,0.0,2.7184274988523002e+23,0.0,0.0,0.0,0.0,0.0,ERR,0.059,0.0,0.0,0.0,0.0,0.0,0.0,0.0,0.0,ERR,ERR,ERR,0.0,0.0,0.0,0.0,0.0,0.0,ERR,ERR,ERR,ERR,ERR,ERR,ERR,ERR,ERR,ERR,ERR,ERR,ERR,ERR,ERR,ERR,ERR,ERR,ERR,ERR,ERR,ERR,ERR,ERR,ERR,ERR,ERR,ERR,ERR,ERR,ERR,ERR,ERR,ERR,ERR,ERR,ERR,ERR,ERR,ERR,ERR,ERR,ERR,ERR,ERR,ERR,ERR,ERR,ERR,ERR,ERR,ERR,ERR,ERR,ERR,ERR,ERR,ERR,ERR,ERR,ERR,ERR,ERR,ERR,ERR,ERR,ERR,ERR,ERR,ERR,ERR,ERR,ERR,ERR,ERR,ERR,ERR,ERR,ERR,ERR,ERR,ERR,ERR,ERR,ERR,ERR,ERR,ERR,ERR,ERR,ERR,ERR,ERR,ERR,ERR,ERR,ERR,ERR,ERR,ERR,ERR,ERR,ERR,ERR,ERR,ERR,ERR,ERR,ERR,ERR,ERR,ERR,ERR,ERR,ERR,ERR,ERR,ERR,ERR,ERR,ERR,ERR,ERR,ERR,ERR
2026-04-04T11:06:53,ERR,ERR,ERR,ERR,ERR,ERR,ERR,ERR,ERR,ERR,ERR,ERR,ERR,ERR,ERR,ERR,ERR,ERR,ERR,ERR,ERR,ERR,ERR,ERR,ERR,ERR,ERR,ERR,ERR,ERR,ERR,ERR,ERR,ERR,ERR,ERR,ERR,ERR,ERR,ERR,ERR,ERR,ERR,ERR,ERR,ERR,ERR,ERR,ERR,ERR,ERR,ERR,ERR,ERR,ERR,ERR,ERR,ERR,ERR,ERR,ERR,ERR,ERR,ERR,ERR,ERR,ERR,ERR,ERR,ERR,ERR,ERR,ERR,ERR,ERR,ERR,ERR,ERR,ERR,ERR,ERR,ERR,ERR,ERR,ERR,ERR,ERR,ERR,ERR,ERR,ERR,ERR,ERR,ERR,ERR,ERR,ERR,ERR,ERR,ERR,ERR,ERR,ERR,ERR,ERR,ERR,ERR,ERR,ERR,ERR,ERR,ERR,ERR,ERR,ERR,ERR,ERR,ERR,ERR,ERR,ERR,ERR,ERR,ERR,ERR,ERR,ERR,ERR,ERR,ERR,ERR,ERR,ERR,ERR,ERR,ERR,ERR,ERR,ERR,ERR,ERR,ERR,ERR,ERR,ERR,ERR,ERR,ERR,ERR,ERR,ERR,ERR,ERR,ERR,ERR,ERR,ERR,ERR,ERR,ERR,ERR,ERR,ERR,ERR,ERR,ERR,ERR,ERR,ERR,ERR,ERR,ERR,ERR,ERR,ERR,ERR,ERR,ERR,ERR,ERR,ERR,ERR,ERR,ERR,ERR,ERR,ERR,ERR,ERR,ERR,ERR,ERR,ERR,ERR,ERR,ERR,ERR,ERR,ERR,ERR,ERR,ERR,ERR,ERR,ERR,ERR,ERR,ERR,ERR,ERR,ERR,ERR,ERR,ERR,ERR,ERR,ERR,ERR,ERR,ERR,ERR,ERR,ERR,ERR,ERR,ERR,ERR,ERR,ERR,ERR,ERR,ERR,ERR,ERR,ERR,ERR,ERR,ERR,ERR,ERR,ERR,ERR,ERR,ERR,ERR,ERR,ERR,ERR,ERR,ERR,ERR,ERR,ERR,ERR,ERR,ERR,ERR,ERR,ERR,ERR,ERR,ERR,ERR,ERR,ERR,ERR,ERR,ERR,ERR,ERR,ERR,ERR,ERR,ERR,ERR,ERR,ERR,ERR,ERR,ERR,ERR,ERR,ERR,ERR,ERR,ERR,ERR,ERR,ERR,ERR,ERR,ERR,ERR,ERR,ERR,ERR,ERR,ERR,ERR,ERR,ERR,ERR,ERR,ERR,ERR,ERR,ERR,ERR,ERR,ERR,ERR,ERR,ERR,ERR,ERR,ERR,ERR,ERR,ERR,ERR,ERR,ERR,ERR,ERR,ERR,ERR,ERR,ERR,ERR,ERR,ERR,ERR,ERR,ERR,ERR,ERR,ERR,ERR,ERR,ERR,ERR,ERR,ERR,ERR,ERR,ERR,ERR,ERR,ERR,ERR,ERR,ERR,ERR,ERR,ERR,ERR,ERR,ERR,ERR,ERR,ERR,ERR,ERR,ERR,ERR,ERR,ERR,ERR,ERR,ERR,ERR,ERR,ERR,ERR,ERR,ERR,ERR,ERR,ERR
2026-04-04T11:06:54,ERR,ERR,ERR,ERR,ERR,ERR,ERR,ERR,ERR,ERR,ERR,ERR,ERR,ERR,ERR,ERR,ERR,ERR,ERR,ERR,ERR,ERR,ERR,ERR,ERR,ERR,ERR,ERR,ERR,ERR,ERR,ERR,ERR,ERR,ERR,ERR,ERR,ERR,ERR,ERR,ERR,ERR,ERR,ERR,ERR,ERR,ERR,ERR,ERR,ERR,ERR,ERR,ERR,ERR,ERR,ERR,ERR,ERR,ERR,ERR,ERR,ERR,ERR,ERR,ERR,ERR,ERR,ERR,ERR,ERR,ERR,ERR,ERR,ERR,ERR,ERR,ERR,ERR,ERR,ERR,ERR,ERR,ERR,ERR,ERR,ERR,ERR,ERR,ERR,ERR,ERR,ERR,ERR,ERR,ERR,ERR,ERR,ERR,ERR,ERR,ERR,ERR,ERR,ERR,ERR,ERR,ERR,ERR,ERR,ERR,ERR,ERR,ERR,ERR,ERR,ERR,ERR,ERR,ERR,ERR,ERR,ERR,ERR,ERR,ERR,ERR,ERR,ERR,ERR,ERR,ERR,ERR,ERR,ERR,ERR,ERR,ERR,ERR,ERR,ERR,ERR,ERR,ERR,ERR,ERR,ERR,ERR,ERR,ERR,ERR,ERR,ERR,ERR,ERR,ERR,ERR,ERR,ERR,ERR,ERR,ERR,ERR,ERR,ERR,ERR,ERR,ERR,ERR,ERR,ERR,ERR,ERR,ERR,ERR,ERR,ERR,ERR,ERR,ERR,ERR,ERR,ERR,ERR,ERR,ERR,ERR,ERR,ERR,ERR,ERR,ERR,ERR,ERR,ERR,ERR,ERR,ERR,ERR,ERR,ERR,ERR,ERR,ERR,ERR,ERR,ERR,ERR,ERR,ERR,ERR,ERR,ERR,ERR,ERR,ERR,ERR,ERR,ERR,ERR,ERR,ERR,ERR,ERR,ERR,ERR,ERR,ERR,ERR,ERR,ERR,ERR,ERR,ERR,ERR,ERR,ERR,ERR,ERR,ERR,ERR,ERR,ERR,ERR,ERR,ERR,ERR,ERR,ERR,ERR,ERR,ERR,ERR,ERR,ERR,ERR,ERR,ERR,ERR,ERR,ERR,ERR,ERR,ERR,ERR,ERR,ERR,ERR,ERR,ERR,ERR,ERR,ERR,ERR,ERR,ERR,ERR,ERR,ERR,ERR,ERR,ERR,ERR,ERR,ERR,ERR,ERR,ERR,ERR,ERR,ERR,ERR,ERR,ERR,ERR,ERR,ERR,ERR,ERR,ERR,ERR,ERR,ERR,ERR,ERR,ERR,ERR,ERR,ERR,ERR,ERR,ERR,ERR,ERR,ERR,ERR,ERR,ERR,ERR,ERR,ERR,ERR,ERR,ERR,ERR,ERR,ERR,ERR,ERR,ERR,ERR,ERR,ERR,ERR,ERR,ERR,ERR,ERR,ERR,ERR,ERR,ERR,ERR,ERR,ERR,ERR,ERR,ERR,ERR,ERR,ERR,ERR,ERR,ERR,ERR,ERR,ERR,ERR,ERR,ERR,ERR,ERR,ERR,ERR,ERR,ERR,ERR,ERR,ERR,ERR,ERR,ERR,ERR,ERR,ERR,ERR,ERR,ERR,ERR,ERR
2026-04-04T11:06:55,ERR,ERR,ERR,ERR,ERR,ERR,ERR,ERR,ERR,ERR,ERR,ERR,ERR,ERR,ERR,ERR,ERR,ERR,ERR,ERR,ERR,ERR,ERR,ERR,ERR,ERR,ERR,ERR,ERR,ERR,ERR,ERR,ERR,ERR,ERR,ERR,ERR,ERR,ERR,ERR,ERR,ERR,ERR,ERR,ERR,ERR,ERR,ERR,ERR,ERR,ERR,ERR,ERR,ERR,ERR,ERR,ERR,ERR,ERR,ERR,ERR,ERR,ERR,ERR,ERR,ERR,ERR,ERR,ERR,ERR,ERR,ERR,ERR,ERR,ERR,ERR,ERR,ERR,ERR,ERR,ERR,ERR,ERR,ERR,ERR,ERR,ERR,ERR,ERR,ERR,ERR,ERR,ERR,ERR,ERR,ERR,ERR,ERR,ERR,ERR,ERR,ERR,ERR,ERR,ERR,ERR,ERR,ERR,ERR,ERR,ERR,ERR,ERR,ERR,ERR,ERR,ERR,ERR,ERR,ERR,ERR,ERR,ERR,ERR,ERR,ERR,ERR,ERR,ERR,ERR,ERR,ERR,ERR,ERR,ERR,ERR,ERR,ERR,ERR,ERR,ERR,ERR,ERR,ERR,ERR,ERR,ERR,ERR,ERR,ERR,ERR,ERR,ERR,ERR,ERR,ERR,ERR,ERR,ERR,ERR,ERR,ERR,ERR,ERR,ERR,ERR,ERR,ERR,ERR,ERR,ERR,ERR,ERR,ERR,ERR,ERR,ERR,ERR,ERR,ERR,ERR,ERR,ERR,ERR,ERR,ERR,ERR,ERR,ERR,ERR,ERR,ERR,ERR,ERR,ERR,ERR,ERR,ERR,ERR,ERR,ERR,ERR,ERR,ERR,ERR,ERR,ERR,ERR,ERR,ERR,ERR,ERR,ERR,ERR,ERR,ERR,ERR,ERR,ERR,ERR,ERR,ERR,ERR,ERR,ERR,ERR,ERR,ERR,ERR,ERR,ERR,ERR,ERR,ERR,ERR,ERR,ERR,ERR,ERR,ERR,ERR,ERR,ERR,ERR,ERR,ERR,ERR,ERR,ERR,ERR,ERR,ERR,ERR,ERR,ERR,ERR,ERR,ERR,ERR,ERR,ERR,ERR,ERR,ERR,ERR,ERR,ERR,ERR,ERR,ERR,ERR,ERR,ERR,ERR,ERR,ERR,ERR,ERR,ERR,ERR,ERR,ERR,ERR,ERR,ERR,ERR,ERR,ERR,ERR,ERR,ERR,ERR,ERR,ERR,ERR,ERR,ERR,ERR,ERR,ERR,ERR,ERR,ERR,ERR,ERR,ERR,ERR,ERR,ERR,ERR,ERR,ERR,ERR,ERR,ERR,ERR,ERR,ERR,ERR,ERR,ERR,ERR,ERR,ERR,ERR,ERR,ERR,ERR,ERR,ERR,ERR,ERR,ERR,ERR,ERR,ERR,ERR,ERR,ERR,ERR,ERR,ERR,ERR,ERR,ERR,ERR,ERR,ERR,ERR,ERR,ERR,ERR,ERR,ERR,ERR,ERR,ERR,ERR,ERR,ERR,ERR,ERR,ERR,ERR,ERR,ERR,ERR,ERR,ERR,ERR,ERR,ERR,ERR,ERR,ERR,ERR,ERR,ERR,ERR
2026-04-04T11:06:56,ERR,ERR,ERR,ERR,ERR,ERR,ERR,ERR,ERR,ERR,ERR,ERR,ERR,ERR,ERR,ERR,ERR,ERR,ERR,ERR,ERR,ERR,ERR,ERR,ERR,ERR,ERR,ERR,ERR,ERR,ERR,ERR,ERR,ERR,ERR,ERR,ERR,ERR,ERR,ERR,ERR,ERR,ERR,ERR,ERR,ERR,ERR,ERR,ERR,ERR,ERR,ERR,ERR,ERR,ERR,ERR,ERR,ERR,ERR,ERR,ERR,ERR,ERR,ERR,ERR,ERR,ERR,ERR,ERR,ERR,ERR,ERR,ERR,ERR,ERR,ERR,ERR,ERR,ERR,ERR,ERR,ERR,ERR,ERR,ERR,ERR,ERR,ERR,ERR,ERR,ERR,ERR,ERR,ERR,ERR,ERR,ERR,ERR,ERR,ERR,ERR,ERR,ERR,ERR,ERR,ERR,ERR,ERR,ERR,ERR,ERR,ERR,ERR,ERR,ERR,ERR,ERR,ERR,ERR,ERR,ERR,ERR,ERR,ERR,ERR,ERR,ERR,ERR,ERR,ERR,ERR,ERR,ERR,ERR,ERR,ERR,ERR,ERR,ERR,ERR,ERR,ERR,ERR,ERR,ERR,ERR,ERR,ERR,ERR,ERR,ERR,ERR,ERR,ERR,ERR,ERR,ERR,ERR,ERR,ERR,ERR,ERR,ERR,ERR,ERR,ERR,ERR,ERR,ERR,ERR,ERR,ERR,ERR,ERR,ERR,ERR,ERR,ERR,ERR,ERR,ERR,ERR,ERR,ERR,ERR,ERR,ERR,ERR,ERR,ERR,ERR,ERR,ERR,ERR,ERR,ERR,ERR,ERR,ERR,ERR,ERR,ERR,ERR,ERR,ERR,ERR,ERR,ERR,ERR,ERR,ERR,ERR,ERR,ERR,ERR,ERR,ERR,ERR,ERR,ERR,ERR,ERR,ERR,ERR,ERR,ERR,ERR,ERR,ERR,ERR,ERR,ERR,ERR,ERR,ERR,ERR,ERR,ERR,ERR,ERR,ERR,ERR,ERR,ERR,ERR,ERR,ERR,ERR,ERR,ERR,ERR,ERR,ERR,ERR,ERR,ERR,ERR,ERR,ERR,ERR,ERR,ERR,ERR,ERR,ERR,ERR,ERR,ERR,ERR,ERR,ERR,ERR,ERR,ERR,ERR,ERR,ERR,ERR,ERR,ERR,ERR,ERR,ERR,ERR,ERR,ERR,ERR,ERR,ERR,ERR,ERR,ERR,ERR,ERR,ERR,ERR,ERR,ERR,ERR,ERR,ERR,ERR,ERR,ERR,ERR,ERR,ERR,ERR,ERR,ERR,ERR,ERR,ERR,ERR,ERR,ERR,ERR,ERR,ERR,ERR,ERR,ERR,ERR,ERR,ERR,ERR,ERR,ERR,ERR,ERR,ERR,ERR,ERR,ERR,ERR,ERR,ERR,ERR,ERR,ERR,ERR,ERR,ERR,ERR,ERR,ERR,ERR,ERR,ERR,ERR,ERR,ERR,ERR,ERR,ERR,ERR,ERR,ERR,ERR,ERR,ERR,ERR,ERR,ERR,ERR,ERR,ERR,ERR,ERR,ERR,ERR,ERR,ERR,ERR,ERR,ERR,ERR,ERR,ERR
2026-04-04T11:06:57,ERR,ERR,ERR,ERR,ERR,ERR,ERR,ERR,ERR,ERR,ERR,ERR,ERR,ERR,ERR,ERR,ERR,ERR,ERR,ERR,ERR,ERR,ERR,ERR,ERR,ERR,ERR,ERR,ERR,ERR,ERR,ERR,ERR,ERR,ERR,ERR,ERR,ERR,ERR,ERR,ERR,ERR,ERR,ERR,ERR,ERR,ERR,ERR,ERR,ERR,ERR,ERR,ERR,ERR,ERR,ERR,ERR,ERR,ERR,ERR,ERR,ERR,ERR,ERR,ERR,ERR,ERR,ERR,ERR,ERR,ERR,ERR,ERR,ERR,ERR,ERR,ERR,ERR,ERR,ERR,ERR,ERR,ERR,ERR,ERR,ERR,ERR,ERR,ERR,ERR,ERR,ERR,ERR,ERR,ERR,ERR,ERR,ERR,ERR,ERR,ERR,ERR,ERR,ERR,ERR,ERR,ERR,ERR,ERR,ERR,ERR,ERR,ERR,ERR,ERR,ERR,ERR,ERR,ERR,ERR,ERR,ERR,ERR,ERR,ERR,ERR,ERR,ERR,ERR,ERR,ERR,ERR,ERR,ERR,ERR,ERR,ERR,ERR,ERR,ERR,ERR,ERR,ERR,ERR,ERR,ERR,ERR,ERR,ERR,ERR,ERR,ERR,ERR,ERR,ERR,ERR,ERR,ERR,ERR,ERR,ERR,ERR,ERR,ERR,ERR,ERR,ERR,ERR,ERR,ERR,ERR,ERR,ERR,ERR,ERR,ERR,ERR,ERR,ERR,ERR,ERR,ERR,ERR,ERR,ERR,ERR,ERR,ERR,ERR,ERR,ERR,ERR,ERR,ERR,ERR,ERR,ERR,ERR,ERR,ERR,ERR,ERR,ERR,ERR,ERR,ERR,ERR,ERR,ERR,ERR,ERR,ERR,ERR,ERR,ERR,ERR,ERR,ERR,ERR,ERR,ERR,ERR,ERR,ERR,ERR,ERR,ERR,ERR,ERR,ERR,ERR,ERR,ERR,ERR,ERR,ERR,ERR,ERR,ERR,ERR,ERR,ERR,ERR,ERR,ERR,ERR,ERR,ERR,ERR,ERR,ERR,ERR,ERR,ERR,ERR,ERR,ERR,ERR,ERR,ERR,ERR,ERR,ERR,ERR,ERR,ERR,ERR,ERR,ERR,ERR,ERR,ERR,ERR,ERR,ERR,ERR,ERR,ERR,ERR,ERR,ERR,ERR,ERR,ERR,ERR,ERR,ERR,ERR,ERR,ERR,ERR,ERR,ERR,ERR,ERR,ERR,ERR,ERR,ERR,ERR,ERR,ERR,ERR,ERR,ERR,ERR,ERR,ERR,ERR,ERR,ERR,ERR,ERR,ERR,ERR,ERR,ERR,ERR,ERR,ERR,ERR,ERR,ERR,ERR,ERR,ERR,ERR,ERR,ERR,ERR,ERR,ERR,ERR,ERR,ERR,ERR,ERR,ERR,ERR,ERR,ERR,ERR,ERR,ERR,ERR,ERR,ERR,ERR,ERR,ERR,ERR,ERR,ERR,ERR,ERR,ERR,ERR,ERR,ERR,ERR,ERR,ERR,ERR,ERR,ERR,ERR,ERR,ERR,ERR,ERR,ERR,ERR,ERR,ERR,ERR,ERR,ERR,ERR,ERR
2026-04-04T11:06:58,ERR,ERR,ERR,ERR,ERR,ERR,ERR,ERR,ERR,ERR,ERR,ERR,ERR,ERR,ERR,ERR,ERR,ERR,ERR,ERR,ERR,ERR,ERR,ERR,ERR,ERR,ERR,ERR,ERR,ERR,ERR,ERR,ERR,ERR,ERR,ERR,ERR,ERR,ERR,ERR,ERR,ERR,ERR,ERR,ERR,ERR,ERR,ERR,ERR,ERR,ERR,ERR,ERR,ERR,ERR,ERR,ERR,ERR,ERR,ERR,ERR,ERR,ERR,ERR,ERR,ERR,ERR,ERR,ERR,ERR,ERR,ERR,ERR,ERR,ERR,ERR,ERR,ERR,ERR,ERR,ERR,ERR,ERR,ERR,ERR,ERR,ERR,ERR,ERR,ERR,ERR,ERR,ERR,ERR,ERR,ERR,ERR,ERR,ERR,ERR,ERR,ERR,ERR,ERR,ERR,ERR,ERR,ERR,ERR,ERR,ERR,ERR,ERR,ERR,ERR,ERR,ERR,ERR,ERR,ERR,ERR,ERR,ERR,ERR,ERR,ERR,ERR,ERR,ERR,ERR,ERR,ERR,ERR,ERR,ERR,ERR,ERR,ERR,ERR,ERR,ERR,ERR,ERR,ERR,ERR,ERR,ERR,ERR,ERR,ERR,ERR,ERR,ERR,ERR,ERR,ERR,ERR,ERR,ERR,ERR,ERR,ERR,ERR,ERR,ERR,ERR,ERR,ERR,ERR,ERR,ERR,ERR,ERR,ERR,ERR,ERR,ERR,ERR,ERR,ERR,ERR,ERR,ERR,ERR,ERR,ERR,ERR,ERR,ERR,ERR,ERR,ERR,ERR,ERR,ERR,ERR,ERR,ERR,ERR,ERR,ERR,ERR,ERR,ERR,ERR,ERR,ERR,ERR,ERR,ERR,ERR,ERR,ERR,ERR,ERR,ERR,ERR,ERR,ERR,ERR,ERR,ERR,ERR,ERR,ERR,ERR,ERR,ERR,ERR,ERR,ERR,ERR,ERR,ERR,ERR,ERR,ERR,ERR,ERR,ERR,ERR,ERR,ERR,ERR,ERR,ERR,ERR,ERR,ERR,ERR,ERR,ERR,ERR,ERR,ERR,ERR,ERR,ERR,ERR,ERR,ERR,ERR,ERR,ERR,ERR,ERR,ERR,ERR,ERR,ERR,ERR,ERR,ERR,ERR,ERR,ERR,ERR,ERR,ERR,ERR,ERR,ERR,ERR,ERR,ERR,ERR,ERR,ERR,ERR,ERR,ERR,ERR,ERR,ERR,ERR,ERR,ERR,ERR,ERR,ERR,ERR,ERR,ERR,ERR,ERR,ERR,ERR,ERR,ERR,ERR,ERR,ERR,ERR,ERR,ERR,ERR,ERR,ERR,ERR,ERR,ERR,ERR,ERR,ERR,ERR,ERR,ERR,ERR,ERR,ERR,ERR,ERR,ERR,ERR,ERR,ERR,ERR,ERR,ERR,ERR,ERR,ERR,ERR,ERR,ERR,ERR,ERR,ERR,ERR,ERR,ERR,ERR,ERR,ERR,ERR,ERR,ERR,ERR,ERR,ERR,ERR,ERR,ERR,ERR,ERR,ERR,ERR,ERR,ERR,ERR,ERR,ERR,ERR,ERR,ERR,ERR,ERR,ERR,ERR
2026-04-04T11:06:59,ERR,ERR,ERR,ERR,ERR,ERR,ERR,ERR,ERR,ERR,ERR,ERR,ERR,ERR,ERR,ERR,ERR,ERR,ERR,ERR,ERR,ERR,ERR,ERR,ERR,ERR,ERR,ERR,ERR,ERR,ERR,ERR,ERR,ERR,ERR,ERR,ERR,ERR,ERR,ERR,ERR,ERR,ERR,ERR,ERR,ERR,ERR,ERR,ERR,ERR,ERR,ERR,ERR,ERR,ERR,ERR,ERR,ERR,ERR,ERR,ERR,ERR,ERR,ERR,ERR,ERR,ERR,ERR,ERR,ERR,ERR,ERR,ERR,ERR,ERR,ERR,ERR,ERR,ERR,ERR,ERR,ERR,ERR,ERR,ERR,ERR,ERR,ERR,ERR,ERR,ERR,ERR,ERR,ERR,ERR,ERR,ERR,ERR,ERR,ERR,ERR,ERR,ERR,ERR,ERR,ERR,ERR,ERR,ERR,ERR,ERR,ERR,ERR,ERR,ERR,ERR,ERR,ERR,ERR,ERR,ERR,ERR,ERR,ERR,ERR,ERR,ERR,ERR,ERR,ERR,ERR,ERR,ERR,ERR,ERR,ERR,ERR,ERR,ERR,ERR,ERR,ERR,ERR,ERR,ERR,ERR,ERR,ERR,ERR,ERR,ERR,ERR,ERR,ERR,ERR,ERR,ERR,ERR,ERR,ERR,ERR,ERR,ERR,ERR,ERR,ERR,ERR,ERR,ERR,ERR,ERR,ERR,ERR,ERR,ERR,ERR,ERR,ERR,ERR,ERR,ERR,ERR,ERR,ERR,ERR,ERR,ERR,ERR,ERR,ERR,ERR,ERR,ERR,ERR,ERR,ERR,ERR,ERR,ERR,ERR,ERR,ERR,ERR,ERR,ERR,ERR,ERR,ERR,ERR,ERR,ERR,ERR,ERR,ERR,ERR,ERR,ERR,ERR,ERR,ERR,ERR,ERR,ERR,ERR,ERR,ERR,ERR,ERR,ERR,ERR,ERR,ERR,ERR,ERR,ERR,ERR,ERR,ERR,ERR,ERR,ERR,ERR,ERR,ERR,ERR,ERR,ERR,ERR,ERR,ERR,ERR,ERR,ERR,ERR,ERR,ERR,ERR,ERR,ERR,ERR,ERR,ERR,ERR,ERR,ERR,ERR,ERR,ERR,ERR,ERR,ERR,ERR,ERR,ERR,ERR,ERR,ERR,ERR,ERR,ERR,ERR,ERR,ERR,ERR,ERR,ERR,ERR,ERR,ERR,ERR,ERR,ERR,ERR,ERR,ERR,ERR,ERR,ERR,ERR,ERR,ERR,ERR,ERR,ERR,ERR,ERR,ERR,ERR,ERR,ERR,ERR,ERR,ERR,ERR,ERR,ERR,ERR,ERR,ERR,ERR,ERR,ERR,ERR,ERR,ERR,ERR,ERR,ERR,ERR,ERR,ERR,ERR,ERR,ERR,ERR,ERR,ERR,ERR,ERR,ERR,ERR,ERR,ERR,ERR,ERR,ERR,ERR,ERR,ERR,ERR,ERR,ERR,ERR,ERR,ERR,ERR,ERR,ERR,ERR,ERR,ERR,ERR,ERR,ERR,ERR,ERR,ERR,ERR,ERR,ERR,ERR,ERR,ERR,ERR,ERR,ERR,ERR,ERR,ERR
2026-04-04T11:07:00,ERR,ERR,ERR,ERR,ERR,ERR,ERR,ERR,ERR,ERR,ERR,ERR,ERR,ERR,ERR,ERR,ERR,ERR,ERR,ERR,ERR,ERR,ERR,ERR,ERR,ERR,ERR,ERR,ERR,ERR,ERR,ERR,ERR,ERR,ERR,ERR,ERR,ERR,ERR,ERR,ERR,ERR,ERR,ERR,ERR,ERR,ERR,ERR,ERR,ERR,ERR,ERR,ERR,ERR,ERR,ERR,ERR,ERR,ERR,ERR,ERR,ERR,ERR,ERR,ERR,ERR,ERR,ERR,ERR,ERR,ERR,ERR,ERR,ERR,ERR,ERR,ERR,ERR,ERR,ERR,ERR,ERR,ERR,ERR,ERR,ERR,ERR,ERR,ERR,ERR,ERR,ERR,ERR,ERR,ERR,ERR,ERR,ERR,ERR,ERR,ERR,ERR,ERR,ERR,ERR,ERR,ERR,ERR,ERR,ERR,ERR,ERR,ERR,ERR,ERR,ERR,ERR,ERR,ERR,ERR,ERR,ERR,ERR,ERR,ERR,ERR,ERR,ERR,ERR,ERR,ERR,ERR,ERR,ERR,ERR,ERR,ERR,ERR,ERR,ERR,ERR,ERR,ERR,ERR,ERR,ERR,ERR,ERR,ERR,ERR,ERR,ERR,ERR,ERR,ERR,ERR,ERR,ERR,ERR,ERR,ERR,ERR,ERR,ERR,ERR,ERR,ERR,ERR,ERR,ERR,ERR,ERR,ERR,ERR,ERR,ERR,ERR,ERR,ERR,ERR,ERR,ERR,ERR,ERR,ERR,ERR,ERR,ERR,ERR,ERR,ERR,ERR,ERR,ERR,ERR,ERR,ERR,ERR,ERR,ERR,ERR,ERR,ERR,ERR,ERR,ERR,ERR,ERR,ERR,ERR,ERR,ERR,ERR,ERR,ERR,ERR,ERR,ERR,ERR,ERR,ERR,ERR,ERR,ERR,ERR,ERR,ERR,ERR,ERR,ERR,ERR,ERR,ERR,ERR,ERR,ERR,ERR,ERR,ERR,ERR,ERR,ERR,ERR,ERR,ERR,ERR,ERR,ERR,ERR,ERR,ERR,ERR,ERR,ERR,ERR,ERR,ERR,ERR,ERR,ERR,ERR,ERR,ERR,ERR,ERR,ERR,ERR,ERR,ERR,ERR,ERR,ERR,ERR,ERR,ERR,ERR,ERR,ERR,ERR,ERR,ERR,ERR,ERR,ERR,ERR,ERR,ERR,ERR,ERR,ERR,ERR,ERR,ERR,ERR,ERR,ERR,ERR,ERR,ERR,ERR,ERR,ERR,ERR,ERR,ERR,ERR,ERR,ERR,ERR,ERR,ERR,ERR,ERR,ERR,ERR,ERR,ERR,ERR,ERR,ERR,ERR,ERR,ERR,ERR,ERR,ERR,ERR,ERR,ERR,ERR,ERR,ERR,ERR,ERR,ERR,ERR,ERR,ERR,ERR,ERR,ERR,ERR,ERR,ERR,ERR,ERR,ERR,ERR,ERR,ERR,ERR,ERR,ERR,ERR,ERR,ERR,ERR,ERR,ERR,ERR,ERR,ERR,ERR,ERR,ERR,ERR,ERR,ERR,ERR,ERR,ERR,ERR,ERR,ERR,ERR,ERR,ERR,ERR,ERR
2026-04-04T11:07:01,ERR,ERR,ERR,ERR,ERR,ERR,ERR,ERR,ERR,ERR,ERR,ERR,ERR,ERR,ERR,ERR,ERR,ERR,ERR,ERR,ERR,ERR,ERR,ERR,ERR,ERR,ERR,ERR,ERR,ERR,ERR,ERR,ERR,ERR,ERR,ERR,ERR,ERR,ERR,ERR,ERR,ERR,ERR,ERR,ERR,ERR,ERR,ERR,ERR,ERR,ERR,ERR,ERR,ERR,ERR,ERR,ERR,ERR,ERR,ERR,ERR,ERR,ERR,ERR,ERR,ERR,ERR,ERR,ERR,ERR,ERR,ERR,ERR,ERR,ERR,ERR,ERR,ERR,ERR,ERR,ERR,ERR,ERR,ERR,ERR,ERR,ERR,ERR,ERR,ERR,ERR,ERR,ERR,ERR,ERR,ERR,ERR,ERR,ERR,ERR,ERR,ERR,ERR,ERR,ERR,ERR,ERR,ERR,ERR,ERR,ERR,ERR,ERR,ERR,ERR,ERR,ERR,ERR,ERR,ERR,ERR,ERR,ERR,ERR,ERR,ERR,ERR,ERR,ERR,ERR,ERR,ERR,ERR,ERR,ERR,ERR,ERR,ERR,ERR,ERR,ERR,ERR,ERR,ERR,ERR,ERR,ERR,ERR,ERR,ERR,ERR,ERR,ERR,ERR,ERR,ERR,ERR,ERR,ERR,ERR,ERR,ERR,ERR,ERR,ERR,ERR,ERR,ERR,ERR,ERR,ERR,ERR,ERR,ERR,ERR,ERR,ERR,ERR,ERR,ERR,ERR,ERR,ERR,ERR,ERR,ERR,ERR,ERR,ERR,ERR,ERR,ERR,ERR,ERR,ERR,ERR,ERR,ERR,ERR,ERR,ERR,ERR,ERR,ERR,ERR,ERR,ERR,ERR,ERR,ERR,ERR,ERR,ERR,ERR,ERR,ERR,ERR,ERR,ERR,ERR,ERR,ERR,ERR,ERR,ERR,ERR,ERR,ERR,ERR,ERR,ERR,ERR,ERR,ERR,ERR,ERR,ERR,ERR,ERR,ERR,ERR,ERR,ERR,ERR,ERR,ERR,ERR,ERR,ERR,ERR,ERR,ERR,ERR,ERR,ERR,ERR,ERR,ERR,ERR,ERR,ERR,ERR,ERR,ERR,ERR,ERR,ERR,ERR,ERR,ERR,ERR,ERR,ERR,ERR,ERR,ERR,ERR,ERR,ERR,ERR,ERR,ERR,ERR,ERR,ERR,ERR,ERR,ERR,ERR,ERR,ERR,ERR,ERR,ERR,ERR,ERR,ERR,ERR,ERR,ERR,ERR,ERR,ERR,ERR,ERR,ERR,ERR,ERR,ERR,ERR,ERR,ERR,ERR,ERR,ERR,ERR,ERR,ERR,ERR,ERR,ERR,ERR,ERR,ERR,ERR,ERR,ERR,ERR,ERR,ERR,ERR,ERR,ERR,ERR,ERR,ERR,ERR,ERR,ERR,ERR,ERR,ERR,ERR,ERR,ERR,ERR,ERR,ERR,ERR,ERR,ERR,ERR,ERR,ERR,ERR,ERR,ERR,ERR,ERR,ERR,ERR,ERR,ERR,ERR,ERR,ERR,ERR,ERR,ERR,ERR,ERR,ERR,ERR,ERR,ERR,ERR,ERR,ERR,ERR
2026-04-04T11:07:02,ERR,ERR,ERR,ERR,ERR,ERR,ERR,ERR,ERR,ERR,ERR,ERR,ERR,ERR,ERR,ERR,ERR,ERR,ERR,ERR,ERR,ERR,ERR,ERR,ERR,ERR,ERR,ERR,ERR,ERR,ERR,ERR,ERR,ERR,ERR,ERR,ERR,ERR,ERR,ERR,ERR,ERR,ERR,ERR,ERR,ERR,ERR,ERR,ERR,ERR,ERR,ERR,ERR,ERR,ERR,ERR,ERR,ERR,ERR,ERR,ERR,ERR,ERR,ERR,ERR,ERR,ERR,ERR,ERR,ERR,ERR,ERR,ERR,ERR,ERR,ERR,ERR,ERR,ERR,ERR,ERR,ERR,ERR,ERR,ERR,ERR,ERR,ERR,ERR,ERR,ERR,ERR,ERR,ERR,ERR,ERR,ERR,ERR,ERR,ERR,ERR,ERR,ERR,ERR,ERR,ERR,ERR,ERR,ERR,ERR,ERR,ERR,ERR,ERR,ERR,ERR,ERR,ERR,ERR,ERR,ERR,ERR,ERR,ERR,ERR,ERR,ERR,ERR,ERR,ERR,ERR,ERR,ERR,ERR,ERR,ERR,ERR,ERR,ERR,ERR,ERR,ERR,ERR,ERR,ERR,ERR,ERR,ERR,ERR,ERR,ERR,ERR,ERR,ERR,ERR,ERR,ERR,ERR,ERR,ERR,ERR,ERR,ERR,ERR,ERR,ERR,ERR,ERR,ERR,ERR,ERR,ERR,ERR,ERR,ERR,ERR,ERR,ERR,ERR,ERR,ERR,ERR,ERR,ERR,ERR,ERR,ERR,ERR,ERR,ERR,ERR,ERR,ERR,ERR,ERR,ERR,ERR,ERR,ERR,ERR,ERR,ERR,ERR,ERR,ERR,ERR,ERR,ERR,ERR,ERR,ERR,ERR,ERR,ERR,ERR,ERR,ERR,ERR,ERR,ERR,ERR,ERR,ERR,ERR,ERR,ERR,ERR,ERR,ERR,ERR,ERR,ERR,ERR,ERR,ERR,ERR,ERR,ERR,ERR,ERR,ERR,ERR,ERR,ERR,ERR,ERR,ERR,ERR,ERR,ERR,ERR,ERR,ERR,ERR,ERR,ERR,ERR,ERR,ERR,ERR,ERR,ERR,ERR,ERR,ERR,ERR,ERR,ERR,ERR,ERR,ERR,ERR,ERR,ERR,ERR,ERR,ERR,ERR,ERR,ERR,ERR,ERR,ERR,ERR,ERR,ERR,ERR,ERR,ERR,ERR,ERR,ERR,ERR,ERR,ERR,ERR,ERR,ERR,ERR,ERR,ERR,ERR,ERR,ERR,ERR,ERR,ERR,646,0,690,0,0,0,719,0,792,0,711,0,690,0,645,0,643,0,614,ERR,ERR,ERR,ERR,55952,16787,ERR,ERR,ERR,ERR,ERR,ERR,ERR,ERR,70,ERR,0.0,0.0,0.0,ERR,ERR,ERR,ERR,ERR,ERR,0.0,0.0,0.0,0.0,0.0,0.0,59.2,69,11,65508,41,65476,0,300,0,0,8,20529,65476,0,0,61604,60.0,0.0,0.0,0.0,0.0,0.0
2026-04-04T11:07:03,ERR,ERR,ERR,ERR,ERR,ERR,ERR,ERR,ERR,ERR,ERR,ERR,ERR,ERR,ERR,ERR,ERR,ERR,ERR,ERR,ERR,ERR,ERR,ERR,ERR,ERR,ERR,ERR,ERR,ERR,ERR,ERR,ERR,ERR,ERR,ERR,ERR,ERR,ERR,ERR,ERR,ERR,ERR,ERR,ERR,ERR,ERR,ERR,ERR,ERR,ERR,ERR,ERR,ERR,ERR,ERR,ERR,ERR,ERR,ERR,ERR,ERR,ERR,ERR,ERR,ERR,ERR,ERR,ERR,ERR,ERR,ERR,ERR,ERR,ERR,ERR,ERR,ERR,ERR,ERR,ERR,ERR,ERR,ERR,ERR,ERR,ERR,ERR,ERR,ERR,ERR,ERR,ERR,ERR,ERR,ERR,ERR,ERR,ERR,ERR,ERR,ERR,ERR,ERR,ERR,ERR,ERR,ERR,ERR,ERR,ERR,ERR,ERR,ERR,ERR,ERR,ERR,ERR,ERR,ERR,ERR,ERR,ERR,ERR,ERR,ERR,ERR,ERR,ERR,ERR,ERR,ERR,ERR,ERR,ERR,ERR,ERR,ERR,ERR,ERR,ERR,ERR,ERR,ERR,ERR,ERR,ERR,ERR,ERR,ERR,ERR,ERR,ERR,ERR,ERR,ERR,ERR,ERR,ERR,ERR,ERR,ERR,ERR,ERR,ERR,ERR,ERR,ERR,ERR,ERR,ERR,ERR,ERR,ERR,ERR,ERR,ERR,ERR,ERR,ERR,ERR,ERR,ERR,ERR,ERR,ERR,ERR,ERR,ERR,ERR,ERR,ERR,ERR,ERR,ERR,ERR,ERR,ERR,ERR,ERR,ERR,ERR,ERR,ERR,ERR,ERR,ERR,ERR,ERR,ERR,ERR,ERR,ERR,ERR,ERR,ERR,ERR,ERR,ERR,ERR,ERR,ERR,ERR,ERR,ERR,ERR,ERR,ERR,ERR,ERR,ERR,ERR,ERR,ERR,ERR,ERR,ERR,ERR,ERR,ERR,ERR,ERR,ERR,ERR,ERR,ERR,ERR,ERR,ERR,ERR,ERR,ERR,ERR,ERR,ERR,ERR,ERR,ERR,ERR,ERR,ERR,ERR,ERR,ERR,ERR,ERR,ERR,ERR,ERR,ERR,ERR,ERR,ERR,ERR,ERR,ERR,ERR,ERR,ERR,ERR,ERR,ERR,ERR,ERR,ERR,ERR,ERR,ERR,ERR,ERR,ERR,ERR,ERR,ERR,ERR,ERR,ERR,ERR,ERR,ERR,ERR,ERR,ERR,ERR,ERR,ERR,ERR,646,0,690,0,0,0,719,0,792,0,711,0,690,0,645,0,643,0,614,ERR,ERR,ERR,ERR,55952,16787,ERR,ERR,ERR,ERR,ERR,ERR,ERR,ERR,70,ERR,0.0,0.0,0.0,ERR,ERR,ERR,ERR,ERR,ERR,0.0,0.0,0.0,0.0,0.0,0.0,59.2,69,11,65508,41,65476,0,300,0,0,8,20529,65476,0,0,61604,60.0,0.0,0.0,0.0,0.0,0.0
2026-04-04T11:07:04,ERR,ERR,ERR,ERR,ERR,ERR,ERR,ERR,ERR,ERR,ERR,ERR,ERR,ERR,ERR,ERR,ERR,ERR,ERR,ERR,ERR,ERR,ERR,ERR,ERR,ERR,ERR,ERR,ERR,ERR,ERR,ERR,ERR,ERR,ERR,ERR,ERR,ERR,ERR,ERR,ERR,ERR,ERR,ERR,ERR,ERR,ERR,ERR,ERR,ERR,ERR,ERR,ERR,ERR,ERR,ERR,ERR,ERR,ERR,ERR,ERR,ERR,ERR,ERR,ERR,ERR,ERR,ERR,ERR,ERR,ERR,ERR,ERR,ERR,ERR,ERR,ERR,ERR,ERR,ERR,ERR,ERR,ERR,ERR,ERR,ERR,ERR,ERR,ERR,ERR,ERR,ERR,ERR,ERR,ERR,ERR,ERR,ERR,ERR,ERR,ERR,ERR,ERR,ERR,ERR,ERR,ERR,ERR,ERR,ERR,ERR,ERR,ERR,ERR,ERR,ERR,ERR,ERR,ERR,ERR,ERR,ERR,ERR,ERR,ERR,ERR,ERR,ERR,ERR,ERR,ERR,ERR,ERR,ERR,ERR,ERR,ERR,ERR,ERR,ERR,ERR,ERR,ERR,ERR,ERR,ERR,ERR,ERR,ERR,ERR,ERR,ERR,ERR,ERR,ERR,ERR,ERR,ERR,ERR,ERR,ERR,ERR,ERR,ERR,ERR,ERR,ERR,ERR,ERR,ERR,ERR,ERR,ERR,ERR,ERR,ERR,ERR,ERR,ERR,ERR,ERR,ERR,ERR,ERR,ERR,ERR,ERR,ERR,ERR,ERR,ERR,ERR,ERR,ERR,ERR,ERR,ERR,ERR,ERR,ERR,ERR,ERR,ERR,ERR,ERR,ERR,ERR,ERR,ERR,ERR,ERR,ERR,ERR,ERR,ERR,ERR,ERR,ERR,ERR,ERR,ERR,ERR,ERR,ERR,ERR,ERR,ERR,ERR,ERR,ERR,ERR,ERR,ERR,ERR,ERR,ERR,ERR,ERR,ERR,ERR,ERR,ERR,ERR,ERR,ERR,ERR,ERR,ERR,ERR,ERR,ERR,ERR,ERR,ERR,ERR,ERR,ERR,ERR,ERR,ERR,ERR,ERR,ERR,ERR,ERR,ERR,ERR,ERR,ERR,ERR,ERR,ERR,ERR,ERR,ERR,ERR,ERR,ERR,ERR,ERR,ERR,ERR,ERR,ERR,ERR,ERR,ERR,ERR,ERR,ERR,ERR,ERR,ERR,ERR,ERR,ERR,ERR,ERR,ERR,ERR,ERR,ERR,ERR,ERR,ERR,ERR,ERR,646,0,690,0,0,0,719,0,792,0,711,0,690,0,645,0,643,0,614,ERR,ERR,ERR,ERR,55952,16787,ERR,ERR,ERR,ERR,ERR,ERR,ERR,ERR,70,ERR,0.0,0.0,0.0,ERR,ERR,ERR,ERR,ERR,ERR,0.0,0.0,0.0,0.0,0.0,0.0,59.2,69,11,65508,41,65476,0,300,0,0,8,20529,65476,0,0,61604,60.0,0.0,0.0,0.0,0.0,0.0
2026-04-04T11:07:05,ERR,ERR,ERR,ERR,ERR,ERR,ERR,ERR,ERR,ERR,ERR,ERR,ERR,ERR,ERR,ERR,ERR,ERR,ERR,ERR,ERR,ERR,ERR,ERR,ERR,ERR,ERR,ERR,ERR,ERR,ERR,ERR,ERR,ERR,ERR,ERR,ERR,ERR,ERR,ERR,ERR,ERR,ERR,ERR,ERR,ERR,ERR,ERR,ERR,ERR,ERR,ERR,ERR,ERR,ERR,ERR,ERR,ERR,ERR,ERR,ERR,ERR,ERR,ERR,ERR,ERR,ERR,ERR,ERR,ERR,ERR,ERR,ERR,ERR,ERR,ERR,ERR,ERR,ERR,ERR,ERR,ERR,ERR,ERR,ERR,ERR,ERR,ERR,ERR,ERR,ERR,ERR,ERR,ERR,ERR,ERR,ERR,ERR,ERR,ERR,ERR,ERR,ERR,ERR,ERR,ERR,ERR,ERR,ERR,ERR,ERR,ERR,ERR,ERR,ERR,ERR,ERR,ERR,ERR,ERR,ERR,ERR,ERR,ERR,ERR,ERR,ERR,ERR,ERR,ERR,ERR,ERR,ERR,ERR,ERR,ERR,ERR,ERR,ERR,ERR,ERR,ERR,ERR,ERR,ERR,ERR,ERR,ERR,ERR,ERR,ERR,ERR,ERR,ERR,ERR,ERR,ERR,ERR,ERR,ERR,ERR,ERR,ERR,ERR,ERR,ERR,ERR,ERR,ERR,ERR,ERR,ERR,ERR,ERR,ERR,ERR,ERR,ERR,ERR,ERR,ERR,ERR,ERR,ERR,ERR,ERR,ERR,ERR,ERR,ERR,ERR,ERR,ERR,ERR,ERR,ERR,ERR,ERR,ERR,ERR,ERR,ERR,ERR,ERR,ERR,ERR,ERR,ERR,ERR,ERR,ERR,ERR,ERR,ERR,ERR,ERR,ERR,ERR,ERR,ERR,ERR,ERR,ERR,ERR,ERR,ERR,ERR,ERR,ERR,ERR,ERR,ERR,ERR,ERR,ERR,ERR,ERR,ERR,ERR,ERR,ERR,ERR,ERR,ERR,ERR,ERR,ERR,ERR,ERR,ERR,ERR,ERR,ERR,ERR,ERR,ERR,ERR,ERR,ERR,ERR,ERR,ERR,ERR,ERR,ERR,ERR,ERR,ERR,ERR,ERR,ERR,ERR,ERR,ERR,ERR,ERR,ERR,ERR,ERR,ERR,ERR,ERR,ERR,ERR,ERR,ERR,ERR,ERR,ERR,ERR,ERR,ERR,ERR,ERR,ERR,ERR,ERR,ERR,ERR,ERR,ERR,ERR,ERR,ERR,ERR,ERR,ERR,646,0,690,0,0,0,719,0,792,0,711,0,690,0,645,0,643,0,614,ERR,ERR,ERR,ERR,55952,16787,ERR,ERR,ERR,ERR,ERR,ERR,29.0,60.0,70,0.0,0.0,0.0,0.0,0.0,0.0,0.0,0.0,0.0,0.0,0.0,0.0,0.0,0.0,0.0,0.0,59.2,69,11,65508,41,65476,0,300,0,0,8,20529,65476,0,0,61604,60.0,0.0,0.0,0.0,0.0,0.0
2026-04-04T11:07:06,ERR,ERR,ERR,ERR,ERR,ERR,ERR,ERR,ERR,ERR,ERR,ERR,ERR,ERR,ERR,ERR,ERR,ERR,ERR,ERR,ERR,ERR,ERR,ERR,ERR,ERR,ERR,ERR,ERR,ERR,ERR,ERR,ERR,ERR,ERR,ERR,ERR,ERR,ERR,ERR,ERR,ERR,ERR,ERR,ERR,ERR,ERR,ERR,ERR,ERR,ERR,ERR,ERR,ERR,ERR,ERR,ERR,ERR,ERR,ERR,ERR,ERR,ERR,ERR,ERR,ERR,ERR,ERR,ERR,ERR,ERR,ERR,ERR,ERR,ERR,ERR,ERR,ERR,ERR,ERR,ERR,ERR,ERR,ERR,ERR,ERR,ERR,ERR,ERR,ERR,ERR,ERR,ERR,ERR,ERR,ERR,ERR,ERR,ERR,ERR,ERR,ERR,ERR,ERR,ERR,ERR,ERR,ERR,ERR,ERR,ERR,ERR,ERR,ERR,ERR,ERR,ERR,ERR,ERR,ERR,ERR,ERR,ERR,ERR,ERR,ERR,ERR,ERR,ERR,ERR,ERR,ERR,ERR,ERR,ERR,ERR,ERR,ERR,ERR,ERR,ERR,ERR,ERR,ERR,ERR,ERR,ERR,ERR,ERR,ERR,ERR,ERR,ERR,ERR,ERR,ERR,ERR,ERR,ERR,ERR,ERR,ERR,ERR,ERR,ERR,ERR,ERR,ERR,ERR,ERR,ERR,ERR,ERR,ERR,ERR,ERR,ERR,ERR,ERR,ERR,ERR,ERR,ERR,ERR,ERR,ERR,ERR,ERR,ERR,ERR,ERR,ERR,ERR,ERR,ERR,ERR,ERR,ERR,ERR,ERR,ERR,ERR,ERR,ERR,ERR,ERR,ERR,ERR,ERR,ERR,ERR,ERR,ERR,ERR,ERR,ERR,ERR,ERR,ERR,ERR,ERR,ERR,ERR,ERR,ERR,ERR,ERR,ERR,ERR,ERR,ERR,ERR,ERR,ERR,ERR,ERR,ERR,ERR,ERR,ERR,ERR,ERR,ERR,ERR,ERR,ERR,ERR,ERR,ERR,ERR,ERR,ERR,ERR,ERR,ERR,ERR,ERR,ERR,ERR,ERR,ERR,ERR,ERR,ERR,ERR,ERR,ERR,ERR,ERR,ERR,ERR,0,52429,17039,26215,17054,13107,17038,0,0,0,110,100,100,-0.0,64.0,0.0,64.5,0.0,69.0,1,49,50,180,13107,0,0,0,0.0,0.0,0.0,0.0,1.5009618912706413e+35,65.0,0.0,7176.25,0.0,646,0,690,0,0,0,719,0,792,0,711,0,690,0,645,0,643,0,615,0.032,36700160.0,-0.0,-0.0,40592,16787,-0.0,7176.25,-1.2680585998761984e+17,-0.0,-212232.156,-0.0,29.0,60.0,70,0.0,0.0,0.0,0.0,0.0,0.0,0.0,0.0,0.0,0.0,0.0,0.0,0.0,0.0,0.0,0.0,59.2,69,11,65508,41,65476,0,300,0,0,8,20529,65476,0,0,61604,60.0,0.0,0.0,0.0,0.0,0.0
2026-04-04T11:07:07,ERR,ERR,ERR,ERR,ERR,ERR,ERR,ERR,ERR,ERR,ERR,ERR,ERR,ERR,ERR,ERR,ERR,ERR,ERR,ERR,ERR,ERR,ERR,ERR,ERR,ERR,ERR,ERR,ERR,ERR,ERR,ERR,ERR,ERR,ERR,ERR,ERR,ERR,ERR,ERR,ERR,ERR,ERR,ERR,ERR,ERR,ERR,ERR,ERR,ERR,ERR,ERR,ERR,ERR,ERR,ERR,ERR,ERR,ERR,ERR,ERR,ERR,ERR,ERR,ERR,ERR,ERR,ERR,ERR,ERR,ERR,ERR,ERR,ERR,ERR,ERR,ERR,ERR,ERR,ERR,ERR,ERR,ERR,ERR,ERR,ERR,ERR,ERR,ERR,ERR,ERR,ERR,ERR,ERR,ERR,ERR,ERR,ERR,ERR,ERR,ERR,ERR,ERR,ERR,ERR,ERR,ERR,ERR,ERR,ERR,ERR,ERR,ERR,ERR,ERR,ERR,ERR,ERR,ERR,ERR,ERR,ERR,ERR,ERR,ERR,ERR,ERR,ERR,ERR,ERR,ERR,ERR,ERR,0,0,0,32768,0,ERR,0,ERR,ERR,ERR,ERR,ERR,0,0,0,0,ERR,0,0,0,0,0,0,0,0,0,0,0,0,0,0,0,0,0,0,0,0,0,0,0,0,0,0,0,0,0,0,0,0,0,0,0,0,0,0,0,0,0,0,0,0,ERR,ERR,ERR,ERR,ERR,ERR,ERR,ERR,ERR,ERR,ERR,ERR,ERR,ERR,ERR,ERR,ERR,ERR,0.0,0.0,0.0,0.0,0.0,0.0,-2.004,0.0,0.0,0.0,0.0,0.0,3420.5,0.0,0.0,2.7184278591402704e+23,0.0,-0.0,0.0,0.0,0.0,0.0,0.0,0,2.7184278591402704e+23,-0.0,0.0,0.0,0.0,0.0,0.0,0.0,0.0,0,0,0,0.0,0.0,0.0,0.0,0.0,0.0,0.0,0.0,0.0,0.0,0.0,0.0,0.0,0.0,0.0,0.0,0,-107875648.0,0,0.0,0,-107875648.0,-107877712.0,0,52429,17039,26215,17054,13107,17038,0,0,0,110,100,100,-0.0,64.0,0.0,64.5,0.0,69.0,1,49,50,180,13107,0,0,0,0.0,0.0,0.0,0.0,1.5009618912706413e+35,65.0,0.0,7176.25,0.0,646,0,690,0,0,0,719,0,792,0,711,0,690,0,645,0,643,0,615,0.032,36700160.0,-0.0,-0.0,40592,16787,-0.0,7176.25,-1.2680585998761984e+17,-0.0,-212232.156,-0.0,29.0,60.0,70,0.0,0.0,0.0,0.0,0.0,0.0,0.0,0.0,0.0,0.0,0.0,0.0,0.0,0.0,0.0,0.0,59.2,69,11,65508,41,65476,0,300,0,0,8,20529,65476,0,0,61604,60.0,0.0,0.0,0.0,0.0,0.0
2026-04-04T11:07:08,ERR,ERR,ERR,ERR,ERR,ERR,ERR,ERR,ERR,ERR,ERR,ERR,ERR,ERR,ERR,ERR,ERR,ERR,ERR,ERR,ERR,ERR,ERR,ERR,ERR,ERR,ERR,ERR,ERR,ERR,ERR,ERR,ERR,ERR,ERR,ERR,ERR,ERR,ERR,ERR,ERR,ERR,ERR,ERR,ERR,ERR,ERR,ERR,ERR,ERR,ERR,ERR,ERR,ERR,ERR,ERR,ERR,ERR,ERR,ERR,ERR,ERR,ERR,ERR,ERR,ERR,ERR,ERR,ERR,ERR,ERR,ERR,ERR,ERR,ERR,ERR,ERR,ERR,ERR,ERR,ERR,ERR,ERR,ERR,ERR,ERR,ERR,ERR,ERR,ERR,ERR,ERR,ERR,ERR,ERR,ERR,ERR,ERR,ERR,ERR,ERR,ERR,ERR,ERR,ERR,ERR,ERR,ERR,ERR,ERR,ERR,ERR,ERR,ERR,ERR,ERR,ERR,ERR,ERR,ERR,ERR,ERR,ERR,ERR,ERR,ERR,ERR,ERR,ERR,ERR,ERR,ERR,ERR,0,0,0,32768,0,ERR,0,ERR,ERR,ERR,ERR,ERR,0,0,0,0,ERR,0,0,0,0,0,0,0,0,0,0,0,0,0,0,0,0,0,0,0,0,0,0,0,0,0,0,0,0,0,0,0,0,0,0,0,0,0,0,0,0,0,0,0,0,ERR,ERR,ERR,ERR,ERR,ERR,ERR,ERR,ERR,ERR,ERR,ERR,ERR,ERR,ERR,ERR,ERR,ERR,0.0,0.0,0.0,0.0,0.0,0.0,-2.004,0.0,0.0,0.0,0.0,0.0,3420.5,0.0,0.0,2.7184278591402704e+23,0.0,-0.0,0.0,0.0,0.0,0.0,0.0,0,2.7184278591402704e+23,-0.0,0.0,0.0,0.0,0.0,0.0,0.0,0.0,0,0,0,0.0,0.0,0.0,0.0,0.0,0.0,0.0,0.0,0.0,0.0,0.0,0.0,0.0,0.0,0.0,0.0,0,-107875648.0,0,0.0,0,-107875648.0,-107877712.0,0,52429,17039,26215,17054,13107,17038,0,0,0,110,100,100,-0.0,64.0,0.0,64.5,0.0,69.0,1,49,50,180,13107,0,0,0,0.0,0.0,0.0,0.0,1.5009618912706413e+35,65.0,0.0,7176.25,0.0,646,0,690,0,0,0,719,0,792,0,711,0,690,0,645,0,643,0,615,0.032,36700160.0,-0.0,-0.0,40592,16787,-0.0,7176.25,-1.2680585998761984e+17,-0.0,-212232.156,-0.0,29.0,60.0,70,0.0,0.0,0.0,0.0,0.0,0.0,0.0,0.0,0.0,0.0,0.0,0.0,0.0,0.0,0.0,0.0,59.2,69,11,65508,41,65476,0,300,0,0,8,20529,65476,0,0,61604,60.0,0.0,0.0,0.0,0.0,0.0
2026-04-04T11:07:09,ERR,ERR,ERR,ERR,ERR,ERR,ERR,ERR,ERR,ERR,ERR,ERR,ERR,ERR,ERR,ERR,ERR,ERR,ERR,ERR,ERR,ERR,ERR,ERR,ERR,ERR,ERR,ERR,ERR,ERR,ERR,ERR,ERR,ERR,ERR,ERR,ERR,ERR,ERR,ERR,ERR,ERR,ERR,ERR,ERR,ERR,ERR,ERR,ERR,ERR,ERR,ERR,ERR,ERR,ERR,ERR,ERR,ERR,ERR,ERR,ERR,ERR,ERR,ERR,ERR,ERR,ERR,ERR,ERR,ERR,ERR,ERR,ERR,ERR,ERR,ERR,ERR,ERR,ERR,ERR,ERR,ERR,ERR,ERR,ERR,ERR,ERR,ERR,ERR,ERR,ERR,ERR,ERR,ERR,ERR,ERR,ERR,ERR,ERR,ERR,ERR,ERR,ERR,ERR,ERR,ERR,ERR,ERR,ERR,ERR,ERR,ERR,ERR,ERR,ERR,ERR,ERR,ERR,ERR,ERR,ERR,ERR,ERR,ERR,ERR,ERR,ERR,ERR,ERR,ERR,ERR,ERR,ERR,0,0,0,32768,0,ERR,0,ERR,ERR,ERR,ERR,ERR,0,0,0,0,ERR,0,0,0,0,0,0,0,0,0,0,0,0,0,0,0,0,0,0,0,0,0,0,0,0,0,0,0,0,0,0,0,0,0,0,0,0,0,0,0,0,0,0,0,0,ERR,ERR,ERR,ERR,ERR,ERR,ERR,ERR,ERR,ERR,ERR,ERR,ERR,ERR,ERR,ERR,ERR,ERR,0.0,0.0,0.0,0.0,0.0,0.0,-2.004,0.0,0.0,0.0,0.0,0.0,3420.5,0.0,0.0,2.7184278591402704e+23,0.0,-0.0,0.0,0.0,0.0,0.0,0.0,0,2.7184278591402704e+23,-0.0,0.0,0.0,0.0,0.0,0.0,0.0,0.0,0,0,0,0.0,0.0,0.0,0.0,0.0,0.0,0.0,0.0,0.0,0.0,0.0,0.0,0.0,0.0,0.0,0.0,0,-107875648.0,0,0.0,0,-107875648.0,-107877712.0,0,52429,17039,26215,17054,13107,17038,0,0,0,110,100,100,-0.0,64.0,0.0,64.5,0.0,69.0,1,49,50,180,13107,0,0,0,0.0,0.0,0.0,0.0,1.5009618912706413e+35,65.0,0.0,7176.25,0.0,646,0,690,0,0,0,719,0,792,0,711,0,690,0,645,0,643,0,615,0.032,36700160.0,-0.0,-0.0,40592,16787,-0.0,7176.25,-1.2680585998761984e+17,-0.0,-212232.156,-0.0,29.0,60.0,70,0.0,0.0,0.0,0.0,0.0,0.0,0.0,0.0,0.0,0.0,0.0,0.0,0.0,0.0,0.0,0.0,59.6,69,11,65508,41,65476,0,300,0,0,8,20529,65476,0,0,61604,60.0,0.0,0.0,0.0,0.0,0.0
2026-04-04T11:07:10,ERR,ERR,ERR,ERR,ERR,ERR,ERR,ERR,ERR,ERR,ERR,ERR,ERR,ERR,ERR,ERR,ERR,ERR,ERR,ERR,ERR,ERR,ERR,ERR,ERR,ERR,ERR,ERR,ERR,ERR,ERR,ERR,ERR,ERR,ERR,ERR,ERR,ERR,ERR,ERR,ERR,ERR,ERR,ERR,ERR,ERR,ERR,ERR,ERR,ERR,ERR,ERR,ERR,ERR,ERR,ERR,ERR,ERR,ERR,ERR,ERR,ERR,ERR,ERR,ERR,ERR,ERR,ERR,ERR,ERR,ERR,ERR,ERR,ERR,ERR,ERR,ERR,ERR,ERR,ERR,ERR,ERR,ERR,ERR,ERR,ERR,ERR,ERR,ERR,ERR,ERR,ERR,ERR,ERR,ERR,ERR,ERR,ERR,ERR,ERR,ERR,ERR,ERR,ERR,ERR,ERR,ERR,ERR,ERR,ERR,ERR,ERR,ERR,ERR,ERR,ERR,ERR,ERR,ERR,ERR,ERR,ERR,ERR,ERR,ERR,ERR,ERR,ERR,ERR,ERR,ERR,ERR,ERR,0,0,0,32768,0,ERR,0,ERR,ERR,ERR,ERR,ERR,0,0,0,0,ERR,0,0,0,0,0,0,0,0,0,0,0,0,0,0,0,0,0,0,0,0,0,0,0,0,0,0,0,0,0,0,0,0,0,0,0,0,0,0,0,0,0,0,0,0,ERR,ERR,ERR,ERR,ERR,ERR,ERR,ERR,ERR,ERR,ERR,ERR,ERR,ERR,ERR,ERR,ERR,ERR,0.0,0.0,0.0,0.0,0.0,0.0,-2.004,0.0,0.0,0.0,0.0,0.0,3420.5,0.0,0.0,2.7184278591402704e+23,0.0,-0.0,0.0,0.0,0.0,0.0,0.0,0,2.7184278591402704e+23,-0.0,0.0,0.0,0.0,0.0,0.0,0.0,0.0,0,0,0,0.0,0.0,0.0,0.0,0.0,0.0,0.0,0.0,0.0,0.0,0.0,0.0,0.0,0.0,0.0,0.0,0,-107875648.0,0,0.0,0,-107875648.0,-107877712.0,0,52429,17039,26215,17054,13107,17038,0,0,0,110,100,100,-0.0,64.0,0.0,64.5,0.0,69.0,1,49,50,180,13107,0,0,0,0.0,0.0,0.0,0.0,1.5009618912706413e+35,65.0,0.0,7176.25,0.0,646,0,690,0,0,0,719,0,792,0,711,0,690,0,645,0,643,0,615,0.032,36700160.0,-0.0,-0.0,40592,16787,-0.0,7176.25,-1.2680585998761984e+17,-0.0,-212232.156,-0.0,29.0,60.0,70,0.0,0.0,0.0,0.0,0.0,0.0,0.0,0.0,0.0,0.0,0.0,0.0,0.0,0.0,0.0,0.0,59.6,69,11,65508,41,65476,0,300,0,0,8,20529,65476,0,0,61604,60.0,0.0,0.0,0.0,0.0,0.0
2026-04-04T11:07:11,ERR,ERR,ERR,ERR,ERR,ERR,ERR,ERR,ERR,ERR,ERR,ERR,ERR,ERR,ERR,ERR,ERR,ERR,ERR,ERR,ERR,ERR,ERR,ERR,ERR,ERR,ERR,ERR,ERR,ERR,ERR,ERR,ERR,ERR,ERR,ERR,ERR,ERR,ERR,ERR,ERR,ERR,ERR,ERR,ERR,ERR,ERR,ERR,ERR,ERR,ERR,ERR,ERR,ERR,ERR,ERR,ERR,ERR,ERR,ERR,ERR,ERR,ERR,ERR,ERR,ERR,ERR,ERR,ERR,ERR,ERR,ERR,ERR,ERR,ERR,ERR,ERR,ERR,ERR,ERR,ERR,ERR,ERR,ERR,ERR,ERR,ERR,ERR,ERR,ERR,ERR,ERR,ERR,ERR,ERR,ERR,ERR,ERR,ERR,ERR,ERR,ERR,ERR,ERR,ERR,ERR,ERR,ERR,ERR,ERR,ERR,ERR,ERR,ERR,ERR,ERR,ERR,ERR,ERR,ERR,ERR,ERR,ERR,ERR,ERR,ERR,ERR,ERR,ERR,ERR,ERR,ERR,ERR,0,0,0,32768,0,ERR,0,ERR,ERR,ERR,ERR,ERR,0,0,0,0,ERR,0,0,0,0,0,0,0,0,0,0,0,0,0,0,0,0,0,0,0,0,0,0,0,0,0,0,0,0,0,0,0,0,0,0,0,0,0,0,0,0,0,0,0,0,ERR,ERR,ERR,ERR,ERR,ERR,ERR,ERR,ERR,ERR,ERR,ERR,ERR,ERR,ERR,ERR,ERR,ERR,0.0,0.0,0.0,0.0,0.0,0.0,-2.004,0.0,0.0,0.0,0.0,0.0,3420.5,0.0,0.0,2.7184278591402704e+23,0.0,-0.0,0.0,0.0,0.0,0.0,0.0,0,2.7184278591402704e+23,-0.0,0.0,0.0,0.0,0.0,0.0,0.0,0.0,0,0,0,0.0,0.0,0.0,0.0,0.0,0.0,0.0,0.0,0.0,0.0,0.0,0.0,0.0,0.0,0.0,0.0,0,-107875648.0,0,0.0,0,-107875648.0,-107877712.0,0,52429,17039,26215,17054,13107,17038,0,0,0,110,100,100,-0.0,64.0,0.0,64.5,0.0,69.0,1,49,50,180,13107,0,0,0,0.0,0.0,0.0,0.0,4.0584619909678906e+37,65.0,0.0,2.6549522156011775e+27,0.0,646,0,690,0,0,0,719,0,792,0,711,0,690,0,645,0,643,0,615,0.032,46661632.0,-2.004,0.0,43920,16787,-0.0,2.6549522156011775e+27,-3.4477238334900834e+29,-0.0,-2684491399168.0,-0.0,29.0,60.0,70,0.0,0.0,0.0,0.0,0.0,0.0,0.0,0.0,0.0,0.0,0.0,0.0,0.0,0.0,0.0,0.0,59.2,69,11,65508,41,65476,0,300,0,0,8,20529,65476,0,0,61604,60.0,0.0,0.0,0.0,0.0,0.0
2026-04-04T11:07:12,ERR,ERR,ERR,ERR,ERR,ERR,ERR,ERR,ERR,ERR,ERR,ERR,ERR,ERR,ERR,ERR,ERR,ERR,ERR,ERR,ERR,ERR,ERR,ERR,ERR,ERR,ERR,ERR,ERR,ERR,ERR,ERR,ERR,ERR,ERR,ERR,ERR,ERR,ERR,ERR,ERR,ERR,ERR,ERR,ERR,ERR,ERR,ERR,ERR,ERR,ERR,ERR,ERR,ERR,ERR,ERR,ERR,ERR,ERR,ERR,ERR,ERR,ERR,ERR,ERR,ERR,ERR,ERR,ERR,ERR,ERR,ERR,ERR,ERR,ERR,ERR,ERR,ERR,ERR,ERR,ERR,ERR,ERR,ERR,ERR,ERR,ERR,ERR,ERR,ERR,ERR,ERR,ERR,ERR,ERR,ERR,ERR,ERR,ERR,ERR,ERR,ERR,ERR,ERR,ERR,ERR,ERR,ERR,ERR,ERR,ERR,ERR,ERR,ERR,ERR,ERR,ERR,ERR,ERR,ERR,ERR,ERR,ERR,ERR,ERR,ERR,ERR,ERR,ERR,ERR,ERR,ERR,ERR,0,0,0,32768,0,ERR,0,ERR,ERR,ERR,ERR,ERR,0,0,0,0,ERR,0,0,0,0,0,0,0,0,0,0,0,0,0,0,0,0,0,0,0,0,0,0,0,0,0,0,0,0,0,0,0,0,0,0,0,0,0,0,0,0,0,0,0,0,ERR,ERR,ERR,ERR,ERR,ERR,ERR,ERR,ERR,ERR,ERR,ERR,ERR,ERR,ERR,ERR,ERR,ERR,0.0,0.0,0.0,0.0,0.0,0.0,-2.004,0.0,0.0,0.0,0.0,0.0,3420.5,0.0,0.0,2.7184278591402704e+23,0.0,-0.0,0.0,0.0,0.0,0.0,0.0,0,2.7184278591402704e+23,-0.0,0.0,0.0,0.0,0.0,0.0,0.0,0.0,0,0,0,0.0,0.0,0.0,0.0,0.0,0.0,0.0,0.0,0.0,0.0,0.0,0.0,0.0,0.0,0.0,0.0,0,-107875648.0,0,0.0,0,-107875648.0,-107877712.0,0,52429,17039,26215,17054,13107,17038,0,0,0,110,100,100,-0.0,64.0,0.0,64.5,0.0,69.0,1,49,50,180,13107,0,0,0,0.0,0.0,0.0,0.0,4.0584619909678906e+37,65.0,0.0,2.6549522156011775e+27,0.0,646,0,690,0,0,0,719,0,792,0,711,0,690,0,645,0,643,0,615,0.032,46661632.0,-2.004,0.0,43920,16787,-0.0,2.6549522156011775e+27,-3.4477238334900834e+29,-0.0,-2684491399168.0,-0.0,29.0,60.0,70,0.0,0.0,0.0,0.0,0.0,0.0,0.0,0.0,0.0,0.0,0.0,0.0,0.0,0.0,0.0,0.0,59.2,69,11,65508,41,65476,0,300,0,0,8,20529,65476,0,0,61604,60.0,0.0,0.0,0.0,0.0,0.0
2026-04-04T11:07:13,ERR,ERR,ERR,ERR,ERR,ERR,ERR,ERR,ERR,ERR,ERR,ERR,ERR,ERR,ERR,ERR,ERR,ERR,ERR,ERR,ERR,ERR,ERR,ERR,ERR,ERR,ERR,ERR,ERR,ERR,ERR,ERR,ERR,ERR,ERR,ERR,ERR,ERR,ERR,ERR,ERR,ERR,ERR,ERR,ERR,ERR,ERR,ERR,ERR,ERR,ERR,ERR,ERR,ERR,ERR,ERR,ERR,ERR,ERR,ERR,ERR,ERR,ERR,ERR,ERR,ERR,ERR,ERR,ERR,ERR,ERR,ERR,ERR,ERR,ERR,ERR,ERR,ERR,ERR,ERR,ERR,ERR,ERR,ERR,ERR,ERR,ERR,ERR,ERR,ERR,ERR,ERR,ERR,ERR,ERR,ERR,ERR,ERR,ERR,ERR,ERR,ERR,ERR,ERR,ERR,ERR,ERR,ERR,ERR,ERR,ERR,ERR,ERR,ERR,ERR,ERR,ERR,ERR,ERR,ERR,ERR,ERR,ERR,ERR,ERR,-0.0,0.0,3.039990997430017e+23,0.0,0.0,0.0,0.0,nan,0,0,0,32768,0,0.0,0,0.0,0.0,0.0,0.0,0.0,0,0,0,0,0.0,0,0,0,0,0,0,0,0,0,0,0,0,0,0,0,0,0,0,0,0,0,0,0,0,0,0,0,0,0,0,0,0,0,0,0,0,0,0,0,0,0,0,0,0,0.0,0.0,0.0,0.0,0.0,0.0,0.0,0.0,0.0,0.0,0.0,0.0,0.0,0.0,0.0,0.0,0.0,0.0,0.0,0.0,0.0,0.0,2.004,0.0,-0.0,0.0,0.0,0.0,0.0,0.0,3403.0,-8608108544.0,0.0,2.7184278591402704e+23,0.0,-0.0,0.0,0.0,0.0,0.0,0.0,0,3.222024165466893e+26,0.0,0.0,0.0,0.0,0.0,0.0,0.0,0.0,0,0,0,0.0,0.0,0.0,0.0,0.0,0.0,0.0,0.0,0.0,0.0,0.0,0.0,0.0,0.0,0.0,0.0,0,-107875648.0,0,0.0,0,-107875648.0,-0.0,0,52429,17039,26215,17054,13107,17038,0,0,0,110,100,100,-0.0,64.0,0.0,64.5,0.0,69.0,1,49,50,180,13107,0,0,0,0.0,0.0,0.0,0.0,4.0584619909678906e+37,65.0,0.0,2.6549522156011775e+27,0.0,646,0,690,0,0,0,719,0,792,0,711,0,690,0,645,0,643,0,615,0.032,46661632.0,-2.004,0.0,43920,16787,-0.0,2.6549522156011775e+27,-3.4477238334900834e+29,-0.0,-2684491399168.0,-0.0,29.0,60.0,70,0.0,0.0,0.0,0.0,0.0,0.0,0.0,0.0,0.0,0.0,0.0,0.0,0.0,0.0,0.0,0.0,59.2,69,11,65508,41,65476,0,300,0,0,8,20529,65476,0,0,61604,60.0,0.0,0.0,0.0,0.0,0.0
2026-04-04T11:07:14,ERR,ERR,ERR,ERR,ERR,ERR,ERR,ERR,ERR,ERR,ERR,ERR,ERR,ERR,ERR,ERR,ERR,ERR,ERR,ERR,ERR,ERR,ERR,ERR,ERR,ERR,ERR,ERR,ERR,ERR,ERR,ERR,ERR,ERR,ERR,ERR,ERR,ERR,ERR,ERR,ERR,ERR,ERR,ERR,ERR,ERR,ERR,ERR,ERR,ERR,ERR,ERR,ERR,ERR,ERR,ERR,ERR,ERR,ERR,ERR,ERR,ERR,ERR,ERR,ERR,ERR,ERR,ERR,ERR,ERR,ERR,ERR,ERR,ERR,ERR,ERR,ERR,ERR,ERR,ERR,ERR,ERR,ERR,ERR,ERR,ERR,ERR,ERR,ERR,ERR,ERR,ERR,ERR,ERR,ERR,ERR,ERR,ERR,ERR,ERR,ERR,ERR,ERR,ERR,ERR,ERR,ERR,ERR,ERR,ERR,ERR,ERR,ERR,ERR,ERR,ERR,ERR,ERR,ERR,ERR,ERR,ERR,ERR,ERR,ERR,-0.0,0.0,3.039990997430017e+23,0.0,0.0,0.0,0.0,nan,0,0,0,32768,0,0.0,0,0.0,0.0,0.0,0.0,0.0,0,0,0,0,0.0,0,0,0,0,0,0,0,0,0,0,0,0,0,0,0,0,0,0,0,0,0,0,0,0,0,0,0,0,0,0,0,0,0,0,0,0,0,0,0,0,0,0,0,0,0.0,0.0,0.0,0.0,0.0,0.0,0.0,0.0,0.0,0.0,0.0,0.0,0.0,0.0,0.0,0.0,0.0,0.0,0.0,0.0,0.0,0.0,2.004,0.0,-0.0,0.0,0.0,0.0,0.0,0.0,3403.0,-8608108544.0,0.0,2.7184278591402704e+23,0.0,-0.0,0.0,0.0,0.0,0.0,0.0,0,3.222024165466893e+26,0.0,0.0,0.0,0.0,0.0,0.0,0.0,0.0,0,0,0,0.0,0.0,0.0,0.0,0.0,0.0,0.0,0.0,0.0,0.0,0.0,0.0,0.0,0.0,0.0,0.0,0,-107875648.0,0,0.0,0,-107875648.0,-0.0,0,52429,17039,26215,17054,13107,17038,0,0,0,110,100,100,-0.0,64.0,0.0,64.5,0.0,69.0,1,49,50,180,13107,0,0,0,0.0,0.0,0.0,0.0,4.0584619909678906e+37,65.0,0.0,2.6549522156011775e+27,0.0,646,0,690,0,0,0,719,0,792,0,711,0,690,0,645,0,643,0,615,0.032,46661632.0,-2.004,0.0,43920,16787,-0.0,2.6549522156011775e+27,-3.4477238334900834e+29,-0.0,-2684491399168.0,-0.0,29.0,60.0,70,0.0,0.0,0.0,0.0,0.0,0.0,0.0,0.0,0.0,0.0,0.0,0.0,0.0,0.0,0.0,0.0,59.2,69,11,65508,41,65476,0,300,0,0,8,20529,65476,0,0,61604,60.0,0.0,0.0,0.0,0.0,0.0
2026-04-04T11:07:15,ERR,ERR,ERR,ERR,ERR,ERR,ERR,ERR,ERR,ERR,ERR,ERR,ERR,ERR,ERR,ERR,ERR,ERR,ERR,ERR,ERR,ERR,ERR,ERR,ERR,ERR,ERR,ERR,ERR,ERR,ERR,ERR,ERR,ERR,ERR,ERR,ERR,ERR,ERR,ERR,ERR,ERR,ERR,ERR,ERR,ERR,ERR,ERR,ERR,ERR,ERR,ERR,ERR,ERR,ERR,ERR,ERR,ERR,ERR,ERR,ERR,ERR,ERR,ERR,ERR,ERR,ERR,ERR,ERR,ERR,ERR,ERR,ERR,ERR,ERR,ERR,ERR,ERR,ERR,ERR,ERR,ERR,ERR,ERR,ERR,ERR,ERR,ERR,ERR,ERR,ERR,ERR,ERR,ERR,ERR,ERR,ERR,ERR,ERR,ERR,ERR,ERR,ERR,ERR,ERR,ERR,ERR,ERR,ERR,ERR,ERR,ERR,ERR,ERR,ERR,ERR,ERR,ERR,ERR,ERR,ERR,ERR,ERR,ERR,ERR,-0.0,0.0,3.039990997430017e+23,0.0,0.0,0.0,0.0,nan,0,0,0,32768,0,0.0,0,0.0,0.0,0.0,0.0,0.0,0,0,0,0,0.0,0,0,0,0,0,0,0,0,0,0,0,0,0,0,0,0,0,0,0,0,0,0,0,0,0,0,0,0,0,0,0,0,0,0,0,0,0,0,0,0,0,0,0,0,0.0,0.0,0.0,0.0,0.0,0.0,0.0,0.0,0.0,0.0,0.0,0.0,0.0,0.0,0.0,0.0,0.0,0.0,0.0,0.0,0.0,0.0,2.004,0.0,-0.0,0.0,0.0,0.0,0.0,0.0,3403.0,-8608108544.0,0.0,2.7184278591402704e+23,0.0,-0.0,0.0,0.0,0.0,0.0,0.0,0,3.222024165466893e+26,0.0,0.0,0.0,0.0,0.0,0.0,0.0,0.0,0,0,0,0.0,0.0,0.0,0.0,0.0,0.0,0.0,0.0,0.0,0.0,0.0,0.0,0.0,0.0,0.0,0.0,0,-107875648.0,0,0.0,0,-107875648.0,-0.0,0,52429,17039,26215,17054,13107,17038,0,0,0,110,100,100,-0.0,64.0,0.0,64.5,0.0,69.0,1,49,50,180,13107,0,0,0,0.0,0.0,0.0,0.0,4.0584619909678906e+37,65.0,0.0,2.6549522156011775e+27,0.0,646,0,690,0,0,0,719,0,792,0,711,0,690,0,645,0,643,0,615,0.032,46661632.0,-2.004,0.0,43920,16787,-0.0,2.6549522156011775e+27,-3.4477238334900834e+29,-0.0,-2684491399168.0,-0.0,29.0,60.0,70,0.0,0.0,0.0,0.0,0.0,0.0,0.0,0.0,0.0,0.0,0.0,0.0,0.0,0.0,0.0,0.0,59.2,69,11,65508,41,65476,0,300,0,0,8,20529,65476,0,0,61604,60.0,0.0,0.0,0.0,0.0,0.0
2026-04-04T11:07:16,ERR,ERR,ERR,ERR,ERR,ERR,ERR,ERR,ERR,ERR,ERR,ERR,ERR,ERR,ERR,ERR,ERR,ERR,ERR,ERR,ERR,ERR,ERR,ERR,ERR,ERR,ERR,ERR,ERR,ERR,ERR,ERR,ERR,ERR,ERR,ERR,ERR,ERR,ERR,ERR,ERR,ERR,ERR,ERR,ERR,ERR,ERR,ERR,ERR,ERR,ERR,ERR,ERR,ERR,ERR,ERR,ERR,ERR,ERR,ERR,ERR,ERR,ERR,ERR,ERR,ERR,ERR,ERR,ERR,ERR,ERR,ERR,ERR,ERR,ERR,ERR,ERR,ERR,ERR,ERR,ERR,ERR,ERR,ERR,ERR,ERR,ERR,ERR,ERR,ERR,ERR,ERR,ERR,ERR,ERR,ERR,ERR,ERR,ERR,ERR,ERR,ERR,ERR,ERR,ERR,ERR,ERR,ERR,ERR,ERR,ERR,ERR,ERR,ERR,ERR,ERR,ERR,ERR,ERR,ERR,ERR,ERR,ERR,ERR,ERR,-0.0,0.0,3.039990997430017e+23,0.0,0.0,0.0,0.0,nan,0,0,0,32768,0,0.0,0,0.0,0.0,0.0,0.0,0.0,0,0,0,0,0.0,0,0,0,0,0,0,0,0,0,0,0,0,0,0,0,0,0,0,0,0,0,0,0,0,0,0,0,0,0,0,0,0,0,0,0,0,0,0,0,0,0,0,0,0,0.0,0.0,0.0,0.0,0.0,0.0,0.0,0.0,0.0,0.0,0.0,0.0,0.0,0.0,0.0,0.0,0.0,0.0,0.0,0.0,0.0,0.0,2.004,0.0,-0.0,0.0,0.0,0.0,0.0,0.0,3403.0,-8608108544.0,0.0,2.7184278591402704e+23,0.0,-0.0,0.0,0.0,0.0,0.0,0.0,0,3.222024165466893e+26,0.0,0.0,0.0,0.0,0.0,0.0,0.0,0.0,0,0,0,0.0,0.0,0.0,0.0,0.0,0.0,0.0,0.0,0.0,0.0,0.0,0.0,0.0,0.0,0.0,0.0,0,-107875648.0,0,0.0,0,-107875648.0,-0.0,0,52429,17039,26215,17054,13107,17038,0,0,0,110,100,100,-0.0,64.0,0.0,64.5,0.0,69.0,1,49,50,180,13107,0,0,0,0.0,0.0,0.0,0.0,4.657693740027077e+36,65.0,0.0,0.0,0.0,646,0,690,0,0,0,719,0,792,0,711,0,690,0,645,0,643,0,615,0.032,55836672.0,-2.004,0.0,60304,16787,3.0237898163258214e+29,62457856.0,-0.0,3.1893878651935573e+33,-0.0,3.4569500135306734e+22,29.0,60.0,70,0.0,0.0,0.0,0.0,0.0,0.0,0.0,0.0,0.0,0.0,0.0,0.0,0.0,0.0,0.0,0.0,59.6,69,11,65508,41,65476,0,300,0,0,8,20529,65476,0,0,61604,60.0,0.0,0.0,0.0,0.0,0.0
2026-04-04T11:07:17,ERR,ERR,ERR,ERR,ERR,ERR,ERR,ERR,ERR,ERR,ERR,ERR,ERR,ERR,ERR,ERR,ERR,ERR,ERR,ERR,ERR,ERR,ERR,ERR,ERR,ERR,ERR,ERR,ERR,ERR,ERR,ERR,ERR,ERR,ERR,ERR,ERR,ERR,ERR,ERR,ERR,ERR,ERR,ERR,ERR,ERR,ERR,ERR,ERR,ERR,ERR,ERR,ERR,ERR,ERR,ERR,ERR,ERR,ERR,ERR,ERR,ERR,ERR,ERR,ERR,ERR,ERR,ERR,ERR,ERR,ERR,ERR,ERR,ERR,ERR,ERR,ERR,ERR,ERR,ERR,ERR,ERR,ERR,ERR,ERR,ERR,ERR,ERR,ERR,ERR,ERR,ERR,ERR,ERR,ERR,ERR,ERR,ERR,ERR,ERR,ERR,ERR,ERR,ERR,ERR,ERR,ERR,ERR,ERR,ERR,ERR,ERR,ERR,ERR,ERR,ERR,ERR,ERR,ERR,ERR,ERR,ERR,ERR,ERR,ERR,-0.0,0.0,3.039990997430017e+23,0.0,0.0,0.0,0.0,nan,0,0,0,32768,0,0.0,0,0.0,0.0,0.0,0.0,0.0,0,0,0,0,0.0,0,0,0,0,0,0,0,0,0,0,0,0,0,0,0,0,0,0,0,0,0,0,0,0,0,0,0,0,0,0,0,0,0,0,0,0,0,0,0,0,0,0,0,0,0.0,0.0,0.0,0.0,0.0,0.0,0.0,0.0,0.0,0.0,0.0,0.0,0.0,0.0,0.0,0.0,0.0,0.0,0.0,0.0,0.0,0.0,2.004,0.0,-0.0,0.0,0.0,0.0,0.0,0.0,3403.0,-8608108544.0,0.0,2.7184278591402704e+23,0.0,-0.0,0.0,0.0,0.0,0.0,0.0,0,3.222024165466893e+26,0.0,0.0,0.0,0.0,0.0,0.0,0.0,0.0,0,0,0,0.0,0.0,0.0,0.0,0.0,0.0,0.0,0.0,0.0,0.0,0.0,0.0,0.0,0.0,0.0,0.0,0,-107875648.0,0,0.0,0,-107875648.0,-0.0,0,52429,17039,26215,17054,13107,17038,0,0,0,110,100,100,-0.0,64.0,0.0,64.5,0.0,69.0,1,49,50,180,13107,0,0,0,0.0,0.0,0.0,0.0,4.657693740027077e+36,65.0,0.0,0.0,0.0,646,0,690,0,0,0,719,0,792,0,711,0,690,0,645,0,643,0,615,0.032,55836672.0,-2.004,0.0,60304,16787,3.0237898163258214e+29,62457856.0,-0.0,3.1893878651935573e+33,-0.0,3.4569500135306734e+22,29.0,60.0,70,0.0,0.0,0.0,0.0,0.0,0.0,0.0,0.0,0.0,0.0,0.0,0.0,0.0,0.0,0.0,0.0,59.6,69,11,65508,41,65476,0,300,0,0,8,20529,65476,0,0,61604,60.0,0.0,0.0,0.0,0.0,0.0
2026-04-04T11:07:18,ERR,ERR,ERR,ERR,ERR,ERR,ERR,ERR,ERR,ERR,ERR,ERR,ERR,ERR,ERR,ERR,ERR,ERR,ERR,ERR,ERR,ERR,ERR,ERR,ERR,ERR,ERR,ERR,ERR,ERR,ERR,ERR,ERR,ERR,ERR,ERR,ERR,ERR,ERR,ERR,ERR,ERR,ERR,ERR,ERR,ERR,ERR,ERR,ERR,ERR,ERR,ERR,ERR,ERR,ERR,ERR,ERR,ERR,ERR,ERR,ERR,ERR,ERR,ERR,ERR,ERR,ERR,ERR,ERR,ERR,ERR,ERR,ERR,ERR,ERR,ERR,ERR,ERR,ERR,ERR,ERR,ERR,ERR,ERR,ERR,ERR,ERR,ERR,ERR,ERR,ERR,ERR,ERR,ERR,ERR,ERR,ERR,ERR,ERR,ERR,ERR,ERR,ERR,ERR,ERR,ERR,ERR,ERR,ERR,ERR,ERR,ERR,ERR,ERR,ERR,ERR,ERR,ERR,ERR,ERR,ERR,ERR,ERR,ERR,ERR,-0.0,0.0,3.039990997430017e+23,0.0,0.0,0.0,0.0,nan,0,0,0,32768,0,0.0,0,0.0,0.0,0.0,0.0,0.0,0,0,0,0,0.0,0,0,0,0,0,0,0,0,0,0,0,0,0,0,0,0,0,0,0,0,0,0,0,0,0,0,0,0,0,0,0,0,0,0,0,0,0,0,0,0,0,0,0,0,0.0,0.0,0.0,0.0,0.0,0.0,0.0,0.0,0.0,0.0,0.0,0.0,0.0,0.0,0.0,0.0,0.0,0.0,0.0,0.0,0.0,0.0,2.004,0.0,-0.0,0.0,0.0,0.0,0.0,0.0,3403.0,-8608108544.0,0.0,2.7184278591402704e+23,0.0,-0.0,0.0,0.0,0.0,0.0,0.0,0,3.222024165466893e+26,0.0,0.0,0.0,0.0,0.0,0.0,0.0,0.0,0,0,0,0.0,0.0,0.0,0.0,0.0,0.0,0.0,0.0,0.0,0.0,0.0,0.0,0.0,0.0,0.0,0.0,0,-107875648.0,0,0.0,0,-107875648.0,-0.0,0,52429,17039,26215,17054,13107,17038,0,0,0,110,100,100,-0.0,64.0,0.0,64.5,0.0,69.0,1,49,50,180,13107,0,0,0,0.0,0.0,0.0,0.0,4.657693740027077e+36,65.0,0.0,0.0,0.0,646,0,690,0,0,0,719,0,792,0,711,0,690,0,645,0,643,0,615,0.032,55836672.0,-2.004,0.0,60304,16787,3.0237898163258214e+29,62457856.0,-0.0,3.1893878651935573e+33,-0.0,3.4569500135306734e+22,29.0,60.0,70,0.0,0.0,0.0,0.0,0.0,0.0,0.0,0.0,0.0,0.0,0.0,0.0,0.0,0.0,0.0,0.0,59.2,69,11,65508,41,65476,0,300,0,0,8,20529,65476,0,0,61604,60.0,0.0,0.0,0.0,0.0,0.0
2026-04-04T11:07:19,ERR,ERR,ERR,ERR,ERR,ERR,ERR,ERR,ERR,ERR,ERR,ERR,ERR,ERR,ERR,ERR,ERR,ERR,ERR,ERR,ERR,ERR,ERR,ERR,ERR,ERR,ERR,ERR,ERR,ERR,ERR,ERR,ERR,ERR,ERR,ERR,ERR,ERR,ERR,ERR,ERR,ERR,ERR,ERR,ERR,ERR,ERR,ERR,ERR,ERR,ERR,ERR,ERR,ERR,ERR,ERR,ERR,ERR,ERR,ERR,ERR,ERR,ERR,ERR,ERR,ERR,ERR,ERR,ERR,ERR,ERR,ERR,ERR,ERR,ERR,ERR,ERR,ERR,ERR,ERR,ERR,ERR,ERR,ERR,ERR,ERR,ERR,ERR,ERR,ERR,ERR,ERR,ERR,ERR,ERR,ERR,ERR,ERR,ERR,ERR,ERR,ERR,ERR,ERR,ERR,ERR,ERR,ERR,ERR,ERR,ERR,ERR,ERR,ERR,ERR,ERR,ERR,ERR,ERR,ERR,ERR,ERR,ERR,ERR,ERR,-0.0,0.0,3.039990997430017e+23,0.0,0.0,0.0,0.0,nan,0,0,0,32768,0,0.0,0,0.0,0.0,0.0,0.0,0.0,0,0,0,0,0.0,0,0,0,0,0,0,0,0,0,0,0,0,0,0,0,0,0,0,0,0,0,0,0,0,0,0,0,0,0,0,0,0,0,0,0,0,0,0,0,0,0,0,0,0,0.0,0.0,0.0,0.0,0.0,0.0,0.0,0.0,0.0,0.0,0.0,0.0,0.0,0.0,0.0,0.0,0.0,0.0,0.0,0.0,0.0,0.0,2.004,0.0,-0.0,0.0,0.0,0.0,0.0,0.0,3403.0,-8608108544.0,0.0,2.7184278591402704e+23,0.0,-0.0,0.0,0.0,0.0,0.0,0.0,0,3.222024165466893e+26,0.0,0.0,0.0,0.0,0.0,0.0,0.0,0.0,0,0,0,0.0,0.0,0.0,0.0,0.0,0.0,0.0,0.0,0.0,0.0,0.0,0.0,0.0,0.0,0.0,0.0,0,-107875648.0,0,0.0,0,-107875648.0,-0.0,0,52429,17039,26215,17054,13107,17038,0,0,0,110,100,100,-0.0,64.0,0.0,64.5,0.0,69.0,1,49,50,180,13107,0,0,0,0.0,0.0,0.0,0.0,4.657693740027077e+36,65.0,0.0,0.0,0.0,646,0,690,0,0,0,719,0,792,0,711,0,690,0,645,0,643,0,615,0.032,55836672.0,-2.004,0.0,60304,16787,3.0237898163258214e+29,62457856.0,-0.0,3.1893878651935573e+33,-0.0,3.4569500135306734e+22,29.0,60.0,70,0.0,0.0,0.0,0.0,0.0,0.0,0.0,0.0,0.0,0.0,0.0,0.0,0.0,0.0,0.0,0.0,59.2,69,11,65508,41,65476,0,300,0,0,8,20529,65476,0,0,61604,60.0,0.0,0.0,0.0,0.0,0.0
2026-04-04T11:07:20,ERR,ERR,ERR,ERR,ERR,ERR,ERR,ERR,ERR,ERR,ERR,ERR,ERR,ERR,ERR,ERR,ERR,ERR,ERR,ERR,ERR,ERR,ERR,ERR,ERR,ERR,ERR,ERR,ERR,ERR,ERR,ERR,ERR,ERR,ERR,ERR,ERR,ERR,ERR,ERR,ERR,ERR,ERR,ERR,ERR,ERR,ERR,ERR,ERR,ERR,ERR,ERR,ERR,ERR,ERR,ERR,ERR,ERR,ERR,ERR,ERR,ERR,ERR,ERR,ERR,ERR,ERR,ERR,ERR,ERR,ERR,ERR,ERR,ERR,ERR,ERR,ERR,ERR,ERR,ERR,ERR,ERR,ERR,ERR,ERR,ERR,ERR,ERR,ERR,ERR,ERR,ERR,ERR,ERR,ERR,ERR,ERR,ERR,ERR,ERR,ERR,ERR,ERR,ERR,ERR,ERR,ERR,ERR,ERR,ERR,ERR,ERR,ERR,ERR,ERR,ERR,ERR,ERR,ERR,ERR,ERR,ERR,ERR,ERR,ERR,2.7184278591402704e+23,0.0,-0.0,0.0,0.0,0.0,0.0,nan,0,0,0,32768,0,0.0,0,0.0,0.0,0.0,0.0,0.0,0,0,0,0,0.0,0,0,0,0,0,0,0,0,0,0,0,0,0,0,0,0,0,0,0,0,0,0,0,0,0,0,0,0,0,0,0,0,0,0,0,0,0,0,0,0,0,0,0,0,0.0,0.0,0.0,0.0,0.0,0.0,0.0,0.0,0.0,0.0,0.0,0.0,0.0,0.0,0.0,0.0,0.0,0.0,0.0,0.0,0.0,0.0,0.0,0.0,-2.004,0.0,0.0,0.0,0.0,0.0,3418.0,0.0,0.0,-0.0,0.0,2.7184274988523002e+23,0.0,0.0,0.0,0.0,0.0,0,107615248.0,2.718405881574089e+23,0.0,0.0,0.0,0.0,0.0,0.0,0.0,0,0,0,0.0,0.0,0.0,0.0,0.0,0.0,0.0,0.0,0.0,0.0,0.0,0.0,0.0,0.0,0.0,0.0,0,-107875648.0,0,0.0,0,-107875648.0,-107877712.0,0,52429,17039,26215,17054,13107,17038,0,0,0,110,100,100,-0.0,64.0,0.0,64.5,0.0,69.0,1,49,50,180,13107,0,0,0,0.0,0.0,0.0,0.0,-0.0,65.0,0.0,0.035,0.0,646,0,690,0,0,0,719,0,792,0,711,0,690,0,645,0,643,0,615,0.032,44302336.0,-2.004,0.0,58128,16787,-0.0,125766205440.0,0.0,307710.062,-6.779964130811848e+27,-28759382032384.0,29.0,60.0,70,0.0,0.0,0.0,0.0,0.0,0.0,0.0,0.0,0.0,0.0,0.0,0.0,0.0,0.0,0.0,0.0,59.2,69,11,65508,41,65476,0,300,0,0,8,20529,65476,0,0,61604,60.0,0.0,0.0,0.0,0.0,0.0
2026-04-04T11:07:21,ERR,ERR,ERR,ERR,ERR,ERR,ERR,ERR,ERR,ERR,ERR,ERR,ERR,ERR,ERR,ERR,ERR,ERR,ERR,ERR,ERR,ERR,ERR,ERR,ERR,ERR,ERR,ERR,ERR,ERR,ERR,ERR,ERR,ERR,ERR,ERR,ERR,ERR,ERR,ERR,ERR,ERR,ERR,ERR,ERR,ERR,ERR,ERR,ERR,ERR,ERR,ERR,ERR,ERR,ERR,ERR,ERR,ERR,ERR,ERR,ERR,ERR,ERR,ERR,ERR,ERR,ERR,ERR,ERR,ERR,ERR,ERR,ERR,ERR,ERR,ERR,ERR,ERR,ERR,ERR,ERR,ERR,ERR,ERR,ERR,ERR,ERR,ERR,ERR,ERR,ERR,ERR,ERR,ERR,ERR,ERR,ERR,ERR,ERR,ERR,ERR,ERR,ERR,ERR,ERR,ERR,ERR,ERR,ERR,ERR,ERR,ERR,ERR,ERR,ERR,ERR,ERR,ERR,ERR,ERR,ERR,ERR,ERR,ERR,ERR,2.7184278591402704e+23,0.0,-0.0,0.0,0.0,0.0,0.0,nan,0,0,0,32768,0,0.0,0,0.0,0.0,0.0,0.0,0.0,0,0,0,0,0.0,0,0,0,0,0,0,0,0,0,0,0,0,0,0,0,0,0,0,0,0,0,0,0,0,0,0,0,0,0,0,0,0,0,0,0,0,0,0,0,0,0,0,0,0,0.0,0.0,0.0,0.0,0.0,0.0,0.0,0.0,0.0,0.0,0.0,0.0,0.0,0.0,0.0,0.0,0.0,0.0,0.0,0.0,0.0,0.0,0.0,0.0,-2.004,0.0,0.0,0.0,0.0,0.0,3418.0,0.0,0.0,-0.0,0.0,2.7184274988523002e+23,0.0,0.0,0.0,0.0,0.0,0,107615248.0,2.718405881574089e+23,0.0,0.0,0.0,0.0,0.0,0.0,0.0,0,0,0,0.0,0.0,0.0,0.0,0.0,0.0,0.0,0.0,0.0,0.0,0.0,0.0,0.0,0.0,0.0,0.0,0,-107875648.0,0,0.0,0,-107875648.0,-107877712.0,0,52429,17039,26215,17054,13107,17038,0,0,0,110,100,100,-0.0,64.0,0.0,64.5,0.0,69.0,1,49,50,180,13107,0,0,0,0.0,0.0,0.0,0.0,-0.0,65.0,0.0,0.035,0.0,646,0,690,0,0,0,719,0,792,0,711,0,690,0,645,0,643,0,615,0.032,44302336.0,-2.004,0.0,58128,16787,-0.0,125766205440.0,0.0,307710.062,-6.779964130811848e+27,-28759382032384.0,29.0,60.0,70,0.0,0.0,0.0,0.0,0.0,0.0,0.0,0.0,0.0,0.0,0.0,0.0,0.0,0.0,0.0,0.0,59.6,69,11,65508,41,65476,0,300,0,0,8,20529,65476,0,0,61604,60.0,0.0,0.0,0.0,0.0,0.0
2026-04-04T11:07:22,ERR,ERR,ERR,ERR,ERR,ERR,ERR,ERR,ERR,ERR,ERR,ERR,ERR,ERR,ERR,ERR,ERR,ERR,ERR,ERR,ERR,ERR,ERR,ERR,ERR,ERR,ERR,ERR,ERR,ERR,ERR,ERR,ERR,ERR,ERR,ERR,ERR,ERR,ERR,ERR,ERR,ERR,ERR,ERR,ERR,ERR,ERR,ERR,ERR,ERR,ERR,ERR,ERR,ERR,ERR,ERR,ERR,ERR,ERR,ERR,ERR,ERR,ERR,ERR,ERR,ERR,ERR,ERR,ERR,ERR,ERR,ERR,ERR,ERR,ERR,ERR,ERR,ERR,ERR,ERR,ERR,ERR,ERR,ERR,ERR,ERR,ERR,ERR,ERR,ERR,ERR,ERR,ERR,ERR,ERR,ERR,ERR,ERR,ERR,ERR,ERR,ERR,ERR,ERR,ERR,ERR,ERR,ERR,ERR,ERR,ERR,ERR,ERR,ERR,ERR,ERR,ERR,ERR,ERR,ERR,ERR,ERR,ERR,ERR,ERR,2.7184278591402704e+23,0.0,-0.0,0.0,0.0,0.0,0.0,nan,0,0,0,32768,0,0.0,0,0.0,0.0,0.0,0.0,0.0,0,0,0,0,0.0,0,0,0,0,0,0,0,0,0,0,0,0,0,0,0,0,0,0,0,0,0,0,0,0,0,0,0,0,0,0,0,0,0,0,0,0,0,0,0,0,0,0,0,0,0.0,0.0,0.0,0.0,0.0,0.0,0.0,0.0,0.0,0.0,0.0,0.0,0.0,0.0,0.0,0.0,0.0,0.0,0.0,0.0,0.0,0.0,0.0,0.0,-2.004,0.0,0.0,0.0,0.0,0.0,3418.0,0.0,0.0,-0.0,0.0,2.7184274988523002e+23,0.0,0.0,0.0,0.0,0.0,0,107615248.0,2.718405881574089e+23,0.0,0.0,0.0,0.0,0.0,0.0,0.0,0,0,0,0.0,0.0,0.0,0.0,0.0,0.0,0.0,0.0,0.0,0.0,0.0,0.0,0.0,0.0,0.0,0.0,0,-107875648.0,0,0.0,0,-107875648.0,-107877712.0,0,52429,17039,26215,17054,13107,17038,0,0,0,110,100,100,-0.0,64.0,0.0,64.5,0.0,69.0,1,49,50,180,13107,0,0,0,0.0,0.0,0.0,0.0,-0.0,65.0,0.0,0.035,0.0,646,0,690,0,0,0,719,0,792,0,711,0,690,0,645,0,643,0,615,0.032,44302336.0,-2.004,0.0,58128,16787,-0.0,125766205440.0,0.0,307710.062,-6.779964130811848e+27,-28759382032384.0,29.0,60.0,70,0.0,0.0,0.0,0.0,0.0,0.0,0.0,0.0,0.0,0.0,0.0,0.0,0.0,0.0,0.0,0.0,59.6,69,11,65508,41,65476,0,300,0,0,8,20529,65476,0,0,61604,60.0,0.0,0.0,0.0,0.0,0.0
2026-04-04T11:07:23,ERR,ERR,ERR,ERR,ERR,ERR,ERR,ERR,ERR,ERR,ERR,ERR,ERR,ERR,ERR,ERR,ERR,ERR,ERR,ERR,ERR,ERR,ERR,ERR,ERR,ERR,ERR,ERR,ERR,ERR,ERR,ERR,ERR,ERR,ERR,ERR,ERR,ERR,ERR,ERR,ERR,ERR,ERR,ERR,ERR,ERR,ERR,ERR,ERR,ERR,ERR,ERR,ERR,ERR,ERR,ERR,ERR,ERR,ERR,ERR,ERR,ERR,ERR,ERR,ERR,ERR,ERR,ERR,ERR,ERR,ERR,ERR,ERR,ERR,ERR,ERR,ERR,ERR,ERR,ERR,ERR,ERR,ERR,ERR,ERR,ERR,ERR,ERR,ERR,ERR,ERR,ERR,ERR,ERR,ERR,ERR,ERR,ERR,ERR,ERR,ERR,ERR,ERR,ERR,ERR,ERR,ERR,ERR,ERR,ERR,ERR,ERR,ERR,ERR,ERR,ERR,ERR,ERR,ERR,ERR,ERR,ERR,ERR,ERR,ERR,2.7184278591402704e+23,0.0,-0.0,0.0,0.0,0.0,0.0,nan,0,0,0,32768,0,0.0,0,0.0,0.0,0.0,0.0,0.0,0,0,0,0,0.0,0,0,0,0,0,0,0,0,0,0,0,0,0,0,0,0,0,0,0,0,0,0,0,0,0,0,0,0,0,0,0,0,0,0,0,0,0,0,0,0,0,0,0,0,0.0,0.0,0.0,0.0,0.0,0.0,0.0,0.0,0.0,0.0,0.0,0.0,0.0,0.0,0.0,0.0,0.0,0.0,0.0,0.0,0.0,0.0,0.0,0.0,-2.004,0.0,0.0,0.0,0.0,0.0,3418.0,0.0,0.0,-0.0,0.0,2.7184274988523002e+23,0.0,0.0,0.0,0.0,0.0,0,107615248.0,2.718405881574089e+23,0.0,0.0,0.0,0.0,0.0,0.0,0.0,0,0,0,0.0,0.0,0.0,0.0,0.0,0.0,0.0,0.0,0.0,0.0,0.0,0.0,0.0,0.0,0.0,0.0,0,-107875648.0,0,0.0,0,-107875648.0,-107877712.0,0,52429,17039,26215,17054,13107,17038,0,0,0,110,100,100,-0.0,64.0,0.0,64.5,0.0,69.0,1,49,50,180,13107,0,0,0,0.0,0.0,0.0,0.0,-0.0,65.0,0.0,0.035,0.0,646,0,690,0,0,0,719,0,792,0,711,0,690,0,645,0,643,0,615,0.032,44302336.0,-2.004,0.0,58128,16787,-0.0,125766205440.0,0.0,307710.062,-6.779964130811848e+27,-28759382032384.0,29.0,60.0,70,0.0,0.0,0.0,0.0,0.0,0.0,0.0,0.0,0.0,0.0,0.0,0.0,0.0,0.0,0.0,0.0,59.2,69,11,65508,41,65476,0,300,0,0,8,20529,65476,0,0,61604,60.0,0.0,0.0,0.0,0.0,0.0
2026-04-04T11:07:24,ERR,ERR,ERR,ERR,ERR,ERR,ERR,ERR,ERR,ERR,ERR,ERR,ERR,ERR,ERR,ERR,ERR,ERR,ERR,ERR,ERR,ERR,ERR,ERR,ERR,ERR,ERR,ERR,ERR,ERR,ERR,ERR,ERR,ERR,ERR,ERR,ERR,ERR,ERR,ERR,ERR,ERR,ERR,ERR,ERR,ERR,ERR,ERR,ERR,ERR,ERR,ERR,ERR,ERR,ERR,ERR,ERR,ERR,ERR,ERR,ERR,ERR,ERR,ERR,ERR,ERR,ERR,ERR,ERR,ERR,ERR,ERR,ERR,ERR,ERR,ERR,ERR,ERR,ERR,ERR,ERR,ERR,ERR,ERR,ERR,ERR,ERR,ERR,ERR,ERR,ERR,ERR,ERR,ERR,ERR,ERR,ERR,ERR,ERR,ERR,ERR,ERR,ERR,ERR,ERR,ERR,ERR,ERR,ERR,ERR,ERR,ERR,ERR,ERR,ERR,ERR,ERR,ERR,ERR,ERR,ERR,ERR,ERR,ERR,ERR,2.7184278591402704e+23,0.0,-0.0,0.0,0.0,0.0,0.0,nan,0,0,0,32768,0,0.0,0,0.0,0.0,0.0,0.0,0.0,0,0,0,0,0.0,0,0,0,0,0,0,0,0,0,0,0,0,0,0,0,0,0,0,0,0,0,0,0,0,0,0,0,0,0,0,0,0,0,0,0,0,0,0,0,0,0,0,0,0,0.0,0.0,0.0,0.0,0.0,0.0,0.0,0.0,0.0,0.0,0.0,0.0,0.0,0.0,0.0,0.0,0.0,0.0,0.0,0.0,0.0,0.0,0.0,0.0,-2.004,0.0,0.0,0.0,0.0,0.0,3418.0,0.0,0.0,-0.0,0.0,2.7184274988523002e+23,0.0,0.0,0.0,0.0,0.0,0,107615248.0,2.718405881574089e+23,0.0,0.0,0.0,0.0,0.0,0.0,0.0,0,0,0,0.0,0.0,0.0,0.0,0.0,0.0,0.0,0.0,0.0,0.0,0.0,0.0,0.0,0.0,0.0,0.0,0,-107875648.0,0,0.0,0,-107875648.0,-107877712.0,0,52429,17039,26215,17054,13107,17038,0,0,0,110,100,100,-0.0,64.0,0.0,64.5,0.0,69.0,1,49,50,180,13107,0,0,0,0.0,0.0,0.0,0.0,-0.0,65.0,0.0,0.035,0.0,646,0,690,0,0,0,719,0,792,0,711,0,690,0,645,0,643,0,615,0.032,44302336.0,-2.004,0.0,58128,16787,-0.0,125766205440.0,0.0,307710.062,-6.779964130811848e+27,-28759382032384.0,29.0,60.0,70,0.0,0.0,0.0,0.0,0.0,0.0,0.0,0.0,0.0,0.0,0.0,0.0,0.0,0.0,0.0,0.0,59.2,69,11,65508,41,65476,0,300,0,0,8,20529,65476,0,0,61604,60.0,0.0,0.0,0.0,0.0,0.0
2026-04-04T11:07:25,ERR,ERR,ERR,ERR,ERR,ERR,ERR,ERR,ERR,ERR,ERR,ERR,ERR,ERR,ERR,ERR,ERR,ERR,ERR,ERR,ERR,ERR,ERR,ERR,ERR,ERR,ERR,ERR,ERR,ERR,ERR,ERR,ERR,ERR,ERR,ERR,ERR,ERR,ERR,ERR,ERR,ERR,ERR,ERR,ERR,ERR,ERR,ERR,ERR,ERR,ERR,ERR,ERR,ERR,ERR,ERR,ERR,ERR,ERR,ERR,ERR,ERR,ERR,ERR,ERR,ERR,ERR,ERR,ERR,ERR,ERR,ERR,ERR,ERR,ERR,ERR,ERR,ERR,ERR,ERR,ERR,ERR,ERR,ERR,ERR,ERR,ERR,ERR,ERR,ERR,ERR,ERR,ERR,ERR,ERR,ERR,ERR,ERR,ERR,ERR,ERR,ERR,ERR,ERR,ERR,ERR,ERR,ERR,ERR,ERR,ERR,ERR,ERR,ERR,ERR,ERR,ERR,ERR,ERR,ERR,ERR,ERR,ERR,ERR,ERR,2.7184278591402704e+23,0.0,-0.0,0.0,0.0,0.0,0.0,nan,0,0,0,32768,0,0.0,0,0.0,0.0,0.0,0.0,0.0,0,0,0,0,0.0,0,0,0,0,0,0,0,0,0,0,0,0,0,0,0,0,0,0,0,0,0,0,0,0,0,0,0,0,0,0,0,0,0,0,0,0,0,0,0,0,0,0,0,0,0.0,0.0,0.0,0.0,0.0,0.0,0.0,0.0,0.0,0.0,0.0,0.0,0.0,0.0,0.0,0.0,0.0,0.0,0.0,0.0,0.0,0.0,0.0,0.0,-2.004,0.0,0.0,0.0,0.0,0.0,3418.0,0.0,0.0,-0.0,0.0,2.7184274988523002e+23,0.0,0.0,0.0,0.0,0.0,0,107615248.0,2.718405881574089e+23,0.0,0.0,0.0,0.0,0.0,0.0,0.0,0,0,0,0.0,0.0,0.0,0.0,0.0,0.0,0.0,0.0,0.0,0.0,0.0,0.0,0.0,0.0,0.0,0.0,0,-107875648.0,0,0.0,0,-107875648.0,-107877712.0,0,52429,17039,26215,17054,13107,17038,0,0,0,110,100,100,-0.0,64.0,0.0,64.5,0.0,69.0,1,49,50,180,13107,0,0,0,0.0,0.0,0.0,0.0,-0.0,65.0,0.0,0.035,0.0,646,0,690,0,0,0,719,0,792,0,711,0,690,0,645,0,643,0,615,0.032,44302336.0,-2.004,0.0,58128,16787,-0.0,125766205440.0,0.0,307710.062,-6.779964130811848e+27,-28759382032384.0,29.0,60.0,70,0.0,0.0,0.0,0.0,0.0,0.0,0.0,0.0,0.0,0.0,0.0,0.0,0.0,0.0,0.0,0.0,59.2,69,11,65508,41,65476,0,300,0,0,8,20529,65476,0,0,61604,60.0,0.0,0.0,0.0,0.0,0.0
2026-04-04T11:07:26,ERR,ERR,ERR,ERR,ERR,ERR,ERR,ERR,ERR,ERR,ERR,ERR,ERR,ERR,ERR,ERR,ERR,ERR,ERR,ERR,ERR,ERR,ERR,ERR,ERR,ERR,ERR,ERR,ERR,ERR,ERR,ERR,ERR,ERR,ERR,ERR,ERR,ERR,ERR,ERR,ERR,ERR,ERR,ERR,ERR,ERR,ERR,ERR,ERR,ERR,ERR,ERR,ERR,ERR,ERR,ERR,ERR,ERR,ERR,ERR,ERR,ERR,ERR,ERR,ERR,ERR,ERR,ERR,ERR,ERR,ERR,ERR,ERR,ERR,ERR,ERR,ERR,ERR,ERR,ERR,ERR,ERR,ERR,ERR,ERR,ERR,ERR,ERR,ERR,ERR,ERR,ERR,ERR,ERR,ERR,ERR,ERR,ERR,ERR,ERR,ERR,ERR,ERR,ERR,ERR,ERR,ERR,ERR,ERR,ERR,ERR,ERR,ERR,ERR,ERR,ERR,ERR,ERR,ERR,ERR,ERR,ERR,ERR,ERR,ERR,2.7184278591402704e+23,0.0,-0.0,0.0,0.0,0.0,0.0,nan,0,0,0,32768,0,0.0,0,0.0,0.0,0.0,0.0,0.0,0,0,0,0,0.0,0,0,0,0,0,0,0,0,0,0,0,0,0,0,0,0,0,0,0,0,0,0,0,0,0,0,0,0,0,0,0,0,0,0,0,0,0,0,0,0,0,0,0,0,0.0,0.0,0.0,0.0,0.0,0.0,0.0,0.0,0.0,0.0,0.0,0.0,0.0,0.0,0.0,0.0,0.0,0.0,0.0,0.0,0.0,0.0,0.0,0.0,-2.004,0.0,0.0,0.0,0.0,0.0,3418.0,0.0,0.0,-0.0,0.0,2.7184274988523002e+23,0.0,0.0,0.0,0.0,0.0,0,107615248.0,2.718405881574089e+23,0.0,0.0,0.0,0.0,0.0,0.0,0.0,0,0,0,0.0,0.0,0.0,0.0,0.0,0.0,0.0,0.0,0.0,0.0,0.0,0.0,0.0,0.0,0.0,0.0,0,-107875648.0,0,0.0,0,-107875648.0,-107877712.0,0,52429,17039,26215,17054,13107,17038,0,0,0,110,100,100,-0.0,64.0,0.0,64.5,0.0,69.0,1,49,50,180,13107,0,0,0,0.0,0.0,0.0,0.0,-0.0,65.0,0.0,7.776052656925218e+28,0.0,646,0,690,0,0,0,719,0,792,0,711,0,690,0,645,0,643,0,615,0.032,55574528.0,-2.004,0.0,49552,16787,-0.0,1.4499856280457862e+29,0.0,-0.0,0.0,-2.5416772830132316e+28,29.0,60.0,70,0.0,0.0,0.0,0.0,0.0,0.0,0.0,0.0,0.0,0.0,0.0,0.0,0.0,0.0,0.0,0.0,59.6,69,11,65508,41,65476,0,300,0,0,8,20529,65476,0,0,61604,60.0,0.0,0.0,0.0,0.0,0.0
2026-04-04T11:07:27,ERR,ERR,ERR,ERR,ERR,ERR,ERR,ERR,ERR,ERR,ERR,ERR,ERR,ERR,ERR,ERR,ERR,ERR,ERR,ERR,ERR,ERR,ERR,ERR,ERR,ERR,ERR,ERR,ERR,ERR,ERR,ERR,ERR,ERR,ERR,ERR,ERR,ERR,ERR,ERR,ERR,ERR,ERR,ERR,ERR,ERR,ERR,ERR,ERR,ERR,ERR,ERR,ERR,ERR,ERR,ERR,ERR,ERR,ERR,ERR,ERR,ERR,ERR,ERR,ERR,ERR,ERR,ERR,ERR,ERR,ERR,ERR,ERR,ERR,ERR,ERR,ERR,ERR,ERR,ERR,ERR,ERR,ERR,ERR,ERR,ERR,ERR,ERR,ERR,ERR,ERR,ERR,ERR,ERR,ERR,ERR,ERR,ERR,ERR,ERR,ERR,ERR,ERR,ERR,ERR,ERR,ERR,ERR,ERR,ERR,ERR,ERR,ERR,ERR,ERR,ERR,ERR,ERR,ERR,ERR,ERR,ERR,ERR,ERR,ERR,2.7184278591402704e+23,0.0,-0.0,0.0,0.0,0.0,0.0,nan,0,0,0,32768,0,0.0,0,0.0,0.0,0.0,0.0,0.0,0,0,0,0,0.0,0,0,0,0,0,0,0,0,0,0,0,0,0,0,0,0,0,0,0,0,0,0,0,0,0,0,0,0,0,0,0,0,0,0,0,0,0,0,0,0,0,0,0,0,0.0,0.0,0.0,0.0,0.0,0.0,0.0,0.0,0.0,0.0,0.0,0.0,0.0,0.0,0.0,0.0,0.0,0.0,0.0,0.0,0.0,0.0,0.0,0.0,-2.004,0.0,0.0,0.0,0.0,0.0,3418.0,0.0,0.0,-0.0,0.0,2.7184274988523002e+23,0.0,0.0,0.0,0.0,0.0,0,107615248.0,2.718405881574089e+23,0.0,0.0,0.0,0.0,0.0,0.0,0.0,0,0,0,0.0,0.0,0.0,0.0,0.0,0.0,0.0,0.0,0.0,0.0,0.0,0.0,0.0,0.0,0.0,0.0,0,-107875648.0,0,0.0,0,-107875648.0,-107877712.0,0,52429,17039,26215,17054,13107,17038,0,0,0,110,100,100,-0.0,64.0,0.0,64.5,0.0,69.0,1,49,50,180,13107,0,0,0,0.0,0.0,0.0,0.0,-0.0,65.0,0.0,7.776052656925218e+28,0.0,646,0,690,0,0,0,719,0,792,0,711,0,690,0,645,0,643,0,615,0.032,55574528.0,-2.004,0.0,49552,16787,-0.0,1.4499856280457862e+29,0.0,-0.0,0.0,-2.5416772830132316e+28,29.0,60.0,70,0.0,0.0,0.0,0.0,0.0,0.0,0.0,0.0,0.0,0.0,0.0,0.0,0.0,0.0,0.0,0.0,59.6,69,11,65508,41,65476,0,300,0,0,8,20529,65476,0,0,61604,60.0,0.0,0.0,0.0,0.0,0.0
2026-04-04T11:07:28,ERR,ERR,ERR,ERR,ERR,ERR,ERR,ERR,ERR,ERR,ERR,ERR,ERR,ERR,ERR,ERR,ERR,ERR,ERR,ERR,ERR,ERR,ERR,ERR,ERR,ERR,ERR,ERR,ERR,ERR,ERR,ERR,ERR,ERR,ERR,ERR,ERR,ERR,ERR,ERR,ERR,ERR,ERR,ERR,ERR,ERR,ERR,ERR,ERR,ERR,ERR,ERR,ERR,ERR,ERR,ERR,ERR,ERR,ERR,ERR,ERR,ERR,ERR,ERR,ERR,ERR,ERR,ERR,ERR,ERR,ERR,ERR,ERR,ERR,ERR,ERR,ERR,ERR,ERR,ERR,ERR,ERR,ERR,ERR,ERR,ERR,ERR,ERR,ERR,ERR,ERR,ERR,ERR,ERR,ERR,ERR,ERR,ERR,ERR,ERR,ERR,ERR,ERR,ERR,ERR,ERR,ERR,ERR,ERR,ERR,ERR,ERR,ERR,ERR,ERR,ERR,ERR,ERR,ERR,ERR,ERR,ERR,ERR,ERR,ERR,2.7184278591402704e+23,0.0,-0.0,0.0,0.0,0.0,0.0,nan,0,0,0,32768,0,0.0,0,0.0,0.0,0.0,0.0,0.0,0,0,0,0,0.0,0,0,0,0,0,0,0,0,0,0,0,0,0,0,0,0,0,0,0,0,0,0,0,0,0,0,0,0,0,0,0,0,0,0,0,0,0,0,0,0,0,0,0,0,0.0,0.0,0.0,0.0,0.0,0.0,0.0,0.0,0.0,0.0,0.0,0.0,0.0,0.0,0.0,0.0,0.0,0.0,0.0,0.0,0.0,0.0,2.004,0.0,-0.0,0.0,0.0,0.0,0.0,0.0,3420.5,0.0,0.0,-0.0,0.0,-0.0,0.0,0.0,0.0,0.0,0.0,0,3.222024165466893e+26,2.718405881574089e+23,0.0,0.0,0.0,0.0,0.0,0.0,0.0,0,0,0,0.0,0.0,0.0,0.0,0.0,0.0,0.0,0.0,0.0,0.0,0.0,0.0,0.0,0.0,0.0,0.0,0,-107875648.0,0,0.0,0,-107875648.0,-107877712.0,0,52429,17039,26215,17054,13107,17038,0,0,0,110,100,100,-0.0,64.0,0.0,64.5,0.0,69.0,1,49,50,180,13107,0,0,0,0.0,0.0,0.0,0.0,-0.0,65.0,0.0,7.776052656925218e+28,0.0,646,0,690,0,0,0,719,0,792,0,711,0,690,0,645,0,643,0,615,0.032,55574528.0,-2.004,0.0,49552,16787,-0.0,1.4499856280457862e+29,0.0,-0.0,0.0,-2.5416772830132316e+28,29.0,60.0,70,0.0,0.0,0.0,0.0,0.0,0.0,0.0,0.0,0.0,0.0,0.0,0.0,0.0,0.0,0.0,0.0,59.6,69,11,65508,41,65476,0,300,0,0,8,20529,65476,0,0,61604,60.0,0.0,0.0,0.0,0.0,0.0
2026-04-04T11:07:29,ERR,ERR,ERR,ERR,ERR,ERR,ERR,ERR,ERR,ERR,ERR,ERR,ERR,ERR,ERR,ERR,ERR,ERR,ERR,ERR,ERR,ERR,ERR,ERR,ERR,ERR,ERR,ERR,ERR,ERR,ERR,ERR,ERR,ERR,ERR,ERR,ERR,ERR,ERR,ERR,ERR,ERR,ERR,ERR,ERR,ERR,ERR,ERR,ERR,ERR,ERR,ERR,ERR,ERR,ERR,ERR,ERR,ERR,ERR,ERR,ERR,ERR,ERR,ERR,ERR,ERR,ERR,ERR,ERR,ERR,ERR,ERR,ERR,ERR,ERR,ERR,ERR,ERR,ERR,ERR,ERR,ERR,ERR,ERR,ERR,ERR,ERR,ERR,ERR,ERR,ERR,ERR,ERR,ERR,ERR,ERR,ERR,ERR,ERR,ERR,ERR,ERR,ERR,ERR,ERR,ERR,ERR,ERR,ERR,ERR,ERR,ERR,ERR,ERR,ERR,ERR,ERR,ERR,ERR,ERR,ERR,ERR,ERR,ERR,ERR,2.7184278591402704e+23,0.0,-0.0,0.0,0.0,0.0,0.0,nan,0,0,0,32768,0,0.0,0,0.0,0.0,0.0,0.0,0.0,0,0,0,0,0.0,0,0,0,0,0,0,0,0,0,0,0,0,0,0,0,0,0,0,0,0,0,0,0,0,0,0,0,0,0,0,0,0,0,0,0,0,0,0,0,0,0,0,0,0,0.0,0.0,0.0,0.0,0.0,0.0,0.0,0.0,0.0,0.0,0.0,0.0,0.0,0.0,0.0,0.0,0.0,0.0,0.0,0.0,0.0,0.0,2.004,0.0,-0.0,0.0,0.0,0.0,0.0,0.0,3420.5,0.0,0.0,-0.0,0.0,-0.0,0.0,0.0,0.0,0.0,0.0,0,3.222024165466893e+26,2.718405881574089e+23,0.0,0.0,0.0,0.0,0.0,0.0,0.0,0,0,0,0.0,0.0,0.0,0.0,0.0,0.0,0.0,0.0,0.0,0.0,0.0,0.0,0.0,0.0,0.0,0.0,0,-107875648.0,0,0.0,0,-107875648.0,-107877712.0,0,52429,17039,26215,17054,13107,17038,0,0,0,110,100,100,-0.0,64.0,0.0,64.5,0.0,69.0,1,49,50,180,13107,0,0,0,0.0,0.0,0.0,0.0,-0.0,65.0,0.0,7.776052656925218e+28,0.0,646,0,690,0,0,0,719,0,792,0,711,0,690,0,645,0,643,0,615,0.032,55574528.0,-2.004,0.0,49552,16787,-0.0,1.4499856280457862e+29,0.0,-0.0,0.0,-2.5416772830132316e+28,29.0,60.0,70,0.0,0.0,0.0,0.0,0.0,0.0,0.0,0.0,0.0,0.0,0.0,0.0,0.0,0.0,0.0,0.0,59.2,69,11,65508,41,65476,0,300,0,0,8,20529,65476,0,0,61604,60.0,0.0,0.0,0.0,0.0,0.0
2026-04-04T11:07:30,ERR,ERR,ERR,ERR,ERR,ERR,ERR,ERR,ERR,ERR,ERR,ERR,ERR,ERR,ERR,ERR,ERR,ERR,ERR,ERR,ERR,ERR,ERR,ERR,ERR,ERR,ERR,ERR,ERR,ERR,ERR,ERR,ERR,ERR,ERR,ERR,ERR,ERR,ERR,ERR,ERR,ERR,ERR,ERR,ERR,ERR,ERR,ERR,ERR,ERR,ERR,ERR,ERR,ERR,ERR,ERR,ERR,ERR,ERR,ERR,ERR,ERR,ERR,ERR,ERR,ERR,ERR,ERR,ERR,ERR,ERR,ERR,ERR,ERR,ERR,ERR,ERR,ERR,ERR,ERR,ERR,ERR,ERR,ERR,ERR,ERR,ERR,ERR,ERR,ERR,ERR,ERR,ERR,ERR,ERR,ERR,ERR,ERR,ERR,ERR,ERR,ERR,ERR,ERR,ERR,ERR,ERR,ERR,ERR,ERR,ERR,ERR,ERR,ERR,ERR,ERR,ERR,ERR,ERR,ERR,ERR,ERR,ERR,ERR,ERR,2.7184278591402704e+23,0.0,-0.0,0.0,0.0,0.0,0.0,nan,0,0,0,32768,0,0.0,0,0.0,0.0,0.0,0.0,0.0,0,0,0,0,0.0,0,0,0,0,0,0,0,0,0,0,0,0,0,0,0,0,0,0,0,0,0,0,0,0,0,0,0,0,0,0,0,0,0,0,0,0,0,0,0,0,0,0,0,0,0.0,0.0,0.0,0.0,0.0,0.0,0.0,0.0,0.0,0.0,0.0,0.0,0.0,0.0,0.0,0.0,0.0,0.0,0.0,0.0,0.0,0.0,2.004,0.0,-0.0,0.0,0.0,0.0,0.0,0.0,3420.5,0.0,0.0,-0.0,0.0,-0.0,0.0,0.0,0.0,0.0,0.0,0,3.222024165466893e+26,2.718405881574089e+23,0.0,0.0,0.0,0.0,0.0,0.0,0.0,0,0,0,0.0,0.0,0.0,0.0,0.0,0.0,0.0,0.0,0.0,0.0,0.0,0.0,0.0,0.0,0.0,0.0,0,-107875648.0,0,0.0,0,-107875648.0,-107877712.0,0,52429,17039,26215,17054,13107,17038,0,0,0,110,100,100,-0.0,64.0,0.0,64.5,0.0,69.0,1,49,50,180,13107,0,0,0,0.0,0.0,0.0,0.0,-0.0,65.0,0.0,7.776052656925218e+28,0.0,646,0,690,0,0,0,719,0,792,0,711,0,690,0,645,0,643,0,615,0.032,55574528.0,-2.004,0.0,49552,16787,-0.0,1.4499856280457862e+29,0.0,-0.0,0.0,-2.5416772830132316e+28,29.0,60.0,70,0.0,0.0,0.0,0.0,0.0,0.0,0.0,0.0,0.0,0.0,0.0,0.0,0.0,0.0,0.0,0.0,59.2,69,11,65508,41,65476,0,300,0,0,8,20529,65476,0,0,61604,60.0,0.0,0.0,0.0,0.0,0.0
2026-04-04T11:07:31,ERR,ERR,ERR,ERR,ERR,ERR,ERR,ERR,ERR,ERR,ERR,ERR,ERR,ERR,ERR,ERR,ERR,ERR,ERR,ERR,ERR,ERR,ERR,ERR,ERR,ERR,ERR,ERR,ERR,ERR,ERR,ERR,ERR,ERR,ERR,ERR,ERR,ERR,ERR,ERR,ERR,ERR,ERR,ERR,ERR,ERR,ERR,ERR,ERR,ERR,ERR,ERR,ERR,ERR,ERR,ERR,ERR,ERR,ERR,ERR,ERR,ERR,ERR,ERR,ERR,ERR,ERR,ERR,ERR,ERR,ERR,ERR,ERR,ERR,ERR,ERR,ERR,ERR,ERR,ERR,ERR,ERR,ERR,ERR,ERR,ERR,ERR,ERR,ERR,ERR,ERR,ERR,ERR,ERR,ERR,ERR,ERR,ERR,ERR,ERR,ERR,ERR,ERR,ERR,ERR,ERR,ERR,ERR,ERR,ERR,ERR,ERR,ERR,ERR,ERR,ERR,ERR,ERR,ERR,ERR,ERR,ERR,ERR,ERR,ERR,2.7184278591402704e+23,0.0,-0.0,0.0,0.0,0.0,0.0,nan,0,0,0,32768,0,0.0,0,0.0,0.0,0.0,0.0,0.0,0,0,0,0,0.0,0,0,0,0,0,0,0,0,0,0,0,0,0,0,0,0,0,0,0,0,0,0,0,0,0,0,0,0,0,0,0,0,0,0,0,0,0,0,0,0,0,0,0,0,0.0,0.0,0.0,0.0,0.0,0.0,0.0,0.0,0.0,0.0,0.0,0.0,0.0,0.0,0.0,0.0,0.0,0.0,0.0,0.0,0.0,0.0,2.004,0.0,-0.0,0.0,0.0,0.0,0.0,0.0,3420.5,0.0,0.0,-0.0,0.0,-0.0,0.0,0.0,0.0,0.0,0.0,0,3.222024165466893e+26,2.718405881574089e+23,0.0,0.0,0.0,0.0,0.0,0.0,0.0,0,0,0,0.0,0.0,0.0,0.0,0.0,0.0,0.0,0.0,0.0,0.0,0.0,0.0,0.0,0.0,0.0,0.0,0,-107875648.0,0,0.0,0,-107875648.0,-107877712.0,0,52429,17039,26215,17054,13107,17038,0,0,0,110,100,100,-0.0,64.0,0.0,64.5,0.0,69.0,1,49,50,180,13107,0,0,0,0.0,0.0,0.0,0.0,-0.0,65.0,0.0,7.776052656925218e+28,0.0,646,0,690,0,0,0,719,0,792,0,711,0,690,0,645,0,643,0,615,0.032,55574528.0,-2.004,0.0,49552,16787,-0.0,1.4499856280457862e+29,0.0,-0.0,0.0,-2.5416772830132316e+28,29.0,60.0,70,0.0,0.0,0.0,0.0,0.0,0.0,0.0,0.0,0.0,0.0,0.0,0.0,0.0,0.0,0.0,0.0,59.2,69,11,65508,41,65476,0,300,0,0,8,20529,65476,0,0,61604,60.0,0.0,0.0,0.0,0.0,0.0
2026-04-04T11:07:32,ERR,ERR,ERR,ERR,ERR,ERR,ERR,ERR,ERR,ERR,ERR,ERR,ERR,ERR,ERR,ERR,ERR,ERR,ERR,ERR,ERR,ERR,ERR,ERR,ERR,ERR,ERR,ERR,ERR,ERR,ERR,ERR,ERR,ERR,ERR,ERR,ERR,ERR,ERR,ERR,ERR,ERR,ERR,ERR,ERR,ERR,ERR,ERR,ERR,ERR,ERR,ERR,ERR,ERR,ERR,ERR,ERR,ERR,ERR,ERR,ERR,ERR,ERR,ERR,ERR,ERR,ERR,ERR,ERR,ERR,ERR,ERR,ERR,ERR,ERR,ERR,ERR,ERR,ERR,ERR,ERR,ERR,ERR,ERR,ERR,ERR,ERR,ERR,ERR,ERR,ERR,ERR,ERR,ERR,ERR,ERR,ERR,ERR,ERR,ERR,ERR,ERR,ERR,ERR,ERR,ERR,ERR,ERR,ERR,ERR,ERR,ERR,ERR,ERR,ERR,ERR,ERR,ERR,ERR,ERR,ERR,ERR,ERR,ERR,ERR,2.7184278591402704e+23,0.0,-0.0,0.0,0.0,0.0,0.0,nan,0,0,0,32768,0,0.0,0,0.0,0.0,0.0,0.0,0.0,0,0,0,0,0.0,0,0,0,0,0,0,0,0,0,0,0,0,0,0,0,0,0,0,0,0,0,0,0,0,0,0,0,0,0,0,0,0,0,0,0,0,0,0,0,0,0,0,0,0,0.0,0.0,0.0,0.0,0.0,0.0,0.0,0.0,0.0,0.0,0.0,0.0,0.0,0.0,0.0,0.0,0.0,0.0,0.0,0.0,0.0,0.0,2.004,0.0,-0.0,0.0,0.0,0.0,0.0,0.0,3420.5,0.0,0.0,-0.0,0.0,-0.0,0.0,0.0,0.0,0.0,0.0,0,3.222024165466893e+26,2.718405881574089e+23,0.0,0.0,0.0,0.0,0.0,0.0,0.0,0,0,0,0.0,0.0,0.0,0.0,0.0,0.0,0.0,0.0,0.0,0.0,0.0,0.0,0.0,0.0,0.0,0.0,0,-107875648.0,0,0.0,0,-107875648.0,-107877712.0,0,52429,17039,26215,17054,13107,17038,0,0,0,110,100,100,-0.0,64.0,0.0,64.5,0.0,69.0,1,49,50,180,13107,0,0,0,0.0,0.0,0.0,0.0,3.4738500562811363e+36,65.0,0.0,-0.0,0.0,646,0,690,0,0,0,719,0,792,0,711,0,690,0,645,0,643,0,615,0.032,46399488.0,-2.004,0.0,43920,16787,-0.0,-0.0,101.126,0.0,0.0,-1.9897209705147553e+34,29.0,60.0,70,0.0,0.0,0.0,0.0,0.0,0.0,0.0,0.0,0.0,0.0,0.0,0.0,0.0,0.0,0.0,0.0,59.6,69,11,65508,41,65476,0,300,0,0,8,20529,65476,0,0,61604,60.0,0.0,0.0,0.0,0.0,0.0
2026-04-04T11:07:33,ERR,ERR,ERR,ERR,ERR,ERR,ERR,ERR,ERR,ERR,ERR,ERR,ERR,ERR,ERR,ERR,ERR,ERR,ERR,ERR,ERR,ERR,ERR,ERR,ERR,ERR,ERR,ERR,ERR,ERR,ERR,ERR,ERR,ERR,ERR,ERR,ERR,ERR,ERR,ERR,ERR,ERR,ERR,ERR,ERR,ERR,ERR,ERR,ERR,ERR,ERR,ERR,ERR,ERR,ERR,ERR,ERR,ERR,ERR,ERR,ERR,ERR,ERR,ERR,ERR,ERR,ERR,ERR,ERR,ERR,ERR,ERR,ERR,ERR,ERR,ERR,ERR,ERR,ERR,ERR,ERR,ERR,ERR,ERR,ERR,ERR,ERR,ERR,ERR,ERR,ERR,ERR,ERR,ERR,ERR,ERR,ERR,ERR,ERR,ERR,ERR,ERR,ERR,ERR,ERR,ERR,ERR,ERR,ERR,ERR,ERR,ERR,ERR,ERR,ERR,ERR,ERR,ERR,ERR,ERR,ERR,ERR,ERR,ERR,ERR,2.7184278591402704e+23,0.0,-0.0,0.0,0.0,0.0,0.0,nan,0,0,0,32768,0,0.0,0,0.0,0.0,0.0,0.0,0.0,0,0,0,0,0.0,0,0,0,0,0,0,0,0,0,0,0,0,0,0,0,0,0,0,0,0,0,0,0,0,0,0,0,0,0,0,0,0,0,0,0,0,0,0,0,0,0,0,0,0,0.0,0.0,0.0,0.0,0.0,0.0,0.0,0.0,0.0,0.0,0.0,0.0,0.0,0.0,0.0,0.0,0.0,0.0,0.0,0.0,0.0,0.0,2.004,0.0,-0.0,0.0,0.0,0.0,0.0,0.0,3420.5,0.0,0.0,-0.0,0.0,-0.0,0.0,0.0,0.0,0.0,0.0,0,3.222024165466893e+26,2.718405881574089e+23,0.0,0.0,0.0,0.0,0.0,0.0,0.0,0,0,0,0.0,0.0,0.0,0.0,0.0,0.0,0.0,0.0,0.0,0.0,0.0,0.0,0.0,0.0,0.0,0.0,0,-107875648.0,0,0.0,0,-107875648.0,-107877712.0,0,52429,17039,26215,17054,13107,17038,0,0,0,110,100,100,-0.0,64.0,0.0,64.5,0.0,69.0,1,49,50,180,13107,0,0,0,0.0,0.0,0.0,0.0,3.4738500562811363e+36,65.0,0.0,-0.0,0.0,646,0,690,0,0,0,719,0,792,0,711,0,690,0,645,0,643,0,615,0.032,46399488.0,-2.004,0.0,43920,16787,-0.0,-0.0,101.126,0.0,0.0,-1.9897209705147553e+34,29.0,60.0,70,0.0,0.0,0.0,0.0,0.0,0.0,0.0,0.0,0.0,0.0,0.0,0.0,0.0,0.0,0.0,0.0,59.6,69,11,65508,41,65476,0,300,0,0,8,20529,65476,0,0,61604,60.0,0.0,0.0,0.0,0.0,0.0
2026-04-04T11:07:34,ERR,ERR,ERR,ERR,ERR,ERR,ERR,ERR,ERR,ERR,ERR,ERR,ERR,ERR,ERR,ERR,ERR,ERR,ERR,ERR,ERR,ERR,ERR,ERR,ERR,ERR,ERR,ERR,ERR,ERR,ERR,ERR,ERR,ERR,ERR,ERR,ERR,ERR,ERR,ERR,ERR,ERR,ERR,ERR,ERR,ERR,ERR,ERR,ERR,ERR,ERR,ERR,ERR,ERR,ERR,ERR,ERR,ERR,ERR,ERR,ERR,ERR,ERR,ERR,ERR,ERR,ERR,ERR,ERR,ERR,ERR,ERR,ERR,ERR,ERR,ERR,ERR,ERR,ERR,ERR,ERR,ERR,ERR,ERR,ERR,ERR,ERR,ERR,ERR,ERR,ERR,ERR,ERR,ERR,ERR,ERR,ERR,ERR,ERR,ERR,ERR,ERR,ERR,ERR,ERR,ERR,ERR,ERR,ERR,ERR,ERR,ERR,ERR,ERR,ERR,ERR,ERR,ERR,ERR,ERR,ERR,ERR,ERR,ERR,ERR,2.7184278591402704e+23,0.0,-0.0,0.0,0.0,0.0,0.0,nan,0,0,0,32768,0,0.0,0,0.0,0.0,0.0,0.0,0.0,0,0,0,0,0.0,0,0,0,0,0,0,0,0,0,0,0,0,0,0,0,0,0,0,0,0,0,0,0,0,0,0,0,0,0,0,0,0,0,0,0,0,0,0,0,0,0,0,0,0,0.0,0.0,0.0,0.0,0.0,0.0,0.0,0.0,0.0,0.0,0.0,0.0,0.0,0.0,0.0,0.0,0.0,0.0,0.0,0.0,0.0,0.0,2.004,0.0,-0.0,0.0,0.0,0.0,0.0,0.0,3420.5,0.0,0.0,-0.0,0.0,-0.0,0.0,0.0,0.0,0.0,0.0,0,3.222024165466893e+26,2.718405881574089e+23,0.0,0.0,0.0,0.0,0.0,0.0,0.0,0,0,0,0.0,0.0,0.0,0.0,0.0,0.0,0.0,0.0,0.0,0.0,0.0,0.0,0.0,0.0,0.0,0.0,0,-107875648.0,0,0.0,0,-107875648.0,-107877712.0,0,52429,17039,26215,17054,13107,17038,0,0,0,110,100,100,-0.0,64.0,0.0,64.5,0.0,69.0,1,49,50,180,13107,0,0,0,0.0,0.0,0.0,0.0,3.4738500562811363e+36,65.0,0.0,-0.0,0.0,646,0,690,0,0,0,719,0,792,0,711,0,690,0,645,0,643,0,615,0.032,46399488.0,-2.004,0.0,43920,16787,-0.0,-0.0,101.126,0.0,0.0,-1.9897209705147553e+34,29.0,60.0,70,0.0,0.0,0.0,0.0,0.0,0.0,0.0,0.0,0.0,0.0,0.0,0.0,0.0,0.0,0.0,0.0,59.2,69,11,65508,41,65476,0,300,0,0,8,20529,65476,0,0,61604,60.0,0.0,0.0,0.0,0.0,0.0
2026-04-04T11:07:35,ERR,ERR,ERR,ERR,ERR,ERR,ERR,ERR,ERR,ERR,ERR,ERR,ERR,ERR,ERR,ERR,ERR,ERR,ERR,ERR,ERR,ERR,ERR,ERR,ERR,ERR,ERR,ERR,ERR,ERR,ERR,ERR,ERR,ERR,ERR,ERR,ERR,ERR,ERR,ERR,ERR,ERR,ERR,ERR,ERR,ERR,ERR,ERR,ERR,ERR,ERR,ERR,ERR,ERR,ERR,ERR,ERR,ERR,ERR,ERR,ERR,ERR,ERR,ERR,ERR,ERR,ERR,ERR,ERR,ERR,ERR,ERR,ERR,ERR,ERR,ERR,ERR,ERR,ERR,ERR,ERR,ERR,ERR,ERR,ERR,ERR,ERR,ERR,ERR,ERR,ERR,ERR,ERR,ERR,ERR,ERR,ERR,ERR,ERR,ERR,ERR,ERR,ERR,ERR,ERR,ERR,ERR,ERR,ERR,ERR,ERR,ERR,ERR,ERR,ERR,ERR,ERR,ERR,ERR,ERR,ERR,ERR,ERR,ERR,ERR,2.7184278591402704e+23,0.0,-0.0,0.0,0.0,0.0,0.0,nan,0,0,0,32768,0,0.0,0,0.0,0.0,0.0,0.0,0.0,0,0,0,0,0.0,0,0,0,0,0,0,0,0,0,0,0,0,0,0,0,0,0,0,0,0,0,0,0,0,0,0,0,0,0,0,0,0,0,0,0,0,0,0,0,0,0,0,0,0,0.0,0.0,0.0,0.0,0.0,0.0,0.0,0.0,0.0,0.0,0.0,0.0,0.0,0.0,0.0,0.0,0.0,0.0,0.0,0.0,0.0,0.0,2.004,0.0,-0.0,0.0,0.0,0.0,0.0,0.0,3420.5,0.0,0.0,-0.0,0.0,-0.0,0.0,0.0,0.0,0.0,0.0,0,3.222024165466893e+26,2.718405881574089e+23,0.0,0.0,0.0,0.0,0.0,0.0,0.0,0,0,0,0.0,0.0,0.0,0.0,0.0,0.0,0.0,0.0,0.0,0.0,0.0,0.0,0.0,0.0,0.0,0.0,0,-107875648.0,0,0.0,0,-107875648.0,-107877712.0,0,52429,17039,26215,17054,13107,17038,0,0,0,110,100,100,-0.0,64.0,0.0,64.5,0.0,69.0,1,49,50,180,13107,0,0,0,0.0,0.0,0.0,0.0,3.4738500562811363e+36,65.0,0.0,-0.0,0.0,646,0,690,0,0,0,719,0,792,0,711,0,690,0,645,0,643,0,615,0.032,46399488.0,-2.004,0.0,43920,16787,-0.0,-0.0,101.126,0.0,0.0,-1.9897209705147553e+34,29.0,60.0,70,0.0,0.0,0.0,0.0,0.0,0.0,0.0,0.0,0.0,0.0,0.0,0.0,0.0,0.0,0.0,0.0,59.2,69,11,65508,41,65476,0,300,0,0,8,20529,65476,0,0,61604,60.0,0.0,0.0,0.0,0.0,0.0
2026-04-04T11:07:36,ERR,ERR,ERR,ERR,ERR,ERR,ERR,ERR,ERR,ERR,ERR,ERR,ERR,ERR,ERR,ERR,ERR,ERR,ERR,ERR,ERR,ERR,ERR,ERR,ERR,ERR,ERR,ERR,ERR,ERR,ERR,ERR,ERR,ERR,ERR,ERR,ERR,ERR,ERR,ERR,ERR,ERR,ERR,ERR,ERR,ERR,ERR,ERR,ERR,ERR,ERR,ERR,ERR,ERR,ERR,ERR,ERR,ERR,ERR,ERR,ERR,ERR,ERR,ERR,ERR,ERR,ERR,ERR,ERR,ERR,ERR,ERR,ERR,ERR,ERR,ERR,ERR,ERR,ERR,ERR,ERR,ERR,ERR,ERR,ERR,ERR,ERR,ERR,ERR,ERR,ERR,ERR,ERR,ERR,ERR,ERR,ERR,ERR,ERR,ERR,ERR,ERR,ERR,ERR,ERR,ERR,ERR,ERR,ERR,ERR,ERR,ERR,ERR,ERR,ERR,ERR,ERR,ERR,ERR,ERR,ERR,ERR,ERR,ERR,ERR,-0.0,0.0,3.039990997430017e+23,0.0,0.0,0.0,0.0,nan,0,0,0,32768,0,0.0,0,0.0,0.0,0.0,0.0,0.0,0,0,0,0,0.0,0,0,0,0,0,0,0,0,0,0,0,0,0,0,0,0,0,0,0,0,0,0,0,0,0,0,0,0,0,0,0,0,0,0,0,0,0,0,0,0,0,0,0,0,0.0,0.0,0.0,0.0,0.0,0.0,0.0,0.0,0.0,0.0,0.0,0.0,0.0,0.0,0.0,0.0,0.0,0.0,0.0,0.0,0.0,0.0,0.0,0.0,-2.004,0.0,0.0,0.0,0.0,0.0,3403.5,-1.5879157526988056e+29,0.0,2.7184278591402704e+23,0.0,-0.0,0.0,0.0,0.0,0.0,0.0,0,4.0668755697950344e+29,0.059,0.0,0.0,0.0,0.0,0.0,0.0,0.0,0,0,0,0.0,0.0,0.0,0.0,0.0,0.0,0.0,0.0,0.0,0.0,0.0,0.0,0.0,0.0,0.0,0.0,0,-107875648.0,0,0.0,0,-107875648.0,-107877712.0,0,52429,17039,26215,17054,13107,17038,0,0,0,110,100,100,-0.0,64.0,0.0,64.5,0.0,69.0,1,49,50,180,13107,0,0,0,0.0,0.0,0.0,0.0,3.4738500562811363e+36,65.0,0.0,-0.0,0.0,646,0,690,0,0,0,719,0,792,0,711,0,690,0,645,0,643,0,615,0.032,46399488.0,-2.004,0.0,43920,16787,-0.0,-0.0,101.126,0.0,0.0,-1.9897209705147553e+34,29.0,60.0,70,0.0,0.0,0.0,0.0,0.0,0.0,0.0,0.0,0.0,0.0,0.0,0.0,0.0,0.0,0.0,0.0,59.2,69,11,65508,41,65476,0,300,0,0,8,20529,65476,0,0,61604,60.0,0.0,0.0,0.0,0.0,0.0
2026-04-04T11:07:37,ERR,ERR,ERR,ERR,ERR,ERR,ERR,ERR,ERR,ERR,ERR,ERR,ERR,ERR,ERR,ERR,ERR,ERR,ERR,ERR,ERR,ERR,ERR,ERR,ERR,ERR,ERR,ERR,ERR,ERR,ERR,ERR,ERR,ERR,ERR,ERR,ERR,ERR,ERR,ERR,ERR,ERR,ERR,ERR,ERR,ERR,ERR,ERR,ERR,ERR,ERR,ERR,ERR,ERR,ERR,ERR,ERR,ERR,ERR,ERR,ERR,ERR,ERR,ERR,ERR,ERR,ERR,ERR,ERR,ERR,ERR,ERR,ERR,ERR,ERR,ERR,ERR,ERR,ERR,ERR,ERR,ERR,ERR,ERR,ERR,ERR,ERR,ERR,ERR,ERR,ERR,ERR,ERR,ERR,ERR,ERR,ERR,ERR,ERR,ERR,ERR,ERR,ERR,ERR,ERR,ERR,ERR,ERR,ERR,ERR,ERR,ERR,ERR,ERR,ERR,ERR,ERR,ERR,ERR,ERR,ERR,ERR,ERR,ERR,ERR,-0.0,0.0,3.039990997430017e+23,0.0,0.0,0.0,0.0,nan,0,0,0,32768,0,0.0,0,0.0,0.0,0.0,0.0,0.0,0,0,0,0,0.0,0,0,0,0,0,0,0,0,0,0,0,0,0,0,0,0,0,0,0,0,0,0,0,0,0,0,0,0,0,0,0,0,0,0,0,0,0,0,0,0,0,0,0,0,0.0,0.0,0.0,0.0,0.0,0.0,0.0,0.0,0.0,0.0,0.0,0.0,0.0,0.0,0.0,0.0,0.0,0.0,0.0,0.0,0.0,0.0,0.0,0.0,-2.004,0.0,0.0,0.0,0.0,0.0,3403.5,-1.5879157526988056e+29,0.0,2.7184278591402704e+23,0.0,-0.0,0.0,0.0,0.0,0.0,0.0,0,4.0668755697950344e+29,0.059,0.0,0.0,0.0,0.0,0.0,0.0,0.0,0,0,0,0.0,0.0,0.0,0.0,0.0,0.0,0.0,0.0,0.0,0.0,0.0,0.0,0.0,0.0,0.0,0.0,0,-107875648.0,0,0.0,0,-107875648.0,-107877712.0,0,52429,17039,26215,17054,13107,17038,0,0,0,110,100,100,-0.0,64.0,0.0,64.5,0.0,69.0,1,49,50,180,13107,0,0,0,0.0,0.0,0.0,0.0,3.4738500562811363e+36,65.0,0.0,-0.0,0.0,646,0,690,0,0,0,719,0,792,0,711,0,690,0,645,0,643,0,615,0.032,46399488.0,-2.004,0.0,43920,16787,-0.0,-0.0,101.126,0.0,0.0,-1.9897209705147553e+34,29.0,60.0,70,0.0,0.0,0.0,0.0,0.0,0.0,0.0,0.0,0.0,0.0,0.0,0.0,0.0,0.0,0.0,0.0,59.6,69,11,65508,41,65476,0,300,0,0,8,20529,65476,0,0,61604,60.0,0.0,0.0,0.0,0.0,0.0
2026-04-04T11:07:38,ERR,ERR,ERR,ERR,ERR,ERR,ERR,ERR,ERR,ERR,ERR,ERR,ERR,ERR,ERR,ERR,ERR,ERR,ERR,ERR,ERR,ERR,ERR,ERR,ERR,ERR,ERR,ERR,ERR,ERR,ERR,ERR,ERR,ERR,ERR,ERR,ERR,ERR,ERR,ERR,ERR,ERR,ERR,ERR,ERR,ERR,ERR,ERR,ERR,ERR,ERR,ERR,ERR,ERR,ERR,ERR,ERR,ERR,ERR,ERR,ERR,ERR,ERR,ERR,ERR,ERR,ERR,ERR,ERR,ERR,ERR,ERR,ERR,ERR,ERR,ERR,ERR,ERR,ERR,ERR,ERR,ERR,ERR,ERR,ERR,ERR,ERR,ERR,ERR,ERR,ERR,ERR,ERR,ERR,ERR,ERR,ERR,ERR,ERR,ERR,ERR,ERR,ERR,ERR,ERR,ERR,ERR,ERR,ERR,ERR,ERR,ERR,ERR,ERR,ERR,ERR,ERR,ERR,ERR,ERR,ERR,ERR,ERR,ERR,ERR,-0.0,0.0,3.039990997430017e+23,0.0,0.0,0.0,0.0,nan,0,0,0,32768,0,0.0,0,0.0,0.0,0.0,0.0,0.0,0,0,0,0,0.0,0,0,0,0,0,0,0,0,0,0,0,0,0,0,0,0,0,0,0,0,0,0,0,0,0,0,0,0,0,0,0,0,0,0,0,0,0,0,0,0,0,0,0,0,0.0,0.0,0.0,0.0,0.0,0.0,0.0,0.0,0.0,0.0,0.0,0.0,0.0,0.0,0.0,0.0,0.0,0.0,0.0,0.0,0.0,0.0,0.0,0.0,-2.004,0.0,0.0,0.0,0.0,0.0,3403.5,-1.5879157526988056e+29,0.0,2.7184278591402704e+23,0.0,-0.0,0.0,0.0,0.0,0.0,0.0,0,4.0668755697950344e+29,0.059,0.0,0.0,0.0,0.0,0.0,0.0,0.0,0,0,0,0.0,0.0,0.0,0.0,0.0,0.0,0.0,0.0,0.0,0.0,0.0,0.0,0.0,0.0,0.0,0.0,0,-107875648.0,0,0.0,0,-107875648.0,-107877712.0,0,52429,17039,26215,17054,13107,17038,0,0,0,110,100,100,-0.0,64.0,0.0,64.5,0.0,69.0,1,49,50,180,13107,0,0,0,0.0,0.0,0.0,0.0,1.5481803859588206e+32,65.0,0.0,2.5418609830694152e+26,0.0,646,0,690,0,0,0,719,0,792,0,711,0,690,0,645,0,643,0,615,0.032,55574528.0,-2.004,0.0,48400,16787,8.81692698163481e+36,414.516,-0.0,nan,-0.0,3.946990085663668e+34,29.0,60.0,70,0.0,0.0,0.0,0.0,0.0,0.0,0.0,0.0,0.0,0.0,0.0,0.0,0.0,0.0,0.0,0.0,59.6,69,11,65508,41,65476,0,300,0,0,8,20529,65476,0,0,61604,60.0,0.0,0.0,0.0,0.0,0.0
2026-04-04T11:07:39,ERR,ERR,ERR,ERR,ERR,ERR,ERR,ERR,ERR,ERR,ERR,ERR,ERR,ERR,ERR,ERR,ERR,ERR,ERR,ERR,ERR,ERR,ERR,ERR,ERR,ERR,ERR,ERR,ERR,ERR,ERR,ERR,ERR,ERR,ERR,ERR,ERR,ERR,ERR,ERR,ERR,ERR,ERR,ERR,ERR,ERR,ERR,ERR,ERR,ERR,ERR,ERR,ERR,ERR,ERR,ERR,ERR,ERR,ERR,ERR,ERR,ERR,ERR,ERR,ERR,ERR,ERR,ERR,ERR,ERR,ERR,ERR,ERR,ERR,ERR,ERR,ERR,ERR,ERR,ERR,ERR,ERR,ERR,ERR,ERR,ERR,ERR,ERR,ERR,ERR,ERR,ERR,ERR,ERR,ERR,ERR,ERR,ERR,ERR,ERR,ERR,ERR,ERR,ERR,ERR,ERR,ERR,ERR,ERR,ERR,ERR,ERR,ERR,ERR,ERR,ERR,ERR,ERR,ERR,ERR,ERR,ERR,ERR,ERR,ERR,-0.0,0.0,3.039990997430017e+23,0.0,0.0,0.0,0.0,nan,0,0,0,32768,0,0.0,0,0.0,0.0,0.0,0.0,0.0,0,0,0,0,0.0,0,0,0,0,0,0,0,0,0,0,0,0,0,0,0,0,0,0,0,0,0,0,0,0,0,0,0,0,0,0,0,0,0,0,0,0,0,0,0,0,0,0,0,0,0.0,0.0,0.0,0.0,0.0,0.0,0.0,0.0,0.0,0.0,0.0,0.0,0.0,0.0,0.0,0.0,0.0,0.0,0.0,0.0,0.0,0.0,0.0,0.0,-2.004,0.0,0.0,0.0,0.0,0.0,3403.5,-1.5879157526988056e+29,0.0,2.7184278591402704e+23,0.0,-0.0,0.0,0.0,0.0,0.0,0.0,0,4.0668755697950344e+29,0.059,0.0,0.0,0.0,0.0,0.0,0.0,0.0,0,0,0,0.0,0.0,0.0,0.0,0.0,0.0,0.0,0.0,0.0,0.0,0.0,0.0,0.0,0.0,0.0,0.0,0,-107875648.0,0,0.0,0,-107875648.0,-107877712.0,0,52429,17039,26215,17054,13107,17038,0,0,0,110,100,100,-0.0,64.0,0.0,64.5,0.0,69.0,1,49,50,180,13107,0,0,0,0.0,0.0,0.0,0.0,1.5481803859588206e+32,65.0,0.0,2.5418609830694152e+26,0.0,646,0,690,0,0,0,719,0,792,0,711,0,690,0,645,0,643,0,615,0.032,55574528.0,-2.004,0.0,48400,16787,8.81692698163481e+36,414.516,-0.0,nan,-0.0,3.946990085663668e+34,29.0,60.0,70,0.0,0.0,0.0,0.0,0.0,0.0,0.0,0.0,0.0,0.0,0.0,0.0,0.0,0.0,0.0,0.0,59.6,69,11,65508,41,65476,0,300,0,0,8,20529,65476,0,0,61604,60.0,0.0,0.0,0.0,0.0,0.0
2026-04-04T11:07:40,ERR,ERR,ERR,ERR,ERR,ERR,ERR,ERR,ERR,ERR,ERR,ERR,ERR,ERR,ERR,ERR,ERR,ERR,ERR,ERR,ERR,ERR,ERR,ERR,ERR,ERR,ERR,ERR,ERR,ERR,ERR,ERR,ERR,ERR,ERR,ERR,ERR,ERR,ERR,ERR,ERR,ERR,ERR,ERR,ERR,ERR,ERR,ERR,ERR,ERR,ERR,ERR,ERR,ERR,ERR,ERR,ERR,ERR,ERR,ERR,ERR,ERR,ERR,ERR,ERR,ERR,ERR,ERR,ERR,ERR,ERR,ERR,ERR,ERR,ERR,ERR,ERR,ERR,ERR,ERR,ERR,ERR,ERR,ERR,ERR,ERR,ERR,ERR,ERR,ERR,ERR,ERR,ERR,ERR,ERR,ERR,ERR,ERR,ERR,ERR,ERR,ERR,ERR,ERR,ERR,ERR,ERR,ERR,ERR,ERR,ERR,ERR,ERR,ERR,ERR,ERR,ERR,ERR,ERR,ERR,ERR,ERR,ERR,ERR,ERR,-0.0,0.0,3.039990997430017e+23,0.0,0.0,0.0,0.0,nan,0,0,0,32768,0,0.0,0,0.0,0.0,0.0,0.0,0.0,0,0,0,0,0.0,0,0,0,0,0,0,0,0,0,0,0,0,0,0,0,0,0,0,0,0,0,0,0,0,0,0,0,0,0,0,0,0,0,0,0,0,0,0,0,0,0,0,0,0,0.0,0.0,0.0,0.0,0.0,0.0,0.0,0.0,0.0,0.0,0.0,0.0,0.0,0.0,0.0,0.0,0.0,0.0,0.0,0.0,0.0,0.0,0.0,0.0,-2.004,0.0,0.0,0.0,0.0,0.0,3403.5,-1.5879157526988056e+29,0.0,2.7184278591402704e+23,0.0,-0.0,0.0,0.0,0.0,0.0,0.0,0,4.0668755697950344e+29,0.059,0.0,0.0,0.0,0.0,0.0,0.0,0.0,0,0,0,0.0,0.0,0.0,0.0,0.0,0.0,0.0,0.0,0.0,0.0,0.0,0.0,0.0,0.0,0.0,0.0,0,-107875648.0,0,0.0,0,-107875648.0,-107877712.0,0,52429,17039,26215,17054,13107,17038,0,0,0,110,100,100,-0.0,64.0,0.0,64.5,0.0,69.0,1,49,50,180,13107,0,0,0,0.0,0.0,0.0,0.0,1.5481803859588206e+32,65.0,0.0,2.5418609830694152e+26,0.0,646,0,690,0,0,0,719,0,792,0,711,0,690,0,645,0,643,0,615,0.032,55574528.0,-2.004,0.0,48400,16787,8.81692698163481e+36,414.516,-0.0,nan,-0.0,3.946990085663668e+34,29.0,60.0,70,0.0,0.0,0.0,0.0,0.0,0.0,0.0,0.0,0.0,0.0,0.0,0.0,0.0,0.0,0.0,0.0,59.2,69,11,65508,41,65476,0,300,0,0,8,20529,65476,0,0,61604,60.0,0.0,0.0,0.0,0.0,0.0
2026-04-04T11:07:41,ERR,ERR,ERR,ERR,ERR,ERR,ERR,ERR,ERR,ERR,ERR,ERR,ERR,ERR,ERR,ERR,ERR,ERR,ERR,ERR,ERR,ERR,ERR,ERR,ERR,ERR,ERR,ERR,ERR,ERR,ERR,ERR,ERR,ERR,ERR,ERR,ERR,ERR,ERR,ERR,ERR,ERR,ERR,ERR,ERR,ERR,ERR,ERR,ERR,ERR,ERR,ERR,ERR,ERR,ERR,ERR,ERR,ERR,ERR,ERR,ERR,ERR,ERR,ERR,ERR,ERR,ERR,ERR,ERR,ERR,ERR,ERR,ERR,ERR,ERR,ERR,ERR,ERR,ERR,ERR,ERR,ERR,ERR,ERR,ERR,ERR,ERR,ERR,ERR,ERR,ERR,ERR,ERR,ERR,ERR,ERR,ERR,ERR,ERR,ERR,ERR,ERR,ERR,ERR,ERR,ERR,ERR,ERR,ERR,ERR,ERR,ERR,ERR,ERR,ERR,ERR,ERR,ERR,ERR,ERR,ERR,ERR,ERR,ERR,ERR,-0.0,0.0,3.039990997430017e+23,0.0,0.0,0.0,0.0,nan,0,0,0,32768,0,0.0,0,0.0,0.0,0.0,0.0,0.0,0,0,0,0,0.0,0,0,0,0,0,0,0,0,0,0,0,0,0,0,0,0,0,0,0,0,0,0,0,0,0,0,0,0,0,0,0,0,0,0,0,0,0,0,0,0,0,0,0,0,0.0,0.0,0.0,0.0,0.0,0.0,0.0,0.0,0.0,0.0,0.0,0.0,0.0,0.0,0.0,0.0,0.0,0.0,0.0,0.0,0.0,0.0,0.0,0.0,-2.004,0.0,0.0,0.0,0.0,0.0,3403.5,-1.5879157526988056e+29,0.0,2.7184278591402704e+23,0.0,-0.0,0.0,0.0,0.0,0.0,0.0,0,4.0668755697950344e+29,0.059,0.0,0.0,0.0,0.0,0.0,0.0,0.0,0,0,0,0.0,0.0,0.0,0.0,0.0,0.0,0.0,0.0,0.0,0.0,0.0,0.0,0.0,0.0,0.0,0.0,0,-107875648.0,0,0.0,0,-107875648.0,-107877712.0,0,52429,17039,26215,17054,13107,17038,0,0,0,110,100,100,-0.0,64.0,0.0,64.5,0.0,69.0,1,49,50,180,13107,0,0,0,0.0,0.0,0.0,0.0,1.5481803859588206e+32,65.0,0.0,2.5418609830694152e+26,0.0,646,0,690,0,0,0,719,0,792,0,711,0,690,0,645,0,643,0,615,0.032,55574528.0,-2.004,0.0,48400,16787,8.81692698163481e+36,414.516,-0.0,nan,-0.0,3.946990085663668e+34,29.0,60.0,70,0.0,0.0,0.0,0.0,0.0,0.0,0.0,0.0,0.0,0.0,0.0,0.0,0.0,0.0,0.0,0.0,59.2,69,11,65508,41,65476,0,300,0,0,8,20529,65476,0,0,61604,60.0,0.0,0.0,0.0,0.0,0.0
2026-04-04T11:07:42,ERR,ERR,ERR,ERR,ERR,ERR,ERR,ERR,ERR,ERR,ERR,ERR,ERR,ERR,ERR,ERR,ERR,ERR,ERR,ERR,ERR,ERR,ERR,ERR,ERR,ERR,ERR,ERR,ERR,ERR,ERR,ERR,ERR,ERR,ERR,ERR,ERR,ERR,ERR,ERR,ERR,ERR,ERR,ERR,ERR,ERR,ERR,ERR,ERR,ERR,ERR,ERR,ERR,ERR,ERR,ERR,ERR,ERR,ERR,ERR,ERR,ERR,ERR,ERR,ERR,ERR,ERR,ERR,ERR,ERR,ERR,ERR,ERR,ERR,ERR,ERR,ERR,ERR,ERR,ERR,ERR,ERR,ERR,ERR,ERR,ERR,ERR,ERR,ERR,ERR,ERR,ERR,ERR,ERR,ERR,ERR,ERR,ERR,ERR,ERR,ERR,ERR,ERR,ERR,ERR,ERR,ERR,ERR,ERR,ERR,ERR,ERR,ERR,ERR,ERR,ERR,ERR,ERR,ERR,ERR,ERR,ERR,ERR,ERR,ERR,-0.0,0.0,3.039990997430017e+23,0.0,0.0,0.0,0.0,nan,0,0,0,32768,0,0.0,0,0.0,0.0,0.0,0.0,0.0,0,0,0,0,0.0,0,0,0,0,0,0,0,0,0,0,0,0,0,0,0,0,0,0,0,0,0,0,0,0,0,0,0,0,0,0,0,0,0,0,0,0,0,0,0,0,0,0,0,0,0.0,0.0,0.0,0.0,0.0,0.0,0.0,0.0,0.0,0.0,0.0,0.0,0.0,0.0,0.0,0.0,0.0,0.0,0.0,0.0,0.0,0.0,0.0,0.0,-2.004,0.0,0.0,0.0,0.0,0.0,3403.5,-1.5879157526988056e+29,0.0,2.7184278591402704e+23,0.0,-0.0,0.0,0.0,0.0,0.0,0.0,0,4.0668755697950344e+29,0.059,0.0,0.0,0.0,0.0,0.0,0.0,0.0,0,0,0,0.0,0.0,0.0,0.0,0.0,0.0,0.0,0.0,0.0,0.0,0.0,0.0,0.0,0.0,0.0,0.0,0,-107875648.0,0,0.0,0,-107875648.0,-107877712.0,0,52429,17039,26215,17054,13107,17038,0,0,0,110,100,100,-0.0,64.0,0.0,64.5,0.0,69.0,1,49,50,180,13107,0,0,0,0.0,0.0,0.0,0.0,1.5481803859588206e+32,65.0,0.0,2.5418609830694152e+26,0.0,646,0,690,0,0,0,719,0,792,0,711,0,690,0,645,0,643,0,615,0.032,55574528.0,-2.004,0.0,48400,16787,8.81692698163481e+36,414.516,-0.0,nan,-0.0,3.946990085663668e+34,29.0,60.0,70,0.0,0.0,0.0,0.0,0.0,0.0,0.0,0.0,0.0,0.0,0.0,0.0,0.0,0.0,0.0,0.0,59.2,69,11,65508,41,65476,0,300,0,0,8,20529,65476,0,0,61604,60.0,0.0,0.0,0.0,0.0,0.0
2026-04-04T11:07:43,ERR,ERR,ERR,ERR,ERR,ERR,ERR,ERR,ERR,ERR,ERR,ERR,ERR,ERR,ERR,ERR,ERR,ERR,ERR,ERR,ERR,ERR,ERR,ERR,ERR,ERR,ERR,ERR,ERR,ERR,ERR,ERR,ERR,ERR,ERR,ERR,ERR,ERR,ERR,ERR,ERR,ERR,ERR,ERR,ERR,ERR,ERR,ERR,ERR,ERR,ERR,ERR,ERR,ERR,ERR,ERR,ERR,ERR,ERR,ERR,ERR,ERR,ERR,ERR,ERR,ERR,ERR,ERR,ERR,ERR,ERR,ERR,ERR,ERR,ERR,ERR,ERR,ERR,ERR,ERR,ERR,ERR,ERR,ERR,ERR,ERR,ERR,ERR,ERR,ERR,ERR,ERR,ERR,ERR,ERR,ERR,ERR,ERR,ERR,ERR,ERR,ERR,ERR,ERR,ERR,ERR,ERR,ERR,ERR,ERR,ERR,ERR,ERR,ERR,ERR,ERR,ERR,ERR,ERR,ERR,ERR,ERR,ERR,ERR,ERR,-0.0,0.0,3.039990997430017e+23,0.0,0.0,0.0,0.0,nan,0,0,0,32768,0,0.0,0,0.0,0.0,0.0,0.0,0.0,0,0,0,0,0.0,0,0,0,0,0,0,0,0,0,0,0,0,0,0,0,0,0,0,0,0,0,0,0,0,0,0,0,0,0,0,0,0,0,0,0,0,0,0,0,0,0,0,0,0,0.0,0.0,0.0,0.0,0.0,0.0,0.0,0.0,0.0,0.0,0.0,0.0,0.0,0.0,0.0,0.0,0.0,0.0,0.0,0.0,0.0,0.0,0.0,0.0,-2.004,0.0,0.0,0.0,0.0,0.0,3403.5,-1.5879157526988056e+29,0.0,2.7184278591402704e+23,0.0,-0.0,0.0,0.0,0.0,0.0,0.0,0,4.0668755697950344e+29,0.059,0.0,0.0,0.0,0.0,0.0,0.0,0.0,0,0,0,0.0,0.0,0.0,0.0,0.0,0.0,0.0,0.0,0.0,0.0,0.0,0.0,0.0,0.0,0.0,0.0,0,-107875648.0,0,0.0,0,-107875648.0,-107877712.0,0,52429,17039,26215,17054,13107,17038,0,0,0,110,100,100,-0.0,64.0,0.0,64.5,0.0,69.0,1,49,50,180,13107,0,0,0,0.0,0.0,0.0,0.0,7.926683576109161e+34,65.0,0.0,354609679826944.0,0.0,646,0,690,0,0,0,719,0,792,0,711,0,690,0,645,0,643,0,615,0.032,55836672.0,-2.004,0.0,28048,16787,7.926683576109161e+34,354609679826944.0,-0.006,0.0,-0.0,-0.0,29.0,60.0,70,0.0,0.0,0.0,0.0,0.0,0.0,0.0,0.0,0.0,0.0,0.0,0.0,0.0,0.0,0.0,0.0,59.2,69,11,65508,41,65476,0,300,0,0,8,20529,65476,0,0,61604,60.0,0.0,0.0,0.0,0.0,0.0
2026-04-04T11:07:44,ERR,ERR,ERR,ERR,ERR,ERR,ERR,ERR,ERR,ERR,ERR,ERR,ERR,ERR,ERR,ERR,ERR,ERR,ERR,ERR,ERR,ERR,ERR,ERR,ERR,ERR,ERR,ERR,ERR,ERR,ERR,ERR,ERR,ERR,ERR,ERR,ERR,ERR,ERR,ERR,ERR,ERR,ERR,ERR,ERR,ERR,ERR,ERR,ERR,ERR,ERR,ERR,ERR,ERR,ERR,ERR,ERR,ERR,ERR,ERR,ERR,ERR,ERR,ERR,ERR,ERR,ERR,ERR,ERR,ERR,ERR,ERR,ERR,ERR,ERR,ERR,ERR,ERR,ERR,ERR,ERR,ERR,ERR,ERR,ERR,ERR,ERR,ERR,ERR,ERR,ERR,ERR,ERR,ERR,ERR,ERR,ERR,ERR,ERR,ERR,ERR,ERR,ERR,ERR,ERR,ERR,ERR,ERR,ERR,ERR,ERR,ERR,ERR,ERR,ERR,ERR,ERR,ERR,ERR,ERR,ERR,ERR,ERR,ERR,ERR,-0.0,0.0,3.039990997430017e+23,0.0,0.0,0.0,0.0,nan,0,0,0,32768,0,0.0,0,0.0,0.0,0.0,0.0,0.0,0,0,0,0,0.0,0,0,0,0,0,0,0,0,0,0,0,0,0,0,0,0,0,0,0,0,0,0,0,0,0,0,0,0,0,0,0,0,0,0,0,0,0,0,0,0,0,0,0,0,0.0,0.0,0.0,0.0,0.0,0.0,0.0,0.0,0.0,0.0,0.0,0.0,0.0,0.0,0.0,0.0,0.0,0.0,0.0,0.0,0.0,0.0,2.004,0.0,-0.0,0.0,0.0,0.0,0.0,0.0,3420.0,0.0,0.0,-0.0,0.0,-0.0,0.0,0.0,0.0,0.0,0.0,0,2.7184278591402704e+23,126840012800.0,0.0,0.0,0.0,0.0,0.0,0.0,0.0,0,0,0,0.0,0.0,0.0,0.0,0.0,0.0,0.0,0.0,0.0,0.0,0.0,0.0,0.0,0.0,0.0,0.0,0,-107875648.0,0,0.0,0,-107875648.0,-0.0,0,52429,17039,26215,17054,13107,17038,0,0,0,110,100,100,-0.0,64.0,0.0,64.5,0.0,69.0,1,49,50,180,13107,0,0,0,0.0,0.0,0.0,0.0,7.926683576109161e+34,65.0,0.0,354609679826944.0,0.0,646,0,690,0,0,0,719,0,792,0,711,0,690,0,645,0,643,0,615,0.032,55836672.0,-2.004,0.0,28048,16787,7.926683576109161e+34,354609679826944.0,-0.006,0.0,-0.0,-0.0,29.0,60.0,70,0.0,0.0,0.0,0.0,0.0,0.0,0.0,0.0,0.0,0.0,0.0,0.0,0.0,0.0,0.0,0.0,59.2,69,11,65508,41,65476,0,300,0,0,8,20529,65476,0,0,61604,60.0,0.0,0.0,0.0,0.0,0.0
2026-04-04T11:07:45,ERR,ERR,ERR,ERR,ERR,ERR,ERR,ERR,ERR,ERR,ERR,ERR,ERR,ERR,ERR,ERR,ERR,ERR,ERR,ERR,ERR,ERR,ERR,ERR,ERR,ERR,ERR,ERR,ERR,ERR,ERR,ERR,ERR,ERR,ERR,ERR,ERR,ERR,ERR,ERR,ERR,ERR,ERR,ERR,ERR,ERR,ERR,ERR,ERR,ERR,ERR,ERR,ERR,ERR,ERR,ERR,ERR,ERR,ERR,ERR,ERR,ERR,ERR,ERR,ERR,ERR,ERR,ERR,ERR,ERR,ERR,ERR,ERR,ERR,ERR,ERR,ERR,ERR,ERR,ERR,ERR,ERR,ERR,ERR,ERR,ERR,ERR,ERR,ERR,ERR,ERR,ERR,ERR,ERR,ERR,ERR,ERR,ERR,ERR,ERR,ERR,ERR,ERR,ERR,ERR,ERR,ERR,ERR,ERR,ERR,ERR,ERR,ERR,ERR,ERR,ERR,ERR,ERR,ERR,ERR,ERR,ERR,ERR,ERR,ERR,-0.0,0.0,3.039990997430017e+23,0.0,0.0,0.0,0.0,nan,0,0,0,32768,0,0.0,0,0.0,0.0,0.0,0.0,0.0,0,0,0,0,0.0,0,0,0,0,0,0,0,0,0,0,0,0,0,0,0,0,0,0,0,0,0,0,0,0,0,0,0,0,0,0,0,0,0,0,0,0,0,0,0,0,0,0,0,0,0.0,0.0,0.0,0.0,0.0,0.0,0.0,0.0,0.0,0.0,0.0,0.0,0.0,0.0,0.0,0.0,0.0,0.0,0.0,0.0,0.0,0.0,2.004,0.0,-0.0,0.0,0.0,0.0,0.0,0.0,3420.0,0.0,0.0,-0.0,0.0,-0.0,0.0,0.0,0.0,0.0,0.0,0,2.7184278591402704e+23,126840012800.0,0.0,0.0,0.0,0.0,0.0,0.0,0.0,0,0,0,0.0,0.0,0.0,0.0,0.0,0.0,0.0,0.0,0.0,0.0,0.0,0.0,0.0,0.0,0.0,0.0,0,-107875648.0,0,0.0,0,-107875648.0,-0.0,0,52429,17039,26215,17054,13107,17038,0,0,0,110,100,100,-0.0,64.0,0.0,64.5,0.0,69.0,1,49,50,180,13107,0,0,0,0.0,0.0,0.0,0.0,7.926683576109161e+34,65.0,0.0,354609679826944.0,0.0,646,0,690,0,0,0,719,0,792,0,711,0,690,0,645,0,643,0,615,0.032,55836672.0,-2.004,0.0,28048,16787,7.926683576109161e+34,354609679826944.0,-0.006,0.0,-0.0,-0.0,29.0,60.0,70,0.0,0.0,0.0,0.0,0.0,0.0,0.0,0.0,0.0,0.0,0.0,0.0,0.0,0.0,0.0,0.0,59.2,69,11,65508,41,65476,0,300,0,0,8,20529,65476,0,0,61604,60.0,0.0,0.0,0.0,0.0,0.0
2026-04-04T11:07:46,ERR,ERR,ERR,ERR,ERR,ERR,ERR,ERR,ERR,ERR,ERR,ERR,ERR,ERR,ERR,ERR,ERR,ERR,ERR,ERR,ERR,ERR,ERR,ERR,ERR,ERR,ERR,ERR,ERR,ERR,ERR,ERR,ERR,ERR,ERR,ERR,ERR,ERR,ERR,ERR,ERR,ERR,ERR,ERR,ERR,ERR,ERR,ERR,ERR,ERR,ERR,ERR,ERR,ERR,ERR,ERR,ERR,ERR,ERR,ERR,ERR,ERR,ERR,ERR,ERR,ERR,ERR,ERR,ERR,ERR,ERR,ERR,ERR,ERR,ERR,ERR,ERR,ERR,ERR,ERR,ERR,ERR,ERR,ERR,ERR,ERR,ERR,ERR,ERR,ERR,ERR,ERR,ERR,ERR,ERR,ERR,ERR,ERR,ERR,ERR,ERR,ERR,ERR,ERR,ERR,ERR,ERR,ERR,ERR,ERR,ERR,ERR,ERR,ERR,ERR,ERR,ERR,ERR,ERR,ERR,ERR,ERR,ERR,ERR,ERR,-0.0,0.0,3.039990997430017e+23,0.0,0.0,0.0,0.0,nan,0,0,0,32768,0,0.0,0,0.0,0.0,0.0,0.0,0.0,0,0,0,0,0.0,0,0,0,0,0,0,0,0,0,0,0,0,0,0,0,0,0,0,0,0,0,0,0,0,0,0,0,0,0,0,0,0,0,0,0,0,0,0,0,0,0,0,0,0,0.0,0.0,0.0,0.0,0.0,0.0,0.0,0.0,0.0,0.0,0.0,0.0,0.0,0.0,0.0,0.0,0.0,0.0,0.0,0.0,0.0,0.0,2.004,0.0,-0.0,0.0,0.0,0.0,0.0,0.0,3420.0,0.0,0.0,-0.0,0.0,-0.0,0.0,0.0,0.0,0.0,0.0,0,2.7184278591402704e+23,126840012800.0,0.0,0.0,0.0,0.0,0.0,0.0,0.0,0,0,0,0.0,0.0,0.0,0.0,0.0,0.0,0.0,0.0,0.0,0.0,0.0,0.0,0.0,0.0,0.0,0.0,0,-107875648.0,0,0.0,0,-107875648.0,-0.0,0,52429,17039,26215,17054,13107,17038,0,0,0,110,100,100,-0.0,64.0,0.0,64.5,0.0,69.0,1,49,50,180,13107,0,0,0,0.0,0.0,0.0,0.0,7.926683576109161e+34,65.0,0.0,354609679826944.0,0.0,646,0,690,0,0,0,719,0,792,0,711,0,690,0,645,0,643,0,615,0.032,55836672.0,-2.004,0.0,28048,16787,7.926683576109161e+34,354609679826944.0,-0.006,0.0,-0.0,-0.0,29.0,60.0,70,0.0,0.0,0.0,0.0,0.0,0.0,0.0,0.0,0.0,0.0,0.0,0.0,0.0,0.0,0.0,0.0,59.2,69,11,65508,41,65476,0,300,0,0,8,20529,65476,0,0,61604,60.0,0.0,0.0,0.0,0.0,0.0
2026-04-04T11:07:47,ERR,ERR,ERR,ERR,ERR,ERR,ERR,ERR,ERR,ERR,ERR,ERR,ERR,ERR,ERR,ERR,ERR,ERR,ERR,ERR,ERR,ERR,ERR,ERR,ERR,ERR,ERR,ERR,ERR,ERR,ERR,ERR,ERR,ERR,ERR,ERR,ERR,ERR,ERR,ERR,ERR,ERR,ERR,ERR,ERR,ERR,ERR,ERR,ERR,ERR,ERR,ERR,ERR,ERR,ERR,ERR,ERR,ERR,ERR,ERR,ERR,ERR,ERR,ERR,ERR,ERR,ERR,ERR,ERR,ERR,ERR,ERR,ERR,ERR,ERR,ERR,ERR,ERR,ERR,ERR,ERR,ERR,ERR,ERR,ERR,ERR,ERR,ERR,ERR,ERR,ERR,ERR,ERR,ERR,ERR,ERR,ERR,ERR,ERR,ERR,ERR,ERR,ERR,ERR,ERR,ERR,ERR,ERR,ERR,ERR,ERR,ERR,ERR,ERR,ERR,ERR,ERR,ERR,ERR,ERR,ERR,ERR,ERR,ERR,ERR,-0.0,0.0,3.039990997430017e+23,0.0,0.0,0.0,0.0,nan,0,0,0,32768,0,0.0,0,0.0,0.0,0.0,0.0,0.0,0,0,0,0,0.0,0,0,0,0,0,0,0,0,0,0,0,0,0,0,0,0,0,0,0,0,0,0,0,0,0,0,0,0,0,0,0,0,0,0,0,0,0,0,0,0,0,0,0,0,0.0,0.0,0.0,0.0,0.0,0.0,0.0,0.0,0.0,0.0,0.0,0.0,0.0,0.0,0.0,0.0,0.0,0.0,0.0,0.0,0.0,0.0,2.004,0.0,-0.0,0.0,0.0,0.0,0.0,0.0,3420.0,0.0,0.0,-0.0,0.0,-0.0,0.0,0.0,0.0,0.0,0.0,0,2.7184278591402704e+23,126840012800.0,0.0,0.0,0.0,0.0,0.0,0.0,0.0,0,0,0,0.0,0.0,0.0,0.0,0.0,0.0,0.0,0.0,0.0,0.0,0.0,0.0,0.0,0.0,0.0,0.0,0,-107875648.0,0,0.0,0,-107875648.0,-0.0,0,52429,17039,26215,17054,13107,17038,0,0,0,110,100,100,-0.0,64.0,0.0,64.5,0.0,69.0,1,49,50,180,13107,0,0,0,0.0,0.0,0.0,0.0,7.926683576109161e+34,65.0,0.0,354609679826944.0,0.0,646,0,690,0,0,0,719,0,792,0,711,0,690,0,645,0,643,0,615,0.032,55836672.0,-2.004,0.0,28048,16787,7.926683576109161e+34,354609679826944.0,-0.006,0.0,-0.0,-0.0,29.0,60.0,70,0.0,0.0,0.0,0.0,0.0,0.0,0.0,0.0,0.0,0.0,0.0,0.0,0.0,0.0,0.0,0.0,59.2,69,11,65508,41,65476,0,300,0,0,8,20529,65476,0,0,61604,60.0,0.0,0.0,0.0,0.0,0.0
2026-04-04T11:07:48,ERR,ERR,ERR,ERR,ERR,ERR,ERR,ERR,ERR,ERR,ERR,ERR,ERR,ERR,ERR,ERR,ERR,ERR,ERR,ERR,ERR,ERR,ERR,ERR,ERR,ERR,ERR,ERR,ERR,ERR,ERR,ERR,ERR,ERR,ERR,ERR,ERR,ERR,ERR,ERR,ERR,ERR,ERR,ERR,ERR,ERR,ERR,ERR,ERR,ERR,ERR,ERR,ERR,ERR,ERR,ERR,ERR,ERR,ERR,ERR,ERR,ERR,ERR,ERR,ERR,ERR,ERR,ERR,ERR,ERR,ERR,ERR,ERR,ERR,ERR,ERR,ERR,ERR,ERR,ERR,ERR,ERR,ERR,ERR,ERR,ERR,ERR,ERR,ERR,ERR,ERR,ERR,ERR,ERR,ERR,ERR,ERR,ERR,ERR,ERR,ERR,ERR,ERR,ERR,ERR,ERR,ERR,ERR,ERR,ERR,ERR,ERR,ERR,ERR,ERR,ERR,ERR,ERR,ERR,ERR,ERR,ERR,ERR,ERR,ERR,-0.0,0.0,3.039990997430017e+23,0.0,0.0,0.0,0.0,nan,0,0,0,32768,0,0.0,0,0.0,0.0,0.0,0.0,0.0,0,0,0,0,0.0,0,0,0,0,0,0,0,0,0,0,0,0,0,0,0,0,0,0,0,0,0,0,0,0,0,0,0,0,0,0,0,0,0,0,0,0,0,0,0,0,0,0,0,0,0.0,0.0,0.0,0.0,0.0,0.0,0.0,0.0,0.0,0.0,0.0,0.0,0.0,0.0,0.0,0.0,0.0,0.0,0.0,0.0,0.0,0.0,2.004,0.0,-0.0,0.0,0.0,0.0,0.0,0.0,3420.0,0.0,0.0,-0.0,0.0,-0.0,0.0,0.0,0.0,0.0,0.0,0,2.7184278591402704e+23,126840012800.0,0.0,0.0,0.0,0.0,0.0,0.0,0.0,0,0,0,0.0,0.0,0.0,0.0,0.0,0.0,0.0,0.0,0.0,0.0,0.0,0.0,0.0,0.0,0.0,0.0,0,-107875648.0,0,0.0,0,-107875648.0,-0.0,0,52429,17039,26215,17054,13107,17038,0,0,0,110,100,100,-0.0,64.0,0.0,64.5,0.0,69.0,1,49,50,180,13107,0,0,0,0.0,0.0,0.0,0.0,7.926683576109161e+34,65.0,0.0,0.0,0.0,646,0,690,0,0,0,719,0,792,0,711,0,690,0,645,0,643,0,616,0.032,55836672.0,-2.004,0.0,51600,16787,-0.0,0.0,-0.0,-0.0,-0.0,1.0117766746724226e+24,29.0,60.0,70,0.0,0.0,0.0,0.0,0.0,0.0,0.0,0.0,0.0,0.0,0.0,0.0,0.0,0.0,0.0,0.0,59.2,69,11,65508,41,65476,0,300,0,0,8,20529,65476,0,0,61604,60.0,0.0,0.0,0.0,0.0,0.0
2026-04-04T11:07:49,ERR,ERR,ERR,ERR,ERR,ERR,ERR,ERR,ERR,ERR,ERR,ERR,ERR,ERR,ERR,ERR,ERR,ERR,ERR,ERR,ERR,ERR,ERR,ERR,ERR,ERR,ERR,ERR,ERR,ERR,ERR,ERR,ERR,ERR,ERR,ERR,ERR,ERR,ERR,ERR,ERR,ERR,ERR,ERR,ERR,ERR,ERR,ERR,ERR,ERR,ERR,ERR,ERR,ERR,ERR,ERR,ERR,ERR,ERR,ERR,ERR,ERR,ERR,ERR,ERR,ERR,ERR,ERR,ERR,ERR,ERR,ERR,ERR,ERR,ERR,ERR,ERR,ERR,ERR,ERR,ERR,ERR,ERR,ERR,ERR,ERR,ERR,ERR,ERR,ERR,ERR,ERR,ERR,ERR,ERR,ERR,ERR,ERR,ERR,ERR,ERR,ERR,ERR,ERR,ERR,ERR,ERR,ERR,ERR,ERR,ERR,ERR,ERR,ERR,ERR,ERR,ERR,ERR,ERR,ERR,ERR,ERR,ERR,ERR,ERR,-0.0,0.0,3.039990997430017e+23,0.0,0.0,0.0,0.0,nan,0,0,0,32768,0,0.0,0,0.0,0.0,0.0,0.0,0.0,0,0,0,0,0.0,0,0,0,0,0,0,0,0,0,0,0,0,0,0,0,0,0,0,0,0,0,0,0,0,0,0,0,0,0,0,0,0,0,0,0,0,0,0,0,0,0,0,0,0,0.0,0.0,0.0,0.0,0.0,0.0,0.0,0.0,0.0,0.0,0.0,0.0,0.0,0.0,0.0,0.0,0.0,0.0,0.0,0.0,0.0,0.0,2.004,0.0,-0.0,0.0,0.0,0.0,0.0,0.0,3420.0,0.0,0.0,-0.0,0.0,-0.0,0.0,0.0,0.0,0.0,0.0,0,2.7184278591402704e+23,126840012800.0,0.0,0.0,0.0,0.0,0.0,0.0,0.0,0,0,0,0.0,0.0,0.0,0.0,0.0,0.0,0.0,0.0,0.0,0.0,0.0,0.0,0.0,0.0,0.0,0.0,0,-107875648.0,0,0.0,0,-107875648.0,-0.0,0,52429,17039,26215,17054,13107,17038,0,0,0,110,100,100,-0.0,64.0,0.0,64.5,0.0,69.0,1,49,50,180,13107,0,0,0,0.0,0.0,0.0,0.0,7.926683576109161e+34,65.0,0.0,0.0,0.0,646,0,690,0,0,0,719,0,792,0,711,0,690,0,645,0,643,0,616,0.032,55836672.0,-2.004,0.0,51600,16787,-0.0,0.0,-0.0,-0.0,-0.0,1.0117766746724226e+24,29.0,60.0,70,0.0,0.0,0.0,0.0,0.0,0.0,0.0,0.0,0.0,0.0,0.0,0.0,0.0,0.0,0.0,0.0,59.2,69,11,65508,41,65476,0,300,0,0,8,20529,65476,0,0,61604,60.0,0.0,0.0,0.0,0.0,0.0
2026-04-04T11:07:50,ERR,ERR,ERR,ERR,ERR,ERR,ERR,ERR,ERR,ERR,ERR,ERR,ERR,ERR,ERR,ERR,ERR,ERR,ERR,ERR,ERR,ERR,ERR,ERR,ERR,ERR,ERR,ERR,ERR,ERR,ERR,ERR,ERR,ERR,ERR,ERR,ERR,ERR,ERR,ERR,ERR,ERR,ERR,ERR,ERR,ERR,ERR,ERR,ERR,ERR,ERR,ERR,ERR,ERR,ERR,ERR,ERR,ERR,ERR,ERR,ERR,ERR,ERR,ERR,ERR,ERR,ERR,ERR,ERR,ERR,ERR,ERR,ERR,ERR,ERR,ERR,ERR,ERR,ERR,ERR,ERR,ERR,ERR,ERR,ERR,ERR,ERR,ERR,ERR,ERR,ERR,ERR,ERR,ERR,ERR,ERR,ERR,ERR,ERR,ERR,ERR,ERR,ERR,ERR,ERR,ERR,ERR,ERR,ERR,ERR,ERR,ERR,ERR,ERR,ERR,ERR,ERR,ERR,ERR,ERR,ERR,ERR,ERR,ERR,ERR,-0.0,0.0,3.039990997430017e+23,0.0,0.0,0.0,0.0,nan,0,0,0,32768,0,0.0,0,0.0,0.0,0.0,0.0,0.0,0,0,0,0,0.0,0,0,0,0,0,0,0,0,0,0,0,0,0,0,0,0,0,0,0,0,0,0,0,0,0,0,0,0,0,0,0,0,0,0,0,0,0,0,0,0,0,0,0,0,0.0,0.0,0.0,0.0,0.0,0.0,0.0,0.0,0.0,0.0,0.0,0.0,0.0,0.0,0.0,0.0,0.0,0.0,0.0,0.0,0.0,0.0,2.004,0.0,-0.0,0.0,0.0,0.0,0.0,0.0,3420.0,0.0,0.0,-0.0,0.0,-0.0,0.0,0.0,0.0,0.0,0.0,0,2.7184278591402704e+23,126840012800.0,0.0,0.0,0.0,0.0,0.0,0.0,0.0,0,0,0,0.0,0.0,0.0,0.0,0.0,0.0,0.0,0.0,0.0,0.0,0.0,0.0,0.0,0.0,0.0,0.0,0,-107875648.0,0,0.0,0,-107875648.0,-0.0,0,52429,17039,26215,17054,13107,17038,0,0,0,110,100,100,-0.0,64.0,0.0,64.5,0.0,69.0,1,49,50,180,13107,0,0,0,0.0,0.0,0.0,0.0,7.926683576109161e+34,65.0,0.0,0.0,0.0,646,0,690,0,0,0,719,0,792,0,711,0,690,0,645,0,643,0,616,0.032,55836672.0,-2.004,0.0,51600,16787,-0.0,0.0,-0.0,-0.0,-0.0,1.0117766746724226e+24,29.0,60.0,70,0.0,0.0,0.0,0.0,0.0,0.0,0.0,0.0,0.0,0.0,0.0,0.0,0.0,0.0,0.0,0.0,59.6,69,11,65508,41,65476,0,300,0,0,8,20529,65476,0,0,61604,60.0,0.0,0.0,0.0,0.0,0.0
2026-04-04T11:07:51,ERR,ERR,ERR,ERR,ERR,ERR,ERR,ERR,ERR,ERR,ERR,ERR,ERR,ERR,ERR,ERR,ERR,ERR,ERR,ERR,ERR,ERR,ERR,ERR,ERR,ERR,ERR,ERR,ERR,ERR,ERR,ERR,ERR,ERR,ERR,ERR,ERR,ERR,ERR,ERR,ERR,ERR,ERR,ERR,ERR,ERR,ERR,ERR,ERR,ERR,ERR,ERR,ERR,ERR,ERR,ERR,ERR,ERR,ERR,ERR,ERR,ERR,ERR,ERR,ERR,ERR,ERR,ERR,ERR,ERR,ERR,ERR,ERR,ERR,ERR,ERR,ERR,ERR,ERR,ERR,ERR,ERR,ERR,ERR,ERR,ERR,ERR,ERR,ERR,ERR,ERR,ERR,ERR,ERR,ERR,ERR,ERR,ERR,ERR,ERR,ERR,ERR,ERR,ERR,ERR,ERR,ERR,ERR,ERR,ERR,ERR,ERR,ERR,ERR,ERR,ERR,ERR,ERR,ERR,ERR,ERR,ERR,ERR,ERR,ERR,-0.0,0.0,3.039990997430017e+23,0.0,0.0,0.0,0.0,nan,0,0,0,32768,0,0.0,0,0.0,0.0,0.0,0.0,0.0,0,0,0,0,0.0,0,0,0,0,0,0,0,0,0,0,0,0,0,0,0,0,0,0,0,0,0,0,0,0,0,0,0,0,0,0,0,0,0,0,0,0,0,0,0,0,0,0,0,0,0.0,0.0,0.0,0.0,0.0,0.0,0.0,0.0,0.0,0.0,0.0,0.0,0.0,0.0,0.0,0.0,0.0,0.0,0.0,0.0,0.0,0.0,2.004,0.0,-0.0,0.0,0.0,0.0,0.0,0.0,3420.0,0.0,0.0,-0.0,0.0,-0.0,0.0,0.0,0.0,0.0,0.0,0,2.7184278591402704e+23,126840012800.0,0.0,0.0,0.0,0.0,0.0,0.0,0.0,0,0,0,0.0,0.0,0.0,0.0,0.0,0.0,0.0,0.0,0.0,0.0,0.0,0.0,0.0,0.0,0.0,0.0,0,-107875648.0,0,0.0,0,-107875648.0,-0.0,0,52429,17039,26215,17054,13107,17038,0,0,0,110,100,100,-0.0,64.0,0.0,64.5,0.0,69.0,1,49,50,180,13107,0,0,0,0.0,0.0,0.0,0.0,7.926683576109161e+34,65.0,0.0,0.0,0.0,646,0,690,0,0,0,719,0,792,0,711,0,690,0,645,0,643,0,616,0.032,55836672.0,-2.004,0.0,51600,16787,-0.0,0.0,-0.0,-0.0,-0.0,1.0117766746724226e+24,29.0,60.0,70,0.0,0.0,0.0,0.0,0.0,0.0,0.0,0.0,0.0,0.0,0.0,0.0,0.0,0.0,0.0,0.0,59.6,69,11,65508,41,65476,0,300,0,0,8,20529,65476,0,0,61604,60.0,0.0,0.0,0.0,0.0,0.0
2026-04-04T11:07:52,ERR,ERR,ERR,ERR,ERR,ERR,ERR,ERR,ERR,ERR,ERR,ERR,ERR,ERR,ERR,ERR,ERR,ERR,ERR,ERR,ERR,ERR,ERR,ERR,ERR,ERR,ERR,ERR,ERR,ERR,ERR,ERR,ERR,ERR,ERR,ERR,ERR,ERR,ERR,ERR,ERR,ERR,ERR,ERR,ERR,ERR,ERR,ERR,ERR,ERR,ERR,ERR,ERR,ERR,ERR,ERR,ERR,ERR,ERR,ERR,ERR,ERR,ERR,ERR,ERR,ERR,ERR,ERR,ERR,ERR,ERR,ERR,ERR,ERR,ERR,ERR,ERR,ERR,ERR,ERR,ERR,ERR,ERR,ERR,ERR,ERR,ERR,ERR,ERR,ERR,ERR,ERR,ERR,ERR,ERR,ERR,ERR,ERR,ERR,ERR,ERR,ERR,ERR,ERR,ERR,ERR,ERR,ERR,ERR,ERR,ERR,ERR,ERR,ERR,ERR,ERR,ERR,ERR,ERR,ERR,ERR,ERR,ERR,ERR,ERR,2.7184278591402704e+23,0.0,-0.0,0.0,0.0,0.0,0.0,nan,0,0,0,32768,0,0.0,0,0.0,0.0,0.0,0.0,0.0,0,0,0,0,0.0,0,0,0,0,0,0,0,0,0,0,0,0,0,0,0,0,0,0,0,0,0,0,0,0,0,0,0,0,0,0,0,0,0,0,0,0,0,0,0,0,0,0,0,0,0.0,0.0,0.0,0.0,0.0,0.0,0.0,0.0,0.0,0.0,0.0,0.0,0.0,0.0,0.0,0.0,0.0,0.0,0.0,0.0,0.0,0.0,2.004,0.0,-0.0,0.0,0.0,0.0,0.0,0.0,3401.0,-8608108544.0,0.0,2.7184278591402704e+23,0.0,-0.0,0.0,0.0,0.0,0.0,0.0,0,1.9056958870913024e+17,89220.062,0.0,0.0,0.0,0.0,0.0,0.0,0.0,0,0,0,0.0,0.0,0.0,0.0,0.0,0.0,0.0,0.0,0.0,0.0,0.0,0.0,0.0,0.0,0.0,0.0,0,-107875648.0,0,0.0,0,-107875648.0,-107877712.0,0,52429,17039,26215,17054,13107,17038,0,0,0,110,100,100,-0.0,64.0,0.0,64.5,0.0,69.0,1,49,50,180,13107,0,0,0,0.0,0.0,0.0,0.0,7.926683576109161e+34,65.0,0.0,0.0,0.0,646,0,690,0,0,0,719,0,792,0,711,0,690,0,645,0,643,0,616,0.032,55836672.0,-2.004,0.0,51600,16787,-0.0,0.0,-0.0,-0.0,-0.0,1.0117766746724226e+24,29.0,60.0,70,0.0,0.0,0.0,0.0,0.0,0.0,0.0,0.0,0.0,0.0,0.0,0.0,0.0,0.0,0.0,0.0,59.2,69,11,65508,41,65476,0,300,0,0,8,20529,65476,0,0,61604,60.0,0.0,0.0,0.0,0.0,0.0
2026-04-04T11:07:53,ERR,ERR,ERR,ERR,ERR,ERR,ERR,ERR,ERR,ERR,ERR,ERR,ERR,ERR,ERR,ERR,ERR,ERR,ERR,ERR,ERR,ERR,ERR,ERR,ERR,ERR,ERR,ERR,ERR,ERR,ERR,ERR,ERR,ERR,ERR,ERR,ERR,ERR,ERR,ERR,ERR,ERR,ERR,ERR,ERR,ERR,ERR,ERR,ERR,ERR,ERR,ERR,ERR,ERR,ERR,ERR,ERR,ERR,ERR,ERR,ERR,ERR,ERR,ERR,ERR,ERR,ERR,ERR,ERR,ERR,ERR,ERR,ERR,ERR,ERR,ERR,ERR,ERR,ERR,ERR,ERR,ERR,ERR,ERR,ERR,ERR,ERR,ERR,ERR,ERR,ERR,ERR,ERR,ERR,ERR,ERR,ERR,ERR,ERR,ERR,ERR,ERR,ERR,ERR,ERR,ERR,ERR,ERR,ERR,ERR,ERR,ERR,ERR,ERR,ERR,ERR,ERR,ERR,ERR,ERR,ERR,ERR,ERR,ERR,ERR,2.7184278591402704e+23,0.0,-0.0,0.0,0.0,0.0,0.0,nan,0,0,0,32768,0,0.0,0,0.0,0.0,0.0,0.0,0.0,0,0,0,0,0.0,0,0,0,0,0,0,0,0,0,0,0,0,0,0,0,0,0,0,0,0,0,0,0,0,0,0,0,0,0,0,0,0,0,0,0,0,0,0,0,0,0,0,0,0,0.0,0.0,0.0,0.0,0.0,0.0,0.0,0.0,0.0,0.0,0.0,0.0,0.0,0.0,0.0,0.0,0.0,0.0,0.0,0.0,0.0,0.0,2.004,0.0,-0.0,0.0,0.0,0.0,0.0,0.0,3401.0,-8608108544.0,0.0,2.7184278591402704e+23,0.0,-0.0,0.0,0.0,0.0,0.0,0.0,0,1.9056958870913024e+17,89220.062,0.0,0.0,0.0,0.0,0.0,0.0,0.0,0,0,0,0.0,0.0,0.0,0.0,0.0,0.0,0.0,0.0,0.0,0.0,0.0,0.0,0.0,0.0,0.0,0.0,0,-107875648.0,0,0.0,0,-107875648.0,-107877712.0,0,52429,17039,26215,17054,13107,17038,0,0,0,110,100,100,-0.0,64.0,0.0,64.5,0.0,69.0,1,49,50,180,13107,0,0,0,0.0,0.0,0.0,0.0,7.926683576109161e+34,65.0,0.0,0.0,0.0,646,0,690,0,0,0,719,0,792,0,711,0,690,0,645,0,643,0,616,0.032,55836672.0,-2.004,0.0,51600,16787,-0.0,0.0,-0.0,-0.0,-0.0,1.0117766746724226e+24,29.0,60.0,70,0.0,0.0,0.0,0.0,0.0,0.0,0.0,0.0,0.0,0.0,0.0,0.0,0.0,0.0,0.0,0.0,59.2,69,11,65508,41,65476,0,300,0,0,8,20529,65476,0,0,61604,60.0,0.0,0.0,0.0,0.0,0.0
2026-04-04T11:07:54,ERR,ERR,ERR,ERR,ERR,ERR,ERR,ERR,ERR,ERR,ERR,ERR,ERR,ERR,ERR,ERR,ERR,ERR,ERR,ERR,ERR,ERR,ERR,ERR,ERR,ERR,ERR,ERR,ERR,ERR,ERR,ERR,ERR,ERR,ERR,ERR,ERR,ERR,ERR,ERR,ERR,ERR,ERR,ERR,ERR,ERR,ERR,ERR,ERR,ERR,ERR,ERR,ERR,ERR,ERR,ERR,ERR,ERR,ERR,ERR,ERR,ERR,ERR,ERR,ERR,ERR,ERR,ERR,ERR,ERR,ERR,ERR,ERR,ERR,ERR,ERR,ERR,ERR,ERR,ERR,ERR,ERR,ERR,ERR,ERR,ERR,ERR,ERR,ERR,ERR,ERR,ERR,ERR,ERR,ERR,ERR,ERR,ERR,ERR,ERR,ERR,ERR,ERR,ERR,ERR,ERR,ERR,ERR,ERR,ERR,ERR,ERR,ERR,ERR,ERR,ERR,ERR,ERR,ERR,ERR,ERR,ERR,ERR,ERR,ERR,2.7184278591402704e+23,0.0,-0.0,0.0,0.0,0.0,0.0,nan,0,0,0,32768,0,0.0,0,0.0,0.0,0.0,0.0,0.0,0,0,0,0,0.0,0,0,0,0,0,0,0,0,0,0,0,0,0,0,0,0,0,0,0,0,0,0,0,0,0,0,0,0,0,0,0,0,0,0,0,0,0,0,0,0,0,0,0,0,0.0,0.0,0.0,0.0,0.0,0.0,0.0,0.0,0.0,0.0,0.0,0.0,0.0,0.0,0.0,0.0,0.0,0.0,0.0,0.0,0.0,0.0,2.004,0.0,-0.0,0.0,0.0,0.0,0.0,0.0,3401.0,-8608108544.0,0.0,2.7184278591402704e+23,0.0,-0.0,0.0,0.0,0.0,0.0,0.0,0,1.9056958870913024e+17,89220.062,0.0,0.0,0.0,0.0,0.0,0.0,0.0,0,0,0,0.0,0.0,0.0,0.0,0.0,0.0,0.0,0.0,0.0,0.0,0.0,0.0,0.0,0.0,0.0,0.0,0,-107875648.0,0,0.0,0,-107875648.0,-107877712.0,0,52429,17039,26215,17054,13107,17038,0,0,0,110,100,100,-0.0,64.0,0.0,64.5,0.0,69.0,1,49,50,180,13107,0,0,0,0.0,0.0,0.0,0.0,-0.0,65.0,0.0,1610.062,0.0,646,0,690,0,0,0,719,0,792,0,711,0,690,0,645,0,643,0,616,0.032,55836672.0,-2.004,0.0,48272,16787,-0.0,1.191045970788352e+16,-1.7671298502614424e+33,-1910942619140096.0,-2245272805572608.0,-0.0,29.0,60.0,70,0.0,0.0,0.0,0.0,0.0,0.0,0.0,0.0,0.0,0.0,0.0,0.0,0.0,0.0,0.0,0.0,59.2,69,11,65508,41,65476,0,300,0,0,8,20529,65476,0,0,61604,60.0,0.0,0.0,0.0,0.0,0.0
2026-04-04T11:07:55,ERR,ERR,ERR,ERR,ERR,ERR,ERR,ERR,ERR,ERR,ERR,ERR,ERR,ERR,ERR,ERR,ERR,ERR,ERR,ERR,ERR,ERR,ERR,ERR,ERR,ERR,ERR,ERR,ERR,ERR,ERR,ERR,ERR,ERR,ERR,ERR,ERR,ERR,ERR,ERR,ERR,ERR,ERR,ERR,ERR,ERR,ERR,ERR,ERR,ERR,ERR,ERR,ERR,ERR,ERR,ERR,ERR,ERR,ERR,ERR,ERR,ERR,ERR,ERR,ERR,ERR,ERR,ERR,ERR,ERR,ERR,ERR,ERR,ERR,ERR,ERR,ERR,ERR,ERR,ERR,ERR,ERR,ERR,ERR,ERR,ERR,ERR,ERR,ERR,ERR,ERR,ERR,ERR,ERR,ERR,ERR,ERR,ERR,ERR,ERR,ERR,ERR,ERR,ERR,ERR,ERR,ERR,ERR,ERR,ERR,ERR,ERR,ERR,ERR,ERR,ERR,ERR,ERR,ERR,ERR,ERR,ERR,ERR,ERR,ERR,2.7184278591402704e+23,0.0,-0.0,0.0,0.0,0.0,0.0,nan,0,0,0,32768,0,0.0,0,0.0,0.0,0.0,0.0,0.0,0,0,0,0,0.0,0,0,0,0,0,0,0,0,0,0,0,0,0,0,0,0,0,0,0,0,0,0,0,0,0,0,0,0,0,0,0,0,0,0,0,0,0,0,0,0,0,0,0,0,0.0,0.0,0.0,0.0,0.0,0.0,0.0,0.0,0.0,0.0,0.0,0.0,0.0,0.0,0.0,0.0,0.0,0.0,0.0,0.0,0.0,0.0,2.004,0.0,-0.0,0.0,0.0,0.0,0.0,0.0,3401.0,-8608108544.0,0.0,2.7184278591402704e+23,0.0,-0.0,0.0,0.0,0.0,0.0,0.0,0,1.9056958870913024e+17,89220.062,0.0,0.0,0.0,0.0,0.0,0.0,0.0,0,0,0,0.0,0.0,0.0,0.0,0.0,0.0,0.0,0.0,0.0,0.0,0.0,0.0,0.0,0.0,0.0,0.0,0,-107875648.0,0,0.0,0,-107875648.0,-107877712.0,0,52429,17039,26215,17054,13107,17038,0,0,0,110,100,100,-0.0,64.0,0.0,64.5,0.0,69.0,1,49,50,180,13107,0,0,0,0.0,0.0,0.0,0.0,-0.0,65.0,0.0,1610.062,0.0,646,0,690,0,0,0,719,0,792,0,711,0,690,0,645,0,643,0,616,0.032,55836672.0,-2.004,0.0,48272,16787,-0.0,1.191045970788352e+16,-1.7671298502614424e+33,-1910942619140096.0,-2245272805572608.0,-0.0,29.0,60.0,70,0.0,0.0,0.0,0.0,0.0,0.0,0.0,0.0,0.0,0.0,0.0,0.0,0.0,0.0,0.0,0.0,59.2,69,11,65508,41,65476,0,300,0,0,8,20529,65476,0,0,61604,60.0,0.0,0.0,0.0,0.0,0.0
2026-04-04T11:07:56,ERR,ERR,ERR,ERR,ERR,ERR,ERR,ERR,ERR,ERR,ERR,ERR,ERR,ERR,ERR,ERR,ERR,ERR,ERR,ERR,ERR,ERR,ERR,ERR,ERR,ERR,ERR,ERR,ERR,ERR,ERR,ERR,ERR,ERR,ERR,ERR,ERR,ERR,ERR,ERR,ERR,ERR,ERR,ERR,ERR,ERR,ERR,ERR,ERR,ERR,ERR,ERR,ERR,ERR,ERR,ERR,ERR,ERR,ERR,ERR,ERR,ERR,ERR,ERR,ERR,ERR,ERR,ERR,ERR,ERR,ERR,ERR,ERR,ERR,ERR,ERR,ERR,ERR,ERR,ERR,ERR,ERR,ERR,ERR,ERR,ERR,ERR,ERR,ERR,ERR,ERR,ERR,ERR,ERR,ERR,ERR,ERR,ERR,ERR,ERR,ERR,ERR,ERR,ERR,ERR,ERR,ERR,ERR,ERR,ERR,ERR,ERR,ERR,ERR,ERR,ERR,ERR,ERR,ERR,ERR,ERR,ERR,ERR,ERR,ERR,2.7184278591402704e+23,0.0,-0.0,0.0,0.0,0.0,0.0,nan,0,0,0,32768,0,0.0,0,0.0,0.0,0.0,0.0,0.0,0,0,0,0,0.0,0,0,0,0,0,0,0,0,0,0,0,0,0,0,0,0,0,0,0,0,0,0,0,0,0,0,0,0,0,0,0,0,0,0,0,0,0,0,0,0,0,0,0,0,0.0,0.0,0.0,0.0,0.0,0.0,0.0,0.0,0.0,0.0,0.0,0.0,0.0,0.0,0.0,0.0,0.0,0.0,0.0,0.0,0.0,0.0,2.004,0.0,-0.0,0.0,0.0,0.0,0.0,0.0,3401.0,-8608108544.0,0.0,2.7184278591402704e+23,0.0,-0.0,0.0,0.0,0.0,0.0,0.0,0,1.9056958870913024e+17,89220.062,0.0,0.0,0.0,0.0,0.0,0.0,0.0,0,0,0,0.0,0.0,0.0,0.0,0.0,0.0,0.0,0.0,0.0,0.0,0.0,0.0,0.0,0.0,0.0,0.0,0,-107875648.0,0,0.0,0,-107875648.0,-107877712.0,0,52429,17039,26215,17054,13107,17038,0,0,0,110,100,100,-0.0,64.0,0.0,64.5,0.0,69.0,1,49,50,180,13107,0,0,0,0.0,0.0,0.0,0.0,-0.0,65.0,0.0,1610.062,0.0,646,0,690,0,0,0,719,0,792,0,711,0,690,0,645,0,643,0,616,0.032,55836672.0,-2.004,0.0,48272,16787,-0.0,1.191045970788352e+16,-1.7671298502614424e+33,-1910942619140096.0,-2245272805572608.0,-0.0,29.0,60.0,70,0.0,0.0,0.0,0.0,0.0,0.0,0.0,0.0,0.0,0.0,0.0,0.0,0.0,0.0,0.0,0.0,59.2,69,11,65508,41,65476,0,300,0,0,8,20529,65476,0,0,61604,60.0,0.0,0.0,0.0,0.0,0.0
2026-04-04T11:07:57,ERR,ERR,ERR,ERR,ERR,ERR,ERR,ERR,ERR,ERR,ERR,ERR,ERR,ERR,ERR,ERR,ERR,ERR,ERR,ERR,ERR,ERR,ERR,ERR,ERR,ERR,ERR,ERR,ERR,ERR,ERR,ERR,ERR,ERR,ERR,ERR,ERR,ERR,ERR,ERR,ERR,ERR,ERR,ERR,ERR,ERR,ERR,ERR,ERR,ERR,ERR,ERR,ERR,ERR,ERR,ERR,ERR,ERR,ERR,ERR,ERR,ERR,ERR,ERR,ERR,ERR,ERR,ERR,ERR,ERR,ERR,ERR,ERR,ERR,ERR,ERR,ERR,ERR,ERR,ERR,ERR,ERR,ERR,ERR,ERR,ERR,ERR,ERR,ERR,ERR,ERR,ERR,ERR,ERR,ERR,ERR,ERR,ERR,ERR,ERR,ERR,ERR,ERR,ERR,ERR,ERR,ERR,ERR,ERR,ERR,ERR,ERR,ERR,ERR,ERR,ERR,ERR,ERR,ERR,ERR,ERR,ERR,ERR,ERR,ERR,2.7184278591402704e+23,0.0,-0.0,0.0,0.0,0.0,0.0,nan,0,0,0,32768,0,0.0,0,0.0,0.0,0.0,0.0,0.0,0,0,0,0,0.0,0,0,0,0,0,0,0,0,0,0,0,0,0,0,0,0,0,0,0,0,0,0,0,0,0,0,0,0,0,0,0,0,0,0,0,0,0,0,0,0,0,0,0,0,0.0,0.0,0.0,0.0,0.0,0.0,0.0,0.0,0.0,0.0,0.0,0.0,0.0,0.0,0.0,0.0,0.0,0.0,0.0,0.0,0.0,0.0,2.004,0.0,-0.0,0.0,0.0,0.0,0.0,0.0,3401.0,-8608108544.0,0.0,2.7184278591402704e+23,0.0,-0.0,0.0,0.0,0.0,0.0,0.0,0,1.9056958870913024e+17,89220.062,0.0,0.0,0.0,0.0,0.0,0.0,0.0,0,0,0,0.0,0.0,0.0,0.0,0.0,0.0,0.0,0.0,0.0,0.0,0.0,0.0,0.0,0.0,0.0,0.0,0,-107875648.0,0,0.0,0,-107875648.0,-107877712.0,0,52429,17039,26215,17054,13107,17038,0,0,0,110,100,100,-0.0,64.0,0.0,64.5,0.0,69.0,1,49,50,180,13107,0,0,0,0.0,0.0,0.0,0.0,-0.0,65.0,0.0,1610.062,0.0,646,0,690,0,0,0,719,0,792,0,711,0,690,0,645,0,643,0,616,0.032,55836672.0,-2.004,0.0,48272,16787,-0.0,1.191045970788352e+16,-1.7671298502614424e+33,-1910942619140096.0,-2245272805572608.0,-0.0,29.0,60.0,70,0.0,0.0,0.0,0.0,0.0,0.0,0.0,0.0,0.0,0.0,0.0,0.0,0.0,0.0,0.0,0.0,59.2,69,11,65508,41,65476,0,300,0,0,8,20529,65476,0,0,61604,60.0,0.0,0.0,0.0,0.0,0.0
2026-04-04T11:07:58,ERR,ERR,ERR,ERR,ERR,ERR,ERR,ERR,ERR,ERR,ERR,ERR,ERR,ERR,ERR,ERR,ERR,ERR,ERR,ERR,ERR,ERR,ERR,ERR,ERR,ERR,ERR,ERR,ERR,ERR,ERR,ERR,ERR,ERR,ERR,ERR,ERR,ERR,ERR,ERR,ERR,ERR,ERR,ERR,ERR,ERR,ERR,ERR,ERR,ERR,ERR,ERR,ERR,ERR,ERR,ERR,ERR,ERR,ERR,ERR,ERR,ERR,ERR,ERR,ERR,ERR,ERR,ERR,ERR,ERR,ERR,ERR,ERR,ERR,ERR,ERR,ERR,ERR,ERR,ERR,ERR,ERR,ERR,ERR,ERR,ERR,ERR,ERR,ERR,ERR,ERR,ERR,ERR,ERR,ERR,ERR,ERR,ERR,ERR,ERR,ERR,ERR,ERR,ERR,ERR,ERR,ERR,ERR,ERR,ERR,ERR,ERR,ERR,ERR,ERR,ERR,ERR,ERR,ERR,ERR,ERR,ERR,ERR,ERR,ERR,2.7184278591402704e+23,0.0,-0.0,0.0,0.0,0.0,0.0,nan,0,0,0,32768,0,0.0,0,0.0,0.0,0.0,0.0,0.0,0,0,0,0,0.0,0,0,0,0,0,0,0,0,0,0,0,0,0,0,0,0,0,0,0,0,0,0,0,0,0,0,0,0,0,0,0,0,0,0,0,0,0,0,0,0,0,0,0,0,0.0,0.0,0.0,0.0,0.0,0.0,0.0,0.0,0.0,0.0,0.0,0.0,0.0,0.0,0.0,0.0,0.0,0.0,0.0,0.0,0.0,0.0,2.004,0.0,-0.0,0.0,0.0,0.0,0.0,0.0,3401.0,-8608108544.0,0.0,2.7184278591402704e+23,0.0,-0.0,0.0,0.0,0.0,0.0,0.0,0,1.9056958870913024e+17,89220.062,0.0,0.0,0.0,0.0,0.0,0.0,0.0,0,0,0,0.0,0.0,0.0,0.0,0.0,0.0,0.0,0.0,0.0,0.0,0.0,0.0,0.0,0.0,0.0,0.0,0,-107875648.0,0,0.0,0,-107875648.0,-107877712.0,0,52429,17039,26215,17054,13107,17038,0,0,0,110,100,100,-0.0,64.0,0.0,64.5,0.0,69.0,1,49,50,180,13107,0,0,0,0.0,0.0,0.0,0.0,-0.0,65.0,0.0,1610.062,0.0,646,0,690,0,0,0,719,0,792,0,711,0,690,0,645,0,643,0,616,0.032,55836672.0,-2.004,0.0,48272,16787,-0.0,1.191045970788352e+16,-1.7671298502614424e+33,-1910942619140096.0,-2245272805572608.0,-0.0,29.0,60.0,70,0.0,0.0,0.0,0.0,0.0,0.0,0.0,0.0,0.0,0.0,0.0,0.0,0.0,0.0,0.0,0.0,59.6,69,11,65508,41,65476,0,300,0,0,8,20529,65476,0,0,61604,60.0,0.0,0.0,0.0,0.0,0.0
2026-04-04T11:07:59,ERR,ERR,ERR,ERR,ERR,ERR,ERR,ERR,ERR,ERR,ERR,ERR,ERR,ERR,ERR,ERR,ERR,ERR,ERR,ERR,ERR,ERR,ERR,ERR,ERR,ERR,ERR,ERR,ERR,ERR,ERR,ERR,ERR,ERR,ERR,ERR,ERR,ERR,ERR,ERR,ERR,ERR,ERR,ERR,ERR,ERR,ERR,ERR,ERR,ERR,ERR,ERR,ERR,ERR,ERR,ERR,ERR,ERR,ERR,ERR,ERR,ERR,ERR,ERR,ERR,ERR,ERR,ERR,ERR,ERR,ERR,ERR,ERR,ERR,ERR,ERR,ERR,ERR,ERR,ERR,ERR,ERR,ERR,ERR,ERR,ERR,ERR,ERR,ERR,ERR,ERR,ERR,ERR,ERR,ERR,ERR,ERR,ERR,ERR,ERR,ERR,ERR,ERR,ERR,ERR,ERR,ERR,ERR,ERR,ERR,ERR,ERR,ERR,ERR,ERR,ERR,ERR,ERR,ERR,ERR,ERR,ERR,ERR,ERR,ERR,2.7184278591402704e+23,0.0,-0.0,0.0,0.0,0.0,0.0,nan,0,0,0,32768,0,0.0,0,0.0,0.0,0.0,0.0,0.0,0,0,0,0,0.0,0,0,0,0,0,0,0,0,0,0,0,0,0,0,0,0,0,0,0,0,0,0,0,0,0,0,0,0,0,0,0,0,0,0,0,0,0,0,0,0,0,0,0,0,0.0,0.0,0.0,0.0,0.0,0.0,0.0,0.0,0.0,0.0,0.0,0.0,0.0,0.0,0.0,0.0,0.0,0.0,0.0,0.0,0.0,0.0,2.004,0.0,-0.0,0.0,0.0,0.0,0.0,0.0,3401.0,-8608108544.0,0.0,2.7184278591402704e+23,0.0,-0.0,0.0,0.0,0.0,0.0,0.0,0,1.9056958870913024e+17,89220.062,0.0,0.0,0.0,0.0,0.0,0.0,0.0,0,0,0,0.0,0.0,0.0,0.0,0.0,0.0,0.0,0.0,0.0,0.0,0.0,0.0,0.0,0.0,0.0,0.0,0,-107875648.0,0,0.0,0,-107875648.0,-107877712.0,0,52429,17039,26215,17054,13107,17038,0,0,0,110,100,100,-0.0,64.0,0.0,64.5,0.0,69.0,1,49,50,180,13107,0,0,0,0.0,0.0,0.0,0.0,-0.0,65.0,0.0,1610.062,0.0,646,0,690,0,0,0,719,0,792,0,711,0,690,0,645,0,643,0,616,0.032,55836672.0,-2.004,0.0,48272,16787,-0.0,1.191045970788352e+16,-1.7671298502614424e+33,-1910942619140096.0,-2245272805572608.0,-0.0,29.0,60.0,70,0.0,0.0,0.0,0.0,0.0,0.0,0.0,0.0,0.0,0.0,0.0,0.0,0.0,0.0,0.0,0.0,59.6,69,11,65508,41,65476,0,300,0,0,8,20529,65476,0,0,61604,60.0,0.0,0.0,0.0,0.0,0.0
2026-04-04T11:08:00,ERR,ERR,ERR,ERR,ERR,ERR,ERR,ERR,ERR,ERR,ERR,ERR,ERR,ERR,ERR,ERR,ERR,ERR,ERR,ERR,ERR,ERR,ERR,ERR,ERR,ERR,ERR,ERR,ERR,ERR,ERR,ERR,ERR,ERR,ERR,ERR,ERR,ERR,ERR,ERR,ERR,ERR,ERR,ERR,ERR,ERR,ERR,ERR,ERR,ERR,ERR,ERR,ERR,ERR,ERR,ERR,ERR,ERR,ERR,ERR,ERR,ERR,ERR,ERR,ERR,ERR,ERR,ERR,ERR,ERR,ERR,ERR,ERR,ERR,ERR,ERR,ERR,ERR,ERR,ERR,ERR,ERR,ERR,ERR,ERR,ERR,ERR,ERR,ERR,ERR,ERR,ERR,ERR,ERR,ERR,ERR,ERR,ERR,ERR,ERR,ERR,ERR,ERR,ERR,ERR,ERR,ERR,ERR,ERR,ERR,ERR,ERR,ERR,ERR,ERR,ERR,ERR,ERR,ERR,ERR,ERR,ERR,ERR,ERR,ERR,-0.0,0.0,3.039990997430017e+23,0.0,0.0,0.0,0.0,nan,0,0,0,32768,0,0.0,0,0.0,0.0,0.0,0.0,0.0,0,0,0,0,0.0,0,0,0,0,0,0,0,0,0,0,0,0,0,0,0,0,0,0,0,0,0,0,0,0,0,0,0,0,0,0,0,0,0,0,0,0,0,0,0,0,0,0,0,0,0.0,0.0,0.0,0.0,0.0,0.0,0.0,0.0,0.0,0.0,0.0,0.0,0.0,0.0,0.0,0.0,0.0,0.0,0.0,0.0,0.0,0.0,0.0,0.0,-2.004,0.0,0.0,0.0,0.0,0.0,3403.0,-2.004,0.0,-0.0,0.0,2.7184274988523002e+23,0.0,0.0,0.0,0.0,0.0,0,4.0668755697950344e+29,0.0,0.0,0.0,0.0,0.0,0.0,0.0,0.0,0,0,0,0.0,0.0,0.0,0.0,0.0,0.0,0.0,0.0,0.0,0.0,0.0,0.0,0.0,0.0,0.0,0.0,0,-107875648.0,0,0.0,0,-107875648.0,-0.0,0,52429,17039,26215,17054,13107,17038,0,0,0,110,100,100,-0.0,64.0,0.0,64.5,0.0,69.0,1,49,50,180,13107,0,0,0,0.0,0.0,0.0,0.0,-0.0,65.0,0.0,-0.0,0.0,646,0,690,0,0,0,719,0,792,0,711,0,690,0,645,0,643,0,616,0.032,55836672.0,0.0,2.7302316136196234e+23,60688,16787,-0.0,-0.0,6551585792.0,-0.025,0.0,0.0,29.0,60.0,70,0.0,0.0,0.0,0.0,0.0,0.0,0.0,0.0,0.0,0.0,0.0,0.0,0.0,0.0,0.0,0.0,59.6,69,11,65508,41,65476,0,300,0,0,8,20529,65476,0,0,61604,60.0,0.0,0.0,0.0,0.0,0.0
2026-04-04T11:08:01,ERR,ERR,ERR,ERR,ERR,ERR,ERR,ERR,ERR,ERR,ERR,ERR,ERR,ERR,ERR,ERR,ERR,ERR,ERR,ERR,ERR,ERR,ERR,ERR,ERR,ERR,ERR,ERR,ERR,ERR,ERR,ERR,ERR,ERR,ERR,ERR,ERR,ERR,ERR,ERR,ERR,ERR,ERR,ERR,ERR,ERR,ERR,ERR,ERR,ERR,ERR,ERR,ERR,ERR,ERR,ERR,ERR,ERR,ERR,ERR,ERR,ERR,ERR,ERR,ERR,ERR,ERR,ERR,ERR,ERR,ERR,ERR,ERR,ERR,ERR,ERR,ERR,ERR,ERR,ERR,ERR,ERR,ERR,ERR,ERR,ERR,ERR,ERR,ERR,ERR,ERR,ERR,ERR,ERR,ERR,ERR,ERR,ERR,ERR,ERR,ERR,ERR,ERR,ERR,ERR,ERR,ERR,ERR,ERR,ERR,ERR,ERR,ERR,ERR,ERR,ERR,ERR,ERR,ERR,ERR,ERR,ERR,ERR,ERR,ERR,-0.0,0.0,3.039990997430017e+23,0.0,0.0,0.0,0.0,nan,0,0,0,32768,0,0.0,0,0.0,0.0,0.0,0.0,0.0,0,0,0,0,0.0,0,0,0,0,0,0,0,0,0,0,0,0,0,0,0,0,0,0,0,0,0,0,0,0,0,0,0,0,0,0,0,0,0,0,0,0,0,0,0,0,0,0,0,0,0.0,0.0,0.0,0.0,0.0,0.0,0.0,0.0,0.0,0.0,0.0,0.0,0.0,0.0,0.0,0.0,0.0,0.0,0.0,0.0,0.0,0.0,0.0,0.0,-2.004,0.0,0.0,0.0,0.0,0.0,3403.0,-2.004,0.0,-0.0,0.0,2.7184274988523002e+23,0.0,0.0,0.0,0.0,0.0,0,4.0668755697950344e+29,0.0,0.0,0.0,0.0,0.0,0.0,0.0,0.0,0,0,0,0.0,0.0,0.0,0.0,0.0,0.0,0.0,0.0,0.0,0.0,0.0,0.0,0.0,0.0,0.0,0.0,0,-107875648.0,0,0.0,0,-107875648.0,-0.0,0,52429,17039,26215,17054,13107,17038,0,0,0,110,100,100,-0.0,64.0,0.0,64.5,0.0,69.0,1,49,50,180,13107,0,0,0,0.0,0.0,0.0,0.0,-0.0,65.0,0.0,-0.0,0.0,646,0,690,0,0,0,719,0,792,0,711,0,690,0,645,0,643,0,616,0.032,55836672.0,0.0,2.7302316136196234e+23,60688,16787,-0.0,-0.0,6551585792.0,-0.025,0.0,0.0,29.0,60.0,70,0.0,0.0,0.0,0.0,0.0,0.0,0.0,0.0,0.0,0.0,0.0,0.0,0.0,0.0,0.0,0.0,59.2,69,11,65508,41,65476,0,300,0,0,8,20529,65476,0,0,61604,60.0,0.0,0.0,0.0,0.0,0.0
2026-04-04T11:08:02,ERR,ERR,ERR,ERR,ERR,ERR,ERR,ERR,ERR,ERR,ERR,ERR,ERR,ERR,ERR,ERR,ERR,ERR,ERR,ERR,ERR,ERR,ERR,ERR,ERR,ERR,ERR,ERR,ERR,ERR,ERR,ERR,ERR,ERR,ERR,ERR,ERR,ERR,ERR,ERR,ERR,ERR,ERR,ERR,ERR,ERR,ERR,ERR,ERR,ERR,ERR,ERR,ERR,ERR,ERR,ERR,ERR,ERR,ERR,ERR,ERR,ERR,ERR,ERR,ERR,ERR,ERR,ERR,ERR,ERR,ERR,ERR,ERR,ERR,ERR,ERR,ERR,ERR,ERR,ERR,ERR,ERR,ERR,ERR,ERR,ERR,ERR,ERR,ERR,ERR,ERR,ERR,ERR,ERR,ERR,ERR,ERR,ERR,ERR,ERR,ERR,ERR,ERR,ERR,ERR,ERR,ERR,ERR,ERR,ERR,ERR,ERR,ERR,ERR,ERR,ERR,ERR,ERR,ERR,ERR,ERR,ERR,ERR,ERR,ERR,-0.0,0.0,3.039990997430017e+23,0.0,0.0,0.0,0.0,nan,0,0,0,32768,0,0.0,0,0.0,0.0,0.0,0.0,0.0,0,0,0,0,0.0,0,0,0,0,0,0,0,0,0,0,0,0,0,0,0,0,0,0,0,0,0,0,0,0,0,0,0,0,0,0,0,0,0,0,0,0,0,0,0,0,0,0,0,0,0.0,0.0,0.0,0.0,0.0,0.0,0.0,0.0,0.0,0.0,0.0,0.0,0.0,0.0,0.0,0.0,0.0,0.0,0.0,0.0,0.0,0.0,0.0,0.0,-2.004,0.0,0.0,0.0,0.0,0.0,3403.0,-2.004,0.0,-0.0,0.0,2.7184274988523002e+23,0.0,0.0,0.0,0.0,0.0,0,4.0668755697950344e+29,0.0,0.0,0.0,0.0,0.0,0.0,0.0,0.0,0,0,0,0.0,0.0,0.0,0.0,0.0,0.0,0.0,0.0,0.0,0.0,0.0,0.0,0.0,0.0,0.0,0.0,0,-107875648.0,0,0.0,0,-107875648.0,-0.0,0,52429,17039,26215,17054,13107,17038,0,0,0,110,100,100,-0.0,64.0,0.0,64.5,0.0,69.0,1,49,50,180,13107,0,0,0,0.0,0.0,0.0,0.0,-0.0,65.0,0.0,-0.0,0.0,646,0,690,0,0,0,719,0,792,0,711,0,690,0,645,0,643,0,616,0.032,55836672.0,0.0,2.7302316136196234e+23,60688,16787,-0.0,-0.0,6551585792.0,-0.025,0.0,0.0,29.0,60.0,70,0.0,0.0,0.0,0.0,0.0,0.0,0.0,0.0,0.0,0.0,0.0,0.0,0.0,0.0,0.0,0.0,59.2,69,11,65508,41,65476,0,300,0,0,8,20529,65476,0,0,61604,60.0,0.0,0.0,0.0,0.0,0.0
2026-04-04T11:08:03,ERR,ERR,ERR,ERR,ERR,ERR,ERR,ERR,ERR,ERR,ERR,ERR,ERR,ERR,ERR,ERR,ERR,ERR,ERR,ERR,ERR,ERR,ERR,ERR,ERR,ERR,ERR,ERR,ERR,ERR,ERR,ERR,ERR,ERR,ERR,ERR,ERR,ERR,ERR,ERR,ERR,ERR,ERR,ERR,ERR,ERR,ERR,ERR,ERR,ERR,ERR,ERR,ERR,ERR,ERR,ERR,ERR,ERR,ERR,ERR,ERR,ERR,ERR,ERR,ERR,ERR,ERR,ERR,ERR,ERR,ERR,ERR,ERR,ERR,ERR,ERR,ERR,ERR,ERR,ERR,ERR,ERR,ERR,ERR,ERR,ERR,ERR,ERR,ERR,ERR,ERR,ERR,ERR,ERR,ERR,ERR,ERR,ERR,ERR,ERR,ERR,ERR,ERR,ERR,ERR,ERR,ERR,ERR,ERR,ERR,ERR,ERR,ERR,ERR,ERR,ERR,ERR,ERR,ERR,ERR,ERR,ERR,ERR,ERR,ERR,-0.0,0.0,3.039990997430017e+23,0.0,0.0,0.0,0.0,nan,0,0,0,32768,0,0.0,0,0.0,0.0,0.0,0.0,0.0,0,0,0,0,0.0,0,0,0,0,0,0,0,0,0,0,0,0,0,0,0,0,0,0,0,0,0,0,0,0,0,0,0,0,0,0,0,0,0,0,0,0,0,0,0,0,0,0,0,0,0.0,0.0,0.0,0.0,0.0,0.0,0.0,0.0,0.0,0.0,0.0,0.0,0.0,0.0,0.0,0.0,0.0,0.0,0.0,0.0,0.0,0.0,0.0,0.0,-2.004,0.0,0.0,0.0,0.0,0.0,3403.0,-2.004,0.0,-0.0,0.0,2.7184274988523002e+23,0.0,0.0,0.0,0.0,0.0,0,4.0668755697950344e+29,0.0,0.0,0.0,0.0,0.0,0.0,0.0,0.0,0,0,0,0.0,0.0,0.0,0.0,0.0,0.0,0.0,0.0,0.0,0.0,0.0,0.0,0.0,0.0,0.0,0.0,0,-107875648.0,0,0.0,0,-107875648.0,-0.0,0,52429,17039,26215,17054,13107,17038,0,0,0,110,100,100,-0.0,64.0,0.0,64.5,0.0,69.0,1,49,50,180,13107,0,0,0,0.0,0.0,0.0,0.0,-0.0,65.0,0.0,-0.0,0.0,646,0,690,0,0,0,719,0,792,0,711,0,690,0,645,0,643,0,616,0.032,55836672.0,0.0,2.7302316136196234e+23,60688,16787,-0.0,-0.0,6551585792.0,-0.025,0.0,0.0,29.0,60.0,70,0.0,0.0,0.0,0.0,0.0,0.0,0.0,0.0,0.0,0.0,0.0,0.0,0.0,0.0,0.0,0.0,59.2,69,11,65508,41,65476,0,300,0,0,8,20529,65476,0,0,61604,60.0,0.0,0.0,0.0,0.0,0.0
2026-04-04T11:08:04,ERR,ERR,ERR,ERR,ERR,ERR,ERR,ERR,ERR,ERR,ERR,ERR,ERR,ERR,ERR,ERR,ERR,ERR,ERR,ERR,ERR,ERR,ERR,ERR,ERR,ERR,ERR,ERR,ERR,ERR,ERR,ERR,ERR,ERR,ERR,ERR,ERR,ERR,ERR,ERR,ERR,ERR,ERR,ERR,ERR,ERR,ERR,ERR,ERR,ERR,ERR,ERR,ERR,ERR,ERR,ERR,ERR,ERR,ERR,ERR,ERR,ERR,ERR,ERR,ERR,ERR,ERR,ERR,ERR,ERR,ERR,ERR,ERR,ERR,ERR,ERR,ERR,ERR,ERR,ERR,ERR,ERR,ERR,ERR,ERR,ERR,ERR,ERR,ERR,ERR,ERR,ERR,ERR,ERR,ERR,ERR,ERR,ERR,ERR,ERR,ERR,ERR,ERR,ERR,ERR,ERR,ERR,ERR,ERR,ERR,ERR,ERR,ERR,ERR,ERR,ERR,ERR,ERR,ERR,ERR,ERR,ERR,ERR,ERR,ERR,-0.0,0.0,3.039990997430017e+23,0.0,0.0,0.0,0.0,nan,0,0,0,32768,0,0.0,0,0.0,0.0,0.0,0.0,0.0,0,0,0,0,0.0,0,0,0,0,0,0,0,0,0,0,0,0,0,0,0,0,0,0,0,0,0,0,0,0,0,0,0,0,0,0,0,0,0,0,0,0,0,0,0,0,0,0,0,0,0.0,0.0,0.0,0.0,0.0,0.0,0.0,0.0,0.0,0.0,0.0,0.0,0.0,0.0,0.0,0.0,0.0,0.0,0.0,0.0,0.0,0.0,0.0,0.0,-2.004,0.0,0.0,0.0,0.0,0.0,3403.0,-2.004,0.0,-0.0,0.0,2.7184274988523002e+23,0.0,0.0,0.0,0.0,0.0,0,4.0668755697950344e+29,0.0,0.0,0.0,0.0,0.0,0.0,0.0,0.0,0,0,0,0.0,0.0,0.0,0.0,0.0,0.0,0.0,0.0,0.0,0.0,0.0,0.0,0.0,0.0,0.0,0.0,0,-107875648.0,0,0.0,0,-107875648.0,-0.0,0,52429,17039,26215,17054,13107,17038,0,0,0,110,100,100,-0.0,64.0,0.0,64.5,0.0,69.0,1,49,50,180,13107,0,0,0,0.0,0.0,0.0,0.0,-0.0,65.0,0.0,-0.0,0.0,646,0,690,0,0,0,719,0,792,0,711,0,690,0,645,0,643,0,616,0.032,55836672.0,0.0,2.7302316136196234e+23,60688,16787,-0.0,-0.0,6551585792.0,-0.025,0.0,0.0,29.0,60.0,70,0.0,0.0,0.0,0.0,0.0,0.0,0.0,0.0,0.0,0.0,0.0,0.0,0.0,0.0,0.0,0.0,59.6,69,11,65508,41,65476,0,300,0,0,8,20529,65476,0,0,61604,60.0,0.0,0.0,0.0,0.0,0.0
2026-04-04T11:08:05,ERR,ERR,ERR,ERR,ERR,ERR,ERR,ERR,ERR,ERR,ERR,ERR,ERR,ERR,ERR,ERR,ERR,ERR,ERR,ERR,ERR,ERR,ERR,ERR,ERR,ERR,ERR,ERR,ERR,ERR,ERR,ERR,ERR,ERR,ERR,ERR,ERR,ERR,ERR,ERR,ERR,ERR,ERR,ERR,ERR,ERR,ERR,ERR,ERR,ERR,ERR,ERR,ERR,ERR,ERR,ERR,ERR,ERR,ERR,ERR,ERR,ERR,ERR,ERR,ERR,ERR,ERR,ERR,ERR,ERR,ERR,ERR,ERR,ERR,ERR,ERR,ERR,ERR,ERR,ERR,ERR,ERR,ERR,ERR,ERR,ERR,ERR,ERR,ERR,ERR,ERR,ERR,ERR,ERR,ERR,ERR,ERR,ERR,ERR,ERR,ERR,ERR,ERR,ERR,ERR,ERR,ERR,ERR,ERR,ERR,ERR,ERR,ERR,ERR,ERR,ERR,ERR,ERR,ERR,ERR,ERR,ERR,ERR,ERR,ERR,-0.0,0.0,3.039990997430017e+23,0.0,0.0,0.0,0.0,nan,0,0,0,32768,0,0.0,0,0.0,0.0,0.0,0.0,0.0,0,0,0,0,0.0,0,0,0,0,0,0,0,0,0,0,0,0,0,0,0,0,0,0,0,0,0,0,0,0,0,0,0,0,0,0,0,0,0,0,0,0,0,0,0,0,0,0,0,0,0.0,0.0,0.0,0.0,0.0,0.0,0.0,0.0,0.0,0.0,0.0,0.0,0.0,0.0,0.0,0.0,0.0,0.0,0.0,0.0,0.0,0.0,0.0,0.0,-2.004,0.0,0.0,0.0,0.0,0.0,3403.0,-2.004,0.0,-0.0,0.0,2.7184274988523002e+23,0.0,0.0,0.0,0.0,0.0,0,4.0668755697950344e+29,0.0,0.0,0.0,0.0,0.0,0.0,0.0,0.0,0,0,0,0.0,0.0,0.0,0.0,0.0,0.0,0.0,0.0,0.0,0.0,0.0,0.0,0.0,0.0,0.0,0.0,0,-107875648.0,0,0.0,0,-107875648.0,-0.0,0,52429,17039,26215,17054,13107,17038,0,0,0,110,100,100,-0.0,64.0,0.0,64.5,0.0,69.0,1,49,50,180,13107,0,0,0,0.0,0.0,0.0,0.0,-0.0,65.0,0.0,-0.0,0.0,646,0,690,0,0,0,719,0,792,0,711,0,690,0,645,0,643,0,616,0.032,55836672.0,0.0,2.7302316136196234e+23,60688,16787,-0.0,-0.0,6551585792.0,-0.025,0.0,0.0,29.0,60.0,70,0.0,0.0,0.0,0.0,0.0,0.0,0.0,0.0,0.0,0.0,0.0,0.0,0.0,0.0,0.0,0.0,59.6,69,11,65508,41,65476,0,300,0,0,8,20529,65476,0,0,61604,60.0,0.0,0.0,0.0,0.0,0.0
2026-04-04T11:08:06,ERR,ERR,ERR,ERR,ERR,ERR,ERR,ERR,ERR,ERR,ERR,ERR,ERR,ERR,ERR,ERR,ERR,ERR,ERR,ERR,ERR,ERR,ERR,ERR,ERR,ERR,ERR,ERR,ERR,ERR,ERR,ERR,ERR,ERR,ERR,ERR,ERR,ERR,ERR,ERR,ERR,ERR,ERR,ERR,ERR,ERR,ERR,ERR,ERR,ERR,ERR,ERR,ERR,ERR,ERR,ERR,ERR,ERR,ERR,ERR,ERR,ERR,ERR,ERR,ERR,ERR,ERR,ERR,ERR,ERR,ERR,ERR,ERR,ERR,ERR,ERR,ERR,ERR,ERR,ERR,ERR,ERR,ERR,ERR,ERR,ERR,ERR,ERR,ERR,ERR,ERR,ERR,ERR,ERR,ERR,ERR,ERR,ERR,ERR,ERR,ERR,ERR,ERR,ERR,ERR,ERR,ERR,ERR,ERR,ERR,ERR,ERR,ERR,ERR,ERR,ERR,ERR,ERR,ERR,ERR,ERR,ERR,ERR,ERR,ERR,-0.0,0.0,3.039990997430017e+23,0.0,0.0,0.0,0.0,nan,0,0,0,32768,0,0.0,0,0.0,0.0,0.0,0.0,0.0,0,0,0,0,0.0,0,0,0,0,0,0,0,0,0,0,0,0,0,0,0,0,0,0,0,0,0,0,0,0,0,0,0,0,0,0,0,0,0,0,0,0,0,0,0,0,0,0,0,0,0.0,0.0,0.0,0.0,0.0,0.0,0.0,0.0,0.0,0.0,0.0,0.0,0.0,0.0,0.0,0.0,0.0,0.0,0.0,0.0,0.0,0.0,0.0,0.0,-2.004,0.0,0.0,0.0,0.0,0.0,3403.0,-2.004,0.0,-0.0,0.0,2.7184274988523002e+23,0.0,0.0,0.0,0.0,0.0,0,4.0668755697950344e+29,0.0,0.0,0.0,0.0,0.0,0.0,0.0,0.0,0,0,0,0.0,0.0,0.0,0.0,0.0,0.0,0.0,0.0,0.0,0.0,0.0,0.0,0.0,0.0,0.0,0.0,0,-107875648.0,0,0.0,0,-107875648.0,-0.0,0,52429,17039,26215,17054,13107,17038,0,0,0,110,100,100,-0.0,64.0,0.0,64.5,0.0,69.0,1,49,50,180,13107,0,0,0,0.0,0.0,0.0,0.0,-0.0,65.0,0.0,3.8777400166543524e+18,0.0,646,0,690,0,0,0,719,0,792,0,711,0,690,0,645,0,643,0,616,0.032,55836672.0,0.0,2.7302316136196234e+23,63888,16787,-0.0,1.6241985765507072e+17,-6.934493538934981e+27,1.8046769077343458e+28,-563748667392.0,-0.0,29.0,60.0,70,0.0,0.0,0.0,0.0,0.0,0.0,0.0,0.0,0.0,0.0,0.0,0.0,0.0,0.0,0.0,0.0,59.2,69,11,65508,41,65476,0,300,0,0,8,20529,65476,0,0,61604,60.0,0.0,0.0,0.0,0.0,0.0
2026-04-04T11:08:07,ERR,ERR,ERR,ERR,ERR,ERR,ERR,ERR,ERR,ERR,ERR,ERR,ERR,ERR,ERR,ERR,ERR,ERR,ERR,ERR,ERR,ERR,ERR,ERR,ERR,ERR,ERR,ERR,ERR,ERR,ERR,ERR,ERR,ERR,ERR,ERR,ERR,ERR,ERR,ERR,ERR,ERR,ERR,ERR,ERR,ERR,ERR,ERR,ERR,ERR,ERR,ERR,ERR,ERR,ERR,ERR,ERR,ERR,ERR,ERR,ERR,ERR,ERR,ERR,ERR,ERR,ERR,ERR,ERR,ERR,ERR,ERR,ERR,ERR,ERR,ERR,ERR,ERR,ERR,ERR,ERR,ERR,ERR,ERR,ERR,ERR,ERR,ERR,ERR,ERR,ERR,ERR,ERR,ERR,ERR,ERR,ERR,ERR,ERR,ERR,ERR,ERR,ERR,ERR,ERR,ERR,ERR,ERR,ERR,ERR,ERR,ERR,ERR,ERR,ERR,ERR,ERR,ERR,ERR,ERR,ERR,ERR,ERR,ERR,ERR,-0.0,0.0,3.039990997430017e+23,0.0,0.0,0.0,0.0,nan,0,0,0,32768,0,0.0,0,0.0,0.0,0.0,0.0,0.0,0,0,0,0,0.0,0,0,0,0,0,0,0,0,0,0,0,0,0,0,0,0,0,0,0,0,0,0,0,0,0,0,0,0,0,0,0,0,0,0,0,0,0,0,0,0,0,0,0,0,0.0,0.0,0.0,0.0,0.0,0.0,0.0,0.0,0.0,0.0,0.0,0.0,0.0,0.0,0.0,0.0,0.0,0.0,0.0,0.0,0.0,0.0,0.0,0.0,-2.004,0.0,0.0,0.0,0.0,0.0,3403.0,-2.004,0.0,-0.0,0.0,2.7184274988523002e+23,0.0,0.0,0.0,0.0,0.0,0,4.0668755697950344e+29,0.0,0.0,0.0,0.0,0.0,0.0,0.0,0.0,0,0,0,0.0,0.0,0.0,0.0,0.0,0.0,0.0,0.0,0.0,0.0,0.0,0.0,0.0,0.0,0.0,0.0,0,-107875648.0,0,0.0,0,-107875648.0,-0.0,0,52429,17039,26215,17054,13107,17038,0,0,0,110,100,100,-0.0,64.0,0.0,64.5,0.0,69.0,1,49,50,180,13107,0,0,0,0.0,0.0,0.0,0.0,-0.0,65.0,0.0,3.8777400166543524e+18,0.0,646,0,690,0,0,0,719,0,792,0,711,0,690,0,645,0,643,0,616,0.032,55836672.0,0.0,2.7302316136196234e+23,63888,16787,-0.0,1.6241985765507072e+17,-6.934493538934981e+27,1.8046769077343458e+28,-563748667392.0,-0.0,29.0,60.0,70,0.0,0.0,0.0,0.0,0.0,0.0,0.0,0.0,0.0,0.0,0.0,0.0,0.0,0.0,0.0,0.0,59.2,69,11,65508,41,65476,0,300,0,0,8,20529,65476,0,0,61604,60.0,0.0,0.0,0.0,0.0,0.0
2026-04-04T11:08:08,ERR,ERR,ERR,ERR,ERR,ERR,ERR,ERR,ERR,ERR,ERR,ERR,ERR,ERR,ERR,ERR,ERR,ERR,ERR,ERR,ERR,ERR,ERR,ERR,ERR,ERR,ERR,ERR,ERR,ERR,ERR,ERR,ERR,ERR,ERR,ERR,ERR,ERR,ERR,ERR,ERR,ERR,ERR,ERR,ERR,ERR,ERR,ERR,ERR,ERR,ERR,ERR,ERR,ERR,ERR,ERR,ERR,ERR,ERR,ERR,ERR,ERR,ERR,ERR,ERR,ERR,ERR,ERR,ERR,ERR,ERR,ERR,ERR,ERR,ERR,ERR,ERR,ERR,ERR,ERR,ERR,ERR,ERR,ERR,ERR,ERR,ERR,ERR,ERR,ERR,ERR,ERR,ERR,ERR,ERR,ERR,ERR,ERR,ERR,ERR,ERR,ERR,ERR,ERR,ERR,ERR,ERR,ERR,ERR,ERR,ERR,ERR,ERR,ERR,ERR,ERR,ERR,ERR,ERR,ERR,ERR,ERR,ERR,ERR,ERR,2.7184278591402704e+23,0.0,-0.0,0.0,0.0,0.0,0.0,nan,0,0,0,32768,0,0.0,0,0.0,0.0,0.0,0.0,0.0,0,0,0,0,0.0,0,0,0,0,0,0,0,0,0,0,0,0,0,0,0,0,0,0,0,0,0,0,0,0,0,0,0,0,0,0,0,0,0,0,0,0,0,0,0,0,0,0,0,0,0.0,0.0,0.0,0.0,0.0,0.0,0.0,0.0,0.0,0.0,0.0,0.0,0.0,0.0,0.0,0.0,0.0,0.0,0.0,0.0,0.0,0.0,2.004,0.0,-0.0,0.0,0.0,0.0,0.0,0.0,3404.5,-3.697154467689818e+19,0.0,2.7184278591402704e+23,0.0,-0.0,0.0,0.0,0.0,0.0,0.0,0,4.9504239556116174e+32,0.059,0.0,0.0,0.0,0.0,0.0,0.0,0.0,0,0,0,0.0,0.0,0.0,0.0,0.0,0.0,0.0,0.0,0.0,0.0,0.0,0.0,0.0,0.0,0.0,0.0,0,-107875648.0,0,0.0,0,-107875648.0,-107877712.0,0,52429,17039,26215,17054,13107,17038,0,0,0,110,100,100,-0.0,64.0,0.0,64.5,0.0,69.0,1,49,50,180,13107,0,0,0,0.0,0.0,0.0,0.0,-0.0,65.0,0.0,3.8777400166543524e+18,0.0,646,0,690,0,0,0,719,0,792,0,711,0,690,0,645,0,643,0,616,0.032,55836672.0,0.0,2.7302316136196234e+23,63888,16787,-0.0,1.6241985765507072e+17,-6.934493538934981e+27,1.8046769077343458e+28,-563748667392.0,-0.0,29.0,60.0,70,0.0,0.0,0.0,0.0,0.0,0.0,0.0,0.0,0.0,0.0,0.0,0.0,0.0,0.0,0.0,0.0,59.2,69,11,65508,41,65476,0,300,0,0,8,20529,65476,0,0,61604,60.0,0.0,0.0,0.0,0.0,0.0
2026-04-04T11:08:09,ERR,ERR,ERR,ERR,ERR,ERR,ERR,ERR,ERR,ERR,ERR,ERR,ERR,ERR,ERR,ERR,ERR,ERR,ERR,ERR,ERR,ERR,ERR,ERR,ERR,ERR,ERR,ERR,ERR,ERR,ERR,ERR,ERR,ERR,ERR,ERR,ERR,ERR,ERR,ERR,ERR,ERR,ERR,ERR,ERR,ERR,ERR,ERR,ERR,ERR,ERR,ERR,ERR,ERR,ERR,ERR,ERR,ERR,ERR,ERR,ERR,ERR,ERR,ERR,ERR,ERR,ERR,ERR,ERR,ERR,ERR,ERR,ERR,ERR,ERR,ERR,ERR,ERR,ERR,ERR,ERR,ERR,ERR,ERR,ERR,ERR,ERR,ERR,ERR,ERR,ERR,ERR,ERR,ERR,ERR,ERR,ERR,ERR,ERR,ERR,ERR,ERR,ERR,ERR,ERR,ERR,ERR,ERR,ERR,ERR,ERR,ERR,ERR,ERR,ERR,ERR,ERR,ERR,ERR,ERR,ERR,ERR,ERR,ERR,ERR,2.7184278591402704e+23,0.0,-0.0,0.0,0.0,0.0,0.0,nan,0,0,0,32768,0,0.0,0,0.0,0.0,0.0,0.0,0.0,0,0,0,0,0.0,0,0,0,0,0,0,0,0,0,0,0,0,0,0,0,0,0,0,0,0,0,0,0,0,0,0,0,0,0,0,0,0,0,0,0,0,0,0,0,0,0,0,0,0,0.0,0.0,0.0,0.0,0.0,0.0,0.0,0.0,0.0,0.0,0.0,0.0,0.0,0.0,0.0,0.0,0.0,0.0,0.0,0.0,0.0,0.0,2.004,0.0,-0.0,0.0,0.0,0.0,0.0,0.0,3404.5,-3.697154467689818e+19,0.0,2.7184278591402704e+23,0.0,-0.0,0.0,0.0,0.0,0.0,0.0,0,4.9504239556116174e+32,0.059,0.0,0.0,0.0,0.0,0.0,0.0,0.0,0,0,0,0.0,0.0,0.0,0.0,0.0,0.0,0.0,0.0,0.0,0.0,0.0,0.0,0.0,0.0,0.0,0.0,0,-107875648.0,0,0.0,0,-107875648.0,-107877712.0,0,52429,17039,26215,17054,13107,17038,0,0,0,110,100,100,-0.0,64.0,0.0,64.5,0.0,69.0,1,49,50,180,13107,0,0,0,0.0,0.0,0.0,0.0,-0.0,65.0,0.0,3.8777400166543524e+18,0.0,646,0,690,0,0,0,719,0,792,0,711,0,690,0,645,0,643,0,616,0.032,55836672.0,0.0,2.7302316136196234e+23,63888,16787,-0.0,1.6241985765507072e+17,-6.934493538934981e+27,1.8046769077343458e+28,-563748667392.0,-0.0,29.0,60.0,70,0.0,0.0,0.0,0.0,0.0,0.0,0.0,0.0,0.0,0.0,0.0,0.0,0.0,0.0,0.0,0.0,59.6,69,11,65508,41,65476,0,300,0,0,8,20529,65476,0,0,61604,60.0,0.0,0.0,0.0,0.0,0.0
2026-04-04T11:08:10,ERR,ERR,ERR,ERR,ERR,ERR,ERR,ERR,ERR,ERR,ERR,ERR,ERR,ERR,ERR,ERR,ERR,ERR,ERR,ERR,ERR,ERR,ERR,ERR,ERR,ERR,ERR,ERR,ERR,ERR,ERR,ERR,ERR,ERR,ERR,ERR,ERR,ERR,ERR,ERR,ERR,ERR,ERR,ERR,ERR,ERR,ERR,ERR,ERR,ERR,ERR,ERR,ERR,ERR,ERR,ERR,ERR,ERR,ERR,ERR,ERR,ERR,ERR,ERR,ERR,ERR,ERR,ERR,ERR,ERR,ERR,ERR,ERR,ERR,ERR,ERR,ERR,ERR,ERR,ERR,ERR,ERR,ERR,ERR,ERR,ERR,ERR,ERR,ERR,ERR,ERR,ERR,ERR,ERR,ERR,ERR,ERR,ERR,ERR,ERR,ERR,ERR,ERR,ERR,ERR,ERR,ERR,ERR,ERR,ERR,ERR,ERR,ERR,ERR,ERR,ERR,ERR,ERR,ERR,ERR,ERR,ERR,ERR,ERR,ERR,2.7184278591402704e+23,0.0,-0.0,0.0,0.0,0.0,0.0,nan,0,0,0,32768,0,0.0,0,0.0,0.0,0.0,0.0,0.0,0,0,0,0,0.0,0,0,0,0,0,0,0,0,0,0,0,0,0,0,0,0,0,0,0,0,0,0,0,0,0,0,0,0,0,0,0,0,0,0,0,0,0,0,0,0,0,0,0,0,0.0,0.0,0.0,0.0,0.0,0.0,0.0,0.0,0.0,0.0,0.0,0.0,0.0,0.0,0.0,0.0,0.0,0.0,0.0,0.0,0.0,0.0,2.004,0.0,-0.0,0.0,0.0,0.0,0.0,0.0,3404.5,-3.697154467689818e+19,0.0,2.7184278591402704e+23,0.0,-0.0,0.0,0.0,0.0,0.0,0.0,0,4.9504239556116174e+32,0.059,0.0,0.0,0.0,0.0,0.0,0.0,0.0,0,0,0,0.0,0.0,0.0,0.0,0.0,0.0,0.0,0.0,0.0,0.0,0.0,0.0,0.0,0.0,0.0,0.0,0,-107875648.0,0,0.0,0,-107875648.0,-107877712.0,0,52429,17039,26215,17054,13107,17038,0,0,0,110,100,100,-0.0,64.0,0.0,64.5,0.0,69.0,1,49,50,180,13107,0,0,0,0.0,0.0,0.0,0.0,-0.0,65.0,0.0,3.8777400166543524e+18,0.0,646,0,690,0,0,0,719,0,792,0,711,0,690,0,645,0,643,0,616,0.032,55836672.0,0.0,2.7302316136196234e+23,63888,16787,-0.0,1.6241985765507072e+17,-6.934493538934981e+27,1.8046769077343458e+28,-563748667392.0,-0.0,29.0,60.0,70,0.0,0.0,0.0,0.0,0.0,0.0,0.0,0.0,0.0,0.0,0.0,0.0,0.0,0.0,0.0,0.0,59.6,69,11,65508,41,65476,0,300,0,0,8,20529,65476,0,0,61604,60.0,0.0,0.0,0.0,0.0,0.0
2026-04-04T11:08:11,ERR,ERR,ERR,ERR,ERR,ERR,ERR,ERR,ERR,ERR,ERR,ERR,ERR,ERR,ERR,ERR,ERR,ERR,ERR,ERR,ERR,ERR,ERR,ERR,ERR,ERR,ERR,ERR,ERR,ERR,ERR,ERR,ERR,ERR,ERR,ERR,ERR,ERR,ERR,ERR,ERR,ERR,ERR,ERR,ERR,ERR,ERR,ERR,ERR,ERR,ERR,ERR,ERR,ERR,ERR,ERR,ERR,ERR,ERR,ERR,ERR,ERR,ERR,ERR,ERR,ERR,ERR,ERR,ERR,ERR,ERR,ERR,ERR,ERR,ERR,ERR,ERR,ERR,ERR,ERR,ERR,ERR,ERR,ERR,ERR,ERR,ERR,ERR,ERR,ERR,ERR,ERR,ERR,ERR,ERR,ERR,ERR,ERR,ERR,ERR,ERR,ERR,ERR,ERR,ERR,ERR,ERR,ERR,ERR,ERR,ERR,ERR,ERR,ERR,ERR,ERR,ERR,ERR,ERR,ERR,ERR,ERR,ERR,ERR,ERR,2.7184278591402704e+23,0.0,-0.0,0.0,0.0,0.0,0.0,nan,0,0,0,32768,0,0.0,0,0.0,0.0,0.0,0.0,0.0,0,0,0,0,0.0,0,0,0,0,0,0,0,0,0,0,0,0,0,0,0,0,0,0,0,0,0,0,0,0,0,0,0,0,0,0,0,0,0,0,0,0,0,0,0,0,0,0,0,0,0.0,0.0,0.0,0.0,0.0,0.0,0.0,0.0,0.0,0.0,0.0,0.0,0.0,0.0,0.0,0.0,0.0,0.0,0.0,0.0,0.0,0.0,2.004,0.0,-0.0,0.0,0.0,0.0,0.0,0.0,3404.5,-3.697154467689818e+19,0.0,2.7184278591402704e+23,0.0,-0.0,0.0,0.0,0.0,0.0,0.0,0,4.9504239556116174e+32,0.059,0.0,0.0,0.0,0.0,0.0,0.0,0.0,0,0,0,0.0,0.0,0.0,0.0,0.0,0.0,0.0,0.0,0.0,0.0,0.0,0.0,0.0,0.0,0.0,0.0,0,-107875648.0,0,0.0,0,-107875648.0,-107877712.0,0,52429,17039,26215,17054,13107,17038,0,0,0,110,100,100,-0.0,64.0,0.0,64.5,0.0,69.0,1,49,50,180,13107,0,0,0,0.0,0.0,0.0,0.0,-0.0,65.0,0.0,3.8777400166543524e+18,0.0,646,0,690,0,0,0,719,0,792,0,711,0,690,0,645,0,643,0,616,0.032,55836672.0,0.0,2.7302316136196234e+23,63888,16787,-0.0,1.6241985765507072e+17,-6.934493538934981e+27,1.8046769077343458e+28,-563748667392.0,-0.0,29.0,60.0,70,0.0,0.0,0.0,0.0,0.0,0.0,0.0,0.0,0.0,0.0,0.0,0.0,0.0,0.0,0.0,0.0,59.6,69,11,65508,41,65476,0,300,0,0,8,20529,65476,0,0,61604,60.0,0.0,0.0,0.0,0.0,0.0
2026-04-04T11:08:12,ERR,ERR,ERR,ERR,ERR,ERR,ERR,ERR,ERR,ERR,ERR,ERR,ERR,ERR,ERR,ERR,ERR,ERR,ERR,ERR,ERR,ERR,ERR,ERR,ERR,ERR,ERR,ERR,ERR,ERR,ERR,ERR,ERR,ERR,ERR,ERR,ERR,ERR,ERR,ERR,ERR,ERR,ERR,ERR,ERR,ERR,ERR,ERR,ERR,ERR,ERR,ERR,ERR,ERR,ERR,ERR,ERR,ERR,ERR,ERR,ERR,ERR,ERR,ERR,ERR,ERR,ERR,ERR,ERR,ERR,ERR,ERR,ERR,ERR,ERR,ERR,ERR,ERR,ERR,ERR,ERR,ERR,ERR,ERR,ERR,ERR,ERR,ERR,ERR,ERR,ERR,ERR,ERR,ERR,ERR,ERR,ERR,ERR,ERR,ERR,ERR,ERR,ERR,ERR,ERR,ERR,ERR,ERR,ERR,ERR,ERR,ERR,ERR,ERR,ERR,ERR,ERR,ERR,ERR,ERR,ERR,ERR,ERR,ERR,ERR,2.7184278591402704e+23,0.0,-0.0,0.0,0.0,0.0,0.0,nan,0,0,0,32768,0,0.0,0,0.0,0.0,0.0,0.0,0.0,0,0,0,0,0.0,0,0,0,0,0,0,0,0,0,0,0,0,0,0,0,0,0,0,0,0,0,0,0,0,0,0,0,0,0,0,0,0,0,0,0,0,0,0,0,0,0,0,0,0,0.0,0.0,0.0,0.0,0.0,0.0,0.0,0.0,0.0,0.0,0.0,0.0,0.0,0.0,0.0,0.0,0.0,0.0,0.0,0.0,0.0,0.0,2.004,0.0,-0.0,0.0,0.0,0.0,0.0,0.0,3404.5,-3.697154467689818e+19,0.0,2.7184278591402704e+23,0.0,-0.0,0.0,0.0,0.0,0.0,0.0,0,4.9504239556116174e+32,0.059,0.0,0.0,0.0,0.0,0.0,0.0,0.0,0,0,0,0.0,0.0,0.0,0.0,0.0,0.0,0.0,0.0,0.0,0.0,0.0,0.0,0.0,0.0,0.0,0.0,0,-107875648.0,0,0.0,0,-107875648.0,-107877712.0,0,52429,17039,26215,17054,13107,17038,0,0,0,110,100,100,-0.0,64.0,0.0,64.5,0.0,69.0,1,49,50,180,13107,0,0,0,0.0,0.0,0.0,0.0,-0.0,65.0,0.0,-0.0,0.0,646,0,690,0,0,0,719,0,792,0,710,0,690,0,645,0,643,0,616,0.032,55836672.0,0.0,2.7302316136196234e+23,60304,16787,-0.0,-0.0,169218.531,1.4111691662393396e+22,0.0,-1.370779959867629e+38,29.0,60.0,70,0.0,0.0,0.0,0.0,0.0,0.0,0.0,0.0,0.0,0.0,0.0,0.0,0.0,0.0,0.0,0.0,59.6,69,11,65508,41,65476,0,300,0,0,8,20529,65476,0,0,61604,60.0,0.0,0.0,0.0,0.0,0.0
2026-04-04T11:08:13,ERR,ERR,ERR,ERR,ERR,ERR,ERR,ERR,ERR,ERR,ERR,ERR,ERR,ERR,ERR,ERR,ERR,ERR,ERR,ERR,ERR,ERR,ERR,ERR,ERR,ERR,ERR,ERR,ERR,ERR,ERR,ERR,ERR,ERR,ERR,ERR,ERR,ERR,ERR,ERR,ERR,ERR,ERR,ERR,ERR,ERR,ERR,ERR,ERR,ERR,ERR,ERR,ERR,ERR,ERR,ERR,ERR,ERR,ERR,ERR,ERR,ERR,ERR,ERR,ERR,ERR,ERR,ERR,ERR,ERR,ERR,ERR,ERR,ERR,ERR,ERR,ERR,ERR,ERR,ERR,ERR,ERR,ERR,ERR,ERR,ERR,ERR,ERR,ERR,ERR,ERR,ERR,ERR,ERR,ERR,ERR,ERR,ERR,ERR,ERR,ERR,ERR,ERR,ERR,ERR,ERR,ERR,ERR,ERR,ERR,ERR,ERR,ERR,ERR,ERR,ERR,ERR,ERR,ERR,ERR,ERR,ERR,ERR,ERR,ERR,2.7184278591402704e+23,0.0,-0.0,0.0,0.0,0.0,0.0,nan,0,0,0,32768,0,0.0,0,0.0,0.0,0.0,0.0,0.0,0,0,0,0,0.0,0,0,0,0,0,0,0,0,0,0,0,0,0,0,0,0,0,0,0,0,0,0,0,0,0,0,0,0,0,0,0,0,0,0,0,0,0,0,0,0,0,0,0,0,0.0,0.0,0.0,0.0,0.0,0.0,0.0,0.0,0.0,0.0,0.0,0.0,0.0,0.0,0.0,0.0,0.0,0.0,0.0,0.0,0.0,0.0,2.004,0.0,-0.0,0.0,0.0,0.0,0.0,0.0,3404.5,-3.697154467689818e+19,0.0,2.7184278591402704e+23,0.0,-0.0,0.0,0.0,0.0,0.0,0.0,0,4.9504239556116174e+32,0.059,0.0,0.0,0.0,0.0,0.0,0.0,0.0,0,0,0,0.0,0.0,0.0,0.0,0.0,0.0,0.0,0.0,0.0,0.0,0.0,0.0,0.0,0.0,0.0,0.0,0,-107875648.0,0,0.0,0,-107875648.0,-107877712.0,0,52429,17039,26215,17054,13107,17038,0,0,0,110,100,100,-0.0,64.0,0.0,64.5,0.0,69.0,1,49,50,180,13107,0,0,0,0.0,0.0,0.0,0.0,-0.0,65.0,0.0,-0.0,0.0,646,0,690,0,0,0,719,0,792,0,710,0,690,0,645,0,643,0,616,0.032,55836672.0,0.0,2.7302316136196234e+23,60304,16787,-0.0,-0.0,169218.531,1.4111691662393396e+22,0.0,-1.370779959867629e+38,29.0,60.0,70,0.0,0.0,0.0,0.0,0.0,0.0,0.0,0.0,0.0,0.0,0.0,0.0,0.0,0.0,0.0,0.0,59.6,69,11,65508,41,65476,0,300,0,0,8,20529,65476,0,0,61604,60.0,0.0,0.0,0.0,0.0,0.0
2026-04-04T11:08:14,ERR,ERR,ERR,ERR,ERR,ERR,ERR,ERR,ERR,ERR,ERR,ERR,ERR,ERR,ERR,ERR,ERR,ERR,ERR,ERR,ERR,ERR,ERR,ERR,ERR,ERR,ERR,ERR,ERR,ERR,ERR,ERR,ERR,ERR,ERR,ERR,ERR,ERR,ERR,ERR,ERR,ERR,ERR,ERR,ERR,ERR,ERR,ERR,ERR,ERR,ERR,ERR,ERR,ERR,ERR,ERR,ERR,ERR,ERR,ERR,ERR,ERR,ERR,ERR,ERR,ERR,ERR,ERR,ERR,ERR,ERR,ERR,ERR,ERR,ERR,ERR,ERR,ERR,ERR,ERR,ERR,ERR,ERR,ERR,ERR,ERR,ERR,ERR,ERR,ERR,ERR,ERR,ERR,ERR,ERR,ERR,ERR,ERR,ERR,ERR,ERR,ERR,ERR,ERR,ERR,ERR,ERR,ERR,ERR,ERR,ERR,ERR,ERR,ERR,ERR,ERR,ERR,ERR,ERR,ERR,ERR,ERR,ERR,ERR,ERR,2.7184278591402704e+23,0.0,-0.0,0.0,0.0,0.0,0.0,nan,0,0,0,32768,0,0.0,0,0.0,0.0,0.0,0.0,0.0,0,0,0,0,0.0,0,0,0,0,0,0,0,0,0,0,0,0,0,0,0,0,0,0,0,0,0,0,0,0,0,0,0,0,0,0,0,0,0,0,0,0,0,0,0,0,0,0,0,0,0.0,0.0,0.0,0.0,0.0,0.0,0.0,0.0,0.0,0.0,0.0,0.0,0.0,0.0,0.0,0.0,0.0,0.0,0.0,0.0,0.0,0.0,0.0,0.0,-2.004,0.0,0.0,0.0,0.0,0.0,3404.5,0.0,0.0,2.7184278591402704e+23,0.0,-0.0,0.0,0.0,0.0,0.0,0.0,0,2.3088382548096162e+20,126840012800.0,0.0,0.0,0.0,0.0,0.0,0.0,0.0,0,0,0,0.0,0.0,0.0,0.0,0.0,0.0,0.0,0.0,0.0,0.0,0.0,0.0,0.0,0.0,0.0,0.0,0,-107875648.0,0,0.0,0,-107875648.0,-0.0,0,52429,17039,26215,17054,13107,17038,0,0,0,110,100,100,-0.0,64.0,0.0,64.5,0.0,69.0,1,49,50,180,13107,0,0,0,0.0,0.0,0.0,0.0,-0.0,65.0,0.0,-0.0,0.0,646,0,690,0,0,0,719,0,792,0,710,0,690,0,645,0,643,0,616,0.032,55836672.0,0.0,2.7302316136196234e+23,60304,16787,-0.0,-0.0,169218.531,1.4111691662393396e+22,0.0,-1.370779959867629e+38,29.0,60.0,70,0.0,0.0,0.0,0.0,0.0,0.0,0.0,0.0,0.0,0.0,0.0,0.0,0.0,0.0,0.0,0.0,59.6,69,11,65508,41,65476,0,300,0,0,8,20529,65476,0,0,61604,60.0,0.0,0.0,0.0,0.0,0.0
2026-04-04T11:08:15,ERR,ERR,ERR,ERR,ERR,ERR,ERR,ERR,ERR,ERR,ERR,ERR,ERR,ERR,ERR,ERR,ERR,ERR,ERR,ERR,ERR,ERR,ERR,ERR,ERR,ERR,ERR,ERR,ERR,ERR,ERR,ERR,ERR,ERR,ERR,ERR,ERR,ERR,ERR,ERR,ERR,ERR,ERR,ERR,ERR,ERR,ERR,ERR,ERR,ERR,ERR,ERR,ERR,ERR,ERR,ERR,ERR,ERR,ERR,ERR,ERR,ERR,ERR,ERR,ERR,ERR,ERR,ERR,ERR,ERR,ERR,ERR,ERR,ERR,ERR,ERR,ERR,ERR,ERR,ERR,ERR,ERR,ERR,ERR,ERR,ERR,ERR,ERR,ERR,ERR,ERR,ERR,ERR,ERR,ERR,ERR,ERR,ERR,ERR,ERR,ERR,ERR,ERR,ERR,ERR,ERR,ERR,ERR,ERR,ERR,ERR,ERR,ERR,ERR,ERR,ERR,ERR,ERR,ERR,ERR,ERR,ERR,ERR,ERR,ERR,2.7184278591402704e+23,0.0,-0.0,0.0,0.0,0.0,0.0,nan,0,0,0,32768,0,0.0,0,0.0,0.0,0.0,0.0,0.0,0,0,0,0,0.0,0,0,0,0,0,0,0,0,0,0,0,0,0,0,0,0,0,0,0,0,0,0,0,0,0,0,0,0,0,0,0,0,0,0,0,0,0,0,0,0,0,0,0,0,0.0,0.0,0.0,0.0,0.0,0.0,0.0,0.0,0.0,0.0,0.0,0.0,0.0,0.0,0.0,0.0,0.0,0.0,0.0,0.0,0.0,0.0,0.0,0.0,-2.004,0.0,0.0,0.0,0.0,0.0,3404.5,0.0,0.0,2.7184278591402704e+23,0.0,-0.0,0.0,0.0,0.0,0.0,0.0,0,2.3088382548096162e+20,126840012800.0,0.0,0.0,0.0,0.0,0.0,0.0,0.0,0,0,0,0.0,0.0,0.0,0.0,0.0,0.0,0.0,0.0,0.0,0.0,0.0,0.0,0.0,0.0,0.0,0.0,0,-107875648.0,0,0.0,0,-107875648.0,-0.0,0,52429,17039,26215,17054,13107,17038,0,0,0,110,100,100,-0.0,64.0,0.0,64.5,0.0,69.0,1,49,50,180,13107,0,0,0,0.0,0.0,0.0,0.0,nan,65.0,0.0,-0.0,0.0,646,0,690,0,0,0,719,0,792,0,711,0,690,0,645,0,643,0,616,0.032,55574528.0,0.0,2.7302316136196234e+23,784,16788,-0.0,-0.0,28704.316,17471864045568.0,0.0,-2.895258701355106e+37,29.0,60.0,70,0.0,0.0,0.0,0.0,0.0,0.0,0.0,0.0,0.0,0.0,0.0,0.0,0.0,0.0,0.0,0.0,59.2,69,11,65508,41,65476,0,300,0,0,8,20529,65476,0,0,61604,60.0,0.0,0.0,0.0,0.0,0.0
2026-04-04T11:08:16,ERR,ERR,ERR,ERR,ERR,ERR,ERR,ERR,ERR,ERR,ERR,ERR,ERR,ERR,ERR,ERR,ERR,ERR,ERR,ERR,ERR,ERR,ERR,ERR,ERR,ERR,ERR,ERR,ERR,ERR,ERR,ERR,ERR,ERR,ERR,ERR,ERR,ERR,ERR,ERR,ERR,ERR,ERR,ERR,ERR,ERR,ERR,ERR,ERR,ERR,ERR,ERR,ERR,ERR,ERR,ERR,ERR,ERR,ERR,ERR,ERR,ERR,ERR,ERR,ERR,ERR,ERR,ERR,ERR,ERR,ERR,ERR,ERR,ERR,ERR,ERR,ERR,ERR,ERR,ERR,ERR,ERR,ERR,ERR,ERR,ERR,ERR,ERR,ERR,ERR,ERR,ERR,ERR,ERR,ERR,ERR,ERR,ERR,ERR,ERR,ERR,ERR,ERR,ERR,ERR,ERR,ERR,ERR,ERR,ERR,ERR,ERR,ERR,ERR,ERR,ERR,ERR,ERR,ERR,ERR,ERR,ERR,ERR,ERR,ERR,2.7184278591402704e+23,0.0,-0.0,0.0,0.0,0.0,0.0,nan,0,0,0,32768,0,0.0,0,0.0,0.0,0.0,0.0,0.0,0,0,0,0,0.0,0,0,0,0,0,0,0,0,0,0,0,0,0,0,0,0,0,0,0,0,0,0,0,0,0,0,0,0,0,0,0,0,0,0,0,0,0,0,0,0,0,0,0,0,0.0,0.0,0.0,0.0,0.0,0.0,0.0,0.0,0.0,0.0,0.0,0.0,0.0,0.0,0.0,0.0,0.0,0.0,0.0,0.0,0.0,0.0,0.0,0.0,-2.004,0.0,0.0,0.0,0.0,0.0,3404.5,0.0,0.0,2.7184278591402704e+23,0.0,-0.0,0.0,0.0,0.0,0.0,0.0,0,2.3088382548096162e+20,126840012800.0,0.0,0.0,0.0,0.0,0.0,0.0,0.0,0,0,0,0.0,0.0,0.0,0.0,0.0,0.0,0.0,0.0,0.0,0.0,0.0,0.0,0.0,0.0,0.0,0.0,0,-107875648.0,0,0.0,0,-107875648.0,-0.0,0,52429,17039,26215,17054,13107,17038,0,0,0,110,100,100,-0.0,64.0,0.0,64.5,0.0,69.0,1,49,50,180,13107,0,0,0,0.0,0.0,0.0,0.0,nan,65.0,0.0,-0.0,0.0,646,0,690,0,0,0,719,0,792,0,711,0,690,0,645,0,643,0,616,0.032,55574528.0,0.0,2.7302316136196234e+23,784,16788,-0.0,-0.0,28704.316,17471864045568.0,0.0,-2.895258701355106e+37,29.0,60.0,70,0.0,0.0,0.0,0.0,0.0,0.0,0.0,0.0,0.0,0.0,0.0,0.0,0.0,0.0,0.0,0.0,59.2,69,11,65508,41,65476,0,300,0,0,8,20529,65476,0,0,61604,60.0,0.0,0.0,0.0,0.0,0.0
2026-04-04T11:08:17,ERR,ERR,ERR,ERR,ERR,ERR,ERR,ERR,ERR,ERR,ERR,ERR,ERR,ERR,ERR,ERR,ERR,ERR,ERR,ERR,ERR,ERR,ERR,ERR,ERR,ERR,ERR,ERR,ERR,ERR,ERR,ERR,ERR,ERR,ERR,ERR,ERR,ERR,ERR,ERR,ERR,ERR,ERR,ERR,ERR,ERR,ERR,ERR,ERR,ERR,ERR,ERR,ERR,ERR,ERR,ERR,ERR,ERR,ERR,ERR,ERR,ERR,ERR,ERR,ERR,ERR,ERR,ERR,ERR,ERR,ERR,ERR,ERR,ERR,ERR,ERR,ERR,ERR,ERR,ERR,ERR,ERR,ERR,ERR,ERR,ERR,ERR,ERR,ERR,ERR,ERR,ERR,ERR,ERR,ERR,ERR,ERR,ERR,ERR,ERR,ERR,ERR,ERR,ERR,ERR,ERR,ERR,ERR,ERR,ERR,ERR,ERR,ERR,ERR,ERR,ERR,ERR,ERR,ERR,ERR,ERR,ERR,ERR,ERR,ERR,2.7184278591402704e+23,0.0,-0.0,0.0,0.0,0.0,0.0,nan,0,0,0,32768,0,0.0,0,0.0,0.0,0.0,0.0,0.0,0,0,0,0,0.0,0,0,0,0,0,0,0,0,0,0,0,0,0,0,0,0,0,0,0,0,0,0,0,0,0,0,0,0,0,0,0,0,0,0,0,0,0,0,0,0,0,0,0,0,0.0,0.0,0.0,0.0,0.0,0.0,0.0,0.0,0.0,0.0,0.0,0.0,0.0,0.0,0.0,0.0,0.0,0.0,0.0,0.0,0.0,0.0,0.0,0.0,-2.004,0.0,0.0,0.0,0.0,0.0,3404.5,0.0,0.0,2.7184278591402704e+23,0.0,-0.0,0.0,0.0,0.0,0.0,0.0,0,2.3088382548096162e+20,126840012800.0,0.0,0.0,0.0,0.0,0.0,0.0,0.0,0,0,0,0.0,0.0,0.0,0.0,0.0,0.0,0.0,0.0,0.0,0.0,0.0,0.0,0.0,0.0,0.0,0.0,0,-107875648.0,0,0.0,0,-107875648.0,-0.0,0,52429,17039,26215,17054,13107,17038,0,0,0,110,100,100,-0.0,64.0,0.0,64.5,0.0,69.0,1,49,50,180,13107,0,0,0,0.0,0.0,0.0,0.0,nan,65.0,0.0,-0.0,0.0,646,0,690,0,0,0,719,0,792,0,711,0,690,0,645,0,643,0,616,0.032,55574528.0,0.0,2.7302316136196234e+23,784,16788,-0.0,-0.0,28704.316,17471864045568.0,0.0,-2.895258701355106e+37,29.0,60.0,70,0.0,0.0,0.0,0.0,0.0,0.0,0.0,0.0,0.0,0.0,0.0,0.0,0.0,0.0,0.0,0.0,59.2,69,11,65508,41,65476,0,300,0,0,8,20529,65476,0,0,61604,60.0,0.0,0.0,0.0,0.0,0.0
2026-04-04T11:08:18,ERR,ERR,ERR,ERR,ERR,ERR,ERR,ERR,ERR,ERR,ERR,ERR,ERR,ERR,ERR,ERR,ERR,ERR,ERR,ERR,ERR,ERR,ERR,ERR,ERR,ERR,ERR,ERR,ERR,ERR,ERR,ERR,ERR,ERR,ERR,ERR,ERR,ERR,ERR,ERR,ERR,ERR,ERR,ERR,ERR,ERR,ERR,ERR,ERR,ERR,ERR,ERR,ERR,ERR,ERR,ERR,ERR,ERR,ERR,ERR,ERR,ERR,ERR,ERR,ERR,ERR,ERR,ERR,ERR,ERR,ERR,ERR,ERR,ERR,ERR,ERR,ERR,ERR,ERR,ERR,ERR,ERR,ERR,ERR,ERR,ERR,ERR,ERR,ERR,ERR,ERR,ERR,ERR,ERR,ERR,ERR,ERR,ERR,ERR,ERR,ERR,ERR,ERR,ERR,ERR,ERR,ERR,ERR,ERR,ERR,ERR,ERR,ERR,ERR,ERR,ERR,ERR,ERR,ERR,ERR,ERR,ERR,ERR,ERR,ERR,2.7184278591402704e+23,0.0,-0.0,0.0,0.0,0.0,0.0,nan,0,0,0,32768,0,0.0,0,0.0,0.0,0.0,0.0,0.0,0,0,0,0,0.0,0,0,0,0,0,0,0,0,0,0,0,0,0,0,0,0,0,0,0,0,0,0,0,0,0,0,0,0,0,0,0,0,0,0,0,0,0,0,0,0,0,0,0,0,0.0,0.0,0.0,0.0,0.0,0.0,0.0,0.0,0.0,0.0,0.0,0.0,0.0,0.0,0.0,0.0,0.0,0.0,0.0,0.0,0.0,0.0,0.0,0.0,-2.004,0.0,0.0,0.0,0.0,0.0,3404.5,0.0,0.0,2.7184278591402704e+23,0.0,-0.0,0.0,0.0,0.0,0.0,0.0,0,2.3088382548096162e+20,126840012800.0,0.0,0.0,0.0,0.0,0.0,0.0,0.0,0,0,0,0.0,0.0,0.0,0.0,0.0,0.0,0.0,0.0,0.0,0.0,0.0,0.0,0.0,0.0,0.0,0.0,0,-107875648.0,0,0.0,0,-107875648.0,-0.0,0,52429,17039,26215,17054,13107,17038,0,0,0,110,100,100,-0.0,64.0,0.0,64.5,0.0,69.0,1,49,50,180,13107,0,0,0,0.0,0.0,0.0,0.0,nan,65.0,0.0,-0.0,0.0,646,0,690,0,0,0,719,0,792,0,711,0,690,0,645,0,643,0,616,0.032,55574528.0,0.0,2.7302316136196234e+23,784,16788,-0.0,-0.0,28704.316,17471864045568.0,0.0,-2.895258701355106e+37,29.0,60.0,70,0.0,0.0,0.0,0.0,0.0,0.0,0.0,0.0,0.0,0.0,0.0,0.0,0.0,0.0,0.0,0.0,59.2,69,11,65508,41,65476,0,300,0,0,8,20529,65476,0,0,61604,60.0,0.0,0.0,0.0,0.0,0.0
2026-04-04T11:08:19,ERR,ERR,ERR,ERR,ERR,ERR,ERR,ERR,ERR,ERR,ERR,ERR,ERR,ERR,ERR,ERR,ERR,ERR,ERR,ERR,ERR,ERR,ERR,ERR,ERR,ERR,ERR,ERR,ERR,ERR,ERR,ERR,ERR,ERR,ERR,ERR,ERR,ERR,ERR,ERR,ERR,ERR,ERR,ERR,ERR,ERR,ERR,ERR,ERR,ERR,ERR,ERR,ERR,ERR,ERR,ERR,ERR,ERR,ERR,ERR,ERR,ERR,ERR,ERR,ERR,ERR,ERR,ERR,ERR,ERR,ERR,ERR,ERR,ERR,ERR,ERR,ERR,ERR,ERR,ERR,ERR,ERR,ERR,ERR,ERR,ERR,ERR,ERR,ERR,ERR,ERR,ERR,ERR,ERR,ERR,ERR,ERR,ERR,ERR,ERR,ERR,ERR,ERR,ERR,ERR,ERR,ERR,ERR,ERR,ERR,ERR,ERR,ERR,ERR,ERR,ERR,ERR,ERR,ERR,ERR,ERR,ERR,ERR,ERR,ERR,2.7184278591402704e+23,0.0,-0.0,0.0,0.0,0.0,0.0,nan,0,0,0,32768,0,0.0,0,0.0,0.0,0.0,0.0,0.0,0,0,0,0,0.0,0,0,0,0,0,0,0,0,0,0,0,0,0,0,0,0,0,0,0,0,0,0,0,0,0,0,0,0,0,0,0,0,0,0,0,0,0,0,0,0,0,0,0,0,0.0,0.0,0.0,0.0,0.0,0.0,0.0,0.0,0.0,0.0,0.0,0.0,0.0,0.0,0.0,0.0,0.0,0.0,0.0,0.0,0.0,0.0,0.0,0.0,-2.004,0.0,0.0,0.0,0.0,0.0,3404.5,0.0,0.0,2.7184278591402704e+23,0.0,-0.0,0.0,0.0,0.0,0.0,0.0,0,2.3088382548096162e+20,126840012800.0,0.0,0.0,0.0,0.0,0.0,0.0,0.0,0,0,0,0.0,0.0,0.0,0.0,0.0,0.0,0.0,0.0,0.0,0.0,0.0,0.0,0.0,0.0,0.0,0.0,0,-107875648.0,0,0.0,0,-107875648.0,-0.0,0,52429,17039,26215,17054,13107,17038,0,0,0,110,100,100,-0.0,64.0,0.0,64.5,0.0,69.0,1,49,50,180,13107,0,0,0,0.0,0.0,0.0,0.0,nan,65.0,0.0,-0.0,0.0,646,0,690,0,0,0,719,0,792,0,711,0,690,0,645,0,643,0,616,0.032,55574528.0,0.0,2.7302316136196234e+23,784,16788,-0.0,-0.0,28704.316,17471864045568.0,0.0,-2.895258701355106e+37,29.0,60.0,70,0.0,0.0,0.0,0.0,0.0,0.0,0.0,0.0,0.0,0.0,0.0,0.0,0.0,0.0,0.0,0.0,59.2,69,11,65508,41,65476,0,300,0,0,8,20529,65476,0,0,61604,60.0,0.0,0.0,0.0,0.0,0.0
2026-04-04T11:08:20,ERR,ERR,ERR,ERR,ERR,ERR,ERR,ERR,ERR,ERR,ERR,ERR,ERR,ERR,ERR,ERR,ERR,ERR,ERR,ERR,ERR,ERR,ERR,ERR,ERR,ERR,ERR,ERR,ERR,ERR,ERR,ERR,ERR,ERR,ERR,ERR,ERR,ERR,ERR,ERR,ERR,ERR,ERR,ERR,ERR,ERR,ERR,ERR,ERR,ERR,ERR,ERR,ERR,ERR,ERR,ERR,ERR,ERR,ERR,ERR,ERR,ERR,ERR,ERR,ERR,ERR,ERR,ERR,ERR,ERR,ERR,ERR,ERR,ERR,ERR,ERR,ERR,ERR,ERR,ERR,ERR,ERR,ERR,ERR,ERR,ERR,ERR,ERR,ERR,ERR,ERR,ERR,ERR,ERR,ERR,ERR,ERR,ERR,ERR,ERR,ERR,ERR,ERR,ERR,ERR,ERR,ERR,ERR,ERR,ERR,ERR,ERR,ERR,ERR,ERR,ERR,ERR,ERR,ERR,ERR,ERR,ERR,ERR,ERR,ERR,2.7184278591402704e+23,0.0,-0.0,0.0,0.0,0.0,0.0,nan,0,0,0,32768,0,0.0,0,0.0,0.0,0.0,0.0,0.0,0,0,0,0,0.0,0,0,0,0,0,0,0,0,0,0,0,0,0,0,0,0,0,0,0,0,0,0,0,0,0,0,0,0,0,0,0,0,0,0,0,0,0,0,0,0,0,0,0,0,0.0,0.0,0.0,0.0,0.0,0.0,0.0,0.0,0.0,0.0,0.0,0.0,0.0,0.0,0.0,0.0,0.0,0.0,0.0,0.0,0.0,0.0,0.0,0.0,-2.004,0.0,0.0,0.0,0.0,0.0,3404.5,0.0,0.0,2.7184278591402704e+23,0.0,-0.0,0.0,0.0,0.0,0.0,0.0,0,2.3088382548096162e+20,126840012800.0,0.0,0.0,0.0,0.0,0.0,0.0,0.0,0,0,0,0.0,0.0,0.0,0.0,0.0,0.0,0.0,0.0,0.0,0.0,0.0,0.0,0.0,0.0,0.0,0.0,0,-107875648.0,0,0.0,0,-107875648.0,-0.0,0,52429,17039,26215,17054,13107,17038,0,0,0,110,100,100,-0.0,64.0,0.0,64.5,0.0,69.0,1,49,50,180,13107,0,0,0,0.0,0.0,0.0,0.0,nan,65.0,0.0,-0.0,0.0,646,0,690,0,0,0,719,0,792,0,711,0,690,0,645,0,643,0,616,0.032,55574528.0,0.0,2.7302316136196234e+23,784,16788,-0.0,-0.0,28704.316,17471864045568.0,0.0,-2.895258701355106e+37,29.0,60.0,70,0.0,0.0,0.0,0.0,0.0,0.0,0.0,0.0,0.0,0.0,0.0,0.0,0.0,0.0,0.0,0.0,59.2,69,11,65508,41,65476,0,300,0,0,8,20529,65476,0,0,61604,60.0,0.0,0.0,0.0,0.0,0.0
2026-04-04T11:08:21,ERR,ERR,ERR,ERR,ERR,ERR,ERR,ERR,ERR,ERR,ERR,ERR,ERR,ERR,ERR,ERR,ERR,ERR,ERR,ERR,ERR,ERR,ERR,ERR,ERR,ERR,ERR,ERR,ERR,ERR,ERR,ERR,ERR,ERR,ERR,ERR,ERR,ERR,ERR,ERR,ERR,ERR,ERR,ERR,ERR,ERR,ERR,ERR,ERR,ERR,ERR,ERR,ERR,ERR,ERR,ERR,ERR,ERR,ERR,ERR,ERR,ERR,ERR,ERR,ERR,ERR,ERR,ERR,ERR,ERR,ERR,ERR,ERR,ERR,ERR,ERR,ERR,ERR,ERR,ERR,ERR,ERR,ERR,ERR,ERR,ERR,ERR,ERR,ERR,ERR,ERR,ERR,ERR,ERR,ERR,ERR,ERR,ERR,ERR,ERR,ERR,ERR,ERR,ERR,ERR,ERR,ERR,ERR,ERR,ERR,ERR,ERR,ERR,ERR,ERR,ERR,ERR,ERR,ERR,ERR,ERR,ERR,ERR,ERR,ERR,2.7184278591402704e+23,0.0,-0.0,0.0,0.0,0.0,0.0,nan,0,0,0,32768,0,0.0,0,0.0,0.0,0.0,0.0,0.0,0,0,0,0,0.0,0,0,0,0,0,0,0,0,0,0,0,0,0,0,0,0,0,0,0,0,0,0,0,0,0,0,0,0,0,0,0,0,0,0,0,0,0,0,0,0,0,0,0,0,0.0,0.0,0.0,0.0,0.0,0.0,0.0,0.0,0.0,0.0,0.0,0.0,0.0,0.0,0.0,0.0,0.0,0.0,0.0,0.0,0.0,0.0,0.0,0.0,-2.004,0.0,0.0,0.0,0.0,0.0,3404.5,0.0,0.0,2.7184278591402704e+23,0.0,-0.0,0.0,0.0,0.0,0.0,0.0,0,2.3088382548096162e+20,126840012800.0,0.0,0.0,0.0,0.0,0.0,0.0,0.0,0,0,0,0.0,0.0,0.0,0.0,0.0,0.0,0.0,0.0,0.0,0.0,0.0,0.0,0.0,0.0,0.0,0.0,0,-107875648.0,0,0.0,0,-107875648.0,-0.0,0,52429,17039,26215,17054,13107,17038,0,0,0,110,100,100,-0.0,64.0,0.0,64.5,0.0,69.0,1,49,50,180,13107,0,0,0,0.0,0.0,0.0,0.0,-0.0,65.0,0.0,4.917252578546441e+30,0.0,646,0,690,0,0,0,719,0,792,0,711,0,690,0,645,0,643,0,616,0.032,55574528.0,0.0,2.7302316136196234e+23,7952,16788,-0.0,1.0987549189767012e+37,29024915456.0,-1910943156011008.0,0.0,0.0,29.0,60.0,70,0.0,0.0,0.0,0.0,0.0,0.0,0.0,0.0,0.0,0.0,0.0,0.0,0.0,0.0,0.0,0.0,59.2,69,11,65508,41,65476,0,300,0,0,8,20529,65476,0,0,61604,60.0,0.0,0.0,0.0,0.0,0.0
2026-04-04T11:08:22,ERR,ERR,ERR,ERR,ERR,ERR,ERR,ERR,ERR,ERR,ERR,ERR,ERR,ERR,ERR,ERR,ERR,ERR,ERR,ERR,ERR,ERR,ERR,ERR,ERR,ERR,ERR,ERR,ERR,ERR,ERR,ERR,ERR,ERR,ERR,ERR,ERR,ERR,ERR,ERR,ERR,ERR,ERR,ERR,ERR,ERR,ERR,ERR,ERR,ERR,ERR,ERR,ERR,ERR,ERR,ERR,ERR,ERR,ERR,ERR,ERR,ERR,ERR,ERR,ERR,ERR,ERR,ERR,ERR,ERR,ERR,ERR,ERR,ERR,ERR,ERR,ERR,ERR,ERR,ERR,ERR,ERR,ERR,ERR,ERR,ERR,ERR,ERR,ERR,ERR,ERR,ERR,ERR,ERR,ERR,ERR,ERR,ERR,ERR,ERR,ERR,ERR,ERR,ERR,ERR,ERR,ERR,ERR,ERR,ERR,ERR,ERR,ERR,ERR,ERR,ERR,ERR,ERR,ERR,ERR,ERR,ERR,ERR,ERR,ERR,-0.0,0.0,3.039990997430017e+23,0.0,0.0,0.0,0.0,nan,0,0,0,32768,0,0.0,0,0.0,0.0,0.0,0.0,0.0,0,0,0,0,0.0,0,0,0,0,0,0,0,0,0,0,0,0,0,0,0,0,0,0,0,0,0,0,0,0,0,0,0,0,0,0,0,0,0,0,0,0,0,0,0,0,0,0,0,0,0.0,0.0,0.0,0.0,0.0,0.0,0.0,0.0,0.0,0.0,0.0,0.0,0.0,0.0,0.0,0.0,0.0,0.0,0.0,0.0,0.0,0.0,2.004,0.0,-2.004,0.0,0.0,0.0,0.0,0.0,3405.0,-3.697154467689818e+19,0.0,2.7184278591402704e+23,0.0,2.7184274988523002e+23,0.0,0.0,0.0,0.0,0.0,0,3.222024165466893e+26,0.0,0.0,0.0,0.0,0.0,0.0,0.0,0.0,0,0,0,0.0,0.0,0.0,0.0,0.0,0.0,0.0,0.0,0.0,0.0,0.0,0.0,0.0,0.0,0.0,0.0,0,-107875648.0,0,0.0,0,-107875648.0,-107877712.0,0,52429,17039,26215,17054,13107,17038,0,0,0,110,100,100,-0.0,64.0,0.0,64.5,0.0,69.0,1,49,50,180,13107,0,0,0,0.0,0.0,0.0,0.0,-0.0,65.0,0.0,4.917252578546441e+30,0.0,646,0,690,0,0,0,719,0,792,0,711,0,690,0,645,0,643,0,616,0.032,55574528.0,0.0,2.7302316136196234e+23,7952,16788,-0.0,1.0987549189767012e+37,29024915456.0,-1910943156011008.0,0.0,0.0,29.0,60.0,70,0.0,0.0,0.0,0.0,0.0,0.0,0.0,0.0,0.0,0.0,0.0,0.0,0.0,0.0,0.0,0.0,59.2,69,11,65508,41,65476,0,300,0,0,8,20529,65476,0,0,61604,60.0,0.0,0.0,0.0,0.0,0.0
2026-04-04T11:08:23,ERR,ERR,ERR,ERR,ERR,ERR,ERR,ERR,ERR,ERR,ERR,ERR,ERR,ERR,ERR,ERR,ERR,ERR,ERR,ERR,ERR,ERR,ERR,ERR,ERR,ERR,ERR,ERR,ERR,ERR,ERR,ERR,ERR,ERR,ERR,ERR,ERR,ERR,ERR,ERR,ERR,ERR,ERR,ERR,ERR,ERR,ERR,ERR,ERR,ERR,ERR,ERR,ERR,ERR,ERR,ERR,ERR,ERR,ERR,ERR,ERR,ERR,ERR,ERR,ERR,ERR,ERR,ERR,ERR,ERR,ERR,ERR,ERR,ERR,ERR,ERR,ERR,ERR,ERR,ERR,ERR,ERR,ERR,ERR,ERR,ERR,ERR,ERR,ERR,ERR,ERR,ERR,ERR,ERR,ERR,ERR,ERR,ERR,ERR,ERR,ERR,ERR,ERR,ERR,ERR,ERR,ERR,ERR,ERR,ERR,ERR,ERR,ERR,ERR,ERR,ERR,ERR,ERR,ERR,ERR,ERR,ERR,ERR,ERR,ERR,-0.0,0.0,3.039990997430017e+23,0.0,0.0,0.0,0.0,nan,0,0,0,32768,0,0.0,0,0.0,0.0,0.0,0.0,0.0,0,0,0,0,0.0,0,0,0,0,0,0,0,0,0,0,0,0,0,0,0,0,0,0,0,0,0,0,0,0,0,0,0,0,0,0,0,0,0,0,0,0,0,0,0,0,0,0,0,0,0.0,0.0,0.0,0.0,0.0,0.0,0.0,0.0,0.0,0.0,0.0,0.0,0.0,0.0,0.0,0.0,0.0,0.0,0.0,0.0,0.0,0.0,2.004,0.0,-2.004,0.0,0.0,0.0,0.0,0.0,3405.0,-3.697154467689818e+19,0.0,2.7184278591402704e+23,0.0,2.7184274988523002e+23,0.0,0.0,0.0,0.0,0.0,0,3.222024165466893e+26,0.0,0.0,0.0,0.0,0.0,0.0,0.0,0.0,0,0,0,0.0,0.0,0.0,0.0,0.0,0.0,0.0,0.0,0.0,0.0,0.0,0.0,0.0,0.0,0.0,0.0,0,-107875648.0,0,0.0,0,-107875648.0,-107877712.0,0,52429,17039,26215,17054,13107,17038,0,0,0,110,100,100,-0.0,64.0,0.0,64.5,0.0,69.0,1,49,50,180,13107,0,0,0,0.0,0.0,0.0,0.0,-0.0,65.0,0.0,4.917252578546441e+30,0.0,646,0,690,0,0,0,719,0,792,0,711,0,690,0,645,0,643,0,616,0.032,55574528.0,0.0,2.7302316136196234e+23,7952,16788,-0.0,1.0987549189767012e+37,29024915456.0,-1910943156011008.0,0.0,0.0,29.0,60.0,70,0.0,0.0,0.0,0.0,0.0,0.0,0.0,0.0,0.0,0.0,0.0,0.0,0.0,0.0,0.0,0.0,59.2,69,11,65508,41,65476,0,300,0,0,8,20529,65476,0,0,61604,60.0,0.0,0.0,0.0,0.0,0.0
2026-04-04T11:08:24,ERR,ERR,ERR,ERR,ERR,ERR,ERR,ERR,ERR,ERR,ERR,ERR,ERR,ERR,ERR,ERR,ERR,ERR,ERR,ERR,ERR,ERR,ERR,ERR,ERR,ERR,ERR,ERR,ERR,ERR,ERR,ERR,ERR,ERR,ERR,ERR,ERR,ERR,ERR,ERR,ERR,ERR,ERR,ERR,ERR,ERR,ERR,ERR,ERR,ERR,ERR,ERR,ERR,ERR,ERR,ERR,ERR,ERR,ERR,ERR,ERR,ERR,ERR,ERR,ERR,ERR,ERR,ERR,ERR,ERR,ERR,ERR,ERR,ERR,ERR,ERR,ERR,ERR,ERR,ERR,ERR,ERR,ERR,ERR,ERR,ERR,ERR,ERR,ERR,ERR,ERR,ERR,ERR,ERR,ERR,ERR,ERR,ERR,ERR,ERR,ERR,ERR,ERR,ERR,ERR,ERR,ERR,ERR,ERR,ERR,ERR,ERR,ERR,ERR,ERR,ERR,ERR,ERR,ERR,ERR,ERR,ERR,ERR,ERR,ERR,-0.0,0.0,3.039990997430017e+23,0.0,0.0,0.0,0.0,nan,0,0,0,32768,0,0.0,0,0.0,0.0,0.0,0.0,0.0,0,0,0,0,0.0,0,0,0,0,0,0,0,0,0,0,0,0,0,0,0,0,0,0,0,0,0,0,0,0,0,0,0,0,0,0,0,0,0,0,0,0,0,0,0,0,0,0,0,0,0.0,0.0,0.0,0.0,0.0,0.0,0.0,0.0,0.0,0.0,0.0,0.0,0.0,0.0,0.0,0.0,0.0,0.0,0.0,0.0,0.0,0.0,2.004,0.0,-2.004,0.0,0.0,0.0,0.0,0.0,3405.0,-3.697154467689818e+19,0.0,2.7184278591402704e+23,0.0,2.7184274988523002e+23,0.0,0.0,0.0,0.0,0.0,0,3.222024165466893e+26,0.0,0.0,0.0,0.0,0.0,0.0,0.0,0.0,0,0,0,0.0,0.0,0.0,0.0,0.0,0.0,0.0,0.0,0.0,0.0,0.0,0.0,0.0,0.0,0.0,0.0,0,-107875648.0,0,0.0,0,-107875648.0,-107877712.0,0,52429,17039,26215,17054,13107,17038,0,0,0,110,100,100,-0.0,64.0,0.0,64.5,0.0,69.0,1,49,50,180,13107,0,0,0,0.0,0.0,0.0,0.0,-0.0,65.0,0.0,4.917252578546441e+30,0.0,646,0,690,0,0,0,719,0,792,0,711,0,690,0,645,0,643,0,616,0.032,55574528.0,0.0,2.7302316136196234e+23,7952,16788,-0.0,1.0987549189767012e+37,29024915456.0,-1910943156011008.0,0.0,0.0,29.0,60.0,70,0.0,0.0,0.0,0.0,0.0,0.0,0.0,0.0,0.0,0.0,0.0,0.0,0.0,0.0,0.0,0.0,59.2,69,11,65508,41,65476,0,300,0,0,8,20529,65476,0,0,61604,60.0,0.0,0.0,0.0,0.0,0.0
2026-04-04T11:08:25,ERR,ERR,ERR,ERR,ERR,ERR,ERR,ERR,ERR,ERR,ERR,ERR,ERR,ERR,ERR,ERR,ERR,ERR,ERR,ERR,ERR,ERR,ERR,ERR,ERR,ERR,ERR,ERR,ERR,ERR,ERR,ERR,ERR,ERR,ERR,ERR,ERR,ERR,ERR,ERR,ERR,ERR,ERR,ERR,ERR,ERR,ERR,ERR,ERR,ERR,ERR,ERR,ERR,ERR,ERR,ERR,ERR,ERR,ERR,ERR,ERR,ERR,ERR,ERR,ERR,ERR,ERR,ERR,ERR,ERR,ERR,ERR,ERR,ERR,ERR,ERR,ERR,ERR,ERR,ERR,ERR,ERR,ERR,ERR,ERR,ERR,ERR,ERR,ERR,ERR,ERR,ERR,ERR,ERR,ERR,ERR,ERR,ERR,ERR,ERR,ERR,ERR,ERR,ERR,ERR,ERR,ERR,ERR,ERR,ERR,ERR,ERR,ERR,ERR,ERR,ERR,ERR,ERR,ERR,ERR,ERR,ERR,ERR,ERR,ERR,-0.0,0.0,3.039990997430017e+23,0.0,0.0,0.0,0.0,nan,0,0,0,32768,0,0.0,0,0.0,0.0,0.0,0.0,0.0,0,0,0,0,0.0,0,0,0,0,0,0,0,0,0,0,0,0,0,0,0,0,0,0,0,0,0,0,0,0,0,0,0,0,0,0,0,0,0,0,0,0,0,0,0,0,0,0,0,0,0.0,0.0,0.0,0.0,0.0,0.0,0.0,0.0,0.0,0.0,0.0,0.0,0.0,0.0,0.0,0.0,0.0,0.0,0.0,0.0,0.0,0.0,2.004,0.0,-2.004,0.0,0.0,0.0,0.0,0.0,3405.0,-3.697154467689818e+19,0.0,2.7184278591402704e+23,0.0,2.7184274988523002e+23,0.0,0.0,0.0,0.0,0.0,0,3.222024165466893e+26,0.0,0.0,0.0,0.0,0.0,0.0,0.0,0.0,0,0,0,0.0,0.0,0.0,0.0,0.0,0.0,0.0,0.0,0.0,0.0,0.0,0.0,0.0,0.0,0.0,0.0,0,-107875648.0,0,0.0,0,-107875648.0,-107877712.0,0,52429,17039,26215,17054,13107,17038,0,0,0,110,100,100,-0.0,64.0,0.0,64.5,0.0,69.0,1,49,50,180,13107,0,0,0,0.0,0.0,0.0,0.0,-0.0,65.0,0.0,4.917252578546441e+30,0.0,646,0,690,0,0,0,719,0,792,0,711,0,690,0,645,0,643,0,616,0.032,55574528.0,0.0,2.7302316136196234e+23,7952,16788,-0.0,1.0987549189767012e+37,29024915456.0,-1910943156011008.0,0.0,0.0,29.0,60.0,70,0.0,0.0,0.0,0.0,0.0,0.0,0.0,0.0,0.0,0.0,0.0,0.0,0.0,0.0,0.0,0.0,59.2,69,11,65508,41,65476,0,300,0,0,8,20529,65476,0,0,61604,60.0,0.0,0.0,0.0,0.0,0.0
2026-04-04T11:08:26,ERR,ERR,ERR,ERR,ERR,ERR,ERR,ERR,ERR,ERR,ERR,ERR,ERR,ERR,ERR,ERR,ERR,ERR,ERR,ERR,ERR,ERR,ERR,ERR,ERR,ERR,ERR,ERR,ERR,ERR,ERR,ERR,ERR,ERR,ERR,ERR,ERR,ERR,ERR,ERR,ERR,ERR,ERR,ERR,ERR,ERR,ERR,ERR,ERR,ERR,ERR,ERR,ERR,ERR,ERR,ERR,ERR,ERR,ERR,ERR,ERR,ERR,ERR,ERR,ERR,ERR,ERR,ERR,ERR,ERR,ERR,ERR,ERR,ERR,ERR,ERR,ERR,ERR,ERR,ERR,ERR,ERR,ERR,ERR,ERR,ERR,ERR,ERR,ERR,ERR,ERR,ERR,ERR,ERR,ERR,ERR,ERR,ERR,ERR,ERR,ERR,ERR,ERR,ERR,ERR,ERR,ERR,ERR,ERR,ERR,ERR,ERR,ERR,ERR,ERR,ERR,ERR,ERR,ERR,ERR,ERR,ERR,ERR,ERR,ERR,-0.0,0.0,3.039990997430017e+23,0.0,0.0,0.0,0.0,nan,0,0,0,32768,0,0.0,0,0.0,0.0,0.0,0.0,0.0,0,0,0,0,0.0,0,0,0,0,0,0,0,0,0,0,0,0,0,0,0,0,0,0,0,0,0,0,0,0,0,0,0,0,0,0,0,0,0,0,0,0,0,0,0,0,0,0,0,0,0.0,0.0,0.0,0.0,0.0,0.0,0.0,0.0,0.0,0.0,0.0,0.0,0.0,0.0,0.0,0.0,0.0,0.0,0.0,0.0,0.0,0.0,2.004,0.0,-2.004,0.0,0.0,0.0,0.0,0.0,3405.0,-3.697154467689818e+19,0.0,2.7184278591402704e+23,0.0,2.7184274988523002e+23,0.0,0.0,0.0,0.0,0.0,0,3.222024165466893e+26,0.0,0.0,0.0,0.0,0.0,0.0,0.0,0.0,0,0,0,0.0,0.0,0.0,0.0,0.0,0.0,0.0,0.0,0.0,0.0,0.0,0.0,0.0,0.0,0.0,0.0,0,-107875648.0,0,0.0,0,-107875648.0,-107877712.0,0,52429,17039,26215,17054,13107,17038,0,0,0,110,100,100,-0.0,64.0,0.0,64.5,0.0,69.0,1,49,50,180,13107,0,0,0,0.0,0.0,0.0,0.0,-0.0,65.0,0.0,4.917252578546441e+30,0.0,646,0,690,0,0,0,719,0,792,0,711,0,690,0,645,0,643,0,616,0.032,55574528.0,0.0,2.7302316136196234e+23,7952,16788,-0.0,1.0987549189767012e+37,29024915456.0,-1910943156011008.0,0.0,0.0,29.0,60.0,70,0.0,0.0,0.0,0.0,0.0,0.0,0.0,0.0,0.0,0.0,0.0,0.0,0.0,0.0,0.0,0.0,59.2,69,11,65508,41,65476,0,300,0,0,8,20529,65476,0,0,61604,60.0,0.0,0.0,0.0,0.0,0.0
2026-04-04T11:08:27,ERR,ERR,ERR,ERR,ERR,ERR,ERR,ERR,ERR,ERR,ERR,ERR,ERR,ERR,ERR,ERR,ERR,ERR,ERR,ERR,ERR,ERR,ERR,ERR,ERR,ERR,ERR,ERR,ERR,ERR,ERR,ERR,ERR,ERR,ERR,ERR,ERR,ERR,ERR,ERR,ERR,ERR,ERR,ERR,ERR,ERR,ERR,ERR,ERR,ERR,ERR,ERR,ERR,ERR,ERR,ERR,ERR,ERR,ERR,ERR,ERR,ERR,ERR,ERR,ERR,ERR,ERR,ERR,ERR,ERR,ERR,ERR,ERR,ERR,ERR,ERR,ERR,ERR,ERR,ERR,ERR,ERR,ERR,ERR,ERR,ERR,ERR,ERR,ERR,ERR,ERR,ERR,ERR,ERR,ERR,ERR,ERR,ERR,ERR,ERR,ERR,ERR,ERR,ERR,ERR,ERR,ERR,ERR,ERR,ERR,ERR,ERR,ERR,ERR,ERR,ERR,ERR,ERR,ERR,ERR,ERR,ERR,ERR,ERR,ERR,-0.0,0.0,3.039990997430017e+23,0.0,0.0,0.0,0.0,nan,0,0,0,32768,0,0.0,0,0.0,0.0,0.0,0.0,0.0,0,0,0,0,0.0,0,0,0,0,0,0,0,0,0,0,0,0,0,0,0,0,0,0,0,0,0,0,0,0,0,0,0,0,0,0,0,0,0,0,0,0,0,0,0,0,0,0,0,0,0.0,0.0,0.0,0.0,0.0,0.0,0.0,0.0,0.0,0.0,0.0,0.0,0.0,0.0,0.0,0.0,0.0,0.0,0.0,0.0,0.0,0.0,2.004,0.0,-2.004,0.0,0.0,0.0,0.0,0.0,3405.0,-3.697154467689818e+19,0.0,2.7184278591402704e+23,0.0,2.7184274988523002e+23,0.0,0.0,0.0,0.0,0.0,0,3.222024165466893e+26,0.0,0.0,0.0,0.0,0.0,0.0,0.0,0.0,0,0,0,0.0,0.0,0.0,0.0,0.0,0.0,0.0,0.0,0.0,0.0,0.0,0.0,0.0,0.0,0.0,0.0,0,-107875648.0,0,0.0,0,-107875648.0,-107877712.0,0,52429,17039,26215,17054,0,17038,0,0,0,110,100,100,-0.0,64.0,0.0,64.5,0.0,69.0,1,49,50,180,13107,0,0,0,0.0,0.0,0.0,0.0,-0.0,65.0,0.0,1.0807603399223646e+30,0.0,646,0,690,0,0,0,719,0,792,0,711,0,690,0,645,0,643,0,617,0.032,56098816.0,0.0,2.7302316136196234e+23,60304,16787,-0.0,3.669409018946778e+30,0.0,-0.0,0.0,-3.779617322298612e+28,29.0,60.0,70,0.0,0.0,0.0,0.0,0.0,0.0,0.0,0.0,0.0,0.0,0.0,0.0,0.0,0.0,0.0,0.0,59.2,69,11,65508,41,65476,0,300,0,0,8,20529,65476,0,0,61604,60.0,0.0,0.0,0.0,0.0,0.0
2026-04-04T11:08:28,ERR,ERR,ERR,ERR,ERR,ERR,ERR,ERR,ERR,ERR,ERR,ERR,ERR,ERR,ERR,ERR,ERR,ERR,ERR,ERR,ERR,ERR,ERR,ERR,ERR,ERR,ERR,ERR,ERR,ERR,ERR,ERR,ERR,ERR,ERR,ERR,ERR,ERR,ERR,ERR,ERR,ERR,ERR,ERR,ERR,ERR,ERR,ERR,ERR,ERR,ERR,ERR,ERR,ERR,ERR,ERR,ERR,ERR,ERR,ERR,ERR,ERR,ERR,ERR,ERR,ERR,ERR,ERR,ERR,ERR,ERR,ERR,ERR,ERR,ERR,ERR,ERR,ERR,ERR,ERR,ERR,ERR,ERR,ERR,ERR,ERR,ERR,ERR,ERR,ERR,ERR,ERR,ERR,ERR,ERR,ERR,ERR,ERR,ERR,ERR,ERR,ERR,ERR,ERR,ERR,ERR,ERR,ERR,ERR,ERR,ERR,ERR,ERR,ERR,ERR,ERR,ERR,ERR,ERR,ERR,ERR,ERR,ERR,ERR,ERR,-0.0,0.0,3.039990997430017e+23,0.0,0.0,0.0,0.0,nan,0,0,0,32768,0,0.0,0,0.0,0.0,0.0,0.0,0.0,0,0,0,0,0.0,0,0,0,0,0,0,0,0,0,0,0,0,0,0,0,0,0,0,0,0,0,0,0,0,0,0,0,0,0,0,0,0,0,0,0,0,0,0,0,0,0,0,0,0,0.0,0.0,0.0,0.0,0.0,0.0,0.0,0.0,0.0,0.0,0.0,0.0,0.0,0.0,0.0,0.0,0.0,0.0,0.0,0.0,0.0,0.0,2.004,0.0,-2.004,0.0,0.0,0.0,0.0,0.0,3405.0,-3.697154467689818e+19,0.0,2.7184278591402704e+23,0.0,2.7184274988523002e+23,0.0,0.0,0.0,0.0,0.0,0,3.222024165466893e+26,0.0,0.0,0.0,0.0,0.0,0.0,0.0,0.0,0,0,0,0.0,0.0,0.0,0.0,0.0,0.0,0.0,0.0,0.0,0.0,0.0,0.0,0.0,0.0,0.0,0.0,0,-107875648.0,0,0.0,0,-107875648.0,-107877712.0,0,52429,17039,26215,17054,0,17038,0,0,0,110,100,100,-0.0,64.0,0.0,64.5,0.0,69.0,1,49,50,180,13107,0,0,0,0.0,0.0,0.0,0.0,-0.0,65.0,0.0,1.0807603399223646e+30,0.0,646,0,690,0,0,0,719,0,792,0,711,0,690,0,645,0,643,0,617,0.032,56098816.0,0.0,2.7302316136196234e+23,60304,16787,-0.0,3.669409018946778e+30,0.0,-0.0,0.0,-3.779617322298612e+28,29.0,60.0,70,0.0,0.0,0.0,0.0,0.0,0.0,0.0,0.0,0.0,0.0,0.0,0.0,0.0,0.0,0.0,0.0,59.2,69,11,65508,41,65476,0,300,0,0,8,20529,65476,0,0,61604,60.0,0.0,0.0,0.0,0.0,0.0
2026-04-04T11:08:29,ERR,ERR,ERR,ERR,ERR,ERR,ERR,ERR,ERR,ERR,ERR,ERR,ERR,ERR,ERR,ERR,ERR,ERR,ERR,ERR,ERR,ERR,ERR,ERR,ERR,ERR,ERR,ERR,ERR,ERR,ERR,ERR,ERR,ERR,ERR,ERR,ERR,ERR,ERR,ERR,ERR,ERR,ERR,ERR,ERR,ERR,ERR,ERR,ERR,ERR,ERR,ERR,ERR,ERR,ERR,ERR,ERR,ERR,ERR,ERR,ERR,ERR,ERR,ERR,ERR,ERR,ERR,ERR,ERR,ERR,ERR,ERR,ERR,ERR,ERR,ERR,ERR,ERR,ERR,ERR,ERR,ERR,ERR,ERR,ERR,ERR,ERR,ERR,ERR,ERR,ERR,ERR,ERR,ERR,ERR,ERR,ERR,ERR,ERR,ERR,ERR,ERR,ERR,ERR,ERR,ERR,ERR,ERR,ERR,ERR,ERR,ERR,ERR,ERR,ERR,ERR,ERR,ERR,ERR,ERR,ERR,ERR,ERR,ERR,ERR,2.7184278591402704e+23,0.0,-0.0,0.0,0.0,0.0,0.0,nan,0,0,0,32768,0,0.0,0,0.0,0.0,0.0,0.0,0.0,0,0,0,0,0.0,0,0,0,0,0,0,0,0,0,0,0,0,0,0,0,0,0,0,0,0,0,0,0,0,0,0,0,0,0,0,0,0,0,0,0,0,0,0,0,0,0,0,0,0,0.0,0.0,0.0,0.0,0.0,0.0,0.0,0.0,0.0,0.0,0.0,0.0,0.0,0.0,0.0,0.0,0.0,0.0,0.0,0.0,0.0,0.0,2.004,0.0,-0.0,0.0,0.0,0.0,0.0,0.0,3402.5,-3.697154467689818e+19,0.0,2.7184278591402704e+23,0.0,2.7184274988523002e+23,0.0,0.0,0.0,0.0,0.0,0,152018253512704.0,89220.062,0.0,0.0,0.0,0.0,0.0,0.0,0.0,0,0,0,0.0,0.0,0.0,0.0,0.0,0.0,0.0,0.0,0.0,0.0,0.0,0.0,0.0,0.0,0.0,0.0,0,-107875648.0,0,0.0,0,-107875648.0,-0.0,0,52429,17039,26215,17054,0,17038,0,0,0,110,100,100,-0.0,64.0,0.0,64.5,0.0,69.0,1,49,50,180,13107,0,0,0,0.0,0.0,0.0,0.0,-0.0,65.0,0.0,1.0807603399223646e+30,0.0,646,0,690,0,0,0,719,0,792,0,711,0,690,0,645,0,643,0,617,0.032,56098816.0,0.0,2.7302316136196234e+23,60304,16787,-0.0,3.669409018946778e+30,0.0,-0.0,0.0,-3.779617322298612e+28,29.0,60.0,70,0.0,0.0,0.0,0.0,0.0,0.0,0.0,0.0,0.0,0.0,0.0,0.0,0.0,0.0,0.0,0.0,59.2,69,11,65508,41,65476,0,300,0,0,8,20529,65476,0,0,61604,60.0,0.0,0.0,0.0,0.0,0.0
2026-04-04T11:08:30,ERR,ERR,ERR,ERR,ERR,ERR,ERR,ERR,ERR,ERR,ERR,ERR,ERR,ERR,ERR,ERR,ERR,ERR,ERR,ERR,ERR,ERR,ERR,ERR,ERR,ERR,ERR,ERR,ERR,ERR,ERR,ERR,ERR,ERR,ERR,ERR,ERR,ERR,ERR,ERR,ERR,ERR,ERR,ERR,ERR,ERR,ERR,ERR,ERR,ERR,ERR,ERR,ERR,ERR,ERR,ERR,ERR,ERR,ERR,ERR,ERR,ERR,ERR,ERR,ERR,ERR,ERR,ERR,ERR,ERR,ERR,ERR,ERR,ERR,ERR,ERR,ERR,ERR,ERR,ERR,ERR,ERR,ERR,ERR,ERR,ERR,ERR,ERR,ERR,ERR,ERR,ERR,ERR,ERR,ERR,ERR,ERR,ERR,ERR,ERR,ERR,ERR,ERR,ERR,ERR,ERR,ERR,ERR,ERR,ERR,ERR,ERR,ERR,ERR,ERR,ERR,ERR,ERR,ERR,ERR,ERR,ERR,ERR,ERR,ERR,2.7184278591402704e+23,0.0,-0.0,0.0,0.0,0.0,0.0,nan,0,0,0,32768,0,0.0,0,0.0,0.0,0.0,0.0,0.0,0,0,0,0,0.0,0,0,0,0,0,0,0,0,0,0,0,0,0,0,0,0,0,0,0,0,0,0,0,0,0,0,0,0,0,0,0,0,0,0,0,0,0,0,0,0,0,0,0,0,0.0,0.0,0.0,0.0,0.0,0.0,0.0,0.0,0.0,0.0,0.0,0.0,0.0,0.0,0.0,0.0,0.0,0.0,0.0,0.0,0.0,0.0,2.004,0.0,-0.0,0.0,0.0,0.0,0.0,0.0,3402.5,-3.697154467689818e+19,0.0,2.7184278591402704e+23,0.0,2.7184274988523002e+23,0.0,0.0,0.0,0.0,0.0,0,152018253512704.0,89220.062,0.0,0.0,0.0,0.0,0.0,0.0,0.0,0,0,0,0.0,0.0,0.0,0.0,0.0,0.0,0.0,0.0,0.0,0.0,0.0,0.0,0.0,0.0,0.0,0.0,0,-107875648.0,0,0.0,0,-107875648.0,-0.0,0,52429,17039,26215,17054,0,17038,0,0,0,110,100,100,-0.0,64.0,0.0,64.5,0.0,69.0,1,49,50,180,13107,0,0,0,0.0,0.0,0.0,0.0,-0.0,65.0,0.0,1.0807603399223646e+30,0.0,646,0,690,0,0,0,719,0,792,0,711,0,690,0,645,0,643,0,617,0.032,56098816.0,0.0,2.7302316136196234e+23,60304,16787,-0.0,3.669409018946778e+30,0.0,-0.0,0.0,-3.779617322298612e+28,29.0,60.0,70,0.0,0.0,0.0,0.0,0.0,0.0,0.0,0.0,0.0,0.0,0.0,0.0,0.0,0.0,0.0,0.0,59.2,69,11,65508,41,65476,0,300,0,0,8,20529,65476,0,0,61604,60.0,0.0,0.0,0.0,0.0,0.0
2026-04-04T11:08:31,ERR,ERR,ERR,ERR,ERR,ERR,ERR,ERR,ERR,ERR,ERR,ERR,ERR,ERR,ERR,ERR,ERR,ERR,ERR,ERR,ERR,ERR,ERR,ERR,ERR,ERR,ERR,ERR,ERR,ERR,ERR,ERR,ERR,ERR,ERR,ERR,ERR,ERR,ERR,ERR,ERR,ERR,ERR,ERR,ERR,ERR,ERR,ERR,ERR,ERR,ERR,ERR,ERR,ERR,ERR,ERR,ERR,ERR,ERR,ERR,ERR,ERR,ERR,ERR,ERR,ERR,ERR,ERR,ERR,ERR,ERR,ERR,ERR,ERR,ERR,ERR,ERR,ERR,ERR,ERR,ERR,ERR,ERR,ERR,ERR,ERR,ERR,ERR,ERR,ERR,ERR,ERR,ERR,ERR,ERR,ERR,ERR,ERR,ERR,ERR,ERR,ERR,ERR,ERR,ERR,ERR,ERR,ERR,ERR,ERR,ERR,ERR,ERR,ERR,ERR,ERR,ERR,ERR,ERR,ERR,ERR,ERR,ERR,ERR,ERR,2.7184278591402704e+23,0.0,-0.0,0.0,0.0,0.0,0.0,nan,0,0,0,32768,0,0.0,0,0.0,0.0,0.0,0.0,0.0,0,0,0,0,0.0,0,0,0,0,0,0,0,0,0,0,0,0,0,0,0,0,0,0,0,0,0,0,0,0,0,0,0,0,0,0,0,0,0,0,0,0,0,0,0,0,0,0,0,0,0.0,0.0,0.0,0.0,0.0,0.0,0.0,0.0,0.0,0.0,0.0,0.0,0.0,0.0,0.0,0.0,0.0,0.0,0.0,0.0,0.0,0.0,2.004,0.0,-0.0,0.0,0.0,0.0,0.0,0.0,3402.5,-3.697154467689818e+19,0.0,2.7184278591402704e+23,0.0,2.7184274988523002e+23,0.0,0.0,0.0,0.0,0.0,0,152018253512704.0,89220.062,0.0,0.0,0.0,0.0,0.0,0.0,0.0,0,0,0,0.0,0.0,0.0,0.0,0.0,0.0,0.0,0.0,0.0,0.0,0.0,0.0,0.0,0.0,0.0,0.0,0,-107875648.0,0,0.0,0,-107875648.0,-0.0,0,52429,17039,26215,17054,13107,17038,0,0,0,110,100,100,-0.0,64.0,0.0,64.5,0.0,69.0,1,49,50,180,13107,0,0,0,0.0,0.0,0.0,0.0,-0.0,65.0,0.0,2237812178944.0,0.0,646,0,690,0,0,0,719,0,792,0,711,0,690,0,645,0,643,0,617,0.032,55574528.0,2.004,-107615152.0,4240,16788,-0.0,2237812178944.0,0.0,0.0,-9.384768134778883e+25,-91403370496.0,29.0,60.0,70,0.0,0.0,0.0,0.0,0.0,0.0,0.0,0.0,0.0,0.0,0.0,0.0,0.0,0.0,0.0,0.0,59.2,69,11,65508,41,65476,0,300,0,0,8,20529,65476,0,0,61604,60.0,0.0,0.0,0.0,0.0,0.0
2026-04-04T11:08:32,ERR,ERR,ERR,ERR,ERR,ERR,ERR,ERR,ERR,ERR,ERR,ERR,ERR,ERR,ERR,ERR,ERR,ERR,ERR,ERR,ERR,ERR,ERR,ERR,ERR,ERR,ERR,ERR,ERR,ERR,ERR,ERR,ERR,ERR,ERR,ERR,ERR,ERR,ERR,ERR,ERR,ERR,ERR,ERR,ERR,ERR,ERR,ERR,ERR,ERR,ERR,ERR,ERR,ERR,ERR,ERR,ERR,ERR,ERR,ERR,ERR,ERR,ERR,ERR,ERR,ERR,ERR,ERR,ERR,ERR,ERR,ERR,ERR,ERR,ERR,ERR,ERR,ERR,ERR,ERR,ERR,ERR,ERR,ERR,ERR,ERR,ERR,ERR,ERR,ERR,ERR,ERR,ERR,ERR,ERR,ERR,ERR,ERR,ERR,ERR,ERR,ERR,ERR,ERR,ERR,ERR,ERR,ERR,ERR,ERR,ERR,ERR,ERR,ERR,ERR,ERR,ERR,ERR,ERR,ERR,ERR,ERR,ERR,ERR,ERR,2.7184278591402704e+23,0.0,-0.0,0.0,0.0,0.0,0.0,nan,0,0,0,32768,0,0.0,0,0.0,0.0,0.0,0.0,0.0,0,0,0,0,0.0,0,0,0,0,0,0,0,0,0,0,0,0,0,0,0,0,0,0,0,0,0,0,0,0,0,0,0,0,0,0,0,0,0,0,0,0,0,0,0,0,0,0,0,0,0.0,0.0,0.0,0.0,0.0,0.0,0.0,0.0,0.0,0.0,0.0,0.0,0.0,0.0,0.0,0.0,0.0,0.0,0.0,0.0,0.0,0.0,2.004,0.0,-0.0,0.0,0.0,0.0,0.0,0.0,3402.5,-3.697154467689818e+19,0.0,2.7184278591402704e+23,0.0,2.7184274988523002e+23,0.0,0.0,0.0,0.0,0.0,0,152018253512704.0,89220.062,0.0,0.0,0.0,0.0,0.0,0.0,0.0,0,0,0,0.0,0.0,0.0,0.0,0.0,0.0,0.0,0.0,0.0,0.0,0.0,0.0,0.0,0.0,0.0,0.0,0,-107875648.0,0,0.0,0,-107875648.0,-0.0,0,52429,17039,26215,17054,13107,17038,0,0,0,110,100,100,-0.0,64.0,0.0,64.5,0.0,69.0,1,49,50,180,13107,0,0,0,0.0,0.0,0.0,0.0,-0.0,65.0,0.0,2237812178944.0,0.0,646,0,690,0,0,0,719,0,792,0,711,0,690,0,645,0,643,0,617,0.032,55574528.0,2.004,-107615152.0,4240,16788,-0.0,2237812178944.0,0.0,0.0,-9.384768134778883e+25,-91403370496.0,29.0,60.0,70,0.0,0.0,0.0,0.0,0.0,0.0,0.0,0.0,0.0,0.0,0.0,0.0,0.0,0.0,0.0,0.0,59.2,69,11,65508,41,65476,0,300,0,0,8,20529,65476,0,0,61604,60.0,0.0,0.0,0.0,0.0,0.0
2026-04-04T11:08:33,ERR,ERR,ERR,ERR,ERR,ERR,ERR,ERR,ERR,ERR,ERR,ERR,ERR,ERR,ERR,ERR,ERR,ERR,ERR,ERR,ERR,ERR,ERR,ERR,ERR,ERR,ERR,ERR,ERR,ERR,ERR,ERR,ERR,ERR,ERR,ERR,ERR,ERR,ERR,ERR,ERR,ERR,ERR,ERR,ERR,ERR,ERR,ERR,ERR,ERR,ERR,ERR,ERR,ERR,ERR,ERR,ERR,ERR,ERR,ERR,ERR,ERR,ERR,ERR,ERR,ERR,ERR,ERR,ERR,ERR,ERR,ERR,ERR,ERR,ERR,ERR,ERR,ERR,ERR,ERR,ERR,ERR,ERR,ERR,ERR,ERR,ERR,ERR,ERR,ERR,ERR,ERR,ERR,ERR,ERR,ERR,ERR,ERR,ERR,ERR,ERR,ERR,ERR,ERR,ERR,ERR,ERR,ERR,ERR,ERR,ERR,ERR,ERR,ERR,ERR,ERR,ERR,ERR,ERR,ERR,ERR,ERR,ERR,ERR,ERR,2.7184278591402704e+23,0.0,-0.0,0.0,0.0,0.0,0.0,nan,0,0,0,32768,0,0.0,0,0.0,0.0,0.0,0.0,0.0,0,0,0,0,0.0,0,0,0,0,0,0,0,0,0,0,0,0,0,0,0,0,0,0,0,0,0,0,0,0,0,0,0,0,0,0,0,0,0,0,0,0,0,0,0,0,0,0,0,0,0.0,0.0,0.0,0.0,0.0,0.0,0.0,0.0,0.0,0.0,0.0,0.0,0.0,0.0,0.0,0.0,0.0,0.0,0.0,0.0,0.0,0.0,2.004,0.0,-0.0,0.0,0.0,0.0,0.0,0.0,3402.5,-3.697154467689818e+19,0.0,2.7184278591402704e+23,0.0,2.7184274988523002e+23,0.0,0.0,0.0,0.0,0.0,0,152018253512704.0,89220.062,0.0,0.0,0.0,0.0,0.0,0.0,0.0,0,0,0,0.0,0.0,0.0,0.0,0.0,0.0,0.0,0.0,0.0,0.0,0.0,0.0,0.0,0.0,0.0,0.0,0,-107875648.0,0,0.0,0,-107875648.0,-0.0,0,52429,17039,26215,17054,13107,17038,0,0,0,110,100,100,-0.0,64.0,0.0,64.5,0.0,69.0,1,49,50,180,13107,0,0,0,0.0,0.0,0.0,0.0,-0.0,65.0,0.0,2237812178944.0,0.0,646,0,690,0,0,0,719,0,792,0,711,0,690,0,645,0,643,0,617,0.032,55574528.0,2.004,-107615152.0,4240,16788,-0.0,2237812178944.0,0.0,0.0,-9.384768134778883e+25,-91403370496.0,29.0,60.0,70,0.0,0.0,0.0,0.0,0.0,0.0,0.0,0.0,0.0,0.0,0.0,0.0,0.0,0.0,0.0,0.0,59.6,69,11,65508,41,65476,0,300,0,0,8,20529,65476,0,0,61604,60.0,0.0,0.0,0.0,0.0,0.0
2026-04-04T11:08:34,ERR,ERR,ERR,ERR,ERR,ERR,ERR,ERR,ERR,ERR,ERR,ERR,ERR,ERR,ERR,ERR,ERR,ERR,ERR,ERR,ERR,ERR,ERR,ERR,ERR,ERR,ERR,ERR,ERR,ERR,ERR,ERR,ERR,ERR,ERR,ERR,ERR,ERR,ERR,ERR,ERR,ERR,ERR,ERR,ERR,ERR,ERR,ERR,ERR,ERR,ERR,ERR,ERR,ERR,ERR,ERR,ERR,ERR,ERR,ERR,ERR,ERR,ERR,ERR,ERR,ERR,ERR,ERR,ERR,ERR,ERR,ERR,ERR,ERR,ERR,ERR,ERR,ERR,ERR,ERR,ERR,ERR,ERR,ERR,ERR,ERR,ERR,ERR,ERR,ERR,ERR,ERR,ERR,ERR,ERR,ERR,ERR,ERR,ERR,ERR,ERR,ERR,ERR,ERR,ERR,ERR,ERR,ERR,ERR,ERR,ERR,ERR,ERR,ERR,ERR,ERR,ERR,ERR,ERR,ERR,ERR,ERR,ERR,ERR,ERR,2.7184278591402704e+23,0.0,-0.0,0.0,0.0,0.0,0.0,nan,0,0,0,32768,0,0.0,0,0.0,0.0,0.0,0.0,0.0,0,0,0,0,0.0,0,0,0,0,0,0,0,0,0,0,0,0,0,0,0,0,0,0,0,0,0,0,0,0,0,0,0,0,0,0,0,0,0,0,0,0,0,0,0,0,0,0,0,0,0.0,0.0,0.0,0.0,0.0,0.0,0.0,0.0,0.0,0.0,0.0,0.0,0.0,0.0,0.0,0.0,0.0,0.0,0.0,0.0,0.0,0.0,2.004,0.0,-0.0,0.0,0.0,0.0,0.0,0.0,3402.5,-3.697154467689818e+19,0.0,2.7184278591402704e+23,0.0,2.7184274988523002e+23,0.0,0.0,0.0,0.0,0.0,0,152018253512704.0,89220.062,0.0,0.0,0.0,0.0,0.0,0.0,0.0,0,0,0,0.0,0.0,0.0,0.0,0.0,0.0,0.0,0.0,0.0,0.0,0.0,0.0,0.0,0.0,0.0,0.0,0,-107875648.0,0,0.0,0,-107875648.0,-0.0,0,52429,17039,26215,17054,13107,17038,0,0,0,110,100,100,-0.0,64.0,0.0,64.5,0.0,69.0,1,49,50,180,13107,0,0,0,0.0,0.0,0.0,0.0,-0.0,65.0,0.0,226836348928.0,0.0,646,0,690,0,0,0,719,0,792,0,711,0,690,0,645,0,643,0,617,0.032,55836672.0,2.004,-107615152.0,50576,16787,-0.0,311938777088.0,-7.837783903825938e+28,-0.0,-5437702275072.0,-0.0,29.0,60.0,70,0.0,0.0,0.0,0.0,0.0,0.0,0.0,0.0,0.0,0.0,0.0,0.0,0.0,0.0,0.0,0.0,59.6,69,11,65508,41,65476,0,300,0,0,8,20529,65476,0,0,61604,60.0,0.0,0.0,0.0,0.0,0.0
2026-04-04T11:08:35,ERR,ERR,ERR,ERR,ERR,ERR,ERR,ERR,ERR,ERR,ERR,ERR,ERR,ERR,ERR,ERR,ERR,ERR,ERR,ERR,ERR,ERR,ERR,ERR,ERR,ERR,ERR,ERR,ERR,ERR,ERR,ERR,ERR,ERR,ERR,ERR,ERR,ERR,ERR,ERR,ERR,ERR,ERR,ERR,ERR,ERR,ERR,ERR,ERR,ERR,ERR,ERR,ERR,ERR,ERR,ERR,ERR,ERR,ERR,ERR,ERR,ERR,ERR,ERR,ERR,ERR,ERR,ERR,ERR,ERR,ERR,ERR,ERR,ERR,ERR,ERR,ERR,ERR,ERR,ERR,ERR,ERR,ERR,ERR,ERR,ERR,ERR,ERR,ERR,ERR,ERR,ERR,ERR,ERR,ERR,ERR,ERR,ERR,ERR,ERR,ERR,ERR,ERR,ERR,ERR,ERR,ERR,ERR,ERR,ERR,ERR,ERR,ERR,ERR,ERR,ERR,ERR,ERR,ERR,ERR,ERR,ERR,ERR,ERR,ERR,2.7184278591402704e+23,0.0,-0.0,0.0,0.0,0.0,0.0,nan,0,0,0,32768,0,0.0,0,0.0,0.0,0.0,0.0,0.0,0,0,0,0,0.0,0,0,0,0,0,0,0,0,0,0,0,0,0,0,0,0,0,0,0,0,0,0,0,0,0,0,0,0,0,0,0,0,0,0,0,0,0,0,0,0,0,0,0,0,0.0,0.0,0.0,0.0,0.0,0.0,0.0,0.0,0.0,0.0,0.0,0.0,0.0,0.0,0.0,0.0,0.0,0.0,0.0,0.0,0.0,0.0,0.0,0.0,-2.004,0.0,0.0,0.0,0.0,0.0,3418.5,0.0,0.0,2.7184278591402704e+23,0.0,-0.0,0.0,0.0,0.0,0.0,0.0,0,152018253512704.0,1.905674927650898e+17,0.0,0.0,0.0,0.0,0.0,0.0,0.0,0,0,0,0.0,0.0,0.0,0.0,0.0,0.0,0.0,0.0,0.0,0.0,0.0,0.0,0.0,0.0,0.0,0.0,0,-107875648.0,0,0.0,0,-107875648.0,-107877712.0,0,52429,17039,26215,17054,13107,17038,0,0,0,110,100,100,-0.0,64.0,0.0,64.5,0.0,69.0,1,49,50,180,13107,0,0,0,0.0,0.0,0.0,0.0,-0.0,65.0,0.0,226836348928.0,0.0,646,0,690,0,0,0,719,0,792,0,711,0,690,0,645,0,643,0,617,0.032,55836672.0,2.004,-107615152.0,50576,16787,-0.0,311938777088.0,-7.837783903825938e+28,-0.0,-5437702275072.0,-0.0,29.0,60.0,70,0.0,0.0,0.0,0.0,0.0,0.0,0.0,0.0,0.0,0.0,0.0,0.0,0.0,0.0,0.0,0.0,59.2,69,11,65508,41,65476,0,300,0,0,8,20529,65476,0,0,61604,60.0,0.0,0.0,0.0,0.0,0.0
2026-04-04T11:08:36,ERR,ERR,ERR,ERR,ERR,ERR,ERR,ERR,ERR,ERR,ERR,ERR,ERR,ERR,ERR,ERR,ERR,ERR,ERR,ERR,ERR,ERR,ERR,ERR,ERR,ERR,ERR,ERR,ERR,ERR,ERR,ERR,ERR,ERR,ERR,ERR,ERR,ERR,ERR,ERR,ERR,ERR,ERR,ERR,ERR,ERR,ERR,ERR,ERR,ERR,ERR,ERR,ERR,ERR,ERR,ERR,ERR,ERR,ERR,ERR,ERR,ERR,ERR,ERR,ERR,ERR,ERR,ERR,ERR,ERR,ERR,ERR,ERR,ERR,ERR,ERR,ERR,ERR,ERR,ERR,ERR,ERR,ERR,ERR,ERR,ERR,ERR,ERR,ERR,ERR,ERR,ERR,ERR,ERR,ERR,ERR,ERR,ERR,ERR,ERR,ERR,ERR,ERR,ERR,ERR,ERR,ERR,ERR,ERR,ERR,ERR,ERR,ERR,ERR,ERR,ERR,ERR,ERR,ERR,ERR,ERR,ERR,ERR,ERR,ERR,2.7184278591402704e+23,0.0,-0.0,0.0,0.0,0.0,0.0,nan,0,0,0,32768,0,0.0,0,0.0,0.0,0.0,0.0,0.0,0,0,0,0,0.0,0,0,0,0,0,0,0,0,0,0,0,0,0,0,0,0,0,0,0,0,0,0,0,0,0,0,0,0,0,0,0,0,0,0,0,0,0,0,0,0,0,0,0,0,0.0,0.0,0.0,0.0,0.0,0.0,0.0,0.0,0.0,0.0,0.0,0.0,0.0,0.0,0.0,0.0,0.0,0.0,0.0,0.0,0.0,0.0,0.0,0.0,-2.004,0.0,0.0,0.0,0.0,0.0,3418.5,0.0,0.0,2.7184278591402704e+23,0.0,-0.0,0.0,0.0,0.0,0.0,0.0,0,152018253512704.0,1.905674927650898e+17,0.0,0.0,0.0,0.0,0.0,0.0,0.0,0,0,0,0.0,0.0,0.0,0.0,0.0,0.0,0.0,0.0,0.0,0.0,0.0,0.0,0.0,0.0,0.0,0.0,0,-107875648.0,0,0.0,0,-107875648.0,-107877712.0,0,52429,17039,26215,17054,13107,17038,0,0,0,110,100,100,-0.0,64.0,0.0,64.5,0.0,69.0,1,49,50,180,13107,0,0,0,0.0,0.0,0.0,0.0,-0.0,65.0,0.0,226836348928.0,0.0,646,0,690,0,0,0,719,0,792,0,711,0,690,0,645,0,643,0,617,0.032,55836672.0,2.004,-107615152.0,50576,16787,-0.0,311938777088.0,-7.837783903825938e+28,-0.0,-5437702275072.0,-0.0,29.0,60.0,70,0.0,0.0,0.0,0.0,0.0,0.0,0.0,0.0,0.0,0.0,0.0,0.0,0.0,0.0,0.0,0.0,59.2,69,11,65508,41,65476,0,300,0,0,8,20529,65476,0,0,61604,60.0,0.0,0.0,0.0,0.0,0.0
2026-04-04T11:08:37,ERR,ERR,ERR,ERR,ERR,ERR,ERR,ERR,ERR,ERR,ERR,ERR,ERR,ERR,ERR,ERR,ERR,ERR,ERR,ERR,ERR,ERR,ERR,ERR,ERR,ERR,ERR,ERR,ERR,ERR,ERR,ERR,ERR,ERR,ERR,ERR,ERR,ERR,ERR,ERR,ERR,ERR,ERR,ERR,ERR,ERR,ERR,ERR,ERR,ERR,ERR,ERR,ERR,ERR,ERR,ERR,ERR,ERR,ERR,ERR,ERR,ERR,ERR,ERR,ERR,ERR,ERR,ERR,ERR,ERR,ERR,ERR,ERR,ERR,ERR,ERR,ERR,ERR,ERR,ERR,ERR,ERR,ERR,ERR,ERR,ERR,ERR,ERR,ERR,ERR,ERR,ERR,ERR,ERR,ERR,ERR,ERR,ERR,ERR,ERR,ERR,ERR,ERR,ERR,ERR,ERR,ERR,ERR,ERR,ERR,ERR,ERR,ERR,ERR,ERR,ERR,ERR,ERR,ERR,ERR,ERR,ERR,ERR,ERR,ERR,2.7184278591402704e+23,0.0,-0.0,0.0,0.0,0.0,0.0,nan,0,0,0,32768,0,0.0,0,0.0,0.0,0.0,0.0,0.0,0,0,0,0,0.0,0,0,0,0,0,0,0,0,0,0,0,0,0,0,0,0,0,0,0,0,0,0,0,0,0,0,0,0,0,0,0,0,0,0,0,0,0,0,0,0,0,0,0,0,0.0,0.0,0.0,0.0,0.0,0.0,0.0,0.0,0.0,0.0,0.0,0.0,0.0,0.0,0.0,0.0,0.0,0.0,0.0,0.0,0.0,0.0,0.0,0.0,-2.004,0.0,0.0,0.0,0.0,0.0,3418.5,0.0,0.0,2.7184278591402704e+23,0.0,-0.0,0.0,0.0,0.0,0.0,0.0,0,152018253512704.0,1.905674927650898e+17,0.0,0.0,0.0,0.0,0.0,0.0,0.0,0,0,0,0.0,0.0,0.0,0.0,0.0,0.0,0.0,0.0,0.0,0.0,0.0,0.0,0.0,0.0,0.0,0.0,0,-107875648.0,0,0.0,0,-107875648.0,-107877712.0,0,52429,17039,26215,17054,13107,17038,0,0,0,110,100,100,-0.0,64.0,0.0,64.5,0.0,69.0,1,49,50,180,13107,0,0,0,0.0,0.0,0.0,0.0,-0.0,65.0,0.0,226836348928.0,0.0,646,0,690,0,0,0,719,0,792,0,711,0,690,0,645,0,643,0,617,0.032,55836672.0,2.004,-107615152.0,50576,16787,-0.0,311938777088.0,-7.837783903825938e+28,-0.0,-5437702275072.0,-0.0,29.0,60.0,70,0.0,0.0,0.0,0.0,0.0,0.0,0.0,0.0,0.0,0.0,0.0,0.0,0.0,0.0,0.0,0.0,59.2,69,11,65508,41,65476,0,300,0,0,8,20529,65476,0,0,61604,60.0,0.0,0.0,0.0,0.0,0.0
2026-04-04T11:08:38,ERR,ERR,ERR,ERR,ERR,ERR,ERR,ERR,ERR,ERR,ERR,ERR,ERR,ERR,ERR,ERR,ERR,ERR,ERR,ERR,ERR,ERR,ERR,ERR,ERR,ERR,ERR,ERR,ERR,ERR,ERR,ERR,ERR,ERR,ERR,ERR,ERR,ERR,ERR,ERR,ERR,ERR,ERR,ERR,ERR,ERR,ERR,ERR,ERR,ERR,ERR,ERR,ERR,ERR,ERR,ERR,ERR,ERR,ERR,ERR,ERR,ERR,ERR,ERR,ERR,ERR,ERR,ERR,ERR,ERR,ERR,ERR,ERR,ERR,ERR,ERR,ERR,ERR,ERR,ERR,ERR,ERR,ERR,ERR,ERR,ERR,ERR,ERR,ERR,ERR,ERR,ERR,ERR,ERR,ERR,ERR,ERR,ERR,ERR,ERR,ERR,ERR,ERR,ERR,ERR,ERR,ERR,ERR,ERR,ERR,ERR,ERR,ERR,ERR,ERR,ERR,ERR,ERR,ERR,ERR,ERR,ERR,ERR,ERR,ERR,2.7184278591402704e+23,0.0,-0.0,0.0,0.0,0.0,0.0,nan,0,0,0,32768,0,0.0,0,0.0,0.0,0.0,0.0,0.0,0,0,0,0,0.0,0,0,0,0,0,0,0,0,0,0,0,0,0,0,0,0,0,0,0,0,0,0,0,0,0,0,0,0,0,0,0,0,0,0,0,0,0,0,0,0,0,0,0,0,0.0,0.0,0.0,0.0,0.0,0.0,0.0,0.0,0.0,0.0,0.0,0.0,0.0,0.0,0.0,0.0,0.0,0.0,0.0,0.0,0.0,0.0,0.0,0.0,-2.004,0.0,0.0,0.0,0.0,0.0,3418.5,0.0,0.0,2.7184278591402704e+23,0.0,-0.0,0.0,0.0,0.0,0.0,0.0,0,152018253512704.0,1.905674927650898e+17,0.0,0.0,0.0,0.0,0.0,0.0,0.0,0,0,0,0.0,0.0,0.0,0.0,0.0,0.0,0.0,0.0,0.0,0.0,0.0,0.0,0.0,0.0,0.0,0.0,0,-107875648.0,0,0.0,0,-107875648.0,-107877712.0,0,52429,17039,26215,17054,13107,17038,0,0,0,110,100,100,-0.0,64.0,0.0,64.5,0.0,69.0,1,49,50,180,13107,0,0,0,0.0,0.0,0.0,0.0,-0.0,65.0,0.0,226836348928.0,0.0,646,0,690,0,0,0,719,0,792,0,711,0,690,0,645,0,643,0,617,0.032,55836672.0,2.004,-107615152.0,50576,16787,-0.0,311938777088.0,-7.837783903825938e+28,-0.0,-5437702275072.0,-0.0,29.0,60.0,70,0.0,0.0,0.0,0.0,0.0,0.0,0.0,0.0,0.0,0.0,0.0,0.0,0.0,0.0,0.0,0.0,59.2,69,11,65508,41,65476,0,300,0,0,8,20529,65476,0,0,61604,60.0,0.0,0.0,0.0,0.0,0.0
2026-04-04T11:08:39,ERR,ERR,ERR,ERR,ERR,ERR,ERR,ERR,ERR,ERR,ERR,ERR,ERR,ERR,ERR,ERR,ERR,ERR,ERR,ERR,ERR,ERR,ERR,ERR,ERR,ERR,ERR,ERR,ERR,ERR,ERR,ERR,ERR,ERR,ERR,ERR,ERR,ERR,ERR,ERR,ERR,ERR,ERR,ERR,ERR,ERR,ERR,ERR,ERR,ERR,ERR,ERR,ERR,ERR,ERR,ERR,ERR,ERR,ERR,ERR,ERR,ERR,ERR,ERR,ERR,ERR,ERR,ERR,ERR,ERR,ERR,ERR,ERR,ERR,ERR,ERR,ERR,ERR,ERR,ERR,ERR,ERR,ERR,ERR,ERR,ERR,ERR,ERR,ERR,ERR,ERR,ERR,ERR,ERR,ERR,ERR,ERR,ERR,ERR,ERR,ERR,ERR,ERR,ERR,ERR,ERR,ERR,ERR,ERR,ERR,ERR,ERR,ERR,ERR,ERR,ERR,ERR,ERR,ERR,ERR,ERR,ERR,ERR,ERR,ERR,2.7184278591402704e+23,0.0,-0.0,0.0,0.0,0.0,0.0,nan,0,0,0,32768,0,0.0,0,0.0,0.0,0.0,0.0,0.0,0,0,0,0,0.0,0,0,0,0,0,0,0,0,0,0,0,0,0,0,0,0,0,0,0,0,0,0,0,0,0,0,0,0,0,0,0,0,0,0,0,0,0,0,0,0,0,0,0,0,0.0,0.0,0.0,0.0,0.0,0.0,0.0,0.0,0.0,0.0,0.0,0.0,0.0,0.0,0.0,0.0,0.0,0.0,0.0,0.0,0.0,0.0,0.0,0.0,-2.004,0.0,0.0,0.0,0.0,0.0,3418.5,0.0,0.0,2.7184278591402704e+23,0.0,-0.0,0.0,0.0,0.0,0.0,0.0,0,152018253512704.0,1.905674927650898e+17,0.0,0.0,0.0,0.0,0.0,0.0,0.0,0,0,0,0.0,0.0,0.0,0.0,0.0,0.0,0.0,0.0,0.0,0.0,0.0,0.0,0.0,0.0,0.0,0.0,0,-107875648.0,0,0.0,0,-107875648.0,-107877712.0,0,52429,17039,26215,17054,13107,17038,0,0,0,110,100,100,-0.0,64.0,0.0,64.5,0.0,69.0,1,49,50,180,13107,0,0,0,0.0,0.0,0.0,0.0,-0.0,65.0,0.0,1.973541836965319e+34,0.0,646,0,690,0,0,0,719,0,792,0,711,0,690,0,645,0,643,0,617,0.032,55836672.0,2.004,-107615152.0,45456,16787,1.5009618912706413e+35,1.973541836965319e+34,-2.6711175450547433e+23,0.0,-122818640.0,-0.0,29.0,60.0,70,0.0,0.0,0.0,0.0,0.0,0.0,0.0,0.0,0.0,0.0,0.0,0.0,0.0,0.0,0.0,0.0,59.6,69,11,65508,41,65476,0,300,0,0,8,20529,65476,0,0,61604,60.0,0.0,0.0,0.0,0.0,0.0
2026-04-04T11:08:40,ERR,ERR,ERR,ERR,ERR,ERR,ERR,ERR,ERR,ERR,ERR,ERR,ERR,ERR,ERR,ERR,ERR,ERR,ERR,ERR,ERR,ERR,ERR,ERR,ERR,ERR,ERR,ERR,ERR,ERR,ERR,ERR,ERR,ERR,ERR,ERR,ERR,ERR,ERR,ERR,ERR,ERR,ERR,ERR,ERR,ERR,ERR,ERR,ERR,ERR,ERR,ERR,ERR,ERR,ERR,ERR,ERR,ERR,ERR,ERR,ERR,ERR,ERR,ERR,ERR,ERR,ERR,ERR,ERR,ERR,ERR,ERR,ERR,ERR,ERR,ERR,ERR,ERR,ERR,ERR,ERR,ERR,ERR,ERR,ERR,ERR,ERR,ERR,ERR,ERR,ERR,ERR,ERR,ERR,ERR,ERR,ERR,ERR,ERR,ERR,ERR,ERR,ERR,ERR,ERR,ERR,ERR,ERR,ERR,ERR,ERR,ERR,ERR,ERR,ERR,ERR,ERR,ERR,ERR,ERR,ERR,ERR,ERR,ERR,ERR,2.7184278591402704e+23,0.0,-0.0,0.0,0.0,0.0,0.0,nan,0,0,0,32768,0,0.0,0,0.0,0.0,0.0,0.0,0.0,0,0,0,0,0.0,0,0,0,0,0,0,0,0,0,0,0,0,0,0,0,0,0,0,0,0,0,0,0,0,0,0,0,0,0,0,0,0,0,0,0,0,0,0,0,0,0,0,0,0,0.0,0.0,0.0,0.0,0.0,0.0,0.0,0.0,0.0,0.0,0.0,0.0,0.0,0.0,0.0,0.0,0.0,0.0,0.0,0.0,0.0,0.0,0.0,0.0,-2.004,0.0,0.0,0.0,0.0,0.0,3418.5,0.0,0.0,2.7184278591402704e+23,0.0,-0.0,0.0,0.0,0.0,0.0,0.0,0,152018253512704.0,1.905674927650898e+17,0.0,0.0,0.0,0.0,0.0,0.0,0.0,0,0,0,0.0,0.0,0.0,0.0,0.0,0.0,0.0,0.0,0.0,0.0,0.0,0.0,0.0,0.0,0.0,0.0,0,-107875648.0,0,0.0,0,-107875648.0,-107877712.0,0,52429,17039,26215,17054,13107,17038,0,0,0,110,100,100,-0.0,64.0,0.0,64.5,0.0,69.0,1,49,50,180,13107,0,0,0,0.0,0.0,0.0,0.0,-0.0,65.0,0.0,1.973541836965319e+34,0.0,646,0,690,0,0,0,719,0,792,0,711,0,690,0,645,0,643,0,617,0.032,55836672.0,2.004,-107615152.0,45456,16787,1.5009618912706413e+35,1.973541836965319e+34,-2.6711175450547433e+23,0.0,-122818640.0,-0.0,29.0,60.0,70,0.0,0.0,0.0,0.0,0.0,0.0,0.0,0.0,0.0,0.0,0.0,0.0,0.0,0.0,0.0,0.0,59.6,69,11,65508,41,65476,0,300,0,0,8,20529,65476,0,0,61604,60.0,0.0,0.0,0.0,0.0,0.0
2026-04-04T11:08:41,ERR,ERR,ERR,ERR,ERR,ERR,ERR,ERR,ERR,ERR,ERR,ERR,ERR,ERR,ERR,ERR,ERR,ERR,ERR,ERR,ERR,ERR,ERR,ERR,ERR,ERR,ERR,ERR,ERR,ERR,ERR,ERR,ERR,ERR,ERR,ERR,ERR,ERR,ERR,ERR,ERR,ERR,ERR,ERR,ERR,ERR,ERR,ERR,ERR,ERR,ERR,ERR,ERR,ERR,ERR,ERR,ERR,ERR,ERR,ERR,ERR,ERR,ERR,ERR,ERR,ERR,ERR,ERR,ERR,ERR,ERR,ERR,ERR,ERR,ERR,ERR,ERR,ERR,ERR,ERR,ERR,ERR,ERR,ERR,ERR,ERR,ERR,ERR,ERR,ERR,ERR,ERR,ERR,ERR,ERR,ERR,ERR,ERR,ERR,ERR,ERR,ERR,ERR,ERR,ERR,ERR,ERR,ERR,ERR,ERR,ERR,ERR,ERR,ERR,ERR,ERR,ERR,ERR,ERR,ERR,ERR,ERR,ERR,ERR,ERR,2.7184278591402704e+23,0.0,-0.0,0.0,0.0,0.0,0.0,nan,0,0,0,32768,0,0.0,0,0.0,0.0,0.0,0.0,0.0,0,0,0,0,0.0,0,0,0,0,0,0,0,0,0,0,0,0,0,0,0,0,0,0,0,0,0,0,0,0,0,0,0,0,0,0,0,0,0,0,0,0,0,0,0,0,0,0,0,0,0.0,0.0,0.0,0.0,0.0,0.0,0.0,0.0,0.0,0.0,0.0,0.0,0.0,0.0,0.0,0.0,0.0,0.0,0.0,0.0,0.0,0.0,0.0,0.0,-2.004,0.0,0.0,0.0,0.0,0.0,3418.0,0.0,0.0,2.7184278591402704e+23,0.0,2.7184274988523002e+23,0.0,0.0,0.0,0.0,0.0,0,107615248.0,0.0,0.0,0.0,0.0,0.0,0.0,0.0,0.0,0,0,0,0.0,0.0,0.0,0.0,0.0,0.0,0.0,0.0,0.0,0.0,0.0,0.0,0.0,0.0,0.0,0.0,0,-107875648.0,0,0.0,0,-107875648.0,-107877712.0,0,52429,17039,26215,17054,13107,17038,0,0,0,110,100,100,-0.0,64.0,0.0,64.5,0.0,69.0,1,49,50,180,13107,0,0,0,0.0,0.0,0.0,0.0,-0.0,65.0,0.0,1.973541836965319e+34,0.0,646,0,690,0,0,0,719,0,792,0,711,0,690,0,645,0,643,0,617,0.032,55836672.0,2.004,-107615152.0,45456,16787,1.5009618912706413e+35,1.973541836965319e+34,-2.6711175450547433e+23,0.0,-122818640.0,-0.0,29.0,60.0,70,0.0,0.0,0.0,0.0,0.0,0.0,0.0,0.0,0.0,0.0,0.0,0.0,0.0,0.0,0.0,0.0,59.6,69,11,65508,41,65476,0,300,0,0,8,20529,65476,0,0,61604,60.0,0.0,0.0,0.0,0.0,0.0
2026-04-04T11:08:42,ERR,ERR,ERR,ERR,ERR,ERR,ERR,ERR,ERR,ERR,ERR,ERR,ERR,ERR,ERR,ERR,ERR,ERR,ERR,ERR,ERR,ERR,ERR,ERR,ERR,ERR,ERR,ERR,ERR,ERR,ERR,ERR,ERR,ERR,ERR,ERR,ERR,ERR,ERR,ERR,ERR,ERR,ERR,ERR,ERR,ERR,ERR,ERR,ERR,ERR,ERR,ERR,ERR,ERR,ERR,ERR,ERR,ERR,ERR,ERR,ERR,ERR,ERR,ERR,ERR,ERR,ERR,ERR,ERR,ERR,ERR,ERR,ERR,ERR,ERR,ERR,ERR,ERR,ERR,ERR,ERR,ERR,ERR,ERR,ERR,ERR,ERR,ERR,ERR,ERR,ERR,ERR,ERR,ERR,ERR,ERR,ERR,ERR,ERR,ERR,ERR,ERR,ERR,ERR,ERR,ERR,ERR,ERR,ERR,ERR,ERR,ERR,ERR,ERR,ERR,ERR,ERR,ERR,ERR,ERR,ERR,ERR,ERR,ERR,ERR,2.7184278591402704e+23,0.0,-0.0,0.0,0.0,0.0,0.0,nan,0,0,0,32768,0,0.0,0,0.0,0.0,0.0,0.0,0.0,0,0,0,0,0.0,0,0,0,0,0,0,0,0,0,0,0,0,0,0,0,0,0,0,0,0,0,0,0,0,0,0,0,0,0,0,0,0,0,0,0,0,0,0,0,0,0,0,0,0,0.0,0.0,0.0,0.0,0.0,0.0,0.0,0.0,0.0,0.0,0.0,0.0,0.0,0.0,0.0,0.0,0.0,0.0,0.0,0.0,0.0,0.0,0.0,0.0,-2.004,0.0,0.0,0.0,0.0,0.0,3418.0,0.0,0.0,2.7184278591402704e+23,0.0,2.7184274988523002e+23,0.0,0.0,0.0,0.0,0.0,0,107615248.0,0.0,0.0,0.0,0.0,0.0,0.0,0.0,0.0,0,0,0,0.0,0.0,0.0,0.0,0.0,0.0,0.0,0.0,0.0,0.0,0.0,0.0,0.0,0.0,0.0,0.0,0,-107875648.0,0,0.0,0,-107875648.0,-107877712.0,0,52429,17039,26215,17054,13107,17038,0,0,0,110,100,100,-0.0,64.0,0.0,64.5,0.0,69.0,1,49,50,180,13107,0,0,0,0.0,0.0,0.0,0.0,-0.0,65.0,0.0,1.973541836965319e+34,0.0,646,0,690,0,0,0,719,0,792,0,711,0,690,0,645,0,643,0,617,0.032,55836672.0,2.004,-107615152.0,45456,16787,1.5009618912706413e+35,1.973541836965319e+34,-2.6711175450547433e+23,0.0,-122818640.0,-0.0,29.0,60.0,70,0.0,0.0,0.0,0.0,0.0,0.0,0.0,0.0,0.0,0.0,0.0,0.0,0.0,0.0,0.0,0.0,59.6,69,11,65508,41,65476,0,300,0,0,8,20529,65476,0,0,61604,60.0,0.0,0.0,0.0,0.0,0.0
2026-04-04T11:08:43,ERR,ERR,ERR,ERR,ERR,ERR,ERR,ERR,ERR,ERR,ERR,ERR,ERR,ERR,ERR,ERR,ERR,ERR,ERR,ERR,ERR,ERR,ERR,ERR,ERR,ERR,ERR,ERR,ERR,ERR,ERR,ERR,ERR,ERR,ERR,ERR,ERR,ERR,ERR,ERR,ERR,ERR,ERR,ERR,ERR,ERR,ERR,ERR,ERR,ERR,ERR,ERR,ERR,ERR,ERR,ERR,ERR,ERR,ERR,ERR,ERR,ERR,ERR,ERR,ERR,ERR,ERR,ERR,ERR,ERR,ERR,ERR,ERR,ERR,ERR,ERR,ERR,ERR,ERR,ERR,ERR,ERR,ERR,ERR,ERR,ERR,ERR,ERR,ERR,ERR,ERR,ERR,ERR,ERR,ERR,ERR,ERR,ERR,ERR,ERR,ERR,ERR,ERR,ERR,ERR,ERR,ERR,ERR,ERR,ERR,ERR,ERR,ERR,ERR,ERR,ERR,ERR,ERR,ERR,ERR,ERR,ERR,ERR,ERR,ERR,2.7184278591402704e+23,0.0,-0.0,0.0,0.0,0.0,0.0,nan,0,0,0,32768,0,0.0,0,0.0,0.0,0.0,0.0,0.0,0,0,0,0,0.0,0,0,0,0,0,0,0,0,0,0,0,0,0,0,0,0,0,0,0,0,0,0,0,0,0,0,0,0,0,0,0,0,0,0,0,0,0,0,0,0,0,0,0,0,0.0,0.0,0.0,0.0,0.0,0.0,0.0,0.0,0.0,0.0,0.0,0.0,0.0,0.0,0.0,0.0,0.0,0.0,0.0,0.0,0.0,0.0,0.0,0.0,-2.004,0.0,0.0,0.0,0.0,0.0,3418.0,0.0,0.0,2.7184278591402704e+23,0.0,2.7184274988523002e+23,0.0,0.0,0.0,0.0,0.0,0,107615248.0,0.0,0.0,0.0,0.0,0.0,0.0,0.0,0.0,0,0,0,0.0,0.0,0.0,0.0,0.0,0.0,0.0,0.0,0.0,0.0,0.0,0.0,0.0,0.0,0.0,0.0,0,-107875648.0,0,0.0,0,-107875648.0,-107877712.0,0,52429,17039,26215,17054,13107,17038,0,0,0,110,100,100,-0.0,64.0,0.0,64.5,0.0,69.0,1,49,50,180,13107,0,0,0,0.0,0.0,0.0,0.0,3.808097593435878e+30,65.0,0.0,0.0,0.0,646,0,690,0,0,0,719,0,792,0,711,0,690,0,645,0,643,0,617,0.032,55836672.0,2.004,-107615152.0,61328,16787,9.982699355336548e+35,0.007,-0.0,-1.0909459923909738e+20,-0.0,2.255875354310545e+27,29.0,60.0,70,0.0,0.0,0.0,0.0,0.0,0.0,0.0,0.0,0.0,0.0,0.0,0.0,0.0,0.0,0.0,0.0,59.6,69,11,65508,41,65476,0,300,0,0,8,20529,65476,0,0,61604,60.0,0.0,0.0,0.0,0.0,0.0
2026-04-04T11:08:44,ERR,ERR,ERR,ERR,ERR,ERR,ERR,ERR,ERR,ERR,ERR,ERR,ERR,ERR,ERR,ERR,ERR,ERR,ERR,ERR,ERR,ERR,ERR,ERR,ERR,ERR,ERR,ERR,ERR,ERR,ERR,ERR,ERR,ERR,ERR,ERR,ERR,ERR,ERR,ERR,ERR,ERR,ERR,ERR,ERR,ERR,ERR,ERR,ERR,ERR,ERR,ERR,ERR,ERR,ERR,ERR,ERR,ERR,ERR,ERR,ERR,ERR,ERR,ERR,ERR,ERR,ERR,ERR,ERR,ERR,ERR,ERR,ERR,ERR,ERR,ERR,ERR,ERR,ERR,ERR,ERR,ERR,ERR,ERR,ERR,ERR,ERR,ERR,ERR,ERR,ERR,ERR,ERR,ERR,ERR,ERR,ERR,ERR,ERR,ERR,ERR,ERR,ERR,ERR,ERR,ERR,ERR,ERR,ERR,ERR,ERR,ERR,ERR,ERR,ERR,ERR,ERR,ERR,ERR,ERR,ERR,ERR,ERR,ERR,ERR,2.7184278591402704e+23,0.0,-0.0,0.0,0.0,0.0,0.0,nan,0,0,0,32768,0,0.0,0,0.0,0.0,0.0,0.0,0.0,0,0,0,0,0.0,0,0,0,0,0,0,0,0,0,0,0,0,0,0,0,0,0,0,0,0,0,0,0,0,0,0,0,0,0,0,0,0,0,0,0,0,0,0,0,0,0,0,0,0,0.0,0.0,0.0,0.0,0.0,0.0,0.0,0.0,0.0,0.0,0.0,0.0,0.0,0.0,0.0,0.0,0.0,0.0,0.0,0.0,0.0,0.0,0.0,0.0,-2.004,0.0,0.0,0.0,0.0,0.0,3418.0,0.0,0.0,2.7184278591402704e+23,0.0,2.7184274988523002e+23,0.0,0.0,0.0,0.0,0.0,0,107615248.0,0.0,0.0,0.0,0.0,0.0,0.0,0.0,0.0,0,0,0,0.0,0.0,0.0,0.0,0.0,0.0,0.0,0.0,0.0,0.0,0.0,0.0,0.0,0.0,0.0,0.0,0,-107875648.0,0,0.0,0,-107875648.0,-107877712.0,0,52429,17039,26215,17054,13107,17038,0,0,0,110,100,100,-0.0,64.0,0.0,64.5,0.0,69.0,1,49,50,180,13107,0,0,0,0.0,0.0,0.0,0.0,3.808097593435878e+30,65.0,0.0,0.0,0.0,646,0,690,0,0,0,719,0,792,0,711,0,690,0,645,0,643,0,617,0.032,55836672.0,2.004,-107615152.0,61328,16787,9.982699355336548e+35,0.007,-0.0,-1.0909459923909738e+20,-0.0,2.255875354310545e+27,29.0,60.0,70,0.0,0.0,0.0,0.0,0.0,0.0,0.0,0.0,0.0,0.0,0.0,0.0,0.0,0.0,0.0,0.0,59.6,69,11,65508,41,65476,0,300,0,0,8,20529,65476,0,0,61604,60.0,0.0,0.0,0.0,0.0,0.0
2026-04-04T11:08:45,ERR,ERR,ERR,ERR,ERR,ERR,ERR,ERR,ERR,ERR,ERR,ERR,ERR,ERR,ERR,ERR,ERR,ERR,ERR,ERR,ERR,ERR,ERR,ERR,ERR,ERR,ERR,ERR,ERR,ERR,ERR,ERR,ERR,ERR,ERR,ERR,ERR,ERR,ERR,ERR,ERR,ERR,ERR,ERR,ERR,ERR,ERR,ERR,ERR,ERR,ERR,ERR,ERR,ERR,ERR,ERR,ERR,ERR,ERR,ERR,ERR,ERR,ERR,ERR,ERR,ERR,ERR,ERR,ERR,ERR,ERR,ERR,ERR,ERR,ERR,ERR,ERR,ERR,ERR,ERR,ERR,ERR,ERR,ERR,ERR,ERR,ERR,ERR,ERR,ERR,ERR,ERR,ERR,ERR,ERR,ERR,ERR,ERR,ERR,ERR,ERR,ERR,ERR,ERR,ERR,ERR,ERR,ERR,ERR,ERR,ERR,ERR,ERR,ERR,ERR,ERR,ERR,ERR,ERR,ERR,ERR,ERR,ERR,ERR,ERR,2.7184278591402704e+23,0.0,-0.0,0.0,0.0,0.0,0.0,nan,0,0,0,32768,0,0.0,0,0.0,0.0,0.0,0.0,0.0,0,0,0,0,0.0,0,0,0,0,0,0,0,0,0,0,0,0,0,0,0,0,0,0,0,0,0,0,0,0,0,0,0,0,0,0,0,0,0,0,0,0,0,0,0,0,0,0,0,0,0.0,0.0,0.0,0.0,0.0,0.0,0.0,0.0,0.0,0.0,0.0,0.0,0.0,0.0,0.0,0.0,0.0,0.0,0.0,0.0,0.0,0.0,0.0,0.0,-2.004,0.0,0.0,0.0,0.0,0.0,3418.0,0.0,0.0,2.7184278591402704e+23,0.0,2.7184274988523002e+23,0.0,0.0,0.0,0.0,0.0,0,107615248.0,0.0,0.0,0.0,0.0,0.0,0.0,0.0,0.0,0,0,0,0.0,0.0,0.0,0.0,0.0,0.0,0.0,0.0,0.0,0.0,0.0,0.0,0.0,0.0,0.0,0.0,0,-107875648.0,0,0.0,0,-107875648.0,-107877712.0,0,52429,17039,26215,17054,13107,17038,0,0,0,110,100,100,-0.0,64.0,0.0,64.5,0.0,69.0,1,49,50,180,13107,0,0,0,0.0,0.0,0.0,0.0,3.808097593435878e+30,65.0,0.0,0.0,0.0,646,0,690,0,0,0,719,0,792,0,711,0,690,0,645,0,643,0,617,0.032,55836672.0,2.004,-107615152.0,61328,16787,9.982699355336548e+35,0.007,-0.0,-1.0909459923909738e+20,-0.0,2.255875354310545e+27,29.0,60.0,70,0.0,0.0,0.0,0.0,0.0,0.0,0.0,0.0,0.0,0.0,0.0,0.0,0.0,0.0,0.0,0.0,59.2,69,11,65508,41,65476,0,300,0,0,8,20529,65476,0,0,61604,60.0,0.0,0.0,0.0,0.0,0.0
2026-04-04T11:08:46,ERR,ERR,ERR,ERR,ERR,ERR,ERR,ERR,ERR,ERR,ERR,ERR,ERR,ERR,ERR,ERR,ERR,ERR,ERR,ERR,ERR,ERR,ERR,ERR,ERR,ERR,ERR,ERR,ERR,ERR,ERR,ERR,ERR,ERR,ERR,ERR,ERR,ERR,ERR,ERR,ERR,ERR,ERR,ERR,ERR,ERR,ERR,ERR,ERR,ERR,ERR,ERR,ERR,ERR,ERR,ERR,ERR,ERR,ERR,ERR,ERR,ERR,ERR,ERR,ERR,ERR,ERR,ERR,ERR,ERR,ERR,ERR,ERR,ERR,ERR,ERR,ERR,ERR,ERR,ERR,ERR,ERR,ERR,ERR,ERR,ERR,ERR,ERR,ERR,ERR,ERR,ERR,ERR,ERR,ERR,ERR,ERR,ERR,ERR,ERR,ERR,ERR,ERR,ERR,ERR,ERR,ERR,ERR,ERR,ERR,ERR,ERR,ERR,ERR,ERR,ERR,ERR,ERR,ERR,ERR,ERR,ERR,ERR,ERR,ERR,2.7184278591402704e+23,0.0,-0.0,0.0,0.0,0.0,0.0,nan,0,0,0,32768,0,0.0,0,0.0,0.0,0.0,0.0,0.0,0,0,0,0,0.0,0,0,0,0,0,0,0,0,0,0,0,0,0,0,0,0,0,0,0,0,0,0,0,0,0,0,0,0,0,0,0,0,0,0,0,0,0,0,0,0,0,0,0,0,0.0,0.0,0.0,0.0,0.0,0.0,0.0,0.0,0.0,0.0,0.0,0.0,0.0,0.0,0.0,0.0,0.0,0.0,0.0,0.0,0.0,0.0,0.0,0.0,-2.004,0.0,0.0,0.0,0.0,0.0,3418.0,0.0,0.0,2.7184278591402704e+23,0.0,2.7184274988523002e+23,0.0,0.0,0.0,0.0,0.0,0,107615248.0,0.0,0.0,0.0,0.0,0.0,0.0,0.0,0.0,0,0,0,0.0,0.0,0.0,0.0,0.0,0.0,0.0,0.0,0.0,0.0,0.0,0.0,0.0,0.0,0.0,0.0,0,-107875648.0,0,0.0,0,-107875648.0,-107877712.0,0,52429,17039,26215,17054,13107,17038,0,0,0,110,100,100,-0.0,64.0,0.0,64.5,0.0,69.0,1,49,50,180,13107,0,0,0,0.0,0.0,0.0,0.0,3.808097593435878e+30,65.0,0.0,0.0,0.0,646,0,690,0,0,0,719,0,792,0,711,0,690,0,645,0,643,0,617,0.032,55836672.0,2.004,-107615152.0,61328,16787,9.982699355336548e+35,0.007,-0.0,-1.0909459923909738e+20,-0.0,2.255875354310545e+27,29.0,60.0,70,0.0,0.0,0.0,0.0,0.0,0.0,0.0,0.0,0.0,0.0,0.0,0.0,0.0,0.0,0.0,0.0,59.2,69,11,65508,41,65476,0,300,0,0,8,20529,65476,0,0,61604,60.0,0.0,0.0,0.0,0.0,0.0
2026-04-04T11:08:47,ERR,ERR,ERR,ERR,ERR,ERR,ERR,ERR,ERR,ERR,ERR,ERR,ERR,ERR,ERR,ERR,ERR,ERR,ERR,ERR,ERR,ERR,ERR,ERR,ERR,ERR,ERR,ERR,ERR,ERR,ERR,ERR,ERR,ERR,ERR,ERR,ERR,ERR,ERR,ERR,ERR,ERR,ERR,ERR,ERR,ERR,ERR,ERR,ERR,ERR,ERR,ERR,ERR,ERR,ERR,ERR,ERR,ERR,ERR,ERR,ERR,ERR,ERR,ERR,ERR,ERR,ERR,ERR,ERR,ERR,ERR,ERR,ERR,ERR,ERR,ERR,ERR,ERR,ERR,ERR,ERR,ERR,ERR,ERR,ERR,ERR,ERR,ERR,ERR,ERR,ERR,ERR,ERR,ERR,ERR,ERR,ERR,ERR,ERR,ERR,ERR,ERR,ERR,ERR,ERR,ERR,ERR,ERR,ERR,ERR,ERR,ERR,ERR,ERR,ERR,ERR,ERR,ERR,ERR,ERR,ERR,ERR,ERR,ERR,ERR,2.7184278591402704e+23,0.0,-0.0,0.0,0.0,0.0,0.0,nan,0,0,0,32768,0,0.0,0,0.0,0.0,0.0,0.0,0.0,0,0,0,0,0.0,0,0,0,0,0,0,0,0,0,0,0,0,0,0,0,0,0,0,0,0,0,0,0,0,0,0,0,0,0,0,0,0,0,0,0,0,0,0,0,0,0,0,0,0,0.0,0.0,0.0,0.0,0.0,0.0,0.0,0.0,0.0,0.0,0.0,0.0,0.0,0.0,0.0,0.0,0.0,0.0,0.0,0.0,0.0,0.0,0.0,0.0,-0.0,0.0,0.0,0.0,0.0,0.0,3404.0,-0.0,0.0,2.7184278591402704e+23,0.0,-0.0,0.0,0.0,0.0,0.0,0.0,0,1.9056958870913024e+17,0.0,0.0,0.0,0.0,0.0,0.0,0.0,0.0,0,0,0,0.0,0.0,0.0,0.0,0.0,0.0,0.0,0.0,0.0,0.0,0.0,0.0,0.0,0.0,0.0,0.0,0,-107875648.0,0,0.0,0,-107875648.0,-107877712.0,0,52429,17039,26215,17054,13107,17038,0,0,0,110,100,100,-0.0,64.0,0.0,64.5,0.0,69.0,1,49,50,180,13107,0,0,0,0.0,0.0,0.0,0.0,-0.0,65.0,0.0,0.019,0.0,646,0,690,0,0,0,719,0,792,0,711,0,690,0,645,0,643,0,617,0.032,55574528.0,2.004,-107615152.0,50576,16787,-0.0,0.0,-0.0,0.0,-0.0,-0.0,29.0,60.0,70,0.0,0.0,0.0,0.0,0.0,0.0,0.0,0.0,0.0,0.0,0.0,0.0,0.0,0.0,0.0,0.0,59.6,69,11,65508,41,65476,0,300,0,0,8,20529,65476,0,0,61604,60.0,0.0,0.0,0.0,0.0,0.0
2026-04-04T11:08:48,ERR,ERR,ERR,ERR,ERR,ERR,ERR,ERR,ERR,ERR,ERR,ERR,ERR,ERR,ERR,ERR,ERR,ERR,ERR,ERR,ERR,ERR,ERR,ERR,ERR,ERR,ERR,ERR,ERR,ERR,ERR,ERR,ERR,ERR,ERR,ERR,ERR,ERR,ERR,ERR,ERR,ERR,ERR,ERR,ERR,ERR,ERR,ERR,ERR,ERR,ERR,ERR,ERR,ERR,ERR,ERR,ERR,ERR,ERR,ERR,ERR,ERR,ERR,ERR,ERR,ERR,ERR,ERR,ERR,ERR,ERR,ERR,ERR,ERR,ERR,ERR,ERR,ERR,ERR,ERR,ERR,ERR,ERR,ERR,ERR,ERR,ERR,ERR,ERR,ERR,ERR,ERR,ERR,ERR,ERR,ERR,ERR,ERR,ERR,ERR,ERR,ERR,ERR,ERR,ERR,ERR,ERR,ERR,ERR,ERR,ERR,ERR,ERR,ERR,ERR,ERR,ERR,ERR,ERR,ERR,ERR,ERR,ERR,ERR,ERR,2.7184278591402704e+23,0.0,-0.0,0.0,0.0,0.0,0.0,nan,0,0,0,32768,0,0.0,0,0.0,0.0,0.0,0.0,0.0,0,0,0,0,0.0,0,0,0,0,0,0,0,0,0,0,0,0,0,0,0,0,0,0,0,0,0,0,0,0,0,0,0,0,0,0,0,0,0,0,0,0,0,0,0,0,0,0,0,0,0.0,0.0,0.0,0.0,0.0,0.0,0.0,0.0,0.0,0.0,0.0,0.0,0.0,0.0,0.0,0.0,0.0,0.0,0.0,0.0,0.0,0.0,0.0,0.0,-0.0,0.0,0.0,0.0,0.0,0.0,3404.0,-0.0,0.0,2.7184278591402704e+23,0.0,-0.0,0.0,0.0,0.0,0.0,0.0,0,1.9056958870913024e+17,0.0,0.0,0.0,0.0,0.0,0.0,0.0,0.0,0,0,0,0.0,0.0,0.0,0.0,0.0,0.0,0.0,0.0,0.0,0.0,0.0,0.0,0.0,0.0,0.0,0.0,0,-107875648.0,0,0.0,0,-107875648.0,-107877712.0,0,52429,17039,26215,17054,13107,17038,0,0,0,110,100,100,-0.0,64.0,0.0,64.5,0.0,69.0,1,49,50,180,13107,0,0,0,0.0,0.0,0.0,0.0,-0.0,65.0,0.0,0.019,0.0,646,0,690,0,0,0,719,0,792,0,711,0,690,0,645,0,643,0,617,0.032,55574528.0,2.004,-107615152.0,50576,16787,-0.0,0.0,-0.0,0.0,-0.0,-0.0,29.0,60.0,70,0.0,0.0,0.0,0.0,0.0,0.0,0.0,0.0,0.0,0.0,0.0,0.0,0.0,0.0,0.0,0.0,59.6,69,11,65508,41,65476,0,300,0,0,8,20529,65476,0,0,61604,60.0,0.0,0.0,0.0,0.0,0.0
2026-04-04T11:08:49,ERR,ERR,ERR,ERR,ERR,ERR,ERR,ERR,ERR,ERR,ERR,ERR,ERR,ERR,ERR,ERR,ERR,ERR,ERR,ERR,ERR,ERR,ERR,ERR,ERR,ERR,ERR,ERR,ERR,ERR,ERR,ERR,ERR,ERR,ERR,ERR,ERR,ERR,ERR,ERR,ERR,ERR,ERR,ERR,ERR,ERR,ERR,ERR,ERR,ERR,ERR,ERR,ERR,ERR,ERR,ERR,ERR,ERR,ERR,ERR,ERR,ERR,ERR,ERR,ERR,ERR,ERR,ERR,ERR,ERR,ERR,ERR,ERR,ERR,ERR,ERR,ERR,ERR,ERR,ERR,ERR,ERR,ERR,ERR,ERR,ERR,ERR,ERR,ERR,ERR,ERR,ERR,ERR,ERR,ERR,ERR,ERR,ERR,ERR,ERR,ERR,ERR,ERR,ERR,ERR,ERR,ERR,ERR,ERR,ERR,ERR,ERR,ERR,ERR,ERR,ERR,ERR,ERR,ERR,ERR,ERR,ERR,ERR,ERR,ERR,2.7184278591402704e+23,0.0,-0.0,0.0,0.0,0.0,0.0,nan,0,0,0,32768,0,0.0,0,0.0,0.0,0.0,0.0,0.0,0,0,0,0,0.0,0,0,0,0,0,0,0,0,0,0,0,0,0,0,0,0,0,0,0,0,0,0,0,0,0,0,0,0,0,0,0,0,0,0,0,0,0,0,0,0,0,0,0,0,0.0,0.0,0.0,0.0,0.0,0.0,0.0,0.0,0.0,0.0,0.0,0.0,0.0,0.0,0.0,0.0,0.0,0.0,0.0,0.0,0.0,0.0,0.0,0.0,-0.0,0.0,0.0,0.0,0.0,0.0,3404.0,-0.0,0.0,2.7184278591402704e+23,0.0,-0.0,0.0,0.0,0.0,0.0,0.0,0,1.9056958870913024e+17,0.0,0.0,0.0,0.0,0.0,0.0,0.0,0.0,0,0,0,0.0,0.0,0.0,0.0,0.0,0.0,0.0,0.0,0.0,0.0,0.0,0.0,0.0,0.0,0.0,0.0,0,-107875648.0,0,0.0,0,-107875648.0,-107877712.0,0,52429,17039,26215,17054,13107,17038,0,0,0,110,100,100,-0.0,64.0,0.0,64.5,0.0,69.0,1,49,50,180,13107,0,0,0,0.0,0.0,0.0,0.0,-0.0,65.0,0.0,0.019,0.0,646,0,690,0,0,0,719,0,792,0,711,0,690,0,645,0,643,0,617,0.032,55574528.0,2.004,-107615152.0,50576,16787,-0.0,0.0,-0.0,0.0,-0.0,-0.0,29.0,60.0,70,0.0,0.0,0.0,0.0,0.0,0.0,0.0,0.0,0.0,0.0,0.0,0.0,0.0,0.0,0.0,0.0,59.2,69,11,65508,41,65476,0,300,0,0,8,20529,65476,0,0,61604,60.0,0.0,0.0,0.0,0.0,0.0
2026-04-04T11:08:50,ERR,ERR,ERR,ERR,ERR,ERR,ERR,ERR,ERR,ERR,ERR,ERR,ERR,ERR,ERR,ERR,ERR,ERR,ERR,ERR,ERR,ERR,ERR,ERR,ERR,ERR,ERR,ERR,ERR,ERR,ERR,ERR,ERR,ERR,ERR,ERR,ERR,ERR,ERR,ERR,ERR,ERR,ERR,ERR,ERR,ERR,ERR,ERR,ERR,ERR,ERR,ERR,ERR,ERR,ERR,ERR,ERR,ERR,ERR,ERR,ERR,ERR,ERR,ERR,ERR,ERR,ERR,ERR,ERR,ERR,ERR,ERR,ERR,ERR,ERR,ERR,ERR,ERR,ERR,ERR,ERR,ERR,ERR,ERR,ERR,ERR,ERR,ERR,ERR,ERR,ERR,ERR,ERR,ERR,ERR,ERR,ERR,ERR,ERR,ERR,ERR,ERR,ERR,ERR,ERR,ERR,ERR,ERR,ERR,ERR,ERR,ERR,ERR,ERR,ERR,ERR,ERR,ERR,ERR,ERR,ERR,ERR,ERR,ERR,ERR,2.7184278591402704e+23,0.0,-0.0,0.0,0.0,0.0,0.0,nan,0,0,0,32768,0,0.0,0,0.0,0.0,0.0,0.0,0.0,0,0,0,0,0.0,0,0,0,0,0,0,0,0,0,0,0,0,0,0,0,0,0,0,0,0,0,0,0,0,0,0,0,0,0,0,0,0,0,0,0,0,0,0,0,0,0,0,0,0,0.0,0.0,0.0,0.0,0.0,0.0,0.0,0.0,0.0,0.0,0.0,0.0,0.0,0.0,0.0,0.0,0.0,0.0,0.0,0.0,0.0,0.0,0.0,0.0,-0.0,0.0,0.0,0.0,0.0,0.0,3404.0,-0.0,0.0,2.7184278591402704e+23,0.0,-0.0,0.0,0.0,0.0,0.0,0.0,0,1.9056958870913024e+17,0.0,0.0,0.0,0.0,0.0,0.0,0.0,0.0,0,0,0,0.0,0.0,0.0,0.0,0.0,0.0,0.0,0.0,0.0,0.0,0.0,0.0,0.0,0.0,0.0,0.0,0,-107875648.0,0,0.0,0,-107875648.0,-107877712.0,0,52429,17039,26215,17054,13107,17038,0,0,0,110,100,100,-0.0,64.0,0.0,64.5,0.0,69.0,1,49,50,180,13107,0,0,0,0.0,0.0,0.0,0.0,-0.0,65.0,0.0,0.019,0.0,646,0,690,0,0,0,719,0,792,0,711,0,690,0,645,0,643,0,617,0.032,55574528.0,2.004,-107615152.0,50576,16787,-0.0,0.0,-0.0,0.0,-0.0,-0.0,29.0,60.0,70,0.0,0.0,0.0,0.0,0.0,0.0,0.0,0.0,0.0,0.0,0.0,0.0,0.0,0.0,0.0,0.0,59.2,69,11,65508,41,65476,0,300,0,0,8,20529,65476,0,0,61604,60.0,0.0,0.0,0.0,0.0,0.0
2026-04-04T11:08:51,ERR,ERR,ERR,ERR,ERR,ERR,ERR,ERR,ERR,ERR,ERR,ERR,ERR,ERR,ERR,ERR,ERR,ERR,ERR,ERR,ERR,ERR,ERR,ERR,ERR,ERR,ERR,ERR,ERR,ERR,ERR,ERR,ERR,ERR,ERR,ERR,ERR,ERR,ERR,ERR,ERR,ERR,ERR,ERR,ERR,ERR,ERR,ERR,ERR,ERR,ERR,ERR,ERR,ERR,ERR,ERR,ERR,ERR,ERR,ERR,ERR,ERR,ERR,ERR,ERR,ERR,ERR,ERR,ERR,ERR,ERR,ERR,ERR,ERR,ERR,ERR,ERR,ERR,ERR,ERR,ERR,ERR,ERR,ERR,ERR,ERR,ERR,ERR,ERR,ERR,ERR,ERR,ERR,ERR,ERR,ERR,ERR,ERR,ERR,ERR,ERR,ERR,ERR,ERR,ERR,ERR,ERR,ERR,ERR,ERR,ERR,ERR,ERR,ERR,ERR,ERR,ERR,ERR,ERR,ERR,ERR,ERR,ERR,ERR,ERR,2.7184278591402704e+23,0.0,-0.0,0.0,0.0,0.0,0.0,nan,0,0,0,32768,0,0.0,0,0.0,0.0,0.0,0.0,0.0,0,0,0,0,0.0,0,0,0,0,0,0,0,0,0,0,0,0,0,0,0,0,0,0,0,0,0,0,0,0,0,0,0,0,0,0,0,0,0,0,0,0,0,0,0,0,0,0,0,0,0.0,0.0,0.0,0.0,0.0,0.0,0.0,0.0,0.0,0.0,0.0,0.0,0.0,0.0,0.0,0.0,0.0,0.0,0.0,0.0,0.0,0.0,0.0,0.0,-0.0,0.0,0.0,0.0,0.0,0.0,3404.0,-0.0,0.0,2.7184278591402704e+23,0.0,-0.0,0.0,0.0,0.0,0.0,0.0,0,1.9056958870913024e+17,0.0,0.0,0.0,0.0,0.0,0.0,0.0,0.0,0,0,0,0.0,0.0,0.0,0.0,0.0,0.0,0.0,0.0,0.0,0.0,0.0,0.0,0.0,0.0,0.0,0.0,0,-107875648.0,0,0.0,0,-107875648.0,-107877712.0,0,52429,17039,26215,17054,13107,17038,0,0,0,110,100,100,-0.0,64.0,0.0,64.5,0.0,69.0,1,49,50,180,13107,0,0,0,0.0,0.0,0.0,0.0,-0.0,65.0,0.0,0.019,0.0,646,0,690,0,0,0,719,0,792,0,711,0,690,0,645,0,643,0,617,0.032,55574528.0,2.004,-107615152.0,50576,16787,-0.0,0.0,-0.0,0.0,-0.0,-0.0,29.0,60.0,70,0.0,0.0,0.0,0.0,0.0,0.0,0.0,0.0,0.0,0.0,0.0,0.0,0.0,0.0,0.0,0.0,59.2,69,11,65508,41,65476,0,300,0,0,8,20529,65476,0,0,61604,60.0,0.0,0.0,0.0,0.0,0.0
2026-04-04T11:08:52,ERR,ERR,ERR,ERR,ERR,ERR,ERR,ERR,ERR,ERR,ERR,ERR,ERR,ERR,ERR,ERR,ERR,ERR,ERR,ERR,ERR,ERR,ERR,ERR,ERR,ERR,ERR,ERR,ERR,ERR,ERR,ERR,ERR,ERR,ERR,ERR,ERR,ERR,ERR,ERR,ERR,ERR,ERR,ERR,ERR,ERR,ERR,ERR,ERR,ERR,ERR,ERR,ERR,ERR,ERR,ERR,ERR,ERR,ERR,ERR,ERR,ERR,ERR,ERR,ERR,ERR,ERR,ERR,ERR,ERR,ERR,ERR,ERR,ERR,ERR,ERR,ERR,ERR,ERR,ERR,ERR,ERR,ERR,ERR,ERR,ERR,ERR,ERR,ERR,ERR,ERR,ERR,ERR,ERR,ERR,ERR,ERR,ERR,ERR,ERR,ERR,ERR,ERR,ERR,ERR,ERR,ERR,ERR,ERR,ERR,ERR,ERR,ERR,ERR,ERR,ERR,ERR,ERR,ERR,ERR,ERR,ERR,ERR,ERR,ERR,2.7184278591402704e+23,0.0,-0.0,0.0,0.0,0.0,0.0,nan,0,0,0,32768,0,0.0,0,0.0,0.0,0.0,0.0,0.0,0,0,0,0,0.0,0,0,0,0,0,0,0,0,0,0,0,0,0,0,0,0,0,0,0,0,0,0,0,0,0,0,0,0,0,0,0,0,0,0,0,0,0,0,0,0,0,0,0,0,0.0,0.0,0.0,0.0,0.0,0.0,0.0,0.0,0.0,0.0,0.0,0.0,0.0,0.0,0.0,0.0,0.0,0.0,0.0,0.0,0.0,0.0,0.0,0.0,-0.0,0.0,0.0,0.0,0.0,0.0,3404.0,-0.0,0.0,2.7184278591402704e+23,0.0,-0.0,0.0,0.0,0.0,0.0,0.0,0,1.9056958870913024e+17,0.0,0.0,0.0,0.0,0.0,0.0,0.0,0.0,0,0,0,0.0,0.0,0.0,0.0,0.0,0.0,0.0,0.0,0.0,0.0,0.0,0.0,0.0,0.0,0.0,0.0,0,-107875648.0,0,0.0,0,-107875648.0,-107877712.0,0,52429,17039,26215,17054,13107,17038,0,0,0,110,100,100,-0.0,64.0,0.0,64.5,0.0,69.0,1,49,50,180,13107,52429,0,0,0.0,0.0,0.0,0.0,-0.0,65.0,0.0,0.0,0.0,646,0,690,0,0,0,719,0,792,0,711,0,690,0,645,0,643,0,617,0.032,55312384.0,2.004,-107615152.0,5520,16788,-0.0,0.0,-0.0,12431848448.0,-0.0,2.753996848365401e+32,29.0,60.0,70,0.0,0.0,0.0,0.0,0.0,0.0,0.0,0.0,0.0,0.0,0.0,0.0,0.0,0.0,0.0,0.0,59.2,69,11,65508,41,65476,0,300,0,0,8,20529,65476,0,0,61604,60.0,0.0,0.0,0.0,0.0,0.0
2026-04-04T11:08:53,ERR,ERR,ERR,ERR,ERR,ERR,ERR,ERR,ERR,ERR,ERR,ERR,ERR,ERR,ERR,ERR,ERR,ERR,ERR,ERR,ERR,ERR,ERR,ERR,ERR,ERR,ERR,ERR,ERR,ERR,ERR,ERR,ERR,ERR,ERR,ERR,ERR,ERR,ERR,ERR,ERR,ERR,ERR,ERR,ERR,ERR,ERR,ERR,ERR,ERR,ERR,ERR,ERR,ERR,ERR,ERR,ERR,ERR,ERR,ERR,ERR,ERR,ERR,ERR,ERR,ERR,ERR,ERR,ERR,ERR,ERR,ERR,ERR,ERR,ERR,ERR,ERR,ERR,ERR,ERR,ERR,ERR,ERR,ERR,ERR,ERR,ERR,ERR,ERR,ERR,ERR,ERR,ERR,ERR,ERR,ERR,ERR,ERR,ERR,ERR,ERR,ERR,ERR,ERR,ERR,ERR,ERR,ERR,ERR,ERR,ERR,ERR,ERR,ERR,ERR,ERR,ERR,ERR,ERR,ERR,ERR,ERR,ERR,ERR,ERR,2.7184278591402704e+23,0.0,-0.0,0.0,0.0,0.0,0.0,nan,0,0,0,32768,0,0.0,0,0.0,0.0,0.0,0.0,0.0,0,0,0,0,0.0,0,0,0,0,0,0,0,0,0,0,0,0,0,0,0,0,0,0,0,0,0,0,0,0,0,0,0,0,0,0,0,0,0,0,0,0,0,0,0,0,0,0,0,0,0.0,0.0,0.0,0.0,0.0,0.0,0.0,0.0,0.0,0.0,0.0,0.0,0.0,0.0,0.0,0.0,0.0,0.0,0.0,0.0,0.0,0.0,0.0,0.0,-2.004,0.0,0.0,0.0,0.0,0.0,3404.0,-0.0,0.0,2.7184278591402704e+23,0.0,-0.0,0.0,0.0,0.0,0.0,0.0,0,4.9504239556116174e+32,0.0,0.0,0.0,0.0,0.0,0.0,0.0,0.0,0,0,0,0.0,0.0,0.0,0.0,0.0,0.0,0.0,0.0,0.0,0.0,0.0,0.0,0.0,0.0,0.0,0.0,0,-107875648.0,0,0.0,0,-107875648.0,-107877712.0,0,52429,17039,26215,17054,13107,17038,0,0,0,110,100,100,-0.0,64.0,0.0,64.5,0.0,69.0,1,49,50,180,13107,52429,0,0,0.0,0.0,0.0,0.0,-0.0,65.0,0.0,0.0,0.0,646,0,690,0,0,0,719,0,792,0,711,0,690,0,645,0,643,0,617,0.032,55312384.0,2.004,-107615152.0,5520,16788,-0.0,0.0,-0.0,12431848448.0,-0.0,2.753996848365401e+32,29.0,60.0,70,0.0,0.0,0.0,0.0,0.0,0.0,0.0,0.0,0.0,0.0,0.0,0.0,0.0,0.0,0.0,0.0,59.2,69,11,65508,41,65476,0,300,0,0,8,20529,65476,0,0,61604,60.0,0.0,0.0,0.0,0.0,0.0
2026-04-04T11:08:54,ERR,ERR,ERR,ERR,ERR,ERR,ERR,ERR,ERR,ERR,ERR,ERR,ERR,ERR,ERR,ERR,ERR,ERR,ERR,ERR,ERR,ERR,ERR,ERR,ERR,ERR,ERR,ERR,ERR,ERR,ERR,ERR,ERR,ERR,ERR,ERR,ERR,ERR,ERR,ERR,ERR,ERR,ERR,ERR,ERR,ERR,ERR,ERR,ERR,ERR,ERR,ERR,ERR,ERR,ERR,ERR,ERR,ERR,ERR,ERR,ERR,ERR,ERR,ERR,ERR,ERR,ERR,ERR,ERR,ERR,ERR,ERR,ERR,ERR,ERR,ERR,ERR,ERR,ERR,ERR,ERR,ERR,ERR,ERR,ERR,ERR,ERR,ERR,ERR,ERR,ERR,ERR,ERR,ERR,ERR,ERR,ERR,ERR,ERR,ERR,ERR,ERR,ERR,ERR,ERR,ERR,ERR,ERR,ERR,ERR,ERR,ERR,ERR,ERR,ERR,ERR,ERR,ERR,ERR,ERR,ERR,ERR,ERR,ERR,ERR,2.7184278591402704e+23,0.0,-0.0,0.0,0.0,0.0,0.0,nan,0,0,0,32768,0,0.0,0,0.0,0.0,0.0,0.0,0.0,0,0,0,0,0.0,0,0,0,0,0,0,0,0,0,0,0,0,0,0,0,0,0,0,0,0,0,0,0,0,0,0,0,0,0,0,0,0,0,0,0,0,0,0,0,0,0,0,0,0,0.0,0.0,0.0,0.0,0.0,0.0,0.0,0.0,0.0,0.0,0.0,0.0,0.0,0.0,0.0,0.0,0.0,0.0,0.0,0.0,0.0,0.0,0.0,0.0,-2.004,0.0,0.0,0.0,0.0,0.0,3404.0,-0.0,0.0,2.7184278591402704e+23,0.0,-0.0,0.0,0.0,0.0,0.0,0.0,0,4.9504239556116174e+32,0.0,0.0,0.0,0.0,0.0,0.0,0.0,0.0,0,0,0,0.0,0.0,0.0,0.0,0.0,0.0,0.0,0.0,0.0,0.0,0.0,0.0,0.0,0.0,0.0,0.0,0,-107875648.0,0,0.0,0,-107875648.0,-107877712.0,0,52429,17039,26215,17054,13107,17038,0,0,0,110,100,100,-0.0,64.0,0.0,64.5,0.0,69.0,1,49,50,180,13107,52429,0,0,0.0,0.0,0.0,0.0,-0.0,65.0,0.0,0.0,0.0,646,0,690,0,0,0,719,0,792,0,711,0,690,0,645,0,643,0,617,0.032,55312384.0,2.004,-107615152.0,5520,16788,-0.0,0.0,-0.0,12431848448.0,-0.0,2.753996848365401e+32,29.0,60.0,70,0.0,0.0,0.0,0.0,0.0,0.0,0.0,0.0,0.0,0.0,0.0,0.0,0.0,0.0,0.0,0.0,59.2,69,11,65508,41,65476,0,300,0,0,8,20529,65476,0,0,61604,60.0,0.0,0.0,0.0,0.0,0.0
2026-04-04T11:08:55,ERR,ERR,ERR,ERR,ERR,ERR,ERR,ERR,ERR,ERR,ERR,ERR,ERR,ERR,ERR,ERR,ERR,ERR,ERR,ERR,ERR,ERR,ERR,ERR,ERR,ERR,ERR,ERR,ERR,ERR,ERR,ERR,ERR,ERR,ERR,ERR,ERR,ERR,ERR,ERR,ERR,ERR,ERR,ERR,ERR,ERR,ERR,ERR,ERR,ERR,ERR,ERR,ERR,ERR,ERR,ERR,ERR,ERR,ERR,ERR,ERR,ERR,ERR,ERR,ERR,ERR,ERR,ERR,ERR,ERR,ERR,ERR,ERR,ERR,ERR,ERR,ERR,ERR,ERR,ERR,ERR,ERR,ERR,ERR,ERR,ERR,ERR,ERR,ERR,ERR,ERR,ERR,ERR,ERR,ERR,ERR,ERR,ERR,ERR,ERR,ERR,ERR,ERR,ERR,ERR,ERR,ERR,ERR,ERR,ERR,ERR,ERR,ERR,ERR,ERR,ERR,ERR,ERR,ERR,ERR,ERR,ERR,ERR,ERR,ERR,2.7184278591402704e+23,0.0,-0.0,0.0,0.0,0.0,0.0,nan,0,0,0,32768,0,0.0,0,0.0,0.0,0.0,0.0,0.0,0,0,0,0,0.0,0,0,0,0,0,0,0,0,0,0,0,0,0,0,0,0,0,0,0,0,0,0,0,0,0,0,0,0,0,0,0,0,0,0,0,0,0,0,0,0,0,0,0,0,0.0,0.0,0.0,0.0,0.0,0.0,0.0,0.0,0.0,0.0,0.0,0.0,0.0,0.0,0.0,0.0,0.0,0.0,0.0,0.0,0.0,0.0,0.0,0.0,-2.004,0.0,0.0,0.0,0.0,0.0,3404.0,-0.0,0.0,2.7184278591402704e+23,0.0,-0.0,0.0,0.0,0.0,0.0,0.0,0,4.9504239556116174e+32,0.0,0.0,0.0,0.0,0.0,0.0,0.0,0.0,0,0,0,0.0,0.0,0.0,0.0,0.0,0.0,0.0,0.0,0.0,0.0,0.0,0.0,0.0,0.0,0.0,0.0,0,-107875648.0,0,0.0,0,-107875648.0,-107877712.0,0,52429,17039,26215,17054,13107,17038,0,0,0,110,100,100,-0.0,64.0,0.0,64.5,0.0,69.0,1,49,50,180,13107,52429,0,0,0.0,0.0,0.0,0.0,-0.0,65.0,0.0,0.0,0.0,646,0,690,0,0,0,719,0,792,0,711,0,690,0,645,0,643,0,617,0.032,55312384.0,2.004,-107615152.0,5520,16788,-0.0,0.0,-0.0,12431848448.0,-0.0,2.753996848365401e+32,29.0,60.0,70,0.0,0.0,0.0,0.0,0.0,0.0,0.0,0.0,0.0,0.0,0.0,0.0,0.0,0.0,0.0,0.0,59.2,69,11,65508,41,65476,0,300,0,0,8,20529,65476,0,0,61604,60.0,0.0,0.0,0.0,0.0,0.0
2026-04-04T11:08:56,ERR,ERR,ERR,ERR,ERR,ERR,ERR,ERR,ERR,ERR,ERR,ERR,ERR,ERR,ERR,ERR,ERR,ERR,ERR,ERR,ERR,ERR,ERR,ERR,ERR,ERR,ERR,ERR,ERR,ERR,ERR,ERR,ERR,ERR,ERR,ERR,ERR,ERR,ERR,ERR,ERR,ERR,ERR,ERR,ERR,ERR,ERR,ERR,ERR,ERR,ERR,ERR,ERR,ERR,ERR,ERR,ERR,ERR,ERR,ERR,ERR,ERR,ERR,ERR,ERR,ERR,ERR,ERR,ERR,ERR,ERR,ERR,ERR,ERR,ERR,ERR,ERR,ERR,ERR,ERR,ERR,ERR,ERR,ERR,ERR,ERR,ERR,ERR,ERR,ERR,ERR,ERR,ERR,ERR,ERR,ERR,ERR,ERR,ERR,ERR,ERR,ERR,ERR,ERR,ERR,ERR,ERR,ERR,ERR,ERR,ERR,ERR,ERR,ERR,ERR,ERR,ERR,ERR,ERR,ERR,ERR,ERR,ERR,ERR,ERR,2.7184278591402704e+23,0.0,-0.0,0.0,0.0,0.0,0.0,nan,0,0,0,32768,0,0.0,0,0.0,0.0,0.0,0.0,0.0,0,0,0,0,0.0,0,0,0,0,0,0,0,0,0,0,0,0,0,0,0,0,0,0,0,0,0,0,0,0,0,0,0,0,0,0,0,0,0,0,0,0,0,0,0,0,0,0,0,0,0.0,0.0,0.0,0.0,0.0,0.0,0.0,0.0,0.0,0.0,0.0,0.0,0.0,0.0,0.0,0.0,0.0,0.0,0.0,0.0,0.0,0.0,0.0,0.0,-2.004,0.0,0.0,0.0,0.0,0.0,3404.0,-0.0,0.0,2.7184278591402704e+23,0.0,-0.0,0.0,0.0,0.0,0.0,0.0,0,4.9504239556116174e+32,0.0,0.0,0.0,0.0,0.0,0.0,0.0,0.0,0,0,0,0.0,0.0,0.0,0.0,0.0,0.0,0.0,0.0,0.0,0.0,0.0,0.0,0.0,0.0,0.0,0.0,0,-107875648.0,0,0.0,0,-107875648.0,-107877712.0,0,52429,17039,26215,17054,13107,17038,0,0,0,110,100,100,-0.0,64.0,0.0,64.5,0.0,69.0,1,49,50,180,13107,52429,0,0,0.0,0.0,0.0,0.0,-0.0,65.0,0.0,0.0,0.0,646,0,690,0,0,0,719,0,792,0,711,0,690,0,645,0,643,0,617,0.032,55312384.0,2.004,-107615152.0,5520,16788,-0.0,0.0,-0.0,12431848448.0,-0.0,2.753996848365401e+32,29.0,60.0,70,0.0,0.0,0.0,0.0,0.0,0.0,0.0,0.0,0.0,0.0,0.0,0.0,0.0,0.0,0.0,0.0,59.2,69,11,65508,41,65476,0,300,0,0,8,20529,65476,0,0,61604,60.0,0.0,0.0,0.0,0.0,0.0
2026-04-04T11:08:57,ERR,ERR,ERR,ERR,ERR,ERR,ERR,ERR,ERR,ERR,ERR,ERR,ERR,ERR,ERR,ERR,ERR,ERR,ERR,ERR,ERR,ERR,ERR,ERR,ERR,ERR,ERR,ERR,ERR,ERR,ERR,ERR,ERR,ERR,ERR,ERR,ERR,ERR,ERR,ERR,ERR,ERR,ERR,ERR,ERR,ERR,ERR,ERR,ERR,ERR,ERR,ERR,ERR,ERR,ERR,ERR,ERR,ERR,ERR,ERR,ERR,ERR,ERR,ERR,ERR,ERR,ERR,ERR,ERR,ERR,ERR,ERR,ERR,ERR,ERR,ERR,ERR,ERR,ERR,ERR,ERR,ERR,ERR,ERR,ERR,ERR,ERR,ERR,ERR,ERR,ERR,ERR,ERR,ERR,ERR,ERR,ERR,ERR,ERR,ERR,ERR,ERR,ERR,ERR,ERR,ERR,ERR,ERR,ERR,ERR,ERR,ERR,ERR,ERR,ERR,ERR,ERR,ERR,ERR,ERR,ERR,ERR,ERR,ERR,ERR,2.7184278591402704e+23,0.0,-0.0,0.0,0.0,0.0,0.0,nan,0,0,0,32768,0,0.0,0,0.0,0.0,0.0,0.0,0.0,0,0,0,0,0.0,0,0,0,0,0,0,0,0,0,0,0,0,0,0,0,0,0,0,0,0,0,0,0,0,0,0,0,0,0,0,0,0,0,0,0,0,0,0,0,0,0,0,0,0,0.0,0.0,0.0,0.0,0.0,0.0,0.0,0.0,0.0,0.0,0.0,0.0,0.0,0.0,0.0,0.0,0.0,0.0,0.0,0.0,0.0,0.0,0.0,0.0,-2.004,0.0,0.0,0.0,0.0,0.0,3404.0,-0.0,0.0,2.7184278591402704e+23,0.0,-0.0,0.0,0.0,0.0,0.0,0.0,0,4.9504239556116174e+32,0.0,0.0,0.0,0.0,0.0,0.0,0.0,0.0,0,0,0,0.0,0.0,0.0,0.0,0.0,0.0,0.0,0.0,0.0,0.0,0.0,0.0,0.0,0.0,0.0,0.0,0,-107875648.0,0,0.0,0,-107875648.0,-107877712.0,0,52429,17039,26215,17054,13107,17038,0,0,0,110,100,100,-0.0,64.0,0.0,64.5,0.0,69.0,1,49,50,180,13107,0,0,0,0.0,0.0,0.0,0.0,-0.0,65.0,0.0,0.0,0.0,646,0,690,0,0,0,719,0,792,0,711,0,690,0,645,0,643,0,617,0.032,54263808.0,2.004,-107615152.0,1424,16788,-0.0,0.0,-1.835276520280726e+29,-332.498,-453566061871104.0,-0.0,29.0,60.0,70,0.0,0.0,0.0,0.0,0.0,0.0,0.0,0.0,0.0,0.0,0.0,0.0,0.0,0.0,0.0,0.0,59.2,69,11,65508,41,65476,0,300,0,0,8,20529,65476,0,0,61604,60.0,0.0,0.0,0.0,0.0,0.0
2026-04-04T11:08:58,ERR,ERR,ERR,ERR,ERR,ERR,ERR,ERR,ERR,ERR,ERR,ERR,ERR,ERR,ERR,ERR,ERR,ERR,ERR,ERR,ERR,ERR,ERR,ERR,ERR,ERR,ERR,ERR,ERR,ERR,ERR,ERR,ERR,ERR,ERR,ERR,ERR,ERR,ERR,ERR,ERR,ERR,ERR,ERR,ERR,ERR,ERR,ERR,ERR,ERR,ERR,ERR,ERR,ERR,ERR,ERR,ERR,ERR,ERR,ERR,ERR,ERR,ERR,ERR,ERR,ERR,ERR,ERR,ERR,ERR,ERR,ERR,ERR,ERR,ERR,ERR,ERR,ERR,ERR,ERR,ERR,ERR,ERR,ERR,ERR,ERR,ERR,ERR,ERR,ERR,ERR,ERR,ERR,ERR,ERR,ERR,ERR,ERR,ERR,ERR,ERR,ERR,ERR,ERR,ERR,ERR,ERR,ERR,ERR,ERR,ERR,ERR,ERR,ERR,ERR,ERR,ERR,ERR,ERR,ERR,ERR,ERR,ERR,ERR,ERR,2.7184278591402704e+23,0.0,-0.0,0.0,0.0,0.0,0.0,nan,0,0,0,32768,0,0.0,0,0.0,0.0,0.0,0.0,0.0,0,0,0,0,0.0,0,0,0,0,0,0,0,0,0,0,0,0,0,0,0,0,0,0,0,0,0,0,0,0,0,0,0,0,0,0,0,0,0,0,0,0,0,0,0,0,0,0,0,0,0.0,0.0,0.0,0.0,0.0,0.0,0.0,0.0,0.0,0.0,0.0,0.0,0.0,0.0,0.0,0.0,0.0,0.0,0.0,0.0,0.0,0.0,0.0,0.0,-2.004,0.0,0.0,0.0,0.0,0.0,3404.0,-0.0,0.0,2.7184278591402704e+23,0.0,-0.0,0.0,0.0,0.0,0.0,0.0,0,4.9504239556116174e+32,0.0,0.0,0.0,0.0,0.0,0.0,0.0,0.0,0,0,0,0.0,0.0,0.0,0.0,0.0,0.0,0.0,0.0,0.0,0.0,0.0,0.0,0.0,0.0,0.0,0.0,0,-107875648.0,0,0.0,0,-107875648.0,-107877712.0,0,52429,17039,26215,17054,13107,17038,0,0,0,110,100,100,-0.0,64.0,0.0,64.5,0.0,69.0,1,49,50,180,13107,0,0,0,0.0,0.0,0.0,0.0,-0.0,65.0,0.0,0.0,0.0,646,0,690,0,0,0,719,0,792,0,711,0,690,0,645,0,643,0,617,0.032,54263808.0,2.004,-107615152.0,1424,16788,-0.0,0.0,-1.835276520280726e+29,-332.498,-453566061871104.0,-0.0,29.0,60.0,70,0.0,0.0,0.0,0.0,0.0,0.0,0.0,0.0,0.0,0.0,0.0,0.0,0.0,0.0,0.0,0.0,59.2,69,11,65508,41,65476,0,300,0,0,8,20529,65476,0,0,61604,60.0,0.0,0.0,0.0,0.0,0.0
2026-04-04T11:08:59,ERR,ERR,ERR,ERR,ERR,ERR,ERR,ERR,ERR,ERR,ERR,ERR,ERR,ERR,ERR,ERR,ERR,ERR,ERR,ERR,ERR,ERR,ERR,ERR,ERR,ERR,ERR,ERR,ERR,ERR,ERR,ERR,ERR,ERR,ERR,ERR,ERR,ERR,ERR,ERR,ERR,ERR,ERR,ERR,ERR,ERR,ERR,ERR,ERR,ERR,ERR,ERR,ERR,ERR,ERR,ERR,ERR,ERR,ERR,ERR,ERR,ERR,ERR,ERR,ERR,ERR,ERR,ERR,ERR,ERR,ERR,ERR,ERR,ERR,ERR,ERR,ERR,ERR,ERR,ERR,ERR,ERR,ERR,ERR,ERR,ERR,ERR,ERR,ERR,ERR,ERR,ERR,ERR,ERR,ERR,ERR,ERR,ERR,ERR,ERR,ERR,ERR,ERR,ERR,ERR,ERR,ERR,ERR,ERR,ERR,ERR,ERR,ERR,ERR,ERR,ERR,ERR,ERR,ERR,ERR,ERR,ERR,ERR,ERR,ERR,2.7184278591402704e+23,0.0,-0.0,0.0,0.0,0.0,0.0,nan,0,0,0,32768,0,0.0,0,0.0,0.0,0.0,0.0,0.0,0,0,0,0,0.0,0,0,0,0,0,0,0,0,0,0,0,0,0,0,0,0,0,0,0,0,0,0,0,0,0,0,0,0,0,0,0,0,0,0,0,0,0,0,0,0,0,0,0,0,0.0,0.0,0.0,0.0,0.0,0.0,0.0,0.0,0.0,0.0,0.0,0.0,0.0,0.0,0.0,0.0,0.0,0.0,0.0,0.0,0.0,0.0,0.0,0.0,-2.004,0.0,0.0,0.0,0.0,0.0,3404.0,-0.0,0.0,2.7184278591402704e+23,0.0,-0.0,0.0,0.0,0.0,0.0,0.0,0,4.9504239556116174e+32,0.0,0.0,0.0,0.0,0.0,0.0,0.0,0.0,0,0,0,0.0,0.0,0.0,0.0,0.0,0.0,0.0,0.0,0.0,0.0,0.0,0.0,0.0,0.0,0.0,0.0,0,-107875648.0,0,0.0,0,-107875648.0,-107877712.0,0,52429,17039,26215,17054,13107,17038,0,0,0,110,100,100,-0.0,64.0,0.0,64.5,0.0,69.0,1,49,50,180,13107,0,0,0,0.0,0.0,0.0,0.0,-0.0,65.0,0.0,0.0,0.0,646,0,690,0,0,0,719,0,792,0,711,0,690,0,645,0,643,0,617,0.032,54263808.0,2.004,-107615152.0,1424,16788,-0.0,0.0,-1.835276520280726e+29,-332.498,-453566061871104.0,-0.0,29.0,60.0,70,0.0,0.0,0.0,0.0,0.0,0.0,0.0,0.0,0.0,0.0,0.0,0.0,0.0,0.0,0.0,0.0,59.2,69,11,65508,41,65476,0,300,0,0,8,20529,65476,0,0,61604,60.0,0.0,0.0,0.0,0.0,0.0
2026-04-04T11:09:00,ERR,ERR,ERR,ERR,ERR,ERR,ERR,ERR,ERR,ERR,ERR,ERR,ERR,ERR,ERR,ERR,ERR,ERR,ERR,ERR,ERR,ERR,ERR,ERR,ERR,ERR,ERR,ERR,ERR,ERR,ERR,ERR,ERR,ERR,ERR,ERR,ERR,ERR,ERR,ERR,ERR,ERR,ERR,ERR,ERR,ERR,ERR,ERR,ERR,ERR,ERR,ERR,ERR,ERR,ERR,ERR,ERR,ERR,ERR,ERR,ERR,ERR,ERR,ERR,ERR,ERR,ERR,ERR,ERR,ERR,ERR,ERR,ERR,ERR,ERR,ERR,ERR,ERR,ERR,ERR,ERR,ERR,ERR,ERR,ERR,ERR,ERR,ERR,ERR,ERR,ERR,ERR,ERR,ERR,ERR,ERR,ERR,ERR,ERR,ERR,ERR,ERR,ERR,ERR,ERR,ERR,ERR,ERR,ERR,ERR,ERR,ERR,ERR,ERR,ERR,ERR,ERR,ERR,ERR,ERR,ERR,ERR,ERR,ERR,ERR,2.7184278591402704e+23,0.0,-0.0,0.0,0.0,0.0,0.0,nan,0,0,0,32768,0,0.0,0,0.0,0.0,0.0,0.0,0.0,0,0,0,0,0.0,0,0,0,0,0,0,0,0,0,0,0,0,0,0,0,0,0,0,0,0,0,0,0,0,0,0,0,0,0,0,0,0,0,0,0,0,0,0,0,0,0,0,0,0,0.0,0.0,0.0,0.0,0.0,0.0,0.0,0.0,0.0,0.0,0.0,0.0,0.0,0.0,0.0,0.0,0.0,0.0,0.0,0.0,0.0,0.0,0.0,0.0,-2.004,0.0,0.0,0.0,0.0,0.0,3404.0,-0.0,0.0,2.7184278591402704e+23,0.0,-0.0,0.0,0.0,0.0,0.0,0.0,0,4.9504239556116174e+32,0.0,0.0,0.0,0.0,0.0,0.0,0.0,0.0,0,0,0,0.0,0.0,0.0,0.0,0.0,0.0,0.0,0.0,0.0,0.0,0.0,0.0,0.0,0.0,0.0,0.0,0,-107875648.0,0,0.0,0,-107875648.0,-107877712.0,0,52429,17039,26215,17054,13107,17038,0,0,0,110,100,100,-0.0,64.0,0.0,64.5,0.0,69.0,1,49,50,180,13107,0,0,0,0.0,0.0,0.0,0.0,-0.0,65.0,0.0,0.0,0.0,646,0,690,0,0,0,719,0,792,0,711,0,690,0,645,0,643,0,617,0.032,54263808.0,2.004,-107615152.0,1424,16788,-0.0,0.0,-1.835276520280726e+29,-332.498,-453566061871104.0,-0.0,29.0,60.0,70,0.0,0.0,0.0,0.0,0.0,0.0,0.0,0.0,0.0,0.0,0.0,0.0,0.0,0.0,0.0,0.0,59.2,69,11,65508,41,65476,0,300,0,0,8,20529,65476,0,0,61604,60.0,0.0,0.0,0.0,0.0,0.0
2026-04-04T11:09:01,ERR,ERR,ERR,ERR,ERR,ERR,ERR,ERR,ERR,ERR,ERR,ERR,ERR,ERR,ERR,ERR,ERR,ERR,ERR,ERR,ERR,ERR,ERR,ERR,ERR,ERR,ERR,ERR,ERR,ERR,ERR,ERR,ERR,ERR,ERR,ERR,ERR,ERR,ERR,ERR,ERR,ERR,ERR,ERR,ERR,ERR,ERR,ERR,ERR,ERR,ERR,ERR,ERR,ERR,ERR,ERR,ERR,ERR,ERR,ERR,ERR,ERR,ERR,ERR,ERR,ERR,ERR,ERR,ERR,ERR,ERR,ERR,ERR,ERR,ERR,ERR,ERR,ERR,ERR,ERR,ERR,ERR,ERR,ERR,ERR,ERR,ERR,ERR,ERR,ERR,ERR,ERR,ERR,ERR,ERR,ERR,ERR,ERR,ERR,ERR,ERR,ERR,ERR,ERR,ERR,ERR,ERR,ERR,ERR,ERR,ERR,ERR,ERR,ERR,ERR,ERR,ERR,ERR,ERR,ERR,ERR,ERR,ERR,ERR,ERR,2.7184278591402704e+23,0.0,-0.0,0.0,0.0,0.0,0.0,nan,0,0,0,32768,0,0.0,0,0.0,0.0,0.0,0.0,0.0,0,0,0,0,0.0,0,0,0,0,0,0,0,0,0,0,0,0,0,0,0,0,0,0,0,0,0,0,0,0,0,0,0,0,0,0,0,0,0,0,0,0,0,0,0,0,0,0,0,0,0.0,0.0,0.0,0.0,0.0,0.0,0.0,0.0,0.0,0.0,0.0,0.0,0.0,0.0,0.0,0.0,0.0,0.0,0.0,0.0,0.0,0.0,0.0,0.0,-2.004,0.0,0.0,0.0,0.0,0.0,3404.0,-0.0,0.0,2.7184278591402704e+23,0.0,-0.0,0.0,0.0,0.0,0.0,0.0,0,4.9504239556116174e+32,0.0,0.0,0.0,0.0,0.0,0.0,0.0,0.0,0,0,0,0.0,0.0,0.0,0.0,0.0,0.0,0.0,0.0,0.0,0.0,0.0,0.0,0.0,0.0,0.0,0.0,0,-107875648.0,0,0.0,0,-107875648.0,-107877712.0,0,52429,17039,26215,17054,13107,17038,0,0,0,110,100,100,-0.0,64.0,0.0,64.5,0.0,69.0,1,49,50,180,13107,0,0,0,0.0,0.0,0.0,0.0,-0.0,65.0,0.0,0.0,0.0,646,0,690,0,0,0,719,0,792,0,711,0,690,0,645,0,643,0,617,0.032,54263808.0,2.004,-107615152.0,1424,16788,-0.0,0.0,-1.835276520280726e+29,-332.498,-453566061871104.0,-0.0,29.0,60.0,70,0.0,0.0,0.0,0.0,0.0,0.0,0.0,0.0,0.0,0.0,0.0,0.0,0.0,0.0,0.0,0.0,59.2,69,11,65508,41,65476,0,300,0,0,8,20529,65476,0,0,61604,60.0,0.0,0.0,0.0,0.0,0.0
2026-04-04T11:09:02,ERR,ERR,ERR,ERR,ERR,ERR,ERR,ERR,ERR,ERR,ERR,ERR,ERR,ERR,ERR,ERR,ERR,ERR,ERR,ERR,ERR,ERR,ERR,ERR,ERR,ERR,ERR,ERR,ERR,ERR,ERR,ERR,ERR,ERR,ERR,ERR,ERR,ERR,ERR,ERR,ERR,ERR,ERR,ERR,ERR,ERR,ERR,ERR,ERR,ERR,ERR,ERR,ERR,ERR,ERR,ERR,ERR,ERR,ERR,ERR,ERR,ERR,ERR,ERR,ERR,ERR,ERR,ERR,ERR,ERR,ERR,ERR,ERR,ERR,ERR,ERR,ERR,ERR,ERR,ERR,ERR,ERR,ERR,ERR,ERR,ERR,ERR,ERR,ERR,ERR,ERR,ERR,ERR,ERR,ERR,ERR,ERR,ERR,ERR,ERR,ERR,ERR,ERR,ERR,ERR,ERR,ERR,ERR,ERR,ERR,ERR,ERR,ERR,ERR,ERR,ERR,ERR,ERR,ERR,ERR,ERR,ERR,ERR,ERR,ERR,2.7184278591402704e+23,0.0,-0.0,0.0,0.0,0.0,0.0,nan,0,0,0,32768,0,0.0,0,0.0,0.0,0.0,0.0,0.0,0,0,0,0,0.0,0,0,0,0,0,0,0,0,0,0,0,0,0,0,0,0,0,0,0,0,0,0,0,0,0,0,0,0,0,0,0,0,0,0,0,0,0,0,0,0,0,0,0,0,0.0,0.0,0.0,0.0,0.0,0.0,0.0,0.0,0.0,0.0,0.0,0.0,0.0,0.0,0.0,0.0,0.0,0.0,0.0,0.0,0.0,0.0,0.0,0.0,-2.004,0.0,0.0,0.0,0.0,0.0,3406.5,-8608108544.0,0.0,2.7184278591402704e+23,0.0,2.7184274988523002e+23,0.0,0.0,0.0,0.0,0.0,0,-0.0,0.0,0.0,0.0,0.0,0.0,0.0,0.0,0.0,0,0,0,0.0,0.0,0.0,0.0,0.0,0.0,0.0,0.0,0.0,0.0,0.0,0.0,0.0,0.0,0.0,0.0,0,-107875648.0,0,0.0,0,-107875648.0,-107877712.0,0,52429,17039,26215,17054,13107,17038,0,0,0,110,100,100,-0.0,64.0,0.0,64.5,0.0,69.0,1,49,50,180,13107,0,0,0,0.0,0.0,0.0,0.0,-0.0,65.0,0.0,0.0,0.0,646,0,690,0,0,0,719,0,792,0,711,0,690,0,645,0,643,0,617,0.032,54263808.0,2.004,-107615152.0,1424,16788,-0.0,0.0,-1.835276520280726e+29,-332.498,-453566061871104.0,-0.0,29.0,60.0,70,0.0,0.0,0.0,0.0,0.0,0.0,0.0,0.0,0.0,0.0,0.0,0.0,0.0,0.0,0.0,0.0,59.2,69,11,65508,41,65476,0,300,0,0,8,20529,65476,0,0,61604,60.0,0.0,0.0,0.0,0.0,0.0
2026-04-04T11:09:03,ERR,ERR,ERR,ERR,ERR,ERR,ERR,ERR,ERR,ERR,ERR,ERR,ERR,ERR,ERR,ERR,ERR,ERR,ERR,ERR,ERR,ERR,ERR,ERR,ERR,ERR,ERR,ERR,ERR,ERR,ERR,ERR,ERR,ERR,ERR,ERR,ERR,ERR,ERR,ERR,ERR,ERR,ERR,ERR,ERR,ERR,ERR,ERR,ERR,ERR,ERR,ERR,ERR,ERR,ERR,ERR,ERR,ERR,ERR,ERR,ERR,ERR,ERR,ERR,ERR,ERR,ERR,ERR,ERR,ERR,ERR,ERR,ERR,ERR,ERR,ERR,ERR,ERR,ERR,ERR,ERR,ERR,ERR,ERR,ERR,ERR,ERR,ERR,ERR,ERR,ERR,ERR,ERR,ERR,ERR,ERR,ERR,ERR,ERR,ERR,ERR,ERR,ERR,ERR,ERR,ERR,ERR,ERR,ERR,ERR,ERR,ERR,ERR,ERR,ERR,ERR,ERR,ERR,ERR,ERR,ERR,ERR,ERR,ERR,ERR,2.7184278591402704e+23,0.0,-0.0,0.0,0.0,0.0,0.0,nan,0,0,0,32768,0,0.0,0,0.0,0.0,0.0,0.0,0.0,0,0,0,0,0.0,0,0,0,0,0,0,0,0,0,0,0,0,0,0,0,0,0,0,0,0,0,0,0,0,0,0,0,0,0,0,0,0,0,0,0,0,0,0,0,0,0,0,0,0,0.0,0.0,0.0,0.0,0.0,0.0,0.0,0.0,0.0,0.0,0.0,0.0,0.0,0.0,0.0,0.0,0.0,0.0,0.0,0.0,0.0,0.0,0.0,0.0,-2.004,0.0,0.0,0.0,0.0,0.0,3406.5,-8608108544.0,0.0,2.7184278591402704e+23,0.0,2.7184274988523002e+23,0.0,0.0,0.0,0.0,0.0,0,-0.0,0.0,0.0,0.0,0.0,0.0,0.0,0.0,0.0,0,0,0,0.0,0.0,0.0,0.0,0.0,0.0,0.0,0.0,0.0,0.0,0.0,0.0,0.0,0.0,0.0,0.0,0,-107875648.0,0,0.0,0,-107875648.0,-107877712.0,0,52429,17039,26215,17054,13107,17038,0,0,0,110,100,100,-0.0,64.0,0.0,64.5,0.0,69.0,1,49,50,180,13107,0,0,0,0.0,0.0,0.0,0.0,-0.0,65.0,0.0,0.0,0.0,646,0,690,0,0,0,719,0,792,0,711,0,690,0,645,0,643,0,616,0.032,55836672.0,2.004,-107615152.0,784,16788,-0.0,41.314,-0.0,-67981004800.0,-0.0,2.1832841615055932e+38,29.0,60.0,70,0.0,0.0,0.0,0.0,0.0,0.0,0.0,0.0,0.0,0.0,0.0,0.0,0.0,0.0,0.0,0.0,59.2,69,11,65508,41,65476,0,300,0,0,8,20529,65476,0,0,61604,60.0,0.0,0.0,0.0,0.0,0.0
2026-04-04T11:09:04,ERR,ERR,ERR,ERR,ERR,ERR,ERR,ERR,ERR,ERR,ERR,ERR,ERR,ERR,ERR,ERR,ERR,ERR,ERR,ERR,ERR,ERR,ERR,ERR,ERR,ERR,ERR,ERR,ERR,ERR,ERR,ERR,ERR,ERR,ERR,ERR,ERR,ERR,ERR,ERR,ERR,ERR,ERR,ERR,ERR,ERR,ERR,ERR,ERR,ERR,ERR,ERR,ERR,ERR,ERR,ERR,ERR,ERR,ERR,ERR,ERR,ERR,ERR,ERR,ERR,ERR,ERR,ERR,ERR,ERR,ERR,ERR,ERR,ERR,ERR,ERR,ERR,ERR,ERR,ERR,ERR,ERR,ERR,ERR,ERR,ERR,ERR,ERR,ERR,ERR,ERR,ERR,ERR,ERR,ERR,ERR,ERR,ERR,ERR,ERR,ERR,ERR,ERR,ERR,ERR,ERR,ERR,ERR,ERR,ERR,ERR,ERR,ERR,ERR,ERR,ERR,ERR,ERR,ERR,ERR,ERR,ERR,ERR,ERR,ERR,2.7184278591402704e+23,0.0,-0.0,0.0,0.0,0.0,0.0,nan,0,0,0,32768,0,0.0,0,0.0,0.0,0.0,0.0,0.0,0,0,0,0,0.0,0,0,0,0,0,0,0,0,0,0,0,0,0,0,0,0,0,0,0,0,0,0,0,0,0,0,0,0,0,0,0,0,0,0,0,0,0,0,0,0,0,0,0,0,0.0,0.0,0.0,0.0,0.0,0.0,0.0,0.0,0.0,0.0,0.0,0.0,0.0,0.0,0.0,0.0,0.0,0.0,0.0,0.0,0.0,0.0,0.0,0.0,-2.004,0.0,0.0,0.0,0.0,0.0,3406.5,-8608108544.0,0.0,2.7184278591402704e+23,0.0,2.7184274988523002e+23,0.0,0.0,0.0,0.0,0.0,0,-0.0,0.0,0.0,0.0,0.0,0.0,0.0,0.0,0.0,0,0,0,0.0,0.0,0.0,0.0,0.0,0.0,0.0,0.0,0.0,0.0,0.0,0.0,0.0,0.0,0.0,0.0,0,-107875648.0,0,0.0,0,-107875648.0,-107877712.0,0,52429,17039,26215,17054,13107,17038,0,0,0,110,100,100,-0.0,64.0,0.0,64.5,0.0,69.0,1,49,50,180,13107,0,0,0,0.0,0.0,0.0,0.0,-0.0,65.0,0.0,0.0,0.0,646,0,690,0,0,0,719,0,792,0,711,0,690,0,645,0,643,0,616,0.032,55836672.0,2.004,-107615152.0,784,16788,-0.0,41.314,-0.0,-67981004800.0,-0.0,2.1832841615055932e+38,29.0,60.0,70,0.0,0.0,0.0,0.0,0.0,0.0,0.0,0.0,0.0,0.0,0.0,0.0,0.0,0.0,0.0,0.0,59.2,69,11,65508,41,65476,0,300,0,0,8,20529,65476,0,0,61604,60.0,0.0,0.0,0.0,0.0,0.0
2026-04-04T11:09:05,ERR,ERR,ERR,ERR,ERR,ERR,ERR,ERR,ERR,ERR,ERR,ERR,ERR,ERR,ERR,ERR,ERR,ERR,ERR,ERR,ERR,ERR,ERR,ERR,ERR,ERR,ERR,ERR,ERR,ERR,ERR,ERR,ERR,ERR,ERR,ERR,ERR,ERR,ERR,ERR,ERR,ERR,ERR,ERR,ERR,ERR,ERR,ERR,ERR,ERR,ERR,ERR,ERR,ERR,ERR,ERR,ERR,ERR,ERR,ERR,ERR,ERR,ERR,ERR,ERR,ERR,ERR,ERR,ERR,ERR,ERR,ERR,ERR,ERR,ERR,ERR,ERR,ERR,ERR,ERR,ERR,ERR,ERR,ERR,ERR,ERR,ERR,ERR,ERR,ERR,ERR,ERR,ERR,ERR,ERR,ERR,ERR,ERR,ERR,ERR,ERR,ERR,ERR,ERR,ERR,ERR,ERR,ERR,ERR,ERR,ERR,ERR,ERR,ERR,ERR,ERR,ERR,ERR,ERR,ERR,ERR,ERR,ERR,ERR,ERR,2.7184278591402704e+23,0.0,-0.0,0.0,0.0,0.0,0.0,nan,0,0,0,32768,0,0.0,0,0.0,0.0,0.0,0.0,0.0,0,0,0,0,0.0,0,0,0,0,0,0,0,0,0,0,0,0,0,0,0,0,0,0,0,0,0,0,0,0,0,0,0,0,0,0,0,0,0,0,0,0,0,0,0,0,0,0,0,0,0.0,0.0,0.0,0.0,0.0,0.0,0.0,0.0,0.0,0.0,0.0,0.0,0.0,0.0,0.0,0.0,0.0,0.0,0.0,0.0,0.0,0.0,0.0,0.0,-2.004,0.0,0.0,0.0,0.0,0.0,3406.5,-8608108544.0,0.0,2.7184278591402704e+23,0.0,2.7184274988523002e+23,0.0,0.0,0.0,0.0,0.0,0,-0.0,0.0,0.0,0.0,0.0,0.0,0.0,0.0,0.0,0,0,0,0.0,0.0,0.0,0.0,0.0,0.0,0.0,0.0,0.0,0.0,0.0,0.0,0.0,0.0,0.0,0.0,0,-107875648.0,0,0.0,0,-107875648.0,-107877712.0,0,52429,17039,26215,17054,13107,17038,0,0,0,110,100,100,-0.0,64.0,0.0,64.5,0.0,69.0,1,49,50,180,13107,0,0,0,0.0,0.0,0.0,0.0,-0.0,65.0,0.0,0.0,0.0,646,0,690,0,0,0,719,0,792,0,711,0,690,0,645,0,643,0,616,0.032,55836672.0,2.004,-107615152.0,784,16788,-0.0,41.314,-0.0,-67981004800.0,-0.0,2.1832841615055932e+38,29.0,60.0,70,0.0,0.0,0.0,0.0,0.0,0.0,0.0,0.0,0.0,0.0,0.0,0.0,0.0,0.0,0.0,0.0,59.2,69,11,65508,41,65476,0,300,0,0,8,20529,65476,0,0,61604,60.0,0.0,0.0,0.0,0.0,0.0
2026-04-04T11:09:06,ERR,ERR,ERR,ERR,ERR,ERR,ERR,ERR,ERR,ERR,ERR,ERR,ERR,ERR,ERR,ERR,ERR,ERR,ERR,ERR,ERR,ERR,ERR,ERR,ERR,ERR,ERR,ERR,ERR,ERR,ERR,ERR,ERR,ERR,ERR,ERR,ERR,ERR,ERR,ERR,ERR,ERR,ERR,ERR,ERR,ERR,ERR,ERR,ERR,ERR,ERR,ERR,ERR,ERR,ERR,ERR,ERR,ERR,ERR,ERR,ERR,ERR,ERR,ERR,ERR,ERR,ERR,ERR,ERR,ERR,ERR,ERR,ERR,ERR,ERR,ERR,ERR,ERR,ERR,ERR,ERR,ERR,ERR,ERR,ERR,ERR,ERR,ERR,ERR,ERR,ERR,ERR,ERR,ERR,ERR,ERR,ERR,ERR,ERR,ERR,ERR,ERR,ERR,ERR,ERR,ERR,ERR,ERR,ERR,ERR,ERR,ERR,ERR,ERR,ERR,ERR,ERR,ERR,ERR,ERR,ERR,ERR,ERR,ERR,ERR,2.7184278591402704e+23,0.0,-0.0,0.0,0.0,0.0,0.0,nan,0,0,0,32768,0,0.0,0,0.0,0.0,0.0,0.0,0.0,0,0,0,0,0.0,0,0,0,0,0,0,0,0,0,0,0,0,0,0,0,0,0,0,0,0,0,0,0,0,0,0,0,0,0,0,0,0,0,0,0,0,0,0,0,0,0,0,0,0,0.0,0.0,0.0,0.0,0.0,0.0,0.0,0.0,0.0,0.0,0.0,0.0,0.0,0.0,0.0,0.0,0.0,0.0,0.0,0.0,0.0,0.0,0.0,0.0,-2.004,0.0,0.0,0.0,0.0,0.0,3406.5,-8608108544.0,0.0,2.7184278591402704e+23,0.0,2.7184274988523002e+23,0.0,0.0,0.0,0.0,0.0,0,-0.0,0.0,0.0,0.0,0.0,0.0,0.0,0.0,0.0,0,0,0,0.0,0.0,0.0,0.0,0.0,0.0,0.0,0.0,0.0,0.0,0.0,0.0,0.0,0.0,0.0,0.0,0,-107875648.0,0,0.0,0,-107875648.0,-107877712.0,0,52429,17039,26215,17054,13107,17038,0,0,0,110,100,100,-0.0,64.0,0.0,64.5,0.0,69.0,1,49,50,180,13107,0,0,0,0.0,0.0,0.0,0.0,-0.0,65.0,0.0,0.0,0.0,646,0,690,0,0,0,719,0,792,0,711,0,690,0,645,0,643,0,616,0.032,55836672.0,2.004,-107615152.0,784,16788,-0.0,41.314,-0.0,-67981004800.0,-0.0,2.1832841615055932e+38,29.0,60.0,70,0.0,0.0,0.0,0.0,0.0,0.0,0.0,0.0,0.0,0.0,0.0,0.0,0.0,0.0,0.0,0.0,59.2,69,11,65508,41,65476,0,300,0,0,8,20529,65476,0,0,61604,60.0,0.0,0.0,0.0,0.0,0.0
2026-04-04T11:09:07,ERR,ERR,ERR,ERR,ERR,ERR,ERR,ERR,ERR,ERR,ERR,ERR,ERR,ERR,ERR,ERR,ERR,ERR,ERR,ERR,ERR,ERR,ERR,ERR,ERR,ERR,ERR,ERR,ERR,ERR,ERR,ERR,ERR,ERR,ERR,ERR,ERR,ERR,ERR,ERR,ERR,ERR,ERR,ERR,ERR,ERR,ERR,ERR,ERR,ERR,ERR,ERR,ERR,ERR,ERR,ERR,ERR,ERR,ERR,ERR,ERR,ERR,ERR,ERR,ERR,ERR,ERR,ERR,ERR,ERR,ERR,ERR,ERR,ERR,ERR,ERR,ERR,ERR,ERR,ERR,ERR,ERR,ERR,ERR,ERR,ERR,ERR,ERR,ERR,ERR,ERR,ERR,ERR,ERR,ERR,ERR,ERR,ERR,ERR,ERR,ERR,ERR,ERR,ERR,ERR,ERR,ERR,ERR,ERR,ERR,ERR,ERR,ERR,ERR,ERR,ERR,ERR,ERR,ERR,ERR,ERR,ERR,ERR,ERR,ERR,2.7184278591402704e+23,0.0,-0.0,0.0,0.0,0.0,0.0,nan,0,0,0,32768,0,0.0,0,0.0,0.0,0.0,0.0,0.0,0,0,0,0,0.0,0,0,0,0,0,0,0,0,0,0,0,0,0,0,0,0,0,0,0,0,0,0,0,0,0,0,0,0,0,0,0,0,0,0,0,0,0,0,0,0,0,0,0,0,0.0,0.0,0.0,0.0,0.0,0.0,0.0,0.0,0.0,0.0,0.0,0.0,0.0,0.0,0.0,0.0,0.0,0.0,0.0,0.0,0.0,0.0,0.0,0.0,-2.004,0.0,0.0,0.0,0.0,0.0,3406.5,-8608108544.0,0.0,2.7184278591402704e+23,0.0,2.7184274988523002e+23,0.0,0.0,0.0,0.0,0.0,0,-0.0,0.0,0.0,0.0,0.0,0.0,0.0,0.0,0.0,0,0,0,0.0,0.0,0.0,0.0,0.0,0.0,0.0,0.0,0.0,0.0,0.0,0.0,0.0,0.0,0.0,0.0,0,-107875648.0,0,0.0,0,-107875648.0,-107877712.0,0,52429,17039,26215,17054,13107,17038,0,0,0,110,100,100,-0.0,64.0,0.0,64.5,0.0,69.0,1,49,50,180,13107,0,0,0,0.0,0.0,0.0,0.0,-0.0,65.0,0.0,0.0,0.0,646,0,690,0,0,0,719,0,792,0,711,0,690,0,645,0,643,0,616,0.032,55836672.0,2.004,-107615152.0,784,16788,-0.0,41.314,-0.0,-67981004800.0,-0.0,2.1832841615055932e+38,29.0,60.0,70,0.0,0.0,0.0,0.0,0.0,0.0,0.0,0.0,0.0,0.0,0.0,0.0,0.0,0.0,0.0,0.0,59.6,69,11,65508,41,65476,0,300,0,0,8,20529,65476,0,0,61604,60.0,0.0,0.0,0.0,0.0,0.0
2026-04-04T11:09:08,ERR,ERR,ERR,ERR,ERR,ERR,ERR,ERR,ERR,ERR,ERR,ERR,ERR,ERR,ERR,ERR,ERR,ERR,ERR,ERR,ERR,ERR,ERR,ERR,ERR,ERR,ERR,ERR,ERR,ERR,ERR,ERR,ERR,ERR,ERR,ERR,ERR,ERR,ERR,ERR,ERR,ERR,ERR,ERR,ERR,ERR,ERR,ERR,ERR,ERR,ERR,ERR,ERR,ERR,ERR,ERR,ERR,ERR,ERR,ERR,ERR,ERR,ERR,ERR,ERR,ERR,ERR,ERR,ERR,ERR,ERR,ERR,ERR,ERR,ERR,ERR,ERR,ERR,ERR,ERR,ERR,ERR,ERR,ERR,ERR,ERR,ERR,ERR,ERR,ERR,ERR,ERR,ERR,ERR,ERR,ERR,ERR,ERR,ERR,ERR,ERR,ERR,ERR,ERR,ERR,ERR,ERR,ERR,ERR,ERR,ERR,ERR,ERR,ERR,ERR,ERR,ERR,ERR,ERR,ERR,ERR,ERR,ERR,ERR,ERR,2.7184278591402704e+23,0.0,-0.0,0.0,0.0,0.0,0.0,nan,0,0,0,32768,0,0.0,0,0.0,0.0,0.0,0.0,0.0,0,0,0,0,0.0,0,0,0,0,0,0,0,0,0,0,0,0,0,0,0,0,0,0,0,0,0,0,0,0,0,0,0,0,0,0,0,0,0,0,0,0,0,0,0,0,0,0,0,0,0.0,0.0,0.0,0.0,0.0,0.0,0.0,0.0,0.0,0.0,0.0,0.0,0.0,0.0,0.0,0.0,0.0,0.0,0.0,0.0,0.0,0.0,0.0,0.0,-2.004,0.0,0.0,0.0,0.0,0.0,3406.5,-8608108544.0,0.0,2.7184278591402704e+23,0.0,2.7184274988523002e+23,0.0,0.0,0.0,0.0,0.0,0,-0.0,0.0,0.0,0.0,0.0,0.0,0.0,0.0,0.0,0,0,0,0.0,0.0,0.0,0.0,0.0,0.0,0.0,0.0,0.0,0.0,0.0,0.0,0.0,0.0,0.0,0.0,0,-107875648.0,0,0.0,0,-107875648.0,-107877712.0,0,52429,17039,26215,17054,13107,17038,0,0,0,110,100,100,-0.0,64.0,0.0,64.5,0.0,69.0,1,49,50,180,13107,0,0,0,0.0,0.0,0.0,0.0,-0.0,65.0,0.0,0.0,0.0,646,0,690,0,0,0,719,0,792,0,711,0,690,0,645,0,643,0,616,0.032,55836672.0,2.004,-107615152.0,784,16788,-0.0,41.314,-0.0,-67981004800.0,-0.0,2.1832841615055932e+38,29.0,60.0,70,0.0,0.0,0.0,0.0,0.0,0.0,0.0,0.0,0.0,0.0,0.0,0.0,0.0,0.0,0.0,0.0,59.6,69,11,65508,41,65476,0,300,0,0,8,20529,65476,0,0,61604,60.0,0.0,0.0,0.0,0.0,0.0
2026-04-04T11:09:09,ERR,ERR,ERR,ERR,ERR,ERR,ERR,ERR,ERR,ERR,ERR,ERR,ERR,ERR,ERR,ERR,ERR,ERR,ERR,ERR,ERR,ERR,ERR,ERR,ERR,ERR,ERR,ERR,ERR,ERR,ERR,ERR,ERR,ERR,ERR,ERR,ERR,ERR,ERR,ERR,ERR,ERR,ERR,ERR,ERR,ERR,ERR,ERR,ERR,ERR,ERR,ERR,ERR,ERR,ERR,ERR,ERR,ERR,ERR,ERR,ERR,ERR,ERR,ERR,ERR,ERR,ERR,ERR,ERR,ERR,ERR,ERR,ERR,ERR,ERR,ERR,ERR,ERR,ERR,ERR,ERR,ERR,ERR,ERR,ERR,ERR,ERR,ERR,ERR,ERR,ERR,ERR,ERR,ERR,ERR,ERR,ERR,ERR,ERR,ERR,ERR,ERR,ERR,ERR,ERR,ERR,ERR,ERR,ERR,ERR,ERR,ERR,ERR,ERR,ERR,ERR,ERR,ERR,ERR,ERR,ERR,ERR,ERR,ERR,ERR,2.7184278591402704e+23,0.0,-0.0,0.0,0.0,0.0,0.0,nan,0,0,0,32768,0,0.0,0,0.0,0.0,0.0,0.0,0.0,0,0,0,0,0.0,0,0,0,0,0,0,0,0,0,0,0,0,0,0,0,0,0,0,0,0,0,0,0,0,0,0,0,0,0,0,0,0,0,0,0,0,0,0,0,0,0,0,0,0,0.0,0.0,0.0,0.0,0.0,0.0,0.0,0.0,0.0,0.0,0.0,0.0,0.0,0.0,0.0,0.0,0.0,0.0,0.0,0.0,0.0,0.0,0.0,0.0,-2.004,0.0,0.0,0.0,0.0,0.0,3406.5,-8608108544.0,0.0,2.7184278591402704e+23,0.0,2.7184274988523002e+23,0.0,0.0,0.0,0.0,0.0,0,-0.0,0.0,0.0,0.0,0.0,0.0,0.0,0.0,0.0,0,0,0,0.0,0.0,0.0,0.0,0.0,0.0,0.0,0.0,0.0,0.0,0.0,0.0,0.0,0.0,0.0,0.0,0,-107875648.0,0,0.0,0,-107875648.0,-107877712.0,0,52429,17039,26215,17054,13107,17038,0,0,0,110,100,100,-0.0,64.0,0.0,64.5,0.0,69.0,1,49,50,180,13107,0,0,0,0.0,0.0,0.0,0.0,-0.0,65.0,0.0,319307776.0,0.0,646,0,690,0,0,0,719,0,792,0,711,0,690,0,645,0,643,0,617,0.032,56098816.0,0.0,2.7302316136196234e+23,57744,16787,-0.0,1034674801475584.0,-1.778387185516508e+36,0.0,-2.4686252246695936e+17,-0.235,29.0,60.0,70,0.0,0.0,0.0,0.0,0.0,0.0,0.0,0.0,0.0,0.0,0.0,0.0,0.0,0.0,0.0,0.0,59.6,69,11,65508,41,65476,0,300,0,0,8,20529,65476,0,0,61604,60.0,0.0,0.0,0.0,0.0,0.0
2026-04-04T11:09:10,ERR,ERR,ERR,ERR,ERR,ERR,ERR,ERR,ERR,ERR,ERR,ERR,ERR,ERR,ERR,ERR,ERR,ERR,ERR,ERR,ERR,ERR,ERR,ERR,ERR,ERR,ERR,ERR,ERR,ERR,ERR,ERR,ERR,ERR,ERR,ERR,ERR,ERR,ERR,ERR,ERR,ERR,ERR,ERR,ERR,ERR,ERR,ERR,ERR,ERR,ERR,ERR,ERR,ERR,ERR,ERR,ERR,ERR,ERR,ERR,ERR,ERR,ERR,ERR,ERR,ERR,ERR,ERR,ERR,ERR,ERR,ERR,ERR,ERR,ERR,ERR,ERR,ERR,ERR,ERR,ERR,ERR,ERR,ERR,ERR,ERR,ERR,ERR,ERR,ERR,ERR,ERR,ERR,ERR,ERR,ERR,ERR,ERR,ERR,ERR,ERR,ERR,ERR,ERR,ERR,ERR,ERR,ERR,ERR,ERR,ERR,ERR,ERR,ERR,ERR,ERR,ERR,ERR,ERR,ERR,ERR,ERR,ERR,ERR,ERR,2.7184278591402704e+23,0.0,-0.0,0.0,0.0,0.0,0.0,nan,0,0,0,32768,0,0.0,0,0.0,0.0,0.0,0.0,0.0,0,0,0,0,0.0,0,0,0,0,0,0,0,0,0,0,0,0,0,0,0,0,0,0,0,0,0,0,0,0,0,0,0,0,0,0,0,0,0,0,0,0,0,0,0,0,0,0,0,0,0.0,0.0,0.0,0.0,0.0,0.0,0.0,0.0,0.0,0.0,0.0,0.0,0.0,0.0,0.0,0.0,0.0,0.0,0.0,0.0,0.0,0.0,0.0,0.0,-0.0,0.0,0.0,0.0,0.0,0.0,3404.0,-2.004,0.0,2.7184278591402704e+23,0.0,-0.0,0.0,0.0,0.0,0.0,0.0,0,2.7184278591402704e+23,0.0,0.0,0.0,0.0,0.0,0.0,0.0,0.0,0,0,0,0.0,0.0,0.0,0.0,0.0,0.0,0.0,0.0,0.0,0.0,0.0,0.0,0.0,0.0,0.0,0.0,0,-107875648.0,0,0.0,0,-107875648.0,-0.0,0,52429,17039,26215,17054,13107,17038,0,0,0,110,100,100,-0.0,64.0,0.0,64.5,0.0,69.0,1,49,50,180,13107,0,0,0,0.0,0.0,0.0,0.0,-0.0,65.0,0.0,319307776.0,0.0,646,0,690,0,0,0,719,0,792,0,711,0,690,0,645,0,643,0,617,0.032,56098816.0,0.0,2.7302316136196234e+23,57744,16787,-0.0,1034674801475584.0,-1.778387185516508e+36,0.0,-2.4686252246695936e+17,-0.235,29.0,60.0,70,0.0,0.0,0.0,0.0,0.0,0.0,0.0,0.0,0.0,0.0,0.0,0.0,0.0,0.0,0.0,0.0,59.2,69,11,65508,41,65476,0,300,0,0,8,20529,65476,0,0,61604,60.0,0.0,0.0,0.0,0.0,0.0
2026-04-04T11:09:11,ERR,ERR,ERR,ERR,ERR,ERR,ERR,ERR,ERR,ERR,ERR,ERR,ERR,ERR,ERR,ERR,ERR,ERR,ERR,ERR,ERR,ERR,ERR,ERR,ERR,ERR,ERR,ERR,ERR,ERR,ERR,ERR,ERR,ERR,ERR,ERR,ERR,ERR,ERR,ERR,ERR,ERR,ERR,ERR,ERR,ERR,ERR,ERR,ERR,ERR,ERR,ERR,ERR,ERR,ERR,ERR,ERR,ERR,ERR,ERR,ERR,ERR,ERR,ERR,ERR,ERR,ERR,ERR,ERR,ERR,ERR,ERR,ERR,ERR,ERR,ERR,ERR,ERR,ERR,ERR,ERR,ERR,ERR,ERR,ERR,ERR,ERR,ERR,ERR,ERR,ERR,ERR,ERR,ERR,ERR,ERR,ERR,ERR,ERR,ERR,ERR,ERR,ERR,ERR,ERR,ERR,ERR,ERR,ERR,ERR,ERR,ERR,ERR,ERR,ERR,ERR,ERR,ERR,ERR,ERR,ERR,ERR,ERR,ERR,ERR,2.7184278591402704e+23,0.0,-0.0,0.0,0.0,0.0,0.0,nan,0,0,0,32768,0,0.0,0,0.0,0.0,0.0,0.0,0.0,0,0,0,0,0.0,0,0,0,0,0,0,0,0,0,0,0,0,0,0,0,0,0,0,0,0,0,0,0,0,0,0,0,0,0,0,0,0,0,0,0,0,0,0,0,0,0,0,0,0,0.0,0.0,0.0,0.0,0.0,0.0,0.0,0.0,0.0,0.0,0.0,0.0,0.0,0.0,0.0,0.0,0.0,0.0,0.0,0.0,0.0,0.0,0.0,0.0,-0.0,0.0,0.0,0.0,0.0,0.0,3404.0,-2.004,0.0,2.7184278591402704e+23,0.0,-0.0,0.0,0.0,0.0,0.0,0.0,0,2.7184278591402704e+23,0.0,0.0,0.0,0.0,0.0,0.0,0.0,0.0,0,0,0,0.0,0.0,0.0,0.0,0.0,0.0,0.0,0.0,0.0,0.0,0.0,0.0,0.0,0.0,0.0,0.0,0,-107875648.0,0,0.0,0,-107875648.0,-0.0,0,52429,17039,26215,17054,13107,17038,0,0,0,110,100,100,-0.0,64.0,0.0,64.5,0.0,69.0,1,49,50,180,13107,0,0,0,0.0,0.0,0.0,0.0,-0.0,65.0,0.0,319307776.0,0.0,646,0,690,0,0,0,719,0,792,0,711,0,690,0,645,0,643,0,617,0.032,56098816.0,0.0,2.7302316136196234e+23,57744,16787,-0.0,1034674801475584.0,-1.778387185516508e+36,0.0,-2.4686252246695936e+17,-0.235,29.0,60.0,70,0.0,0.0,0.0,0.0,0.0,0.0,0.0,0.0,0.0,0.0,0.0,0.0,0.0,0.0,0.0,0.0,59.2,69,11,65508,41,65476,0,300,0,0,8,20529,65476,0,0,61604,60.0,0.0,0.0,0.0,0.0,0.0
2026-04-04T11:09:12,ERR,ERR,ERR,ERR,ERR,ERR,ERR,ERR,ERR,ERR,ERR,ERR,ERR,ERR,ERR,ERR,ERR,ERR,ERR,ERR,ERR,ERR,ERR,ERR,ERR,ERR,ERR,ERR,ERR,ERR,ERR,ERR,ERR,ERR,ERR,ERR,ERR,ERR,ERR,ERR,ERR,ERR,ERR,ERR,ERR,ERR,ERR,ERR,ERR,ERR,ERR,ERR,ERR,ERR,ERR,ERR,ERR,ERR,ERR,ERR,ERR,ERR,ERR,ERR,ERR,ERR,ERR,ERR,ERR,ERR,ERR,ERR,ERR,ERR,ERR,ERR,ERR,ERR,ERR,ERR,ERR,ERR,ERR,ERR,ERR,ERR,ERR,ERR,ERR,ERR,ERR,ERR,ERR,ERR,ERR,ERR,ERR,ERR,ERR,ERR,ERR,ERR,ERR,ERR,ERR,ERR,ERR,ERR,ERR,ERR,ERR,ERR,ERR,ERR,ERR,ERR,ERR,ERR,ERR,ERR,ERR,ERR,ERR,ERR,ERR,2.7184278591402704e+23,0.0,-0.0,0.0,0.0,0.0,0.0,nan,0,0,0,32768,0,0.0,0,0.0,0.0,0.0,0.0,0.0,0,0,0,0,0.0,0,0,0,0,0,0,0,0,0,0,0,0,0,0,0,0,0,0,0,0,0,0,0,0,0,0,0,0,0,0,0,0,0,0,0,0,0,0,0,0,0,0,0,0,0.0,0.0,0.0,0.0,0.0,0.0,0.0,0.0,0.0,0.0,0.0,0.0,0.0,0.0,0.0,0.0,0.0,0.0,0.0,0.0,0.0,0.0,0.0,0.0,-0.0,0.0,0.0,0.0,0.0,0.0,3404.0,-2.004,0.0,2.7184278591402704e+23,0.0,-0.0,0.0,0.0,0.0,0.0,0.0,0,2.7184278591402704e+23,0.0,0.0,0.0,0.0,0.0,0.0,0.0,0.0,0,0,0,0.0,0.0,0.0,0.0,0.0,0.0,0.0,0.0,0.0,0.0,0.0,0.0,0.0,0.0,0.0,0.0,0,-107875648.0,0,0.0,0,-107875648.0,-0.0,0,52429,17039,26215,17054,13107,17038,0,0,0,110,100,100,-0.0,64.0,0.0,64.5,0.0,69.0,1,49,50,180,13107,0,0,0,0.0,0.0,0.0,0.0,-0.0,65.0,0.0,319307776.0,0.0,646,0,690,0,0,0,719,0,792,0,711,0,690,0,645,0,643,0,617,0.032,56098816.0,0.0,2.7302316136196234e+23,57744,16787,-0.0,1034674801475584.0,-1.778387185516508e+36,0.0,-2.4686252246695936e+17,-0.235,29.0,60.0,70,0.0,0.0,0.0,0.0,0.0,0.0,0.0,0.0,0.0,0.0,0.0,0.0,0.0,0.0,0.0,0.0,59.2,69,11,65508,41,65476,0,300,0,0,8,20529,65476,0,0,61604,60.0,0.0,0.0,0.0,0.0,0.0
2026-04-04T11:09:13,ERR,ERR,ERR,ERR,ERR,ERR,ERR,ERR,ERR,ERR,ERR,ERR,ERR,ERR,ERR,ERR,ERR,ERR,ERR,ERR,ERR,ERR,ERR,ERR,ERR,ERR,ERR,ERR,ERR,ERR,ERR,ERR,ERR,ERR,ERR,ERR,ERR,ERR,ERR,ERR,ERR,ERR,ERR,ERR,ERR,ERR,ERR,ERR,ERR,ERR,ERR,ERR,ERR,ERR,ERR,ERR,ERR,ERR,ERR,ERR,ERR,ERR,ERR,ERR,ERR,ERR,ERR,ERR,ERR,ERR,ERR,ERR,ERR,ERR,ERR,ERR,ERR,ERR,ERR,ERR,ERR,ERR,ERR,ERR,ERR,ERR,ERR,ERR,ERR,ERR,ERR,ERR,ERR,ERR,ERR,ERR,ERR,ERR,ERR,ERR,ERR,ERR,ERR,ERR,ERR,ERR,ERR,ERR,ERR,ERR,ERR,ERR,ERR,ERR,ERR,ERR,ERR,ERR,ERR,ERR,ERR,ERR,ERR,ERR,ERR,2.7184278591402704e+23,0.0,-0.0,0.0,0.0,0.0,0.0,nan,0,0,0,32768,0,0.0,0,0.0,0.0,0.0,0.0,0.0,0,0,0,0,0.0,0,0,0,0,0,0,0,0,0,0,0,0,0,0,0,0,0,0,0,0,0,0,0,0,0,0,0,0,0,0,0,0,0,0,0,0,0,0,0,0,0,0,0,0,0.0,0.0,0.0,0.0,0.0,0.0,0.0,0.0,0.0,0.0,0.0,0.0,0.0,0.0,0.0,0.0,0.0,0.0,0.0,0.0,0.0,0.0,0.0,0.0,-0.0,0.0,0.0,0.0,0.0,0.0,3404.0,-2.004,0.0,2.7184278591402704e+23,0.0,-0.0,0.0,0.0,0.0,0.0,0.0,0,2.7184278591402704e+23,0.0,0.0,0.0,0.0,0.0,0.0,0.0,0.0,0,0,0,0.0,0.0,0.0,0.0,0.0,0.0,0.0,0.0,0.0,0.0,0.0,0.0,0.0,0.0,0.0,0.0,0,-107875648.0,0,0.0,0,-107875648.0,-0.0,0,52429,17039,26215,17054,13107,17038,0,0,0,110,100,100,-0.0,64.0,0.0,64.5,0.0,69.0,1,49,50,180,13107,0,0,0,0.0,0.0,0.0,0.0,-0.0,65.0,0.0,319307776.0,0.0,646,0,690,0,0,0,719,0,792,0,711,0,690,0,645,0,643,0,617,0.032,56098816.0,0.0,2.7302316136196234e+23,57744,16787,-0.0,1034674801475584.0,-1.778387185516508e+36,0.0,-2.4686252246695936e+17,-0.235,29.0,60.0,70,0.0,0.0,0.0,0.0,0.0,0.0,0.0,0.0,0.0,0.0,0.0,0.0,0.0,0.0,0.0,0.0,59.2,69,11,65508,41,65476,0,300,0,0,8,20529,65476,0,0,61604,60.0,0.0,0.0,0.0,0.0,0.0
2026-04-04T11:09:14,ERR,ERR,ERR,ERR,ERR,ERR,ERR,ERR,ERR,ERR,ERR,ERR,ERR,ERR,ERR,ERR,ERR,ERR,ERR,ERR,ERR,ERR,ERR,ERR,ERR,ERR,ERR,ERR,ERR,ERR,ERR,ERR,ERR,ERR,ERR,ERR,ERR,ERR,ERR,ERR,ERR,ERR,ERR,ERR,ERR,ERR,ERR,ERR,ERR,ERR,ERR,ERR,ERR,ERR,ERR,ERR,ERR,ERR,ERR,ERR,ERR,ERR,ERR,ERR,ERR,ERR,ERR,ERR,ERR,ERR,ERR,ERR,ERR,ERR,ERR,ERR,ERR,ERR,ERR,ERR,ERR,ERR,ERR,ERR,ERR,ERR,ERR,ERR,ERR,ERR,ERR,ERR,ERR,ERR,ERR,ERR,ERR,ERR,ERR,ERR,ERR,ERR,ERR,ERR,ERR,ERR,ERR,ERR,ERR,ERR,ERR,ERR,ERR,ERR,ERR,ERR,ERR,ERR,ERR,ERR,ERR,ERR,ERR,ERR,ERR,2.7184278591402704e+23,0.0,-0.0,0.0,0.0,0.0,0.0,nan,0,0,0,32768,0,0.0,0,0.0,0.0,0.0,0.0,0.0,0,0,0,0,0.0,0,0,0,0,0,0,0,0,0,0,0,0,0,0,0,0,0,0,0,0,0,0,0,0,0,0,0,0,0,0,0,0,0,0,0,0,0,0,0,0,0,0,0,0,0.0,0.0,0.0,0.0,0.0,0.0,0.0,0.0,0.0,0.0,0.0,0.0,0.0,0.0,0.0,0.0,0.0,0.0,0.0,0.0,0.0,0.0,0.0,0.0,-0.0,0.0,0.0,0.0,0.0,0.0,3404.0,-2.004,0.0,2.7184278591402704e+23,0.0,-0.0,0.0,0.0,0.0,0.0,0.0,0,2.7184278591402704e+23,0.0,0.0,0.0,0.0,0.0,0.0,0.0,0.0,0,0,0,0.0,0.0,0.0,0.0,0.0,0.0,0.0,0.0,0.0,0.0,0.0,0.0,0.0,0.0,0.0,0.0,0,-107875648.0,0,0.0,0,-107875648.0,-0.0,0,52429,17039,26215,17054,13107,17038,0,0,0,110,100,100,-0.0,64.0,0.0,64.5,0.0,69.0,1,49,50,180,13107,0,0,0,0.0,0.0,0.0,0.0,-0.0,65.0,0.0,319307776.0,0.0,646,0,690,0,0,0,719,0,792,0,711,0,690,0,645,0,643,0,617,0.032,56098816.0,0.0,2.7302316136196234e+23,57744,16787,-0.0,1034674801475584.0,-1.778387185516508e+36,0.0,-2.4686252246695936e+17,-0.235,29.0,60.0,70,0.0,0.0,0.0,0.0,0.0,0.0,0.0,0.0,0.0,0.0,0.0,0.0,0.0,0.0,0.0,0.0,59.2,69,11,65508,41,65476,0,300,0,0,8,20529,65476,0,0,61604,60.0,0.0,0.0,0.0,0.0,0.0
2026-04-04T11:09:15,ERR,ERR,ERR,ERR,ERR,ERR,ERR,ERR,ERR,ERR,ERR,ERR,ERR,ERR,ERR,ERR,ERR,ERR,ERR,ERR,ERR,ERR,ERR,ERR,ERR,ERR,ERR,ERR,ERR,ERR,ERR,ERR,ERR,ERR,ERR,ERR,ERR,ERR,ERR,ERR,ERR,ERR,ERR,ERR,ERR,ERR,ERR,ERR,ERR,ERR,ERR,ERR,ERR,ERR,ERR,ERR,ERR,ERR,ERR,ERR,ERR,ERR,ERR,ERR,ERR,ERR,ERR,ERR,ERR,ERR,ERR,ERR,ERR,ERR,ERR,ERR,ERR,ERR,ERR,ERR,ERR,ERR,ERR,ERR,ERR,ERR,ERR,ERR,ERR,ERR,ERR,ERR,ERR,ERR,ERR,ERR,ERR,ERR,ERR,ERR,ERR,ERR,ERR,ERR,ERR,ERR,ERR,ERR,ERR,ERR,ERR,ERR,ERR,ERR,ERR,ERR,ERR,ERR,ERR,ERR,ERR,ERR,ERR,ERR,ERR,2.7184278591402704e+23,0.0,-0.0,0.0,0.0,0.0,0.0,nan,0,0,0,32768,0,0.0,0,0.0,0.0,0.0,0.0,0.0,0,0,0,0,0.0,0,0,0,0,0,0,0,0,0,0,0,0,0,0,0,0,0,0,0,0,0,0,0,0,0,0,0,0,0,0,0,0,0,0,0,0,0,0,0,0,0,0,0,0,0.0,0.0,0.0,0.0,0.0,0.0,0.0,0.0,0.0,0.0,0.0,0.0,0.0,0.0,0.0,0.0,0.0,0.0,0.0,0.0,0.0,0.0,0.0,0.0,-0.0,0.0,0.0,0.0,0.0,0.0,3404.0,-2.004,0.0,2.7184278591402704e+23,0.0,-0.0,0.0,0.0,0.0,0.0,0.0,0,2.7184278591402704e+23,0.0,0.0,0.0,0.0,0.0,0.0,0.0,0.0,0,0,0,0.0,0.0,0.0,0.0,0.0,0.0,0.0,0.0,0.0,0.0,0.0,0.0,0.0,0.0,0.0,0.0,0,-107875648.0,0,0.0,0,-107875648.0,-0.0,0,52429,17039,26215,17054,13107,17038,0,0,0,110,100,100,-0.0,64.0,0.0,64.5,0.0,69.0,1,49,50,180,13107,0,0,0,0.0,0.0,0.0,0.0,-0.0,65.0,0.0,7.863155762228452e+27,0.0,646,0,690,0,0,0,719,0,792,0,711,0,690,0,645,0,643,0,616,0.032,36700160.0,0.0,2.7302316136196234e+23,60560,16787,-0.0,3.36295027734547e+34,73149988864.0,-1.4628200496457264e+22,0.0,0.0,29.0,60.0,70,0.0,0.0,0.0,0.0,0.0,0.0,0.0,0.0,0.0,0.0,0.0,0.0,0.0,0.0,0.0,0.0,59.2,69,11,65508,41,65476,0,300,0,0,8,20529,65476,0,0,61604,60.0,0.0,0.0,0.0,0.0,0.0
2026-04-04T11:09:16,ERR,ERR,ERR,ERR,ERR,ERR,ERR,ERR,ERR,ERR,ERR,ERR,ERR,ERR,ERR,ERR,ERR,ERR,ERR,ERR,ERR,ERR,ERR,ERR,ERR,ERR,ERR,ERR,ERR,ERR,ERR,ERR,ERR,ERR,ERR,ERR,ERR,ERR,ERR,ERR,ERR,ERR,ERR,ERR,ERR,ERR,ERR,ERR,ERR,ERR,ERR,ERR,ERR,ERR,ERR,ERR,ERR,ERR,ERR,ERR,ERR,ERR,ERR,ERR,ERR,ERR,ERR,ERR,ERR,ERR,ERR,ERR,ERR,ERR,ERR,ERR,ERR,ERR,ERR,ERR,ERR,ERR,ERR,ERR,ERR,ERR,ERR,ERR,ERR,ERR,ERR,ERR,ERR,ERR,ERR,ERR,ERR,ERR,ERR,ERR,ERR,ERR,ERR,ERR,ERR,ERR,ERR,ERR,ERR,ERR,ERR,ERR,ERR,ERR,ERR,ERR,ERR,ERR,ERR,ERR,ERR,ERR,ERR,ERR,ERR,2.7184278591402704e+23,0.0,-0.0,0.0,0.0,0.0,0.0,nan,0,0,0,32768,0,0.0,0,0.0,0.0,0.0,0.0,0.0,0,0,0,0,0.0,0,0,0,0,0,0,0,0,0,0,0,0,0,0,0,0,0,0,0,0,0,0,0,0,0,0,0,0,0,0,0,0,0,0,0,0,0,0,0,0,0,0,0,0,0.0,0.0,0.0,0.0,0.0,0.0,0.0,0.0,0.0,0.0,0.0,0.0,0.0,0.0,0.0,0.0,0.0,0.0,0.0,0.0,0.0,0.0,0.0,0.0,-0.0,0.0,0.0,0.0,0.0,0.0,3404.0,-2.004,0.0,2.7184278591402704e+23,0.0,-0.0,0.0,0.0,0.0,0.0,0.0,0,2.7184278591402704e+23,0.0,0.0,0.0,0.0,0.0,0.0,0.0,0.0,0,0,0,0.0,0.0,0.0,0.0,0.0,0.0,0.0,0.0,0.0,0.0,0.0,0.0,0.0,0.0,0.0,0.0,0,-107875648.0,0,0.0,0,-107875648.0,-0.0,0,52429,17039,26215,17054,13107,17038,0,0,0,110,100,100,-0.0,64.0,0.0,64.5,0.0,69.0,1,49,50,180,13107,0,0,0,0.0,0.0,0.0,0.0,-0.0,65.0,0.0,7.863155762228452e+27,0.0,646,0,690,0,0,0,719,0,792,0,711,0,690,0,645,0,643,0,616,0.032,36700160.0,0.0,2.7302316136196234e+23,60560,16787,-0.0,3.36295027734547e+34,73149988864.0,-1.4628200496457264e+22,0.0,0.0,29.0,60.0,70,0.0,0.0,0.0,0.0,0.0,0.0,0.0,0.0,0.0,0.0,0.0,0.0,0.0,0.0,0.0,0.0,59.2,69,11,65508,41,65476,0,300,0,0,8,20529,65476,0,0,61604,60.0,0.0,0.0,0.0,0.0,0.0
2026-04-04T11:09:17,ERR,ERR,ERR,ERR,ERR,ERR,ERR,ERR,ERR,ERR,ERR,ERR,ERR,ERR,ERR,ERR,ERR,ERR,ERR,ERR,ERR,ERR,ERR,ERR,ERR,ERR,ERR,ERR,ERR,ERR,ERR,ERR,ERR,ERR,ERR,ERR,ERR,ERR,ERR,ERR,ERR,ERR,ERR,ERR,ERR,ERR,ERR,ERR,ERR,ERR,ERR,ERR,ERR,ERR,ERR,ERR,ERR,ERR,ERR,ERR,ERR,ERR,ERR,ERR,ERR,ERR,ERR,ERR,ERR,ERR,ERR,ERR,ERR,ERR,ERR,ERR,ERR,ERR,ERR,ERR,ERR,ERR,ERR,ERR,ERR,ERR,ERR,ERR,ERR,ERR,ERR,ERR,ERR,ERR,ERR,ERR,ERR,ERR,ERR,ERR,ERR,ERR,ERR,ERR,ERR,ERR,ERR,ERR,ERR,ERR,ERR,ERR,ERR,ERR,ERR,ERR,ERR,ERR,ERR,ERR,ERR,ERR,ERR,ERR,ERR,2.7184278591402704e+23,0.0,-0.0,0.0,0.0,0.0,0.0,nan,0,0,0,32768,0,0.0,0,0.0,0.0,0.0,0.0,0.0,0,0,0,0,0.0,0,0,0,0,0,0,0,0,0,0,0,0,0,0,0,0,0,0,0,0,0,0,0,0,0,0,0,0,0,0,0,0,0,0,0,0,0,0,0,0,0,0,0,0,0.0,0.0,0.0,0.0,0.0,0.0,0.0,0.0,0.0,0.0,0.0,0.0,0.0,0.0,0.0,0.0,0.0,0.0,0.0,0.0,0.0,0.0,0.0,0.0,-0.0,0.0,0.0,0.0,0.0,0.0,3404.0,-2.004,0.0,2.7184278591402704e+23,0.0,-0.0,0.0,0.0,0.0,0.0,0.0,0,2.7184278591402704e+23,0.0,0.0,0.0,0.0,0.0,0.0,0.0,0.0,0,0,0,0.0,0.0,0.0,0.0,0.0,0.0,0.0,0.0,0.0,0.0,0.0,0.0,0.0,0.0,0.0,0.0,0,-107875648.0,0,0.0,0,-107875648.0,-0.0,0,52429,17039,26215,17054,13107,17038,0,0,0,110,100,100,-0.0,64.0,0.0,64.5,0.0,69.0,1,49,50,180,13107,0,0,0,0.0,0.0,0.0,0.0,-0.0,65.0,0.0,7.863155762228452e+27,0.0,646,0,690,0,0,0,719,0,792,0,711,0,690,0,645,0,643,0,616,0.032,36700160.0,0.0,2.7302316136196234e+23,60560,16787,-0.0,3.36295027734547e+34,73149988864.0,-1.4628200496457264e+22,0.0,0.0,29.0,60.0,70,0.0,0.0,0.0,0.0,0.0,0.0,0.0,0.0,0.0,0.0,0.0,0.0,0.0,0.0,0.0,0.0,59.2,69,11,65508,41,65476,0,300,0,0,8,20529,65476,0,0,61604,60.0,0.0,0.0,0.0,0.0,0.0
2026-04-04T11:09:18,ERR,ERR,ERR,ERR,ERR,ERR,ERR,ERR,ERR,ERR,ERR,ERR,ERR,ERR,ERR,ERR,ERR,ERR,ERR,ERR,ERR,ERR,ERR,ERR,ERR,ERR,ERR,ERR,ERR,ERR,ERR,ERR,ERR,ERR,ERR,ERR,ERR,ERR,ERR,ERR,ERR,ERR,ERR,ERR,ERR,ERR,ERR,ERR,ERR,ERR,ERR,ERR,ERR,ERR,ERR,ERR,ERR,ERR,ERR,ERR,ERR,ERR,ERR,ERR,ERR,ERR,ERR,ERR,ERR,ERR,ERR,ERR,ERR,ERR,ERR,ERR,ERR,ERR,ERR,ERR,ERR,ERR,ERR,ERR,ERR,ERR,ERR,ERR,ERR,ERR,ERR,ERR,ERR,ERR,ERR,ERR,ERR,ERR,ERR,ERR,ERR,ERR,ERR,ERR,ERR,ERR,ERR,ERR,ERR,ERR,ERR,ERR,ERR,ERR,ERR,ERR,ERR,ERR,ERR,ERR,ERR,ERR,ERR,ERR,ERR,2.7184278591402704e+23,0.0,-0.0,0.0,0.0,0.0,0.0,nan,0,0,0,32768,0,0.0,0,0.0,0.0,0.0,0.0,0.0,0,0,0,0,0.0,0,0,0,0,0,0,0,0,0,0,0,0,0,0,0,0,0,0,0,0,0,0,0,0,0,0,0,0,0,0,0,0,0,0,0,0,0,0,0,0,0,0,0,0,0.0,0.0,0.0,0.0,0.0,0.0,0.0,0.0,0.0,0.0,0.0,0.0,0.0,0.0,0.0,0.0,0.0,0.0,0.0,0.0,0.0,0.0,0.0,0.0,-2.004,0.0,0.0,0.0,0.0,0.0,3405.0,-0.0,0.0,2.7184278591402704e+23,0.0,-0.0,0.0,0.0,0.0,0.0,0.0,0,2.7184278591402704e+23,0.0,0.0,0.0,0.0,0.0,0.0,0.0,0.0,0,0,0,0.0,0.0,0.0,0.0,0.0,0.0,0.0,0.0,0.0,0.0,0.0,0.0,0.0,0.0,0.0,0.0,0,-107875648.0,0,0.0,0,-107875648.0,-107877712.0,0,52429,17039,26215,17054,13107,17038,0,0,0,110,100,100,-0.0,64.0,0.0,64.5,0.0,69.0,1,49,50,180,13107,0,0,0,0.0,0.0,0.0,0.0,-0.0,65.0,0.0,7.863155762228452e+27,0.0,646,0,690,0,0,0,719,0,792,0,711,0,690,0,645,0,643,0,616,0.032,36700160.0,0.0,2.7302316136196234e+23,60560,16787,-0.0,3.36295027734547e+34,73149988864.0,-1.4628200496457264e+22,0.0,0.0,29.0,60.0,70,0.0,0.0,0.0,0.0,0.0,0.0,0.0,0.0,0.0,0.0,0.0,0.0,0.0,0.0,0.0,0.0,59.2,69,11,65508,41,65476,0,300,0,0,8,20529,65476,0,0,61604,60.0,0.0,0.0,0.0,0.0,0.0
2026-04-04T11:09:19,ERR,ERR,ERR,ERR,ERR,ERR,ERR,ERR,ERR,ERR,ERR,ERR,ERR,ERR,ERR,ERR,ERR,ERR,ERR,ERR,ERR,ERR,ERR,ERR,ERR,ERR,ERR,ERR,ERR,ERR,ERR,ERR,ERR,ERR,ERR,ERR,ERR,ERR,ERR,ERR,ERR,ERR,ERR,ERR,ERR,ERR,ERR,ERR,ERR,ERR,ERR,ERR,ERR,ERR,ERR,ERR,ERR,ERR,ERR,ERR,ERR,ERR,ERR,ERR,ERR,ERR,ERR,ERR,ERR,ERR,ERR,ERR,ERR,ERR,ERR,ERR,ERR,ERR,ERR,ERR,ERR,ERR,ERR,ERR,ERR,ERR,ERR,ERR,ERR,ERR,ERR,ERR,ERR,ERR,ERR,ERR,ERR,ERR,ERR,ERR,ERR,ERR,ERR,ERR,ERR,ERR,ERR,ERR,ERR,ERR,ERR,ERR,ERR,ERR,ERR,ERR,ERR,ERR,ERR,ERR,ERR,ERR,ERR,ERR,ERR,2.7184278591402704e+23,0.0,-0.0,0.0,0.0,0.0,0.0,nan,0,0,0,32768,0,0.0,0,0.0,0.0,0.0,0.0,0.0,0,0,0,0,0.0,0,0,0,0,0,0,0,0,0,0,0,0,0,0,0,0,0,0,0,0,0,0,0,0,0,0,0,0,0,0,0,0,0,0,0,0,0,0,0,0,0,0,0,0,0.0,0.0,0.0,0.0,0.0,0.0,0.0,0.0,0.0,0.0,0.0,0.0,0.0,0.0,0.0,0.0,0.0,0.0,0.0,0.0,0.0,0.0,0.0,0.0,-2.004,0.0,0.0,0.0,0.0,0.0,3405.0,-0.0,0.0,2.7184278591402704e+23,0.0,-0.0,0.0,0.0,0.0,0.0,0.0,0,2.7184278591402704e+23,0.0,0.0,0.0,0.0,0.0,0.0,0.0,0.0,0,0,0,0.0,0.0,0.0,0.0,0.0,0.0,0.0,0.0,0.0,0.0,0.0,0.0,0.0,0.0,0.0,0.0,0,-107875648.0,0,0.0,0,-107875648.0,-107877712.0,0,52429,17039,26215,17054,13107,17038,0,0,0,110,100,100,-0.0,64.0,0.0,64.5,0.0,69.0,1,49,50,180,13107,0,0,0,0.0,0.0,0.0,0.0,-0.0,65.0,0.0,7.863155762228452e+27,0.0,646,0,690,0,0,0,719,0,792,0,711,0,690,0,645,0,643,0,616,0.032,36700160.0,0.0,2.7302316136196234e+23,60560,16787,-0.0,3.36295027734547e+34,73149988864.0,-1.4628200496457264e+22,0.0,0.0,29.0,60.0,70,0.0,0.0,0.0,0.0,0.0,0.0,0.0,0.0,0.0,0.0,0.0,0.0,0.0,0.0,0.0,0.0,59.2,69,11,65508,41,65476,0,300,0,0,8,20529,65476,0,0,61604,60.0,0.0,0.0,0.0,0.0,0.0
2026-04-04T11:09:20,ERR,ERR,ERR,ERR,ERR,ERR,ERR,ERR,ERR,ERR,ERR,ERR,ERR,ERR,ERR,ERR,ERR,ERR,ERR,ERR,ERR,ERR,ERR,ERR,ERR,ERR,ERR,ERR,ERR,ERR,ERR,ERR,ERR,ERR,ERR,ERR,ERR,ERR,ERR,ERR,ERR,ERR,ERR,ERR,ERR,ERR,ERR,ERR,ERR,ERR,ERR,ERR,ERR,ERR,ERR,ERR,ERR,ERR,ERR,ERR,ERR,ERR,ERR,ERR,ERR,ERR,ERR,ERR,ERR,ERR,ERR,ERR,ERR,ERR,ERR,ERR,ERR,ERR,ERR,ERR,ERR,ERR,ERR,ERR,ERR,ERR,ERR,ERR,ERR,ERR,ERR,ERR,ERR,ERR,ERR,ERR,ERR,ERR,ERR,ERR,ERR,ERR,ERR,ERR,ERR,ERR,ERR,ERR,ERR,ERR,ERR,ERR,ERR,ERR,ERR,ERR,ERR,ERR,ERR,ERR,ERR,ERR,ERR,ERR,ERR,2.7184278591402704e+23,0.0,-0.0,0.0,0.0,0.0,0.0,nan,0,0,0,32768,0,0.0,0,0.0,0.0,0.0,0.0,0.0,0,0,0,0,0.0,0,0,0,0,0,0,0,0,0,0,0,0,0,0,0,0,0,0,0,0,0,0,0,0,0,0,0,0,0,0,0,0,0,0,0,0,0,0,0,0,0,0,0,0,0.0,0.0,0.0,0.0,0.0,0.0,0.0,0.0,0.0,0.0,0.0,0.0,0.0,0.0,0.0,0.0,0.0,0.0,0.0,0.0,0.0,0.0,0.0,0.0,-2.004,0.0,0.0,0.0,0.0,0.0,3405.0,-0.0,0.0,2.7184278591402704e+23,0.0,-0.0,0.0,0.0,0.0,0.0,0.0,0,2.7184278591402704e+23,0.0,0.0,0.0,0.0,0.0,0.0,0.0,0.0,0,0,0,0.0,0.0,0.0,0.0,0.0,0.0,0.0,0.0,0.0,0.0,0.0,0.0,0.0,0.0,0.0,0.0,0,-107875648.0,0,0.0,0,-107875648.0,-107877712.0,0,52429,17039,26215,17054,13107,17038,0,0,0,110,100,100,-0.0,64.0,0.0,64.5,0.0,69.0,1,49,50,180,13107,0,0,0,0.0,0.0,0.0,0.0,-0.0,65.0,0.0,7.863155762228452e+27,0.0,646,0,690,0,0,0,719,0,792,0,711,0,690,0,645,0,643,0,616,0.032,36700160.0,0.0,2.7302316136196234e+23,60560,16787,-0.0,3.36295027734547e+34,73149988864.0,-1.4628200496457264e+22,0.0,0.0,29.0,60.0,70,0.0,0.0,0.0,0.0,0.0,0.0,0.0,0.0,0.0,0.0,0.0,0.0,0.0,0.0,0.0,0.0,59.2,69,11,65508,41,65476,0,300,0,0,8,20529,65476,0,0,61604,60.0,0.0,0.0,0.0,0.0,0.0
2026-04-04T11:09:21,ERR,ERR,ERR,ERR,ERR,ERR,ERR,ERR,ERR,ERR,ERR,ERR,ERR,ERR,ERR,ERR,ERR,ERR,ERR,ERR,ERR,ERR,ERR,ERR,ERR,ERR,ERR,ERR,ERR,ERR,ERR,ERR,ERR,ERR,ERR,ERR,ERR,ERR,ERR,ERR,ERR,ERR,ERR,ERR,ERR,ERR,ERR,ERR,ERR,ERR,ERR,ERR,ERR,ERR,ERR,ERR,ERR,ERR,ERR,ERR,ERR,ERR,ERR,ERR,ERR,ERR,ERR,ERR,ERR,ERR,ERR,ERR,ERR,ERR,ERR,ERR,ERR,ERR,ERR,ERR,ERR,ERR,ERR,ERR,ERR,ERR,ERR,ERR,ERR,ERR,ERR,ERR,ERR,ERR,ERR,ERR,ERR,ERR,ERR,ERR,ERR,ERR,ERR,ERR,ERR,ERR,ERR,ERR,ERR,ERR,ERR,ERR,ERR,ERR,ERR,ERR,ERR,ERR,ERR,ERR,ERR,ERR,ERR,ERR,ERR,2.7184278591402704e+23,0.0,-0.0,0.0,0.0,0.0,0.0,nan,0,0,0,32768,0,0.0,0,0.0,0.0,0.0,0.0,0.0,0,0,0,0,0.0,0,0,0,0,0,0,0,0,0,0,0,0,0,0,0,0,0,0,0,0,0,0,0,0,0,0,0,0,0,0,0,0,0,0,0,0,0,0,0,0,0,0,0,0,0.0,0.0,0.0,0.0,0.0,0.0,0.0,0.0,0.0,0.0,0.0,0.0,0.0,0.0,0.0,0.0,0.0,0.0,0.0,0.0,0.0,0.0,0.0,0.0,-2.004,0.0,0.0,0.0,0.0,0.0,3405.0,-0.0,0.0,2.7184278591402704e+23,0.0,-0.0,0.0,0.0,0.0,0.0,0.0,0,2.7184278591402704e+23,0.0,0.0,0.0,0.0,0.0,0.0,0.0,0.0,0,0,0,0.0,0.0,0.0,0.0,0.0,0.0,0.0,0.0,0.0,0.0,0.0,0.0,0.0,0.0,0.0,0.0,0,-107875648.0,0,0.0,0,-107875648.0,-107877712.0,0,52429,17039,26215,17054,13107,17038,0,0,0,110,100,100,-0.0,64.0,0.0,64.5,0.0,69.0,1,49,50,180,13107,0,0,0,0.0,0.0,0.0,0.0,-0.0,65.0,0.0,1735098068107264.0,0.0,646,0,690,0,0,0,719,0,792,0,711,0,690,0,645,0,643,0,616,0.032,36700160.0,0.0,2.7302316136196234e+23,6544,16788,-0.0,1735098068107264.0,0.0,6.1876890274333905e+31,-4.3639915573592195e+20,-5768.065,29.0,60.0,70,0.0,0.0,0.0,0.0,0.0,0.0,0.0,0.0,0.0,0.0,0.0,0.0,0.0,0.0,0.0,0.0,59.2,69,11,65508,41,65476,0,300,0,0,8,20529,65476,0,0,61604,60.0,0.0,0.0,0.0,0.0,0.0
2026-04-04T11:09:22,ERR,ERR,ERR,ERR,ERR,ERR,ERR,ERR,ERR,ERR,ERR,ERR,ERR,ERR,ERR,ERR,ERR,ERR,ERR,ERR,ERR,ERR,ERR,ERR,ERR,ERR,ERR,ERR,ERR,ERR,ERR,ERR,ERR,ERR,ERR,ERR,ERR,ERR,ERR,ERR,ERR,ERR,ERR,ERR,ERR,ERR,ERR,ERR,ERR,ERR,ERR,ERR,ERR,ERR,ERR,ERR,ERR,ERR,ERR,ERR,ERR,ERR,ERR,ERR,ERR,ERR,ERR,ERR,ERR,ERR,ERR,ERR,ERR,ERR,ERR,ERR,ERR,ERR,ERR,ERR,ERR,ERR,ERR,ERR,ERR,ERR,ERR,ERR,ERR,ERR,ERR,ERR,ERR,ERR,ERR,ERR,ERR,ERR,ERR,ERR,ERR,ERR,ERR,ERR,ERR,ERR,ERR,ERR,ERR,ERR,ERR,ERR,ERR,ERR,ERR,ERR,ERR,ERR,ERR,ERR,ERR,ERR,ERR,ERR,ERR,2.7184278591402704e+23,0.0,-0.0,0.0,0.0,0.0,0.0,nan,0,0,0,32768,0,0.0,0,0.0,0.0,0.0,0.0,0.0,0,0,0,0,0.0,0,0,0,0,0,0,0,0,0,0,0,0,0,0,0,0,0,0,0,0,0,0,0,0,0,0,0,0,0,0,0,0,0,0,0,0,0,0,0,0,0,0,0,0,0.0,0.0,0.0,0.0,0.0,0.0,0.0,0.0,0.0,0.0,0.0,0.0,0.0,0.0,0.0,0.0,0.0,0.0,0.0,0.0,0.0,0.0,0.0,0.0,-2.004,0.0,0.0,0.0,0.0,0.0,3405.0,-0.0,0.0,2.7184278591402704e+23,0.0,-0.0,0.0,0.0,0.0,0.0,0.0,0,2.7184278591402704e+23,0.0,0.0,0.0,0.0,0.0,0.0,0.0,0.0,0,0,0,0.0,0.0,0.0,0.0,0.0,0.0,0.0,0.0,0.0,0.0,0.0,0.0,0.0,0.0,0.0,0.0,0,-107875648.0,0,0.0,0,-107875648.0,-107877712.0,0,52429,17039,26215,17054,13107,17038,0,0,0,110,100,100,-0.0,64.0,0.0,64.5,0.0,69.0,1,49,50,180,13107,0,0,0,0.0,0.0,0.0,0.0,-0.0,65.0,0.0,1735098068107264.0,0.0,646,0,690,0,0,0,719,0,792,0,711,0,690,0,645,0,643,0,616,0.032,36700160.0,0.0,2.7302316136196234e+23,6544,16788,-0.0,1735098068107264.0,0.0,6.1876890274333905e+31,-4.3639915573592195e+20,-5768.065,29.0,60.0,70,0.0,0.0,0.0,0.0,0.0,0.0,0.0,0.0,0.0,0.0,0.0,0.0,0.0,0.0,0.0,0.0,59.2,69,11,65508,41,65476,0,300,0,0,8,20529,65476,0,0,61604,60.0,0.0,0.0,0.0,0.0,0.0
2026-04-04T11:09:23,ERR,ERR,ERR,ERR,ERR,ERR,ERR,ERR,ERR,ERR,ERR,ERR,ERR,ERR,ERR,ERR,ERR,ERR,ERR,ERR,ERR,ERR,ERR,ERR,ERR,ERR,ERR,ERR,ERR,ERR,ERR,ERR,ERR,ERR,ERR,ERR,ERR,ERR,ERR,ERR,ERR,ERR,ERR,ERR,ERR,ERR,ERR,ERR,ERR,ERR,ERR,ERR,ERR,ERR,ERR,ERR,ERR,ERR,ERR,ERR,ERR,ERR,ERR,ERR,ERR,ERR,ERR,ERR,ERR,ERR,ERR,ERR,ERR,ERR,ERR,ERR,ERR,ERR,ERR,ERR,ERR,ERR,ERR,ERR,ERR,ERR,ERR,ERR,ERR,ERR,ERR,ERR,ERR,ERR,ERR,ERR,ERR,ERR,ERR,ERR,ERR,ERR,ERR,ERR,ERR,ERR,ERR,ERR,ERR,ERR,ERR,ERR,ERR,ERR,ERR,ERR,ERR,ERR,ERR,ERR,ERR,ERR,ERR,ERR,ERR,2.7184278591402704e+23,0.0,-0.0,0.0,0.0,0.0,0.0,nan,0,0,0,32768,0,0.0,0,0.0,0.0,0.0,0.0,0.0,0,0,0,0,0.0,0,0,0,0,0,0,0,0,0,0,0,0,0,0,0,0,0,0,0,0,0,0,0,0,0,0,0,0,0,0,0,0,0,0,0,0,0,0,0,0,0,0,0,0,0.0,0.0,0.0,0.0,0.0,0.0,0.0,0.0,0.0,0.0,0.0,0.0,0.0,0.0,0.0,0.0,0.0,0.0,0.0,0.0,0.0,0.0,0.0,0.0,-2.004,0.0,0.0,0.0,0.0,0.0,3405.0,-0.0,0.0,2.7184278591402704e+23,0.0,-0.0,0.0,0.0,0.0,0.0,0.0,0,2.7184278591402704e+23,0.0,0.0,0.0,0.0,0.0,0.0,0.0,0.0,0,0,0,0.0,0.0,0.0,0.0,0.0,0.0,0.0,0.0,0.0,0.0,0.0,0.0,0.0,0.0,0.0,0.0,0,-107875648.0,0,0.0,0,-107875648.0,-107877712.0,0,52429,17039,26215,17054,13107,17038,0,0,0,110,100,100,-0.0,64.0,0.0,64.5,0.0,69.0,1,49,50,180,13107,0,0,0,0.0,0.0,0.0,0.0,-0.0,65.0,0.0,1735098068107264.0,0.0,646,0,690,0,0,0,719,0,792,0,711,0,690,0,645,0,643,0,616,0.032,36700160.0,0.0,2.7302316136196234e+23,6544,16788,-0.0,1735098068107264.0,0.0,6.1876890274333905e+31,-4.3639915573592195e+20,-5768.065,29.0,60.0,70,0.0,0.0,0.0,0.0,0.0,0.0,0.0,0.0,0.0,0.0,0.0,0.0,0.0,0.0,0.0,0.0,59.2,69,11,65508,41,65476,0,300,0,0,8,20529,65476,0,0,61604,60.0,0.0,0.0,0.0,0.0,0.0
2026-04-04T11:09:24,ERR,ERR,ERR,ERR,ERR,ERR,ERR,ERR,ERR,ERR,ERR,ERR,ERR,ERR,ERR,ERR,ERR,ERR,ERR,ERR,ERR,ERR,ERR,ERR,ERR,ERR,ERR,ERR,ERR,ERR,ERR,ERR,ERR,ERR,ERR,ERR,ERR,ERR,ERR,ERR,ERR,ERR,ERR,ERR,ERR,ERR,ERR,ERR,ERR,ERR,ERR,ERR,ERR,ERR,ERR,ERR,ERR,ERR,ERR,ERR,ERR,ERR,ERR,ERR,ERR,ERR,ERR,ERR,ERR,ERR,ERR,ERR,ERR,ERR,ERR,ERR,ERR,ERR,ERR,ERR,ERR,ERR,ERR,ERR,ERR,ERR,ERR,ERR,ERR,ERR,ERR,ERR,ERR,ERR,ERR,ERR,ERR,ERR,ERR,ERR,ERR,ERR,ERR,ERR,ERR,ERR,ERR,ERR,ERR,ERR,ERR,ERR,ERR,ERR,ERR,ERR,ERR,ERR,ERR,ERR,ERR,ERR,ERR,ERR,ERR,2.7184278591402704e+23,0.0,-0.0,0.0,0.0,0.0,0.0,nan,0,0,0,32768,0,0.0,0,0.0,0.0,0.0,0.0,0.0,0,0,0,0,0.0,0,0,0,0,0,0,0,0,0,0,0,0,0,0,0,0,0,0,0,0,0,0,0,0,0,0,0,0,0,0,0,0,0,0,0,0,0,0,0,0,0,0,0,0,0.0,0.0,0.0,0.0,0.0,0.0,0.0,0.0,0.0,0.0,0.0,0.0,0.0,0.0,0.0,0.0,0.0,0.0,0.0,0.0,0.0,0.0,0.0,0.0,-2.004,0.0,0.0,0.0,0.0,0.0,3405.0,-0.0,0.0,2.7184278591402704e+23,0.0,-0.0,0.0,0.0,0.0,0.0,0.0,0,2.7184278591402704e+23,0.0,0.0,0.0,0.0,0.0,0.0,0.0,0.0,0,0,0,0.0,0.0,0.0,0.0,0.0,0.0,0.0,0.0,0.0,0.0,0.0,0.0,0.0,0.0,0.0,0.0,0,-107875648.0,0,0.0,0,-107875648.0,-107877712.0,0,52429,17039,26215,17054,13107,17038,0,0,0,110,100,100,-0.0,64.0,0.0,64.5,0.0,69.0,1,49,50,180,13107,0,0,0,0.0,0.0,0.0,0.0,-0.0,65.0,0.0,1735098068107264.0,0.0,646,0,690,0,0,0,719,0,792,0,711,0,690,0,645,0,643,0,616,0.032,36700160.0,0.0,2.7302316136196234e+23,6544,16788,-0.0,1735098068107264.0,0.0,6.1876890274333905e+31,-4.3639915573592195e+20,-5768.065,29.0,60.0,70,0.0,0.0,0.0,0.0,0.0,0.0,0.0,0.0,0.0,0.0,0.0,0.0,0.0,0.0,0.0,0.0,59.2,69,11,65508,41,65476,0,300,0,0,8,20529,65476,0,0,61604,60.0,0.0,0.0,0.0,0.0,0.0
2026-04-04T11:09:25,ERR,ERR,ERR,ERR,ERR,ERR,ERR,ERR,ERR,ERR,ERR,ERR,ERR,ERR,ERR,ERR,ERR,ERR,ERR,ERR,ERR,ERR,ERR,ERR,ERR,ERR,ERR,ERR,ERR,ERR,ERR,ERR,ERR,ERR,ERR,ERR,ERR,ERR,ERR,ERR,ERR,ERR,ERR,ERR,ERR,ERR,ERR,ERR,ERR,ERR,ERR,ERR,ERR,ERR,ERR,ERR,ERR,ERR,ERR,ERR,ERR,ERR,ERR,ERR,ERR,ERR,ERR,ERR,ERR,ERR,ERR,ERR,ERR,ERR,ERR,ERR,ERR,ERR,ERR,ERR,ERR,ERR,ERR,ERR,ERR,ERR,ERR,ERR,ERR,ERR,ERR,ERR,ERR,ERR,ERR,ERR,ERR,ERR,ERR,ERR,ERR,ERR,ERR,ERR,ERR,ERR,ERR,ERR,ERR,ERR,ERR,ERR,ERR,ERR,ERR,ERR,ERR,ERR,ERR,ERR,ERR,ERR,ERR,ERR,ERR,2.7184278591402704e+23,0.0,-0.0,0.0,0.0,0.0,0.0,nan,0,0,0,32768,0,0.0,0,0.0,0.0,0.0,0.0,0.0,0,0,0,0,0.0,0,0,0,0,0,0,0,0,0,0,0,0,0,0,0,0,0,0,0,0,0,0,0,0,0,0,0,0,0,0,0,0,0,0,0,0,0,0,0,0,0,0,0,0,0.0,0.0,0.0,0.0,0.0,0.0,0.0,0.0,0.0,0.0,0.0,0.0,0.0,0.0,0.0,0.0,0.0,0.0,0.0,0.0,0.0,0.0,0.0,0.0,-2.004,0.0,0.0,0.0,0.0,0.0,3405.0,-0.0,0.0,2.7184278591402704e+23,0.0,-0.0,0.0,0.0,0.0,0.0,0.0,0,2.7184278591402704e+23,0.0,0.0,0.0,0.0,0.0,0.0,0.0,0.0,0,0,0,0.0,0.0,0.0,0.0,0.0,0.0,0.0,0.0,0.0,0.0,0.0,0.0,0.0,0.0,0.0,0.0,0,-107875648.0,0,0.0,0,-107875648.0,-107877712.0,0,52429,17039,26215,17054,13107,17038,0,0,0,110,100,100,-0.0,64.0,0.0,64.5,0.0,69.0,1,49,50,180,13107,0,0,0,0.0,0.0,0.0,0.0,-0.0,65.0,0.0,1735098068107264.0,0.0,646,0,690,0,0,0,719,0,792,0,711,0,690,0,645,0,643,0,616,0.032,36700160.0,0.0,2.7302316136196234e+23,6544,16788,-0.0,1735098068107264.0,0.0,6.1876890274333905e+31,-4.3639915573592195e+20,-5768.065,29.0,60.0,70,0.0,0.0,0.0,0.0,0.0,0.0,0.0,0.0,0.0,0.0,0.0,0.0,0.0,0.0,0.0,0.0,59.2,69,11,65508,41,65476,0,300,0,0,8,20529,65476,0,0,61604,60.0,0.0,0.0,0.0,0.0,0.0
2026-04-04T11:09:26,ERR,ERR,ERR,ERR,ERR,ERR,ERR,ERR,ERR,ERR,ERR,ERR,ERR,ERR,ERR,ERR,ERR,ERR,ERR,ERR,ERR,ERR,ERR,ERR,ERR,ERR,ERR,ERR,ERR,ERR,ERR,ERR,ERR,ERR,ERR,ERR,ERR,ERR,ERR,ERR,ERR,ERR,ERR,ERR,ERR,ERR,ERR,ERR,ERR,ERR,ERR,ERR,ERR,ERR,ERR,ERR,ERR,ERR,ERR,ERR,ERR,ERR,ERR,ERR,ERR,ERR,ERR,ERR,ERR,ERR,ERR,ERR,ERR,ERR,ERR,ERR,ERR,ERR,ERR,ERR,ERR,ERR,ERR,ERR,ERR,ERR,ERR,ERR,ERR,ERR,ERR,ERR,ERR,ERR,ERR,ERR,ERR,ERR,ERR,ERR,ERR,ERR,ERR,ERR,ERR,ERR,ERR,ERR,ERR,ERR,ERR,ERR,ERR,ERR,ERR,ERR,ERR,ERR,ERR,ERR,ERR,ERR,ERR,ERR,ERR,2.7184278591402704e+23,0.0,-0.0,0.0,0.0,0.0,0.0,nan,0,0,0,32768,0,0.0,0,0.0,0.0,0.0,0.0,0.0,0,0,0,0,0.0,0,0,0,0,0,0,0,0,0,0,0,0,0,0,0,0,0,0,0,0,0,0,0,0,0,0,0,0,0,0,0,0,0,0,0,0,0,0,0,0,0,0,0,0,0.0,0.0,0.0,0.0,0.0,0.0,0.0,0.0,0.0,0.0,0.0,0.0,0.0,0.0,0.0,0.0,0.0,0.0,0.0,0.0,0.0,0.0,0.0,0.0,-0.0,0.0,0.0,0.0,0.0,0.0,3403.0,-0.0,0.0,2.7184278591402704e+23,0.0,2.7184274988523002e+23,0.0,0.0,0.0,0.0,0.0,0,152018253512704.0,0.0,0.0,0.0,0.0,0.0,0.0,0.0,0.0,0,0,0,0.0,0.0,0.0,0.0,0.0,0.0,0.0,0.0,0.0,0.0,0.0,0.0,0.0,0.0,0.0,0.0,0,-107875648.0,0,0.0,0,-107875648.0,-107877712.0,0,52429,17039,26215,17054,13107,17038,0,0,0,110,100,100,-0.0,64.0,0.0,64.5,0.0,69.0,1,49,50,180,13107,0,0,0,0.0,0.0,0.0,0.0,-0.0,65.0,0.0,1735098068107264.0,0.0,646,0,690,0,0,0,719,0,792,0,711,0,690,0,645,0,643,0,616,0.032,36700160.0,0.0,2.7302316136196234e+23,6544,16788,-0.0,1735098068107264.0,0.0,6.1876890274333905e+31,-4.3639915573592195e+20,-5768.065,29.0,60.0,70,0.0,0.0,0.0,0.0,0.0,0.0,0.0,0.0,0.0,0.0,0.0,0.0,0.0,0.0,0.0,0.0,59.2,69,11,65508,41,65476,0,300,0,0,8,20529,65476,0,0,61604,60.0,0.0,0.0,0.0,0.0,0.0
2026-04-04T11:09:27,ERR,ERR,ERR,ERR,ERR,ERR,ERR,ERR,ERR,ERR,ERR,ERR,ERR,ERR,ERR,ERR,ERR,ERR,ERR,ERR,ERR,ERR,ERR,ERR,ERR,ERR,ERR,ERR,ERR,ERR,ERR,ERR,ERR,ERR,ERR,ERR,ERR,ERR,ERR,ERR,ERR,ERR,ERR,ERR,ERR,ERR,ERR,ERR,ERR,ERR,ERR,ERR,ERR,ERR,ERR,ERR,ERR,ERR,ERR,ERR,ERR,ERR,ERR,ERR,ERR,ERR,ERR,ERR,ERR,ERR,ERR,ERR,ERR,ERR,ERR,ERR,ERR,ERR,ERR,ERR,ERR,ERR,ERR,ERR,ERR,ERR,ERR,ERR,ERR,ERR,ERR,ERR,ERR,ERR,ERR,ERR,ERR,ERR,ERR,ERR,ERR,ERR,ERR,ERR,ERR,ERR,ERR,ERR,ERR,ERR,ERR,ERR,ERR,ERR,ERR,ERR,ERR,ERR,ERR,ERR,ERR,ERR,ERR,ERR,ERR,2.7184278591402704e+23,0.0,-0.0,0.0,0.0,0.0,0.0,nan,0,0,0,32768,0,0.0,0,0.0,0.0,0.0,0.0,0.0,0,0,0,0,0.0,0,0,0,0,0,0,0,0,0,0,0,0,0,0,0,0,0,0,0,0,0,0,0,0,0,0,0,0,0,0,0,0,0,0,0,0,0,0,0,0,0,0,0,0,0.0,0.0,0.0,0.0,0.0,0.0,0.0,0.0,0.0,0.0,0.0,0.0,0.0,0.0,0.0,0.0,0.0,0.0,0.0,0.0,0.0,0.0,0.0,0.0,-0.0,0.0,0.0,0.0,0.0,0.0,3403.0,-0.0,0.0,2.7184278591402704e+23,0.0,2.7184274988523002e+23,0.0,0.0,0.0,0.0,0.0,0,152018253512704.0,0.0,0.0,0.0,0.0,0.0,0.0,0.0,0.0,0,0,0,0.0,0.0,0.0,0.0,0.0,0.0,0.0,0.0,0.0,0.0,0.0,0.0,0.0,0.0,0.0,0.0,0,-107875648.0,0,0.0,0,-107875648.0,-107877712.0,0,52429,17039,26215,17054,13107,17038,0,0,0,110,100,100,-0.0,64.0,0.0,64.5,0.0,69.0,1,49,50,180,13107,0,0,0,0.0,0.0,0.0,0.0,-0.0,65.0,0.0,nan,0.0,646,0,690,0,0,0,719,0,792,0,711,0,690,0,645,0,643,0,616,0.032,36700160.0,2.004,-107615152.0,49040,16787,-0.0,nan,0.0,-7927202304.0,-5.41320065130977e+23,-88212528.0,29.0,60.0,70,0.0,0.0,0.0,0.0,0.0,0.0,0.0,0.0,0.0,0.0,0.0,0.0,0.0,0.0,0.0,0.0,59.2,69,11,65508,41,65476,0,300,0,0,8,20529,65476,0,0,61604,60.0,0.0,0.0,0.0,0.0,0.0
2026-04-04T11:09:28,ERR,ERR,ERR,ERR,ERR,ERR,ERR,ERR,ERR,ERR,ERR,ERR,ERR,ERR,ERR,ERR,ERR,ERR,ERR,ERR,ERR,ERR,ERR,ERR,ERR,ERR,ERR,ERR,ERR,ERR,ERR,ERR,ERR,ERR,ERR,ERR,ERR,ERR,ERR,ERR,ERR,ERR,ERR,ERR,ERR,ERR,ERR,ERR,ERR,ERR,ERR,ERR,ERR,ERR,ERR,ERR,ERR,ERR,ERR,ERR,ERR,ERR,ERR,ERR,ERR,ERR,ERR,ERR,ERR,ERR,ERR,ERR,ERR,ERR,ERR,ERR,ERR,ERR,ERR,ERR,ERR,ERR,ERR,ERR,ERR,ERR,ERR,ERR,ERR,ERR,ERR,ERR,ERR,ERR,ERR,ERR,ERR,ERR,ERR,ERR,ERR,ERR,ERR,ERR,ERR,ERR,ERR,ERR,ERR,ERR,ERR,ERR,ERR,ERR,ERR,ERR,ERR,ERR,ERR,ERR,ERR,ERR,ERR,ERR,ERR,2.7184278591402704e+23,0.0,-0.0,0.0,0.0,0.0,0.0,nan,0,0,0,32768,0,0.0,0,0.0,0.0,0.0,0.0,0.0,0,0,0,0,0.0,0,0,0,0,0,0,0,0,0,0,0,0,0,0,0,0,0,0,0,0,0,0,0,0,0,0,0,0,0,0,0,0,0,0,0,0,0,0,0,0,0,0,0,0,0.0,0.0,0.0,0.0,0.0,0.0,0.0,0.0,0.0,0.0,0.0,0.0,0.0,0.0,0.0,0.0,0.0,0.0,0.0,0.0,0.0,0.0,0.0,0.0,-0.0,0.0,0.0,0.0,0.0,0.0,3403.0,-0.0,0.0,2.7184278591402704e+23,0.0,2.7184274988523002e+23,0.0,0.0,0.0,0.0,0.0,0,152018253512704.0,0.0,0.0,0.0,0.0,0.0,0.0,0.0,0.0,0,0,0,0.0,0.0,0.0,0.0,0.0,0.0,0.0,0.0,0.0,0.0,0.0,0.0,0.0,0.0,0.0,0.0,0,-107875648.0,0,0.0,0,-107875648.0,-107877712.0,0,52429,17039,26215,17054,13107,17038,0,0,0,110,100,100,-0.0,64.0,0.0,64.5,0.0,69.0,1,49,50,180,13107,0,0,0,0.0,0.0,0.0,0.0,-0.0,65.0,0.0,nan,0.0,646,0,690,0,0,0,719,0,792,0,711,0,690,0,645,0,643,0,616,0.032,36700160.0,2.004,-107615152.0,49040,16787,-0.0,nan,0.0,-7927202304.0,-5.41320065130977e+23,-88212528.0,29.0,60.0,70,0.0,0.0,0.0,0.0,0.0,0.0,0.0,0.0,0.0,0.0,0.0,0.0,0.0,0.0,0.0,0.0,59.2,69,11,65508,41,65476,0,300,0,0,8,20529,65476,0,0,61604,60.0,0.0,0.0,0.0,0.0,0.0
2026-04-04T11:09:29,ERR,ERR,ERR,ERR,ERR,ERR,ERR,ERR,ERR,ERR,ERR,ERR,ERR,ERR,ERR,ERR,ERR,ERR,ERR,ERR,ERR,ERR,ERR,ERR,ERR,ERR,ERR,ERR,ERR,ERR,ERR,ERR,ERR,ERR,ERR,ERR,ERR,ERR,ERR,ERR,ERR,ERR,ERR,ERR,ERR,ERR,ERR,ERR,ERR,ERR,ERR,ERR,ERR,ERR,ERR,ERR,ERR,ERR,ERR,ERR,ERR,ERR,ERR,ERR,ERR,ERR,ERR,ERR,ERR,ERR,ERR,ERR,ERR,ERR,ERR,ERR,ERR,ERR,ERR,ERR,ERR,ERR,ERR,ERR,ERR,ERR,ERR,ERR,ERR,ERR,ERR,ERR,ERR,ERR,ERR,ERR,ERR,ERR,ERR,ERR,ERR,ERR,ERR,ERR,ERR,ERR,ERR,ERR,ERR,ERR,ERR,ERR,ERR,ERR,ERR,ERR,ERR,ERR,ERR,ERR,ERR,ERR,ERR,ERR,ERR,2.7184278591402704e+23,0.0,-0.0,0.0,0.0,0.0,0.0,nan,0,0,0,32768,0,0.0,0,0.0,0.0,0.0,0.0,0.0,0,0,0,0,0.0,0,0,0,0,0,0,0,0,0,0,0,0,0,0,0,0,0,0,0,0,0,0,0,0,0,0,0,0,0,0,0,0,0,0,0,0,0,0,0,0,0,0,0,0,0.0,0.0,0.0,0.0,0.0,0.0,0.0,0.0,0.0,0.0,0.0,0.0,0.0,0.0,0.0,0.0,0.0,0.0,0.0,0.0,0.0,0.0,0.0,0.0,-0.0,0.0,0.0,0.0,0.0,0.0,3403.0,-0.0,0.0,2.7184278591402704e+23,0.0,2.7184274988523002e+23,0.0,0.0,0.0,0.0,0.0,0,152018253512704.0,0.0,0.0,0.0,0.0,0.0,0.0,0.0,0.0,0,0,0,0.0,0.0,0.0,0.0,0.0,0.0,0.0,0.0,0.0,0.0,0.0,0.0,0.0,0.0,0.0,0.0,0,-107875648.0,0,0.0,0,-107875648.0,-107877712.0,0,52429,17039,26215,17054,13107,17038,0,0,0,110,100,100,-0.0,64.0,0.0,64.5,0.0,69.0,1,49,50,180,13107,0,0,0,0.0,0.0,0.0,0.0,-0.0,65.0,0.0,nan,0.0,646,0,690,0,0,0,719,0,792,0,711,0,690,0,645,0,643,0,616,0.032,36700160.0,2.004,-107615152.0,49040,16787,-0.0,nan,0.0,-7927202304.0,-5.41320065130977e+23,-88212528.0,29.0,60.0,70,0.0,0.0,0.0,0.0,0.0,0.0,0.0,0.0,0.0,0.0,0.0,0.0,0.0,0.0,0.0,0.0,59.2,69,11,65508,41,65476,0,300,0,0,8,20529,65476,0,0,61604,60.0,0.0,0.0,0.0,0.0,0.0
2026-04-04T11:09:30,ERR,ERR,ERR,ERR,ERR,ERR,ERR,ERR,ERR,ERR,ERR,ERR,ERR,ERR,ERR,ERR,ERR,ERR,ERR,ERR,ERR,ERR,ERR,ERR,ERR,ERR,ERR,ERR,ERR,ERR,ERR,ERR,ERR,ERR,ERR,ERR,ERR,ERR,ERR,ERR,ERR,ERR,ERR,ERR,ERR,ERR,ERR,ERR,ERR,ERR,ERR,ERR,ERR,ERR,ERR,ERR,ERR,ERR,ERR,ERR,ERR,ERR,ERR,ERR,ERR,ERR,ERR,ERR,ERR,ERR,ERR,ERR,ERR,ERR,ERR,ERR,ERR,ERR,ERR,ERR,ERR,ERR,ERR,ERR,ERR,ERR,ERR,ERR,ERR,ERR,ERR,ERR,ERR,ERR,ERR,ERR,ERR,ERR,ERR,ERR,ERR,ERR,ERR,ERR,ERR,ERR,ERR,ERR,ERR,ERR,ERR,ERR,ERR,ERR,ERR,ERR,ERR,ERR,ERR,ERR,ERR,ERR,ERR,ERR,ERR,2.7184278591402704e+23,0.0,-0.0,0.0,0.0,0.0,0.0,nan,0,0,0,32768,0,0.0,0,0.0,0.0,0.0,0.0,0.0,0,0,0,0,0.0,0,0,0,0,0,0,0,0,0,0,0,0,0,0,0,0,0,0,0,0,0,0,0,0,0,0,0,0,0,0,0,0,0,0,0,0,0,0,0,0,0,0,0,0,0.0,0.0,0.0,0.0,0.0,0.0,0.0,0.0,0.0,0.0,0.0,0.0,0.0,0.0,0.0,0.0,0.0,0.0,0.0,0.0,0.0,0.0,0.0,0.0,-0.0,0.0,0.0,0.0,0.0,0.0,3403.0,-0.0,0.0,2.7184278591402704e+23,0.0,2.7184274988523002e+23,0.0,0.0,0.0,0.0,0.0,0,152018253512704.0,0.0,0.0,0.0,0.0,0.0,0.0,0.0,0.0,0,0,0,0.0,0.0,0.0,0.0,0.0,0.0,0.0,0.0,0.0,0.0,0.0,0.0,0.0,0.0,0.0,0.0,0,-107875648.0,0,0.0,0,-107875648.0,-107877712.0,0,52429,17039,26215,17054,13107,17038,0,0,0,110,100,100,-0.0,64.0,0.0,64.5,0.0,69.0,1,49,50,180,13107,0,0,0,0.0,0.0,0.0,0.0,-0.0,65.0,0.0,nan,0.0,646,0,690,0,0,0,719,0,792,0,711,0,690,0,645,0,643,0,616,0.032,36700160.0,2.004,-107615152.0,49040,16787,-0.0,nan,0.0,-7927202304.0,-5.41320065130977e+23,-88212528.0,29.0,60.0,70,0.0,0.0,0.0,0.0,0.0,0.0,0.0,0.0,0.0,0.0,0.0,0.0,0.0,0.0,0.0,0.0,59.2,69,11,65508,41,65476,0,300,0,0,8,20529,65476,0,0,61604,60.0,0.0,0.0,0.0,0.0,0.0
2026-04-04T11:09:31,ERR,ERR,ERR,ERR,ERR,ERR,ERR,ERR,ERR,ERR,ERR,ERR,ERR,ERR,ERR,ERR,ERR,ERR,ERR,ERR,ERR,ERR,ERR,ERR,ERR,ERR,ERR,ERR,ERR,ERR,ERR,ERR,ERR,ERR,ERR,ERR,ERR,ERR,ERR,ERR,ERR,ERR,ERR,ERR,ERR,ERR,ERR,ERR,ERR,ERR,ERR,ERR,ERR,ERR,ERR,ERR,ERR,ERR,ERR,ERR,ERR,ERR,ERR,ERR,ERR,ERR,ERR,ERR,ERR,ERR,ERR,ERR,ERR,ERR,ERR,ERR,ERR,ERR,ERR,ERR,ERR,ERR,ERR,ERR,ERR,ERR,ERR,ERR,ERR,ERR,ERR,ERR,ERR,ERR,ERR,ERR,ERR,ERR,ERR,ERR,ERR,ERR,ERR,ERR,ERR,ERR,ERR,ERR,ERR,ERR,ERR,ERR,ERR,ERR,ERR,ERR,ERR,ERR,ERR,ERR,ERR,ERR,ERR,ERR,ERR,2.7184278591402704e+23,0.0,-0.0,0.0,0.0,0.0,0.0,nan,0,0,0,32768,0,0.0,0,0.0,0.0,0.0,0.0,0.0,0,0,0,0,0.0,0,0,0,0,0,0,0,0,0,0,0,0,0,0,0,0,0,0,0,0,0,0,0,0,0,0,0,0,0,0,0,0,0,0,0,0,0,0,0,0,0,0,0,0,0.0,0.0,0.0,0.0,0.0,0.0,0.0,0.0,0.0,0.0,0.0,0.0,0.0,0.0,0.0,0.0,0.0,0.0,0.0,0.0,0.0,0.0,0.0,0.0,-0.0,0.0,0.0,0.0,0.0,0.0,3403.0,-0.0,0.0,2.7184278591402704e+23,0.0,2.7184274988523002e+23,0.0,0.0,0.0,0.0,0.0,0,152018253512704.0,0.0,0.0,0.0,0.0,0.0,0.0,0.0,0.0,0,0,0,0.0,0.0,0.0,0.0,0.0,0.0,0.0,0.0,0.0,0.0,0.0,0.0,0.0,0.0,0.0,0.0,0,-107875648.0,0,0.0,0,-107875648.0,-107877712.0,0,52429,17039,26215,17054,13107,17038,0,0,0,110,100,100,-0.0,64.0,0.0,64.5,0.0,69.0,1,49,50,180,13107,0,0,0,0.0,0.0,0.0,0.0,-0.0,65.0,0.0,nan,0.0,646,0,690,0,0,0,719,0,792,0,711,0,690,0,645,0,643,0,616,0.032,36700160.0,2.004,-107615152.0,49040,16787,-0.0,nan,0.0,-7927202304.0,-5.41320065130977e+23,-88212528.0,29.0,60.0,70,0.0,0.0,0.0,0.0,0.0,0.0,0.0,0.0,0.0,0.0,0.0,0.0,0.0,0.0,0.0,0.0,59.2,69,11,65508,41,65476,0,300,0,0,8,20529,65476,0,0,61604,60.0,0.0,0.0,0.0,0.0,0.0
2026-04-04T11:09:32,ERR,ERR,ERR,ERR,ERR,ERR,ERR,ERR,ERR,ERR,ERR,ERR,ERR,ERR,ERR,ERR,ERR,ERR,ERR,ERR,ERR,ERR,ERR,ERR,ERR,ERR,ERR,ERR,ERR,ERR,ERR,ERR,ERR,ERR,ERR,ERR,ERR,ERR,ERR,ERR,ERR,ERR,ERR,ERR,ERR,ERR,ERR,ERR,ERR,ERR,ERR,ERR,ERR,ERR,ERR,ERR,ERR,ERR,ERR,ERR,ERR,ERR,ERR,ERR,ERR,ERR,ERR,ERR,ERR,ERR,ERR,ERR,ERR,ERR,ERR,ERR,ERR,ERR,ERR,ERR,ERR,ERR,ERR,ERR,ERR,ERR,ERR,ERR,ERR,ERR,ERR,ERR,ERR,ERR,ERR,ERR,ERR,ERR,ERR,ERR,ERR,ERR,ERR,ERR,ERR,ERR,ERR,ERR,ERR,ERR,ERR,ERR,ERR,ERR,ERR,ERR,ERR,ERR,ERR,ERR,ERR,ERR,ERR,ERR,ERR,2.7184278591402704e+23,0.0,-0.0,0.0,0.0,0.0,0.0,nan,0,0,0,32768,0,0.0,0,0.0,0.0,0.0,0.0,0.0,0,0,0,0,0.0,0,0,0,0,0,0,0,0,0,0,0,0,0,0,0,0,0,0,0,0,0,0,0,0,0,0,0,0,0,0,0,0,0,0,0,0,0,0,0,0,0,0,0,0,0.0,0.0,0.0,0.0,0.0,0.0,0.0,0.0,0.0,0.0,0.0,0.0,0.0,0.0,0.0,0.0,0.0,0.0,0.0,0.0,0.0,0.0,0.0,0.0,-0.0,0.0,0.0,0.0,0.0,0.0,3403.0,-0.0,0.0,2.7184278591402704e+23,0.0,2.7184274988523002e+23,0.0,0.0,0.0,0.0,0.0,0,152018253512704.0,0.0,0.0,0.0,0.0,0.0,0.0,0.0,0.0,0,0,0,0.0,0.0,0.0,0.0,0.0,0.0,0.0,0.0,0.0,0.0,0.0,0.0,0.0,0.0,0.0,0.0,0,-107875648.0,0,0.0,0,-107875648.0,-107877712.0,0,52429,17039,26215,17054,13107,17038,0,0,0,110,100,100,-0.0,64.0,0.0,64.5,0.0,69.0,1,49,50,180,13107,0,0,0,0.0,0.0,0.0,0.0,-0.0,65.0,0.0,nan,0.0,646,0,690,0,0,0,719,0,792,0,711,0,690,0,645,0,643,0,616,0.032,36700160.0,2.004,-107615152.0,49040,16787,-0.0,nan,0.0,-7927202304.0,-5.41320065130977e+23,-88212528.0,29.0,60.0,70,0.0,0.0,0.0,0.0,0.0,0.0,0.0,0.0,0.0,0.0,0.0,0.0,0.0,0.0,0.0,0.0,59.2,69,11,65508,41,65476,0,300,0,0,8,20529,65476,0,0,61604,60.0,0.0,0.0,0.0,0.0,0.0
2026-04-04T11:09:33,ERR,ERR,ERR,ERR,ERR,ERR,ERR,ERR,ERR,ERR,ERR,ERR,ERR,ERR,ERR,ERR,ERR,ERR,ERR,ERR,ERR,ERR,ERR,ERR,ERR,ERR,ERR,ERR,ERR,ERR,ERR,ERR,ERR,ERR,ERR,ERR,ERR,ERR,ERR,ERR,ERR,ERR,ERR,ERR,ERR,ERR,ERR,ERR,ERR,ERR,ERR,ERR,ERR,ERR,ERR,ERR,ERR,ERR,ERR,ERR,ERR,ERR,ERR,ERR,ERR,ERR,ERR,ERR,ERR,ERR,ERR,ERR,ERR,ERR,ERR,ERR,ERR,ERR,ERR,ERR,ERR,ERR,ERR,ERR,ERR,ERR,ERR,ERR,ERR,ERR,ERR,ERR,ERR,ERR,ERR,ERR,ERR,ERR,ERR,ERR,ERR,ERR,ERR,ERR,ERR,ERR,ERR,ERR,ERR,ERR,ERR,ERR,ERR,ERR,ERR,ERR,ERR,ERR,ERR,ERR,ERR,ERR,ERR,ERR,ERR,2.7184278591402704e+23,0.0,-0.0,0.0,0.0,0.0,0.0,nan,0,0,0,32768,0,0.0,0,0.0,0.0,0.0,0.0,0.0,0,0,0,0,0.0,0,0,0,0,0,0,0,0,0,0,0,0,0,0,0,0,0,0,0,0,0,0,0,0,0,0,0,0,0,0,0,0,0,0,0,0,0,0,0,0,0,0,0,0,0.0,0.0,0.0,0.0,0.0,0.0,0.0,0.0,0.0,0.0,0.0,0.0,0.0,0.0,0.0,0.0,0.0,0.0,0.0,0.0,0.0,0.0,0.0,0.0,-0.0,0.0,0.0,0.0,0.0,0.0,3403.0,-0.0,0.0,2.7184278591402704e+23,0.0,2.7184274988523002e+23,0.0,0.0,0.0,0.0,0.0,0,152018253512704.0,0.0,0.0,0.0,0.0,0.0,0.0,0.0,0.0,0,0,0,0.0,0.0,0.0,0.0,0.0,0.0,0.0,0.0,0.0,0.0,0.0,0.0,0.0,0.0,0.0,0.0,0,-107875648.0,0,0.0,0,-107875648.0,-107877712.0,0,52429,17039,26215,17054,13107,17038,0,0,0,110,100,100,-0.0,64.0,0.0,64.5,0.0,69.0,1,49,50,180,13107,0,0,0,0.0,0.0,0.0,0.0,-0.0,65.0,0.0,-0.0,0.0,646,0,690,0,0,0,719,0,792,0,711,0,690,0,645,0,643,0,617,0.032,54263808.0,2.004,-107615152.0,55440,16787,-0.0,-0.0,2.015559377630021e+28,0.0,0.0,0.0,29.0,60.0,70,0.0,0.0,0.0,0.0,0.0,0.0,0.0,0.0,0.0,0.0,0.0,0.0,0.0,0.0,0.0,0.0,59.2,69,11,65508,41,65476,0,300,0,0,8,20529,65476,0,0,61604,60.0,0.0,0.0,0.0,0.0,0.0
2026-04-04T11:09:34,ERR,ERR,ERR,ERR,ERR,ERR,ERR,ERR,ERR,ERR,ERR,ERR,ERR,ERR,ERR,ERR,ERR,ERR,ERR,ERR,ERR,ERR,ERR,ERR,ERR,ERR,ERR,ERR,ERR,ERR,ERR,ERR,ERR,ERR,ERR,ERR,ERR,ERR,ERR,ERR,ERR,ERR,ERR,ERR,ERR,ERR,ERR,ERR,ERR,ERR,ERR,ERR,ERR,ERR,ERR,ERR,ERR,ERR,ERR,ERR,ERR,ERR,ERR,ERR,ERR,ERR,ERR,ERR,ERR,ERR,ERR,ERR,ERR,ERR,ERR,ERR,ERR,ERR,ERR,ERR,ERR,ERR,ERR,ERR,ERR,ERR,ERR,ERR,ERR,ERR,ERR,ERR,ERR,ERR,ERR,ERR,ERR,ERR,ERR,ERR,ERR,ERR,ERR,ERR,ERR,ERR,ERR,ERR,ERR,ERR,ERR,ERR,ERR,ERR,ERR,ERR,ERR,ERR,ERR,ERR,ERR,ERR,ERR,ERR,ERR,2.7184278591402704e+23,0.0,-0.0,0.0,0.0,0.0,0.0,nan,0,0,0,32768,0,0.0,0,0.0,0.0,0.0,0.0,0.0,0,0,0,0,0.0,0,0,0,0,0,0,0,0,0,0,0,0,0,0,0,0,0,0,0,0,0,0,0,0,0,0,0,0,0,0,0,0,0,0,0,0,0,0,0,0,0,0,0,0,0.0,0.0,0.0,0.0,0.0,0.0,0.0,0.0,0.0,0.0,0.0,0.0,0.0,0.0,0.0,0.0,0.0,0.0,0.0,0.0,0.0,0.0,0.0,0.0,-2.004,0.0,0.0,0.0,0.0,0.0,3402.0,-2.004,0.0,2.7184278591402704e+23,0.0,-0.0,0.0,0.0,0.0,0.0,0.0,0,2.3088382548096162e+20,0.0,0.0,0.0,0.0,0.0,0.0,0.0,0.0,0,0,0,0.0,0.0,0.0,0.0,0.0,0.0,0.0,0.0,0.0,0.0,0.0,0.0,0.0,0.0,0.0,0.0,0,-107875648.0,0,0.0,0,-107875648.0,-107877712.0,0,52429,17039,26215,17054,13107,17038,0,0,0,110,100,100,-0.0,64.0,0.0,64.5,0.0,69.0,1,49,50,180,13107,0,0,0,0.0,0.0,0.0,0.0,-0.0,65.0,0.0,-0.0,0.0,646,0,690,0,0,0,719,0,792,0,711,0,690,0,645,0,643,0,617,0.032,54263808.0,2.004,-107615152.0,55440,16787,-0.0,-0.0,2.015559377630021e+28,0.0,0.0,0.0,29.0,60.0,70,0.0,0.0,0.0,0.0,0.0,0.0,0.0,0.0,0.0,0.0,0.0,0.0,0.0,0.0,0.0,0.0,59.2,69,11,65508,41,65476,0,300,0,0,8,20529,65476,0,0,61604,60.0,0.0,0.0,0.0,0.0,0.0
2026-04-04T11:09:35,ERR,ERR,ERR,ERR,ERR,ERR,ERR,ERR,ERR,ERR,ERR,ERR,ERR,ERR,ERR,ERR,ERR,ERR,ERR,ERR,ERR,ERR,ERR,ERR,ERR,ERR,ERR,ERR,ERR,ERR,ERR,ERR,ERR,ERR,ERR,ERR,ERR,ERR,ERR,ERR,ERR,ERR,ERR,ERR,ERR,ERR,ERR,ERR,ERR,ERR,ERR,ERR,ERR,ERR,ERR,ERR,ERR,ERR,ERR,ERR,ERR,ERR,ERR,ERR,ERR,ERR,ERR,ERR,ERR,ERR,ERR,ERR,ERR,ERR,ERR,ERR,ERR,ERR,ERR,ERR,ERR,ERR,ERR,ERR,ERR,ERR,ERR,ERR,ERR,ERR,ERR,ERR,ERR,ERR,ERR,ERR,ERR,ERR,ERR,ERR,ERR,ERR,ERR,ERR,ERR,ERR,ERR,ERR,ERR,ERR,ERR,ERR,ERR,ERR,ERR,ERR,ERR,ERR,ERR,ERR,ERR,ERR,ERR,ERR,ERR,2.7184278591402704e+23,0.0,-0.0,0.0,0.0,0.0,0.0,nan,0,0,0,32768,0,0.0,0,0.0,0.0,0.0,0.0,0.0,0,0,0,0,0.0,0,0,0,0,0,0,0,0,0,0,0,0,0,0,0,0,0,0,0,0,0,0,0,0,0,0,0,0,0,0,0,0,0,0,0,0,0,0,0,0,0,0,0,0,0.0,0.0,0.0,0.0,0.0,0.0,0.0,0.0,0.0,0.0,0.0,0.0,0.0,0.0,0.0,0.0,0.0,0.0,0.0,0.0,0.0,0.0,0.0,0.0,-2.004,0.0,0.0,0.0,0.0,0.0,3402.0,-2.004,0.0,2.7184278591402704e+23,0.0,-0.0,0.0,0.0,0.0,0.0,0.0,0,2.3088382548096162e+20,0.0,0.0,0.0,0.0,0.0,0.0,0.0,0.0,0,0,0,0.0,0.0,0.0,0.0,0.0,0.0,0.0,0.0,0.0,0.0,0.0,0.0,0.0,0.0,0.0,0.0,0,-107875648.0,0,0.0,0,-107875648.0,-107877712.0,0,52429,17039,26215,17054,13107,17038,0,0,0,110,100,100,-0.0,64.0,0.0,64.5,0.0,69.0,1,49,50,180,13107,0,0,0,0.0,0.0,0.0,0.0,-0.0,65.0,0.0,-0.0,0.0,646,0,690,0,0,0,719,0,792,0,711,0,690,0,645,0,643,0,617,0.032,54263808.0,2.004,-107615152.0,55440,16787,-0.0,-0.0,2.015559377630021e+28,0.0,0.0,0.0,29.0,60.0,70,0.0,0.0,0.0,0.0,0.0,0.0,0.0,0.0,0.0,0.0,0.0,0.0,0.0,0.0,0.0,0.0,59.2,69,11,65508,41,65476,0,300,0,0,8,20529,65476,0,0,61604,60.0,0.0,0.0,0.0,0.0,0.0
2026-04-04T11:09:36,ERR,ERR,ERR,ERR,ERR,ERR,ERR,ERR,ERR,ERR,ERR,ERR,ERR,ERR,ERR,ERR,ERR,ERR,ERR,ERR,ERR,ERR,ERR,ERR,ERR,ERR,ERR,ERR,ERR,ERR,ERR,ERR,ERR,ERR,ERR,ERR,ERR,ERR,ERR,ERR,ERR,ERR,ERR,ERR,ERR,ERR,ERR,ERR,ERR,ERR,ERR,ERR,ERR,ERR,ERR,ERR,ERR,ERR,ERR,ERR,ERR,ERR,ERR,ERR,ERR,ERR,ERR,ERR,ERR,ERR,ERR,ERR,ERR,ERR,ERR,ERR,ERR,ERR,ERR,ERR,ERR,ERR,ERR,ERR,ERR,ERR,ERR,ERR,ERR,ERR,ERR,ERR,ERR,ERR,ERR,ERR,ERR,ERR,ERR,ERR,ERR,ERR,ERR,ERR,ERR,ERR,ERR,ERR,ERR,ERR,ERR,ERR,ERR,ERR,ERR,ERR,ERR,ERR,ERR,ERR,ERR,ERR,ERR,ERR,ERR,2.7184278591402704e+23,0.0,-0.0,0.0,0.0,0.0,0.0,nan,0,0,0,32768,0,0.0,0,0.0,0.0,0.0,0.0,0.0,0,0,0,0,0.0,0,0,0,0,0,0,0,0,0,0,0,0,0,0,0,0,0,0,0,0,0,0,0,0,0,0,0,0,0,0,0,0,0,0,0,0,0,0,0,0,0,0,0,0,0.0,0.0,0.0,0.0,0.0,0.0,0.0,0.0,0.0,0.0,0.0,0.0,0.0,0.0,0.0,0.0,0.0,0.0,0.0,0.0,0.0,0.0,0.0,0.0,-2.004,0.0,0.0,0.0,0.0,0.0,3402.0,-2.004,0.0,2.7184278591402704e+23,0.0,-0.0,0.0,0.0,0.0,0.0,0.0,0,2.3088382548096162e+20,0.0,0.0,0.0,0.0,0.0,0.0,0.0,0.0,0,0,0,0.0,0.0,0.0,0.0,0.0,0.0,0.0,0.0,0.0,0.0,0.0,0.0,0.0,0.0,0.0,0.0,0,-107875648.0,0,0.0,0,-107875648.0,-107877712.0,0,52429,17039,26215,17054,13107,17038,0,0,0,110,100,100,-0.0,64.0,0.0,64.5,0.0,69.0,1,49,50,180,13107,0,0,0,0.0,0.0,0.0,0.0,-0.0,65.0,0.0,-0.0,0.0,646,0,690,0,0,0,719,0,792,0,711,0,690,0,645,0,643,0,617,0.032,54263808.0,2.004,-107615152.0,55440,16787,-0.0,-0.0,2.015559377630021e+28,0.0,0.0,0.0,29.0,60.0,70,0.0,0.0,0.0,0.0,0.0,0.0,0.0,0.0,0.0,0.0,0.0,0.0,0.0,0.0,0.0,0.0,59.2,69,11,65508,41,65476,0,300,0,0,8,20529,65476,0,0,61604,60.0,0.0,0.0,0.0,0.0,0.0
2026-04-04T11:09:37,ERR,ERR,ERR,ERR,ERR,ERR,ERR,ERR,ERR,ERR,ERR,ERR,ERR,ERR,ERR,ERR,ERR,ERR,ERR,ERR,ERR,ERR,ERR,ERR,ERR,ERR,ERR,ERR,ERR,ERR,ERR,ERR,ERR,ERR,ERR,ERR,ERR,ERR,ERR,ERR,ERR,ERR,ERR,ERR,ERR,ERR,ERR,ERR,ERR,ERR,ERR,ERR,ERR,ERR,ERR,ERR,ERR,ERR,ERR,ERR,ERR,ERR,ERR,ERR,ERR,ERR,ERR,ERR,ERR,ERR,ERR,ERR,ERR,ERR,ERR,ERR,ERR,ERR,ERR,ERR,ERR,ERR,ERR,ERR,ERR,ERR,ERR,ERR,ERR,ERR,ERR,ERR,ERR,ERR,ERR,ERR,ERR,ERR,ERR,ERR,ERR,ERR,ERR,ERR,ERR,ERR,ERR,ERR,ERR,ERR,ERR,ERR,ERR,ERR,ERR,ERR,ERR,ERR,ERR,ERR,ERR,ERR,ERR,ERR,ERR,2.7184278591402704e+23,0.0,-0.0,0.0,0.0,0.0,0.0,nan,0,0,0,32768,0,0.0,0,0.0,0.0,0.0,0.0,0.0,0,0,0,0,0.0,0,0,0,0,0,0,0,0,0,0,0,0,0,0,0,0,0,0,0,0,0,0,0,0,0,0,0,0,0,0,0,0,0,0,0,0,0,0,0,0,0,0,0,0,0.0,0.0,0.0,0.0,0.0,0.0,0.0,0.0,0.0,0.0,0.0,0.0,0.0,0.0,0.0,0.0,0.0,0.0,0.0,0.0,0.0,0.0,0.0,0.0,-2.004,0.0,0.0,0.0,0.0,0.0,3402.0,-2.004,0.0,2.7184278591402704e+23,0.0,-0.0,0.0,0.0,0.0,0.0,0.0,0,2.3088382548096162e+20,0.0,0.0,0.0,0.0,0.0,0.0,0.0,0.0,0,0,0,0.0,0.0,0.0,0.0,0.0,0.0,0.0,0.0,0.0,0.0,0.0,0.0,0.0,0.0,0.0,0.0,0,-107875648.0,0,0.0,0,-107875648.0,-107877712.0,0,52429,17039,26215,17054,13107,17038,0,0,0,110,100,100,-0.0,64.0,0.0,64.5,0.0,69.0,1,49,50,180,13107,0,0,0,0.0,0.0,0.0,0.0,-0.0,65.0,0.0,-0.0,0.0,646,0,690,0,0,0,719,0,792,0,711,0,690,0,645,0,643,0,617,0.032,54263808.0,2.004,-107615152.0,55440,16787,-0.0,-0.0,2.015559377630021e+28,0.0,0.0,0.0,29.0,60.0,70,0.0,0.0,0.0,0.0,0.0,0.0,0.0,0.0,0.0,0.0,0.0,0.0,0.0,0.0,0.0,0.0,59.2,69,11,65508,41,65476,0,300,0,0,8,20529,65476,0,0,61604,60.0,0.0,0.0,0.0,0.0,0.0
2026-04-04T11:09:38,ERR,ERR,ERR,ERR,ERR,ERR,ERR,ERR,ERR,ERR,ERR,ERR,ERR,ERR,ERR,ERR,ERR,ERR,ERR,ERR,ERR,ERR,ERR,ERR,ERR,ERR,ERR,ERR,ERR,ERR,ERR,ERR,ERR,ERR,ERR,ERR,ERR,ERR,ERR,ERR,ERR,ERR,ERR,ERR,ERR,ERR,ERR,ERR,ERR,ERR,ERR,ERR,ERR,ERR,ERR,ERR,ERR,ERR,ERR,ERR,ERR,ERR,ERR,ERR,ERR,ERR,ERR,ERR,ERR,ERR,ERR,ERR,ERR,ERR,ERR,ERR,ERR,ERR,ERR,ERR,ERR,ERR,ERR,ERR,ERR,ERR,ERR,ERR,ERR,ERR,ERR,ERR,ERR,ERR,ERR,ERR,ERR,ERR,ERR,ERR,ERR,ERR,ERR,ERR,ERR,ERR,ERR,ERR,ERR,ERR,ERR,ERR,ERR,ERR,ERR,ERR,ERR,ERR,ERR,ERR,ERR,ERR,ERR,ERR,ERR,2.7184278591402704e+23,0.0,-0.0,0.0,0.0,0.0,0.0,nan,0,0,0,32768,0,0.0,0,0.0,0.0,0.0,0.0,0.0,0,0,0,0,0.0,0,0,0,0,0,0,0,0,0,0,0,0,0,0,0,0,0,0,0,0,0,0,0,0,0,0,0,0,0,0,0,0,0,0,0,0,0,0,0,0,0,0,0,0,0.0,0.0,0.0,0.0,0.0,0.0,0.0,0.0,0.0,0.0,0.0,0.0,0.0,0.0,0.0,0.0,0.0,0.0,0.0,0.0,0.0,0.0,0.0,0.0,-2.004,0.0,0.0,0.0,0.0,0.0,3402.0,-2.004,0.0,2.7184278591402704e+23,0.0,-0.0,0.0,0.0,0.0,0.0,0.0,0,2.3088382548096162e+20,0.0,0.0,0.0,0.0,0.0,0.0,0.0,0.0,0,0,0,0.0,0.0,0.0,0.0,0.0,0.0,0.0,0.0,0.0,0.0,0.0,0.0,0.0,0.0,0.0,0.0,0,-107875648.0,0,0.0,0,-107875648.0,-107877712.0,0,52429,17039,26215,17054,13107,17038,0,0,0,110,100,100,-0.0,64.0,0.0,64.5,0.0,69.0,1,49,50,180,13107,0,0,0,0.0,0.0,0.0,0.0,-0.0,65.0,0.0,-0.0,0.0,646,0,690,0,0,0,719,0,792,0,711,0,690,0,645,0,643,0,617,0.032,54263808.0,2.004,-107615152.0,55440,16787,-0.0,-0.0,2.015559377630021e+28,0.0,0.0,0.0,29.0,60.0,70,0.0,0.0,0.0,0.0,0.0,0.0,0.0,0.0,0.0,0.0,0.0,0.0,0.0,0.0,0.0,0.0,59.2,69,11,65508,41,65476,0,300,0,0,8,20529,65476,0,0,61604,60.0,0.0,0.0,0.0,0.0,0.0
2026-04-04T11:09:39,ERR,ERR,ERR,ERR,ERR,ERR,ERR,ERR,ERR,ERR,ERR,ERR,ERR,ERR,ERR,ERR,ERR,ERR,ERR,ERR,ERR,ERR,ERR,ERR,ERR,ERR,ERR,ERR,ERR,ERR,ERR,ERR,ERR,ERR,ERR,ERR,ERR,ERR,ERR,ERR,ERR,ERR,ERR,ERR,ERR,ERR,ERR,ERR,ERR,ERR,ERR,ERR,ERR,ERR,ERR,ERR,ERR,ERR,ERR,ERR,ERR,ERR,ERR,ERR,ERR,ERR,ERR,ERR,ERR,ERR,ERR,ERR,ERR,ERR,ERR,ERR,ERR,ERR,ERR,ERR,ERR,ERR,ERR,ERR,ERR,ERR,ERR,ERR,ERR,ERR,ERR,ERR,ERR,ERR,ERR,ERR,ERR,ERR,ERR,ERR,ERR,ERR,ERR,ERR,ERR,ERR,ERR,ERR,ERR,ERR,ERR,ERR,ERR,ERR,ERR,ERR,ERR,ERR,ERR,ERR,ERR,ERR,ERR,ERR,ERR,2.7184278591402704e+23,0.0,-0.0,0.0,0.0,0.0,0.0,nan,0,0,0,32768,0,0.0,0,0.0,0.0,0.0,0.0,0.0,0,0,0,0,0.0,0,0,0,0,0,0,0,0,0,0,0,0,0,0,0,0,0,0,0,0,0,0,0,0,0,0,0,0,0,0,0,0,0,0,0,0,0,0,0,0,0,0,0,0,0.0,0.0,0.0,0.0,0.0,0.0,0.0,0.0,0.0,0.0,0.0,0.0,0.0,0.0,0.0,0.0,0.0,0.0,0.0,0.0,0.0,0.0,0.0,0.0,-2.004,0.0,0.0,0.0,0.0,0.0,3402.0,-2.004,0.0,2.7184278591402704e+23,0.0,-0.0,0.0,0.0,0.0,0.0,0.0,0,2.3088382548096162e+20,0.0,0.0,0.0,0.0,0.0,0.0,0.0,0.0,0,0,0,0.0,0.0,0.0,0.0,0.0,0.0,0.0,0.0,0.0,0.0,0.0,0.0,0.0,0.0,0.0,0.0,0,-107875648.0,0,0.0,0,-107875648.0,-107877712.0,0,52429,17039,26215,17054,13107,17038,0,0,0,110,100,100,-0.0,64.0,0.0,64.5,0.0,69.0,1,49,50,180,13107,0,0,0,0.0,0.0,0.0,0.0,-0.0,65.0,0.0,-0.0,0.0,646,0,690,0,0,0,719,0,791,0,711,0,690,0,645,0,643,0,617,0.032,36438016.0,2.004,-107615152.0,58896,16787,-0.0,-0.0,0.81,0.0,0.0,-3.9601819461043047e+33,29.0,60.0,70,0.0,0.0,0.0,0.0,0.0,0.0,0.0,0.0,0.0,0.0,0.0,0.0,0.0,0.0,0.0,0.0,59.2,69,11,65508,41,65476,0,300,0,0,8,20529,65476,0,0,61604,60.0,0.0,0.0,0.0,0.0,0.0
2026-04-04T11:09:40,ERR,ERR,ERR,ERR,ERR,ERR,ERR,ERR,ERR,ERR,ERR,ERR,ERR,ERR,ERR,ERR,ERR,ERR,ERR,ERR,ERR,ERR,ERR,ERR,ERR,ERR,ERR,ERR,ERR,ERR,ERR,ERR,ERR,ERR,ERR,ERR,ERR,ERR,ERR,ERR,ERR,ERR,ERR,ERR,ERR,ERR,ERR,ERR,ERR,ERR,ERR,ERR,ERR,ERR,ERR,ERR,ERR,ERR,ERR,ERR,ERR,ERR,ERR,ERR,ERR,ERR,ERR,ERR,ERR,ERR,ERR,ERR,ERR,ERR,ERR,ERR,ERR,ERR,ERR,ERR,ERR,ERR,ERR,ERR,ERR,ERR,ERR,ERR,ERR,ERR,ERR,ERR,ERR,ERR,ERR,ERR,ERR,ERR,ERR,ERR,ERR,ERR,ERR,ERR,ERR,ERR,ERR,ERR,ERR,ERR,ERR,ERR,ERR,ERR,ERR,ERR,ERR,ERR,ERR,ERR,ERR,ERR,ERR,ERR,ERR,2.7184278591402704e+23,0.0,-0.0,0.0,0.0,0.0,0.0,nan,0,0,0,32768,0,0.0,0,0.0,0.0,0.0,0.0,0.0,0,0,0,0,0.0,0,0,0,0,0,0,0,0,0,0,0,0,0,0,0,0,0,0,0,0,0,0,0,0,0,0,0,0,0,0,0,0,0,0,0,0,0,0,0,0,0,0,0,0,0.0,0.0,0.0,0.0,0.0,0.0,0.0,0.0,0.0,0.0,0.0,0.0,0.0,0.0,0.0,0.0,0.0,0.0,0.0,0.0,0.0,0.0,0.0,0.0,-2.004,0.0,0.0,0.0,0.0,0.0,3402.0,-2.004,0.0,2.7184278591402704e+23,0.0,-0.0,0.0,0.0,0.0,0.0,0.0,0,2.3088382548096162e+20,0.0,0.0,0.0,0.0,0.0,0.0,0.0,0.0,0,0,0,0.0,0.0,0.0,0.0,0.0,0.0,0.0,0.0,0.0,0.0,0.0,0.0,0.0,0.0,0.0,0.0,0,-107875648.0,0,0.0,0,-107875648.0,-107877712.0,0,52429,17039,26215,17054,13107,17038,0,0,0,110,100,100,-0.0,64.0,0.0,64.5,0.0,69.0,1,49,50,180,13107,0,0,0,0.0,0.0,0.0,0.0,-0.0,65.0,0.0,-0.0,0.0,646,0,690,0,0,0,719,0,791,0,711,0,690,0,645,0,643,0,617,0.032,36438016.0,2.004,-107615152.0,58896,16787,-0.0,-0.0,0.81,0.0,0.0,-3.9601819461043047e+33,29.0,60.0,70,0.0,0.0,0.0,0.0,0.0,0.0,0.0,0.0,0.0,0.0,0.0,0.0,0.0,0.0,0.0,0.0,59.2,69,11,65508,41,65476,0,300,0,0,8,20529,65476,0,0,61604,60.0,0.0,0.0,0.0,0.0,0.0
2026-04-04T11:09:41,ERR,ERR,ERR,ERR,ERR,ERR,ERR,ERR,ERR,ERR,ERR,ERR,ERR,ERR,ERR,ERR,ERR,ERR,ERR,ERR,ERR,ERR,ERR,ERR,ERR,ERR,ERR,ERR,ERR,ERR,ERR,ERR,ERR,ERR,ERR,ERR,ERR,ERR,ERR,ERR,ERR,ERR,ERR,ERR,ERR,ERR,ERR,ERR,ERR,ERR,ERR,ERR,ERR,ERR,ERR,ERR,ERR,ERR,ERR,ERR,ERR,ERR,ERR,ERR,ERR,ERR,ERR,ERR,ERR,ERR,ERR,ERR,ERR,ERR,ERR,ERR,ERR,ERR,ERR,ERR,ERR,ERR,ERR,ERR,ERR,ERR,ERR,ERR,ERR,ERR,ERR,ERR,ERR,ERR,ERR,ERR,ERR,ERR,ERR,ERR,ERR,ERR,ERR,ERR,ERR,ERR,ERR,ERR,ERR,ERR,ERR,ERR,ERR,ERR,ERR,ERR,ERR,ERR,ERR,ERR,ERR,ERR,ERR,ERR,ERR,2.7184278591402704e+23,0.0,-0.0,0.0,0.0,0.0,0.0,nan,0,0,0,32768,0,0.0,0,0.0,0.0,0.0,0.0,0.0,0,0,0,0,0.0,0,0,0,0,0,0,0,0,0,0,0,0,0,0,0,0,0,0,0,0,0,0,0,0,0,0,0,0,0,0,0,0,0,0,0,0,0,0,0,0,0,0,0,0,0.0,0.0,0.0,0.0,0.0,0.0,0.0,0.0,0.0,0.0,0.0,0.0,0.0,0.0,0.0,0.0,0.0,0.0,0.0,0.0,0.0,0.0,0.0,0.0,-2.004,0.0,0.0,0.0,0.0,0.0,3402.0,-2.004,0.0,2.7184278591402704e+23,0.0,-0.0,0.0,0.0,0.0,0.0,0.0,0,2.3088382548096162e+20,0.0,0.0,0.0,0.0,0.0,0.0,0.0,0.0,0,0,0,0.0,0.0,0.0,0.0,0.0,0.0,0.0,0.0,0.0,0.0,0.0,0.0,0.0,0.0,0.0,0.0,0,-107875648.0,0,0.0,0,-107875648.0,-107877712.0,0,52429,17039,26215,17054,13107,17038,0,0,0,110,100,100,-0.0,64.0,0.0,64.5,0.0,69.0,1,49,50,180,13107,0,0,0,0.0,0.0,0.0,0.0,-0.0,65.0,0.0,-0.0,0.0,646,0,690,0,0,0,719,0,791,0,711,0,690,0,645,0,643,0,617,0.032,36438016.0,2.004,-107615152.0,58896,16787,-0.0,-0.0,0.81,0.0,0.0,-3.9601819461043047e+33,29.0,60.0,70,0.0,0.0,0.0,0.0,0.0,0.0,0.0,0.0,0.0,0.0,0.0,0.0,0.0,0.0,0.0,0.0,59.2,69,11,65508,41,65476,0,300,0,0,8,20529,65476,0,0,61604,60.0,0.0,0.0,0.0,0.0,0.0
2026-04-04T11:09:42,ERR,ERR,ERR,ERR,ERR,ERR,ERR,ERR,ERR,ERR,ERR,ERR,ERR,ERR,ERR,ERR,ERR,ERR,ERR,ERR,ERR,ERR,ERR,ERR,ERR,ERR,ERR,ERR,ERR,ERR,ERR,ERR,ERR,ERR,ERR,ERR,ERR,ERR,ERR,ERR,ERR,ERR,ERR,ERR,ERR,ERR,ERR,ERR,ERR,ERR,ERR,ERR,ERR,ERR,ERR,ERR,ERR,ERR,ERR,ERR,ERR,ERR,ERR,ERR,ERR,ERR,ERR,ERR,ERR,ERR,ERR,ERR,ERR,ERR,ERR,ERR,ERR,ERR,ERR,ERR,ERR,ERR,ERR,ERR,ERR,ERR,ERR,ERR,ERR,ERR,ERR,ERR,ERR,ERR,ERR,ERR,ERR,ERR,ERR,ERR,ERR,ERR,ERR,ERR,ERR,ERR,ERR,ERR,ERR,ERR,ERR,ERR,ERR,ERR,ERR,ERR,ERR,ERR,ERR,ERR,ERR,ERR,ERR,ERR,ERR,2.7184278591402704e+23,0.0,-0.0,0.0,0.0,0.0,0.0,nan,0,0,0,32768,0,0.0,0,0.0,0.0,0.0,0.0,0.0,0,0,0,0,0.0,0,0,0,0,0,0,0,0,0,0,0,0,0,0,0,0,0,0,0,0,0,0,0,0,0,0,0,0,0,0,0,0,0,0,0,0,0,0,0,0,0,0,0,0,0.0,0.0,0.0,0.0,0.0,0.0,0.0,0.0,0.0,0.0,0.0,0.0,0.0,0.0,0.0,0.0,0.0,0.0,0.0,0.0,0.0,0.0,0.0,0.0,-2.004,0.0,0.0,0.0,0.0,0.0,3404.0,-8608108544.0,0.0,2.7184278591402704e+23,0.0,-0.0,0.0,0.0,0.0,0.0,0.0,0,1.9056958870913024e+17,0.0,0.0,0.0,0.0,0.0,0.0,0.0,0.0,0,0,0,0.0,0.0,0.0,0.0,0.0,0.0,0.0,0.0,0.0,0.0,0.0,0.0,0.0,0.0,0.0,0.0,0,-107875648.0,0,0.0,0,-107875648.0,-107877712.0,0,52429,17039,26215,17054,13107,17038,0,0,0,110,100,100,-0.0,64.0,0.0,64.5,0.0,69.0,1,49,50,180,13107,0,0,0,0.0,0.0,0.0,0.0,-0.0,65.0,0.0,-0.0,0.0,646,0,690,0,0,0,719,0,791,0,711,0,690,0,645,0,643,0,617,0.032,36438016.0,2.004,-107615152.0,58896,16787,-0.0,-0.0,0.81,0.0,0.0,-3.9601819461043047e+33,29.0,60.0,70,0.0,0.0,0.0,0.0,0.0,0.0,0.0,0.0,0.0,0.0,0.0,0.0,0.0,0.0,0.0,0.0,59.2,69,11,65508,41,65476,0,300,0,0,8,20529,65476,0,0,61604,60.0,0.0,0.0,0.0,0.0,0.0
2026-04-04T11:09:43,ERR,ERR,ERR,ERR,ERR,ERR,ERR,ERR,ERR,ERR,ERR,ERR,ERR,ERR,ERR,ERR,ERR,ERR,ERR,ERR,ERR,ERR,ERR,ERR,ERR,ERR,ERR,ERR,ERR,ERR,ERR,ERR,ERR,ERR,ERR,ERR,ERR,ERR,ERR,ERR,ERR,ERR,ERR,ERR,ERR,ERR,ERR,ERR,ERR,ERR,ERR,ERR,ERR,ERR,ERR,ERR,ERR,ERR,ERR,ERR,ERR,ERR,ERR,ERR,ERR,ERR,ERR,ERR,ERR,ERR,ERR,ERR,ERR,ERR,ERR,ERR,ERR,ERR,ERR,ERR,ERR,ERR,ERR,ERR,ERR,ERR,ERR,ERR,ERR,ERR,ERR,ERR,ERR,ERR,ERR,ERR,ERR,ERR,ERR,ERR,ERR,ERR,ERR,ERR,ERR,ERR,ERR,ERR,ERR,ERR,ERR,ERR,ERR,ERR,ERR,ERR,ERR,ERR,ERR,ERR,ERR,ERR,ERR,ERR,ERR,2.7184278591402704e+23,0.0,-0.0,0.0,0.0,0.0,0.0,nan,0,0,0,32768,0,0.0,0,0.0,0.0,0.0,0.0,0.0,0,0,0,0,0.0,0,0,0,0,0,0,0,0,0,0,0,0,0,0,0,0,0,0,0,0,0,0,0,0,0,0,0,0,0,0,0,0,0,0,0,0,0,0,0,0,0,0,0,0,0.0,0.0,0.0,0.0,0.0,0.0,0.0,0.0,0.0,0.0,0.0,0.0,0.0,0.0,0.0,0.0,0.0,0.0,0.0,0.0,0.0,0.0,0.0,0.0,-2.004,0.0,0.0,0.0,0.0,0.0,3404.0,-8608108544.0,0.0,2.7184278591402704e+23,0.0,-0.0,0.0,0.0,0.0,0.0,0.0,0,1.9056958870913024e+17,0.0,0.0,0.0,0.0,0.0,0.0,0.0,0.0,0,0,0,0.0,0.0,0.0,0.0,0.0,0.0,0.0,0.0,0.0,0.0,0.0,0.0,0.0,0.0,0.0,0.0,0,-107875648.0,0,0.0,0,-107875648.0,-107877712.0,0,52429,17039,26215,17054,13107,17038,0,0,0,110,100,100,-0.0,64.0,0.0,64.5,0.0,69.0,1,49,50,180,13107,0,0,0,0.0,0.0,0.0,0.0,-0.0,65.0,0.0,-0.0,0.0,646,0,690,0,0,0,719,0,791,0,711,0,690,0,645,0,643,0,617,0.032,36438016.0,2.004,-107615152.0,58896,16787,-0.0,-0.0,0.81,0.0,0.0,-3.9601819461043047e+33,29.0,60.0,70,0.0,0.0,0.0,0.0,0.0,0.0,0.0,0.0,0.0,0.0,0.0,0.0,0.0,0.0,0.0,0.0,59.2,69,11,65508,41,65476,0,300,0,0,8,20529,65476,0,0,61604,60.0,0.0,0.0,0.0,0.0,0.0
2026-04-04T11:09:44,ERR,ERR,ERR,ERR,ERR,ERR,ERR,ERR,ERR,ERR,ERR,ERR,ERR,ERR,ERR,ERR,ERR,ERR,ERR,ERR,ERR,ERR,ERR,ERR,ERR,ERR,ERR,ERR,ERR,ERR,ERR,ERR,ERR,ERR,ERR,ERR,ERR,ERR,ERR,ERR,ERR,ERR,ERR,ERR,ERR,ERR,ERR,ERR,ERR,ERR,ERR,ERR,ERR,ERR,ERR,ERR,ERR,ERR,ERR,ERR,ERR,ERR,ERR,ERR,ERR,ERR,ERR,ERR,ERR,ERR,ERR,ERR,ERR,ERR,ERR,ERR,ERR,ERR,ERR,ERR,ERR,ERR,ERR,ERR,ERR,ERR,ERR,ERR,ERR,ERR,ERR,ERR,ERR,ERR,ERR,ERR,ERR,ERR,ERR,ERR,ERR,ERR,ERR,ERR,ERR,ERR,ERR,ERR,ERR,ERR,ERR,ERR,ERR,ERR,ERR,ERR,ERR,ERR,ERR,ERR,ERR,ERR,ERR,ERR,ERR,2.7184278591402704e+23,0.0,-0.0,0.0,0.0,0.0,0.0,nan,0,0,0,32768,0,0.0,0,0.0,0.0,0.0,0.0,0.0,0,0,0,0,0.0,0,0,0,0,0,0,0,0,0,0,0,0,0,0,0,0,0,0,0,0,0,0,0,0,0,0,0,0,0,0,0,0,0,0,0,0,0,0,0,0,0,0,0,0,0.0,0.0,0.0,0.0,0.0,0.0,0.0,0.0,0.0,0.0,0.0,0.0,0.0,0.0,0.0,0.0,0.0,0.0,0.0,0.0,0.0,0.0,0.0,0.0,-2.004,0.0,0.0,0.0,0.0,0.0,3404.0,-8608108544.0,0.0,2.7184278591402704e+23,0.0,-0.0,0.0,0.0,0.0,0.0,0.0,0,1.9056958870913024e+17,0.0,0.0,0.0,0.0,0.0,0.0,0.0,0.0,0,0,0,0.0,0.0,0.0,0.0,0.0,0.0,0.0,0.0,0.0,0.0,0.0,0.0,0.0,0.0,0.0,0.0,0,-107875648.0,0,0.0,0,-107875648.0,-107877712.0,0,52429,17039,26215,17054,13107,17038,0,0,0,110,100,100,-0.0,64.0,0.0,64.5,0.0,69.0,1,49,50,180,13107,0,0,0,0.0,0.0,0.0,0.0,-0.0,65.0,0.0,-0.0,0.0,646,0,690,0,0,0,719,0,791,0,711,0,690,0,645,0,643,0,617,0.032,36438016.0,2.004,-107615152.0,58896,16787,-0.0,-0.0,0.81,0.0,0.0,-3.9601819461043047e+33,29.0,60.0,70,0.0,0.0,0.0,0.0,0.0,0.0,0.0,0.0,0.0,0.0,0.0,0.0,0.0,0.0,0.0,0.0,59.2,69,11,65508,41,65476,0,300,0,0,8,20529,65476,0,0,61604,60.0,0.0,0.0,0.0,0.0,0.0
2026-04-04T11:09:45,ERR,ERR,ERR,ERR,ERR,ERR,ERR,ERR,ERR,ERR,ERR,ERR,ERR,ERR,ERR,ERR,ERR,ERR,ERR,ERR,ERR,ERR,ERR,ERR,ERR,ERR,ERR,ERR,ERR,ERR,ERR,ERR,ERR,ERR,ERR,ERR,ERR,ERR,ERR,ERR,ERR,ERR,ERR,ERR,ERR,ERR,ERR,ERR,ERR,ERR,ERR,ERR,ERR,ERR,ERR,ERR,ERR,ERR,ERR,ERR,ERR,ERR,ERR,ERR,ERR,ERR,ERR,ERR,ERR,ERR,ERR,ERR,ERR,ERR,ERR,ERR,ERR,ERR,ERR,ERR,ERR,ERR,ERR,ERR,ERR,ERR,ERR,ERR,ERR,ERR,ERR,ERR,ERR,ERR,ERR,ERR,ERR,ERR,ERR,ERR,ERR,ERR,ERR,ERR,ERR,ERR,ERR,ERR,ERR,ERR,ERR,ERR,ERR,ERR,ERR,ERR,ERR,ERR,ERR,ERR,ERR,ERR,ERR,ERR,ERR,2.7184278591402704e+23,0.0,-0.0,0.0,0.0,0.0,0.0,nan,0,0,0,32768,0,0.0,0,0.0,0.0,0.0,0.0,0.0,0,0,0,0,0.0,0,0,0,0,0,0,0,0,0,0,0,0,0,0,0,0,0,0,0,0,0,0,0,0,0,0,0,0,0,0,0,0,0,0,0,0,0,0,0,0,0,0,0,0,0.0,0.0,0.0,0.0,0.0,0.0,0.0,0.0,0.0,0.0,0.0,0.0,0.0,0.0,0.0,0.0,0.0,0.0,0.0,0.0,0.0,0.0,0.0,0.0,-2.004,0.0,0.0,0.0,0.0,0.0,3404.0,-8608108544.0,0.0,2.7184278591402704e+23,0.0,-0.0,0.0,0.0,0.0,0.0,0.0,0,1.9056958870913024e+17,0.0,0.0,0.0,0.0,0.0,0.0,0.0,0.0,0,0,0,0.0,0.0,0.0,0.0,0.0,0.0,0.0,0.0,0.0,0.0,0.0,0.0,0.0,0.0,0.0,0.0,0,-107875648.0,0,0.0,0,-107875648.0,-107877712.0,0,52429,17039,26215,17054,13107,17038,0,0,0,110,100,100,-0.0,64.0,0.0,64.5,0.0,69.0,1,49,50,180,13107,0,0,0,0.0,0.0,0.0,0.0,-0.0,65.0,0.0,3.034066746316241e+38,0.0,646,0,689,0,0,0,719,0,792,0,711,0,690,0,645,0,643,0,617,0.032,55836672.0,2.004,-107615152.0,54928,16787,-0.0,3.034066746316241e+38,0.0,-0.0,-5.556394402901866e+22,-3854369.5,29.0,60.0,70,0.0,0.0,0.0,0.0,0.0,0.0,0.0,0.0,0.0,0.0,0.0,0.0,0.0,0.0,0.0,0.0,59.2,69,11,65508,41,65476,0,300,0,0,8,20529,65476,0,0,61604,60.0,0.0,0.0,0.0,0.0,0.0
2026-04-04T11:09:46,ERR,ERR,ERR,ERR,ERR,ERR,ERR,ERR,ERR,ERR,ERR,ERR,ERR,ERR,ERR,ERR,ERR,ERR,ERR,ERR,ERR,ERR,ERR,ERR,ERR,ERR,ERR,ERR,ERR,ERR,ERR,ERR,ERR,ERR,ERR,ERR,ERR,ERR,ERR,ERR,ERR,ERR,ERR,ERR,ERR,ERR,ERR,ERR,ERR,ERR,ERR,ERR,ERR,ERR,ERR,ERR,ERR,ERR,ERR,ERR,ERR,ERR,ERR,ERR,ERR,ERR,ERR,ERR,ERR,ERR,ERR,ERR,ERR,ERR,ERR,ERR,ERR,ERR,ERR,ERR,ERR,ERR,ERR,ERR,ERR,ERR,ERR,ERR,ERR,ERR,ERR,ERR,ERR,ERR,ERR,ERR,ERR,ERR,ERR,ERR,ERR,ERR,ERR,ERR,ERR,ERR,ERR,ERR,ERR,ERR,ERR,ERR,ERR,ERR,ERR,ERR,ERR,ERR,ERR,ERR,ERR,ERR,ERR,ERR,ERR,2.7184278591402704e+23,0.0,-0.0,0.0,0.0,0.0,0.0,nan,0,0,0,32768,0,0.0,0,0.0,0.0,0.0,0.0,0.0,0,0,0,0,0.0,0,0,0,0,0,0,0,0,0,0,0,0,0,0,0,0,0,0,0,0,0,0,0,0,0,0,0,0,0,0,0,0,0,0,0,0,0,0,0,0,0,0,0,0,0.0,0.0,0.0,0.0,0.0,0.0,0.0,0.0,0.0,0.0,0.0,0.0,0.0,0.0,0.0,0.0,0.0,0.0,0.0,0.0,0.0,0.0,0.0,0.0,-2.004,0.0,0.0,0.0,0.0,0.0,3404.0,-8608108544.0,0.0,2.7184278591402704e+23,0.0,-0.0,0.0,0.0,0.0,0.0,0.0,0,1.9056958870913024e+17,0.0,0.0,0.0,0.0,0.0,0.0,0.0,0.0,0,0,0,0.0,0.0,0.0,0.0,0.0,0.0,0.0,0.0,0.0,0.0,0.0,0.0,0.0,0.0,0.0,0.0,0,-107875648.0,0,0.0,0,-107875648.0,-107877712.0,0,52429,17039,26215,17054,13107,17038,0,0,0,110,100,100,-0.0,64.0,0.0,64.5,0.0,69.0,1,49,50,180,13107,0,0,0,0.0,0.0,0.0,0.0,-0.0,65.0,0.0,3.034066746316241e+38,0.0,646,0,689,0,0,0,719,0,792,0,711,0,690,0,645,0,643,0,617,0.032,55836672.0,2.004,-107615152.0,54928,16787,-0.0,3.034066746316241e+38,0.0,-0.0,-5.556394402901866e+22,-3854369.5,29.0,60.0,70,0.0,0.0,0.0,0.0,0.0,0.0,0.0,0.0,0.0,0.0,0.0,0.0,0.0,0.0,0.0,0.0,59.2,69,11,65508,41,65476,0,300,0,0,8,20529,65476,0,0,61604,60.0,0.0,0.0,0.0,0.0,0.0
2026-04-04T11:09:47,ERR,ERR,ERR,ERR,ERR,ERR,ERR,ERR,ERR,ERR,ERR,ERR,ERR,ERR,ERR,ERR,ERR,ERR,ERR,ERR,ERR,ERR,ERR,ERR,ERR,ERR,ERR,ERR,ERR,ERR,ERR,ERR,ERR,ERR,ERR,ERR,ERR,ERR,ERR,ERR,ERR,ERR,ERR,ERR,ERR,ERR,ERR,ERR,ERR,ERR,ERR,ERR,ERR,ERR,ERR,ERR,ERR,ERR,ERR,ERR,ERR,ERR,ERR,ERR,ERR,ERR,ERR,ERR,ERR,ERR,ERR,ERR,ERR,ERR,ERR,ERR,ERR,ERR,ERR,ERR,ERR,ERR,ERR,ERR,ERR,ERR,ERR,ERR,ERR,ERR,ERR,ERR,ERR,ERR,ERR,ERR,ERR,ERR,ERR,ERR,ERR,ERR,ERR,ERR,ERR,ERR,ERR,ERR,ERR,ERR,ERR,ERR,ERR,ERR,ERR,ERR,ERR,ERR,ERR,ERR,ERR,ERR,ERR,ERR,ERR,2.7184278591402704e+23,0.0,-0.0,0.0,0.0,0.0,0.0,nan,0,0,0,32768,0,0.0,0,0.0,0.0,0.0,0.0,0.0,0,0,0,0,0.0,0,0,0,0,0,0,0,0,0,0,0,0,0,0,0,0,0,0,0,0,0,0,0,0,0,0,0,0,0,0,0,0,0,0,0,0,0,0,0,0,0,0,0,0,0.0,0.0,0.0,0.0,0.0,0.0,0.0,0.0,0.0,0.0,0.0,0.0,0.0,0.0,0.0,0.0,0.0,0.0,0.0,0.0,0.0,0.0,0.0,0.0,-2.004,0.0,0.0,0.0,0.0,0.0,3404.0,-8608108544.0,0.0,2.7184278591402704e+23,0.0,-0.0,0.0,0.0,0.0,0.0,0.0,0,1.9056958870913024e+17,0.0,0.0,0.0,0.0,0.0,0.0,0.0,0.0,0,0,0,0.0,0.0,0.0,0.0,0.0,0.0,0.0,0.0,0.0,0.0,0.0,0.0,0.0,0.0,0.0,0.0,0,-107875648.0,0,0.0,0,-107875648.0,-107877712.0,0,52429,17039,26215,17054,13107,17038,0,0,0,110,100,100,-0.0,64.0,0.0,64.5,0.0,69.0,1,49,50,180,13107,0,0,0,0.0,0.0,0.0,0.0,-0.0,65.0,0.0,3.034066746316241e+38,0.0,646,0,689,0,0,0,719,0,792,0,711,0,690,0,645,0,643,0,617,0.032,55836672.0,2.004,-107615152.0,54928,16787,-0.0,3.034066746316241e+38,0.0,-0.0,-5.556394402901866e+22,-3854369.5,29.0,60.0,70,0.0,0.0,0.0,0.0,0.0,0.0,0.0,0.0,0.0,0.0,0.0,0.0,0.0,0.0,0.0,0.0,59.2,69,11,65508,41,65476,0,300,0,0,8,20529,65476,0,0,61604,60.0,0.0,0.0,0.0,0.0,0.0
2026-04-04T11:09:48,ERR,ERR,ERR,ERR,ERR,ERR,ERR,ERR,ERR,ERR,ERR,ERR,ERR,ERR,ERR,ERR,ERR,ERR,ERR,ERR,ERR,ERR,ERR,ERR,ERR,ERR,ERR,ERR,ERR,ERR,ERR,ERR,ERR,ERR,ERR,ERR,ERR,ERR,ERR,ERR,ERR,ERR,ERR,ERR,ERR,ERR,ERR,ERR,ERR,ERR,ERR,ERR,ERR,ERR,ERR,ERR,ERR,ERR,ERR,ERR,ERR,ERR,ERR,ERR,ERR,ERR,ERR,ERR,ERR,ERR,ERR,ERR,ERR,ERR,ERR,ERR,ERR,ERR,ERR,ERR,ERR,ERR,ERR,ERR,ERR,ERR,ERR,ERR,ERR,ERR,ERR,ERR,ERR,ERR,ERR,ERR,ERR,ERR,ERR,ERR,ERR,ERR,ERR,ERR,ERR,ERR,ERR,ERR,ERR,ERR,ERR,ERR,ERR,ERR,ERR,ERR,ERR,ERR,ERR,ERR,ERR,ERR,ERR,ERR,ERR,2.7184278591402704e+23,0.0,-0.0,0.0,0.0,0.0,0.0,nan,0,0,0,32768,0,0.0,0,0.0,0.0,0.0,0.0,0.0,0,0,0,0,0.0,0,0,0,0,0,0,0,0,0,0,0,0,0,0,0,0,0,0,0,0,0,0,0,0,0,0,0,0,0,0,0,0,0,0,0,0,0,0,0,0,0,0,0,0,0.0,0.0,0.0,0.0,0.0,0.0,0.0,0.0,0.0,0.0,0.0,0.0,0.0,0.0,0.0,0.0,0.0,0.0,0.0,0.0,0.0,0.0,0.0,0.0,-2.004,0.0,0.0,0.0,0.0,0.0,3404.0,-8608108544.0,0.0,2.7184278591402704e+23,0.0,-0.0,0.0,0.0,0.0,0.0,0.0,0,1.9056958870913024e+17,0.0,0.0,0.0,0.0,0.0,0.0,0.0,0.0,0,0,0,0.0,0.0,0.0,0.0,0.0,0.0,0.0,0.0,0.0,0.0,0.0,0.0,0.0,0.0,0.0,0.0,0,-107875648.0,0,0.0,0,-107875648.0,-107877712.0,0,52429,17039,26215,17054,13107,17038,0,0,0,110,100,100,-0.0,64.0,0.0,64.5,0.0,69.0,1,49,50,180,13107,0,0,0,0.0,0.0,0.0,0.0,-0.0,65.0,0.0,3.034066746316241e+38,0.0,646,0,689,0,0,0,719,0,792,0,711,0,690,0,645,0,643,0,617,0.032,55836672.0,2.004,-107615152.0,54928,16787,-0.0,3.034066746316241e+38,0.0,-0.0,-5.556394402901866e+22,-3854369.5,29.0,60.0,70,0.0,0.0,0.0,0.0,0.0,0.0,0.0,0.0,0.0,0.0,0.0,0.0,0.0,0.0,0.0,0.0,59.2,69,11,65508,41,65476,0,300,0,0,8,20529,65476,0,0,61604,60.0,0.0,0.0,0.0,0.0,0.0
2026-04-04T11:09:49,ERR,ERR,ERR,ERR,ERR,ERR,ERR,ERR,ERR,ERR,ERR,ERR,ERR,ERR,ERR,ERR,ERR,ERR,ERR,ERR,ERR,ERR,ERR,ERR,ERR,ERR,ERR,ERR,ERR,ERR,ERR,ERR,ERR,ERR,ERR,ERR,ERR,ERR,ERR,ERR,ERR,ERR,ERR,ERR,ERR,ERR,ERR,ERR,ERR,ERR,ERR,ERR,ERR,ERR,ERR,ERR,ERR,ERR,ERR,ERR,ERR,ERR,ERR,ERR,ERR,ERR,ERR,ERR,ERR,ERR,ERR,ERR,ERR,ERR,ERR,ERR,ERR,ERR,ERR,ERR,ERR,ERR,ERR,ERR,ERR,ERR,ERR,ERR,ERR,ERR,ERR,ERR,ERR,ERR,ERR,ERR,ERR,ERR,ERR,ERR,ERR,ERR,ERR,ERR,ERR,ERR,ERR,ERR,ERR,ERR,ERR,ERR,ERR,ERR,ERR,ERR,ERR,ERR,ERR,ERR,ERR,ERR,ERR,ERR,ERR,2.7184278591402704e+23,0.0,-0.0,0.0,0.0,0.0,0.0,nan,0,0,0,32768,0,0.0,0,0.0,0.0,0.0,0.0,0.0,0,0,0,0,0.0,0,0,0,0,0,0,0,0,0,0,0,0,0,0,0,0,0,0,0,0,0,0,0,0,0,0,0,0,0,0,0,0,0,0,0,0,0,0,0,0,0,0,0,0,0.0,0.0,0.0,0.0,0.0,0.0,0.0,0.0,0.0,0.0,0.0,0.0,0.0,0.0,0.0,0.0,0.0,0.0,0.0,0.0,0.0,0.0,0.0,0.0,-2.004,0.0,0.0,0.0,0.0,0.0,3404.0,-8608108544.0,0.0,2.7184278591402704e+23,0.0,-0.0,0.0,0.0,0.0,0.0,0.0,0,1.9056958870913024e+17,0.0,0.0,0.0,0.0,0.0,0.0,0.0,0.0,0,0,0,0.0,0.0,0.0,0.0,0.0,0.0,0.0,0.0,0.0,0.0,0.0,0.0,0.0,0.0,0.0,0.0,0,-107875648.0,0,0.0,0,-107875648.0,-107877712.0,0,52429,17039,26215,17054,13107,17038,0,0,0,110,100,100,-0.0,64.0,0.0,64.5,0.0,69.0,1,49,50,180,13107,0,0,0,0.0,0.0,0.0,0.0,-0.0,65.0,0.0,3.034066746316241e+38,0.0,646,0,689,0,0,0,719,0,792,0,711,0,690,0,645,0,643,0,617,0.032,55836672.0,2.004,-107615152.0,54928,16787,-0.0,3.034066746316241e+38,0.0,-0.0,-5.556394402901866e+22,-3854369.5,29.0,60.0,70,0.0,0.0,0.0,0.0,0.0,0.0,0.0,0.0,0.0,0.0,0.0,0.0,0.0,0.0,0.0,0.0,59.6,69,11,65508,41,65476,0,300,0,0,8,20529,65476,0,0,61604,60.0,0.0,0.0,0.0,0.0,0.0
2026-04-04T11:09:50,ERR,ERR,ERR,ERR,ERR,ERR,ERR,ERR,ERR,ERR,ERR,ERR,ERR,ERR,ERR,ERR,ERR,ERR,ERR,ERR,ERR,ERR,ERR,ERR,ERR,ERR,ERR,ERR,ERR,ERR,ERR,ERR,ERR,ERR,ERR,ERR,ERR,ERR,ERR,ERR,ERR,ERR,ERR,ERR,ERR,ERR,ERR,ERR,ERR,ERR,ERR,ERR,ERR,ERR,ERR,ERR,ERR,ERR,ERR,ERR,ERR,ERR,ERR,ERR,ERR,ERR,ERR,ERR,ERR,ERR,ERR,ERR,ERR,ERR,ERR,ERR,ERR,ERR,ERR,ERR,ERR,ERR,ERR,ERR,ERR,ERR,ERR,ERR,ERR,ERR,ERR,ERR,ERR,ERR,ERR,ERR,ERR,ERR,ERR,ERR,ERR,ERR,ERR,ERR,ERR,ERR,ERR,ERR,ERR,ERR,ERR,ERR,ERR,ERR,ERR,ERR,ERR,ERR,ERR,ERR,ERR,ERR,ERR,ERR,ERR,2.7184278591402704e+23,0.0,-0.0,0.0,0.0,0.0,0.0,nan,0,0,0,32768,0,0.0,0,0.0,0.0,0.0,0.0,0.0,0,0,0,0,0.0,0,0,0,0,0,0,0,0,0,0,0,0,0,0,0,0,0,0,0,0,0,0,0,0,0,0,0,0,0,0,0,0,0,0,0,0,0,0,0,0,0,0,0,0,0.0,0.0,0.0,0.0,0.0,0.0,0.0,0.0,0.0,0.0,0.0,0.0,0.0,0.0,0.0,0.0,0.0,0.0,0.0,0.0,0.0,0.0,0.0,0.0,-2.004,0.0,0.0,0.0,0.0,0.0,3404.0,-8608108544.0,0.0,2.7184278591402704e+23,0.0,-0.0,0.0,0.0,0.0,0.0,0.0,0,1.9056958870913024e+17,0.0,0.0,0.0,0.0,0.0,0.0,0.0,0.0,0,0,0,0.0,0.0,0.0,0.0,0.0,0.0,0.0,0.0,0.0,0.0,0.0,0.0,0.0,0.0,0.0,0.0,0,-107875648.0,0,0.0,0,-107875648.0,-107877712.0,0,52429,17039,26215,17054,13107,17038,0,0,0,110,100,100,-0.0,64.0,0.0,64.5,0.0,69.0,1,49,50,180,13107,0,0,0,0.0,0.0,0.0,0.0,-0.0,65.0,0.0,3.034066746316241e+38,0.0,646,0,689,0,0,0,719,0,792,0,711,0,690,0,645,0,643,0,617,0.032,55836672.0,2.004,-107615152.0,54928,16787,-0.0,3.034066746316241e+38,0.0,-0.0,-5.556394402901866e+22,-3854369.5,29.0,60.0,70,0.0,0.0,0.0,0.0,0.0,0.0,0.0,0.0,0.0,0.0,0.0,0.0,0.0,0.0,0.0,0.0,59.6,69,11,65508,41,65476,0,300,0,0,8,20529,65476,0,0,61604,60.0,0.0,0.0,0.0,0.0,0.0
2026-04-04T11:09:51,ERR,ERR,ERR,ERR,ERR,ERR,ERR,ERR,ERR,ERR,ERR,ERR,ERR,ERR,ERR,ERR,ERR,ERR,ERR,ERR,ERR,ERR,ERR,ERR,ERR,ERR,ERR,ERR,ERR,ERR,ERR,ERR,ERR,ERR,ERR,ERR,ERR,ERR,ERR,ERR,ERR,ERR,ERR,ERR,ERR,ERR,ERR,ERR,ERR,ERR,ERR,ERR,ERR,ERR,ERR,ERR,ERR,ERR,ERR,ERR,ERR,ERR,ERR,ERR,ERR,ERR,ERR,ERR,ERR,ERR,ERR,ERR,ERR,ERR,ERR,ERR,ERR,ERR,ERR,ERR,ERR,ERR,ERR,ERR,ERR,ERR,ERR,ERR,ERR,ERR,ERR,ERR,ERR,ERR,ERR,ERR,ERR,ERR,ERR,ERR,ERR,ERR,ERR,ERR,ERR,ERR,ERR,ERR,ERR,ERR,ERR,ERR,ERR,ERR,ERR,ERR,ERR,ERR,ERR,ERR,ERR,ERR,ERR,ERR,ERR,2.7184278591402704e+23,0.0,-0.0,0.0,0.0,0.0,0.0,nan,0,0,0,32768,0,0.0,0,0.0,0.0,0.0,0.0,0.0,0,0,0,0,0.0,0,0,0,0,0,0,0,0,0,0,0,0,0,0,0,0,0,0,0,0,0,0,0,0,0,0,0,0,0,0,0,0,0,0,0,0,0,0,0,0,0,0,0,0,0.0,0.0,0.0,0.0,0.0,0.0,0.0,0.0,0.0,0.0,0.0,0.0,0.0,0.0,0.0,0.0,0.0,0.0,0.0,0.0,0.0,0.0,0.0,0.0,-2.004,0.0,0.0,0.0,0.0,0.0,3405.5,1.5879157526988056e+29,0.0,2.7184278591402704e+23,0.0,-0.0,0.0,0.0,0.0,0.0,0.0,0,5.8480786593265204e+35,-4.9503763722913574e+32,0.0,0.0,0.0,0.0,0.0,0.0,0.0,0,0,0,0.0,0.0,0.0,0.0,0.0,0.0,0.0,0.0,0.0,0.0,0.0,0.0,0.0,0.0,0.0,0.0,0,-107875648.0,0,0.0,0,-107875648.0,-107877712.0,0,52429,17039,26215,17054,13107,17038,0,0,0,110,100,100,-0.0,64.0,0.0,64.5,0.0,69.0,1,49,50,180,13107,0,0,0,0.0,0.0,0.0,0.0,-0.0,65.0,0.0,2.847974826906353e+38,0.0,646,0,690,0,0,0,719,0,791,0,711,0,690,0,645,0,643,0,617,0.032,41680896.0,2.004,-107615152.0,3728,16788,-0.0,-0.0,4.216550813901783e+17,1.666,0.0,0.0,29.0,60.0,70,0.0,0.0,0.0,0.0,0.0,0.0,0.0,0.0,0.0,0.0,0.0,0.0,0.0,0.0,0.0,0.0,59.6,69,11,65508,41,65476,0,300,0,0,8,20529,65476,0,0,61604,60.0,0.0,0.0,0.0,0.0,0.0
2026-04-04T11:09:52,ERR,ERR,ERR,ERR,ERR,ERR,ERR,ERR,ERR,ERR,ERR,ERR,ERR,ERR,ERR,ERR,ERR,ERR,ERR,ERR,ERR,ERR,ERR,ERR,ERR,ERR,ERR,ERR,ERR,ERR,ERR,ERR,ERR,ERR,ERR,ERR,ERR,ERR,ERR,ERR,ERR,ERR,ERR,ERR,ERR,ERR,ERR,ERR,ERR,ERR,ERR,ERR,ERR,ERR,ERR,ERR,ERR,ERR,ERR,ERR,ERR,ERR,ERR,ERR,ERR,ERR,ERR,ERR,ERR,ERR,ERR,ERR,ERR,ERR,ERR,ERR,ERR,ERR,ERR,ERR,ERR,ERR,ERR,ERR,ERR,ERR,ERR,ERR,ERR,ERR,ERR,ERR,ERR,ERR,ERR,ERR,ERR,ERR,ERR,ERR,ERR,ERR,ERR,ERR,ERR,ERR,ERR,ERR,ERR,ERR,ERR,ERR,ERR,ERR,ERR,ERR,ERR,ERR,ERR,ERR,ERR,ERR,ERR,ERR,ERR,2.7184278591402704e+23,0.0,-0.0,0.0,0.0,0.0,0.0,nan,0,0,0,32768,0,0.0,0,0.0,0.0,0.0,0.0,0.0,0,0,0,0,0.0,0,0,0,0,0,0,0,0,0,0,0,0,0,0,0,0,0,0,0,0,0,0,0,0,0,0,0,0,0,0,0,0,0,0,0,0,0,0,0,0,0,0,0,0,0.0,0.0,0.0,0.0,0.0,0.0,0.0,0.0,0.0,0.0,0.0,0.0,0.0,0.0,0.0,0.0,0.0,0.0,0.0,0.0,0.0,0.0,0.0,0.0,-2.004,0.0,0.0,0.0,0.0,0.0,3405.5,1.5879157526988056e+29,0.0,2.7184278591402704e+23,0.0,-0.0,0.0,0.0,0.0,0.0,0.0,0,5.8480786593265204e+35,-4.9503763722913574e+32,0.0,0.0,0.0,0.0,0.0,0.0,0.0,0,0,0,0.0,0.0,0.0,0.0,0.0,0.0,0.0,0.0,0.0,0.0,0.0,0.0,0.0,0.0,0.0,0.0,0,-107875648.0,0,0.0,0,-107875648.0,-107877712.0,0,52429,17039,26215,17054,13107,17038,0,0,0,110,100,100,-0.0,64.0,0.0,64.5,0.0,69.0,1,49,50,180,13107,0,0,0,0.0,0.0,0.0,0.0,-0.0,65.0,0.0,2.847974826906353e+38,0.0,646,0,690,0,0,0,719,0,791,0,711,0,690,0,645,0,643,0,617,0.032,41680896.0,2.004,-107615152.0,3728,16788,-0.0,-0.0,4.216550813901783e+17,1.666,0.0,0.0,29.0,60.0,70,0.0,0.0,0.0,0.0,0.0,0.0,0.0,0.0,0.0,0.0,0.0,0.0,0.0,0.0,0.0,0.0,59.6,69,11,65508,41,65476,0,300,0,0,8,20529,65476,0,0,61604,60.0,0.0,0.0,0.0,0.0,0.0
2026-04-04T11:09:53,ERR,ERR,ERR,ERR,ERR,ERR,ERR,ERR,ERR,ERR,ERR,ERR,ERR,ERR,ERR,ERR,ERR,ERR,ERR,ERR,ERR,ERR,ERR,ERR,ERR,ERR,ERR,ERR,ERR,ERR,ERR,ERR,ERR,ERR,ERR,ERR,ERR,ERR,ERR,ERR,ERR,ERR,ERR,ERR,ERR,ERR,ERR,ERR,ERR,ERR,ERR,ERR,ERR,ERR,ERR,ERR,ERR,ERR,ERR,ERR,ERR,ERR,ERR,ERR,ERR,ERR,ERR,ERR,ERR,ERR,ERR,ERR,ERR,ERR,ERR,ERR,ERR,ERR,ERR,ERR,ERR,ERR,ERR,ERR,ERR,ERR,ERR,ERR,ERR,ERR,ERR,ERR,ERR,ERR,ERR,ERR,ERR,ERR,ERR,ERR,ERR,ERR,ERR,ERR,ERR,ERR,ERR,ERR,ERR,ERR,ERR,ERR,ERR,ERR,ERR,ERR,ERR,ERR,ERR,ERR,ERR,ERR,ERR,ERR,ERR,2.7184278591402704e+23,0.0,-0.0,0.0,0.0,0.0,0.0,nan,0,0,0,32768,0,0.0,0,0.0,0.0,0.0,0.0,0.0,0,0,0,0,0.0,0,0,0,0,0,0,0,0,0,0,0,0,0,0,0,0,0,0,0,0,0,0,0,0,0,0,0,0,0,0,0,0,0,0,0,0,0,0,0,0,0,0,0,0,0.0,0.0,0.0,0.0,0.0,0.0,0.0,0.0,0.0,0.0,0.0,0.0,0.0,0.0,0.0,0.0,0.0,0.0,0.0,0.0,0.0,0.0,0.0,0.0,-2.004,0.0,0.0,0.0,0.0,0.0,3405.5,1.5879157526988056e+29,0.0,2.7184278591402704e+23,0.0,-0.0,0.0,0.0,0.0,0.0,0.0,0,5.8480786593265204e+35,-4.9503763722913574e+32,0.0,0.0,0.0,0.0,0.0,0.0,0.0,0,0,0,0.0,0.0,0.0,0.0,0.0,0.0,0.0,0.0,0.0,0.0,0.0,0.0,0.0,0.0,0.0,0.0,0,-107875648.0,0,0.0,0,-107875648.0,-107877712.0,0,52429,17039,26215,17054,13107,17038,0,0,0,110,100,100,-0.0,64.0,0.0,64.5,0.0,69.0,1,49,50,180,13107,0,0,0,0.0,0.0,0.0,0.0,-0.0,65.0,0.0,2.847974826906353e+38,0.0,646,0,690,0,0,0,719,0,791,0,711,0,690,0,645,0,643,0,617,0.032,41680896.0,2.004,-107615152.0,3728,16788,-0.0,-0.0,4.216550813901783e+17,1.666,0.0,0.0,29.0,60.0,70,0.0,0.0,0.0,0.0,0.0,0.0,0.0,0.0,0.0,0.0,0.0,0.0,0.0,0.0,0.0,0.0,59.6,69,11,65508,41,65476,0,300,0,0,8,20529,65476,0,0,61604,60.0,0.0,0.0,0.0,0.0,0.0
2026-04-04T11:09:54,ERR,ERR,ERR,ERR,ERR,ERR,ERR,ERR,ERR,ERR,ERR,ERR,ERR,ERR,ERR,ERR,ERR,ERR,ERR,ERR,ERR,ERR,ERR,ERR,ERR,ERR,ERR,ERR,ERR,ERR,ERR,ERR,ERR,ERR,ERR,ERR,ERR,ERR,ERR,ERR,ERR,ERR,ERR,ERR,ERR,ERR,ERR,ERR,ERR,ERR,ERR,ERR,ERR,ERR,ERR,ERR,ERR,ERR,ERR,ERR,ERR,ERR,ERR,ERR,ERR,ERR,ERR,ERR,ERR,ERR,ERR,ERR,ERR,ERR,ERR,ERR,ERR,ERR,ERR,ERR,ERR,ERR,ERR,ERR,ERR,ERR,ERR,ERR,ERR,ERR,ERR,ERR,ERR,ERR,ERR,ERR,ERR,ERR,ERR,ERR,ERR,ERR,ERR,ERR,ERR,ERR,ERR,ERR,ERR,ERR,ERR,ERR,ERR,ERR,ERR,ERR,ERR,ERR,ERR,ERR,ERR,ERR,ERR,ERR,ERR,2.7184278591402704e+23,0.0,-0.0,0.0,0.0,0.0,0.0,nan,0,0,0,32768,0,0.0,0,0.0,0.0,0.0,0.0,0.0,0,0,0,0,0.0,0,0,0,0,0,0,0,0,0,0,0,0,0,0,0,0,0,0,0,0,0,0,0,0,0,0,0,0,0,0,0,0,0,0,0,0,0,0,0,0,0,0,0,0,0.0,0.0,0.0,0.0,0.0,0.0,0.0,0.0,0.0,0.0,0.0,0.0,0.0,0.0,0.0,0.0,0.0,0.0,0.0,0.0,0.0,0.0,0.0,0.0,-2.004,0.0,0.0,0.0,0.0,0.0,3405.5,1.5879157526988056e+29,0.0,2.7184278591402704e+23,0.0,-0.0,0.0,0.0,0.0,0.0,0.0,0,5.8480786593265204e+35,-4.9503763722913574e+32,0.0,0.0,0.0,0.0,0.0,0.0,0.0,0,0,0,0.0,0.0,0.0,0.0,0.0,0.0,0.0,0.0,0.0,0.0,0.0,0.0,0.0,0.0,0.0,0.0,0,-107875648.0,0,0.0,0,-107875648.0,-107877712.0,0,52429,17039,26215,17054,13107,17038,0,0,0,110,100,100,-0.0,64.0,0.0,64.5,0.0,69.0,1,49,50,180,13107,0,0,0,0.0,0.0,0.0,0.0,-0.0,65.0,0.0,2.847974826906353e+38,0.0,646,0,690,0,0,0,719,0,791,0,711,0,690,0,645,0,643,0,617,0.032,41680896.0,2.004,-107615152.0,3728,16788,-0.0,-0.0,4.216550813901783e+17,1.666,0.0,0.0,29.0,60.0,70,0.0,0.0,0.0,0.0,0.0,0.0,0.0,0.0,0.0,0.0,0.0,0.0,0.0,0.0,0.0,0.0,59.6,69,11,65508,41,65476,0,300,0,0,8,20529,65476,0,0,61604,60.0,0.0,0.0,0.0,0.0,0.0
2026-04-04T11:09:55,ERR,ERR,ERR,ERR,ERR,ERR,ERR,ERR,ERR,ERR,ERR,ERR,ERR,ERR,ERR,ERR,ERR,ERR,ERR,ERR,ERR,ERR,ERR,ERR,ERR,ERR,ERR,ERR,ERR,ERR,ERR,ERR,ERR,ERR,ERR,ERR,ERR,ERR,ERR,ERR,ERR,ERR,ERR,ERR,ERR,ERR,ERR,ERR,ERR,ERR,ERR,ERR,ERR,ERR,ERR,ERR,ERR,ERR,ERR,ERR,ERR,ERR,ERR,ERR,ERR,ERR,ERR,ERR,ERR,ERR,ERR,ERR,ERR,ERR,ERR,ERR,ERR,ERR,ERR,ERR,ERR,ERR,ERR,ERR,ERR,ERR,ERR,ERR,ERR,ERR,ERR,ERR,ERR,ERR,ERR,ERR,ERR,ERR,ERR,ERR,ERR,ERR,ERR,ERR,ERR,ERR,ERR,ERR,ERR,ERR,ERR,ERR,ERR,ERR,ERR,ERR,ERR,ERR,ERR,ERR,ERR,ERR,ERR,ERR,ERR,2.7184278591402704e+23,0.0,-0.0,0.0,0.0,0.0,0.0,nan,0,0,0,32768,0,0.0,0,0.0,0.0,0.0,0.0,0.0,0,0,0,0,0.0,0,0,0,0,0,0,0,0,0,0,0,0,0,0,0,0,0,0,0,0,0,0,0,0,0,0,0,0,0,0,0,0,0,0,0,0,0,0,0,0,0,0,0,0,0.0,0.0,0.0,0.0,0.0,0.0,0.0,0.0,0.0,0.0,0.0,0.0,0.0,0.0,0.0,0.0,0.0,0.0,0.0,0.0,0.0,0.0,0.0,0.0,-2.004,0.0,0.0,0.0,0.0,0.0,3405.5,1.5879157526988056e+29,0.0,2.7184278591402704e+23,0.0,-0.0,0.0,0.0,0.0,0.0,0.0,0,5.8480786593265204e+35,-4.9503763722913574e+32,0.0,0.0,0.0,0.0,0.0,0.0,0.0,0,0,0,0.0,0.0,0.0,0.0,0.0,0.0,0.0,0.0,0.0,0.0,0.0,0.0,0.0,0.0,0.0,0.0,0,-107875648.0,0,0.0,0,-107875648.0,-107877712.0,0,52429,17039,26215,17054,13107,17038,0,0,0,110,100,100,-0.0,64.0,0.0,64.5,0.0,69.0,1,49,50,180,13107,0,0,0,0.0,0.0,0.0,0.0,-0.0,65.0,0.0,2.847974826906353e+38,0.0,646,0,690,0,0,0,719,0,791,0,711,0,690,0,645,0,643,0,617,0.032,41680896.0,2.004,-107615152.0,3728,16788,-0.0,-0.0,4.216550813901783e+17,1.666,0.0,0.0,29.0,60.0,70,0.0,0.0,0.0,0.0,0.0,0.0,0.0,0.0,0.0,0.0,0.0,0.0,0.0,0.0,0.0,0.0,59.2,69,11,65508,41,65476,0,300,0,0,8,20529,65476,0,0,61604,60.0,0.0,0.0,0.0,0.0,0.0
2026-04-04T11:09:56,ERR,ERR,ERR,ERR,ERR,ERR,ERR,ERR,ERR,ERR,ERR,ERR,ERR,ERR,ERR,ERR,ERR,ERR,ERR,ERR,ERR,ERR,ERR,ERR,ERR,ERR,ERR,ERR,ERR,ERR,ERR,ERR,ERR,ERR,ERR,ERR,ERR,ERR,ERR,ERR,ERR,ERR,ERR,ERR,ERR,ERR,ERR,ERR,ERR,ERR,ERR,ERR,ERR,ERR,ERR,ERR,ERR,ERR,ERR,ERR,ERR,ERR,ERR,ERR,ERR,ERR,ERR,ERR,ERR,ERR,ERR,ERR,ERR,ERR,ERR,ERR,ERR,ERR,ERR,ERR,ERR,ERR,ERR,ERR,ERR,ERR,ERR,ERR,ERR,ERR,ERR,ERR,ERR,ERR,ERR,ERR,ERR,ERR,ERR,ERR,ERR,ERR,ERR,ERR,ERR,ERR,ERR,ERR,ERR,ERR,ERR,ERR,ERR,ERR,ERR,ERR,ERR,ERR,ERR,ERR,ERR,ERR,ERR,ERR,ERR,2.7184278591402704e+23,0.0,-0.0,0.0,0.0,0.0,0.0,nan,0,0,0,32768,0,0.0,0,0.0,0.0,0.0,0.0,0.0,0,0,0,0,0.0,0,0,0,0,0,0,0,0,0,0,0,0,0,0,0,0,0,0,0,0,0,0,0,0,0,0,0,0,0,0,0,0,0,0,0,0,0,0,0,0,0,0,0,0,0.0,0.0,0.0,0.0,0.0,0.0,0.0,0.0,0.0,0.0,0.0,0.0,0.0,0.0,0.0,0.0,0.0,0.0,0.0,0.0,0.0,0.0,0.0,0.0,-2.004,0.0,0.0,0.0,0.0,0.0,3405.5,1.5879157526988056e+29,0.0,2.7184278591402704e+23,0.0,-0.0,0.0,0.0,0.0,0.0,0.0,0,5.8480786593265204e+35,-4.9503763722913574e+32,0.0,0.0,0.0,0.0,0.0,0.0,0.0,0,0,0,0.0,0.0,0.0,0.0,0.0,0.0,0.0,0.0,0.0,0.0,0.0,0.0,0.0,0.0,0.0,0.0,0,-107875648.0,0,0.0,0,-107875648.0,-107877712.0,0,52429,17039,26215,17054,13107,17038,0,0,0,110,100,100,-0.0,64.0,0.0,64.5,0.0,69.0,1,49,50,180,13107,0,0,0,0.0,0.0,0.0,0.0,-0.0,65.0,0.0,2.847974826906353e+38,0.0,646,0,690,0,0,0,719,0,791,0,711,0,690,0,645,0,643,0,617,0.032,41680896.0,2.004,-107615152.0,3728,16788,-0.0,-0.0,4.216550813901783e+17,1.666,0.0,0.0,29.0,60.0,70,0.0,0.0,0.0,0.0,0.0,0.0,0.0,0.0,0.0,0.0,0.0,0.0,0.0,0.0,0.0,0.0,59.2,69,11,65508,41,65476,0,300,0,0,8,20529,65476,0,0,61604,60.0,0.0,0.0,0.0,0.0,0.0
2026-04-04T11:09:57,ERR,ERR,ERR,ERR,ERR,ERR,ERR,ERR,ERR,ERR,ERR,ERR,ERR,ERR,ERR,ERR,ERR,ERR,ERR,ERR,ERR,ERR,ERR,ERR,ERR,ERR,ERR,ERR,ERR,ERR,ERR,ERR,ERR,ERR,ERR,ERR,ERR,ERR,ERR,ERR,ERR,ERR,ERR,ERR,ERR,ERR,ERR,ERR,ERR,ERR,ERR,ERR,ERR,ERR,ERR,ERR,ERR,ERR,ERR,ERR,ERR,ERR,ERR,ERR,ERR,ERR,ERR,ERR,ERR,ERR,ERR,ERR,ERR,ERR,ERR,ERR,ERR,ERR,ERR,ERR,ERR,ERR,ERR,ERR,ERR,ERR,ERR,ERR,ERR,ERR,ERR,ERR,ERR,ERR,ERR,ERR,ERR,ERR,ERR,ERR,ERR,ERR,ERR,ERR,ERR,ERR,ERR,ERR,ERR,ERR,ERR,ERR,ERR,ERR,ERR,ERR,ERR,ERR,ERR,ERR,ERR,ERR,ERR,ERR,ERR,2.7184278591402704e+23,0.0,-0.0,0.0,0.0,0.0,0.0,nan,0,0,0,32768,0,0.0,0,0.0,0.0,0.0,0.0,0.0,0,0,0,0,0.0,0,0,0,0,0,0,0,0,0,0,0,0,0,0,0,0,0,0,0,0,0,0,0,0,0,0,0,0,0,0,0,0,0,0,0,0,0,0,0,0,0,0,0,0,0.0,0.0,0.0,0.0,0.0,0.0,0.0,0.0,0.0,0.0,0.0,0.0,0.0,0.0,0.0,0.0,0.0,0.0,0.0,0.0,0.0,0.0,0.0,0.0,-2.004,0.0,0.0,0.0,0.0,0.0,3405.5,1.5879157526988056e+29,0.0,2.7184278591402704e+23,0.0,-0.0,0.0,0.0,0.0,0.0,0.0,0,5.8480786593265204e+35,-4.9503763722913574e+32,0.0,0.0,0.0,0.0,0.0,0.0,0.0,0,0,0,0.0,0.0,0.0,0.0,0.0,0.0,0.0,0.0,0.0,0.0,0.0,0.0,0.0,0.0,0.0,0.0,0,-107875648.0,0,0.0,0,-107875648.0,-107877712.0,0,52429,17039,26215,17054,13107,17038,0,0,0,110,100,100,-0.0,64.0,0.0,64.5,0.0,69.0,1,49,50,180,0,52429,0,0,0.0,0.0,0.0,0.0,-0.0,65.0,0.0,-0.0,0.0,646,0,689,0,0,0,719,0,792,0,711,0,690,0,645,0,643,0,617,0.032,55836672.0,2.004,-107615152.0,13456,16788,-0.0,-0.0,-0.0,0.0,59125051392.0,3.293303613161472e+17,29.0,60.0,70,0.0,0.0,0.0,0.0,0.0,0.0,0.0,0.0,0.0,0.0,0.0,0.0,0.0,0.0,0.0,0.0,59.2,69,11,65508,41,65476,0,300,0,0,8,20529,65476,0,0,61604,60.0,0.0,0.0,0.0,0.0,0.0
2026-04-04T11:09:58,ERR,ERR,ERR,ERR,ERR,ERR,ERR,ERR,ERR,ERR,ERR,ERR,ERR,ERR,ERR,ERR,ERR,ERR,ERR,ERR,ERR,ERR,ERR,ERR,ERR,ERR,ERR,ERR,ERR,ERR,ERR,ERR,ERR,ERR,ERR,ERR,ERR,ERR,ERR,ERR,ERR,ERR,ERR,ERR,ERR,ERR,ERR,ERR,ERR,ERR,ERR,ERR,ERR,ERR,ERR,ERR,ERR,ERR,ERR,ERR,ERR,ERR,ERR,ERR,ERR,ERR,ERR,ERR,ERR,ERR,ERR,ERR,ERR,ERR,ERR,ERR,ERR,ERR,ERR,ERR,ERR,ERR,ERR,ERR,ERR,ERR,ERR,ERR,ERR,ERR,ERR,ERR,ERR,ERR,ERR,ERR,ERR,ERR,ERR,ERR,ERR,ERR,ERR,ERR,ERR,ERR,ERR,ERR,ERR,ERR,ERR,ERR,ERR,ERR,ERR,ERR,ERR,ERR,ERR,ERR,ERR,ERR,ERR,ERR,ERR,2.7184278591402704e+23,0.0,-0.0,0.0,0.0,0.0,0.0,nan,0,0,0,32768,0,0.0,0,0.0,0.0,0.0,0.0,0.0,0,0,0,0,0.0,0,0,0,0,0,0,0,0,0,0,0,0,0,0,0,0,0,0,0,0,0,0,0,0,0,0,0,0,0,0,0,0,0,0,0,0,0,0,0,0,0,0,0,0,0.0,0.0,0.0,0.0,0.0,0.0,0.0,0.0,0.0,0.0,0.0,0.0,0.0,0.0,0.0,0.0,0.0,0.0,0.0,0.0,0.0,0.0,0.0,0.0,-2.004,0.0,0.0,0.0,0.0,0.0,3405.5,1.5879157526988056e+29,0.0,2.7184278591402704e+23,0.0,-0.0,0.0,0.0,0.0,0.0,0.0,0,5.8480786593265204e+35,-4.9503763722913574e+32,0.0,0.0,0.0,0.0,0.0,0.0,0.0,0,0,0,0.0,0.0,0.0,0.0,0.0,0.0,0.0,0.0,0.0,0.0,0.0,0.0,0.0,0.0,0.0,0.0,0,-107875648.0,0,0.0,0,-107875648.0,-107877712.0,0,52429,17039,26215,17054,13107,17038,0,0,0,110,100,100,-0.0,64.0,0.0,64.5,0.0,69.0,1,49,50,180,0,52429,0,0,0.0,0.0,0.0,0.0,-0.0,65.0,0.0,-0.0,0.0,646,0,689,0,0,0,719,0,792,0,711,0,690,0,645,0,643,0,617,0.032,55836672.0,2.004,-107615152.0,13456,16788,-0.0,-0.0,-0.0,0.0,59125051392.0,3.293303613161472e+17,29.0,60.0,70,0.0,0.0,0.0,0.0,0.0,0.0,0.0,0.0,0.0,0.0,0.0,0.0,0.0,0.0,0.0,0.0,59.2,69,11,65508,41,65476,0,300,0,0,8,20529,65476,0,0,61604,60.0,0.0,0.0,0.0,0.0,0.0
2026-04-04T11:09:59,ERR,ERR,ERR,ERR,ERR,ERR,ERR,ERR,ERR,ERR,ERR,ERR,ERR,ERR,ERR,ERR,ERR,ERR,ERR,ERR,ERR,ERR,ERR,ERR,ERR,ERR,ERR,ERR,ERR,ERR,ERR,ERR,ERR,ERR,ERR,ERR,ERR,ERR,ERR,ERR,ERR,ERR,ERR,ERR,ERR,ERR,ERR,ERR,ERR,ERR,ERR,ERR,ERR,ERR,ERR,ERR,ERR,ERR,ERR,ERR,ERR,ERR,ERR,ERR,ERR,ERR,ERR,ERR,ERR,ERR,ERR,ERR,ERR,ERR,ERR,ERR,ERR,ERR,ERR,ERR,ERR,ERR,ERR,ERR,ERR,ERR,ERR,ERR,ERR,ERR,ERR,ERR,ERR,ERR,ERR,ERR,ERR,ERR,ERR,ERR,ERR,ERR,ERR,ERR,ERR,ERR,ERR,ERR,ERR,ERR,ERR,ERR,ERR,ERR,ERR,ERR,ERR,ERR,ERR,ERR,ERR,ERR,ERR,ERR,ERR,2.7184278591402704e+23,0.0,-0.0,0.0,0.0,0.0,0.0,nan,0,0,0,32768,0,0.0,0,0.0,0.0,0.0,0.0,0.0,0,0,0,0,0.0,0,0,0,0,0,0,0,0,0,0,0,0,0,0,0,0,0,0,0,0,0,0,0,0,0,0,0,0,0,0,0,0,0,0,0,0,0,0,0,0,0,0,0,0,0.0,0.0,0.0,0.0,0.0,0.0,0.0,0.0,0.0,0.0,0.0,0.0,0.0,0.0,0.0,0.0,0.0,0.0,0.0,0.0,0.0,0.0,2.004,0.0,-0.0,0.0,0.0,0.0,0.0,0.0,3404.5,-0.0,0.0,2.7184278591402704e+23,0.0,-0.0,0.0,0.0,0.0,0.0,0.0,0,2.7184278591402704e+23,0.0,0.0,0.0,0.0,0.0,0.0,0.0,0.0,0,0,0,0.0,0.0,0.0,0.0,0.0,0.0,0.0,0.0,0.0,0.0,0.0,0.0,0.0,0.0,0.0,0.0,0,-107875648.0,0,0.0,0,-107875648.0,-107877712.0,0,52429,17039,26215,17054,13107,17038,0,0,0,110,100,100,-0.0,64.0,0.0,64.5,0.0,69.0,1,49,50,180,0,52429,0,0,0.0,0.0,0.0,0.0,-0.0,65.0,0.0,-0.0,0.0,646,0,689,0,0,0,719,0,792,0,711,0,690,0,645,0,643,0,617,0.032,55836672.0,2.004,-107615152.0,13456,16788,-0.0,-0.0,-0.0,0.0,59125051392.0,3.293303613161472e+17,29.0,60.0,70,0.0,0.0,0.0,0.0,0.0,0.0,0.0,0.0,0.0,0.0,0.0,0.0,0.0,0.0,0.0,0.0,59.2,69,11,65508,41,65476,0,300,0,0,8,20529,65476,0,0,61604,60.0,0.0,0.0,0.0,0.0,0.0
2026-04-04T11:10:00,ERR,ERR,ERR,ERR,ERR,ERR,ERR,ERR,ERR,ERR,ERR,ERR,ERR,ERR,ERR,ERR,ERR,ERR,ERR,ERR,ERR,ERR,ERR,ERR,ERR,ERR,ERR,ERR,ERR,ERR,ERR,ERR,ERR,ERR,ERR,ERR,ERR,ERR,ERR,ERR,ERR,ERR,ERR,ERR,ERR,ERR,ERR,ERR,ERR,ERR,ERR,ERR,ERR,ERR,ERR,ERR,ERR,ERR,ERR,ERR,ERR,ERR,ERR,ERR,ERR,ERR,ERR,ERR,ERR,ERR,ERR,ERR,ERR,ERR,ERR,ERR,ERR,ERR,ERR,ERR,ERR,ERR,ERR,ERR,ERR,ERR,ERR,ERR,ERR,ERR,ERR,ERR,ERR,ERR,ERR,ERR,ERR,ERR,ERR,ERR,ERR,ERR,ERR,ERR,ERR,ERR,ERR,ERR,ERR,ERR,ERR,ERR,ERR,ERR,ERR,ERR,ERR,ERR,ERR,ERR,ERR,ERR,ERR,ERR,ERR,2.7184278591402704e+23,0.0,-0.0,0.0,0.0,0.0,0.0,nan,0,0,0,32768,0,0.0,0,0.0,0.0,0.0,0.0,0.0,0,0,0,0,0.0,0,0,0,0,0,0,0,0,0,0,0,0,0,0,0,0,0,0,0,0,0,0,0,0,0,0,0,0,0,0,0,0,0,0,0,0,0,0,0,0,0,0,0,0,0.0,0.0,0.0,0.0,0.0,0.0,0.0,0.0,0.0,0.0,0.0,0.0,0.0,0.0,0.0,0.0,0.0,0.0,0.0,0.0,0.0,0.0,2.004,0.0,-0.0,0.0,0.0,0.0,0.0,0.0,3404.5,-0.0,0.0,2.7184278591402704e+23,0.0,-0.0,0.0,0.0,0.0,0.0,0.0,0,2.7184278591402704e+23,0.0,0.0,0.0,0.0,0.0,0.0,0.0,0.0,0,0,0,0.0,0.0,0.0,0.0,0.0,0.0,0.0,0.0,0.0,0.0,0.0,0.0,0.0,0.0,0.0,0.0,0,-107875648.0,0,0.0,0,-107875648.0,-107877712.0,0,52429,17039,26215,17054,13107,17038,0,0,0,110,100,100,-0.0,64.0,0.0,64.5,0.0,69.0,1,49,50,180,0,52429,0,0,0.0,0.0,0.0,0.0,-0.0,65.0,0.0,-0.0,0.0,646,0,689,0,0,0,719,0,792,0,711,0,690,0,645,0,643,0,617,0.032,55836672.0,2.004,-107615152.0,13456,16788,-0.0,-0.0,-0.0,0.0,59125051392.0,3.293303613161472e+17,29.0,60.0,70,0.0,0.0,0.0,0.0,0.0,0.0,0.0,0.0,0.0,0.0,0.0,0.0,0.0,0.0,0.0,0.0,59.6,69,11,65508,41,65476,0,300,0,0,8,20529,65476,0,0,61604,60.0,0.0,0.0,0.0,0.0,0.0
2026-04-04T11:10:01,ERR,ERR,ERR,ERR,ERR,ERR,ERR,ERR,ERR,ERR,ERR,ERR,ERR,ERR,ERR,ERR,ERR,ERR,ERR,ERR,ERR,ERR,ERR,ERR,ERR,ERR,ERR,ERR,ERR,ERR,ERR,ERR,ERR,ERR,ERR,ERR,ERR,ERR,ERR,ERR,ERR,ERR,ERR,ERR,ERR,ERR,ERR,ERR,ERR,ERR,ERR,ERR,ERR,ERR,ERR,ERR,ERR,ERR,ERR,ERR,ERR,ERR,ERR,ERR,ERR,ERR,ERR,ERR,ERR,ERR,ERR,ERR,ERR,ERR,ERR,ERR,ERR,ERR,ERR,ERR,ERR,ERR,ERR,ERR,ERR,ERR,ERR,ERR,ERR,ERR,ERR,ERR,ERR,ERR,ERR,ERR,ERR,ERR,ERR,ERR,ERR,ERR,ERR,ERR,ERR,ERR,ERR,ERR,ERR,ERR,ERR,ERR,ERR,ERR,ERR,ERR,ERR,ERR,ERR,ERR,ERR,ERR,ERR,ERR,ERR,2.7184278591402704e+23,0.0,-0.0,0.0,0.0,0.0,0.0,nan,0,0,0,32768,0,0.0,0,0.0,0.0,0.0,0.0,0.0,0,0,0,0,0.0,0,0,0,0,0,0,0,0,0,0,0,0,0,0,0,0,0,0,0,0,0,0,0,0,0,0,0,0,0,0,0,0,0,0,0,0,0,0,0,0,0,0,0,0,0.0,0.0,0.0,0.0,0.0,0.0,0.0,0.0,0.0,0.0,0.0,0.0,0.0,0.0,0.0,0.0,0.0,0.0,0.0,0.0,0.0,0.0,2.004,0.0,-0.0,0.0,0.0,0.0,0.0,0.0,3404.5,-0.0,0.0,2.7184278591402704e+23,0.0,-0.0,0.0,0.0,0.0,0.0,0.0,0,2.7184278591402704e+23,0.0,0.0,0.0,0.0,0.0,0.0,0.0,0.0,0,0,0,0.0,0.0,0.0,0.0,0.0,0.0,0.0,0.0,0.0,0.0,0.0,0.0,0.0,0.0,0.0,0.0,0,-107875648.0,0,0.0,0,-107875648.0,-107877712.0,0,52429,17039,26215,17054,13107,17038,0,0,0,110,100,100,-0.0,64.0,0.0,64.5,0.0,69.0,1,49,50,180,0,52429,0,0,0.0,0.0,0.0,0.0,-0.0,65.0,0.0,-0.0,0.0,646,0,689,0,0,0,719,0,792,0,711,0,690,0,645,0,643,0,617,0.032,55836672.0,2.004,-107615152.0,13456,16788,-0.0,-0.0,-0.0,0.0,59125051392.0,3.293303613161472e+17,29.0,60.0,70,0.0,0.0,0.0,0.0,0.0,0.0,0.0,0.0,0.0,0.0,0.0,0.0,0.0,0.0,0.0,0.0,59.6,69,11,65508,41,65476,0,300,0,0,8,20529,65476,0,0,61604,60.0,0.0,0.0,0.0,0.0,0.0
2026-04-04T11:10:02,ERR,ERR,ERR,ERR,ERR,ERR,ERR,ERR,ERR,ERR,ERR,ERR,ERR,ERR,ERR,ERR,ERR,ERR,ERR,ERR,ERR,ERR,ERR,ERR,ERR,ERR,ERR,ERR,ERR,ERR,ERR,ERR,ERR,ERR,ERR,ERR,ERR,ERR,ERR,ERR,ERR,ERR,ERR,ERR,ERR,ERR,ERR,ERR,ERR,ERR,ERR,ERR,ERR,ERR,ERR,ERR,ERR,ERR,ERR,ERR,ERR,ERR,ERR,ERR,ERR,ERR,ERR,ERR,ERR,ERR,ERR,ERR,ERR,ERR,ERR,ERR,ERR,ERR,ERR,ERR,ERR,ERR,ERR,ERR,ERR,ERR,ERR,ERR,ERR,ERR,ERR,ERR,ERR,ERR,ERR,ERR,ERR,ERR,ERR,ERR,ERR,ERR,ERR,ERR,ERR,ERR,ERR,ERR,ERR,ERR,ERR,ERR,ERR,ERR,ERR,ERR,ERR,ERR,ERR,ERR,ERR,ERR,ERR,ERR,ERR,2.7184278591402704e+23,0.0,-0.0,0.0,0.0,0.0,0.0,nan,0,0,0,32768,0,0.0,0,0.0,0.0,0.0,0.0,0.0,0,0,0,0,0.0,0,0,0,0,0,0,0,0,0,0,0,0,0,0,0,0,0,0,0,0,0,0,0,0,0,0,0,0,0,0,0,0,0,0,0,0,0,0,0,0,0,0,0,0,0.0,0.0,0.0,0.0,0.0,0.0,0.0,0.0,0.0,0.0,0.0,0.0,0.0,0.0,0.0,0.0,0.0,0.0,0.0,0.0,0.0,0.0,2.004,0.0,-0.0,0.0,0.0,0.0,0.0,0.0,3404.5,-0.0,0.0,2.7184278591402704e+23,0.0,-0.0,0.0,0.0,0.0,0.0,0.0,0,2.7184278591402704e+23,0.0,0.0,0.0,0.0,0.0,0.0,0.0,0.0,0,0,0,0.0,0.0,0.0,0.0,0.0,0.0,0.0,0.0,0.0,0.0,0.0,0.0,0.0,0.0,0.0,0.0,0,-107875648.0,0,0.0,0,-107875648.0,-107877712.0,0,52429,17039,26215,17054,13107,17038,0,0,0,110,100,100,-0.0,64.0,0.0,64.5,0.0,69.0,1,49,50,180,0,52429,0,0,0.0,0.0,0.0,0.0,-0.0,65.0,0.0,-0.0,0.0,646,0,689,0,0,0,719,0,792,0,711,0,690,0,645,0,643,0,617,0.032,55836672.0,2.004,-107615152.0,13456,16788,-0.0,-0.0,-0.0,0.0,59125051392.0,3.293303613161472e+17,29.0,60.0,70,0.0,0.0,0.0,0.0,0.0,0.0,0.0,0.0,0.0,0.0,0.0,0.0,0.0,0.0,0.0,0.0,59.6,69,11,65508,41,65476,0,300,0,0,8,20529,65476,0,0,61604,60.0,0.0,0.0,0.0,0.0,0.0
2026-04-04T11:10:03,ERR,ERR,ERR,ERR,ERR,ERR,ERR,ERR,ERR,ERR,ERR,ERR,ERR,ERR,ERR,ERR,ERR,ERR,ERR,ERR,ERR,ERR,ERR,ERR,ERR,ERR,ERR,ERR,ERR,ERR,ERR,ERR,ERR,ERR,ERR,ERR,ERR,ERR,ERR,ERR,ERR,ERR,ERR,ERR,ERR,ERR,ERR,ERR,ERR,ERR,ERR,ERR,ERR,ERR,ERR,ERR,ERR,ERR,ERR,ERR,ERR,ERR,ERR,ERR,ERR,ERR,ERR,ERR,ERR,ERR,ERR,ERR,ERR,ERR,ERR,ERR,ERR,ERR,ERR,ERR,ERR,ERR,ERR,ERR,ERR,ERR,ERR,ERR,ERR,ERR,ERR,ERR,ERR,ERR,ERR,ERR,ERR,ERR,ERR,ERR,ERR,ERR,ERR,ERR,ERR,ERR,ERR,ERR,ERR,ERR,ERR,ERR,ERR,ERR,ERR,ERR,ERR,ERR,ERR,ERR,ERR,ERR,ERR,ERR,ERR,2.7184278591402704e+23,0.0,-0.0,0.0,0.0,0.0,0.0,nan,0,0,0,32768,0,0.0,0,0.0,0.0,0.0,0.0,0.0,0,0,0,0,0.0,0,0,0,0,0,0,0,0,0,0,0,0,0,0,0,0,0,0,0,0,0,0,0,0,0,0,0,0,0,0,0,0,0,0,0,0,0,0,0,0,0,0,0,0,0.0,0.0,0.0,0.0,0.0,0.0,0.0,0.0,0.0,0.0,0.0,0.0,0.0,0.0,0.0,0.0,0.0,0.0,0.0,0.0,0.0,0.0,2.004,0.0,-0.0,0.0,0.0,0.0,0.0,0.0,3404.5,-0.0,0.0,2.7184278591402704e+23,0.0,-0.0,0.0,0.0,0.0,0.0,0.0,0,2.7184278591402704e+23,0.0,0.0,0.0,0.0,0.0,0.0,0.0,0.0,0,0,0,0.0,0.0,0.0,0.0,0.0,0.0,0.0,0.0,0.0,0.0,0.0,0.0,0.0,0.0,0.0,0.0,0,-107875648.0,0,0.0,0,-107875648.0,-107877712.0,0,52429,17039,26215,17054,13107,17038,0,0,0,110,100,100,-0.0,64.0,0.0,64.5,0.0,69.0,1,49,50,180,13107,0,0,0,0.0,0.0,0.0,0.0,-0.0,65.0,0.0,-0.0,0.0,646,0,690,0,0,0,719,0,792,0,711,0,690,0,645,0,643,0,617,0.032,55574528.0,2.004,-107615152.0,5904,16788,-0.0,-0.0,-0.0,0.0,32.314,102017.055,29.0,60.0,70,0.0,0.0,0.0,0.0,0.0,0.0,0.0,0.0,0.0,0.0,0.0,0.0,0.0,0.0,0.0,0.0,59.2,69,11,65508,41,65476,0,300,0,0,8,20529,65476,0,0,61604,60.0,0.0,0.0,0.0,0.0,0.0
2026-04-04T11:10:04,ERR,ERR,ERR,ERR,ERR,ERR,ERR,ERR,ERR,ERR,ERR,ERR,ERR,ERR,ERR,ERR,ERR,ERR,ERR,ERR,ERR,ERR,ERR,ERR,ERR,ERR,ERR,ERR,ERR,ERR,ERR,ERR,ERR,ERR,ERR,ERR,ERR,ERR,ERR,ERR,ERR,ERR,ERR,ERR,ERR,ERR,ERR,ERR,ERR,ERR,ERR,ERR,ERR,ERR,ERR,ERR,ERR,ERR,ERR,ERR,ERR,ERR,ERR,ERR,ERR,ERR,ERR,ERR,ERR,ERR,ERR,ERR,ERR,ERR,ERR,ERR,ERR,ERR,ERR,ERR,ERR,ERR,ERR,ERR,ERR,ERR,ERR,ERR,ERR,ERR,ERR,ERR,ERR,ERR,ERR,ERR,ERR,ERR,ERR,ERR,ERR,ERR,ERR,ERR,ERR,ERR,ERR,ERR,ERR,ERR,ERR,ERR,ERR,ERR,ERR,ERR,ERR,ERR,ERR,ERR,ERR,ERR,ERR,ERR,ERR,2.7184278591402704e+23,0.0,-0.0,0.0,0.0,0.0,0.0,nan,0,0,0,32768,0,0.0,0,0.0,0.0,0.0,0.0,0.0,0,0,0,0,0.0,0,0,0,0,0,0,0,0,0,0,0,0,0,0,0,0,0,0,0,0,0,0,0,0,0,0,0,0,0,0,0,0,0,0,0,0,0,0,0,0,0,0,0,0,0.0,0.0,0.0,0.0,0.0,0.0,0.0,0.0,0.0,0.0,0.0,0.0,0.0,0.0,0.0,0.0,0.0,0.0,0.0,0.0,0.0,0.0,2.004,0.0,-0.0,0.0,0.0,0.0,0.0,0.0,3404.5,-0.0,0.0,2.7184278591402704e+23,0.0,-0.0,0.0,0.0,0.0,0.0,0.0,0,2.7184278591402704e+23,0.0,0.0,0.0,0.0,0.0,0.0,0.0,0.0,0,0,0,0.0,0.0,0.0,0.0,0.0,0.0,0.0,0.0,0.0,0.0,0.0,0.0,0.0,0.0,0.0,0.0,0,-107875648.0,0,0.0,0,-107875648.0,-107877712.0,0,52429,17039,26215,17054,13107,17038,0,0,0,110,100,100,-0.0,64.0,0.0,64.5,0.0,69.0,1,49,50,180,13107,0,0,0,0.0,0.0,0.0,0.0,-0.0,65.0,0.0,-0.0,0.0,646,0,690,0,0,0,719,0,792,0,711,0,690,0,645,0,643,0,617,0.032,55574528.0,2.004,-107615152.0,5904,16788,-0.0,-0.0,-0.0,0.0,32.314,102017.055,29.0,60.0,70,0.0,0.0,0.0,0.0,0.0,0.0,0.0,0.0,0.0,0.0,0.0,0.0,0.0,0.0,0.0,0.0,59.2,69,11,65508,41,65476,0,300,0,0,8,20529,65476,0,0,61604,60.0,0.0,0.0,0.0,0.0,0.0
2026-04-04T11:10:05,ERR,ERR,ERR,ERR,ERR,ERR,ERR,ERR,ERR,ERR,ERR,ERR,ERR,ERR,ERR,ERR,ERR,ERR,ERR,ERR,ERR,ERR,ERR,ERR,ERR,ERR,ERR,ERR,ERR,ERR,ERR,ERR,ERR,ERR,ERR,ERR,ERR,ERR,ERR,ERR,ERR,ERR,ERR,ERR,ERR,ERR,ERR,ERR,ERR,ERR,ERR,ERR,ERR,ERR,ERR,ERR,ERR,ERR,ERR,ERR,ERR,ERR,ERR,ERR,ERR,ERR,ERR,ERR,ERR,ERR,ERR,ERR,ERR,ERR,ERR,ERR,ERR,ERR,ERR,ERR,ERR,ERR,ERR,ERR,ERR,ERR,ERR,ERR,ERR,ERR,ERR,ERR,ERR,ERR,ERR,ERR,ERR,ERR,ERR,ERR,ERR,ERR,ERR,ERR,ERR,ERR,ERR,ERR,ERR,ERR,ERR,ERR,ERR,ERR,ERR,ERR,ERR,ERR,ERR,ERR,ERR,ERR,ERR,ERR,ERR,2.7184278591402704e+23,0.0,-0.0,0.0,0.0,0.0,0.0,nan,0,0,0,32768,0,0.0,0,0.0,0.0,0.0,0.0,0.0,0,0,0,0,0.0,0,0,0,0,0,0,0,0,0,0,0,0,0,0,0,0,0,0,0,0,0,0,0,0,0,0,0,0,0,0,0,0,0,0,0,0,0,0,0,0,0,0,0,0,0.0,0.0,0.0,0.0,0.0,0.0,0.0,0.0,0.0,0.0,0.0,0.0,0.0,0.0,0.0,0.0,0.0,0.0,0.0,0.0,0.0,0.0,2.004,0.0,-0.0,0.0,0.0,0.0,0.0,0.0,3404.5,-0.0,0.0,2.7184278591402704e+23,0.0,-0.0,0.0,0.0,0.0,0.0,0.0,0,2.7184278591402704e+23,0.0,0.0,0.0,0.0,0.0,0.0,0.0,0.0,0,0,0,0.0,0.0,0.0,0.0,0.0,0.0,0.0,0.0,0.0,0.0,0.0,0.0,0.0,0.0,0.0,0.0,0,-107875648.0,0,0.0,0,-107875648.0,-107877712.0,0,52429,17039,26215,17054,13107,17038,0,0,0,110,100,100,-0.0,64.0,0.0,64.5,0.0,69.0,1,49,50,180,13107,0,0,0,0.0,0.0,0.0,0.0,-0.0,65.0,0.0,-0.0,0.0,646,0,690,0,0,0,719,0,792,0,711,0,690,0,645,0,643,0,617,0.032,55574528.0,2.004,-107615152.0,5904,16788,-0.0,-0.0,-0.0,0.0,32.314,102017.055,29.0,60.0,70,0.0,0.0,0.0,0.0,0.0,0.0,0.0,0.0,0.0,0.0,0.0,0.0,0.0,0.0,0.0,0.0,59.2,69,11,65508,41,65476,0,300,0,0,8,20529,65476,0,0,61604,60.0,0.0,0.0,0.0,0.0,0.0
2026-04-04T11:10:06,ERR,ERR,ERR,ERR,ERR,ERR,ERR,ERR,ERR,ERR,ERR,ERR,ERR,ERR,ERR,ERR,ERR,ERR,ERR,ERR,ERR,ERR,ERR,ERR,ERR,ERR,ERR,ERR,ERR,ERR,ERR,ERR,ERR,ERR,ERR,ERR,ERR,ERR,ERR,ERR,ERR,ERR,ERR,ERR,ERR,ERR,ERR,ERR,ERR,ERR,ERR,ERR,ERR,ERR,ERR,ERR,ERR,ERR,ERR,ERR,ERR,ERR,ERR,ERR,ERR,ERR,ERR,ERR,ERR,ERR,ERR,ERR,ERR,ERR,ERR,ERR,ERR,ERR,ERR,ERR,ERR,ERR,ERR,ERR,ERR,ERR,ERR,ERR,ERR,ERR,ERR,ERR,ERR,ERR,ERR,ERR,ERR,ERR,ERR,ERR,ERR,ERR,ERR,ERR,ERR,ERR,ERR,ERR,ERR,ERR,ERR,ERR,ERR,ERR,ERR,ERR,ERR,ERR,ERR,ERR,ERR,ERR,ERR,ERR,ERR,2.7184278591402704e+23,0.0,-0.0,0.0,0.0,0.0,0.0,nan,0,0,0,32768,0,0.0,0,0.0,0.0,0.0,0.0,0.0,0,0,0,0,0.0,0,0,0,0,0,0,0,0,0,0,0,0,0,0,0,0,0,0,0,0,0,0,0,0,0,0,0,0,0,0,0,0,0,0,0,0,0,0,0,0,0,0,0,0,0.0,0.0,0.0,0.0,0.0,0.0,0.0,0.0,0.0,0.0,0.0,0.0,0.0,0.0,0.0,0.0,0.0,0.0,0.0,0.0,0.0,0.0,2.004,0.0,-0.0,0.0,0.0,0.0,0.0,0.0,3404.5,-0.0,0.0,2.7184278591402704e+23,0.0,-0.0,0.0,0.0,0.0,0.0,0.0,0,2.7184278591402704e+23,0.0,0.0,0.0,0.0,0.0,0.0,0.0,0.0,0,0,0,0.0,0.0,0.0,0.0,0.0,0.0,0.0,0.0,0.0,0.0,0.0,0.0,0.0,0.0,0.0,0.0,0,-107875648.0,0,0.0,0,-107875648.0,-107877712.0,0,52429,17039,26215,17054,13107,17038,0,0,0,110,100,100,-0.0,64.0,0.0,64.5,0.0,69.0,1,49,50,180,13107,0,0,0,0.0,0.0,0.0,0.0,-0.0,65.0,0.0,-0.0,0.0,646,0,690,0,0,0,719,0,792,0,711,0,690,0,645,0,643,0,617,0.032,55574528.0,2.004,-107615152.0,5904,16788,-0.0,-0.0,-0.0,0.0,32.314,102017.055,29.0,60.0,70,0.0,0.0,0.0,0.0,0.0,0.0,0.0,0.0,0.0,0.0,0.0,0.0,0.0,0.0,0.0,0.0,59.2,69,11,65508,41,65476,0,300,0,0,8,20529,65476,0,0,61604,60.0,0.0,0.0,0.0,0.0,0.0
2026-04-04T11:10:07,ERR,ERR,ERR,ERR,ERR,ERR,ERR,ERR,ERR,ERR,ERR,ERR,ERR,ERR,ERR,ERR,ERR,ERR,ERR,ERR,ERR,ERR,ERR,ERR,ERR,ERR,ERR,ERR,ERR,ERR,ERR,ERR,ERR,ERR,ERR,ERR,ERR,ERR,ERR,ERR,ERR,ERR,ERR,ERR,ERR,ERR,ERR,ERR,ERR,ERR,ERR,ERR,ERR,ERR,ERR,ERR,ERR,ERR,ERR,ERR,ERR,ERR,ERR,ERR,ERR,ERR,ERR,ERR,ERR,ERR,ERR,ERR,ERR,ERR,ERR,ERR,ERR,ERR,ERR,ERR,ERR,ERR,ERR,ERR,ERR,ERR,ERR,ERR,ERR,ERR,ERR,ERR,ERR,ERR,ERR,ERR,ERR,ERR,ERR,ERR,ERR,ERR,ERR,ERR,ERR,ERR,ERR,ERR,ERR,ERR,ERR,ERR,ERR,ERR,ERR,ERR,ERR,ERR,ERR,ERR,ERR,ERR,ERR,ERR,ERR,2.7184278591402704e+23,0.0,-0.0,0.0,0.0,0.0,0.0,nan,0,0,0,32768,0,0.0,0,0.0,0.0,0.0,0.0,0.0,0,0,0,0,0.0,0,0,0,0,0,0,0,0,0,0,0,0,0,0,0,0,0,0,0,0,0,0,0,0,0,0,0,0,0,0,0,0,0,0,0,0,0,0,0,0,0,0,0,0,0.0,0.0,0.0,0.0,0.0,0.0,0.0,0.0,0.0,0.0,0.0,0.0,0.0,0.0,0.0,0.0,0.0,0.0,0.0,0.0,0.0,0.0,0.0,0.0,-2.004,0.0,0.0,0.0,0.0,0.0,3422.5,0.0,0.0,2.7184278591402704e+23,0.0,-0.0,0.0,0.0,0.0,0.0,0.0,0,4.9504239556116174e+32,0.0,0.0,0.0,0.0,0.0,0.0,0.0,0.0,0,0,0,0.0,0.0,0.0,0.0,0.0,0.0,0.0,0.0,0.0,0.0,0.0,0.0,0.0,0.0,0.0,0.0,0,-107875648.0,0,0.0,0,-107875648.0,-107877712.0,0,52429,17039,26215,17054,13107,17038,0,0,0,110,100,100,-0.0,64.0,0.0,64.5,0.0,69.0,1,49,50,180,13107,0,0,0,0.0,0.0,0.0,0.0,-0.0,65.0,0.0,-0.0,0.0,646,0,690,0,0,0,719,0,792,0,711,0,690,0,645,0,643,0,617,0.032,55574528.0,2.004,-107615152.0,5904,16788,-0.0,-0.0,-0.0,0.0,32.314,102017.055,29.0,60.0,70,0.0,0.0,0.0,0.0,0.0,0.0,0.0,0.0,0.0,0.0,0.0,0.0,0.0,0.0,0.0,0.0,59.2,69,11,65508,41,65476,0,300,0,0,8,20529,65476,0,0,61604,60.0,0.0,0.0,0.0,0.0,0.0
2026-04-04T11:10:08,ERR,ERR,ERR,ERR,ERR,ERR,ERR,ERR,ERR,ERR,ERR,ERR,ERR,ERR,ERR,ERR,ERR,ERR,ERR,ERR,ERR,ERR,ERR,ERR,ERR,ERR,ERR,ERR,ERR,ERR,ERR,ERR,ERR,ERR,ERR,ERR,ERR,ERR,ERR,ERR,ERR,ERR,ERR,ERR,ERR,ERR,ERR,ERR,ERR,ERR,ERR,ERR,ERR,ERR,ERR,ERR,ERR,ERR,ERR,ERR,ERR,ERR,ERR,ERR,ERR,ERR,ERR,ERR,ERR,ERR,ERR,ERR,ERR,ERR,ERR,ERR,ERR,ERR,ERR,ERR,ERR,ERR,ERR,ERR,ERR,ERR,ERR,ERR,ERR,ERR,ERR,ERR,ERR,ERR,ERR,ERR,ERR,ERR,ERR,ERR,ERR,ERR,ERR,ERR,ERR,ERR,ERR,ERR,ERR,ERR,ERR,ERR,ERR,ERR,ERR,ERR,ERR,ERR,ERR,ERR,ERR,ERR,ERR,ERR,ERR,2.7184278591402704e+23,0.0,-0.0,0.0,0.0,0.0,0.0,nan,0,0,0,32768,0,0.0,0,0.0,0.0,0.0,0.0,0.0,0,0,0,0,0.0,0,0,0,0,0,0,0,0,0,0,0,0,0,0,0,0,0,0,0,0,0,0,0,0,0,0,0,0,0,0,0,0,0,0,0,0,0,0,0,0,0,0,0,0,0.0,0.0,0.0,0.0,0.0,0.0,0.0,0.0,0.0,0.0,0.0,0.0,0.0,0.0,0.0,0.0,0.0,0.0,0.0,0.0,0.0,0.0,0.0,0.0,-2.004,0.0,0.0,0.0,0.0,0.0,3422.5,0.0,0.0,2.7184278591402704e+23,0.0,-0.0,0.0,0.0,0.0,0.0,0.0,0,4.9504239556116174e+32,0.0,0.0,0.0,0.0,0.0,0.0,0.0,0.0,0,0,0,0.0,0.0,0.0,0.0,0.0,0.0,0.0,0.0,0.0,0.0,0.0,0.0,0.0,0.0,0.0,0.0,0,-107875648.0,0,0.0,0,-107875648.0,-107877712.0,0,52429,17039,26215,17054,13107,17038,0,0,0,110,100,100,-0.0,64.0,0.0,64.5,0.0,69.0,1,49,50,180,13107,0,0,0,0.0,0.0,0.0,0.0,-0.0,65.0,0.0,-0.0,0.0,646,0,690,0,0,0,719,0,792,0,711,0,690,0,645,0,643,0,617,0.032,55574528.0,2.004,-107615152.0,5904,16788,-0.0,-0.0,-0.0,0.0,32.314,102017.055,29.0,60.0,70,0.0,0.0,0.0,0.0,0.0,0.0,0.0,0.0,0.0,0.0,0.0,0.0,0.0,0.0,0.0,0.0,59.2,69,11,65508,41,65476,0,300,0,0,8,20529,65476,0,0,61604,60.0,0.0,0.0,0.0,0.0,0.0
2026-04-04T11:10:09,ERR,ERR,ERR,ERR,ERR,ERR,ERR,ERR,ERR,ERR,ERR,ERR,ERR,ERR,ERR,ERR,ERR,ERR,ERR,ERR,ERR,ERR,ERR,ERR,ERR,ERR,ERR,ERR,ERR,ERR,ERR,ERR,ERR,ERR,ERR,ERR,ERR,ERR,ERR,ERR,ERR,ERR,ERR,ERR,ERR,ERR,ERR,ERR,ERR,ERR,ERR,ERR,ERR,ERR,ERR,ERR,ERR,ERR,ERR,ERR,ERR,ERR,ERR,ERR,ERR,ERR,ERR,ERR,ERR,ERR,ERR,ERR,ERR,ERR,ERR,ERR,ERR,ERR,ERR,ERR,ERR,ERR,ERR,ERR,ERR,ERR,ERR,ERR,ERR,ERR,ERR,ERR,ERR,ERR,ERR,ERR,ERR,ERR,ERR,ERR,ERR,ERR,ERR,ERR,ERR,ERR,ERR,ERR,ERR,ERR,ERR,ERR,ERR,ERR,ERR,ERR,ERR,ERR,ERR,ERR,ERR,ERR,ERR,ERR,ERR,2.7184278591402704e+23,0.0,-0.0,0.0,0.0,0.0,0.0,nan,0,0,0,32768,0,0.0,0,0.0,0.0,0.0,0.0,0.0,0,0,0,0,0.0,0,0,0,0,0,0,0,0,0,0,0,0,0,0,0,0,0,0,0,0,0,0,0,0,0,0,0,0,0,0,0,0,0,0,0,0,0,0,0,0,0,0,0,0,0.0,0.0,0.0,0.0,0.0,0.0,0.0,0.0,0.0,0.0,0.0,0.0,0.0,0.0,0.0,0.0,0.0,0.0,0.0,0.0,0.0,0.0,0.0,0.0,-2.004,0.0,0.0,0.0,0.0,0.0,3422.5,0.0,0.0,2.7184278591402704e+23,0.0,-0.0,0.0,0.0,0.0,0.0,0.0,0,4.9504239556116174e+32,0.0,0.0,0.0,0.0,0.0,0.0,0.0,0.0,0,0,0,0.0,0.0,0.0,0.0,0.0,0.0,0.0,0.0,0.0,0.0,0.0,0.0,0.0,0.0,0.0,0.0,0,-107875648.0,0,0.0,0,-107875648.0,-107877712.0,0,52429,17039,13107,17054,13107,17038,0,0,0,110,100,100,-0.0,64.0,0.0,64.5,0.0,69.0,1,49,50,180,13107,0,0,0,0.0,0.0,0.0,0.0,-0.0,65.0,0.0,-0.0,0.0,646,0,690,0,0,0,719,0,791,0,711,0,690,0,645,0,643,0,617,0.032,43778048.0,2.004,-107615152.0,52624,16787,-0.0,-985.031,-0.0,-1074811830272.0,0.062,21.657,29.0,60.0,70,0.0,0.0,0.0,0.0,0.0,0.0,0.0,0.0,0.0,0.0,0.0,0.0,0.0,0.0,0.0,0.0,59.6,69,11,65508,41,65476,0,300,0,0,8,20529,65476,0,0,61604,60.0,0.0,0.0,0.0,0.0,0.0
2026-04-04T11:10:10,ERR,ERR,ERR,ERR,ERR,ERR,ERR,ERR,ERR,ERR,ERR,ERR,ERR,ERR,ERR,ERR,ERR,ERR,ERR,ERR,ERR,ERR,ERR,ERR,ERR,ERR,ERR,ERR,ERR,ERR,ERR,ERR,ERR,ERR,ERR,ERR,ERR,ERR,ERR,ERR,ERR,ERR,ERR,ERR,ERR,ERR,ERR,ERR,ERR,ERR,ERR,ERR,ERR,ERR,ERR,ERR,ERR,ERR,ERR,ERR,ERR,ERR,ERR,ERR,ERR,ERR,ERR,ERR,ERR,ERR,ERR,ERR,ERR,ERR,ERR,ERR,ERR,ERR,ERR,ERR,ERR,ERR,ERR,ERR,ERR,ERR,ERR,ERR,ERR,ERR,ERR,ERR,ERR,ERR,ERR,ERR,ERR,ERR,ERR,ERR,ERR,ERR,ERR,ERR,ERR,ERR,ERR,ERR,ERR,ERR,ERR,ERR,ERR,ERR,ERR,ERR,ERR,ERR,ERR,ERR,ERR,ERR,ERR,ERR,ERR,2.7184278591402704e+23,0.0,-0.0,0.0,0.0,0.0,0.0,nan,0,0,0,32768,0,0.0,0,0.0,0.0,0.0,0.0,0.0,0,0,0,0,0.0,0,0,0,0,0,0,0,0,0,0,0,0,0,0,0,0,0,0,0,0,0,0,0,0,0,0,0,0,0,0,0,0,0,0,0,0,0,0,0,0,0,0,0,0,0.0,0.0,0.0,0.0,0.0,0.0,0.0,0.0,0.0,0.0,0.0,0.0,0.0,0.0,0.0,0.0,0.0,0.0,0.0,0.0,0.0,0.0,0.0,0.0,-2.004,0.0,0.0,0.0,0.0,0.0,3422.5,0.0,0.0,2.7184278591402704e+23,0.0,-0.0,0.0,0.0,0.0,0.0,0.0,0,4.9504239556116174e+32,0.0,0.0,0.0,0.0,0.0,0.0,0.0,0.0,0,0,0,0.0,0.0,0.0,0.0,0.0,0.0,0.0,0.0,0.0,0.0,0.0,0.0,0.0,0.0,0.0,0.0,0,-107875648.0,0,0.0,0,-107875648.0,-107877712.0,0,52429,17039,13107,17054,13107,17038,0,0,0,110,100,100,-0.0,64.0,0.0,64.5,0.0,69.0,1,49,50,180,13107,0,0,0,0.0,0.0,0.0,0.0,-0.0,65.0,0.0,-0.0,0.0,646,0,690,0,0,0,719,0,791,0,711,0,690,0,645,0,643,0,617,0.032,43778048.0,2.004,-107615152.0,52624,16787,-0.0,-985.031,-0.0,-1074811830272.0,0.062,21.657,29.0,60.0,70,0.0,0.0,0.0,0.0,0.0,0.0,0.0,0.0,0.0,0.0,0.0,0.0,0.0,0.0,0.0,0.0,59.6,69,11,65508,41,65476,0,300,0,0,8,20529,65476,0,0,61604,60.0,0.0,0.0,0.0,0.0,0.0
2026-04-04T11:10:11,ERR,ERR,ERR,ERR,ERR,ERR,ERR,ERR,ERR,ERR,ERR,ERR,ERR,ERR,ERR,ERR,ERR,ERR,ERR,ERR,ERR,ERR,ERR,ERR,ERR,ERR,ERR,ERR,ERR,ERR,ERR,ERR,ERR,ERR,ERR,ERR,ERR,ERR,ERR,ERR,ERR,ERR,ERR,ERR,ERR,ERR,ERR,ERR,ERR,ERR,ERR,ERR,ERR,ERR,ERR,ERR,ERR,ERR,ERR,ERR,ERR,ERR,ERR,ERR,ERR,ERR,ERR,ERR,ERR,ERR,ERR,ERR,ERR,ERR,ERR,ERR,ERR,ERR,ERR,ERR,ERR,ERR,ERR,ERR,ERR,ERR,ERR,ERR,ERR,ERR,ERR,ERR,ERR,ERR,ERR,ERR,ERR,ERR,ERR,ERR,ERR,ERR,ERR,ERR,ERR,ERR,ERR,ERR,ERR,ERR,ERR,ERR,ERR,ERR,ERR,ERR,ERR,ERR,ERR,ERR,ERR,ERR,ERR,ERR,ERR,2.7184278591402704e+23,0.0,-0.0,0.0,0.0,0.0,0.0,nan,0,0,0,32768,0,0.0,0,0.0,0.0,0.0,0.0,0.0,0,0,0,0,0.0,0,0,0,0,0,0,0,0,0,0,0,0,0,0,0,0,0,0,0,0,0,0,0,0,0,0,0,0,0,0,0,0,0,0,0,0,0,0,0,0,0,0,0,0,0.0,0.0,0.0,0.0,0.0,0.0,0.0,0.0,0.0,0.0,0.0,0.0,0.0,0.0,0.0,0.0,0.0,0.0,0.0,0.0,0.0,0.0,0.0,0.0,-2.004,0.0,0.0,0.0,0.0,0.0,3422.5,0.0,0.0,2.7184278591402704e+23,0.0,-0.0,0.0,0.0,0.0,0.0,0.0,0,4.9504239556116174e+32,0.0,0.0,0.0,0.0,0.0,0.0,0.0,0.0,0,0,0,0.0,0.0,0.0,0.0,0.0,0.0,0.0,0.0,0.0,0.0,0.0,0.0,0.0,0.0,0.0,0.0,0,-107875648.0,0,0.0,0,-107875648.0,-107877712.0,0,52429,17039,13107,17054,13107,17038,0,0,0,110,100,100,-0.0,64.0,0.0,64.5,0.0,69.0,1,49,50,180,13107,0,0,0,0.0,0.0,0.0,0.0,-0.0,65.0,0.0,-0.0,0.0,646,0,690,0,0,0,719,0,791,0,711,0,690,0,645,0,643,0,617,0.032,43778048.0,2.004,-107615152.0,52624,16787,-0.0,-985.031,-0.0,-1074811830272.0,0.062,21.657,29.0,60.0,70,0.0,0.0,0.0,0.0,0.0,0.0,0.0,0.0,0.0,0.0,0.0,0.0,0.0,0.0,0.0,0.0,59.6,69,11,65508,41,65476,0,300,0,0,8,20529,65476,0,0,61604,60.0,0.0,0.0,0.0,0.0,0.0
2026-04-04T11:10:12,ERR,ERR,ERR,ERR,ERR,ERR,ERR,ERR,ERR,ERR,ERR,ERR,ERR,ERR,ERR,ERR,ERR,ERR,ERR,ERR,ERR,ERR,ERR,ERR,ERR,ERR,ERR,ERR,ERR,ERR,ERR,ERR,ERR,ERR,ERR,ERR,ERR,ERR,ERR,ERR,ERR,ERR,ERR,ERR,ERR,ERR,ERR,ERR,ERR,ERR,ERR,ERR,ERR,ERR,ERR,ERR,ERR,ERR,ERR,ERR,ERR,ERR,ERR,ERR,ERR,ERR,ERR,ERR,ERR,ERR,ERR,ERR,ERR,ERR,ERR,ERR,ERR,ERR,ERR,ERR,ERR,ERR,ERR,ERR,ERR,ERR,ERR,ERR,ERR,ERR,ERR,ERR,ERR,ERR,ERR,ERR,ERR,ERR,ERR,ERR,ERR,ERR,ERR,ERR,ERR,ERR,ERR,ERR,ERR,ERR,ERR,ERR,ERR,ERR,ERR,ERR,ERR,ERR,ERR,ERR,ERR,ERR,ERR,ERR,ERR,2.7184278591402704e+23,0.0,-0.0,0.0,0.0,0.0,0.0,nan,0,0,0,32768,0,0.0,0,0.0,0.0,0.0,0.0,0.0,0,0,0,0,0.0,0,0,0,0,0,0,0,0,0,0,0,0,0,0,0,0,0,0,0,0,0,0,0,0,0,0,0,0,0,0,0,0,0,0,0,0,0,0,0,0,0,0,0,0,0.0,0.0,0.0,0.0,0.0,0.0,0.0,0.0,0.0,0.0,0.0,0.0,0.0,0.0,0.0,0.0,0.0,0.0,0.0,0.0,0.0,0.0,0.0,0.0,-2.004,0.0,0.0,0.0,0.0,0.0,3422.5,0.0,0.0,2.7184278591402704e+23,0.0,-0.0,0.0,0.0,0.0,0.0,0.0,0,4.9504239556116174e+32,0.0,0.0,0.0,0.0,0.0,0.0,0.0,0.0,0,0,0,0.0,0.0,0.0,0.0,0.0,0.0,0.0,0.0,0.0,0.0,0.0,0.0,0.0,0.0,0.0,0.0,0,-107875648.0,0,0.0,0,-107875648.0,-107877712.0,0,52429,17039,13107,17054,13107,17038,0,0,0,110,100,100,-0.0,64.0,0.0,64.5,0.0,69.0,1,49,50,180,13107,0,0,0,0.0,0.0,0.0,0.0,-0.0,65.0,0.0,-0.0,0.0,646,0,690,0,0,0,719,0,791,0,711,0,690,0,645,0,643,0,617,0.032,43778048.0,2.004,-107615152.0,52624,16787,-0.0,-985.031,-0.0,-1074811830272.0,0.062,21.657,29.0,60.0,70,0.0,0.0,0.0,0.0,0.0,0.0,0.0,0.0,0.0,0.0,0.0,0.0,0.0,0.0,0.0,0.0,59.2,69,11,65508,41,65476,0,300,0,0,8,20529,65476,0,0,61604,60.0,0.0,0.0,0.0,0.0,0.0
2026-04-04T11:10:13,ERR,ERR,ERR,ERR,ERR,ERR,ERR,ERR,ERR,ERR,ERR,ERR,ERR,ERR,ERR,ERR,ERR,ERR,ERR,ERR,ERR,ERR,ERR,ERR,ERR,ERR,ERR,ERR,ERR,ERR,ERR,ERR,ERR,ERR,ERR,ERR,ERR,ERR,ERR,ERR,ERR,ERR,ERR,ERR,ERR,ERR,ERR,ERR,ERR,ERR,ERR,ERR,ERR,ERR,ERR,ERR,ERR,ERR,ERR,ERR,ERR,ERR,ERR,ERR,ERR,ERR,ERR,ERR,ERR,ERR,ERR,ERR,ERR,ERR,ERR,ERR,ERR,ERR,ERR,ERR,ERR,ERR,ERR,ERR,ERR,ERR,ERR,ERR,ERR,ERR,ERR,ERR,ERR,ERR,ERR,ERR,ERR,ERR,ERR,ERR,ERR,ERR,ERR,ERR,ERR,ERR,ERR,ERR,ERR,ERR,ERR,ERR,ERR,ERR,ERR,ERR,ERR,ERR,ERR,ERR,ERR,ERR,ERR,ERR,ERR,2.7184278591402704e+23,0.0,-0.0,0.0,0.0,0.0,0.0,nan,0,0,0,32768,0,0.0,0,0.0,0.0,0.0,0.0,0.0,0,0,0,0,0.0,0,0,0,0,0,0,0,0,0,0,0,0,0,0,0,0,0,0,0,0,0,0,0,0,0,0,0,0,0,0,0,0,0,0,0,0,0,0,0,0,0,0,0,0,0.0,0.0,0.0,0.0,0.0,0.0,0.0,0.0,0.0,0.0,0.0,0.0,0.0,0.0,0.0,0.0,0.0,0.0,0.0,0.0,0.0,0.0,0.0,0.0,-2.004,0.0,0.0,0.0,0.0,0.0,3422.5,0.0,0.0,2.7184278591402704e+23,0.0,-0.0,0.0,0.0,0.0,0.0,0.0,0,4.9504239556116174e+32,0.0,0.0,0.0,0.0,0.0,0.0,0.0,0.0,0,0,0,0.0,0.0,0.0,0.0,0.0,0.0,0.0,0.0,0.0,0.0,0.0,0.0,0.0,0.0,0.0,0.0,0,-107875648.0,0,0.0,0,-107875648.0,-107877712.0,0,52429,17039,13107,17054,13107,17038,0,0,0,110,100,100,-0.0,64.0,0.0,64.5,0.0,69.0,1,49,50,180,13107,0,0,0,0.0,0.0,0.0,0.0,-0.0,65.0,0.0,-0.0,0.0,646,0,690,0,0,0,719,0,791,0,711,0,690,0,645,0,643,0,617,0.032,43778048.0,2.004,-107615152.0,52624,16787,-0.0,-985.031,-0.0,-1074811830272.0,0.062,21.657,29.0,60.0,70,0.0,0.0,0.0,0.0,0.0,0.0,0.0,0.0,0.0,0.0,0.0,0.0,0.0,0.0,0.0,0.0,59.2,69,11,65508,41,65476,0,300,0,0,8,20529,65476,0,0,61604,60.0,0.0,0.0,0.0,0.0,0.0
2026-04-04T11:10:14,ERR,ERR,ERR,ERR,ERR,ERR,ERR,ERR,ERR,ERR,ERR,ERR,ERR,ERR,ERR,ERR,ERR,ERR,ERR,ERR,ERR,ERR,ERR,ERR,ERR,ERR,ERR,ERR,ERR,ERR,ERR,ERR,ERR,ERR,ERR,ERR,ERR,ERR,ERR,ERR,ERR,ERR,ERR,ERR,ERR,ERR,ERR,ERR,ERR,ERR,ERR,ERR,ERR,ERR,ERR,ERR,ERR,ERR,ERR,ERR,ERR,ERR,ERR,ERR,ERR,ERR,ERR,ERR,ERR,ERR,ERR,ERR,ERR,ERR,ERR,ERR,ERR,ERR,ERR,ERR,ERR,ERR,ERR,ERR,ERR,ERR,ERR,ERR,ERR,ERR,ERR,ERR,ERR,ERR,ERR,ERR,ERR,ERR,ERR,ERR,ERR,ERR,ERR,ERR,ERR,ERR,ERR,ERR,ERR,ERR,ERR,ERR,ERR,ERR,ERR,ERR,ERR,ERR,ERR,ERR,ERR,ERR,ERR,ERR,ERR,2.7184278591402704e+23,0.0,-0.0,0.0,0.0,0.0,0.0,nan,0,0,0,32768,0,0.0,0,0.0,0.0,0.0,0.0,0.0,0,0,0,0,0.0,0,0,0,0,0,0,0,0,0,0,0,0,0,0,0,0,0,0,0,0,0,0,0,0,0,0,0,0,0,0,0,0,0,0,0,0,0,0,0,0,0,0,0,0,0.0,0.0,0.0,0.0,0.0,0.0,0.0,0.0,0.0,0.0,0.0,0.0,0.0,0.0,0.0,0.0,0.0,0.0,0.0,0.0,0.0,0.0,0.0,0.0,-2.004,0.0,0.0,0.0,0.0,0.0,3422.5,0.0,0.0,2.7184278591402704e+23,0.0,-0.0,0.0,0.0,0.0,0.0,0.0,0,4.9504239556116174e+32,0.0,0.0,0.0,0.0,0.0,0.0,0.0,0.0,0,0,0,0.0,0.0,0.0,0.0,0.0,0.0,0.0,0.0,0.0,0.0,0.0,0.0,0.0,0.0,0.0,0.0,0,-107875648.0,0,0.0,0,-107875648.0,-107877712.0,0,52429,17039,13107,17054,13107,17038,0,0,0,110,100,100,-0.0,64.0,0.0,64.5,0.0,69.0,1,49,50,180,13107,0,0,0,0.0,0.0,0.0,0.0,-0.0,65.0,0.0,-0.0,0.0,646,0,690,0,0,0,719,0,791,0,711,0,690,0,645,0,643,0,617,0.032,43778048.0,2.004,-107615152.0,52624,16787,-0.0,-985.031,-0.0,-1074811830272.0,0.062,21.657,29.0,60.0,70,0.0,0.0,0.0,0.0,0.0,0.0,0.0,0.0,0.0,0.0,0.0,0.0,0.0,0.0,0.0,0.0,59.2,69,11,65508,41,65476,0,300,0,0,8,20529,65476,0,0,61604,60.0,0.0,0.0,0.0,0.0,0.0
2026-04-04T11:10:15,ERR,ERR,ERR,ERR,ERR,ERR,ERR,ERR,ERR,ERR,ERR,ERR,ERR,ERR,ERR,ERR,ERR,ERR,ERR,ERR,ERR,ERR,ERR,ERR,ERR,ERR,ERR,ERR,ERR,ERR,ERR,ERR,ERR,ERR,ERR,ERR,ERR,ERR,ERR,ERR,ERR,ERR,ERR,ERR,ERR,ERR,ERR,ERR,ERR,ERR,ERR,ERR,ERR,ERR,ERR,ERR,ERR,ERR,ERR,ERR,ERR,ERR,ERR,ERR,ERR,ERR,ERR,ERR,ERR,ERR,ERR,ERR,ERR,ERR,ERR,ERR,ERR,ERR,ERR,ERR,ERR,ERR,ERR,ERR,ERR,ERR,ERR,ERR,ERR,ERR,ERR,ERR,ERR,ERR,ERR,ERR,ERR,ERR,ERR,ERR,ERR,ERR,ERR,ERR,ERR,ERR,ERR,ERR,ERR,ERR,ERR,ERR,ERR,ERR,ERR,ERR,ERR,ERR,ERR,ERR,ERR,ERR,ERR,ERR,ERR,2.7184278591402704e+23,0.0,-0.0,0.0,0.0,0.0,0.0,nan,0,0,0,32768,0,0.0,0,0.0,0.0,0.0,0.0,0.0,0,0,0,0,0.0,0,0,0,0,0,0,0,0,0,0,0,0,0,0,0,0,0,0,0,0,0,0,0,0,0,0,0,0,0,0,0,0,0,0,0,0,0,0,0,0,0,0,0,0,0.0,0.0,0.0,0.0,0.0,0.0,0.0,0.0,0.0,0.0,0.0,0.0,0.0,0.0,0.0,0.0,0.0,0.0,0.0,0.0,0.0,0.0,0.0,0.0,-2.004,0.0,0.0,0.0,0.0,0.0,3403.5,-0.0,0.0,2.7184278591402704e+23,0.0,-0.0,0.0,0.0,0.0,0.0,0.0,0,4.0668755697950344e+29,0.0,0.0,0.0,0.0,0.0,0.0,0.0,0.0,0,0,0,0.0,0.0,0.0,0.0,0.0,0.0,0.0,0.0,0.0,0.0,0.0,0.0,0.0,0.0,0.0,0.0,0,-107875648.0,0,0.0,0,-107875648.0,-107877712.0,0,52429,17039,13107,17054,13107,17038,0,0,0,110,100,100,-0.0,64.0,0.0,64.5,0.0,69.0,1,49,50,180,13107,0,0,0,0.0,0.0,0.0,0.0,-0.0,65.0,0.0,-1069859173564416.0,0.0,646,0,690,0,0,0,719,0,792,0,711,0,690,0,645,0,643,0,617,0.032,42205184.0,2.004,-107615152.0,52880,16787,-0.0,-2532.125,-0.0,-0.0,62530.043,2806023936.0,29.0,60.0,70,0.0,0.0,0.0,0.0,0.0,0.0,0.0,0.0,0.0,0.0,0.0,0.0,0.0,0.0,0.0,0.0,59.2,69,11,65508,41,65476,0,300,0,0,8,20529,65476,0,0,61604,60.0,0.0,0.0,0.0,0.0,0.0
2026-04-04T11:10:16,ERR,ERR,ERR,ERR,ERR,ERR,ERR,ERR,ERR,ERR,ERR,ERR,ERR,ERR,ERR,ERR,ERR,ERR,ERR,ERR,ERR,ERR,ERR,ERR,ERR,ERR,ERR,ERR,ERR,ERR,ERR,ERR,ERR,ERR,ERR,ERR,ERR,ERR,ERR,ERR,ERR,ERR,ERR,ERR,ERR,ERR,ERR,ERR,ERR,ERR,ERR,ERR,ERR,ERR,ERR,ERR,ERR,ERR,ERR,ERR,ERR,ERR,ERR,ERR,ERR,ERR,ERR,ERR,ERR,ERR,ERR,ERR,ERR,ERR,ERR,ERR,ERR,ERR,ERR,ERR,ERR,ERR,ERR,ERR,ERR,ERR,ERR,ERR,ERR,ERR,ERR,ERR,ERR,ERR,ERR,ERR,ERR,ERR,ERR,ERR,ERR,ERR,ERR,ERR,ERR,ERR,ERR,ERR,ERR,ERR,ERR,ERR,ERR,ERR,ERR,ERR,ERR,ERR,ERR,ERR,ERR,ERR,ERR,ERR,ERR,2.7184278591402704e+23,0.0,-0.0,0.0,0.0,0.0,0.0,nan,0,0,0,32768,0,0.0,0,0.0,0.0,0.0,0.0,0.0,0,0,0,0,0.0,0,0,0,0,0,0,0,0,0,0,0,0,0,0,0,0,0,0,0,0,0,0,0,0,0,0,0,0,0,0,0,0,0,0,0,0,0,0,0,0,0,0,0,0,0.0,0.0,0.0,0.0,0.0,0.0,0.0,0.0,0.0,0.0,0.0,0.0,0.0,0.0,0.0,0.0,0.0,0.0,0.0,0.0,0.0,0.0,0.0,0.0,-2.004,0.0,0.0,0.0,0.0,0.0,3403.5,-0.0,0.0,2.7184278591402704e+23,0.0,-0.0,0.0,0.0,0.0,0.0,0.0,0,4.0668755697950344e+29,0.0,0.0,0.0,0.0,0.0,0.0,0.0,0.0,0,0,0,0.0,0.0,0.0,0.0,0.0,0.0,0.0,0.0,0.0,0.0,0.0,0.0,0.0,0.0,0.0,0.0,0,-107875648.0,0,0.0,0,-107875648.0,-107877712.0,0,52429,17039,13107,17054,13107,17038,0,0,0,110,100,100,-0.0,64.0,0.0,64.5,0.0,69.0,1,49,50,180,13107,0,0,0,0.0,0.0,0.0,0.0,-0.0,65.0,0.0,-1069859173564416.0,0.0,646,0,690,0,0,0,719,0,792,0,711,0,690,0,645,0,643,0,617,0.032,42205184.0,2.004,-107615152.0,52880,16787,-0.0,-2532.125,-0.0,-0.0,62530.043,2806023936.0,29.0,60.0,70,0.0,0.0,0.0,0.0,0.0,0.0,0.0,0.0,0.0,0.0,0.0,0.0,0.0,0.0,0.0,0.0,59.2,69,11,65508,41,65476,0,300,0,0,8,20529,65476,0,0,61604,60.0,0.0,0.0,0.0,0.0,0.0
2026-04-04T11:10:17,ERR,ERR,ERR,ERR,ERR,ERR,ERR,ERR,ERR,ERR,ERR,ERR,ERR,ERR,ERR,ERR,ERR,ERR,ERR,ERR,ERR,ERR,ERR,ERR,ERR,ERR,ERR,ERR,ERR,ERR,ERR,ERR,ERR,ERR,ERR,ERR,ERR,ERR,ERR,ERR,ERR,ERR,ERR,ERR,ERR,ERR,ERR,ERR,ERR,ERR,ERR,ERR,ERR,ERR,ERR,ERR,ERR,ERR,ERR,ERR,ERR,ERR,ERR,ERR,ERR,ERR,ERR,ERR,ERR,ERR,ERR,ERR,ERR,ERR,ERR,ERR,ERR,ERR,ERR,ERR,ERR,ERR,ERR,ERR,ERR,ERR,ERR,ERR,ERR,ERR,ERR,ERR,ERR,ERR,ERR,ERR,ERR,ERR,ERR,ERR,ERR,ERR,ERR,ERR,ERR,ERR,ERR,ERR,ERR,ERR,ERR,ERR,ERR,ERR,ERR,ERR,ERR,ERR,ERR,ERR,ERR,ERR,ERR,ERR,ERR,2.7184278591402704e+23,0.0,-0.0,0.0,0.0,0.0,0.0,nan,0,0,0,32768,0,0.0,0,0.0,0.0,0.0,0.0,0.0,0,0,0,0,0.0,0,0,0,0,0,0,0,0,0,0,0,0,0,0,0,0,0,0,0,0,0,0,0,0,0,0,0,0,0,0,0,0,0,0,0,0,0,0,0,0,0,0,0,0,0.0,0.0,0.0,0.0,0.0,0.0,0.0,0.0,0.0,0.0,0.0,0.0,0.0,0.0,0.0,0.0,0.0,0.0,0.0,0.0,0.0,0.0,0.0,0.0,-2.004,0.0,0.0,0.0,0.0,0.0,3403.5,-0.0,0.0,2.7184278591402704e+23,0.0,-0.0,0.0,0.0,0.0,0.0,0.0,0,4.0668755697950344e+29,0.0,0.0,0.0,0.0,0.0,0.0,0.0,0.0,0,0,0,0.0,0.0,0.0,0.0,0.0,0.0,0.0,0.0,0.0,0.0,0.0,0.0,0.0,0.0,0.0,0.0,0,-107875648.0,0,0.0,0,-107875648.0,-107877712.0,0,52429,17039,13107,17054,13107,17038,0,0,0,110,100,100,-0.0,64.0,0.0,64.5,0.0,69.0,1,49,50,180,13107,0,0,0,0.0,0.0,0.0,0.0,-0.0,65.0,0.0,-1069859173564416.0,0.0,646,0,690,0,0,0,719,0,792,0,711,0,690,0,645,0,643,0,617,0.032,42205184.0,2.004,-107615152.0,52880,16787,-0.0,-2532.125,-0.0,-0.0,62530.043,2806023936.0,29.0,60.0,70,0.0,0.0,0.0,0.0,0.0,0.0,0.0,0.0,0.0,0.0,0.0,0.0,0.0,0.0,0.0,0.0,59.2,69,11,65508,41,65476,0,300,0,0,8,20529,65476,0,0,61604,60.0,0.0,0.0,0.0,0.0,0.0
2026-04-04T11:10:18,ERR,ERR,ERR,ERR,ERR,ERR,ERR,ERR,ERR,ERR,ERR,ERR,ERR,ERR,ERR,ERR,ERR,ERR,ERR,ERR,ERR,ERR,ERR,ERR,ERR,ERR,ERR,ERR,ERR,ERR,ERR,ERR,ERR,ERR,ERR,ERR,ERR,ERR,ERR,ERR,ERR,ERR,ERR,ERR,ERR,ERR,ERR,ERR,ERR,ERR,ERR,ERR,ERR,ERR,ERR,ERR,ERR,ERR,ERR,ERR,ERR,ERR,ERR,ERR,ERR,ERR,ERR,ERR,ERR,ERR,ERR,ERR,ERR,ERR,ERR,ERR,ERR,ERR,ERR,ERR,ERR,ERR,ERR,ERR,ERR,ERR,ERR,ERR,ERR,ERR,ERR,ERR,ERR,ERR,ERR,ERR,ERR,ERR,ERR,ERR,ERR,ERR,ERR,ERR,ERR,ERR,ERR,ERR,ERR,ERR,ERR,ERR,ERR,ERR,ERR,ERR,ERR,ERR,ERR,ERR,ERR,ERR,ERR,ERR,ERR,2.7184278591402704e+23,0.0,-0.0,0.0,0.0,0.0,0.0,nan,0,0,0,32768,0,0.0,0,0.0,0.0,0.0,0.0,0.0,0,0,0,0,0.0,0,0,0,0,0,0,0,0,0,0,0,0,0,0,0,0,0,0,0,0,0,0,0,0,0,0,0,0,0,0,0,0,0,0,0,0,0,0,0,0,0,0,0,0,0.0,0.0,0.0,0.0,0.0,0.0,0.0,0.0,0.0,0.0,0.0,0.0,0.0,0.0,0.0,0.0,0.0,0.0,0.0,0.0,0.0,0.0,0.0,0.0,-2.004,0.0,0.0,0.0,0.0,0.0,3403.5,-0.0,0.0,2.7184278591402704e+23,0.0,-0.0,0.0,0.0,0.0,0.0,0.0,0,4.0668755697950344e+29,0.0,0.0,0.0,0.0,0.0,0.0,0.0,0.0,0,0,0,0.0,0.0,0.0,0.0,0.0,0.0,0.0,0.0,0.0,0.0,0.0,0.0,0.0,0.0,0.0,0.0,0,-107875648.0,0,0.0,0,-107875648.0,-107877712.0,0,52429,17039,13107,17054,13107,17038,0,0,0,110,100,100,-0.0,64.0,0.0,64.5,0.0,69.0,1,49,50,180,13107,0,0,0,0.0,0.0,0.0,0.0,-0.0,65.0,0.0,-1069859173564416.0,0.0,646,0,690,0,0,0,719,0,792,0,711,0,690,0,645,0,643,0,617,0.032,42205184.0,2.004,-107615152.0,52880,16787,-0.0,-2532.125,-0.0,-0.0,62530.043,2806023936.0,29.0,60.0,70,0.0,0.0,0.0,0.0,0.0,0.0,0.0,0.0,0.0,0.0,0.0,0.0,0.0,0.0,0.0,0.0,59.2,69,11,65508,41,65476,0,300,0,0,8,20529,65476,0,0,61604,60.0,0.0,0.0,0.0,0.0,0.0
2026-04-04T11:10:19,ERR,ERR,ERR,ERR,ERR,ERR,ERR,ERR,ERR,ERR,ERR,ERR,ERR,ERR,ERR,ERR,ERR,ERR,ERR,ERR,ERR,ERR,ERR,ERR,ERR,ERR,ERR,ERR,ERR,ERR,ERR,ERR,ERR,ERR,ERR,ERR,ERR,ERR,ERR,ERR,ERR,ERR,ERR,ERR,ERR,ERR,ERR,ERR,ERR,ERR,ERR,ERR,ERR,ERR,ERR,ERR,ERR,ERR,ERR,ERR,ERR,ERR,ERR,ERR,ERR,ERR,ERR,ERR,ERR,ERR,ERR,ERR,ERR,ERR,ERR,ERR,ERR,ERR,ERR,ERR,ERR,ERR,ERR,ERR,ERR,ERR,ERR,ERR,ERR,ERR,ERR,ERR,ERR,ERR,ERR,ERR,ERR,ERR,ERR,ERR,ERR,ERR,ERR,ERR,ERR,ERR,ERR,ERR,ERR,ERR,ERR,ERR,ERR,ERR,ERR,ERR,ERR,ERR,ERR,ERR,ERR,ERR,ERR,ERR,ERR,2.7184278591402704e+23,0.0,-0.0,0.0,0.0,0.0,0.0,nan,0,0,0,32768,0,0.0,0,0.0,0.0,0.0,0.0,0.0,0,0,0,0,0.0,0,0,0,0,0,0,0,0,0,0,0,0,0,0,0,0,0,0,0,0,0,0,0,0,0,0,0,0,0,0,0,0,0,0,0,0,0,0,0,0,0,0,0,0,0.0,0.0,0.0,0.0,0.0,0.0,0.0,0.0,0.0,0.0,0.0,0.0,0.0,0.0,0.0,0.0,0.0,0.0,0.0,0.0,0.0,0.0,0.0,0.0,-2.004,0.0,0.0,0.0,0.0,0.0,3403.5,-0.0,0.0,2.7184278591402704e+23,0.0,-0.0,0.0,0.0,0.0,0.0,0.0,0,4.0668755697950344e+29,0.0,0.0,0.0,0.0,0.0,0.0,0.0,0.0,0,0,0,0.0,0.0,0.0,0.0,0.0,0.0,0.0,0.0,0.0,0.0,0.0,0.0,0.0,0.0,0.0,0.0,0,-107875648.0,0,0.0,0,-107875648.0,-107877712.0,0,52429,17039,13107,17054,13107,17038,0,0,0,110,100,100,-0.0,64.0,0.0,64.5,0.0,69.0,1,49,50,180,13107,0,0,0,0.0,0.0,0.0,0.0,-0.0,65.0,0.0,-1069859173564416.0,0.0,646,0,690,0,0,0,719,0,792,0,711,0,690,0,645,0,643,0,617,0.032,42205184.0,2.004,-107615152.0,52880,16787,-0.0,-2532.125,-0.0,-0.0,62530.043,2806023936.0,29.0,60.0,70,0.0,0.0,0.0,0.0,0.0,0.0,0.0,0.0,0.0,0.0,0.0,0.0,0.0,0.0,0.0,0.0,59.2,69,11,65508,41,65476,0,300,0,0,8,20529,65476,0,0,61604,60.0,0.0,0.0,0.0,0.0,0.0
2026-04-04T11:10:20,ERR,ERR,ERR,ERR,ERR,ERR,ERR,ERR,ERR,ERR,ERR,ERR,ERR,ERR,ERR,ERR,ERR,ERR,ERR,ERR,ERR,ERR,ERR,ERR,ERR,ERR,ERR,ERR,ERR,ERR,ERR,ERR,ERR,ERR,ERR,ERR,ERR,ERR,ERR,ERR,ERR,ERR,ERR,ERR,ERR,ERR,ERR,ERR,ERR,ERR,ERR,ERR,ERR,ERR,ERR,ERR,ERR,ERR,ERR,ERR,ERR,ERR,ERR,ERR,ERR,ERR,ERR,ERR,ERR,ERR,ERR,ERR,ERR,ERR,ERR,ERR,ERR,ERR,ERR,ERR,ERR,ERR,ERR,ERR,ERR,ERR,ERR,ERR,ERR,ERR,ERR,ERR,ERR,ERR,ERR,ERR,ERR,ERR,ERR,ERR,ERR,ERR,ERR,ERR,ERR,ERR,ERR,ERR,ERR,ERR,ERR,ERR,ERR,ERR,ERR,ERR,ERR,ERR,ERR,ERR,ERR,ERR,ERR,ERR,ERR,2.7184278591402704e+23,0.0,-0.0,0.0,0.0,0.0,0.0,nan,0,0,0,32768,0,0.0,0,0.0,0.0,0.0,0.0,0.0,0,0,0,0,0.0,0,0,0,0,0,0,0,0,0,0,0,0,0,0,0,0,0,0,0,0,0,0,0,0,0,0,0,0,0,0,0,0,0,0,0,0,0,0,0,0,0,0,0,0,0.0,0.0,0.0,0.0,0.0,0.0,0.0,0.0,0.0,0.0,0.0,0.0,0.0,0.0,0.0,0.0,0.0,0.0,0.0,0.0,0.0,0.0,0.0,0.0,-2.004,0.0,0.0,0.0,0.0,0.0,3403.5,-0.0,0.0,2.7184278591402704e+23,0.0,-0.0,0.0,0.0,0.0,0.0,0.0,0,4.0668755697950344e+29,0.0,0.0,0.0,0.0,0.0,0.0,0.0,0.0,0,0,0,0.0,0.0,0.0,0.0,0.0,0.0,0.0,0.0,0.0,0.0,0.0,0.0,0.0,0.0,0.0,0.0,0,-107875648.0,0,0.0,0,-107875648.0,-107877712.0,0,52429,17039,13107,17054,13107,17038,0,0,0,110,100,100,-0.0,64.0,0.0,64.5,0.0,69.0,1,49,50,180,13107,52429,0,0,0.0,0.0,0.0,0.0,-0.0,65.0,0.0,-0.0,0.0,646,0,690,0,0,0,719,0,791,0,711,0,690,0,645,0,643,0,616,0.032,56098816.0,2.004,-107615152.0,62992,16787,-0.0,-0.0,-0.0,8.679160998532999e+21,0.0,0.0,29.0,60.0,70,0.0,0.0,0.0,0.0,0.0,0.0,0.0,0.0,0.0,0.0,0.0,0.0,0.0,0.0,0.0,0.0,59.2,69,11,65508,41,65476,0,300,0,0,8,20529,65476,0,0,61604,60.0,0.0,0.0,0.0,0.0,0.0
2026-04-04T11:10:21,ERR,ERR,ERR,ERR,ERR,ERR,ERR,ERR,ERR,ERR,ERR,ERR,ERR,ERR,ERR,ERR,ERR,ERR,ERR,ERR,ERR,ERR,ERR,ERR,ERR,ERR,ERR,ERR,ERR,ERR,ERR,ERR,ERR,ERR,ERR,ERR,ERR,ERR,ERR,ERR,ERR,ERR,ERR,ERR,ERR,ERR,ERR,ERR,ERR,ERR,ERR,ERR,ERR,ERR,ERR,ERR,ERR,ERR,ERR,ERR,ERR,ERR,ERR,ERR,ERR,ERR,ERR,ERR,ERR,ERR,ERR,ERR,ERR,ERR,ERR,ERR,ERR,ERR,ERR,ERR,ERR,ERR,ERR,ERR,ERR,ERR,ERR,ERR,ERR,ERR,ERR,ERR,ERR,ERR,ERR,ERR,ERR,ERR,ERR,ERR,ERR,ERR,ERR,ERR,ERR,ERR,ERR,ERR,ERR,ERR,ERR,ERR,ERR,ERR,ERR,ERR,ERR,ERR,ERR,ERR,ERR,ERR,ERR,ERR,ERR,2.7184278591402704e+23,0.0,-0.0,0.0,0.0,0.0,0.0,nan,0,0,0,32768,0,0.0,0,0.0,0.0,0.0,0.0,0.0,0,0,0,0,0.0,0,0,0,0,0,0,0,0,0,0,0,0,0,0,0,0,0,0,0,0,0,0,0,0,0,0,0,0,0,0,0,0,0,0,0,0,0,0,0,0,0,0,0,0,0.0,0.0,0.0,0.0,0.0,0.0,0.0,0.0,0.0,0.0,0.0,0.0,0.0,0.0,0.0,0.0,0.0,0.0,0.0,0.0,0.0,0.0,0.0,0.0,-2.004,0.0,0.0,0.0,0.0,0.0,3403.5,-0.0,0.0,2.7184278591402704e+23,0.0,-0.0,0.0,0.0,0.0,0.0,0.0,0,4.0668755697950344e+29,0.0,0.0,0.0,0.0,0.0,0.0,0.0,0.0,0,0,0,0.0,0.0,0.0,0.0,0.0,0.0,0.0,0.0,0.0,0.0,0.0,0.0,0.0,0.0,0.0,0.0,0,-107875648.0,0,0.0,0,-107875648.0,-107877712.0,0,52429,17039,13107,17054,13107,17038,0,0,0,110,100,100,-0.0,64.0,0.0,64.5,0.0,69.0,1,49,50,180,13107,52429,0,0,0.0,0.0,0.0,0.0,-0.0,65.0,0.0,-0.0,0.0,646,0,690,0,0,0,719,0,791,0,711,0,690,0,645,0,643,0,616,0.032,56098816.0,2.004,-107615152.0,62992,16787,-0.0,-0.0,-0.0,8.679160998532999e+21,0.0,0.0,29.0,60.0,70,0.0,0.0,0.0,0.0,0.0,0.0,0.0,0.0,0.0,0.0,0.0,0.0,0.0,0.0,0.0,0.0,59.2,69,11,65508,41,65476,0,300,0,0,8,20529,65476,0,0,61604,60.0,0.0,0.0,0.0,0.0,0.0
2026-04-04T11:10:22,ERR,ERR,ERR,ERR,ERR,ERR,ERR,ERR,ERR,ERR,ERR,ERR,ERR,ERR,ERR,ERR,ERR,ERR,ERR,ERR,ERR,ERR,ERR,ERR,ERR,ERR,ERR,ERR,ERR,ERR,ERR,ERR,ERR,ERR,ERR,ERR,ERR,ERR,ERR,ERR,ERR,ERR,ERR,ERR,ERR,ERR,ERR,ERR,ERR,ERR,ERR,ERR,ERR,ERR,ERR,ERR,ERR,ERR,ERR,ERR,ERR,ERR,ERR,ERR,ERR,ERR,ERR,ERR,ERR,ERR,ERR,ERR,ERR,ERR,ERR,ERR,ERR,ERR,ERR,ERR,ERR,ERR,ERR,ERR,ERR,ERR,ERR,ERR,ERR,ERR,ERR,ERR,ERR,ERR,ERR,ERR,ERR,ERR,ERR,ERR,ERR,ERR,ERR,ERR,ERR,ERR,ERR,ERR,ERR,ERR,ERR,ERR,ERR,ERR,ERR,ERR,ERR,ERR,ERR,ERR,ERR,ERR,ERR,ERR,ERR,2.7184278591402704e+23,0.0,-0.0,0.0,0.0,0.0,0.0,nan,0,0,0,32768,0,0.0,0,0.0,0.0,0.0,0.0,0.0,0,0,0,0,0.0,0,0,0,0,0,0,0,0,0,0,0,0,0,0,0,0,0,0,0,0,0,0,0,0,0,0,0,0,0,0,0,0,0,0,0,0,0,0,0,0,0,0,0,0,0.0,0.0,0.0,0.0,0.0,0.0,0.0,0.0,0.0,0.0,0.0,0.0,0.0,0.0,0.0,0.0,0.0,0.0,0.0,0.0,0.0,0.0,0.0,0.0,-2.004,0.0,0.0,0.0,0.0,0.0,3403.5,-0.0,0.0,2.7184278591402704e+23,0.0,-0.0,0.0,0.0,0.0,0.0,0.0,0,4.0668755697950344e+29,0.0,0.0,0.0,0.0,0.0,0.0,0.0,0.0,0,0,0,0.0,0.0,0.0,0.0,0.0,0.0,0.0,0.0,0.0,0.0,0.0,0.0,0.0,0.0,0.0,0.0,0,-107875648.0,0,0.0,0,-107875648.0,-107877712.0,0,52429,17039,13107,17054,13107,17038,0,0,0,110,100,100,-0.0,64.0,0.0,64.5,0.0,69.0,1,49,50,180,13107,52429,0,0,0.0,0.0,0.0,0.0,-0.0,65.0,0.0,-0.0,0.0,646,0,690,0,0,0,719,0,791,0,711,0,690,0,645,0,643,0,616,0.032,56098816.0,2.004,-107615152.0,62992,16787,-0.0,-0.0,-0.0,8.679160998532999e+21,0.0,0.0,29.0,60.0,70,0.0,0.0,0.0,0.0,0.0,0.0,0.0,0.0,0.0,0.0,0.0,0.0,0.0,0.0,0.0,0.0,59.2,69,11,65508,41,65476,0,300,0,0,8,20529,65476,0,0,61604,60.0,0.0,0.0,0.0,0.0,0.0
2026-04-04T11:10:23,ERR,ERR,ERR,ERR,ERR,ERR,ERR,ERR,ERR,ERR,ERR,ERR,ERR,ERR,ERR,ERR,ERR,ERR,ERR,ERR,ERR,ERR,ERR,ERR,ERR,ERR,ERR,ERR,ERR,ERR,ERR,ERR,ERR,ERR,ERR,ERR,ERR,ERR,ERR,ERR,ERR,ERR,ERR,ERR,ERR,ERR,ERR,ERR,ERR,ERR,ERR,ERR,ERR,ERR,ERR,ERR,ERR,ERR,ERR,ERR,ERR,ERR,ERR,ERR,ERR,ERR,ERR,ERR,ERR,ERR,ERR,ERR,ERR,ERR,ERR,ERR,ERR,ERR,ERR,ERR,ERR,ERR,ERR,ERR,ERR,ERR,ERR,ERR,ERR,ERR,ERR,ERR,ERR,ERR,ERR,ERR,ERR,ERR,ERR,ERR,ERR,ERR,ERR,ERR,ERR,ERR,ERR,ERR,ERR,ERR,ERR,ERR,ERR,ERR,ERR,ERR,ERR,ERR,ERR,ERR,ERR,ERR,ERR,ERR,ERR,2.7184278591402704e+23,0.0,-0.0,0.0,0.0,0.0,0.0,nan,0,0,0,32768,0,0.0,0,0.0,0.0,0.0,0.0,0.0,0,0,0,0,0.0,0,0,0,0,0,0,0,0,0,0,0,0,0,0,0,0,0,0,0,0,0,0,0,0,0,0,0,0,0,0,0,0,0,0,0,0,0,0,0,0,0,0,0,0,0.0,0.0,0.0,0.0,0.0,0.0,0.0,0.0,0.0,0.0,0.0,0.0,0.0,0.0,0.0,0.0,0.0,0.0,0.0,0.0,0.0,0.0,0.0,0.0,-2.004,0.0,0.0,0.0,0.0,0.0,3405.5,-8608108544.0,0.0,2.7184278591402704e+23,0.0,-0.0,0.0,0.0,0.0,0.0,0.0,0,4.9504239556116174e+32,0.0,0.0,0.0,0.0,0.0,0.0,0.0,0.0,0,0,0,0.0,0.0,0.0,0.0,0.0,0.0,0.0,0.0,0.0,0.0,0.0,0.0,0.0,0.0,0.0,0.0,0,-107875648.0,0,0.0,0,-107875648.0,-107877712.0,0,52429,17039,13107,17054,13107,17038,0,0,0,110,100,100,-0.0,64.0,0.0,64.5,0.0,69.0,1,49,50,180,13107,52429,0,0,0.0,0.0,0.0,0.0,-0.0,65.0,0.0,-0.0,0.0,646,0,690,0,0,0,719,0,791,0,711,0,690,0,645,0,643,0,616,0.032,56098816.0,2.004,-107615152.0,62992,16787,-0.0,-0.0,-0.0,8.679160998532999e+21,0.0,0.0,29.0,60.0,70,0.0,0.0,0.0,0.0,0.0,0.0,0.0,0.0,0.0,0.0,0.0,0.0,0.0,0.0,0.0,0.0,59.2,69,11,65508,41,65476,0,300,0,0,8,20529,65476,0,0,61604,60.0,0.0,0.0,0.0,0.0,0.0
2026-04-04T11:10:24,ERR,ERR,ERR,ERR,ERR,ERR,ERR,ERR,ERR,ERR,ERR,ERR,ERR,ERR,ERR,ERR,ERR,ERR,ERR,ERR,ERR,ERR,ERR,ERR,ERR,ERR,ERR,ERR,ERR,ERR,ERR,ERR,ERR,ERR,ERR,ERR,ERR,ERR,ERR,ERR,ERR,ERR,ERR,ERR,ERR,ERR,ERR,ERR,ERR,ERR,ERR,ERR,ERR,ERR,ERR,ERR,ERR,ERR,ERR,ERR,ERR,ERR,ERR,ERR,ERR,ERR,ERR,ERR,ERR,ERR,ERR,ERR,ERR,ERR,ERR,ERR,ERR,ERR,ERR,ERR,ERR,ERR,ERR,ERR,ERR,ERR,ERR,ERR,ERR,ERR,ERR,ERR,ERR,ERR,ERR,ERR,ERR,ERR,ERR,ERR,ERR,ERR,ERR,ERR,ERR,ERR,ERR,ERR,ERR,ERR,ERR,ERR,ERR,ERR,ERR,ERR,ERR,ERR,ERR,ERR,ERR,ERR,ERR,ERR,ERR,2.7184278591402704e+23,0.0,-0.0,0.0,0.0,0.0,0.0,nan,0,0,0,32768,0,0.0,0,0.0,0.0,0.0,0.0,0.0,0,0,0,0,0.0,0,0,0,0,0,0,0,0,0,0,0,0,0,0,0,0,0,0,0,0,0,0,0,0,0,0,0,0,0,0,0,0,0,0,0,0,0,0,0,0,0,0,0,0,0.0,0.0,0.0,0.0,0.0,0.0,0.0,0.0,0.0,0.0,0.0,0.0,0.0,0.0,0.0,0.0,0.0,0.0,0.0,0.0,0.0,0.0,0.0,0.0,-2.004,0.0,0.0,0.0,0.0,0.0,3405.5,-8608108544.0,0.0,2.7184278591402704e+23,0.0,-0.0,0.0,0.0,0.0,0.0,0.0,0,4.9504239556116174e+32,0.0,0.0,0.0,0.0,0.0,0.0,0.0,0.0,0,0,0,0.0,0.0,0.0,0.0,0.0,0.0,0.0,0.0,0.0,0.0,0.0,0.0,0.0,0.0,0.0,0.0,0,-107875648.0,0,0.0,0,-107875648.0,-107877712.0,0,52429,17039,13107,17054,13107,17038,0,0,0,110,100,100,-0.0,64.0,0.0,64.5,0.0,69.0,1,49,50,180,13107,52429,0,0,0.0,0.0,0.0,0.0,-0.0,65.0,0.0,-0.0,0.0,646,0,690,0,0,0,719,0,791,0,711,0,690,0,645,0,643,0,616,0.032,56098816.0,2.004,-107615152.0,62992,16787,-0.0,-0.0,-0.0,8.679160998532999e+21,0.0,0.0,29.0,60.0,70,0.0,0.0,0.0,0.0,0.0,0.0,0.0,0.0,0.0,0.0,0.0,0.0,0.0,0.0,0.0,0.0,59.2,69,11,65508,41,65476,0,300,0,0,8,20529,65476,0,0,61604,60.0,0.0,0.0,0.0,0.0,0.0
2026-04-04T11:10:25,ERR,ERR,ERR,ERR,ERR,ERR,ERR,ERR,ERR,ERR,ERR,ERR,ERR,ERR,ERR,ERR,ERR,ERR,ERR,ERR,ERR,ERR,ERR,ERR,ERR,ERR,ERR,ERR,ERR,ERR,ERR,ERR,ERR,ERR,ERR,ERR,ERR,ERR,ERR,ERR,ERR,ERR,ERR,ERR,ERR,ERR,ERR,ERR,ERR,ERR,ERR,ERR,ERR,ERR,ERR,ERR,ERR,ERR,ERR,ERR,ERR,ERR,ERR,ERR,ERR,ERR,ERR,ERR,ERR,ERR,ERR,ERR,ERR,ERR,ERR,ERR,ERR,ERR,ERR,ERR,ERR,ERR,ERR,ERR,ERR,ERR,ERR,ERR,ERR,ERR,ERR,ERR,ERR,ERR,ERR,ERR,ERR,ERR,ERR,ERR,ERR,ERR,ERR,ERR,ERR,ERR,ERR,ERR,ERR,ERR,ERR,ERR,ERR,ERR,ERR,ERR,ERR,ERR,ERR,ERR,ERR,ERR,ERR,ERR,ERR,2.7184278591402704e+23,0.0,-0.0,0.0,0.0,0.0,0.0,nan,0,0,0,32768,0,0.0,0,0.0,0.0,0.0,0.0,0.0,0,0,0,0,0.0,0,0,0,0,0,0,0,0,0,0,0,0,0,0,0,0,0,0,0,0,0,0,0,0,0,0,0,0,0,0,0,0,0,0,0,0,0,0,0,0,0,0,0,0,0.0,0.0,0.0,0.0,0.0,0.0,0.0,0.0,0.0,0.0,0.0,0.0,0.0,0.0,0.0,0.0,0.0,0.0,0.0,0.0,0.0,0.0,0.0,0.0,-2.004,0.0,0.0,0.0,0.0,0.0,3405.5,-8608108544.0,0.0,2.7184278591402704e+23,0.0,-0.0,0.0,0.0,0.0,0.0,0.0,0,4.9504239556116174e+32,0.0,0.0,0.0,0.0,0.0,0.0,0.0,0.0,0,0,0,0.0,0.0,0.0,0.0,0.0,0.0,0.0,0.0,0.0,0.0,0.0,0.0,0.0,0.0,0.0,0.0,0,-107875648.0,0,0.0,0,-107875648.0,-107877712.0,0,52429,17039,13107,17054,13107,17038,0,0,0,110,100,100,-0.0,64.0,0.0,64.5,0.0,69.0,1,49,50,180,13107,52429,0,0,0.0,0.0,0.0,0.0,-0.0,65.0,0.0,-102.629,0.0,646,0,689,0,0,0,719,0,791,0,711,0,690,0,645,0,643,0,616,0.032,55836672.0,0.0,2.7302316136196234e+23,144,16788,-0.0,-102.629,3.2248950042080336e+29,0.0,0.0,0.0,29.0,60.0,70,0.0,0.0,0.0,0.0,0.0,0.0,0.0,0.0,0.0,0.0,0.0,0.0,0.0,0.0,0.0,0.0,59.2,69,11,65508,41,65476,0,300,0,0,8,20529,65476,0,0,61604,60.0,0.0,0.0,0.0,0.0,0.0
2026-04-04T11:10:26,ERR,ERR,ERR,ERR,ERR,ERR,ERR,ERR,ERR,ERR,ERR,ERR,ERR,ERR,ERR,ERR,ERR,ERR,ERR,ERR,ERR,ERR,ERR,ERR,ERR,ERR,ERR,ERR,ERR,ERR,ERR,ERR,ERR,ERR,ERR,ERR,ERR,ERR,ERR,ERR,ERR,ERR,ERR,ERR,ERR,ERR,ERR,ERR,ERR,ERR,ERR,ERR,ERR,ERR,ERR,ERR,ERR,ERR,ERR,ERR,ERR,ERR,ERR,ERR,ERR,ERR,ERR,ERR,ERR,ERR,ERR,ERR,ERR,ERR,ERR,ERR,ERR,ERR,ERR,ERR,ERR,ERR,ERR,ERR,ERR,ERR,ERR,ERR,ERR,ERR,ERR,ERR,ERR,ERR,ERR,ERR,ERR,ERR,ERR,ERR,ERR,ERR,ERR,ERR,ERR,ERR,ERR,ERR,ERR,ERR,ERR,ERR,ERR,ERR,ERR,ERR,ERR,ERR,ERR,ERR,ERR,ERR,ERR,ERR,ERR,2.7184278591402704e+23,0.0,-0.0,0.0,0.0,0.0,0.0,nan,0,0,0,32768,0,0.0,0,0.0,0.0,0.0,0.0,0.0,0,0,0,0,0.0,0,0,0,0,0,0,0,0,0,0,0,0,0,0,0,0,0,0,0,0,0,0,0,0,0,0,0,0,0,0,0,0,0,0,0,0,0,0,0,0,0,0,0,0,0.0,0.0,0.0,0.0,0.0,0.0,0.0,0.0,0.0,0.0,0.0,0.0,0.0,0.0,0.0,0.0,0.0,0.0,0.0,0.0,0.0,0.0,0.0,0.0,-2.004,0.0,0.0,0.0,0.0,0.0,3405.5,-8608108544.0,0.0,2.7184278591402704e+23,0.0,-0.0,0.0,0.0,0.0,0.0,0.0,0,4.9504239556116174e+32,0.0,0.0,0.0,0.0,0.0,0.0,0.0,0.0,0,0,0,0.0,0.0,0.0,0.0,0.0,0.0,0.0,0.0,0.0,0.0,0.0,0.0,0.0,0.0,0.0,0.0,0,-107875648.0,0,0.0,0,-107875648.0,-107877712.0,0,52429,17039,13107,17054,13107,17038,0,0,0,110,100,100,-0.0,64.0,0.0,64.5,0.0,69.0,1,49,50,180,13107,52429,0,0,0.0,0.0,0.0,0.0,-0.0,65.0,0.0,-102.629,0.0,646,0,689,0,0,0,719,0,791,0,711,0,690,0,645,0,643,0,616,0.032,55836672.0,0.0,2.7302316136196234e+23,144,16788,-0.0,-102.629,3.2248950042080336e+29,0.0,0.0,0.0,29.0,60.0,70,0.0,0.0,0.0,0.0,0.0,0.0,0.0,0.0,0.0,0.0,0.0,0.0,0.0,0.0,0.0,0.0,59.6,69,11,65508,41,65476,0,300,0,0,8,20529,65476,0,0,61604,60.0,0.0,0.0,0.0,0.0,0.0
2026-04-04T11:10:27,ERR,ERR,ERR,ERR,ERR,ERR,ERR,ERR,ERR,ERR,ERR,ERR,ERR,ERR,ERR,ERR,ERR,ERR,ERR,ERR,ERR,ERR,ERR,ERR,ERR,ERR,ERR,ERR,ERR,ERR,ERR,ERR,ERR,ERR,ERR,ERR,ERR,ERR,ERR,ERR,ERR,ERR,ERR,ERR,ERR,ERR,ERR,ERR,ERR,ERR,ERR,ERR,ERR,ERR,ERR,ERR,ERR,ERR,ERR,ERR,ERR,ERR,ERR,ERR,ERR,ERR,ERR,ERR,ERR,ERR,ERR,ERR,ERR,ERR,ERR,ERR,ERR,ERR,ERR,ERR,ERR,ERR,ERR,ERR,ERR,ERR,ERR,ERR,ERR,ERR,ERR,ERR,ERR,ERR,ERR,ERR,ERR,ERR,ERR,ERR,ERR,ERR,ERR,ERR,ERR,ERR,ERR,ERR,ERR,ERR,ERR,ERR,ERR,ERR,ERR,ERR,ERR,ERR,ERR,ERR,ERR,ERR,ERR,ERR,ERR,2.7184278591402704e+23,0.0,-0.0,0.0,0.0,0.0,0.0,nan,0,0,0,32768,0,0.0,0,0.0,0.0,0.0,0.0,0.0,0,0,0,0,0.0,0,0,0,0,0,0,0,0,0,0,0,0,0,0,0,0,0,0,0,0,0,0,0,0,0,0,0,0,0,0,0,0,0,0,0,0,0,0,0,0,0,0,0,0,0.0,0.0,0.0,0.0,0.0,0.0,0.0,0.0,0.0,0.0,0.0,0.0,0.0,0.0,0.0,0.0,0.0,0.0,0.0,0.0,0.0,0.0,0.0,0.0,-2.004,0.0,0.0,0.0,0.0,0.0,3405.5,-8608108544.0,0.0,2.7184278591402704e+23,0.0,-0.0,0.0,0.0,0.0,0.0,0.0,0,4.9504239556116174e+32,0.0,0.0,0.0,0.0,0.0,0.0,0.0,0.0,0,0,0,0.0,0.0,0.0,0.0,0.0,0.0,0.0,0.0,0.0,0.0,0.0,0.0,0.0,0.0,0.0,0.0,0,-107875648.0,0,0.0,0,-107875648.0,-107877712.0,0,52429,17039,13107,17054,13107,17038,0,0,0,110,100,100,-0.0,64.0,0.0,64.5,0.0,69.0,1,49,50,180,13107,52429,0,0,0.0,0.0,0.0,0.0,-0.0,65.0,0.0,-102.629,0.0,646,0,689,0,0,0,719,0,791,0,711,0,690,0,645,0,643,0,616,0.032,55836672.0,0.0,2.7302316136196234e+23,144,16788,-0.0,-102.629,3.2248950042080336e+29,0.0,0.0,0.0,29.0,60.0,70,0.0,0.0,0.0,0.0,0.0,0.0,0.0,0.0,0.0,0.0,0.0,0.0,0.0,0.0,0.0,0.0,59.6,69,11,65508,41,65476,0,300,0,0,8,20529,65476,0,0,61604,60.0,0.0,0.0,0.0,0.0,0.0
2026-04-04T11:10:28,ERR,ERR,ERR,ERR,ERR,ERR,ERR,ERR,ERR,ERR,ERR,ERR,ERR,ERR,ERR,ERR,ERR,ERR,ERR,ERR,ERR,ERR,ERR,ERR,ERR,ERR,ERR,ERR,ERR,ERR,ERR,ERR,ERR,ERR,ERR,ERR,ERR,ERR,ERR,ERR,ERR,ERR,ERR,ERR,ERR,ERR,ERR,ERR,ERR,ERR,ERR,ERR,ERR,ERR,ERR,ERR,ERR,ERR,ERR,ERR,ERR,ERR,ERR,ERR,ERR,ERR,ERR,ERR,ERR,ERR,ERR,ERR,ERR,ERR,ERR,ERR,ERR,ERR,ERR,ERR,ERR,ERR,ERR,ERR,ERR,ERR,ERR,ERR,ERR,ERR,ERR,ERR,ERR,ERR,ERR,ERR,ERR,ERR,ERR,ERR,ERR,ERR,ERR,ERR,ERR,ERR,ERR,ERR,ERR,ERR,ERR,ERR,ERR,ERR,ERR,ERR,ERR,ERR,ERR,ERR,ERR,ERR,ERR,ERR,ERR,2.7184278591402704e+23,0.0,-0.0,0.0,0.0,0.0,0.0,nan,0,0,0,32768,0,0.0,0,0.0,0.0,0.0,0.0,0.0,0,0,0,0,0.0,0,0,0,0,0,0,0,0,0,0,0,0,0,0,0,0,0,0,0,0,0,0,0,0,0,0,0,0,0,0,0,0,0,0,0,0,0,0,0,0,0,0,0,0,0.0,0.0,0.0,0.0,0.0,0.0,0.0,0.0,0.0,0.0,0.0,0.0,0.0,0.0,0.0,0.0,0.0,0.0,0.0,0.0,0.0,0.0,0.0,0.0,-2.004,0.0,0.0,0.0,0.0,0.0,3405.5,-8608108544.0,0.0,2.7184278591402704e+23,0.0,-0.0,0.0,0.0,0.0,0.0,0.0,0,4.9504239556116174e+32,0.0,0.0,0.0,0.0,0.0,0.0,0.0,0.0,0,0,0,0.0,0.0,0.0,0.0,0.0,0.0,0.0,0.0,0.0,0.0,0.0,0.0,0.0,0.0,0.0,0.0,0,-107875648.0,0,0.0,0,-107875648.0,-107877712.0,0,52429,17039,13107,17054,13107,17038,0,0,0,110,100,100,-0.0,64.0,0.0,64.5,0.0,69.0,1,49,50,180,13107,52429,0,0,0.0,0.0,0.0,0.0,-0.0,65.0,0.0,-102.629,0.0,646,0,689,0,0,0,719,0,791,0,711,0,690,0,645,0,643,0,616,0.032,55836672.0,0.0,2.7302316136196234e+23,144,16788,-0.0,-102.629,3.2248950042080336e+29,0.0,0.0,0.0,29.0,60.0,70,0.0,0.0,0.0,0.0,0.0,0.0,0.0,0.0,0.0,0.0,0.0,0.0,0.0,0.0,0.0,0.0,59.2,69,11,65508,41,65476,0,300,0,0,8,20529,65476,0,0,61604,60.0,0.0,0.0,0.0,0.0,0.0
2026-04-04T11:10:29,ERR,ERR,ERR,ERR,ERR,ERR,ERR,ERR,ERR,ERR,ERR,ERR,ERR,ERR,ERR,ERR,ERR,ERR,ERR,ERR,ERR,ERR,ERR,ERR,ERR,ERR,ERR,ERR,ERR,ERR,ERR,ERR,ERR,ERR,ERR,ERR,ERR,ERR,ERR,ERR,ERR,ERR,ERR,ERR,ERR,ERR,ERR,ERR,ERR,ERR,ERR,ERR,ERR,ERR,ERR,ERR,ERR,ERR,ERR,ERR,ERR,ERR,ERR,ERR,ERR,ERR,ERR,ERR,ERR,ERR,ERR,ERR,ERR,ERR,ERR,ERR,ERR,ERR,ERR,ERR,ERR,ERR,ERR,ERR,ERR,ERR,ERR,ERR,ERR,ERR,ERR,ERR,ERR,ERR,ERR,ERR,ERR,ERR,ERR,ERR,ERR,ERR,ERR,ERR,ERR,ERR,ERR,ERR,ERR,ERR,ERR,ERR,ERR,ERR,ERR,ERR,ERR,ERR,ERR,ERR,ERR,ERR,ERR,ERR,ERR,2.7184278591402704e+23,0.0,-0.0,0.0,0.0,0.0,0.0,nan,0,0,0,32768,0,0.0,0,0.0,0.0,0.0,0.0,0.0,0,0,0,0,0.0,0,0,0,0,0,0,0,0,0,0,0,0,0,0,0,0,0,0,0,0,0,0,0,0,0,0,0,0,0,0,0,0,0,0,0,0,0,0,0,0,0,0,0,0,0.0,0.0,0.0,0.0,0.0,0.0,0.0,0.0,0.0,0.0,0.0,0.0,0.0,0.0,0.0,0.0,0.0,0.0,0.0,0.0,0.0,0.0,0.0,0.0,-2.004,0.0,0.0,0.0,0.0,0.0,3405.5,8608108544.0,0.0,2.7184278591402704e+23,0.0,-0.0,0.0,0.0,0.0,0.0,0.0,0,4.9504239556116174e+32,-2.3088166164207816e+20,0.0,0.0,0.0,0.0,0.0,0.0,0.0,0,0,0,0.0,0.0,0.0,0.0,0.0,0.0,0.0,0.0,0.0,0.0,0.0,0.0,0.0,0.0,0.0,0.0,0,-107875648.0,0,0.0,0,-107875648.0,-107877712.0,0,52429,17039,13107,17054,13107,17038,0,0,0,110,100,100,-0.0,64.0,0.0,64.5,0.0,69.0,1,49,50,180,13107,0,0,0,0.0,0.0,0.0,0.0,-0.0,65.0,0.0,-0.0,0.0,646,0,689,0,0,0,719,0,791,0,711,0,690,0,645,0,643,0,616,0.032,50331648.0,0.0,2.7302316136196234e+23,10640,16788,-0.0,-0.0,-0.0,-197.249,0.018,3.77,29.0,60.0,70,0.0,0.0,0.0,0.0,0.0,0.0,0.0,0.0,0.0,0.0,0.0,0.0,0.0,0.0,0.0,0.0,59.2,69,11,65508,41,65476,0,300,0,0,8,20529,65476,0,0,61604,60.0,0.0,0.0,0.0,0.0,0.0
2026-04-04T11:10:30,ERR,ERR,ERR,ERR,ERR,ERR,ERR,ERR,ERR,ERR,ERR,ERR,ERR,ERR,ERR,ERR,ERR,ERR,ERR,ERR,ERR,ERR,ERR,ERR,ERR,ERR,ERR,ERR,ERR,ERR,ERR,ERR,ERR,ERR,ERR,ERR,ERR,ERR,ERR,ERR,ERR,ERR,ERR,ERR,ERR,ERR,ERR,ERR,ERR,ERR,ERR,ERR,ERR,ERR,ERR,ERR,ERR,ERR,ERR,ERR,ERR,ERR,ERR,ERR,ERR,ERR,ERR,ERR,ERR,ERR,ERR,ERR,ERR,ERR,ERR,ERR,ERR,ERR,ERR,ERR,ERR,ERR,ERR,ERR,ERR,ERR,ERR,ERR,ERR,ERR,ERR,ERR,ERR,ERR,ERR,ERR,ERR,ERR,ERR,ERR,ERR,ERR,ERR,ERR,ERR,ERR,ERR,ERR,ERR,ERR,ERR,ERR,ERR,ERR,ERR,ERR,ERR,ERR,ERR,ERR,ERR,ERR,ERR,ERR,ERR,2.7184278591402704e+23,0.0,-0.0,0.0,0.0,0.0,0.0,nan,0,0,0,32768,0,0.0,0,0.0,0.0,0.0,0.0,0.0,0,0,0,0,0.0,0,0,0,0,0,0,0,0,0,0,0,0,0,0,0,0,0,0,0,0,0,0,0,0,0,0,0,0,0,0,0,0,0,0,0,0,0,0,0,0,0,0,0,0,0.0,0.0,0.0,0.0,0.0,0.0,0.0,0.0,0.0,0.0,0.0,0.0,0.0,0.0,0.0,0.0,0.0,0.0,0.0,0.0,0.0,0.0,0.0,0.0,-2.004,0.0,0.0,0.0,0.0,0.0,3405.5,8608108544.0,0.0,2.7184278591402704e+23,0.0,-0.0,0.0,0.0,0.0,0.0,0.0,0,4.9504239556116174e+32,-2.3088166164207816e+20,0.0,0.0,0.0,0.0,0.0,0.0,0.0,0,0,0,0.0,0.0,0.0,0.0,0.0,0.0,0.0,0.0,0.0,0.0,0.0,0.0,0.0,0.0,0.0,0.0,0,-107875648.0,0,0.0,0,-107875648.0,-107877712.0,0,52429,17039,13107,17054,13107,17038,0,0,0,110,100,100,-0.0,64.0,0.0,64.5,0.0,69.0,1,49,50,180,13107,0,0,0,0.0,0.0,0.0,0.0,-0.0,65.0,0.0,-0.0,0.0,646,0,689,0,0,0,719,0,791,0,711,0,690,0,645,0,643,0,616,0.032,50331648.0,0.0,2.7302316136196234e+23,10640,16788,-0.0,-0.0,-0.0,-197.249,0.018,3.77,29.0,60.0,70,0.0,0.0,0.0,0.0,0.0,0.0,0.0,0.0,0.0,0.0,0.0,0.0,0.0,0.0,0.0,0.0,59.2,69,11,65508,41,65476,0,300,0,0,8,20529,65476,0,0,61604,60.0,0.0,0.0,0.0,0.0,0.0
2026-04-04T11:10:31,ERR,ERR,ERR,ERR,ERR,ERR,ERR,ERR,ERR,ERR,ERR,ERR,ERR,ERR,ERR,ERR,ERR,ERR,ERR,ERR,ERR,ERR,ERR,ERR,ERR,ERR,ERR,ERR,ERR,ERR,ERR,ERR,ERR,ERR,ERR,ERR,ERR,ERR,ERR,ERR,ERR,ERR,ERR,ERR,ERR,ERR,ERR,ERR,ERR,ERR,ERR,ERR,ERR,ERR,ERR,ERR,ERR,ERR,ERR,ERR,ERR,ERR,ERR,ERR,ERR,ERR,ERR,ERR,ERR,ERR,ERR,ERR,ERR,ERR,ERR,ERR,ERR,ERR,ERR,ERR,ERR,ERR,ERR,ERR,ERR,ERR,ERR,ERR,ERR,ERR,ERR,ERR,ERR,ERR,ERR,ERR,ERR,ERR,ERR,ERR,ERR,ERR,ERR,ERR,ERR,ERR,ERR,ERR,ERR,ERR,ERR,ERR,ERR,ERR,ERR,ERR,ERR,ERR,ERR,ERR,ERR,ERR,ERR,ERR,ERR,2.7184278591402704e+23,0.0,-0.0,0.0,0.0,0.0,0.0,nan,0,0,0,32768,0,0.0,0,0.0,0.0,0.0,0.0,0.0,0,0,0,0,0.0,0,0,0,0,0,0,0,0,0,0,0,0,0,0,0,0,0,0,0,0,0,0,0,0,0,0,0,0,0,0,0,0,0,0,0,0,0,0,0,0,0,0,0,0,0.0,0.0,0.0,0.0,0.0,0.0,0.0,0.0,0.0,0.0,0.0,0.0,0.0,0.0,0.0,0.0,0.0,0.0,0.0,0.0,0.0,0.0,0.0,0.0,-2.004,0.0,0.0,0.0,0.0,0.0,3405.5,8608108544.0,0.0,2.7184278591402704e+23,0.0,-0.0,0.0,0.0,0.0,0.0,0.0,0,4.9504239556116174e+32,-2.3088166164207816e+20,0.0,0.0,0.0,0.0,0.0,0.0,0.0,0,0,0,0.0,0.0,0.0,0.0,0.0,0.0,0.0,0.0,0.0,0.0,0.0,0.0,0.0,0.0,0.0,0.0,0,-107875648.0,0,0.0,0,-107875648.0,-107877712.0,0,52429,17039,13107,17054,13107,17038,0,0,0,110,100,100,-0.0,64.0,0.0,64.5,0.0,69.0,1,49,50,180,13107,0,0,0,0.0,0.0,0.0,0.0,-0.0,65.0,0.0,-0.0,0.0,646,0,689,0,0,0,719,0,791,0,711,0,690,0,645,0,643,0,616,0.032,50331648.0,0.0,2.7302316136196234e+23,10640,16788,-0.0,-0.0,-0.0,-197.249,0.018,3.77,29.0,60.0,70,0.0,0.0,0.0,0.0,0.0,0.0,0.0,0.0,0.0,0.0,0.0,0.0,0.0,0.0,0.0,0.0,59.2,69,11,65508,41,65476,0,300,0,0,8,20529,65476,0,0,61604,60.0,0.0,0.0,0.0,0.0,0.0
2026-04-04T11:10:32,ERR,ERR,ERR,ERR,ERR,ERR,ERR,ERR,ERR,ERR,ERR,ERR,ERR,ERR,ERR,ERR,ERR,ERR,ERR,ERR,ERR,ERR,ERR,ERR,ERR,ERR,ERR,ERR,ERR,ERR,ERR,ERR,ERR,ERR,ERR,ERR,ERR,ERR,ERR,ERR,ERR,ERR,ERR,ERR,ERR,ERR,ERR,ERR,ERR,ERR,ERR,ERR,ERR,ERR,ERR,ERR,ERR,ERR,ERR,ERR,ERR,ERR,ERR,ERR,ERR,ERR,ERR,ERR,ERR,ERR,ERR,ERR,ERR,ERR,ERR,ERR,ERR,ERR,ERR,ERR,ERR,ERR,ERR,ERR,ERR,ERR,ERR,ERR,ERR,ERR,ERR,ERR,ERR,ERR,ERR,ERR,ERR,ERR,ERR,ERR,ERR,ERR,ERR,ERR,ERR,ERR,ERR,ERR,ERR,ERR,ERR,ERR,ERR,ERR,ERR,ERR,ERR,ERR,ERR,ERR,ERR,ERR,ERR,ERR,ERR,2.7184278591402704e+23,0.0,-0.0,0.0,0.0,0.0,0.0,nan,0,0,0,32768,0,0.0,0,0.0,0.0,0.0,0.0,0.0,0,0,0,0,0.0,0,0,0,0,0,0,0,0,0,0,0,0,0,0,0,0,0,0,0,0,0,0,0,0,0,0,0,0,0,0,0,0,0,0,0,0,0,0,0,0,0,0,0,0,0.0,0.0,0.0,0.0,0.0,0.0,0.0,0.0,0.0,0.0,0.0,0.0,0.0,0.0,0.0,0.0,0.0,0.0,0.0,0.0,0.0,0.0,0.0,0.0,-2.004,0.0,0.0,0.0,0.0,0.0,3405.5,8608108544.0,0.0,2.7184278591402704e+23,0.0,-0.0,0.0,0.0,0.0,0.0,0.0,0,4.9504239556116174e+32,-2.3088166164207816e+20,0.0,0.0,0.0,0.0,0.0,0.0,0.0,0,0,0,0.0,0.0,0.0,0.0,0.0,0.0,0.0,0.0,0.0,0.0,0.0,0.0,0.0,0.0,0.0,0.0,0,-107875648.0,0,0.0,0,-107875648.0,-107877712.0,0,52429,17039,13107,17054,13107,17038,0,0,0,110,100,100,-0.0,64.0,0.0,64.5,0.0,69.0,1,49,50,180,13107,0,0,0,0.0,0.0,0.0,0.0,-0.0,65.0,0.0,-0.0,0.0,646,0,689,0,0,0,719,0,791,0,711,0,690,0,645,0,643,0,616,0.032,50331648.0,0.0,2.7302316136196234e+23,10640,16788,-0.0,-0.0,-0.0,-197.249,0.018,3.77,29.0,60.0,70,0.0,0.0,0.0,0.0,0.0,0.0,0.0,0.0,0.0,0.0,0.0,0.0,0.0,0.0,0.0,0.0,59.2,69,11,65508,41,65476,0,300,0,0,8,20529,65476,0,0,61604,60.0,0.0,0.0,0.0,0.0,0.0
2026-04-04T11:10:33,ERR,ERR,ERR,ERR,ERR,ERR,ERR,ERR,ERR,ERR,ERR,ERR,ERR,ERR,ERR,ERR,ERR,ERR,ERR,ERR,ERR,ERR,ERR,ERR,ERR,ERR,ERR,ERR,ERR,ERR,ERR,ERR,ERR,ERR,ERR,ERR,ERR,ERR,ERR,ERR,ERR,ERR,ERR,ERR,ERR,ERR,ERR,ERR,ERR,ERR,ERR,ERR,ERR,ERR,ERR,ERR,ERR,ERR,ERR,ERR,ERR,ERR,ERR,ERR,ERR,ERR,ERR,ERR,ERR,ERR,ERR,ERR,ERR,ERR,ERR,ERR,ERR,ERR,ERR,ERR,ERR,ERR,ERR,ERR,ERR,ERR,ERR,ERR,ERR,ERR,ERR,ERR,ERR,ERR,ERR,ERR,ERR,ERR,ERR,ERR,ERR,ERR,ERR,ERR,ERR,ERR,ERR,ERR,ERR,ERR,ERR,ERR,ERR,ERR,ERR,ERR,ERR,ERR,ERR,ERR,ERR,ERR,ERR,ERR,ERR,2.7184278591402704e+23,0.0,-0.0,0.0,0.0,0.0,0.0,nan,0,0,0,32768,0,0.0,0,0.0,0.0,0.0,0.0,0.0,0,0,0,0,0.0,0,0,0,0,0,0,0,0,0,0,0,0,0,0,0,0,0,0,0,0,0,0,0,0,0,0,0,0,0,0,0,0,0,0,0,0,0,0,0,0,0,0,0,0,0.0,0.0,0.0,0.0,0.0,0.0,0.0,0.0,0.0,0.0,0.0,0.0,0.0,0.0,0.0,0.0,0.0,0.0,0.0,0.0,0.0,0.0,0.0,0.0,-2.004,0.0,0.0,0.0,0.0,0.0,3405.5,8608108544.0,0.0,2.7184278591402704e+23,0.0,-0.0,0.0,0.0,0.0,0.0,0.0,0,4.9504239556116174e+32,-2.3088166164207816e+20,0.0,0.0,0.0,0.0,0.0,0.0,0.0,0,0,0,0.0,0.0,0.0,0.0,0.0,0.0,0.0,0.0,0.0,0.0,0.0,0.0,0.0,0.0,0.0,0.0,0,-107875648.0,0,0.0,0,-107875648.0,-107877712.0,0,52429,17039,13107,17054,13107,17038,0,0,0,110,100,100,-0.0,64.0,0.0,64.5,0.0,69.0,1,49,50,180,13107,0,0,0,0.0,0.0,0.0,0.0,-0.0,65.0,0.0,-0.0,0.0,646,0,689,0,0,0,719,0,791,0,711,0,690,0,645,0,643,0,616,0.032,50331648.0,0.0,2.7302316136196234e+23,10640,16788,-0.0,-0.0,-0.0,-197.249,0.018,3.77,29.0,60.0,70,0.0,0.0,0.0,0.0,0.0,0.0,0.0,0.0,0.0,0.0,0.0,0.0,0.0,0.0,0.0,0.0,59.2,69,11,65508,41,65476,0,300,0,0,8,20529,65476,0,0,61604,60.0,0.0,0.0,0.0,0.0,0.0
2026-04-04T11:10:34,ERR,ERR,ERR,ERR,ERR,ERR,ERR,ERR,ERR,ERR,ERR,ERR,ERR,ERR,ERR,ERR,ERR,ERR,ERR,ERR,ERR,ERR,ERR,ERR,ERR,ERR,ERR,ERR,ERR,ERR,ERR,ERR,ERR,ERR,ERR,ERR,ERR,ERR,ERR,ERR,ERR,ERR,ERR,ERR,ERR,ERR,ERR,ERR,ERR,ERR,ERR,ERR,ERR,ERR,ERR,ERR,ERR,ERR,ERR,ERR,ERR,ERR,ERR,ERR,ERR,ERR,ERR,ERR,ERR,ERR,ERR,ERR,ERR,ERR,ERR,ERR,ERR,ERR,ERR,ERR,ERR,ERR,ERR,ERR,ERR,ERR,ERR,ERR,ERR,ERR,ERR,ERR,ERR,ERR,ERR,ERR,ERR,ERR,ERR,ERR,ERR,ERR,ERR,ERR,ERR,ERR,ERR,ERR,ERR,ERR,ERR,ERR,ERR,ERR,ERR,ERR,ERR,ERR,ERR,ERR,ERR,ERR,ERR,ERR,ERR,2.7184278591402704e+23,0.0,-0.0,0.0,0.0,0.0,0.0,nan,0,0,0,32768,0,0.0,0,0.0,0.0,0.0,0.0,0.0,0,0,0,0,0.0,0,0,0,0,0,0,0,0,0,0,0,0,0,0,0,0,0,0,0,0,0,0,0,0,0,0,0,0,0,0,0,0,0,0,0,0,0,0,0,0,0,0,0,0,0.0,0.0,0.0,0.0,0.0,0.0,0.0,0.0,0.0,0.0,0.0,0.0,0.0,0.0,0.0,0.0,0.0,0.0,0.0,0.0,0.0,0.0,0.0,0.0,-2.004,0.0,0.0,0.0,0.0,0.0,3405.5,8608108544.0,0.0,2.7184278591402704e+23,0.0,-0.0,0.0,0.0,0.0,0.0,0.0,0,4.9504239556116174e+32,-2.3088166164207816e+20,0.0,0.0,0.0,0.0,0.0,0.0,0.0,0,0,0,0.0,0.0,0.0,0.0,0.0,0.0,0.0,0.0,0.0,0.0,0.0,0.0,0.0,0.0,0.0,0.0,0,-107875648.0,0,0.0,0,-107875648.0,-107877712.0,0,52429,17039,13107,17054,13107,17038,0,0,0,110,100,100,-0.0,64.0,0.0,64.5,0.0,69.0,1,49,50,180,13107,0,0,0,0.0,0.0,0.0,0.0,-0.0,65.0,0.0,-0.0,0.0,646,0,689,0,0,0,719,0,791,0,711,0,690,0,645,0,643,0,616,0.032,50331648.0,0.0,2.7302316136196234e+23,10640,16788,-0.0,-0.0,-0.0,-197.249,0.018,3.77,29.0,60.0,70,0.0,0.0,0.0,0.0,0.0,0.0,0.0,0.0,0.0,0.0,0.0,0.0,0.0,0.0,0.0,0.0,59.2,69,11,65508,41,65476,0,300,0,0,8,20529,65476,0,0,61604,60.0,0.0,0.0,0.0,0.0,0.0
2026-04-04T11:10:35,ERR,ERR,ERR,ERR,ERR,ERR,ERR,ERR,ERR,ERR,ERR,ERR,ERR,ERR,ERR,ERR,ERR,ERR,ERR,ERR,ERR,ERR,ERR,ERR,ERR,ERR,ERR,ERR,ERR,ERR,ERR,ERR,ERR,ERR,ERR,ERR,ERR,ERR,ERR,ERR,ERR,ERR,ERR,ERR,ERR,ERR,ERR,ERR,ERR,ERR,ERR,ERR,ERR,ERR,ERR,ERR,ERR,ERR,ERR,ERR,ERR,ERR,ERR,ERR,ERR,ERR,ERR,ERR,ERR,ERR,ERR,ERR,ERR,ERR,ERR,ERR,ERR,ERR,ERR,ERR,ERR,ERR,ERR,ERR,ERR,ERR,ERR,ERR,ERR,ERR,ERR,ERR,ERR,ERR,ERR,ERR,ERR,ERR,ERR,ERR,ERR,ERR,ERR,ERR,ERR,ERR,ERR,ERR,ERR,ERR,ERR,ERR,ERR,ERR,ERR,ERR,ERR,ERR,ERR,ERR,ERR,ERR,ERR,ERR,ERR,2.7184278591402704e+23,0.0,-0.0,0.0,0.0,0.0,0.0,nan,0,0,0,32768,0,0.0,0,0.0,0.0,0.0,0.0,0.0,0,0,0,0,0.0,0,0,0,0,0,0,0,0,0,0,0,0,0,0,0,0,0,0,0,0,0,0,0,0,0,0,0,0,0,0,0,0,0,0,0,0,0,0,0,0,0,0,0,0,0.0,0.0,0.0,0.0,0.0,0.0,0.0,0.0,0.0,0.0,0.0,0.0,0.0,0.0,0.0,0.0,0.0,0.0,0.0,0.0,0.0,0.0,0.0,0.0,-2.004,0.0,0.0,0.0,0.0,0.0,3405.5,8608108544.0,0.0,2.7184278591402704e+23,0.0,-0.0,0.0,0.0,0.0,0.0,0.0,0,4.9504239556116174e+32,-2.3088166164207816e+20,0.0,0.0,0.0,0.0,0.0,0.0,0.0,0,0,0,0.0,0.0,0.0,0.0,0.0,0.0,0.0,0.0,0.0,0.0,0.0,0.0,0.0,0.0,0.0,0.0,0,-107875648.0,0,0.0,0,-107875648.0,-107877712.0,0,52429,17039,13107,17054,13107,17038,0,0,0,110,100,100,-0.0,64.0,0.0,64.5,0.0,69.0,1,49,50,180,13107,0,0,0,0.0,0.0,0.0,0.0,-0.0,65.0,0.0,-1.1949052566018458e+17,0.0,646,0,690,0,0,0,719,0,791,0,711,0,690,0,645,0,643,0,616,0.032,40632320.0,0.0,2.7302316136196234e+23,58256,16787,-0.0,-1.391937740299305e+17,-1.4476329000992336e+37,4.0870884379577863e+20,2.0238557005847615e+38,-0.0,29.0,60.0,70,0.0,0.0,0.0,0.0,0.0,0.0,0.0,0.0,0.0,0.0,0.0,0.0,0.0,0.0,0.0,0.0,59.2,69,11,65508,41,65476,0,300,0,0,8,20529,65476,0,0,61604,60.0,0.0,0.0,0.0,0.0,0.0
2026-04-04T11:10:36,ERR,ERR,ERR,ERR,ERR,ERR,ERR,ERR,ERR,ERR,ERR,ERR,ERR,ERR,ERR,ERR,ERR,ERR,ERR,ERR,ERR,ERR,ERR,ERR,ERR,ERR,ERR,ERR,ERR,ERR,ERR,ERR,ERR,ERR,ERR,ERR,ERR,ERR,ERR,ERR,ERR,ERR,ERR,ERR,ERR,ERR,ERR,ERR,ERR,ERR,ERR,ERR,ERR,ERR,ERR,ERR,ERR,ERR,ERR,ERR,ERR,ERR,ERR,ERR,ERR,ERR,ERR,ERR,ERR,ERR,ERR,ERR,ERR,ERR,ERR,ERR,ERR,ERR,ERR,ERR,ERR,ERR,ERR,ERR,ERR,ERR,ERR,ERR,ERR,ERR,ERR,ERR,ERR,ERR,ERR,ERR,ERR,ERR,ERR,ERR,ERR,ERR,ERR,ERR,ERR,ERR,ERR,ERR,ERR,ERR,ERR,ERR,ERR,ERR,ERR,ERR,ERR,ERR,ERR,ERR,ERR,ERR,ERR,ERR,ERR,2.7184278591402704e+23,0.0,-0.0,0.0,0.0,0.0,0.0,nan,0,0,0,32768,0,0.0,0,0.0,0.0,0.0,0.0,0.0,0,0,0,0,0.0,0,0,0,0,0,0,0,0,0,0,0,0,0,0,0,0,0,0,0,0,0,0,0,0,0,0,0,0,0,0,0,0,0,0,0,0,0,0,0,0,0,0,0,0,0.0,0.0,0.0,0.0,0.0,0.0,0.0,0.0,0.0,0.0,0.0,0.0,0.0,0.0,0.0,0.0,0.0,0.0,0.0,0.0,0.0,0.0,0.0,0.0,-2.004,0.0,0.0,0.0,0.0,0.0,3405.5,8608108544.0,0.0,2.7184278591402704e+23,0.0,-0.0,0.0,0.0,0.0,0.0,0.0,0,4.9504239556116174e+32,-2.3088166164207816e+20,0.0,0.0,0.0,0.0,0.0,0.0,0.0,0,0,0,0.0,0.0,0.0,0.0,0.0,0.0,0.0,0.0,0.0,0.0,0.0,0.0,0.0,0.0,0.0,0.0,0,-107875648.0,0,0.0,0,-107875648.0,-107877712.0,0,52429,17039,13107,17054,13107,17038,0,0,0,110,100,100,-0.0,64.0,0.0,64.5,0.0,69.0,1,49,50,180,13107,0,0,0,0.0,0.0,0.0,0.0,-0.0,65.0,0.0,-1.1949052566018458e+17,0.0,646,0,690,0,0,0,719,0,791,0,711,0,690,0,645,0,643,0,616,0.032,40632320.0,0.0,2.7302316136196234e+23,58256,16787,-0.0,-1.391937740299305e+17,-1.4476329000992336e+37,4.0870884379577863e+20,2.0238557005847615e+38,-0.0,29.0,60.0,70,0.0,0.0,0.0,0.0,0.0,0.0,0.0,0.0,0.0,0.0,0.0,0.0,0.0,0.0,0.0,0.0,59.2,69,11,65508,41,65476,0,300,0,0,8,20529,65476,0,0,61604,60.0,0.0,0.0,0.0,0.0,0.0
2026-04-04T11:10:37,ERR,ERR,ERR,ERR,ERR,ERR,ERR,ERR,ERR,ERR,ERR,ERR,ERR,ERR,ERR,ERR,ERR,ERR,ERR,ERR,ERR,ERR,ERR,ERR,ERR,ERR,ERR,ERR,ERR,ERR,ERR,ERR,ERR,ERR,ERR,ERR,ERR,ERR,ERR,ERR,ERR,ERR,ERR,ERR,ERR,ERR,ERR,ERR,ERR,ERR,ERR,ERR,ERR,ERR,ERR,ERR,ERR,ERR,ERR,ERR,ERR,ERR,ERR,ERR,ERR,ERR,ERR,ERR,ERR,ERR,ERR,ERR,ERR,ERR,ERR,ERR,ERR,ERR,ERR,ERR,ERR,ERR,ERR,ERR,ERR,ERR,ERR,ERR,ERR,ERR,ERR,ERR,ERR,ERR,ERR,ERR,ERR,ERR,ERR,ERR,ERR,ERR,ERR,ERR,ERR,ERR,ERR,ERR,ERR,ERR,ERR,ERR,ERR,ERR,ERR,ERR,ERR,ERR,ERR,ERR,ERR,ERR,ERR,ERR,ERR,2.7184278591402704e+23,0.0,-0.0,0.0,0.0,0.0,0.0,nan,0,0,0,32768,0,0.0,0,0.0,0.0,0.0,0.0,0.0,0,0,0,0,0.0,0,0,0,0,0,0,0,0,0,0,0,0,0,0,0,0,0,0,0,0,0,0,0,0,0,0,0,0,0,0,0,0,0,0,0,0,0,0,0,0,0,0,0,0,0.0,0.0,0.0,0.0,0.0,0.0,0.0,0.0,0.0,0.0,0.0,0.0,0.0,0.0,0.0,0.0,0.0,0.0,0.0,0.0,0.0,0.0,0.0,0.0,-2.004,0.0,0.0,0.0,0.0,0.0,3405.0,-0.0,0.0,2.7184278591402704e+23,0.0,-0.0,0.0,0.0,0.0,0.0,0.0,0,4.0668755697950344e+29,0.0,0.0,0.0,0.0,0.0,0.0,0.0,0.0,0,0,0,0.0,0.0,0.0,0.0,0.0,0.0,0.0,0.0,0.0,0.0,0.0,0.0,0.0,0.0,0.0,0.0,0,-107875648.0,0,0.0,0,-107875648.0,-107877712.0,0,52429,17039,13107,17054,13107,17038,0,0,0,110,100,100,-0.0,64.0,0.0,64.5,0.0,69.0,1,49,50,180,13107,0,0,0,0.0,0.0,0.0,0.0,-0.0,65.0,0.0,-1.1949052566018458e+17,0.0,646,0,690,0,0,0,719,0,791,0,711,0,690,0,645,0,643,0,616,0.032,40632320.0,0.0,2.7302316136196234e+23,58256,16787,-0.0,-1.391937740299305e+17,-1.4476329000992336e+37,4.0870884379577863e+20,2.0238557005847615e+38,-0.0,29.0,60.0,70,0.0,0.0,0.0,0.0,0.0,0.0,0.0,0.0,0.0,0.0,0.0,0.0,0.0,0.0,0.0,0.0,59.6,69,11,65508,41,65476,0,300,0,0,8,20529,65476,0,0,61604,60.0,0.0,0.0,0.0,0.0,0.0
2026-04-04T11:10:38,ERR,ERR,ERR,ERR,ERR,ERR,ERR,ERR,ERR,ERR,ERR,ERR,ERR,ERR,ERR,ERR,ERR,ERR,ERR,ERR,ERR,ERR,ERR,ERR,ERR,ERR,ERR,ERR,ERR,ERR,ERR,ERR,ERR,ERR,ERR,ERR,ERR,ERR,ERR,ERR,ERR,ERR,ERR,ERR,ERR,ERR,ERR,ERR,ERR,ERR,ERR,ERR,ERR,ERR,ERR,ERR,ERR,ERR,ERR,ERR,ERR,ERR,ERR,ERR,ERR,ERR,ERR,ERR,ERR,ERR,ERR,ERR,ERR,ERR,ERR,ERR,ERR,ERR,ERR,ERR,ERR,ERR,ERR,ERR,ERR,ERR,ERR,ERR,ERR,ERR,ERR,ERR,ERR,ERR,ERR,ERR,ERR,ERR,ERR,ERR,ERR,ERR,ERR,ERR,ERR,ERR,ERR,ERR,ERR,ERR,ERR,ERR,ERR,ERR,ERR,ERR,ERR,ERR,ERR,ERR,ERR,ERR,ERR,ERR,ERR,2.7184278591402704e+23,0.0,-0.0,0.0,0.0,0.0,0.0,nan,0,0,0,32768,0,0.0,0,0.0,0.0,0.0,0.0,0.0,0,0,0,0,0.0,0,0,0,0,0,0,0,0,0,0,0,0,0,0,0,0,0,0,0,0,0,0,0,0,0,0,0,0,0,0,0,0,0,0,0,0,0,0,0,0,0,0,0,0,0.0,0.0,0.0,0.0,0.0,0.0,0.0,0.0,0.0,0.0,0.0,0.0,0.0,0.0,0.0,0.0,0.0,0.0,0.0,0.0,0.0,0.0,0.0,0.0,-2.004,0.0,0.0,0.0,0.0,0.0,3405.0,-0.0,0.0,2.7184278591402704e+23,0.0,-0.0,0.0,0.0,0.0,0.0,0.0,0,4.0668755697950344e+29,0.0,0.0,0.0,0.0,0.0,0.0,0.0,0.0,0,0,0,0.0,0.0,0.0,0.0,0.0,0.0,0.0,0.0,0.0,0.0,0.0,0.0,0.0,0.0,0.0,0.0,0,-107875648.0,0,0.0,0,-107875648.0,-107877712.0,0,52429,17039,13107,17054,13107,17038,0,0,0,110,100,100,-0.0,64.0,0.0,64.5,0.0,69.0,1,49,50,180,13107,0,0,0,0.0,0.0,0.0,0.0,-0.0,65.0,0.0,-1.1949052566018458e+17,0.0,646,0,690,0,0,0,719,0,791,0,711,0,690,0,645,0,643,0,616,0.032,40632320.0,0.0,2.7302316136196234e+23,58256,16787,-0.0,-1.391937740299305e+17,-1.4476329000992336e+37,4.0870884379577863e+20,2.0238557005847615e+38,-0.0,29.0,60.0,70,0.0,0.0,0.0,0.0,0.0,0.0,0.0,0.0,0.0,0.0,0.0,0.0,0.0,0.0,0.0,0.0,59.6,69,11,65508,41,65476,0,300,0,0,8,20529,65476,0,0,61604,60.0,0.0,0.0,0.0,0.0,0.0
2026-04-04T11:10:39,ERR,ERR,ERR,ERR,ERR,ERR,ERR,ERR,ERR,ERR,ERR,ERR,ERR,ERR,ERR,ERR,ERR,ERR,ERR,ERR,ERR,ERR,ERR,ERR,ERR,ERR,ERR,ERR,ERR,ERR,ERR,ERR,ERR,ERR,ERR,ERR,ERR,ERR,ERR,ERR,ERR,ERR,ERR,ERR,ERR,ERR,ERR,ERR,ERR,ERR,ERR,ERR,ERR,ERR,ERR,ERR,ERR,ERR,ERR,ERR,ERR,ERR,ERR,ERR,ERR,ERR,ERR,ERR,ERR,ERR,ERR,ERR,ERR,ERR,ERR,ERR,ERR,ERR,ERR,ERR,ERR,ERR,ERR,ERR,ERR,ERR,ERR,ERR,ERR,ERR,ERR,ERR,ERR,ERR,ERR,ERR,ERR,ERR,ERR,ERR,ERR,ERR,ERR,ERR,ERR,ERR,ERR,ERR,ERR,ERR,ERR,ERR,ERR,ERR,ERR,ERR,ERR,ERR,ERR,ERR,ERR,ERR,ERR,ERR,ERR,2.7184278591402704e+23,0.0,-0.0,0.0,0.0,0.0,0.0,nan,0,0,0,32768,0,0.0,0,0.0,0.0,0.0,0.0,0.0,0,0,0,0,0.0,0,0,0,0,0,0,0,0,0,0,0,0,0,0,0,0,0,0,0,0,0,0,0,0,0,0,0,0,0,0,0,0,0,0,0,0,0,0,0,0,0,0,0,0,0.0,0.0,0.0,0.0,0.0,0.0,0.0,0.0,0.0,0.0,0.0,0.0,0.0,0.0,0.0,0.0,0.0,0.0,0.0,0.0,0.0,0.0,0.0,0.0,-2.004,0.0,0.0,0.0,0.0,0.0,3405.0,-0.0,0.0,2.7184278591402704e+23,0.0,-0.0,0.0,0.0,0.0,0.0,0.0,0,4.0668755697950344e+29,0.0,0.0,0.0,0.0,0.0,0.0,0.0,0.0,0,0,0,0.0,0.0,0.0,0.0,0.0,0.0,0.0,0.0,0.0,0.0,0.0,0.0,0.0,0.0,0.0,0.0,0,-107875648.0,0,0.0,0,-107875648.0,-107877712.0,0,52429,17039,13107,17054,13107,17038,0,0,0,110,100,100,-0.0,64.0,0.0,64.5,0.0,69.0,1,49,50,180,13107,0,0,0,0.0,0.0,0.0,0.0,-0.0,65.0,0.0,-1.1949052566018458e+17,0.0,646,0,690,0,0,0,719,0,791,0,711,0,690,0,645,0,643,0,616,0.032,40632320.0,0.0,2.7302316136196234e+23,58256,16787,-0.0,-1.391937740299305e+17,-1.4476329000992336e+37,4.0870884379577863e+20,2.0238557005847615e+38,-0.0,29.0,60.0,70,0.0,0.0,0.0,0.0,0.0,0.0,0.0,0.0,0.0,0.0,0.0,0.0,0.0,0.0,0.0,0.0,59.6,69,11,65508,41,65476,0,300,0,0,8,20529,65476,0,0,61604,60.0,0.0,0.0,0.0,0.0,0.0
2026-04-04T11:10:40,ERR,ERR,ERR,ERR,ERR,ERR,ERR,ERR,ERR,ERR,ERR,ERR,ERR,ERR,ERR,ERR,ERR,ERR,ERR,ERR,ERR,ERR,ERR,ERR,ERR,ERR,ERR,ERR,ERR,ERR,ERR,ERR,ERR,ERR,ERR,ERR,ERR,ERR,ERR,ERR,ERR,ERR,ERR,ERR,ERR,ERR,ERR,ERR,ERR,ERR,ERR,ERR,ERR,ERR,ERR,ERR,ERR,ERR,ERR,ERR,ERR,ERR,ERR,ERR,ERR,ERR,ERR,ERR,ERR,ERR,ERR,ERR,ERR,ERR,ERR,ERR,ERR,ERR,ERR,ERR,ERR,ERR,ERR,ERR,ERR,ERR,ERR,ERR,ERR,ERR,ERR,ERR,ERR,ERR,ERR,ERR,ERR,ERR,ERR,ERR,ERR,ERR,ERR,ERR,ERR,ERR,ERR,ERR,ERR,ERR,ERR,ERR,ERR,ERR,ERR,ERR,ERR,ERR,ERR,ERR,ERR,ERR,ERR,ERR,ERR,2.7184278591402704e+23,0.0,-0.0,0.0,0.0,0.0,0.0,nan,0,0,0,32768,0,0.0,0,0.0,0.0,0.0,0.0,0.0,0,0,0,0,0.0,0,0,0,0,0,0,0,0,0,0,0,0,0,0,0,0,0,0,0,0,0,0,0,0,0,0,0,0,0,0,0,0,0,0,0,0,0,0,0,0,0,0,0,0,0.0,0.0,0.0,0.0,0.0,0.0,0.0,0.0,0.0,0.0,0.0,0.0,0.0,0.0,0.0,0.0,0.0,0.0,0.0,0.0,0.0,0.0,0.0,0.0,-2.004,0.0,0.0,0.0,0.0,0.0,3405.0,-0.0,0.0,2.7184278591402704e+23,0.0,-0.0,0.0,0.0,0.0,0.0,0.0,0,4.0668755697950344e+29,0.0,0.0,0.0,0.0,0.0,0.0,0.0,0.0,0,0,0,0.0,0.0,0.0,0.0,0.0,0.0,0.0,0.0,0.0,0.0,0.0,0.0,0.0,0.0,0.0,0.0,0,-107875648.0,0,0.0,0,-107875648.0,-107877712.0,0,52429,17039,13107,17054,13107,17038,0,0,0,110,100,100,-0.0,64.0,0.0,64.5,0.0,69.0,1,49,50,180,13107,0,0,0,0.0,0.0,0.0,0.0,-0.0,65.0,0.0,-1.1949052566018458e+17,0.0,646,0,690,0,0,0,719,0,791,0,711,0,690,0,645,0,643,0,616,0.032,40632320.0,0.0,2.7302316136196234e+23,58256,16787,-0.0,-1.391937740299305e+17,-1.4476329000992336e+37,4.0870884379577863e+20,2.0238557005847615e+38,-0.0,29.0,60.0,70,0.0,0.0,0.0,0.0,0.0,0.0,0.0,0.0,0.0,0.0,0.0,0.0,0.0,0.0,0.0,0.0,59.6,69,11,65508,41,65476,0,300,0,0,8,20529,65476,0,0,61604,60.0,0.0,0.0,0.0,0.0,0.0
2026-04-04T11:10:41,ERR,ERR,ERR,ERR,ERR,ERR,ERR,ERR,ERR,ERR,ERR,ERR,ERR,ERR,ERR,ERR,ERR,ERR,ERR,ERR,ERR,ERR,ERR,ERR,ERR,ERR,ERR,ERR,ERR,ERR,ERR,ERR,ERR,ERR,ERR,ERR,ERR,ERR,ERR,ERR,ERR,ERR,ERR,ERR,ERR,ERR,ERR,ERR,ERR,ERR,ERR,ERR,ERR,ERR,ERR,ERR,ERR,ERR,ERR,ERR,ERR,ERR,ERR,ERR,ERR,ERR,ERR,ERR,ERR,ERR,ERR,ERR,ERR,ERR,ERR,ERR,ERR,ERR,ERR,ERR,ERR,ERR,ERR,ERR,ERR,ERR,ERR,ERR,ERR,ERR,ERR,ERR,ERR,ERR,ERR,ERR,ERR,ERR,ERR,ERR,ERR,ERR,ERR,ERR,ERR,ERR,ERR,ERR,ERR,ERR,ERR,ERR,ERR,ERR,ERR,ERR,ERR,ERR,ERR,ERR,ERR,ERR,ERR,ERR,ERR,2.7184278591402704e+23,0.0,-0.0,0.0,0.0,0.0,0.0,nan,0,0,0,32768,0,0.0,0,0.0,0.0,0.0,0.0,0.0,0,0,0,0,0.0,0,0,0,0,0,0,0,0,0,0,0,0,0,0,0,0,0,0,0,0,0,0,0,0,0,0,0,0,0,0,0,0,0,0,0,0,0,0,0,0,0,0,0,0,0.0,0.0,0.0,0.0,0.0,0.0,0.0,0.0,0.0,0.0,0.0,0.0,0.0,0.0,0.0,0.0,0.0,0.0,0.0,0.0,0.0,0.0,0.0,0.0,-2.004,0.0,0.0,0.0,0.0,0.0,3405.0,-0.0,0.0,2.7184278591402704e+23,0.0,-0.0,0.0,0.0,0.0,0.0,0.0,0,4.0668755697950344e+29,0.0,0.0,0.0,0.0,0.0,0.0,0.0,0.0,0,0,0,0.0,0.0,0.0,0.0,0.0,0.0,0.0,0.0,0.0,0.0,0.0,0.0,0.0,0.0,0.0,0.0,0,-107875648.0,0,0.0,0,-107875648.0,-107877712.0,0,52429,17039,13107,17054,13107,17038,0,0,0,110,100,100,-0.0,64.0,0.0,64.5,0.0,69.0,1,49,50,180,13107,52429,0,0,0.0,0.0,0.0,0.0,-0.0,65.0,0.0,-1.6956129093391748e+26,0.0,646,0,690,0,0,0,719,0,791,0,711,0,690,0,645,0,643,0,616,0.032,55574528.0,0.0,2.7302316136196234e+23,48784,16787,-0.0,-3.787527286618587e+20,-0.0,0.006,220.258,1288208.875,29.0,60.0,70,0.0,0.0,0.0,0.0,0.0,0.0,0.0,0.0,0.0,0.0,0.0,0.0,0.0,0.0,0.0,0.0,59.6,69,11,65508,41,65476,0,300,0,0,8,20529,65476,0,0,61604,60.0,0.0,0.0,0.0,0.0,0.0
2026-04-04T11:10:42,ERR,ERR,ERR,ERR,ERR,ERR,ERR,ERR,ERR,ERR,ERR,ERR,ERR,ERR,ERR,ERR,ERR,ERR,ERR,ERR,ERR,ERR,ERR,ERR,ERR,ERR,ERR,ERR,ERR,ERR,ERR,ERR,ERR,ERR,ERR,ERR,ERR,ERR,ERR,ERR,ERR,ERR,ERR,ERR,ERR,ERR,ERR,ERR,ERR,ERR,ERR,ERR,ERR,ERR,ERR,ERR,ERR,ERR,ERR,ERR,ERR,ERR,ERR,ERR,ERR,ERR,ERR,ERR,ERR,ERR,ERR,ERR,ERR,ERR,ERR,ERR,ERR,ERR,ERR,ERR,ERR,ERR,ERR,ERR,ERR,ERR,ERR,ERR,ERR,ERR,ERR,ERR,ERR,ERR,ERR,ERR,ERR,ERR,ERR,ERR,ERR,ERR,ERR,ERR,ERR,ERR,ERR,ERR,ERR,ERR,ERR,ERR,ERR,ERR,ERR,ERR,ERR,ERR,ERR,ERR,ERR,ERR,ERR,ERR,ERR,2.7184278591402704e+23,0.0,-0.0,0.0,0.0,0.0,0.0,nan,0,0,0,32768,0,0.0,0,0.0,0.0,0.0,0.0,0.0,0,0,0,0,0.0,0,0,0,0,0,0,0,0,0,0,0,0,0,0,0,0,0,0,0,0,0,0,0,0,0,0,0,0,0,0,0,0,0,0,0,0,0,0,0,0,0,0,0,0,0.0,0.0,0.0,0.0,0.0,0.0,0.0,0.0,0.0,0.0,0.0,0.0,0.0,0.0,0.0,0.0,0.0,0.0,0.0,0.0,0.0,0.0,0.0,0.0,-2.004,0.0,0.0,0.0,0.0,0.0,3405.0,-0.0,0.0,2.7184278591402704e+23,0.0,-0.0,0.0,0.0,0.0,0.0,0.0,0,4.0668755697950344e+29,0.0,0.0,0.0,0.0,0.0,0.0,0.0,0.0,0,0,0,0.0,0.0,0.0,0.0,0.0,0.0,0.0,0.0,0.0,0.0,0.0,0.0,0.0,0.0,0.0,0.0,0,-107875648.0,0,0.0,0,-107875648.0,-107877712.0,0,52429,17039,13107,17054,13107,17038,0,0,0,110,100,100,-0.0,64.0,0.0,64.5,0.0,69.0,1,49,50,180,13107,52429,0,0,0.0,0.0,0.0,0.0,-0.0,65.0,0.0,-1.6956129093391748e+26,0.0,646,0,690,0,0,0,719,0,791,0,711,0,690,0,645,0,643,0,616,0.032,55574528.0,0.0,2.7302316136196234e+23,48784,16787,-0.0,-3.787527286618587e+20,-0.0,0.006,220.258,1288208.875,29.0,60.0,70,0.0,0.0,0.0,0.0,0.0,0.0,0.0,0.0,0.0,0.0,0.0,0.0,0.0,0.0,0.0,0.0,59.2,69,11,65508,41,65476,0,300,0,0,8,20529,65476,0,0,61604,60.0,0.0,0.0,0.0,0.0,0.0
2026-04-04T11:10:43,ERR,ERR,ERR,ERR,ERR,ERR,ERR,ERR,ERR,ERR,ERR,ERR,ERR,ERR,ERR,ERR,ERR,ERR,ERR,ERR,ERR,ERR,ERR,ERR,ERR,ERR,ERR,ERR,ERR,ERR,ERR,ERR,ERR,ERR,ERR,ERR,ERR,ERR,ERR,ERR,ERR,ERR,ERR,ERR,ERR,ERR,ERR,ERR,ERR,ERR,ERR,ERR,ERR,ERR,ERR,ERR,ERR,ERR,ERR,ERR,ERR,ERR,ERR,ERR,ERR,ERR,ERR,ERR,ERR,ERR,ERR,ERR,ERR,ERR,ERR,ERR,ERR,ERR,ERR,ERR,ERR,ERR,ERR,ERR,ERR,ERR,ERR,ERR,ERR,ERR,ERR,ERR,ERR,ERR,ERR,ERR,ERR,ERR,ERR,ERR,ERR,ERR,ERR,ERR,ERR,ERR,ERR,ERR,ERR,ERR,ERR,ERR,ERR,ERR,ERR,ERR,ERR,ERR,ERR,ERR,ERR,ERR,ERR,ERR,ERR,2.7184278591402704e+23,0.0,-0.0,0.0,0.0,0.0,0.0,nan,0,0,0,32768,0,0.0,0,0.0,0.0,0.0,0.0,0.0,0,0,0,0,0.0,0,0,0,0,0,0,0,0,0,0,0,0,0,0,0,0,0,0,0,0,0,0,0,0,0,0,0,0,0,0,0,0,0,0,0,0,0,0,0,0,0,0,0,0,0.0,0.0,0.0,0.0,0.0,0.0,0.0,0.0,0.0,0.0,0.0,0.0,0.0,0.0,0.0,0.0,0.0,0.0,0.0,0.0,0.0,0.0,0.0,0.0,-2.004,0.0,0.0,0.0,0.0,0.0,3405.0,-0.0,0.0,2.7184278591402704e+23,0.0,-0.0,0.0,0.0,0.0,0.0,0.0,0,4.0668755697950344e+29,0.0,0.0,0.0,0.0,0.0,0.0,0.0,0.0,0,0,0,0.0,0.0,0.0,0.0,0.0,0.0,0.0,0.0,0.0,0.0,0.0,0.0,0.0,0.0,0.0,0.0,0,-107875648.0,0,0.0,0,-107875648.0,-107877712.0,0,52429,17039,13107,17054,13107,17038,0,0,0,110,100,100,-0.0,64.0,0.0,64.5,0.0,69.0,1,49,50,180,13107,52429,0,0,0.0,0.0,0.0,0.0,-0.0,65.0,0.0,-1.6956129093391748e+26,0.0,646,0,690,0,0,0,719,0,791,0,711,0,690,0,645,0,643,0,616,0.032,55574528.0,0.0,2.7302316136196234e+23,48784,16787,-0.0,-3.787527286618587e+20,-0.0,0.006,220.258,1288208.875,29.0,60.0,70,0.0,0.0,0.0,0.0,0.0,0.0,0.0,0.0,0.0,0.0,0.0,0.0,0.0,0.0,0.0,0.0,59.2,69,11,65508,41,65476,0,300,0,0,8,20529,65476,0,0,61604,60.0,0.0,0.0,0.0,0.0,0.0
2026-04-04T11:10:44,ERR,ERR,ERR,ERR,ERR,ERR,ERR,ERR,ERR,ERR,ERR,ERR,ERR,ERR,ERR,ERR,ERR,ERR,ERR,ERR,ERR,ERR,ERR,ERR,ERR,ERR,ERR,ERR,ERR,ERR,ERR,ERR,ERR,ERR,ERR,ERR,ERR,ERR,ERR,ERR,ERR,ERR,ERR,ERR,ERR,ERR,ERR,ERR,ERR,ERR,ERR,ERR,ERR,ERR,ERR,ERR,ERR,ERR,ERR,ERR,ERR,ERR,ERR,ERR,ERR,ERR,ERR,ERR,ERR,ERR,ERR,ERR,ERR,ERR,ERR,ERR,ERR,ERR,ERR,ERR,ERR,ERR,ERR,ERR,ERR,ERR,ERR,ERR,ERR,ERR,ERR,ERR,ERR,ERR,ERR,ERR,ERR,ERR,ERR,ERR,ERR,ERR,ERR,ERR,ERR,ERR,ERR,ERR,ERR,ERR,ERR,ERR,ERR,ERR,ERR,ERR,ERR,ERR,ERR,ERR,ERR,ERR,ERR,ERR,ERR,2.7184278591402704e+23,0.0,-0.0,0.0,0.0,0.0,0.0,nan,0,0,0,32768,0,0.0,0,0.0,0.0,0.0,0.0,0.0,0,0,0,0,0.0,0,0,0,0,0,0,0,0,0,0,0,0,0,0,0,0,0,0,0,0,0,0,0,0,0,0,0,0,0,0,0,0,0,0,0,0,0,0,0,0,0,0,0,0,0.0,0.0,0.0,0.0,0.0,0.0,0.0,0.0,0.0,0.0,0.0,0.0,0.0,0.0,0.0,0.0,0.0,0.0,0.0,0.0,0.0,0.0,0.0,0.0,-2.004,0.0,0.0,0.0,0.0,0.0,3405.0,-0.0,0.0,2.7184278591402704e+23,0.0,-0.0,0.0,0.0,0.0,0.0,0.0,0,4.0668755697950344e+29,0.0,0.0,0.0,0.0,0.0,0.0,0.0,0.0,0,0,0,0.0,0.0,0.0,0.0,0.0,0.0,0.0,0.0,0.0,0.0,0.0,0.0,0.0,0.0,0.0,0.0,0,-107875648.0,0,0.0,0,-107875648.0,-107877712.0,0,52429,17039,13107,17054,13107,17038,0,0,0,110,100,100,-0.0,64.0,0.0,64.5,0.0,69.0,1,49,50,180,13107,52429,0,0,0.0,0.0,0.0,0.0,-0.0,65.0,0.0,-1.6956129093391748e+26,0.0,646,0,690,0,0,0,719,0,791,0,711,0,690,0,645,0,643,0,616,0.032,55574528.0,0.0,2.7302316136196234e+23,48784,16787,-0.0,-3.787527286618587e+20,-0.0,0.006,220.258,1288208.875,29.0,60.0,70,0.0,0.0,0.0,0.0,0.0,0.0,0.0,0.0,0.0,0.0,0.0,0.0,0.0,0.0,0.0,0.0,59.2,69,11,65508,41,65476,0,300,0,0,8,20529,65476,0,0,61604,60.0,0.0,0.0,0.0,0.0,0.0
2026-04-04T11:10:45,ERR,ERR,ERR,ERR,ERR,ERR,ERR,ERR,ERR,ERR,ERR,ERR,ERR,ERR,ERR,ERR,ERR,ERR,ERR,ERR,ERR,ERR,ERR,ERR,ERR,ERR,ERR,ERR,ERR,ERR,ERR,ERR,ERR,ERR,ERR,ERR,ERR,ERR,ERR,ERR,ERR,ERR,ERR,ERR,ERR,ERR,ERR,ERR,ERR,ERR,ERR,ERR,ERR,ERR,ERR,ERR,ERR,ERR,ERR,ERR,ERR,ERR,ERR,ERR,ERR,ERR,ERR,ERR,ERR,ERR,ERR,ERR,ERR,ERR,ERR,ERR,ERR,ERR,ERR,ERR,ERR,ERR,ERR,ERR,ERR,ERR,ERR,ERR,ERR,ERR,ERR,ERR,ERR,ERR,ERR,ERR,ERR,ERR,ERR,ERR,ERR,ERR,ERR,ERR,ERR,ERR,ERR,ERR,ERR,ERR,ERR,ERR,ERR,ERR,ERR,ERR,ERR,ERR,ERR,ERR,ERR,ERR,ERR,ERR,ERR,2.7184278591402704e+23,0.0,-0.0,0.0,0.0,0.0,0.0,nan,0,0,0,32768,0,0.0,0,0.0,0.0,0.0,0.0,0.0,0,0,0,0,0.0,0,0,0,0,0,0,0,0,0,0,0,0,0,0,0,0,0,0,0,0,0,0,0,0,0,0,0,0,0,0,0,0,0,0,0,0,0,0,0,0,0,0,0,0,0.0,0.0,0.0,0.0,0.0,0.0,0.0,0.0,0.0,0.0,0.0,0.0,0.0,0.0,0.0,0.0,0.0,0.0,0.0,0.0,0.0,0.0,0.0,0.0,-2.004,0.0,0.0,0.0,0.0,0.0,3404.0,-0.0,0.0,2.7184278591402704e+23,0.0,-0.0,0.0,0.0,0.0,0.0,0.0,0,2.7184278591402704e+23,0.0,0.0,0.0,0.0,0.0,0.0,0.0,0.0,0,0,0,0.0,0.0,0.0,0.0,0.0,0.0,0.0,0.0,0.0,0.0,0.0,0.0,0.0,0.0,0.0,0.0,0,-107875648.0,0,0.0,0,-107875648.0,-107877712.0,0,52429,17039,13107,17054,13107,17038,0,0,0,110,100,100,-0.0,64.0,0.0,64.5,0.0,69.0,1,49,50,180,13107,52429,0,0,0.0,0.0,0.0,0.0,-0.0,65.0,0.0,-1.6956129093391748e+26,0.0,646,0,690,0,0,0,719,0,791,0,711,0,690,0,645,0,643,0,616,0.032,55574528.0,0.0,2.7302316136196234e+23,48784,16787,-0.0,-3.787527286618587e+20,-0.0,0.006,220.258,1288208.875,29.0,60.0,70,0.0,0.0,0.0,0.0,0.0,0.0,0.0,0.0,0.0,0.0,0.0,0.0,0.0,0.0,0.0,0.0,59.2,69,11,65508,41,65476,0,300,0,0,8,20529,65476,0,0,61604,60.0,0.0,0.0,0.0,0.0,0.0
2026-04-04T11:10:46,ERR,ERR,ERR,ERR,ERR,ERR,ERR,ERR,ERR,ERR,ERR,ERR,ERR,ERR,ERR,ERR,ERR,ERR,ERR,ERR,ERR,ERR,ERR,ERR,ERR,ERR,ERR,ERR,ERR,ERR,ERR,ERR,ERR,ERR,ERR,ERR,ERR,ERR,ERR,ERR,ERR,ERR,ERR,ERR,ERR,ERR,ERR,ERR,ERR,ERR,ERR,ERR,ERR,ERR,ERR,ERR,ERR,ERR,ERR,ERR,ERR,ERR,ERR,ERR,ERR,ERR,ERR,ERR,ERR,ERR,ERR,ERR,ERR,ERR,ERR,ERR,ERR,ERR,ERR,ERR,ERR,ERR,ERR,ERR,ERR,ERR,ERR,ERR,ERR,ERR,ERR,ERR,ERR,ERR,ERR,ERR,ERR,ERR,ERR,ERR,ERR,ERR,ERR,ERR,ERR,ERR,ERR,ERR,ERR,ERR,ERR,ERR,ERR,ERR,ERR,ERR,ERR,ERR,ERR,ERR,ERR,ERR,ERR,ERR,ERR,2.7184278591402704e+23,0.0,-0.0,0.0,0.0,0.0,0.0,nan,0,0,0,32768,0,0.0,0,0.0,0.0,0.0,0.0,0.0,0,0,0,0,0.0,0,0,0,0,0,0,0,0,0,0,0,0,0,0,0,0,0,0,0,0,0,0,0,0,0,0,0,0,0,0,0,0,0,0,0,0,0,0,0,0,0,0,0,0,0.0,0.0,0.0,0.0,0.0,0.0,0.0,0.0,0.0,0.0,0.0,0.0,0.0,0.0,0.0,0.0,0.0,0.0,0.0,0.0,0.0,0.0,0.0,0.0,-2.004,0.0,0.0,0.0,0.0,0.0,3404.0,-0.0,0.0,2.7184278591402704e+23,0.0,-0.0,0.0,0.0,0.0,0.0,0.0,0,2.7184278591402704e+23,0.0,0.0,0.0,0.0,0.0,0.0,0.0,0.0,0,0,0,0.0,0.0,0.0,0.0,0.0,0.0,0.0,0.0,0.0,0.0,0.0,0.0,0.0,0.0,0.0,0.0,0,-107875648.0,0,0.0,0,-107875648.0,-107877712.0,0,52429,17039,13107,17054,13107,17038,0,0,0,110,100,100,-0.0,64.0,0.0,64.5,0.0,69.0,1,49,50,180,13107,52429,0,0,0.0,0.0,0.0,0.0,-0.0,65.0,0.0,-1.6956129093391748e+26,0.0,646,0,690,0,0,0,719,0,791,0,711,0,690,0,645,0,643,0,616,0.032,55574528.0,0.0,2.7302316136196234e+23,48784,16787,-0.0,-3.787527286618587e+20,-0.0,0.006,220.258,1288208.875,29.0,60.0,70,0.0,0.0,0.0,0.0,0.0,0.0,0.0,0.0,0.0,0.0,0.0,0.0,0.0,0.0,0.0,0.0,59.2,69,11,65508,41,65476,0,300,0,0,8,20529,65476,0,0,61604,60.0,0.0,0.0,0.0,0.0,0.0
2026-04-04T11:10:47,ERR,ERR,ERR,ERR,ERR,ERR,ERR,ERR,ERR,ERR,ERR,ERR,ERR,ERR,ERR,ERR,ERR,ERR,ERR,ERR,ERR,ERR,ERR,ERR,ERR,ERR,ERR,ERR,ERR,ERR,ERR,ERR,ERR,ERR,ERR,ERR,ERR,ERR,ERR,ERR,ERR,ERR,ERR,ERR,ERR,ERR,ERR,ERR,ERR,ERR,ERR,ERR,ERR,ERR,ERR,ERR,ERR,ERR,ERR,ERR,ERR,ERR,ERR,ERR,ERR,ERR,ERR,ERR,ERR,ERR,ERR,ERR,ERR,ERR,ERR,ERR,ERR,ERR,ERR,ERR,ERR,ERR,ERR,ERR,ERR,ERR,ERR,ERR,ERR,ERR,ERR,ERR,ERR,ERR,ERR,ERR,ERR,ERR,ERR,ERR,ERR,ERR,ERR,ERR,ERR,ERR,ERR,ERR,ERR,ERR,ERR,ERR,ERR,ERR,ERR,ERR,ERR,ERR,ERR,ERR,ERR,ERR,ERR,ERR,ERR,2.7184278591402704e+23,0.0,-0.0,0.0,0.0,0.0,0.0,nan,0,0,0,32768,0,0.0,0,0.0,0.0,0.0,0.0,0.0,0,0,0,0,0.0,0,0,0,0,0,0,0,0,0,0,0,0,0,0,0,0,0,0,0,0,0,0,0,0,0,0,0,0,0,0,0,0,0,0,0,0,0,0,0,0,0,0,0,0,0.0,0.0,0.0,0.0,0.0,0.0,0.0,0.0,0.0,0.0,0.0,0.0,0.0,0.0,0.0,0.0,0.0,0.0,0.0,0.0,0.0,0.0,0.0,0.0,-2.004,0.0,0.0,0.0,0.0,0.0,3404.0,-0.0,0.0,2.7184278591402704e+23,0.0,-0.0,0.0,0.0,0.0,0.0,0.0,0,2.7184278591402704e+23,0.0,0.0,0.0,0.0,0.0,0.0,0.0,0.0,0,0,0,0.0,0.0,0.0,0.0,0.0,0.0,0.0,0.0,0.0,0.0,0.0,0.0,0.0,0.0,0.0,0.0,0,-107875648.0,0,0.0,0,-107875648.0,-107877712.0,0,52429,17039,13107,17054,13107,17038,0,0,0,110,100,100,-0.0,64.0,0.0,64.5,0.0,69.0,1,49,50,180,13107,52429,0,0,0.0,0.0,0.0,0.0,-0.0,65.0,0.0,-0.0,0.0,646,0,689,0,0,0,719,0,791,0,711,0,690,0,645,0,643,0,616,0.032,46399488.0,0.0,2.7302316136196234e+23,3344,16788,-0.0,-0.0,3695223296.0,-0.0,0.0,0.0,29.0,60.0,70,0.0,0.0,0.0,0.0,0.0,0.0,0.0,0.0,0.0,0.0,0.0,0.0,0.0,0.0,0.0,0.0,59.6,69,11,65508,41,65476,0,300,0,0,8,20529,65476,0,0,61604,60.0,0.0,0.0,0.0,0.0,0.0
2026-04-04T11:10:48,ERR,ERR,ERR,ERR,ERR,ERR,ERR,ERR,ERR,ERR,ERR,ERR,ERR,ERR,ERR,ERR,ERR,ERR,ERR,ERR,ERR,ERR,ERR,ERR,ERR,ERR,ERR,ERR,ERR,ERR,ERR,ERR,ERR,ERR,ERR,ERR,ERR,ERR,ERR,ERR,ERR,ERR,ERR,ERR,ERR,ERR,ERR,ERR,ERR,ERR,ERR,ERR,ERR,ERR,ERR,ERR,ERR,ERR,ERR,ERR,ERR,ERR,ERR,ERR,ERR,ERR,ERR,ERR,ERR,ERR,ERR,ERR,ERR,ERR,ERR,ERR,ERR,ERR,ERR,ERR,ERR,ERR,ERR,ERR,ERR,ERR,ERR,ERR,ERR,ERR,ERR,ERR,ERR,ERR,ERR,ERR,ERR,ERR,ERR,ERR,ERR,ERR,ERR,ERR,ERR,ERR,ERR,ERR,ERR,ERR,ERR,ERR,ERR,ERR,ERR,ERR,ERR,ERR,ERR,ERR,ERR,ERR,ERR,ERR,ERR,2.7184278591402704e+23,0.0,-0.0,0.0,0.0,0.0,0.0,nan,0,0,0,32768,0,0.0,0,0.0,0.0,0.0,0.0,0.0,0,0,0,0,0.0,0,0,0,0,0,0,0,0,0,0,0,0,0,0,0,0,0,0,0,0,0,0,0,0,0,0,0,0,0,0,0,0,0,0,0,0,0,0,0,0,0,0,0,0,0.0,0.0,0.0,0.0,0.0,0.0,0.0,0.0,0.0,0.0,0.0,0.0,0.0,0.0,0.0,0.0,0.0,0.0,0.0,0.0,0.0,0.0,0.0,0.0,-2.004,0.0,0.0,0.0,0.0,0.0,3404.0,-0.0,0.0,2.7184278591402704e+23,0.0,-0.0,0.0,0.0,0.0,0.0,0.0,0,2.7184278591402704e+23,0.0,0.0,0.0,0.0,0.0,0.0,0.0,0.0,0,0,0,0.0,0.0,0.0,0.0,0.0,0.0,0.0,0.0,0.0,0.0,0.0,0.0,0.0,0.0,0.0,0.0,0,-107875648.0,0,0.0,0,-107875648.0,-107877712.0,0,52429,17039,13107,17054,13107,17038,0,0,0,110,100,100,-0.0,64.0,0.0,64.5,0.0,69.0,1,49,50,180,13107,52429,0,0,0.0,0.0,0.0,0.0,-0.0,65.0,0.0,-0.0,0.0,646,0,689,0,0,0,719,0,791,0,711,0,690,0,645,0,643,0,616,0.032,46399488.0,0.0,2.7302316136196234e+23,3344,16788,-0.0,-0.0,3695223296.0,-0.0,0.0,0.0,29.0,60.0,70,0.0,0.0,0.0,0.0,0.0,0.0,0.0,0.0,0.0,0.0,0.0,0.0,0.0,0.0,0.0,0.0,59.6,69,11,65508,41,65476,0,300,0,0,8,20529,65476,0,0,61604,60.0,0.0,0.0,0.0,0.0,0.0
2026-04-04T11:10:49,ERR,ERR,ERR,ERR,ERR,ERR,ERR,ERR,ERR,ERR,ERR,ERR,ERR,ERR,ERR,ERR,ERR,ERR,ERR,ERR,ERR,ERR,ERR,ERR,ERR,ERR,ERR,ERR,ERR,ERR,ERR,ERR,ERR,ERR,ERR,ERR,ERR,ERR,ERR,ERR,ERR,ERR,ERR,ERR,ERR,ERR,ERR,ERR,ERR,ERR,ERR,ERR,ERR,ERR,ERR,ERR,ERR,ERR,ERR,ERR,ERR,ERR,ERR,ERR,ERR,ERR,ERR,ERR,ERR,ERR,ERR,ERR,ERR,ERR,ERR,ERR,ERR,ERR,ERR,ERR,ERR,ERR,ERR,ERR,ERR,ERR,ERR,ERR,ERR,ERR,ERR,ERR,ERR,ERR,ERR,ERR,ERR,ERR,ERR,ERR,ERR,ERR,ERR,ERR,ERR,ERR,ERR,ERR,ERR,ERR,ERR,ERR,ERR,ERR,ERR,ERR,ERR,ERR,ERR,ERR,ERR,ERR,ERR,ERR,ERR,2.7184278591402704e+23,0.0,-0.0,0.0,0.0,0.0,0.0,nan,0,0,0,32768,0,0.0,0,0.0,0.0,0.0,0.0,0.0,0,0,0,0,0.0,0,0,0,0,0,0,0,0,0,0,0,0,0,0,0,0,0,0,0,0,0,0,0,0,0,0,0,0,0,0,0,0,0,0,0,0,0,0,0,0,0,0,0,0,0.0,0.0,0.0,0.0,0.0,0.0,0.0,0.0,0.0,0.0,0.0,0.0,0.0,0.0,0.0,0.0,0.0,0.0,0.0,0.0,0.0,0.0,0.0,0.0,-2.004,0.0,0.0,0.0,0.0,0.0,3404.0,-0.0,0.0,2.7184278591402704e+23,0.0,-0.0,0.0,0.0,0.0,0.0,0.0,0,2.7184278591402704e+23,0.0,0.0,0.0,0.0,0.0,0.0,0.0,0.0,0,0,0,0.0,0.0,0.0,0.0,0.0,0.0,0.0,0.0,0.0,0.0,0.0,0.0,0.0,0.0,0.0,0.0,0,-107875648.0,0,0.0,0,-107875648.0,-107877712.0,0,52429,17039,13107,17054,13107,17038,0,0,0,110,100,100,-0.0,64.0,0.0,64.5,0.0,69.0,1,49,50,180,13107,52429,0,0,0.0,0.0,0.0,0.0,-0.0,65.0,0.0,-0.0,0.0,646,0,689,0,0,0,719,0,791,0,711,0,690,0,645,0,643,0,616,0.032,46399488.0,0.0,2.7302316136196234e+23,3344,16788,-0.0,-0.0,3695223296.0,-0.0,0.0,0.0,29.0,60.0,70,0.0,0.0,0.0,0.0,0.0,0.0,0.0,0.0,0.0,0.0,0.0,0.0,0.0,0.0,0.0,0.0,59.6,69,11,65508,41,65476,0,300,0,0,8,20529,65476,0,0,61604,60.0,0.0,0.0,0.0,0.0,0.0
2026-04-04T11:10:50,ERR,ERR,ERR,ERR,ERR,ERR,ERR,ERR,ERR,ERR,ERR,ERR,ERR,ERR,ERR,ERR,ERR,ERR,ERR,ERR,ERR,ERR,ERR,ERR,ERR,ERR,ERR,ERR,ERR,ERR,ERR,ERR,ERR,ERR,ERR,ERR,ERR,ERR,ERR,ERR,ERR,ERR,ERR,ERR,ERR,ERR,ERR,ERR,ERR,ERR,ERR,ERR,ERR,ERR,ERR,ERR,ERR,ERR,ERR,ERR,ERR,ERR,ERR,ERR,ERR,ERR,ERR,ERR,ERR,ERR,ERR,ERR,ERR,ERR,ERR,ERR,ERR,ERR,ERR,ERR,ERR,ERR,ERR,ERR,ERR,ERR,ERR,ERR,ERR,ERR,ERR,ERR,ERR,ERR,ERR,ERR,ERR,ERR,ERR,ERR,ERR,ERR,ERR,ERR,ERR,ERR,ERR,ERR,ERR,ERR,ERR,ERR,ERR,ERR,ERR,ERR,ERR,ERR,ERR,ERR,ERR,ERR,ERR,ERR,ERR,2.7184278591402704e+23,0.0,-0.0,0.0,0.0,0.0,0.0,nan,0,0,0,32768,0,0.0,0,0.0,0.0,0.0,0.0,0.0,0,0,0,0,0.0,0,0,0,0,0,0,0,0,0,0,0,0,0,0,0,0,0,0,0,0,0,0,0,0,0,0,0,0,0,0,0,0,0,0,0,0,0,0,0,0,0,0,0,0,0.0,0.0,0.0,0.0,0.0,0.0,0.0,0.0,0.0,0.0,0.0,0.0,0.0,0.0,0.0,0.0,0.0,0.0,0.0,0.0,0.0,0.0,0.0,0.0,-2.004,0.0,0.0,0.0,0.0,0.0,3404.0,-0.0,0.0,2.7184278591402704e+23,0.0,-0.0,0.0,0.0,0.0,0.0,0.0,0,2.7184278591402704e+23,0.0,0.0,0.0,0.0,0.0,0.0,0.0,0.0,0,0,0,0.0,0.0,0.0,0.0,0.0,0.0,0.0,0.0,0.0,0.0,0.0,0.0,0.0,0.0,0.0,0.0,0,-107875648.0,0,0.0,0,-107875648.0,-107877712.0,0,52429,17039,13107,17054,13107,17038,0,0,0,110,100,100,-0.0,64.0,0.0,64.5,0.0,69.0,1,49,50,180,13107,52429,0,0,0.0,0.0,0.0,0.0,-0.0,65.0,0.0,-0.0,0.0,646,0,689,0,0,0,719,0,791,0,711,0,690,0,645,0,643,0,616,0.032,46399488.0,0.0,2.7302316136196234e+23,3344,16788,-0.0,-0.0,3695223296.0,-0.0,0.0,0.0,29.0,60.0,70,0.0,0.0,0.0,0.0,0.0,0.0,0.0,0.0,0.0,0.0,0.0,0.0,0.0,0.0,0.0,0.0,59.2,69,11,65508,41,65476,0,300,0,0,8,20529,65476,0,0,61604,60.0,0.0,0.0,0.0,0.0,0.0
2026-04-04T11:10:51,ERR,ERR,ERR,ERR,ERR,ERR,ERR,ERR,ERR,ERR,ERR,ERR,ERR,ERR,ERR,ERR,ERR,ERR,ERR,ERR,ERR,ERR,ERR,ERR,ERR,ERR,ERR,ERR,ERR,ERR,ERR,ERR,ERR,ERR,ERR,ERR,ERR,ERR,ERR,ERR,ERR,ERR,ERR,ERR,ERR,ERR,ERR,ERR,ERR,ERR,ERR,ERR,ERR,ERR,ERR,ERR,ERR,ERR,ERR,ERR,ERR,ERR,ERR,ERR,ERR,ERR,ERR,ERR,ERR,ERR,ERR,ERR,ERR,ERR,ERR,ERR,ERR,ERR,ERR,ERR,ERR,ERR,ERR,ERR,ERR,ERR,ERR,ERR,ERR,ERR,ERR,ERR,ERR,ERR,ERR,ERR,ERR,ERR,ERR,ERR,ERR,ERR,ERR,ERR,ERR,ERR,ERR,ERR,ERR,ERR,ERR,ERR,ERR,ERR,ERR,ERR,ERR,ERR,ERR,ERR,ERR,ERR,ERR,ERR,ERR,2.7184278591402704e+23,0.0,-0.0,0.0,0.0,0.0,0.0,nan,0,0,0,32768,0,0.0,0,0.0,0.0,0.0,0.0,0.0,0,0,0,0,0.0,0,0,0,0,0,0,0,0,0,0,0,0,0,0,0,0,0,0,0,0,0,0,0,0,0,0,0,0,0,0,0,0,0,0,0,0,0,0,0,0,0,0,0,0,0.0,0.0,0.0,0.0,0.0,0.0,0.0,0.0,0.0,0.0,0.0,0.0,0.0,0.0,0.0,0.0,0.0,0.0,0.0,0.0,0.0,0.0,0.0,0.0,-2.004,0.0,0.0,0.0,0.0,0.0,3404.0,-0.0,0.0,2.7184278591402704e+23,0.0,-0.0,0.0,0.0,0.0,0.0,0.0,0,2.7184278591402704e+23,0.0,0.0,0.0,0.0,0.0,0.0,0.0,0.0,0,0,0,0.0,0.0,0.0,0.0,0.0,0.0,0.0,0.0,0.0,0.0,0.0,0.0,0.0,0.0,0.0,0.0,0,-107875648.0,0,0.0,0,-107875648.0,-107877712.0,0,52429,17039,13107,17054,13107,17038,0,0,0,110,100,100,-0.0,64.0,0.0,64.5,0.0,69.0,1,49,50,180,13107,52429,0,0,0.0,0.0,0.0,0.0,-0.0,65.0,0.0,-0.0,0.0,646,0,689,0,0,0,719,0,791,0,711,0,690,0,645,0,643,0,616,0.032,46399488.0,0.0,2.7302316136196234e+23,3344,16788,-0.0,-0.0,3695223296.0,-0.0,0.0,0.0,29.0,60.0,70,0.0,0.0,0.0,0.0,0.0,0.0,0.0,0.0,0.0,0.0,0.0,0.0,0.0,0.0,0.0,0.0,59.2,69,11,65508,41,65476,0,300,0,0,8,20529,65476,0,0,61604,60.0,0.0,0.0,0.0,0.0,0.0
2026-04-04T11:10:52,ERR,ERR,ERR,ERR,ERR,ERR,ERR,ERR,ERR,ERR,ERR,ERR,ERR,ERR,ERR,ERR,ERR,ERR,ERR,ERR,ERR,ERR,ERR,ERR,ERR,ERR,ERR,ERR,ERR,ERR,ERR,ERR,ERR,ERR,ERR,ERR,ERR,ERR,ERR,ERR,ERR,ERR,ERR,ERR,ERR,ERR,ERR,ERR,ERR,ERR,ERR,ERR,ERR,ERR,ERR,ERR,ERR,ERR,ERR,ERR,ERR,ERR,ERR,ERR,ERR,ERR,ERR,ERR,ERR,ERR,ERR,ERR,ERR,ERR,ERR,ERR,ERR,ERR,ERR,ERR,ERR,ERR,ERR,ERR,ERR,ERR,ERR,ERR,ERR,ERR,ERR,ERR,ERR,ERR,ERR,ERR,ERR,ERR,ERR,ERR,ERR,ERR,ERR,ERR,ERR,ERR,ERR,ERR,ERR,ERR,ERR,ERR,ERR,ERR,ERR,ERR,ERR,ERR,ERR,ERR,ERR,ERR,ERR,ERR,ERR,2.7184278591402704e+23,0.0,-0.0,0.0,0.0,0.0,0.0,nan,0,0,0,32768,0,0.0,0,0.0,0.0,0.0,0.0,0.0,0,0,0,0,0.0,0,0,0,0,0,0,0,0,0,0,0,0,0,0,0,0,0,0,0,0,0,0,0,0,0,0,0,0,0,0,0,0,0,0,0,0,0,0,0,0,0,0,0,0,0.0,0.0,0.0,0.0,0.0,0.0,0.0,0.0,0.0,0.0,0.0,0.0,0.0,0.0,0.0,0.0,0.0,0.0,0.0,0.0,0.0,0.0,0.0,0.0,-2.004,0.0,0.0,0.0,0.0,0.0,3404.0,-0.0,0.0,2.7184278591402704e+23,0.0,-0.0,0.0,0.0,0.0,0.0,0.0,0,2.7184278591402704e+23,0.0,0.0,0.0,0.0,0.0,0.0,0.0,0.0,0,0,0,0.0,0.0,0.0,0.0,0.0,0.0,0.0,0.0,0.0,0.0,0.0,0.0,0.0,0.0,0.0,0.0,0,-107875648.0,0,0.0,0,-107875648.0,-107877712.0,0,52429,17039,13107,17054,13107,17038,0,0,0,110,100,100,-0.0,64.0,0.0,64.5,0.0,69.0,1,49,50,180,13107,52429,0,0,0.0,0.0,0.0,0.0,-0.0,65.0,0.0,-0.0,0.0,646,0,689,0,0,0,719,0,791,0,711,0,690,0,645,0,643,0,616,0.032,46399488.0,0.0,2.7302316136196234e+23,3344,16788,-0.0,-0.0,3695223296.0,-0.0,0.0,0.0,29.0,60.0,70,0.0,0.0,0.0,0.0,0.0,0.0,0.0,0.0,0.0,0.0,0.0,0.0,0.0,0.0,0.0,0.0,59.2,69,11,65508,41,65476,0,300,0,0,8,20529,65476,0,0,61604,60.0,0.0,0.0,0.0,0.0,0.0
2026-04-04T11:10:53,ERR,ERR,ERR,ERR,ERR,ERR,ERR,ERR,ERR,ERR,ERR,ERR,ERR,ERR,ERR,ERR,ERR,ERR,ERR,ERR,ERR,ERR,ERR,ERR,ERR,ERR,ERR,ERR,ERR,ERR,ERR,ERR,ERR,ERR,ERR,ERR,ERR,ERR,ERR,ERR,ERR,ERR,ERR,ERR,ERR,ERR,ERR,ERR,ERR,ERR,ERR,ERR,ERR,ERR,ERR,ERR,ERR,ERR,ERR,ERR,ERR,ERR,ERR,ERR,ERR,ERR,ERR,ERR,ERR,ERR,ERR,ERR,ERR,ERR,ERR,ERR,ERR,ERR,ERR,ERR,ERR,ERR,ERR,ERR,ERR,ERR,ERR,ERR,ERR,ERR,ERR,ERR,ERR,ERR,ERR,ERR,ERR,ERR,ERR,ERR,ERR,ERR,ERR,ERR,ERR,ERR,ERR,ERR,ERR,ERR,ERR,ERR,ERR,ERR,ERR,ERR,ERR,ERR,ERR,ERR,ERR,ERR,ERR,ERR,ERR,2.7184278591402704e+23,0.0,-0.0,0.0,0.0,0.0,0.0,nan,0,0,0,32768,0,0.0,0,0.0,0.0,0.0,0.0,0.0,0,0,0,0,0.0,0,0,0,0,0,0,0,0,0,0,0,0,0,0,0,0,0,0,0,0,0,0,0,0,0,0,0,0,0,0,0,0,0,0,0,0,0,0,0,0,0,0,0,0,0.0,0.0,0.0,0.0,0.0,0.0,0.0,0.0,0.0,0.0,0.0,0.0,0.0,0.0,0.0,0.0,0.0,0.0,0.0,0.0,0.0,0.0,0.0,0.0,-2.004,0.0,0.0,0.0,0.0,0.0,3403.5,-3.697154467689818e+19,0.0,2.7184278591402704e+23,0.0,-0.0,0.0,0.0,0.0,0.0,0.0,0,2.3088382548096162e+20,0.059,0.0,0.0,0.0,0.0,0.0,0.0,0.0,0,0,0,0.0,0.0,0.0,0.0,0.0,0.0,0.0,0.0,0.0,0.0,0.0,0.0,0.0,0.0,0.0,0.0,0,-107875648.0,0,0.0,0,-107875648.0,-107877712.0,0,52429,17039,13107,17054,13107,17038,0,0,0,110,100,100,-0.0,64.0,0.0,64.5,0.0,69.0,1,49,50,180,13107,0,0,0,0.0,0.0,0.0,0.0,-0.0,65.0,0.0,-0.0,0.0,646,0,690,0,0,0,719,0,791,0,711,0,690,0,645,0,643,0,616,0.032,56098816.0,0.0,2.7302316136196234e+23,60048,16787,-0.0,-19496173568.0,-264411578368.0,3.1056318627092043e+35,6.502771708808256e+21,2.9061151138209196e+32,29.0,60.0,70,0.0,0.0,0.0,0.0,0.0,0.0,0.0,0.0,0.0,0.0,0.0,0.0,0.0,0.0,0.0,0.0,59.2,69,11,65508,41,65476,0,300,0,0,8,20529,65476,0,0,61604,60.0,0.0,0.0,0.0,0.0,0.0
2026-04-04T11:10:54,ERR,ERR,ERR,ERR,ERR,ERR,ERR,ERR,ERR,ERR,ERR,ERR,ERR,ERR,ERR,ERR,ERR,ERR,ERR,ERR,ERR,ERR,ERR,ERR,ERR,ERR,ERR,ERR,ERR,ERR,ERR,ERR,ERR,ERR,ERR,ERR,ERR,ERR,ERR,ERR,ERR,ERR,ERR,ERR,ERR,ERR,ERR,ERR,ERR,ERR,ERR,ERR,ERR,ERR,ERR,ERR,ERR,ERR,ERR,ERR,ERR,ERR,ERR,ERR,ERR,ERR,ERR,ERR,ERR,ERR,ERR,ERR,ERR,ERR,ERR,ERR,ERR,ERR,ERR,ERR,ERR,ERR,ERR,ERR,ERR,ERR,ERR,ERR,ERR,ERR,ERR,ERR,ERR,ERR,ERR,ERR,ERR,ERR,ERR,ERR,ERR,ERR,ERR,ERR,ERR,ERR,ERR,ERR,ERR,ERR,ERR,ERR,ERR,ERR,ERR,ERR,ERR,ERR,ERR,ERR,ERR,ERR,ERR,ERR,ERR,2.7184278591402704e+23,0.0,-0.0,0.0,0.0,0.0,0.0,nan,0,0,0,32768,0,0.0,0,0.0,0.0,0.0,0.0,0.0,0,0,0,0,0.0,0,0,0,0,0,0,0,0,0,0,0,0,0,0,0,0,0,0,0,0,0,0,0,0,0,0,0,0,0,0,0,0,0,0,0,0,0,0,0,0,0,0,0,0,0.0,0.0,0.0,0.0,0.0,0.0,0.0,0.0,0.0,0.0,0.0,0.0,0.0,0.0,0.0,0.0,0.0,0.0,0.0,0.0,0.0,0.0,0.0,0.0,-2.004,0.0,0.0,0.0,0.0,0.0,3403.5,-3.697154467689818e+19,0.0,2.7184278591402704e+23,0.0,-0.0,0.0,0.0,0.0,0.0,0.0,0,2.3088382548096162e+20,0.059,0.0,0.0,0.0,0.0,0.0,0.0,0.0,0,0,0,0.0,0.0,0.0,0.0,0.0,0.0,0.0,0.0,0.0,0.0,0.0,0.0,0.0,0.0,0.0,0.0,0,-107875648.0,0,0.0,0,-107875648.0,-107877712.0,0,52429,17039,13107,17054,13107,17038,0,0,0,110,100,100,-0.0,64.0,0.0,64.5,0.0,69.0,1,49,50,180,13107,0,0,0,0.0,0.0,0.0,0.0,-0.0,65.0,0.0,-0.0,0.0,646,0,690,0,0,0,719,0,791,0,711,0,690,0,645,0,643,0,616,0.032,56098816.0,0.0,2.7302316136196234e+23,60048,16787,-0.0,-19496173568.0,-264411578368.0,3.1056318627092043e+35,6.502771708808256e+21,2.9061151138209196e+32,29.0,60.0,70,0.0,0.0,0.0,0.0,0.0,0.0,0.0,0.0,0.0,0.0,0.0,0.0,0.0,0.0,0.0,0.0,59.2,69,11,65508,41,65476,0,300,0,0,8,20529,65476,0,0,61604,60.0,0.0,0.0,0.0,0.0,0.0
2026-04-04T11:10:55,ERR,ERR,ERR,ERR,ERR,ERR,ERR,ERR,ERR,ERR,ERR,ERR,ERR,ERR,ERR,ERR,ERR,ERR,ERR,ERR,ERR,ERR,ERR,ERR,ERR,ERR,ERR,ERR,ERR,ERR,ERR,ERR,ERR,ERR,ERR,ERR,ERR,ERR,ERR,ERR,ERR,ERR,ERR,ERR,ERR,ERR,ERR,ERR,ERR,ERR,ERR,ERR,ERR,ERR,ERR,ERR,ERR,ERR,ERR,ERR,ERR,ERR,ERR,ERR,ERR,ERR,ERR,ERR,ERR,ERR,ERR,ERR,ERR,ERR,ERR,ERR,ERR,ERR,ERR,ERR,ERR,ERR,ERR,ERR,ERR,ERR,ERR,ERR,ERR,ERR,ERR,ERR,ERR,ERR,ERR,ERR,ERR,ERR,ERR,ERR,ERR,ERR,ERR,ERR,ERR,ERR,ERR,ERR,ERR,ERR,ERR,ERR,ERR,ERR,ERR,ERR,ERR,ERR,ERR,ERR,ERR,ERR,ERR,ERR,ERR,2.7184278591402704e+23,0.0,-0.0,0.0,0.0,0.0,0.0,nan,0,0,0,32768,0,0.0,0,0.0,0.0,0.0,0.0,0.0,0,0,0,0,0.0,0,0,0,0,0,0,0,0,0,0,0,0,0,0,0,0,0,0,0,0,0,0,0,0,0,0,0,0,0,0,0,0,0,0,0,0,0,0,0,0,0,0,0,0,0.0,0.0,0.0,0.0,0.0,0.0,0.0,0.0,0.0,0.0,0.0,0.0,0.0,0.0,0.0,0.0,0.0,0.0,0.0,0.0,0.0,0.0,0.0,0.0,-2.004,0.0,0.0,0.0,0.0,0.0,3403.5,-3.697154467689818e+19,0.0,2.7184278591402704e+23,0.0,-0.0,0.0,0.0,0.0,0.0,0.0,0,2.3088382548096162e+20,0.059,0.0,0.0,0.0,0.0,0.0,0.0,0.0,0,0,0,0.0,0.0,0.0,0.0,0.0,0.0,0.0,0.0,0.0,0.0,0.0,0.0,0.0,0.0,0.0,0.0,0,-107875648.0,0,0.0,0,-107875648.0,-107877712.0,0,52429,17039,13107,17054,13107,17038,0,0,0,110,100,100,-0.0,64.0,0.0,64.5,0.0,69.0,1,49,50,180,13107,0,0,0,0.0,0.0,0.0,0.0,-0.0,65.0,0.0,-0.0,0.0,646,0,690,0,0,0,719,0,791,0,711,0,690,0,645,0,643,0,616,0.032,56098816.0,0.0,2.7302316136196234e+23,60048,16787,-0.0,-19496173568.0,-264411578368.0,3.1056318627092043e+35,6.502771708808256e+21,2.9061151138209196e+32,29.0,60.0,70,0.0,0.0,0.0,0.0,0.0,0.0,0.0,0.0,0.0,0.0,0.0,0.0,0.0,0.0,0.0,0.0,59.2,69,11,65508,41,65476,0,300,0,0,8,20529,65476,0,0,61604,60.0,0.0,0.0,0.0,0.0,0.0
2026-04-04T11:10:56,ERR,ERR,ERR,ERR,ERR,ERR,ERR,ERR,ERR,ERR,ERR,ERR,ERR,ERR,ERR,ERR,ERR,ERR,ERR,ERR,ERR,ERR,ERR,ERR,ERR,ERR,ERR,ERR,ERR,ERR,ERR,ERR,ERR,ERR,ERR,ERR,ERR,ERR,ERR,ERR,ERR,ERR,ERR,ERR,ERR,ERR,ERR,ERR,ERR,ERR,ERR,ERR,ERR,ERR,ERR,ERR,ERR,ERR,ERR,ERR,ERR,ERR,ERR,ERR,ERR,ERR,ERR,ERR,ERR,ERR,ERR,ERR,ERR,ERR,ERR,ERR,ERR,ERR,ERR,ERR,ERR,ERR,ERR,ERR,ERR,ERR,ERR,ERR,ERR,ERR,ERR,ERR,ERR,ERR,ERR,ERR,ERR,ERR,ERR,ERR,ERR,ERR,ERR,ERR,ERR,ERR,ERR,ERR,ERR,ERR,ERR,ERR,ERR,ERR,ERR,ERR,ERR,ERR,ERR,ERR,ERR,ERR,ERR,ERR,ERR,2.7184278591402704e+23,0.0,-0.0,0.0,0.0,0.0,0.0,nan,0,0,0,32768,0,0.0,0,0.0,0.0,0.0,0.0,0.0,0,0,0,0,0.0,0,0,0,0,0,0,0,0,0,0,0,0,0,0,0,0,0,0,0,0,0,0,0,0,0,0,0,0,0,0,0,0,0,0,0,0,0,0,0,0,0,0,0,0,0.0,0.0,0.0,0.0,0.0,0.0,0.0,0.0,0.0,0.0,0.0,0.0,0.0,0.0,0.0,0.0,0.0,0.0,0.0,0.0,0.0,0.0,0.0,0.0,-2.004,0.0,0.0,0.0,0.0,0.0,3403.5,-3.697154467689818e+19,0.0,2.7184278591402704e+23,0.0,-0.0,0.0,0.0,0.0,0.0,0.0,0,2.3088382548096162e+20,0.059,0.0,0.0,0.0,0.0,0.0,0.0,0.0,0,0,0,0.0,0.0,0.0,0.0,0.0,0.0,0.0,0.0,0.0,0.0,0.0,0.0,0.0,0.0,0.0,0.0,0,-107875648.0,0,0.0,0,-107875648.0,-107877712.0,0,52429,17039,13107,17054,13107,17038,0,0,0,110,100,100,-0.0,64.0,0.0,64.5,0.0,69.0,1,49,50,180,13107,0,0,0,0.0,0.0,0.0,0.0,-0.0,65.0,0.0,-0.0,0.0,646,0,690,0,0,0,719,0,791,0,711,0,690,0,645,0,643,0,616,0.032,56098816.0,0.0,2.7302316136196234e+23,60048,16787,-0.0,-19496173568.0,-264411578368.0,3.1056318627092043e+35,6.502771708808256e+21,2.9061151138209196e+32,29.0,60.0,70,0.0,0.0,0.0,0.0,0.0,0.0,0.0,0.0,0.0,0.0,0.0,0.0,0.0,0.0,0.0,0.0,59.6,69,11,65508,41,65476,0,300,0,0,8,20529,65476,0,0,61604,60.0,0.0,0.0,0.0,0.0,0.0
2026-04-04T11:10:57,ERR,ERR,ERR,ERR,ERR,ERR,ERR,ERR,ERR,ERR,ERR,ERR,ERR,ERR,ERR,ERR,ERR,ERR,ERR,ERR,ERR,ERR,ERR,ERR,ERR,ERR,ERR,ERR,ERR,ERR,ERR,ERR,ERR,ERR,ERR,ERR,ERR,ERR,ERR,ERR,ERR,ERR,ERR,ERR,ERR,ERR,ERR,ERR,ERR,ERR,ERR,ERR,ERR,ERR,ERR,ERR,ERR,ERR,ERR,ERR,ERR,ERR,ERR,ERR,ERR,ERR,ERR,ERR,ERR,ERR,ERR,ERR,ERR,ERR,ERR,ERR,ERR,ERR,ERR,ERR,ERR,ERR,ERR,ERR,ERR,ERR,ERR,ERR,ERR,ERR,ERR,ERR,ERR,ERR,ERR,ERR,ERR,ERR,ERR,ERR,ERR,ERR,ERR,ERR,ERR,ERR,ERR,ERR,ERR,ERR,ERR,ERR,ERR,ERR,ERR,ERR,ERR,ERR,ERR,ERR,ERR,ERR,ERR,ERR,ERR,2.7184278591402704e+23,0.0,-0.0,0.0,0.0,0.0,0.0,nan,0,0,0,32768,0,0.0,0,0.0,0.0,0.0,0.0,0.0,0,0,0,0,0.0,0,0,0,0,0,0,0,0,0,0,0,0,0,0,0,0,0,0,0,0,0,0,0,0,0,0,0,0,0,0,0,0,0,0,0,0,0,0,0,0,0,0,0,0,0.0,0.0,0.0,0.0,0.0,0.0,0.0,0.0,0.0,0.0,0.0,0.0,0.0,0.0,0.0,0.0,0.0,0.0,0.0,0.0,0.0,0.0,0.0,0.0,-2.004,0.0,0.0,0.0,0.0,0.0,3403.5,-3.697154467689818e+19,0.0,2.7184278591402704e+23,0.0,-0.0,0.0,0.0,0.0,0.0,0.0,0,2.3088382548096162e+20,0.059,0.0,0.0,0.0,0.0,0.0,0.0,0.0,0,0,0,0.0,0.0,0.0,0.0,0.0,0.0,0.0,0.0,0.0,0.0,0.0,0.0,0.0,0.0,0.0,0.0,0,-107875648.0,0,0.0,0,-107875648.0,-107877712.0,0,52429,17039,13107,17054,13107,17038,0,0,0,110,100,100,-0.0,64.0,0.0,64.5,0.0,69.0,1,49,50,180,13107,0,0,0,0.0,0.0,0.0,0.0,-0.0,65.0,0.0,-0.0,0.0,646,0,690,0,0,0,719,0,791,0,711,0,690,0,645,0,643,0,616,0.032,56098816.0,0.0,2.7302316136196234e+23,60048,16787,-0.0,-19496173568.0,-264411578368.0,3.1056318627092043e+35,6.502771708808256e+21,2.9061151138209196e+32,29.0,60.0,70,0.0,0.0,0.0,0.0,0.0,0.0,0.0,0.0,0.0,0.0,0.0,0.0,0.0,0.0,0.0,0.0,59.6,69,11,65508,41,65476,0,300,0,0,8,20529,65476,0,0,61604,60.0,0.0,0.0,0.0,0.0,0.0
2026-04-04T11:10:58,ERR,ERR,ERR,ERR,ERR,ERR,ERR,ERR,ERR,ERR,ERR,ERR,ERR,ERR,ERR,ERR,ERR,ERR,ERR,ERR,ERR,ERR,ERR,ERR,ERR,ERR,ERR,ERR,ERR,ERR,ERR,ERR,ERR,ERR,ERR,ERR,ERR,ERR,ERR,ERR,ERR,ERR,ERR,ERR,ERR,ERR,ERR,ERR,ERR,ERR,ERR,ERR,ERR,ERR,ERR,ERR,ERR,ERR,ERR,ERR,ERR,ERR,ERR,ERR,ERR,ERR,ERR,ERR,ERR,ERR,ERR,ERR,ERR,ERR,ERR,ERR,ERR,ERR,ERR,ERR,ERR,ERR,ERR,ERR,ERR,ERR,ERR,ERR,ERR,ERR,ERR,ERR,ERR,ERR,ERR,ERR,ERR,ERR,ERR,ERR,ERR,ERR,ERR,ERR,ERR,ERR,ERR,ERR,ERR,ERR,ERR,ERR,ERR,ERR,ERR,ERR,ERR,ERR,ERR,ERR,ERR,ERR,ERR,ERR,ERR,2.7184278591402704e+23,0.0,-0.0,0.0,0.0,0.0,0.0,nan,0,0,0,32768,0,0.0,0,0.0,0.0,0.0,0.0,0.0,0,0,0,0,0.0,0,0,0,0,0,0,0,0,0,0,0,0,0,0,0,0,0,0,0,0,0,0,0,0,0,0,0,0,0,0,0,0,0,0,0,0,0,0,0,0,0,0,0,0,0.0,0.0,0.0,0.0,0.0,0.0,0.0,0.0,0.0,0.0,0.0,0.0,0.0,0.0,0.0,0.0,0.0,0.0,0.0,0.0,0.0,0.0,0.0,0.0,-2.004,0.0,0.0,0.0,0.0,0.0,3403.5,-3.697154467689818e+19,0.0,2.7184278591402704e+23,0.0,-0.0,0.0,0.0,0.0,0.0,0.0,0,2.3088382548096162e+20,0.059,0.0,0.0,0.0,0.0,0.0,0.0,0.0,0,0,0,0.0,0.0,0.0,0.0,0.0,0.0,0.0,0.0,0.0,0.0,0.0,0.0,0.0,0.0,0.0,0.0,0,-107875648.0,0,0.0,0,-107875648.0,-107877712.0,0,52429,17039,13107,17054,13107,17038,0,0,0,110,100,100,-0.0,64.0,0.0,64.5,0.0,69.0,1,49,50,180,13107,0,0,0,0.0,0.0,0.0,0.0,-0.0,65.0,0.0,-0.0,0.0,646,0,690,0,0,0,719,0,791,0,711,0,690,0,645,0,643,0,616,0.032,56098816.0,0.0,2.7302316136196234e+23,60048,16787,-0.0,-19496173568.0,-264411578368.0,3.1056318627092043e+35,6.502771708808256e+21,2.9061151138209196e+32,29.0,60.0,70,0.0,0.0,0.0,0.0,0.0,0.0,0.0,0.0,0.0,0.0,0.0,0.0,0.0,0.0,0.0,0.0,59.2,69,11,65508,41,65476,0,300,0,0,8,20529,65476,0,0,61604,60.0,0.0,0.0,0.0,0.0,0.0
2026-04-04T11:10:59,ERR,ERR,ERR,ERR,ERR,ERR,ERR,ERR,ERR,ERR,ERR,ERR,ERR,ERR,ERR,ERR,ERR,ERR,ERR,ERR,ERR,ERR,ERR,ERR,ERR,ERR,ERR,ERR,ERR,ERR,ERR,ERR,ERR,ERR,ERR,ERR,ERR,ERR,ERR,ERR,ERR,ERR,ERR,ERR,ERR,ERR,ERR,ERR,ERR,ERR,ERR,ERR,ERR,ERR,ERR,ERR,ERR,ERR,ERR,ERR,ERR,ERR,ERR,ERR,ERR,ERR,ERR,ERR,ERR,ERR,ERR,ERR,ERR,ERR,ERR,ERR,ERR,ERR,ERR,ERR,ERR,ERR,ERR,ERR,ERR,ERR,ERR,ERR,ERR,ERR,ERR,ERR,ERR,ERR,ERR,ERR,ERR,ERR,ERR,ERR,ERR,ERR,ERR,ERR,ERR,ERR,ERR,ERR,ERR,ERR,ERR,ERR,ERR,ERR,ERR,ERR,ERR,ERR,ERR,ERR,ERR,ERR,ERR,ERR,ERR,2.7184278591402704e+23,0.0,-0.0,0.0,0.0,0.0,0.0,nan,0,0,0,32768,0,0.0,0,0.0,0.0,0.0,0.0,0.0,0,0,0,0,0.0,0,0,0,0,0,0,0,0,0,0,0,0,0,0,0,0,0,0,0,0,0,0,0,0,0,0,0,0,0,0,0,0,0,0,0,0,0,0,0,0,0,0,0,0,0.0,0.0,0.0,0.0,0.0,0.0,0.0,0.0,0.0,0.0,0.0,0.0,0.0,0.0,0.0,0.0,0.0,0.0,0.0,0.0,0.0,0.0,0.0,0.0,-2.004,0.0,0.0,0.0,0.0,0.0,3403.5,-3.697154467689818e+19,0.0,2.7184278591402704e+23,0.0,-0.0,0.0,0.0,0.0,0.0,0.0,0,2.3088382548096162e+20,0.059,0.0,0.0,0.0,0.0,0.0,0.0,0.0,0,0,0,0.0,0.0,0.0,0.0,0.0,0.0,0.0,0.0,0.0,0.0,0.0,0.0,0.0,0.0,0.0,0.0,0,-107875648.0,0,0.0,0,-107875648.0,-107877712.0,0,52429,17039,13107,17054,13107,17038,0,0,0,110,100,100,-0.0,64.0,0.0,64.5,0.0,69.0,1,49,50,180,13107,52429,0,0,0.0,0.0,0.0,0.0,-0.0,65.0,0.0,-4.215379261897858e+29,0.0,646,0,689,0,0,0,719,0,791,0,711,0,690,0,645,0,643,0,616,0.032,55574528.0,0.0,2.7302316136196234e+23,7312,16788,-0.0,-1.3388203335614464e+16,-0.0,0.0,16.782,41024.527,29.0,60.0,70,0.0,0.0,0.0,0.0,0.0,0.0,0.0,0.0,0.0,0.0,0.0,0.0,0.0,0.0,0.0,0.0,59.2,69,11,65508,41,65476,0,300,0,0,8,20529,65476,0,0,61604,60.0,0.0,0.0,0.0,0.0,0.0
2026-04-04T11:11:00,ERR,ERR,ERR,ERR,ERR,ERR,ERR,ERR,ERR,ERR,ERR,ERR,ERR,ERR,ERR,ERR,ERR,ERR,ERR,ERR,ERR,ERR,ERR,ERR,ERR,ERR,ERR,ERR,ERR,ERR,ERR,ERR,ERR,ERR,ERR,ERR,ERR,ERR,ERR,ERR,ERR,ERR,ERR,ERR,ERR,ERR,ERR,ERR,ERR,ERR,ERR,ERR,ERR,ERR,ERR,ERR,ERR,ERR,ERR,ERR,ERR,ERR,ERR,ERR,ERR,ERR,ERR,ERR,ERR,ERR,ERR,ERR,ERR,ERR,ERR,ERR,ERR,ERR,ERR,ERR,ERR,ERR,ERR,ERR,ERR,ERR,ERR,ERR,ERR,ERR,ERR,ERR,ERR,ERR,ERR,ERR,ERR,ERR,ERR,ERR,ERR,ERR,ERR,ERR,ERR,ERR,ERR,ERR,ERR,ERR,ERR,ERR,ERR,ERR,ERR,ERR,ERR,ERR,ERR,ERR,ERR,ERR,ERR,ERR,ERR,2.7184278591402704e+23,0.0,-0.0,0.0,0.0,0.0,0.0,nan,0,0,0,32768,0,0.0,0,0.0,0.0,0.0,0.0,0.0,0,0,0,0,0.0,0,0,0,0,0,0,0,0,0,0,0,0,0,0,0,0,0,0,0,0,0,0,0,0,0,0,0,0,0,0,0,0,0,0,0,0,0,0,0,0,0,0,0,0,0.0,0.0,0.0,0.0,0.0,0.0,0.0,0.0,0.0,0.0,0.0,0.0,0.0,0.0,0.0,0.0,0.0,0.0,0.0,0.0,0.0,0.0,0.0,0.0,-2.004,0.0,0.0,0.0,0.0,0.0,3403.5,-3.697154467689818e+19,0.0,2.7184278591402704e+23,0.0,-0.0,0.0,0.0,0.0,0.0,0.0,0,2.3088382548096162e+20,0.059,0.0,0.0,0.0,0.0,0.0,0.0,0.0,0,0,0,0.0,0.0,0.0,0.0,0.0,0.0,0.0,0.0,0.0,0.0,0.0,0.0,0.0,0.0,0.0,0.0,0,-107875648.0,0,0.0,0,-107875648.0,-107877712.0,0,52429,17039,13107,17054,13107,17038,0,0,0,110,100,100,-0.0,64.0,0.0,64.5,0.0,69.0,1,49,50,180,13107,52429,0,0,0.0,0.0,0.0,0.0,-0.0,65.0,0.0,-4.215379261897858e+29,0.0,646,0,689,0,0,0,719,0,791,0,711,0,690,0,645,0,643,0,616,0.032,55574528.0,0.0,2.7302316136196234e+23,7312,16788,-0.0,-1.3388203335614464e+16,-0.0,0.0,16.782,41024.527,29.0,60.0,70,0.0,0.0,0.0,0.0,0.0,0.0,0.0,0.0,0.0,0.0,0.0,0.0,0.0,0.0,0.0,0.0,59.2,69,11,65508,41,65476,0,300,0,0,8,20529,65476,0,0,61604,60.0,0.0,0.0,0.0,0.0,0.0
2026-04-04T11:11:01,ERR,ERR,ERR,ERR,ERR,ERR,ERR,ERR,ERR,ERR,ERR,ERR,ERR,ERR,ERR,ERR,ERR,ERR,ERR,ERR,ERR,ERR,ERR,ERR,ERR,ERR,ERR,ERR,ERR,ERR,ERR,ERR,ERR,ERR,ERR,ERR,ERR,ERR,ERR,ERR,ERR,ERR,ERR,ERR,ERR,ERR,ERR,ERR,ERR,ERR,ERR,ERR,ERR,ERR,ERR,ERR,ERR,ERR,ERR,ERR,ERR,ERR,ERR,ERR,ERR,ERR,ERR,ERR,ERR,ERR,ERR,ERR,ERR,ERR,ERR,ERR,ERR,ERR,ERR,ERR,ERR,ERR,ERR,ERR,ERR,ERR,ERR,ERR,ERR,ERR,ERR,ERR,ERR,ERR,ERR,ERR,ERR,ERR,ERR,ERR,ERR,ERR,ERR,ERR,ERR,ERR,ERR,ERR,ERR,ERR,ERR,ERR,ERR,ERR,ERR,ERR,ERR,ERR,ERR,ERR,ERR,ERR,ERR,ERR,ERR,2.7184278591402704e+23,0.0,-0.0,0.0,0.0,0.0,0.0,nan,0,0,0,32768,0,0.0,0,0.0,0.0,0.0,0.0,0.0,0,0,0,0,0.0,0,0,0,0,0,0,0,0,0,0,0,0,0,0,0,0,0,0,0,0,0,0,0,0,0,0,0,0,0,0,0,0,0,0,0,0,0,0,0,0,0,0,0,0,0.0,0.0,0.0,0.0,0.0,0.0,0.0,0.0,0.0,0.0,0.0,0.0,0.0,0.0,0.0,0.0,0.0,0.0,0.0,0.0,0.0,0.0,0.0,0.0,-2.004,0.0,0.0,0.0,0.0,0.0,3403.0,-2.004,0.0,2.7184278591402704e+23,0.0,2.7184274988523002e+23,0.0,0.0,0.0,0.0,0.0,0,152018253512704.0,0.0,0.0,0.0,0.0,0.0,0.0,0.0,0.0,0,0,0,0.0,0.0,0.0,0.0,0.0,0.0,0.0,0.0,0.0,0.0,0.0,0.0,0.0,0.0,0.0,0.0,0,-107875648.0,0,0.0,0,-107875648.0,-107877712.0,0,52429,17039,13107,17054,13107,17038,0,0,0,110,100,100,-0.0,64.0,0.0,64.5,0.0,69.0,1,49,50,180,13107,52429,0,0,0.0,0.0,0.0,0.0,-0.0,65.0,0.0,-4.215379261897858e+29,0.0,646,0,689,0,0,0,719,0,791,0,711,0,690,0,645,0,643,0,616,0.032,55574528.0,0.0,2.7302316136196234e+23,7312,16788,-0.0,-1.3388203335614464e+16,-0.0,0.0,16.782,41024.527,29.0,60.0,70,0.0,0.0,0.0,0.0,0.0,0.0,0.0,0.0,0.0,0.0,0.0,0.0,0.0,0.0,0.0,0.0,59.2,69,11,65508,41,65476,0,300,0,0,8,20529,65476,0,0,61604,60.0,0.0,0.0,0.0,0.0,0.0
2026-04-04T11:11:02,ERR,ERR,ERR,ERR,ERR,ERR,ERR,ERR,ERR,ERR,ERR,ERR,ERR,ERR,ERR,ERR,ERR,ERR,ERR,ERR,ERR,ERR,ERR,ERR,ERR,ERR,ERR,ERR,ERR,ERR,ERR,ERR,ERR,ERR,ERR,ERR,ERR,ERR,ERR,ERR,ERR,ERR,ERR,ERR,ERR,ERR,ERR,ERR,ERR,ERR,ERR,ERR,ERR,ERR,ERR,ERR,ERR,ERR,ERR,ERR,ERR,ERR,ERR,ERR,ERR,ERR,ERR,ERR,ERR,ERR,ERR,ERR,ERR,ERR,ERR,ERR,ERR,ERR,ERR,ERR,ERR,ERR,ERR,ERR,ERR,ERR,ERR,ERR,ERR,ERR,ERR,ERR,ERR,ERR,ERR,ERR,ERR,ERR,ERR,ERR,ERR,ERR,ERR,ERR,ERR,ERR,ERR,ERR,ERR,ERR,ERR,ERR,ERR,ERR,ERR,ERR,ERR,ERR,ERR,ERR,ERR,ERR,ERR,ERR,ERR,2.7184278591402704e+23,0.0,-0.0,0.0,0.0,0.0,0.0,nan,0,0,0,32768,0,0.0,0,0.0,0.0,0.0,0.0,0.0,0,0,0,0,0.0,0,0,0,0,0,0,0,0,0,0,0,0,0,0,0,0,0,0,0,0,0,0,0,0,0,0,0,0,0,0,0,0,0,0,0,0,0,0,0,0,0,0,0,0,0.0,0.0,0.0,0.0,0.0,0.0,0.0,0.0,0.0,0.0,0.0,0.0,0.0,0.0,0.0,0.0,0.0,0.0,0.0,0.0,0.0,0.0,0.0,0.0,-2.004,0.0,0.0,0.0,0.0,0.0,3403.0,-2.004,0.0,2.7184278591402704e+23,0.0,2.7184274988523002e+23,0.0,0.0,0.0,0.0,0.0,0,152018253512704.0,0.0,0.0,0.0,0.0,0.0,0.0,0.0,0.0,0,0,0,0.0,0.0,0.0,0.0,0.0,0.0,0.0,0.0,0.0,0.0,0.0,0.0,0.0,0.0,0.0,0.0,0,-107875648.0,0,0.0,0,-107875648.0,-107877712.0,0,52429,17039,13107,17054,13107,17038,0,0,0,110,100,100,-0.0,64.0,0.0,64.5,0.0,69.0,1,49,50,180,13107,52429,0,0,0.0,0.0,0.0,0.0,-0.0,65.0,0.0,-4.215379261897858e+29,0.0,646,0,689,0,0,0,719,0,791,0,711,0,690,0,645,0,643,0,616,0.032,55574528.0,0.0,2.7302316136196234e+23,7312,16788,-0.0,-1.3388203335614464e+16,-0.0,0.0,16.782,41024.527,29.0,60.0,70,0.0,0.0,0.0,0.0,0.0,0.0,0.0,0.0,0.0,0.0,0.0,0.0,0.0,0.0,0.0,0.0,59.2,69,11,65508,41,65476,0,300,0,0,8,20529,65476,0,0,61604,60.0,0.0,0.0,0.0,0.0,0.0
2026-04-04T11:11:03,ERR,ERR,ERR,ERR,ERR,ERR,ERR,ERR,ERR,ERR,ERR,ERR,ERR,ERR,ERR,ERR,ERR,ERR,ERR,ERR,ERR,ERR,ERR,ERR,ERR,ERR,ERR,ERR,ERR,ERR,ERR,ERR,ERR,ERR,ERR,ERR,ERR,ERR,ERR,ERR,ERR,ERR,ERR,ERR,ERR,ERR,ERR,ERR,ERR,ERR,ERR,ERR,ERR,ERR,ERR,ERR,ERR,ERR,ERR,ERR,ERR,ERR,ERR,ERR,ERR,ERR,ERR,ERR,ERR,ERR,ERR,ERR,ERR,ERR,ERR,ERR,ERR,ERR,ERR,ERR,ERR,ERR,ERR,ERR,ERR,ERR,ERR,ERR,ERR,ERR,ERR,ERR,ERR,ERR,ERR,ERR,ERR,ERR,ERR,ERR,ERR,ERR,ERR,ERR,ERR,ERR,ERR,ERR,ERR,ERR,ERR,ERR,ERR,ERR,ERR,ERR,ERR,ERR,ERR,ERR,ERR,ERR,ERR,ERR,ERR,2.7184278591402704e+23,0.0,-0.0,0.0,0.0,0.0,0.0,nan,0,0,0,32768,0,0.0,0,0.0,0.0,0.0,0.0,0.0,0,0,0,0,0.0,0,0,0,0,0,0,0,0,0,0,0,0,0,0,0,0,0,0,0,0,0,0,0,0,0,0,0,0,0,0,0,0,0,0,0,0,0,0,0,0,0,0,0,0,0.0,0.0,0.0,0.0,0.0,0.0,0.0,0.0,0.0,0.0,0.0,0.0,0.0,0.0,0.0,0.0,0.0,0.0,0.0,0.0,0.0,0.0,0.0,0.0,-2.004,0.0,0.0,0.0,0.0,0.0,3403.0,-2.004,0.0,2.7184278591402704e+23,0.0,2.7184274988523002e+23,0.0,0.0,0.0,0.0,0.0,0,152018253512704.0,0.0,0.0,0.0,0.0,0.0,0.0,0.0,0.0,0,0,0,0.0,0.0,0.0,0.0,0.0,0.0,0.0,0.0,0.0,0.0,0.0,0.0,0.0,0.0,0.0,0.0,0,-107875648.0,0,0.0,0,-107875648.0,-107877712.0,0,52429,17039,13107,17054,13107,17038,0,0,0,110,100,100,-0.0,64.0,0.0,64.5,0.0,69.0,1,49,50,180,13107,52429,0,0,0.0,0.0,0.0,0.0,-0.0,65.0,0.0,-4.215379261897858e+29,0.0,646,0,689,0,0,0,719,0,791,0,711,0,690,0,645,0,643,0,616,0.032,55574528.0,0.0,2.7302316136196234e+23,7312,16788,-0.0,-1.3388203335614464e+16,-0.0,0.0,16.782,41024.527,29.0,60.0,70,0.0,0.0,0.0,0.0,0.0,0.0,0.0,0.0,0.0,0.0,0.0,0.0,0.0,0.0,0.0,0.0,59.2,69,11,65508,41,65476,0,300,0,0,8,20529,65476,0,0,61604,60.0,0.0,0.0,0.0,0.0,0.0
2026-04-04T11:11:04,ERR,ERR,ERR,ERR,ERR,ERR,ERR,ERR,ERR,ERR,ERR,ERR,ERR,ERR,ERR,ERR,ERR,ERR,ERR,ERR,ERR,ERR,ERR,ERR,ERR,ERR,ERR,ERR,ERR,ERR,ERR,ERR,ERR,ERR,ERR,ERR,ERR,ERR,ERR,ERR,ERR,ERR,ERR,ERR,ERR,ERR,ERR,ERR,ERR,ERR,ERR,ERR,ERR,ERR,ERR,ERR,ERR,ERR,ERR,ERR,ERR,ERR,ERR,ERR,ERR,ERR,ERR,ERR,ERR,ERR,ERR,ERR,ERR,ERR,ERR,ERR,ERR,ERR,ERR,ERR,ERR,ERR,ERR,ERR,ERR,ERR,ERR,ERR,ERR,ERR,ERR,ERR,ERR,ERR,ERR,ERR,ERR,ERR,ERR,ERR,ERR,ERR,ERR,ERR,ERR,ERR,ERR,ERR,ERR,ERR,ERR,ERR,ERR,ERR,ERR,ERR,ERR,ERR,ERR,ERR,ERR,ERR,ERR,ERR,ERR,2.7184278591402704e+23,0.0,-0.0,0.0,0.0,0.0,0.0,nan,0,0,0,32768,0,0.0,0,0.0,0.0,0.0,0.0,0.0,0,0,0,0,0.0,0,0,0,0,0,0,0,0,0,0,0,0,0,0,0,0,0,0,0,0,0,0,0,0,0,0,0,0,0,0,0,0,0,0,0,0,0,0,0,0,0,0,0,0,0.0,0.0,0.0,0.0,0.0,0.0,0.0,0.0,0.0,0.0,0.0,0.0,0.0,0.0,0.0,0.0,0.0,0.0,0.0,0.0,0.0,0.0,0.0,0.0,-2.004,0.0,0.0,0.0,0.0,0.0,3403.0,-2.004,0.0,2.7184278591402704e+23,0.0,2.7184274988523002e+23,0.0,0.0,0.0,0.0,0.0,0,152018253512704.0,0.0,0.0,0.0,0.0,0.0,0.0,0.0,0.0,0,0,0,0.0,0.0,0.0,0.0,0.0,0.0,0.0,0.0,0.0,0.0,0.0,0.0,0.0,0.0,0.0,0.0,0,-107875648.0,0,0.0,0,-107875648.0,-107877712.0,0,52429,17039,13107,17054,13107,17038,0,0,0,110,100,100,-0.0,64.0,0.0,64.5,0.0,69.0,1,49,50,180,13107,52429,0,0,0.0,0.0,0.0,0.0,-0.0,65.0,0.0,-4.215379261897858e+29,0.0,646,0,689,0,0,0,719,0,791,0,711,0,690,0,645,0,643,0,616,0.032,55574528.0,0.0,2.7302316136196234e+23,7312,16788,-0.0,-1.3388203335614464e+16,-0.0,0.0,16.782,41024.527,29.0,60.0,70,0.0,0.0,0.0,0.0,0.0,0.0,0.0,0.0,0.0,0.0,0.0,0.0,0.0,0.0,0.0,0.0,59.2,69,11,65508,41,65476,0,300,0,0,8,20529,65476,0,0,61604,60.0,0.0,0.0,0.0,0.0,0.0
2026-04-04T11:11:05,ERR,ERR,ERR,ERR,ERR,ERR,ERR,ERR,ERR,ERR,ERR,ERR,ERR,ERR,ERR,ERR,ERR,ERR,ERR,ERR,ERR,ERR,ERR,ERR,ERR,ERR,ERR,ERR,ERR,ERR,ERR,ERR,ERR,ERR,ERR,ERR,ERR,ERR,ERR,ERR,ERR,ERR,ERR,ERR,ERR,ERR,ERR,ERR,ERR,ERR,ERR,ERR,ERR,ERR,ERR,ERR,ERR,ERR,ERR,ERR,ERR,ERR,ERR,ERR,ERR,ERR,ERR,ERR,ERR,ERR,ERR,ERR,ERR,ERR,ERR,ERR,ERR,ERR,ERR,ERR,ERR,ERR,ERR,ERR,ERR,ERR,ERR,ERR,ERR,ERR,ERR,ERR,ERR,ERR,ERR,ERR,ERR,ERR,ERR,ERR,ERR,ERR,ERR,ERR,ERR,ERR,ERR,ERR,ERR,ERR,ERR,ERR,ERR,ERR,ERR,ERR,ERR,ERR,ERR,ERR,ERR,ERR,ERR,ERR,ERR,2.7184278591402704e+23,0.0,-0.0,0.0,0.0,0.0,0.0,nan,0,0,0,32768,0,0.0,0,0.0,0.0,0.0,0.0,0.0,0,0,0,0,0.0,0,0,0,0,0,0,0,0,0,0,0,0,0,0,0,0,0,0,0,0,0,0,0,0,0,0,0,0,0,0,0,0,0,0,0,0,0,0,0,0,0,0,0,0,0.0,0.0,0.0,0.0,0.0,0.0,0.0,0.0,0.0,0.0,0.0,0.0,0.0,0.0,0.0,0.0,0.0,0.0,0.0,0.0,0.0,0.0,0.0,0.0,-2.004,0.0,0.0,0.0,0.0,0.0,3403.0,-2.004,0.0,2.7184278591402704e+23,0.0,2.7184274988523002e+23,0.0,0.0,0.0,0.0,0.0,0,152018253512704.0,0.0,0.0,0.0,0.0,0.0,0.0,0.0,0.0,0,0,0,0.0,0.0,0.0,0.0,0.0,0.0,0.0,0.0,0.0,0.0,0.0,0.0,0.0,0.0,0.0,0.0,0,-107875648.0,0,0.0,0,-107875648.0,-107877712.0,0,52429,17039,13107,17054,13107,17038,0,0,0,110,100,100,-0.0,64.0,0.0,64.5,0.0,69.0,1,49,50,180,13107,52429,0,0,0.0,0.0,0.0,0.0,-0.0,65.0,0.0,-0.0,0.0,646,0,689,0,0,0,719,0,791,0,711,0,690,0,645,0,643,0,616,0.032,46137344.0,0.0,2.7302316136196234e+23,62096,16787,-0.0,-0.0,2.0790161980970687e+37,-2515.986,0.0,0.0,29.0,60.0,70,0.0,0.0,0.0,0.0,0.0,0.0,0.0,0.0,0.0,0.0,0.0,0.0,0.0,0.0,0.0,0.0,59.2,69,11,65508,41,65476,0,300,0,0,8,20529,65476,0,0,61604,60.0,0.0,0.0,0.0,0.0,0.0
2026-04-04T11:11:06,ERR,ERR,ERR,ERR,ERR,ERR,ERR,ERR,ERR,ERR,ERR,ERR,ERR,ERR,ERR,ERR,ERR,ERR,ERR,ERR,ERR,ERR,ERR,ERR,ERR,ERR,ERR,ERR,ERR,ERR,ERR,ERR,ERR,ERR,ERR,ERR,ERR,ERR,ERR,ERR,ERR,ERR,ERR,ERR,ERR,ERR,ERR,ERR,ERR,ERR,ERR,ERR,ERR,ERR,ERR,ERR,ERR,ERR,ERR,ERR,ERR,ERR,ERR,ERR,ERR,ERR,ERR,ERR,ERR,ERR,ERR,ERR,ERR,ERR,ERR,ERR,ERR,ERR,ERR,ERR,ERR,ERR,ERR,ERR,ERR,ERR,ERR,ERR,ERR,ERR,ERR,ERR,ERR,ERR,ERR,ERR,ERR,ERR,ERR,ERR,ERR,ERR,ERR,ERR,ERR,ERR,ERR,ERR,ERR,ERR,ERR,ERR,ERR,ERR,ERR,ERR,ERR,ERR,ERR,ERR,ERR,ERR,ERR,ERR,ERR,2.7184278591402704e+23,0.0,-0.0,0.0,0.0,0.0,0.0,nan,0,0,0,32768,0,0.0,0,0.0,0.0,0.0,0.0,0.0,0,0,0,0,0.0,0,0,0,0,0,0,0,0,0,0,0,0,0,0,0,0,0,0,0,0,0,0,0,0,0,0,0,0,0,0,0,0,0,0,0,0,0,0,0,0,0,0,0,0,0.0,0.0,0.0,0.0,0.0,0.0,0.0,0.0,0.0,0.0,0.0,0.0,0.0,0.0,0.0,0.0,0.0,0.0,0.0,0.0,0.0,0.0,0.0,0.0,-2.004,0.0,0.0,0.0,0.0,0.0,3403.0,-2.004,0.0,2.7184278591402704e+23,0.0,2.7184274988523002e+23,0.0,0.0,0.0,0.0,0.0,0,152018253512704.0,0.0,0.0,0.0,0.0,0.0,0.0,0.0,0.0,0,0,0,0.0,0.0,0.0,0.0,0.0,0.0,0.0,0.0,0.0,0.0,0.0,0.0,0.0,0.0,0.0,0.0,0,-107875648.0,0,0.0,0,-107875648.0,-107877712.0,0,52429,17039,13107,17054,13107,17038,0,0,0,110,100,100,-0.0,64.0,0.0,64.5,0.0,69.0,1,49,50,180,13107,52429,0,0,0.0,0.0,0.0,0.0,-0.0,65.0,0.0,-0.0,0.0,646,0,689,0,0,0,719,0,791,0,711,0,690,0,645,0,643,0,616,0.032,46137344.0,0.0,2.7302316136196234e+23,62096,16787,-0.0,-0.0,2.0790161980970687e+37,-2515.986,0.0,0.0,29.0,60.0,70,0.0,0.0,0.0,0.0,0.0,0.0,0.0,0.0,0.0,0.0,0.0,0.0,0.0,0.0,0.0,0.0,59.2,69,11,65508,41,65476,0,300,0,0,8,20529,65476,0,0,61604,60.0,0.0,0.0,0.0,0.0,0.0
2026-04-04T11:11:07,ERR,ERR,ERR,ERR,ERR,ERR,ERR,ERR,ERR,ERR,ERR,ERR,ERR,ERR,ERR,ERR,ERR,ERR,ERR,ERR,ERR,ERR,ERR,ERR,ERR,ERR,ERR,ERR,ERR,ERR,ERR,ERR,ERR,ERR,ERR,ERR,ERR,ERR,ERR,ERR,ERR,ERR,ERR,ERR,ERR,ERR,ERR,ERR,ERR,ERR,ERR,ERR,ERR,ERR,ERR,ERR,ERR,ERR,ERR,ERR,ERR,ERR,ERR,ERR,ERR,ERR,ERR,ERR,ERR,ERR,ERR,ERR,ERR,ERR,ERR,ERR,ERR,ERR,ERR,ERR,ERR,ERR,ERR,ERR,ERR,ERR,ERR,ERR,ERR,ERR,ERR,ERR,ERR,ERR,ERR,ERR,ERR,ERR,ERR,ERR,ERR,ERR,ERR,ERR,ERR,ERR,ERR,ERR,ERR,ERR,ERR,ERR,ERR,ERR,ERR,ERR,ERR,ERR,ERR,ERR,ERR,ERR,ERR,ERR,ERR,2.7184278591402704e+23,0.0,-0.0,0.0,0.0,0.0,0.0,nan,0,0,0,32768,0,0.0,0,0.0,0.0,0.0,0.0,0.0,0,0,0,0,0.0,0,0,0,0,0,0,0,0,0,0,0,0,0,0,0,0,0,0,0,0,0,0,0,0,0,0,0,0,0,0,0,0,0,0,0,0,0,0,0,0,0,0,0,0,0.0,0.0,0.0,0.0,0.0,0.0,0.0,0.0,0.0,0.0,0.0,0.0,0.0,0.0,0.0,0.0,0.0,0.0,0.0,0.0,0.0,0.0,0.0,0.0,-2.004,0.0,0.0,0.0,0.0,0.0,3403.0,-2.004,0.0,2.7184278591402704e+23,0.0,2.7184274988523002e+23,0.0,0.0,0.0,0.0,0.0,0,152018253512704.0,0.0,0.0,0.0,0.0,0.0,0.0,0.0,0.0,0,0,0,0.0,0.0,0.0,0.0,0.0,0.0,0.0,0.0,0.0,0.0,0.0,0.0,0.0,0.0,0.0,0.0,0,-107875648.0,0,0.0,0,-107875648.0,-107877712.0,0,52429,17039,13107,17054,13107,17038,0,0,0,110,100,100,-0.0,64.0,0.0,64.5,0.0,69.0,1,49,50,180,13107,52429,0,0,0.0,0.0,0.0,0.0,-0.0,65.0,0.0,-0.0,0.0,646,0,689,0,0,0,719,0,791,0,711,0,690,0,645,0,643,0,616,0.032,46137344.0,0.0,2.7302316136196234e+23,62096,16787,-0.0,-0.0,2.0790161980970687e+37,-2515.986,0.0,0.0,29.0,60.0,70,0.0,0.0,0.0,0.0,0.0,0.0,0.0,0.0,0.0,0.0,0.0,0.0,0.0,0.0,0.0,0.0,59.6,69,11,65508,41,65476,0,300,0,0,8,20529,65476,0,0,61604,60.0,0.0,0.0,0.0,0.0,0.0
2026-04-04T11:11:08,ERR,ERR,ERR,ERR,ERR,ERR,ERR,ERR,ERR,ERR,ERR,ERR,ERR,ERR,ERR,ERR,ERR,ERR,ERR,ERR,ERR,ERR,ERR,ERR,ERR,ERR,ERR,ERR,ERR,ERR,ERR,ERR,ERR,ERR,ERR,ERR,ERR,ERR,ERR,ERR,ERR,ERR,ERR,ERR,ERR,ERR,ERR,ERR,ERR,ERR,ERR,ERR,ERR,ERR,ERR,ERR,ERR,ERR,ERR,ERR,ERR,ERR,ERR,ERR,ERR,ERR,ERR,ERR,ERR,ERR,ERR,ERR,ERR,ERR,ERR,ERR,ERR,ERR,ERR,ERR,ERR,ERR,ERR,ERR,ERR,ERR,ERR,ERR,ERR,ERR,ERR,ERR,ERR,ERR,ERR,ERR,ERR,ERR,ERR,ERR,ERR,ERR,ERR,ERR,ERR,ERR,ERR,ERR,ERR,ERR,ERR,ERR,ERR,ERR,ERR,ERR,ERR,ERR,ERR,ERR,ERR,ERR,ERR,ERR,ERR,2.7184278591402704e+23,0.0,-0.0,0.0,0.0,0.0,0.0,nan,0,0,0,32768,0,0.0,0,0.0,0.0,0.0,0.0,0.0,0,0,0,0,0.0,0,0,0,0,0,0,0,0,0,0,0,0,0,0,0,0,0,0,0,0,0,0,0,0,0,0,0,0,0,0,0,0,0,0,0,0,0,0,0,0,0,0,0,0,0.0,0.0,0.0,0.0,0.0,0.0,0.0,0.0,0.0,0.0,0.0,0.0,0.0,0.0,0.0,0.0,0.0,0.0,0.0,0.0,0.0,0.0,0.0,0.0,-2.004,0.0,0.0,0.0,0.0,0.0,3403.0,-2.004,0.0,2.7184278591402704e+23,0.0,2.7184274988523002e+23,0.0,0.0,0.0,0.0,0.0,0,152018253512704.0,0.0,0.0,0.0,0.0,0.0,0.0,0.0,0.0,0,0,0,0.0,0.0,0.0,0.0,0.0,0.0,0.0,0.0,0.0,0.0,0.0,0.0,0.0,0.0,0.0,0.0,0,-107875648.0,0,0.0,0,-107875648.0,-107877712.0,0,52429,17039,13107,17054,13107,17038,0,0,0,110,100,100,-0.0,64.0,0.0,64.5,0.0,69.0,1,49,50,180,13107,52429,0,0,0.0,0.0,0.0,0.0,-0.0,65.0,0.0,-0.0,0.0,646,0,689,0,0,0,719,0,791,0,711,0,690,0,645,0,643,0,616,0.032,46137344.0,0.0,2.7302316136196234e+23,62096,16787,-0.0,-0.0,2.0790161980970687e+37,-2515.986,0.0,0.0,29.0,60.0,70,0.0,0.0,0.0,0.0,0.0,0.0,0.0,0.0,0.0,0.0,0.0,0.0,0.0,0.0,0.0,0.0,59.6,69,11,65508,41,65476,0,300,0,0,8,20529,65476,0,0,61604,60.0,0.0,0.0,0.0,0.0,0.0
2026-04-04T11:11:09,ERR,ERR,ERR,ERR,ERR,ERR,ERR,ERR,ERR,ERR,ERR,ERR,ERR,ERR,ERR,ERR,ERR,ERR,ERR,ERR,ERR,ERR,ERR,ERR,ERR,ERR,ERR,ERR,ERR,ERR,ERR,ERR,ERR,ERR,ERR,ERR,ERR,ERR,ERR,ERR,ERR,ERR,ERR,ERR,ERR,ERR,ERR,ERR,ERR,ERR,ERR,ERR,ERR,ERR,ERR,ERR,ERR,ERR,ERR,ERR,ERR,ERR,ERR,ERR,ERR,ERR,ERR,ERR,ERR,ERR,ERR,ERR,ERR,ERR,ERR,ERR,ERR,ERR,ERR,ERR,ERR,ERR,ERR,ERR,ERR,ERR,ERR,ERR,ERR,ERR,ERR,ERR,ERR,ERR,ERR,ERR,ERR,ERR,ERR,ERR,ERR,ERR,ERR,ERR,ERR,ERR,ERR,ERR,ERR,ERR,ERR,ERR,ERR,ERR,ERR,ERR,ERR,ERR,ERR,ERR,ERR,ERR,ERR,ERR,ERR,2.7184278591402704e+23,0.0,-0.0,0.0,0.0,0.0,0.0,nan,0,0,0,32768,0,0.0,0,0.0,0.0,0.0,0.0,0.0,0,0,0,0,0.0,0,0,0,0,0,0,0,0,0,0,0,0,0,0,0,0,0,0,0,0,0,0,0,0,0,0,0,0,0,0,0,0,0,0,0,0,0,0,0,0,0,0,0,0,0.0,0.0,0.0,0.0,0.0,0.0,0.0,0.0,0.0,0.0,0.0,0.0,0.0,0.0,0.0,0.0,0.0,0.0,0.0,0.0,0.0,0.0,0.0,0.0,-2.004,0.0,0.0,0.0,0.0,0.0,3403.5,-2.004,0.0,2.7184278591402704e+23,0.0,-0.0,0.0,0.0,0.0,0.0,0.0,0,1.9056958870913024e+17,0.0,0.0,0.0,0.0,0.0,0.0,0.0,0.0,0,0,0,0.0,0.0,0.0,0.0,0.0,0.0,0.0,0.0,0.0,0.0,0.0,0.0,0.0,0.0,0.0,0.0,0,-107875648.0,0,0.0,0,-107875648.0,-107877712.0,0,52429,17039,13107,17054,13107,17038,0,0,0,110,100,100,-0.0,64.0,0.0,64.5,0.0,69.0,1,49,50,180,13107,52429,0,0,0.0,0.0,0.0,0.0,-0.0,65.0,0.0,-0.0,0.0,646,0,689,0,0,0,719,0,791,0,711,0,690,0,645,0,643,0,616,0.032,46137344.0,0.0,2.7302316136196234e+23,62096,16787,-0.0,-0.0,2.0790161980970687e+37,-2515.986,0.0,0.0,29.0,60.0,70,0.0,0.0,0.0,0.0,0.0,0.0,0.0,0.0,0.0,0.0,0.0,0.0,0.0,0.0,0.0,0.0,59.6,69,11,65508,41,65476,0,300,0,0,8,20529,65476,0,0,61604,60.0,0.0,0.0,0.0,0.0,0.0
2026-04-04T11:11:10,ERR,ERR,ERR,ERR,ERR,ERR,ERR,ERR,ERR,ERR,ERR,ERR,ERR,ERR,ERR,ERR,ERR,ERR,ERR,ERR,ERR,ERR,ERR,ERR,ERR,ERR,ERR,ERR,ERR,ERR,ERR,ERR,ERR,ERR,ERR,ERR,ERR,ERR,ERR,ERR,ERR,ERR,ERR,ERR,ERR,ERR,ERR,ERR,ERR,ERR,ERR,ERR,ERR,ERR,ERR,ERR,ERR,ERR,ERR,ERR,ERR,ERR,ERR,ERR,ERR,ERR,ERR,ERR,ERR,ERR,ERR,ERR,ERR,ERR,ERR,ERR,ERR,ERR,ERR,ERR,ERR,ERR,ERR,ERR,ERR,ERR,ERR,ERR,ERR,ERR,ERR,ERR,ERR,ERR,ERR,ERR,ERR,ERR,ERR,ERR,ERR,ERR,ERR,ERR,ERR,ERR,ERR,ERR,ERR,ERR,ERR,ERR,ERR,ERR,ERR,ERR,ERR,ERR,ERR,ERR,ERR,ERR,ERR,ERR,ERR,2.7184278591402704e+23,0.0,-0.0,0.0,0.0,0.0,0.0,nan,0,0,0,32768,0,0.0,0,0.0,0.0,0.0,0.0,0.0,0,0,0,0,0.0,0,0,0,0,0,0,0,0,0,0,0,0,0,0,0,0,0,0,0,0,0,0,0,0,0,0,0,0,0,0,0,0,0,0,0,0,0,0,0,0,0,0,0,0,0.0,0.0,0.0,0.0,0.0,0.0,0.0,0.0,0.0,0.0,0.0,0.0,0.0,0.0,0.0,0.0,0.0,0.0,0.0,0.0,0.0,0.0,0.0,0.0,-2.004,0.0,0.0,0.0,0.0,0.0,3403.5,-2.004,0.0,2.7184278591402704e+23,0.0,-0.0,0.0,0.0,0.0,0.0,0.0,0,1.9056958870913024e+17,0.0,0.0,0.0,0.0,0.0,0.0,0.0,0.0,0,0,0,0.0,0.0,0.0,0.0,0.0,0.0,0.0,0.0,0.0,0.0,0.0,0.0,0.0,0.0,0.0,0.0,0,-107875648.0,0,0.0,0,-107875648.0,-107877712.0,0,52429,17039,13107,17054,13107,17038,0,0,0,110,100,100,-0.0,64.0,0.0,64.5,0.0,69.0,1,49,50,180,13107,52429,0,0,0.0,0.0,0.0,0.0,-0.0,65.0,0.0,-0.0,0.0,646,0,689,0,0,0,719,0,791,0,711,0,690,0,645,0,643,0,616,0.032,46137344.0,0.0,2.7302316136196234e+23,62096,16787,-0.0,-0.0,2.0790161980970687e+37,-2515.986,0.0,0.0,29.0,60.0,70,0.0,0.0,0.0,0.0,0.0,0.0,0.0,0.0,0.0,0.0,0.0,0.0,0.0,0.0,0.0,0.0,59.2,69,11,65508,41,65476,0,300,0,0,8,20529,65476,0,0,61604,60.0,0.0,0.0,0.0,0.0,0.0
2026-04-04T11:11:11,ERR,ERR,ERR,ERR,ERR,ERR,ERR,ERR,ERR,ERR,ERR,ERR,ERR,ERR,ERR,ERR,ERR,ERR,ERR,ERR,ERR,ERR,ERR,ERR,ERR,ERR,ERR,ERR,ERR,ERR,ERR,ERR,ERR,ERR,ERR,ERR,ERR,ERR,ERR,ERR,ERR,ERR,ERR,ERR,ERR,ERR,ERR,ERR,ERR,ERR,ERR,ERR,ERR,ERR,ERR,ERR,ERR,ERR,ERR,ERR,ERR,ERR,ERR,ERR,ERR,ERR,ERR,ERR,ERR,ERR,ERR,ERR,ERR,ERR,ERR,ERR,ERR,ERR,ERR,ERR,ERR,ERR,ERR,ERR,ERR,ERR,ERR,ERR,ERR,ERR,ERR,ERR,ERR,ERR,ERR,ERR,ERR,ERR,ERR,ERR,ERR,ERR,ERR,ERR,ERR,ERR,ERR,ERR,ERR,ERR,ERR,ERR,ERR,ERR,ERR,ERR,ERR,ERR,ERR,ERR,ERR,ERR,ERR,ERR,ERR,2.7184278591402704e+23,0.0,-0.0,0.0,0.0,0.0,0.0,nan,0,0,0,32768,0,0.0,0,0.0,0.0,0.0,0.0,0.0,0,0,0,0,0.0,0,0,0,0,0,0,0,0,0,0,0,0,0,0,0,0,0,0,0,0,0,0,0,0,0,0,0,0,0,0,0,0,0,0,0,0,0,0,0,0,0,0,0,0,0.0,0.0,0.0,0.0,0.0,0.0,0.0,0.0,0.0,0.0,0.0,0.0,0.0,0.0,0.0,0.0,0.0,0.0,0.0,0.0,0.0,0.0,0.0,0.0,-2.004,0.0,0.0,0.0,0.0,0.0,3403.5,-2.004,0.0,2.7184278591402704e+23,0.0,-0.0,0.0,0.0,0.0,0.0,0.0,0,1.9056958870913024e+17,0.0,0.0,0.0,0.0,0.0,0.0,0.0,0.0,0,0,0,0.0,0.0,0.0,0.0,0.0,0.0,0.0,0.0,0.0,0.0,0.0,0.0,0.0,0.0,0.0,0.0,0,-107875648.0,0,0.0,0,-107875648.0,-107877712.0,0,52429,17039,13107,17054,13107,17038,0,0,0,110,100,100,-0.0,64.0,0.0,64.5,0.0,69.0,1,49,50,180,13107,52429,0,0,0.0,0.0,0.0,0.0,-0.0,65.0,0.0,-4264.25,0.0,646,0,689,0,0,0,719,0,791,0,711,0,690,0,645,0,643,0,616,0.032,46137344.0,0.0,2.7302316136196234e+23,56464,16787,-0.0,-659587072.0,3.0483700571267305e+21,1.898004829931765e+27,0.0,0.0,29.0,60.0,70,0.0,0.0,0.0,0.0,0.0,0.0,0.0,0.0,0.0,0.0,0.0,0.0,0.0,0.0,0.0,0.0,59.2,69,11,65508,41,65476,0,300,0,0,8,20529,65476,0,0,61604,60.0,0.0,0.0,0.0,0.0,0.0
2026-04-04T11:11:12,ERR,ERR,ERR,ERR,ERR,ERR,ERR,ERR,ERR,ERR,ERR,ERR,ERR,ERR,ERR,ERR,ERR,ERR,ERR,ERR,ERR,ERR,ERR,ERR,ERR,ERR,ERR,ERR,ERR,ERR,ERR,ERR,ERR,ERR,ERR,ERR,ERR,ERR,ERR,ERR,ERR,ERR,ERR,ERR,ERR,ERR,ERR,ERR,ERR,ERR,ERR,ERR,ERR,ERR,ERR,ERR,ERR,ERR,ERR,ERR,ERR,ERR,ERR,ERR,ERR,ERR,ERR,ERR,ERR,ERR,ERR,ERR,ERR,ERR,ERR,ERR,ERR,ERR,ERR,ERR,ERR,ERR,ERR,ERR,ERR,ERR,ERR,ERR,ERR,ERR,ERR,ERR,ERR,ERR,ERR,ERR,ERR,ERR,ERR,ERR,ERR,ERR,ERR,ERR,ERR,ERR,ERR,ERR,ERR,ERR,ERR,ERR,ERR,ERR,ERR,ERR,ERR,ERR,ERR,ERR,ERR,ERR,ERR,ERR,ERR,2.7184278591402704e+23,0.0,-0.0,0.0,0.0,0.0,0.0,nan,0,0,0,32768,0,0.0,0,0.0,0.0,0.0,0.0,0.0,0,0,0,0,0.0,0,0,0,0,0,0,0,0,0,0,0,0,0,0,0,0,0,0,0,0,0,0,0,0,0,0,0,0,0,0,0,0,0,0,0,0,0,0,0,0,0,0,0,0,0.0,0.0,0.0,0.0,0.0,0.0,0.0,0.0,0.0,0.0,0.0,0.0,0.0,0.0,0.0,0.0,0.0,0.0,0.0,0.0,0.0,0.0,0.0,0.0,-2.004,0.0,0.0,0.0,0.0,0.0,3403.5,-2.004,0.0,2.7184278591402704e+23,0.0,-0.0,0.0,0.0,0.0,0.0,0.0,0,1.9056958870913024e+17,0.0,0.0,0.0,0.0,0.0,0.0,0.0,0.0,0,0,0,0.0,0.0,0.0,0.0,0.0,0.0,0.0,0.0,0.0,0.0,0.0,0.0,0.0,0.0,0.0,0.0,0,-107875648.0,0,0.0,0,-107875648.0,-107877712.0,0,52429,17039,13107,17054,13107,17038,0,0,0,110,100,100,-0.0,64.0,0.0,64.5,0.0,69.0,1,49,50,180,13107,52429,0,0,0.0,0.0,0.0,0.0,-0.0,65.0,0.0,-4264.25,0.0,646,0,689,0,0,0,719,0,791,0,711,0,690,0,645,0,643,0,616,0.032,46137344.0,0.0,2.7302316136196234e+23,56464,16787,-0.0,-659587072.0,3.0483700571267305e+21,1.898004829931765e+27,0.0,0.0,29.0,60.0,70,0.0,0.0,0.0,0.0,0.0,0.0,0.0,0.0,0.0,0.0,0.0,0.0,0.0,0.0,0.0,0.0,59.2,69,11,65508,41,65476,0,300,0,0,8,20529,65476,0,0,61604,60.0,0.0,0.0,0.0,0.0,0.0
2026-04-04T11:11:13,ERR,ERR,ERR,ERR,ERR,ERR,ERR,ERR,ERR,ERR,ERR,ERR,ERR,ERR,ERR,ERR,ERR,ERR,ERR,ERR,ERR,ERR,ERR,ERR,ERR,ERR,ERR,ERR,ERR,ERR,ERR,ERR,ERR,ERR,ERR,ERR,ERR,ERR,ERR,ERR,ERR,ERR,ERR,ERR,ERR,ERR,ERR,ERR,ERR,ERR,ERR,ERR,ERR,ERR,ERR,ERR,ERR,ERR,ERR,ERR,ERR,ERR,ERR,ERR,ERR,ERR,ERR,ERR,ERR,ERR,ERR,ERR,ERR,ERR,ERR,ERR,ERR,ERR,ERR,ERR,ERR,ERR,ERR,ERR,ERR,ERR,ERR,ERR,ERR,ERR,ERR,ERR,ERR,ERR,ERR,ERR,ERR,ERR,ERR,ERR,ERR,ERR,ERR,ERR,ERR,ERR,ERR,ERR,ERR,ERR,ERR,ERR,ERR,ERR,ERR,ERR,ERR,ERR,ERR,ERR,ERR,ERR,ERR,ERR,ERR,2.7184278591402704e+23,0.0,-0.0,0.0,0.0,0.0,0.0,nan,0,0,0,32768,0,0.0,0,0.0,0.0,0.0,0.0,0.0,0,0,0,0,0.0,0,0,0,0,0,0,0,0,0,0,0,0,0,0,0,0,0,0,0,0,0,0,0,0,0,0,0,0,0,0,0,0,0,0,0,0,0,0,0,0,0,0,0,0,0.0,0.0,0.0,0.0,0.0,0.0,0.0,0.0,0.0,0.0,0.0,0.0,0.0,0.0,0.0,0.0,0.0,0.0,0.0,0.0,0.0,0.0,0.0,0.0,-2.004,0.0,0.0,0.0,0.0,0.0,3403.5,-2.004,0.0,2.7184278591402704e+23,0.0,-0.0,0.0,0.0,0.0,0.0,0.0,0,1.9056958870913024e+17,0.0,0.0,0.0,0.0,0.0,0.0,0.0,0.0,0,0,0,0.0,0.0,0.0,0.0,0.0,0.0,0.0,0.0,0.0,0.0,0.0,0.0,0.0,0.0,0.0,0.0,0,-107875648.0,0,0.0,0,-107875648.0,-107877712.0,0,52429,17039,13107,17054,13107,17038,0,0,0,110,100,100,-0.0,64.0,0.0,64.5,0.0,69.0,1,49,50,180,13107,52429,0,0,0.0,0.0,0.0,0.0,-0.0,65.0,0.0,-4264.25,0.0,646,0,689,0,0,0,719,0,791,0,711,0,690,0,645,0,643,0,616,0.032,46137344.0,0.0,2.7302316136196234e+23,56464,16787,-0.0,-659587072.0,3.0483700571267305e+21,1.898004829931765e+27,0.0,0.0,29.0,60.0,70,0.0,0.0,0.0,0.0,0.0,0.0,0.0,0.0,0.0,0.0,0.0,0.0,0.0,0.0,0.0,0.0,59.2,69,11,65508,41,65476,0,300,0,0,8,20529,65476,0,0,61604,60.0,0.0,0.0,0.0,0.0,0.0
2026-04-04T11:11:14,ERR,ERR,ERR,ERR,ERR,ERR,ERR,ERR,ERR,ERR,ERR,ERR,ERR,ERR,ERR,ERR,ERR,ERR,ERR,ERR,ERR,ERR,ERR,ERR,ERR,ERR,ERR,ERR,ERR,ERR,ERR,ERR,ERR,ERR,ERR,ERR,ERR,ERR,ERR,ERR,ERR,ERR,ERR,ERR,ERR,ERR,ERR,ERR,ERR,ERR,ERR,ERR,ERR,ERR,ERR,ERR,ERR,ERR,ERR,ERR,ERR,ERR,ERR,ERR,ERR,ERR,ERR,ERR,ERR,ERR,ERR,ERR,ERR,ERR,ERR,ERR,ERR,ERR,ERR,ERR,ERR,ERR,ERR,ERR,ERR,ERR,ERR,ERR,ERR,ERR,ERR,ERR,ERR,ERR,ERR,ERR,ERR,ERR,ERR,ERR,ERR,ERR,ERR,ERR,ERR,ERR,ERR,ERR,ERR,ERR,ERR,ERR,ERR,ERR,ERR,ERR,ERR,ERR,ERR,ERR,ERR,ERR,ERR,ERR,ERR,2.7184278591402704e+23,0.0,-0.0,0.0,0.0,0.0,0.0,nan,0,0,0,32768,0,0.0,0,0.0,0.0,0.0,0.0,0.0,0,0,0,0,0.0,0,0,0,0,0,0,0,0,0,0,0,0,0,0,0,0,0,0,0,0,0,0,0,0,0,0,0,0,0,0,0,0,0,0,0,0,0,0,0,0,0,0,0,0,0.0,0.0,0.0,0.0,0.0,0.0,0.0,0.0,0.0,0.0,0.0,0.0,0.0,0.0,0.0,0.0,0.0,0.0,0.0,0.0,0.0,0.0,0.0,0.0,-2.004,0.0,0.0,0.0,0.0,0.0,3403.5,-2.004,0.0,2.7184278591402704e+23,0.0,-0.0,0.0,0.0,0.0,0.0,0.0,0,1.9056958870913024e+17,0.0,0.0,0.0,0.0,0.0,0.0,0.0,0.0,0,0,0,0.0,0.0,0.0,0.0,0.0,0.0,0.0,0.0,0.0,0.0,0.0,0.0,0.0,0.0,0.0,0.0,0,-107875648.0,0,0.0,0,-107875648.0,-107877712.0,0,52429,17039,13107,17054,13107,17038,0,0,0,110,100,100,-0.0,64.0,0.0,64.5,0.0,69.0,1,49,50,180,13107,52429,0,0,0.0,0.0,0.0,0.0,-0.0,65.0,0.0,-4264.25,0.0,646,0,689,0,0,0,719,0,791,0,711,0,690,0,645,0,643,0,616,0.032,46137344.0,0.0,2.7302316136196234e+23,56464,16787,-0.0,-659587072.0,3.0483700571267305e+21,1.898004829931765e+27,0.0,0.0,29.0,60.0,70,0.0,0.0,0.0,0.0,0.0,0.0,0.0,0.0,0.0,0.0,0.0,0.0,0.0,0.0,0.0,0.0,59.2,69,11,65508,41,65476,0,300,0,0,8,20529,65476,0,0,61604,60.0,0.0,0.0,0.0,0.0,0.0
2026-04-04T11:11:15,ERR,ERR,ERR,ERR,ERR,ERR,ERR,ERR,ERR,ERR,ERR,ERR,ERR,ERR,ERR,ERR,ERR,ERR,ERR,ERR,ERR,ERR,ERR,ERR,ERR,ERR,ERR,ERR,ERR,ERR,ERR,ERR,ERR,ERR,ERR,ERR,ERR,ERR,ERR,ERR,ERR,ERR,ERR,ERR,ERR,ERR,ERR,ERR,ERR,ERR,ERR,ERR,ERR,ERR,ERR,ERR,ERR,ERR,ERR,ERR,ERR,ERR,ERR,ERR,ERR,ERR,ERR,ERR,ERR,ERR,ERR,ERR,ERR,ERR,ERR,ERR,ERR,ERR,ERR,ERR,ERR,ERR,ERR,ERR,ERR,ERR,ERR,ERR,ERR,ERR,ERR,ERR,ERR,ERR,ERR,ERR,ERR,ERR,ERR,ERR,ERR,ERR,ERR,ERR,ERR,ERR,ERR,ERR,ERR,ERR,ERR,ERR,ERR,ERR,ERR,ERR,ERR,ERR,ERR,ERR,ERR,ERR,ERR,ERR,ERR,2.7184278591402704e+23,0.0,-0.0,0.0,0.0,0.0,0.0,nan,0,0,0,32768,0,0.0,0,0.0,0.0,0.0,0.0,0.0,0,0,0,0,0.0,0,0,0,0,0,0,0,0,0,0,0,0,0,0,0,0,0,0,0,0,0,0,0,0,0,0,0,0,0,0,0,0,0,0,0,0,0,0,0,0,0,0,0,0,0.0,0.0,0.0,0.0,0.0,0.0,0.0,0.0,0.0,0.0,0.0,0.0,0.0,0.0,0.0,0.0,0.0,0.0,0.0,0.0,0.0,0.0,0.0,0.0,-2.004,0.0,0.0,0.0,0.0,0.0,3403.5,-2.004,0.0,2.7184278591402704e+23,0.0,-0.0,0.0,0.0,0.0,0.0,0.0,0,1.9056958870913024e+17,0.0,0.0,0.0,0.0,0.0,0.0,0.0,0.0,0,0,0,0.0,0.0,0.0,0.0,0.0,0.0,0.0,0.0,0.0,0.0,0.0,0.0,0.0,0.0,0.0,0.0,0,-107875648.0,0,0.0,0,-107875648.0,-107877712.0,0,52429,17039,13107,17054,13107,17038,0,0,0,110,100,100,-0.0,64.0,0.0,64.5,0.0,69.0,1,49,50,180,13107,52429,0,0,0.0,0.0,0.0,0.0,-0.0,65.0,0.0,-4264.25,0.0,646,0,689,0,0,0,719,0,791,0,711,0,690,0,645,0,643,0,616,0.032,46137344.0,0.0,2.7302316136196234e+23,56464,16787,-0.0,-659587072.0,3.0483700571267305e+21,1.898004829931765e+27,0.0,0.0,29.0,60.0,70,0.0,0.0,0.0,0.0,0.0,0.0,0.0,0.0,0.0,0.0,0.0,0.0,0.0,0.0,0.0,0.0,59.2,69,11,65508,41,65476,0,300,0,0,8,20529,65476,0,0,61604,60.0,0.0,0.0,0.0,0.0,0.0
2026-04-04T11:11:16,ERR,ERR,ERR,ERR,ERR,ERR,ERR,ERR,ERR,ERR,ERR,ERR,ERR,ERR,ERR,ERR,ERR,ERR,ERR,ERR,ERR,ERR,ERR,ERR,ERR,ERR,ERR,ERR,ERR,ERR,ERR,ERR,ERR,ERR,ERR,ERR,ERR,ERR,ERR,ERR,ERR,ERR,ERR,ERR,ERR,ERR,ERR,ERR,ERR,ERR,ERR,ERR,ERR,ERR,ERR,ERR,ERR,ERR,ERR,ERR,ERR,ERR,ERR,ERR,ERR,ERR,ERR,ERR,ERR,ERR,ERR,ERR,ERR,ERR,ERR,ERR,ERR,ERR,ERR,ERR,ERR,ERR,ERR,ERR,ERR,ERR,ERR,ERR,ERR,ERR,ERR,ERR,ERR,ERR,ERR,ERR,ERR,ERR,ERR,ERR,ERR,ERR,ERR,ERR,ERR,ERR,ERR,ERR,ERR,ERR,ERR,ERR,ERR,ERR,ERR,ERR,ERR,ERR,ERR,ERR,ERR,ERR,ERR,ERR,ERR,2.7184278591402704e+23,0.0,-0.0,0.0,0.0,0.0,0.0,nan,0,0,0,32768,0,0.0,0,0.0,0.0,0.0,0.0,0.0,0,0,0,0,0.0,0,0,0,0,0,0,0,0,0,0,0,0,0,0,0,0,0,0,0,0,0,0,0,0,0,0,0,0,0,0,0,0,0,0,0,0,0,0,0,0,0,0,0,0,0.0,0.0,0.0,0.0,0.0,0.0,0.0,0.0,0.0,0.0,0.0,0.0,0.0,0.0,0.0,0.0,0.0,0.0,0.0,0.0,0.0,0.0,0.0,0.0,-2.004,0.0,0.0,0.0,0.0,0.0,3403.5,-2.004,0.0,2.7184278591402704e+23,0.0,-0.0,0.0,0.0,0.0,0.0,0.0,0,1.9056958870913024e+17,0.0,0.0,0.0,0.0,0.0,0.0,0.0,0.0,0,0,0,0.0,0.0,0.0,0.0,0.0,0.0,0.0,0.0,0.0,0.0,0.0,0.0,0.0,0.0,0.0,0.0,0,-107875648.0,0,0.0,0,-107875648.0,-107877712.0,0,52429,17039,13107,17054,13107,17038,0,0,0,110,100,100,-0.0,64.0,0.0,64.5,0.0,69.0,1,49,50,180,13107,52429,0,0,0.0,0.0,0.0,0.0,-0.0,65.0,0.0,-4264.25,0.0,646,0,689,0,0,0,719,0,791,0,711,0,690,0,645,0,643,0,616,0.032,46137344.0,0.0,2.7302316136196234e+23,56464,16787,-0.0,-659587072.0,3.0483700571267305e+21,1.898004829931765e+27,0.0,0.0,29.0,60.0,70,0.0,0.0,0.0,0.0,0.0,0.0,0.0,0.0,0.0,0.0,0.0,0.0,0.0,0.0,0.0,0.0,59.2,69,11,65508,41,65476,0,300,0,0,8,20529,65476,0,0,61604,60.0,0.0,0.0,0.0,0.0,0.0
2026-04-04T11:11:17,ERR,ERR,ERR,ERR,ERR,ERR,ERR,ERR,ERR,ERR,ERR,ERR,ERR,ERR,ERR,ERR,ERR,ERR,ERR,ERR,ERR,ERR,ERR,ERR,ERR,ERR,ERR,ERR,ERR,ERR,ERR,ERR,ERR,ERR,ERR,ERR,ERR,ERR,ERR,ERR,ERR,ERR,ERR,ERR,ERR,ERR,ERR,ERR,ERR,ERR,ERR,ERR,ERR,ERR,ERR,ERR,ERR,ERR,ERR,ERR,ERR,ERR,ERR,ERR,ERR,ERR,ERR,ERR,ERR,ERR,ERR,ERR,ERR,ERR,ERR,ERR,ERR,ERR,ERR,ERR,ERR,ERR,ERR,ERR,ERR,ERR,ERR,ERR,ERR,ERR,ERR,ERR,ERR,ERR,ERR,ERR,ERR,ERR,ERR,ERR,ERR,ERR,ERR,ERR,ERR,ERR,ERR,ERR,ERR,ERR,ERR,ERR,ERR,ERR,ERR,ERR,ERR,ERR,ERR,ERR,ERR,ERR,ERR,ERR,ERR,2.7184278591402704e+23,0.0,-0.0,0.0,0.0,0.0,0.0,nan,0,0,0,32768,0,0.0,0,0.0,0.0,0.0,0.0,0.0,0,0,0,0,0.0,0,0,0,0,0,0,0,0,0,0,0,0,0,0,0,0,0,0,0,0,0,0,0,0,0,0,0,0,0,0,0,0,0,0,0,0,0,0,0,0,0,0,0,0,0.0,0.0,0.0,0.0,0.0,0.0,0.0,0.0,0.0,0.0,0.0,0.0,0.0,0.0,0.0,0.0,0.0,0.0,0.0,0.0,0.0,0.0,0.0,0.0,-2.004,0.0,0.0,0.0,0.0,0.0,3403.5,-2.004,0.0,2.7184278591402704e+23,0.0,-0.0,0.0,0.0,0.0,0.0,0.0,0,1.9056958870913024e+17,0.0,0.0,0.0,0.0,0.0,0.0,0.0,0.0,0,0,0,0.0,0.0,0.0,0.0,0.0,0.0,0.0,0.0,0.0,0.0,0.0,0.0,0.0,0.0,0.0,0.0,0,-107875648.0,0,0.0,0,-107875648.0,-107877712.0,0,52429,17039,13107,17054,13107,17038,0,0,0,110,100,100,-0.0,64.0,0.0,64.5,0.0,69.0,1,49,50,180,0,52429,0,0,0.0,0.0,0.0,0.0,-0.0,65.0,0.0,-0.0,0.0,646,0,689,0,0,0,719,0,791,0,711,0,690,0,645,0,643,0,616,0.032,55836672.0,0.0,2.7302316136196234e+23,5136,16788,-0.0,-0.0,4.5277650044012645e+37,-958847647744.0,0.0,0.0,29.0,60.0,70,0.0,0.0,0.0,0.0,0.0,0.0,0.0,0.0,0.0,0.0,0.0,0.0,0.0,0.0,0.0,0.0,59.2,69,11,65508,41,65476,0,300,0,0,8,20529,65476,0,0,61604,60.0,0.0,0.0,0.0,0.0,0.0
2026-04-04T11:11:18,ERR,ERR,ERR,ERR,ERR,ERR,ERR,ERR,ERR,ERR,ERR,ERR,ERR,ERR,ERR,ERR,ERR,ERR,ERR,ERR,ERR,ERR,ERR,ERR,ERR,ERR,ERR,ERR,ERR,ERR,ERR,ERR,ERR,ERR,ERR,ERR,ERR,ERR,ERR,ERR,ERR,ERR,ERR,ERR,ERR,ERR,ERR,ERR,ERR,ERR,ERR,ERR,ERR,ERR,ERR,ERR,ERR,ERR,ERR,ERR,ERR,ERR,ERR,ERR,ERR,ERR,ERR,ERR,ERR,ERR,ERR,ERR,ERR,ERR,ERR,ERR,ERR,ERR,ERR,ERR,ERR,ERR,ERR,ERR,ERR,ERR,ERR,ERR,ERR,ERR,ERR,ERR,ERR,ERR,ERR,ERR,ERR,ERR,ERR,ERR,ERR,ERR,ERR,ERR,ERR,ERR,ERR,ERR,ERR,ERR,ERR,ERR,ERR,ERR,ERR,ERR,ERR,ERR,ERR,ERR,ERR,ERR,ERR,ERR,ERR,2.7184278591402704e+23,0.0,-0.0,0.0,0.0,0.0,0.0,nan,0,0,0,32768,0,0.0,0,0.0,0.0,0.0,0.0,0.0,0,0,0,0,0.0,0,0,0,0,0,0,0,0,0,0,0,0,0,0,0,0,0,0,0,0,0,0,0,0,0,0,0,0,0,0,0,0,0,0,0,0,0,0,0,0,0,0,0,0,0.0,0.0,0.0,0.0,0.0,0.0,0.0,0.0,0.0,0.0,0.0,0.0,0.0,0.0,-2.5962063029642504e+33,0.0,0.0,0.0,0.0,0.0,0.0,0.0,0.0,0.0,-2.004,0.0,0.0,0.0,0.0,0.0,3404.5,-3.697154467689818e+19,0.0,2.7184278591402704e+23,0.0,-0.0,0.0,0.0,0.0,0.0,0.0,0,-0.0,0.0,0.0,0.0,0.0,0.0,0.0,0.0,0.0,0,0,0,0.0,0.0,0.0,0.0,0.0,0.0,0.0,0.0,0.0,0.0,0.0,0.0,0.0,0.0,0.0,0.0,0,-107875648.0,0,0.0,0,-107875648.0,-107877712.0,0,52429,17039,13107,17054,13107,17038,0,0,0,110,100,100,-0.0,64.0,0.0,64.5,0.0,69.0,1,49,50,180,0,52429,0,0,0.0,0.0,0.0,0.0,-0.0,65.0,0.0,-0.0,0.0,646,0,689,0,0,0,719,0,791,0,711,0,690,0,645,0,643,0,616,0.032,55836672.0,0.0,2.7302316136196234e+23,5136,16788,-0.0,-0.0,4.5277650044012645e+37,-958847647744.0,0.0,0.0,29.0,60.0,70,0.0,0.0,0.0,0.0,0.0,0.0,0.0,0.0,0.0,0.0,0.0,0.0,0.0,0.0,0.0,0.0,59.2,69,11,65508,41,65476,0,300,0,0,8,20529,65476,0,0,61604,60.0,0.0,0.0,0.0,0.0,0.0
2026-04-04T11:11:19,ERR,ERR,ERR,ERR,ERR,ERR,ERR,ERR,ERR,ERR,ERR,ERR,ERR,ERR,ERR,ERR,ERR,ERR,ERR,ERR,ERR,ERR,ERR,ERR,ERR,ERR,ERR,ERR,ERR,ERR,ERR,ERR,ERR,ERR,ERR,ERR,ERR,ERR,ERR,ERR,ERR,ERR,ERR,ERR,ERR,ERR,ERR,ERR,ERR,ERR,ERR,ERR,ERR,ERR,ERR,ERR,ERR,ERR,ERR,ERR,ERR,ERR,ERR,ERR,ERR,ERR,ERR,ERR,ERR,ERR,ERR,ERR,ERR,ERR,ERR,ERR,ERR,ERR,ERR,ERR,ERR,ERR,ERR,ERR,ERR,ERR,ERR,ERR,ERR,ERR,ERR,ERR,ERR,ERR,ERR,ERR,ERR,ERR,ERR,ERR,ERR,ERR,ERR,ERR,ERR,ERR,ERR,ERR,ERR,ERR,ERR,ERR,ERR,ERR,ERR,ERR,ERR,ERR,ERR,ERR,ERR,ERR,ERR,ERR,ERR,2.7184278591402704e+23,0.0,-0.0,0.0,0.0,0.0,0.0,nan,0,0,0,32768,0,0.0,0,0.0,0.0,0.0,0.0,0.0,0,0,0,0,0.0,0,0,0,0,0,0,0,0,0,0,0,0,0,0,0,0,0,0,0,0,0,0,0,0,0,0,0,0,0,0,0,0,0,0,0,0,0,0,0,0,0,0,0,0,0.0,0.0,0.0,0.0,0.0,0.0,0.0,0.0,0.0,0.0,0.0,0.0,0.0,0.0,-2.5962063029642504e+33,0.0,0.0,0.0,0.0,0.0,0.0,0.0,0.0,0.0,-2.004,0.0,0.0,0.0,0.0,0.0,3404.5,-3.697154467689818e+19,0.0,2.7184278591402704e+23,0.0,-0.0,0.0,0.0,0.0,0.0,0.0,0,-0.0,0.0,0.0,0.0,0.0,0.0,0.0,0.0,0.0,0,0,0,0.0,0.0,0.0,0.0,0.0,0.0,0.0,0.0,0.0,0.0,0.0,0.0,0.0,0.0,0.0,0.0,0,-107875648.0,0,0.0,0,-107875648.0,-107877712.0,0,52429,17039,13107,17054,13107,17038,0,0,0,110,100,100,-0.0,64.0,0.0,64.5,0.0,69.0,1,49,50,180,0,52429,0,0,0.0,0.0,0.0,0.0,-0.0,65.0,0.0,-0.0,0.0,646,0,689,0,0,0,719,0,791,0,711,0,690,0,645,0,643,0,616,0.032,55836672.0,0.0,2.7302316136196234e+23,5136,16788,-0.0,-0.0,4.5277650044012645e+37,-958847647744.0,0.0,0.0,29.0,60.0,70,0.0,0.0,0.0,0.0,0.0,0.0,0.0,0.0,0.0,0.0,0.0,0.0,0.0,0.0,0.0,0.0,59.2,69,11,65508,41,65476,0,300,0,0,8,20529,65476,0,0,61604,60.0,0.0,0.0,0.0,0.0,0.0
2026-04-04T11:11:20,ERR,ERR,ERR,ERR,ERR,ERR,ERR,ERR,ERR,ERR,ERR,ERR,ERR,ERR,ERR,ERR,ERR,ERR,ERR,ERR,ERR,ERR,ERR,ERR,ERR,ERR,ERR,ERR,ERR,ERR,ERR,ERR,ERR,ERR,ERR,ERR,ERR,ERR,ERR,ERR,ERR,ERR,ERR,ERR,ERR,ERR,ERR,ERR,ERR,ERR,ERR,ERR,ERR,ERR,ERR,ERR,ERR,ERR,ERR,ERR,ERR,ERR,ERR,ERR,ERR,ERR,ERR,ERR,ERR,ERR,ERR,ERR,ERR,ERR,ERR,ERR,ERR,ERR,ERR,ERR,ERR,ERR,ERR,ERR,ERR,ERR,ERR,ERR,ERR,ERR,ERR,ERR,ERR,ERR,ERR,ERR,ERR,ERR,ERR,ERR,ERR,ERR,ERR,ERR,ERR,ERR,ERR,ERR,ERR,ERR,ERR,ERR,ERR,ERR,ERR,ERR,ERR,ERR,ERR,ERR,ERR,ERR,ERR,ERR,ERR,2.7184278591402704e+23,0.0,-0.0,0.0,0.0,0.0,0.0,nan,0,0,0,32768,0,0.0,0,0.0,0.0,0.0,0.0,0.0,0,0,0,0,0.0,0,0,0,0,0,0,0,0,0,0,0,0,0,0,0,0,0,0,0,0,0,0,0,0,0,0,0,0,0,0,0,0,0,0,0,0,0,0,0,0,0,0,0,0,0.0,0.0,0.0,0.0,0.0,0.0,0.0,0.0,0.0,0.0,0.0,0.0,0.0,0.0,-2.5962063029642504e+33,0.0,0.0,0.0,0.0,0.0,0.0,0.0,0.0,0.0,-2.004,0.0,0.0,0.0,0.0,0.0,3404.5,-3.697154467689818e+19,0.0,2.7184278591402704e+23,0.0,-0.0,0.0,0.0,0.0,0.0,0.0,0,-0.0,0.0,0.0,0.0,0.0,0.0,0.0,0.0,0.0,0,0,0,0.0,0.0,0.0,0.0,0.0,0.0,0.0,0.0,0.0,0.0,0.0,0.0,0.0,0.0,0.0,0.0,0,-107875648.0,0,0.0,0,-107875648.0,-107877712.0,0,52429,17039,13107,17054,13107,17038,0,0,0,110,100,100,-0.0,64.0,0.0,64.5,0.0,69.0,1,49,50,180,0,52429,0,0,0.0,0.0,0.0,0.0,-0.0,65.0,0.0,-0.0,0.0,646,0,689,0,0,0,719,0,791,0,711,0,690,0,645,0,643,0,616,0.032,55836672.0,0.0,2.7302316136196234e+23,5136,16788,-0.0,-0.0,4.5277650044012645e+37,-958847647744.0,0.0,0.0,29.0,60.0,70,0.0,0.0,0.0,0.0,0.0,0.0,0.0,0.0,0.0,0.0,0.0,0.0,0.0,0.0,0.0,0.0,59.2,69,11,65508,41,65476,0,300,0,0,8,20529,65476,0,0,61604,60.0,0.0,0.0,0.0,0.0,0.0
2026-04-04T11:11:21,ERR,ERR,ERR,ERR,ERR,ERR,ERR,ERR,ERR,ERR,ERR,ERR,ERR,ERR,ERR,ERR,ERR,ERR,ERR,ERR,ERR,ERR,ERR,ERR,ERR,ERR,ERR,ERR,ERR,ERR,ERR,ERR,ERR,ERR,ERR,ERR,ERR,ERR,ERR,ERR,ERR,ERR,ERR,ERR,ERR,ERR,ERR,ERR,ERR,ERR,ERR,ERR,ERR,ERR,ERR,ERR,ERR,ERR,ERR,ERR,ERR,ERR,ERR,ERR,ERR,ERR,ERR,ERR,ERR,ERR,ERR,ERR,ERR,ERR,ERR,ERR,ERR,ERR,ERR,ERR,ERR,ERR,ERR,ERR,ERR,ERR,ERR,ERR,ERR,ERR,ERR,ERR,ERR,ERR,ERR,ERR,ERR,ERR,ERR,ERR,ERR,ERR,ERR,ERR,ERR,ERR,ERR,ERR,ERR,ERR,ERR,ERR,ERR,ERR,ERR,ERR,ERR,ERR,ERR,ERR,ERR,ERR,ERR,ERR,ERR,2.7184278591402704e+23,0.0,-0.0,0.0,0.0,0.0,0.0,nan,0,0,0,32768,0,0.0,0,0.0,0.0,0.0,0.0,0.0,0,0,0,0,0.0,0,0,0,0,0,0,0,0,0,0,0,0,0,0,0,0,0,0,0,0,0,0,0,0,0,0,0,0,0,0,0,0,0,0,0,0,0,0,0,0,0,0,0,0,0.0,0.0,0.0,0.0,0.0,0.0,0.0,0.0,0.0,0.0,0.0,0.0,0.0,0.0,-2.5962063029642504e+33,0.0,0.0,0.0,0.0,0.0,0.0,0.0,0.0,0.0,-2.004,0.0,0.0,0.0,0.0,0.0,3404.5,-3.697154467689818e+19,0.0,2.7184278591402704e+23,0.0,-0.0,0.0,0.0,0.0,0.0,0.0,0,-0.0,0.0,0.0,0.0,0.0,0.0,0.0,0.0,0.0,0,0,0,0.0,0.0,0.0,0.0,0.0,0.0,0.0,0.0,0.0,0.0,0.0,0.0,0.0,0.0,0.0,0.0,0,-107875648.0,0,0.0,0,-107875648.0,-107877712.0,0,52429,17039,13107,17054,13107,17038,0,0,0,110,100,100,-0.0,64.0,0.0,64.5,0.0,69.0,1,49,50,180,0,52429,0,0,0.0,0.0,0.0,0.0,-0.0,65.0,0.0,-0.0,0.0,646,0,689,0,0,0,719,0,791,0,711,0,690,0,645,0,643,0,616,0.032,55836672.0,0.0,2.7302316136196234e+23,5136,16788,-0.0,-0.0,4.5277650044012645e+37,-958847647744.0,0.0,0.0,29.0,60.0,70,0.0,0.0,0.0,0.0,0.0,0.0,0.0,0.0,0.0,0.0,0.0,0.0,0.0,0.0,0.0,0.0,59.2,69,11,65508,41,65476,0,300,0,0,8,20529,65476,0,0,61604,60.0,0.0,0.0,0.0,0.0,0.0
2026-04-04T11:11:22,ERR,ERR,ERR,ERR,ERR,ERR,ERR,ERR,ERR,ERR,ERR,ERR,ERR,ERR,ERR,ERR,ERR,ERR,ERR,ERR,ERR,ERR,ERR,ERR,ERR,ERR,ERR,ERR,ERR,ERR,ERR,ERR,ERR,ERR,ERR,ERR,ERR,ERR,ERR,ERR,ERR,ERR,ERR,ERR,ERR,ERR,ERR,ERR,ERR,ERR,ERR,ERR,ERR,ERR,ERR,ERR,ERR,ERR,ERR,ERR,ERR,ERR,ERR,ERR,ERR,ERR,ERR,ERR,ERR,ERR,ERR,ERR,ERR,ERR,ERR,ERR,ERR,ERR,ERR,ERR,ERR,ERR,ERR,ERR,ERR,ERR,ERR,ERR,ERR,ERR,ERR,ERR,ERR,ERR,ERR,ERR,ERR,ERR,ERR,ERR,ERR,ERR,ERR,ERR,ERR,ERR,ERR,ERR,ERR,ERR,ERR,ERR,ERR,ERR,ERR,ERR,ERR,ERR,ERR,ERR,ERR,ERR,ERR,ERR,ERR,2.7184278591402704e+23,0.0,-0.0,0.0,0.0,0.0,0.0,nan,0,0,0,32768,0,0.0,0,0.0,0.0,0.0,0.0,0.0,0,0,0,0,0.0,0,0,0,0,0,0,0,0,0,0,0,0,0,0,0,0,0,0,0,0,0,0,0,0,0,0,0,0,0,0,0,0,0,0,0,0,0,0,0,0,0,0,0,0,0.0,0.0,0.0,0.0,0.0,0.0,0.0,0.0,0.0,0.0,0.0,0.0,0.0,0.0,-2.5962063029642504e+33,0.0,0.0,0.0,0.0,0.0,0.0,0.0,0.0,0.0,-2.004,0.0,0.0,0.0,0.0,0.0,3404.5,-3.697154467689818e+19,0.0,2.7184278591402704e+23,0.0,-0.0,0.0,0.0,0.0,0.0,0.0,0,-0.0,0.0,0.0,0.0,0.0,0.0,0.0,0.0,0.0,0,0,0,0.0,0.0,0.0,0.0,0.0,0.0,0.0,0.0,0.0,0.0,0.0,0.0,0.0,0.0,0.0,0.0,0,-107875648.0,0,0.0,0,-107875648.0,-107877712.0,0,52429,17039,13107,17054,13107,17038,0,0,0,110,100,100,-0.0,64.0,0.0,64.5,0.0,69.0,1,49,50,180,0,52429,0,0,0.0,0.0,0.0,0.0,-0.0,65.0,0.0,-0.0,0.0,646,0,689,0,0,0,719,0,791,0,711,0,690,0,645,0,643,0,616,0.032,55836672.0,0.0,2.7302316136196234e+23,5136,16788,-0.0,-0.0,4.5277650044012645e+37,-958847647744.0,0.0,0.0,29.0,60.0,70,0.0,0.0,0.0,0.0,0.0,0.0,0.0,0.0,0.0,0.0,0.0,0.0,0.0,0.0,0.0,0.0,59.2,69,11,65508,41,65476,0,300,0,0,8,20529,65476,0,0,61604,60.0,0.0,0.0,0.0,0.0,0.0
2026-04-04T11:11:23,ERR,ERR,ERR,ERR,ERR,ERR,ERR,ERR,ERR,ERR,ERR,ERR,ERR,ERR,ERR,ERR,ERR,ERR,ERR,ERR,ERR,ERR,ERR,ERR,ERR,ERR,ERR,ERR,ERR,ERR,ERR,ERR,ERR,ERR,ERR,ERR,ERR,ERR,ERR,ERR,ERR,ERR,ERR,ERR,ERR,ERR,ERR,ERR,ERR,ERR,ERR,ERR,ERR,ERR,ERR,ERR,ERR,ERR,ERR,ERR,ERR,ERR,ERR,ERR,ERR,ERR,ERR,ERR,ERR,ERR,ERR,ERR,ERR,ERR,ERR,ERR,ERR,ERR,ERR,ERR,ERR,ERR,ERR,ERR,ERR,ERR,ERR,ERR,ERR,ERR,ERR,ERR,ERR,ERR,ERR,ERR,ERR,ERR,ERR,ERR,ERR,ERR,ERR,ERR,ERR,ERR,ERR,ERR,ERR,ERR,ERR,ERR,ERR,ERR,ERR,ERR,ERR,ERR,ERR,ERR,ERR,ERR,ERR,ERR,ERR,2.7184278591402704e+23,0.0,-0.0,0.0,0.0,0.0,0.0,nan,0,0,0,32768,0,0.0,0,0.0,0.0,0.0,0.0,0.0,0,0,0,0,0.0,0,0,0,0,0,0,0,0,0,0,0,0,0,0,0,0,0,0,0,0,0,0,0,0,0,0,0,0,0,0,0,0,0,0,0,0,0,0,0,0,0,0,0,0,0.0,0.0,0.0,0.0,0.0,0.0,0.0,0.0,0.0,0.0,0.0,0.0,0.0,0.0,-2.5962063029642504e+33,0.0,0.0,0.0,0.0,0.0,0.0,0.0,0.0,0.0,-2.004,0.0,0.0,0.0,0.0,0.0,3404.5,-3.697154467689818e+19,0.0,2.7184278591402704e+23,0.0,-0.0,0.0,0.0,0.0,0.0,0.0,0,-0.0,0.0,0.0,0.0,0.0,0.0,0.0,0.0,0.0,0,0,0,0.0,0.0,0.0,0.0,0.0,0.0,0.0,0.0,0.0,0.0,0.0,0.0,0.0,0.0,0.0,0.0,0,-107875648.0,0,0.0,0,-107875648.0,-107877712.0,0,52429,17039,13107,17054,13107,17038,0,0,0,110,100,100,-0.0,64.0,0.0,64.5,0.0,69.0,1,49,50,180,13107,52429,0,0,0.0,0.0,0.0,0.0,-0.0,65.0,0.0,-0.0,0.0,646,0,689,0,0,0,719,0,791,0,711,0,690,0,645,0,643,0,616,0.032,55836672.0,0.0,2.7302316136196234e+23,64912,16787,-0.0,nan,0.0,-0.028,0.0,-2.9958553940855774e+30,29.0,60.0,70,0.0,0.0,0.0,0.0,0.0,0.0,0.0,0.0,0.0,0.0,0.0,0.0,0.0,0.0,0.0,0.0,59.2,69,11,65508,41,65476,0,300,0,0,8,20529,65476,0,0,61604,60.0,0.0,0.0,0.0,0.0,0.0
2026-04-04T11:11:24,ERR,ERR,ERR,ERR,ERR,ERR,ERR,ERR,ERR,ERR,ERR,ERR,ERR,ERR,ERR,ERR,ERR,ERR,ERR,ERR,ERR,ERR,ERR,ERR,ERR,ERR,ERR,ERR,ERR,ERR,ERR,ERR,ERR,ERR,ERR,ERR,ERR,ERR,ERR,ERR,ERR,ERR,ERR,ERR,ERR,ERR,ERR,ERR,ERR,ERR,ERR,ERR,ERR,ERR,ERR,ERR,ERR,ERR,ERR,ERR,ERR,ERR,ERR,ERR,ERR,ERR,ERR,ERR,ERR,ERR,ERR,ERR,ERR,ERR,ERR,ERR,ERR,ERR,ERR,ERR,ERR,ERR,ERR,ERR,ERR,ERR,ERR,ERR,ERR,ERR,ERR,ERR,ERR,ERR,ERR,ERR,ERR,ERR,ERR,ERR,ERR,ERR,ERR,ERR,ERR,ERR,ERR,ERR,ERR,ERR,ERR,ERR,ERR,ERR,ERR,ERR,ERR,ERR,ERR,ERR,ERR,ERR,ERR,ERR,ERR,2.7184278591402704e+23,0.0,-0.0,0.0,0.0,0.0,0.0,nan,0,0,0,32768,0,0.0,0,0.0,0.0,0.0,0.0,0.0,0,0,0,0,0.0,0,0,0,0,0,0,0,0,0,0,0,0,0,0,0,0,0,0,0,0,0,0,0,0,0,0,0,0,0,0,0,0,0,0,0,0,0,0,0,0,0,0,0,0,0.0,0.0,0.0,0.0,0.0,0.0,0.0,0.0,0.0,0.0,0.0,0.0,0.0,0.0,-2.5962063029642504e+33,0.0,0.0,0.0,0.0,0.0,0.0,0.0,0.0,0.0,-2.004,0.0,0.0,0.0,0.0,0.0,3404.5,-3.697154467689818e+19,0.0,2.7184278591402704e+23,0.0,-0.0,0.0,0.0,0.0,0.0,0.0,0,-0.0,0.0,0.0,0.0,0.0,0.0,0.0,0.0,0.0,0,0,0,0.0,0.0,0.0,0.0,0.0,0.0,0.0,0.0,0.0,0.0,0.0,0.0,0.0,0.0,0.0,0.0,0,-107875648.0,0,0.0,0,-107875648.0,-107877712.0,0,52429,17039,13107,17054,13107,17038,0,0,0,110,100,100,-0.0,64.0,0.0,64.5,0.0,69.0,1,49,50,180,13107,52429,0,0,0.0,0.0,0.0,0.0,-0.0,65.0,0.0,-0.0,0.0,646,0,689,0,0,0,719,0,791,0,711,0,690,0,645,0,643,0,616,0.032,55836672.0,0.0,2.7302316136196234e+23,64912,16787,-0.0,nan,0.0,-0.028,0.0,-2.9958553940855774e+30,29.0,60.0,70,0.0,0.0,0.0,0.0,0.0,0.0,0.0,0.0,0.0,0.0,0.0,0.0,0.0,0.0,0.0,0.0,59.2,69,11,65508,41,65476,0,300,0,0,8,20529,65476,0,0,61604,60.0,0.0,0.0,0.0,0.0,0.0
2026-04-04T11:11:25,ERR,ERR,ERR,ERR,ERR,ERR,ERR,ERR,ERR,ERR,ERR,ERR,ERR,ERR,ERR,ERR,ERR,ERR,ERR,ERR,ERR,ERR,ERR,ERR,ERR,ERR,ERR,ERR,ERR,ERR,ERR,ERR,ERR,ERR,ERR,ERR,ERR,ERR,ERR,ERR,ERR,ERR,ERR,ERR,ERR,ERR,ERR,ERR,ERR,ERR,ERR,ERR,ERR,ERR,ERR,ERR,ERR,ERR,ERR,ERR,ERR,ERR,ERR,ERR,ERR,ERR,ERR,ERR,ERR,ERR,ERR,ERR,ERR,ERR,ERR,ERR,ERR,ERR,ERR,ERR,ERR,ERR,ERR,ERR,ERR,ERR,ERR,ERR,ERR,ERR,ERR,ERR,ERR,ERR,ERR,ERR,ERR,ERR,ERR,ERR,ERR,ERR,ERR,ERR,ERR,ERR,ERR,ERR,ERR,ERR,ERR,ERR,ERR,ERR,ERR,ERR,ERR,ERR,ERR,ERR,ERR,ERR,ERR,ERR,ERR,2.7184278591402704e+23,0.0,-0.0,0.0,0.0,0.0,0.0,nan,0,0,0,32768,0,0.0,0,0.0,0.0,0.0,0.0,0.0,0,0,0,0,0.0,0,0,0,0,0,0,0,0,0,0,0,0,0,0,0,0,0,0,0,0,0,0,0,0,0,0,0,0,0,0,0,0,0,0,0,0,0,0,0,0,0,0,0,0,0.0,0.0,0.0,0.0,0.0,0.0,0.0,0.0,0.0,0.0,0.0,0.0,0.0,0.0,-2.5962063029642504e+33,0.0,0.0,0.0,0.0,0.0,0.0,0.0,0.0,0.0,-2.004,0.0,0.0,0.0,0.0,0.0,3404.5,-3.697154467689818e+19,0.0,2.7184278591402704e+23,0.0,-0.0,0.0,0.0,0.0,0.0,0.0,0,-0.0,0.0,0.0,0.0,0.0,0.0,0.0,0.0,0.0,0,0,0,0.0,0.0,0.0,0.0,0.0,0.0,0.0,0.0,0.0,0.0,0.0,0.0,0.0,0.0,0.0,0.0,0,-107875648.0,0,0.0,0,-107875648.0,-107877712.0,0,52429,17039,13107,17054,13107,17038,0,0,0,110,100,100,-0.0,64.0,0.0,64.5,0.0,69.0,1,49,50,180,13107,52429,0,0,0.0,0.0,0.0,0.0,-0.0,65.0,0.0,-0.0,0.0,646,0,689,0,0,0,719,0,791,0,711,0,690,0,645,0,643,0,616,0.032,55836672.0,0.0,2.7302316136196234e+23,64912,16787,-0.0,nan,0.0,-0.028,0.0,-2.9958553940855774e+30,29.0,60.0,70,0.0,0.0,0.0,0.0,0.0,0.0,0.0,0.0,0.0,0.0,0.0,0.0,0.0,0.0,0.0,0.0,59.2,69,11,65508,41,65476,0,300,0,0,8,20529,65476,0,0,61604,60.0,0.0,0.0,0.0,0.0,0.0
2026-04-04T11:11:26,ERR,ERR,ERR,ERR,ERR,ERR,ERR,ERR,ERR,ERR,ERR,ERR,ERR,ERR,ERR,ERR,ERR,ERR,ERR,ERR,ERR,ERR,ERR,ERR,ERR,ERR,ERR,ERR,ERR,ERR,ERR,ERR,ERR,ERR,ERR,ERR,ERR,ERR,ERR,ERR,ERR,ERR,ERR,ERR,ERR,ERR,ERR,ERR,ERR,ERR,ERR,ERR,ERR,ERR,ERR,ERR,ERR,ERR,ERR,ERR,ERR,ERR,ERR,ERR,ERR,ERR,ERR,ERR,ERR,ERR,ERR,ERR,ERR,ERR,ERR,ERR,ERR,ERR,ERR,ERR,ERR,ERR,ERR,ERR,ERR,ERR,ERR,ERR,ERR,ERR,ERR,ERR,ERR,ERR,ERR,ERR,ERR,ERR,ERR,ERR,ERR,ERR,ERR,ERR,ERR,ERR,ERR,ERR,ERR,ERR,ERR,ERR,ERR,ERR,ERR,ERR,ERR,ERR,ERR,ERR,ERR,ERR,ERR,ERR,ERR,2.7184278591402704e+23,0.0,-0.0,0.0,0.0,0.0,0.0,nan,0,0,0,32768,0,0.0,0,0.0,0.0,0.0,0.0,0.0,0,0,0,0,0.0,0,0,0,0,0,0,0,0,0,0,0,0,0,0,0,0,0,0,0,0,0,0,0,0,0,0,0,0,0,0,0,0,0,0,0,0,0,0,0,0,0,0,0,0,0.0,0.0,0.0,0.0,0.0,0.0,0.0,0.0,0.0,0.0,0.0,0.0,0.0,0.0,0.0,0.0,0.0,0.0,0.0,0.0,0.0,0.0,0.0,0.0,-2.004,0.0,0.0,0.0,0.0,0.0,3404.0,-1.5879157526988056e+29,0.0,2.7184278591402704e+23,0.0,-0.0,0.0,0.0,0.0,0.0,0.0,0,4.9504239556116174e+32,0.059,0.0,0.0,0.0,0.0,0.0,0.0,0.0,0,0,0,0.0,0.0,0.0,0.0,0.0,0.0,0.0,0.0,0.0,0.0,0.0,0.0,0.0,0.0,0.0,0.0,0,-107875648.0,0,0.0,0,-107875648.0,-107877712.0,0,52429,17039,13107,17054,13107,17038,0,0,0,110,100,100,-0.0,64.0,0.0,64.5,0.0,69.0,1,49,50,180,13107,52429,0,0,0.0,0.0,0.0,0.0,-0.0,65.0,0.0,-0.0,0.0,646,0,689,0,0,0,719,0,791,0,711,0,690,0,645,0,643,0,616,0.032,55836672.0,0.0,2.7302316136196234e+23,64912,16787,-0.0,nan,0.0,-0.028,0.0,-2.9958553940855774e+30,29.0,60.0,70,0.0,0.0,0.0,0.0,0.0,0.0,0.0,0.0,0.0,0.0,0.0,0.0,0.0,0.0,0.0,0.0,59.6,69,11,65508,41,65476,0,300,0,0,8,20529,65476,0,0,61604,60.0,0.0,0.0,0.0,0.0,0.0
2026-04-04T11:11:27,ERR,ERR,ERR,ERR,ERR,ERR,ERR,ERR,ERR,ERR,ERR,ERR,ERR,ERR,ERR,ERR,ERR,ERR,ERR,ERR,ERR,ERR,ERR,ERR,ERR,ERR,ERR,ERR,ERR,ERR,ERR,ERR,ERR,ERR,ERR,ERR,ERR,ERR,ERR,ERR,ERR,ERR,ERR,ERR,ERR,ERR,ERR,ERR,ERR,ERR,ERR,ERR,ERR,ERR,ERR,ERR,ERR,ERR,ERR,ERR,ERR,ERR,ERR,ERR,ERR,ERR,ERR,ERR,ERR,ERR,ERR,ERR,ERR,ERR,ERR,ERR,ERR,ERR,ERR,ERR,ERR,ERR,ERR,ERR,ERR,ERR,ERR,ERR,ERR,ERR,ERR,ERR,ERR,ERR,ERR,ERR,ERR,ERR,ERR,ERR,ERR,ERR,ERR,ERR,ERR,ERR,ERR,ERR,ERR,ERR,ERR,ERR,ERR,ERR,ERR,ERR,ERR,ERR,ERR,ERR,ERR,ERR,ERR,ERR,ERR,2.7184278591402704e+23,0.0,-0.0,0.0,0.0,0.0,0.0,nan,0,0,0,32768,0,0.0,0,0.0,0.0,0.0,0.0,0.0,0,0,0,0,0.0,0,0,0,0,0,0,0,0,0,0,0,0,0,0,0,0,0,0,0,0,0,0,0,0,0,0,0,0,0,0,0,0,0,0,0,0,0,0,0,0,0,0,0,0,0.0,0.0,0.0,0.0,0.0,0.0,0.0,0.0,0.0,0.0,0.0,0.0,0.0,0.0,0.0,0.0,0.0,0.0,0.0,0.0,0.0,0.0,0.0,0.0,-2.004,0.0,0.0,0.0,0.0,0.0,3404.0,-1.5879157526988056e+29,0.0,2.7184278591402704e+23,0.0,-0.0,0.0,0.0,0.0,0.0,0.0,0,4.9504239556116174e+32,0.059,0.0,0.0,0.0,0.0,0.0,0.0,0.0,0,0,0,0.0,0.0,0.0,0.0,0.0,0.0,0.0,0.0,0.0,0.0,0.0,0.0,0.0,0.0,0.0,0.0,0,-107875648.0,0,0.0,0,-107875648.0,-107877712.0,0,52429,17039,13107,17054,13107,17038,0,0,0,110,100,100,-0.0,64.0,0.0,64.5,0.0,69.0,1,49,50,180,13107,52429,0,0,0.0,0.0,0.0,0.0,-0.0,65.0,0.0,-0.0,0.0,646,0,689,0,0,0,719,0,791,0,711,0,690,0,645,0,643,0,616,0.032,55836672.0,0.0,2.7302316136196234e+23,64912,16787,-0.0,nan,0.0,-0.028,0.0,-2.9958553940855774e+30,29.0,60.0,70,0.0,0.0,0.0,0.0,0.0,0.0,0.0,0.0,0.0,0.0,0.0,0.0,0.0,0.0,0.0,0.0,59.6,69,11,65508,41,65476,0,300,0,0,8,20529,65476,0,0,61604,60.0,0.0,0.0,0.0,0.0,0.0
2026-04-04T11:11:28,ERR,ERR,ERR,ERR,ERR,ERR,ERR,ERR,ERR,ERR,ERR,ERR,ERR,ERR,ERR,ERR,ERR,ERR,ERR,ERR,ERR,ERR,ERR,ERR,ERR,ERR,ERR,ERR,ERR,ERR,ERR,ERR,ERR,ERR,ERR,ERR,ERR,ERR,ERR,ERR,ERR,ERR,ERR,ERR,ERR,ERR,ERR,ERR,ERR,ERR,ERR,ERR,ERR,ERR,ERR,ERR,ERR,ERR,ERR,ERR,ERR,ERR,ERR,ERR,ERR,ERR,ERR,ERR,ERR,ERR,ERR,ERR,ERR,ERR,ERR,ERR,ERR,ERR,ERR,ERR,ERR,ERR,ERR,ERR,ERR,ERR,ERR,ERR,ERR,ERR,ERR,ERR,ERR,ERR,ERR,ERR,ERR,ERR,ERR,ERR,ERR,ERR,ERR,ERR,ERR,ERR,ERR,ERR,ERR,ERR,ERR,ERR,ERR,ERR,ERR,ERR,ERR,ERR,ERR,ERR,ERR,ERR,ERR,ERR,ERR,2.7184278591402704e+23,0.0,-0.0,0.0,0.0,0.0,0.0,nan,0,0,0,32768,0,0.0,0,0.0,0.0,0.0,0.0,0.0,0,0,0,0,0.0,0,0,0,0,0,0,0,0,0,0,0,0,0,0,0,0,0,0,0,0,0,0,0,0,0,0,0,0,0,0,0,0,0,0,0,0,0,0,0,0,0,0,0,0,0.0,0.0,0.0,0.0,0.0,0.0,0.0,0.0,0.0,0.0,0.0,0.0,0.0,0.0,0.0,0.0,0.0,0.0,0.0,0.0,0.0,0.0,0.0,0.0,-2.004,0.0,0.0,0.0,0.0,0.0,3404.0,-1.5879157526988056e+29,0.0,2.7184278591402704e+23,0.0,-0.0,0.0,0.0,0.0,0.0,0.0,0,4.9504239556116174e+32,0.059,0.0,0.0,0.0,0.0,0.0,0.0,0.0,0,0,0,0.0,0.0,0.0,0.0,0.0,0.0,0.0,0.0,0.0,0.0,0.0,0.0,0.0,0.0,0.0,0.0,0,-107875648.0,0,0.0,0,-107875648.0,-107877712.0,0,52429,17039,13107,17054,13107,17038,0,0,0,110,100,100,-0.0,64.0,0.0,64.5,0.0,69.0,1,49,50,180,13107,52429,0,0,0.0,0.0,0.0,0.0,-0.0,65.0,0.0,-0.0,0.0,646,0,689,0,0,0,719,0,791,0,711,0,690,0,645,0,643,0,616,0.032,55836672.0,0.0,2.7302316136196234e+23,64912,16787,-0.0,nan,0.0,-0.028,0.0,-2.9958553940855774e+30,29.0,60.0,70,0.0,0.0,0.0,0.0,0.0,0.0,0.0,0.0,0.0,0.0,0.0,0.0,0.0,0.0,0.0,0.0,59.6,69,11,65508,41,65476,0,300,0,0,8,20529,65476,0,0,61604,60.0,0.0,0.0,0.0,0.0,0.0
2026-04-04T11:11:29,ERR,ERR,ERR,ERR,ERR,ERR,ERR,ERR,ERR,ERR,ERR,ERR,ERR,ERR,ERR,ERR,ERR,ERR,ERR,ERR,ERR,ERR,ERR,ERR,ERR,ERR,ERR,ERR,ERR,ERR,ERR,ERR,ERR,ERR,ERR,ERR,ERR,ERR,ERR,ERR,ERR,ERR,ERR,ERR,ERR,ERR,ERR,ERR,ERR,ERR,ERR,ERR,ERR,ERR,ERR,ERR,ERR,ERR,ERR,ERR,ERR,ERR,ERR,ERR,ERR,ERR,ERR,ERR,ERR,ERR,ERR,ERR,ERR,ERR,ERR,ERR,ERR,ERR,ERR,ERR,ERR,ERR,ERR,ERR,ERR,ERR,ERR,ERR,ERR,ERR,ERR,ERR,ERR,ERR,ERR,ERR,ERR,ERR,ERR,ERR,ERR,ERR,ERR,ERR,ERR,ERR,ERR,ERR,ERR,ERR,ERR,ERR,ERR,ERR,ERR,ERR,ERR,ERR,ERR,ERR,ERR,ERR,ERR,ERR,ERR,2.7184278591402704e+23,0.0,-0.0,0.0,0.0,0.0,0.0,nan,0,0,0,32768,0,0.0,0,0.0,0.0,0.0,0.0,0.0,0,0,0,0,0.0,0,0,0,0,0,0,0,0,0,0,0,0,0,0,0,0,0,0,0,0,0,0,0,0,0,0,0,0,0,0,0,0,0,0,0,0,0,0,0,0,0,0,0,0,0.0,0.0,0.0,0.0,0.0,0.0,0.0,0.0,0.0,0.0,0.0,0.0,0.0,0.0,0.0,0.0,0.0,0.0,0.0,0.0,0.0,0.0,0.0,0.0,-2.004,0.0,0.0,0.0,0.0,0.0,3404.0,-1.5879157526988056e+29,0.0,2.7184278591402704e+23,0.0,-0.0,0.0,0.0,0.0,0.0,0.0,0,4.9504239556116174e+32,0.059,0.0,0.0,0.0,0.0,0.0,0.0,0.0,0,0,0,0.0,0.0,0.0,0.0,0.0,0.0,0.0,0.0,0.0,0.0,0.0,0.0,0.0,0.0,0.0,0.0,0,-107875648.0,0,0.0,0,-107875648.0,-107877712.0,0,52429,17039,13107,17054,13107,17038,0,0,0,110,100,100,-0.0,64.0,0.0,64.5,0.0,69.0,1,49,50,180,13107,52429,0,0,0.0,0.0,0.0,0.0,-0.0,65.0,0.0,1847656448.0,0.0,646,0,690,0,0,0,719,0,791,0,711,0,690,0,645,0,643,0,616,0.032,40370176.0,0.0,2.7302316136196234e+23,6288,16788,-0.0,1866.062,0.0,8.087667985296566e+26,-1.0847942609298956e+29,-1154505194340352.0,29.0,60.0,70,0.0,0.0,0.0,0.0,0.0,0.0,0.0,0.0,0.0,0.0,0.0,0.0,0.0,0.0,0.0,0.0,59.2,69,11,65508,41,65476,0,300,0,0,8,20529,65476,0,0,61604,60.0,0.0,0.0,0.0,0.0,0.0
2026-04-04T11:11:30,ERR,ERR,ERR,ERR,ERR,ERR,ERR,ERR,ERR,ERR,ERR,ERR,ERR,ERR,ERR,ERR,ERR,ERR,ERR,ERR,ERR,ERR,ERR,ERR,ERR,ERR,ERR,ERR,ERR,ERR,ERR,ERR,ERR,ERR,ERR,ERR,ERR,ERR,ERR,ERR,ERR,ERR,ERR,ERR,ERR,ERR,ERR,ERR,ERR,ERR,ERR,ERR,ERR,ERR,ERR,ERR,ERR,ERR,ERR,ERR,ERR,ERR,ERR,ERR,ERR,ERR,ERR,ERR,ERR,ERR,ERR,ERR,ERR,ERR,ERR,ERR,ERR,ERR,ERR,ERR,ERR,ERR,ERR,ERR,ERR,ERR,ERR,ERR,ERR,ERR,ERR,ERR,ERR,ERR,ERR,ERR,ERR,ERR,ERR,ERR,ERR,ERR,ERR,ERR,ERR,ERR,ERR,ERR,ERR,ERR,ERR,ERR,ERR,ERR,ERR,ERR,ERR,ERR,ERR,ERR,ERR,ERR,ERR,ERR,ERR,2.7184278591402704e+23,0.0,-0.0,0.0,0.0,0.0,0.0,nan,0,0,0,32768,0,0.0,0,0.0,0.0,0.0,0.0,0.0,0,0,0,0,0.0,0,0,0,0,0,0,0,0,0,0,0,0,0,0,0,0,0,0,0,0,0,0,0,0,0,0,0,0,0,0,0,0,0,0,0,0,0,0,0,0,0,0,0,0,0.0,0.0,0.0,0.0,0.0,0.0,0.0,0.0,0.0,0.0,0.0,0.0,0.0,0.0,0.0,0.0,0.0,0.0,0.0,0.0,0.0,0.0,0.0,0.0,-2.004,0.0,0.0,0.0,0.0,0.0,3404.0,-1.5879157526988056e+29,0.0,2.7184278591402704e+23,0.0,-0.0,0.0,0.0,0.0,0.0,0.0,0,4.9504239556116174e+32,0.059,0.0,0.0,0.0,0.0,0.0,0.0,0.0,0,0,0,0.0,0.0,0.0,0.0,0.0,0.0,0.0,0.0,0.0,0.0,0.0,0.0,0.0,0.0,0.0,0.0,0,-107875648.0,0,0.0,0,-107875648.0,-107877712.0,0,52429,17039,13107,17054,13107,17038,0,0,0,110,100,100,-0.0,64.0,0.0,64.5,0.0,69.0,1,49,50,180,13107,52429,0,0,0.0,0.0,0.0,0.0,-0.0,65.0,0.0,1847656448.0,0.0,646,0,690,0,0,0,719,0,791,0,711,0,690,0,645,0,643,0,616,0.032,40370176.0,0.0,2.7302316136196234e+23,6288,16788,-0.0,1866.062,0.0,8.087667985296566e+26,-1.0847942609298956e+29,-1154505194340352.0,29.0,60.0,70,0.0,0.0,0.0,0.0,0.0,0.0,0.0,0.0,0.0,0.0,0.0,0.0,0.0,0.0,0.0,0.0,59.2,69,11,65508,41,65476,0,300,0,0,8,20529,65476,0,0,61604,60.0,0.0,0.0,0.0,0.0,0.0
2026-04-04T11:11:31,ERR,ERR,ERR,ERR,ERR,ERR,ERR,ERR,ERR,ERR,ERR,ERR,ERR,ERR,ERR,ERR,ERR,ERR,ERR,ERR,ERR,ERR,ERR,ERR,ERR,ERR,ERR,ERR,ERR,ERR,ERR,ERR,ERR,ERR,ERR,ERR,ERR,ERR,ERR,ERR,ERR,ERR,ERR,ERR,ERR,ERR,ERR,ERR,ERR,ERR,ERR,ERR,ERR,ERR,ERR,ERR,ERR,ERR,ERR,ERR,ERR,ERR,ERR,ERR,ERR,ERR,ERR,ERR,ERR,ERR,ERR,ERR,ERR,ERR,ERR,ERR,ERR,ERR,ERR,ERR,ERR,ERR,ERR,ERR,ERR,ERR,ERR,ERR,ERR,ERR,ERR,ERR,ERR,ERR,ERR,ERR,ERR,ERR,ERR,ERR,ERR,ERR,ERR,ERR,ERR,ERR,ERR,ERR,ERR,ERR,ERR,ERR,ERR,ERR,ERR,ERR,ERR,ERR,ERR,ERR,ERR,ERR,ERR,ERR,ERR,2.7184278591402704e+23,0.0,-0.0,0.0,0.0,0.0,0.0,nan,0,0,0,32768,0,0.0,0,0.0,0.0,0.0,0.0,0.0,0,0,0,0,0.0,0,0,0,0,0,0,0,0,0,0,0,0,0,0,0,0,0,0,0,0,0,0,0,0,0,0,0,0,0,0,0,0,0,0,0,0,0,0,0,0,0,0,0,0,0.0,0.0,0.0,0.0,0.0,0.0,0.0,0.0,0.0,0.0,0.0,0.0,0.0,0.0,0.0,0.0,0.0,0.0,0.0,0.0,0.0,0.0,0.0,0.0,-2.004,0.0,0.0,0.0,0.0,0.0,3404.0,-1.5879157526988056e+29,0.0,2.7184278591402704e+23,0.0,-0.0,0.0,0.0,0.0,0.0,0.0,0,4.9504239556116174e+32,0.059,0.0,0.0,0.0,0.0,0.0,0.0,0.0,0,0,0,0.0,0.0,0.0,0.0,0.0,0.0,0.0,0.0,0.0,0.0,0.0,0.0,0.0,0.0,0.0,0.0,0,-107875648.0,0,0.0,0,-107875648.0,-107877712.0,0,52429,17039,13107,17054,13107,17038,0,0,0,110,100,100,-0.0,64.0,0.0,64.5,0.0,69.0,1,49,50,180,13107,52429,0,0,0.0,0.0,0.0,0.0,-0.0,65.0,0.0,1847656448.0,0.0,646,0,690,0,0,0,719,0,791,0,711,0,690,0,645,0,643,0,616,0.032,40370176.0,0.0,2.7302316136196234e+23,6288,16788,-0.0,1866.062,0.0,8.087667985296566e+26,-1.0847942609298956e+29,-1154505194340352.0,29.0,60.0,70,0.0,0.0,0.0,0.0,0.0,0.0,0.0,0.0,0.0,0.0,0.0,0.0,0.0,0.0,0.0,0.0,59.2,69,11,65508,41,65476,0,300,0,0,8,20529,65476,0,0,61604,60.0,0.0,0.0,0.0,0.0,0.0
2026-04-04T11:11:32,ERR,ERR,ERR,ERR,ERR,ERR,ERR,ERR,ERR,ERR,ERR,ERR,ERR,ERR,ERR,ERR,ERR,ERR,ERR,ERR,ERR,ERR,ERR,ERR,ERR,ERR,ERR,ERR,ERR,ERR,ERR,ERR,ERR,ERR,ERR,ERR,ERR,ERR,ERR,ERR,ERR,ERR,ERR,ERR,ERR,ERR,ERR,ERR,ERR,ERR,ERR,ERR,ERR,ERR,ERR,ERR,ERR,ERR,ERR,ERR,ERR,ERR,ERR,ERR,ERR,ERR,ERR,ERR,ERR,ERR,ERR,ERR,ERR,ERR,ERR,ERR,ERR,ERR,ERR,ERR,ERR,ERR,ERR,ERR,ERR,ERR,ERR,ERR,ERR,ERR,ERR,ERR,ERR,ERR,ERR,ERR,ERR,ERR,ERR,ERR,ERR,ERR,ERR,ERR,ERR,ERR,ERR,ERR,ERR,ERR,ERR,ERR,ERR,ERR,ERR,ERR,ERR,ERR,ERR,ERR,ERR,ERR,ERR,ERR,ERR,2.7184278591402704e+23,0.0,-0.0,0.0,0.0,0.0,0.0,nan,0,0,0,32768,0,0.0,0,0.0,0.0,0.0,0.0,0.0,0,0,0,0,0.0,0,0,0,0,0,0,0,0,0,0,0,0,0,0,0,0,0,0,0,0,0,0,0,0,0,0,0,0,0,0,0,0,0,0,0,0,0,0,0,0,0,0,0,0,0.0,0.0,0.0,0.0,0.0,0.0,0.0,0.0,0.0,0.0,0.0,0.0,0.0,0.0,0.0,0.0,0.0,0.0,0.0,0.0,0.0,0.0,0.0,0.0,-2.004,0.0,0.0,0.0,0.0,0.0,3404.0,-1.5879157526988056e+29,0.0,2.7184278591402704e+23,0.0,-0.0,0.0,0.0,0.0,0.0,0.0,0,4.9504239556116174e+32,0.059,0.0,0.0,0.0,0.0,0.0,0.0,0.0,0,0,0,0.0,0.0,0.0,0.0,0.0,0.0,0.0,0.0,0.0,0.0,0.0,0.0,0.0,0.0,0.0,0.0,0,-107875648.0,0,0.0,0,-107875648.0,-107877712.0,0,52429,17039,13107,17054,13107,17038,0,0,0,110,100,100,-0.0,64.0,0.0,64.5,0.0,69.0,1,49,50,180,13107,52429,0,0,0.0,0.0,0.0,0.0,-0.0,65.0,0.0,1847656448.0,0.0,646,0,690,0,0,0,719,0,791,0,711,0,690,0,645,0,643,0,616,0.032,40370176.0,0.0,2.7302316136196234e+23,6288,16788,-0.0,1866.062,0.0,8.087667985296566e+26,-1.0847942609298956e+29,-1154505194340352.0,29.0,60.0,70,0.0,0.0,0.0,0.0,0.0,0.0,0.0,0.0,0.0,0.0,0.0,0.0,0.0,0.0,0.0,0.0,59.2,69,11,65508,41,65476,0,300,0,0,8,20529,65476,0,0,61604,60.0,0.0,0.0,0.0,0.0,0.0
2026-04-04T11:11:33,ERR,ERR,ERR,ERR,ERR,ERR,ERR,ERR,ERR,ERR,ERR,ERR,ERR,ERR,ERR,ERR,ERR,ERR,ERR,ERR,ERR,ERR,ERR,ERR,ERR,ERR,ERR,ERR,ERR,ERR,ERR,ERR,ERR,ERR,ERR,ERR,ERR,ERR,ERR,ERR,ERR,ERR,ERR,ERR,ERR,ERR,ERR,ERR,ERR,ERR,ERR,ERR,ERR,ERR,ERR,ERR,ERR,ERR,ERR,ERR,ERR,ERR,ERR,ERR,ERR,ERR,ERR,ERR,ERR,ERR,ERR,ERR,ERR,ERR,ERR,ERR,ERR,ERR,ERR,ERR,ERR,ERR,ERR,ERR,ERR,ERR,ERR,ERR,ERR,ERR,ERR,ERR,ERR,ERR,ERR,ERR,ERR,ERR,ERR,ERR,ERR,ERR,ERR,ERR,ERR,ERR,ERR,ERR,ERR,ERR,ERR,ERR,ERR,ERR,ERR,ERR,ERR,ERR,ERR,ERR,ERR,ERR,ERR,ERR,ERR,2.7184278591402704e+23,0.0,-0.0,0.0,0.0,0.0,0.0,nan,0,0,0,32768,0,0.0,0,0.0,0.0,0.0,0.0,0.0,0,0,0,0,0.0,0,0,0,0,0,0,0,0,0,0,0,0,0,0,0,0,0,0,0,0,0,0,0,0,0,0,0,0,0,0,0,0,0,0,0,0,0,0,0,0,0,0,0,0,0.0,0.0,0.0,0.0,0.0,0.0,0.0,0.0,0.0,0.0,0.0,0.0,0.0,0.0,0.0,0.0,0.0,0.0,0.0,0.0,0.0,0.0,0.0,0.0,-2.004,0.0,0.0,0.0,0.0,0.0,3404.0,-1.5879157526988056e+29,0.0,2.7184278591402704e+23,0.0,-0.0,0.0,0.0,0.0,0.0,0.0,0,4.9504239556116174e+32,0.059,0.0,0.0,0.0,0.0,0.0,0.0,0.0,0,0,0,0.0,0.0,0.0,0.0,0.0,0.0,0.0,0.0,0.0,0.0,0.0,0.0,0.0,0.0,0.0,0.0,0,-107875648.0,0,0.0,0,-107875648.0,-107877712.0,0,52429,17039,13107,17054,13107,17038,0,0,0,110,100,100,-0.0,64.0,0.0,64.5,0.0,69.0,1,49,50,180,13107,52429,0,0,0.0,0.0,0.0,0.0,-0.0,65.0,0.0,1847656448.0,0.0,646,0,690,0,0,0,719,0,791,0,711,0,690,0,645,0,643,0,616,0.032,40370176.0,0.0,2.7302316136196234e+23,6288,16788,-0.0,1866.062,0.0,8.087667985296566e+26,-1.0847942609298956e+29,-1154505194340352.0,29.0,60.0,70,0.0,0.0,0.0,0.0,0.0,0.0,0.0,0.0,0.0,0.0,0.0,0.0,0.0,0.0,0.0,0.0,59.2,69,11,65508,41,65476,0,300,0,0,8,20529,65476,0,0,61604,60.0,0.0,0.0,0.0,0.0,0.0
2026-04-04T11:11:34,ERR,ERR,ERR,ERR,ERR,ERR,ERR,ERR,ERR,ERR,ERR,ERR,ERR,ERR,ERR,ERR,ERR,ERR,ERR,ERR,ERR,ERR,ERR,ERR,ERR,ERR,ERR,ERR,ERR,ERR,ERR,ERR,ERR,ERR,ERR,ERR,ERR,ERR,ERR,ERR,ERR,ERR,ERR,ERR,ERR,ERR,ERR,ERR,ERR,ERR,ERR,ERR,ERR,ERR,ERR,ERR,ERR,ERR,ERR,ERR,ERR,ERR,ERR,ERR,ERR,ERR,ERR,ERR,ERR,ERR,ERR,ERR,ERR,ERR,ERR,ERR,ERR,ERR,ERR,ERR,ERR,ERR,ERR,ERR,ERR,ERR,ERR,ERR,ERR,ERR,ERR,ERR,ERR,ERR,ERR,ERR,ERR,ERR,ERR,ERR,ERR,ERR,ERR,ERR,ERR,ERR,ERR,ERR,ERR,ERR,ERR,ERR,ERR,ERR,ERR,ERR,ERR,ERR,ERR,ERR,ERR,ERR,ERR,ERR,ERR,2.7184278591402704e+23,0.0,-0.0,0.0,0.0,0.0,0.0,nan,0,0,0,32768,0,0.0,0,0.0,0.0,0.0,0.0,0.0,0,0,0,0,0.0,0,0,0,0,0,0,0,0,0,0,0,0,0,0,0,0,0,0,0,0,0,0,0,0,0,0,0,0,0,0,0,0,0,0,0,0,0,0,0,0,0,0,0,0,0.0,0.0,0.0,0.0,0.0,0.0,0.0,0.0,0.0,0.0,0.0,0.0,0.0,0.0,0.0,0.0,0.0,0.0,0.0,0.0,0.0,0.0,0.0,0.0,-2.004,0.0,0.0,0.0,0.0,0.0,3405.0,-8608108544.0,0.0,2.7184278591402704e+23,0.0,-0.0,0.0,0.0,0.0,0.0,0.0,0,3.222024165466893e+26,0.0,0.0,0.0,0.0,0.0,0.0,0.0,0.0,0,0,0,0.0,0.0,0.0,0.0,0.0,0.0,0.0,0.0,0.0,0.0,0.0,0.0,0.0,0.0,0.0,0.0,0,-107875648.0,0,0.0,0,-107875648.0,-107877712.0,0,52429,17039,13107,17054,13107,17038,0,0,0,110,100,100,-0.0,64.0,0.0,64.5,0.0,69.0,1,49,50,180,13107,52429,0,0,0.0,0.0,0.0,0.0,-0.0,65.0,0.0,1847656448.0,0.0,646,0,690,0,0,0,719,0,791,0,711,0,690,0,645,0,643,0,616,0.032,40370176.0,0.0,2.7302316136196234e+23,6288,16788,-0.0,1866.062,0.0,8.087667985296566e+26,-1.0847942609298956e+29,-1154505194340352.0,29.0,60.0,70,0.0,0.0,0.0,0.0,0.0,0.0,0.0,0.0,0.0,0.0,0.0,0.0,0.0,0.0,0.0,0.0,59.2,69,11,65508,41,65476,0,300,0,0,8,20529,65476,0,0,61604,60.0,0.0,0.0,0.0,0.0,0.0
2026-04-04T11:11:35,ERR,ERR,ERR,ERR,ERR,ERR,ERR,ERR,ERR,ERR,ERR,ERR,ERR,ERR,ERR,ERR,ERR,ERR,ERR,ERR,ERR,ERR,ERR,ERR,ERR,ERR,ERR,ERR,ERR,ERR,ERR,ERR,ERR,ERR,ERR,ERR,ERR,ERR,ERR,ERR,ERR,ERR,ERR,ERR,ERR,ERR,ERR,ERR,ERR,ERR,ERR,ERR,ERR,ERR,ERR,ERR,ERR,ERR,ERR,ERR,ERR,ERR,ERR,ERR,ERR,ERR,ERR,ERR,ERR,ERR,ERR,ERR,ERR,ERR,ERR,ERR,ERR,ERR,ERR,ERR,ERR,ERR,ERR,ERR,ERR,ERR,ERR,ERR,ERR,ERR,ERR,ERR,ERR,ERR,ERR,ERR,ERR,ERR,ERR,ERR,ERR,ERR,ERR,ERR,ERR,ERR,ERR,ERR,ERR,ERR,ERR,ERR,ERR,ERR,ERR,ERR,ERR,ERR,ERR,ERR,ERR,ERR,ERR,ERR,ERR,2.7184278591402704e+23,0.0,-0.0,0.0,0.0,0.0,0.0,nan,0,0,0,32768,0,0.0,0,0.0,0.0,0.0,0.0,0.0,0,0,0,0,0.0,0,0,0,0,0,0,0,0,0,0,0,0,0,0,0,0,0,0,0,0,0,0,0,0,0,0,0,0,0,0,0,0,0,0,0,0,0,0,0,0,0,0,0,0,0.0,0.0,0.0,0.0,0.0,0.0,0.0,0.0,0.0,0.0,0.0,0.0,0.0,0.0,0.0,0.0,0.0,0.0,0.0,0.0,0.0,0.0,0.0,0.0,-2.004,0.0,0.0,0.0,0.0,0.0,3405.0,-8608108544.0,0.0,2.7184278591402704e+23,0.0,-0.0,0.0,0.0,0.0,0.0,0.0,0,3.222024165466893e+26,0.0,0.0,0.0,0.0,0.0,0.0,0.0,0.0,0,0,0,0.0,0.0,0.0,0.0,0.0,0.0,0.0,0.0,0.0,0.0,0.0,0.0,0.0,0.0,0.0,0.0,0,-107875648.0,0,0.0,0,-107875648.0,-107877712.0,0,52429,17039,13107,17054,13107,17038,0,0,0,110,100,100,-0.0,64.0,0.0,64.5,0.0,69.0,1,49,50,180,13107,52429,0,0,0.0,0.0,0.0,0.0,-0.0,65.0,0.0,-0.0,0.0,645,0,689,0,0,0,719,0,791,0,711,0,690,0,645,0,643,0,616,0.032,36962304.0,0.0,2.7302316136196234e+23,1296,16788,-0.0,-0.0,-0.0,0.0,7.383,13328.132,29.0,60.0,70,0.0,0.0,0.0,0.0,0.0,0.0,0.0,0.0,0.0,0.0,0.0,0.0,0.0,0.0,0.0,0.0,59.2,69,11,65508,41,65476,0,300,0,0,8,20529,65476,0,0,61604,60.0,0.0,0.0,0.0,0.0,0.0
2026-04-04T11:11:36,ERR,ERR,ERR,ERR,ERR,ERR,ERR,ERR,ERR,ERR,ERR,ERR,ERR,ERR,ERR,ERR,ERR,ERR,ERR,ERR,ERR,ERR,ERR,ERR,ERR,ERR,ERR,ERR,ERR,ERR,ERR,ERR,ERR,ERR,ERR,ERR,ERR,ERR,ERR,ERR,ERR,ERR,ERR,ERR,ERR,ERR,ERR,ERR,ERR,ERR,ERR,ERR,ERR,ERR,ERR,ERR,ERR,ERR,ERR,ERR,ERR,ERR,ERR,ERR,ERR,ERR,ERR,ERR,ERR,ERR,ERR,ERR,ERR,ERR,ERR,ERR,ERR,ERR,ERR,ERR,ERR,ERR,ERR,ERR,ERR,ERR,ERR,ERR,ERR,ERR,ERR,ERR,ERR,ERR,ERR,ERR,ERR,ERR,ERR,ERR,ERR,ERR,ERR,ERR,ERR,ERR,ERR,ERR,ERR,ERR,ERR,ERR,ERR,ERR,ERR,ERR,ERR,ERR,ERR,ERR,ERR,ERR,ERR,ERR,ERR,2.7184278591402704e+23,0.0,-0.0,0.0,0.0,0.0,0.0,nan,0,0,0,32768,0,0.0,0,0.0,0.0,0.0,0.0,0.0,0,0,0,0,0.0,0,0,0,0,0,0,0,0,0,0,0,0,0,0,0,0,0,0,0,0,0,0,0,0,0,0,0,0,0,0,0,0,0,0,0,0,0,0,0,0,0,0,0,0,0.0,0.0,0.0,0.0,0.0,0.0,0.0,0.0,0.0,0.0,0.0,0.0,0.0,0.0,0.0,0.0,0.0,0.0,0.0,0.0,0.0,0.0,0.0,0.0,-2.004,0.0,0.0,0.0,0.0,0.0,3405.0,-8608108544.0,0.0,2.7184278591402704e+23,0.0,-0.0,0.0,0.0,0.0,0.0,0.0,0,3.222024165466893e+26,0.0,0.0,0.0,0.0,0.0,0.0,0.0,0.0,0,0,0,0.0,0.0,0.0,0.0,0.0,0.0,0.0,0.0,0.0,0.0,0.0,0.0,0.0,0.0,0.0,0.0,0,-107875648.0,0,0.0,0,-107875648.0,-107877712.0,0,52429,17039,13107,17054,13107,17038,0,0,0,110,100,100,-0.0,64.0,0.0,64.5,0.0,69.0,1,49,50,180,13107,52429,0,0,0.0,0.0,0.0,0.0,-0.0,65.0,0.0,-0.0,0.0,645,0,689,0,0,0,719,0,791,0,711,0,690,0,645,0,643,0,616,0.032,36962304.0,0.0,2.7302316136196234e+23,1296,16788,-0.0,-0.0,-0.0,0.0,7.383,13328.132,29.0,60.0,70,0.0,0.0,0.0,0.0,0.0,0.0,0.0,0.0,0.0,0.0,0.0,0.0,0.0,0.0,0.0,0.0,59.2,69,11,65508,41,65476,0,300,0,0,8,20529,65476,0,0,61604,60.0,0.0,0.0,0.0,0.0,0.0
2026-04-04T11:11:37,ERR,ERR,ERR,ERR,ERR,ERR,ERR,ERR,ERR,ERR,ERR,ERR,ERR,ERR,ERR,ERR,ERR,ERR,ERR,ERR,ERR,ERR,ERR,ERR,ERR,ERR,ERR,ERR,ERR,ERR,ERR,ERR,ERR,ERR,ERR,ERR,ERR,ERR,ERR,ERR,ERR,ERR,ERR,ERR,ERR,ERR,ERR,ERR,ERR,ERR,ERR,ERR,ERR,ERR,ERR,ERR,ERR,ERR,ERR,ERR,ERR,ERR,ERR,ERR,ERR,ERR,ERR,ERR,ERR,ERR,ERR,ERR,ERR,ERR,ERR,ERR,ERR,ERR,ERR,ERR,ERR,ERR,ERR,ERR,ERR,ERR,ERR,ERR,ERR,ERR,ERR,ERR,ERR,ERR,ERR,ERR,ERR,ERR,ERR,ERR,ERR,ERR,ERR,ERR,ERR,ERR,ERR,ERR,ERR,ERR,ERR,ERR,ERR,ERR,ERR,ERR,ERR,ERR,ERR,ERR,ERR,ERR,ERR,ERR,ERR,2.7184278591402704e+23,0.0,-0.0,0.0,0.0,0.0,0.0,nan,0,0,0,32768,0,0.0,0,0.0,0.0,0.0,0.0,0.0,0,0,0,0,0.0,0,0,0,0,0,0,0,0,0,0,0,0,0,0,0,0,0,0,0,0,0,0,0,0,0,0,0,0,0,0,0,0,0,0,0,0,0,0,0,0,0,0,0,0,0.0,0.0,0.0,0.0,0.0,0.0,0.0,0.0,0.0,0.0,0.0,0.0,0.0,0.0,0.0,0.0,0.0,0.0,0.0,0.0,0.0,0.0,0.0,0.0,-2.004,0.0,0.0,0.0,0.0,0.0,3405.0,-8608108544.0,0.0,2.7184278591402704e+23,0.0,-0.0,0.0,0.0,0.0,0.0,0.0,0,3.222024165466893e+26,0.0,0.0,0.0,0.0,0.0,0.0,0.0,0.0,0,0,0,0.0,0.0,0.0,0.0,0.0,0.0,0.0,0.0,0.0,0.0,0.0,0.0,0.0,0.0,0.0,0.0,0,-107875648.0,0,0.0,0,-107875648.0,-107877712.0,0,52429,17039,13107,17054,13107,17038,0,0,0,110,100,100,-0.0,64.0,0.0,64.5,0.0,69.0,1,49,50,180,13107,52429,0,0,0.0,0.0,0.0,0.0,-0.0,65.0,0.0,-0.0,0.0,645,0,689,0,0,0,719,0,791,0,711,0,690,0,645,0,643,0,616,0.032,36962304.0,0.0,2.7302316136196234e+23,1296,16788,-0.0,-0.0,-0.0,0.0,7.383,13328.132,29.0,60.0,70,0.0,0.0,0.0,0.0,0.0,0.0,0.0,0.0,0.0,0.0,0.0,0.0,0.0,0.0,0.0,0.0,59.2,69,11,65508,41,65476,0,300,0,0,8,20529,65476,0,0,61604,60.0,0.0,0.0,0.0,0.0,0.0
2026-04-04T11:11:38,ERR,ERR,ERR,ERR,ERR,ERR,ERR,ERR,ERR,ERR,ERR,ERR,ERR,ERR,ERR,ERR,ERR,ERR,ERR,ERR,ERR,ERR,ERR,ERR,ERR,ERR,ERR,ERR,ERR,ERR,ERR,ERR,ERR,ERR,ERR,ERR,ERR,ERR,ERR,ERR,ERR,ERR,ERR,ERR,ERR,ERR,ERR,ERR,ERR,ERR,ERR,ERR,ERR,ERR,ERR,ERR,ERR,ERR,ERR,ERR,ERR,ERR,ERR,ERR,ERR,ERR,ERR,ERR,ERR,ERR,ERR,ERR,ERR,ERR,ERR,ERR,ERR,ERR,ERR,ERR,ERR,ERR,ERR,ERR,ERR,ERR,ERR,ERR,ERR,ERR,ERR,ERR,ERR,ERR,ERR,ERR,ERR,ERR,ERR,ERR,ERR,ERR,ERR,ERR,ERR,ERR,ERR,ERR,ERR,ERR,ERR,ERR,ERR,ERR,ERR,ERR,ERR,ERR,ERR,ERR,ERR,ERR,ERR,ERR,ERR,2.7184278591402704e+23,0.0,-0.0,0.0,0.0,0.0,0.0,nan,0,0,0,32768,0,0.0,0,0.0,0.0,0.0,0.0,0.0,0,0,0,0,0.0,0,0,0,0,0,0,0,0,0,0,0,0,0,0,0,0,0,0,0,0,0,0,0,0,0,0,0,0,0,0,0,0,0,0,0,0,0,0,0,0,0,0,0,0,0.0,0.0,0.0,0.0,0.0,0.0,0.0,0.0,0.0,0.0,0.0,0.0,0.0,0.0,0.0,0.0,0.0,0.0,0.0,0.0,0.0,0.0,0.0,0.0,-2.004,0.0,0.0,0.0,0.0,0.0,3405.0,-8608108544.0,0.0,2.7184278591402704e+23,0.0,-0.0,0.0,0.0,0.0,0.0,0.0,0,3.222024165466893e+26,0.0,0.0,0.0,0.0,0.0,0.0,0.0,0.0,0,0,0,0.0,0.0,0.0,0.0,0.0,0.0,0.0,0.0,0.0,0.0,0.0,0.0,0.0,0.0,0.0,0.0,0,-107875648.0,0,0.0,0,-107875648.0,-107877712.0,0,52429,17039,13107,17054,13107,17038,0,0,0,110,100,100,-0.0,64.0,0.0,64.5,0.0,69.0,1,49,50,180,13107,52429,0,0,0.0,0.0,0.0,0.0,-0.0,65.0,0.0,-0.0,0.0,645,0,689,0,0,0,719,0,791,0,711,0,690,0,645,0,643,0,616,0.032,36962304.0,0.0,2.7302316136196234e+23,1296,16788,-0.0,-0.0,-0.0,0.0,7.383,13328.132,29.0,60.0,70,0.0,0.0,0.0,0.0,0.0,0.0,0.0,0.0,0.0,0.0,0.0,0.0,0.0,0.0,0.0,0.0,59.2,69,11,65508,41,65476,0,300,0,0,8,20529,65476,0,0,61604,60.0,0.0,0.0,0.0,0.0,0.0
2026-04-04T11:11:39,ERR,ERR,ERR,ERR,ERR,ERR,ERR,ERR,ERR,ERR,ERR,ERR,ERR,ERR,ERR,ERR,ERR,ERR,ERR,ERR,ERR,ERR,ERR,ERR,ERR,ERR,ERR,ERR,ERR,ERR,ERR,ERR,ERR,ERR,ERR,ERR,ERR,ERR,ERR,ERR,ERR,ERR,ERR,ERR,ERR,ERR,ERR,ERR,ERR,ERR,ERR,ERR,ERR,ERR,ERR,ERR,ERR,ERR,ERR,ERR,ERR,ERR,ERR,ERR,ERR,ERR,ERR,ERR,ERR,ERR,ERR,ERR,ERR,ERR,ERR,ERR,ERR,ERR,ERR,ERR,ERR,ERR,ERR,ERR,ERR,ERR,ERR,ERR,ERR,ERR,ERR,ERR,ERR,ERR,ERR,ERR,ERR,ERR,ERR,ERR,ERR,ERR,ERR,ERR,ERR,ERR,ERR,ERR,ERR,ERR,ERR,ERR,ERR,ERR,ERR,ERR,ERR,ERR,ERR,ERR,ERR,ERR,ERR,ERR,ERR,2.7184278591402704e+23,0.0,-0.0,0.0,0.0,0.0,0.0,nan,0,0,0,32768,0,0.0,0,0.0,0.0,0.0,0.0,0.0,0,0,0,0,0.0,0,0,0,0,0,0,0,0,0,0,0,0,0,0,0,0,0,0,0,0,0,0,0,0,0,0,0,0,0,0,0,0,0,0,0,0,0,0,0,0,0,0,0,0,0.0,0.0,0.0,0.0,0.0,0.0,0.0,0.0,0.0,0.0,0.0,0.0,0.0,0.0,0.0,0.0,0.0,0.0,0.0,0.0,0.0,0.0,0.0,0.0,-2.004,0.0,0.0,0.0,0.0,0.0,3405.0,-8608108544.0,0.0,2.7184278591402704e+23,0.0,-0.0,0.0,0.0,0.0,0.0,0.0,0,3.222024165466893e+26,0.0,0.0,0.0,0.0,0.0,0.0,0.0,0.0,0,0,0,0.0,0.0,0.0,0.0,0.0,0.0,0.0,0.0,0.0,0.0,0.0,0.0,0.0,0.0,0.0,0.0,0,-107875648.0,0,0.0,0,-107875648.0,-107877712.0,0,52429,17039,13107,17054,13107,17038,0,0,0,110,100,100,-0.0,64.0,0.0,64.5,0.0,69.0,1,49,50,180,13107,52429,0,0,0.0,0.0,0.0,0.0,-0.0,65.0,0.0,-0.0,0.0,645,0,689,0,0,0,719,0,791,0,711,0,690,0,645,0,643,0,616,0.032,36962304.0,0.0,2.7302316136196234e+23,1296,16788,-0.0,-0.0,-0.0,0.0,7.383,13328.132,29.0,60.0,70,0.0,0.0,0.0,0.0,0.0,0.0,0.0,0.0,0.0,0.0,0.0,0.0,0.0,0.0,0.0,0.0,59.2,69,11,65508,41,65476,0,300,0,0,8,20529,65476,0,0,61604,60.0,0.0,0.0,0.0,0.0,0.0
2026-04-04T11:11:40,ERR,ERR,ERR,ERR,ERR,ERR,ERR,ERR,ERR,ERR,ERR,ERR,ERR,ERR,ERR,ERR,ERR,ERR,ERR,ERR,ERR,ERR,ERR,ERR,ERR,ERR,ERR,ERR,ERR,ERR,ERR,ERR,ERR,ERR,ERR,ERR,ERR,ERR,ERR,ERR,ERR,ERR,ERR,ERR,ERR,ERR,ERR,ERR,ERR,ERR,ERR,ERR,ERR,ERR,ERR,ERR,ERR,ERR,ERR,ERR,ERR,ERR,ERR,ERR,ERR,ERR,ERR,ERR,ERR,ERR,ERR,ERR,ERR,ERR,ERR,ERR,ERR,ERR,ERR,ERR,ERR,ERR,ERR,ERR,ERR,ERR,ERR,ERR,ERR,ERR,ERR,ERR,ERR,ERR,ERR,ERR,ERR,ERR,ERR,ERR,ERR,ERR,ERR,ERR,ERR,ERR,ERR,ERR,ERR,ERR,ERR,ERR,ERR,ERR,ERR,ERR,ERR,ERR,ERR,ERR,ERR,ERR,ERR,ERR,ERR,2.7184278591402704e+23,0.0,-0.0,0.0,0.0,0.0,0.0,nan,0,0,0,32768,0,0.0,0,0.0,0.0,0.0,0.0,0.0,0,0,0,0,0.0,0,0,0,0,0,0,0,0,0,0,0,0,0,0,0,0,0,0,0,0,0,0,0,0,0,0,0,0,0,0,0,0,0,0,0,0,0,0,0,0,0,0,0,0,0.0,0.0,0.0,0.0,0.0,0.0,0.0,0.0,0.0,0.0,0.0,0.0,0.0,0.0,0.0,0.0,0.0,0.0,0.0,0.0,0.0,0.0,0.0,0.0,-2.004,0.0,0.0,0.0,0.0,0.0,3405.0,-8608108544.0,0.0,2.7184278591402704e+23,0.0,-0.0,0.0,0.0,0.0,0.0,0.0,0,3.222024165466893e+26,0.0,0.0,0.0,0.0,0.0,0.0,0.0,0.0,0,0,0,0.0,0.0,0.0,0.0,0.0,0.0,0.0,0.0,0.0,0.0,0.0,0.0,0.0,0.0,0.0,0.0,0,-107875648.0,0,0.0,0,-107875648.0,-107877712.0,0,52429,17039,13107,17054,13107,17038,0,0,0,110,100,100,-0.0,64.0,0.0,64.5,0.0,69.0,1,49,50,180,13107,52429,0,0,0.0,0.0,0.0,0.0,-0.0,65.0,0.0,-0.0,0.0,645,0,689,0,0,0,719,0,791,0,711,0,690,0,645,0,643,0,616,0.032,36962304.0,0.0,2.7302316136196234e+23,1296,16788,-0.0,-0.0,-0.0,0.0,7.383,13328.132,29.0,60.0,70,0.0,0.0,0.0,0.0,0.0,0.0,0.0,0.0,0.0,0.0,0.0,0.0,0.0,0.0,0.0,0.0,59.2,69,11,65508,41,65476,0,300,0,0,8,20529,65476,0,0,61604,60.0,0.0,0.0,0.0,0.0,0.0
2026-04-04T11:11:41,ERR,ERR,ERR,ERR,ERR,ERR,ERR,ERR,ERR,ERR,ERR,ERR,ERR,ERR,ERR,ERR,ERR,ERR,ERR,ERR,ERR,ERR,ERR,ERR,ERR,ERR,ERR,ERR,ERR,ERR,ERR,ERR,ERR,ERR,ERR,ERR,ERR,ERR,ERR,ERR,ERR,ERR,ERR,ERR,ERR,ERR,ERR,ERR,ERR,ERR,ERR,ERR,ERR,ERR,ERR,ERR,ERR,ERR,ERR,ERR,ERR,ERR,ERR,ERR,ERR,ERR,ERR,ERR,ERR,ERR,ERR,ERR,ERR,ERR,ERR,ERR,ERR,ERR,ERR,ERR,ERR,ERR,ERR,ERR,ERR,ERR,ERR,ERR,ERR,ERR,ERR,ERR,ERR,ERR,ERR,ERR,ERR,ERR,ERR,ERR,ERR,ERR,ERR,ERR,ERR,ERR,ERR,ERR,ERR,ERR,ERR,ERR,ERR,ERR,ERR,ERR,ERR,ERR,ERR,ERR,ERR,ERR,ERR,ERR,ERR,2.7184278591402704e+23,0.0,-0.0,0.0,0.0,0.0,0.0,nan,0,0,0,32768,0,0.0,0,0.0,0.0,0.0,0.0,0.0,0,0,0,0,0.0,0,0,0,0,0,0,0,0,0,0,0,0,0,0,0,0,0,0,0,0,0,0,0,0,0,0,0,0,0,0,0,0,0,0,0,0,0,0,0,0,0,0,0,0,0.0,0.0,0.0,0.0,0.0,0.0,0.0,0.0,0.0,0.0,0.0,0.0,0.0,0.0,0.0,0.0,0.0,0.0,0.0,0.0,0.0,0.0,0.0,0.0,-2.004,0.0,0.0,0.0,0.0,0.0,3405.0,-8608108544.0,0.0,2.7184278591402704e+23,0.0,-0.0,0.0,0.0,0.0,0.0,0.0,0,3.222024165466893e+26,0.0,0.0,0.0,0.0,0.0,0.0,0.0,0.0,0,0,0,0.0,0.0,0.0,0.0,0.0,0.0,0.0,0.0,0.0,0.0,0.0,0.0,0.0,0.0,0.0,0.0,0,-107875648.0,0,0.0,0,-107875648.0,-107877712.0,0,52429,17039,13107,17054,13107,17038,0,0,0,110,100,100,-0.0,64.0,0.0,64.5,0.0,69.0,1,49,50,180,13107,52429,0,0,0.0,0.0,0.0,0.0,1.9707107168207932e+38,65.0,0.0,9.43836434452156e+30,0.0,646,0,689,0,0,0,719,0,791,0,711,0,690,0,645,0,643,0,616,0.032,53215232.0,0.0,2.7302316136196234e+23,6544,16788,-0.0,63292785557504.0,-1.0559750183264892e+30,-0.0,-23125198635008.0,-0.0,29.0,60.0,70,0.0,0.0,0.0,0.0,0.0,0.0,0.0,0.0,0.0,0.0,0.0,0.0,0.0,0.0,0.0,0.0,59.2,69,11,65508,41,65476,0,300,0,0,8,20529,65476,0,0,61604,60.0,0.0,0.0,0.0,0.0,0.0
2026-04-04T11:11:42,ERR,ERR,ERR,ERR,ERR,ERR,ERR,ERR,ERR,ERR,ERR,ERR,ERR,ERR,ERR,ERR,ERR,ERR,ERR,ERR,ERR,ERR,ERR,ERR,ERR,ERR,ERR,ERR,ERR,ERR,ERR,ERR,ERR,ERR,ERR,ERR,ERR,ERR,ERR,ERR,ERR,ERR,ERR,ERR,ERR,ERR,ERR,ERR,ERR,ERR,ERR,ERR,ERR,ERR,ERR,ERR,ERR,ERR,ERR,ERR,ERR,ERR,ERR,ERR,ERR,ERR,ERR,ERR,ERR,ERR,ERR,ERR,ERR,ERR,ERR,ERR,ERR,ERR,ERR,ERR,ERR,ERR,ERR,ERR,ERR,ERR,ERR,ERR,ERR,ERR,ERR,ERR,ERR,ERR,ERR,ERR,ERR,ERR,ERR,ERR,ERR,ERR,ERR,ERR,ERR,ERR,ERR,ERR,ERR,ERR,ERR,ERR,ERR,ERR,ERR,ERR,ERR,ERR,ERR,ERR,ERR,ERR,ERR,ERR,ERR,2.7184278591402704e+23,0.0,-0.0,0.0,0.0,0.0,0.0,nan,0,0,0,32768,0,0.0,0,0.0,0.0,0.0,0.0,0.0,0,0,0,0,0.0,0,0,0,0,0,0,0,0,0,0,0,0,0,0,0,0,0,0,0,0,0,0,0,0,0,0,0,0,0,0,0,0,0,0,0,0,0,0,0,0,0,0,0,0,0.0,0.0,0.0,0.0,0.0,0.0,0.0,0.0,0.0,0.0,0.0,0.0,0.0,0.0,0.0,0.0,0.0,0.0,0.0,0.0,0.0,0.0,0.0,0.0,-2.004,0.0,0.0,0.0,0.0,0.0,3404.5,-0.0,0.0,2.7184278591402704e+23,0.0,-0.0,0.0,0.0,0.0,0.0,0.0,0,-0.0,0.0,0.0,0.0,0.0,0.0,0.0,0.0,0.0,0,0,0,0.0,0.0,0.0,0.0,0.0,0.0,0.0,0.0,0.0,0.0,0.0,0.0,0.0,0.0,0.0,0.0,0,-107875648.0,0,0.0,0,-107875648.0,-107877712.0,0,52429,17039,13107,17054,13107,17038,0,0,0,110,100,100,-0.0,64.0,0.0,64.5,0.0,69.0,1,49,50,180,13107,52429,0,0,0.0,0.0,0.0,0.0,1.9707107168207932e+38,65.0,0.0,9.43836434452156e+30,0.0,646,0,689,0,0,0,719,0,791,0,711,0,690,0,645,0,643,0,616,0.032,53215232.0,0.0,2.7302316136196234e+23,6544,16788,-0.0,63292785557504.0,-1.0559750183264892e+30,-0.0,-23125198635008.0,-0.0,29.0,60.0,70,0.0,0.0,0.0,0.0,0.0,0.0,0.0,0.0,0.0,0.0,0.0,0.0,0.0,0.0,0.0,0.0,59.2,69,11,65508,41,65476,0,300,0,0,8,20529,65476,0,0,61604,60.0,0.0,0.0,0.0,0.0,0.0
2026-04-04T11:11:43,ERR,ERR,ERR,ERR,ERR,ERR,ERR,ERR,ERR,ERR,ERR,ERR,ERR,ERR,ERR,ERR,ERR,ERR,ERR,ERR,ERR,ERR,ERR,ERR,ERR,ERR,ERR,ERR,ERR,ERR,ERR,ERR,ERR,ERR,ERR,ERR,ERR,ERR,ERR,ERR,ERR,ERR,ERR,ERR,ERR,ERR,ERR,ERR,ERR,ERR,ERR,ERR,ERR,ERR,ERR,ERR,ERR,ERR,ERR,ERR,ERR,ERR,ERR,ERR,ERR,ERR,ERR,ERR,ERR,ERR,ERR,ERR,ERR,ERR,ERR,ERR,ERR,ERR,ERR,ERR,ERR,ERR,ERR,ERR,ERR,ERR,ERR,ERR,ERR,ERR,ERR,ERR,ERR,ERR,ERR,ERR,ERR,ERR,ERR,ERR,ERR,ERR,ERR,ERR,ERR,ERR,ERR,ERR,ERR,ERR,ERR,ERR,ERR,ERR,ERR,ERR,ERR,ERR,ERR,ERR,ERR,ERR,ERR,ERR,ERR,2.7184278591402704e+23,0.0,-0.0,0.0,0.0,0.0,0.0,nan,0,0,0,32768,0,0.0,0,0.0,0.0,0.0,0.0,0.0,0,0,0,0,0.0,0,0,0,0,0,0,0,0,0,0,0,0,0,0,0,0,0,0,0,0,0,0,0,0,0,0,0,0,0,0,0,0,0,0,0,0,0,0,0,0,0,0,0,0,0.0,0.0,0.0,0.0,0.0,0.0,0.0,0.0,0.0,0.0,0.0,0.0,0.0,0.0,0.0,0.0,0.0,0.0,0.0,0.0,0.0,0.0,0.0,0.0,-2.004,0.0,0.0,0.0,0.0,0.0,3404.5,-0.0,0.0,2.7184278591402704e+23,0.0,-0.0,0.0,0.0,0.0,0.0,0.0,0,-0.0,0.0,0.0,0.0,0.0,0.0,0.0,0.0,0.0,0,0,0,0.0,0.0,0.0,0.0,0.0,0.0,0.0,0.0,0.0,0.0,0.0,0.0,0.0,0.0,0.0,0.0,0,-107875648.0,0,0.0,0,-107875648.0,-107877712.0,0,52429,17039,13107,17054,13107,17038,0,0,0,110,100,100,-0.0,64.0,0.0,64.5,0.0,69.0,1,49,50,180,13107,52429,0,0,0.0,0.0,0.0,0.0,1.9707107168207932e+38,65.0,0.0,9.43836434452156e+30,0.0,646,0,689,0,0,0,719,0,791,0,711,0,690,0,645,0,643,0,616,0.032,53215232.0,0.0,2.7302316136196234e+23,6544,16788,-0.0,63292785557504.0,-1.0559750183264892e+30,-0.0,-23125198635008.0,-0.0,29.0,60.0,70,0.0,0.0,0.0,0.0,0.0,0.0,0.0,0.0,0.0,0.0,0.0,0.0,0.0,0.0,0.0,0.0,59.2,69,11,65508,41,65476,0,300,0,0,8,20529,65476,0,0,61604,60.0,0.0,0.0,0.0,0.0,0.0
2026-04-04T11:11:44,ERR,ERR,ERR,ERR,ERR,ERR,ERR,ERR,ERR,ERR,ERR,ERR,ERR,ERR,ERR,ERR,ERR,ERR,ERR,ERR,ERR,ERR,ERR,ERR,ERR,ERR,ERR,ERR,ERR,ERR,ERR,ERR,ERR,ERR,ERR,ERR,ERR,ERR,ERR,ERR,ERR,ERR,ERR,ERR,ERR,ERR,ERR,ERR,ERR,ERR,ERR,ERR,ERR,ERR,ERR,ERR,ERR,ERR,ERR,ERR,ERR,ERR,ERR,ERR,ERR,ERR,ERR,ERR,ERR,ERR,ERR,ERR,ERR,ERR,ERR,ERR,ERR,ERR,ERR,ERR,ERR,ERR,ERR,ERR,ERR,ERR,ERR,ERR,ERR,ERR,ERR,ERR,ERR,ERR,ERR,ERR,ERR,ERR,ERR,ERR,ERR,ERR,ERR,ERR,ERR,ERR,ERR,ERR,ERR,ERR,ERR,ERR,ERR,ERR,ERR,ERR,ERR,ERR,ERR,ERR,ERR,ERR,ERR,ERR,ERR,2.7184278591402704e+23,0.0,-0.0,0.0,0.0,0.0,0.0,nan,0,0,0,32768,0,0.0,0,0.0,0.0,0.0,0.0,0.0,0,0,0,0,0.0,0,0,0,0,0,0,0,0,0,0,0,0,0,0,0,0,0,0,0,0,0,0,0,0,0,0,0,0,0,0,0,0,0,0,0,0,0,0,0,0,0,0,0,0,0.0,0.0,0.0,0.0,0.0,0.0,0.0,0.0,0.0,0.0,0.0,0.0,0.0,0.0,0.0,0.0,0.0,0.0,0.0,0.0,0.0,0.0,0.0,0.0,-2.004,0.0,0.0,0.0,0.0,0.0,3404.5,-0.0,0.0,2.7184278591402704e+23,0.0,-0.0,0.0,0.0,0.0,0.0,0.0,0,-0.0,0.0,0.0,0.0,0.0,0.0,0.0,0.0,0.0,0,0,0,0.0,0.0,0.0,0.0,0.0,0.0,0.0,0.0,0.0,0.0,0.0,0.0,0.0,0.0,0.0,0.0,0,-107875648.0,0,0.0,0,-107875648.0,-107877712.0,0,52429,17039,13107,17054,13107,17038,0,0,0,110,100,100,-0.0,64.0,0.0,64.5,0.0,69.0,1,49,50,180,13107,52429,0,0,0.0,0.0,0.0,0.0,1.9707107168207932e+38,65.0,0.0,9.43836434452156e+30,0.0,646,0,689,0,0,0,719,0,791,0,711,0,690,0,645,0,643,0,616,0.032,53215232.0,0.0,2.7302316136196234e+23,6544,16788,-0.0,63292785557504.0,-1.0559750183264892e+30,-0.0,-23125198635008.0,-0.0,29.0,60.0,70,0.0,0.0,0.0,0.0,0.0,0.0,0.0,0.0,0.0,0.0,0.0,0.0,0.0,0.0,0.0,0.0,59.2,69,11,65508,41,65476,0,300,0,0,8,20529,65476,0,0,61604,60.0,0.0,0.0,0.0,0.0,0.0
2026-04-04T11:11:45,ERR,ERR,ERR,ERR,ERR,ERR,ERR,ERR,ERR,ERR,ERR,ERR,ERR,ERR,ERR,ERR,ERR,ERR,ERR,ERR,ERR,ERR,ERR,ERR,ERR,ERR,ERR,ERR,ERR,ERR,ERR,ERR,ERR,ERR,ERR,ERR,ERR,ERR,ERR,ERR,ERR,ERR,ERR,ERR,ERR,ERR,ERR,ERR,ERR,ERR,ERR,ERR,ERR,ERR,ERR,ERR,ERR,ERR,ERR,ERR,ERR,ERR,ERR,ERR,ERR,ERR,ERR,ERR,ERR,ERR,ERR,ERR,ERR,ERR,ERR,ERR,ERR,ERR,ERR,ERR,ERR,ERR,ERR,ERR,ERR,ERR,ERR,ERR,ERR,ERR,ERR,ERR,ERR,ERR,ERR,ERR,ERR,ERR,ERR,ERR,ERR,ERR,ERR,ERR,ERR,ERR,ERR,ERR,ERR,ERR,ERR,ERR,ERR,ERR,ERR,ERR,ERR,ERR,ERR,ERR,ERR,ERR,ERR,ERR,ERR,2.7184278591402704e+23,0.0,-0.0,0.0,0.0,0.0,0.0,nan,0,0,0,32768,0,0.0,0,0.0,0.0,0.0,0.0,0.0,0,0,0,0,0.0,0,0,0,0,0,0,0,0,0,0,0,0,0,0,0,0,0,0,0,0,0,0,0,0,0,0,0,0,0,0,0,0,0,0,0,0,0,0,0,0,0,0,0,0,0.0,0.0,0.0,0.0,0.0,0.0,0.0,0.0,0.0,0.0,0.0,0.0,0.0,0.0,0.0,0.0,0.0,0.0,0.0,0.0,0.0,0.0,0.0,0.0,-2.004,0.0,0.0,0.0,0.0,0.0,3404.5,-0.0,0.0,2.7184278591402704e+23,0.0,-0.0,0.0,0.0,0.0,0.0,0.0,0,-0.0,0.0,0.0,0.0,0.0,0.0,0.0,0.0,0.0,0,0,0,0.0,0.0,0.0,0.0,0.0,0.0,0.0,0.0,0.0,0.0,0.0,0.0,0.0,0.0,0.0,0.0,0,-107875648.0,0,0.0,0,-107875648.0,-107877712.0,0,52429,17039,13107,17054,13107,17038,0,0,0,110,100,100,-0.0,64.0,0.0,64.5,0.0,69.0,1,49,50,180,13107,52429,0,0,0.0,0.0,0.0,0.0,1.9707107168207932e+38,65.0,0.0,9.43836434452156e+30,0.0,646,0,689,0,0,0,719,0,791,0,711,0,690,0,645,0,643,0,616,0.032,53215232.0,0.0,2.7302316136196234e+23,6544,16788,-0.0,63292785557504.0,-1.0559750183264892e+30,-0.0,-23125198635008.0,-0.0,29.0,60.0,70,0.0,0.0,0.0,0.0,0.0,0.0,0.0,0.0,0.0,0.0,0.0,0.0,0.0,0.0,0.0,0.0,59.2,69,11,65508,41,65476,0,300,0,0,8,20529,65476,0,0,61604,60.0,0.0,0.0,0.0,0.0,0.0
2026-04-04T11:11:46,ERR,ERR,ERR,ERR,ERR,ERR,ERR,ERR,ERR,ERR,ERR,ERR,ERR,ERR,ERR,ERR,ERR,ERR,ERR,ERR,ERR,ERR,ERR,ERR,ERR,ERR,ERR,ERR,ERR,ERR,ERR,ERR,ERR,ERR,ERR,ERR,ERR,ERR,ERR,ERR,ERR,ERR,ERR,ERR,ERR,ERR,ERR,ERR,ERR,ERR,ERR,ERR,ERR,ERR,ERR,ERR,ERR,ERR,ERR,ERR,ERR,ERR,ERR,ERR,ERR,ERR,ERR,ERR,ERR,ERR,ERR,ERR,ERR,ERR,ERR,ERR,ERR,ERR,ERR,ERR,ERR,ERR,ERR,ERR,ERR,ERR,ERR,ERR,ERR,ERR,ERR,ERR,ERR,ERR,ERR,ERR,ERR,ERR,ERR,ERR,ERR,ERR,ERR,ERR,ERR,ERR,ERR,ERR,ERR,ERR,ERR,ERR,ERR,ERR,ERR,ERR,ERR,ERR,ERR,ERR,ERR,ERR,ERR,ERR,ERR,2.7184278591402704e+23,0.0,-0.0,0.0,0.0,0.0,0.0,nan,0,0,0,32768,0,0.0,0,0.0,0.0,0.0,0.0,0.0,0,0,0,0,0.0,0,0,0,0,0,0,0,0,0,0,0,0,0,0,0,0,0,0,0,0,0,0,0,0,0,0,0,0,0,0,0,0,0,0,0,0,0,0,0,0,0,0,0,0,0.0,0.0,0.0,0.0,0.0,0.0,0.0,0.0,0.0,0.0,0.0,0.0,0.0,0.0,0.0,0.0,0.0,0.0,0.0,0.0,0.0,0.0,0.0,0.0,-2.004,0.0,0.0,0.0,0.0,0.0,3404.5,-0.0,0.0,2.7184278591402704e+23,0.0,-0.0,0.0,0.0,0.0,0.0,0.0,0,-0.0,0.0,0.0,0.0,0.0,0.0,0.0,0.0,0.0,0,0,0,0.0,0.0,0.0,0.0,0.0,0.0,0.0,0.0,0.0,0.0,0.0,0.0,0.0,0.0,0.0,0.0,0,-107875648.0,0,0.0,0,-107875648.0,-107877712.0,0,52429,17039,13107,17054,13107,17038,0,0,0,110,100,100,-0.0,64.0,0.0,64.5,0.0,69.0,1,49,50,180,13107,52429,0,0,0.0,0.0,0.0,0.0,-0.0,65.0,0.0,0.0,0.0,646,0,689,0,0,0,719,0,791,0,711,0,690,0,645,0,643,0,616,0.032,55836672.0,0.0,2.7302316136196234e+23,62096,16787,-0.0,581.031,0.0,-0.0,-1.948510807754493e+21,-43840.523,29.0,60.0,70,0.0,0.0,0.0,0.0,0.0,0.0,0.0,0.0,0.0,0.0,0.0,0.0,0.0,0.0,0.0,0.0,59.2,69,11,65508,41,65476,0,300,0,0,8,20529,65476,0,0,61604,60.0,0.0,0.0,0.0,0.0,0.0
2026-04-04T11:11:47,ERR,ERR,ERR,ERR,ERR,ERR,ERR,ERR,ERR,ERR,ERR,ERR,ERR,ERR,ERR,ERR,ERR,ERR,ERR,ERR,ERR,ERR,ERR,ERR,ERR,ERR,ERR,ERR,ERR,ERR,ERR,ERR,ERR,ERR,ERR,ERR,ERR,ERR,ERR,ERR,ERR,ERR,ERR,ERR,ERR,ERR,ERR,ERR,ERR,ERR,ERR,ERR,ERR,ERR,ERR,ERR,ERR,ERR,ERR,ERR,ERR,ERR,ERR,ERR,ERR,ERR,ERR,ERR,ERR,ERR,ERR,ERR,ERR,ERR,ERR,ERR,ERR,ERR,ERR,ERR,ERR,ERR,ERR,ERR,ERR,ERR,ERR,ERR,ERR,ERR,ERR,ERR,ERR,ERR,ERR,ERR,ERR,ERR,ERR,ERR,ERR,ERR,ERR,ERR,ERR,ERR,ERR,ERR,ERR,ERR,ERR,ERR,ERR,ERR,ERR,ERR,ERR,ERR,ERR,ERR,ERR,ERR,ERR,ERR,ERR,2.7184278591402704e+23,0.0,-0.0,0.0,0.0,0.0,0.0,nan,0,0,0,32768,0,0.0,0,0.0,0.0,0.0,0.0,0.0,0,0,0,0,0.0,0,0,0,0,0,0,0,0,0,0,0,0,0,0,0,0,0,0,0,0,0,0,0,0,0,0,0,0,0,0,0,0,0,0,0,0,0,0,0,0,0,0,0,0,0.0,0.0,0.0,0.0,0.0,0.0,0.0,0.0,0.0,0.0,0.0,0.0,0.0,0.0,0.0,0.0,0.0,0.0,0.0,0.0,0.0,0.0,0.0,0.0,-2.004,0.0,0.0,0.0,0.0,0.0,3404.5,-0.0,0.0,2.7184278591402704e+23,0.0,-0.0,0.0,0.0,0.0,0.0,0.0,0,-0.0,0.0,0.0,0.0,0.0,0.0,0.0,0.0,0.0,0,0,0,0.0,0.0,0.0,0.0,0.0,0.0,0.0,0.0,0.0,0.0,0.0,0.0,0.0,0.0,0.0,0.0,0,-107875648.0,0,0.0,0,-107875648.0,-107877712.0,0,52429,17039,13107,17054,13107,17038,0,0,0,110,100,100,-0.0,64.0,0.0,64.5,0.0,69.0,1,49,50,180,13107,52429,0,0,0.0,0.0,0.0,0.0,-0.0,65.0,0.0,0.0,0.0,646,0,689,0,0,0,719,0,791,0,711,0,690,0,645,0,643,0,616,0.032,55836672.0,0.0,2.7302316136196234e+23,62096,16787,-0.0,581.031,0.0,-0.0,-1.948510807754493e+21,-43840.523,29.0,60.0,70,0.0,0.0,0.0,0.0,0.0,0.0,0.0,0.0,0.0,0.0,0.0,0.0,0.0,0.0,0.0,0.0,59.2,69,11,65508,41,65476,0,300,0,0,8,20529,65476,0,0,61604,60.0,0.0,0.0,0.0,0.0,0.0
2026-04-04T11:11:48,ERR,ERR,ERR,ERR,ERR,ERR,ERR,ERR,ERR,ERR,ERR,ERR,ERR,ERR,ERR,ERR,ERR,ERR,ERR,ERR,ERR,ERR,ERR,ERR,ERR,ERR,ERR,ERR,ERR,ERR,ERR,ERR,ERR,ERR,ERR,ERR,ERR,ERR,ERR,ERR,ERR,ERR,ERR,ERR,ERR,ERR,ERR,ERR,ERR,ERR,ERR,ERR,ERR,ERR,ERR,ERR,ERR,ERR,ERR,ERR,ERR,ERR,ERR,ERR,ERR,ERR,ERR,ERR,ERR,ERR,ERR,ERR,ERR,ERR,ERR,ERR,ERR,ERR,ERR,ERR,ERR,ERR,ERR,ERR,ERR,ERR,ERR,ERR,ERR,ERR,ERR,ERR,ERR,ERR,ERR,ERR,ERR,ERR,ERR,ERR,ERR,ERR,ERR,ERR,ERR,ERR,ERR,ERR,ERR,ERR,ERR,ERR,ERR,ERR,ERR,ERR,ERR,ERR,ERR,ERR,ERR,ERR,ERR,ERR,ERR,2.7184278591402704e+23,0.0,-0.0,0.0,0.0,0.0,0.0,nan,0,0,0,32768,0,0.0,0,0.0,0.0,0.0,0.0,0.0,0,0,0,0,0.0,0,0,0,0,0,0,0,0,0,0,0,0,0,0,0,0,0,0,0,0,0,0,0,0,0,0,0,0,0,0,0,0,0,0,0,0,0,0,0,0,0,0,0,0,0.0,0.0,0.0,0.0,0.0,0.0,0.0,0.0,0.0,0.0,0.0,0.0,0.0,0.0,0.0,0.0,0.0,0.0,0.0,0.0,0.0,0.0,0.0,0.0,-2.004,0.0,0.0,0.0,0.0,0.0,3404.5,-0.0,0.0,2.7184278591402704e+23,0.0,-0.0,0.0,0.0,0.0,0.0,0.0,0,-0.0,0.0,0.0,0.0,0.0,0.0,0.0,0.0,0.0,0,0,0,0.0,0.0,0.0,0.0,0.0,0.0,0.0,0.0,0.0,0.0,0.0,0.0,0.0,0.0,0.0,0.0,0,-107875648.0,0,0.0,0,-107875648.0,-107877712.0,0,52429,17039,13107,17054,13107,17038,0,0,0,110,100,100,-0.0,64.0,0.0,64.5,0.0,69.0,1,49,50,180,13107,52429,0,0,0.0,0.0,0.0,0.0,-0.0,65.0,0.0,0.0,0.0,646,0,689,0,0,0,719,0,791,0,711,0,690,0,645,0,643,0,616,0.032,55836672.0,0.0,2.7302316136196234e+23,62096,16787,-0.0,581.031,0.0,-0.0,-1.948510807754493e+21,-43840.523,29.0,60.0,70,0.0,0.0,0.0,0.0,0.0,0.0,0.0,0.0,0.0,0.0,0.0,0.0,0.0,0.0,0.0,0.0,59.6,69,11,65508,41,65476,0,300,0,0,8,20529,65476,0,0,61604,60.0,0.0,0.0,0.0,0.0,0.0
2026-04-04T11:11:49,ERR,ERR,ERR,ERR,ERR,ERR,ERR,ERR,ERR,ERR,ERR,ERR,ERR,ERR,ERR,ERR,ERR,ERR,ERR,ERR,ERR,ERR,ERR,ERR,ERR,ERR,ERR,ERR,ERR,ERR,ERR,ERR,ERR,ERR,ERR,ERR,ERR,ERR,ERR,ERR,ERR,ERR,ERR,ERR,ERR,ERR,ERR,ERR,ERR,ERR,ERR,ERR,ERR,ERR,ERR,ERR,ERR,ERR,ERR,ERR,ERR,ERR,ERR,ERR,ERR,ERR,ERR,ERR,ERR,ERR,ERR,ERR,ERR,ERR,ERR,ERR,ERR,ERR,ERR,ERR,ERR,ERR,ERR,ERR,ERR,ERR,ERR,ERR,ERR,ERR,ERR,ERR,ERR,ERR,ERR,ERR,ERR,ERR,ERR,ERR,ERR,ERR,ERR,ERR,ERR,ERR,ERR,ERR,ERR,ERR,ERR,ERR,ERR,ERR,ERR,ERR,ERR,ERR,ERR,ERR,ERR,ERR,ERR,ERR,ERR,2.7184278591402704e+23,0.0,-0.0,0.0,0.0,0.0,0.0,nan,0,0,0,32768,0,0.0,0,0.0,0.0,0.0,0.0,0.0,0,0,0,0,0.0,0,0,0,0,0,0,0,0,0,0,0,0,0,0,0,0,0,0,0,0,0,0,0,0,0,0,0,0,0,0,0,0,0,0,0,0,0,0,0,0,0,0,0,0,0.0,0.0,0.0,0.0,0.0,0.0,0.0,0.0,0.0,0.0,0.0,0.0,0.0,0.0,0.0,0.0,0.0,0.0,0.0,0.0,0.0,0.0,0.0,0.0,-2.004,0.0,0.0,0.0,0.0,0.0,3404.5,-0.0,0.0,2.7184278591402704e+23,0.0,-0.0,0.0,0.0,0.0,0.0,0.0,0,-0.0,0.0,0.0,0.0,0.0,0.0,0.0,0.0,0.0,0,0,0,0.0,0.0,0.0,0.0,0.0,0.0,0.0,0.0,0.0,0.0,0.0,0.0,0.0,0.0,0.0,0.0,0,-107875648.0,0,0.0,0,-107875648.0,-107877712.0,0,52429,17039,13107,17054,13107,17038,0,0,0,110,100,100,-0.0,64.0,0.0,64.5,0.0,69.0,1,49,50,180,13107,52429,0,0,0.0,0.0,0.0,0.0,-0.0,65.0,0.0,0.0,0.0,646,0,689,0,0,0,719,0,791,0,711,0,690,0,645,0,643,0,616,0.032,55836672.0,0.0,2.7302316136196234e+23,62096,16787,-0.0,581.031,0.0,-0.0,-1.948510807754493e+21,-43840.523,29.0,60.0,70,0.0,0.0,0.0,0.0,0.0,0.0,0.0,0.0,0.0,0.0,0.0,0.0,0.0,0.0,0.0,0.0,59.6,69,11,65508,41,65476,0,300,0,0,8,20529,65476,0,0,61604,60.0,0.0,0.0,0.0,0.0,0.0
2026-04-04T11:11:50,ERR,ERR,ERR,ERR,ERR,ERR,ERR,ERR,ERR,ERR,ERR,ERR,ERR,ERR,ERR,ERR,ERR,ERR,ERR,ERR,ERR,ERR,ERR,ERR,ERR,ERR,ERR,ERR,ERR,ERR,ERR,ERR,ERR,ERR,ERR,ERR,ERR,ERR,ERR,ERR,ERR,ERR,ERR,ERR,ERR,ERR,ERR,ERR,ERR,ERR,ERR,ERR,ERR,ERR,ERR,ERR,ERR,ERR,ERR,ERR,ERR,ERR,ERR,ERR,ERR,ERR,ERR,ERR,ERR,ERR,ERR,ERR,ERR,ERR,ERR,ERR,ERR,ERR,ERR,ERR,ERR,ERR,ERR,ERR,ERR,ERR,ERR,ERR,ERR,ERR,ERR,ERR,ERR,ERR,ERR,ERR,ERR,ERR,ERR,ERR,ERR,ERR,ERR,ERR,ERR,ERR,ERR,ERR,ERR,ERR,ERR,ERR,ERR,ERR,ERR,ERR,ERR,ERR,ERR,ERR,ERR,ERR,ERR,ERR,ERR,2.7184278591402704e+23,0.0,-0.0,0.0,0.0,0.0,0.0,nan,0,0,0,32768,0,0.0,0,0.0,0.0,0.0,0.0,0.0,0,0,0,0,0.0,0,0,0,0,0,0,0,0,0,0,0,0,0,0,0,0,0,0,0,0,0,0,0,0,0,0,0,0,0,0,0,0,0,0,0,0,0,0,0,0,0,0,0,0,0.0,0.0,0.0,0.0,0.0,0.0,0.0,0.0,0.0,0.0,0.0,0.0,0.0,0.0,0.0,0.0,0.0,0.0,0.0,0.0,0.0,0.0,0.0,0.0,-2.004,2.004,0.0,0.0,0.0,0.0,3403.5,-0.0,0.0,2.7184278591402704e+23,0.0,-0.0,0.0,0.0,0.0,0.0,0.0,0,1.9056958870913024e+17,0.0,0.0,0.0,0.0,0.0,0.0,0.0,0.0,0,0,0,0.0,0.0,0.0,0.0,0.0,0.0,0.0,0.0,0.0,0.0,0.0,0.0,0.0,0.0,0.0,0.0,0,-107875648.0,0,0.0,0,-107875648.0,-107877712.0,0,52429,17039,13107,17054,13107,17038,0,0,0,110,100,100,-0.0,64.0,0.0,64.5,0.0,69.0,1,49,50,180,13107,52429,0,0,0.0,0.0,0.0,0.0,-0.0,65.0,0.0,0.0,0.0,646,0,689,0,0,0,719,0,791,0,711,0,690,0,645,0,643,0,616,0.032,55836672.0,0.0,2.7302316136196234e+23,62096,16787,-0.0,581.031,0.0,-0.0,-1.948510807754493e+21,-43840.523,29.0,60.0,70,0.0,0.0,0.0,0.0,0.0,0.0,0.0,0.0,0.0,0.0,0.0,0.0,0.0,0.0,0.0,0.0,59.6,69,11,65508,41,65476,0,300,0,0,8,20529,65476,0,0,61604,60.0,0.0,0.0,0.0,0.0,0.0
2026-04-04T11:11:51,ERR,ERR,ERR,ERR,ERR,ERR,ERR,ERR,ERR,ERR,ERR,ERR,ERR,ERR,ERR,ERR,ERR,ERR,ERR,ERR,ERR,ERR,ERR,ERR,ERR,ERR,ERR,ERR,ERR,ERR,ERR,ERR,ERR,ERR,ERR,ERR,ERR,ERR,ERR,ERR,ERR,ERR,ERR,ERR,ERR,ERR,ERR,ERR,ERR,ERR,ERR,ERR,ERR,ERR,ERR,ERR,ERR,ERR,ERR,ERR,ERR,ERR,ERR,ERR,ERR,ERR,ERR,ERR,ERR,ERR,ERR,ERR,ERR,ERR,ERR,ERR,ERR,ERR,ERR,ERR,ERR,ERR,ERR,ERR,ERR,ERR,ERR,ERR,ERR,ERR,ERR,ERR,ERR,ERR,ERR,ERR,ERR,ERR,ERR,ERR,ERR,ERR,ERR,ERR,ERR,ERR,ERR,ERR,ERR,ERR,ERR,ERR,ERR,ERR,ERR,ERR,ERR,ERR,ERR,ERR,ERR,ERR,ERR,ERR,ERR,2.7184278591402704e+23,0.0,-0.0,0.0,0.0,0.0,0.0,nan,0,0,0,32768,0,0.0,0,0.0,0.0,0.0,0.0,0.0,0,0,0,0,0.0,0,0,0,0,0,0,0,0,0,0,0,0,0,0,0,0,0,0,0,0,0,0,0,0,0,0,0,0,0,0,0,0,0,0,0,0,0,0,0,0,0,0,0,0,0.0,0.0,0.0,0.0,0.0,0.0,0.0,0.0,0.0,0.0,0.0,0.0,0.0,0.0,0.0,0.0,0.0,0.0,0.0,0.0,0.0,0.0,0.0,0.0,-2.004,2.004,0.0,0.0,0.0,0.0,3403.5,-0.0,0.0,2.7184278591402704e+23,0.0,-0.0,0.0,0.0,0.0,0.0,0.0,0,1.9056958870913024e+17,0.0,0.0,0.0,0.0,0.0,0.0,0.0,0.0,0,0,0,0.0,0.0,0.0,0.0,0.0,0.0,0.0,0.0,0.0,0.0,0.0,0.0,0.0,0.0,0.0,0.0,0,-107875648.0,0,0.0,0,-107875648.0,-107877712.0,0,52429,17039,13107,17054,13107,17038,0,0,0,110,100,100,-0.0,64.0,0.0,64.5,0.0,69.0,1,49,50,180,13107,52429,0,0,0.0,0.0,0.0,0.0,-0.0,65.0,0.0,0.0,0.0,646,0,689,0,0,0,719,0,791,0,711,0,690,0,645,0,643,0,616,0.032,55836672.0,0.0,2.7302316136196234e+23,62096,16787,-0.0,581.031,0.0,-0.0,-1.948510807754493e+21,-43840.523,29.0,60.0,70,0.0,0.0,0.0,0.0,0.0,0.0,0.0,0.0,0.0,0.0,0.0,0.0,0.0,0.0,0.0,0.0,59.2,69,11,65508,41,65476,0,300,0,0,8,20529,65476,0,0,61604,60.0,0.0,0.0,0.0,0.0,0.0
2026-04-04T11:11:52,ERR,ERR,ERR,ERR,ERR,ERR,ERR,ERR,ERR,ERR,ERR,ERR,ERR,ERR,ERR,ERR,ERR,ERR,ERR,ERR,ERR,ERR,ERR,ERR,ERR,ERR,ERR,ERR,ERR,ERR,ERR,ERR,ERR,ERR,ERR,ERR,ERR,ERR,ERR,ERR,ERR,ERR,ERR,ERR,ERR,ERR,ERR,ERR,ERR,ERR,ERR,ERR,ERR,ERR,ERR,ERR,ERR,ERR,ERR,ERR,ERR,ERR,ERR,ERR,ERR,ERR,ERR,ERR,ERR,ERR,ERR,ERR,ERR,ERR,ERR,ERR,ERR,ERR,ERR,ERR,ERR,ERR,ERR,ERR,ERR,ERR,ERR,ERR,ERR,ERR,ERR,ERR,ERR,ERR,ERR,ERR,ERR,ERR,ERR,ERR,ERR,ERR,ERR,ERR,ERR,ERR,ERR,ERR,ERR,ERR,ERR,ERR,ERR,ERR,ERR,ERR,ERR,ERR,ERR,ERR,ERR,ERR,ERR,ERR,ERR,2.7184278591402704e+23,0.0,-0.0,0.0,0.0,0.0,0.0,nan,0,0,0,32768,0,0.0,0,0.0,0.0,0.0,0.0,0.0,0,0,0,0,0.0,0,0,0,0,0,0,0,0,0,0,0,0,0,0,0,0,0,0,0,0,0,0,0,0,0,0,0,0,0,0,0,0,0,0,0,0,0,0,0,0,0,0,0,0,0.0,0.0,0.0,0.0,0.0,0.0,0.0,0.0,0.0,0.0,0.0,0.0,0.0,0.0,0.0,0.0,0.0,0.0,0.0,0.0,0.0,0.0,0.0,0.0,-2.004,2.004,0.0,0.0,0.0,0.0,3403.5,-0.0,0.0,2.7184278591402704e+23,0.0,-0.0,0.0,0.0,0.0,0.0,0.0,0,1.9056958870913024e+17,0.0,0.0,0.0,0.0,0.0,0.0,0.0,0.0,0,0,0,0.0,0.0,0.0,0.0,0.0,0.0,0.0,0.0,0.0,0.0,0.0,0.0,0.0,0.0,0.0,0.0,0,-107875648.0,0,0.0,0,-107875648.0,-107877712.0,0,52429,17039,13107,17054,13107,17038,0,0,0,110,100,100,-0.0,64.0,0.0,64.5,0.0,69.0,1,49,50,180,13107,52429,0,0,0.0,0.0,0.0,0.0,-0.0,65.0,0.0,0.0,0.0,646,0,689,0,0,0,719,0,791,0,711,0,690,0,645,0,643,0,616,0.032,55836672.0,0.0,2.7302316136196234e+23,64144,16787,-0.0,0.0,0.0,-0.0,-1.6810330186857044e+21,-33600.523,29.0,60.0,70,0.0,0.0,0.0,0.0,0.0,0.0,0.0,0.0,0.0,0.0,0.0,0.0,0.0,0.0,0.0,0.0,59.2,69,11,65508,41,65476,0,300,0,0,8,20529,65476,0,0,61604,60.0,0.0,0.0,0.0,0.0,0.0
2026-04-04T11:11:53,ERR,ERR,ERR,ERR,ERR,ERR,ERR,ERR,ERR,ERR,ERR,ERR,ERR,ERR,ERR,ERR,ERR,ERR,ERR,ERR,ERR,ERR,ERR,ERR,ERR,ERR,ERR,ERR,ERR,ERR,ERR,ERR,ERR,ERR,ERR,ERR,ERR,ERR,ERR,ERR,ERR,ERR,ERR,ERR,ERR,ERR,ERR,ERR,ERR,ERR,ERR,ERR,ERR,ERR,ERR,ERR,ERR,ERR,ERR,ERR,ERR,ERR,ERR,ERR,ERR,ERR,ERR,ERR,ERR,ERR,ERR,ERR,ERR,ERR,ERR,ERR,ERR,ERR,ERR,ERR,ERR,ERR,ERR,ERR,ERR,ERR,ERR,ERR,ERR,ERR,ERR,ERR,ERR,ERR,ERR,ERR,ERR,ERR,ERR,ERR,ERR,ERR,ERR,ERR,ERR,ERR,ERR,ERR,ERR,ERR,ERR,ERR,ERR,ERR,ERR,ERR,ERR,ERR,ERR,ERR,ERR,ERR,ERR,ERR,ERR,2.7184278591402704e+23,0.0,-0.0,0.0,0.0,0.0,0.0,nan,0,0,0,32768,0,0.0,0,0.0,0.0,0.0,0.0,0.0,0,0,0,0,0.0,0,0,0,0,0,0,0,0,0,0,0,0,0,0,0,0,0,0,0,0,0,0,0,0,0,0,0,0,0,0,0,0,0,0,0,0,0,0,0,0,0,0,0,0,0.0,0.0,0.0,0.0,0.0,0.0,0.0,0.0,0.0,0.0,0.0,0.0,0.0,0.0,0.0,0.0,0.0,0.0,0.0,0.0,0.0,0.0,0.0,0.0,-2.004,2.004,0.0,0.0,0.0,0.0,3403.5,-0.0,0.0,2.7184278591402704e+23,0.0,-0.0,0.0,0.0,0.0,0.0,0.0,0,1.9056958870913024e+17,0.0,0.0,0.0,0.0,0.0,0.0,0.0,0.0,0,0,0,0.0,0.0,0.0,0.0,0.0,0.0,0.0,0.0,0.0,0.0,0.0,0.0,0.0,0.0,0.0,0.0,0,-107875648.0,0,0.0,0,-107875648.0,-107877712.0,0,52429,17039,13107,17054,13107,17038,0,0,0,110,100,100,-0.0,64.0,0.0,64.5,0.0,69.0,1,49,50,180,13107,52429,0,0,0.0,0.0,0.0,0.0,-0.0,65.0,0.0,0.0,0.0,646,0,689,0,0,0,719,0,791,0,711,0,690,0,645,0,643,0,616,0.032,55836672.0,0.0,2.7302316136196234e+23,64144,16787,-0.0,0.0,0.0,-0.0,-1.6810330186857044e+21,-33600.523,29.0,60.0,70,0.0,0.0,0.0,0.0,0.0,0.0,0.0,0.0,0.0,0.0,0.0,0.0,0.0,0.0,0.0,0.0,59.2,69,11,65508,41,65476,0,300,0,0,8,20529,65476,0,0,61604,60.0,0.0,0.0,0.0,0.0,0.0
2026-04-04T11:11:54,ERR,ERR,ERR,ERR,ERR,ERR,ERR,ERR,ERR,ERR,ERR,ERR,ERR,ERR,ERR,ERR,ERR,ERR,ERR,ERR,ERR,ERR,ERR,ERR,ERR,ERR,ERR,ERR,ERR,ERR,ERR,ERR,ERR,ERR,ERR,ERR,ERR,ERR,ERR,ERR,ERR,ERR,ERR,ERR,ERR,ERR,ERR,ERR,ERR,ERR,ERR,ERR,ERR,ERR,ERR,ERR,ERR,ERR,ERR,ERR,ERR,ERR,ERR,ERR,ERR,ERR,ERR,ERR,ERR,ERR,ERR,ERR,ERR,ERR,ERR,ERR,ERR,ERR,ERR,ERR,ERR,ERR,ERR,ERR,ERR,ERR,ERR,ERR,ERR,ERR,ERR,ERR,ERR,ERR,ERR,ERR,ERR,ERR,ERR,ERR,ERR,ERR,ERR,ERR,ERR,ERR,ERR,ERR,ERR,ERR,ERR,ERR,ERR,ERR,ERR,ERR,ERR,ERR,ERR,ERR,ERR,ERR,ERR,ERR,ERR,2.7184278591402704e+23,0.0,-0.0,0.0,0.0,0.0,0.0,nan,0,0,0,32768,0,0.0,0,0.0,0.0,0.0,0.0,0.0,0,0,0,0,0.0,0,0,0,0,0,0,0,0,0,0,0,0,0,0,0,0,0,0,0,0,0,0,0,0,0,0,0,0,0,0,0,0,0,0,0,0,0,0,0,0,0,0,0,0,0.0,0.0,0.0,0.0,0.0,0.0,0.0,0.0,0.0,0.0,0.0,0.0,0.0,0.0,0.0,0.0,0.0,0.0,0.0,0.0,0.0,0.0,0.0,0.0,-2.004,2.004,0.0,0.0,0.0,0.0,3403.5,-0.0,0.0,2.7184278591402704e+23,0.0,-0.0,0.0,0.0,0.0,0.0,0.0,0,1.9056958870913024e+17,0.0,0.0,0.0,0.0,0.0,0.0,0.0,0.0,0,0,0,0.0,0.0,0.0,0.0,0.0,0.0,0.0,0.0,0.0,0.0,0.0,0.0,0.0,0.0,0.0,0.0,0,-107875648.0,0,0.0,0,-107875648.0,-107877712.0,0,52429,17039,13107,17054,13107,17038,0,0,0,110,100,100,-0.0,64.0,0.0,64.5,0.0,69.0,1,49,50,180,13107,52429,0,0,0.0,0.0,0.0,0.0,-0.0,65.0,0.0,0.0,0.0,646,0,689,0,0,0,719,0,791,0,711,0,690,0,645,0,643,0,616,0.032,55836672.0,0.0,2.7302316136196234e+23,64144,16787,-0.0,0.0,0.0,-0.0,-1.6810330186857044e+21,-33600.523,29.0,60.0,70,0.0,0.0,0.0,0.0,0.0,0.0,0.0,0.0,0.0,0.0,0.0,0.0,0.0,0.0,0.0,0.0,59.2,69,11,65508,41,65476,0,300,0,0,8,20529,65476,0,0,61604,60.0,0.0,0.0,0.0,0.0,0.0
2026-04-04T11:11:55,ERR,ERR,ERR,ERR,ERR,ERR,ERR,ERR,ERR,ERR,ERR,ERR,ERR,ERR,ERR,ERR,ERR,ERR,ERR,ERR,ERR,ERR,ERR,ERR,ERR,ERR,ERR,ERR,ERR,ERR,ERR,ERR,ERR,ERR,ERR,ERR,ERR,ERR,ERR,ERR,ERR,ERR,ERR,ERR,ERR,ERR,ERR,ERR,ERR,ERR,ERR,ERR,ERR,ERR,ERR,ERR,ERR,ERR,ERR,ERR,ERR,ERR,ERR,ERR,ERR,ERR,ERR,ERR,ERR,ERR,ERR,ERR,ERR,ERR,ERR,ERR,ERR,ERR,ERR,ERR,ERR,ERR,ERR,ERR,ERR,ERR,ERR,ERR,ERR,ERR,ERR,ERR,ERR,ERR,ERR,ERR,ERR,ERR,ERR,ERR,ERR,ERR,ERR,ERR,ERR,ERR,ERR,ERR,ERR,ERR,ERR,ERR,ERR,ERR,ERR,ERR,ERR,ERR,ERR,ERR,ERR,ERR,ERR,ERR,ERR,2.7184278591402704e+23,0.0,-0.0,0.0,0.0,0.0,0.0,nan,0,0,0,32768,0,0.0,0,0.0,0.0,0.0,0.0,0.0,0,0,0,0,0.0,0,0,0,0,0,0,0,0,0,0,0,0,0,0,0,0,0,0,0,0,0,0,0,0,0,0,0,0,0,0,0,0,0,0,0,0,0,0,0,0,0,0,0,0,0.0,0.0,0.0,0.0,0.0,0.0,0.0,0.0,0.0,0.0,0.0,0.0,0.0,0.0,0.0,0.0,0.0,0.0,0.0,0.0,0.0,0.0,0.0,0.0,-2.004,2.004,0.0,0.0,0.0,0.0,3403.5,-0.0,0.0,2.7184278591402704e+23,0.0,-0.0,0.0,0.0,0.0,0.0,0.0,0,1.9056958870913024e+17,0.0,0.0,0.0,0.0,0.0,0.0,0.0,0.0,0,0,0,0.0,0.0,0.0,0.0,0.0,0.0,0.0,0.0,0.0,0.0,0.0,0.0,0.0,0.0,0.0,0.0,0,-107875648.0,0,0.0,0,-107875648.0,-107877712.0,0,52429,17039,13107,17054,13107,17038,0,0,0,110,100,100,-0.0,64.0,0.0,64.5,0.0,69.0,1,49,50,180,13107,52429,0,0,0.0,0.0,0.0,0.0,-0.0,65.0,0.0,0.0,0.0,646,0,689,0,0,0,719,0,791,0,711,0,690,0,645,0,643,0,616,0.032,55836672.0,0.0,2.7302316136196234e+23,64144,16787,-0.0,0.0,0.0,-0.0,-1.6810330186857044e+21,-33600.523,29.0,60.0,70,0.0,0.0,0.0,0.0,0.0,0.0,0.0,0.0,0.0,0.0,0.0,0.0,0.0,0.0,0.0,0.0,59.2,69,11,65508,41,65476,0,300,0,0,8,20529,65476,0,0,61604,60.0,0.0,0.0,0.0,0.0,0.0
2026-04-04T11:11:56,ERR,ERR,ERR,ERR,ERR,ERR,ERR,ERR,ERR,ERR,ERR,ERR,ERR,ERR,ERR,ERR,ERR,ERR,ERR,ERR,ERR,ERR,ERR,ERR,ERR,ERR,ERR,ERR,ERR,ERR,ERR,ERR,ERR,ERR,ERR,ERR,ERR,ERR,ERR,ERR,ERR,ERR,ERR,ERR,ERR,ERR,ERR,ERR,ERR,ERR,ERR,ERR,ERR,ERR,ERR,ERR,ERR,ERR,ERR,ERR,ERR,ERR,ERR,ERR,ERR,ERR,ERR,ERR,ERR,ERR,ERR,ERR,ERR,ERR,ERR,ERR,ERR,ERR,ERR,ERR,ERR,ERR,ERR,ERR,ERR,ERR,ERR,ERR,ERR,ERR,ERR,ERR,ERR,ERR,ERR,ERR,ERR,ERR,ERR,ERR,ERR,ERR,ERR,ERR,ERR,ERR,ERR,ERR,ERR,ERR,ERR,ERR,ERR,ERR,ERR,ERR,ERR,ERR,ERR,ERR,ERR,ERR,ERR,ERR,ERR,2.7184278591402704e+23,0.0,-0.0,0.0,0.0,0.0,0.0,nan,0,0,0,32768,0,0.0,0,0.0,0.0,0.0,0.0,0.0,0,0,0,0,0.0,0,0,0,0,0,0,0,0,0,0,0,0,0,0,0,0,0,0,0,0,0,0,0,0,0,0,0,0,0,0,0,0,0,0,0,0,0,0,0,0,0,0,0,0,0.0,0.0,0.0,0.0,0.0,0.0,0.0,0.0,0.0,0.0,0.0,0.0,0.0,0.0,0.0,0.0,0.0,0.0,0.0,0.0,0.0,0.0,0.0,0.0,-2.004,2.004,0.0,0.0,0.0,0.0,3403.5,-0.0,0.0,2.7184278591402704e+23,0.0,-0.0,0.0,0.0,0.0,0.0,0.0,0,1.9056958870913024e+17,0.0,0.0,0.0,0.0,0.0,0.0,0.0,0.0,0,0,0,0.0,0.0,0.0,0.0,0.0,0.0,0.0,0.0,0.0,0.0,0.0,0.0,0.0,0.0,0.0,0.0,0,-107875648.0,0,0.0,0,-107875648.0,-107877712.0,0,52429,17039,13107,17054,13107,17038,0,0,0,110,100,100,-0.0,64.0,0.0,64.5,0.0,69.0,1,49,50,180,13107,52429,0,0,0.0,0.0,0.0,0.0,-0.0,65.0,0.0,0.0,0.0,646,0,689,0,0,0,719,0,791,0,711,0,690,0,645,0,643,0,616,0.032,55836672.0,0.0,2.7302316136196234e+23,64144,16787,-0.0,0.0,0.0,-0.0,-1.6810330186857044e+21,-33600.523,29.0,60.0,70,0.0,0.0,0.0,0.0,0.0,0.0,0.0,0.0,0.0,0.0,0.0,0.0,0.0,0.0,0.0,0.0,59.2,69,11,65508,41,65476,0,300,0,0,8,20529,65476,0,0,61604,60.0,0.0,0.0,0.0,0.0,0.0
2026-04-04T11:11:57,ERR,ERR,ERR,ERR,ERR,ERR,ERR,ERR,ERR,ERR,ERR,ERR,ERR,ERR,ERR,ERR,ERR,ERR,ERR,ERR,ERR,ERR,ERR,ERR,ERR,ERR,ERR,ERR,ERR,ERR,ERR,ERR,ERR,ERR,ERR,ERR,ERR,ERR,ERR,ERR,ERR,ERR,ERR,ERR,ERR,ERR,ERR,ERR,ERR,ERR,ERR,ERR,ERR,ERR,ERR,ERR,ERR,ERR,ERR,ERR,ERR,ERR,ERR,ERR,ERR,ERR,ERR,ERR,ERR,ERR,ERR,ERR,ERR,ERR,ERR,ERR,ERR,ERR,ERR,ERR,ERR,ERR,ERR,ERR,ERR,ERR,ERR,ERR,ERR,ERR,ERR,ERR,ERR,ERR,ERR,ERR,ERR,ERR,ERR,ERR,ERR,ERR,ERR,ERR,ERR,ERR,ERR,ERR,ERR,ERR,ERR,ERR,ERR,ERR,ERR,ERR,ERR,ERR,ERR,ERR,ERR,ERR,ERR,ERR,ERR,2.7184278591402704e+23,0.0,-0.0,0.0,0.0,0.0,0.0,nan,0,0,0,32768,0,0.0,0,0.0,0.0,0.0,0.0,0.0,0,0,0,0,0.0,0,0,0,0,0,0,0,0,0,0,0,0,0,0,0,0,0,0,0,0,0,0,0,0,0,0,0,0,0,0,0,0,0,0,0,0,0,0,0,0,0,0,0,0,0.0,0.0,0.0,0.0,0.0,0.0,0.0,0.0,0.0,0.0,0.0,0.0,0.0,0.0,0.0,0.0,0.0,0.0,0.0,0.0,0.0,0.0,0.0,0.0,-2.004,2.004,0.0,0.0,0.0,0.0,3403.5,-0.0,0.0,2.7184278591402704e+23,0.0,-0.0,0.0,0.0,0.0,0.0,0.0,0,1.9056958870913024e+17,0.0,0.0,0.0,0.0,0.0,0.0,0.0,0.0,0,0,0,0.0,0.0,0.0,0.0,0.0,0.0,0.0,0.0,0.0,0.0,0.0,0.0,0.0,0.0,0.0,0.0,0,-107875648.0,0,0.0,0,-107875648.0,-107877712.0,0,52429,17039,13107,17054,13107,17038,0,0,0,110,100,100,-0.0,64.0,0.0,64.5,0.0,69.0,1,49,50,180,13107,52429,0,0,0.0,0.0,0.0,0.0,-0.0,65.0,0.0,0.0,0.0,646,0,689,0,0,0,719,0,791,0,711,0,690,0,645,0,643,0,616,0.032,55836672.0,0.0,2.7302316136196234e+23,64144,16787,-0.0,0.0,0.0,-0.0,-1.6810330186857044e+21,-33600.523,29.0,60.0,70,0.0,0.0,0.0,0.0,0.0,0.0,0.0,0.0,0.0,0.0,0.0,0.0,0.0,0.0,0.0,0.0,59.2,69,11,65508,41,65476,0,300,0,0,8,20529,65476,0,0,61604,60.0,0.0,0.0,0.0,0.0,0.0
2026-04-04T11:11:58,ERR,ERR,ERR,ERR,ERR,ERR,ERR,ERR,ERR,ERR,ERR,ERR,ERR,ERR,ERR,ERR,ERR,ERR,ERR,ERR,ERR,ERR,ERR,ERR,ERR,ERR,ERR,ERR,ERR,ERR,ERR,ERR,ERR,ERR,ERR,ERR,ERR,ERR,ERR,ERR,ERR,ERR,ERR,ERR,ERR,ERR,ERR,ERR,ERR,ERR,ERR,ERR,ERR,ERR,ERR,ERR,ERR,ERR,ERR,ERR,ERR,ERR,ERR,ERR,ERR,ERR,ERR,ERR,ERR,ERR,ERR,ERR,ERR,ERR,ERR,ERR,ERR,ERR,ERR,ERR,ERR,ERR,ERR,ERR,ERR,ERR,ERR,ERR,ERR,ERR,ERR,ERR,ERR,ERR,ERR,ERR,ERR,ERR,ERR,ERR,ERR,ERR,ERR,ERR,ERR,ERR,ERR,ERR,ERR,ERR,ERR,ERR,ERR,ERR,ERR,ERR,ERR,ERR,ERR,ERR,ERR,ERR,ERR,ERR,ERR,2.7184278591402704e+23,0.0,-0.0,0.0,0.0,0.0,0.0,nan,0,0,0,32768,0,0.0,0,0.0,0.0,0.0,0.0,0.0,0,0,0,0,0.0,0,0,0,0,0,0,0,0,0,0,0,0,0,0,0,0,0,0,0,0,0,0,0,0,0,0,0,0,0,0,0,0,0,0,0,0,0,0,0,0,0,0,0,0,0.0,0.0,0.0,0.0,0.0,0.0,0.0,0.0,0.0,0.0,0.0,0.0,0.0,0.0,0.0,0.0,0.0,0.0,0.0,0.0,0.0,0.0,0.0,0.0,-2.004,0.0,0.0,0.0,0.0,0.0,3404.5,-0.0,0.0,2.7184278591402704e+23,0.0,-0.0,0.0,0.0,0.0,0.0,0.0,0,-0.0,-4.9503763722913574e+32,0.0,0.0,0.0,0.0,0.0,0.0,0.0,0,0,0,0.0,0.0,0.0,0.0,0.0,0.0,0.0,0.0,0.0,0.0,0.0,0.0,0.0,0.0,0.0,0.0,0,-107875648.0,0,0.0,0,-107875648.0,-107877712.0,0,39322,17039,13107,17054,13107,17038,0,0,0,110,100,100,-0.0,64.0,0.0,64.5,0.0,69.0,1,49,50,180,0,52429,0,0,0.0,0.0,0.0,0.0,-0.0,65.0,0.0,0.0,0.0,645,0,689,0,0,0,719,0,791,0,711,0,690,0,645,0,643,0,616,0.032,51904512.0,0.0,2.7302316136196234e+23,54544,16787,-0.0,0.0,-0.0,-0.0,-0.0,24911091335168.0,29.0,60.0,70,0.0,0.0,0.0,0.0,0.0,0.0,0.0,0.0,0.0,0.0,0.0,0.0,0.0,0.0,0.0,0.0,59.2,69,11,65508,41,65476,0,300,0,0,8,20529,65476,0,0,61604,60.0,0.0,0.0,0.0,0.0,0.0
2026-04-04T11:11:59,ERR,ERR,ERR,ERR,ERR,ERR,ERR,ERR,ERR,ERR,ERR,ERR,ERR,ERR,ERR,ERR,ERR,ERR,ERR,ERR,ERR,ERR,ERR,ERR,ERR,ERR,ERR,ERR,ERR,ERR,ERR,ERR,ERR,ERR,ERR,ERR,ERR,ERR,ERR,ERR,ERR,ERR,ERR,ERR,ERR,ERR,ERR,ERR,ERR,ERR,ERR,ERR,ERR,ERR,ERR,ERR,ERR,ERR,ERR,ERR,ERR,ERR,ERR,ERR,ERR,ERR,ERR,ERR,ERR,ERR,ERR,ERR,ERR,ERR,ERR,ERR,ERR,ERR,ERR,ERR,ERR,ERR,ERR,ERR,ERR,ERR,ERR,ERR,ERR,ERR,ERR,ERR,ERR,ERR,ERR,ERR,ERR,ERR,ERR,ERR,ERR,ERR,ERR,ERR,ERR,ERR,ERR,ERR,ERR,ERR,ERR,ERR,ERR,ERR,ERR,ERR,ERR,ERR,ERR,ERR,ERR,ERR,ERR,ERR,ERR,2.7184278591402704e+23,0.0,-0.0,0.0,0.0,0.0,0.0,nan,0,0,0,32768,0,0.0,0,0.0,0.0,0.0,0.0,0.0,0,0,0,0,0.0,0,0,0,0,0,0,0,0,0,0,0,0,0,0,0,0,0,0,0,0,0,0,0,0,0,0,0,0,0,0,0,0,0,0,0,0,0,0,0,0,0,0,0,0,0.0,0.0,0.0,0.0,0.0,0.0,0.0,0.0,0.0,0.0,0.0,0.0,0.0,0.0,0.0,0.0,0.0,0.0,0.0,0.0,0.0,0.0,0.0,0.0,-2.004,0.0,0.0,0.0,0.0,0.0,3404.5,-0.0,0.0,2.7184278591402704e+23,0.0,-0.0,0.0,0.0,0.0,0.0,0.0,0,-0.0,-4.9503763722913574e+32,0.0,0.0,0.0,0.0,0.0,0.0,0.0,0,0,0,0.0,0.0,0.0,0.0,0.0,0.0,0.0,0.0,0.0,0.0,0.0,0.0,0.0,0.0,0.0,0.0,0,-107875648.0,0,0.0,0,-107875648.0,-107877712.0,0,39322,17039,13107,17054,13107,17038,0,0,0,110,100,100,-0.0,64.0,0.0,64.5,0.0,69.0,1,49,50,180,0,52429,0,0,0.0,0.0,0.0,0.0,-0.0,65.0,0.0,0.0,0.0,645,0,689,0,0,0,719,0,791,0,711,0,690,0,645,0,643,0,616,0.032,51904512.0,0.0,2.7302316136196234e+23,54544,16787,-0.0,0.0,-0.0,-0.0,-0.0,24911091335168.0,29.0,60.0,70,0.0,0.0,0.0,0.0,0.0,0.0,0.0,0.0,0.0,0.0,0.0,0.0,0.0,0.0,0.0,0.0,59.2,69,11,65508,41,65476,0,300,0,0,8,20529,65476,0,0,61604,60.0,0.0,0.0,0.0,0.0,0.0
2026-04-04T11:12:00,ERR,ERR,ERR,ERR,ERR,ERR,ERR,ERR,ERR,ERR,ERR,ERR,ERR,ERR,ERR,ERR,ERR,ERR,ERR,ERR,ERR,ERR,ERR,ERR,ERR,ERR,ERR,ERR,ERR,ERR,ERR,ERR,ERR,ERR,ERR,ERR,ERR,ERR,ERR,ERR,ERR,ERR,ERR,ERR,ERR,ERR,ERR,ERR,ERR,ERR,ERR,ERR,ERR,ERR,ERR,ERR,ERR,ERR,ERR,ERR,ERR,ERR,ERR,ERR,ERR,ERR,ERR,ERR,ERR,ERR,ERR,ERR,ERR,ERR,ERR,ERR,ERR,ERR,ERR,ERR,ERR,ERR,ERR,ERR,ERR,ERR,ERR,ERR,ERR,ERR,ERR,ERR,ERR,ERR,ERR,ERR,ERR,ERR,ERR,ERR,ERR,ERR,ERR,ERR,ERR,ERR,ERR,ERR,ERR,ERR,ERR,ERR,ERR,ERR,ERR,ERR,ERR,ERR,ERR,ERR,ERR,ERR,ERR,ERR,ERR,2.7184278591402704e+23,0.0,-0.0,0.0,0.0,0.0,0.0,nan,0,0,0,32768,0,0.0,0,0.0,0.0,0.0,0.0,0.0,0,0,0,0,0.0,0,0,0,0,0,0,0,0,0,0,0,0,0,0,0,0,0,0,0,0,0,0,0,0,0,0,0,0,0,0,0,0,0,0,0,0,0,0,0,0,0,0,0,0,0.0,0.0,0.0,0.0,0.0,0.0,0.0,0.0,0.0,0.0,0.0,0.0,0.0,0.0,0.0,0.0,0.0,0.0,0.0,0.0,0.0,0.0,0.0,0.0,-2.004,0.0,0.0,0.0,0.0,0.0,3404.5,-0.0,0.0,2.7184278591402704e+23,0.0,-0.0,0.0,0.0,0.0,0.0,0.0,0,-0.0,-4.9503763722913574e+32,0.0,0.0,0.0,0.0,0.0,0.0,0.0,0,0,0,0.0,0.0,0.0,0.0,0.0,0.0,0.0,0.0,0.0,0.0,0.0,0.0,0.0,0.0,0.0,0.0,0,-107875648.0,0,0.0,0,-107875648.0,-107877712.0,0,39322,17039,13107,17054,13107,17038,0,0,0,110,100,100,-0.0,64.0,0.0,64.5,0.0,69.0,1,49,50,180,0,52429,0,0,0.0,0.0,0.0,0.0,-0.0,65.0,0.0,0.0,0.0,645,0,689,0,0,0,719,0,791,0,711,0,690,0,645,0,643,0,616,0.032,51904512.0,0.0,2.7302316136196234e+23,54544,16787,-0.0,0.0,-0.0,-0.0,-0.0,24911091335168.0,29.0,60.0,70,0.0,0.0,0.0,0.0,0.0,0.0,0.0,0.0,0.0,0.0,0.0,0.0,0.0,0.0,0.0,0.0,59.2,69,11,65508,41,65476,0,300,0,0,8,20529,65476,0,0,61604,60.0,0.0,0.0,0.0,0.0,0.0
2026-04-04T11:12:01,ERR,ERR,ERR,ERR,ERR,ERR,ERR,ERR,ERR,ERR,ERR,ERR,ERR,ERR,ERR,ERR,ERR,ERR,ERR,ERR,ERR,ERR,ERR,ERR,ERR,ERR,ERR,ERR,ERR,ERR,ERR,ERR,ERR,ERR,ERR,ERR,ERR,ERR,ERR,ERR,ERR,ERR,ERR,ERR,ERR,ERR,ERR,ERR,ERR,ERR,ERR,ERR,ERR,ERR,ERR,ERR,ERR,ERR,ERR,ERR,ERR,ERR,ERR,ERR,ERR,ERR,ERR,ERR,ERR,ERR,ERR,ERR,ERR,ERR,ERR,ERR,ERR,ERR,ERR,ERR,ERR,ERR,ERR,ERR,ERR,ERR,ERR,ERR,ERR,ERR,ERR,ERR,ERR,ERR,ERR,ERR,ERR,ERR,ERR,ERR,ERR,ERR,ERR,ERR,ERR,ERR,ERR,ERR,ERR,ERR,ERR,ERR,ERR,ERR,ERR,ERR,ERR,ERR,ERR,ERR,ERR,ERR,ERR,ERR,ERR,2.7184278591402704e+23,0.0,-0.0,0.0,0.0,0.0,0.0,nan,0,0,0,32768,0,0.0,0,0.0,0.0,0.0,0.0,0.0,0,0,0,0,0.0,0,0,0,0,0,0,0,0,0,0,0,0,0,0,0,0,0,0,0,0,0,0,0,0,0,0,0,0,0,0,0,0,0,0,0,0,0,0,0,0,0,0,0,0,0.0,0.0,0.0,0.0,0.0,0.0,0.0,0.0,0.0,0.0,0.0,0.0,0.0,0.0,0.0,0.0,0.0,0.0,0.0,0.0,0.0,0.0,0.0,0.0,-2.004,0.0,0.0,0.0,0.0,0.0,3404.5,-0.0,0.0,2.7184278591402704e+23,0.0,-0.0,0.0,0.0,0.0,0.0,0.0,0,-0.0,-4.9503763722913574e+32,0.0,0.0,0.0,0.0,0.0,0.0,0.0,0,0,0,0.0,0.0,0.0,0.0,0.0,0.0,0.0,0.0,0.0,0.0,0.0,0.0,0.0,0.0,0.0,0.0,0,-107875648.0,0,0.0,0,-107875648.0,-107877712.0,0,39322,17039,13107,17054,13107,17038,0,0,0,110,100,100,-0.0,64.0,0.0,64.5,0.0,69.0,1,49,50,180,0,52429,0,0,0.0,0.0,0.0,0.0,-0.0,65.0,0.0,0.0,0.0,645,0,689,0,0,0,719,0,791,0,711,0,690,0,645,0,643,0,616,0.032,51904512.0,0.0,2.7302316136196234e+23,54544,16787,-0.0,0.0,-0.0,-0.0,-0.0,24911091335168.0,29.0,60.0,70,0.0,0.0,0.0,0.0,0.0,0.0,0.0,0.0,0.0,0.0,0.0,0.0,0.0,0.0,0.0,0.0,59.2,69,11,65508,41,65476,0,300,0,0,8,20529,65476,0,0,61604,60.0,0.0,0.0,0.0,0.0,0.0
2026-04-04T11:12:02,ERR,ERR,ERR,ERR,ERR,ERR,ERR,ERR,ERR,ERR,ERR,ERR,ERR,ERR,ERR,ERR,ERR,ERR,ERR,ERR,ERR,ERR,ERR,ERR,ERR,ERR,ERR,ERR,ERR,ERR,ERR,ERR,ERR,ERR,ERR,ERR,ERR,ERR,ERR,ERR,ERR,ERR,ERR,ERR,ERR,ERR,ERR,ERR,ERR,ERR,ERR,ERR,ERR,ERR,ERR,ERR,ERR,ERR,ERR,ERR,ERR,ERR,ERR,ERR,ERR,ERR,ERR,ERR,ERR,ERR,ERR,ERR,ERR,ERR,ERR,ERR,ERR,ERR,ERR,ERR,ERR,ERR,ERR,ERR,ERR,ERR,ERR,ERR,ERR,ERR,ERR,ERR,ERR,ERR,ERR,ERR,ERR,ERR,ERR,ERR,ERR,ERR,ERR,ERR,ERR,ERR,ERR,ERR,ERR,ERR,ERR,ERR,ERR,ERR,ERR,ERR,ERR,ERR,ERR,ERR,ERR,ERR,ERR,ERR,ERR,2.7184278591402704e+23,0.0,-0.0,0.0,0.0,0.0,0.0,nan,0,0,0,32768,0,0.0,0,0.0,0.0,0.0,0.0,0.0,0,0,0,0,0.0,0,0,0,0,0,0,0,0,0,0,0,0,0,0,0,0,0,0,0,0,0,0,0,0,0,0,0,0,0,0,0,0,0,0,0,0,0,0,0,0,0,0,0,0,0.0,0.0,0.0,0.0,0.0,0.0,0.0,0.0,0.0,0.0,0.0,0.0,0.0,0.0,0.0,0.0,0.0,0.0,0.0,0.0,0.0,0.0,0.0,0.0,-2.004,0.0,0.0,0.0,0.0,0.0,3404.5,-0.0,0.0,2.7184278591402704e+23,0.0,-0.0,0.0,0.0,0.0,0.0,0.0,0,-0.0,-4.9503763722913574e+32,0.0,0.0,0.0,0.0,0.0,0.0,0.0,0,0,0,0.0,0.0,0.0,0.0,0.0,0.0,0.0,0.0,0.0,0.0,0.0,0.0,0.0,0.0,0.0,0.0,0,-107875648.0,0,0.0,0,-107875648.0,-107877712.0,0,39322,17039,13107,17054,13107,17038,0,0,0,110,100,100,-0.0,64.0,0.0,64.5,0.0,69.0,1,49,50,180,0,52429,0,0,0.0,0.0,0.0,0.0,-0.0,65.0,0.0,0.0,0.0,645,0,689,0,0,0,719,0,791,0,711,0,690,0,645,0,643,0,616,0.032,51904512.0,0.0,2.7302316136196234e+23,54544,16787,-0.0,0.0,-0.0,-0.0,-0.0,24911091335168.0,29.0,60.0,70,0.0,0.0,0.0,0.0,0.0,0.0,0.0,0.0,0.0,0.0,0.0,0.0,0.0,0.0,0.0,0.0,59.6,69,11,65508,41,65476,0,300,0,0,8,20529,65476,0,0,61604,60.0,0.0,0.0,0.0,0.0,0.0
2026-04-04T11:12:03,ERR,ERR,ERR,ERR,ERR,ERR,ERR,ERR,ERR,ERR,ERR,ERR,ERR,ERR,ERR,ERR,ERR,ERR,ERR,ERR,ERR,ERR,ERR,ERR,ERR,ERR,ERR,ERR,ERR,ERR,ERR,ERR,ERR,ERR,ERR,ERR,ERR,ERR,ERR,ERR,ERR,ERR,ERR,ERR,ERR,ERR,ERR,ERR,ERR,ERR,ERR,ERR,ERR,ERR,ERR,ERR,ERR,ERR,ERR,ERR,ERR,ERR,ERR,ERR,ERR,ERR,ERR,ERR,ERR,ERR,ERR,ERR,ERR,ERR,ERR,ERR,ERR,ERR,ERR,ERR,ERR,ERR,ERR,ERR,ERR,ERR,ERR,ERR,ERR,ERR,ERR,ERR,ERR,ERR,ERR,ERR,ERR,ERR,ERR,ERR,ERR,ERR,ERR,ERR,ERR,ERR,ERR,ERR,ERR,ERR,ERR,ERR,ERR,ERR,ERR,ERR,ERR,ERR,ERR,ERR,ERR,ERR,ERR,ERR,ERR,2.7184278591402704e+23,0.0,-0.0,0.0,0.0,0.0,0.0,nan,0,0,0,32768,0,0.0,0,0.0,0.0,0.0,0.0,0.0,0,0,0,0,0.0,0,0,0,0,0,0,0,0,0,0,0,0,0,0,0,0,0,0,0,0,0,0,0,0,0,0,0,0,0,0,0,0,0,0,0,0,0,0,0,0,0,0,0,0,0.0,0.0,0.0,0.0,0.0,0.0,0.0,0.0,0.0,0.0,0.0,0.0,0.0,0.0,0.0,0.0,0.0,0.0,0.0,0.0,0.0,0.0,0.0,0.0,-2.004,0.0,0.0,0.0,0.0,0.0,3404.5,-0.0,0.0,2.7184278591402704e+23,0.0,-0.0,0.0,0.0,0.0,0.0,0.0,0,-0.0,-4.9503763722913574e+32,0.0,0.0,0.0,0.0,0.0,0.0,0.0,0,0,0,0.0,0.0,0.0,0.0,0.0,0.0,0.0,0.0,0.0,0.0,0.0,0.0,0.0,0.0,0.0,0.0,0,-107875648.0,0,0.0,0,-107875648.0,-107877712.0,0,39322,17039,13107,17054,13107,17038,0,0,0,110,100,100,-0.0,64.0,0.0,64.5,0.0,69.0,1,49,50,180,0,52429,0,0,0.0,0.0,0.0,0.0,-0.0,65.0,0.0,0.0,0.0,645,0,689,0,0,0,719,0,791,0,711,0,690,0,645,0,643,0,616,0.032,51904512.0,0.0,2.7302316136196234e+23,54544,16787,-0.0,0.0,-0.0,-0.0,-0.0,24911091335168.0,29.0,60.0,70,0.0,0.0,0.0,0.0,0.0,0.0,0.0,0.0,0.0,0.0,0.0,0.0,0.0,0.0,0.0,0.0,59.6,69,11,65508,41,65476,0,300,0,0,8,20529,65476,0,0,61604,60.0,0.0,0.0,0.0,0.0,0.0
2026-04-04T11:12:04,ERR,ERR,ERR,ERR,ERR,ERR,ERR,ERR,ERR,ERR,ERR,ERR,ERR,ERR,ERR,ERR,ERR,ERR,ERR,ERR,ERR,ERR,ERR,ERR,ERR,ERR,ERR,ERR,ERR,ERR,ERR,ERR,ERR,ERR,ERR,ERR,ERR,ERR,ERR,ERR,ERR,ERR,ERR,ERR,ERR,ERR,ERR,ERR,ERR,ERR,ERR,ERR,ERR,ERR,ERR,ERR,ERR,ERR,ERR,ERR,ERR,ERR,ERR,ERR,ERR,ERR,ERR,ERR,ERR,ERR,ERR,ERR,ERR,ERR,ERR,ERR,ERR,ERR,ERR,ERR,ERR,ERR,ERR,ERR,ERR,ERR,ERR,ERR,ERR,ERR,ERR,ERR,ERR,ERR,ERR,ERR,ERR,ERR,ERR,ERR,ERR,ERR,ERR,ERR,ERR,ERR,ERR,ERR,ERR,ERR,ERR,ERR,ERR,ERR,ERR,ERR,ERR,ERR,ERR,ERR,ERR,ERR,ERR,ERR,ERR,2.7184278591402704e+23,0.0,-0.0,0.0,0.0,0.0,0.0,nan,0,0,0,32768,0,0.0,0,0.0,0.0,0.0,0.0,0.0,0,0,0,0,0.0,0,0,0,0,0,0,0,0,0,0,0,0,0,0,0,0,0,0,0,0,0,0,0,0,0,0,0,0,0,0,0,0,0,0,0,0,0,0,0,0,0,0,0,0,0.0,0.0,0.0,0.0,0.0,0.0,0.0,0.0,0.0,0.0,0.0,0.0,0.0,0.0,0.0,0.0,0.0,0.0,0.0,0.0,0.0,0.0,0.0,0.0,-2.004,0.0,0.0,0.0,0.0,0.0,3404.5,-0.0,0.0,2.7184278591402704e+23,0.0,-0.0,0.0,0.0,0.0,0.0,0.0,0,-0.0,-4.9503763722913574e+32,0.0,0.0,0.0,0.0,0.0,0.0,0.0,0,0,0,0.0,0.0,0.0,0.0,0.0,0.0,0.0,0.0,0.0,0.0,0.0,0.0,0.0,0.0,0.0,0.0,0,-107875648.0,0,0.0,0,-107875648.0,-107877712.0,0,52429,17039,13107,17054,0,17038,0,0,0,110,100,100,-0.0,64.0,0.0,64.5,0.0,69.0,1,49,50,180,13107,52429,0,0,0.0,0.0,0.0,0.0,-0.0,65.0,0.0,0.0,0.0,646,0,689,0,0,0,719,0,791,0,710,0,690,0,645,0,643,0,616,0.032,56098816.0,0.0,2.7302316136196234e+23,50064,16787,-0.0,0.0,-0.0,3.5632332917197242e+19,-0.0,1.4121835041499056e+33,29.0,60.0,70,0.0,0.0,0.0,0.0,0.0,0.0,0.0,0.0,0.0,0.0,0.0,0.0,0.0,0.0,0.0,0.0,59.6,69,11,65508,41,65476,0,300,0,0,8,20529,65476,0,0,61604,60.0,0.0,0.0,0.0,0.0,0.0
2026-04-04T11:12:05,ERR,ERR,ERR,ERR,ERR,ERR,ERR,ERR,ERR,ERR,ERR,ERR,ERR,ERR,ERR,ERR,ERR,ERR,ERR,ERR,ERR,ERR,ERR,ERR,ERR,ERR,ERR,ERR,ERR,ERR,ERR,ERR,ERR,ERR,ERR,ERR,ERR,ERR,ERR,ERR,ERR,ERR,ERR,ERR,ERR,ERR,ERR,ERR,ERR,ERR,ERR,ERR,ERR,ERR,ERR,ERR,ERR,ERR,ERR,ERR,ERR,ERR,ERR,ERR,ERR,ERR,ERR,ERR,ERR,ERR,ERR,ERR,ERR,ERR,ERR,ERR,ERR,ERR,ERR,ERR,ERR,ERR,ERR,ERR,ERR,ERR,ERR,ERR,ERR,ERR,ERR,ERR,ERR,ERR,ERR,ERR,ERR,ERR,ERR,ERR,ERR,ERR,ERR,ERR,ERR,ERR,ERR,ERR,ERR,ERR,ERR,ERR,ERR,ERR,ERR,ERR,ERR,ERR,ERR,ERR,ERR,ERR,ERR,ERR,ERR,2.7184278591402704e+23,0.0,-0.0,0.0,0.0,0.0,0.0,nan,0,0,0,32768,0,0.0,0,0.0,0.0,0.0,0.0,0.0,0,0,0,0,0.0,0,0,0,0,0,0,0,0,0,0,0,0,0,0,0,0,0,0,0,0,0,0,0,0,0,0,0,0,0,0,0,0,0,0,0,0,0,0,0,0,0,0,0,0,0.0,0.0,0.0,0.0,0.0,0.0,0.0,0.0,0.0,0.0,0.0,0.0,0.0,0.0,0.0,0.0,0.0,0.0,0.0,0.0,0.0,0.0,0.0,0.0,-2.004,0.0,0.0,0.0,0.0,0.0,3406.5,-3.697154467689818e+19,0.0,2.7184278591402704e+23,0.0,-0.0,0.0,0.0,0.0,0.0,0.0,0,4.9504239556116174e+32,0.0,0.0,0.0,0.0,0.0,0.0,0.0,0.0,0,0,0,0.0,0.0,0.0,0.0,0.0,0.0,0.0,0.0,0.0,0.0,0.0,0.0,0.0,0.0,0.0,0.0,0,-107875648.0,0,0.0,0,-107875648.0,-107877712.0,0,52429,17039,13107,17054,0,17038,0,0,0,110,100,100,-0.0,64.0,0.0,64.5,0.0,69.0,1,49,50,180,13107,52429,0,0,0.0,0.0,0.0,0.0,-0.0,65.0,0.0,0.0,0.0,646,0,689,0,0,0,719,0,791,0,710,0,690,0,645,0,643,0,616,0.032,56098816.0,0.0,2.7302316136196234e+23,50064,16787,-0.0,0.0,-0.0,3.5632332917197242e+19,-0.0,1.4121835041499056e+33,29.0,60.0,70,0.0,0.0,0.0,0.0,0.0,0.0,0.0,0.0,0.0,0.0,0.0,0.0,0.0,0.0,0.0,0.0,59.6,69,11,65508,41,65476,0,300,0,0,8,20529,65476,0,0,61604,60.0,0.0,0.0,0.0,0.0,0.0
2026-04-04T11:12:06,ERR,ERR,ERR,ERR,ERR,ERR,ERR,ERR,ERR,ERR,ERR,ERR,ERR,ERR,ERR,ERR,ERR,ERR,ERR,ERR,ERR,ERR,ERR,ERR,ERR,ERR,ERR,ERR,ERR,ERR,ERR,ERR,ERR,ERR,ERR,ERR,ERR,ERR,ERR,ERR,ERR,ERR,ERR,ERR,ERR,ERR,ERR,ERR,ERR,ERR,ERR,ERR,ERR,ERR,ERR,ERR,ERR,ERR,ERR,ERR,ERR,ERR,ERR,ERR,ERR,ERR,ERR,ERR,ERR,ERR,ERR,ERR,ERR,ERR,ERR,ERR,ERR,ERR,ERR,ERR,ERR,ERR,ERR,ERR,ERR,ERR,ERR,ERR,ERR,ERR,ERR,ERR,ERR,ERR,ERR,ERR,ERR,ERR,ERR,ERR,ERR,ERR,ERR,ERR,ERR,ERR,ERR,ERR,ERR,ERR,ERR,ERR,ERR,ERR,ERR,ERR,ERR,ERR,ERR,ERR,ERR,ERR,ERR,ERR,ERR,2.7184278591402704e+23,0.0,-0.0,0.0,0.0,0.0,0.0,nan,0,0,0,32768,0,0.0,0,0.0,0.0,0.0,0.0,0.0,0,0,0,0,0.0,0,0,0,0,0,0,0,0,0,0,0,0,0,0,0,0,0,0,0,0,0,0,0,0,0,0,0,0,0,0,0,0,0,0,0,0,0,0,0,0,0,0,0,0,0.0,0.0,0.0,0.0,0.0,0.0,0.0,0.0,0.0,0.0,0.0,0.0,0.0,0.0,0.0,0.0,0.0,0.0,0.0,0.0,0.0,0.0,0.0,0.0,-2.004,0.0,0.0,0.0,0.0,0.0,3406.5,-3.697154467689818e+19,0.0,2.7184278591402704e+23,0.0,-0.0,0.0,0.0,0.0,0.0,0.0,0,4.9504239556116174e+32,0.0,0.0,0.0,0.0,0.0,0.0,0.0,0.0,0,0,0,0.0,0.0,0.0,0.0,0.0,0.0,0.0,0.0,0.0,0.0,0.0,0.0,0.0,0.0,0.0,0.0,0,-107875648.0,0,0.0,0,-107875648.0,-107877712.0,0,52429,17039,13107,17054,0,17038,0,0,0,110,100,100,-0.0,64.0,0.0,64.5,0.0,69.0,1,49,50,180,13107,52429,0,0,0.0,0.0,0.0,0.0,-0.0,65.0,0.0,0.0,0.0,646,0,689,0,0,0,719,0,791,0,710,0,690,0,645,0,643,0,616,0.032,56098816.0,0.0,2.7302316136196234e+23,50064,16787,-0.0,0.0,-0.0,3.5632332917197242e+19,-0.0,1.4121835041499056e+33,29.0,60.0,70,0.0,0.0,0.0,0.0,0.0,0.0,0.0,0.0,0.0,0.0,0.0,0.0,0.0,0.0,0.0,0.0,59.2,69,11,65508,41,65476,0,300,0,0,8,20529,65476,0,0,61604,60.0,0.0,0.0,0.0,0.0,0.0
2026-04-04T11:12:07,ERR,ERR,ERR,ERR,ERR,ERR,ERR,ERR,ERR,ERR,ERR,ERR,ERR,ERR,ERR,ERR,ERR,ERR,ERR,ERR,ERR,ERR,ERR,ERR,ERR,ERR,ERR,ERR,ERR,ERR,ERR,ERR,ERR,ERR,ERR,ERR,ERR,ERR,ERR,ERR,ERR,ERR,ERR,ERR,ERR,ERR,ERR,ERR,ERR,ERR,ERR,ERR,ERR,ERR,ERR,ERR,ERR,ERR,ERR,ERR,ERR,ERR,ERR,ERR,ERR,ERR,ERR,ERR,ERR,ERR,ERR,ERR,ERR,ERR,ERR,ERR,ERR,ERR,ERR,ERR,ERR,ERR,ERR,ERR,ERR,ERR,ERR,ERR,ERR,ERR,ERR,ERR,ERR,ERR,ERR,ERR,ERR,ERR,ERR,ERR,ERR,ERR,ERR,ERR,ERR,ERR,ERR,ERR,ERR,ERR,ERR,ERR,ERR,ERR,ERR,ERR,ERR,ERR,ERR,ERR,ERR,ERR,ERR,ERR,ERR,2.7184278591402704e+23,0.0,-0.0,0.0,0.0,0.0,0.0,nan,0,0,0,32768,0,0.0,0,0.0,0.0,0.0,0.0,0.0,0,0,0,0,0.0,0,0,0,0,0,0,0,0,0,0,0,0,0,0,0,0,0,0,0,0,0,0,0,0,0,0,0,0,0,0,0,0,0,0,0,0,0,0,0,0,0,0,0,0,0.0,0.0,0.0,0.0,0.0,0.0,0.0,0.0,0.0,0.0,0.0,0.0,0.0,0.0,0.0,0.0,0.0,0.0,0.0,0.0,0.0,0.0,0.0,0.0,-2.004,0.0,0.0,0.0,0.0,0.0,3406.5,-3.697154467689818e+19,0.0,2.7184278591402704e+23,0.0,-0.0,0.0,0.0,0.0,0.0,0.0,0,4.9504239556116174e+32,0.0,0.0,0.0,0.0,0.0,0.0,0.0,0.0,0,0,0,0.0,0.0,0.0,0.0,0.0,0.0,0.0,0.0,0.0,0.0,0.0,0.0,0.0,0.0,0.0,0.0,0,-107875648.0,0,0.0,0,-107875648.0,-107877712.0,0,52429,17039,13107,17054,0,17038,0,0,0,110,100,100,-0.0,64.0,0.0,64.5,0.0,69.0,1,49,50,180,13107,52429,0,0,0.0,0.0,0.0,0.0,-0.0,65.0,0.0,0.0,0.0,646,0,689,0,0,0,719,0,791,0,710,0,690,0,645,0,643,0,616,0.032,56098816.0,0.0,2.7302316136196234e+23,50064,16787,-0.0,0.0,-0.0,3.5632332917197242e+19,-0.0,1.4121835041499056e+33,29.0,60.0,70,0.0,0.0,0.0,0.0,0.0,0.0,0.0,0.0,0.0,0.0,0.0,0.0,0.0,0.0,0.0,0.0,59.2,69,11,65508,41,65476,0,300,0,0,8,20529,65476,0,0,61604,60.0,0.0,0.0,0.0,0.0,0.0
2026-04-04T11:12:08,ERR,ERR,ERR,ERR,ERR,ERR,ERR,ERR,ERR,ERR,ERR,ERR,ERR,ERR,ERR,ERR,ERR,ERR,ERR,ERR,ERR,ERR,ERR,ERR,ERR,ERR,ERR,ERR,ERR,ERR,ERR,ERR,ERR,ERR,ERR,ERR,ERR,ERR,ERR,ERR,ERR,ERR,ERR,ERR,ERR,ERR,ERR,ERR,ERR,ERR,ERR,ERR,ERR,ERR,ERR,ERR,ERR,ERR,ERR,ERR,ERR,ERR,ERR,ERR,ERR,ERR,ERR,ERR,ERR,ERR,ERR,ERR,ERR,ERR,ERR,ERR,ERR,ERR,ERR,ERR,ERR,ERR,ERR,ERR,ERR,ERR,ERR,ERR,ERR,ERR,ERR,ERR,ERR,ERR,ERR,ERR,ERR,ERR,ERR,ERR,ERR,ERR,ERR,ERR,ERR,ERR,ERR,ERR,ERR,ERR,ERR,ERR,ERR,ERR,ERR,ERR,ERR,ERR,ERR,ERR,ERR,ERR,ERR,ERR,ERR,2.7184278591402704e+23,0.0,-0.0,0.0,0.0,0.0,0.0,nan,0,0,0,32768,0,0.0,0,0.0,0.0,0.0,0.0,0.0,0,0,0,0,0.0,0,0,0,0,0,0,0,0,0,0,0,0,0,0,0,0,0,0,0,0,0,0,0,0,0,0,0,0,0,0,0,0,0,0,0,0,0,0,0,0,0,0,0,0,0.0,0.0,0.0,0.0,0.0,0.0,0.0,0.0,0.0,0.0,0.0,0.0,0.0,0.0,0.0,0.0,0.0,0.0,0.0,0.0,0.0,0.0,0.0,0.0,-2.004,0.0,0.0,0.0,0.0,0.0,3406.5,-3.697154467689818e+19,0.0,2.7184278591402704e+23,0.0,-0.0,0.0,0.0,0.0,0.0,0.0,0,4.9504239556116174e+32,0.0,0.0,0.0,0.0,0.0,0.0,0.0,0.0,0,0,0,0.0,0.0,0.0,0.0,0.0,0.0,0.0,0.0,0.0,0.0,0.0,0.0,0.0,0.0,0.0,0.0,0,-107875648.0,0,0.0,0,-107875648.0,-107877712.0,0,52429,17039,13107,17054,0,17038,0,0,0,110,100,100,-0.0,64.0,0.0,64.5,0.0,69.0,1,49,50,180,13107,52429,0,0,0.0,0.0,0.0,0.0,-0.0,65.0,0.0,0.0,0.0,646,0,689,0,0,0,719,0,791,0,710,0,690,0,645,0,643,0,616,0.032,56098816.0,0.0,2.7302316136196234e+23,50064,16787,-0.0,0.0,-0.0,3.5632332917197242e+19,-0.0,1.4121835041499056e+33,29.0,60.0,70,0.0,0.0,0.0,0.0,0.0,0.0,0.0,0.0,0.0,0.0,0.0,0.0,0.0,0.0,0.0,0.0,59.2,69,11,65508,41,65476,0,300,0,0,8,20529,65476,0,0,61604,60.0,0.0,0.0,0.0,0.0,0.0
2026-04-04T11:12:09,ERR,ERR,ERR,ERR,ERR,ERR,ERR,ERR,ERR,ERR,ERR,ERR,ERR,ERR,ERR,ERR,ERR,ERR,ERR,ERR,ERR,ERR,ERR,ERR,ERR,ERR,ERR,ERR,ERR,ERR,ERR,ERR,ERR,ERR,ERR,ERR,ERR,ERR,ERR,ERR,ERR,ERR,ERR,ERR,ERR,ERR,ERR,ERR,ERR,ERR,ERR,ERR,ERR,ERR,ERR,ERR,ERR,ERR,ERR,ERR,ERR,ERR,ERR,ERR,ERR,ERR,ERR,ERR,ERR,ERR,ERR,ERR,ERR,ERR,ERR,ERR,ERR,ERR,ERR,ERR,ERR,ERR,ERR,ERR,ERR,ERR,ERR,ERR,ERR,ERR,ERR,ERR,ERR,ERR,ERR,ERR,ERR,ERR,ERR,ERR,ERR,ERR,ERR,ERR,ERR,ERR,ERR,ERR,ERR,ERR,ERR,ERR,ERR,ERR,ERR,ERR,ERR,ERR,ERR,ERR,ERR,ERR,ERR,ERR,ERR,2.7184278591402704e+23,0.0,-0.0,0.0,0.0,0.0,0.0,nan,0,0,0,32768,0,0.0,0,0.0,0.0,0.0,0.0,0.0,0,0,0,0,0.0,0,0,0,0,0,0,0,0,0,0,0,0,0,0,0,0,0,0,0,0,0,0,0,0,0,0,0,0,0,0,0,0,0,0,0,0,0,0,0,0,0,0,0,0,0.0,0.0,0.0,0.0,0.0,0.0,0.0,0.0,0.0,0.0,0.0,0.0,0.0,0.0,0.0,0.0,0.0,0.0,0.0,0.0,0.0,0.0,0.0,0.0,-2.004,0.0,0.0,0.0,0.0,0.0,3406.5,-3.697154467689818e+19,0.0,2.7184278591402704e+23,0.0,-0.0,0.0,0.0,0.0,0.0,0.0,0,4.9504239556116174e+32,0.0,0.0,0.0,0.0,0.0,0.0,0.0,0.0,0,0,0,0.0,0.0,0.0,0.0,0.0,0.0,0.0,0.0,0.0,0.0,0.0,0.0,0.0,0.0,0.0,0.0,0,-107875648.0,0,0.0,0,-107875648.0,-107877712.0,0,52429,17039,13107,17054,0,17038,0,0,0,110,100,100,-0.0,64.0,0.0,64.5,0.0,69.0,1,49,50,180,13107,52429,0,0,0.0,0.0,0.0,0.0,-0.0,65.0,0.0,-8.736444320395295e+35,0.0,646,0,689,0,0,0,718,0,791,0,710,0,690,0,645,0,643,0,616,0.032,55836672.0,0.0,2.7302316136196234e+23,46608,16787,1.8719247464624737e+36,0.0,2.0046677745234446e+24,-0.0,7.319326337236021e+37,1.752,29.0,60.0,70,0.0,0.0,0.0,0.0,0.0,0.0,0.0,0.0,0.0,0.0,0.0,0.0,0.0,0.0,0.0,0.0,59.2,69,11,65508,41,65476,0,300,0,0,8,20529,65476,0,0,61604,60.0,0.0,0.0,0.0,0.0,0.0
2026-04-04T11:12:10,ERR,ERR,ERR,ERR,ERR,ERR,ERR,ERR,ERR,ERR,ERR,ERR,ERR,ERR,ERR,ERR,ERR,ERR,ERR,ERR,ERR,ERR,ERR,ERR,ERR,ERR,ERR,ERR,ERR,ERR,ERR,ERR,ERR,ERR,ERR,ERR,ERR,ERR,ERR,ERR,ERR,ERR,ERR,ERR,ERR,ERR,ERR,ERR,ERR,ERR,ERR,ERR,ERR,ERR,ERR,ERR,ERR,ERR,ERR,ERR,ERR,ERR,ERR,ERR,ERR,ERR,ERR,ERR,ERR,ERR,ERR,ERR,ERR,ERR,ERR,ERR,ERR,ERR,ERR,ERR,ERR,ERR,ERR,ERR,ERR,ERR,ERR,ERR,ERR,ERR,ERR,ERR,ERR,ERR,ERR,ERR,ERR,ERR,ERR,ERR,ERR,ERR,ERR,ERR,ERR,ERR,ERR,ERR,ERR,ERR,ERR,ERR,ERR,ERR,ERR,ERR,ERR,ERR,ERR,ERR,ERR,ERR,ERR,ERR,ERR,2.7184278591402704e+23,0.0,-0.0,0.0,0.0,0.0,0.0,nan,0,0,0,32768,0,0.0,0,0.0,0.0,0.0,0.0,0.0,0,0,0,0,0.0,0,0,0,0,0,0,0,0,0,0,0,0,0,0,0,0,0,0,0,0,0,0,0,0,0,0,0,0,0,0,0,0,0,0,0,0,0,0,0,0,0,0,0,0,0.0,0.0,0.0,0.0,0.0,0.0,0.0,0.0,0.0,0.0,0.0,0.0,0.0,0.0,0.0,0.0,0.0,0.0,0.0,0.0,0.0,0.0,0.0,0.0,-2.004,0.0,0.0,0.0,0.0,0.0,3406.5,-3.697154467689818e+19,0.0,2.7184278591402704e+23,0.0,-0.0,0.0,0.0,0.0,0.0,0.0,0,4.9504239556116174e+32,0.0,0.0,0.0,0.0,0.0,0.0,0.0,0.0,0,0,0,0.0,0.0,0.0,0.0,0.0,0.0,0.0,0.0,0.0,0.0,0.0,0.0,0.0,0.0,0.0,0.0,0,-107875648.0,0,0.0,0,-107875648.0,-107877712.0,0,52429,17039,13107,17054,0,17038,0,0,0,110,100,100,-0.0,64.0,0.0,64.5,0.0,69.0,1,49,50,180,13107,52429,0,0,0.0,0.0,0.0,0.0,-0.0,65.0,0.0,-8.736444320395295e+35,0.0,646,0,689,0,0,0,718,0,791,0,710,0,690,0,645,0,643,0,616,0.032,55836672.0,0.0,2.7302316136196234e+23,46608,16787,1.8719247464624737e+36,0.0,2.0046677745234446e+24,-0.0,7.319326337236021e+37,1.752,29.0,60.0,70,0.0,0.0,0.0,0.0,0.0,0.0,0.0,0.0,0.0,0.0,0.0,0.0,0.0,0.0,0.0,0.0,59.2,69,11,65508,41,65476,0,300,0,0,8,20529,65476,0,0,61604,60.0,0.0,0.0,0.0,0.0,0.0
2026-04-04T11:12:11,ERR,ERR,ERR,ERR,ERR,ERR,ERR,ERR,ERR,ERR,ERR,ERR,ERR,ERR,ERR,ERR,ERR,ERR,ERR,ERR,ERR,ERR,ERR,ERR,ERR,ERR,ERR,ERR,ERR,ERR,ERR,ERR,ERR,ERR,ERR,ERR,ERR,ERR,ERR,ERR,ERR,ERR,ERR,ERR,ERR,ERR,ERR,ERR,ERR,ERR,ERR,ERR,ERR,ERR,ERR,ERR,ERR,ERR,ERR,ERR,ERR,ERR,ERR,ERR,ERR,ERR,ERR,ERR,ERR,ERR,ERR,ERR,ERR,ERR,ERR,ERR,ERR,ERR,ERR,ERR,ERR,ERR,ERR,ERR,ERR,ERR,ERR,ERR,ERR,ERR,ERR,ERR,ERR,ERR,ERR,ERR,ERR,ERR,ERR,ERR,ERR,ERR,ERR,ERR,ERR,ERR,ERR,ERR,ERR,ERR,ERR,ERR,ERR,ERR,ERR,ERR,ERR,ERR,ERR,ERR,ERR,ERR,ERR,ERR,ERR,2.7184278591402704e+23,0.0,-0.0,0.0,0.0,0.0,0.0,nan,0,0,0,32768,0,0.0,0,0.0,0.0,0.0,0.0,0.0,0,0,0,0,0.0,0,0,0,0,0,0,0,0,0,0,0,0,0,0,0,0,0,0,0,0,0,0,0,0,0,0,0,0,0,0,0,0,0,0,0,0,0,0,0,0,0,0,0,0,0.0,0.0,0.0,0.0,0.0,0.0,0.0,0.0,0.0,0.0,0.0,0.0,0.0,0.0,0.0,0.0,0.0,0.0,0.0,0.0,0.0,0.0,0.0,0.0,-2.004,0.0,0.0,0.0,0.0,0.0,3406.5,-3.697154467689818e+19,0.0,2.7184278591402704e+23,0.0,-0.0,0.0,0.0,0.0,0.0,0.0,0,4.9504239556116174e+32,0.0,0.0,0.0,0.0,0.0,0.0,0.0,0.0,0,0,0,0.0,0.0,0.0,0.0,0.0,0.0,0.0,0.0,0.0,0.0,0.0,0.0,0.0,0.0,0.0,0.0,0,-107875648.0,0,0.0,0,-107875648.0,-107877712.0,0,52429,17039,13107,17054,0,17038,0,0,0,110,100,100,-0.0,64.0,0.0,64.5,0.0,69.0,1,49,50,180,13107,52429,0,0,0.0,0.0,0.0,0.0,-0.0,65.0,0.0,-8.736444320395295e+35,0.0,646,0,689,0,0,0,718,0,791,0,710,0,690,0,645,0,643,0,616,0.032,55836672.0,0.0,2.7302316136196234e+23,46608,16787,1.8719247464624737e+36,0.0,2.0046677745234446e+24,-0.0,7.319326337236021e+37,1.752,29.0,60.0,70,0.0,0.0,0.0,0.0,0.0,0.0,0.0,0.0,0.0,0.0,0.0,0.0,0.0,0.0,0.0,0.0,59.2,69,11,65508,41,65476,0,300,0,0,8,20529,65476,0,0,61604,60.0,0.0,0.0,0.0,0.0,0.0
2026-04-04T11:12:12,ERR,ERR,ERR,ERR,ERR,ERR,ERR,ERR,ERR,ERR,ERR,ERR,ERR,ERR,ERR,ERR,ERR,ERR,ERR,ERR,ERR,ERR,ERR,ERR,ERR,ERR,ERR,ERR,ERR,ERR,ERR,ERR,ERR,ERR,ERR,ERR,ERR,ERR,ERR,ERR,ERR,ERR,ERR,ERR,ERR,ERR,ERR,ERR,ERR,ERR,ERR,ERR,ERR,ERR,ERR,ERR,ERR,ERR,ERR,ERR,ERR,ERR,ERR,ERR,ERR,ERR,ERR,ERR,ERR,ERR,ERR,ERR,ERR,ERR,ERR,ERR,ERR,ERR,ERR,ERR,ERR,ERR,ERR,ERR,ERR,ERR,ERR,ERR,ERR,ERR,ERR,ERR,ERR,ERR,ERR,ERR,ERR,ERR,ERR,ERR,ERR,ERR,ERR,ERR,ERR,ERR,ERR,ERR,ERR,ERR,ERR,ERR,ERR,ERR,ERR,ERR,ERR,ERR,ERR,ERR,ERR,ERR,ERR,ERR,ERR,2.7184278591402704e+23,0.0,-0.0,0.0,0.0,0.0,0.0,nan,0,0,0,32768,0,0.0,0,0.0,0.0,0.0,0.0,0.0,0,0,0,0,0.0,0,0,0,0,0,0,0,0,0,0,0,0,0,0,0,0,0,0,0,0,0,0,0,0,0,0,0,0,0,0,0,0,0,0,0,0,0,0,0,0,0,0,0,0,0.0,0.0,0.0,0.0,0.0,0.0,0.0,0.0,0.0,0.0,0.0,0.0,0.0,0.0,0.0,0.0,0.0,0.0,0.0,0.0,0.0,0.0,0.0,0.0,-2.004,0.0,0.0,0.0,0.0,0.0,3406.5,-3.697154467689818e+19,0.0,2.7184278591402704e+23,0.0,-0.0,0.0,0.0,0.0,0.0,0.0,0,4.9504239556116174e+32,0.0,0.0,0.0,0.0,0.0,0.0,0.0,0.0,0,0,0,0.0,0.0,0.0,0.0,0.0,0.0,0.0,0.0,0.0,0.0,0.0,0.0,0.0,0.0,0.0,0.0,0,-107875648.0,0,0.0,0,-107875648.0,-107877712.0,0,52429,17039,13107,17054,0,17038,0,0,0,110,100,100,-0.0,64.0,0.0,64.5,0.0,69.0,1,49,50,180,13107,52429,0,0,0.0,0.0,0.0,0.0,-0.0,65.0,0.0,-8.736444320395295e+35,0.0,646,0,689,0,0,0,718,0,791,0,710,0,690,0,645,0,643,0,616,0.032,55836672.0,0.0,2.7302316136196234e+23,46608,16787,1.8719247464624737e+36,0.0,2.0046677745234446e+24,-0.0,7.319326337236021e+37,1.752,29.0,60.0,70,0.0,0.0,0.0,0.0,0.0,0.0,0.0,0.0,0.0,0.0,0.0,0.0,0.0,0.0,0.0,0.0,59.6,69,11,65508,41,65476,0,300,0,0,8,20529,65476,0,0,61604,60.0,0.0,0.0,0.0,0.0,0.0
2026-04-04T11:12:13,ERR,ERR,ERR,ERR,ERR,ERR,ERR,ERR,ERR,ERR,ERR,ERR,ERR,ERR,ERR,ERR,ERR,ERR,ERR,ERR,ERR,ERR,ERR,ERR,ERR,ERR,ERR,ERR,ERR,ERR,ERR,ERR,ERR,ERR,ERR,ERR,ERR,ERR,ERR,ERR,ERR,ERR,ERR,ERR,ERR,ERR,ERR,ERR,ERR,ERR,ERR,ERR,ERR,ERR,ERR,ERR,ERR,ERR,ERR,ERR,ERR,ERR,ERR,ERR,ERR,ERR,ERR,ERR,ERR,ERR,ERR,ERR,ERR,ERR,ERR,ERR,ERR,ERR,ERR,ERR,ERR,ERR,ERR,ERR,ERR,ERR,ERR,ERR,ERR,ERR,ERR,ERR,ERR,ERR,ERR,ERR,ERR,ERR,ERR,ERR,ERR,ERR,ERR,ERR,ERR,ERR,ERR,ERR,ERR,ERR,ERR,ERR,ERR,ERR,ERR,ERR,ERR,ERR,ERR,ERR,ERR,ERR,ERR,ERR,ERR,2.7184278591402704e+23,0.0,-0.0,0.0,0.0,0.0,0.0,nan,0,0,0,32768,0,0.0,0,0.0,0.0,0.0,0.0,0.0,0,0,0,0,0.0,0,0,0,0,0,0,0,0,0,0,0,0,0,0,0,0,0,0,0,0,0,0,0,0,0,0,0,0,0,0,0,0,0,0,0,0,0,0,0,0,0,0,0,0,0.0,0.0,0.0,0.0,0.0,0.0,0.0,0.0,0.0,0.0,0.0,0.0,0.0,0.0,0.0,0.0,0.0,0.0,0.0,0.0,0.0,0.0,0.0,0.0,-2.004,0.0,0.0,0.0,0.0,0.0,3404.5,-0.0,0.0,2.7184278591402704e+23,0.0,-0.0,0.0,0.0,0.0,0.0,0.0,0,3.222024165466893e+26,0.0,0.0,0.0,0.0,0.0,0.0,0.0,0.0,0,0,0,0.0,0.0,0.0,0.0,0.0,0.0,0.0,0.0,0.0,0.0,0.0,0.0,0.0,0.0,0.0,0.0,0,-107875648.0,0,0.0,0,-107875648.0,-107877712.0,0,52429,17039,13107,17054,0,17038,0,0,0,110,100,100,-0.0,64.0,0.0,64.5,0.0,69.0,1,49,50,180,0,52429,0,0,0.0,0.0,0.0,0.0,5.354810457765712e+35,65.0,0.0,-0.002,0.0,646,0,689,0,0,0,719,0,791,0,710,0,690,0,645,0,643,0,615,0.032,42467328.0,0.0,2.7302316136196234e+23,59920,16787,-0.0,-0.074,71.126,0.0,2.611619121283265e+24,0.0,29.0,60.0,70,0.0,0.0,0.0,0.0,0.0,0.0,0.0,0.0,0.0,0.0,0.0,0.0,0.0,0.0,0.0,0.0,59.6,69,11,65508,41,65476,0,300,0,0,8,20529,65476,0,0,61604,60.0,0.0,0.0,0.0,0.0,0.0
2026-04-04T11:12:14,ERR,ERR,ERR,ERR,ERR,ERR,ERR,ERR,ERR,ERR,ERR,ERR,ERR,ERR,ERR,ERR,ERR,ERR,ERR,ERR,ERR,ERR,ERR,ERR,ERR,ERR,ERR,ERR,ERR,ERR,ERR,ERR,ERR,ERR,ERR,ERR,ERR,ERR,ERR,ERR,ERR,ERR,ERR,ERR,ERR,ERR,ERR,ERR,ERR,ERR,ERR,ERR,ERR,ERR,ERR,ERR,ERR,ERR,ERR,ERR,ERR,ERR,ERR,ERR,ERR,ERR,ERR,ERR,ERR,ERR,ERR,ERR,ERR,ERR,ERR,ERR,ERR,ERR,ERR,ERR,ERR,ERR,ERR,ERR,ERR,ERR,ERR,ERR,ERR,ERR,ERR,ERR,ERR,ERR,ERR,ERR,ERR,ERR,ERR,ERR,ERR,ERR,ERR,ERR,ERR,ERR,ERR,ERR,ERR,ERR,ERR,ERR,ERR,ERR,ERR,ERR,ERR,ERR,ERR,ERR,ERR,ERR,ERR,ERR,ERR,2.7184278591402704e+23,0.0,-0.0,0.0,0.0,0.0,0.0,nan,0,0,0,32768,0,0.0,0,0.0,0.0,0.0,0.0,0.0,0,0,0,0,0.0,0,0,0,0,0,0,0,0,0,0,0,0,0,0,0,0,0,0,0,0,0,0,0,0,0,0,0,0,0,0,0,0,0,0,0,0,0,0,0,0,0,0,0,0,0.0,0.0,0.0,0.0,0.0,0.0,0.0,0.0,0.0,0.0,0.0,0.0,0.0,0.0,0.0,0.0,0.0,0.0,0.0,0.0,0.0,0.0,0.0,0.0,-2.004,0.0,0.0,0.0,0.0,0.0,3404.5,-0.0,0.0,2.7184278591402704e+23,0.0,-0.0,0.0,0.0,0.0,0.0,0.0,0,3.222024165466893e+26,0.0,0.0,0.0,0.0,0.0,0.0,0.0,0.0,0,0,0,0.0,0.0,0.0,0.0,0.0,0.0,0.0,0.0,0.0,0.0,0.0,0.0,0.0,0.0,0.0,0.0,0,-107875648.0,0,0.0,0,-107875648.0,-107877712.0,0,52429,17039,13107,17054,0,17038,0,0,0,110,100,100,-0.0,64.0,0.0,64.5,0.0,69.0,1,49,50,180,0,52429,0,0,0.0,0.0,0.0,0.0,5.354810457765712e+35,65.0,0.0,-0.002,0.0,646,0,689,0,0,0,719,0,791,0,710,0,690,0,645,0,643,0,615,0.032,42467328.0,0.0,2.7302316136196234e+23,59920,16787,-0.0,-0.074,71.126,0.0,2.611619121283265e+24,0.0,29.0,60.0,70,0.0,0.0,0.0,0.0,0.0,0.0,0.0,0.0,0.0,0.0,0.0,0.0,0.0,0.0,0.0,0.0,59.6,69,11,65508,41,65476,0,300,0,0,8,20529,65476,0,0,61604,60.0,0.0,0.0,0.0,0.0,0.0
2026-04-04T11:12:15,ERR,ERR,ERR,ERR,ERR,ERR,ERR,ERR,ERR,ERR,ERR,ERR,ERR,ERR,ERR,ERR,ERR,ERR,ERR,ERR,ERR,ERR,ERR,ERR,ERR,ERR,ERR,ERR,ERR,ERR,ERR,ERR,ERR,ERR,ERR,ERR,ERR,ERR,ERR,ERR,ERR,ERR,ERR,ERR,ERR,ERR,ERR,ERR,ERR,ERR,ERR,ERR,ERR,ERR,ERR,ERR,ERR,ERR,ERR,ERR,ERR,ERR,ERR,ERR,ERR,ERR,ERR,ERR,ERR,ERR,ERR,ERR,ERR,ERR,ERR,ERR,ERR,ERR,ERR,ERR,ERR,ERR,ERR,ERR,ERR,ERR,ERR,ERR,ERR,ERR,ERR,ERR,ERR,ERR,ERR,ERR,ERR,ERR,ERR,ERR,ERR,ERR,ERR,ERR,ERR,ERR,ERR,ERR,ERR,ERR,ERR,ERR,ERR,ERR,ERR,ERR,ERR,ERR,ERR,ERR,ERR,ERR,ERR,ERR,ERR,2.7184278591402704e+23,0.0,-0.0,0.0,0.0,0.0,0.0,nan,0,0,0,32768,0,0.0,0,0.0,0.0,0.0,0.0,0.0,0,0,0,0,0.0,0,0,0,0,0,0,0,0,0,0,0,0,0,0,0,0,0,0,0,0,0,0,0,0,0,0,0,0,0,0,0,0,0,0,0,0,0,0,0,0,0,0,0,0,0.0,0.0,0.0,0.0,0.0,0.0,0.0,0.0,0.0,0.0,0.0,0.0,0.0,0.0,0.0,0.0,0.0,0.0,0.0,0.0,0.0,0.0,0.0,0.0,-2.004,0.0,0.0,0.0,0.0,0.0,3404.5,-0.0,0.0,2.7184278591402704e+23,0.0,-0.0,0.0,0.0,0.0,0.0,0.0,0,3.222024165466893e+26,0.0,0.0,0.0,0.0,0.0,0.0,0.0,0.0,0,0,0,0.0,0.0,0.0,0.0,0.0,0.0,0.0,0.0,0.0,0.0,0.0,0.0,0.0,0.0,0.0,0.0,0,-107875648.0,0,0.0,0,-107875648.0,-107877712.0,0,52429,17039,13107,17054,0,17038,0,0,0,110,100,100,-0.0,64.0,0.0,64.5,0.0,69.0,1,49,50,180,0,52429,0,0,0.0,0.0,0.0,0.0,5.354810457765712e+35,65.0,0.0,-0.002,0.0,646,0,689,0,0,0,719,0,791,0,710,0,690,0,645,0,643,0,615,0.032,42467328.0,0.0,2.7302316136196234e+23,59920,16787,-0.0,-0.074,71.126,0.0,2.611619121283265e+24,0.0,29.0,60.0,70,0.0,0.0,0.0,0.0,0.0,0.0,0.0,0.0,0.0,0.0,0.0,0.0,0.0,0.0,0.0,0.0,59.6,69,11,65508,41,65476,0,300,0,0,8,20529,65476,0,0,61604,60.0,0.0,0.0,0.0,0.0,0.0
2026-04-04T11:12:16,ERR,ERR,ERR,ERR,ERR,ERR,ERR,ERR,ERR,ERR,ERR,ERR,ERR,ERR,ERR,ERR,ERR,ERR,ERR,ERR,ERR,ERR,ERR,ERR,ERR,ERR,ERR,ERR,ERR,ERR,ERR,ERR,ERR,ERR,ERR,ERR,ERR,ERR,ERR,ERR,ERR,ERR,ERR,ERR,ERR,ERR,ERR,ERR,ERR,ERR,ERR,ERR,ERR,ERR,ERR,ERR,ERR,ERR,ERR,ERR,ERR,ERR,ERR,ERR,ERR,ERR,ERR,ERR,ERR,ERR,ERR,ERR,ERR,ERR,ERR,ERR,ERR,ERR,ERR,ERR,ERR,ERR,ERR,ERR,ERR,ERR,ERR,ERR,ERR,ERR,ERR,ERR,ERR,ERR,ERR,ERR,ERR,ERR,ERR,ERR,ERR,ERR,ERR,ERR,ERR,ERR,ERR,ERR,ERR,ERR,ERR,ERR,ERR,ERR,ERR,ERR,ERR,ERR,ERR,ERR,ERR,ERR,ERR,ERR,ERR,2.7184278591402704e+23,0.0,-0.0,0.0,0.0,0.0,0.0,nan,0,0,0,32768,0,0.0,0,0.0,0.0,0.0,0.0,0.0,0,0,0,0,0.0,0,0,0,0,0,0,0,0,0,0,0,0,0,0,0,0,0,0,0,0,0,0,0,0,0,0,0,0,0,0,0,0,0,0,0,0,0,0,0,0,0,0,0,0,0.0,0.0,0.0,0.0,0.0,0.0,0.0,0.0,0.0,0.0,0.0,0.0,0.0,0.0,0.0,0.0,0.0,0.0,0.0,0.0,0.0,0.0,0.0,0.0,-2.004,0.0,0.0,0.0,0.0,0.0,3404.5,-0.0,0.0,2.7184278591402704e+23,0.0,-0.0,0.0,0.0,0.0,0.0,0.0,0,3.222024165466893e+26,0.0,0.0,0.0,0.0,0.0,0.0,0.0,0.0,0,0,0,0.0,0.0,0.0,0.0,0.0,0.0,0.0,0.0,0.0,0.0,0.0,0.0,0.0,0.0,0.0,0.0,0,-107875648.0,0,0.0,0,-107875648.0,-107877712.0,0,52429,17039,13107,17054,0,17038,0,0,0,110,100,100,-0.0,64.0,0.0,64.5,0.0,69.0,1,49,50,180,0,52429,0,0,0.0,0.0,0.0,0.0,5.354810457765712e+35,65.0,0.0,-0.002,0.0,646,0,689,0,0,0,719,0,791,0,710,0,690,0,645,0,643,0,615,0.032,42467328.0,0.0,2.7302316136196234e+23,59920,16787,-0.0,-0.074,71.126,0.0,2.611619121283265e+24,0.0,29.0,60.0,70,0.0,0.0,0.0,0.0,0.0,0.0,0.0,0.0,0.0,0.0,0.0,0.0,0.0,0.0,0.0,0.0,59.2,69,11,65508,41,65476,0,300,0,0,8,20529,65476,0,0,61604,60.0,0.0,0.0,0.0,0.0,0.0
2026-04-04T11:12:17,ERR,ERR,ERR,ERR,ERR,ERR,ERR,ERR,ERR,ERR,ERR,ERR,ERR,ERR,ERR,ERR,ERR,ERR,ERR,ERR,ERR,ERR,ERR,ERR,ERR,ERR,ERR,ERR,ERR,ERR,ERR,ERR,ERR,ERR,ERR,ERR,ERR,ERR,ERR,ERR,ERR,ERR,ERR,ERR,ERR,ERR,ERR,ERR,ERR,ERR,ERR,ERR,ERR,ERR,ERR,ERR,ERR,ERR,ERR,ERR,ERR,ERR,ERR,ERR,ERR,ERR,ERR,ERR,ERR,ERR,ERR,ERR,ERR,ERR,ERR,ERR,ERR,ERR,ERR,ERR,ERR,ERR,ERR,ERR,ERR,ERR,ERR,ERR,ERR,ERR,ERR,ERR,ERR,ERR,ERR,ERR,ERR,ERR,ERR,ERR,ERR,ERR,ERR,ERR,ERR,ERR,ERR,ERR,ERR,ERR,ERR,ERR,ERR,ERR,ERR,ERR,ERR,ERR,ERR,ERR,ERR,ERR,ERR,ERR,ERR,2.7184278591402704e+23,0.0,-0.0,0.0,0.0,0.0,0.0,nan,0,0,0,32768,0,0.0,0,0.0,0.0,0.0,0.0,0.0,0,0,0,0,0.0,0,0,0,0,0,0,0,0,0,0,0,0,0,0,0,0,0,0,0,0,0,0,0,0,0,0,0,0,0,0,0,0,0,0,0,0,0,0,0,0,0,0,0,0,0.0,0.0,0.0,0.0,0.0,0.0,0.0,0.0,0.0,0.0,0.0,0.0,0.0,0.0,0.0,0.0,0.0,0.0,0.0,0.0,0.0,0.0,0.0,0.0,-2.004,0.0,0.0,0.0,0.0,0.0,3404.5,-0.0,0.0,2.7184278591402704e+23,0.0,-0.0,0.0,0.0,0.0,0.0,0.0,0,3.222024165466893e+26,0.0,0.0,0.0,0.0,0.0,0.0,0.0,0.0,0,0,0,0.0,0.0,0.0,0.0,0.0,0.0,0.0,0.0,0.0,0.0,0.0,0.0,0.0,0.0,0.0,0.0,0,-107875648.0,0,0.0,0,-107875648.0,-107877712.0,0,52429,17039,13107,17054,0,17038,0,0,0,110,100,100,-0.0,64.0,0.0,64.5,0.0,69.0,1,49,50,180,0,52429,0,0,0.0,0.0,0.0,0.0,5.354810457765712e+35,65.0,0.0,-0.002,0.0,646,0,689,0,0,0,719,0,791,0,710,0,690,0,645,0,643,0,615,0.032,42467328.0,0.0,2.7302316136196234e+23,59920,16787,-0.0,-0.074,71.126,0.0,2.611619121283265e+24,0.0,29.0,60.0,70,0.0,0.0,0.0,0.0,0.0,0.0,0.0,0.0,0.0,0.0,0.0,0.0,0.0,0.0,0.0,0.0,59.2,69,11,65508,41,65476,0,300,0,0,8,20529,65476,0,0,61604,60.0,0.0,0.0,0.0,0.0,0.0
2026-04-04T11:12:18,ERR,ERR,ERR,ERR,ERR,ERR,ERR,ERR,ERR,ERR,ERR,ERR,ERR,ERR,ERR,ERR,ERR,ERR,ERR,ERR,ERR,ERR,ERR,ERR,ERR,ERR,ERR,ERR,ERR,ERR,ERR,ERR,ERR,ERR,ERR,ERR,ERR,ERR,ERR,ERR,ERR,ERR,ERR,ERR,ERR,ERR,ERR,ERR,ERR,ERR,ERR,ERR,ERR,ERR,ERR,ERR,ERR,ERR,ERR,ERR,ERR,ERR,ERR,ERR,ERR,ERR,ERR,ERR,ERR,ERR,ERR,ERR,ERR,ERR,ERR,ERR,ERR,ERR,ERR,ERR,ERR,ERR,ERR,ERR,ERR,ERR,ERR,ERR,ERR,ERR,ERR,ERR,ERR,ERR,ERR,ERR,ERR,ERR,ERR,ERR,ERR,ERR,ERR,ERR,ERR,ERR,ERR,ERR,ERR,ERR,ERR,ERR,ERR,ERR,ERR,ERR,ERR,ERR,ERR,ERR,ERR,ERR,ERR,ERR,ERR,2.7184278591402704e+23,0.0,-0.0,0.0,0.0,0.0,0.0,nan,0,0,0,32768,0,0.0,0,0.0,0.0,0.0,0.0,0.0,0,0,0,0,0.0,0,0,0,0,0,0,0,0,0,0,0,0,0,0,0,0,0,0,0,0,0,0,0,0,0,0,0,0,0,0,0,0,0,0,0,0,0,0,0,0,0,0,0,0,0.0,0.0,0.0,0.0,0.0,0.0,0.0,0.0,0.0,0.0,0.0,0.0,0.0,0.0,0.0,0.0,0.0,0.0,0.0,0.0,0.0,0.0,0.0,0.0,-2.004,0.0,0.0,0.0,0.0,0.0,3404.5,-0.0,0.0,2.7184278591402704e+23,0.0,-0.0,0.0,0.0,0.0,0.0,0.0,0,3.222024165466893e+26,0.0,0.0,0.0,0.0,0.0,0.0,0.0,0.0,0,0,0,0.0,0.0,0.0,0.0,0.0,0.0,0.0,0.0,0.0,0.0,0.0,0.0,0.0,0.0,0.0,0.0,0,-107875648.0,0,0.0,0,-107875648.0,-107877712.0,0,52429,17039,13107,17054,0,17038,0,0,0,110,100,100,-0.0,64.0,0.0,64.5,0.0,69.0,1,49,50,180,13107,52429,0,0,0.0,0.0,0.0,0.0,-0.0,65.0,0.0,-1470168960.0,0.0,646,0,689,0,0,0,719,0,791,0,710,0,690,0,645,0,643,0,615,0.032,55836672.0,0.0,2.7302316136196234e+23,53648,16787,-0.0,-0.133,78465.258,0.005,2.6506661515091392e+26,0.0,29.0,60.0,70,0.0,0.0,0.0,0.0,0.0,0.0,0.0,0.0,0.0,0.0,0.0,0.0,0.0,0.0,0.0,0.0,59.2,69,11,65508,41,65476,0,300,0,0,8,20529,65476,0,0,61604,60.0,0.0,0.0,0.0,0.0,0.0
2026-04-04T11:12:19,ERR,ERR,ERR,ERR,ERR,ERR,ERR,ERR,ERR,ERR,ERR,ERR,ERR,ERR,ERR,ERR,ERR,ERR,ERR,ERR,ERR,ERR,ERR,ERR,ERR,ERR,ERR,ERR,ERR,ERR,ERR,ERR,ERR,ERR,ERR,ERR,ERR,ERR,ERR,ERR,ERR,ERR,ERR,ERR,ERR,ERR,ERR,ERR,ERR,ERR,ERR,ERR,ERR,ERR,ERR,ERR,ERR,ERR,ERR,ERR,ERR,ERR,ERR,ERR,ERR,ERR,ERR,ERR,ERR,ERR,ERR,ERR,ERR,ERR,ERR,ERR,ERR,ERR,ERR,ERR,ERR,ERR,ERR,ERR,ERR,ERR,ERR,ERR,ERR,ERR,ERR,ERR,ERR,ERR,ERR,ERR,ERR,ERR,ERR,ERR,ERR,ERR,ERR,ERR,ERR,ERR,ERR,ERR,ERR,ERR,ERR,ERR,ERR,ERR,ERR,ERR,ERR,ERR,ERR,ERR,ERR,ERR,ERR,ERR,ERR,2.7184278591402704e+23,0.0,-0.0,0.0,0.0,0.0,0.0,nan,0,0,0,32768,0,0.0,0,0.0,0.0,0.0,0.0,0.0,0,0,0,0,0.0,0,0,0,0,0,0,0,0,0,0,0,0,0,0,0,0,0,0,0,0,0,0,0,0,0,0,0,0,0,0,0,0,0,0,0,0,0,0,0,0,0,0,0,0,0.0,0.0,0.0,0.0,0.0,0.0,0.0,0.0,0.0,0.0,0.0,0.0,0.0,0.0,0.0,0.0,0.0,0.0,0.0,0.0,0.0,0.0,0.0,0.0,-2.004,0.0,0.0,0.0,0.0,0.0,3404.5,-0.0,0.0,2.7184278591402704e+23,0.0,-0.0,0.0,0.0,0.0,0.0,0.0,0,3.222024165466893e+26,0.0,0.0,0.0,0.0,0.0,0.0,0.0,0.0,0,0,0,0.0,0.0,0.0,0.0,0.0,0.0,0.0,0.0,0.0,0.0,0.0,0.0,0.0,0.0,0.0,0.0,0,-107875648.0,0,0.0,0,-107875648.0,-107877712.0,0,52429,17039,13107,17054,0,17038,0,0,0,110,100,100,-0.0,64.0,0.0,64.5,0.0,69.0,1,49,50,180,13107,52429,0,0,0.0,0.0,0.0,0.0,-0.0,65.0,0.0,-1470168960.0,0.0,646,0,689,0,0,0,719,0,791,0,710,0,690,0,645,0,643,0,615,0.032,55836672.0,0.0,2.7302316136196234e+23,53648,16787,-0.0,-0.133,78465.258,0.005,2.6506661515091392e+26,0.0,29.0,60.0,70,0.0,0.0,0.0,0.0,0.0,0.0,0.0,0.0,0.0,0.0,0.0,0.0,0.0,0.0,0.0,0.0,59.2,69,11,65508,41,65476,0,300,0,0,8,20529,65476,0,0,61604,60.0,0.0,0.0,0.0,0.0,0.0
2026-04-04T11:12:20,ERR,ERR,ERR,ERR,ERR,ERR,ERR,ERR,ERR,ERR,ERR,ERR,ERR,ERR,ERR,ERR,ERR,ERR,ERR,ERR,ERR,ERR,ERR,ERR,ERR,ERR,ERR,ERR,ERR,ERR,ERR,ERR,ERR,ERR,ERR,ERR,ERR,ERR,ERR,ERR,ERR,ERR,ERR,ERR,ERR,ERR,ERR,ERR,ERR,ERR,ERR,ERR,ERR,ERR,ERR,ERR,ERR,ERR,ERR,ERR,ERR,ERR,ERR,ERR,ERR,ERR,ERR,ERR,ERR,ERR,ERR,ERR,ERR,ERR,ERR,ERR,ERR,ERR,ERR,ERR,ERR,ERR,ERR,ERR,ERR,ERR,ERR,ERR,ERR,ERR,ERR,ERR,ERR,ERR,ERR,ERR,ERR,ERR,ERR,ERR,ERR,ERR,ERR,ERR,ERR,ERR,ERR,ERR,ERR,ERR,ERR,ERR,ERR,ERR,ERR,ERR,ERR,ERR,ERR,ERR,ERR,ERR,ERR,ERR,ERR,2.7184278591402704e+23,0.0,-0.0,0.0,0.0,0.0,0.0,nan,0,0,0,32768,0,0.0,0,0.0,0.0,0.0,0.0,0.0,0,0,0,0,0.0,0,0,0,0,0,0,0,0,0,0,0,0,0,0,0,0,0,0,0,0,0,0,0,0,0,0,0,0,0,0,0,0,0,0,0,0,0,0,0,0,0,0,0,0,0.0,0.0,0.0,0.0,0.0,0.0,0.0,0.0,0.0,0.0,0.0,0.0,0.0,0.0,0.0,0.0,0.0,0.0,0.0,0.0,0.0,0.0,0.0,0.0,-2.004,2.004,0.0,0.0,0.0,0.0,3406.0,8608108544.0,0.0,2.7184278591402704e+23,0.0,-0.0,0.0,0.0,0.0,0.0,0.0,0,4.0668755697950344e+29,0.0,0.0,0.0,0.0,0.0,0.0,0.0,0.0,0,0,0,0.0,0.0,0.0,0.0,0.0,0.0,0.0,0.0,0.0,0.0,0.0,0.0,0.0,0.0,0.0,0.0,0,-107875648.0,0,0.0,0,-107875648.0,-107877712.0,0,52429,17039,13107,17054,0,17038,0,0,0,110,100,100,-0.0,64.0,0.0,64.5,0.0,69.0,1,49,50,180,13107,52429,0,0,0.0,0.0,0.0,0.0,-0.0,65.0,0.0,-1470168960.0,0.0,646,0,689,0,0,0,719,0,791,0,710,0,690,0,645,0,643,0,615,0.032,55836672.0,0.0,2.7302316136196234e+23,53648,16787,-0.0,-0.133,78465.258,0.005,2.6506661515091392e+26,0.0,29.0,60.0,70,0.0,0.0,0.0,0.0,0.0,0.0,0.0,0.0,0.0,0.0,0.0,0.0,0.0,0.0,0.0,0.0,59.2,69,11,65508,41,65476,0,300,0,0,8,20529,65476,0,0,61604,60.0,0.0,0.0,0.0,0.0,0.0
2026-04-04T11:12:21,ERR,ERR,ERR,ERR,ERR,ERR,ERR,ERR,ERR,ERR,ERR,ERR,ERR,ERR,ERR,ERR,ERR,ERR,ERR,ERR,ERR,ERR,ERR,ERR,ERR,ERR,ERR,ERR,ERR,ERR,ERR,ERR,ERR,ERR,ERR,ERR,ERR,ERR,ERR,ERR,ERR,ERR,ERR,ERR,ERR,ERR,ERR,ERR,ERR,ERR,ERR,ERR,ERR,ERR,ERR,ERR,ERR,ERR,ERR,ERR,ERR,ERR,ERR,ERR,ERR,ERR,ERR,ERR,ERR,ERR,ERR,ERR,ERR,ERR,ERR,ERR,ERR,ERR,ERR,ERR,ERR,ERR,ERR,ERR,ERR,ERR,ERR,ERR,ERR,ERR,ERR,ERR,ERR,ERR,ERR,ERR,ERR,ERR,ERR,ERR,ERR,ERR,ERR,ERR,ERR,ERR,ERR,ERR,ERR,ERR,ERR,ERR,ERR,ERR,ERR,ERR,ERR,ERR,ERR,ERR,ERR,ERR,ERR,ERR,ERR,2.7184278591402704e+23,0.0,-0.0,0.0,0.0,0.0,0.0,nan,0,0,0,32768,0,0.0,0,0.0,0.0,0.0,0.0,0.0,0,0,0,0,0.0,0,0,0,0,0,0,0,0,0,0,0,0,0,0,0,0,0,0,0,0,0,0,0,0,0,0,0,0,0,0,0,0,0,0,0,0,0,0,0,0,0,0,0,0,0.0,0.0,0.0,0.0,0.0,0.0,0.0,0.0,0.0,0.0,0.0,0.0,0.0,0.0,0.0,0.0,0.0,0.0,0.0,0.0,0.0,0.0,0.0,0.0,-2.004,2.004,0.0,0.0,0.0,0.0,3406.0,8608108544.0,0.0,2.7184278591402704e+23,0.0,-0.0,0.0,0.0,0.0,0.0,0.0,0,4.0668755697950344e+29,0.0,0.0,0.0,0.0,0.0,0.0,0.0,0.0,0,0,0,0.0,0.0,0.0,0.0,0.0,0.0,0.0,0.0,0.0,0.0,0.0,0.0,0.0,0.0,0.0,0.0,0,-107875648.0,0,0.0,0,-107875648.0,-107877712.0,0,52429,17039,13107,17054,0,17038,0,0,0,110,100,100,-0.0,64.0,0.0,64.5,0.0,69.0,1,49,50,180,13107,52429,0,0,0.0,0.0,0.0,0.0,-0.0,65.0,0.0,-1470168960.0,0.0,646,0,689,0,0,0,719,0,791,0,710,0,690,0,645,0,643,0,615,0.032,55836672.0,0.0,2.7302316136196234e+23,53648,16787,-0.0,-0.133,78465.258,0.005,2.6506661515091392e+26,0.0,29.0,60.0,70,0.0,0.0,0.0,0.0,0.0,0.0,0.0,0.0,0.0,0.0,0.0,0.0,0.0,0.0,0.0,0.0,59.6,69,11,65508,41,65476,0,300,0,0,8,20529,65476,0,0,61604,60.0,0.0,0.0,0.0,0.0,0.0
2026-04-04T11:12:22,ERR,ERR,ERR,ERR,ERR,ERR,ERR,ERR,ERR,ERR,ERR,ERR,ERR,ERR,ERR,ERR,ERR,ERR,ERR,ERR,ERR,ERR,ERR,ERR,ERR,ERR,ERR,ERR,ERR,ERR,ERR,ERR,ERR,ERR,ERR,ERR,ERR,ERR,ERR,ERR,ERR,ERR,ERR,ERR,ERR,ERR,ERR,ERR,ERR,ERR,ERR,ERR,ERR,ERR,ERR,ERR,ERR,ERR,ERR,ERR,ERR,ERR,ERR,ERR,ERR,ERR,ERR,ERR,ERR,ERR,ERR,ERR,ERR,ERR,ERR,ERR,ERR,ERR,ERR,ERR,ERR,ERR,ERR,ERR,ERR,ERR,ERR,ERR,ERR,ERR,ERR,ERR,ERR,ERR,ERR,ERR,ERR,ERR,ERR,ERR,ERR,ERR,ERR,ERR,ERR,ERR,ERR,ERR,ERR,ERR,ERR,ERR,ERR,ERR,ERR,ERR,ERR,ERR,ERR,ERR,ERR,ERR,ERR,ERR,ERR,2.7184278591402704e+23,0.0,-0.0,0.0,0.0,0.0,0.0,nan,0,0,0,32768,0,0.0,0,0.0,0.0,0.0,0.0,0.0,0,0,0,0,0.0,0,0,0,0,0,0,0,0,0,0,0,0,0,0,0,0,0,0,0,0,0,0,0,0,0,0,0,0,0,0,0,0,0,0,0,0,0,0,0,0,0,0,0,0,0.0,0.0,0.0,0.0,0.0,0.0,0.0,0.0,0.0,0.0,0.0,0.0,0.0,0.0,0.0,0.0,0.0,0.0,0.0,0.0,0.0,0.0,0.0,0.0,-2.004,2.004,0.0,0.0,0.0,0.0,3406.0,8608108544.0,0.0,2.7184278591402704e+23,0.0,-0.0,0.0,0.0,0.0,0.0,0.0,0,4.0668755697950344e+29,0.0,0.0,0.0,0.0,0.0,0.0,0.0,0.0,0,0,0,0.0,0.0,0.0,0.0,0.0,0.0,0.0,0.0,0.0,0.0,0.0,0.0,0.0,0.0,0.0,0.0,0,-107875648.0,0,0.0,0,-107875648.0,-107877712.0,0,52429,17039,13107,17054,0,17038,0,0,0,110,100,100,-0.0,64.0,0.0,64.5,0.0,69.0,1,49,50,180,13107,52429,0,0,0.0,0.0,0.0,0.0,-0.0,65.0,0.0,-1470168960.0,0.0,646,0,689,0,0,0,719,0,791,0,710,0,690,0,645,0,643,0,615,0.032,55836672.0,0.0,2.7302316136196234e+23,53648,16787,-0.0,-0.133,78465.258,0.005,2.6506661515091392e+26,0.0,29.0,60.0,70,0.0,0.0,0.0,0.0,0.0,0.0,0.0,0.0,0.0,0.0,0.0,0.0,0.0,0.0,0.0,0.0,59.6,69,11,65508,41,65476,0,300,0,0,8,20529,65476,0,0,61604,60.0,0.0,0.0,0.0,0.0,0.0
2026-04-04T11:12:23,ERR,ERR,ERR,ERR,ERR,ERR,ERR,ERR,ERR,ERR,ERR,ERR,ERR,ERR,ERR,ERR,ERR,ERR,ERR,ERR,ERR,ERR,ERR,ERR,ERR,ERR,ERR,ERR,ERR,ERR,ERR,ERR,ERR,ERR,ERR,ERR,ERR,ERR,ERR,ERR,ERR,ERR,ERR,ERR,ERR,ERR,ERR,ERR,ERR,ERR,ERR,ERR,ERR,ERR,ERR,ERR,ERR,ERR,ERR,ERR,ERR,ERR,ERR,ERR,ERR,ERR,ERR,ERR,ERR,ERR,ERR,ERR,ERR,ERR,ERR,ERR,ERR,ERR,ERR,ERR,ERR,ERR,ERR,ERR,ERR,ERR,ERR,ERR,ERR,ERR,ERR,ERR,ERR,ERR,ERR,ERR,ERR,ERR,ERR,ERR,ERR,ERR,ERR,ERR,ERR,ERR,ERR,ERR,ERR,ERR,ERR,ERR,ERR,ERR,ERR,ERR,ERR,ERR,ERR,ERR,ERR,ERR,ERR,ERR,ERR,2.7184278591402704e+23,0.0,-0.0,0.0,0.0,0.0,0.0,nan,0,0,0,32768,0,0.0,0,0.0,0.0,0.0,0.0,0.0,0,0,0,0,0.0,0,0,0,0,0,0,0,0,0,0,0,0,0,0,0,0,0,0,0,0,0,0,0,0,0,0,0,0,0,0,0,0,0,0,0,0,0,0,0,0,0,0,0,0,0.0,0.0,0.0,0.0,0.0,0.0,0.0,0.0,0.0,0.0,0.0,0.0,0.0,0.0,0.0,0.0,0.0,0.0,0.0,0.0,0.0,0.0,0.0,0.0,-2.004,2.004,0.0,0.0,0.0,0.0,3406.0,8608108544.0,0.0,2.7184278591402704e+23,0.0,-0.0,0.0,0.0,0.0,0.0,0.0,0,4.0668755697950344e+29,0.0,0.0,0.0,0.0,0.0,0.0,0.0,0.0,0,0,0,0.0,0.0,0.0,0.0,0.0,0.0,0.0,0.0,0.0,0.0,0.0,0.0,0.0,0.0,0.0,0.0,0,-107875648.0,0,0.0,0,-107875648.0,-107877712.0,0,52429,17039,13107,17054,0,17038,0,0,0,110,100,100,-0.0,64.0,0.0,64.5,0.0,69.0,1,49,50,180,13107,52429,0,0,0.0,0.0,0.0,0.0,-0.0,65.0,0.0,-1470168960.0,0.0,646,0,689,0,0,0,719,0,791,0,710,0,690,0,645,0,643,0,615,0.032,55836672.0,0.0,2.7302316136196234e+23,53648,16787,-0.0,-0.133,78465.258,0.005,2.6506661515091392e+26,0.0,29.0,60.0,70,0.0,0.0,0.0,0.0,0.0,0.0,0.0,0.0,0.0,0.0,0.0,0.0,0.0,0.0,0.0,0.0,59.6,69,11,65508,41,65476,0,300,0,0,8,20529,65476,0,0,61604,60.0,0.0,0.0,0.0,0.0,0.0
2026-04-04T11:12:24,ERR,ERR,ERR,ERR,ERR,ERR,ERR,ERR,ERR,ERR,ERR,ERR,ERR,ERR,ERR,ERR,ERR,ERR,ERR,ERR,ERR,ERR,ERR,ERR,ERR,ERR,ERR,ERR,ERR,ERR,ERR,ERR,ERR,ERR,ERR,ERR,ERR,ERR,ERR,ERR,ERR,ERR,ERR,ERR,ERR,ERR,ERR,ERR,ERR,ERR,ERR,ERR,ERR,ERR,ERR,ERR,ERR,ERR,ERR,ERR,ERR,ERR,ERR,ERR,ERR,ERR,ERR,ERR,ERR,ERR,ERR,ERR,ERR,ERR,ERR,ERR,ERR,ERR,ERR,ERR,ERR,ERR,ERR,ERR,ERR,ERR,ERR,ERR,ERR,ERR,ERR,ERR,ERR,ERR,ERR,ERR,ERR,ERR,ERR,ERR,ERR,ERR,ERR,ERR,ERR,ERR,ERR,ERR,ERR,ERR,ERR,ERR,ERR,ERR,ERR,ERR,ERR,ERR,ERR,ERR,ERR,ERR,ERR,ERR,ERR,2.7184278591402704e+23,0.0,-0.0,0.0,0.0,0.0,0.0,nan,0,0,0,32768,0,0.0,0,0.0,0.0,0.0,0.0,0.0,0,0,0,0,0.0,0,0,0,0,0,0,0,0,0,0,0,0,0,0,0,0,0,0,0,0,0,0,0,0,0,0,0,0,0,0,0,0,0,0,0,0,0,0,0,0,0,0,0,0,0.0,0.0,0.0,0.0,0.0,0.0,0.0,0.0,0.0,0.0,0.0,0.0,0.0,0.0,0.0,0.0,0.0,0.0,0.0,0.0,0.0,0.0,0.0,0.0,-2.004,2.004,0.0,0.0,0.0,0.0,3406.0,8608108544.0,0.0,2.7184278591402704e+23,0.0,-0.0,0.0,0.0,0.0,0.0,0.0,0,4.0668755697950344e+29,0.0,0.0,0.0,0.0,0.0,0.0,0.0,0.0,0,0,0,0.0,0.0,0.0,0.0,0.0,0.0,0.0,0.0,0.0,0.0,0.0,0.0,0.0,0.0,0.0,0.0,0,-107875648.0,0,0.0,0,-107875648.0,-107877712.0,0,52429,17039,13107,17054,0,17038,0,0,0,110,100,100,-0.0,64.0,0.0,64.5,0.0,69.0,1,49,50,180,13107,52429,0,0,0.0,0.0,0.0,0.0,-0.0,65.0,0.0,-0.089,0.0,646,0,689,0,0,0,719,0,791,0,710,0,690,0,645,0,643,0,615,0.032,36700160.0,-2.004,0.0,1936,16788,-0.0,-0.089,422.505,0.0,8.434447450917889e+24,0.0,29.0,60.0,70,0.0,0.0,0.0,0.0,0.0,0.0,0.0,0.0,0.0,0.0,0.0,0.0,0.0,0.0,0.0,0.0,59.6,69,11,65508,41,65476,0,300,0,0,8,20529,65476,0,0,61604,60.0,0.0,0.0,0.0,0.0,0.0
2026-04-04T11:12:25,ERR,ERR,ERR,ERR,ERR,ERR,ERR,ERR,ERR,ERR,ERR,ERR,ERR,ERR,ERR,ERR,ERR,ERR,ERR,ERR,ERR,ERR,ERR,ERR,ERR,ERR,ERR,ERR,ERR,ERR,ERR,ERR,ERR,ERR,ERR,ERR,ERR,ERR,ERR,ERR,ERR,ERR,ERR,ERR,ERR,ERR,ERR,ERR,ERR,ERR,ERR,ERR,ERR,ERR,ERR,ERR,ERR,ERR,ERR,ERR,ERR,ERR,ERR,ERR,ERR,ERR,ERR,ERR,ERR,ERR,ERR,ERR,ERR,ERR,ERR,ERR,ERR,ERR,ERR,ERR,ERR,ERR,ERR,ERR,ERR,ERR,ERR,ERR,ERR,ERR,ERR,ERR,ERR,ERR,ERR,ERR,ERR,ERR,ERR,ERR,ERR,ERR,ERR,ERR,ERR,ERR,ERR,ERR,ERR,ERR,ERR,ERR,ERR,ERR,ERR,ERR,ERR,ERR,ERR,ERR,ERR,ERR,ERR,ERR,ERR,2.7184278591402704e+23,0.0,-0.0,0.0,0.0,0.0,0.0,nan,0,0,0,32768,0,0.0,0,0.0,0.0,0.0,0.0,0.0,0,0,0,0,0.0,0,0,0,0,0,0,0,0,0,0,0,0,0,0,0,0,0,0,0,0,0,0,0,0,0,0,0,0,0,0,0,0,0,0,0,0,0,0,0,0,0,0,0,0,0.0,0.0,0.0,0.0,0.0,0.0,0.0,0.0,0.0,0.0,0.0,0.0,0.0,0.0,0.0,0.0,0.0,0.0,0.0,0.0,0.0,0.0,0.0,0.0,-2.004,2.004,0.0,0.0,0.0,0.0,3406.0,8608108544.0,0.0,2.7184278591402704e+23,0.0,-0.0,0.0,0.0,0.0,0.0,0.0,0,4.0668755697950344e+29,0.0,0.0,0.0,0.0,0.0,0.0,0.0,0.0,0,0,0,0.0,0.0,0.0,0.0,0.0,0.0,0.0,0.0,0.0,0.0,0.0,0.0,0.0,0.0,0.0,0.0,0,-107875648.0,0,0.0,0,-107875648.0,-107877712.0,0,52429,17039,13107,17054,0,17038,0,0,0,110,100,100,-0.0,64.0,0.0,64.5,0.0,69.0,1,49,50,180,13107,52429,0,0,0.0,0.0,0.0,0.0,-0.0,65.0,0.0,-0.089,0.0,646,0,689,0,0,0,719,0,791,0,710,0,690,0,645,0,643,0,615,0.032,36700160.0,-2.004,0.0,1936,16788,-0.0,-0.089,422.505,0.0,8.434447450917889e+24,0.0,29.0,60.0,70,0.0,0.0,0.0,0.0,0.0,0.0,0.0,0.0,0.0,0.0,0.0,0.0,0.0,0.0,0.0,0.0,59.6,69,11,65508,41,65476,0,300,0,0,8,20529,65476,0,0,61604,60.0,0.0,0.0,0.0,0.0,0.0
2026-04-04T11:12:26,ERR,ERR,ERR,ERR,ERR,ERR,ERR,ERR,ERR,ERR,ERR,ERR,ERR,ERR,ERR,ERR,ERR,ERR,ERR,ERR,ERR,ERR,ERR,ERR,ERR,ERR,ERR,ERR,ERR,ERR,ERR,ERR,ERR,ERR,ERR,ERR,ERR,ERR,ERR,ERR,ERR,ERR,ERR,ERR,ERR,ERR,ERR,ERR,ERR,ERR,ERR,ERR,ERR,ERR,ERR,ERR,ERR,ERR,ERR,ERR,ERR,ERR,ERR,ERR,ERR,ERR,ERR,ERR,ERR,ERR,ERR,ERR,ERR,ERR,ERR,ERR,ERR,ERR,ERR,ERR,ERR,ERR,ERR,ERR,ERR,ERR,ERR,ERR,ERR,ERR,ERR,ERR,ERR,ERR,ERR,ERR,ERR,ERR,ERR,ERR,ERR,ERR,ERR,ERR,ERR,ERR,ERR,ERR,ERR,ERR,ERR,ERR,ERR,ERR,ERR,ERR,ERR,ERR,ERR,ERR,ERR,ERR,ERR,ERR,ERR,2.7184278591402704e+23,0.0,-0.0,0.0,0.0,0.0,0.0,nan,0,0,0,32768,0,0.0,0,0.0,0.0,0.0,0.0,0.0,0,0,0,0,0.0,0,0,0,0,0,0,0,0,0,0,0,0,0,0,0,0,0,0,0,0,0,0,0,0,0,0,0,0,0,0,0,0,0,0,0,0,0,0,0,0,0,0,0,0,0.0,0.0,0.0,0.0,0.0,0.0,0.0,0.0,0.0,0.0,0.0,0.0,0.0,0.0,0.0,0.0,0.0,0.0,0.0,0.0,0.0,0.0,0.0,0.0,-2.004,2.004,0.0,0.0,0.0,0.0,3406.0,8608108544.0,0.0,2.7184278591402704e+23,0.0,-0.0,0.0,0.0,0.0,0.0,0.0,0,4.0668755697950344e+29,0.0,0.0,0.0,0.0,0.0,0.0,0.0,0.0,0,0,0,0.0,0.0,0.0,0.0,0.0,0.0,0.0,0.0,0.0,0.0,0.0,0.0,0.0,0.0,0.0,0.0,0,-107875648.0,0,0.0,0,-107875648.0,-107877712.0,0,52429,17039,13107,17054,0,17038,0,0,0,110,100,100,-0.0,64.0,0.0,64.5,0.0,69.0,1,49,50,180,13107,52429,0,0,0.0,0.0,0.0,0.0,-0.0,65.0,0.0,-0.089,0.0,646,0,689,0,0,0,719,0,791,0,710,0,690,0,645,0,643,0,615,0.032,36700160.0,-2.004,0.0,1936,16788,-0.0,-0.089,422.505,0.0,8.434447450917889e+24,0.0,29.0,60.0,70,0.0,0.0,0.0,0.0,0.0,0.0,0.0,0.0,0.0,0.0,0.0,0.0,0.0,0.0,0.0,0.0,59.6,69,11,65508,41,65476,0,300,0,0,8,20529,65476,0,0,61604,60.0,0.0,0.0,0.0,0.0,0.0
2026-04-04T11:12:27,ERR,ERR,ERR,ERR,ERR,ERR,ERR,ERR,ERR,ERR,ERR,ERR,ERR,ERR,ERR,ERR,ERR,ERR,ERR,ERR,ERR,ERR,ERR,ERR,ERR,ERR,ERR,ERR,ERR,ERR,ERR,ERR,ERR,ERR,ERR,ERR,ERR,ERR,ERR,ERR,ERR,ERR,ERR,ERR,ERR,ERR,ERR,ERR,ERR,ERR,ERR,ERR,ERR,ERR,ERR,ERR,ERR,ERR,ERR,ERR,ERR,ERR,ERR,ERR,ERR,ERR,ERR,ERR,ERR,ERR,ERR,ERR,ERR,ERR,ERR,ERR,ERR,ERR,ERR,ERR,ERR,ERR,ERR,ERR,ERR,ERR,ERR,ERR,ERR,ERR,ERR,ERR,ERR,ERR,ERR,ERR,ERR,ERR,ERR,ERR,ERR,ERR,ERR,ERR,ERR,ERR,ERR,ERR,ERR,ERR,ERR,ERR,ERR,ERR,ERR,ERR,ERR,ERR,ERR,ERR,ERR,ERR,ERR,ERR,ERR,2.7184278591402704e+23,0.0,-0.0,0.0,0.0,0.0,0.0,nan,0,0,0,32768,0,0.0,0,0.0,0.0,0.0,0.0,0.0,0,0,0,0,0.0,0,0,0,0,0,0,0,0,0,0,0,0,0,0,0,0,0,0,0,0,0,0,0,0,0,0,0,0,0,0,0,0,0,0,0,0,0,0,0,0,0,0,0,0,0.0,0.0,0.0,0.0,0.0,0.0,0.0,0.0,0.0,0.0,0.0,0.0,0.0,0.0,0.0,0.0,0.0,0.0,0.0,0.0,0.0,0.0,0.0,0.0,-2.004,2.004,0.0,0.0,0.0,0.0,3406.0,8608108544.0,0.0,2.7184278591402704e+23,0.0,-0.0,0.0,0.0,0.0,0.0,0.0,0,4.0668755697950344e+29,0.0,0.0,0.0,0.0,0.0,0.0,0.0,0.0,0,0,0,0.0,0.0,0.0,0.0,0.0,0.0,0.0,0.0,0.0,0.0,0.0,0.0,0.0,0.0,0.0,0.0,0,-107875648.0,0,0.0,0,-107875648.0,-107877712.0,0,52429,17039,13107,17054,0,17038,0,0,0,110,100,100,-0.0,64.0,0.0,64.5,0.0,69.0,1,49,50,180,13107,52429,0,0,0.0,0.0,0.0,0.0,-0.0,65.0,0.0,-0.089,0.0,646,0,689,0,0,0,719,0,791,0,710,0,690,0,645,0,643,0,615,0.032,36700160.0,-2.004,0.0,1936,16788,-0.0,-0.089,422.505,0.0,8.434447450917889e+24,0.0,29.0,60.0,70,0.0,0.0,0.0,0.0,0.0,0.0,0.0,0.0,0.0,0.0,0.0,0.0,0.0,0.0,0.0,0.0,59.2,69,11,65508,41,65476,0,300,0,0,8,20529,65476,0,0,61604,60.0,0.0,0.0,0.0,0.0,0.0
2026-04-04T11:12:28,ERR,ERR,ERR,ERR,ERR,ERR,ERR,ERR,ERR,ERR,ERR,ERR,ERR,ERR,ERR,ERR,ERR,ERR,ERR,ERR,ERR,ERR,ERR,ERR,ERR,ERR,ERR,ERR,ERR,ERR,ERR,ERR,ERR,ERR,ERR,ERR,ERR,ERR,ERR,ERR,ERR,ERR,ERR,ERR,ERR,ERR,ERR,ERR,ERR,ERR,ERR,ERR,ERR,ERR,ERR,ERR,ERR,ERR,ERR,ERR,ERR,ERR,ERR,ERR,ERR,ERR,ERR,ERR,ERR,ERR,ERR,ERR,ERR,ERR,ERR,ERR,ERR,ERR,ERR,ERR,ERR,ERR,ERR,ERR,ERR,ERR,ERR,ERR,ERR,ERR,ERR,ERR,ERR,ERR,ERR,ERR,ERR,ERR,ERR,ERR,ERR,ERR,ERR,ERR,ERR,ERR,ERR,ERR,ERR,ERR,ERR,ERR,ERR,ERR,ERR,ERR,ERR,ERR,ERR,ERR,ERR,ERR,ERR,ERR,ERR,2.7184278591402704e+23,0.0,-0.0,0.0,0.0,0.0,0.0,nan,0,0,0,32768,0,0.0,0,0.0,0.0,0.0,0.0,0.0,0,0,0,0,0.0,0,0,0,0,0,0,0,0,0,0,0,0,0,0,0,0,0,0,0,0,0,0,0,0,0,0,0,0,0,0,0,0,0,0,0,0,0,0,0,0,0,0,0,0,0.0,0.0,0.0,0.0,0.0,0.0,0.0,0.0,0.0,0.0,0.0,0.0,0.0,0.0,0.0,0.0,0.0,0.0,0.0,0.0,0.0,0.0,0.0,0.0,-2.004,0.0,0.0,0.0,0.0,0.0,3406.5,-0.0,0.0,2.7184278591402704e+23,0.0,-0.0,0.0,0.0,0.0,0.0,0.0,0,5.8480786593265204e+35,0.0,0.0,0.0,0.0,0.0,0.0,0.0,0.0,0,0,0,0.0,0.0,0.0,0.0,0.0,0.0,0.0,0.0,0.0,0.0,0.0,0.0,0.0,0.0,0.0,0.0,0,-107875648.0,0,0.0,0,-107875648.0,-107877712.0,0,52429,17039,13107,17054,0,17038,0,0,0,110,100,100,-0.0,64.0,0.0,64.5,0.0,69.0,1,49,50,180,13107,52429,0,0,0.0,0.0,0.0,0.0,-0.0,65.0,0.0,-0.089,0.0,646,0,689,0,0,0,719,0,791,0,710,0,690,0,645,0,643,0,615,0.032,36700160.0,-2.004,0.0,1936,16788,-0.0,-0.089,422.505,0.0,8.434447450917889e+24,0.0,29.0,60.0,70,0.0,0.0,0.0,0.0,0.0,0.0,0.0,0.0,0.0,0.0,0.0,0.0,0.0,0.0,0.0,0.0,59.2,69,11,65508,41,65476,0,300,0,0,8,20529,65476,0,0,61604,60.0,0.0,0.0,0.0,0.0,0.0
2026-04-04T11:12:29,ERR,ERR,ERR,ERR,ERR,ERR,ERR,ERR,ERR,ERR,ERR,ERR,ERR,ERR,ERR,ERR,ERR,ERR,ERR,ERR,ERR,ERR,ERR,ERR,ERR,ERR,ERR,ERR,ERR,ERR,ERR,ERR,ERR,ERR,ERR,ERR,ERR,ERR,ERR,ERR,ERR,ERR,ERR,ERR,ERR,ERR,ERR,ERR,ERR,ERR,ERR,ERR,ERR,ERR,ERR,ERR,ERR,ERR,ERR,ERR,ERR,ERR,ERR,ERR,ERR,ERR,ERR,ERR,ERR,ERR,ERR,ERR,ERR,ERR,ERR,ERR,ERR,ERR,ERR,ERR,ERR,ERR,ERR,ERR,ERR,ERR,ERR,ERR,ERR,ERR,ERR,ERR,ERR,ERR,ERR,ERR,ERR,ERR,ERR,ERR,ERR,ERR,ERR,ERR,ERR,ERR,ERR,ERR,ERR,ERR,ERR,ERR,ERR,ERR,ERR,ERR,ERR,ERR,ERR,ERR,ERR,ERR,ERR,ERR,ERR,2.7184278591402704e+23,0.0,-0.0,0.0,0.0,0.0,0.0,nan,0,0,0,32768,0,0.0,0,0.0,0.0,0.0,0.0,0.0,0,0,0,0,0.0,0,0,0,0,0,0,0,0,0,0,0,0,0,0,0,0,0,0,0,0,0,0,0,0,0,0,0,0,0,0,0,0,0,0,0,0,0,0,0,0,0,0,0,0,0.0,0.0,0.0,0.0,0.0,0.0,0.0,0.0,0.0,0.0,0.0,0.0,0.0,0.0,0.0,0.0,0.0,0.0,0.0,0.0,0.0,0.0,0.0,0.0,-2.004,0.0,0.0,0.0,0.0,0.0,3406.5,-0.0,0.0,2.7184278591402704e+23,0.0,-0.0,0.0,0.0,0.0,0.0,0.0,0,5.8480786593265204e+35,0.0,0.0,0.0,0.0,0.0,0.0,0.0,0.0,0,0,0,0.0,0.0,0.0,0.0,0.0,0.0,0.0,0.0,0.0,0.0,0.0,0.0,0.0,0.0,0.0,0.0,0,-107875648.0,0,0.0,0,-107875648.0,-107877712.0,0,52429,17039,13107,17054,0,17038,0,0,0,110,100,100,-0.0,64.0,0.0,64.5,0.0,69.0,1,49,50,180,13107,52429,0,0,0.0,0.0,0.0,0.0,-0.0,65.0,0.0,-0.089,0.0,646,0,689,0,0,0,719,0,791,0,710,0,690,0,645,0,643,0,615,0.032,36700160.0,-2.004,0.0,1936,16788,-0.0,-0.089,422.505,0.0,8.434447450917889e+24,0.0,29.0,60.0,70,0.0,0.0,0.0,0.0,0.0,0.0,0.0,0.0,0.0,0.0,0.0,0.0,0.0,0.0,0.0,0.0,59.2,69,11,65508,41,65476,0,300,0,0,8,20529,65476,0,0,61604,60.0,0.0,0.0,0.0,0.0,0.0
2026-04-04T11:12:30,ERR,ERR,ERR,ERR,ERR,ERR,ERR,ERR,ERR,ERR,ERR,ERR,ERR,ERR,ERR,ERR,ERR,ERR,ERR,ERR,ERR,ERR,ERR,ERR,ERR,ERR,ERR,ERR,ERR,ERR,ERR,ERR,ERR,ERR,ERR,ERR,ERR,ERR,ERR,ERR,ERR,ERR,ERR,ERR,ERR,ERR,ERR,ERR,ERR,ERR,ERR,ERR,ERR,ERR,ERR,ERR,ERR,ERR,ERR,ERR,ERR,ERR,ERR,ERR,ERR,ERR,ERR,ERR,ERR,ERR,ERR,ERR,ERR,ERR,ERR,ERR,ERR,ERR,ERR,ERR,ERR,ERR,ERR,ERR,ERR,ERR,ERR,ERR,ERR,ERR,ERR,ERR,ERR,ERR,ERR,ERR,ERR,ERR,ERR,ERR,ERR,ERR,ERR,ERR,ERR,ERR,ERR,ERR,ERR,ERR,ERR,ERR,ERR,ERR,ERR,ERR,ERR,ERR,ERR,ERR,ERR,ERR,ERR,ERR,ERR,2.7184278591402704e+23,0.0,-0.0,0.0,0.0,0.0,0.0,nan,0,0,0,32768,0,0.0,0,0.0,0.0,0.0,0.0,0.0,0,0,0,0,0.0,0,0,0,0,0,0,0,0,0,0,0,0,0,0,0,0,0,0,0,0,0,0,0,0,0,0,0,0,0,0,0,0,0,0,0,0,0,0,0,0,0,0,0,0,0.0,0.0,0.0,0.0,0.0,0.0,0.0,0.0,0.0,0.0,0.0,0.0,0.0,0.0,0.0,0.0,0.0,0.0,0.0,0.0,0.0,0.0,0.0,0.0,-2.004,0.0,0.0,0.0,0.0,0.0,3406.5,-0.0,0.0,2.7184278591402704e+23,0.0,-0.0,0.0,0.0,0.0,0.0,0.0,0,5.8480786593265204e+35,0.0,0.0,0.0,0.0,0.0,0.0,0.0,0.0,0,0,0,0.0,0.0,0.0,0.0,0.0,0.0,0.0,0.0,0.0,0.0,0.0,0.0,0.0,0.0,0.0,0.0,0,-107875648.0,0,0.0,0,-107875648.0,-107877712.0,0,52429,17039,13107,17054,0,17038,0,0,0,110,100,100,-0.0,64.0,0.0,64.5,0.0,69.0,1,49,50,180,13107,52429,0,0,0.0,0.0,0.0,0.0,-0.0,65.0,0.0,-27660661030912.0,0.0,646,0,689,0,0,0,719,0,791,0,710,0,690,0,645,0,643,0,615,0.032,55836672.0,-2.004,0.0,59792,16787,-0.0,-27660661030912.0,1.8713241969906156e+37,-0.0,-0.0,13280179388416.0,29.0,60.0,70,0.0,0.0,0.0,0.0,0.0,0.0,0.0,0.0,0.0,0.0,0.0,0.0,0.0,0.0,0.0,0.0,59.2,69,11,65508,41,65476,0,300,0,0,8,20529,65476,0,0,61604,60.0,0.0,0.0,0.0,0.0,0.0
2026-04-04T11:12:31,ERR,ERR,ERR,ERR,ERR,ERR,ERR,ERR,ERR,ERR,ERR,ERR,ERR,ERR,ERR,ERR,ERR,ERR,ERR,ERR,ERR,ERR,ERR,ERR,ERR,ERR,ERR,ERR,ERR,ERR,ERR,ERR,ERR,ERR,ERR,ERR,ERR,ERR,ERR,ERR,ERR,ERR,ERR,ERR,ERR,ERR,ERR,ERR,ERR,ERR,ERR,ERR,ERR,ERR,ERR,ERR,ERR,ERR,ERR,ERR,ERR,ERR,ERR,ERR,ERR,ERR,ERR,ERR,ERR,ERR,ERR,ERR,ERR,ERR,ERR,ERR,ERR,ERR,ERR,ERR,ERR,ERR,ERR,ERR,ERR,ERR,ERR,ERR,ERR,ERR,ERR,ERR,ERR,ERR,ERR,ERR,ERR,ERR,ERR,ERR,ERR,ERR,ERR,ERR,ERR,ERR,ERR,ERR,ERR,ERR,ERR,ERR,ERR,ERR,ERR,ERR,ERR,ERR,ERR,ERR,ERR,ERR,ERR,ERR,ERR,2.7184278591402704e+23,0.0,-0.0,0.0,0.0,0.0,0.0,nan,0,0,0,32768,0,0.0,0,0.0,0.0,0.0,0.0,0.0,0,0,0,0,0.0,0,0,0,0,0,0,0,0,0,0,0,0,0,0,0,0,0,0,0,0,0,0,0,0,0,0,0,0,0,0,0,0,0,0,0,0,0,0,0,0,0,0,0,0,0.0,0.0,0.0,0.0,0.0,0.0,0.0,0.0,0.0,0.0,0.0,0.0,0.0,0.0,0.0,0.0,0.0,0.0,0.0,0.0,0.0,0.0,0.0,0.0,-2.004,0.0,0.0,0.0,0.0,0.0,3406.5,-0.0,0.0,2.7184278591402704e+23,0.0,-0.0,0.0,0.0,0.0,0.0,0.0,0,5.8480786593265204e+35,0.0,0.0,0.0,0.0,0.0,0.0,0.0,0.0,0,0,0,0.0,0.0,0.0,0.0,0.0,0.0,0.0,0.0,0.0,0.0,0.0,0.0,0.0,0.0,0.0,0.0,0,-107875648.0,0,0.0,0,-107875648.0,-107877712.0,0,52429,17039,13107,17054,0,17038,0,0,0,110,100,100,-0.0,64.0,0.0,64.5,0.0,69.0,1,49,50,180,13107,52429,0,0,0.0,0.0,0.0,0.0,-0.0,65.0,0.0,-27660661030912.0,0.0,646,0,689,0,0,0,719,0,791,0,710,0,690,0,645,0,643,0,615,0.032,55836672.0,-2.004,0.0,59792,16787,-0.0,-27660661030912.0,1.8713241969906156e+37,-0.0,-0.0,13280179388416.0,29.0,60.0,70,0.0,0.0,0.0,0.0,0.0,0.0,0.0,0.0,0.0,0.0,0.0,0.0,0.0,0.0,0.0,0.0,59.2,69,11,65508,41,65476,0,300,0,0,8,20529,65476,0,0,61604,60.0,0.0,0.0,0.0,0.0,0.0
2026-04-04T11:12:32,ERR,ERR,ERR,ERR,ERR,ERR,ERR,ERR,ERR,ERR,ERR,ERR,ERR,ERR,ERR,ERR,ERR,ERR,ERR,ERR,ERR,ERR,ERR,ERR,ERR,ERR,ERR,ERR,ERR,ERR,ERR,ERR,ERR,ERR,ERR,ERR,ERR,ERR,ERR,ERR,ERR,ERR,ERR,ERR,ERR,ERR,ERR,ERR,ERR,ERR,ERR,ERR,ERR,ERR,ERR,ERR,ERR,ERR,ERR,ERR,ERR,ERR,ERR,ERR,ERR,ERR,ERR,ERR,ERR,ERR,ERR,ERR,ERR,ERR,ERR,ERR,ERR,ERR,ERR,ERR,ERR,ERR,ERR,ERR,ERR,ERR,ERR,ERR,ERR,ERR,ERR,ERR,ERR,ERR,ERR,ERR,ERR,ERR,ERR,ERR,ERR,ERR,ERR,ERR,ERR,ERR,ERR,ERR,ERR,ERR,ERR,ERR,ERR,ERR,ERR,ERR,ERR,ERR,ERR,ERR,ERR,ERR,ERR,ERR,ERR,2.7184278591402704e+23,0.0,-0.0,0.0,0.0,0.0,0.0,nan,0,0,0,32768,0,0.0,0,0.0,0.0,0.0,0.0,0.0,0,0,0,0,0.0,0,0,0,0,0,0,0,0,0,0,0,0,0,0,0,0,0,0,0,0,0,0,0,0,0,0,0,0,0,0,0,0,0,0,0,0,0,0,0,0,0,0,0,0,0.0,0.0,0.0,0.0,0.0,0.0,0.0,0.0,0.0,0.0,0.0,0.0,0.0,0.0,0.0,0.0,0.0,0.0,0.0,0.0,0.0,0.0,0.0,0.0,-2.004,0.0,0.0,0.0,0.0,0.0,3406.5,-0.0,0.0,2.7184278591402704e+23,0.0,-0.0,0.0,0.0,0.0,0.0,0.0,0,5.8480786593265204e+35,0.0,0.0,0.0,0.0,0.0,0.0,0.0,0.0,0,0,0,0.0,0.0,0.0,0.0,0.0,0.0,0.0,0.0,0.0,0.0,0.0,0.0,0.0,0.0,0.0,0.0,0,-107875648.0,0,0.0,0,-107875648.0,-107877712.0,0,52429,17039,13107,17054,0,17038,0,0,0,110,100,100,-0.0,64.0,0.0,64.5,0.0,69.0,1,49,50,180,13107,52429,0,0,0.0,0.0,0.0,0.0,-0.0,65.0,0.0,-27660661030912.0,0.0,646,0,689,0,0,0,719,0,791,0,710,0,690,0,645,0,643,0,615,0.032,55836672.0,-2.004,0.0,59792,16787,-0.0,-27660661030912.0,1.8713241969906156e+37,-0.0,-0.0,13280179388416.0,29.0,60.0,70,0.0,0.0,0.0,0.0,0.0,0.0,0.0,0.0,0.0,0.0,0.0,0.0,0.0,0.0,0.0,0.0,59.2,69,11,65508,41,65476,0,300,0,0,8,20529,65476,0,0,61604,60.0,0.0,0.0,0.0,0.0,0.0
2026-04-04T11:12:33,ERR,ERR,ERR,ERR,ERR,ERR,ERR,ERR,ERR,ERR,ERR,ERR,ERR,ERR,ERR,ERR,ERR,ERR,ERR,ERR,ERR,ERR,ERR,ERR,ERR,ERR,ERR,ERR,ERR,ERR,ERR,ERR,ERR,ERR,ERR,ERR,ERR,ERR,ERR,ERR,ERR,ERR,ERR,ERR,ERR,ERR,ERR,ERR,ERR,ERR,ERR,ERR,ERR,ERR,ERR,ERR,ERR,ERR,ERR,ERR,ERR,ERR,ERR,ERR,ERR,ERR,ERR,ERR,ERR,ERR,ERR,ERR,ERR,ERR,ERR,ERR,ERR,ERR,ERR,ERR,ERR,ERR,ERR,ERR,ERR,ERR,ERR,ERR,ERR,ERR,ERR,ERR,ERR,ERR,ERR,ERR,ERR,ERR,ERR,ERR,ERR,ERR,ERR,ERR,ERR,ERR,ERR,ERR,ERR,ERR,ERR,ERR,ERR,ERR,ERR,ERR,ERR,ERR,ERR,ERR,ERR,ERR,ERR,ERR,ERR,2.7184278591402704e+23,0.0,-0.0,0.0,0.0,0.0,0.0,nan,0,0,0,32768,0,0.0,0,0.0,0.0,0.0,0.0,0.0,0,0,0,0,0.0,0,0,0,0,0,0,0,0,0,0,0,0,0,0,0,0,0,0,0,0,0,0,0,0,0,0,0,0,0,0,0,0,0,0,0,0,0,0,0,0,0,0,0,0,0.0,0.0,0.0,0.0,0.0,0.0,0.0,0.0,0.0,0.0,0.0,0.0,0.0,0.0,0.0,0.0,0.0,0.0,0.0,0.0,0.0,0.0,0.0,0.0,-2.004,0.0,0.0,0.0,0.0,0.0,3406.5,-0.0,0.0,2.7184278591402704e+23,0.0,-0.0,0.0,0.0,0.0,0.0,0.0,0,5.8480786593265204e+35,0.0,0.0,0.0,0.0,0.0,0.0,0.0,0.0,0,0,0,0.0,0.0,0.0,0.0,0.0,0.0,0.0,0.0,0.0,0.0,0.0,0.0,0.0,0.0,0.0,0.0,0,-107875648.0,0,0.0,0,-107875648.0,-107877712.0,0,52429,17039,13107,17054,0,17038,0,0,0,110,100,100,-0.0,64.0,0.0,64.5,0.0,69.0,1,49,50,180,13107,52429,0,0,0.0,0.0,0.0,0.0,-0.0,65.0,0.0,-27660661030912.0,0.0,646,0,689,0,0,0,719,0,791,0,710,0,690,0,645,0,643,0,615,0.032,55836672.0,-2.004,0.0,59792,16787,-0.0,-27660661030912.0,1.8713241969906156e+37,-0.0,-0.0,13280179388416.0,29.0,60.0,70,0.0,0.0,0.0,0.0,0.0,0.0,0.0,0.0,0.0,0.0,0.0,0.0,0.0,0.0,0.0,0.0,59.2,69,11,65508,41,65476,0,300,0,0,8,20529,65476,0,0,61604,60.0,0.0,0.0,0.0,0.0,0.0
2026-04-04T11:12:34,ERR,ERR,ERR,ERR,ERR,ERR,ERR,ERR,ERR,ERR,ERR,ERR,ERR,ERR,ERR,ERR,ERR,ERR,ERR,ERR,ERR,ERR,ERR,ERR,ERR,ERR,ERR,ERR,ERR,ERR,ERR,ERR,ERR,ERR,ERR,ERR,ERR,ERR,ERR,ERR,ERR,ERR,ERR,ERR,ERR,ERR,ERR,ERR,ERR,ERR,ERR,ERR,ERR,ERR,ERR,ERR,ERR,ERR,ERR,ERR,ERR,ERR,ERR,ERR,ERR,ERR,ERR,ERR,ERR,ERR,ERR,ERR,ERR,ERR,ERR,ERR,ERR,ERR,ERR,ERR,ERR,ERR,ERR,ERR,ERR,ERR,ERR,ERR,ERR,ERR,ERR,ERR,ERR,ERR,ERR,ERR,ERR,ERR,ERR,ERR,ERR,ERR,ERR,ERR,ERR,ERR,ERR,ERR,ERR,ERR,ERR,ERR,ERR,ERR,ERR,ERR,ERR,ERR,ERR,ERR,ERR,ERR,ERR,ERR,ERR,2.7184278591402704e+23,0.0,-0.0,0.0,0.0,0.0,0.0,nan,0,0,0,32768,0,0.0,0,0.0,0.0,0.0,0.0,0.0,0,0,0,0,0.0,0,0,0,0,0,0,0,0,0,0,0,0,0,0,0,0,0,0,0,0,0,0,0,0,0,0,0,0,0,0,0,0,0,0,0,0,0,0,0,0,0,0,0,0,0.0,0.0,0.0,0.0,0.0,0.0,0.0,0.0,0.0,0.0,0.0,0.0,0.0,0.0,0.0,0.0,0.0,0.0,0.0,0.0,0.0,0.0,0.0,0.0,-2.004,0.0,0.0,0.0,0.0,0.0,3406.5,-0.0,0.0,2.7184278591402704e+23,0.0,-0.0,0.0,0.0,0.0,0.0,0.0,0,5.8480786593265204e+35,0.0,0.0,0.0,0.0,0.0,0.0,0.0,0.0,0,0,0,0.0,0.0,0.0,0.0,0.0,0.0,0.0,0.0,0.0,0.0,0.0,0.0,0.0,0.0,0.0,0.0,0,-107875648.0,0,0.0,0,-107875648.0,-107877712.0,0,52429,17039,13107,17054,0,17038,0,0,0,110,100,100,-0.0,64.0,0.0,64.5,0.0,69.0,1,49,50,180,13107,52429,0,0,0.0,0.0,0.0,0.0,-0.0,65.0,0.0,-27660661030912.0,0.0,646,0,689,0,0,0,719,0,791,0,710,0,690,0,645,0,643,0,615,0.032,55836672.0,-2.004,0.0,59792,16787,-0.0,-27660661030912.0,1.8713241969906156e+37,-0.0,-0.0,13280179388416.0,29.0,60.0,70,0.0,0.0,0.0,0.0,0.0,0.0,0.0,0.0,0.0,0.0,0.0,0.0,0.0,0.0,0.0,0.0,59.2,69,11,65508,41,65476,0,300,0,0,8,20529,65476,0,0,61604,60.0,0.0,0.0,0.0,0.0,0.0
2026-04-04T11:12:35,ERR,ERR,ERR,ERR,ERR,ERR,ERR,ERR,ERR,ERR,ERR,ERR,ERR,ERR,ERR,ERR,ERR,ERR,ERR,ERR,ERR,ERR,ERR,ERR,ERR,ERR,ERR,ERR,ERR,ERR,ERR,ERR,ERR,ERR,ERR,ERR,ERR,ERR,ERR,ERR,ERR,ERR,ERR,ERR,ERR,ERR,ERR,ERR,ERR,ERR,ERR,ERR,ERR,ERR,ERR,ERR,ERR,ERR,ERR,ERR,ERR,ERR,ERR,ERR,ERR,ERR,ERR,ERR,ERR,ERR,ERR,ERR,ERR,ERR,ERR,ERR,ERR,ERR,ERR,ERR,ERR,ERR,ERR,ERR,ERR,ERR,ERR,ERR,ERR,ERR,ERR,ERR,ERR,ERR,ERR,ERR,ERR,ERR,ERR,ERR,ERR,ERR,ERR,ERR,ERR,ERR,ERR,ERR,ERR,ERR,ERR,ERR,ERR,ERR,ERR,ERR,ERR,ERR,ERR,ERR,ERR,ERR,ERR,ERR,ERR,2.7184278591402704e+23,0.0,-0.0,0.0,0.0,0.0,0.0,nan,0,0,0,32768,0,0.0,0,0.0,0.0,0.0,0.0,0.0,0,0,0,0,0.0,0,0,0,0,0,0,0,0,0,0,0,0,0,0,0,0,0,0,0,0,0,0,0,0,0,0,0,0,0,0,0,0,0,0,0,0,0,0,0,0,0,0,0,0,0.0,0.0,0.0,0.0,0.0,0.0,0.0,0.0,0.0,0.0,0.0,0.0,0.0,0.0,0.0,0.0,0.0,0.0,0.0,0.0,0.0,0.0,0.0,0.0,-2.004,0.0,0.0,0.0,0.0,0.0,3406.5,-0.0,0.0,2.7184278591402704e+23,0.0,-0.0,0.0,0.0,0.0,0.0,0.0,0,5.8480786593265204e+35,0.0,0.0,0.0,0.0,0.0,0.0,0.0,0.0,0,0,0,0.0,0.0,0.0,0.0,0.0,0.0,0.0,0.0,0.0,0.0,0.0,0.0,0.0,0.0,0.0,0.0,0,-107875648.0,0,0.0,0,-107875648.0,-107877712.0,0,52429,17039,13107,17054,0,17038,0,0,0,110,100,100,-0.0,64.0,0.0,64.5,0.0,69.0,1,49,50,180,13107,52429,0,0,0.0,0.0,0.0,0.0,-0.0,65.0,0.0,-27660661030912.0,0.0,646,0,689,0,0,0,719,0,791,0,710,0,690,0,645,0,643,0,615,0.032,55836672.0,-2.004,0.0,59792,16787,-0.0,-27660661030912.0,1.8713241969906156e+37,-0.0,-0.0,13280179388416.0,29.0,60.0,70,0.0,0.0,0.0,0.0,0.0,0.0,0.0,0.0,0.0,0.0,0.0,0.0,0.0,0.0,0.0,0.0,59.6,69,11,65508,41,65476,0,300,0,0,8,20529,65476,0,0,61604,60.0,0.0,0.0,0.0,0.0,0.0
2026-04-04T11:12:36,ERR,ERR,ERR,ERR,ERR,ERR,ERR,ERR,ERR,ERR,ERR,ERR,ERR,ERR,ERR,ERR,ERR,ERR,ERR,ERR,ERR,ERR,ERR,ERR,ERR,ERR,ERR,ERR,ERR,ERR,ERR,ERR,ERR,ERR,ERR,ERR,ERR,ERR,ERR,ERR,ERR,ERR,ERR,ERR,ERR,ERR,ERR,ERR,ERR,ERR,ERR,ERR,ERR,ERR,ERR,ERR,ERR,ERR,ERR,ERR,ERR,ERR,ERR,ERR,ERR,ERR,ERR,ERR,ERR,ERR,ERR,ERR,ERR,ERR,ERR,ERR,ERR,ERR,ERR,ERR,ERR,ERR,ERR,ERR,ERR,ERR,ERR,ERR,ERR,ERR,ERR,ERR,ERR,ERR,ERR,ERR,ERR,ERR,ERR,ERR,ERR,ERR,ERR,ERR,ERR,ERR,ERR,ERR,ERR,ERR,ERR,ERR,ERR,ERR,ERR,ERR,ERR,ERR,ERR,ERR,ERR,ERR,ERR,ERR,ERR,2.7184278591402704e+23,0.0,-0.0,0.0,0.0,0.0,0.0,nan,0,0,0,32768,0,0.0,0,0.0,0.0,0.0,0.0,0.0,0,0,0,0,0.0,0,0,0,0,0,0,0,0,0,0,0,0,0,0,0,0,0,0,0,0,0,0,0,0,0,0,0,0,0,0,0,0,0,0,0,0,0,0,0,0,0,0,0,0,0.0,0.0,0.0,0.0,0.0,0.0,0.0,0.0,0.0,0.0,0.0,0.0,0.0,0.0,0.0,0.0,0.0,0.0,0.0,0.0,0.0,0.0,0.0,0.0,-2.004,2.004,0.0,0.0,0.0,0.0,3404.0,-0.0,0.0,2.7184278591402704e+23,0.0,-0.0,0.0,0.0,0.0,0.0,0.0,0,2.3088382548096162e+20,0.0,0.0,0.0,0.0,0.0,0.0,0.0,0.0,0,0,0,0.0,0.0,0.0,0.0,0.0,0.0,0.0,0.0,0.0,0.0,0.0,0.0,0.0,0.0,0.0,0.0,0,-107875648.0,0,0.0,0,-107875648.0,-107877712.0,0,52429,17039,13107,17054,0,17038,0,0,0,110,100,100,-0.0,64.0,0.0,64.5,0.0,69.0,1,49,50,180,13107,52429,0,0,0.0,0.0,0.0,0.0,-0.0,65.0,0.0,-0.0,0.0,646,0,689,0,0,0,719,0,791,0,710,0,690,0,645,0,643,0,615,0.032,55574528.0,-2.004,0.0,52752,16787,-0.0,-0.0,1.174184051929688e+26,-3.4992776690133893e+18,-0.0,8072.065,29.0,60.0,70,0.0,0.0,0.0,0.0,0.0,0.0,0.0,0.0,0.0,0.0,0.0,0.0,0.0,0.0,0.0,0.0,59.6,69,11,65508,41,65476,0,300,0,0,8,20529,65476,0,0,61604,60.0,0.0,0.0,0.0,0.0,0.0
2026-04-04T11:12:37,ERR,ERR,ERR,ERR,ERR,ERR,ERR,ERR,ERR,ERR,ERR,ERR,ERR,ERR,ERR,ERR,ERR,ERR,ERR,ERR,ERR,ERR,ERR,ERR,ERR,ERR,ERR,ERR,ERR,ERR,ERR,ERR,ERR,ERR,ERR,ERR,ERR,ERR,ERR,ERR,ERR,ERR,ERR,ERR,ERR,ERR,ERR,ERR,ERR,ERR,ERR,ERR,ERR,ERR,ERR,ERR,ERR,ERR,ERR,ERR,ERR,ERR,ERR,ERR,ERR,ERR,ERR,ERR,ERR,ERR,ERR,ERR,ERR,ERR,ERR,ERR,ERR,ERR,ERR,ERR,ERR,ERR,ERR,ERR,ERR,ERR,ERR,ERR,ERR,ERR,ERR,ERR,ERR,ERR,ERR,ERR,ERR,ERR,ERR,ERR,ERR,ERR,ERR,ERR,ERR,ERR,ERR,ERR,ERR,ERR,ERR,ERR,ERR,ERR,ERR,ERR,ERR,ERR,ERR,ERR,ERR,ERR,ERR,ERR,ERR,2.7184278591402704e+23,0.0,-0.0,0.0,0.0,0.0,0.0,nan,0,0,0,32768,0,0.0,0,0.0,0.0,0.0,0.0,0.0,0,0,0,0,0.0,0,0,0,0,0,0,0,0,0,0,0,0,0,0,0,0,0,0,0,0,0,0,0,0,0,0,0,0,0,0,0,0,0,0,0,0,0,0,0,0,0,0,0,0,0.0,0.0,0.0,0.0,0.0,0.0,0.0,0.0,0.0,0.0,0.0,0.0,0.0,0.0,0.0,0.0,0.0,0.0,0.0,0.0,0.0,0.0,0.0,0.0,-2.004,2.004,0.0,0.0,0.0,0.0,3404.0,-0.0,0.0,2.7184278591402704e+23,0.0,-0.0,0.0,0.0,0.0,0.0,0.0,0,2.3088382548096162e+20,0.0,0.0,0.0,0.0,0.0,0.0,0.0,0.0,0,0,0,0.0,0.0,0.0,0.0,0.0,0.0,0.0,0.0,0.0,0.0,0.0,0.0,0.0,0.0,0.0,0.0,0,-107875648.0,0,0.0,0,-107875648.0,-107877712.0,0,52429,17039,13107,17054,0,17038,0,0,0,110,100,100,-0.0,64.0,0.0,64.5,0.0,69.0,1,49,50,180,13107,52429,0,0,0.0,0.0,0.0,0.0,-0.0,65.0,0.0,-0.0,0.0,646,0,689,0,0,0,719,0,791,0,710,0,690,0,645,0,643,0,615,0.032,55574528.0,-2.004,0.0,52752,16787,-0.0,-0.0,1.174184051929688e+26,-3.4992776690133893e+18,-0.0,8072.065,29.0,60.0,70,0.0,0.0,0.0,0.0,0.0,0.0,0.0,0.0,0.0,0.0,0.0,0.0,0.0,0.0,0.0,0.0,59.2,69,11,65508,41,65476,0,300,0,0,8,20529,65476,0,0,61604,60.0,0.0,0.0,0.0,0.0,0.0
2026-04-04T11:12:38,ERR,ERR,ERR,ERR,ERR,ERR,ERR,ERR,ERR,ERR,ERR,ERR,ERR,ERR,ERR,ERR,ERR,ERR,ERR,ERR,ERR,ERR,ERR,ERR,ERR,ERR,ERR,ERR,ERR,ERR,ERR,ERR,ERR,ERR,ERR,ERR,ERR,ERR,ERR,ERR,ERR,ERR,ERR,ERR,ERR,ERR,ERR,ERR,ERR,ERR,ERR,ERR,ERR,ERR,ERR,ERR,ERR,ERR,ERR,ERR,ERR,ERR,ERR,ERR,ERR,ERR,ERR,ERR,ERR,ERR,ERR,ERR,ERR,ERR,ERR,ERR,ERR,ERR,ERR,ERR,ERR,ERR,ERR,ERR,ERR,ERR,ERR,ERR,ERR,ERR,ERR,ERR,ERR,ERR,ERR,ERR,ERR,ERR,ERR,ERR,ERR,ERR,ERR,ERR,ERR,ERR,ERR,ERR,ERR,ERR,ERR,ERR,ERR,ERR,ERR,ERR,ERR,ERR,ERR,ERR,ERR,ERR,ERR,ERR,ERR,2.7184278591402704e+23,0.0,-0.0,0.0,0.0,0.0,0.0,nan,0,0,0,32768,0,0.0,0,0.0,0.0,0.0,0.0,0.0,0,0,0,0,0.0,0,0,0,0,0,0,0,0,0,0,0,0,0,0,0,0,0,0,0,0,0,0,0,0,0,0,0,0,0,0,0,0,0,0,0,0,0,0,0,0,0,0,0,0,0.0,0.0,0.0,0.0,0.0,0.0,0.0,0.0,0.0,0.0,0.0,0.0,0.0,0.0,0.0,0.0,0.0,0.0,0.0,0.0,0.0,0.0,0.0,0.0,-2.004,2.004,0.0,0.0,0.0,0.0,3404.0,-0.0,0.0,2.7184278591402704e+23,0.0,-0.0,0.0,0.0,0.0,0.0,0.0,0,2.3088382548096162e+20,0.0,0.0,0.0,0.0,0.0,0.0,0.0,0.0,0,0,0,0.0,0.0,0.0,0.0,0.0,0.0,0.0,0.0,0.0,0.0,0.0,0.0,0.0,0.0,0.0,0.0,0,-107875648.0,0,0.0,0,-107875648.0,-107877712.0,0,52429,17039,13107,17054,0,17038,0,0,0,110,100,100,-0.0,64.0,0.0,64.5,0.0,69.0,1,49,50,180,13107,52429,0,0,0.0,0.0,0.0,0.0,-0.0,65.0,0.0,-0.0,0.0,646,0,689,0,0,0,719,0,791,0,710,0,690,0,645,0,643,0,615,0.032,55574528.0,-2.004,0.0,52752,16787,-0.0,-0.0,1.174184051929688e+26,-3.4992776690133893e+18,-0.0,8072.065,29.0,60.0,70,0.0,0.0,0.0,0.0,0.0,0.0,0.0,0.0,0.0,0.0,0.0,0.0,0.0,0.0,0.0,0.0,59.2,69,11,65508,41,65476,0,300,0,0,8,20529,65476,0,0,61604,60.0,0.0,0.0,0.0,0.0,0.0
2026-04-04T11:12:39,ERR,ERR,ERR,ERR,ERR,ERR,ERR,ERR,ERR,ERR,ERR,ERR,ERR,ERR,ERR,ERR,ERR,ERR,ERR,ERR,ERR,ERR,ERR,ERR,ERR,ERR,ERR,ERR,ERR,ERR,ERR,ERR,ERR,ERR,ERR,ERR,ERR,ERR,ERR,ERR,ERR,ERR,ERR,ERR,ERR,ERR,ERR,ERR,ERR,ERR,ERR,ERR,ERR,ERR,ERR,ERR,ERR,ERR,ERR,ERR,ERR,ERR,ERR,ERR,ERR,ERR,ERR,ERR,ERR,ERR,ERR,ERR,ERR,ERR,ERR,ERR,ERR,ERR,ERR,ERR,ERR,ERR,ERR,ERR,ERR,ERR,ERR,ERR,ERR,ERR,ERR,ERR,ERR,ERR,ERR,ERR,ERR,ERR,ERR,ERR,ERR,ERR,ERR,ERR,ERR,ERR,ERR,ERR,ERR,ERR,ERR,ERR,ERR,ERR,ERR,ERR,ERR,ERR,ERR,ERR,ERR,ERR,ERR,ERR,ERR,2.7184278591402704e+23,0.0,-0.0,0.0,0.0,0.0,0.0,nan,0,0,0,32768,0,0.0,0,0.0,0.0,0.0,0.0,0.0,0,0,0,0,0.0,0,0,0,0,0,0,0,0,0,0,0,0,0,0,0,0,0,0,0,0,0,0,0,0,0,0,0,0,0,0,0,0,0,0,0,0,0,0,0,0,0,0,0,0,0.0,0.0,0.0,0.0,0.0,0.0,0.0,0.0,0.0,0.0,0.0,0.0,0.0,0.0,0.0,0.0,0.0,0.0,0.0,0.0,0.0,0.0,0.0,0.0,-2.004,2.004,0.0,0.0,0.0,0.0,3404.0,-0.0,0.0,2.7184278591402704e+23,0.0,-0.0,0.0,0.0,0.0,0.0,0.0,0,2.3088382548096162e+20,0.0,0.0,0.0,0.0,0.0,0.0,0.0,0.0,0,0,0,0.0,0.0,0.0,0.0,0.0,0.0,0.0,0.0,0.0,0.0,0.0,0.0,0.0,0.0,0.0,0.0,0,-107875648.0,0,0.0,0,-107875648.0,-107877712.0,0,52429,17039,13107,17054,0,17038,0,0,0,110,100,100,-0.0,64.0,0.0,64.5,0.0,69.0,1,49,50,180,13107,52429,0,0,0.0,0.0,0.0,0.0,-0.0,65.0,0.0,-0.0,0.0,646,0,689,0,0,0,719,0,791,0,710,0,690,0,645,0,643,0,615,0.032,55574528.0,-2.004,0.0,52752,16787,-0.0,-0.0,1.174184051929688e+26,-3.4992776690133893e+18,-0.0,8072.065,29.0,60.0,70,0.0,0.0,0.0,0.0,0.0,0.0,0.0,0.0,0.0,0.0,0.0,0.0,0.0,0.0,0.0,0.0,59.2,69,11,65508,41,65476,0,300,0,0,8,20529,65476,0,0,61604,60.0,0.0,0.0,0.0,0.0,0.0
2026-04-04T11:12:40,ERR,ERR,ERR,ERR,ERR,ERR,ERR,ERR,ERR,ERR,ERR,ERR,ERR,ERR,ERR,ERR,ERR,ERR,ERR,ERR,ERR,ERR,ERR,ERR,ERR,ERR,ERR,ERR,ERR,ERR,ERR,ERR,ERR,ERR,ERR,ERR,ERR,ERR,ERR,ERR,ERR,ERR,ERR,ERR,ERR,ERR,ERR,ERR,ERR,ERR,ERR,ERR,ERR,ERR,ERR,ERR,ERR,ERR,ERR,ERR,ERR,ERR,ERR,ERR,ERR,ERR,ERR,ERR,ERR,ERR,ERR,ERR,ERR,ERR,ERR,ERR,ERR,ERR,ERR,ERR,ERR,ERR,ERR,ERR,ERR,ERR,ERR,ERR,ERR,ERR,ERR,ERR,ERR,ERR,ERR,ERR,ERR,ERR,ERR,ERR,ERR,ERR,ERR,ERR,ERR,ERR,ERR,ERR,ERR,ERR,ERR,ERR,ERR,ERR,ERR,ERR,ERR,ERR,ERR,ERR,ERR,ERR,ERR,ERR,ERR,2.7184278591402704e+23,0.0,-0.0,0.0,0.0,0.0,0.0,nan,0,0,0,32768,0,0.0,0,0.0,0.0,0.0,0.0,0.0,0,0,0,0,0.0,0,0,0,0,0,0,0,0,0,0,0,0,0,0,0,0,0,0,0,0,0,0,0,0,0,0,0,0,0,0,0,0,0,0,0,0,0,0,0,0,0,0,0,0,0.0,0.0,0.0,0.0,0.0,0.0,0.0,0.0,0.0,0.0,0.0,0.0,0.0,0.0,0.0,0.0,0.0,0.0,0.0,0.0,0.0,0.0,0.0,0.0,-2.004,2.004,0.0,0.0,0.0,0.0,3404.0,-0.0,0.0,2.7184278591402704e+23,0.0,-0.0,0.0,0.0,0.0,0.0,0.0,0,2.3088382548096162e+20,0.0,0.0,0.0,0.0,0.0,0.0,0.0,0.0,0,0,0,0.0,0.0,0.0,0.0,0.0,0.0,0.0,0.0,0.0,0.0,0.0,0.0,0.0,0.0,0.0,0.0,0,-107875648.0,0,0.0,0,-107875648.0,-107877712.0,0,52429,17039,13107,17054,0,17038,0,0,0,110,100,100,-0.0,64.0,0.0,64.5,0.0,69.0,1,49,50,180,13107,52429,0,0,0.0,0.0,0.0,0.0,-0.0,65.0,0.0,-0.0,0.0,646,0,689,0,0,0,719,0,791,0,710,0,690,0,645,0,643,0,615,0.032,55574528.0,-2.004,0.0,52752,16787,-0.0,-0.0,1.174184051929688e+26,-3.4992776690133893e+18,-0.0,8072.065,29.0,60.0,70,0.0,0.0,0.0,0.0,0.0,0.0,0.0,0.0,0.0,0.0,0.0,0.0,0.0,0.0,0.0,0.0,59.2,69,11,65508,41,65476,0,300,0,0,8,20529,65476,0,0,61604,60.0,0.0,0.0,0.0,0.0,0.0
2026-04-04T11:12:41,ERR,ERR,ERR,ERR,ERR,ERR,ERR,ERR,ERR,ERR,ERR,ERR,ERR,ERR,ERR,ERR,ERR,ERR,ERR,ERR,ERR,ERR,ERR,ERR,ERR,ERR,ERR,ERR,ERR,ERR,ERR,ERR,ERR,ERR,ERR,ERR,ERR,ERR,ERR,ERR,ERR,ERR,ERR,ERR,ERR,ERR,ERR,ERR,ERR,ERR,ERR,ERR,ERR,ERR,ERR,ERR,ERR,ERR,ERR,ERR,ERR,ERR,ERR,ERR,ERR,ERR,ERR,ERR,ERR,ERR,ERR,ERR,ERR,ERR,ERR,ERR,ERR,ERR,ERR,ERR,ERR,ERR,ERR,ERR,ERR,ERR,ERR,ERR,ERR,ERR,ERR,ERR,ERR,ERR,ERR,ERR,ERR,ERR,ERR,ERR,ERR,ERR,ERR,ERR,ERR,ERR,ERR,ERR,ERR,ERR,ERR,ERR,ERR,ERR,ERR,ERR,ERR,ERR,ERR,ERR,ERR,ERR,ERR,ERR,ERR,2.7184278591402704e+23,0.0,-0.0,0.0,0.0,0.0,0.0,nan,0,0,0,32768,0,0.0,0,0.0,0.0,0.0,0.0,0.0,0,0,0,0,0.0,0,0,0,0,0,0,0,0,0,0,0,0,0,0,0,0,0,0,0,0,0,0,0,0,0,0,0,0,0,0,0,0,0,0,0,0,0,0,0,0,0,0,0,0,0.0,0.0,0.0,0.0,0.0,0.0,0.0,0.0,0.0,0.0,0.0,0.0,0.0,0.0,0.0,0.0,0.0,0.0,0.0,0.0,0.0,0.0,0.0,0.0,-2.004,2.004,0.0,0.0,0.0,0.0,3404.0,-0.0,0.0,2.7184278591402704e+23,0.0,-0.0,0.0,0.0,0.0,0.0,0.0,0,2.3088382548096162e+20,0.0,0.0,0.0,0.0,0.0,0.0,0.0,0.0,0,0,0,0.0,0.0,0.0,0.0,0.0,0.0,0.0,0.0,0.0,0.0,0.0,0.0,0.0,0.0,0.0,0.0,0,-107875648.0,0,0.0,0,-107875648.0,-107877712.0,0,39322,17039,13107,17054,0,17038,0,0,0,110,100,100,-0.0,64.0,0.0,64.5,0.0,69.0,1,49,50,180,13107,52429,0,0,0.0,0.0,0.0,0.0,-0.0,65.0,0.0,-0.774,0.0,646,0,689,0,0,0,719,0,791,0,710,0,690,0,645,0,643,0,615,0.032,55574528.0,-2.004,0.0,57232,16787,nan,-0.012,0.0,258302.875,1.5605690140175892e+18,0.0,29.0,60.0,70,0.0,0.0,0.0,0.0,0.0,0.0,0.0,0.0,0.0,0.0,0.0,0.0,0.0,0.0,0.0,0.0,59.2,69,11,65508,41,65476,0,300,0,0,8,20529,65476,0,0,61604,60.0,0.0,0.0,0.0,0.0,0.0
2026-04-04T11:12:42,ERR,ERR,ERR,ERR,ERR,ERR,ERR,ERR,ERR,ERR,ERR,ERR,ERR,ERR,ERR,ERR,ERR,ERR,ERR,ERR,ERR,ERR,ERR,ERR,ERR,ERR,ERR,ERR,ERR,ERR,ERR,ERR,ERR,ERR,ERR,ERR,ERR,ERR,ERR,ERR,ERR,ERR,ERR,ERR,ERR,ERR,ERR,ERR,ERR,ERR,ERR,ERR,ERR,ERR,ERR,ERR,ERR,ERR,ERR,ERR,ERR,ERR,ERR,ERR,ERR,ERR,ERR,ERR,ERR,ERR,ERR,ERR,ERR,ERR,ERR,ERR,ERR,ERR,ERR,ERR,ERR,ERR,ERR,ERR,ERR,ERR,ERR,ERR,ERR,ERR,ERR,ERR,ERR,ERR,ERR,ERR,ERR,ERR,ERR,ERR,ERR,ERR,ERR,ERR,ERR,ERR,ERR,ERR,ERR,ERR,ERR,ERR,ERR,ERR,ERR,ERR,ERR,ERR,ERR,ERR,ERR,ERR,ERR,ERR,ERR,2.7184278591402704e+23,0.0,-0.0,0.0,0.0,0.0,0.0,nan,0,0,0,32768,0,0.0,0,0.0,0.0,0.0,0.0,0.0,0,0,0,0,0.0,0,0,0,0,0,0,0,0,0,0,0,0,0,0,0,0,0,0,0,0,0,0,0,0,0,0,0,0,0,0,0,0,0,0,0,0,0,0,0,0,0,0,0,0,0.0,0.0,0.0,0.0,0.0,0.0,0.0,0.0,0.0,0.0,0.0,0.0,0.0,0.0,0.0,0.0,0.0,0.0,0.0,0.0,0.0,0.0,0.0,0.0,-2.004,2.004,0.0,0.0,0.0,0.0,3404.0,-0.0,0.0,2.7184278591402704e+23,0.0,-0.0,0.0,0.0,0.0,0.0,0.0,0,2.3088382548096162e+20,0.0,0.0,0.0,0.0,0.0,0.0,0.0,0.0,0,0,0,0.0,0.0,0.0,0.0,0.0,0.0,0.0,0.0,0.0,0.0,0.0,0.0,0.0,0.0,0.0,0.0,0,-107875648.0,0,0.0,0,-107875648.0,-107877712.0,0,39322,17039,13107,17054,0,17038,0,0,0,110,100,100,-0.0,64.0,0.0,64.5,0.0,69.0,1,49,50,180,13107,52429,0,0,0.0,0.0,0.0,0.0,-0.0,65.0,0.0,-0.774,0.0,646,0,689,0,0,0,719,0,791,0,710,0,690,0,645,0,643,0,615,0.032,55574528.0,-2.004,0.0,57232,16787,nan,-0.012,0.0,258302.875,1.5605690140175892e+18,0.0,29.0,60.0,70,0.0,0.0,0.0,0.0,0.0,0.0,0.0,0.0,0.0,0.0,0.0,0.0,0.0,0.0,0.0,0.0,59.2,69,11,65508,41,65476,0,300,0,0,8,20529,65476,0,0,61604,60.0,0.0,0.0,0.0,0.0,0.0
2026-04-04T11:12:43,ERR,ERR,ERR,ERR,ERR,ERR,ERR,ERR,ERR,ERR,ERR,ERR,ERR,ERR,ERR,ERR,ERR,ERR,ERR,ERR,ERR,ERR,ERR,ERR,ERR,ERR,ERR,ERR,ERR,ERR,ERR,ERR,ERR,ERR,ERR,ERR,ERR,ERR,ERR,ERR,ERR,ERR,ERR,ERR,ERR,ERR,ERR,ERR,ERR,ERR,ERR,ERR,ERR,ERR,ERR,ERR,ERR,ERR,ERR,ERR,ERR,ERR,ERR,ERR,ERR,ERR,ERR,ERR,ERR,ERR,ERR,ERR,ERR,ERR,ERR,ERR,ERR,ERR,ERR,ERR,ERR,ERR,ERR,ERR,ERR,ERR,ERR,ERR,ERR,ERR,ERR,ERR,ERR,ERR,ERR,ERR,ERR,ERR,ERR,ERR,ERR,ERR,ERR,ERR,ERR,ERR,ERR,ERR,ERR,ERR,ERR,ERR,ERR,ERR,ERR,ERR,ERR,ERR,ERR,ERR,ERR,ERR,ERR,ERR,ERR,2.7184278591402704e+23,0.0,-0.0,0.0,0.0,0.0,0.0,nan,0,0,0,32768,0,0.0,0,0.0,0.0,0.0,0.0,0.0,0,0,0,0,0.0,0,0,0,0,0,0,0,0,0,0,0,0,0,0,0,0,0,0,0,0,0,0,0,0,0,0,0,0,0,0,0,0,0,0,0,0,0,0,0,0,0,0,0,0,0.0,0.0,0.0,0.0,0.0,0.0,0.0,0.0,0.0,0.0,0.0,0.0,0.0,0.0,0.0,0.0,0.0,0.0,0.0,0.0,0.0,0.0,0.0,0.0,-2.004,0.0,0.0,0.0,0.0,0.0,3406.5,-0.0,0.0,2.7184278591402704e+23,0.0,-0.0,0.0,0.0,0.0,0.0,0.0,0,4.9504239556116174e+32,0.0,0.0,0.0,0.0,0.0,0.0,0.0,0.0,0,0,0,0.0,0.0,0.0,0.0,0.0,0.0,0.0,0.0,0.0,0.0,0.0,0.0,0.0,0.0,0.0,0.0,0,-107875648.0,0,0.0,0,-107875648.0,-107877712.0,0,39322,17039,13107,17054,0,17038,0,0,0,110,100,100,-0.0,64.0,0.0,64.5,0.0,69.0,1,49,50,180,13107,52429,0,0,0.0,0.0,0.0,0.0,-0.0,65.0,0.0,-0.774,0.0,646,0,689,0,0,0,719,0,791,0,710,0,690,0,645,0,643,0,615,0.032,55574528.0,-2.004,0.0,57232,16787,nan,-0.012,0.0,258302.875,1.5605690140175892e+18,0.0,29.0,60.0,70,0.0,0.0,0.0,0.0,0.0,0.0,0.0,0.0,0.0,0.0,0.0,0.0,0.0,0.0,0.0,0.0,59.2,69,11,65508,41,65476,0,300,0,0,8,20529,65476,0,0,61604,60.0,0.0,0.0,0.0,0.0,0.0
2026-04-04T11:12:44,ERR,ERR,ERR,ERR,ERR,ERR,ERR,ERR,ERR,ERR,ERR,ERR,ERR,ERR,ERR,ERR,ERR,ERR,ERR,ERR,ERR,ERR,ERR,ERR,ERR,ERR,ERR,ERR,ERR,ERR,ERR,ERR,ERR,ERR,ERR,ERR,ERR,ERR,ERR,ERR,ERR,ERR,ERR,ERR,ERR,ERR,ERR,ERR,ERR,ERR,ERR,ERR,ERR,ERR,ERR,ERR,ERR,ERR,ERR,ERR,ERR,ERR,ERR,ERR,ERR,ERR,ERR,ERR,ERR,ERR,ERR,ERR,ERR,ERR,ERR,ERR,ERR,ERR,ERR,ERR,ERR,ERR,ERR,ERR,ERR,ERR,ERR,ERR,ERR,ERR,ERR,ERR,ERR,ERR,ERR,ERR,ERR,ERR,ERR,ERR,ERR,ERR,ERR,ERR,ERR,ERR,ERR,ERR,ERR,ERR,ERR,ERR,ERR,ERR,ERR,ERR,ERR,ERR,ERR,ERR,ERR,ERR,ERR,ERR,ERR,2.7184278591402704e+23,0.0,-0.0,0.0,0.0,0.0,0.0,nan,0,0,0,32768,0,0.0,0,0.0,0.0,0.0,0.0,0.0,0,0,0,0,0.0,0,0,0,0,0,0,0,0,0,0,0,0,0,0,0,0,0,0,0,0,0,0,0,0,0,0,0,0,0,0,0,0,0,0,0,0,0,0,0,0,0,0,0,0,0.0,0.0,0.0,0.0,0.0,0.0,0.0,0.0,0.0,0.0,0.0,0.0,0.0,0.0,0.0,0.0,0.0,0.0,0.0,0.0,0.0,0.0,0.0,0.0,-2.004,0.0,0.0,0.0,0.0,0.0,3406.5,-0.0,0.0,2.7184278591402704e+23,0.0,-0.0,0.0,0.0,0.0,0.0,0.0,0,4.9504239556116174e+32,0.0,0.0,0.0,0.0,0.0,0.0,0.0,0.0,0,0,0,0.0,0.0,0.0,0.0,0.0,0.0,0.0,0.0,0.0,0.0,0.0,0.0,0.0,0.0,0.0,0.0,0,-107875648.0,0,0.0,0,-107875648.0,-107877712.0,0,39322,17039,13107,17054,0,17038,0,0,0,110,100,100,-0.0,64.0,0.0,64.5,0.0,69.0,1,49,50,180,13107,52429,0,0,0.0,0.0,0.0,0.0,-0.0,65.0,0.0,-0.774,0.0,646,0,689,0,0,0,719,0,791,0,710,0,690,0,645,0,643,0,615,0.032,55574528.0,-2.004,0.0,57232,16787,nan,-0.012,0.0,258302.875,1.5605690140175892e+18,0.0,29.0,60.0,70,0.0,0.0,0.0,0.0,0.0,0.0,0.0,0.0,0.0,0.0,0.0,0.0,0.0,0.0,0.0,0.0,59.2,69,11,65508,41,65476,0,300,0,0,8,20529,65476,0,0,61604,60.0,0.0,0.0,0.0,0.0,0.0
2026-04-04T11:12:45,ERR,ERR,ERR,ERR,ERR,ERR,ERR,ERR,ERR,ERR,ERR,ERR,ERR,ERR,ERR,ERR,ERR,ERR,ERR,ERR,ERR,ERR,ERR,ERR,ERR,ERR,ERR,ERR,ERR,ERR,ERR,ERR,ERR,ERR,ERR,ERR,ERR,ERR,ERR,ERR,ERR,ERR,ERR,ERR,ERR,ERR,ERR,ERR,ERR,ERR,ERR,ERR,ERR,ERR,ERR,ERR,ERR,ERR,ERR,ERR,ERR,ERR,ERR,ERR,ERR,ERR,ERR,ERR,ERR,ERR,ERR,ERR,ERR,ERR,ERR,ERR,ERR,ERR,ERR,ERR,ERR,ERR,ERR,ERR,ERR,ERR,ERR,ERR,ERR,ERR,ERR,ERR,ERR,ERR,ERR,ERR,ERR,ERR,ERR,ERR,ERR,ERR,ERR,ERR,ERR,ERR,ERR,ERR,ERR,ERR,ERR,ERR,ERR,ERR,ERR,ERR,ERR,ERR,ERR,ERR,ERR,ERR,ERR,ERR,ERR,2.7184278591402704e+23,0.0,-0.0,0.0,0.0,0.0,0.0,nan,0,0,0,32768,0,0.0,0,0.0,0.0,0.0,0.0,0.0,0,0,0,0,0.0,0,0,0,0,0,0,0,0,0,0,0,0,0,0,0,0,0,0,0,0,0,0,0,0,0,0,0,0,0,0,0,0,0,0,0,0,0,0,0,0,0,0,0,0,0.0,0.0,0.0,0.0,0.0,0.0,0.0,0.0,0.0,0.0,0.0,0.0,0.0,0.0,0.0,0.0,0.0,0.0,0.0,0.0,0.0,0.0,0.0,0.0,-2.004,0.0,0.0,0.0,0.0,0.0,3406.5,-0.0,0.0,2.7184278591402704e+23,0.0,-0.0,0.0,0.0,0.0,0.0,0.0,0,4.9504239556116174e+32,0.0,0.0,0.0,0.0,0.0,0.0,0.0,0.0,0,0,0,0.0,0.0,0.0,0.0,0.0,0.0,0.0,0.0,0.0,0.0,0.0,0.0,0.0,0.0,0.0,0.0,0,-107875648.0,0,0.0,0,-107875648.0,-107877712.0,0,39322,17039,13107,17054,0,17038,0,0,0,110,100,100,-0.0,64.0,0.0,64.5,0.0,69.0,1,49,50,180,13107,52429,0,0,0.0,0.0,0.0,0.0,-0.0,65.0,0.0,-0.774,0.0,646,0,689,0,0,0,719,0,791,0,710,0,690,0,645,0,643,0,615,0.032,55574528.0,-2.004,0.0,57232,16787,nan,-0.012,0.0,258302.875,1.5605690140175892e+18,0.0,29.0,60.0,70,0.0,0.0,0.0,0.0,0.0,0.0,0.0,0.0,0.0,0.0,0.0,0.0,0.0,0.0,0.0,0.0,59.2,69,11,65508,41,65476,0,300,0,0,8,20529,65476,0,0,61604,60.0,0.0,0.0,0.0,0.0,0.0
2026-04-04T11:12:46,ERR,ERR,ERR,ERR,ERR,ERR,ERR,ERR,ERR,ERR,ERR,ERR,ERR,ERR,ERR,ERR,ERR,ERR,ERR,ERR,ERR,ERR,ERR,ERR,ERR,ERR,ERR,ERR,ERR,ERR,ERR,ERR,ERR,ERR,ERR,ERR,ERR,ERR,ERR,ERR,ERR,ERR,ERR,ERR,ERR,ERR,ERR,ERR,ERR,ERR,ERR,ERR,ERR,ERR,ERR,ERR,ERR,ERR,ERR,ERR,ERR,ERR,ERR,ERR,ERR,ERR,ERR,ERR,ERR,ERR,ERR,ERR,ERR,ERR,ERR,ERR,ERR,ERR,ERR,ERR,ERR,ERR,ERR,ERR,ERR,ERR,ERR,ERR,ERR,ERR,ERR,ERR,ERR,ERR,ERR,ERR,ERR,ERR,ERR,ERR,ERR,ERR,ERR,ERR,ERR,ERR,ERR,ERR,ERR,ERR,ERR,ERR,ERR,ERR,ERR,ERR,ERR,ERR,ERR,ERR,ERR,ERR,ERR,ERR,ERR,2.7184278591402704e+23,0.0,-0.0,0.0,0.0,0.0,0.0,nan,0,0,0,32768,0,0.0,0,0.0,0.0,0.0,0.0,0.0,0,0,0,0,0.0,0,0,0,0,0,0,0,0,0,0,0,0,0,0,0,0,0,0,0,0,0,0,0,0,0,0,0,0,0,0,0,0,0,0,0,0,0,0,0,0,0,0,0,0,0.0,0.0,0.0,0.0,0.0,0.0,0.0,0.0,0.0,0.0,0.0,0.0,0.0,0.0,0.0,0.0,0.0,0.0,0.0,0.0,0.0,0.0,0.0,0.0,-2.004,0.0,0.0,0.0,0.0,0.0,3406.5,-0.0,0.0,2.7184278591402704e+23,0.0,-0.0,0.0,0.0,0.0,0.0,0.0,0,4.9504239556116174e+32,0.0,0.0,0.0,0.0,0.0,0.0,0.0,0.0,0,0,0,0.0,0.0,0.0,0.0,0.0,0.0,0.0,0.0,0.0,0.0,0.0,0.0,0.0,0.0,0.0,0.0,0,-107875648.0,0,0.0,0,-107875648.0,-107877712.0,0,52429,17039,13107,17054,13107,17038,0,0,0,110,100,100,-0.0,64.0,0.0,64.5,0.0,69.0,1,49,50,180,13107,52429,0,0,0.0,0.0,0.0,0.0,-0.0,65.0,0.0,-0.0,0.0,646,0,689,0,0,0,719,0,791,0,711,0,690,0,645,0,643,0,615,0.032,48234496.0,-2.004,0.0,63888,16787,-0.0,-5.664005990618971e+26,-0.0,0.0,-0.0,1.9827009665254479e+31,29.0,60.0,70,0.0,0.0,0.0,0.0,0.0,0.0,0.0,0.0,0.0,0.0,0.0,0.0,0.0,0.0,0.0,0.0,59.2,69,11,65508,41,65476,0,300,0,0,8,20529,65476,0,0,61604,60.0,0.0,0.0,0.0,0.0,0.0
2026-04-04T11:12:47,ERR,ERR,ERR,ERR,ERR,ERR,ERR,ERR,ERR,ERR,ERR,ERR,ERR,ERR,ERR,ERR,ERR,ERR,ERR,ERR,ERR,ERR,ERR,ERR,ERR,ERR,ERR,ERR,ERR,ERR,ERR,ERR,ERR,ERR,ERR,ERR,ERR,ERR,ERR,ERR,ERR,ERR,ERR,ERR,ERR,ERR,ERR,ERR,ERR,ERR,ERR,ERR,ERR,ERR,ERR,ERR,ERR,ERR,ERR,ERR,ERR,ERR,ERR,ERR,ERR,ERR,ERR,ERR,ERR,ERR,ERR,ERR,ERR,ERR,ERR,ERR,ERR,ERR,ERR,ERR,ERR,ERR,ERR,ERR,ERR,ERR,ERR,ERR,ERR,ERR,ERR,ERR,ERR,ERR,ERR,ERR,ERR,ERR,ERR,ERR,ERR,ERR,ERR,ERR,ERR,ERR,ERR,ERR,ERR,ERR,ERR,ERR,ERR,ERR,ERR,ERR,ERR,ERR,ERR,ERR,ERR,ERR,ERR,ERR,ERR,2.7184278591402704e+23,0.0,-0.0,0.0,0.0,0.0,0.0,nan,0,0,0,32768,0,0.0,0,0.0,0.0,0.0,0.0,0.0,0,0,0,0,0.0,0,0,0,0,0,0,0,0,0,0,0,0,0,0,0,0,0,0,0,0,0,0,0,0,0,0,0,0,0,0,0,0,0,0,0,0,0,0,0,0,0,0,0,0,0.0,0.0,0.0,0.0,0.0,0.0,0.0,0.0,0.0,0.0,0.0,0.0,0.0,0.0,0.0,0.0,0.0,0.0,0.0,0.0,0.0,0.0,0.0,0.0,-2.004,0.0,0.0,0.0,0.0,0.0,3406.5,-0.0,0.0,2.7184278591402704e+23,0.0,-0.0,0.0,0.0,0.0,0.0,0.0,0,4.9504239556116174e+32,0.0,0.0,0.0,0.0,0.0,0.0,0.0,0.0,0,0,0,0.0,0.0,0.0,0.0,0.0,0.0,0.0,0.0,0.0,0.0,0.0,0.0,0.0,0.0,0.0,0.0,0,-107875648.0,0,0.0,0,-107875648.0,-107877712.0,0,52429,17039,13107,17054,13107,17038,0,0,0,110,100,100,-0.0,64.0,0.0,64.5,0.0,69.0,1,49,50,180,13107,52429,0,0,0.0,0.0,0.0,0.0,-0.0,65.0,0.0,-0.0,0.0,646,0,689,0,0,0,719,0,791,0,711,0,690,0,645,0,643,0,615,0.032,48234496.0,-2.004,0.0,63888,16787,-0.0,-5.664005990618971e+26,-0.0,0.0,-0.0,1.9827009665254479e+31,29.0,60.0,70,0.0,0.0,0.0,0.0,0.0,0.0,0.0,0.0,0.0,0.0,0.0,0.0,0.0,0.0,0.0,0.0,59.6,69,11,65508,41,65476,0,300,0,0,8,20529,65476,0,0,61604,60.0,0.0,0.0,0.0,0.0,0.0
2026-04-04T11:12:48,ERR,ERR,ERR,ERR,ERR,ERR,ERR,ERR,ERR,ERR,ERR,ERR,ERR,ERR,ERR,ERR,ERR,ERR,ERR,ERR,ERR,ERR,ERR,ERR,ERR,ERR,ERR,ERR,ERR,ERR,ERR,ERR,ERR,ERR,ERR,ERR,ERR,ERR,ERR,ERR,ERR,ERR,ERR,ERR,ERR,ERR,ERR,ERR,ERR,ERR,ERR,ERR,ERR,ERR,ERR,ERR,ERR,ERR,ERR,ERR,ERR,ERR,ERR,ERR,ERR,ERR,ERR,ERR,ERR,ERR,ERR,ERR,ERR,ERR,ERR,ERR,ERR,ERR,ERR,ERR,ERR,ERR,ERR,ERR,ERR,ERR,ERR,ERR,ERR,ERR,ERR,ERR,ERR,ERR,ERR,ERR,ERR,ERR,ERR,ERR,ERR,ERR,ERR,ERR,ERR,ERR,ERR,ERR,ERR,ERR,ERR,ERR,ERR,ERR,ERR,ERR,ERR,ERR,ERR,ERR,ERR,ERR,ERR,ERR,ERR,2.7184278591402704e+23,0.0,-0.0,0.0,0.0,0.0,0.0,nan,0,0,0,32768,0,0.0,0,0.0,0.0,0.0,0.0,0.0,0,0,0,0,0.0,0,0,0,0,0,0,0,0,0,0,0,0,0,0,0,0,0,0,0,0,0,0,0,0,0,0,0,0,0,0,0,0,0,0,0,0,0,0,0,0,0,0,0,0,0.0,0.0,0.0,0.0,0.0,0.0,0.0,0.0,0.0,0.0,0.0,0.0,0.0,0.0,0.0,0.0,0.0,0.0,0.0,0.0,0.0,0.0,0.0,0.0,-2.004,0.0,0.0,0.0,0.0,0.0,3406.5,-0.0,0.0,2.7184278591402704e+23,0.0,-0.0,0.0,0.0,0.0,0.0,0.0,0,4.9504239556116174e+32,0.0,0.0,0.0,0.0,0.0,0.0,0.0,0.0,0,0,0,0.0,0.0,0.0,0.0,0.0,0.0,0.0,0.0,0.0,0.0,0.0,0.0,0.0,0.0,0.0,0.0,0,-107875648.0,0,0.0,0,-107875648.0,-107877712.0,0,52429,17039,13107,17054,13107,17038,0,0,0,110,100,100,-0.0,64.0,0.0,64.5,0.0,69.0,1,49,50,180,13107,52429,0,0,0.0,0.0,0.0,0.0,-0.0,65.0,0.0,-0.0,0.0,646,0,689,0,0,0,719,0,791,0,711,0,690,0,645,0,643,0,615,0.032,48234496.0,-2.004,0.0,63888,16787,-0.0,-5.664005990618971e+26,-0.0,0.0,-0.0,1.9827009665254479e+31,29.0,60.0,70,0.0,0.0,0.0,0.0,0.0,0.0,0.0,0.0,0.0,0.0,0.0,0.0,0.0,0.0,0.0,0.0,59.6,69,11,65508,41,65476,0,300,0,0,8,20529,65476,0,0,61604,60.0,0.0,0.0,0.0,0.0,0.0
2026-04-04T11:12:49,ERR,ERR,ERR,ERR,ERR,ERR,ERR,ERR,ERR,ERR,ERR,ERR,ERR,ERR,ERR,ERR,ERR,ERR,ERR,ERR,ERR,ERR,ERR,ERR,ERR,ERR,ERR,ERR,ERR,ERR,ERR,ERR,ERR,ERR,ERR,ERR,ERR,ERR,ERR,ERR,ERR,ERR,ERR,ERR,ERR,ERR,ERR,ERR,ERR,ERR,ERR,ERR,ERR,ERR,ERR,ERR,ERR,ERR,ERR,ERR,ERR,ERR,ERR,ERR,ERR,ERR,ERR,ERR,ERR,ERR,ERR,ERR,ERR,ERR,ERR,ERR,ERR,ERR,ERR,ERR,ERR,ERR,ERR,ERR,ERR,ERR,ERR,ERR,ERR,ERR,ERR,ERR,ERR,ERR,ERR,ERR,ERR,ERR,ERR,ERR,ERR,ERR,ERR,ERR,ERR,ERR,ERR,ERR,ERR,ERR,ERR,ERR,ERR,ERR,ERR,ERR,ERR,ERR,ERR,ERR,ERR,ERR,ERR,ERR,ERR,2.7184278591402704e+23,0.0,-0.0,0.0,0.0,0.0,0.0,nan,0,0,0,32768,0,0.0,0,0.0,0.0,0.0,0.0,0.0,0,0,0,0,0.0,0,0,0,0,0,0,0,0,0,0,0,0,0,0,0,0,0,0,0,0,0,0,0,0,0,0,0,0,0,0,0,0,0,0,0,0,0,0,0,0,0,0,0,0,0.0,0.0,0.0,0.0,0.0,0.0,0.0,0.0,0.0,0.0,0.0,0.0,0.0,0.0,0.0,0.0,0.0,0.0,0.0,0.0,0.0,0.0,0.0,0.0,-2.004,0.0,0.0,0.0,0.0,0.0,3406.5,-0.0,0.0,2.7184278591402704e+23,0.0,-0.0,0.0,0.0,0.0,0.0,0.0,0,4.9504239556116174e+32,0.0,0.0,0.0,0.0,0.0,0.0,0.0,0.0,0,0,0,0.0,0.0,0.0,0.0,0.0,0.0,0.0,0.0,0.0,0.0,0.0,0.0,0.0,0.0,0.0,0.0,0,-107875648.0,0,0.0,0,-107875648.0,-107877712.0,0,52429,17039,13107,17054,13107,17038,0,0,0,110,100,100,-0.0,64.0,0.0,64.5,0.0,69.0,1,49,50,180,13107,52429,0,0,0.0,0.0,0.0,0.0,-0.0,65.0,0.0,-0.0,0.0,646,0,689,0,0,0,719,0,791,0,711,0,690,0,645,0,643,0,615,0.032,48234496.0,-2.004,0.0,63888,16787,-0.0,-5.664005990618971e+26,-0.0,0.0,-0.0,1.9827009665254479e+31,29.0,60.0,70,0.0,0.0,0.0,0.0,0.0,0.0,0.0,0.0,0.0,0.0,0.0,0.0,0.0,0.0,0.0,0.0,59.6,69,11,65508,41,65476,0,300,0,0,8,20529,65476,0,0,61604,60.0,0.0,0.0,0.0,0.0,0.0
2026-04-04T11:12:50,ERR,ERR,ERR,ERR,ERR,ERR,ERR,ERR,ERR,ERR,ERR,ERR,ERR,ERR,ERR,ERR,ERR,ERR,ERR,ERR,ERR,ERR,ERR,ERR,ERR,ERR,ERR,ERR,ERR,ERR,ERR,ERR,ERR,ERR,ERR,ERR,ERR,ERR,ERR,ERR,ERR,ERR,ERR,ERR,ERR,ERR,ERR,ERR,ERR,ERR,ERR,ERR,ERR,ERR,ERR,ERR,ERR,ERR,ERR,ERR,ERR,ERR,ERR,ERR,ERR,ERR,ERR,ERR,ERR,ERR,ERR,ERR,ERR,ERR,ERR,ERR,ERR,ERR,ERR,ERR,ERR,ERR,ERR,ERR,ERR,ERR,ERR,ERR,ERR,ERR,ERR,ERR,ERR,ERR,ERR,ERR,ERR,ERR,ERR,ERR,ERR,ERR,ERR,ERR,ERR,ERR,ERR,ERR,ERR,ERR,ERR,ERR,ERR,ERR,ERR,ERR,ERR,ERR,ERR,ERR,ERR,ERR,ERR,ERR,ERR,2.7184278591402704e+23,0.0,-0.0,0.0,0.0,0.0,0.0,nan,0,0,0,32768,0,0.0,0,0.0,0.0,0.0,0.0,0.0,0,0,0,0,0.0,0,0,0,0,0,0,0,0,0,0,0,0,0,0,0,0,0,0,0,0,0,0,0,0,0,0,0,0,0,0,0,0,0,0,0,0,0,0,0,0,0,0,0,0,0.0,0.0,0.0,0.0,0.0,0.0,0.0,0.0,0.0,0.0,0.0,0.0,0.0,0.0,0.0,0.0,0.0,0.0,0.0,0.0,0.0,0.0,0.0,0.0,-2.004,0.0,0.0,0.0,0.0,0.0,3406.5,-0.0,0.0,2.7184278591402704e+23,0.0,-0.0,0.0,0.0,0.0,0.0,0.0,0,4.9504239556116174e+32,0.0,0.0,0.0,0.0,0.0,0.0,0.0,0.0,0,0,0,0.0,0.0,0.0,0.0,0.0,0.0,0.0,0.0,0.0,0.0,0.0,0.0,0.0,0.0,0.0,0.0,0,-107875648.0,0,0.0,0,-107875648.0,-107877712.0,0,52429,17039,13107,17054,13107,17038,0,0,0,110,100,100,-0.0,64.0,0.0,64.5,0.0,69.0,1,49,50,180,13107,52429,0,0,0.0,0.0,0.0,0.0,-0.0,65.0,0.0,-0.0,0.0,646,0,689,0,0,0,719,0,791,0,711,0,690,0,645,0,643,0,615,0.032,48234496.0,-2.004,0.0,63888,16787,-0.0,-5.664005990618971e+26,-0.0,0.0,-0.0,1.9827009665254479e+31,29.0,60.0,70,0.0,0.0,0.0,0.0,0.0,0.0,0.0,0.0,0.0,0.0,0.0,0.0,0.0,0.0,0.0,0.0,59.2,69,11,65508,41,65476,0,300,0,0,8,20529,65476,0,0,61604,60.0,0.0,0.0,0.0,0.0,0.0
2026-04-04T11:12:51,ERR,ERR,ERR,ERR,ERR,ERR,ERR,ERR,ERR,ERR,ERR,ERR,ERR,ERR,ERR,ERR,ERR,ERR,ERR,ERR,ERR,ERR,ERR,ERR,ERR,ERR,ERR,ERR,ERR,ERR,ERR,ERR,ERR,ERR,ERR,ERR,ERR,ERR,ERR,ERR,ERR,ERR,ERR,ERR,ERR,ERR,ERR,ERR,ERR,ERR,ERR,ERR,ERR,ERR,ERR,ERR,ERR,ERR,ERR,ERR,ERR,ERR,ERR,ERR,ERR,ERR,ERR,ERR,ERR,ERR,ERR,ERR,ERR,ERR,ERR,ERR,ERR,ERR,ERR,ERR,ERR,ERR,ERR,ERR,ERR,ERR,ERR,ERR,ERR,ERR,ERR,ERR,ERR,ERR,ERR,ERR,ERR,ERR,ERR,ERR,ERR,ERR,ERR,ERR,ERR,ERR,ERR,ERR,ERR,ERR,ERR,ERR,ERR,ERR,ERR,ERR,ERR,ERR,ERR,ERR,ERR,ERR,ERR,ERR,ERR,2.7184278591402704e+23,0.0,-0.0,0.0,0.0,0.0,0.0,nan,0,0,0,32768,0,0.0,0,0.0,0.0,0.0,0.0,0.0,0,0,0,0,0.0,0,0,0,0,0,0,0,0,0,0,0,0,0,0,0,0,0,0,0,0,0,0,0,0,0,0,0,0,0,0,0,0,0,0,0,0,0,0,0,0,0,0,0,0,0.0,0.0,0.0,0.0,0.0,0.0,0.0,0.0,0.0,0.0,0.0,0.0,0.0,0.0,0.0,0.0,0.0,0.0,0.0,0.0,0.0,0.0,0.0,0.0,-2.004,0.0,0.0,0.0,0.0,0.0,3405.5,3.697154467689818e+19,0.0,2.7184278591402704e+23,0.0,-0.0,0.0,0.0,0.0,0.0,0.0,0,4.0668755697950344e+29,0.0,0.0,0.0,0.0,0.0,0.0,0.0,0.0,0,0,0,0.0,0.0,0.0,0.0,0.0,0.0,0.0,0.0,0.0,0.0,0.0,0.0,0.0,0.0,0.0,0.0,0,-107875648.0,0,0.0,0,-107875648.0,-107877712.0,0,52429,17039,13107,17054,13107,17038,0,0,0,110,100,100,-0.0,64.0,0.0,64.5,0.0,69.0,1,49,50,180,13107,52429,0,0,0.0,0.0,0.0,0.0,-0.0,65.0,0.0,-0.0,0.0,646,0,689,0,0,0,719,0,791,0,711,0,690,0,645,0,643,0,615,0.032,48234496.0,-2.004,0.0,63888,16787,-0.0,-5.664005990618971e+26,-0.0,0.0,-0.0,1.9827009665254479e+31,29.0,60.0,70,0.0,0.0,0.0,0.0,0.0,0.0,0.0,0.0,0.0,0.0,0.0,0.0,0.0,0.0,0.0,0.0,59.2,69,11,65508,41,65476,0,300,0,0,8,20529,65476,0,0,61604,60.0,0.0,0.0,0.0,0.0,0.0
2026-04-04T11:12:52,ERR,ERR,ERR,ERR,ERR,ERR,ERR,ERR,ERR,ERR,ERR,ERR,ERR,ERR,ERR,ERR,ERR,ERR,ERR,ERR,ERR,ERR,ERR,ERR,ERR,ERR,ERR,ERR,ERR,ERR,ERR,ERR,ERR,ERR,ERR,ERR,ERR,ERR,ERR,ERR,ERR,ERR,ERR,ERR,ERR,ERR,ERR,ERR,ERR,ERR,ERR,ERR,ERR,ERR,ERR,ERR,ERR,ERR,ERR,ERR,ERR,ERR,ERR,ERR,ERR,ERR,ERR,ERR,ERR,ERR,ERR,ERR,ERR,ERR,ERR,ERR,ERR,ERR,ERR,ERR,ERR,ERR,ERR,ERR,ERR,ERR,ERR,ERR,ERR,ERR,ERR,ERR,ERR,ERR,ERR,ERR,ERR,ERR,ERR,ERR,ERR,ERR,ERR,ERR,ERR,ERR,ERR,ERR,ERR,ERR,ERR,ERR,ERR,ERR,ERR,ERR,ERR,ERR,ERR,ERR,ERR,ERR,ERR,ERR,ERR,2.7184278591402704e+23,0.0,-0.0,0.0,0.0,0.0,0.0,nan,0,0,0,32768,0,0.0,0,0.0,0.0,0.0,0.0,0.0,0,0,0,0,0.0,0,0,0,0,0,0,0,0,0,0,0,0,0,0,0,0,0,0,0,0,0,0,0,0,0,0,0,0,0,0,0,0,0,0,0,0,0,0,0,0,0,0,0,0,0.0,0.0,0.0,0.0,0.0,0.0,0.0,0.0,0.0,0.0,0.0,0.0,0.0,0.0,0.0,0.0,0.0,0.0,0.0,0.0,0.0,0.0,0.0,0.0,-2.004,0.0,0.0,0.0,0.0,0.0,3405.5,3.697154467689818e+19,0.0,2.7184278591402704e+23,0.0,-0.0,0.0,0.0,0.0,0.0,0.0,0,4.0668755697950344e+29,0.0,0.0,0.0,0.0,0.0,0.0,0.0,0.0,0,0,0,0.0,0.0,0.0,0.0,0.0,0.0,0.0,0.0,0.0,0.0,0.0,0.0,0.0,0.0,0.0,0.0,0,-107875648.0,0,0.0,0,-107875648.0,-107877712.0,0,52429,17039,13107,17054,0,17038,0,0,0,110,100,100,-0.0,64.0,0.0,64.5,0.0,69.0,1,49,50,180,13107,52429,0,0,0.0,0.0,0.0,0.0,-0.0,65.0,0.0,0.0,0.0,646,0,689,0,0,0,719,0,791,0,711,0,690,0,645,0,643,0,615,0.032,49807360.0,-2.004,0.0,53520,16787,-0.0,0.0,-0.0,0.0,-0.0,5.845745983605965e+18,29.0,60.0,70,0.0,0.0,0.0,0.0,0.0,0.0,0.0,0.0,0.0,0.0,0.0,0.0,0.0,0.0,0.0,0.0,59.2,69,11,65508,41,65476,0,300,0,0,8,20529,65476,0,0,61604,60.0,0.0,0.0,0.0,0.0,0.0
2026-04-04T11:12:53,ERR,ERR,ERR,ERR,ERR,ERR,ERR,ERR,ERR,ERR,ERR,ERR,ERR,ERR,ERR,ERR,ERR,ERR,ERR,ERR,ERR,ERR,ERR,ERR,ERR,ERR,ERR,ERR,ERR,ERR,ERR,ERR,ERR,ERR,ERR,ERR,ERR,ERR,ERR,ERR,ERR,ERR,ERR,ERR,ERR,ERR,ERR,ERR,ERR,ERR,ERR,ERR,ERR,ERR,ERR,ERR,ERR,ERR,ERR,ERR,ERR,ERR,ERR,ERR,ERR,ERR,ERR,ERR,ERR,ERR,ERR,ERR,ERR,ERR,ERR,ERR,ERR,ERR,ERR,ERR,ERR,ERR,ERR,ERR,ERR,ERR,ERR,ERR,ERR,ERR,ERR,ERR,ERR,ERR,ERR,ERR,ERR,ERR,ERR,ERR,ERR,ERR,ERR,ERR,ERR,ERR,ERR,ERR,ERR,ERR,ERR,ERR,ERR,ERR,ERR,ERR,ERR,ERR,ERR,ERR,ERR,ERR,ERR,ERR,ERR,2.7184278591402704e+23,0.0,-0.0,0.0,0.0,0.0,0.0,nan,0,0,0,32768,0,0.0,0,0.0,0.0,0.0,0.0,0.0,0,0,0,0,0.0,0,0,0,0,0,0,0,0,0,0,0,0,0,0,0,0,0,0,0,0,0,0,0,0,0,0,0,0,0,0,0,0,0,0,0,0,0,0,0,0,0,0,0,0,0.0,0.0,0.0,0.0,0.0,0.0,0.0,0.0,0.0,0.0,0.0,0.0,0.0,0.0,0.0,0.0,0.0,0.0,0.0,0.0,0.0,0.0,0.0,0.0,-2.004,0.0,0.0,0.0,0.0,0.0,3405.5,3.697154467689818e+19,0.0,2.7184278591402704e+23,0.0,-0.0,0.0,0.0,0.0,0.0,0.0,0,4.0668755697950344e+29,0.0,0.0,0.0,0.0,0.0,0.0,0.0,0.0,0,0,0,0.0,0.0,0.0,0.0,0.0,0.0,0.0,0.0,0.0,0.0,0.0,0.0,0.0,0.0,0.0,0.0,0,-107875648.0,0,0.0,0,-107875648.0,-107877712.0,0,52429,17039,13107,17054,0,17038,0,0,0,110,100,100,-0.0,64.0,0.0,64.5,0.0,69.0,1,49,50,180,13107,52429,0,0,0.0,0.0,0.0,0.0,-0.0,65.0,0.0,0.0,0.0,646,0,689,0,0,0,719,0,791,0,711,0,690,0,645,0,643,0,615,0.032,49807360.0,-2.004,0.0,53520,16787,-0.0,0.0,-0.0,0.0,-0.0,5.845745983605965e+18,29.0,60.0,70,0.0,0.0,0.0,0.0,0.0,0.0,0.0,0.0,0.0,0.0,0.0,0.0,0.0,0.0,0.0,0.0,59.2,69,11,65508,41,65476,0,300,0,0,8,20529,65476,0,0,61604,60.0,0.0,0.0,0.0,0.0,0.0
2026-04-04T11:12:54,ERR,ERR,ERR,ERR,ERR,ERR,ERR,ERR,ERR,ERR,ERR,ERR,ERR,ERR,ERR,ERR,ERR,ERR,ERR,ERR,ERR,ERR,ERR,ERR,ERR,ERR,ERR,ERR,ERR,ERR,ERR,ERR,ERR,ERR,ERR,ERR,ERR,ERR,ERR,ERR,ERR,ERR,ERR,ERR,ERR,ERR,ERR,ERR,ERR,ERR,ERR,ERR,ERR,ERR,ERR,ERR,ERR,ERR,ERR,ERR,ERR,ERR,ERR,ERR,ERR,ERR,ERR,ERR,ERR,ERR,ERR,ERR,ERR,ERR,ERR,ERR,ERR,ERR,ERR,ERR,ERR,ERR,ERR,ERR,ERR,ERR,ERR,ERR,ERR,ERR,ERR,ERR,ERR,ERR,ERR,ERR,ERR,ERR,ERR,ERR,ERR,ERR,ERR,ERR,ERR,ERR,ERR,ERR,ERR,ERR,ERR,ERR,ERR,ERR,ERR,ERR,ERR,ERR,ERR,ERR,ERR,ERR,ERR,ERR,ERR,2.7184278591402704e+23,0.0,-0.0,0.0,0.0,0.0,0.0,nan,0,0,0,32768,0,0.0,0,0.0,0.0,0.0,0.0,0.0,0,0,0,0,0.0,0,0,0,0,0,0,0,0,0,0,0,0,0,0,0,0,0,0,0,0,0,0,0,0,0,0,0,0,0,0,0,0,0,0,0,0,0,0,0,0,0,0,0,0,0.0,0.0,0.0,0.0,0.0,0.0,0.0,0.0,0.0,0.0,0.0,0.0,0.0,0.0,0.0,0.0,0.0,0.0,0.0,0.0,0.0,0.0,0.0,0.0,-2.004,0.0,0.0,0.0,0.0,0.0,3405.5,3.697154467689818e+19,0.0,2.7184278591402704e+23,0.0,-0.0,0.0,0.0,0.0,0.0,0.0,0,4.0668755697950344e+29,0.0,0.0,0.0,0.0,0.0,0.0,0.0,0.0,0,0,0,0.0,0.0,0.0,0.0,0.0,0.0,0.0,0.0,0.0,0.0,0.0,0.0,0.0,0.0,0.0,0.0,0,-107875648.0,0,0.0,0,-107875648.0,-107877712.0,0,52429,17039,13107,17054,0,17038,0,0,0,110,100,100,-0.0,64.0,0.0,64.5,0.0,69.0,1,49,50,180,13107,52429,0,0,0.0,0.0,0.0,0.0,-0.0,65.0,0.0,0.0,0.0,646,0,689,0,0,0,719,0,791,0,711,0,690,0,645,0,643,0,615,0.032,49807360.0,-2.004,0.0,53520,16787,-0.0,0.0,-0.0,0.0,-0.0,5.845745983605965e+18,29.0,60.0,70,0.0,0.0,0.0,0.0,0.0,0.0,0.0,0.0,0.0,0.0,0.0,0.0,0.0,0.0,0.0,0.0,59.2,69,11,65508,41,65476,0,300,0,0,8,20529,65476,0,0,61604,60.0,0.0,0.0,0.0,0.0,0.0
2026-04-04T11:12:55,ERR,ERR,ERR,ERR,ERR,ERR,ERR,ERR,ERR,ERR,ERR,ERR,ERR,ERR,ERR,ERR,ERR,ERR,ERR,ERR,ERR,ERR,ERR,ERR,ERR,ERR,ERR,ERR,ERR,ERR,ERR,ERR,ERR,ERR,ERR,ERR,ERR,ERR,ERR,ERR,ERR,ERR,ERR,ERR,ERR,ERR,ERR,ERR,ERR,ERR,ERR,ERR,ERR,ERR,ERR,ERR,ERR,ERR,ERR,ERR,ERR,ERR,ERR,ERR,ERR,ERR,ERR,ERR,ERR,ERR,ERR,ERR,ERR,ERR,ERR,ERR,ERR,ERR,ERR,ERR,ERR,ERR,ERR,ERR,ERR,ERR,ERR,ERR,ERR,ERR,ERR,ERR,ERR,ERR,ERR,ERR,ERR,ERR,ERR,ERR,ERR,ERR,ERR,ERR,ERR,ERR,ERR,ERR,ERR,ERR,ERR,ERR,ERR,ERR,ERR,ERR,ERR,ERR,ERR,ERR,ERR,ERR,ERR,ERR,ERR,2.7184278591402704e+23,0.0,-0.0,0.0,0.0,0.0,0.0,nan,0,0,0,32768,0,0.0,0,0.0,0.0,0.0,0.0,0.0,0,0,0,0,0.0,0,0,0,0,0,0,0,0,0,0,0,0,0,0,0,0,0,0,0,0,0,0,0,0,0,0,0,0,0,0,0,0,0,0,0,0,0,0,0,0,0,0,0,0,0.0,0.0,0.0,0.0,0.0,0.0,0.0,0.0,0.0,0.0,0.0,0.0,0.0,0.0,0.0,0.0,0.0,0.0,0.0,0.0,0.0,0.0,0.0,0.0,-2.004,0.0,0.0,0.0,0.0,0.0,3405.5,3.697154467689818e+19,0.0,2.7184278591402704e+23,0.0,-0.0,0.0,0.0,0.0,0.0,0.0,0,4.0668755697950344e+29,0.0,0.0,0.0,0.0,0.0,0.0,0.0,0.0,0,0,0,0.0,0.0,0.0,0.0,0.0,0.0,0.0,0.0,0.0,0.0,0.0,0.0,0.0,0.0,0.0,0.0,0,-107875648.0,0,0.0,0,-107875648.0,-107877712.0,0,52429,17039,13107,17054,0,17038,0,0,0,110,100,100,-0.0,64.0,0.0,64.5,0.0,69.0,1,49,50,180,13107,52429,0,0,0.0,0.0,0.0,0.0,-0.0,65.0,0.0,0.0,0.0,646,0,689,0,0,0,719,0,791,0,711,0,690,0,645,0,643,0,615,0.032,49807360.0,-2.004,0.0,53520,16787,-0.0,0.0,-0.0,0.0,-0.0,5.845745983605965e+18,29.0,60.0,70,0.0,0.0,0.0,0.0,0.0,0.0,0.0,0.0,0.0,0.0,0.0,0.0,0.0,0.0,0.0,0.0,59.6,69,11,65508,41,65476,0,300,0,0,8,20529,65476,0,0,61604,60.0,0.0,0.0,0.0,0.0,0.0
2026-04-04T11:12:56,ERR,ERR,ERR,ERR,ERR,ERR,ERR,ERR,ERR,ERR,ERR,ERR,ERR,ERR,ERR,ERR,ERR,ERR,ERR,ERR,ERR,ERR,ERR,ERR,ERR,ERR,ERR,ERR,ERR,ERR,ERR,ERR,ERR,ERR,ERR,ERR,ERR,ERR,ERR,ERR,ERR,ERR,ERR,ERR,ERR,ERR,ERR,ERR,ERR,ERR,ERR,ERR,ERR,ERR,ERR,ERR,ERR,ERR,ERR,ERR,ERR,ERR,ERR,ERR,ERR,ERR,ERR,ERR,ERR,ERR,ERR,ERR,ERR,ERR,ERR,ERR,ERR,ERR,ERR,ERR,ERR,ERR,ERR,ERR,ERR,ERR,ERR,ERR,ERR,ERR,ERR,ERR,ERR,ERR,ERR,ERR,ERR,ERR,ERR,ERR,ERR,ERR,ERR,ERR,ERR,ERR,ERR,ERR,ERR,ERR,ERR,ERR,ERR,ERR,ERR,ERR,ERR,ERR,ERR,ERR,ERR,ERR,ERR,ERR,ERR,2.7184278591402704e+23,0.0,-0.0,0.0,0.0,0.0,0.0,nan,0,0,0,32768,0,0.0,0,0.0,0.0,0.0,0.0,0.0,0,0,0,0,0.0,0,0,0,0,0,0,0,0,0,0,0,0,0,0,0,0,0,0,0,0,0,0,0,0,0,0,0,0,0,0,0,0,0,0,0,0,0,0,0,0,0,0,0,0,0.0,0.0,0.0,0.0,0.0,0.0,0.0,0.0,0.0,0.0,0.0,0.0,0.0,0.0,0.0,0.0,0.0,0.0,0.0,0.0,0.0,0.0,0.0,0.0,-2.004,0.0,0.0,0.0,0.0,0.0,3405.5,3.697154467689818e+19,0.0,2.7184278591402704e+23,0.0,-0.0,0.0,0.0,0.0,0.0,0.0,0,4.0668755697950344e+29,0.0,0.0,0.0,0.0,0.0,0.0,0.0,0.0,0,0,0,0.0,0.0,0.0,0.0,0.0,0.0,0.0,0.0,0.0,0.0,0.0,0.0,0.0,0.0,0.0,0.0,0,-107875648.0,0,0.0,0,-107875648.0,-107877712.0,0,52429,17039,13107,17054,0,17038,0,0,0,110,100,100,-0.0,64.0,0.0,64.5,0.0,69.0,1,49,50,180,13107,52429,0,0,0.0,0.0,0.0,0.0,-0.0,65.0,0.0,0.0,0.0,646,0,689,0,0,0,719,0,791,0,711,0,690,0,645,0,643,0,615,0.032,49807360.0,-2.004,0.0,53520,16787,-0.0,0.0,-0.0,0.0,-0.0,5.845745983605965e+18,29.0,60.0,70,0.0,0.0,0.0,0.0,0.0,0.0,0.0,0.0,0.0,0.0,0.0,0.0,0.0,0.0,0.0,0.0,59.6,69,11,65508,41,65476,0,300,0,0,8,20529,65476,0,0,61604,60.0,0.0,0.0,0.0,0.0,0.0
2026-04-04T11:12:57,ERR,ERR,ERR,ERR,ERR,ERR,ERR,ERR,ERR,ERR,ERR,ERR,ERR,ERR,ERR,ERR,ERR,ERR,ERR,ERR,ERR,ERR,ERR,ERR,ERR,ERR,ERR,ERR,ERR,ERR,ERR,ERR,ERR,ERR,ERR,ERR,ERR,ERR,ERR,ERR,ERR,ERR,ERR,ERR,ERR,ERR,ERR,ERR,ERR,ERR,ERR,ERR,ERR,ERR,ERR,ERR,ERR,ERR,ERR,ERR,ERR,ERR,ERR,ERR,ERR,ERR,ERR,ERR,ERR,ERR,ERR,ERR,ERR,ERR,ERR,ERR,ERR,ERR,ERR,ERR,ERR,ERR,ERR,ERR,ERR,ERR,ERR,ERR,ERR,ERR,ERR,ERR,ERR,ERR,ERR,ERR,ERR,ERR,ERR,ERR,ERR,ERR,ERR,ERR,ERR,ERR,ERR,ERR,ERR,ERR,ERR,ERR,ERR,ERR,ERR,ERR,ERR,ERR,ERR,ERR,ERR,ERR,ERR,ERR,ERR,2.7184278591402704e+23,0.0,-0.0,0.0,0.0,0.0,0.0,nan,0,0,0,32768,0,0.0,0,0.0,0.0,0.0,0.0,0.0,0,0,0,0,0.0,0,0,0,0,0,0,0,0,0,0,0,0,0,0,0,0,0,0,0,0,0,0,0,0,0,0,0,0,0,0,0,0,0,0,0,0,0,0,0,0,0,0,0,0,0.0,0.0,0.0,0.0,0.0,0.0,0.0,0.0,0.0,0.0,0.0,0.0,0.0,0.0,0.0,0.0,0.0,0.0,0.0,0.0,0.0,0.0,0.0,0.0,-2.004,0.0,0.0,0.0,0.0,0.0,3405.5,3.697154467689818e+19,0.0,2.7184278591402704e+23,0.0,-0.0,0.0,0.0,0.0,0.0,0.0,0,4.0668755697950344e+29,0.0,0.0,0.0,0.0,0.0,0.0,0.0,0.0,0,0,0,0.0,0.0,0.0,0.0,0.0,0.0,0.0,0.0,0.0,0.0,0.0,0.0,0.0,0.0,0.0,0.0,0,-107875648.0,0,0.0,0,-107875648.0,-107877712.0,0,52429,17039,13107,17054,0,17038,0,0,0,110,100,100,-0.0,64.0,0.0,64.5,0.0,69.0,1,49,50,180,13107,52429,0,0,0.0,0.0,0.0,0.0,-0.0,65.0,0.0,0.0,0.0,646,0,689,0,0,0,719,0,791,0,711,0,690,0,645,0,643,0,615,0.032,49807360.0,-2.004,0.0,53520,16787,-0.0,0.0,-0.0,0.0,-0.0,5.845745983605965e+18,29.0,60.0,70,0.0,0.0,0.0,0.0,0.0,0.0,0.0,0.0,0.0,0.0,0.0,0.0,0.0,0.0,0.0,0.0,59.6,69,11,65508,41,65476,0,300,0,0,8,20529,65476,0,0,61604,60.0,0.0,0.0,0.0,0.0,0.0
2026-04-04T11:12:58,ERR,ERR,ERR,ERR,ERR,ERR,ERR,ERR,ERR,ERR,ERR,ERR,ERR,ERR,ERR,ERR,ERR,ERR,ERR,ERR,ERR,ERR,ERR,ERR,ERR,ERR,ERR,ERR,ERR,ERR,ERR,ERR,ERR,ERR,ERR,ERR,ERR,ERR,ERR,ERR,ERR,ERR,ERR,ERR,ERR,ERR,ERR,ERR,ERR,ERR,ERR,ERR,ERR,ERR,ERR,ERR,ERR,ERR,ERR,ERR,ERR,ERR,ERR,ERR,ERR,ERR,ERR,ERR,ERR,ERR,ERR,ERR,ERR,ERR,ERR,ERR,ERR,ERR,ERR,ERR,ERR,ERR,ERR,ERR,ERR,ERR,ERR,ERR,ERR,ERR,ERR,ERR,ERR,ERR,ERR,ERR,ERR,ERR,ERR,ERR,ERR,ERR,ERR,ERR,ERR,ERR,ERR,ERR,ERR,ERR,ERR,ERR,ERR,ERR,ERR,ERR,ERR,ERR,ERR,ERR,ERR,ERR,ERR,ERR,ERR,2.7184278591402704e+23,0.0,-0.0,0.0,0.0,0.0,0.0,nan,0,0,0,32768,0,0.0,0,0.0,0.0,0.0,0.0,0.0,0,0,0,0,0.0,0,0,0,0,0,0,0,0,0,0,0,0,0,0,0,0,0,0,0,0,0,0,0,0,0,0,0,0,0,0,0,0,0,0,0,0,0,0,0,0,0,0,0,0,0.0,0.0,0.0,0.0,0.0,0.0,0.0,0.0,0.0,0.0,0.0,0.0,0.0,0.0,0.0,0.0,0.0,0.0,0.0,0.0,0.0,0.0,0.0,0.0,-2.004,0.0,0.0,0.0,0.0,0.0,3406.5,8608108544.0,0.0,2.7184278591402704e+23,0.0,-0.0,0.0,0.0,0.0,0.0,0.0,0,5.8480786593265204e+35,-2.3088166164207816e+20,0.0,0.0,0.0,0.0,0.0,0.0,0.0,0,0,0,0.0,0.0,0.0,0.0,0.0,0.0,0.0,0.0,0.0,0.0,0.0,0.0,0.0,0.0,0.0,0.0,0,-107875648.0,0,0.0,0,-107875648.0,-107877712.0,0,39322,17039,13107,17054,13107,17038,0,0,0,110,100,100,-0.0,64.0,0.0,64.5,0.0,69.0,1,49,50,180,13107,52429,0,0,0.0,0.0,0.0,0.0,-0.0,65.0,0.0,-7.596078690247588e+33,0.0,645,0,689,0,0,0,718,0,791,0,710,0,690,0,645,0,643,0,615,0.032,55574528.0,-2.004,0.0,60688,16787,1.5009618912706413e+35,-2.3737745907023712e+32,105601.258,0.0,5.6897478685715105e+25,0.0,29.0,60.0,70,0.0,0.0,0.0,0.0,0.0,0.0,0.0,0.0,0.0,0.0,0.0,0.0,0.0,0.0,0.0,0.0,59.2,69,11,65508,41,65476,0,300,0,0,8,20529,65476,0,0,61604,60.0,0.0,0.0,0.0,0.0,0.0
2026-04-04T11:12:59,ERR,ERR,ERR,ERR,ERR,ERR,ERR,ERR,ERR,ERR,ERR,ERR,ERR,ERR,ERR,ERR,ERR,ERR,ERR,ERR,ERR,ERR,ERR,ERR,ERR,ERR,ERR,ERR,ERR,ERR,ERR,ERR,ERR,ERR,ERR,ERR,ERR,ERR,ERR,ERR,ERR,ERR,ERR,ERR,ERR,ERR,ERR,ERR,ERR,ERR,ERR,ERR,ERR,ERR,ERR,ERR,ERR,ERR,ERR,ERR,ERR,ERR,ERR,ERR,ERR,ERR,ERR,ERR,ERR,ERR,ERR,ERR,ERR,ERR,ERR,ERR,ERR,ERR,ERR,ERR,ERR,ERR,ERR,ERR,ERR,ERR,ERR,ERR,ERR,ERR,ERR,ERR,ERR,ERR,ERR,ERR,ERR,ERR,ERR,ERR,ERR,ERR,ERR,ERR,ERR,ERR,ERR,ERR,ERR,ERR,ERR,ERR,ERR,ERR,ERR,ERR,ERR,ERR,ERR,ERR,ERR,ERR,ERR,ERR,ERR,2.7184278591402704e+23,0.0,-0.0,0.0,0.0,0.0,0.0,nan,0,0,0,32768,0,0.0,0,0.0,0.0,0.0,0.0,0.0,0,0,0,0,0.0,0,0,0,0,0,0,0,0,0,0,0,0,0,0,0,0,0,0,0,0,0,0,0,0,0,0,0,0,0,0,0,0,0,0,0,0,0,0,0,0,0,0,0,0,0.0,0.0,0.0,0.0,0.0,0.0,0.0,0.0,0.0,0.0,0.0,0.0,0.0,0.0,0.0,0.0,0.0,0.0,0.0,0.0,0.0,0.0,0.0,0.0,-2.004,0.0,0.0,0.0,0.0,0.0,3406.5,8608108544.0,0.0,2.7184278591402704e+23,0.0,-0.0,0.0,0.0,0.0,0.0,0.0,0,5.8480786593265204e+35,-2.3088166164207816e+20,0.0,0.0,0.0,0.0,0.0,0.0,0.0,0,0,0,0.0,0.0,0.0,0.0,0.0,0.0,0.0,0.0,0.0,0.0,0.0,0.0,0.0,0.0,0.0,0.0,0,-107875648.0,0,0.0,0,-107875648.0,-107877712.0,0,39322,17039,13107,17054,13107,17038,0,0,0,110,100,100,-0.0,64.0,0.0,64.5,0.0,69.0,1,49,50,180,13107,52429,0,0,0.0,0.0,0.0,0.0,-0.0,65.0,0.0,-7.596078690247588e+33,0.0,645,0,689,0,0,0,718,0,791,0,710,0,690,0,645,0,643,0,615,0.032,55574528.0,-2.004,0.0,60688,16787,1.5009618912706413e+35,-2.3737745907023712e+32,105601.258,0.0,5.6897478685715105e+25,0.0,29.0,60.0,70,0.0,0.0,0.0,0.0,0.0,0.0,0.0,0.0,0.0,0.0,0.0,0.0,0.0,0.0,0.0,0.0,59.2,69,11,65508,41,65476,0,300,0,0,8,20529,65476,0,0,61604,60.0,0.0,0.0,0.0,0.0,0.0
2026-04-04T11:13:00,ERR,ERR,ERR,ERR,ERR,ERR,ERR,ERR,ERR,ERR,ERR,ERR,ERR,ERR,ERR,ERR,ERR,ERR,ERR,ERR,ERR,ERR,ERR,ERR,ERR,ERR,ERR,ERR,ERR,ERR,ERR,ERR,ERR,ERR,ERR,ERR,ERR,ERR,ERR,ERR,ERR,ERR,ERR,ERR,ERR,ERR,ERR,ERR,ERR,ERR,ERR,ERR,ERR,ERR,ERR,ERR,ERR,ERR,ERR,ERR,ERR,ERR,ERR,ERR,ERR,ERR,ERR,ERR,ERR,ERR,ERR,ERR,ERR,ERR,ERR,ERR,ERR,ERR,ERR,ERR,ERR,ERR,ERR,ERR,ERR,ERR,ERR,ERR,ERR,ERR,ERR,ERR,ERR,ERR,ERR,ERR,ERR,ERR,ERR,ERR,ERR,ERR,ERR,ERR,ERR,ERR,ERR,ERR,ERR,ERR,ERR,ERR,ERR,ERR,ERR,ERR,ERR,ERR,ERR,ERR,ERR,ERR,ERR,ERR,ERR,2.7184278591402704e+23,0.0,-0.0,0.0,0.0,0.0,0.0,nan,0,0,0,32768,0,0.0,0,0.0,0.0,0.0,0.0,0.0,0,0,0,0,0.0,0,0,0,0,0,0,0,0,0,0,0,0,0,0,0,0,0,0,0,0,0,0,0,0,0,0,0,0,0,0,0,0,0,0,0,0,0,0,0,0,0,0,0,0,0.0,0.0,0.0,0.0,0.0,0.0,0.0,0.0,0.0,0.0,0.0,0.0,0.0,0.0,0.0,0.0,0.0,0.0,0.0,0.0,0.0,0.0,0.0,0.0,-2.004,0.0,0.0,0.0,0.0,0.0,3406.5,8608108544.0,0.0,2.7184278591402704e+23,0.0,-0.0,0.0,0.0,0.0,0.0,0.0,0,5.8480786593265204e+35,-2.3088166164207816e+20,0.0,0.0,0.0,0.0,0.0,0.0,0.0,0,0,0,0.0,0.0,0.0,0.0,0.0,0.0,0.0,0.0,0.0,0.0,0.0,0.0,0.0,0.0,0.0,0.0,0,-107875648.0,0,0.0,0,-107875648.0,-107877712.0,0,39322,17039,13107,17054,13107,17038,0,0,0,110,100,100,-0.0,64.0,0.0,64.5,0.0,69.0,1,49,50,180,13107,52429,0,0,0.0,0.0,0.0,0.0,-0.0,65.0,0.0,-7.596078690247588e+33,0.0,645,0,689,0,0,0,718,0,791,0,710,0,690,0,645,0,643,0,615,0.032,55574528.0,-2.004,0.0,60688,16787,1.5009618912706413e+35,-2.3737745907023712e+32,105601.258,0.0,5.6897478685715105e+25,0.0,29.0,60.0,70,0.0,0.0,0.0,0.0,0.0,0.0,0.0,0.0,0.0,0.0,0.0,0.0,0.0,0.0,0.0,0.0,59.6,69,11,65508,41,65476,0,300,0,0,8,20529,65476,0,0,61604,60.0,0.0,0.0,0.0,0.0,0.0
2026-04-04T11:13:01,ERR,ERR,ERR,ERR,ERR,ERR,ERR,ERR,ERR,ERR,ERR,ERR,ERR,ERR,ERR,ERR,ERR,ERR,ERR,ERR,ERR,ERR,ERR,ERR,ERR,ERR,ERR,ERR,ERR,ERR,ERR,ERR,ERR,ERR,ERR,ERR,ERR,ERR,ERR,ERR,ERR,ERR,ERR,ERR,ERR,ERR,ERR,ERR,ERR,ERR,ERR,ERR,ERR,ERR,ERR,ERR,ERR,ERR,ERR,ERR,ERR,ERR,ERR,ERR,ERR,ERR,ERR,ERR,ERR,ERR,ERR,ERR,ERR,ERR,ERR,ERR,ERR,ERR,ERR,ERR,ERR,ERR,ERR,ERR,ERR,ERR,ERR,ERR,ERR,ERR,ERR,ERR,ERR,ERR,ERR,ERR,ERR,ERR,ERR,ERR,ERR,ERR,ERR,ERR,ERR,ERR,ERR,ERR,ERR,ERR,ERR,ERR,ERR,ERR,ERR,ERR,ERR,ERR,ERR,ERR,ERR,ERR,ERR,ERR,ERR,2.7184278591402704e+23,0.0,-0.0,0.0,0.0,0.0,0.0,nan,0,0,0,32768,0,0.0,0,0.0,0.0,0.0,0.0,0.0,0,0,0,0,0.0,0,0,0,0,0,0,0,0,0,0,0,0,0,0,0,0,0,0,0,0,0,0,0,0,0,0,0,0,0,0,0,0,0,0,0,0,0,0,0,0,0,0,0,0,0.0,0.0,0.0,0.0,0.0,0.0,0.0,0.0,0.0,0.0,0.0,0.0,0.0,0.0,0.0,0.0,0.0,0.0,0.0,0.0,0.0,0.0,0.0,0.0,-2.004,0.0,0.0,0.0,0.0,0.0,3406.5,8608108544.0,0.0,2.7184278591402704e+23,0.0,-0.0,0.0,0.0,0.0,0.0,0.0,0,5.8480786593265204e+35,-2.3088166164207816e+20,0.0,0.0,0.0,0.0,0.0,0.0,0.0,0,0,0,0.0,0.0,0.0,0.0,0.0,0.0,0.0,0.0,0.0,0.0,0.0,0.0,0.0,0.0,0.0,0.0,0,-107875648.0,0,0.0,0,-107875648.0,-107877712.0,0,39322,17039,13107,17054,13107,17038,0,0,0,110,100,100,-0.0,64.0,0.0,64.5,0.0,69.0,1,49,50,180,13107,52429,0,0,0.0,0.0,0.0,0.0,-0.0,65.0,0.0,-7.596078690247588e+33,0.0,645,0,689,0,0,0,718,0,791,0,710,0,690,0,645,0,643,0,615,0.032,55574528.0,-2.004,0.0,60688,16787,1.5009618912706413e+35,-2.3737745907023712e+32,105601.258,0.0,5.6897478685715105e+25,0.0,29.0,60.0,70,0.0,0.0,0.0,0.0,0.0,0.0,0.0,0.0,0.0,0.0,0.0,0.0,0.0,0.0,0.0,0.0,59.6,69,11,65508,41,65476,0,300,0,0,8,20529,65476,0,0,61604,60.0,0.0,0.0,0.0,0.0,0.0
2026-04-04T11:13:02,ERR,ERR,ERR,ERR,ERR,ERR,ERR,ERR,ERR,ERR,ERR,ERR,ERR,ERR,ERR,ERR,ERR,ERR,ERR,ERR,ERR,ERR,ERR,ERR,ERR,ERR,ERR,ERR,ERR,ERR,ERR,ERR,ERR,ERR,ERR,ERR,ERR,ERR,ERR,ERR,ERR,ERR,ERR,ERR,ERR,ERR,ERR,ERR,ERR,ERR,ERR,ERR,ERR,ERR,ERR,ERR,ERR,ERR,ERR,ERR,ERR,ERR,ERR,ERR,ERR,ERR,ERR,ERR,ERR,ERR,ERR,ERR,ERR,ERR,ERR,ERR,ERR,ERR,ERR,ERR,ERR,ERR,ERR,ERR,ERR,ERR,ERR,ERR,ERR,ERR,ERR,ERR,ERR,ERR,ERR,ERR,ERR,ERR,ERR,ERR,ERR,ERR,ERR,ERR,ERR,ERR,ERR,ERR,ERR,ERR,ERR,ERR,ERR,ERR,ERR,ERR,ERR,ERR,ERR,ERR,ERR,ERR,ERR,ERR,ERR,2.7184278591402704e+23,0.0,-0.0,0.0,0.0,0.0,0.0,nan,0,0,0,32768,0,0.0,0,0.0,0.0,0.0,0.0,0.0,0,0,0,0,0.0,0,0,0,0,0,0,0,0,0,0,0,0,0,0,0,0,0,0,0,0,0,0,0,0,0,0,0,0,0,0,0,0,0,0,0,0,0,0,0,0,0,0,0,0,0.0,0.0,0.0,0.0,0.0,0.0,0.0,0.0,0.0,0.0,0.0,0.0,0.0,0.0,0.0,0.0,0.0,0.0,0.0,0.0,0.0,0.0,0.0,0.0,-2.004,0.0,0.0,0.0,0.0,0.0,3406.5,8608108544.0,0.0,2.7184278591402704e+23,0.0,-0.0,0.0,0.0,0.0,0.0,0.0,0,5.8480786593265204e+35,-2.3088166164207816e+20,0.0,0.0,0.0,0.0,0.0,0.0,0.0,0,0,0,0.0,0.0,0.0,0.0,0.0,0.0,0.0,0.0,0.0,0.0,0.0,0.0,0.0,0.0,0.0,0.0,0,-107875648.0,0,0.0,0,-107875648.0,-107877712.0,0,39322,17039,13107,17054,0,17038,0,0,0,110,100,100,-0.0,64.0,0.0,64.5,0.0,69.0,1,49,50,180,13107,52429,0,0,0.0,0.0,0.0,0.0,-0.0,65.0,0.0,0.0,0.0,646,0,689,0,0,0,719,0,791,0,711,0,690,0,645,0,643,0,615,0.032,46399488.0,-2.004,0.0,3216,16788,-0.0,0.0,-20640.314,-45432430592.0,-0.006,-0.0,29.0,60.0,70,0.0,0.0,0.0,0.0,0.0,0.0,0.0,0.0,0.0,0.0,0.0,0.0,0.0,0.0,0.0,0.0,59.6,69,11,65508,41,65476,0,300,0,0,8,20529,65476,0,0,61604,60.0,0.0,0.0,0.0,0.0,0.0
2026-04-04T11:13:03,ERR,ERR,ERR,ERR,ERR,ERR,ERR,ERR,ERR,ERR,ERR,ERR,ERR,ERR,ERR,ERR,ERR,ERR,ERR,ERR,ERR,ERR,ERR,ERR,ERR,ERR,ERR,ERR,ERR,ERR,ERR,ERR,ERR,ERR,ERR,ERR,ERR,ERR,ERR,ERR,ERR,ERR,ERR,ERR,ERR,ERR,ERR,ERR,ERR,ERR,ERR,ERR,ERR,ERR,ERR,ERR,ERR,ERR,ERR,ERR,ERR,ERR,ERR,ERR,ERR,ERR,ERR,ERR,ERR,ERR,ERR,ERR,ERR,ERR,ERR,ERR,ERR,ERR,ERR,ERR,ERR,ERR,ERR,ERR,ERR,ERR,ERR,ERR,ERR,ERR,ERR,ERR,ERR,ERR,ERR,ERR,ERR,ERR,ERR,ERR,ERR,ERR,ERR,ERR,ERR,ERR,ERR,ERR,ERR,ERR,ERR,ERR,ERR,ERR,ERR,ERR,ERR,ERR,ERR,ERR,ERR,ERR,ERR,ERR,ERR,2.7184278591402704e+23,0.0,-0.0,0.0,0.0,0.0,0.0,nan,0,0,0,32768,0,0.0,0,0.0,0.0,0.0,0.0,0.0,0,0,0,0,0.0,0,0,0,0,0,0,0,0,0,0,0,0,0,0,0,0,0,0,0,0,0,0,0,0,0,0,0,0,0,0,0,0,0,0,0,0,0,0,0,0,0,0,0,0,0.0,0.0,0.0,0.0,0.0,0.0,0.0,0.0,0.0,0.0,0.0,0.0,0.0,0.0,0.0,0.0,0.0,0.0,0.0,0.0,0.0,0.0,0.0,0.0,-2.004,0.0,0.0,0.0,0.0,0.0,3406.5,8608108544.0,0.0,2.7184278591402704e+23,0.0,-0.0,0.0,0.0,0.0,0.0,0.0,0,5.8480786593265204e+35,-2.3088166164207816e+20,0.0,0.0,0.0,0.0,0.0,0.0,0.0,0,0,0,0.0,0.0,0.0,0.0,0.0,0.0,0.0,0.0,0.0,0.0,0.0,0.0,0.0,0.0,0.0,0.0,0,-107875648.0,0,0.0,0,-107875648.0,-107877712.0,0,39322,17039,13107,17054,0,17038,0,0,0,110,100,100,-0.0,64.0,0.0,64.5,0.0,69.0,1,49,50,180,13107,52429,0,0,0.0,0.0,0.0,0.0,-0.0,65.0,0.0,0.0,0.0,646,0,689,0,0,0,719,0,791,0,711,0,690,0,645,0,643,0,615,0.032,46399488.0,-2.004,0.0,3216,16788,-0.0,0.0,-20640.314,-45432430592.0,-0.006,-0.0,29.0,60.0,70,0.0,0.0,0.0,0.0,0.0,0.0,0.0,0.0,0.0,0.0,0.0,0.0,0.0,0.0,0.0,0.0,59.6,69,11,65508,41,65476,0,300,0,0,8,20529,65476,0,0,61604,60.0,0.0,0.0,0.0,0.0,0.0
2026-04-04T11:13:04,ERR,ERR,ERR,ERR,ERR,ERR,ERR,ERR,ERR,ERR,ERR,ERR,ERR,ERR,ERR,ERR,ERR,ERR,ERR,ERR,ERR,ERR,ERR,ERR,ERR,ERR,ERR,ERR,ERR,ERR,ERR,ERR,ERR,ERR,ERR,ERR,ERR,ERR,ERR,ERR,ERR,ERR,ERR,ERR,ERR,ERR,ERR,ERR,ERR,ERR,ERR,ERR,ERR,ERR,ERR,ERR,ERR,ERR,ERR,ERR,ERR,ERR,ERR,ERR,ERR,ERR,ERR,ERR,ERR,ERR,ERR,ERR,ERR,ERR,ERR,ERR,ERR,ERR,ERR,ERR,ERR,ERR,ERR,ERR,ERR,ERR,ERR,ERR,ERR,ERR,ERR,ERR,ERR,ERR,ERR,ERR,ERR,ERR,ERR,ERR,ERR,ERR,ERR,ERR,ERR,ERR,ERR,ERR,ERR,ERR,ERR,ERR,ERR,ERR,ERR,ERR,ERR,ERR,ERR,ERR,ERR,ERR,ERR,ERR,ERR,2.7184278591402704e+23,0.0,-0.0,0.0,0.0,0.0,0.0,nan,0,0,0,32768,0,0.0,0,0.0,0.0,0.0,0.0,0.0,0,0,0,0,0.0,0,0,0,0,0,0,0,0,0,0,0,0,0,0,0,0,0,0,0,0,0,0,0,0,0,0,0,0,0,0,0,0,0,0,0,0,0,0,0,0,0,0,0,0,0.0,0.0,0.0,0.0,0.0,0.0,0.0,0.0,0.0,0.0,0.0,0.0,0.0,0.0,0.0,0.0,0.0,0.0,0.0,0.0,0.0,0.0,0.0,0.0,-2.004,0.0,0.0,0.0,0.0,0.0,3406.5,8608108544.0,0.0,2.7184278591402704e+23,0.0,-0.0,0.0,0.0,0.0,0.0,0.0,0,5.8480786593265204e+35,-2.3088166164207816e+20,0.0,0.0,0.0,0.0,0.0,0.0,0.0,0,0,0,0.0,0.0,0.0,0.0,0.0,0.0,0.0,0.0,0.0,0.0,0.0,0.0,0.0,0.0,0.0,0.0,0,-107875648.0,0,0.0,0,-107875648.0,-107877712.0,0,39322,17039,13107,17054,0,17038,0,0,0,110,100,100,-0.0,64.0,0.0,64.5,0.0,69.0,1,49,50,180,13107,52429,0,0,0.0,0.0,0.0,0.0,-0.0,65.0,0.0,0.0,0.0,646,0,689,0,0,0,719,0,791,0,711,0,690,0,645,0,643,0,615,0.032,46399488.0,-2.004,0.0,3216,16788,-0.0,0.0,-20640.314,-45432430592.0,-0.006,-0.0,29.0,60.0,70,0.0,0.0,0.0,0.0,0.0,0.0,0.0,0.0,0.0,0.0,0.0,0.0,0.0,0.0,0.0,0.0,59.2,69,11,65508,41,65476,0,300,0,0,8,20529,65476,0,0,61604,60.0,0.0,0.0,0.0,0.0,0.0
2026-04-04T11:13:05,ERR,ERR,ERR,ERR,ERR,ERR,ERR,ERR,ERR,ERR,ERR,ERR,ERR,ERR,ERR,ERR,ERR,ERR,ERR,ERR,ERR,ERR,ERR,ERR,ERR,ERR,ERR,ERR,ERR,ERR,ERR,ERR,ERR,ERR,ERR,ERR,ERR,ERR,ERR,ERR,ERR,ERR,ERR,ERR,ERR,ERR,ERR,ERR,ERR,ERR,ERR,ERR,ERR,ERR,ERR,ERR,ERR,ERR,ERR,ERR,ERR,ERR,ERR,ERR,ERR,ERR,ERR,ERR,ERR,ERR,ERR,ERR,ERR,ERR,ERR,ERR,ERR,ERR,ERR,ERR,ERR,ERR,ERR,ERR,ERR,ERR,ERR,ERR,ERR,ERR,ERR,ERR,ERR,ERR,ERR,ERR,ERR,ERR,ERR,ERR,ERR,ERR,ERR,ERR,ERR,ERR,ERR,ERR,ERR,ERR,ERR,ERR,ERR,ERR,ERR,ERR,ERR,ERR,ERR,ERR,ERR,ERR,ERR,ERR,ERR,2.7184278591402704e+23,0.0,-0.0,0.0,0.0,0.0,0.0,nan,0,0,0,32768,0,0.0,0,0.0,0.0,0.0,0.0,0.0,0,0,0,0,0.0,0,0,0,0,0,0,0,0,0,0,0,0,0,0,0,0,0,0,0,0,0,0,0,0,0,0,0,0,0,0,0,0,0,0,0,0,0,0,0,0,0,0,0,0,0.0,0.0,0.0,0.0,0.0,0.0,0.0,0.0,0.0,0.0,0.0,0.0,0.0,0.0,0.0,0.0,0.0,0.0,0.0,0.0,0.0,0.0,0.0,0.0,-2.004,2.004,0.0,0.0,0.0,0.0,3406.0,8608108544.0,0.0,2.7184278591402704e+23,0.0,-0.0,0.0,0.0,0.0,0.0,0.0,0,5.8480786593265204e+35,-2.3088166164207816e+20,0.0,0.0,0.0,0.0,0.0,0.0,0.0,0,0,0,0.0,0.0,0.0,0.0,0.0,0.0,0.0,0.0,0.0,0.0,0.0,0.0,0.0,0.0,0.0,0.0,0,-107875648.0,0,0.0,0,-107875648.0,-107877712.0,0,39322,17039,13107,17054,0,17038,0,0,0,110,100,100,-0.0,64.0,0.0,64.5,0.0,69.0,1,49,50,180,13107,52429,0,0,0.0,0.0,0.0,0.0,-0.0,65.0,0.0,0.0,0.0,646,0,689,0,0,0,719,0,791,0,711,0,690,0,645,0,643,0,615,0.032,46399488.0,-2.004,0.0,3216,16788,-0.0,0.0,-20640.314,-45432430592.0,-0.006,-0.0,29.0,60.0,70,0.0,0.0,0.0,0.0,0.0,0.0,0.0,0.0,0.0,0.0,0.0,0.0,0.0,0.0,0.0,0.0,59.2,69,11,65508,41,65476,0,300,0,0,8,20529,65476,0,0,61604,60.0,0.0,0.0,0.0,0.0,0.0
2026-04-04T11:13:06,ERR,ERR,ERR,ERR,ERR,ERR,ERR,ERR,ERR,ERR,ERR,ERR,ERR,ERR,ERR,ERR,ERR,ERR,ERR,ERR,ERR,ERR,ERR,ERR,ERR,ERR,ERR,ERR,ERR,ERR,ERR,ERR,ERR,ERR,ERR,ERR,ERR,ERR,ERR,ERR,ERR,ERR,ERR,ERR,ERR,ERR,ERR,ERR,ERR,ERR,ERR,ERR,ERR,ERR,ERR,ERR,ERR,ERR,ERR,ERR,ERR,ERR,ERR,ERR,ERR,ERR,ERR,ERR,ERR,ERR,ERR,ERR,ERR,ERR,ERR,ERR,ERR,ERR,ERR,ERR,ERR,ERR,ERR,ERR,ERR,ERR,ERR,ERR,ERR,ERR,ERR,ERR,ERR,ERR,ERR,ERR,ERR,ERR,ERR,ERR,ERR,ERR,ERR,ERR,ERR,ERR,ERR,ERR,ERR,ERR,ERR,ERR,ERR,ERR,ERR,ERR,ERR,ERR,ERR,ERR,ERR,ERR,ERR,ERR,ERR,2.7184278591402704e+23,0.0,-0.0,0.0,0.0,0.0,0.0,nan,0,0,0,32768,0,0.0,0,0.0,0.0,0.0,0.0,0.0,0,0,0,0,0.0,0,0,0,0,0,0,0,0,0,0,0,0,0,0,0,0,0,0,0,0,0,0,0,0,0,0,0,0,0,0,0,0,0,0,0,0,0,0,0,0,0,0,0,0,0.0,0.0,0.0,0.0,0.0,0.0,0.0,0.0,0.0,0.0,0.0,0.0,0.0,0.0,0.0,0.0,0.0,0.0,0.0,0.0,0.0,0.0,0.0,0.0,-2.004,2.004,0.0,0.0,0.0,0.0,3406.0,8608108544.0,0.0,2.7184278591402704e+23,0.0,-0.0,0.0,0.0,0.0,0.0,0.0,0,5.8480786593265204e+35,-2.3088166164207816e+20,0.0,0.0,0.0,0.0,0.0,0.0,0.0,0,0,0,0.0,0.0,0.0,0.0,0.0,0.0,0.0,0.0,0.0,0.0,0.0,0.0,0.0,0.0,0.0,0.0,0,-107875648.0,0,0.0,0,-107875648.0,-107877712.0,0,39322,17039,13107,17054,0,17038,0,0,0,110,100,100,-0.0,64.0,0.0,64.5,0.0,69.0,1,49,50,180,13107,52429,0,0,0.0,0.0,0.0,0.0,-0.0,65.0,0.0,0.0,0.0,646,0,689,0,0,0,719,0,791,0,711,0,690,0,645,0,643,0,615,0.032,46399488.0,-2.004,0.0,3216,16788,-0.0,0.0,-20640.314,-45432430592.0,-0.006,-0.0,29.0,60.0,70,0.0,0.0,0.0,0.0,0.0,0.0,0.0,0.0,0.0,0.0,0.0,0.0,0.0,0.0,0.0,0.0,59.2,69,11,65508,41,65476,0,300,0,0,8,20529,65476,0,0,61604,60.0,0.0,0.0,0.0,0.0,0.0
2026-04-04T11:13:07,ERR,ERR,ERR,ERR,ERR,ERR,ERR,ERR,ERR,ERR,ERR,ERR,ERR,ERR,ERR,ERR,ERR,ERR,ERR,ERR,ERR,ERR,ERR,ERR,ERR,ERR,ERR,ERR,ERR,ERR,ERR,ERR,ERR,ERR,ERR,ERR,ERR,ERR,ERR,ERR,ERR,ERR,ERR,ERR,ERR,ERR,ERR,ERR,ERR,ERR,ERR,ERR,ERR,ERR,ERR,ERR,ERR,ERR,ERR,ERR,ERR,ERR,ERR,ERR,ERR,ERR,ERR,ERR,ERR,ERR,ERR,ERR,ERR,ERR,ERR,ERR,ERR,ERR,ERR,ERR,ERR,ERR,ERR,ERR,ERR,ERR,ERR,ERR,ERR,ERR,ERR,ERR,ERR,ERR,ERR,ERR,ERR,ERR,ERR,ERR,ERR,ERR,ERR,ERR,ERR,ERR,ERR,ERR,ERR,ERR,ERR,ERR,ERR,ERR,ERR,ERR,ERR,ERR,ERR,ERR,ERR,ERR,ERR,ERR,ERR,2.7184278591402704e+23,0.0,-0.0,0.0,0.0,0.0,0.0,nan,0,0,0,32768,0,0.0,0,0.0,0.0,0.0,0.0,0.0,0,0,0,0,0.0,0,0,0,0,0,0,0,0,0,0,0,0,0,0,0,0,0,0,0,0,0,0,0,0,0,0,0,0,0,0,0,0,0,0,0,0,0,0,0,0,0,0,0,0,0.0,0.0,0.0,0.0,0.0,0.0,0.0,0.0,0.0,0.0,0.0,0.0,0.0,0.0,0.0,0.0,0.0,0.0,0.0,0.0,0.0,0.0,0.0,0.0,-2.004,2.004,0.0,0.0,0.0,0.0,3406.0,8608108544.0,0.0,2.7184278591402704e+23,0.0,-0.0,0.0,0.0,0.0,0.0,0.0,0,5.8480786593265204e+35,-2.3088166164207816e+20,0.0,0.0,0.0,0.0,0.0,0.0,0.0,0,0,0,0.0,0.0,0.0,0.0,0.0,0.0,0.0,0.0,0.0,0.0,0.0,0.0,0.0,0.0,0.0,0.0,0,-107875648.0,0,0.0,0,-107875648.0,-107877712.0,0,39322,17039,13107,17054,0,17038,0,0,0,110,100,100,-0.0,64.0,0.0,64.5,0.0,69.0,1,49,50,180,13107,52429,0,0,0.0,0.0,0.0,0.0,-0.0,65.0,0.0,0.0,0.0,646,0,689,0,0,0,719,0,791,0,711,0,690,0,645,0,643,0,615,0.032,46399488.0,-2.004,0.0,3216,16788,-0.0,0.0,-20640.314,-45432430592.0,-0.006,-0.0,29.0,60.0,70,0.0,0.0,0.0,0.0,0.0,0.0,0.0,0.0,0.0,0.0,0.0,0.0,0.0,0.0,0.0,0.0,59.6,69,11,65508,41,65476,0,300,0,0,8,20529,65476,0,0,61604,60.0,0.0,0.0,0.0,0.0,0.0
2026-04-04T11:13:08,ERR,ERR,ERR,ERR,ERR,ERR,ERR,ERR,ERR,ERR,ERR,ERR,ERR,ERR,ERR,ERR,ERR,ERR,ERR,ERR,ERR,ERR,ERR,ERR,ERR,ERR,ERR,ERR,ERR,ERR,ERR,ERR,ERR,ERR,ERR,ERR,ERR,ERR,ERR,ERR,ERR,ERR,ERR,ERR,ERR,ERR,ERR,ERR,ERR,ERR,ERR,ERR,ERR,ERR,ERR,ERR,ERR,ERR,ERR,ERR,ERR,ERR,ERR,ERR,ERR,ERR,ERR,ERR,ERR,ERR,ERR,ERR,ERR,ERR,ERR,ERR,ERR,ERR,ERR,ERR,ERR,ERR,ERR,ERR,ERR,ERR,ERR,ERR,ERR,ERR,ERR,ERR,ERR,ERR,ERR,ERR,ERR,ERR,ERR,ERR,ERR,ERR,ERR,ERR,ERR,ERR,ERR,ERR,ERR,ERR,ERR,ERR,ERR,ERR,ERR,ERR,ERR,ERR,ERR,ERR,ERR,ERR,ERR,ERR,ERR,2.7184278591402704e+23,0.0,-0.0,0.0,0.0,0.0,0.0,nan,0,0,0,32768,0,0.0,0,0.0,0.0,0.0,0.0,0.0,0,0,0,0,0.0,0,0,0,0,0,0,0,0,0,0,0,0,0,0,0,0,0,0,0,0,0,0,0,0,0,0,0,0,0,0,0,0,0,0,0,0,0,0,0,0,0,0,0,0,0.0,0.0,0.0,0.0,0.0,0.0,0.0,0.0,0.0,0.0,0.0,0.0,0.0,0.0,0.0,0.0,0.0,0.0,0.0,0.0,0.0,0.0,0.0,0.0,-2.004,2.004,0.0,0.0,0.0,0.0,3406.0,8608108544.0,0.0,2.7184278591402704e+23,0.0,-0.0,0.0,0.0,0.0,0.0,0.0,0,5.8480786593265204e+35,-2.3088166164207816e+20,0.0,0.0,0.0,0.0,0.0,0.0,0.0,0,0,0,0.0,0.0,0.0,0.0,0.0,0.0,0.0,0.0,0.0,0.0,0.0,0.0,0.0,0.0,0.0,0.0,0,-107875648.0,0,0.0,0,-107875648.0,-107877712.0,0,52429,17039,13107,17054,0,17038,0,0,0,110,100,100,-0.0,64.0,0.0,64.5,0.0,69.0,1,49,50,180,13107,52429,0,0,0.0,0.0,0.0,0.0,-0.0,65.0,0.0,0.0,0.0,646,0,689,0,0,0,718,0,791,0,710,0,690,0,645,0,643,0,615,0.032,55836672.0,-2.004,0.0,55440,16787,-0.0,0.001,-226776974360576.0,-0.0,-6824.255,-0.0,29.0,60.0,70,0.0,0.0,0.0,0.0,0.0,0.0,0.0,0.0,0.0,0.0,0.0,0.0,0.0,0.0,0.0,0.0,59.6,69,11,65508,41,65476,0,300,0,0,8,20529,65476,0,0,61604,60.0,0.0,0.0,0.0,0.0,0.0
2026-04-04T11:13:09,ERR,ERR,ERR,ERR,ERR,ERR,ERR,ERR,ERR,ERR,ERR,ERR,ERR,ERR,ERR,ERR,ERR,ERR,ERR,ERR,ERR,ERR,ERR,ERR,ERR,ERR,ERR,ERR,ERR,ERR,ERR,ERR,ERR,ERR,ERR,ERR,ERR,ERR,ERR,ERR,ERR,ERR,ERR,ERR,ERR,ERR,ERR,ERR,ERR,ERR,ERR,ERR,ERR,ERR,ERR,ERR,ERR,ERR,ERR,ERR,ERR,ERR,ERR,ERR,ERR,ERR,ERR,ERR,ERR,ERR,ERR,ERR,ERR,ERR,ERR,ERR,ERR,ERR,ERR,ERR,ERR,ERR,ERR,ERR,ERR,ERR,ERR,ERR,ERR,ERR,ERR,ERR,ERR,ERR,ERR,ERR,ERR,ERR,ERR,ERR,ERR,ERR,ERR,ERR,ERR,ERR,ERR,ERR,ERR,ERR,ERR,ERR,ERR,ERR,ERR,ERR,ERR,ERR,ERR,ERR,ERR,ERR,ERR,ERR,ERR,2.7184278591402704e+23,0.0,-0.0,0.0,0.0,0.0,0.0,nan,0,0,0,32768,0,0.0,0,0.0,0.0,0.0,0.0,0.0,0,0,0,0,0.0,0,0,0,0,0,0,0,0,0,0,0,0,0,0,0,0,0,0,0,0,0,0,0,0,0,0,0,0,0,0,0,0,0,0,0,0,0,0,0,0,0,0,0,0,0.0,0.0,0.0,0.0,0.0,0.0,0.0,0.0,0.0,0.0,0.0,0.0,0.0,0.0,0.0,0.0,0.0,0.0,0.0,0.0,0.0,0.0,0.0,0.0,-2.004,2.004,0.0,0.0,0.0,0.0,3406.0,8608108544.0,0.0,2.7184278591402704e+23,0.0,-0.0,0.0,0.0,0.0,0.0,0.0,0,5.8480786593265204e+35,-2.3088166164207816e+20,0.0,0.0,0.0,0.0,0.0,0.0,0.0,0,0,0,0.0,0.0,0.0,0.0,0.0,0.0,0.0,0.0,0.0,0.0,0.0,0.0,0.0,0.0,0.0,0.0,0,-107875648.0,0,0.0,0,-107875648.0,-107877712.0,0,52429,17039,13107,17054,0,17038,0,0,0,110,100,100,-0.0,64.0,0.0,64.5,0.0,69.0,1,49,50,180,13107,52429,0,0,0.0,0.0,0.0,0.0,-0.0,65.0,0.0,0.0,0.0,646,0,689,0,0,0,718,0,791,0,710,0,690,0,645,0,643,0,615,0.032,55836672.0,-2.004,0.0,55440,16787,-0.0,0.001,-226776974360576.0,-0.0,-6824.255,-0.0,29.0,60.0,70,0.0,0.0,0.0,0.0,0.0,0.0,0.0,0.0,0.0,0.0,0.0,0.0,0.0,0.0,0.0,0.0,59.6,69,11,65508,41,65476,0,300,0,0,8,20529,65476,0,0,61604,60.0,0.0,0.0,0.0,0.0,0.0
2026-04-04T11:13:10,ERR,ERR,ERR,ERR,ERR,ERR,ERR,ERR,ERR,ERR,ERR,ERR,ERR,ERR,ERR,ERR,ERR,ERR,ERR,ERR,ERR,ERR,ERR,ERR,ERR,ERR,ERR,ERR,ERR,ERR,ERR,ERR,ERR,ERR,ERR,ERR,ERR,ERR,ERR,ERR,ERR,ERR,ERR,ERR,ERR,ERR,ERR,ERR,ERR,ERR,ERR,ERR,ERR,ERR,ERR,ERR,ERR,ERR,ERR,ERR,ERR,ERR,ERR,ERR,ERR,ERR,ERR,ERR,ERR,ERR,ERR,ERR,ERR,ERR,ERR,ERR,ERR,ERR,ERR,ERR,ERR,ERR,ERR,ERR,ERR,ERR,ERR,ERR,ERR,ERR,ERR,ERR,ERR,ERR,ERR,ERR,ERR,ERR,ERR,ERR,ERR,ERR,ERR,ERR,ERR,ERR,ERR,ERR,ERR,ERR,ERR,ERR,ERR,ERR,ERR,ERR,ERR,ERR,ERR,ERR,ERR,ERR,ERR,ERR,ERR,2.7184278591402704e+23,0.0,-0.0,0.0,0.0,0.0,0.0,nan,0,0,0,32768,0,0.0,0,0.0,0.0,0.0,0.0,0.0,0,0,0,0,0.0,0,0,0,0,0,0,0,0,0,0,0,0,0,0,0,0,0,0,0,0,0,0,0,0,0,0,0,0,0,0,0,0,0,0,0,0,0,0,0,0,0,0,0,0,0.0,0.0,0.0,0.0,0.0,0.0,0.0,0.0,0.0,0.0,0.0,0.0,0.0,0.0,0.0,0.0,0.0,0.0,0.0,0.0,0.0,0.0,0.0,0.0,-2.004,2.004,0.0,0.0,0.0,0.0,3406.0,8608108544.0,0.0,2.7184278591402704e+23,0.0,-0.0,0.0,0.0,0.0,0.0,0.0,0,5.8480786593265204e+35,-2.3088166164207816e+20,0.0,0.0,0.0,0.0,0.0,0.0,0.0,0,0,0,0.0,0.0,0.0,0.0,0.0,0.0,0.0,0.0,0.0,0.0,0.0,0.0,0.0,0.0,0.0,0.0,0,-107875648.0,0,0.0,0,-107875648.0,-107877712.0,0,52429,17039,13107,17054,0,17038,0,0,0,110,100,100,-0.0,64.0,0.0,64.5,0.0,69.0,1,49,50,180,13107,52429,0,0,0.0,0.0,0.0,0.0,-0.0,65.0,0.0,0.0,0.0,646,0,689,0,0,0,718,0,791,0,710,0,690,0,645,0,643,0,615,0.032,55836672.0,-2.004,0.0,55440,16787,-0.0,0.001,-226776974360576.0,-0.0,-6824.255,-0.0,29.0,60.0,70,0.0,0.0,0.0,0.0,0.0,0.0,0.0,0.0,0.0,0.0,0.0,0.0,0.0,0.0,0.0,0.0,59.2,69,11,65508,41,65476,0,300,0,0,8,20529,65476,0,0,61604,60.0,0.0,0.0,0.0,0.0,0.0
2026-04-04T11:13:11,ERR,ERR,ERR,ERR,ERR,ERR,ERR,ERR,ERR,ERR,ERR,ERR,ERR,ERR,ERR,ERR,ERR,ERR,ERR,ERR,ERR,ERR,ERR,ERR,ERR,ERR,ERR,ERR,ERR,ERR,ERR,ERR,ERR,ERR,ERR,ERR,ERR,ERR,ERR,ERR,ERR,ERR,ERR,ERR,ERR,ERR,ERR,ERR,ERR,ERR,ERR,ERR,ERR,ERR,ERR,ERR,ERR,ERR,ERR,ERR,ERR,ERR,ERR,ERR,ERR,ERR,ERR,ERR,ERR,ERR,ERR,ERR,ERR,ERR,ERR,ERR,ERR,ERR,ERR,ERR,ERR,ERR,ERR,ERR,ERR,ERR,ERR,ERR,ERR,ERR,ERR,ERR,ERR,ERR,ERR,ERR,ERR,ERR,ERR,ERR,ERR,ERR,ERR,ERR,ERR,ERR,ERR,ERR,ERR,ERR,ERR,ERR,ERR,ERR,ERR,ERR,ERR,ERR,ERR,ERR,ERR,ERR,ERR,ERR,ERR,2.7184278591402704e+23,0.0,-0.0,0.0,0.0,0.0,0.0,nan,0,0,0,32768,0,0.0,0,0.0,0.0,0.0,0.0,0.0,0,0,0,0,0.0,0,0,0,0,0,0,0,0,0,0,0,0,0,0,0,0,0,0,0,0,0,0,0,0,0,0,0,0,0,0,0,0,0,0,0,0,0,0,0,0,0,0,0,0,0.0,0.0,0.0,0.0,0.0,0.0,0.0,0.0,0.0,0.0,0.0,0.0,0.0,0.0,0.0,0.0,0.0,0.0,0.0,0.0,0.0,0.0,0.0,0.0,-2.004,2.004,0.0,0.0,0.0,0.0,3406.0,8608108544.0,0.0,2.7184278591402704e+23,0.0,-0.0,0.0,0.0,0.0,0.0,0.0,0,5.8480786593265204e+35,-2.3088166164207816e+20,0.0,0.0,0.0,0.0,0.0,0.0,0.0,0,0,0,0.0,0.0,0.0,0.0,0.0,0.0,0.0,0.0,0.0,0.0,0.0,0.0,0.0,0.0,0.0,0.0,0,-107875648.0,0,0.0,0,-107875648.0,-107877712.0,0,52429,17039,13107,17054,0,17038,0,0,0,110,100,100,-0.0,64.0,0.0,64.5,0.0,69.0,1,49,50,180,13107,52429,0,0,0.0,0.0,0.0,0.0,-0.0,65.0,0.0,0.0,0.0,646,0,689,0,0,0,718,0,791,0,710,0,690,0,645,0,643,0,615,0.032,55836672.0,-2.004,0.0,55440,16787,-0.0,0.001,-226776974360576.0,-0.0,-6824.255,-0.0,29.0,60.0,70,0.0,0.0,0.0,0.0,0.0,0.0,0.0,0.0,0.0,0.0,0.0,0.0,0.0,0.0,0.0,0.0,59.2,69,11,65508,41,65476,0,300,0,0,8,20529,65476,0,0,61604,60.0,0.0,0.0,0.0,0.0,0.0
2026-04-04T11:13:12,ERR,ERR,ERR,ERR,ERR,ERR,ERR,ERR,ERR,ERR,ERR,ERR,ERR,ERR,ERR,ERR,ERR,ERR,ERR,ERR,ERR,ERR,ERR,ERR,ERR,ERR,ERR,ERR,ERR,ERR,ERR,ERR,ERR,ERR,ERR,ERR,ERR,ERR,ERR,ERR,ERR,ERR,ERR,ERR,ERR,ERR,ERR,ERR,ERR,ERR,ERR,ERR,ERR,ERR,ERR,ERR,ERR,ERR,ERR,ERR,ERR,ERR,ERR,ERR,ERR,ERR,ERR,ERR,ERR,ERR,ERR,ERR,ERR,ERR,ERR,ERR,ERR,ERR,ERR,ERR,ERR,ERR,ERR,ERR,ERR,ERR,ERR,ERR,ERR,ERR,ERR,ERR,ERR,ERR,ERR,ERR,ERR,ERR,ERR,ERR,ERR,ERR,ERR,ERR,ERR,ERR,ERR,ERR,ERR,ERR,ERR,ERR,ERR,ERR,ERR,ERR,ERR,ERR,ERR,ERR,ERR,ERR,ERR,ERR,ERR,2.7184278591402704e+23,0.0,-0.0,0.0,0.0,0.0,0.0,nan,0,0,0,32768,0,0.0,0,0.0,0.0,0.0,0.0,0.0,0,0,0,0,0.0,0,0,0,0,0,0,0,0,0,0,0,0,0,0,0,0,0,0,0,0,0,0,0,0,0,0,0,0,0,0,0,0,0,0,0,0,0,0,0,0,0,0,0,0,0.0,0.0,0.0,0.0,0.0,0.0,0.0,0.0,0.0,0.0,0.0,0.0,0.0,0.0,0.0,0.0,0.0,0.0,0.0,0.0,0.0,0.0,0.0,0.0,-2.004,2.004,0.0,0.0,0.0,0.0,3406.0,8608108544.0,0.0,2.7184278591402704e+23,0.0,-0.0,0.0,0.0,0.0,0.0,0.0,0,5.8480786593265204e+35,-2.3088166164207816e+20,0.0,0.0,0.0,0.0,0.0,0.0,0.0,0,0,0,0.0,0.0,0.0,0.0,0.0,0.0,0.0,0.0,0.0,0.0,0.0,0.0,0.0,0.0,0.0,0.0,0,-107875648.0,0,0.0,0,-107875648.0,-107877712.0,0,52429,17039,13107,17054,0,17038,0,0,0,110,100,100,-0.0,64.0,0.0,64.5,0.0,69.0,1,49,50,180,13107,52429,0,0,0.0,0.0,0.0,0.0,-0.0,65.0,0.0,0.0,0.0,646,0,689,0,0,0,718,0,791,0,710,0,690,0,645,0,643,0,615,0.032,55836672.0,-2.004,0.0,55440,16787,-0.0,0.001,-226776974360576.0,-0.0,-6824.255,-0.0,29.0,60.0,70,0.0,0.0,0.0,0.0,0.0,0.0,0.0,0.0,0.0,0.0,0.0,0.0,0.0,0.0,0.0,0.0,59.2,69,11,65508,41,65476,0,300,0,0,8,20529,65476,0,0,61604,60.0,0.0,0.0,0.0,0.0,0.0
2026-04-04T11:13:13,ERR,ERR,ERR,ERR,ERR,ERR,ERR,ERR,ERR,ERR,ERR,ERR,ERR,ERR,ERR,ERR,ERR,ERR,ERR,ERR,ERR,ERR,ERR,ERR,ERR,ERR,ERR,ERR,ERR,ERR,ERR,ERR,ERR,ERR,ERR,ERR,ERR,ERR,ERR,ERR,ERR,ERR,ERR,ERR,ERR,ERR,ERR,ERR,ERR,ERR,ERR,ERR,ERR,ERR,ERR,ERR,ERR,ERR,ERR,ERR,ERR,ERR,ERR,ERR,ERR,ERR,ERR,ERR,ERR,ERR,ERR,ERR,ERR,ERR,ERR,ERR,ERR,ERR,ERR,ERR,ERR,ERR,ERR,ERR,ERR,ERR,ERR,ERR,ERR,ERR,ERR,ERR,ERR,ERR,ERR,ERR,ERR,ERR,ERR,ERR,ERR,ERR,ERR,ERR,ERR,ERR,ERR,ERR,ERR,ERR,ERR,ERR,ERR,ERR,ERR,ERR,ERR,ERR,ERR,ERR,ERR,ERR,ERR,ERR,ERR,2.7184278591402704e+23,0.0,-0.0,0.0,0.0,0.0,0.0,nan,0,0,0,32768,0,0.0,0,0.0,0.0,0.0,0.0,0.0,0,0,0,0,0.0,0,0,0,0,0,0,0,0,0,0,0,0,0,0,0,0,0,0,0,0,0,0,0,0,0,0,0,0,0,0,0,0,0,0,0,0,0,0,0,0,0,0,0,0,0.0,0.0,0.0,0.0,0.0,0.0,0.0,0.0,0.0,0.0,0.0,0.0,0.0,0.0,0.0,0.0,0.0,0.0,0.0,0.0,0.0,0.0,0.0,0.0,-2.004,2.004,0.0,0.0,0.0,0.0,3406.0,8608108544.0,0.0,2.7184278591402704e+23,0.0,-0.0,0.0,0.0,0.0,0.0,0.0,0,5.8480786593265204e+35,-2.3088166164207816e+20,0.0,0.0,0.0,0.0,0.0,0.0,0.0,0,0,0,0.0,0.0,0.0,0.0,0.0,0.0,0.0,0.0,0.0,0.0,0.0,0.0,0.0,0.0,0.0,0.0,0,-107875648.0,0,0.0,0,-107875648.0,-107877712.0,0,52429,17039,13107,17054,0,17038,0,0,0,110,100,100,-0.0,64.0,0.0,64.5,0.0,69.0,1,49,50,180,13107,52429,0,0,0.0,0.0,0.0,0.0,-0.0,65.0,0.0,0.0,0.0,646,0,689,0,0,0,718,0,791,0,710,0,690,0,645,0,643,0,615,0.032,55836672.0,-2.004,0.0,55440,16787,-0.0,0.001,-226776974360576.0,-0.0,-6824.255,-0.0,29.0,60.0,70,0.0,0.0,0.0,0.0,0.0,0.0,0.0,0.0,0.0,0.0,0.0,0.0,0.0,0.0,0.0,0.0,59.2,69,11,65508,41,65476,0,300,0,0,8,20529,65476,0,0,61604,60.0,0.0,0.0,0.0,0.0,0.0
2026-04-04T11:13:14,ERR,ERR,ERR,ERR,ERR,ERR,ERR,ERR,ERR,ERR,ERR,ERR,ERR,ERR,ERR,ERR,ERR,ERR,ERR,ERR,ERR,ERR,ERR,ERR,ERR,ERR,ERR,ERR,ERR,ERR,ERR,ERR,ERR,ERR,ERR,ERR,ERR,ERR,ERR,ERR,ERR,ERR,ERR,ERR,ERR,ERR,ERR,ERR,ERR,ERR,ERR,ERR,ERR,ERR,ERR,ERR,ERR,ERR,ERR,ERR,ERR,ERR,ERR,ERR,ERR,ERR,ERR,ERR,ERR,ERR,ERR,ERR,ERR,ERR,ERR,ERR,ERR,ERR,ERR,ERR,ERR,ERR,ERR,ERR,ERR,ERR,ERR,ERR,ERR,ERR,ERR,ERR,ERR,ERR,ERR,ERR,ERR,ERR,ERR,ERR,ERR,ERR,ERR,ERR,ERR,ERR,ERR,ERR,ERR,ERR,ERR,ERR,ERR,ERR,ERR,ERR,ERR,ERR,ERR,ERR,ERR,ERR,ERR,ERR,ERR,2.7184278591402704e+23,0.0,-0.0,0.0,0.0,0.0,0.0,nan,0,0,0,32768,0,0.0,0,0.0,0.0,0.0,0.0,0.0,0,0,0,0,0.0,0,0,0,0,0,0,0,0,0,0,0,0,0,0,0,0,0,0,0,0,0,0,0,0,0,0,0,0,0,0,0,0,0,0,0,0,0,0,0,0,0,0,0,0,0.0,0.0,0.0,0.0,0.0,0.0,0.0,0.0,0.0,0.0,0.0,0.0,0.0,0.0,0.0,0.0,0.0,0.0,0.0,0.0,0.0,0.0,0.0,0.0,-2.004,2.004,0.0,0.0,0.0,0.0,3405.0,-0.0,0.0,2.7184278591402704e+23,0.0,-0.0,0.0,0.0,0.0,0.0,0.0,0,4.0668755697950344e+29,0.0,0.0,0.0,0.0,0.0,0.0,0.0,0.0,0,0,0,0.0,0.0,0.0,0.0,0.0,0.0,0.0,0.0,0.0,0.0,0.0,0.0,0.0,0.0,0.0,0.0,0,-107875648.0,0,0.0,0,-107875648.0,-107877712.0,0,52429,17039,13107,17054,0,17038,0,0,0,110,100,100,-0.0,64.0,0.0,64.5,0.0,69.0,1,49,50,180,13107,52429,0,0,0.0,0.0,0.0,0.0,-0.0,65.0,0.0,0.0,0.0,646,0,689,0,0,0,719,0,791,0,710,0,690,0,645,0,643,0,615,0.032,56098816.0,-2.004,0.0,50192,16787,-0.0,0.0,-685066.062,-2.433310305910932e+28,-0.058,-0.0,29.0,60.0,70,0.0,0.0,0.0,0.0,0.0,0.0,0.0,0.0,0.0,0.0,0.0,0.0,0.0,0.0,0.0,0.0,59.2,69,11,65508,41,65476,0,300,0,0,8,20529,65476,0,0,61604,60.0,0.0,0.0,0.0,0.0,0.0
2026-04-04T11:13:15,ERR,ERR,ERR,ERR,ERR,ERR,ERR,ERR,ERR,ERR,ERR,ERR,ERR,ERR,ERR,ERR,ERR,ERR,ERR,ERR,ERR,ERR,ERR,ERR,ERR,ERR,ERR,ERR,ERR,ERR,ERR,ERR,ERR,ERR,ERR,ERR,ERR,ERR,ERR,ERR,ERR,ERR,ERR,ERR,ERR,ERR,ERR,ERR,ERR,ERR,ERR,ERR,ERR,ERR,ERR,ERR,ERR,ERR,ERR,ERR,ERR,ERR,ERR,ERR,ERR,ERR,ERR,ERR,ERR,ERR,ERR,ERR,ERR,ERR,ERR,ERR,ERR,ERR,ERR,ERR,ERR,ERR,ERR,ERR,ERR,ERR,ERR,ERR,ERR,ERR,ERR,ERR,ERR,ERR,ERR,ERR,ERR,ERR,ERR,ERR,ERR,ERR,ERR,ERR,ERR,ERR,ERR,ERR,ERR,ERR,ERR,ERR,ERR,ERR,ERR,ERR,ERR,ERR,ERR,ERR,ERR,ERR,ERR,ERR,ERR,2.7184278591402704e+23,0.0,-0.0,0.0,0.0,0.0,0.0,nan,0,0,0,32768,0,0.0,0,0.0,0.0,0.0,0.0,0.0,0,0,0,0,0.0,0,0,0,0,0,0,0,0,0,0,0,0,0,0,0,0,0,0,0,0,0,0,0,0,0,0,0,0,0,0,0,0,0,0,0,0,0,0,0,0,0,0,0,0,0.0,0.0,0.0,0.0,0.0,0.0,0.0,0.0,0.0,0.0,0.0,0.0,0.0,0.0,0.0,0.0,0.0,0.0,0.0,0.0,0.0,0.0,0.0,0.0,-2.004,2.004,0.0,0.0,0.0,0.0,3405.0,-0.0,0.0,2.7184278591402704e+23,0.0,-0.0,0.0,0.0,0.0,0.0,0.0,0,4.0668755697950344e+29,0.0,0.0,0.0,0.0,0.0,0.0,0.0,0.0,0,0,0,0.0,0.0,0.0,0.0,0.0,0.0,0.0,0.0,0.0,0.0,0.0,0.0,0.0,0.0,0.0,0.0,0,-107875648.0,0,0.0,0,-107875648.0,-107877712.0,0,52429,17039,13107,17054,0,17038,0,0,0,110,100,100,-0.0,64.0,0.0,64.5,0.0,69.0,1,49,50,180,13107,52429,0,0,0.0,0.0,0.0,0.0,-0.0,65.0,0.0,0.0,0.0,646,0,689,0,0,0,719,0,791,0,710,0,690,0,645,0,643,0,615,0.032,56098816.0,-2.004,0.0,50192,16787,-0.0,0.0,-685066.062,-2.433310305910932e+28,-0.058,-0.0,29.0,60.0,70,0.0,0.0,0.0,0.0,0.0,0.0,0.0,0.0,0.0,0.0,0.0,0.0,0.0,0.0,0.0,0.0,59.2,69,11,65508,41,65476,0,300,0,0,8,20529,65476,0,0,61604,60.0,0.0,0.0,0.0,0.0,0.0
2026-04-04T11:13:16,ERR,ERR,ERR,ERR,ERR,ERR,ERR,ERR,ERR,ERR,ERR,ERR,ERR,ERR,ERR,ERR,ERR,ERR,ERR,ERR,ERR,ERR,ERR,ERR,ERR,ERR,ERR,ERR,ERR,ERR,ERR,ERR,ERR,ERR,ERR,ERR,ERR,ERR,ERR,ERR,ERR,ERR,ERR,ERR,ERR,ERR,ERR,ERR,ERR,ERR,ERR,ERR,ERR,ERR,ERR,ERR,ERR,ERR,ERR,ERR,ERR,ERR,ERR,ERR,ERR,ERR,ERR,ERR,ERR,ERR,ERR,ERR,ERR,ERR,ERR,ERR,ERR,ERR,ERR,ERR,ERR,ERR,ERR,ERR,ERR,ERR,ERR,ERR,ERR,ERR,ERR,ERR,ERR,ERR,ERR,ERR,ERR,ERR,ERR,ERR,ERR,ERR,ERR,ERR,ERR,ERR,ERR,ERR,ERR,ERR,ERR,ERR,ERR,ERR,ERR,ERR,ERR,ERR,ERR,ERR,ERR,ERR,ERR,ERR,ERR,2.7184278591402704e+23,0.0,-0.0,0.0,0.0,0.0,0.0,nan,0,0,0,32768,0,0.0,0,0.0,0.0,0.0,0.0,0.0,0,0,0,0,0.0,0,0,0,0,0,0,0,0,0,0,0,0,0,0,0,0,0,0,0,0,0,0,0,0,0,0,0,0,0,0,0,0,0,0,0,0,0,0,0,0,0,0,0,0,0.0,0.0,0.0,0.0,0.0,0.0,0.0,0.0,0.0,0.0,0.0,0.0,0.0,0.0,0.0,0.0,0.0,0.0,0.0,0.0,0.0,0.0,0.0,0.0,-2.004,2.004,0.0,0.0,0.0,0.0,3405.0,-0.0,0.0,2.7184278591402704e+23,0.0,-0.0,0.0,0.0,0.0,0.0,0.0,0,4.0668755697950344e+29,0.0,0.0,0.0,0.0,0.0,0.0,0.0,0.0,0,0,0,0.0,0.0,0.0,0.0,0.0,0.0,0.0,0.0,0.0,0.0,0.0,0.0,0.0,0.0,0.0,0.0,0,-107875648.0,0,0.0,0,-107875648.0,-107877712.0,0,52429,17039,13107,17054,0,17038,0,0,0,110,100,100,-0.0,64.0,0.0,64.5,0.0,69.0,1,49,50,180,13107,52429,0,0,0.0,0.0,0.0,0.0,-0.0,65.0,0.0,0.0,0.0,646,0,689,0,0,0,719,0,791,0,710,0,690,0,645,0,643,0,615,0.032,56098816.0,-2.004,0.0,50192,16787,-0.0,0.0,-685066.062,-2.433310305910932e+28,-0.058,-0.0,29.0,60.0,70,0.0,0.0,0.0,0.0,0.0,0.0,0.0,0.0,0.0,0.0,0.0,0.0,0.0,0.0,0.0,0.0,59.2,69,11,65508,41,65476,0,300,0,0,8,20529,65476,0,0,61604,60.0,0.0,0.0,0.0,0.0,0.0
2026-04-04T11:13:17,ERR,ERR,ERR,ERR,ERR,ERR,ERR,ERR,ERR,ERR,ERR,ERR,ERR,ERR,ERR,ERR,ERR,ERR,ERR,ERR,ERR,ERR,ERR,ERR,ERR,ERR,ERR,ERR,ERR,ERR,ERR,ERR,ERR,ERR,ERR,ERR,ERR,ERR,ERR,ERR,ERR,ERR,ERR,ERR,ERR,ERR,ERR,ERR,ERR,ERR,ERR,ERR,ERR,ERR,ERR,ERR,ERR,ERR,ERR,ERR,ERR,ERR,ERR,ERR,ERR,ERR,ERR,ERR,ERR,ERR,ERR,ERR,ERR,ERR,ERR,ERR,ERR,ERR,ERR,ERR,ERR,ERR,ERR,ERR,ERR,ERR,ERR,ERR,ERR,ERR,ERR,ERR,ERR,ERR,ERR,ERR,ERR,ERR,ERR,ERR,ERR,ERR,ERR,ERR,ERR,ERR,ERR,ERR,ERR,ERR,ERR,ERR,ERR,ERR,ERR,ERR,ERR,ERR,ERR,ERR,ERR,ERR,ERR,ERR,ERR,2.7184278591402704e+23,0.0,-0.0,0.0,0.0,0.0,0.0,nan,0,0,0,32768,0,0.0,0,0.0,0.0,0.0,0.0,0.0,0,0,0,0,0.0,0,0,0,0,0,0,0,0,0,0,0,0,0,0,0,0,0,0,0,0,0,0,0,0,0,0,0,0,0,0,0,0,0,0,0,0,0,0,0,0,0,0,0,0,0.0,0.0,0.0,0.0,0.0,0.0,0.0,0.0,0.0,0.0,0.0,0.0,0.0,0.0,0.0,0.0,0.0,0.0,0.0,0.0,0.0,0.0,0.0,0.0,-2.004,2.004,0.0,0.0,0.0,0.0,3405.0,-0.0,0.0,2.7184278591402704e+23,0.0,-0.0,0.0,0.0,0.0,0.0,0.0,0,4.0668755697950344e+29,0.0,0.0,0.0,0.0,0.0,0.0,0.0,0.0,0,0,0,0.0,0.0,0.0,0.0,0.0,0.0,0.0,0.0,0.0,0.0,0.0,0.0,0.0,0.0,0.0,0.0,0,-107875648.0,0,0.0,0,-107875648.0,-107877712.0,0,52429,17039,13107,17054,0,17038,0,0,0,110,100,100,-0.0,64.0,0.0,64.5,0.0,69.0,1,49,50,180,13107,52429,0,0,0.0,0.0,0.0,0.0,-0.0,65.0,0.0,0.0,0.0,646,0,689,0,0,0,719,0,791,0,710,0,690,0,645,0,643,0,615,0.032,56098816.0,-2.004,0.0,50192,16787,-0.0,0.0,-685066.062,-2.433310305910932e+28,-0.058,-0.0,29.0,60.0,70,0.0,0.0,0.0,0.0,0.0,0.0,0.0,0.0,0.0,0.0,0.0,0.0,0.0,0.0,0.0,0.0,59.2,69,11,65508,41,65476,0,300,0,0,8,20529,65476,0,0,61604,60.0,0.0,0.0,0.0,0.0,0.0
2026-04-04T11:13:18,ERR,ERR,ERR,ERR,ERR,ERR,ERR,ERR,ERR,ERR,ERR,ERR,ERR,ERR,ERR,ERR,ERR,ERR,ERR,ERR,ERR,ERR,ERR,ERR,ERR,ERR,ERR,ERR,ERR,ERR,ERR,ERR,ERR,ERR,ERR,ERR,ERR,ERR,ERR,ERR,ERR,ERR,ERR,ERR,ERR,ERR,ERR,ERR,ERR,ERR,ERR,ERR,ERR,ERR,ERR,ERR,ERR,ERR,ERR,ERR,ERR,ERR,ERR,ERR,ERR,ERR,ERR,ERR,ERR,ERR,ERR,ERR,ERR,ERR,ERR,ERR,ERR,ERR,ERR,ERR,ERR,ERR,ERR,ERR,ERR,ERR,ERR,ERR,ERR,ERR,ERR,ERR,ERR,ERR,ERR,ERR,ERR,ERR,ERR,ERR,ERR,ERR,ERR,ERR,ERR,ERR,ERR,ERR,ERR,ERR,ERR,ERR,ERR,ERR,ERR,ERR,ERR,ERR,ERR,ERR,ERR,ERR,ERR,ERR,ERR,2.7184278591402704e+23,0.0,-0.0,0.0,0.0,0.0,0.0,nan,0,0,0,32768,0,0.0,0,0.0,0.0,0.0,0.0,0.0,0,0,0,0,0.0,0,0,0,0,0,0,0,0,0,0,0,0,0,0,0,0,0,0,0,0,0,0,0,0,0,0,0,0,0,0,0,0,0,0,0,0,0,0,0,0,0,0,0,0,0.0,0.0,0.0,0.0,0.0,0.0,0.0,0.0,0.0,0.0,0.0,0.0,0.0,0.0,0.0,0.0,0.0,0.0,0.0,0.0,0.0,0.0,0.0,0.0,-2.004,2.004,0.0,0.0,0.0,0.0,3405.0,-0.0,0.0,2.7184278591402704e+23,0.0,-0.0,0.0,0.0,0.0,0.0,0.0,0,4.0668755697950344e+29,0.0,0.0,0.0,0.0,0.0,0.0,0.0,0.0,0,0,0,0.0,0.0,0.0,0.0,0.0,0.0,0.0,0.0,0.0,0.0,0.0,0.0,0.0,0.0,0.0,0.0,0,-107875648.0,0,0.0,0,-107875648.0,-107877712.0,0,52429,17039,13107,17054,0,17038,0,0,0,110,100,100,2.7302334150594743e+23,64.0,0.0,64.5,0.0,69.0,1,49,50,180,13107,52429,0,0,0.0,0.0,0.0,0.0,2.1310813970797626e+37,65.0,0.0,0.0,0.0,646,0,689,0,0,0,718,0,791,0,710,0,690,0,645,0,643,0,615,0.032,55574528.0,-2.004,0.0,55568,16787,-0.0,0.0,-0.0,0.0,-0.0,3.154311719114106e+30,29.0,60.0,70,0.0,0.0,0.0,0.0,0.0,0.0,0.0,0.0,0.0,0.0,0.0,0.0,0.0,0.0,0.0,0.0,59.2,69,11,65508,41,65476,0,300,0,0,8,20529,65476,0,0,61604,60.0,0.0,0.0,0.0,0.0,0.0
2026-04-04T11:13:19,ERR,ERR,ERR,ERR,ERR,ERR,ERR,ERR,ERR,ERR,ERR,ERR,ERR,ERR,ERR,ERR,ERR,ERR,ERR,ERR,ERR,ERR,ERR,ERR,ERR,ERR,ERR,ERR,ERR,ERR,ERR,ERR,ERR,ERR,ERR,ERR,ERR,ERR,ERR,ERR,ERR,ERR,ERR,ERR,ERR,ERR,ERR,ERR,ERR,ERR,ERR,ERR,ERR,ERR,ERR,ERR,ERR,ERR,ERR,ERR,ERR,ERR,ERR,ERR,ERR,ERR,ERR,ERR,ERR,ERR,ERR,ERR,ERR,ERR,ERR,ERR,ERR,ERR,ERR,ERR,ERR,ERR,ERR,ERR,ERR,ERR,ERR,ERR,ERR,ERR,ERR,ERR,ERR,ERR,ERR,ERR,ERR,ERR,ERR,ERR,ERR,ERR,ERR,ERR,ERR,ERR,ERR,ERR,ERR,ERR,ERR,ERR,ERR,ERR,ERR,ERR,ERR,ERR,ERR,ERR,ERR,ERR,ERR,ERR,ERR,2.7184278591402704e+23,0.0,-0.0,0.0,0.0,0.0,0.0,nan,0,0,0,32768,0,0.0,0,0.0,0.0,0.0,0.0,0.0,0,0,0,0,0.0,0,0,0,0,0,0,0,0,0,0,0,0,0,0,0,0,0,0,0,0,0,0,0,0,0,0,0,0,0,0,0,0,0,0,0,0,0,0,0,0,0,0,0,0,0.0,0.0,0.0,0.0,0.0,0.0,0.0,0.0,0.0,0.0,0.0,0.0,0.0,0.0,0.0,0.0,0.0,0.0,0.0,0.0,0.0,0.0,0.0,0.0,-2.004,2.004,0.0,0.0,0.0,0.0,3405.0,-0.0,0.0,2.7184278591402704e+23,0.0,-0.0,0.0,0.0,0.0,0.0,0.0,0,4.0668755697950344e+29,0.0,0.0,0.0,0.0,0.0,0.0,0.0,0.0,0,0,0,0.0,0.0,0.0,0.0,0.0,0.0,0.0,0.0,0.0,0.0,0.0,0.0,0.0,0.0,0.0,0.0,0,-107875648.0,0,0.0,0,-107875648.0,-107877712.0,0,52429,17039,13107,17054,0,17038,0,0,0,110,100,100,2.7302334150594743e+23,64.0,0.0,64.5,0.0,69.0,1,49,50,180,13107,52429,0,0,0.0,0.0,0.0,0.0,2.1310813970797626e+37,65.0,0.0,0.0,0.0,646,0,689,0,0,0,718,0,791,0,710,0,690,0,645,0,643,0,615,0.032,55574528.0,-2.004,0.0,55568,16787,-0.0,0.0,-0.0,0.0,-0.0,3.154311719114106e+30,29.0,60.0,70,0.0,0.0,0.0,0.0,0.0,0.0,0.0,0.0,0.0,0.0,0.0,0.0,0.0,0.0,0.0,0.0,59.2,69,11,65508,41,65476,0,300,0,0,8,20529,65476,0,0,61604,60.0,0.0,0.0,0.0,0.0,0.0
2026-04-04T11:13:20,ERR,ERR,ERR,ERR,ERR,ERR,ERR,ERR,ERR,ERR,ERR,ERR,ERR,ERR,ERR,ERR,ERR,ERR,ERR,ERR,ERR,ERR,ERR,ERR,ERR,ERR,ERR,ERR,ERR,ERR,ERR,ERR,ERR,ERR,ERR,ERR,ERR,ERR,ERR,ERR,ERR,ERR,ERR,ERR,ERR,ERR,ERR,ERR,ERR,ERR,ERR,ERR,ERR,ERR,ERR,ERR,ERR,ERR,ERR,ERR,ERR,ERR,ERR,ERR,ERR,ERR,ERR,ERR,ERR,ERR,ERR,ERR,ERR,ERR,ERR,ERR,ERR,ERR,ERR,ERR,ERR,ERR,ERR,ERR,ERR,ERR,ERR,ERR,ERR,ERR,ERR,ERR,ERR,ERR,ERR,ERR,ERR,ERR,ERR,ERR,ERR,ERR,ERR,ERR,ERR,ERR,ERR,ERR,ERR,ERR,ERR,ERR,ERR,ERR,ERR,ERR,ERR,ERR,ERR,ERR,ERR,ERR,ERR,ERR,ERR,2.7184278591402704e+23,0.0,-0.0,0.0,0.0,0.0,0.0,nan,0,0,0,32768,0,0.0,0,0.0,0.0,0.0,0.0,0.0,0,0,0,0,0.0,0,0,0,0,0,0,0,0,0,0,0,0,0,0,0,0,0,0,0,0,0,0,0,0,0,0,0,0,0,0,0,0,0,0,0,0,0,0,0,0,0,0,0,0,0.0,0.0,0.0,0.0,0.0,0.0,0.0,0.0,0.0,0.0,0.0,0.0,0.0,0.0,0.0,0.0,0.0,0.0,0.0,0.0,0.0,0.0,0.0,0.0,-2.004,2.004,0.0,0.0,0.0,0.0,3405.5,3.697154467689818e+19,0.0,2.7184278591402704e+23,0.0,-0.0,0.0,0.0,0.0,0.0,0.0,0,4.9504239556116174e+32,-3.221978786476472e+26,0.0,0.0,0.0,0.0,0.0,0.0,0.0,0,0,0,0.0,0.0,0.0,0.0,0.0,0.0,0.0,0.0,0.0,0.0,0.0,0.0,0.0,0.0,0.0,0.0,0,-107875648.0,0,0.0,0,-107875648.0,-107877712.0,0,52429,17039,13107,17054,0,17038,0,0,0,110,100,100,2.7302334150594743e+23,64.0,0.0,64.5,0.0,69.0,1,49,50,180,13107,52429,0,0,0.0,0.0,0.0,0.0,2.1310813970797626e+37,65.0,0.0,0.0,0.0,646,0,689,0,0,0,718,0,791,0,710,0,690,0,645,0,643,0,615,0.032,55574528.0,-2.004,0.0,55568,16787,-0.0,0.0,-0.0,0.0,-0.0,3.154311719114106e+30,29.0,60.0,70,0.0,0.0,0.0,0.0,0.0,0.0,0.0,0.0,0.0,0.0,0.0,0.0,0.0,0.0,0.0,0.0,59.2,69,11,65508,41,65476,0,300,0,0,8,20529,65476,0,0,61604,60.0,0.0,0.0,0.0,0.0,0.0
2026-04-04T11:13:21,ERR,ERR,ERR,ERR,ERR,ERR,ERR,ERR,ERR,ERR,ERR,ERR,ERR,ERR,ERR,ERR,ERR,ERR,ERR,ERR,ERR,ERR,ERR,ERR,ERR,ERR,ERR,ERR,ERR,ERR,ERR,ERR,ERR,ERR,ERR,ERR,ERR,ERR,ERR,ERR,ERR,ERR,ERR,ERR,ERR,ERR,ERR,ERR,ERR,ERR,ERR,ERR,ERR,ERR,ERR,ERR,ERR,ERR,ERR,ERR,ERR,ERR,ERR,ERR,ERR,ERR,ERR,ERR,ERR,ERR,ERR,ERR,ERR,ERR,ERR,ERR,ERR,ERR,ERR,ERR,ERR,ERR,ERR,ERR,ERR,ERR,ERR,ERR,ERR,ERR,ERR,ERR,ERR,ERR,ERR,ERR,ERR,ERR,ERR,ERR,ERR,ERR,ERR,ERR,ERR,ERR,ERR,ERR,ERR,ERR,ERR,ERR,ERR,ERR,ERR,ERR,ERR,ERR,ERR,ERR,ERR,ERR,ERR,ERR,ERR,2.7184278591402704e+23,0.0,-0.0,0.0,0.0,0.0,0.0,nan,0,0,0,32768,0,0.0,0,0.0,0.0,0.0,0.0,0.0,0,0,0,0,0.0,0,0,0,0,0,0,0,0,0,0,0,0,0,0,0,0,0,0,0,0,0,0,0,0,0,0,0,0,0,0,0,0,0,0,0,0,0,0,0,0,0,0,0,0,0.0,0.0,0.0,0.0,0.0,0.0,0.0,0.0,0.0,0.0,0.0,0.0,0.0,0.0,0.0,0.0,0.0,0.0,0.0,0.0,0.0,0.0,0.0,0.0,-2.004,2.004,0.0,0.0,0.0,0.0,3405.5,3.697154467689818e+19,0.0,2.7184278591402704e+23,0.0,-0.0,0.0,0.0,0.0,0.0,0.0,0,4.9504239556116174e+32,-3.221978786476472e+26,0.0,0.0,0.0,0.0,0.0,0.0,0.0,0,0,0,0.0,0.0,0.0,0.0,0.0,0.0,0.0,0.0,0.0,0.0,0.0,0.0,0.0,0.0,0.0,0.0,0,-107875648.0,0,0.0,0,-107875648.0,-107877712.0,0,52429,17039,13107,17054,0,17038,0,0,0,110,100,100,2.7302334150594743e+23,64.0,0.0,64.5,0.0,69.0,1,49,50,180,13107,52429,0,0,0.0,0.0,0.0,0.0,2.1310813970797626e+37,65.0,0.0,0.0,0.0,646,0,689,0,0,0,718,0,791,0,710,0,690,0,645,0,643,0,615,0.032,55574528.0,-2.004,0.0,55568,16787,-0.0,0.0,-0.0,0.0,-0.0,3.154311719114106e+30,29.0,60.0,70,0.0,0.0,0.0,0.0,0.0,0.0,0.0,0.0,0.0,0.0,0.0,0.0,0.0,0.0,0.0,0.0,59.2,69,11,65508,41,65476,0,300,0,0,8,20529,65476,0,0,61604,60.0,0.0,0.0,0.0,0.0,0.0
2026-04-04T11:13:22,ERR,ERR,ERR,ERR,ERR,ERR,ERR,ERR,ERR,ERR,ERR,ERR,ERR,ERR,ERR,ERR,ERR,ERR,ERR,ERR,ERR,ERR,ERR,ERR,ERR,ERR,ERR,ERR,ERR,ERR,ERR,ERR,ERR,ERR,ERR,ERR,ERR,ERR,ERR,ERR,ERR,ERR,ERR,ERR,ERR,ERR,ERR,ERR,ERR,ERR,ERR,ERR,ERR,ERR,ERR,ERR,ERR,ERR,ERR,ERR,ERR,ERR,ERR,ERR,ERR,ERR,ERR,ERR,ERR,ERR,ERR,ERR,ERR,ERR,ERR,ERR,ERR,ERR,ERR,ERR,ERR,ERR,ERR,ERR,ERR,ERR,ERR,ERR,ERR,ERR,ERR,ERR,ERR,ERR,ERR,ERR,ERR,ERR,ERR,ERR,ERR,ERR,ERR,ERR,ERR,ERR,ERR,ERR,ERR,ERR,ERR,ERR,ERR,ERR,ERR,ERR,ERR,ERR,ERR,ERR,ERR,ERR,ERR,ERR,ERR,2.7184278591402704e+23,0.0,-0.0,0.0,0.0,0.0,0.0,nan,0,0,0,32768,0,0.0,0,0.0,0.0,0.0,0.0,0.0,0,0,0,0,0.0,0,0,0,0,0,0,0,0,0,0,0,0,0,0,0,0,0,0,0,0,0,0,0,0,0,0,0,0,0,0,0,0,0,0,0,0,0,0,0,0,0,0,0,0,0.0,0.0,0.0,0.0,0.0,0.0,0.0,0.0,0.0,0.0,0.0,0.0,0.0,0.0,0.0,0.0,0.0,0.0,0.0,0.0,0.0,0.0,0.0,0.0,-2.004,2.004,0.0,0.0,0.0,0.0,3405.5,3.697154467689818e+19,0.0,2.7184278591402704e+23,0.0,-0.0,0.0,0.0,0.0,0.0,0.0,0,4.9504239556116174e+32,-3.221978786476472e+26,0.0,0.0,0.0,0.0,0.0,0.0,0.0,0,0,0,0.0,0.0,0.0,0.0,0.0,0.0,0.0,0.0,0.0,0.0,0.0,0.0,0.0,0.0,0.0,0.0,0,-107875648.0,0,0.0,0,-107875648.0,-107877712.0,0,52429,17039,13107,17054,0,17038,0,0,0,110,100,100,2.7302334150594743e+23,64.0,0.0,64.5,0.0,69.0,1,49,50,180,13107,52429,0,0,0.0,0.0,0.0,0.0,2.1310813970797626e+37,65.0,0.0,0.0,0.0,646,0,689,0,0,0,718,0,791,0,710,0,690,0,645,0,643,0,615,0.032,55574528.0,-2.004,0.0,55568,16787,-0.0,0.0,-0.0,0.0,-0.0,3.154311719114106e+30,29.0,60.0,70,0.0,0.0,0.0,0.0,0.0,0.0,0.0,0.0,0.0,0.0,0.0,0.0,0.0,0.0,0.0,0.0,59.2,69,11,65508,41,65476,0,300,0,0,8,20529,65476,0,0,61604,60.0,0.0,0.0,0.0,0.0,0.0
2026-04-04T11:13:23,ERR,ERR,ERR,ERR,ERR,ERR,ERR,ERR,ERR,ERR,ERR,ERR,ERR,ERR,ERR,ERR,ERR,ERR,ERR,ERR,ERR,ERR,ERR,ERR,ERR,ERR,ERR,ERR,ERR,ERR,ERR,ERR,ERR,ERR,ERR,ERR,ERR,ERR,ERR,ERR,ERR,ERR,ERR,ERR,ERR,ERR,ERR,ERR,ERR,ERR,ERR,ERR,ERR,ERR,ERR,ERR,ERR,ERR,ERR,ERR,ERR,ERR,ERR,ERR,ERR,ERR,ERR,ERR,ERR,ERR,ERR,ERR,ERR,ERR,ERR,ERR,ERR,ERR,ERR,ERR,ERR,ERR,ERR,ERR,ERR,ERR,ERR,ERR,ERR,ERR,ERR,ERR,ERR,ERR,ERR,ERR,ERR,ERR,ERR,ERR,ERR,ERR,ERR,ERR,ERR,ERR,ERR,ERR,ERR,ERR,ERR,ERR,ERR,ERR,ERR,ERR,ERR,ERR,ERR,ERR,ERR,ERR,ERR,ERR,ERR,2.7184278591402704e+23,0.0,-0.0,0.0,0.0,0.0,0.0,nan,0,0,0,32768,0,0.0,0,0.0,0.0,0.0,0.0,0.0,0,0,0,0,0.0,0,0,0,0,0,0,0,0,0,0,0,0,0,0,0,0,0,0,0,0,0,0,0,0,0,0,0,0,0,0,0,0,0,0,0,0,0,0,0,0,0,0,0,0,0.0,0.0,0.0,0.0,0.0,0.0,0.0,0.0,0.0,0.0,0.0,0.0,0.0,0.0,0.0,0.0,0.0,0.0,0.0,0.0,0.0,0.0,0.0,0.0,-2.004,2.004,0.0,0.0,0.0,0.0,3405.5,3.697154467689818e+19,0.0,2.7184278591402704e+23,0.0,-0.0,0.0,0.0,0.0,0.0,0.0,0,4.9504239556116174e+32,-3.221978786476472e+26,0.0,0.0,0.0,0.0,0.0,0.0,0.0,0,0,0,0.0,0.0,0.0,0.0,0.0,0.0,0.0,0.0,0.0,0.0,0.0,0.0,0.0,0.0,0.0,0.0,0,-107875648.0,0,0.0,0,-107875648.0,-107877712.0,0,52429,17039,13107,17054,0,17038,0,0,0,110,100,100,2.7302334150594743e+23,64.0,0.0,64.5,0.0,69.0,1,49,50,180,13107,52429,0,0,0.0,0.0,0.0,0.0,2.1310813970797626e+37,65.0,0.0,0.0,0.0,646,0,689,0,0,0,718,0,791,0,710,0,690,0,645,0,643,0,615,0.032,55574528.0,-2.004,0.0,55568,16787,-0.0,0.0,-0.0,0.0,-0.0,3.154311719114106e+30,29.0,60.0,70,0.0,0.0,0.0,0.0,0.0,0.0,0.0,0.0,0.0,0.0,0.0,0.0,0.0,0.0,0.0,0.0,59.2,69,11,65508,41,65476,0,300,0,0,8,20529,65476,0,0,61604,60.0,0.0,0.0,0.0,0.0,0.0
2026-04-04T11:13:24,ERR,ERR,ERR,ERR,ERR,ERR,ERR,ERR,ERR,ERR,ERR,ERR,ERR,ERR,ERR,ERR,ERR,ERR,ERR,ERR,ERR,ERR,ERR,ERR,ERR,ERR,ERR,ERR,ERR,ERR,ERR,ERR,ERR,ERR,ERR,ERR,ERR,ERR,ERR,ERR,ERR,ERR,ERR,ERR,ERR,ERR,ERR,ERR,ERR,ERR,ERR,ERR,ERR,ERR,ERR,ERR,ERR,ERR,ERR,ERR,ERR,ERR,ERR,ERR,ERR,ERR,ERR,ERR,ERR,ERR,ERR,ERR,ERR,ERR,ERR,ERR,ERR,ERR,ERR,ERR,ERR,ERR,ERR,ERR,ERR,ERR,ERR,ERR,ERR,ERR,ERR,ERR,ERR,ERR,ERR,ERR,ERR,ERR,ERR,ERR,ERR,ERR,ERR,ERR,ERR,ERR,ERR,ERR,ERR,ERR,ERR,ERR,ERR,ERR,ERR,ERR,ERR,ERR,ERR,ERR,ERR,ERR,ERR,ERR,ERR,2.7184278591402704e+23,0.0,-0.0,0.0,0.0,0.0,0.0,nan,0,0,0,32768,0,0.0,0,0.0,0.0,0.0,0.0,0.0,0,0,0,0,0.0,0,0,0,0,0,0,0,0,0,0,0,0,0,0,0,0,0,0,0,0,0,0,0,0,0,0,0,0,0,0,0,0,0,0,0,0,0,0,0,0,0,0,0,0,0.0,0.0,0.0,0.0,0.0,0.0,0.0,0.0,0.0,0.0,0.0,0.0,0.0,0.0,0.0,0.0,0.0,0.0,0.0,0.0,0.0,0.0,0.0,0.0,-2.004,2.004,0.0,0.0,0.0,0.0,3405.5,3.697154467689818e+19,0.0,2.7184278591402704e+23,0.0,-0.0,0.0,0.0,0.0,0.0,0.0,0,4.9504239556116174e+32,-3.221978786476472e+26,0.0,0.0,0.0,0.0,0.0,0.0,0.0,0,0,0,0.0,0.0,0.0,0.0,0.0,0.0,0.0,0.0,0.0,0.0,0.0,0.0,0.0,0.0,0.0,0.0,0,-107875648.0,0,0.0,0,-107875648.0,-107877712.0,0,52429,17039,13107,17054,0,17038,0,0,0,110,100,100,-0.0,64.0,0.0,64.5,0.0,69.0,1,49,50,180,13107,52429,0,0,0.0,0.0,0.0,0.0,5.354810457765712e+35,65.0,0.0,0.0,0.0,645,0,689,0,0,0,718,0,791,0,710,0,690,0,645,0,643,0,615,0.032,41943040.0,-2.004,0.0,56976,16787,-0.0,0.0,-0.0,-9.900297801618277e+32,-0.0,4.764021533389619e+16,29.0,60.0,70,0.0,0.0,0.0,0.0,0.0,0.0,0.0,0.0,0.0,0.0,0.0,0.0,0.0,0.0,0.0,0.0,59.2,69,11,65508,41,65476,0,300,0,0,8,20529,65476,0,0,61604,60.0,0.0,0.0,0.0,0.0,0.0
2026-04-04T11:13:25,ERR,ERR,ERR,ERR,ERR,ERR,ERR,ERR,ERR,ERR,ERR,ERR,ERR,ERR,ERR,ERR,ERR,ERR,ERR,ERR,ERR,ERR,ERR,ERR,ERR,ERR,ERR,ERR,ERR,ERR,ERR,ERR,ERR,ERR,ERR,ERR,ERR,ERR,ERR,ERR,ERR,ERR,ERR,ERR,ERR,ERR,ERR,ERR,ERR,ERR,ERR,ERR,ERR,ERR,ERR,ERR,ERR,ERR,ERR,ERR,ERR,ERR,ERR,ERR,ERR,ERR,ERR,ERR,ERR,ERR,ERR,ERR,ERR,ERR,ERR,ERR,ERR,ERR,ERR,ERR,ERR,ERR,ERR,ERR,ERR,ERR,ERR,ERR,ERR,ERR,ERR,ERR,ERR,ERR,ERR,ERR,ERR,ERR,ERR,ERR,ERR,ERR,ERR,ERR,ERR,ERR,ERR,ERR,ERR,ERR,ERR,ERR,ERR,ERR,ERR,ERR,ERR,ERR,ERR,ERR,ERR,ERR,ERR,ERR,ERR,2.7184278591402704e+23,0.0,-0.0,0.0,0.0,0.0,0.0,nan,0,0,0,32768,0,0.0,0,0.0,0.0,0.0,0.0,0.0,0,0,0,0,0.0,0,0,0,0,0,0,0,0,0,0,0,0,0,0,0,0,0,0,0,0,0,0,0,0,0,0,0,0,0,0,0,0,0,0,0,0,0,0,0,0,0,0,0,0,0.0,0.0,0.0,0.0,0.0,0.0,0.0,0.0,0.0,0.0,0.0,0.0,0.0,0.0,0.0,0.0,0.0,0.0,0.0,0.0,0.0,0.0,0.0,0.0,-2.004,2.004,0.0,0.0,0.0,0.0,3405.5,3.697154467689818e+19,0.0,2.7184278591402704e+23,0.0,-0.0,0.0,0.0,0.0,0.0,0.0,0,4.9504239556116174e+32,-3.221978786476472e+26,0.0,0.0,0.0,0.0,0.0,0.0,0.0,0,0,0,0.0,0.0,0.0,0.0,0.0,0.0,0.0,0.0,0.0,0.0,0.0,0.0,0.0,0.0,0.0,0.0,0,-107875648.0,0,0.0,0,-107875648.0,-107877712.0,0,52429,17039,13107,17054,0,17038,0,0,0,110,100,100,-0.0,64.0,0.0,64.5,0.0,69.0,1,49,50,180,13107,52429,0,0,0.0,0.0,0.0,0.0,5.354810457765712e+35,65.0,0.0,0.0,0.0,645,0,689,0,0,0,718,0,791,0,710,0,690,0,645,0,643,0,615,0.032,41943040.0,-2.004,0.0,56976,16787,-0.0,0.0,-0.0,-9.900297801618277e+32,-0.0,4.764021533389619e+16,29.0,60.0,70,0.0,0.0,0.0,0.0,0.0,0.0,0.0,0.0,0.0,0.0,0.0,0.0,0.0,0.0,0.0,0.0,59.2,69,11,65508,41,65476,0,300,0,0,8,20529,65476,0,0,61604,60.0,0.0,0.0,0.0,0.0,0.0
2026-04-04T11:13:26,ERR,ERR,ERR,ERR,ERR,ERR,ERR,ERR,ERR,ERR,ERR,ERR,ERR,ERR,ERR,ERR,ERR,ERR,ERR,ERR,ERR,ERR,ERR,ERR,ERR,ERR,ERR,ERR,ERR,ERR,ERR,ERR,ERR,ERR,ERR,ERR,ERR,ERR,ERR,ERR,ERR,ERR,ERR,ERR,ERR,ERR,ERR,ERR,ERR,ERR,ERR,ERR,ERR,ERR,ERR,ERR,ERR,ERR,ERR,ERR,ERR,ERR,ERR,ERR,ERR,ERR,ERR,ERR,ERR,ERR,ERR,ERR,ERR,ERR,ERR,ERR,ERR,ERR,ERR,ERR,ERR,ERR,ERR,ERR,ERR,ERR,ERR,ERR,ERR,ERR,ERR,ERR,ERR,ERR,ERR,ERR,ERR,ERR,ERR,ERR,ERR,ERR,ERR,ERR,ERR,ERR,ERR,ERR,ERR,ERR,ERR,ERR,ERR,ERR,ERR,ERR,ERR,ERR,ERR,ERR,ERR,ERR,ERR,ERR,ERR,2.7184278591402704e+23,0.0,-0.0,0.0,0.0,0.0,0.0,nan,0,0,0,32768,0,0.0,0,0.0,0.0,0.0,0.0,0.0,0,0,0,0,0.0,0,0,0,0,0,0,0,0,0,0,0,0,0,0,0,0,0,0,0,0,0,0,0,0,0,0,0,0,0,0,0,0,0,0,0,0,0,0,0,0,0,0,0,0,0.0,0.0,0.0,0.0,0.0,0.0,0.0,0.0,0.0,0.0,0.0,0.0,0.0,0.0,0.0,0.0,0.0,0.0,0.0,0.0,0.0,0.0,0.0,0.0,-2.004,2.004,0.0,0.0,0.0,0.0,3405.5,3.697154467689818e+19,0.0,2.7184278591402704e+23,0.0,-0.0,0.0,0.0,0.0,0.0,0.0,0,4.9504239556116174e+32,-3.221978786476472e+26,0.0,0.0,0.0,0.0,0.0,0.0,0.0,0,0,0,0.0,0.0,0.0,0.0,0.0,0.0,0.0,0.0,0.0,0.0,0.0,0.0,0.0,0.0,0.0,0.0,0,-107875648.0,0,0.0,0,-107875648.0,-107877712.0,0,52429,17039,13107,17054,0,17038,0,0,0,110,100,100,-0.0,64.0,0.0,64.5,0.0,69.0,1,49,50,180,13107,52429,0,0,0.0,0.0,0.0,0.0,5.354810457765712e+35,65.0,0.0,0.0,0.0,645,0,689,0,0,0,718,0,791,0,710,0,690,0,645,0,643,0,615,0.032,41943040.0,-2.004,0.0,56976,16787,-0.0,0.0,-0.0,-9.900297801618277e+32,-0.0,4.764021533389619e+16,29.0,60.0,70,0.0,0.0,0.0,0.0,0.0,0.0,0.0,0.0,0.0,0.0,0.0,0.0,0.0,0.0,0.0,0.0,59.2,69,11,65508,41,65476,0,300,0,0,8,20529,65476,0,0,61604,60.0,0.0,0.0,0.0,0.0,0.0
2026-04-04T11:13:27,ERR,ERR,ERR,ERR,ERR,ERR,ERR,ERR,ERR,ERR,ERR,ERR,ERR,ERR,ERR,ERR,ERR,ERR,ERR,ERR,ERR,ERR,ERR,ERR,ERR,ERR,ERR,ERR,ERR,ERR,ERR,ERR,ERR,ERR,ERR,ERR,ERR,ERR,ERR,ERR,ERR,ERR,ERR,ERR,ERR,ERR,ERR,ERR,ERR,ERR,ERR,ERR,ERR,ERR,ERR,ERR,ERR,ERR,ERR,ERR,ERR,ERR,ERR,ERR,ERR,ERR,ERR,ERR,ERR,ERR,ERR,ERR,ERR,ERR,ERR,ERR,ERR,ERR,ERR,ERR,ERR,ERR,ERR,ERR,ERR,ERR,ERR,ERR,ERR,ERR,ERR,ERR,ERR,ERR,ERR,ERR,ERR,ERR,ERR,ERR,ERR,ERR,ERR,ERR,ERR,ERR,ERR,ERR,ERR,ERR,ERR,ERR,ERR,ERR,ERR,ERR,ERR,ERR,ERR,ERR,ERR,ERR,ERR,ERR,ERR,2.7184278591402704e+23,0.0,-0.0,0.0,0.0,0.0,0.0,nan,0,0,0,32768,0,0.0,0,0.0,0.0,0.0,0.0,0.0,0,0,0,0,0.0,0,0,0,0,0,0,0,0,0,0,0,0,0,0,0,0,0,0,0,0,0,0,0,0,0,0,0,0,0,0,0,0,0,0,0,0,0,0,0,0,0,0,0,0,0.0,0.0,0.0,0.0,0.0,0.0,0.0,0.0,0.0,0.0,0.0,0.0,0.0,0.0,0.0,0.0,0.0,0.0,0.0,0.0,0.0,0.0,0.0,0.0,-2.004,2.004,0.0,0.0,0.0,0.0,3405.5,3.697154467689818e+19,0.0,2.7184278591402704e+23,0.0,-0.0,0.0,0.0,0.0,0.0,0.0,0,4.9504239556116174e+32,-3.221978786476472e+26,0.0,0.0,0.0,0.0,0.0,0.0,0.0,0,0,0,0.0,0.0,0.0,0.0,0.0,0.0,0.0,0.0,0.0,0.0,0.0,0.0,0.0,0.0,0.0,0.0,0,-107875648.0,0,0.0,0,-107875648.0,-107877712.0,0,52429,17039,13107,17054,0,17038,0,0,0,110,100,100,-0.0,64.0,0.0,64.5,0.0,69.0,1,49,50,180,13107,52429,0,0,0.0,0.0,0.0,0.0,5.354810457765712e+35,65.0,0.0,0.0,0.0,645,0,689,0,0,0,718,0,791,0,710,0,690,0,645,0,643,0,615,0.032,41943040.0,-2.004,0.0,56976,16787,-0.0,0.0,-0.0,-9.900297801618277e+32,-0.0,4.764021533389619e+16,29.0,60.0,70,0.0,0.0,0.0,0.0,0.0,0.0,0.0,0.0,0.0,0.0,0.0,0.0,0.0,0.0,0.0,0.0,59.2,69,11,65508,41,65476,0,300,0,0,8,20529,65476,0,0,61604,60.0,0.0,0.0,0.0,0.0,0.0
2026-04-04T11:13:28,ERR,ERR,ERR,ERR,ERR,ERR,ERR,ERR,ERR,ERR,ERR,ERR,ERR,ERR,ERR,ERR,ERR,ERR,ERR,ERR,ERR,ERR,ERR,ERR,ERR,ERR,ERR,ERR,ERR,ERR,ERR,ERR,ERR,ERR,ERR,ERR,ERR,ERR,ERR,ERR,ERR,ERR,ERR,ERR,ERR,ERR,ERR,ERR,ERR,ERR,ERR,ERR,ERR,ERR,ERR,ERR,ERR,ERR,ERR,ERR,ERR,ERR,ERR,ERR,ERR,ERR,ERR,ERR,ERR,ERR,ERR,ERR,ERR,ERR,ERR,ERR,ERR,ERR,ERR,ERR,ERR,ERR,ERR,ERR,ERR,ERR,ERR,ERR,ERR,ERR,ERR,ERR,ERR,ERR,ERR,ERR,ERR,ERR,ERR,ERR,ERR,ERR,ERR,ERR,ERR,ERR,ERR,ERR,ERR,ERR,ERR,ERR,ERR,ERR,ERR,ERR,ERR,ERR,ERR,ERR,ERR,ERR,ERR,ERR,ERR,2.7184278591402704e+23,0.0,-0.0,0.0,0.0,0.0,0.0,nan,0,0,0,32768,0,0.0,0,0.0,0.0,0.0,0.0,0.0,0,0,0,0,0.0,0,0,0,0,0,0,0,0,0,0,0,0,0,0,0,0,0,0,0,0,0,0,0,0,0,0,0,0,0,0,0,0,0,0,0,0,0,0,0,0,0,0,0,0,0.0,0.0,0.0,0.0,0.0,0.0,0.0,0.0,0.0,0.0,0.0,0.0,0.0,0.0,0.0,0.0,0.0,0.0,0.0,0.0,0.0,0.0,0.0,0.0,-2.004,2.004,0.0,0.0,0.0,0.0,3405.5,3.697154467689818e+19,0.0,2.7184278591402704e+23,0.0,-0.0,0.0,0.0,0.0,0.0,0.0,0,4.9504239556116174e+32,-3.221978786476472e+26,0.0,0.0,0.0,0.0,0.0,0.0,0.0,0,0,0,0.0,0.0,0.0,0.0,0.0,0.0,0.0,0.0,0.0,0.0,0.0,0.0,0.0,0.0,0.0,0.0,0,-107875648.0,0,0.0,0,-107875648.0,-107877712.0,0,52429,17039,13107,17054,0,17038,0,0,0,110,100,100,-0.0,64.0,0.0,64.5,0.0,69.0,1,49,50,180,13107,52429,0,0,0.0,0.0,0.0,0.0,5.354810457765712e+35,65.0,0.0,0.0,0.0,645,0,689,0,0,0,718,0,791,0,710,0,690,0,645,0,643,0,615,0.032,41943040.0,-2.004,0.0,56976,16787,-0.0,0.0,-0.0,-9.900297801618277e+32,-0.0,4.764021533389619e+16,29.0,60.0,70,0.0,0.0,0.0,0.0,0.0,0.0,0.0,0.0,0.0,0.0,0.0,0.0,0.0,0.0,0.0,0.0,59.2,69,11,65508,41,65476,0,300,0,0,8,20529,65476,0,0,61604,60.0,0.0,0.0,0.0,0.0,0.0
2026-04-04T11:13:29,ERR,ERR,ERR,ERR,ERR,ERR,ERR,ERR,ERR,ERR,ERR,ERR,ERR,ERR,ERR,ERR,ERR,ERR,ERR,ERR,ERR,ERR,ERR,ERR,ERR,ERR,ERR,ERR,ERR,ERR,ERR,ERR,ERR,ERR,ERR,ERR,ERR,ERR,ERR,ERR,ERR,ERR,ERR,ERR,ERR,ERR,ERR,ERR,ERR,ERR,ERR,ERR,ERR,ERR,ERR,ERR,ERR,ERR,ERR,ERR,ERR,ERR,ERR,ERR,ERR,ERR,ERR,ERR,ERR,ERR,ERR,ERR,ERR,ERR,ERR,ERR,ERR,ERR,ERR,ERR,ERR,ERR,ERR,ERR,ERR,ERR,ERR,ERR,ERR,ERR,ERR,ERR,ERR,ERR,ERR,ERR,ERR,ERR,ERR,ERR,ERR,ERR,ERR,ERR,ERR,ERR,ERR,ERR,ERR,ERR,ERR,ERR,ERR,ERR,ERR,ERR,ERR,ERR,ERR,ERR,ERR,ERR,ERR,ERR,ERR,2.7184278591402704e+23,0.0,-0.0,0.0,0.0,0.0,0.0,nan,0,0,0,32768,0,0.0,0,0.0,0.0,0.0,0.0,0.0,0,0,0,0,0.0,0,0,0,0,0,0,0,0,0,0,0,0,0,0,0,0,0,0,0,0,0,0,0,0,0,0,0,0,0,0,0,0,0,0,0,0,0,0,0,0,0,0,0,0,0.0,0.0,0.0,0.0,0.0,0.0,0.0,0.0,0.0,0.0,0.0,0.0,0.0,0.0,0.0,0.0,0.0,0.0,0.0,0.0,0.0,0.0,0.0,0.0,-2.004,2.004,0.0,0.0,0.0,0.0,3406.0,2.004,0.0,2.7184278591402704e+23,0.0,-0.0,0.0,0.0,0.0,0.0,0.0,0,5.8480786593265204e+35,-152016189915136.0,0.0,0.0,0.0,0.0,0.0,0.0,0.0,0,0,0,0.0,0.0,0.0,0.0,0.0,0.0,0.0,0.0,0.0,0.0,0.0,0.0,0.0,0.0,0.0,0.0,0,-107875648.0,0,0.0,0,-107875648.0,-107877712.0,0,52429,17039,13107,17054,0,17038,0,0,0,110,100,100,-0.0,64.0,0.0,64.5,0.0,69.0,1,49,50,180,13107,52429,0,0,0.0,0.0,0.0,0.0,5.354810457765712e+35,65.0,0.0,0.0,0.0,645,0,689,0,0,0,718,0,791,0,710,0,690,0,645,0,643,0,615,0.032,41943040.0,-2.004,0.0,56976,16787,-0.0,0.0,-0.0,-9.900297801618277e+32,-0.0,4.764021533389619e+16,29.0,60.0,70,0.0,0.0,0.0,0.0,0.0,0.0,0.0,0.0,0.0,0.0,0.0,0.0,0.0,0.0,0.0,0.0,59.2,69,11,65508,41,65476,0,300,0,0,8,20529,65476,0,0,61604,60.0,0.0,0.0,0.0,0.0,0.0
2026-04-04T11:13:30,ERR,ERR,ERR,ERR,ERR,ERR,ERR,ERR,ERR,ERR,ERR,ERR,ERR,ERR,ERR,ERR,ERR,ERR,ERR,ERR,ERR,ERR,ERR,ERR,ERR,ERR,ERR,ERR,ERR,ERR,ERR,ERR,ERR,ERR,ERR,ERR,ERR,ERR,ERR,ERR,ERR,ERR,ERR,ERR,ERR,ERR,ERR,ERR,ERR,ERR,ERR,ERR,ERR,ERR,ERR,ERR,ERR,ERR,ERR,ERR,ERR,ERR,ERR,ERR,ERR,ERR,ERR,ERR,ERR,ERR,ERR,ERR,ERR,ERR,ERR,ERR,ERR,ERR,ERR,ERR,ERR,ERR,ERR,ERR,ERR,ERR,ERR,ERR,ERR,ERR,ERR,ERR,ERR,ERR,ERR,ERR,ERR,ERR,ERR,ERR,ERR,ERR,ERR,ERR,ERR,ERR,ERR,ERR,ERR,ERR,ERR,ERR,ERR,ERR,ERR,ERR,ERR,ERR,ERR,ERR,ERR,ERR,ERR,ERR,ERR,2.7184278591402704e+23,0.0,-0.0,0.0,0.0,0.0,0.0,nan,0,0,0,32768,0,0.0,0,0.0,0.0,0.0,0.0,0.0,0,0,0,0,0.0,0,0,0,0,0,0,0,0,0,0,0,0,0,0,0,0,0,0,0,0,0,0,0,0,0,0,0,0,0,0,0,0,0,0,0,0,0,0,0,0,0,0,0,0,0.0,0.0,0.0,0.0,0.0,0.0,0.0,0.0,0.0,0.0,0.0,0.0,0.0,0.0,0.0,0.0,0.0,0.0,0.0,0.0,0.0,0.0,0.0,0.0,-2.004,2.004,0.0,0.0,0.0,0.0,3406.0,2.004,0.0,2.7184278591402704e+23,0.0,-0.0,0.0,0.0,0.0,0.0,0.0,0,5.8480786593265204e+35,-152016189915136.0,0.0,0.0,0.0,0.0,0.0,0.0,0.0,0,0,0,0.0,0.0,0.0,0.0,0.0,0.0,0.0,0.0,0.0,0.0,0.0,0.0,0.0,0.0,0.0,0.0,0,-107875648.0,0,0.0,0,-107875648.0,-107877712.0,0,39322,17039,13107,17054,0,17038,0,0,0,110,100,100,-0.0,64.0,0.0,64.5,0.0,69.0,1,49,50,180,13107,52429,0,0,0.0,0.0,0.0,0.0,-0.0,65.0,0.0,-1031899381760.0,0.0,646,0,689,0,0,0,718,0,791,0,710,0,690,0,645,0,643,0,615,0.032,48758784.0,-2.004,0.0,57104,16787,-0.0,-1031899381760.0,2.380693621106548e+36,-0.0,-0.0,2254892957696.0,29.0,60.0,70,0.0,0.0,0.0,0.0,0.0,0.0,0.0,0.0,0.0,0.0,0.0,0.0,0.0,0.0,0.0,0.0,59.6,69,11,65508,41,65476,0,300,0,0,8,20529,65476,0,0,61604,60.0,0.0,0.0,0.0,0.0,0.0
2026-04-04T11:13:31,ERR,ERR,ERR,ERR,ERR,ERR,ERR,ERR,ERR,ERR,ERR,ERR,ERR,ERR,ERR,ERR,ERR,ERR,ERR,ERR,ERR,ERR,ERR,ERR,ERR,ERR,ERR,ERR,ERR,ERR,ERR,ERR,ERR,ERR,ERR,ERR,ERR,ERR,ERR,ERR,ERR,ERR,ERR,ERR,ERR,ERR,ERR,ERR,ERR,ERR,ERR,ERR,ERR,ERR,ERR,ERR,ERR,ERR,ERR,ERR,ERR,ERR,ERR,ERR,ERR,ERR,ERR,ERR,ERR,ERR,ERR,ERR,ERR,ERR,ERR,ERR,ERR,ERR,ERR,ERR,ERR,ERR,ERR,ERR,ERR,ERR,ERR,ERR,ERR,ERR,ERR,ERR,ERR,ERR,ERR,ERR,ERR,ERR,ERR,ERR,ERR,ERR,ERR,ERR,ERR,ERR,ERR,ERR,ERR,ERR,ERR,ERR,ERR,ERR,ERR,ERR,ERR,ERR,ERR,ERR,ERR,ERR,ERR,ERR,ERR,2.7184278591402704e+23,0.0,-0.0,0.0,0.0,0.0,0.0,nan,0,0,0,32768,0,0.0,0,0.0,0.0,0.0,0.0,0.0,0,0,0,0,0.0,0,0,0,0,0,0,0,0,0,0,0,0,0,0,0,0,0,0,0,0,0,0,0,0,0,0,0,0,0,0,0,0,0,0,0,0,0,0,0,0,0,0,0,0,0.0,0.0,0.0,0.0,0.0,0.0,0.0,0.0,0.0,0.0,0.0,0.0,0.0,0.0,0.0,0.0,0.0,0.0,0.0,0.0,0.0,0.0,0.0,0.0,-2.004,2.004,0.0,0.0,0.0,0.0,3406.0,2.004,0.0,2.7184278591402704e+23,0.0,-0.0,0.0,0.0,0.0,0.0,0.0,0,5.8480786593265204e+35,-152016189915136.0,0.0,0.0,0.0,0.0,0.0,0.0,0.0,0,0,0,0.0,0.0,0.0,0.0,0.0,0.0,0.0,0.0,0.0,0.0,0.0,0.0,0.0,0.0,0.0,0.0,0,-107875648.0,0,0.0,0,-107875648.0,-107877712.0,0,39322,17039,13107,17054,0,17038,0,0,0,110,100,100,-0.0,64.0,0.0,64.5,0.0,69.0,1,49,50,180,13107,52429,0,0,0.0,0.0,0.0,0.0,-0.0,65.0,0.0,-1031899381760.0,0.0,646,0,689,0,0,0,718,0,791,0,710,0,690,0,645,0,643,0,615,0.032,48758784.0,-2.004,0.0,57104,16787,-0.0,-1031899381760.0,2.380693621106548e+36,-0.0,-0.0,2254892957696.0,29.0,60.0,70,0.0,0.0,0.0,0.0,0.0,0.0,0.0,0.0,0.0,0.0,0.0,0.0,0.0,0.0,0.0,0.0,59.6,69,11,65508,41,65476,0,300,0,0,8,20529,65476,0,0,61604,60.0,0.0,0.0,0.0,0.0,0.0
2026-04-04T11:13:32,ERR,ERR,ERR,ERR,ERR,ERR,ERR,ERR,ERR,ERR,ERR,ERR,ERR,ERR,ERR,ERR,ERR,ERR,ERR,ERR,ERR,ERR,ERR,ERR,ERR,ERR,ERR,ERR,ERR,ERR,ERR,ERR,ERR,ERR,ERR,ERR,ERR,ERR,ERR,ERR,ERR,ERR,ERR,ERR,ERR,ERR,ERR,ERR,ERR,ERR,ERR,ERR,ERR,ERR,ERR,ERR,ERR,ERR,ERR,ERR,ERR,ERR,ERR,ERR,ERR,ERR,ERR,ERR,ERR,ERR,ERR,ERR,ERR,ERR,ERR,ERR,ERR,ERR,ERR,ERR,ERR,ERR,ERR,ERR,ERR,ERR,ERR,ERR,ERR,ERR,ERR,ERR,ERR,ERR,ERR,ERR,ERR,ERR,ERR,ERR,ERR,ERR,ERR,ERR,ERR,ERR,ERR,ERR,ERR,ERR,ERR,ERR,ERR,ERR,ERR,ERR,ERR,ERR,ERR,ERR,ERR,ERR,ERR,ERR,ERR,2.7184278591402704e+23,0.0,-0.0,0.0,0.0,0.0,0.0,nan,0,0,0,32768,0,0.0,0,0.0,0.0,0.0,0.0,0.0,0,0,0,0,0.0,0,0,0,0,0,0,0,0,0,0,0,0,0,0,0,0,0,0,0,0,0,0,0,0,0,0,0,0,0,0,0,0,0,0,0,0,0,0,0,0,0,0,0,0,0.0,0.0,0.0,0.0,0.0,0.0,0.0,0.0,0.0,0.0,0.0,0.0,0.0,0.0,0.0,0.0,0.0,0.0,0.0,0.0,0.0,0.0,0.0,0.0,-2.004,2.004,0.0,0.0,0.0,0.0,3406.0,2.004,0.0,2.7184278591402704e+23,0.0,-0.0,0.0,0.0,0.0,0.0,0.0,0,5.8480786593265204e+35,-152016189915136.0,0.0,0.0,0.0,0.0,0.0,0.0,0.0,0,0,0,0.0,0.0,0.0,0.0,0.0,0.0,0.0,0.0,0.0,0.0,0.0,0.0,0.0,0.0,0.0,0.0,0,-107875648.0,0,0.0,0,-107875648.0,-107877712.0,0,39322,17039,13107,17054,0,17038,0,0,0,110,100,100,-0.0,64.0,0.0,64.5,0.0,69.0,1,49,50,180,13107,52429,0,0,0.0,0.0,0.0,0.0,-0.0,65.0,0.0,-1031899381760.0,0.0,646,0,689,0,0,0,718,0,791,0,710,0,690,0,645,0,643,0,615,0.032,48758784.0,-2.004,0.0,57104,16787,-0.0,-1031899381760.0,2.380693621106548e+36,-0.0,-0.0,2254892957696.0,29.0,60.0,70,0.0,0.0,0.0,0.0,0.0,0.0,0.0,0.0,0.0,0.0,0.0,0.0,0.0,0.0,0.0,0.0,59.2,69,11,65508,41,65476,0,300,0,0,8,20529,65476,0,0,61604,60.0,0.0,0.0,0.0,0.0,0.0
2026-04-04T11:13:33,ERR,ERR,ERR,ERR,ERR,ERR,ERR,ERR,ERR,ERR,ERR,ERR,ERR,ERR,ERR,ERR,ERR,ERR,ERR,ERR,ERR,ERR,ERR,ERR,ERR,ERR,ERR,ERR,ERR,ERR,ERR,ERR,ERR,ERR,ERR,ERR,ERR,ERR,ERR,ERR,ERR,ERR,ERR,ERR,ERR,ERR,ERR,ERR,ERR,ERR,ERR,ERR,ERR,ERR,ERR,ERR,ERR,ERR,ERR,ERR,ERR,ERR,ERR,ERR,ERR,ERR,ERR,ERR,ERR,ERR,ERR,ERR,ERR,ERR,ERR,ERR,ERR,ERR,ERR,ERR,ERR,ERR,ERR,ERR,ERR,ERR,ERR,ERR,ERR,ERR,ERR,ERR,ERR,ERR,ERR,ERR,ERR,ERR,ERR,ERR,ERR,ERR,ERR,ERR,ERR,ERR,ERR,ERR,ERR,ERR,ERR,ERR,ERR,ERR,ERR,ERR,ERR,ERR,ERR,ERR,ERR,ERR,ERR,ERR,ERR,2.7184278591402704e+23,0.0,-0.0,0.0,0.0,0.0,0.0,nan,0,0,0,32768,0,0.0,0,0.0,0.0,0.0,0.0,0.0,0,0,0,0,0.0,0,0,0,0,0,0,0,0,0,0,0,0,0,0,0,0,0,0,0,0,0,0,0,0,0,0,0,0,0,0,0,0,0,0,0,0,0,0,0,0,0,0,0,0,0.0,0.0,0.0,0.0,0.0,0.0,0.0,0.0,0.0,0.0,0.0,0.0,0.0,0.0,0.0,0.0,0.0,0.0,0.0,0.0,0.0,0.0,0.0,0.0,-2.004,2.004,0.0,0.0,0.0,0.0,3406.0,2.004,0.0,2.7184278591402704e+23,0.0,-0.0,0.0,0.0,0.0,0.0,0.0,0,5.8480786593265204e+35,-152016189915136.0,0.0,0.0,0.0,0.0,0.0,0.0,0.0,0,0,0,0.0,0.0,0.0,0.0,0.0,0.0,0.0,0.0,0.0,0.0,0.0,0.0,0.0,0.0,0.0,0.0,0,-107875648.0,0,0.0,0,-107875648.0,-107877712.0,0,39322,17039,13107,17054,0,17038,0,0,0,110,100,100,-0.0,64.0,0.0,64.5,0.0,69.0,1,49,50,180,13107,52429,0,0,0.0,0.0,0.0,0.0,-0.0,65.0,0.0,-1031899381760.0,0.0,646,0,689,0,0,0,718,0,791,0,710,0,690,0,645,0,643,0,615,0.032,48758784.0,-2.004,0.0,57104,16787,-0.0,-1031899381760.0,2.380693621106548e+36,-0.0,-0.0,2254892957696.0,29.0,60.0,70,0.0,0.0,0.0,0.0,0.0,0.0,0.0,0.0,0.0,0.0,0.0,0.0,0.0,0.0,0.0,0.0,59.2,69,11,65508,41,65476,0,300,0,0,8,20529,65476,0,0,61604,60.0,0.0,0.0,0.0,0.0,0.0
2026-04-04T11:13:34,ERR,ERR,ERR,ERR,ERR,ERR,ERR,ERR,ERR,ERR,ERR,ERR,ERR,ERR,ERR,ERR,ERR,ERR,ERR,ERR,ERR,ERR,ERR,ERR,ERR,ERR,ERR,ERR,ERR,ERR,ERR,ERR,ERR,ERR,ERR,ERR,ERR,ERR,ERR,ERR,ERR,ERR,ERR,ERR,ERR,ERR,ERR,ERR,ERR,ERR,ERR,ERR,ERR,ERR,ERR,ERR,ERR,ERR,ERR,ERR,ERR,ERR,ERR,ERR,ERR,ERR,ERR,ERR,ERR,ERR,ERR,ERR,ERR,ERR,ERR,ERR,ERR,ERR,ERR,ERR,ERR,ERR,ERR,ERR,ERR,ERR,ERR,ERR,ERR,ERR,ERR,ERR,ERR,ERR,ERR,ERR,ERR,ERR,ERR,ERR,ERR,ERR,ERR,ERR,ERR,ERR,ERR,ERR,ERR,ERR,ERR,ERR,ERR,ERR,ERR,ERR,ERR,ERR,ERR,ERR,ERR,ERR,ERR,ERR,ERR,2.7184278591402704e+23,0.0,-0.0,0.0,0.0,0.0,0.0,nan,0,0,0,32768,0,0.0,0,0.0,0.0,0.0,0.0,0.0,0,0,0,0,0.0,0,0,0,0,0,0,0,0,0,0,0,0,0,0,0,0,0,0,0,0,0,0,0,0,0,0,0,0,0,0,0,0,0,0,0,0,0,0,0,0,0,0,0,0,0.0,0.0,0.0,0.0,0.0,0.0,0.0,0.0,0.0,0.0,0.0,0.0,0.0,0.0,0.0,0.0,0.0,0.0,0.0,0.0,0.0,0.0,0.0,0.0,-2.004,2.004,0.0,0.0,0.0,0.0,3406.0,2.004,0.0,2.7184278591402704e+23,0.0,-0.0,0.0,0.0,0.0,0.0,0.0,0,5.8480786593265204e+35,-152016189915136.0,0.0,0.0,0.0,0.0,0.0,0.0,0.0,0,0,0,0.0,0.0,0.0,0.0,0.0,0.0,0.0,0.0,0.0,0.0,0.0,0.0,0.0,0.0,0.0,0.0,0,-107875648.0,0,0.0,0,-107875648.0,-107877712.0,0,39322,17039,13107,17054,0,17038,0,0,0,110,100,100,-0.0,64.0,0.0,64.5,0.0,69.0,1,49,50,180,13107,52429,0,0,0.0,0.0,0.0,0.0,-0.0,65.0,0.0,0.0,0.0,646,0,689,0,0,0,718,0,791,0,710,0,690,0,645,0,643,0,616,0.032,55574528.0,-2.004,0.0,43920,16787,1.1818481481710614e+37,0.0,-0.0,-340.498,-0.0,235572614397952.0,29.0,60.0,70,0.0,0.0,0.0,0.0,0.0,0.0,0.0,0.0,0.0,0.0,0.0,0.0,0.0,0.0,0.0,0.0,59.2,69,11,65508,41,65476,0,300,0,0,8,20529,65476,0,0,61604,60.0,0.0,0.0,0.0,0.0,0.0
2026-04-04T11:13:35,ERR,ERR,ERR,ERR,ERR,ERR,ERR,ERR,ERR,ERR,ERR,ERR,ERR,ERR,ERR,ERR,ERR,ERR,ERR,ERR,ERR,ERR,ERR,ERR,ERR,ERR,ERR,ERR,ERR,ERR,ERR,ERR,ERR,ERR,ERR,ERR,ERR,ERR,ERR,ERR,ERR,ERR,ERR,ERR,ERR,ERR,ERR,ERR,ERR,ERR,ERR,ERR,ERR,ERR,ERR,ERR,ERR,ERR,ERR,ERR,ERR,ERR,ERR,ERR,ERR,ERR,ERR,ERR,ERR,ERR,ERR,ERR,ERR,ERR,ERR,ERR,ERR,ERR,ERR,ERR,ERR,ERR,ERR,ERR,ERR,ERR,ERR,ERR,ERR,ERR,ERR,ERR,ERR,ERR,ERR,ERR,ERR,ERR,ERR,ERR,ERR,ERR,ERR,ERR,ERR,ERR,ERR,ERR,ERR,ERR,ERR,ERR,ERR,ERR,ERR,ERR,ERR,ERR,ERR,ERR,ERR,ERR,ERR,ERR,ERR,2.7184278591402704e+23,0.0,-0.0,0.0,0.0,0.0,0.0,nan,0,0,0,32768,0,0.0,0,0.0,0.0,0.0,0.0,0.0,0,0,0,0,0.0,0,0,0,0,0,0,0,0,0,0,0,0,0,0,0,0,0,0,0,0,0,0,0,0,0,0,0,0,0,0,0,0,0,0,0,0,0,0,0,0,0,0,0,0,0.0,0.0,0.0,0.0,0.0,0.0,0.0,0.0,0.0,0.0,0.0,0.0,0.0,0.0,0.0,0.0,0.0,0.0,0.0,0.0,0.0,0.0,0.0,0.0,-2.004,2.004,0.0,0.0,0.0,0.0,3405.0,-0.0,0.0,2.7184278591402704e+23,0.0,-0.0,0.0,0.0,0.0,0.0,0.0,0,4.0668755697950344e+29,0.0,0.0,0.0,0.0,0.0,0.0,0.0,0.0,0,0,0,0.0,0.0,0.0,0.0,0.0,0.0,0.0,0.0,0.0,0.0,0.0,0.0,0.0,0.0,0.0,0.0,0,-107875648.0,0,0.0,0,-107875648.0,-107877712.0,0,39322,17039,13107,17054,0,17038,0,0,0,110,100,100,-0.0,64.0,0.0,64.5,0.0,69.0,1,49,50,180,13107,52429,0,0,0.0,0.0,0.0,0.0,-0.0,65.0,0.0,0.0,0.0,646,0,689,0,0,0,718,0,791,0,710,0,690,0,645,0,643,0,616,0.032,55574528.0,-2.004,0.0,43920,16787,1.1818481481710614e+37,0.0,-0.0,-340.498,-0.0,235572614397952.0,29.0,60.0,70,0.0,0.0,0.0,0.0,0.0,0.0,0.0,0.0,0.0,0.0,0.0,0.0,0.0,0.0,0.0,0.0,59.2,69,11,65508,41,65476,0,300,0,0,8,20529,65476,0,0,61604,60.0,0.0,0.0,0.0,0.0,0.0
2026-04-04T11:13:36,ERR,ERR,ERR,ERR,ERR,ERR,ERR,ERR,ERR,ERR,ERR,ERR,ERR,ERR,ERR,ERR,ERR,ERR,ERR,ERR,ERR,ERR,ERR,ERR,ERR,ERR,ERR,ERR,ERR,ERR,ERR,ERR,ERR,ERR,ERR,ERR,ERR,ERR,ERR,ERR,ERR,ERR,ERR,ERR,ERR,ERR,ERR,ERR,ERR,ERR,ERR,ERR,ERR,ERR,ERR,ERR,ERR,ERR,ERR,ERR,ERR,ERR,ERR,ERR,ERR,ERR,ERR,ERR,ERR,ERR,ERR,ERR,ERR,ERR,ERR,ERR,ERR,ERR,ERR,ERR,ERR,ERR,ERR,ERR,ERR,ERR,ERR,ERR,ERR,ERR,ERR,ERR,ERR,ERR,ERR,ERR,ERR,ERR,ERR,ERR,ERR,ERR,ERR,ERR,ERR,ERR,ERR,ERR,ERR,ERR,ERR,ERR,ERR,ERR,ERR,ERR,ERR,ERR,ERR,ERR,ERR,ERR,ERR,ERR,ERR,2.7184278591402704e+23,0.0,-0.0,0.0,0.0,0.0,0.0,nan,0,0,0,32768,0,0.0,0,0.0,0.0,0.0,0.0,0.0,0,0,0,0,0.0,0,0,0,0,0,0,0,0,0,0,0,0,0,0,0,0,0,0,0,0,0,0,0,0,0,0,0,0,0,0,0,0,0,0,0,0,0,0,0,0,0,0,0,0,0.0,0.0,0.0,0.0,0.0,0.0,0.0,0.0,0.0,0.0,0.0,0.0,0.0,0.0,0.0,0.0,0.0,0.0,0.0,0.0,0.0,0.0,0.0,0.0,-2.004,2.004,0.0,0.0,0.0,0.0,3405.0,-0.0,0.0,2.7184278591402704e+23,0.0,-0.0,0.0,0.0,0.0,0.0,0.0,0,4.0668755697950344e+29,0.0,0.0,0.0,0.0,0.0,0.0,0.0,0.0,0,0,0,0.0,0.0,0.0,0.0,0.0,0.0,0.0,0.0,0.0,0.0,0.0,0.0,0.0,0.0,0.0,0.0,0,-107875648.0,0,0.0,0,-107875648.0,-107877712.0,0,39322,17039,13107,17054,0,17038,0,0,0,110,100,100,-0.0,64.0,0.0,64.5,0.0,69.0,1,49,50,180,13107,52429,0,0,0.0,0.0,0.0,0.0,-0.0,65.0,0.0,0.0,0.0,646,0,689,0,0,0,718,0,791,0,710,0,690,0,645,0,643,0,616,0.032,55574528.0,-2.004,0.0,43920,16787,1.1818481481710614e+37,0.0,-0.0,-340.498,-0.0,235572614397952.0,29.0,60.0,70,0.0,0.0,0.0,0.0,0.0,0.0,0.0,0.0,0.0,0.0,0.0,0.0,0.0,0.0,0.0,0.0,59.2,69,11,65508,41,65476,0,300,0,0,8,20529,65476,0,0,61604,60.0,0.0,0.0,0.0,0.0,0.0
2026-04-04T11:13:37,ERR,ERR,ERR,ERR,ERR,ERR,ERR,ERR,ERR,ERR,ERR,ERR,ERR,ERR,ERR,ERR,ERR,ERR,ERR,ERR,ERR,ERR,ERR,ERR,ERR,ERR,ERR,ERR,ERR,ERR,ERR,ERR,ERR,ERR,ERR,ERR,ERR,ERR,ERR,ERR,ERR,ERR,ERR,ERR,ERR,ERR,ERR,ERR,ERR,ERR,ERR,ERR,ERR,ERR,ERR,ERR,ERR,ERR,ERR,ERR,ERR,ERR,ERR,ERR,ERR,ERR,ERR,ERR,ERR,ERR,ERR,ERR,ERR,ERR,ERR,ERR,ERR,ERR,ERR,ERR,ERR,ERR,ERR,ERR,ERR,ERR,ERR,ERR,ERR,ERR,ERR,ERR,ERR,ERR,ERR,ERR,ERR,ERR,ERR,ERR,ERR,ERR,ERR,ERR,ERR,ERR,ERR,ERR,ERR,ERR,ERR,ERR,ERR,ERR,ERR,ERR,ERR,ERR,ERR,ERR,ERR,ERR,ERR,ERR,ERR,2.7184278591402704e+23,0.0,-0.0,0.0,0.0,0.0,0.0,nan,0,0,0,32768,0,0.0,0,0.0,0.0,0.0,0.0,0.0,0,0,0,0,0.0,0,0,0,0,0,0,0,0,0,0,0,0,0,0,0,0,0,0,0,0,0,0,0,0,0,0,0,0,0,0,0,0,0,0,0,0,0,0,0,0,0,0,0,0,0.0,0.0,0.0,0.0,0.0,0.0,0.0,0.0,0.0,0.0,0.0,0.0,0.0,0.0,0.0,0.0,0.0,0.0,0.0,0.0,0.0,0.0,0.0,0.0,-2.004,2.004,0.0,0.0,0.0,0.0,3405.0,-0.0,0.0,2.7184278591402704e+23,0.0,-0.0,0.0,0.0,0.0,0.0,0.0,0,4.0668755697950344e+29,0.0,0.0,0.0,0.0,0.0,0.0,0.0,0.0,0,0,0,0.0,0.0,0.0,0.0,0.0,0.0,0.0,0.0,0.0,0.0,0.0,0.0,0.0,0.0,0.0,0.0,0,-107875648.0,0,0.0,0,-107875648.0,-107877712.0,0,39322,17039,13107,17054,0,17038,0,0,0,110,100,100,-0.0,64.0,0.0,64.5,0.0,69.0,1,49,50,180,13107,52429,0,0,0.0,0.0,0.0,0.0,-0.0,65.0,0.0,0.0,0.0,646,0,689,0,0,0,718,0,791,0,710,0,690,0,645,0,643,0,616,0.032,55574528.0,-2.004,0.0,43920,16787,1.1818481481710614e+37,0.0,-0.0,-340.498,-0.0,235572614397952.0,29.0,60.0,70,0.0,0.0,0.0,0.0,0.0,0.0,0.0,0.0,0.0,0.0,0.0,0.0,0.0,0.0,0.0,0.0,59.2,69,11,65508,41,65476,0,300,0,0,8,20529,65476,0,0,61604,60.0,0.0,0.0,0.0,0.0,0.0
2026-04-04T11:13:39,ERR,ERR,ERR,ERR,ERR,ERR,ERR,ERR,ERR,ERR,ERR,ERR,ERR,ERR,ERR,ERR,ERR,ERR,ERR,ERR,ERR,ERR,ERR,ERR,ERR,ERR,ERR,ERR,ERR,ERR,ERR,ERR,ERR,ERR,ERR,ERR,ERR,ERR,ERR,ERR,ERR,ERR,ERR,ERR,ERR,ERR,ERR,ERR,ERR,ERR,ERR,ERR,ERR,ERR,ERR,ERR,ERR,ERR,ERR,ERR,ERR,ERR,ERR,ERR,ERR,ERR,ERR,ERR,ERR,ERR,ERR,ERR,ERR,ERR,ERR,ERR,ERR,ERR,ERR,ERR,ERR,ERR,ERR,ERR,ERR,ERR,ERR,ERR,ERR,ERR,ERR,ERR,ERR,ERR,ERR,ERR,ERR,ERR,ERR,ERR,ERR,ERR,ERR,ERR,ERR,ERR,ERR,ERR,ERR,ERR,ERR,ERR,ERR,ERR,ERR,ERR,ERR,ERR,ERR,ERR,ERR,ERR,ERR,ERR,ERR,2.7184278591402704e+23,0.0,-0.0,0.0,0.0,0.0,0.0,nan,0,0,0,32768,0,0.0,0,0.0,0.0,0.0,0.0,0.0,0,0,0,0,0.0,0,0,0,0,0,0,0,0,0,0,0,0,0,0,0,0,0,0,0,0,0,0,0,0,0,0,0,0,0,0,0,0,0,0,0,0,0,0,0,0,0,0,0,0,0.0,0.0,0.0,0.0,0.0,0.0,0.0,0.0,0.0,0.0,0.0,0.0,0.0,0.0,0.0,0.0,0.0,0.0,0.0,0.0,0.0,0.0,0.0,0.0,-2.004,2.004,0.0,0.0,0.0,0.0,3405.0,-0.0,0.0,2.7184278591402704e+23,0.0,-0.0,0.0,0.0,0.0,0.0,0.0,0,4.0668755697950344e+29,0.0,0.0,0.0,0.0,0.0,0.0,0.0,0.0,0,0,0,0.0,0.0,0.0,0.0,0.0,0.0,0.0,0.0,0.0,0.0,0.0,0.0,0.0,0.0,0.0,0.0,0,-107875648.0,0,0.0,0,-107875648.0,-107877712.0,0,39322,17039,13107,17054,0,17038,0,0,0,110,100,100,-0.0,64.0,0.0,64.5,0.0,69.0,1,49,50,180,13107,52429,0,0,0.0,0.0,0.0,0.0,-0.0,65.0,0.0,0.0,0.0,646,0,689,0,0,0,718,0,791,0,710,0,690,0,645,0,643,0,616,0.032,55574528.0,-2.004,0.0,43920,16787,1.1818481481710614e+37,0.0,-0.0,-340.498,-0.0,235572614397952.0,29.0,60.0,70,0.0,0.0,0.0,0.0,0.0,0.0,0.0,0.0,0.0,0.0,0.0,0.0,0.0,0.0,0.0,0.0,59.2,69,11,65508,41,65476,0,300,0,0,8,20529,65476,0,0,61604,60.0,0.0,0.0,0.0,0.0,0.0
2026-04-04T11:13:40,ERR,ERR,ERR,ERR,ERR,ERR,ERR,ERR,ERR,ERR,ERR,ERR,ERR,ERR,ERR,ERR,ERR,ERR,ERR,ERR,ERR,ERR,ERR,ERR,ERR,ERR,ERR,ERR,ERR,ERR,ERR,ERR,ERR,ERR,ERR,ERR,ERR,ERR,ERR,ERR,ERR,ERR,ERR,ERR,ERR,ERR,ERR,ERR,ERR,ERR,ERR,ERR,ERR,ERR,ERR,ERR,ERR,ERR,ERR,ERR,ERR,ERR,ERR,ERR,ERR,ERR,ERR,ERR,ERR,ERR,ERR,ERR,ERR,ERR,ERR,ERR,ERR,ERR,ERR,ERR,ERR,ERR,ERR,ERR,ERR,ERR,ERR,ERR,ERR,ERR,ERR,ERR,ERR,ERR,ERR,ERR,ERR,ERR,ERR,ERR,ERR,ERR,ERR,ERR,ERR,ERR,ERR,ERR,ERR,ERR,ERR,ERR,ERR,ERR,ERR,ERR,ERR,ERR,ERR,ERR,ERR,ERR,ERR,ERR,ERR,2.7184278591402704e+23,0.0,-0.0,0.0,0.0,0.0,0.0,nan,0,0,0,32768,0,0.0,0,0.0,0.0,0.0,0.0,0.0,0,0,0,0,0.0,0,0,0,0,0,0,0,0,0,0,0,0,0,0,0,0,0,0,0,0,0,0,0,0,0,0,0,0,0,0,0,0,0,0,0,0,0,0,0,0,0,0,0,0,0.0,0.0,0.0,0.0,0.0,0.0,0.0,0.0,0.0,0.0,0.0,0.0,0.0,0.0,0.0,0.0,0.0,0.0,0.0,0.0,0.0,0.0,0.0,0.0,-2.004,2.004,0.0,0.0,0.0,0.0,3405.0,-0.0,0.0,2.7184278591402704e+23,0.0,-0.0,0.0,0.0,0.0,0.0,0.0,0,4.0668755697950344e+29,0.0,0.0,0.0,0.0,0.0,0.0,0.0,0.0,0,0,0,0.0,0.0,0.0,0.0,0.0,0.0,0.0,0.0,0.0,0.0,0.0,0.0,0.0,0.0,0.0,0.0,0,-107875648.0,0,0.0,0,-107875648.0,-107877712.0,0,39322,17039,13107,17054,0,17038,0,0,0,110,100,100,-0.0,64.0,0.0,64.5,0.0,69.0,1,49,50,180,13107,52429,0,0,0.0,0.0,0.0,0.0,-0.0,65.0,0.0,-4.3422606759049735e+35,0.0,645,0,689,0,0,0,719,0,791,0,710,0,690,0,645,0,643,0,616,0.032,56098816.0,-2.004,0.0,52880,16787,-0.0,-1.7497104247643103e+24,-0.0,0.0,-0.0,1.3997334976425624e+19,29.0,60.0,70,0.0,0.0,0.0,0.0,0.0,0.0,0.0,0.0,0.0,0.0,0.0,0.0,0.0,0.0,0.0,0.0,59.6,69,11,65508,41,65476,0,300,0,0,8,20529,65476,0,0,61604,60.0,0.0,0.0,0.0,0.0,0.0
2026-04-04T11:13:41,ERR,ERR,ERR,ERR,ERR,ERR,ERR,ERR,ERR,ERR,ERR,ERR,ERR,ERR,ERR,ERR,ERR,ERR,ERR,ERR,ERR,ERR,ERR,ERR,ERR,ERR,ERR,ERR,ERR,ERR,ERR,ERR,ERR,ERR,ERR,ERR,ERR,ERR,ERR,ERR,ERR,ERR,ERR,ERR,ERR,ERR,ERR,ERR,ERR,ERR,ERR,ERR,ERR,ERR,ERR,ERR,ERR,ERR,ERR,ERR,ERR,ERR,ERR,ERR,ERR,ERR,ERR,ERR,ERR,ERR,ERR,ERR,ERR,ERR,ERR,ERR,ERR,ERR,ERR,ERR,ERR,ERR,ERR,ERR,ERR,ERR,ERR,ERR,ERR,ERR,ERR,ERR,ERR,ERR,ERR,ERR,ERR,ERR,ERR,ERR,ERR,ERR,ERR,ERR,ERR,ERR,ERR,ERR,ERR,ERR,ERR,ERR,ERR,ERR,ERR,ERR,ERR,ERR,ERR,ERR,ERR,ERR,ERR,ERR,ERR,2.7184278591402704e+23,0.0,-0.0,0.0,0.0,0.0,0.0,nan,0,0,0,32768,0,0.0,0,0.0,0.0,0.0,0.0,0.0,0,0,0,0,0.0,0,0,0,0,0,0,0,0,0,0,0,0,0,0,0,0,0,0,0,0,0,0,0,0,0,0,0,0,0,0,0,0,0,0,0,0,0,0,0,0,0,0,0,0,0.0,0.0,0.0,0.0,0.0,0.0,0.0,0.0,0.0,0.0,0.0,0.0,0.0,0.0,0.0,0.0,0.0,0.0,0.0,0.0,0.0,0.0,0.0,0.0,-2.004,2.004,0.0,0.0,0.0,0.0,3405.0,-0.0,0.0,2.7184278591402704e+23,0.0,-0.0,0.0,0.0,0.0,0.0,0.0,0,4.0668755697950344e+29,0.0,0.0,0.0,0.0,0.0,0.0,0.0,0.0,0,0,0,0.0,0.0,0.0,0.0,0.0,0.0,0.0,0.0,0.0,0.0,0.0,0.0,0.0,0.0,0.0,0.0,0,-107875648.0,0,0.0,0,-107875648.0,-107877712.0,0,39322,17039,13107,17054,0,17038,0,0,0,110,100,100,-0.0,64.0,0.0,64.5,0.0,69.0,1,49,50,180,13107,52429,0,0,0.0,0.0,0.0,0.0,-0.0,65.0,0.0,-4.3422606759049735e+35,0.0,645,0,689,0,0,0,719,0,791,0,710,0,690,0,645,0,643,0,616,0.032,56098816.0,-2.004,0.0,52880,16787,-0.0,-1.7497104247643103e+24,-0.0,0.0,-0.0,1.3997334976425624e+19,29.0,60.0,70,0.0,0.0,0.0,0.0,0.0,0.0,0.0,0.0,0.0,0.0,0.0,0.0,0.0,0.0,0.0,0.0,59.6,69,11,65508,41,65476,0,300,0,0,8,20529,65476,0,0,61604,60.0,0.0,0.0,0.0,0.0,0.0
2026-04-04T11:13:42,ERR,ERR,ERR,ERR,ERR,ERR,ERR,ERR,ERR,ERR,ERR,ERR,ERR,ERR,ERR,ERR,ERR,ERR,ERR,ERR,ERR,ERR,ERR,ERR,ERR,ERR,ERR,ERR,ERR,ERR,ERR,ERR,ERR,ERR,ERR,ERR,ERR,ERR,ERR,ERR,ERR,ERR,ERR,ERR,ERR,ERR,ERR,ERR,ERR,ERR,ERR,ERR,ERR,ERR,ERR,ERR,ERR,ERR,ERR,ERR,ERR,ERR,ERR,ERR,ERR,ERR,ERR,ERR,ERR,ERR,ERR,ERR,ERR,ERR,ERR,ERR,ERR,ERR,ERR,ERR,ERR,ERR,ERR,ERR,ERR,ERR,ERR,ERR,ERR,ERR,ERR,ERR,ERR,ERR,ERR,ERR,ERR,ERR,ERR,ERR,ERR,ERR,ERR,ERR,ERR,ERR,ERR,ERR,ERR,ERR,ERR,ERR,ERR,ERR,ERR,ERR,ERR,ERR,ERR,ERR,ERR,ERR,ERR,ERR,ERR,2.7184278591402704e+23,0.0,-0.0,0.0,0.0,0.0,0.0,nan,0,0,0,32768,0,0.0,0,0.0,0.0,0.0,0.0,0.0,0,0,0,0,0.0,0,0,0,0,0,0,0,0,0,0,0,0,0,0,0,0,0,0,0,0,0,0,0,0,0,0,0,0,0,0,0,0,0,0,0,0,0,0,0,0,0,0,0,0,0.0,0.0,0.0,0.0,0.0,0.0,0.0,0.0,0.0,0.0,0.0,0.0,0.0,0.0,0.0,0.0,0.0,0.0,0.0,0.0,0.0,0.0,0.0,0.0,-2.004,2.004,0.0,0.0,0.0,0.0,3405.0,-0.0,0.0,2.7184278591402704e+23,0.0,-0.0,0.0,0.0,0.0,0.0,0.0,0,4.0668755697950344e+29,0.0,0.0,0.0,0.0,0.0,0.0,0.0,0.0,0,0,0,0.0,0.0,0.0,0.0,0.0,0.0,0.0,0.0,0.0,0.0,0.0,0.0,0.0,0.0,0.0,0.0,0,-107875648.0,0,0.0,0,-107875648.0,-107877712.0,0,39322,17039,13107,17054,0,17038,0,0,0,110,100,100,-0.0,64.0,0.0,64.5,0.0,69.0,1,49,50,180,13107,52429,0,0,0.0,0.0,0.0,0.0,-0.0,65.0,0.0,-4.3422606759049735e+35,0.0,645,0,689,0,0,0,719,0,791,0,710,0,690,0,645,0,643,0,616,0.032,56098816.0,-2.004,0.0,52880,16787,-0.0,-1.7497104247643103e+24,-0.0,0.0,-0.0,1.3997334976425624e+19,29.0,60.0,70,0.0,0.0,0.0,0.0,0.0,0.0,0.0,0.0,0.0,0.0,0.0,0.0,0.0,0.0,0.0,0.0,59.6,69,11,65508,41,65476,0,300,0,0,8,20529,65476,0,0,61604,60.0,0.0,0.0,0.0,0.0,0.0
2026-04-04T11:13:43,ERR,ERR,ERR,ERR,ERR,ERR,ERR,ERR,ERR,ERR,ERR,ERR,ERR,ERR,ERR,ERR,ERR,ERR,ERR,ERR,ERR,ERR,ERR,ERR,ERR,ERR,ERR,ERR,ERR,ERR,ERR,ERR,ERR,ERR,ERR,ERR,ERR,ERR,ERR,ERR,ERR,ERR,ERR,ERR,ERR,ERR,ERR,ERR,ERR,ERR,ERR,ERR,ERR,ERR,ERR,ERR,ERR,ERR,ERR,ERR,ERR,ERR,ERR,ERR,ERR,ERR,ERR,ERR,ERR,ERR,ERR,ERR,ERR,ERR,ERR,ERR,ERR,ERR,ERR,ERR,ERR,ERR,ERR,ERR,ERR,ERR,ERR,ERR,ERR,ERR,ERR,ERR,ERR,ERR,ERR,ERR,ERR,ERR,ERR,ERR,ERR,ERR,ERR,ERR,ERR,ERR,ERR,ERR,ERR,ERR,ERR,ERR,ERR,ERR,ERR,ERR,ERR,ERR,ERR,ERR,ERR,ERR,ERR,ERR,ERR,2.7184278591402704e+23,0.0,-0.0,0.0,0.0,0.0,0.0,nan,0,0,0,32768,0,0.0,0,0.0,0.0,0.0,0.0,0.0,0,0,0,0,0.0,0,0,0,0,0,0,0,0,0,0,0,0,0,0,0,0,0,0,0,0,0,0,0,0,0,0,0,0,0,0,0,0,0,0,0,0,0,0,0,0,0,0,0,0,0.0,0.0,0.0,0.0,0.0,0.0,0.0,0.0,0.0,0.0,0.0,0.0,0.0,0.0,0.0,0.0,0.0,0.0,0.0,0.0,0.0,0.0,0.0,0.0,-2.004,2.004,0.0,0.0,0.0,0.0,3405.0,-0.0,0.0,2.7184278591402704e+23,0.0,-0.0,0.0,0.0,0.0,0.0,0.0,0,4.0668755697950344e+29,0.0,0.0,0.0,0.0,0.0,0.0,0.0,0.0,0,0,0,0.0,0.0,0.0,0.0,0.0,0.0,0.0,0.0,0.0,0.0,0.0,0.0,0.0,0.0,0.0,0.0,0,-107875648.0,0,0.0,0,-107875648.0,-107877712.0,0,39322,17039,13107,17054,0,17038,0,0,0,110,100,100,-0.0,64.0,0.0,64.5,0.0,69.0,1,49,50,180,13107,52429,0,0,0.0,0.0,0.0,0.0,-0.0,65.0,0.0,-4.3422606759049735e+35,0.0,645,0,689,0,0,0,719,0,791,0,710,0,690,0,645,0,643,0,616,0.032,56098816.0,-2.004,0.0,52880,16787,-0.0,-1.7497104247643103e+24,-0.0,0.0,-0.0,1.3997334976425624e+19,29.0,60.0,70,0.0,0.0,0.0,0.0,0.0,0.0,0.0,0.0,0.0,0.0,0.0,0.0,0.0,0.0,0.0,0.0,59.2,69,11,65508,41,65476,0,300,0,0,8,20529,65476,0,0,61604,60.0,0.0,0.0,0.0,0.0,0.0
2026-04-04T11:13:44,ERR,ERR,ERR,ERR,ERR,ERR,ERR,ERR,ERR,ERR,ERR,ERR,ERR,ERR,ERR,ERR,ERR,ERR,ERR,ERR,ERR,ERR,ERR,ERR,ERR,ERR,ERR,ERR,ERR,ERR,ERR,ERR,ERR,ERR,ERR,ERR,ERR,ERR,ERR,ERR,ERR,ERR,ERR,ERR,ERR,ERR,ERR,ERR,ERR,ERR,ERR,ERR,ERR,ERR,ERR,ERR,ERR,ERR,ERR,ERR,ERR,ERR,ERR,ERR,ERR,ERR,ERR,ERR,ERR,ERR,ERR,ERR,ERR,ERR,ERR,ERR,ERR,ERR,ERR,ERR,ERR,ERR,ERR,ERR,ERR,ERR,ERR,ERR,ERR,ERR,ERR,ERR,ERR,ERR,ERR,ERR,ERR,ERR,ERR,ERR,ERR,ERR,ERR,ERR,ERR,ERR,ERR,ERR,ERR,ERR,ERR,ERR,ERR,ERR,ERR,ERR,ERR,ERR,ERR,ERR,ERR,ERR,ERR,ERR,ERR,2.7184278591402704e+23,0.0,-0.0,0.0,0.0,0.0,0.0,nan,0,0,0,32768,0,0.0,0,0.0,0.0,0.0,0.0,0.0,0,0,0,0,0.0,0,0,0,0,0,0,0,0,0,0,0,0,0,0,0,0,0,0,0,0,0,0,0,0,0,0,0,0,0,0,0,0,0,0,0,0,0,0,0,0,0,0,0,0,0.0,0.0,0.0,0.0,0.0,0.0,0.0,0.0,0.0,0.0,0.0,0.0,0.0,0.0,0.0,0.0,0.0,0.0,0.0,0.0,0.0,0.0,0.0,0.0,-2.004,2.004,0.0,0.0,0.0,0.0,3393.5,-0.0,0.0,2.7184278591402704e+23,0.0,-0.0,0.0,0.0,0.0,0.0,0.0,0,-0.0,0.0,0.0,0.0,0.0,0.0,0.0,0.0,0.0,0,0,0,0.0,0.0,0.0,0.0,0.0,0.0,0.0,0.0,0.0,0.0,0.0,0.0,0.0,0.0,0.0,0.0,0,-107875648.0,0,0.0,0,-107875648.0,-107877712.0,0,39322,17039,13107,17054,0,17038,0,0,0,110,100,100,-0.0,64.0,0.0,64.5,0.0,69.0,1,49,50,180,13107,52429,0,0,0.0,0.0,0.0,0.0,-0.0,65.0,0.0,-4.3422606759049735e+35,0.0,645,0,689,0,0,0,719,0,791,0,710,0,690,0,645,0,643,0,616,0.032,56098816.0,-2.004,0.0,52880,16787,-0.0,-1.7497104247643103e+24,-0.0,0.0,-0.0,1.3997334976425624e+19,29.0,60.0,70,0.0,0.0,0.0,0.0,0.0,0.0,0.0,0.0,0.0,0.0,0.0,0.0,0.0,0.0,0.0,0.0,59.2,69,11,65508,41,65476,0,300,0,0,8,20529,65476,0,0,61604,60.0,0.0,0.0,0.0,0.0,0.0
2026-04-04T11:13:45,ERR,ERR,ERR,ERR,ERR,ERR,ERR,ERR,ERR,ERR,ERR,ERR,ERR,ERR,ERR,ERR,ERR,ERR,ERR,ERR,ERR,ERR,ERR,ERR,ERR,ERR,ERR,ERR,ERR,ERR,ERR,ERR,ERR,ERR,ERR,ERR,ERR,ERR,ERR,ERR,ERR,ERR,ERR,ERR,ERR,ERR,ERR,ERR,ERR,ERR,ERR,ERR,ERR,ERR,ERR,ERR,ERR,ERR,ERR,ERR,ERR,ERR,ERR,ERR,ERR,ERR,ERR,ERR,ERR,ERR,ERR,ERR,ERR,ERR,ERR,ERR,ERR,ERR,ERR,ERR,ERR,ERR,ERR,ERR,ERR,ERR,ERR,ERR,ERR,ERR,ERR,ERR,ERR,ERR,ERR,ERR,ERR,ERR,ERR,ERR,ERR,ERR,ERR,ERR,ERR,ERR,ERR,ERR,ERR,ERR,ERR,ERR,ERR,ERR,ERR,ERR,ERR,ERR,ERR,ERR,ERR,ERR,ERR,ERR,ERR,2.7184278591402704e+23,0.0,-0.0,0.0,0.0,0.0,0.0,nan,0,0,0,32768,0,0.0,0,0.0,0.0,0.0,0.0,0.0,0,0,0,0,0.0,0,0,0,0,0,0,0,0,0,0,0,0,0,0,0,0,0,0,0,0,0,0,0,0,0,0,0,0,0,0,0,0,0,0,0,0,0,0,0,0,0,0,0,0,0.0,0.0,0.0,0.0,0.0,0.0,0.0,0.0,0.0,0.0,0.0,0.0,0.0,0.0,0.0,0.0,0.0,0.0,0.0,0.0,0.0,0.0,0.0,0.0,-2.004,2.004,0.0,0.0,0.0,0.0,3393.5,-0.0,0.0,2.7184278591402704e+23,0.0,-0.0,0.0,0.0,0.0,0.0,0.0,0,-0.0,0.0,0.0,0.0,0.0,0.0,0.0,0.0,0.0,0,0,0,0.0,0.0,0.0,0.0,0.0,0.0,0.0,0.0,0.0,0.0,0.0,0.0,0.0,0.0,0.0,0.0,0,-107875648.0,0,0.0,0,-107875648.0,-107877712.0,0,39322,17039,13107,17054,0,17038,0,0,0,110,100,100,-0.0,64.0,0.0,64.5,0.0,69.0,1,49,50,180,13107,52429,0,0,0.0,0.0,0.0,0.0,-0.0,65.0,0.0,-4.3422606759049735e+35,0.0,645,0,689,0,0,0,719,0,791,0,710,0,690,0,645,0,643,0,616,0.032,56098816.0,-2.004,0.0,52880,16787,-0.0,-1.7497104247643103e+24,-0.0,0.0,-0.0,1.3997334976425624e+19,29.0,60.0,70,0.0,0.0,0.0,0.0,0.0,0.0,0.0,0.0,0.0,0.0,0.0,0.0,0.0,0.0,0.0,0.0,59.2,69,11,65508,41,65476,0,300,0,0,8,20529,65476,0,0,61604,60.0,0.0,0.0,0.0,0.0,0.0
2026-04-04T11:13:46,ERR,ERR,ERR,ERR,ERR,ERR,ERR,ERR,ERR,ERR,ERR,ERR,ERR,ERR,ERR,ERR,ERR,ERR,ERR,ERR,ERR,ERR,ERR,ERR,ERR,ERR,ERR,ERR,ERR,ERR,ERR,ERR,ERR,ERR,ERR,ERR,ERR,ERR,ERR,ERR,ERR,ERR,ERR,ERR,ERR,ERR,ERR,ERR,ERR,ERR,ERR,ERR,ERR,ERR,ERR,ERR,ERR,ERR,ERR,ERR,ERR,ERR,ERR,ERR,ERR,ERR,ERR,ERR,ERR,ERR,ERR,ERR,ERR,ERR,ERR,ERR,ERR,ERR,ERR,ERR,ERR,ERR,ERR,ERR,ERR,ERR,ERR,ERR,ERR,ERR,ERR,ERR,ERR,ERR,ERR,ERR,ERR,ERR,ERR,ERR,ERR,ERR,ERR,ERR,ERR,ERR,ERR,ERR,ERR,ERR,ERR,ERR,ERR,ERR,ERR,ERR,ERR,ERR,ERR,ERR,ERR,ERR,ERR,ERR,ERR,2.7184278591402704e+23,0.0,-0.0,0.0,0.0,0.0,0.0,nan,0,0,0,32768,0,0.0,0,0.0,0.0,0.0,0.0,0.0,0,0,0,0,0.0,0,0,0,0,0,0,0,0,0,0,0,0,0,0,0,0,0,0,0,0,0,0,0,0,0,0,0,0,0,0,0,0,0,0,0,0,0,0,0,0,0,0,0,0,0.0,0.0,0.0,0.0,0.0,0.0,0.0,0.0,0.0,0.0,0.0,0.0,0.0,0.0,0.0,0.0,0.0,0.0,0.0,0.0,0.0,0.0,0.0,0.0,-2.004,2.004,0.0,0.0,0.0,0.0,3393.5,-0.0,0.0,2.7184278591402704e+23,0.0,-0.0,0.0,0.0,0.0,0.0,0.0,0,-0.0,0.0,0.0,0.0,0.0,0.0,0.0,0.0,0.0,0,0,0,0.0,0.0,0.0,0.0,0.0,0.0,0.0,0.0,0.0,0.0,0.0,0.0,0.0,0.0,0.0,0.0,0,-107875648.0,0,0.0,0,-107875648.0,-107877712.0,0,39322,17039,13107,17054,0,17038,0,0,0,110,100,100,-0.0,64.0,0.0,64.5,0.0,69.0,1,49,50,180,13107,52429,0,0,0.0,0.0,0.0,0.0,-0.0,65.0,0.0,-1.6174841632439602e+24,0.0,645,0,689,0,0,0,718,0,791,0,710,0,690,0,645,0,643,0,615,0.032,55574528.0,0.0,2.7302316136196234e+23,54160,16787,-0.0,-2.9452003320522976e+37,-0.0,-0.0,-0.0,2.1833820621614488e+36,29.0,60.0,70,0.0,0.0,0.0,0.0,0.0,0.0,0.0,0.0,0.0,0.0,0.0,0.0,0.0,0.0,0.0,0.0,59.2,69,11,65508,41,65476,0,300,0,0,8,20529,65476,0,0,61604,60.0,0.0,0.0,0.0,0.0,0.0
2026-04-04T11:13:47,ERR,ERR,ERR,ERR,ERR,ERR,ERR,ERR,ERR,ERR,ERR,ERR,ERR,ERR,ERR,ERR,ERR,ERR,ERR,ERR,ERR,ERR,ERR,ERR,ERR,ERR,ERR,ERR,ERR,ERR,ERR,ERR,ERR,ERR,ERR,ERR,ERR,ERR,ERR,ERR,ERR,ERR,ERR,ERR,ERR,ERR,ERR,ERR,ERR,ERR,ERR,ERR,ERR,ERR,ERR,ERR,ERR,ERR,ERR,ERR,ERR,ERR,ERR,ERR,ERR,ERR,ERR,ERR,ERR,ERR,ERR,ERR,ERR,ERR,ERR,ERR,ERR,ERR,ERR,ERR,ERR,ERR,ERR,ERR,ERR,ERR,ERR,ERR,ERR,ERR,ERR,ERR,ERR,ERR,ERR,ERR,ERR,ERR,ERR,ERR,ERR,ERR,ERR,ERR,ERR,ERR,ERR,ERR,ERR,ERR,ERR,ERR,ERR,ERR,ERR,ERR,ERR,ERR,ERR,ERR,ERR,ERR,ERR,ERR,ERR,2.7184278591402704e+23,0.0,-0.0,0.0,0.0,0.0,0.0,nan,0,0,0,32768,0,0.0,0,0.0,0.0,0.0,0.0,0.0,0,0,0,0,0.0,0,0,0,0,0,0,0,0,0,0,0,0,0,0,0,0,0,0,0,0,0,0,0,0,0,0,0,0,0,0,0,0,0,0,0,0,0,0,0,0,0,0,0,0,0.0,0.0,0.0,0.0,0.0,0.0,0.0,0.0,0.0,0.0,0.0,0.0,0.0,0.0,0.0,0.0,0.0,0.0,0.0,0.0,0.0,0.0,0.0,0.0,-2.004,2.004,0.0,0.0,0.0,0.0,3393.5,-0.0,0.0,2.7184278591402704e+23,0.0,-0.0,0.0,0.0,0.0,0.0,0.0,0,-0.0,0.0,0.0,0.0,0.0,0.0,0.0,0.0,0.0,0,0,0,0.0,0.0,0.0,0.0,0.0,0.0,0.0,0.0,0.0,0.0,0.0,0.0,0.0,0.0,0.0,0.0,0,-107875648.0,0,0.0,0,-107875648.0,-107877712.0,0,39322,17039,13107,17054,0,17038,0,0,0,110,100,100,-0.0,64.0,0.0,64.5,0.0,69.0,1,49,50,180,13107,52429,0,0,0.0,0.0,0.0,0.0,-0.0,65.0,0.0,-1.6174841632439602e+24,0.0,645,0,689,0,0,0,718,0,791,0,710,0,690,0,645,0,643,0,615,0.032,55574528.0,0.0,2.7302316136196234e+23,54160,16787,-0.0,-2.9452003320522976e+37,-0.0,-0.0,-0.0,2.1833820621614488e+36,29.0,60.0,70,0.0,0.0,0.0,0.0,0.0,0.0,0.0,0.0,0.0,0.0,0.0,0.0,0.0,0.0,0.0,0.0,59.6,69,11,65508,41,65476,0,300,0,0,8,20529,65476,0,0,61604,60.0,0.0,0.0,0.0,0.0,0.0
2026-04-04T11:13:48,ERR,ERR,ERR,ERR,ERR,ERR,ERR,ERR,ERR,ERR,ERR,ERR,ERR,ERR,ERR,ERR,ERR,ERR,ERR,ERR,ERR,ERR,ERR,ERR,ERR,ERR,ERR,ERR,ERR,ERR,ERR,ERR,ERR,ERR,ERR,ERR,ERR,ERR,ERR,ERR,ERR,ERR,ERR,ERR,ERR,ERR,ERR,ERR,ERR,ERR,ERR,ERR,ERR,ERR,ERR,ERR,ERR,ERR,ERR,ERR,ERR,ERR,ERR,ERR,ERR,ERR,ERR,ERR,ERR,ERR,ERR,ERR,ERR,ERR,ERR,ERR,ERR,ERR,ERR,ERR,ERR,ERR,ERR,ERR,ERR,ERR,ERR,ERR,ERR,ERR,ERR,ERR,ERR,ERR,ERR,ERR,ERR,ERR,ERR,ERR,ERR,ERR,ERR,ERR,ERR,ERR,ERR,ERR,ERR,ERR,ERR,ERR,ERR,ERR,ERR,ERR,ERR,ERR,ERR,ERR,ERR,ERR,ERR,ERR,ERR,2.7184278591402704e+23,0.0,-0.0,0.0,0.0,0.0,0.0,nan,0,0,0,32768,0,0.0,0,0.0,0.0,0.0,0.0,0.0,0,0,0,0,0.0,0,0,0,0,0,0,0,0,0,0,0,0,0,0,0,0,0,0,0,0,0,0,0,0,0,0,0,0,0,0,0,0,0,0,0,0,0,0,0,0,0,0,0,0,0.0,0.0,0.0,0.0,0.0,0.0,0.0,0.0,0.0,0.0,0.0,0.0,0.0,0.0,0.0,0.0,0.0,0.0,0.0,0.0,0.0,0.0,0.0,0.0,-2.004,2.004,0.0,0.0,0.0,0.0,3393.5,-0.0,0.0,2.7184278591402704e+23,0.0,-0.0,0.0,0.0,0.0,0.0,0.0,0,-0.0,0.0,0.0,0.0,0.0,0.0,0.0,0.0,0.0,0,0,0,0.0,0.0,0.0,0.0,0.0,0.0,0.0,0.0,0.0,0.0,0.0,0.0,0.0,0.0,0.0,0.0,0,-107875648.0,0,0.0,0,-107875648.0,-107877712.0,0,39322,17039,13107,17054,0,17038,0,0,0,110,100,100,-0.0,64.0,0.0,64.5,0.0,69.0,1,49,50,180,13107,52429,0,0,0.0,0.0,0.0,0.0,-0.0,65.0,0.0,-1.6174841632439602e+24,0.0,645,0,689,0,0,0,718,0,791,0,710,0,690,0,645,0,643,0,615,0.032,55574528.0,0.0,2.7302316136196234e+23,54160,16787,-0.0,-2.9452003320522976e+37,-0.0,-0.0,-0.0,2.1833820621614488e+36,29.0,60.0,70,0.0,0.0,0.0,0.0,0.0,0.0,0.0,0.0,0.0,0.0,0.0,0.0,0.0,0.0,0.0,0.0,59.6,69,11,65508,41,65476,0,300,0,0,8,20529,65476,0,0,61604,60.0,0.0,0.0,0.0,0.0,0.0
2026-04-04T11:13:49,ERR,ERR,ERR,ERR,ERR,ERR,ERR,ERR,ERR,ERR,ERR,ERR,ERR,ERR,ERR,ERR,ERR,ERR,ERR,ERR,ERR,ERR,ERR,ERR,ERR,ERR,ERR,ERR,ERR,ERR,ERR,ERR,ERR,ERR,ERR,ERR,ERR,ERR,ERR,ERR,ERR,ERR,ERR,ERR,ERR,ERR,ERR,ERR,ERR,ERR,ERR,ERR,ERR,ERR,ERR,ERR,ERR,ERR,ERR,ERR,ERR,ERR,ERR,ERR,ERR,ERR,ERR,ERR,ERR,ERR,ERR,ERR,ERR,ERR,ERR,ERR,ERR,ERR,ERR,ERR,ERR,ERR,ERR,ERR,ERR,ERR,ERR,ERR,ERR,ERR,ERR,ERR,ERR,ERR,ERR,ERR,ERR,ERR,ERR,ERR,ERR,ERR,ERR,ERR,ERR,ERR,ERR,ERR,ERR,ERR,ERR,ERR,ERR,ERR,ERR,ERR,ERR,ERR,ERR,ERR,ERR,ERR,ERR,ERR,ERR,2.7184278591402704e+23,0.0,-0.0,0.0,0.0,0.0,0.0,nan,0,0,0,32768,0,0.0,0,0.0,0.0,0.0,0.0,0.0,0,0,0,0,0.0,0,0,0,0,0,0,0,0,0,0,0,0,0,0,0,0,0,0,0,0,0,0,0,0,0,0,0,0,0,0,0,0,0,0,0,0,0,0,0,0,0,0,0,0,0.0,0.0,0.0,0.0,0.0,0.0,0.0,0.0,0.0,0.0,0.0,0.0,0.0,0.0,0.0,0.0,0.0,0.0,0.0,0.0,0.0,0.0,0.0,0.0,-2.004,2.004,0.0,0.0,0.0,0.0,3393.5,-0.0,0.0,2.7184278591402704e+23,0.0,-0.0,0.0,0.0,0.0,0.0,0.0,0,-0.0,0.0,0.0,0.0,0.0,0.0,0.0,0.0,0.0,0,0,0,0.0,0.0,0.0,0.0,0.0,0.0,0.0,0.0,0.0,0.0,0.0,0.0,0.0,0.0,0.0,0.0,0,-107875648.0,0,0.0,0,-107875648.0,-107877712.0,0,39322,17039,13107,17054,0,17038,0,0,0,110,100,100,-0.0,64.0,0.0,64.5,0.0,69.0,1,49,50,180,13107,52429,0,0,0.0,0.0,0.0,0.0,-0.0,65.0,0.0,-1.6174841632439602e+24,0.0,645,0,689,0,0,0,718,0,791,0,710,0,690,0,645,0,643,0,615,0.032,55574528.0,0.0,2.7302316136196234e+23,54160,16787,-0.0,-2.9452003320522976e+37,-0.0,-0.0,-0.0,2.1833820621614488e+36,29.0,60.0,70,0.0,0.0,0.0,0.0,0.0,0.0,0.0,0.0,0.0,0.0,0.0,0.0,0.0,0.0,0.0,0.0,59.6,69,11,65508,41,65476,0,300,0,0,8,20529,65476,0,0,61604,60.0,0.0,0.0,0.0,0.0,0.0
2026-04-04T11:13:50,ERR,ERR,ERR,ERR,ERR,ERR,ERR,ERR,ERR,ERR,ERR,ERR,ERR,ERR,ERR,ERR,ERR,ERR,ERR,ERR,ERR,ERR,ERR,ERR,ERR,ERR,ERR,ERR,ERR,ERR,ERR,ERR,ERR,ERR,ERR,ERR,ERR,ERR,ERR,ERR,ERR,ERR,ERR,ERR,ERR,ERR,ERR,ERR,ERR,ERR,ERR,ERR,ERR,ERR,ERR,ERR,ERR,ERR,ERR,ERR,ERR,ERR,ERR,ERR,ERR,ERR,ERR,ERR,ERR,ERR,ERR,ERR,ERR,ERR,ERR,ERR,ERR,ERR,ERR,ERR,ERR,ERR,ERR,ERR,ERR,ERR,ERR,ERR,ERR,ERR,ERR,ERR,ERR,ERR,ERR,ERR,ERR,ERR,ERR,ERR,ERR,ERR,ERR,ERR,ERR,ERR,ERR,ERR,ERR,ERR,ERR,ERR,ERR,ERR,ERR,ERR,ERR,ERR,ERR,ERR,ERR,ERR,ERR,ERR,ERR,2.7184278591402704e+23,0.0,-0.0,0.0,0.0,0.0,0.0,nan,0,0,0,32768,0,0.0,0,0.0,0.0,0.0,0.0,0.0,0,0,0,0,0.0,0,0,0,0,0,0,0,0,0,0,0,0,0,0,0,0,0,0,0,0,0,0,0,0,0,0,0,0,0,0,0,0,0,0,0,0,0,0,0,0,0,0,0,0,0.0,0.0,0.0,0.0,0.0,0.0,0.0,0.0,0.0,0.0,0.0,0.0,0.0,0.0,0.0,0.0,0.0,0.0,0.0,0.0,0.0,0.0,0.0,0.0,-2.004,2.004,0.0,0.0,0.0,0.0,3393.5,-0.0,0.0,2.7184278591402704e+23,0.0,-0.0,0.0,0.0,0.0,0.0,0.0,0,-0.0,0.0,0.0,0.0,0.0,0.0,0.0,0.0,0.0,0,0,0,0.0,0.0,0.0,0.0,0.0,0.0,0.0,0.0,0.0,0.0,0.0,0.0,0.0,0.0,0.0,0.0,0,-107875648.0,0,0.0,0,-107875648.0,-107877712.0,0,39322,17039,13107,17054,0,17038,0,0,0,110,100,100,-0.0,64.0,0.0,64.5,0.0,69.0,1,49,50,180,13107,52429,0,0,0.0,0.0,0.0,0.0,-0.0,65.0,0.0,4.2023769695599977e+27,0.0,646,0,689,0,0,0,718,0,791,0,710,0,690,0,645,0,643,0,615,0.032,36438016.0,0.0,2.7302316136196234e+23,912,16788,-0.0,4.2023769695599977e+27,0.0,138675300073472.0,4.580304307303219e+18,0.0,29.0,60.0,70,0.0,0.0,0.0,0.0,0.0,0.0,0.0,0.0,0.0,0.0,0.0,0.0,0.0,0.0,0.0,0.0,59.6,69,11,65508,41,65476,0,300,0,0,8,20529,65476,0,0,61604,60.0,0.0,0.0,0.0,0.0,0.0
2026-04-04T11:13:51,ERR,ERR,ERR,ERR,ERR,ERR,ERR,ERR,ERR,ERR,ERR,ERR,ERR,ERR,ERR,ERR,ERR,ERR,ERR,ERR,ERR,ERR,ERR,ERR,ERR,ERR,ERR,ERR,ERR,ERR,ERR,ERR,ERR,ERR,ERR,ERR,ERR,ERR,ERR,ERR,ERR,ERR,ERR,ERR,ERR,ERR,ERR,ERR,ERR,ERR,ERR,ERR,ERR,ERR,ERR,ERR,ERR,ERR,ERR,ERR,ERR,ERR,ERR,ERR,ERR,ERR,ERR,ERR,ERR,ERR,ERR,ERR,ERR,ERR,ERR,ERR,ERR,ERR,ERR,ERR,ERR,ERR,ERR,ERR,ERR,ERR,ERR,ERR,ERR,ERR,ERR,ERR,ERR,ERR,ERR,ERR,ERR,ERR,ERR,ERR,ERR,ERR,ERR,ERR,ERR,ERR,ERR,ERR,ERR,ERR,ERR,ERR,ERR,ERR,ERR,ERR,ERR,ERR,ERR,ERR,ERR,ERR,ERR,ERR,ERR,2.7184278591402704e+23,0.0,-0.0,0.0,0.0,0.0,0.0,nan,0,0,0,32768,0,0.0,0,0.0,0.0,0.0,0.0,0.0,0,0,0,0,0.0,0,0,0,0,0,0,0,0,0,0,0,0,0,0,0,0,0,0,0,0,0,0,0,0,0,0,0,0,0,0,0,0,0,0,0,0,0,0,0,0,0,0,0,0,0.0,0.0,0.0,0.0,0.0,0.0,0.0,0.0,0.0,0.0,0.0,0.0,0.0,0.0,0.0,0.0,0.0,0.0,0.0,0.0,0.0,0.0,0.0,0.0,-2.004,2.004,0.0,0.0,0.0,0.0,3406.0,-0.0,0.0,2.7184278591402704e+23,0.0,-0.0,0.0,0.0,0.0,0.0,0.0,0,5.8480786593265204e+35,0.0,0.0,0.0,0.0,0.0,0.0,0.0,0.0,0,0,0,0.0,0.0,0.0,0.0,0.0,0.0,0.0,0.0,0.0,0.0,0.0,0.0,0.0,0.0,0.0,0.0,0,-107875648.0,0,0.0,0,-107875648.0,-107877712.0,0,39322,17039,13107,17054,0,17038,0,0,0,110,100,100,-0.0,64.0,0.0,64.5,0.0,69.0,1,49,50,180,13107,52429,0,0,0.0,0.0,0.0,0.0,-0.0,65.0,0.0,4.2023769695599977e+27,0.0,646,0,689,0,0,0,718,0,791,0,710,0,690,0,645,0,643,0,615,0.032,36438016.0,0.0,2.7302316136196234e+23,912,16788,-0.0,4.2023769695599977e+27,0.0,138675300073472.0,4.580304307303219e+18,0.0,29.0,60.0,70,0.0,0.0,0.0,0.0,0.0,0.0,0.0,0.0,0.0,0.0,0.0,0.0,0.0,0.0,0.0,0.0,59.6,69,11,65508,41,65476,0,300,0,0,8,20529,65476,0,0,61604,60.0,0.0,0.0,0.0,0.0,0.0
2026-04-04T11:13:52,ERR,ERR,ERR,ERR,ERR,ERR,ERR,ERR,ERR,ERR,ERR,ERR,ERR,ERR,ERR,ERR,ERR,ERR,ERR,ERR,ERR,ERR,ERR,ERR,ERR,ERR,ERR,ERR,ERR,ERR,ERR,ERR,ERR,ERR,ERR,ERR,ERR,ERR,ERR,ERR,ERR,ERR,ERR,ERR,ERR,ERR,ERR,ERR,ERR,ERR,ERR,ERR,ERR,ERR,ERR,ERR,ERR,ERR,ERR,ERR,ERR,ERR,ERR,ERR,ERR,ERR,ERR,ERR,ERR,ERR,ERR,ERR,ERR,ERR,ERR,ERR,ERR,ERR,ERR,ERR,ERR,ERR,ERR,ERR,ERR,ERR,ERR,ERR,ERR,ERR,ERR,ERR,ERR,ERR,ERR,ERR,ERR,ERR,ERR,ERR,ERR,ERR,ERR,ERR,ERR,ERR,ERR,ERR,ERR,ERR,ERR,ERR,ERR,ERR,ERR,ERR,ERR,ERR,ERR,ERR,ERR,ERR,ERR,ERR,ERR,2.7184278591402704e+23,0.0,-0.0,0.0,0.0,0.0,0.0,nan,0,0,0,32768,0,0.0,0,0.0,0.0,0.0,0.0,0.0,0,0,0,0,0.0,0,0,0,0,0,0,0,0,0,0,0,0,0,0,0,0,0,0,0,0,0,0,0,0,0,0,0,0,0,0,0,0,0,0,0,0,0,0,0,0,0,0,0,0,0.0,0.0,0.0,0.0,0.0,0.0,0.0,0.0,0.0,0.0,0.0,0.0,0.0,0.0,0.0,0.0,0.0,0.0,0.0,0.0,0.0,0.0,0.0,0.0,-2.004,2.004,0.0,0.0,0.0,0.0,3406.0,-0.0,0.0,2.7184278591402704e+23,0.0,-0.0,0.0,0.0,0.0,0.0,0.0,0,5.8480786593265204e+35,0.0,0.0,0.0,0.0,0.0,0.0,0.0,0.0,0,0,0,0.0,0.0,0.0,0.0,0.0,0.0,0.0,0.0,0.0,0.0,0.0,0.0,0.0,0.0,0.0,0.0,0,-107875648.0,0,0.0,0,-107875648.0,-107877712.0,0,39322,17039,13107,17054,0,17038,0,0,0,110,100,100,-0.0,64.0,0.0,64.5,0.0,69.0,1,49,50,180,13107,52429,0,0,0.0,0.0,0.0,0.0,-0.0,65.0,0.0,4.2023769695599977e+27,0.0,646,0,689,0,0,0,718,0,791,0,710,0,690,0,645,0,643,0,615,0.032,36438016.0,0.0,2.7302316136196234e+23,912,16788,-0.0,4.2023769695599977e+27,0.0,138675300073472.0,4.580304307303219e+18,0.0,29.0,60.0,70,0.0,0.0,0.0,0.0,0.0,0.0,0.0,0.0,0.0,0.0,0.0,0.0,0.0,0.0,0.0,0.0,59.6,69,11,65508,41,65476,0,300,0,0,8,20529,65476,0,0,61604,60.0,0.0,0.0,0.0,0.0,0.0
2026-04-04T11:13:53,ERR,ERR,ERR,ERR,ERR,ERR,ERR,ERR,ERR,ERR,ERR,ERR,ERR,ERR,ERR,ERR,ERR,ERR,ERR,ERR,ERR,ERR,ERR,ERR,ERR,ERR,ERR,ERR,ERR,ERR,ERR,ERR,ERR,ERR,ERR,ERR,ERR,ERR,ERR,ERR,ERR,ERR,ERR,ERR,ERR,ERR,ERR,ERR,ERR,ERR,ERR,ERR,ERR,ERR,ERR,ERR,ERR,ERR,ERR,ERR,ERR,ERR,ERR,ERR,ERR,ERR,ERR,ERR,ERR,ERR,ERR,ERR,ERR,ERR,ERR,ERR,ERR,ERR,ERR,ERR,ERR,ERR,ERR,ERR,ERR,ERR,ERR,ERR,ERR,ERR,ERR,ERR,ERR,ERR,ERR,ERR,ERR,ERR,ERR,ERR,ERR,ERR,ERR,ERR,ERR,ERR,ERR,ERR,ERR,ERR,ERR,ERR,ERR,ERR,ERR,ERR,ERR,ERR,ERR,ERR,ERR,ERR,ERR,ERR,ERR,2.7184278591402704e+23,0.0,-0.0,0.0,0.0,0.0,0.0,nan,0,0,0,32768,0,0.0,0,0.0,0.0,0.0,0.0,0.0,0,0,0,0,0.0,0,0,0,0,0,0,0,0,0,0,0,0,0,0,0,0,0,0,0,0,0,0,0,0,0,0,0,0,0,0,0,0,0,0,0,0,0,0,0,0,0,0,0,0,0.0,0.0,0.0,0.0,0.0,0.0,0.0,0.0,0.0,0.0,0.0,0.0,0.0,0.0,0.0,0.0,0.0,0.0,0.0,0.0,0.0,0.0,0.0,0.0,-2.004,2.004,0.0,0.0,0.0,0.0,3406.0,-0.0,0.0,2.7184278591402704e+23,0.0,-0.0,0.0,0.0,0.0,0.0,0.0,0,5.8480786593265204e+35,0.0,0.0,0.0,0.0,0.0,0.0,0.0,0.0,0,0,0,0.0,0.0,0.0,0.0,0.0,0.0,0.0,0.0,0.0,0.0,0.0,0.0,0.0,0.0,0.0,0.0,0,-107875648.0,0,0.0,0,-107875648.0,-107877712.0,0,39322,17039,13107,17054,0,17038,0,0,0,110,100,100,-0.0,64.0,0.0,64.5,0.0,69.0,1,49,50,180,13107,52429,0,0,0.0,0.0,0.0,0.0,-0.0,65.0,0.0,4.2023769695599977e+27,0.0,646,0,689,0,0,0,718,0,791,0,710,0,690,0,645,0,643,0,615,0.032,36438016.0,0.0,2.7302316136196234e+23,912,16788,-0.0,4.2023769695599977e+27,0.0,138675300073472.0,4.580304307303219e+18,0.0,29.0,60.0,70,0.0,0.0,0.0,0.0,0.0,0.0,0.0,0.0,0.0,0.0,0.0,0.0,0.0,0.0,0.0,0.0,59.6,69,11,65508,41,65476,0,300,0,0,8,20529,65476,0,0,61604,60.0,0.0,0.0,0.0,0.0,0.0
2026-04-04T11:13:54,ERR,ERR,ERR,ERR,ERR,ERR,ERR,ERR,ERR,ERR,ERR,ERR,ERR,ERR,ERR,ERR,ERR,ERR,ERR,ERR,ERR,ERR,ERR,ERR,ERR,ERR,ERR,ERR,ERR,ERR,ERR,ERR,ERR,ERR,ERR,ERR,ERR,ERR,ERR,ERR,ERR,ERR,ERR,ERR,ERR,ERR,ERR,ERR,ERR,ERR,ERR,ERR,ERR,ERR,ERR,ERR,ERR,ERR,ERR,ERR,ERR,ERR,ERR,ERR,ERR,ERR,ERR,ERR,ERR,ERR,ERR,ERR,ERR,ERR,ERR,ERR,ERR,ERR,ERR,ERR,ERR,ERR,ERR,ERR,ERR,ERR,ERR,ERR,ERR,ERR,ERR,ERR,ERR,ERR,ERR,ERR,ERR,ERR,ERR,ERR,ERR,ERR,ERR,ERR,ERR,ERR,ERR,ERR,ERR,ERR,ERR,ERR,ERR,ERR,ERR,ERR,ERR,ERR,ERR,ERR,ERR,ERR,ERR,ERR,ERR,2.7184278591402704e+23,0.0,-0.0,0.0,0.0,0.0,0.0,nan,0,0,0,32768,0,0.0,0,0.0,0.0,0.0,0.0,0.0,0,0,0,0,0.0,0,0,0,0,0,0,0,0,0,0,0,0,0,0,0,0,0,0,0,0,0,0,0,0,0,0,0,0,0,0,0,0,0,0,0,0,0,0,0,0,0,0,0,0,0.0,0.0,0.0,0.0,0.0,0.0,0.0,0.0,0.0,0.0,0.0,0.0,0.0,0.0,0.0,0.0,0.0,0.0,0.0,0.0,0.0,0.0,0.0,0.0,-2.004,2.004,0.0,0.0,0.0,0.0,3406.0,-0.0,0.0,2.7184278591402704e+23,0.0,-0.0,0.0,0.0,0.0,0.0,0.0,0,5.8480786593265204e+35,0.0,0.0,0.0,0.0,0.0,0.0,0.0,0.0,0,0,0,0.0,0.0,0.0,0.0,0.0,0.0,0.0,0.0,0.0,0.0,0.0,0.0,0.0,0.0,0.0,0.0,0,-107875648.0,0,0.0,0,-107875648.0,-107877712.0,0,39322,17039,13107,17054,0,17038,0,0,0,110,100,100,-0.0,64.0,0.0,64.5,0.0,69.0,1,49,50,180,13107,52429,0,0,0.0,0.0,0.0,0.0,-0.0,65.0,0.0,4.2023769695599977e+27,0.0,646,0,689,0,0,0,718,0,791,0,710,0,690,0,645,0,643,0,615,0.032,36438016.0,0.0,2.7302316136196234e+23,912,16788,-0.0,4.2023769695599977e+27,0.0,138675300073472.0,4.580304307303219e+18,0.0,29.0,60.0,70,0.0,0.0,0.0,0.0,0.0,0.0,0.0,0.0,0.0,0.0,0.0,0.0,0.0,0.0,0.0,0.0,59.2,69,11,65508,41,65476,0,300,0,0,8,20529,65476,0,0,61604,60.0,0.0,0.0,0.0,0.0,0.0
2026-04-04T11:13:55,ERR,ERR,ERR,ERR,ERR,ERR,ERR,ERR,ERR,ERR,ERR,ERR,ERR,ERR,ERR,ERR,ERR,ERR,ERR,ERR,ERR,ERR,ERR,ERR,ERR,ERR,ERR,ERR,ERR,ERR,ERR,ERR,ERR,ERR,ERR,ERR,ERR,ERR,ERR,ERR,ERR,ERR,ERR,ERR,ERR,ERR,ERR,ERR,ERR,ERR,ERR,ERR,ERR,ERR,ERR,ERR,ERR,ERR,ERR,ERR,ERR,ERR,ERR,ERR,ERR,ERR,ERR,ERR,ERR,ERR,ERR,ERR,ERR,ERR,ERR,ERR,ERR,ERR,ERR,ERR,ERR,ERR,ERR,ERR,ERR,ERR,ERR,ERR,ERR,ERR,ERR,ERR,ERR,ERR,ERR,ERR,ERR,ERR,ERR,ERR,ERR,ERR,ERR,ERR,ERR,ERR,ERR,ERR,ERR,ERR,ERR,ERR,ERR,ERR,ERR,ERR,ERR,ERR,ERR,ERR,ERR,ERR,ERR,ERR,ERR,2.7184278591402704e+23,0.0,-0.0,0.0,0.0,0.0,0.0,nan,0,0,0,32768,0,0.0,0,0.0,0.0,0.0,0.0,0.0,0,0,0,0,0.0,0,0,0,0,0,0,0,0,0,0,0,0,0,0,0,0,0,0,0,0,0,0,0,0,0,0,0,0,0,0,0,0,0,0,0,0,0,0,0,0,0,0,0,0,0.0,0.0,0.0,0.0,0.0,0.0,0.0,0.0,0.0,0.0,0.0,0.0,0.0,0.0,0.0,0.0,0.0,0.0,0.0,0.0,0.0,0.0,0.0,0.0,-2.004,2.004,0.0,0.0,0.0,0.0,3406.0,-0.0,0.0,2.7184278591402704e+23,0.0,-0.0,0.0,0.0,0.0,0.0,0.0,0,5.8480786593265204e+35,0.0,0.0,0.0,0.0,0.0,0.0,0.0,0.0,0,0,0,0.0,0.0,0.0,0.0,0.0,0.0,0.0,0.0,0.0,0.0,0.0,0.0,0.0,0.0,0.0,0.0,0,-107875648.0,0,0.0,0,-107875648.0,-107877712.0,0,39322,17039,13107,17054,0,17038,0,0,0,110,100,100,-0.0,64.0,0.0,64.5,0.0,69.0,1,49,50,180,13107,52429,0,0,0.0,0.0,0.0,0.0,-0.0,65.0,0.0,0.0,0.0,646,0,689,0,0,0,718,0,791,0,710,0,690,0,645,0,642,0,615,0.032,55836672.0,0.0,2.7302316136196234e+23,56208,16787,-0.0,0.0,0.0,5.591254614536431e+26,111.629,-1.5613644360435303e+29,29.0,60.0,70,0.0,0.0,0.0,0.0,0.0,0.0,0.0,0.0,0.0,0.0,0.0,0.0,0.0,0.0,0.0,0.0,59.2,69,11,65508,41,65476,0,300,0,0,8,20529,65476,0,0,61604,60.0,0.0,0.0,0.0,0.0,0.0
2026-04-04T11:13:56,ERR,ERR,ERR,ERR,ERR,ERR,ERR,ERR,ERR,ERR,ERR,ERR,ERR,ERR,ERR,ERR,ERR,ERR,ERR,ERR,ERR,ERR,ERR,ERR,ERR,ERR,ERR,ERR,ERR,ERR,ERR,ERR,ERR,ERR,ERR,ERR,ERR,ERR,ERR,ERR,ERR,ERR,ERR,ERR,ERR,ERR,ERR,ERR,ERR,ERR,ERR,ERR,ERR,ERR,ERR,ERR,ERR,ERR,ERR,ERR,ERR,ERR,ERR,ERR,ERR,ERR,ERR,ERR,ERR,ERR,ERR,ERR,ERR,ERR,ERR,ERR,ERR,ERR,ERR,ERR,ERR,ERR,ERR,ERR,ERR,ERR,ERR,ERR,ERR,ERR,ERR,ERR,ERR,ERR,ERR,ERR,ERR,ERR,ERR,ERR,ERR,ERR,ERR,ERR,ERR,ERR,ERR,ERR,ERR,ERR,ERR,ERR,ERR,ERR,ERR,ERR,ERR,ERR,ERR,ERR,ERR,ERR,ERR,ERR,ERR,2.7184278591402704e+23,0.0,-0.0,0.0,0.0,0.0,0.0,nan,0,0,0,32768,0,0.0,0,0.0,0.0,0.0,0.0,0.0,0,0,0,0,0.0,0,0,0,0,0,0,0,0,0,0,0,0,0,0,0,0,0,0,0,0,0,0,0,0,0,0,0,0,0,0,0,0,0,0,0,0,0,0,0,0,0,0,0,0,0.0,0.0,0.0,0.0,0.0,0.0,0.0,0.0,0.0,0.0,0.0,0.0,0.0,0.0,0.0,0.0,0.0,0.0,0.0,0.0,0.0,0.0,0.0,0.0,-2.004,2.004,0.0,0.0,0.0,0.0,3406.0,-0.0,0.0,2.7184278591402704e+23,0.0,-0.0,0.0,0.0,0.0,0.0,0.0,0,5.8480786593265204e+35,0.0,0.0,0.0,0.0,0.0,0.0,0.0,0.0,0,0,0,0.0,0.0,0.0,0.0,0.0,0.0,0.0,0.0,0.0,0.0,0.0,0.0,0.0,0.0,0.0,0.0,0,-107875648.0,0,0.0,0,-107875648.0,-107877712.0,0,39322,17039,13107,17054,0,17038,0,0,0,110,100,100,-0.0,64.0,0.0,64.5,0.0,69.0,1,49,50,180,13107,52429,0,0,0.0,0.0,0.0,0.0,-0.0,65.0,0.0,0.0,0.0,646,0,689,0,0,0,718,0,791,0,710,0,690,0,645,0,642,0,615,0.032,55836672.0,0.0,2.7302316136196234e+23,56208,16787,-0.0,0.0,0.0,5.591254614536431e+26,111.629,-1.5613644360435303e+29,29.0,60.0,70,0.0,0.0,0.0,0.0,0.0,0.0,0.0,0.0,0.0,0.0,0.0,0.0,0.0,0.0,0.0,0.0,59.2,69,11,65508,41,65476,0,300,0,0,8,20529,65476,0,0,61604,60.0,0.0,0.0,0.0,0.0,0.0
2026-04-04T11:13:57,ERR,ERR,ERR,ERR,ERR,ERR,ERR,ERR,ERR,ERR,ERR,ERR,ERR,ERR,ERR,ERR,ERR,ERR,ERR,ERR,ERR,ERR,ERR,ERR,ERR,ERR,ERR,ERR,ERR,ERR,ERR,ERR,ERR,ERR,ERR,ERR,ERR,ERR,ERR,ERR,ERR,ERR,ERR,ERR,ERR,ERR,ERR,ERR,ERR,ERR,ERR,ERR,ERR,ERR,ERR,ERR,ERR,ERR,ERR,ERR,ERR,ERR,ERR,ERR,ERR,ERR,ERR,ERR,ERR,ERR,ERR,ERR,ERR,ERR,ERR,ERR,ERR,ERR,ERR,ERR,ERR,ERR,ERR,ERR,ERR,ERR,ERR,ERR,ERR,ERR,ERR,ERR,ERR,ERR,ERR,ERR,ERR,ERR,ERR,ERR,ERR,ERR,ERR,ERR,ERR,ERR,ERR,ERR,ERR,ERR,ERR,ERR,ERR,ERR,ERR,ERR,ERR,ERR,ERR,ERR,ERR,ERR,ERR,ERR,ERR,2.7184278591402704e+23,0.0,-0.0,0.0,0.0,0.0,0.0,nan,0,0,0,32768,0,0.0,0,0.0,0.0,0.0,0.0,0.0,0,0,0,0,0.0,0,0,0,0,0,0,0,0,0,0,0,0,0,0,0,0,0,0,0,0,0,0,0,0,0,0,0,0,0,0,0,0,0,0,0,0,0,0,0,0,0,0,0,0,0.0,0.0,0.0,0.0,0.0,0.0,0.0,0.0,0.0,0.0,0.0,0.0,0.0,0.0,0.0,0.0,0.0,0.0,0.0,0.0,0.0,0.0,0.0,0.0,-2.004,2.004,0.0,0.0,0.0,0.0,3407.5,-0.0,0.0,2.7184278591402704e+23,0.0,-0.0,0.0,0.0,0.0,0.0,0.0,0,-0.0,0.0,0.0,0.0,0.0,0.0,0.0,0.0,0.0,0,0,0,0.0,0.0,0.0,0.0,0.0,0.0,0.0,0.0,0.0,0.0,0.0,0.0,0.0,0.0,0.0,0.0,0,-107875648.0,0,0.0,0,-107875648.0,-107877712.0,0,39322,17039,13107,17054,0,17038,0,0,0,110,100,100,-0.0,64.0,0.0,64.5,0.0,69.0,1,49,50,180,13107,52429,0,0,0.0,0.0,0.0,0.0,-0.0,65.0,0.0,0.0,0.0,646,0,689,0,0,0,718,0,791,0,710,0,690,0,645,0,642,0,615,0.032,55836672.0,0.0,2.7302316136196234e+23,56208,16787,-0.0,0.0,0.0,5.591254614536431e+26,111.629,-1.5613644360435303e+29,29.0,60.0,70,0.0,0.0,0.0,0.0,0.0,0.0,0.0,0.0,0.0,0.0,0.0,0.0,0.0,0.0,0.0,0.0,59.2,69,11,65508,41,65476,0,300,0,0,8,20529,65476,0,0,61604,60.0,0.0,0.0,0.0,0.0,0.0
2026-04-04T11:13:58,ERR,ERR,ERR,ERR,ERR,ERR,ERR,ERR,ERR,ERR,ERR,ERR,ERR,ERR,ERR,ERR,ERR,ERR,ERR,ERR,ERR,ERR,ERR,ERR,ERR,ERR,ERR,ERR,ERR,ERR,ERR,ERR,ERR,ERR,ERR,ERR,ERR,ERR,ERR,ERR,ERR,ERR,ERR,ERR,ERR,ERR,ERR,ERR,ERR,ERR,ERR,ERR,ERR,ERR,ERR,ERR,ERR,ERR,ERR,ERR,ERR,ERR,ERR,ERR,ERR,ERR,ERR,ERR,ERR,ERR,ERR,ERR,ERR,ERR,ERR,ERR,ERR,ERR,ERR,ERR,ERR,ERR,ERR,ERR,ERR,ERR,ERR,ERR,ERR,ERR,ERR,ERR,ERR,ERR,ERR,ERR,ERR,ERR,ERR,ERR,ERR,ERR,ERR,ERR,ERR,ERR,ERR,ERR,ERR,ERR,ERR,ERR,ERR,ERR,ERR,ERR,ERR,ERR,ERR,ERR,ERR,ERR,ERR,ERR,ERR,2.7184278591402704e+23,0.0,-0.0,0.0,0.0,0.0,0.0,nan,0,0,0,32768,0,0.0,0,0.0,0.0,0.0,0.0,0.0,0,0,0,0,0.0,0,0,0,0,0,0,0,0,0,0,0,0,0,0,0,0,0,0,0,0,0,0,0,0,0,0,0,0,0,0,0,0,0,0,0,0,0,0,0,0,0,0,0,0,0.0,0.0,0.0,0.0,0.0,0.0,0.0,0.0,0.0,0.0,0.0,0.0,0.0,0.0,0.0,0.0,0.0,0.0,0.0,0.0,0.0,0.0,0.0,0.0,-2.004,2.004,0.0,0.0,0.0,0.0,3407.5,-0.0,0.0,2.7184278591402704e+23,0.0,-0.0,0.0,0.0,0.0,0.0,0.0,0,-0.0,0.0,0.0,0.0,0.0,0.0,0.0,0.0,0.0,0,0,0,0.0,0.0,0.0,0.0,0.0,0.0,0.0,0.0,0.0,0.0,0.0,0.0,0.0,0.0,0.0,0.0,0,-107875648.0,0,0.0,0,-107875648.0,-107877712.0,0,39322,17039,13107,17054,0,17038,0,0,0,110,100,100,-0.0,64.0,0.0,64.5,0.0,69.0,1,49,50,180,13107,52429,0,0,0.0,0.0,0.0,0.0,-0.0,65.0,0.0,0.0,0.0,646,0,689,0,0,0,718,0,791,0,710,0,690,0,645,0,642,0,615,0.032,55836672.0,0.0,2.7302316136196234e+23,56208,16787,-0.0,0.0,0.0,5.591254614536431e+26,111.629,-1.5613644360435303e+29,29.0,60.0,70,0.0,0.0,0.0,0.0,0.0,0.0,0.0,0.0,0.0,0.0,0.0,0.0,0.0,0.0,0.0,0.0,59.2,69,11,65508,41,65476,0,300,0,0,8,20529,65476,0,0,61604,60.0,0.0,0.0,0.0,0.0,0.0
2026-04-04T11:13:59,ERR,ERR,ERR,ERR,ERR,ERR,ERR,ERR,ERR,ERR,ERR,ERR,ERR,ERR,ERR,ERR,ERR,ERR,ERR,ERR,ERR,ERR,ERR,ERR,ERR,ERR,ERR,ERR,ERR,ERR,ERR,ERR,ERR,ERR,ERR,ERR,ERR,ERR,ERR,ERR,ERR,ERR,ERR,ERR,ERR,ERR,ERR,ERR,ERR,ERR,ERR,ERR,ERR,ERR,ERR,ERR,ERR,ERR,ERR,ERR,ERR,ERR,ERR,ERR,ERR,ERR,ERR,ERR,ERR,ERR,ERR,ERR,ERR,ERR,ERR,ERR,ERR,ERR,ERR,ERR,ERR,ERR,ERR,ERR,ERR,ERR,ERR,ERR,ERR,ERR,ERR,ERR,ERR,ERR,ERR,ERR,ERR,ERR,ERR,ERR,ERR,ERR,ERR,ERR,ERR,ERR,ERR,ERR,ERR,ERR,ERR,ERR,ERR,ERR,ERR,ERR,ERR,ERR,ERR,ERR,ERR,ERR,ERR,ERR,ERR,2.7184278591402704e+23,0.0,-0.0,0.0,0.0,0.0,0.0,nan,0,0,0,32768,0,0.0,0,0.0,0.0,0.0,0.0,0.0,0,0,0,0,0.0,0,0,0,0,0,0,0,0,0,0,0,0,0,0,0,0,0,0,0,0,0,0,0,0,0,0,0,0,0,0,0,0,0,0,0,0,0,0,0,0,0,0,0,0,0.0,0.0,0.0,0.0,0.0,0.0,0.0,0.0,0.0,0.0,0.0,0.0,0.0,0.0,0.0,0.0,0.0,0.0,0.0,0.0,0.0,0.0,0.0,0.0,-2.004,2.004,0.0,0.0,0.0,0.0,3407.5,-0.0,0.0,2.7184278591402704e+23,0.0,-0.0,0.0,0.0,0.0,0.0,0.0,0,-0.0,0.0,0.0,0.0,0.0,0.0,0.0,0.0,0.0,0,0,0,0.0,0.0,0.0,0.0,0.0,0.0,0.0,0.0,0.0,0.0,0.0,0.0,0.0,0.0,0.0,0.0,0,-107875648.0,0,0.0,0,-107875648.0,-107877712.0,0,39322,17039,13107,17054,0,17038,0,0,0,110,100,100,2.7302334150594743e+23,64.0,0.0,64.5,0.0,69.0,1,49,50,180,13107,52429,0,0,0.0,0.0,0.0,0.0,-0.0,65.0,0.0,-4.105662608842922e+27,0.0,646,0,689,0,0,0,718,0,791,0,710,0,690,0,645,0,643,0,615,0.032,55574528.0,-2.004,0.0,9104,16788,-0.0,-6376.249,-1.9052309338604857e+20,-8.829949323983664e+27,0.0,-735521865728.0,29.0,60.0,70,0.0,0.0,0.0,0.0,0.0,0.0,0.0,0.0,0.0,0.0,0.0,0.0,0.0,0.0,0.0,0.0,59.2,69,11,65508,41,65476,0,300,0,0,8,20529,65476,0,0,61604,60.0,0.0,0.0,0.0,0.0,0.0
2026-04-04T11:14:00,ERR,ERR,ERR,ERR,ERR,ERR,ERR,ERR,ERR,ERR,ERR,ERR,ERR,ERR,ERR,ERR,ERR,ERR,ERR,ERR,ERR,ERR,ERR,ERR,ERR,ERR,ERR,ERR,ERR,ERR,ERR,ERR,ERR,ERR,ERR,ERR,ERR,ERR,ERR,ERR,ERR,ERR,ERR,ERR,ERR,ERR,ERR,ERR,ERR,ERR,ERR,ERR,ERR,ERR,ERR,ERR,ERR,ERR,ERR,ERR,ERR,ERR,ERR,ERR,ERR,ERR,ERR,ERR,ERR,ERR,ERR,ERR,ERR,ERR,ERR,ERR,ERR,ERR,ERR,ERR,ERR,ERR,ERR,ERR,ERR,ERR,ERR,ERR,ERR,ERR,ERR,ERR,ERR,ERR,ERR,ERR,ERR,ERR,ERR,ERR,ERR,ERR,ERR,ERR,ERR,ERR,ERR,ERR,ERR,ERR,ERR,ERR,ERR,ERR,ERR,ERR,ERR,ERR,ERR,ERR,ERR,ERR,ERR,ERR,ERR,2.7184278591402704e+23,0.0,-0.0,0.0,0.0,0.0,0.0,nan,0,0,0,32768,0,0.0,0,0.0,0.0,0.0,0.0,0.0,0,0,0,0,0.0,0,0,0,0,0,0,0,0,0,0,0,0,0,0,0,0,0,0,0,0,0,0,0,0,0,0,0,0,0,0,0,0,0,0,0,0,0,0,0,0,0,0,0,0,0.0,0.0,0.0,0.0,0.0,0.0,0.0,0.0,0.0,0.0,0.0,0.0,0.0,0.0,0.0,0.0,0.0,0.0,0.0,0.0,0.0,0.0,0.0,0.0,-2.004,2.004,0.0,0.0,0.0,0.0,3407.5,-0.0,0.0,2.7184278591402704e+23,0.0,-0.0,0.0,0.0,0.0,0.0,0.0,0,-0.0,0.0,0.0,0.0,0.0,0.0,0.0,0.0,0.0,0,0,0,0.0,0.0,0.0,0.0,0.0,0.0,0.0,0.0,0.0,0.0,0.0,0.0,0.0,0.0,0.0,0.0,0,-107875648.0,0,0.0,0,-107875648.0,-107877712.0,0,39322,17039,13107,17054,0,17038,0,0,0,110,100,100,2.7302334150594743e+23,64.0,0.0,64.5,0.0,69.0,1,49,50,180,13107,52429,0,0,0.0,0.0,0.0,0.0,-0.0,65.0,0.0,-4.105662608842922e+27,0.0,646,0,689,0,0,0,718,0,791,0,710,0,690,0,645,0,643,0,615,0.032,55574528.0,-2.004,0.0,9104,16788,-0.0,-6376.249,-1.9052309338604857e+20,-8.829949323983664e+27,0.0,-735521865728.0,29.0,60.0,70,0.0,0.0,0.0,0.0,0.0,0.0,0.0,0.0,0.0,0.0,0.0,0.0,0.0,0.0,0.0,0.0,59.2,69,11,65508,41,65476,0,300,0,0,8,20529,65476,0,0,61604,60.0,0.0,0.0,0.0,0.0,0.0
2026-04-04T11:14:01,ERR,ERR,ERR,ERR,ERR,ERR,ERR,ERR,ERR,ERR,ERR,ERR,ERR,ERR,ERR,ERR,ERR,ERR,ERR,ERR,ERR,ERR,ERR,ERR,ERR,ERR,ERR,ERR,ERR,ERR,ERR,ERR,ERR,ERR,ERR,ERR,ERR,ERR,ERR,ERR,ERR,ERR,ERR,ERR,ERR,ERR,ERR,ERR,ERR,ERR,ERR,ERR,ERR,ERR,ERR,ERR,ERR,ERR,ERR,ERR,ERR,ERR,ERR,ERR,ERR,ERR,ERR,ERR,ERR,ERR,ERR,ERR,ERR,ERR,ERR,ERR,ERR,ERR,ERR,ERR,ERR,ERR,ERR,ERR,ERR,ERR,ERR,ERR,ERR,ERR,ERR,ERR,ERR,ERR,ERR,ERR,ERR,ERR,ERR,ERR,ERR,ERR,ERR,ERR,ERR,ERR,ERR,ERR,ERR,ERR,ERR,ERR,ERR,ERR,ERR,ERR,ERR,ERR,ERR,ERR,ERR,ERR,ERR,ERR,ERR,2.7184278591402704e+23,0.0,-0.0,0.0,0.0,0.0,0.0,nan,0,0,0,32768,0,0.0,0,0.0,0.0,0.0,0.0,0.0,0,0,0,0,0.0,0,0,0,0,0,0,0,0,0,0,0,0,0,0,0,0,0,0,0,0,0,0,0,0,0,0,0,0,0,0,0,0,0,0,0,0,0,0,0,0,0,0,0,0,0.0,0.0,0.0,0.0,0.0,0.0,0.0,0.0,0.0,0.0,0.0,0.0,0.0,0.0,0.0,0.0,0.0,0.0,0.0,0.0,0.0,0.0,0.0,0.0,-2.004,2.004,0.0,0.0,0.0,0.0,3407.5,-0.0,0.0,2.7184278591402704e+23,0.0,-0.0,0.0,0.0,0.0,0.0,0.0,0,-0.0,0.0,0.0,0.0,0.0,0.0,0.0,0.0,0.0,0,0,0,0.0,0.0,0.0,0.0,0.0,0.0,0.0,0.0,0.0,0.0,0.0,0.0,0.0,0.0,0.0,0.0,0,-107875648.0,0,0.0,0,-107875648.0,-107877712.0,0,39322,17039,13107,17054,0,17038,0,0,0,110,100,100,2.7302334150594743e+23,64.0,0.0,64.5,0.0,69.0,1,49,50,180,13107,52429,0,0,0.0,0.0,0.0,0.0,-0.0,65.0,0.0,-4.105662608842922e+27,0.0,646,0,689,0,0,0,718,0,791,0,710,0,690,0,645,0,643,0,615,0.032,55574528.0,-2.004,0.0,9104,16788,-0.0,-6376.249,-1.9052309338604857e+20,-8.829949323983664e+27,0.0,-735521865728.0,29.0,60.0,70,0.0,0.0,0.0,0.0,0.0,0.0,0.0,0.0,0.0,0.0,0.0,0.0,0.0,0.0,0.0,0.0,59.2,69,11,65508,41,65476,0,300,0,0,8,20529,65476,0,0,61604,60.0,0.0,0.0,0.0,0.0,0.0
2026-04-04T11:14:02,ERR,ERR,ERR,ERR,ERR,ERR,ERR,ERR,ERR,ERR,ERR,ERR,ERR,ERR,ERR,ERR,ERR,ERR,ERR,ERR,ERR,ERR,ERR,ERR,ERR,ERR,ERR,ERR,ERR,ERR,ERR,ERR,ERR,ERR,ERR,ERR,ERR,ERR,ERR,ERR,ERR,ERR,ERR,ERR,ERR,ERR,ERR,ERR,ERR,ERR,ERR,ERR,ERR,ERR,ERR,ERR,ERR,ERR,ERR,ERR,ERR,ERR,ERR,ERR,ERR,ERR,ERR,ERR,ERR,ERR,ERR,ERR,ERR,ERR,ERR,ERR,ERR,ERR,ERR,ERR,ERR,ERR,ERR,ERR,ERR,ERR,ERR,ERR,ERR,ERR,ERR,ERR,ERR,ERR,ERR,ERR,ERR,ERR,ERR,ERR,ERR,ERR,ERR,ERR,ERR,ERR,ERR,ERR,ERR,ERR,ERR,ERR,ERR,ERR,ERR,ERR,ERR,ERR,ERR,ERR,ERR,ERR,ERR,ERR,ERR,2.7184278591402704e+23,0.0,-0.0,0.0,0.0,0.0,0.0,nan,0,0,0,32768,0,0.0,0,0.0,0.0,0.0,0.0,0.0,0,0,0,0,0.0,0,0,0,0,0,0,0,0,0,0,0,0,0,0,0,0,0,0,0,0,0,0,0,0,0,0,0,0,0,0,0,0,0,0,0,0,0,0,0,0,0,0,0,0,0.0,0.0,0.0,0.0,0.0,0.0,0.0,0.0,0.0,0.0,0.0,0.0,0.0,0.0,0.0,0.0,0.0,0.0,0.0,0.0,0.0,0.0,0.0,0.0,-2.004,2.004,0.0,0.0,0.0,0.0,3407.5,-0.0,0.0,2.7184278591402704e+23,0.0,-0.0,0.0,0.0,0.0,0.0,0.0,0,-0.0,0.0,0.0,0.0,0.0,0.0,0.0,0.0,0.0,0,0,0,0.0,0.0,0.0,0.0,0.0,0.0,0.0,0.0,0.0,0.0,0.0,0.0,0.0,0.0,0.0,0.0,0,-107875648.0,0,0.0,0,-107875648.0,-107877712.0,0,39322,17039,13107,17054,0,17038,0,0,0,110,100,100,2.7302334150594743e+23,64.0,0.0,64.5,0.0,69.0,1,49,50,180,13107,52429,0,0,0.0,0.0,0.0,0.0,-0.0,65.0,0.0,-4.105662608842922e+27,0.0,646,0,689,0,0,0,718,0,791,0,710,0,690,0,645,0,643,0,615,0.032,55574528.0,-2.004,0.0,9104,16788,-0.0,-6376.249,-1.9052309338604857e+20,-8.829949323983664e+27,0.0,-735521865728.0,29.0,60.0,70,0.0,0.0,0.0,0.0,0.0,0.0,0.0,0.0,0.0,0.0,0.0,0.0,0.0,0.0,0.0,0.0,59.2,69,11,65508,41,65476,0,300,0,0,8,20529,65476,0,0,61604,60.0,0.0,0.0,0.0,0.0,0.0
2026-04-04T11:14:03,ERR,ERR,ERR,ERR,ERR,ERR,ERR,ERR,ERR,ERR,ERR,ERR,ERR,ERR,ERR,ERR,ERR,ERR,ERR,ERR,ERR,ERR,ERR,ERR,ERR,ERR,ERR,ERR,ERR,ERR,ERR,ERR,ERR,ERR,ERR,ERR,ERR,ERR,ERR,ERR,ERR,ERR,ERR,ERR,ERR,ERR,ERR,ERR,ERR,ERR,ERR,ERR,ERR,ERR,ERR,ERR,ERR,ERR,ERR,ERR,ERR,ERR,ERR,ERR,ERR,ERR,ERR,ERR,ERR,ERR,ERR,ERR,ERR,ERR,ERR,ERR,ERR,ERR,ERR,ERR,ERR,ERR,ERR,ERR,ERR,ERR,ERR,ERR,ERR,ERR,ERR,ERR,ERR,ERR,ERR,ERR,ERR,ERR,ERR,ERR,ERR,ERR,ERR,ERR,ERR,ERR,ERR,ERR,ERR,ERR,ERR,ERR,ERR,ERR,ERR,ERR,ERR,ERR,ERR,ERR,ERR,ERR,ERR,ERR,ERR,2.7184278591402704e+23,0.0,-0.0,0.0,0.0,0.0,0.0,nan,0,0,0,32768,0,0.0,0,0.0,0.0,0.0,0.0,0.0,0,0,0,0,0.0,0,0,0,0,0,0,0,0,0,0,0,0,0,0,0,0,0,0,0,0,0,0,0,0,0,0,0,0,0,0,0,0,0,0,0,0,0,0,0,0,0,0,0,0,0.0,0.0,0.0,0.0,0.0,0.0,0.0,0.0,0.0,0.0,0.0,0.0,0.0,0.0,0.0,0.0,0.0,0.0,0.0,0.0,0.0,0.0,0.0,0.0,-2.004,0.0,0.0,0.0,0.0,0.0,3406.5,-0.0,0.0,2.7184278591402704e+23,0.0,-0.0,0.0,0.0,0.0,0.0,0.0,0,-0.0,0.0,0.0,0.0,0.0,0.0,0.0,0.0,0.0,0,0,0,0.0,0.0,0.0,0.0,0.0,0.0,0.0,0.0,0.0,0.0,0.0,0.0,0.0,0.0,0.0,0.0,0,-107875648.0,0,0.0,0,-107875648.0,-107877712.0,0,39322,17039,13107,17054,0,17038,0,0,0,110,100,100,-0.0,64.0,0.0,64.5,0.0,69.0,1,49,50,180,13107,52429,0,0,0.0,0.0,0.0,0.0,-0.0,65.0,0.0,1.6512135551441493e+32,0.0,646,0,689,0,0,0,718,0,791,0,710,0,690,0,645,0,643,0,615,0.032,55836672.0,0.0,2.7302316136196234e+23,7312,16788,-0.0,1.6512135551441493e+32,-0.0,-37027528.0,0.0,-0.0,29.0,60.0,70,0.0,0.0,0.0,0.0,0.0,0.0,0.0,0.0,0.0,0.0,0.0,0.0,0.0,0.0,0.0,0.0,59.2,69,11,65508,41,65476,0,300,0,0,8,20529,65476,0,0,61604,60.0,0.0,0.0,0.0,0.0,0.0
2026-04-04T11:14:04,ERR,ERR,ERR,ERR,ERR,ERR,ERR,ERR,ERR,ERR,ERR,ERR,ERR,ERR,ERR,ERR,ERR,ERR,ERR,ERR,ERR,ERR,ERR,ERR,ERR,ERR,ERR,ERR,ERR,ERR,ERR,ERR,ERR,ERR,ERR,ERR,ERR,ERR,ERR,ERR,ERR,ERR,ERR,ERR,ERR,ERR,ERR,ERR,ERR,ERR,ERR,ERR,ERR,ERR,ERR,ERR,ERR,ERR,ERR,ERR,ERR,ERR,ERR,ERR,ERR,ERR,ERR,ERR,ERR,ERR,ERR,ERR,ERR,ERR,ERR,ERR,ERR,ERR,ERR,ERR,ERR,ERR,ERR,ERR,ERR,ERR,ERR,ERR,ERR,ERR,ERR,ERR,ERR,ERR,ERR,ERR,ERR,ERR,ERR,ERR,ERR,ERR,ERR,ERR,ERR,ERR,ERR,ERR,ERR,ERR,ERR,ERR,ERR,ERR,ERR,ERR,ERR,ERR,ERR,ERR,ERR,ERR,ERR,ERR,ERR,2.7184278591402704e+23,0.0,-0.0,0.0,0.0,0.0,0.0,nan,0,0,0,32768,0,0.0,0,0.0,0.0,0.0,0.0,0.0,0,0,0,0,0.0,0,0,0,0,0,0,0,0,0,0,0,0,0,0,0,0,0,0,0,0,0,0,0,0,0,0,0,0,0,0,0,0,0,0,0,0,0,0,0,0,0,0,0,0,0.0,0.0,0.0,0.0,0.0,0.0,0.0,0.0,0.0,0.0,0.0,0.0,0.0,0.0,0.0,0.0,0.0,0.0,0.0,0.0,0.0,0.0,0.0,0.0,-2.004,0.0,0.0,0.0,0.0,0.0,3406.5,-0.0,0.0,2.7184278591402704e+23,0.0,-0.0,0.0,0.0,0.0,0.0,0.0,0,-0.0,0.0,0.0,0.0,0.0,0.0,0.0,0.0,0.0,0,0,0,0.0,0.0,0.0,0.0,0.0,0.0,0.0,0.0,0.0,0.0,0.0,0.0,0.0,0.0,0.0,0.0,0,-107875648.0,0,0.0,0,-107875648.0,-107877712.0,0,39322,17039,13107,17054,0,17038,0,0,0,110,100,100,-0.0,64.0,0.0,64.5,0.0,69.0,1,49,50,180,13107,52429,0,0,0.0,0.0,0.0,0.0,-0.0,65.0,0.0,1.6512135551441493e+32,0.0,646,0,689,0,0,0,718,0,791,0,710,0,690,0,645,0,643,0,615,0.032,55836672.0,0.0,2.7302316136196234e+23,7312,16788,-0.0,1.6512135551441493e+32,-0.0,-37027528.0,0.0,-0.0,29.0,60.0,70,0.0,0.0,0.0,0.0,0.0,0.0,0.0,0.0,0.0,0.0,0.0,0.0,0.0,0.0,0.0,0.0,59.2,69,11,65508,41,65476,0,300,0,0,8,20529,65476,0,0,61604,60.0,0.0,0.0,0.0,0.0,0.0
2026-04-04T11:14:05,ERR,ERR,ERR,ERR,ERR,ERR,ERR,ERR,ERR,ERR,ERR,ERR,ERR,ERR,ERR,ERR,ERR,ERR,ERR,ERR,ERR,ERR,ERR,ERR,ERR,ERR,ERR,ERR,ERR,ERR,ERR,ERR,ERR,ERR,ERR,ERR,ERR,ERR,ERR,ERR,ERR,ERR,ERR,ERR,ERR,ERR,ERR,ERR,ERR,ERR,ERR,ERR,ERR,ERR,ERR,ERR,ERR,ERR,ERR,ERR,ERR,ERR,ERR,ERR,ERR,ERR,ERR,ERR,ERR,ERR,ERR,ERR,ERR,ERR,ERR,ERR,ERR,ERR,ERR,ERR,ERR,ERR,ERR,ERR,ERR,ERR,ERR,ERR,ERR,ERR,ERR,ERR,ERR,ERR,ERR,ERR,ERR,ERR,ERR,ERR,ERR,ERR,ERR,ERR,ERR,ERR,ERR,ERR,ERR,ERR,ERR,ERR,ERR,ERR,ERR,ERR,ERR,ERR,ERR,ERR,ERR,ERR,ERR,ERR,ERR,2.7184278591402704e+23,0.0,-0.0,0.0,0.0,0.0,0.0,nan,0,0,0,32768,0,0.0,0,0.0,0.0,0.0,0.0,0.0,0,0,0,0,0.0,0,0,0,0,0,0,0,0,0,0,0,0,0,0,0,0,0,0,0,0,0,0,0,0,0,0,0,0,0,0,0,0,0,0,0,0,0,0,0,0,0,0,0,0,0.0,0.0,0.0,0.0,0.0,0.0,0.0,0.0,0.0,0.0,0.0,0.0,0.0,0.0,0.0,0.0,0.0,0.0,0.0,0.0,0.0,0.0,0.0,0.0,-2.004,0.0,0.0,0.0,0.0,0.0,3406.5,-0.0,0.0,2.7184278591402704e+23,0.0,-0.0,0.0,0.0,0.0,0.0,0.0,0,-0.0,0.0,0.0,0.0,0.0,0.0,0.0,0.0,0.0,0,0,0,0.0,0.0,0.0,0.0,0.0,0.0,0.0,0.0,0.0,0.0,0.0,0.0,0.0,0.0,0.0,0.0,0,-107875648.0,0,0.0,0,-107875648.0,-107877712.0,0,39322,17039,13107,17054,0,17038,0,0,0,110,100,100,-0.0,64.0,0.0,64.5,0.0,69.0,1,49,50,180,13107,52429,0,0,0.0,0.0,0.0,0.0,-0.0,65.0,0.0,1.6512135551441493e+32,0.0,646,0,689,0,0,0,718,0,791,0,710,0,690,0,645,0,643,0,615,0.032,55836672.0,0.0,2.7302316136196234e+23,7312,16788,-0.0,1.6512135551441493e+32,-0.0,-37027528.0,0.0,-0.0,29.0,60.0,70,0.0,0.0,0.0,0.0,0.0,0.0,0.0,0.0,0.0,0.0,0.0,0.0,0.0,0.0,0.0,0.0,59.2,69,11,65508,41,65476,0,300,0,0,8,20529,65476,0,0,61604,60.0,0.0,0.0,0.0,0.0,0.0
2026-04-04T11:14:06,ERR,ERR,ERR,ERR,ERR,ERR,ERR,ERR,ERR,ERR,ERR,ERR,ERR,ERR,ERR,ERR,ERR,ERR,ERR,ERR,ERR,ERR,ERR,ERR,ERR,ERR,ERR,ERR,ERR,ERR,ERR,ERR,ERR,ERR,ERR,ERR,ERR,ERR,ERR,ERR,ERR,ERR,ERR,ERR,ERR,ERR,ERR,ERR,ERR,ERR,ERR,ERR,ERR,ERR,ERR,ERR,ERR,ERR,ERR,ERR,ERR,ERR,ERR,ERR,ERR,ERR,ERR,ERR,ERR,ERR,ERR,ERR,ERR,ERR,ERR,ERR,ERR,ERR,ERR,ERR,ERR,ERR,ERR,ERR,ERR,ERR,ERR,ERR,ERR,ERR,ERR,ERR,ERR,ERR,ERR,ERR,ERR,ERR,ERR,ERR,ERR,ERR,ERR,ERR,ERR,ERR,ERR,ERR,ERR,ERR,ERR,ERR,ERR,ERR,ERR,ERR,ERR,ERR,ERR,ERR,ERR,ERR,ERR,ERR,ERR,2.7184278591402704e+23,0.0,-0.0,0.0,0.0,0.0,0.0,nan,0,0,0,32768,0,0.0,0,0.0,0.0,0.0,0.0,0.0,0,0,0,0,0.0,0,0,0,0,0,0,0,0,0,0,0,0,0,0,0,0,0,0,0,0,0,0,0,0,0,0,0,0,0,0,0,0,0,0,0,0,0,0,0,0,0,0,0,0,0.0,0.0,0.0,0.0,0.0,0.0,0.0,0.0,0.0,0.0,0.0,0.0,0.0,0.0,0.0,0.0,0.0,0.0,0.0,0.0,0.0,0.0,0.0,0.0,-2.004,0.0,0.0,0.0,0.0,0.0,3406.5,-0.0,0.0,2.7184278591402704e+23,0.0,-0.0,0.0,0.0,0.0,0.0,0.0,0,-0.0,0.0,0.0,0.0,0.0,0.0,0.0,0.0,0.0,0,0,0,0.0,0.0,0.0,0.0,0.0,0.0,0.0,0.0,0.0,0.0,0.0,0.0,0.0,0.0,0.0,0.0,0,-107875648.0,0,0.0,0,-107875648.0,-107877712.0,0,39322,17039,13107,17054,0,17038,0,0,0,110,100,100,-0.0,64.0,0.0,64.5,0.0,69.0,1,49,50,180,13107,52429,0,0,0.0,0.0,0.0,0.0,-0.0,65.0,0.0,1.6512135551441493e+32,0.0,646,0,689,0,0,0,718,0,791,0,710,0,690,0,645,0,643,0,615,0.032,55836672.0,0.0,2.7302316136196234e+23,7312,16788,-0.0,1.6512135551441493e+32,-0.0,-37027528.0,0.0,-0.0,29.0,60.0,70,0.0,0.0,0.0,0.0,0.0,0.0,0.0,0.0,0.0,0.0,0.0,0.0,0.0,0.0,0.0,0.0,59.2,69,11,65508,41,65476,0,300,0,0,8,20529,65476,0,0,61604,60.0,0.0,0.0,0.0,0.0,0.0
2026-04-04T11:14:07,ERR,ERR,ERR,ERR,ERR,ERR,ERR,ERR,ERR,ERR,ERR,ERR,ERR,ERR,ERR,ERR,ERR,ERR,ERR,ERR,ERR,ERR,ERR,ERR,ERR,ERR,ERR,ERR,ERR,ERR,ERR,ERR,ERR,ERR,ERR,ERR,ERR,ERR,ERR,ERR,ERR,ERR,ERR,ERR,ERR,ERR,ERR,ERR,ERR,ERR,ERR,ERR,ERR,ERR,ERR,ERR,ERR,ERR,ERR,ERR,ERR,ERR,ERR,ERR,ERR,ERR,ERR,ERR,ERR,ERR,ERR,ERR,ERR,ERR,ERR,ERR,ERR,ERR,ERR,ERR,ERR,ERR,ERR,ERR,ERR,ERR,ERR,ERR,ERR,ERR,ERR,ERR,ERR,ERR,ERR,ERR,ERR,ERR,ERR,ERR,ERR,ERR,ERR,ERR,ERR,ERR,ERR,ERR,ERR,ERR,ERR,ERR,ERR,ERR,ERR,ERR,ERR,ERR,ERR,ERR,ERR,ERR,ERR,ERR,ERR,2.7184278591402704e+23,0.0,-0.0,0.0,0.0,0.0,0.0,nan,0,0,0,32768,0,0.0,0,0.0,0.0,0.0,0.0,0.0,0,0,0,0,0.0,0,0,0,0,0,0,0,0,0,0,0,0,0,0,0,0,0,0,0,0,0,0,0,0,0,0,0,0,0,0,0,0,0,0,0,0,0,0,0,0,0,0,0,0,0.0,0.0,0.0,0.0,0.0,0.0,0.0,0.0,0.0,0.0,0.0,0.0,0.0,0.0,0.0,0.0,0.0,0.0,0.0,0.0,0.0,0.0,0.0,0.0,-2.004,0.0,0.0,0.0,0.0,0.0,3406.5,-0.0,0.0,2.7184278591402704e+23,0.0,-0.0,0.0,0.0,0.0,0.0,0.0,0,-0.0,0.0,0.0,0.0,0.0,0.0,0.0,0.0,0.0,0,0,0,0.0,0.0,0.0,0.0,0.0,0.0,0.0,0.0,0.0,0.0,0.0,0.0,0.0,0.0,0.0,0.0,0,-107875648.0,0,0.0,0,-107875648.0,-107877712.0,0,52429,17039,13107,17054,0,17038,0,0,0,110,100,100,-0.0,64.0,0.0,64.5,0.0,69.0,1,49,50,180,0,52429,0,0,0.0,0.0,0.0,0.0,-0.0,65.0,0.0,-0.0,0.0,646,0,689,0,0,0,718,0,791,0,710,0,690,0,645,0,643,0,615,0.032,55312384.0,-2.004,0.0,16784,16788,-0.0,-0.0,-4.648807509319477e+34,0.0,0.238,-4.29930378142857e+25,29.0,60.0,70,0.0,0.0,0.0,0.0,0.0,0.0,0.0,0.0,0.0,0.0,0.0,0.0,0.0,0.0,0.0,0.0,59.2,69,11,65508,41,65476,0,300,0,0,8,20529,65476,0,0,61604,60.0,0.0,0.0,0.0,0.0,0.0
2026-04-04T11:14:08,ERR,ERR,ERR,ERR,ERR,ERR,ERR,ERR,ERR,ERR,ERR,ERR,ERR,ERR,ERR,ERR,ERR,ERR,ERR,ERR,ERR,ERR,ERR,ERR,ERR,ERR,ERR,ERR,ERR,ERR,ERR,ERR,ERR,ERR,ERR,ERR,ERR,ERR,ERR,ERR,ERR,ERR,ERR,ERR,ERR,ERR,ERR,ERR,ERR,ERR,ERR,ERR,ERR,ERR,ERR,ERR,ERR,ERR,ERR,ERR,ERR,ERR,ERR,ERR,ERR,ERR,ERR,ERR,ERR,ERR,ERR,ERR,ERR,ERR,ERR,ERR,ERR,ERR,ERR,ERR,ERR,ERR,ERR,ERR,ERR,ERR,ERR,ERR,ERR,ERR,ERR,ERR,ERR,ERR,ERR,ERR,ERR,ERR,ERR,ERR,ERR,ERR,ERR,ERR,ERR,ERR,ERR,ERR,ERR,ERR,ERR,ERR,ERR,ERR,ERR,ERR,ERR,ERR,ERR,ERR,ERR,ERR,ERR,ERR,ERR,2.7184278591402704e+23,0.0,-0.0,0.0,0.0,0.0,0.0,nan,0,0,0,32768,0,0.0,0,0.0,0.0,0.0,0.0,0.0,0,0,0,0,0.0,0,0,0,0,0,0,0,0,0,0,0,0,0,0,0,0,0,0,0,0,0,0,0,0,0,0,0,0,0,0,0,0,0,0,0,0,0,0,0,0,0,0,0,0,0.0,0.0,0.0,0.0,0.0,0.0,0.0,0.0,0.0,0.0,0.0,0.0,0.0,0.0,0.0,0.0,0.0,0.0,0.0,0.0,0.0,0.0,0.0,0.0,-2.004,0.0,0.0,0.0,0.0,0.0,3406.5,-0.0,0.0,2.7184278591402704e+23,0.0,-0.0,0.0,0.0,0.0,0.0,0.0,0,-0.0,0.0,0.0,0.0,0.0,0.0,0.0,0.0,0.0,0,0,0,0.0,0.0,0.0,0.0,0.0,0.0,0.0,0.0,0.0,0.0,0.0,0.0,0.0,0.0,0.0,0.0,0,-107875648.0,0,0.0,0,-107875648.0,-107877712.0,0,52429,17039,13107,17054,0,17038,0,0,0,110,100,100,-0.0,64.0,0.0,64.5,0.0,69.0,1,49,50,180,0,52429,0,0,0.0,0.0,0.0,0.0,-0.0,65.0,0.0,-0.0,0.0,646,0,689,0,0,0,718,0,791,0,710,0,690,0,645,0,643,0,615,0.032,55312384.0,-2.004,0.0,16784,16788,-0.0,-0.0,-4.648807509319477e+34,0.0,0.238,-4.29930378142857e+25,29.0,60.0,70,0.0,0.0,0.0,0.0,0.0,0.0,0.0,0.0,0.0,0.0,0.0,0.0,0.0,0.0,0.0,0.0,59.6,69,11,65508,41,65476,0,300,0,0,8,20529,65476,0,0,61604,60.0,0.0,0.0,0.0,0.0,0.0
2026-04-04T11:14:09,ERR,ERR,ERR,ERR,ERR,ERR,ERR,ERR,ERR,ERR,ERR,ERR,ERR,ERR,ERR,ERR,ERR,ERR,ERR,ERR,ERR,ERR,ERR,ERR,ERR,ERR,ERR,ERR,ERR,ERR,ERR,ERR,ERR,ERR,ERR,ERR,ERR,ERR,ERR,ERR,ERR,ERR,ERR,ERR,ERR,ERR,ERR,ERR,ERR,ERR,ERR,ERR,ERR,ERR,ERR,ERR,ERR,ERR,ERR,ERR,ERR,ERR,ERR,ERR,ERR,ERR,ERR,ERR,ERR,ERR,ERR,ERR,ERR,ERR,ERR,ERR,ERR,ERR,ERR,ERR,ERR,ERR,ERR,ERR,ERR,ERR,ERR,ERR,ERR,ERR,ERR,ERR,ERR,ERR,ERR,ERR,ERR,ERR,ERR,ERR,ERR,ERR,ERR,ERR,ERR,ERR,ERR,ERR,ERR,ERR,ERR,ERR,ERR,ERR,ERR,ERR,ERR,ERR,ERR,ERR,ERR,ERR,ERR,ERR,ERR,2.7184278591402704e+23,0.0,-0.0,0.0,0.0,0.0,0.0,nan,0,0,0,32768,0,0.0,0,0.0,0.0,0.0,0.0,0.0,0,0,0,0,0.0,0,0,0,0,0,0,0,0,0,0,0,0,0,0,0,0,0,0,0,0,0,0,0,0,0,0,0,0,0,0,0,0,0,0,0,0,0,0,0,0,0,0,0,0,0.0,0.0,0.0,0.0,0.0,0.0,0.0,0.0,0.0,0.0,0.0,0.0,0.0,0.0,0.0,0.0,0.0,0.0,0.0,0.0,0.0,0.0,0.0,0.0,-2.004,2.004,0.0,0.0,0.0,0.0,3405.5,8608108544.0,0.0,2.7184278591402704e+23,0.0,-0.0,0.0,0.0,0.0,0.0,0.0,0,4.0668755697950344e+29,-2.3088166164207816e+20,0.0,0.0,0.0,0.0,0.0,0.0,0.0,0,0,0,0.0,0.0,0.0,0.0,0.0,0.0,0.0,0.0,0.0,0.0,0.0,0.0,0.0,0.0,0.0,0.0,0,-107875648.0,0,0.0,0,-107875648.0,-107877712.0,0,52429,17039,13107,17054,0,17038,0,0,0,110,100,100,-0.0,64.0,0.0,64.5,0.0,69.0,1,49,50,180,0,52429,0,0,0.0,0.0,0.0,0.0,-0.0,65.0,0.0,-0.0,0.0,646,0,689,0,0,0,718,0,791,0,710,0,690,0,645,0,643,0,615,0.032,55312384.0,-2.004,0.0,16784,16788,-0.0,-0.0,-4.648807509319477e+34,0.0,0.238,-4.29930378142857e+25,29.0,60.0,70,0.0,0.0,0.0,0.0,0.0,0.0,0.0,0.0,0.0,0.0,0.0,0.0,0.0,0.0,0.0,0.0,59.6,69,11,65508,41,65476,0,300,0,0,8,20529,65476,0,0,61604,60.0,0.0,0.0,0.0,0.0,0.0
2026-04-04T11:14:10,ERR,ERR,ERR,ERR,ERR,ERR,ERR,ERR,ERR,ERR,ERR,ERR,ERR,ERR,ERR,ERR,ERR,ERR,ERR,ERR,ERR,ERR,ERR,ERR,ERR,ERR,ERR,ERR,ERR,ERR,ERR,ERR,ERR,ERR,ERR,ERR,ERR,ERR,ERR,ERR,ERR,ERR,ERR,ERR,ERR,ERR,ERR,ERR,ERR,ERR,ERR,ERR,ERR,ERR,ERR,ERR,ERR,ERR,ERR,ERR,ERR,ERR,ERR,ERR,ERR,ERR,ERR,ERR,ERR,ERR,ERR,ERR,ERR,ERR,ERR,ERR,ERR,ERR,ERR,ERR,ERR,ERR,ERR,ERR,ERR,ERR,ERR,ERR,ERR,ERR,ERR,ERR,ERR,ERR,ERR,ERR,ERR,ERR,ERR,ERR,ERR,ERR,ERR,ERR,ERR,ERR,ERR,ERR,ERR,ERR,ERR,ERR,ERR,ERR,ERR,ERR,ERR,ERR,ERR,ERR,ERR,ERR,ERR,ERR,ERR,2.7184278591402704e+23,0.0,-0.0,0.0,0.0,0.0,0.0,nan,0,0,0,32768,0,0.0,0,0.0,0.0,0.0,0.0,0.0,0,0,0,0,0.0,0,0,0,0,0,0,0,0,0,0,0,0,0,0,0,0,0,0,0,0,0,0,0,0,0,0,0,0,0,0,0,0,0,0,0,0,0,0,0,0,0,0,0,0,0.0,0.0,0.0,0.0,0.0,0.0,0.0,0.0,0.0,0.0,0.0,0.0,0.0,0.0,0.0,0.0,0.0,0.0,0.0,0.0,0.0,0.0,0.0,0.0,-2.004,2.004,0.0,0.0,0.0,0.0,3405.5,8608108544.0,0.0,2.7184278591402704e+23,0.0,-0.0,0.0,0.0,0.0,0.0,0.0,0,4.0668755697950344e+29,-2.3088166164207816e+20,0.0,0.0,0.0,0.0,0.0,0.0,0.0,0,0,0,0.0,0.0,0.0,0.0,0.0,0.0,0.0,0.0,0.0,0.0,0.0,0.0,0.0,0.0,0.0,0.0,0,-107875648.0,0,0.0,0,-107875648.0,-107877712.0,0,52429,17039,13107,17054,0,17038,0,0,0,110,100,100,-0.0,64.0,0.0,64.5,0.0,69.0,1,49,50,180,0,52429,0,0,0.0,0.0,0.0,0.0,-0.0,65.0,0.0,-0.0,0.0,646,0,689,0,0,0,718,0,791,0,710,0,690,0,645,0,643,0,615,0.032,55312384.0,-2.004,0.0,16784,16788,-0.0,-0.0,-4.648807509319477e+34,0.0,0.238,-4.29930378142857e+25,29.0,60.0,70,0.0,0.0,0.0,0.0,0.0,0.0,0.0,0.0,0.0,0.0,0.0,0.0,0.0,0.0,0.0,0.0,59.6,69,11,65508,41,65476,0,300,0,0,8,20529,65476,0,0,61604,60.0,0.0,0.0,0.0,0.0,0.0
2026-04-04T11:14:11,ERR,ERR,ERR,ERR,ERR,ERR,ERR,ERR,ERR,ERR,ERR,ERR,ERR,ERR,ERR,ERR,ERR,ERR,ERR,ERR,ERR,ERR,ERR,ERR,ERR,ERR,ERR,ERR,ERR,ERR,ERR,ERR,ERR,ERR,ERR,ERR,ERR,ERR,ERR,ERR,ERR,ERR,ERR,ERR,ERR,ERR,ERR,ERR,ERR,ERR,ERR,ERR,ERR,ERR,ERR,ERR,ERR,ERR,ERR,ERR,ERR,ERR,ERR,ERR,ERR,ERR,ERR,ERR,ERR,ERR,ERR,ERR,ERR,ERR,ERR,ERR,ERR,ERR,ERR,ERR,ERR,ERR,ERR,ERR,ERR,ERR,ERR,ERR,ERR,ERR,ERR,ERR,ERR,ERR,ERR,ERR,ERR,ERR,ERR,ERR,ERR,ERR,ERR,ERR,ERR,ERR,ERR,ERR,ERR,ERR,ERR,ERR,ERR,ERR,ERR,ERR,ERR,ERR,ERR,ERR,ERR,ERR,ERR,ERR,ERR,2.7184278591402704e+23,0.0,-0.0,0.0,0.0,0.0,0.0,nan,0,0,0,32768,0,0.0,0,0.0,0.0,0.0,0.0,0.0,0,0,0,0,0.0,0,0,0,0,0,0,0,0,0,0,0,0,0,0,0,0,0,0,0,0,0,0,0,0,0,0,0,0,0,0,0,0,0,0,0,0,0,0,0,0,0,0,0,0,0.0,0.0,0.0,0.0,0.0,0.0,0.0,0.0,0.0,0.0,0.0,0.0,0.0,0.0,0.0,0.0,0.0,0.0,0.0,0.0,0.0,0.0,0.0,0.0,-2.004,2.004,0.0,0.0,0.0,0.0,3405.5,8608108544.0,0.0,2.7184278591402704e+23,0.0,-0.0,0.0,0.0,0.0,0.0,0.0,0,4.0668755697950344e+29,-2.3088166164207816e+20,0.0,0.0,0.0,0.0,0.0,0.0,0.0,0,0,0,0.0,0.0,0.0,0.0,0.0,0.0,0.0,0.0,0.0,0.0,0.0,0.0,0.0,0.0,0.0,0.0,0,-107875648.0,0,0.0,0,-107875648.0,-107877712.0,0,52429,17039,13107,17054,0,17038,0,0,0,110,100,100,-0.0,64.0,0.0,64.5,0.0,69.0,1,49,50,180,0,52429,0,0,0.0,0.0,0.0,0.0,-0.0,65.0,0.0,-0.0,0.0,646,0,689,0,0,0,718,0,791,0,710,0,690,0,645,0,643,0,615,0.032,55312384.0,-2.004,0.0,16784,16788,-0.0,-0.0,-4.648807509319477e+34,0.0,0.238,-4.29930378142857e+25,29.0,60.0,70,0.0,0.0,0.0,0.0,0.0,0.0,0.0,0.0,0.0,0.0,0.0,0.0,0.0,0.0,0.0,0.0,59.2,69,11,65508,41,65476,0,300,0,0,8,20529,65476,0,0,61604,60.0,0.0,0.0,0.0,0.0,0.0
2026-04-04T11:14:12,ERR,ERR,ERR,ERR,ERR,ERR,ERR,ERR,ERR,ERR,ERR,ERR,ERR,ERR,ERR,ERR,ERR,ERR,ERR,ERR,ERR,ERR,ERR,ERR,ERR,ERR,ERR,ERR,ERR,ERR,ERR,ERR,ERR,ERR,ERR,ERR,ERR,ERR,ERR,ERR,ERR,ERR,ERR,ERR,ERR,ERR,ERR,ERR,ERR,ERR,ERR,ERR,ERR,ERR,ERR,ERR,ERR,ERR,ERR,ERR,ERR,ERR,ERR,ERR,ERR,ERR,ERR,ERR,ERR,ERR,ERR,ERR,ERR,ERR,ERR,ERR,ERR,ERR,ERR,ERR,ERR,ERR,ERR,ERR,ERR,ERR,ERR,ERR,ERR,ERR,ERR,ERR,ERR,ERR,ERR,ERR,ERR,ERR,ERR,ERR,ERR,ERR,ERR,ERR,ERR,ERR,ERR,ERR,ERR,ERR,ERR,ERR,ERR,ERR,ERR,ERR,ERR,ERR,ERR,ERR,ERR,ERR,ERR,ERR,ERR,2.7184278591402704e+23,0.0,-0.0,0.0,0.0,0.0,0.0,nan,0,0,0,32768,0,0.0,0,0.0,0.0,0.0,0.0,0.0,0,0,0,0,0.0,0,0,0,0,0,0,0,0,0,0,0,0,0,0,0,0,0,0,0,0,0,0,0,0,0,0,0,0,0,0,0,0,0,0,0,0,0,0,0,0,0,0,0,0,0.0,0.0,0.0,0.0,0.0,0.0,0.0,0.0,0.0,0.0,0.0,0.0,0.0,0.0,0.0,0.0,0.0,0.0,0.0,0.0,0.0,0.0,0.0,0.0,-2.004,2.004,0.0,0.0,0.0,0.0,3405.5,8608108544.0,0.0,2.7184278591402704e+23,0.0,-0.0,0.0,0.0,0.0,0.0,0.0,0,4.0668755697950344e+29,-2.3088166164207816e+20,0.0,0.0,0.0,0.0,0.0,0.0,0.0,0,0,0,0.0,0.0,0.0,0.0,0.0,0.0,0.0,0.0,0.0,0.0,0.0,0.0,0.0,0.0,0.0,0.0,0,-107875648.0,0,0.0,0,-107875648.0,-107877712.0,0,39322,17039,13107,17054,0,17038,0,0,0,110,100,100,-0.0,64.0,0.0,64.5,0.0,69.0,1,49,50,180,13107,52429,0,0,0.0,0.0,0.0,0.0,-0.0,65.0,0.0,-0.0,0.0,645,0,689,0,0,0,719,0,791,0,710,0,690,0,645,0,643,0,615,0.032,55836672.0,-2.004,0.0,62352,16787,-0.001,-0.0,0.0,556.996,2269252096.0,0.0,29.0,60.0,70,0.0,0.0,0.0,0.0,0.0,0.0,0.0,0.0,0.0,0.0,0.0,0.0,0.0,0.0,0.0,0.0,59.2,69,11,65508,41,65476,0,300,0,0,8,20529,65476,0,0,61604,60.0,0.0,0.0,0.0,0.0,0.0
2026-04-04T11:14:13,ERR,ERR,ERR,ERR,ERR,ERR,ERR,ERR,ERR,ERR,ERR,ERR,ERR,ERR,ERR,ERR,ERR,ERR,ERR,ERR,ERR,ERR,ERR,ERR,ERR,ERR,ERR,ERR,ERR,ERR,ERR,ERR,ERR,ERR,ERR,ERR,ERR,ERR,ERR,ERR,ERR,ERR,ERR,ERR,ERR,ERR,ERR,ERR,ERR,ERR,ERR,ERR,ERR,ERR,ERR,ERR,ERR,ERR,ERR,ERR,ERR,ERR,ERR,ERR,ERR,ERR,ERR,ERR,ERR,ERR,ERR,ERR,ERR,ERR,ERR,ERR,ERR,ERR,ERR,ERR,ERR,ERR,ERR,ERR,ERR,ERR,ERR,ERR,ERR,ERR,ERR,ERR,ERR,ERR,ERR,ERR,ERR,ERR,ERR,ERR,ERR,ERR,ERR,ERR,ERR,ERR,ERR,ERR,ERR,ERR,ERR,ERR,ERR,ERR,ERR,ERR,ERR,ERR,ERR,ERR,ERR,ERR,ERR,ERR,ERR,2.7184278591402704e+23,0.0,-0.0,0.0,0.0,0.0,0.0,nan,0,0,0,32768,0,0.0,0,0.0,0.0,0.0,0.0,0.0,0,0,0,0,0.0,0,0,0,0,0,0,0,0,0,0,0,0,0,0,0,0,0,0,0,0,0,0,0,0,0,0,0,0,0,0,0,0,0,0,0,0,0,0,0,0,0,0,0,0,0.0,0.0,0.0,0.0,0.0,0.0,0.0,0.0,0.0,0.0,0.0,0.0,0.0,0.0,0.0,0.0,0.0,0.0,0.0,0.0,0.0,0.0,0.0,0.0,-2.004,2.004,0.0,0.0,0.0,0.0,3405.5,8608108544.0,0.0,2.7184278591402704e+23,0.0,-0.0,0.0,0.0,0.0,0.0,0.0,0,4.0668755697950344e+29,-2.3088166164207816e+20,0.0,0.0,0.0,0.0,0.0,0.0,0.0,0,0,0,0.0,0.0,0.0,0.0,0.0,0.0,0.0,0.0,0.0,0.0,0.0,0.0,0.0,0.0,0.0,0.0,0,-107875648.0,0,0.0,0,-107875648.0,-107877712.0,0,39322,17039,13107,17054,0,17038,0,0,0,110,100,100,-0.0,64.0,0.0,64.5,0.0,69.0,1,49,50,180,13107,52429,0,0,0.0,0.0,0.0,0.0,-0.0,65.0,0.0,-0.0,0.0,645,0,689,0,0,0,719,0,791,0,710,0,690,0,645,0,643,0,615,0.032,55836672.0,-2.004,0.0,62352,16787,-0.001,-0.0,0.0,556.996,2269252096.0,0.0,29.0,60.0,70,0.0,0.0,0.0,0.0,0.0,0.0,0.0,0.0,0.0,0.0,0.0,0.0,0.0,0.0,0.0,0.0,59.2,69,11,65508,41,65476,0,300,0,0,8,20529,65476,0,0,61604,60.0,0.0,0.0,0.0,0.0,0.0
2026-04-04T11:14:14,ERR,ERR,ERR,ERR,ERR,ERR,ERR,ERR,ERR,ERR,ERR,ERR,ERR,ERR,ERR,ERR,ERR,ERR,ERR,ERR,ERR,ERR,ERR,ERR,ERR,ERR,ERR,ERR,ERR,ERR,ERR,ERR,ERR,ERR,ERR,ERR,ERR,ERR,ERR,ERR,ERR,ERR,ERR,ERR,ERR,ERR,ERR,ERR,ERR,ERR,ERR,ERR,ERR,ERR,ERR,ERR,ERR,ERR,ERR,ERR,ERR,ERR,ERR,ERR,ERR,ERR,ERR,ERR,ERR,ERR,ERR,ERR,ERR,ERR,ERR,ERR,ERR,ERR,ERR,ERR,ERR,ERR,ERR,ERR,ERR,ERR,ERR,ERR,ERR,ERR,ERR,ERR,ERR,ERR,ERR,ERR,ERR,ERR,ERR,ERR,ERR,ERR,ERR,ERR,ERR,ERR,ERR,ERR,ERR,ERR,ERR,ERR,ERR,ERR,ERR,ERR,ERR,ERR,ERR,ERR,ERR,ERR,ERR,ERR,ERR,2.7184278591402704e+23,0.0,-0.0,0.0,0.0,0.0,0.0,nan,0,0,0,32768,0,0.0,0,0.0,0.0,0.0,0.0,0.0,0,0,0,0,0.0,0,0,0,0,0,0,0,0,0,0,0,0,0,0,0,0,0,0,0,0,0,0,0,0,0,0,0,0,0,0,0,0,0,0,0,0,0,0,0,0,0,0,0,0,0.0,0.0,0.0,0.0,0.0,0.0,0.0,0.0,0.0,0.0,0.0,0.0,0.0,0.0,0.0,0.0,0.0,0.0,0.0,0.0,0.0,0.0,0.0,0.0,-2.004,2.004,0.0,0.0,0.0,0.0,3405.5,8608108544.0,0.0,2.7184278591402704e+23,0.0,-0.0,0.0,0.0,0.0,0.0,0.0,0,4.0668755697950344e+29,-2.3088166164207816e+20,0.0,0.0,0.0,0.0,0.0,0.0,0.0,0,0,0,0.0,0.0,0.0,0.0,0.0,0.0,0.0,0.0,0.0,0.0,0.0,0.0,0.0,0.0,0.0,0.0,0,-107875648.0,0,0.0,0,-107875648.0,-107877712.0,0,39322,17039,13107,17054,0,17038,0,0,0,110,100,100,-0.0,64.0,0.0,64.5,0.0,69.0,1,49,50,180,13107,52429,0,0,0.0,0.0,0.0,0.0,-0.0,65.0,0.0,-0.0,0.0,645,0,689,0,0,0,719,0,791,0,710,0,690,0,645,0,643,0,615,0.032,55836672.0,-2.004,0.0,62352,16787,-0.001,-0.0,0.0,556.996,2269252096.0,0.0,29.0,60.0,70,0.0,0.0,0.0,0.0,0.0,0.0,0.0,0.0,0.0,0.0,0.0,0.0,0.0,0.0,0.0,0.0,59.2,69,11,65508,41,65476,0,300,0,0,8,20529,65476,0,0,61604,60.0,0.0,0.0,0.0,0.0,0.0
2026-04-04T11:14:15,ERR,ERR,ERR,ERR,ERR,ERR,ERR,ERR,ERR,ERR,ERR,ERR,ERR,ERR,ERR,ERR,ERR,ERR,ERR,ERR,ERR,ERR,ERR,ERR,ERR,ERR,ERR,ERR,ERR,ERR,ERR,ERR,ERR,ERR,ERR,ERR,ERR,ERR,ERR,ERR,ERR,ERR,ERR,ERR,ERR,ERR,ERR,ERR,ERR,ERR,ERR,ERR,ERR,ERR,ERR,ERR,ERR,ERR,ERR,ERR,ERR,ERR,ERR,ERR,ERR,ERR,ERR,ERR,ERR,ERR,ERR,ERR,ERR,ERR,ERR,ERR,ERR,ERR,ERR,ERR,ERR,ERR,ERR,ERR,ERR,ERR,ERR,ERR,ERR,ERR,ERR,ERR,ERR,ERR,ERR,ERR,ERR,ERR,ERR,ERR,ERR,ERR,ERR,ERR,ERR,ERR,ERR,ERR,ERR,ERR,ERR,ERR,ERR,ERR,ERR,ERR,ERR,ERR,ERR,ERR,ERR,ERR,ERR,ERR,ERR,2.7184278591402704e+23,0.0,-0.0,0.0,0.0,0.0,0.0,nan,0,0,0,32768,0,0.0,0,0.0,0.0,0.0,0.0,0.0,0,0,0,0,0.0,0,0,0,0,0,0,0,0,0,0,0,0,0,0,0,0,0,0,0,0,0,0,0,0,0,0,0,0,0,0,0,0,0,0,0,0,0,0,0,0,0,0,0,0,0.0,0.0,0.0,0.0,0.0,0.0,0.0,0.0,0.0,0.0,0.0,0.0,0.0,0.0,0.0,0.0,0.0,0.0,0.0,0.0,0.0,0.0,0.0,0.0,-2.004,2.004,0.0,0.0,0.0,0.0,3405.5,8608108544.0,0.0,2.7184278591402704e+23,0.0,-0.0,0.0,0.0,0.0,0.0,0.0,0,4.0668755697950344e+29,-2.3088166164207816e+20,0.0,0.0,0.0,0.0,0.0,0.0,0.0,0,0,0,0.0,0.0,0.0,0.0,0.0,0.0,0.0,0.0,0.0,0.0,0.0,0.0,0.0,0.0,0.0,0.0,0,-107875648.0,0,0.0,0,-107875648.0,-107877712.0,0,39322,17039,13107,17054,0,17038,0,0,0,110,100,100,-0.0,64.0,0.0,64.5,0.0,69.0,1,49,50,180,13107,52429,0,0,0.0,0.0,0.0,0.0,-0.0,65.0,0.0,-0.0,0.0,645,0,689,0,0,0,719,0,791,0,710,0,690,0,645,0,643,0,615,0.032,55836672.0,-2.004,0.0,62352,16787,-0.001,-0.0,0.0,556.996,2269252096.0,0.0,29.0,60.0,70,0.0,0.0,0.0,0.0,0.0,0.0,0.0,0.0,0.0,0.0,0.0,0.0,0.0,0.0,0.0,0.0,59.2,69,11,65508,41,65476,0,300,0,0,8,20529,65476,0,0,61604,60.0,0.0,0.0,0.0,0.0,0.0
2026-04-04T11:14:16,ERR,ERR,ERR,ERR,ERR,ERR,ERR,ERR,ERR,ERR,ERR,ERR,ERR,ERR,ERR,ERR,ERR,ERR,ERR,ERR,ERR,ERR,ERR,ERR,ERR,ERR,ERR,ERR,ERR,ERR,ERR,ERR,ERR,ERR,ERR,ERR,ERR,ERR,ERR,ERR,ERR,ERR,ERR,ERR,ERR,ERR,ERR,ERR,ERR,ERR,ERR,ERR,ERR,ERR,ERR,ERR,ERR,ERR,ERR,ERR,ERR,ERR,ERR,ERR,ERR,ERR,ERR,ERR,ERR,ERR,ERR,ERR,ERR,ERR,ERR,ERR,ERR,ERR,ERR,ERR,ERR,ERR,ERR,ERR,ERR,ERR,ERR,ERR,ERR,ERR,ERR,ERR,ERR,ERR,ERR,ERR,ERR,ERR,ERR,ERR,ERR,ERR,ERR,ERR,ERR,ERR,ERR,ERR,ERR,ERR,ERR,ERR,ERR,ERR,ERR,ERR,ERR,ERR,ERR,ERR,ERR,ERR,ERR,ERR,ERR,2.7184278591402704e+23,0.0,-0.0,0.0,0.0,0.0,0.0,nan,0,0,0,32768,0,0.0,0,0.0,0.0,0.0,0.0,0.0,0,0,0,0,0.0,0,0,0,0,0,0,0,0,0,0,0,0,0,0,0,0,0,0,0,0,0,0,0,0,0,0,0,0,0,0,0,0,0,0,0,0,0,0,0,0,0,0,0,0,0.0,0.0,0.0,0.0,0.0,0.0,0.0,0.0,0.0,0.0,0.0,0.0,0.0,0.0,0.0,0.0,0.0,0.0,0.0,0.0,0.0,0.0,0.0,0.0,-2.004,2.004,0.0,0.0,0.0,0.0,3404.0,8608108544.0,0.0,2.7184278591402704e+23,0.0,-0.0,0.0,0.0,0.0,0.0,0.0,0,2.7184278591402704e+23,-2.3088166164207816e+20,0.0,0.0,0.0,0.0,0.0,0.0,0.0,0,0,0,0.0,0.0,0.0,0.0,0.0,0.0,0.0,0.0,0.0,0.0,0.0,0.0,0.0,0.0,0.0,0.0,0,-107875648.0,0,0.0,0,-107875648.0,-107877712.0,0,39322,17039,13107,17054,0,17038,0,0,0,110,100,100,-0.0,64.0,0.0,64.5,0.0,69.0,1,49,50,180,13107,52429,0,0,0.0,0.0,0.0,0.0,-0.0,65.0,0.0,-0.0,0.0,645,0,689,0,0,0,719,0,791,0,710,0,690,0,645,0,643,0,615,0.032,55836672.0,-2.004,0.0,62352,16787,-0.001,-0.0,0.0,556.996,2269252096.0,0.0,29.0,60.0,70,0.0,0.0,0.0,0.0,0.0,0.0,0.0,0.0,0.0,0.0,0.0,0.0,0.0,0.0,0.0,0.0,59.2,69,11,65508,41,65476,0,300,0,0,8,20529,65476,0,0,61604,60.0,0.0,0.0,0.0,0.0,0.0
2026-04-04T11:14:17,ERR,ERR,ERR,ERR,ERR,ERR,ERR,ERR,ERR,ERR,ERR,ERR,ERR,ERR,ERR,ERR,ERR,ERR,ERR,ERR,ERR,ERR,ERR,ERR,ERR,ERR,ERR,ERR,ERR,ERR,ERR,ERR,ERR,ERR,ERR,ERR,ERR,ERR,ERR,ERR,ERR,ERR,ERR,ERR,ERR,ERR,ERR,ERR,ERR,ERR,ERR,ERR,ERR,ERR,ERR,ERR,ERR,ERR,ERR,ERR,ERR,ERR,ERR,ERR,ERR,ERR,ERR,ERR,ERR,ERR,ERR,ERR,ERR,ERR,ERR,ERR,ERR,ERR,ERR,ERR,ERR,ERR,ERR,ERR,ERR,ERR,ERR,ERR,ERR,ERR,ERR,ERR,ERR,ERR,ERR,ERR,ERR,ERR,ERR,ERR,ERR,ERR,ERR,ERR,ERR,ERR,ERR,ERR,ERR,ERR,ERR,ERR,ERR,ERR,ERR,ERR,ERR,ERR,ERR,ERR,ERR,ERR,ERR,ERR,ERR,2.7184278591402704e+23,0.0,-0.0,0.0,0.0,0.0,0.0,nan,0,0,0,32768,0,0.0,0,0.0,0.0,0.0,0.0,0.0,0,0,0,0,0.0,0,0,0,0,0,0,0,0,0,0,0,0,0,0,0,0,0,0,0,0,0,0,0,0,0,0,0,0,0,0,0,0,0,0,0,0,0,0,0,0,0,0,0,0,0.0,0.0,0.0,0.0,0.0,0.0,0.0,0.0,0.0,0.0,0.0,0.0,0.0,0.0,0.0,0.0,0.0,0.0,0.0,0.0,0.0,0.0,0.0,0.0,-2.004,2.004,0.0,0.0,0.0,0.0,3404.0,8608108544.0,0.0,2.7184278591402704e+23,0.0,-0.0,0.0,0.0,0.0,0.0,0.0,0,2.7184278591402704e+23,-2.3088166164207816e+20,0.0,0.0,0.0,0.0,0.0,0.0,0.0,0,0,0,0.0,0.0,0.0,0.0,0.0,0.0,0.0,0.0,0.0,0.0,0.0,0.0,0.0,0.0,0.0,0.0,0,-107875648.0,0,0.0,0,-107875648.0,-107877712.0,0,39322,17039,13107,17054,0,17038,0,0,0,110,100,100,-0.0,64.0,0.0,64.5,0.0,69.0,1,49,50,180,13107,52429,0,0,0.0,0.0,0.0,0.0,-0.0,65.0,0.0,-10768.498,0.0,646,0,689,0,0,0,718,0,791,0,710,0,690,0,645,0,642,0,616,0.032,55836672.0,-2.004,0.0,61840,16787,-0.0,-103.629,-0.282,1418359665065984.0,0.0,-0.0,29.0,60.0,70,0.0,0.0,0.0,0.0,0.0,0.0,0.0,0.0,0.0,0.0,0.0,0.0,0.0,0.0,0.0,0.0,59.2,69,11,65508,41,65476,0,300,0,0,8,20529,65476,0,0,61604,60.0,0.0,0.0,0.0,0.0,0.0
2026-04-04T11:14:18,ERR,ERR,ERR,ERR,ERR,ERR,ERR,ERR,ERR,ERR,ERR,ERR,ERR,ERR,ERR,ERR,ERR,ERR,ERR,ERR,ERR,ERR,ERR,ERR,ERR,ERR,ERR,ERR,ERR,ERR,ERR,ERR,ERR,ERR,ERR,ERR,ERR,ERR,ERR,ERR,ERR,ERR,ERR,ERR,ERR,ERR,ERR,ERR,ERR,ERR,ERR,ERR,ERR,ERR,ERR,ERR,ERR,ERR,ERR,ERR,ERR,ERR,ERR,ERR,ERR,ERR,ERR,ERR,ERR,ERR,ERR,ERR,ERR,ERR,ERR,ERR,ERR,ERR,ERR,ERR,ERR,ERR,ERR,ERR,ERR,ERR,ERR,ERR,ERR,ERR,ERR,ERR,ERR,ERR,ERR,ERR,ERR,ERR,ERR,ERR,ERR,ERR,ERR,ERR,ERR,ERR,ERR,ERR,ERR,ERR,ERR,ERR,ERR,ERR,ERR,ERR,ERR,ERR,ERR,ERR,ERR,ERR,ERR,ERR,ERR,2.7184278591402704e+23,0.0,-0.0,0.0,0.0,0.0,0.0,nan,0,0,0,32768,0,0.0,0,0.0,0.0,0.0,0.0,0.0,0,0,0,0,0.0,0,0,0,0,0,0,0,0,0,0,0,0,0,0,0,0,0,0,0,0,0,0,0,0,0,0,0,0,0,0,0,0,0,0,0,0,0,0,0,0,0,0,0,0,0.0,0.0,0.0,0.0,0.0,0.0,0.0,0.0,0.0,0.0,0.0,0.0,0.0,0.0,0.0,0.0,0.0,0.0,0.0,0.0,0.0,0.0,0.0,0.0,-2.004,2.004,0.0,0.0,0.0,0.0,3404.0,8608108544.0,0.0,2.7184278591402704e+23,0.0,-0.0,0.0,0.0,0.0,0.0,0.0,0,2.7184278591402704e+23,-2.3088166164207816e+20,0.0,0.0,0.0,0.0,0.0,0.0,0.0,0,0,0,0.0,0.0,0.0,0.0,0.0,0.0,0.0,0.0,0.0,0.0,0.0,0.0,0.0,0.0,0.0,0.0,0,-107875648.0,0,0.0,0,-107875648.0,-107877712.0,0,39322,17039,13107,17054,0,17038,0,0,0,110,100,100,-0.0,64.0,0.0,64.5,0.0,69.0,1,49,50,180,13107,52429,0,0,0.0,0.0,0.0,0.0,-0.0,65.0,0.0,-10768.498,0.0,646,0,689,0,0,0,718,0,791,0,710,0,690,0,645,0,642,0,616,0.032,55836672.0,-2.004,0.0,61840,16787,-0.0,-103.629,-0.282,1418359665065984.0,0.0,-0.0,29.0,60.0,70,0.0,0.0,0.0,0.0,0.0,0.0,0.0,0.0,0.0,0.0,0.0,0.0,0.0,0.0,0.0,0.0,59.6,69,11,65508,41,65476,0,300,0,0,8,20529,65476,0,0,61604,60.0,0.0,0.0,0.0,0.0,0.0
2026-04-04T11:14:19,ERR,ERR,ERR,ERR,ERR,ERR,ERR,ERR,ERR,ERR,ERR,ERR,ERR,ERR,ERR,ERR,ERR,ERR,ERR,ERR,ERR,ERR,ERR,ERR,ERR,ERR,ERR,ERR,ERR,ERR,ERR,ERR,ERR,ERR,ERR,ERR,ERR,ERR,ERR,ERR,ERR,ERR,ERR,ERR,ERR,ERR,ERR,ERR,ERR,ERR,ERR,ERR,ERR,ERR,ERR,ERR,ERR,ERR,ERR,ERR,ERR,ERR,ERR,ERR,ERR,ERR,ERR,ERR,ERR,ERR,ERR,ERR,ERR,ERR,ERR,ERR,ERR,ERR,ERR,ERR,ERR,ERR,ERR,ERR,ERR,ERR,ERR,ERR,ERR,ERR,ERR,ERR,ERR,ERR,ERR,ERR,ERR,ERR,ERR,ERR,ERR,ERR,ERR,ERR,ERR,ERR,ERR,ERR,ERR,ERR,ERR,ERR,ERR,ERR,ERR,ERR,ERR,ERR,ERR,ERR,ERR,ERR,ERR,ERR,ERR,2.7184278591402704e+23,0.0,-0.0,0.0,0.0,0.0,0.0,nan,0,0,0,32768,0,0.0,0,0.0,0.0,0.0,0.0,0.0,0,0,0,0,0.0,0,0,0,0,0,0,0,0,0,0,0,0,0,0,0,0,0,0,0,0,0,0,0,0,0,0,0,0,0,0,0,0,0,0,0,0,0,0,0,0,0,0,0,0,0.0,0.0,0.0,0.0,0.0,0.0,0.0,0.0,0.0,0.0,0.0,0.0,0.0,0.0,0.0,0.0,0.0,0.0,0.0,0.0,0.0,0.0,0.0,0.0,-2.004,2.004,0.0,0.0,0.0,0.0,3404.0,8608108544.0,0.0,2.7184278591402704e+23,0.0,-0.0,0.0,0.0,0.0,0.0,0.0,0,2.7184278591402704e+23,-2.3088166164207816e+20,0.0,0.0,0.0,0.0,0.0,0.0,0.0,0,0,0,0.0,0.0,0.0,0.0,0.0,0.0,0.0,0.0,0.0,0.0,0.0,0.0,0.0,0.0,0.0,0.0,0,-107875648.0,0,0.0,0,-107875648.0,-107877712.0,0,39322,17039,13107,17054,0,17038,0,0,0,110,100,100,-0.0,64.0,0.0,64.5,0.0,69.0,1,49,50,180,13107,52429,0,0,0.0,0.0,0.0,0.0,-0.0,65.0,0.0,-10768.498,0.0,646,0,689,0,0,0,718,0,791,0,710,0,690,0,645,0,642,0,616,0.032,55836672.0,-2.004,0.0,61840,16787,-0.0,-103.629,-0.282,1418359665065984.0,0.0,-0.0,29.0,60.0,70,0.0,0.0,0.0,0.0,0.0,0.0,0.0,0.0,0.0,0.0,0.0,0.0,0.0,0.0,0.0,0.0,59.6,69,11,65508,41,65476,0,300,0,0,8,20529,65476,0,0,61604,60.0,0.0,0.0,0.0,0.0,0.0
2026-04-04T11:14:20,ERR,ERR,ERR,ERR,ERR,ERR,ERR,ERR,ERR,ERR,ERR,ERR,ERR,ERR,ERR,ERR,ERR,ERR,ERR,ERR,ERR,ERR,ERR,ERR,ERR,ERR,ERR,ERR,ERR,ERR,ERR,ERR,ERR,ERR,ERR,ERR,ERR,ERR,ERR,ERR,ERR,ERR,ERR,ERR,ERR,ERR,ERR,ERR,ERR,ERR,ERR,ERR,ERR,ERR,ERR,ERR,ERR,ERR,ERR,ERR,ERR,ERR,ERR,ERR,ERR,ERR,ERR,ERR,ERR,ERR,ERR,ERR,ERR,ERR,ERR,ERR,ERR,ERR,ERR,ERR,ERR,ERR,ERR,ERR,ERR,ERR,ERR,ERR,ERR,ERR,ERR,ERR,ERR,ERR,ERR,ERR,ERR,ERR,ERR,ERR,ERR,ERR,ERR,ERR,ERR,ERR,ERR,ERR,ERR,ERR,ERR,ERR,ERR,ERR,ERR,ERR,ERR,ERR,ERR,ERR,ERR,ERR,ERR,ERR,ERR,2.7184278591402704e+23,0.0,-0.0,0.0,0.0,0.0,0.0,nan,0,0,0,32768,0,0.0,0,0.0,0.0,0.0,0.0,0.0,0,0,0,0,0.0,0,0,0,0,0,0,0,0,0,0,0,0,0,0,0,0,0,0,0,0,0,0,0,0,0,0,0,0,0,0,0,0,0,0,0,0,0,0,0,0,0,0,0,0,0.0,0.0,0.0,0.0,0.0,0.0,0.0,0.0,0.0,0.0,0.0,0.0,0.0,0.0,0.0,0.0,0.0,0.0,0.0,0.0,0.0,0.0,0.0,0.0,-2.004,2.004,0.0,0.0,0.0,0.0,3404.0,8608108544.0,0.0,2.7184278591402704e+23,0.0,-0.0,0.0,0.0,0.0,0.0,0.0,0,2.7184278591402704e+23,-2.3088166164207816e+20,0.0,0.0,0.0,0.0,0.0,0.0,0.0,0,0,0,0.0,0.0,0.0,0.0,0.0,0.0,0.0,0.0,0.0,0.0,0.0,0.0,0.0,0.0,0.0,0.0,0,-107875648.0,0,0.0,0,-107875648.0,-107877712.0,0,39322,17039,13107,17054,0,17038,0,0,0,110,100,100,-0.0,64.0,0.0,64.5,0.0,69.0,1,49,50,180,13107,52429,0,0,0.0,0.0,0.0,0.0,-0.0,65.0,0.0,-10768.498,0.0,646,0,689,0,0,0,718,0,791,0,710,0,690,0,645,0,642,0,616,0.032,55836672.0,-2.004,0.0,61840,16787,-0.0,-103.629,-0.282,1418359665065984.0,0.0,-0.0,29.0,60.0,70,0.0,0.0,0.0,0.0,0.0,0.0,0.0,0.0,0.0,0.0,0.0,0.0,0.0,0.0,0.0,0.0,59.6,69,11,65508,41,65476,0,300,0,0,8,20529,65476,0,0,61604,60.0,0.0,0.0,0.0,0.0,0.0
2026-04-04T11:14:21,ERR,ERR,ERR,ERR,ERR,ERR,ERR,ERR,ERR,ERR,ERR,ERR,ERR,ERR,ERR,ERR,ERR,ERR,ERR,ERR,ERR,ERR,ERR,ERR,ERR,ERR,ERR,ERR,ERR,ERR,ERR,ERR,ERR,ERR,ERR,ERR,ERR,ERR,ERR,ERR,ERR,ERR,ERR,ERR,ERR,ERR,ERR,ERR,ERR,ERR,ERR,ERR,ERR,ERR,ERR,ERR,ERR,ERR,ERR,ERR,ERR,ERR,ERR,ERR,ERR,ERR,ERR,ERR,ERR,ERR,ERR,ERR,ERR,ERR,ERR,ERR,ERR,ERR,ERR,ERR,ERR,ERR,ERR,ERR,ERR,ERR,ERR,ERR,ERR,ERR,ERR,ERR,ERR,ERR,ERR,ERR,ERR,ERR,ERR,ERR,ERR,ERR,ERR,ERR,ERR,ERR,ERR,ERR,ERR,ERR,ERR,ERR,ERR,ERR,ERR,ERR,ERR,ERR,ERR,ERR,ERR,ERR,ERR,ERR,ERR,2.7184278591402704e+23,0.0,-0.0,0.0,0.0,0.0,0.0,nan,0,0,0,32768,0,0.0,0,0.0,0.0,0.0,0.0,0.0,0,0,0,0,0.0,0,0,0,0,0,0,0,0,0,0,0,0,0,0,0,0,0,0,0,0,0,0,0,0,0,0,0,0,0,0,0,0,0,0,0,0,0,0,0,0,0,0,0,0,0.0,0.0,0.0,0.0,0.0,0.0,0.0,0.0,0.0,0.0,0.0,0.0,0.0,0.0,0.0,0.0,0.0,0.0,0.0,0.0,0.0,0.0,0.0,0.0,-2.004,2.004,0.0,0.0,0.0,0.0,3404.0,8608108544.0,0.0,2.7184278591402704e+23,0.0,-0.0,0.0,0.0,0.0,0.0,0.0,0,2.7184278591402704e+23,-2.3088166164207816e+20,0.0,0.0,0.0,0.0,0.0,0.0,0.0,0,0,0,0.0,0.0,0.0,0.0,0.0,0.0,0.0,0.0,0.0,0.0,0.0,0.0,0.0,0.0,0.0,0.0,0,-107875648.0,0,0.0,0,-107875648.0,-107877712.0,0,39322,17039,13107,17054,0,17038,0,0,0,110,100,100,-0.0,64.0,0.0,64.5,0.0,69.0,1,49,50,180,13107,52429,0,0,0.0,0.0,0.0,0.0,-0.0,65.0,0.0,-10768.498,0.0,646,0,689,0,0,0,718,0,791,0,710,0,690,0,645,0,642,0,616,0.032,55836672.0,-2.004,0.0,61840,16787,-0.0,-103.629,-0.282,1418359665065984.0,0.0,-0.0,29.0,60.0,70,0.0,0.0,0.0,0.0,0.0,0.0,0.0,0.0,0.0,0.0,0.0,0.0,0.0,0.0,0.0,0.0,59.6,69,11,65508,41,65476,0,300,0,0,8,20529,65476,0,0,61604,60.0,0.0,0.0,0.0,0.0,0.0
2026-04-04T11:14:22,ERR,ERR,ERR,ERR,ERR,ERR,ERR,ERR,ERR,ERR,ERR,ERR,ERR,ERR,ERR,ERR,ERR,ERR,ERR,ERR,ERR,ERR,ERR,ERR,ERR,ERR,ERR,ERR,ERR,ERR,ERR,ERR,ERR,ERR,ERR,ERR,ERR,ERR,ERR,ERR,ERR,ERR,ERR,ERR,ERR,ERR,ERR,ERR,ERR,ERR,ERR,ERR,ERR,ERR,ERR,ERR,ERR,ERR,ERR,ERR,ERR,ERR,ERR,ERR,ERR,ERR,ERR,ERR,ERR,ERR,ERR,ERR,ERR,ERR,ERR,ERR,ERR,ERR,ERR,ERR,ERR,ERR,ERR,ERR,ERR,ERR,ERR,ERR,ERR,ERR,ERR,ERR,ERR,ERR,ERR,ERR,ERR,ERR,ERR,ERR,ERR,ERR,ERR,ERR,ERR,ERR,ERR,ERR,ERR,ERR,ERR,ERR,ERR,ERR,ERR,ERR,ERR,ERR,ERR,ERR,ERR,ERR,ERR,ERR,ERR,2.7184278591402704e+23,0.0,-0.0,0.0,0.0,0.0,0.0,nan,0,0,0,32768,0,0.0,0,0.0,0.0,0.0,0.0,0.0,0,0,0,0,0.0,0,0,0,0,0,0,0,0,0,0,0,0,0,0,0,0,0,0,0,0,0,0,0,0,0,0,0,0,0,0,0,0,0,0,0,0,0,0,0,0,0,0,0,0,0.0,0.0,0.0,0.0,0.0,0.0,0.0,0.0,0.0,0.0,0.0,0.0,0.0,0.0,0.0,0.0,0.0,0.0,0.0,0.0,0.0,0.0,0.0,0.0,-2.004,2.004,0.0,0.0,0.0,0.0,3404.0,8608108544.0,0.0,2.7184278591402704e+23,0.0,-0.0,0.0,0.0,0.0,0.0,0.0,0,2.7184278591402704e+23,-2.3088166164207816e+20,0.0,0.0,0.0,0.0,0.0,0.0,0.0,0,0,0,0.0,0.0,0.0,0.0,0.0,0.0,0.0,0.0,0.0,0.0,0.0,0.0,0.0,0.0,0.0,0.0,0,-107875648.0,0,0.0,0,-107875648.0,-107877712.0,0,39322,17039,13107,17054,0,17038,0,0,0,110,100,100,-0.0,64.0,0.0,64.5,0.0,69.0,1,49,50,180,13107,52429,0,0,0.0,0.0,0.0,0.0,-0.0,65.0,0.0,-10768.498,0.0,646,0,689,0,0,0,718,0,791,0,710,0,690,0,645,0,642,0,616,0.032,55836672.0,-2.004,0.0,61840,16787,-0.0,-103.629,-0.282,1418359665065984.0,0.0,-0.0,29.0,60.0,70,0.0,0.0,0.0,0.0,0.0,0.0,0.0,0.0,0.0,0.0,0.0,0.0,0.0,0.0,0.0,0.0,59.6,69,11,65508,41,65476,0,300,0,0,8,20529,65476,0,0,61604,60.0,0.0,0.0,0.0,0.0,0.0
2026-04-04T11:14:23,ERR,ERR,ERR,ERR,ERR,ERR,ERR,ERR,ERR,ERR,ERR,ERR,ERR,ERR,ERR,ERR,ERR,ERR,ERR,ERR,ERR,ERR,ERR,ERR,ERR,ERR,ERR,ERR,ERR,ERR,ERR,ERR,ERR,ERR,ERR,ERR,ERR,ERR,ERR,ERR,ERR,ERR,ERR,ERR,ERR,ERR,ERR,ERR,ERR,ERR,ERR,ERR,ERR,ERR,ERR,ERR,ERR,ERR,ERR,ERR,ERR,ERR,ERR,ERR,ERR,ERR,ERR,ERR,ERR,ERR,ERR,ERR,ERR,ERR,ERR,ERR,ERR,ERR,ERR,ERR,ERR,ERR,ERR,ERR,ERR,ERR,ERR,ERR,ERR,ERR,ERR,ERR,ERR,ERR,ERR,ERR,ERR,ERR,ERR,ERR,ERR,ERR,ERR,ERR,ERR,ERR,ERR,ERR,ERR,ERR,ERR,ERR,ERR,ERR,ERR,ERR,ERR,ERR,ERR,ERR,ERR,ERR,ERR,ERR,ERR,2.7184278591402704e+23,0.0,-0.0,0.0,0.0,0.0,0.0,nan,0,0,0,32768,0,0.0,0,0.0,0.0,0.0,0.0,0.0,0,0,0,0,0.0,0,0,0,0,0,0,0,0,0,0,0,0,0,0,0,0,0,0,0,0,0,0,0,0,0,0,0,0,0,0,0,0,0,0,0,0,0,0,0,0,0,0,0,0,0.0,0.0,0.0,0.0,0.0,0.0,0.0,0.0,0.0,0.0,0.0,0.0,0.0,0.0,0.0,0.0,0.0,0.0,0.0,0.0,0.0,0.0,0.0,0.0,-2.004,2.004,0.0,0.0,0.0,0.0,3404.0,8608108544.0,0.0,2.7184278591402704e+23,0.0,-0.0,0.0,0.0,0.0,0.0,0.0,0,2.7184278591402704e+23,-2.3088166164207816e+20,0.0,0.0,0.0,0.0,0.0,0.0,0.0,0,0,0,0.0,0.0,0.0,0.0,0.0,0.0,0.0,0.0,0.0,0.0,0.0,0.0,0.0,0.0,0.0,0.0,0,-107875648.0,0,0.0,0,-107875648.0,-107877712.0,0,39322,17039,13107,17054,0,17038,0,0,0,110,100,100,2.7302334150594743e+23,64.0,0.0,64.5,0.0,69.0,1,49,50,180,13107,52429,0,0,0.0,0.0,0.0,0.0,-0.0,65.0,0.0,-0.0,0.0,645,0,689,0,0,0,718,0,791,0,710,0,690,0,645,0,643,0,616,0.032,55836672.0,-2.004,0.0,10640,16788,-0.0,-7186681803309056.0,-2.8077597308454942e+26,3.6974346782281564e+18,0.0,-9.359157221759386e+16,29.0,60.0,70,0.0,0.0,0.0,0.0,0.0,0.0,0.0,0.0,0.0,0.0,0.0,0.0,0.0,0.0,0.0,0.0,59.2,69,11,65508,41,65476,0,300,0,0,8,20529,65476,0,0,61604,60.0,0.0,0.0,0.0,0.0,0.0
2026-04-04T11:14:24,ERR,ERR,ERR,ERR,ERR,ERR,ERR,ERR,ERR,ERR,ERR,ERR,ERR,ERR,ERR,ERR,ERR,ERR,ERR,ERR,ERR,ERR,ERR,ERR,ERR,ERR,ERR,ERR,ERR,ERR,ERR,ERR,ERR,ERR,ERR,ERR,ERR,ERR,ERR,ERR,ERR,ERR,ERR,ERR,ERR,ERR,ERR,ERR,ERR,ERR,ERR,ERR,ERR,ERR,ERR,ERR,ERR,ERR,ERR,ERR,ERR,ERR,ERR,ERR,ERR,ERR,ERR,ERR,ERR,ERR,ERR,ERR,ERR,ERR,ERR,ERR,ERR,ERR,ERR,ERR,ERR,ERR,ERR,ERR,ERR,ERR,ERR,ERR,ERR,ERR,ERR,ERR,ERR,ERR,ERR,ERR,ERR,ERR,ERR,ERR,ERR,ERR,ERR,ERR,ERR,ERR,ERR,ERR,ERR,ERR,ERR,ERR,ERR,ERR,ERR,ERR,ERR,ERR,ERR,ERR,ERR,ERR,ERR,ERR,ERR,2.7184278591402704e+23,0.0,-0.0,0.0,0.0,0.0,0.0,nan,0,0,0,32768,0,0.0,0,0.0,0.0,0.0,0.0,0.0,0,0,0,0,0.0,0,0,0,0,0,0,0,0,0,0,0,0,0,0,0,0,0,0,0,0,0,0,0,0,0,0,0,0,0,0,0,0,0,0,0,0,0,0,0,0,0,0,0,0,0.0,0.0,0.0,0.0,0.0,0.0,0.0,0.0,0.0,0.0,0.0,0.0,0.0,0.0,0.0,0.0,0.0,0.0,0.0,0.0,0.0,0.0,0.0,0.0,-2.004,2.004,0.0,0.0,0.0,0.0,3405.0,1.5879157526988056e+29,0.0,2.7184278591402704e+23,0.0,-0.0,0.0,0.0,0.0,0.0,0.0,0,-0.0,0.0,0.0,0.0,0.0,0.0,0.0,0.0,0.0,0,0,0,0.0,0.0,0.0,0.0,0.0,0.0,0.0,0.0,0.0,0.0,0.0,0.0,0.0,0.0,0.0,0.0,0,-107875648.0,0,0.0,0,-107875648.0,-107877712.0,0,39322,17039,13107,17054,0,17038,0,0,0,110,100,100,2.7302334150594743e+23,64.0,0.0,64.5,0.0,69.0,1,49,50,180,13107,52429,0,0,0.0,0.0,0.0,0.0,-0.0,65.0,0.0,-0.0,0.0,645,0,689,0,0,0,718,0,791,0,710,0,690,0,645,0,643,0,616,0.032,55836672.0,-2.004,0.0,10640,16788,-0.0,-7186681803309056.0,-2.8077597308454942e+26,3.6974346782281564e+18,0.0,-9.359157221759386e+16,29.0,60.0,70,0.0,0.0,0.0,0.0,0.0,0.0,0.0,0.0,0.0,0.0,0.0,0.0,0.0,0.0,0.0,0.0,59.2,69,11,65508,41,65476,0,300,0,0,8,20529,65476,0,0,61604,60.0,0.0,0.0,0.0,0.0,0.0
2026-04-04T11:14:25,ERR,ERR,ERR,ERR,ERR,ERR,ERR,ERR,ERR,ERR,ERR,ERR,ERR,ERR,ERR,ERR,ERR,ERR,ERR,ERR,ERR,ERR,ERR,ERR,ERR,ERR,ERR,ERR,ERR,ERR,ERR,ERR,ERR,ERR,ERR,ERR,ERR,ERR,ERR,ERR,ERR,ERR,ERR,ERR,ERR,ERR,ERR,ERR,ERR,ERR,ERR,ERR,ERR,ERR,ERR,ERR,ERR,ERR,ERR,ERR,ERR,ERR,ERR,ERR,ERR,ERR,ERR,ERR,ERR,ERR,ERR,ERR,ERR,ERR,ERR,ERR,ERR,ERR,ERR,ERR,ERR,ERR,ERR,ERR,ERR,ERR,ERR,ERR,ERR,ERR,ERR,ERR,ERR,ERR,ERR,ERR,ERR,ERR,ERR,ERR,ERR,ERR,ERR,ERR,ERR,ERR,ERR,ERR,ERR,ERR,ERR,ERR,ERR,ERR,ERR,ERR,ERR,ERR,ERR,ERR,ERR,ERR,ERR,ERR,ERR,2.7184278591402704e+23,0.0,-0.0,0.0,0.0,0.0,0.0,nan,0,0,0,32768,0,0.0,0,0.0,0.0,0.0,0.0,0.0,0,0,0,0,0.0,0,0,0,0,0,0,0,0,0,0,0,0,0,0,0,0,0,0,0,0,0,0,0,0,0,0,0,0,0,0,0,0,0,0,0,0,0,0,0,0,0,0,0,0,0.0,0.0,0.0,0.0,0.0,0.0,0.0,0.0,0.0,0.0,0.0,0.0,0.0,0.0,0.0,0.0,0.0,0.0,0.0,0.0,0.0,0.0,0.0,0.0,-2.004,2.004,0.0,0.0,0.0,0.0,3405.0,1.5879157526988056e+29,0.0,2.7184278591402704e+23,0.0,-0.0,0.0,0.0,0.0,0.0,0.0,0,-0.0,0.0,0.0,0.0,0.0,0.0,0.0,0.0,0.0,0,0,0,0.0,0.0,0.0,0.0,0.0,0.0,0.0,0.0,0.0,0.0,0.0,0.0,0.0,0.0,0.0,0.0,0,-107875648.0,0,0.0,0,-107875648.0,-107877712.0,0,39322,17039,13107,17054,0,17038,0,0,0,110,100,100,2.7302334150594743e+23,64.0,0.0,64.5,0.0,69.0,1,49,50,180,13107,52429,0,0,0.0,0.0,0.0,0.0,-0.0,65.0,0.0,-0.0,0.0,645,0,689,0,0,0,718,0,791,0,710,0,690,0,645,0,643,0,616,0.032,55836672.0,-2.004,0.0,10640,16788,-0.0,-7186681803309056.0,-2.8077597308454942e+26,3.6974346782281564e+18,0.0,-9.359157221759386e+16,29.0,60.0,70,0.0,0.0,0.0,0.0,0.0,0.0,0.0,0.0,0.0,0.0,0.0,0.0,0.0,0.0,0.0,0.0,59.2,69,11,65508,41,65476,0,300,0,0,8,20529,65476,0,0,61604,60.0,0.0,0.0,0.0,0.0,0.0
2026-04-04T11:14:26,ERR,ERR,ERR,ERR,ERR,ERR,ERR,ERR,ERR,ERR,ERR,ERR,ERR,ERR,ERR,ERR,ERR,ERR,ERR,ERR,ERR,ERR,ERR,ERR,ERR,ERR,ERR,ERR,ERR,ERR,ERR,ERR,ERR,ERR,ERR,ERR,ERR,ERR,ERR,ERR,ERR,ERR,ERR,ERR,ERR,ERR,ERR,ERR,ERR,ERR,ERR,ERR,ERR,ERR,ERR,ERR,ERR,ERR,ERR,ERR,ERR,ERR,ERR,ERR,ERR,ERR,ERR,ERR,ERR,ERR,ERR,ERR,ERR,ERR,ERR,ERR,ERR,ERR,ERR,ERR,ERR,ERR,ERR,ERR,ERR,ERR,ERR,ERR,ERR,ERR,ERR,ERR,ERR,ERR,ERR,ERR,ERR,ERR,ERR,ERR,ERR,ERR,ERR,ERR,ERR,ERR,ERR,ERR,ERR,ERR,ERR,ERR,ERR,ERR,ERR,ERR,ERR,ERR,ERR,ERR,ERR,ERR,ERR,ERR,ERR,2.7184278591402704e+23,0.0,-0.0,0.0,0.0,0.0,0.0,nan,0,0,0,32768,0,0.0,0,0.0,0.0,0.0,0.0,0.0,0,0,0,0,0.0,0,0,0,0,0,0,0,0,0,0,0,0,0,0,0,0,0,0,0,0,0,0,0,0,0,0,0,0,0,0,0,0,0,0,0,0,0,0,0,0,0,0,0,0,0.0,0.0,0.0,0.0,0.0,0.0,0.0,0.0,0.0,0.0,0.0,0.0,0.0,0.0,0.0,0.0,0.0,0.0,0.0,0.0,0.0,0.0,0.0,0.0,-2.004,2.004,0.0,0.0,0.0,0.0,3405.0,1.5879157526988056e+29,0.0,2.7184278591402704e+23,0.0,-0.0,0.0,0.0,0.0,0.0,0.0,0,-0.0,0.0,0.0,0.0,0.0,0.0,0.0,0.0,0.0,0,0,0,0.0,0.0,0.0,0.0,0.0,0.0,0.0,0.0,0.0,0.0,0.0,0.0,0.0,0.0,0.0,0.0,0,-107875648.0,0,0.0,0,-107875648.0,-107877712.0,0,39322,17039,13107,17054,0,17038,0,0,0,110,100,100,2.7302334150594743e+23,64.0,0.0,64.5,0.0,69.0,1,49,50,180,13107,52429,0,0,0.0,0.0,0.0,0.0,-0.0,65.0,0.0,-0.0,0.0,645,0,689,0,0,0,718,0,791,0,710,0,690,0,645,0,643,0,616,0.032,55836672.0,-2.004,0.0,10640,16788,-0.0,-7186681803309056.0,-2.8077597308454942e+26,3.6974346782281564e+18,0.0,-9.359157221759386e+16,29.0,60.0,70,0.0,0.0,0.0,0.0,0.0,0.0,0.0,0.0,0.0,0.0,0.0,0.0,0.0,0.0,0.0,0.0,59.6,69,11,65508,41,65476,0,300,0,0,8,20529,65476,0,0,61604,60.0,0.0,0.0,0.0,0.0,0.0
2026-04-04T11:14:27,ERR,ERR,ERR,ERR,ERR,ERR,ERR,ERR,ERR,ERR,ERR,ERR,ERR,ERR,ERR,ERR,ERR,ERR,ERR,ERR,ERR,ERR,ERR,ERR,ERR,ERR,ERR,ERR,ERR,ERR,ERR,ERR,ERR,ERR,ERR,ERR,ERR,ERR,ERR,ERR,ERR,ERR,ERR,ERR,ERR,ERR,ERR,ERR,ERR,ERR,ERR,ERR,ERR,ERR,ERR,ERR,ERR,ERR,ERR,ERR,ERR,ERR,ERR,ERR,ERR,ERR,ERR,ERR,ERR,ERR,ERR,ERR,ERR,ERR,ERR,ERR,ERR,ERR,ERR,ERR,ERR,ERR,ERR,ERR,ERR,ERR,ERR,ERR,ERR,ERR,ERR,ERR,ERR,ERR,ERR,ERR,ERR,ERR,ERR,ERR,ERR,ERR,ERR,ERR,ERR,ERR,ERR,ERR,ERR,ERR,ERR,ERR,ERR,ERR,ERR,ERR,ERR,ERR,ERR,ERR,ERR,ERR,ERR,ERR,ERR,2.7184278591402704e+23,0.0,-0.0,0.0,0.0,0.0,0.0,nan,0,0,0,32768,0,0.0,0,0.0,0.0,0.0,0.0,0.0,0,0,0,0,0.0,0,0,0,0,0,0,0,0,0,0,0,0,0,0,0,0,0,0,0,0,0,0,0,0,0,0,0,0,0,0,0,0,0,0,0,0,0,0,0,0,0,0,0,0,0.0,0.0,0.0,0.0,0.0,0.0,0.0,0.0,0.0,0.0,0.0,0.0,0.0,0.0,0.0,0.0,0.0,0.0,0.0,0.0,0.0,0.0,0.0,0.0,-2.004,2.004,0.0,0.0,0.0,0.0,3405.0,1.5879157526988056e+29,0.0,2.7184278591402704e+23,0.0,-0.0,0.0,0.0,0.0,0.0,0.0,0,-0.0,0.0,0.0,0.0,0.0,0.0,0.0,0.0,0.0,0,0,0,0.0,0.0,0.0,0.0,0.0,0.0,0.0,0.0,0.0,0.0,0.0,0.0,0.0,0.0,0.0,0.0,0,-107875648.0,0,0.0,0,-107875648.0,-107877712.0,0,39322,17039,13107,17054,0,17038,0,0,0,110,100,100,2.7302334150594743e+23,64.0,0.0,64.5,0.0,69.0,1,49,50,180,13107,52429,0,0,0.0,0.0,0.0,0.0,-0.0,65.0,0.0,-0.0,0.0,645,0,689,0,0,0,718,0,791,0,710,0,690,0,645,0,643,0,616,0.032,55836672.0,-2.004,0.0,10640,16788,-0.0,-7186681803309056.0,-2.8077597308454942e+26,3.6974346782281564e+18,0.0,-9.359157221759386e+16,29.0,60.0,70,0.0,0.0,0.0,0.0,0.0,0.0,0.0,0.0,0.0,0.0,0.0,0.0,0.0,0.0,0.0,0.0,59.6,69,11,65508,41,65476,0,300,0,0,8,20529,65476,0,0,61604,60.0,0.0,0.0,0.0,0.0,0.0
2026-04-04T11:14:28,ERR,ERR,ERR,ERR,ERR,ERR,ERR,ERR,ERR,ERR,ERR,ERR,ERR,ERR,ERR,ERR,ERR,ERR,ERR,ERR,ERR,ERR,ERR,ERR,ERR,ERR,ERR,ERR,ERR,ERR,ERR,ERR,ERR,ERR,ERR,ERR,ERR,ERR,ERR,ERR,ERR,ERR,ERR,ERR,ERR,ERR,ERR,ERR,ERR,ERR,ERR,ERR,ERR,ERR,ERR,ERR,ERR,ERR,ERR,ERR,ERR,ERR,ERR,ERR,ERR,ERR,ERR,ERR,ERR,ERR,ERR,ERR,ERR,ERR,ERR,ERR,ERR,ERR,ERR,ERR,ERR,ERR,ERR,ERR,ERR,ERR,ERR,ERR,ERR,ERR,ERR,ERR,ERR,ERR,ERR,ERR,ERR,ERR,ERR,ERR,ERR,ERR,ERR,ERR,ERR,ERR,ERR,ERR,ERR,ERR,ERR,ERR,ERR,ERR,ERR,ERR,ERR,ERR,ERR,ERR,ERR,ERR,ERR,ERR,ERR,2.7184278591402704e+23,0.0,-0.0,0.0,0.0,0.0,0.0,nan,0,0,0,32768,0,0.0,0,0.0,0.0,0.0,0.0,0.0,0,0,0,0,0.0,0,0,0,0,0,0,0,0,0,0,0,0,0,0,0,0,0,0,0,0,0,0,0,0,0,0,0,0,0,0,0,0,0,0,0,0,0,0,0,0,0,0,0,0,0.0,0.0,0.0,0.0,0.0,0.0,0.0,0.0,0.0,0.0,0.0,0.0,0.0,0.0,0.0,0.0,0.0,0.0,0.0,0.0,0.0,0.0,0.0,0.0,-2.004,2.004,0.0,0.0,0.0,0.0,3405.0,1.5879157526988056e+29,0.0,2.7184278591402704e+23,0.0,-0.0,0.0,0.0,0.0,0.0,0.0,0,-0.0,0.0,0.0,0.0,0.0,0.0,0.0,0.0,0.0,0,0,0,0.0,0.0,0.0,0.0,0.0,0.0,0.0,0.0,0.0,0.0,0.0,0.0,0.0,0.0,0.0,0.0,0,-107875648.0,0,0.0,0,-107875648.0,-107877712.0,0,39322,17039,13107,17054,0,17038,0,0,0,110,100,100,2.7302334150594743e+23,64.0,0.0,64.5,0.0,69.0,1,49,50,180,13107,52429,0,0,0.0,0.0,0.0,0.0,-0.0,65.0,0.0,-0.0,0.0,645,0,689,0,0,0,718,0,791,0,710,0,690,0,645,0,643,0,616,0.032,55836672.0,-2.004,0.0,10640,16788,-0.0,-7186681803309056.0,-2.8077597308454942e+26,3.6974346782281564e+18,0.0,-9.359157221759386e+16,29.0,60.0,70,0.0,0.0,0.0,0.0,0.0,0.0,0.0,0.0,0.0,0.0,0.0,0.0,0.0,0.0,0.0,0.0,59.2,69,11,65508,41,65476,0,300,0,0,8,20529,65476,0,0,61604,60.0,0.0,0.0,0.0,0.0,0.0
2026-04-04T11:14:29,ERR,ERR,ERR,ERR,ERR,ERR,ERR,ERR,ERR,ERR,ERR,ERR,ERR,ERR,ERR,ERR,ERR,ERR,ERR,ERR,ERR,ERR,ERR,ERR,ERR,ERR,ERR,ERR,ERR,ERR,ERR,ERR,ERR,ERR,ERR,ERR,ERR,ERR,ERR,ERR,ERR,ERR,ERR,ERR,ERR,ERR,ERR,ERR,ERR,ERR,ERR,ERR,ERR,ERR,ERR,ERR,ERR,ERR,ERR,ERR,ERR,ERR,ERR,ERR,ERR,ERR,ERR,ERR,ERR,ERR,ERR,ERR,ERR,ERR,ERR,ERR,ERR,ERR,ERR,ERR,ERR,ERR,ERR,ERR,ERR,ERR,ERR,ERR,ERR,ERR,ERR,ERR,ERR,ERR,ERR,ERR,ERR,ERR,ERR,ERR,ERR,ERR,ERR,ERR,ERR,ERR,ERR,ERR,ERR,ERR,ERR,ERR,ERR,ERR,ERR,ERR,ERR,ERR,ERR,ERR,ERR,ERR,ERR,ERR,ERR,2.7184278591402704e+23,0.0,-0.0,0.0,0.0,0.0,0.0,nan,0,0,0,32768,0,0.0,0,0.0,0.0,0.0,0.0,0.0,0,0,0,0,0.0,0,0,0,0,0,0,0,0,0,0,0,0,0,0,0,0,0,0,0,0,0,0,0,0,0,0,0,0,0,0,0,0,0,0,0,0,0,0,0,0,0,0,0,0,0.0,0.0,0.0,0.0,0.0,0.0,0.0,0.0,0.0,0.0,0.0,0.0,0.0,0.0,0.0,0.0,0.0,0.0,0.0,0.0,0.0,0.0,0.0,0.0,-2.004,2.004,0.0,0.0,0.0,0.0,3405.0,1.5879157526988056e+29,0.0,2.7184278591402704e+23,0.0,-0.0,0.0,0.0,0.0,0.0,0.0,0,-0.0,0.0,0.0,0.0,0.0,0.0,0.0,0.0,0.0,0,0,0,0.0,0.0,0.0,0.0,0.0,0.0,0.0,0.0,0.0,0.0,0.0,0.0,0.0,0.0,0.0,0.0,0,-107875648.0,0,0.0,0,-107875648.0,-107877712.0,0,39322,17039,13107,17054,0,17038,0,0,0,110,100,100,-0.0,64.0,0.0,64.5,0.0,69.0,1,49,50,180,13107,52429,0,0,0.0,0.0,0.0,0.0,-0.0,65.0,0.0,4.134568405422768e+35,0.0,646,0,689,0,0,0,718,0,791,0,710,0,690,0,645,0,643,0,615,0.032,55836672.0,-2.004,0.0,18320,16788,-0.0,4.134568405422768e+35,-1.0163608615114934e+30,-3231725.25,0.0,-7.461782850159319e+21,29.0,60.0,70,0.0,0.0,0.0,0.0,0.0,0.0,0.0,0.0,0.0,0.0,0.0,0.0,0.0,0.0,0.0,0.0,59.2,69,11,65508,41,65476,0,300,0,0,8,20529,65476,0,0,61604,60.0,0.0,0.0,0.0,0.0,0.0
2026-04-04T11:14:30,ERR,ERR,ERR,ERR,ERR,ERR,ERR,ERR,ERR,ERR,ERR,ERR,ERR,ERR,ERR,ERR,ERR,ERR,ERR,ERR,ERR,ERR,ERR,ERR,ERR,ERR,ERR,ERR,ERR,ERR,ERR,ERR,ERR,ERR,ERR,ERR,ERR,ERR,ERR,ERR,ERR,ERR,ERR,ERR,ERR,ERR,ERR,ERR,ERR,ERR,ERR,ERR,ERR,ERR,ERR,ERR,ERR,ERR,ERR,ERR,ERR,ERR,ERR,ERR,ERR,ERR,ERR,ERR,ERR,ERR,ERR,ERR,ERR,ERR,ERR,ERR,ERR,ERR,ERR,ERR,ERR,ERR,ERR,ERR,ERR,ERR,ERR,ERR,ERR,ERR,ERR,ERR,ERR,ERR,ERR,ERR,ERR,ERR,ERR,ERR,ERR,ERR,ERR,ERR,ERR,ERR,ERR,ERR,ERR,ERR,ERR,ERR,ERR,ERR,ERR,ERR,ERR,ERR,ERR,ERR,ERR,ERR,ERR,ERR,ERR,2.7184278591402704e+23,0.0,-0.0,0.0,0.0,0.0,0.0,nan,0,0,0,32768,0,0.0,0,0.0,0.0,0.0,0.0,0.0,0,0,0,0,0.0,0,0,0,0,0,0,0,0,0,0,0,0,0,0,0,0,0,0,0,0,0,0,0,0,0,0,0,0,0,0,0,0,0,0,0,0,0,0,0,0,0,0,0,0,0.0,0.0,0.0,0.0,0.0,0.0,0.0,0.0,0.0,0.0,0.0,0.0,0.0,0.0,0.0,0.0,0.0,0.0,0.0,0.0,0.0,0.0,0.0,0.0,-2.004,2.004,0.0,0.0,0.0,0.0,3405.0,1.5879157526988056e+29,0.0,2.7184278591402704e+23,0.0,-0.0,0.0,0.0,0.0,0.0,0.0,0,-0.0,0.0,0.0,0.0,0.0,0.0,0.0,0.0,0.0,0,0,0,0.0,0.0,0.0,0.0,0.0,0.0,0.0,0.0,0.0,0.0,0.0,0.0,0.0,0.0,0.0,0.0,0,-107875648.0,0,0.0,0,-107875648.0,-107877712.0,0,39322,17039,13107,17054,0,17038,0,0,0,110,100,100,-0.0,64.0,0.0,64.5,0.0,69.0,1,49,50,180,13107,52429,0,0,0.0,0.0,0.0,0.0,-0.0,65.0,0.0,4.134568405422768e+35,0.0,646,0,689,0,0,0,718,0,791,0,710,0,690,0,645,0,643,0,615,0.032,55836672.0,-2.004,0.0,18320,16788,-0.0,4.134568405422768e+35,-1.0163608615114934e+30,-3231725.25,0.0,-7.461782850159319e+21,29.0,60.0,70,0.0,0.0,0.0,0.0,0.0,0.0,0.0,0.0,0.0,0.0,0.0,0.0,0.0,0.0,0.0,0.0,59.2,69,11,65508,41,65476,0,300,0,0,8,20529,65476,0,0,61604,60.0,0.0,0.0,0.0,0.0,0.0
2026-04-04T11:14:31,ERR,ERR,ERR,ERR,ERR,ERR,ERR,ERR,ERR,ERR,ERR,ERR,ERR,ERR,ERR,ERR,ERR,ERR,ERR,ERR,ERR,ERR,ERR,ERR,ERR,ERR,ERR,ERR,ERR,ERR,ERR,ERR,ERR,ERR,ERR,ERR,ERR,ERR,ERR,ERR,ERR,ERR,ERR,ERR,ERR,ERR,ERR,ERR,ERR,ERR,ERR,ERR,ERR,ERR,ERR,ERR,ERR,ERR,ERR,ERR,ERR,ERR,ERR,ERR,ERR,ERR,ERR,ERR,ERR,ERR,ERR,ERR,ERR,ERR,ERR,ERR,ERR,ERR,ERR,ERR,ERR,ERR,ERR,ERR,ERR,ERR,ERR,ERR,ERR,ERR,ERR,ERR,ERR,ERR,ERR,ERR,ERR,ERR,ERR,ERR,ERR,ERR,ERR,ERR,ERR,ERR,ERR,ERR,ERR,ERR,ERR,ERR,ERR,ERR,ERR,ERR,ERR,ERR,ERR,ERR,ERR,ERR,ERR,ERR,ERR,2.7184278591402704e+23,0.0,-0.0,0.0,0.0,0.0,0.0,nan,0,0,0,32768,0,0.0,0,0.0,0.0,0.0,0.0,0.0,0,0,0,0,0.0,0,0,0,0,0,0,0,0,0,0,0,0,0,0,0,0,0,0,0,0,0,0,0,0,0,0,0,0,0,0,0,0,0,0,0,0,0,0,0,0,0,0,0,0,0.0,0.0,0.0,0.0,0.0,0.0,0.0,0.0,0.0,0.0,0.0,0.0,0.0,0.0,0.0,0.0,0.0,0.0,0.0,0.0,0.0,0.0,0.0,0.0,-2.004,2.004,0.0,0.0,0.0,0.0,3405.0,1.5879157526988056e+29,0.0,2.7184278591402704e+23,0.0,-0.0,0.0,0.0,0.0,0.0,0.0,0,-0.0,0.0,0.0,0.0,0.0,0.0,0.0,0.0,0.0,0,0,0,0.0,0.0,0.0,0.0,0.0,0.0,0.0,0.0,0.0,0.0,0.0,0.0,0.0,0.0,0.0,0.0,0,-107875648.0,0,0.0,0,-107875648.0,-107877712.0,0,39322,17039,13107,17054,0,17038,0,0,0,110,100,100,-0.0,64.0,0.0,64.5,0.0,69.0,1,49,50,180,13107,52429,0,0,0.0,0.0,0.0,0.0,-0.0,65.0,0.0,4.134568405422768e+35,0.0,646,0,689,0,0,0,718,0,791,0,710,0,690,0,645,0,643,0,615,0.032,55836672.0,-2.004,0.0,18320,16788,-0.0,4.134568405422768e+35,-1.0163608615114934e+30,-3231725.25,0.0,-7.461782850159319e+21,29.0,60.0,70,0.0,0.0,0.0,0.0,0.0,0.0,0.0,0.0,0.0,0.0,0.0,0.0,0.0,0.0,0.0,0.0,59.6,69,11,65508,41,65476,0,300,0,0,8,20529,65476,0,0,61604,60.0,0.0,0.0,0.0,0.0,0.0
2026-04-04T11:14:32,ERR,ERR,ERR,ERR,ERR,ERR,ERR,ERR,ERR,ERR,ERR,ERR,ERR,ERR,ERR,ERR,ERR,ERR,ERR,ERR,ERR,ERR,ERR,ERR,ERR,ERR,ERR,ERR,ERR,ERR,ERR,ERR,ERR,ERR,ERR,ERR,ERR,ERR,ERR,ERR,ERR,ERR,ERR,ERR,ERR,ERR,ERR,ERR,ERR,ERR,ERR,ERR,ERR,ERR,ERR,ERR,ERR,ERR,ERR,ERR,ERR,ERR,ERR,ERR,ERR,ERR,ERR,ERR,ERR,ERR,ERR,ERR,ERR,ERR,ERR,ERR,ERR,ERR,ERR,ERR,ERR,ERR,ERR,ERR,ERR,ERR,ERR,ERR,ERR,ERR,ERR,ERR,ERR,ERR,ERR,ERR,ERR,ERR,ERR,ERR,ERR,ERR,ERR,ERR,ERR,ERR,ERR,ERR,ERR,ERR,ERR,ERR,ERR,ERR,ERR,ERR,ERR,ERR,ERR,ERR,ERR,ERR,ERR,ERR,ERR,2.7184278591402704e+23,0.0,-0.0,0.0,0.0,0.0,0.0,nan,0,0,0,32768,0,0.0,0,0.0,0.0,0.0,0.0,0.0,0,0,0,0,0.0,0,0,0,0,0,0,0,0,0,0,0,0,0,0,0,0,0,0,0,0,0,0,0,0,0,0,0,0,0,0,0,0,0,0,0,0,0,0,0,0,0,0,0,0,0.0,0.0,0.0,0.0,0.0,0.0,0.0,0.0,0.0,0.0,0.0,0.0,0.0,0.0,0.0,0.0,0.0,0.0,0.0,0.0,0.0,0.0,0.0,0.0,-2.004,2.004,0.0,0.0,0.0,0.0,3405.5,-0.0,0.0,2.7184278591402704e+23,0.0,-0.0,0.0,0.0,0.0,0.0,0.0,0,4.9504239556116174e+32,0.0,0.0,0.0,0.0,0.0,0.0,0.0,0.0,0,0,0,0.0,0.0,0.0,0.0,0.0,0.0,0.0,0.0,0.0,0.0,0.0,0.0,0.0,0.0,0.0,0.0,0,-107875648.0,0,0.0,0,-107875648.0,-107877712.0,0,39322,17039,13107,17054,0,17038,0,0,0,110,100,100,-0.0,64.0,0.0,64.5,0.0,69.0,1,49,50,180,13107,52429,0,0,0.0,0.0,0.0,0.0,-0.0,65.0,0.0,4.134568405422768e+35,0.0,646,0,689,0,0,0,718,0,791,0,710,0,690,0,645,0,643,0,615,0.032,55836672.0,-2.004,0.0,18320,16788,-0.0,4.134568405422768e+35,-1.0163608615114934e+30,-3231725.25,0.0,-7.461782850159319e+21,29.0,60.0,70,0.0,0.0,0.0,0.0,0.0,0.0,0.0,0.0,0.0,0.0,0.0,0.0,0.0,0.0,0.0,0.0,59.6,69,11,65508,41,65476,0,300,0,0,8,20529,65476,0,0,61604,60.0,0.0,0.0,0.0,0.0,0.0
2026-04-04T11:14:33,ERR,ERR,ERR,ERR,ERR,ERR,ERR,ERR,ERR,ERR,ERR,ERR,ERR,ERR,ERR,ERR,ERR,ERR,ERR,ERR,ERR,ERR,ERR,ERR,ERR,ERR,ERR,ERR,ERR,ERR,ERR,ERR,ERR,ERR,ERR,ERR,ERR,ERR,ERR,ERR,ERR,ERR,ERR,ERR,ERR,ERR,ERR,ERR,ERR,ERR,ERR,ERR,ERR,ERR,ERR,ERR,ERR,ERR,ERR,ERR,ERR,ERR,ERR,ERR,ERR,ERR,ERR,ERR,ERR,ERR,ERR,ERR,ERR,ERR,ERR,ERR,ERR,ERR,ERR,ERR,ERR,ERR,ERR,ERR,ERR,ERR,ERR,ERR,ERR,ERR,ERR,ERR,ERR,ERR,ERR,ERR,ERR,ERR,ERR,ERR,ERR,ERR,ERR,ERR,ERR,ERR,ERR,ERR,ERR,ERR,ERR,ERR,ERR,ERR,ERR,ERR,ERR,ERR,ERR,ERR,ERR,ERR,ERR,ERR,ERR,2.7184278591402704e+23,0.0,-0.0,0.0,0.0,0.0,0.0,nan,0,0,0,32768,0,0.0,0,0.0,0.0,0.0,0.0,0.0,0,0,0,0,0.0,0,0,0,0,0,0,0,0,0,0,0,0,0,0,0,0,0,0,0,0,0,0,0,0,0,0,0,0,0,0,0,0,0,0,0,0,0,0,0,0,0,0,0,0,0.0,0.0,0.0,0.0,0.0,0.0,0.0,0.0,0.0,0.0,0.0,0.0,0.0,0.0,0.0,0.0,0.0,0.0,0.0,0.0,0.0,0.0,0.0,0.0,-2.004,2.004,0.0,0.0,0.0,0.0,3405.5,-0.0,0.0,2.7184278591402704e+23,0.0,-0.0,0.0,0.0,0.0,0.0,0.0,0,4.9504239556116174e+32,0.0,0.0,0.0,0.0,0.0,0.0,0.0,0.0,0,0,0,0.0,0.0,0.0,0.0,0.0,0.0,0.0,0.0,0.0,0.0,0.0,0.0,0.0,0.0,0.0,0.0,0,-107875648.0,0,0.0,0,-107875648.0,-107877712.0,0,39322,17039,13107,17054,0,17038,0,0,0,110,100,100,-0.0,64.0,0.0,64.5,0.0,69.0,1,49,50,180,13107,52429,0,0,0.0,0.0,0.0,0.0,-0.0,65.0,0.0,4.134568405422768e+35,0.0,646,0,689,0,0,0,718,0,791,0,710,0,690,0,645,0,643,0,615,0.032,55836672.0,-2.004,0.0,18320,16788,-0.0,4.134568405422768e+35,-1.0163608615114934e+30,-3231725.25,0.0,-7.461782850159319e+21,29.0,60.0,70,0.0,0.0,0.0,0.0,0.0,0.0,0.0,0.0,0.0,0.0,0.0,0.0,0.0,0.0,0.0,0.0,59.6,69,11,65508,41,65476,0,300,0,0,8,20529,65476,0,0,61604,60.0,0.0,0.0,0.0,0.0,0.0
2026-04-04T11:14:34,ERR,ERR,ERR,ERR,ERR,ERR,ERR,ERR,ERR,ERR,ERR,ERR,ERR,ERR,ERR,ERR,ERR,ERR,ERR,ERR,ERR,ERR,ERR,ERR,ERR,ERR,ERR,ERR,ERR,ERR,ERR,ERR,ERR,ERR,ERR,ERR,ERR,ERR,ERR,ERR,ERR,ERR,ERR,ERR,ERR,ERR,ERR,ERR,ERR,ERR,ERR,ERR,ERR,ERR,ERR,ERR,ERR,ERR,ERR,ERR,ERR,ERR,ERR,ERR,ERR,ERR,ERR,ERR,ERR,ERR,ERR,ERR,ERR,ERR,ERR,ERR,ERR,ERR,ERR,ERR,ERR,ERR,ERR,ERR,ERR,ERR,ERR,ERR,ERR,ERR,ERR,ERR,ERR,ERR,ERR,ERR,ERR,ERR,ERR,ERR,ERR,ERR,ERR,ERR,ERR,ERR,ERR,ERR,ERR,ERR,ERR,ERR,ERR,ERR,ERR,ERR,ERR,ERR,ERR,ERR,ERR,ERR,ERR,ERR,ERR,2.7184278591402704e+23,0.0,-0.0,0.0,0.0,0.0,0.0,nan,0,0,0,32768,0,0.0,0,0.0,0.0,0.0,0.0,0.0,0,0,0,0,0.0,0,0,0,0,0,0,0,0,0,0,0,0,0,0,0,0,0,0,0,0,0,0,0,0,0,0,0,0,0,0,0,0,0,0,0,0,0,0,0,0,0,0,0,0,0.0,0.0,0.0,0.0,0.0,0.0,0.0,0.0,0.0,0.0,0.0,0.0,0.0,0.0,0.0,0.0,0.0,0.0,0.0,0.0,0.0,0.0,0.0,0.0,-2.004,2.004,0.0,0.0,0.0,0.0,3405.5,-0.0,0.0,2.7184278591402704e+23,0.0,-0.0,0.0,0.0,0.0,0.0,0.0,0,4.9504239556116174e+32,0.0,0.0,0.0,0.0,0.0,0.0,0.0,0.0,0,0,0,0.0,0.0,0.0,0.0,0.0,0.0,0.0,0.0,0.0,0.0,0.0,0.0,0.0,0.0,0.0,0.0,0,-107875648.0,0,0.0,0,-107875648.0,-107877712.0,0,39322,17039,13107,17054,0,17038,0,0,0,110,100,100,-0.0,64.0,0.0,64.5,0.0,69.0,1,49,50,180,13107,52429,0,0,0.0,0.0,0.0,0.0,-0.0,65.0,0.0,4.134568405422768e+35,0.0,646,0,689,0,0,0,718,0,791,0,710,0,690,0,645,0,643,0,615,0.032,55836672.0,-2.004,0.0,18320,16788,-0.0,4.134568405422768e+35,-1.0163608615114934e+30,-3231725.25,0.0,-7.461782850159319e+21,29.0,60.0,70,0.0,0.0,0.0,0.0,0.0,0.0,0.0,0.0,0.0,0.0,0.0,0.0,0.0,0.0,0.0,0.0,59.2,69,11,65508,41,65476,0,300,0,0,8,20529,65476,0,0,61604,60.0,0.0,0.0,0.0,0.0,0.0
2026-04-04T11:14:35,ERR,ERR,ERR,ERR,ERR,ERR,ERR,ERR,ERR,ERR,ERR,ERR,ERR,ERR,ERR,ERR,ERR,ERR,ERR,ERR,ERR,ERR,ERR,ERR,ERR,ERR,ERR,ERR,ERR,ERR,ERR,ERR,ERR,ERR,ERR,ERR,ERR,ERR,ERR,ERR,ERR,ERR,ERR,ERR,ERR,ERR,ERR,ERR,ERR,ERR,ERR,ERR,ERR,ERR,ERR,ERR,ERR,ERR,ERR,ERR,ERR,ERR,ERR,ERR,ERR,ERR,ERR,ERR,ERR,ERR,ERR,ERR,ERR,ERR,ERR,ERR,ERR,ERR,ERR,ERR,ERR,ERR,ERR,ERR,ERR,ERR,ERR,ERR,ERR,ERR,ERR,ERR,ERR,ERR,ERR,ERR,ERR,ERR,ERR,ERR,ERR,ERR,ERR,ERR,ERR,ERR,ERR,ERR,ERR,ERR,ERR,ERR,ERR,ERR,ERR,ERR,ERR,ERR,ERR,ERR,ERR,ERR,ERR,ERR,ERR,2.7184278591402704e+23,0.0,-0.0,0.0,0.0,0.0,0.0,nan,0,0,0,32768,0,0.0,0,0.0,0.0,0.0,0.0,0.0,0,0,0,0,0.0,0,0,0,0,0,0,0,0,0,0,0,0,0,0,0,0,0,0,0,0,0,0,0,0,0,0,0,0,0,0,0,0,0,0,0,0,0,0,0,0,0,0,0,0,0.0,0.0,0.0,0.0,0.0,0.0,0.0,0.0,0.0,0.0,0.0,0.0,0.0,0.0,0.0,0.0,0.0,0.0,0.0,0.0,0.0,0.0,0.0,0.0,-2.004,2.004,0.0,0.0,0.0,0.0,3405.5,-0.0,0.0,2.7184278591402704e+23,0.0,-0.0,0.0,0.0,0.0,0.0,0.0,0,4.9504239556116174e+32,0.0,0.0,0.0,0.0,0.0,0.0,0.0,0.0,0,0,0,0.0,0.0,0.0,0.0,0.0,0.0,0.0,0.0,0.0,0.0,0.0,0.0,0.0,0.0,0.0,0.0,0,-107875648.0,0,0.0,0,-107875648.0,-107877712.0,0,39322,17039,13107,17054,0,17038,0,0,0,110,100,100,-0.0,64.0,0.0,64.5,0.0,69.0,1,49,50,180,13107,52429,0,0,0.0,0.0,0.0,0.0,-0.0,65.0,0.0,1.8286052824255205e+21,0.0,646,0,689,0,0,0,718,0,791,0,710,0,690,0,645,0,642,0,615,0.032,56098816.0,-2.004,0.0,6544,16788,-0.0,1.1751150183905474e+22,-2494504.0,0.0,0.0,-23.782,29.0,60.0,70,0.0,0.0,0.0,0.0,0.0,0.0,0.0,0.0,0.0,0.0,0.0,0.0,0.0,0.0,0.0,0.0,59.2,69,11,65508,41,65476,0,300,0,0,8,20529,65476,0,0,61604,60.0,0.0,0.0,0.0,0.0,0.0
2026-04-04T11:14:36,ERR,ERR,ERR,ERR,ERR,ERR,ERR,ERR,ERR,ERR,ERR,ERR,ERR,ERR,ERR,ERR,ERR,ERR,ERR,ERR,ERR,ERR,ERR,ERR,ERR,ERR,ERR,ERR,ERR,ERR,ERR,ERR,ERR,ERR,ERR,ERR,ERR,ERR,ERR,ERR,ERR,ERR,ERR,ERR,ERR,ERR,ERR,ERR,ERR,ERR,ERR,ERR,ERR,ERR,ERR,ERR,ERR,ERR,ERR,ERR,ERR,ERR,ERR,ERR,ERR,ERR,ERR,ERR,ERR,ERR,ERR,ERR,ERR,ERR,ERR,ERR,ERR,ERR,ERR,ERR,ERR,ERR,ERR,ERR,ERR,ERR,ERR,ERR,ERR,ERR,ERR,ERR,ERR,ERR,ERR,ERR,ERR,ERR,ERR,ERR,ERR,ERR,ERR,ERR,ERR,ERR,ERR,ERR,ERR,ERR,ERR,ERR,ERR,ERR,ERR,ERR,ERR,ERR,ERR,ERR,ERR,ERR,ERR,ERR,ERR,2.7184278591402704e+23,0.0,-0.0,0.0,0.0,0.0,0.0,nan,0,0,0,32768,0,0.0,0,0.0,0.0,0.0,0.0,0.0,0,0,0,0,0.0,0,0,0,0,0,0,0,0,0,0,0,0,0,0,0,0,0,0,0,0,0,0,0,0,0,0,0,0,0,0,0,0,0,0,0,0,0,0,0,0,0,0,0,0,0.0,0.0,0.0,0.0,0.0,0.0,0.0,0.0,0.0,0.0,0.0,0.0,0.0,0.0,0.0,0.0,0.0,0.0,0.0,0.0,0.0,0.0,0.0,0.0,-2.004,2.004,0.0,0.0,0.0,0.0,3405.5,-0.0,0.0,2.7184278591402704e+23,0.0,-0.0,0.0,0.0,0.0,0.0,0.0,0,4.9504239556116174e+32,0.0,0.0,0.0,0.0,0.0,0.0,0.0,0.0,0,0,0,0.0,0.0,0.0,0.0,0.0,0.0,0.0,0.0,0.0,0.0,0.0,0.0,0.0,0.0,0.0,0.0,0,-107875648.0,0,0.0,0,-107875648.0,-107877712.0,0,39322,17039,13107,17054,0,17038,0,0,0,110,100,100,-0.0,64.0,0.0,64.5,0.0,69.0,1,49,50,180,13107,52429,0,0,0.0,0.0,0.0,0.0,-0.0,65.0,0.0,1.8286052824255205e+21,0.0,646,0,689,0,0,0,718,0,791,0,710,0,690,0,645,0,642,0,615,0.032,56098816.0,-2.004,0.0,6544,16788,-0.0,1.1751150183905474e+22,-2494504.0,0.0,0.0,-23.782,29.0,60.0,70,0.0,0.0,0.0,0.0,0.0,0.0,0.0,0.0,0.0,0.0,0.0,0.0,0.0,0.0,0.0,0.0,59.2,69,11,65508,41,65476,0,300,0,0,8,20529,65476,0,0,61604,60.0,0.0,0.0,0.0,0.0,0.0
2026-04-04T11:14:37,ERR,ERR,ERR,ERR,ERR,ERR,ERR,ERR,ERR,ERR,ERR,ERR,ERR,ERR,ERR,ERR,ERR,ERR,ERR,ERR,ERR,ERR,ERR,ERR,ERR,ERR,ERR,ERR,ERR,ERR,ERR,ERR,ERR,ERR,ERR,ERR,ERR,ERR,ERR,ERR,ERR,ERR,ERR,ERR,ERR,ERR,ERR,ERR,ERR,ERR,ERR,ERR,ERR,ERR,ERR,ERR,ERR,ERR,ERR,ERR,ERR,ERR,ERR,ERR,ERR,ERR,ERR,ERR,ERR,ERR,ERR,ERR,ERR,ERR,ERR,ERR,ERR,ERR,ERR,ERR,ERR,ERR,ERR,ERR,ERR,ERR,ERR,ERR,ERR,ERR,ERR,ERR,ERR,ERR,ERR,ERR,ERR,ERR,ERR,ERR,ERR,ERR,ERR,ERR,ERR,ERR,ERR,ERR,ERR,ERR,ERR,ERR,ERR,ERR,ERR,ERR,ERR,ERR,ERR,ERR,ERR,ERR,ERR,ERR,ERR,2.7184278591402704e+23,0.0,-0.0,0.0,0.0,0.0,0.0,nan,0,0,0,32768,0,0.0,0,0.0,0.0,0.0,0.0,0.0,0,0,0,0,0.0,0,0,0,0,0,0,0,0,0,0,0,0,0,0,0,0,0,0,0,0,0,0,0,0,0,0,0,0,0,0,0,0,0,0,0,0,0,0,0,0,0,0,0,0,0.0,0.0,0.0,0.0,0.0,0.0,0.0,0.0,0.0,0.0,0.0,0.0,0.0,0.0,0.0,0.0,0.0,0.0,0.0,0.0,0.0,0.0,0.0,0.0,-2.004,2.004,0.0,0.0,0.0,0.0,3405.5,-0.0,0.0,2.7184278591402704e+23,0.0,-0.0,0.0,0.0,0.0,0.0,0.0,0,4.9504239556116174e+32,0.0,0.0,0.0,0.0,0.0,0.0,0.0,0.0,0,0,0,0.0,0.0,0.0,0.0,0.0,0.0,0.0,0.0,0.0,0.0,0.0,0.0,0.0,0.0,0.0,0.0,0,-107875648.0,0,0.0,0,-107875648.0,-107877712.0,0,39322,17039,13107,17054,0,17038,0,0,0,110,100,100,-0.0,64.0,0.0,64.5,0.0,69.0,1,49,50,180,13107,52429,0,0,0.0,0.0,0.0,0.0,-0.0,65.0,0.0,1.8286052824255205e+21,0.0,646,0,689,0,0,0,718,0,791,0,710,0,690,0,645,0,642,0,615,0.032,56098816.0,-2.004,0.0,6544,16788,-0.0,1.1751150183905474e+22,-2494504.0,0.0,0.0,-23.782,29.0,60.0,70,0.0,0.0,0.0,0.0,0.0,0.0,0.0,0.0,0.0,0.0,0.0,0.0,0.0,0.0,0.0,0.0,59.2,69,11,65508,41,65476,0,300,0,0,8,20529,65476,0,0,61604,60.0,0.0,0.0,0.0,0.0,0.0
2026-04-04T11:14:38,ERR,ERR,ERR,ERR,ERR,ERR,ERR,ERR,ERR,ERR,ERR,ERR,ERR,ERR,ERR,ERR,ERR,ERR,ERR,ERR,ERR,ERR,ERR,ERR,ERR,ERR,ERR,ERR,ERR,ERR,ERR,ERR,ERR,ERR,ERR,ERR,ERR,ERR,ERR,ERR,ERR,ERR,ERR,ERR,ERR,ERR,ERR,ERR,ERR,ERR,ERR,ERR,ERR,ERR,ERR,ERR,ERR,ERR,ERR,ERR,ERR,ERR,ERR,ERR,ERR,ERR,ERR,ERR,ERR,ERR,ERR,ERR,ERR,ERR,ERR,ERR,ERR,ERR,ERR,ERR,ERR,ERR,ERR,ERR,ERR,ERR,ERR,ERR,ERR,ERR,ERR,ERR,ERR,ERR,ERR,ERR,ERR,ERR,ERR,ERR,ERR,ERR,ERR,ERR,ERR,ERR,ERR,ERR,ERR,ERR,ERR,ERR,ERR,ERR,ERR,ERR,ERR,ERR,ERR,ERR,ERR,ERR,ERR,ERR,ERR,2.7184278591402704e+23,0.0,-0.0,0.0,0.0,0.0,0.0,nan,0,0,0,32768,0,0.0,0,0.0,0.0,0.0,0.0,0.0,0,0,0,0,0.0,0,0,0,0,0,0,0,0,0,0,0,0,0,0,0,0,0,0,0,0,0,0,0,0,0,0,0,0,0,0,0,0,0,0,0,0,0,0,0,0,0,0,0,0,0.0,0.0,0.0,0.0,0.0,0.0,0.0,0.0,0.0,0.0,0.0,0.0,0.0,0.0,0.0,0.0,0.0,0.0,0.0,0.0,0.0,0.0,0.0,0.0,-2.004,2.004,0.0,0.0,0.0,0.0,3405.5,-0.0,0.0,2.7184278591402704e+23,0.0,-0.0,0.0,0.0,0.0,0.0,0.0,0,4.9504239556116174e+32,0.0,0.0,0.0,0.0,0.0,0.0,0.0,0.0,0,0,0,0.0,0.0,0.0,0.0,0.0,0.0,0.0,0.0,0.0,0.0,0.0,0.0,0.0,0.0,0.0,0.0,0,-107875648.0,0,0.0,0,-107875648.0,-107877712.0,0,39322,17039,13107,17054,0,17038,0,0,0,110,100,100,-0.0,64.0,0.0,64.5,0.0,69.0,1,49,50,180,13107,52429,0,0,0.0,0.0,0.0,0.0,-0.0,65.0,0.0,1.8286052824255205e+21,0.0,646,0,689,0,0,0,718,0,791,0,710,0,690,0,645,0,642,0,615,0.032,56098816.0,-2.004,0.0,6544,16788,-0.0,1.1751150183905474e+22,-2494504.0,0.0,0.0,-23.782,29.0,60.0,70,0.0,0.0,0.0,0.0,0.0,0.0,0.0,0.0,0.0,0.0,0.0,0.0,0.0,0.0,0.0,0.0,59.2,69,11,65508,41,65476,0,300,0,0,8,20529,65476,0,0,61604,60.0,0.0,0.0,0.0,0.0,0.0
2026-04-04T11:14:39,ERR,ERR,ERR,ERR,ERR,ERR,ERR,ERR,ERR,ERR,ERR,ERR,ERR,ERR,ERR,ERR,ERR,ERR,ERR,ERR,ERR,ERR,ERR,ERR,ERR,ERR,ERR,ERR,ERR,ERR,ERR,ERR,ERR,ERR,ERR,ERR,ERR,ERR,ERR,ERR,ERR,ERR,ERR,ERR,ERR,ERR,ERR,ERR,ERR,ERR,ERR,ERR,ERR,ERR,ERR,ERR,ERR,ERR,ERR,ERR,ERR,ERR,ERR,ERR,ERR,ERR,ERR,ERR,ERR,ERR,ERR,ERR,ERR,ERR,ERR,ERR,ERR,ERR,ERR,ERR,ERR,ERR,ERR,ERR,ERR,ERR,ERR,ERR,ERR,ERR,ERR,ERR,ERR,ERR,ERR,ERR,ERR,ERR,ERR,ERR,ERR,ERR,ERR,ERR,ERR,ERR,ERR,ERR,ERR,ERR,ERR,ERR,ERR,ERR,ERR,ERR,ERR,ERR,ERR,ERR,ERR,ERR,ERR,ERR,ERR,2.7184278591402704e+23,0.0,-0.0,0.0,0.0,0.0,0.0,nan,0,0,0,32768,0,0.0,0,0.0,0.0,0.0,0.0,0.0,0,0,0,0,0.0,0,0,0,0,0,0,0,0,0,0,0,0,0,0,0,0,0,0,0,0,0,0,0,0,0,0,0,0,0,0,0,0,0,0,0,0,0,0,0,0,0,0,0,0,0.0,0.0,0.0,0.0,0.0,0.0,0.0,0.0,0.0,0.0,0.0,0.0,0.0,0.0,0.0,0.0,0.0,0.0,0.0,0.0,0.0,0.0,0.0,0.0,-2.004,2.004,0.0,0.0,0.0,0.0,3405.5,-0.0,0.0,2.7184278591402704e+23,0.0,-0.0,0.0,0.0,0.0,0.0,0.0,0,4.9504239556116174e+32,0.0,0.0,0.0,0.0,0.0,0.0,0.0,0.0,0,0,0,0.0,0.0,0.0,0.0,0.0,0.0,0.0,0.0,0.0,0.0,0.0,0.0,0.0,0.0,0.0,0.0,0,-107875648.0,0,0.0,0,-107875648.0,-107877712.0,0,39322,17039,13107,17054,0,17038,0,0,0,110,100,100,-0.0,64.0,0.0,64.5,0.0,69.0,1,49,50,180,13107,52429,0,0,0.0,0.0,0.0,0.0,-0.0,65.0,0.0,1.8286052824255205e+21,0.0,646,0,689,0,0,0,718,0,791,0,710,0,690,0,645,0,642,0,615,0.032,56098816.0,-2.004,0.0,6544,16788,-0.0,1.1751150183905474e+22,-2494504.0,0.0,0.0,-23.782,29.0,60.0,70,0.0,0.0,0.0,0.0,0.0,0.0,0.0,0.0,0.0,0.0,0.0,0.0,0.0,0.0,0.0,0.0,59.2,69,11,65508,41,65476,0,300,0,0,8,20529,65476,0,0,61604,60.0,0.0,0.0,0.0,0.0,0.0
2026-04-04T11:14:40,ERR,ERR,ERR,ERR,ERR,ERR,ERR,ERR,ERR,ERR,ERR,ERR,ERR,ERR,ERR,ERR,ERR,ERR,ERR,ERR,ERR,ERR,ERR,ERR,ERR,ERR,ERR,ERR,ERR,ERR,ERR,ERR,ERR,ERR,ERR,ERR,ERR,ERR,ERR,ERR,ERR,ERR,ERR,ERR,ERR,ERR,ERR,ERR,ERR,ERR,ERR,ERR,ERR,ERR,ERR,ERR,ERR,ERR,ERR,ERR,ERR,ERR,ERR,ERR,ERR,ERR,ERR,ERR,ERR,ERR,ERR,ERR,ERR,ERR,ERR,ERR,ERR,ERR,ERR,ERR,ERR,ERR,ERR,ERR,ERR,ERR,ERR,ERR,ERR,ERR,ERR,ERR,ERR,ERR,ERR,ERR,ERR,ERR,ERR,ERR,ERR,ERR,ERR,ERR,ERR,ERR,ERR,ERR,ERR,ERR,ERR,ERR,ERR,ERR,ERR,ERR,ERR,ERR,ERR,ERR,ERR,ERR,ERR,ERR,ERR,2.7184278591402704e+23,0.0,-0.0,0.0,0.0,0.0,0.0,nan,0,0,0,32768,0,0.0,0,0.0,0.0,0.0,0.0,0.0,0,0,0,0,0.0,0,0,0,0,0,0,0,0,0,0,0,0,0,0,0,0,0,0,0,0,0,0,0,0,0,0,0,0,0,0,0,0,0,0,0,0,0,0,0,0,0,0,0,0,0.0,0.0,0.0,0.0,0.0,0.0,0.0,0.0,0.0,0.0,0.0,0.0,0.0,0.0,0.0,0.0,0.0,0.0,0.0,0.0,0.0,0.0,0.0,0.0,-2.004,2.004,0.0,0.0,0.0,0.0,3404.5,8608108544.0,0.0,2.7184278591402704e+23,0.0,-0.0,0.0,0.0,0.0,0.0,0.0,0,-0.0,0.0,0.0,0.0,0.0,0.0,0.0,0.0,0.0,0,0,0,0.0,0.0,0.0,0.0,0.0,0.0,0.0,0.0,0.0,0.0,0.0,0.0,0.0,0.0,0.0,0.0,0,-107875648.0,0,0.0,0,-107875648.0,-107877712.0,0,39322,17039,13107,17054,0,17038,0,0,0,110,100,100,2.7302334150594743e+23,64.0,0.0,64.5,0.0,69.0,1,49,50,180,13107,52429,0,0,0.0,0.0,0.0,0.0,-0.0,65.0,0.0,15221246.0,0.0,646,0,689,0,0,0,718,0,791,0,710,0,690,0,645,0,643,0,615,0.032,55574528.0,-2.004,0.0,4368,16788,-0.0,-1.7117744629547008e+16,-9.636221979862969e+30,-0.0,0.0,-9.603929723804792e+20,29.0,60.0,70,0.0,0.0,0.0,0.0,0.0,0.0,0.0,0.0,0.0,0.0,0.0,0.0,0.0,0.0,0.0,0.0,59.2,69,11,65508,41,65476,0,300,0,0,8,20529,65476,0,0,61604,60.0,0.0,0.0,0.0,0.0,0.0
2026-04-04T11:14:41,ERR,ERR,ERR,ERR,ERR,ERR,ERR,ERR,ERR,ERR,ERR,ERR,ERR,ERR,ERR,ERR,ERR,ERR,ERR,ERR,ERR,ERR,ERR,ERR,ERR,ERR,ERR,ERR,ERR,ERR,ERR,ERR,ERR,ERR,ERR,ERR,ERR,ERR,ERR,ERR,ERR,ERR,ERR,ERR,ERR,ERR,ERR,ERR,ERR,ERR,ERR,ERR,ERR,ERR,ERR,ERR,ERR,ERR,ERR,ERR,ERR,ERR,ERR,ERR,ERR,ERR,ERR,ERR,ERR,ERR,ERR,ERR,ERR,ERR,ERR,ERR,ERR,ERR,ERR,ERR,ERR,ERR,ERR,ERR,ERR,ERR,ERR,ERR,ERR,ERR,ERR,ERR,ERR,ERR,ERR,ERR,ERR,ERR,ERR,ERR,ERR,ERR,ERR,ERR,ERR,ERR,ERR,ERR,ERR,ERR,ERR,ERR,ERR,ERR,ERR,ERR,ERR,ERR,ERR,ERR,ERR,ERR,ERR,ERR,ERR,2.7184278591402704e+23,0.0,-0.0,0.0,0.0,0.0,0.0,nan,0,0,0,32768,0,0.0,0,0.0,0.0,0.0,0.0,0.0,0,0,0,0,0.0,0,0,0,0,0,0,0,0,0,0,0,0,0,0,0,0,0,0,0,0,0,0,0,0,0,0,0,0,0,0,0,0,0,0,0,0,0,0,0,0,0,0,0,0,0.0,0.0,0.0,0.0,0.0,0.0,0.0,0.0,0.0,0.0,0.0,0.0,0.0,0.0,0.0,0.0,0.0,0.0,0.0,0.0,0.0,0.0,0.0,0.0,-2.004,2.004,0.0,0.0,0.0,0.0,3404.5,8608108544.0,0.0,2.7184278591402704e+23,0.0,-0.0,0.0,0.0,0.0,0.0,0.0,0,-0.0,0.0,0.0,0.0,0.0,0.0,0.0,0.0,0.0,0,0,0,0.0,0.0,0.0,0.0,0.0,0.0,0.0,0.0,0.0,0.0,0.0,0.0,0.0,0.0,0.0,0.0,0,-107875648.0,0,0.0,0,-107875648.0,-107877712.0,0,39322,17039,13107,17054,0,17038,0,0,0,110,100,100,2.7302334150594743e+23,64.0,0.0,64.5,0.0,69.0,1,49,50,180,13107,52429,0,0,0.0,0.0,0.0,0.0,-0.0,65.0,0.0,15221246.0,0.0,646,0,689,0,0,0,718,0,791,0,710,0,690,0,645,0,643,0,615,0.032,55574528.0,-2.004,0.0,4368,16788,-0.0,-1.7117744629547008e+16,-9.636221979862969e+30,-0.0,0.0,-9.603929723804792e+20,29.0,60.0,70,0.0,0.0,0.0,0.0,0.0,0.0,0.0,0.0,0.0,0.0,0.0,0.0,0.0,0.0,0.0,0.0,59.2,69,11,65508,41,65476,0,300,0,0,8,20529,65476,0,0,61604,60.0,0.0,0.0,0.0,0.0,0.0
2026-04-04T11:14:42,ERR,ERR,ERR,ERR,ERR,ERR,ERR,ERR,ERR,ERR,ERR,ERR,ERR,ERR,ERR,ERR,ERR,ERR,ERR,ERR,ERR,ERR,ERR,ERR,ERR,ERR,ERR,ERR,ERR,ERR,ERR,ERR,ERR,ERR,ERR,ERR,ERR,ERR,ERR,ERR,ERR,ERR,ERR,ERR,ERR,ERR,ERR,ERR,ERR,ERR,ERR,ERR,ERR,ERR,ERR,ERR,ERR,ERR,ERR,ERR,ERR,ERR,ERR,ERR,ERR,ERR,ERR,ERR,ERR,ERR,ERR,ERR,ERR,ERR,ERR,ERR,ERR,ERR,ERR,ERR,ERR,ERR,ERR,ERR,ERR,ERR,ERR,ERR,ERR,ERR,ERR,ERR,ERR,ERR,ERR,ERR,ERR,ERR,ERR,ERR,ERR,ERR,ERR,ERR,ERR,ERR,ERR,ERR,ERR,ERR,ERR,ERR,ERR,ERR,ERR,ERR,ERR,ERR,ERR,ERR,ERR,ERR,ERR,ERR,ERR,2.7184278591402704e+23,0.0,-0.0,0.0,0.0,0.0,0.0,nan,0,0,0,32768,0,0.0,0,0.0,0.0,0.0,0.0,0.0,0,0,0,0,0.0,0,0,0,0,0,0,0,0,0,0,0,0,0,0,0,0,0,0,0,0,0,0,0,0,0,0,0,0,0,0,0,0,0,0,0,0,0,0,0,0,0,0,0,0,0.0,0.0,0.0,0.0,0.0,0.0,0.0,0.0,0.0,0.0,0.0,0.0,0.0,0.0,0.0,0.0,0.0,0.0,0.0,0.0,0.0,0.0,0.0,0.0,-2.004,2.004,0.0,0.0,0.0,0.0,3404.5,8608108544.0,0.0,2.7184278591402704e+23,0.0,-0.0,0.0,0.0,0.0,0.0,0.0,0,-0.0,0.0,0.0,0.0,0.0,0.0,0.0,0.0,0.0,0,0,0,0.0,0.0,0.0,0.0,0.0,0.0,0.0,0.0,0.0,0.0,0.0,0.0,0.0,0.0,0.0,0.0,0,-107875648.0,0,0.0,0,-107875648.0,-107877712.0,0,39322,17039,13107,17054,0,17038,0,0,0,110,100,100,2.7302334150594743e+23,64.0,0.0,64.5,0.0,69.0,1,49,50,180,13107,52429,0,0,0.0,0.0,0.0,0.0,-0.0,65.0,0.0,15221246.0,0.0,646,0,689,0,0,0,718,0,791,0,710,0,690,0,645,0,643,0,615,0.032,55574528.0,-2.004,0.0,4368,16788,-0.0,-1.7117744629547008e+16,-9.636221979862969e+30,-0.0,0.0,-9.603929723804792e+20,29.0,60.0,70,0.0,0.0,0.0,0.0,0.0,0.0,0.0,0.0,0.0,0.0,0.0,0.0,0.0,0.0,0.0,0.0,59.2,69,11,65508,41,65476,0,300,0,0,8,20529,65476,0,0,61604,60.0,0.0,0.0,0.0,0.0,0.0
2026-04-04T11:14:43,ERR,ERR,ERR,ERR,ERR,ERR,ERR,ERR,ERR,ERR,ERR,ERR,ERR,ERR,ERR,ERR,ERR,ERR,ERR,ERR,ERR,ERR,ERR,ERR,ERR,ERR,ERR,ERR,ERR,ERR,ERR,ERR,ERR,ERR,ERR,ERR,ERR,ERR,ERR,ERR,ERR,ERR,ERR,ERR,ERR,ERR,ERR,ERR,ERR,ERR,ERR,ERR,ERR,ERR,ERR,ERR,ERR,ERR,ERR,ERR,ERR,ERR,ERR,ERR,ERR,ERR,ERR,ERR,ERR,ERR,ERR,ERR,ERR,ERR,ERR,ERR,ERR,ERR,ERR,ERR,ERR,ERR,ERR,ERR,ERR,ERR,ERR,ERR,ERR,ERR,ERR,ERR,ERR,ERR,ERR,ERR,ERR,ERR,ERR,ERR,ERR,ERR,ERR,ERR,ERR,ERR,ERR,ERR,ERR,ERR,ERR,ERR,ERR,ERR,ERR,ERR,ERR,ERR,ERR,ERR,ERR,ERR,ERR,ERR,ERR,2.7184278591402704e+23,0.0,-0.0,0.0,0.0,0.0,0.0,nan,0,0,0,32768,0,0.0,0,0.0,0.0,0.0,0.0,0.0,0,0,0,0,0.0,0,0,0,0,0,0,0,0,0,0,0,0,0,0,0,0,0,0,0,0,0,0,0,0,0,0,0,0,0,0,0,0,0,0,0,0,0,0,0,0,0,0,0,0,0.0,0.0,0.0,0.0,0.0,0.0,0.0,0.0,0.0,0.0,0.0,0.0,0.0,0.0,0.0,0.0,0.0,0.0,0.0,0.0,0.0,0.0,0.0,0.0,-2.004,2.004,0.0,0.0,0.0,0.0,3404.5,8608108544.0,0.0,2.7184278591402704e+23,0.0,-0.0,0.0,0.0,0.0,0.0,0.0,0,-0.0,0.0,0.0,0.0,0.0,0.0,0.0,0.0,0.0,0,0,0,0.0,0.0,0.0,0.0,0.0,0.0,0.0,0.0,0.0,0.0,0.0,0.0,0.0,0.0,0.0,0.0,0,-107875648.0,0,0.0,0,-107875648.0,-107877712.0,0,39322,17039,13107,17054,0,17038,0,0,0,110,100,100,2.7302334150594743e+23,64.0,0.0,64.5,0.0,69.0,1,49,50,180,13107,52429,0,0,0.0,0.0,0.0,0.0,-0.0,65.0,0.0,15221246.0,0.0,646,0,689,0,0,0,718,0,791,0,710,0,690,0,645,0,643,0,615,0.032,55574528.0,-2.004,0.0,4368,16788,-0.0,-1.7117744629547008e+16,-9.636221979862969e+30,-0.0,0.0,-9.603929723804792e+20,29.0,60.0,70,0.0,0.0,0.0,0.0,0.0,0.0,0.0,0.0,0.0,0.0,0.0,0.0,0.0,0.0,0.0,0.0,59.2,69,11,65508,41,65476,0,300,0,0,8,20529,65476,0,0,61604,60.0,0.0,0.0,0.0,0.0,0.0
2026-04-04T11:14:44,ERR,ERR,ERR,ERR,ERR,ERR,ERR,ERR,ERR,ERR,ERR,ERR,ERR,ERR,ERR,ERR,ERR,ERR,ERR,ERR,ERR,ERR,ERR,ERR,ERR,ERR,ERR,ERR,ERR,ERR,ERR,ERR,ERR,ERR,ERR,ERR,ERR,ERR,ERR,ERR,ERR,ERR,ERR,ERR,ERR,ERR,ERR,ERR,ERR,ERR,ERR,ERR,ERR,ERR,ERR,ERR,ERR,ERR,ERR,ERR,ERR,ERR,ERR,ERR,ERR,ERR,ERR,ERR,ERR,ERR,ERR,ERR,ERR,ERR,ERR,ERR,ERR,ERR,ERR,ERR,ERR,ERR,ERR,ERR,ERR,ERR,ERR,ERR,ERR,ERR,ERR,ERR,ERR,ERR,ERR,ERR,ERR,ERR,ERR,ERR,ERR,ERR,ERR,ERR,ERR,ERR,ERR,ERR,ERR,ERR,ERR,ERR,ERR,ERR,ERR,ERR,ERR,ERR,ERR,ERR,ERR,ERR,ERR,ERR,ERR,2.7184278591402704e+23,0.0,-0.0,0.0,0.0,0.0,0.0,nan,0,0,0,32768,0,0.0,0,0.0,0.0,0.0,0.0,0.0,0,0,0,0,0.0,0,0,0,0,0,0,0,0,0,0,0,0,0,0,0,0,0,0,0,0,0,0,0,0,0,0,0,0,0,0,0,0,0,0,0,0,0,0,0,0,0,0,0,0,0.0,0.0,0.0,0.0,0.0,0.0,0.0,0.0,0.0,0.0,0.0,0.0,0.0,0.0,0.0,0.0,0.0,0.0,0.0,0.0,0.0,0.0,0.0,0.0,-2.004,2.004,0.0,0.0,0.0,0.0,3404.5,8608108544.0,0.0,2.7184278591402704e+23,0.0,-0.0,0.0,0.0,0.0,0.0,0.0,0,-0.0,0.0,0.0,0.0,0.0,0.0,0.0,0.0,0.0,0,0,0,0.0,0.0,0.0,0.0,0.0,0.0,0.0,0.0,0.0,0.0,0.0,0.0,0.0,0.0,0.0,0.0,0,-107875648.0,0,0.0,0,-107875648.0,-107877712.0,0,39322,17039,13107,17054,0,17038,0,0,0,110,100,100,2.7302334150594743e+23,64.0,0.0,64.5,0.0,69.0,1,49,50,180,13107,52429,0,0,0.0,0.0,0.0,0.0,-0.0,65.0,0.0,15221246.0,0.0,646,0,689,0,0,0,718,0,791,0,710,0,690,0,645,0,643,0,615,0.032,55574528.0,-2.004,0.0,4368,16788,-0.0,-1.7117744629547008e+16,-9.636221979862969e+30,-0.0,0.0,-9.603929723804792e+20,29.0,60.0,70,0.0,0.0,0.0,0.0,0.0,0.0,0.0,0.0,0.0,0.0,0.0,0.0,0.0,0.0,0.0,0.0,59.2,69,11,65508,41,65476,0,300,0,0,8,20529,65476,0,0,61604,60.0,0.0,0.0,0.0,0.0,0.0
2026-04-04T11:14:45,ERR,ERR,ERR,ERR,ERR,ERR,ERR,ERR,ERR,ERR,ERR,ERR,ERR,ERR,ERR,ERR,ERR,ERR,ERR,ERR,ERR,ERR,ERR,ERR,ERR,ERR,ERR,ERR,ERR,ERR,ERR,ERR,ERR,ERR,ERR,ERR,ERR,ERR,ERR,ERR,ERR,ERR,ERR,ERR,ERR,ERR,ERR,ERR,ERR,ERR,ERR,ERR,ERR,ERR,ERR,ERR,ERR,ERR,ERR,ERR,ERR,ERR,ERR,ERR,ERR,ERR,ERR,ERR,ERR,ERR,ERR,ERR,ERR,ERR,ERR,ERR,ERR,ERR,ERR,ERR,ERR,ERR,ERR,ERR,ERR,ERR,ERR,ERR,ERR,ERR,ERR,ERR,ERR,ERR,ERR,ERR,ERR,ERR,ERR,ERR,ERR,ERR,ERR,ERR,ERR,ERR,ERR,ERR,ERR,ERR,ERR,ERR,ERR,ERR,ERR,ERR,ERR,ERR,ERR,ERR,ERR,ERR,ERR,ERR,ERR,2.7184278591402704e+23,0.0,-0.0,0.0,0.0,0.0,0.0,nan,0,0,0,32768,0,0.0,0,0.0,0.0,0.0,0.0,0.0,0,0,0,0,0.0,0,0,0,0,0,0,0,0,0,0,0,0,0,0,0,0,0,0,0,0,0,0,0,0,0,0,0,0,0,0,0,0,0,0,0,0,0,0,0,0,0,0,0,0,0.0,0.0,0.0,0.0,0.0,0.0,0.0,0.0,0.0,0.0,0.0,0.0,0.0,0.0,0.0,0.0,0.0,0.0,0.0,0.0,0.0,0.0,0.0,0.0,-2.004,2.004,0.0,0.0,0.0,0.0,3404.5,8608108544.0,0.0,2.7184278591402704e+23,0.0,-0.0,0.0,0.0,0.0,0.0,0.0,0,-0.0,0.0,0.0,0.0,0.0,0.0,0.0,0.0,0.0,0,0,0,0.0,0.0,0.0,0.0,0.0,0.0,0.0,0.0,0.0,0.0,0.0,0.0,0.0,0.0,0.0,0.0,0,-107875648.0,0,0.0,0,-107875648.0,-107877712.0,0,39322,17039,13107,17054,0,17038,0,0,0,110,100,100,-0.0,64.0,0.0,64.5,0.0,69.0,1,49,50,180,13107,52429,0,0,0.0,0.0,0.0,0.0,-0.0,65.0,0.0,0.0,0.0,645,0,689,0,0,0,718,0,791,0,710,0,690,0,645,0,643,0,615,0.032,51642368.0,-2.004,0.0,14736,16788,-0.0,0.0,258.505,470284064.0,1.0892806802744068e+27,0.0,29.0,60.0,70,0.0,0.0,0.0,0.0,0.0,0.0,0.0,0.0,0.0,0.0,0.0,0.0,0.0,0.0,0.0,0.0,59.2,69,11,65508,41,65476,0,300,0,0,8,20529,65476,0,0,61604,60.0,0.0,0.0,0.0,0.0,0.0
2026-04-04T11:14:46,ERR,ERR,ERR,ERR,ERR,ERR,ERR,ERR,ERR,ERR,ERR,ERR,ERR,ERR,ERR,ERR,ERR,ERR,ERR,ERR,ERR,ERR,ERR,ERR,ERR,ERR,ERR,ERR,ERR,ERR,ERR,ERR,ERR,ERR,ERR,ERR,ERR,ERR,ERR,ERR,ERR,ERR,ERR,ERR,ERR,ERR,ERR,ERR,ERR,ERR,ERR,ERR,ERR,ERR,ERR,ERR,ERR,ERR,ERR,ERR,ERR,ERR,ERR,ERR,ERR,ERR,ERR,ERR,ERR,ERR,ERR,ERR,ERR,ERR,ERR,ERR,ERR,ERR,ERR,ERR,ERR,ERR,ERR,ERR,ERR,ERR,ERR,ERR,ERR,ERR,ERR,ERR,ERR,ERR,ERR,ERR,ERR,ERR,ERR,ERR,ERR,ERR,ERR,ERR,ERR,ERR,ERR,ERR,ERR,ERR,ERR,ERR,ERR,ERR,ERR,ERR,ERR,ERR,ERR,ERR,ERR,ERR,ERR,ERR,ERR,2.7184278591402704e+23,0.0,-0.0,0.0,0.0,0.0,0.0,nan,0,0,0,32768,0,0.0,0,0.0,0.0,0.0,0.0,0.0,0,0,0,0,0.0,0,0,0,0,0,0,0,0,0,0,0,0,0,0,0,0,0,0,0,0,0,0,0,0,0,0,0,0,0,0,0,0,0,0,0,0,0,0,0,0,0,0,0,0,0.0,0.0,0.0,0.0,0.0,0.0,0.0,0.0,0.0,0.0,0.0,0.0,0.0,0.0,0.0,0.0,0.0,0.0,0.0,0.0,0.0,0.0,0.0,0.0,-2.004,2.004,0.0,0.0,0.0,0.0,3404.5,8608108544.0,0.0,2.7184278591402704e+23,0.0,-0.0,0.0,0.0,0.0,0.0,0.0,0,-0.0,0.0,0.0,0.0,0.0,0.0,0.0,0.0,0.0,0,0,0,0.0,0.0,0.0,0.0,0.0,0.0,0.0,0.0,0.0,0.0,0.0,0.0,0.0,0.0,0.0,0.0,0,-107875648.0,0,0.0,0,-107875648.0,-107877712.0,0,39322,17039,13107,17054,0,17038,0,0,0,110,100,100,-0.0,64.0,0.0,64.5,0.0,69.0,1,49,50,180,13107,52429,0,0,0.0,0.0,0.0,0.0,-0.0,65.0,0.0,0.0,0.0,645,0,689,0,0,0,718,0,791,0,710,0,690,0,645,0,643,0,615,0.032,51642368.0,-2.004,0.0,14736,16788,-0.0,0.0,258.505,470284064.0,1.0892806802744068e+27,0.0,29.0,60.0,70,0.0,0.0,0.0,0.0,0.0,0.0,0.0,0.0,0.0,0.0,0.0,0.0,0.0,0.0,0.0,0.0,59.2,69,11,65508,41,65476,0,300,0,0,8,20529,65476,0,0,61604,60.0,0.0,0.0,0.0,0.0,0.0
2026-04-04T11:14:47,ERR,ERR,ERR,ERR,ERR,ERR,ERR,ERR,ERR,ERR,ERR,ERR,ERR,ERR,ERR,ERR,ERR,ERR,ERR,ERR,ERR,ERR,ERR,ERR,ERR,ERR,ERR,ERR,ERR,ERR,ERR,ERR,ERR,ERR,ERR,ERR,ERR,ERR,ERR,ERR,ERR,ERR,ERR,ERR,ERR,ERR,ERR,ERR,ERR,ERR,ERR,ERR,ERR,ERR,ERR,ERR,ERR,ERR,ERR,ERR,ERR,ERR,ERR,ERR,ERR,ERR,ERR,ERR,ERR,ERR,ERR,ERR,ERR,ERR,ERR,ERR,ERR,ERR,ERR,ERR,ERR,ERR,ERR,ERR,ERR,ERR,ERR,ERR,ERR,ERR,ERR,ERR,ERR,ERR,ERR,ERR,ERR,ERR,ERR,ERR,ERR,ERR,ERR,ERR,ERR,ERR,ERR,ERR,ERR,ERR,ERR,ERR,ERR,ERR,ERR,ERR,ERR,ERR,ERR,ERR,ERR,ERR,ERR,ERR,ERR,2.7184278591402704e+23,0.0,-0.0,0.0,0.0,0.0,0.0,nan,0,0,0,32768,0,0.0,0,0.0,0.0,0.0,0.0,0.0,0,0,0,0,0.0,0,0,0,0,0,0,0,0,0,0,0,0,0,0,0,0,0,0,0,0,0,0,0,0,0,0,0,0,0,0,0,0,0,0,0,0,0,0,0,0,0,0,0,0,0.0,0.0,0.0,0.0,0.0,0.0,0.0,0.0,0.0,0.0,0.0,0.0,0.0,0.0,0.0,0.0,0.0,0.0,0.0,0.0,0.0,0.0,0.0,0.0,-2.004,2.004,0.0,0.0,0.0,0.0,3407.0,-0.0,0.0,2.7184278591402704e+23,0.0,-0.0,0.0,0.0,0.0,0.0,0.0,0,5.8480786593265204e+35,0.0,0.0,0.0,0.0,0.0,0.0,0.0,0.0,0,0,0,0.0,0.0,0.0,0.0,0.0,0.0,0.0,0.0,0.0,0.0,0.0,0.0,0.0,0.0,0.0,0.0,0,-107875648.0,0,0.0,0,-107875648.0,-107877712.0,0,39322,17039,13107,17054,0,17038,0,0,0,110,100,100,-0.0,64.0,0.0,64.5,0.0,69.0,1,49,50,180,13107,52429,0,0,0.0,0.0,0.0,0.0,-0.0,65.0,0.0,0.0,0.0,645,0,689,0,0,0,718,0,791,0,710,0,690,0,645,0,643,0,615,0.032,51642368.0,-2.004,0.0,14736,16788,-0.0,0.0,258.505,470284064.0,1.0892806802744068e+27,0.0,29.0,60.0,70,0.0,0.0,0.0,0.0,0.0,0.0,0.0,0.0,0.0,0.0,0.0,0.0,0.0,0.0,0.0,0.0,59.2,69,11,65508,41,65476,0,300,0,0,8,20529,65476,0,0,61604,60.0,0.0,0.0,0.0,0.0,0.0
2026-04-04T11:14:48,ERR,ERR,ERR,ERR,ERR,ERR,ERR,ERR,ERR,ERR,ERR,ERR,ERR,ERR,ERR,ERR,ERR,ERR,ERR,ERR,ERR,ERR,ERR,ERR,ERR,ERR,ERR,ERR,ERR,ERR,ERR,ERR,ERR,ERR,ERR,ERR,ERR,ERR,ERR,ERR,ERR,ERR,ERR,ERR,ERR,ERR,ERR,ERR,ERR,ERR,ERR,ERR,ERR,ERR,ERR,ERR,ERR,ERR,ERR,ERR,ERR,ERR,ERR,ERR,ERR,ERR,ERR,ERR,ERR,ERR,ERR,ERR,ERR,ERR,ERR,ERR,ERR,ERR,ERR,ERR,ERR,ERR,ERR,ERR,ERR,ERR,ERR,ERR,ERR,ERR,ERR,ERR,ERR,ERR,ERR,ERR,ERR,ERR,ERR,ERR,ERR,ERR,ERR,ERR,ERR,ERR,ERR,ERR,ERR,ERR,ERR,ERR,ERR,ERR,ERR,ERR,ERR,ERR,ERR,ERR,ERR,ERR,ERR,ERR,ERR,2.7184278591402704e+23,0.0,-0.0,0.0,0.0,0.0,0.0,nan,0,0,0,32768,0,0.0,0,0.0,0.0,0.0,0.0,0.0,0,0,0,0,0.0,0,0,0,0,0,0,0,0,0,0,0,0,0,0,0,0,0,0,0,0,0,0,0,0,0,0,0,0,0,0,0,0,0,0,0,0,0,0,0,0,0,0,0,0,0.0,0.0,0.0,0.0,0.0,0.0,0.0,0.0,0.0,0.0,0.0,0.0,0.0,0.0,0.0,0.0,0.0,0.0,0.0,0.0,0.0,0.0,0.0,0.0,-2.004,2.004,0.0,0.0,0.0,0.0,3407.0,-0.0,0.0,2.7184278591402704e+23,0.0,-0.0,0.0,0.0,0.0,0.0,0.0,0,5.8480786593265204e+35,0.0,0.0,0.0,0.0,0.0,0.0,0.0,0.0,0,0,0,0.0,0.0,0.0,0.0,0.0,0.0,0.0,0.0,0.0,0.0,0.0,0.0,0.0,0.0,0.0,0.0,0,-107875648.0,0,0.0,0,-107875648.0,-107877712.0,0,39322,17039,13107,17054,0,17038,0,0,0,110,100,100,-0.0,64.0,0.0,64.5,0.0,69.0,1,49,50,180,13107,52429,0,0,0.0,0.0,0.0,0.0,-0.0,65.0,0.0,0.0,0.0,645,0,689,0,0,0,718,0,791,0,710,0,690,0,645,0,643,0,615,0.032,51642368.0,-2.004,0.0,14736,16788,-0.0,0.0,258.505,470284064.0,1.0892806802744068e+27,0.0,29.0,60.0,70,0.0,0.0,0.0,0.0,0.0,0.0,0.0,0.0,0.0,0.0,0.0,0.0,0.0,0.0,0.0,0.0,59.2,69,11,65508,41,65476,0,300,0,0,8,20529,65476,0,0,61604,60.0,0.0,0.0,0.0,0.0,0.0
2026-04-04T11:14:49,ERR,ERR,ERR,ERR,ERR,ERR,ERR,ERR,ERR,ERR,ERR,ERR,ERR,ERR,ERR,ERR,ERR,ERR,ERR,ERR,ERR,ERR,ERR,ERR,ERR,ERR,ERR,ERR,ERR,ERR,ERR,ERR,ERR,ERR,ERR,ERR,ERR,ERR,ERR,ERR,ERR,ERR,ERR,ERR,ERR,ERR,ERR,ERR,ERR,ERR,ERR,ERR,ERR,ERR,ERR,ERR,ERR,ERR,ERR,ERR,ERR,ERR,ERR,ERR,ERR,ERR,ERR,ERR,ERR,ERR,ERR,ERR,ERR,ERR,ERR,ERR,ERR,ERR,ERR,ERR,ERR,ERR,ERR,ERR,ERR,ERR,ERR,ERR,ERR,ERR,ERR,ERR,ERR,ERR,ERR,ERR,ERR,ERR,ERR,ERR,ERR,ERR,ERR,ERR,ERR,ERR,ERR,ERR,ERR,ERR,ERR,ERR,ERR,ERR,ERR,ERR,ERR,ERR,ERR,ERR,ERR,ERR,ERR,ERR,ERR,2.7184278591402704e+23,0.0,-0.0,0.0,0.0,0.0,0.0,nan,0,0,0,32768,0,0.0,0,0.0,0.0,0.0,0.0,0.0,0,0,0,0,0.0,0,0,0,0,0,0,0,0,0,0,0,0,0,0,0,0,0,0,0,0,0,0,0,0,0,0,0,0,0,0,0,0,0,0,0,0,0,0,0,0,0,0,0,0,0.0,0.0,0.0,0.0,0.0,0.0,0.0,0.0,0.0,0.0,0.0,0.0,0.0,0.0,0.0,0.0,0.0,0.0,0.0,0.0,0.0,0.0,0.0,0.0,-2.004,2.004,0.0,0.0,0.0,0.0,3407.0,-0.0,0.0,2.7184278591402704e+23,0.0,-0.0,0.0,0.0,0.0,0.0,0.0,0,5.8480786593265204e+35,0.0,0.0,0.0,0.0,0.0,0.0,0.0,0.0,0,0,0,0.0,0.0,0.0,0.0,0.0,0.0,0.0,0.0,0.0,0.0,0.0,0.0,0.0,0.0,0.0,0.0,0,-107875648.0,0,0.0,0,-107875648.0,-107877712.0,0,39322,17039,13107,17054,0,17038,0,0,0,110,100,100,-0.0,64.0,0.0,64.5,0.0,69.0,1,49,50,180,13107,52429,0,0,0.0,0.0,0.0,0.0,-0.0,65.0,0.0,0.0,0.0,645,0,689,0,0,0,718,0,791,0,710,0,690,0,645,0,643,0,615,0.032,51642368.0,-2.004,0.0,14736,16788,-0.0,0.0,258.505,470284064.0,1.0892806802744068e+27,0.0,29.0,60.0,70,0.0,0.0,0.0,0.0,0.0,0.0,0.0,0.0,0.0,0.0,0.0,0.0,0.0,0.0,0.0,0.0,59.2,69,11,65508,41,65476,0,300,0,0,8,20529,65476,0,0,61604,60.0,0.0,0.0,0.0,0.0,0.0
2026-04-04T11:14:50,ERR,ERR,ERR,ERR,ERR,ERR,ERR,ERR,ERR,ERR,ERR,ERR,ERR,ERR,ERR,ERR,ERR,ERR,ERR,ERR,ERR,ERR,ERR,ERR,ERR,ERR,ERR,ERR,ERR,ERR,ERR,ERR,ERR,ERR,ERR,ERR,ERR,ERR,ERR,ERR,ERR,ERR,ERR,ERR,ERR,ERR,ERR,ERR,ERR,ERR,ERR,ERR,ERR,ERR,ERR,ERR,ERR,ERR,ERR,ERR,ERR,ERR,ERR,ERR,ERR,ERR,ERR,ERR,ERR,ERR,ERR,ERR,ERR,ERR,ERR,ERR,ERR,ERR,ERR,ERR,ERR,ERR,ERR,ERR,ERR,ERR,ERR,ERR,ERR,ERR,ERR,ERR,ERR,ERR,ERR,ERR,ERR,ERR,ERR,ERR,ERR,ERR,ERR,ERR,ERR,ERR,ERR,ERR,ERR,ERR,ERR,ERR,ERR,ERR,ERR,ERR,ERR,ERR,ERR,ERR,ERR,ERR,ERR,ERR,ERR,2.7184278591402704e+23,0.0,-0.0,0.0,0.0,0.0,0.0,nan,0,0,0,32768,0,0.0,0,0.0,0.0,0.0,0.0,0.0,0,0,0,0,0.0,0,0,0,0,0,0,0,0,0,0,0,0,0,0,0,0,0,0,0,0,0,0,0,0,0,0,0,0,0,0,0,0,0,0,0,0,0,0,0,0,0,0,0,0,0.0,0.0,0.0,0.0,0.0,0.0,0.0,0.0,0.0,0.0,0.0,0.0,0.0,0.0,0.0,0.0,0.0,0.0,0.0,0.0,0.0,0.0,0.0,0.0,-2.004,2.004,0.0,0.0,0.0,0.0,3407.0,-0.0,0.0,2.7184278591402704e+23,0.0,-0.0,0.0,0.0,0.0,0.0,0.0,0,5.8480786593265204e+35,0.0,0.0,0.0,0.0,0.0,0.0,0.0,0.0,0,0,0,0.0,0.0,0.0,0.0,0.0,0.0,0.0,0.0,0.0,0.0,0.0,0.0,0.0,0.0,0.0,0.0,0,-107875648.0,0,0.0,0,-107875648.0,-107877712.0,0,39322,17039,13107,17054,0,17038,0,0,0,110,100,100,-0.0,64.0,0.0,64.5,0.0,69.0,1,49,50,180,13107,52429,0,0,0.0,0.0,0.0,0.0,-0.0,65.0,0.0,0.0,0.0,645,0,689,0,0,0,718,0,791,0,710,0,690,0,645,0,643,0,615,0.032,51642368.0,-2.004,0.0,14736,16788,-0.0,0.0,258.505,470284064.0,1.0892806802744068e+27,0.0,29.0,60.0,70,0.0,0.0,0.0,0.0,0.0,0.0,0.0,0.0,0.0,0.0,0.0,0.0,0.0,0.0,0.0,0.0,59.2,69,11,65508,41,65476,0,300,0,0,8,20529,65476,0,0,61604,60.0,0.0,0.0,0.0,0.0,0.0
2026-04-04T11:14:51,ERR,ERR,ERR,ERR,ERR,ERR,ERR,ERR,ERR,ERR,ERR,ERR,ERR,ERR,ERR,ERR,ERR,ERR,ERR,ERR,ERR,ERR,ERR,ERR,ERR,ERR,ERR,ERR,ERR,ERR,ERR,ERR,ERR,ERR,ERR,ERR,ERR,ERR,ERR,ERR,ERR,ERR,ERR,ERR,ERR,ERR,ERR,ERR,ERR,ERR,ERR,ERR,ERR,ERR,ERR,ERR,ERR,ERR,ERR,ERR,ERR,ERR,ERR,ERR,ERR,ERR,ERR,ERR,ERR,ERR,ERR,ERR,ERR,ERR,ERR,ERR,ERR,ERR,ERR,ERR,ERR,ERR,ERR,ERR,ERR,ERR,ERR,ERR,ERR,ERR,ERR,ERR,ERR,ERR,ERR,ERR,ERR,ERR,ERR,ERR,ERR,ERR,ERR,ERR,ERR,ERR,ERR,ERR,ERR,ERR,ERR,ERR,ERR,ERR,ERR,ERR,ERR,ERR,ERR,ERR,ERR,ERR,ERR,ERR,ERR,2.7184278591402704e+23,0.0,-0.0,0.0,0.0,0.0,0.0,nan,0,0,0,32768,0,0.0,0,0.0,0.0,0.0,0.0,0.0,0,0,0,0,0.0,0,0,0,0,0,0,0,0,0,0,0,0,0,0,0,0,0,0,0,0,0,0,0,0,0,0,0,0,0,0,0,0,0,0,0,0,0,0,0,0,0,0,0,0,0.0,0.0,0.0,0.0,0.0,0.0,0.0,0.0,0.0,0.0,0.0,0.0,0.0,0.0,0.0,0.0,0.0,0.0,0.0,0.0,0.0,0.0,0.0,0.0,-2.004,2.004,0.0,0.0,0.0,0.0,3407.0,-0.0,0.0,2.7184278591402704e+23,0.0,-0.0,0.0,0.0,0.0,0.0,0.0,0,5.8480786593265204e+35,0.0,0.0,0.0,0.0,0.0,0.0,0.0,0.0,0,0,0,0.0,0.0,0.0,0.0,0.0,0.0,0.0,0.0,0.0,0.0,0.0,0.0,0.0,0.0,0.0,0.0,0,-107875648.0,0,0.0,0,-107875648.0,-107877712.0,0,39322,17039,13107,17054,0,17038,0,0,0,110,100,100,2.7302334150594743e+23,64.0,0.0,64.5,0.0,69.0,1,49,50,180,0,52429,0,0,0.0,0.0,0.0,0.0,-0.0,65.0,0.0,nan,0.0,646,0,689,0,0,0,718,0,791,0,710,0,690,0,645,0,643,0,615,0.032,52166656.0,-2.004,0.0,58000,16787,-0.0,0.0,0.0,-0.0,589.032,-1.5276381068699104e+30,29.0,60.0,70,0.0,0.0,0.0,0.0,0.0,0.0,0.0,0.0,0.0,0.0,0.0,0.0,0.0,0.0,0.0,0.0,59.2,69,11,65508,41,65476,0,300,0,0,8,20529,65476,0,0,61604,60.0,0.0,0.0,0.0,0.0,0.0
2026-04-04T11:14:52,ERR,ERR,ERR,ERR,ERR,ERR,ERR,ERR,ERR,ERR,ERR,ERR,ERR,ERR,ERR,ERR,ERR,ERR,ERR,ERR,ERR,ERR,ERR,ERR,ERR,ERR,ERR,ERR,ERR,ERR,ERR,ERR,ERR,ERR,ERR,ERR,ERR,ERR,ERR,ERR,ERR,ERR,ERR,ERR,ERR,ERR,ERR,ERR,ERR,ERR,ERR,ERR,ERR,ERR,ERR,ERR,ERR,ERR,ERR,ERR,ERR,ERR,ERR,ERR,ERR,ERR,ERR,ERR,ERR,ERR,ERR,ERR,ERR,ERR,ERR,ERR,ERR,ERR,ERR,ERR,ERR,ERR,ERR,ERR,ERR,ERR,ERR,ERR,ERR,ERR,ERR,ERR,ERR,ERR,ERR,ERR,ERR,ERR,ERR,ERR,ERR,ERR,ERR,ERR,ERR,ERR,ERR,ERR,ERR,ERR,ERR,ERR,ERR,ERR,ERR,ERR,ERR,ERR,ERR,ERR,ERR,ERR,ERR,ERR,ERR,2.7184278591402704e+23,0.0,-0.0,0.0,0.0,0.0,0.0,nan,0,0,0,32768,0,0.0,0,0.0,0.0,0.0,0.0,0.0,0,0,0,0,0.0,0,0,0,0,0,0,0,0,0,0,0,0,0,0,0,0,0,0,0,0,0,0,0,0,0,0,0,0,0,0,0,0,0,0,0,0,0,0,0,0,0,0,0,0,0.0,0.0,0.0,0.0,0.0,0.0,0.0,0.0,0.0,0.0,0.0,0.0,0.0,0.0,0.0,0.0,0.0,0.0,0.0,0.0,0.0,0.0,0.0,0.0,-2.004,2.004,0.0,0.0,0.0,0.0,3407.0,-0.0,0.0,2.7184278591402704e+23,0.0,-0.0,0.0,0.0,0.0,0.0,0.0,0,5.8480786593265204e+35,0.0,0.0,0.0,0.0,0.0,0.0,0.0,0.0,0,0,0,0.0,0.0,0.0,0.0,0.0,0.0,0.0,0.0,0.0,0.0,0.0,0.0,0.0,0.0,0.0,0.0,0,-107875648.0,0,0.0,0,-107875648.0,-107877712.0,0,39322,17039,13107,17054,0,17038,0,0,0,110,100,100,2.7302334150594743e+23,64.0,0.0,64.5,0.0,69.0,1,49,50,180,0,52429,0,0,0.0,0.0,0.0,0.0,-0.0,65.0,0.0,nan,0.0,646,0,689,0,0,0,718,0,791,0,710,0,690,0,645,0,643,0,615,0.032,52166656.0,-2.004,0.0,58000,16787,-0.0,0.0,0.0,-0.0,589.032,-1.5276381068699104e+30,29.0,60.0,70,0.0,0.0,0.0,0.0,0.0,0.0,0.0,0.0,0.0,0.0,0.0,0.0,0.0,0.0,0.0,0.0,59.2,69,11,65508,41,65476,0,300,0,0,8,20529,65476,0,0,61604,60.0,0.0,0.0,0.0,0.0,0.0
2026-04-04T11:14:53,ERR,ERR,ERR,ERR,ERR,ERR,ERR,ERR,ERR,ERR,ERR,ERR,ERR,ERR,ERR,ERR,ERR,ERR,ERR,ERR,ERR,ERR,ERR,ERR,ERR,ERR,ERR,ERR,ERR,ERR,ERR,ERR,ERR,ERR,ERR,ERR,ERR,ERR,ERR,ERR,ERR,ERR,ERR,ERR,ERR,ERR,ERR,ERR,ERR,ERR,ERR,ERR,ERR,ERR,ERR,ERR,ERR,ERR,ERR,ERR,ERR,ERR,ERR,ERR,ERR,ERR,ERR,ERR,ERR,ERR,ERR,ERR,ERR,ERR,ERR,ERR,ERR,ERR,ERR,ERR,ERR,ERR,ERR,ERR,ERR,ERR,ERR,ERR,ERR,ERR,ERR,ERR,ERR,ERR,ERR,ERR,ERR,ERR,ERR,ERR,ERR,ERR,ERR,ERR,ERR,ERR,ERR,ERR,ERR,ERR,ERR,ERR,ERR,ERR,ERR,ERR,ERR,ERR,ERR,ERR,ERR,ERR,ERR,ERR,ERR,2.7184278591402704e+23,0.0,-0.0,0.0,0.0,0.0,0.0,nan,0,0,0,32768,0,0.0,0,0.0,0.0,0.0,0.0,0.0,0,0,0,0,0.0,0,0,0,0,0,0,0,0,0,0,0,0,0,0,0,0,0,0,0,0,0,0,0,0,0,0,0,0,0,0,0,0,0,0,0,0,0,0,0,0,0,0,0,0,0.0,0.0,0.0,0.0,0.0,0.0,0.0,0.0,0.0,0.0,0.0,0.0,0.0,0.0,0.0,0.0,0.0,0.0,0.0,0.0,0.0,0.0,0.0,0.0,-2.004,2.004,0.0,0.0,0.0,0.0,3407.0,-0.0,0.0,2.7184278591402704e+23,0.0,-0.0,0.0,0.0,0.0,0.0,0.0,0,5.8480786593265204e+35,0.0,0.0,0.0,0.0,0.0,0.0,0.0,0.0,0,0,0,0.0,0.0,0.0,0.0,0.0,0.0,0.0,0.0,0.0,0.0,0.0,0.0,0.0,0.0,0.0,0.0,0,-107875648.0,0,0.0,0,-107875648.0,-107877712.0,0,39322,17039,13107,17054,0,17038,0,0,0,110,100,100,2.7302334150594743e+23,64.0,0.0,64.5,0.0,69.0,1,49,50,180,0,52429,0,0,0.0,0.0,0.0,0.0,-0.0,65.0,0.0,nan,0.0,646,0,689,0,0,0,718,0,791,0,710,0,690,0,645,0,643,0,615,0.032,52166656.0,-2.004,0.0,58000,16787,-0.0,0.0,0.0,-0.0,589.032,-1.5276381068699104e+30,29.0,60.0,70,0.0,0.0,0.0,0.0,0.0,0.0,0.0,0.0,0.0,0.0,0.0,0.0,0.0,0.0,0.0,0.0,59.2,69,11,65508,41,65476,0,300,0,0,8,20529,65476,0,0,61604,60.0,0.0,0.0,0.0,0.0,0.0
2026-04-04T11:14:54,ERR,ERR,ERR,ERR,ERR,ERR,ERR,ERR,ERR,ERR,ERR,ERR,ERR,ERR,ERR,ERR,ERR,ERR,ERR,ERR,ERR,ERR,ERR,ERR,ERR,ERR,ERR,ERR,ERR,ERR,ERR,ERR,ERR,ERR,ERR,ERR,ERR,ERR,ERR,ERR,ERR,ERR,ERR,ERR,ERR,ERR,ERR,ERR,ERR,ERR,ERR,ERR,ERR,ERR,ERR,ERR,ERR,ERR,ERR,ERR,ERR,ERR,ERR,ERR,ERR,ERR,ERR,ERR,ERR,ERR,ERR,ERR,ERR,ERR,ERR,ERR,ERR,ERR,ERR,ERR,ERR,ERR,ERR,ERR,ERR,ERR,ERR,ERR,ERR,ERR,ERR,ERR,ERR,ERR,ERR,ERR,ERR,ERR,ERR,ERR,ERR,ERR,ERR,ERR,ERR,ERR,ERR,ERR,ERR,ERR,ERR,ERR,ERR,ERR,ERR,ERR,ERR,ERR,ERR,ERR,ERR,ERR,ERR,ERR,ERR,2.7184278591402704e+23,0.0,-0.0,0.0,0.0,0.0,0.0,nan,0,0,0,32768,0,0.0,0,0.0,0.0,0.0,0.0,0.0,0,0,0,0,0.0,0,0,0,0,0,0,0,0,0,0,0,0,0,0,0,0,0,0,0,0,0,0,0,0,0,0,0,0,0,0,0,0,0,0,0,0,0,0,0,0,0,0,0,0,0.0,0.0,0.0,0.0,0.0,0.0,0.0,0.0,0.0,0.0,0.0,0.0,0.0,0.0,0.0,0.0,0.0,0.0,0.0,0.0,0.0,0.0,0.0,0.0,-2.004,2.004,0.0,0.0,0.0,0.0,3407.0,-0.0,0.0,2.7184278591402704e+23,0.0,-0.0,0.0,0.0,0.0,0.0,0.0,0,5.8480786593265204e+35,0.0,0.0,0.0,0.0,0.0,0.0,0.0,0.0,0,0,0,0.0,0.0,0.0,0.0,0.0,0.0,0.0,0.0,0.0,0.0,0.0,0.0,0.0,0.0,0.0,0.0,0,-107875648.0,0,0.0,0,-107875648.0,-107877712.0,0,39322,17039,13107,17054,0,17038,0,0,0,110,100,100,2.7302334150594743e+23,64.0,0.0,64.5,0.0,69.0,1,49,50,180,0,52429,0,0,0.0,0.0,0.0,0.0,-0.0,65.0,0.0,nan,0.0,646,0,689,0,0,0,718,0,791,0,710,0,690,0,645,0,643,0,615,0.032,52166656.0,-2.004,0.0,58000,16787,-0.0,0.0,0.0,-0.0,589.032,-1.5276381068699104e+30,29.0,60.0,70,0.0,0.0,0.0,0.0,0.0,0.0,0.0,0.0,0.0,0.0,0.0,0.0,0.0,0.0,0.0,0.0,59.2,69,11,65508,41,65476,0,300,0,0,8,20529,65476,0,0,61604,60.0,0.0,0.0,0.0,0.0,0.0
2026-04-04T11:14:55,ERR,ERR,ERR,ERR,ERR,ERR,ERR,ERR,ERR,ERR,ERR,ERR,ERR,ERR,ERR,ERR,ERR,ERR,ERR,ERR,ERR,ERR,ERR,ERR,ERR,ERR,ERR,ERR,ERR,ERR,ERR,ERR,ERR,ERR,ERR,ERR,ERR,ERR,ERR,ERR,ERR,ERR,ERR,ERR,ERR,ERR,ERR,ERR,ERR,ERR,ERR,ERR,ERR,ERR,ERR,ERR,ERR,ERR,ERR,ERR,ERR,ERR,ERR,ERR,ERR,ERR,ERR,ERR,ERR,ERR,ERR,ERR,ERR,ERR,ERR,ERR,ERR,ERR,ERR,ERR,ERR,ERR,ERR,ERR,ERR,ERR,ERR,ERR,ERR,ERR,ERR,ERR,ERR,ERR,ERR,ERR,ERR,ERR,ERR,ERR,ERR,ERR,ERR,ERR,ERR,ERR,ERR,ERR,ERR,ERR,ERR,ERR,ERR,ERR,ERR,ERR,ERR,ERR,ERR,ERR,ERR,ERR,ERR,ERR,ERR,2.7184278591402704e+23,0.0,-0.0,0.0,0.0,0.0,0.0,nan,0,0,0,32768,0,0.0,0,0.0,0.0,0.0,0.0,0.0,0,0,0,0,0.0,0,0,0,0,0,0,0,0,0,0,0,0,0,0,0,0,0,0,0,0,0,0,0,0,0,0,0,0,0,0,0,0,0,0,0,0,0,0,0,0,0,0,0,0,0.0,0.0,0.0,0.0,0.0,0.0,0.0,0.0,0.0,0.0,0.0,0.0,0.0,0.0,0.0,0.0,0.0,0.0,0.0,0.0,0.0,0.0,0.0,0.0,-2.004,2.004,0.0,0.0,0.0,0.0,3406.5,8608108544.0,0.0,2.7184278591402704e+23,0.0,-0.0,0.0,0.0,0.0,0.0,0.0,0,-0.0,-3.221978786476472e+26,0.0,0.0,0.0,0.0,0.0,0.0,0.0,0,0,0,0.0,0.0,0.0,0.0,0.0,0.0,0.0,0.0,0.0,0.0,0.0,0.0,0.0,0.0,0.0,0.0,0,-107875648.0,0,0.0,0,-107875648.0,-107877712.0,0,39322,17039,13107,17054,0,17038,0,0,0,110,100,100,2.7302334150594743e+23,64.0,0.0,64.5,0.0,69.0,1,49,50,180,0,52429,0,0,0.0,0.0,0.0,0.0,-0.0,65.0,0.0,nan,0.0,646,0,689,0,0,0,718,0,791,0,710,0,690,0,645,0,643,0,615,0.032,52166656.0,-2.004,0.0,58000,16787,-0.0,0.0,0.0,-0.0,589.032,-1.5276381068699104e+30,29.0,60.0,70,0.0,0.0,0.0,0.0,0.0,0.0,0.0,0.0,0.0,0.0,0.0,0.0,0.0,0.0,0.0,0.0,59.2,69,11,65508,41,65476,0,300,0,0,8,20529,65476,0,0,61604,60.0,0.0,0.0,0.0,0.0,0.0
2026-04-04T11:14:56,ERR,ERR,ERR,ERR,ERR,ERR,ERR,ERR,ERR,ERR,ERR,ERR,ERR,ERR,ERR,ERR,ERR,ERR,ERR,ERR,ERR,ERR,ERR,ERR,ERR,ERR,ERR,ERR,ERR,ERR,ERR,ERR,ERR,ERR,ERR,ERR,ERR,ERR,ERR,ERR,ERR,ERR,ERR,ERR,ERR,ERR,ERR,ERR,ERR,ERR,ERR,ERR,ERR,ERR,ERR,ERR,ERR,ERR,ERR,ERR,ERR,ERR,ERR,ERR,ERR,ERR,ERR,ERR,ERR,ERR,ERR,ERR,ERR,ERR,ERR,ERR,ERR,ERR,ERR,ERR,ERR,ERR,ERR,ERR,ERR,ERR,ERR,ERR,ERR,ERR,ERR,ERR,ERR,ERR,ERR,ERR,ERR,ERR,ERR,ERR,ERR,ERR,ERR,ERR,ERR,ERR,ERR,ERR,ERR,ERR,ERR,ERR,ERR,ERR,ERR,ERR,ERR,ERR,ERR,ERR,ERR,ERR,ERR,ERR,ERR,2.7184278591402704e+23,0.0,-0.0,0.0,0.0,0.0,0.0,nan,0,0,0,32768,0,0.0,0,0.0,0.0,0.0,0.0,0.0,0,0,0,0,0.0,0,0,0,0,0,0,0,0,0,0,0,0,0,0,0,0,0,0,0,0,0,0,0,0,0,0,0,0,0,0,0,0,0,0,0,0,0,0,0,0,0,0,0,0,0.0,0.0,0.0,0.0,0.0,0.0,0.0,0.0,0.0,0.0,0.0,0.0,0.0,0.0,0.0,0.0,0.0,0.0,0.0,0.0,0.0,0.0,0.0,0.0,-2.004,2.004,0.0,0.0,0.0,0.0,3406.5,8608108544.0,0.0,2.7184278591402704e+23,0.0,-0.0,0.0,0.0,0.0,0.0,0.0,0,-0.0,-3.221978786476472e+26,0.0,0.0,0.0,0.0,0.0,0.0,0.0,0,0,0,0.0,0.0,0.0,0.0,0.0,0.0,0.0,0.0,0.0,0.0,0.0,0.0,0.0,0.0,0.0,0.0,0,-107875648.0,0,0.0,0,-107875648.0,-107877712.0,0,39322,17039,13107,17054,0,17038,0,0,0,110,100,100,2.7302334150594743e+23,64.0,0.0,64.5,0.0,69.0,1,49,50,180,0,52429,0,0,0.0,0.0,0.0,0.0,-0.0,65.0,0.0,nan,0.0,646,0,689,0,0,0,718,0,791,0,710,0,690,0,645,0,643,0,615,0.032,52166656.0,-2.004,0.0,58000,16787,-0.0,0.0,0.0,-0.0,589.032,-1.5276381068699104e+30,29.0,60.0,70,0.0,0.0,0.0,0.0,0.0,0.0,0.0,0.0,0.0,0.0,0.0,0.0,0.0,0.0,0.0,0.0,59.2,69,11,65508,41,65476,0,300,0,0,8,20529,65476,0,0,61604,60.0,0.0,0.0,0.0,0.0,0.0
2026-04-04T11:14:57,ERR,ERR,ERR,ERR,ERR,ERR,ERR,ERR,ERR,ERR,ERR,ERR,ERR,ERR,ERR,ERR,ERR,ERR,ERR,ERR,ERR,ERR,ERR,ERR,ERR,ERR,ERR,ERR,ERR,ERR,ERR,ERR,ERR,ERR,ERR,ERR,ERR,ERR,ERR,ERR,ERR,ERR,ERR,ERR,ERR,ERR,ERR,ERR,ERR,ERR,ERR,ERR,ERR,ERR,ERR,ERR,ERR,ERR,ERR,ERR,ERR,ERR,ERR,ERR,ERR,ERR,ERR,ERR,ERR,ERR,ERR,ERR,ERR,ERR,ERR,ERR,ERR,ERR,ERR,ERR,ERR,ERR,ERR,ERR,ERR,ERR,ERR,ERR,ERR,ERR,ERR,ERR,ERR,ERR,ERR,ERR,ERR,ERR,ERR,ERR,ERR,ERR,ERR,ERR,ERR,ERR,ERR,ERR,ERR,ERR,ERR,ERR,ERR,ERR,ERR,ERR,ERR,ERR,ERR,ERR,ERR,ERR,ERR,ERR,ERR,2.7184278591402704e+23,0.0,-0.0,0.0,0.0,0.0,0.0,nan,0,0,0,32768,0,0.0,0,0.0,0.0,0.0,0.0,0.0,0,0,0,0,0.0,0,0,0,0,0,0,0,0,0,0,0,0,0,0,0,0,0,0,0,0,0,0,0,0,0,0,0,0,0,0,0,0,0,0,0,0,0,0,0,0,0,0,0,0,0.0,0.0,0.0,0.0,0.0,0.0,0.0,0.0,0.0,0.0,0.0,0.0,0.0,0.0,0.0,0.0,0.0,0.0,0.0,0.0,0.0,0.0,0.0,0.0,-2.004,2.004,0.0,0.0,0.0,0.0,3406.5,8608108544.0,0.0,2.7184278591402704e+23,0.0,-0.0,0.0,0.0,0.0,0.0,0.0,0,-0.0,-3.221978786476472e+26,0.0,0.0,0.0,0.0,0.0,0.0,0.0,0,0,0,0.0,0.0,0.0,0.0,0.0,0.0,0.0,0.0,0.0,0.0,0.0,0.0,0.0,0.0,0.0,0.0,0,-107875648.0,0,0.0,0,-107875648.0,-107877712.0,0,39322,17039,13107,17054,0,17038,0,0,0,110,100,100,2.7302334150594743e+23,64.0,0.0,64.5,0.0,69.0,1,49,50,180,0,52429,0,0,0.0,0.0,0.0,0.0,-0.0,65.0,0.0,0.0,0.0,645,0,689,0,0,0,718,0,791,0,710,0,690,0,645,0,642,0,614,0.032,55312384.0,-0.0,-0.0,60304,16787,-0.0,0.0,24.282,0.0,1.2286190101853993e+26,0.0,29.0,60.0,70,0.0,0.0,0.0,0.0,0.0,0.0,0.0,0.0,0.0,0.0,0.0,0.0,0.0,0.0,0.0,0.0,59.2,69,11,65508,41,65476,0,300,0,0,8,20529,65476,0,0,61604,60.0,0.0,0.0,0.0,0.0,0.0
2026-04-04T11:14:58,ERR,ERR,ERR,ERR,ERR,ERR,ERR,ERR,ERR,ERR,ERR,ERR,ERR,ERR,ERR,ERR,ERR,ERR,ERR,ERR,ERR,ERR,ERR,ERR,ERR,ERR,ERR,ERR,ERR,ERR,ERR,ERR,ERR,ERR,ERR,ERR,ERR,ERR,ERR,ERR,ERR,ERR,ERR,ERR,ERR,ERR,ERR,ERR,ERR,ERR,ERR,ERR,ERR,ERR,ERR,ERR,ERR,ERR,ERR,ERR,ERR,ERR,ERR,ERR,ERR,ERR,ERR,ERR,ERR,ERR,ERR,ERR,ERR,ERR,ERR,ERR,ERR,ERR,ERR,ERR,ERR,ERR,ERR,ERR,ERR,ERR,ERR,ERR,ERR,ERR,ERR,ERR,ERR,ERR,ERR,ERR,ERR,ERR,ERR,ERR,ERR,ERR,ERR,ERR,ERR,ERR,ERR,ERR,ERR,ERR,ERR,ERR,ERR,ERR,ERR,ERR,ERR,ERR,ERR,ERR,ERR,ERR,ERR,ERR,ERR,2.7184278591402704e+23,0.0,-0.0,0.0,0.0,0.0,0.0,nan,0,0,0,32768,0,0.0,0,0.0,0.0,0.0,0.0,0.0,0,0,0,0,0.0,0,0,0,0,0,0,0,0,0,0,0,0,0,0,0,0,0,0,0,0,0,0,0,0,0,0,0,0,0,0,0,0,0,0,0,0,0,0,0,0,0,0,0,0,0.0,0.0,0.0,0.0,0.0,0.0,0.0,0.0,0.0,0.0,0.0,0.0,0.0,0.0,0.0,0.0,0.0,0.0,0.0,0.0,0.0,0.0,0.0,0.0,-2.004,2.004,0.0,0.0,0.0,0.0,3406.5,8608108544.0,0.0,2.7184278591402704e+23,0.0,-0.0,0.0,0.0,0.0,0.0,0.0,0,-0.0,-3.221978786476472e+26,0.0,0.0,0.0,0.0,0.0,0.0,0.0,0,0,0,0.0,0.0,0.0,0.0,0.0,0.0,0.0,0.0,0.0,0.0,0.0,0.0,0.0,0.0,0.0,0.0,0,-107875648.0,0,0.0,0,-107875648.0,-107877712.0,0,39322,17039,13107,17054,0,17038,0,0,0,110,100,100,2.7302334150594743e+23,64.0,0.0,64.5,0.0,69.0,1,49,50,180,0,52429,0,0,0.0,0.0,0.0,0.0,-0.0,65.0,0.0,0.0,0.0,645,0,689,0,0,0,718,0,791,0,710,0,690,0,645,0,642,0,614,0.032,55312384.0,-0.0,-0.0,60304,16787,-0.0,0.0,24.282,0.0,1.2286190101853993e+26,0.0,29.0,60.0,70,0.0,0.0,0.0,0.0,0.0,0.0,0.0,0.0,0.0,0.0,0.0,0.0,0.0,0.0,0.0,0.0,59.2,69,11,65508,41,65476,0,300,0,0,8,20529,65476,0,0,61604,60.0,0.0,0.0,0.0,0.0,0.0
2026-04-04T11:14:59,ERR,ERR,ERR,ERR,ERR,ERR,ERR,ERR,ERR,ERR,ERR,ERR,ERR,ERR,ERR,ERR,ERR,ERR,ERR,ERR,ERR,ERR,ERR,ERR,ERR,ERR,ERR,ERR,ERR,ERR,ERR,ERR,ERR,ERR,ERR,ERR,ERR,ERR,ERR,ERR,ERR,ERR,ERR,ERR,ERR,ERR,ERR,ERR,ERR,ERR,ERR,ERR,ERR,ERR,ERR,ERR,ERR,ERR,ERR,ERR,ERR,ERR,ERR,ERR,ERR,ERR,ERR,ERR,ERR,ERR,ERR,ERR,ERR,ERR,ERR,ERR,ERR,ERR,ERR,ERR,ERR,ERR,ERR,ERR,ERR,ERR,ERR,ERR,ERR,ERR,ERR,ERR,ERR,ERR,ERR,ERR,ERR,ERR,ERR,ERR,ERR,ERR,ERR,ERR,ERR,ERR,ERR,ERR,ERR,ERR,ERR,ERR,ERR,ERR,ERR,ERR,ERR,ERR,ERR,ERR,ERR,ERR,ERR,ERR,ERR,2.7184278591402704e+23,0.0,-0.0,0.0,0.0,0.0,0.0,nan,0,0,0,32768,0,0.0,0,0.0,0.0,0.0,0.0,0.0,0,0,0,0,0.0,0,0,0,0,0,0,0,0,0,0,0,0,0,0,0,0,0,0,0,0,0,0,0,0,0,0,0,0,0,0,0,0,0,0,0,0,0,0,0,0,0,0,0,0,0.0,0.0,0.0,0.0,0.0,0.0,0.0,0.0,0.0,0.0,0.0,0.0,0.0,0.0,0.0,0.0,0.0,0.0,0.0,0.0,0.0,0.0,0.0,0.0,-2.004,2.004,0.0,0.0,0.0,0.0,3406.5,8608108544.0,0.0,2.7184278591402704e+23,0.0,-0.0,0.0,0.0,0.0,0.0,0.0,0,-0.0,-3.221978786476472e+26,0.0,0.0,0.0,0.0,0.0,0.0,0.0,0,0,0,0.0,0.0,0.0,0.0,0.0,0.0,0.0,0.0,0.0,0.0,0.0,0.0,0.0,0.0,0.0,0.0,0,-107875648.0,0,0.0,0,-107875648.0,-107877712.0,0,39322,17039,13107,17054,0,17038,0,0,0,110,100,100,2.7302334150594743e+23,64.0,0.0,64.5,0.0,69.0,1,49,50,180,0,52429,0,0,0.0,0.0,0.0,0.0,-0.0,65.0,0.0,0.0,0.0,645,0,689,0,0,0,718,0,791,0,710,0,690,0,645,0,642,0,614,0.032,55312384.0,-0.0,-0.0,60304,16787,-0.0,0.0,24.282,0.0,1.2286190101853993e+26,0.0,29.0,60.0,70,0.0,0.0,0.0,0.0,0.0,0.0,0.0,0.0,0.0,0.0,0.0,0.0,0.0,0.0,0.0,0.0,59.2,69,11,65508,41,65476,0,300,0,0,8,20529,65476,0,0,61604,60.0,0.0,0.0,0.0,0.0,0.0
2026-04-04T11:15:00,ERR,ERR,ERR,ERR,ERR,ERR,ERR,ERR,ERR,ERR,ERR,ERR,ERR,ERR,ERR,ERR,ERR,ERR,ERR,ERR,ERR,ERR,ERR,ERR,ERR,ERR,ERR,ERR,ERR,ERR,ERR,ERR,ERR,ERR,ERR,ERR,ERR,ERR,ERR,ERR,ERR,ERR,ERR,ERR,ERR,ERR,ERR,ERR,ERR,ERR,ERR,ERR,ERR,ERR,ERR,ERR,ERR,ERR,ERR,ERR,ERR,ERR,ERR,ERR,ERR,ERR,ERR,ERR,ERR,ERR,ERR,ERR,ERR,ERR,ERR,ERR,ERR,ERR,ERR,ERR,ERR,ERR,ERR,ERR,ERR,ERR,ERR,ERR,ERR,ERR,ERR,ERR,ERR,ERR,ERR,ERR,ERR,ERR,ERR,ERR,ERR,ERR,ERR,ERR,ERR,ERR,ERR,ERR,ERR,ERR,ERR,ERR,ERR,ERR,ERR,ERR,ERR,ERR,ERR,ERR,ERR,ERR,ERR,ERR,ERR,2.7184278591402704e+23,0.0,-0.0,0.0,0.0,0.0,0.0,nan,0,0,0,32768,0,0.0,0,0.0,0.0,0.0,0.0,0.0,0,0,0,0,0.0,0,0,0,0,0,0,0,0,0,0,0,0,0,0,0,0,0,0,0,0,0,0,0,0,0,0,0,0,0,0,0,0,0,0,0,0,0,0,0,0,0,0,0,0,0.0,0.0,0.0,0.0,0.0,0.0,0.0,0.0,0.0,0.0,0.0,0.0,0.0,0.0,0.0,0.0,0.0,0.0,0.0,0.0,0.0,0.0,0.0,0.0,-2.004,2.004,0.0,0.0,0.0,0.0,3406.5,8608108544.0,0.0,2.7184278591402704e+23,0.0,-0.0,0.0,0.0,0.0,0.0,0.0,0,-0.0,-3.221978786476472e+26,0.0,0.0,0.0,0.0,0.0,0.0,0.0,0,0,0,0.0,0.0,0.0,0.0,0.0,0.0,0.0,0.0,0.0,0.0,0.0,0.0,0.0,0.0,0.0,0.0,0,-107875648.0,0,0.0,0,-107875648.0,-107877712.0,0,39322,17039,13107,17054,0,17038,0,0,0,110,100,100,2.7302334150594743e+23,64.0,0.0,64.5,0.0,69.0,1,49,50,180,0,52429,0,0,0.0,0.0,0.0,0.0,-0.0,65.0,0.0,0.0,0.0,645,0,689,0,0,0,718,0,791,0,710,0,690,0,645,0,642,0,614,0.032,55312384.0,-0.0,-0.0,60304,16787,-0.0,0.0,24.282,0.0,1.2286190101853993e+26,0.0,29.0,60.0,70,0.0,0.0,0.0,0.0,0.0,0.0,0.0,0.0,0.0,0.0,0.0,0.0,0.0,0.0,0.0,0.0,59.2,69,11,65508,41,65476,0,300,0,0,8,20529,65476,0,0,61604,60.0,0.0,0.0,0.0,0.0,0.0
2026-04-04T11:15:01,ERR,ERR,ERR,ERR,ERR,ERR,ERR,ERR,ERR,ERR,ERR,ERR,ERR,ERR,ERR,ERR,ERR,ERR,ERR,ERR,ERR,ERR,ERR,ERR,ERR,ERR,ERR,ERR,ERR,ERR,ERR,ERR,ERR,ERR,ERR,ERR,ERR,ERR,ERR,ERR,ERR,ERR,ERR,ERR,ERR,ERR,ERR,ERR,ERR,ERR,ERR,ERR,ERR,ERR,ERR,ERR,ERR,ERR,ERR,ERR,ERR,ERR,ERR,ERR,ERR,ERR,ERR,ERR,ERR,ERR,ERR,ERR,ERR,ERR,ERR,ERR,ERR,ERR,ERR,ERR,ERR,ERR,ERR,ERR,ERR,ERR,ERR,ERR,ERR,ERR,ERR,ERR,ERR,ERR,ERR,ERR,ERR,ERR,ERR,ERR,ERR,ERR,ERR,ERR,ERR,ERR,ERR,ERR,ERR,ERR,ERR,ERR,ERR,ERR,ERR,ERR,ERR,ERR,ERR,ERR,ERR,ERR,ERR,ERR,ERR,2.7184278591402704e+23,0.0,-0.0,0.0,0.0,0.0,0.0,nan,0,0,0,32768,0,0.0,0,0.0,0.0,0.0,0.0,0.0,0,0,0,0,0.0,0,0,0,0,0,0,0,0,0,0,0,0,0,0,0,0,0,0,0,0,0,0,0,0,0,0,0,0,0,0,0,0,0,0,0,0,0,0,0,0,0,0,0,0,0.0,0.0,0.0,0.0,0.0,0.0,0.0,0.0,0.0,0.0,0.0,0.0,0.0,0.0,0.0,0.0,0.0,0.0,0.0,0.0,0.0,0.0,0.0,0.0,-2.004,2.004,0.0,0.0,0.0,0.0,3406.5,8608108544.0,0.0,2.7184278591402704e+23,0.0,-0.0,0.0,0.0,0.0,0.0,0.0,0,-0.0,-3.221978786476472e+26,0.0,0.0,0.0,0.0,0.0,0.0,0.0,0,0,0,0.0,0.0,0.0,0.0,0.0,0.0,0.0,0.0,0.0,0.0,0.0,0.0,0.0,0.0,0.0,0.0,0,-107875648.0,0,0.0,0,-107875648.0,-107877712.0,0,39322,17039,13107,17054,0,17038,0,0,0,110,100,100,2.7302334150594743e+23,64.0,0.0,64.5,0.0,69.0,1,49,50,180,0,52429,0,0,0.0,0.0,0.0,0.0,-0.0,65.0,0.0,0.0,0.0,645,0,689,0,0,0,718,0,791,0,710,0,690,0,645,0,642,0,614,0.032,55312384.0,-0.0,-0.0,60304,16787,-0.0,0.0,24.282,0.0,1.2286190101853993e+26,0.0,29.0,60.0,70,0.0,0.0,0.0,0.0,0.0,0.0,0.0,0.0,0.0,0.0,0.0,0.0,0.0,0.0,0.0,0.0,59.2,69,11,65508,41,65476,0,300,0,0,8,20529,65476,0,0,61604,60.0,0.0,0.0,0.0,0.0,0.0
2026-04-04T11:15:02,ERR,ERR,ERR,ERR,ERR,ERR,ERR,ERR,ERR,ERR,ERR,ERR,ERR,ERR,ERR,ERR,ERR,ERR,ERR,ERR,ERR,ERR,ERR,ERR,ERR,ERR,ERR,ERR,ERR,ERR,ERR,ERR,ERR,ERR,ERR,ERR,ERR,ERR,ERR,ERR,ERR,ERR,ERR,ERR,ERR,ERR,ERR,ERR,ERR,ERR,ERR,ERR,ERR,ERR,ERR,ERR,ERR,ERR,ERR,ERR,ERR,ERR,ERR,ERR,ERR,ERR,ERR,ERR,ERR,ERR,ERR,ERR,ERR,ERR,ERR,ERR,ERR,ERR,ERR,ERR,ERR,ERR,ERR,ERR,ERR,ERR,ERR,ERR,ERR,ERR,ERR,ERR,ERR,ERR,ERR,ERR,ERR,ERR,ERR,ERR,ERR,ERR,ERR,ERR,ERR,ERR,ERR,ERR,ERR,ERR,ERR,ERR,ERR,ERR,ERR,ERR,ERR,ERR,ERR,ERR,ERR,ERR,ERR,ERR,ERR,2.7184278591402704e+23,0.0,-0.0,0.0,0.0,0.0,0.0,nan,0,0,0,32768,0,0.0,0,0.0,0.0,0.0,0.0,0.0,0,0,0,0,0.0,0,0,0,0,0,0,0,0,0,0,0,0,0,0,0,0,0,0,0,0,0,0,0,0,0,0,0,0,0,0,0,0,0,0,0,0,0,0,0,0,0,0,0,0,0.0,0.0,0.0,0.0,0.0,0.0,0.0,0.0,0.0,0.0,0.0,0.0,0.0,0.0,0.0,0.0,0.0,0.0,0.0,0.0,0.0,0.0,0.0,0.0,-2.004,2.004,0.0,0.0,0.0,0.0,3406.5,8608108544.0,0.0,2.7184278591402704e+23,0.0,-0.0,0.0,0.0,0.0,0.0,0.0,0,-0.0,-3.221978786476472e+26,0.0,0.0,0.0,0.0,0.0,0.0,0.0,0,0,0,0.0,0.0,0.0,0.0,0.0,0.0,0.0,0.0,0.0,0.0,0.0,0.0,0.0,0.0,0.0,0.0,0,-107875648.0,0,0.0,0,-107875648.0,-107877712.0,0,39322,17039,13107,17054,0,17038,0,0,0,110,100,100,2.7302334150594743e+23,64.0,0.0,64.5,0.0,69.0,1,49,50,180,0,52429,0,0,0.0,0.0,0.0,0.0,-0.0,65.0,0.0,0.0,0.0,645,0,689,0,0,0,718,0,791,0,710,0,690,0,645,0,642,0,614,0.032,55312384.0,-0.0,-0.0,60304,16787,-0.0,0.0,24.282,0.0,1.2286190101853993e+26,0.0,29.0,60.0,70,0.0,0.0,0.0,0.0,0.0,0.0,0.0,0.0,0.0,0.0,0.0,0.0,0.0,0.0,0.0,0.0,59.2,69,11,65508,41,65476,0,300,0,0,8,20529,65476,0,0,61604,60.0,0.0,0.0,0.0,0.0,0.0
2026-04-04T11:15:03,ERR,ERR,ERR,ERR,ERR,ERR,ERR,ERR,ERR,ERR,ERR,ERR,ERR,ERR,ERR,ERR,ERR,ERR,ERR,ERR,ERR,ERR,ERR,ERR,ERR,ERR,ERR,ERR,ERR,ERR,ERR,ERR,ERR,ERR,ERR,ERR,ERR,ERR,ERR,ERR,ERR,ERR,ERR,ERR,ERR,ERR,ERR,ERR,ERR,ERR,ERR,ERR,ERR,ERR,ERR,ERR,ERR,ERR,ERR,ERR,ERR,ERR,ERR,ERR,ERR,ERR,ERR,ERR,ERR,ERR,ERR,ERR,ERR,ERR,ERR,ERR,ERR,ERR,ERR,ERR,ERR,ERR,ERR,ERR,ERR,ERR,ERR,ERR,ERR,ERR,ERR,ERR,ERR,ERR,ERR,ERR,ERR,ERR,ERR,ERR,ERR,ERR,ERR,ERR,ERR,ERR,ERR,ERR,ERR,ERR,ERR,ERR,ERR,ERR,ERR,ERR,ERR,ERR,ERR,ERR,ERR,ERR,ERR,ERR,ERR,2.7184278591402704e+23,0.0,-0.0,0.0,0.0,0.0,0.0,nan,0,0,0,32768,0,0.0,0,0.0,0.0,0.0,0.0,0.0,0,0,0,0,0.0,0,0,0,0,0,0,0,0,0,0,0,0,0,0,0,0,0,0,0,0,0,0,0,0,0,0,0,0,0,0,0,0,0,0,0,0,0,0,0,0,0,0,0,0,0.0,0.0,0.0,0.0,0.0,0.0,0.0,0.0,0.0,0.0,0.0,0.0,0.0,0.0,0.0,0.0,0.0,0.0,0.0,0.0,0.0,0.0,0.0,0.0,-2.004,2.004,0.0,0.0,0.0,0.0,3406.5,8608108544.0,0.0,2.7184278591402704e+23,0.0,-0.0,0.0,0.0,0.0,0.0,0.0,0,-0.0,-3.221978786476472e+26,0.0,0.0,0.0,0.0,0.0,0.0,0.0,0,0,0,0.0,0.0,0.0,0.0,0.0,0.0,0.0,0.0,0.0,0.0,0.0,0.0,0.0,0.0,0.0,0.0,0,-107875648.0,0,0.0,0,-107875648.0,-107877712.0,0,39322,17039,13107,17054,0,17038,0,0,0,110,100,100,2.7302334150594743e+23,64.0,0.0,64.5,0.0,69.0,1,49,50,180,13107,52429,0,0,0.0,0.0,0.0,0.0,-0.0,65.0,0.0,-0.0,0.0,646,0,689,0,0,0,718,0,791,0,710,0,690,0,645,0,643,0,615,0.032,55574528.0,-2.004,0.0,54672,16787,-0.0,-0.0,238641758208.0,-132775368.0,2.159093640369271e+31,0.0,29.0,60.0,70,0.0,0.0,0.0,0.0,0.0,0.0,0.0,0.0,0.0,0.0,0.0,0.0,0.0,0.0,0.0,0.0,59.2,69,11,65508,41,65476,0,300,0,0,8,20529,65476,0,0,61604,60.0,0.0,0.0,0.0,0.0,0.0
2026-04-04T11:15:04,ERR,ERR,ERR,ERR,ERR,ERR,ERR,ERR,ERR,ERR,ERR,ERR,ERR,ERR,ERR,ERR,ERR,ERR,ERR,ERR,ERR,ERR,ERR,ERR,ERR,ERR,ERR,ERR,ERR,ERR,ERR,ERR,ERR,ERR,ERR,ERR,ERR,ERR,ERR,ERR,ERR,ERR,ERR,ERR,ERR,ERR,ERR,ERR,ERR,ERR,ERR,ERR,ERR,ERR,ERR,ERR,ERR,ERR,ERR,ERR,ERR,ERR,ERR,ERR,ERR,ERR,ERR,ERR,ERR,ERR,ERR,ERR,ERR,ERR,ERR,ERR,ERR,ERR,ERR,ERR,ERR,ERR,ERR,ERR,ERR,ERR,ERR,ERR,ERR,ERR,ERR,ERR,ERR,ERR,ERR,ERR,ERR,ERR,ERR,ERR,ERR,ERR,ERR,ERR,ERR,ERR,ERR,ERR,ERR,ERR,ERR,ERR,ERR,ERR,ERR,ERR,ERR,ERR,ERR,ERR,ERR,ERR,ERR,ERR,ERR,2.7184278591402704e+23,0.0,-0.0,0.0,0.0,0.0,0.0,nan,0,0,0,32768,0,0.0,0,0.0,0.0,0.0,0.0,0.0,0,0,0,0,0.0,0,0,0,0,0,0,0,0,0,0,0,0,0,0,0,0,0,0,0,0,0,0,0,0,0,0,0,0,0,0,0,0,0,0,0,0,0,0,0,0,0,0,0,0,0.0,0.0,0.0,0.0,0.0,0.0,0.0,0.0,0.0,0.0,0.0,0.0,0.0,0.0,0.0,0.0,0.0,0.0,0.0,0.0,0.0,0.0,0.0,0.0,-2.004,2.004,0.0,0.0,0.0,0.0,3406.0,2.004,0.0,2.7184278591402704e+23,0.0,-0.0,0.0,0.0,0.0,0.0,0.0,0,4.9504239556116174e+32,-3.221978786476472e+26,0.0,0.0,0.0,0.0,0.0,0.0,0.0,0,0,0,0.0,0.0,0.0,0.0,0.0,0.0,0.0,0.0,0.0,0.0,0.0,0.0,0.0,0.0,0.0,0.0,0,-107875648.0,0,0.0,0,-107875648.0,-107877712.0,0,39322,17039,13107,17054,0,17038,0,0,0,110,100,100,2.7302334150594743e+23,64.0,0.0,64.5,0.0,69.0,1,49,50,180,13107,52429,0,0,0.0,0.0,0.0,0.0,-0.0,65.0,0.0,-0.0,0.0,646,0,689,0,0,0,718,0,791,0,710,0,690,0,645,0,643,0,615,0.032,55574528.0,-2.004,0.0,54672,16787,-0.0,-0.0,238641758208.0,-132775368.0,2.159093640369271e+31,0.0,29.0,60.0,70,0.0,0.0,0.0,0.0,0.0,0.0,0.0,0.0,0.0,0.0,0.0,0.0,0.0,0.0,0.0,0.0,59.2,69,11,65508,41,65476,0,300,0,0,8,20529,65476,0,0,61604,60.0,0.0,0.0,0.0,0.0,0.0
2026-04-04T11:15:05,ERR,ERR,ERR,ERR,ERR,ERR,ERR,ERR,ERR,ERR,ERR,ERR,ERR,ERR,ERR,ERR,ERR,ERR,ERR,ERR,ERR,ERR,ERR,ERR,ERR,ERR,ERR,ERR,ERR,ERR,ERR,ERR,ERR,ERR,ERR,ERR,ERR,ERR,ERR,ERR,ERR,ERR,ERR,ERR,ERR,ERR,ERR,ERR,ERR,ERR,ERR,ERR,ERR,ERR,ERR,ERR,ERR,ERR,ERR,ERR,ERR,ERR,ERR,ERR,ERR,ERR,ERR,ERR,ERR,ERR,ERR,ERR,ERR,ERR,ERR,ERR,ERR,ERR,ERR,ERR,ERR,ERR,ERR,ERR,ERR,ERR,ERR,ERR,ERR,ERR,ERR,ERR,ERR,ERR,ERR,ERR,ERR,ERR,ERR,ERR,ERR,ERR,ERR,ERR,ERR,ERR,ERR,ERR,ERR,ERR,ERR,ERR,ERR,ERR,ERR,ERR,ERR,ERR,ERR,ERR,ERR,ERR,ERR,ERR,ERR,2.7184278591402704e+23,0.0,-0.0,0.0,0.0,0.0,0.0,nan,0,0,0,32768,0,0.0,0,0.0,0.0,0.0,0.0,0.0,0,0,0,0,0.0,0,0,0,0,0,0,0,0,0,0,0,0,0,0,0,0,0,0,0,0,0,0,0,0,0,0,0,0,0,0,0,0,0,0,0,0,0,0,0,0,0,0,0,0,0.0,0.0,0.0,0.0,0.0,0.0,0.0,0.0,0.0,0.0,0.0,0.0,0.0,0.0,0.0,0.0,0.0,0.0,0.0,0.0,0.0,0.0,0.0,0.0,-2.004,2.004,0.0,0.0,0.0,0.0,3406.0,2.004,0.0,2.7184278591402704e+23,0.0,-0.0,0.0,0.0,0.0,0.0,0.0,0,4.9504239556116174e+32,-3.221978786476472e+26,0.0,0.0,0.0,0.0,0.0,0.0,0.0,0,0,0,0.0,0.0,0.0,0.0,0.0,0.0,0.0,0.0,0.0,0.0,0.0,0.0,0.0,0.0,0.0,0.0,0,-107875648.0,0,0.0,0,-107875648.0,-107877712.0,0,39322,17039,13107,17054,0,17038,0,0,0,110,100,100,2.7302334150594743e+23,64.0,0.0,64.5,0.0,69.0,1,49,50,180,13107,52429,0,0,0.0,0.0,0.0,0.0,-0.0,65.0,0.0,-0.0,0.0,646,0,689,0,0,0,718,0,791,0,710,0,690,0,645,0,643,0,615,0.032,55574528.0,-2.004,0.0,54672,16787,-0.0,-0.0,238641758208.0,-132775368.0,2.159093640369271e+31,0.0,29.0,60.0,70,0.0,0.0,0.0,0.0,0.0,0.0,0.0,0.0,0.0,0.0,0.0,0.0,0.0,0.0,0.0,0.0,59.2,69,11,65508,41,65476,0,300,0,0,8,20529,65476,0,0,61604,60.0,0.0,0.0,0.0,0.0,0.0
2026-04-04T11:15:06,ERR,ERR,ERR,ERR,ERR,ERR,ERR,ERR,ERR,ERR,ERR,ERR,ERR,ERR,ERR,ERR,ERR,ERR,ERR,ERR,ERR,ERR,ERR,ERR,ERR,ERR,ERR,ERR,ERR,ERR,ERR,ERR,ERR,ERR,ERR,ERR,ERR,ERR,ERR,ERR,ERR,ERR,ERR,ERR,ERR,ERR,ERR,ERR,ERR,ERR,ERR,ERR,ERR,ERR,ERR,ERR,ERR,ERR,ERR,ERR,ERR,ERR,ERR,ERR,ERR,ERR,ERR,ERR,ERR,ERR,ERR,ERR,ERR,ERR,ERR,ERR,ERR,ERR,ERR,ERR,ERR,ERR,ERR,ERR,ERR,ERR,ERR,ERR,ERR,ERR,ERR,ERR,ERR,ERR,ERR,ERR,ERR,ERR,ERR,ERR,ERR,ERR,ERR,ERR,ERR,ERR,ERR,ERR,ERR,ERR,ERR,ERR,ERR,ERR,ERR,ERR,ERR,ERR,ERR,ERR,ERR,ERR,ERR,ERR,ERR,2.7184278591402704e+23,0.0,-0.0,0.0,0.0,0.0,0.0,nan,0,0,0,32768,0,0.0,0,0.0,0.0,0.0,0.0,0.0,0,0,0,0,0.0,0,0,0,0,0,0,0,0,0,0,0,0,0,0,0,0,0,0,0,0,0,0,0,0,0,0,0,0,0,0,0,0,0,0,0,0,0,0,0,0,0,0,0,0,0.0,0.0,0.0,0.0,0.0,0.0,0.0,0.0,0.0,0.0,0.0,0.0,0.0,0.0,0.0,0.0,0.0,0.0,0.0,0.0,0.0,0.0,0.0,0.0,-2.004,2.004,0.0,0.0,0.0,0.0,3406.0,2.004,0.0,2.7184278591402704e+23,0.0,-0.0,0.0,0.0,0.0,0.0,0.0,0,4.9504239556116174e+32,-3.221978786476472e+26,0.0,0.0,0.0,0.0,0.0,0.0,0.0,0,0,0,0.0,0.0,0.0,0.0,0.0,0.0,0.0,0.0,0.0,0.0,0.0,0.0,0.0,0.0,0.0,0.0,0,-107875648.0,0,0.0,0,-107875648.0,-107877712.0,0,39322,17039,13107,17054,0,17038,0,0,0,110,100,100,2.7302334150594743e+23,64.0,0.0,64.5,0.0,69.0,1,49,50,180,13107,52429,0,0,0.0,0.0,0.0,0.0,-0.0,65.0,0.0,-0.0,0.0,646,0,689,0,0,0,718,0,791,0,710,0,690,0,645,0,643,0,615,0.032,55574528.0,-2.004,0.0,54672,16787,-0.0,-0.0,238641758208.0,-132775368.0,2.159093640369271e+31,0.0,29.0,60.0,70,0.0,0.0,0.0,0.0,0.0,0.0,0.0,0.0,0.0,0.0,0.0,0.0,0.0,0.0,0.0,0.0,59.6,69,11,65508,41,65476,0,300,0,0,8,20529,65476,0,0,61604,60.0,0.0,0.0,0.0,0.0,0.0
2026-04-04T11:15:07,ERR,ERR,ERR,ERR,ERR,ERR,ERR,ERR,ERR,ERR,ERR,ERR,ERR,ERR,ERR,ERR,ERR,ERR,ERR,ERR,ERR,ERR,ERR,ERR,ERR,ERR,ERR,ERR,ERR,ERR,ERR,ERR,ERR,ERR,ERR,ERR,ERR,ERR,ERR,ERR,ERR,ERR,ERR,ERR,ERR,ERR,ERR,ERR,ERR,ERR,ERR,ERR,ERR,ERR,ERR,ERR,ERR,ERR,ERR,ERR,ERR,ERR,ERR,ERR,ERR,ERR,ERR,ERR,ERR,ERR,ERR,ERR,ERR,ERR,ERR,ERR,ERR,ERR,ERR,ERR,ERR,ERR,ERR,ERR,ERR,ERR,ERR,ERR,ERR,ERR,ERR,ERR,ERR,ERR,ERR,ERR,ERR,ERR,ERR,ERR,ERR,ERR,ERR,ERR,ERR,ERR,ERR,ERR,ERR,ERR,ERR,ERR,ERR,ERR,ERR,ERR,ERR,ERR,ERR,ERR,ERR,ERR,ERR,ERR,ERR,2.7184278591402704e+23,0.0,-0.0,0.0,0.0,0.0,0.0,nan,0,0,0,32768,0,0.0,0,0.0,0.0,0.0,0.0,0.0,0,0,0,0,0.0,0,0,0,0,0,0,0,0,0,0,0,0,0,0,0,0,0,0,0,0,0,0,0,0,0,0,0,0,0,0,0,0,0,0,0,0,0,0,0,0,0,0,0,0,0.0,0.0,0.0,0.0,0.0,0.0,0.0,0.0,0.0,0.0,0.0,0.0,0.0,0.0,0.0,0.0,0.0,0.0,0.0,0.0,0.0,0.0,0.0,0.0,-2.004,2.004,0.0,0.0,0.0,0.0,3406.0,2.004,0.0,2.7184278591402704e+23,0.0,-0.0,0.0,0.0,0.0,0.0,0.0,0,4.9504239556116174e+32,-3.221978786476472e+26,0.0,0.0,0.0,0.0,0.0,0.0,0.0,0,0,0,0.0,0.0,0.0,0.0,0.0,0.0,0.0,0.0,0.0,0.0,0.0,0.0,0.0,0.0,0.0,0.0,0,-107875648.0,0,0.0,0,-107875648.0,-107877712.0,0,39322,17039,13107,17054,0,17038,0,0,0,110,100,100,2.7302334150594743e+23,64.0,0.0,64.5,0.0,69.0,1,49,50,180,13107,52429,0,0,0.0,0.0,0.0,0.0,-0.0,65.0,0.0,-0.0,0.0,646,0,689,0,0,0,718,0,791,0,710,0,690,0,645,0,643,0,615,0.032,55574528.0,-2.004,0.0,54672,16787,-0.0,-0.0,238641758208.0,-132775368.0,2.159093640369271e+31,0.0,29.0,60.0,70,0.0,0.0,0.0,0.0,0.0,0.0,0.0,0.0,0.0,0.0,0.0,0.0,0.0,0.0,0.0,0.0,59.6,69,11,65508,41,65476,0,300,0,0,8,20529,65476,0,0,61604,60.0,0.0,0.0,0.0,0.0,0.0
2026-04-04T11:15:08,ERR,ERR,ERR,ERR,ERR,ERR,ERR,ERR,ERR,ERR,ERR,ERR,ERR,ERR,ERR,ERR,ERR,ERR,ERR,ERR,ERR,ERR,ERR,ERR,ERR,ERR,ERR,ERR,ERR,ERR,ERR,ERR,ERR,ERR,ERR,ERR,ERR,ERR,ERR,ERR,ERR,ERR,ERR,ERR,ERR,ERR,ERR,ERR,ERR,ERR,ERR,ERR,ERR,ERR,ERR,ERR,ERR,ERR,ERR,ERR,ERR,ERR,ERR,ERR,ERR,ERR,ERR,ERR,ERR,ERR,ERR,ERR,ERR,ERR,ERR,ERR,ERR,ERR,ERR,ERR,ERR,ERR,ERR,ERR,ERR,ERR,ERR,ERR,ERR,ERR,ERR,ERR,ERR,ERR,ERR,ERR,ERR,ERR,ERR,ERR,ERR,ERR,ERR,ERR,ERR,ERR,ERR,ERR,ERR,ERR,ERR,ERR,ERR,ERR,ERR,ERR,ERR,ERR,ERR,ERR,ERR,ERR,ERR,ERR,ERR,2.7184278591402704e+23,0.0,-0.0,0.0,0.0,0.0,0.0,nan,0,0,0,32768,0,0.0,0,0.0,0.0,0.0,0.0,0.0,0,0,0,0,0.0,0,0,0,0,0,0,0,0,0,0,0,0,0,0,0,0,0,0,0,0,0,0,0,0,0,0,0,0,0,0,0,0,0,0,0,0,0,0,0,0,0,0,0,0,0.0,0.0,0.0,0.0,0.0,0.0,0.0,0.0,0.0,0.0,0.0,0.0,0.0,0.0,0.0,0.0,0.0,0.0,0.0,0.0,0.0,0.0,0.0,0.0,-2.004,2.004,0.0,0.0,0.0,0.0,3406.0,2.004,0.0,2.7184278591402704e+23,0.0,-0.0,0.0,0.0,0.0,0.0,0.0,0,4.9504239556116174e+32,-3.221978786476472e+26,0.0,0.0,0.0,0.0,0.0,0.0,0.0,0,0,0,0.0,0.0,0.0,0.0,0.0,0.0,0.0,0.0,0.0,0.0,0.0,0.0,0.0,0.0,0.0,0.0,0,-107875648.0,0,0.0,0,-107875648.0,-107877712.0,0,39322,17039,13107,17054,0,17038,0,0,0,110,100,100,2.7302334150594743e+23,64.0,0.0,64.5,0.0,69.0,1,49,50,180,13107,52429,0,0,0.0,0.0,0.0,0.0,-0.0,65.0,0.0,-0.0,0.0,646,0,689,0,0,0,718,0,791,0,710,0,690,0,645,0,643,0,615,0.032,55574528.0,-2.004,0.0,54672,16787,-0.0,-0.0,238641758208.0,-132775368.0,2.159093640369271e+31,0.0,29.0,60.0,70,0.0,0.0,0.0,0.0,0.0,0.0,0.0,0.0,0.0,0.0,0.0,0.0,0.0,0.0,0.0,0.0,59.6,69,11,65508,41,65476,0,300,0,0,8,20529,65476,0,0,61604,60.0,0.0,0.0,0.0,0.0,0.0
2026-04-04T11:15:09,ERR,ERR,ERR,ERR,ERR,ERR,ERR,ERR,ERR,ERR,ERR,ERR,ERR,ERR,ERR,ERR,ERR,ERR,ERR,ERR,ERR,ERR,ERR,ERR,ERR,ERR,ERR,ERR,ERR,ERR,ERR,ERR,ERR,ERR,ERR,ERR,ERR,ERR,ERR,ERR,ERR,ERR,ERR,ERR,ERR,ERR,ERR,ERR,ERR,ERR,ERR,ERR,ERR,ERR,ERR,ERR,ERR,ERR,ERR,ERR,ERR,ERR,ERR,ERR,ERR,ERR,ERR,ERR,ERR,ERR,ERR,ERR,ERR,ERR,ERR,ERR,ERR,ERR,ERR,ERR,ERR,ERR,ERR,ERR,ERR,ERR,ERR,ERR,ERR,ERR,ERR,ERR,ERR,ERR,ERR,ERR,ERR,ERR,ERR,ERR,ERR,ERR,ERR,ERR,ERR,ERR,ERR,ERR,ERR,ERR,ERR,ERR,ERR,ERR,ERR,ERR,ERR,ERR,ERR,ERR,ERR,ERR,ERR,ERR,ERR,2.7184278591402704e+23,0.0,-0.0,0.0,0.0,0.0,0.0,nan,0,0,0,32768,0,0.0,0,0.0,0.0,0.0,0.0,0.0,0,0,0,0,0.0,0,0,0,0,0,0,0,0,0,0,0,0,0,0,0,0,0,0,0,0,0,0,0,0,0,0,0,0,0,0,0,0,0,0,0,0,0,0,0,0,0,0,0,0,0.0,0.0,0.0,0.0,0.0,0.0,0.0,0.0,0.0,0.0,0.0,0.0,0.0,0.0,0.0,0.0,0.0,0.0,0.0,0.0,0.0,0.0,0.0,0.0,-2.004,2.004,0.0,0.0,0.0,0.0,3406.0,2.004,0.0,2.7184278591402704e+23,0.0,-0.0,0.0,0.0,0.0,0.0,0.0,0,4.9504239556116174e+32,-3.221978786476472e+26,0.0,0.0,0.0,0.0,0.0,0.0,0.0,0,0,0,0.0,0.0,0.0,0.0,0.0,0.0,0.0,0.0,0.0,0.0,0.0,0.0,0.0,0.0,0.0,0.0,0,-107875648.0,0,0.0,0,-107875648.0,-107877712.0,0,39322,17039,13107,17054,0,17038,0,0,0,110,100,100,-0.0,64.0,0.0,64.5,0.0,69.0,1,49,50,180,13107,52429,0,0,0.0,0.0,0.0,0.0,-0.0,65.0,0.0,8.98299744999361e+36,0.0,646,0,689,0,0,0,718,0,790,0,710,0,690,0,645,0,643,0,615,0.032,55574528.0,-2.004,0.0,11664,16788,-0.0,8.98299744999361e+36,4.215440059767613e+19,1.5100820075372884e+32,1.0395309167593384e+37,0.129,29.0,60.0,70,0.0,0.0,0.0,0.0,0.0,0.0,0.0,0.0,0.0,0.0,0.0,0.0,0.0,0.0,0.0,0.0,59.6,69,11,65508,41,65476,0,300,0,0,8,20529,65476,0,0,61604,60.0,0.0,0.0,0.0,0.0,0.0
2026-04-04T11:15:10,ERR,ERR,ERR,ERR,ERR,ERR,ERR,ERR,ERR,ERR,ERR,ERR,ERR,ERR,ERR,ERR,ERR,ERR,ERR,ERR,ERR,ERR,ERR,ERR,ERR,ERR,ERR,ERR,ERR,ERR,ERR,ERR,ERR,ERR,ERR,ERR,ERR,ERR,ERR,ERR,ERR,ERR,ERR,ERR,ERR,ERR,ERR,ERR,ERR,ERR,ERR,ERR,ERR,ERR,ERR,ERR,ERR,ERR,ERR,ERR,ERR,ERR,ERR,ERR,ERR,ERR,ERR,ERR,ERR,ERR,ERR,ERR,ERR,ERR,ERR,ERR,ERR,ERR,ERR,ERR,ERR,ERR,ERR,ERR,ERR,ERR,ERR,ERR,ERR,ERR,ERR,ERR,ERR,ERR,ERR,ERR,ERR,ERR,ERR,ERR,ERR,ERR,ERR,ERR,ERR,ERR,ERR,ERR,ERR,ERR,ERR,ERR,ERR,ERR,ERR,ERR,ERR,ERR,ERR,ERR,ERR,ERR,ERR,ERR,ERR,2.7184278591402704e+23,0.0,-0.0,0.0,0.0,0.0,0.0,nan,0,0,0,32768,0,0.0,0,0.0,0.0,0.0,0.0,0.0,0,0,0,0,0.0,0,0,0,0,0,0,0,0,0,0,0,0,0,0,0,0,0,0,0,0,0,0,0,0,0,0,0,0,0,0,0,0,0,0,0,0,0,0,0,0,0,0,0,0,0.0,0.0,0.0,0.0,0.0,0.0,0.0,0.0,0.0,0.0,0.0,0.0,0.0,0.0,0.0,0.0,0.0,0.0,0.0,0.0,0.0,0.0,0.0,0.0,-2.004,2.004,0.0,0.0,0.0,0.0,3406.0,2.004,0.0,2.7184278591402704e+23,0.0,-0.0,0.0,0.0,0.0,0.0,0.0,0,4.9504239556116174e+32,-3.221978786476472e+26,0.0,0.0,0.0,0.0,0.0,0.0,0.0,0,0,0,0.0,0.0,0.0,0.0,0.0,0.0,0.0,0.0,0.0,0.0,0.0,0.0,0.0,0.0,0.0,0.0,0,-107875648.0,0,0.0,0,-107875648.0,-107877712.0,0,39322,17039,13107,17054,0,17038,0,0,0,110,100,100,-0.0,64.0,0.0,64.5,0.0,69.0,1,49,50,180,13107,52429,0,0,0.0,0.0,0.0,0.0,-0.0,65.0,0.0,8.98299744999361e+36,0.0,646,0,689,0,0,0,718,0,790,0,710,0,690,0,645,0,643,0,615,0.032,55574528.0,-2.004,0.0,11664,16788,-0.0,8.98299744999361e+36,4.215440059767613e+19,1.5100820075372884e+32,1.0395309167593384e+37,0.129,29.0,60.0,70,0.0,0.0,0.0,0.0,0.0,0.0,0.0,0.0,0.0,0.0,0.0,0.0,0.0,0.0,0.0,0.0,59.6,69,11,65508,41,65476,0,300,0,0,8,20529,65476,0,0,61604,60.0,0.0,0.0,0.0,0.0,0.0
2026-04-04T11:15:11,ERR,ERR,ERR,ERR,ERR,ERR,ERR,ERR,ERR,ERR,ERR,ERR,ERR,ERR,ERR,ERR,ERR,ERR,ERR,ERR,ERR,ERR,ERR,ERR,ERR,ERR,ERR,ERR,ERR,ERR,ERR,ERR,ERR,ERR,ERR,ERR,ERR,ERR,ERR,ERR,ERR,ERR,ERR,ERR,ERR,ERR,ERR,ERR,ERR,ERR,ERR,ERR,ERR,ERR,ERR,ERR,ERR,ERR,ERR,ERR,ERR,ERR,ERR,ERR,ERR,ERR,ERR,ERR,ERR,ERR,ERR,ERR,ERR,ERR,ERR,ERR,ERR,ERR,ERR,ERR,ERR,ERR,ERR,ERR,ERR,ERR,ERR,ERR,ERR,ERR,ERR,ERR,ERR,ERR,ERR,ERR,ERR,ERR,ERR,ERR,ERR,ERR,ERR,ERR,ERR,ERR,ERR,ERR,ERR,ERR,ERR,ERR,ERR,ERR,ERR,ERR,ERR,ERR,ERR,ERR,ERR,ERR,ERR,ERR,ERR,2.7184278591402704e+23,0.0,-0.0,0.0,0.0,0.0,0.0,nan,0,0,0,32768,0,0.0,0,0.0,0.0,0.0,0.0,0.0,0,0,0,0,0.0,0,0,0,0,0,0,0,0,0,0,0,0,0,0,0,0,0,0,0,0,0,0,0,0,0,0,0,0,0,0,0,0,0,0,0,0,0,0,0,0,0,0,0,0,0.0,0.0,0.0,0.0,0.0,0.0,0.0,0.0,0.0,0.0,0.0,0.0,0.0,0.0,0.0,0.0,0.0,0.0,0.0,0.0,0.0,0.0,0.0,0.0,-2.004,2.004,0.0,0.0,0.0,0.0,3406.0,2.004,0.0,2.7184278591402704e+23,0.0,-0.0,0.0,0.0,0.0,0.0,0.0,0,4.9504239556116174e+32,-3.221978786476472e+26,0.0,0.0,0.0,0.0,0.0,0.0,0.0,0,0,0,0.0,0.0,0.0,0.0,0.0,0.0,0.0,0.0,0.0,0.0,0.0,0.0,0.0,0.0,0.0,0.0,0,-107875648.0,0,0.0,0,-107875648.0,-107877712.0,0,39322,17039,13107,17054,0,17038,0,0,0,110,100,100,-0.0,64.0,0.0,64.5,0.0,69.0,1,49,50,180,13107,52429,0,0,0.0,0.0,0.0,0.0,-0.0,65.0,0.0,8.98299744999361e+36,0.0,646,0,689,0,0,0,718,0,790,0,710,0,690,0,645,0,643,0,615,0.032,55574528.0,-2.004,0.0,11664,16788,-0.0,8.98299744999361e+36,4.215440059767613e+19,1.5100820075372884e+32,1.0395309167593384e+37,0.129,29.0,60.0,70,0.0,0.0,0.0,0.0,0.0,0.0,0.0,0.0,0.0,0.0,0.0,0.0,0.0,0.0,0.0,0.0,59.2,69,11,65508,41,65476,0,300,0,0,8,20529,65476,0,0,61604,60.0,0.0,0.0,0.0,0.0,0.0
2026-04-04T11:15:12,ERR,ERR,ERR,ERR,ERR,ERR,ERR,ERR,ERR,ERR,ERR,ERR,ERR,ERR,ERR,ERR,ERR,ERR,ERR,ERR,ERR,ERR,ERR,ERR,ERR,ERR,ERR,ERR,ERR,ERR,ERR,ERR,ERR,ERR,ERR,ERR,ERR,ERR,ERR,ERR,ERR,ERR,ERR,ERR,ERR,ERR,ERR,ERR,ERR,ERR,ERR,ERR,ERR,ERR,ERR,ERR,ERR,ERR,ERR,ERR,ERR,ERR,ERR,ERR,ERR,ERR,ERR,ERR,ERR,ERR,ERR,ERR,ERR,ERR,ERR,ERR,ERR,ERR,ERR,ERR,ERR,ERR,ERR,ERR,ERR,ERR,ERR,ERR,ERR,ERR,ERR,ERR,ERR,ERR,ERR,ERR,ERR,ERR,ERR,ERR,ERR,ERR,ERR,ERR,ERR,ERR,ERR,ERR,ERR,ERR,ERR,ERR,ERR,ERR,ERR,ERR,ERR,ERR,ERR,ERR,ERR,ERR,ERR,ERR,ERR,2.7184278591402704e+23,0.0,-0.0,0.0,0.0,0.0,0.0,nan,0,0,0,32768,0,0.0,0,0.0,0.0,0.0,0.0,0.0,0,0,0,0,0.0,0,0,0,0,0,0,0,0,0,0,0,0,0,0,0,0,0,0,0,0,0,0,0,0,0,0,0,0,0,0,0,0,0,0,0,0,0,0,0,0,0,0,0,0,0.0,0.0,0.0,0.0,0.0,0.0,0.0,0.0,0.0,0.0,0.0,0.0,0.0,0.0,0.0,0.0,0.0,0.0,0.0,0.0,0.0,0.0,0.0,0.0,-2.004,2.004,0.0,0.0,0.0,0.0,3405.5,2.004,0.0,2.7184278591402704e+23,0.0,-0.0,0.0,0.0,0.0,0.0,0.0,0,4.0668755697950344e+29,-0.0,0.0,0.0,0.0,0.0,0.0,0.0,0.0,0,0,0,0.0,0.0,0.0,0.0,0.0,0.0,0.0,0.0,0.0,0.0,0.0,0.0,0.0,0.0,0.0,0.0,0,-107875648.0,0,0.0,0,-107875648.0,-107877712.0,0,39322,17039,13107,17054,0,17038,0,0,0,110,100,100,-0.0,64.0,0.0,64.5,0.0,69.0,1,49,50,180,13107,52429,0,0,0.0,0.0,0.0,0.0,-0.0,65.0,0.0,8.98299744999361e+36,0.0,646,0,689,0,0,0,718,0,790,0,710,0,690,0,645,0,643,0,615,0.032,55574528.0,-2.004,0.0,11664,16788,-0.0,8.98299744999361e+36,4.215440059767613e+19,1.5100820075372884e+32,1.0395309167593384e+37,0.129,29.0,60.0,70,0.0,0.0,0.0,0.0,0.0,0.0,0.0,0.0,0.0,0.0,0.0,0.0,0.0,0.0,0.0,0.0,59.2,69,11,65508,41,65476,0,300,0,0,8,20529,65476,0,0,61604,60.0,0.0,0.0,0.0,0.0,0.0
2026-04-04T11:15:13,ERR,ERR,ERR,ERR,ERR,ERR,ERR,ERR,ERR,ERR,ERR,ERR,ERR,ERR,ERR,ERR,ERR,ERR,ERR,ERR,ERR,ERR,ERR,ERR,ERR,ERR,ERR,ERR,ERR,ERR,ERR,ERR,ERR,ERR,ERR,ERR,ERR,ERR,ERR,ERR,ERR,ERR,ERR,ERR,ERR,ERR,ERR,ERR,ERR,ERR,ERR,ERR,ERR,ERR,ERR,ERR,ERR,ERR,ERR,ERR,ERR,ERR,ERR,ERR,ERR,ERR,ERR,ERR,ERR,ERR,ERR,ERR,ERR,ERR,ERR,ERR,ERR,ERR,ERR,ERR,ERR,ERR,ERR,ERR,ERR,ERR,ERR,ERR,ERR,ERR,ERR,ERR,ERR,ERR,ERR,ERR,ERR,ERR,ERR,ERR,ERR,ERR,ERR,ERR,ERR,ERR,ERR,ERR,ERR,ERR,ERR,ERR,ERR,ERR,ERR,ERR,ERR,ERR,ERR,ERR,ERR,ERR,ERR,ERR,ERR,2.7184278591402704e+23,0.0,-0.0,0.0,0.0,0.0,0.0,nan,0,0,0,32768,0,0.0,0,0.0,0.0,0.0,0.0,0.0,0,0,0,0,0.0,0,0,0,0,0,0,0,0,0,0,0,0,0,0,0,0,0,0,0,0,0,0,0,0,0,0,0,0,0,0,0,0,0,0,0,0,0,0,0,0,0,0,0,0,0.0,0.0,0.0,0.0,0.0,0.0,0.0,0.0,0.0,0.0,0.0,0.0,0.0,0.0,0.0,0.0,0.0,0.0,0.0,0.0,0.0,0.0,0.0,0.0,-2.004,2.004,0.0,0.0,0.0,0.0,3405.5,2.004,0.0,2.7184278591402704e+23,0.0,-0.0,0.0,0.0,0.0,0.0,0.0,0,4.0668755697950344e+29,-0.0,0.0,0.0,0.0,0.0,0.0,0.0,0.0,0,0,0,0.0,0.0,0.0,0.0,0.0,0.0,0.0,0.0,0.0,0.0,0.0,0.0,0.0,0.0,0.0,0.0,0,-107875648.0,0,0.0,0,-107875648.0,-107877712.0,0,39322,17039,13107,17054,0,17038,0,0,0,110,100,100,-0.0,64.0,0.0,64.5,0.0,69.0,1,49,50,180,13107,52429,0,0,0.0,0.0,0.0,0.0,-0.0,65.0,0.0,8.98299744999361e+36,0.0,646,0,689,0,0,0,718,0,790,0,710,0,690,0,645,0,643,0,615,0.032,55574528.0,-2.004,0.0,11664,16788,-0.0,8.98299744999361e+36,4.215440059767613e+19,1.5100820075372884e+32,1.0395309167593384e+37,0.129,29.0,60.0,70,0.0,0.0,0.0,0.0,0.0,0.0,0.0,0.0,0.0,0.0,0.0,0.0,0.0,0.0,0.0,0.0,59.2,69,11,65508,41,65476,0,300,0,0,8,20529,65476,0,0,61604,60.0,0.0,0.0,0.0,0.0,0.0
2026-04-04T11:15:14,ERR,ERR,ERR,ERR,ERR,ERR,ERR,ERR,ERR,ERR,ERR,ERR,ERR,ERR,ERR,ERR,ERR,ERR,ERR,ERR,ERR,ERR,ERR,ERR,ERR,ERR,ERR,ERR,ERR,ERR,ERR,ERR,ERR,ERR,ERR,ERR,ERR,ERR,ERR,ERR,ERR,ERR,ERR,ERR,ERR,ERR,ERR,ERR,ERR,ERR,ERR,ERR,ERR,ERR,ERR,ERR,ERR,ERR,ERR,ERR,ERR,ERR,ERR,ERR,ERR,ERR,ERR,ERR,ERR,ERR,ERR,ERR,ERR,ERR,ERR,ERR,ERR,ERR,ERR,ERR,ERR,ERR,ERR,ERR,ERR,ERR,ERR,ERR,ERR,ERR,ERR,ERR,ERR,ERR,ERR,ERR,ERR,ERR,ERR,ERR,ERR,ERR,ERR,ERR,ERR,ERR,ERR,ERR,ERR,ERR,ERR,ERR,ERR,ERR,ERR,ERR,ERR,ERR,ERR,ERR,ERR,ERR,ERR,ERR,ERR,2.7184278591402704e+23,0.0,-0.0,0.0,0.0,0.0,0.0,nan,0,0,0,32768,0,0.0,0,0.0,0.0,0.0,0.0,0.0,0,0,0,0,0.0,0,0,0,0,0,0,0,0,0,0,0,0,0,0,0,0,0,0,0,0,0,0,0,0,0,0,0,0,0,0,0,0,0,0,0,0,0,0,0,0,0,0,0,0,0.0,0.0,0.0,0.0,0.0,0.0,0.0,0.0,0.0,0.0,0.0,0.0,0.0,0.0,0.0,0.0,0.0,0.0,0.0,0.0,0.0,0.0,0.0,0.0,-2.004,2.004,0.0,0.0,0.0,0.0,3405.5,2.004,0.0,2.7184278591402704e+23,0.0,-0.0,0.0,0.0,0.0,0.0,0.0,0,4.0668755697950344e+29,-0.0,0.0,0.0,0.0,0.0,0.0,0.0,0.0,0,0,0,0.0,0.0,0.0,0.0,0.0,0.0,0.0,0.0,0.0,0.0,0.0,0.0,0.0,0.0,0.0,0.0,0,-107875648.0,0,0.0,0,-107875648.0,-107877712.0,0,39322,17039,13107,17054,0,17038,0,0,0,110,100,100,-0.0,64.0,0.0,64.5,0.0,69.0,1,49,50,180,13107,52429,0,0,0.0,0.0,0.0,0.0,-0.0,65.0,0.0,8.98299744999361e+36,0.0,646,0,689,0,0,0,718,0,790,0,710,0,690,0,645,0,643,0,615,0.032,55574528.0,-2.004,0.0,11664,16788,-0.0,8.98299744999361e+36,4.215440059767613e+19,1.5100820075372884e+32,1.0395309167593384e+37,0.129,29.0,60.0,70,0.0,0.0,0.0,0.0,0.0,0.0,0.0,0.0,0.0,0.0,0.0,0.0,0.0,0.0,0.0,0.0,59.2,69,11,65508,41,65476,0,300,0,0,8,20529,65476,0,0,61604,60.0,0.0,0.0,0.0,0.0,0.0
2026-04-04T11:15:15,ERR,ERR,ERR,ERR,ERR,ERR,ERR,ERR,ERR,ERR,ERR,ERR,ERR,ERR,ERR,ERR,ERR,ERR,ERR,ERR,ERR,ERR,ERR,ERR,ERR,ERR,ERR,ERR,ERR,ERR,ERR,ERR,ERR,ERR,ERR,ERR,ERR,ERR,ERR,ERR,ERR,ERR,ERR,ERR,ERR,ERR,ERR,ERR,ERR,ERR,ERR,ERR,ERR,ERR,ERR,ERR,ERR,ERR,ERR,ERR,ERR,ERR,ERR,ERR,ERR,ERR,ERR,ERR,ERR,ERR,ERR,ERR,ERR,ERR,ERR,ERR,ERR,ERR,ERR,ERR,ERR,ERR,ERR,ERR,ERR,ERR,ERR,ERR,ERR,ERR,ERR,ERR,ERR,ERR,ERR,ERR,ERR,ERR,ERR,ERR,ERR,ERR,ERR,ERR,ERR,ERR,ERR,ERR,ERR,ERR,ERR,ERR,ERR,ERR,ERR,ERR,ERR,ERR,ERR,ERR,ERR,ERR,ERR,ERR,ERR,2.7184278591402704e+23,0.0,-0.0,0.0,0.0,0.0,0.0,nan,0,0,0,32768,0,0.0,0,0.0,0.0,0.0,0.0,0.0,0,0,0,0,0.0,0,0,0,0,0,0,0,0,0,0,0,0,0,0,0,0,0,0,0,0,0,0,0,0,0,0,0,0,0,0,0,0,0,0,0,0,0,0,0,0,0,0,0,0,0.0,0.0,0.0,0.0,0.0,0.0,0.0,0.0,0.0,0.0,0.0,0.0,0.0,0.0,0.0,0.0,0.0,0.0,0.0,0.0,0.0,0.0,0.0,0.0,-2.004,2.004,0.0,0.0,0.0,0.0,3405.5,2.004,0.0,2.7184278591402704e+23,0.0,-0.0,0.0,0.0,0.0,0.0,0.0,0,4.0668755697950344e+29,-0.0,0.0,0.0,0.0,0.0,0.0,0.0,0.0,0,0,0,0.0,0.0,0.0,0.0,0.0,0.0,0.0,0.0,0.0,0.0,0.0,0.0,0.0,0.0,0.0,0.0,0,-107875648.0,0,0.0,0,-107875648.0,-107877712.0,0,39322,17039,13107,17054,0,17038,0,0,0,110,100,100,-0.0,64.0,0.0,64.5,0.0,69.0,1,49,50,180,0,52429,0,0,0.0,0.0,0.0,0.0,-0.0,65.0,0.0,-0.0,0.0,645,0,689,0,0,0,718,0,791,0,710,0,690,0,645,0,642,0,615,0.032,56098816.0,-2.004,0.0,4880,16788,-0.0,-0.0,-0.0,-9.246394573389824e+16,-0.0,1.2984061051757588e+27,29.0,60.0,70,0.0,0.0,0.0,0.0,0.0,0.0,0.0,0.0,0.0,0.0,0.0,0.0,0.0,0.0,0.0,0.0,59.2,69,11,65508,41,65476,0,300,0,0,8,20529,65476,0,0,61604,60.0,0.0,0.0,0.0,0.0,0.0
2026-04-04T11:15:16,ERR,ERR,ERR,ERR,ERR,ERR,ERR,ERR,ERR,ERR,ERR,ERR,ERR,ERR,ERR,ERR,ERR,ERR,ERR,ERR,ERR,ERR,ERR,ERR,ERR,ERR,ERR,ERR,ERR,ERR,ERR,ERR,ERR,ERR,ERR,ERR,ERR,ERR,ERR,ERR,ERR,ERR,ERR,ERR,ERR,ERR,ERR,ERR,ERR,ERR,ERR,ERR,ERR,ERR,ERR,ERR,ERR,ERR,ERR,ERR,ERR,ERR,ERR,ERR,ERR,ERR,ERR,ERR,ERR,ERR,ERR,ERR,ERR,ERR,ERR,ERR,ERR,ERR,ERR,ERR,ERR,ERR,ERR,ERR,ERR,ERR,ERR,ERR,ERR,ERR,ERR,ERR,ERR,ERR,ERR,ERR,ERR,ERR,ERR,ERR,ERR,ERR,ERR,ERR,ERR,ERR,ERR,ERR,ERR,ERR,ERR,ERR,ERR,ERR,ERR,ERR,ERR,ERR,ERR,ERR,ERR,ERR,ERR,ERR,ERR,2.7184278591402704e+23,0.0,-0.0,0.0,0.0,0.0,0.0,nan,0,0,0,32768,0,0.0,0,0.0,0.0,0.0,0.0,0.0,0,0,0,0,0.0,0,0,0,0,0,0,0,0,0,0,0,0,0,0,0,0,0,0,0,0,0,0,0,0,0,0,0,0,0,0,0,0,0,0,0,0,0,0,0,0,0,0,0,0,0.0,0.0,0.0,0.0,0.0,0.0,0.0,0.0,0.0,0.0,0.0,0.0,0.0,0.0,0.0,0.0,0.0,0.0,0.0,0.0,0.0,0.0,0.0,0.0,-2.004,2.004,0.0,0.0,0.0,0.0,3405.5,2.004,0.0,2.7184278591402704e+23,0.0,-0.0,0.0,0.0,0.0,0.0,0.0,0,4.0668755697950344e+29,-0.0,0.0,0.0,0.0,0.0,0.0,0.0,0.0,0,0,0,0.0,0.0,0.0,0.0,0.0,0.0,0.0,0.0,0.0,0.0,0.0,0.0,0.0,0.0,0.0,0.0,0,-107875648.0,0,0.0,0,-107875648.0,-107877712.0,0,39322,17039,13107,17054,0,17038,0,0,0,110,100,100,-0.0,64.0,0.0,64.5,0.0,69.0,1,49,50,180,0,52429,0,0,0.0,0.0,0.0,0.0,-0.0,65.0,0.0,-0.0,0.0,645,0,689,0,0,0,718,0,791,0,710,0,690,0,645,0,642,0,615,0.032,56098816.0,-2.004,0.0,4880,16788,-0.0,-0.0,-0.0,-9.246394573389824e+16,-0.0,1.2984061051757588e+27,29.0,60.0,70,0.0,0.0,0.0,0.0,0.0,0.0,0.0,0.0,0.0,0.0,0.0,0.0,0.0,0.0,0.0,0.0,59.2,69,11,65508,41,65476,0,300,0,0,8,20529,65476,0,0,61604,60.0,0.0,0.0,0.0,0.0,0.0
2026-04-04T11:15:17,ERR,ERR,ERR,ERR,ERR,ERR,ERR,ERR,ERR,ERR,ERR,ERR,ERR,ERR,ERR,ERR,ERR,ERR,ERR,ERR,ERR,ERR,ERR,ERR,ERR,ERR,ERR,ERR,ERR,ERR,ERR,ERR,ERR,ERR,ERR,ERR,ERR,ERR,ERR,ERR,ERR,ERR,ERR,ERR,ERR,ERR,ERR,ERR,ERR,ERR,ERR,ERR,ERR,ERR,ERR,ERR,ERR,ERR,ERR,ERR,ERR,ERR,ERR,ERR,ERR,ERR,ERR,ERR,ERR,ERR,ERR,ERR,ERR,ERR,ERR,ERR,ERR,ERR,ERR,ERR,ERR,ERR,ERR,ERR,ERR,ERR,ERR,ERR,ERR,ERR,ERR,ERR,ERR,ERR,ERR,ERR,ERR,ERR,ERR,ERR,ERR,ERR,ERR,ERR,ERR,ERR,ERR,ERR,ERR,ERR,ERR,ERR,ERR,ERR,ERR,ERR,ERR,ERR,ERR,ERR,ERR,ERR,ERR,ERR,ERR,2.7184278591402704e+23,0.0,-0.0,0.0,0.0,0.0,0.0,nan,0,0,0,32768,0,0.0,0,0.0,0.0,0.0,0.0,0.0,0,0,0,0,0.0,0,0,0,0,0,0,0,0,0,0,0,0,0,0,0,0,0,0,0,0,0,0,0,0,0,0,0,0,0,0,0,0,0,0,0,0,0,0,0,0,0,0,0,0,0.0,0.0,0.0,0.0,0.0,0.0,0.0,0.0,0.0,0.0,0.0,0.0,0.0,0.0,0.0,0.0,0.0,0.0,0.0,0.0,0.0,0.0,0.0,0.0,-2.004,2.004,0.0,0.0,0.0,0.0,3405.5,2.004,0.0,2.7184278591402704e+23,0.0,-0.0,0.0,0.0,0.0,0.0,0.0,0,4.0668755697950344e+29,-0.0,0.0,0.0,0.0,0.0,0.0,0.0,0.0,0,0,0,0.0,0.0,0.0,0.0,0.0,0.0,0.0,0.0,0.0,0.0,0.0,0.0,0.0,0.0,0.0,0.0,0,-107875648.0,0,0.0,0,-107875648.0,-107877712.0,0,39322,17039,13107,17054,0,17038,0,0,0,110,100,100,-0.0,64.0,0.0,64.5,0.0,69.0,1,49,50,180,0,52429,0,0,0.0,0.0,0.0,0.0,-0.0,65.0,0.0,-0.0,0.0,645,0,689,0,0,0,718,0,791,0,710,0,690,0,645,0,642,0,615,0.032,56098816.0,-2.004,0.0,4880,16788,-0.0,-0.0,-0.0,-9.246394573389824e+16,-0.0,1.2984061051757588e+27,29.0,60.0,70,0.0,0.0,0.0,0.0,0.0,0.0,0.0,0.0,0.0,0.0,0.0,0.0,0.0,0.0,0.0,0.0,59.2,69,11,65508,41,65476,0,300,0,0,8,20529,65476,0,0,61604,60.0,0.0,0.0,0.0,0.0,0.0
2026-04-04T11:15:18,ERR,ERR,ERR,ERR,ERR,ERR,ERR,ERR,ERR,ERR,ERR,ERR,ERR,ERR,ERR,ERR,ERR,ERR,ERR,ERR,ERR,ERR,ERR,ERR,ERR,ERR,ERR,ERR,ERR,ERR,ERR,ERR,ERR,ERR,ERR,ERR,ERR,ERR,ERR,ERR,ERR,ERR,ERR,ERR,ERR,ERR,ERR,ERR,ERR,ERR,ERR,ERR,ERR,ERR,ERR,ERR,ERR,ERR,ERR,ERR,ERR,ERR,ERR,ERR,ERR,ERR,ERR,ERR,ERR,ERR,ERR,ERR,ERR,ERR,ERR,ERR,ERR,ERR,ERR,ERR,ERR,ERR,ERR,ERR,ERR,ERR,ERR,ERR,ERR,ERR,ERR,ERR,ERR,ERR,ERR,ERR,ERR,ERR,ERR,ERR,ERR,ERR,ERR,ERR,ERR,ERR,ERR,ERR,ERR,ERR,ERR,ERR,ERR,ERR,ERR,ERR,ERR,ERR,ERR,ERR,ERR,ERR,ERR,ERR,ERR,2.7184278591402704e+23,0.0,-0.0,0.0,0.0,0.0,0.0,nan,0,0,0,32768,0,0.0,0,0.0,0.0,0.0,0.0,0.0,0,0,0,0,0.0,0,0,0,0,0,0,0,0,0,0,0,0,0,0,0,0,0,0,0,0,0,0,0,0,0,0,0,0,0,0,0,0,0,0,0,0,0,0,0,0,0,0,0,0,0.0,0.0,0.0,0.0,0.0,0.0,0.0,0.0,0.0,0.0,0.0,0.0,0.0,0.0,0.0,0.0,0.0,0.0,0.0,0.0,0.0,0.0,0.0,0.0,-2.004,2.004,0.0,0.0,0.0,0.0,3405.5,2.004,0.0,2.7184278591402704e+23,0.0,-0.0,0.0,0.0,0.0,0.0,0.0,0,4.0668755697950344e+29,-0.0,0.0,0.0,0.0,0.0,0.0,0.0,0.0,0,0,0,0.0,0.0,0.0,0.0,0.0,0.0,0.0,0.0,0.0,0.0,0.0,0.0,0.0,0.0,0.0,0.0,0,-107875648.0,0,0.0,0,-107875648.0,-107877712.0,0,39322,17039,13107,17054,0,17038,0,0,0,110,100,100,-0.0,64.0,0.0,64.5,0.0,69.0,1,49,50,180,0,52429,0,0,0.0,0.0,0.0,0.0,-0.0,65.0,0.0,-0.0,0.0,645,0,689,0,0,0,718,0,791,0,710,0,690,0,645,0,642,0,615,0.032,56098816.0,-2.004,0.0,4880,16788,-0.0,-0.0,-0.0,-9.246394573389824e+16,-0.0,1.2984061051757588e+27,29.0,60.0,70,0.0,0.0,0.0,0.0,0.0,0.0,0.0,0.0,0.0,0.0,0.0,0.0,0.0,0.0,0.0,0.0,59.2,69,11,65508,41,65476,0,300,0,0,8,20529,65476,0,0,61604,60.0,0.0,0.0,0.0,0.0,0.0
2026-04-04T11:15:19,ERR,ERR,ERR,ERR,ERR,ERR,ERR,ERR,ERR,ERR,ERR,ERR,ERR,ERR,ERR,ERR,ERR,ERR,ERR,ERR,ERR,ERR,ERR,ERR,ERR,ERR,ERR,ERR,ERR,ERR,ERR,ERR,ERR,ERR,ERR,ERR,ERR,ERR,ERR,ERR,ERR,ERR,ERR,ERR,ERR,ERR,ERR,ERR,ERR,ERR,ERR,ERR,ERR,ERR,ERR,ERR,ERR,ERR,ERR,ERR,ERR,ERR,ERR,ERR,ERR,ERR,ERR,ERR,ERR,ERR,ERR,ERR,ERR,ERR,ERR,ERR,ERR,ERR,ERR,ERR,ERR,ERR,ERR,ERR,ERR,ERR,ERR,ERR,ERR,ERR,ERR,ERR,ERR,ERR,ERR,ERR,ERR,ERR,ERR,ERR,ERR,ERR,ERR,ERR,ERR,ERR,ERR,ERR,ERR,ERR,ERR,ERR,ERR,ERR,ERR,ERR,ERR,ERR,ERR,ERR,ERR,ERR,ERR,ERR,ERR,2.7184278591402704e+23,0.0,-0.0,0.0,0.0,0.0,0.0,nan,0,0,0,32768,0,0.0,0,0.0,0.0,0.0,0.0,0.0,0,0,0,0,0.0,0,0,0,0,0,0,0,0,0,0,0,0,0,0,0,0,0,0,0,0,0,0,0,0,0,0,0,0,0,0,0,0,0,0,0,0,0,0,0,0,0,0,0,0,0.0,0.0,0.0,0.0,0.0,0.0,0.0,0.0,0.0,0.0,0.0,0.0,0.0,0.0,0.0,0.0,0.0,0.0,0.0,0.0,0.0,0.0,0.0,0.0,-2.004,2.004,0.0,0.0,0.0,0.0,3405.5,2.004,0.0,2.7184278591402704e+23,0.0,-0.0,0.0,0.0,0.0,0.0,0.0,0,4.0668755697950344e+29,-0.0,0.0,0.0,0.0,0.0,0.0,0.0,0.0,0,0,0,0.0,0.0,0.0,0.0,0.0,0.0,0.0,0.0,0.0,0.0,0.0,0.0,0.0,0.0,0.0,0.0,0,-107875648.0,0,0.0,0,-107875648.0,-107877712.0,0,39322,17039,13107,17054,0,17038,0,0,0,110,100,100,-0.0,64.0,0.0,64.5,0.0,69.0,1,49,50,180,0,52429,0,0,0.0,0.0,0.0,0.0,-0.0,65.0,0.0,-0.0,0.0,645,0,689,0,0,0,718,0,791,0,710,0,690,0,645,0,642,0,615,0.032,56098816.0,-2.004,0.0,4880,16788,-0.0,-0.0,-0.0,-9.246394573389824e+16,-0.0,1.2984061051757588e+27,29.0,60.0,70,0.0,0.0,0.0,0.0,0.0,0.0,0.0,0.0,0.0,0.0,0.0,0.0,0.0,0.0,0.0,0.0,59.2,69,11,65508,41,65476,0,300,0,0,8,20529,65476,0,0,61604,60.0,0.0,0.0,0.0,0.0,0.0
2026-04-04T11:15:20,ERR,ERR,ERR,ERR,ERR,ERR,ERR,ERR,ERR,ERR,ERR,ERR,ERR,ERR,ERR,ERR,ERR,ERR,ERR,ERR,ERR,ERR,ERR,ERR,ERR,ERR,ERR,ERR,ERR,ERR,ERR,ERR,ERR,ERR,ERR,ERR,ERR,ERR,ERR,ERR,ERR,ERR,ERR,ERR,ERR,ERR,ERR,ERR,ERR,ERR,ERR,ERR,ERR,ERR,ERR,ERR,ERR,ERR,ERR,ERR,ERR,ERR,ERR,ERR,ERR,ERR,ERR,ERR,ERR,ERR,ERR,ERR,ERR,ERR,ERR,ERR,ERR,ERR,ERR,ERR,ERR,ERR,ERR,ERR,ERR,ERR,ERR,ERR,ERR,ERR,ERR,ERR,ERR,ERR,ERR,ERR,ERR,ERR,ERR,ERR,ERR,ERR,ERR,ERR,ERR,ERR,ERR,ERR,ERR,ERR,ERR,ERR,ERR,ERR,ERR,ERR,ERR,ERR,ERR,ERR,ERR,ERR,ERR,ERR,ERR,2.7184278591402704e+23,0.0,-0.0,0.0,0.0,0.0,0.0,nan,0,0,0,32768,0,0.0,0,0.0,0.0,0.0,0.0,0.0,0,0,0,0,0.0,0,0,0,0,0,0,0,0,0,0,0,0,0,0,0,0,0,0,0,0,0,0,0,0,0,0,0,0,0,0,0,0,0,0,0,0,0,0,0,0,0,0,0,0,0.0,0.0,0.0,0.0,0.0,0.0,0.0,0.0,0.0,0.0,0.0,0.0,0.0,0.0,0.0,0.0,0.0,0.0,0.0,0.0,0.0,0.0,0.0,0.0,-2.004,2.004,0.0,0.0,0.0,0.0,3392.0,1.5879157526988056e+29,0.0,2.7184278591402704e+23,0.0,-0.0,0.0,0.0,0.0,0.0,0.0,0,-0.0,-4.9503763722913574e+32,0.0,0.0,0.0,0.0,0.0,0.0,0.0,0,0,0,0.0,0.0,0.0,0.0,0.0,0.0,0.0,0.0,0.0,0.0,0.0,0.0,0.0,0.0,0.0,0.0,0,-107875648.0,0,0.0,0,-107875648.0,-107877712.0,0,39322,17039,13107,17054,0,17038,0,0,0,110,100,100,-0.0,64.0,0.0,64.5,0.0,69.0,1,49,50,180,0,52429,0,0,0.0,0.0,0.0,0.0,-0.0,65.0,0.0,-0.0,0.0,645,0,689,0,0,0,718,0,791,0,710,0,690,0,645,0,642,0,615,0.032,56098816.0,-2.004,0.0,4880,16788,-0.0,-0.0,-0.0,-9.246394573389824e+16,-0.0,1.2984061051757588e+27,29.0,60.0,70,0.0,0.0,0.0,0.0,0.0,0.0,0.0,0.0,0.0,0.0,0.0,0.0,0.0,0.0,0.0,0.0,59.6,69,11,65508,41,65476,0,300,0,0,8,20529,65476,0,0,61604,60.0,0.0,0.0,0.0,0.0,0.0
2026-04-04T11:15:21,ERR,ERR,ERR,ERR,ERR,ERR,ERR,ERR,ERR,ERR,ERR,ERR,ERR,ERR,ERR,ERR,ERR,ERR,ERR,ERR,ERR,ERR,ERR,ERR,ERR,ERR,ERR,ERR,ERR,ERR,ERR,ERR,ERR,ERR,ERR,ERR,ERR,ERR,ERR,ERR,ERR,ERR,ERR,ERR,ERR,ERR,ERR,ERR,ERR,ERR,ERR,ERR,ERR,ERR,ERR,ERR,ERR,ERR,ERR,ERR,ERR,ERR,ERR,ERR,ERR,ERR,ERR,ERR,ERR,ERR,ERR,ERR,ERR,ERR,ERR,ERR,ERR,ERR,ERR,ERR,ERR,ERR,ERR,ERR,ERR,ERR,ERR,ERR,ERR,ERR,ERR,ERR,ERR,ERR,ERR,ERR,ERR,ERR,ERR,ERR,ERR,ERR,ERR,ERR,ERR,ERR,ERR,ERR,ERR,ERR,ERR,ERR,ERR,ERR,ERR,ERR,ERR,ERR,ERR,ERR,ERR,ERR,ERR,ERR,ERR,2.7184278591402704e+23,0.0,-0.0,0.0,0.0,0.0,0.0,nan,0,0,0,32768,0,0.0,0,0.0,0.0,0.0,0.0,0.0,0,0,0,0,0.0,0,0,0,0,0,0,0,0,0,0,0,0,0,0,0,0,0,0,0,0,0,0,0,0,0,0,0,0,0,0,0,0,0,0,0,0,0,0,0,0,0,0,0,0,0.0,0.0,0.0,0.0,0.0,0.0,0.0,0.0,0.0,0.0,0.0,0.0,0.0,0.0,0.0,0.0,0.0,0.0,0.0,0.0,0.0,0.0,0.0,0.0,-2.004,2.004,0.0,0.0,0.0,0.0,3392.0,1.5879157526988056e+29,0.0,2.7184278591402704e+23,0.0,-0.0,0.0,0.0,0.0,0.0,0.0,0,-0.0,-4.9503763722913574e+32,0.0,0.0,0.0,0.0,0.0,0.0,0.0,0,0,0,0.0,0.0,0.0,0.0,0.0,0.0,0.0,0.0,0.0,0.0,0.0,0.0,0.0,0.0,0.0,0.0,0,-107875648.0,0,0.0,0,-107875648.0,-107877712.0,0,39322,17039,13107,17054,0,17038,0,0,0,110,100,100,2.7302334150594743e+23,64.0,0.0,64.5,0.0,69.0,1,49,50,180,0,52429,0,0,0.0,0.0,0.0,0.0,-0.0,65.0,0.0,-2.2697794444056067e+23,0.0,645,0,689,0,0,0,718,0,791,0,710,0,690,0,645,0,642,0,615,0.032,55836672.0,-2.004,0.0,60944,16787,-0.0,-2.2697794444056067e+23,-54560165888.0,4.2440740930384736e+33,-2516.127,-0.0,29.0,60.0,70,0.0,0.0,0.0,0.0,0.0,0.0,0.0,0.0,0.0,0.0,0.0,0.0,0.0,0.0,0.0,0.0,59.6,69,11,65508,41,65476,0,300,0,0,8,20529,65476,0,0,61604,60.0,0.0,0.0,0.0,0.0,0.0
2026-04-04T11:15:22,ERR,ERR,ERR,ERR,ERR,ERR,ERR,ERR,ERR,ERR,ERR,ERR,ERR,ERR,ERR,ERR,ERR,ERR,ERR,ERR,ERR,ERR,ERR,ERR,ERR,ERR,ERR,ERR,ERR,ERR,ERR,ERR,ERR,ERR,ERR,ERR,ERR,ERR,ERR,ERR,ERR,ERR,ERR,ERR,ERR,ERR,ERR,ERR,ERR,ERR,ERR,ERR,ERR,ERR,ERR,ERR,ERR,ERR,ERR,ERR,ERR,ERR,ERR,ERR,ERR,ERR,ERR,ERR,ERR,ERR,ERR,ERR,ERR,ERR,ERR,ERR,ERR,ERR,ERR,ERR,ERR,ERR,ERR,ERR,ERR,ERR,ERR,ERR,ERR,ERR,ERR,ERR,ERR,ERR,ERR,ERR,ERR,ERR,ERR,ERR,ERR,ERR,ERR,ERR,ERR,ERR,ERR,ERR,ERR,ERR,ERR,ERR,ERR,ERR,ERR,ERR,ERR,ERR,ERR,ERR,ERR,ERR,ERR,ERR,ERR,2.7184278591402704e+23,0.0,-0.0,0.0,0.0,0.0,0.0,nan,0,0,0,32768,0,0.0,0,0.0,0.0,0.0,0.0,0.0,0,0,0,0,0.0,0,0,0,0,0,0,0,0,0,0,0,0,0,0,0,0,0,0,0,0,0,0,0,0,0,0,0,0,0,0,0,0,0,0,0,0,0,0,0,0,0,0,0,0,0.0,0.0,0.0,0.0,0.0,0.0,0.0,0.0,0.0,0.0,0.0,0.0,0.0,0.0,0.0,0.0,0.0,0.0,0.0,0.0,0.0,0.0,0.0,0.0,-2.004,2.004,0.0,0.0,0.0,0.0,3392.0,1.5879157526988056e+29,0.0,2.7184278591402704e+23,0.0,-0.0,0.0,0.0,0.0,0.0,0.0,0,-0.0,-4.9503763722913574e+32,0.0,0.0,0.0,0.0,0.0,0.0,0.0,0,0,0,0.0,0.0,0.0,0.0,0.0,0.0,0.0,0.0,0.0,0.0,0.0,0.0,0.0,0.0,0.0,0.0,0,-107875648.0,0,0.0,0,-107875648.0,-107877712.0,0,39322,17039,13107,17054,0,17038,0,0,0,110,100,100,2.7302334150594743e+23,64.0,0.0,64.5,0.0,69.0,1,49,50,180,0,52429,0,0,0.0,0.0,0.0,0.0,-0.0,65.0,0.0,-2.2697794444056067e+23,0.0,645,0,689,0,0,0,718,0,791,0,710,0,690,0,645,0,642,0,615,0.032,55836672.0,-2.004,0.0,60944,16787,-0.0,-2.2697794444056067e+23,-54560165888.0,4.2440740930384736e+33,-2516.127,-0.0,29.0,60.0,70,0.0,0.0,0.0,0.0,0.0,0.0,0.0,0.0,0.0,0.0,0.0,0.0,0.0,0.0,0.0,0.0,59.6,69,11,65508,41,65476,0,300,0,0,8,20529,65476,0,0,61604,60.0,0.0,0.0,0.0,0.0,0.0
2026-04-04T11:15:23,ERR,ERR,ERR,ERR,ERR,ERR,ERR,ERR,ERR,ERR,ERR,ERR,ERR,ERR,ERR,ERR,ERR,ERR,ERR,ERR,ERR,ERR,ERR,ERR,ERR,ERR,ERR,ERR,ERR,ERR,ERR,ERR,ERR,ERR,ERR,ERR,ERR,ERR,ERR,ERR,ERR,ERR,ERR,ERR,ERR,ERR,ERR,ERR,ERR,ERR,ERR,ERR,ERR,ERR,ERR,ERR,ERR,ERR,ERR,ERR,ERR,ERR,ERR,ERR,ERR,ERR,ERR,ERR,ERR,ERR,ERR,ERR,ERR,ERR,ERR,ERR,ERR,ERR,ERR,ERR,ERR,ERR,ERR,ERR,ERR,ERR,ERR,ERR,ERR,ERR,ERR,ERR,ERR,ERR,ERR,ERR,ERR,ERR,ERR,ERR,ERR,ERR,ERR,ERR,ERR,ERR,ERR,ERR,ERR,ERR,ERR,ERR,ERR,ERR,ERR,ERR,ERR,ERR,ERR,ERR,ERR,ERR,ERR,ERR,ERR,2.7184278591402704e+23,0.0,-0.0,0.0,0.0,0.0,0.0,nan,0,0,0,32768,0,0.0,0,0.0,0.0,0.0,0.0,0.0,0,0,0,0,0.0,0,0,0,0,0,0,0,0,0,0,0,0,0,0,0,0,0,0,0,0,0,0,0,0,0,0,0,0,0,0,0,0,0,0,0,0,0,0,0,0,0,0,0,0,0.0,0.0,0.0,0.0,0.0,0.0,0.0,0.0,0.0,0.0,0.0,0.0,0.0,0.0,0.0,0.0,0.0,0.0,0.0,0.0,0.0,0.0,0.0,0.0,-2.004,2.004,0.0,0.0,0.0,0.0,3392.0,1.5879157526988056e+29,0.0,2.7184278591402704e+23,0.0,-0.0,0.0,0.0,0.0,0.0,0.0,0,-0.0,-4.9503763722913574e+32,0.0,0.0,0.0,0.0,0.0,0.0,0.0,0,0,0,0.0,0.0,0.0,0.0,0.0,0.0,0.0,0.0,0.0,0.0,0.0,0.0,0.0,0.0,0.0,0.0,0,-107875648.0,0,0.0,0,-107875648.0,-107877712.0,0,39322,17039,13107,17054,0,17038,0,0,0,110,100,100,2.7302334150594743e+23,64.0,0.0,64.5,0.0,69.0,1,49,50,180,0,52429,0,0,0.0,0.0,0.0,0.0,-0.0,65.0,0.0,-2.2697794444056067e+23,0.0,645,0,689,0,0,0,718,0,791,0,710,0,690,0,645,0,642,0,615,0.032,55836672.0,-2.004,0.0,60944,16787,-0.0,-2.2697794444056067e+23,-54560165888.0,4.2440740930384736e+33,-2516.127,-0.0,29.0,60.0,70,0.0,0.0,0.0,0.0,0.0,0.0,0.0,0.0,0.0,0.0,0.0,0.0,0.0,0.0,0.0,0.0,59.2,69,11,65508,41,65476,0,300,0,0,8,20529,65476,0,0,61604,60.0,0.0,0.0,0.0,0.0,0.0
2026-04-04T11:15:24,ERR,ERR,ERR,ERR,ERR,ERR,ERR,ERR,ERR,ERR,ERR,ERR,ERR,ERR,ERR,ERR,ERR,ERR,ERR,ERR,ERR,ERR,ERR,ERR,ERR,ERR,ERR,ERR,ERR,ERR,ERR,ERR,ERR,ERR,ERR,ERR,ERR,ERR,ERR,ERR,ERR,ERR,ERR,ERR,ERR,ERR,ERR,ERR,ERR,ERR,ERR,ERR,ERR,ERR,ERR,ERR,ERR,ERR,ERR,ERR,ERR,ERR,ERR,ERR,ERR,ERR,ERR,ERR,ERR,ERR,ERR,ERR,ERR,ERR,ERR,ERR,ERR,ERR,ERR,ERR,ERR,ERR,ERR,ERR,ERR,ERR,ERR,ERR,ERR,ERR,ERR,ERR,ERR,ERR,ERR,ERR,ERR,ERR,ERR,ERR,ERR,ERR,ERR,ERR,ERR,ERR,ERR,ERR,ERR,ERR,ERR,ERR,ERR,ERR,ERR,ERR,ERR,ERR,ERR,ERR,ERR,ERR,ERR,ERR,ERR,2.7184278591402704e+23,0.0,-0.0,0.0,0.0,0.0,0.0,nan,0,0,0,32768,0,0.0,0,0.0,0.0,0.0,0.0,0.0,0,0,0,0,0.0,0,0,0,0,0,0,0,0,0,0,0,0,0,0,0,0,0,0,0,0,0,0,0,0,0,0,0,0,0,0,0,0,0,0,0,0,0,0,0,0,0,0,0,0,0.0,0.0,0.0,0.0,0.0,0.0,0.0,0.0,0.0,0.0,0.0,0.0,0.0,0.0,0.0,0.0,0.0,0.0,0.0,0.0,0.0,0.0,0.0,0.0,-2.004,2.004,0.0,0.0,0.0,0.0,3392.0,1.5879157526988056e+29,0.0,2.7184278591402704e+23,0.0,-0.0,0.0,0.0,0.0,0.0,0.0,0,-0.0,-4.9503763722913574e+32,0.0,0.0,0.0,0.0,0.0,0.0,0.0,0,0,0,0.0,0.0,0.0,0.0,0.0,0.0,0.0,0.0,0.0,0.0,0.0,0.0,0.0,0.0,0.0,0.0,0,-107875648.0,0,0.0,0,-107875648.0,-107877712.0,0,39322,17039,13107,17054,0,17038,0,0,0,110,100,100,2.7302334150594743e+23,64.0,0.0,64.5,0.0,69.0,1,49,50,180,0,52429,0,0,0.0,0.0,0.0,0.0,-0.0,65.0,0.0,-2.2697794444056067e+23,0.0,645,0,689,0,0,0,718,0,791,0,710,0,690,0,645,0,642,0,615,0.032,55836672.0,-2.004,0.0,60944,16787,-0.0,-2.2697794444056067e+23,-54560165888.0,4.2440740930384736e+33,-2516.127,-0.0,29.0,60.0,70,0.0,0.0,0.0,0.0,0.0,0.0,0.0,0.0,0.0,0.0,0.0,0.0,0.0,0.0,0.0,0.0,59.2,69,11,65508,41,65476,0,300,0,0,8,20529,65476,0,0,61604,60.0,0.0,0.0,0.0,0.0,0.0
2026-04-04T11:15:25,ERR,ERR,ERR,ERR,ERR,ERR,ERR,ERR,ERR,ERR,ERR,ERR,ERR,ERR,ERR,ERR,ERR,ERR,ERR,ERR,ERR,ERR,ERR,ERR,ERR,ERR,ERR,ERR,ERR,ERR,ERR,ERR,ERR,ERR,ERR,ERR,ERR,ERR,ERR,ERR,ERR,ERR,ERR,ERR,ERR,ERR,ERR,ERR,ERR,ERR,ERR,ERR,ERR,ERR,ERR,ERR,ERR,ERR,ERR,ERR,ERR,ERR,ERR,ERR,ERR,ERR,ERR,ERR,ERR,ERR,ERR,ERR,ERR,ERR,ERR,ERR,ERR,ERR,ERR,ERR,ERR,ERR,ERR,ERR,ERR,ERR,ERR,ERR,ERR,ERR,ERR,ERR,ERR,ERR,ERR,ERR,ERR,ERR,ERR,ERR,ERR,ERR,ERR,ERR,ERR,ERR,ERR,ERR,ERR,ERR,ERR,ERR,ERR,ERR,ERR,ERR,ERR,ERR,ERR,ERR,ERR,ERR,ERR,ERR,ERR,2.7184278591402704e+23,0.0,-0.0,0.0,0.0,0.0,0.0,nan,0,0,0,32768,0,0.0,0,0.0,0.0,0.0,0.0,0.0,0,0,0,0,0.0,0,0,0,0,0,0,0,0,0,0,0,0,0,0,0,0,0,0,0,0,0,0,0,0,0,0,0,0,0,0,0,0,0,0,0,0,0,0,0,0,0,0,0,0,0.0,0.0,0.0,0.0,0.0,0.0,0.0,0.0,0.0,0.0,0.0,0.0,0.0,0.0,0.0,0.0,0.0,0.0,0.0,0.0,0.0,0.0,0.0,0.0,-2.004,2.004,0.0,0.0,0.0,0.0,3392.0,1.5879157526988056e+29,0.0,2.7184278591402704e+23,0.0,-0.0,0.0,0.0,0.0,0.0,0.0,0,-0.0,-4.9503763722913574e+32,0.0,0.0,0.0,0.0,0.0,0.0,0.0,0,0,0,0.0,0.0,0.0,0.0,0.0,0.0,0.0,0.0,0.0,0.0,0.0,0.0,0.0,0.0,0.0,0.0,0,-107875648.0,0,0.0,0,-107875648.0,-107877712.0,0,39322,17039,13107,17054,0,17038,0,0,0,110,100,100,2.7302334150594743e+23,64.0,0.0,64.5,0.0,69.0,1,49,50,180,0,52429,0,0,0.0,0.0,0.0,0.0,-0.0,65.0,0.0,-2.2697794444056067e+23,0.0,645,0,689,0,0,0,718,0,791,0,710,0,690,0,645,0,642,0,615,0.032,55836672.0,-2.004,0.0,60944,16787,-0.0,-2.2697794444056067e+23,-54560165888.0,4.2440740930384736e+33,-2516.127,-0.0,29.0,60.0,70,0.0,0.0,0.0,0.0,0.0,0.0,0.0,0.0,0.0,0.0,0.0,0.0,0.0,0.0,0.0,0.0,59.6,69,11,65508,41,65476,0,300,0,0,8,20529,65476,0,0,61604,60.0,0.0,0.0,0.0,0.0,0.0
2026-04-04T11:15:26,ERR,ERR,ERR,ERR,ERR,ERR,ERR,ERR,ERR,ERR,ERR,ERR,ERR,ERR,ERR,ERR,ERR,ERR,ERR,ERR,ERR,ERR,ERR,ERR,ERR,ERR,ERR,ERR,ERR,ERR,ERR,ERR,ERR,ERR,ERR,ERR,ERR,ERR,ERR,ERR,ERR,ERR,ERR,ERR,ERR,ERR,ERR,ERR,ERR,ERR,ERR,ERR,ERR,ERR,ERR,ERR,ERR,ERR,ERR,ERR,ERR,ERR,ERR,ERR,ERR,ERR,ERR,ERR,ERR,ERR,ERR,ERR,ERR,ERR,ERR,ERR,ERR,ERR,ERR,ERR,ERR,ERR,ERR,ERR,ERR,ERR,ERR,ERR,ERR,ERR,ERR,ERR,ERR,ERR,ERR,ERR,ERR,ERR,ERR,ERR,ERR,ERR,ERR,ERR,ERR,ERR,ERR,ERR,ERR,ERR,ERR,ERR,ERR,ERR,ERR,ERR,ERR,ERR,ERR,ERR,ERR,ERR,ERR,ERR,ERR,2.7184278591402704e+23,0.0,-0.0,0.0,0.0,0.0,0.0,nan,0,0,0,32768,0,0.0,0,0.0,0.0,0.0,0.0,0.0,0,0,0,0,0.0,0,0,0,0,0,0,0,0,0,0,0,0,0,0,0,0,0,0,0,0,0,0,0,0,0,0,0,0,0,0,0,0,0,0,0,0,0,0,0,0,0,0,0,0,0.0,0.0,0.0,0.0,0.0,0.0,0.0,0.0,0.0,0.0,0.0,0.0,0.0,0.0,0.0,0.0,0.0,0.0,0.0,0.0,0.0,0.0,0.0,0.0,-2.004,2.004,0.0,0.0,0.0,0.0,3392.0,1.5879157526988056e+29,0.0,2.7184278591402704e+23,0.0,-0.0,0.0,0.0,0.0,0.0,0.0,0,-0.0,-4.9503763722913574e+32,0.0,0.0,0.0,0.0,0.0,0.0,0.0,0,0,0,0.0,0.0,0.0,0.0,0.0,0.0,0.0,0.0,0.0,0.0,0.0,0.0,0.0,0.0,0.0,0.0,0,-107875648.0,0,0.0,0,-107875648.0,-107877712.0,0,39322,17039,13107,17054,0,17038,0,0,0,110,100,100,2.7302334150594743e+23,64.0,0.0,64.5,0.0,69.0,1,49,50,180,0,52429,0,0,0.0,0.0,0.0,0.0,-0.0,65.0,0.0,-2.2697794444056067e+23,0.0,645,0,689,0,0,0,718,0,791,0,710,0,690,0,645,0,642,0,615,0.032,55836672.0,-2.004,0.0,60944,16787,-0.0,-2.2697794444056067e+23,-54560165888.0,4.2440740930384736e+33,-2516.127,-0.0,29.0,60.0,70,0.0,0.0,0.0,0.0,0.0,0.0,0.0,0.0,0.0,0.0,0.0,0.0,0.0,0.0,0.0,0.0,59.6,69,11,65508,41,65476,0,300,0,0,8,20529,65476,0,0,61604,60.0,0.0,0.0,0.0,0.0,0.0
2026-04-04T11:15:27,ERR,ERR,ERR,ERR,ERR,ERR,ERR,ERR,ERR,ERR,ERR,ERR,ERR,ERR,ERR,ERR,ERR,ERR,ERR,ERR,ERR,ERR,ERR,ERR,ERR,ERR,ERR,ERR,ERR,ERR,ERR,ERR,ERR,ERR,ERR,ERR,ERR,ERR,ERR,ERR,ERR,ERR,ERR,ERR,ERR,ERR,ERR,ERR,ERR,ERR,ERR,ERR,ERR,ERR,ERR,ERR,ERR,ERR,ERR,ERR,ERR,ERR,ERR,ERR,ERR,ERR,ERR,ERR,ERR,ERR,ERR,ERR,ERR,ERR,ERR,ERR,ERR,ERR,ERR,ERR,ERR,ERR,ERR,ERR,ERR,ERR,ERR,ERR,ERR,ERR,ERR,ERR,ERR,ERR,ERR,ERR,ERR,ERR,ERR,ERR,ERR,ERR,ERR,ERR,ERR,ERR,ERR,ERR,ERR,ERR,ERR,ERR,ERR,ERR,ERR,ERR,ERR,ERR,ERR,ERR,ERR,ERR,ERR,ERR,ERR,2.7184278591402704e+23,0.0,-0.0,0.0,0.0,0.0,0.0,nan,0,0,0,32768,0,0.0,0,0.0,0.0,0.0,0.0,0.0,0,0,0,0,0.0,0,0,0,0,0,0,0,0,0,0,0,0,0,0,0,0,0,0,0,0,0,0,0,0,0,0,0,0,0,0,0,0,0,0,0,0,0,0,0,0,0,0,0,0,0.0,0.0,0.0,0.0,0.0,0.0,0.0,0.0,0.0,0.0,0.0,0.0,0.0,0.0,0.0,0.0,0.0,0.0,0.0,0.0,0.0,0.0,0.0,0.0,-2.004,2.004,0.0,0.0,0.0,0.0,3392.0,1.5879157526988056e+29,0.0,2.7184278591402704e+23,0.0,-0.0,0.0,0.0,0.0,0.0,0.0,0,-0.0,-4.9503763722913574e+32,0.0,0.0,0.0,0.0,0.0,0.0,0.0,0,0,0,0.0,0.0,0.0,0.0,0.0,0.0,0.0,0.0,0.0,0.0,0.0,0.0,0.0,0.0,0.0,0.0,0,-107875648.0,0,0.0,0,-107875648.0,-107877712.0,0,39322,17039,13107,17054,0,17038,0,0,0,110,100,100,2.7302334150594743e+23,64.0,0.0,64.5,0.0,69.0,1,49,50,180,0,52429,0,0,0.0,0.0,0.0,0.0,-0.0,65.0,0.0,-0.0,0.0,645,0,689,0,0,0,718,0,791,0,710,0,690,0,645,0,642,0,615,0.032,55836672.0,-2.004,0.0,7056,16788,-0.0,-0.0,-0.0,-0.0,-0.0,7.147587497912954e+34,29.0,60.0,70,0.0,0.0,0.0,0.0,0.0,0.0,0.0,0.0,0.0,0.0,0.0,0.0,0.0,0.0,0.0,0.0,59.6,69,11,65508,41,65476,0,300,0,0,8,20529,65476,0,0,61604,60.0,0.0,0.0,0.0,0.0,0.0
2026-04-04T11:15:28,ERR,ERR,ERR,ERR,ERR,ERR,ERR,ERR,ERR,ERR,ERR,ERR,ERR,ERR,ERR,ERR,ERR,ERR,ERR,ERR,ERR,ERR,ERR,ERR,ERR,ERR,ERR,ERR,ERR,ERR,ERR,ERR,ERR,ERR,ERR,ERR,ERR,ERR,ERR,ERR,ERR,ERR,ERR,ERR,ERR,ERR,ERR,ERR,ERR,ERR,ERR,ERR,ERR,ERR,ERR,ERR,ERR,ERR,ERR,ERR,ERR,ERR,ERR,ERR,ERR,ERR,ERR,ERR,ERR,ERR,ERR,ERR,ERR,ERR,ERR,ERR,ERR,ERR,ERR,ERR,ERR,ERR,ERR,ERR,ERR,ERR,ERR,ERR,ERR,ERR,ERR,ERR,ERR,ERR,ERR,ERR,ERR,ERR,ERR,ERR,ERR,ERR,ERR,ERR,ERR,ERR,ERR,ERR,ERR,ERR,ERR,ERR,ERR,ERR,ERR,ERR,ERR,ERR,ERR,ERR,ERR,ERR,ERR,ERR,ERR,0.0,0.0,-101055584.0,0.0,0.0,0.0,0.0,nan,0,0,0,32768,0,0.0,0,0.0,0.0,0.0,0.0,0.0,0,0,0,0,0.0,0,0,0,0,0,0,0,0,0,0,0,0,0,0,0,0,0,0,0,0,0,0,0,0,0,0,0,0,0,0,0,0,0,0,0,0,0,0,0,0,0,0,0,0,0.0,0.0,0.0,0.0,0.0,0.0,0.0,0.0,0.0,0.0,0.0,0.0,0.0,0.0,0.0,0.0,0.0,0.0,0.0,0.0,0.0,0.0,0.0,0.0,-2.004,2.004,0.0,0.0,0.0,0.0,3404.5,1.5879157526988056e+29,0.0,2.7184278591402704e+23,0.0,-0.0,0.0,0.0,0.0,0.0,0.0,0,3.222024165466893e+26,-4.9503763722913574e+32,0.0,0.0,0.0,0.0,0.0,0.0,0.0,0,0,0,0.0,0.0,0.0,0.0,0.0,0.0,0.0,0.0,0.0,0.0,0.0,0.0,0.0,0.0,0.0,0.0,0,-107875648.0,0,0.0,0,-107875648.0,-107877712.0,0,39322,17039,13107,17054,0,17038,0,0,0,110,100,100,2.7302334150594743e+23,64.0,0.0,64.5,0.0,69.0,1,49,50,180,0,52429,0,0,0.0,0.0,0.0,0.0,-0.0,65.0,0.0,-0.0,0.0,645,0,689,0,0,0,718,0,791,0,710,0,690,0,645,0,642,0,615,0.032,55836672.0,-2.004,0.0,7056,16788,-0.0,-0.0,-0.0,-0.0,-0.0,7.147587497912954e+34,29.0,60.0,70,0.0,0.0,0.0,0.0,0.0,0.0,0.0,0.0,0.0,0.0,0.0,0.0,0.0,0.0,0.0,0.0,59.2,69,11,65508,41,65476,0,300,0,0,8,20529,65476,0,0,61604,60.0,0.0,0.0,0.0,0.0,0.0
2026-04-04T11:15:29,ERR,ERR,ERR,ERR,ERR,ERR,ERR,ERR,ERR,ERR,ERR,ERR,ERR,ERR,ERR,ERR,ERR,ERR,ERR,ERR,ERR,ERR,ERR,ERR,ERR,ERR,ERR,ERR,ERR,ERR,ERR,ERR,ERR,ERR,ERR,ERR,ERR,ERR,ERR,ERR,ERR,ERR,ERR,ERR,ERR,ERR,ERR,ERR,ERR,ERR,ERR,ERR,ERR,ERR,ERR,ERR,ERR,ERR,ERR,ERR,ERR,ERR,ERR,ERR,ERR,ERR,ERR,ERR,ERR,ERR,ERR,ERR,ERR,ERR,ERR,ERR,ERR,ERR,ERR,ERR,ERR,ERR,ERR,ERR,ERR,ERR,ERR,ERR,ERR,ERR,ERR,ERR,ERR,ERR,ERR,ERR,ERR,ERR,ERR,ERR,ERR,ERR,ERR,ERR,ERR,ERR,ERR,ERR,ERR,ERR,ERR,ERR,ERR,ERR,ERR,ERR,ERR,ERR,ERR,ERR,ERR,ERR,ERR,ERR,ERR,0.0,0.0,-101055584.0,0.0,0.0,0.0,0.0,nan,0,0,0,32768,0,0.0,0,0.0,0.0,0.0,0.0,0.0,0,0,0,0,0.0,0,0,0,0,0,0,0,0,0,0,0,0,0,0,0,0,0,0,0,0,0,0,0,0,0,0,0,0,0,0,0,0,0,0,0,0,0,0,0,0,0,0,0,0,0.0,0.0,0.0,0.0,0.0,0.0,0.0,0.0,0.0,0.0,0.0,0.0,0.0,0.0,0.0,0.0,0.0,0.0,0.0,0.0,0.0,0.0,0.0,0.0,-2.004,2.004,0.0,0.0,0.0,0.0,3404.5,1.5879157526988056e+29,0.0,2.7184278591402704e+23,0.0,-0.0,0.0,0.0,0.0,0.0,0.0,0,3.222024165466893e+26,-4.9503763722913574e+32,0.0,0.0,0.0,0.0,0.0,0.0,0.0,0,0,0,0.0,0.0,0.0,0.0,0.0,0.0,0.0,0.0,0.0,0.0,0.0,0.0,0.0,0.0,0.0,0.0,0,-107875648.0,0,0.0,0,-107875648.0,-107877712.0,0,39322,17039,13107,17054,0,17038,0,0,0,110,100,100,2.7302334150594743e+23,64.0,0.0,64.5,0.0,69.0,1,49,50,180,0,52429,0,0,0.0,0.0,0.0,0.0,-0.0,65.0,0.0,-0.0,0.0,645,0,689,0,0,0,718,0,791,0,710,0,690,0,645,0,642,0,615,0.032,55836672.0,-2.004,0.0,7056,16788,-0.0,-0.0,-0.0,-0.0,-0.0,7.147587497912954e+34,29.0,60.0,70,0.0,0.0,0.0,0.0,0.0,0.0,0.0,0.0,0.0,0.0,0.0,0.0,0.0,0.0,0.0,0.0,59.2,69,11,65508,41,65476,0,300,0,0,8,20529,65476,0,0,61604,60.0,0.0,0.0,0.0,0.0,0.0
2026-04-04T11:15:30,ERR,ERR,ERR,ERR,ERR,ERR,ERR,ERR,ERR,ERR,ERR,ERR,ERR,ERR,ERR,ERR,ERR,ERR,ERR,ERR,ERR,ERR,ERR,ERR,ERR,ERR,ERR,ERR,ERR,ERR,ERR,ERR,ERR,ERR,ERR,ERR,ERR,ERR,ERR,ERR,ERR,ERR,ERR,ERR,ERR,ERR,ERR,ERR,ERR,ERR,ERR,ERR,ERR,ERR,ERR,ERR,ERR,ERR,ERR,ERR,ERR,ERR,ERR,ERR,ERR,ERR,ERR,ERR,ERR,ERR,ERR,ERR,ERR,ERR,ERR,ERR,ERR,ERR,ERR,ERR,ERR,ERR,ERR,ERR,ERR,ERR,ERR,ERR,ERR,ERR,ERR,ERR,ERR,ERR,ERR,ERR,ERR,ERR,ERR,ERR,ERR,ERR,ERR,ERR,ERR,ERR,ERR,ERR,ERR,ERR,ERR,ERR,ERR,ERR,ERR,ERR,ERR,ERR,ERR,ERR,ERR,ERR,ERR,ERR,ERR,0.0,0.0,-101055584.0,0.0,0.0,0.0,0.0,nan,0,0,0,32768,0,0.0,0,0.0,0.0,0.0,0.0,0.0,0,0,0,0,0.0,0,0,0,0,0,0,0,0,0,0,0,0,0,0,0,0,0,0,0,0,0,0,0,0,0,0,0,0,0,0,0,0,0,0,0,0,0,0,0,0,0,0,0,0,0.0,0.0,0.0,0.0,0.0,0.0,0.0,0.0,0.0,0.0,0.0,0.0,0.0,0.0,0.0,0.0,0.0,0.0,0.0,0.0,0.0,0.0,0.0,0.0,-2.004,2.004,0.0,0.0,0.0,0.0,3404.5,1.5879157526988056e+29,0.0,2.7184278591402704e+23,0.0,-0.0,0.0,0.0,0.0,0.0,0.0,0,3.222024165466893e+26,-4.9503763722913574e+32,0.0,0.0,0.0,0.0,0.0,0.0,0.0,0,0,0,0.0,0.0,0.0,0.0,0.0,0.0,0.0,0.0,0.0,0.0,0.0,0.0,0.0,0.0,0.0,0.0,0,-107875648.0,0,0.0,0,-107875648.0,-107877712.0,0,39322,17039,13107,17054,0,17038,0,0,0,110,100,100,2.7302334150594743e+23,64.0,0.0,64.5,0.0,69.0,1,49,50,180,0,52429,0,0,0.0,0.0,0.0,0.0,-0.0,65.0,0.0,-0.0,0.0,645,0,689,0,0,0,718,0,791,0,710,0,690,0,645,0,642,0,615,0.032,55836672.0,-2.004,0.0,7056,16788,-0.0,-0.0,-0.0,-0.0,-0.0,7.147587497912954e+34,29.0,60.0,70,0.0,0.0,0.0,0.0,0.0,0.0,0.0,0.0,0.0,0.0,0.0,0.0,0.0,0.0,0.0,0.0,59.2,69,11,65508,41,65476,0,300,0,0,8,20529,65476,0,0,61604,60.0,0.0,0.0,0.0,0.0,0.0
2026-04-04T11:15:31,ERR,ERR,ERR,ERR,ERR,ERR,ERR,ERR,ERR,ERR,ERR,ERR,ERR,ERR,ERR,ERR,ERR,ERR,ERR,ERR,ERR,ERR,ERR,ERR,ERR,ERR,ERR,ERR,ERR,ERR,ERR,ERR,ERR,ERR,ERR,ERR,ERR,ERR,ERR,ERR,ERR,ERR,ERR,ERR,ERR,ERR,ERR,ERR,ERR,ERR,ERR,ERR,ERR,ERR,ERR,ERR,ERR,ERR,ERR,ERR,ERR,ERR,ERR,ERR,ERR,ERR,ERR,ERR,ERR,ERR,ERR,ERR,ERR,ERR,ERR,ERR,ERR,ERR,ERR,ERR,ERR,ERR,ERR,ERR,ERR,ERR,ERR,ERR,ERR,ERR,ERR,ERR,ERR,ERR,ERR,ERR,ERR,ERR,ERR,ERR,ERR,ERR,ERR,ERR,ERR,ERR,ERR,ERR,ERR,ERR,ERR,ERR,ERR,ERR,ERR,ERR,ERR,ERR,ERR,ERR,ERR,ERR,ERR,ERR,ERR,0.0,0.0,-101055584.0,0.0,0.0,0.0,0.0,nan,0,0,0,32768,0,0.0,0,0.0,0.0,0.0,0.0,0.0,0,0,0,0,0.0,0,0,0,0,0,0,0,0,0,0,0,0,0,0,0,0,0,0,0,0,0,0,0,0,0,0,0,0,0,0,0,0,0,0,0,0,0,0,0,0,0,0,0,0,0.0,0.0,0.0,0.0,0.0,0.0,0.0,0.0,0.0,0.0,0.0,0.0,0.0,0.0,0.0,0.0,0.0,0.0,0.0,0.0,0.0,0.0,0.0,0.0,-2.004,2.004,0.0,0.0,0.0,0.0,3404.5,1.5879157526988056e+29,0.0,2.7184278591402704e+23,0.0,-0.0,0.0,0.0,0.0,0.0,0.0,0,3.222024165466893e+26,-4.9503763722913574e+32,0.0,0.0,0.0,0.0,0.0,0.0,0.0,0,0,0,0.0,0.0,0.0,0.0,0.0,0.0,0.0,0.0,0.0,0.0,0.0,0.0,0.0,0.0,0.0,0.0,0,-107875648.0,0,0.0,0,-107875648.0,-107877712.0,0,39322,17039,13107,17054,0,17038,0,0,0,110,100,100,2.7302334150594743e+23,64.0,0.0,64.5,0.0,69.0,1,49,50,180,0,52429,0,0,0.0,0.0,0.0,0.0,-0.0,65.0,0.0,-0.0,0.0,645,0,689,0,0,0,718,0,791,0,710,0,690,0,645,0,642,0,615,0.032,55836672.0,-2.004,0.0,7056,16788,-0.0,-0.0,-0.0,-0.0,-0.0,7.147587497912954e+34,29.0,60.0,70,0.0,0.0,0.0,0.0,0.0,0.0,0.0,0.0,0.0,0.0,0.0,0.0,0.0,0.0,0.0,0.0,59.6,69,11,65508,41,65476,0,300,0,0,8,20529,65476,0,0,61604,60.0,0.0,0.0,0.0,0.0,0.0
2026-04-04T11:15:32,ERR,ERR,ERR,ERR,ERR,ERR,ERR,ERR,ERR,ERR,ERR,ERR,ERR,ERR,ERR,ERR,ERR,ERR,ERR,ERR,ERR,ERR,ERR,ERR,ERR,ERR,ERR,ERR,ERR,ERR,ERR,ERR,ERR,ERR,ERR,ERR,ERR,ERR,ERR,ERR,ERR,ERR,ERR,ERR,ERR,ERR,ERR,ERR,ERR,ERR,ERR,ERR,ERR,ERR,ERR,ERR,ERR,ERR,ERR,ERR,ERR,ERR,ERR,ERR,ERR,ERR,ERR,ERR,ERR,ERR,ERR,ERR,ERR,ERR,ERR,ERR,ERR,ERR,ERR,ERR,ERR,ERR,ERR,ERR,ERR,ERR,ERR,ERR,ERR,ERR,ERR,ERR,ERR,ERR,ERR,ERR,ERR,ERR,ERR,ERR,ERR,ERR,ERR,ERR,ERR,ERR,ERR,ERR,ERR,ERR,ERR,ERR,ERR,ERR,ERR,ERR,ERR,ERR,ERR,ERR,ERR,ERR,ERR,ERR,ERR,0.0,0.0,-101055584.0,0.0,0.0,0.0,0.0,nan,0,0,0,32768,0,0.0,0,0.0,0.0,0.0,0.0,0.0,0,0,0,0,0.0,0,0,0,0,0,0,0,0,0,0,0,0,0,0,0,0,0,0,0,0,0,0,0,0,0,0,0,0,0,0,0,0,0,0,0,0,0,0,0,0,0,0,0,0,0.0,0.0,0.0,0.0,0.0,0.0,0.0,0.0,0.0,0.0,0.0,0.0,0.0,0.0,0.0,0.0,0.0,0.0,0.0,0.0,0.0,0.0,0.0,0.0,-2.004,2.004,0.0,0.0,0.0,0.0,3404.5,1.5879157526988056e+29,0.0,2.7184278591402704e+23,0.0,-0.0,0.0,0.0,0.0,0.0,0.0,0,3.222024165466893e+26,-4.9503763722913574e+32,0.0,0.0,0.0,0.0,0.0,0.0,0.0,0,0,0,0.0,0.0,0.0,0.0,0.0,0.0,0.0,0.0,0.0,0.0,0.0,0.0,0.0,0.0,0.0,0.0,0,-107875648.0,0,0.0,0,-107875648.0,-107877712.0,0,39322,17039,13107,17054,0,17038,0,0,0,110,100,100,2.7302334150594743e+23,64.0,0.0,64.5,0.0,69.0,1,49,50,180,0,52429,0,0,0.0,0.0,0.0,0.0,-0.0,65.0,0.0,-0.0,0.0,645,0,689,0,0,0,718,0,791,0,710,0,690,0,645,0,642,0,615,0.032,55574528.0,-2.004,0.0,58256,16787,-0.0,3.722668021045067e+22,0.0,-1.0270939927590912e+35,3347053518258176.0,0.0,29.0,60.0,70,0.0,0.0,0.0,0.0,0.0,0.0,0.0,0.0,0.0,0.0,0.0,0.0,0.0,0.0,0.0,0.0,59.2,69,11,65508,41,65476,0,300,0,0,8,20529,65476,0,0,61604,60.0,0.0,0.0,0.0,0.0,0.0
2026-04-04T11:15:33,ERR,ERR,ERR,ERR,ERR,ERR,ERR,ERR,ERR,ERR,ERR,ERR,ERR,ERR,ERR,ERR,ERR,ERR,ERR,ERR,ERR,ERR,ERR,ERR,ERR,ERR,ERR,ERR,ERR,ERR,ERR,ERR,ERR,ERR,ERR,ERR,ERR,ERR,ERR,ERR,ERR,ERR,ERR,ERR,ERR,ERR,ERR,ERR,ERR,ERR,ERR,ERR,ERR,ERR,ERR,ERR,ERR,ERR,ERR,ERR,ERR,ERR,ERR,ERR,ERR,ERR,ERR,ERR,ERR,ERR,ERR,ERR,ERR,ERR,ERR,ERR,ERR,ERR,ERR,ERR,ERR,ERR,ERR,ERR,ERR,ERR,ERR,ERR,ERR,ERR,ERR,ERR,ERR,ERR,ERR,ERR,ERR,ERR,ERR,ERR,ERR,ERR,ERR,ERR,ERR,ERR,ERR,ERR,ERR,ERR,ERR,ERR,ERR,ERR,ERR,ERR,ERR,ERR,ERR,ERR,ERR,ERR,ERR,ERR,ERR,0.0,0.0,-101055584.0,0.0,0.0,0.0,0.0,nan,0,0,0,32768,0,0.0,0,0.0,0.0,0.0,0.0,0.0,0,0,0,0,0.0,0,0,0,0,0,0,0,0,0,0,0,0,0,0,0,0,0,0,0,0,0,0,0,0,0,0,0,0,0,0,0,0,0,0,0,0,0,0,0,0,0,0,0,0,0.0,0.0,0.0,0.0,0.0,0.0,0.0,0.0,0.0,0.0,0.0,0.0,0.0,0.0,0.0,0.0,0.0,0.0,0.0,0.0,0.0,0.0,0.0,0.0,-2.004,2.004,0.0,0.0,0.0,0.0,3404.5,1.5879157526988056e+29,0.0,2.7184278591402704e+23,0.0,-0.0,0.0,0.0,0.0,0.0,0.0,0,3.222024165466893e+26,-4.9503763722913574e+32,0.0,0.0,0.0,0.0,0.0,0.0,0.0,0,0,0,0.0,0.0,0.0,0.0,0.0,0.0,0.0,0.0,0.0,0.0,0.0,0.0,0.0,0.0,0.0,0.0,0,-107875648.0,0,0.0,0,-107875648.0,-107877712.0,0,39322,17039,13107,17054,0,17038,0,0,0,110,100,100,2.7302334150594743e+23,64.0,0.0,64.5,0.0,69.0,1,49,50,180,0,52429,0,0,0.0,0.0,0.0,0.0,-0.0,65.0,0.0,-0.0,0.0,645,0,689,0,0,0,718,0,791,0,710,0,690,0,645,0,642,0,615,0.032,55574528.0,-2.004,0.0,58256,16787,-0.0,3.722668021045067e+22,0.0,-1.0270939927590912e+35,3347053518258176.0,0.0,29.0,60.0,70,0.0,0.0,0.0,0.0,0.0,0.0,0.0,0.0,0.0,0.0,0.0,0.0,0.0,0.0,0.0,0.0,59.2,69,11,65508,41,65476,0,300,0,0,8,20529,65476,0,0,61604,60.0,0.0,0.0,0.0,0.0,0.0
2026-04-04T11:15:34,ERR,ERR,ERR,ERR,ERR,ERR,ERR,ERR,ERR,ERR,ERR,ERR,ERR,ERR,ERR,ERR,ERR,ERR,ERR,ERR,ERR,ERR,ERR,ERR,ERR,ERR,ERR,ERR,ERR,ERR,ERR,ERR,ERR,ERR,ERR,ERR,ERR,ERR,ERR,ERR,ERR,ERR,ERR,ERR,ERR,ERR,ERR,ERR,ERR,ERR,ERR,ERR,ERR,ERR,ERR,ERR,ERR,ERR,ERR,ERR,ERR,ERR,ERR,ERR,ERR,ERR,ERR,ERR,ERR,ERR,ERR,ERR,ERR,ERR,ERR,ERR,ERR,ERR,ERR,ERR,ERR,ERR,ERR,ERR,ERR,ERR,ERR,ERR,ERR,ERR,ERR,ERR,ERR,ERR,ERR,ERR,ERR,ERR,ERR,ERR,ERR,ERR,ERR,ERR,ERR,ERR,ERR,ERR,ERR,ERR,ERR,ERR,ERR,ERR,ERR,ERR,ERR,ERR,ERR,ERR,ERR,ERR,ERR,ERR,ERR,2.7184278591402704e+23,0.0,-0.0,0.0,0.0,0.0,0.0,nan,0,0,0,32768,0,0.0,0,0.0,0.0,0.0,0.0,0.0,0,0,0,0,0.0,0,0,0,0,0,0,0,0,0,0,0,0,0,0,0,0,0,0,0,0,0,0,0,0,0,0,0,0,0,0,0,0,0,0,0,0,0,0,0,0,0,0,0,0,0.0,0.0,0.0,0.0,0.0,0.0,0.0,0.0,0.0,0.0,0.0,0.0,0.0,0.0,0.0,0.0,0.0,0.0,0.0,0.0,0.0,0.0,0.0,0.0,-2.004,2.004,0.0,0.0,0.0,0.0,3406.0,3.697154467689818e+19,0.0,2.7184278591402704e+23,0.0,-0.0,0.0,0.0,0.0,0.0,0.0,0,5.8480786593265204e+35,-3.221978786476472e+26,0.0,0.0,0.0,0.0,0.0,0.0,0.0,0,0,0,0.0,0.0,0.0,0.0,0.0,0.0,0.0,0.0,0.0,0.0,0.0,0.0,0.0,0.0,0.0,0.0,0,-107875648.0,0,0.0,0,-107875648.0,-107877712.0,0,39322,17039,13107,17054,0,17038,0,0,0,110,100,100,2.7302334150594743e+23,64.0,0.0,64.5,0.0,69.0,1,49,50,180,0,52429,0,0,0.0,0.0,0.0,0.0,-0.0,65.0,0.0,-0.0,0.0,645,0,689,0,0,0,718,0,791,0,710,0,690,0,645,0,642,0,615,0.032,55574528.0,-2.004,0.0,58256,16787,-0.0,3.722668021045067e+22,0.0,-1.0270939927590912e+35,3347053518258176.0,0.0,29.0,60.0,70,0.0,0.0,0.0,0.0,0.0,0.0,0.0,0.0,0.0,0.0,0.0,0.0,0.0,0.0,0.0,0.0,59.2,69,11,65508,41,65476,0,300,0,0,8,20529,65476,0,0,61604,60.0,0.0,0.0,0.0,0.0,0.0
2026-04-04T11:15:35,ERR,ERR,ERR,ERR,ERR,ERR,ERR,ERR,ERR,ERR,ERR,ERR,ERR,ERR,ERR,ERR,ERR,ERR,ERR,ERR,ERR,ERR,ERR,ERR,ERR,ERR,ERR,ERR,ERR,ERR,ERR,ERR,ERR,ERR,ERR,ERR,ERR,ERR,ERR,ERR,ERR,ERR,ERR,ERR,ERR,ERR,ERR,ERR,ERR,ERR,ERR,ERR,ERR,ERR,ERR,ERR,ERR,ERR,ERR,ERR,ERR,ERR,ERR,ERR,ERR,ERR,ERR,ERR,ERR,ERR,ERR,ERR,ERR,ERR,ERR,ERR,ERR,ERR,ERR,ERR,ERR,ERR,ERR,ERR,ERR,ERR,ERR,ERR,ERR,ERR,ERR,ERR,ERR,ERR,ERR,ERR,ERR,ERR,ERR,ERR,ERR,ERR,ERR,ERR,ERR,ERR,ERR,ERR,ERR,ERR,ERR,ERR,ERR,ERR,ERR,ERR,ERR,ERR,ERR,ERR,ERR,ERR,ERR,ERR,ERR,2.7184278591402704e+23,0.0,-0.0,0.0,0.0,0.0,0.0,nan,0,0,0,32768,0,0.0,0,0.0,0.0,0.0,0.0,0.0,0,0,0,0,0.0,0,0,0,0,0,0,0,0,0,0,0,0,0,0,0,0,0,0,0,0,0,0,0,0,0,0,0,0,0,0,0,0,0,0,0,0,0,0,0,0,0,0,0,0,0.0,0.0,0.0,0.0,0.0,0.0,0.0,0.0,0.0,0.0,0.0,0.0,0.0,0.0,0.0,0.0,0.0,0.0,0.0,0.0,0.0,0.0,0.0,0.0,-2.004,2.004,0.0,0.0,0.0,0.0,3406.0,3.697154467689818e+19,0.0,2.7184278591402704e+23,0.0,-0.0,0.0,0.0,0.0,0.0,0.0,0,5.8480786593265204e+35,-3.221978786476472e+26,0.0,0.0,0.0,0.0,0.0,0.0,0.0,0,0,0,0.0,0.0,0.0,0.0,0.0,0.0,0.0,0.0,0.0,0.0,0.0,0.0,0.0,0.0,0.0,0.0,0,-107875648.0,0,0.0,0,-107875648.0,-107877712.0,0,39322,17039,13107,17054,0,17038,0,0,0,110,100,100,2.7302334150594743e+23,64.0,0.0,64.5,0.0,69.0,1,49,50,180,0,52429,0,0,0.0,0.0,0.0,0.0,-0.0,65.0,0.0,-0.0,0.0,645,0,689,0,0,0,718,0,791,0,710,0,690,0,645,0,642,0,615,0.032,55574528.0,-2.004,0.0,58256,16787,-0.0,3.722668021045067e+22,0.0,-1.0270939927590912e+35,3347053518258176.0,0.0,29.0,60.0,70,0.0,0.0,0.0,0.0,0.0,0.0,0.0,0.0,0.0,0.0,0.0,0.0,0.0,0.0,0.0,0.0,59.2,69,11,65508,41,65476,0,300,0,0,8,20529,65476,0,0,61604,60.0,0.0,0.0,0.0,0.0,0.0
2026-04-04T11:15:36,ERR,ERR,ERR,ERR,ERR,ERR,ERR,ERR,ERR,ERR,ERR,ERR,ERR,ERR,ERR,ERR,ERR,ERR,ERR,ERR,ERR,ERR,ERR,ERR,ERR,ERR,ERR,ERR,ERR,ERR,ERR,ERR,ERR,ERR,ERR,ERR,ERR,ERR,ERR,ERR,ERR,ERR,ERR,ERR,ERR,ERR,ERR,ERR,ERR,ERR,ERR,ERR,ERR,ERR,ERR,ERR,ERR,ERR,ERR,ERR,ERR,ERR,ERR,ERR,ERR,ERR,ERR,ERR,ERR,ERR,ERR,ERR,ERR,ERR,ERR,ERR,ERR,ERR,ERR,ERR,ERR,ERR,ERR,ERR,ERR,ERR,ERR,ERR,ERR,ERR,ERR,ERR,ERR,ERR,ERR,ERR,ERR,ERR,ERR,ERR,ERR,ERR,ERR,ERR,ERR,ERR,ERR,ERR,ERR,ERR,ERR,ERR,ERR,ERR,ERR,ERR,ERR,ERR,ERR,ERR,ERR,ERR,ERR,ERR,ERR,2.7184278591402704e+23,0.0,-0.0,0.0,0.0,0.0,0.0,nan,0,0,0,32768,0,0.0,0,0.0,0.0,0.0,0.0,0.0,0,0,0,0,0.0,0,0,0,0,0,0,0,0,0,0,0,0,0,0,0,0,0,0,0,0,0,0,0,0,0,0,0,0,0,0,0,0,0,0,0,0,0,0,0,0,0,0,0,0,0.0,0.0,0.0,0.0,0.0,0.0,0.0,0.0,0.0,0.0,0.0,0.0,0.0,0.0,0.0,0.0,0.0,0.0,0.0,0.0,0.0,0.0,0.0,0.0,-2.004,2.004,0.0,0.0,0.0,0.0,3406.0,3.697154467689818e+19,0.0,2.7184278591402704e+23,0.0,-0.0,0.0,0.0,0.0,0.0,0.0,0,5.8480786593265204e+35,-3.221978786476472e+26,0.0,0.0,0.0,0.0,0.0,0.0,0.0,0,0,0,0.0,0.0,0.0,0.0,0.0,0.0,0.0,0.0,0.0,0.0,0.0,0.0,0.0,0.0,0.0,0.0,0,-107875648.0,0,0.0,0,-107875648.0,-107877712.0,0,39322,17039,13107,17054,0,17038,0,0,0,110,100,100,2.7302334150594743e+23,64.0,0.0,64.5,0.0,69.0,1,49,50,180,13107,52429,0,0,0.0,0.0,0.0,0.0,-0.0,65.0,0.0,0.0,0.0,645,0,689,0,0,0,718,0,791,0,710,0,690,0,645,0,643,0,615,0.032,55574528.0,-2.004,0.0,7312,16788,-0.0,0.0,-3.814858732037173e+22,-3.0790079517497484e+36,0.0,-3251325108224.0,29.0,60.0,70,0.0,0.0,0.0,0.0,0.0,0.0,0.0,0.0,0.0,0.0,0.0,0.0,0.0,0.0,0.0,0.0,59.2,69,11,65508,41,65476,0,300,0,0,8,20529,65476,0,0,61604,60.0,0.0,0.0,0.0,0.0,0.0
2026-04-04T11:15:37,ERR,ERR,ERR,ERR,ERR,ERR,ERR,ERR,ERR,ERR,ERR,ERR,ERR,ERR,ERR,ERR,ERR,ERR,ERR,ERR,ERR,ERR,ERR,ERR,ERR,ERR,ERR,ERR,ERR,ERR,ERR,ERR,ERR,ERR,ERR,ERR,ERR,ERR,ERR,ERR,ERR,ERR,ERR,ERR,ERR,ERR,ERR,ERR,ERR,ERR,ERR,ERR,ERR,ERR,ERR,ERR,ERR,ERR,ERR,ERR,ERR,ERR,ERR,ERR,ERR,ERR,ERR,ERR,ERR,ERR,ERR,ERR,ERR,ERR,ERR,ERR,ERR,ERR,ERR,ERR,ERR,ERR,ERR,ERR,ERR,ERR,ERR,ERR,ERR,ERR,ERR,ERR,ERR,ERR,ERR,ERR,ERR,ERR,ERR,ERR,ERR,ERR,ERR,ERR,ERR,ERR,ERR,ERR,ERR,ERR,ERR,ERR,ERR,ERR,ERR,ERR,ERR,ERR,ERR,ERR,ERR,ERR,ERR,ERR,ERR,2.7184278591402704e+23,0.0,-0.0,0.0,0.0,0.0,0.0,nan,0,0,0,32768,0,0.0,0,0.0,0.0,0.0,0.0,0.0,0,0,0,0,0.0,0,0,0,0,0,0,0,0,0,0,0,0,0,0,0,0,0,0,0,0,0,0,0,0,0,0,0,0,0,0,0,0,0,0,0,0,0,0,0,0,0,0,0,0,0.0,0.0,0.0,0.0,0.0,0.0,0.0,0.0,0.0,0.0,0.0,0.0,0.0,0.0,0.0,0.0,0.0,0.0,0.0,0.0,0.0,0.0,0.0,0.0,-2.004,2.004,0.0,0.0,0.0,0.0,3406.0,3.697154467689818e+19,0.0,2.7184278591402704e+23,0.0,-0.0,0.0,0.0,0.0,0.0,0.0,0,5.8480786593265204e+35,-3.221978786476472e+26,0.0,0.0,0.0,0.0,0.0,0.0,0.0,0,0,0,0.0,0.0,0.0,0.0,0.0,0.0,0.0,0.0,0.0,0.0,0.0,0.0,0.0,0.0,0.0,0.0,0,-107875648.0,0,0.0,0,-107875648.0,-107877712.0,0,39322,17039,13107,17054,0,17038,0,0,0,110,100,100,2.7302334150594743e+23,64.0,0.0,64.5,0.0,69.0,1,49,50,180,13107,52429,0,0,0.0,0.0,0.0,0.0,-0.0,65.0,0.0,0.0,0.0,645,0,689,0,0,0,718,0,791,0,710,0,690,0,645,0,643,0,615,0.032,55574528.0,-2.004,0.0,7312,16788,-0.0,0.0,-3.814858732037173e+22,-3.0790079517497484e+36,0.0,-3251325108224.0,29.0,60.0,70,0.0,0.0,0.0,0.0,0.0,0.0,0.0,0.0,0.0,0.0,0.0,0.0,0.0,0.0,0.0,0.0,59.2,69,11,65508,41,65476,0,300,0,0,8,20529,65476,0,0,61604,60.0,0.0,0.0,0.0,0.0,0.0
2026-04-04T11:15:38,ERR,ERR,ERR,ERR,ERR,ERR,ERR,ERR,ERR,ERR,ERR,ERR,ERR,ERR,ERR,ERR,ERR,ERR,ERR,ERR,ERR,ERR,ERR,ERR,ERR,ERR,ERR,ERR,ERR,ERR,ERR,ERR,ERR,ERR,ERR,ERR,ERR,ERR,ERR,ERR,ERR,ERR,ERR,ERR,ERR,ERR,ERR,ERR,ERR,ERR,ERR,ERR,ERR,ERR,ERR,ERR,ERR,ERR,ERR,ERR,ERR,ERR,ERR,ERR,ERR,ERR,ERR,ERR,ERR,ERR,ERR,ERR,ERR,ERR,ERR,ERR,ERR,ERR,ERR,ERR,ERR,ERR,ERR,ERR,ERR,ERR,ERR,ERR,ERR,ERR,ERR,ERR,ERR,ERR,ERR,ERR,ERR,ERR,ERR,ERR,ERR,ERR,ERR,ERR,ERR,ERR,ERR,ERR,ERR,ERR,ERR,ERR,ERR,ERR,ERR,ERR,ERR,ERR,ERR,ERR,ERR,ERR,ERR,ERR,ERR,2.7184278591402704e+23,0.0,-0.0,0.0,0.0,0.0,0.0,nan,0,0,0,32768,0,0.0,0,0.0,0.0,0.0,0.0,0.0,0,0,0,0,0.0,0,0,0,0,0,0,0,0,0,0,0,0,0,0,0,0,0,0,0,0,0,0,0,0,0,0,0,0,0,0,0,0,0,0,0,0,0,0,0,0,0,0,0,0,0.0,0.0,0.0,0.0,0.0,0.0,0.0,0.0,0.0,0.0,0.0,0.0,0.0,0.0,0.0,0.0,0.0,0.0,0.0,0.0,0.0,0.0,0.0,0.0,-2.004,2.004,0.0,0.0,0.0,0.0,3406.0,3.697154467689818e+19,0.0,2.7184278591402704e+23,0.0,-0.0,0.0,0.0,0.0,0.0,0.0,0,5.8480786593265204e+35,-3.221978786476472e+26,0.0,0.0,0.0,0.0,0.0,0.0,0.0,0,0,0,0.0,0.0,0.0,0.0,0.0,0.0,0.0,0.0,0.0,0.0,0.0,0.0,0.0,0.0,0.0,0.0,0,-107875648.0,0,0.0,0,-107875648.0,-107877712.0,0,39322,17039,13107,17054,0,17038,0,0,0,110,100,100,2.7302334150594743e+23,64.0,0.0,64.5,0.0,69.0,1,49,50,180,13107,52429,0,0,0.0,0.0,0.0,0.0,-0.0,65.0,0.0,0.0,0.0,645,0,689,0,0,0,718,0,791,0,710,0,690,0,645,0,643,0,615,0.032,55574528.0,-2.004,0.0,7312,16788,-0.0,0.0,-3.814858732037173e+22,-3.0790079517497484e+36,0.0,-3251325108224.0,29.0,60.0,70,0.0,0.0,0.0,0.0,0.0,0.0,0.0,0.0,0.0,0.0,0.0,0.0,0.0,0.0,0.0,0.0,59.2,69,11,65508,41,65476,0,300,0,0,8,20529,65476,0,0,61604,60.0,0.0,0.0,0.0,0.0,0.0
2026-04-04T11:15:39,ERR,ERR,ERR,ERR,ERR,ERR,ERR,ERR,ERR,ERR,ERR,ERR,ERR,ERR,ERR,ERR,ERR,ERR,ERR,ERR,ERR,ERR,ERR,ERR,ERR,ERR,ERR,ERR,ERR,ERR,ERR,ERR,ERR,ERR,ERR,ERR,ERR,ERR,ERR,ERR,ERR,ERR,ERR,ERR,ERR,ERR,ERR,ERR,ERR,ERR,ERR,ERR,ERR,ERR,ERR,ERR,ERR,ERR,ERR,ERR,ERR,ERR,ERR,ERR,ERR,ERR,ERR,ERR,ERR,ERR,ERR,ERR,ERR,ERR,ERR,ERR,ERR,ERR,ERR,ERR,ERR,ERR,ERR,ERR,ERR,ERR,ERR,ERR,ERR,ERR,ERR,ERR,ERR,ERR,ERR,ERR,ERR,ERR,ERR,ERR,ERR,ERR,ERR,ERR,ERR,ERR,ERR,ERR,ERR,ERR,ERR,ERR,ERR,ERR,ERR,ERR,ERR,ERR,ERR,ERR,ERR,ERR,ERR,ERR,ERR,2.7184278591402704e+23,0.0,-0.0,0.0,0.0,0.0,0.0,nan,0,0,0,32768,0,0.0,0,0.0,0.0,0.0,0.0,0.0,0,0,0,0,0.0,0,0,0,0,0,0,0,0,0,0,0,0,0,0,0,0,0,0,0,0,0,0,0,0,0,0,0,0,0,0,0,0,0,0,0,0,0,0,0,0,0,0,0,0,0.0,0.0,0.0,0.0,0.0,0.0,0.0,0.0,0.0,0.0,0.0,0.0,0.0,0.0,0.0,0.0,0.0,0.0,0.0,0.0,0.0,0.0,0.0,0.0,-2.004,2.004,0.0,0.0,0.0,0.0,3406.0,3.697154467689818e+19,0.0,2.7184278591402704e+23,0.0,-0.0,0.0,0.0,0.0,0.0,0.0,0,5.8480786593265204e+35,-3.221978786476472e+26,0.0,0.0,0.0,0.0,0.0,0.0,0.0,0,0,0,0.0,0.0,0.0,0.0,0.0,0.0,0.0,0.0,0.0,0.0,0.0,0.0,0.0,0.0,0.0,0.0,0,-107875648.0,0,0.0,0,-107875648.0,-107877712.0,0,39322,17039,13107,17054,0,17038,0,0,0,110,100,100,2.7302334150594743e+23,64.0,0.0,64.5,0.0,69.0,1,49,50,180,13107,52429,0,0,0.0,0.0,0.0,0.0,-0.0,65.0,0.0,0.0,0.0,645,0,689,0,0,0,718,0,791,0,710,0,690,0,645,0,643,0,615,0.032,55574528.0,-2.004,0.0,7312,16788,-0.0,0.0,-3.814858732037173e+22,-3.0790079517497484e+36,0.0,-3251325108224.0,29.0,60.0,70,0.0,0.0,0.0,0.0,0.0,0.0,0.0,0.0,0.0,0.0,0.0,0.0,0.0,0.0,0.0,0.0,59.2,69,11,65508,41,65476,0,300,0,0,8,20529,65476,0,0,61604,60.0,0.0,0.0,0.0,0.0,0.0
2026-04-04T11:15:40,ERR,ERR,ERR,ERR,ERR,ERR,ERR,ERR,ERR,ERR,ERR,ERR,ERR,ERR,ERR,ERR,ERR,ERR,ERR,ERR,ERR,ERR,ERR,ERR,ERR,ERR,ERR,ERR,ERR,ERR,ERR,ERR,ERR,ERR,ERR,ERR,ERR,ERR,ERR,ERR,ERR,ERR,ERR,ERR,ERR,ERR,ERR,ERR,ERR,ERR,ERR,ERR,ERR,ERR,ERR,ERR,ERR,ERR,ERR,ERR,ERR,ERR,ERR,ERR,ERR,ERR,ERR,ERR,ERR,ERR,ERR,ERR,ERR,ERR,ERR,ERR,ERR,ERR,ERR,ERR,ERR,ERR,ERR,ERR,ERR,ERR,ERR,ERR,ERR,ERR,ERR,ERR,ERR,ERR,ERR,ERR,ERR,ERR,ERR,ERR,ERR,ERR,ERR,ERR,ERR,ERR,ERR,ERR,ERR,ERR,ERR,ERR,ERR,ERR,ERR,ERR,ERR,ERR,ERR,ERR,ERR,ERR,ERR,ERR,ERR,2.7184278591402704e+23,0.0,-0.0,0.0,0.0,0.0,0.0,nan,0,0,0,32768,0,0.0,0,0.0,0.0,0.0,0.0,0.0,0,0,0,0,0.0,0,0,0,0,0,0,0,0,0,0,0,0,0,0,0,0,0,0,0,0,0,0,0,0,0,0,0,0,0,0,0,0,0,0,0,0,0,0,0,0,0,0,0,0,0.0,0.0,0.0,0.0,0.0,0.0,0.0,0.0,0.0,0.0,0.0,0.0,0.0,0.0,0.0,0.0,0.0,0.0,0.0,0.0,0.0,0.0,0.0,0.0,-2.004,2.004,0.0,0.0,0.0,0.0,3406.0,3.697154467689818e+19,0.0,2.7184278591402704e+23,0.0,-0.0,0.0,0.0,0.0,0.0,0.0,0,5.8480786593265204e+35,-3.221978786476472e+26,0.0,0.0,0.0,0.0,0.0,0.0,0.0,0,0,0,0.0,0.0,0.0,0.0,0.0,0.0,0.0,0.0,0.0,0.0,0.0,0.0,0.0,0.0,0.0,0.0,0,-107875648.0,0,0.0,0,-107875648.0,-107877712.0,0,39322,17039,13107,17054,0,17038,0,0,0,110,100,100,2.7302334150594743e+23,64.0,0.0,64.5,0.0,69.0,1,49,50,180,13107,52429,0,0,0.0,0.0,0.0,0.0,-0.0,65.0,0.0,0.0,0.0,645,0,689,0,0,0,718,0,791,0,710,0,690,0,645,0,643,0,615,0.032,55574528.0,-2.004,0.0,7312,16788,-0.0,0.0,-3.814858732037173e+22,-3.0790079517497484e+36,0.0,-3251325108224.0,29.0,60.0,70,0.0,0.0,0.0,0.0,0.0,0.0,0.0,0.0,0.0,0.0,0.0,0.0,0.0,0.0,0.0,0.0,59.2,69,11,65508,41,65476,0,300,0,0,8,20529,65476,0,0,61604,60.0,0.0,0.0,0.0,0.0,0.0
2026-04-04T11:15:41,ERR,ERR,ERR,ERR,ERR,ERR,ERR,ERR,ERR,ERR,ERR,ERR,ERR,ERR,ERR,ERR,ERR,ERR,ERR,ERR,ERR,ERR,ERR,ERR,ERR,ERR,ERR,ERR,ERR,ERR,ERR,ERR,ERR,ERR,ERR,ERR,ERR,ERR,ERR,ERR,ERR,ERR,ERR,ERR,ERR,ERR,ERR,ERR,ERR,ERR,ERR,ERR,ERR,ERR,ERR,ERR,ERR,ERR,ERR,ERR,ERR,ERR,ERR,ERR,ERR,ERR,ERR,ERR,ERR,ERR,ERR,ERR,ERR,ERR,ERR,ERR,ERR,ERR,ERR,ERR,ERR,ERR,ERR,ERR,ERR,ERR,ERR,ERR,ERR,ERR,ERR,ERR,ERR,ERR,ERR,ERR,ERR,ERR,ERR,ERR,ERR,ERR,ERR,ERR,ERR,ERR,ERR,ERR,ERR,ERR,ERR,ERR,ERR,ERR,ERR,ERR,ERR,ERR,ERR,ERR,ERR,ERR,ERR,ERR,ERR,2.7184278591402704e+23,0.0,-0.0,0.0,0.0,0.0,0.0,nan,0,0,0,32768,0,0.0,0,0.0,0.0,0.0,0.0,0.0,0,0,0,0,0.0,0,0,0,0,0,0,0,0,0,0,0,0,0,0,0,0,0,0,0,0,0,0,0,0,0,0,0,0,0,0,0,0,0,0,0,0,0,0,0,0,0,0,0,0,0.0,0.0,0.0,0.0,0.0,0.0,0.0,0.0,0.0,0.0,0.0,0.0,0.0,0.0,0.0,0.0,0.0,0.0,0.0,0.0,0.0,0.0,0.0,0.0,-2.004,2.004,0.0,0.0,0.0,0.0,3392.0,-0.0,0.0,2.7184278591402704e+23,0.0,-0.0,0.0,0.0,0.0,0.0,0.0,0,-0.0,0.0,0.0,0.0,0.0,0.0,0.0,0.0,0.0,0,0,0,0.0,0.0,0.0,0.0,0.0,0.0,0.0,0.0,0.0,0.0,0.0,0.0,0.0,0.0,0.0,0.0,0,-107875648.0,0,0.0,0,-107875648.0,-107877712.0,0,39322,17039,0,17054,0,17038,0,0,0,110,100,100,-0.0,64.0,0.0,64.5,0.0,69.0,1,49,50,180,0,52429,0,0,0.0,0.0,0.0,0.0,-0.0,65.0,0.0,-3.7696530758416466e+18,0.0,646,0,689,0,0,0,718,0,791,0,709,0,690,0,645,0,643,0,615,0.032,55574528.0,-2.004,0.0,12688,16788,-0.0,-0.0,-0.02,5532701171908608.0,0.0,-0.0,29.0,60.0,70,0.0,0.0,0.0,0.0,0.0,0.0,0.0,0.0,0.0,0.0,0.0,0.0,0.0,0.0,0.0,0.0,59.2,69,11,65508,41,65476,0,300,0,0,8,20529,65476,0,0,61604,60.0,0.0,0.0,0.0,0.0,0.0
2026-04-04T11:15:42,ERR,ERR,ERR,ERR,ERR,ERR,ERR,ERR,ERR,ERR,ERR,ERR,ERR,ERR,ERR,ERR,ERR,ERR,ERR,ERR,ERR,ERR,ERR,ERR,ERR,ERR,ERR,ERR,ERR,ERR,ERR,ERR,ERR,ERR,ERR,ERR,ERR,ERR,ERR,ERR,ERR,ERR,ERR,ERR,ERR,ERR,ERR,ERR,ERR,ERR,ERR,ERR,ERR,ERR,ERR,ERR,ERR,ERR,ERR,ERR,ERR,ERR,ERR,ERR,ERR,ERR,ERR,ERR,ERR,ERR,ERR,ERR,ERR,ERR,ERR,ERR,ERR,ERR,ERR,ERR,ERR,ERR,ERR,ERR,ERR,ERR,ERR,ERR,ERR,ERR,ERR,ERR,ERR,ERR,ERR,ERR,ERR,ERR,ERR,ERR,ERR,ERR,ERR,ERR,ERR,ERR,ERR,ERR,ERR,ERR,ERR,ERR,ERR,ERR,ERR,ERR,ERR,ERR,ERR,ERR,ERR,ERR,ERR,ERR,ERR,2.7184278591402704e+23,0.0,-0.0,0.0,0.0,0.0,0.0,nan,0,0,0,32768,0,0.0,0,0.0,0.0,0.0,0.0,0.0,0,0,0,0,0.0,0,0,0,0,0,0,0,0,0,0,0,0,0,0,0,0,0,0,0,0,0,0,0,0,0,0,0,0,0,0,0,0,0,0,0,0,0,0,0,0,0,0,0,0,0.0,0.0,0.0,0.0,0.0,0.0,0.0,0.0,0.0,0.0,0.0,0.0,0.0,0.0,0.0,0.0,0.0,0.0,0.0,0.0,0.0,0.0,0.0,0.0,-2.004,2.004,0.0,0.0,0.0,0.0,3392.0,-0.0,0.0,2.7184278591402704e+23,0.0,-0.0,0.0,0.0,0.0,0.0,0.0,0,-0.0,0.0,0.0,0.0,0.0,0.0,0.0,0.0,0.0,0,0,0,0.0,0.0,0.0,0.0,0.0,0.0,0.0,0.0,0.0,0.0,0.0,0.0,0.0,0.0,0.0,0.0,0,-107875648.0,0,0.0,0,-107875648.0,-107877712.0,0,39322,17039,0,17054,0,17038,0,0,0,110,100,100,-0.0,64.0,0.0,64.5,0.0,69.0,1,49,50,180,0,52429,0,0,0.0,0.0,0.0,0.0,-0.0,65.0,0.0,-3.7696530758416466e+18,0.0,646,0,689,0,0,0,718,0,791,0,709,0,690,0,645,0,643,0,615,0.032,55574528.0,-2.004,0.0,12688,16788,-0.0,-0.0,-0.02,5532701171908608.0,0.0,-0.0,29.0,60.0,70,0.0,0.0,0.0,0.0,0.0,0.0,0.0,0.0,0.0,0.0,0.0,0.0,0.0,0.0,0.0,0.0,59.2,69,11,65508,41,65476,0,300,0,0,8,20529,65476,0,0,61604,60.0,0.0,0.0,0.0,0.0,0.0
2026-04-04T11:15:43,ERR,ERR,ERR,ERR,ERR,ERR,ERR,ERR,ERR,ERR,ERR,ERR,ERR,ERR,ERR,ERR,ERR,ERR,ERR,ERR,ERR,ERR,ERR,ERR,ERR,ERR,ERR,ERR,ERR,ERR,ERR,ERR,ERR,ERR,ERR,ERR,ERR,ERR,ERR,ERR,ERR,ERR,ERR,ERR,ERR,ERR,ERR,ERR,ERR,ERR,ERR,ERR,ERR,ERR,ERR,ERR,ERR,ERR,ERR,ERR,ERR,ERR,ERR,ERR,ERR,ERR,ERR,ERR,ERR,ERR,ERR,ERR,ERR,ERR,ERR,ERR,ERR,ERR,ERR,ERR,ERR,ERR,ERR,ERR,ERR,ERR,ERR,ERR,ERR,ERR,ERR,ERR,ERR,ERR,ERR,ERR,ERR,ERR,ERR,ERR,ERR,ERR,ERR,ERR,ERR,ERR,ERR,ERR,ERR,ERR,ERR,ERR,ERR,ERR,ERR,ERR,ERR,ERR,ERR,ERR,ERR,ERR,ERR,ERR,ERR,2.7184278591402704e+23,0.0,-0.0,0.0,0.0,0.0,0.0,nan,0,0,0,32768,0,0.0,0,0.0,0.0,0.0,0.0,0.0,0,0,0,0,0.0,0,0,0,0,0,0,0,0,0,0,0,0,0,0,0,0,0,0,0,0,0,0,0,0,0,0,0,0,0,0,0,0,0,0,0,0,0,0,0,0,0,0,0,0,0.0,0.0,0.0,0.0,0.0,0.0,0.0,0.0,0.0,0.0,0.0,0.0,0.0,0.0,0.0,0.0,0.0,0.0,0.0,0.0,0.0,0.0,0.0,0.0,-2.004,2.004,0.0,0.0,0.0,0.0,3392.0,-0.0,0.0,2.7184278591402704e+23,0.0,-0.0,0.0,0.0,0.0,0.0,0.0,0,-0.0,0.0,0.0,0.0,0.0,0.0,0.0,0.0,0.0,0,0,0,0.0,0.0,0.0,0.0,0.0,0.0,0.0,0.0,0.0,0.0,0.0,0.0,0.0,0.0,0.0,0.0,0,-107875648.0,0,0.0,0,-107875648.0,-107877712.0,0,39322,17039,0,17054,0,17038,0,0,0,110,100,100,-0.0,64.0,0.0,64.5,0.0,69.0,1,49,50,180,0,52429,0,0,0.0,0.0,0.0,0.0,-0.0,65.0,0.0,-3.7696530758416466e+18,0.0,646,0,689,0,0,0,718,0,791,0,709,0,690,0,645,0,643,0,615,0.032,55574528.0,-2.004,0.0,12688,16788,-0.0,-0.0,-0.02,5532701171908608.0,0.0,-0.0,29.0,60.0,70,0.0,0.0,0.0,0.0,0.0,0.0,0.0,0.0,0.0,0.0,0.0,0.0,0.0,0.0,0.0,0.0,59.2,69,11,65508,41,65476,0,300,0,0,8,20529,65476,0,0,61604,60.0,0.0,0.0,0.0,0.0,0.0
2026-04-04T11:15:44,ERR,ERR,ERR,ERR,ERR,ERR,ERR,ERR,ERR,ERR,ERR,ERR,ERR,ERR,ERR,ERR,ERR,ERR,ERR,ERR,ERR,ERR,ERR,ERR,ERR,ERR,ERR,ERR,ERR,ERR,ERR,ERR,ERR,ERR,ERR,ERR,ERR,ERR,ERR,ERR,ERR,ERR,ERR,ERR,ERR,ERR,ERR,ERR,ERR,ERR,ERR,ERR,ERR,ERR,ERR,ERR,ERR,ERR,ERR,ERR,ERR,ERR,ERR,ERR,ERR,ERR,ERR,ERR,ERR,ERR,ERR,ERR,ERR,ERR,ERR,ERR,ERR,ERR,ERR,ERR,ERR,ERR,ERR,ERR,ERR,ERR,ERR,ERR,ERR,ERR,ERR,ERR,ERR,ERR,ERR,ERR,ERR,ERR,ERR,ERR,ERR,ERR,ERR,ERR,ERR,ERR,ERR,ERR,ERR,ERR,ERR,ERR,ERR,ERR,ERR,ERR,ERR,ERR,ERR,ERR,ERR,ERR,ERR,ERR,ERR,2.7184278591402704e+23,0.0,-0.0,0.0,0.0,0.0,0.0,nan,0,0,0,32768,0,0.0,0,0.0,0.0,0.0,0.0,0.0,0,0,0,0,0.0,0,0,0,0,0,0,0,0,0,0,0,0,0,0,0,0,0,0,0,0,0,0,0,0,0,0,0,0,0,0,0,0,0,0,0,0,0,0,0,0,0,0,0,0,0.0,0.0,0.0,0.0,0.0,0.0,0.0,0.0,0.0,0.0,0.0,0.0,0.0,0.0,0.0,0.0,0.0,0.0,0.0,0.0,0.0,0.0,0.0,0.0,-2.004,2.004,0.0,0.0,0.0,0.0,3392.0,-0.0,0.0,2.7184278591402704e+23,0.0,-0.0,0.0,0.0,0.0,0.0,0.0,0,-0.0,0.0,0.0,0.0,0.0,0.0,0.0,0.0,0.0,0,0,0,0.0,0.0,0.0,0.0,0.0,0.0,0.0,0.0,0.0,0.0,0.0,0.0,0.0,0.0,0.0,0.0,0,-107875648.0,0,0.0,0,-107875648.0,-107877712.0,0,39322,17039,0,17054,0,17038,0,0,0,110,100,100,-0.0,64.0,0.0,64.5,0.0,69.0,1,49,50,180,0,52429,0,0,0.0,0.0,0.0,0.0,-0.0,65.0,0.0,-3.7696530758416466e+18,0.0,646,0,689,0,0,0,718,0,791,0,709,0,690,0,645,0,643,0,615,0.032,55574528.0,-2.004,0.0,12688,16788,-0.0,-0.0,-0.02,5532701171908608.0,0.0,-0.0,29.0,60.0,70,0.0,0.0,0.0,0.0,0.0,0.0,0.0,0.0,0.0,0.0,0.0,0.0,0.0,0.0,0.0,0.0,59.2,69,11,65508,41,65476,0,300,0,0,8,20529,65476,0,0,61604,60.0,0.0,0.0,0.0,0.0,0.0
2026-04-04T11:15:45,ERR,ERR,ERR,ERR,ERR,ERR,ERR,ERR,ERR,ERR,ERR,ERR,ERR,ERR,ERR,ERR,ERR,ERR,ERR,ERR,ERR,ERR,ERR,ERR,ERR,ERR,ERR,ERR,ERR,ERR,ERR,ERR,ERR,ERR,ERR,ERR,ERR,ERR,ERR,ERR,ERR,ERR,ERR,ERR,ERR,ERR,ERR,ERR,ERR,ERR,ERR,ERR,ERR,ERR,ERR,ERR,ERR,ERR,ERR,ERR,ERR,ERR,ERR,ERR,ERR,ERR,ERR,ERR,ERR,ERR,ERR,ERR,ERR,ERR,ERR,ERR,ERR,ERR,ERR,ERR,ERR,ERR,ERR,ERR,ERR,ERR,ERR,ERR,ERR,ERR,ERR,ERR,ERR,ERR,ERR,ERR,ERR,ERR,ERR,ERR,ERR,ERR,ERR,ERR,ERR,ERR,ERR,ERR,ERR,ERR,ERR,ERR,ERR,ERR,ERR,ERR,ERR,ERR,ERR,ERR,ERR,ERR,ERR,ERR,ERR,2.7184278591402704e+23,0.0,-0.0,0.0,0.0,0.0,0.0,nan,0,0,0,32768,0,0.0,0,0.0,0.0,0.0,0.0,0.0,0,0,0,0,0.0,0,0,0,0,0,0,0,0,0,0,0,0,0,0,0,0,0,0,0,0,0,0,0,0,0,0,0,0,0,0,0,0,0,0,0,0,0,0,0,0,0,0,0,0,0.0,0.0,0.0,0.0,0.0,0.0,0.0,0.0,0.0,0.0,0.0,0.0,0.0,0.0,0.0,0.0,0.0,0.0,0.0,0.0,0.0,0.0,0.0,0.0,-2.004,2.004,0.0,0.0,0.0,0.0,3392.0,-0.0,0.0,2.7184278591402704e+23,0.0,-0.0,0.0,0.0,0.0,0.0,0.0,0,-0.0,0.0,0.0,0.0,0.0,0.0,0.0,0.0,0.0,0,0,0,0.0,0.0,0.0,0.0,0.0,0.0,0.0,0.0,0.0,0.0,0.0,0.0,0.0,0.0,0.0,0.0,0,-107875648.0,0,0.0,0,-107875648.0,-107877712.0,0,39322,17039,0,17054,0,17038,0,0,0,110,100,100,-0.0,64.0,0.0,64.5,0.0,69.0,1,49,50,180,0,52429,0,0,0.0,0.0,0.0,0.0,-0.0,65.0,0.0,0.743,0.0,645,0,689,0,0,0,718,0,791,0,710,0,690,0,645,0,642,0,615,0.032,55836672.0,-2.004,0.0,18960,16788,-0.016,0.0,-197090143633408.0,-0.0,0.0,-2520810752.0,29.0,60.0,70,0.0,0.0,0.0,0.0,0.0,0.0,0.0,0.0,0.0,0.0,0.0,0.0,0.0,0.0,0.0,0.0,59.2,69,11,65508,41,65476,0,300,0,0,8,20529,65476,0,0,61604,60.0,0.0,0.0,0.0,0.0,0.0
2026-04-04T11:15:46,ERR,ERR,ERR,ERR,ERR,ERR,ERR,ERR,ERR,ERR,ERR,ERR,ERR,ERR,ERR,ERR,ERR,ERR,ERR,ERR,ERR,ERR,ERR,ERR,ERR,ERR,ERR,ERR,ERR,ERR,ERR,ERR,ERR,ERR,ERR,ERR,ERR,ERR,ERR,ERR,ERR,ERR,ERR,ERR,ERR,ERR,ERR,ERR,ERR,ERR,ERR,ERR,ERR,ERR,ERR,ERR,ERR,ERR,ERR,ERR,ERR,ERR,ERR,ERR,ERR,ERR,ERR,ERR,ERR,ERR,ERR,ERR,ERR,ERR,ERR,ERR,ERR,ERR,ERR,ERR,ERR,ERR,ERR,ERR,ERR,ERR,ERR,ERR,ERR,ERR,ERR,ERR,ERR,ERR,ERR,ERR,ERR,ERR,ERR,ERR,ERR,ERR,ERR,ERR,ERR,ERR,ERR,ERR,ERR,ERR,ERR,ERR,ERR,ERR,ERR,ERR,ERR,ERR,ERR,ERR,ERR,ERR,ERR,ERR,ERR,2.7184278591402704e+23,0.0,-0.0,0.0,0.0,0.0,0.0,nan,0,0,0,32768,0,0.0,0,0.0,0.0,0.0,0.0,0.0,0,0,0,0,0.0,0,0,0,0,0,0,0,0,0,0,0,0,0,0,0,0,0,0,0,0,0,0,0,0,0,0,0,0,0,0,0,0,0,0,0,0,0,0,0,0,0,0,0,0,0.0,0.0,0.0,0.0,0.0,0.0,0.0,0.0,0.0,0.0,0.0,0.0,0.0,0.0,0.0,0.0,0.0,0.0,0.0,0.0,0.0,0.0,0.0,0.0,-2.004,2.004,0.0,0.0,0.0,0.0,3392.0,-0.0,0.0,2.7184278591402704e+23,0.0,-0.0,0.0,0.0,0.0,0.0,0.0,0,-0.0,0.0,0.0,0.0,0.0,0.0,0.0,0.0,0.0,0,0,0,0.0,0.0,0.0,0.0,0.0,0.0,0.0,0.0,0.0,0.0,0.0,0.0,0.0,0.0,0.0,0.0,0,-107875648.0,0,0.0,0,-107875648.0,-107877712.0,0,39322,17039,0,17054,0,17038,0,0,0,110,100,100,-0.0,64.0,0.0,64.5,0.0,69.0,1,49,50,180,0,52429,0,0,0.0,0.0,0.0,0.0,-0.0,65.0,0.0,0.743,0.0,645,0,689,0,0,0,718,0,791,0,710,0,690,0,645,0,642,0,615,0.032,55836672.0,-2.004,0.0,18960,16788,-0.016,0.0,-197090143633408.0,-0.0,0.0,-2520810752.0,29.0,60.0,70,0.0,0.0,0.0,0.0,0.0,0.0,0.0,0.0,0.0,0.0,0.0,0.0,0.0,0.0,0.0,0.0,59.2,69,11,65508,41,65476,0,300,0,0,8,20529,65476,0,0,61604,60.0,0.0,0.0,0.0,0.0,0.0
2026-04-04T11:15:47,ERR,ERR,ERR,ERR,ERR,ERR,ERR,ERR,ERR,ERR,ERR,ERR,ERR,ERR,ERR,ERR,ERR,ERR,ERR,ERR,ERR,ERR,ERR,ERR,ERR,ERR,ERR,ERR,ERR,ERR,ERR,ERR,ERR,ERR,ERR,ERR,ERR,ERR,ERR,ERR,ERR,ERR,ERR,ERR,ERR,ERR,ERR,ERR,ERR,ERR,ERR,ERR,ERR,ERR,ERR,ERR,ERR,ERR,ERR,ERR,ERR,ERR,ERR,ERR,ERR,ERR,ERR,ERR,ERR,ERR,ERR,ERR,ERR,ERR,ERR,ERR,ERR,ERR,ERR,ERR,ERR,ERR,ERR,ERR,ERR,ERR,ERR,ERR,ERR,ERR,ERR,ERR,ERR,ERR,ERR,ERR,ERR,ERR,ERR,ERR,ERR,ERR,ERR,ERR,ERR,ERR,ERR,ERR,ERR,ERR,ERR,ERR,ERR,ERR,ERR,ERR,ERR,ERR,ERR,ERR,ERR,ERR,ERR,ERR,ERR,2.7184278591402704e+23,0.0,-0.0,0.0,0.0,0.0,0.0,nan,0,0,0,32768,0,0.0,0,0.0,0.0,0.0,0.0,0.0,0,0,0,0,0.0,0,0,0,0,0,0,0,0,0,0,0,0,0,0,0,0,0,0,0,0,0,0,0,0,0,0,0,0,0,0,0,0,0,0,0,0,0,0,0,0,0,0,0,0,0.0,0.0,0.0,0.0,0.0,0.0,0.0,0.0,0.0,0.0,0.0,0.0,0.0,0.0,0.0,0.0,0.0,0.0,0.0,0.0,0.0,0.0,0.0,0.0,-2.004,2.004,0.0,0.0,0.0,0.0,3407.0,1.5879157526988056e+29,0.0,2.7184278591402704e+23,0.0,-0.0,0.0,0.0,0.0,0.0,0.0,0,-0.0,-4.9503763722913574e+32,0.0,0.0,0.0,0.0,0.0,0.0,0.0,0,0,0,0.0,0.0,0.0,0.0,0.0,0.0,0.0,0.0,0.0,0.0,0.0,0.0,0.0,0.0,0.0,0.0,0,-107875648.0,0,0.0,0,-107875648.0,-107877712.0,0,39322,17039,0,17054,0,17038,0,0,0,110,100,100,-0.0,64.0,0.0,64.5,0.0,69.0,1,49,50,180,0,52429,0,0,0.0,0.0,0.0,0.0,-0.0,65.0,0.0,0.743,0.0,645,0,689,0,0,0,718,0,791,0,710,0,690,0,645,0,642,0,615,0.032,55836672.0,-2.004,0.0,18960,16788,-0.016,0.0,-197090143633408.0,-0.0,0.0,-2520810752.0,29.0,60.0,70,0.0,0.0,0.0,0.0,0.0,0.0,0.0,0.0,0.0,0.0,0.0,0.0,0.0,0.0,0.0,0.0,59.6,69,11,65508,41,65476,0,300,0,0,8,20529,65476,0,0,61604,60.0,0.0,0.0,0.0,0.0,0.0
2026-04-04T11:15:48,ERR,ERR,ERR,ERR,ERR,ERR,ERR,ERR,ERR,ERR,ERR,ERR,ERR,ERR,ERR,ERR,ERR,ERR,ERR,ERR,ERR,ERR,ERR,ERR,ERR,ERR,ERR,ERR,ERR,ERR,ERR,ERR,ERR,ERR,ERR,ERR,ERR,ERR,ERR,ERR,ERR,ERR,ERR,ERR,ERR,ERR,ERR,ERR,ERR,ERR,ERR,ERR,ERR,ERR,ERR,ERR,ERR,ERR,ERR,ERR,ERR,ERR,ERR,ERR,ERR,ERR,ERR,ERR,ERR,ERR,ERR,ERR,ERR,ERR,ERR,ERR,ERR,ERR,ERR,ERR,ERR,ERR,ERR,ERR,ERR,ERR,ERR,ERR,ERR,ERR,ERR,ERR,ERR,ERR,ERR,ERR,ERR,ERR,ERR,ERR,ERR,ERR,ERR,ERR,ERR,ERR,ERR,ERR,ERR,ERR,ERR,ERR,ERR,ERR,ERR,ERR,ERR,ERR,ERR,ERR,ERR,ERR,ERR,ERR,ERR,2.7184278591402704e+23,0.0,-0.0,0.0,0.0,0.0,0.0,nan,0,0,0,32768,0,0.0,0,0.0,0.0,0.0,0.0,0.0,0,0,0,0,0.0,0,0,0,0,0,0,0,0,0,0,0,0,0,0,0,0,0,0,0,0,0,0,0,0,0,0,0,0,0,0,0,0,0,0,0,0,0,0,0,0,0,0,0,0,0.0,0.0,0.0,0.0,0.0,0.0,0.0,0.0,0.0,0.0,0.0,0.0,0.0,0.0,0.0,0.0,0.0,0.0,0.0,0.0,0.0,0.0,0.0,0.0,-2.004,2.004,0.0,0.0,0.0,0.0,3407.0,1.5879157526988056e+29,0.0,2.7184278591402704e+23,0.0,-0.0,0.0,0.0,0.0,0.0,0.0,0,-0.0,-4.9503763722913574e+32,0.0,0.0,0.0,0.0,0.0,0.0,0.0,0,0,0,0.0,0.0,0.0,0.0,0.0,0.0,0.0,0.0,0.0,0.0,0.0,0.0,0.0,0.0,0.0,0.0,0,-107875648.0,0,0.0,0,-107875648.0,-107877712.0,0,39322,17039,13107,17054,52429,17037,0,0,0,110,100,100,2.7302334150594743e+23,64.0,0.0,64.5,0.0,69.0,1,49,50,180,0,52429,0,0,0.0,0.0,0.0,0.0,-0.0,65.0,0.0,0.001,0.0,646,0,689,0,0,0,718,0,791,0,710,0,690,0,645,0,642,0,615,0.032,45875200.0,-2.004,0.0,784,16788,-0.0,0.001,-0.0,4.0445788371104084e+31,0.0,-0.0,29.0,60.0,70,0.0,0.0,0.0,0.0,0.0,0.0,0.0,0.0,0.0,0.0,0.0,0.0,0.0,0.0,0.0,0.0,59.2,69,11,65508,41,65476,0,300,0,0,8,20529,65476,0,0,61604,60.0,0.0,0.0,0.0,0.0,0.0
2026-04-04T11:15:49,ERR,ERR,ERR,ERR,ERR,ERR,ERR,ERR,ERR,ERR,ERR,ERR,ERR,ERR,ERR,ERR,ERR,ERR,ERR,ERR,ERR,ERR,ERR,ERR,ERR,ERR,ERR,ERR,ERR,ERR,ERR,ERR,ERR,ERR,ERR,ERR,ERR,ERR,ERR,ERR,ERR,ERR,ERR,ERR,ERR,ERR,ERR,ERR,ERR,ERR,ERR,ERR,ERR,ERR,ERR,ERR,ERR,ERR,ERR,ERR,ERR,ERR,ERR,ERR,ERR,ERR,ERR,ERR,ERR,ERR,ERR,ERR,ERR,ERR,ERR,ERR,ERR,ERR,ERR,ERR,ERR,ERR,ERR,ERR,ERR,ERR,ERR,ERR,ERR,ERR,ERR,ERR,ERR,ERR,ERR,ERR,ERR,ERR,ERR,ERR,ERR,ERR,ERR,ERR,ERR,ERR,ERR,ERR,ERR,ERR,ERR,ERR,ERR,ERR,ERR,ERR,ERR,ERR,ERR,ERR,ERR,ERR,ERR,ERR,ERR,2.7184278591402704e+23,0.0,-0.0,0.0,0.0,0.0,0.0,nan,0,0,0,32768,0,0.0,0,0.0,0.0,0.0,0.0,0.0,0,0,0,0,0.0,0,0,0,0,0,0,0,0,0,0,0,0,0,0,0,0,0,0,0,0,0,0,0,0,0,0,0,0,0,0,0,0,0,0,0,0,0,0,0,0,0,0,0,0,0.0,0.0,0.0,0.0,0.0,0.0,0.0,0.0,0.0,0.0,0.0,0.0,0.0,0.0,0.0,0.0,0.0,0.0,0.0,0.0,0.0,0.0,0.0,0.0,-2.004,2.004,0.0,0.0,0.0,0.0,3407.0,1.5879157526988056e+29,0.0,2.7184278591402704e+23,0.0,-0.0,0.0,0.0,0.0,0.0,0.0,0,-0.0,-4.9503763722913574e+32,0.0,0.0,0.0,0.0,0.0,0.0,0.0,0,0,0,0.0,0.0,0.0,0.0,0.0,0.0,0.0,0.0,0.0,0.0,0.0,0.0,0.0,0.0,0.0,0.0,0,-107875648.0,0,0.0,0,-107875648.0,-107877712.0,0,39322,17039,13107,17054,52429,17037,0,0,0,110,100,100,2.7302334150594743e+23,64.0,0.0,64.5,0.0,69.0,1,49,50,180,0,52429,0,0,0.0,0.0,0.0,0.0,-0.0,65.0,0.0,0.001,0.0,646,0,689,0,0,0,718,0,791,0,710,0,690,0,645,0,642,0,615,0.032,45875200.0,-2.004,0.0,784,16788,-0.0,0.001,-0.0,4.0445788371104084e+31,0.0,-0.0,29.0,60.0,70,0.0,0.0,0.0,0.0,0.0,0.0,0.0,0.0,0.0,0.0,0.0,0.0,0.0,0.0,0.0,0.0,59.2,69,11,65508,41,65476,0,300,0,0,8,20529,65476,0,0,61604,60.0,0.0,0.0,0.0,0.0,0.0
2026-04-04T11:15:50,ERR,ERR,ERR,ERR,ERR,ERR,ERR,ERR,ERR,ERR,ERR,ERR,ERR,ERR,ERR,ERR,ERR,ERR,ERR,ERR,ERR,ERR,ERR,ERR,ERR,ERR,ERR,ERR,ERR,ERR,ERR,ERR,ERR,ERR,ERR,ERR,ERR,ERR,ERR,ERR,ERR,ERR,ERR,ERR,ERR,ERR,ERR,ERR,ERR,ERR,ERR,ERR,ERR,ERR,ERR,ERR,ERR,ERR,ERR,ERR,ERR,ERR,ERR,ERR,ERR,ERR,ERR,ERR,ERR,ERR,ERR,ERR,ERR,ERR,ERR,ERR,ERR,ERR,ERR,ERR,ERR,ERR,ERR,ERR,ERR,ERR,ERR,ERR,ERR,ERR,ERR,ERR,ERR,ERR,ERR,ERR,ERR,ERR,ERR,ERR,ERR,ERR,ERR,ERR,ERR,ERR,ERR,ERR,ERR,ERR,ERR,ERR,ERR,ERR,ERR,ERR,ERR,ERR,ERR,ERR,ERR,ERR,ERR,ERR,ERR,2.7184278591402704e+23,0.0,-0.0,0.0,0.0,0.0,0.0,nan,0,0,0,32768,0,0.0,0,0.0,0.0,0.0,0.0,0.0,0,0,0,0,0.0,0,0,0,0,0,0,0,0,0,0,0,0,0,0,0,0,0,0,0,0,0,0,0,0,0,0,0,0,0,0,0,0,0,0,0,0,0,0,0,0,0,0,0,0,0.0,0.0,0.0,0.0,0.0,0.0,0.0,0.0,0.0,0.0,0.0,0.0,0.0,0.0,0.0,0.0,0.0,0.0,0.0,0.0,0.0,0.0,0.0,0.0,-2.004,2.004,0.0,0.0,0.0,0.0,3407.0,1.5879157526988056e+29,0.0,2.7184278591402704e+23,0.0,-0.0,0.0,0.0,0.0,0.0,0.0,0,-0.0,-4.9503763722913574e+32,0.0,0.0,0.0,0.0,0.0,0.0,0.0,0,0,0,0.0,0.0,0.0,0.0,0.0,0.0,0.0,0.0,0.0,0.0,0.0,0.0,0.0,0.0,0.0,0.0,0,-107875648.0,0,0.0,0,-107875648.0,-107877712.0,0,39322,17039,13107,17054,52429,17037,0,0,0,110,100,100,2.7302334150594743e+23,64.0,0.0,64.5,0.0,69.0,1,49,50,180,0,52429,0,0,0.0,0.0,0.0,0.0,-0.0,65.0,0.0,0.001,0.0,646,0,689,0,0,0,718,0,791,0,710,0,690,0,645,0,642,0,615,0.032,45875200.0,-2.004,0.0,784,16788,-0.0,0.001,-0.0,4.0445788371104084e+31,0.0,-0.0,29.0,60.0,70,0.0,0.0,0.0,0.0,0.0,0.0,0.0,0.0,0.0,0.0,0.0,0.0,0.0,0.0,0.0,0.0,59.2,69,11,65508,41,65476,0,300,0,0,8,20529,65476,0,0,61604,60.0,0.0,0.0,0.0,0.0,0.0
2026-04-04T11:15:51,ERR,ERR,ERR,ERR,ERR,ERR,ERR,ERR,ERR,ERR,ERR,ERR,ERR,ERR,ERR,ERR,ERR,ERR,ERR,ERR,ERR,ERR,ERR,ERR,ERR,ERR,ERR,ERR,ERR,ERR,ERR,ERR,ERR,ERR,ERR,ERR,ERR,ERR,ERR,ERR,ERR,ERR,ERR,ERR,ERR,ERR,ERR,ERR,ERR,ERR,ERR,ERR,ERR,ERR,ERR,ERR,ERR,ERR,ERR,ERR,ERR,ERR,ERR,ERR,ERR,ERR,ERR,ERR,ERR,ERR,ERR,ERR,ERR,ERR,ERR,ERR,ERR,ERR,ERR,ERR,ERR,ERR,ERR,ERR,ERR,ERR,ERR,ERR,ERR,ERR,ERR,ERR,ERR,ERR,ERR,ERR,ERR,ERR,ERR,ERR,ERR,ERR,ERR,ERR,ERR,ERR,ERR,ERR,ERR,ERR,ERR,ERR,ERR,ERR,ERR,ERR,ERR,ERR,ERR,ERR,ERR,ERR,ERR,ERR,ERR,2.7184278591402704e+23,0.0,-0.0,0.0,0.0,0.0,0.0,nan,0,0,0,32768,0,0.0,0,0.0,0.0,0.0,0.0,0.0,0,0,0,0,0.0,0,0,0,0,0,0,0,0,0,0,0,0,0,0,0,0,0,0,0,0,0,0,0,0,0,0,0,0,0,0,0,0,0,0,0,0,0,0,0,0,0,0,0,0,0.0,0.0,0.0,0.0,0.0,0.0,0.0,0.0,0.0,0.0,0.0,0.0,0.0,0.0,0.0,0.0,0.0,0.0,0.0,0.0,0.0,0.0,0.0,0.0,-2.004,2.004,0.0,0.0,0.0,0.0,3407.0,1.5879157526988056e+29,0.0,2.7184278591402704e+23,0.0,-0.0,0.0,0.0,0.0,0.0,0.0,0,-0.0,-4.9503763722913574e+32,0.0,0.0,0.0,0.0,0.0,0.0,0.0,0,0,0,0.0,0.0,0.0,0.0,0.0,0.0,0.0,0.0,0.0,0.0,0.0,0.0,0.0,0.0,0.0,0.0,0,-107875648.0,0,0.0,0,-107875648.0,-107877712.0,0,39322,17039,13107,17054,52429,17037,0,0,0,110,100,100,2.7302334150594743e+23,64.0,0.0,64.5,0.0,69.0,1,49,50,180,0,52429,0,0,0.0,0.0,0.0,0.0,-0.0,65.0,0.0,0.001,0.0,646,0,689,0,0,0,718,0,791,0,710,0,690,0,645,0,642,0,615,0.032,45875200.0,-2.004,0.0,784,16788,-0.0,0.001,-0.0,4.0445788371104084e+31,0.0,-0.0,29.0,60.0,70,0.0,0.0,0.0,0.0,0.0,0.0,0.0,0.0,0.0,0.0,0.0,0.0,0.0,0.0,0.0,0.0,59.2,69,11,65508,41,65476,0,300,0,0,8,20529,65476,0,0,61604,60.0,0.0,0.0,0.0,0.0,0.0
2026-04-04T11:15:52,ERR,ERR,ERR,ERR,ERR,ERR,ERR,ERR,ERR,ERR,ERR,ERR,ERR,ERR,ERR,ERR,ERR,ERR,ERR,ERR,ERR,ERR,ERR,ERR,ERR,ERR,ERR,ERR,ERR,ERR,ERR,ERR,ERR,ERR,ERR,ERR,ERR,ERR,ERR,ERR,ERR,ERR,ERR,ERR,ERR,ERR,ERR,ERR,ERR,ERR,ERR,ERR,ERR,ERR,ERR,ERR,ERR,ERR,ERR,ERR,ERR,ERR,ERR,ERR,ERR,ERR,ERR,ERR,ERR,ERR,ERR,ERR,ERR,ERR,ERR,ERR,ERR,ERR,ERR,ERR,ERR,ERR,ERR,ERR,ERR,ERR,ERR,ERR,ERR,ERR,ERR,ERR,ERR,ERR,ERR,ERR,ERR,ERR,ERR,ERR,ERR,ERR,ERR,ERR,ERR,ERR,ERR,ERR,ERR,ERR,ERR,ERR,ERR,ERR,ERR,ERR,ERR,ERR,ERR,ERR,ERR,ERR,ERR,ERR,ERR,2.7184278591402704e+23,0.0,-0.0,0.0,0.0,0.0,0.0,nan,0,0,0,32768,0,0.0,0,0.0,0.0,0.0,0.0,0.0,0,0,0,0,0.0,0,0,0,0,0,0,0,0,0,0,0,0,0,0,0,0,0,0,0,0,0,0,0,0,0,0,0,0,0,0,0,0,0,0,0,0,0,0,0,0,0,0,0,0,0.0,0.0,0.0,0.0,0.0,0.0,0.0,0.0,0.0,0.0,0.0,0.0,0.0,0.0,0.0,0.0,0.0,0.0,0.0,0.0,0.0,0.0,0.0,0.0,-2.004,2.004,0.0,0.0,0.0,0.0,3407.0,1.5879157526988056e+29,0.0,2.7184278591402704e+23,0.0,-0.0,0.0,0.0,0.0,0.0,0.0,0,-0.0,-4.9503763722913574e+32,0.0,0.0,0.0,0.0,0.0,0.0,0.0,0,0,0,0.0,0.0,0.0,0.0,0.0,0.0,0.0,0.0,0.0,0.0,0.0,0.0,0.0,0.0,0.0,0.0,0,-107875648.0,0,0.0,0,-107875648.0,-107877712.0,0,39322,17039,13107,17054,52429,17037,0,0,0,110,100,100,2.7302334150594743e+23,64.0,0.0,64.5,0.0,69.0,1,49,50,180,0,52429,0,0,0.0,0.0,0.0,0.0,-0.0,65.0,0.0,0.001,0.0,646,0,689,0,0,0,718,0,791,0,710,0,690,0,645,0,642,0,615,0.032,45875200.0,-2.004,0.0,784,16788,-0.0,0.001,-0.0,4.0445788371104084e+31,0.0,-0.0,29.0,60.0,70,0.0,0.0,0.0,0.0,0.0,0.0,0.0,0.0,0.0,0.0,0.0,0.0,0.0,0.0,0.0,0.0,59.2,69,11,65508,41,65476,0,300,0,0,8,20529,65476,0,0,61604,60.0,0.0,0.0,0.0,0.0,0.0
2026-04-04T11:15:53,ERR,ERR,ERR,ERR,ERR,ERR,ERR,ERR,ERR,ERR,ERR,ERR,ERR,ERR,ERR,ERR,ERR,ERR,ERR,ERR,ERR,ERR,ERR,ERR,ERR,ERR,ERR,ERR,ERR,ERR,ERR,ERR,ERR,ERR,ERR,ERR,ERR,ERR,ERR,ERR,ERR,ERR,ERR,ERR,ERR,ERR,ERR,ERR,ERR,ERR,ERR,ERR,ERR,ERR,ERR,ERR,ERR,ERR,ERR,ERR,ERR,ERR,ERR,ERR,ERR,ERR,ERR,ERR,ERR,ERR,ERR,ERR,ERR,ERR,ERR,ERR,ERR,ERR,ERR,ERR,ERR,ERR,ERR,ERR,ERR,ERR,ERR,ERR,ERR,ERR,ERR,ERR,ERR,ERR,ERR,ERR,ERR,ERR,ERR,ERR,ERR,ERR,ERR,ERR,ERR,ERR,ERR,ERR,ERR,ERR,ERR,ERR,ERR,ERR,ERR,ERR,ERR,ERR,ERR,ERR,ERR,ERR,ERR,ERR,ERR,2.7184278591402704e+23,0.0,-0.0,0.0,0.0,0.0,0.0,nan,0,0,0,32768,0,0.0,0,0.0,0.0,0.0,0.0,0.0,0,0,0,0,0.0,0,0,0,0,0,0,0,0,0,0,0,0,0,0,0,0,0,0,0,0,0,0,0,0,0,0,0,0,0,0,0,0,0,0,0,0,0,0,0,0,0,0,0,0,0.0,0.0,0.0,0.0,0.0,0.0,0.0,0.0,0.0,0.0,0.0,0.0,0.0,0.0,0.0,0.0,0.0,0.0,0.0,0.0,0.0,0.0,0.0,0.0,-2.004,2.004,0.0,0.0,0.0,0.0,3407.0,1.5879157526988056e+29,0.0,2.7184278591402704e+23,0.0,-0.0,0.0,0.0,0.0,0.0,0.0,0,-0.0,-4.9503763722913574e+32,0.0,0.0,0.0,0.0,0.0,0.0,0.0,0,0,0,0.0,0.0,0.0,0.0,0.0,0.0,0.0,0.0,0.0,0.0,0.0,0.0,0.0,0.0,0.0,0.0,0,-107875648.0,0,0.0,0,-107875648.0,-107877712.0,0,39322,17039,13107,17054,52429,17037,0,0,0,110,100,100,2.7302334150594743e+23,64.0,0.0,64.5,0.0,69.0,1,49,50,180,0,52429,0,0,0.0,0.0,0.0,0.0,-0.0,65.0,0.0,0.001,0.0,646,0,689,0,0,0,718,0,791,0,710,0,690,0,645,0,642,0,615,0.032,45875200.0,-2.004,0.0,784,16788,-0.0,0.001,-0.0,4.0445788371104084e+31,0.0,-0.0,29.0,60.0,70,0.0,0.0,0.0,0.0,0.0,0.0,0.0,0.0,0.0,0.0,0.0,0.0,0.0,0.0,0.0,0.0,59.6,69,11,65508,41,65476,0,300,0,0,8,20529,65476,0,0,61604,60.0,0.0,0.0,0.0,0.0,0.0
2026-04-04T11:15:54,ERR,ERR,ERR,ERR,ERR,ERR,ERR,ERR,ERR,ERR,ERR,ERR,ERR,ERR,ERR,ERR,ERR,ERR,ERR,ERR,ERR,ERR,ERR,ERR,ERR,ERR,ERR,ERR,ERR,ERR,ERR,ERR,ERR,ERR,ERR,ERR,ERR,ERR,ERR,ERR,ERR,ERR,ERR,ERR,ERR,ERR,ERR,ERR,ERR,ERR,ERR,ERR,ERR,ERR,ERR,ERR,ERR,ERR,ERR,ERR,ERR,ERR,ERR,ERR,ERR,ERR,ERR,ERR,ERR,ERR,ERR,ERR,ERR,ERR,ERR,ERR,ERR,ERR,ERR,ERR,ERR,ERR,ERR,ERR,ERR,ERR,ERR,ERR,ERR,ERR,ERR,ERR,ERR,ERR,ERR,ERR,ERR,ERR,ERR,ERR,ERR,ERR,ERR,ERR,ERR,ERR,ERR,ERR,ERR,ERR,ERR,ERR,ERR,ERR,ERR,ERR,ERR,ERR,ERR,ERR,ERR,ERR,ERR,ERR,ERR,2.7184278591402704e+23,0.0,-0.0,0.0,0.0,0.0,0.0,nan,0,0,0,32768,0,0.0,0,0.0,0.0,0.0,0.0,0.0,0,0,0,0,0.0,0,0,0,0,0,0,0,0,0,0,0,0,0,0,0,0,0,0,0,0,0,0,0,0,0,0,0,0,0,0,0,0,0,0,0,0,0,0,0,0,0,0,0,0,0.0,0.0,0.0,0.0,0.0,0.0,0.0,0.0,0.0,0.0,0.0,0.0,0.0,0.0,0.0,0.0,0.0,0.0,0.0,0.0,0.0,0.0,0.0,0.0,-2.004,2.004,0.0,0.0,0.0,0.0,3406.0,0.0,0.0,2.7184278591402704e+23,0.0,-0.0,0.0,0.0,0.0,0.0,0.0,0,5.8480786593265204e+35,-107614264.0,0.0,0.0,0.0,0.0,0.0,0.0,0.0,0,0,0,0.0,0.0,0.0,0.0,0.0,0.0,0.0,0.0,0.0,0.0,0.0,0.0,0.0,0.0,0.0,0.0,0,-107875648.0,0,0.0,0,-107875648.0,-107877712.0,0,39322,17039,13107,17054,0,17038,0,0,0,110,100,100,2.7302334150594743e+23,64.0,0.0,64.5,0.0,69.0,1,49,50,180,0,52429,0,0,0.0,0.0,0.0,0.0,-0.0,65.0,0.0,0.0,0.0,645,0,689,0,0,0,718,0,791,0,710,0,690,0,645,0,642,0,615,0.032,55574528.0,-2.004,0.0,2448,16788,-0.0,12767983616.0,-50.063,-0.0,0.0,-0.004,29.0,60.0,70,0.0,0.0,0.0,0.0,0.0,0.0,0.0,0.0,0.0,0.0,0.0,0.0,0.0,0.0,0.0,0.0,59.6,69,11,65508,41,65476,0,300,0,0,8,20529,65476,0,0,61604,60.0,0.0,0.0,0.0,0.0,0.0
2026-04-04T11:15:55,ERR,ERR,ERR,ERR,ERR,ERR,ERR,ERR,ERR,ERR,ERR,ERR,ERR,ERR,ERR,ERR,ERR,ERR,ERR,ERR,ERR,ERR,ERR,ERR,ERR,ERR,ERR,ERR,ERR,ERR,ERR,ERR,ERR,ERR,ERR,ERR,ERR,ERR,ERR,ERR,ERR,ERR,ERR,ERR,ERR,ERR,ERR,ERR,ERR,ERR,ERR,ERR,ERR,ERR,ERR,ERR,ERR,ERR,ERR,ERR,ERR,ERR,ERR,ERR,ERR,ERR,ERR,ERR,ERR,ERR,ERR,ERR,ERR,ERR,ERR,ERR,ERR,ERR,ERR,ERR,ERR,ERR,ERR,ERR,ERR,ERR,ERR,ERR,ERR,ERR,ERR,ERR,ERR,ERR,ERR,ERR,ERR,ERR,ERR,ERR,ERR,ERR,ERR,ERR,ERR,ERR,ERR,ERR,ERR,ERR,ERR,ERR,ERR,ERR,ERR,ERR,ERR,ERR,ERR,ERR,ERR,ERR,ERR,ERR,ERR,2.7184278591402704e+23,0.0,-0.0,0.0,0.0,0.0,0.0,nan,0,0,0,32768,0,0.0,0,0.0,0.0,0.0,0.0,0.0,0,0,0,0,0.0,0,0,0,0,0,0,0,0,0,0,0,0,0,0,0,0,0,0,0,0,0,0,0,0,0,0,0,0,0,0,0,0,0,0,0,0,0,0,0,0,0,0,0,0,0.0,0.0,0.0,0.0,0.0,0.0,0.0,0.0,0.0,0.0,0.0,0.0,0.0,0.0,0.0,0.0,0.0,0.0,0.0,0.0,0.0,0.0,0.0,0.0,-2.004,2.004,0.0,0.0,0.0,0.0,3406.0,0.0,0.0,2.7184278591402704e+23,0.0,-0.0,0.0,0.0,0.0,0.0,0.0,0,5.8480786593265204e+35,-107614264.0,0.0,0.0,0.0,0.0,0.0,0.0,0.0,0,0,0,0.0,0.0,0.0,0.0,0.0,0.0,0.0,0.0,0.0,0.0,0.0,0.0,0.0,0.0,0.0,0.0,0,-107875648.0,0,0.0,0,-107875648.0,-107877712.0,0,39322,17039,13107,17054,0,17038,0,0,0,110,100,100,2.7302334150594743e+23,64.0,0.0,64.5,0.0,69.0,1,49,50,180,0,52429,0,0,0.0,0.0,0.0,0.0,-0.0,65.0,0.0,0.0,0.0,645,0,689,0,0,0,718,0,791,0,710,0,690,0,645,0,642,0,615,0.032,55574528.0,-2.004,0.0,2448,16788,-0.0,12767983616.0,-50.063,-0.0,0.0,-0.004,29.0,60.0,70,0.0,0.0,0.0,0.0,0.0,0.0,0.0,0.0,0.0,0.0,0.0,0.0,0.0,0.0,0.0,0.0,59.2,69,11,65508,41,65476,0,300,0,0,8,20529,65476,0,0,61604,60.0,0.0,0.0,0.0,0.0,0.0
2026-04-04T11:15:56,ERR,ERR,ERR,ERR,ERR,ERR,ERR,ERR,ERR,ERR,ERR,ERR,ERR,ERR,ERR,ERR,ERR,ERR,ERR,ERR,ERR,ERR,ERR,ERR,ERR,ERR,ERR,ERR,ERR,ERR,ERR,ERR,ERR,ERR,ERR,ERR,ERR,ERR,ERR,ERR,ERR,ERR,ERR,ERR,ERR,ERR,ERR,ERR,ERR,ERR,ERR,ERR,ERR,ERR,ERR,ERR,ERR,ERR,ERR,ERR,ERR,ERR,ERR,ERR,ERR,ERR,ERR,ERR,ERR,ERR,ERR,ERR,ERR,ERR,ERR,ERR,ERR,ERR,ERR,ERR,ERR,ERR,ERR,ERR,ERR,ERR,ERR,ERR,ERR,ERR,ERR,ERR,ERR,ERR,ERR,ERR,ERR,ERR,ERR,ERR,ERR,ERR,ERR,ERR,ERR,ERR,ERR,ERR,ERR,ERR,ERR,ERR,ERR,ERR,ERR,ERR,ERR,ERR,ERR,ERR,ERR,ERR,ERR,ERR,ERR,2.7184278591402704e+23,0.0,-0.0,0.0,0.0,0.0,0.0,nan,0,0,0,32768,0,0.0,0,0.0,0.0,0.0,0.0,0.0,0,0,0,0,0.0,0,0,0,0,0,0,0,0,0,0,0,0,0,0,0,0,0,0,0,0,0,0,0,0,0,0,0,0,0,0,0,0,0,0,0,0,0,0,0,0,0,0,0,0,0.0,0.0,0.0,0.0,0.0,0.0,0.0,0.0,0.0,0.0,0.0,0.0,0.0,0.0,0.0,0.0,0.0,0.0,0.0,0.0,0.0,0.0,0.0,0.0,-2.004,2.004,0.0,0.0,0.0,0.0,3406.0,0.0,0.0,2.7184278591402704e+23,0.0,-0.0,0.0,0.0,0.0,0.0,0.0,0,5.8480786593265204e+35,-107614264.0,0.0,0.0,0.0,0.0,0.0,0.0,0.0,0,0,0,0.0,0.0,0.0,0.0,0.0,0.0,0.0,0.0,0.0,0.0,0.0,0.0,0.0,0.0,0.0,0.0,0,-107875648.0,0,0.0,0,-107875648.0,-107877712.0,0,39322,17039,13107,17054,0,17038,0,0,0,110,100,100,2.7302334150594743e+23,64.0,0.0,64.5,0.0,69.0,1,49,50,180,0,52429,0,0,0.0,0.0,0.0,0.0,-0.0,65.0,0.0,0.0,0.0,645,0,689,0,0,0,718,0,791,0,710,0,690,0,645,0,642,0,615,0.032,55574528.0,-2.004,0.0,2448,16788,-0.0,12767983616.0,-50.063,-0.0,0.0,-0.004,29.0,60.0,70,0.0,0.0,0.0,0.0,0.0,0.0,0.0,0.0,0.0,0.0,0.0,0.0,0.0,0.0,0.0,0.0,59.2,69,11,65508,41,65476,0,300,0,0,8,20529,65476,0,0,61604,60.0,0.0,0.0,0.0,0.0,0.0
2026-04-04T11:15:57,ERR,ERR,ERR,ERR,ERR,ERR,ERR,ERR,ERR,ERR,ERR,ERR,ERR,ERR,ERR,ERR,ERR,ERR,ERR,ERR,ERR,ERR,ERR,ERR,ERR,ERR,ERR,ERR,ERR,ERR,ERR,ERR,ERR,ERR,ERR,ERR,ERR,ERR,ERR,ERR,ERR,ERR,ERR,ERR,ERR,ERR,ERR,ERR,ERR,ERR,ERR,ERR,ERR,ERR,ERR,ERR,ERR,ERR,ERR,ERR,ERR,ERR,ERR,ERR,ERR,ERR,ERR,ERR,ERR,ERR,ERR,ERR,ERR,ERR,ERR,ERR,ERR,ERR,ERR,ERR,ERR,ERR,ERR,ERR,ERR,ERR,ERR,ERR,ERR,ERR,ERR,ERR,ERR,ERR,ERR,ERR,ERR,ERR,ERR,ERR,ERR,ERR,ERR,ERR,ERR,ERR,ERR,ERR,ERR,ERR,ERR,ERR,ERR,ERR,ERR,ERR,ERR,ERR,ERR,ERR,ERR,ERR,ERR,ERR,ERR,2.7184278591402704e+23,0.0,-0.0,0.0,0.0,0.0,0.0,nan,0,0,0,32768,0,0.0,0,0.0,0.0,0.0,0.0,0.0,0,0,0,0,0.0,0,0,0,0,0,0,0,0,0,0,0,0,0,0,0,0,0,0,0,0,0,0,0,0,0,0,0,0,0,0,0,0,0,0,0,0,0,0,0,0,0,0,0,0,0.0,0.0,0.0,0.0,0.0,0.0,0.0,0.0,0.0,0.0,0.0,0.0,0.0,0.0,0.0,0.0,0.0,0.0,0.0,0.0,0.0,0.0,0.0,0.0,-2.004,2.004,0.0,0.0,0.0,0.0,3406.0,0.0,0.0,2.7184278591402704e+23,0.0,-0.0,0.0,0.0,0.0,0.0,0.0,0,5.8480786593265204e+35,-107614264.0,0.0,0.0,0.0,0.0,0.0,0.0,0.0,0,0,0,0.0,0.0,0.0,0.0,0.0,0.0,0.0,0.0,0.0,0.0,0.0,0.0,0.0,0.0,0.0,0.0,0,-107875648.0,0,0.0,0,-107875648.0,-107877712.0,0,39322,17039,13107,17054,0,17038,0,0,0,110,100,100,2.7302334150594743e+23,64.0,0.0,64.5,0.0,69.0,1,49,50,180,0,52429,0,0,0.0,0.0,0.0,0.0,-0.0,65.0,0.0,0.0,0.0,645,0,689,0,0,0,718,0,791,0,710,0,690,0,645,0,642,0,615,0.032,55574528.0,-2.004,0.0,2448,16788,-0.0,12767983616.0,-50.063,-0.0,0.0,-0.004,29.0,60.0,70,0.0,0.0,0.0,0.0,0.0,0.0,0.0,0.0,0.0,0.0,0.0,0.0,0.0,0.0,0.0,0.0,59.2,69,11,65508,41,65476,0,300,0,0,8,20529,65476,0,0,61604,60.0,0.0,0.0,0.0,0.0,0.0
2026-04-04T11:15:58,ERR,ERR,ERR,ERR,ERR,ERR,ERR,ERR,ERR,ERR,ERR,ERR,ERR,ERR,ERR,ERR,ERR,ERR,ERR,ERR,ERR,ERR,ERR,ERR,ERR,ERR,ERR,ERR,ERR,ERR,ERR,ERR,ERR,ERR,ERR,ERR,ERR,ERR,ERR,ERR,ERR,ERR,ERR,ERR,ERR,ERR,ERR,ERR,ERR,ERR,ERR,ERR,ERR,ERR,ERR,ERR,ERR,ERR,ERR,ERR,ERR,ERR,ERR,ERR,ERR,ERR,ERR,ERR,ERR,ERR,ERR,ERR,ERR,ERR,ERR,ERR,ERR,ERR,ERR,ERR,ERR,ERR,ERR,ERR,ERR,ERR,ERR,ERR,ERR,ERR,ERR,ERR,ERR,ERR,ERR,ERR,ERR,ERR,ERR,ERR,ERR,ERR,ERR,ERR,ERR,ERR,ERR,ERR,ERR,ERR,ERR,ERR,ERR,ERR,ERR,ERR,ERR,ERR,ERR,ERR,ERR,ERR,ERR,ERR,ERR,2.7184278591402704e+23,0.0,-0.0,0.0,0.0,0.0,0.0,nan,0,0,0,32768,0,0.0,0,0.0,0.0,0.0,0.0,0.0,0,0,0,0,0.0,0,0,0,0,0,0,0,0,0,0,0,0,0,0,0,0,0,0,0,0,0,0,0,0,0,0,0,0,0,0,0,0,0,0,0,0,0,0,0,0,0,0,0,0,0.0,0.0,0.0,0.0,0.0,0.0,0.0,0.0,0.0,0.0,0.0,0.0,0.0,0.0,0.0,0.0,0.0,0.0,0.0,0.0,0.0,0.0,0.0,0.0,-2.004,2.004,0.0,0.0,0.0,0.0,3406.0,0.0,0.0,2.7184278591402704e+23,0.0,-0.0,0.0,0.0,0.0,0.0,0.0,0,5.8480786593265204e+35,-107614264.0,0.0,0.0,0.0,0.0,0.0,0.0,0.0,0,0,0,0.0,0.0,0.0,0.0,0.0,0.0,0.0,0.0,0.0,0.0,0.0,0.0,0.0,0.0,0.0,0.0,0,-107875648.0,0,0.0,0,-107875648.0,-107877712.0,0,39322,17039,13107,17054,0,17038,0,0,0,110,100,100,2.7302334150594743e+23,64.0,0.0,64.5,0.0,69.0,1,49,50,180,0,52429,0,0,0.0,0.0,0.0,0.0,-0.0,65.0,0.0,0.0,0.0,645,0,689,0,0,0,718,0,791,0,710,0,690,0,645,0,642,0,615,0.032,55574528.0,-2.004,0.0,2448,16788,-0.0,12767983616.0,-50.063,-0.0,0.0,-0.004,29.0,60.0,70,0.0,0.0,0.0,0.0,0.0,0.0,0.0,0.0,0.0,0.0,0.0,0.0,0.0,0.0,0.0,0.0,59.6,69,11,65508,41,65476,0,300,0,0,8,20529,65476,0,0,61604,60.0,0.0,0.0,0.0,0.0,0.0
2026-04-04T11:15:59,ERR,ERR,ERR,ERR,ERR,ERR,ERR,ERR,ERR,ERR,ERR,ERR,ERR,ERR,ERR,ERR,ERR,ERR,ERR,ERR,ERR,ERR,ERR,ERR,ERR,ERR,ERR,ERR,ERR,ERR,ERR,ERR,ERR,ERR,ERR,ERR,ERR,ERR,ERR,ERR,ERR,ERR,ERR,ERR,ERR,ERR,ERR,ERR,ERR,ERR,ERR,ERR,ERR,ERR,ERR,ERR,ERR,ERR,ERR,ERR,ERR,ERR,ERR,ERR,ERR,ERR,ERR,ERR,ERR,ERR,ERR,ERR,ERR,ERR,ERR,ERR,ERR,ERR,ERR,ERR,ERR,ERR,ERR,ERR,ERR,ERR,ERR,ERR,ERR,ERR,ERR,ERR,ERR,ERR,ERR,ERR,ERR,ERR,ERR,ERR,ERR,ERR,ERR,ERR,ERR,ERR,ERR,ERR,ERR,ERR,ERR,ERR,ERR,ERR,ERR,ERR,ERR,ERR,ERR,ERR,ERR,ERR,ERR,ERR,ERR,2.7184278591402704e+23,0.0,-0.0,0.0,0.0,0.0,0.0,nan,0,0,0,32768,0,0.0,0,0.0,0.0,0.0,0.0,0.0,0,0,0,0,0.0,0,0,0,0,0,0,0,0,0,0,0,0,0,0,0,0,0,0,0,0,0,0,0,0,0,0,0,0,0,0,0,0,0,0,0,0,0,0,0,0,0,0,0,0,0.0,0.0,0.0,0.0,0.0,0.0,0.0,0.0,0.0,0.0,0.0,0.0,0.0,0.0,0.0,0.0,0.0,0.0,0.0,0.0,0.0,0.0,0.0,0.0,-2.004,2.004,0.0,0.0,0.0,0.0,3406.0,0.0,0.0,2.7184278591402704e+23,0.0,-0.0,0.0,0.0,0.0,0.0,0.0,0,5.8480786593265204e+35,-107614264.0,0.0,0.0,0.0,0.0,0.0,0.0,0.0,0,0,0,0.0,0.0,0.0,0.0,0.0,0.0,0.0,0.0,0.0,0.0,0.0,0.0,0.0,0.0,0.0,0.0,0,-107875648.0,0,0.0,0,-107875648.0,-107877712.0,0,39322,17039,13107,17054,0,17038,0,0,0,110,100,100,-0.0,64.0,0.0,64.5,0.0,69.0,1,49,50,180,0,52429,0,0,0.0,0.0,0.0,0.0,-0.0,65.0,0.0,0.0,0.0,645,0,689,0,0,0,718,0,791,0,710,0,690,0,645,0,643,0,615,0.032,55574528.0,-2.004,0.0,14864,16788,-0.0,0.0,-0.0,0.0,-5.863085578168207e+32,-0.0,29.0,60.0,70,0.0,0.0,0.0,0.0,0.0,0.0,0.0,0.0,0.0,0.0,0.0,0.0,0.0,0.0,0.0,0.0,59.6,69,11,65508,41,65476,0,300,0,0,8,20529,65476,0,0,61604,60.0,0.0,0.0,0.0,0.0,0.0
2026-04-04T11:16:00,ERR,ERR,ERR,ERR,ERR,ERR,ERR,ERR,ERR,ERR,ERR,ERR,ERR,ERR,ERR,ERR,ERR,ERR,ERR,ERR,ERR,ERR,ERR,ERR,ERR,ERR,ERR,ERR,ERR,ERR,ERR,ERR,ERR,ERR,ERR,ERR,ERR,ERR,ERR,ERR,ERR,ERR,ERR,ERR,ERR,ERR,ERR,ERR,ERR,ERR,ERR,ERR,ERR,ERR,ERR,ERR,ERR,ERR,ERR,ERR,ERR,ERR,ERR,ERR,ERR,ERR,ERR,ERR,ERR,ERR,ERR,ERR,ERR,ERR,ERR,ERR,ERR,ERR,ERR,ERR,ERR,ERR,ERR,ERR,ERR,ERR,ERR,ERR,ERR,ERR,ERR,ERR,ERR,ERR,ERR,ERR,ERR,ERR,ERR,ERR,ERR,ERR,ERR,ERR,ERR,ERR,ERR,ERR,ERR,ERR,ERR,ERR,ERR,ERR,ERR,ERR,ERR,ERR,ERR,ERR,ERR,ERR,ERR,ERR,ERR,2.7184278591402704e+23,0.0,-0.0,0.0,0.0,0.0,0.0,nan,0,0,0,32768,0,0.0,0,0.0,0.0,0.0,0.0,0.0,0,0,0,0,0.0,0,0,0,0,0,0,0,0,0,0,0,0,0,0,0,0,0,0,0,0,0,0,0,0,0,0,0,0,0,0,0,0,0,0,0,0,0,0,0,0,0,0,0,0,0.0,0.0,0.0,0.0,0.0,0.0,0.0,0.0,0.0,0.0,0.0,0.0,0.0,0.0,0.0,0.0,0.0,0.0,0.0,0.0,0.0,0.0,0.0,0.0,-2.004,2.004,0.0,0.0,0.0,0.0,3406.0,0.0,0.0,2.7184278591402704e+23,0.0,-0.0,0.0,0.0,0.0,0.0,0.0,0,5.8480786593265204e+35,-107614264.0,0.0,0.0,0.0,0.0,0.0,0.0,0.0,0,0,0,0.0,0.0,0.0,0.0,0.0,0.0,0.0,0.0,0.0,0.0,0.0,0.0,0.0,0.0,0.0,0.0,0,-107875648.0,0,0.0,0,-107875648.0,-107877712.0,0,39322,17039,13107,17054,0,17038,0,0,0,110,100,100,-0.0,64.0,0.0,64.5,0.0,69.0,1,49,50,180,0,52429,0,0,0.0,0.0,0.0,0.0,-0.0,65.0,0.0,0.0,0.0,645,0,689,0,0,0,718,0,791,0,710,0,690,0,645,0,643,0,615,0.032,55574528.0,-2.004,0.0,14864,16788,-0.0,0.0,-0.0,0.0,-5.863085578168207e+32,-0.0,29.0,60.0,70,0.0,0.0,0.0,0.0,0.0,0.0,0.0,0.0,0.0,0.0,0.0,0.0,0.0,0.0,0.0,0.0,59.2,69,11,65508,41,65476,0,300,0,0,8,20529,65476,0,0,61604,60.0,0.0,0.0,0.0,0.0,0.0
2026-04-04T11:16:01,ERR,ERR,ERR,ERR,ERR,ERR,ERR,ERR,ERR,ERR,ERR,ERR,ERR,ERR,ERR,ERR,ERR,ERR,ERR,ERR,ERR,ERR,ERR,ERR,ERR,ERR,ERR,ERR,ERR,ERR,ERR,ERR,ERR,ERR,ERR,ERR,ERR,ERR,ERR,ERR,ERR,ERR,ERR,ERR,ERR,ERR,ERR,ERR,ERR,ERR,ERR,ERR,ERR,ERR,ERR,ERR,ERR,ERR,ERR,ERR,ERR,ERR,ERR,ERR,ERR,ERR,ERR,ERR,ERR,ERR,ERR,ERR,ERR,ERR,ERR,ERR,ERR,ERR,ERR,ERR,ERR,ERR,ERR,ERR,ERR,ERR,ERR,ERR,ERR,ERR,ERR,ERR,ERR,ERR,ERR,ERR,ERR,ERR,ERR,ERR,ERR,ERR,ERR,ERR,ERR,ERR,ERR,ERR,ERR,ERR,ERR,ERR,ERR,ERR,ERR,ERR,ERR,ERR,ERR,ERR,ERR,ERR,ERR,ERR,ERR,2.7184278591402704e+23,0.0,-0.0,0.0,0.0,0.0,0.0,nan,0,0,0,32768,0,0.0,0,0.0,0.0,0.0,0.0,0.0,0,0,0,0,0.0,0,0,0,0,0,0,0,0,0,0,0,0,0,0,0,0,0,0,0,0,0,0,0,0,0,0,0,0,0,0,0,0,0,0,0,0,0,0,0,0,0,0,0,0,0.0,0.0,0.0,0.0,0.0,0.0,0.0,0.0,0.0,0.0,0.0,0.0,0.0,0.0,0.0,0.0,0.0,0.0,0.0,0.0,0.0,0.0,0.0,0.0,-2.004,2.004,0.0,0.0,0.0,0.0,3407.5,2.004,0.0,2.7184278591402704e+23,0.0,-0.0,0.0,0.0,0.0,0.0,0.0,0,-0.0,-152016189915136.0,0.0,0.0,0.0,0.0,0.0,0.0,0.0,0,0,0,0.0,0.0,0.0,0.0,0.0,0.0,0.0,0.0,0.0,0.0,0.0,0.0,0.0,0.0,0.0,0.0,0,-107875648.0,0,0.0,0,-107875648.0,-107877712.0,0,39322,17039,13107,17054,0,17038,0,0,0,110,100,100,-0.0,64.0,0.0,64.5,0.0,69.0,1,49,50,180,0,52429,0,0,0.0,0.0,0.0,0.0,-0.0,65.0,0.0,0.0,0.0,645,0,689,0,0,0,718,0,791,0,710,0,690,0,645,0,643,0,615,0.032,55574528.0,-2.004,0.0,14864,16788,-0.0,0.0,-0.0,0.0,-5.863085578168207e+32,-0.0,29.0,60.0,70,0.0,0.0,0.0,0.0,0.0,0.0,0.0,0.0,0.0,0.0,0.0,0.0,0.0,0.0,0.0,0.0,59.2,69,11,65508,41,65476,0,300,0,0,8,20529,65476,0,0,61604,60.0,0.0,0.0,0.0,0.0,0.0
2026-04-04T11:16:02,ERR,ERR,ERR,ERR,ERR,ERR,ERR,ERR,ERR,ERR,ERR,ERR,ERR,ERR,ERR,ERR,ERR,ERR,ERR,ERR,ERR,ERR,ERR,ERR,ERR,ERR,ERR,ERR,ERR,ERR,ERR,ERR,ERR,ERR,ERR,ERR,ERR,ERR,ERR,ERR,ERR,ERR,ERR,ERR,ERR,ERR,ERR,ERR,ERR,ERR,ERR,ERR,ERR,ERR,ERR,ERR,ERR,ERR,ERR,ERR,ERR,ERR,ERR,ERR,ERR,ERR,ERR,ERR,ERR,ERR,ERR,ERR,ERR,ERR,ERR,ERR,ERR,ERR,ERR,ERR,ERR,ERR,ERR,ERR,ERR,ERR,ERR,ERR,ERR,ERR,ERR,ERR,ERR,ERR,ERR,ERR,ERR,ERR,ERR,ERR,ERR,ERR,ERR,ERR,ERR,ERR,ERR,ERR,ERR,ERR,ERR,ERR,ERR,ERR,ERR,ERR,ERR,ERR,ERR,ERR,ERR,ERR,ERR,ERR,ERR,2.7184278591402704e+23,0.0,-0.0,0.0,0.0,0.0,0.0,nan,0,0,0,32768,0,0.0,0,0.0,0.0,0.0,0.0,0.0,0,0,0,0,0.0,0,0,0,0,0,0,0,0,0,0,0,0,0,0,0,0,0,0,0,0,0,0,0,0,0,0,0,0,0,0,0,0,0,0,0,0,0,0,0,0,0,0,0,0,0.0,0.0,0.0,0.0,0.0,0.0,0.0,0.0,0.0,0.0,0.0,0.0,0.0,0.0,0.0,0.0,0.0,0.0,0.0,0.0,0.0,0.0,0.0,0.0,-2.004,2.004,0.0,0.0,0.0,0.0,3407.5,2.004,0.0,2.7184278591402704e+23,0.0,-0.0,0.0,0.0,0.0,0.0,0.0,0,-0.0,-152016189915136.0,0.0,0.0,0.0,0.0,0.0,0.0,0.0,0,0,0,0.0,0.0,0.0,0.0,0.0,0.0,0.0,0.0,0.0,0.0,0.0,0.0,0.0,0.0,0.0,0.0,0,-107875648.0,0,0.0,0,-107875648.0,-107877712.0,0,39322,17039,13107,17054,0,17038,0,0,0,110,100,100,-0.0,64.0,0.0,64.5,0.0,69.0,1,49,50,180,0,52429,0,0,0.0,0.0,0.0,0.0,-0.0,65.0,0.0,0.0,0.0,645,0,689,0,0,0,718,0,791,0,710,0,690,0,645,0,643,0,615,0.032,55574528.0,-2.004,0.0,14864,16788,-0.0,0.0,-0.0,0.0,-5.863085578168207e+32,-0.0,29.0,60.0,70,0.0,0.0,0.0,0.0,0.0,0.0,0.0,0.0,0.0,0.0,0.0,0.0,0.0,0.0,0.0,0.0,59.2,69,11,65508,41,65476,0,300,0,0,8,20529,65476,0,0,61604,60.0,0.0,0.0,0.0,0.0,0.0
2026-04-04T11:16:03,ERR,ERR,ERR,ERR,ERR,ERR,ERR,ERR,ERR,ERR,ERR,ERR,ERR,ERR,ERR,ERR,ERR,ERR,ERR,ERR,ERR,ERR,ERR,ERR,ERR,ERR,ERR,ERR,ERR,ERR,ERR,ERR,ERR,ERR,ERR,ERR,ERR,ERR,ERR,ERR,ERR,ERR,ERR,ERR,ERR,ERR,ERR,ERR,ERR,ERR,ERR,ERR,ERR,ERR,ERR,ERR,ERR,ERR,ERR,ERR,ERR,ERR,ERR,ERR,ERR,ERR,ERR,ERR,ERR,ERR,ERR,ERR,ERR,ERR,ERR,ERR,ERR,ERR,ERR,ERR,ERR,ERR,ERR,ERR,ERR,ERR,ERR,ERR,ERR,ERR,ERR,ERR,ERR,ERR,ERR,ERR,ERR,ERR,ERR,ERR,ERR,ERR,ERR,ERR,ERR,ERR,ERR,ERR,ERR,ERR,ERR,ERR,ERR,ERR,ERR,ERR,ERR,ERR,ERR,ERR,ERR,ERR,ERR,ERR,ERR,2.7184278591402704e+23,0.0,-0.0,0.0,0.0,0.0,0.0,nan,0,0,0,32768,0,0.0,0,0.0,0.0,0.0,0.0,0.0,0,0,0,0,0.0,0,0,0,0,0,0,0,0,0,0,0,0,0,0,0,0,0,0,0,0,0,0,0,0,0,0,0,0,0,0,0,0,0,0,0,0,0,0,0,0,0,0,0,0,0.0,0.0,0.0,0.0,0.0,0.0,0.0,0.0,0.0,0.0,0.0,0.0,0.0,0.0,0.0,0.0,0.0,0.0,0.0,0.0,0.0,0.0,0.0,0.0,-2.004,2.004,0.0,0.0,0.0,0.0,3407.5,2.004,0.0,2.7184278591402704e+23,0.0,-0.0,0.0,0.0,0.0,0.0,0.0,0,-0.0,-152016189915136.0,0.0,0.0,0.0,0.0,0.0,0.0,0.0,0,0,0,0.0,0.0,0.0,0.0,0.0,0.0,0.0,0.0,0.0,0.0,0.0,0.0,0.0,0.0,0.0,0.0,0,-107875648.0,0,0.0,0,-107875648.0,-107877712.0,0,39322,17039,13107,17054,0,17038,0,0,0,110,100,100,-0.0,64.0,0.0,64.5,0.0,69.0,1,49,50,180,0,52429,0,0,0.0,0.0,0.0,0.0,-0.0,65.0,0.0,0.0,0.0,645,0,689,0,0,0,718,0,791,0,710,0,690,0,645,0,643,0,615,0.032,55574528.0,-2.004,0.0,14864,16788,-0.0,0.0,-0.0,0.0,-5.863085578168207e+32,-0.0,29.0,60.0,70,0.0,0.0,0.0,0.0,0.0,0.0,0.0,0.0,0.0,0.0,0.0,0.0,0.0,0.0,0.0,0.0,59.2,69,11,65508,41,65476,0,300,0,0,8,20529,65476,0,0,61604,60.0,0.0,0.0,0.0,0.0,0.0
2026-04-04T11:16:04,ERR,ERR,ERR,ERR,ERR,ERR,ERR,ERR,ERR,ERR,ERR,ERR,ERR,ERR,ERR,ERR,ERR,ERR,ERR,ERR,ERR,ERR,ERR,ERR,ERR,ERR,ERR,ERR,ERR,ERR,ERR,ERR,ERR,ERR,ERR,ERR,ERR,ERR,ERR,ERR,ERR,ERR,ERR,ERR,ERR,ERR,ERR,ERR,ERR,ERR,ERR,ERR,ERR,ERR,ERR,ERR,ERR,ERR,ERR,ERR,ERR,ERR,ERR,ERR,ERR,ERR,ERR,ERR,ERR,ERR,ERR,ERR,ERR,ERR,ERR,ERR,ERR,ERR,ERR,ERR,ERR,ERR,ERR,ERR,ERR,ERR,ERR,ERR,ERR,ERR,ERR,ERR,ERR,ERR,ERR,ERR,ERR,ERR,ERR,ERR,ERR,ERR,ERR,ERR,ERR,ERR,ERR,ERR,ERR,ERR,ERR,ERR,ERR,ERR,ERR,ERR,ERR,ERR,ERR,ERR,ERR,ERR,ERR,ERR,ERR,2.7184278591402704e+23,0.0,-0.0,0.0,0.0,0.0,0.0,nan,0,0,0,32768,0,0.0,0,0.0,0.0,0.0,0.0,0.0,0,0,0,0,0.0,0,0,0,0,0,0,0,0,0,0,0,0,0,0,0,0,0,0,0,0,0,0,0,0,0,0,0,0,0,0,0,0,0,0,0,0,0,0,0,0,0,0,0,0,0.0,0.0,0.0,0.0,0.0,0.0,0.0,0.0,0.0,0.0,0.0,0.0,0.0,0.0,0.0,0.0,0.0,0.0,0.0,0.0,0.0,0.0,0.0,0.0,-2.004,2.004,0.0,0.0,0.0,0.0,3407.5,2.004,0.0,2.7184278591402704e+23,0.0,-0.0,0.0,0.0,0.0,0.0,0.0,0,-0.0,-152016189915136.0,0.0,0.0,0.0,0.0,0.0,0.0,0.0,0,0,0,0.0,0.0,0.0,0.0,0.0,0.0,0.0,0.0,0.0,0.0,0.0,0.0,0.0,0.0,0.0,0.0,0,-107875648.0,0,0.0,0,-107875648.0,-107877712.0,0,39322,17039,13107,17054,0,17038,0,0,0,110,100,100,2.7302334150594743e+23,64.0,0.0,64.5,0.0,69.0,1,49,50,180,0,52429,0,0,0.0,0.0,0.0,0.0,-0.0,65.0,0.0,0.0,0.0,646,0,689,0,0,0,718,0,791,0,710,0,690,0,645,0,642,0,615,0.032,55836672.0,-2.004,0.0,12944,16788,-0.0,0.0,-0.0,-9.647237490959001e+36,0.0,-0.0,29.0,60.0,70,0.0,0.0,0.0,0.0,0.0,0.0,0.0,0.0,0.0,0.0,0.0,0.0,0.0,0.0,0.0,0.0,59.2,69,11,65508,41,65476,0,300,0,0,8,20529,65476,0,0,61604,60.0,0.0,0.0,0.0,0.0,0.0
2026-04-04T11:16:05,ERR,ERR,ERR,ERR,ERR,ERR,ERR,ERR,ERR,ERR,ERR,ERR,ERR,ERR,ERR,ERR,ERR,ERR,ERR,ERR,ERR,ERR,ERR,ERR,ERR,ERR,ERR,ERR,ERR,ERR,ERR,ERR,ERR,ERR,ERR,ERR,ERR,ERR,ERR,ERR,ERR,ERR,ERR,ERR,ERR,ERR,ERR,ERR,ERR,ERR,ERR,ERR,ERR,ERR,ERR,ERR,ERR,ERR,ERR,ERR,ERR,ERR,ERR,ERR,ERR,ERR,ERR,ERR,ERR,ERR,ERR,ERR,ERR,ERR,ERR,ERR,ERR,ERR,ERR,ERR,ERR,ERR,ERR,ERR,ERR,ERR,ERR,ERR,ERR,ERR,ERR,ERR,ERR,ERR,ERR,ERR,ERR,ERR,ERR,ERR,ERR,ERR,ERR,ERR,ERR,ERR,ERR,ERR,ERR,ERR,ERR,ERR,ERR,ERR,ERR,ERR,ERR,ERR,ERR,ERR,ERR,ERR,ERR,ERR,ERR,2.7184278591402704e+23,0.0,-0.0,0.0,0.0,0.0,0.0,nan,0,0,0,32768,0,0.0,0,0.0,0.0,0.0,0.0,0.0,0,0,0,0,0.0,0,0,0,0,0,0,0,0,0,0,0,0,0,0,0,0,0,0,0,0,0,0,0,0,0,0,0,0,0,0,0,0,0,0,0,0,0,0,0,0,0,0,0,0,0.0,0.0,0.0,0.0,0.0,0.0,0.0,0.0,0.0,0.0,0.0,0.0,0.0,0.0,0.0,0.0,0.0,0.0,0.0,0.0,0.0,0.0,0.0,0.0,-2.004,2.004,0.0,0.0,0.0,0.0,3407.5,2.004,0.0,2.7184278591402704e+23,0.0,-0.0,0.0,0.0,0.0,0.0,0.0,0,-0.0,-152016189915136.0,0.0,0.0,0.0,0.0,0.0,0.0,0.0,0,0,0,0.0,0.0,0.0,0.0,0.0,0.0,0.0,0.0,0.0,0.0,0.0,0.0,0.0,0.0,0.0,0.0,0,-107875648.0,0,0.0,0,-107875648.0,-107877712.0,0,39322,17039,13107,17054,0,17038,0,0,0,110,100,100,2.7302334150594743e+23,64.0,0.0,64.5,0.0,69.0,1,49,50,180,0,52429,0,0,0.0,0.0,0.0,0.0,-0.0,65.0,0.0,0.0,0.0,646,0,689,0,0,0,718,0,791,0,710,0,690,0,645,0,642,0,615,0.032,55836672.0,-2.004,0.0,12944,16788,-0.0,0.0,-0.0,-9.647237490959001e+36,0.0,-0.0,29.0,60.0,70,0.0,0.0,0.0,0.0,0.0,0.0,0.0,0.0,0.0,0.0,0.0,0.0,0.0,0.0,0.0,0.0,59.2,69,11,65508,41,65476,0,300,0,0,8,20529,65476,0,0,61604,60.0,0.0,0.0,0.0,0.0,0.0
2026-04-04T11:16:06,ERR,ERR,ERR,ERR,ERR,ERR,ERR,ERR,ERR,ERR,ERR,ERR,ERR,ERR,ERR,ERR,ERR,ERR,ERR,ERR,ERR,ERR,ERR,ERR,ERR,ERR,ERR,ERR,ERR,ERR,ERR,ERR,ERR,ERR,ERR,ERR,ERR,ERR,ERR,ERR,ERR,ERR,ERR,ERR,ERR,ERR,ERR,ERR,ERR,ERR,ERR,ERR,ERR,ERR,ERR,ERR,ERR,ERR,ERR,ERR,ERR,ERR,ERR,ERR,ERR,ERR,ERR,ERR,ERR,ERR,ERR,ERR,ERR,ERR,ERR,ERR,ERR,ERR,ERR,ERR,ERR,ERR,ERR,ERR,ERR,ERR,ERR,ERR,ERR,ERR,ERR,ERR,ERR,ERR,ERR,ERR,ERR,ERR,ERR,ERR,ERR,ERR,ERR,ERR,ERR,ERR,ERR,ERR,ERR,ERR,ERR,ERR,ERR,ERR,ERR,ERR,ERR,ERR,ERR,ERR,ERR,ERR,ERR,ERR,ERR,2.7184278591402704e+23,0.0,-0.0,0.0,0.0,0.0,0.0,nan,0,0,0,32768,0,0.0,0,0.0,0.0,0.0,0.0,0.0,0,0,0,0,0.0,0,0,0,0,0,0,0,0,0,0,0,0,0,0,0,0,0,0,0,0,0,0,0,0,0,0,0,0,0,0,0,0,0,0,0,0,0,0,0,0,0,0,0,0,0.0,0.0,0.0,0.0,0.0,0.0,0.0,0.0,0.0,0.0,0.0,0.0,0.0,0.0,0.0,0.0,0.0,0.0,0.0,0.0,0.0,0.0,0.0,0.0,-2.004,2.004,0.0,0.0,0.0,0.0,3407.5,2.004,0.0,2.7184278591402704e+23,0.0,-0.0,0.0,0.0,0.0,0.0,0.0,0,-0.0,-152016189915136.0,0.0,0.0,0.0,0.0,0.0,0.0,0.0,0,0,0,0.0,0.0,0.0,0.0,0.0,0.0,0.0,0.0,0.0,0.0,0.0,0.0,0.0,0.0,0.0,0.0,0,-107875648.0,0,0.0,0,-107875648.0,-107877712.0,0,39322,17039,13107,17054,0,17038,0,0,0,110,100,100,2.7302334150594743e+23,64.0,0.0,64.5,0.0,69.0,1,49,50,180,0,52429,0,0,0.0,0.0,0.0,0.0,-0.0,65.0,0.0,0.0,0.0,646,0,689,0,0,0,718,0,791,0,710,0,690,0,645,0,642,0,615,0.032,55836672.0,-2.004,0.0,12944,16788,-0.0,0.0,-0.0,-9.647237490959001e+36,0.0,-0.0,29.0,60.0,70,0.0,0.0,0.0,0.0,0.0,0.0,0.0,0.0,0.0,0.0,0.0,0.0,0.0,0.0,0.0,0.0,59.2,69,11,65508,41,65476,0,300,0,0,8,20529,65476,0,0,61604,60.0,0.0,0.0,0.0,0.0,0.0
2026-04-04T11:16:07,ERR,ERR,ERR,ERR,ERR,ERR,ERR,ERR,ERR,ERR,ERR,ERR,ERR,ERR,ERR,ERR,ERR,ERR,ERR,ERR,ERR,ERR,ERR,ERR,ERR,ERR,ERR,ERR,ERR,ERR,ERR,ERR,ERR,ERR,ERR,ERR,ERR,ERR,ERR,ERR,ERR,ERR,ERR,ERR,ERR,ERR,ERR,ERR,ERR,ERR,ERR,ERR,ERR,ERR,ERR,ERR,ERR,ERR,ERR,ERR,ERR,ERR,ERR,ERR,ERR,ERR,ERR,ERR,ERR,ERR,ERR,ERR,ERR,ERR,ERR,ERR,ERR,ERR,ERR,ERR,ERR,ERR,ERR,ERR,ERR,ERR,ERR,ERR,ERR,ERR,ERR,ERR,ERR,ERR,ERR,ERR,ERR,ERR,ERR,ERR,ERR,ERR,ERR,ERR,ERR,ERR,ERR,ERR,ERR,ERR,ERR,ERR,ERR,ERR,ERR,ERR,ERR,ERR,ERR,ERR,ERR,ERR,ERR,ERR,ERR,2.7184278591402704e+23,0.0,-0.0,0.0,0.0,0.0,0.0,nan,0,0,0,32768,0,0.0,0,0.0,0.0,0.0,0.0,0.0,0,0,0,0,0.0,0,0,0,0,0,0,0,0,0,0,0,0,0,0,0,0,0,0,0,0,0,0,0,0,0,0,0,0,0,0,0,0,0,0,0,0,0,0,0,0,0,0,0,0,0.0,0.0,0.0,0.0,0.0,0.0,0.0,0.0,0.0,0.0,0.0,0.0,0.0,0.0,0.0,0.0,0.0,0.0,0.0,0.0,0.0,0.0,0.0,0.0,-2.004,2.004,0.0,0.0,0.0,0.0,3407.5,2.004,0.0,2.7184278591402704e+23,0.0,-0.0,0.0,0.0,0.0,0.0,0.0,0,-0.0,-152016189915136.0,0.0,0.0,0.0,0.0,0.0,0.0,0.0,0,0,0,0.0,0.0,0.0,0.0,0.0,0.0,0.0,0.0,0.0,0.0,0.0,0.0,0.0,0.0,0.0,0.0,0,-107875648.0,0,0.0,0,-107875648.0,-107877712.0,0,39322,17039,13107,17054,0,17038,0,0,0,110,100,100,2.7302334150594743e+23,64.0,0.0,64.5,0.0,69.0,1,49,50,180,0,52429,0,0,0.0,0.0,0.0,0.0,-0.0,65.0,0.0,0.0,0.0,646,0,689,0,0,0,718,0,791,0,710,0,690,0,645,0,642,0,615,0.032,55836672.0,-2.004,0.0,12944,16788,-0.0,0.0,-0.0,-9.647237490959001e+36,0.0,-0.0,29.0,60.0,70,0.0,0.0,0.0,0.0,0.0,0.0,0.0,0.0,0.0,0.0,0.0,0.0,0.0,0.0,0.0,0.0,59.2,69,11,65508,41,65476,0,300,0,0,8,20529,65476,0,0,61604,60.0,0.0,0.0,0.0,0.0,0.0
2026-04-04T11:16:08,ERR,ERR,ERR,ERR,ERR,ERR,ERR,ERR,ERR,ERR,ERR,ERR,ERR,ERR,ERR,ERR,ERR,ERR,ERR,ERR,ERR,ERR,ERR,ERR,ERR,ERR,ERR,ERR,ERR,ERR,ERR,ERR,ERR,ERR,ERR,ERR,ERR,ERR,ERR,ERR,ERR,ERR,ERR,ERR,ERR,ERR,ERR,ERR,ERR,ERR,ERR,ERR,ERR,ERR,ERR,ERR,ERR,ERR,ERR,ERR,ERR,ERR,ERR,ERR,ERR,ERR,ERR,ERR,ERR,ERR,ERR,ERR,ERR,ERR,ERR,ERR,ERR,ERR,ERR,ERR,ERR,ERR,ERR,ERR,ERR,ERR,ERR,ERR,ERR,ERR,ERR,ERR,ERR,ERR,ERR,ERR,ERR,ERR,ERR,ERR,ERR,ERR,ERR,ERR,ERR,ERR,ERR,ERR,ERR,ERR,ERR,ERR,ERR,ERR,ERR,ERR,ERR,ERR,ERR,ERR,ERR,ERR,ERR,ERR,ERR,2.7184278591402704e+23,0.0,-0.0,0.0,0.0,0.0,0.0,nan,0,0,0,32768,0,0.0,0,0.0,0.0,0.0,0.0,0.0,0,0,0,0,0.0,0,0,0,0,0,0,0,0,0,0,0,0,0,0,0,0,0,0,0,0,0,0,0,0,0,0,0,0,0,0,0,0,0,0,0,0,0,0,0,0,0,0,0,0,0.0,0.0,0.0,0.0,0.0,0.0,0.0,0.0,0.0,0.0,0.0,0.0,0.0,0.0,0.0,0.0,0.0,0.0,0.0,0.0,0.0,0.0,0.0,0.0,-2.004,2.004,0.0,0.0,0.0,0.0,3407.5,2.004,0.0,2.7184278591402704e+23,0.0,-0.0,0.0,0.0,0.0,0.0,0.0,0,-0.0,-152016189915136.0,0.0,0.0,0.0,0.0,0.0,0.0,0.0,0,0,0,0.0,0.0,0.0,0.0,0.0,0.0,0.0,0.0,0.0,0.0,0.0,0.0,0.0,0.0,0.0,0.0,0,-107875648.0,0,0.0,0,-107875648.0,-107877712.0,0,39322,17039,13107,17054,0,17038,0,0,0,110,100,100,2.7302334150594743e+23,64.0,0.0,64.5,0.0,69.0,1,49,50,180,0,52429,0,0,0.0,0.0,0.0,0.0,-0.0,65.0,0.0,0.0,0.0,646,0,689,0,0,0,718,0,791,0,710,0,690,0,645,0,642,0,615,0.032,55836672.0,-2.004,0.0,12944,16788,-0.0,0.0,-0.0,-9.647237490959001e+36,0.0,-0.0,29.0,60.0,70,0.0,0.0,0.0,0.0,0.0,0.0,0.0,0.0,0.0,0.0,0.0,0.0,0.0,0.0,0.0,0.0,59.2,69,11,65508,41,65476,0,300,0,0,8,20529,65476,0,0,61604,60.0,0.0,0.0,0.0,0.0,0.0
2026-04-04T11:16:09,ERR,ERR,ERR,ERR,ERR,ERR,ERR,ERR,ERR,ERR,ERR,ERR,ERR,ERR,ERR,ERR,ERR,ERR,ERR,ERR,ERR,ERR,ERR,ERR,ERR,ERR,ERR,ERR,ERR,ERR,ERR,ERR,ERR,ERR,ERR,ERR,ERR,ERR,ERR,ERR,ERR,ERR,ERR,ERR,ERR,ERR,ERR,ERR,ERR,ERR,ERR,ERR,ERR,ERR,ERR,ERR,ERR,ERR,ERR,ERR,ERR,ERR,ERR,ERR,ERR,ERR,ERR,ERR,ERR,ERR,ERR,ERR,ERR,ERR,ERR,ERR,ERR,ERR,ERR,ERR,ERR,ERR,ERR,ERR,ERR,ERR,ERR,ERR,ERR,ERR,ERR,ERR,ERR,ERR,ERR,ERR,ERR,ERR,ERR,ERR,ERR,ERR,ERR,ERR,ERR,ERR,ERR,ERR,ERR,ERR,ERR,ERR,ERR,ERR,ERR,ERR,ERR,ERR,ERR,ERR,ERR,ERR,ERR,ERR,ERR,2.7184278591402704e+23,0.0,-0.0,0.0,0.0,0.0,0.0,nan,0,0,0,32768,0,0.0,0,0.0,0.0,0.0,0.0,0.0,0,0,0,0,0.0,0,0,0,0,0,0,0,0,0,0,0,0,0,0,0,0,0,0,0,0,0,0,0,0,0,0,0,0,0,0,0,0,0,0,0,0,0,0,0,0,0,0,0,0,0.0,0.0,0.0,0.0,0.0,0.0,0.0,0.0,0.0,0.0,0.0,0.0,0.0,0.0,0.0,0.0,0.0,0.0,0.0,0.0,0.0,0.0,0.0,0.0,-2.004,2.004,0.0,0.0,0.0,0.0,3393.5,0.0,0.0,2.7184278591402704e+23,0.0,-0.0,0.0,0.0,0.0,0.0,0.0,0,-0.0,-0.0,0.0,0.0,0.0,0.0,0.0,0.0,0.0,0,0,0,0.0,0.0,0.0,0.0,0.0,0.0,0.0,0.0,0.0,0.0,0.0,0.0,0.0,0.0,0.0,0.0,0,-107875648.0,0,0.0,0,-107875648.0,-107877712.0,0,39322,17039,13107,17054,0,17038,0,0,0,110,100,100,2.7302334150594743e+23,64.0,0.0,64.5,0.0,69.0,1,49,50,180,0,52429,0,0,0.0,0.0,0.0,0.0,-0.0,65.0,0.0,0.0,0.0,646,0,689,0,0,0,718,0,791,0,710,0,690,0,645,0,642,0,615,0.032,55836672.0,-2.004,0.0,12944,16788,-0.0,0.0,-0.0,-9.647237490959001e+36,0.0,-0.0,29.0,60.0,70,0.0,0.0,0.0,0.0,0.0,0.0,0.0,0.0,0.0,0.0,0.0,0.0,0.0,0.0,0.0,0.0,59.2,69,11,65508,41,65476,0,300,0,0,8,20529,65476,0,0,61604,60.0,0.0,0.0,0.0,0.0,0.0
2026-04-04T11:16:10,ERR,ERR,ERR,ERR,ERR,ERR,ERR,ERR,ERR,ERR,ERR,ERR,ERR,ERR,ERR,ERR,ERR,ERR,ERR,ERR,ERR,ERR,ERR,ERR,ERR,ERR,ERR,ERR,ERR,ERR,ERR,ERR,ERR,ERR,ERR,ERR,ERR,ERR,ERR,ERR,ERR,ERR,ERR,ERR,ERR,ERR,ERR,ERR,ERR,ERR,ERR,ERR,ERR,ERR,ERR,ERR,ERR,ERR,ERR,ERR,ERR,ERR,ERR,ERR,ERR,ERR,ERR,ERR,ERR,ERR,ERR,ERR,ERR,ERR,ERR,ERR,ERR,ERR,ERR,ERR,ERR,ERR,ERR,ERR,ERR,ERR,ERR,ERR,ERR,ERR,ERR,ERR,ERR,ERR,ERR,ERR,ERR,ERR,ERR,ERR,ERR,ERR,ERR,ERR,ERR,ERR,ERR,ERR,ERR,ERR,ERR,ERR,ERR,ERR,ERR,ERR,ERR,ERR,ERR,ERR,ERR,ERR,ERR,ERR,ERR,2.7184278591402704e+23,0.0,-0.0,0.0,0.0,0.0,0.0,nan,0,0,0,32768,0,0.0,0,0.0,0.0,0.0,0.0,0.0,0,0,0,0,0.0,0,0,0,0,0,0,0,0,0,0,0,0,0,0,0,0,0,0,0,0,0,0,0,0,0,0,0,0,0,0,0,0,0,0,0,0,0,0,0,0,0,0,0,0,0.0,0.0,0.0,0.0,0.0,0.0,0.0,0.0,0.0,0.0,0.0,0.0,0.0,0.0,0.0,0.0,0.0,0.0,0.0,0.0,0.0,0.0,0.0,0.0,-2.004,2.004,0.0,0.0,0.0,0.0,3393.5,0.0,0.0,2.7184278591402704e+23,0.0,-0.0,0.0,0.0,0.0,0.0,0.0,0,-0.0,-0.0,0.0,0.0,0.0,0.0,0.0,0.0,0.0,0,0,0,0.0,0.0,0.0,0.0,0.0,0.0,0.0,0.0,0.0,0.0,0.0,0.0,0.0,0.0,0.0,0.0,0,-107875648.0,0,0.0,0,-107875648.0,-107877712.0,0,39322,17039,0,17054,52429,17037,0,0,0,110,100,100,2.7302334150594743e+23,64.0,0.0,64.5,0.0,69.0,1,49,50,180,0,52429,0,0,0.0,0.0,0.0,0.0,-0.0,65.0,0.0,-0.0,0.0,645,0,689,0,0,0,718,0,790,0,710,0,690,0,645,0,643,0,615,0.032,55574528.0,-2.004,0.0,17808,16788,-0.0,-0.0,32246136832.0,-0.001,-2547052183552.0,9.359157221759386e+16,29.0,60.0,70,0.0,0.0,0.0,0.0,0.0,0.0,0.0,0.0,0.0,0.0,0.0,0.0,0.0,0.0,0.0,0.0,59.2,69,11,65508,41,65476,0,300,0,0,8,20529,65476,0,0,61604,60.0,0.0,0.0,0.0,0.0,0.0
2026-04-04T11:16:11,ERR,ERR,ERR,ERR,ERR,ERR,ERR,ERR,ERR,ERR,ERR,ERR,ERR,ERR,ERR,ERR,ERR,ERR,ERR,ERR,ERR,ERR,ERR,ERR,ERR,ERR,ERR,ERR,ERR,ERR,ERR,ERR,ERR,ERR,ERR,ERR,ERR,ERR,ERR,ERR,ERR,ERR,ERR,ERR,ERR,ERR,ERR,ERR,ERR,ERR,ERR,ERR,ERR,ERR,ERR,ERR,ERR,ERR,ERR,ERR,ERR,ERR,ERR,ERR,ERR,ERR,ERR,ERR,ERR,ERR,ERR,ERR,ERR,ERR,ERR,ERR,ERR,ERR,ERR,ERR,ERR,ERR,ERR,ERR,ERR,ERR,ERR,ERR,ERR,ERR,ERR,ERR,ERR,ERR,ERR,ERR,ERR,ERR,ERR,ERR,ERR,ERR,ERR,ERR,ERR,ERR,ERR,ERR,ERR,ERR,ERR,ERR,ERR,ERR,ERR,ERR,ERR,ERR,ERR,ERR,ERR,ERR,ERR,ERR,ERR,2.7184278591402704e+23,0.0,-0.0,0.0,0.0,0.0,0.0,nan,0,0,0,32768,0,0.0,0,0.0,0.0,0.0,0.0,0.0,0,0,0,0,0.0,0,0,0,0,0,0,0,0,0,0,0,0,0,0,0,0,0,0,0,0,0,0,0,0,0,0,0,0,0,0,0,0,0,0,0,0,0,0,0,0,0,0,0,0,0.0,0.0,0.0,0.0,0.0,0.0,0.0,0.0,0.0,0.0,0.0,0.0,0.0,0.0,0.0,0.0,0.0,0.0,0.0,0.0,0.0,0.0,0.0,0.0,-2.004,2.004,0.0,0.0,0.0,0.0,3393.5,0.0,0.0,2.7184278591402704e+23,0.0,-0.0,0.0,0.0,0.0,0.0,0.0,0,-0.0,-0.0,0.0,0.0,0.0,0.0,0.0,0.0,0.0,0,0,0,0.0,0.0,0.0,0.0,0.0,0.0,0.0,0.0,0.0,0.0,0.0,0.0,0.0,0.0,0.0,0.0,0,-107875648.0,0,0.0,0,-107875648.0,-107877712.0,0,39322,17039,0,17054,52429,17037,0,0,0,110,100,100,2.7302334150594743e+23,64.0,0.0,64.5,0.0,69.0,1,49,50,180,0,52429,0,0,0.0,0.0,0.0,0.0,-0.0,65.0,0.0,-0.0,0.0,645,0,689,0,0,0,718,0,790,0,710,0,690,0,645,0,643,0,615,0.032,55574528.0,-2.004,0.0,17808,16788,-0.0,-0.0,32246136832.0,-0.001,-2547052183552.0,9.359157221759386e+16,29.0,60.0,70,0.0,0.0,0.0,0.0,0.0,0.0,0.0,0.0,0.0,0.0,0.0,0.0,0.0,0.0,0.0,0.0,59.2,69,11,65508,41,65476,0,300,0,0,8,20529,65476,0,0,61604,60.0,0.0,0.0,0.0,0.0,0.0
2026-04-04T11:16:12,ERR,ERR,ERR,ERR,ERR,ERR,ERR,ERR,ERR,ERR,ERR,ERR,ERR,ERR,ERR,ERR,ERR,ERR,ERR,ERR,ERR,ERR,ERR,ERR,ERR,ERR,ERR,ERR,ERR,ERR,ERR,ERR,ERR,ERR,ERR,ERR,ERR,ERR,ERR,ERR,ERR,ERR,ERR,ERR,ERR,ERR,ERR,ERR,ERR,ERR,ERR,ERR,ERR,ERR,ERR,ERR,ERR,ERR,ERR,ERR,ERR,ERR,ERR,ERR,ERR,ERR,ERR,ERR,ERR,ERR,ERR,ERR,ERR,ERR,ERR,ERR,ERR,ERR,ERR,ERR,ERR,ERR,ERR,ERR,ERR,ERR,ERR,ERR,ERR,ERR,ERR,ERR,ERR,ERR,ERR,ERR,ERR,ERR,ERR,ERR,ERR,ERR,ERR,ERR,ERR,ERR,ERR,ERR,ERR,ERR,ERR,ERR,ERR,ERR,ERR,ERR,ERR,ERR,ERR,ERR,ERR,ERR,ERR,ERR,ERR,2.7184278591402704e+23,0.0,-0.0,0.0,0.0,0.0,0.0,nan,0,0,0,32768,0,0.0,0,0.0,0.0,0.0,0.0,0.0,0,0,0,0,0.0,0,0,0,0,0,0,0,0,0,0,0,0,0,0,0,0,0,0,0,0,0,0,0,0,0,0,0,0,0,0,0,0,0,0,0,0,0,0,0,0,0,0,0,0,0.0,0.0,0.0,0.0,0.0,0.0,0.0,0.0,0.0,0.0,0.0,0.0,0.0,0.0,0.0,0.0,0.0,0.0,0.0,0.0,0.0,0.0,0.0,0.0,-2.004,2.004,0.0,0.0,0.0,0.0,3393.5,0.0,0.0,2.7184278591402704e+23,0.0,-0.0,0.0,0.0,0.0,0.0,0.0,0,-0.0,-0.0,0.0,0.0,0.0,0.0,0.0,0.0,0.0,0,0,0,0.0,0.0,0.0,0.0,0.0,0.0,0.0,0.0,0.0,0.0,0.0,0.0,0.0,0.0,0.0,0.0,0,-107875648.0,0,0.0,0,-107875648.0,-107877712.0,0,39322,17039,0,17054,52429,17037,0,0,0,110,100,100,2.7302334150594743e+23,64.0,0.0,64.5,0.0,69.0,1,49,50,180,0,52429,0,0,0.0,0.0,0.0,0.0,-0.0,65.0,0.0,-0.0,0.0,645,0,689,0,0,0,718,0,790,0,710,0,690,0,645,0,643,0,615,0.032,55574528.0,-2.004,0.0,17808,16788,-0.0,-0.0,32246136832.0,-0.001,-2547052183552.0,9.359157221759386e+16,29.0,60.0,70,0.0,0.0,0.0,0.0,0.0,0.0,0.0,0.0,0.0,0.0,0.0,0.0,0.0,0.0,0.0,0.0,59.2,69,11,65508,41,65476,0,300,0,0,8,20529,65476,0,0,61604,60.0,0.0,0.0,0.0,0.0,0.0
2026-04-04T11:16:13,ERR,ERR,ERR,ERR,ERR,ERR,ERR,ERR,ERR,ERR,ERR,ERR,ERR,ERR,ERR,ERR,ERR,ERR,ERR,ERR,ERR,ERR,ERR,ERR,ERR,ERR,ERR,ERR,ERR,ERR,ERR,ERR,ERR,ERR,ERR,ERR,ERR,ERR,ERR,ERR,ERR,ERR,ERR,ERR,ERR,ERR,ERR,ERR,ERR,ERR,ERR,ERR,ERR,ERR,ERR,ERR,ERR,ERR,ERR,ERR,ERR,ERR,ERR,ERR,ERR,ERR,ERR,ERR,ERR,ERR,ERR,ERR,ERR,ERR,ERR,ERR,ERR,ERR,ERR,ERR,ERR,ERR,ERR,ERR,ERR,ERR,ERR,ERR,ERR,ERR,ERR,ERR,ERR,ERR,ERR,ERR,ERR,ERR,ERR,ERR,ERR,ERR,ERR,ERR,ERR,ERR,ERR,ERR,ERR,ERR,ERR,ERR,ERR,ERR,ERR,ERR,ERR,ERR,ERR,ERR,ERR,ERR,ERR,ERR,ERR,2.7184278591402704e+23,0.0,-0.0,0.0,0.0,0.0,0.0,nan,0,0,0,32768,0,0.0,0,0.0,0.0,0.0,0.0,0.0,0,0,0,0,0.0,0,0,0,0,0,0,0,0,0,0,0,0,0,0,0,0,0,0,0,0,0,0,0,0,0,0,0,0,0,0,0,0,0,0,0,0,0,0,0,0,0,0,0,0,0.0,0.0,0.0,0.0,0.0,0.0,0.0,0.0,0.0,0.0,0.0,0.0,0.0,0.0,0.0,0.0,0.0,0.0,0.0,0.0,0.0,0.0,0.0,0.0,-2.004,2.004,0.0,0.0,0.0,0.0,3393.5,0.0,0.0,2.7184278591402704e+23,0.0,-0.0,0.0,0.0,0.0,0.0,0.0,0,-0.0,-0.0,0.0,0.0,0.0,0.0,0.0,0.0,0.0,0,0,0,0.0,0.0,0.0,0.0,0.0,0.0,0.0,0.0,0.0,0.0,0.0,0.0,0.0,0.0,0.0,0.0,0,-107875648.0,0,0.0,0,-107875648.0,-107877712.0,0,39322,17039,0,17054,52429,17037,0,0,0,110,100,100,2.7302334150594743e+23,64.0,0.0,64.5,0.0,69.0,1,49,50,180,0,52429,0,0,0.0,0.0,0.0,0.0,-0.0,65.0,0.0,-0.0,0.0,645,0,689,0,0,0,718,0,790,0,710,0,690,0,645,0,643,0,615,0.032,55574528.0,-2.004,0.0,17808,16788,-0.0,-0.0,32246136832.0,-0.001,-2547052183552.0,9.359157221759386e+16,29.0,60.0,70,0.0,0.0,0.0,0.0,0.0,0.0,0.0,0.0,0.0,0.0,0.0,0.0,0.0,0.0,0.0,0.0,59.2,69,11,65508,41,65476,0,300,0,0,8,20529,65476,0,0,61604,60.0,0.0,0.0,0.0,0.0,0.0
2026-04-04T11:16:14,ERR,ERR,ERR,ERR,ERR,ERR,ERR,ERR,ERR,ERR,ERR,ERR,ERR,ERR,ERR,ERR,ERR,ERR,ERR,ERR,ERR,ERR,ERR,ERR,ERR,ERR,ERR,ERR,ERR,ERR,ERR,ERR,ERR,ERR,ERR,ERR,ERR,ERR,ERR,ERR,ERR,ERR,ERR,ERR,ERR,ERR,ERR,ERR,ERR,ERR,ERR,ERR,ERR,ERR,ERR,ERR,ERR,ERR,ERR,ERR,ERR,ERR,ERR,ERR,ERR,ERR,ERR,ERR,ERR,ERR,ERR,ERR,ERR,ERR,ERR,ERR,ERR,ERR,ERR,ERR,ERR,ERR,ERR,ERR,ERR,ERR,ERR,ERR,ERR,ERR,ERR,ERR,ERR,ERR,ERR,ERR,ERR,ERR,ERR,ERR,ERR,ERR,ERR,ERR,ERR,ERR,ERR,ERR,ERR,ERR,ERR,ERR,ERR,ERR,ERR,ERR,ERR,ERR,ERR,ERR,ERR,ERR,ERR,ERR,ERR,2.7184278591402704e+23,0.0,-0.0,0.0,0.0,0.0,0.0,nan,0,0,0,32768,0,0.0,0,0.0,0.0,0.0,0.0,0.0,0,0,0,0,0.0,0,0,0,0,0,0,0,0,0,0,0,0,0,0,0,0,0,0,0,0,0,0,0,0,0,0,0,0,0,0,0,0,0,0,0,0,0,0,0,0,0,0,0,0,0.0,0.0,0.0,0.0,0.0,0.0,0.0,0.0,0.0,0.0,0.0,0.0,0.0,0.0,0.0,0.0,0.0,0.0,0.0,0.0,0.0,0.0,0.0,0.0,-2.004,2.004,0.0,0.0,0.0,0.0,3393.5,0.0,0.0,2.7184278591402704e+23,0.0,-0.0,0.0,0.0,0.0,0.0,0.0,0,-0.0,-0.0,0.0,0.0,0.0,0.0,0.0,0.0,0.0,0,0,0,0.0,0.0,0.0,0.0,0.0,0.0,0.0,0.0,0.0,0.0,0.0,0.0,0.0,0.0,0.0,0.0,0,-107875648.0,0,0.0,0,-107875648.0,-107877712.0,0,39322,17039,0,17054,52429,17037,0,0,0,110,100,100,2.7302334150594743e+23,64.0,0.0,64.5,0.0,69.0,1,49,50,180,0,52429,0,0,0.0,0.0,0.0,0.0,-0.0,65.0,0.0,-0.0,0.0,645,0,689,0,0,0,718,0,790,0,710,0,690,0,645,0,643,0,615,0.032,55574528.0,-2.004,0.0,17808,16788,-0.0,-0.0,32246136832.0,-0.001,-2547052183552.0,9.359157221759386e+16,29.0,60.0,70,0.0,0.0,0.0,0.0,0.0,0.0,0.0,0.0,0.0,0.0,0.0,0.0,0.0,0.0,0.0,0.0,59.2,69,11,65508,41,65476,0,300,0,0,8,20529,65476,0,0,61604,60.0,0.0,0.0,0.0,0.0,0.0
2026-04-04T11:16:15,ERR,ERR,ERR,ERR,ERR,ERR,ERR,ERR,ERR,ERR,ERR,ERR,ERR,ERR,ERR,ERR,ERR,ERR,ERR,ERR,ERR,ERR,ERR,ERR,ERR,ERR,ERR,ERR,ERR,ERR,ERR,ERR,ERR,ERR,ERR,ERR,ERR,ERR,ERR,ERR,ERR,ERR,ERR,ERR,ERR,ERR,ERR,ERR,ERR,ERR,ERR,ERR,ERR,ERR,ERR,ERR,ERR,ERR,ERR,ERR,ERR,ERR,ERR,ERR,ERR,ERR,ERR,ERR,ERR,ERR,ERR,ERR,ERR,ERR,ERR,ERR,ERR,ERR,ERR,ERR,ERR,ERR,ERR,ERR,ERR,ERR,ERR,ERR,ERR,ERR,ERR,ERR,ERR,ERR,ERR,ERR,ERR,ERR,ERR,ERR,ERR,ERR,ERR,ERR,ERR,ERR,ERR,ERR,ERR,ERR,ERR,ERR,ERR,ERR,ERR,ERR,ERR,ERR,ERR,ERR,ERR,ERR,ERR,ERR,ERR,2.7184278591402704e+23,0.0,-0.0,0.0,0.0,0.0,0.0,nan,0,0,0,32768,0,0.0,0,0.0,0.0,0.0,0.0,0.0,0,0,0,0,0.0,0,0,0,0,0,0,0,0,0,0,0,0,0,0,0,0,0,0,0,0,0,0,0,0,0,0,0,0,0,0,0,0,0,0,0,0,0,0,0,0,0,0,0,0,0.0,0.0,0.0,0.0,0.0,0.0,0.0,0.0,0.0,0.0,0.0,0.0,0.0,0.0,0.0,0.0,0.0,0.0,0.0,0.0,0.0,0.0,0.0,0.0,-2.004,2.004,0.0,0.0,0.0,0.0,3393.5,0.0,0.0,2.7184278591402704e+23,0.0,-0.0,0.0,0.0,0.0,0.0,0.0,0,-0.0,-0.0,0.0,0.0,0.0,0.0,0.0,0.0,0.0,0,0,0,0.0,0.0,0.0,0.0,0.0,0.0,0.0,0.0,0.0,0.0,0.0,0.0,0.0,0.0,0.0,0.0,0,-107875648.0,0,0.0,0,-107875648.0,-107877712.0,0,39322,17039,0,17054,52429,17037,0,0,0,110,100,100,2.7302334150594743e+23,64.0,0.0,64.5,0.0,69.0,1,49,50,180,0,52429,0,0,0.0,0.0,0.0,0.0,-0.0,65.0,0.0,-0.0,0.0,645,0,689,0,0,0,718,0,790,0,710,0,690,0,645,0,643,0,615,0.032,55574528.0,-2.004,0.0,17808,16788,-0.0,-0.0,32246136832.0,-0.001,-2547052183552.0,9.359157221759386e+16,29.0,60.0,70,0.0,0.0,0.0,0.0,0.0,0.0,0.0,0.0,0.0,0.0,0.0,0.0,0.0,0.0,0.0,0.0,59.2,69,11,65508,41,65476,0,300,0,0,8,20529,65476,0,0,61604,60.0,0.0,0.0,0.0,0.0,0.0
2026-04-04T11:16:16,ERR,ERR,ERR,ERR,ERR,ERR,ERR,ERR,ERR,ERR,ERR,ERR,ERR,ERR,ERR,ERR,ERR,ERR,ERR,ERR,ERR,ERR,ERR,ERR,ERR,ERR,ERR,ERR,ERR,ERR,ERR,ERR,ERR,ERR,ERR,ERR,ERR,ERR,ERR,ERR,ERR,ERR,ERR,ERR,ERR,ERR,ERR,ERR,ERR,ERR,ERR,ERR,ERR,ERR,ERR,ERR,ERR,ERR,ERR,ERR,ERR,ERR,ERR,ERR,ERR,ERR,ERR,ERR,ERR,ERR,ERR,ERR,ERR,ERR,ERR,ERR,ERR,ERR,ERR,ERR,ERR,ERR,ERR,ERR,ERR,ERR,ERR,ERR,ERR,ERR,ERR,ERR,ERR,ERR,ERR,ERR,ERR,ERR,ERR,ERR,ERR,ERR,ERR,ERR,ERR,ERR,ERR,ERR,ERR,ERR,ERR,ERR,ERR,ERR,ERR,ERR,ERR,ERR,ERR,ERR,ERR,ERR,ERR,ERR,ERR,2.7184278591402704e+23,0.0,-0.0,0.0,0.0,0.0,0.0,nan,0,0,0,32768,0,0.0,0,0.0,0.0,0.0,0.0,0.0,0,0,0,0,0.0,0,0,0,0,0,0,0,0,0,0,0,0,0,0,0,0,0,0,0,0,0,0,0,0,0,0,0,0,0,0,0,0,0,0,0,0,0,0,0,0,0,0,0,0,0.0,0.0,0.0,0.0,0.0,0.0,0.0,0.0,0.0,0.0,0.0,0.0,0.0,0.0,0.0,0.0,0.0,0.0,0.0,0.0,0.0,0.0,0.0,0.0,-2.004,2.004,0.0,0.0,0.0,0.0,3393.5,0.0,0.0,2.7184278591402704e+23,0.0,-0.0,0.0,0.0,0.0,0.0,0.0,0,-0.0,-0.0,0.0,0.0,0.0,0.0,0.0,0.0,0.0,0,0,0,0.0,0.0,0.0,0.0,0.0,0.0,0.0,0.0,0.0,0.0,0.0,0.0,0.0,0.0,0.0,0.0,0,-107875648.0,0,0.0,0,-107875648.0,-107877712.0,0,39322,17039,0,17054,0,17038,0,0,0,110,100,100,2.7302334150594743e+23,64.0,0.0,64.5,0.0,69.0,1,49,50,180,0,52429,0,0,0.0,0.0,0.0,0.0,-0.0,65.0,0.0,-12298220544.0,0.0,646,0,689,0,0,0,718,0,790,0,710,0,690,0,645,0,642,0,615,0.032,55836672.0,-2.004,0.0,16272,16788,-0.0,-0.0,0.0,0.0,-0.189,0.247,29.0,60.0,70,0.0,0.0,0.0,0.0,0.0,0.0,0.0,0.0,0.0,0.0,0.0,0.0,0.0,0.0,0.0,0.0,59.2,69,11,65508,41,65476,0,300,0,0,8,20529,65476,0,0,61604,60.0,0.0,0.0,0.0,0.0,0.0
2026-04-04T11:16:17,ERR,ERR,ERR,ERR,ERR,ERR,ERR,ERR,ERR,ERR,ERR,ERR,ERR,ERR,ERR,ERR,ERR,ERR,ERR,ERR,ERR,ERR,ERR,ERR,ERR,ERR,ERR,ERR,ERR,ERR,ERR,ERR,ERR,ERR,ERR,ERR,ERR,ERR,ERR,ERR,ERR,ERR,ERR,ERR,ERR,ERR,ERR,ERR,ERR,ERR,ERR,ERR,ERR,ERR,ERR,ERR,ERR,ERR,ERR,ERR,ERR,ERR,ERR,ERR,ERR,ERR,ERR,ERR,ERR,ERR,ERR,ERR,ERR,ERR,ERR,ERR,ERR,ERR,ERR,ERR,ERR,ERR,ERR,ERR,ERR,ERR,ERR,ERR,ERR,ERR,ERR,ERR,ERR,ERR,ERR,ERR,ERR,ERR,ERR,ERR,ERR,ERR,ERR,ERR,ERR,ERR,ERR,ERR,ERR,ERR,ERR,ERR,ERR,ERR,ERR,ERR,ERR,ERR,ERR,ERR,ERR,ERR,ERR,ERR,ERR,0.0,0.0,-101055584.0,0.0,0.0,0.0,0.0,nan,0,0,0,32768,0,0.0,0,0.0,0.0,0.0,0.0,0.0,0,0,0,0,0.0,0,0,0,0,0,0,0,0,0,0,0,0,0,0,0,0,0,0,0,0,0,0,0,0,0,0,0,0,0,0,0,0,0,0,0,0,0,0,0,0,0,0,0,0,0.0,0.0,0.0,0.0,0.0,0.0,0.0,0.0,0.0,0.0,0.0,0.0,0.0,0.0,0.0,0.0,0.0,0.0,0.0,0.0,0.0,0.0,0.0,0.0,-2.004,2.004,0.0,0.0,0.0,0.0,3406.5,0.0,0.0,2.7184278591402704e+23,0.0,-0.0,0.0,0.0,0.0,0.0,0.0,0,-0.0,-107614264.0,0.0,0.0,0.0,0.0,0.0,0.0,0.0,0,0,0,0.0,0.0,0.0,0.0,0.0,0.0,0.0,0.0,0.0,0.0,0.0,0.0,0.0,0.0,0.0,0.0,0,-107875648.0,0,0.0,0,-107875648.0,-107877712.0,0,39322,17039,0,17054,0,17038,0,0,0,110,100,100,2.7302334150594743e+23,64.0,0.0,64.5,0.0,69.0,1,49,50,180,0,52429,0,0,0.0,0.0,0.0,0.0,-0.0,65.0,0.0,-12298220544.0,0.0,646,0,689,0,0,0,718,0,790,0,710,0,690,0,645,0,642,0,615,0.032,55836672.0,-2.004,0.0,16272,16788,-0.0,-0.0,0.0,0.0,-0.189,0.247,29.0,60.0,70,0.0,0.0,0.0,0.0,0.0,0.0,0.0,0.0,0.0,0.0,0.0,0.0,0.0,0.0,0.0,0.0,59.6,69,11,65508,41,65476,0,300,0,0,8,20529,65476,0,0,61604,60.0,0.0,0.0,0.0,0.0,0.0
2026-04-04T11:16:18,ERR,ERR,ERR,ERR,ERR,ERR,ERR,ERR,ERR,ERR,ERR,ERR,ERR,ERR,ERR,ERR,ERR,ERR,ERR,ERR,ERR,ERR,ERR,ERR,ERR,ERR,ERR,ERR,ERR,ERR,ERR,ERR,ERR,ERR,ERR,ERR,ERR,ERR,ERR,ERR,ERR,ERR,ERR,ERR,ERR,ERR,ERR,ERR,ERR,ERR,ERR,ERR,ERR,ERR,ERR,ERR,ERR,ERR,ERR,ERR,ERR,ERR,ERR,ERR,ERR,ERR,ERR,ERR,ERR,ERR,ERR,ERR,ERR,ERR,ERR,ERR,ERR,ERR,ERR,ERR,ERR,ERR,ERR,ERR,ERR,ERR,ERR,ERR,ERR,ERR,ERR,ERR,ERR,ERR,ERR,ERR,ERR,ERR,ERR,ERR,ERR,ERR,ERR,ERR,ERR,ERR,ERR,ERR,ERR,ERR,ERR,ERR,ERR,ERR,ERR,ERR,ERR,ERR,ERR,ERR,ERR,ERR,ERR,ERR,ERR,0.0,0.0,-101055584.0,0.0,0.0,0.0,0.0,nan,0,0,0,32768,0,0.0,0,0.0,0.0,0.0,0.0,0.0,0,0,0,0,0.0,0,0,0,0,0,0,0,0,0,0,0,0,0,0,0,0,0,0,0,0,0,0,0,0,0,0,0,0,0,0,0,0,0,0,0,0,0,0,0,0,0,0,0,0,0.0,0.0,0.0,0.0,0.0,0.0,0.0,0.0,0.0,0.0,0.0,0.0,0.0,0.0,0.0,0.0,0.0,0.0,0.0,0.0,0.0,0.0,0.0,0.0,-2.004,2.004,0.0,0.0,0.0,0.0,3406.5,0.0,0.0,2.7184278591402704e+23,0.0,-0.0,0.0,0.0,0.0,0.0,0.0,0,-0.0,-107614264.0,0.0,0.0,0.0,0.0,0.0,0.0,0.0,0,0,0,0.0,0.0,0.0,0.0,0.0,0.0,0.0,0.0,0.0,0.0,0.0,0.0,0.0,0.0,0.0,0.0,0,-107875648.0,0,0.0,0,-107875648.0,-107877712.0,0,39322,17039,0,17054,0,17038,0,0,0,110,100,100,2.7302334150594743e+23,64.0,0.0,64.5,0.0,69.0,1,49,50,180,0,52429,0,0,0.0,0.0,0.0,0.0,-0.0,65.0,0.0,-12298220544.0,0.0,646,0,689,0,0,0,718,0,790,0,710,0,690,0,645,0,642,0,615,0.032,55836672.0,-2.004,0.0,16272,16788,-0.0,-0.0,0.0,0.0,-0.189,0.247,29.0,60.0,70,0.0,0.0,0.0,0.0,0.0,0.0,0.0,0.0,0.0,0.0,0.0,0.0,0.0,0.0,0.0,0.0,59.6,69,11,65508,41,65476,0,300,0,0,8,20529,65476,0,0,61604,60.0,0.0,0.0,0.0,0.0,0.0
2026-04-04T11:16:19,ERR,ERR,ERR,ERR,ERR,ERR,ERR,ERR,ERR,ERR,ERR,ERR,ERR,ERR,ERR,ERR,ERR,ERR,ERR,ERR,ERR,ERR,ERR,ERR,ERR,ERR,ERR,ERR,ERR,ERR,ERR,ERR,ERR,ERR,ERR,ERR,ERR,ERR,ERR,ERR,ERR,ERR,ERR,ERR,ERR,ERR,ERR,ERR,ERR,ERR,ERR,ERR,ERR,ERR,ERR,ERR,ERR,ERR,ERR,ERR,ERR,ERR,ERR,ERR,ERR,ERR,ERR,ERR,ERR,ERR,ERR,ERR,ERR,ERR,ERR,ERR,ERR,ERR,ERR,ERR,ERR,ERR,ERR,ERR,ERR,ERR,ERR,ERR,ERR,ERR,ERR,ERR,ERR,ERR,ERR,ERR,ERR,ERR,ERR,ERR,ERR,ERR,ERR,ERR,ERR,ERR,ERR,ERR,ERR,ERR,ERR,ERR,ERR,ERR,ERR,ERR,ERR,ERR,ERR,ERR,ERR,ERR,ERR,ERR,ERR,0.0,0.0,-101055584.0,0.0,0.0,0.0,0.0,nan,0,0,0,32768,0,0.0,0,0.0,0.0,0.0,0.0,0.0,0,0,0,0,0.0,0,0,0,0,0,0,0,0,0,0,0,0,0,0,0,0,0,0,0,0,0,0,0,0,0,0,0,0,0,0,0,0,0,0,0,0,0,0,0,0,0,0,0,0,0.0,0.0,0.0,0.0,0.0,0.0,0.0,0.0,0.0,0.0,0.0,0.0,0.0,0.0,0.0,0.0,0.0,0.0,0.0,0.0,0.0,0.0,0.0,0.0,-2.004,2.004,0.0,0.0,0.0,0.0,3406.5,0.0,0.0,2.7184278591402704e+23,0.0,-0.0,0.0,0.0,0.0,0.0,0.0,0,-0.0,-107614264.0,0.0,0.0,0.0,0.0,0.0,0.0,0.0,0,0,0,0.0,0.0,0.0,0.0,0.0,0.0,0.0,0.0,0.0,0.0,0.0,0.0,0.0,0.0,0.0,0.0,0,-107875648.0,0,0.0,0,-107875648.0,-107877712.0,0,39322,17039,0,17054,0,17038,0,0,0,110,100,100,2.7302334150594743e+23,64.0,0.0,64.5,0.0,69.0,1,49,50,180,0,52429,0,0,0.0,0.0,0.0,0.0,-0.0,65.0,0.0,-12298220544.0,0.0,646,0,689,0,0,0,718,0,790,0,710,0,690,0,645,0,642,0,615,0.032,55836672.0,-2.004,0.0,16272,16788,-0.0,-0.0,0.0,0.0,-0.189,0.247,29.0,60.0,70,0.0,0.0,0.0,0.0,0.0,0.0,0.0,0.0,0.0,0.0,0.0,0.0,0.0,0.0,0.0,0.0,59.6,69,11,65508,41,65476,0,300,0,0,8,20529,65476,0,0,61604,60.0,0.0,0.0,0.0,0.0,0.0
2026-04-04T11:16:20,ERR,ERR,ERR,ERR,ERR,ERR,ERR,ERR,ERR,ERR,ERR,ERR,ERR,ERR,ERR,ERR,ERR,ERR,ERR,ERR,ERR,ERR,ERR,ERR,ERR,ERR,ERR,ERR,ERR,ERR,ERR,ERR,ERR,ERR,ERR,ERR,ERR,ERR,ERR,ERR,ERR,ERR,ERR,ERR,ERR,ERR,ERR,ERR,ERR,ERR,ERR,ERR,ERR,ERR,ERR,ERR,ERR,ERR,ERR,ERR,ERR,ERR,ERR,ERR,ERR,ERR,ERR,ERR,ERR,ERR,ERR,ERR,ERR,ERR,ERR,ERR,ERR,ERR,ERR,ERR,ERR,ERR,ERR,ERR,ERR,ERR,ERR,ERR,ERR,ERR,ERR,ERR,ERR,ERR,ERR,ERR,ERR,ERR,ERR,ERR,ERR,ERR,ERR,ERR,ERR,ERR,ERR,ERR,ERR,ERR,ERR,ERR,ERR,ERR,ERR,ERR,ERR,ERR,ERR,ERR,ERR,ERR,ERR,ERR,ERR,0.0,0.0,-101055584.0,0.0,0.0,0.0,0.0,nan,0,0,0,32768,0,0.0,0,0.0,0.0,0.0,0.0,0.0,0,0,0,0,0.0,0,0,0,0,0,0,0,0,0,0,0,0,0,0,0,0,0,0,0,0,0,0,0,0,0,0,0,0,0,0,0,0,0,0,0,0,0,0,0,0,0,0,0,0,0.0,0.0,0.0,0.0,0.0,0.0,0.0,0.0,0.0,0.0,0.0,0.0,0.0,0.0,0.0,0.0,0.0,0.0,0.0,0.0,0.0,0.0,0.0,0.0,-2.004,2.004,0.0,0.0,0.0,0.0,3406.5,0.0,0.0,2.7184278591402704e+23,0.0,-0.0,0.0,0.0,0.0,0.0,0.0,0,-0.0,-107614264.0,0.0,0.0,0.0,0.0,0.0,0.0,0.0,0,0,0,0.0,0.0,0.0,0.0,0.0,0.0,0.0,0.0,0.0,0.0,0.0,0.0,0.0,0.0,0.0,0.0,0,-107875648.0,0,0.0,0,-107875648.0,-107877712.0,0,39322,17039,0,17054,0,17038,0,0,0,110,100,100,2.7302334150594743e+23,64.0,0.0,64.5,0.0,69.0,1,49,50,180,0,52429,0,0,0.0,0.0,0.0,0.0,-0.0,65.0,0.0,-12298220544.0,0.0,646,0,689,0,0,0,718,0,790,0,710,0,690,0,645,0,642,0,615,0.032,55836672.0,-2.004,0.0,16272,16788,-0.0,-0.0,0.0,0.0,-0.189,0.247,29.0,60.0,70,0.0,0.0,0.0,0.0,0.0,0.0,0.0,0.0,0.0,0.0,0.0,0.0,0.0,0.0,0.0,0.0,59.2,69,11,65508,41,65476,0,300,0,0,8,20529,65476,0,0,61604,60.0,0.0,0.0,0.0,0.0,0.0
2026-04-04T11:16:21,ERR,ERR,ERR,ERR,ERR,ERR,ERR,ERR,ERR,ERR,ERR,ERR,ERR,ERR,ERR,ERR,ERR,ERR,ERR,ERR,ERR,ERR,ERR,ERR,ERR,ERR,ERR,ERR,ERR,ERR,ERR,ERR,ERR,ERR,ERR,ERR,ERR,ERR,ERR,ERR,ERR,ERR,ERR,ERR,ERR,ERR,ERR,ERR,ERR,ERR,ERR,ERR,ERR,ERR,ERR,ERR,ERR,ERR,ERR,ERR,ERR,ERR,ERR,ERR,ERR,ERR,ERR,ERR,ERR,ERR,ERR,ERR,ERR,ERR,ERR,ERR,ERR,ERR,ERR,ERR,ERR,ERR,ERR,ERR,ERR,ERR,ERR,ERR,ERR,ERR,ERR,ERR,ERR,ERR,ERR,ERR,ERR,ERR,ERR,ERR,ERR,ERR,ERR,ERR,ERR,ERR,ERR,ERR,ERR,ERR,ERR,ERR,ERR,ERR,ERR,ERR,ERR,ERR,ERR,ERR,ERR,ERR,ERR,ERR,ERR,0.0,0.0,-101055584.0,0.0,0.0,0.0,0.0,nan,0,0,0,32768,0,0.0,0,0.0,0.0,0.0,0.0,0.0,0,0,0,0,0.0,0,0,0,0,0,0,0,0,0,0,0,0,0,0,0,0,0,0,0,0,0,0,0,0,0,0,0,0,0,0,0,0,0,0,0,0,0,0,0,0,0,0,0,0,0.0,0.0,0.0,0.0,0.0,0.0,0.0,0.0,0.0,0.0,0.0,0.0,0.0,0.0,0.0,0.0,0.0,0.0,0.0,0.0,0.0,0.0,0.0,0.0,-2.004,2.004,0.0,0.0,0.0,0.0,3406.5,0.0,0.0,2.7184278591402704e+23,0.0,-0.0,0.0,0.0,0.0,0.0,0.0,0,-0.0,-107614264.0,0.0,0.0,0.0,0.0,0.0,0.0,0.0,0,0,0,0.0,0.0,0.0,0.0,0.0,0.0,0.0,0.0,0.0,0.0,0.0,0.0,0.0,0.0,0.0,0.0,0,-107875648.0,0,0.0,0,-107875648.0,-107877712.0,0,39322,17039,0,17054,0,17038,0,0,0,110,100,100,2.7302334150594743e+23,64.0,0.0,64.5,0.0,69.0,1,49,50,180,0,52429,0,0,0.0,0.0,0.0,0.0,-0.0,65.0,0.0,-12298220544.0,0.0,646,0,689,0,0,0,718,0,790,0,710,0,690,0,645,0,642,0,615,0.032,55836672.0,-2.004,0.0,16272,16788,-0.0,-0.0,0.0,0.0,-0.189,0.247,29.0,60.0,70,0.0,0.0,0.0,0.0,0.0,0.0,0.0,0.0,0.0,0.0,0.0,0.0,0.0,0.0,0.0,0.0,59.2,69,11,65508,41,65476,0,300,0,0,8,20529,65476,0,0,61604,60.0,0.0,0.0,0.0,0.0,0.0
2026-04-04T11:16:22,ERR,ERR,ERR,ERR,ERR,ERR,ERR,ERR,ERR,ERR,ERR,ERR,ERR,ERR,ERR,ERR,ERR,ERR,ERR,ERR,ERR,ERR,ERR,ERR,ERR,ERR,ERR,ERR,ERR,ERR,ERR,ERR,ERR,ERR,ERR,ERR,ERR,ERR,ERR,ERR,ERR,ERR,ERR,ERR,ERR,ERR,ERR,ERR,ERR,ERR,ERR,ERR,ERR,ERR,ERR,ERR,ERR,ERR,ERR,ERR,ERR,ERR,ERR,ERR,ERR,ERR,ERR,ERR,ERR,ERR,ERR,ERR,ERR,ERR,ERR,ERR,ERR,ERR,ERR,ERR,ERR,ERR,ERR,ERR,ERR,ERR,ERR,ERR,ERR,ERR,ERR,ERR,ERR,ERR,ERR,ERR,ERR,ERR,ERR,ERR,ERR,ERR,ERR,ERR,ERR,ERR,ERR,ERR,ERR,ERR,ERR,ERR,ERR,ERR,ERR,ERR,ERR,ERR,ERR,ERR,ERR,ERR,ERR,ERR,ERR,0.0,0.0,-101055584.0,0.0,0.0,0.0,0.0,nan,0,0,0,32768,0,0.0,0,0.0,0.0,0.0,0.0,0.0,0,0,0,0,0.0,0,0,0,0,0,0,0,0,0,0,0,0,0,0,0,0,0,0,0,0,0,0,0,0,0,0,0,0,0,0,0,0,0,0,0,0,0,0,0,0,0,0,0,0,0.0,0.0,0.0,0.0,0.0,0.0,0.0,0.0,0.0,0.0,0.0,0.0,0.0,0.0,0.0,0.0,0.0,0.0,0.0,0.0,0.0,0.0,0.0,0.0,-2.004,2.004,0.0,0.0,0.0,0.0,3406.5,0.0,0.0,2.7184278591402704e+23,0.0,-0.0,0.0,0.0,0.0,0.0,0.0,0,-0.0,-107614264.0,0.0,0.0,0.0,0.0,0.0,0.0,0.0,0,0,0,0.0,0.0,0.0,0.0,0.0,0.0,0.0,0.0,0.0,0.0,0.0,0.0,0.0,0.0,0.0,0.0,0,-107875648.0,0,0.0,0,-107875648.0,-107877712.0,0,39322,17039,13107,17054,0,17038,0,0,0,110,100,100,2.7302334150594743e+23,64.0,0.0,64.5,0.0,69.0,1,49,50,180,0,52429,0,0,0.0,0.0,0.0,0.0,-0.002,65.0,0.0,-0.0,0.0,645,0,689,0,0,0,718,0,790,0,709,0,690,0,645,0,642,0,615,0.032,55836672.0,-2.004,0.0,11664,16788,-360.52,-0.0,-0.0,0.0,0.0,-0.0,29.0,60.0,70,0.0,0.0,0.0,0.0,0.0,0.0,0.0,0.0,0.0,0.0,0.0,0.0,0.0,0.0,0.0,0.0,59.2,69,11,65508,41,65476,0,300,0,0,8,20529,65476,0,0,61604,60.0,0.0,0.0,0.0,0.0,0.0
2026-04-04T11:16:23,ERR,ERR,ERR,ERR,ERR,ERR,ERR,ERR,ERR,ERR,ERR,ERR,ERR,ERR,ERR,ERR,ERR,ERR,ERR,ERR,ERR,ERR,ERR,ERR,ERR,ERR,ERR,ERR,ERR,ERR,ERR,ERR,ERR,ERR,ERR,ERR,ERR,ERR,ERR,ERR,ERR,ERR,ERR,ERR,ERR,ERR,ERR,ERR,ERR,ERR,ERR,ERR,ERR,ERR,ERR,ERR,ERR,ERR,ERR,ERR,ERR,ERR,ERR,ERR,ERR,ERR,ERR,ERR,ERR,ERR,ERR,ERR,ERR,ERR,ERR,ERR,ERR,ERR,ERR,ERR,ERR,ERR,ERR,ERR,ERR,ERR,ERR,ERR,ERR,ERR,ERR,ERR,ERR,ERR,ERR,ERR,ERR,ERR,ERR,ERR,ERR,ERR,ERR,ERR,ERR,ERR,ERR,ERR,ERR,ERR,ERR,ERR,ERR,ERR,ERR,ERR,ERR,ERR,ERR,ERR,ERR,ERR,ERR,ERR,ERR,0.0,0.0,-101055584.0,0.0,0.0,0.0,0.0,nan,0,0,0,32768,0,0.0,0,0.0,0.0,0.0,0.0,0.0,0,0,0,0,0.0,0,0,0,0,0,0,0,0,0,0,0,0,0,0,0,0,0,0,0,0,0,0,0,0,0,0,0,0,0,0,0,0,0,0,0,0,0,0,0,0,0,0,0,0,0.0,0.0,0.0,0.0,0.0,0.0,0.0,0.0,0.0,0.0,0.0,0.0,0.0,0.0,0.0,0.0,0.0,0.0,0.0,0.0,0.0,0.0,0.0,0.0,-2.004,2.004,0.0,0.0,0.0,0.0,3406.5,0.0,0.0,2.7184278591402704e+23,0.0,-0.0,0.0,0.0,0.0,0.0,0.0,0,-0.0,-107614264.0,0.0,0.0,0.0,0.0,0.0,0.0,0.0,0,0,0,0.0,0.0,0.0,0.0,0.0,0.0,0.0,0.0,0.0,0.0,0.0,0.0,0.0,0.0,0.0,0.0,0,-107875648.0,0,0.0,0,-107875648.0,-107877712.0,0,39322,17039,13107,17054,0,17038,0,0,0,110,100,100,2.7302334150594743e+23,64.0,0.0,64.5,0.0,69.0,1,49,50,180,0,52429,0,0,0.0,0.0,0.0,0.0,-0.002,65.0,0.0,-0.0,0.0,645,0,689,0,0,0,718,0,790,0,709,0,690,0,645,0,642,0,615,0.032,55836672.0,-2.004,0.0,11664,16788,-360.52,-0.0,-0.0,0.0,0.0,-0.0,29.0,60.0,70,0.0,0.0,0.0,0.0,0.0,0.0,0.0,0.0,0.0,0.0,0.0,0.0,0.0,0.0,0.0,0.0,59.2,69,11,65508,41,65476,0,300,0,0,8,20529,65476,0,0,61604,60.0,0.0,0.0,0.0,0.0,0.0
2026-04-04T11:16:24,ERR,ERR,ERR,ERR,ERR,ERR,ERR,ERR,ERR,ERR,ERR,ERR,ERR,ERR,ERR,ERR,ERR,ERR,ERR,ERR,ERR,ERR,ERR,ERR,ERR,ERR,ERR,ERR,ERR,ERR,ERR,ERR,ERR,ERR,ERR,ERR,ERR,ERR,ERR,ERR,ERR,ERR,ERR,ERR,ERR,ERR,ERR,ERR,ERR,ERR,ERR,ERR,ERR,ERR,ERR,ERR,ERR,ERR,ERR,ERR,ERR,ERR,ERR,ERR,ERR,ERR,ERR,ERR,ERR,ERR,ERR,ERR,ERR,ERR,ERR,ERR,ERR,ERR,ERR,ERR,ERR,ERR,ERR,ERR,ERR,ERR,ERR,ERR,ERR,ERR,ERR,ERR,ERR,ERR,ERR,ERR,ERR,ERR,ERR,ERR,ERR,ERR,ERR,ERR,ERR,ERR,ERR,ERR,ERR,ERR,ERR,ERR,ERR,ERR,ERR,ERR,ERR,ERR,ERR,ERR,ERR,ERR,ERR,ERR,ERR,0.0,0.0,-101055584.0,0.0,0.0,0.0,0.0,nan,0,0,0,32768,0,0.0,0,0.0,0.0,0.0,0.0,0.0,0,0,0,0,0.0,0,0,0,0,0,0,0,0,0,0,0,0,0,0,0,0,0,0,0,0,0,0,0,0,0,0,0,0,0,0,0,0,0,0,0,0,0,0,0,0,0,0,0,0,0.0,0.0,0.0,0.0,0.0,0.0,0.0,0.0,0.0,0.0,0.0,0.0,0.0,0.0,0.0,0.0,0.0,0.0,0.0,0.0,0.0,0.0,0.0,0.0,-2.004,2.004,0.0,0.0,0.0,0.0,3406.5,0.0,0.0,2.7184278591402704e+23,0.0,-0.0,0.0,0.0,0.0,0.0,0.0,0,-0.0,-107614264.0,0.0,0.0,0.0,0.0,0.0,0.0,0.0,0,0,0,0.0,0.0,0.0,0.0,0.0,0.0,0.0,0.0,0.0,0.0,0.0,0.0,0.0,0.0,0.0,0.0,0,-107875648.0,0,0.0,0,-107875648.0,-107877712.0,0,39322,17039,13107,17054,0,17038,0,0,0,110,100,100,2.7302334150594743e+23,64.0,0.0,64.5,0.0,69.0,1,49,50,180,0,52429,0,0,0.0,0.0,0.0,0.0,-0.002,65.0,0.0,-0.0,0.0,645,0,689,0,0,0,718,0,790,0,709,0,690,0,645,0,642,0,615,0.032,55836672.0,-2.004,0.0,11664,16788,-360.52,-0.0,-0.0,0.0,0.0,-0.0,29.0,60.0,70,0.0,0.0,0.0,0.0,0.0,0.0,0.0,0.0,0.0,0.0,0.0,0.0,0.0,0.0,0.0,0.0,59.2,69,11,65508,41,65476,0,300,0,0,8,20529,65476,0,0,61604,60.0,0.0,0.0,0.0,0.0,0.0
2026-04-04T11:16:25,ERR,ERR,ERR,ERR,ERR,ERR,ERR,ERR,ERR,ERR,ERR,ERR,ERR,ERR,ERR,ERR,ERR,ERR,ERR,ERR,ERR,ERR,ERR,ERR,ERR,ERR,ERR,ERR,ERR,ERR,ERR,ERR,ERR,ERR,ERR,ERR,ERR,ERR,ERR,ERR,ERR,ERR,ERR,ERR,ERR,ERR,ERR,ERR,ERR,ERR,ERR,ERR,ERR,ERR,ERR,ERR,ERR,ERR,ERR,ERR,ERR,ERR,ERR,ERR,ERR,ERR,ERR,ERR,ERR,ERR,ERR,ERR,ERR,ERR,ERR,ERR,ERR,ERR,ERR,ERR,ERR,ERR,ERR,ERR,ERR,ERR,ERR,ERR,ERR,ERR,ERR,ERR,ERR,ERR,ERR,ERR,ERR,ERR,ERR,ERR,ERR,ERR,ERR,ERR,ERR,ERR,ERR,ERR,ERR,ERR,ERR,ERR,ERR,ERR,ERR,ERR,ERR,ERR,ERR,ERR,ERR,ERR,ERR,ERR,ERR,2.7184278591402704e+23,0.0,-0.0,0.0,0.0,0.0,0.0,nan,0,0,0,32768,0,0.0,0,0.0,0.0,0.0,0.0,0.0,0,0,0,0,0.0,0,0,0,0,0,0,0,0,0,0,0,0,0,0,0,0,0,0,0,0,0,0,0,0,0,0,0,0,0,0,0,0,0,0,0,0,0,0,0,0,0,0,0,0,0.0,0.0,0.0,0.0,0.0,0.0,0.0,0.0,0.0,0.0,0.0,0.0,0.0,0.0,0.0,0.0,0.0,0.0,0.0,0.0,0.0,0.0,0.0,0.0,-2.004,2.004,0.0,0.0,0.0,0.0,3407.0,8608108544.0,0.0,2.7184278591402704e+23,0.0,-0.0,0.0,0.0,0.0,0.0,0.0,0,-0.0,-2.3088166164207816e+20,0.0,0.0,0.0,0.0,0.0,0.0,0.0,0,0,0,0.0,0.0,0.0,0.0,0.0,0.0,0.0,0.0,0.0,0.0,0.0,0.0,0.0,0.0,0.0,0.0,0,-107875648.0,0,0.0,0,-107875648.0,-107877712.0,0,39322,17039,13107,17054,0,17038,0,0,0,110,100,100,2.7302334150594743e+23,64.0,0.0,64.5,0.0,69.0,1,49,50,180,0,52429,0,0,0.0,0.0,0.0,0.0,-0.002,65.0,0.0,-0.0,0.0,645,0,689,0,0,0,718,0,790,0,709,0,690,0,645,0,642,0,615,0.032,55836672.0,-2.004,0.0,11664,16788,-360.52,-0.0,-0.0,0.0,0.0,-0.0,29.0,60.0,70,0.0,0.0,0.0,0.0,0.0,0.0,0.0,0.0,0.0,0.0,0.0,0.0,0.0,0.0,0.0,0.0,59.2,69,11,65508,41,65476,0,300,0,0,8,20529,65476,0,0,61604,60.0,0.0,0.0,0.0,0.0,0.0
2026-04-04T11:16:26,ERR,ERR,ERR,ERR,ERR,ERR,ERR,ERR,ERR,ERR,ERR,ERR,ERR,ERR,ERR,ERR,ERR,ERR,ERR,ERR,ERR,ERR,ERR,ERR,ERR,ERR,ERR,ERR,ERR,ERR,ERR,ERR,ERR,ERR,ERR,ERR,ERR,ERR,ERR,ERR,ERR,ERR,ERR,ERR,ERR,ERR,ERR,ERR,ERR,ERR,ERR,ERR,ERR,ERR,ERR,ERR,ERR,ERR,ERR,ERR,ERR,ERR,ERR,ERR,ERR,ERR,ERR,ERR,ERR,ERR,ERR,ERR,ERR,ERR,ERR,ERR,ERR,ERR,ERR,ERR,ERR,ERR,ERR,ERR,ERR,ERR,ERR,ERR,ERR,ERR,ERR,ERR,ERR,ERR,ERR,ERR,ERR,ERR,ERR,ERR,ERR,ERR,ERR,ERR,ERR,ERR,ERR,ERR,ERR,ERR,ERR,ERR,ERR,ERR,ERR,ERR,ERR,ERR,ERR,ERR,ERR,ERR,ERR,ERR,ERR,2.7184278591402704e+23,0.0,-0.0,0.0,0.0,0.0,0.0,nan,0,0,0,32768,0,0.0,0,0.0,0.0,0.0,0.0,0.0,0,0,0,0,0.0,0,0,0,0,0,0,0,0,0,0,0,0,0,0,0,0,0,0,0,0,0,0,0,0,0,0,0,0,0,0,0,0,0,0,0,0,0,0,0,0,0,0,0,0,0.0,0.0,0.0,0.0,0.0,0.0,0.0,0.0,0.0,0.0,0.0,0.0,0.0,0.0,0.0,0.0,0.0,0.0,0.0,0.0,0.0,0.0,0.0,0.0,-2.004,2.004,0.0,0.0,0.0,0.0,3407.0,8608108544.0,0.0,2.7184278591402704e+23,0.0,-0.0,0.0,0.0,0.0,0.0,0.0,0,-0.0,-2.3088166164207816e+20,0.0,0.0,0.0,0.0,0.0,0.0,0.0,0,0,0,0.0,0.0,0.0,0.0,0.0,0.0,0.0,0.0,0.0,0.0,0.0,0.0,0.0,0.0,0.0,0.0,0,-107875648.0,0,0.0,0,-107875648.0,-107877712.0,0,39322,17039,13107,17054,0,17038,0,0,0,110,100,100,2.7302334150594743e+23,64.0,0.0,64.5,0.0,69.0,1,49,50,180,0,52429,0,0,0.0,0.0,0.0,0.0,-0.002,65.0,0.0,-0.0,0.0,645,0,689,0,0,0,718,0,790,0,709,0,690,0,645,0,642,0,615,0.032,55836672.0,-2.004,0.0,11664,16788,-360.52,-0.0,-0.0,0.0,0.0,-0.0,29.0,60.0,70,0.0,0.0,0.0,0.0,0.0,0.0,0.0,0.0,0.0,0.0,0.0,0.0,0.0,0.0,0.0,0.0,59.2,69,11,65508,41,65476,0,300,0,0,8,20529,65476,0,0,61604,60.0,0.0,0.0,0.0,0.0,0.0
2026-04-04T11:16:27,ERR,ERR,ERR,ERR,ERR,ERR,ERR,ERR,ERR,ERR,ERR,ERR,ERR,ERR,ERR,ERR,ERR,ERR,ERR,ERR,ERR,ERR,ERR,ERR,ERR,ERR,ERR,ERR,ERR,ERR,ERR,ERR,ERR,ERR,ERR,ERR,ERR,ERR,ERR,ERR,ERR,ERR,ERR,ERR,ERR,ERR,ERR,ERR,ERR,ERR,ERR,ERR,ERR,ERR,ERR,ERR,ERR,ERR,ERR,ERR,ERR,ERR,ERR,ERR,ERR,ERR,ERR,ERR,ERR,ERR,ERR,ERR,ERR,ERR,ERR,ERR,ERR,ERR,ERR,ERR,ERR,ERR,ERR,ERR,ERR,ERR,ERR,ERR,ERR,ERR,ERR,ERR,ERR,ERR,ERR,ERR,ERR,ERR,ERR,ERR,ERR,ERR,ERR,ERR,ERR,ERR,ERR,ERR,ERR,ERR,ERR,ERR,ERR,ERR,ERR,ERR,ERR,ERR,ERR,ERR,ERR,ERR,ERR,ERR,ERR,2.7184278591402704e+23,0.0,-0.0,0.0,0.0,0.0,0.0,nan,0,0,0,32768,0,0.0,0,0.0,0.0,0.0,0.0,0.0,0,0,0,0,0.0,0,0,0,0,0,0,0,0,0,0,0,0,0,0,0,0,0,0,0,0,0,0,0,0,0,0,0,0,0,0,0,0,0,0,0,0,0,0,0,0,0,0,0,0,0.0,0.0,0.0,0.0,0.0,0.0,0.0,0.0,0.0,0.0,0.0,0.0,0.0,0.0,0.0,0.0,0.0,0.0,0.0,0.0,0.0,0.0,0.0,0.0,-2.004,2.004,0.0,0.0,0.0,0.0,3407.0,8608108544.0,0.0,2.7184278591402704e+23,0.0,-0.0,0.0,0.0,0.0,0.0,0.0,0,-0.0,-2.3088166164207816e+20,0.0,0.0,0.0,0.0,0.0,0.0,0.0,0,0,0,0.0,0.0,0.0,0.0,0.0,0.0,0.0,0.0,0.0,0.0,0.0,0.0,0.0,0.0,0.0,0.0,0,-107875648.0,0,0.0,0,-107875648.0,-107877712.0,0,39322,17039,13107,17054,0,17038,0,0,0,110,100,100,2.7302334150594743e+23,64.0,0.0,64.5,0.0,69.0,1,49,50,180,0,52429,0,0,0.0,0.0,0.0,0.0,-0.002,65.0,0.0,-0.0,0.0,645,0,689,0,0,0,718,0,790,0,709,0,690,0,645,0,642,0,615,0.032,55836672.0,-2.004,0.0,11664,16788,-360.52,-0.0,-0.0,0.0,0.0,-0.0,29.0,60.0,70,0.0,0.0,0.0,0.0,0.0,0.0,0.0,0.0,0.0,0.0,0.0,0.0,0.0,0.0,0.0,0.0,59.2,69,11,65508,41,65476,0,300,0,0,8,20529,65476,0,0,61604,60.0,0.0,0.0,0.0,0.0,0.0
2026-04-04T11:16:28,ERR,ERR,ERR,ERR,ERR,ERR,ERR,ERR,ERR,ERR,ERR,ERR,ERR,ERR,ERR,ERR,ERR,ERR,ERR,ERR,ERR,ERR,ERR,ERR,ERR,ERR,ERR,ERR,ERR,ERR,ERR,ERR,ERR,ERR,ERR,ERR,ERR,ERR,ERR,ERR,ERR,ERR,ERR,ERR,ERR,ERR,ERR,ERR,ERR,ERR,ERR,ERR,ERR,ERR,ERR,ERR,ERR,ERR,ERR,ERR,ERR,ERR,ERR,ERR,ERR,ERR,ERR,ERR,ERR,ERR,ERR,ERR,ERR,ERR,ERR,ERR,ERR,ERR,ERR,ERR,ERR,ERR,ERR,ERR,ERR,ERR,ERR,ERR,ERR,ERR,ERR,ERR,ERR,ERR,ERR,ERR,ERR,ERR,ERR,ERR,ERR,ERR,ERR,ERR,ERR,ERR,ERR,ERR,ERR,ERR,ERR,ERR,ERR,ERR,ERR,ERR,ERR,ERR,ERR,ERR,ERR,ERR,ERR,ERR,ERR,2.7184278591402704e+23,0.0,-0.0,0.0,0.0,0.0,0.0,nan,0,0,0,32768,0,0.0,0,0.0,0.0,0.0,0.0,0.0,0,0,0,0,0.0,0,0,0,0,0,0,0,0,0,0,0,0,0,0,0,0,0,0,0,0,0,0,0,0,0,0,0,0,0,0,0,0,0,0,0,0,0,0,0,0,0,0,0,0,0.0,0.0,0.0,0.0,0.0,0.0,0.0,0.0,0.0,0.0,0.0,0.0,0.0,0.0,0.0,0.0,0.0,0.0,0.0,0.0,0.0,0.0,0.0,0.0,-2.004,2.004,0.0,0.0,0.0,0.0,3407.0,8608108544.0,0.0,2.7184278591402704e+23,0.0,-0.0,0.0,0.0,0.0,0.0,0.0,0,-0.0,-2.3088166164207816e+20,0.0,0.0,0.0,0.0,0.0,0.0,0.0,0,0,0,0.0,0.0,0.0,0.0,0.0,0.0,0.0,0.0,0.0,0.0,0.0,0.0,0.0,0.0,0.0,0.0,0,-107875648.0,0,0.0,0,-107875648.0,-107877712.0,0,39322,17039,0,17054,0,17038,0,0,0,110,100,100,2.7302334150594743e+23,64.0,0.0,64.5,0.0,69.0,1,49,50,180,0,52429,0,0,0.0,0.0,0.0,0.0,-0.0,65.0,0.0,1.8690744322660848e+27,0.0,645,0,689,0,0,0,718,0,790,0,710,0,690,0,645,0,642,0,615,0.032,55836672.0,-2.004,0.0,14096,16788,-0.056,-0.442,-0.0,-26147595223040.0,0.0,-0.0,29.0,60.0,70,0.0,0.0,0.0,0.0,0.0,0.0,0.0,0.0,0.0,0.0,0.0,0.0,0.0,0.0,0.0,0.0,59.2,69,11,65508,41,65476,0,300,0,0,8,20529,65476,0,0,61604,60.0,0.0,0.0,0.0,0.0,0.0
2026-04-04T11:16:29,ERR,ERR,ERR,ERR,ERR,ERR,ERR,ERR,ERR,ERR,ERR,ERR,ERR,ERR,ERR,ERR,ERR,ERR,ERR,ERR,ERR,ERR,ERR,ERR,ERR,ERR,ERR,ERR,ERR,ERR,ERR,ERR,ERR,ERR,ERR,ERR,ERR,ERR,ERR,ERR,ERR,ERR,ERR,ERR,ERR,ERR,ERR,ERR,ERR,ERR,ERR,ERR,ERR,ERR,ERR,ERR,ERR,ERR,ERR,ERR,ERR,ERR,ERR,ERR,ERR,ERR,ERR,ERR,ERR,ERR,ERR,ERR,ERR,ERR,ERR,ERR,ERR,ERR,ERR,ERR,ERR,ERR,ERR,ERR,ERR,ERR,ERR,ERR,ERR,ERR,ERR,ERR,ERR,ERR,ERR,ERR,ERR,ERR,ERR,ERR,ERR,ERR,ERR,ERR,ERR,ERR,ERR,ERR,ERR,ERR,ERR,ERR,ERR,ERR,ERR,ERR,ERR,ERR,ERR,ERR,ERR,ERR,ERR,ERR,ERR,2.7184278591402704e+23,0.0,-0.0,0.0,0.0,0.0,0.0,nan,0,0,0,32768,0,0.0,0,0.0,0.0,0.0,0.0,0.0,0,0,0,0,0.0,0,0,0,0,0,0,0,0,0,0,0,0,0,0,0,0,0,0,0,0,0,0,0,0,0,0,0,0,0,0,0,0,0,0,0,0,0,0,0,0,0,0,0,0,0.0,0.0,0.0,0.0,0.0,0.0,0.0,0.0,0.0,0.0,0.0,0.0,0.0,0.0,0.0,0.0,0.0,0.0,0.0,0.0,0.0,0.0,0.0,0.0,-2.004,2.004,0.0,0.0,0.0,0.0,3407.0,8608108544.0,0.0,2.7184278591402704e+23,0.0,-0.0,0.0,0.0,0.0,0.0,0.0,0,-0.0,-2.3088166164207816e+20,0.0,0.0,0.0,0.0,0.0,0.0,0.0,0,0,0,0.0,0.0,0.0,0.0,0.0,0.0,0.0,0.0,0.0,0.0,0.0,0.0,0.0,0.0,0.0,0.0,0,-107875648.0,0,0.0,0,-107875648.0,-107877712.0,0,39322,17039,0,17054,0,17038,0,0,0,110,100,100,2.7302334150594743e+23,64.0,0.0,64.5,0.0,69.0,1,49,50,180,0,52429,0,0,0.0,0.0,0.0,0.0,-0.0,65.0,0.0,1.8690744322660848e+27,0.0,645,0,689,0,0,0,718,0,790,0,710,0,690,0,645,0,642,0,615,0.032,55836672.0,-2.004,0.0,14096,16788,-0.056,-0.442,-0.0,-26147595223040.0,0.0,-0.0,29.0,60.0,70,0.0,0.0,0.0,0.0,0.0,0.0,0.0,0.0,0.0,0.0,0.0,0.0,0.0,0.0,0.0,0.0,59.2,69,11,65508,41,65476,0,300,0,0,8,20529,65476,0,0,61604,60.0,0.0,0.0,0.0,0.0,0.0
2026-04-04T11:16:30,ERR,ERR,ERR,ERR,ERR,ERR,ERR,ERR,ERR,ERR,ERR,ERR,ERR,ERR,ERR,ERR,ERR,ERR,ERR,ERR,ERR,ERR,ERR,ERR,ERR,ERR,ERR,ERR,ERR,ERR,ERR,ERR,ERR,ERR,ERR,ERR,ERR,ERR,ERR,ERR,ERR,ERR,ERR,ERR,ERR,ERR,ERR,ERR,ERR,ERR,ERR,ERR,ERR,ERR,ERR,ERR,ERR,ERR,ERR,ERR,ERR,ERR,ERR,ERR,ERR,ERR,ERR,ERR,ERR,ERR,ERR,ERR,ERR,ERR,ERR,ERR,ERR,ERR,ERR,ERR,ERR,ERR,ERR,ERR,ERR,ERR,ERR,ERR,ERR,ERR,ERR,ERR,ERR,ERR,ERR,ERR,ERR,ERR,ERR,ERR,ERR,ERR,ERR,ERR,ERR,ERR,ERR,ERR,ERR,ERR,ERR,ERR,ERR,ERR,ERR,ERR,ERR,ERR,ERR,ERR,ERR,ERR,ERR,ERR,ERR,2.7184278591402704e+23,0.0,-0.0,0.0,0.0,0.0,0.0,nan,0,0,0,32768,0,0.0,0,0.0,0.0,0.0,0.0,0.0,0,0,0,0,0.0,0,0,0,0,0,0,0,0,0,0,0,0,0,0,0,0,0,0,0,0,0,0,0,0,0,0,0,0,0,0,0,0,0,0,0,0,0,0,0,0,0,0,0,0,0.0,0.0,0.0,0.0,0.0,0.0,0.0,0.0,0.0,0.0,0.0,0.0,0.0,0.0,0.0,0.0,0.0,0.0,0.0,0.0,0.0,0.0,0.0,0.0,-2.004,2.004,0.0,0.0,0.0,0.0,3407.0,8608108544.0,0.0,2.7184278591402704e+23,0.0,-0.0,0.0,0.0,0.0,0.0,0.0,0,-0.0,-2.3088166164207816e+20,0.0,0.0,0.0,0.0,0.0,0.0,0.0,0,0,0,0.0,0.0,0.0,0.0,0.0,0.0,0.0,0.0,0.0,0.0,0.0,0.0,0.0,0.0,0.0,0.0,0,-107875648.0,0,0.0,0,-107875648.0,-107877712.0,0,39322,17039,0,17054,0,17038,0,0,0,110,100,100,2.7302334150594743e+23,64.0,0.0,64.5,0.0,69.0,1,49,50,180,0,52429,0,0,0.0,0.0,0.0,0.0,-0.0,65.0,0.0,1.8690744322660848e+27,0.0,645,0,689,0,0,0,718,0,790,0,710,0,690,0,645,0,642,0,615,0.032,55836672.0,-2.004,0.0,14096,16788,-0.056,-0.442,-0.0,-26147595223040.0,0.0,-0.0,29.0,60.0,70,0.0,0.0,0.0,0.0,0.0,0.0,0.0,0.0,0.0,0.0,0.0,0.0,0.0,0.0,0.0,0.0,59.2,69,11,65508,41,65476,0,300,0,0,8,20529,65476,0,0,61604,60.0,0.0,0.0,0.0,0.0,0.0
2026-04-04T11:16:31,ERR,ERR,ERR,ERR,ERR,ERR,ERR,ERR,ERR,ERR,ERR,ERR,ERR,ERR,ERR,ERR,ERR,ERR,ERR,ERR,ERR,ERR,ERR,ERR,ERR,ERR,ERR,ERR,ERR,ERR,ERR,ERR,ERR,ERR,ERR,ERR,ERR,ERR,ERR,ERR,ERR,ERR,ERR,ERR,ERR,ERR,ERR,ERR,ERR,ERR,ERR,ERR,ERR,ERR,ERR,ERR,ERR,ERR,ERR,ERR,ERR,ERR,ERR,ERR,ERR,ERR,ERR,ERR,ERR,ERR,ERR,ERR,ERR,ERR,ERR,ERR,ERR,ERR,ERR,ERR,ERR,ERR,ERR,ERR,ERR,ERR,ERR,ERR,ERR,ERR,ERR,ERR,ERR,ERR,ERR,ERR,ERR,ERR,ERR,ERR,ERR,ERR,ERR,ERR,ERR,ERR,ERR,ERR,ERR,ERR,ERR,ERR,ERR,ERR,ERR,ERR,ERR,ERR,ERR,ERR,ERR,ERR,ERR,ERR,ERR,2.7184278591402704e+23,0.0,-0.0,0.0,0.0,0.0,0.0,nan,0,0,0,32768,0,0.0,0,0.0,0.0,0.0,0.0,0.0,0,0,0,0,0.0,0,0,0,0,0,0,0,0,0,0,0,0,0,0,0,0,0,0,0,0,0,0,0,0,0,0,0,0,0,0,0,0,0,0,0,0,0,0,0,0,0,0,0,0,0.0,0.0,0.0,0.0,0.0,0.0,0.0,0.0,0.0,0.0,0.0,0.0,0.0,0.0,0.0,0.0,0.0,0.0,0.0,0.0,0.0,0.0,0.0,0.0,-2.004,2.004,0.0,0.0,0.0,0.0,3407.0,8608108544.0,0.0,2.7184278591402704e+23,0.0,-0.0,0.0,0.0,0.0,0.0,0.0,0,-0.0,-2.3088166164207816e+20,0.0,0.0,0.0,0.0,0.0,0.0,0.0,0,0,0,0.0,0.0,0.0,0.0,0.0,0.0,0.0,0.0,0.0,0.0,0.0,0.0,0.0,0.0,0.0,0.0,0,-107875648.0,0,0.0,0,-107875648.0,-107877712.0,0,39322,17039,0,17054,0,17038,0,0,0,110,100,100,2.7302334150594743e+23,64.0,0.0,64.5,0.0,69.0,1,49,50,180,0,52429,0,0,0.0,0.0,0.0,0.0,-0.0,65.0,0.0,1.8690744322660848e+27,0.0,645,0,689,0,0,0,718,0,790,0,710,0,690,0,645,0,642,0,615,0.032,55836672.0,-2.004,0.0,14096,16788,-0.056,-0.442,-0.0,-26147595223040.0,0.0,-0.0,29.0,60.0,70,0.0,0.0,0.0,0.0,0.0,0.0,0.0,0.0,0.0,0.0,0.0,0.0,0.0,0.0,0.0,0.0,59.2,69,11,65508,41,65476,0,300,0,0,8,20529,65476,0,0,61604,60.0,0.0,0.0,0.0,0.0,0.0
2026-04-04T11:16:32,ERR,ERR,ERR,ERR,ERR,ERR,ERR,ERR,ERR,ERR,ERR,ERR,ERR,ERR,ERR,ERR,ERR,ERR,ERR,ERR,ERR,ERR,ERR,ERR,ERR,ERR,ERR,ERR,ERR,ERR,ERR,ERR,ERR,ERR,ERR,ERR,ERR,ERR,ERR,ERR,ERR,ERR,ERR,ERR,ERR,ERR,ERR,ERR,ERR,ERR,ERR,ERR,ERR,ERR,ERR,ERR,ERR,ERR,ERR,ERR,ERR,ERR,ERR,ERR,ERR,ERR,ERR,ERR,ERR,ERR,ERR,ERR,ERR,ERR,ERR,ERR,ERR,ERR,ERR,ERR,ERR,ERR,ERR,ERR,ERR,ERR,ERR,ERR,ERR,ERR,ERR,ERR,ERR,ERR,ERR,ERR,ERR,ERR,ERR,ERR,ERR,ERR,ERR,ERR,ERR,ERR,ERR,ERR,ERR,ERR,ERR,ERR,ERR,ERR,ERR,ERR,ERR,ERR,ERR,ERR,ERR,ERR,ERR,ERR,ERR,2.7184278591402704e+23,0.0,-0.0,0.0,0.0,0.0,0.0,nan,0,0,0,32768,0,0.0,0,0.0,0.0,0.0,0.0,0.0,0,0,0,0,0.0,0,0,0,0,0,0,0,0,0,0,0,0,0,0,0,0,0,0,0,0,0,0,0,0,0,0,0,0,0,0,0,0,0,0,0,0,0,0,0,0,0,0,0,0,0.0,0.0,0.0,0.0,0.0,0.0,0.0,0.0,0.0,0.0,0.0,0.0,0.0,0.0,0.0,0.0,0.0,0.0,0.0,0.0,0.0,0.0,0.0,0.0,-2.004,2.004,0.0,0.0,0.0,0.0,3407.0,8608108544.0,0.0,2.7184278591402704e+23,0.0,-0.0,0.0,0.0,0.0,0.0,0.0,0,-0.0,-2.3088166164207816e+20,0.0,0.0,0.0,0.0,0.0,0.0,0.0,0,0,0,0.0,0.0,0.0,0.0,0.0,0.0,0.0,0.0,0.0,0.0,0.0,0.0,0.0,0.0,0.0,0.0,0,-107875648.0,0,0.0,0,-107875648.0,-107877712.0,0,39322,17039,0,17054,0,17038,0,0,0,110,100,100,2.7302334150594743e+23,64.0,0.0,64.5,0.0,69.0,1,49,50,180,0,52429,0,0,0.0,0.0,0.0,0.0,-0.0,65.0,0.0,1.8690744322660848e+27,0.0,645,0,689,0,0,0,718,0,790,0,710,0,690,0,645,0,642,0,615,0.032,55836672.0,-2.004,0.0,14096,16788,-0.056,-0.442,-0.0,-26147595223040.0,0.0,-0.0,29.0,60.0,70,0.0,0.0,0.0,0.0,0.0,0.0,0.0,0.0,0.0,0.0,0.0,0.0,0.0,0.0,0.0,0.0,59.2,69,11,65508,41,65476,0,300,0,0,8,20529,65476,0,0,61604,60.0,0.0,0.0,0.0,0.0,0.0
2026-04-04T11:16:33,ERR,ERR,ERR,ERR,ERR,ERR,ERR,ERR,ERR,ERR,ERR,ERR,ERR,ERR,ERR,ERR,ERR,ERR,ERR,ERR,ERR,ERR,ERR,ERR,ERR,ERR,ERR,ERR,ERR,ERR,ERR,ERR,ERR,ERR,ERR,ERR,ERR,ERR,ERR,ERR,ERR,ERR,ERR,ERR,ERR,ERR,ERR,ERR,ERR,ERR,ERR,ERR,ERR,ERR,ERR,ERR,ERR,ERR,ERR,ERR,ERR,ERR,ERR,ERR,ERR,ERR,ERR,ERR,ERR,ERR,ERR,ERR,ERR,ERR,ERR,ERR,ERR,ERR,ERR,ERR,ERR,ERR,ERR,ERR,ERR,ERR,ERR,ERR,ERR,ERR,ERR,ERR,ERR,ERR,ERR,ERR,ERR,ERR,ERR,ERR,ERR,ERR,ERR,ERR,ERR,ERR,ERR,ERR,ERR,ERR,ERR,ERR,ERR,ERR,ERR,ERR,ERR,ERR,ERR,ERR,ERR,ERR,ERR,ERR,ERR,2.7184278591402704e+23,0.0,-0.0,0.0,0.0,0.0,0.0,nan,0,0,0,32768,0,0.0,0,0.0,0.0,0.0,0.0,0.0,0,0,0,0,0.0,0,0,0,0,0,0,0,0,0,0,0,0,0,0,0,0,0,0,0,0,0,0,0,0,0,0,0,0,0,0,0,0,0,0,0,0,0,0,0,0,0,0,0,0,0.0,0.0,0.0,0.0,0.0,0.0,0.0,0.0,0.0,0.0,0.0,0.0,0.0,0.0,0.0,0.0,0.0,0.0,0.0,0.0,0.0,0.0,0.0,0.0,-2.004,2.004,0.0,0.0,0.0,0.0,3407.0,8608108544.0,0.0,0.0,0.0,-0.0,0.0,0.0,0.0,0.0,0.0,0,-0.0,-2.3088166164207816e+20,0.0,0.0,0.0,0.0,0.0,0.0,0.0,0,0,0,0.0,0.0,0.0,0.0,0.0,0.0,0.0,0.0,0.0,0.0,0.0,0.0,0.0,0.0,0.0,0.0,0,-107875648.0,0,0.0,0,-107875648.0,-107877712.0,0,39322,17039,0,17054,0,17038,0,0,0,110,100,100,2.7302334150594743e+23,64.0,0.0,64.5,0.0,69.0,1,49,50,180,0,52429,0,0,0.0,0.0,0.0,0.0,-0.0,65.0,0.0,1.8690744322660848e+27,0.0,645,0,689,0,0,0,718,0,790,0,710,0,690,0,645,0,642,0,615,0.032,55836672.0,-2.004,0.0,14096,16788,-0.056,-0.442,-0.0,-26147595223040.0,0.0,-0.0,29.0,60.0,70,0.0,0.0,0.0,0.0,0.0,0.0,0.0,0.0,0.0,0.0,0.0,0.0,0.0,0.0,0.0,0.0,59.2,69,11,65508,41,65476,0,300,0,0,8,20529,65476,0,0,61604,60.0,0.0,0.0,0.0,0.0,0.0
2026-04-04T11:16:34,ERR,ERR,ERR,ERR,ERR,ERR,ERR,ERR,ERR,ERR,ERR,ERR,ERR,ERR,ERR,ERR,ERR,ERR,ERR,ERR,ERR,ERR,ERR,ERR,ERR,ERR,ERR,ERR,ERR,ERR,ERR,ERR,ERR,ERR,ERR,ERR,ERR,ERR,ERR,ERR,ERR,ERR,ERR,ERR,ERR,ERR,ERR,ERR,ERR,ERR,ERR,ERR,ERR,ERR,ERR,ERR,ERR,ERR,ERR,ERR,ERR,ERR,ERR,ERR,ERR,ERR,ERR,ERR,ERR,ERR,ERR,ERR,ERR,ERR,ERR,ERR,ERR,ERR,ERR,ERR,ERR,ERR,ERR,ERR,ERR,ERR,ERR,ERR,ERR,ERR,ERR,ERR,ERR,ERR,ERR,ERR,ERR,ERR,ERR,ERR,ERR,ERR,ERR,ERR,ERR,ERR,ERR,ERR,ERR,ERR,ERR,ERR,ERR,ERR,ERR,ERR,ERR,ERR,ERR,ERR,ERR,ERR,ERR,ERR,ERR,2.7184278591402704e+23,0.0,-0.0,0.0,0.0,0.0,0.0,nan,0,0,0,32768,0,0.0,0,0.0,0.0,0.0,0.0,0.0,0,0,0,0,0.0,0,0,0,0,0,0,0,0,0,0,0,0,0,0,0,0,0,0,0,0,0,0,0,0,0,0,0,0,0,0,0,0,0,0,0,0,0,0,0,0,0,0,0,0,0.0,0.0,0.0,0.0,0.0,0.0,0.0,0.0,0.0,0.0,0.0,0.0,0.0,0.0,0.0,0.0,0.0,0.0,0.0,0.0,0.0,0.0,0.0,0.0,-2.004,2.004,0.0,0.0,0.0,0.0,3407.0,8608108544.0,0.0,0.0,0.0,-0.0,0.0,0.0,0.0,0.0,0.0,0,-0.0,-2.3088166164207816e+20,0.0,0.0,0.0,0.0,0.0,0.0,0.0,0,0,0,0.0,0.0,0.0,0.0,0.0,0.0,0.0,0.0,0.0,0.0,0.0,0.0,0.0,0.0,0.0,0.0,0,-107875648.0,0,0.0,0,-107875648.0,-107877712.0,0,39322,17039,0,17054,0,17038,0,0,0,110,100,100,2.7302334150594743e+23,64.0,0.0,64.5,0.0,69.0,1,49,50,180,0,52429,0,0,0.0,0.0,0.0,0.0,-0.003,65.0,0.0,-0.212,0.0,645,0,689,0,0,0,718,0,790,0,710,0,690,0,645,0,642,0,615,0.032,56098816.0,-2.004,0.0,18832,16788,-0.0,-0.0,2660861088890880.0,0.0,-4367400040398848.0,1.9945729210557965e+21,29.0,60.0,70,0.0,0.0,0.0,0.0,0.0,0.0,0.0,0.0,0.0,0.0,0.0,0.0,0.0,0.0,0.0,0.0,59.2,69,11,65508,41,65476,0,300,0,0,8,20529,65476,0,0,61604,60.0,0.0,0.0,0.0,0.0,0.0
2026-04-04T11:16:35,ERR,ERR,ERR,ERR,ERR,ERR,ERR,ERR,ERR,ERR,ERR,ERR,ERR,ERR,ERR,ERR,ERR,ERR,ERR,ERR,ERR,ERR,ERR,ERR,ERR,ERR,ERR,ERR,ERR,ERR,ERR,ERR,ERR,ERR,ERR,ERR,ERR,ERR,ERR,ERR,ERR,ERR,ERR,ERR,ERR,ERR,ERR,ERR,ERR,ERR,ERR,ERR,ERR,ERR,ERR,ERR,ERR,ERR,ERR,ERR,ERR,ERR,ERR,ERR,ERR,ERR,ERR,ERR,ERR,ERR,ERR,ERR,ERR,ERR,ERR,ERR,ERR,ERR,ERR,ERR,ERR,ERR,ERR,ERR,ERR,ERR,ERR,ERR,ERR,ERR,ERR,ERR,ERR,ERR,ERR,ERR,ERR,ERR,ERR,ERR,ERR,ERR,ERR,ERR,ERR,ERR,ERR,ERR,ERR,ERR,ERR,ERR,ERR,ERR,ERR,ERR,ERR,ERR,ERR,ERR,ERR,ERR,ERR,ERR,ERR,2.7184278591402704e+23,0.0,-0.0,0.0,0.0,0.0,0.0,nan,0,0,0,32768,0,0.0,0,0.0,0.0,0.0,0.0,0.0,0,0,0,0,0.0,0,0,0,0,0,0,0,0,0,0,0,0,0,0,0,0,0,0,0,0,0,0,0,0,0,0,0,0,0,0,0,0,0,0,0,0,0,0,0,0,0,0,0,0,0.0,0.0,0.0,0.0,0.0,0.0,0.0,0.0,0.0,0.0,0.0,0.0,0.0,0.0,0.0,0.0,0.0,0.0,0.0,0.0,0.0,0.0,0.0,0.0,-2.004,2.004,0.0,0.0,0.0,0.0,3407.0,8608108544.0,0.0,0.0,0.0,-0.0,0.0,0.0,0.0,0.0,0.0,0,-0.0,-2.3088166164207816e+20,0.0,0.0,0.0,0.0,0.0,0.0,0.0,0,0,0,0.0,0.0,0.0,0.0,0.0,0.0,0.0,0.0,0.0,0.0,0.0,0.0,0.0,0.0,0.0,0.0,0,-107875648.0,0,0.0,0,-107875648.0,-107877712.0,0,39322,17039,0,17054,0,17038,0,0,0,110,100,100,2.7302334150594743e+23,64.0,0.0,64.5,0.0,69.0,1,49,50,180,0,52429,0,0,0.0,0.0,0.0,0.0,-0.003,65.0,0.0,-0.212,0.0,645,0,689,0,0,0,718,0,790,0,710,0,690,0,645,0,642,0,615,0.032,56098816.0,-2.004,0.0,18832,16788,-0.0,-0.0,2660861088890880.0,0.0,-4367400040398848.0,1.9945729210557965e+21,29.0,60.0,70,0.0,0.0,0.0,0.0,0.0,0.0,0.0,0.0,0.0,0.0,0.0,0.0,0.0,0.0,0.0,0.0,59.2,69,11,65508,41,65476,0,300,0,0,8,20529,65476,0,0,61604,60.0,0.0,0.0,0.0,0.0,0.0
2026-04-04T11:16:36,ERR,ERR,ERR,ERR,ERR,ERR,ERR,ERR,ERR,ERR,ERR,ERR,ERR,ERR,ERR,ERR,ERR,ERR,ERR,ERR,ERR,ERR,ERR,ERR,ERR,ERR,ERR,ERR,ERR,ERR,ERR,ERR,ERR,ERR,ERR,ERR,ERR,ERR,ERR,ERR,ERR,ERR,ERR,ERR,ERR,ERR,ERR,ERR,ERR,ERR,ERR,ERR,ERR,ERR,ERR,ERR,ERR,ERR,ERR,ERR,ERR,ERR,ERR,ERR,ERR,ERR,ERR,ERR,ERR,ERR,ERR,ERR,ERR,ERR,ERR,ERR,ERR,ERR,ERR,ERR,ERR,ERR,ERR,ERR,ERR,ERR,ERR,ERR,ERR,ERR,ERR,ERR,ERR,ERR,ERR,ERR,ERR,ERR,ERR,ERR,ERR,ERR,ERR,ERR,ERR,ERR,ERR,ERR,ERR,ERR,ERR,ERR,ERR,ERR,ERR,ERR,ERR,ERR,ERR,ERR,ERR,ERR,ERR,ERR,ERR,2.7184278591402704e+23,0.0,-0.0,0.0,0.0,0.0,0.0,nan,0,0,0,32768,0,0.0,0,0.0,0.0,0.0,0.0,0.0,0,0,0,0,0.0,0,0,0,0,0,0,0,0,0,0,0,0,0,0,0,0,0,0,0,0,0,0,0,0,0,0,0,0,0,0,0,0,0,0,0,0,0,0,0,0,0,0,0,0,0.0,0.0,0.0,0.0,0.0,0.0,0.0,0.0,0.0,0.0,0.0,0.0,0.0,0.0,0.0,0.0,0.0,0.0,0.0,0.0,0.0,0.0,0.0,0.0,-2.004,2.004,0.0,0.0,0.0,0.0,3407.0,8608108544.0,0.0,0.0,0.0,-0.0,0.0,0.0,0.0,0.0,0.0,0,-0.0,-2.3088166164207816e+20,0.0,0.0,0.0,0.0,0.0,0.0,0.0,0,0,0,0.0,0.0,0.0,0.0,0.0,0.0,0.0,0.0,0.0,0.0,0.0,0.0,0.0,0.0,0.0,0.0,0,-107875648.0,0,0.0,0,-107875648.0,-107877712.0,0,39322,17039,0,17054,0,17038,0,0,0,110,100,100,2.7302334150594743e+23,64.0,0.0,64.5,0.0,69.0,1,49,50,180,0,52429,0,0,0.0,0.0,0.0,0.0,-0.003,65.0,0.0,-0.212,0.0,645,0,689,0,0,0,718,0,790,0,710,0,690,0,645,0,642,0,615,0.032,56098816.0,-2.004,0.0,18832,16788,-0.0,-0.0,2660861088890880.0,0.0,-4367400040398848.0,1.9945729210557965e+21,29.0,60.0,70,0.0,0.0,0.0,0.0,0.0,0.0,0.0,0.0,0.0,0.0,0.0,0.0,0.0,0.0,0.0,0.0,59.2,69,11,65508,41,65476,0,300,0,0,8,20529,65476,0,0,61604,60.0,0.0,0.0,0.0,0.0,0.0
2026-04-04T11:16:37,ERR,ERR,ERR,ERR,ERR,ERR,ERR,ERR,ERR,ERR,ERR,ERR,ERR,ERR,ERR,ERR,ERR,ERR,ERR,ERR,ERR,ERR,ERR,ERR,ERR,ERR,ERR,ERR,ERR,ERR,ERR,ERR,ERR,ERR,ERR,ERR,ERR,ERR,ERR,ERR,ERR,ERR,ERR,ERR,ERR,ERR,ERR,ERR,ERR,ERR,ERR,ERR,ERR,ERR,ERR,ERR,ERR,ERR,ERR,ERR,ERR,ERR,ERR,ERR,ERR,ERR,ERR,ERR,ERR,ERR,ERR,ERR,ERR,ERR,ERR,ERR,ERR,ERR,ERR,ERR,ERR,ERR,ERR,ERR,ERR,ERR,ERR,ERR,ERR,ERR,ERR,ERR,ERR,ERR,ERR,ERR,ERR,ERR,ERR,ERR,ERR,ERR,ERR,ERR,ERR,ERR,ERR,ERR,ERR,ERR,ERR,ERR,ERR,ERR,ERR,ERR,ERR,ERR,ERR,ERR,ERR,ERR,ERR,ERR,ERR,2.7184278591402704e+23,0.0,-0.0,0.0,0.0,0.0,0.0,nan,0,0,0,32768,0,0.0,0,0.0,0.0,0.0,0.0,0.0,0,0,0,0,0.0,0,0,0,0,0,0,0,0,0,0,0,0,0,0,0,0,0,0,0,0,0,0,0,0,0,0,0,0,0,0,0,0,0,0,0,0,0,0,0,0,0,0,0,0,0.0,0.0,0.0,0.0,0.0,0.0,0.0,0.0,0.0,0.0,0.0,0.0,0.0,0.0,0.0,0.0,0.0,0.0,0.0,0.0,0.0,0.0,0.0,0.0,-2.004,2.004,0.0,0.0,0.0,0.0,3407.0,8608108544.0,0.0,0.0,0.0,-0.0,0.0,0.0,0.0,0.0,0.0,0,-0.0,-2.3088166164207816e+20,0.0,0.0,0.0,0.0,0.0,0.0,0.0,0,0,0,0.0,0.0,0.0,0.0,0.0,0.0,0.0,0.0,0.0,0.0,0.0,0.0,0.0,0.0,0.0,0.0,0,-107875648.0,0,0.0,0,-107875648.0,-107877712.0,0,39322,17039,0,17054,0,17038,0,0,0,110,100,100,2.7302334150594743e+23,64.0,0.0,64.5,0.0,69.0,1,49,50,180,0,52429,0,0,0.0,0.0,0.0,0.0,-0.003,65.0,0.0,-0.212,0.0,645,0,689,0,0,0,718,0,790,0,710,0,690,0,645,0,642,0,615,0.032,56098816.0,-2.004,0.0,18832,16788,-0.0,-0.0,2660861088890880.0,0.0,-4367400040398848.0,1.9945729210557965e+21,29.0,60.0,70,0.0,0.0,0.0,0.0,0.0,0.0,0.0,0.0,0.0,0.0,0.0,0.0,0.0,0.0,0.0,0.0,59.2,69,11,65508,41,65476,0,300,0,0,8,20529,65476,0,0,61604,60.0,0.0,0.0,0.0,0.0,0.0
2026-04-04T11:16:38,ERR,ERR,ERR,ERR,ERR,ERR,ERR,ERR,ERR,ERR,ERR,ERR,ERR,ERR,ERR,ERR,ERR,ERR,ERR,ERR,ERR,ERR,ERR,ERR,ERR,ERR,ERR,ERR,ERR,ERR,ERR,ERR,ERR,ERR,ERR,ERR,ERR,ERR,ERR,ERR,ERR,ERR,ERR,ERR,ERR,ERR,ERR,ERR,ERR,ERR,ERR,ERR,ERR,ERR,ERR,ERR,ERR,ERR,ERR,ERR,ERR,ERR,ERR,ERR,ERR,ERR,ERR,ERR,ERR,ERR,ERR,ERR,ERR,ERR,ERR,ERR,ERR,ERR,ERR,ERR,ERR,ERR,ERR,ERR,ERR,ERR,ERR,ERR,ERR,ERR,ERR,ERR,ERR,ERR,ERR,ERR,ERR,ERR,ERR,ERR,ERR,ERR,ERR,ERR,ERR,ERR,ERR,ERR,ERR,ERR,ERR,ERR,ERR,ERR,ERR,ERR,ERR,ERR,ERR,ERR,ERR,ERR,ERR,ERR,ERR,2.7184278591402704e+23,0.0,-0.0,0.0,0.0,0.0,0.0,nan,0,0,0,32768,0,0.0,0,0.0,0.0,0.0,0.0,0.0,0,0,0,0,0.0,0,0,0,0,0,0,0,0,0,0,0,0,0,0,0,0,0,0,0,0,0,0,0,0,0,0,0,0,0,0,0,0,0,0,0,0,0,0,0,0,0,0,0,0,0.0,0.0,0.0,0.0,0.0,0.0,0.0,0.0,0.0,0.0,0.0,0.0,0.0,0.0,0.0,0.0,0.0,0.0,0.0,0.0,0.0,0.0,0.0,0.0,-2.004,2.004,0.0,0.0,0.0,0.0,3407.0,8608108544.0,0.0,0.0,0.0,-0.0,0.0,0.0,0.0,0.0,0.0,0,-0.0,-2.3088166164207816e+20,0.0,0.0,0.0,0.0,0.0,0.0,0.0,0,0,0,0.0,0.0,0.0,0.0,0.0,0.0,0.0,0.0,0.0,0.0,0.0,0.0,0.0,0.0,0.0,0.0,0,-107875648.0,0,0.0,0,-107875648.0,-107877712.0,0,39322,17039,0,17054,0,17038,0,0,0,110,100,100,2.7302334150594743e+23,64.0,0.0,64.5,0.0,69.0,1,49,50,180,0,52429,0,0,0.0,0.0,0.0,0.0,-0.003,65.0,0.0,-0.212,0.0,645,0,689,0,0,0,718,0,790,0,710,0,690,0,645,0,642,0,615,0.032,56098816.0,-2.004,0.0,18832,16788,-0.0,-0.0,2660861088890880.0,0.0,-4367400040398848.0,1.9945729210557965e+21,29.0,60.0,70,0.0,0.0,0.0,0.0,0.0,0.0,0.0,0.0,0.0,0.0,0.0,0.0,0.0,0.0,0.0,0.0,59.2,69,11,65508,41,65476,0,300,0,0,8,20529,65476,0,0,61604,60.0,0.0,0.0,0.0,0.0,0.0
2026-04-04T11:16:39,ERR,ERR,ERR,ERR,ERR,ERR,ERR,ERR,ERR,ERR,ERR,ERR,ERR,ERR,ERR,ERR,ERR,ERR,ERR,ERR,ERR,ERR,ERR,ERR,ERR,ERR,ERR,ERR,ERR,ERR,ERR,ERR,ERR,ERR,ERR,ERR,ERR,ERR,ERR,ERR,ERR,ERR,ERR,ERR,ERR,ERR,ERR,ERR,ERR,ERR,ERR,ERR,ERR,ERR,ERR,ERR,ERR,ERR,ERR,ERR,ERR,ERR,ERR,ERR,ERR,ERR,ERR,ERR,ERR,ERR,ERR,ERR,ERR,ERR,ERR,ERR,ERR,ERR,ERR,ERR,ERR,ERR,ERR,ERR,ERR,ERR,ERR,ERR,ERR,ERR,ERR,ERR,ERR,ERR,ERR,ERR,ERR,ERR,ERR,ERR,ERR,ERR,ERR,ERR,ERR,ERR,ERR,ERR,ERR,ERR,ERR,ERR,ERR,ERR,ERR,ERR,ERR,ERR,ERR,ERR,ERR,ERR,ERR,ERR,ERR,2.7184278591402704e+23,0.0,-0.0,0.0,0.0,0.0,0.0,nan,0,0,0,32768,0,0.0,0,0.0,0.0,0.0,0.0,0.0,0,0,0,0,0.0,0,0,0,0,0,0,0,0,0,0,0,0,0,0,0,0,0,0,0,0,0,0,0,0,0,0,0,0,0,0,0,0,0,0,0,0,0,0,0,0,0,0,0,0,0.0,0.0,0.0,0.0,0.0,0.0,0.0,0.0,0.0,0.0,0.0,0.0,0.0,0.0,0.0,0.0,0.0,0.0,0.0,0.0,0.0,0.0,0.0,0.0,-2.004,2.004,0.0,0.0,0.0,0.0,3407.0,8608108544.0,0.0,0.0,0.0,-0.0,0.0,0.0,0.0,0.0,0.0,0,-0.0,-2.3088166164207816e+20,0.0,0.0,0.0,0.0,0.0,0.0,0.0,0,0,0,0.0,0.0,0.0,0.0,0.0,0.0,0.0,0.0,0.0,0.0,0.0,0.0,0.0,0.0,0.0,0.0,0,-107875648.0,0,0.0,0,-107875648.0,-107877712.0,0,39322,17039,0,17054,0,17038,0,0,0,110,100,100,2.7302334150594743e+23,64.0,0.0,64.5,0.0,69.0,1,49,50,180,13107,52429,0,0,0.0,0.0,0.0,0.0,-8.016,65.0,0.0,0.0,0.0,645,0,689,0,0,0,718,0,790,0,710,0,690,0,645,0,642,0,615,0.032,55836672.0,-2.004,0.0,19088,16788,-0.0,0.0,-0.0,17567.848,0.0,-0.0,29.0,60.0,70,0.0,0.0,0.0,0.0,0.0,0.0,0.0,0.0,0.0,0.0,0.0,0.0,0.0,0.0,0.0,0.0,59.6,69,11,65508,41,65476,0,300,0,0,8,20529,65476,0,0,61604,60.0,0.0,0.0,0.0,0.0,0.0
2026-04-04T11:16:40,ERR,ERR,ERR,ERR,ERR,ERR,ERR,ERR,ERR,ERR,ERR,ERR,ERR,ERR,ERR,ERR,ERR,ERR,ERR,ERR,ERR,ERR,ERR,ERR,ERR,ERR,ERR,ERR,ERR,ERR,ERR,ERR,ERR,ERR,ERR,ERR,ERR,ERR,ERR,ERR,ERR,ERR,ERR,ERR,ERR,ERR,ERR,ERR,ERR,ERR,ERR,ERR,ERR,ERR,ERR,ERR,ERR,ERR,ERR,ERR,ERR,ERR,ERR,ERR,ERR,ERR,ERR,ERR,ERR,ERR,ERR,ERR,ERR,ERR,ERR,ERR,ERR,ERR,ERR,ERR,ERR,ERR,ERR,ERR,ERR,ERR,ERR,ERR,ERR,ERR,ERR,ERR,ERR,ERR,ERR,ERR,ERR,ERR,ERR,ERR,ERR,ERR,ERR,ERR,ERR,ERR,ERR,ERR,ERR,ERR,ERR,ERR,ERR,ERR,ERR,ERR,ERR,ERR,ERR,ERR,ERR,ERR,ERR,ERR,ERR,2.7184278591402704e+23,0.0,-0.0,0.0,0.0,0.0,0.0,nan,0,0,0,32768,0,0.0,0,0.0,0.0,0.0,0.0,0.0,0,0,0,0,0.0,0,0,0,0,0,0,0,0,0,0,0,0,0,0,0,0,0,0,0,0,0,0,0,0,0,0,0,0,0,0,0,0,0,0,0,0,0,0,0,0,0,0,0,0,0.0,0.0,0.0,0.0,0.0,0.0,0.0,0.0,0.0,0.0,0.0,0.0,0.0,0.0,0.0,0.0,0.0,0.0,0.0,0.0,0.0,0.0,0.0,0.0,-2.004,2.004,0.0,0.0,0.0,0.0,3407.0,8608108544.0,0.0,0.0,0.0,-0.0,0.0,0.0,0.0,0.0,0.0,0,-0.0,-2.3088166164207816e+20,0.0,0.0,0.0,0.0,0.0,0.0,0.0,0,0,0,0.0,0.0,0.0,0.0,0.0,0.0,0.0,0.0,0.0,0.0,0.0,0.0,0.0,0.0,0.0,0.0,0,-107875648.0,0,0.0,0,-107875648.0,-107877712.0,0,39322,17039,0,17054,0,17038,0,0,0,110,100,100,2.7302334150594743e+23,64.0,0.0,64.5,0.0,69.0,1,49,50,180,13107,52429,0,0,0.0,0.0,0.0,0.0,-8.016,65.0,0.0,0.0,0.0,645,0,689,0,0,0,718,0,790,0,710,0,690,0,645,0,642,0,615,0.032,55836672.0,-2.004,0.0,19088,16788,-0.0,0.0,-0.0,17567.848,0.0,-0.0,29.0,60.0,70,0.0,0.0,0.0,0.0,0.0,0.0,0.0,0.0,0.0,0.0,0.0,0.0,0.0,0.0,0.0,0.0,59.6,69,11,65508,41,65476,0,300,0,0,8,20529,65476,0,0,61604,60.0,0.0,0.0,0.0,0.0,0.0
2026-04-04T11:16:41,ERR,ERR,ERR,ERR,ERR,ERR,ERR,ERR,ERR,ERR,ERR,ERR,ERR,ERR,ERR,ERR,ERR,ERR,ERR,ERR,ERR,ERR,ERR,ERR,ERR,ERR,ERR,ERR,ERR,ERR,ERR,ERR,ERR,ERR,ERR,ERR,ERR,ERR,ERR,ERR,ERR,ERR,ERR,ERR,ERR,ERR,ERR,ERR,ERR,ERR,ERR,ERR,ERR,ERR,ERR,ERR,ERR,ERR,ERR,ERR,ERR,ERR,ERR,ERR,ERR,ERR,ERR,ERR,ERR,ERR,ERR,ERR,ERR,ERR,ERR,ERR,ERR,ERR,ERR,ERR,ERR,ERR,ERR,ERR,ERR,ERR,ERR,ERR,ERR,ERR,ERR,ERR,ERR,ERR,ERR,ERR,ERR,ERR,ERR,ERR,ERR,ERR,ERR,ERR,ERR,ERR,ERR,ERR,ERR,ERR,ERR,ERR,ERR,ERR,ERR,ERR,ERR,ERR,ERR,ERR,ERR,ERR,ERR,ERR,ERR,2.7184278591402704e+23,0.0,-0.0,0.0,0.0,0.0,0.0,nan,0,0,0,32768,0,0.0,0,0.0,0.0,0.0,0.0,0.0,0,0,0,0,0.0,0,0,0,0,0,0,0,0,0,0,0,0,0,0,0,0,0,0,0,0,0,0,0,0,0,0,0,0,0,0,0,0,0,0,0,0,0,0,0,0,0,0,0,0,0.0,0.0,0.0,0.0,0.0,0.0,0.0,0.0,0.0,0.0,0.0,0.0,0.0,0.0,0.0,0.0,0.0,0.0,0.0,0.0,0.0,0.0,0.0,0.0,-2.004,2.004,0.0,0.0,0.0,0.0,3406.0,0.0,0.0,2.7184278591402704e+23,0.0,-0.0,0.0,0.0,0.0,0.0,0.0,0,5.8480786593265204e+35,-152016189915136.0,0.0,0.0,0.0,0.0,0.0,0.0,0.0,0,0,0,0.0,0.0,0.0,0.0,0.0,0.0,0.0,0.0,0.0,0.0,0.0,0.0,0.0,0.0,0.0,0.0,0,-107875648.0,0,0.0,0,-107875648.0,-107877712.0,0,39322,17039,0,17054,0,17038,0,0,0,110,100,100,2.7302334150594743e+23,64.0,0.0,64.5,0.0,69.0,1,49,50,180,13107,52429,0,0,0.0,0.0,0.0,0.0,-8.016,65.0,0.0,0.0,0.0,645,0,689,0,0,0,718,0,790,0,710,0,690,0,645,0,642,0,615,0.032,55836672.0,-2.004,0.0,19088,16788,-0.0,0.0,-0.0,17567.848,0.0,-0.0,29.0,60.0,70,0.0,0.0,0.0,0.0,0.0,0.0,0.0,0.0,0.0,0.0,0.0,0.0,0.0,0.0,0.0,0.0,59.2,69,11,65508,41,65476,0,300,0,0,8,20529,65476,0,0,61604,60.0,0.0,0.0,0.0,0.0,0.0
2026-04-04T11:16:42,ERR,ERR,ERR,ERR,ERR,ERR,ERR,ERR,ERR,ERR,ERR,ERR,ERR,ERR,ERR,ERR,ERR,ERR,ERR,ERR,ERR,ERR,ERR,ERR,ERR,ERR,ERR,ERR,ERR,ERR,ERR,ERR,ERR,ERR,ERR,ERR,ERR,ERR,ERR,ERR,ERR,ERR,ERR,ERR,ERR,ERR,ERR,ERR,ERR,ERR,ERR,ERR,ERR,ERR,ERR,ERR,ERR,ERR,ERR,ERR,ERR,ERR,ERR,ERR,ERR,ERR,ERR,ERR,ERR,ERR,ERR,ERR,ERR,ERR,ERR,ERR,ERR,ERR,ERR,ERR,ERR,ERR,ERR,ERR,ERR,ERR,ERR,ERR,ERR,ERR,ERR,ERR,ERR,ERR,ERR,ERR,ERR,ERR,ERR,ERR,ERR,ERR,ERR,ERR,ERR,ERR,ERR,ERR,ERR,ERR,ERR,ERR,ERR,ERR,ERR,ERR,ERR,ERR,ERR,ERR,ERR,ERR,ERR,ERR,ERR,2.7184278591402704e+23,0.0,-0.0,0.0,0.0,0.0,0.0,nan,0,0,0,32768,0,0.0,0,0.0,0.0,0.0,0.0,0.0,0,0,0,0,0.0,0,0,0,0,0,0,0,0,0,0,0,0,0,0,0,0,0,0,0,0,0,0,0,0,0,0,0,0,0,0,0,0,0,0,0,0,0,0,0,0,0,0,0,0,0.0,0.0,0.0,0.0,0.0,0.0,0.0,0.0,0.0,0.0,0.0,0.0,0.0,0.0,0.0,0.0,0.0,0.0,0.0,0.0,0.0,0.0,0.0,0.0,-2.004,2.004,0.0,0.0,0.0,0.0,3406.0,0.0,0.0,2.7184278591402704e+23,0.0,-0.0,0.0,0.0,0.0,0.0,0.0,0,5.8480786593265204e+35,-152016189915136.0,0.0,0.0,0.0,0.0,0.0,0.0,0.0,0,0,0,0.0,0.0,0.0,0.0,0.0,0.0,0.0,0.0,0.0,0.0,0.0,0.0,0.0,0.0,0.0,0.0,0,-107875648.0,0,0.0,0,-107875648.0,-107877712.0,0,39322,17039,0,17054,0,17038,0,0,0,110,100,100,2.7302334150594743e+23,64.0,0.0,64.5,0.0,69.0,1,49,50,180,13107,52429,0,0,0.0,0.0,0.0,0.0,-8.016,65.0,0.0,0.0,0.0,645,0,689,0,0,0,718,0,790,0,710,0,690,0,645,0,642,0,615,0.032,55836672.0,-2.004,0.0,19088,16788,-0.0,0.0,-0.0,17567.848,0.0,-0.0,29.0,60.0,70,0.0,0.0,0.0,0.0,0.0,0.0,0.0,0.0,0.0,0.0,0.0,0.0,0.0,0.0,0.0,0.0,59.2,69,11,65508,41,65476,0,300,0,0,8,20529,65476,0,0,61604,60.0,0.0,0.0,0.0,0.0,0.0
2026-04-04T11:16:43,ERR,ERR,ERR,ERR,ERR,ERR,ERR,ERR,ERR,ERR,ERR,ERR,ERR,ERR,ERR,ERR,ERR,ERR,ERR,ERR,ERR,ERR,ERR,ERR,ERR,ERR,ERR,ERR,ERR,ERR,ERR,ERR,ERR,ERR,ERR,ERR,ERR,ERR,ERR,ERR,ERR,ERR,ERR,ERR,ERR,ERR,ERR,ERR,ERR,ERR,ERR,ERR,ERR,ERR,ERR,ERR,ERR,ERR,ERR,ERR,ERR,ERR,ERR,ERR,ERR,ERR,ERR,ERR,ERR,ERR,ERR,ERR,ERR,ERR,ERR,ERR,ERR,ERR,ERR,ERR,ERR,ERR,ERR,ERR,ERR,ERR,ERR,ERR,ERR,ERR,ERR,ERR,ERR,ERR,ERR,ERR,ERR,ERR,ERR,ERR,ERR,ERR,ERR,ERR,ERR,ERR,ERR,ERR,ERR,ERR,ERR,ERR,ERR,ERR,ERR,ERR,ERR,ERR,ERR,ERR,ERR,ERR,ERR,ERR,ERR,2.7184278591402704e+23,0.0,-0.0,0.0,0.0,0.0,0.0,nan,0,0,0,32768,0,0.0,0,0.0,0.0,0.0,0.0,0.0,0,0,0,0,0.0,0,0,0,0,0,0,0,0,0,0,0,0,0,0,0,0,0,0,0,0,0,0,0,0,0,0,0,0,0,0,0,0,0,0,0,0,0,0,0,0,0,0,0,0,0.0,0.0,0.0,0.0,0.0,0.0,0.0,0.0,0.0,0.0,0.0,0.0,0.0,0.0,0.0,0.0,0.0,0.0,0.0,0.0,0.0,0.0,0.0,0.0,-2.004,2.004,0.0,0.0,0.0,0.0,3406.0,0.0,0.0,2.7184278591402704e+23,0.0,-0.0,0.0,0.0,0.0,0.0,0.0,0,5.8480786593265204e+35,-152016189915136.0,0.0,0.0,0.0,0.0,0.0,0.0,0.0,0,0,0,0.0,0.0,0.0,0.0,0.0,0.0,0.0,0.0,0.0,0.0,0.0,0.0,0.0,0.0,0.0,0.0,0,-107875648.0,0,0.0,0,-107875648.0,-107877712.0,0,39322,17039,0,17054,0,17038,0,0,0,110,100,100,2.7302334150594743e+23,64.0,0.0,64.5,0.0,69.0,1,49,50,180,13107,52429,0,0,0.0,0.0,0.0,0.0,-8.016,65.0,0.0,0.0,0.0,645,0,689,0,0,0,718,0,790,0,710,0,690,0,645,0,642,0,615,0.032,55836672.0,-2.004,0.0,19088,16788,-0.0,0.0,-0.0,17567.848,0.0,-0.0,29.0,60.0,70,0.0,0.0,0.0,0.0,0.0,0.0,0.0,0.0,0.0,0.0,0.0,0.0,0.0,0.0,0.0,0.0,59.2,69,11,65508,41,65476,0,300,0,0,8,20529,65476,0,0,61604,60.0,0.0,0.0,0.0,0.0,0.0
2026-04-04T11:16:44,ERR,ERR,ERR,ERR,ERR,ERR,ERR,ERR,ERR,ERR,ERR,ERR,ERR,ERR,ERR,ERR,ERR,ERR,ERR,ERR,ERR,ERR,ERR,ERR,ERR,ERR,ERR,ERR,ERR,ERR,ERR,ERR,ERR,ERR,ERR,ERR,ERR,ERR,ERR,ERR,ERR,ERR,ERR,ERR,ERR,ERR,ERR,ERR,ERR,ERR,ERR,ERR,ERR,ERR,ERR,ERR,ERR,ERR,ERR,ERR,ERR,ERR,ERR,ERR,ERR,ERR,ERR,ERR,ERR,ERR,ERR,ERR,ERR,ERR,ERR,ERR,ERR,ERR,ERR,ERR,ERR,ERR,ERR,ERR,ERR,ERR,ERR,ERR,ERR,ERR,ERR,ERR,ERR,ERR,ERR,ERR,ERR,ERR,ERR,ERR,ERR,ERR,ERR,ERR,ERR,ERR,ERR,ERR,ERR,ERR,ERR,ERR,ERR,ERR,ERR,ERR,ERR,ERR,ERR,ERR,ERR,ERR,ERR,ERR,ERR,2.7184278591402704e+23,0.0,-0.0,0.0,0.0,0.0,0.0,nan,0,0,0,32768,0,0.0,0,0.0,0.0,0.0,0.0,0.0,0,0,0,0,0.0,0,0,0,0,0,0,0,0,0,0,0,0,0,0,0,0,0,0,0,0,0,0,0,0,0,0,0,0,0,0,0,0,0,0,0,0,0,0,0,0,0,0,0,0,0.0,0.0,0.0,0.0,0.0,0.0,0.0,0.0,0.0,0.0,0.0,0.0,0.0,0.0,0.0,0.0,0.0,0.0,0.0,0.0,0.0,0.0,0.0,0.0,-2.004,2.004,0.0,0.0,0.0,0.0,3406.0,0.0,0.0,2.7184278591402704e+23,0.0,-0.0,0.0,0.0,0.0,0.0,0.0,0,5.8480786593265204e+35,-152016189915136.0,0.0,0.0,0.0,0.0,0.0,0.0,0.0,0,0,0,0.0,0.0,0.0,0.0,0.0,0.0,0.0,0.0,0.0,0.0,0.0,0.0,0.0,0.0,0.0,0.0,0,-107875648.0,0,0.0,0,-107875648.0,-107877712.0,0,39322,17039,0,17054,0,17038,0,0,0,110,100,100,2.7302334150594743e+23,64.0,0.0,64.5,0.0,69.0,1,49,50,180,13107,52429,0,0,0.0,0.0,0.0,0.0,-8.016,65.0,0.0,0.0,0.0,645,0,689,0,0,0,718,0,790,0,710,0,690,0,645,0,642,0,615,0.032,55836672.0,-2.004,0.0,19088,16788,-0.0,0.0,-0.0,17567.848,0.0,-0.0,29.0,60.0,70,0.0,0.0,0.0,0.0,0.0,0.0,0.0,0.0,0.0,0.0,0.0,0.0,0.0,0.0,0.0,0.0,59.2,69,11,65508,41,65476,0,300,0,0,8,20529,65476,0,0,61604,60.0,0.0,0.0,0.0,0.0,0.0
2026-04-04T11:16:45,ERR,ERR,ERR,ERR,ERR,ERR,ERR,ERR,ERR,ERR,ERR,ERR,ERR,ERR,ERR,ERR,ERR,ERR,ERR,ERR,ERR,ERR,ERR,ERR,ERR,ERR,ERR,ERR,ERR,ERR,ERR,ERR,ERR,ERR,ERR,ERR,ERR,ERR,ERR,ERR,ERR,ERR,ERR,ERR,ERR,ERR,ERR,ERR,ERR,ERR,ERR,ERR,ERR,ERR,ERR,ERR,ERR,ERR,ERR,ERR,ERR,ERR,ERR,ERR,ERR,ERR,ERR,ERR,ERR,ERR,ERR,ERR,ERR,ERR,ERR,ERR,ERR,ERR,ERR,ERR,ERR,ERR,ERR,ERR,ERR,ERR,ERR,ERR,ERR,ERR,ERR,ERR,ERR,ERR,ERR,ERR,ERR,ERR,ERR,ERR,ERR,ERR,ERR,ERR,ERR,ERR,ERR,ERR,ERR,ERR,ERR,ERR,ERR,ERR,ERR,ERR,ERR,ERR,ERR,ERR,ERR,ERR,ERR,ERR,ERR,2.7184278591402704e+23,0.0,-0.0,0.0,0.0,0.0,0.0,nan,0,0,0,32768,0,0.0,0,0.0,0.0,0.0,0.0,0.0,0,0,0,0,0.0,0,0,0,0,0,0,0,0,0,0,0,0,0,0,0,0,0,0,0,0,0,0,0,0,0,0,0,0,0,0,0,0,0,0,0,0,0,0,0,0,0,0,0,0,0.0,0.0,0.0,0.0,0.0,0.0,0.0,0.0,0.0,0.0,0.0,0.0,0.0,0.0,0.0,0.0,0.0,0.0,0.0,0.0,0.0,0.0,0.0,0.0,-2.004,2.004,0.0,0.0,0.0,0.0,3406.0,0.0,0.0,2.7184278591402704e+23,0.0,-0.0,0.0,0.0,0.0,0.0,0.0,0,5.8480786593265204e+35,-152016189915136.0,0.0,0.0,0.0,0.0,0.0,0.0,0.0,0,0,0,0.0,0.0,0.0,0.0,0.0,0.0,0.0,0.0,0.0,0.0,0.0,0.0,0.0,0.0,0.0,0.0,0,-107875648.0,0,0.0,0,-107875648.0,-107877712.0,0,39322,17039,0,17054,0,17038,0,0,0,110,100,100,2.7302334150594743e+23,64.0,0.0,64.5,0.0,69.0,1,49,50,180,0,52429,0,0,0.0,0.0,0.0,0.0,-0.0,65.0,0.0,-0.001,0.0,645,0,689,0,0,0,718,0,790,0,710,0,690,0,645,0,642,0,615,0.032,55836672.0,-2.004,0.0,14480,16788,-0.0,-0.001,1.1771441152026592e+21,-0.0,-2.5257332401409884e+19,2.0340422256712316e+26,29.0,60.0,70,0.0,0.0,0.0,0.0,0.0,0.0,0.0,0.0,0.0,0.0,0.0,0.0,0.0,0.0,0.0,0.0,59.2,69,11,65508,41,65476,0,300,0,0,8,20529,65476,0,0,61604,60.0,0.0,0.0,0.0,0.0,0.0
2026-04-04T11:16:46,ERR,ERR,ERR,ERR,ERR,ERR,ERR,ERR,ERR,ERR,ERR,ERR,ERR,ERR,ERR,ERR,ERR,ERR,ERR,ERR,ERR,ERR,ERR,ERR,ERR,ERR,ERR,ERR,ERR,ERR,ERR,ERR,ERR,ERR,ERR,ERR,ERR,ERR,ERR,ERR,ERR,ERR,ERR,ERR,ERR,ERR,ERR,ERR,ERR,ERR,ERR,ERR,ERR,ERR,ERR,ERR,ERR,ERR,ERR,ERR,ERR,ERR,ERR,ERR,ERR,ERR,ERR,ERR,ERR,ERR,ERR,ERR,ERR,ERR,ERR,ERR,ERR,ERR,ERR,ERR,ERR,ERR,ERR,ERR,ERR,ERR,ERR,ERR,ERR,ERR,ERR,ERR,ERR,ERR,ERR,ERR,ERR,ERR,ERR,ERR,ERR,ERR,ERR,ERR,ERR,ERR,ERR,ERR,ERR,ERR,ERR,ERR,ERR,ERR,ERR,ERR,ERR,ERR,ERR,ERR,ERR,ERR,ERR,ERR,ERR,2.7184278591402704e+23,0.0,-0.0,0.0,0.0,0.0,0.0,nan,0,0,0,32768,0,0.0,0,0.0,0.0,0.0,0.0,0.0,0,0,0,0,0.0,0,0,0,0,0,0,0,0,0,0,0,0,0,0,0,0,0,0,0,0,0,0,0,0,0,0,0,0,0,0,0,0,0,0,0,0,0,0,0,0,0,0,0,0,0.0,0.0,0.0,0.0,0.0,0.0,0.0,0.0,0.0,0.0,0.0,0.0,0.0,0.0,0.0,0.0,0.0,0.0,0.0,0.0,0.0,0.0,0.0,0.0,-2.004,2.004,0.0,0.0,0.0,0.0,3406.0,0.0,0.0,2.7184278591402704e+23,0.0,-0.0,0.0,0.0,0.0,0.0,0.0,0,5.8480786593265204e+35,-152016189915136.0,0.0,0.0,0.0,0.0,0.0,0.0,0.0,0,0,0,0.0,0.0,0.0,0.0,0.0,0.0,0.0,0.0,0.0,0.0,0.0,0.0,0.0,0.0,0.0,0.0,0,-107875648.0,0,0.0,0,-107875648.0,-107877712.0,0,39322,17039,0,17054,0,17038,0,0,0,110,100,100,2.7302334150594743e+23,64.0,0.0,64.5,0.0,69.0,1,49,50,180,0,52429,0,0,0.0,0.0,0.0,0.0,-0.0,65.0,0.0,-0.001,0.0,645,0,689,0,0,0,718,0,790,0,710,0,690,0,645,0,642,0,615,0.032,55836672.0,-2.004,0.0,14480,16788,-0.0,-0.001,1.1771441152026592e+21,-0.0,-2.5257332401409884e+19,2.0340422256712316e+26,29.0,60.0,70,0.0,0.0,0.0,0.0,0.0,0.0,0.0,0.0,0.0,0.0,0.0,0.0,0.0,0.0,0.0,0.0,59.2,69,11,65508,41,65476,0,300,0,0,8,20529,65476,0,0,61604,60.0,0.0,0.0,0.0,0.0,0.0
2026-04-04T11:16:47,ERR,ERR,ERR,ERR,ERR,ERR,ERR,ERR,ERR,ERR,ERR,ERR,ERR,ERR,ERR,ERR,ERR,ERR,ERR,ERR,ERR,ERR,ERR,ERR,ERR,ERR,ERR,ERR,ERR,ERR,ERR,ERR,ERR,ERR,ERR,ERR,ERR,ERR,ERR,ERR,ERR,ERR,ERR,ERR,ERR,ERR,ERR,ERR,ERR,ERR,ERR,ERR,ERR,ERR,ERR,ERR,ERR,ERR,ERR,ERR,ERR,ERR,ERR,ERR,ERR,ERR,ERR,ERR,ERR,ERR,ERR,ERR,ERR,ERR,ERR,ERR,ERR,ERR,ERR,ERR,ERR,ERR,ERR,ERR,ERR,ERR,ERR,ERR,ERR,ERR,ERR,ERR,ERR,ERR,ERR,ERR,ERR,ERR,ERR,ERR,ERR,ERR,ERR,ERR,ERR,ERR,ERR,ERR,ERR,ERR,ERR,ERR,ERR,ERR,ERR,ERR,ERR,ERR,ERR,ERR,ERR,ERR,ERR,ERR,ERR,2.7184278591402704e+23,0.0,-0.0,0.0,0.0,0.0,0.0,nan,0,0,0,32768,0,0.0,0,0.0,0.0,0.0,0.0,0.0,0,0,0,0,0.0,0,0,0,0,0,0,0,0,0,0,0,0,0,0,0,0,0,0,0,0,0,0,0,0,0,0,0,0,0,0,0,0,0,0,0,0,0,0,0,0,0,0,0,0,0.0,0.0,0.0,0.0,0.0,0.0,0.0,0.0,0.0,0.0,0.0,0.0,0.0,0.0,0.0,0.0,0.0,0.0,0.0,0.0,0.0,0.0,0.0,0.0,-2.004,2.004,0.0,0.0,0.0,0.0,3406.0,0.0,0.0,2.7184278591402704e+23,0.0,-0.0,0.0,0.0,0.0,0.0,0.0,0,5.8480786593265204e+35,-152016189915136.0,0.0,0.0,0.0,0.0,0.0,0.0,0.0,0,0,0,0.0,0.0,0.0,0.0,0.0,0.0,0.0,0.0,0.0,0.0,0.0,0.0,0.0,0.0,0.0,0.0,0,-107875648.0,0,0.0,0,-107875648.0,-107877712.0,0,39322,17039,0,17054,0,17038,0,0,0,110,100,100,2.7302334150594743e+23,64.0,0.0,64.5,0.0,69.0,1,49,50,180,0,52429,0,0,0.0,0.0,0.0,0.0,-0.0,65.0,0.0,-0.001,0.0,645,0,689,0,0,0,718,0,790,0,710,0,690,0,645,0,642,0,615,0.032,55836672.0,-2.004,0.0,14480,16788,-0.0,-0.001,1.1771441152026592e+21,-0.0,-2.5257332401409884e+19,2.0340422256712316e+26,29.0,60.0,70,0.0,0.0,0.0,0.0,0.0,0.0,0.0,0.0,0.0,0.0,0.0,0.0,0.0,0.0,0.0,0.0,59.2,69,11,65508,41,65476,0,300,0,0,8,20529,65476,0,0,61604,60.0,0.0,0.0,0.0,0.0,0.0
2026-04-04T11:16:48,ERR,ERR,ERR,ERR,ERR,ERR,ERR,ERR,ERR,ERR,ERR,ERR,ERR,ERR,ERR,ERR,ERR,ERR,ERR,ERR,ERR,ERR,ERR,ERR,ERR,ERR,ERR,ERR,ERR,ERR,ERR,ERR,ERR,ERR,ERR,ERR,ERR,ERR,ERR,ERR,ERR,ERR,ERR,ERR,ERR,ERR,ERR,ERR,ERR,ERR,ERR,ERR,ERR,ERR,ERR,ERR,ERR,ERR,ERR,ERR,ERR,ERR,ERR,ERR,ERR,ERR,ERR,ERR,ERR,ERR,ERR,ERR,ERR,ERR,ERR,ERR,ERR,ERR,ERR,ERR,ERR,ERR,ERR,ERR,ERR,ERR,ERR,ERR,ERR,ERR,ERR,ERR,ERR,ERR,ERR,ERR,ERR,ERR,ERR,ERR,ERR,ERR,ERR,ERR,ERR,ERR,ERR,ERR,ERR,ERR,ERR,ERR,ERR,ERR,ERR,ERR,ERR,ERR,ERR,ERR,ERR,ERR,ERR,ERR,ERR,2.7184278591402704e+23,0.0,-0.0,0.0,0.0,0.0,0.0,nan,0,0,0,32768,0,0.0,0,0.0,0.0,0.0,0.0,0.0,0,0,0,0,0.0,0,0,0,0,0,0,0,0,0,0,0,0,0,0,0,0,0,0,0,0,0,0,0,0,0,0,0,0,0,0,0,0,0,0,0,0,0,0,0,0,0,0,0,0,0.0,0.0,0.0,0.0,0.0,0.0,0.0,0.0,0.0,0.0,0.0,0.0,0.0,0.0,0.0,0.0,0.0,0.0,0.0,0.0,0.0,0.0,0.0,0.0,-2.004,2.004,0.0,0.0,0.0,0.0,3406.0,0.0,0.0,2.7184278591402704e+23,0.0,-0.0,0.0,0.0,0.0,0.0,0.0,0,5.8480786593265204e+35,-152016189915136.0,0.0,0.0,0.0,0.0,0.0,0.0,0.0,0,0,0,0.0,0.0,0.0,0.0,0.0,0.0,0.0,0.0,0.0,0.0,0.0,0.0,0.0,0.0,0.0,0.0,0,-107875648.0,0,0.0,0,-107875648.0,-107877712.0,0,39322,17039,0,17054,0,17038,0,0,0,110,100,100,2.7302334150594743e+23,64.0,0.0,64.5,0.0,69.0,1,49,50,180,0,52429,0,0,0.0,0.0,0.0,0.0,-0.0,65.0,0.0,-0.001,0.0,645,0,689,0,0,0,718,0,790,0,710,0,690,0,645,0,642,0,615,0.032,55836672.0,-2.004,0.0,14480,16788,-0.0,-0.001,1.1771441152026592e+21,-0.0,-2.5257332401409884e+19,2.0340422256712316e+26,29.0,60.0,70,0.0,0.0,0.0,0.0,0.0,0.0,0.0,0.0,0.0,0.0,0.0,0.0,0.0,0.0,0.0,0.0,59.2,69,11,65508,41,65476,0,300,0,0,8,20529,65476,0,0,61604,60.0,0.0,0.0,0.0,0.0,0.0
2026-04-04T11:16:49,ERR,ERR,ERR,ERR,ERR,ERR,ERR,ERR,ERR,ERR,ERR,ERR,ERR,ERR,ERR,ERR,ERR,ERR,ERR,ERR,ERR,ERR,ERR,ERR,ERR,ERR,ERR,ERR,ERR,ERR,ERR,ERR,ERR,ERR,ERR,ERR,ERR,ERR,ERR,ERR,ERR,ERR,ERR,ERR,ERR,ERR,ERR,ERR,ERR,ERR,ERR,ERR,ERR,ERR,ERR,ERR,ERR,ERR,ERR,ERR,ERR,ERR,ERR,ERR,ERR,ERR,ERR,ERR,ERR,ERR,ERR,ERR,ERR,ERR,ERR,ERR,ERR,ERR,ERR,ERR,ERR,ERR,ERR,ERR,ERR,ERR,ERR,ERR,ERR,ERR,ERR,ERR,ERR,ERR,ERR,ERR,ERR,ERR,ERR,ERR,ERR,ERR,ERR,ERR,ERR,ERR,ERR,ERR,ERR,ERR,ERR,ERR,ERR,ERR,ERR,ERR,ERR,ERR,ERR,ERR,ERR,ERR,ERR,ERR,ERR,2.7184278591402704e+23,0.0,-0.0,0.0,0.0,0.0,0.0,nan,0,0,0,32768,0,0.0,0,0.0,0.0,0.0,0.0,0.0,0,0,0,0,0.0,0,0,0,0,0,0,0,0,0,0,0,0,0,0,0,0,0,0,0,0,0,0,0,0,0,0,0,0,0,0,0,0,0,0,0,0,0,0,0,0,0,0,0,0,0.0,0.0,0.0,0.0,0.0,0.0,0.0,0.0,0.0,0.0,0.0,0.0,0.0,0.0,0.0,0.0,0.0,0.0,0.0,0.0,0.0,0.0,0.0,0.0,-2.004,2.004,0.0,0.0,0.0,0.0,3395.0,1.5879157526988056e+29,0.0,2.7184278591402704e+23,0.0,-0.0,0.0,0.0,0.0,0.0,0.0,0,-0.0,-4.9503763722913574e+32,0.0,0.0,0.0,0.0,0.0,0.0,0.0,0,0,0,0.0,0.0,0.0,0.0,0.0,0.0,0.0,0.0,0.0,0.0,0.0,0.0,0.0,0.0,0.0,0.0,0,-107875648.0,0,0.0,0,-107875648.0,-107877712.0,0,39322,17039,0,17054,0,17038,0,0,0,110,100,100,2.7302334150594743e+23,64.0,0.0,64.5,0.0,69.0,1,49,50,180,0,52429,0,0,0.0,0.0,0.0,0.0,-0.0,65.0,0.0,-0.001,0.0,645,0,689,0,0,0,718,0,790,0,710,0,690,0,645,0,642,0,615,0.032,55836672.0,-2.004,0.0,14480,16788,-0.0,-0.001,1.1771441152026592e+21,-0.0,-2.5257332401409884e+19,2.0340422256712316e+26,29.0,60.0,70,0.0,0.0,0.0,0.0,0.0,0.0,0.0,0.0,0.0,0.0,0.0,0.0,0.0,0.0,0.0,0.0,59.2,69,11,65508,41,65476,0,300,0,0,8,20529,65476,0,0,61604,60.0,0.0,0.0,0.0,0.0,0.0
2026-04-04T11:16:50,ERR,ERR,ERR,ERR,ERR,ERR,ERR,ERR,ERR,ERR,ERR,ERR,ERR,ERR,ERR,ERR,ERR,ERR,ERR,ERR,ERR,ERR,ERR,ERR,ERR,ERR,ERR,ERR,ERR,ERR,ERR,ERR,ERR,ERR,ERR,ERR,ERR,ERR,ERR,ERR,ERR,ERR,ERR,ERR,ERR,ERR,ERR,ERR,ERR,ERR,ERR,ERR,ERR,ERR,ERR,ERR,ERR,ERR,ERR,ERR,ERR,ERR,ERR,ERR,ERR,ERR,ERR,ERR,ERR,ERR,ERR,ERR,ERR,ERR,ERR,ERR,ERR,ERR,ERR,ERR,ERR,ERR,ERR,ERR,ERR,ERR,ERR,ERR,ERR,ERR,ERR,ERR,ERR,ERR,ERR,ERR,ERR,ERR,ERR,ERR,ERR,ERR,ERR,ERR,ERR,ERR,ERR,ERR,ERR,ERR,ERR,ERR,ERR,ERR,ERR,ERR,ERR,ERR,ERR,ERR,ERR,ERR,ERR,ERR,ERR,2.7184278591402704e+23,0.0,-0.0,0.0,0.0,0.0,0.0,nan,0,0,0,32768,0,0.0,0,0.0,0.0,0.0,0.0,0.0,0,0,0,0,0.0,0,0,0,0,0,0,0,0,0,0,0,0,0,0,0,0,0,0,0,0,0,0,0,0,0,0,0,0,0,0,0,0,0,0,0,0,0,0,0,0,0,0,0,0,0.0,0.0,0.0,0.0,0.0,0.0,0.0,0.0,0.0,0.0,0.0,0.0,0.0,0.0,0.0,0.0,0.0,0.0,0.0,0.0,0.0,0.0,0.0,0.0,-2.004,2.004,0.0,0.0,0.0,0.0,3395.0,1.5879157526988056e+29,0.0,2.7184278591402704e+23,0.0,-0.0,0.0,0.0,0.0,0.0,0.0,0,-0.0,-4.9503763722913574e+32,0.0,0.0,0.0,0.0,0.0,0.0,0.0,0,0,0,0.0,0.0,0.0,0.0,0.0,0.0,0.0,0.0,0.0,0.0,0.0,0.0,0.0,0.0,0.0,0.0,0,-107875648.0,0,0.0,0,-107875648.0,-107877712.0,0,39322,17039,0,17054,0,17038,0,0,0,110,100,100,2.7302334150594743e+23,64.0,0.0,64.5,0.0,69.0,1,49,50,180,0,52429,0,0,0.0,0.0,0.0,0.0,-0.0,65.0,0.0,-0.001,0.0,645,0,689,0,0,0,718,0,790,0,710,0,690,0,645,0,642,0,615,0.032,55836672.0,-2.004,0.0,14480,16788,-0.0,-0.001,1.1771441152026592e+21,-0.0,-2.5257332401409884e+19,2.0340422256712316e+26,29.0,60.0,70,0.0,0.0,0.0,0.0,0.0,0.0,0.0,0.0,0.0,0.0,0.0,0.0,0.0,0.0,0.0,0.0,59.2,69,11,65508,41,65476,0,300,0,0,8,20529,65476,0,0,61604,60.0,0.0,0.0,0.0,0.0,0.0
2026-04-04T11:16:51,ERR,ERR,ERR,ERR,ERR,ERR,ERR,ERR,ERR,ERR,ERR,ERR,ERR,ERR,ERR,ERR,ERR,ERR,ERR,ERR,ERR,ERR,ERR,ERR,ERR,ERR,ERR,ERR,ERR,ERR,ERR,ERR,ERR,ERR,ERR,ERR,ERR,ERR,ERR,ERR,ERR,ERR,ERR,ERR,ERR,ERR,ERR,ERR,ERR,ERR,ERR,ERR,ERR,ERR,ERR,ERR,ERR,ERR,ERR,ERR,ERR,ERR,ERR,ERR,ERR,ERR,ERR,ERR,ERR,ERR,ERR,ERR,ERR,ERR,ERR,ERR,ERR,ERR,ERR,ERR,ERR,ERR,ERR,ERR,ERR,ERR,ERR,ERR,ERR,ERR,ERR,ERR,ERR,ERR,ERR,ERR,ERR,ERR,ERR,ERR,ERR,ERR,ERR,ERR,ERR,ERR,ERR,ERR,ERR,ERR,ERR,ERR,ERR,ERR,ERR,ERR,ERR,ERR,ERR,ERR,ERR,ERR,ERR,ERR,ERR,2.7184278591402704e+23,0.0,-0.0,0.0,0.0,0.0,0.0,nan,0,0,0,32768,0,0.0,0,0.0,0.0,0.0,0.0,0.0,0,0,0,0,0.0,0,0,0,0,0,0,0,0,0,0,0,0,0,0,0,0,0,0,0,0,0,0,0,0,0,0,0,0,0,0,0,0,0,0,0,0,0,0,0,0,0,0,0,0,0.0,0.0,0.0,0.0,0.0,0.0,0.0,0.0,0.0,0.0,0.0,0.0,0.0,0.0,0.0,0.0,0.0,0.0,0.0,0.0,0.0,0.0,0.0,0.0,-2.004,2.004,0.0,0.0,0.0,0.0,3395.0,1.5879157526988056e+29,0.0,2.7184278591402704e+23,0.0,-0.0,0.0,0.0,0.0,0.0,0.0,0,-0.0,-4.9503763722913574e+32,0.0,0.0,0.0,0.0,0.0,0.0,0.0,0,0,0,0.0,0.0,0.0,0.0,0.0,0.0,0.0,0.0,0.0,0.0,0.0,0.0,0.0,0.0,0.0,0.0,0,-107875648.0,0,0.0,0,-107875648.0,-107877712.0,0,39322,17039,0,17054,0,17038,0,0,0,110,100,100,2.7302334150594743e+23,64.0,0.0,64.5,0.0,69.0,1,49,50,180,0,52429,0,0,0.0,0.0,0.0,0.0,-0.0,65.0,0.0,0.0,0.0,645,0,689,0,0,0,718,0,790,0,710,0,690,0,645,0,642,0,615,0.032,54001664.0,-2.004,0.0,17680,16788,-0.0,0.0,-522757.0,0.0,0.0,-43.313,29.0,60.0,70,0.0,0.0,0.0,0.0,0.0,0.0,0.0,0.0,0.0,0.0,0.0,0.0,0.0,0.0,0.0,0.0,59.2,69,11,65508,41,65476,0,300,0,0,8,20529,65476,0,0,61604,60.0,0.0,0.0,0.0,0.0,0.0
2026-04-04T11:16:52,ERR,ERR,ERR,ERR,ERR,ERR,ERR,ERR,ERR,ERR,ERR,ERR,ERR,ERR,ERR,ERR,ERR,ERR,ERR,ERR,ERR,ERR,ERR,ERR,ERR,ERR,ERR,ERR,ERR,ERR,ERR,ERR,ERR,ERR,ERR,ERR,ERR,ERR,ERR,ERR,ERR,ERR,ERR,ERR,ERR,ERR,ERR,ERR,ERR,ERR,ERR,ERR,ERR,ERR,ERR,ERR,ERR,ERR,ERR,ERR,ERR,ERR,ERR,ERR,ERR,ERR,ERR,ERR,ERR,ERR,ERR,ERR,ERR,ERR,ERR,ERR,ERR,ERR,ERR,ERR,ERR,ERR,ERR,ERR,ERR,ERR,ERR,ERR,ERR,ERR,ERR,ERR,ERR,ERR,ERR,ERR,ERR,ERR,ERR,ERR,ERR,ERR,ERR,ERR,ERR,ERR,ERR,ERR,ERR,ERR,ERR,ERR,ERR,ERR,ERR,ERR,ERR,ERR,ERR,ERR,ERR,ERR,ERR,ERR,ERR,2.7184278591402704e+23,0.0,-0.0,0.0,0.0,0.0,0.0,nan,0,0,0,32768,0,0.0,0,0.0,0.0,0.0,0.0,0.0,0,0,0,0,0.0,0,0,0,0,0,0,0,0,0,0,0,0,0,0,0,0,0,0,0,0,0,0,0,0,0,0,0,0,0,0,0,0,0,0,0,0,0,0,0,0,0,0,0,0,0.0,0.0,0.0,0.0,0.0,0.0,0.0,0.0,0.0,0.0,0.0,0.0,0.0,0.0,0.0,0.0,0.0,0.0,0.0,0.0,0.0,0.0,0.0,0.0,-2.004,2.004,0.0,0.0,0.0,0.0,3395.0,1.5879157526988056e+29,0.0,2.7184278591402704e+23,0.0,-0.0,0.0,0.0,0.0,0.0,0.0,0,-0.0,-4.9503763722913574e+32,0.0,0.0,0.0,0.0,0.0,0.0,0.0,0,0,0,0.0,0.0,0.0,0.0,0.0,0.0,0.0,0.0,0.0,0.0,0.0,0.0,0.0,0.0,0.0,0.0,0,-107875648.0,0,0.0,0,-107875648.0,-107877712.0,0,39322,17039,0,17054,0,17038,0,0,0,110,100,100,2.7302334150594743e+23,64.0,0.0,64.5,0.0,69.0,1,49,50,180,0,52429,0,0,0.0,0.0,0.0,0.0,-0.0,65.0,0.0,0.0,0.0,645,0,689,0,0,0,718,0,790,0,710,0,690,0,645,0,642,0,615,0.032,54001664.0,-2.004,0.0,17680,16788,-0.0,0.0,-522757.0,0.0,0.0,-43.313,29.0,60.0,70,0.0,0.0,0.0,0.0,0.0,0.0,0.0,0.0,0.0,0.0,0.0,0.0,0.0,0.0,0.0,0.0,59.2,69,11,65508,41,65476,0,300,0,0,8,20529,65476,0,0,61604,60.0,0.0,0.0,0.0,0.0,0.0
2026-04-04T11:16:53,ERR,ERR,ERR,ERR,ERR,ERR,ERR,ERR,ERR,ERR,ERR,ERR,ERR,ERR,ERR,ERR,ERR,ERR,ERR,ERR,ERR,ERR,ERR,ERR,ERR,ERR,ERR,ERR,ERR,ERR,ERR,ERR,ERR,ERR,ERR,ERR,ERR,ERR,ERR,ERR,ERR,ERR,ERR,ERR,ERR,ERR,ERR,ERR,ERR,ERR,ERR,ERR,ERR,ERR,ERR,ERR,ERR,ERR,ERR,ERR,ERR,ERR,ERR,ERR,ERR,ERR,ERR,ERR,ERR,ERR,ERR,ERR,ERR,ERR,ERR,ERR,ERR,ERR,ERR,ERR,ERR,ERR,ERR,ERR,ERR,ERR,ERR,ERR,ERR,ERR,ERR,ERR,ERR,ERR,ERR,ERR,ERR,ERR,ERR,ERR,ERR,ERR,ERR,ERR,ERR,ERR,ERR,ERR,ERR,ERR,ERR,ERR,ERR,ERR,ERR,ERR,ERR,ERR,ERR,ERR,ERR,ERR,ERR,ERR,ERR,2.7184278591402704e+23,0.0,-0.0,0.0,0.0,0.0,0.0,nan,0,0,0,32768,0,0.0,0,0.0,0.0,0.0,0.0,0.0,0,0,0,0,0.0,0,0,0,0,0,0,0,0,0,0,0,0,0,0,0,0,0,0,0,0,0,0,0,0,0,0,0,0,0,0,0,0,0,0,0,0,0,0,0,0,0,0,0,0,0.0,0.0,0.0,0.0,0.0,0.0,0.0,0.0,0.0,0.0,0.0,0.0,0.0,0.0,0.0,0.0,0.0,0.0,0.0,0.0,0.0,0.0,0.0,0.0,-2.004,2.004,0.0,0.0,0.0,0.0,3395.0,1.5879157526988056e+29,0.0,2.7184278591402704e+23,0.0,-0.0,0.0,0.0,0.0,0.0,0.0,0,-0.0,-4.9503763722913574e+32,0.0,0.0,0.0,0.0,0.0,0.0,0.0,0,0,0,0.0,0.0,0.0,0.0,0.0,0.0,0.0,0.0,0.0,0.0,0.0,0.0,0.0,0.0,0.0,0.0,0,-107875648.0,0,0.0,0,-107875648.0,-107877712.0,0,39322,17039,0,17054,0,17038,0,0,0,110,100,100,2.7302334150594743e+23,64.0,0.0,64.5,0.0,69.0,1,49,50,180,0,52429,0,0,0.0,0.0,0.0,0.0,-0.0,65.0,0.0,0.0,0.0,645,0,689,0,0,0,718,0,790,0,710,0,690,0,645,0,642,0,615,0.032,54001664.0,-2.004,0.0,17680,16788,-0.0,0.0,-522757.0,0.0,0.0,-43.313,29.0,60.0,70,0.0,0.0,0.0,0.0,0.0,0.0,0.0,0.0,0.0,0.0,0.0,0.0,0.0,0.0,0.0,0.0,59.2,69,11,65508,41,65476,0,300,0,0,8,20529,65476,0,0,61604,60.0,0.0,0.0,0.0,0.0,0.0
2026-04-04T11:16:54,ERR,ERR,ERR,ERR,ERR,ERR,ERR,ERR,ERR,ERR,ERR,ERR,ERR,ERR,ERR,ERR,ERR,ERR,ERR,ERR,ERR,ERR,ERR,ERR,ERR,ERR,ERR,ERR,ERR,ERR,ERR,ERR,ERR,ERR,ERR,ERR,ERR,ERR,ERR,ERR,ERR,ERR,ERR,ERR,ERR,ERR,ERR,ERR,ERR,ERR,ERR,ERR,ERR,ERR,ERR,ERR,ERR,ERR,ERR,ERR,ERR,ERR,ERR,ERR,ERR,ERR,ERR,ERR,ERR,ERR,ERR,ERR,ERR,ERR,ERR,ERR,ERR,ERR,ERR,ERR,ERR,ERR,ERR,ERR,ERR,ERR,ERR,ERR,ERR,ERR,ERR,ERR,ERR,ERR,ERR,ERR,ERR,ERR,ERR,ERR,ERR,ERR,ERR,ERR,ERR,ERR,ERR,ERR,ERR,ERR,ERR,ERR,ERR,ERR,ERR,ERR,ERR,ERR,ERR,ERR,ERR,ERR,ERR,ERR,ERR,2.7184278591402704e+23,0.0,-0.0,0.0,0.0,0.0,0.0,nan,0,0,0,32768,0,0.0,0,0.0,0.0,0.0,0.0,0.0,0,0,0,0,0.0,0,0,0,0,0,0,0,0,0,0,0,0,0,0,0,0,0,0,0,0,0,0,0,0,0,0,0,0,0,0,0,0,0,0,0,0,0,0,0,0,0,0,0,0,0.0,0.0,0.0,0.0,0.0,0.0,0.0,0.0,0.0,0.0,0.0,0.0,0.0,0.0,0.0,0.0,0.0,0.0,0.0,0.0,0.0,0.0,0.0,0.0,-2.004,2.004,0.0,0.0,0.0,0.0,3395.0,1.5879157526988056e+29,0.0,2.7184278591402704e+23,0.0,-0.0,0.0,0.0,0.0,0.0,0.0,0,-0.0,-4.9503763722913574e+32,0.0,0.0,0.0,0.0,0.0,0.0,0.0,0,0,0,0.0,0.0,0.0,0.0,0.0,0.0,0.0,0.0,0.0,0.0,0.0,0.0,0.0,0.0,0.0,0.0,0,-107875648.0,0,0.0,0,-107875648.0,-107877712.0,0,39322,17039,0,17054,0,17038,0,0,0,110,100,100,2.7302334150594743e+23,64.0,0.0,64.5,0.0,69.0,1,49,50,180,0,52429,0,0,0.0,0.0,0.0,0.0,-0.0,65.0,0.0,0.0,0.0,645,0,689,0,0,0,718,0,790,0,710,0,690,0,645,0,642,0,615,0.032,54001664.0,-2.004,0.0,17680,16788,-0.0,0.0,-522757.0,0.0,0.0,-43.313,29.0,60.0,70,0.0,0.0,0.0,0.0,0.0,0.0,0.0,0.0,0.0,0.0,0.0,0.0,0.0,0.0,0.0,0.0,59.2,69,11,65508,41,65476,0,300,0,0,8,20529,65476,0,0,61604,60.0,0.0,0.0,0.0,0.0,0.0
2026-04-04T11:16:55,ERR,ERR,ERR,ERR,ERR,ERR,ERR,ERR,ERR,ERR,ERR,ERR,ERR,ERR,ERR,ERR,ERR,ERR,ERR,ERR,ERR,ERR,ERR,ERR,ERR,ERR,ERR,ERR,ERR,ERR,ERR,ERR,ERR,ERR,ERR,ERR,ERR,ERR,ERR,ERR,ERR,ERR,ERR,ERR,ERR,ERR,ERR,ERR,ERR,ERR,ERR,ERR,ERR,ERR,ERR,ERR,ERR,ERR,ERR,ERR,ERR,ERR,ERR,ERR,ERR,ERR,ERR,ERR,ERR,ERR,ERR,ERR,ERR,ERR,ERR,ERR,ERR,ERR,ERR,ERR,ERR,ERR,ERR,ERR,ERR,ERR,ERR,ERR,ERR,ERR,ERR,ERR,ERR,ERR,ERR,ERR,ERR,ERR,ERR,ERR,ERR,ERR,ERR,ERR,ERR,ERR,ERR,ERR,ERR,ERR,ERR,ERR,ERR,ERR,ERR,ERR,ERR,ERR,ERR,ERR,ERR,ERR,ERR,ERR,ERR,2.7184278591402704e+23,0.0,-0.0,0.0,0.0,0.0,0.0,nan,0,0,0,32768,0,0.0,0,0.0,0.0,0.0,0.0,0.0,0,0,0,0,0.0,0,0,0,0,0,0,0,0,0,0,0,0,0,0,0,0,0,0,0,0,0,0,0,0,0,0,0,0,0,0,0,0,0,0,0,0,0,0,0,0,0,0,0,0,0.0,0.0,0.0,0.0,0.0,0.0,0.0,0.0,0.0,0.0,0.0,0.0,0.0,0.0,0.0,0.0,0.0,0.0,0.0,0.0,0.0,0.0,0.0,0.0,-2.004,2.004,0.0,0.0,0.0,0.0,3395.0,1.5879157526988056e+29,0.0,2.7184278591402704e+23,0.0,-0.0,0.0,0.0,0.0,0.0,0.0,0,-0.0,-4.9503763722913574e+32,0.0,0.0,0.0,0.0,0.0,0.0,0.0,0,0,0,0.0,0.0,0.0,0.0,0.0,0.0,0.0,0.0,0.0,0.0,0.0,0.0,0.0,0.0,0.0,0.0,0,-107875648.0,0,0.0,0,-107875648.0,-107877712.0,0,39322,17039,0,17054,0,17038,0,0,0,110,100,100,2.7302334150594743e+23,64.0,0.0,64.5,0.0,69.0,1,49,50,180,0,52429,0,0,0.0,0.0,0.0,0.0,-0.0,65.0,0.0,0.0,0.0,645,0,689,0,0,0,718,0,790,0,710,0,690,0,645,0,642,0,615,0.032,54001664.0,-2.004,0.0,17680,16788,-0.0,0.0,-522757.0,0.0,0.0,-43.313,29.0,60.0,70,0.0,0.0,0.0,0.0,0.0,0.0,0.0,0.0,0.0,0.0,0.0,0.0,0.0,0.0,0.0,0.0,59.6,69,11,65508,41,65476,0,300,0,0,8,20529,65476,0,0,61604,60.0,0.0,0.0,0.0,0.0,0.0
2026-04-04T11:16:56,ERR,ERR,ERR,ERR,ERR,ERR,ERR,ERR,ERR,ERR,ERR,ERR,ERR,ERR,ERR,ERR,ERR,ERR,ERR,ERR,ERR,ERR,ERR,ERR,ERR,ERR,ERR,ERR,ERR,ERR,ERR,ERR,ERR,ERR,ERR,ERR,ERR,ERR,ERR,ERR,ERR,ERR,ERR,ERR,ERR,ERR,ERR,ERR,ERR,ERR,ERR,ERR,ERR,ERR,ERR,ERR,ERR,ERR,ERR,ERR,ERR,ERR,ERR,ERR,ERR,ERR,ERR,ERR,ERR,ERR,ERR,ERR,ERR,ERR,ERR,ERR,ERR,ERR,ERR,ERR,ERR,ERR,ERR,ERR,ERR,ERR,ERR,ERR,ERR,ERR,ERR,ERR,ERR,ERR,ERR,ERR,ERR,ERR,ERR,ERR,ERR,ERR,ERR,ERR,ERR,ERR,ERR,ERR,ERR,ERR,ERR,ERR,ERR,ERR,ERR,ERR,ERR,ERR,ERR,ERR,ERR,ERR,ERR,ERR,ERR,2.7184278591402704e+23,0.0,-0.0,0.0,0.0,0.0,0.0,nan,0,0,0,32768,0,0.0,0,0.0,0.0,0.0,0.0,0.0,0,0,0,0,0.0,0,0,0,0,0,0,0,0,0,0,0,0,0,0,0,0,0,0,0,0,0,0,0,0,0,0,0,0,0,0,0,0,0,0,0,0,0,0,0,0,0,0,0,0,0.0,0.0,0.0,0.0,0.0,0.0,0.0,0.0,0.0,0.0,0.0,0.0,0.0,0.0,0.0,0.0,0.0,0.0,0.0,0.0,0.0,0.0,0.0,0.0,-2.004,2.004,0.0,0.0,0.0,0.0,3395.0,1.5879157526988056e+29,0.0,2.7184278591402704e+23,0.0,-0.0,0.0,0.0,0.0,0.0,0.0,0,-0.0,-4.9503763722913574e+32,0.0,0.0,0.0,0.0,0.0,0.0,0.0,0,0,0,0.0,0.0,0.0,0.0,0.0,0.0,0.0,0.0,0.0,0.0,0.0,0.0,0.0,0.0,0.0,0.0,0,-107875648.0,0,0.0,0,-107875648.0,-107877712.0,0,39322,17039,0,17054,0,17038,0,0,0,110,100,100,2.7302334150594743e+23,64.0,0.0,64.5,0.0,69.0,1,49,50,180,0,52429,0,0,0.0,0.0,0.0,0.0,-0.0,65.0,0.0,0.0,0.0,645,0,689,0,0,0,718,0,790,0,710,0,690,0,645,0,642,0,615,0.032,54001664.0,-2.004,0.0,17680,16788,-0.0,0.0,-522757.0,0.0,0.0,-43.313,29.0,60.0,70,0.0,0.0,0.0,0.0,0.0,0.0,0.0,0.0,0.0,0.0,0.0,0.0,0.0,0.0,0.0,0.0,59.6,69,11,65508,41,65476,0,300,0,0,8,20529,65476,0,0,61604,60.0,0.0,0.0,0.0,0.0,0.0
2026-04-04T11:16:57,ERR,ERR,ERR,ERR,ERR,ERR,ERR,ERR,ERR,ERR,ERR,ERR,ERR,ERR,ERR,ERR,ERR,ERR,ERR,ERR,ERR,ERR,ERR,ERR,ERR,ERR,ERR,ERR,ERR,ERR,ERR,ERR,ERR,ERR,ERR,ERR,ERR,ERR,ERR,ERR,ERR,ERR,ERR,ERR,ERR,ERR,ERR,ERR,ERR,ERR,ERR,ERR,ERR,ERR,ERR,ERR,ERR,ERR,ERR,ERR,ERR,ERR,ERR,ERR,ERR,ERR,ERR,ERR,ERR,ERR,ERR,ERR,ERR,ERR,ERR,ERR,ERR,ERR,ERR,ERR,ERR,ERR,ERR,ERR,ERR,ERR,ERR,ERR,ERR,ERR,ERR,ERR,ERR,ERR,ERR,ERR,ERR,ERR,ERR,ERR,ERR,ERR,ERR,ERR,ERR,ERR,ERR,ERR,ERR,ERR,ERR,ERR,ERR,ERR,ERR,ERR,ERR,ERR,ERR,ERR,ERR,ERR,ERR,ERR,ERR,0.0,0.0,-101055584.0,0.0,0.0,0.0,0.0,nan,0,0,0,32768,0,0.0,0,0.0,0.0,0.0,0.0,0.0,0,0,0,0,0.0,0,0,0,0,0,0,0,0,0,0,0,0,0,0,0,0,0,0,0,0,0,0,0,0,0,0,0,0,0,0,0,0,0,0,0,0,0,0,0,0,0,0,0,0,0.0,0.0,0.0,0.0,0.0,0.0,0.0,0.0,0.0,0.0,0.0,0.0,0.0,0.0,0.0,0.0,0.0,0.0,0.0,0.0,0.0,0.0,-2.004,0.0,-2.004,2.004,0.0,0.0,0.0,0.0,3395.0,3.697154467689818e+19,0.0,2.7184278591402704e+23,0.0,-0.0,0.0,0.0,0.0,0.0,0.0,0,-0.0,-3.221978786476472e+26,0.0,0.0,0.0,0.0,0.0,0.0,0.0,0,0,0,0.0,0.0,0.0,0.0,0.0,0.0,0.0,0.0,0.0,0.0,0.0,0.0,0.0,0.0,0.0,0.0,0,-107875648.0,0,0.0,0,-107875648.0,-107877712.0,0,39322,17039,0,17054,0,17038,0,0,0,110,100,100,2.7302334150594743e+23,64.0,0.0,64.5,0.0,69.0,1,49,50,180,0,52429,0,0,0.0,0.0,0.0,0.0,-15.266,65.0,0.0,-0.0,0.0,645,0,689,0,0,0,718,0,790,0,710,0,690,0,645,0,642,0,615,0.032,55836672.0,-2.004,0.0,18576,16788,-7816.313,-0.0,0.0,4.512083152355961e+36,8.777074109875382e+19,0.0,29.0,60.0,70,0.0,0.0,0.0,0.0,0.0,0.0,0.0,0.0,0.0,0.0,0.0,0.0,0.0,0.0,0.0,0.0,59.6,69,11,65508,41,65476,0,300,0,0,8,20529,65476,0,0,61604,60.0,0.0,0.0,0.0,0.0,0.0
2026-04-04T11:16:58,ERR,ERR,ERR,ERR,ERR,ERR,ERR,ERR,ERR,ERR,ERR,ERR,ERR,ERR,ERR,ERR,ERR,ERR,ERR,ERR,ERR,ERR,ERR,ERR,ERR,ERR,ERR,ERR,ERR,ERR,ERR,ERR,ERR,ERR,ERR,ERR,ERR,ERR,ERR,ERR,ERR,ERR,ERR,ERR,ERR,ERR,ERR,ERR,ERR,ERR,ERR,ERR,ERR,ERR,ERR,ERR,ERR,ERR,ERR,ERR,ERR,ERR,ERR,ERR,ERR,ERR,ERR,ERR,ERR,ERR,ERR,ERR,ERR,ERR,ERR,ERR,ERR,ERR,ERR,ERR,ERR,ERR,ERR,ERR,ERR,ERR,ERR,ERR,ERR,ERR,ERR,ERR,ERR,ERR,ERR,ERR,ERR,ERR,ERR,ERR,ERR,ERR,ERR,ERR,ERR,ERR,ERR,ERR,ERR,ERR,ERR,ERR,ERR,ERR,ERR,ERR,ERR,ERR,ERR,ERR,ERR,ERR,ERR,ERR,ERR,0.0,0.0,-101055584.0,0.0,0.0,0.0,0.0,nan,0,0,0,32768,0,0.0,0,0.0,0.0,0.0,0.0,0.0,0,0,0,0,0.0,0,0,0,0,0,0,0,0,0,0,0,0,0,0,0,0,0,0,0,0,0,0,0,0,0,0,0,0,0,0,0,0,0,0,0,0,0,0,0,0,0,0,0,0,0.0,0.0,0.0,0.0,0.0,0.0,0.0,0.0,0.0,0.0,0.0,0.0,0.0,0.0,0.0,0.0,0.0,0.0,0.0,0.0,0.0,0.0,-2.004,0.0,-2.004,2.004,0.0,0.0,0.0,0.0,3395.0,3.697154467689818e+19,0.0,2.7184278591402704e+23,0.0,-0.0,0.0,0.0,0.0,0.0,0.0,0,-0.0,-3.221978786476472e+26,0.0,0.0,0.0,0.0,0.0,0.0,0.0,0,0,0,0.0,0.0,0.0,0.0,0.0,0.0,0.0,0.0,0.0,0.0,0.0,0.0,0.0,0.0,0.0,0.0,0,-107875648.0,0,0.0,0,-107875648.0,-107877712.0,0,39322,17039,0,17054,0,17038,0,0,0,110,100,100,2.7302334150594743e+23,64.0,0.0,64.5,0.0,69.0,1,49,50,180,0,52429,0,0,0.0,0.0,0.0,0.0,-15.266,65.0,0.0,-0.0,0.0,645,0,689,0,0,0,718,0,790,0,710,0,690,0,645,0,642,0,615,0.032,55836672.0,-2.004,0.0,18576,16788,-7816.313,-0.0,0.0,4.512083152355961e+36,8.777074109875382e+19,0.0,29.0,60.0,70,0.0,0.0,0.0,0.0,0.0,0.0,0.0,0.0,0.0,0.0,0.0,0.0,0.0,0.0,0.0,0.0,59.6,69,11,65508,41,65476,0,300,0,0,8,20529,65476,0,0,61604,60.0,0.0,0.0,0.0,0.0,0.0
2026-04-04T11:16:59,ERR,ERR,ERR,ERR,ERR,ERR,ERR,ERR,ERR,ERR,ERR,ERR,ERR,ERR,ERR,ERR,ERR,ERR,ERR,ERR,ERR,ERR,ERR,ERR,ERR,ERR,ERR,ERR,ERR,ERR,ERR,ERR,ERR,ERR,ERR,ERR,ERR,ERR,ERR,ERR,ERR,ERR,ERR,ERR,ERR,ERR,ERR,ERR,ERR,ERR,ERR,ERR,ERR,ERR,ERR,ERR,ERR,ERR,ERR,ERR,ERR,ERR,ERR,ERR,ERR,ERR,ERR,ERR,ERR,ERR,ERR,ERR,ERR,ERR,ERR,ERR,ERR,ERR,ERR,ERR,ERR,ERR,ERR,ERR,ERR,ERR,ERR,ERR,ERR,ERR,ERR,ERR,ERR,ERR,ERR,ERR,ERR,ERR,ERR,ERR,ERR,ERR,ERR,ERR,ERR,ERR,ERR,ERR,ERR,ERR,ERR,ERR,ERR,ERR,ERR,ERR,ERR,ERR,ERR,ERR,ERR,ERR,ERR,ERR,ERR,0.0,0.0,-101055584.0,0.0,0.0,0.0,0.0,nan,0,0,0,32768,0,0.0,0,0.0,0.0,0.0,0.0,0.0,0,0,0,0,0.0,0,0,0,0,0,0,0,0,0,0,0,0,0,0,0,0,0,0,0,0,0,0,0,0,0,0,0,0,0,0,0,0,0,0,0,0,0,0,0,0,0,0,0,0,0.0,0.0,0.0,0.0,0.0,0.0,0.0,0.0,0.0,0.0,0.0,0.0,0.0,0.0,0.0,0.0,0.0,0.0,0.0,0.0,0.0,0.0,-2.004,0.0,-2.004,2.004,0.0,0.0,0.0,0.0,3395.0,3.697154467689818e+19,0.0,2.7184278591402704e+23,0.0,-0.0,0.0,0.0,0.0,0.0,0.0,0,-0.0,-3.221978786476472e+26,0.0,0.0,0.0,0.0,0.0,0.0,0.0,0,0,0,0.0,0.0,0.0,0.0,0.0,0.0,0.0,0.0,0.0,0.0,0.0,0.0,0.0,0.0,0.0,0.0,0,-107875648.0,0,0.0,0,-107875648.0,-107877712.0,0,39322,17039,0,17054,0,17038,0,0,0,110,100,100,2.7302334150594743e+23,64.0,0.0,64.5,0.0,69.0,1,49,50,180,0,52429,0,0,0.0,0.0,0.0,0.0,-15.266,65.0,0.0,-0.0,0.0,645,0,689,0,0,0,718,0,790,0,710,0,690,0,645,0,642,0,615,0.032,55836672.0,-2.004,0.0,18576,16788,-7816.313,-0.0,0.0,4.512083152355961e+36,8.777074109875382e+19,0.0,29.0,60.0,70,0.0,0.0,0.0,0.0,0.0,0.0,0.0,0.0,0.0,0.0,0.0,0.0,0.0,0.0,0.0,0.0,59.6,69,11,65508,41,65476,0,300,0,0,8,20529,65476,0,0,61604,60.0,0.0,0.0,0.0,0.0,0.0
2026-04-04T11:17:00,ERR,ERR,ERR,ERR,ERR,ERR,ERR,ERR,ERR,ERR,ERR,ERR,ERR,ERR,ERR,ERR,ERR,ERR,ERR,ERR,ERR,ERR,ERR,ERR,ERR,ERR,ERR,ERR,ERR,ERR,ERR,ERR,ERR,ERR,ERR,ERR,ERR,ERR,ERR,ERR,ERR,ERR,ERR,ERR,ERR,ERR,ERR,ERR,ERR,ERR,ERR,ERR,ERR,ERR,ERR,ERR,ERR,ERR,ERR,ERR,ERR,ERR,ERR,ERR,ERR,ERR,ERR,ERR,ERR,ERR,ERR,ERR,ERR,ERR,ERR,ERR,ERR,ERR,ERR,ERR,ERR,ERR,ERR,ERR,ERR,ERR,ERR,ERR,ERR,ERR,ERR,ERR,ERR,ERR,ERR,ERR,ERR,ERR,ERR,ERR,ERR,ERR,ERR,ERR,ERR,ERR,ERR,ERR,ERR,ERR,ERR,ERR,ERR,ERR,ERR,ERR,ERR,ERR,ERR,ERR,ERR,ERR,ERR,ERR,ERR,0.0,0.0,-101055584.0,0.0,0.0,0.0,0.0,nan,0,0,0,32768,0,0.0,0,0.0,0.0,0.0,0.0,0.0,0,0,0,0,0.0,0,0,0,0,0,0,0,0,0,0,0,0,0,0,0,0,0,0,0,0,0,0,0,0,0,0,0,0,0,0,0,0,0,0,0,0,0,0,0,0,0,0,0,0,0.0,0.0,0.0,0.0,0.0,0.0,0.0,0.0,0.0,0.0,0.0,0.0,0.0,0.0,0.0,0.0,0.0,0.0,0.0,0.0,0.0,0.0,-2.004,0.0,-2.004,2.004,0.0,0.0,0.0,0.0,3395.0,3.697154467689818e+19,0.0,2.7184278591402704e+23,0.0,-0.0,0.0,0.0,0.0,0.0,0.0,0,-0.0,-3.221978786476472e+26,0.0,0.0,0.0,0.0,0.0,0.0,0.0,0,0,0,0.0,0.0,0.0,0.0,0.0,0.0,0.0,0.0,0.0,0.0,0.0,0.0,0.0,0.0,0.0,0.0,0,-107875648.0,0,0.0,0,-107875648.0,-107877712.0,0,39322,17039,0,17054,0,17038,0,0,0,110,100,100,2.7302334150594743e+23,64.0,0.0,64.5,0.0,69.0,1,49,50,180,0,52429,0,0,0.0,0.0,0.0,0.0,-15.266,65.0,0.0,-0.0,0.0,645,0,689,0,0,0,718,0,790,0,710,0,690,0,645,0,642,0,615,0.032,55836672.0,-2.004,0.0,18576,16788,-7816.313,-0.0,0.0,4.512083152355961e+36,8.777074109875382e+19,0.0,29.0,60.0,70,0.0,0.0,0.0,0.0,0.0,0.0,0.0,0.0,0.0,0.0,0.0,0.0,0.0,0.0,0.0,0.0,59.2,69,11,65508,41,65476,0,300,0,0,8,20529,65476,0,0,61604,60.0,0.0,0.0,0.0,0.0,0.0
2026-04-04T11:17:01,ERR,ERR,ERR,ERR,ERR,ERR,ERR,ERR,ERR,ERR,ERR,ERR,ERR,ERR,ERR,ERR,ERR,ERR,ERR,ERR,ERR,ERR,ERR,ERR,ERR,ERR,ERR,ERR,ERR,ERR,ERR,ERR,ERR,ERR,ERR,ERR,ERR,ERR,ERR,ERR,ERR,ERR,ERR,ERR,ERR,ERR,ERR,ERR,ERR,ERR,ERR,ERR,ERR,ERR,ERR,ERR,ERR,ERR,ERR,ERR,ERR,ERR,ERR,ERR,ERR,ERR,ERR,ERR,ERR,ERR,ERR,ERR,ERR,ERR,ERR,ERR,ERR,ERR,ERR,ERR,ERR,ERR,ERR,ERR,ERR,ERR,ERR,ERR,ERR,ERR,ERR,ERR,ERR,ERR,ERR,ERR,ERR,ERR,ERR,ERR,ERR,ERR,ERR,ERR,ERR,ERR,ERR,ERR,ERR,ERR,ERR,ERR,ERR,ERR,ERR,ERR,ERR,ERR,ERR,ERR,ERR,ERR,ERR,ERR,ERR,0.0,0.0,-101055584.0,0.0,0.0,0.0,0.0,nan,0,0,0,32768,0,0.0,0,0.0,0.0,0.0,0.0,0.0,0,0,0,0,0.0,0,0,0,0,0,0,0,0,0,0,0,0,0,0,0,0,0,0,0,0,0,0,0,0,0,0,0,0,0,0,0,0,0,0,0,0,0,0,0,0,0,0,0,0,0.0,0.0,0.0,0.0,0.0,0.0,0.0,0.0,0.0,0.0,0.0,0.0,0.0,0.0,0.0,0.0,0.0,0.0,0.0,0.0,0.0,0.0,-2.004,0.0,-2.004,2.004,0.0,0.0,0.0,0.0,3395.0,3.697154467689818e+19,0.0,2.7184278591402704e+23,0.0,-0.0,0.0,0.0,0.0,0.0,0.0,0,-0.0,-3.221978786476472e+26,0.0,0.0,0.0,0.0,0.0,0.0,0.0,0,0,0,0.0,0.0,0.0,0.0,0.0,0.0,0.0,0.0,0.0,0.0,0.0,0.0,0.0,0.0,0.0,0.0,0,-107875648.0,0,0.0,0,-107875648.0,-107877712.0,0,39322,17039,0,17054,0,17038,0,0,0,110,100,100,-0.0,64.0,0.0,64.5,0.0,69.0,1,49,50,180,0,52429,0,0,0.0,0.0,0.0,0.0,-0.0,65.0,0.0,-0.0,0.0,645,0,689,0,0,0,718,0,790,0,710,0,690,0,645,0,642,0,615,0.032,55574528.0,-2.004,0.0,10128,16788,-0.0,1.3317832443953152e+16,-0.0,nan,0.0,-0.0,29.0,60.0,70,0.0,0.0,0.0,0.0,0.0,0.0,0.0,0.0,0.0,0.0,0.0,0.0,0.0,0.0,0.0,0.0,59.2,69,11,65508,41,65476,0,300,0,0,8,20529,65476,0,0,61604,60.0,0.0,0.0,0.0,0.0,0.0
2026-04-04T11:17:02,ERR,ERR,ERR,ERR,ERR,ERR,ERR,ERR,ERR,ERR,ERR,ERR,ERR,ERR,ERR,ERR,ERR,ERR,ERR,ERR,ERR,ERR,ERR,ERR,ERR,ERR,ERR,ERR,ERR,ERR,ERR,ERR,ERR,ERR,ERR,ERR,ERR,ERR,ERR,ERR,ERR,ERR,ERR,ERR,ERR,ERR,ERR,ERR,ERR,ERR,ERR,ERR,ERR,ERR,ERR,ERR,ERR,ERR,ERR,ERR,ERR,ERR,ERR,ERR,ERR,ERR,ERR,ERR,ERR,ERR,ERR,ERR,ERR,ERR,ERR,ERR,ERR,ERR,ERR,ERR,ERR,ERR,ERR,ERR,ERR,ERR,ERR,ERR,ERR,ERR,ERR,ERR,ERR,ERR,ERR,ERR,ERR,ERR,ERR,ERR,ERR,ERR,ERR,ERR,ERR,ERR,ERR,ERR,ERR,ERR,ERR,ERR,ERR,ERR,ERR,ERR,ERR,ERR,ERR,ERR,ERR,ERR,ERR,ERR,ERR,0.0,0.0,-101055584.0,0.0,0.0,0.0,0.0,nan,0,0,0,32768,0,0.0,0,0.0,0.0,0.0,0.0,0.0,0,0,0,0,0.0,0,0,0,0,0,0,0,0,0,0,0,0,0,0,0,0,0,0,0,0,0,0,0,0,0,0,0,0,0,0,0,0,0,0,0,0,0,0,0,0,0,0,0,0,0.0,0.0,0.0,0.0,0.0,0.0,0.0,0.0,0.0,0.0,0.0,0.0,0.0,0.0,0.0,0.0,0.0,0.0,0.0,0.0,0.0,0.0,-2.004,0.0,-2.004,2.004,0.0,0.0,0.0,0.0,3395.0,3.697154467689818e+19,0.0,2.7184278591402704e+23,0.0,-0.0,0.0,0.0,0.0,0.0,0.0,0,-0.0,-3.221978786476472e+26,0.0,0.0,0.0,0.0,0.0,0.0,0.0,0,0,0,0.0,0.0,0.0,0.0,0.0,0.0,0.0,0.0,0.0,0.0,0.0,0.0,0.0,0.0,0.0,0.0,0,-107875648.0,0,0.0,0,-107875648.0,-107877712.0,0,39322,17039,0,17054,0,17038,0,0,0,110,100,100,-0.0,64.0,0.0,64.5,0.0,69.0,1,49,50,180,0,52429,0,0,0.0,0.0,0.0,0.0,-0.0,65.0,0.0,-0.0,0.0,645,0,689,0,0,0,718,0,790,0,710,0,690,0,645,0,642,0,615,0.032,55574528.0,-2.004,0.0,10128,16788,-0.0,1.3317832443953152e+16,-0.0,nan,0.0,-0.0,29.0,60.0,70,0.0,0.0,0.0,0.0,0.0,0.0,0.0,0.0,0.0,0.0,0.0,0.0,0.0,0.0,0.0,0.0,59.2,69,11,65508,41,65476,0,300,0,0,8,20529,65476,0,0,61604,60.0,0.0,0.0,0.0,0.0,0.0
2026-04-04T11:17:03,ERR,ERR,ERR,ERR,ERR,ERR,ERR,ERR,ERR,ERR,ERR,ERR,ERR,ERR,ERR,ERR,ERR,ERR,ERR,ERR,ERR,ERR,ERR,ERR,ERR,ERR,ERR,ERR,ERR,ERR,ERR,ERR,ERR,ERR,ERR,ERR,ERR,ERR,ERR,ERR,ERR,ERR,ERR,ERR,ERR,ERR,ERR,ERR,ERR,ERR,ERR,ERR,ERR,ERR,ERR,ERR,ERR,ERR,ERR,ERR,ERR,ERR,ERR,ERR,ERR,ERR,ERR,ERR,ERR,ERR,ERR,ERR,ERR,ERR,ERR,ERR,ERR,ERR,ERR,ERR,ERR,ERR,ERR,ERR,ERR,ERR,ERR,ERR,ERR,ERR,ERR,ERR,ERR,ERR,ERR,ERR,ERR,ERR,ERR,ERR,ERR,ERR,ERR,ERR,ERR,ERR,ERR,ERR,ERR,ERR,ERR,ERR,ERR,ERR,ERR,ERR,ERR,ERR,ERR,ERR,ERR,ERR,ERR,ERR,ERR,2.7184278591402704e+23,0.0,-0.0,0.0,0.0,0.0,0.0,nan,0,0,0,32768,0,0.0,0,0.0,0.0,0.0,0.0,0.0,0,0,0,0,0.0,0,0,0,0,0,0,0,0,0,0,0,0,0,0,0,0,0,0,0,0,0,0,0,0,0,0,0,0,0,0,0,0,0,0,0,0,0,0,0,0,0,0,0,0,0.0,0.0,0.0,0.0,0.0,0.0,0.0,0.0,0.0,0.0,0.0,0.0,0.0,0.0,0.0,0.0,0.0,0.0,0.0,0.0,0.0,0.0,0.0,0.0,-2.004,2.004,0.0,0.0,0.0,0.0,3393.5,0.0,0.0,2.7184278591402704e+23,0.0,-0.0,0.0,0.0,0.0,0.0,0.0,0,-0.0,-0.0,0.0,0.0,0.0,0.0,0.0,0.0,0.0,0,0,0,0.0,0.0,0.0,0.0,0.0,0.0,0.0,0.0,0.0,0.0,0.0,0.0,0.0,0.0,0.0,0.0,0,-107875648.0,0,0.0,0,-107875648.0,-107877712.0,0,39322,17039,0,17054,0,17038,0,0,0,110,100,100,-0.0,64.0,0.0,64.5,0.0,69.0,1,49,50,180,0,52429,0,0,0.0,0.0,0.0,0.0,-0.0,65.0,0.0,-0.0,0.0,645,0,689,0,0,0,718,0,790,0,710,0,690,0,645,0,642,0,615,0.032,55574528.0,-2.004,0.0,10128,16788,-0.0,1.3317832443953152e+16,-0.0,nan,0.0,-0.0,29.0,60.0,70,0.0,0.0,0.0,0.0,0.0,0.0,0.0,0.0,0.0,0.0,0.0,0.0,0.0,0.0,0.0,0.0,59.2,69,11,65508,41,65476,0,300,0,0,8,20529,65476,0,0,61604,60.0,0.0,0.0,0.0,0.0,0.0
2026-04-04T11:17:04,ERR,ERR,ERR,ERR,ERR,ERR,ERR,ERR,ERR,ERR,ERR,ERR,ERR,ERR,ERR,ERR,ERR,ERR,ERR,ERR,ERR,ERR,ERR,ERR,ERR,ERR,ERR,ERR,ERR,ERR,ERR,ERR,ERR,ERR,ERR,ERR,ERR,ERR,ERR,ERR,ERR,ERR,ERR,ERR,ERR,ERR,ERR,ERR,ERR,ERR,ERR,ERR,ERR,ERR,ERR,ERR,ERR,ERR,ERR,ERR,ERR,ERR,ERR,ERR,ERR,ERR,ERR,ERR,ERR,ERR,ERR,ERR,ERR,ERR,ERR,ERR,ERR,ERR,ERR,ERR,ERR,ERR,ERR,ERR,ERR,ERR,ERR,ERR,ERR,ERR,ERR,ERR,ERR,ERR,ERR,ERR,ERR,ERR,ERR,ERR,ERR,ERR,ERR,ERR,ERR,ERR,ERR,ERR,ERR,ERR,ERR,ERR,ERR,ERR,ERR,ERR,ERR,ERR,ERR,ERR,ERR,ERR,ERR,ERR,ERR,2.7184278591402704e+23,0.0,-0.0,0.0,0.0,0.0,0.0,nan,0,0,0,32768,0,0.0,0,0.0,0.0,0.0,0.0,0.0,0,0,0,0,0.0,0,0,0,0,0,0,0,0,0,0,0,0,0,0,0,0,0,0,0,0,0,0,0,0,0,0,0,0,0,0,0,0,0,0,0,0,0,0,0,0,0,0,0,0,0.0,0.0,0.0,0.0,0.0,0.0,0.0,0.0,0.0,0.0,0.0,0.0,0.0,0.0,0.0,0.0,0.0,0.0,0.0,0.0,0.0,0.0,0.0,0.0,-2.004,2.004,0.0,0.0,0.0,0.0,3393.5,0.0,0.0,2.7184278591402704e+23,0.0,-0.0,0.0,0.0,0.0,0.0,0.0,0,-0.0,-0.0,0.0,0.0,0.0,0.0,0.0,0.0,0.0,0,0,0,0.0,0.0,0.0,0.0,0.0,0.0,0.0,0.0,0.0,0.0,0.0,0.0,0.0,0.0,0.0,0.0,0,-107875648.0,0,0.0,0,-107875648.0,-107877712.0,0,39322,17039,0,17054,0,17038,0,0,0,110,100,100,-0.0,64.0,0.0,64.5,0.0,69.0,1,49,50,180,0,52429,0,0,0.0,0.0,0.0,0.0,-0.0,65.0,0.0,-0.0,0.0,645,0,689,0,0,0,718,0,790,0,710,0,690,0,645,0,642,0,615,0.032,55574528.0,-2.004,0.0,10128,16788,-0.0,1.3317832443953152e+16,-0.0,nan,0.0,-0.0,29.0,60.0,70,0.0,0.0,0.0,0.0,0.0,0.0,0.0,0.0,0.0,0.0,0.0,0.0,0.0,0.0,0.0,0.0,59.2,69,11,65508,41,65476,0,300,0,0,8,20529,65476,0,0,61604,60.0,0.0,0.0,0.0,0.0,0.0
2026-04-04T11:17:05,ERR,ERR,ERR,ERR,ERR,ERR,ERR,ERR,ERR,ERR,ERR,ERR,ERR,ERR,ERR,ERR,ERR,ERR,ERR,ERR,ERR,ERR,ERR,ERR,ERR,ERR,ERR,ERR,ERR,ERR,ERR,ERR,ERR,ERR,ERR,ERR,ERR,ERR,ERR,ERR,ERR,ERR,ERR,ERR,ERR,ERR,ERR,ERR,ERR,ERR,ERR,ERR,ERR,ERR,ERR,ERR,ERR,ERR,ERR,ERR,ERR,ERR,ERR,ERR,ERR,ERR,ERR,ERR,ERR,ERR,ERR,ERR,ERR,ERR,ERR,ERR,ERR,ERR,ERR,ERR,ERR,ERR,ERR,ERR,ERR,ERR,ERR,ERR,ERR,ERR,ERR,ERR,ERR,ERR,ERR,ERR,ERR,ERR,ERR,ERR,ERR,ERR,ERR,ERR,ERR,ERR,ERR,ERR,ERR,ERR,ERR,ERR,ERR,ERR,ERR,ERR,ERR,ERR,ERR,ERR,ERR,ERR,ERR,ERR,ERR,2.7184278591402704e+23,0.0,-0.0,0.0,0.0,0.0,0.0,nan,0,0,0,32768,0,0.0,0,0.0,0.0,0.0,0.0,0.0,0,0,0,0,0.0,0,0,0,0,0,0,0,0,0,0,0,0,0,0,0,0,0,0,0,0,0,0,0,0,0,0,0,0,0,0,0,0,0,0,0,0,0,0,0,0,0,0,0,0,0.0,0.0,0.0,0.0,0.0,0.0,0.0,0.0,0.0,0.0,0.0,0.0,0.0,0.0,0.0,0.0,0.0,0.0,0.0,0.0,0.0,0.0,0.0,0.0,-2.004,2.004,0.0,0.0,0.0,0.0,3393.5,0.0,0.0,2.7184278591402704e+23,0.0,-0.0,0.0,0.0,0.0,0.0,0.0,0,-0.0,-0.0,0.0,0.0,0.0,0.0,0.0,0.0,0.0,0,0,0,0.0,0.0,0.0,0.0,0.0,0.0,0.0,0.0,0.0,0.0,0.0,0.0,0.0,0.0,0.0,0.0,0,-107875648.0,0,0.0,0,-107875648.0,-107877712.0,0,39322,17039,0,17054,0,17038,0,0,0,110,100,100,2.7302334150594743e+23,64.0,0.0,64.5,0.0,69.0,1,49,50,180,0,52429,0,0,0.0,0.0,0.0,0.0,-0.0,65.0,0.0,0.0,0.0,645,0,689,0,0,0,718,0,790,0,710,0,690,0,645,0,642,0,615,0.032,51904512.0,-2.004,0.0,9616,16788,-0.0,0.0,-0.0,133823888.0,0.0,-0.0,29.0,60.0,70,0.0,0.0,0.0,0.0,0.0,0.0,0.0,0.0,0.0,0.0,0.0,0.0,0.0,0.0,0.0,0.0,59.2,69,11,65508,41,65476,0,300,0,0,8,20529,65476,0,0,61604,60.0,0.0,0.0,0.0,0.0,0.0
2026-04-04T11:17:06,ERR,ERR,ERR,ERR,ERR,ERR,ERR,ERR,ERR,ERR,ERR,ERR,ERR,ERR,ERR,ERR,ERR,ERR,ERR,ERR,ERR,ERR,ERR,ERR,ERR,ERR,ERR,ERR,ERR,ERR,ERR,ERR,ERR,ERR,ERR,ERR,ERR,ERR,ERR,ERR,ERR,ERR,ERR,ERR,ERR,ERR,ERR,ERR,ERR,ERR,ERR,ERR,ERR,ERR,ERR,ERR,ERR,ERR,ERR,ERR,ERR,ERR,ERR,ERR,ERR,ERR,ERR,ERR,ERR,ERR,ERR,ERR,ERR,ERR,ERR,ERR,ERR,ERR,ERR,ERR,ERR,ERR,ERR,ERR,ERR,ERR,ERR,ERR,ERR,ERR,ERR,ERR,ERR,ERR,ERR,ERR,ERR,ERR,ERR,ERR,ERR,ERR,ERR,ERR,ERR,ERR,ERR,ERR,ERR,ERR,ERR,ERR,ERR,ERR,ERR,ERR,ERR,ERR,ERR,ERR,ERR,ERR,ERR,ERR,ERR,2.7184278591402704e+23,0.0,-0.0,0.0,0.0,0.0,0.0,nan,0,0,0,32768,0,0.0,0,0.0,0.0,0.0,0.0,0.0,0,0,0,0,0.0,0,0,0,0,0,0,0,0,0,0,0,0,0,0,0,0,0,0,0,0,0,0,0,0,0,0,0,0,0,0,0,0,0,0,0,0,0,0,0,0,0,0,0,0,0.0,0.0,0.0,0.0,0.0,0.0,0.0,0.0,0.0,0.0,0.0,0.0,0.0,0.0,0.0,0.0,0.0,0.0,0.0,0.0,0.0,0.0,0.0,0.0,-2.004,2.004,0.0,0.0,0.0,0.0,3393.5,0.0,0.0,2.7184278591402704e+23,0.0,-0.0,0.0,0.0,0.0,0.0,0.0,0,-0.0,-0.0,0.0,0.0,0.0,0.0,0.0,0.0,0.0,0,0,0,0.0,0.0,0.0,0.0,0.0,0.0,0.0,0.0,0.0,0.0,0.0,0.0,0.0,0.0,0.0,0.0,0,-107875648.0,0,0.0,0,-107875648.0,-107877712.0,0,39322,17039,0,17054,0,17038,0,0,0,110,100,100,2.7302334150594743e+23,64.0,0.0,64.5,0.0,69.0,1,49,50,180,0,52429,0,0,0.0,0.0,0.0,0.0,-0.0,65.0,0.0,0.0,0.0,645,0,689,0,0,0,718,0,790,0,710,0,690,0,645,0,642,0,615,0.032,51904512.0,-2.004,0.0,9616,16788,-0.0,0.0,-0.0,133823888.0,0.0,-0.0,29.0,60.0,70,0.0,0.0,0.0,0.0,0.0,0.0,0.0,0.0,0.0,0.0,0.0,0.0,0.0,0.0,0.0,0.0,59.2,69,11,65508,41,65476,0,300,0,0,8,20529,65476,0,0,61604,60.0,0.0,0.0,0.0,0.0,0.0
2026-04-04T11:17:07,ERR,ERR,ERR,ERR,ERR,ERR,ERR,ERR,ERR,ERR,ERR,ERR,ERR,ERR,ERR,ERR,ERR,ERR,ERR,ERR,ERR,ERR,ERR,ERR,ERR,ERR,ERR,ERR,ERR,ERR,ERR,ERR,ERR,ERR,ERR,ERR,ERR,ERR,ERR,ERR,ERR,ERR,ERR,ERR,ERR,ERR,ERR,ERR,ERR,ERR,ERR,ERR,ERR,ERR,ERR,ERR,ERR,ERR,ERR,ERR,ERR,ERR,ERR,ERR,ERR,ERR,ERR,ERR,ERR,ERR,ERR,ERR,ERR,ERR,ERR,ERR,ERR,ERR,ERR,ERR,ERR,ERR,ERR,ERR,ERR,ERR,ERR,ERR,ERR,ERR,ERR,ERR,ERR,ERR,ERR,ERR,ERR,ERR,ERR,ERR,ERR,ERR,ERR,ERR,ERR,ERR,ERR,ERR,ERR,ERR,ERR,ERR,ERR,ERR,ERR,ERR,ERR,ERR,ERR,ERR,ERR,ERR,ERR,ERR,ERR,2.7184278591402704e+23,0.0,-0.0,0.0,0.0,0.0,0.0,nan,0,0,0,32768,0,0.0,0,0.0,0.0,0.0,0.0,0.0,0,0,0,0,0.0,0,0,0,0,0,0,0,0,0,0,0,0,0,0,0,0,0,0,0,0,0,0,0,0,0,0,0,0,0,0,0,0,0,0,0,0,0,0,0,0,0,0,0,0,0.0,0.0,0.0,0.0,0.0,0.0,0.0,0.0,0.0,0.0,0.0,0.0,0.0,0.0,0.0,0.0,0.0,0.0,0.0,0.0,0.0,0.0,0.0,0.0,-2.004,2.004,0.0,0.0,0.0,0.0,3393.5,0.0,0.0,2.7184278591402704e+23,0.0,-0.0,0.0,0.0,0.0,0.0,0.0,0,-0.0,-0.0,0.0,0.0,0.0,0.0,0.0,0.0,0.0,0,0,0,0.0,0.0,0.0,0.0,0.0,0.0,0.0,0.0,0.0,0.0,0.0,0.0,0.0,0.0,0.0,0.0,0,-107875648.0,0,0.0,0,-107875648.0,-107877712.0,0,39322,17039,0,17054,0,17038,0,0,0,110,100,100,2.7302334150594743e+23,64.0,0.0,64.5,0.0,69.0,1,49,50,180,0,52429,0,0,0.0,0.0,0.0,0.0,-0.0,65.0,0.0,0.0,0.0,645,0,689,0,0,0,718,0,790,0,710,0,690,0,645,0,642,0,615,0.032,51904512.0,-2.004,0.0,9616,16788,-0.0,0.0,-0.0,133823888.0,0.0,-0.0,29.0,60.0,70,0.0,0.0,0.0,0.0,0.0,0.0,0.0,0.0,0.0,0.0,0.0,0.0,0.0,0.0,0.0,0.0,59.2,69,11,65508,41,65476,0,300,0,0,8,20529,65476,0,0,61604,60.0,0.0,0.0,0.0,0.0,0.0
2026-04-04T11:17:08,ERR,ERR,ERR,ERR,ERR,ERR,ERR,ERR,ERR,ERR,ERR,ERR,ERR,ERR,ERR,ERR,ERR,ERR,ERR,ERR,ERR,ERR,ERR,ERR,ERR,ERR,ERR,ERR,ERR,ERR,ERR,ERR,ERR,ERR,ERR,ERR,ERR,ERR,ERR,ERR,ERR,ERR,ERR,ERR,ERR,ERR,ERR,ERR,ERR,ERR,ERR,ERR,ERR,ERR,ERR,ERR,ERR,ERR,ERR,ERR,ERR,ERR,ERR,ERR,ERR,ERR,ERR,ERR,ERR,ERR,ERR,ERR,ERR,ERR,ERR,ERR,ERR,ERR,ERR,ERR,ERR,ERR,ERR,ERR,ERR,ERR,ERR,ERR,ERR,ERR,ERR,ERR,ERR,ERR,ERR,ERR,ERR,ERR,ERR,ERR,ERR,ERR,ERR,ERR,ERR,ERR,ERR,ERR,ERR,ERR,ERR,ERR,ERR,ERR,ERR,ERR,ERR,ERR,ERR,ERR,ERR,ERR,ERR,ERR,ERR,2.7184278591402704e+23,0.0,-0.0,0.0,0.0,0.0,0.0,nan,0,0,0,32768,0,0.0,0,0.0,0.0,0.0,0.0,0.0,0,0,0,0,0.0,0,0,0,0,0,0,0,0,0,0,0,0,0,0,0,0,0,0,0,0,0,0,0,0,0,0,0,0,0,0,0,0,0,0,0,0,0,0,0,0,0,0,0,0,0.0,0.0,0.0,0.0,0.0,0.0,0.0,0.0,0.0,0.0,0.0,0.0,0.0,0.0,0.0,0.0,0.0,0.0,0.0,0.0,0.0,0.0,0.0,0.0,-2.004,2.004,0.0,0.0,0.0,0.0,3393.5,0.0,0.0,2.7184278591402704e+23,0.0,-0.0,0.0,0.0,0.0,0.0,0.0,0,-0.0,-0.0,0.0,0.0,0.0,0.0,0.0,0.0,0.0,0,0,0,0.0,0.0,0.0,0.0,0.0,0.0,0.0,0.0,0.0,0.0,0.0,0.0,0.0,0.0,0.0,0.0,0,-107875648.0,0,0.0,0,-107875648.0,-107877712.0,0,39322,17039,0,17054,0,17038,0,0,0,110,100,100,2.7302334150594743e+23,64.0,0.0,64.5,0.0,69.0,1,49,50,180,0,52429,0,0,0.0,0.0,0.0,0.0,-0.0,65.0,0.0,0.0,0.0,645,0,689,0,0,0,718,0,790,0,710,0,690,0,645,0,642,0,615,0.032,51904512.0,-2.004,0.0,9616,16788,-0.0,0.0,-0.0,133823888.0,0.0,-0.0,29.0,60.0,70,0.0,0.0,0.0,0.0,0.0,0.0,0.0,0.0,0.0,0.0,0.0,0.0,0.0,0.0,0.0,0.0,59.2,69,11,65508,41,65476,0,300,0,0,8,20529,65476,0,0,61604,60.0,0.0,0.0,0.0,0.0,0.0
2026-04-04T11:17:09,ERR,ERR,ERR,ERR,ERR,ERR,ERR,ERR,ERR,ERR,ERR,ERR,ERR,ERR,ERR,ERR,ERR,ERR,ERR,ERR,ERR,ERR,ERR,ERR,ERR,ERR,ERR,ERR,ERR,ERR,ERR,ERR,ERR,ERR,ERR,ERR,ERR,ERR,ERR,ERR,ERR,ERR,ERR,ERR,ERR,ERR,ERR,ERR,ERR,ERR,ERR,ERR,ERR,ERR,ERR,ERR,ERR,ERR,ERR,ERR,ERR,ERR,ERR,ERR,ERR,ERR,ERR,ERR,ERR,ERR,ERR,ERR,ERR,ERR,ERR,ERR,ERR,ERR,ERR,ERR,ERR,ERR,ERR,ERR,ERR,ERR,ERR,ERR,ERR,ERR,ERR,ERR,ERR,ERR,ERR,ERR,ERR,ERR,ERR,ERR,ERR,ERR,ERR,ERR,ERR,ERR,ERR,ERR,ERR,ERR,ERR,ERR,ERR,ERR,ERR,ERR,ERR,ERR,ERR,ERR,ERR,ERR,ERR,ERR,ERR,0.0,0.0,-101055584.0,0.0,0.0,0.0,0.0,nan,0,0,0,32768,0,0.0,0,0.0,0.0,0.0,0.0,0.0,0,0,0,0,0.0,0,0,0,0,0,0,0,0,0,0,0,0,0,0,0,0,0,0,0,0,0,0,0,0,0,0,0,0,0,0,0,0,0,0,0,0,0,0,0,0,0,0,0,0,0.0,0.0,0.0,0.0,0.0,0.0,0.0,0.0,0.0,0.0,0.0,0.0,0.0,0.0,0.0,0.0,0.0,0.0,0.0,0.0,0.0,0.0,0.0,0.0,-2.004,2.004,0.0,0.0,0.0,0.0,3393.0,0.0,0.0,2.7184278591402704e+23,0.0,-0.0,0.0,0.0,0.0,0.0,0.0,0,-0.0,-107614264.0,0.0,0.0,0.0,0.0,0.0,0.0,0.0,0,0,0,0.0,0.0,0.0,0.0,0.0,0.0,0.0,0.0,0.0,0.0,0.0,0.0,0.0,0.0,0.0,0.0,0,-107875648.0,0,0.0,0,-107875648.0,-107877712.0,0,39322,17039,0,17054,0,17038,0,0,0,110,100,100,2.7302334150594743e+23,64.0,0.0,64.5,0.0,69.0,1,49,50,180,0,52429,0,0,0.0,0.0,0.0,0.0,-0.0,65.0,0.0,0.0,0.0,645,0,689,0,0,0,718,0,790,0,710,0,690,0,645,0,642,0,615,0.032,51904512.0,-2.004,0.0,9616,16788,-0.0,0.0,-0.0,133823888.0,0.0,-0.0,29.0,60.0,70,0.0,0.0,0.0,0.0,0.0,0.0,0.0,0.0,0.0,0.0,0.0,0.0,0.0,0.0,0.0,0.0,59.2,69,11,65508,41,65476,0,300,0,0,8,20529,65476,0,0,61604,60.0,0.0,0.0,0.0,0.0,0.0
2026-04-04T11:17:10,ERR,ERR,ERR,ERR,ERR,ERR,ERR,ERR,ERR,ERR,ERR,ERR,ERR,ERR,ERR,ERR,ERR,ERR,ERR,ERR,ERR,ERR,ERR,ERR,ERR,ERR,ERR,ERR,ERR,ERR,ERR,ERR,ERR,ERR,ERR,ERR,ERR,ERR,ERR,ERR,ERR,ERR,ERR,ERR,ERR,ERR,ERR,ERR,ERR,ERR,ERR,ERR,ERR,ERR,ERR,ERR,ERR,ERR,ERR,ERR,ERR,ERR,ERR,ERR,ERR,ERR,ERR,ERR,ERR,ERR,ERR,ERR,ERR,ERR,ERR,ERR,ERR,ERR,ERR,ERR,ERR,ERR,ERR,ERR,ERR,ERR,ERR,ERR,ERR,ERR,ERR,ERR,ERR,ERR,ERR,ERR,ERR,ERR,ERR,ERR,ERR,ERR,ERR,ERR,ERR,ERR,ERR,ERR,ERR,ERR,ERR,ERR,ERR,ERR,ERR,ERR,ERR,ERR,ERR,ERR,ERR,ERR,ERR,ERR,ERR,0.0,0.0,-101055584.0,0.0,0.0,0.0,0.0,nan,0,0,0,32768,0,0.0,0,0.0,0.0,0.0,0.0,0.0,0,0,0,0,0.0,0,0,0,0,0,0,0,0,0,0,0,0,0,0,0,0,0,0,0,0,0,0,0,0,0,0,0,0,0,0,0,0,0,0,0,0,0,0,0,0,0,0,0,0,0.0,0.0,0.0,0.0,0.0,0.0,0.0,0.0,0.0,0.0,0.0,0.0,0.0,0.0,0.0,0.0,0.0,0.0,0.0,0.0,0.0,0.0,0.0,0.0,-2.004,2.004,0.0,0.0,0.0,0.0,3393.0,0.0,0.0,2.7184278591402704e+23,0.0,-0.0,0.0,0.0,0.0,0.0,0.0,0,-0.0,-107614264.0,0.0,0.0,0.0,0.0,0.0,0.0,0.0,0,0,0,0.0,0.0,0.0,0.0,0.0,0.0,0.0,0.0,0.0,0.0,0.0,0.0,0.0,0.0,0.0,0.0,0,-107875648.0,0,0.0,0,-107875648.0,-107877712.0,0,39322,17039,0,17054,0,17038,0,0,0,110,100,100,2.7302334150594743e+23,64.0,0.0,64.5,0.0,69.0,1,49,50,180,0,52429,0,0,0.0,0.0,0.0,0.0,-0.0,65.0,0.0,0.0,0.0,645,0,689,0,0,0,718,0,790,0,710,0,690,0,645,0,642,0,615,0.032,56098816.0,-2.004,0.0,11152,16788,-0.0,5.358112766111128e+30,-1.7801288175114812e+22,0.0,0.0,-1453572222877696.0,29.0,60.0,70,0.0,0.0,0.0,0.0,0.0,0.0,0.0,0.0,0.0,0.0,0.0,0.0,0.0,0.0,0.0,0.0,59.2,69,11,65508,41,65476,0,300,0,0,8,20529,65476,0,0,61604,60.0,0.0,0.0,0.0,0.0,0.0
2026-04-04T11:17:11,ERR,ERR,ERR,ERR,ERR,ERR,ERR,ERR,ERR,ERR,ERR,ERR,ERR,ERR,ERR,ERR,ERR,ERR,ERR,ERR,ERR,ERR,ERR,ERR,ERR,ERR,ERR,ERR,ERR,ERR,ERR,ERR,ERR,ERR,ERR,ERR,ERR,ERR,ERR,ERR,ERR,ERR,ERR,ERR,ERR,ERR,ERR,ERR,ERR,ERR,ERR,ERR,ERR,ERR,ERR,ERR,ERR,ERR,ERR,ERR,ERR,ERR,ERR,ERR,ERR,ERR,ERR,ERR,ERR,ERR,ERR,ERR,ERR,ERR,ERR,ERR,ERR,ERR,ERR,ERR,ERR,ERR,ERR,ERR,ERR,ERR,ERR,ERR,ERR,ERR,ERR,ERR,ERR,ERR,ERR,ERR,ERR,ERR,ERR,ERR,ERR,ERR,ERR,ERR,ERR,ERR,ERR,ERR,ERR,ERR,ERR,ERR,ERR,ERR,ERR,ERR,ERR,ERR,ERR,ERR,ERR,ERR,ERR,ERR,ERR,0.0,0.0,-101055584.0,0.0,0.0,0.0,0.0,nan,0,0,0,32768,0,0.0,0,0.0,0.0,0.0,0.0,0.0,0,0,0,0,0.0,0,0,0,0,0,0,0,0,0,0,0,0,0,0,0,0,0,0,0,0,0,0,0,0,0,0,0,0,0,0,0,0,0,0,0,0,0,0,0,0,0,0,0,0,0.0,0.0,0.0,0.0,0.0,0.0,0.0,0.0,0.0,0.0,0.0,0.0,0.0,0.0,0.0,0.0,0.0,0.0,0.0,0.0,0.0,0.0,0.0,0.0,-2.004,2.004,0.0,0.0,0.0,0.0,3393.0,0.0,0.0,2.7184278591402704e+23,0.0,-0.0,0.0,0.0,0.0,0.0,0.0,0,-0.0,-107614264.0,0.0,0.0,0.0,0.0,0.0,0.0,0.0,0,0,0,0.0,0.0,0.0,0.0,0.0,0.0,0.0,0.0,0.0,0.0,0.0,0.0,0.0,0.0,0.0,0.0,0,-107875648.0,0,0.0,0,-107875648.0,-107877712.0,0,39322,17039,0,17054,0,17038,0,0,0,110,100,100,2.7302334150594743e+23,64.0,0.0,64.5,0.0,69.0,1,49,50,180,0,52429,0,0,0.0,0.0,0.0,0.0,-0.0,65.0,0.0,0.0,0.0,645,0,689,0,0,0,718,0,790,0,710,0,690,0,645,0,642,0,615,0.032,56098816.0,-2.004,0.0,11152,16788,-0.0,5.358112766111128e+30,-1.7801288175114812e+22,0.0,0.0,-1453572222877696.0,29.0,60.0,70,0.0,0.0,0.0,0.0,0.0,0.0,0.0,0.0,0.0,0.0,0.0,0.0,0.0,0.0,0.0,0.0,59.2,69,11,65508,41,65476,0,300,0,0,8,20529,65476,0,0,61604,60.0,0.0,0.0,0.0,0.0,0.0
2026-04-04T11:17:12,ERR,ERR,ERR,ERR,ERR,ERR,ERR,ERR,ERR,ERR,ERR,ERR,ERR,ERR,ERR,ERR,ERR,ERR,ERR,ERR,ERR,ERR,ERR,ERR,ERR,ERR,ERR,ERR,ERR,ERR,ERR,ERR,ERR,ERR,ERR,ERR,ERR,ERR,ERR,ERR,ERR,ERR,ERR,ERR,ERR,ERR,ERR,ERR,ERR,ERR,ERR,ERR,ERR,ERR,ERR,ERR,ERR,ERR,ERR,ERR,ERR,ERR,ERR,ERR,ERR,ERR,ERR,ERR,ERR,ERR,ERR,ERR,ERR,ERR,ERR,ERR,ERR,ERR,ERR,ERR,ERR,ERR,ERR,ERR,ERR,ERR,ERR,ERR,ERR,ERR,ERR,ERR,ERR,ERR,ERR,ERR,ERR,ERR,ERR,ERR,ERR,ERR,ERR,ERR,ERR,ERR,ERR,ERR,ERR,ERR,ERR,ERR,ERR,ERR,ERR,ERR,ERR,ERR,ERR,ERR,ERR,ERR,ERR,ERR,ERR,0.0,0.0,-101055584.0,0.0,0.0,0.0,0.0,nan,0,0,0,32768,0,0.0,0,0.0,0.0,0.0,0.0,0.0,0,0,0,0,0.0,0,0,0,0,0,0,0,0,0,0,0,0,0,0,0,0,0,0,0,0,0,0,0,0,0,0,0,0,0,0,0,0,0,0,0,0,0,0,0,0,0,0,0,0,0.0,0.0,0.0,0.0,0.0,0.0,0.0,0.0,0.0,0.0,0.0,0.0,0.0,0.0,0.0,0.0,0.0,0.0,0.0,0.0,0.0,0.0,0.0,0.0,-2.004,2.004,0.0,0.0,0.0,0.0,3393.0,0.0,0.0,2.7184278591402704e+23,0.0,-0.0,0.0,0.0,0.0,0.0,0.0,0,-0.0,-107614264.0,0.0,0.0,0.0,0.0,0.0,0.0,0.0,0,0,0,0.0,0.0,0.0,0.0,0.0,0.0,0.0,0.0,0.0,0.0,0.0,0.0,0.0,0.0,0.0,0.0,0,-107875648.0,0,0.0,0,-107875648.0,-107877712.0,0,39322,17039,0,17054,0,17038,0,0,0,110,100,100,2.7302334150594743e+23,64.0,0.0,64.5,0.0,69.0,1,49,50,180,0,52429,0,0,0.0,0.0,0.0,0.0,-0.0,65.0,0.0,0.0,0.0,645,0,689,0,0,0,718,0,790,0,710,0,690,0,645,0,642,0,615,0.032,56098816.0,-2.004,0.0,11152,16788,-0.0,5.358112766111128e+30,-1.7801288175114812e+22,0.0,0.0,-1453572222877696.0,29.0,60.0,70,0.0,0.0,0.0,0.0,0.0,0.0,0.0,0.0,0.0,0.0,0.0,0.0,0.0,0.0,0.0,0.0,59.2,69,11,65508,41,65476,0,300,0,0,8,20529,65476,0,0,61604,60.0,0.0,0.0,0.0,0.0,0.0
2026-04-04T11:17:13,ERR,ERR,ERR,ERR,ERR,ERR,ERR,ERR,ERR,ERR,ERR,ERR,ERR,ERR,ERR,ERR,ERR,ERR,ERR,ERR,ERR,ERR,ERR,ERR,ERR,ERR,ERR,ERR,ERR,ERR,ERR,ERR,ERR,ERR,ERR,ERR,ERR,ERR,ERR,ERR,ERR,ERR,ERR,ERR,ERR,ERR,ERR,ERR,ERR,ERR,ERR,ERR,ERR,ERR,ERR,ERR,ERR,ERR,ERR,ERR,ERR,ERR,ERR,ERR,ERR,ERR,ERR,ERR,ERR,ERR,ERR,ERR,ERR,ERR,ERR,ERR,ERR,ERR,ERR,ERR,ERR,ERR,ERR,ERR,ERR,ERR,ERR,ERR,ERR,ERR,ERR,ERR,ERR,ERR,ERR,ERR,ERR,ERR,ERR,ERR,ERR,ERR,ERR,ERR,ERR,ERR,ERR,ERR,ERR,ERR,ERR,ERR,ERR,ERR,ERR,ERR,ERR,ERR,ERR,ERR,ERR,ERR,ERR,ERR,ERR,0.0,0.0,-101055584.0,0.0,0.0,0.0,0.0,nan,0,0,0,32768,0,0.0,0,0.0,0.0,0.0,0.0,0.0,0,0,0,0,0.0,0,0,0,0,0,0,0,0,0,0,0,0,0,0,0,0,0,0,0,0,0,0,0,0,0,0,0,0,0,0,0,0,0,0,0,0,0,0,0,0,0,0,0,0,0.0,0.0,0.0,0.0,0.0,0.0,0.0,0.0,0.0,0.0,0.0,0.0,0.0,0.0,0.0,0.0,0.0,0.0,0.0,0.0,0.0,0.0,0.0,0.0,-2.004,2.004,0.0,0.0,0.0,0.0,3393.0,0.0,0.0,2.7184278591402704e+23,0.0,-0.0,0.0,0.0,0.0,0.0,0.0,0,-0.0,-107614264.0,0.0,0.0,0.0,0.0,0.0,0.0,0.0,0,0,0,0.0,0.0,0.0,0.0,0.0,0.0,0.0,0.0,0.0,0.0,0.0,0.0,0.0,0.0,0.0,0.0,0,-107875648.0,0,0.0,0,-107875648.0,-107877712.0,0,39322,17039,0,17054,0,17038,0,0,0,110,100,100,2.7302334150594743e+23,64.0,0.0,64.5,0.0,69.0,1,49,50,180,0,52429,0,0,0.0,0.0,0.0,0.0,-0.0,65.0,0.0,0.0,0.0,645,0,689,0,0,0,718,0,790,0,710,0,690,0,645,0,642,0,615,0.032,56098816.0,-2.004,0.0,11152,16788,-0.0,5.358112766111128e+30,-1.7801288175114812e+22,0.0,0.0,-1453572222877696.0,29.0,60.0,70,0.0,0.0,0.0,0.0,0.0,0.0,0.0,0.0,0.0,0.0,0.0,0.0,0.0,0.0,0.0,0.0,59.2,69,11,65508,41,65476,0,300,0,0,8,20529,65476,0,0,61604,60.0,0.0,0.0,0.0,0.0,0.0
2026-04-04T11:17:14,ERR,ERR,ERR,ERR,ERR,ERR,ERR,ERR,ERR,ERR,ERR,ERR,ERR,ERR,ERR,ERR,ERR,ERR,ERR,ERR,ERR,ERR,ERR,ERR,ERR,ERR,ERR,ERR,ERR,ERR,ERR,ERR,ERR,ERR,ERR,ERR,ERR,ERR,ERR,ERR,ERR,ERR,ERR,ERR,ERR,ERR,ERR,ERR,ERR,ERR,ERR,ERR,ERR,ERR,ERR,ERR,ERR,ERR,ERR,ERR,ERR,ERR,ERR,ERR,ERR,ERR,ERR,ERR,ERR,ERR,ERR,ERR,ERR,ERR,ERR,ERR,ERR,ERR,ERR,ERR,ERR,ERR,ERR,ERR,ERR,ERR,ERR,ERR,ERR,ERR,ERR,ERR,ERR,ERR,ERR,ERR,ERR,ERR,ERR,ERR,ERR,ERR,ERR,ERR,ERR,ERR,ERR,ERR,ERR,ERR,ERR,ERR,ERR,ERR,ERR,ERR,ERR,ERR,ERR,ERR,ERR,ERR,ERR,ERR,ERR,0.0,0.0,-101055584.0,0.0,0.0,0.0,0.0,nan,0,0,0,32768,0,0.0,0,0.0,0.0,0.0,0.0,0.0,0,0,0,0,0.0,0,0,0,0,0,0,0,0,0,0,0,0,0,0,0,0,0,0,0,0,0,0,0,0,0,0,0,0,0,0,0,0,0,0,0,0,0,0,0,0,0,0,0,0,0.0,0.0,0.0,0.0,0.0,0.0,0.0,0.0,0.0,0.0,0.0,0.0,0.0,0.0,0.0,0.0,0.0,0.0,0.0,0.0,0.0,0.0,0.0,0.0,-2.004,2.004,0.0,0.0,0.0,0.0,3393.0,0.0,0.0,2.7184278591402704e+23,0.0,-0.0,0.0,0.0,0.0,0.0,0.0,0,-0.0,-107614264.0,0.0,0.0,0.0,0.0,0.0,0.0,0.0,0,0,0,0.0,0.0,0.0,0.0,0.0,0.0,0.0,0.0,0.0,0.0,0.0,0.0,0.0,0.0,0.0,0.0,0,-107875648.0,0,0.0,0,-107875648.0,-107877712.0,0,39322,17039,0,17054,0,17038,0,0,0,110,100,100,2.7302334150594743e+23,64.0,0.0,64.5,0.0,69.0,1,49,50,180,0,52429,0,0,0.0,0.0,0.0,0.0,-0.0,65.0,0.0,0.0,0.0,645,0,689,0,0,0,718,0,790,0,710,0,690,0,645,0,642,0,615,0.032,56098816.0,-2.004,0.0,11152,16788,-0.0,5.358112766111128e+30,-1.7801288175114812e+22,0.0,0.0,-1453572222877696.0,29.0,60.0,70,0.0,0.0,0.0,0.0,0.0,0.0,0.0,0.0,0.0,0.0,0.0,0.0,0.0,0.0,0.0,0.0,59.2,69,11,65508,41,65476,0,300,0,0,8,20529,65476,0,0,61604,60.0,0.0,0.0,0.0,0.0,0.0
2026-04-04T11:17:15,ERR,ERR,ERR,ERR,ERR,ERR,ERR,ERR,ERR,ERR,ERR,ERR,ERR,ERR,ERR,ERR,ERR,ERR,ERR,ERR,ERR,ERR,ERR,ERR,ERR,ERR,ERR,ERR,ERR,ERR,ERR,ERR,ERR,ERR,ERR,ERR,ERR,ERR,ERR,ERR,ERR,ERR,ERR,ERR,ERR,ERR,ERR,ERR,ERR,ERR,ERR,ERR,ERR,ERR,ERR,ERR,ERR,ERR,ERR,ERR,ERR,ERR,ERR,ERR,ERR,ERR,ERR,ERR,ERR,ERR,ERR,ERR,ERR,ERR,ERR,ERR,ERR,ERR,ERR,ERR,ERR,ERR,ERR,ERR,ERR,ERR,ERR,ERR,ERR,ERR,ERR,ERR,ERR,ERR,ERR,ERR,ERR,ERR,ERR,ERR,ERR,ERR,ERR,ERR,ERR,ERR,ERR,ERR,ERR,ERR,ERR,ERR,ERR,ERR,ERR,ERR,ERR,ERR,ERR,ERR,ERR,ERR,ERR,ERR,ERR,0.0,0.0,-101055584.0,0.0,0.0,0.0,0.0,nan,0,0,0,32768,0,0.0,0,0.0,0.0,0.0,0.0,0.0,0,0,0,0,0.0,0,0,0,0,0,0,0,0,0,0,0,0,0,0,0,0,0,0,0,0,0,0,0,0,0,0,0,0,0,0,0,0,0,0,0,0,0,0,0,0,0,0,0,0,0.0,0.0,0.0,0.0,0.0,0.0,0.0,0.0,0.0,0.0,0.0,0.0,0.0,0.0,0.0,0.0,0.0,0.0,0.0,0.0,0.0,0.0,0.0,0.0,-2.004,2.004,0.0,0.0,0.0,0.0,3393.0,0.0,0.0,2.7184278591402704e+23,0.0,-0.0,0.0,0.0,0.0,0.0,0.0,0,-0.0,-107614264.0,0.0,0.0,0.0,0.0,0.0,0.0,0.0,0,0,0,0.0,0.0,0.0,0.0,0.0,0.0,0.0,0.0,0.0,0.0,0.0,0.0,0.0,0.0,0.0,0.0,0,-107875648.0,0,0.0,0,-107875648.0,-107877712.0,0,39322,17039,0,17054,0,17038,0,0,0,110,100,100,2.7302334150594743e+23,64.0,0.0,64.5,0.0,69.0,1,49,50,180,0,52429,0,0,0.0,0.0,0.0,0.0,-0.0,65.0,0.0,0.0,0.0,645,0,689,0,0,0,718,0,790,0,710,0,690,0,645,0,642,0,615,0.032,56098816.0,-2.004,0.0,11152,16788,-0.0,5.358112766111128e+30,-1.7801288175114812e+22,0.0,0.0,-1453572222877696.0,29.0,60.0,70,0.0,0.0,0.0,0.0,0.0,0.0,0.0,0.0,0.0,0.0,0.0,0.0,0.0,0.0,0.0,0.0,59.2,69,11,65508,41,65476,0,300,0,0,8,20529,65476,0,0,61604,60.0,0.0,0.0,0.0,0.0,0.0
2026-04-04T11:17:16,ERR,ERR,ERR,ERR,ERR,ERR,ERR,ERR,ERR,ERR,ERR,ERR,ERR,ERR,ERR,ERR,ERR,ERR,ERR,ERR,ERR,ERR,ERR,ERR,ERR,ERR,ERR,ERR,ERR,ERR,ERR,ERR,ERR,ERR,ERR,ERR,ERR,ERR,ERR,ERR,ERR,ERR,ERR,ERR,ERR,ERR,ERR,ERR,ERR,ERR,ERR,ERR,ERR,ERR,ERR,ERR,ERR,ERR,ERR,ERR,ERR,ERR,ERR,ERR,ERR,ERR,ERR,ERR,ERR,ERR,ERR,ERR,ERR,ERR,ERR,ERR,ERR,ERR,ERR,ERR,ERR,ERR,ERR,ERR,ERR,ERR,ERR,ERR,ERR,ERR,ERR,ERR,ERR,ERR,ERR,ERR,ERR,ERR,ERR,ERR,ERR,ERR,ERR,ERR,ERR,ERR,ERR,ERR,ERR,ERR,ERR,ERR,ERR,ERR,ERR,ERR,ERR,ERR,ERR,ERR,ERR,ERR,ERR,ERR,ERR,0.0,0.0,-101055584.0,0.0,0.0,0.0,0.0,nan,0,0,0,32768,0,0.0,0,0.0,0.0,0.0,0.0,0.0,0,0,0,0,0.0,0,0,0,0,0,0,0,0,0,0,0,0,0,0,0,0,0,0,0,0,0,0,0,0,0,0,0,0,0,0,0,0,0,0,0,0,0,0,0,0,0,0,0,0,0.0,0.0,0.0,0.0,0.0,0.0,0.0,0.0,0.0,0.0,0.0,0.0,0.0,0.0,0.0,0.0,0.0,0.0,0.0,0.0,0.0,0.0,0.0,0.0,-2.004,2.004,0.0,0.0,0.0,0.0,3393.0,0.0,0.0,2.7184278591402704e+23,0.0,-0.0,0.0,0.0,0.0,0.0,0.0,0,-0.0,-107614264.0,0.0,0.0,0.0,0.0,0.0,0.0,0.0,0,0,0,0.0,0.0,0.0,0.0,0.0,0.0,0.0,0.0,0.0,0.0,0.0,0.0,0.0,0.0,0.0,0.0,0,-107875648.0,0,0.0,0,-107875648.0,-107877712.0,0,39322,17039,0,17054,0,17038,0,0,0,110,100,100,2.7302334150594743e+23,64.0,0.0,64.5,0.0,69.0,1,49,50,180,0,52429,0,0,0.0,0.0,0.0,0.0,-0.0,65.0,0.0,-15479596908544.0,0.0,645,0,689,0,0,0,718,0,790,0,710,0,690,0,645,0,642,0,615,0.032,55836672.0,-2.004,0.0,22160,16788,-0.0,-671122063360.0,-3.6094067059733e+28,-0.0,0.0,-8.872164383443124e+18,29.0,60.0,70,0.0,0.0,0.0,0.0,0.0,0.0,0.0,0.0,0.0,0.0,0.0,0.0,0.0,0.0,0.0,0.0,59.2,69,11,65508,41,65476,0,300,0,0,8,20529,65476,0,0,61604,60.0,0.0,0.0,0.0,0.0,0.0
2026-04-04T11:17:17,ERR,ERR,ERR,ERR,ERR,ERR,ERR,ERR,ERR,ERR,ERR,ERR,ERR,ERR,ERR,ERR,ERR,ERR,ERR,ERR,ERR,ERR,ERR,ERR,ERR,ERR,ERR,ERR,ERR,ERR,ERR,ERR,ERR,ERR,ERR,ERR,ERR,ERR,ERR,ERR,ERR,ERR,ERR,ERR,ERR,ERR,ERR,ERR,ERR,ERR,ERR,ERR,ERR,ERR,ERR,ERR,ERR,ERR,ERR,ERR,ERR,ERR,ERR,ERR,ERR,ERR,ERR,ERR,ERR,ERR,ERR,ERR,ERR,ERR,ERR,ERR,ERR,ERR,ERR,ERR,ERR,ERR,ERR,ERR,ERR,ERR,ERR,ERR,ERR,ERR,ERR,ERR,ERR,ERR,ERR,ERR,ERR,ERR,ERR,ERR,ERR,ERR,ERR,ERR,ERR,ERR,ERR,ERR,ERR,ERR,ERR,ERR,ERR,ERR,ERR,ERR,ERR,ERR,ERR,ERR,ERR,ERR,ERR,ERR,ERR,2.7184278591402704e+23,0.0,-0.0,0.0,0.0,0.0,0.0,nan,0,0,0,32768,0,0.0,0,0.0,0.0,0.0,0.0,0.0,0,0,0,0,0.0,0,0,0,0,0,0,0,0,0,0,0,0,0,0,0,0,0,0,0,0,0,0,0,0,0,0,0,0,0,0,0,0,0,0,0,0,0,0,0,0,0,0,0,0,0.0,0.0,0.0,0.0,0.0,0.0,0.0,0.0,0.0,0.0,0.0,0.0,0.0,0.0,0.0,0.0,0.0,0.0,0.0,0.0,0.0,0.0,-2.004,0.0,-2.004,2.004,0.0,0.0,0.0,0.0,3407.5,8608108544.0,0.0,0.0,0.0,-0.0,0.0,0.0,0.0,0.0,0.0,0,-0.0,-107614264.0,0.0,0.0,0.0,0.0,0.0,0.0,0.0,0,0,0,0.0,0.0,0.0,0.0,0.0,0.0,0.0,0.0,0.0,0.0,0.0,0.0,0.0,0.0,0.0,0.0,0,-107875648.0,0,0.0,0,-107875648.0,-107877712.0,0,39322,17039,0,17054,0,17038,0,0,0,110,100,100,2.7302334150594743e+23,64.0,0.0,64.5,0.0,69.0,1,49,50,180,0,52429,0,0,0.0,0.0,0.0,0.0,-0.0,65.0,0.0,-15479596908544.0,0.0,645,0,689,0,0,0,718,0,790,0,710,0,690,0,645,0,642,0,615,0.032,55836672.0,-2.004,0.0,22160,16788,-0.0,-671122063360.0,-3.6094067059733e+28,-0.0,0.0,-8.872164383443124e+18,29.0,60.0,70,0.0,0.0,0.0,0.0,0.0,0.0,0.0,0.0,0.0,0.0,0.0,0.0,0.0,0.0,0.0,0.0,59.2,69,11,65508,41,65476,0,300,0,0,8,20529,65476,0,0,61604,60.0,0.0,0.0,0.0,0.0,0.0
2026-04-04T11:17:18,ERR,ERR,ERR,ERR,ERR,ERR,ERR,ERR,ERR,ERR,ERR,ERR,ERR,ERR,ERR,ERR,ERR,ERR,ERR,ERR,ERR,ERR,ERR,ERR,ERR,ERR,ERR,ERR,ERR,ERR,ERR,ERR,ERR,ERR,ERR,ERR,ERR,ERR,ERR,ERR,ERR,ERR,ERR,ERR,ERR,ERR,ERR,ERR,ERR,ERR,ERR,ERR,ERR,ERR,ERR,ERR,ERR,ERR,ERR,ERR,ERR,ERR,ERR,ERR,ERR,ERR,ERR,ERR,ERR,ERR,ERR,ERR,ERR,ERR,ERR,ERR,ERR,ERR,ERR,ERR,ERR,ERR,ERR,ERR,ERR,ERR,ERR,ERR,ERR,ERR,ERR,ERR,ERR,ERR,ERR,ERR,ERR,ERR,ERR,ERR,ERR,ERR,ERR,ERR,ERR,ERR,ERR,ERR,ERR,ERR,ERR,ERR,ERR,ERR,ERR,ERR,ERR,ERR,ERR,ERR,ERR,ERR,ERR,ERR,ERR,2.7184278591402704e+23,0.0,-0.0,0.0,0.0,0.0,0.0,nan,0,0,0,32768,0,0.0,0,0.0,0.0,0.0,0.0,0.0,0,0,0,0,0.0,0,0,0,0,0,0,0,0,0,0,0,0,0,0,0,0,0,0,0,0,0,0,0,0,0,0,0,0,0,0,0,0,0,0,0,0,0,0,0,0,0,0,0,0,0.0,0.0,0.0,0.0,0.0,0.0,0.0,0.0,0.0,0.0,0.0,0.0,0.0,0.0,0.0,0.0,0.0,0.0,0.0,0.0,0.0,0.0,-2.004,0.0,-2.004,2.004,0.0,0.0,0.0,0.0,3407.5,8608108544.0,0.0,0.0,0.0,-0.0,0.0,0.0,0.0,0.0,0.0,0,-0.0,-107614264.0,0.0,0.0,0.0,0.0,0.0,0.0,0.0,0,0,0,0.0,0.0,0.0,0.0,0.0,0.0,0.0,0.0,0.0,0.0,0.0,0.0,0.0,0.0,0.0,0.0,0,-107875648.0,0,0.0,0,-107875648.0,-107877712.0,0,39322,17039,0,17054,0,17038,0,0,0,110,100,100,2.7302334150594743e+23,64.0,0.0,64.5,0.0,69.0,1,49,50,180,0,52429,0,0,0.0,0.0,0.0,0.0,-0.0,65.0,0.0,-15479596908544.0,0.0,645,0,689,0,0,0,718,0,790,0,710,0,690,0,645,0,642,0,615,0.032,55836672.0,-2.004,0.0,22160,16788,-0.0,-671122063360.0,-3.6094067059733e+28,-0.0,0.0,-8.872164383443124e+18,29.0,60.0,70,0.0,0.0,0.0,0.0,0.0,0.0,0.0,0.0,0.0,0.0,0.0,0.0,0.0,0.0,0.0,0.0,59.6,69,11,65508,41,65476,0,300,0,0,8,20529,65476,0,0,61604,60.0,0.0,0.0,0.0,0.0,0.0
2026-04-04T11:17:19,ERR,ERR,ERR,ERR,ERR,ERR,ERR,ERR,ERR,ERR,ERR,ERR,ERR,ERR,ERR,ERR,ERR,ERR,ERR,ERR,ERR,ERR,ERR,ERR,ERR,ERR,ERR,ERR,ERR,ERR,ERR,ERR,ERR,ERR,ERR,ERR,ERR,ERR,ERR,ERR,ERR,ERR,ERR,ERR,ERR,ERR,ERR,ERR,ERR,ERR,ERR,ERR,ERR,ERR,ERR,ERR,ERR,ERR,ERR,ERR,ERR,ERR,ERR,ERR,ERR,ERR,ERR,ERR,ERR,ERR,ERR,ERR,ERR,ERR,ERR,ERR,ERR,ERR,ERR,ERR,ERR,ERR,ERR,ERR,ERR,ERR,ERR,ERR,ERR,ERR,ERR,ERR,ERR,ERR,ERR,ERR,ERR,ERR,ERR,ERR,ERR,ERR,ERR,ERR,ERR,ERR,ERR,ERR,ERR,ERR,ERR,ERR,ERR,ERR,ERR,ERR,ERR,ERR,ERR,ERR,ERR,ERR,ERR,ERR,ERR,2.7184278591402704e+23,0.0,-0.0,0.0,0.0,0.0,0.0,nan,0,0,0,32768,0,0.0,0,0.0,0.0,0.0,0.0,0.0,0,0,0,0,0.0,0,0,0,0,0,0,0,0,0,0,0,0,0,0,0,0,0,0,0,0,0,0,0,0,0,0,0,0,0,0,0,0,0,0,0,0,0,0,0,0,0,0,0,0,0.0,0.0,0.0,0.0,0.0,0.0,0.0,0.0,0.0,0.0,0.0,0.0,0.0,0.0,0.0,0.0,0.0,0.0,0.0,0.0,0.0,0.0,-2.004,0.0,-2.004,2.004,0.0,0.0,0.0,0.0,3407.5,8608108544.0,0.0,0.0,0.0,-0.0,0.0,0.0,0.0,0.0,0.0,0,-0.0,-107614264.0,0.0,0.0,0.0,0.0,0.0,0.0,0.0,0,0,0,0.0,0.0,0.0,0.0,0.0,0.0,0.0,0.0,0.0,0.0,0.0,0.0,0.0,0.0,0.0,0.0,0,-107875648.0,0,0.0,0,-107875648.0,-107877712.0,0,39322,17039,0,17054,0,17038,0,0,0,110,100,100,2.7302334150594743e+23,64.0,0.0,64.5,0.0,69.0,1,49,50,180,0,52429,0,0,0.0,0.0,0.0,0.0,-0.0,65.0,0.0,-15479596908544.0,0.0,645,0,689,0,0,0,718,0,790,0,710,0,690,0,645,0,642,0,615,0.032,55836672.0,-2.004,0.0,22160,16788,-0.0,-671122063360.0,-3.6094067059733e+28,-0.0,0.0,-8.872164383443124e+18,29.0,60.0,70,0.0,0.0,0.0,0.0,0.0,0.0,0.0,0.0,0.0,0.0,0.0,0.0,0.0,0.0,0.0,0.0,59.6,69,11,65508,41,65476,0,300,0,0,8,20529,65476,0,0,61604,60.0,0.0,0.0,0.0,0.0,0.0
2026-04-04T11:17:20,ERR,ERR,ERR,ERR,ERR,ERR,ERR,ERR,ERR,ERR,ERR,ERR,ERR,ERR,ERR,ERR,ERR,ERR,ERR,ERR,ERR,ERR,ERR,ERR,ERR,ERR,ERR,ERR,ERR,ERR,ERR,ERR,ERR,ERR,ERR,ERR,ERR,ERR,ERR,ERR,ERR,ERR,ERR,ERR,ERR,ERR,ERR,ERR,ERR,ERR,ERR,ERR,ERR,ERR,ERR,ERR,ERR,ERR,ERR,ERR,ERR,ERR,ERR,ERR,ERR,ERR,ERR,ERR,ERR,ERR,ERR,ERR,ERR,ERR,ERR,ERR,ERR,ERR,ERR,ERR,ERR,ERR,ERR,ERR,ERR,ERR,ERR,ERR,ERR,ERR,ERR,ERR,ERR,ERR,ERR,ERR,ERR,ERR,ERR,ERR,ERR,ERR,ERR,ERR,ERR,ERR,ERR,ERR,ERR,ERR,ERR,ERR,ERR,ERR,ERR,ERR,ERR,ERR,ERR,ERR,ERR,ERR,ERR,ERR,ERR,2.7184278591402704e+23,0.0,-0.0,0.0,0.0,0.0,0.0,nan,0,0,0,32768,0,0.0,0,0.0,0.0,0.0,0.0,0.0,0,0,0,0,0.0,0,0,0,0,0,0,0,0,0,0,0,0,0,0,0,0,0,0,0,0,0,0,0,0,0,0,0,0,0,0,0,0,0,0,0,0,0,0,0,0,0,0,0,0,0.0,0.0,0.0,0.0,0.0,0.0,0.0,0.0,0.0,0.0,0.0,0.0,0.0,0.0,0.0,0.0,0.0,0.0,0.0,0.0,0.0,0.0,-2.004,0.0,-2.004,2.004,0.0,0.0,0.0,0.0,3407.5,8608108544.0,0.0,0.0,0.0,-0.0,0.0,0.0,0.0,0.0,0.0,0,-0.0,-107614264.0,0.0,0.0,0.0,0.0,0.0,0.0,0.0,0,0,0,0.0,0.0,0.0,0.0,0.0,0.0,0.0,0.0,0.0,0.0,0.0,0.0,0.0,0.0,0.0,0.0,0,-107875648.0,0,0.0,0,-107875648.0,-107877712.0,0,39322,17039,0,17054,0,17038,0,0,0,110,100,100,2.7302334150594743e+23,64.0,0.0,64.5,0.0,69.0,1,49,50,180,0,52429,0,0,0.0,0.0,0.0,0.0,-0.0,65.0,0.0,-15479596908544.0,0.0,645,0,689,0,0,0,718,0,790,0,710,0,690,0,645,0,642,0,615,0.032,55836672.0,-2.004,0.0,22160,16788,-0.0,-671122063360.0,-3.6094067059733e+28,-0.0,0.0,-8.872164383443124e+18,29.0,60.0,70,0.0,0.0,0.0,0.0,0.0,0.0,0.0,0.0,0.0,0.0,0.0,0.0,0.0,0.0,0.0,0.0,59.2,69,11,65508,41,65476,0,300,0,0,8,20529,65476,0,0,61604,60.0,0.0,0.0,0.0,0.0,0.0
2026-04-04T11:17:21,ERR,ERR,ERR,ERR,ERR,ERR,ERR,ERR,ERR,ERR,ERR,ERR,ERR,ERR,ERR,ERR,ERR,ERR,ERR,ERR,ERR,ERR,ERR,ERR,ERR,ERR,ERR,ERR,ERR,ERR,ERR,ERR,ERR,ERR,ERR,ERR,ERR,ERR,ERR,ERR,ERR,ERR,ERR,ERR,ERR,ERR,ERR,ERR,ERR,ERR,ERR,ERR,ERR,ERR,ERR,ERR,ERR,ERR,ERR,ERR,ERR,ERR,ERR,ERR,ERR,ERR,ERR,ERR,ERR,ERR,ERR,ERR,ERR,ERR,ERR,ERR,ERR,ERR,ERR,ERR,ERR,ERR,ERR,ERR,ERR,ERR,ERR,ERR,ERR,ERR,ERR,ERR,ERR,ERR,ERR,ERR,ERR,ERR,ERR,ERR,ERR,ERR,ERR,ERR,ERR,ERR,ERR,ERR,ERR,ERR,ERR,ERR,ERR,ERR,ERR,ERR,ERR,ERR,ERR,ERR,ERR,ERR,ERR,ERR,ERR,2.7184278591402704e+23,0.0,-0.0,0.0,0.0,0.0,0.0,nan,0,0,0,32768,0,0.0,0,0.0,0.0,0.0,0.0,0.0,0,0,0,0,0.0,0,0,0,0,0,0,0,0,0,0,0,0,0,0,0,0,0,0,0,0,0,0,0,0,0,0,0,0,0,0,0,0,0,0,0,0,0,0,0,0,0,0,0,0,0.0,0.0,0.0,0.0,0.0,0.0,0.0,0.0,0.0,0.0,0.0,0.0,0.0,0.0,0.0,0.0,0.0,0.0,0.0,0.0,0.0,0.0,-2.004,0.0,-2.004,2.004,0.0,0.0,0.0,0.0,3407.5,8608108544.0,0.0,0.0,0.0,-0.0,0.0,0.0,0.0,0.0,0.0,0,-0.0,-107614264.0,0.0,0.0,0.0,0.0,0.0,0.0,0.0,0,0,0,0.0,0.0,0.0,0.0,0.0,0.0,0.0,0.0,0.0,0.0,0.0,0.0,0.0,0.0,0.0,0.0,0,-107875648.0,0,0.0,0,-107875648.0,-107877712.0,0,39322,17039,0,17054,0,17038,0,0,0,110,100,100,2.7302334150594743e+23,64.0,0.0,64.5,0.0,69.0,1,49,50,180,0,52429,0,0,0.0,0.0,0.0,0.0,-243978.031,65.0,0.0,-1.6960549228419714e+30,0.0,645,0,689,0,0,0,718,0,790,0,710,0,690,0,645,0,642,0,615,0.032,55574528.0,-2.004,0.0,16656,16788,-0.0,-3.8928916645907474e+27,7.789,85.624,4.648512360426379e+26,0.0,29.0,60.0,70,0.0,0.0,0.0,0.0,0.0,0.0,0.0,0.0,0.0,0.0,0.0,0.0,0.0,0.0,0.0,0.0,59.2,69,11,65508,41,65476,0,300,0,0,8,20529,65476,0,0,61604,60.0,0.0,0.0,0.0,0.0,0.0
2026-04-04T11:17:22,ERR,ERR,ERR,ERR,ERR,ERR,ERR,ERR,ERR,ERR,ERR,ERR,ERR,ERR,ERR,ERR,ERR,ERR,ERR,ERR,ERR,ERR,ERR,ERR,ERR,ERR,ERR,ERR,ERR,ERR,ERR,ERR,ERR,ERR,ERR,ERR,ERR,ERR,ERR,ERR,ERR,ERR,ERR,ERR,ERR,ERR,ERR,ERR,ERR,ERR,ERR,ERR,ERR,ERR,ERR,ERR,ERR,ERR,ERR,ERR,ERR,ERR,ERR,ERR,ERR,ERR,ERR,ERR,ERR,ERR,ERR,ERR,ERR,ERR,ERR,ERR,ERR,ERR,ERR,ERR,ERR,ERR,ERR,ERR,ERR,ERR,ERR,ERR,ERR,ERR,ERR,ERR,ERR,ERR,ERR,ERR,ERR,ERR,ERR,ERR,ERR,ERR,ERR,ERR,ERR,ERR,ERR,ERR,ERR,ERR,ERR,ERR,ERR,ERR,ERR,ERR,ERR,ERR,ERR,ERR,ERR,ERR,ERR,ERR,ERR,2.7184278591402704e+23,0.0,-0.0,0.0,0.0,0.0,0.0,nan,0,0,0,32768,0,0.0,0,0.0,0.0,0.0,0.0,0.0,0,0,0,0,0.0,0,0,0,0,0,0,0,0,0,0,0,0,0,0,0,0,0,0,0,0,0,0,0,0,0,0,0,0,0,0,0,0,0,0,0,0,0,0,0,0,0,0,0,0,0.0,0.0,0.0,0.0,0.0,0.0,0.0,0.0,0.0,0.0,0.0,0.0,0.0,0.0,0.0,0.0,0.0,0.0,0.0,0.0,0.0,0.0,-2.004,0.0,-2.004,2.004,0.0,0.0,0.0,0.0,3407.5,8608108544.0,0.0,0.0,0.0,-0.0,0.0,0.0,0.0,0.0,0.0,0,-0.0,-107614264.0,0.0,0.0,0.0,0.0,0.0,0.0,0.0,0,0,0,0.0,0.0,0.0,0.0,0.0,0.0,0.0,0.0,0.0,0.0,0.0,0.0,0.0,0.0,0.0,0.0,0,-107875648.0,0,0.0,0,-107875648.0,-107877712.0,0,39322,17039,0,17054,0,17038,0,0,0,110,100,100,2.7302334150594743e+23,64.0,0.0,64.5,0.0,69.0,1,49,50,180,0,52429,0,0,0.0,0.0,0.0,0.0,-243978.031,65.0,0.0,-1.6960549228419714e+30,0.0,645,0,689,0,0,0,718,0,790,0,710,0,690,0,645,0,642,0,615,0.032,55574528.0,-2.004,0.0,16656,16788,-0.0,-3.8928916645907474e+27,7.789,85.624,4.648512360426379e+26,0.0,29.0,60.0,70,0.0,0.0,0.0,0.0,0.0,0.0,0.0,0.0,0.0,0.0,0.0,0.0,0.0,0.0,0.0,0.0,59.2,69,11,65508,41,65476,0,300,0,0,8,20529,65476,0,0,61604,60.0,0.0,0.0,0.0,0.0,0.0
2026-04-04T11:17:23,ERR,ERR,ERR,ERR,ERR,ERR,ERR,ERR,ERR,ERR,ERR,ERR,ERR,ERR,ERR,ERR,ERR,ERR,ERR,ERR,ERR,ERR,ERR,ERR,ERR,ERR,ERR,ERR,ERR,ERR,ERR,ERR,ERR,ERR,ERR,ERR,ERR,ERR,ERR,ERR,ERR,ERR,ERR,ERR,ERR,ERR,ERR,ERR,ERR,ERR,ERR,ERR,ERR,ERR,ERR,ERR,ERR,ERR,ERR,ERR,ERR,ERR,ERR,ERR,ERR,ERR,ERR,ERR,ERR,ERR,ERR,ERR,ERR,ERR,ERR,ERR,ERR,ERR,ERR,ERR,ERR,ERR,ERR,ERR,ERR,ERR,ERR,ERR,ERR,ERR,ERR,ERR,ERR,ERR,ERR,ERR,ERR,ERR,ERR,ERR,ERR,ERR,ERR,ERR,ERR,ERR,ERR,ERR,ERR,ERR,ERR,ERR,ERR,ERR,ERR,ERR,ERR,ERR,ERR,ERR,ERR,ERR,ERR,ERR,ERR,2.7184278591402704e+23,0.0,-0.0,0.0,0.0,0.0,0.0,nan,0,0,0,32768,0,0.0,0,0.0,0.0,0.0,0.0,0.0,0,0,0,0,0.0,0,0,0,0,0,0,0,0,0,0,0,0,0,0,0,0,0,0,0,0,0,0,0,0,0,0,0,0,0,0,0,0,0,0,0,0,0,0,0,0,0,0,0,0,0.0,0.0,0.0,0.0,0.0,0.0,0.0,0.0,0.0,0.0,0.0,0.0,0.0,0.0,0.0,0.0,0.0,0.0,0.0,0.0,0.0,0.0,-2.004,0.0,-2.004,2.004,0.0,0.0,0.0,0.0,3407.5,8608108544.0,0.0,0.0,0.0,-0.0,0.0,0.0,0.0,0.0,0.0,0,-0.0,-107614264.0,0.0,0.0,0.0,0.0,0.0,0.0,0.0,0,0,0,0.0,0.0,0.0,0.0,0.0,0.0,0.0,0.0,0.0,0.0,0.0,0.0,0.0,0.0,0.0,0.0,0,-107875648.0,0,0.0,0,-107875648.0,-107877712.0,0,39322,17039,0,17054,0,17038,0,0,0,110,100,100,2.7302334150594743e+23,64.0,0.0,64.5,0.0,69.0,1,49,50,180,0,52429,0,0,0.0,0.0,0.0,0.0,-243978.031,65.0,0.0,-1.6960549228419714e+30,0.0,645,0,689,0,0,0,718,0,790,0,710,0,690,0,645,0,642,0,615,0.032,55574528.0,-2.004,0.0,16656,16788,-0.0,-3.8928916645907474e+27,7.789,85.624,4.648512360426379e+26,0.0,29.0,60.0,70,0.0,0.0,0.0,0.0,0.0,0.0,0.0,0.0,0.0,0.0,0.0,0.0,0.0,0.0,0.0,0.0,59.2,69,11,65508,41,65476,0,300,0,0,8,20529,65476,0,0,61604,60.0,0.0,0.0,0.0,0.0,0.0
2026-04-04T11:17:24,ERR,ERR,ERR,ERR,ERR,ERR,ERR,ERR,ERR,ERR,ERR,ERR,ERR,ERR,ERR,ERR,ERR,ERR,ERR,ERR,ERR,ERR,ERR,ERR,ERR,ERR,ERR,ERR,ERR,ERR,ERR,ERR,ERR,ERR,ERR,ERR,ERR,ERR,ERR,ERR,ERR,ERR,ERR,ERR,ERR,ERR,ERR,ERR,ERR,ERR,ERR,ERR,ERR,ERR,ERR,ERR,ERR,ERR,ERR,ERR,ERR,ERR,ERR,ERR,ERR,ERR,ERR,ERR,ERR,ERR,ERR,ERR,ERR,ERR,ERR,ERR,ERR,ERR,ERR,ERR,ERR,ERR,ERR,ERR,ERR,ERR,ERR,ERR,ERR,ERR,ERR,ERR,ERR,ERR,ERR,ERR,ERR,ERR,ERR,ERR,ERR,ERR,ERR,ERR,ERR,ERR,ERR,ERR,ERR,ERR,ERR,ERR,ERR,ERR,ERR,ERR,ERR,ERR,ERR,ERR,ERR,ERR,ERR,ERR,ERR,2.7184278591402704e+23,0.0,-0.0,0.0,0.0,0.0,0.0,nan,0,0,0,32768,0,0.0,0,0.0,0.0,0.0,0.0,0.0,0,0,0,0,0.0,0,0,0,0,0,0,0,0,0,0,0,0,0,0,0,0,0,0,0,0,0,0,0,0,0,0,0,0,0,0,0,0,0,0,0,0,0,0,0,0,0,0,0,0,0.0,0.0,0.0,0.0,0.0,0.0,0.0,0.0,0.0,0.0,0.0,0.0,0.0,0.0,0.0,0.0,0.0,0.0,0.0,0.0,0.0,0.0,-2.004,0.0,-2.004,2.004,0.0,0.0,0.0,0.0,3407.5,8608108544.0,0.0,0.0,0.0,-0.0,0.0,0.0,0.0,0.0,0.0,0,-0.0,-107614264.0,0.0,0.0,0.0,0.0,0.0,0.0,0.0,0,0,0,0.0,0.0,0.0,0.0,0.0,0.0,0.0,0.0,0.0,0.0,0.0,0.0,0.0,0.0,0.0,0.0,0,-107875648.0,0,0.0,0,-107875648.0,-107877712.0,0,39322,17039,0,17054,0,17038,0,0,0,110,100,100,2.7302334150594743e+23,64.0,0.0,64.5,0.0,69.0,1,49,50,180,0,52429,0,0,0.0,0.0,0.0,0.0,-243978.031,65.0,0.0,-1.6960549228419714e+30,0.0,645,0,689,0,0,0,718,0,790,0,710,0,690,0,645,0,642,0,615,0.032,55574528.0,-2.004,0.0,16656,16788,-0.0,-3.8928916645907474e+27,7.789,85.624,4.648512360426379e+26,0.0,29.0,60.0,70,0.0,0.0,0.0,0.0,0.0,0.0,0.0,0.0,0.0,0.0,0.0,0.0,0.0,0.0,0.0,0.0,59.2,69,11,65508,41,65476,0,300,0,0,8,20529,65476,0,0,61604,60.0,0.0,0.0,0.0,0.0,0.0
2026-04-04T11:17:25,ERR,ERR,ERR,ERR,ERR,ERR,ERR,ERR,ERR,ERR,ERR,ERR,ERR,ERR,ERR,ERR,ERR,ERR,ERR,ERR,ERR,ERR,ERR,ERR,ERR,ERR,ERR,ERR,ERR,ERR,ERR,ERR,ERR,ERR,ERR,ERR,ERR,ERR,ERR,ERR,ERR,ERR,ERR,ERR,ERR,ERR,ERR,ERR,ERR,ERR,ERR,ERR,ERR,ERR,ERR,ERR,ERR,ERR,ERR,ERR,ERR,ERR,ERR,ERR,ERR,ERR,ERR,ERR,ERR,ERR,ERR,ERR,ERR,ERR,ERR,ERR,ERR,ERR,ERR,ERR,ERR,ERR,ERR,ERR,ERR,ERR,ERR,ERR,ERR,ERR,ERR,ERR,ERR,ERR,ERR,ERR,ERR,ERR,ERR,ERR,ERR,ERR,ERR,ERR,ERR,ERR,ERR,ERR,ERR,ERR,ERR,ERR,ERR,ERR,ERR,ERR,ERR,ERR,ERR,ERR,ERR,ERR,ERR,ERR,ERR,0.0,0.0,-101055584.0,0.0,0.0,0.0,0.0,nan,0,0,0,32768,0,0.0,0,0.0,0.0,0.0,0.0,0.0,0,0,0,0,0.0,0,0,0,0,0,0,0,0,0,0,0,0,0,0,0,0,0,0,0,0,0,0,0,0,0,0,0,0,0,0,0,0,0,0,0,0,0,0,0,0,0,0,0,0,0.0,0.0,0.0,0.0,0.0,0.0,0.0,0.0,0.0,0.0,0.0,0.0,0.0,0.0,0.0,0.0,0.0,0.0,0.0,0.0,0.0,0.0,0.0,0.0,-2.004,2.004,0.0,0.0,0.0,0.0,3377.5,-2.004,0.0,2.7184278591402704e+23,0.0,-0.0,0.0,0.0,0.0,0.0,0.0,0,-0.0,-0.0,0.0,0.0,0.0,0.0,0.0,0.0,0.0,0,0,0,0.0,0.0,0.0,0.0,0.0,0.0,0.0,0.0,0.0,0.0,0.0,0.0,0.0,0.0,0.0,0.0,0,-107875648.0,0,0.0,0,-107875648.0,-107877712.0,0,39322,17039,0,17054,0,17038,0,0,0,110,100,100,2.7302334150594743e+23,64.0,0.0,64.5,0.0,69.0,1,49,50,180,0,52429,0,0,0.0,0.0,0.0,0.0,-243978.031,65.0,0.0,-1.6960549228419714e+30,0.0,645,0,689,0,0,0,718,0,790,0,710,0,690,0,645,0,642,0,615,0.032,55574528.0,-2.004,0.0,16656,16788,-0.0,-3.8928916645907474e+27,7.789,85.624,4.648512360426379e+26,0.0,29.0,60.0,70,0.0,0.0,0.0,0.0,0.0,0.0,0.0,0.0,0.0,0.0,0.0,0.0,0.0,0.0,0.0,0.0,59.2,69,11,65508,41,65476,0,300,0,0,8,20529,65476,0,0,61604,60.0,0.0,0.0,0.0,0.0,0.0
2026-04-04T11:17:26,ERR,ERR,ERR,ERR,ERR,ERR,ERR,ERR,ERR,ERR,ERR,ERR,ERR,ERR,ERR,ERR,ERR,ERR,ERR,ERR,ERR,ERR,ERR,ERR,ERR,ERR,ERR,ERR,ERR,ERR,ERR,ERR,ERR,ERR,ERR,ERR,ERR,ERR,ERR,ERR,ERR,ERR,ERR,ERR,ERR,ERR,ERR,ERR,ERR,ERR,ERR,ERR,ERR,ERR,ERR,ERR,ERR,ERR,ERR,ERR,ERR,ERR,ERR,ERR,ERR,ERR,ERR,ERR,ERR,ERR,ERR,ERR,ERR,ERR,ERR,ERR,ERR,ERR,ERR,ERR,ERR,ERR,ERR,ERR,ERR,ERR,ERR,ERR,ERR,ERR,ERR,ERR,ERR,ERR,ERR,ERR,ERR,ERR,ERR,ERR,ERR,ERR,ERR,ERR,ERR,ERR,ERR,ERR,ERR,ERR,ERR,ERR,ERR,ERR,ERR,ERR,ERR,ERR,ERR,ERR,ERR,ERR,ERR,ERR,ERR,0.0,0.0,-101055584.0,0.0,0.0,0.0,0.0,nan,0,0,0,32768,0,0.0,0,0.0,0.0,0.0,0.0,0.0,0,0,0,0,0.0,0,0,0,0,0,0,0,0,0,0,0,0,0,0,0,0,0,0,0,0,0,0,0,0,0,0,0,0,0,0,0,0,0,0,0,0,0,0,0,0,0,0,0,0,0.0,0.0,0.0,0.0,0.0,0.0,0.0,0.0,0.0,0.0,0.0,0.0,0.0,0.0,0.0,0.0,0.0,0.0,0.0,0.0,0.0,0.0,0.0,0.0,-2.004,2.004,0.0,0.0,0.0,0.0,3377.5,-2.004,0.0,2.7184278591402704e+23,0.0,-0.0,0.0,0.0,0.0,0.0,0.0,0,-0.0,-0.0,0.0,0.0,0.0,0.0,0.0,0.0,0.0,0,0,0,0.0,0.0,0.0,0.0,0.0,0.0,0.0,0.0,0.0,0.0,0.0,0.0,0.0,0.0,0.0,0.0,0,-107875648.0,0,0.0,0,-107875648.0,-107877712.0,0,39322,17039,0,17054,0,17038,0,0,0,110,100,100,2.7302334150594743e+23,64.0,0.0,64.5,0.0,69.0,1,49,50,180,0,52429,0,0,0.0,0.0,0.0,0.0,-0.0,65.0,0.0,-898335225413632.0,0.0,645,0,689,0,0,0,718,0,790,0,710,0,690,0,645,0,642,0,615,0.032,56098816.0,-2.004,0.0,12688,16788,-0.107,8.276845077232874e+36,-0.0,0.0,-0.0,-0.0,29.0,60.0,70,0.0,0.0,0.0,0.0,0.0,0.0,0.0,0.0,0.0,0.0,0.0,0.0,0.0,0.0,0.0,0.0,59.2,69,11,65508,41,65476,0,300,0,0,8,20529,65476,0,0,61604,60.0,0.0,0.0,0.0,0.0,0.0
2026-04-04T11:17:27,ERR,ERR,ERR,ERR,ERR,ERR,ERR,ERR,ERR,ERR,ERR,ERR,ERR,ERR,ERR,ERR,ERR,ERR,ERR,ERR,ERR,ERR,ERR,ERR,ERR,ERR,ERR,ERR,ERR,ERR,ERR,ERR,ERR,ERR,ERR,ERR,ERR,ERR,ERR,ERR,ERR,ERR,ERR,ERR,ERR,ERR,ERR,ERR,ERR,ERR,ERR,ERR,ERR,ERR,ERR,ERR,ERR,ERR,ERR,ERR,ERR,ERR,ERR,ERR,ERR,ERR,ERR,ERR,ERR,ERR,ERR,ERR,ERR,ERR,ERR,ERR,ERR,ERR,ERR,ERR,ERR,ERR,ERR,ERR,ERR,ERR,ERR,ERR,ERR,ERR,ERR,ERR,ERR,ERR,ERR,ERR,ERR,ERR,ERR,ERR,ERR,ERR,ERR,ERR,ERR,ERR,ERR,ERR,ERR,ERR,ERR,ERR,ERR,ERR,ERR,ERR,ERR,ERR,ERR,ERR,ERR,ERR,ERR,ERR,ERR,0.0,0.0,-101055584.0,0.0,0.0,0.0,0.0,nan,0,0,0,32768,0,0.0,0,0.0,0.0,0.0,0.0,0.0,0,0,0,0,0.0,0,0,0,0,0,0,0,0,0,0,0,0,0,0,0,0,0,0,0,0,0,0,0,0,0,0,0,0,0,0,0,0,0,0,0,0,0,0,0,0,0,0,0,0,0.0,0.0,0.0,0.0,0.0,0.0,0.0,0.0,0.0,0.0,0.0,0.0,0.0,0.0,0.0,0.0,0.0,0.0,0.0,0.0,0.0,0.0,0.0,0.0,-2.004,2.004,0.0,0.0,0.0,0.0,3377.5,-2.004,0.0,2.7184278591402704e+23,0.0,-0.0,0.0,0.0,0.0,0.0,0.0,0,-0.0,-0.0,0.0,0.0,0.0,0.0,0.0,0.0,0.0,0,0,0,0.0,0.0,0.0,0.0,0.0,0.0,0.0,0.0,0.0,0.0,0.0,0.0,0.0,0.0,0.0,0.0,0,-107875648.0,0,0.0,0,-107875648.0,-107877712.0,0,39322,17039,0,17054,0,17038,0,0,0,110,100,100,2.7302334150594743e+23,64.0,0.0,64.5,0.0,69.0,1,49,50,180,0,52429,0,0,0.0,0.0,0.0,0.0,-0.0,65.0,0.0,-898335225413632.0,0.0,645,0,689,0,0,0,718,0,790,0,710,0,690,0,645,0,642,0,615,0.032,56098816.0,-2.004,0.0,12688,16788,-0.107,8.276845077232874e+36,-0.0,0.0,-0.0,-0.0,29.0,60.0,70,0.0,0.0,0.0,0.0,0.0,0.0,0.0,0.0,0.0,0.0,0.0,0.0,0.0,0.0,0.0,0.0,59.6,69,11,65508,41,65476,0,300,0,0,8,20529,65476,0,0,61604,60.0,0.0,0.0,0.0,0.0,0.0
2026-04-04T11:17:28,ERR,ERR,ERR,ERR,ERR,ERR,ERR,ERR,ERR,ERR,ERR,ERR,ERR,ERR,ERR,ERR,ERR,ERR,ERR,ERR,ERR,ERR,ERR,ERR,ERR,ERR,ERR,ERR,ERR,ERR,ERR,ERR,ERR,ERR,ERR,ERR,ERR,ERR,ERR,ERR,ERR,ERR,ERR,ERR,ERR,ERR,ERR,ERR,ERR,ERR,ERR,ERR,ERR,ERR,ERR,ERR,ERR,ERR,ERR,ERR,ERR,ERR,ERR,ERR,ERR,ERR,ERR,ERR,ERR,ERR,ERR,ERR,ERR,ERR,ERR,ERR,ERR,ERR,ERR,ERR,ERR,ERR,ERR,ERR,ERR,ERR,ERR,ERR,ERR,ERR,ERR,ERR,ERR,ERR,ERR,ERR,ERR,ERR,ERR,ERR,ERR,ERR,ERR,ERR,ERR,ERR,ERR,ERR,ERR,ERR,ERR,ERR,ERR,ERR,ERR,ERR,ERR,ERR,ERR,ERR,ERR,ERR,ERR,ERR,ERR,0.0,0.0,-101055584.0,0.0,0.0,0.0,0.0,nan,0,0,0,32768,0,0.0,0,0.0,0.0,0.0,0.0,0.0,0,0,0,0,0.0,0,0,0,0,0,0,0,0,0,0,0,0,0,0,0,0,0,0,0,0,0,0,0,0,0,0,0,0,0,0,0,0,0,0,0,0,0,0,0,0,0,0,0,0,0.0,0.0,0.0,0.0,0.0,0.0,0.0,0.0,0.0,0.0,0.0,0.0,0.0,0.0,0.0,0.0,0.0,0.0,0.0,0.0,0.0,0.0,0.0,0.0,-2.004,2.004,0.0,0.0,0.0,0.0,3377.5,-2.004,0.0,2.7184278591402704e+23,0.0,-0.0,0.0,0.0,0.0,0.0,0.0,0,-0.0,-0.0,0.0,0.0,0.0,0.0,0.0,0.0,0.0,0,0,0,0.0,0.0,0.0,0.0,0.0,0.0,0.0,0.0,0.0,0.0,0.0,0.0,0.0,0.0,0.0,0.0,0,-107875648.0,0,0.0,0,-107875648.0,-107877712.0,0,39322,17039,0,17054,0,17038,0,0,0,110,100,100,2.7302334150594743e+23,64.0,0.0,64.5,0.0,69.0,1,49,50,180,0,52429,0,0,0.0,0.0,0.0,0.0,-0.0,65.0,0.0,-898335225413632.0,0.0,645,0,689,0,0,0,718,0,790,0,710,0,690,0,645,0,642,0,615,0.032,56098816.0,-2.004,0.0,12688,16788,-0.107,8.276845077232874e+36,-0.0,0.0,-0.0,-0.0,29.0,60.0,70,0.0,0.0,0.0,0.0,0.0,0.0,0.0,0.0,0.0,0.0,0.0,0.0,0.0,0.0,0.0,0.0,59.6,69,11,65508,41,65476,0,300,0,0,8,20529,65476,0,0,61604,60.0,0.0,0.0,0.0,0.0,0.0
2026-04-04T11:17:29,ERR,ERR,ERR,ERR,ERR,ERR,ERR,ERR,ERR,ERR,ERR,ERR,ERR,ERR,ERR,ERR,ERR,ERR,ERR,ERR,ERR,ERR,ERR,ERR,ERR,ERR,ERR,ERR,ERR,ERR,ERR,ERR,ERR,ERR,ERR,ERR,ERR,ERR,ERR,ERR,ERR,ERR,ERR,ERR,ERR,ERR,ERR,ERR,ERR,ERR,ERR,ERR,ERR,ERR,ERR,ERR,ERR,ERR,ERR,ERR,ERR,ERR,ERR,ERR,ERR,ERR,ERR,ERR,ERR,ERR,ERR,ERR,ERR,ERR,ERR,ERR,ERR,ERR,ERR,ERR,ERR,ERR,ERR,ERR,ERR,ERR,ERR,ERR,ERR,ERR,ERR,ERR,ERR,ERR,ERR,ERR,ERR,ERR,ERR,ERR,ERR,ERR,ERR,ERR,ERR,ERR,ERR,ERR,ERR,ERR,ERR,ERR,ERR,ERR,ERR,ERR,ERR,ERR,ERR,ERR,ERR,ERR,ERR,ERR,ERR,0.0,0.0,-101055584.0,0.0,0.0,0.0,0.0,nan,0,0,0,32768,0,0.0,0,0.0,0.0,0.0,0.0,0.0,0,0,0,0,0.0,0,0,0,0,0,0,0,0,0,0,0,0,0,0,0,0,0,0,0,0,0,0,0,0,0,0,0,0,0,0,0,0,0,0,0,0,0,0,0,0,0,0,0,0,0.0,0.0,0.0,0.0,0.0,0.0,0.0,0.0,0.0,0.0,0.0,0.0,0.0,0.0,0.0,0.0,0.0,0.0,0.0,0.0,0.0,0.0,0.0,0.0,-2.004,2.004,0.0,0.0,0.0,0.0,3377.5,-2.004,0.0,2.7184278591402704e+23,0.0,-0.0,0.0,0.0,0.0,0.0,0.0,0,-0.0,-0.0,0.0,0.0,0.0,0.0,0.0,0.0,0.0,0,0,0,0.0,0.0,0.0,0.0,0.0,0.0,0.0,0.0,0.0,0.0,0.0,0.0,0.0,0.0,0.0,0.0,0,-107875648.0,0,0.0,0,-107875648.0,-107877712.0,0,39322,17039,0,17054,0,17038,0,0,0,110,100,100,2.7302334150594743e+23,64.0,0.0,64.5,0.0,69.0,1,49,50,180,0,52429,0,0,0.0,0.0,0.0,0.0,-0.0,65.0,0.0,-898335225413632.0,0.0,645,0,689,0,0,0,718,0,790,0,710,0,690,0,645,0,642,0,615,0.032,56098816.0,-2.004,0.0,12688,16788,-0.107,8.276845077232874e+36,-0.0,0.0,-0.0,-0.0,29.0,60.0,70,0.0,0.0,0.0,0.0,0.0,0.0,0.0,0.0,0.0,0.0,0.0,0.0,0.0,0.0,0.0,0.0,59.6,69,11,65508,41,65476,0,300,0,0,8,20529,65476,0,0,61604,60.0,0.0,0.0,0.0,0.0,0.0
2026-04-04T11:17:30,ERR,ERR,ERR,ERR,ERR,ERR,ERR,ERR,ERR,ERR,ERR,ERR,ERR,ERR,ERR,ERR,ERR,ERR,ERR,ERR,ERR,ERR,ERR,ERR,ERR,ERR,ERR,ERR,ERR,ERR,ERR,ERR,ERR,ERR,ERR,ERR,ERR,ERR,ERR,ERR,ERR,ERR,ERR,ERR,ERR,ERR,ERR,ERR,ERR,ERR,ERR,ERR,ERR,ERR,ERR,ERR,ERR,ERR,ERR,ERR,ERR,ERR,ERR,ERR,ERR,ERR,ERR,ERR,ERR,ERR,ERR,ERR,ERR,ERR,ERR,ERR,ERR,ERR,ERR,ERR,ERR,ERR,ERR,ERR,ERR,ERR,ERR,ERR,ERR,ERR,ERR,ERR,ERR,ERR,ERR,ERR,ERR,ERR,ERR,ERR,ERR,ERR,ERR,ERR,ERR,ERR,ERR,ERR,ERR,ERR,ERR,ERR,ERR,ERR,ERR,ERR,ERR,ERR,ERR,ERR,ERR,ERR,ERR,ERR,ERR,0.0,0.0,-101055584.0,0.0,0.0,0.0,0.0,nan,0,0,0,32768,0,0.0,0,0.0,0.0,0.0,0.0,0.0,0,0,0,0,0.0,0,0,0,0,0,0,0,0,0,0,0,0,0,0,0,0,0,0,0,0,0,0,0,0,0,0,0,0,0,0,0,0,0,0,0,0,0,0,0,0,0,0,0,0,0.0,0.0,0.0,0.0,0.0,0.0,0.0,0.0,0.0,0.0,0.0,0.0,0.0,0.0,0.0,0.0,0.0,0.0,0.0,0.0,0.0,0.0,0.0,0.0,-2.004,2.004,0.0,0.0,0.0,0.0,3377.5,-2.004,0.0,2.7184278591402704e+23,0.0,-0.0,0.0,0.0,0.0,0.0,0.0,0,-0.0,-0.0,0.0,0.0,0.0,0.0,0.0,0.0,0.0,0,0,0,0.0,0.0,0.0,0.0,0.0,0.0,0.0,0.0,0.0,0.0,0.0,0.0,0.0,0.0,0.0,0.0,0,-107875648.0,0,0.0,0,-107875648.0,-107877712.0,0,39322,17039,0,17054,0,17038,0,0,0,110,100,100,2.7302334150594743e+23,64.0,0.0,64.5,0.0,69.0,1,49,50,180,0,52429,0,0,0.0,0.0,0.0,0.0,-0.0,65.0,0.0,-898335225413632.0,0.0,645,0,689,0,0,0,718,0,790,0,710,0,690,0,645,0,642,0,615,0.032,56098816.0,-2.004,0.0,12688,16788,-0.107,8.276845077232874e+36,-0.0,0.0,-0.0,-0.0,29.0,60.0,70,0.0,0.0,0.0,0.0,0.0,0.0,0.0,0.0,0.0,0.0,0.0,0.0,0.0,0.0,0.0,0.0,59.6,69,11,65508,41,65476,0,300,0,0,8,20529,65476,0,0,61604,60.0,0.0,0.0,0.0,0.0,0.0
2026-04-04T11:17:31,ERR,ERR,ERR,ERR,ERR,ERR,ERR,ERR,ERR,ERR,ERR,ERR,ERR,ERR,ERR,ERR,ERR,ERR,ERR,ERR,ERR,ERR,ERR,ERR,ERR,ERR,ERR,ERR,ERR,ERR,ERR,ERR,ERR,ERR,ERR,ERR,ERR,ERR,ERR,ERR,ERR,ERR,ERR,ERR,ERR,ERR,ERR,ERR,ERR,ERR,ERR,ERR,ERR,ERR,ERR,ERR,ERR,ERR,ERR,ERR,ERR,ERR,ERR,ERR,ERR,ERR,ERR,ERR,ERR,ERR,ERR,ERR,ERR,ERR,ERR,ERR,ERR,ERR,ERR,ERR,ERR,ERR,ERR,ERR,ERR,ERR,ERR,ERR,ERR,ERR,ERR,ERR,ERR,ERR,ERR,ERR,ERR,ERR,ERR,ERR,ERR,ERR,ERR,ERR,ERR,ERR,ERR,ERR,ERR,ERR,ERR,ERR,ERR,ERR,ERR,ERR,ERR,ERR,ERR,ERR,ERR,ERR,ERR,ERR,ERR,2.7184278591402704e+23,0.0,-0.0,0.0,0.0,0.0,0.0,nan,0,0,0,32768,0,0.0,0,0.0,0.0,0.0,0.0,0.0,0,0,0,0,0.0,0,0,0,0,0,0,0,0,0,0,0,0,0,0,0,0,0,0,0,0,0,0,0,0,0,0,0,0,0,0,0,0,0,0,0,0,0,0,0,0,0,0,0,0,0.0,0.0,0.0,0.0,0.0,0.0,0.0,0.0,0.0,0.0,0.0,0.0,0.0,0.0,0.0,0.0,0.0,0.0,0.0,0.0,0.0,0.0,-2.004,0.0,-2.004,2.004,0.0,0.0,0.0,0.0,3378.5,-8608107520.0,0.0,2.7184278591402704e+23,0.0,-0.0,0.0,0.0,0.0,0.0,0.0,0,-0.0,-0.0,0.0,0.0,0.0,0.0,0.0,0.0,0.0,0,0,0,0.0,0.0,0.0,0.0,0.0,0.0,0.0,0.0,0.0,0.0,0.0,0.0,0.0,0.0,0.0,0.0,0,-107875648.0,0,0.0,0,-107875648.0,-107877712.0,0,39322,17039,0,17054,0,17038,0,0,0,110,100,100,2.7302334150594743e+23,64.0,0.0,64.9,-107615304.0,69.0,1,49,50,180,0,52429,0,0,0.0,0.0,0.0,0.0,-0.003,65.0,0.0,-1.345856993230848e+16,0.0,646,0,689,0,0,0,718,0,790,0,710,0,690,0,645,0,642,0,615,0.032,55574528.0,-2.004,0.0,17168,16788,-0.003,-1.345856993230848e+16,34.063,115585564278784.0,2.1882327671057306e+27,0.0,29.0,60.0,70,0.0,0.0,0.0,0.0,0.0,0.0,0.0,0.0,0.0,0.0,0.0,0.0,0.0,0.0,0.0,0.0,59.6,69,11,65508,41,65476,0,300,0,0,8,20529,65476,0,0,61604,60.0,0.0,0.0,0.0,0.0,0.0
2026-04-04T11:17:32,ERR,ERR,ERR,ERR,ERR,ERR,ERR,ERR,ERR,ERR,ERR,ERR,ERR,ERR,ERR,ERR,ERR,ERR,ERR,ERR,ERR,ERR,ERR,ERR,ERR,ERR,ERR,ERR,ERR,ERR,ERR,ERR,ERR,ERR,ERR,ERR,ERR,ERR,ERR,ERR,ERR,ERR,ERR,ERR,ERR,ERR,ERR,ERR,ERR,ERR,ERR,ERR,ERR,ERR,ERR,ERR,ERR,ERR,ERR,ERR,ERR,ERR,ERR,ERR,ERR,ERR,ERR,ERR,ERR,ERR,ERR,ERR,ERR,ERR,ERR,ERR,ERR,ERR,ERR,ERR,ERR,ERR,ERR,ERR,ERR,ERR,ERR,ERR,ERR,ERR,ERR,ERR,ERR,ERR,ERR,ERR,ERR,ERR,ERR,ERR,ERR,ERR,ERR,ERR,ERR,ERR,ERR,ERR,ERR,ERR,ERR,ERR,ERR,ERR,ERR,ERR,ERR,ERR,ERR,ERR,ERR,ERR,ERR,ERR,ERR,2.7184278591402704e+23,0.0,-0.0,0.0,0.0,0.0,0.0,nan,0,0,0,32768,0,0.0,0,0.0,0.0,0.0,0.0,0.0,0,0,0,0,0.0,0,0,0,0,0,0,0,0,0,0,0,0,0,0,0,0,0,0,0,0,0,0,0,0,0,0,0,0,0,0,0,0,0,0,0,0,0,0,0,0,0,0,0,0,0.0,0.0,0.0,0.0,0.0,0.0,0.0,0.0,0.0,0.0,0.0,0.0,0.0,0.0,0.0,0.0,0.0,0.0,0.0,0.0,0.0,0.0,-2.004,0.0,-2.004,2.004,0.0,0.0,0.0,0.0,3378.5,-8608107520.0,0.0,2.7184278591402704e+23,0.0,-0.0,0.0,0.0,0.0,0.0,0.0,0,-0.0,-0.0,0.0,0.0,0.0,0.0,0.0,0.0,0.0,0,0,0,0.0,0.0,0.0,0.0,0.0,0.0,0.0,0.0,0.0,0.0,0.0,0.0,0.0,0.0,0.0,0.0,0,-107875648.0,0,0.0,0,-107875648.0,-107877712.0,0,39322,17039,0,17054,0,17038,0,0,0,110,100,100,2.7302334150594743e+23,64.0,0.0,64.9,-107615304.0,69.0,1,49,50,180,0,52429,0,0,0.0,0.0,0.0,0.0,-0.003,65.0,0.0,-1.345856993230848e+16,0.0,646,0,689,0,0,0,718,0,790,0,710,0,690,0,645,0,642,0,615,0.032,55574528.0,-2.004,0.0,17168,16788,-0.003,-1.345856993230848e+16,34.063,115585564278784.0,2.1882327671057306e+27,0.0,29.0,60.0,70,0.0,0.0,0.0,0.0,0.0,0.0,0.0,0.0,0.0,0.0,0.0,0.0,0.0,0.0,0.0,0.0,59.2,69,11,65508,41,65476,0,300,0,0,8,20529,65476,0,0,61604,60.0,0.0,0.0,0.0,0.0,0.0
2026-04-04T11:17:33,ERR,ERR,ERR,ERR,ERR,ERR,ERR,ERR,ERR,ERR,ERR,ERR,ERR,ERR,ERR,ERR,ERR,ERR,ERR,ERR,ERR,ERR,ERR,ERR,ERR,ERR,ERR,ERR,ERR,ERR,ERR,ERR,ERR,ERR,ERR,ERR,ERR,ERR,ERR,ERR,ERR,ERR,ERR,ERR,ERR,ERR,ERR,ERR,ERR,ERR,ERR,ERR,ERR,ERR,ERR,ERR,ERR,ERR,ERR,ERR,ERR,ERR,ERR,ERR,ERR,ERR,ERR,ERR,ERR,ERR,ERR,ERR,ERR,ERR,ERR,ERR,ERR,ERR,ERR,ERR,ERR,ERR,ERR,ERR,ERR,ERR,ERR,ERR,ERR,ERR,ERR,ERR,ERR,ERR,ERR,ERR,ERR,ERR,ERR,ERR,ERR,ERR,ERR,ERR,ERR,ERR,ERR,ERR,ERR,ERR,ERR,ERR,ERR,ERR,ERR,ERR,ERR,ERR,ERR,ERR,ERR,ERR,ERR,ERR,ERR,2.7184278591402704e+23,0.0,-0.0,0.0,0.0,0.0,0.0,nan,0,0,0,32768,0,0.0,0,0.0,0.0,0.0,0.0,0.0,0,0,0,0,0.0,0,0,0,0,0,0,0,0,0,0,0,0,0,0,0,0,0,0,0,0,0,0,0,0,0,0,0,0,0,0,0,0,0,0,0,0,0,0,0,0,0,0,0,0,0.0,0.0,0.0,0.0,0.0,0.0,0.0,0.0,0.0,0.0,0.0,0.0,0.0,0.0,0.0,0.0,0.0,0.0,0.0,0.0,0.0,0.0,-2.004,0.0,-2.004,2.004,0.0,0.0,0.0,0.0,3378.5,-8608107520.0,0.0,2.7184278591402704e+23,0.0,-0.0,0.0,0.0,0.0,0.0,0.0,0,-0.0,-0.0,0.0,0.0,0.0,0.0,0.0,0.0,0.0,0,0,0,0.0,0.0,0.0,0.0,0.0,0.0,0.0,0.0,0.0,0.0,0.0,0.0,0.0,0.0,0.0,0.0,0,-107875648.0,0,0.0,0,-107875648.0,-107877712.0,0,39322,17039,0,17054,0,17038,0,0,0,110,100,100,2.7302334150594743e+23,64.0,0.0,64.9,-107615304.0,69.0,1,49,50,180,0,52429,0,0,0.0,0.0,0.0,0.0,-0.003,65.0,0.0,-1.345856993230848e+16,0.0,646,0,689,0,0,0,718,0,790,0,710,0,690,0,645,0,642,0,615,0.032,55574528.0,-2.004,0.0,17168,16788,-0.003,-1.345856993230848e+16,34.063,115585564278784.0,2.1882327671057306e+27,0.0,29.0,60.0,70,0.0,0.0,0.0,0.0,0.0,0.0,0.0,0.0,0.0,0.0,0.0,0.0,0.0,0.0,0.0,0.0,59.2,69,11,65508,41,65476,0,300,0,0,8,20529,65476,0,0,61604,60.0,0.0,0.0,0.0,0.0,0.0
2026-04-04T11:17:34,ERR,ERR,ERR,ERR,ERR,ERR,ERR,ERR,ERR,ERR,ERR,ERR,ERR,ERR,ERR,ERR,ERR,ERR,ERR,ERR,ERR,ERR,ERR,ERR,ERR,ERR,ERR,ERR,ERR,ERR,ERR,ERR,ERR,ERR,ERR,ERR,ERR,ERR,ERR,ERR,ERR,ERR,ERR,ERR,ERR,ERR,ERR,ERR,ERR,ERR,ERR,ERR,ERR,ERR,ERR,ERR,ERR,ERR,ERR,ERR,ERR,ERR,ERR,ERR,ERR,ERR,ERR,ERR,ERR,ERR,ERR,ERR,ERR,ERR,ERR,ERR,ERR,ERR,ERR,ERR,ERR,ERR,ERR,ERR,ERR,ERR,ERR,ERR,ERR,ERR,ERR,ERR,ERR,ERR,ERR,ERR,ERR,ERR,ERR,ERR,ERR,ERR,ERR,ERR,ERR,ERR,ERR,ERR,ERR,ERR,ERR,ERR,ERR,ERR,ERR,ERR,ERR,ERR,ERR,ERR,ERR,ERR,ERR,ERR,ERR,2.7184278591402704e+23,0.0,-0.0,0.0,0.0,0.0,0.0,nan,0,0,0,32768,0,0.0,0,0.0,0.0,0.0,0.0,0.0,0,0,0,0,0.0,0,0,0,0,0,0,0,0,0,0,0,0,0,0,0,0,0,0,0,0,0,0,0,0,0,0,0,0,0,0,0,0,0,0,0,0,0,0,0,0,0,0,0,0,0.0,0.0,0.0,0.0,0.0,0.0,0.0,0.0,0.0,0.0,0.0,0.0,0.0,0.0,0.0,0.0,0.0,0.0,0.0,0.0,0.0,0.0,-2.004,0.0,-2.004,2.004,0.0,0.0,0.0,0.0,3378.5,-8608107520.0,0.0,2.7184278591402704e+23,0.0,-0.0,0.0,0.0,0.0,0.0,0.0,0,-0.0,-0.0,0.0,0.0,0.0,0.0,0.0,0.0,0.0,0,0,0,0.0,0.0,0.0,0.0,0.0,0.0,0.0,0.0,0.0,0.0,0.0,0.0,0.0,0.0,0.0,0.0,0,-107875648.0,0,0.0,0,-107875648.0,-107877712.0,0,39322,17039,0,17054,0,17038,0,0,0,110,100,100,2.7302334150594743e+23,64.0,0.0,64.9,-107615304.0,69.0,1,49,50,180,0,52429,0,0,0.0,0.0,0.0,0.0,-0.003,65.0,0.0,-1.345856993230848e+16,0.0,646,0,689,0,0,0,718,0,790,0,710,0,690,0,645,0,642,0,615,0.032,55574528.0,-2.004,0.0,17168,16788,-0.003,-1.345856993230848e+16,34.063,115585564278784.0,2.1882327671057306e+27,0.0,29.0,60.0,70,0.0,0.0,0.0,0.0,0.0,0.0,0.0,0.0,0.0,0.0,0.0,0.0,0.0,0.0,0.0,0.0,59.2,69,11,65508,41,65476,0,300,0,0,8,20529,65476,0,0,61604,60.0,0.0,0.0,0.0,0.0,0.0
2026-04-04T11:17:35,ERR,ERR,ERR,ERR,ERR,ERR,ERR,ERR,ERR,ERR,ERR,ERR,ERR,ERR,ERR,ERR,ERR,ERR,ERR,ERR,ERR,ERR,ERR,ERR,ERR,ERR,ERR,ERR,ERR,ERR,ERR,ERR,ERR,ERR,ERR,ERR,ERR,ERR,ERR,ERR,ERR,ERR,ERR,ERR,ERR,ERR,ERR,ERR,ERR,ERR,ERR,ERR,ERR,ERR,ERR,ERR,ERR,ERR,ERR,ERR,ERR,ERR,ERR,ERR,ERR,ERR,ERR,ERR,ERR,ERR,ERR,ERR,ERR,ERR,ERR,ERR,ERR,ERR,ERR,ERR,ERR,ERR,ERR,ERR,ERR,ERR,ERR,ERR,ERR,ERR,ERR,ERR,ERR,ERR,ERR,ERR,ERR,ERR,ERR,ERR,ERR,ERR,ERR,ERR,ERR,ERR,ERR,ERR,ERR,ERR,ERR,ERR,ERR,ERR,ERR,ERR,ERR,ERR,ERR,ERR,ERR,ERR,ERR,ERR,ERR,2.7184278591402704e+23,0.0,-0.0,0.0,0.0,0.0,0.0,nan,0,0,0,32768,0,0.0,0,0.0,0.0,0.0,0.0,0.0,0,0,0,0,0.0,0,0,0,0,0,0,0,0,0,0,0,0,0,0,0,0,0,0,0,0,0,0,0,0,0,0,0,0,0,0,0,0,0,0,0,0,0,0,0,0,0,0,0,0,0.0,0.0,0.0,0.0,0.0,0.0,0.0,0.0,0.0,0.0,0.0,0.0,0.0,0.0,0.0,0.0,0.0,0.0,0.0,0.0,0.0,0.0,-2.004,0.0,-2.004,2.004,0.0,0.0,0.0,0.0,3378.5,-8608107520.0,0.0,2.7184278591402704e+23,0.0,-0.0,0.0,0.0,0.0,0.0,0.0,0,-0.0,-0.0,0.0,0.0,0.0,0.0,0.0,0.0,0.0,0,0,0,0.0,0.0,0.0,0.0,0.0,0.0,0.0,0.0,0.0,0.0,0.0,0.0,0.0,0.0,0.0,0.0,0,-107875648.0,0,0.0,0,-107875648.0,-107877712.0,0,39322,17039,0,17054,0,17038,0,0,0,110,100,100,2.7302334150594743e+23,64.0,0.0,64.9,-107615304.0,69.0,1,49,50,180,0,52429,0,0,0.0,0.0,0.0,0.0,-0.003,65.0,0.0,-1.345856993230848e+16,0.0,646,0,689,0,0,0,718,0,790,0,710,0,690,0,645,0,642,0,615,0.032,55574528.0,-2.004,0.0,17168,16788,-0.003,-1.345856993230848e+16,34.063,115585564278784.0,2.1882327671057306e+27,0.0,29.0,60.0,70,0.0,0.0,0.0,0.0,0.0,0.0,0.0,0.0,0.0,0.0,0.0,0.0,0.0,0.0,0.0,0.0,59.2,69,11,65508,41,65476,0,300,0,0,8,20529,65476,0,0,61604,60.0,0.0,0.0,0.0,0.0,0.0
2026-04-04T11:17:36,ERR,ERR,ERR,ERR,ERR,ERR,ERR,ERR,ERR,ERR,ERR,ERR,ERR,ERR,ERR,ERR,ERR,ERR,ERR,ERR,ERR,ERR,ERR,ERR,ERR,ERR,ERR,ERR,ERR,ERR,ERR,ERR,ERR,ERR,ERR,ERR,ERR,ERR,ERR,ERR,ERR,ERR,ERR,ERR,ERR,ERR,ERR,ERR,ERR,ERR,ERR,ERR,ERR,ERR,ERR,ERR,ERR,ERR,ERR,ERR,ERR,ERR,ERR,ERR,ERR,ERR,ERR,ERR,ERR,ERR,ERR,ERR,ERR,ERR,ERR,ERR,ERR,ERR,ERR,ERR,ERR,ERR,ERR,ERR,ERR,ERR,ERR,ERR,ERR,ERR,ERR,ERR,ERR,ERR,ERR,ERR,ERR,ERR,ERR,ERR,ERR,ERR,ERR,ERR,ERR,ERR,ERR,ERR,ERR,ERR,ERR,ERR,ERR,ERR,ERR,ERR,ERR,ERR,ERR,ERR,ERR,ERR,ERR,ERR,ERR,2.7184278591402704e+23,0.0,-0.0,0.0,0.0,0.0,0.0,nan,0,0,0,32768,0,0.0,0,0.0,0.0,0.0,0.0,0.0,0,0,0,0,0.0,0,0,0,0,0,0,0,0,0,0,0,0,0,0,0,0,0,0,0,0,0,0,0,0,0,0,0,0,0,0,0,0,0,0,0,0,0,0,0,0,0,0,0,0,0.0,0.0,0.0,0.0,0.0,0.0,0.0,0.0,0.0,0.0,0.0,0.0,0.0,0.0,0.0,0.0,0.0,0.0,0.0,0.0,0.0,0.0,-2.004,0.0,-2.004,2.004,0.0,0.0,0.0,0.0,3378.5,-8608107520.0,0.0,2.7184278591402704e+23,0.0,-0.0,0.0,0.0,0.0,0.0,0.0,0,-0.0,-0.0,0.0,0.0,0.0,0.0,0.0,0.0,0.0,0,0,0,0.0,0.0,0.0,0.0,0.0,0.0,0.0,0.0,0.0,0.0,0.0,0.0,0.0,0.0,0.0,0.0,0,-107875648.0,0,0.0,0,-107875648.0,-107877712.0,0,39322,17039,0,17054,0,17038,0,0,0,110,100,100,2.7302334150594743e+23,64.0,0.0,64.9,-107615304.0,69.0,1,49,50,180,0,52429,0,0,0.0,0.0,0.0,0.0,-0.003,65.0,0.0,-1.345856993230848e+16,0.0,646,0,689,0,0,0,718,0,790,0,710,0,690,0,645,0,642,0,615,0.032,55574528.0,-2.004,0.0,17168,16788,-0.003,-1.345856993230848e+16,34.063,115585564278784.0,2.1882327671057306e+27,0.0,29.0,60.0,70,0.0,0.0,0.0,0.0,0.0,0.0,0.0,0.0,0.0,0.0,0.0,0.0,0.0,0.0,0.0,0.0,59.2,69,11,65508,41,65476,0,300,0,0,8,20529,65476,0,0,61604,60.0,0.0,0.0,0.0,0.0,0.0
2026-04-04T11:17:37,ERR,ERR,ERR,ERR,ERR,ERR,ERR,ERR,ERR,ERR,ERR,ERR,ERR,ERR,ERR,ERR,ERR,ERR,ERR,ERR,ERR,ERR,ERR,ERR,ERR,ERR,ERR,ERR,ERR,ERR,ERR,ERR,ERR,ERR,ERR,ERR,ERR,ERR,ERR,ERR,ERR,ERR,ERR,ERR,ERR,ERR,ERR,ERR,ERR,ERR,ERR,ERR,ERR,ERR,ERR,ERR,ERR,ERR,ERR,ERR,ERR,ERR,ERR,ERR,ERR,ERR,ERR,ERR,ERR,ERR,ERR,ERR,ERR,ERR,ERR,ERR,ERR,ERR,ERR,ERR,ERR,ERR,ERR,ERR,ERR,ERR,ERR,ERR,ERR,ERR,ERR,ERR,ERR,ERR,ERR,ERR,ERR,ERR,ERR,ERR,ERR,ERR,ERR,ERR,ERR,ERR,ERR,ERR,ERR,ERR,ERR,ERR,ERR,ERR,ERR,ERR,ERR,ERR,ERR,ERR,ERR,ERR,ERR,ERR,ERR,2.7184278591402704e+23,0.0,-0.0,0.0,0.0,0.0,0.0,nan,0,0,0,32768,0,0.0,0,0.0,0.0,0.0,0.0,0.0,0,0,0,0,0.0,0,0,0,0,0,0,0,0,0,0,0,0,0,0,0,0,0,0,0,0,0,0,0,0,0,0,0,0,0,0,0,0,0,0,0,0,0,0,0,0,0,0,0,0,0.0,0.0,0.0,0.0,0.0,0.0,0.0,0.0,0.0,0.0,0.0,0.0,0.0,0.0,0.0,0.0,0.0,0.0,0.0,0.0,0.0,0.0,-2.004,0.0,-2.004,2.004,0.0,0.0,0.0,0.0,3378.5,-8608107520.0,0.0,2.7184278591402704e+23,0.0,-0.0,0.0,0.0,0.0,0.0,0.0,0,-0.0,-0.0,0.0,0.0,0.0,0.0,0.0,0.0,0.0,0,0,0,0.0,0.0,0.0,0.0,0.0,0.0,0.0,0.0,0.0,0.0,0.0,0.0,0.0,0.0,0.0,0.0,0,-107875648.0,0,0.0,0,-107875648.0,-107877712.0,0,39322,17039,0,17054,0,17038,0,0,0,110,100,100,2.7302334150594743e+23,64.0,0.0,64.5,0.0,69.0,1,49,50,180,0,52429,0,0,0.0,0.0,0.0,0.0,-0.0,65.0,0.0,0.0,0.0,645,0,689,0,0,0,718,0,790,0,710,0,690,0,645,0,642,0,615,0.032,36700160.0,-2.004,0.0,14224,16788,-0.0,0.0,0.117,0.0,2.422724461968479e+24,0.0,29.0,60.0,70,0.0,0.0,0.0,0.0,0.0,0.0,0.0,0.0,0.0,0.0,0.0,0.0,0.0,0.0,0.0,0.0,59.2,69,11,65508,41,65476,0,300,0,0,8,20529,65476,0,0,61604,60.0,0.0,0.0,0.0,0.0,0.0
2026-04-04T11:17:38,ERR,ERR,ERR,ERR,ERR,ERR,ERR,ERR,ERR,ERR,ERR,ERR,ERR,ERR,ERR,ERR,ERR,ERR,ERR,ERR,ERR,ERR,ERR,ERR,ERR,ERR,ERR,ERR,ERR,ERR,ERR,ERR,ERR,ERR,ERR,ERR,ERR,ERR,ERR,ERR,ERR,ERR,ERR,ERR,ERR,ERR,ERR,ERR,ERR,ERR,ERR,ERR,ERR,ERR,ERR,ERR,ERR,ERR,ERR,ERR,ERR,ERR,ERR,ERR,ERR,ERR,ERR,ERR,ERR,ERR,ERR,ERR,ERR,ERR,ERR,ERR,ERR,ERR,ERR,ERR,ERR,ERR,ERR,ERR,ERR,ERR,ERR,ERR,ERR,ERR,ERR,ERR,ERR,ERR,ERR,ERR,ERR,ERR,ERR,ERR,ERR,ERR,ERR,ERR,ERR,ERR,ERR,ERR,ERR,ERR,ERR,ERR,ERR,ERR,ERR,ERR,ERR,ERR,ERR,ERR,ERR,ERR,ERR,ERR,ERR,2.7184278591402704e+23,0.0,-0.0,0.0,0.0,0.0,0.0,nan,0,0,0,32768,0,0.0,0,0.0,0.0,0.0,0.0,0.0,0,0,0,0,0.0,0,0,0,0,0,0,0,0,0,0,0,0,0,0,0,0,0,0,0,0,0,0,0,0,0,0,0,0,0,0,0,0,0,0,0,0,0,0,0,0,0,0,0,0,0.0,0.0,0.0,0.0,0.0,0.0,0.0,0.0,0.0,0.0,0.0,0.0,0.0,0.0,0.0,0.0,0.0,0.0,0.0,0.0,0.0,0.0,-2.004,0.0,-2.004,2.004,0.0,0.0,0.0,0.0,3378.5,-8608107520.0,0.0,2.7184278591402704e+23,0.0,-0.0,0.0,0.0,0.0,0.0,0.0,0,-0.0,-0.0,0.0,0.0,0.0,0.0,0.0,0.0,0.0,0,0,0,0.0,0.0,0.0,0.0,0.0,0.0,0.0,0.0,0.0,0.0,0.0,0.0,0.0,0.0,0.0,0.0,0,-107875648.0,0,0.0,0,-107875648.0,-107877712.0,0,39322,17039,0,17054,0,17038,0,0,0,110,100,100,2.7302334150594743e+23,64.0,0.0,64.5,0.0,69.0,1,49,50,180,0,52429,0,0,0.0,0.0,0.0,0.0,-0.0,65.0,0.0,0.0,0.0,645,0,689,0,0,0,718,0,790,0,710,0,690,0,645,0,642,0,615,0.032,36700160.0,-2.004,0.0,14224,16788,-0.0,0.0,0.117,0.0,2.422724461968479e+24,0.0,29.0,60.0,70,0.0,0.0,0.0,0.0,0.0,0.0,0.0,0.0,0.0,0.0,0.0,0.0,0.0,0.0,0.0,0.0,59.6,69,11,65508,41,65476,0,300,0,0,8,20529,65476,0,0,61604,60.0,0.0,0.0,0.0,0.0,0.0
2026-04-04T11:17:39,ERR,ERR,ERR,ERR,ERR,ERR,ERR,ERR,ERR,ERR,ERR,ERR,ERR,ERR,ERR,ERR,ERR,ERR,ERR,ERR,ERR,ERR,ERR,ERR,ERR,ERR,ERR,ERR,ERR,ERR,ERR,ERR,ERR,ERR,ERR,ERR,ERR,ERR,ERR,ERR,ERR,ERR,ERR,ERR,ERR,ERR,ERR,ERR,ERR,ERR,ERR,ERR,ERR,ERR,ERR,ERR,ERR,ERR,ERR,ERR,ERR,ERR,ERR,ERR,ERR,ERR,ERR,ERR,ERR,ERR,ERR,ERR,ERR,ERR,ERR,ERR,ERR,ERR,ERR,ERR,ERR,ERR,ERR,ERR,ERR,ERR,ERR,ERR,ERR,ERR,ERR,ERR,ERR,ERR,ERR,ERR,ERR,ERR,ERR,ERR,ERR,ERR,ERR,ERR,ERR,ERR,ERR,ERR,ERR,ERR,ERR,ERR,ERR,ERR,ERR,ERR,ERR,ERR,ERR,ERR,ERR,ERR,ERR,ERR,ERR,2.7184278591402704e+23,0.0,-0.0,0.0,0.0,0.0,0.0,nan,0,0,0,32768,0,0.0,0,0.0,0.0,0.0,0.0,0.0,0,0,0,0,0.0,0,0,0,0,0,0,0,0,0,0,0,0,0,0,0,0,0,0,0,0,0,0,0,0,0,0,0,0,0,0,0,0,0,0,0,0,0,0,0,0,0,0,0,0,0.0,0.0,0.0,0.0,0.0,0.0,0.0,0.0,0.0,0.0,0.0,0.0,0.0,0.0,0.0,0.0,0.0,0.0,0.0,0.0,0.0,0.0,-2.004,0.0,-2.004,2.004,0.0,0.0,0.0,0.0,3378.5,-8608107520.0,0.0,2.7184278591402704e+23,0.0,-0.0,0.0,0.0,0.0,0.0,0.0,0,-0.0,-0.0,0.0,0.0,0.0,0.0,0.0,0.0,0.0,0,0,0,0.0,0.0,0.0,0.0,0.0,0.0,0.0,0.0,0.0,0.0,0.0,0.0,0.0,0.0,0.0,0.0,0,-107875648.0,0,0.0,0,-107875648.0,-107877712.0,0,39322,17039,0,17054,0,17038,0,0,0,110,100,100,2.7302334150594743e+23,64.0,0.0,64.5,0.0,69.0,1,49,50,180,0,52429,0,0,0.0,0.0,0.0,0.0,-0.0,65.0,0.0,0.0,0.0,645,0,689,0,0,0,718,0,790,0,710,0,690,0,645,0,642,0,615,0.032,36700160.0,-2.004,0.0,14224,16788,-0.0,0.0,0.117,0.0,2.422724461968479e+24,0.0,29.0,60.0,70,0.0,0.0,0.0,0.0,0.0,0.0,0.0,0.0,0.0,0.0,0.0,0.0,0.0,0.0,0.0,0.0,59.6,69,11,65508,41,65476,0,300,0,0,8,20529,65476,0,0,61604,60.0,0.0,0.0,0.0,0.0,0.0
2026-04-04T11:17:40,ERR,ERR,ERR,ERR,ERR,ERR,ERR,ERR,ERR,ERR,ERR,ERR,ERR,ERR,ERR,ERR,ERR,ERR,ERR,ERR,ERR,ERR,ERR,ERR,ERR,ERR,ERR,ERR,ERR,ERR,ERR,ERR,ERR,ERR,ERR,ERR,ERR,ERR,ERR,ERR,ERR,ERR,ERR,ERR,ERR,ERR,ERR,ERR,ERR,ERR,ERR,ERR,ERR,ERR,ERR,ERR,ERR,ERR,ERR,ERR,ERR,ERR,ERR,ERR,ERR,ERR,ERR,ERR,ERR,ERR,ERR,ERR,ERR,ERR,ERR,ERR,ERR,ERR,ERR,ERR,ERR,ERR,ERR,ERR,ERR,ERR,ERR,ERR,ERR,ERR,ERR,ERR,ERR,ERR,ERR,ERR,ERR,ERR,ERR,ERR,ERR,ERR,ERR,ERR,ERR,ERR,ERR,ERR,ERR,ERR,ERR,ERR,ERR,ERR,ERR,ERR,ERR,ERR,ERR,ERR,ERR,ERR,ERR,ERR,ERR,2.7184278591402704e+23,0.0,-0.0,0.0,0.0,0.0,0.0,nan,0,0,0,32768,0,0.0,0,0.0,0.0,0.0,0.0,0.0,0,0,0,0,0.0,0,0,0,0,0,0,0,0,0,0,0,0,0,0,0,0,0,0,0,0,0,0,0,0,0,0,0,0,0,0,0,0,0,0,0,0,0,0,0,0,0,0,0,0,0.0,0.0,0.0,0.0,0.0,0.0,0.0,0.0,0.0,0.0,0.0,0.0,0.0,0.0,-2.5962063029642504e+33,0.0,0.0,0.0,0.0,0.0,0.0,0.0,0.0,0.0,-2.004,2.004,0.0,0.0,0.0,0.0,3380.0,-1.5879155638041463e+29,0.0,0.0,0.0,-0.0,0.0,0.0,0.0,0.0,0.0,0,-0.0,-0.0,0.0,0.0,0.0,0.0,0.0,0.0,0.0,0,0,0,0.0,0.0,0.0,0.0,0.0,0.0,0.0,0.0,0.0,0.0,0.0,0.0,0.0,0.0,0.0,0.0,0,-107875648.0,0,0.0,0,-107875648.0,-107877712.0,0,39322,17039,0,17054,0,17038,0,0,0,110,100,100,2.7302334150594743e+23,64.0,0.0,64.5,0.0,69.0,1,49,50,180,0,52429,0,0,0.0,0.0,0.0,0.0,-0.0,65.0,0.0,0.0,0.0,645,0,689,0,0,0,718,0,790,0,710,0,690,0,645,0,642,0,615,0.032,36700160.0,-2.004,0.0,14224,16788,-0.0,0.0,0.117,0.0,2.422724461968479e+24,0.0,29.0,60.0,70,0.0,0.0,0.0,0.0,0.0,0.0,0.0,0.0,0.0,0.0,0.0,0.0,0.0,0.0,0.0,0.0,59.6,69,11,65508,41,65476,0,300,0,0,8,20529,65476,0,0,61604,60.0,0.0,0.0,0.0,0.0,0.0
2026-04-04T11:17:41,ERR,ERR,ERR,ERR,ERR,ERR,ERR,ERR,ERR,ERR,ERR,ERR,ERR,ERR,ERR,ERR,ERR,ERR,ERR,ERR,ERR,ERR,ERR,ERR,ERR,ERR,ERR,ERR,ERR,ERR,ERR,ERR,ERR,ERR,ERR,ERR,ERR,ERR,ERR,ERR,ERR,ERR,ERR,ERR,ERR,ERR,ERR,ERR,ERR,ERR,ERR,ERR,ERR,ERR,ERR,ERR,ERR,ERR,ERR,ERR,ERR,ERR,ERR,ERR,ERR,ERR,ERR,ERR,ERR,ERR,ERR,ERR,ERR,ERR,ERR,ERR,ERR,ERR,ERR,ERR,ERR,ERR,ERR,ERR,ERR,ERR,ERR,ERR,ERR,ERR,ERR,ERR,ERR,ERR,ERR,ERR,ERR,ERR,ERR,ERR,ERR,ERR,ERR,ERR,ERR,ERR,ERR,ERR,ERR,ERR,ERR,ERR,ERR,ERR,ERR,ERR,ERR,ERR,ERR,ERR,ERR,ERR,ERR,ERR,ERR,2.7184278591402704e+23,0.0,-0.0,0.0,0.0,0.0,0.0,nan,0,0,0,32768,0,0.0,0,0.0,0.0,0.0,0.0,0.0,0,0,0,0,0.0,0,0,0,0,0,0,0,0,0,0,0,0,0,0,0,0,0,0,0,0,0,0,0,0,0,0,0,0,0,0,0,0,0,0,0,0,0,0,0,0,0,0,0,0,0.0,0.0,0.0,0.0,0.0,0.0,0.0,0.0,0.0,0.0,0.0,0.0,0.0,0.0,-2.5962063029642504e+33,0.0,0.0,0.0,0.0,0.0,0.0,0.0,0.0,0.0,-2.004,2.004,0.0,0.0,0.0,0.0,3380.0,-1.5879155638041463e+29,0.0,0.0,0.0,-0.0,0.0,0.0,0.0,0.0,0.0,0,-0.0,-0.0,0.0,0.0,0.0,0.0,0.0,0.0,0.0,0,0,0,0.0,0.0,0.0,0.0,0.0,0.0,0.0,0.0,0.0,0.0,0.0,0.0,0.0,0.0,0.0,0.0,0,-107875648.0,0,0.0,0,-107875648.0,-107877712.0,0,39322,17039,0,17054,0,17038,0,0,0,110,100,100,2.7302334150594743e+23,64.0,0.0,64.5,0.0,69.0,1,49,50,180,0,52429,0,0,0.0,0.0,0.0,0.0,-0.0,65.0,0.0,0.0,0.0,645,0,689,0,0,0,718,0,790,0,710,0,690,0,645,0,642,0,615,0.032,36700160.0,-2.004,0.0,14224,16788,-0.0,0.0,0.117,0.0,2.422724461968479e+24,0.0,29.0,60.0,70,0.0,0.0,0.0,0.0,0.0,0.0,0.0,0.0,0.0,0.0,0.0,0.0,0.0,0.0,0.0,0.0,59.6,69,11,65508,41,65476,0,300,0,0,8,20529,65476,0,0,61604,60.0,0.0,0.0,0.0,0.0,0.0
2026-04-04T11:17:42,ERR,ERR,ERR,ERR,ERR,ERR,ERR,ERR,ERR,ERR,ERR,ERR,ERR,ERR,ERR,ERR,ERR,ERR,ERR,ERR,ERR,ERR,ERR,ERR,ERR,ERR,ERR,ERR,ERR,ERR,ERR,ERR,ERR,ERR,ERR,ERR,ERR,ERR,ERR,ERR,ERR,ERR,ERR,ERR,ERR,ERR,ERR,ERR,ERR,ERR,ERR,ERR,ERR,ERR,ERR,ERR,ERR,ERR,ERR,ERR,ERR,ERR,ERR,ERR,ERR,ERR,ERR,ERR,ERR,ERR,ERR,ERR,ERR,ERR,ERR,ERR,ERR,ERR,ERR,ERR,ERR,ERR,ERR,ERR,ERR,ERR,ERR,ERR,ERR,ERR,ERR,ERR,ERR,ERR,ERR,ERR,ERR,ERR,ERR,ERR,ERR,ERR,ERR,ERR,ERR,ERR,ERR,ERR,ERR,ERR,ERR,ERR,ERR,ERR,ERR,ERR,ERR,ERR,ERR,ERR,ERR,ERR,ERR,ERR,ERR,2.7184278591402704e+23,0.0,-0.0,0.0,0.0,0.0,0.0,nan,0,0,0,32768,0,0.0,0,0.0,0.0,0.0,0.0,0.0,0,0,0,0,0.0,0,0,0,0,0,0,0,0,0,0,0,0,0,0,0,0,0,0,0,0,0,0,0,0,0,0,0,0,0,0,0,0,0,0,0,0,0,0,0,0,0,0,0,0,0.0,0.0,0.0,0.0,0.0,0.0,0.0,0.0,0.0,0.0,0.0,0.0,0.0,0.0,-2.5962063029642504e+33,0.0,0.0,0.0,0.0,0.0,0.0,0.0,0.0,0.0,-2.004,2.004,0.0,0.0,0.0,0.0,3380.0,-1.5879155638041463e+29,0.0,0.0,0.0,-0.0,0.0,0.0,0.0,0.0,0.0,0,-0.0,-0.0,0.0,0.0,0.0,0.0,0.0,0.0,0.0,0,0,0,0.0,0.0,0.0,0.0,0.0,0.0,0.0,0.0,0.0,0.0,0.0,0.0,0.0,0.0,0.0,0.0,0,-107875648.0,0,0.0,0,-107875648.0,-107877712.0,0,39322,17039,0,17054,0,17038,0,0,0,110,100,100,2.7302334150594743e+23,64.0,0.0,64.5,0.0,69.0,1,49,50,180,0,52429,0,0,0.0,0.0,0.0,0.0,-0.0,65.0,0.0,0.0,0.0,645,0,689,0,0,0,718,0,790,0,710,0,690,0,645,0,642,0,615,0.032,36700160.0,-2.004,0.0,14224,16788,-0.0,0.0,0.117,0.0,2.422724461968479e+24,0.0,29.0,60.0,70,0.0,0.0,0.0,0.0,0.0,0.0,0.0,0.0,0.0,0.0,0.0,0.0,0.0,0.0,0.0,0.0,59.6,69,11,65508,41,65476,0,300,0,0,8,20529,65476,0,0,61604,60.0,0.0,0.0,0.0,0.0,0.0
2026-04-04T11:17:43,ERR,ERR,ERR,ERR,ERR,ERR,ERR,ERR,ERR,ERR,ERR,ERR,ERR,ERR,ERR,ERR,ERR,ERR,ERR,ERR,ERR,ERR,ERR,ERR,ERR,ERR,ERR,ERR,ERR,ERR,ERR,ERR,ERR,ERR,ERR,ERR,ERR,ERR,ERR,ERR,ERR,ERR,ERR,ERR,ERR,ERR,ERR,ERR,ERR,ERR,ERR,ERR,ERR,ERR,ERR,ERR,ERR,ERR,ERR,ERR,ERR,ERR,ERR,ERR,ERR,ERR,ERR,ERR,ERR,ERR,ERR,ERR,ERR,ERR,ERR,ERR,ERR,ERR,ERR,ERR,ERR,ERR,ERR,ERR,ERR,ERR,ERR,ERR,ERR,ERR,ERR,ERR,ERR,ERR,ERR,ERR,ERR,ERR,ERR,ERR,ERR,ERR,ERR,ERR,ERR,ERR,ERR,ERR,ERR,ERR,ERR,ERR,ERR,ERR,ERR,ERR,ERR,ERR,ERR,ERR,ERR,ERR,ERR,ERR,ERR,2.7184278591402704e+23,0.0,-0.0,0.0,0.0,0.0,0.0,nan,0,0,0,32768,0,0.0,0,0.0,0.0,0.0,0.0,0.0,0,0,0,0,0.0,0,0,0,0,0,0,0,0,0,0,0,0,0,0,0,0,0,0,0,0,0,0,0,0,0,0,0,0,0,0,0,0,0,0,0,0,0,0,0,0,0,0,0,0,0.0,0.0,0.0,0.0,0.0,0.0,0.0,0.0,0.0,0.0,0.0,0.0,0.0,0.0,-2.5962063029642504e+33,0.0,0.0,0.0,0.0,0.0,0.0,0.0,0.0,0.0,-2.004,2.004,0.0,0.0,0.0,0.0,3380.0,-1.5879155638041463e+29,0.0,0.0,0.0,-0.0,0.0,0.0,0.0,0.0,0.0,0,-0.0,-0.0,0.0,0.0,0.0,0.0,0.0,0.0,0.0,0,0,0,0.0,0.0,0.0,0.0,0.0,0.0,0.0,0.0,0.0,0.0,0.0,0.0,0.0,0.0,0.0,0.0,0,-107875648.0,0,0.0,0,-107875648.0,-107877712.0,0,39322,17039,0,17054,0,17038,0,0,0,110,100,100,2.7302334150594743e+23,64.0,0.0,64.5,0.0,69.0,1,49,50,180,0,52429,0,0,0.0,0.0,0.0,0.0,-0.0,65.0,0.0,0.0,0.0,645,0,689,0,0,0,718,0,790,0,710,0,690,0,645,0,642,0,616,0.032,55836672.0,0.0,2.7302316136196234e+23,13072,16788,-0.0,0.0,0.0,9.623958791091303e+33,6.233211462308646e+19,0.0,29.0,60.0,70,0.0,0.0,0.0,0.0,0.0,0.0,0.0,0.0,0.0,0.0,0.0,0.0,0.0,0.0,0.0,0.0,59.6,69,11,65508,41,65476,0,300,0,0,8,20529,65476,0,0,61604,60.0,0.0,0.0,0.0,0.0,0.0
2026-04-04T11:17:44,ERR,ERR,ERR,ERR,ERR,ERR,ERR,ERR,ERR,ERR,ERR,ERR,ERR,ERR,ERR,ERR,ERR,ERR,ERR,ERR,ERR,ERR,ERR,ERR,ERR,ERR,ERR,ERR,ERR,ERR,ERR,ERR,ERR,ERR,ERR,ERR,ERR,ERR,ERR,ERR,ERR,ERR,ERR,ERR,ERR,ERR,ERR,ERR,ERR,ERR,ERR,ERR,ERR,ERR,ERR,ERR,ERR,ERR,ERR,ERR,ERR,ERR,ERR,ERR,ERR,ERR,ERR,ERR,ERR,ERR,ERR,ERR,ERR,ERR,ERR,ERR,ERR,ERR,ERR,ERR,ERR,ERR,ERR,ERR,ERR,ERR,ERR,ERR,ERR,ERR,ERR,ERR,ERR,ERR,ERR,ERR,ERR,ERR,ERR,ERR,ERR,ERR,ERR,ERR,ERR,ERR,ERR,ERR,ERR,ERR,ERR,ERR,ERR,ERR,ERR,ERR,ERR,ERR,ERR,ERR,ERR,ERR,ERR,ERR,ERR,2.7184278591402704e+23,0.0,-0.0,0.0,0.0,0.0,0.0,nan,0,0,0,32768,0,0.0,0,0.0,0.0,0.0,0.0,0.0,0,0,0,0,0.0,0,0,0,0,0,0,0,0,0,0,0,0,0,0,0,0,0,0,0,0,0,0,0,0,0,0,0,0,0,0,0,0,0,0,0,0,0,0,0,0,0,0,0,0,0.0,0.0,0.0,0.0,0.0,0.0,0.0,0.0,0.0,0.0,0.0,0.0,0.0,0.0,-2.5962063029642504e+33,0.0,0.0,0.0,0.0,0.0,0.0,0.0,0.0,0.0,-2.004,2.004,0.0,0.0,0.0,0.0,3380.0,-1.5879155638041463e+29,0.0,0.0,0.0,-0.0,0.0,0.0,0.0,0.0,0.0,0,-0.0,-0.0,0.0,0.0,0.0,0.0,0.0,0.0,0.0,0,0,0,0.0,0.0,0.0,0.0,0.0,0.0,0.0,0.0,0.0,0.0,0.0,0.0,0.0,0.0,0.0,0.0,0,-107875648.0,0,0.0,0,-107875648.0,-107877712.0,0,39322,17039,0,17054,0,17038,0,0,0,110,100,100,2.7302334150594743e+23,64.0,0.0,64.5,0.0,69.0,1,49,50,180,0,52429,0,0,0.0,0.0,0.0,0.0,-0.0,65.0,0.0,0.0,0.0,645,0,689,0,0,0,718,0,790,0,710,0,690,0,645,0,642,0,616,0.032,55836672.0,0.0,2.7302316136196234e+23,13072,16788,-0.0,0.0,0.0,9.623958791091303e+33,6.233211462308646e+19,0.0,29.0,60.0,70,0.0,0.0,0.0,0.0,0.0,0.0,0.0,0.0,0.0,0.0,0.0,0.0,0.0,0.0,0.0,0.0,59.6,69,11,65508,41,65476,0,300,0,0,8,20529,65476,0,0,61604,60.0,0.0,0.0,0.0,0.0,0.0
2026-04-04T11:17:45,ERR,ERR,ERR,ERR,ERR,ERR,ERR,ERR,ERR,ERR,ERR,ERR,ERR,ERR,ERR,ERR,ERR,ERR,ERR,ERR,ERR,ERR,ERR,ERR,ERR,ERR,ERR,ERR,ERR,ERR,ERR,ERR,ERR,ERR,ERR,ERR,ERR,ERR,ERR,ERR,ERR,ERR,ERR,ERR,ERR,ERR,ERR,ERR,ERR,ERR,ERR,ERR,ERR,ERR,ERR,ERR,ERR,ERR,ERR,ERR,ERR,ERR,ERR,ERR,ERR,ERR,ERR,ERR,ERR,ERR,ERR,ERR,ERR,ERR,ERR,ERR,ERR,ERR,ERR,ERR,ERR,ERR,ERR,ERR,ERR,ERR,ERR,ERR,ERR,ERR,ERR,ERR,ERR,ERR,ERR,ERR,ERR,ERR,ERR,ERR,ERR,ERR,ERR,ERR,ERR,ERR,ERR,ERR,ERR,ERR,ERR,ERR,ERR,ERR,ERR,ERR,ERR,ERR,ERR,ERR,ERR,ERR,ERR,ERR,ERR,2.7184278591402704e+23,0.0,-0.0,0.0,0.0,0.0,0.0,nan,0,0,0,32768,0,0.0,0,0.0,0.0,0.0,0.0,0.0,0,0,0,0,0.0,0,0,0,0,0,0,0,0,0,0,0,0,0,0,0,0,0,0,0,0,0,0,0,0,0,0,0,0,0,0,0,0,0,0,0,0,0,0,0,0,0,0,0,0,0.0,0.0,0.0,0.0,0.0,0.0,0.0,0.0,0.0,0.0,0.0,0.0,0.0,0.0,-2.5962063029642504e+33,0.0,0.0,0.0,0.0,0.0,0.0,0.0,0.0,0.0,-2.004,2.004,0.0,0.0,0.0,0.0,3380.0,-1.5879155638041463e+29,0.0,0.0,0.0,-0.0,0.0,0.0,0.0,0.0,0.0,0,-0.0,-0.0,0.0,0.0,0.0,0.0,0.0,0.0,0.0,0,0,0,0.0,0.0,0.0,0.0,0.0,0.0,0.0,0.0,0.0,0.0,0.0,0.0,0.0,0.0,0.0,0.0,0,-107875648.0,0,0.0,0,-107875648.0,-107877712.0,0,39322,17039,0,17054,0,17038,0,0,0,110,100,100,2.7302334150594743e+23,64.0,0.0,64.5,0.0,69.0,1,49,50,180,0,52429,0,0,0.0,0.0,0.0,0.0,-0.0,65.0,0.0,0.0,0.0,645,0,689,0,0,0,718,0,790,0,710,0,690,0,645,0,642,0,616,0.032,55836672.0,0.0,2.7302316136196234e+23,13072,16788,-0.0,0.0,0.0,9.623958791091303e+33,6.233211462308646e+19,0.0,29.0,60.0,70,0.0,0.0,0.0,0.0,0.0,0.0,0.0,0.0,0.0,0.0,0.0,0.0,0.0,0.0,0.0,0.0,59.6,69,11,65508,41,65476,0,300,0,0,8,20529,65476,0,0,61604,60.0,0.0,0.0,0.0,0.0,0.0
2026-04-04T11:17:46,ERR,ERR,ERR,ERR,ERR,ERR,ERR,ERR,ERR,ERR,ERR,ERR,ERR,ERR,ERR,ERR,ERR,ERR,ERR,ERR,ERR,ERR,ERR,ERR,ERR,ERR,ERR,ERR,ERR,ERR,ERR,ERR,ERR,ERR,ERR,ERR,ERR,ERR,ERR,ERR,ERR,ERR,ERR,ERR,ERR,ERR,ERR,ERR,ERR,ERR,ERR,ERR,ERR,ERR,ERR,ERR,ERR,ERR,ERR,ERR,ERR,ERR,ERR,ERR,ERR,ERR,ERR,ERR,ERR,ERR,ERR,ERR,ERR,ERR,ERR,ERR,ERR,ERR,ERR,ERR,ERR,ERR,ERR,ERR,ERR,ERR,ERR,ERR,ERR,ERR,ERR,ERR,ERR,ERR,ERR,ERR,ERR,ERR,ERR,ERR,ERR,ERR,ERR,ERR,ERR,ERR,ERR,ERR,ERR,ERR,ERR,ERR,ERR,ERR,ERR,ERR,ERR,ERR,ERR,ERR,ERR,ERR,ERR,ERR,ERR,2.7184278591402704e+23,0.0,-0.0,0.0,0.0,0.0,0.0,nan,0,0,0,32768,0,0.0,0,0.0,0.0,0.0,0.0,0.0,0,0,0,0,0.0,0,0,0,0,0,0,0,0,0,0,0,0,0,0,0,0,0,0,0,0,0,0,0,0,0,0,0,0,0,0,0,0,0,0,0,0,0,0,0,0,0,0,0,0,0.0,0.0,0.0,0.0,0.0,0.0,0.0,0.0,0.0,0.0,0.0,0.0,0.0,0.0,-2.5962063029642504e+33,0.0,0.0,0.0,0.0,0.0,0.0,0.0,0.0,0.0,-2.004,2.004,0.0,0.0,0.0,0.0,3380.0,-1.5879155638041463e+29,0.0,0.0,0.0,-0.0,0.0,0.0,0.0,0.0,0.0,0,-0.0,-0.0,0.0,0.0,0.0,0.0,0.0,0.0,0.0,0,0,0,0.0,0.0,0.0,0.0,0.0,0.0,0.0,0.0,0.0,0.0,0.0,0.0,0.0,0.0,0.0,0.0,0,-107875648.0,0,0.0,0,-107875648.0,-107877712.0,0,39322,17039,0,17054,0,17038,0,0,0,110,100,100,2.7302334150594743e+23,64.0,0.0,64.5,0.0,69.0,1,49,50,180,0,52429,0,0,0.0,0.0,0.0,0.0,-0.0,65.0,0.0,0.0,0.0,645,0,689,0,0,0,718,0,790,0,710,0,690,0,645,0,642,0,616,0.032,55836672.0,0.0,2.7302316136196234e+23,13072,16788,-0.0,0.0,0.0,9.623958791091303e+33,6.233211462308646e+19,0.0,29.0,60.0,70,0.0,0.0,0.0,0.0,0.0,0.0,0.0,0.0,0.0,0.0,0.0,0.0,0.0,0.0,0.0,0.0,59.6,69,11,65508,41,65476,0,300,0,0,8,20529,65476,0,0,61604,60.0,0.0,0.0,0.0,0.0,0.0
2026-04-04T11:17:47,ERR,ERR,ERR,ERR,ERR,ERR,ERR,ERR,ERR,ERR,ERR,ERR,ERR,ERR,ERR,ERR,ERR,ERR,ERR,ERR,ERR,ERR,ERR,ERR,ERR,ERR,ERR,ERR,ERR,ERR,ERR,ERR,ERR,ERR,ERR,ERR,ERR,ERR,ERR,ERR,ERR,ERR,ERR,ERR,ERR,ERR,ERR,ERR,ERR,ERR,ERR,ERR,ERR,ERR,ERR,ERR,ERR,ERR,ERR,ERR,ERR,ERR,ERR,ERR,ERR,ERR,ERR,ERR,ERR,ERR,ERR,ERR,ERR,ERR,ERR,ERR,ERR,ERR,ERR,ERR,ERR,ERR,ERR,ERR,ERR,ERR,ERR,ERR,ERR,ERR,ERR,ERR,ERR,ERR,ERR,ERR,ERR,ERR,ERR,ERR,ERR,ERR,ERR,ERR,ERR,ERR,ERR,ERR,ERR,ERR,ERR,ERR,ERR,ERR,ERR,ERR,ERR,ERR,ERR,ERR,ERR,ERR,ERR,ERR,ERR,2.7184278591402704e+23,0.0,-0.0,0.0,0.0,0.0,0.0,nan,0,0,0,32768,0,0.0,0,0.0,0.0,0.0,0.0,0.0,0,0,0,0,0.0,0,0,0,0,0,0,0,0,0,0,0,0,0,0,0,0,0,0,0,0,0,0,0,0,0,0,0,0,0,0,0,0,0,0,0,0,0,0,0,0,0,0,0,0,0.0,0.0,0.0,0.0,0.0,0.0,0.0,0.0,0.0,0.0,0.0,0.0,0.0,0.0,-2.5962063029642504e+33,0.0,0.0,0.0,0.0,0.0,0.0,0.0,0.0,0.0,-2.004,2.004,0.0,0.0,0.0,0.0,3380.0,-1.5879155638041463e+29,0.0,0.0,0.0,-0.0,0.0,0.0,0.0,0.0,0.0,0,-0.0,-0.0,0.0,0.0,0.0,0.0,0.0,0.0,0.0,0,0,0,0.0,0.0,0.0,0.0,0.0,0.0,0.0,0.0,0.0,0.0,0.0,0.0,0.0,0.0,0.0,0.0,0,-107875648.0,0,0.0,0,-107875648.0,-107877712.0,0,39322,17039,0,17054,0,17038,0,0,0,110,100,100,2.7302334150594743e+23,64.0,0.0,64.5,0.0,69.0,1,49,50,180,0,52429,0,0,0.0,0.0,0.0,0.0,-0.0,65.0,0.0,0.0,0.0,645,0,689,0,0,0,718,0,790,0,710,0,690,0,645,0,642,0,616,0.032,55836672.0,0.0,2.7302316136196234e+23,13072,16788,-0.0,0.0,0.0,9.623958791091303e+33,6.233211462308646e+19,0.0,29.0,60.0,70,0.0,0.0,0.0,0.0,0.0,0.0,0.0,0.0,0.0,0.0,0.0,0.0,0.0,0.0,0.0,0.0,59.6,69,11,65508,41,65476,0,300,0,0,8,20529,65476,0,0,61604,60.0,0.0,0.0,0.0,0.0,0.0
2026-04-04T11:17:48,ERR,ERR,ERR,ERR,ERR,ERR,ERR,ERR,ERR,ERR,ERR,ERR,ERR,ERR,ERR,ERR,ERR,ERR,ERR,ERR,ERR,ERR,ERR,ERR,ERR,ERR,ERR,ERR,ERR,ERR,ERR,ERR,ERR,ERR,ERR,ERR,ERR,ERR,ERR,ERR,ERR,ERR,ERR,ERR,ERR,ERR,ERR,ERR,ERR,ERR,ERR,ERR,ERR,ERR,ERR,ERR,ERR,ERR,ERR,ERR,ERR,ERR,ERR,ERR,ERR,ERR,ERR,ERR,ERR,ERR,ERR,ERR,ERR,ERR,ERR,ERR,ERR,ERR,ERR,ERR,ERR,ERR,ERR,ERR,ERR,ERR,ERR,ERR,ERR,ERR,ERR,ERR,ERR,ERR,ERR,ERR,ERR,ERR,ERR,ERR,ERR,ERR,ERR,ERR,ERR,ERR,ERR,ERR,ERR,ERR,ERR,ERR,ERR,ERR,ERR,ERR,ERR,ERR,ERR,ERR,ERR,ERR,ERR,ERR,ERR,2.7184278591402704e+23,0.0,-0.0,0.0,0.0,0.0,0.0,nan,0,0,0,32768,0,0.0,0,0.0,0.0,0.0,0.0,0.0,0,0,0,0,0.0,0,0,0,0,0,0,0,0,0,0,0,0,0,0,0,0,0,0,0,0,0,0,0,0,0,0,0,0,0,0,0,0,0,0,0,0,0,0,0,0,0,0,0,0,0.0,0.0,0.0,0.0,0.0,0.0,0.0,0.0,0.0,0.0,0.0,0.0,0.0,0.0,0.0,0.0,0.0,0.0,0.0,0.0,0.0,0.0,0.0,0.0,-2.004,2.004,0.0,0.0,0.0,0.0,3407.5,0.0,0.0,2.7184278591402704e+23,0.0,-0.0,0.0,0.0,0.0,0.0,0.0,0,-0.0,-71.629,0.0,0.0,0.0,0.0,0.0,0.0,0.0,0,0,0,0.0,0.0,0.0,0.0,0.0,0.0,0.0,0.0,0.0,0.0,0.0,0.0,0.0,0.0,0.0,0.0,0,-107875648.0,0,0.0,0,-107875648.0,-107877712.0,0,39322,17039,0,17054,0,17038,0,0,0,110,100,100,2.7302334150594743e+23,64.0,0.0,64.5,0.0,69.0,1,49,50,180,0,52429,0,0,0.0,0.0,0.0,0.0,-0.0,65.0,0.0,0.0,0.0,645,0,689,0,0,0,718,0,790,0,710,0,690,0,645,0,642,0,616,0.032,55836672.0,0.0,2.7302316136196234e+23,13072,16788,-0.0,0.0,0.0,9.623958791091303e+33,6.233211462308646e+19,0.0,29.0,60.0,70,0.0,0.0,0.0,0.0,0.0,0.0,0.0,0.0,0.0,0.0,0.0,0.0,0.0,0.0,0.0,0.0,59.6,69,11,65508,41,65476,0,300,0,0,8,20529,65476,0,0,61604,60.0,0.0,0.0,0.0,0.0,0.0
2026-04-04T11:17:49,ERR,ERR,ERR,ERR,ERR,ERR,ERR,ERR,ERR,ERR,ERR,ERR,ERR,ERR,ERR,ERR,ERR,ERR,ERR,ERR,ERR,ERR,ERR,ERR,ERR,ERR,ERR,ERR,ERR,ERR,ERR,ERR,ERR,ERR,ERR,ERR,ERR,ERR,ERR,ERR,ERR,ERR,ERR,ERR,ERR,ERR,ERR,ERR,ERR,ERR,ERR,ERR,ERR,ERR,ERR,ERR,ERR,ERR,ERR,ERR,ERR,ERR,ERR,ERR,ERR,ERR,ERR,ERR,ERR,ERR,ERR,ERR,ERR,ERR,ERR,ERR,ERR,ERR,ERR,ERR,ERR,ERR,ERR,ERR,ERR,ERR,ERR,ERR,ERR,ERR,ERR,ERR,ERR,ERR,ERR,ERR,ERR,ERR,ERR,ERR,ERR,ERR,ERR,ERR,ERR,ERR,ERR,ERR,ERR,ERR,ERR,ERR,ERR,ERR,ERR,ERR,ERR,ERR,ERR,ERR,ERR,ERR,ERR,ERR,ERR,2.7184278591402704e+23,0.0,-0.0,0.0,0.0,0.0,0.0,nan,0,0,0,32768,0,0.0,0,0.0,0.0,0.0,0.0,0.0,0,0,0,0,0.0,0,0,0,0,0,0,0,0,0,0,0,0,0,0,0,0,0,0,0,0,0,0,0,0,0,0,0,0,0,0,0,0,0,0,0,0,0,0,0,0,0,0,0,0,0.0,0.0,0.0,0.0,0.0,0.0,0.0,0.0,0.0,0.0,0.0,0.0,0.0,0.0,0.0,0.0,0.0,0.0,0.0,0.0,0.0,0.0,0.0,0.0,-2.004,2.004,0.0,0.0,0.0,0.0,3407.5,0.0,0.0,2.7184278591402704e+23,0.0,-0.0,0.0,0.0,0.0,0.0,0.0,0,-0.0,-71.629,0.0,0.0,0.0,0.0,0.0,0.0,0.0,0,0,0,0.0,0.0,0.0,0.0,0.0,0.0,0.0,0.0,0.0,0.0,0.0,0.0,0.0,0.0,0.0,0.0,0,-107875648.0,0,0.0,0,-107875648.0,-107877712.0,0,39322,17039,0,17054,0,17038,0,0,0,110,100,100,2.7302334150594743e+23,64.0,0.0,64.5,0.0,69.0,1,49,50,180,0,52429,0,0,0.0,0.0,0.0,0.0,-8.016,65.0,0.0,-59969.992,0.0,645,0,689,0,0,0,718,0,790,0,710,0,690,0,645,0,642,0,616,0.032,55836672.0,0.0,2.7302316136196234e+23,17552,16788,-27937.254,-430607.938,35803522662400.0,152830.906,3.1706496619949102e+35,0.001,29.0,60.0,70,0.0,0.0,0.0,0.0,0.0,0.0,0.0,0.0,0.0,0.0,0.0,0.0,0.0,0.0,0.0,0.0,59.2,69,11,65508,41,65476,0,300,0,0,8,20529,65476,0,0,61604,60.0,0.0,0.0,0.0,0.0,0.0
2026-04-04T11:17:50,ERR,ERR,ERR,ERR,ERR,ERR,ERR,ERR,ERR,ERR,ERR,ERR,ERR,ERR,ERR,ERR,ERR,ERR,ERR,ERR,ERR,ERR,ERR,ERR,ERR,ERR,ERR,ERR,ERR,ERR,ERR,ERR,ERR,ERR,ERR,ERR,ERR,ERR,ERR,ERR,ERR,ERR,ERR,ERR,ERR,ERR,ERR,ERR,ERR,ERR,ERR,ERR,ERR,ERR,ERR,ERR,ERR,ERR,ERR,ERR,ERR,ERR,ERR,ERR,ERR,ERR,ERR,ERR,ERR,ERR,ERR,ERR,ERR,ERR,ERR,ERR,ERR,ERR,ERR,ERR,ERR,ERR,ERR,ERR,ERR,ERR,ERR,ERR,ERR,ERR,ERR,ERR,ERR,ERR,ERR,ERR,ERR,ERR,ERR,ERR,ERR,ERR,ERR,ERR,ERR,ERR,ERR,ERR,ERR,ERR,ERR,ERR,ERR,ERR,ERR,ERR,ERR,ERR,ERR,ERR,ERR,ERR,ERR,ERR,ERR,2.7184278591402704e+23,0.0,-0.0,0.0,0.0,0.0,0.0,nan,0,0,0,32768,0,0.0,0,0.0,0.0,0.0,0.0,0.0,0,0,0,0,0.0,0,0,0,0,0,0,0,0,0,0,0,0,0,0,0,0,0,0,0,0,0,0,0,0,0,0,0,0,0,0,0,0,0,0,0,0,0,0,0,0,0,0,0,0,0.0,0.0,0.0,0.0,0.0,0.0,0.0,0.0,0.0,0.0,0.0,0.0,0.0,0.0,0.0,0.0,0.0,0.0,0.0,0.0,0.0,0.0,0.0,0.0,-2.004,2.004,0.0,0.0,0.0,0.0,3407.5,0.0,0.0,2.7184278591402704e+23,0.0,-0.0,0.0,0.0,0.0,0.0,0.0,0,-0.0,-71.629,0.0,0.0,0.0,0.0,0.0,0.0,0.0,0,0,0,0.0,0.0,0.0,0.0,0.0,0.0,0.0,0.0,0.0,0.0,0.0,0.0,0.0,0.0,0.0,0.0,0,-107875648.0,0,0.0,0,-107875648.0,-107877712.0,0,39322,17039,0,17054,0,17038,0,0,0,110,100,100,2.7302334150594743e+23,64.0,0.0,64.5,0.0,69.0,1,49,50,180,0,52429,0,0,0.0,0.0,0.0,0.0,-8.016,65.0,0.0,-59969.992,0.0,645,0,689,0,0,0,718,0,790,0,710,0,690,0,645,0,642,0,616,0.032,55836672.0,0.0,2.7302316136196234e+23,17552,16788,-27937.254,-430607.938,35803522662400.0,152830.906,3.1706496619949102e+35,0.001,29.0,60.0,70,0.0,0.0,0.0,0.0,0.0,0.0,0.0,0.0,0.0,0.0,0.0,0.0,0.0,0.0,0.0,0.0,59.2,69,11,65508,41,65476,0,300,0,0,8,20529,65476,0,0,61604,60.0,0.0,0.0,0.0,0.0,0.0
2026-04-04T11:17:51,ERR,ERR,ERR,ERR,ERR,ERR,ERR,ERR,ERR,ERR,ERR,ERR,ERR,ERR,ERR,ERR,ERR,ERR,ERR,ERR,ERR,ERR,ERR,ERR,ERR,ERR,ERR,ERR,ERR,ERR,ERR,ERR,ERR,ERR,ERR,ERR,ERR,ERR,ERR,ERR,ERR,ERR,ERR,ERR,ERR,ERR,ERR,ERR,ERR,ERR,ERR,ERR,ERR,ERR,ERR,ERR,ERR,ERR,ERR,ERR,ERR,ERR,ERR,ERR,ERR,ERR,ERR,ERR,ERR,ERR,ERR,ERR,ERR,ERR,ERR,ERR,ERR,ERR,ERR,ERR,ERR,ERR,ERR,ERR,ERR,ERR,ERR,ERR,ERR,ERR,ERR,ERR,ERR,ERR,ERR,ERR,ERR,ERR,ERR,ERR,ERR,ERR,ERR,ERR,ERR,ERR,ERR,ERR,ERR,ERR,ERR,ERR,ERR,ERR,ERR,ERR,ERR,ERR,ERR,ERR,ERR,ERR,ERR,ERR,ERR,2.7184278591402704e+23,0.0,-0.0,0.0,0.0,0.0,0.0,nan,0,0,0,32768,0,0.0,0,0.0,0.0,0.0,0.0,0.0,0,0,0,0,0.0,0,0,0,0,0,0,0,0,0,0,0,0,0,0,0,0,0,0,0,0,0,0,0,0,0,0,0,0,0,0,0,0,0,0,0,0,0,0,0,0,0,0,0,0,0.0,0.0,0.0,0.0,0.0,0.0,0.0,0.0,0.0,0.0,0.0,0.0,0.0,0.0,0.0,0.0,0.0,0.0,0.0,0.0,0.0,0.0,0.0,0.0,-2.004,2.004,0.0,0.0,0.0,0.0,3407.5,0.0,0.0,2.7184278591402704e+23,0.0,-0.0,0.0,0.0,0.0,0.0,0.0,0,-0.0,-71.629,0.0,0.0,0.0,0.0,0.0,0.0,0.0,0,0,0,0.0,0.0,0.0,0.0,0.0,0.0,0.0,0.0,0.0,0.0,0.0,0.0,0.0,0.0,0.0,0.0,0,-107875648.0,0,0.0,0,-107875648.0,-107877712.0,0,39322,17039,0,17054,0,17038,0,0,0,110,100,100,2.7302334150594743e+23,64.0,0.0,64.5,0.0,69.0,1,49,50,180,0,52429,0,0,0.0,0.0,0.0,0.0,-8.016,65.0,0.0,-59969.992,0.0,645,0,689,0,0,0,718,0,790,0,710,0,690,0,645,0,642,0,616,0.032,55836672.0,0.0,2.7302316136196234e+23,17552,16788,-27937.254,-430607.938,35803522662400.0,152830.906,3.1706496619949102e+35,0.001,29.0,60.0,70,0.0,0.0,0.0,0.0,0.0,0.0,0.0,0.0,0.0,0.0,0.0,0.0,0.0,0.0,0.0,0.0,59.2,69,11,65508,41,65476,0,300,0,0,8,20529,65476,0,0,61604,60.0,0.0,0.0,0.0,0.0,0.0
2026-04-04T11:17:52,ERR,ERR,ERR,ERR,ERR,ERR,ERR,ERR,ERR,ERR,ERR,ERR,ERR,ERR,ERR,ERR,ERR,ERR,ERR,ERR,ERR,ERR,ERR,ERR,ERR,ERR,ERR,ERR,ERR,ERR,ERR,ERR,ERR,ERR,ERR,ERR,ERR,ERR,ERR,ERR,ERR,ERR,ERR,ERR,ERR,ERR,ERR,ERR,ERR,ERR,ERR,ERR,ERR,ERR,ERR,ERR,ERR,ERR,ERR,ERR,ERR,ERR,ERR,ERR,ERR,ERR,ERR,ERR,ERR,ERR,ERR,ERR,ERR,ERR,ERR,ERR,ERR,ERR,ERR,ERR,ERR,ERR,ERR,ERR,ERR,ERR,ERR,ERR,ERR,ERR,ERR,ERR,ERR,ERR,ERR,ERR,ERR,ERR,ERR,ERR,ERR,ERR,ERR,ERR,ERR,ERR,ERR,ERR,ERR,ERR,ERR,ERR,ERR,ERR,ERR,ERR,ERR,ERR,ERR,ERR,ERR,ERR,ERR,ERR,ERR,2.7184278591402704e+23,0.0,-0.0,0.0,0.0,0.0,0.0,nan,0,0,0,32768,0,0.0,0,0.0,0.0,0.0,0.0,0.0,0,0,0,0,0.0,0,0,0,0,0,0,0,0,0,0,0,0,0,0,0,0,0,0,0,0,0,0,0,0,0,0,0,0,0,0,0,0,0,0,0,0,0,0,0,0,0,0,0,0,0.0,0.0,0.0,0.0,0.0,0.0,0.0,0.0,0.0,0.0,0.0,0.0,0.0,0.0,0.0,0.0,0.0,0.0,0.0,0.0,0.0,0.0,0.0,0.0,-2.004,2.004,0.0,0.0,0.0,0.0,3407.5,0.0,0.0,2.7184278591402704e+23,0.0,-0.0,0.0,0.0,0.0,0.0,0.0,0,-0.0,-71.629,0.0,0.0,0.0,0.0,0.0,0.0,0.0,0,0,0,0.0,0.0,0.0,0.0,0.0,0.0,0.0,0.0,0.0,0.0,0.0,0.0,0.0,0.0,0.0,0.0,0,-107875648.0,0,0.0,0,-107875648.0,-107877712.0,0,39322,17039,0,17054,0,17038,0,0,0,110,100,100,2.7302334150594743e+23,64.0,0.0,64.5,0.0,69.0,1,49,50,180,0,52429,0,0,0.0,0.0,0.0,0.0,-8.016,65.0,0.0,-59969.992,0.0,645,0,689,0,0,0,718,0,790,0,710,0,690,0,645,0,642,0,616,0.032,55836672.0,0.0,2.7302316136196234e+23,17552,16788,-27937.254,-430607.938,35803522662400.0,152830.906,3.1706496619949102e+35,0.001,29.0,60.0,70,0.0,0.0,0.0,0.0,0.0,0.0,0.0,0.0,0.0,0.0,0.0,0.0,0.0,0.0,0.0,0.0,59.2,69,11,65508,41,65476,0,300,0,0,8,20529,65476,0,0,61604,60.0,0.0,0.0,0.0,0.0,0.0
2026-04-04T11:17:53,ERR,ERR,ERR,ERR,ERR,ERR,ERR,ERR,ERR,ERR,ERR,ERR,ERR,ERR,ERR,ERR,ERR,ERR,ERR,ERR,ERR,ERR,ERR,ERR,ERR,ERR,ERR,ERR,ERR,ERR,ERR,ERR,ERR,ERR,ERR,ERR,ERR,ERR,ERR,ERR,ERR,ERR,ERR,ERR,ERR,ERR,ERR,ERR,ERR,ERR,ERR,ERR,ERR,ERR,ERR,ERR,ERR,ERR,ERR,ERR,ERR,ERR,ERR,ERR,ERR,ERR,ERR,ERR,ERR,ERR,ERR,ERR,ERR,ERR,ERR,ERR,ERR,ERR,ERR,ERR,ERR,ERR,ERR,ERR,ERR,ERR,ERR,ERR,ERR,ERR,ERR,ERR,ERR,ERR,ERR,ERR,ERR,ERR,ERR,ERR,ERR,ERR,ERR,ERR,ERR,ERR,ERR,ERR,ERR,ERR,ERR,ERR,ERR,ERR,ERR,ERR,ERR,ERR,ERR,ERR,ERR,ERR,ERR,ERR,ERR,2.7184278591402704e+23,0.0,-0.0,0.0,0.0,0.0,0.0,nan,0,0,0,32768,0,0.0,0,0.0,0.0,0.0,0.0,0.0,0,0,0,0,0.0,0,0,0,0,0,0,0,0,0,0,0,0,0,0,0,0,0,0,0,0,0,0,0,0,0,0,0,0,0,0,0,0,0,0,0,0,0,0,0,0,0,0,0,0,0.0,0.0,0.0,0.0,0.0,0.0,0.0,0.0,0.0,0.0,0.0,0.0,0.0,0.0,0.0,0.0,0.0,0.0,0.0,0.0,0.0,0.0,0.0,0.0,-2.004,2.004,0.0,0.0,0.0,0.0,3407.5,0.0,0.0,2.7184278591402704e+23,0.0,-0.0,0.0,0.0,0.0,0.0,0.0,0,-0.0,-71.629,0.0,0.0,0.0,0.0,0.0,0.0,0.0,0,0,0,0.0,0.0,0.0,0.0,0.0,0.0,0.0,0.0,0.0,0.0,0.0,0.0,0.0,0.0,0.0,0.0,0,-107875648.0,0,0.0,0,-107875648.0,-107877712.0,0,39322,17039,0,17054,0,17038,0,0,0,110,100,100,2.7302334150594743e+23,64.0,0.0,64.5,0.0,69.0,1,49,50,180,0,52429,0,0,0.0,0.0,0.0,0.0,-0.0,65.0,0.0,-5.931527498471214e+25,0.0,645,0,689,0,0,0,718,0,790,0,709,0,690,0,645,0,642,0,616,0.032,36962304.0,0.0,2.7302316136196234e+23,19088,16788,-0.0,-0.0,0.0,-2.649226267842036e+24,1787969.25,-7.115135147371096e+34,29.0,60.0,70,0.0,0.0,0.0,0.0,0.0,0.0,0.0,0.0,0.0,0.0,0.0,0.0,0.0,0.0,0.0,0.0,59.2,69,11,65508,41,65476,0,300,0,0,8,20529,65476,0,0,61604,60.0,0.0,0.0,0.0,0.0,0.0
2026-04-04T11:17:54,ERR,ERR,ERR,ERR,ERR,ERR,ERR,ERR,ERR,ERR,ERR,ERR,ERR,ERR,ERR,ERR,ERR,ERR,ERR,ERR,ERR,ERR,ERR,ERR,ERR,ERR,ERR,ERR,ERR,ERR,ERR,ERR,ERR,ERR,ERR,ERR,ERR,ERR,ERR,ERR,ERR,ERR,ERR,ERR,ERR,ERR,ERR,ERR,ERR,ERR,ERR,ERR,ERR,ERR,ERR,ERR,ERR,ERR,ERR,ERR,ERR,ERR,ERR,ERR,ERR,ERR,ERR,ERR,ERR,ERR,ERR,ERR,ERR,ERR,ERR,ERR,ERR,ERR,ERR,ERR,ERR,ERR,ERR,ERR,ERR,ERR,ERR,ERR,ERR,ERR,ERR,ERR,ERR,ERR,ERR,ERR,ERR,ERR,ERR,ERR,ERR,ERR,ERR,ERR,ERR,ERR,ERR,ERR,ERR,ERR,ERR,ERR,ERR,ERR,ERR,ERR,ERR,ERR,ERR,ERR,ERR,ERR,ERR,ERR,ERR,2.7184278591402704e+23,0.0,-0.0,0.0,0.0,0.0,0.0,nan,0,0,0,32768,0,0.0,0,0.0,0.0,0.0,0.0,0.0,0,0,0,0,0.0,0,0,0,0,0,0,0,0,0,0,0,0,0,0,0,0,0,0,0,0,0,0,0,0,0,0,0,0,0,0,0,0,0,0,0,0,0,0,0,0,0,0,0,0,0.0,0.0,0.0,0.0,0.0,0.0,0.0,0.0,0.0,0.0,0.0,0.0,0.0,0.0,0.0,0.0,0.0,0.0,0.0,0.0,0.0,0.0,0.0,0.0,-2.004,2.004,0.0,0.0,0.0,0.0,3394.0,0.0,0.0,0.0,0.0,-0.0,0.0,0.0,0.0,0.0,0.0,0,-0.0,-71.629,0.0,0.0,0.0,0.0,0.0,0.0,0.0,0,0,0,0.0,0.0,0.0,0.0,0.0,0.0,0.0,0.0,0.0,0.0,0.0,0.0,0.0,0.0,0.0,0.0,0,-107875648.0,0,0.0,0,-107875648.0,-107877712.0,0,39322,17039,0,17054,0,17038,0,0,0,110,100,100,2.7302334150594743e+23,64.0,0.0,64.5,0.0,69.0,1,49,50,180,0,52429,0,0,0.0,0.0,0.0,0.0,-0.0,65.0,0.0,-5.931527498471214e+25,0.0,645,0,689,0,0,0,718,0,790,0,709,0,690,0,645,0,642,0,616,0.032,36962304.0,0.0,2.7302316136196234e+23,19088,16788,-0.0,-0.0,0.0,-2.649226267842036e+24,1787969.25,-7.115135147371096e+34,29.0,60.0,70,0.0,0.0,0.0,0.0,0.0,0.0,0.0,0.0,0.0,0.0,0.0,0.0,0.0,0.0,0.0,0.0,59.2,69,11,65508,41,65476,0,300,0,0,8,20529,65476,0,0,61604,60.0,0.0,0.0,0.0,0.0,0.0
2026-04-04T11:17:55,ERR,ERR,ERR,ERR,ERR,ERR,ERR,ERR,ERR,ERR,ERR,ERR,ERR,ERR,ERR,ERR,ERR,ERR,ERR,ERR,ERR,ERR,ERR,ERR,ERR,ERR,ERR,ERR,ERR,ERR,ERR,ERR,ERR,ERR,ERR,ERR,ERR,ERR,ERR,ERR,ERR,ERR,ERR,ERR,ERR,ERR,ERR,ERR,ERR,ERR,ERR,ERR,ERR,ERR,ERR,ERR,ERR,ERR,ERR,ERR,ERR,ERR,ERR,ERR,ERR,ERR,ERR,ERR,ERR,ERR,ERR,ERR,ERR,ERR,ERR,ERR,ERR,ERR,ERR,ERR,ERR,ERR,ERR,ERR,ERR,ERR,ERR,ERR,ERR,ERR,ERR,ERR,ERR,ERR,ERR,ERR,ERR,ERR,ERR,ERR,ERR,ERR,ERR,ERR,ERR,ERR,ERR,ERR,ERR,ERR,ERR,ERR,ERR,ERR,ERR,ERR,ERR,ERR,ERR,ERR,ERR,ERR,ERR,ERR,ERR,2.7184278591402704e+23,0.0,-0.0,0.0,0.0,0.0,0.0,nan,0,0,0,32768,0,0.0,0,0.0,0.0,0.0,0.0,0.0,0,0,0,0,0.0,0,0,0,0,0,0,0,0,0,0,0,0,0,0,0,0,0,0,0,0,0,0,0,0,0,0,0,0,0,0,0,0,0,0,0,0,0,0,0,0,0,0,0,0,0.0,0.0,0.0,0.0,0.0,0.0,0.0,0.0,0.0,0.0,0.0,0.0,0.0,0.0,0.0,0.0,0.0,0.0,0.0,0.0,0.0,0.0,0.0,0.0,-2.004,2.004,0.0,0.0,0.0,0.0,3394.0,0.0,0.0,0.0,0.0,-0.0,0.0,0.0,0.0,0.0,0.0,0,-0.0,-71.629,0.0,0.0,0.0,0.0,0.0,0.0,0.0,0,0,0,0.0,0.0,0.0,0.0,0.0,0.0,0.0,0.0,0.0,0.0,0.0,0.0,0.0,0.0,0.0,0.0,0,-107875648.0,0,0.0,0,-107875648.0,-107877712.0,0,39322,17039,0,17054,0,17038,0,0,0,110,100,100,2.7302334150594743e+23,64.0,0.0,64.5,0.0,69.0,1,49,50,180,0,52429,0,0,0.0,0.0,0.0,0.0,-0.0,65.0,0.0,-5.931527498471214e+25,0.0,645,0,689,0,0,0,718,0,790,0,709,0,690,0,645,0,642,0,616,0.032,36962304.0,0.0,2.7302316136196234e+23,19088,16788,-0.0,-0.0,0.0,-2.649226267842036e+24,1787969.25,-7.115135147371096e+34,29.0,60.0,70,0.0,0.0,0.0,0.0,0.0,0.0,0.0,0.0,0.0,0.0,0.0,0.0,0.0,0.0,0.0,0.0,59.2,69,11,65508,41,65476,0,300,0,0,8,20529,65476,0,0,61604,60.0,0.0,0.0,0.0,0.0,0.0
2026-04-04T11:17:56,ERR,ERR,ERR,ERR,ERR,ERR,ERR,ERR,ERR,ERR,ERR,ERR,ERR,ERR,ERR,ERR,ERR,ERR,ERR,ERR,ERR,ERR,ERR,ERR,ERR,ERR,ERR,ERR,ERR,ERR,ERR,ERR,ERR,ERR,ERR,ERR,ERR,ERR,ERR,ERR,ERR,ERR,ERR,ERR,ERR,ERR,ERR,ERR,ERR,ERR,ERR,ERR,ERR,ERR,ERR,ERR,ERR,ERR,ERR,ERR,ERR,ERR,ERR,ERR,ERR,ERR,ERR,ERR,ERR,ERR,ERR,ERR,ERR,ERR,ERR,ERR,ERR,ERR,ERR,ERR,ERR,ERR,ERR,ERR,ERR,ERR,ERR,ERR,ERR,ERR,ERR,ERR,ERR,ERR,ERR,ERR,ERR,ERR,ERR,ERR,ERR,ERR,ERR,ERR,ERR,ERR,ERR,ERR,ERR,ERR,ERR,ERR,ERR,ERR,ERR,ERR,ERR,ERR,ERR,ERR,ERR,ERR,ERR,ERR,ERR,2.7184278591402704e+23,0.0,-0.0,0.0,0.0,0.0,0.0,nan,0,0,0,32768,0,0.0,0,0.0,0.0,0.0,0.0,0.0,0,0,0,0,0.0,0,0,0,0,0,0,0,0,0,0,0,0,0,0,0,0,0,0,0,0,0,0,0,0,0,0,0,0,0,0,0,0,0,0,0,0,0,0,0,0,0,0,0,0,0.0,0.0,0.0,0.0,0.0,0.0,0.0,0.0,0.0,0.0,0.0,0.0,0.0,0.0,0.0,0.0,0.0,0.0,0.0,0.0,0.0,0.0,0.0,0.0,-2.004,2.004,0.0,0.0,0.0,0.0,3394.0,0.0,0.0,0.0,0.0,-0.0,0.0,0.0,0.0,0.0,0.0,0,-0.0,-71.629,0.0,0.0,0.0,0.0,0.0,0.0,0.0,0,0,0,0.0,0.0,0.0,0.0,0.0,0.0,0.0,0.0,0.0,0.0,0.0,0.0,0.0,0.0,0.0,0.0,0,-107875648.0,0,0.0,0,-107875648.0,-107877712.0,0,39322,17039,0,17054,0,17038,0,0,0,110,100,100,2.7302334150594743e+23,64.0,0.0,64.5,0.0,69.0,1,49,50,180,0,52429,0,0,0.0,0.0,0.0,0.0,-0.0,65.0,0.0,-5.931527498471214e+25,0.0,645,0,689,0,0,0,718,0,790,0,709,0,690,0,645,0,642,0,616,0.032,36962304.0,0.0,2.7302316136196234e+23,19088,16788,-0.0,-0.0,0.0,-2.649226267842036e+24,1787969.25,-7.115135147371096e+34,29.0,60.0,70,0.0,0.0,0.0,0.0,0.0,0.0,0.0,0.0,0.0,0.0,0.0,0.0,0.0,0.0,0.0,0.0,59.2,69,11,65508,41,65476,0,300,0,0,8,20529,65476,0,0,61604,60.0,0.0,0.0,0.0,0.0,0.0
2026-04-04T11:17:57,ERR,ERR,ERR,ERR,ERR,ERR,ERR,ERR,ERR,ERR,ERR,ERR,ERR,ERR,ERR,ERR,ERR,ERR,ERR,ERR,ERR,ERR,ERR,ERR,ERR,ERR,ERR,ERR,ERR,ERR,ERR,ERR,ERR,ERR,ERR,ERR,ERR,ERR,ERR,ERR,ERR,ERR,ERR,ERR,ERR,ERR,ERR,ERR,ERR,ERR,ERR,ERR,ERR,ERR,ERR,ERR,ERR,ERR,ERR,ERR,ERR,ERR,ERR,ERR,ERR,ERR,ERR,ERR,ERR,ERR,ERR,ERR,ERR,ERR,ERR,ERR,ERR,ERR,ERR,ERR,ERR,ERR,ERR,ERR,ERR,ERR,ERR,ERR,ERR,ERR,ERR,ERR,ERR,ERR,ERR,ERR,ERR,ERR,ERR,ERR,ERR,ERR,ERR,ERR,ERR,ERR,ERR,ERR,ERR,ERR,ERR,ERR,ERR,ERR,ERR,ERR,ERR,ERR,ERR,ERR,ERR,ERR,ERR,ERR,ERR,2.7184278591402704e+23,0.0,-0.0,0.0,0.0,0.0,0.0,nan,0,0,0,32768,0,0.0,0,0.0,0.0,0.0,0.0,0.0,0,0,0,0,0.0,0,0,0,0,0,0,0,0,0,0,0,0,0,0,0,0,0,0,0,0,0,0,0,0,0,0,0,0,0,0,0,0,0,0,0,0,0,0,0,0,0,0,0,0,0.0,0.0,0.0,0.0,0.0,0.0,0.0,0.0,0.0,0.0,0.0,0.0,0.0,0.0,0.0,0.0,0.0,0.0,0.0,0.0,0.0,0.0,0.0,0.0,-2.004,2.004,0.0,0.0,0.0,0.0,3394.0,0.0,0.0,0.0,0.0,-0.0,0.0,0.0,0.0,0.0,0.0,0,-0.0,-71.629,0.0,0.0,0.0,0.0,0.0,0.0,0.0,0,0,0,0.0,0.0,0.0,0.0,0.0,0.0,0.0,0.0,0.0,0.0,0.0,0.0,0.0,0.0,0.0,0.0,0,-107875648.0,0,0.0,0,-107875648.0,-107877712.0,0,39322,17039,0,17054,52429,17037,0,0,0,110,100,100,2.7302334150594743e+23,64.0,0.0,64.5,0.0,68.5,1,49,50,180,0,52429,0,0,0.0,0.0,0.0,0.0,-54.565,65.0,0.0,1.684245154824931e+22,0.0,645,0,689,0,0,0,718,0,790,0,710,0,690,0,645,0,642,0,616,0.032,55574528.0,0.0,2.7302316136196234e+23,25232,16788,-2101408.5,1.684245154824931e+22,0.0,-8.207430865592525e+24,898336030720000.0,0.0,29.0,60.0,70,0.0,0.0,0.0,0.0,0.0,0.0,0.0,0.0,0.0,0.0,0.0,0.0,0.0,0.0,0.0,0.0,59.2,69,11,65508,41,65476,0,300,0,0,8,20529,65476,0,0,61604,60.0,0.0,0.0,0.0,0.0,0.0
2026-04-04T11:17:58,ERR,ERR,ERR,ERR,ERR,ERR,ERR,ERR,ERR,ERR,ERR,ERR,ERR,ERR,ERR,ERR,ERR,ERR,ERR,ERR,ERR,ERR,ERR,ERR,ERR,ERR,ERR,ERR,ERR,ERR,ERR,ERR,ERR,ERR,ERR,ERR,ERR,ERR,ERR,ERR,ERR,ERR,ERR,ERR,ERR,ERR,ERR,ERR,ERR,ERR,ERR,ERR,ERR,ERR,ERR,ERR,ERR,ERR,ERR,ERR,ERR,ERR,ERR,ERR,ERR,ERR,ERR,ERR,ERR,ERR,ERR,ERR,ERR,ERR,ERR,ERR,ERR,ERR,ERR,ERR,ERR,ERR,ERR,ERR,ERR,ERR,ERR,ERR,ERR,ERR,ERR,ERR,ERR,ERR,ERR,ERR,ERR,ERR,ERR,ERR,ERR,ERR,ERR,ERR,ERR,ERR,ERR,ERR,ERR,ERR,ERR,ERR,ERR,ERR,ERR,ERR,ERR,ERR,ERR,ERR,ERR,ERR,ERR,ERR,ERR,2.7184278591402704e+23,0.0,-0.0,0.0,0.0,0.0,0.0,nan,0,0,0,32768,0,0.0,0,0.0,0.0,0.0,0.0,0.0,0,0,0,0,0.0,0,0,0,0,0,0,0,0,0,0,0,0,0,0,0,0,0,0,0,0,0,0,0,0,0,0,0,0,0,0,0,0,0,0,0,0,0,0,0,0,0,0,0,0,0.0,0.0,0.0,0.0,0.0,0.0,0.0,0.0,0.0,0.0,0.0,0.0,0.0,0.0,0.0,0.0,0.0,0.0,0.0,0.0,0.0,0.0,0.0,0.0,-2.004,2.004,0.0,0.0,0.0,0.0,3394.0,0.0,0.0,0.0,0.0,-0.0,0.0,0.0,0.0,0.0,0.0,0,-0.0,-71.629,0.0,0.0,0.0,0.0,0.0,0.0,0.0,0,0,0,0.0,0.0,0.0,0.0,0.0,0.0,0.0,0.0,0.0,0.0,0.0,0.0,0.0,0.0,0.0,0.0,0,-107875648.0,0,0.0,0,-107875648.0,-107877712.0,0,39322,17039,0,17054,52429,17037,0,0,0,110,100,100,2.7302334150594743e+23,64.0,0.0,64.5,0.0,68.5,1,49,50,180,0,52429,0,0,0.0,0.0,0.0,0.0,-54.565,65.0,0.0,1.684245154824931e+22,0.0,645,0,689,0,0,0,718,0,790,0,710,0,690,0,645,0,642,0,616,0.032,55574528.0,0.0,2.7302316136196234e+23,25232,16788,-2101408.5,1.684245154824931e+22,0.0,-8.207430865592525e+24,898336030720000.0,0.0,29.0,60.0,70,0.0,0.0,0.0,0.0,0.0,0.0,0.0,0.0,0.0,0.0,0.0,0.0,0.0,0.0,0.0,0.0,59.2,69,11,65508,41,65476,0,300,0,0,8,20529,65476,0,0,61604,60.0,0.0,0.0,0.0,0.0,0.0
2026-04-04T11:17:59,ERR,ERR,ERR,ERR,ERR,ERR,ERR,ERR,ERR,ERR,ERR,ERR,ERR,ERR,ERR,ERR,ERR,ERR,ERR,ERR,ERR,ERR,ERR,ERR,ERR,ERR,ERR,ERR,ERR,ERR,ERR,ERR,ERR,ERR,ERR,ERR,ERR,ERR,ERR,ERR,ERR,ERR,ERR,ERR,ERR,ERR,ERR,ERR,ERR,ERR,ERR,ERR,ERR,ERR,ERR,ERR,ERR,ERR,ERR,ERR,ERR,ERR,ERR,ERR,ERR,ERR,ERR,ERR,ERR,ERR,ERR,ERR,ERR,ERR,ERR,ERR,ERR,ERR,ERR,ERR,ERR,ERR,ERR,ERR,ERR,ERR,ERR,ERR,ERR,ERR,ERR,ERR,ERR,ERR,ERR,ERR,ERR,ERR,ERR,ERR,ERR,ERR,ERR,ERR,ERR,ERR,ERR,ERR,ERR,ERR,ERR,ERR,ERR,ERR,ERR,ERR,ERR,ERR,ERR,ERR,ERR,ERR,ERR,ERR,ERR,2.7184278591402704e+23,0.0,-0.0,0.0,0.0,0.0,0.0,nan,0,0,0,32768,0,0.0,0,0.0,0.0,0.0,0.0,0.0,0,0,0,0,0.0,0,0,0,0,0,0,0,0,0,0,0,0,0,0,0,0,0,0,0,0,0,0,0,0,0,0,0,0,0,0,0,0,0,0,0,0,0,0,0,0,0,0,0,0,0.0,0.0,0.0,0.0,0.0,0.0,0.0,0.0,0.0,0.0,0.0,0.0,0.0,0.0,0.0,0.0,0.0,0.0,0.0,0.0,0.0,0.0,0.0,0.0,-2.004,2.004,0.0,0.0,0.0,0.0,3394.0,0.0,0.0,0.0,0.0,-0.0,0.0,0.0,0.0,0.0,0.0,0,-0.0,-71.629,0.0,0.0,0.0,0.0,0.0,0.0,0.0,0,0,0,0.0,0.0,0.0,0.0,0.0,0.0,0.0,0.0,0.0,0.0,0.0,0.0,0.0,0.0,0.0,0.0,0,-107875648.0,0,0.0,0,-107875648.0,-107877712.0,0,39322,17039,0,17054,52429,17037,0,0,0,110,100,100,2.7302334150594743e+23,64.0,0.0,64.5,0.0,68.5,1,49,50,180,0,52429,0,0,0.0,0.0,0.0,0.0,-54.565,65.0,0.0,1.684245154824931e+22,0.0,645,0,689,0,0,0,718,0,790,0,710,0,690,0,645,0,642,0,616,0.032,55574528.0,0.0,2.7302316136196234e+23,25232,16788,-2101408.5,1.684245154824931e+22,0.0,-8.207430865592525e+24,898336030720000.0,0.0,29.0,60.0,70,0.0,0.0,0.0,0.0,0.0,0.0,0.0,0.0,0.0,0.0,0.0,0.0,0.0,0.0,0.0,0.0,59.2,69,11,65508,41,65476,0,300,0,0,8,20529,65476,0,0,61604,60.0,0.0,0.0,0.0,0.0,0.0
2026-04-04T11:18:00,ERR,ERR,ERR,ERR,ERR,ERR,ERR,ERR,ERR,ERR,ERR,ERR,ERR,ERR,ERR,ERR,ERR,ERR,ERR,ERR,ERR,ERR,ERR,ERR,ERR,ERR,ERR,ERR,ERR,ERR,ERR,ERR,ERR,ERR,ERR,ERR,ERR,ERR,ERR,ERR,ERR,ERR,ERR,ERR,ERR,ERR,ERR,ERR,ERR,ERR,ERR,ERR,ERR,ERR,ERR,ERR,ERR,ERR,ERR,ERR,ERR,ERR,ERR,ERR,ERR,ERR,ERR,ERR,ERR,ERR,ERR,ERR,ERR,ERR,ERR,ERR,ERR,ERR,ERR,ERR,ERR,ERR,ERR,ERR,ERR,ERR,ERR,ERR,ERR,ERR,ERR,ERR,ERR,ERR,ERR,ERR,ERR,ERR,ERR,ERR,ERR,ERR,ERR,ERR,ERR,ERR,ERR,ERR,ERR,ERR,ERR,ERR,ERR,ERR,ERR,ERR,ERR,ERR,ERR,ERR,ERR,ERR,ERR,ERR,ERR,0.0,0.0,-101055584.0,0.0,0.0,0.0,0.0,nan,0,0,0,32768,0,0.0,0,0.0,0.0,0.0,0.0,0.0,0,0,0,0,0.0,0,0,0,0,0,0,0,0,0,0,0,0,0,0,0,0,0,0,0,0,0,0,0,0,0,0,0,0,0,0,0,0,0,0,0,0,0,0,0,0,0,0,0,0,0.0,0.0,0.0,0.0,0.0,0.0,0.0,0.0,0.0,0.0,0.0,0.0,0.0,0.0,0.0,0.0,0.0,0.0,0.0,0.0,0.0,0.0,-2.004,0.0,-2.004,2.004,0.0,0.0,0.0,0.0,3393.5,0.0,0.0,2.7184278591402704e+23,0.0,-0.0,0.0,0.0,0.0,0.0,0.0,0,-0.0,-71.629,0.0,0.0,0.0,0.0,0.0,0.0,0.0,0,0,0,0.0,0.0,0.0,0.0,0.0,0.0,0.0,0.0,0.0,0.0,0.0,0.0,0.0,0.0,0.0,0.0,0,-107875648.0,0,0.0,0,-107875648.0,-107877712.0,0,39322,17039,0,17054,52429,17037,0,0,0,110,100,100,2.7302334150594743e+23,64.0,0.0,64.5,0.0,68.5,1,49,50,180,0,52429,0,0,0.0,0.0,0.0,0.0,-54.565,65.0,0.0,1.684245154824931e+22,0.0,645,0,689,0,0,0,718,0,790,0,710,0,690,0,645,0,642,0,616,0.032,55574528.0,0.0,2.7302316136196234e+23,25232,16788,-2101408.5,1.684245154824931e+22,0.0,-8.207430865592525e+24,898336030720000.0,0.0,29.0,60.0,70,0.0,0.0,0.0,0.0,0.0,0.0,0.0,0.0,0.0,0.0,0.0,0.0,0.0,0.0,0.0,0.0,59.2,69,11,65508,41,65476,0,300,0,0,8,20529,65476,0,0,61604,60.0,0.0,0.0,0.0,0.0,0.0
2026-04-04T11:18:01,ERR,ERR,ERR,ERR,ERR,ERR,ERR,ERR,ERR,ERR,ERR,ERR,ERR,ERR,ERR,ERR,ERR,ERR,ERR,ERR,ERR,ERR,ERR,ERR,ERR,ERR,ERR,ERR,ERR,ERR,ERR,ERR,ERR,ERR,ERR,ERR,ERR,ERR,ERR,ERR,ERR,ERR,ERR,ERR,ERR,ERR,ERR,ERR,ERR,ERR,ERR,ERR,ERR,ERR,ERR,ERR,ERR,ERR,ERR,ERR,ERR,ERR,ERR,ERR,ERR,ERR,ERR,ERR,ERR,ERR,ERR,ERR,ERR,ERR,ERR,ERR,ERR,ERR,ERR,ERR,ERR,ERR,ERR,ERR,ERR,ERR,ERR,ERR,ERR,ERR,ERR,ERR,ERR,ERR,ERR,ERR,ERR,ERR,ERR,ERR,ERR,ERR,ERR,ERR,ERR,ERR,ERR,ERR,ERR,ERR,ERR,ERR,ERR,ERR,ERR,ERR,ERR,ERR,ERR,ERR,ERR,ERR,ERR,ERR,ERR,0.0,0.0,-101055584.0,0.0,0.0,0.0,0.0,nan,0,0,0,32768,0,0.0,0,0.0,0.0,0.0,0.0,0.0,0,0,0,0,0.0,0,0,0,0,0,0,0,0,0,0,0,0,0,0,0,0,0,0,0,0,0,0,0,0,0,0,0,0,0,0,0,0,0,0,0,0,0,0,0,0,0,0,0,0,0.0,0.0,0.0,0.0,0.0,0.0,0.0,0.0,0.0,0.0,0.0,0.0,0.0,0.0,0.0,0.0,0.0,0.0,0.0,0.0,0.0,0.0,-2.004,0.0,-2.004,2.004,0.0,0.0,0.0,0.0,3393.5,0.0,0.0,2.7184278591402704e+23,0.0,-0.0,0.0,0.0,0.0,0.0,0.0,0,-0.0,-71.629,0.0,0.0,0.0,0.0,0.0,0.0,0.0,0,0,0,0.0,0.0,0.0,0.0,0.0,0.0,0.0,0.0,0.0,0.0,0.0,0.0,0.0,0.0,0.0,0.0,0,-107875648.0,0,0.0,0,-107875648.0,-107877712.0,0,39322,17039,0,17054,52429,17037,0,0,0,110,100,100,2.7302334150594743e+23,64.0,0.0,64.5,0.0,68.5,1,49,50,180,0,52429,0,0,0.0,0.0,0.0,0.0,-54.565,65.0,0.0,1.684245154824931e+22,0.0,645,0,689,0,0,0,718,0,790,0,710,0,690,0,645,0,642,0,616,0.032,55574528.0,0.0,2.7302316136196234e+23,25232,16788,-2101408.5,1.684245154824931e+22,0.0,-8.207430865592525e+24,898336030720000.0,0.0,29.0,60.0,70,0.0,0.0,0.0,0.0,0.0,0.0,0.0,0.0,0.0,0.0,0.0,0.0,0.0,0.0,0.0,0.0,59.2,69,11,65508,41,65476,0,300,0,0,8,20529,65476,0,0,61604,60.0,0.0,0.0,0.0,0.0,0.0
2026-04-04T11:18:02,ERR,ERR,ERR,ERR,ERR,ERR,ERR,ERR,ERR,ERR,ERR,ERR,ERR,ERR,ERR,ERR,ERR,ERR,ERR,ERR,ERR,ERR,ERR,ERR,ERR,ERR,ERR,ERR,ERR,ERR,ERR,ERR,ERR,ERR,ERR,ERR,ERR,ERR,ERR,ERR,ERR,ERR,ERR,ERR,ERR,ERR,ERR,ERR,ERR,ERR,ERR,ERR,ERR,ERR,ERR,ERR,ERR,ERR,ERR,ERR,ERR,ERR,ERR,ERR,ERR,ERR,ERR,ERR,ERR,ERR,ERR,ERR,ERR,ERR,ERR,ERR,ERR,ERR,ERR,ERR,ERR,ERR,ERR,ERR,ERR,ERR,ERR,ERR,ERR,ERR,ERR,ERR,ERR,ERR,ERR,ERR,ERR,ERR,ERR,ERR,ERR,ERR,ERR,ERR,ERR,ERR,ERR,ERR,ERR,ERR,ERR,ERR,ERR,ERR,ERR,ERR,ERR,ERR,ERR,ERR,ERR,ERR,ERR,ERR,ERR,0.0,0.0,-101055584.0,0.0,0.0,0.0,0.0,nan,0,0,0,32768,0,0.0,0,0.0,0.0,0.0,0.0,0.0,0,0,0,0,0.0,0,0,0,0,0,0,0,0,0,0,0,0,0,0,0,0,0,0,0,0,0,0,0,0,0,0,0,0,0,0,0,0,0,0,0,0,0,0,0,0,0,0,0,0,0.0,0.0,0.0,0.0,0.0,0.0,0.0,0.0,0.0,0.0,0.0,0.0,0.0,0.0,0.0,0.0,0.0,0.0,0.0,0.0,0.0,0.0,-2.004,0.0,-2.004,2.004,0.0,0.0,0.0,0.0,3393.5,0.0,0.0,2.7184278591402704e+23,0.0,-0.0,0.0,0.0,0.0,0.0,0.0,0,-0.0,-71.629,0.0,0.0,0.0,0.0,0.0,0.0,0.0,0,0,0,0.0,0.0,0.0,0.0,0.0,0.0,0.0,0.0,0.0,0.0,0.0,0.0,0.0,0.0,0.0,0.0,0,-107875648.0,0,0.0,0,-107875648.0,-107877712.0,0,39322,17039,0,17054,0,17038,0,0,0,110,100,100,2.7302334150594743e+23,64.0,0.0,64.5,0.0,69.0,1,49,50,180,0,52429,0,0,0.0,0.0,0.0,0.0,-0.0,65.0,0.0,-1.2737857320277246e+35,0.0,645,0,689,0,0,0,718,0,790,0,709,0,690,0,645,0,642,0,616,0.032,55836672.0,0.0,2.7302316136196234e+23,19472,16788,-0.0,0.0,-0.0,-12230509568.0,0.0,-0.0,29.0,60.0,70,0.0,0.0,0.0,0.0,0.0,0.0,0.0,0.0,0.0,0.0,0.0,0.0,0.0,0.0,0.0,0.0,59.2,69,11,65508,41,65476,0,300,0,0,8,20529,65476,0,0,61604,60.0,0.0,0.0,0.0,0.0,0.0
2026-04-04T11:18:03,ERR,ERR,ERR,ERR,ERR,ERR,ERR,ERR,ERR,ERR,ERR,ERR,ERR,ERR,ERR,ERR,ERR,ERR,ERR,ERR,ERR,ERR,ERR,ERR,ERR,ERR,ERR,ERR,ERR,ERR,ERR,ERR,ERR,ERR,ERR,ERR,ERR,ERR,ERR,ERR,ERR,ERR,ERR,ERR,ERR,ERR,ERR,ERR,ERR,ERR,ERR,ERR,ERR,ERR,ERR,ERR,ERR,ERR,ERR,ERR,ERR,ERR,ERR,ERR,ERR,ERR,ERR,ERR,ERR,ERR,ERR,ERR,ERR,ERR,ERR,ERR,ERR,ERR,ERR,ERR,ERR,ERR,ERR,ERR,ERR,ERR,ERR,ERR,ERR,ERR,ERR,ERR,ERR,ERR,ERR,ERR,ERR,ERR,ERR,ERR,ERR,ERR,ERR,ERR,ERR,ERR,ERR,ERR,ERR,ERR,ERR,ERR,ERR,ERR,ERR,ERR,ERR,ERR,ERR,ERR,ERR,ERR,ERR,ERR,ERR,0.0,0.0,-101055584.0,0.0,0.0,0.0,0.0,nan,0,0,0,32768,0,0.0,0,0.0,0.0,0.0,0.0,0.0,0,0,0,0,0.0,0,0,0,0,0,0,0,0,0,0,0,0,0,0,0,0,0,0,0,0,0,0,0,0,0,0,0,0,0,0,0,0,0,0,0,0,0,0,0,0,0,0,0,0,0.0,0.0,0.0,0.0,0.0,0.0,0.0,0.0,0.0,0.0,0.0,0.0,0.0,0.0,0.0,0.0,0.0,0.0,0.0,0.0,0.0,0.0,-2.004,0.0,-2.004,2.004,0.0,0.0,0.0,0.0,3393.5,0.0,0.0,2.7184278591402704e+23,0.0,-0.0,0.0,0.0,0.0,0.0,0.0,0,-0.0,-71.629,0.0,0.0,0.0,0.0,0.0,0.0,0.0,0,0,0,0.0,0.0,0.0,0.0,0.0,0.0,0.0,0.0,0.0,0.0,0.0,0.0,0.0,0.0,0.0,0.0,0,-107875648.0,0,0.0,0,-107875648.0,-107877712.0,0,39322,17039,0,17054,0,17038,0,0,0,110,100,100,2.7302334150594743e+23,64.0,0.0,64.5,0.0,69.0,1,49,50,180,0,52429,0,0,0.0,0.0,0.0,0.0,-0.0,65.0,0.0,-1.2737857320277246e+35,0.0,645,0,689,0,0,0,718,0,790,0,709,0,690,0,645,0,642,0,616,0.032,55836672.0,0.0,2.7302316136196234e+23,19472,16788,-0.0,0.0,-0.0,-12230509568.0,0.0,-0.0,29.0,60.0,70,0.0,0.0,0.0,0.0,0.0,0.0,0.0,0.0,0.0,0.0,0.0,0.0,0.0,0.0,0.0,0.0,59.2,69,11,65508,41,65476,0,300,0,0,8,20529,65476,0,0,61604,60.0,0.0,0.0,0.0,0.0,0.0
2026-04-04T11:18:04,ERR,ERR,ERR,ERR,ERR,ERR,ERR,ERR,ERR,ERR,ERR,ERR,ERR,ERR,ERR,ERR,ERR,ERR,ERR,ERR,ERR,ERR,ERR,ERR,ERR,ERR,ERR,ERR,ERR,ERR,ERR,ERR,ERR,ERR,ERR,ERR,ERR,ERR,ERR,ERR,ERR,ERR,ERR,ERR,ERR,ERR,ERR,ERR,ERR,ERR,ERR,ERR,ERR,ERR,ERR,ERR,ERR,ERR,ERR,ERR,ERR,ERR,ERR,ERR,ERR,ERR,ERR,ERR,ERR,ERR,ERR,ERR,ERR,ERR,ERR,ERR,ERR,ERR,ERR,ERR,ERR,ERR,ERR,ERR,ERR,ERR,ERR,ERR,ERR,ERR,ERR,ERR,ERR,ERR,ERR,ERR,ERR,ERR,ERR,ERR,ERR,ERR,ERR,ERR,ERR,ERR,ERR,ERR,ERR,ERR,ERR,ERR,ERR,ERR,ERR,ERR,ERR,ERR,ERR,ERR,ERR,ERR,ERR,ERR,ERR,0.0,0.0,-101055584.0,0.0,0.0,0.0,0.0,nan,0,0,0,32768,0,0.0,0,0.0,0.0,0.0,0.0,0.0,0,0,0,0,0.0,0,0,0,0,0,0,0,0,0,0,0,0,0,0,0,0,0,0,0,0,0,0,0,0,0,0,0,0,0,0,0,0,0,0,0,0,0,0,0,0,0,0,0,0,0.0,0.0,0.0,0.0,0.0,0.0,0.0,0.0,0.0,0.0,0.0,0.0,0.0,0.0,0.0,0.0,0.0,0.0,0.0,0.0,0.0,0.0,-2.004,0.0,-2.004,2.004,0.0,0.0,0.0,0.0,3393.5,0.0,0.0,2.7184278591402704e+23,0.0,-0.0,0.0,0.0,0.0,0.0,0.0,0,-0.0,-71.629,0.0,0.0,0.0,0.0,0.0,0.0,0.0,0,0,0,0.0,0.0,0.0,0.0,0.0,0.0,0.0,0.0,0.0,0.0,0.0,0.0,0.0,0.0,0.0,0.0,0,-107875648.0,0,0.0,0,-107875648.0,-107877712.0,0,39322,17039,0,17054,0,17038,0,0,0,110,100,100,2.7302334150594743e+23,64.0,0.0,64.5,0.0,69.0,1,49,50,180,0,52429,0,0,0.0,0.0,0.0,0.0,-0.0,65.0,0.0,-1.2737857320277246e+35,0.0,645,0,689,0,0,0,718,0,790,0,709,0,690,0,645,0,642,0,616,0.032,55836672.0,0.0,2.7302316136196234e+23,19472,16788,-0.0,0.0,-0.0,-12230509568.0,0.0,-0.0,29.0,60.0,70,0.0,0.0,0.0,0.0,0.0,0.0,0.0,0.0,0.0,0.0,0.0,0.0,0.0,0.0,0.0,0.0,59.2,69,11,65508,41,65476,0,300,0,0,8,20529,65476,0,0,61604,60.0,0.0,0.0,0.0,0.0,0.0
2026-04-04T11:18:05,ERR,ERR,ERR,ERR,ERR,ERR,ERR,ERR,ERR,ERR,ERR,ERR,ERR,ERR,ERR,ERR,ERR,ERR,ERR,ERR,ERR,ERR,ERR,ERR,ERR,ERR,ERR,ERR,ERR,ERR,ERR,ERR,ERR,ERR,ERR,ERR,ERR,ERR,ERR,ERR,ERR,ERR,ERR,ERR,ERR,ERR,ERR,ERR,ERR,ERR,ERR,ERR,ERR,ERR,ERR,ERR,ERR,ERR,ERR,ERR,ERR,ERR,ERR,ERR,ERR,ERR,ERR,ERR,ERR,ERR,ERR,ERR,ERR,ERR,ERR,ERR,ERR,ERR,ERR,ERR,ERR,ERR,ERR,ERR,ERR,ERR,ERR,ERR,ERR,ERR,ERR,ERR,ERR,ERR,ERR,ERR,ERR,ERR,ERR,ERR,ERR,ERR,ERR,ERR,ERR,ERR,ERR,ERR,ERR,ERR,ERR,ERR,ERR,ERR,ERR,ERR,ERR,ERR,ERR,ERR,ERR,ERR,ERR,ERR,ERR,0.0,0.0,-101055584.0,0.0,0.0,0.0,0.0,nan,0,0,0,32768,0,0.0,0,0.0,0.0,0.0,0.0,0.0,0,0,0,0,0.0,0,0,0,0,0,0,0,0,0,0,0,0,0,0,0,0,0,0,0,0,0,0,0,0,0,0,0,0,0,0,0,0,0,0,0,0,0,0,0,0,0,0,0,0,0.0,0.0,0.0,0.0,0.0,0.0,0.0,0.0,0.0,0.0,0.0,0.0,0.0,0.0,0.0,0.0,0.0,0.0,0.0,0.0,0.0,0.0,-2.004,0.0,-2.004,2.004,0.0,0.0,0.0,0.0,3393.5,0.0,0.0,2.7184278591402704e+23,0.0,-0.0,0.0,0.0,0.0,0.0,0.0,0,-0.0,-71.629,0.0,0.0,0.0,0.0,0.0,0.0,0.0,0,0,0,0.0,0.0,0.0,0.0,0.0,0.0,0.0,0.0,0.0,0.0,0.0,0.0,0.0,0.0,0.0,0.0,0,-107875648.0,0,0.0,0,-107875648.0,-107877712.0,0,39322,17039,0,17054,0,17038,0,0,0,110,100,100,2.7302334150594743e+23,64.0,0.0,64.5,0.0,69.0,1,49,50,180,0,52429,0,0,0.0,0.0,0.0,0.0,-0.0,65.0,0.0,-1.2737857320277246e+35,0.0,645,0,689,0,0,0,718,0,790,0,709,0,690,0,645,0,642,0,616,0.032,55836672.0,0.0,2.7302316136196234e+23,19472,16788,-0.0,0.0,-0.0,-12230509568.0,0.0,-0.0,29.0,60.0,70,0.0,0.0,0.0,0.0,0.0,0.0,0.0,0.0,0.0,0.0,0.0,0.0,0.0,0.0,0.0,0.0,59.2,69,11,65508,41,65476,0,300,0,0,8,20529,65476,0,0,61604,60.0,0.0,0.0,0.0,0.0,0.0
2026-04-04T11:18:06,ERR,ERR,ERR,ERR,ERR,ERR,ERR,ERR,ERR,ERR,ERR,ERR,ERR,ERR,ERR,ERR,ERR,ERR,ERR,ERR,ERR,ERR,ERR,ERR,ERR,ERR,ERR,ERR,ERR,ERR,ERR,ERR,ERR,ERR,ERR,ERR,ERR,ERR,ERR,ERR,ERR,ERR,ERR,ERR,ERR,ERR,ERR,ERR,ERR,ERR,ERR,ERR,ERR,ERR,ERR,ERR,ERR,ERR,ERR,ERR,ERR,ERR,ERR,ERR,ERR,ERR,ERR,ERR,ERR,ERR,ERR,ERR,ERR,ERR,ERR,ERR,ERR,ERR,ERR,ERR,ERR,ERR,ERR,ERR,ERR,ERR,ERR,ERR,ERR,ERR,ERR,ERR,ERR,ERR,ERR,ERR,ERR,ERR,ERR,ERR,ERR,ERR,ERR,ERR,ERR,ERR,ERR,ERR,ERR,ERR,ERR,ERR,ERR,ERR,ERR,ERR,ERR,ERR,ERR,ERR,ERR,ERR,ERR,ERR,ERR,0.0,0.0,-101055584.0,0.0,0.0,0.0,0.0,nan,0,0,0,32768,0,0.0,0,0.0,0.0,0.0,0.0,0.0,0,0,0,0,0.0,0,0,0,0,0,0,0,0,0,0,0,0,0,0,0,0,0,0,0,0,0,0,0,0,0,0,0,0,0,0,0,0,0,0,0,0,0,0,0,0,0,0,0,0,0.0,0.0,0.0,0.0,0.0,0.0,0.0,0.0,0.0,0.0,0.0,0.0,0.0,0.0,0.0,0.0,0.0,0.0,0.0,0.0,0.0,0.0,-2.004,0.0,-2.004,2.004,0.0,0.0,0.0,0.0,3393.5,0.0,0.0,2.7184278591402704e+23,0.0,-0.0,0.0,0.0,0.0,0.0,0.0,0,-0.0,-71.629,0.0,0.0,0.0,0.0,0.0,0.0,0.0,0,0,0,0.0,0.0,0.0,0.0,0.0,0.0,0.0,0.0,0.0,0.0,0.0,0.0,0.0,0.0,0.0,0.0,0,-107875648.0,0,0.0,0,-107875648.0,-107877712.0,0,39322,17039,0,17054,0,17038,0,0,0,110,100,100,2.7302334150594743e+23,64.0,0.0,64.5,0.0,69.0,1,49,50,180,0,52429,0,0,0.0,0.0,0.0,0.0,-0.0,65.0,0.0,-1.2737857320277246e+35,0.0,645,0,689,0,0,0,718,0,790,0,709,0,690,0,645,0,642,0,616,0.032,55836672.0,0.0,2.7302316136196234e+23,19472,16788,-0.0,0.0,-0.0,-12230509568.0,0.0,-0.0,29.0,60.0,70,0.0,0.0,0.0,0.0,0.0,0.0,0.0,0.0,0.0,0.0,0.0,0.0,0.0,0.0,0.0,0.0,59.6,69,11,65508,41,65476,0,300,0,0,8,20529,65476,0,0,61604,60.0,0.0,0.0,0.0,0.0,0.0
2026-04-04T11:18:07,ERR,ERR,ERR,ERR,ERR,ERR,ERR,ERR,ERR,ERR,ERR,ERR,ERR,ERR,ERR,ERR,ERR,ERR,ERR,ERR,ERR,ERR,ERR,ERR,ERR,ERR,ERR,ERR,ERR,ERR,ERR,ERR,ERR,ERR,ERR,ERR,ERR,ERR,ERR,ERR,ERR,ERR,ERR,ERR,ERR,ERR,ERR,ERR,ERR,ERR,ERR,ERR,ERR,ERR,ERR,ERR,ERR,ERR,ERR,ERR,ERR,ERR,ERR,ERR,ERR,ERR,ERR,ERR,ERR,ERR,ERR,ERR,ERR,ERR,ERR,ERR,ERR,ERR,ERR,ERR,ERR,ERR,ERR,ERR,ERR,ERR,ERR,ERR,ERR,ERR,ERR,ERR,ERR,ERR,ERR,ERR,ERR,ERR,ERR,ERR,ERR,ERR,ERR,ERR,ERR,ERR,ERR,ERR,ERR,ERR,ERR,ERR,ERR,ERR,ERR,ERR,ERR,ERR,ERR,ERR,ERR,ERR,ERR,ERR,ERR,0.0,0.0,-101055584.0,0.0,0.0,0.0,0.0,nan,0,0,0,32768,0,0.0,0,0.0,0.0,0.0,0.0,0.0,0,0,0,0,0.0,0,0,0,0,0,0,0,0,0,0,0,0,0,0,0,0,0,0,0,0,0,0,0,0,0,0,0,0,0,0,0,0,0,0,0,0,0,0,0,0,0,0,0,0,0.0,0.0,0.0,0.0,0.0,0.0,0.0,0.0,0.0,0.0,0.0,0.0,0.0,0.0,0.0,0.0,0.0,0.0,0.0,0.0,0.0,0.0,-2.004,0.0,-2.004,2.004,0.0,0.0,0.0,0.0,3393.5,0.0,0.0,2.7184278591402704e+23,0.0,-0.0,0.0,0.0,0.0,0.0,0.0,0,-0.0,-71.629,0.0,0.0,0.0,0.0,0.0,0.0,0.0,0,0,0,0.0,0.0,0.0,0.0,0.0,0.0,0.0,0.0,0.0,0.0,0.0,0.0,0.0,0.0,0.0,0.0,0,-107875648.0,0,0.0,0,-107875648.0,-107877712.0,0,39322,17039,0,17054,0,17038,0,0,0,110,100,100,2.7302334150594743e+23,64.0,0.0,64.5,0.0,69.0,1,49,50,180,0,52429,0,0,0.0,0.0,0.0,0.0,-0.0,65.0,0.0,-1.2737857320277246e+35,0.0,645,0,689,0,0,0,718,0,790,0,709,0,690,0,645,0,642,0,616,0.032,55836672.0,0.0,2.7302316136196234e+23,19472,16788,-0.0,0.0,-0.0,-12230509568.0,0.0,-0.0,29.0,60.0,70,0.0,0.0,0.0,0.0,0.0,0.0,0.0,0.0,0.0,0.0,0.0,0.0,0.0,0.0,0.0,0.0,59.6,69,11,65508,41,65476,0,300,0,0,8,20529,65476,0,0,61604,60.0,0.0,0.0,0.0,0.0,0.0
2026-04-04T11:18:08,ERR,ERR,ERR,ERR,ERR,ERR,ERR,ERR,ERR,ERR,ERR,ERR,ERR,ERR,ERR,ERR,ERR,ERR,ERR,ERR,ERR,ERR,ERR,ERR,ERR,ERR,ERR,ERR,ERR,ERR,ERR,ERR,ERR,ERR,ERR,ERR,ERR,ERR,ERR,ERR,ERR,ERR,ERR,ERR,ERR,ERR,ERR,ERR,ERR,ERR,ERR,ERR,ERR,ERR,ERR,ERR,ERR,ERR,ERR,ERR,ERR,ERR,ERR,ERR,ERR,ERR,ERR,ERR,ERR,ERR,ERR,ERR,ERR,ERR,ERR,ERR,ERR,ERR,ERR,ERR,ERR,ERR,ERR,ERR,ERR,ERR,ERR,ERR,ERR,ERR,ERR,ERR,ERR,ERR,ERR,ERR,ERR,ERR,ERR,ERR,ERR,ERR,ERR,ERR,ERR,ERR,ERR,ERR,ERR,ERR,ERR,ERR,ERR,ERR,ERR,ERR,ERR,ERR,ERR,ERR,ERR,ERR,ERR,ERR,ERR,2.7184278591402704e+23,0.0,-0.0,0.0,0.0,0.0,0.0,nan,0,0,0,32768,0,0.0,0,0.0,0.0,0.0,0.0,0.0,0,0,0,0,0.0,0,0,0,0,0,0,0,0,0,0,0,0,0,0,0,0,0,0,0,0,0,0,0,0,0,0,0,0,0,0,0,0,0,0,0,0,0,0,0,0,0,0,0,0,0.0,0.0,0.0,0.0,0.0,0.0,0.0,0.0,0.0,0.0,0.0,0.0,0.0,0.0,0.0,0.0,0.0,0.0,0.0,0.0,0.0,0.0,-2.004,0.0,-2.004,2.004,0.0,0.0,0.0,0.0,3378.0,-8608107520.0,0.0,0.0,0.0,-0.0,0.0,0.0,0.0,0.0,0.0,0,-0.0,-0.0,0.0,0.0,0.0,0.0,0.0,0.0,0.0,0,0,0,0.0,0.0,0.0,0.0,0.0,0.0,0.0,0.0,0.0,0.0,0.0,0.0,0.0,0.0,0.0,0.0,0,-107875648.0,0,0.0,0,-107875648.0,-107877712.0,0,39322,17039,0,17054,52429,17037,0,0,0,110,100,100,2.7302334150594743e+23,64.0,0.0,64.5,0.0,69.0,1,49,50,180,0,52429,0,0,0.0,0.0,0.0,0.0,-1234.078,65.0,0.0,-2.4226212597828918e+38,0.0,645,0,689,0,0,0,718,0,790,0,709,0,690,0,645,0,642,0,616,0.032,55836672.0,0.0,2.7302316136196234e+23,31504,16788,-1632336.25,-2.4226212597828918e+38,-2.652664160986333e+18,0.0,0.0,-77104368582656.0,29.0,60.0,70,0.0,0.0,0.0,0.0,0.0,0.0,0.0,0.0,0.0,0.0,0.0,0.0,0.0,0.0,0.0,0.0,59.6,69,11,65508,41,65476,0,300,0,0,8,20529,65476,0,0,61604,60.0,0.0,0.0,0.0,0.0,0.0
2026-04-04T11:18:09,ERR,ERR,ERR,ERR,ERR,ERR,ERR,ERR,ERR,ERR,ERR,ERR,ERR,ERR,ERR,ERR,ERR,ERR,ERR,ERR,ERR,ERR,ERR,ERR,ERR,ERR,ERR,ERR,ERR,ERR,ERR,ERR,ERR,ERR,ERR,ERR,ERR,ERR,ERR,ERR,ERR,ERR,ERR,ERR,ERR,ERR,ERR,ERR,ERR,ERR,ERR,ERR,ERR,ERR,ERR,ERR,ERR,ERR,ERR,ERR,ERR,ERR,ERR,ERR,ERR,ERR,ERR,ERR,ERR,ERR,ERR,ERR,ERR,ERR,ERR,ERR,ERR,ERR,ERR,ERR,ERR,ERR,ERR,ERR,ERR,ERR,ERR,ERR,ERR,ERR,ERR,ERR,ERR,ERR,ERR,ERR,ERR,ERR,ERR,ERR,ERR,ERR,ERR,ERR,ERR,ERR,ERR,ERR,ERR,ERR,ERR,ERR,ERR,ERR,ERR,ERR,ERR,ERR,ERR,ERR,ERR,ERR,ERR,ERR,ERR,2.7184278591402704e+23,0.0,-0.0,0.0,0.0,0.0,0.0,nan,0,0,0,32768,0,0.0,0,0.0,0.0,0.0,0.0,0.0,0,0,0,0,0.0,0,0,0,0,0,0,0,0,0,0,0,0,0,0,0,0,0,0,0,0,0,0,0,0,0,0,0,0,0,0,0,0,0,0,0,0,0,0,0,0,0,0,0,0,0.0,0.0,0.0,0.0,0.0,0.0,0.0,0.0,0.0,0.0,0.0,0.0,0.0,0.0,0.0,0.0,0.0,0.0,0.0,0.0,0.0,0.0,-2.004,0.0,-2.004,2.004,0.0,0.0,0.0,0.0,3378.0,-8608107520.0,0.0,0.0,0.0,-0.0,0.0,0.0,0.0,0.0,0.0,0,-0.0,-0.0,0.0,0.0,0.0,0.0,0.0,0.0,0.0,0,0,0,0.0,0.0,0.0,0.0,0.0,0.0,0.0,0.0,0.0,0.0,0.0,0.0,0.0,0.0,0.0,0.0,0,-107875648.0,0,0.0,0,-107875648.0,-107877712.0,0,39322,17039,0,17054,52429,17037,0,0,0,110,100,100,2.7302334150594743e+23,64.0,0.0,64.5,0.0,69.0,1,49,50,180,0,52429,0,0,0.0,0.0,0.0,0.0,-1234.078,65.0,0.0,-2.4226212597828918e+38,0.0,645,0,689,0,0,0,718,0,790,0,709,0,690,0,645,0,642,0,616,0.032,55836672.0,0.0,2.7302316136196234e+23,31504,16788,-1632336.25,-2.4226212597828918e+38,-2.652664160986333e+18,0.0,0.0,-77104368582656.0,29.0,60.0,70,0.0,0.0,0.0,0.0,0.0,0.0,0.0,0.0,0.0,0.0,0.0,0.0,0.0,0.0,0.0,0.0,59.2,69,11,65508,41,65476,0,300,0,0,8,20529,65476,0,0,61604,60.0,0.0,0.0,0.0,0.0,0.0
2026-04-04T11:18:10,ERR,ERR,ERR,ERR,ERR,ERR,ERR,ERR,ERR,ERR,ERR,ERR,ERR,ERR,ERR,ERR,ERR,ERR,ERR,ERR,ERR,ERR,ERR,ERR,ERR,ERR,ERR,ERR,ERR,ERR,ERR,ERR,ERR,ERR,ERR,ERR,ERR,ERR,ERR,ERR,ERR,ERR,ERR,ERR,ERR,ERR,ERR,ERR,ERR,ERR,ERR,ERR,ERR,ERR,ERR,ERR,ERR,ERR,ERR,ERR,ERR,ERR,ERR,ERR,ERR,ERR,ERR,ERR,ERR,ERR,ERR,ERR,ERR,ERR,ERR,ERR,ERR,ERR,ERR,ERR,ERR,ERR,ERR,ERR,ERR,ERR,ERR,ERR,ERR,ERR,ERR,ERR,ERR,ERR,ERR,ERR,ERR,ERR,ERR,ERR,ERR,ERR,ERR,ERR,ERR,ERR,ERR,ERR,ERR,ERR,ERR,ERR,ERR,ERR,ERR,ERR,ERR,ERR,ERR,ERR,ERR,ERR,ERR,ERR,ERR,2.7184278591402704e+23,0.0,-0.0,0.0,0.0,0.0,0.0,nan,0,0,0,32768,0,0.0,0,0.0,0.0,0.0,0.0,0.0,0,0,0,0,0.0,0,0,0,0,0,0,0,0,0,0,0,0,0,0,0,0,0,0,0,0,0,0,0,0,0,0,0,0,0,0,0,0,0,0,0,0,0,0,0,0,0,0,0,0,0.0,0.0,0.0,0.0,0.0,0.0,0.0,0.0,0.0,0.0,0.0,0.0,0.0,0.0,0.0,0.0,0.0,0.0,0.0,0.0,0.0,0.0,-2.004,0.0,-2.004,2.004,0.0,0.0,0.0,0.0,3378.0,-8608107520.0,0.0,0.0,0.0,-0.0,0.0,0.0,0.0,0.0,0.0,0,-0.0,-0.0,0.0,0.0,0.0,0.0,0.0,0.0,0.0,0,0,0,0.0,0.0,0.0,0.0,0.0,0.0,0.0,0.0,0.0,0.0,0.0,0.0,0.0,0.0,0.0,0.0,0,-107875648.0,0,0.0,0,-107875648.0,-107877712.0,0,39322,17039,0,17054,52429,17037,0,0,0,110,100,100,2.7302334150594743e+23,64.0,0.0,64.5,0.0,69.0,1,49,50,180,0,52429,0,0,0.0,0.0,0.0,0.0,-1234.078,65.0,0.0,-2.4226212597828918e+38,0.0,645,0,689,0,0,0,718,0,790,0,709,0,690,0,645,0,642,0,616,0.032,55836672.0,0.0,2.7302316136196234e+23,31504,16788,-1632336.25,-2.4226212597828918e+38,-2.652664160986333e+18,0.0,0.0,-77104368582656.0,29.0,60.0,70,0.0,0.0,0.0,0.0,0.0,0.0,0.0,0.0,0.0,0.0,0.0,0.0,0.0,0.0,0.0,0.0,59.2,69,11,65508,41,65476,0,300,0,0,8,20529,65476,0,0,61604,60.0,0.0,0.0,0.0,0.0,0.0
2026-04-04T11:18:11,ERR,ERR,ERR,ERR,ERR,ERR,ERR,ERR,ERR,ERR,ERR,ERR,ERR,ERR,ERR,ERR,ERR,ERR,ERR,ERR,ERR,ERR,ERR,ERR,ERR,ERR,ERR,ERR,ERR,ERR,ERR,ERR,ERR,ERR,ERR,ERR,ERR,ERR,ERR,ERR,ERR,ERR,ERR,ERR,ERR,ERR,ERR,ERR,ERR,ERR,ERR,ERR,ERR,ERR,ERR,ERR,ERR,ERR,ERR,ERR,ERR,ERR,ERR,ERR,ERR,ERR,ERR,ERR,ERR,ERR,ERR,ERR,ERR,ERR,ERR,ERR,ERR,ERR,ERR,ERR,ERR,ERR,ERR,ERR,ERR,ERR,ERR,ERR,ERR,ERR,ERR,ERR,ERR,ERR,ERR,ERR,ERR,ERR,ERR,ERR,ERR,ERR,ERR,ERR,ERR,ERR,ERR,ERR,ERR,ERR,ERR,ERR,ERR,ERR,ERR,ERR,ERR,ERR,ERR,ERR,ERR,ERR,ERR,ERR,ERR,2.7184278591402704e+23,0.0,-0.0,0.0,0.0,0.0,0.0,nan,0,0,0,32768,0,0.0,0,0.0,0.0,0.0,0.0,0.0,0,0,0,0,0.0,0,0,0,0,0,0,0,0,0,0,0,0,0,0,0,0,0,0,0,0,0,0,0,0,0,0,0,0,0,0,0,0,0,0,0,0,0,0,0,0,0,0,0,0,0.0,0.0,0.0,0.0,0.0,0.0,0.0,0.0,0.0,0.0,0.0,0.0,0.0,0.0,0.0,0.0,0.0,0.0,0.0,0.0,0.0,0.0,-2.004,0.0,-2.004,2.004,0.0,0.0,0.0,0.0,3378.0,-8608107520.0,0.0,0.0,0.0,-0.0,0.0,0.0,0.0,0.0,0.0,0,-0.0,-0.0,0.0,0.0,0.0,0.0,0.0,0.0,0.0,0,0,0,0.0,0.0,0.0,0.0,0.0,0.0,0.0,0.0,0.0,0.0,0.0,0.0,0.0,0.0,0.0,0.0,0,-107875648.0,0,0.0,0,-107875648.0,-107877712.0,0,39322,17039,0,17054,52429,17037,0,0,0,110,100,100,2.7302334150594743e+23,64.0,0.0,64.5,0.0,69.0,1,49,50,180,0,52429,0,0,0.0,0.0,0.0,0.0,-1234.078,65.0,0.0,-2.4226212597828918e+38,0.0,645,0,689,0,0,0,718,0,790,0,709,0,690,0,645,0,642,0,616,0.032,55836672.0,0.0,2.7302316136196234e+23,31504,16788,-1632336.25,-2.4226212597828918e+38,-2.652664160986333e+18,0.0,0.0,-77104368582656.0,29.0,60.0,70,0.0,0.0,0.0,0.0,0.0,0.0,0.0,0.0,0.0,0.0,0.0,0.0,0.0,0.0,0.0,0.0,59.2,69,11,65508,41,65476,0,300,0,0,8,20529,65476,0,0,61604,60.0,0.0,0.0,0.0,0.0,0.0
2026-04-04T11:18:12,ERR,ERR,ERR,ERR,ERR,ERR,ERR,ERR,ERR,ERR,ERR,ERR,ERR,ERR,ERR,ERR,ERR,ERR,ERR,ERR,ERR,ERR,ERR,ERR,ERR,ERR,ERR,ERR,ERR,ERR,ERR,ERR,ERR,ERR,ERR,ERR,ERR,ERR,ERR,ERR,ERR,ERR,ERR,ERR,ERR,ERR,ERR,ERR,ERR,ERR,ERR,ERR,ERR,ERR,ERR,ERR,ERR,ERR,ERR,ERR,ERR,ERR,ERR,ERR,ERR,ERR,ERR,ERR,ERR,ERR,ERR,ERR,ERR,ERR,ERR,ERR,ERR,ERR,ERR,ERR,ERR,ERR,ERR,ERR,ERR,ERR,ERR,ERR,ERR,ERR,ERR,ERR,ERR,ERR,ERR,ERR,ERR,ERR,ERR,ERR,ERR,ERR,ERR,ERR,ERR,ERR,ERR,ERR,ERR,ERR,ERR,ERR,ERR,ERR,ERR,ERR,ERR,ERR,ERR,ERR,ERR,ERR,ERR,ERR,ERR,2.7184278591402704e+23,0.0,-0.0,0.0,0.0,0.0,0.0,nan,0,0,0,32768,0,0.0,0,0.0,0.0,0.0,0.0,0.0,0,0,0,0,0.0,0,0,0,0,0,0,0,0,0,0,0,0,0,0,0,0,0,0,0,0,0,0,0,0,0,0,0,0,0,0,0,0,0,0,0,0,0,0,0,0,0,0,0,0,0.0,0.0,0.0,0.0,0.0,0.0,0.0,0.0,0.0,0.0,0.0,0.0,0.0,0.0,0.0,0.0,0.0,0.0,0.0,0.0,0.0,0.0,-2.004,0.0,-2.004,2.004,0.0,0.0,0.0,0.0,3378.0,-8608107520.0,0.0,0.0,0.0,-0.0,0.0,0.0,0.0,0.0,0.0,0,-0.0,-0.0,0.0,0.0,0.0,0.0,0.0,0.0,0.0,0,0,0,0.0,0.0,0.0,0.0,0.0,0.0,0.0,0.0,0.0,0.0,0.0,0.0,0.0,0.0,0.0,0.0,0,-107875648.0,0,0.0,0,-107875648.0,-107877712.0,0,39322,17039,0,17054,52429,17037,0,0,0,110,100,100,2.7302334150594743e+23,64.0,0.0,64.5,0.0,69.0,1,49,50,180,0,52429,0,0,0.0,0.0,0.0,0.0,-1234.078,65.0,0.0,-2.4226212597828918e+38,0.0,645,0,689,0,0,0,718,0,790,0,709,0,690,0,645,0,642,0,616,0.032,55836672.0,0.0,2.7302316136196234e+23,31504,16788,-1632336.25,-2.4226212597828918e+38,-2.652664160986333e+18,0.0,0.0,-77104368582656.0,29.0,60.0,70,0.0,0.0,0.0,0.0,0.0,0.0,0.0,0.0,0.0,0.0,0.0,0.0,0.0,0.0,0.0,0.0,59.6,69,11,65508,41,65476,0,300,0,0,8,20529,65476,0,0,61604,60.0,0.0,0.0,0.0,0.0,0.0
2026-04-04T11:18:13,ERR,ERR,ERR,ERR,ERR,ERR,ERR,ERR,ERR,ERR,ERR,ERR,ERR,ERR,ERR,ERR,ERR,ERR,ERR,ERR,ERR,ERR,ERR,ERR,ERR,ERR,ERR,ERR,ERR,ERR,ERR,ERR,ERR,ERR,ERR,ERR,ERR,ERR,ERR,ERR,ERR,ERR,ERR,ERR,ERR,ERR,ERR,ERR,ERR,ERR,ERR,ERR,ERR,ERR,ERR,ERR,ERR,ERR,ERR,ERR,ERR,ERR,ERR,ERR,ERR,ERR,ERR,ERR,ERR,ERR,ERR,ERR,ERR,ERR,ERR,ERR,ERR,ERR,ERR,ERR,ERR,ERR,ERR,ERR,ERR,ERR,ERR,ERR,ERR,ERR,ERR,ERR,ERR,ERR,ERR,ERR,ERR,ERR,ERR,ERR,ERR,ERR,ERR,ERR,ERR,ERR,ERR,ERR,ERR,ERR,ERR,ERR,ERR,ERR,ERR,ERR,ERR,ERR,ERR,ERR,ERR,ERR,ERR,ERR,ERR,2.7184278591402704e+23,0.0,-0.0,0.0,0.0,0.0,0.0,nan,0,0,0,32768,0,0.0,0,0.0,0.0,0.0,0.0,0.0,0,0,0,0,0.0,0,0,0,0,0,0,0,0,0,0,0,0,0,0,0,0,0,0,0,0,0,0,0,0,0,0,0,0,0,0,0,0,0,0,0,0,0,0,0,0,0,0,0,0,0.0,0.0,0.0,0.0,0.0,0.0,0.0,0.0,0.0,0.0,0.0,0.0,0.0,0.0,0.0,0.0,0.0,0.0,0.0,0.0,0.0,0.0,-2.004,0.0,-2.004,2.004,0.0,0.0,0.0,0.0,3378.0,-8608107520.0,0.0,0.0,0.0,-0.0,0.0,0.0,0.0,0.0,0.0,0,-0.0,-0.0,0.0,0.0,0.0,0.0,0.0,0.0,0.0,0,0,0,0.0,0.0,0.0,0.0,0.0,0.0,0.0,0.0,0.0,0.0,0.0,0.0,0.0,0.0,0.0,0.0,0,-107875648.0,0,0.0,0,-107875648.0,-107877712.0,0,39322,17039,0,17054,52429,17037,0,0,0,110,100,100,2.7302334150594743e+23,64.0,0.0,64.5,0.0,69.0,1,49,50,180,0,52429,0,0,0.0,0.0,0.0,0.0,-1234.078,65.0,0.0,-2.4226212597828918e+38,0.0,645,0,689,0,0,0,718,0,790,0,709,0,690,0,645,0,642,0,616,0.032,55836672.0,0.0,2.7302316136196234e+23,31504,16788,-1632336.25,-2.4226212597828918e+38,-2.652664160986333e+18,0.0,0.0,-77104368582656.0,29.0,60.0,70,0.0,0.0,0.0,0.0,0.0,0.0,0.0,0.0,0.0,0.0,0.0,0.0,0.0,0.0,0.0,0.0,59.6,69,11,65508,41,65476,0,300,0,0,8,20529,65476,0,0,61604,60.0,0.0,0.0,0.0,0.0,0.0
2026-04-04T11:18:14,ERR,ERR,ERR,ERR,ERR,ERR,ERR,ERR,ERR,ERR,ERR,ERR,ERR,ERR,ERR,ERR,ERR,ERR,ERR,ERR,ERR,ERR,ERR,ERR,ERR,ERR,ERR,ERR,ERR,ERR,ERR,ERR,ERR,ERR,ERR,ERR,ERR,ERR,ERR,ERR,ERR,ERR,ERR,ERR,ERR,ERR,ERR,ERR,ERR,ERR,ERR,ERR,ERR,ERR,ERR,ERR,ERR,ERR,ERR,ERR,ERR,ERR,ERR,ERR,ERR,ERR,ERR,ERR,ERR,ERR,ERR,ERR,ERR,ERR,ERR,ERR,ERR,ERR,ERR,ERR,ERR,ERR,ERR,ERR,ERR,ERR,ERR,ERR,ERR,ERR,ERR,ERR,ERR,ERR,ERR,ERR,ERR,ERR,ERR,ERR,ERR,ERR,ERR,ERR,ERR,ERR,ERR,ERR,ERR,ERR,ERR,ERR,ERR,ERR,ERR,ERR,ERR,ERR,ERR,ERR,ERR,ERR,ERR,ERR,ERR,2.7184278591402704e+23,0.0,-0.0,0.0,0.0,0.0,0.0,nan,0,0,0,32768,0,0.0,0,0.0,0.0,0.0,0.0,0.0,0,0,0,0,0.0,0,0,0,0,0,0,0,0,0,0,0,0,0,0,0,0,0,0,0,0,0,0,0,0,0,0,0,0,0,0,0,0,0,0,0,0,0,0,0,0,0,0,0,0,0.0,0.0,0.0,0.0,0.0,0.0,0.0,0.0,0.0,0.0,0.0,0.0,0.0,0.0,0.0,0.0,0.0,0.0,0.0,0.0,0.0,0.0,-2.004,0.0,-2.004,2.004,0.0,0.0,0.0,0.0,3378.0,-8608107520.0,0.0,0.0,0.0,-0.0,0.0,0.0,0.0,0.0,0.0,0,-0.0,-0.0,0.0,0.0,0.0,0.0,0.0,0.0,0.0,0,0,0,0.0,0.0,0.0,0.0,0.0,0.0,0.0,0.0,0.0,0.0,0.0,0.0,0.0,0.0,0.0,0.0,0,-107875648.0,0,0.0,0,-107875648.0,-107877712.0,0,39322,17039,0,17054,52429,17037,0,0,0,110,100,100,2.7302334150594743e+23,64.0,0.0,64.5,0.0,69.0,1,49,50,180,0,52429,0,0,0.0,0.0,0.0,0.0,-0.0,65.0,0.0,0.0,0.0,645,0,689,0,0,0,718,0,790,0,709,0,689,0,645,0,642,0,616,0.032,55836672.0,0.0,2.7302316136196234e+23,27024,16788,-0.0,0.0,-0.0,2.7347081353542343e+21,0.0,-0.0,29.0,60.0,70,0.0,0.0,0.0,0.0,0.0,0.0,0.0,0.0,0.0,0.0,0.0,0.0,0.0,0.0,0.0,0.0,59.6,69,11,65508,41,65476,0,300,0,0,8,20529,65476,0,0,61604,60.0,0.0,0.0,0.0,0.0,0.0
2026-04-04T11:18:15,ERR,ERR,ERR,ERR,ERR,ERR,ERR,ERR,ERR,ERR,ERR,ERR,ERR,ERR,ERR,ERR,ERR,ERR,ERR,ERR,ERR,ERR,ERR,ERR,ERR,ERR,ERR,ERR,ERR,ERR,ERR,ERR,ERR,ERR,ERR,ERR,ERR,ERR,ERR,ERR,ERR,ERR,ERR,ERR,ERR,ERR,ERR,ERR,ERR,ERR,ERR,ERR,ERR,ERR,ERR,ERR,ERR,ERR,ERR,ERR,ERR,ERR,ERR,ERR,ERR,ERR,ERR,ERR,ERR,ERR,ERR,ERR,ERR,ERR,ERR,ERR,ERR,ERR,ERR,ERR,ERR,ERR,ERR,ERR,ERR,ERR,ERR,ERR,ERR,ERR,ERR,ERR,ERR,ERR,ERR,ERR,ERR,ERR,ERR,ERR,ERR,ERR,ERR,ERR,ERR,ERR,ERR,ERR,ERR,ERR,ERR,ERR,ERR,ERR,ERR,ERR,ERR,ERR,ERR,ERR,ERR,ERR,ERR,ERR,ERR,2.7184278591402704e+23,0.0,-0.0,0.0,0.0,0.0,0.0,nan,0,0,0,32768,0,0.0,0,0.0,0.0,0.0,0.0,0.0,0,0,0,0,0.0,0,0,0,0,0,0,0,0,0,0,0,0,0,0,0,0,0,0,0,0,0,0,0,0,0,0,0,0,0,0,0,0,0,0,0,0,0,0,0,0,0,0,0,0,0.0,0.0,0.0,0.0,0.0,0.0,0.0,0.0,0.0,0.0,0.0,0.0,0.0,0.0,0.0,0.0,0.0,0.0,0.0,0.0,0.0,0.0,-2.004,0.0,-2.004,2.004,0.0,0.0,0.0,0.0,3378.0,-8608107520.0,0.0,0.0,0.0,-0.0,0.0,0.0,0.0,0.0,0.0,0,-0.0,-0.0,0.0,0.0,0.0,0.0,0.0,0.0,0.0,0,0,0,0.0,0.0,0.0,0.0,0.0,0.0,0.0,0.0,0.0,0.0,0.0,0.0,0.0,0.0,0.0,0.0,0,-107875648.0,0,0.0,0,-107875648.0,-107877712.0,0,39322,17039,0,17054,52429,17037,0,0,0,110,100,100,2.7302334150594743e+23,64.0,0.0,64.5,0.0,69.0,1,49,50,180,0,52429,0,0,0.0,0.0,0.0,0.0,-0.0,65.0,0.0,0.0,0.0,645,0,689,0,0,0,718,0,790,0,709,0,689,0,645,0,642,0,616,0.032,55836672.0,0.0,2.7302316136196234e+23,27024,16788,-0.0,0.0,-0.0,2.7347081353542343e+21,0.0,-0.0,29.0,60.0,70,0.0,0.0,0.0,0.0,0.0,0.0,0.0,0.0,0.0,0.0,0.0,0.0,0.0,0.0,0.0,0.0,59.2,69,11,65508,41,65476,0,300,0,0,8,20529,65476,0,0,61604,60.0,0.0,0.0,0.0,0.0,0.0
2026-04-04T11:18:16,ERR,ERR,ERR,ERR,ERR,ERR,ERR,ERR,ERR,ERR,ERR,ERR,ERR,ERR,ERR,ERR,ERR,ERR,ERR,ERR,ERR,ERR,ERR,ERR,ERR,ERR,ERR,ERR,ERR,ERR,ERR,ERR,ERR,ERR,ERR,ERR,ERR,ERR,ERR,ERR,ERR,ERR,ERR,ERR,ERR,ERR,ERR,ERR,ERR,ERR,ERR,ERR,ERR,ERR,ERR,ERR,ERR,ERR,ERR,ERR,ERR,ERR,ERR,ERR,ERR,ERR,ERR,ERR,ERR,ERR,ERR,ERR,ERR,ERR,ERR,ERR,ERR,ERR,ERR,ERR,ERR,ERR,ERR,ERR,ERR,ERR,ERR,ERR,ERR,ERR,ERR,ERR,ERR,ERR,ERR,ERR,ERR,ERR,ERR,ERR,ERR,ERR,ERR,ERR,ERR,ERR,ERR,ERR,ERR,ERR,ERR,ERR,ERR,ERR,ERR,ERR,ERR,ERR,ERR,ERR,ERR,ERR,ERR,ERR,ERR,0.0,0.0,-101055584.0,0.0,0.0,0.0,0.0,nan,0,0,0,32768,0,0.0,0,0.0,0.0,0.0,0.0,0.0,0,0,0,0,0.0,0,0,0,0,0,0,0,0,0,0,0,0,0,0,0,0,0,0,0,0,0,0,0,0,0,0,0,0,0,0,0,0,0,0,0,0,0,0,0,0,0,0,0,0,0.0,0.0,0.0,0.0,0.0,0.0,0.0,0.0,0.0,0.0,0.0,0.0,0.0,0.0,0.0,0.0,0.0,0.0,0.0,0.0,0.0,0.0,0.0,0.0,-2.004,2.004,0.0,0.0,0.0,0.0,3393.5,0.0,0.0,2.7184278591402704e+23,0.0,-0.0,0.0,0.0,0.0,0.0,0.0,0,-0.0,-71.629,0.0,0.0,0.0,0.0,0.0,0.0,0.0,0,0,0,0.0,0.0,0.0,0.0,0.0,0.0,0.0,0.0,0.0,0.0,0.0,0.0,0.0,0.0,0.0,0.0,0,-107875648.0,0,0.0,0,-107875648.0,-107877712.0,0,39322,17039,0,17054,52429,17037,0,0,0,110,100,100,2.7302334150594743e+23,64.0,0.0,64.5,0.0,69.0,1,49,50,180,0,52429,0,0,0.0,0.0,0.0,0.0,-0.0,65.0,0.0,0.0,0.0,645,0,689,0,0,0,718,0,790,0,709,0,689,0,645,0,642,0,616,0.032,55836672.0,0.0,2.7302316136196234e+23,27024,16788,-0.0,0.0,-0.0,2.7347081353542343e+21,0.0,-0.0,29.0,60.0,70,0.0,0.0,0.0,0.0,0.0,0.0,0.0,0.0,0.0,0.0,0.0,0.0,0.0,0.0,0.0,0.0,59.2,69,11,65508,41,65476,0,300,0,0,8,20529,65476,0,0,61604,60.0,0.0,0.0,0.0,0.0,0.0
2026-04-04T11:18:17,ERR,ERR,ERR,ERR,ERR,ERR,ERR,ERR,ERR,ERR,ERR,ERR,ERR,ERR,ERR,ERR,ERR,ERR,ERR,ERR,ERR,ERR,ERR,ERR,ERR,ERR,ERR,ERR,ERR,ERR,ERR,ERR,ERR,ERR,ERR,ERR,ERR,ERR,ERR,ERR,ERR,ERR,ERR,ERR,ERR,ERR,ERR,ERR,ERR,ERR,ERR,ERR,ERR,ERR,ERR,ERR,ERR,ERR,ERR,ERR,ERR,ERR,ERR,ERR,ERR,ERR,ERR,ERR,ERR,ERR,ERR,ERR,ERR,ERR,ERR,ERR,ERR,ERR,ERR,ERR,ERR,ERR,ERR,ERR,ERR,ERR,ERR,ERR,ERR,ERR,ERR,ERR,ERR,ERR,ERR,ERR,ERR,ERR,ERR,ERR,ERR,ERR,ERR,ERR,ERR,ERR,ERR,ERR,ERR,ERR,ERR,ERR,ERR,ERR,ERR,ERR,ERR,ERR,ERR,ERR,ERR,ERR,ERR,ERR,ERR,0.0,0.0,-101055584.0,0.0,0.0,0.0,0.0,nan,0,0,0,32768,0,0.0,0,0.0,0.0,0.0,0.0,0.0,0,0,0,0,0.0,0,0,0,0,0,0,0,0,0,0,0,0,0,0,0,0,0,0,0,0,0,0,0,0,0,0,0,0,0,0,0,0,0,0,0,0,0,0,0,0,0,0,0,0,0.0,0.0,0.0,0.0,0.0,0.0,0.0,0.0,0.0,0.0,0.0,0.0,0.0,0.0,0.0,0.0,0.0,0.0,0.0,0.0,0.0,0.0,0.0,0.0,-2.004,2.004,0.0,0.0,0.0,0.0,3393.5,0.0,0.0,2.7184278591402704e+23,0.0,-0.0,0.0,0.0,0.0,0.0,0.0,0,-0.0,-71.629,0.0,0.0,0.0,0.0,0.0,0.0,0.0,0,0,0,0.0,0.0,0.0,0.0,0.0,0.0,0.0,0.0,0.0,0.0,0.0,0.0,0.0,0.0,0.0,0.0,0,-107875648.0,0,0.0,0,-107875648.0,-107877712.0,0,39322,17039,0,17054,52429,17037,0,0,0,110,100,100,2.7302334150594743e+23,64.0,0.0,64.5,0.0,69.0,1,49,50,180,0,52429,0,0,0.0,0.0,0.0,0.0,-0.0,65.0,0.0,0.0,0.0,645,0,689,0,0,0,718,0,790,0,709,0,689,0,645,0,642,0,616,0.032,55836672.0,0.0,2.7302316136196234e+23,27024,16788,-0.0,0.0,-0.0,2.7347081353542343e+21,0.0,-0.0,29.0,60.0,70,0.0,0.0,0.0,0.0,0.0,0.0,0.0,0.0,0.0,0.0,0.0,0.0,0.0,0.0,0.0,0.0,59.2,69,11,65508,41,65476,0,300,0,0,8,20529,65476,0,0,61604,60.0,0.0,0.0,0.0,0.0,0.0
2026-04-04T11:18:18,ERR,ERR,ERR,ERR,ERR,ERR,ERR,ERR,ERR,ERR,ERR,ERR,ERR,ERR,ERR,ERR,ERR,ERR,ERR,ERR,ERR,ERR,ERR,ERR,ERR,ERR,ERR,ERR,ERR,ERR,ERR,ERR,ERR,ERR,ERR,ERR,ERR,ERR,ERR,ERR,ERR,ERR,ERR,ERR,ERR,ERR,ERR,ERR,ERR,ERR,ERR,ERR,ERR,ERR,ERR,ERR,ERR,ERR,ERR,ERR,ERR,ERR,ERR,ERR,ERR,ERR,ERR,ERR,ERR,ERR,ERR,ERR,ERR,ERR,ERR,ERR,ERR,ERR,ERR,ERR,ERR,ERR,ERR,ERR,ERR,ERR,ERR,ERR,ERR,ERR,ERR,ERR,ERR,ERR,ERR,ERR,ERR,ERR,ERR,ERR,ERR,ERR,ERR,ERR,ERR,ERR,ERR,ERR,ERR,ERR,ERR,ERR,ERR,ERR,ERR,ERR,ERR,ERR,ERR,ERR,ERR,ERR,ERR,ERR,ERR,0.0,0.0,-101055584.0,0.0,0.0,0.0,0.0,nan,0,0,0,32768,0,0.0,0,0.0,0.0,0.0,0.0,0.0,0,0,0,0,0.0,0,0,0,0,0,0,0,0,0,0,0,0,0,0,0,0,0,0,0,0,0,0,0,0,0,0,0,0,0,0,0,0,0,0,0,0,0,0,0,0,0,0,0,0,0.0,0.0,0.0,0.0,0.0,0.0,0.0,0.0,0.0,0.0,0.0,0.0,0.0,0.0,0.0,0.0,0.0,0.0,0.0,0.0,0.0,0.0,0.0,0.0,-2.004,2.004,0.0,0.0,0.0,0.0,3393.5,0.0,0.0,2.7184278591402704e+23,0.0,-0.0,0.0,0.0,0.0,0.0,0.0,0,-0.0,-71.629,0.0,0.0,0.0,0.0,0.0,0.0,0.0,0,0,0,0.0,0.0,0.0,0.0,0.0,0.0,0.0,0.0,0.0,0.0,0.0,0.0,0.0,0.0,0.0,0.0,0,-107875648.0,0,0.0,0,-107875648.0,-107877712.0,0,39322,17039,0,17054,52429,17037,0,0,0,110,100,100,2.7302334150594743e+23,64.0,0.0,64.5,0.0,69.0,1,49,50,180,0,52429,0,0,0.0,0.0,0.0,0.0,-0.0,65.0,0.0,0.0,0.0,645,0,689,0,0,0,718,0,790,0,709,0,689,0,645,0,642,0,616,0.032,55836672.0,0.0,2.7302316136196234e+23,27024,16788,-0.0,0.0,-0.0,2.7347081353542343e+21,0.0,-0.0,29.0,60.0,70,0.0,0.0,0.0,0.0,0.0,0.0,0.0,0.0,0.0,0.0,0.0,0.0,0.0,0.0,0.0,0.0,59.2,69,11,65508,41,65476,0,300,0,0,8,20529,65476,0,0,61604,60.0,0.0,0.0,0.0,0.0,0.0
2026-04-04T11:18:19,ERR,ERR,ERR,ERR,ERR,ERR,ERR,ERR,ERR,ERR,ERR,ERR,ERR,ERR,ERR,ERR,ERR,ERR,ERR,ERR,ERR,ERR,ERR,ERR,ERR,ERR,ERR,ERR,ERR,ERR,ERR,ERR,ERR,ERR,ERR,ERR,ERR,ERR,ERR,ERR,ERR,ERR,ERR,ERR,ERR,ERR,ERR,ERR,ERR,ERR,ERR,ERR,ERR,ERR,ERR,ERR,ERR,ERR,ERR,ERR,ERR,ERR,ERR,ERR,ERR,ERR,ERR,ERR,ERR,ERR,ERR,ERR,ERR,ERR,ERR,ERR,ERR,ERR,ERR,ERR,ERR,ERR,ERR,ERR,ERR,ERR,ERR,ERR,ERR,ERR,ERR,ERR,ERR,ERR,ERR,ERR,ERR,ERR,ERR,ERR,ERR,ERR,ERR,ERR,ERR,ERR,ERR,ERR,ERR,ERR,ERR,ERR,ERR,ERR,ERR,ERR,ERR,ERR,ERR,ERR,ERR,ERR,ERR,ERR,ERR,0.0,0.0,-101055584.0,0.0,0.0,0.0,0.0,nan,0,0,0,32768,0,0.0,0,0.0,0.0,0.0,0.0,0.0,0,0,0,0,0.0,0,0,0,0,0,0,0,0,0,0,0,0,0,0,0,0,0,0,0,0,0,0,0,0,0,0,0,0,0,0,0,0,0,0,0,0,0,0,0,0,0,0,0,0,0.0,0.0,0.0,0.0,0.0,0.0,0.0,0.0,0.0,0.0,0.0,0.0,0.0,0.0,0.0,0.0,0.0,0.0,0.0,0.0,0.0,0.0,0.0,0.0,-2.004,2.004,0.0,0.0,0.0,0.0,3393.5,0.0,0.0,2.7184278591402704e+23,0.0,-0.0,0.0,0.0,0.0,0.0,0.0,0,-0.0,-71.629,0.0,0.0,0.0,0.0,0.0,0.0,0.0,0,0,0,0.0,0.0,0.0,0.0,0.0,0.0,0.0,0.0,0.0,0.0,0.0,0.0,0.0,0.0,0.0,0.0,0,-107875648.0,0,0.0,0,-107875648.0,-107877712.0,0,39322,17039,0,17054,52429,17037,0,0,0,110,100,100,2.7302334150594743e+23,64.0,0.0,64.5,0.0,69.0,1,49,50,180,0,52429,0,0,0.0,0.0,0.0,0.0,-0.0,65.0,0.0,12181060976640.0,0.0,645,0,689,0,0,0,718,0,790,0,709,0,690,0,645,0,642,0,616,0.032,56098816.0,0.0,2.7302316136196234e+23,20368,16788,-0.0,1911019525898240.0,264.505,228.249,-239345808.0,391383252992.0,29.0,60.0,70,0.0,0.0,0.0,0.0,0.0,0.0,0.0,0.0,0.0,0.0,0.0,0.0,0.0,0.0,0.0,0.0,59.2,69,11,65508,41,65476,0,300,0,0,8,20529,65476,0,0,61604,60.0,0.0,0.0,0.0,0.0,0.0
2026-04-04T11:18:20,ERR,ERR,ERR,ERR,ERR,ERR,ERR,ERR,ERR,ERR,ERR,ERR,ERR,ERR,ERR,ERR,ERR,ERR,ERR,ERR,ERR,ERR,ERR,ERR,ERR,ERR,ERR,ERR,ERR,ERR,ERR,ERR,ERR,ERR,ERR,ERR,ERR,ERR,ERR,ERR,ERR,ERR,ERR,ERR,ERR,ERR,ERR,ERR,ERR,ERR,ERR,ERR,ERR,ERR,ERR,ERR,ERR,ERR,ERR,ERR,ERR,ERR,ERR,ERR,ERR,ERR,ERR,ERR,ERR,ERR,ERR,ERR,ERR,ERR,ERR,ERR,ERR,ERR,ERR,ERR,ERR,ERR,ERR,ERR,ERR,ERR,ERR,ERR,ERR,ERR,ERR,ERR,ERR,ERR,ERR,ERR,ERR,ERR,ERR,ERR,ERR,ERR,ERR,ERR,ERR,ERR,ERR,ERR,ERR,ERR,ERR,ERR,ERR,ERR,ERR,ERR,ERR,ERR,ERR,ERR,ERR,ERR,ERR,ERR,ERR,0.0,0.0,-101055584.0,0.0,0.0,0.0,0.0,nan,0,0,0,32768,0,0.0,0,0.0,0.0,0.0,0.0,0.0,0,0,0,0,0.0,0,0,0,0,0,0,0,0,0,0,0,0,0,0,0,0,0,0,0,0,0,0,0,0,0,0,0,0,0,0,0,0,0,0,0,0,0,0,0,0,0,0,0,0,0.0,0.0,0.0,0.0,0.0,0.0,0.0,0.0,0.0,0.0,0.0,0.0,0.0,0.0,0.0,0.0,0.0,0.0,0.0,0.0,0.0,0.0,0.0,0.0,-2.004,2.004,0.0,0.0,0.0,0.0,3393.5,0.0,0.0,2.7184278591402704e+23,0.0,-0.0,0.0,0.0,0.0,0.0,0.0,0,-0.0,-71.629,0.0,0.0,0.0,0.0,0.0,0.0,0.0,0,0,0,0.0,0.0,0.0,0.0,0.0,0.0,0.0,0.0,0.0,0.0,0.0,0.0,0.0,0.0,0.0,0.0,0,-107875648.0,0,0.0,0,-107875648.0,-107877712.0,0,39322,17039,0,17054,52429,17037,0,0,0,110,100,100,2.7302334150594743e+23,64.0,0.0,64.5,0.0,69.0,1,49,50,180,0,52429,0,0,0.0,0.0,0.0,0.0,-0.0,65.0,0.0,12181060976640.0,0.0,645,0,689,0,0,0,718,0,790,0,709,0,690,0,645,0,642,0,616,0.032,56098816.0,0.0,2.7302316136196234e+23,20368,16788,-0.0,1911019525898240.0,264.505,228.249,-239345808.0,391383252992.0,29.0,60.0,70,0.0,0.0,0.0,0.0,0.0,0.0,0.0,0.0,0.0,0.0,0.0,0.0,0.0,0.0,0.0,0.0,59.2,69,11,65508,41,65476,0,300,0,0,8,20529,65476,0,0,61604,60.0,0.0,0.0,0.0,0.0,0.0
2026-04-04T11:18:21,ERR,ERR,ERR,ERR,ERR,ERR,ERR,ERR,ERR,ERR,ERR,ERR,ERR,ERR,ERR,ERR,ERR,ERR,ERR,ERR,ERR,ERR,ERR,ERR,ERR,ERR,ERR,ERR,ERR,ERR,ERR,ERR,ERR,ERR,ERR,ERR,ERR,ERR,ERR,ERR,ERR,ERR,ERR,ERR,ERR,ERR,ERR,ERR,ERR,ERR,ERR,ERR,ERR,ERR,ERR,ERR,ERR,ERR,ERR,ERR,ERR,ERR,ERR,ERR,ERR,ERR,ERR,ERR,ERR,ERR,ERR,ERR,ERR,ERR,ERR,ERR,ERR,ERR,ERR,ERR,ERR,ERR,ERR,ERR,ERR,ERR,ERR,ERR,ERR,ERR,ERR,ERR,ERR,ERR,ERR,ERR,ERR,ERR,ERR,ERR,ERR,ERR,ERR,ERR,ERR,ERR,ERR,ERR,ERR,ERR,ERR,ERR,ERR,ERR,ERR,ERR,ERR,ERR,ERR,ERR,ERR,ERR,ERR,ERR,ERR,0.0,0.0,-101055584.0,0.0,0.0,0.0,0.0,nan,0,0,0,32768,0,0.0,0,0.0,0.0,0.0,0.0,0.0,0,0,0,0,0.0,0,0,0,0,0,0,0,0,0,0,0,0,0,0,0,0,0,0,0,0,0,0,0,0,0,0,0,0,0,0,0,0,0,0,0,0,0,0,0,0,0,0,0,0,0.0,0.0,0.0,0.0,0.0,0.0,0.0,0.0,0.0,0.0,0.0,0.0,0.0,0.0,0.0,0.0,0.0,0.0,0.0,0.0,0.0,0.0,0.0,0.0,-2.004,2.004,0.0,0.0,0.0,0.0,3393.5,0.0,0.0,2.7184278591402704e+23,0.0,-0.0,0.0,0.0,0.0,0.0,0.0,0,-0.0,-71.629,0.0,0.0,0.0,0.0,0.0,0.0,0.0,0,0,0,0.0,0.0,0.0,0.0,0.0,0.0,0.0,0.0,0.0,0.0,0.0,0.0,0.0,0.0,0.0,0.0,0,-107875648.0,0,0.0,0,-107875648.0,-107877712.0,0,39322,17039,0,17054,52429,17037,0,0,0,110,100,100,2.7302334150594743e+23,64.0,0.0,64.5,0.0,69.0,1,49,50,180,0,52429,0,0,0.0,0.0,0.0,0.0,-0.0,65.0,0.0,12181060976640.0,0.0,645,0,689,0,0,0,718,0,790,0,709,0,690,0,645,0,642,0,616,0.032,56098816.0,0.0,2.7302316136196234e+23,20368,16788,-0.0,1911019525898240.0,264.505,228.249,-239345808.0,391383252992.0,29.0,60.0,70,0.0,0.0,0.0,0.0,0.0,0.0,0.0,0.0,0.0,0.0,0.0,0.0,0.0,0.0,0.0,0.0,59.2,69,11,65508,41,65476,0,300,0,0,8,20529,65476,0,0,61604,60.0,0.0,0.0,0.0,0.0,0.0
2026-04-04T11:18:22,ERR,ERR,ERR,ERR,ERR,ERR,ERR,ERR,ERR,ERR,ERR,ERR,ERR,ERR,ERR,ERR,ERR,ERR,ERR,ERR,ERR,ERR,ERR,ERR,ERR,ERR,ERR,ERR,ERR,ERR,ERR,ERR,ERR,ERR,ERR,ERR,ERR,ERR,ERR,ERR,ERR,ERR,ERR,ERR,ERR,ERR,ERR,ERR,ERR,ERR,ERR,ERR,ERR,ERR,ERR,ERR,ERR,ERR,ERR,ERR,ERR,ERR,ERR,ERR,ERR,ERR,ERR,ERR,ERR,ERR,ERR,ERR,ERR,ERR,ERR,ERR,ERR,ERR,ERR,ERR,ERR,ERR,ERR,ERR,ERR,ERR,ERR,ERR,ERR,ERR,ERR,ERR,ERR,ERR,ERR,ERR,ERR,ERR,ERR,ERR,ERR,ERR,ERR,ERR,ERR,ERR,ERR,ERR,ERR,ERR,ERR,ERR,ERR,ERR,ERR,ERR,ERR,ERR,ERR,ERR,ERR,ERR,ERR,ERR,ERR,0.0,0.0,-101055584.0,0.0,0.0,0.0,0.0,nan,0,0,0,32768,0,0.0,0,0.0,0.0,0.0,0.0,0.0,0,0,0,0,0.0,0,0,0,0,0,0,0,0,0,0,0,0,0,0,0,0,0,0,0,0,0,0,0,0,0,0,0,0,0,0,0,0,0,0,0,0,0,0,0,0,0,0,0,0,0.0,0.0,0.0,0.0,0.0,0.0,0.0,0.0,0.0,0.0,0.0,0.0,0.0,0.0,0.0,0.0,0.0,0.0,0.0,0.0,0.0,0.0,0.0,0.0,-2.004,2.004,0.0,0.0,0.0,0.0,3393.5,0.0,0.0,2.7184278591402704e+23,0.0,-0.0,0.0,0.0,0.0,0.0,0.0,0,-0.0,-71.629,0.0,0.0,0.0,0.0,0.0,0.0,0.0,0,0,0,0.0,0.0,0.0,0.0,0.0,0.0,0.0,0.0,0.0,0.0,0.0,0.0,0.0,0.0,0.0,0.0,0,-107875648.0,0,0.0,0,-107875648.0,-107877712.0,0,39322,17039,0,17054,52429,17037,0,0,0,110,100,100,2.7302334150594743e+23,64.0,0.0,64.5,0.0,69.0,1,49,50,180,0,52429,0,0,0.0,0.0,0.0,0.0,-0.0,65.0,0.0,12181060976640.0,0.0,645,0,689,0,0,0,718,0,790,0,709,0,690,0,645,0,642,0,616,0.032,56098816.0,0.0,2.7302316136196234e+23,20368,16788,-0.0,1911019525898240.0,264.505,228.249,-239345808.0,391383252992.0,29.0,60.0,70,0.0,0.0,0.0,0.0,0.0,0.0,0.0,0.0,0.0,0.0,0.0,0.0,0.0,0.0,0.0,0.0,59.2,69,11,65508,41,65476,0,300,0,0,8,20529,65476,0,0,61604,60.0,0.0,0.0,0.0,0.0,0.0
2026-04-04T11:18:23,ERR,ERR,ERR,ERR,ERR,ERR,ERR,ERR,ERR,ERR,ERR,ERR,ERR,ERR,ERR,ERR,ERR,ERR,ERR,ERR,ERR,ERR,ERR,ERR,ERR,ERR,ERR,ERR,ERR,ERR,ERR,ERR,ERR,ERR,ERR,ERR,ERR,ERR,ERR,ERR,ERR,ERR,ERR,ERR,ERR,ERR,ERR,ERR,ERR,ERR,ERR,ERR,ERR,ERR,ERR,ERR,ERR,ERR,ERR,ERR,ERR,ERR,ERR,ERR,ERR,ERR,ERR,ERR,ERR,ERR,ERR,ERR,ERR,ERR,ERR,ERR,ERR,ERR,ERR,ERR,ERR,ERR,ERR,ERR,ERR,ERR,ERR,ERR,ERR,ERR,ERR,ERR,ERR,ERR,ERR,ERR,ERR,ERR,ERR,ERR,ERR,ERR,ERR,ERR,ERR,ERR,ERR,ERR,ERR,ERR,ERR,ERR,ERR,ERR,ERR,ERR,ERR,ERR,ERR,ERR,ERR,ERR,ERR,ERR,ERR,0.0,0.0,-101055584.0,0.0,0.0,0.0,0.0,nan,0,0,0,32768,0,0.0,0,0.0,0.0,0.0,0.0,0.0,0,0,0,0,0.0,0,0,0,0,0,0,0,0,0,0,0,0,0,0,0,0,0,0,0,0,0,0,0,0,0,0,0,0,0,0,0,0,0,0,0,0,0,0,0,0,0,0,0,0,0.0,0.0,0.0,0.0,0.0,0.0,0.0,0.0,0.0,0.0,0.0,0.0,0.0,0.0,0.0,0.0,0.0,0.0,0.0,0.0,0.0,0.0,0.0,0.0,-2.004,2.004,0.0,0.0,0.0,0.0,3393.5,0.0,0.0,2.7184278591402704e+23,0.0,-0.0,0.0,0.0,0.0,0.0,0.0,0,-0.0,-71.629,0.0,0.0,0.0,0.0,0.0,0.0,0.0,0,0,0,0.0,0.0,0.0,0.0,0.0,0.0,0.0,0.0,0.0,0.0,0.0,0.0,0.0,0.0,0.0,0.0,0,-107875648.0,0,0.0,0,-107875648.0,-107877712.0,0,39322,17039,0,17054,52429,17037,0,0,0,110,100,100,2.7302334150594743e+23,64.0,0.0,64.5,0.0,69.0,1,49,50,180,0,52429,0,0,0.0,0.0,0.0,0.0,-0.0,65.0,0.0,12181060976640.0,0.0,645,0,689,0,0,0,718,0,790,0,709,0,690,0,645,0,642,0,616,0.032,56098816.0,0.0,2.7302316136196234e+23,20368,16788,-0.0,1911019525898240.0,264.505,228.249,-239345808.0,391383252992.0,29.0,60.0,70,0.0,0.0,0.0,0.0,0.0,0.0,0.0,0.0,0.0,0.0,0.0,0.0,0.0,0.0,0.0,0.0,59.2,69,11,65508,41,65476,0,300,0,0,8,20529,65476,0,0,61604,60.0,0.0,0.0,0.0,0.0,0.0
2026-04-04T11:18:24,ERR,ERR,ERR,ERR,ERR,ERR,ERR,ERR,ERR,ERR,ERR,ERR,ERR,ERR,ERR,ERR,ERR,ERR,ERR,ERR,ERR,ERR,ERR,ERR,ERR,ERR,ERR,ERR,ERR,ERR,ERR,ERR,ERR,ERR,ERR,ERR,ERR,ERR,ERR,ERR,ERR,ERR,ERR,ERR,ERR,ERR,ERR,ERR,ERR,ERR,ERR,ERR,ERR,ERR,ERR,ERR,ERR,ERR,ERR,ERR,ERR,ERR,ERR,ERR,ERR,ERR,ERR,ERR,ERR,ERR,ERR,ERR,ERR,ERR,ERR,ERR,ERR,ERR,ERR,ERR,ERR,ERR,ERR,ERR,ERR,ERR,ERR,ERR,ERR,ERR,ERR,ERR,ERR,ERR,ERR,ERR,ERR,ERR,ERR,ERR,ERR,ERR,ERR,ERR,ERR,ERR,ERR,ERR,ERR,ERR,ERR,ERR,ERR,ERR,ERR,ERR,ERR,ERR,ERR,ERR,ERR,ERR,ERR,ERR,ERR,2.7184278591402704e+23,0.0,-0.0,0.0,0.0,0.0,0.0,nan,0,0,0,32768,0,0.0,0,0.0,0.0,0.0,0.0,0.0,0,0,0,0,0.0,0,0,0,0,0,0,0,0,0,0,0,0,0,0,0,0,0,0,0,0,0,0,0,0,0,0,0,0,0,0,0,0,0,0,0,0,0,0,0,0,0,0,0,0,0.0,0.0,0.0,0.0,0.0,0.0,0.0,0.0,0.0,0.0,0.0,0.0,0.0,0.0,0.0,0.0,0.0,0.0,0.0,0.0,0.0,0.0,-2.004,0.0,-2.004,2.004,0.0,0.0,0.0,0.0,3394.0,0.0,0.0,0.0,0.0,-0.0,0.0,0.0,0.0,0.0,0.0,0,-0.0,-0.0,0.0,0.0,0.0,0.0,0.0,0.0,0.0,0,0,0,0.0,0.0,0.0,0.0,0.0,0.0,0.0,0.0,0.0,0.0,0.0,0.0,0.0,0.0,0.0,0.0,0,-107875648.0,0,0.0,0,-107875648.0,-107877712.0,0,39322,17039,0,17054,52429,17037,0,0,0,110,100,100,2.7302334150594743e+23,64.0,0.0,64.5,0.0,69.0,1,49,50,180,0,52429,0,0,0.0,0.0,0.0,0.0,-0.0,65.0,0.0,82605080838144.0,0.0,645,0,689,0,0,0,718,0,790,0,709,0,690,0,645,0,642,0,616,0.032,55836672.0,0.0,2.7302316136196234e+23,22160,16788,-0.0,-0.0,2.3944234095645188e+22,-0.0,-1.06648905387705e+21,3.129698565555463e+28,29.0,60.0,70,0.0,0.0,0.0,0.0,0.0,0.0,0.0,0.0,0.0,0.0,0.0,0.0,0.0,0.0,0.0,0.0,59.2,69,11,65508,41,65476,0,300,0,0,8,20529,65476,0,0,61604,60.0,0.0,0.0,0.0,0.0,0.0
2026-04-04T11:18:25,ERR,ERR,ERR,ERR,ERR,ERR,ERR,ERR,ERR,ERR,ERR,ERR,ERR,ERR,ERR,ERR,ERR,ERR,ERR,ERR,ERR,ERR,ERR,ERR,ERR,ERR,ERR,ERR,ERR,ERR,ERR,ERR,ERR,ERR,ERR,ERR,ERR,ERR,ERR,ERR,ERR,ERR,ERR,ERR,ERR,ERR,ERR,ERR,ERR,ERR,ERR,ERR,ERR,ERR,ERR,ERR,ERR,ERR,ERR,ERR,ERR,ERR,ERR,ERR,ERR,ERR,ERR,ERR,ERR,ERR,ERR,ERR,ERR,ERR,ERR,ERR,ERR,ERR,ERR,ERR,ERR,ERR,ERR,ERR,ERR,ERR,ERR,ERR,ERR,ERR,ERR,ERR,ERR,ERR,ERR,ERR,ERR,ERR,ERR,ERR,ERR,ERR,ERR,ERR,ERR,ERR,ERR,ERR,ERR,ERR,ERR,ERR,ERR,ERR,ERR,ERR,ERR,ERR,ERR,ERR,ERR,ERR,ERR,ERR,ERR,2.7184278591402704e+23,0.0,-0.0,0.0,0.0,0.0,0.0,nan,0,0,0,32768,0,0.0,0,0.0,0.0,0.0,0.0,0.0,0,0,0,0,0.0,0,0,0,0,0,0,0,0,0,0,0,0,0,0,0,0,0,0,0,0,0,0,0,0,0,0,0,0,0,0,0,0,0,0,0,0,0,0,0,0,0,0,0,0,0.0,0.0,0.0,0.0,0.0,0.0,0.0,0.0,0.0,0.0,0.0,0.0,0.0,0.0,0.0,0.0,0.0,0.0,0.0,0.0,0.0,0.0,-2.004,0.0,-2.004,2.004,0.0,0.0,0.0,0.0,3394.0,0.0,0.0,0.0,0.0,-0.0,0.0,0.0,0.0,0.0,0.0,0,-0.0,-0.0,0.0,0.0,0.0,0.0,0.0,0.0,0.0,0,0,0,0.0,0.0,0.0,0.0,0.0,0.0,0.0,0.0,0.0,0.0,0.0,0.0,0.0,0.0,0.0,0.0,0,-107875648.0,0,0.0,0,-107875648.0,-107877712.0,0,39322,17039,0,17054,52429,17037,0,0,0,110,100,100,2.7302334150594743e+23,64.0,0.0,64.5,0.0,69.0,1,49,50,180,0,52429,0,0,0.0,0.0,0.0,0.0,-0.0,65.0,0.0,82605080838144.0,0.0,645,0,689,0,0,0,718,0,790,0,709,0,690,0,645,0,642,0,616,0.032,55836672.0,0.0,2.7302316136196234e+23,22160,16788,-0.0,-0.0,2.3944234095645188e+22,-0.0,-1.06648905387705e+21,3.129698565555463e+28,29.0,60.0,70,0.0,0.0,0.0,0.0,0.0,0.0,0.0,0.0,0.0,0.0,0.0,0.0,0.0,0.0,0.0,0.0,59.6,69,11,65508,41,65476,0,300,0,0,8,20529,65476,0,0,61604,60.0,0.0,0.0,0.0,0.0,0.0
2026-04-04T11:18:26,ERR,ERR,ERR,ERR,ERR,ERR,ERR,ERR,ERR,ERR,ERR,ERR,ERR,ERR,ERR,ERR,ERR,ERR,ERR,ERR,ERR,ERR,ERR,ERR,ERR,ERR,ERR,ERR,ERR,ERR,ERR,ERR,ERR,ERR,ERR,ERR,ERR,ERR,ERR,ERR,ERR,ERR,ERR,ERR,ERR,ERR,ERR,ERR,ERR,ERR,ERR,ERR,ERR,ERR,ERR,ERR,ERR,ERR,ERR,ERR,ERR,ERR,ERR,ERR,ERR,ERR,ERR,ERR,ERR,ERR,ERR,ERR,ERR,ERR,ERR,ERR,ERR,ERR,ERR,ERR,ERR,ERR,ERR,ERR,ERR,ERR,ERR,ERR,ERR,ERR,ERR,ERR,ERR,ERR,ERR,ERR,ERR,ERR,ERR,ERR,ERR,ERR,ERR,ERR,ERR,ERR,ERR,ERR,ERR,ERR,ERR,ERR,ERR,ERR,ERR,ERR,ERR,ERR,ERR,ERR,ERR,ERR,ERR,ERR,ERR,2.7184278591402704e+23,0.0,-0.0,0.0,0.0,0.0,0.0,nan,0,0,0,32768,0,0.0,0,0.0,0.0,0.0,0.0,0.0,0,0,0,0,0.0,0,0,0,0,0,0,0,0,0,0,0,0,0,0,0,0,0,0,0,0,0,0,0,0,0,0,0,0,0,0,0,0,0,0,0,0,0,0,0,0,0,0,0,0,0.0,0.0,0.0,0.0,0.0,0.0,0.0,0.0,0.0,0.0,0.0,0.0,0.0,0.0,0.0,0.0,0.0,0.0,0.0,0.0,0.0,0.0,-2.004,0.0,-2.004,2.004,0.0,0.0,0.0,0.0,3394.0,0.0,0.0,0.0,0.0,-0.0,0.0,0.0,0.0,0.0,0.0,0,-0.0,-0.0,0.0,0.0,0.0,0.0,0.0,0.0,0.0,0,0,0,0.0,0.0,0.0,0.0,0.0,0.0,0.0,0.0,0.0,0.0,0.0,0.0,0.0,0.0,0.0,0.0,0,-107875648.0,0,0.0,0,-107875648.0,-107877712.0,0,39322,17039,0,17054,52429,17037,0,0,0,110,100,100,2.7302334150594743e+23,64.0,0.0,64.5,0.0,69.0,1,49,50,180,0,52429,0,0,0.0,0.0,0.0,0.0,-0.0,65.0,0.0,82605080838144.0,0.0,645,0,689,0,0,0,718,0,790,0,709,0,690,0,645,0,642,0,616,0.032,55836672.0,0.0,2.7302316136196234e+23,22160,16788,-0.0,-0.0,2.3944234095645188e+22,-0.0,-1.06648905387705e+21,3.129698565555463e+28,29.0,60.0,70,0.0,0.0,0.0,0.0,0.0,0.0,0.0,0.0,0.0,0.0,0.0,0.0,0.0,0.0,0.0,0.0,59.6,69,11,65508,41,65476,0,300,0,0,8,20529,65476,0,0,61604,60.0,0.0,0.0,0.0,0.0,0.0
2026-04-04T11:18:27,ERR,ERR,ERR,ERR,ERR,ERR,ERR,ERR,ERR,ERR,ERR,ERR,ERR,ERR,ERR,ERR,ERR,ERR,ERR,ERR,ERR,ERR,ERR,ERR,ERR,ERR,ERR,ERR,ERR,ERR,ERR,ERR,ERR,ERR,ERR,ERR,ERR,ERR,ERR,ERR,ERR,ERR,ERR,ERR,ERR,ERR,ERR,ERR,ERR,ERR,ERR,ERR,ERR,ERR,ERR,ERR,ERR,ERR,ERR,ERR,ERR,ERR,ERR,ERR,ERR,ERR,ERR,ERR,ERR,ERR,ERR,ERR,ERR,ERR,ERR,ERR,ERR,ERR,ERR,ERR,ERR,ERR,ERR,ERR,ERR,ERR,ERR,ERR,ERR,ERR,ERR,ERR,ERR,ERR,ERR,ERR,ERR,ERR,ERR,ERR,ERR,ERR,ERR,ERR,ERR,ERR,ERR,ERR,ERR,ERR,ERR,ERR,ERR,ERR,ERR,ERR,ERR,ERR,ERR,ERR,ERR,ERR,ERR,ERR,ERR,2.7184278591402704e+23,0.0,-0.0,0.0,0.0,0.0,0.0,nan,0,0,0,32768,0,0.0,0,0.0,0.0,0.0,0.0,0.0,0,0,0,0,0.0,0,0,0,0,0,0,0,0,0,0,0,0,0,0,0,0,0,0,0,0,0,0,0,0,0,0,0,0,0,0,0,0,0,0,0,0,0,0,0,0,0,0,0,0,0.0,0.0,0.0,0.0,0.0,0.0,0.0,0.0,0.0,0.0,0.0,0.0,0.0,0.0,0.0,0.0,0.0,0.0,0.0,0.0,0.0,0.0,-2.004,0.0,-2.004,2.004,0.0,0.0,0.0,0.0,3394.0,0.0,0.0,0.0,0.0,-0.0,0.0,0.0,0.0,0.0,0.0,0,-0.0,-0.0,0.0,0.0,0.0,0.0,0.0,0.0,0.0,0,0,0,0.0,0.0,0.0,0.0,0.0,0.0,0.0,0.0,0.0,0.0,0.0,0.0,0.0,0.0,0.0,0.0,0,-107875648.0,0,0.0,0,-107875648.0,-107877712.0,0,39322,17039,0,17054,52429,17037,0,0,0,110,100,100,2.7302334150594743e+23,64.0,0.0,64.5,0.0,69.0,1,49,50,180,0,52429,0,0,0.0,0.0,0.0,0.0,-0.0,65.0,0.0,82605080838144.0,0.0,645,0,689,0,0,0,718,0,790,0,709,0,690,0,645,0,642,0,616,0.032,55836672.0,0.0,2.7302316136196234e+23,22160,16788,-0.0,-0.0,2.3944234095645188e+22,-0.0,-1.06648905387705e+21,3.129698565555463e+28,29.0,60.0,70,0.0,0.0,0.0,0.0,0.0,0.0,0.0,0.0,0.0,0.0,0.0,0.0,0.0,0.0,0.0,0.0,59.2,69,11,65508,41,65476,0,300,0,0,8,20529,65476,0,0,61604,60.0,0.0,0.0,0.0,0.0,0.0
2026-04-04T11:18:28,ERR,ERR,ERR,ERR,ERR,ERR,ERR,ERR,ERR,ERR,ERR,ERR,ERR,ERR,ERR,ERR,ERR,ERR,ERR,ERR,ERR,ERR,ERR,ERR,ERR,ERR,ERR,ERR,ERR,ERR,ERR,ERR,ERR,ERR,ERR,ERR,ERR,ERR,ERR,ERR,ERR,ERR,ERR,ERR,ERR,ERR,ERR,ERR,ERR,ERR,ERR,ERR,ERR,ERR,ERR,ERR,ERR,ERR,ERR,ERR,ERR,ERR,ERR,ERR,ERR,ERR,ERR,ERR,ERR,ERR,ERR,ERR,ERR,ERR,ERR,ERR,ERR,ERR,ERR,ERR,ERR,ERR,ERR,ERR,ERR,ERR,ERR,ERR,ERR,ERR,ERR,ERR,ERR,ERR,ERR,ERR,ERR,ERR,ERR,ERR,ERR,ERR,ERR,ERR,ERR,ERR,ERR,ERR,ERR,ERR,ERR,ERR,ERR,ERR,ERR,ERR,ERR,ERR,ERR,ERR,ERR,ERR,ERR,ERR,ERR,2.7184278591402704e+23,0.0,-0.0,0.0,0.0,0.0,0.0,nan,0,0,0,32768,0,0.0,0,0.0,0.0,0.0,0.0,0.0,0,0,0,0,0.0,0,0,0,0,0,0,0,0,0,0,0,0,0,0,0,0,0,0,0,0,0,0,0,0,0,0,0,0,0,0,0,0,0,0,0,0,0,0,0,0,0,0,0,0,0.0,0.0,0.0,0.0,0.0,0.0,0.0,0.0,0.0,0.0,0.0,0.0,0.0,0.0,0.0,0.0,0.0,0.0,0.0,0.0,0.0,0.0,-2.004,0.0,-2.004,2.004,0.0,0.0,0.0,0.0,3394.0,0.0,0.0,0.0,0.0,-0.0,0.0,0.0,0.0,0.0,0.0,0,-0.0,-0.0,0.0,0.0,0.0,0.0,0.0,0.0,0.0,0,0,0,0.0,0.0,0.0,0.0,0.0,0.0,0.0,0.0,0.0,0.0,0.0,0.0,0.0,0.0,0.0,0.0,0,-107875648.0,0,0.0,0,-107875648.0,-107877712.0,0,39322,17039,0,17054,52429,17037,0,0,0,110,100,100,2.7302334150594743e+23,64.0,0.0,64.5,0.0,69.0,1,49,50,180,0,52429,0,0,0.0,0.0,0.0,0.0,-0.0,65.0,0.0,82605080838144.0,0.0,645,0,689,0,0,0,718,0,790,0,709,0,690,0,645,0,642,0,616,0.032,55836672.0,0.0,2.7302316136196234e+23,22160,16788,-0.0,-0.0,2.3944234095645188e+22,-0.0,-1.06648905387705e+21,3.129698565555463e+28,29.0,60.0,70,0.0,0.0,0.0,0.0,0.0,0.0,0.0,0.0,0.0,0.0,0.0,0.0,0.0,0.0,0.0,0.0,59.2,69,11,65508,41,65476,0,300,0,0,8,20529,65476,0,0,61604,60.0,0.0,0.0,0.0,0.0,0.0
2026-04-04T11:18:29,ERR,ERR,ERR,ERR,ERR,ERR,ERR,ERR,ERR,ERR,ERR,ERR,ERR,ERR,ERR,ERR,ERR,ERR,ERR,ERR,ERR,ERR,ERR,ERR,ERR,ERR,ERR,ERR,ERR,ERR,ERR,ERR,ERR,ERR,ERR,ERR,ERR,ERR,ERR,ERR,ERR,ERR,ERR,ERR,ERR,ERR,ERR,ERR,ERR,ERR,ERR,ERR,ERR,ERR,ERR,ERR,ERR,ERR,ERR,ERR,ERR,ERR,ERR,ERR,ERR,ERR,ERR,ERR,ERR,ERR,ERR,ERR,ERR,ERR,ERR,ERR,ERR,ERR,ERR,ERR,ERR,ERR,ERR,ERR,ERR,ERR,ERR,ERR,ERR,ERR,ERR,ERR,ERR,ERR,ERR,ERR,ERR,ERR,ERR,ERR,ERR,ERR,ERR,ERR,ERR,ERR,ERR,ERR,ERR,ERR,ERR,ERR,ERR,ERR,ERR,ERR,ERR,ERR,ERR,ERR,ERR,ERR,ERR,ERR,ERR,2.7184278591402704e+23,0.0,-0.0,0.0,0.0,0.0,0.0,nan,0,0,0,32768,0,0.0,0,0.0,0.0,0.0,0.0,0.0,0,0,0,0,0.0,0,0,0,0,0,0,0,0,0,0,0,0,0,0,0,0,0,0,0,0,0,0,0,0,0,0,0,0,0,0,0,0,0,0,0,0,0,0,0,0,0,0,0,0,0.0,0.0,0.0,0.0,0.0,0.0,0.0,0.0,0.0,0.0,0.0,0.0,0.0,0.0,0.0,0.0,0.0,0.0,0.0,0.0,0.0,0.0,-2.004,0.0,-2.004,2.004,0.0,0.0,0.0,0.0,3394.0,0.0,0.0,0.0,0.0,-0.0,0.0,0.0,0.0,0.0,0.0,0,-0.0,-0.0,0.0,0.0,0.0,0.0,0.0,0.0,0.0,0,0,0,0.0,0.0,0.0,0.0,0.0,0.0,0.0,0.0,0.0,0.0,0.0,0.0,0.0,0.0,0.0,0.0,0,-107875648.0,0,0.0,0,-107875648.0,-107877712.0,0,39322,17039,0,17054,52429,17037,0,0,0,110,100,100,2.7302334150594743e+23,64.0,0.0,64.5,0.0,69.0,1,49,50,180,0,52429,0,0,0.0,0.0,0.0,0.0,-0.0,65.0,0.0,82605080838144.0,0.0,645,0,689,0,0,0,718,0,790,0,709,0,690,0,645,0,642,0,616,0.032,55836672.0,0.0,2.7302316136196234e+23,22160,16788,-0.0,-0.0,2.3944234095645188e+22,-0.0,-1.06648905387705e+21,3.129698565555463e+28,29.0,60.0,70,0.0,0.0,0.0,0.0,0.0,0.0,0.0,0.0,0.0,0.0,0.0,0.0,0.0,0.0,0.0,0.0,59.2,69,11,65508,41,65476,0,300,0,0,8,20529,65476,0,0,61604,60.0,0.0,0.0,0.0,0.0,0.0
2026-04-04T11:18:30,ERR,ERR,ERR,ERR,ERR,ERR,ERR,ERR,ERR,ERR,ERR,ERR,ERR,ERR,ERR,ERR,ERR,ERR,ERR,ERR,ERR,ERR,ERR,ERR,ERR,ERR,ERR,ERR,ERR,ERR,ERR,ERR,ERR,ERR,ERR,ERR,ERR,ERR,ERR,ERR,ERR,ERR,ERR,ERR,ERR,ERR,ERR,ERR,ERR,ERR,ERR,ERR,ERR,ERR,ERR,ERR,ERR,ERR,ERR,ERR,ERR,ERR,ERR,ERR,ERR,ERR,ERR,ERR,ERR,ERR,ERR,ERR,ERR,ERR,ERR,ERR,ERR,ERR,ERR,ERR,ERR,ERR,ERR,ERR,ERR,ERR,ERR,ERR,ERR,ERR,ERR,ERR,ERR,ERR,ERR,ERR,ERR,ERR,ERR,ERR,ERR,ERR,ERR,ERR,ERR,ERR,ERR,ERR,ERR,ERR,ERR,ERR,ERR,ERR,ERR,ERR,ERR,ERR,ERR,ERR,ERR,ERR,ERR,ERR,ERR,2.7184278591402704e+23,0.0,-0.0,0.0,0.0,0.0,0.0,nan,0,0,0,32768,0,0.0,0,0.0,0.0,0.0,0.0,0.0,0,0,0,0,0.0,0,0,0,0,0,0,0,0,0,0,0,0,0,0,0,0,0,0,0,0,0,0,0,0,0,0,0,0,0,0,0,0,0,0,0,0,0,0,0,0,0,0,0,0,0.0,0.0,0.0,0.0,0.0,0.0,0.0,0.0,0.0,0.0,0.0,0.0,0.0,0.0,0.0,0.0,0.0,0.0,0.0,0.0,0.0,0.0,-2.004,0.0,-2.004,2.004,0.0,0.0,0.0,0.0,3394.0,0.0,0.0,0.0,0.0,-0.0,0.0,0.0,0.0,0.0,0.0,0,-0.0,-0.0,0.0,0.0,0.0,0.0,0.0,0.0,0.0,0,0,0,0.0,0.0,0.0,0.0,0.0,0.0,0.0,0.0,0.0,0.0,0.0,0.0,0.0,0.0,0.0,0.0,0,-107875648.0,0,0.0,0,-107875648.0,-107877712.0,0,39322,17039,0,17054,52429,17037,0,0,0,110,100,100,2.7302334150594743e+23,64.0,0.0,64.5,0.0,69.0,1,49,50,180,13107,52429,0,0,0.0,0.0,0.0,0.0,-0.0,65.0,0.0,-0.2,0.0,646,0,689,0,0,0,718,0,790,0,709,0,690,0,645,0,642,0,616,0.032,55836672.0,0.0,2.7302316136196234e+23,12688,16788,-0.0,-0.003,2.9847192199232244e+22,-0.0,-2.0321158071588592e+20,3.293153187301639e+27,29.0,60.0,70,0.0,0.0,0.0,0.0,0.0,0.0,0.0,0.0,0.0,0.0,0.0,0.0,0.0,0.0,0.0,0.0,59.2,69,11,65508,41,65476,0,300,0,0,8,20529,65476,0,0,61604,60.0,0.0,0.0,0.0,0.0,0.0
2026-04-04T11:18:31,ERR,ERR,ERR,ERR,ERR,ERR,ERR,ERR,ERR,ERR,ERR,ERR,ERR,ERR,ERR,ERR,ERR,ERR,ERR,ERR,ERR,ERR,ERR,ERR,ERR,ERR,ERR,ERR,ERR,ERR,ERR,ERR,ERR,ERR,ERR,ERR,ERR,ERR,ERR,ERR,ERR,ERR,ERR,ERR,ERR,ERR,ERR,ERR,ERR,ERR,ERR,ERR,ERR,ERR,ERR,ERR,ERR,ERR,ERR,ERR,ERR,ERR,ERR,ERR,ERR,ERR,ERR,ERR,ERR,ERR,ERR,ERR,ERR,ERR,ERR,ERR,ERR,ERR,ERR,ERR,ERR,ERR,ERR,ERR,ERR,ERR,ERR,ERR,ERR,ERR,ERR,ERR,ERR,ERR,ERR,ERR,ERR,ERR,ERR,ERR,ERR,ERR,ERR,ERR,ERR,ERR,ERR,ERR,ERR,ERR,ERR,ERR,ERR,ERR,ERR,ERR,ERR,ERR,ERR,ERR,ERR,ERR,ERR,ERR,ERR,2.7184278591402704e+23,0.0,-0.0,0.0,0.0,0.0,0.0,nan,0,0,0,32768,0,0.0,0,0.0,0.0,0.0,0.0,0.0,0,0,0,0,0.0,0,0,0,0,0,0,0,0,0,0,0,0,0,0,0,0,0,0,0,0,0,0,0,0,0,0,0,0,0,0,0,0,0,0,0,0,0,0,0,0,0,0,0,0,0.0,0.0,0.0,0.0,0.0,0.0,0.0,0.0,0.0,0.0,0.0,0.0,0.0,0.0,0.0,0.0,0.0,0.0,0.0,0.0,0.0,0.0,-2.004,0.0,-2.004,2.004,0.0,0.0,0.0,0.0,3394.0,0.0,0.0,0.0,0.0,-0.0,0.0,0.0,0.0,0.0,0.0,0,-0.0,-0.0,0.0,0.0,0.0,0.0,0.0,0.0,0.0,0,0,0,0.0,0.0,0.0,0.0,0.0,0.0,0.0,0.0,0.0,0.0,0.0,0.0,0.0,0.0,0.0,0.0,0,-107875648.0,0,0.0,0,-107875648.0,-107877712.0,0,39322,17039,0,17054,52429,17037,0,0,0,110,100,100,2.7302334150594743e+23,64.0,0.0,64.5,0.0,69.0,1,49,50,180,13107,52429,0,0,0.0,0.0,0.0,0.0,-0.0,65.0,0.0,-0.2,0.0,646,0,689,0,0,0,718,0,790,0,709,0,690,0,645,0,642,0,616,0.032,55836672.0,0.0,2.7302316136196234e+23,12688,16788,-0.0,-0.003,2.9847192199232244e+22,-0.0,-2.0321158071588592e+20,3.293153187301639e+27,29.0,60.0,70,0.0,0.0,0.0,0.0,0.0,0.0,0.0,0.0,0.0,0.0,0.0,0.0,0.0,0.0,0.0,0.0,59.2,69,11,65508,41,65476,0,300,0,0,8,20529,65476,0,0,61604,60.0,0.0,0.0,0.0,0.0,0.0
2026-04-04T11:18:32,ERR,ERR,ERR,ERR,ERR,ERR,ERR,ERR,ERR,ERR,ERR,ERR,ERR,ERR,ERR,ERR,ERR,ERR,ERR,ERR,ERR,ERR,ERR,ERR,ERR,ERR,ERR,ERR,ERR,ERR,ERR,ERR,ERR,ERR,ERR,ERR,ERR,ERR,ERR,ERR,ERR,ERR,ERR,ERR,ERR,ERR,ERR,ERR,ERR,ERR,ERR,ERR,ERR,ERR,ERR,ERR,ERR,ERR,ERR,ERR,ERR,ERR,ERR,ERR,ERR,ERR,ERR,ERR,ERR,ERR,ERR,ERR,ERR,ERR,ERR,ERR,ERR,ERR,ERR,ERR,ERR,ERR,ERR,ERR,ERR,ERR,ERR,ERR,ERR,ERR,ERR,ERR,ERR,ERR,ERR,ERR,ERR,ERR,ERR,ERR,ERR,ERR,ERR,ERR,ERR,ERR,ERR,ERR,ERR,ERR,ERR,ERR,ERR,ERR,ERR,ERR,ERR,ERR,ERR,ERR,ERR,ERR,ERR,ERR,ERR,0.0,0.0,-101055584.0,0.0,0.0,0.0,0.0,nan,0,0,0,32768,0,0.0,0,0.0,0.0,0.0,0.0,0.0,0,0,0,0,0.0,0,0,0,0,0,0,0,0,0,0,0,0,0,0,0,0,0,0,0,0,0,0,0,0,0,0,0,0,0,0,0,0,0,0,0,0,0,0,0,0,0,0,0,0,0.0,0.0,0.0,0.0,0.0,0.0,0.0,0.0,0.0,0.0,0.0,0.0,0.0,0.0,-2.5962063029642504e+33,0.0,0.0,0.0,0.0,0.0,0.0,0.0,-2.004,0.0,-2.004,2.004,0.0,0.0,0.0,0.0,3378.0,-8608107520.0,0.0,2.7184278591402704e+23,0.0,-0.0,0.0,0.0,0.0,0.0,0.0,0,-0.0,-0.0,0.0,0.0,0.0,0.0,0.0,0.0,0.0,0,0,0,0.0,0.0,0.0,0.0,0.0,0.0,0.0,0.0,0.0,0.0,0.0,0.0,0.0,0.0,0.0,0.0,0,-107875648.0,0,0.0,0,-107875648.0,-107877712.0,0,39322,17039,0,17054,52429,17037,0,0,0,110,100,100,2.7302334150594743e+23,64.0,0.0,64.5,0.0,69.0,1,49,50,180,13107,52429,0,0,0.0,0.0,0.0,0.0,-0.0,65.0,0.0,-0.2,0.0,646,0,689,0,0,0,718,0,790,0,709,0,690,0,645,0,642,0,616,0.032,55836672.0,0.0,2.7302316136196234e+23,12688,16788,-0.0,-0.003,2.9847192199232244e+22,-0.0,-2.0321158071588592e+20,3.293153187301639e+27,29.0,60.0,70,0.0,0.0,0.0,0.0,0.0,0.0,0.0,0.0,0.0,0.0,0.0,0.0,0.0,0.0,0.0,0.0,59.2,69,11,65508,41,65476,0,300,0,0,8,20529,65476,0,0,61604,60.0,0.0,0.0,0.0,0.0,0.0
2026-04-04T11:18:33,ERR,ERR,ERR,ERR,ERR,ERR,ERR,ERR,ERR,ERR,ERR,ERR,ERR,ERR,ERR,ERR,ERR,ERR,ERR,ERR,ERR,ERR,ERR,ERR,ERR,ERR,ERR,ERR,ERR,ERR,ERR,ERR,ERR,ERR,ERR,ERR,ERR,ERR,ERR,ERR,ERR,ERR,ERR,ERR,ERR,ERR,ERR,ERR,ERR,ERR,ERR,ERR,ERR,ERR,ERR,ERR,ERR,ERR,ERR,ERR,ERR,ERR,ERR,ERR,ERR,ERR,ERR,ERR,ERR,ERR,ERR,ERR,ERR,ERR,ERR,ERR,ERR,ERR,ERR,ERR,ERR,ERR,ERR,ERR,ERR,ERR,ERR,ERR,ERR,ERR,ERR,ERR,ERR,ERR,ERR,ERR,ERR,ERR,ERR,ERR,ERR,ERR,ERR,ERR,ERR,ERR,ERR,ERR,ERR,ERR,ERR,ERR,ERR,ERR,ERR,ERR,ERR,ERR,ERR,ERR,ERR,ERR,ERR,ERR,ERR,0.0,0.0,-101055584.0,0.0,0.0,0.0,0.0,nan,0,0,0,32768,0,0.0,0,0.0,0.0,0.0,0.0,0.0,0,0,0,0,0.0,0,0,0,0,0,0,0,0,0,0,0,0,0,0,0,0,0,0,0,0,0,0,0,0,0,0,0,0,0,0,0,0,0,0,0,0,0,0,0,0,0,0,0,0,0.0,0.0,0.0,0.0,0.0,0.0,0.0,0.0,0.0,0.0,0.0,0.0,0.0,0.0,-2.5962063029642504e+33,0.0,0.0,0.0,0.0,0.0,0.0,0.0,-2.004,0.0,-2.004,2.004,0.0,0.0,0.0,0.0,3378.0,-8608107520.0,0.0,2.7184278591402704e+23,0.0,-0.0,0.0,0.0,0.0,0.0,0.0,0,-0.0,-0.0,0.0,0.0,0.0,0.0,0.0,0.0,0.0,0,0,0,0.0,0.0,0.0,0.0,0.0,0.0,0.0,0.0,0.0,0.0,0.0,0.0,0.0,0.0,0.0,0.0,0,-107875648.0,0,0.0,0,-107875648.0,-107877712.0,0,39322,17039,0,17054,52429,17037,0,0,0,110,100,100,2.7302334150594743e+23,64.0,0.0,64.5,0.0,69.0,1,49,50,180,13107,52429,0,0,0.0,0.0,0.0,0.0,-0.0,65.0,0.0,-0.2,0.0,646,0,689,0,0,0,718,0,790,0,709,0,690,0,645,0,642,0,616,0.032,55836672.0,0.0,2.7302316136196234e+23,12688,16788,-0.0,-0.003,2.9847192199232244e+22,-0.0,-2.0321158071588592e+20,3.293153187301639e+27,29.0,60.0,70,0.0,0.0,0.0,0.0,0.0,0.0,0.0,0.0,0.0,0.0,0.0,0.0,0.0,0.0,0.0,0.0,59.2,69,11,65508,41,65476,0,300,0,0,8,20529,65476,0,0,61604,60.0,0.0,0.0,0.0,0.0,0.0
2026-04-04T11:18:34,ERR,ERR,ERR,ERR,ERR,ERR,ERR,ERR,ERR,ERR,ERR,ERR,ERR,ERR,ERR,ERR,ERR,ERR,ERR,ERR,ERR,ERR,ERR,ERR,ERR,ERR,ERR,ERR,ERR,ERR,ERR,ERR,ERR,ERR,ERR,ERR,ERR,ERR,ERR,ERR,ERR,ERR,ERR,ERR,ERR,ERR,ERR,ERR,ERR,ERR,ERR,ERR,ERR,ERR,ERR,ERR,ERR,ERR,ERR,ERR,ERR,ERR,ERR,ERR,ERR,ERR,ERR,ERR,ERR,ERR,ERR,ERR,ERR,ERR,ERR,ERR,ERR,ERR,ERR,ERR,ERR,ERR,ERR,ERR,ERR,ERR,ERR,ERR,ERR,ERR,ERR,ERR,ERR,ERR,ERR,ERR,ERR,ERR,ERR,ERR,ERR,ERR,ERR,ERR,ERR,ERR,ERR,ERR,ERR,ERR,ERR,ERR,ERR,ERR,ERR,ERR,ERR,ERR,ERR,ERR,ERR,ERR,ERR,ERR,ERR,0.0,0.0,-101055584.0,0.0,0.0,0.0,0.0,nan,0,0,0,32768,0,0.0,0,0.0,0.0,0.0,0.0,0.0,0,0,0,0,0.0,0,0,0,0,0,0,0,0,0,0,0,0,0,0,0,0,0,0,0,0,0,0,0,0,0,0,0,0,0,0,0,0,0,0,0,0,0,0,0,0,0,0,0,0,0.0,0.0,0.0,0.0,0.0,0.0,0.0,0.0,0.0,0.0,0.0,0.0,0.0,0.0,-2.5962063029642504e+33,0.0,0.0,0.0,0.0,0.0,0.0,0.0,-2.004,0.0,-2.004,2.004,0.0,0.0,0.0,0.0,3378.0,-8608107520.0,0.0,2.7184278591402704e+23,0.0,-0.0,0.0,0.0,0.0,0.0,0.0,0,-0.0,-0.0,0.0,0.0,0.0,0.0,0.0,0.0,0.0,0,0,0,0.0,0.0,0.0,0.0,0.0,0.0,0.0,0.0,0.0,0.0,0.0,0.0,0.0,0.0,0.0,0.0,0,-107875648.0,0,0.0,0,-107875648.0,-107877712.0,0,39322,17039,0,17054,52429,17037,0,0,0,110,100,100,2.7302334150594743e+23,64.0,0.0,64.5,0.0,69.0,1,49,50,180,13107,52429,0,0,0.0,0.0,0.0,0.0,-0.0,65.0,0.0,-0.2,0.0,646,0,689,0,0,0,718,0,790,0,709,0,690,0,645,0,642,0,616,0.032,55836672.0,0.0,2.7302316136196234e+23,12688,16788,-0.0,-0.003,2.9847192199232244e+22,-0.0,-2.0321158071588592e+20,3.293153187301639e+27,29.0,60.0,70,0.0,0.0,0.0,0.0,0.0,0.0,0.0,0.0,0.0,0.0,0.0,0.0,0.0,0.0,0.0,0.0,59.2,69,11,65508,41,65476,0,300,0,0,8,20529,65476,0,0,61604,60.0,0.0,0.0,0.0,0.0,0.0
2026-04-04T11:18:35,ERR,ERR,ERR,ERR,ERR,ERR,ERR,ERR,ERR,ERR,ERR,ERR,ERR,ERR,ERR,ERR,ERR,ERR,ERR,ERR,ERR,ERR,ERR,ERR,ERR,ERR,ERR,ERR,ERR,ERR,ERR,ERR,ERR,ERR,ERR,ERR,ERR,ERR,ERR,ERR,ERR,ERR,ERR,ERR,ERR,ERR,ERR,ERR,ERR,ERR,ERR,ERR,ERR,ERR,ERR,ERR,ERR,ERR,ERR,ERR,ERR,ERR,ERR,ERR,ERR,ERR,ERR,ERR,ERR,ERR,ERR,ERR,ERR,ERR,ERR,ERR,ERR,ERR,ERR,ERR,ERR,ERR,ERR,ERR,ERR,ERR,ERR,ERR,ERR,ERR,ERR,ERR,ERR,ERR,ERR,ERR,ERR,ERR,ERR,ERR,ERR,ERR,ERR,ERR,ERR,ERR,ERR,ERR,ERR,ERR,ERR,ERR,ERR,ERR,ERR,ERR,ERR,ERR,ERR,ERR,ERR,ERR,ERR,ERR,ERR,0.0,0.0,-101055584.0,0.0,0.0,0.0,0.0,nan,0,0,0,32768,0,0.0,0,0.0,0.0,0.0,0.0,0.0,0,0,0,0,0.0,0,0,0,0,0,0,0,0,0,0,0,0,0,0,0,0,0,0,0,0,0,0,0,0,0,0,0,0,0,0,0,0,0,0,0,0,0,0,0,0,0,0,0,0,0.0,0.0,0.0,0.0,0.0,0.0,0.0,0.0,0.0,0.0,0.0,0.0,0.0,0.0,-2.5962063029642504e+33,0.0,0.0,0.0,0.0,0.0,0.0,0.0,-2.004,0.0,-2.004,2.004,0.0,0.0,0.0,0.0,3378.0,-8608107520.0,0.0,2.7184278591402704e+23,0.0,-0.0,0.0,0.0,0.0,0.0,0.0,0,-0.0,-0.0,0.0,0.0,0.0,0.0,0.0,0.0,0.0,0,0,0,0.0,0.0,0.0,0.0,0.0,0.0,0.0,0.0,0.0,0.0,0.0,0.0,0.0,0.0,0.0,0.0,0,-107875648.0,0,0.0,0,-107875648.0,-107877712.0,0,39322,17039,0,17054,52429,17037,0,0,0,110,100,100,2.7302334150594743e+23,64.0,0.0,64.9,0.0,69.0,1,49,50,180,0,52429,0,0,0.0,0.0,0.0,0.0,-0.009,65.0,0.0,-0.0,0.0,645,0,689,0,0,0,718,0,790,0,709,0,690,0,645,0,642,0,616,0.032,55836672.0,0.0,2.7302316136196234e+23,17424,16788,-0.704,-0.0,-0.0,-1.5272555396346565e+34,-7.011944322653202e+31,-0.0,29.0,60.0,70,0.0,0.0,0.0,0.0,0.0,0.0,0.0,0.0,0.0,0.0,0.0,0.0,0.0,0.0,0.0,0.0,59.2,69,11,65508,41,65476,0,300,0,0,8,20529,65476,0,0,61604,60.0,0.0,0.0,0.0,0.0,0.0
2026-04-04T11:18:36,ERR,ERR,ERR,ERR,ERR,ERR,ERR,ERR,ERR,ERR,ERR,ERR,ERR,ERR,ERR,ERR,ERR,ERR,ERR,ERR,ERR,ERR,ERR,ERR,ERR,ERR,ERR,ERR,ERR,ERR,ERR,ERR,ERR,ERR,ERR,ERR,ERR,ERR,ERR,ERR,ERR,ERR,ERR,ERR,ERR,ERR,ERR,ERR,ERR,ERR,ERR,ERR,ERR,ERR,ERR,ERR,ERR,ERR,ERR,ERR,ERR,ERR,ERR,ERR,ERR,ERR,ERR,ERR,ERR,ERR,ERR,ERR,ERR,ERR,ERR,ERR,ERR,ERR,ERR,ERR,ERR,ERR,ERR,ERR,ERR,ERR,ERR,ERR,ERR,ERR,ERR,ERR,ERR,ERR,ERR,ERR,ERR,ERR,ERR,ERR,ERR,ERR,ERR,ERR,ERR,ERR,ERR,ERR,ERR,ERR,ERR,ERR,ERR,ERR,ERR,ERR,ERR,ERR,ERR,ERR,ERR,ERR,ERR,ERR,ERR,0.0,0.0,-101055584.0,0.0,0.0,0.0,0.0,nan,0,0,0,32768,0,0.0,0,0.0,0.0,0.0,0.0,0.0,0,0,0,0,0.0,0,0,0,0,0,0,0,0,0,0,0,0,0,0,0,0,0,0,0,0,0,0,0,0,0,0,0,0,0,0,0,0,0,0,0,0,0,0,0,0,0,0,0,0,0.0,0.0,0.0,0.0,0.0,0.0,0.0,0.0,0.0,0.0,0.0,0.0,0.0,0.0,-2.5962063029642504e+33,0.0,0.0,0.0,0.0,0.0,0.0,0.0,-2.004,0.0,-2.004,2.004,0.0,0.0,0.0,0.0,3378.0,-8608107520.0,0.0,2.7184278591402704e+23,0.0,-0.0,0.0,0.0,0.0,0.0,0.0,0,-0.0,-0.0,0.0,0.0,0.0,0.0,0.0,0.0,0.0,0,0,0,0.0,0.0,0.0,0.0,0.0,0.0,0.0,0.0,0.0,0.0,0.0,0.0,0.0,0.0,0.0,0.0,0,-107875648.0,0,0.0,0,-107875648.0,-107877712.0,0,39322,17039,0,17054,52429,17037,0,0,0,110,100,100,2.7302334150594743e+23,64.0,0.0,64.9,0.0,69.0,1,49,50,180,0,52429,0,0,0.0,0.0,0.0,0.0,-0.009,65.0,0.0,-0.0,0.0,645,0,689,0,0,0,718,0,790,0,709,0,690,0,645,0,642,0,616,0.032,55836672.0,0.0,2.7302316136196234e+23,17424,16788,-0.704,-0.0,-0.0,-1.5272555396346565e+34,-7.011944322653202e+31,-0.0,29.0,60.0,70,0.0,0.0,0.0,0.0,0.0,0.0,0.0,0.0,0.0,0.0,0.0,0.0,0.0,0.0,0.0,0.0,59.2,69,11,65508,41,65476,0,300,0,0,8,20529,65476,0,0,61604,60.0,0.0,0.0,0.0,0.0,0.0
2026-04-04T11:18:37,ERR,ERR,ERR,ERR,ERR,ERR,ERR,ERR,ERR,ERR,ERR,ERR,ERR,ERR,ERR,ERR,ERR,ERR,ERR,ERR,ERR,ERR,ERR,ERR,ERR,ERR,ERR,ERR,ERR,ERR,ERR,ERR,ERR,ERR,ERR,ERR,ERR,ERR,ERR,ERR,ERR,ERR,ERR,ERR,ERR,ERR,ERR,ERR,ERR,ERR,ERR,ERR,ERR,ERR,ERR,ERR,ERR,ERR,ERR,ERR,ERR,ERR,ERR,ERR,ERR,ERR,ERR,ERR,ERR,ERR,ERR,ERR,ERR,ERR,ERR,ERR,ERR,ERR,ERR,ERR,ERR,ERR,ERR,ERR,ERR,ERR,ERR,ERR,ERR,ERR,ERR,ERR,ERR,ERR,ERR,ERR,ERR,ERR,ERR,ERR,ERR,ERR,ERR,ERR,ERR,ERR,ERR,ERR,ERR,ERR,ERR,ERR,ERR,ERR,ERR,ERR,ERR,ERR,ERR,ERR,ERR,ERR,ERR,ERR,ERR,0.0,0.0,-101055584.0,0.0,0.0,0.0,0.0,nan,0,0,0,32768,0,0.0,0,0.0,0.0,0.0,0.0,0.0,0,0,0,0,0.0,0,0,0,0,0,0,0,0,0,0,0,0,0,0,0,0,0,0,0,0,0,0,0,0,0,0,0,0,0,0,0,0,0,0,0,0,0,0,0,0,0,0,0,0,0.0,0.0,0.0,0.0,0.0,0.0,0.0,0.0,0.0,0.0,0.0,0.0,0.0,0.0,-2.5962063029642504e+33,0.0,0.0,0.0,0.0,0.0,0.0,0.0,-2.004,0.0,-2.004,2.004,0.0,0.0,0.0,0.0,3378.0,-8608107520.0,0.0,2.7184278591402704e+23,0.0,-0.0,0.0,0.0,0.0,0.0,0.0,0,-0.0,-0.0,0.0,0.0,0.0,0.0,0.0,0.0,0.0,0,0,0,0.0,0.0,0.0,0.0,0.0,0.0,0.0,0.0,0.0,0.0,0.0,0.0,0.0,0.0,0.0,0.0,0,-107875648.0,0,0.0,0,-107875648.0,-107877712.0,0,39322,17039,0,17054,52429,17037,0,0,0,110,100,100,2.7302334150594743e+23,64.0,0.0,64.9,0.0,69.0,1,49,50,180,0,52429,0,0,0.0,0.0,0.0,0.0,-0.009,65.0,0.0,-0.0,0.0,645,0,689,0,0,0,718,0,790,0,709,0,690,0,645,0,642,0,616,0.032,55836672.0,0.0,2.7302316136196234e+23,17424,16788,-0.704,-0.0,-0.0,-1.5272555396346565e+34,-7.011944322653202e+31,-0.0,29.0,60.0,70,0.0,0.0,0.0,0.0,0.0,0.0,0.0,0.0,0.0,0.0,0.0,0.0,0.0,0.0,0.0,0.0,59.2,69,11,65508,41,65476,0,300,0,0,8,20529,65476,0,0,61604,60.0,0.0,0.0,0.0,0.0,0.0
2026-04-04T11:18:38,ERR,ERR,ERR,ERR,ERR,ERR,ERR,ERR,ERR,ERR,ERR,ERR,ERR,ERR,ERR,ERR,ERR,ERR,ERR,ERR,ERR,ERR,ERR,ERR,ERR,ERR,ERR,ERR,ERR,ERR,ERR,ERR,ERR,ERR,ERR,ERR,ERR,ERR,ERR,ERR,ERR,ERR,ERR,ERR,ERR,ERR,ERR,ERR,ERR,ERR,ERR,ERR,ERR,ERR,ERR,ERR,ERR,ERR,ERR,ERR,ERR,ERR,ERR,ERR,ERR,ERR,ERR,ERR,ERR,ERR,ERR,ERR,ERR,ERR,ERR,ERR,ERR,ERR,ERR,ERR,ERR,ERR,ERR,ERR,ERR,ERR,ERR,ERR,ERR,ERR,ERR,ERR,ERR,ERR,ERR,ERR,ERR,ERR,ERR,ERR,ERR,ERR,ERR,ERR,ERR,ERR,ERR,ERR,ERR,ERR,ERR,ERR,ERR,ERR,ERR,ERR,ERR,ERR,ERR,ERR,ERR,ERR,ERR,ERR,ERR,0.0,0.0,-101055584.0,0.0,0.0,0.0,0.0,nan,0,0,0,32768,0,0.0,0,0.0,0.0,0.0,0.0,0.0,0,0,0,0,0.0,0,0,0,0,0,0,0,0,0,0,0,0,0,0,0,0,0,0,0,0,0,0,0,0,0,0,0,0,0,0,0,0,0,0,0,0,0,0,0,0,0,0,0,0,0.0,0.0,0.0,0.0,0.0,0.0,0.0,0.0,0.0,0.0,0.0,0.0,0.0,0.0,0.0,0.0,0.0,0.0,0.0,0.0,0.0,0.0,-2.004,0.0,-2.004,2.004,0.0,0.0,0.0,0.0,3392.5,2.004,0.0,2.7184278591402704e+23,0.0,-0.0,0.0,0.0,0.0,0.0,0.0,0,-0.0,-2.3088166164207816e+20,0.0,0.0,0.0,0.0,0.0,0.0,0.0,0,0,0,0.0,0.0,0.0,0.0,0.0,0.0,0.0,0.0,0.0,0.0,0.0,0.0,0.0,0.0,0.0,0.0,0,-107875648.0,0,0.0,0,-107875648.0,-107877712.0,0,39322,17039,0,17054,52429,17037,0,0,0,110,100,100,2.7302334150594743e+23,64.0,0.0,64.9,0.0,69.0,1,49,50,180,0,52429,0,0,0.0,0.0,0.0,0.0,-0.009,65.0,0.0,-0.0,0.0,645,0,689,0,0,0,718,0,790,0,709,0,690,0,645,0,642,0,616,0.032,55836672.0,0.0,2.7302316136196234e+23,17424,16788,-0.704,-0.0,-0.0,-1.5272555396346565e+34,-7.011944322653202e+31,-0.0,29.0,60.0,70,0.0,0.0,0.0,0.0,0.0,0.0,0.0,0.0,0.0,0.0,0.0,0.0,0.0,0.0,0.0,0.0,59.2,69,11,65508,41,65476,0,300,0,0,8,20529,65476,0,0,61604,60.0,0.0,0.0,0.0,0.0,0.0
2026-04-04T11:18:39,ERR,ERR,ERR,ERR,ERR,ERR,ERR,ERR,ERR,ERR,ERR,ERR,ERR,ERR,ERR,ERR,ERR,ERR,ERR,ERR,ERR,ERR,ERR,ERR,ERR,ERR,ERR,ERR,ERR,ERR,ERR,ERR,ERR,ERR,ERR,ERR,ERR,ERR,ERR,ERR,ERR,ERR,ERR,ERR,ERR,ERR,ERR,ERR,ERR,ERR,ERR,ERR,ERR,ERR,ERR,ERR,ERR,ERR,ERR,ERR,ERR,ERR,ERR,ERR,ERR,ERR,ERR,ERR,ERR,ERR,ERR,ERR,ERR,ERR,ERR,ERR,ERR,ERR,ERR,ERR,ERR,ERR,ERR,ERR,ERR,ERR,ERR,ERR,ERR,ERR,ERR,ERR,ERR,ERR,ERR,ERR,ERR,ERR,ERR,ERR,ERR,ERR,ERR,ERR,ERR,ERR,ERR,ERR,ERR,ERR,ERR,ERR,ERR,ERR,ERR,ERR,ERR,ERR,ERR,ERR,ERR,ERR,ERR,ERR,ERR,0.0,0.0,-101055584.0,0.0,0.0,0.0,0.0,nan,0,0,0,32768,0,0.0,0,0.0,0.0,0.0,0.0,0.0,0,0,0,0,0.0,0,0,0,0,0,0,0,0,0,0,0,0,0,0,0,0,0,0,0,0,0,0,0,0,0,0,0,0,0,0,0,0,0,0,0,0,0,0,0,0,0,0,0,0,0.0,0.0,0.0,0.0,0.0,0.0,0.0,0.0,0.0,0.0,0.0,0.0,0.0,0.0,0.0,0.0,0.0,0.0,0.0,0.0,0.0,0.0,-2.004,0.0,-2.004,2.004,0.0,0.0,0.0,0.0,3392.5,2.004,0.0,2.7184278591402704e+23,0.0,-0.0,0.0,0.0,0.0,0.0,0.0,0,-0.0,-2.3088166164207816e+20,0.0,0.0,0.0,0.0,0.0,0.0,0.0,0,0,0,0.0,0.0,0.0,0.0,0.0,0.0,0.0,0.0,0.0,0.0,0.0,0.0,0.0,0.0,0.0,0.0,0,-107875648.0,0,0.0,0,-107875648.0,-107877712.0,0,39322,17039,0,17054,52429,17037,0,0,0,110,100,100,2.7302334150594743e+23,64.0,0.0,64.5,0.0,69.0,1,49,50,180,0,52429,0,0,0.0,0.0,0.0,0.0,-897.039,65.0,0.0,-143219929120768.0,0.0,645,0,689,0,0,0,718,0,790,0,709,0,689,0,645,0,642,0,616,0.032,55836672.0,0.0,2.7302316136196234e+23,12304,16788,-323506240.0,-367803718696960.0,-2671812608.0,7.853288785130416e+35,0.0,-4333634.5,29.0,60.0,70,0.0,0.0,0.0,0.0,0.0,0.0,0.0,0.0,0.0,0.0,0.0,0.0,0.0,0.0,0.0,0.0,59.2,69,11,65508,41,65476,0,300,0,0,8,20529,65476,0,0,61604,60.0,0.0,0.0,0.0,0.0,0.0
2026-04-04T11:18:40,ERR,ERR,ERR,ERR,ERR,ERR,ERR,ERR,ERR,ERR,ERR,ERR,ERR,ERR,ERR,ERR,ERR,ERR,ERR,ERR,ERR,ERR,ERR,ERR,ERR,ERR,ERR,ERR,ERR,ERR,ERR,ERR,ERR,ERR,ERR,ERR,ERR,ERR,ERR,ERR,ERR,ERR,ERR,ERR,ERR,ERR,ERR,ERR,ERR,ERR,ERR,ERR,ERR,ERR,ERR,ERR,ERR,ERR,ERR,ERR,ERR,ERR,ERR,ERR,ERR,ERR,ERR,ERR,ERR,ERR,ERR,ERR,ERR,ERR,ERR,ERR,ERR,ERR,ERR,ERR,ERR,ERR,ERR,ERR,ERR,ERR,ERR,ERR,ERR,ERR,ERR,ERR,ERR,ERR,ERR,ERR,ERR,ERR,ERR,ERR,ERR,ERR,ERR,ERR,ERR,ERR,ERR,ERR,ERR,ERR,ERR,ERR,ERR,ERR,ERR,ERR,ERR,ERR,ERR,ERR,ERR,ERR,ERR,ERR,ERR,0.0,0.0,-101055584.0,0.0,0.0,0.0,0.0,nan,0,0,0,32768,0,0.0,0,0.0,0.0,0.0,0.0,0.0,0,0,0,0,0.0,0,0,0,0,0,0,0,0,0,0,0,0,0,0,0,0,0,0,0,0,0,0,0,0,0,0,0,0,0,0,0,0,0,0,0,0,0,0,0,0,0,0,0,0,0.0,0.0,0.0,0.0,0.0,0.0,0.0,0.0,0.0,0.0,0.0,0.0,0.0,0.0,0.0,0.0,0.0,0.0,0.0,0.0,0.0,0.0,-2.004,0.0,-2.004,2.004,0.0,0.0,0.0,0.0,3392.5,2.004,0.0,2.7184278591402704e+23,0.0,-0.0,0.0,0.0,0.0,0.0,0.0,0,-0.0,-2.3088166164207816e+20,0.0,0.0,0.0,0.0,0.0,0.0,0.0,0,0,0,0.0,0.0,0.0,0.0,0.0,0.0,0.0,0.0,0.0,0.0,0.0,0.0,0.0,0.0,0.0,0.0,0,-107875648.0,0,0.0,0,-107875648.0,-107877712.0,0,39322,17039,0,17054,52429,17037,0,0,0,110,100,100,2.7302334150594743e+23,64.0,0.0,64.5,0.0,69.0,1,49,50,180,0,52429,0,0,0.0,0.0,0.0,0.0,-897.039,65.0,0.0,-143219929120768.0,0.0,645,0,689,0,0,0,718,0,790,0,709,0,689,0,645,0,642,0,616,0.032,55836672.0,0.0,2.7302316136196234e+23,12304,16788,-323506240.0,-367803718696960.0,-2671812608.0,7.853288785130416e+35,0.0,-4333634.5,29.0,60.0,70,0.0,0.0,0.0,0.0,0.0,0.0,0.0,0.0,0.0,0.0,0.0,0.0,0.0,0.0,0.0,0.0,59.2,69,11,65508,41,65476,0,300,0,0,8,20529,65476,0,0,61604,60.0,0.0,0.0,0.0,0.0,0.0
2026-04-04T11:18:41,ERR,ERR,ERR,ERR,ERR,ERR,ERR,ERR,ERR,ERR,ERR,ERR,ERR,ERR,ERR,ERR,ERR,ERR,ERR,ERR,ERR,ERR,ERR,ERR,ERR,ERR,ERR,ERR,ERR,ERR,ERR,ERR,ERR,ERR,ERR,ERR,ERR,ERR,ERR,ERR,ERR,ERR,ERR,ERR,ERR,ERR,ERR,ERR,ERR,ERR,ERR,ERR,ERR,ERR,ERR,ERR,ERR,ERR,ERR,ERR,ERR,ERR,ERR,ERR,ERR,ERR,ERR,ERR,ERR,ERR,ERR,ERR,ERR,ERR,ERR,ERR,ERR,ERR,ERR,ERR,ERR,ERR,ERR,ERR,ERR,ERR,ERR,ERR,ERR,ERR,ERR,ERR,ERR,ERR,ERR,ERR,ERR,ERR,ERR,ERR,ERR,ERR,ERR,ERR,ERR,ERR,ERR,ERR,ERR,ERR,ERR,ERR,ERR,ERR,ERR,ERR,ERR,ERR,ERR,ERR,ERR,ERR,ERR,ERR,ERR,0.0,0.0,-101055584.0,0.0,0.0,0.0,0.0,nan,0,0,0,32768,0,0.0,0,0.0,0.0,0.0,0.0,0.0,0,0,0,0,0.0,0,0,0,0,0,0,0,0,0,0,0,0,0,0,0,0,0,0,0,0,0,0,0,0,0,0,0,0,0,0,0,0,0,0,0,0,0,0,0,0,0,0,0,0,0.0,0.0,0.0,0.0,0.0,0.0,0.0,0.0,0.0,0.0,0.0,0.0,0.0,0.0,0.0,0.0,0.0,0.0,0.0,0.0,0.0,0.0,-2.004,0.0,-2.004,2.004,0.0,0.0,0.0,0.0,3392.5,2.004,0.0,2.7184278591402704e+23,0.0,-0.0,0.0,0.0,0.0,0.0,0.0,0,-0.0,-2.3088166164207816e+20,0.0,0.0,0.0,0.0,0.0,0.0,0.0,0,0,0,0.0,0.0,0.0,0.0,0.0,0.0,0.0,0.0,0.0,0.0,0.0,0.0,0.0,0.0,0.0,0.0,0,-107875648.0,0,0.0,0,-107875648.0,-107877712.0,0,39322,17039,0,17054,52429,17037,0,0,0,110,100,100,2.7302334150594743e+23,64.0,0.0,64.5,0.0,69.0,1,49,50,180,0,52429,0,0,0.0,0.0,0.0,0.0,-897.039,65.0,0.0,-143219929120768.0,0.0,645,0,689,0,0,0,718,0,790,0,709,0,689,0,645,0,642,0,616,0.032,55836672.0,0.0,2.7302316136196234e+23,12304,16788,-323506240.0,-367803718696960.0,-2671812608.0,7.853288785130416e+35,0.0,-4333634.5,29.0,60.0,70,0.0,0.0,0.0,0.0,0.0,0.0,0.0,0.0,0.0,0.0,0.0,0.0,0.0,0.0,0.0,0.0,59.2,69,11,65508,41,65476,0,300,0,0,8,20529,65476,0,0,61604,60.0,0.0,0.0,0.0,0.0,0.0
2026-04-04T11:18:42,ERR,ERR,ERR,ERR,ERR,ERR,ERR,ERR,ERR,ERR,ERR,ERR,ERR,ERR,ERR,ERR,ERR,ERR,ERR,ERR,ERR,ERR,ERR,ERR,ERR,ERR,ERR,ERR,ERR,ERR,ERR,ERR,ERR,ERR,ERR,ERR,ERR,ERR,ERR,ERR,ERR,ERR,ERR,ERR,ERR,ERR,ERR,ERR,ERR,ERR,ERR,ERR,ERR,ERR,ERR,ERR,ERR,ERR,ERR,ERR,ERR,ERR,ERR,ERR,ERR,ERR,ERR,ERR,ERR,ERR,ERR,ERR,ERR,ERR,ERR,ERR,ERR,ERR,ERR,ERR,ERR,ERR,ERR,ERR,ERR,ERR,ERR,ERR,ERR,ERR,ERR,ERR,ERR,ERR,ERR,ERR,ERR,ERR,ERR,ERR,ERR,ERR,ERR,ERR,ERR,ERR,ERR,ERR,ERR,ERR,ERR,ERR,ERR,ERR,ERR,ERR,ERR,ERR,ERR,ERR,ERR,ERR,ERR,ERR,ERR,0.0,0.0,-101055584.0,0.0,0.0,0.0,0.0,nan,0,0,0,32768,0,0.0,0,0.0,0.0,0.0,0.0,0.0,0,0,0,0,0.0,0,0,0,0,0,0,0,0,0,0,0,0,0,0,0,0,0,0,0,0,0,0,0,0,0,0,0,0,0,0,0,0,0,0,0,0,0,0,0,0,0,0,0,0,0.0,0.0,0.0,0.0,0.0,0.0,0.0,0.0,0.0,0.0,0.0,0.0,0.0,0.0,0.0,0.0,0.0,0.0,0.0,0.0,0.0,0.0,-2.004,0.0,-2.004,2.004,0.0,0.0,0.0,0.0,3392.5,2.004,0.0,2.7184278591402704e+23,0.0,-0.0,0.0,0.0,0.0,0.0,0.0,0,-0.0,-2.3088166164207816e+20,0.0,0.0,0.0,0.0,0.0,0.0,0.0,0,0,0,0.0,0.0,0.0,0.0,0.0,0.0,0.0,0.0,0.0,0.0,0.0,0.0,0.0,0.0,0.0,0.0,0,-107875648.0,0,0.0,0,-107875648.0,-107877712.0,0,39322,17039,0,17054,52429,17037,0,0,0,110,100,100,2.7302334150594743e+23,64.0,0.0,64.5,0.0,69.0,1,49,50,180,0,52429,0,0,0.0,0.0,0.0,0.0,-897.039,65.0,0.0,-143219929120768.0,0.0,645,0,689,0,0,0,718,0,790,0,709,0,689,0,645,0,642,0,616,0.032,55836672.0,0.0,2.7302316136196234e+23,12304,16788,-323506240.0,-367803718696960.0,-2671812608.0,7.853288785130416e+35,0.0,-4333634.5,29.0,60.0,70,0.0,0.0,0.0,0.0,0.0,0.0,0.0,0.0,0.0,0.0,0.0,0.0,0.0,0.0,0.0,0.0,59.2,69,11,65508,41,65476,0,300,0,0,8,20529,65476,0,0,61604,60.0,0.0,0.0,0.0,0.0,0.0
2026-04-04T11:18:43,ERR,ERR,ERR,ERR,ERR,ERR,ERR,ERR,ERR,ERR,ERR,ERR,ERR,ERR,ERR,ERR,ERR,ERR,ERR,ERR,ERR,ERR,ERR,ERR,ERR,ERR,ERR,ERR,ERR,ERR,ERR,ERR,ERR,ERR,ERR,ERR,ERR,ERR,ERR,ERR,ERR,ERR,ERR,ERR,ERR,ERR,ERR,ERR,ERR,ERR,ERR,ERR,ERR,ERR,ERR,ERR,ERR,ERR,ERR,ERR,ERR,ERR,ERR,ERR,ERR,ERR,ERR,ERR,ERR,ERR,ERR,ERR,ERR,ERR,ERR,ERR,ERR,ERR,ERR,ERR,ERR,ERR,ERR,ERR,ERR,ERR,ERR,ERR,ERR,ERR,ERR,ERR,ERR,ERR,ERR,ERR,ERR,ERR,ERR,ERR,ERR,ERR,ERR,ERR,ERR,ERR,ERR,ERR,ERR,ERR,ERR,ERR,ERR,ERR,ERR,ERR,ERR,ERR,ERR,ERR,ERR,ERR,ERR,ERR,ERR,0.0,0.0,-101055584.0,0.0,0.0,0.0,0.0,nan,0,0,0,32768,0,0.0,0,0.0,0.0,0.0,0.0,0.0,0,0,0,0,0.0,0,0,0,0,0,0,0,0,0,0,0,0,0,0,0,0,0,0,0,0,0,0,0,0,0,0,0,0,0,0,0,0,0,0,0,0,0,0,0,0,0,0,0,0,0.0,0.0,0.0,0.0,0.0,0.0,0.0,0.0,0.0,0.0,0.0,0.0,0.0,0.0,0.0,0.0,0.0,0.0,0.0,0.0,0.0,0.0,-2.004,0.0,-2.004,2.004,0.0,0.0,0.0,0.0,3392.5,2.004,0.0,2.7184278591402704e+23,0.0,-0.0,0.0,0.0,0.0,0.0,0.0,0,-0.0,-2.3088166164207816e+20,0.0,0.0,0.0,0.0,0.0,0.0,0.0,0,0,0,0.0,0.0,0.0,0.0,0.0,0.0,0.0,0.0,0.0,0.0,0.0,0.0,0.0,0.0,0.0,0.0,0,-107875648.0,0,0.0,0,-107875648.0,-107877712.0,0,39322,17039,0,17054,52429,17037,0,0,0,110,100,100,2.7302334150594743e+23,64.0,0.0,64.5,0.0,69.0,1,49,50,180,0,52429,0,0,0.0,0.0,0.0,0.0,-0.016,65.0,0.0,-2.809193909006221e+36,0.0,645,0,689,0,0,0,718,0,790,0,709,0,689,0,645,0,642,0,616,0.032,55836672.0,0.0,2.7302316136196234e+23,27920,16788,-11152.627,-0.0,-0.0,1.7680396227260177e+26,0.0,-0.0,29.0,60.0,70,0.0,0.0,0.0,0.0,0.0,0.0,0.0,0.0,0.0,0.0,0.0,0.0,0.0,0.0,0.0,0.0,59.2,69,11,65508,41,65476,0,300,0,0,8,20529,65476,0,0,61604,60.0,0.0,0.0,0.0,0.0,0.0
2026-04-04T11:18:44,ERR,ERR,ERR,ERR,ERR,ERR,ERR,ERR,ERR,ERR,ERR,ERR,ERR,ERR,ERR,ERR,ERR,ERR,ERR,ERR,ERR,ERR,ERR,ERR,ERR,ERR,ERR,ERR,ERR,ERR,ERR,ERR,ERR,ERR,ERR,ERR,ERR,ERR,ERR,ERR,ERR,ERR,ERR,ERR,ERR,ERR,ERR,ERR,ERR,ERR,ERR,ERR,ERR,ERR,ERR,ERR,ERR,ERR,ERR,ERR,ERR,ERR,ERR,ERR,ERR,ERR,ERR,ERR,ERR,ERR,ERR,ERR,ERR,ERR,ERR,ERR,ERR,ERR,ERR,ERR,ERR,ERR,ERR,ERR,ERR,ERR,ERR,ERR,ERR,ERR,ERR,ERR,ERR,ERR,ERR,ERR,ERR,ERR,ERR,ERR,ERR,ERR,ERR,ERR,ERR,ERR,ERR,ERR,ERR,ERR,ERR,ERR,ERR,ERR,ERR,ERR,ERR,ERR,ERR,ERR,ERR,ERR,ERR,ERR,ERR,0.0,0.0,-101055584.0,0.0,0.0,0.0,0.0,nan,0,0,0,32768,0,0.0,0,0.0,0.0,0.0,0.0,0.0,0,0,0,0,0.0,0,0,0,0,0,0,0,0,0,0,0,0,0,0,0,0,0,0,0,0,0,0,0,0,0,0,0,0,0,0,0,0,0,0,0,0,0,0,0,0,0,0,0,0,0.0,0.0,0.0,0.0,0.0,0.0,0.0,0.0,0.0,0.0,0.0,0.0,0.0,0.0,0.0,0.0,0.0,0.0,0.0,0.0,0.0,0.0,-2.004,0.0,-2.004,2.004,0.0,0.0,0.0,0.0,3393.5,-1.5879155638041463e+29,0.0,0.0,0.0,-0.0,0.0,0.0,0.0,0.0,0.0,0,-0.0,-0.0,0.0,0.0,0.0,0.0,0.0,0.0,0.0,0,0,0,0.0,0.0,0.0,0.0,0.0,0.0,0.0,0.0,0.0,0.0,0.0,0.0,0.0,0.0,0.0,0.0,0,-107875648.0,0,0.0,0,-107875648.0,-107877712.0,0,39322,17039,0,17054,52429,17037,0,0,0,110,100,100,2.7302334150594743e+23,64.0,0.0,64.5,0.0,69.0,1,49,50,180,0,52429,0,0,0.0,0.0,0.0,0.0,-0.016,65.0,0.0,-2.809193909006221e+36,0.0,645,0,689,0,0,0,718,0,790,0,709,0,689,0,645,0,642,0,616,0.032,55836672.0,0.0,2.7302316136196234e+23,27920,16788,-11152.627,-0.0,-0.0,1.7680396227260177e+26,0.0,-0.0,29.0,60.0,70,0.0,0.0,0.0,0.0,0.0,0.0,0.0,0.0,0.0,0.0,0.0,0.0,0.0,0.0,0.0,0.0,59.2,69,11,65508,41,65476,0,300,0,0,8,20529,65476,0,0,61604,60.0,0.0,0.0,0.0,0.0,0.0
2026-04-04T11:18:45,ERR,ERR,ERR,ERR,ERR,ERR,ERR,ERR,ERR,ERR,ERR,ERR,ERR,ERR,ERR,ERR,ERR,ERR,ERR,ERR,ERR,ERR,ERR,ERR,ERR,ERR,ERR,ERR,ERR,ERR,ERR,ERR,ERR,ERR,ERR,ERR,ERR,ERR,ERR,ERR,ERR,ERR,ERR,ERR,ERR,ERR,ERR,ERR,ERR,ERR,ERR,ERR,ERR,ERR,ERR,ERR,ERR,ERR,ERR,ERR,ERR,ERR,ERR,ERR,ERR,ERR,ERR,ERR,ERR,ERR,ERR,ERR,ERR,ERR,ERR,ERR,ERR,ERR,ERR,ERR,ERR,ERR,ERR,ERR,ERR,ERR,ERR,ERR,ERR,ERR,ERR,ERR,ERR,ERR,ERR,ERR,ERR,ERR,ERR,ERR,ERR,ERR,ERR,ERR,ERR,ERR,ERR,ERR,ERR,ERR,ERR,ERR,ERR,ERR,ERR,ERR,ERR,ERR,ERR,ERR,ERR,ERR,ERR,ERR,ERR,0.0,0.0,-101055584.0,0.0,0.0,0.0,0.0,nan,0,0,0,32768,0,0.0,0,0.0,0.0,0.0,0.0,0.0,0,0,0,0,0.0,0,0,0,0,0,0,0,0,0,0,0,0,0,0,0,0,0,0,0,0,0,0,0,0,0,0,0,0,0,0,0,0,0,0,0,0,0,0,0,0,0,0,0,0,0.0,0.0,0.0,0.0,0.0,0.0,0.0,0.0,0.0,0.0,0.0,0.0,0.0,0.0,0.0,0.0,0.0,0.0,0.0,0.0,0.0,0.0,-2.004,0.0,-2.004,2.004,0.0,0.0,0.0,0.0,3393.5,-1.5879155638041463e+29,0.0,0.0,0.0,-0.0,0.0,0.0,0.0,0.0,0.0,0,-0.0,-0.0,0.0,0.0,0.0,0.0,0.0,0.0,0.0,0,0,0,0.0,0.0,0.0,0.0,0.0,0.0,0.0,0.0,0.0,0.0,0.0,0.0,0.0,0.0,0.0,0.0,0,-107875648.0,0,0.0,0,-107875648.0,-107877712.0,0,39322,17039,0,17054,52429,17037,0,0,0,110,100,100,2.7302334150594743e+23,64.0,0.0,64.5,0.0,69.0,1,49,50,180,0,52429,0,0,0.0,0.0,0.0,0.0,-0.016,65.0,0.0,-2.809193909006221e+36,0.0,645,0,689,0,0,0,718,0,790,0,709,0,689,0,645,0,642,0,616,0.032,55836672.0,0.0,2.7302316136196234e+23,27920,16788,-11152.627,-0.0,-0.0,1.7680396227260177e+26,0.0,-0.0,29.0,60.0,70,0.0,0.0,0.0,0.0,0.0,0.0,0.0,0.0,0.0,0.0,0.0,0.0,0.0,0.0,0.0,0.0,59.2,69,11,65508,41,65476,0,300,0,0,8,20529,65476,0,0,61604,60.0,0.0,0.0,0.0,0.0,0.0
2026-04-04T11:18:46,ERR,ERR,ERR,ERR,ERR,ERR,ERR,ERR,ERR,ERR,ERR,ERR,ERR,ERR,ERR,ERR,ERR,ERR,ERR,ERR,ERR,ERR,ERR,ERR,ERR,ERR,ERR,ERR,ERR,ERR,ERR,ERR,ERR,ERR,ERR,ERR,ERR,ERR,ERR,ERR,ERR,ERR,ERR,ERR,ERR,ERR,ERR,ERR,ERR,ERR,ERR,ERR,ERR,ERR,ERR,ERR,ERR,ERR,ERR,ERR,ERR,ERR,ERR,ERR,ERR,ERR,ERR,ERR,ERR,ERR,ERR,ERR,ERR,ERR,ERR,ERR,ERR,ERR,ERR,ERR,ERR,ERR,ERR,ERR,ERR,ERR,ERR,ERR,ERR,ERR,ERR,ERR,ERR,ERR,ERR,ERR,ERR,ERR,ERR,ERR,ERR,ERR,ERR,ERR,ERR,ERR,ERR,ERR,ERR,ERR,ERR,ERR,ERR,ERR,ERR,ERR,ERR,ERR,ERR,ERR,ERR,ERR,ERR,ERR,ERR,0.0,0.0,-101055584.0,0.0,0.0,0.0,0.0,nan,0,0,0,32768,0,0.0,0,0.0,0.0,0.0,0.0,0.0,0,0,0,0,0.0,0,0,0,0,0,0,0,0,0,0,0,0,0,0,0,0,0,0,0,0,0,0,0,0,0,0,0,0,0,0,0,0,0,0,0,0,0,0,0,0,0,0,0,0,0.0,0.0,0.0,0.0,0.0,0.0,0.0,0.0,0.0,0.0,0.0,0.0,0.0,0.0,0.0,0.0,0.0,0.0,0.0,0.0,0.0,0.0,-2.004,0.0,-2.004,2.004,0.0,0.0,0.0,0.0,3393.5,-1.5879155638041463e+29,0.0,0.0,0.0,-0.0,0.0,0.0,0.0,0.0,0.0,0,-0.0,-0.0,0.0,0.0,0.0,0.0,0.0,0.0,0.0,0,0,0,0.0,0.0,0.0,0.0,0.0,0.0,0.0,0.0,0.0,0.0,0.0,0.0,0.0,0.0,0.0,0.0,0,-107875648.0,0,0.0,0,-107875648.0,-107877712.0,0,39322,17039,0,17054,52429,17037,0,0,0,110,100,100,2.7302334150594743e+23,64.0,0.0,64.5,0.0,69.0,1,49,50,180,0,52429,0,0,0.0,0.0,0.0,0.0,-0.016,65.0,0.0,-2.809193909006221e+36,0.0,645,0,689,0,0,0,718,0,790,0,709,0,689,0,645,0,642,0,616,0.032,55836672.0,0.0,2.7302316136196234e+23,27920,16788,-11152.627,-0.0,-0.0,1.7680396227260177e+26,0.0,-0.0,29.0,60.0,70,0.0,0.0,0.0,0.0,0.0,0.0,0.0,0.0,0.0,0.0,0.0,0.0,0.0,0.0,0.0,0.0,59.2,69,11,65508,41,65476,0,300,0,0,8,20529,65476,0,0,61604,60.0,0.0,0.0,0.0,0.0,0.0
2026-04-04T11:18:47,ERR,ERR,ERR,ERR,ERR,ERR,ERR,ERR,ERR,ERR,ERR,ERR,ERR,ERR,ERR,ERR,ERR,ERR,ERR,ERR,ERR,ERR,ERR,ERR,ERR,ERR,ERR,ERR,ERR,ERR,ERR,ERR,ERR,ERR,ERR,ERR,ERR,ERR,ERR,ERR,ERR,ERR,ERR,ERR,ERR,ERR,ERR,ERR,ERR,ERR,ERR,ERR,ERR,ERR,ERR,ERR,ERR,ERR,ERR,ERR,ERR,ERR,ERR,ERR,ERR,ERR,ERR,ERR,ERR,ERR,ERR,ERR,ERR,ERR,ERR,ERR,ERR,ERR,ERR,ERR,ERR,ERR,ERR,ERR,ERR,ERR,ERR,ERR,ERR,ERR,ERR,ERR,ERR,ERR,ERR,ERR,ERR,ERR,ERR,ERR,ERR,ERR,ERR,ERR,ERR,ERR,ERR,ERR,ERR,ERR,ERR,ERR,ERR,ERR,ERR,ERR,ERR,ERR,ERR,ERR,ERR,ERR,ERR,ERR,ERR,0.0,0.0,-101055584.0,0.0,0.0,0.0,0.0,nan,0,0,0,32768,0,0.0,0,0.0,0.0,0.0,0.0,0.0,0,0,0,0,0.0,0,0,0,0,0,0,0,0,0,0,0,0,0,0,0,0,0,0,0,0,0,0,0,0,0,0,0,0,0,0,0,0,0,0,0,0,0,0,0,0,0,0,0,0,0.0,0.0,0.0,0.0,0.0,0.0,0.0,0.0,0.0,0.0,0.0,0.0,0.0,0.0,0.0,0.0,0.0,0.0,0.0,0.0,0.0,0.0,-2.004,0.0,-2.004,2.004,0.0,0.0,0.0,0.0,3393.5,-1.5879155638041463e+29,0.0,0.0,0.0,-0.0,0.0,0.0,0.0,0.0,0.0,0,-0.0,-0.0,0.0,0.0,0.0,0.0,0.0,0.0,0.0,0,0,0,0.0,0.0,0.0,0.0,0.0,0.0,0.0,0.0,0.0,0.0,0.0,0.0,0.0,0.0,0.0,0.0,0,-107875648.0,0,0.0,0,-107875648.0,-107877712.0,0,39322,17039,0,17054,52429,17037,0,0,0,110,100,100,2.7302334150594743e+23,64.0,0.0,64.5,0.0,69.0,1,49,50,180,0,52429,0,0,0.0,0.0,0.0,0.0,-0.016,65.0,0.0,-2.809193909006221e+36,0.0,645,0,689,0,0,0,718,0,790,0,709,0,689,0,645,0,642,0,616,0.032,55836672.0,0.0,2.7302316136196234e+23,27920,16788,-11152.627,-0.0,-0.0,1.7680396227260177e+26,0.0,-0.0,29.0,60.0,70,0.0,0.0,0.0,0.0,0.0,0.0,0.0,0.0,0.0,0.0,0.0,0.0,0.0,0.0,0.0,0.0,59.2,69,11,65508,41,65476,0,300,0,0,8,20529,65476,0,0,61604,60.0,0.0,0.0,0.0,0.0,0.0
2026-04-04T11:18:48,ERR,ERR,ERR,ERR,ERR,ERR,ERR,ERR,ERR,ERR,ERR,ERR,ERR,ERR,ERR,ERR,ERR,ERR,ERR,ERR,ERR,ERR,ERR,ERR,ERR,ERR,ERR,ERR,ERR,ERR,ERR,ERR,ERR,ERR,ERR,ERR,ERR,ERR,ERR,ERR,ERR,ERR,ERR,ERR,ERR,ERR,ERR,ERR,ERR,ERR,ERR,ERR,ERR,ERR,ERR,ERR,ERR,ERR,ERR,ERR,ERR,ERR,ERR,ERR,ERR,ERR,ERR,ERR,ERR,ERR,ERR,ERR,ERR,ERR,ERR,ERR,ERR,ERR,ERR,ERR,ERR,ERR,ERR,ERR,ERR,ERR,ERR,ERR,ERR,ERR,ERR,ERR,ERR,ERR,ERR,ERR,ERR,ERR,ERR,ERR,ERR,ERR,ERR,ERR,ERR,ERR,ERR,ERR,ERR,ERR,ERR,ERR,ERR,ERR,ERR,ERR,ERR,ERR,ERR,ERR,ERR,ERR,ERR,ERR,ERR,0.0,0.0,-101055584.0,0.0,0.0,0.0,0.0,nan,0,0,0,32768,0,0.0,0,0.0,0.0,0.0,0.0,0.0,0,0,0,0,0.0,0,0,0,0,0,0,0,0,0,0,0,0,0,0,0,0,0,0,0,0,0,0,0,0,0,0,0,0,0,0,0,0,0,0,0,0,0,0,0,0,0,0,0,0,0.0,0.0,0.0,0.0,0.0,0.0,0.0,0.0,0.0,0.0,0.0,0.0,0.0,0.0,0.0,0.0,0.0,0.0,0.0,0.0,0.0,0.0,-2.004,0.0,-2.004,2.004,0.0,0.0,0.0,0.0,3393.5,-1.5879155638041463e+29,0.0,0.0,0.0,-0.0,0.0,0.0,0.0,0.0,0.0,0,-0.0,-0.0,0.0,0.0,0.0,0.0,0.0,0.0,0.0,0,0,0,0.0,0.0,0.0,0.0,0.0,0.0,0.0,0.0,0.0,0.0,0.0,0.0,0.0,0.0,0.0,0.0,0,-107875648.0,0,0.0,0,-107875648.0,-107877712.0,0,39322,17039,0,17054,52429,17037,0,0,0,110,100,100,2.7302334150594743e+23,64.0,0.0,64.5,0.0,69.0,1,49,50,180,0,52429,0,0,0.0,0.0,0.0,0.0,-7816.313,65.0,0.0,-0.0,0.0,645,0,689,0,0,0,718,0,790,0,709,0,690,0,645,0,642,0,616,0.032,55312384.0,0.0,2.7302316136196234e+23,15888,16788,-0.0,-0.075,8.523836782247602e+37,-48922034176.0,-3.392113170229947e+30,-0.0,29.0,60.0,70,0.0,0.0,0.0,0.0,0.0,0.0,0.0,0.0,0.0,0.0,0.0,0.0,0.0,0.0,0.0,0.0,59.2,69,11,65508,41,65476,0,300,0,0,8,20529,65476,0,0,61604,60.0,0.0,0.0,0.0,0.0,0.0
2026-04-04T11:18:49,ERR,ERR,ERR,ERR,ERR,ERR,ERR,ERR,ERR,ERR,ERR,ERR,ERR,ERR,ERR,ERR,ERR,ERR,ERR,ERR,ERR,ERR,ERR,ERR,ERR,ERR,ERR,ERR,ERR,ERR,ERR,ERR,ERR,ERR,ERR,ERR,ERR,ERR,ERR,ERR,ERR,ERR,ERR,ERR,ERR,ERR,ERR,ERR,ERR,ERR,ERR,ERR,ERR,ERR,ERR,ERR,ERR,ERR,ERR,ERR,ERR,ERR,ERR,ERR,ERR,ERR,ERR,ERR,ERR,ERR,ERR,ERR,ERR,ERR,ERR,ERR,ERR,ERR,ERR,ERR,ERR,ERR,ERR,ERR,ERR,ERR,ERR,ERR,ERR,ERR,ERR,ERR,ERR,ERR,ERR,ERR,ERR,ERR,ERR,ERR,ERR,ERR,ERR,ERR,ERR,ERR,ERR,ERR,ERR,ERR,ERR,ERR,ERR,ERR,ERR,ERR,ERR,ERR,ERR,ERR,ERR,ERR,ERR,ERR,ERR,0.0,0.0,-101055584.0,0.0,0.0,0.0,0.0,nan,0,0,0,32768,0,0.0,0,0.0,0.0,0.0,0.0,0.0,0,0,0,0,0.0,0,0,0,0,0,0,0,0,0,0,0,0,0,0,0,0,0,0,0,0,0,0,0,0,0,0,0,0,0,0,0,0,0,0,0,0,0,0,0,0,0,0,0,0,0.0,0.0,0.0,0.0,0.0,0.0,0.0,0.0,0.0,0.0,0.0,0.0,0.0,0.0,0.0,0.0,0.0,0.0,0.0,0.0,0.0,0.0,-2.004,0.0,-2.004,2.004,0.0,0.0,0.0,0.0,3393.5,-1.5879155638041463e+29,0.0,0.0,0.0,-0.0,0.0,0.0,0.0,0.0,0.0,0,-0.0,-0.0,0.0,0.0,0.0,0.0,0.0,0.0,0.0,0,0,0,0.0,0.0,0.0,0.0,0.0,0.0,0.0,0.0,0.0,0.0,0.0,0.0,0.0,0.0,0.0,0.0,0,-107875648.0,0,0.0,0,-107875648.0,-107877712.0,0,39322,17039,0,17054,52429,17037,0,0,0,110,100,100,2.7302334150594743e+23,64.0,0.0,64.5,0.0,69.0,1,49,50,180,0,52429,0,0,0.0,0.0,0.0,0.0,-7816.313,65.0,0.0,-0.0,0.0,645,0,689,0,0,0,718,0,790,0,709,0,690,0,645,0,642,0,616,0.032,55312384.0,0.0,2.7302316136196234e+23,15888,16788,-0.0,-0.075,8.523836782247602e+37,-48922034176.0,-3.392113170229947e+30,-0.0,29.0,60.0,70,0.0,0.0,0.0,0.0,0.0,0.0,0.0,0.0,0.0,0.0,0.0,0.0,0.0,0.0,0.0,0.0,59.2,69,11,65508,41,65476,0,300,0,0,8,20529,65476,0,0,61604,60.0,0.0,0.0,0.0,0.0,0.0
2026-04-04T11:18:50,ERR,ERR,ERR,ERR,ERR,ERR,ERR,ERR,ERR,ERR,ERR,ERR,ERR,ERR,ERR,ERR,ERR,ERR,ERR,ERR,ERR,ERR,ERR,ERR,ERR,ERR,ERR,ERR,ERR,ERR,ERR,ERR,ERR,ERR,ERR,ERR,ERR,ERR,ERR,ERR,ERR,ERR,ERR,ERR,ERR,ERR,ERR,ERR,ERR,ERR,ERR,ERR,ERR,ERR,ERR,ERR,ERR,ERR,ERR,ERR,ERR,ERR,ERR,ERR,ERR,ERR,ERR,ERR,ERR,ERR,ERR,ERR,ERR,ERR,ERR,ERR,ERR,ERR,ERR,ERR,ERR,ERR,ERR,ERR,ERR,ERR,ERR,ERR,ERR,ERR,ERR,ERR,ERR,ERR,ERR,ERR,ERR,ERR,ERR,ERR,ERR,ERR,ERR,ERR,ERR,ERR,ERR,ERR,ERR,ERR,ERR,ERR,ERR,ERR,ERR,ERR,ERR,ERR,ERR,ERR,ERR,ERR,ERR,ERR,ERR,0.0,0.0,-101055584.0,0.0,0.0,0.0,0.0,nan,0,0,0,32768,0,0.0,0,0.0,0.0,0.0,0.0,0.0,0,0,0,0,0.0,0,0,0,0,0,0,0,0,0,0,0,0,0,0,0,0,0,0,0,0,0,0,0,0,0,0,0,0,0,0,0,0,0,0,0,0,0,0,0,0,0,0,0,0,0.0,0.0,0.0,0.0,0.0,0.0,0.0,0.0,0.0,0.0,0.0,0.0,0.0,0.0,0.0,0.0,0.0,0.0,0.0,0.0,0.0,0.0,-2.004,0.0,-2.004,2.004,0.0,0.0,0.0,0.0,3393.5,-1.5879155638041463e+29,0.0,0.0,0.0,-0.0,0.0,0.0,0.0,0.0,0.0,0,-0.0,-0.0,0.0,0.0,0.0,0.0,0.0,0.0,0.0,0,0,0,0.0,0.0,0.0,0.0,0.0,0.0,0.0,0.0,0.0,0.0,0.0,0.0,0.0,0.0,0.0,0.0,0,-107875648.0,0,0.0,0,-107875648.0,-107877712.0,0,39322,17039,0,17054,52429,17037,0,0,0,110,100,100,2.7302334150594743e+23,64.0,0.0,64.5,0.0,69.0,1,49,50,180,0,52429,0,0,0.0,0.0,0.0,0.0,-7816.313,65.0,0.0,-0.0,0.0,645,0,689,0,0,0,718,0,790,0,709,0,690,0,645,0,642,0,616,0.032,55312384.0,0.0,2.7302316136196234e+23,15888,16788,-0.0,-0.075,8.523836782247602e+37,-48922034176.0,-3.392113170229947e+30,-0.0,29.0,60.0,70,0.0,0.0,0.0,0.0,0.0,0.0,0.0,0.0,0.0,0.0,0.0,0.0,0.0,0.0,0.0,0.0,59.6,69,11,65508,41,65476,0,300,0,0,8,20529,65476,0,0,61604,60.0,0.0,0.0,0.0,0.0,0.0
2026-04-04T11:18:51,ERR,ERR,ERR,ERR,ERR,ERR,ERR,ERR,ERR,ERR,ERR,ERR,ERR,ERR,ERR,ERR,ERR,ERR,ERR,ERR,ERR,ERR,ERR,ERR,ERR,ERR,ERR,ERR,ERR,ERR,ERR,ERR,ERR,ERR,ERR,ERR,ERR,ERR,ERR,ERR,ERR,ERR,ERR,ERR,ERR,ERR,ERR,ERR,ERR,ERR,ERR,ERR,ERR,ERR,ERR,ERR,ERR,ERR,ERR,ERR,ERR,ERR,ERR,ERR,ERR,ERR,ERR,ERR,ERR,ERR,ERR,ERR,ERR,ERR,ERR,ERR,ERR,ERR,ERR,ERR,ERR,ERR,ERR,ERR,ERR,ERR,ERR,ERR,ERR,ERR,ERR,ERR,ERR,ERR,ERR,ERR,ERR,ERR,ERR,ERR,ERR,ERR,ERR,ERR,ERR,ERR,ERR,ERR,ERR,ERR,ERR,ERR,ERR,ERR,ERR,ERR,ERR,ERR,ERR,ERR,ERR,ERR,ERR,ERR,ERR,0.0,0.0,-101055584.0,0.0,0.0,0.0,0.0,nan,0,0,0,32768,0,0.0,0,0.0,0.0,0.0,0.0,0.0,0,0,0,0,0.0,0,0,0,0,0,0,0,0,0,0,0,0,0,0,0,0,0,0,0,0,0,0,0,0,0,0,0,0,0,0,0,0,0,0,0,0,0,0,0,0,0,0,0,0,0.0,0.0,0.0,0.0,0.0,0.0,0.0,0.0,0.0,0.0,0.0,0.0,0.0,0.0,0.0,0.0,0.0,0.0,0.0,0.0,0.0,0.0,-2.004,0.0,-2.004,2.004,0.0,0.0,0.0,0.0,3393.5,-1.5879155638041463e+29,0.0,0.0,0.0,-0.0,0.0,0.0,0.0,0.0,0.0,0,-0.0,-0.0,0.0,0.0,0.0,0.0,0.0,0.0,0.0,0,0,0,0.0,0.0,0.0,0.0,0.0,0.0,0.0,0.0,0.0,0.0,0.0,0.0,0.0,0.0,0.0,0.0,0,-107875648.0,0,0.0,0,-107875648.0,-107877712.0,0,39322,17039,0,17054,52429,17037,0,0,0,110,100,100,2.7302334150594743e+23,64.0,0.0,64.5,0.0,69.0,1,49,50,180,0,52429,0,0,0.0,0.0,0.0,0.0,-7816.313,65.0,0.0,-0.0,0.0,645,0,689,0,0,0,718,0,790,0,709,0,690,0,645,0,642,0,616,0.032,55312384.0,0.0,2.7302316136196234e+23,15888,16788,-0.0,-0.075,8.523836782247602e+37,-48922034176.0,-3.392113170229947e+30,-0.0,29.0,60.0,70,0.0,0.0,0.0,0.0,0.0,0.0,0.0,0.0,0.0,0.0,0.0,0.0,0.0,0.0,0.0,0.0,59.6,69,11,65508,41,65476,0,300,0,0,8,20529,65476,0,0,61604,60.0,0.0,0.0,0.0,0.0,0.0
2026-04-04T11:18:52,ERR,ERR,ERR,ERR,ERR,ERR,ERR,ERR,ERR,ERR,ERR,ERR,ERR,ERR,ERR,ERR,ERR,ERR,ERR,ERR,ERR,ERR,ERR,ERR,ERR,ERR,ERR,ERR,ERR,ERR,ERR,ERR,ERR,ERR,ERR,ERR,ERR,ERR,ERR,ERR,ERR,ERR,ERR,ERR,ERR,ERR,ERR,ERR,ERR,ERR,ERR,ERR,ERR,ERR,ERR,ERR,ERR,ERR,ERR,ERR,ERR,ERR,ERR,ERR,ERR,ERR,ERR,ERR,ERR,ERR,ERR,ERR,ERR,ERR,ERR,ERR,ERR,ERR,ERR,ERR,ERR,ERR,ERR,ERR,ERR,ERR,ERR,ERR,ERR,ERR,ERR,ERR,ERR,ERR,ERR,ERR,ERR,ERR,ERR,ERR,ERR,ERR,ERR,ERR,ERR,ERR,ERR,ERR,ERR,ERR,ERR,ERR,ERR,ERR,ERR,ERR,ERR,ERR,ERR,ERR,ERR,ERR,ERR,ERR,ERR,0.0,0.0,-101055584.0,0.0,0.0,0.0,0.0,nan,0,0,0,32768,0,0.0,0,0.0,0.0,0.0,0.0,0.0,0,0,0,0,0.0,0,0,0,0,0,0,0,0,0,0,0,0,0,0,0,0,0,0,0,0,0,0,0,0,0,0,0,0,0,0,0,0,0,0,0,0,0,0,0,0,0,0,0,0,0.0,0.0,0.0,0.0,0.0,0.0,0.0,0.0,0.0,0.0,0.0,0.0,0.0,0.0,0.0,0.0,0.0,0.0,0.0,0.0,0.0,0.0,-2.004,0.0,-2.004,2.004,0.0,0.0,0.0,0.0,3394.0,0.0,0.0,0.0,0.0,-0.0,0.0,0.0,0.0,0.0,0.0,0,-0.0,-152016189915136.0,0.0,0.0,0.0,0.0,0.0,0.0,0.0,0,0,0,0.0,0.0,0.0,0.0,0.0,0.0,0.0,0.0,0.0,0.0,0.0,0.0,0.0,0.0,0.0,0.0,0,-107875648.0,0,0.0,0,-107875648.0,-107877712.0,0,39322,17039,0,17054,52429,17037,0,0,0,110,100,100,2.7302334150594743e+23,64.0,0.0,64.5,0.0,69.0,1,49,50,180,0,52429,0,0,0.0,0.0,0.0,0.0,-7816.313,65.0,0.0,-0.0,0.0,645,0,689,0,0,0,718,0,790,0,709,0,690,0,645,0,642,0,616,0.032,55312384.0,0.0,2.7302316136196234e+23,15888,16788,-0.0,-0.075,8.523836782247602e+37,-48922034176.0,-3.392113170229947e+30,-0.0,29.0,60.0,70,0.0,0.0,0.0,0.0,0.0,0.0,0.0,0.0,0.0,0.0,0.0,0.0,0.0,0.0,0.0,0.0,59.6,69,11,65508,41,65476,0,300,0,0,8,20529,65476,0,0,61604,60.0,0.0,0.0,0.0,0.0,0.0
2026-04-04T11:18:53,ERR,ERR,ERR,ERR,ERR,ERR,ERR,ERR,ERR,ERR,ERR,ERR,ERR,ERR,ERR,ERR,ERR,ERR,ERR,ERR,ERR,ERR,ERR,ERR,ERR,ERR,ERR,ERR,ERR,ERR,ERR,ERR,ERR,ERR,ERR,ERR,ERR,ERR,ERR,ERR,ERR,ERR,ERR,ERR,ERR,ERR,ERR,ERR,ERR,ERR,ERR,ERR,ERR,ERR,ERR,ERR,ERR,ERR,ERR,ERR,ERR,ERR,ERR,ERR,ERR,ERR,ERR,ERR,ERR,ERR,ERR,ERR,ERR,ERR,ERR,ERR,ERR,ERR,ERR,ERR,ERR,ERR,ERR,ERR,ERR,ERR,ERR,ERR,ERR,ERR,ERR,ERR,ERR,ERR,ERR,ERR,ERR,ERR,ERR,ERR,ERR,ERR,ERR,ERR,ERR,ERR,ERR,ERR,ERR,ERR,ERR,ERR,ERR,ERR,ERR,ERR,ERR,ERR,ERR,ERR,ERR,ERR,ERR,ERR,ERR,0.0,0.0,-101055584.0,0.0,0.0,0.0,0.0,nan,0,0,0,32768,0,0.0,0,0.0,0.0,0.0,0.0,0.0,0,0,0,0,0.0,0,0,0,0,0,0,0,0,0,0,0,0,0,0,0,0,0,0,0,0,0,0,0,0,0,0,0,0,0,0,0,0,0,0,0,0,0,0,0,0,0,0,0,0,0.0,0.0,0.0,0.0,0.0,0.0,0.0,0.0,0.0,0.0,0.0,0.0,0.0,0.0,0.0,0.0,0.0,0.0,0.0,0.0,0.0,0.0,-2.004,0.0,-2.004,2.004,0.0,0.0,0.0,0.0,3394.0,0.0,0.0,0.0,0.0,-0.0,0.0,0.0,0.0,0.0,0.0,0,-0.0,-152016189915136.0,0.0,0.0,0.0,0.0,0.0,0.0,0.0,0,0,0,0.0,0.0,0.0,0.0,0.0,0.0,0.0,0.0,0.0,0.0,0.0,0.0,0.0,0.0,0.0,0.0,0,-107875648.0,0,0.0,0,-107875648.0,-107877712.0,0,39322,17039,0,17054,52429,17037,0,0,0,110,100,100,2.7302334150594743e+23,64.0,0.0,64.5,0.0,69.0,1,49,50,180,0,52429,0,0,0.0,0.0,0.0,0.0,-7816.313,65.0,0.0,-0.0,0.0,645,0,689,0,0,0,718,0,790,0,709,0,690,0,645,0,642,0,616,0.032,55312384.0,0.0,2.7302316136196234e+23,15888,16788,-0.0,-0.075,8.523836782247602e+37,-48922034176.0,-3.392113170229947e+30,-0.0,29.0,60.0,70,0.0,0.0,0.0,0.0,0.0,0.0,0.0,0.0,0.0,0.0,0.0,0.0,0.0,0.0,0.0,0.0,59.6,69,11,65508,41,65476,0,300,0,0,8,20529,65476,0,0,61604,60.0,0.0,0.0,0.0,0.0,0.0
2026-04-04T11:18:54,ERR,ERR,ERR,ERR,ERR,ERR,ERR,ERR,ERR,ERR,ERR,ERR,ERR,ERR,ERR,ERR,ERR,ERR,ERR,ERR,ERR,ERR,ERR,ERR,ERR,ERR,ERR,ERR,ERR,ERR,ERR,ERR,ERR,ERR,ERR,ERR,ERR,ERR,ERR,ERR,ERR,ERR,ERR,ERR,ERR,ERR,ERR,ERR,ERR,ERR,ERR,ERR,ERR,ERR,ERR,ERR,ERR,ERR,ERR,ERR,ERR,ERR,ERR,ERR,ERR,ERR,ERR,ERR,ERR,ERR,ERR,ERR,ERR,ERR,ERR,ERR,ERR,ERR,ERR,ERR,ERR,ERR,ERR,ERR,ERR,ERR,ERR,ERR,ERR,ERR,ERR,ERR,ERR,ERR,ERR,ERR,ERR,ERR,ERR,ERR,ERR,ERR,ERR,ERR,ERR,ERR,ERR,ERR,ERR,ERR,ERR,ERR,ERR,ERR,ERR,ERR,ERR,ERR,ERR,ERR,ERR,ERR,ERR,ERR,ERR,0.0,0.0,-101055584.0,0.0,0.0,0.0,0.0,nan,0,0,0,32768,0,0.0,0,0.0,0.0,0.0,0.0,0.0,0,0,0,0,0.0,0,0,0,0,0,0,0,0,0,0,0,0,0,0,0,0,0,0,0,0,0,0,0,0,0,0,0,0,0,0,0,0,0,0,0,0,0,0,0,0,0,0,0,0,0.0,0.0,0.0,0.0,0.0,0.0,0.0,0.0,0.0,0.0,0.0,0.0,0.0,0.0,0.0,0.0,0.0,0.0,0.0,0.0,0.0,0.0,-2.004,0.0,-2.004,2.004,0.0,0.0,0.0,0.0,3394.0,0.0,0.0,0.0,0.0,-0.0,0.0,0.0,0.0,0.0,0.0,0,-0.0,-152016189915136.0,0.0,0.0,0.0,0.0,0.0,0.0,0.0,0,0,0,0.0,0.0,0.0,0.0,0.0,0.0,0.0,0.0,0.0,0.0,0.0,0.0,0.0,0.0,0.0,0.0,0,-107875648.0,0,0.0,0,-107875648.0,-107877712.0,0,39322,17039,0,17054,52429,17037,0,0,0,110,100,100,2.7302334150594743e+23,64.0,0.0,64.5,0.0,69.0,1,49,50,180,0,52429,0,0,0.0,0.0,0.0,0.0,-0.0,65.0,0.0,-0.0,0.0,645,0,689,0,0,0,718,0,790,0,709,0,689,0,645,0,642,0,616,0.032,38797312.0,0.0,2.7302316136196234e+23,23184,16788,-0.001,-0.0,7.061306698149378e+30,53669575786496.0,-2.336345253941895e+26,4.1603805446291026e+35,29.0,60.0,70,0.0,0.0,0.0,0.0,0.0,0.0,0.0,0.0,0.0,0.0,0.0,0.0,0.0,0.0,0.0,0.0,59.6,69,11,65508,41,65476,0,300,0,0,8,20529,65476,0,0,61604,60.0,0.0,0.0,0.0,0.0,0.0
2026-04-04T11:18:55,ERR,ERR,ERR,ERR,ERR,ERR,ERR,ERR,ERR,ERR,ERR,ERR,ERR,ERR,ERR,ERR,ERR,ERR,ERR,ERR,ERR,ERR,ERR,ERR,ERR,ERR,ERR,ERR,ERR,ERR,ERR,ERR,ERR,ERR,ERR,ERR,ERR,ERR,ERR,ERR,ERR,ERR,ERR,ERR,ERR,ERR,ERR,ERR,ERR,ERR,ERR,ERR,ERR,ERR,ERR,ERR,ERR,ERR,ERR,ERR,ERR,ERR,ERR,ERR,ERR,ERR,ERR,ERR,ERR,ERR,ERR,ERR,ERR,ERR,ERR,ERR,ERR,ERR,ERR,ERR,ERR,ERR,ERR,ERR,ERR,ERR,ERR,ERR,ERR,ERR,ERR,ERR,ERR,ERR,ERR,ERR,ERR,ERR,ERR,ERR,ERR,ERR,ERR,ERR,ERR,ERR,ERR,ERR,ERR,ERR,ERR,ERR,ERR,ERR,ERR,ERR,ERR,ERR,ERR,ERR,ERR,ERR,ERR,ERR,ERR,0.0,0.0,-101055584.0,0.0,0.0,0.0,0.0,nan,0,0,0,32768,0,0.0,0,0.0,0.0,0.0,0.0,0.0,0,0,0,0,0.0,0,0,0,0,0,0,0,0,0,0,0,0,0,0,0,0,0,0,0,0,0,0,0,0,0,0,0,0,0,0,0,0,0,0,0,0,0,0,0,0,0,0,0,0,0.0,0.0,0.0,0.0,0.0,0.0,0.0,0.0,0.0,0.0,0.0,0.0,0.0,0.0,0.0,0.0,0.0,0.0,0.0,0.0,0.0,0.0,-2.004,0.0,-2.004,2.004,0.0,0.0,0.0,0.0,3394.0,0.0,0.0,0.0,0.0,-0.0,0.0,0.0,0.0,0.0,0.0,0,-0.0,-152016189915136.0,0.0,0.0,0.0,0.0,0.0,0.0,0.0,0,0,0,0.0,0.0,0.0,0.0,0.0,0.0,0.0,0.0,0.0,0.0,0.0,0.0,0.0,0.0,0.0,0.0,0,-107875648.0,0,0.0,0,-107875648.0,-107877712.0,0,39322,17039,0,17054,52429,17037,0,0,0,110,100,100,2.7302334150594743e+23,64.0,0.0,64.5,0.0,69.0,1,49,50,180,0,52429,0,0,0.0,0.0,0.0,0.0,-0.0,65.0,0.0,-0.0,0.0,645,0,689,0,0,0,718,0,790,0,709,0,689,0,645,0,642,0,616,0.032,38797312.0,0.0,2.7302316136196234e+23,23184,16788,-0.001,-0.0,7.061306698149378e+30,53669575786496.0,-2.336345253941895e+26,4.1603805446291026e+35,29.0,60.0,70,0.0,0.0,0.0,0.0,0.0,0.0,0.0,0.0,0.0,0.0,0.0,0.0,0.0,0.0,0.0,0.0,59.2,69,11,65508,41,65476,0,300,0,0,8,20529,65476,0,0,61604,60.0,0.0,0.0,0.0,0.0,0.0
2026-04-04T11:18:56,ERR,ERR,ERR,ERR,ERR,ERR,ERR,ERR,ERR,ERR,ERR,ERR,ERR,ERR,ERR,ERR,ERR,ERR,ERR,ERR,ERR,ERR,ERR,ERR,ERR,ERR,ERR,ERR,ERR,ERR,ERR,ERR,ERR,ERR,ERR,ERR,ERR,ERR,ERR,ERR,ERR,ERR,ERR,ERR,ERR,ERR,ERR,ERR,ERR,ERR,ERR,ERR,ERR,ERR,ERR,ERR,ERR,ERR,ERR,ERR,ERR,ERR,ERR,ERR,ERR,ERR,ERR,ERR,ERR,ERR,ERR,ERR,ERR,ERR,ERR,ERR,ERR,ERR,ERR,ERR,ERR,ERR,ERR,ERR,ERR,ERR,ERR,ERR,ERR,ERR,ERR,ERR,ERR,ERR,ERR,ERR,ERR,ERR,ERR,ERR,ERR,ERR,ERR,ERR,ERR,ERR,ERR,ERR,ERR,ERR,ERR,ERR,ERR,ERR,ERR,ERR,ERR,ERR,ERR,ERR,ERR,ERR,ERR,ERR,ERR,0.0,0.0,-101055584.0,0.0,0.0,0.0,0.0,nan,0,0,0,32768,0,0.0,0,0.0,0.0,0.0,0.0,0.0,0,0,0,0,0.0,0,0,0,0,0,0,0,0,0,0,0,0,0,0,0,0,0,0,0,0,0,0,0,0,0,0,0,0,0,0,0,0,0,0,0,0,0,0,0,0,0,0,0,0,0.0,0.0,0.0,0.0,0.0,0.0,0.0,0.0,0.0,0.0,0.0,0.0,0.0,0.0,0.0,0.0,0.0,0.0,0.0,0.0,0.0,0.0,-2.004,0.0,-2.004,2.004,0.0,0.0,0.0,0.0,3394.0,0.0,0.0,0.0,0.0,-0.0,0.0,0.0,0.0,0.0,0.0,0,-0.0,-152016189915136.0,0.0,0.0,0.0,0.0,0.0,0.0,0.0,0,0,0,0.0,0.0,0.0,0.0,0.0,0.0,0.0,0.0,0.0,0.0,0.0,0.0,0.0,0.0,0.0,0.0,0,-107875648.0,0,0.0,0,-107875648.0,-107877712.0,0,39322,17039,0,17054,52429,17037,0,0,0,110,100,100,2.7302334150594743e+23,64.0,0.0,64.5,0.0,69.0,1,49,50,180,0,52429,0,0,0.0,0.0,0.0,0.0,-0.0,65.0,0.0,-0.0,0.0,645,0,689,0,0,0,718,0,790,0,709,0,689,0,645,0,642,0,616,0.032,38797312.0,0.0,2.7302316136196234e+23,23184,16788,-0.001,-0.0,7.061306698149378e+30,53669575786496.0,-2.336345253941895e+26,4.1603805446291026e+35,29.0,60.0,70,0.0,0.0,0.0,0.0,0.0,0.0,0.0,0.0,0.0,0.0,0.0,0.0,0.0,0.0,0.0,0.0,59.2,69,11,65508,41,65476,0,300,0,0,8,20529,65476,0,0,61604,60.0,0.0,0.0,0.0,0.0,0.0
2026-04-04T11:18:57,ERR,ERR,ERR,ERR,ERR,ERR,ERR,ERR,ERR,ERR,ERR,ERR,ERR,ERR,ERR,ERR,ERR,ERR,ERR,ERR,ERR,ERR,ERR,ERR,ERR,ERR,ERR,ERR,ERR,ERR,ERR,ERR,ERR,ERR,ERR,ERR,ERR,ERR,ERR,ERR,ERR,ERR,ERR,ERR,ERR,ERR,ERR,ERR,ERR,ERR,ERR,ERR,ERR,ERR,ERR,ERR,ERR,ERR,ERR,ERR,ERR,ERR,ERR,ERR,ERR,ERR,ERR,ERR,ERR,ERR,ERR,ERR,ERR,ERR,ERR,ERR,ERR,ERR,ERR,ERR,ERR,ERR,ERR,ERR,ERR,ERR,ERR,ERR,ERR,ERR,ERR,ERR,ERR,ERR,ERR,ERR,ERR,ERR,ERR,ERR,ERR,ERR,ERR,ERR,ERR,ERR,ERR,ERR,ERR,ERR,ERR,ERR,ERR,ERR,ERR,ERR,ERR,ERR,ERR,ERR,ERR,ERR,ERR,ERR,ERR,0.0,0.0,-101055584.0,0.0,0.0,0.0,0.0,nan,0,0,0,32768,0,0.0,0,0.0,0.0,0.0,0.0,0.0,0,0,0,0,0.0,0,0,0,0,0,0,0,0,0,0,0,0,0,0,0,0,0,0,0,0,0,0,0,0,0,0,0,0,0,0,0,0,0,0,0,0,0,0,0,0,0,0,0,0,0.0,0.0,0.0,0.0,0.0,0.0,0.0,0.0,0.0,0.0,0.0,0.0,0.0,0.0,0.0,0.0,0.0,0.0,0.0,0.0,0.0,0.0,-2.004,0.0,-2.004,2.004,0.0,0.0,0.0,0.0,3394.0,0.0,0.0,0.0,0.0,-0.0,0.0,0.0,0.0,0.0,0.0,0,-0.0,-152016189915136.0,0.0,0.0,0.0,0.0,0.0,0.0,0.0,0,0,0,0.0,0.0,0.0,0.0,0.0,0.0,0.0,0.0,0.0,0.0,0.0,0.0,0.0,0.0,0.0,0.0,0,-107875648.0,0,0.0,0,-107875648.0,-107877712.0,0,39322,17039,0,17054,52429,17037,0,0,0,110,100,100,2.7302334150594743e+23,64.0,0.0,64.5,0.0,69.0,1,49,50,180,0,52429,0,0,0.0,0.0,0.0,0.0,-0.0,65.0,0.0,-0.0,0.0,645,0,689,0,0,0,718,0,790,0,709,0,689,0,645,0,642,0,616,0.032,38797312.0,0.0,2.7302316136196234e+23,23184,16788,-0.001,-0.0,7.061306698149378e+30,53669575786496.0,-2.336345253941895e+26,4.1603805446291026e+35,29.0,60.0,70,0.0,0.0,0.0,0.0,0.0,0.0,0.0,0.0,0.0,0.0,0.0,0.0,0.0,0.0,0.0,0.0,59.2,69,11,65508,41,65476,0,300,0,0,8,20529,65476,0,0,61604,60.0,0.0,0.0,0.0,0.0,0.0
2026-04-04T11:18:58,ERR,ERR,ERR,ERR,ERR,ERR,ERR,ERR,ERR,ERR,ERR,ERR,ERR,ERR,ERR,ERR,ERR,ERR,ERR,ERR,ERR,ERR,ERR,ERR,ERR,ERR,ERR,ERR,ERR,ERR,ERR,ERR,ERR,ERR,ERR,ERR,ERR,ERR,ERR,ERR,ERR,ERR,ERR,ERR,ERR,ERR,ERR,ERR,ERR,ERR,ERR,ERR,ERR,ERR,ERR,ERR,ERR,ERR,ERR,ERR,ERR,ERR,ERR,ERR,ERR,ERR,ERR,ERR,ERR,ERR,ERR,ERR,ERR,ERR,ERR,ERR,ERR,ERR,ERR,ERR,ERR,ERR,ERR,ERR,ERR,ERR,ERR,ERR,ERR,ERR,ERR,ERR,ERR,ERR,ERR,ERR,ERR,ERR,ERR,ERR,ERR,ERR,ERR,ERR,ERR,ERR,ERR,ERR,ERR,ERR,ERR,ERR,ERR,ERR,ERR,ERR,ERR,ERR,ERR,ERR,ERR,ERR,ERR,ERR,ERR,0.0,0.0,-101055584.0,0.0,0.0,0.0,0.0,nan,0,0,0,32768,0,0.0,0,0.0,0.0,0.0,0.0,0.0,0,0,0,0,0.0,0,0,0,0,0,0,0,0,0,0,0,0,0,0,0,0,0,0,0,0,0,0,0,0,0,0,0,0,0,0,0,0,0,0,0,0,0,0,0,0,0,0,0,0,0.0,0.0,0.0,0.0,0.0,0.0,0.0,0.0,0.0,0.0,0.0,0.0,0.0,0.0,0.0,0.0,0.0,0.0,0.0,0.0,0.0,0.0,-2.004,0.0,-2.004,2.004,0.0,0.0,0.0,0.0,3377.5,-1.5879155638041463e+29,0.0,0.0,0.0,-0.0,0.0,0.0,0.0,0.0,0.0,0,-0.0,-0.0,0.0,0.0,0.0,0.0,0.0,0.0,0.0,0,0,0,0.0,0.0,0.0,0.0,0.0,0.0,0.0,0.0,0.0,0.0,0.0,0.0,0.0,0.0,0.0,0.0,0,-107875648.0,0,0.0,0,-107875648.0,-107877712.0,0,39322,17039,0,17054,52429,17037,0,0,0,110,100,100,2.7302334150594743e+23,64.0,0.0,64.9,0.0,69.0,1,49,50,180,0,52429,0,0,0.0,0.0,0.0,0.0,-27937.254,65.0,0.0,59661864960.0,0.0,645,0,689,0,0,0,718,0,790,0,709,0,690,0,645,0,642,0,616,0.032,48234496.0,0.0,2.7302316136196234e+23,19984,16788,-27937.254,59661864960.0,3.688214339981377e+24,-5.13649516383899e+33,-1.3946207794805593e+23,2.022314926889998e+31,29.0,60.0,70,0.0,0.0,0.0,0.0,0.0,0.0,0.0,0.0,0.0,0.0,0.0,0.0,0.0,0.0,0.0,0.0,59.2,69,11,65508,41,65476,0,300,0,0,8,20529,65476,0,0,61604,60.0,0.0,0.0,0.0,0.0,0.0
2026-04-04T11:18:59,ERR,ERR,ERR,ERR,ERR,ERR,ERR,ERR,ERR,ERR,ERR,ERR,ERR,ERR,ERR,ERR,ERR,ERR,ERR,ERR,ERR,ERR,ERR,ERR,ERR,ERR,ERR,ERR,ERR,ERR,ERR,ERR,ERR,ERR,ERR,ERR,ERR,ERR,ERR,ERR,ERR,ERR,ERR,ERR,ERR,ERR,ERR,ERR,ERR,ERR,ERR,ERR,ERR,ERR,ERR,ERR,ERR,ERR,ERR,ERR,ERR,ERR,ERR,ERR,ERR,ERR,ERR,ERR,ERR,ERR,ERR,ERR,ERR,ERR,ERR,ERR,ERR,ERR,ERR,ERR,ERR,ERR,ERR,ERR,ERR,ERR,ERR,ERR,ERR,ERR,ERR,ERR,ERR,ERR,ERR,ERR,ERR,ERR,ERR,ERR,ERR,ERR,ERR,ERR,ERR,ERR,ERR,ERR,ERR,ERR,ERR,ERR,ERR,ERR,ERR,ERR,ERR,ERR,ERR,ERR,ERR,ERR,ERR,ERR,ERR,0.0,0.0,-101055584.0,0.0,0.0,0.0,0.0,nan,0,0,0,32768,0,0.0,0,0.0,0.0,0.0,0.0,0.0,0,0,0,0,0.0,0,0,0,0,0,0,0,0,0,0,0,0,0,0,0,0,0,0,0,0,0,0,0,0,0,0,0,0,0,0,0,0,0,0,0,0,0,0,0,0,0,0,0,0,0.0,0.0,0.0,0.0,0.0,0.0,0.0,0.0,0.0,0.0,0.0,0.0,0.0,0.0,0.0,0.0,0.0,0.0,0.0,0.0,0.0,0.0,-2.004,0.0,-2.004,2.004,0.0,0.0,0.0,0.0,3377.5,-1.5879155638041463e+29,0.0,0.0,0.0,-0.0,0.0,0.0,0.0,0.0,0.0,0,-0.0,-0.0,0.0,0.0,0.0,0.0,0.0,0.0,0.0,0,0,0,0.0,0.0,0.0,0.0,0.0,0.0,0.0,0.0,0.0,0.0,0.0,0.0,0.0,0.0,0.0,0.0,0,-107875648.0,0,0.0,0,-107875648.0,-107877712.0,0,39322,17039,0,17054,52429,17037,0,0,0,110,100,100,2.7302334150594743e+23,64.0,0.0,64.9,0.0,69.0,1,49,50,180,0,52429,0,0,0.0,0.0,0.0,0.0,-27937.254,65.0,0.0,59661864960.0,0.0,645,0,689,0,0,0,718,0,790,0,709,0,690,0,645,0,642,0,616,0.032,48234496.0,0.0,2.7302316136196234e+23,19984,16788,-27937.254,59661864960.0,3.688214339981377e+24,-5.13649516383899e+33,-1.3946207794805593e+23,2.022314926889998e+31,29.0,60.0,70,0.0,0.0,0.0,0.0,0.0,0.0,0.0,0.0,0.0,0.0,0.0,0.0,0.0,0.0,0.0,0.0,59.2,69,11,65508,41,65476,0,300,0,0,8,20529,65476,0,0,61604,60.0,0.0,0.0,0.0,0.0,0.0
2026-04-04T11:19:00,ERR,ERR,ERR,ERR,ERR,ERR,ERR,ERR,ERR,ERR,ERR,ERR,ERR,ERR,ERR,ERR,ERR,ERR,ERR,ERR,ERR,ERR,ERR,ERR,ERR,ERR,ERR,ERR,ERR,ERR,ERR,ERR,ERR,ERR,ERR,ERR,ERR,ERR,ERR,ERR,ERR,ERR,ERR,ERR,ERR,ERR,ERR,ERR,ERR,ERR,ERR,ERR,ERR,ERR,ERR,ERR,ERR,ERR,ERR,ERR,ERR,ERR,ERR,ERR,ERR,ERR,ERR,ERR,ERR,ERR,ERR,ERR,ERR,ERR,ERR,ERR,ERR,ERR,ERR,ERR,ERR,ERR,ERR,ERR,ERR,ERR,ERR,ERR,ERR,ERR,ERR,ERR,ERR,ERR,ERR,ERR,ERR,ERR,ERR,ERR,ERR,ERR,ERR,ERR,ERR,ERR,ERR,ERR,ERR,ERR,ERR,ERR,ERR,ERR,ERR,ERR,ERR,ERR,ERR,ERR,ERR,ERR,ERR,ERR,ERR,0.0,0.0,-101055584.0,0.0,0.0,0.0,0.0,nan,0,0,0,32768,0,0.0,0,0.0,0.0,0.0,0.0,0.0,0,0,0,0,0.0,0,0,0,0,0,0,0,0,0,0,0,0,0,0,0,0,0,0,0,0,0,0,0,0,0,0,0,0,0,0,0,0,0,0,0,0,0,0,0,0,0,0,0,0,0.0,0.0,0.0,0.0,0.0,0.0,0.0,0.0,0.0,0.0,0.0,0.0,0.0,0.0,0.0,0.0,0.0,0.0,0.0,0.0,0.0,0.0,-2.004,0.0,-2.004,2.004,0.0,0.0,0.0,0.0,3377.5,-1.5879155638041463e+29,0.0,0.0,0.0,-0.0,0.0,0.0,0.0,0.0,0.0,0,-0.0,-0.0,0.0,0.0,0.0,0.0,0.0,0.0,0.0,0,0,0,0.0,0.0,0.0,0.0,0.0,0.0,0.0,0.0,0.0,0.0,0.0,0.0,0.0,0.0,0.0,0.0,0,-107875648.0,0,0.0,0,-107875648.0,-107877712.0,0,39322,17039,0,17054,52429,17037,0,0,0,110,100,100,2.7302334150594743e+23,64.0,0.0,64.9,0.0,69.0,1,49,50,180,0,52429,0,0,0.0,0.0,0.0,0.0,-27937.254,65.0,0.0,59661864960.0,0.0,645,0,689,0,0,0,718,0,790,0,709,0,690,0,645,0,642,0,616,0.032,48234496.0,0.0,2.7302316136196234e+23,19984,16788,-27937.254,59661864960.0,3.688214339981377e+24,-5.13649516383899e+33,-1.3946207794805593e+23,2.022314926889998e+31,29.0,60.0,70,0.0,0.0,0.0,0.0,0.0,0.0,0.0,0.0,0.0,0.0,0.0,0.0,0.0,0.0,0.0,0.0,59.2,69,11,65508,41,65476,0,300,0,0,8,20529,65476,0,0,61604,60.0,0.0,0.0,0.0,0.0,0.0
2026-04-04T11:19:01,ERR,ERR,ERR,ERR,ERR,ERR,ERR,ERR,ERR,ERR,ERR,ERR,ERR,ERR,ERR,ERR,ERR,ERR,ERR,ERR,ERR,ERR,ERR,ERR,ERR,ERR,ERR,ERR,ERR,ERR,ERR,ERR,ERR,ERR,ERR,ERR,ERR,ERR,ERR,ERR,ERR,ERR,ERR,ERR,ERR,ERR,ERR,ERR,ERR,ERR,ERR,ERR,ERR,ERR,ERR,ERR,ERR,ERR,ERR,ERR,ERR,ERR,ERR,ERR,ERR,ERR,ERR,ERR,ERR,ERR,ERR,ERR,ERR,ERR,ERR,ERR,ERR,ERR,ERR,ERR,ERR,ERR,ERR,ERR,ERR,ERR,ERR,ERR,ERR,ERR,ERR,ERR,ERR,ERR,ERR,ERR,ERR,ERR,ERR,ERR,ERR,ERR,ERR,ERR,ERR,ERR,ERR,ERR,ERR,ERR,ERR,ERR,ERR,ERR,ERR,ERR,ERR,ERR,ERR,ERR,ERR,ERR,ERR,ERR,ERR,0.0,0.0,-101055584.0,0.0,0.0,0.0,0.0,nan,0,0,0,32768,0,0.0,0,0.0,0.0,0.0,0.0,0.0,0,0,0,0,0.0,0,0,0,0,0,0,0,0,0,0,0,0,0,0,0,0,0,0,0,0,0,0,0,0,0,0,0,0,0,0,0,0,0,0,0,0,0,0,0,0,0,0,0,0,0.0,0.0,0.0,0.0,0.0,0.0,0.0,0.0,0.0,0.0,0.0,0.0,0.0,0.0,0.0,0.0,0.0,0.0,0.0,0.0,0.0,0.0,-2.004,0.0,-2.004,2.004,0.0,0.0,0.0,0.0,3377.5,-1.5879155638041463e+29,0.0,0.0,0.0,-0.0,0.0,0.0,0.0,0.0,0.0,0,-0.0,-0.0,0.0,0.0,0.0,0.0,0.0,0.0,0.0,0,0,0,0.0,0.0,0.0,0.0,0.0,0.0,0.0,0.0,0.0,0.0,0.0,0.0,0.0,0.0,0.0,0.0,0,-107875648.0,0,0.0,0,-107875648.0,-107877712.0,0,39322,17039,0,17054,52429,17037,0,0,0,110,100,100,2.7302334150594743e+23,64.0,0.0,64.9,0.0,69.0,1,49,50,180,0,52429,0,0,0.0,0.0,0.0,0.0,-27937.254,65.0,0.0,59661864960.0,0.0,645,0,689,0,0,0,718,0,790,0,709,0,690,0,645,0,642,0,616,0.032,48234496.0,0.0,2.7302316136196234e+23,19984,16788,-27937.254,59661864960.0,3.688214339981377e+24,-5.13649516383899e+33,-1.3946207794805593e+23,2.022314926889998e+31,29.0,60.0,70,0.0,0.0,0.0,0.0,0.0,0.0,0.0,0.0,0.0,0.0,0.0,0.0,0.0,0.0,0.0,0.0,59.2,69,11,65508,41,65476,0,300,0,0,8,20529,65476,0,0,61604,60.0,0.0,0.0,0.0,0.0,0.0
2026-04-04T11:19:02,ERR,ERR,ERR,ERR,ERR,ERR,ERR,ERR,ERR,ERR,ERR,ERR,ERR,ERR,ERR,ERR,ERR,ERR,ERR,ERR,ERR,ERR,ERR,ERR,ERR,ERR,ERR,ERR,ERR,ERR,ERR,ERR,ERR,ERR,ERR,ERR,ERR,ERR,ERR,ERR,ERR,ERR,ERR,ERR,ERR,ERR,ERR,ERR,ERR,ERR,ERR,ERR,ERR,ERR,ERR,ERR,ERR,ERR,ERR,ERR,ERR,ERR,ERR,ERR,ERR,ERR,ERR,ERR,ERR,ERR,ERR,ERR,ERR,ERR,ERR,ERR,ERR,ERR,ERR,ERR,ERR,ERR,ERR,ERR,ERR,ERR,ERR,ERR,ERR,ERR,ERR,ERR,ERR,ERR,ERR,ERR,ERR,ERR,ERR,ERR,ERR,ERR,ERR,ERR,ERR,ERR,ERR,ERR,ERR,ERR,ERR,ERR,ERR,ERR,ERR,ERR,ERR,ERR,ERR,ERR,ERR,ERR,ERR,ERR,ERR,0.0,0.0,-101055584.0,0.0,0.0,0.0,0.0,nan,0,0,0,32768,0,0.0,0,0.0,0.0,0.0,0.0,0.0,0,0,0,0,0.0,0,0,0,0,0,0,0,0,0,0,0,0,0,0,0,0,0,0,0,0,0,0,0,0,0,0,0,0,0,0,0,0,0,0,0,0,0,0,0,0,0,0,0,0,0.0,0.0,0.0,0.0,0.0,0.0,0.0,0.0,0.0,0.0,0.0,0.0,0.0,0.0,0.0,0.0,0.0,0.0,0.0,0.0,0.0,0.0,-2.004,0.0,-2.004,2.004,0.0,0.0,0.0,0.0,3377.5,-1.5879155638041463e+29,0.0,0.0,0.0,-0.0,0.0,0.0,0.0,0.0,0.0,0,-0.0,-0.0,0.0,0.0,0.0,0.0,0.0,0.0,0.0,0,0,0,0.0,0.0,0.0,0.0,0.0,0.0,0.0,0.0,0.0,0.0,0.0,0.0,0.0,0.0,0.0,0.0,0,-107875648.0,0,0.0,0,-107875648.0,-107877712.0,0,39322,17039,0,17054,52429,17037,0,0,0,110,100,100,2.7302334150594743e+23,64.0,0.0,64.9,0.0,69.0,1,49,50,180,0,52429,0,0,0.0,0.0,0.0,0.0,-27937.254,65.0,0.0,59661864960.0,0.0,645,0,689,0,0,0,718,0,790,0,709,0,690,0,645,0,642,0,616,0.032,48234496.0,0.0,2.7302316136196234e+23,19984,16788,-27937.254,59661864960.0,3.688214339981377e+24,-5.13649516383899e+33,-1.3946207794805593e+23,2.022314926889998e+31,29.0,60.0,70,0.0,0.0,0.0,0.0,0.0,0.0,0.0,0.0,0.0,0.0,0.0,0.0,0.0,0.0,0.0,0.0,59.6,69,11,65508,41,65476,0,300,0,0,8,20529,65476,0,0,61604,60.0,0.0,0.0,0.0,0.0,0.0
2026-04-04T11:19:03,ERR,ERR,ERR,ERR,ERR,ERR,ERR,ERR,ERR,ERR,ERR,ERR,ERR,ERR,ERR,ERR,ERR,ERR,ERR,ERR,ERR,ERR,ERR,ERR,ERR,ERR,ERR,ERR,ERR,ERR,ERR,ERR,ERR,ERR,ERR,ERR,ERR,ERR,ERR,ERR,ERR,ERR,ERR,ERR,ERR,ERR,ERR,ERR,ERR,ERR,ERR,ERR,ERR,ERR,ERR,ERR,ERR,ERR,ERR,ERR,ERR,ERR,ERR,ERR,ERR,ERR,ERR,ERR,ERR,ERR,ERR,ERR,ERR,ERR,ERR,ERR,ERR,ERR,ERR,ERR,ERR,ERR,ERR,ERR,ERR,ERR,ERR,ERR,ERR,ERR,ERR,ERR,ERR,ERR,ERR,ERR,ERR,ERR,ERR,ERR,ERR,ERR,ERR,ERR,ERR,ERR,ERR,ERR,ERR,ERR,ERR,ERR,ERR,ERR,ERR,ERR,ERR,ERR,ERR,ERR,ERR,ERR,ERR,ERR,ERR,0.0,0.0,-101055584.0,0.0,0.0,0.0,0.0,nan,0,0,0,32768,0,0.0,0,0.0,0.0,0.0,0.0,0.0,0,0,0,0,0.0,0,0,0,0,0,0,0,0,0,0,0,0,0,0,0,0,0,0,0,0,0,0,0,0,0,0,0,0,0,0,0,0,0,0,0,0,0,0,0,0,0,0,0,0,0.0,0.0,0.0,0.0,0.0,0.0,0.0,0.0,0.0,0.0,0.0,0.0,0.0,0.0,0.0,0.0,0.0,0.0,0.0,0.0,0.0,0.0,-2.004,0.0,-2.004,2.004,0.0,0.0,0.0,0.0,3377.5,-1.5879155638041463e+29,0.0,0.0,0.0,-0.0,0.0,0.0,0.0,0.0,0.0,0,-0.0,-0.0,0.0,0.0,0.0,0.0,0.0,0.0,0.0,0,0,0,0.0,0.0,0.0,0.0,0.0,0.0,0.0,0.0,0.0,0.0,0.0,0.0,0.0,0.0,0.0,0.0,0,-107875648.0,0,0.0,0,-107875648.0,-107877712.0,0,39322,17039,0,17054,52429,17037,0,0,0,110,100,100,2.7302334150594743e+23,64.0,0.0,64.9,0.0,69.0,1,49,50,180,0,52429,0,0,0.0,0.0,0.0,0.0,-27937.254,65.0,0.0,59661864960.0,0.0,645,0,689,0,0,0,718,0,790,0,709,0,690,0,645,0,642,0,616,0.032,48234496.0,0.0,2.7302316136196234e+23,19984,16788,-27937.254,59661864960.0,3.688214339981377e+24,-5.13649516383899e+33,-1.3946207794805593e+23,2.022314926889998e+31,29.0,60.0,70,0.0,0.0,0.0,0.0,0.0,0.0,0.0,0.0,0.0,0.0,0.0,0.0,0.0,0.0,0.0,0.0,59.6,69,11,65508,41,65476,0,300,0,0,8,20529,65476,0,0,61604,60.0,0.0,0.0,0.0,0.0,0.0
2026-04-04T11:19:04,ERR,ERR,ERR,ERR,ERR,ERR,ERR,ERR,ERR,ERR,ERR,ERR,ERR,ERR,ERR,ERR,ERR,ERR,ERR,ERR,ERR,ERR,ERR,ERR,ERR,ERR,ERR,ERR,ERR,ERR,ERR,ERR,ERR,ERR,ERR,ERR,ERR,ERR,ERR,ERR,ERR,ERR,ERR,ERR,ERR,ERR,ERR,ERR,ERR,ERR,ERR,ERR,ERR,ERR,ERR,ERR,ERR,ERR,ERR,ERR,ERR,ERR,ERR,ERR,ERR,ERR,ERR,ERR,ERR,ERR,ERR,ERR,ERR,ERR,ERR,ERR,ERR,ERR,ERR,ERR,ERR,ERR,ERR,ERR,ERR,ERR,ERR,ERR,ERR,ERR,ERR,ERR,ERR,ERR,ERR,ERR,ERR,ERR,ERR,ERR,ERR,ERR,ERR,ERR,ERR,ERR,ERR,ERR,ERR,ERR,ERR,ERR,ERR,ERR,ERR,ERR,ERR,ERR,ERR,ERR,ERR,ERR,ERR,ERR,ERR,0.0,0.0,-101055584.0,0.0,0.0,0.0,0.0,nan,0,0,0,32768,0,0.0,0,0.0,0.0,0.0,0.0,0.0,0,0,0,0,0.0,0,0,0,0,0,0,0,0,0,0,0,0,0,0,0,0,0,0,0,0,0,0,0,0,0,0,0,0,0,0,0,0,0,0,0,0,0,0,0,0,0,0,0,0,0.0,0.0,0.0,0.0,0.0,0.0,0.0,0.0,0.0,0.0,0.0,0.0,0.0,0.0,0.0,0.0,0.0,0.0,0.0,0.0,0.0,0.0,-2.004,0.0,-2.004,2.004,0.0,0.0,0.0,0.0,3377.5,-1.5879155638041463e+29,0.0,0.0,0.0,-0.0,0.0,0.0,0.0,0.0,0.0,0,-0.0,-0.0,0.0,0.0,0.0,0.0,0.0,0.0,0.0,0,0,0,0.0,0.0,0.0,0.0,0.0,0.0,0.0,0.0,0.0,0.0,0.0,0.0,0.0,0.0,0.0,0.0,0,-107875648.0,0,0.0,0,-107875648.0,-107877712.0,0,39322,17039,0,17054,52429,17037,0,0,0,110,100,100,2.7302334150594743e+23,64.0,0.0,64.9,0.0,69.0,1,49,50,180,0,52429,0,0,0.0,0.0,0.0,0.0,-0.016,65.0,0.0,0.0,0.0,645,0,689,0,0,0,718,0,790,0,709,0,690,0,645,0,642,0,616,0.032,53739520.0,0.0,2.7302316136196234e+23,26768,16788,-98437.016,0.0,0.0,-7960419624812544.0,-62786.035,6529090.5,29.0,60.0,70,0.0,0.0,0.0,0.0,0.0,0.0,0.0,0.0,0.0,0.0,0.0,0.0,0.0,0.0,0.0,0.0,59.2,69,11,65508,41,65476,0,300,0,0,8,20529,65476,0,0,61604,60.0,0.0,0.0,0.0,0.0,0.0
2026-04-04T11:19:05,ERR,ERR,ERR,ERR,ERR,ERR,ERR,ERR,ERR,ERR,ERR,ERR,ERR,ERR,ERR,ERR,ERR,ERR,ERR,ERR,ERR,ERR,ERR,ERR,ERR,ERR,ERR,ERR,ERR,ERR,ERR,ERR,ERR,ERR,ERR,ERR,ERR,ERR,ERR,ERR,ERR,ERR,ERR,ERR,ERR,ERR,ERR,ERR,ERR,ERR,ERR,ERR,ERR,ERR,ERR,ERR,ERR,ERR,ERR,ERR,ERR,ERR,ERR,ERR,ERR,ERR,ERR,ERR,ERR,ERR,ERR,ERR,ERR,ERR,ERR,ERR,ERR,ERR,ERR,ERR,ERR,ERR,ERR,ERR,ERR,ERR,ERR,ERR,ERR,ERR,ERR,ERR,ERR,ERR,ERR,ERR,ERR,ERR,ERR,ERR,ERR,ERR,ERR,ERR,ERR,ERR,ERR,ERR,ERR,ERR,ERR,ERR,ERR,ERR,ERR,ERR,ERR,ERR,ERR,ERR,ERR,ERR,ERR,ERR,ERR,0.0,0.0,-101055584.0,0.0,0.0,0.0,0.0,nan,0,0,0,32768,0,0.0,0,0.0,0.0,0.0,0.0,0.0,0,0,0,0,0.0,0,0,0,0,0,0,0,0,0,0,0,0,0,0,0,0,0,0,0,0,0,0,0,0,0,0,0,0,0,0,0,0,0,0,0,0,0,0,0,0,0,0,0,0,0.0,0.0,0.0,0.0,0.0,0.0,0.0,0.0,0.0,0.0,0.0,0.0,0.0,0.0,0.0,0.0,0.0,0.0,0.0,0.0,0.0,0.0,-2.004,0.0,-2.004,2.004,0.0,0.0,0.0,0.0,3377.5,-1.5879155638041463e+29,0.0,0.0,0.0,-0.0,0.0,0.0,0.0,0.0,0.0,0,-0.0,-0.0,0.0,0.0,0.0,0.0,0.0,0.0,0.0,0,0,0,0.0,0.0,0.0,0.0,0.0,0.0,0.0,0.0,0.0,0.0,0.0,0.0,0.0,0.0,0.0,0.0,0,-107875648.0,0,0.0,0,-107875648.0,-107877712.0,0,39322,17039,0,17054,52429,17037,0,0,0,110,100,100,2.7302334150594743e+23,64.0,0.0,64.9,0.0,69.0,1,49,50,180,0,52429,0,0,0.0,0.0,0.0,0.0,-0.016,65.0,0.0,0.0,0.0,645,0,689,0,0,0,718,0,790,0,709,0,690,0,645,0,642,0,616,0.032,53739520.0,0.0,2.7302316136196234e+23,26768,16788,-98437.016,0.0,0.0,-7960419624812544.0,-62786.035,6529090.5,29.0,60.0,70,0.0,0.0,0.0,0.0,0.0,0.0,0.0,0.0,0.0,0.0,0.0,0.0,0.0,0.0,0.0,0.0,59.2,69,11,65508,41,65476,0,300,0,0,8,20529,65476,0,0,61604,60.0,0.0,0.0,0.0,0.0,0.0
2026-04-04T11:19:06,ERR,ERR,ERR,ERR,ERR,ERR,ERR,ERR,ERR,ERR,ERR,ERR,ERR,ERR,ERR,ERR,ERR,ERR,ERR,ERR,ERR,ERR,ERR,ERR,ERR,ERR,ERR,ERR,ERR,ERR,ERR,ERR,ERR,ERR,ERR,ERR,ERR,ERR,ERR,ERR,ERR,ERR,ERR,ERR,ERR,ERR,ERR,ERR,ERR,ERR,ERR,ERR,ERR,ERR,ERR,ERR,ERR,ERR,ERR,ERR,ERR,ERR,ERR,ERR,ERR,ERR,ERR,ERR,ERR,ERR,ERR,ERR,ERR,ERR,ERR,ERR,ERR,ERR,ERR,ERR,ERR,ERR,ERR,ERR,ERR,ERR,ERR,ERR,ERR,ERR,ERR,ERR,ERR,ERR,ERR,ERR,ERR,ERR,ERR,ERR,ERR,ERR,ERR,ERR,ERR,ERR,ERR,ERR,ERR,ERR,ERR,ERR,ERR,ERR,ERR,ERR,ERR,ERR,ERR,ERR,ERR,ERR,ERR,ERR,ERR,2.7184278591402704e+23,0.0,-0.0,0.0,0.0,0.0,0.0,nan,0,0,0,32768,0,0.0,0,0.0,0.0,0.0,0.0,0.0,0,0,0,0,0.0,0,0,0,0,0,0,0,0,0,0,0,0,0,0,0,0,0,0,0,0,0,0,0,0,0,0,0,0,0,0,0,0,0,0,0,0,0,0,0,0,0,0,0,0,0.0,0.0,0.0,0.0,0.0,0.0,0.0,0.0,0.0,0.0,0.0,0.0,0.0,0.0,0.0,0.0,0.0,0.0,0.0,0.0,0.0,0.0,-2.004,0.0,-2.004,2.004,0.0,0.0,0.0,0.0,3394.5,8608108544.0,0.0,0.0,0.0,-0.0,0.0,0.0,0.0,0.0,0.0,0,-0.0,-3.221978786476472e+26,0.0,0.0,0.0,0.0,0.0,0.0,0.0,0,0,0,0.0,0.0,0.0,0.0,0.0,0.0,0.0,0.0,0.0,0.0,0.0,0.0,0.0,0.0,0.0,0.0,0,-107875648.0,0,0.0,0,-107875648.0,-107877712.0,0,39322,17039,0,17054,52429,17037,0,0,0,110,100,100,2.7302334150594743e+23,64.0,0.0,64.9,0.0,69.0,1,49,50,180,0,52429,0,0,0.0,0.0,0.0,0.0,-0.016,65.0,0.0,0.0,0.0,645,0,689,0,0,0,718,0,790,0,709,0,690,0,645,0,642,0,616,0.032,53739520.0,0.0,2.7302316136196234e+23,26768,16788,-98437.016,0.0,0.0,-7960419624812544.0,-62786.035,6529090.5,29.0,60.0,70,0.0,0.0,0.0,0.0,0.0,0.0,0.0,0.0,0.0,0.0,0.0,0.0,0.0,0.0,0.0,0.0,59.2,69,11,65508,41,65476,0,300,0,0,8,20529,65476,0,0,61604,60.0,0.0,0.0,0.0,0.0,0.0
2026-04-04T11:19:07,ERR,ERR,ERR,ERR,ERR,ERR,ERR,ERR,ERR,ERR,ERR,ERR,ERR,ERR,ERR,ERR,ERR,ERR,ERR,ERR,ERR,ERR,ERR,ERR,ERR,ERR,ERR,ERR,ERR,ERR,ERR,ERR,ERR,ERR,ERR,ERR,ERR,ERR,ERR,ERR,ERR,ERR,ERR,ERR,ERR,ERR,ERR,ERR,ERR,ERR,ERR,ERR,ERR,ERR,ERR,ERR,ERR,ERR,ERR,ERR,ERR,ERR,ERR,ERR,ERR,ERR,ERR,ERR,ERR,ERR,ERR,ERR,ERR,ERR,ERR,ERR,ERR,ERR,ERR,ERR,ERR,ERR,ERR,ERR,ERR,ERR,ERR,ERR,ERR,ERR,ERR,ERR,ERR,ERR,ERR,ERR,ERR,ERR,ERR,ERR,ERR,ERR,ERR,ERR,ERR,ERR,ERR,ERR,ERR,ERR,ERR,ERR,ERR,ERR,ERR,ERR,ERR,ERR,ERR,ERR,ERR,ERR,ERR,ERR,ERR,2.7184278591402704e+23,0.0,-0.0,0.0,0.0,0.0,0.0,nan,0,0,0,32768,0,0.0,0,0.0,0.0,0.0,0.0,0.0,0,0,0,0,0.0,0,0,0,0,0,0,0,0,0,0,0,0,0,0,0,0,0,0,0,0,0,0,0,0,0,0,0,0,0,0,0,0,0,0,0,0,0,0,0,0,0,0,0,0,0.0,0.0,0.0,0.0,0.0,0.0,0.0,0.0,0.0,0.0,0.0,0.0,0.0,0.0,0.0,0.0,0.0,0.0,0.0,0.0,0.0,0.0,-2.004,0.0,-2.004,2.004,0.0,0.0,0.0,0.0,3394.5,8608108544.0,0.0,0.0,0.0,-0.0,0.0,0.0,0.0,0.0,0.0,0,-0.0,-3.221978786476472e+26,0.0,0.0,0.0,0.0,0.0,0.0,0.0,0,0,0,0.0,0.0,0.0,0.0,0.0,0.0,0.0,0.0,0.0,0.0,0.0,0.0,0.0,0.0,0.0,0.0,0,-107875648.0,0,0.0,0,-107875648.0,-107877712.0,0,39322,17039,0,17054,52429,17037,0,0,0,110,100,100,2.7302334150594743e+23,64.0,0.0,64.9,0.0,69.0,1,49,50,180,0,52429,0,0,0.0,0.0,0.0,0.0,-0.016,65.0,0.0,0.0,0.0,645,0,689,0,0,0,718,0,790,0,709,0,690,0,645,0,642,0,616,0.032,53739520.0,0.0,2.7302316136196234e+23,26768,16788,-98437.016,0.0,0.0,-7960419624812544.0,-62786.035,6529090.5,29.0,60.0,70,0.0,0.0,0.0,0.0,0.0,0.0,0.0,0.0,0.0,0.0,0.0,0.0,0.0,0.0,0.0,0.0,59.2,69,11,65508,41,65476,0,300,0,0,8,20529,65476,0,0,61604,60.0,0.0,0.0,0.0,0.0,0.0
2026-04-04T11:19:08,ERR,ERR,ERR,ERR,ERR,ERR,ERR,ERR,ERR,ERR,ERR,ERR,ERR,ERR,ERR,ERR,ERR,ERR,ERR,ERR,ERR,ERR,ERR,ERR,ERR,ERR,ERR,ERR,ERR,ERR,ERR,ERR,ERR,ERR,ERR,ERR,ERR,ERR,ERR,ERR,ERR,ERR,ERR,ERR,ERR,ERR,ERR,ERR,ERR,ERR,ERR,ERR,ERR,ERR,ERR,ERR,ERR,ERR,ERR,ERR,ERR,ERR,ERR,ERR,ERR,ERR,ERR,ERR,ERR,ERR,ERR,ERR,ERR,ERR,ERR,ERR,ERR,ERR,ERR,ERR,ERR,ERR,ERR,ERR,ERR,ERR,ERR,ERR,ERR,ERR,ERR,ERR,ERR,ERR,ERR,ERR,ERR,ERR,ERR,ERR,ERR,ERR,ERR,ERR,ERR,ERR,ERR,ERR,ERR,ERR,ERR,ERR,ERR,ERR,ERR,ERR,ERR,ERR,ERR,ERR,ERR,ERR,ERR,ERR,ERR,2.7184278591402704e+23,0.0,-0.0,0.0,0.0,0.0,0.0,nan,0,0,0,32768,0,0.0,0,0.0,0.0,0.0,0.0,0.0,0,0,0,0,0.0,0,0,0,0,0,0,0,0,0,0,0,0,0,0,0,0,0,0,0,0,0,0,0,0,0,0,0,0,0,0,0,0,0,0,0,0,0,0,0,0,0,0,0,0,0.0,0.0,0.0,0.0,0.0,0.0,0.0,0.0,0.0,0.0,0.0,0.0,0.0,0.0,0.0,0.0,0.0,0.0,0.0,0.0,0.0,0.0,-2.004,0.0,-2.004,2.004,0.0,0.0,0.0,0.0,3394.5,8608108544.0,0.0,0.0,0.0,-0.0,0.0,0.0,0.0,0.0,0.0,0,-0.0,-3.221978786476472e+26,0.0,0.0,0.0,0.0,0.0,0.0,0.0,0,0,0,0.0,0.0,0.0,0.0,0.0,0.0,0.0,0.0,0.0,0.0,0.0,0.0,0.0,0.0,0.0,0.0,0,-107875648.0,0,0.0,0,-107875648.0,-107877712.0,0,39322,17039,0,17054,52429,17037,0,0,0,110,100,100,2.7302334150594743e+23,64.0,0.0,64.9,0.0,69.0,1,49,50,180,0,52429,0,0,0.0,0.0,0.0,0.0,-0.016,65.0,0.0,0.0,0.0,645,0,689,0,0,0,718,0,790,0,709,0,690,0,645,0,642,0,616,0.032,53739520.0,0.0,2.7302316136196234e+23,26768,16788,-98437.016,0.0,0.0,-7960419624812544.0,-62786.035,6529090.5,29.0,60.0,70,0.0,0.0,0.0,0.0,0.0,0.0,0.0,0.0,0.0,0.0,0.0,0.0,0.0,0.0,0.0,0.0,59.2,69,11,65508,41,65476,0,300,0,0,8,20529,65476,0,0,61604,60.0,0.0,0.0,0.0,0.0,0.0
2026-04-04T11:19:09,ERR,ERR,ERR,ERR,ERR,ERR,ERR,ERR,ERR,ERR,ERR,ERR,ERR,ERR,ERR,ERR,ERR,ERR,ERR,ERR,ERR,ERR,ERR,ERR,ERR,ERR,ERR,ERR,ERR,ERR,ERR,ERR,ERR,ERR,ERR,ERR,ERR,ERR,ERR,ERR,ERR,ERR,ERR,ERR,ERR,ERR,ERR,ERR,ERR,ERR,ERR,ERR,ERR,ERR,ERR,ERR,ERR,ERR,ERR,ERR,ERR,ERR,ERR,ERR,ERR,ERR,ERR,ERR,ERR,ERR,ERR,ERR,ERR,ERR,ERR,ERR,ERR,ERR,ERR,ERR,ERR,ERR,ERR,ERR,ERR,ERR,ERR,ERR,ERR,ERR,ERR,ERR,ERR,ERR,ERR,ERR,ERR,ERR,ERR,ERR,ERR,ERR,ERR,ERR,ERR,ERR,ERR,ERR,ERR,ERR,ERR,ERR,ERR,ERR,ERR,ERR,ERR,ERR,ERR,ERR,ERR,ERR,ERR,ERR,ERR,2.7184278591402704e+23,0.0,-0.0,0.0,0.0,0.0,0.0,nan,0,0,0,32768,0,0.0,0,0.0,0.0,0.0,0.0,0.0,0,0,0,0,0.0,0,0,0,0,0,0,0,0,0,0,0,0,0,0,0,0,0,0,0,0,0,0,0,0,0,0,0,0,0,0,0,0,0,0,0,0,0,0,0,0,0,0,0,0,0.0,0.0,0.0,0.0,0.0,0.0,0.0,0.0,0.0,0.0,0.0,0.0,0.0,0.0,0.0,0.0,0.0,0.0,0.0,0.0,0.0,0.0,-2.004,0.0,-2.004,2.004,0.0,0.0,0.0,0.0,3394.5,8608108544.0,0.0,0.0,0.0,-0.0,0.0,0.0,0.0,0.0,0.0,0,-0.0,-3.221978786476472e+26,0.0,0.0,0.0,0.0,0.0,0.0,0.0,0,0,0,0.0,0.0,0.0,0.0,0.0,0.0,0.0,0.0,0.0,0.0,0.0,0.0,0.0,0.0,0.0,0.0,0,-107875648.0,0,0.0,0,-107875648.0,-107877712.0,0,39322,17039,0,17054,52429,17037,0,0,0,110,100,100,2.7302334150594743e+23,64.0,0.0,64.9,0.0,69.0,1,49,50,180,0,52429,0,0,0.0,0.0,0.0,0.0,-0.016,65.0,0.0,0.0,0.0,645,0,689,0,0,0,718,0,790,0,709,0,690,0,645,0,642,0,616,0.032,53739520.0,0.0,2.7302316136196234e+23,26768,16788,-98437.016,0.0,0.0,-7960419624812544.0,-62786.035,6529090.5,29.0,60.0,70,0.0,0.0,0.0,0.0,0.0,0.0,0.0,0.0,0.0,0.0,0.0,0.0,0.0,0.0,0.0,0.0,59.2,69,11,65508,41,65476,0,300,0,0,8,20529,65476,0,0,61604,60.0,0.0,0.0,0.0,0.0,0.0
2026-04-04T11:19:10,ERR,ERR,ERR,ERR,ERR,ERR,ERR,ERR,ERR,ERR,ERR,ERR,ERR,ERR,ERR,ERR,ERR,ERR,ERR,ERR,ERR,ERR,ERR,ERR,ERR,ERR,ERR,ERR,ERR,ERR,ERR,ERR,ERR,ERR,ERR,ERR,ERR,ERR,ERR,ERR,ERR,ERR,ERR,ERR,ERR,ERR,ERR,ERR,ERR,ERR,ERR,ERR,ERR,ERR,ERR,ERR,ERR,ERR,ERR,ERR,ERR,ERR,ERR,ERR,ERR,ERR,ERR,ERR,ERR,ERR,ERR,ERR,ERR,ERR,ERR,ERR,ERR,ERR,ERR,ERR,ERR,ERR,ERR,ERR,ERR,ERR,ERR,ERR,ERR,ERR,ERR,ERR,ERR,ERR,ERR,ERR,ERR,ERR,ERR,ERR,ERR,ERR,ERR,ERR,ERR,ERR,ERR,ERR,ERR,ERR,ERR,ERR,ERR,ERR,ERR,ERR,ERR,ERR,ERR,ERR,ERR,ERR,ERR,ERR,ERR,2.7184278591402704e+23,0.0,-0.0,0.0,0.0,0.0,0.0,nan,0,0,0,32768,0,0.0,0,0.0,0.0,0.0,0.0,0.0,0,0,0,0,0.0,0,0,0,0,0,0,0,0,0,0,0,0,0,0,0,0,0,0,0,0,0,0,0,0,0,0,0,0,0,0,0,0,0,0,0,0,0,0,0,0,0,0,0,0,0.0,0.0,0.0,0.0,0.0,0.0,0.0,0.0,0.0,0.0,0.0,0.0,0.0,0.0,0.0,0.0,0.0,0.0,0.0,0.0,0.0,0.0,-2.004,0.0,-2.004,2.004,0.0,0.0,0.0,0.0,3394.5,8608108544.0,0.0,0.0,0.0,-0.0,0.0,0.0,0.0,0.0,0.0,0,-0.0,-3.221978786476472e+26,0.0,0.0,0.0,0.0,0.0,0.0,0.0,0,0,0,0.0,0.0,0.0,0.0,0.0,0.0,0.0,0.0,0.0,0.0,0.0,0.0,0.0,0.0,0.0,0.0,0,-107875648.0,0,0.0,0,-107875648.0,-107877712.0,0,39322,17039,0,17054,52429,17037,0,0,0,110,100,100,2.7302334150594743e+23,64.0,0.0,64.5,0.0,69.0,1,49,50,180,0,52429,0,0,0.0,0.0,0.0,0.0,-7323583488.0,65.0,0.0,4299395694592.0,0.0,645,0,689,0,0,0,718,0,790,0,709,0,690,0,645,0,642,0,616,0.032,55836672.0,0.0,2.7302316136196234e+23,24592,16788,-1986506522624.0,4299395694592.0,-0.0,-0.0,-4.0085852639814307e+37,-0.0,29.0,60.0,70,0.0,0.0,0.0,0.0,0.0,0.0,0.0,0.0,0.0,0.0,0.0,0.0,0.0,0.0,0.0,0.0,59.2,69,11,65508,41,65476,0,300,0,0,8,20529,65476,0,0,61604,60.0,0.0,0.0,0.0,0.0,0.0
2026-04-04T11:19:11,ERR,ERR,ERR,ERR,ERR,ERR,ERR,ERR,ERR,ERR,ERR,ERR,ERR,ERR,ERR,ERR,ERR,ERR,ERR,ERR,ERR,ERR,ERR,ERR,ERR,ERR,ERR,ERR,ERR,ERR,ERR,ERR,ERR,ERR,ERR,ERR,ERR,ERR,ERR,ERR,ERR,ERR,ERR,ERR,ERR,ERR,ERR,ERR,ERR,ERR,ERR,ERR,ERR,ERR,ERR,ERR,ERR,ERR,ERR,ERR,ERR,ERR,ERR,ERR,ERR,ERR,ERR,ERR,ERR,ERR,ERR,ERR,ERR,ERR,ERR,ERR,ERR,ERR,ERR,ERR,ERR,ERR,ERR,ERR,ERR,ERR,ERR,ERR,ERR,ERR,ERR,ERR,ERR,ERR,ERR,ERR,ERR,ERR,ERR,ERR,ERR,ERR,ERR,ERR,ERR,ERR,ERR,ERR,ERR,ERR,ERR,ERR,ERR,ERR,ERR,ERR,ERR,ERR,ERR,ERR,ERR,ERR,ERR,ERR,ERR,2.7184278591402704e+23,0.0,-0.0,0.0,0.0,0.0,0.0,nan,0,0,0,32768,0,0.0,0,0.0,0.0,0.0,0.0,0.0,0,0,0,0,0.0,0,0,0,0,0,0,0,0,0,0,0,0,0,0,0,0,0,0,0,0,0,0,0,0,0,0,0,0,0,0,0,0,0,0,0,0,0,0,0,0,0,0,0,0,0.0,0.0,0.0,0.0,0.0,0.0,0.0,0.0,0.0,0.0,0.0,0.0,0.0,0.0,0.0,0.0,0.0,0.0,0.0,0.0,0.0,0.0,-2.004,0.0,-2.004,2.004,0.0,0.0,0.0,0.0,3394.5,8608108544.0,0.0,0.0,0.0,-0.0,0.0,0.0,0.0,0.0,0.0,0,-0.0,-3.221978786476472e+26,0.0,0.0,0.0,0.0,0.0,0.0,0.0,0,0,0,0.0,0.0,0.0,0.0,0.0,0.0,0.0,0.0,0.0,0.0,0.0,0.0,0.0,0.0,0.0,0.0,0,-107875648.0,0,0.0,0,-107875648.0,-107877712.0,0,39322,17039,0,17054,52429,17037,0,0,0,110,100,100,2.7302334150594743e+23,64.0,0.0,64.5,0.0,69.0,1,49,50,180,0,52429,0,0,0.0,0.0,0.0,0.0,-7323583488.0,65.0,0.0,4299395694592.0,0.0,645,0,689,0,0,0,718,0,790,0,709,0,690,0,645,0,642,0,616,0.032,55836672.0,0.0,2.7302316136196234e+23,24592,16788,-1986506522624.0,4299395694592.0,-0.0,-0.0,-4.0085852639814307e+37,-0.0,29.0,60.0,70,0.0,0.0,0.0,0.0,0.0,0.0,0.0,0.0,0.0,0.0,0.0,0.0,0.0,0.0,0.0,0.0,59.2,69,11,65508,41,65476,0,300,0,0,8,20529,65476,0,0,61604,60.0,0.0,0.0,0.0,0.0,0.0
2026-04-04T11:19:12,ERR,ERR,ERR,ERR,ERR,ERR,ERR,ERR,ERR,ERR,ERR,ERR,ERR,ERR,ERR,ERR,ERR,ERR,ERR,ERR,ERR,ERR,ERR,ERR,ERR,ERR,ERR,ERR,ERR,ERR,ERR,ERR,ERR,ERR,ERR,ERR,ERR,ERR,ERR,ERR,ERR,ERR,ERR,ERR,ERR,ERR,ERR,ERR,ERR,ERR,ERR,ERR,ERR,ERR,ERR,ERR,ERR,ERR,ERR,ERR,ERR,ERR,ERR,ERR,ERR,ERR,ERR,ERR,ERR,ERR,ERR,ERR,ERR,ERR,ERR,ERR,ERR,ERR,ERR,ERR,ERR,ERR,ERR,ERR,ERR,ERR,ERR,ERR,ERR,ERR,ERR,ERR,ERR,ERR,ERR,ERR,ERR,ERR,ERR,ERR,ERR,ERR,ERR,ERR,ERR,ERR,ERR,ERR,ERR,ERR,ERR,ERR,ERR,ERR,ERR,ERR,ERR,ERR,ERR,ERR,ERR,ERR,ERR,ERR,ERR,2.7184278591402704e+23,0.0,-0.0,0.0,0.0,0.0,0.0,nan,0,0,0,32768,0,0.0,0,0.0,0.0,0.0,0.0,0.0,0,0,0,0,0.0,0,0,0,0,0,0,0,0,0,0,0,0,0,0,0,0,0,0,0,0,0,0,0,0,0,0,0,0,0,0,0,0,0,0,0,0,0,0,0,0,0,0,0,0,0.0,0.0,0.0,0.0,0.0,0.0,0.0,0.0,0.0,0.0,0.0,0.0,0.0,0.0,0.0,0.0,0.0,0.0,0.0,0.0,0.0,0.0,-2.004,0.0,-2.004,2.004,0.0,0.0,0.0,0.0,3394.5,8608108544.0,0.0,0.0,0.0,-0.0,0.0,0.0,0.0,0.0,0.0,0,-0.0,-3.221978786476472e+26,0.0,0.0,0.0,0.0,0.0,0.0,0.0,0,0,0,0.0,0.0,0.0,0.0,0.0,0.0,0.0,0.0,0.0,0.0,0.0,0.0,0.0,0.0,0.0,0.0,0,-107875648.0,0,0.0,0,-107875648.0,-107877712.0,0,39322,17039,0,17054,52429,17037,0,0,0,110,100,100,2.7302334150594743e+23,64.0,0.0,64.5,0.0,69.0,1,49,50,180,0,52429,0,0,0.0,0.0,0.0,0.0,-7323583488.0,65.0,0.0,4299395694592.0,0.0,645,0,689,0,0,0,718,0,790,0,709,0,690,0,645,0,642,0,616,0.032,55836672.0,0.0,2.7302316136196234e+23,24592,16788,-1986506522624.0,4299395694592.0,-0.0,-0.0,-4.0085852639814307e+37,-0.0,29.0,60.0,70,0.0,0.0,0.0,0.0,0.0,0.0,0.0,0.0,0.0,0.0,0.0,0.0,0.0,0.0,0.0,0.0,59.2,69,11,65508,41,65476,0,300,0,0,8,20529,65476,0,0,61604,60.0,0.0,0.0,0.0,0.0,0.0
2026-04-04T11:19:13,ERR,ERR,ERR,ERR,ERR,ERR,ERR,ERR,ERR,ERR,ERR,ERR,ERR,ERR,ERR,ERR,ERR,ERR,ERR,ERR,ERR,ERR,ERR,ERR,ERR,ERR,ERR,ERR,ERR,ERR,ERR,ERR,ERR,ERR,ERR,ERR,ERR,ERR,ERR,ERR,ERR,ERR,ERR,ERR,ERR,ERR,ERR,ERR,ERR,ERR,ERR,ERR,ERR,ERR,ERR,ERR,ERR,ERR,ERR,ERR,ERR,ERR,ERR,ERR,ERR,ERR,ERR,ERR,ERR,ERR,ERR,ERR,ERR,ERR,ERR,ERR,ERR,ERR,ERR,ERR,ERR,ERR,ERR,ERR,ERR,ERR,ERR,ERR,ERR,ERR,ERR,ERR,ERR,ERR,ERR,ERR,ERR,ERR,ERR,ERR,ERR,ERR,ERR,ERR,ERR,ERR,ERR,ERR,ERR,ERR,ERR,ERR,ERR,ERR,ERR,ERR,ERR,ERR,ERR,ERR,ERR,ERR,ERR,ERR,ERR,2.7184278591402704e+23,0.0,-0.0,0.0,0.0,0.0,0.0,nan,0,0,0,32768,0,0.0,0,0.0,0.0,0.0,0.0,0.0,0,0,0,0,0.0,0,0,0,0,0,0,0,0,0,0,0,0,0,0,0,0,0,0,0,0,0,0,0,0,0,0,0,0,0,0,0,0,0,0,0,0,0,0,0,0,0,0,0,0,0.0,0.0,0.0,0.0,0.0,0.0,0.0,0.0,0.0,0.0,0.0,0.0,0.0,0.0,0.0,0.0,0.0,0.0,0.0,0.0,0.0,0.0,-2.004,0.0,-2.004,2.004,0.0,0.0,0.0,0.0,3394.5,8608108544.0,0.0,0.0,0.0,-0.0,0.0,0.0,0.0,0.0,0.0,0,-0.0,-3.221978786476472e+26,0.0,0.0,0.0,0.0,0.0,0.0,0.0,0,0,0,0.0,0.0,0.0,0.0,0.0,0.0,0.0,0.0,0.0,0.0,0.0,0.0,0.0,0.0,0.0,0.0,0,-107875648.0,0,0.0,0,-107875648.0,-107877712.0,0,39322,17039,0,17054,52429,17037,0,0,0,110,100,100,2.7302334150594743e+23,64.0,0.0,64.5,0.0,69.0,1,49,50,180,0,52429,0,0,0.0,0.0,0.0,0.0,-7323583488.0,65.0,0.0,4299395694592.0,0.0,645,0,689,0,0,0,718,0,790,0,709,0,690,0,645,0,642,0,616,0.032,55836672.0,0.0,2.7302316136196234e+23,24592,16788,-1986506522624.0,4299395694592.0,-0.0,-0.0,-4.0085852639814307e+37,-0.0,29.0,60.0,70,0.0,0.0,0.0,0.0,0.0,0.0,0.0,0.0,0.0,0.0,0.0,0.0,0.0,0.0,0.0,0.0,59.6,69,11,65508,41,65476,0,300,0,0,8,20529,65476,0,0,61604,60.0,0.0,0.0,0.0,0.0,0.0
2026-04-04T11:19:14,ERR,ERR,ERR,ERR,ERR,ERR,ERR,ERR,ERR,ERR,ERR,ERR,ERR,ERR,ERR,ERR,ERR,ERR,ERR,ERR,ERR,ERR,ERR,ERR,ERR,ERR,ERR,ERR,ERR,ERR,ERR,ERR,ERR,ERR,ERR,ERR,ERR,ERR,ERR,ERR,ERR,ERR,ERR,ERR,ERR,ERR,ERR,ERR,ERR,ERR,ERR,ERR,ERR,ERR,ERR,ERR,ERR,ERR,ERR,ERR,ERR,ERR,ERR,ERR,ERR,ERR,ERR,ERR,ERR,ERR,ERR,ERR,ERR,ERR,ERR,ERR,ERR,ERR,ERR,ERR,ERR,ERR,ERR,ERR,ERR,ERR,ERR,ERR,ERR,ERR,ERR,ERR,ERR,ERR,ERR,ERR,ERR,ERR,ERR,ERR,ERR,ERR,ERR,ERR,ERR,ERR,ERR,ERR,ERR,ERR,ERR,ERR,ERR,ERR,ERR,ERR,ERR,ERR,ERR,ERR,ERR,ERR,ERR,ERR,ERR,2.7184278591402704e+23,0.0,-0.0,0.0,0.0,0.0,0.0,nan,0,0,0,32768,0,0.0,0,0.0,0.0,0.0,0.0,0.0,0,0,0,0,0.0,0,0,0,0,0,0,0,0,0,0,0,0,0,0,0,0,0,0,0,0,0,0,0,0,0,0,0,0,0,0,0,0,0,0,0,0,0,0,0,0,0,0,0,0,0.0,0.0,0.0,0.0,0.0,0.0,0.0,0.0,0.0,0.0,0.0,0.0,0.0,0.0,0.0,0.0,0.0,0.0,0.0,0.0,0.0,0.0,-2.004,0.0,-2.004,2.004,0.0,0.0,0.0,0.0,3394.5,8608108544.0,0.0,0.0,0.0,-0.0,0.0,0.0,0.0,0.0,0.0,0,-0.0,-3.221978786476472e+26,0.0,0.0,0.0,0.0,0.0,0.0,0.0,0,0,0,0.0,0.0,0.0,0.0,0.0,0.0,0.0,0.0,0.0,0.0,0.0,0.0,0.0,0.0,0.0,0.0,0,-107875648.0,0,0.0,0,-107875648.0,-107877712.0,0,39322,17039,0,17054,52429,17037,0,0,0,110,100,100,2.7302334150594743e+23,64.0,0.0,64.5,0.0,69.0,1,49,50,180,0,52429,0,0,0.0,0.0,0.0,0.0,-7323583488.0,65.0,0.0,4299395694592.0,0.0,645,0,689,0,0,0,718,0,790,0,709,0,690,0,645,0,642,0,616,0.032,55836672.0,0.0,2.7302316136196234e+23,24592,16788,-1986506522624.0,4299395694592.0,-0.0,-0.0,-4.0085852639814307e+37,-0.0,29.0,60.0,70,0.0,0.0,0.0,0.0,0.0,0.0,0.0,0.0,0.0,0.0,0.0,0.0,0.0,0.0,0.0,0.0,59.6,69,11,65508,41,65476,0,300,0,0,8,20529,65476,0,0,61604,60.0,0.0,0.0,0.0,0.0,0.0
2026-04-04T11:19:15,ERR,ERR,ERR,ERR,ERR,ERR,ERR,ERR,ERR,ERR,ERR,ERR,ERR,ERR,ERR,ERR,ERR,ERR,ERR,ERR,ERR,ERR,ERR,ERR,ERR,ERR,ERR,ERR,ERR,ERR,ERR,ERR,ERR,ERR,ERR,ERR,ERR,ERR,ERR,ERR,ERR,ERR,ERR,ERR,ERR,ERR,ERR,ERR,ERR,ERR,ERR,ERR,ERR,ERR,ERR,ERR,ERR,ERR,ERR,ERR,ERR,ERR,ERR,ERR,ERR,ERR,ERR,ERR,ERR,ERR,ERR,ERR,ERR,ERR,ERR,ERR,ERR,ERR,ERR,ERR,ERR,ERR,ERR,ERR,ERR,ERR,ERR,ERR,ERR,ERR,ERR,ERR,ERR,ERR,ERR,ERR,ERR,ERR,ERR,ERR,ERR,ERR,ERR,ERR,ERR,ERR,ERR,ERR,ERR,ERR,ERR,ERR,ERR,ERR,ERR,ERR,ERR,ERR,ERR,ERR,ERR,ERR,ERR,ERR,ERR,0.0,0.0,-101055584.0,0.0,0.0,0.0,0.0,nan,0,0,0,32768,0,0.0,0,0.0,0.0,0.0,0.0,0.0,0,0,0,0,0.0,0,0,0,0,0,0,0,0,0,0,0,0,0,0,0,0,0,0,0,0,0,0,0,0,0,0,0,0,0,0,0,0,0,0,0,0,0,0,0,0,0,0,0,0,0.0,0.0,0.0,0.0,0.0,0.0,0.0,0.0,0.0,0.0,0.0,0.0,0.0,0.0,0.0,0.0,0.0,0.0,0.0,0.0,0.0,0.0,-2.004,0.0,-2.004,2.004,0.0,0.0,0.0,0.0,3393.5,2.004,0.0,0.0,0.0,-0.0,0.0,0.0,0.0,0.0,0.0,0,-0.0,-152016189915136.0,0.0,0.0,0.0,0.0,0.0,0.0,0.0,0,0,0,0.0,0.0,0.0,0.0,0.0,0.0,0.0,0.0,0.0,0.0,0.0,0.0,0.0,0.0,0.0,0.0,0,-107875648.0,0,0.0,0,-107875648.0,-107877712.0,0,39322,17039,0,17054,52429,17037,0,0,0,110,100,100,2.7302334150594743e+23,64.0,0.0,64.5,0.0,69.0,1,49,50,180,0,52429,0,0,0.0,0.0,0.0,0.0,-7323583488.0,65.0,0.0,4299395694592.0,0.0,645,0,689,0,0,0,718,0,790,0,709,0,690,0,645,0,642,0,616,0.032,55836672.0,0.0,2.7302316136196234e+23,24592,16788,-1986506522624.0,4299395694592.0,-0.0,-0.0,-4.0085852639814307e+37,-0.0,29.0,60.0,70,0.0,0.0,0.0,0.0,0.0,0.0,0.0,0.0,0.0,0.0,0.0,0.0,0.0,0.0,0.0,0.0,59.6,69,11,65508,41,65476,0,300,0,0,8,20529,65476,0,0,61604,60.0,0.0,0.0,0.0,0.0,0.0
2026-04-04T11:19:16,ERR,ERR,ERR,ERR,ERR,ERR,ERR,ERR,ERR,ERR,ERR,ERR,ERR,ERR,ERR,ERR,ERR,ERR,ERR,ERR,ERR,ERR,ERR,ERR,ERR,ERR,ERR,ERR,ERR,ERR,ERR,ERR,ERR,ERR,ERR,ERR,ERR,ERR,ERR,ERR,ERR,ERR,ERR,ERR,ERR,ERR,ERR,ERR,ERR,ERR,ERR,ERR,ERR,ERR,ERR,ERR,ERR,ERR,ERR,ERR,ERR,ERR,ERR,ERR,ERR,ERR,ERR,ERR,ERR,ERR,ERR,ERR,ERR,ERR,ERR,ERR,ERR,ERR,ERR,ERR,ERR,ERR,ERR,ERR,ERR,ERR,ERR,ERR,ERR,ERR,ERR,ERR,ERR,ERR,ERR,ERR,ERR,ERR,ERR,ERR,ERR,ERR,ERR,ERR,ERR,ERR,ERR,ERR,ERR,ERR,ERR,ERR,ERR,ERR,ERR,ERR,ERR,ERR,ERR,ERR,ERR,ERR,ERR,ERR,ERR,0.0,0.0,-101055584.0,0.0,0.0,0.0,0.0,nan,0,0,0,32768,0,0.0,0,0.0,0.0,0.0,0.0,0.0,0,0,0,0,0.0,0,0,0,0,0,0,0,0,0,0,0,0,0,0,0,0,0,0,0,0,0,0,0,0,0,0,0,0,0,0,0,0,0,0,0,0,0,0,0,0,0,0,0,0,0.0,0.0,0.0,0.0,0.0,0.0,0.0,0.0,0.0,0.0,0.0,0.0,0.0,0.0,0.0,0.0,0.0,0.0,0.0,0.0,0.0,0.0,-2.004,0.0,-2.004,2.004,0.0,0.0,0.0,0.0,3393.5,2.004,0.0,0.0,0.0,-0.0,0.0,0.0,0.0,0.0,0.0,0,-0.0,-152016189915136.0,0.0,0.0,0.0,0.0,0.0,0.0,0.0,0,0,0,0.0,0.0,0.0,0.0,0.0,0.0,0.0,0.0,0.0,0.0,0.0,0.0,0.0,0.0,0.0,0.0,0,-107875648.0,0,0.0,0,-107875648.0,-107877712.0,0,39322,17039,0,17054,52429,17037,0,0,0,110,100,100,2.7302334150594743e+23,64.0,0.0,64.5,0.0,69.0,1,49,50,180,0,52429,0,0,0.0,0.0,0.0,0.0,-0.0,65.0,0.0,-0.0,0.0,645,0,689,0,0,0,718,0,790,0,709,0,690,0,645,0,642,0,615,0.032,55836672.0,0.0,2.7302316136196234e+23,36112,16788,-2.41,-0.0,-0.0,8881909530624.0,-9.687394800112412e+34,-0.0,29.0,60.0,70,0.0,0.0,0.0,0.0,0.0,0.0,0.0,0.0,0.0,0.0,0.0,0.0,0.0,0.0,0.0,0.0,59.2,69,11,65508,41,65476,0,300,0,0,8,20529,65476,0,0,61604,60.0,0.0,0.0,0.0,0.0,0.0
2026-04-04T11:19:17,ERR,ERR,ERR,ERR,ERR,ERR,ERR,ERR,ERR,ERR,ERR,ERR,ERR,ERR,ERR,ERR,ERR,ERR,ERR,ERR,ERR,ERR,ERR,ERR,ERR,ERR,ERR,ERR,ERR,ERR,ERR,ERR,ERR,ERR,ERR,ERR,ERR,ERR,ERR,ERR,ERR,ERR,ERR,ERR,ERR,ERR,ERR,ERR,ERR,ERR,ERR,ERR,ERR,ERR,ERR,ERR,ERR,ERR,ERR,ERR,ERR,ERR,ERR,ERR,ERR,ERR,ERR,ERR,ERR,ERR,ERR,ERR,ERR,ERR,ERR,ERR,ERR,ERR,ERR,ERR,ERR,ERR,ERR,ERR,ERR,ERR,ERR,ERR,ERR,ERR,ERR,ERR,ERR,ERR,ERR,ERR,ERR,ERR,ERR,ERR,ERR,ERR,ERR,ERR,ERR,ERR,ERR,ERR,ERR,ERR,ERR,ERR,ERR,ERR,ERR,ERR,ERR,ERR,ERR,ERR,ERR,ERR,ERR,ERR,ERR,0.0,0.0,-101055584.0,0.0,0.0,0.0,0.0,nan,0,0,0,32768,0,0.0,0,0.0,0.0,0.0,0.0,0.0,0,0,0,0,0.0,0,0,0,0,0,0,0,0,0,0,0,0,0,0,0,0,0,0,0,0,0,0,0,0,0,0,0,0,0,0,0,0,0,0,0,0,0,0,0,0,0,0,0,0,0.0,0.0,0.0,0.0,0.0,0.0,0.0,0.0,0.0,0.0,0.0,0.0,0.0,0.0,0.0,0.0,0.0,0.0,0.0,0.0,0.0,0.0,-2.004,0.0,-2.004,2.004,0.0,0.0,0.0,0.0,3393.5,2.004,0.0,0.0,0.0,-0.0,0.0,0.0,0.0,0.0,0.0,0,-0.0,-152016189915136.0,0.0,0.0,0.0,0.0,0.0,0.0,0.0,0,0,0,0.0,0.0,0.0,0.0,0.0,0.0,0.0,0.0,0.0,0.0,0.0,0.0,0.0,0.0,0.0,0.0,0,-107875648.0,0,0.0,0,-107875648.0,-107877712.0,0,39322,17039,0,17054,52429,17037,0,0,0,110,100,100,2.7302334150594743e+23,64.0,0.0,64.5,0.0,69.0,1,49,50,180,0,52429,0,0,0.0,0.0,0.0,0.0,-0.0,65.0,0.0,-0.0,0.0,645,0,689,0,0,0,718,0,790,0,709,0,690,0,645,0,642,0,615,0.032,55836672.0,0.0,2.7302316136196234e+23,36112,16788,-2.41,-0.0,-0.0,8881909530624.0,-9.687394800112412e+34,-0.0,29.0,60.0,70,0.0,0.0,0.0,0.0,0.0,0.0,0.0,0.0,0.0,0.0,0.0,0.0,0.0,0.0,0.0,0.0,59.2,69,11,65508,41,65476,0,300,0,0,8,20529,65476,0,0,61604,60.0,0.0,0.0,0.0,0.0,0.0
2026-04-04T11:19:18,ERR,ERR,ERR,ERR,ERR,ERR,ERR,ERR,ERR,ERR,ERR,ERR,ERR,ERR,ERR,ERR,ERR,ERR,ERR,ERR,ERR,ERR,ERR,ERR,ERR,ERR,ERR,ERR,ERR,ERR,ERR,ERR,ERR,ERR,ERR,ERR,ERR,ERR,ERR,ERR,ERR,ERR,ERR,ERR,ERR,ERR,ERR,ERR,ERR,ERR,ERR,ERR,ERR,ERR,ERR,ERR,ERR,ERR,ERR,ERR,ERR,ERR,ERR,ERR,ERR,ERR,ERR,ERR,ERR,ERR,ERR,ERR,ERR,ERR,ERR,ERR,ERR,ERR,ERR,ERR,ERR,ERR,ERR,ERR,ERR,ERR,ERR,ERR,ERR,ERR,ERR,ERR,ERR,ERR,ERR,ERR,ERR,ERR,ERR,ERR,ERR,ERR,ERR,ERR,ERR,ERR,ERR,ERR,ERR,ERR,ERR,ERR,ERR,ERR,ERR,ERR,ERR,ERR,ERR,ERR,ERR,ERR,ERR,ERR,ERR,0.0,0.0,-101055584.0,0.0,0.0,0.0,0.0,nan,0,0,0,32768,0,0.0,0,0.0,0.0,0.0,0.0,0.0,0,0,0,0,0.0,0,0,0,0,0,0,0,0,0,0,0,0,0,0,0,0,0,0,0,0,0,0,0,0,0,0,0,0,0,0,0,0,0,0,0,0,0,0,0,0,0,0,0,0,0.0,0.0,0.0,0.0,0.0,0.0,0.0,0.0,0.0,0.0,0.0,0.0,0.0,0.0,0.0,0.0,0.0,0.0,0.0,0.0,0.0,0.0,-2.004,0.0,-2.004,2.004,0.0,0.0,0.0,0.0,3393.5,2.004,0.0,0.0,0.0,-0.0,0.0,0.0,0.0,0.0,0.0,0,-0.0,-152016189915136.0,0.0,0.0,0.0,0.0,0.0,0.0,0.0,0,0,0,0.0,0.0,0.0,0.0,0.0,0.0,0.0,0.0,0.0,0.0,0.0,0.0,0.0,0.0,0.0,0.0,0,-107875648.0,0,0.0,0,-107875648.0,-107877712.0,0,39322,17039,0,17054,52429,17037,0,0,0,110,100,100,2.7302334150594743e+23,64.0,0.0,64.5,0.0,69.0,1,49,50,180,0,52429,0,0,0.0,0.0,0.0,0.0,-0.0,65.0,0.0,-0.0,0.0,645,0,689,0,0,0,718,0,790,0,709,0,690,0,645,0,642,0,615,0.032,55836672.0,0.0,2.7302316136196234e+23,36112,16788,-2.41,-0.0,-0.0,8881909530624.0,-9.687394800112412e+34,-0.0,29.0,60.0,70,0.0,0.0,0.0,0.0,0.0,0.0,0.0,0.0,0.0,0.0,0.0,0.0,0.0,0.0,0.0,0.0,59.6,69,11,65508,41,65476,0,300,0,0,8,20529,65476,0,0,61604,60.0,0.0,0.0,0.0,0.0,0.0
2026-04-04T11:19:19,ERR,ERR,ERR,ERR,ERR,ERR,ERR,ERR,ERR,ERR,ERR,ERR,ERR,ERR,ERR,ERR,ERR,ERR,ERR,ERR,ERR,ERR,ERR,ERR,ERR,ERR,ERR,ERR,ERR,ERR,ERR,ERR,ERR,ERR,ERR,ERR,ERR,ERR,ERR,ERR,ERR,ERR,ERR,ERR,ERR,ERR,ERR,ERR,ERR,ERR,ERR,ERR,ERR,ERR,ERR,ERR,ERR,ERR,ERR,ERR,ERR,ERR,ERR,ERR,ERR,ERR,ERR,ERR,ERR,ERR,ERR,ERR,ERR,ERR,ERR,ERR,ERR,ERR,ERR,ERR,ERR,ERR,ERR,ERR,ERR,ERR,ERR,ERR,ERR,ERR,ERR,ERR,ERR,ERR,ERR,ERR,ERR,ERR,ERR,ERR,ERR,ERR,ERR,ERR,ERR,ERR,ERR,ERR,ERR,ERR,ERR,ERR,ERR,ERR,ERR,ERR,ERR,ERR,ERR,ERR,ERR,ERR,ERR,ERR,ERR,0.0,0.0,-101055584.0,0.0,0.0,0.0,0.0,nan,0,0,0,32768,0,0.0,0,0.0,0.0,0.0,0.0,0.0,0,0,0,0,0.0,0,0,0,0,0,0,0,0,0,0,0,0,0,0,0,0,0,0,0,0,0,0,0,0,0,0,0,0,0,0,0,0,0,0,0,0,0,0,0,0,0,0,0,0,0.0,0.0,0.0,0.0,0.0,0.0,0.0,0.0,0.0,0.0,0.0,0.0,0.0,0.0,0.0,0.0,0.0,0.0,0.0,0.0,0.0,0.0,-2.004,0.0,-2.004,2.004,0.0,0.0,0.0,0.0,3393.5,2.004,0.0,0.0,0.0,-0.0,0.0,0.0,0.0,0.0,0.0,0,-0.0,-152016189915136.0,0.0,0.0,0.0,0.0,0.0,0.0,0.0,0,0,0,0.0,0.0,0.0,0.0,0.0,0.0,0.0,0.0,0.0,0.0,0.0,0.0,0.0,0.0,0.0,0.0,0,-107875648.0,0,0.0,0,-107875648.0,-107877712.0,0,39322,17039,0,17054,52429,17037,0,0,0,110,100,100,2.7302334150594743e+23,64.0,0.0,64.5,0.0,69.0,1,49,50,180,0,52429,0,0,0.0,0.0,0.0,0.0,-0.0,65.0,0.0,-0.0,0.0,645,0,689,0,0,0,718,0,790,0,709,0,690,0,645,0,642,0,615,0.032,55836672.0,0.0,2.7302316136196234e+23,36112,16788,-2.41,-0.0,-0.0,8881909530624.0,-9.687394800112412e+34,-0.0,29.0,60.0,70,0.0,0.0,0.0,0.0,0.0,0.0,0.0,0.0,0.0,0.0,0.0,0.0,0.0,0.0,0.0,0.0,59.6,69,11,65508,41,65476,0,300,0,0,8,20529,65476,0,0,61604,60.0,0.0,0.0,0.0,0.0,0.0
2026-04-04T11:19:20,ERR,ERR,ERR,ERR,ERR,ERR,ERR,ERR,ERR,ERR,ERR,ERR,ERR,ERR,ERR,ERR,ERR,ERR,ERR,ERR,ERR,ERR,ERR,ERR,ERR,ERR,ERR,ERR,ERR,ERR,ERR,ERR,ERR,ERR,ERR,ERR,ERR,ERR,ERR,ERR,ERR,ERR,ERR,ERR,ERR,ERR,ERR,ERR,ERR,ERR,ERR,ERR,ERR,ERR,ERR,ERR,ERR,ERR,ERR,ERR,ERR,ERR,ERR,ERR,ERR,ERR,ERR,ERR,ERR,ERR,ERR,ERR,ERR,ERR,ERR,ERR,ERR,ERR,ERR,ERR,ERR,ERR,ERR,ERR,ERR,ERR,ERR,ERR,ERR,ERR,ERR,ERR,ERR,ERR,ERR,ERR,ERR,ERR,ERR,ERR,ERR,ERR,ERR,ERR,ERR,ERR,ERR,ERR,ERR,ERR,ERR,ERR,ERR,ERR,ERR,ERR,ERR,ERR,ERR,ERR,ERR,ERR,ERR,ERR,ERR,0.0,0.0,-101055584.0,0.0,0.0,0.0,0.0,nan,0,0,0,32768,0,0.0,0,0.0,0.0,0.0,0.0,0.0,0,0,0,0,0.0,0,0,0,0,0,0,0,0,0,0,0,0,0,0,0,0,0,0,0,0,0,0,0,0,0,0,0,0,0,0,0,0,0,0,0,0,0,0,0,0,0,0,0,0,0.0,0.0,0.0,0.0,0.0,0.0,0.0,0.0,0.0,0.0,0.0,0.0,0.0,0.0,0.0,0.0,0.0,0.0,0.0,0.0,0.0,0.0,-2.004,0.0,-2.004,2.004,0.0,0.0,0.0,0.0,3393.5,2.004,0.0,0.0,0.0,-0.0,0.0,0.0,0.0,0.0,0.0,0,-0.0,-152016189915136.0,0.0,0.0,0.0,0.0,0.0,0.0,0.0,0,0,0,0.0,0.0,0.0,0.0,0.0,0.0,0.0,0.0,0.0,0.0,0.0,0.0,0.0,0.0,0.0,0.0,0,-107875648.0,0,0.0,0,-107875648.0,-107877712.0,0,39322,17039,0,17054,52429,17037,0,0,0,110,100,100,2.7302334150594743e+23,64.0,0.0,64.5,0.0,69.0,1,49,50,180,0,52429,0,0,0.0,0.0,0.0,0.0,-0.0,65.0,0.0,-0.0,0.0,645,0,689,0,0,0,718,0,790,0,709,0,690,0,645,0,642,0,615,0.032,55836672.0,0.0,2.7302316136196234e+23,36112,16788,-2.41,-0.0,-0.0,8881909530624.0,-9.687394800112412e+34,-0.0,29.0,60.0,70,0.0,0.0,0.0,0.0,0.0,0.0,0.0,0.0,0.0,0.0,0.0,0.0,0.0,0.0,0.0,0.0,59.6,69,11,65508,41,65476,0,300,0,0,8,20529,65476,0,0,61604,60.0,0.0,0.0,0.0,0.0,0.0
2026-04-04T11:19:21,ERR,ERR,ERR,ERR,ERR,ERR,ERR,ERR,ERR,ERR,ERR,ERR,ERR,ERR,ERR,ERR,ERR,ERR,ERR,ERR,ERR,ERR,ERR,ERR,ERR,ERR,ERR,ERR,ERR,ERR,ERR,ERR,ERR,ERR,ERR,ERR,ERR,ERR,ERR,ERR,ERR,ERR,ERR,ERR,ERR,ERR,ERR,ERR,ERR,ERR,ERR,ERR,ERR,ERR,ERR,ERR,ERR,ERR,ERR,ERR,ERR,ERR,ERR,ERR,ERR,ERR,ERR,ERR,ERR,ERR,ERR,ERR,ERR,ERR,ERR,ERR,ERR,ERR,ERR,ERR,ERR,ERR,ERR,ERR,ERR,ERR,ERR,ERR,ERR,ERR,ERR,ERR,ERR,ERR,ERR,ERR,ERR,ERR,ERR,ERR,ERR,ERR,ERR,ERR,ERR,ERR,ERR,ERR,ERR,ERR,ERR,ERR,ERR,ERR,ERR,ERR,ERR,ERR,ERR,ERR,ERR,ERR,ERR,ERR,ERR,0.0,0.0,-101055584.0,0.0,0.0,0.0,0.0,nan,0,0,0,32768,0,0.0,0,0.0,0.0,0.0,0.0,0.0,0,0,0,0,0.0,0,0,0,0,0,0,0,0,0,0,0,0,0,0,0,0,0,0,0,0,0,0,0,0,0,0,0,0,0,0,0,0,0,0,0,0,0,0,0,0,0,0,0,0,0.0,0.0,0.0,0.0,0.0,0.0,0.0,0.0,0.0,0.0,0.0,0.0,0.0,0.0,0.0,0.0,0.0,0.0,0.0,0.0,0.0,0.0,-2.004,0.0,-2.004,2.004,0.0,0.0,0.0,0.0,3393.5,2.004,0.0,0.0,0.0,-0.0,0.0,0.0,0.0,0.0,0.0,0,-0.0,-152016189915136.0,0.0,0.0,0.0,0.0,0.0,0.0,0.0,0,0,0,0.0,0.0,0.0,0.0,0.0,0.0,0.0,0.0,0.0,0.0,0.0,0.0,0.0,0.0,0.0,0.0,0,-107875648.0,0,0.0,0,-107875648.0,-107877712.0,0,39322,17039,0,17054,52429,17037,0,0,0,110,100,100,2.7302334150594743e+23,64.0,0.0,64.5,0.0,69.0,1,49,50,180,0,52429,0,0,0.0,0.0,0.0,0.0,-0.0,65.0,0.0,-0.0,0.0,645,0,689,0,0,0,718,0,790,0,709,0,690,0,645,0,642,0,615,0.032,55836672.0,0.0,2.7302316136196234e+23,36112,16788,-2.41,-0.0,-0.0,8881909530624.0,-9.687394800112412e+34,-0.0,29.0,60.0,70,0.0,0.0,0.0,0.0,0.0,0.0,0.0,0.0,0.0,0.0,0.0,0.0,0.0,0.0,0.0,0.0,59.2,69,11,65508,41,65476,0,300,0,0,8,20529,65476,0,0,61604,60.0,0.0,0.0,0.0,0.0,0.0
2026-04-04T11:19:22,ERR,ERR,ERR,ERR,ERR,ERR,ERR,ERR,ERR,ERR,ERR,ERR,ERR,ERR,ERR,ERR,ERR,ERR,ERR,ERR,ERR,ERR,ERR,ERR,ERR,ERR,ERR,ERR,ERR,ERR,ERR,ERR,ERR,ERR,ERR,ERR,ERR,ERR,ERR,ERR,ERR,ERR,ERR,ERR,ERR,ERR,ERR,ERR,ERR,ERR,ERR,ERR,ERR,ERR,ERR,ERR,ERR,ERR,ERR,ERR,ERR,ERR,ERR,ERR,ERR,ERR,ERR,ERR,ERR,ERR,ERR,ERR,ERR,ERR,ERR,ERR,ERR,ERR,ERR,ERR,ERR,ERR,ERR,ERR,ERR,ERR,ERR,ERR,ERR,ERR,ERR,ERR,ERR,ERR,ERR,ERR,ERR,ERR,ERR,ERR,ERR,ERR,ERR,ERR,ERR,ERR,ERR,ERR,ERR,ERR,ERR,ERR,ERR,ERR,ERR,ERR,ERR,ERR,ERR,ERR,ERR,ERR,ERR,ERR,ERR,0.0,0.0,-101055584.0,0.0,0.0,0.0,0.0,nan,0,0,0,32768,0,0.0,0,0.0,0.0,0.0,0.0,0.0,0,0,0,0,0.0,0,0,0,0,0,0,0,0,0,0,0,0,0,0,0,0,0,0,0,0,0,0,0,0,0,0,0,0,0,0,0,0,0,0,0,0,0,0,0,0,0,0,0,0,0.0,0.0,0.0,0.0,0.0,0.0,0.0,0.0,0.0,0.0,0.0,0.0,0.0,0.0,0.0,0.0,0.0,0.0,0.0,0.0,0.0,0.0,-2.004,0.0,-2.004,2.004,0.0,0.0,0.0,0.0,3393.5,2.004,0.0,0.0,0.0,-0.0,0.0,0.0,0.0,0.0,0.0,0,-0.0,-152016189915136.0,0.0,0.0,0.0,0.0,0.0,0.0,0.0,0,0,0,0.0,0.0,0.0,0.0,0.0,0.0,0.0,0.0,0.0,0.0,0.0,0.0,0.0,0.0,0.0,0.0,0,-107875648.0,0,0.0,0,-107875648.0,-107877712.0,0,39322,17039,0,17054,52429,17037,0,0,0,110,100,100,2.7302334150594743e+23,64.0,0.0,64.5,0.0,69.0,1,49,50,180,0,52429,0,0,0.0,0.0,0.0,0.0,-52802.508,65.0,0.0,-0.0,0.0,645,0,689,0,0,0,717,0,790,0,709,0,690,0,645,0,642,0,616,0.032,55574528.0,0.0,2.7302316136196234e+23,26256,16788,-27034884.0,-0.0,-0.0,3475.981,0.0,-0.0,29.0,60.0,70,0.0,0.0,0.0,0.0,0.0,0.0,0.0,0.0,0.0,0.0,0.0,0.0,0.0,0.0,0.0,0.0,59.2,69,11,65508,41,65476,0,300,0,0,8,20529,65476,0,0,61604,60.0,0.0,0.0,0.0,0.0,0.0
2026-04-04T11:19:23,ERR,ERR,ERR,ERR,ERR,ERR,ERR,ERR,ERR,ERR,ERR,ERR,ERR,ERR,ERR,ERR,ERR,ERR,ERR,ERR,ERR,ERR,ERR,ERR,ERR,ERR,ERR,ERR,ERR,ERR,ERR,ERR,ERR,ERR,ERR,ERR,ERR,ERR,ERR,ERR,ERR,ERR,ERR,ERR,ERR,ERR,ERR,ERR,ERR,ERR,ERR,ERR,ERR,ERR,ERR,ERR,ERR,ERR,ERR,ERR,ERR,ERR,ERR,ERR,ERR,ERR,ERR,ERR,ERR,ERR,ERR,ERR,ERR,ERR,ERR,ERR,ERR,ERR,ERR,ERR,ERR,ERR,ERR,ERR,ERR,ERR,ERR,ERR,ERR,ERR,ERR,ERR,ERR,ERR,ERR,ERR,ERR,ERR,ERR,ERR,ERR,ERR,ERR,ERR,ERR,ERR,ERR,ERR,ERR,ERR,ERR,ERR,ERR,ERR,ERR,ERR,ERR,ERR,ERR,ERR,ERR,ERR,ERR,ERR,ERR,0.0,0.0,-101055584.0,0.0,0.0,0.0,0.0,nan,0,0,0,32768,0,0.0,0,0.0,0.0,0.0,0.0,0.0,0,0,0,0,0.0,0,0,0,0,0,0,0,0,0,0,0,0,0,0,0,0,0,0,0,0,0,0,0,0,0,0,0,0,0,0,0,0,0,0,0,0,0,0,0,0,0,0,0,0,0.0,0.0,0.0,0.0,0.0,0.0,0.0,0.0,0.0,0.0,0.0,0.0,0.0,0.0,0.0,0.0,0.0,0.0,0.0,0.0,0.0,0.0,-2.004,0.0,-2.004,2.004,0.0,0.0,0.0,0.0,3392.0,0.0,0.0,0.0,0.0,-0.0,0.0,0.0,0.0,0.0,0.0,0,-0.0,-107614264.0,0.0,0.0,0.0,0.0,0.0,0.0,0.0,0,0,0,0.0,0.0,0.0,0.0,0.0,0.0,0.0,0.0,0.0,0.0,0.0,0.0,0.0,0.0,0.0,0.0,0,-107875648.0,0,0.0,0,-107875648.0,-107877712.0,0,39322,17039,0,17054,52429,17037,0,0,0,110,100,100,2.7302334150594743e+23,64.0,0.0,64.5,0.0,69.0,1,49,50,180,0,52429,0,0,0.0,0.0,0.0,0.0,-52802.508,65.0,0.0,-0.0,0.0,645,0,689,0,0,0,717,0,790,0,709,0,690,0,645,0,642,0,616,0.032,55574528.0,0.0,2.7302316136196234e+23,26256,16788,-27034884.0,-0.0,-0.0,3475.981,0.0,-0.0,29.0,60.0,70,0.0,0.0,0.0,0.0,0.0,0.0,0.0,0.0,0.0,0.0,0.0,0.0,0.0,0.0,0.0,0.0,59.2,69,11,65508,41,65476,0,300,0,0,8,20529,65476,0,0,61604,60.0,0.0,0.0,0.0,0.0,0.0
2026-04-04T11:19:24,ERR,ERR,ERR,ERR,ERR,ERR,ERR,ERR,ERR,ERR,ERR,ERR,ERR,ERR,ERR,ERR,ERR,ERR,ERR,ERR,ERR,ERR,ERR,ERR,ERR,ERR,ERR,ERR,ERR,ERR,ERR,ERR,ERR,ERR,ERR,ERR,ERR,ERR,ERR,ERR,ERR,ERR,ERR,ERR,ERR,ERR,ERR,ERR,ERR,ERR,ERR,ERR,ERR,ERR,ERR,ERR,ERR,ERR,ERR,ERR,ERR,ERR,ERR,ERR,ERR,ERR,ERR,ERR,ERR,ERR,ERR,ERR,ERR,ERR,ERR,ERR,ERR,ERR,ERR,ERR,ERR,ERR,ERR,ERR,ERR,ERR,ERR,ERR,ERR,ERR,ERR,ERR,ERR,ERR,ERR,ERR,ERR,ERR,ERR,ERR,ERR,ERR,ERR,ERR,ERR,ERR,ERR,ERR,ERR,ERR,ERR,ERR,ERR,ERR,ERR,ERR,ERR,ERR,ERR,ERR,ERR,ERR,ERR,ERR,ERR,0.0,0.0,-101055584.0,0.0,0.0,0.0,0.0,nan,0,0,0,32768,0,0.0,0,0.0,0.0,0.0,0.0,0.0,0,0,0,0,0.0,0,0,0,0,0,0,0,0,0,0,0,0,0,0,0,0,0,0,0,0,0,0,0,0,0,0,0,0,0,0,0,0,0,0,0,0,0,0,0,0,0,0,0,0,0.0,0.0,0.0,0.0,0.0,0.0,0.0,0.0,0.0,0.0,0.0,0.0,0.0,0.0,0.0,0.0,0.0,0.0,0.0,0.0,0.0,0.0,-2.004,0.0,-2.004,2.004,0.0,0.0,0.0,0.0,3392.0,0.0,0.0,0.0,0.0,-0.0,0.0,0.0,0.0,0.0,0.0,0,-0.0,-107614264.0,0.0,0.0,0.0,0.0,0.0,0.0,0.0,0,0,0,0.0,0.0,0.0,0.0,0.0,0.0,0.0,0.0,0.0,0.0,0.0,0.0,0.0,0.0,0.0,0.0,0,-107875648.0,0,0.0,0,-107875648.0,-107877712.0,0,39322,17039,0,17054,52429,17037,0,0,0,110,100,100,2.7302334150594743e+23,64.0,0.0,64.5,0.0,69.0,1,49,50,180,0,52429,0,0,0.0,0.0,0.0,0.0,-52802.508,65.0,0.0,-0.0,0.0,645,0,689,0,0,0,717,0,790,0,709,0,690,0,645,0,642,0,616,0.032,55574528.0,0.0,2.7302316136196234e+23,26256,16788,-27034884.0,-0.0,-0.0,3475.981,0.0,-0.0,29.0,60.0,70,0.0,0.0,0.0,0.0,0.0,0.0,0.0,0.0,0.0,0.0,0.0,0.0,0.0,0.0,0.0,0.0,59.6,69,11,65508,41,65476,0,300,0,0,8,20529,65476,0,0,61604,60.0,0.0,0.0,0.0,0.0,0.0
2026-04-04T11:19:25,ERR,ERR,ERR,ERR,ERR,ERR,ERR,ERR,ERR,ERR,ERR,ERR,ERR,ERR,ERR,ERR,ERR,ERR,ERR,ERR,ERR,ERR,ERR,ERR,ERR,ERR,ERR,ERR,ERR,ERR,ERR,ERR,ERR,ERR,ERR,ERR,ERR,ERR,ERR,ERR,ERR,ERR,ERR,ERR,ERR,ERR,ERR,ERR,ERR,ERR,ERR,ERR,ERR,ERR,ERR,ERR,ERR,ERR,ERR,ERR,ERR,ERR,ERR,ERR,ERR,ERR,ERR,ERR,ERR,ERR,ERR,ERR,ERR,ERR,ERR,ERR,ERR,ERR,ERR,ERR,ERR,ERR,ERR,ERR,ERR,ERR,ERR,ERR,ERR,ERR,ERR,ERR,ERR,ERR,ERR,ERR,ERR,ERR,ERR,ERR,ERR,ERR,ERR,ERR,ERR,ERR,ERR,ERR,ERR,ERR,ERR,ERR,ERR,ERR,ERR,ERR,ERR,ERR,ERR,ERR,ERR,ERR,ERR,ERR,ERR,0.0,0.0,-101055584.0,0.0,0.0,0.0,0.0,nan,0,0,0,32768,0,0.0,0,0.0,0.0,0.0,0.0,0.0,0,0,0,0,0.0,0,0,0,0,0,0,0,0,0,0,0,0,0,0,0,0,0,0,0,0,0,0,0,0,0,0,0,0,0,0,0,0,0,0,0,0,0,0,0,0,0,0,0,0,0.0,0.0,0.0,0.0,0.0,0.0,0.0,0.0,0.0,0.0,0.0,0.0,0.0,0.0,0.0,0.0,0.0,0.0,0.0,0.0,0.0,0.0,-2.004,0.0,-2.004,2.004,0.0,0.0,0.0,0.0,3392.0,0.0,0.0,0.0,0.0,-0.0,0.0,0.0,0.0,0.0,0.0,0,-0.0,-107614264.0,0.0,0.0,0.0,0.0,0.0,0.0,0.0,0,0,0,0.0,0.0,0.0,0.0,0.0,0.0,0.0,0.0,0.0,0.0,0.0,0.0,0.0,0.0,0.0,0.0,0,-107875648.0,0,0.0,0,-107875648.0,-107877712.0,0,39322,17039,0,17054,52429,17037,0,0,0,110,100,100,2.7302334150594743e+23,64.0,0.0,64.5,0.0,69.0,1,49,50,180,0,52429,0,0,0.0,0.0,0.0,0.0,-52802.508,65.0,0.0,-0.0,0.0,645,0,689,0,0,0,717,0,790,0,709,0,690,0,645,0,642,0,616,0.032,55574528.0,0.0,2.7302316136196234e+23,26256,16788,-27034884.0,-0.0,-0.0,3475.981,0.0,-0.0,29.0,60.0,70,0.0,0.0,0.0,0.0,0.0,0.0,0.0,0.0,0.0,0.0,0.0,0.0,0.0,0.0,0.0,0.0,59.6,69,11,65508,41,65476,0,300,0,0,8,20529,65476,0,0,61604,60.0,0.0,0.0,0.0,0.0,0.0
2026-04-04T11:19:26,ERR,ERR,ERR,ERR,ERR,ERR,ERR,ERR,ERR,ERR,ERR,ERR,ERR,ERR,ERR,ERR,ERR,ERR,ERR,ERR,ERR,ERR,ERR,ERR,ERR,ERR,ERR,ERR,ERR,ERR,ERR,ERR,ERR,ERR,ERR,ERR,ERR,ERR,ERR,ERR,ERR,ERR,ERR,ERR,ERR,ERR,ERR,ERR,ERR,ERR,ERR,ERR,ERR,ERR,ERR,ERR,ERR,ERR,ERR,ERR,ERR,ERR,ERR,ERR,ERR,ERR,ERR,ERR,ERR,ERR,ERR,ERR,ERR,ERR,ERR,ERR,ERR,ERR,ERR,ERR,ERR,ERR,ERR,ERR,ERR,ERR,ERR,ERR,ERR,ERR,ERR,ERR,ERR,ERR,ERR,ERR,ERR,ERR,ERR,ERR,ERR,ERR,ERR,ERR,ERR,ERR,ERR,ERR,ERR,ERR,ERR,ERR,ERR,ERR,ERR,ERR,ERR,ERR,ERR,ERR,ERR,ERR,ERR,ERR,ERR,0.0,0.0,-101055584.0,0.0,0.0,0.0,0.0,nan,0,0,0,32768,0,0.0,0,0.0,0.0,0.0,0.0,0.0,0,0,0,0,0.0,0,0,0,0,0,0,0,0,0,0,0,0,0,0,0,0,0,0,0,0,0,0,0,0,0,0,0,0,0,0,0,0,0,0,0,0,0,0,0,0,0,0,0,0,0.0,0.0,0.0,0.0,0.0,0.0,0.0,0.0,0.0,0.0,0.0,0.0,0.0,0.0,0.0,0.0,0.0,0.0,0.0,0.0,0.0,0.0,-2.004,0.0,-2.004,2.004,0.0,0.0,0.0,0.0,3392.0,0.0,0.0,0.0,0.0,-0.0,0.0,0.0,0.0,0.0,0.0,0,-0.0,-107614264.0,0.0,0.0,0.0,0.0,0.0,0.0,0.0,0,0,0,0.0,0.0,0.0,0.0,0.0,0.0,0.0,0.0,0.0,0.0,0.0,0.0,0.0,0.0,0.0,0.0,0,-107875648.0,0,0.0,0,-107875648.0,-107877712.0,0,39322,17039,0,17054,52429,17037,0,0,0,110,100,100,2.7302334150594743e+23,64.0,0.0,64.5,0.0,69.0,1,49,50,180,0,52429,0,0,0.0,0.0,0.0,0.0,-52802.508,65.0,0.0,-0.0,0.0,645,0,689,0,0,0,717,0,790,0,709,0,690,0,645,0,642,0,616,0.032,55574528.0,0.0,2.7302316136196234e+23,26256,16788,-27034884.0,-0.0,-0.0,3475.981,0.0,-0.0,29.0,60.0,70,0.0,0.0,0.0,0.0,0.0,0.0,0.0,0.0,0.0,0.0,0.0,0.0,0.0,0.0,0.0,0.0,59.2,69,11,65508,41,65476,0,300,0,0,8,20529,65476,0,0,61604,60.0,0.0,0.0,0.0,0.0,0.0
2026-04-04T11:19:27,ERR,ERR,ERR,ERR,ERR,ERR,ERR,ERR,ERR,ERR,ERR,ERR,ERR,ERR,ERR,ERR,ERR,ERR,ERR,ERR,ERR,ERR,ERR,ERR,ERR,ERR,ERR,ERR,ERR,ERR,ERR,ERR,ERR,ERR,ERR,ERR,ERR,ERR,ERR,ERR,ERR,ERR,ERR,ERR,ERR,ERR,ERR,ERR,ERR,ERR,ERR,ERR,ERR,ERR,ERR,ERR,ERR,ERR,ERR,ERR,ERR,ERR,ERR,ERR,ERR,ERR,ERR,ERR,ERR,ERR,ERR,ERR,ERR,ERR,ERR,ERR,ERR,ERR,ERR,ERR,ERR,ERR,ERR,ERR,ERR,ERR,ERR,ERR,ERR,ERR,ERR,ERR,ERR,ERR,ERR,ERR,ERR,ERR,ERR,ERR,ERR,ERR,ERR,ERR,ERR,ERR,ERR,ERR,ERR,ERR,ERR,ERR,ERR,ERR,ERR,ERR,ERR,ERR,ERR,ERR,ERR,ERR,ERR,ERR,ERR,0.0,0.0,-101055584.0,0.0,0.0,0.0,0.0,nan,0,0,0,32768,0,0.0,0,0.0,0.0,0.0,0.0,0.0,0,0,0,0,0.0,0,0,0,0,0,0,0,0,0,0,0,0,0,0,0,0,0,0,0,0,0,0,0,0,0,0,0,0,0,0,0,0,0,0,0,0,0,0,0,0,0,0,0,0,0.0,0.0,0.0,0.0,0.0,0.0,0.0,0.0,0.0,0.0,0.0,0.0,0.0,0.0,0.0,0.0,0.0,0.0,0.0,0.0,0.0,0.0,-2.004,0.0,-2.004,2.004,0.0,0.0,0.0,0.0,3392.0,0.0,0.0,0.0,0.0,-0.0,0.0,0.0,0.0,0.0,0.0,0,-0.0,-107614264.0,0.0,0.0,0.0,0.0,0.0,0.0,0.0,0,0,0,0.0,0.0,0.0,0.0,0.0,0.0,0.0,0.0,0.0,0.0,0.0,0.0,0.0,0.0,0.0,0.0,0,-107875648.0,0,0.0,0,-107875648.0,-107877712.0,0,39322,17039,0,17054,52429,17037,0,0,0,110,100,100,2.7302334150594743e+23,64.0,0.0,64.5,-107615304.0,68.5,1,49,50,180,0,52429,0,0,0.0,0.0,0.0,0.0,-165635194880.0,65.0,0.0,-2124480128.0,0.0,645,0,689,0,0,0,718,0,790,0,709,0,690,0,645,0,642,0,616,0.032,51118080.0,0.0,2.7302316136196234e+23,29328,16788,-1017091339583488.0,-2124480128.0,-1.9981801411018338e+23,-0.0,0.0,-1.2844412372307149e+19,29.0,60.0,70,0.0,0.0,0.0,0.0,0.0,0.0,0.0,0.0,0.0,0.0,0.0,0.0,0.0,0.0,0.0,0.0,59.2,69,11,65508,41,65476,0,300,0,0,8,20529,65476,0,0,61604,60.0,0.0,0.0,0.0,0.0,0.0
2026-04-04T11:19:28,ERR,ERR,ERR,ERR,ERR,ERR,ERR,ERR,ERR,ERR,ERR,ERR,ERR,ERR,ERR,ERR,ERR,ERR,ERR,ERR,ERR,ERR,ERR,ERR,ERR,ERR,ERR,ERR,ERR,ERR,ERR,ERR,ERR,ERR,ERR,ERR,ERR,ERR,ERR,ERR,ERR,ERR,ERR,ERR,ERR,ERR,ERR,ERR,ERR,ERR,ERR,ERR,ERR,ERR,ERR,ERR,ERR,ERR,ERR,ERR,ERR,ERR,ERR,ERR,ERR,ERR,ERR,ERR,ERR,ERR,ERR,ERR,ERR,ERR,ERR,ERR,ERR,ERR,ERR,ERR,ERR,ERR,ERR,ERR,ERR,ERR,ERR,ERR,ERR,ERR,ERR,ERR,ERR,ERR,ERR,ERR,ERR,ERR,ERR,ERR,ERR,ERR,ERR,ERR,ERR,ERR,ERR,ERR,ERR,ERR,ERR,ERR,ERR,ERR,ERR,ERR,ERR,ERR,ERR,ERR,ERR,ERR,ERR,ERR,ERR,0.0,0.0,-101055584.0,0.0,0.0,0.0,0.0,nan,0,0,0,32768,0,0.0,0,0.0,0.0,0.0,0.0,0.0,0,0,0,0,0.0,0,0,0,0,0,0,0,0,0,0,0,0,0,0,0,0,0,0,0,0,0,0,0,0,0,0,0,0,0,0,0,0,0,0,0,0,0,0,0,0,0,0,0,0,0.0,0.0,0.0,0.0,0.0,0.0,0.0,0.0,0.0,0.0,0.0,0.0,0.0,0.0,0.0,0.0,0.0,0.0,0.0,0.0,0.0,0.0,-2.004,0.0,-2.004,2.004,0.0,0.0,0.0,0.0,3392.0,0.0,0.0,0.0,0.0,-0.0,0.0,0.0,0.0,0.0,0.0,0,-0.0,-107614264.0,0.0,0.0,0.0,0.0,0.0,0.0,0.0,0,0,0,0.0,0.0,0.0,0.0,0.0,0.0,0.0,0.0,0.0,0.0,0.0,0.0,0.0,0.0,0.0,0.0,0,-107875648.0,0,0.0,0,-107875648.0,-107877712.0,0,39322,17039,0,17054,52429,17037,0,0,0,110,100,100,2.7302334150594743e+23,64.0,0.0,64.5,-107615304.0,68.5,1,49,50,180,0,52429,0,0,0.0,0.0,0.0,0.0,-165635194880.0,65.0,0.0,-2124480128.0,0.0,645,0,689,0,0,0,718,0,790,0,709,0,690,0,645,0,642,0,616,0.032,51118080.0,0.0,2.7302316136196234e+23,29328,16788,-1017091339583488.0,-2124480128.0,-1.9981801411018338e+23,-0.0,0.0,-1.2844412372307149e+19,29.0,60.0,70,0.0,0.0,0.0,0.0,0.0,0.0,0.0,0.0,0.0,0.0,0.0,0.0,0.0,0.0,0.0,0.0,59.6,69,11,65508,41,65476,0,300,0,0,8,20529,65476,0,0,61604,60.0,0.0,0.0,0.0,0.0,0.0
2026-04-04T11:19:29,ERR,ERR,ERR,ERR,ERR,ERR,ERR,ERR,ERR,ERR,ERR,ERR,ERR,ERR,ERR,ERR,ERR,ERR,ERR,ERR,ERR,ERR,ERR,ERR,ERR,ERR,ERR,ERR,ERR,ERR,ERR,ERR,ERR,ERR,ERR,ERR,ERR,ERR,ERR,ERR,ERR,ERR,ERR,ERR,ERR,ERR,ERR,ERR,ERR,ERR,ERR,ERR,ERR,ERR,ERR,ERR,ERR,ERR,ERR,ERR,ERR,ERR,ERR,ERR,ERR,ERR,ERR,ERR,ERR,ERR,ERR,ERR,ERR,ERR,ERR,ERR,ERR,ERR,ERR,ERR,ERR,ERR,ERR,ERR,ERR,ERR,ERR,ERR,ERR,ERR,ERR,ERR,ERR,ERR,ERR,ERR,ERR,ERR,ERR,ERR,ERR,ERR,ERR,ERR,ERR,ERR,ERR,ERR,ERR,ERR,ERR,ERR,ERR,ERR,ERR,ERR,ERR,ERR,ERR,ERR,ERR,ERR,ERR,ERR,ERR,0.0,0.0,-101055584.0,0.0,0.0,0.0,0.0,nan,0,0,0,32768,0,0.0,0,0.0,0.0,0.0,0.0,0.0,0,0,0,0,0.0,0,0,0,0,0,0,0,0,0,0,0,0,0,0,0,0,0,0,0,0,0,0,0,0,0,0,0,0,0,0,0,0,0,0,0,0,0,0,0,0,0,0,0,0,0.0,0.0,0.0,0.0,0.0,0.0,0.0,0.0,0.0,0.0,0.0,0.0,0.0,0.0,0.0,0.0,0.0,0.0,0.0,0.0,0.0,0.0,-2.004,0.0,-2.004,2.004,0.0,0.0,0.0,0.0,3392.0,0.0,0.0,0.0,0.0,-0.0,0.0,0.0,0.0,0.0,0.0,0,-0.0,-107614264.0,0.0,0.0,0.0,0.0,0.0,0.0,0.0,0,0,0,0.0,0.0,0.0,0.0,0.0,0.0,0.0,0.0,0.0,0.0,0.0,0.0,0.0,0.0,0.0,0.0,0,-107875648.0,0,0.0,0,-107875648.0,-107877712.0,0,39322,17039,0,17054,52429,17037,0,0,0,110,100,100,2.7302334150594743e+23,64.0,0.0,64.5,-107615304.0,68.5,1,49,50,180,0,52429,0,0,0.0,0.0,0.0,0.0,-165635194880.0,65.0,0.0,-2124480128.0,0.0,645,0,689,0,0,0,718,0,790,0,709,0,690,0,645,0,642,0,616,0.032,51118080.0,0.0,2.7302316136196234e+23,29328,16788,-1017091339583488.0,-2124480128.0,-1.9981801411018338e+23,-0.0,0.0,-1.2844412372307149e+19,29.0,60.0,70,0.0,0.0,0.0,0.0,0.0,0.0,0.0,0.0,0.0,0.0,0.0,0.0,0.0,0.0,0.0,0.0,59.6,69,11,65508,41,65476,0,300,0,0,8,20529,65476,0,0,61604,60.0,0.0,0.0,0.0,0.0,0.0
2026-04-04T11:19:30,ERR,ERR,ERR,ERR,ERR,ERR,ERR,ERR,ERR,ERR,ERR,ERR,ERR,ERR,ERR,ERR,ERR,ERR,ERR,ERR,ERR,ERR,ERR,ERR,ERR,ERR,ERR,ERR,ERR,ERR,ERR,ERR,ERR,ERR,ERR,ERR,ERR,ERR,ERR,ERR,ERR,ERR,ERR,ERR,ERR,ERR,ERR,ERR,ERR,ERR,ERR,ERR,ERR,ERR,ERR,ERR,ERR,ERR,ERR,ERR,ERR,ERR,ERR,ERR,ERR,ERR,ERR,ERR,ERR,ERR,ERR,ERR,ERR,ERR,ERR,ERR,ERR,ERR,ERR,ERR,ERR,ERR,ERR,ERR,ERR,ERR,ERR,ERR,ERR,ERR,ERR,ERR,ERR,ERR,ERR,ERR,ERR,ERR,ERR,ERR,ERR,ERR,ERR,ERR,ERR,ERR,ERR,ERR,ERR,ERR,ERR,ERR,ERR,ERR,ERR,ERR,ERR,ERR,ERR,ERR,ERR,ERR,ERR,ERR,ERR,0.0,0.0,-101055584.0,0.0,0.0,0.0,0.0,nan,0,0,0,32768,0,0.0,0,0.0,0.0,0.0,0.0,0.0,0,0,0,0,0.0,0,0,0,0,0,0,0,0,0,0,0,0,0,0,0,0,0,0,0,0,0,0,0,0,0,0,0,0,0,0,0,0,0,0,0,0,0,0,0,0,0,0,0,0,0.0,0.0,0.0,0.0,0.0,0.0,0.0,0.0,0.0,0.0,0.0,0.0,0.0,0.0,0.0,0.0,0.0,0.0,0.0,0.0,0.0,0.0,-2.004,0.0,-2.004,2.004,0.0,0.0,0.0,0.0,3393.5,3.697154467689818e+19,0.0,0.0,0.0,-0.0,0.0,0.0,0.0,0.0,0.0,0,-0.0,-3.221978786476472e+26,0.0,0.0,0.0,0.0,0.0,0.0,0.0,0,0,0,0.0,0.0,0.0,0.0,0.0,0.0,0.0,0.0,0.0,0.0,0.0,0.0,0.0,0.0,0.0,0.0,0,-107875648.0,0,0.0,0,-107875648.0,-107877712.0,0,39322,17039,0,17054,52429,17037,0,0,0,110,100,100,2.7302334150594743e+23,64.0,0.0,64.5,-107615304.0,68.5,1,49,50,180,0,52429,0,0,0.0,0.0,0.0,0.0,-165635194880.0,65.0,0.0,-2124480128.0,0.0,645,0,689,0,0,0,718,0,790,0,709,0,690,0,645,0,642,0,616,0.032,51118080.0,0.0,2.7302316136196234e+23,29328,16788,-1017091339583488.0,-2124480128.0,-1.9981801411018338e+23,-0.0,0.0,-1.2844412372307149e+19,29.0,60.0,70,0.0,0.0,0.0,0.0,0.0,0.0,0.0,0.0,0.0,0.0,0.0,0.0,0.0,0.0,0.0,0.0,59.6,69,11,65508,41,65476,0,300,0,0,8,20529,65476,0,0,61604,60.0,0.0,0.0,0.0,0.0,0.0
2026-04-04T11:19:31,ERR,ERR,ERR,ERR,ERR,ERR,ERR,ERR,ERR,ERR,ERR,ERR,ERR,ERR,ERR,ERR,ERR,ERR,ERR,ERR,ERR,ERR,ERR,ERR,ERR,ERR,ERR,ERR,ERR,ERR,ERR,ERR,ERR,ERR,ERR,ERR,ERR,ERR,ERR,ERR,ERR,ERR,ERR,ERR,ERR,ERR,ERR,ERR,ERR,ERR,ERR,ERR,ERR,ERR,ERR,ERR,ERR,ERR,ERR,ERR,ERR,ERR,ERR,ERR,ERR,ERR,ERR,ERR,ERR,ERR,ERR,ERR,ERR,ERR,ERR,ERR,ERR,ERR,ERR,ERR,ERR,ERR,ERR,ERR,ERR,ERR,ERR,ERR,ERR,ERR,ERR,ERR,ERR,ERR,ERR,ERR,ERR,ERR,ERR,ERR,ERR,ERR,ERR,ERR,ERR,ERR,ERR,ERR,ERR,ERR,ERR,ERR,ERR,ERR,ERR,ERR,ERR,ERR,ERR,ERR,ERR,ERR,ERR,ERR,ERR,0.0,0.0,-101055584.0,0.0,0.0,0.0,0.0,nan,0,0,0,32768,0,0.0,0,0.0,0.0,0.0,0.0,0.0,0,0,0,0,0.0,0,0,0,0,0,0,0,0,0,0,0,0,0,0,0,0,0,0,0,0,0,0,0,0,0,0,0,0,0,0,0,0,0,0,0,0,0,0,0,0,0,0,0,0,0.0,0.0,0.0,0.0,0.0,0.0,0.0,0.0,0.0,0.0,0.0,0.0,0.0,0.0,0.0,0.0,0.0,0.0,0.0,0.0,0.0,0.0,-2.004,0.0,-2.004,2.004,0.0,0.0,0.0,0.0,3393.5,3.697154467689818e+19,0.0,0.0,0.0,-0.0,0.0,0.0,0.0,0.0,0.0,0,-0.0,-3.221978786476472e+26,0.0,0.0,0.0,0.0,0.0,0.0,0.0,0,0,0,0.0,0.0,0.0,0.0,0.0,0.0,0.0,0.0,0.0,0.0,0.0,0.0,0.0,0.0,0.0,0.0,0,-107875648.0,0,0.0,0,-107875648.0,-107877712.0,0,39322,17039,0,17054,52429,17037,0,0,0,110,100,100,2.7302334150594743e+23,64.0,0.0,64.5,-107615304.0,68.5,1,49,50,180,0,52429,0,0,0.0,0.0,0.0,0.0,-165635194880.0,65.0,0.0,-2124480128.0,0.0,645,0,689,0,0,0,718,0,790,0,709,0,690,0,645,0,642,0,616,0.032,51118080.0,0.0,2.7302316136196234e+23,29328,16788,-1017091339583488.0,-2124480128.0,-1.9981801411018338e+23,-0.0,0.0,-1.2844412372307149e+19,29.0,60.0,70,0.0,0.0,0.0,0.0,0.0,0.0,0.0,0.0,0.0,0.0,0.0,0.0,0.0,0.0,0.0,0.0,59.2,69,11,65508,41,65476,0,300,0,0,8,20529,65476,0,0,61604,60.0,0.0,0.0,0.0,0.0,0.0
2026-04-04T11:19:32,ERR,ERR,ERR,ERR,ERR,ERR,ERR,ERR,ERR,ERR,ERR,ERR,ERR,ERR,ERR,ERR,ERR,ERR,ERR,ERR,ERR,ERR,ERR,ERR,ERR,ERR,ERR,ERR,ERR,ERR,ERR,ERR,ERR,ERR,ERR,ERR,ERR,ERR,ERR,ERR,ERR,ERR,ERR,ERR,ERR,ERR,ERR,ERR,ERR,ERR,ERR,ERR,ERR,ERR,ERR,ERR,ERR,ERR,ERR,ERR,ERR,ERR,ERR,ERR,ERR,ERR,ERR,ERR,ERR,ERR,ERR,ERR,ERR,ERR,ERR,ERR,ERR,ERR,ERR,ERR,ERR,ERR,ERR,ERR,ERR,ERR,ERR,ERR,ERR,ERR,ERR,ERR,ERR,ERR,ERR,ERR,ERR,ERR,ERR,ERR,ERR,ERR,ERR,ERR,ERR,ERR,ERR,ERR,ERR,ERR,ERR,ERR,ERR,ERR,ERR,ERR,ERR,ERR,ERR,ERR,ERR,ERR,ERR,ERR,ERR,0.0,0.0,-101055584.0,0.0,0.0,0.0,0.0,nan,0,0,0,32768,0,0.0,0,0.0,0.0,0.0,0.0,0.0,0,0,0,0,0.0,0,0,0,0,0,0,0,0,0,0,0,0,0,0,0,0,0,0,0,0,0,0,0,0,0,0,0,0,0,0,0,0,0,0,0,0,0,0,0,0,0,0,0,0,0.0,0.0,0.0,0.0,0.0,0.0,0.0,0.0,0.0,0.0,0.0,0.0,0.0,0.0,0.0,0.0,0.0,0.0,0.0,0.0,0.0,0.0,-2.004,0.0,-2.004,2.004,0.0,0.0,0.0,0.0,3393.5,3.697154467689818e+19,0.0,0.0,0.0,-0.0,0.0,0.0,0.0,0.0,0.0,0,-0.0,-3.221978786476472e+26,0.0,0.0,0.0,0.0,0.0,0.0,0.0,0,0,0,0.0,0.0,0.0,0.0,0.0,0.0,0.0,0.0,0.0,0.0,0.0,0.0,0.0,0.0,0.0,0.0,0,-107875648.0,0,0.0,0,-107875648.0,-107877712.0,0,39322,17039,0,17054,52429,17037,0,0,0,110,100,100,2.7302334150594743e+23,64.0,0.0,64.5,0.0,69.0,1,49,50,180,0,52429,0,0,0.0,0.0,0.0,0.0,-3749674745856.0,65.0,0.0,0.0,0.0,645,0,689,0,0,0,718,0,790,0,709,0,690,0,645,0,642,0,615,0.032,55574528.0,0.0,2.7302316136196234e+23,13456,16788,-4.446,2.0824688026809747e+26,0.0,-1.142857298217198e+31,4083842.5,-2.2749014045096073e+35,29.0,60.0,70,0.0,0.0,0.0,0.0,0.0,0.0,0.0,0.0,0.0,0.0,0.0,0.0,0.0,0.0,0.0,0.0,59.2,69,11,65508,41,65476,0,300,0,0,8,20529,65476,0,0,61604,60.0,0.0,0.0,0.0,0.0,0.0
2026-04-04T11:19:33,ERR,ERR,ERR,ERR,ERR,ERR,ERR,ERR,ERR,ERR,ERR,ERR,ERR,ERR,ERR,ERR,ERR,ERR,ERR,ERR,ERR,ERR,ERR,ERR,ERR,ERR,ERR,ERR,ERR,ERR,ERR,ERR,ERR,ERR,ERR,ERR,ERR,ERR,ERR,ERR,ERR,ERR,ERR,ERR,ERR,ERR,ERR,ERR,ERR,ERR,ERR,ERR,ERR,ERR,ERR,ERR,ERR,ERR,ERR,ERR,ERR,ERR,ERR,ERR,ERR,ERR,ERR,ERR,ERR,ERR,ERR,ERR,ERR,ERR,ERR,ERR,ERR,ERR,ERR,ERR,ERR,ERR,ERR,ERR,ERR,ERR,ERR,ERR,ERR,ERR,ERR,ERR,ERR,ERR,ERR,ERR,ERR,ERR,ERR,ERR,ERR,ERR,ERR,ERR,ERR,ERR,ERR,ERR,ERR,ERR,ERR,ERR,ERR,ERR,ERR,ERR,ERR,ERR,ERR,ERR,ERR,ERR,ERR,ERR,ERR,0.0,0.0,-101055584.0,0.0,0.0,0.0,0.0,nan,0,0,0,32768,0,0.0,0,0.0,0.0,0.0,0.0,0.0,0,0,0,0,0.0,0,0,0,0,0,0,0,0,0,0,0,0,0,0,0,0,0,0,0,0,0,0,0,0,0,0,0,0,0,0,0,0,0,0,0,0,0,0,0,0,0,0,0,0,0.0,0.0,0.0,0.0,0.0,0.0,0.0,0.0,0.0,0.0,0.0,0.0,0.0,0.0,0.0,0.0,0.0,0.0,0.0,0.0,0.0,0.0,-2.004,0.0,-2.004,2.004,0.0,0.0,0.0,0.0,3393.5,3.697154467689818e+19,0.0,0.0,0.0,-0.0,0.0,0.0,0.0,0.0,0.0,0,-0.0,-3.221978786476472e+26,0.0,0.0,0.0,0.0,0.0,0.0,0.0,0,0,0,0.0,0.0,0.0,0.0,0.0,0.0,0.0,0.0,0.0,0.0,0.0,0.0,0.0,0.0,0.0,0.0,0,-107875648.0,0,0.0,0,-107875648.0,-107877712.0,0,39322,17039,0,17054,52429,17037,0,0,0,110,100,100,2.7302334150594743e+23,64.0,0.0,64.5,0.0,69.0,1,49,50,180,0,52429,0,0,0.0,0.0,0.0,0.0,-3749674745856.0,65.0,0.0,0.0,0.0,645,0,689,0,0,0,718,0,790,0,709,0,690,0,645,0,642,0,615,0.032,55574528.0,0.0,2.7302316136196234e+23,13456,16788,-4.446,2.0824688026809747e+26,0.0,-1.142857298217198e+31,4083842.5,-2.2749014045096073e+35,29.0,60.0,70,0.0,0.0,0.0,0.0,0.0,0.0,0.0,0.0,0.0,0.0,0.0,0.0,0.0,0.0,0.0,0.0,59.2,69,11,65508,41,65476,0,300,0,0,8,20529,65476,0,0,61604,60.0,0.0,0.0,0.0,0.0,0.0
2026-04-04T11:19:34,ERR,ERR,ERR,ERR,ERR,ERR,ERR,ERR,ERR,ERR,ERR,ERR,ERR,ERR,ERR,ERR,ERR,ERR,ERR,ERR,ERR,ERR,ERR,ERR,ERR,ERR,ERR,ERR,ERR,ERR,ERR,ERR,ERR,ERR,ERR,ERR,ERR,ERR,ERR,ERR,ERR,ERR,ERR,ERR,ERR,ERR,ERR,ERR,ERR,ERR,ERR,ERR,ERR,ERR,ERR,ERR,ERR,ERR,ERR,ERR,ERR,ERR,ERR,ERR,ERR,ERR,ERR,ERR,ERR,ERR,ERR,ERR,ERR,ERR,ERR,ERR,ERR,ERR,ERR,ERR,ERR,ERR,ERR,ERR,ERR,ERR,ERR,ERR,ERR,ERR,ERR,ERR,ERR,ERR,ERR,ERR,ERR,ERR,ERR,ERR,ERR,ERR,ERR,ERR,ERR,ERR,ERR,ERR,ERR,ERR,ERR,ERR,ERR,ERR,ERR,ERR,ERR,ERR,ERR,ERR,ERR,ERR,ERR,ERR,ERR,0.0,0.0,-101055584.0,0.0,0.0,0.0,0.0,nan,0,0,0,32768,0,0.0,0,0.0,0.0,0.0,0.0,0.0,0,0,0,0,0.0,0,0,0,0,0,0,0,0,0,0,0,0,0,0,0,0,0,0,0,0,0,0,0,0,0,0,0,0,0,0,0,0,0,0,0,0,0,0,0,0,0,0,0,0,0.0,0.0,0.0,0.0,0.0,0.0,0.0,0.0,0.0,0.0,0.0,0.0,0.0,0.0,0.0,0.0,0.0,0.0,0.0,0.0,0.0,0.0,-2.004,0.0,-2.004,2.004,0.0,0.0,0.0,0.0,3393.5,3.697154467689818e+19,0.0,0.0,0.0,-0.0,0.0,0.0,0.0,0.0,0.0,0,-0.0,-3.221978786476472e+26,0.0,0.0,0.0,0.0,0.0,0.0,0.0,0,0,0,0.0,0.0,0.0,0.0,0.0,0.0,0.0,0.0,0.0,0.0,0.0,0.0,0.0,0.0,0.0,0.0,0,-107875648.0,0,0.0,0,-107875648.0,-107877712.0,0,39322,17039,0,17054,52429,17037,0,0,0,110,100,100,2.7302334150594743e+23,64.0,0.0,64.5,0.0,69.0,1,49,50,180,0,52429,0,0,0.0,0.0,0.0,0.0,-3749674745856.0,65.0,0.0,0.0,0.0,645,0,689,0,0,0,718,0,790,0,709,0,690,0,645,0,642,0,615,0.032,55574528.0,0.0,2.7302316136196234e+23,13456,16788,-4.446,2.0824688026809747e+26,0.0,-1.142857298217198e+31,4083842.5,-2.2749014045096073e+35,29.0,60.0,70,0.0,0.0,0.0,0.0,0.0,0.0,0.0,0.0,0.0,0.0,0.0,0.0,0.0,0.0,0.0,0.0,59.6,69,11,65508,41,65476,0,300,0,0,8,20529,65476,0,0,61604,60.0,0.0,0.0,0.0,0.0,0.0
2026-04-04T11:19:35,ERR,ERR,ERR,ERR,ERR,ERR,ERR,ERR,ERR,ERR,ERR,ERR,ERR,ERR,ERR,ERR,ERR,ERR,ERR,ERR,ERR,ERR,ERR,ERR,ERR,ERR,ERR,ERR,ERR,ERR,ERR,ERR,ERR,ERR,ERR,ERR,ERR,ERR,ERR,ERR,ERR,ERR,ERR,ERR,ERR,ERR,ERR,ERR,ERR,ERR,ERR,ERR,ERR,ERR,ERR,ERR,ERR,ERR,ERR,ERR,ERR,ERR,ERR,ERR,ERR,ERR,ERR,ERR,ERR,ERR,ERR,ERR,ERR,ERR,ERR,ERR,ERR,ERR,ERR,ERR,ERR,ERR,ERR,ERR,ERR,ERR,ERR,ERR,ERR,ERR,ERR,ERR,ERR,ERR,ERR,ERR,ERR,ERR,ERR,ERR,ERR,ERR,ERR,ERR,ERR,ERR,ERR,ERR,ERR,ERR,ERR,ERR,ERR,ERR,ERR,ERR,ERR,ERR,ERR,ERR,ERR,ERR,ERR,ERR,ERR,0.0,0.0,-101055584.0,0.0,0.0,0.0,0.0,nan,0,0,0,32768,0,0.0,0,0.0,0.0,0.0,0.0,0.0,0,0,0,0,0.0,0,0,0,0,0,0,0,0,0,0,0,0,0,0,0,0,0,0,0,0,0,0,0,0,0,0,0,0,0,0,0,0,0,0,0,0,0,0,0,0,0,0,0,0,0.0,0.0,0.0,0.0,0.0,0.0,0.0,0.0,0.0,0.0,0.0,0.0,0.0,0.0,0.0,0.0,0.0,0.0,0.0,0.0,0.0,0.0,-2.004,0.0,-2.004,2.004,0.0,0.0,0.0,0.0,3393.5,3.697154467689818e+19,0.0,0.0,0.0,-0.0,0.0,0.0,0.0,0.0,0.0,0,-0.0,-3.221978786476472e+26,0.0,0.0,0.0,0.0,0.0,0.0,0.0,0,0,0,0.0,0.0,0.0,0.0,0.0,0.0,0.0,0.0,0.0,0.0,0.0,0.0,0.0,0.0,0.0,0.0,0,-107875648.0,0,0.0,0,-107875648.0,-107877712.0,0,39322,17039,0,17054,52429,17037,0,0,0,110,100,100,2.7302334150594743e+23,64.0,0.0,64.5,0.0,69.0,1,49,50,180,0,52429,0,0,0.0,0.0,0.0,0.0,-3749674745856.0,65.0,0.0,0.0,0.0,645,0,689,0,0,0,718,0,790,0,709,0,690,0,645,0,642,0,615,0.032,55574528.0,0.0,2.7302316136196234e+23,13456,16788,-4.446,2.0824688026809747e+26,0.0,-1.142857298217198e+31,4083842.5,-2.2749014045096073e+35,29.0,60.0,70,0.0,0.0,0.0,0.0,0.0,0.0,0.0,0.0,0.0,0.0,0.0,0.0,0.0,0.0,0.0,0.0,59.6,69,11,65508,41,65476,0,300,0,0,8,20529,65476,0,0,61604,60.0,0.0,0.0,0.0,0.0,0.0
2026-04-04T11:19:36,ERR,ERR,ERR,ERR,ERR,ERR,ERR,ERR,ERR,ERR,ERR,ERR,ERR,ERR,ERR,ERR,ERR,ERR,ERR,ERR,ERR,ERR,ERR,ERR,ERR,ERR,ERR,ERR,ERR,ERR,ERR,ERR,ERR,ERR,ERR,ERR,ERR,ERR,ERR,ERR,ERR,ERR,ERR,ERR,ERR,ERR,ERR,ERR,ERR,ERR,ERR,ERR,ERR,ERR,ERR,ERR,ERR,ERR,ERR,ERR,ERR,ERR,ERR,ERR,ERR,ERR,ERR,ERR,ERR,ERR,ERR,ERR,ERR,ERR,ERR,ERR,ERR,ERR,ERR,ERR,ERR,ERR,ERR,ERR,ERR,ERR,ERR,ERR,ERR,ERR,ERR,ERR,ERR,ERR,ERR,ERR,ERR,ERR,ERR,ERR,ERR,ERR,ERR,ERR,ERR,ERR,ERR,ERR,ERR,ERR,ERR,ERR,ERR,ERR,ERR,ERR,ERR,ERR,ERR,ERR,ERR,ERR,ERR,ERR,ERR,0.0,0.0,-101055584.0,0.0,0.0,0.0,0.0,nan,0,0,0,32768,0,0.0,0,0.0,0.0,0.0,0.0,0.0,0,0,0,0,0.0,0,0,0,0,0,0,0,0,0,0,0,0,0,0,0,0,0,0,0,0,0,0,0,0,0,0,0,0,0,0,0,0,0,0,0,0,0,0,0,0,0,0,0,0,0.0,0.0,0.0,0.0,0.0,0.0,0.0,0.0,0.0,0.0,0.0,0.0,0.0,0.0,0.0,0.0,0.0,0.0,0.0,0.0,0.0,0.0,-2.004,0.0,-2.004,2.004,0.0,0.0,0.0,0.0,3393.5,3.697154467689818e+19,0.0,0.0,0.0,-0.0,0.0,0.0,0.0,0.0,0.0,0,-0.0,-3.221978786476472e+26,0.0,0.0,0.0,0.0,0.0,0.0,0.0,0,0,0,0.0,0.0,0.0,0.0,0.0,0.0,0.0,0.0,0.0,0.0,0.0,0.0,0.0,0.0,0.0,0.0,0,-107875648.0,0,0.0,0,-107875648.0,-107877712.0,0,39322,17039,0,17054,52429,17037,0,0,0,110,100,100,2.7302334150594743e+23,64.0,0.0,64.5,0.0,69.0,1,49,50,180,0,52429,0,0,0.0,0.0,0.0,0.0,-3749674745856.0,65.0,0.0,0.0,0.0,645,0,689,0,0,0,718,0,790,0,709,0,690,0,645,0,642,0,615,0.032,55574528.0,0.0,2.7302316136196234e+23,13456,16788,-4.446,2.0824688026809747e+26,0.0,-1.142857298217198e+31,4083842.5,-2.2749014045096073e+35,29.0,60.0,70,0.0,0.0,0.0,0.0,0.0,0.0,0.0,0.0,0.0,0.0,0.0,0.0,0.0,0.0,0.0,0.0,59.2,69,11,65508,41,65476,0,300,0,0,8,20529,65476,0,0,61604,60.0,0.0,0.0,0.0,0.0,0.0
2026-04-04T11:19:37,ERR,ERR,ERR,ERR,ERR,ERR,ERR,ERR,ERR,ERR,ERR,ERR,ERR,ERR,ERR,ERR,ERR,ERR,ERR,ERR,ERR,ERR,ERR,ERR,ERR,ERR,ERR,ERR,ERR,ERR,ERR,ERR,ERR,ERR,ERR,ERR,ERR,ERR,ERR,ERR,ERR,ERR,ERR,ERR,ERR,ERR,ERR,ERR,ERR,ERR,ERR,ERR,ERR,ERR,ERR,ERR,ERR,ERR,ERR,ERR,ERR,ERR,ERR,ERR,ERR,ERR,ERR,ERR,ERR,ERR,ERR,ERR,ERR,ERR,ERR,ERR,ERR,ERR,ERR,ERR,ERR,ERR,ERR,ERR,ERR,ERR,ERR,ERR,ERR,ERR,ERR,ERR,ERR,ERR,ERR,ERR,ERR,ERR,ERR,ERR,ERR,ERR,ERR,ERR,ERR,ERR,ERR,ERR,ERR,ERR,ERR,ERR,ERR,ERR,ERR,ERR,ERR,ERR,ERR,ERR,ERR,ERR,ERR,ERR,ERR,0.0,0.0,-101055584.0,0.0,0.0,0.0,0.0,nan,0,0,0,32768,0,0.0,0,0.0,0.0,0.0,0.0,0.0,0,0,0,0,0.0,0,0,0,0,0,0,0,0,0,0,0,0,0,0,0,0,0,0,0,0,0,0,0,0,0,0,0,0,0,0,0,0,0,0,0,0,0,0,0,0,0,0,0,0,0.0,0.0,0.0,0.0,0.0,0.0,0.0,0.0,0.0,0.0,0.0,0.0,0.0,0.0,0.0,0.0,0.0,0.0,0.0,0.0,0.0,0.0,-2.004,0.0,-2.004,2.004,0.0,0.0,0.0,0.0,3393.5,3.697154467689818e+19,0.0,0.0,0.0,-0.0,0.0,0.0,0.0,0.0,0.0,0,-0.0,-3.221978786476472e+26,0.0,0.0,0.0,0.0,0.0,0.0,0.0,0,0,0,0.0,0.0,0.0,0.0,0.0,0.0,0.0,0.0,0.0,0.0,0.0,0.0,0.0,0.0,0.0,0.0,0,-107875648.0,0,0.0,0,-107875648.0,-107877712.0,0,39322,17039,0,17054,52429,17037,0,0,0,110,100,100,2.7302334150594743e+23,64.0,0.0,64.5,0.0,69.0,1,49,50,180,0,52429,0,0,0.0,0.0,0.0,0.0,-3749674745856.0,65.0,0.0,0.0,0.0,645,0,689,0,0,0,718,0,790,0,709,0,690,0,645,0,642,0,615,0.032,55574528.0,0.0,2.7302316136196234e+23,13456,16788,-4.446,2.0824688026809747e+26,0.0,-1.142857298217198e+31,4083842.5,-2.2749014045096073e+35,29.0,60.0,70,0.0,0.0,0.0,0.0,0.0,0.0,0.0,0.0,0.0,0.0,0.0,0.0,0.0,0.0,0.0,0.0,59.2,69,11,65508,41,65476,0,300,0,0,8,20529,65476,0,0,61604,60.0,0.0,0.0,0.0,0.0,0.0
2026-04-04T11:19:38,ERR,ERR,ERR,ERR,ERR,ERR,ERR,ERR,ERR,ERR,ERR,ERR,ERR,ERR,ERR,ERR,ERR,ERR,ERR,ERR,ERR,ERR,ERR,ERR,ERR,ERR,ERR,ERR,ERR,ERR,ERR,ERR,ERR,ERR,ERR,ERR,ERR,ERR,ERR,ERR,ERR,ERR,ERR,ERR,ERR,ERR,ERR,ERR,ERR,ERR,ERR,ERR,ERR,ERR,ERR,ERR,ERR,ERR,ERR,ERR,ERR,ERR,ERR,ERR,ERR,ERR,ERR,ERR,ERR,ERR,ERR,ERR,ERR,ERR,ERR,ERR,ERR,ERR,ERR,ERR,ERR,ERR,ERR,ERR,ERR,ERR,ERR,ERR,ERR,ERR,ERR,ERR,ERR,ERR,ERR,ERR,ERR,ERR,ERR,ERR,ERR,ERR,ERR,ERR,ERR,ERR,ERR,ERR,ERR,ERR,ERR,ERR,ERR,ERR,ERR,ERR,ERR,ERR,ERR,ERR,ERR,ERR,ERR,ERR,ERR,0.0,0.0,-101055584.0,0.0,0.0,0.0,0.0,nan,0,0,0,32768,0,0.0,0,0.0,0.0,0.0,0.0,0.0,0,0,0,0,0.0,0,0,0,0,0,0,0,0,0,0,0,0,0,0,0,0,0,0,0,0,0,0,0,0,0,0,0,0,0,0,0,0,0,0,0,0,0,0,0,0,0,0,0,0,0.0,0.0,0.0,0.0,0.0,0.0,0.0,0.0,0.0,0.0,0.0,0.0,0.0,0.0,0.0,0.0,0.0,0.0,0.0,0.0,0.0,0.0,-2.004,0.0,-2.004,2.004,0.0,0.0,0.0,0.0,3394.0,0.0,0.0,0.0,0.0,-0.0,0.0,0.0,0.0,0.0,0.0,0,-0.0,-107614264.0,0.0,0.0,0.0,0.0,0.0,0.0,0.0,0,0,0,0.0,0.0,0.0,0.0,0.0,0.0,0.0,0.0,0.0,0.0,0.0,0.0,0.0,0.0,0.0,0.0,0,-107875648.0,0,0.0,0,-107875648.0,-107877712.0,0,39322,17039,0,17054,52429,17037,0,0,0,110,100,100,2.7302334150594743e+23,64.0,0.0,64.5,0.0,69.0,1,49,50,180,0,52429,0,0,0.0,0.0,0.0,0.0,-0.0,65.0,0.0,5850012844032.0,0.0,645,0,689,0,0,0,718,0,790,0,709,0,690,0,645,0,642,0,615,0.032,56098816.0,-2.004,0.0,15760,16788,-0.0,0.057,-0.0,0.0,0.0,-0.0,29.0,60.0,70,0.0,0.0,0.0,0.0,0.0,0.0,0.0,0.0,0.0,0.0,0.0,0.0,0.0,0.0,0.0,0.0,59.2,69,11,65508,41,65476,0,300,0,0,8,20529,65476,0,0,61604,60.0,0.0,0.0,0.0,0.0,0.0
2026-04-04T11:19:39,ERR,ERR,ERR,ERR,ERR,ERR,ERR,ERR,ERR,ERR,ERR,ERR,ERR,ERR,ERR,ERR,ERR,ERR,ERR,ERR,ERR,ERR,ERR,ERR,ERR,ERR,ERR,ERR,ERR,ERR,ERR,ERR,ERR,ERR,ERR,ERR,ERR,ERR,ERR,ERR,ERR,ERR,ERR,ERR,ERR,ERR,ERR,ERR,ERR,ERR,ERR,ERR,ERR,ERR,ERR,ERR,ERR,ERR,ERR,ERR,ERR,ERR,ERR,ERR,ERR,ERR,ERR,ERR,ERR,ERR,ERR,ERR,ERR,ERR,ERR,ERR,ERR,ERR,ERR,ERR,ERR,ERR,ERR,ERR,ERR,ERR,ERR,ERR,ERR,ERR,ERR,ERR,ERR,ERR,ERR,ERR,ERR,ERR,ERR,ERR,ERR,ERR,ERR,ERR,ERR,ERR,ERR,ERR,ERR,ERR,ERR,ERR,ERR,ERR,ERR,ERR,ERR,ERR,ERR,ERR,ERR,ERR,ERR,ERR,ERR,0.0,0.0,-101055584.0,0.0,0.0,0.0,0.0,nan,0,0,0,32768,0,0.0,0,0.0,0.0,0.0,0.0,0.0,0,0,0,0,0.0,0,0,0,0,0,0,0,0,0,0,0,0,0,0,0,0,0,0,0,0,0,0,0,0,0,0,0,0,0,0,0,0,0,0,0,0,0,0,0,0,0,0,0,0,0.0,0.0,0.0,0.0,0.0,0.0,0.0,0.0,0.0,0.0,0.0,0.0,0.0,0.0,0.0,0.0,0.0,0.0,0.0,0.0,0.0,0.0,-2.004,0.0,-2.004,2.004,0.0,0.0,0.0,0.0,3394.0,0.0,0.0,0.0,0.0,-0.0,0.0,0.0,0.0,0.0,0.0,0,-0.0,-107614264.0,0.0,0.0,0.0,0.0,0.0,0.0,0.0,0,0,0,0.0,0.0,0.0,0.0,0.0,0.0,0.0,0.0,0.0,0.0,0.0,0.0,0.0,0.0,0.0,0.0,0,-107875648.0,0,0.0,0,-107875648.0,-107877712.0,0,39322,17039,0,17054,52429,17037,0,0,0,110,100,100,2.7302334150594743e+23,64.0,0.0,64.5,0.0,69.0,1,49,50,180,0,52429,0,0,0.0,0.0,0.0,0.0,-0.0,65.0,0.0,5850012844032.0,0.0,645,0,689,0,0,0,718,0,790,0,709,0,690,0,645,0,642,0,615,0.032,56098816.0,-2.004,0.0,15760,16788,-0.0,0.057,-0.0,0.0,0.0,-0.0,29.0,60.0,70,0.0,0.0,0.0,0.0,0.0,0.0,0.0,0.0,0.0,0.0,0.0,0.0,0.0,0.0,0.0,0.0,59.2,69,11,65508,41,65476,0,300,0,0,8,20529,65476,0,0,61604,60.0,0.0,0.0,0.0,0.0,0.0
2026-04-04T11:19:40,ERR,ERR,ERR,ERR,ERR,ERR,ERR,ERR,ERR,ERR,ERR,ERR,ERR,ERR,ERR,ERR,ERR,ERR,ERR,ERR,ERR,ERR,ERR,ERR,ERR,ERR,ERR,ERR,ERR,ERR,ERR,ERR,ERR,ERR,ERR,ERR,ERR,ERR,ERR,ERR,ERR,ERR,ERR,ERR,ERR,ERR,ERR,ERR,ERR,ERR,ERR,ERR,ERR,ERR,ERR,ERR,ERR,ERR,ERR,ERR,ERR,ERR,ERR,ERR,ERR,ERR,ERR,ERR,ERR,ERR,ERR,ERR,ERR,ERR,ERR,ERR,ERR,ERR,ERR,ERR,ERR,ERR,ERR,ERR,ERR,ERR,ERR,ERR,ERR,ERR,ERR,ERR,ERR,ERR,ERR,ERR,ERR,ERR,ERR,ERR,ERR,ERR,ERR,ERR,ERR,ERR,ERR,ERR,ERR,ERR,ERR,ERR,ERR,ERR,ERR,ERR,ERR,ERR,ERR,ERR,ERR,ERR,ERR,ERR,ERR,0.0,0.0,-101055584.0,0.0,0.0,0.0,0.0,nan,0,0,0,32768,0,0.0,0,0.0,0.0,0.0,0.0,0.0,0,0,0,0,0.0,0,0,0,0,0,0,0,0,0,0,0,0,0,0,0,0,0,0,0,0,0,0,0,0,0,0,0,0,0,0,0,0,0,0,0,0,0,0,0,0,0,0,0,0,0.0,0.0,0.0,0.0,0.0,0.0,0.0,0.0,0.0,0.0,0.0,0.0,0.0,0.0,0.0,0.0,0.0,0.0,0.0,0.0,0.0,0.0,-2.004,0.0,-2.004,2.004,0.0,0.0,0.0,0.0,3394.0,0.0,0.0,0.0,0.0,-0.0,0.0,0.0,0.0,0.0,0.0,0,-0.0,-107614264.0,0.0,0.0,0.0,0.0,0.0,0.0,0.0,0,0,0,0.0,0.0,0.0,0.0,0.0,0.0,0.0,0.0,0.0,0.0,0.0,0.0,0.0,0.0,0.0,0.0,0,-107875648.0,0,0.0,0,-107875648.0,-107877712.0,0,39322,17039,0,17054,52429,17037,0,0,0,110,100,100,2.7302334150594743e+23,64.0,0.0,64.5,0.0,69.0,1,49,50,180,0,52429,0,0,0.0,0.0,0.0,0.0,-0.0,65.0,0.0,5850012844032.0,0.0,645,0,689,0,0,0,718,0,790,0,709,0,690,0,645,0,642,0,615,0.032,56098816.0,-2.004,0.0,15760,16788,-0.0,0.057,-0.0,0.0,0.0,-0.0,29.0,60.0,70,0.0,0.0,0.0,0.0,0.0,0.0,0.0,0.0,0.0,0.0,0.0,0.0,0.0,0.0,0.0,0.0,59.2,69,11,65508,41,65476,0,300,0,0,8,20529,65476,0,0,61604,60.0,0.0,0.0,0.0,0.0,0.0
2026-04-04T11:19:41,ERR,ERR,ERR,ERR,ERR,ERR,ERR,ERR,ERR,ERR,ERR,ERR,ERR,ERR,ERR,ERR,ERR,ERR,ERR,ERR,ERR,ERR,ERR,ERR,ERR,ERR,ERR,ERR,ERR,ERR,ERR,ERR,ERR,ERR,ERR,ERR,ERR,ERR,ERR,ERR,ERR,ERR,ERR,ERR,ERR,ERR,ERR,ERR,ERR,ERR,ERR,ERR,ERR,ERR,ERR,ERR,ERR,ERR,ERR,ERR,ERR,ERR,ERR,ERR,ERR,ERR,ERR,ERR,ERR,ERR,ERR,ERR,ERR,ERR,ERR,ERR,ERR,ERR,ERR,ERR,ERR,ERR,ERR,ERR,ERR,ERR,ERR,ERR,ERR,ERR,ERR,ERR,ERR,ERR,ERR,ERR,ERR,ERR,ERR,ERR,ERR,ERR,ERR,ERR,ERR,ERR,ERR,ERR,ERR,ERR,ERR,ERR,ERR,ERR,ERR,ERR,ERR,ERR,ERR,ERR,ERR,ERR,ERR,ERR,ERR,0.0,0.0,-101055584.0,0.0,0.0,0.0,0.0,nan,0,0,0,32768,0,0.0,0,0.0,0.0,0.0,0.0,0.0,0,0,0,0,0.0,0,0,0,0,0,0,0,0,0,0,0,0,0,0,0,0,0,0,0,0,0,0,0,0,0,0,0,0,0,0,0,0,0,0,0,0,0,0,0,0,0,0,0,0,0.0,0.0,0.0,0.0,0.0,0.0,0.0,0.0,0.0,0.0,0.0,0.0,0.0,0.0,0.0,0.0,0.0,0.0,0.0,0.0,0.0,0.0,-2.004,0.0,-2.004,2.004,0.0,0.0,0.0,0.0,3394.0,0.0,0.0,0.0,0.0,-0.0,0.0,0.0,0.0,0.0,0.0,0,-0.0,-107614264.0,0.0,0.0,0.0,0.0,0.0,0.0,0.0,0,0,0,0.0,0.0,0.0,0.0,0.0,0.0,0.0,0.0,0.0,0.0,0.0,0.0,0.0,0.0,0.0,0.0,0,-107875648.0,0,0.0,0,-107875648.0,-107877712.0,0,39322,17039,0,17054,52429,17037,0,0,0,110,100,100,2.7302334150594743e+23,64.0,0.0,64.5,0.0,69.0,1,49,50,180,0,52429,0,0,0.0,0.0,0.0,0.0,-0.0,65.0,0.0,5850012844032.0,0.0,645,0,689,0,0,0,718,0,790,0,709,0,690,0,645,0,642,0,615,0.032,56098816.0,-2.004,0.0,15760,16788,-0.0,0.057,-0.0,0.0,0.0,-0.0,29.0,60.0,70,0.0,0.0,0.0,0.0,0.0,0.0,0.0,0.0,0.0,0.0,0.0,0.0,0.0,0.0,0.0,0.0,59.2,69,11,65508,41,65476,0,300,0,0,8,20529,65476,0,0,61604,60.0,0.0,0.0,0.0,0.0,0.0
2026-04-04T11:19:42,ERR,ERR,ERR,ERR,ERR,ERR,ERR,ERR,ERR,ERR,ERR,ERR,ERR,ERR,ERR,ERR,ERR,ERR,ERR,ERR,ERR,ERR,ERR,ERR,ERR,ERR,ERR,ERR,ERR,ERR,ERR,ERR,ERR,ERR,ERR,ERR,ERR,ERR,ERR,ERR,ERR,ERR,ERR,ERR,ERR,ERR,ERR,ERR,ERR,ERR,ERR,ERR,ERR,ERR,ERR,ERR,ERR,ERR,ERR,ERR,ERR,ERR,ERR,ERR,ERR,ERR,ERR,ERR,ERR,ERR,ERR,ERR,ERR,ERR,ERR,ERR,ERR,ERR,ERR,ERR,ERR,ERR,ERR,ERR,ERR,ERR,ERR,ERR,ERR,ERR,ERR,ERR,ERR,ERR,ERR,ERR,ERR,ERR,ERR,ERR,ERR,ERR,ERR,ERR,ERR,ERR,ERR,ERR,ERR,ERR,ERR,ERR,ERR,ERR,ERR,ERR,ERR,ERR,ERR,ERR,ERR,ERR,ERR,ERR,ERR,0.0,0.0,-101055584.0,0.0,0.0,0.0,0.0,nan,0,0,0,32768,0,0.0,0,0.0,0.0,0.0,0.0,0.0,0,0,0,0,0.0,0,0,0,0,0,0,0,0,0,0,0,0,0,0,0,0,0,0,0,0,0,0,0,0,0,0,0,0,0,0,0,0,0,0,0,0,0,0,0,0,0,0,0,0,0.0,0.0,0.0,0.0,0.0,0.0,0.0,0.0,0.0,0.0,0.0,0.0,0.0,0.0,0.0,0.0,0.0,0.0,0.0,0.0,0.0,0.0,-2.004,0.0,-2.004,2.004,0.0,0.0,0.0,0.0,3394.0,0.0,0.0,0.0,0.0,-0.0,0.0,0.0,0.0,0.0,0.0,0,-0.0,-107614264.0,0.0,0.0,0.0,0.0,0.0,0.0,0.0,0,0,0,0.0,0.0,0.0,0.0,0.0,0.0,0.0,0.0,0.0,0.0,0.0,0.0,0.0,0.0,0.0,0.0,0,-107875648.0,0,0.0,0,-107875648.0,-107877712.0,0,39322,17039,0,17054,52429,17037,0,0,0,110,100,100,2.7302334150594743e+23,64.0,0.0,64.5,0.0,69.0,1,49,50,180,0,52429,0,0,0.0,0.0,0.0,0.0,-0.0,65.0,0.0,5850012844032.0,0.0,645,0,689,0,0,0,718,0,790,0,709,0,690,0,645,0,642,0,615,0.032,56098816.0,-2.004,0.0,15760,16788,-0.0,0.057,-0.0,0.0,0.0,-0.0,29.0,60.0,70,0.0,0.0,0.0,0.0,0.0,0.0,0.0,0.0,0.0,0.0,0.0,0.0,0.0,0.0,0.0,0.0,59.6,69,11,65508,41,65476,0,300,0,0,8,20529,65476,0,0,61604,60.0,0.0,0.0,0.0,0.0,0.0
2026-04-04T11:19:43,ERR,ERR,ERR,ERR,ERR,ERR,ERR,ERR,ERR,ERR,ERR,ERR,ERR,ERR,ERR,ERR,ERR,ERR,ERR,ERR,ERR,ERR,ERR,ERR,ERR,ERR,ERR,ERR,ERR,ERR,ERR,ERR,ERR,ERR,ERR,ERR,ERR,ERR,ERR,ERR,ERR,ERR,ERR,ERR,ERR,ERR,ERR,ERR,ERR,ERR,ERR,ERR,ERR,ERR,ERR,ERR,ERR,ERR,ERR,ERR,ERR,ERR,ERR,ERR,ERR,ERR,ERR,ERR,ERR,ERR,ERR,ERR,ERR,ERR,ERR,ERR,ERR,ERR,ERR,ERR,ERR,ERR,ERR,ERR,ERR,ERR,ERR,ERR,ERR,ERR,ERR,ERR,ERR,ERR,ERR,ERR,ERR,ERR,ERR,ERR,ERR,ERR,ERR,ERR,ERR,ERR,ERR,ERR,ERR,ERR,ERR,ERR,ERR,ERR,ERR,ERR,ERR,ERR,ERR,ERR,ERR,ERR,ERR,ERR,ERR,0.0,0.0,-101055584.0,0.0,0.0,0.0,0.0,nan,0,0,0,32768,0,0.0,0,0.0,0.0,0.0,0.0,0.0,0,0,0,0,0.0,0,0,0,0,0,0,0,0,0,0,0,0,0,0,0,0,0,0,0,0,0,0,0,0,0,0,0,0,0,0,0,0,0,0,0,0,0,0,0,0,0,0,0,0,0.0,0.0,0.0,0.0,0.0,0.0,0.0,0.0,0.0,0.0,0.0,0.0,0.0,0.0,0.0,0.0,0.0,0.0,0.0,0.0,0.0,0.0,-2.004,0.0,-2.004,2.004,0.0,0.0,0.0,0.0,3394.0,0.0,0.0,0.0,0.0,-0.0,0.0,0.0,0.0,0.0,0.0,0,-0.0,-107614264.0,0.0,0.0,0.0,0.0,0.0,0.0,0.0,0,0,0,0.0,0.0,0.0,0.0,0.0,0.0,0.0,0.0,0.0,0.0,0.0,0.0,0.0,0.0,0.0,0.0,0,-107875648.0,0,0.0,0,-107875648.0,-107877712.0,0,39322,17039,0,17054,52429,17037,0,0,0,110,100,100,2.7302334150594743e+23,64.0,0.0,64.5,0.0,69.0,1,49,50,180,0,52429,0,0,0.0,0.0,0.0,0.0,-0.0,65.0,0.0,5850012844032.0,0.0,645,0,689,0,0,0,718,0,790,0,709,0,690,0,645,0,642,0,615,0.032,56098816.0,-2.004,0.0,15760,16788,-0.0,0.057,-0.0,0.0,0.0,-0.0,29.0,60.0,70,0.0,0.0,0.0,0.0,0.0,0.0,0.0,0.0,0.0,0.0,0.0,0.0,0.0,0.0,0.0,0.0,59.6,69,11,65508,41,65476,0,300,0,0,8,20529,65476,0,0,61604,60.0,0.0,0.0,0.0,0.0,0.0
2026-04-04T11:19:44,ERR,ERR,ERR,ERR,ERR,ERR,ERR,ERR,ERR,ERR,ERR,ERR,ERR,ERR,ERR,ERR,ERR,ERR,ERR,ERR,ERR,ERR,ERR,ERR,ERR,ERR,ERR,ERR,ERR,ERR,ERR,ERR,ERR,ERR,ERR,ERR,ERR,ERR,ERR,ERR,ERR,ERR,ERR,ERR,ERR,ERR,ERR,ERR,ERR,ERR,ERR,ERR,ERR,ERR,ERR,ERR,ERR,ERR,ERR,ERR,ERR,ERR,ERR,ERR,ERR,ERR,ERR,ERR,ERR,ERR,ERR,ERR,ERR,ERR,ERR,ERR,ERR,ERR,ERR,ERR,ERR,ERR,ERR,ERR,ERR,ERR,ERR,ERR,ERR,ERR,ERR,ERR,ERR,ERR,ERR,ERR,ERR,ERR,ERR,ERR,ERR,ERR,ERR,ERR,ERR,ERR,ERR,ERR,ERR,ERR,ERR,ERR,ERR,ERR,ERR,ERR,ERR,ERR,ERR,ERR,ERR,ERR,ERR,ERR,ERR,0.0,0.0,-101055584.0,0.0,0.0,0.0,0.0,nan,0,0,0,32768,0,0.0,0,0.0,0.0,0.0,0.0,0.0,0,0,0,0,0.0,0,0,0,0,0,0,0,0,0,0,0,0,0,0,0,0,0,0,0,0,0,0,0,0,0,0,0,0,0,0,0,0,0,0,0,0,0,0,0,0,0,0,0,0,0.0,0.0,0.0,0.0,0.0,0.0,0.0,0.0,0.0,0.0,0.0,0.0,0.0,0.0,0.0,0.0,0.0,0.0,0.0,0.0,0.0,0.0,-2.004,0.0,-2.004,2.004,0.0,0.0,0.0,0.0,3394.0,0.0,0.0,0.0,0.0,-0.0,0.0,0.0,0.0,0.0,0.0,0,-0.0,-107614264.0,0.0,0.0,0.0,0.0,0.0,0.0,0.0,0,0,0,0.0,0.0,0.0,0.0,0.0,0.0,0.0,0.0,0.0,0.0,0.0,0.0,0.0,0.0,0.0,0.0,0,-107875648.0,0,0.0,0,-107875648.0,-107877712.0,0,39322,17039,0,17054,0,17038,0,0,0,110,100,100,2.7302334150594743e+23,64.0,0.0,64.5,0.0,69.0,1,49,50,180,0,52429,0,0,0.0,0.0,0.0,0.0,-15.266,65.0,0.0,-0.0,0.0,645,0,689,0,0,0,718,0,790,0,710,0,690,0,645,0,642,0,615,0.032,54001664.0,-2.004,0.0,35600,16788,-175384608.0,-0.0,0.001,0.0,2.6030887703628294e+25,0.0,29.0,60.0,70,0.0,0.0,0.0,0.0,0.0,0.0,0.0,0.0,0.0,0.0,0.0,0.0,0.0,0.0,0.0,0.0,59.6,69,11,65508,41,65476,0,300,0,0,8,20529,65476,0,0,61604,60.0,0.0,0.0,0.0,0.0,0.0
2026-04-04T11:19:45,ERR,ERR,ERR,ERR,ERR,ERR,ERR,ERR,ERR,ERR,ERR,ERR,ERR,ERR,ERR,ERR,ERR,ERR,ERR,ERR,ERR,ERR,ERR,ERR,ERR,ERR,ERR,ERR,ERR,ERR,ERR,ERR,ERR,ERR,ERR,ERR,ERR,ERR,ERR,ERR,ERR,ERR,ERR,ERR,ERR,ERR,ERR,ERR,ERR,ERR,ERR,ERR,ERR,ERR,ERR,ERR,ERR,ERR,ERR,ERR,ERR,ERR,ERR,ERR,ERR,ERR,ERR,ERR,ERR,ERR,ERR,ERR,ERR,ERR,ERR,ERR,ERR,ERR,ERR,ERR,ERR,ERR,ERR,ERR,ERR,ERR,ERR,ERR,ERR,ERR,ERR,ERR,ERR,ERR,ERR,ERR,ERR,ERR,ERR,ERR,ERR,ERR,ERR,ERR,ERR,ERR,ERR,ERR,ERR,ERR,ERR,ERR,ERR,ERR,ERR,ERR,ERR,ERR,ERR,ERR,ERR,ERR,ERR,ERR,ERR,0.0,0.0,-101055584.0,0.0,0.0,0.0,0.0,nan,0,0,0,32768,0,0.0,0,0.0,0.0,0.0,0.0,0.0,0,0,0,0,0.0,0,0,0,0,0,0,0,0,0,0,0,0,0,0,0,0,0,0,0,0,0,0,0,0,0,0,0,0,0,0,0,0,0,0,0,0,0,0,0,0,0,0,0,0,0.0,0.0,0.0,0.0,0.0,0.0,0.0,0.0,0.0,0.0,0.0,0.0,0.0,0.0,0.0,0.0,0.0,0.0,0.0,0.0,0.0,0.0,-2.004,0.0,-2.004,2.004,0.0,0.0,0.0,0.0,3394.0,0.0,0.0,0.0,0.0,-0.0,0.0,0.0,0.0,0.0,0.0,0,-0.0,-107614264.0,0.0,0.0,0.0,0.0,0.0,0.0,0.0,0,0,0,0.0,0.0,0.0,0.0,0.0,0.0,0.0,0.0,0.0,0.0,0.0,0.0,0.0,0.0,0.0,0.0,0,-107875648.0,0,0.0,0,-107875648.0,-107877712.0,0,39322,17039,0,17054,0,17038,0,0,0,110,100,100,2.7302334150594743e+23,64.0,0.0,64.5,0.0,69.0,1,49,50,180,0,52429,0,0,0.0,0.0,0.0,0.0,-15.266,65.0,0.0,-0.0,0.0,645,0,689,0,0,0,718,0,790,0,710,0,690,0,645,0,642,0,615,0.032,54001664.0,-2.004,0.0,35600,16788,-175384608.0,-0.0,0.001,0.0,2.6030887703628294e+25,0.0,29.0,60.0,70,0.0,0.0,0.0,0.0,0.0,0.0,0.0,0.0,0.0,0.0,0.0,0.0,0.0,0.0,0.0,0.0,59.2,69,11,65508,41,65476,0,300,0,0,8,20529,65476,0,0,61604,60.0,0.0,0.0,0.0,0.0,0.0
2026-04-04T11:19:46,ERR,ERR,ERR,ERR,ERR,ERR,ERR,ERR,ERR,ERR,ERR,ERR,ERR,ERR,ERR,ERR,ERR,ERR,ERR,ERR,ERR,ERR,ERR,ERR,ERR,ERR,ERR,ERR,ERR,ERR,ERR,ERR,ERR,ERR,ERR,ERR,ERR,ERR,ERR,ERR,ERR,ERR,ERR,ERR,ERR,ERR,ERR,ERR,ERR,ERR,ERR,ERR,ERR,ERR,ERR,ERR,ERR,ERR,ERR,ERR,ERR,ERR,ERR,ERR,ERR,ERR,ERR,ERR,ERR,ERR,ERR,ERR,ERR,ERR,ERR,ERR,ERR,ERR,ERR,ERR,ERR,ERR,ERR,ERR,ERR,ERR,ERR,ERR,ERR,ERR,ERR,ERR,ERR,ERR,ERR,ERR,ERR,ERR,ERR,ERR,ERR,ERR,ERR,ERR,ERR,ERR,ERR,ERR,ERR,ERR,ERR,ERR,ERR,ERR,ERR,ERR,ERR,ERR,ERR,ERR,ERR,ERR,ERR,ERR,ERR,0.0,0.0,-101055584.0,0.0,0.0,0.0,0.0,nan,0,0,0,32768,0,0.0,0,0.0,0.0,0.0,0.0,0.0,0,0,0,0,0.0,0,0,0,0,0,0,0,0,0,0,0,0,0,0,0,0,0,0,0,0,0,0,0,0,0,0,0,0,0,0,0,0,0,0,0,0,0,0,0,0,0,0,0,0,0.0,0.0,0.0,0.0,0.0,0.0,0.0,0.0,0.0,0.0,0.0,0.0,0.0,0.0,0.0,0.0,0.0,0.0,0.0,0.0,0.0,0.0,-2.004,0.0,-2.004,2.004,0.0,0.0,0.0,0.0,3378.0,-2.004,0.0,0.0,0.0,-0.0,0.0,0.0,0.0,0.0,0.0,0,-0.0,-0.0,0.0,0.0,0.0,0.0,0.0,0.0,0.0,0,0,0,0.0,0.0,0.0,0.0,0.0,0.0,0.0,0.0,0.0,0.0,0.0,0.0,0.0,0.0,0.0,0.0,0,-107875648.0,0,0.0,0,-107875648.0,-107877712.0,0,39322,17039,0,17054,0,17038,0,0,0,110,100,100,2.7302334150594743e+23,64.0,0.0,64.5,0.0,69.0,1,49,50,180,0,52429,0,0,0.0,0.0,0.0,0.0,-15.266,65.0,0.0,-0.0,0.0,645,0,689,0,0,0,718,0,790,0,710,0,690,0,645,0,642,0,615,0.032,54001664.0,-2.004,0.0,35600,16788,-175384608.0,-0.0,0.001,0.0,2.6030887703628294e+25,0.0,29.0,60.0,70,0.0,0.0,0.0,0.0,0.0,0.0,0.0,0.0,0.0,0.0,0.0,0.0,0.0,0.0,0.0,0.0,59.2,69,11,65508,41,65476,0,300,0,0,8,20529,65476,0,0,61604,60.0,0.0,0.0,0.0,0.0,0.0
2026-04-04T11:19:47,ERR,ERR,ERR,ERR,ERR,ERR,ERR,ERR,ERR,ERR,ERR,ERR,ERR,ERR,ERR,ERR,ERR,ERR,ERR,ERR,ERR,ERR,ERR,ERR,ERR,ERR,ERR,ERR,ERR,ERR,ERR,ERR,ERR,ERR,ERR,ERR,ERR,ERR,ERR,ERR,ERR,ERR,ERR,ERR,ERR,ERR,ERR,ERR,ERR,ERR,ERR,ERR,ERR,ERR,ERR,ERR,ERR,ERR,ERR,ERR,ERR,ERR,ERR,ERR,ERR,ERR,ERR,ERR,ERR,ERR,ERR,ERR,ERR,ERR,ERR,ERR,ERR,ERR,ERR,ERR,ERR,ERR,ERR,ERR,ERR,ERR,ERR,ERR,ERR,ERR,ERR,ERR,ERR,ERR,ERR,ERR,ERR,ERR,ERR,ERR,ERR,ERR,ERR,ERR,ERR,ERR,ERR,ERR,ERR,ERR,ERR,ERR,ERR,ERR,ERR,ERR,ERR,ERR,ERR,ERR,ERR,ERR,ERR,ERR,ERR,0.0,0.0,-101055584.0,0.0,0.0,0.0,0.0,nan,0,0,0,32768,0,0.0,0,0.0,0.0,0.0,0.0,0.0,0,0,0,0,0.0,0,0,0,0,0,0,0,0,0,0,0,0,0,0,0,0,0,0,0,0,0,0,0,0,0,0,0,0,0,0,0,0,0,0,0,0,0,0,0,0,0,0,0,0,0.0,0.0,0.0,0.0,0.0,0.0,0.0,0.0,0.0,0.0,0.0,0.0,0.0,0.0,0.0,0.0,0.0,0.0,0.0,0.0,0.0,0.0,-2.004,0.0,-2.004,2.004,0.0,0.0,0.0,0.0,3378.0,-2.004,0.0,0.0,0.0,-0.0,0.0,0.0,0.0,0.0,0.0,0,-0.0,-0.0,0.0,0.0,0.0,0.0,0.0,0.0,0.0,0,0,0,0.0,0.0,0.0,0.0,0.0,0.0,0.0,0.0,0.0,0.0,0.0,0.0,0.0,0.0,0.0,0.0,0,-107875648.0,0,0.0,0,-107875648.0,-107877712.0,0,39322,17039,0,17054,0,17038,0,0,0,110,100,100,2.7302334150594743e+23,64.0,0.0,64.5,0.0,69.0,1,49,50,180,0,52429,0,0,0.0,0.0,0.0,0.0,-15.266,65.0,0.0,-0.0,0.0,645,0,689,0,0,0,718,0,790,0,710,0,690,0,645,0,642,0,615,0.032,54001664.0,-2.004,0.0,35600,16788,-175384608.0,-0.0,0.001,0.0,2.6030887703628294e+25,0.0,29.0,60.0,70,0.0,0.0,0.0,0.0,0.0,0.0,0.0,0.0,0.0,0.0,0.0,0.0,0.0,0.0,0.0,0.0,59.2,69,11,65508,41,65476,0,300,0,0,8,20529,65476,0,0,61604,60.0,0.0,0.0,0.0,0.0,0.0
2026-04-04T11:19:48,ERR,ERR,ERR,ERR,ERR,ERR,ERR,ERR,ERR,ERR,ERR,ERR,ERR,ERR,ERR,ERR,ERR,ERR,ERR,ERR,ERR,ERR,ERR,ERR,ERR,ERR,ERR,ERR,ERR,ERR,ERR,ERR,ERR,ERR,ERR,ERR,ERR,ERR,ERR,ERR,ERR,ERR,ERR,ERR,ERR,ERR,ERR,ERR,ERR,ERR,ERR,ERR,ERR,ERR,ERR,ERR,ERR,ERR,ERR,ERR,ERR,ERR,ERR,ERR,ERR,ERR,ERR,ERR,ERR,ERR,ERR,ERR,ERR,ERR,ERR,ERR,ERR,ERR,ERR,ERR,ERR,ERR,ERR,ERR,ERR,ERR,ERR,ERR,ERR,ERR,ERR,ERR,ERR,ERR,ERR,ERR,ERR,ERR,ERR,ERR,ERR,ERR,ERR,ERR,ERR,ERR,ERR,ERR,ERR,ERR,ERR,ERR,ERR,ERR,ERR,ERR,ERR,ERR,ERR,ERR,ERR,ERR,ERR,ERR,ERR,0.0,0.0,-101055584.0,0.0,0.0,0.0,0.0,nan,0,0,0,32768,0,0.0,0,0.0,0.0,0.0,0.0,0.0,0,0,0,0,0.0,0,0,0,0,0,0,0,0,0,0,0,0,0,0,0,0,0,0,0,0,0,0,0,0,0,0,0,0,0,0,0,0,0,0,0,0,0,0,0,0,0,0,0,0,0.0,0.0,0.0,0.0,0.0,0.0,0.0,0.0,0.0,0.0,0.0,0.0,0.0,0.0,0.0,0.0,0.0,0.0,0.0,0.0,0.0,0.0,-2.004,0.0,-2.004,2.004,0.0,0.0,0.0,0.0,3378.0,-2.004,0.0,0.0,0.0,-0.0,0.0,0.0,0.0,0.0,0.0,0,-0.0,-0.0,0.0,0.0,0.0,0.0,0.0,0.0,0.0,0,0,0,0.0,0.0,0.0,0.0,0.0,0.0,0.0,0.0,0.0,0.0,0.0,0.0,0.0,0.0,0.0,0.0,0,-107875648.0,0,0.0,0,-107875648.0,-107877712.0,0,39322,17039,0,17054,0,17038,0,0,0,110,100,100,2.7302334150594743e+23,64.0,0.0,64.5,0.0,69.0,1,49,50,180,0,52429,0,0,0.0,0.0,0.0,0.0,-15.266,65.0,0.0,-0.0,0.0,645,0,689,0,0,0,718,0,790,0,710,0,690,0,645,0,642,0,615,0.032,54001664.0,-2.004,0.0,35600,16788,-175384608.0,-0.0,0.001,0.0,2.6030887703628294e+25,0.0,29.0,60.0,70,0.0,0.0,0.0,0.0,0.0,0.0,0.0,0.0,0.0,0.0,0.0,0.0,0.0,0.0,0.0,0.0,59.6,69,11,65508,41,65476,0,300,0,0,8,20529,65476,0,0,61604,60.0,0.0,0.0,0.0,0.0,0.0
2026-04-04T11:19:49,ERR,ERR,ERR,ERR,ERR,ERR,ERR,ERR,ERR,ERR,ERR,ERR,ERR,ERR,ERR,ERR,ERR,ERR,ERR,ERR,ERR,ERR,ERR,ERR,ERR,ERR,ERR,ERR,ERR,ERR,ERR,ERR,ERR,ERR,ERR,ERR,ERR,ERR,ERR,ERR,ERR,ERR,ERR,ERR,ERR,ERR,ERR,ERR,ERR,ERR,ERR,ERR,ERR,ERR,ERR,ERR,ERR,ERR,ERR,ERR,ERR,ERR,ERR,ERR,ERR,ERR,ERR,ERR,ERR,ERR,ERR,ERR,ERR,ERR,ERR,ERR,ERR,ERR,ERR,ERR,ERR,ERR,ERR,ERR,ERR,ERR,ERR,ERR,ERR,ERR,ERR,ERR,ERR,ERR,ERR,ERR,ERR,ERR,ERR,ERR,ERR,ERR,ERR,ERR,ERR,ERR,ERR,ERR,ERR,ERR,ERR,ERR,ERR,ERR,ERR,ERR,ERR,ERR,ERR,ERR,ERR,ERR,ERR,ERR,ERR,0.0,0.0,-101055584.0,0.0,0.0,0.0,0.0,nan,0,0,0,32768,0,0.0,0,0.0,0.0,0.0,0.0,0.0,0,0,0,0,0.0,0,0,0,0,0,0,0,0,0,0,0,0,0,0,0,0,0,0,0,0,0,0,0,0,0,0,0,0,0,0,0,0,0,0,0,0,0,0,0,0,0,0,0,0,0.0,0.0,0.0,0.0,0.0,0.0,0.0,0.0,0.0,0.0,0.0,0.0,0.0,0.0,0.0,0.0,0.0,0.0,0.0,0.0,0.0,0.0,-2.004,0.0,-2.004,2.004,0.0,0.0,0.0,0.0,3378.0,-2.004,0.0,0.0,0.0,-0.0,0.0,0.0,0.0,0.0,0.0,0,-0.0,-0.0,0.0,0.0,0.0,0.0,0.0,0.0,0.0,0,0,0,0.0,0.0,0.0,0.0,0.0,0.0,0.0,0.0,0.0,0.0,0.0,0.0,0.0,0.0,0.0,0.0,0,-107875648.0,0,0.0,0,-107875648.0,-107877712.0,0,39322,17039,0,17054,0,17038,0,0,0,110,100,100,2.7302334150594743e+23,64.0,0.0,64.5,0.0,69.0,1,49,50,180,0,52429,0,0,0.0,0.0,0.0,0.0,-15.266,65.0,0.0,-0.0,0.0,645,0,689,0,0,0,718,0,790,0,710,0,690,0,645,0,642,0,615,0.032,54001664.0,-2.004,0.0,35600,16788,-175384608.0,-0.0,0.001,0.0,2.6030887703628294e+25,0.0,29.0,60.0,70,0.0,0.0,0.0,0.0,0.0,0.0,0.0,0.0,0.0,0.0,0.0,0.0,0.0,0.0,0.0,0.0,59.6,69,11,65508,41,65476,0,300,0,0,8,20529,65476,0,0,61604,60.0,0.0,0.0,0.0,0.0,0.0
2026-04-04T11:19:50,ERR,ERR,ERR,ERR,ERR,ERR,ERR,ERR,ERR,ERR,ERR,ERR,ERR,ERR,ERR,ERR,ERR,ERR,ERR,ERR,ERR,ERR,ERR,ERR,ERR,ERR,ERR,ERR,ERR,ERR,ERR,ERR,ERR,ERR,ERR,ERR,ERR,ERR,ERR,ERR,ERR,ERR,ERR,ERR,ERR,ERR,ERR,ERR,ERR,ERR,ERR,ERR,ERR,ERR,ERR,ERR,ERR,ERR,ERR,ERR,ERR,ERR,ERR,ERR,ERR,ERR,ERR,ERR,ERR,ERR,ERR,ERR,ERR,ERR,ERR,ERR,ERR,ERR,ERR,ERR,ERR,ERR,ERR,ERR,ERR,ERR,ERR,ERR,ERR,ERR,ERR,ERR,ERR,ERR,ERR,ERR,ERR,ERR,ERR,ERR,ERR,ERR,ERR,ERR,ERR,ERR,ERR,ERR,ERR,ERR,ERR,ERR,ERR,ERR,ERR,ERR,ERR,ERR,ERR,ERR,ERR,ERR,ERR,ERR,ERR,0.0,0.0,-101055584.0,0.0,0.0,0.0,0.0,nan,0,0,0,32768,0,0.0,0,0.0,0.0,0.0,0.0,0.0,0,0,0,0,0.0,0,0,0,0,0,0,0,0,0,0,0,0,0,0,0,0,0,0,0,0,0,0,0,0,0,0,0,0,0,0,0,0,0,0,0,0,0,0,0,0,0,0,0,0,0.0,0.0,0.0,0.0,0.0,0.0,0.0,0.0,0.0,0.0,0.0,0.0,0.0,0.0,0.0,0.0,0.0,0.0,0.0,0.0,0.0,0.0,-2.004,0.0,-2.004,2.004,0.0,0.0,0.0,0.0,3378.0,-2.004,0.0,0.0,0.0,-0.0,0.0,0.0,0.0,0.0,0.0,0,-0.0,-0.0,0.0,0.0,0.0,0.0,0.0,0.0,0.0,0,0,0,0.0,0.0,0.0,0.0,0.0,0.0,0.0,0.0,0.0,0.0,0.0,0.0,0.0,0.0,0.0,0.0,0,-107875648.0,0,0.0,0,-107875648.0,-107877712.0,0,39322,17039,0,17054,0,17038,0,0,0,110,100,100,2.7302334150594743e+23,64.0,0.0,64.5,0.0,69.0,1,49,50,180,0,52429,0,0,0.0,0.0,0.0,0.0,-1.2684655480274944e+16,65.0,0.0,-0.0,0.0,645,0,689,0,0,0,717,0,790,0,709,0,690,0,645,0,642,0,615,0.032,52166656.0,-2.004,0.0,36112,16788,-631848.125,-0.0,0.0,-0.0,8.451281953612796e+20,0.0,29.0,60.0,70,0.0,0.0,0.0,0.0,0.0,0.0,0.0,0.0,0.0,0.0,0.0,0.0,0.0,0.0,0.0,0.0,59.2,69,11,65508,41,65476,0,300,0,0,8,20529,65476,0,0,61604,60.0,0.0,0.0,0.0,0.0,0.0
2026-04-04T11:19:51,ERR,ERR,ERR,ERR,ERR,ERR,ERR,ERR,ERR,ERR,ERR,ERR,ERR,ERR,ERR,ERR,ERR,ERR,ERR,ERR,ERR,ERR,ERR,ERR,ERR,ERR,ERR,ERR,ERR,ERR,ERR,ERR,ERR,ERR,ERR,ERR,ERR,ERR,ERR,ERR,ERR,ERR,ERR,ERR,ERR,ERR,ERR,ERR,ERR,ERR,ERR,ERR,ERR,ERR,ERR,ERR,ERR,ERR,ERR,ERR,ERR,ERR,ERR,ERR,ERR,ERR,ERR,ERR,ERR,ERR,ERR,ERR,ERR,ERR,ERR,ERR,ERR,ERR,ERR,ERR,ERR,ERR,ERR,ERR,ERR,ERR,ERR,ERR,ERR,ERR,ERR,ERR,ERR,ERR,ERR,ERR,ERR,ERR,ERR,ERR,ERR,ERR,ERR,ERR,ERR,ERR,ERR,ERR,ERR,ERR,ERR,ERR,ERR,ERR,ERR,ERR,ERR,ERR,ERR,ERR,ERR,ERR,ERR,ERR,ERR,0.0,0.0,-101055584.0,0.0,0.0,0.0,0.0,nan,0,0,0,32768,0,0.0,0,0.0,0.0,0.0,0.0,0.0,0,0,0,0,0.0,0,0,0,0,0,0,0,0,0,0,0,0,0,0,0,0,0,0,0,0,0,0,0,0,0,0,0,0,0,0,0,0,0,0,0,0,0,0,0,0,0,0,0,0,0.0,0.0,0.0,0.0,0.0,0.0,0.0,0.0,0.0,0.0,0.0,0.0,0.0,0.0,0.0,0.0,0.0,0.0,0.0,0.0,0.0,0.0,-2.004,0.0,-2.004,2.004,0.0,0.0,0.0,0.0,3378.0,-2.004,0.0,0.0,0.0,-0.0,0.0,0.0,0.0,0.0,0.0,0,-0.0,-0.0,0.0,0.0,0.0,0.0,0.0,0.0,0.0,0,0,0,0.0,0.0,0.0,0.0,0.0,0.0,0.0,0.0,0.0,0.0,0.0,0.0,0.0,0.0,0.0,0.0,0,-107875648.0,0,0.0,0,-107875648.0,-107877712.0,0,39322,17039,0,17054,0,17038,0,0,0,110,100,100,2.7302334150594743e+23,64.0,0.0,64.5,0.0,69.0,1,49,50,180,0,52429,0,0,0.0,0.0,0.0,0.0,-1.2684655480274944e+16,65.0,0.0,-0.0,0.0,645,0,689,0,0,0,717,0,790,0,709,0,690,0,645,0,642,0,615,0.032,52166656.0,-2.004,0.0,36112,16788,-631848.125,-0.0,0.0,-0.0,8.451281953612796e+20,0.0,29.0,60.0,70,0.0,0.0,0.0,0.0,0.0,0.0,0.0,0.0,0.0,0.0,0.0,0.0,0.0,0.0,0.0,0.0,59.2,69,11,65508,41,65476,0,300,0,0,8,20529,65476,0,0,61604,60.0,0.0,0.0,0.0,0.0,0.0
2026-04-04T11:19:52,ERR,ERR,ERR,ERR,ERR,ERR,ERR,ERR,ERR,ERR,ERR,ERR,ERR,ERR,ERR,ERR,ERR,ERR,ERR,ERR,ERR,ERR,ERR,ERR,ERR,ERR,ERR,ERR,ERR,ERR,ERR,ERR,ERR,ERR,ERR,ERR,ERR,ERR,ERR,ERR,ERR,ERR,ERR,ERR,ERR,ERR,ERR,ERR,ERR,ERR,ERR,ERR,ERR,ERR,ERR,ERR,ERR,ERR,ERR,ERR,ERR,ERR,ERR,ERR,ERR,ERR,ERR,ERR,ERR,ERR,ERR,ERR,ERR,ERR,ERR,ERR,ERR,ERR,ERR,ERR,ERR,ERR,ERR,ERR,ERR,ERR,ERR,ERR,ERR,ERR,ERR,ERR,ERR,ERR,ERR,ERR,ERR,ERR,ERR,ERR,ERR,ERR,ERR,ERR,ERR,ERR,ERR,ERR,ERR,ERR,ERR,ERR,ERR,ERR,ERR,ERR,ERR,ERR,ERR,ERR,ERR,ERR,ERR,ERR,ERR,0.0,0.0,-101055584.0,0.0,0.0,0.0,0.0,nan,0,0,0,32768,0,0.0,0,0.0,0.0,0.0,0.0,0.0,0,0,0,0,0.0,0,0,0,0,0,0,0,0,0,0,0,0,0,0,0,0,0,0,0,0,0,0,0,0,0,0,0,0,0,0,0,0,0,0,0,0,0,0,0,0,0,0,0,0,0.0,0.0,0.0,0.0,0.0,0.0,0.0,0.0,0.0,0.0,0.0,0.0,0.0,0.0,0.0,0.0,0.0,0.0,0.0,0.0,0.0,0.0,-2.004,0.0,-2.004,2.004,0.0,0.0,0.0,0.0,3378.0,-2.004,0.0,0.0,0.0,-0.0,0.0,0.0,0.0,0.0,0.0,0,-0.0,-0.0,0.0,0.0,0.0,0.0,0.0,0.0,0.0,0,0,0,0.0,0.0,0.0,0.0,0.0,0.0,0.0,0.0,0.0,0.0,0.0,0.0,0.0,0.0,0.0,0.0,0,-107875648.0,0,0.0,0,-107875648.0,-107877712.0,0,39322,17039,0,17054,0,17038,0,0,0,110,100,100,2.7302334150594743e+23,64.0,0.0,64.5,0.0,69.0,1,49,50,180,0,52429,0,0,0.0,0.0,0.0,0.0,-1.2684655480274944e+16,65.0,0.0,-0.0,0.0,645,0,689,0,0,0,717,0,790,0,709,0,690,0,645,0,642,0,615,0.032,52166656.0,-2.004,0.0,36112,16788,-631848.125,-0.0,0.0,-0.0,8.451281953612796e+20,0.0,29.0,60.0,70,0.0,0.0,0.0,0.0,0.0,0.0,0.0,0.0,0.0,0.0,0.0,0.0,0.0,0.0,0.0,0.0,59.2,69,11,65508,41,65476,0,300,0,0,8,20529,65476,0,0,61604,60.0,0.0,0.0,0.0,0.0,0.0
2026-04-04T11:19:53,ERR,ERR,ERR,ERR,ERR,ERR,ERR,ERR,ERR,ERR,ERR,ERR,ERR,ERR,ERR,ERR,ERR,ERR,ERR,ERR,ERR,ERR,ERR,ERR,ERR,ERR,ERR,ERR,ERR,ERR,ERR,ERR,ERR,ERR,ERR,ERR,ERR,ERR,ERR,ERR,ERR,ERR,ERR,ERR,ERR,ERR,ERR,ERR,ERR,ERR,ERR,ERR,ERR,ERR,ERR,ERR,ERR,ERR,ERR,ERR,ERR,ERR,ERR,ERR,ERR,ERR,ERR,ERR,ERR,ERR,ERR,ERR,ERR,ERR,ERR,ERR,ERR,ERR,ERR,ERR,ERR,ERR,ERR,ERR,ERR,ERR,ERR,ERR,ERR,ERR,ERR,ERR,ERR,ERR,ERR,ERR,ERR,ERR,ERR,ERR,ERR,ERR,ERR,ERR,ERR,ERR,ERR,ERR,ERR,ERR,ERR,ERR,ERR,ERR,ERR,ERR,ERR,ERR,ERR,ERR,ERR,ERR,ERR,ERR,ERR,0.0,0.0,-101055584.0,0.0,0.0,0.0,0.0,nan,0,0,0,32768,0,0.0,0,0.0,0.0,0.0,0.0,0.0,0,0,0,0,0.0,0,0,0,0,0,0,0,0,0,0,0,0,0,0,0,0,0,0,0,0,0,0,0,0,0,0,0,0,0,0,0,0,0,0,0,0,0,0,0,0,0,0,0,0,0.0,0.0,0.0,0.0,0.0,0.0,0.0,0.0,0.0,0.0,0.0,0.0,0.0,0.0,0.0,0.0,0.0,0.0,0.0,0.0,0.0,0.0,-2.004,0.0,-2.004,2.004,0.0,0.0,0.0,0.0,3378.0,-2.004,0.0,0.0,0.0,-0.0,0.0,0.0,0.0,0.0,0.0,0,-0.0,-0.0,0.0,0.0,0.0,0.0,0.0,0.0,0.0,0,0,0,0.0,0.0,0.0,0.0,0.0,0.0,0.0,0.0,0.0,0.0,0.0,0.0,0.0,0.0,0.0,0.0,0,-107875648.0,0,0.0,0,-107875648.0,-107877712.0,0,39322,17039,0,17054,0,17038,0,0,0,110,100,100,2.7302334150594743e+23,64.0,0.0,64.5,0.0,69.0,1,49,50,180,0,52429,0,0,0.0,0.0,0.0,0.0,-1.2684655480274944e+16,65.0,0.0,-0.0,0.0,645,0,689,0,0,0,717,0,790,0,709,0,690,0,645,0,642,0,615,0.032,52166656.0,-2.004,0.0,36112,16788,-631848.125,-0.0,0.0,-0.0,8.451281953612796e+20,0.0,29.0,60.0,70,0.0,0.0,0.0,0.0,0.0,0.0,0.0,0.0,0.0,0.0,0.0,0.0,0.0,0.0,0.0,0.0,59.2,69,11,65508,41,65476,0,300,0,0,8,20529,65476,0,0,61604,60.0,0.0,0.0,0.0,0.0,0.0
2026-04-04T11:19:54,ERR,ERR,ERR,ERR,ERR,ERR,ERR,ERR,ERR,ERR,ERR,ERR,ERR,ERR,ERR,ERR,ERR,ERR,ERR,ERR,ERR,ERR,ERR,ERR,ERR,ERR,ERR,ERR,ERR,ERR,ERR,ERR,ERR,ERR,ERR,ERR,ERR,ERR,ERR,ERR,ERR,ERR,ERR,ERR,ERR,ERR,ERR,ERR,ERR,ERR,ERR,ERR,ERR,ERR,ERR,ERR,ERR,ERR,ERR,ERR,ERR,ERR,ERR,ERR,ERR,ERR,ERR,ERR,ERR,ERR,ERR,ERR,ERR,ERR,ERR,ERR,ERR,ERR,ERR,ERR,ERR,ERR,ERR,ERR,ERR,ERR,ERR,ERR,ERR,ERR,ERR,ERR,ERR,ERR,ERR,ERR,ERR,ERR,ERR,ERR,ERR,ERR,ERR,ERR,ERR,ERR,ERR,ERR,ERR,ERR,ERR,ERR,ERR,ERR,ERR,ERR,ERR,ERR,ERR,ERR,ERR,ERR,ERR,ERR,ERR,0.0,0.0,-101055584.0,0.0,0.0,0.0,0.0,nan,0,0,0,32768,0,0.0,0,0.0,0.0,0.0,0.0,0.0,0,0,0,0,0.0,0,0,0,0,0,0,0,0,0,0,0,0,0,0,0,0,0,0,0,0,0,0,0,0,0,0,0,0,0,0,0,0,0,0,0,0,0,0,0,0,0,0,0,0,0.0,0.0,0.0,0.0,0.0,0.0,0.0,0.0,0.0,0.0,0.0,0.0,0.0,0.0,0.0,0.0,0.0,0.0,0.0,0.0,0.0,0.0,-2.004,0.0,-2.004,2.004,0.0,0.0,0.0,0.0,3394.5,8608108544.0,0.0,0.0,0.0,-0.0,0.0,0.0,0.0,0.0,0.0,0,-0.0,-71.629,0.0,0.0,0.0,0.0,0.0,0.0,0.0,0,0,0,0.0,0.0,0.0,0.0,0.0,0.0,0.0,0.0,0.0,0.0,0.0,0.0,0.0,0.0,0.0,0.0,0,-107875648.0,0,0.0,0,-107875648.0,-107877712.0,0,39322,17039,0,17054,0,17038,0,0,0,110,100,100,2.7302334150594743e+23,64.0,0.0,64.5,0.0,69.0,1,49,50,180,0,52429,0,0,0.0,0.0,0.0,0.0,-1.2684655480274944e+16,65.0,0.0,-0.0,0.0,645,0,689,0,0,0,717,0,790,0,709,0,690,0,645,0,642,0,615,0.032,52166656.0,-2.004,0.0,36112,16788,-631848.125,-0.0,0.0,-0.0,8.451281953612796e+20,0.0,29.0,60.0,70,0.0,0.0,0.0,0.0,0.0,0.0,0.0,0.0,0.0,0.0,0.0,0.0,0.0,0.0,0.0,0.0,59.2,69,11,65508,41,65476,0,300,0,0,8,20529,65476,0,0,61604,60.0,0.0,0.0,0.0,0.0,0.0
2026-04-04T11:19:55,ERR,ERR,ERR,ERR,ERR,ERR,ERR,ERR,ERR,ERR,ERR,ERR,ERR,ERR,ERR,ERR,ERR,ERR,ERR,ERR,ERR,ERR,ERR,ERR,ERR,ERR,ERR,ERR,ERR,ERR,ERR,ERR,ERR,ERR,ERR,ERR,ERR,ERR,ERR,ERR,ERR,ERR,ERR,ERR,ERR,ERR,ERR,ERR,ERR,ERR,ERR,ERR,ERR,ERR,ERR,ERR,ERR,ERR,ERR,ERR,ERR,ERR,ERR,ERR,ERR,ERR,ERR,ERR,ERR,ERR,ERR,ERR,ERR,ERR,ERR,ERR,ERR,ERR,ERR,ERR,ERR,ERR,ERR,ERR,ERR,ERR,ERR,ERR,ERR,ERR,ERR,ERR,ERR,ERR,ERR,ERR,ERR,ERR,ERR,ERR,ERR,ERR,ERR,ERR,ERR,ERR,ERR,ERR,ERR,ERR,ERR,ERR,ERR,ERR,ERR,ERR,ERR,ERR,ERR,ERR,ERR,ERR,ERR,ERR,ERR,0.0,0.0,-101055584.0,0.0,0.0,0.0,0.0,nan,0,0,0,32768,0,0.0,0,0.0,0.0,0.0,0.0,0.0,0,0,0,0,0.0,0,0,0,0,0,0,0,0,0,0,0,0,0,0,0,0,0,0,0,0,0,0,0,0,0,0,0,0,0,0,0,0,0,0,0,0,0,0,0,0,0,0,0,0,0.0,0.0,0.0,0.0,0.0,0.0,0.0,0.0,0.0,0.0,0.0,0.0,0.0,0.0,0.0,0.0,0.0,0.0,0.0,0.0,0.0,0.0,-2.004,0.0,-2.004,2.004,0.0,0.0,0.0,0.0,3394.5,8608108544.0,0.0,0.0,0.0,-0.0,0.0,0.0,0.0,0.0,0.0,0,-0.0,-71.629,0.0,0.0,0.0,0.0,0.0,0.0,0.0,0,0,0,0.0,0.0,0.0,0.0,0.0,0.0,0.0,0.0,0.0,0.0,0.0,0.0,0.0,0.0,0.0,0.0,0,-107875648.0,0,0.0,0,-107875648.0,-107877712.0,0,39322,17039,0,17054,0,17038,0,0,0,110,100,100,2.7302334150594743e+23,64.0,0.0,64.5,0.0,69.0,1,49,50,180,0,52429,0,0,0.0,0.0,0.0,0.0,-1.2684655480274944e+16,65.0,0.0,-0.0,0.0,645,0,689,0,0,0,717,0,790,0,709,0,690,0,645,0,642,0,615,0.032,52166656.0,-2.004,0.0,36112,16788,-631848.125,-0.0,0.0,-0.0,8.451281953612796e+20,0.0,29.0,60.0,70,0.0,0.0,0.0,0.0,0.0,0.0,0.0,0.0,0.0,0.0,0.0,0.0,0.0,0.0,0.0,0.0,59.2,69,11,65508,41,65476,0,300,0,0,8,20529,65476,0,0,61604,60.0,0.0,0.0,0.0,0.0,0.0
2026-04-04T11:19:56,ERR,ERR,ERR,ERR,ERR,ERR,ERR,ERR,ERR,ERR,ERR,ERR,ERR,ERR,ERR,ERR,ERR,ERR,ERR,ERR,ERR,ERR,ERR,ERR,ERR,ERR,ERR,ERR,ERR,ERR,ERR,ERR,ERR,ERR,ERR,ERR,ERR,ERR,ERR,ERR,ERR,ERR,ERR,ERR,ERR,ERR,ERR,ERR,ERR,ERR,ERR,ERR,ERR,ERR,ERR,ERR,ERR,ERR,ERR,ERR,ERR,ERR,ERR,ERR,ERR,ERR,ERR,ERR,ERR,ERR,ERR,ERR,ERR,ERR,ERR,ERR,ERR,ERR,ERR,ERR,ERR,ERR,ERR,ERR,ERR,ERR,ERR,ERR,ERR,ERR,ERR,ERR,ERR,ERR,ERR,ERR,ERR,ERR,ERR,ERR,ERR,ERR,ERR,ERR,ERR,ERR,ERR,ERR,ERR,ERR,ERR,ERR,ERR,ERR,ERR,ERR,ERR,ERR,ERR,ERR,ERR,ERR,ERR,ERR,ERR,0.0,0.0,-101055584.0,0.0,0.0,0.0,0.0,nan,0,0,0,32768,0,0.0,0,0.0,0.0,0.0,0.0,0.0,0,0,0,0,0.0,0,0,0,0,0,0,0,0,0,0,0,0,0,0,0,0,0,0,0,0,0,0,0,0,0,0,0,0,0,0,0,0,0,0,0,0,0,0,0,0,0,0,0,0,0.0,0.0,0.0,0.0,0.0,0.0,0.0,0.0,0.0,0.0,0.0,0.0,0.0,0.0,0.0,0.0,0.0,0.0,0.0,0.0,0.0,0.0,-2.004,0.0,-2.004,2.004,0.0,0.0,0.0,0.0,3394.5,8608108544.0,0.0,0.0,0.0,-0.0,0.0,0.0,0.0,0.0,0.0,0,-0.0,-71.629,0.0,0.0,0.0,0.0,0.0,0.0,0.0,0,0,0,0.0,0.0,0.0,0.0,0.0,0.0,0.0,0.0,0.0,0.0,0.0,0.0,0.0,0.0,0.0,0.0,0,-107875648.0,0,0.0,0,-107875648.0,-107877712.0,0,39322,17039,0,17054,52429,17037,0,0,0,110,100,100,2.7302334150594743e+23,64.0,0.0,64.9,-107615304.0,68.5,1,49,50,180,0,52429,0,0,0.0,0.0,0.0,0.0,-4.342027252662272e+16,65.0,0.0,0.0,0.0,645,0,689,0,0,0,718,0,790,0,709,0,689,0,645,0,642,0,615,0.032,55836672.0,-2.004,0.0,19600,16788,-4.5082796986141245e+18,-301833054584832.0,-0.0,-0.0,-0.0,1.6047575185581413e+35,29.0,60.0,70,0.0,0.0,0.0,0.0,0.0,0.0,0.0,0.0,0.0,0.0,0.0,0.0,0.0,0.0,0.0,0.0,59.6,69,11,65508,41,65476,0,300,0,0,8,20529,65476,0,0,61604,60.0,0.0,0.0,0.0,0.0,0.0
2026-04-04T11:19:57,ERR,ERR,ERR,ERR,ERR,ERR,ERR,ERR,ERR,ERR,ERR,ERR,ERR,ERR,ERR,ERR,ERR,ERR,ERR,ERR,ERR,ERR,ERR,ERR,ERR,ERR,ERR,ERR,ERR,ERR,ERR,ERR,ERR,ERR,ERR,ERR,ERR,ERR,ERR,ERR,ERR,ERR,ERR,ERR,ERR,ERR,ERR,ERR,ERR,ERR,ERR,ERR,ERR,ERR,ERR,ERR,ERR,ERR,ERR,ERR,ERR,ERR,ERR,ERR,ERR,ERR,ERR,ERR,ERR,ERR,ERR,ERR,ERR,ERR,ERR,ERR,ERR,ERR,ERR,ERR,ERR,ERR,ERR,ERR,ERR,ERR,ERR,ERR,ERR,ERR,ERR,ERR,ERR,ERR,ERR,ERR,ERR,ERR,ERR,ERR,ERR,ERR,ERR,ERR,ERR,ERR,ERR,ERR,ERR,ERR,ERR,ERR,ERR,ERR,ERR,ERR,ERR,ERR,ERR,ERR,ERR,ERR,ERR,ERR,ERR,0.0,0.0,-101055584.0,0.0,0.0,0.0,0.0,nan,0,0,0,32768,0,0.0,0,0.0,0.0,0.0,0.0,0.0,0,0,0,0,0.0,0,0,0,0,0,0,0,0,0,0,0,0,0,0,0,0,0,0,0,0,0,0,0,0,0,0,0,0,0,0,0,0,0,0,0,0,0,0,0,0,0,0,0,0,0.0,0.0,0.0,0.0,0.0,0.0,0.0,0.0,0.0,0.0,0.0,0.0,0.0,0.0,0.0,0.0,0.0,0.0,0.0,0.0,0.0,0.0,-2.004,0.0,-2.004,2.004,0.0,0.0,0.0,0.0,3394.5,8608108544.0,0.0,0.0,0.0,-0.0,0.0,0.0,0.0,0.0,0.0,0,-0.0,-71.629,0.0,0.0,0.0,0.0,0.0,0.0,0.0,0,0,0,0.0,0.0,0.0,0.0,0.0,0.0,0.0,0.0,0.0,0.0,0.0,0.0,0.0,0.0,0.0,0.0,0,-107875648.0,0,0.0,0,-107875648.0,-107877712.0,0,39322,17039,0,17054,52429,17037,0,0,0,110,100,100,2.7302334150594743e+23,64.0,0.0,64.9,-107615304.0,68.5,1,49,50,180,0,52429,0,0,0.0,0.0,0.0,0.0,-4.342027252662272e+16,65.0,0.0,0.0,0.0,645,0,689,0,0,0,718,0,790,0,709,0,689,0,645,0,642,0,615,0.032,55836672.0,-2.004,0.0,19600,16788,-4.5082796986141245e+18,-301833054584832.0,-0.0,-0.0,-0.0,1.6047575185581413e+35,29.0,60.0,70,0.0,0.0,0.0,0.0,0.0,0.0,0.0,0.0,0.0,0.0,0.0,0.0,0.0,0.0,0.0,0.0,59.6,69,11,65508,41,65476,0,300,0,0,8,20529,65476,0,0,61604,60.0,0.0,0.0,0.0,0.0,0.0
2026-04-04T11:19:58,ERR,ERR,ERR,ERR,ERR,ERR,ERR,ERR,ERR,ERR,ERR,ERR,ERR,ERR,ERR,ERR,ERR,ERR,ERR,ERR,ERR,ERR,ERR,ERR,ERR,ERR,ERR,ERR,ERR,ERR,ERR,ERR,ERR,ERR,ERR,ERR,ERR,ERR,ERR,ERR,ERR,ERR,ERR,ERR,ERR,ERR,ERR,ERR,ERR,ERR,ERR,ERR,ERR,ERR,ERR,ERR,ERR,ERR,ERR,ERR,ERR,ERR,ERR,ERR,ERR,ERR,ERR,ERR,ERR,ERR,ERR,ERR,ERR,ERR,ERR,ERR,ERR,ERR,ERR,ERR,ERR,ERR,ERR,ERR,ERR,ERR,ERR,ERR,ERR,ERR,ERR,ERR,ERR,ERR,ERR,ERR,ERR,ERR,ERR,ERR,ERR,ERR,ERR,ERR,ERR,ERR,ERR,ERR,ERR,ERR,ERR,ERR,ERR,ERR,ERR,ERR,ERR,ERR,ERR,ERR,ERR,ERR,ERR,ERR,ERR,0.0,0.0,-101055584.0,0.0,0.0,0.0,0.0,nan,0,0,0,32768,0,0.0,0,0.0,0.0,0.0,0.0,0.0,0,0,0,0,0.0,0,0,0,0,0,0,0,0,0,0,0,0,0,0,0,0,0,0,0,0,0,0,0,0,0,0,0,0,0,0,0,0,0,0,0,0,0,0,0,0,0,0,0,0,0.0,0.0,0.0,0.0,0.0,0.0,0.0,0.0,0.0,0.0,0.0,0.0,0.0,0.0,0.0,0.0,0.0,0.0,0.0,0.0,0.0,0.0,-2.004,0.0,-2.004,2.004,0.0,0.0,0.0,0.0,3394.5,8608108544.0,0.0,0.0,0.0,-0.0,0.0,0.0,0.0,0.0,0.0,0,-0.0,-71.629,0.0,0.0,0.0,0.0,0.0,0.0,0.0,0,0,0,0.0,0.0,0.0,0.0,0.0,0.0,0.0,0.0,0.0,0.0,0.0,0.0,0.0,0.0,0.0,0.0,0,-107875648.0,0,0.0,0,-107875648.0,-107877712.0,0,39322,17039,0,17054,52429,17037,0,0,0,110,100,100,2.7302334150594743e+23,64.0,0.0,64.9,-107615304.0,68.5,1,49,50,180,0,52429,0,0,0.0,0.0,0.0,0.0,-4.342027252662272e+16,65.0,0.0,0.0,0.0,645,0,689,0,0,0,718,0,790,0,709,0,689,0,645,0,642,0,615,0.032,55836672.0,-2.004,0.0,19600,16788,-4.5082796986141245e+18,-301833054584832.0,-0.0,-0.0,-0.0,1.6047575185581413e+35,29.0,60.0,70,0.0,0.0,0.0,0.0,0.0,0.0,0.0,0.0,0.0,0.0,0.0,0.0,0.0,0.0,0.0,0.0,59.6,69,11,65508,41,65476,0,300,0,0,8,20529,65476,0,0,61604,60.0,0.0,0.0,0.0,0.0,0.0
2026-04-04T11:19:59,ERR,ERR,ERR,ERR,ERR,ERR,ERR,ERR,ERR,ERR,ERR,ERR,ERR,ERR,ERR,ERR,ERR,ERR,ERR,ERR,ERR,ERR,ERR,ERR,ERR,ERR,ERR,ERR,ERR,ERR,ERR,ERR,ERR,ERR,ERR,ERR,ERR,ERR,ERR,ERR,ERR,ERR,ERR,ERR,ERR,ERR,ERR,ERR,ERR,ERR,ERR,ERR,ERR,ERR,ERR,ERR,ERR,ERR,ERR,ERR,ERR,ERR,ERR,ERR,ERR,ERR,ERR,ERR,ERR,ERR,ERR,ERR,ERR,ERR,ERR,ERR,ERR,ERR,ERR,ERR,ERR,ERR,ERR,ERR,ERR,ERR,ERR,ERR,ERR,ERR,ERR,ERR,ERR,ERR,ERR,ERR,ERR,ERR,ERR,ERR,ERR,ERR,ERR,ERR,ERR,ERR,ERR,ERR,ERR,ERR,ERR,ERR,ERR,ERR,ERR,ERR,ERR,ERR,ERR,ERR,ERR,ERR,ERR,ERR,ERR,0.0,0.0,-101055584.0,0.0,0.0,0.0,0.0,nan,0,0,0,32768,0,0.0,0,0.0,0.0,0.0,0.0,0.0,0,0,0,0,0.0,0,0,0,0,0,0,0,0,0,0,0,0,0,0,0,0,0,0,0,0,0,0,0,0,0,0,0,0,0,0,0,0,0,0,0,0,0,0,0,0,0,0,0,0,0.0,0.0,0.0,0.0,0.0,0.0,0.0,0.0,0.0,0.0,0.0,0.0,0.0,0.0,0.0,0.0,0.0,0.0,0.0,0.0,0.0,0.0,-2.004,0.0,-2.004,2.004,0.0,0.0,0.0,0.0,3394.5,8608108544.0,0.0,0.0,0.0,-0.0,0.0,0.0,0.0,0.0,0.0,0,-0.0,-71.629,0.0,0.0,0.0,0.0,0.0,0.0,0.0,0,0,0,0.0,0.0,0.0,0.0,0.0,0.0,0.0,0.0,0.0,0.0,0.0,0.0,0.0,0.0,0.0,0.0,0,-107875648.0,0,0.0,0,-107875648.0,-107877712.0,0,39322,17039,0,17054,52429,17037,0,0,0,110,100,100,2.7302334150594743e+23,64.0,0.0,64.9,-107615304.0,68.5,1,49,50,180,0,52429,0,0,0.0,0.0,0.0,0.0,-4.342027252662272e+16,65.0,0.0,0.0,0.0,645,0,689,0,0,0,718,0,790,0,709,0,689,0,645,0,642,0,615,0.032,55836672.0,-2.004,0.0,19600,16788,-4.5082796986141245e+18,-301833054584832.0,-0.0,-0.0,-0.0,1.6047575185581413e+35,29.0,60.0,70,0.0,0.0,0.0,0.0,0.0,0.0,0.0,0.0,0.0,0.0,0.0,0.0,0.0,0.0,0.0,0.0,59.2,69,11,65508,41,65476,0,300,0,0,8,20529,65476,0,0,61604,60.0,0.0,0.0,0.0,0.0,0.0
2026-04-04T11:20:00,ERR,ERR,ERR,ERR,ERR,ERR,ERR,ERR,ERR,ERR,ERR,ERR,ERR,ERR,ERR,ERR,ERR,ERR,ERR,ERR,ERR,ERR,ERR,ERR,ERR,ERR,ERR,ERR,ERR,ERR,ERR,ERR,ERR,ERR,ERR,ERR,ERR,ERR,ERR,ERR,ERR,ERR,ERR,ERR,ERR,ERR,ERR,ERR,ERR,ERR,ERR,ERR,ERR,ERR,ERR,ERR,ERR,ERR,ERR,ERR,ERR,ERR,ERR,ERR,ERR,ERR,ERR,ERR,ERR,ERR,ERR,ERR,ERR,ERR,ERR,ERR,ERR,ERR,ERR,ERR,ERR,ERR,ERR,ERR,ERR,ERR,ERR,ERR,ERR,ERR,ERR,ERR,ERR,ERR,ERR,ERR,ERR,ERR,ERR,ERR,ERR,ERR,ERR,ERR,ERR,ERR,ERR,ERR,ERR,ERR,ERR,ERR,ERR,ERR,ERR,ERR,ERR,ERR,ERR,ERR,ERR,ERR,ERR,ERR,ERR,0.0,0.0,-101055584.0,0.0,0.0,0.0,0.0,nan,0,0,0,32768,0,0.0,0,0.0,0.0,0.0,0.0,0.0,0,0,0,0,0.0,0,0,0,0,0,0,0,0,0,0,0,0,0,0,0,0,0,0,0,0,0,0,0,0,0,0,0,0,0,0,0,0,0,0,0,0,0,0,0,0,0,0,0,0,0.0,0.0,0.0,0.0,0.0,0.0,0.0,0.0,0.0,0.0,0.0,0.0,0.0,0.0,0.0,0.0,0.0,0.0,0.0,0.0,0.0,0.0,-2.004,0.0,-2.004,2.004,0.0,0.0,0.0,0.0,3394.5,8608108544.0,0.0,0.0,0.0,-0.0,0.0,0.0,0.0,0.0,0.0,0,-0.0,-71.629,0.0,0.0,0.0,0.0,0.0,0.0,0.0,0,0,0,0.0,0.0,0.0,0.0,0.0,0.0,0.0,0.0,0.0,0.0,0.0,0.0,0.0,0.0,0.0,0.0,0,-107875648.0,0,0.0,0,-107875648.0,-107877712.0,0,39322,17039,0,17054,52429,17037,0,0,0,110,100,100,2.7302334150594743e+23,64.0,0.0,64.9,-107615304.0,68.5,1,49,50,180,0,52429,0,0,0.0,0.0,0.0,0.0,-4.342027252662272e+16,65.0,0.0,0.0,0.0,645,0,689,0,0,0,718,0,790,0,709,0,689,0,645,0,642,0,615,0.032,55836672.0,-2.004,0.0,19600,16788,-4.5082796986141245e+18,-301833054584832.0,-0.0,-0.0,-0.0,1.6047575185581413e+35,29.0,60.0,70,0.0,0.0,0.0,0.0,0.0,0.0,0.0,0.0,0.0,0.0,0.0,0.0,0.0,0.0,0.0,0.0,59.2,69,11,65508,41,65476,0,300,0,0,8,20529,65476,0,0,61604,60.0,0.0,0.0,0.0,0.0,0.0
2026-04-04T11:20:01,ERR,ERR,ERR,ERR,ERR,ERR,ERR,ERR,ERR,ERR,ERR,ERR,ERR,ERR,ERR,ERR,ERR,ERR,ERR,ERR,ERR,ERR,ERR,ERR,ERR,ERR,ERR,ERR,ERR,ERR,ERR,ERR,ERR,ERR,ERR,ERR,ERR,ERR,ERR,ERR,ERR,ERR,ERR,ERR,ERR,ERR,ERR,ERR,ERR,ERR,ERR,ERR,ERR,ERR,ERR,ERR,ERR,ERR,ERR,ERR,ERR,ERR,ERR,ERR,ERR,ERR,ERR,ERR,ERR,ERR,ERR,ERR,ERR,ERR,ERR,ERR,ERR,ERR,ERR,ERR,ERR,ERR,ERR,ERR,ERR,ERR,ERR,ERR,ERR,ERR,ERR,ERR,ERR,ERR,ERR,ERR,ERR,ERR,ERR,ERR,ERR,ERR,ERR,ERR,ERR,ERR,ERR,ERR,ERR,ERR,ERR,ERR,ERR,ERR,ERR,ERR,ERR,ERR,ERR,ERR,ERR,ERR,ERR,ERR,ERR,0.0,0.0,-101055584.0,0.0,0.0,0.0,0.0,nan,0,0,0,32768,0,0.0,0,0.0,0.0,0.0,0.0,0.0,0,0,0,0,0.0,0,0,0,0,0,0,0,0,0,0,0,0,0,0,0,0,0,0,0,0,0,0,0,0,0,0,0,0,0,0,0,0,0,0,0,0,0,0,0,0,0,0,0,0,0.0,0.0,0.0,0.0,0.0,0.0,0.0,0.0,0.0,0.0,0.0,0.0,0.0,0.0,0.0,0.0,0.0,0.0,0.0,0.0,0.0,0.0,-2.004,0.0,-2.004,2.004,0.0,0.0,0.0,0.0,3394.5,8608108544.0,0.0,0.0,0.0,-0.0,0.0,0.0,0.0,0.0,0.0,0,-0.0,-71.629,0.0,0.0,0.0,0.0,0.0,0.0,0.0,0,0,0,0.0,0.0,0.0,0.0,0.0,0.0,0.0,0.0,0.0,0.0,0.0,0.0,0.0,0.0,0.0,0.0,0,-107875648.0,0,0.0,0,-107875648.0,-107877712.0,0,39322,17039,0,17054,52429,17037,0,0,0,110,100,100,2.7302334150594743e+23,64.0,0.0,64.9,-107615304.0,68.5,1,49,50,180,0,52429,0,0,0.0,0.0,0.0,0.0,-4.342027252662272e+16,65.0,0.0,0.0,0.0,645,0,689,0,0,0,718,0,790,0,709,0,689,0,645,0,642,0,615,0.032,55836672.0,-2.004,0.0,19600,16788,-4.5082796986141245e+18,-301833054584832.0,-0.0,-0.0,-0.0,1.6047575185581413e+35,29.0,60.0,70,0.0,0.0,0.0,0.0,0.0,0.0,0.0,0.0,0.0,0.0,0.0,0.0,0.0,0.0,0.0,0.0,59.2,69,11,65508,41,65476,0,300,0,0,8,20529,65476,0,0,61604,60.0,0.0,0.0,0.0,0.0,0.0
2026-04-04T11:20:02,ERR,ERR,ERR,ERR,ERR,ERR,ERR,ERR,ERR,ERR,ERR,ERR,ERR,ERR,ERR,ERR,ERR,ERR,ERR,ERR,ERR,ERR,ERR,ERR,ERR,ERR,ERR,ERR,ERR,ERR,ERR,ERR,ERR,ERR,ERR,ERR,ERR,ERR,ERR,ERR,ERR,ERR,ERR,ERR,ERR,ERR,ERR,ERR,ERR,ERR,ERR,ERR,ERR,ERR,ERR,ERR,ERR,ERR,ERR,ERR,ERR,ERR,ERR,ERR,ERR,ERR,ERR,ERR,ERR,ERR,ERR,ERR,ERR,ERR,ERR,ERR,ERR,ERR,ERR,ERR,ERR,ERR,ERR,ERR,ERR,ERR,ERR,ERR,ERR,ERR,ERR,ERR,ERR,ERR,ERR,ERR,ERR,ERR,ERR,ERR,ERR,ERR,ERR,ERR,ERR,ERR,ERR,ERR,ERR,ERR,ERR,ERR,ERR,ERR,ERR,ERR,ERR,ERR,ERR,ERR,ERR,ERR,ERR,ERR,ERR,0.0,0.0,-101055584.0,0.0,0.0,0.0,0.0,nan,0,0,0,32768,0,0.0,0,0.0,0.0,0.0,0.0,0.0,0,0,0,0,0.0,0,0,0,0,0,0,0,0,0,0,0,0,0,0,0,0,0,0,0,0,0,0,0,0,0,0,0,0,0,0,0,0,0,0,0,0,0,0,0,0,0,0,0,0,0.0,0.0,0.0,0.0,0.0,0.0,0.0,0.0,0.0,0.0,0.0,0.0,0.0,0.0,0.0,0.0,0.0,0.0,0.0,0.0,0.0,0.0,-2.004,0.0,-2.004,2.004,0.0,0.0,0.0,0.0,3380.0,-3.697154027885167e+19,0.0,0.0,0.0,-0.0,0.0,0.0,0.0,0.0,0.0,0,-71.63,-0.0,0.0,0.0,0.0,0.0,0.0,0.0,0.0,0,0,0,0.0,0.0,0.0,0.0,0.0,0.0,0.0,0.0,0.0,0.0,0.0,0.0,0.0,0.0,0.0,0.0,0,-107875648.0,0,0.0,0,-107875648.0,-107877712.0,0,39322,17039,0,17054,0,17038,0,0,0,110,100,100,2.7302334150594743e+23,64.0,0.0,64.5,-107615304.0,68.5,1,49,50,180,0,52429,0,0,0.0,0.0,0.0,0.0,-20513.254,65.0,0.0,-5.508139154685418e+32,0.0,645,0,689,0,0,0,718,0,790,0,709,0,690,0,645,0,642,0,615,0.032,55836672.0,-2.004,0.0,27536,16788,-0.0,-1.4164521766742917e+18,0.076,0.0,3.44933684409307e+25,0.0,29.0,60.0,70,0.0,0.0,0.0,0.0,0.0,0.0,0.0,0.0,0.0,0.0,0.0,0.0,0.0,0.0,0.0,0.0,59.2,69,11,65508,41,65476,0,300,0,0,8,20529,65476,0,0,61604,60.0,0.0,0.0,0.0,0.0,0.0
2026-04-04T11:20:03,ERR,ERR,ERR,ERR,ERR,ERR,ERR,ERR,ERR,ERR,ERR,ERR,ERR,ERR,ERR,ERR,ERR,ERR,ERR,ERR,ERR,ERR,ERR,ERR,ERR,ERR,ERR,ERR,ERR,ERR,ERR,ERR,ERR,ERR,ERR,ERR,ERR,ERR,ERR,ERR,ERR,ERR,ERR,ERR,ERR,ERR,ERR,ERR,ERR,ERR,ERR,ERR,ERR,ERR,ERR,ERR,ERR,ERR,ERR,ERR,ERR,ERR,ERR,ERR,ERR,ERR,ERR,ERR,ERR,ERR,ERR,ERR,ERR,ERR,ERR,ERR,ERR,ERR,ERR,ERR,ERR,ERR,ERR,ERR,ERR,ERR,ERR,ERR,ERR,ERR,ERR,ERR,ERR,ERR,ERR,ERR,ERR,ERR,ERR,ERR,ERR,ERR,ERR,ERR,ERR,ERR,ERR,ERR,ERR,ERR,ERR,ERR,ERR,ERR,ERR,ERR,ERR,ERR,ERR,ERR,ERR,ERR,ERR,ERR,ERR,0.0,0.0,-101055584.0,0.0,0.0,0.0,0.0,nan,0,0,0,32768,0,0.0,0,0.0,0.0,0.0,0.0,0.0,0,0,0,0,0.0,0,0,0,0,0,0,0,0,0,0,0,0,0,0,0,0,0,0,0,0,0,0,0,0,0,0,0,0,0,0,0,0,0,0,0,0,0,0,0,0,0,0,0,0,0.0,0.0,0.0,0.0,0.0,0.0,0.0,0.0,0.0,0.0,0.0,0.0,0.0,0.0,0.0,0.0,0.0,0.0,0.0,0.0,0.0,0.0,-2.004,0.0,-2.004,2.004,0.0,0.0,0.0,0.0,3380.0,-3.697154027885167e+19,0.0,0.0,0.0,-0.0,0.0,0.0,0.0,0.0,0.0,0,-71.63,-0.0,0.0,0.0,0.0,0.0,0.0,0.0,0.0,0,0,0,0.0,0.0,0.0,0.0,0.0,0.0,0.0,0.0,0.0,0.0,0.0,0.0,0.0,0.0,0.0,0.0,0,-107875648.0,0,0.0,0,-107875648.0,-107877712.0,0,39322,17039,0,17054,0,17038,0,0,0,110,100,100,2.7302334150594743e+23,64.0,0.0,64.5,-107615304.0,68.5,1,49,50,180,0,52429,0,0,0.0,0.0,0.0,0.0,-20513.254,65.0,0.0,-5.508139154685418e+32,0.0,645,0,689,0,0,0,718,0,790,0,709,0,690,0,645,0,642,0,615,0.032,55836672.0,-2.004,0.0,27536,16788,-0.0,-1.4164521766742917e+18,0.076,0.0,3.44933684409307e+25,0.0,29.0,60.0,70,0.0,0.0,0.0,0.0,0.0,0.0,0.0,0.0,0.0,0.0,0.0,0.0,0.0,0.0,0.0,0.0,59.2,69,11,65508,41,65476,0,300,0,0,8,20529,65476,0,0,61604,60.0,0.0,0.0,0.0,0.0,0.0
2026-04-04T11:20:04,ERR,ERR,ERR,ERR,ERR,ERR,ERR,ERR,ERR,ERR,ERR,ERR,ERR,ERR,ERR,ERR,ERR,ERR,ERR,ERR,ERR,ERR,ERR,ERR,ERR,ERR,ERR,ERR,ERR,ERR,ERR,ERR,ERR,ERR,ERR,ERR,ERR,ERR,ERR,ERR,ERR,ERR,ERR,ERR,ERR,ERR,ERR,ERR,ERR,ERR,ERR,ERR,ERR,ERR,ERR,ERR,ERR,ERR,ERR,ERR,ERR,ERR,ERR,ERR,ERR,ERR,ERR,ERR,ERR,ERR,ERR,ERR,ERR,ERR,ERR,ERR,ERR,ERR,ERR,ERR,ERR,ERR,ERR,ERR,ERR,ERR,ERR,ERR,ERR,ERR,ERR,ERR,ERR,ERR,ERR,ERR,ERR,ERR,ERR,ERR,ERR,ERR,ERR,ERR,ERR,ERR,ERR,ERR,ERR,ERR,ERR,ERR,ERR,ERR,ERR,ERR,ERR,ERR,ERR,ERR,ERR,ERR,ERR,ERR,ERR,0.0,0.0,-101055584.0,0.0,0.0,0.0,0.0,nan,0,0,0,32768,0,0.0,0,0.0,0.0,0.0,0.0,0.0,0,0,0,0,0.0,0,0,0,0,0,0,0,0,0,0,0,0,0,0,0,0,0,0,0,0,0,0,0,0,0,0,0,0,0,0,0,0,0,0,0,0,0,0,0,0,0,0,0,0,0.0,0.0,0.0,0.0,0.0,0.0,0.0,0.0,0.0,0.0,0.0,0.0,0.0,0.0,0.0,0.0,0.0,0.0,0.0,0.0,0.0,0.0,-2.004,0.0,-2.004,2.004,0.0,0.0,0.0,0.0,3380.0,-3.697154027885167e+19,0.0,0.0,0.0,-0.0,0.0,0.0,0.0,0.0,0.0,0,-71.63,-0.0,0.0,0.0,0.0,0.0,0.0,0.0,0.0,0,0,0,0.0,0.0,0.0,0.0,0.0,0.0,0.0,0.0,0.0,0.0,0.0,0.0,0.0,0.0,0.0,0.0,0,-107875648.0,0,0.0,0,-107875648.0,-107877712.0,0,39322,17039,0,17054,0,17038,0,0,0,110,100,100,2.7302334150594743e+23,64.0,0.0,64.5,-107615304.0,68.5,1,49,50,180,0,52429,0,0,0.0,0.0,0.0,0.0,-20513.254,65.0,0.0,-5.508139154685418e+32,0.0,645,0,689,0,0,0,718,0,790,0,709,0,690,0,645,0,642,0,615,0.032,55836672.0,-2.004,0.0,27536,16788,-0.0,-1.4164521766742917e+18,0.076,0.0,3.44933684409307e+25,0.0,29.0,60.0,70,0.0,0.0,0.0,0.0,0.0,0.0,0.0,0.0,0.0,0.0,0.0,0.0,0.0,0.0,0.0,0.0,59.2,69,11,65508,41,65476,0,300,0,0,8,20529,65476,0,0,61604,60.0,0.0,0.0,0.0,0.0,0.0
2026-04-04T11:20:05,ERR,ERR,ERR,ERR,ERR,ERR,ERR,ERR,ERR,ERR,ERR,ERR,ERR,ERR,ERR,ERR,ERR,ERR,ERR,ERR,ERR,ERR,ERR,ERR,ERR,ERR,ERR,ERR,ERR,ERR,ERR,ERR,ERR,ERR,ERR,ERR,ERR,ERR,ERR,ERR,ERR,ERR,ERR,ERR,ERR,ERR,ERR,ERR,ERR,ERR,ERR,ERR,ERR,ERR,ERR,ERR,ERR,ERR,ERR,ERR,ERR,ERR,ERR,ERR,ERR,ERR,ERR,ERR,ERR,ERR,ERR,ERR,ERR,ERR,ERR,ERR,ERR,ERR,ERR,ERR,ERR,ERR,ERR,ERR,ERR,ERR,ERR,ERR,ERR,ERR,ERR,ERR,ERR,ERR,ERR,ERR,ERR,ERR,ERR,ERR,ERR,ERR,ERR,ERR,ERR,ERR,ERR,ERR,ERR,ERR,ERR,ERR,ERR,ERR,ERR,ERR,ERR,ERR,ERR,ERR,ERR,ERR,ERR,ERR,ERR,0.0,0.0,-101055584.0,0.0,0.0,0.0,0.0,nan,0,0,0,32768,0,0.0,0,0.0,0.0,0.0,0.0,0.0,0,0,0,0,0.0,0,0,0,0,0,0,0,0,0,0,0,0,0,0,0,0,0,0,0,0,0,0,0,0,0,0,0,0,0,0,0,0,0,0,0,0,0,0,0,0,0,0,0,0,0.0,0.0,0.0,0.0,0.0,0.0,0.0,0.0,0.0,0.0,0.0,0.0,0.0,0.0,0.0,0.0,0.0,0.0,0.0,0.0,0.0,0.0,-2.004,0.0,-2.004,2.004,0.0,0.0,0.0,0.0,3380.0,-3.697154027885167e+19,0.0,0.0,0.0,-0.0,0.0,0.0,0.0,0.0,0.0,0,-71.63,-0.0,0.0,0.0,0.0,0.0,0.0,0.0,0.0,0,0,0,0.0,0.0,0.0,0.0,0.0,0.0,0.0,0.0,0.0,0.0,0.0,0.0,0.0,0.0,0.0,0.0,0,-107875648.0,0,0.0,0,-107875648.0,-107877712.0,0,39322,17039,0,17054,0,17038,0,0,0,110,100,100,2.7302334150594743e+23,64.0,0.0,64.5,-107615304.0,68.5,1,49,50,180,0,52429,0,0,0.0,0.0,0.0,0.0,-20513.254,65.0,0.0,-5.508139154685418e+32,0.0,645,0,689,0,0,0,718,0,790,0,709,0,690,0,645,0,642,0,615,0.032,55836672.0,-2.004,0.0,27536,16788,-0.0,-1.4164521766742917e+18,0.076,0.0,3.44933684409307e+25,0.0,29.0,60.0,70,0.0,0.0,0.0,0.0,0.0,0.0,0.0,0.0,0.0,0.0,0.0,0.0,0.0,0.0,0.0,0.0,59.2,69,11,65508,41,65476,0,300,0,0,8,20529,65476,0,0,61604,60.0,0.0,0.0,0.0,0.0,0.0
2026-04-04T11:20:06,ERR,ERR,ERR,ERR,ERR,ERR,ERR,ERR,ERR,ERR,ERR,ERR,ERR,ERR,ERR,ERR,ERR,ERR,ERR,ERR,ERR,ERR,ERR,ERR,ERR,ERR,ERR,ERR,ERR,ERR,ERR,ERR,ERR,ERR,ERR,ERR,ERR,ERR,ERR,ERR,ERR,ERR,ERR,ERR,ERR,ERR,ERR,ERR,ERR,ERR,ERR,ERR,ERR,ERR,ERR,ERR,ERR,ERR,ERR,ERR,ERR,ERR,ERR,ERR,ERR,ERR,ERR,ERR,ERR,ERR,ERR,ERR,ERR,ERR,ERR,ERR,ERR,ERR,ERR,ERR,ERR,ERR,ERR,ERR,ERR,ERR,ERR,ERR,ERR,ERR,ERR,ERR,ERR,ERR,ERR,ERR,ERR,ERR,ERR,ERR,ERR,ERR,ERR,ERR,ERR,ERR,ERR,ERR,ERR,ERR,ERR,ERR,ERR,ERR,ERR,ERR,ERR,ERR,ERR,ERR,ERR,ERR,ERR,ERR,ERR,0.0,0.0,-101055584.0,0.0,0.0,0.0,0.0,nan,0,0,0,32768,0,0.0,0,0.0,0.0,0.0,0.0,0.0,0,0,0,0,0.0,0,0,0,0,0,0,0,0,0,0,0,0,0,0,0,0,0,0,0,0,0,0,0,0,0,0,0,0,0,0,0,0,0,0,0,0,0,0,0,0,0,0,0,0,0.0,0.0,0.0,0.0,0.0,0.0,0.0,0.0,0.0,0.0,0.0,0.0,0.0,0.0,0.0,0.0,0.0,0.0,0.0,0.0,0.0,0.0,-2.004,0.0,-2.004,2.004,0.0,0.0,0.0,0.0,3380.0,-3.697154027885167e+19,0.0,0.0,0.0,-0.0,0.0,0.0,0.0,0.0,0.0,0,-71.63,-0.0,0.0,0.0,0.0,0.0,0.0,0.0,0.0,0,0,0,0.0,0.0,0.0,0.0,0.0,0.0,0.0,0.0,0.0,0.0,0.0,0.0,0.0,0.0,0.0,0.0,0,-107875648.0,0,0.0,0,-107875648.0,-107877712.0,0,39322,17039,0,17054,0,17038,0,0,0,110,100,100,2.7302334150594743e+23,64.0,0.0,64.5,-107615304.0,68.5,1,49,50,180,0,52429,0,0,0.0,0.0,0.0,0.0,-20513.254,65.0,0.0,-5.508139154685418e+32,0.0,645,0,689,0,0,0,718,0,790,0,709,0,690,0,645,0,642,0,615,0.032,55836672.0,-2.004,0.0,27536,16788,-0.0,-1.4164521766742917e+18,0.076,0.0,3.44933684409307e+25,0.0,29.0,60.0,70,0.0,0.0,0.0,0.0,0.0,0.0,0.0,0.0,0.0,0.0,0.0,0.0,0.0,0.0,0.0,0.0,59.2,69,11,65508,41,65476,0,300,0,0,8,20529,65476,0,0,61604,60.0,0.0,0.0,0.0,0.0,0.0
2026-04-04T11:20:07,ERR,ERR,ERR,ERR,ERR,ERR,ERR,ERR,ERR,ERR,ERR,ERR,ERR,ERR,ERR,ERR,ERR,ERR,ERR,ERR,ERR,ERR,ERR,ERR,ERR,ERR,ERR,ERR,ERR,ERR,ERR,ERR,ERR,ERR,ERR,ERR,ERR,ERR,ERR,ERR,ERR,ERR,ERR,ERR,ERR,ERR,ERR,ERR,ERR,ERR,ERR,ERR,ERR,ERR,ERR,ERR,ERR,ERR,ERR,ERR,ERR,ERR,ERR,ERR,ERR,ERR,ERR,ERR,ERR,ERR,ERR,ERR,ERR,ERR,ERR,ERR,ERR,ERR,ERR,ERR,ERR,ERR,ERR,ERR,ERR,ERR,ERR,ERR,ERR,ERR,ERR,ERR,ERR,ERR,ERR,ERR,ERR,ERR,ERR,ERR,ERR,ERR,ERR,ERR,ERR,ERR,ERR,ERR,ERR,ERR,ERR,ERR,ERR,ERR,ERR,ERR,ERR,ERR,ERR,ERR,ERR,ERR,ERR,ERR,ERR,0.0,0.0,-101055584.0,0.0,0.0,0.0,0.0,nan,0,0,0,32768,0,0.0,0,0.0,0.0,0.0,0.0,0.0,0,0,0,0,0.0,0,0,0,0,0,0,0,0,0,0,0,0,0,0,0,0,0,0,0,0,0,0,0,0,0,0,0,0,0,0,0,0,0,0,0,0,0,0,0,0,0,0,0,0,0.0,0.0,0.0,0.0,0.0,0.0,0.0,0.0,0.0,0.0,0.0,0.0,0.0,0.0,0.0,0.0,0.0,0.0,0.0,0.0,0.0,0.0,-2.004,0.0,-2.004,2.004,0.0,0.0,0.0,0.0,3380.0,-3.697154027885167e+19,0.0,0.0,0.0,-0.0,0.0,0.0,0.0,0.0,0.0,0,-71.63,-0.0,0.0,0.0,0.0,0.0,0.0,0.0,0.0,0,0,0,0.0,0.0,0.0,0.0,0.0,0.0,0.0,0.0,0.0,0.0,0.0,0.0,0.0,0.0,0.0,0.0,0,-107875648.0,0,0.0,0,-107875648.0,-107877712.0,0,39322,17039,0,17054,0,17038,0,0,0,110,100,100,2.7302334150594743e+23,64.0,0.0,64.5,-107615304.0,68.5,1,49,50,180,0,52429,0,0,0.0,0.0,0.0,0.0,-20513.254,65.0,0.0,-5.508139154685418e+32,0.0,645,0,689,0,0,0,718,0,790,0,709,0,690,0,645,0,642,0,615,0.032,55836672.0,-2.004,0.0,27536,16788,-0.0,-1.4164521766742917e+18,0.076,0.0,3.44933684409307e+25,0.0,29.0,60.0,70,0.0,0.0,0.0,0.0,0.0,0.0,0.0,0.0,0.0,0.0,0.0,0.0,0.0,0.0,0.0,0.0,59.2,69,11,65508,41,65476,0,300,0,0,8,20529,65476,0,0,61604,60.0,0.0,0.0,0.0,0.0,0.0
2026-04-04T11:20:08,ERR,ERR,ERR,ERR,ERR,ERR,ERR,ERR,ERR,ERR,ERR,ERR,ERR,ERR,ERR,ERR,ERR,ERR,ERR,ERR,ERR,ERR,ERR,ERR,ERR,ERR,ERR,ERR,ERR,ERR,ERR,ERR,ERR,ERR,ERR,ERR,ERR,ERR,ERR,ERR,ERR,ERR,ERR,ERR,ERR,ERR,ERR,ERR,ERR,ERR,ERR,ERR,ERR,ERR,ERR,ERR,ERR,ERR,ERR,ERR,ERR,ERR,ERR,ERR,ERR,ERR,ERR,ERR,ERR,ERR,ERR,ERR,ERR,ERR,ERR,ERR,ERR,ERR,ERR,ERR,ERR,ERR,ERR,ERR,ERR,ERR,ERR,ERR,ERR,ERR,ERR,ERR,ERR,ERR,ERR,ERR,ERR,ERR,ERR,ERR,ERR,ERR,ERR,ERR,ERR,ERR,ERR,ERR,ERR,ERR,ERR,ERR,ERR,ERR,ERR,ERR,ERR,ERR,ERR,ERR,ERR,ERR,ERR,ERR,ERR,0.0,0.0,-101055584.0,0.0,0.0,0.0,0.0,nan,0,0,0,32768,0,0.0,0,0.0,0.0,0.0,0.0,0.0,0,0,0,0,0.0,0,0,0,0,0,0,0,0,0,0,0,0,0,0,0,0,0,0,0,0,0,0,0,0,0,0,0,0,0,0,0,0,0,0,0,0,0,0,0,0,0,0,0,0,0.0,0.0,0.0,0.0,0.0,0.0,0.0,0.0,0.0,0.0,0.0,0.0,0.0,0.0,0.0,0.0,0.0,0.0,0.0,0.0,0.0,0.0,-2.004,0.0,-2.004,2.004,0.0,0.0,0.0,0.0,3380.0,-3.697154027885167e+19,0.0,0.0,0.0,-0.0,0.0,0.0,0.0,0.0,0.0,0,-71.63,-0.0,0.0,0.0,0.0,0.0,0.0,0.0,0.0,0,0,0,0.0,0.0,0.0,0.0,0.0,0.0,0.0,0.0,0.0,0.0,0.0,0.0,0.0,0.0,0.0,0.0,0,-107875648.0,0,0.0,0,-107875648.0,-107877712.0,0,39322,17039,0,17054,52429,17037,0,0,0,110,100,100,2.7302334150594743e+23,64.0,0.0,64.5,0.0,69.0,1,49,50,180,0,52429,0,0,0.0,0.0,0.0,0.0,-0.009,65.0,0.0,26475491328.0,0.0,645,0,689,0,0,0,717,0,790,0,709,0,689,0,645,0,642,0,615,0.032,55574528.0,-2.004,0.0,12432,16788,-8.016,0.09,-1.9130231064241207e+28,-24.031,0.0,-3.0668086384261155e+21,29.0,60.0,70,0.0,0.0,0.0,0.0,0.0,0.0,0.0,0.0,0.0,0.0,0.0,0.0,0.0,0.0,0.0,0.0,59.2,69,11,65508,41,65476,0,300,0,0,8,20529,65476,0,0,61604,60.0,0.0,0.0,0.0,0.0,0.0
2026-04-04T11:20:09,ERR,ERR,ERR,ERR,ERR,ERR,ERR,ERR,ERR,ERR,ERR,ERR,ERR,ERR,ERR,ERR,ERR,ERR,ERR,ERR,ERR,ERR,ERR,ERR,ERR,ERR,ERR,ERR,ERR,ERR,ERR,ERR,ERR,ERR,ERR,ERR,ERR,ERR,ERR,ERR,ERR,ERR,ERR,ERR,ERR,ERR,ERR,ERR,ERR,ERR,ERR,ERR,ERR,ERR,ERR,ERR,ERR,ERR,ERR,ERR,ERR,ERR,ERR,ERR,ERR,ERR,ERR,ERR,ERR,ERR,ERR,ERR,ERR,ERR,ERR,ERR,ERR,ERR,ERR,ERR,ERR,ERR,ERR,ERR,ERR,ERR,ERR,ERR,ERR,ERR,ERR,ERR,ERR,ERR,ERR,ERR,ERR,ERR,ERR,ERR,ERR,ERR,ERR,ERR,ERR,ERR,ERR,ERR,ERR,ERR,ERR,ERR,ERR,ERR,ERR,ERR,ERR,ERR,ERR,ERR,ERR,ERR,ERR,ERR,ERR,0.0,0.0,-101055584.0,0.0,0.0,0.0,0.0,nan,0,0,0,32768,0,0.0,0,0.0,0.0,0.0,0.0,0.0,0,0,0,0,0.0,0,0,0,0,0,0,0,0,0,0,0,0,0,0,0,0,0,0,0,0,0,0,0,0,0,0,0,0,0,0,0,0,0,0,0,0,0,0,0,0,0,0,0,0,0.0,0.0,0.0,0.0,0.0,0.0,0.0,0.0,0.0,0.0,0.0,0.0,0.0,0.0,0.0,0.0,0.0,0.0,0.0,0.0,0.0,0.0,-2.004,0.0,-2.004,2.004,0.0,0.0,0.0,0.0,3394.0,0.0,0.0,0.0,0.0,-0.0,0.0,0.0,0.0,0.0,0.0,0,-0.0,-71.629,0.0,0.0,0.0,0.0,0.0,0.0,0.0,0,0,0,0.0,0.0,0.0,0.0,0.0,0.0,0.0,0.0,0.0,0.0,0.0,0.0,0.0,0.0,0.0,0.0,0,-107875648.0,0,0.0,0,-107875648.0,-107877712.0,0,39322,17039,0,17054,52429,17037,0,0,0,110,100,100,2.7302334150594743e+23,64.0,0.0,64.5,0.0,69.0,1,49,50,180,0,52429,0,0,0.0,0.0,0.0,0.0,-0.009,65.0,0.0,26475491328.0,0.0,645,0,689,0,0,0,717,0,790,0,709,0,689,0,645,0,642,0,615,0.032,55574528.0,-2.004,0.0,12432,16788,-8.016,0.09,-1.9130231064241207e+28,-24.031,0.0,-3.0668086384261155e+21,29.0,60.0,70,0.0,0.0,0.0,0.0,0.0,0.0,0.0,0.0,0.0,0.0,0.0,0.0,0.0,0.0,0.0,0.0,59.6,69,11,65508,41,65476,0,300,0,0,8,20529,65476,0,0,61604,60.0,0.0,0.0,0.0,0.0,0.0
2026-04-04T11:20:10,ERR,ERR,ERR,ERR,ERR,ERR,ERR,ERR,ERR,ERR,ERR,ERR,ERR,ERR,ERR,ERR,ERR,ERR,ERR,ERR,ERR,ERR,ERR,ERR,ERR,ERR,ERR,ERR,ERR,ERR,ERR,ERR,ERR,ERR,ERR,ERR,ERR,ERR,ERR,ERR,ERR,ERR,ERR,ERR,ERR,ERR,ERR,ERR,ERR,ERR,ERR,ERR,ERR,ERR,ERR,ERR,ERR,ERR,ERR,ERR,ERR,ERR,ERR,ERR,ERR,ERR,ERR,ERR,ERR,ERR,ERR,ERR,ERR,ERR,ERR,ERR,ERR,ERR,ERR,ERR,ERR,ERR,ERR,ERR,ERR,ERR,ERR,ERR,ERR,ERR,ERR,ERR,ERR,ERR,ERR,ERR,ERR,ERR,ERR,ERR,ERR,ERR,ERR,ERR,ERR,ERR,ERR,ERR,ERR,ERR,ERR,ERR,ERR,ERR,ERR,ERR,ERR,ERR,ERR,ERR,ERR,ERR,ERR,ERR,ERR,0.0,0.0,-101055584.0,0.0,0.0,0.0,0.0,nan,0,0,0,32768,0,0.0,0,0.0,0.0,0.0,0.0,0.0,0,0,0,0,0.0,0,0,0,0,0,0,0,0,0,0,0,0,0,0,0,0,0,0,0,0,0,0,0,0,0,0,0,0,0,0,0,0,0,0,0,0,0,0,0,0,0,0,0,0,0.0,0.0,0.0,0.0,0.0,0.0,0.0,0.0,0.0,0.0,0.0,0.0,0.0,0.0,0.0,0.0,0.0,0.0,0.0,0.0,0.0,0.0,-2.004,0.0,-2.004,2.004,0.0,0.0,0.0,0.0,3394.0,0.0,0.0,0.0,0.0,-0.0,0.0,0.0,0.0,0.0,0.0,0,-0.0,-71.629,0.0,0.0,0.0,0.0,0.0,0.0,0.0,0,0,0,0.0,0.0,0.0,0.0,0.0,0.0,0.0,0.0,0.0,0.0,0.0,0.0,0.0,0.0,0.0,0.0,0,-107875648.0,0,0.0,0,-107875648.0,-107877712.0,0,39322,17039,0,17054,52429,17037,0,0,0,110,100,100,2.7302334150594743e+23,64.0,0.0,64.5,0.0,69.0,1,49,50,180,0,52429,0,0,0.0,0.0,0.0,0.0,-0.009,65.0,0.0,26475491328.0,0.0,645,0,689,0,0,0,717,0,790,0,709,0,689,0,645,0,642,0,615,0.032,55574528.0,-2.004,0.0,12432,16788,-8.016,0.09,-1.9130231064241207e+28,-24.031,0.0,-3.0668086384261155e+21,29.0,60.0,70,0.0,0.0,0.0,0.0,0.0,0.0,0.0,0.0,0.0,0.0,0.0,0.0,0.0,0.0,0.0,0.0,59.6,69,11,65508,41,65476,0,300,0,0,8,20529,65476,0,0,61604,60.0,0.0,0.0,0.0,0.0,0.0
2026-04-04T11:20:11,ERR,ERR,ERR,ERR,ERR,ERR,ERR,ERR,ERR,ERR,ERR,ERR,ERR,ERR,ERR,ERR,ERR,ERR,ERR,ERR,ERR,ERR,ERR,ERR,ERR,ERR,ERR,ERR,ERR,ERR,ERR,ERR,ERR,ERR,ERR,ERR,ERR,ERR,ERR,ERR,ERR,ERR,ERR,ERR,ERR,ERR,ERR,ERR,ERR,ERR,ERR,ERR,ERR,ERR,ERR,ERR,ERR,ERR,ERR,ERR,ERR,ERR,ERR,ERR,ERR,ERR,ERR,ERR,ERR,ERR,ERR,ERR,ERR,ERR,ERR,ERR,ERR,ERR,ERR,ERR,ERR,ERR,ERR,ERR,ERR,ERR,ERR,ERR,ERR,ERR,ERR,ERR,ERR,ERR,ERR,ERR,ERR,ERR,ERR,ERR,ERR,ERR,ERR,ERR,ERR,ERR,ERR,ERR,ERR,ERR,ERR,ERR,ERR,ERR,ERR,ERR,ERR,ERR,ERR,ERR,ERR,ERR,ERR,ERR,ERR,0.0,0.0,-101055584.0,0.0,0.0,0.0,0.0,nan,0,0,0,32768,0,0.0,0,0.0,0.0,0.0,0.0,0.0,0,0,0,0,0.0,0,0,0,0,0,0,0,0,0,0,0,0,0,0,0,0,0,0,0,0,0,0,0,0,0,0,0,0,0,0,0,0,0,0,0,0,0,0,0,0,0,0,0,0,0.0,0.0,0.0,0.0,0.0,0.0,0.0,0.0,0.0,0.0,0.0,0.0,0.0,0.0,0.0,0.0,0.0,0.0,0.0,0.0,0.0,0.0,-2.004,0.0,-2.004,2.004,0.0,0.0,0.0,0.0,3394.0,0.0,0.0,0.0,0.0,-0.0,0.0,0.0,0.0,0.0,0.0,0,-0.0,-71.629,0.0,0.0,0.0,0.0,0.0,0.0,0.0,0,0,0,0.0,0.0,0.0,0.0,0.0,0.0,0.0,0.0,0.0,0.0,0.0,0.0,0.0,0.0,0.0,0.0,0,-107875648.0,0,0.0,0,-107875648.0,-107877712.0,0,39322,17039,0,17054,52429,17037,0,0,0,110,100,100,2.7302334150594743e+23,64.0,0.0,64.5,0.0,69.0,1,49,50,180,0,52429,0,0,0.0,0.0,0.0,0.0,-0.009,65.0,0.0,26475491328.0,0.0,645,0,689,0,0,0,717,0,790,0,709,0,689,0,645,0,642,0,615,0.032,55574528.0,-2.004,0.0,12432,16788,-8.016,0.09,-1.9130231064241207e+28,-24.031,0.0,-3.0668086384261155e+21,29.0,60.0,70,0.0,0.0,0.0,0.0,0.0,0.0,0.0,0.0,0.0,0.0,0.0,0.0,0.0,0.0,0.0,0.0,59.6,69,11,65508,41,65476,0,300,0,0,8,20529,65476,0,0,61604,60.0,0.0,0.0,0.0,0.0,0.0
2026-04-04T11:20:12,ERR,ERR,ERR,ERR,ERR,ERR,ERR,ERR,ERR,ERR,ERR,ERR,ERR,ERR,ERR,ERR,ERR,ERR,ERR,ERR,ERR,ERR,ERR,ERR,ERR,ERR,ERR,ERR,ERR,ERR,ERR,ERR,ERR,ERR,ERR,ERR,ERR,ERR,ERR,ERR,ERR,ERR,ERR,ERR,ERR,ERR,ERR,ERR,ERR,ERR,ERR,ERR,ERR,ERR,ERR,ERR,ERR,ERR,ERR,ERR,ERR,ERR,ERR,ERR,ERR,ERR,ERR,ERR,ERR,ERR,ERR,ERR,ERR,ERR,ERR,ERR,ERR,ERR,ERR,ERR,ERR,ERR,ERR,ERR,ERR,ERR,ERR,ERR,ERR,ERR,ERR,ERR,ERR,ERR,ERR,ERR,ERR,ERR,ERR,ERR,ERR,ERR,ERR,ERR,ERR,ERR,ERR,ERR,ERR,ERR,ERR,ERR,ERR,ERR,ERR,ERR,ERR,ERR,ERR,ERR,ERR,ERR,ERR,ERR,ERR,0.0,0.0,-101055584.0,0.0,0.0,0.0,0.0,nan,0,0,0,32768,0,0.0,0,0.0,0.0,0.0,0.0,0.0,0,0,0,0,0.0,0,0,0,0,0,0,0,0,0,0,0,0,0,0,0,0,0,0,0,0,0,0,0,0,0,0,0,0,0,0,0,0,0,0,0,0,0,0,0,0,0,0,0,0,0.0,0.0,0.0,0.0,0.0,0.0,0.0,0.0,0.0,0.0,0.0,0.0,0.0,0.0,0.0,0.0,0.0,0.0,0.0,0.0,0.0,0.0,-2.004,0.0,-2.004,2.004,0.0,0.0,0.0,0.0,3394.0,0.0,0.0,0.0,0.0,-0.0,0.0,0.0,0.0,0.0,0.0,0,-0.0,-71.629,0.0,0.0,0.0,0.0,0.0,0.0,0.0,0,0,0,0.0,0.0,0.0,0.0,0.0,0.0,0.0,0.0,0.0,0.0,0.0,0.0,0.0,0.0,0.0,0.0,0,-107875648.0,0,0.0,0,-107875648.0,-107877712.0,0,39322,17039,0,17054,52429,17037,0,0,0,110,100,100,2.7302334150594743e+23,64.0,0.0,64.5,0.0,69.0,1,49,50,180,0,52429,0,0,0.0,0.0,0.0,0.0,-0.0,65.0,0.0,0.0,0.0,645,0,689,0,0,0,718,0,790,0,709,0,689,0,645,0,642,0,616,0.032,55574528.0,-2.004,0.0,9616,16788,-0.0,-1522632622080.0,6.015063995084913e+32,3.5463640301725244e+21,-6.099222975029052e+26,1.601844655549223e+36,29.0,60.0,70,0.0,0.0,0.0,0.0,0.0,0.0,0.0,0.0,0.0,0.0,0.0,0.0,0.0,0.0,0.0,0.0,59.6,69,11,65508,41,65476,0,300,0,0,8,20529,65476,0,0,61604,60.0,0.0,0.0,0.0,0.0,0.0
2026-04-04T11:20:13,ERR,ERR,ERR,ERR,ERR,ERR,ERR,ERR,ERR,ERR,ERR,ERR,ERR,ERR,ERR,ERR,ERR,ERR,ERR,ERR,ERR,ERR,ERR,ERR,ERR,ERR,ERR,ERR,ERR,ERR,ERR,ERR,ERR,ERR,ERR,ERR,ERR,ERR,ERR,ERR,ERR,ERR,ERR,ERR,ERR,ERR,ERR,ERR,ERR,ERR,ERR,ERR,ERR,ERR,ERR,ERR,ERR,ERR,ERR,ERR,ERR,ERR,ERR,ERR,ERR,ERR,ERR,ERR,ERR,ERR,ERR,ERR,ERR,ERR,ERR,ERR,ERR,ERR,ERR,ERR,ERR,ERR,ERR,ERR,ERR,ERR,ERR,ERR,ERR,ERR,ERR,ERR,ERR,ERR,ERR,ERR,ERR,ERR,ERR,ERR,ERR,ERR,ERR,ERR,ERR,ERR,ERR,ERR,ERR,ERR,ERR,ERR,ERR,ERR,ERR,ERR,ERR,ERR,ERR,ERR,ERR,ERR,ERR,ERR,ERR,0.0,0.0,-101055584.0,0.0,0.0,0.0,0.0,nan,0,0,0,32768,0,0.0,0,0.0,0.0,0.0,0.0,0.0,0,0,0,0,0.0,0,0,0,0,0,0,0,0,0,0,0,0,0,0,0,0,0,0,0,0,0,0,0,0,0,0,0,0,0,0,0,0,0,0,0,0,0,0,0,0,0,0,0,0,0.0,0.0,0.0,0.0,0.0,0.0,0.0,0.0,0.0,0.0,0.0,0.0,0.0,0.0,0.0,0.0,0.0,0.0,0.0,0.0,0.0,0.0,-2.004,0.0,-2.004,2.004,0.0,0.0,0.0,0.0,3394.0,0.0,0.0,0.0,0.0,-0.0,0.0,0.0,0.0,0.0,0.0,0,-0.0,-71.629,0.0,0.0,0.0,0.0,0.0,0.0,0.0,0,0,0,0.0,0.0,0.0,0.0,0.0,0.0,0.0,0.0,0.0,0.0,0.0,0.0,0.0,0.0,0.0,0.0,0,-107875648.0,0,0.0,0,-107875648.0,-107877712.0,0,39322,17039,0,17054,52429,17037,0,0,0,110,100,100,2.7302334150594743e+23,64.0,0.0,64.5,0.0,69.0,1,49,50,180,0,52429,0,0,0.0,0.0,0.0,0.0,-0.0,65.0,0.0,0.0,0.0,645,0,689,0,0,0,718,0,790,0,709,0,689,0,645,0,642,0,616,0.032,55574528.0,-2.004,0.0,9616,16788,-0.0,-1522632622080.0,6.015063995084913e+32,3.5463640301725244e+21,-6.099222975029052e+26,1.601844655549223e+36,29.0,60.0,70,0.0,0.0,0.0,0.0,0.0,0.0,0.0,0.0,0.0,0.0,0.0,0.0,0.0,0.0,0.0,0.0,59.2,69,11,65508,41,65476,0,300,0,0,8,20529,65476,0,0,61604,60.0,0.0,0.0,0.0,0.0,0.0
2026-04-04T11:20:14,ERR,ERR,ERR,ERR,ERR,ERR,ERR,ERR,ERR,ERR,ERR,ERR,ERR,ERR,ERR,ERR,ERR,ERR,ERR,ERR,ERR,ERR,ERR,ERR,ERR,ERR,ERR,ERR,ERR,ERR,ERR,ERR,ERR,ERR,ERR,ERR,ERR,ERR,ERR,ERR,ERR,ERR,ERR,ERR,ERR,ERR,ERR,ERR,ERR,ERR,ERR,ERR,ERR,ERR,ERR,ERR,ERR,ERR,ERR,ERR,ERR,ERR,ERR,ERR,ERR,ERR,ERR,ERR,ERR,ERR,ERR,ERR,ERR,ERR,ERR,ERR,ERR,ERR,ERR,ERR,ERR,ERR,ERR,ERR,ERR,ERR,ERR,ERR,ERR,ERR,ERR,ERR,ERR,ERR,ERR,ERR,ERR,ERR,ERR,ERR,ERR,ERR,ERR,ERR,ERR,ERR,ERR,ERR,ERR,ERR,ERR,ERR,ERR,ERR,ERR,ERR,ERR,ERR,ERR,ERR,ERR,ERR,ERR,ERR,ERR,0.0,0.0,-101055584.0,0.0,0.0,0.0,0.0,nan,0,0,0,32768,0,0.0,0,0.0,0.0,0.0,0.0,0.0,0,0,0,0,0.0,0,0,0,0,0,0,0,0,0,0,0,0,0,0,0,0,0,0,0,0,0,0,0,0,0,0,0,0,0,0,0,0,0,0,0,0,0,0,0,0,0,0,0,0,0.0,0.0,0.0,0.0,0.0,0.0,0.0,0.0,0.0,0.0,0.0,0.0,0.0,0.0,0.0,0.0,0.0,0.0,0.0,0.0,0.0,0.0,-2.004,0.0,-2.004,2.004,0.0,0.0,0.0,0.0,3394.0,0.0,0.0,0.0,0.0,-0.0,0.0,0.0,0.0,0.0,0.0,0,-0.0,-71.629,0.0,0.0,0.0,0.0,0.0,0.0,0.0,0,0,0,0.0,0.0,0.0,0.0,0.0,0.0,0.0,0.0,0.0,0.0,0.0,0.0,0.0,0.0,0.0,0.0,0,-107875648.0,0,0.0,0,-107875648.0,-107877712.0,0,39322,17039,0,17054,52429,17037,0,0,0,110,100,100,2.7302334150594743e+23,64.0,0.0,64.5,0.0,69.0,1,49,50,180,0,52429,0,0,0.0,0.0,0.0,0.0,-0.0,65.0,0.0,0.0,0.0,645,0,689,0,0,0,718,0,790,0,709,0,689,0,645,0,642,0,616,0.032,55574528.0,-2.004,0.0,9616,16788,-0.0,-1522632622080.0,6.015063995084913e+32,3.5463640301725244e+21,-6.099222975029052e+26,1.601844655549223e+36,29.0,60.0,70,0.0,0.0,0.0,0.0,0.0,0.0,0.0,0.0,0.0,0.0,0.0,0.0,0.0,0.0,0.0,0.0,59.2,69,11,65508,41,65476,0,300,0,0,8,20529,65476,0,0,61604,60.0,0.0,0.0,0.0,0.0,0.0
2026-04-04T11:20:15,ERR,ERR,ERR,ERR,ERR,ERR,ERR,ERR,ERR,ERR,ERR,ERR,ERR,ERR,ERR,ERR,ERR,ERR,ERR,ERR,ERR,ERR,ERR,ERR,ERR,ERR,ERR,ERR,ERR,ERR,ERR,ERR,ERR,ERR,ERR,ERR,ERR,ERR,ERR,ERR,ERR,ERR,ERR,ERR,ERR,ERR,ERR,ERR,ERR,ERR,ERR,ERR,ERR,ERR,ERR,ERR,ERR,ERR,ERR,ERR,ERR,ERR,ERR,ERR,ERR,ERR,ERR,ERR,ERR,ERR,ERR,ERR,ERR,ERR,ERR,ERR,ERR,ERR,ERR,ERR,ERR,ERR,ERR,ERR,ERR,ERR,ERR,ERR,ERR,ERR,ERR,ERR,ERR,ERR,ERR,ERR,ERR,ERR,ERR,ERR,ERR,ERR,ERR,ERR,ERR,ERR,ERR,ERR,ERR,ERR,ERR,ERR,ERR,ERR,ERR,ERR,ERR,ERR,ERR,ERR,ERR,ERR,ERR,ERR,ERR,0.0,0.0,-101055584.0,0.0,0.0,0.0,0.0,nan,0,0,0,32768,0,0.0,0,0.0,0.0,0.0,0.0,0.0,0,0,0,0,0.0,0,0,0,0,0,0,0,0,0,0,0,0,0,0,0,0,0,0,0,0,0,0,0,0,0,0,0,0,0,0,0,0,0,0,0,0,0,0,0,0,0,0,0,0,0.0,0.0,0.0,0.0,0.0,0.0,0.0,0.0,0.0,0.0,0.0,0.0,0.0,0.0,0.0,0.0,0.0,0.0,0.0,0.0,0.0,0.0,-2.004,0.0,-2.004,2.004,0.0,0.0,0.0,0.0,3394.0,0.0,0.0,0.0,0.0,-0.0,0.0,0.0,0.0,0.0,0.0,0,-0.0,-71.629,0.0,0.0,0.0,0.0,0.0,0.0,0.0,0,0,0,0.0,0.0,0.0,0.0,0.0,0.0,0.0,0.0,0.0,0.0,0.0,0.0,0.0,0.0,0.0,0.0,0,-107875648.0,0,0.0,0,-107875648.0,-107877712.0,0,39322,17039,0,17054,52429,17037,0,0,0,110,100,100,2.7302334150594743e+23,64.0,0.0,64.5,0.0,69.0,1,49,50,180,0,52429,0,0,0.0,0.0,0.0,0.0,-0.0,65.0,0.0,0.0,0.0,645,0,689,0,0,0,718,0,790,0,709,0,689,0,645,0,642,0,616,0.032,55574528.0,-2.004,0.0,9616,16788,-0.0,-1522632622080.0,6.015063995084913e+32,3.5463640301725244e+21,-6.099222975029052e+26,1.601844655549223e+36,29.0,60.0,70,0.0,0.0,0.0,0.0,0.0,0.0,0.0,0.0,0.0,0.0,0.0,0.0,0.0,0.0,0.0,0.0,59.2,69,11,65508,41,65476,0,300,0,0,8,20529,65476,0,0,61604,60.0,0.0,0.0,0.0,0.0,0.0
2026-04-04T11:20:16,ERR,ERR,ERR,ERR,ERR,ERR,ERR,ERR,ERR,ERR,ERR,ERR,ERR,ERR,ERR,ERR,ERR,ERR,ERR,ERR,ERR,ERR,ERR,ERR,ERR,ERR,ERR,ERR,ERR,ERR,ERR,ERR,ERR,ERR,ERR,ERR,ERR,ERR,ERR,ERR,ERR,ERR,ERR,ERR,ERR,ERR,ERR,ERR,ERR,ERR,ERR,ERR,ERR,ERR,ERR,ERR,ERR,ERR,ERR,ERR,ERR,ERR,ERR,ERR,ERR,ERR,ERR,ERR,ERR,ERR,ERR,ERR,ERR,ERR,ERR,ERR,ERR,ERR,ERR,ERR,ERR,ERR,ERR,ERR,ERR,ERR,ERR,ERR,ERR,ERR,ERR,ERR,ERR,ERR,ERR,ERR,ERR,ERR,ERR,ERR,ERR,ERR,ERR,ERR,ERR,ERR,ERR,ERR,ERR,ERR,ERR,ERR,ERR,ERR,ERR,ERR,ERR,ERR,ERR,ERR,ERR,ERR,ERR,ERR,ERR,0.0,0.0,-101055584.0,0.0,0.0,0.0,0.0,nan,0,0,0,32768,0,0.0,0,0.0,0.0,0.0,0.0,0.0,0,0,0,0,0.0,0,0,0,0,0,0,0,0,0,0,0,0,0,0,0,0,0,0,0,0,0,0,0,0,0,0,0,0,0,0,0,0,0,0,0,0,0,0,0,0,0,0,0,0,0.0,0.0,0.0,0.0,0.0,0.0,0.0,0.0,0.0,0.0,0.0,0.0,0.0,0.0,0.0,0.0,0.0,0.0,0.0,0.0,0.0,0.0,-2.004,0.0,-2.004,2.004,0.0,0.0,0.0,0.0,3394.0,0.0,0.0,0.0,0.0,-0.0,0.0,0.0,0.0,0.0,0.0,0,-0.0,-71.629,0.0,0.0,0.0,0.0,0.0,0.0,0.0,0,0,0,0.0,0.0,0.0,0.0,0.0,0.0,0.0,0.0,0.0,0.0,0.0,0.0,0.0,0.0,0.0,0.0,0,-107875648.0,0,0.0,0,-107875648.0,-107877712.0,0,39322,17039,0,17054,52429,17037,0,0,0,110,100,100,2.7302334150594743e+23,64.0,0.0,64.5,0.0,69.0,1,49,50,180,0,52429,0,0,0.0,0.0,0.0,0.0,-0.0,65.0,0.0,0.0,0.0,645,0,689,0,0,0,718,0,790,0,709,0,689,0,645,0,642,0,616,0.032,55574528.0,-2.004,0.0,9616,16788,-0.0,-1522632622080.0,6.015063995084913e+32,3.5463640301725244e+21,-6.099222975029052e+26,1.601844655549223e+36,29.0,60.0,70,0.0,0.0,0.0,0.0,0.0,0.0,0.0,0.0,0.0,0.0,0.0,0.0,0.0,0.0,0.0,0.0,59.2,69,11,65508,41,65476,0,300,0,0,8,20529,65476,0,0,61604,60.0,0.0,0.0,0.0,0.0,0.0
2026-04-04T11:20:17,ERR,ERR,ERR,ERR,ERR,ERR,ERR,ERR,ERR,ERR,ERR,ERR,ERR,ERR,ERR,ERR,ERR,ERR,ERR,ERR,ERR,ERR,ERR,ERR,ERR,ERR,ERR,ERR,ERR,ERR,ERR,ERR,ERR,ERR,ERR,ERR,ERR,ERR,ERR,ERR,ERR,ERR,ERR,ERR,ERR,ERR,ERR,ERR,ERR,ERR,ERR,ERR,ERR,ERR,ERR,ERR,ERR,ERR,ERR,ERR,ERR,ERR,ERR,ERR,ERR,ERR,ERR,ERR,ERR,ERR,ERR,ERR,ERR,ERR,ERR,ERR,ERR,ERR,ERR,ERR,ERR,ERR,ERR,ERR,ERR,ERR,ERR,ERR,ERR,ERR,ERR,ERR,ERR,ERR,ERR,ERR,ERR,ERR,ERR,ERR,ERR,ERR,ERR,ERR,ERR,ERR,ERR,ERR,ERR,ERR,ERR,ERR,ERR,ERR,ERR,ERR,ERR,ERR,ERR,ERR,ERR,ERR,ERR,ERR,ERR,0.0,0.0,-101055584.0,0.0,0.0,0.0,0.0,nan,0,0,0,32768,0,0.0,0,0.0,0.0,0.0,0.0,0.0,0,0,0,0,0.0,0,0,0,0,0,0,0,0,0,0,0,0,0,0,0,0,0,0,0,0,0,0,0,0,0,0,0,0,0,0,0,0,0,0,0,0,0,0,0,0,0,0,0,0,0.0,0.0,0.0,0.0,0.0,0.0,0.0,0.0,0.0,0.0,0.0,0.0,0.0,0.0,0.0,0.0,0.0,0.0,0.0,0.0,0.0,0.0,-2.004,0.0,-2.004,2.004,0.0,0.0,0.0,0.0,3377.5,-1.5879155638041463e+29,0.0,0.0,0.0,-0.0,0.0,0.0,0.0,0.0,0.0,0,-0.0,-0.0,0.0,0.0,0.0,0.0,0.0,0.0,0.0,0,0,0,0.0,0.0,0.0,0.0,0.0,0.0,0.0,0.0,0.0,0.0,0.0,0.0,0.0,0.0,0.0,0.0,0,-107875648.0,0,0.0,0,-107875648.0,-107877712.0,0,39322,17039,0,17054,52429,17037,0,0,0,110,100,100,2.7302334150594743e+23,64.0,0.0,64.5,0.0,69.0,1,49,50,180,0,52429,0,0,0.0,0.0,0.0,0.0,-0.0,65.0,0.0,0.0,0.0,645,0,689,0,0,0,718,0,790,0,709,0,689,0,645,0,642,0,616,0.032,55574528.0,-2.004,0.0,9616,16788,-0.0,-1522632622080.0,6.015063995084913e+32,3.5463640301725244e+21,-6.099222975029052e+26,1.601844655549223e+36,29.0,60.0,70,0.0,0.0,0.0,0.0,0.0,0.0,0.0,0.0,0.0,0.0,0.0,0.0,0.0,0.0,0.0,0.0,59.2,69,11,65508,41,65476,0,300,0,0,8,20529,65476,0,0,61604,60.0,0.0,0.0,0.0,0.0,0.0
2026-04-04T11:20:18,ERR,ERR,ERR,ERR,ERR,ERR,ERR,ERR,ERR,ERR,ERR,ERR,ERR,ERR,ERR,ERR,ERR,ERR,ERR,ERR,ERR,ERR,ERR,ERR,ERR,ERR,ERR,ERR,ERR,ERR,ERR,ERR,ERR,ERR,ERR,ERR,ERR,ERR,ERR,ERR,ERR,ERR,ERR,ERR,ERR,ERR,ERR,ERR,ERR,ERR,ERR,ERR,ERR,ERR,ERR,ERR,ERR,ERR,ERR,ERR,ERR,ERR,ERR,ERR,ERR,ERR,ERR,ERR,ERR,ERR,ERR,ERR,ERR,ERR,ERR,ERR,ERR,ERR,ERR,ERR,ERR,ERR,ERR,ERR,ERR,ERR,ERR,ERR,ERR,ERR,ERR,ERR,ERR,ERR,ERR,ERR,ERR,ERR,ERR,ERR,ERR,ERR,ERR,ERR,ERR,ERR,ERR,ERR,ERR,ERR,ERR,ERR,ERR,ERR,ERR,ERR,ERR,ERR,ERR,ERR,ERR,ERR,ERR,ERR,ERR,0.0,0.0,-101055584.0,0.0,0.0,0.0,0.0,nan,0,0,0,32768,0,0.0,0,0.0,0.0,0.0,0.0,0.0,0,0,0,0,0.0,0,0,0,0,0,0,0,0,0,0,0,0,0,0,0,0,0,0,0,0,0,0,0,0,0,0,0,0,0,0,0,0,0,0,0,0,0,0,0,0,0,0,0,0,0.0,0.0,0.0,0.0,0.0,0.0,0.0,0.0,0.0,0.0,0.0,0.0,0.0,0.0,0.0,0.0,0.0,0.0,0.0,0.0,0.0,0.0,-2.004,0.0,-2.004,2.004,0.0,0.0,0.0,0.0,3377.5,-1.5879155638041463e+29,0.0,0.0,0.0,-0.0,0.0,0.0,0.0,0.0,0.0,0,-0.0,-0.0,0.0,0.0,0.0,0.0,0.0,0.0,0.0,0,0,0,0.0,0.0,0.0,0.0,0.0,0.0,0.0,0.0,0.0,0.0,0.0,0.0,0.0,0.0,0.0,0.0,0,-107875648.0,0,0.0,0,-107875648.0,-107877712.0,0,26215,17039,0,17054,52429,17037,0,0,0,110,100,100,2.7302334150594743e+23,64.0,0.0,64.9,-107615304.0,68.5,1,49,50,180,0,52429,0,0,0.0,0.0,0.0,0.0,-8.016,65.0,0.0,-0.0,0.0,645,0,689,0,0,0,718,0,790,0,709,0,690,0,645,0,642,0,616,0.032,55836672.0,-2.004,0.0,23824,16788,-631848.125,-0.0,-0.0,473337138511872.0,0.0,-0.0,29.0,60.0,70,0.0,0.0,0.0,0.0,0.0,0.0,0.0,0.0,0.0,0.0,0.0,0.0,0.0,0.0,0.0,0.0,59.2,69,11,65508,41,65476,0,300,0,0,8,20529,65476,0,0,61604,60.0,0.0,0.0,0.0,0.0,0.0
2026-04-04T11:20:19,ERR,ERR,ERR,ERR,ERR,ERR,ERR,ERR,ERR,ERR,ERR,ERR,ERR,ERR,ERR,ERR,ERR,ERR,ERR,ERR,ERR,ERR,ERR,ERR,ERR,ERR,ERR,ERR,ERR,ERR,ERR,ERR,ERR,ERR,ERR,ERR,ERR,ERR,ERR,ERR,ERR,ERR,ERR,ERR,ERR,ERR,ERR,ERR,ERR,ERR,ERR,ERR,ERR,ERR,ERR,ERR,ERR,ERR,ERR,ERR,ERR,ERR,ERR,ERR,ERR,ERR,ERR,ERR,ERR,ERR,ERR,ERR,ERR,ERR,ERR,ERR,ERR,ERR,ERR,ERR,ERR,ERR,ERR,ERR,ERR,ERR,ERR,ERR,ERR,ERR,ERR,ERR,ERR,ERR,ERR,ERR,ERR,ERR,ERR,ERR,ERR,ERR,ERR,ERR,ERR,ERR,ERR,ERR,ERR,ERR,ERR,ERR,ERR,ERR,ERR,ERR,ERR,ERR,ERR,ERR,ERR,ERR,ERR,ERR,ERR,0.0,0.0,-101055584.0,0.0,0.0,0.0,0.0,nan,0,0,0,32768,0,0.0,0,0.0,0.0,0.0,0.0,0.0,0,0,0,0,0.0,0,0,0,0,0,0,0,0,0,0,0,0,0,0,0,0,0,0,0,0,0,0,0,0,0,0,0,0,0,0,0,0,0,0,0,0,0,0,0,0,0,0,0,0,0.0,0.0,0.0,0.0,0.0,0.0,0.0,0.0,0.0,0.0,0.0,0.0,0.0,0.0,0.0,0.0,0.0,0.0,0.0,0.0,0.0,0.0,-2.004,0.0,-2.004,2.004,0.0,0.0,0.0,0.0,3377.5,-1.5879155638041463e+29,0.0,0.0,0.0,-0.0,0.0,0.0,0.0,0.0,0.0,0,-0.0,-0.0,0.0,0.0,0.0,0.0,0.0,0.0,0.0,0,0,0,0.0,0.0,0.0,0.0,0.0,0.0,0.0,0.0,0.0,0.0,0.0,0.0,0.0,0.0,0.0,0.0,0,-107875648.0,0,0.0,0,-107875648.0,-107877712.0,0,26215,17039,0,17054,52429,17037,0,0,0,110,100,100,2.7302334150594743e+23,64.0,0.0,64.9,-107615304.0,68.5,1,49,50,180,0,52429,0,0,0.0,0.0,0.0,0.0,-8.016,65.0,0.0,-0.0,0.0,645,0,689,0,0,0,718,0,790,0,709,0,690,0,645,0,642,0,616,0.032,55836672.0,-2.004,0.0,23824,16788,-631848.125,-0.0,-0.0,473337138511872.0,0.0,-0.0,29.0,60.0,70,0.0,0.0,0.0,0.0,0.0,0.0,0.0,0.0,0.0,0.0,0.0,0.0,0.0,0.0,0.0,0.0,59.2,69,11,65508,41,65476,0,300,0,0,8,20529,65476,0,0,61604,60.0,0.0,0.0,0.0,0.0,0.0
2026-04-04T11:20:20,ERR,ERR,ERR,ERR,ERR,ERR,ERR,ERR,ERR,ERR,ERR,ERR,ERR,ERR,ERR,ERR,ERR,ERR,ERR,ERR,ERR,ERR,ERR,ERR,ERR,ERR,ERR,ERR,ERR,ERR,ERR,ERR,ERR,ERR,ERR,ERR,ERR,ERR,ERR,ERR,ERR,ERR,ERR,ERR,ERR,ERR,ERR,ERR,ERR,ERR,ERR,ERR,ERR,ERR,ERR,ERR,ERR,ERR,ERR,ERR,ERR,ERR,ERR,ERR,ERR,ERR,ERR,ERR,ERR,ERR,ERR,ERR,ERR,ERR,ERR,ERR,ERR,ERR,ERR,ERR,ERR,ERR,ERR,ERR,ERR,ERR,ERR,ERR,ERR,ERR,ERR,ERR,ERR,ERR,ERR,ERR,ERR,ERR,ERR,ERR,ERR,ERR,ERR,ERR,ERR,ERR,ERR,ERR,ERR,ERR,ERR,ERR,ERR,ERR,ERR,ERR,ERR,ERR,ERR,ERR,ERR,ERR,ERR,ERR,ERR,0.0,0.0,-101055584.0,0.0,0.0,0.0,0.0,nan,0,0,0,32768,0,0.0,0,0.0,0.0,0.0,0.0,0.0,0,0,0,0,0.0,0,0,0,0,0,0,0,0,0,0,0,0,0,0,0,0,0,0,0,0,0,0,0,0,0,0,0,0,0,0,0,0,0,0,0,0,0,0,0,0,0,0,0,0,0.0,0.0,0.0,0.0,0.0,0.0,0.0,0.0,0.0,0.0,0.0,0.0,0.0,0.0,0.0,0.0,0.0,0.0,0.0,0.0,0.0,0.0,-2.004,0.0,-2.004,2.004,0.0,0.0,0.0,0.0,3377.5,-1.5879155638041463e+29,0.0,0.0,0.0,-0.0,0.0,0.0,0.0,0.0,0.0,0,-0.0,-0.0,0.0,0.0,0.0,0.0,0.0,0.0,0.0,0,0,0,0.0,0.0,0.0,0.0,0.0,0.0,0.0,0.0,0.0,0.0,0.0,0.0,0.0,0.0,0.0,0.0,0,-107875648.0,0,0.0,0,-107875648.0,-107877712.0,0,26215,17039,0,17054,52429,17037,0,0,0,110,100,100,2.7302334150594743e+23,64.0,0.0,64.9,-107615304.0,68.5,1,49,50,180,0,52429,0,0,0.0,0.0,0.0,0.0,-8.016,65.0,0.0,-0.0,0.0,645,0,689,0,0,0,718,0,790,0,709,0,690,0,645,0,642,0,616,0.032,55836672.0,-2.004,0.0,23824,16788,-631848.125,-0.0,-0.0,473337138511872.0,0.0,-0.0,29.0,60.0,70,0.0,0.0,0.0,0.0,0.0,0.0,0.0,0.0,0.0,0.0,0.0,0.0,0.0,0.0,0.0,0.0,59.2,69,11,65508,41,65476,0,300,0,0,8,20529,65476,0,0,61604,60.0,0.0,0.0,0.0,0.0,0.0
2026-04-04T11:20:21,ERR,ERR,ERR,ERR,ERR,ERR,ERR,ERR,ERR,ERR,ERR,ERR,ERR,ERR,ERR,ERR,ERR,ERR,ERR,ERR,ERR,ERR,ERR,ERR,ERR,ERR,ERR,ERR,ERR,ERR,ERR,ERR,ERR,ERR,ERR,ERR,ERR,ERR,ERR,ERR,ERR,ERR,ERR,ERR,ERR,ERR,ERR,ERR,ERR,ERR,ERR,ERR,ERR,ERR,ERR,ERR,ERR,ERR,ERR,ERR,ERR,ERR,ERR,ERR,ERR,ERR,ERR,ERR,ERR,ERR,ERR,ERR,ERR,ERR,ERR,ERR,ERR,ERR,ERR,ERR,ERR,ERR,ERR,ERR,ERR,ERR,ERR,ERR,ERR,ERR,ERR,ERR,ERR,ERR,ERR,ERR,ERR,ERR,ERR,ERR,ERR,ERR,ERR,ERR,ERR,ERR,ERR,ERR,ERR,ERR,ERR,ERR,ERR,ERR,ERR,ERR,ERR,ERR,ERR,ERR,ERR,ERR,ERR,ERR,ERR,0.0,0.0,-101055584.0,0.0,0.0,0.0,0.0,nan,0,0,0,32768,0,0.0,0,0.0,0.0,0.0,0.0,0.0,0,0,0,0,0.0,0,0,0,0,0,0,0,0,0,0,0,0,0,0,0,0,0,0,0,0,0,0,0,0,0,0,0,0,0,0,0,0,0,0,0,0,0,0,0,0,0,0,0,0,0.0,0.0,0.0,0.0,0.0,0.0,0.0,0.0,0.0,0.0,0.0,0.0,0.0,0.0,0.0,0.0,0.0,0.0,0.0,0.0,0.0,0.0,-2.004,0.0,-2.004,2.004,0.0,0.0,0.0,0.0,3377.5,-1.5879155638041463e+29,0.0,0.0,0.0,-0.0,0.0,0.0,0.0,0.0,0.0,0,-0.0,-0.0,0.0,0.0,0.0,0.0,0.0,0.0,0.0,0,0,0,0.0,0.0,0.0,0.0,0.0,0.0,0.0,0.0,0.0,0.0,0.0,0.0,0.0,0.0,0.0,0.0,0,-107875648.0,0,0.0,0,-107875648.0,-107877712.0,0,26215,17039,0,17054,52429,17037,0,0,0,110,100,100,2.7302334150594743e+23,64.0,0.0,64.9,-107615304.0,68.5,1,49,50,180,0,52429,0,0,0.0,0.0,0.0,0.0,-8.016,65.0,0.0,-0.0,0.0,645,0,689,0,0,0,718,0,790,0,709,0,690,0,645,0,642,0,616,0.032,55836672.0,-2.004,0.0,23824,16788,-631848.125,-0.0,-0.0,473337138511872.0,0.0,-0.0,29.0,60.0,70,0.0,0.0,0.0,0.0,0.0,0.0,0.0,0.0,0.0,0.0,0.0,0.0,0.0,0.0,0.0,0.0,59.2,69,11,65508,41,65476,0,300,0,0,8,20529,65476,0,0,61604,60.0,0.0,0.0,0.0,0.0,0.0
2026-04-04T11:20:22,ERR,ERR,ERR,ERR,ERR,ERR,ERR,ERR,ERR,ERR,ERR,ERR,ERR,ERR,ERR,ERR,ERR,ERR,ERR,ERR,ERR,ERR,ERR,ERR,ERR,ERR,ERR,ERR,ERR,ERR,ERR,ERR,ERR,ERR,ERR,ERR,ERR,ERR,ERR,ERR,ERR,ERR,ERR,ERR,ERR,ERR,ERR,ERR,ERR,ERR,ERR,ERR,ERR,ERR,ERR,ERR,ERR,ERR,ERR,ERR,ERR,ERR,ERR,ERR,ERR,ERR,ERR,ERR,ERR,ERR,ERR,ERR,ERR,ERR,ERR,ERR,ERR,ERR,ERR,ERR,ERR,ERR,ERR,ERR,ERR,ERR,ERR,ERR,ERR,ERR,ERR,ERR,ERR,ERR,ERR,ERR,ERR,ERR,ERR,ERR,ERR,ERR,ERR,ERR,ERR,ERR,ERR,ERR,ERR,ERR,ERR,ERR,ERR,ERR,ERR,ERR,ERR,ERR,ERR,ERR,ERR,ERR,ERR,ERR,ERR,0.0,0.0,-101055584.0,0.0,0.0,0.0,0.0,nan,0,0,0,32768,0,0.0,0,0.0,0.0,0.0,0.0,0.0,0,0,0,0,0.0,0,0,0,0,0,0,0,0,0,0,0,0,0,0,0,0,0,0,0,0,0,0,0,0,0,0,0,0,0,0,0,0,0,0,0,0,0,0,0,0,0,0,0,0,0.0,0.0,0.0,0.0,0.0,0.0,0.0,0.0,0.0,0.0,0.0,0.0,0.0,0.0,0.0,0.0,0.0,0.0,0.0,0.0,0.0,0.0,-2.004,0.0,-2.004,2.004,0.0,0.0,0.0,0.0,3377.5,-1.5879155638041463e+29,0.0,0.0,0.0,-0.0,0.0,0.0,0.0,0.0,0.0,0,-0.0,-0.0,0.0,0.0,0.0,0.0,0.0,0.0,0.0,0,0,0,0.0,0.0,0.0,0.0,0.0,0.0,0.0,0.0,0.0,0.0,0.0,0.0,0.0,0.0,0.0,0.0,0,-107875648.0,0,0.0,0,-107875648.0,-107877712.0,0,26215,17039,0,17054,52429,17037,0,0,0,110,100,100,2.7302334150594743e+23,64.0,0.0,64.9,-107615304.0,68.5,1,49,50,180,0,52429,0,0,0.0,0.0,0.0,0.0,-14303874.0,65.0,0.0,-3.2538569277282706e+24,0.0,645,0,689,0,0,0,718,0,789,0,709,0,690,0,645,0,642,0,615,0.032,55836672.0,-2.004,0.0,12432,16788,-0.001,0.0,0.0,-0.0,-0.0,0.0,29.0,60.0,70,0.0,0.0,0.0,0.0,0.0,0.0,0.0,0.0,0.0,0.0,0.0,0.0,0.0,0.0,0.0,0.0,59.2,69,11,65508,41,65476,0,300,0,0,8,20529,65476,0,0,61604,60.0,0.0,0.0,0.0,0.0,0.0
2026-04-04T11:20:23,ERR,ERR,ERR,ERR,ERR,ERR,ERR,ERR,ERR,ERR,ERR,ERR,ERR,ERR,ERR,ERR,ERR,ERR,ERR,ERR,ERR,ERR,ERR,ERR,ERR,ERR,ERR,ERR,ERR,ERR,ERR,ERR,ERR,ERR,ERR,ERR,ERR,ERR,ERR,ERR,ERR,ERR,ERR,ERR,ERR,ERR,ERR,ERR,ERR,ERR,ERR,ERR,ERR,ERR,ERR,ERR,ERR,ERR,ERR,ERR,ERR,ERR,ERR,ERR,ERR,ERR,ERR,ERR,ERR,ERR,ERR,ERR,ERR,ERR,ERR,ERR,ERR,ERR,ERR,ERR,ERR,ERR,ERR,ERR,ERR,ERR,ERR,ERR,ERR,ERR,ERR,ERR,ERR,ERR,ERR,ERR,ERR,ERR,ERR,ERR,ERR,ERR,ERR,ERR,ERR,ERR,ERR,ERR,ERR,ERR,ERR,ERR,ERR,ERR,ERR,ERR,ERR,ERR,ERR,ERR,ERR,ERR,ERR,ERR,ERR,0.0,0.0,-101055584.0,0.0,0.0,0.0,0.0,nan,0,0,0,32768,0,0.0,0,0.0,0.0,0.0,0.0,0.0,0,0,0,0,0.0,0,0,0,0,0,0,0,0,0,0,0,0,0,0,0,0,0,0,0,0,0,0,0,0,0,0,0,0,0,0,0,0,0,0,0,0,0,0,0,0,0,0,0,0,0.0,0.0,0.0,0.0,0.0,0.0,0.0,0.0,0.0,0.0,0.0,0.0,0.0,0.0,0.0,0.0,0.0,0.0,0.0,0.0,0.0,0.0,-2.004,0.0,-2.004,2.004,0.0,0.0,0.0,0.0,3377.5,-1.5879155638041463e+29,0.0,0.0,0.0,-0.0,0.0,0.0,0.0,0.0,0.0,0,-0.0,-0.0,0.0,0.0,0.0,0.0,0.0,0.0,0.0,0,0,0,0.0,0.0,0.0,0.0,0.0,0.0,0.0,0.0,0.0,0.0,0.0,0.0,0.0,0.0,0.0,0.0,0,-107875648.0,0,0.0,0,-107875648.0,-107877712.0,0,26215,17039,0,17054,52429,17037,0,0,0,110,100,100,2.7302334150594743e+23,64.0,0.0,64.9,-107615304.0,68.5,1,49,50,180,0,52429,0,0,0.0,0.0,0.0,0.0,-14303874.0,65.0,0.0,-3.2538569277282706e+24,0.0,645,0,689,0,0,0,718,0,789,0,709,0,690,0,645,0,642,0,615,0.032,55836672.0,-2.004,0.0,12432,16788,-0.001,0.0,0.0,-0.0,-0.0,0.0,29.0,60.0,70,0.0,0.0,0.0,0.0,0.0,0.0,0.0,0.0,0.0,0.0,0.0,0.0,0.0,0.0,0.0,0.0,59.6,69,11,65508,41,65476,0,300,0,0,8,20529,65476,0,0,61604,60.0,0.0,0.0,0.0,0.0,0.0
2026-04-04T11:20:24,ERR,ERR,ERR,ERR,ERR,ERR,ERR,ERR,ERR,ERR,ERR,ERR,ERR,ERR,ERR,ERR,ERR,ERR,ERR,ERR,ERR,ERR,ERR,ERR,ERR,ERR,ERR,ERR,ERR,ERR,ERR,ERR,ERR,ERR,ERR,ERR,ERR,ERR,ERR,ERR,ERR,ERR,ERR,ERR,ERR,ERR,ERR,ERR,ERR,ERR,ERR,ERR,ERR,ERR,ERR,ERR,ERR,ERR,ERR,ERR,ERR,ERR,ERR,ERR,ERR,ERR,ERR,ERR,ERR,ERR,ERR,ERR,ERR,ERR,ERR,ERR,ERR,ERR,ERR,ERR,ERR,ERR,ERR,ERR,ERR,ERR,ERR,ERR,ERR,ERR,ERR,ERR,ERR,ERR,ERR,ERR,ERR,ERR,ERR,ERR,ERR,ERR,ERR,ERR,ERR,ERR,ERR,ERR,ERR,ERR,ERR,ERR,ERR,ERR,ERR,ERR,ERR,ERR,ERR,ERR,ERR,ERR,ERR,ERR,ERR,0.0,0.0,-101055584.0,0.0,0.0,0.0,0.0,nan,0,0,0,32768,0,0.0,0,0.0,0.0,0.0,0.0,0.0,0,0,0,0,0.0,0,0,0,0,0,0,0,0,0,0,0,0,0,0,0,0,0,0,0,0,0,0,0,0,0,0,0,0,0,0,0,0,0,0,0,0,0,0,0,0,0,0,0,0,0.0,0.0,0.0,0.0,0.0,0.0,0.0,0.0,0.0,0.0,0.0,0.0,0.0,0.0,0.0,0.0,0.0,0.0,0.0,0.0,0.0,0.0,-2.004,0.0,-2.004,2.004,0.0,0.0,0.0,0.0,3392.0,0.0,0.0,0.0,0.0,-0.0,0.0,0.0,0.0,0.0,0.0,0,-0.0,-107614264.0,0.0,0.0,0.0,0.0,0.0,0.0,0.0,0,0,0,0.0,0.0,0.0,0.0,0.0,0.0,0.0,0.0,0.0,0.0,0.0,0.0,0.0,0.0,0.0,0.0,0,-107875648.0,0,0.0,0,-107875648.0,-107877712.0,0,26215,17039,0,17054,52429,17037,0,0,0,110,100,100,2.7302334150594743e+23,64.0,0.0,64.9,-107615304.0,68.5,1,49,50,180,0,52429,0,0,0.0,0.0,0.0,0.0,-14303874.0,65.0,0.0,-3.2538569277282706e+24,0.0,645,0,689,0,0,0,718,0,789,0,709,0,690,0,645,0,642,0,615,0.032,55836672.0,-2.004,0.0,12432,16788,-0.001,0.0,0.0,-0.0,-0.0,0.0,29.0,60.0,70,0.0,0.0,0.0,0.0,0.0,0.0,0.0,0.0,0.0,0.0,0.0,0.0,0.0,0.0,0.0,0.0,59.6,69,11,65508,41,65476,0,300,0,0,8,20529,65476,0,0,61604,60.0,0.0,0.0,0.0,0.0,0.0
2026-04-04T11:20:25,ERR,ERR,ERR,ERR,ERR,ERR,ERR,ERR,ERR,ERR,ERR,ERR,ERR,ERR,ERR,ERR,ERR,ERR,ERR,ERR,ERR,ERR,ERR,ERR,ERR,ERR,ERR,ERR,ERR,ERR,ERR,ERR,ERR,ERR,ERR,ERR,ERR,ERR,ERR,ERR,ERR,ERR,ERR,ERR,ERR,ERR,ERR,ERR,ERR,ERR,ERR,ERR,ERR,ERR,ERR,ERR,ERR,ERR,ERR,ERR,ERR,ERR,ERR,ERR,ERR,ERR,ERR,ERR,ERR,ERR,ERR,ERR,ERR,ERR,ERR,ERR,ERR,ERR,ERR,ERR,ERR,ERR,ERR,ERR,ERR,ERR,ERR,ERR,ERR,ERR,ERR,ERR,ERR,ERR,ERR,ERR,ERR,ERR,ERR,ERR,ERR,ERR,ERR,ERR,ERR,ERR,ERR,ERR,ERR,ERR,ERR,ERR,ERR,ERR,ERR,ERR,ERR,ERR,ERR,ERR,ERR,ERR,ERR,ERR,ERR,0.0,0.0,-101055584.0,0.0,0.0,0.0,0.0,nan,0,0,0,32768,0,0.0,0,0.0,0.0,0.0,0.0,0.0,0,0,0,0,0.0,0,0,0,0,0,0,0,0,0,0,0,0,0,0,0,0,0,0,0,0,0,0,0,0,0,0,0,0,0,0,0,0,0,0,0,0,0,0,0,0,0,0,0,0,0.0,0.0,0.0,0.0,0.0,0.0,0.0,0.0,0.0,0.0,0.0,0.0,0.0,0.0,0.0,0.0,0.0,0.0,0.0,0.0,0.0,0.0,-2.004,0.0,-2.004,2.004,0.0,0.0,0.0,0.0,3392.0,0.0,0.0,0.0,0.0,-0.0,0.0,0.0,0.0,0.0,0.0,0,-0.0,-107614264.0,0.0,0.0,0.0,0.0,0.0,0.0,0.0,0,0,0,0.0,0.0,0.0,0.0,0.0,0.0,0.0,0.0,0.0,0.0,0.0,0.0,0.0,0.0,0.0,0.0,0,-107875648.0,0,0.0,0,-107875648.0,-107877712.0,0,26215,17039,0,17054,52429,17037,0,0,0,110,100,100,2.7302334150594743e+23,64.0,0.0,64.9,-107615304.0,68.5,1,49,50,180,0,52429,0,0,0.0,0.0,0.0,0.0,-14303874.0,65.0,0.0,-3.2538569277282706e+24,0.0,645,0,689,0,0,0,718,0,789,0,709,0,690,0,645,0,642,0,615,0.032,55836672.0,-2.004,0.0,12432,16788,-0.001,0.0,0.0,-0.0,-0.0,0.0,29.0,60.0,70,0.0,0.0,0.0,0.0,0.0,0.0,0.0,0.0,0.0,0.0,0.0,0.0,0.0,0.0,0.0,0.0,59.6,69,11,65508,41,65476,0,300,0,0,8,20529,65476,0,0,61604,60.0,0.0,0.0,0.0,0.0,0.0
2026-04-04T11:20:26,ERR,ERR,ERR,ERR,ERR,ERR,ERR,ERR,ERR,ERR,ERR,ERR,ERR,ERR,ERR,ERR,ERR,ERR,ERR,ERR,ERR,ERR,ERR,ERR,ERR,ERR,ERR,ERR,ERR,ERR,ERR,ERR,ERR,ERR,ERR,ERR,ERR,ERR,ERR,ERR,ERR,ERR,ERR,ERR,ERR,ERR,ERR,ERR,ERR,ERR,ERR,ERR,ERR,ERR,ERR,ERR,ERR,ERR,ERR,ERR,ERR,ERR,ERR,ERR,ERR,ERR,ERR,ERR,ERR,ERR,ERR,ERR,ERR,ERR,ERR,ERR,ERR,ERR,ERR,ERR,ERR,ERR,ERR,ERR,ERR,ERR,ERR,ERR,ERR,ERR,ERR,ERR,ERR,ERR,ERR,ERR,ERR,ERR,ERR,ERR,ERR,ERR,ERR,ERR,ERR,ERR,ERR,ERR,ERR,ERR,ERR,ERR,ERR,ERR,ERR,ERR,ERR,ERR,ERR,ERR,ERR,ERR,ERR,ERR,ERR,0.0,0.0,-101055584.0,0.0,0.0,0.0,0.0,nan,0,0,0,32768,0,0.0,0,0.0,0.0,0.0,0.0,0.0,0,0,0,0,0.0,0,0,0,0,0,0,0,0,0,0,0,0,0,0,0,0,0,0,0,0,0,0,0,0,0,0,0,0,0,0,0,0,0,0,0,0,0,0,0,0,0,0,0,0,0.0,0.0,0.0,0.0,0.0,0.0,0.0,0.0,0.0,0.0,0.0,0.0,0.0,0.0,0.0,0.0,0.0,0.0,0.0,0.0,0.0,0.0,-2.004,0.0,-2.004,2.004,0.0,0.0,0.0,0.0,3392.0,0.0,0.0,0.0,0.0,-0.0,0.0,0.0,0.0,0.0,0.0,0,-0.0,-107614264.0,0.0,0.0,0.0,0.0,0.0,0.0,0.0,0,0,0,0.0,0.0,0.0,0.0,0.0,0.0,0.0,0.0,0.0,0.0,0.0,0.0,0.0,0.0,0.0,0.0,0,-107875648.0,0,0.0,0,-107875648.0,-107877712.0,0,26215,17039,0,17054,52429,17037,0,0,0,110,100,100,2.7302334150594743e+23,64.0,0.0,64.9,-107615304.0,68.5,1,49,50,180,0,52429,0,0,0.0,0.0,0.0,0.0,-14303874.0,65.0,0.0,-3.2538569277282706e+24,0.0,645,0,689,0,0,0,718,0,789,0,709,0,690,0,645,0,642,0,615,0.032,55836672.0,-2.004,0.0,12432,16788,-0.001,0.0,0.0,-0.0,-0.0,0.0,29.0,60.0,70,0.0,0.0,0.0,0.0,0.0,0.0,0.0,0.0,0.0,0.0,0.0,0.0,0.0,0.0,0.0,0.0,59.6,69,11,65508,41,65476,0,300,0,0,8,20529,65476,0,0,61604,60.0,0.0,0.0,0.0,0.0,0.0
2026-04-04T11:20:27,ERR,ERR,ERR,ERR,ERR,ERR,ERR,ERR,ERR,ERR,ERR,ERR,ERR,ERR,ERR,ERR,ERR,ERR,ERR,ERR,ERR,ERR,ERR,ERR,ERR,ERR,ERR,ERR,ERR,ERR,ERR,ERR,ERR,ERR,ERR,ERR,ERR,ERR,ERR,ERR,ERR,ERR,ERR,ERR,ERR,ERR,ERR,ERR,ERR,ERR,ERR,ERR,ERR,ERR,ERR,ERR,ERR,ERR,ERR,ERR,ERR,ERR,ERR,ERR,ERR,ERR,ERR,ERR,ERR,ERR,ERR,ERR,ERR,ERR,ERR,ERR,ERR,ERR,ERR,ERR,ERR,ERR,ERR,ERR,ERR,ERR,ERR,ERR,ERR,ERR,ERR,ERR,ERR,ERR,ERR,ERR,ERR,ERR,ERR,ERR,ERR,ERR,ERR,ERR,ERR,ERR,ERR,ERR,ERR,ERR,ERR,ERR,ERR,ERR,ERR,ERR,ERR,ERR,ERR,ERR,ERR,ERR,ERR,ERR,ERR,0.0,0.0,-101055584.0,0.0,0.0,0.0,0.0,nan,0,0,0,32768,0,0.0,0,0.0,0.0,0.0,0.0,0.0,0,0,0,0,0.0,0,0,0,0,0,0,0,0,0,0,0,0,0,0,0,0,0,0,0,0,0,0,0,0,0,0,0,0,0,0,0,0,0,0,0,0,0,0,0,0,0,0,0,0,0.0,0.0,0.0,0.0,0.0,0.0,0.0,0.0,0.0,0.0,0.0,0.0,0.0,0.0,0.0,0.0,0.0,0.0,0.0,0.0,0.0,0.0,-2.004,0.0,-2.004,2.004,0.0,0.0,0.0,0.0,3392.0,0.0,0.0,0.0,0.0,-0.0,0.0,0.0,0.0,0.0,0.0,0,-0.0,-107614264.0,0.0,0.0,0.0,0.0,0.0,0.0,0.0,0,0,0,0.0,0.0,0.0,0.0,0.0,0.0,0.0,0.0,0.0,0.0,0.0,0.0,0.0,0.0,0.0,0.0,0,-107875648.0,0,0.0,0,-107875648.0,-107877712.0,0,26215,17039,0,17054,52429,17037,0,0,0,110,100,100,2.7302334150594743e+23,64.0,0.0,64.9,-107615304.0,68.5,1,49,50,180,0,52429,0,0,0.0,0.0,0.0,0.0,-14303874.0,65.0,0.0,-3.2538569277282706e+24,0.0,645,0,689,0,0,0,718,0,789,0,709,0,690,0,645,0,642,0,615,0.032,55836672.0,-2.004,0.0,12432,16788,-0.001,0.0,0.0,-0.0,-0.0,0.0,29.0,60.0,70,0.0,0.0,0.0,0.0,0.0,0.0,0.0,0.0,0.0,0.0,0.0,0.0,0.0,0.0,0.0,0.0,59.6,69,11,65508,41,65476,0,300,0,0,8,20529,65476,0,0,61604,60.0,0.0,0.0,0.0,0.0,0.0
2026-04-04T11:20:28,ERR,ERR,ERR,ERR,ERR,ERR,ERR,ERR,ERR,ERR,ERR,ERR,ERR,ERR,ERR,ERR,ERR,ERR,ERR,ERR,ERR,ERR,ERR,ERR,ERR,ERR,ERR,ERR,ERR,ERR,ERR,ERR,ERR,ERR,ERR,ERR,ERR,ERR,ERR,ERR,ERR,ERR,ERR,ERR,ERR,ERR,ERR,ERR,ERR,ERR,ERR,ERR,ERR,ERR,ERR,ERR,ERR,ERR,ERR,ERR,ERR,ERR,ERR,ERR,ERR,ERR,ERR,ERR,ERR,ERR,ERR,ERR,ERR,ERR,ERR,ERR,ERR,ERR,ERR,ERR,ERR,ERR,ERR,ERR,ERR,ERR,ERR,ERR,ERR,ERR,ERR,ERR,ERR,ERR,ERR,ERR,ERR,ERR,ERR,ERR,ERR,ERR,ERR,ERR,ERR,ERR,ERR,ERR,ERR,ERR,ERR,ERR,ERR,ERR,ERR,ERR,ERR,ERR,ERR,ERR,ERR,ERR,ERR,ERR,ERR,0.0,0.0,-101055584.0,0.0,0.0,0.0,0.0,nan,0,0,0,32768,0,0.0,0,0.0,0.0,0.0,0.0,0.0,0,0,0,0,0.0,0,0,0,0,0,0,0,0,0,0,0,0,0,0,0,0,0,0,0,0,0,0,0,0,0,0,0,0,0,0,0,0,0,0,0,0,0,0,0,0,0,0,0,0,0.0,0.0,0.0,0.0,0.0,0.0,0.0,0.0,0.0,0.0,0.0,0.0,0.0,0.0,0.0,0.0,0.0,0.0,0.0,0.0,0.0,0.0,-2.004,0.0,-2.004,2.004,0.0,0.0,0.0,0.0,3392.0,0.0,0.0,0.0,0.0,-0.0,0.0,0.0,0.0,0.0,0.0,0,-0.0,-107614264.0,0.0,0.0,0.0,0.0,0.0,0.0,0.0,0,0,0,0.0,0.0,0.0,0.0,0.0,0.0,0.0,0.0,0.0,0.0,0.0,0.0,0.0,0.0,0.0,0.0,0,-107875648.0,0,0.0,0,-107875648.0,-107877712.0,0,26215,17039,0,17054,52429,17037,0,0,0,110,100,100,2.7302334150594743e+23,64.0,0.0,64.9,-107615304.0,68.5,1,49,50,180,0,52429,0,0,0.0,0.0,0.0,0.0,-0.0,65.0,0.0,-0.0,0.0,645,0,689,0,0,0,717,0,790,0,709,0,689,0,645,0,642,0,615,0.032,47710208.0,0.0,2.7302316136196234e+23,32912,16788,-0.0,17060142776320.0,-0.0,nan,2.955285719378563e+22,-46400.516,29.0,60.0,70,0.0,0.0,0.0,0.0,0.0,0.0,0.0,0.0,0.0,0.0,0.0,0.0,0.0,0.0,0.0,0.0,59.6,69,11,65508,41,65476,0,300,0,0,8,20529,65476,0,0,61604,60.0,0.0,0.0,0.0,0.0,0.0
2026-04-04T11:20:29,ERR,ERR,ERR,ERR,ERR,ERR,ERR,ERR,ERR,ERR,ERR,ERR,ERR,ERR,ERR,ERR,ERR,ERR,ERR,ERR,ERR,ERR,ERR,ERR,ERR,ERR,ERR,ERR,ERR,ERR,ERR,ERR,ERR,ERR,ERR,ERR,ERR,ERR,ERR,ERR,ERR,ERR,ERR,ERR,ERR,ERR,ERR,ERR,ERR,ERR,ERR,ERR,ERR,ERR,ERR,ERR,ERR,ERR,ERR,ERR,ERR,ERR,ERR,ERR,ERR,ERR,ERR,ERR,ERR,ERR,ERR,ERR,ERR,ERR,ERR,ERR,ERR,ERR,ERR,ERR,ERR,ERR,ERR,ERR,ERR,ERR,ERR,ERR,ERR,ERR,ERR,ERR,ERR,ERR,ERR,ERR,ERR,ERR,ERR,ERR,ERR,ERR,ERR,ERR,ERR,ERR,ERR,ERR,ERR,ERR,ERR,ERR,ERR,ERR,ERR,ERR,ERR,ERR,ERR,ERR,ERR,ERR,ERR,ERR,ERR,0.0,0.0,-101055584.0,0.0,0.0,0.0,0.0,nan,0,0,0,32768,0,0.0,0,0.0,0.0,0.0,0.0,0.0,0,0,0,0,0.0,0,0,0,0,0,0,0,0,0,0,0,0,0,0,0,0,0,0,0,0,0,0,0,0,0,0,0,0,0,0,0,0,0,0,0,0,0,0,0,0,0,0,0,0,0.0,0.0,0.0,0.0,0.0,0.0,0.0,0.0,0.0,0.0,0.0,0.0,0.0,0.0,0.0,0.0,0.0,0.0,0.0,0.0,0.0,0.0,-2.004,0.0,-2.004,2.004,0.0,0.0,0.0,0.0,3392.0,0.0,0.0,0.0,0.0,-0.0,0.0,0.0,0.0,0.0,0.0,0,-0.0,-107614264.0,0.0,0.0,0.0,0.0,0.0,0.0,0.0,0,0,0,0.0,0.0,0.0,0.0,0.0,0.0,0.0,0.0,0.0,0.0,0.0,0.0,0.0,0.0,0.0,0.0,0,-107875648.0,0,0.0,0,-107875648.0,-107877712.0,0,26215,17039,0,17054,52429,17037,0,0,0,110,100,100,2.7302334150594743e+23,64.0,0.0,64.9,-107615304.0,68.5,1,49,50,180,0,52429,0,0,0.0,0.0,0.0,0.0,-0.0,65.0,0.0,-0.0,0.0,645,0,689,0,0,0,717,0,790,0,709,0,689,0,645,0,642,0,615,0.032,47710208.0,0.0,2.7302316136196234e+23,32912,16788,-0.0,17060142776320.0,-0.0,nan,2.955285719378563e+22,-46400.516,29.0,60.0,70,0.0,0.0,0.0,0.0,0.0,0.0,0.0,0.0,0.0,0.0,0.0,0.0,0.0,0.0,0.0,0.0,59.2,69,11,65508,41,65476,0,300,0,0,8,20529,65476,0,0,61604,60.0,0.0,0.0,0.0,0.0,0.0
2026-04-04T11:20:30,ERR,ERR,ERR,ERR,ERR,ERR,ERR,ERR,ERR,ERR,ERR,ERR,ERR,ERR,ERR,ERR,ERR,ERR,ERR,ERR,ERR,ERR,ERR,ERR,ERR,ERR,ERR,ERR,ERR,ERR,ERR,ERR,ERR,ERR,ERR,ERR,ERR,ERR,ERR,ERR,ERR,ERR,ERR,ERR,ERR,ERR,ERR,ERR,ERR,ERR,ERR,ERR,ERR,ERR,ERR,ERR,ERR,ERR,ERR,ERR,ERR,ERR,ERR,ERR,ERR,ERR,ERR,ERR,ERR,ERR,ERR,ERR,ERR,ERR,ERR,ERR,ERR,ERR,ERR,ERR,ERR,ERR,ERR,ERR,ERR,ERR,ERR,ERR,ERR,ERR,ERR,ERR,ERR,ERR,ERR,ERR,ERR,ERR,ERR,ERR,ERR,ERR,ERR,ERR,ERR,ERR,ERR,ERR,ERR,ERR,ERR,ERR,ERR,ERR,ERR,ERR,ERR,ERR,ERR,ERR,ERR,ERR,ERR,ERR,ERR,0.0,0.0,-101055584.0,0.0,0.0,0.0,0.0,nan,0,0,0,32768,0,0.0,0,0.0,0.0,0.0,0.0,0.0,0,0,0,0,0.0,0,0,0,0,0,0,0,0,0,0,0,0,0,0,0,0,0,0,0,0,0,0,0,0,0,0,0,0,0,0,0,0,0,0,0,0,0,0,0,0,0,0,0,0,0.0,0.0,0.0,0.0,0.0,0.0,0.0,0.0,0.0,0.0,0.0,0.0,0.0,0.0,0.0,0.0,0.0,0.0,0.0,0.0,0.0,0.0,-2.004,0.0,-2.004,2.004,0.0,0.0,0.0,0.0,3392.0,0.0,0.0,0.0,0.0,-0.0,0.0,0.0,0.0,0.0,0.0,0,-0.0,-107614264.0,0.0,0.0,0.0,0.0,0.0,0.0,0.0,0,0,0,0.0,0.0,0.0,0.0,0.0,0.0,0.0,0.0,0.0,0.0,0.0,0.0,0.0,0.0,0.0,0.0,0,-107875648.0,0,0.0,0,-107875648.0,-107877712.0,0,26215,17039,0,17054,52429,17037,0,0,0,110,100,100,2.7302334150594743e+23,64.0,0.0,64.9,-107615304.0,68.5,1,49,50,180,0,52429,0,0,0.0,0.0,0.0,0.0,-0.0,65.0,0.0,-0.0,0.0,645,0,689,0,0,0,717,0,790,0,709,0,689,0,645,0,642,0,615,0.032,47710208.0,0.0,2.7302316136196234e+23,32912,16788,-0.0,17060142776320.0,-0.0,nan,2.955285719378563e+22,-46400.516,29.0,60.0,70,0.0,0.0,0.0,0.0,0.0,0.0,0.0,0.0,0.0,0.0,0.0,0.0,0.0,0.0,0.0,0.0,59.2,69,11,65508,41,65476,0,300,0,0,8,20529,65476,0,0,61604,60.0,0.0,0.0,0.0,0.0,0.0
2026-04-04T11:20:31,ERR,ERR,ERR,ERR,ERR,ERR,ERR,ERR,ERR,ERR,ERR,ERR,ERR,ERR,ERR,ERR,ERR,ERR,ERR,ERR,ERR,ERR,ERR,ERR,ERR,ERR,ERR,ERR,ERR,ERR,ERR,ERR,ERR,ERR,ERR,ERR,ERR,ERR,ERR,ERR,ERR,ERR,ERR,ERR,ERR,ERR,ERR,ERR,ERR,ERR,ERR,ERR,ERR,ERR,ERR,ERR,ERR,ERR,ERR,ERR,ERR,ERR,ERR,ERR,ERR,ERR,ERR,ERR,ERR,ERR,ERR,ERR,ERR,ERR,ERR,ERR,ERR,ERR,ERR,ERR,ERR,ERR,ERR,ERR,ERR,ERR,ERR,ERR,ERR,ERR,ERR,ERR,ERR,ERR,ERR,ERR,ERR,ERR,ERR,ERR,ERR,ERR,ERR,ERR,ERR,ERR,ERR,ERR,ERR,ERR,ERR,ERR,ERR,ERR,ERR,ERR,ERR,ERR,ERR,ERR,ERR,ERR,ERR,ERR,ERR,0.0,0.0,-101055584.0,0.0,0.0,0.0,0.0,nan,0,0,0,32768,0,0.0,0,0.0,0.0,0.0,0.0,0.0,0,0,0,0,0.0,0,0,0,0,0,0,0,0,0,0,0,0,0,0,0,0,0,0,0,0,0,0,0,0,0,0,0,0,0,0,0,0,0,0,0,0,0,0,0,0,0,0,0,0,0.0,0.0,0.0,0.0,0.0,0.0,0.0,0.0,0.0,0.0,0.0,0.0,0.0,0.0,0.0,0.0,0.0,0.0,0.0,0.0,0.0,0.0,-2.004,0.0,-2.004,2.004,0.0,0.0,0.0,0.0,3392.0,0.0,0.0,0.0,0.0,-0.0,0.0,0.0,0.0,0.0,0.0,0,-0.0,-107614264.0,0.0,0.0,0.0,0.0,0.0,0.0,0.0,0,0,0,0.0,0.0,0.0,0.0,0.0,0.0,0.0,0.0,0.0,0.0,0.0,0.0,0.0,0.0,0.0,0.0,0,-107875648.0,0,0.0,0,-107875648.0,-107877712.0,0,26215,17039,0,17054,52429,17037,0,0,0,110,100,100,2.7302334150594743e+23,64.0,0.0,64.9,-107615304.0,68.5,1,49,50,180,0,52429,0,0,0.0,0.0,0.0,0.0,-0.0,65.0,0.0,-0.0,0.0,645,0,689,0,0,0,717,0,790,0,709,0,689,0,645,0,642,0,615,0.032,47710208.0,0.0,2.7302316136196234e+23,32912,16788,-0.0,17060142776320.0,-0.0,nan,2.955285719378563e+22,-46400.516,29.0,60.0,70,0.0,0.0,0.0,0.0,0.0,0.0,0.0,0.0,0.0,0.0,0.0,0.0,0.0,0.0,0.0,0.0,59.2,69,11,65508,41,65476,0,300,0,0,8,20529,65476,0,0,61604,60.0,0.0,0.0,0.0,0.0,0.0
2026-04-04T11:20:32,ERR,ERR,ERR,ERR,ERR,ERR,ERR,ERR,ERR,ERR,ERR,ERR,ERR,ERR,ERR,ERR,ERR,ERR,ERR,ERR,ERR,ERR,ERR,ERR,ERR,ERR,ERR,ERR,ERR,ERR,ERR,ERR,ERR,ERR,ERR,ERR,ERR,ERR,ERR,ERR,ERR,ERR,ERR,ERR,ERR,ERR,ERR,ERR,ERR,ERR,ERR,ERR,ERR,ERR,ERR,ERR,ERR,ERR,ERR,ERR,ERR,ERR,ERR,ERR,ERR,ERR,ERR,ERR,ERR,ERR,ERR,ERR,ERR,ERR,ERR,ERR,ERR,ERR,ERR,ERR,ERR,ERR,ERR,ERR,ERR,ERR,ERR,ERR,ERR,ERR,ERR,ERR,ERR,ERR,ERR,ERR,ERR,ERR,ERR,ERR,ERR,ERR,ERR,ERR,ERR,ERR,ERR,ERR,ERR,ERR,ERR,ERR,ERR,ERR,ERR,ERR,ERR,ERR,ERR,ERR,ERR,ERR,ERR,ERR,ERR,0.0,0.0,-101055584.0,0.0,0.0,0.0,0.0,nan,0,0,0,32768,0,0.0,0,0.0,0.0,0.0,0.0,0.0,0,0,0,0,0.0,0,0,0,0,0,0,0,0,0,0,0,0,0,0,0,0,0,0,0,0,0,0,0,0,0,0,0,0,0,0,0,0,0,0,0,0,0,0,0,0,0,0,0,0,0.0,0.0,0.0,0.0,0.0,0.0,0.0,0.0,0.0,0.0,0.0,0.0,0.0,0.0,0.0,0.0,0.0,0.0,0.0,0.0,0.0,0.0,-2.004,0.0,-2.004,2.004,0.0,0.0,0.0,0.0,3391.5,-1.5879155638041463e+29,0.0,0.0,0.0,-0.0,0.0,0.0,0.0,0.0,0.0,0,-0.0,-0.0,0.0,0.0,0.0,0.0,0.0,0.0,0.0,0,0,0,0.0,0.0,0.0,0.0,0.0,0.0,0.0,0.0,0.0,0.0,0.0,0.0,0.0,0.0,0.0,0.0,0,-107875648.0,0,0.0,0,-107875648.0,-107877712.0,0,26215,17039,0,17054,52429,17037,0,0,0,110,100,100,2.7302334150594743e+23,64.0,0.0,64.9,-107615304.0,68.5,1,49,50,180,0,52429,0,0,0.0,0.0,0.0,0.0,-0.0,65.0,0.0,-0.0,0.0,645,0,689,0,0,0,717,0,790,0,709,0,689,0,645,0,642,0,615,0.032,47710208.0,0.0,2.7302316136196234e+23,32912,16788,-0.0,17060142776320.0,-0.0,nan,2.955285719378563e+22,-46400.516,29.0,60.0,70,0.0,0.0,0.0,0.0,0.0,0.0,0.0,0.0,0.0,0.0,0.0,0.0,0.0,0.0,0.0,0.0,59.2,69,11,65508,41,65476,0,300,0,0,8,20529,65476,0,0,61604,60.0,0.0,0.0,0.0,0.0,0.0
2026-04-04T11:20:33,ERR,ERR,ERR,ERR,ERR,ERR,ERR,ERR,ERR,ERR,ERR,ERR,ERR,ERR,ERR,ERR,ERR,ERR,ERR,ERR,ERR,ERR,ERR,ERR,ERR,ERR,ERR,ERR,ERR,ERR,ERR,ERR,ERR,ERR,ERR,ERR,ERR,ERR,ERR,ERR,ERR,ERR,ERR,ERR,ERR,ERR,ERR,ERR,ERR,ERR,ERR,ERR,ERR,ERR,ERR,ERR,ERR,ERR,ERR,ERR,ERR,ERR,ERR,ERR,ERR,ERR,ERR,ERR,ERR,ERR,ERR,ERR,ERR,ERR,ERR,ERR,ERR,ERR,ERR,ERR,ERR,ERR,ERR,ERR,ERR,ERR,ERR,ERR,ERR,ERR,ERR,ERR,ERR,ERR,ERR,ERR,ERR,ERR,ERR,ERR,ERR,ERR,ERR,ERR,ERR,ERR,ERR,ERR,ERR,ERR,ERR,ERR,ERR,ERR,ERR,ERR,ERR,ERR,ERR,ERR,ERR,ERR,ERR,ERR,ERR,0.0,0.0,-101055584.0,0.0,0.0,0.0,0.0,nan,0,0,0,32768,0,0.0,0,0.0,0.0,0.0,0.0,0.0,0,0,0,0,0.0,0,0,0,0,0,0,0,0,0,0,0,0,0,0,0,0,0,0,0,0,0,0,0,0,0,0,0,0,0,0,0,0,0,0,0,0,0,0,0,0,0,0,0,0,0.0,0.0,0.0,0.0,0.0,0.0,0.0,0.0,0.0,0.0,0.0,0.0,0.0,0.0,0.0,0.0,0.0,0.0,0.0,0.0,0.0,0.0,-2.004,0.0,-2.004,2.004,0.0,0.0,0.0,0.0,3391.5,-1.5879155638041463e+29,0.0,0.0,0.0,-0.0,0.0,0.0,0.0,0.0,0.0,0,-0.0,-0.0,0.0,0.0,0.0,0.0,0.0,0.0,0.0,0,0,0,0.0,0.0,0.0,0.0,0.0,0.0,0.0,0.0,0.0,0.0,0.0,0.0,0.0,0.0,0.0,0.0,0,-107875648.0,0,0.0,0,-107875648.0,-107877712.0,0,39322,17039,0,17054,52429,17037,0,0,0,110,100,100,2.7302334150594743e+23,64.0,0.0,64.9,-107615304.0,68.5,1,49,50,180,0,52429,0,0,0.0,0.0,0.0,0.0,-537132972113920.0,65.0,0.0,4.0218541052185805e+18,0.0,645,0,689,0,0,0,717,0,789,0,709,0,689,0,645,0,642,0,615,0.032,55312384.0,-2.004,0.0,40848,16788,-8.00851456121897e+16,4.0218541052185805e+18,0.0,-4551.958,-0.0,0.0,29.0,60.0,70,0.0,0.0,0.0,0.0,0.0,0.0,0.0,0.0,0.0,0.0,0.0,0.0,0.0,0.0,0.0,0.0,59.2,69,11,65508,41,65476,0,300,0,0,8,20529,65476,0,0,61604,60.0,0.0,0.0,0.0,0.0,0.0
2026-04-04T11:20:34,ERR,ERR,ERR,ERR,ERR,ERR,ERR,ERR,ERR,ERR,ERR,ERR,ERR,ERR,ERR,ERR,ERR,ERR,ERR,ERR,ERR,ERR,ERR,ERR,ERR,ERR,ERR,ERR,ERR,ERR,ERR,ERR,ERR,ERR,ERR,ERR,ERR,ERR,ERR,ERR,ERR,ERR,ERR,ERR,ERR,ERR,ERR,ERR,ERR,ERR,ERR,ERR,ERR,ERR,ERR,ERR,ERR,ERR,ERR,ERR,ERR,ERR,ERR,ERR,ERR,ERR,ERR,ERR,ERR,ERR,ERR,ERR,ERR,ERR,ERR,ERR,ERR,ERR,ERR,ERR,ERR,ERR,ERR,ERR,ERR,ERR,ERR,ERR,ERR,ERR,ERR,ERR,ERR,ERR,ERR,ERR,ERR,ERR,ERR,ERR,ERR,ERR,ERR,ERR,ERR,ERR,ERR,ERR,ERR,ERR,ERR,ERR,ERR,ERR,ERR,ERR,ERR,ERR,ERR,ERR,ERR,ERR,ERR,ERR,ERR,0.0,0.0,-101055584.0,0.0,0.0,0.0,0.0,nan,0,0,0,32768,0,0.0,0,0.0,0.0,0.0,0.0,0.0,0,0,0,0,0.0,0,0,0,0,0,0,0,0,0,0,0,0,0,0,0,0,0,0,0,0,0,0,0,0,0,0,0,0,0,0,0,0,0,0,0,0,0,0,0,0,0,0,0,0,0.0,0.0,0.0,0.0,0.0,0.0,0.0,0.0,0.0,0.0,0.0,0.0,0.0,0.0,0.0,0.0,0.0,0.0,0.0,0.0,0.0,0.0,-2.004,0.0,-2.004,2.004,0.0,0.0,0.0,0.0,3391.5,-1.5879155638041463e+29,0.0,0.0,0.0,-0.0,0.0,0.0,0.0,0.0,0.0,0,-0.0,-0.0,0.0,0.0,0.0,0.0,0.0,0.0,0.0,0,0,0,0.0,0.0,0.0,0.0,0.0,0.0,0.0,0.0,0.0,0.0,0.0,0.0,0.0,0.0,0.0,0.0,0,-107875648.0,0,0.0,0,-107875648.0,-107877712.0,0,39322,17039,0,17054,52429,17037,0,0,0,110,100,100,2.7302334150594743e+23,64.0,0.0,64.9,-107615304.0,68.5,1,49,50,180,0,52429,0,0,0.0,0.0,0.0,0.0,-537132972113920.0,65.0,0.0,4.0218541052185805e+18,0.0,645,0,689,0,0,0,717,0,789,0,709,0,689,0,645,0,642,0,615,0.032,55312384.0,-2.004,0.0,40848,16788,-8.00851456121897e+16,4.0218541052185805e+18,0.0,-4551.958,-0.0,0.0,29.0,60.0,70,0.0,0.0,0.0,0.0,0.0,0.0,0.0,0.0,0.0,0.0,0.0,0.0,0.0,0.0,0.0,0.0,59.2,69,11,65508,41,65476,0,300,0,0,8,20529,65476,0,0,61604,60.0,0.0,0.0,0.0,0.0,0.0
2026-04-04T11:20:35,ERR,ERR,ERR,ERR,ERR,ERR,ERR,ERR,ERR,ERR,ERR,ERR,ERR,ERR,ERR,ERR,ERR,ERR,ERR,ERR,ERR,ERR,ERR,ERR,ERR,ERR,ERR,ERR,ERR,ERR,ERR,ERR,ERR,ERR,ERR,ERR,ERR,ERR,ERR,ERR,ERR,ERR,ERR,ERR,ERR,ERR,ERR,ERR,ERR,ERR,ERR,ERR,ERR,ERR,ERR,ERR,ERR,ERR,ERR,ERR,ERR,ERR,ERR,ERR,ERR,ERR,ERR,ERR,ERR,ERR,ERR,ERR,ERR,ERR,ERR,ERR,ERR,ERR,ERR,ERR,ERR,ERR,ERR,ERR,ERR,ERR,ERR,ERR,ERR,ERR,ERR,ERR,ERR,ERR,ERR,ERR,ERR,ERR,ERR,ERR,ERR,ERR,ERR,ERR,ERR,ERR,ERR,ERR,ERR,ERR,ERR,ERR,ERR,ERR,ERR,ERR,ERR,ERR,ERR,ERR,ERR,ERR,ERR,ERR,ERR,0.0,0.0,-101055584.0,0.0,0.0,0.0,0.0,nan,0,0,0,32768,0,0.0,0,0.0,0.0,0.0,0.0,0.0,0,0,0,0,0.0,0,0,0,0,0,0,0,0,0,0,0,0,0,0,0,0,0,0,0,0,0,0,0,0,0,0,0,0,0,0,0,0,0,0,0,0,0,0,0,0,0,0,0,0,0.0,0.0,0.0,0.0,0.0,0.0,0.0,0.0,0.0,0.0,0.0,0.0,0.0,0.0,0.0,0.0,0.0,0.0,0.0,0.0,0.0,0.0,-2.004,0.0,-2.004,2.004,0.0,0.0,0.0,0.0,3391.5,-1.5879155638041463e+29,0.0,0.0,0.0,-0.0,0.0,0.0,0.0,0.0,0.0,0,-0.0,-0.0,0.0,0.0,0.0,0.0,0.0,0.0,0.0,0,0,0,0.0,0.0,0.0,0.0,0.0,0.0,0.0,0.0,0.0,0.0,0.0,0.0,0.0,0.0,0.0,0.0,0,-107875648.0,0,0.0,0,-107875648.0,-107877712.0,0,39322,17039,0,17054,52429,17037,0,0,0,110,100,100,2.7302334150594743e+23,64.0,0.0,64.9,-107615304.0,68.5,1,49,50,180,0,52429,0,0,0.0,0.0,0.0,0.0,-537132972113920.0,65.0,0.0,4.0218541052185805e+18,0.0,645,0,689,0,0,0,717,0,789,0,709,0,689,0,645,0,642,0,615,0.032,55312384.0,-2.004,0.0,40848,16788,-8.00851456121897e+16,4.0218541052185805e+18,0.0,-4551.958,-0.0,0.0,29.0,60.0,70,0.0,0.0,0.0,0.0,0.0,0.0,0.0,0.0,0.0,0.0,0.0,0.0,0.0,0.0,0.0,0.0,59.2,69,11,65508,41,65476,0,300,0,0,8,20529,65476,0,0,61604,60.0,0.0,0.0,0.0,0.0,0.0
2026-04-04T11:20:36,ERR,ERR,ERR,ERR,ERR,ERR,ERR,ERR,ERR,ERR,ERR,ERR,ERR,ERR,ERR,ERR,ERR,ERR,ERR,ERR,ERR,ERR,ERR,ERR,ERR,ERR,ERR,ERR,ERR,ERR,ERR,ERR,ERR,ERR,ERR,ERR,ERR,ERR,ERR,ERR,ERR,ERR,ERR,ERR,ERR,ERR,ERR,ERR,ERR,ERR,ERR,ERR,ERR,ERR,ERR,ERR,ERR,ERR,ERR,ERR,ERR,ERR,ERR,ERR,ERR,ERR,ERR,ERR,ERR,ERR,ERR,ERR,ERR,ERR,ERR,ERR,ERR,ERR,ERR,ERR,ERR,ERR,ERR,ERR,ERR,ERR,ERR,ERR,ERR,ERR,ERR,ERR,ERR,ERR,ERR,ERR,ERR,ERR,ERR,ERR,ERR,ERR,ERR,ERR,ERR,ERR,ERR,ERR,ERR,ERR,ERR,ERR,ERR,ERR,ERR,ERR,ERR,ERR,ERR,ERR,ERR,ERR,ERR,ERR,ERR,0.0,0.0,-101055584.0,0.0,0.0,0.0,0.0,nan,0,0,0,32768,0,0.0,0,0.0,0.0,0.0,0.0,0.0,0,0,0,0,0.0,0,0,0,0,0,0,0,0,0,0,0,0,0,0,0,0,0,0,0,0,0,0,0,0,0,0,0,0,0,0,0,0,0,0,0,0,0,0,0,0,0,0,0,0,0.0,0.0,0.0,0.0,0.0,0.0,0.0,0.0,0.0,0.0,0.0,0.0,0.0,0.0,0.0,0.0,0.0,0.0,0.0,0.0,0.0,0.0,-2.004,0.0,-2.004,2.004,0.0,0.0,0.0,0.0,3391.5,-1.5879155638041463e+29,0.0,0.0,0.0,-0.0,0.0,0.0,0.0,0.0,0.0,0,-0.0,-0.0,0.0,0.0,0.0,0.0,0.0,0.0,0.0,0,0,0,0.0,0.0,0.0,0.0,0.0,0.0,0.0,0.0,0.0,0.0,0.0,0.0,0.0,0.0,0.0,0.0,0,-107875648.0,0,0.0,0,-107875648.0,-107877712.0,0,39322,17039,0,17054,52429,17037,0,0,0,110,100,100,2.7302334150594743e+23,64.0,0.0,64.9,-107615304.0,68.5,1,49,50,180,0,52429,0,0,0.0,0.0,0.0,0.0,-537132972113920.0,65.0,0.0,4.0218541052185805e+18,0.0,645,0,689,0,0,0,717,0,789,0,709,0,689,0,645,0,642,0,615,0.032,55312384.0,-2.004,0.0,40848,16788,-8.00851456121897e+16,4.0218541052185805e+18,0.0,-4551.958,-0.0,0.0,29.0,60.0,70,0.0,0.0,0.0,0.0,0.0,0.0,0.0,0.0,0.0,0.0,0.0,0.0,0.0,0.0,0.0,0.0,59.6,69,11,65508,41,65476,0,300,0,0,8,20529,65476,0,0,61604,60.0,0.0,0.0,0.0,0.0,0.0
2026-04-04T11:20:37,ERR,ERR,ERR,ERR,ERR,ERR,ERR,ERR,ERR,ERR,ERR,ERR,ERR,ERR,ERR,ERR,ERR,ERR,ERR,ERR,ERR,ERR,ERR,ERR,ERR,ERR,ERR,ERR,ERR,ERR,ERR,ERR,ERR,ERR,ERR,ERR,ERR,ERR,ERR,ERR,ERR,ERR,ERR,ERR,ERR,ERR,ERR,ERR,ERR,ERR,ERR,ERR,ERR,ERR,ERR,ERR,ERR,ERR,ERR,ERR,ERR,ERR,ERR,ERR,ERR,ERR,ERR,ERR,ERR,ERR,ERR,ERR,ERR,ERR,ERR,ERR,ERR,ERR,ERR,ERR,ERR,ERR,ERR,ERR,ERR,ERR,ERR,ERR,ERR,ERR,ERR,ERR,ERR,ERR,ERR,ERR,ERR,ERR,ERR,ERR,ERR,ERR,ERR,ERR,ERR,ERR,ERR,ERR,ERR,ERR,ERR,ERR,ERR,ERR,ERR,ERR,ERR,ERR,ERR,ERR,ERR,ERR,ERR,ERR,ERR,0.0,0.0,-101055584.0,0.0,0.0,0.0,0.0,nan,0,0,0,32768,0,0.0,0,0.0,0.0,0.0,0.0,0.0,0,0,0,0,0.0,0,0,0,0,0,0,0,0,0,0,0,0,0,0,0,0,0,0,0,0,0,0,0,0,0,0,0,0,0,0,0,0,0,0,0,0,0,0,0,0,0,0,0,0,0.0,0.0,0.0,0.0,0.0,0.0,0.0,0.0,0.0,0.0,0.0,0.0,0.0,0.0,0.0,0.0,0.0,0.0,0.0,0.0,0.0,0.0,-2.004,0.0,-2.004,2.004,0.0,0.0,0.0,0.0,3391.5,-1.5879155638041463e+29,0.0,0.0,0.0,-0.0,0.0,0.0,0.0,0.0,0.0,0,-0.0,-0.0,0.0,0.0,0.0,0.0,0.0,0.0,0.0,0,0,0,0.0,0.0,0.0,0.0,0.0,0.0,0.0,0.0,0.0,0.0,0.0,0.0,0.0,0.0,0.0,0.0,0,-107875648.0,0,0.0,0,-107875648.0,-107877712.0,0,39322,17039,0,17054,52429,17037,0,0,0,110,100,100,2.7302334150594743e+23,64.0,0.0,64.9,-107615304.0,68.5,1,49,50,180,0,52429,0,0,0.0,0.0,0.0,0.0,-537132972113920.0,65.0,0.0,4.0218541052185805e+18,0.0,645,0,689,0,0,0,717,0,789,0,709,0,689,0,645,0,642,0,615,0.032,55312384.0,-2.004,0.0,40848,16788,-8.00851456121897e+16,4.0218541052185805e+18,0.0,-4551.958,-0.0,0.0,29.0,60.0,70,0.0,0.0,0.0,0.0,0.0,0.0,0.0,0.0,0.0,0.0,0.0,0.0,0.0,0.0,0.0,0.0,59.6,69,11,65508,41,65476,0,300,0,0,8,20529,65476,0,0,61604,60.0,0.0,0.0,0.0,0.0,0.0
2026-04-04T11:20:38,ERR,ERR,ERR,ERR,ERR,ERR,ERR,ERR,ERR,ERR,ERR,ERR,ERR,ERR,ERR,ERR,ERR,ERR,ERR,ERR,ERR,ERR,ERR,ERR,ERR,ERR,ERR,ERR,ERR,ERR,ERR,ERR,ERR,ERR,ERR,ERR,ERR,ERR,ERR,ERR,ERR,ERR,ERR,ERR,ERR,ERR,ERR,ERR,ERR,ERR,ERR,ERR,ERR,ERR,ERR,ERR,ERR,ERR,ERR,ERR,ERR,ERR,ERR,ERR,ERR,ERR,ERR,ERR,ERR,ERR,ERR,ERR,ERR,ERR,ERR,ERR,ERR,ERR,ERR,ERR,ERR,ERR,ERR,ERR,ERR,ERR,ERR,ERR,ERR,ERR,ERR,ERR,ERR,ERR,ERR,ERR,ERR,ERR,ERR,ERR,ERR,ERR,ERR,ERR,ERR,ERR,ERR,ERR,ERR,ERR,ERR,ERR,ERR,ERR,ERR,ERR,ERR,ERR,ERR,ERR,ERR,ERR,ERR,ERR,ERR,0.0,0.0,-101055584.0,0.0,0.0,0.0,0.0,nan,0,0,0,32768,0,0.0,0,0.0,0.0,0.0,0.0,0.0,0,0,0,0,0.0,0,0,0,0,0,0,0,0,0,0,0,0,0,0,0,0,0,0,0,0,0,0,0,0,0,0,0,0,0,0,0,0,0,0,0,0,0,0,0,0,0,0,0,0,0.0,0.0,0.0,0.0,0.0,0.0,0.0,0.0,0.0,0.0,0.0,0.0,0.0,0.0,0.0,0.0,0.0,0.0,0.0,0.0,0.0,0.0,-2.004,0.0,-2.004,2.004,0.0,0.0,0.0,0.0,3391.5,-1.5879155638041463e+29,0.0,0.0,0.0,-0.0,0.0,0.0,0.0,0.0,0.0,0,-0.0,-0.0,0.0,0.0,0.0,0.0,0.0,0.0,0.0,0,0,0,0.0,0.0,0.0,0.0,0.0,0.0,0.0,0.0,0.0,0.0,0.0,0.0,0.0,0.0,0.0,0.0,0,-107875648.0,0,0.0,0,-107875648.0,-107877712.0,0,39322,17039,0,17054,52429,17037,0,0,0,110,100,100,2.7302334150594743e+23,64.0,0.0,64.9,-107615304.0,68.5,1,49,50,180,0,52429,0,0,0.0,0.0,0.0,0.0,-537132972113920.0,65.0,0.0,4.0218541052185805e+18,0.0,645,0,689,0,0,0,717,0,789,0,709,0,689,0,645,0,642,0,615,0.032,55312384.0,-2.004,0.0,40848,16788,-8.00851456121897e+16,4.0218541052185805e+18,0.0,-4551.958,-0.0,0.0,29.0,60.0,70,0.0,0.0,0.0,0.0,0.0,0.0,0.0,0.0,0.0,0.0,0.0,0.0,0.0,0.0,0.0,0.0,59.6,69,11,65508,41,65476,0,300,0,0,8,20529,65476,0,0,61604,60.0,0.0,0.0,0.0,0.0,0.0
2026-04-04T11:20:39,ERR,ERR,ERR,ERR,ERR,ERR,ERR,ERR,ERR,ERR,ERR,ERR,ERR,ERR,ERR,ERR,ERR,ERR,ERR,ERR,ERR,ERR,ERR,ERR,ERR,ERR,ERR,ERR,ERR,ERR,ERR,ERR,ERR,ERR,ERR,ERR,ERR,ERR,ERR,ERR,ERR,ERR,ERR,ERR,ERR,ERR,ERR,ERR,ERR,ERR,ERR,ERR,ERR,ERR,ERR,ERR,ERR,ERR,ERR,ERR,ERR,ERR,ERR,ERR,ERR,ERR,ERR,ERR,ERR,ERR,ERR,ERR,ERR,ERR,ERR,ERR,ERR,ERR,ERR,ERR,ERR,ERR,ERR,ERR,ERR,ERR,ERR,ERR,ERR,ERR,ERR,ERR,ERR,ERR,ERR,ERR,ERR,ERR,ERR,ERR,ERR,ERR,ERR,ERR,ERR,ERR,ERR,ERR,ERR,ERR,ERR,ERR,ERR,ERR,ERR,ERR,ERR,ERR,ERR,ERR,ERR,ERR,ERR,ERR,ERR,0.0,0.0,-101055584.0,0.0,0.0,0.0,0.0,nan,0,0,0,32768,0,0.0,0,0.0,0.0,0.0,0.0,0.0,0,0,0,0,0.0,0,0,0,0,0,0,0,0,0,0,0,0,0,0,0,0,0,0,0,0,0,0,0,0,0,0,0,0,0,0,0,0,0,0,0,0,0,0,0,0,0,0,0,0,0.0,0.0,0.0,0.0,0.0,0.0,0.0,0.0,0.0,0.0,0.0,0.0,0.0,0.0,0.0,0.0,0.0,0.0,0.0,0.0,0.0,0.0,-2.004,0.0,-2.004,2.004,0.0,0.0,0.0,0.0,3378.0,-1.5879155638041463e+29,0.0,0.0,0.0,-0.0,0.0,0.0,0.0,0.0,0.0,0,-0.0,-0.0,0.0,0.0,0.0,0.0,0.0,0.0,0.0,0,0,0,0.0,0.0,0.0,0.0,0.0,0.0,0.0,0.0,0.0,0.0,0.0,0.0,0.0,0.0,0.0,0.0,0,-107875648.0,0,0.0,0,-107875648.0,-107877712.0,0,26215,17039,0,17054,52429,17037,0,0,0,110,100,100,2.7302334150594743e+23,64.0,0.0,64.9,-107615304.0,68.5,1,49,50,180,0,52429,0,0,0.0,0.0,0.0,0.0,-1.3651168876737223e+23,65.0,0.0,0.0,0.0,645,0,689,0,0,0,718,0,789,0,709,0,690,0,645,0,642,0,615,0.032,55574528.0,0.0,2.7302316136196234e+23,26512,16788,-596680832.0,-6.319434378262698e+32,-0.0,0.985,4.217223437228568e+24,-33194248.0,29.0,60.0,70,0.0,0.0,0.0,0.0,0.0,0.0,0.0,0.0,0.0,0.0,0.0,0.0,0.0,0.0,0.0,0.0,59.6,69,11,65508,41,65476,0,300,0,0,8,20529,65476,0,0,61604,60.0,0.0,0.0,0.0,0.0,0.0
2026-04-04T11:20:40,ERR,ERR,ERR,ERR,ERR,ERR,ERR,ERR,ERR,ERR,ERR,ERR,ERR,ERR,ERR,ERR,ERR,ERR,ERR,ERR,ERR,ERR,ERR,ERR,ERR,ERR,ERR,ERR,ERR,ERR,ERR,ERR,ERR,ERR,ERR,ERR,ERR,ERR,ERR,ERR,ERR,ERR,ERR,ERR,ERR,ERR,ERR,ERR,ERR,ERR,ERR,ERR,ERR,ERR,ERR,ERR,ERR,ERR,ERR,ERR,ERR,ERR,ERR,ERR,ERR,ERR,ERR,ERR,ERR,ERR,ERR,ERR,ERR,ERR,ERR,ERR,ERR,ERR,ERR,ERR,ERR,ERR,ERR,ERR,ERR,ERR,ERR,ERR,ERR,ERR,ERR,ERR,ERR,ERR,ERR,ERR,ERR,ERR,ERR,ERR,ERR,ERR,ERR,ERR,ERR,ERR,ERR,ERR,ERR,ERR,ERR,ERR,ERR,ERR,ERR,ERR,ERR,ERR,ERR,ERR,ERR,ERR,ERR,ERR,ERR,0.0,0.0,-101055584.0,0.0,0.0,0.0,0.0,nan,0,0,0,32768,0,0.0,0,0.0,0.0,0.0,0.0,0.0,0,0,0,0,0.0,0,0,0,0,0,0,0,0,0,0,0,0,0,0,0,0,0,0,0,0,0,0,0,0,0,0,0,0,0,0,0,0,0,0,0,0,0,0,0,0,0,0,0,0,0.0,0.0,0.0,0.0,0.0,0.0,0.0,0.0,0.0,0.0,0.0,0.0,0.0,0.0,0.0,0.0,0.0,0.0,0.0,0.0,0.0,0.0,-2.004,0.0,-2.004,2.004,0.0,0.0,0.0,0.0,3378.0,-1.5879155638041463e+29,0.0,0.0,0.0,-0.0,0.0,0.0,0.0,0.0,0.0,0,-0.0,-0.0,0.0,0.0,0.0,0.0,0.0,0.0,0.0,0,0,0,0.0,0.0,0.0,0.0,0.0,0.0,0.0,0.0,0.0,0.0,0.0,0.0,0.0,0.0,0.0,0.0,0,-107875648.0,0,0.0,0,-107875648.0,-107877712.0,0,26215,17039,0,17054,52429,17037,0,0,0,110,100,100,2.7302334150594743e+23,64.0,0.0,64.9,-107615304.0,68.5,1,49,50,180,0,52429,0,0,0.0,0.0,0.0,0.0,-1.3651168876737223e+23,65.0,0.0,0.0,0.0,645,0,689,0,0,0,718,0,789,0,709,0,690,0,645,0,642,0,615,0.032,55574528.0,0.0,2.7302316136196234e+23,26512,16788,-596680832.0,-6.319434378262698e+32,-0.0,0.985,4.217223437228568e+24,-33194248.0,29.0,60.0,70,0.0,0.0,0.0,0.0,0.0,0.0,0.0,0.0,0.0,0.0,0.0,0.0,0.0,0.0,0.0,0.0,59.6,69,11,65508,41,65476,0,300,0,0,8,20529,65476,0,0,61604,60.0,0.0,0.0,0.0,0.0,0.0
2026-04-04T11:20:41,ERR,ERR,ERR,ERR,ERR,ERR,ERR,ERR,ERR,ERR,ERR,ERR,ERR,ERR,ERR,ERR,ERR,ERR,ERR,ERR,ERR,ERR,ERR,ERR,ERR,ERR,ERR,ERR,ERR,ERR,ERR,ERR,ERR,ERR,ERR,ERR,ERR,ERR,ERR,ERR,ERR,ERR,ERR,ERR,ERR,ERR,ERR,ERR,ERR,ERR,ERR,ERR,ERR,ERR,ERR,ERR,ERR,ERR,ERR,ERR,ERR,ERR,ERR,ERR,ERR,ERR,ERR,ERR,ERR,ERR,ERR,ERR,ERR,ERR,ERR,ERR,ERR,ERR,ERR,ERR,ERR,ERR,ERR,ERR,ERR,ERR,ERR,ERR,ERR,ERR,ERR,ERR,ERR,ERR,ERR,ERR,ERR,ERR,ERR,ERR,ERR,ERR,ERR,ERR,ERR,ERR,ERR,ERR,ERR,ERR,ERR,ERR,ERR,ERR,ERR,ERR,ERR,ERR,ERR,ERR,ERR,ERR,ERR,ERR,ERR,0.0,0.0,-101055584.0,0.0,0.0,0.0,0.0,nan,0,0,0,32768,0,0.0,0,0.0,0.0,0.0,0.0,0.0,0,0,0,0,0.0,0,0,0,0,0,0,0,0,0,0,0,0,0,0,0,0,0,0,0,0,0,0,0,0,0,0,0,0,0,0,0,0,0,0,0,0,0,0,0,0,0,0,0,0,0.0,0.0,0.0,0.0,0.0,0.0,0.0,0.0,0.0,0.0,0.0,0.0,0.0,0.0,0.0,0.0,0.0,0.0,0.0,0.0,0.0,0.0,-2.004,0.0,-2.004,2.004,0.0,0.0,0.0,0.0,3378.0,-1.5879155638041463e+29,0.0,0.0,0.0,-0.0,0.0,0.0,0.0,0.0,0.0,0,-0.0,-0.0,0.0,0.0,0.0,0.0,0.0,0.0,0.0,0,0,0,0.0,0.0,0.0,0.0,0.0,0.0,0.0,0.0,0.0,0.0,0.0,0.0,0.0,0.0,0.0,0.0,0,-107875648.0,0,0.0,0,-107875648.0,-107877712.0,0,26215,17039,0,17054,52429,17037,0,0,0,110,100,100,2.7302334150594743e+23,64.0,0.0,64.9,-107615304.0,68.5,1,49,50,180,0,52429,0,0,0.0,0.0,0.0,0.0,-1.3651168876737223e+23,65.0,0.0,0.0,0.0,645,0,689,0,0,0,718,0,789,0,709,0,690,0,645,0,642,0,615,0.032,55574528.0,0.0,2.7302316136196234e+23,26512,16788,-596680832.0,-6.319434378262698e+32,-0.0,0.985,4.217223437228568e+24,-33194248.0,29.0,60.0,70,0.0,0.0,0.0,0.0,0.0,0.0,0.0,0.0,0.0,0.0,0.0,0.0,0.0,0.0,0.0,0.0,59.2,69,11,65508,41,65476,0,300,0,0,8,20529,65476,0,0,61604,60.0,0.0,0.0,0.0,0.0,0.0
2026-04-04T11:20:42,ERR,ERR,ERR,ERR,ERR,ERR,ERR,ERR,ERR,ERR,ERR,ERR,ERR,ERR,ERR,ERR,ERR,ERR,ERR,ERR,ERR,ERR,ERR,ERR,ERR,ERR,ERR,ERR,ERR,ERR,ERR,ERR,ERR,ERR,ERR,ERR,ERR,ERR,ERR,ERR,ERR,ERR,ERR,ERR,ERR,ERR,ERR,ERR,ERR,ERR,ERR,ERR,ERR,ERR,ERR,ERR,ERR,ERR,ERR,ERR,ERR,ERR,ERR,ERR,ERR,ERR,ERR,ERR,ERR,ERR,ERR,ERR,ERR,ERR,ERR,ERR,ERR,ERR,ERR,ERR,ERR,ERR,ERR,ERR,ERR,ERR,ERR,ERR,ERR,ERR,ERR,ERR,ERR,ERR,ERR,ERR,ERR,ERR,ERR,ERR,ERR,ERR,ERR,ERR,ERR,ERR,ERR,ERR,ERR,ERR,ERR,ERR,ERR,ERR,ERR,ERR,ERR,ERR,ERR,ERR,ERR,ERR,ERR,ERR,ERR,0.0,0.0,-101055584.0,0.0,0.0,0.0,0.0,nan,0,0,0,32768,0,0.0,0,0.0,0.0,0.0,0.0,0.0,0,0,0,0,0.0,0,0,0,0,0,0,0,0,0,0,0,0,0,0,0,0,0,0,0,0,0,0,0,0,0,0,0,0,0,0,0,0,0,0,0,0,0,0,0,0,0,0,0,0,0.0,0.0,0.0,0.0,0.0,0.0,0.0,0.0,0.0,0.0,0.0,0.0,0.0,0.0,0.0,0.0,0.0,0.0,0.0,0.0,0.0,0.0,-2.004,0.0,-2.004,2.004,0.0,0.0,0.0,0.0,3378.0,-1.5879155638041463e+29,0.0,0.0,0.0,-0.0,0.0,0.0,0.0,0.0,0.0,0,-0.0,-0.0,0.0,0.0,0.0,0.0,0.0,0.0,0.0,0,0,0,0.0,0.0,0.0,0.0,0.0,0.0,0.0,0.0,0.0,0.0,0.0,0.0,0.0,0.0,0.0,0.0,0,-107875648.0,0,0.0,0,-107875648.0,-107877712.0,0,26215,17039,0,17054,52429,17037,0,0,0,110,100,100,2.7302334150594743e+23,64.0,0.0,64.9,-107615304.0,68.5,1,49,50,180,0,52429,0,0,0.0,0.0,0.0,0.0,-1.3651168876737223e+23,65.0,0.0,0.0,0.0,645,0,689,0,0,0,718,0,789,0,709,0,690,0,645,0,642,0,615,0.032,55574528.0,0.0,2.7302316136196234e+23,26512,16788,-596680832.0,-6.319434378262698e+32,-0.0,0.985,4.217223437228568e+24,-33194248.0,29.0,60.0,70,0.0,0.0,0.0,0.0,0.0,0.0,0.0,0.0,0.0,0.0,0.0,0.0,0.0,0.0,0.0,0.0,59.2,69,11,65508,41,65476,0,300,0,0,8,20529,65476,0,0,61604,60.0,0.0,0.0,0.0,0.0,0.0
2026-04-04T11:20:43,ERR,ERR,ERR,ERR,ERR,ERR,ERR,ERR,ERR,ERR,ERR,ERR,ERR,ERR,ERR,ERR,ERR,ERR,ERR,ERR,ERR,ERR,ERR,ERR,ERR,ERR,ERR,ERR,ERR,ERR,ERR,ERR,ERR,ERR,ERR,ERR,ERR,ERR,ERR,ERR,ERR,ERR,ERR,ERR,ERR,ERR,ERR,ERR,ERR,ERR,ERR,ERR,ERR,ERR,ERR,ERR,ERR,ERR,ERR,ERR,ERR,ERR,ERR,ERR,ERR,ERR,ERR,ERR,ERR,ERR,ERR,ERR,ERR,ERR,ERR,ERR,ERR,ERR,ERR,ERR,ERR,ERR,ERR,ERR,ERR,ERR,ERR,ERR,ERR,ERR,ERR,ERR,ERR,ERR,ERR,ERR,ERR,ERR,ERR,ERR,ERR,ERR,ERR,ERR,ERR,ERR,ERR,ERR,ERR,ERR,ERR,ERR,ERR,ERR,ERR,ERR,ERR,ERR,ERR,ERR,ERR,ERR,ERR,ERR,ERR,0.0,0.0,-101055584.0,0.0,0.0,0.0,0.0,nan,0,0,0,32768,0,0.0,0,0.0,0.0,0.0,0.0,0.0,0,0,0,0,0.0,0,0,0,0,0,0,0,0,0,0,0,0,0,0,0,0,0,0,0,0,0,0,0,0,0,0,0,0,0,0,0,0,0,0,0,0,0,0,0,0,0,0,0,0,0.0,0.0,0.0,0.0,0.0,0.0,0.0,0.0,0.0,0.0,0.0,0.0,0.0,0.0,0.0,0.0,0.0,0.0,0.0,0.0,0.0,0.0,-2.004,0.0,-2.004,2.004,0.0,0.0,0.0,0.0,3378.0,-1.5879155638041463e+29,0.0,0.0,0.0,-0.0,0.0,0.0,0.0,0.0,0.0,0,-0.0,-0.0,0.0,0.0,0.0,0.0,0.0,0.0,0.0,0,0,0,0.0,0.0,0.0,0.0,0.0,0.0,0.0,0.0,0.0,0.0,0.0,0.0,0.0,0.0,0.0,0.0,0,-107875648.0,0,0.0,0,-107875648.0,-107877712.0,0,26215,17039,0,17054,52429,17037,0,0,0,110,100,100,2.7302334150594743e+23,64.0,0.0,64.9,-107615304.0,68.5,1,49,50,180,0,52429,0,0,0.0,0.0,0.0,0.0,-1.3651168876737223e+23,65.0,0.0,0.0,0.0,645,0,689,0,0,0,718,0,789,0,709,0,690,0,645,0,642,0,615,0.032,55574528.0,0.0,2.7302316136196234e+23,26512,16788,-596680832.0,-6.319434378262698e+32,-0.0,0.985,4.217223437228568e+24,-33194248.0,29.0,60.0,70,0.0,0.0,0.0,0.0,0.0,0.0,0.0,0.0,0.0,0.0,0.0,0.0,0.0,0.0,0.0,0.0,59.2,69,11,65508,41,65476,0,300,0,0,8,20529,65476,0,0,61604,60.0,0.0,0.0,0.0,0.0,0.0
2026-04-04T11:20:44,ERR,ERR,ERR,ERR,ERR,ERR,ERR,ERR,ERR,ERR,ERR,ERR,ERR,ERR,ERR,ERR,ERR,ERR,ERR,ERR,ERR,ERR,ERR,ERR,ERR,ERR,ERR,ERR,ERR,ERR,ERR,ERR,ERR,ERR,ERR,ERR,ERR,ERR,ERR,ERR,ERR,ERR,ERR,ERR,ERR,ERR,ERR,ERR,ERR,ERR,ERR,ERR,ERR,ERR,ERR,ERR,ERR,ERR,ERR,ERR,ERR,ERR,ERR,ERR,ERR,ERR,ERR,ERR,ERR,ERR,ERR,ERR,ERR,ERR,ERR,ERR,ERR,ERR,ERR,ERR,ERR,ERR,ERR,ERR,ERR,ERR,ERR,ERR,ERR,ERR,ERR,ERR,ERR,ERR,ERR,ERR,ERR,ERR,ERR,ERR,ERR,ERR,ERR,ERR,ERR,ERR,ERR,ERR,ERR,ERR,ERR,ERR,ERR,ERR,ERR,ERR,ERR,ERR,ERR,ERR,ERR,ERR,ERR,ERR,ERR,0.0,0.0,-101055584.0,0.0,0.0,0.0,0.0,nan,0,0,0,32768,0,0.0,0,0.0,0.0,0.0,0.0,0.0,0,0,0,0,0.0,0,0,0,0,0,0,0,0,0,0,0,0,0,0,0,0,0,0,0,0,0,0,0,0,0,0,0,0,0,0,0,0,0,0,0,0,0,0,0,0,0,0,0,0,0.0,0.0,0.0,0.0,0.0,0.0,0.0,0.0,0.0,0.0,0.0,0.0,0.0,0.0,0.0,0.0,0.0,0.0,0.0,0.0,0.0,0.0,-2.004,0.0,-2.004,2.004,0.0,0.0,0.0,0.0,3378.0,-1.5879155638041463e+29,0.0,0.0,0.0,-0.0,0.0,0.0,0.0,0.0,0.0,0,-0.0,-0.0,0.0,0.0,0.0,0.0,0.0,0.0,0.0,0,0,0,0.0,0.0,0.0,0.0,0.0,0.0,0.0,0.0,0.0,0.0,0.0,0.0,0.0,0.0,0.0,0.0,0,-107875648.0,0,0.0,0,-107875648.0,-107877712.0,0,26215,17039,0,17054,52429,17037,0,0,0,110,100,100,2.7302334150594743e+23,64.0,0.0,64.9,-107615304.0,68.5,1,49,50,180,0,52429,0,0,0.0,0.0,0.0,0.0,-1.3651168876737223e+23,65.0,0.0,0.0,0.0,645,0,689,0,0,0,718,0,789,0,709,0,690,0,645,0,642,0,615,0.032,55574528.0,0.0,2.7302316136196234e+23,26512,16788,-596680832.0,-6.319434378262698e+32,-0.0,0.985,4.217223437228568e+24,-33194248.0,29.0,60.0,70,0.0,0.0,0.0,0.0,0.0,0.0,0.0,0.0,0.0,0.0,0.0,0.0,0.0,0.0,0.0,0.0,59.2,69,11,65508,41,65476,0,300,0,0,8,20529,65476,0,0,61604,60.0,0.0,0.0,0.0,0.0,0.0
2026-04-04T11:20:45,ERR,ERR,ERR,ERR,ERR,ERR,ERR,ERR,ERR,ERR,ERR,ERR,ERR,ERR,ERR,ERR,ERR,ERR,ERR,ERR,ERR,ERR,ERR,ERR,ERR,ERR,ERR,ERR,ERR,ERR,ERR,ERR,ERR,ERR,ERR,ERR,ERR,ERR,ERR,ERR,ERR,ERR,ERR,ERR,ERR,ERR,ERR,ERR,ERR,ERR,ERR,ERR,ERR,ERR,ERR,ERR,ERR,ERR,ERR,ERR,ERR,ERR,ERR,ERR,ERR,ERR,ERR,ERR,ERR,ERR,ERR,ERR,ERR,ERR,ERR,ERR,ERR,ERR,ERR,ERR,ERR,ERR,ERR,ERR,ERR,ERR,ERR,ERR,ERR,ERR,ERR,ERR,ERR,ERR,ERR,ERR,ERR,ERR,ERR,ERR,ERR,ERR,ERR,ERR,ERR,ERR,ERR,ERR,ERR,ERR,ERR,ERR,ERR,ERR,ERR,ERR,ERR,ERR,ERR,ERR,ERR,ERR,ERR,ERR,ERR,0.0,0.0,-101055584.0,0.0,0.0,0.0,0.0,nan,0,0,0,32768,0,0.0,0,0.0,0.0,0.0,0.0,0.0,0,0,0,0,0.0,0,0,0,0,0,0,0,0,0,0,0,0,0,0,0,0,0,0,0,0,0,0,0,0,0,0,0,0,0,0,0,0,0,0,0,0,0,0,0,0,0,0,0,0,0.0,0.0,0.0,0.0,0.0,0.0,0.0,0.0,0.0,0.0,0.0,0.0,0.0,0.0,0.0,0.0,0.0,0.0,0.0,0.0,0.0,0.0,-2.004,0.0,-2.004,2.004,0.0,0.0,0.0,0.0,3378.0,-1.5879155638041463e+29,0.0,0.0,0.0,-0.0,0.0,0.0,0.0,0.0,0.0,0,-0.0,-0.0,0.0,0.0,0.0,0.0,0.0,0.0,0.0,0,0,0,0.0,0.0,0.0,0.0,0.0,0.0,0.0,0.0,0.0,0.0,0.0,0.0,0.0,0.0,0.0,0.0,0,-107875648.0,0,0.0,0,-107875648.0,-107877712.0,0,26215,17039,0,17054,52429,17037,0,0,0,110,100,100,2.7302334150594743e+23,64.0,0.0,64.9,-107615304.0,68.5,1,49,50,180,0,52429,0,0,0.0,0.0,0.0,0.0,-2608213916647424.0,65.0,0.0,-2.4542970891618357e+34,0.0,645,0,689,0,0,0,717,0,790,0,709,0,689,0,645,0,642,0,615,0.032,55836672.0,-2.004,0.0,23824,16788,-27937.254,0.0,-0.0,7.100770268141968e+30,2.3242559957457486e+26,-7054886912.0,29.0,60.0,70,0.0,0.0,0.0,0.0,0.0,0.0,0.0,0.0,0.0,0.0,0.0,0.0,0.0,0.0,0.0,0.0,59.2,69,11,65508,41,65476,0,300,0,0,8,20529,65476,0,0,61604,60.0,0.0,0.0,0.0,0.0,0.0
2026-04-04T11:20:46,ERR,ERR,ERR,ERR,ERR,ERR,ERR,ERR,ERR,ERR,ERR,ERR,ERR,ERR,ERR,ERR,ERR,ERR,ERR,ERR,ERR,ERR,ERR,ERR,ERR,ERR,ERR,ERR,ERR,ERR,ERR,ERR,ERR,ERR,ERR,ERR,ERR,ERR,ERR,ERR,ERR,ERR,ERR,ERR,ERR,ERR,ERR,ERR,ERR,ERR,ERR,ERR,ERR,ERR,ERR,ERR,ERR,ERR,ERR,ERR,ERR,ERR,ERR,ERR,ERR,ERR,ERR,ERR,ERR,ERR,ERR,ERR,ERR,ERR,ERR,ERR,ERR,ERR,ERR,ERR,ERR,ERR,ERR,ERR,ERR,ERR,ERR,ERR,ERR,ERR,ERR,ERR,ERR,ERR,ERR,ERR,ERR,ERR,ERR,ERR,ERR,ERR,ERR,ERR,ERR,ERR,ERR,ERR,ERR,ERR,ERR,ERR,ERR,ERR,ERR,ERR,ERR,ERR,ERR,ERR,ERR,ERR,ERR,ERR,ERR,0.0,0.0,-101055584.0,0.0,0.0,0.0,0.0,nan,0,0,0,32768,0,0.0,0,0.0,0.0,0.0,0.0,0.0,0,0,0,0,0.0,0,0,0,0,0,0,0,0,0,0,0,0,0,0,0,0,0,0,0,0,0,0,0,0,0,0,0,0,0,0,0,0,0,0,0,0,0,0,0,0,0,0,0,0,0.0,0.0,0.0,0.0,0.0,0.0,0.0,0.0,0.0,0.0,0.0,0.0,0.0,0.0,0.0,0.0,0.0,0.0,0.0,0.0,0.0,0.0,-2.004,0.0,-2.004,2.004,0.0,0.0,0.0,0.0,3378.0,-1.5879155638041463e+29,0.0,0.0,0.0,-0.0,0.0,0.0,0.0,0.0,0.0,0,-0.0,-0.0,0.0,0.0,0.0,0.0,0.0,0.0,0.0,0,0,0,0.0,0.0,0.0,0.0,0.0,0.0,0.0,0.0,0.0,0.0,0.0,0.0,0.0,0.0,0.0,0.0,0,-107875648.0,0,0.0,0,-107875648.0,-107877712.0,0,26215,17039,0,17054,52429,17037,0,0,0,110,100,100,2.7302334150594743e+23,64.0,0.0,64.9,-107615304.0,68.5,1,49,50,180,0,52429,0,0,0.0,0.0,0.0,0.0,-2608213916647424.0,65.0,0.0,-2.4542970891618357e+34,0.0,645,0,689,0,0,0,717,0,790,0,709,0,689,0,645,0,642,0,615,0.032,55836672.0,-2.004,0.0,23824,16788,-27937.254,0.0,-0.0,7.100770268141968e+30,2.3242559957457486e+26,-7054886912.0,29.0,60.0,70,0.0,0.0,0.0,0.0,0.0,0.0,0.0,0.0,0.0,0.0,0.0,0.0,0.0,0.0,0.0,0.0,59.2,69,11,65508,41,65476,0,300,0,0,8,20529,65476,0,0,61604,60.0,0.0,0.0,0.0,0.0,0.0
2026-04-04T11:20:47,ERR,ERR,ERR,ERR,ERR,ERR,ERR,ERR,ERR,ERR,ERR,ERR,ERR,ERR,ERR,ERR,ERR,ERR,ERR,ERR,ERR,ERR,ERR,ERR,ERR,ERR,ERR,ERR,ERR,ERR,ERR,ERR,ERR,ERR,ERR,ERR,ERR,ERR,ERR,ERR,ERR,ERR,ERR,ERR,ERR,ERR,ERR,ERR,ERR,ERR,ERR,ERR,ERR,ERR,ERR,ERR,ERR,ERR,ERR,ERR,ERR,ERR,ERR,ERR,ERR,ERR,ERR,ERR,ERR,ERR,ERR,ERR,ERR,ERR,ERR,ERR,ERR,ERR,ERR,ERR,ERR,ERR,ERR,ERR,ERR,ERR,ERR,ERR,ERR,ERR,ERR,ERR,ERR,ERR,ERR,ERR,ERR,ERR,ERR,ERR,ERR,ERR,ERR,ERR,ERR,ERR,ERR,ERR,ERR,ERR,ERR,ERR,ERR,ERR,ERR,ERR,ERR,ERR,ERR,ERR,ERR,ERR,ERR,ERR,ERR,0.0,0.0,-101055584.0,0.0,0.0,0.0,0.0,nan,0,0,0,32768,0,0.0,0,0.0,0.0,0.0,0.0,0.0,0,0,0,0,0.0,0,0,0,0,0,0,0,0,0,0,0,0,0,0,0,0,0,0,0,0,0,0,0,0,0,0,0,0,0,0,0,0,0,0,0,0,0,0,0,0,0,0,0,0,0.0,0.0,0.0,0.0,0.0,0.0,0.0,0.0,0.0,0.0,0.0,0.0,0.0,0.0,0.0,0.0,0.0,0.0,0.0,0.0,0.0,0.0,-2.004,0.0,-2.004,2.004,0.0,0.0,0.0,0.0,3393.5,0.0,0.0,0.0,0.0,-0.0,0.0,0.0,0.0,0.0,0.0,0,-0.0,-0.0,0.0,0.0,0.0,0.0,0.0,0.0,0.0,0,0,0,0.0,0.0,0.0,0.0,0.0,0.0,0.0,0.0,0.0,0.0,0.0,0.0,0.0,0.0,0.0,0.0,0,-107875648.0,0,0.0,0,-107875648.0,-107877712.0,0,26215,17039,0,17054,52429,17037,0,0,0,110,100,100,2.7302334150594743e+23,64.0,0.0,64.9,-107615304.0,68.5,1,49,50,180,0,52429,0,0,0.0,0.0,0.0,0.0,-2608213916647424.0,65.0,0.0,-2.4542970891618357e+34,0.0,645,0,689,0,0,0,717,0,790,0,709,0,689,0,645,0,642,0,615,0.032,55836672.0,-2.004,0.0,23824,16788,-27937.254,0.0,-0.0,7.100770268141968e+30,2.3242559957457486e+26,-7054886912.0,29.0,60.0,70,0.0,0.0,0.0,0.0,0.0,0.0,0.0,0.0,0.0,0.0,0.0,0.0,0.0,0.0,0.0,0.0,59.2,69,11,65508,41,65476,0,300,0,0,8,20529,65476,0,0,61604,60.0,0.0,0.0,0.0,0.0,0.0
2026-04-04T11:20:48,ERR,ERR,ERR,ERR,ERR,ERR,ERR,ERR,ERR,ERR,ERR,ERR,ERR,ERR,ERR,ERR,ERR,ERR,ERR,ERR,ERR,ERR,ERR,ERR,ERR,ERR,ERR,ERR,ERR,ERR,ERR,ERR,ERR,ERR,ERR,ERR,ERR,ERR,ERR,ERR,ERR,ERR,ERR,ERR,ERR,ERR,ERR,ERR,ERR,ERR,ERR,ERR,ERR,ERR,ERR,ERR,ERR,ERR,ERR,ERR,ERR,ERR,ERR,ERR,ERR,ERR,ERR,ERR,ERR,ERR,ERR,ERR,ERR,ERR,ERR,ERR,ERR,ERR,ERR,ERR,ERR,ERR,ERR,ERR,ERR,ERR,ERR,ERR,ERR,ERR,ERR,ERR,ERR,ERR,ERR,ERR,ERR,ERR,ERR,ERR,ERR,ERR,ERR,ERR,ERR,ERR,ERR,ERR,ERR,ERR,ERR,ERR,ERR,ERR,ERR,ERR,ERR,ERR,ERR,ERR,ERR,ERR,ERR,ERR,ERR,0.0,0.0,-101055584.0,0.0,0.0,0.0,0.0,nan,0,0,0,32768,0,0.0,0,0.0,0.0,0.0,0.0,0.0,0,0,0,0,0.0,0,0,0,0,0,0,0,0,0,0,0,0,0,0,0,0,0,0,0,0,0,0,0,0,0,0,0,0,0,0,0,0,0,0,0,0,0,0,0,0,0,0,0,0,0.0,0.0,0.0,0.0,0.0,0.0,0.0,0.0,0.0,0.0,0.0,0.0,0.0,0.0,0.0,0.0,0.0,0.0,0.0,0.0,0.0,0.0,-2.004,0.0,-2.004,2.004,0.0,0.0,0.0,0.0,3393.5,0.0,0.0,0.0,0.0,-0.0,0.0,0.0,0.0,0.0,0.0,0,-0.0,-0.0,0.0,0.0,0.0,0.0,0.0,0.0,0.0,0,0,0,0.0,0.0,0.0,0.0,0.0,0.0,0.0,0.0,0.0,0.0,0.0,0.0,0.0,0.0,0.0,0.0,0,-107875648.0,0,0.0,0,-107875648.0,-107877712.0,0,26215,17039,0,17054,52429,17037,0,0,0,110,100,100,2.7302334150594743e+23,64.0,0.0,64.9,-107615304.0,68.5,1,49,50,180,0,52429,0,0,0.0,0.0,0.0,0.0,-2608213916647424.0,65.0,0.0,-2.4542970891618357e+34,0.0,645,0,689,0,0,0,717,0,790,0,709,0,689,0,645,0,642,0,615,0.032,55836672.0,-2.004,0.0,23824,16788,-27937.254,0.0,-0.0,7.100770268141968e+30,2.3242559957457486e+26,-7054886912.0,29.0,60.0,70,0.0,0.0,0.0,0.0,0.0,0.0,0.0,0.0,0.0,0.0,0.0,0.0,0.0,0.0,0.0,0.0,59.2,69,11,65508,41,65476,0,300,0,0,8,20529,65476,0,0,61604,60.0,0.0,0.0,0.0,0.0,0.0
2026-04-04T11:20:49,ERR,ERR,ERR,ERR,ERR,ERR,ERR,ERR,ERR,ERR,ERR,ERR,ERR,ERR,ERR,ERR,ERR,ERR,ERR,ERR,ERR,ERR,ERR,ERR,ERR,ERR,ERR,ERR,ERR,ERR,ERR,ERR,ERR,ERR,ERR,ERR,ERR,ERR,ERR,ERR,ERR,ERR,ERR,ERR,ERR,ERR,ERR,ERR,ERR,ERR,ERR,ERR,ERR,ERR,ERR,ERR,ERR,ERR,ERR,ERR,ERR,ERR,ERR,ERR,ERR,ERR,ERR,ERR,ERR,ERR,ERR,ERR,ERR,ERR,ERR,ERR,ERR,ERR,ERR,ERR,ERR,ERR,ERR,ERR,ERR,ERR,ERR,ERR,ERR,ERR,ERR,ERR,ERR,ERR,ERR,ERR,ERR,ERR,ERR,ERR,ERR,ERR,ERR,ERR,ERR,ERR,ERR,ERR,ERR,ERR,ERR,ERR,ERR,ERR,ERR,ERR,ERR,ERR,ERR,ERR,ERR,ERR,ERR,ERR,ERR,0.0,0.0,-101055584.0,0.0,0.0,0.0,0.0,nan,0,0,0,32768,0,0.0,0,0.0,0.0,0.0,0.0,0.0,0,0,0,0,0.0,0,0,0,0,0,0,0,0,0,0,0,0,0,0,0,0,0,0,0,0,0,0,0,0,0,0,0,0,0,0,0,0,0,0,0,0,0,0,0,0,0,0,0,0,0.0,0.0,0.0,0.0,0.0,0.0,0.0,0.0,0.0,0.0,0.0,0.0,0.0,0.0,0.0,0.0,0.0,0.0,0.0,0.0,0.0,0.0,-2.004,0.0,-2.004,2.004,0.0,0.0,0.0,0.0,3393.5,0.0,0.0,0.0,0.0,-0.0,0.0,0.0,0.0,0.0,0.0,0,-0.0,-0.0,0.0,0.0,0.0,0.0,0.0,0.0,0.0,0,0,0,0.0,0.0,0.0,0.0,0.0,0.0,0.0,0.0,0.0,0.0,0.0,0.0,0.0,0.0,0.0,0.0,0,-107875648.0,0,0.0,0,-107875648.0,-107877712.0,0,26215,17039,0,17054,52429,17037,0,0,0,110,100,100,2.7302334150594743e+23,64.0,0.0,64.9,-107615304.0,68.5,1,49,50,180,0,52429,0,0,0.0,0.0,0.0,0.0,-2608213916647424.0,65.0,0.0,-2.4542970891618357e+34,0.0,645,0,689,0,0,0,717,0,790,0,709,0,689,0,645,0,642,0,615,0.032,55836672.0,-2.004,0.0,23824,16788,-27937.254,0.0,-0.0,7.100770268141968e+30,2.3242559957457486e+26,-7054886912.0,29.0,60.0,70,0.0,0.0,0.0,0.0,0.0,0.0,0.0,0.0,0.0,0.0,0.0,0.0,0.0,0.0,0.0,0.0,59.6,69,11,65508,41,65476,0,300,0,0,8,20529,65476,0,0,61604,60.0,0.0,0.0,0.0,0.0,0.0
2026-04-04T11:20:50,ERR,ERR,ERR,ERR,ERR,ERR,ERR,ERR,ERR,ERR,ERR,ERR,ERR,ERR,ERR,ERR,ERR,ERR,ERR,ERR,ERR,ERR,ERR,ERR,ERR,ERR,ERR,ERR,ERR,ERR,ERR,ERR,ERR,ERR,ERR,ERR,ERR,ERR,ERR,ERR,ERR,ERR,ERR,ERR,ERR,ERR,ERR,ERR,ERR,ERR,ERR,ERR,ERR,ERR,ERR,ERR,ERR,ERR,ERR,ERR,ERR,ERR,ERR,ERR,ERR,ERR,ERR,ERR,ERR,ERR,ERR,ERR,ERR,ERR,ERR,ERR,ERR,ERR,ERR,ERR,ERR,ERR,ERR,ERR,ERR,ERR,ERR,ERR,ERR,ERR,ERR,ERR,ERR,ERR,ERR,ERR,ERR,ERR,ERR,ERR,ERR,ERR,ERR,ERR,ERR,ERR,ERR,ERR,ERR,ERR,ERR,ERR,ERR,ERR,ERR,ERR,ERR,ERR,ERR,ERR,ERR,ERR,ERR,ERR,ERR,0.0,0.0,-101055584.0,0.0,0.0,0.0,0.0,nan,0,0,0,32768,0,0.0,0,0.0,0.0,0.0,0.0,0.0,0,0,0,0,0.0,0,0,0,0,0,0,0,0,0,0,0,0,0,0,0,0,0,0,0,0,0,0,0,0,0,0,0,0,0,0,0,0,0,0,0,0,0,0,0,0,0,0,0,0,0.0,0.0,0.0,0.0,0.0,0.0,0.0,0.0,0.0,0.0,0.0,0.0,0.0,0.0,0.0,0.0,0.0,0.0,0.0,0.0,0.0,0.0,-2.004,0.0,-2.004,2.004,0.0,0.0,0.0,0.0,3393.5,0.0,0.0,0.0,0.0,-0.0,0.0,0.0,0.0,0.0,0.0,0,-0.0,-0.0,0.0,0.0,0.0,0.0,0.0,0.0,0.0,0,0,0,0.0,0.0,0.0,0.0,0.0,0.0,0.0,0.0,0.0,0.0,0.0,0.0,0.0,0.0,0.0,0.0,0,-107875648.0,0,0.0,0,-107875648.0,-107877712.0,0,39322,17039,52429,17053,52429,17037,0,0,0,110,100,100,2.7302334150594743e+23,64.0,0.0,64.9,-107615304.0,68.5,1,49,50,180,0,52429,0,0,0.0,0.0,0.0,0.0,-2048999680.0,65.0,0.0,-8.886622979849837e+32,0.0,645,0,688,0,0,0,717,0,789,0,709,0,689,0,645,0,642,0,615,0.032,37224448.0,-2.004,0.0,39312,16788,-32746177036288.0,-3745643264.0,-0.0,0.0,4.374279664790478e+23,-1665040.5,29.0,60.0,70,0.0,0.0,0.0,0.0,0.0,0.0,0.0,0.0,0.0,0.0,0.0,0.0,0.0,0.0,0.0,0.0,59.6,69,11,65508,41,65476,0,300,0,0,8,20529,65476,0,0,61604,60.0,0.0,0.0,0.0,0.0,0.0
2026-04-04T11:20:51,ERR,ERR,ERR,ERR,ERR,ERR,ERR,ERR,ERR,ERR,ERR,ERR,ERR,ERR,ERR,ERR,ERR,ERR,ERR,ERR,ERR,ERR,ERR,ERR,ERR,ERR,ERR,ERR,ERR,ERR,ERR,ERR,ERR,ERR,ERR,ERR,ERR,ERR,ERR,ERR,ERR,ERR,ERR,ERR,ERR,ERR,ERR,ERR,ERR,ERR,ERR,ERR,ERR,ERR,ERR,ERR,ERR,ERR,ERR,ERR,ERR,ERR,ERR,ERR,ERR,ERR,ERR,ERR,ERR,ERR,ERR,ERR,ERR,ERR,ERR,ERR,ERR,ERR,ERR,ERR,ERR,ERR,ERR,ERR,ERR,ERR,ERR,ERR,ERR,ERR,ERR,ERR,ERR,ERR,ERR,ERR,ERR,ERR,ERR,ERR,ERR,ERR,ERR,ERR,ERR,ERR,ERR,ERR,ERR,ERR,ERR,ERR,ERR,ERR,ERR,ERR,ERR,ERR,ERR,ERR,ERR,ERR,ERR,ERR,ERR,0.0,0.0,-101055584.0,0.0,0.0,0.0,0.0,nan,0,0,0,32768,0,0.0,0,0.0,0.0,0.0,0.0,0.0,0,0,0,0,0.0,0,0,0,0,0,0,0,0,0,0,0,0,0,0,0,0,0,0,0,0,0,0,0,0,0,0,0,0,0,0,0,0,0,0,0,0,0,0,0,0,0,0,0,0,0.0,0.0,0.0,0.0,0.0,0.0,0.0,0.0,0.0,0.0,0.0,0.0,0.0,0.0,0.0,0.0,0.0,0.0,0.0,0.0,0.0,0.0,-2.004,0.0,-2.004,2.004,0.0,0.0,0.0,0.0,3393.5,0.0,0.0,0.0,0.0,-0.0,0.0,0.0,0.0,0.0,0.0,0,-0.0,-0.0,0.0,0.0,0.0,0.0,0.0,0.0,0.0,0,0,0,0.0,0.0,0.0,0.0,0.0,0.0,0.0,0.0,0.0,0.0,0.0,0.0,0.0,0.0,0.0,0.0,0,-107875648.0,0,0.0,0,-107875648.0,-107877712.0,0,39322,17039,52429,17053,52429,17037,0,0,0,110,100,100,2.7302334150594743e+23,64.0,0.0,64.9,-107615304.0,68.5,1,49,50,180,0,52429,0,0,0.0,0.0,0.0,0.0,-2048999680.0,65.0,0.0,-8.886622979849837e+32,0.0,645,0,688,0,0,0,717,0,789,0,709,0,689,0,645,0,642,0,615,0.032,37224448.0,-2.004,0.0,39312,16788,-32746177036288.0,-3745643264.0,-0.0,0.0,4.374279664790478e+23,-1665040.5,29.0,60.0,70,0.0,0.0,0.0,0.0,0.0,0.0,0.0,0.0,0.0,0.0,0.0,0.0,0.0,0.0,0.0,0.0,59.6,69,11,65508,41,65476,0,300,0,0,8,20529,65476,0,0,61604,60.0,0.0,0.0,0.0,0.0,0.0
2026-04-04T11:20:52,ERR,ERR,ERR,ERR,ERR,ERR,ERR,ERR,ERR,ERR,ERR,ERR,ERR,ERR,ERR,ERR,ERR,ERR,ERR,ERR,ERR,ERR,ERR,ERR,ERR,ERR,ERR,ERR,ERR,ERR,ERR,ERR,ERR,ERR,ERR,ERR,ERR,ERR,ERR,ERR,ERR,ERR,ERR,ERR,ERR,ERR,ERR,ERR,ERR,ERR,ERR,ERR,ERR,ERR,ERR,ERR,ERR,ERR,ERR,ERR,ERR,ERR,ERR,ERR,ERR,ERR,ERR,ERR,ERR,ERR,ERR,ERR,ERR,ERR,ERR,ERR,ERR,ERR,ERR,ERR,ERR,ERR,ERR,ERR,ERR,ERR,ERR,ERR,ERR,ERR,ERR,ERR,ERR,ERR,ERR,ERR,ERR,ERR,ERR,ERR,ERR,ERR,ERR,ERR,ERR,ERR,ERR,ERR,ERR,ERR,ERR,ERR,ERR,ERR,ERR,ERR,ERR,ERR,ERR,ERR,ERR,ERR,ERR,ERR,ERR,0.0,0.0,-101055584.0,0.0,0.0,0.0,0.0,nan,0,0,0,32768,0,0.0,0,0.0,0.0,0.0,0.0,0.0,0,0,0,0,0.0,0,0,0,0,0,0,0,0,0,0,0,0,0,0,0,0,0,0,0,0,0,0,0,0,0,0,0,0,0,0,0,0,0,0,0,0,0,0,0,0,0,0,0,0,0.0,0.0,0.0,0.0,0.0,0.0,0.0,0.0,0.0,0.0,0.0,0.0,0.0,0.0,0.0,0.0,0.0,0.0,0.0,0.0,0.0,0.0,-2.004,0.0,-2.004,2.004,0.0,0.0,0.0,0.0,3393.5,0.0,0.0,0.0,0.0,-0.0,0.0,0.0,0.0,0.0,0.0,0,-0.0,-0.0,0.0,0.0,0.0,0.0,0.0,0.0,0.0,0,0,0,0.0,0.0,0.0,0.0,0.0,0.0,0.0,0.0,0.0,0.0,0.0,0.0,0.0,0.0,0.0,0.0,0,-107875648.0,0,0.0,0,-107875648.0,-107877712.0,0,39322,17039,52429,17053,52429,17037,0,0,0,110,100,100,2.7302334150594743e+23,64.0,0.0,64.9,-107615304.0,68.5,1,49,50,180,0,52429,0,0,0.0,0.0,0.0,0.0,-2048999680.0,65.0,0.0,-8.886622979849837e+32,0.0,645,0,688,0,0,0,717,0,789,0,709,0,689,0,645,0,642,0,615,0.032,37224448.0,-2.004,0.0,39312,16788,-32746177036288.0,-3745643264.0,-0.0,0.0,4.374279664790478e+23,-1665040.5,29.0,60.0,70,0.0,0.0,0.0,0.0,0.0,0.0,0.0,0.0,0.0,0.0,0.0,0.0,0.0,0.0,0.0,0.0,59.2,69,11,65508,41,65476,0,300,0,0,8,20529,65476,0,0,61604,60.0,0.0,0.0,0.0,0.0,0.0
2026-04-04T11:20:53,ERR,ERR,ERR,ERR,ERR,ERR,ERR,ERR,ERR,ERR,ERR,ERR,ERR,ERR,ERR,ERR,ERR,ERR,ERR,ERR,ERR,ERR,ERR,ERR,ERR,ERR,ERR,ERR,ERR,ERR,ERR,ERR,ERR,ERR,ERR,ERR,ERR,ERR,ERR,ERR,ERR,ERR,ERR,ERR,ERR,ERR,ERR,ERR,ERR,ERR,ERR,ERR,ERR,ERR,ERR,ERR,ERR,ERR,ERR,ERR,ERR,ERR,ERR,ERR,ERR,ERR,ERR,ERR,ERR,ERR,ERR,ERR,ERR,ERR,ERR,ERR,ERR,ERR,ERR,ERR,ERR,ERR,ERR,ERR,ERR,ERR,ERR,ERR,ERR,ERR,ERR,ERR,ERR,ERR,ERR,ERR,ERR,ERR,ERR,ERR,ERR,ERR,ERR,ERR,ERR,ERR,ERR,ERR,ERR,ERR,ERR,ERR,ERR,ERR,ERR,ERR,ERR,ERR,ERR,ERR,ERR,ERR,ERR,ERR,ERR,0.0,0.0,-101055584.0,0.0,0.0,0.0,0.0,nan,0,0,0,32768,0,0.0,0,0.0,0.0,0.0,0.0,0.0,0,0,0,0,0.0,0,0,0,0,0,0,0,0,0,0,0,0,0,0,0,0,0,0,0,0,0,0,0,0,0,0,0,0,0,0,0,0,0,0,0,0,0,0,0,0,0,0,0,0,0.0,0.0,0.0,0.0,0.0,0.0,0.0,0.0,0.0,0.0,0.0,0.0,0.0,0.0,0.0,0.0,0.0,0.0,0.0,0.0,0.0,0.0,-2.004,0.0,-2.004,2.004,0.0,0.0,0.0,0.0,3393.5,0.0,0.0,0.0,0.0,-0.0,0.0,0.0,0.0,0.0,0.0,0,-0.0,-0.0,0.0,0.0,0.0,0.0,0.0,0.0,0.0,0,0,0,0.0,0.0,0.0,0.0,0.0,0.0,0.0,0.0,0.0,0.0,0.0,0.0,0.0,0.0,0.0,0.0,0,-107875648.0,0,0.0,0,-107875648.0,-107877712.0,0,39322,17039,52429,17053,52429,17037,0,0,0,110,100,100,2.7302334150594743e+23,64.0,0.0,64.9,-107615304.0,68.5,1,49,50,180,0,52429,0,0,0.0,0.0,0.0,0.0,-2048999680.0,65.0,0.0,-8.886622979849837e+32,0.0,645,0,688,0,0,0,717,0,789,0,709,0,689,0,645,0,642,0,615,0.032,37224448.0,-2.004,0.0,39312,16788,-32746177036288.0,-3745643264.0,-0.0,0.0,4.374279664790478e+23,-1665040.5,29.0,60.0,70,0.0,0.0,0.0,0.0,0.0,0.0,0.0,0.0,0.0,0.0,0.0,0.0,0.0,0.0,0.0,0.0,59.2,69,11,65508,41,65476,0,300,0,0,8,20529,65476,0,0,61604,60.0,0.0,0.0,0.0,0.0,0.0
2026-04-04T11:20:54,ERR,ERR,ERR,ERR,ERR,ERR,ERR,ERR,ERR,ERR,ERR,ERR,ERR,ERR,ERR,ERR,ERR,ERR,ERR,ERR,ERR,ERR,ERR,ERR,ERR,ERR,ERR,ERR,ERR,ERR,ERR,ERR,ERR,ERR,ERR,ERR,ERR,ERR,ERR,ERR,ERR,ERR,ERR,ERR,ERR,ERR,ERR,ERR,ERR,ERR,ERR,ERR,ERR,ERR,ERR,ERR,ERR,ERR,ERR,ERR,ERR,ERR,ERR,ERR,ERR,ERR,ERR,ERR,ERR,ERR,ERR,ERR,ERR,ERR,ERR,ERR,ERR,ERR,ERR,ERR,ERR,ERR,ERR,ERR,ERR,ERR,ERR,ERR,ERR,ERR,ERR,ERR,ERR,ERR,ERR,ERR,ERR,ERR,ERR,ERR,ERR,ERR,ERR,ERR,ERR,ERR,ERR,ERR,ERR,ERR,ERR,ERR,ERR,ERR,ERR,ERR,ERR,ERR,ERR,ERR,ERR,ERR,ERR,ERR,ERR,0.0,0.0,-101055584.0,0.0,0.0,0.0,0.0,nan,0,0,0,32768,0,0.0,0,0.0,0.0,0.0,0.0,0.0,0,0,0,0,0.0,0,0,0,0,0,0,0,0,0,0,0,0,0,0,0,0,0,0,0,0,0,0,0,0,0,0,0,0,0,0,0,0,0,0,0,0,0,0,0,0,0,0,0,0,0.0,0.0,0.0,0.0,0.0,0.0,0.0,0.0,0.0,0.0,0.0,0.0,0.0,0.0,0.0,0.0,0.0,0.0,0.0,0.0,0.0,0.0,-2.004,0.0,-2.004,2.004,0.0,0.0,0.0,0.0,3393.5,0.0,0.0,0.0,0.0,-0.0,0.0,0.0,0.0,0.0,0.0,0,-0.0,-0.0,0.0,0.0,0.0,0.0,0.0,0.0,0.0,0,0,0,0.0,0.0,0.0,0.0,0.0,0.0,0.0,0.0,0.0,0.0,0.0,0.0,0.0,0.0,0.0,0.0,0,-107875648.0,0,0.0,0,-107875648.0,-107877712.0,0,39322,17039,52429,17053,52429,17037,0,0,0,110,100,100,2.7302334150594743e+23,64.0,0.0,64.9,-107615304.0,68.5,1,49,50,180,0,52429,0,0,0.0,0.0,0.0,0.0,-2048999680.0,65.0,0.0,-8.886622979849837e+32,0.0,645,0,688,0,0,0,717,0,789,0,709,0,689,0,645,0,642,0,615,0.032,37224448.0,-2.004,0.0,39312,16788,-32746177036288.0,-3745643264.0,-0.0,0.0,4.374279664790478e+23,-1665040.5,29.0,60.0,70,0.0,0.0,0.0,0.0,0.0,0.0,0.0,0.0,0.0,0.0,0.0,0.0,0.0,0.0,0.0,0.0,59.2,69,11,65508,41,65476,0,300,0,0,8,20529,65476,0,0,61604,60.0,0.0,0.0,0.0,0.0,0.0
2026-04-04T11:20:55,ERR,ERR,ERR,ERR,ERR,ERR,ERR,ERR,ERR,ERR,ERR,ERR,ERR,ERR,ERR,ERR,ERR,ERR,ERR,ERR,ERR,ERR,ERR,ERR,ERR,ERR,ERR,ERR,ERR,ERR,ERR,ERR,ERR,ERR,ERR,ERR,ERR,ERR,ERR,ERR,ERR,ERR,ERR,ERR,ERR,ERR,ERR,ERR,ERR,ERR,ERR,ERR,ERR,ERR,ERR,ERR,ERR,ERR,ERR,ERR,ERR,ERR,ERR,ERR,ERR,ERR,ERR,ERR,ERR,ERR,ERR,ERR,ERR,ERR,ERR,ERR,ERR,ERR,ERR,ERR,ERR,ERR,ERR,ERR,ERR,ERR,ERR,ERR,ERR,ERR,ERR,ERR,ERR,ERR,ERR,ERR,ERR,ERR,ERR,ERR,ERR,ERR,ERR,ERR,ERR,ERR,ERR,ERR,ERR,ERR,ERR,ERR,ERR,ERR,ERR,ERR,ERR,ERR,ERR,ERR,ERR,ERR,ERR,ERR,ERR,0.0,0.0,-101055584.0,0.0,0.0,0.0,0.0,nan,0,0,0,32768,0,0.0,0,0.0,0.0,0.0,0.0,0.0,0,0,0,0,0.0,0,0,0,0,0,0,0,0,0,0,0,0,0,0,0,0,0,0,0,0,0,0,0,0,0,0,0,0,0,0,0,0,0,0,0,0,0,0,0,0,0,0,0,0,0.0,0.0,0.0,0.0,0.0,0.0,0.0,0.0,0.0,0.0,0.0,0.0,0.0,0.0,0.0,0.0,0.0,0.0,0.0,0.0,0.0,0.0,-2.004,0.0,-2.004,2.004,0.0,0.0,0.0,0.0,3378.0,-1.5879155638041463e+29,0.0,0.0,0.0,-0.0,0.0,0.0,0.0,0.0,0.0,0,-0.0,-0.0,0.0,0.0,0.0,0.0,0.0,0.0,0.0,0,0,0,0.0,0.0,0.0,0.0,0.0,0.0,0.0,0.0,0.0,0.0,0.0,0.0,0.0,0.0,0.0,0.0,0,-107875648.0,0,0.0,0,-107875648.0,-107877712.0,0,39322,17039,52429,17053,52429,17037,0,0,0,110,100,100,2.7302334150594743e+23,64.0,0.0,64.9,-107615304.0,68.5,1,49,50,180,0,52429,0,0,0.0,0.0,0.0,0.0,-2048999680.0,65.0,0.0,-8.886622979849837e+32,0.0,645,0,688,0,0,0,717,0,789,0,709,0,689,0,645,0,642,0,615,0.032,37224448.0,-2.004,0.0,39312,16788,-32746177036288.0,-3745643264.0,-0.0,0.0,4.374279664790478e+23,-1665040.5,29.0,60.0,70,0.0,0.0,0.0,0.0,0.0,0.0,0.0,0.0,0.0,0.0,0.0,0.0,0.0,0.0,0.0,0.0,59.6,69,11,65508,41,65476,0,300,0,0,8,20529,65476,0,0,61604,60.0,0.0,0.0,0.0,0.0,0.0
2026-04-04T11:20:56,ERR,ERR,ERR,ERR,ERR,ERR,ERR,ERR,ERR,ERR,ERR,ERR,ERR,ERR,ERR,ERR,ERR,ERR,ERR,ERR,ERR,ERR,ERR,ERR,ERR,ERR,ERR,ERR,ERR,ERR,ERR,ERR,ERR,ERR,ERR,ERR,ERR,ERR,ERR,ERR,ERR,ERR,ERR,ERR,ERR,ERR,ERR,ERR,ERR,ERR,ERR,ERR,ERR,ERR,ERR,ERR,ERR,ERR,ERR,ERR,ERR,ERR,ERR,ERR,ERR,ERR,ERR,ERR,ERR,ERR,ERR,ERR,ERR,ERR,ERR,ERR,ERR,ERR,ERR,ERR,ERR,ERR,ERR,ERR,ERR,ERR,ERR,ERR,ERR,ERR,ERR,ERR,ERR,ERR,ERR,ERR,ERR,ERR,ERR,ERR,ERR,ERR,ERR,ERR,ERR,ERR,ERR,ERR,ERR,ERR,ERR,ERR,ERR,ERR,ERR,ERR,ERR,ERR,ERR,ERR,ERR,ERR,ERR,ERR,ERR,0.0,0.0,-101055584.0,0.0,0.0,0.0,0.0,nan,0,0,0,32768,0,0.0,0,0.0,0.0,0.0,0.0,0.0,0,0,0,0,0.0,0,0,0,0,0,0,0,0,0,0,0,0,0,0,0,0,0,0,0,0,0,0,0,0,0,0,0,0,0,0,0,0,0,0,0,0,0,0,0,0,0,0,0,0,0.0,0.0,0.0,0.0,0.0,0.0,0.0,0.0,0.0,0.0,0.0,0.0,0.0,0.0,0.0,0.0,0.0,0.0,0.0,0.0,0.0,0.0,-2.004,0.0,-2.004,2.004,0.0,0.0,0.0,0.0,3378.0,-1.5879155638041463e+29,0.0,0.0,0.0,-0.0,0.0,0.0,0.0,0.0,0.0,0,-0.0,-0.0,0.0,0.0,0.0,0.0,0.0,0.0,0.0,0,0,0,0.0,0.0,0.0,0.0,0.0,0.0,0.0,0.0,0.0,0.0,0.0,0.0,0.0,0.0,0.0,0.0,0,-107875648.0,0,0.0,0,-107875648.0,-107877712.0,0,26215,17039,52429,17053,52429,17037,0,0,0,110,100,100,2.7302334150594743e+23,64.0,0.0,64.9,-107615304.0,68.5,1,49,50,180,0,52429,0,0,0.0,0.0,0.0,0.0,-1.1382363921218986e+22,65.0,0.0,0.0,0.0,645,0,689,0,0,0,717,0,789,0,709,0,689,0,645,0,642,0,615,0.032,40370176.0,-2.004,0.0,23184,16788,-7.20927671510177e+22,0.0,0.0,-1.5625209421194456e+26,-0.0,0.0,29.0,60.0,70,0.0,0.0,0.0,0.0,0.0,0.0,0.0,0.0,0.0,0.0,0.0,0.0,0.0,0.0,0.0,0.0,59.6,69,11,65508,41,65476,0,300,0,0,8,20529,65476,0,0,61604,60.0,0.0,0.0,0.0,0.0,0.0
2026-04-04T11:20:57,ERR,ERR,ERR,ERR,ERR,ERR,ERR,ERR,ERR,ERR,ERR,ERR,ERR,ERR,ERR,ERR,ERR,ERR,ERR,ERR,ERR,ERR,ERR,ERR,ERR,ERR,ERR,ERR,ERR,ERR,ERR,ERR,ERR,ERR,ERR,ERR,ERR,ERR,ERR,ERR,ERR,ERR,ERR,ERR,ERR,ERR,ERR,ERR,ERR,ERR,ERR,ERR,ERR,ERR,ERR,ERR,ERR,ERR,ERR,ERR,ERR,ERR,ERR,ERR,ERR,ERR,ERR,ERR,ERR,ERR,ERR,ERR,ERR,ERR,ERR,ERR,ERR,ERR,ERR,ERR,ERR,ERR,ERR,ERR,ERR,ERR,ERR,ERR,ERR,ERR,ERR,ERR,ERR,ERR,ERR,ERR,ERR,ERR,ERR,ERR,ERR,ERR,ERR,ERR,ERR,ERR,ERR,ERR,ERR,ERR,ERR,ERR,ERR,ERR,ERR,ERR,ERR,ERR,ERR,ERR,ERR,ERR,ERR,ERR,ERR,0.0,0.0,-101055584.0,0.0,0.0,0.0,0.0,nan,0,0,0,32768,0,0.0,0,0.0,0.0,0.0,0.0,0.0,0,0,0,0,0.0,0,0,0,0,0,0,0,0,0,0,0,0,0,0,0,0,0,0,0,0,0,0,0,0,0,0,0,0,0,0,0,0,0,0,0,0,0,0,0,0,0,0,0,0,0.0,0.0,0.0,0.0,0.0,0.0,0.0,0.0,0.0,0.0,0.0,0.0,0.0,0.0,0.0,0.0,0.0,0.0,0.0,0.0,0.0,0.0,-2.004,0.0,-2.004,2.004,0.0,0.0,0.0,0.0,3378.0,-1.5879155638041463e+29,0.0,0.0,0.0,-0.0,0.0,0.0,0.0,0.0,0.0,0,-0.0,-0.0,0.0,0.0,0.0,0.0,0.0,0.0,0.0,0,0,0,0.0,0.0,0.0,0.0,0.0,0.0,0.0,0.0,0.0,0.0,0.0,0.0,0.0,0.0,0.0,0.0,0,-107875648.0,0,0.0,0,-107875648.0,-107877712.0,0,26215,17039,52429,17053,52429,17037,0,0,0,110,100,100,2.7302334150594743e+23,64.0,0.0,64.9,-107615304.0,68.5,1,49,50,180,0,52429,0,0,0.0,0.0,0.0,0.0,-1.1382363921218986e+22,65.0,0.0,0.0,0.0,645,0,689,0,0,0,717,0,789,0,709,0,689,0,645,0,642,0,615,0.032,40370176.0,-2.004,0.0,23184,16788,-7.20927671510177e+22,0.0,0.0,-1.5625209421194456e+26,-0.0,0.0,29.0,60.0,70,0.0,0.0,0.0,0.0,0.0,0.0,0.0,0.0,0.0,0.0,0.0,0.0,0.0,0.0,0.0,0.0,59.2,69,11,65508,41,65476,0,300,0,0,8,20529,65476,0,0,61604,60.0,0.0,0.0,0.0,0.0,0.0
2026-04-04T11:20:58,ERR,ERR,ERR,ERR,ERR,ERR,ERR,ERR,ERR,ERR,ERR,ERR,ERR,ERR,ERR,ERR,ERR,ERR,ERR,ERR,ERR,ERR,ERR,ERR,ERR,ERR,ERR,ERR,ERR,ERR,ERR,ERR,ERR,ERR,ERR,ERR,ERR,ERR,ERR,ERR,ERR,ERR,ERR,ERR,ERR,ERR,ERR,ERR,ERR,ERR,ERR,ERR,ERR,ERR,ERR,ERR,ERR,ERR,ERR,ERR,ERR,ERR,ERR,ERR,ERR,ERR,ERR,ERR,ERR,ERR,ERR,ERR,ERR,ERR,ERR,ERR,ERR,ERR,ERR,ERR,ERR,ERR,ERR,ERR,ERR,ERR,ERR,ERR,ERR,ERR,ERR,ERR,ERR,ERR,ERR,ERR,ERR,ERR,ERR,ERR,ERR,ERR,ERR,ERR,ERR,ERR,ERR,ERR,ERR,ERR,ERR,ERR,ERR,ERR,ERR,ERR,ERR,ERR,ERR,ERR,ERR,ERR,ERR,ERR,ERR,0.0,0.0,-101055584.0,0.0,0.0,0.0,0.0,nan,0,0,0,32768,0,0.0,0,0.0,0.0,0.0,0.0,0.0,0,0,0,0,0.0,0,0,0,0,0,0,0,0,0,0,0,0,0,0,0,0,0,0,0,0,0,0,0,0,0,0,0,0,0,0,0,0,0,0,0,0,0,0,0,0,0,0,0,0,0.0,0.0,0.0,0.0,0.0,0.0,0.0,0.0,0.0,0.0,0.0,0.0,0.0,0.0,0.0,0.0,0.0,0.0,0.0,0.0,0.0,0.0,-2.004,0.0,-2.004,2.004,0.0,0.0,0.0,0.0,3378.0,-1.5879155638041463e+29,0.0,0.0,0.0,-0.0,0.0,0.0,0.0,0.0,0.0,0,-0.0,-0.0,0.0,0.0,0.0,0.0,0.0,0.0,0.0,0,0,0,0.0,0.0,0.0,0.0,0.0,0.0,0.0,0.0,0.0,0.0,0.0,0.0,0.0,0.0,0.0,0.0,0,-107875648.0,0,0.0,0,-107875648.0,-107877712.0,0,26215,17039,52429,17053,52429,17037,0,0,0,110,100,100,2.7302334150594743e+23,64.0,0.0,64.9,-107615304.0,68.5,1,49,50,180,0,52429,0,0,0.0,0.0,0.0,0.0,-1.1382363921218986e+22,65.0,0.0,0.0,0.0,645,0,689,0,0,0,717,0,789,0,709,0,689,0,645,0,642,0,615,0.032,40370176.0,-2.004,0.0,23184,16788,-7.20927671510177e+22,0.0,0.0,-1.5625209421194456e+26,-0.0,0.0,29.0,60.0,70,0.0,0.0,0.0,0.0,0.0,0.0,0.0,0.0,0.0,0.0,0.0,0.0,0.0,0.0,0.0,0.0,59.2,69,11,65508,41,65476,0,300,0,0,8,20529,65476,0,0,61604,60.0,0.0,0.0,0.0,0.0,0.0
2026-04-04T11:20:59,ERR,ERR,ERR,ERR,ERR,ERR,ERR,ERR,ERR,ERR,ERR,ERR,ERR,ERR,ERR,ERR,ERR,ERR,ERR,ERR,ERR,ERR,ERR,ERR,ERR,ERR,ERR,ERR,ERR,ERR,ERR,ERR,ERR,ERR,ERR,ERR,ERR,ERR,ERR,ERR,ERR,ERR,ERR,ERR,ERR,ERR,ERR,ERR,ERR,ERR,ERR,ERR,ERR,ERR,ERR,ERR,ERR,ERR,ERR,ERR,ERR,ERR,ERR,ERR,ERR,ERR,ERR,ERR,ERR,ERR,ERR,ERR,ERR,ERR,ERR,ERR,ERR,ERR,ERR,ERR,ERR,ERR,ERR,ERR,ERR,ERR,ERR,ERR,ERR,ERR,ERR,ERR,ERR,ERR,ERR,ERR,ERR,ERR,ERR,ERR,ERR,ERR,ERR,ERR,ERR,ERR,ERR,ERR,ERR,ERR,ERR,ERR,ERR,ERR,ERR,ERR,ERR,ERR,ERR,ERR,ERR,ERR,ERR,ERR,ERR,0.0,0.0,-101055584.0,0.0,0.0,0.0,0.0,nan,0,0,0,32768,0,0.0,0,0.0,0.0,0.0,0.0,0.0,0,0,0,0,0.0,0,0,0,0,0,0,0,0,0,0,0,0,0,0,0,0,0,0,0,0,0,0,0,0,0,0,0,0,0,0,0,0,0,0,0,0,0,0,0,0,0,0,0,0,0.0,0.0,0.0,0.0,0.0,0.0,0.0,0.0,0.0,0.0,0.0,0.0,0.0,0.0,0.0,0.0,0.0,0.0,0.0,0.0,0.0,0.0,-2.004,0.0,-2.004,2.004,0.0,0.0,0.0,0.0,3378.0,-1.5879155638041463e+29,0.0,0.0,0.0,-0.0,0.0,0.0,0.0,0.0,0.0,0,-0.0,-0.0,0.0,0.0,0.0,0.0,0.0,0.0,0.0,0,0,0,0.0,0.0,0.0,0.0,0.0,0.0,0.0,0.0,0.0,0.0,0.0,0.0,0.0,0.0,0.0,0.0,0,-107875648.0,0,0.0,0,-107875648.0,-107877712.0,0,26215,17039,52429,17053,52429,17037,0,0,0,110,100,100,2.7302334150594743e+23,64.0,0.0,64.9,-107615304.0,68.5,1,49,50,180,0,52429,0,0,0.0,0.0,0.0,0.0,-1.1382363921218986e+22,65.0,0.0,0.0,0.0,645,0,689,0,0,0,717,0,789,0,709,0,689,0,645,0,642,0,615,0.032,40370176.0,-2.004,0.0,23184,16788,-7.20927671510177e+22,0.0,0.0,-1.5625209421194456e+26,-0.0,0.0,29.0,60.0,70,0.0,0.0,0.0,0.0,0.0,0.0,0.0,0.0,0.0,0.0,0.0,0.0,0.0,0.0,0.0,0.0,59.2,69,11,65508,41,65476,0,300,0,0,8,20529,65476,0,0,61604,60.0,0.0,0.0,0.0,0.0,0.0
2026-04-04T11:21:00,ERR,ERR,ERR,ERR,ERR,ERR,ERR,ERR,ERR,ERR,ERR,ERR,ERR,ERR,ERR,ERR,ERR,ERR,ERR,ERR,ERR,ERR,ERR,ERR,ERR,ERR,ERR,ERR,ERR,ERR,ERR,ERR,ERR,ERR,ERR,ERR,ERR,ERR,ERR,ERR,ERR,ERR,ERR,ERR,ERR,ERR,ERR,ERR,ERR,ERR,ERR,ERR,ERR,ERR,ERR,ERR,ERR,ERR,ERR,ERR,ERR,ERR,ERR,ERR,ERR,ERR,ERR,ERR,ERR,ERR,ERR,ERR,ERR,ERR,ERR,ERR,ERR,ERR,ERR,ERR,ERR,ERR,ERR,ERR,ERR,ERR,ERR,ERR,ERR,ERR,ERR,ERR,ERR,ERR,ERR,ERR,ERR,ERR,ERR,ERR,ERR,ERR,ERR,ERR,ERR,ERR,ERR,ERR,ERR,ERR,ERR,ERR,ERR,ERR,ERR,ERR,ERR,ERR,ERR,ERR,ERR,ERR,ERR,ERR,ERR,0.0,0.0,-101055584.0,0.0,0.0,0.0,0.0,nan,0,0,0,32768,0,0.0,0,0.0,0.0,0.0,0.0,0.0,0,0,0,0,0.0,0,0,0,0,0,0,0,0,0,0,0,0,0,0,0,0,0,0,0,0,0,0,0,0,0,0,0,0,0,0,0,0,0,0,0,0,0,0,0,0,0,0,0,0,0.0,0.0,0.0,0.0,0.0,0.0,0.0,0.0,0.0,0.0,0.0,0.0,0.0,0.0,0.0,0.0,0.0,0.0,0.0,0.0,0.0,0.0,-2.004,0.0,-2.004,2.004,0.0,0.0,0.0,0.0,3378.0,-1.5879155638041463e+29,0.0,0.0,0.0,-0.0,0.0,0.0,0.0,0.0,0.0,0,-0.0,-0.0,0.0,0.0,0.0,0.0,0.0,0.0,0.0,0,0,0,0.0,0.0,0.0,0.0,0.0,0.0,0.0,0.0,0.0,0.0,0.0,0.0,0.0,0.0,0.0,0.0,0,-107875648.0,0,0.0,0,-107875648.0,-107877712.0,0,26215,17039,52429,17053,52429,17037,0,0,0,110,100,100,2.7302334150594743e+23,64.0,0.0,64.9,-107615304.0,68.5,1,49,50,180,0,52429,0,0,0.0,0.0,0.0,0.0,-1.1382363921218986e+22,65.0,0.0,0.0,0.0,645,0,689,0,0,0,717,0,789,0,709,0,689,0,645,0,642,0,615,0.032,40370176.0,-2.004,0.0,23184,16788,-7.20927671510177e+22,0.0,0.0,-1.5625209421194456e+26,-0.0,0.0,29.0,60.0,70,0.0,0.0,0.0,0.0,0.0,0.0,0.0,0.0,0.0,0.0,0.0,0.0,0.0,0.0,0.0,0.0,59.2,69,11,65508,41,65476,0,300,0,0,8,20529,65476,0,0,61604,60.0,0.0,0.0,0.0,0.0,0.0
2026-04-04T11:21:01,ERR,ERR,ERR,ERR,ERR,ERR,ERR,ERR,ERR,ERR,ERR,ERR,ERR,ERR,ERR,ERR,ERR,ERR,ERR,ERR,ERR,ERR,ERR,ERR,ERR,ERR,ERR,ERR,ERR,ERR,ERR,ERR,ERR,ERR,ERR,ERR,ERR,ERR,ERR,ERR,ERR,ERR,ERR,ERR,ERR,ERR,ERR,ERR,ERR,ERR,ERR,ERR,ERR,ERR,ERR,ERR,ERR,ERR,ERR,ERR,ERR,ERR,ERR,ERR,ERR,ERR,ERR,ERR,ERR,ERR,ERR,ERR,ERR,ERR,ERR,ERR,ERR,ERR,ERR,ERR,ERR,ERR,ERR,ERR,ERR,ERR,ERR,ERR,ERR,ERR,ERR,ERR,ERR,ERR,ERR,ERR,ERR,ERR,ERR,ERR,ERR,ERR,ERR,ERR,ERR,ERR,ERR,ERR,ERR,ERR,ERR,ERR,ERR,ERR,ERR,ERR,ERR,ERR,ERR,ERR,ERR,ERR,ERR,ERR,ERR,0.0,0.0,-101055584.0,0.0,0.0,0.0,0.0,nan,0,0,0,32768,0,0.0,0,0.0,0.0,0.0,0.0,0.0,0,0,0,0,0.0,0,0,0,0,0,0,0,0,0,0,0,0,0,0,0,0,0,0,0,0,0,0,0,0,0,0,0,0,0,0,0,0,0,0,0,0,0,0,0,0,0,0,0,0,0.0,0.0,0.0,0.0,0.0,0.0,0.0,0.0,0.0,0.0,0.0,0.0,0.0,0.0,0.0,0.0,0.0,0.0,0.0,0.0,0.0,0.0,-2.004,0.0,-2.004,2.004,0.0,0.0,0.0,0.0,3378.0,-1.5879155638041463e+29,0.0,0.0,0.0,-0.0,0.0,0.0,0.0,0.0,0.0,0,-0.0,-0.0,0.0,0.0,0.0,0.0,0.0,0.0,0.0,0,0,0,0.0,0.0,0.0,0.0,0.0,0.0,0.0,0.0,0.0,0.0,0.0,0.0,0.0,0.0,0.0,0.0,0,-107875648.0,0,0.0,0,-107875648.0,-107877712.0,0,26215,17039,52429,17053,52429,17037,0,0,0,110,100,100,2.7302334150594743e+23,64.0,0.0,64.9,-107615304.0,68.5,1,49,50,180,0,52429,0,0,0.0,0.0,0.0,0.0,-1.1382363921218986e+22,65.0,0.0,0.0,0.0,645,0,689,0,0,0,717,0,789,0,709,0,689,0,645,0,642,0,615,0.032,40370176.0,-2.004,0.0,23184,16788,-7.20927671510177e+22,0.0,0.0,-1.5625209421194456e+26,-0.0,0.0,29.0,60.0,70,0.0,0.0,0.0,0.0,0.0,0.0,0.0,0.0,0.0,0.0,0.0,0.0,0.0,0.0,0.0,0.0,59.2,69,11,65508,41,65476,0,300,0,0,8,20529,65476,0,0,61604,60.0,0.0,0.0,0.0,0.0,0.0
2026-04-04T11:21:02,ERR,ERR,ERR,ERR,ERR,ERR,ERR,ERR,ERR,ERR,ERR,ERR,ERR,ERR,ERR,ERR,ERR,ERR,ERR,ERR,ERR,ERR,ERR,ERR,ERR,ERR,ERR,ERR,ERR,ERR,ERR,ERR,ERR,ERR,ERR,ERR,ERR,ERR,ERR,ERR,ERR,ERR,ERR,ERR,ERR,ERR,ERR,ERR,ERR,ERR,ERR,ERR,ERR,ERR,ERR,ERR,ERR,ERR,ERR,ERR,ERR,ERR,ERR,ERR,ERR,ERR,ERR,ERR,ERR,ERR,ERR,ERR,ERR,ERR,ERR,ERR,ERR,ERR,ERR,ERR,ERR,ERR,ERR,ERR,ERR,ERR,ERR,ERR,ERR,ERR,ERR,ERR,ERR,ERR,ERR,ERR,ERR,ERR,ERR,ERR,ERR,ERR,ERR,ERR,ERR,ERR,ERR,ERR,ERR,ERR,ERR,ERR,ERR,ERR,ERR,ERR,ERR,ERR,ERR,ERR,ERR,ERR,ERR,ERR,ERR,0.0,0.0,-101055584.0,0.0,0.0,0.0,0.0,nan,0,0,0,32768,0,0.0,0,0.0,0.0,0.0,0.0,0.0,0,0,0,0,0.0,0,0,0,0,0,0,0,0,0,0,0,0,0,0,0,0,0,0,0,0,0,0,0,0,0,0,0,0,0,0,0,0,0,0,0,0,0,0,0,0,0,0,0,0,0.0,0.0,0.0,0.0,0.0,0.0,0.0,0.0,0.0,0.0,0.0,0.0,0.0,0.0,0.0,0.0,0.0,0.0,0.0,0.0,0.0,0.0,-2.004,0.0,-2.004,2.004,0.0,0.0,0.0,0.0,3378.0,-1.5879155638041463e+29,0.0,0.0,0.0,-0.0,0.0,0.0,0.0,0.0,0.0,0,-0.0,-0.0,0.0,0.0,0.0,0.0,0.0,0.0,0.0,0,0,0,0.0,0.0,0.0,0.0,0.0,0.0,0.0,0.0,0.0,0.0,0.0,0.0,0.0,0.0,0.0,0.0,0,-107875648.0,0,0.0,0,-107875648.0,-107877712.0,0,26215,17039,52429,17053,52429,17037,0,0,0,110,100,100,2.7302334150594743e+23,64.0,0.0,64.9,-107615304.0,69.0,1,49,50,180,0,52429,0,0,0.0,0.0,0.0,0.0,-13211992588288.0,65.0,0.0,4.4151467332205517e+27,0.0,645,0,689,0,0,0,718,0,789,0,709,0,689,0,645,0,642,0,615,0.032,56098816.0,-2.004,0.0,36752,16788,-103.13,4.4151467332205517e+27,0.0,0.0,0.0,1.8379602536967267e+25,29.0,60.0,70,0.0,0.0,0.0,0.0,0.0,0.0,0.0,0.0,0.0,0.0,0.0,0.0,0.0,0.0,0.0,0.0,59.2,69,11,65508,41,65476,0,300,0,0,8,20529,65476,0,0,61604,60.0,0.0,0.0,0.0,0.0,0.0
2026-04-04T11:21:03,ERR,ERR,ERR,ERR,ERR,ERR,ERR,ERR,ERR,ERR,ERR,ERR,ERR,ERR,ERR,ERR,ERR,ERR,ERR,ERR,ERR,ERR,ERR,ERR,ERR,ERR,ERR,ERR,ERR,ERR,ERR,ERR,ERR,ERR,ERR,ERR,ERR,ERR,ERR,ERR,ERR,ERR,ERR,ERR,ERR,ERR,ERR,ERR,ERR,ERR,ERR,ERR,ERR,ERR,ERR,ERR,ERR,ERR,ERR,ERR,ERR,ERR,ERR,ERR,ERR,ERR,ERR,ERR,ERR,ERR,ERR,ERR,ERR,ERR,ERR,ERR,ERR,ERR,ERR,ERR,ERR,ERR,ERR,ERR,ERR,ERR,ERR,ERR,ERR,ERR,ERR,ERR,ERR,ERR,ERR,ERR,ERR,ERR,ERR,ERR,ERR,ERR,ERR,ERR,ERR,ERR,ERR,ERR,ERR,ERR,ERR,ERR,ERR,ERR,ERR,ERR,ERR,ERR,ERR,ERR,ERR,ERR,ERR,ERR,ERR,0.0,0.0,-101055584.0,0.0,0.0,0.0,0.0,nan,0,0,0,32768,0,0.0,0,0.0,0.0,0.0,0.0,0.0,0,0,0,0,0.0,0,0,0,0,0,0,0,0,0,0,0,0,0,0,0,0,0,0,0,0,0,0,0,0,0,0,0,0,0,0,0,0,0,0,0,0,0,0,0,0,0,0,0,0,0.0,0.0,0.0,0.0,0.0,0.0,0.0,0.0,0.0,0.0,0.0,0.0,0.0,0.0,0.0,0.0,0.0,0.0,0.0,0.0,0.0,0.0,-2.004,0.0,-2.004,2.004,0.0,0.0,0.0,0.0,3378.0,-1.5879155638041463e+29,0.0,0.0,0.0,-0.0,0.0,0.0,0.0,0.0,0.0,0,-0.0,-71.629,0.0,0.0,0.0,0.0,0.0,0.0,0.0,0,0,0,0.0,0.0,0.0,0.0,0.0,0.0,0.0,0.0,0.0,0.0,0.0,0.0,0.0,0.0,0.0,0.0,0,-107875648.0,0,0.0,0,-107875648.0,-107877712.0,0,26215,17039,52429,17053,52429,17037,0,0,0,110,100,100,2.7302334150594743e+23,64.0,0.0,64.9,-107615304.0,69.0,1,49,50,180,0,52429,0,0,0.0,0.0,0.0,0.0,-13211992588288.0,65.0,0.0,4.4151467332205517e+27,0.0,645,0,689,0,0,0,718,0,789,0,709,0,689,0,645,0,642,0,615,0.032,56098816.0,-2.004,0.0,36752,16788,-103.13,4.4151467332205517e+27,0.0,0.0,0.0,1.8379602536967267e+25,29.0,60.0,70,0.0,0.0,0.0,0.0,0.0,0.0,0.0,0.0,0.0,0.0,0.0,0.0,0.0,0.0,0.0,0.0,59.6,69,11,65508,41,65476,0,300,0,0,8,20529,65476,0,0,61604,60.0,0.0,0.0,0.0,0.0,0.0
2026-04-04T11:21:04,ERR,ERR,ERR,ERR,ERR,ERR,ERR,ERR,ERR,ERR,ERR,ERR,ERR,ERR,ERR,ERR,ERR,ERR,ERR,ERR,ERR,ERR,ERR,ERR,ERR,ERR,ERR,ERR,ERR,ERR,ERR,ERR,ERR,ERR,ERR,ERR,ERR,ERR,ERR,ERR,ERR,ERR,ERR,ERR,ERR,ERR,ERR,ERR,ERR,ERR,ERR,ERR,ERR,ERR,ERR,ERR,ERR,ERR,ERR,ERR,ERR,ERR,ERR,ERR,ERR,ERR,ERR,ERR,ERR,ERR,ERR,ERR,ERR,ERR,ERR,ERR,ERR,ERR,ERR,ERR,ERR,ERR,ERR,ERR,ERR,ERR,ERR,ERR,ERR,ERR,ERR,ERR,ERR,ERR,ERR,ERR,ERR,ERR,ERR,ERR,ERR,ERR,ERR,ERR,ERR,ERR,ERR,ERR,ERR,ERR,ERR,ERR,ERR,ERR,ERR,ERR,ERR,ERR,ERR,ERR,ERR,ERR,ERR,ERR,ERR,0.0,0.0,-101055584.0,0.0,0.0,0.0,0.0,nan,0,0,0,32768,0,0.0,0,0.0,0.0,0.0,0.0,0.0,0,0,0,0,0.0,0,0,0,0,0,0,0,0,0,0,0,0,0,0,0,0,0,0,0,0,0,0,0,0,0,0,0,0,0,0,0,0,0,0,0,0,0,0,0,0,0,0,0,0,0.0,0.0,0.0,0.0,0.0,0.0,0.0,0.0,0.0,0.0,0.0,0.0,0.0,0.0,0.0,0.0,0.0,0.0,0.0,0.0,0.0,0.0,-2.004,0.0,-2.004,2.004,0.0,0.0,0.0,0.0,3378.0,-1.5879155638041463e+29,0.0,0.0,0.0,-0.0,0.0,0.0,0.0,0.0,0.0,0,-0.0,-71.629,0.0,0.0,0.0,0.0,0.0,0.0,0.0,0,0,0,0.0,0.0,0.0,0.0,0.0,0.0,0.0,0.0,0.0,0.0,0.0,0.0,0.0,0.0,0.0,0.0,0,-107875648.0,0,0.0,0,-107875648.0,-107877712.0,0,26215,17039,52429,17053,52429,17037,0,0,0,110,100,100,2.7302334150594743e+23,64.0,0.0,64.9,-107615304.0,69.0,1,49,50,180,0,52429,0,0,0.0,0.0,0.0,0.0,-13211992588288.0,65.0,0.0,4.4151467332205517e+27,0.0,645,0,689,0,0,0,718,0,789,0,709,0,689,0,645,0,642,0,615,0.032,56098816.0,-2.004,0.0,36752,16788,-103.13,4.4151467332205517e+27,0.0,0.0,0.0,1.8379602536967267e+25,29.0,60.0,70,0.0,0.0,0.0,0.0,0.0,0.0,0.0,0.0,0.0,0.0,0.0,0.0,0.0,0.0,0.0,0.0,59.6,69,11,65508,41,65476,0,300,0,0,8,20529,65476,0,0,61604,60.0,0.0,0.0,0.0,0.0,0.0
2026-04-04T11:21:05,ERR,ERR,ERR,ERR,ERR,ERR,ERR,ERR,ERR,ERR,ERR,ERR,ERR,ERR,ERR,ERR,ERR,ERR,ERR,ERR,ERR,ERR,ERR,ERR,ERR,ERR,ERR,ERR,ERR,ERR,ERR,ERR,ERR,ERR,ERR,ERR,ERR,ERR,ERR,ERR,ERR,ERR,ERR,ERR,ERR,ERR,ERR,ERR,ERR,ERR,ERR,ERR,ERR,ERR,ERR,ERR,ERR,ERR,ERR,ERR,ERR,ERR,ERR,ERR,ERR,ERR,ERR,ERR,ERR,ERR,ERR,ERR,ERR,ERR,ERR,ERR,ERR,ERR,ERR,ERR,ERR,ERR,ERR,ERR,ERR,ERR,ERR,ERR,ERR,ERR,ERR,ERR,ERR,ERR,ERR,ERR,ERR,ERR,ERR,ERR,ERR,ERR,ERR,ERR,ERR,ERR,ERR,ERR,ERR,ERR,ERR,ERR,ERR,ERR,ERR,ERR,ERR,ERR,ERR,ERR,ERR,ERR,ERR,ERR,ERR,0.0,0.0,-101055584.0,0.0,0.0,0.0,0.0,nan,0,0,0,32768,0,0.0,0,0.0,0.0,0.0,0.0,0.0,0,0,0,0,0.0,0,0,0,0,0,0,0,0,0,0,0,0,0,0,0,0,0,0,0,0,0,0,0,0,0,0,0,0,0,0,0,0,0,0,0,0,0,0,0,0,0,0,0,0,0.0,0.0,0.0,0.0,0.0,0.0,0.0,0.0,0.0,0.0,0.0,0.0,0.0,0.0,0.0,0.0,0.0,0.0,0.0,0.0,0.0,0.0,-2.004,0.0,-2.004,2.004,0.0,0.0,0.0,0.0,3378.0,-1.5879155638041463e+29,0.0,0.0,0.0,-0.0,0.0,0.0,0.0,0.0,0.0,0,-0.0,-71.629,0.0,0.0,0.0,0.0,0.0,0.0,0.0,0,0,0,0.0,0.0,0.0,0.0,0.0,0.0,0.0,0.0,0.0,0.0,0.0,0.0,0.0,0.0,0.0,0.0,0,-107875648.0,0,0.0,0,-107875648.0,-107877712.0,0,26215,17039,52429,17053,52429,17037,0,0,0,110,100,100,2.7302334150594743e+23,64.0,0.0,64.9,-107615304.0,69.0,1,49,50,180,0,52429,0,0,0.0,0.0,0.0,0.0,-13211992588288.0,65.0,0.0,4.4151467332205517e+27,0.0,645,0,689,0,0,0,718,0,789,0,709,0,689,0,645,0,642,0,615,0.032,56098816.0,-2.004,0.0,36752,16788,-103.13,4.4151467332205517e+27,0.0,0.0,0.0,1.8379602536967267e+25,29.0,60.0,70,0.0,0.0,0.0,0.0,0.0,0.0,0.0,0.0,0.0,0.0,0.0,0.0,0.0,0.0,0.0,0.0,59.6,69,11,65508,41,65476,0,300,0,0,8,20529,65476,0,0,61604,60.0,0.0,0.0,0.0,0.0,0.0
2026-04-04T11:21:06,ERR,ERR,ERR,ERR,ERR,ERR,ERR,ERR,ERR,ERR,ERR,ERR,ERR,ERR,ERR,ERR,ERR,ERR,ERR,ERR,ERR,ERR,ERR,ERR,ERR,ERR,ERR,ERR,ERR,ERR,ERR,ERR,ERR,ERR,ERR,ERR,ERR,ERR,ERR,ERR,ERR,ERR,ERR,ERR,ERR,ERR,ERR,ERR,ERR,ERR,ERR,ERR,ERR,ERR,ERR,ERR,ERR,ERR,ERR,ERR,ERR,ERR,ERR,ERR,ERR,ERR,ERR,ERR,ERR,ERR,ERR,ERR,ERR,ERR,ERR,ERR,ERR,ERR,ERR,ERR,ERR,ERR,ERR,ERR,ERR,ERR,ERR,ERR,ERR,ERR,ERR,ERR,ERR,ERR,ERR,ERR,ERR,ERR,ERR,ERR,ERR,ERR,ERR,ERR,ERR,ERR,ERR,ERR,ERR,ERR,ERR,ERR,ERR,ERR,ERR,ERR,ERR,ERR,ERR,ERR,ERR,ERR,ERR,ERR,ERR,0.0,0.0,-101055584.0,0.0,0.0,0.0,0.0,nan,0,0,0,32768,0,0.0,0,0.0,0.0,0.0,0.0,0.0,0,0,0,0,0.0,0,0,0,0,0,0,0,0,0,0,0,0,0,0,0,0,0,0,0,0,0,0,0,0,0,0,0,0,0,0,0,0,0,0,0,0,0,0,0,0,0,0,0,0,0.0,0.0,0.0,0.0,0.0,0.0,0.0,0.0,0.0,0.0,0.0,0.0,0.0,0.0,0.0,0.0,0.0,0.0,0.0,0.0,0.0,0.0,-2.004,0.0,-2.004,2.004,0.0,0.0,0.0,0.0,3378.0,-1.5879155638041463e+29,0.0,0.0,0.0,-0.0,0.0,0.0,0.0,0.0,0.0,0,-0.0,-71.629,0.0,0.0,0.0,0.0,0.0,0.0,0.0,0,0,0,0.0,0.0,0.0,0.0,0.0,0.0,0.0,0.0,0.0,0.0,0.0,0.0,0.0,0.0,0.0,0.0,0,-107875648.0,0,0.0,0,-107875648.0,-107877712.0,0,26215,17039,52429,17053,52429,17037,0,0,0,110,100,100,2.7302334150594743e+23,64.0,0.0,64.9,-107615304.0,69.0,1,49,50,180,0,52429,0,0,0.0,0.0,0.0,0.0,-13211992588288.0,65.0,0.0,4.4151467332205517e+27,0.0,645,0,689,0,0,0,718,0,789,0,709,0,689,0,645,0,642,0,615,0.032,56098816.0,-2.004,0.0,36752,16788,-103.13,4.4151467332205517e+27,0.0,0.0,0.0,1.8379602536967267e+25,29.0,60.0,70,0.0,0.0,0.0,0.0,0.0,0.0,0.0,0.0,0.0,0.0,0.0,0.0,0.0,0.0,0.0,0.0,59.2,69,11,65508,41,65476,0,300,0,0,8,20529,65476,0,0,61604,60.0,0.0,0.0,0.0,0.0,0.0
2026-04-04T11:21:07,ERR,ERR,ERR,ERR,ERR,ERR,ERR,ERR,ERR,ERR,ERR,ERR,ERR,ERR,ERR,ERR,ERR,ERR,ERR,ERR,ERR,ERR,ERR,ERR,ERR,ERR,ERR,ERR,ERR,ERR,ERR,ERR,ERR,ERR,ERR,ERR,ERR,ERR,ERR,ERR,ERR,ERR,ERR,ERR,ERR,ERR,ERR,ERR,ERR,ERR,ERR,ERR,ERR,ERR,ERR,ERR,ERR,ERR,ERR,ERR,ERR,ERR,ERR,ERR,ERR,ERR,ERR,ERR,ERR,ERR,ERR,ERR,ERR,ERR,ERR,ERR,ERR,ERR,ERR,ERR,ERR,ERR,ERR,ERR,ERR,ERR,ERR,ERR,ERR,ERR,ERR,ERR,ERR,ERR,ERR,ERR,ERR,ERR,ERR,ERR,ERR,ERR,ERR,ERR,ERR,ERR,ERR,ERR,ERR,ERR,ERR,ERR,ERR,ERR,ERR,ERR,ERR,ERR,ERR,ERR,ERR,ERR,ERR,ERR,ERR,0.0,0.0,-101055584.0,0.0,0.0,0.0,0.0,nan,0,0,0,32768,0,0.0,0,0.0,0.0,0.0,0.0,0.0,0,0,0,0,0.0,0,0,0,0,0,0,0,0,0,0,0,0,0,0,0,0,0,0,0,0,0,0,0,0,0,0,0,0,0,0,0,0,0,0,0,0,0,0,0,0,0,0,0,0,0.0,0.0,0.0,0.0,0.0,0.0,0.0,0.0,0.0,0.0,0.0,0.0,0.0,0.0,0.0,0.0,0.0,0.0,0.0,0.0,0.0,0.0,-2.004,0.0,-2.004,2.004,0.0,0.0,0.0,0.0,3378.0,-1.5879155638041463e+29,0.0,0.0,0.0,-0.0,0.0,0.0,0.0,0.0,0.0,0,-0.0,-71.629,0.0,0.0,0.0,0.0,0.0,0.0,0.0,0,0,0,0.0,0.0,0.0,0.0,0.0,0.0,0.0,0.0,0.0,0.0,0.0,0.0,0.0,0.0,0.0,0.0,0,-107875648.0,0,0.0,0,-107875648.0,-107877712.0,0,26215,17039,52429,17053,52429,17037,0,0,0,110,100,100,2.7302334150594743e+23,64.0,0.0,64.9,-107615304.0,69.0,1,49,50,180,0,52429,0,0,0.0,0.0,0.0,0.0,-13211992588288.0,65.0,0.0,4.4151467332205517e+27,0.0,645,0,689,0,0,0,718,0,789,0,709,0,689,0,645,0,642,0,615,0.032,56098816.0,-2.004,0.0,36752,16788,-103.13,4.4151467332205517e+27,0.0,0.0,0.0,1.8379602536967267e+25,29.0,60.0,70,0.0,0.0,0.0,0.0,0.0,0.0,0.0,0.0,0.0,0.0,0.0,0.0,0.0,0.0,0.0,0.0,59.2,69,11,65508,41,65476,0,300,0,0,8,20529,65476,0,0,61604,60.0,0.0,0.0,0.0,0.0,0.0
2026-04-04T11:21:08,ERR,ERR,ERR,ERR,ERR,ERR,ERR,ERR,ERR,ERR,ERR,ERR,ERR,ERR,ERR,ERR,ERR,ERR,ERR,ERR,ERR,ERR,ERR,ERR,ERR,ERR,ERR,ERR,ERR,ERR,ERR,ERR,ERR,ERR,ERR,ERR,ERR,ERR,ERR,ERR,ERR,ERR,ERR,ERR,ERR,ERR,ERR,ERR,ERR,ERR,ERR,ERR,ERR,ERR,ERR,ERR,ERR,ERR,ERR,ERR,ERR,ERR,ERR,ERR,ERR,ERR,ERR,ERR,ERR,ERR,ERR,ERR,ERR,ERR,ERR,ERR,ERR,ERR,ERR,ERR,ERR,ERR,ERR,ERR,ERR,ERR,ERR,ERR,ERR,ERR,ERR,ERR,ERR,ERR,ERR,ERR,ERR,ERR,ERR,ERR,ERR,ERR,ERR,ERR,ERR,ERR,ERR,ERR,ERR,ERR,ERR,ERR,ERR,ERR,ERR,ERR,ERR,ERR,ERR,ERR,ERR,ERR,ERR,ERR,ERR,0.0,0.0,-101055584.0,0.0,0.0,0.0,0.0,nan,0,0,0,32768,0,0.0,0,0.0,0.0,0.0,0.0,0.0,0,0,0,0,0.0,0,0,0,0,0,0,0,0,0,0,0,0,0,0,0,0,0,0,0,0,0,0,0,0,0,0,0,0,0,0,0,0,0,0,0,0,0,0,0,0,0,0,0,0,0.0,0.0,0.0,0.0,0.0,0.0,0.0,0.0,0.0,0.0,0.0,0.0,0.0,0.0,0.0,0.0,0.0,0.0,0.0,0.0,0.0,0.0,-2.004,0.0,-2.004,2.004,0.0,0.0,0.0,0.0,3378.0,-1.5879155638041463e+29,0.0,0.0,0.0,-0.0,0.0,0.0,0.0,0.0,0.0,0,-0.0,-71.629,0.0,0.0,0.0,0.0,0.0,0.0,0.0,0,0,0,0.0,0.0,0.0,0.0,0.0,0.0,0.0,0.0,0.0,0.0,0.0,0.0,0.0,0.0,0.0,0.0,0,-107875648.0,0,0.0,0,-107875648.0,-107877712.0,0,26215,17039,52429,17053,52429,17037,0,0,0,110,100,100,2.7302334150594743e+23,64.0,0.0,64.9,-107615304.0,68.5,1,49,50,180,0,52429,0,0,0.0,0.0,0.0,0.0,-323506240.0,65.0,0.0,64065.98,0.0,645,0,689,0,0,0,717,0,789,0,709,0,689,0,645,0,642,0,615,0.032,55836672.0,-2.004,0.0,19600,16788,-89796919296.0,3.946453377356923e+17,62784.621,1.4746872881970511e+29,0.0,-0.0,29.0,60.0,70,0.0,0.0,0.0,0.0,0.0,0.0,0.0,0.0,0.0,0.0,0.0,0.0,0.0,0.0,0.0,0.0,59.2,69,11,65508,41,65476,0,300,0,0,8,20529,65476,0,0,61604,60.0,0.0,0.0,0.0,0.0,0.0
2026-04-04T11:21:09,ERR,ERR,ERR,ERR,ERR,ERR,ERR,ERR,ERR,ERR,ERR,ERR,ERR,ERR,ERR,ERR,ERR,ERR,ERR,ERR,ERR,ERR,ERR,ERR,ERR,ERR,ERR,ERR,ERR,ERR,ERR,ERR,ERR,ERR,ERR,ERR,ERR,ERR,ERR,ERR,ERR,ERR,ERR,ERR,ERR,ERR,ERR,ERR,ERR,ERR,ERR,ERR,ERR,ERR,ERR,ERR,ERR,ERR,ERR,ERR,ERR,ERR,ERR,ERR,ERR,ERR,ERR,ERR,ERR,ERR,ERR,ERR,ERR,ERR,ERR,ERR,ERR,ERR,ERR,ERR,ERR,ERR,ERR,ERR,ERR,ERR,ERR,ERR,ERR,ERR,ERR,ERR,ERR,ERR,ERR,ERR,ERR,ERR,ERR,ERR,ERR,ERR,ERR,ERR,ERR,ERR,ERR,ERR,ERR,ERR,ERR,ERR,ERR,ERR,ERR,ERR,ERR,ERR,ERR,ERR,ERR,ERR,ERR,ERR,ERR,0.0,0.0,-101055584.0,0.0,0.0,0.0,0.0,nan,0,0,0,32768,0,0.0,0,0.0,0.0,0.0,0.0,0.0,0,0,0,0,0.0,0,0,0,0,0,0,0,0,0,0,0,0,0,0,0,0,0,0,0,0,0,0,0,0,0,0,0,0,0,0,0,0,0,0,0,0,0,0,0,0,0,0,0,0,0.0,0.0,0.0,0.0,0.0,0.0,0.0,0.0,0.0,0.0,0.0,0.0,0.0,0.0,0.0,0.0,0.0,0.0,0.0,0.0,0.0,0.0,-2.004,0.0,-2.004,2.004,0.0,0.0,0.0,0.0,3378.0,-1.5879155638041463e+29,0.0,0.0,0.0,-0.0,0.0,0.0,0.0,0.0,0.0,0,-0.0,-71.629,0.0,0.0,0.0,0.0,0.0,0.0,0.0,0,0,0,0.0,0.0,0.0,0.0,0.0,0.0,0.0,0.0,0.0,0.0,0.0,0.0,0.0,0.0,0.0,0.0,0,-107875648.0,0,0.0,0,-107875648.0,-107877712.0,0,26215,17039,52429,17053,52429,17037,0,0,0,110,100,100,2.7302334150594743e+23,64.0,0.0,64.9,-107615304.0,68.5,1,49,50,180,0,52429,0,0,0.0,0.0,0.0,0.0,-323506240.0,65.0,0.0,64065.98,0.0,645,0,689,0,0,0,717,0,789,0,709,0,689,0,645,0,642,0,615,0.032,55836672.0,-2.004,0.0,19600,16788,-89796919296.0,3.946453377356923e+17,62784.621,1.4746872881970511e+29,0.0,-0.0,29.0,60.0,70,0.0,0.0,0.0,0.0,0.0,0.0,0.0,0.0,0.0,0.0,0.0,0.0,0.0,0.0,0.0,0.0,59.2,69,11,65508,41,65476,0,300,0,0,8,20529,65476,0,0,61604,60.0,0.0,0.0,0.0,0.0,0.0
2026-04-04T11:21:10,ERR,ERR,ERR,ERR,ERR,ERR,ERR,ERR,ERR,ERR,ERR,ERR,ERR,ERR,ERR,ERR,ERR,ERR,ERR,ERR,ERR,ERR,ERR,ERR,ERR,ERR,ERR,ERR,ERR,ERR,ERR,ERR,ERR,ERR,ERR,ERR,ERR,ERR,ERR,ERR,ERR,ERR,ERR,ERR,ERR,ERR,ERR,ERR,ERR,ERR,ERR,ERR,ERR,ERR,ERR,ERR,ERR,ERR,ERR,ERR,ERR,ERR,ERR,ERR,ERR,ERR,ERR,ERR,ERR,ERR,ERR,ERR,ERR,ERR,ERR,ERR,ERR,ERR,ERR,ERR,ERR,ERR,ERR,ERR,ERR,ERR,ERR,ERR,ERR,ERR,ERR,ERR,ERR,ERR,ERR,ERR,ERR,ERR,ERR,ERR,ERR,ERR,ERR,ERR,ERR,ERR,ERR,ERR,ERR,ERR,ERR,ERR,ERR,ERR,ERR,ERR,ERR,ERR,ERR,ERR,ERR,ERR,ERR,ERR,ERR,0.0,0.0,-101055584.0,0.0,0.0,0.0,0.0,nan,0,0,0,32768,0,0.0,0,0.0,0.0,0.0,0.0,0.0,0,0,0,0,0.0,0,0,0,0,0,0,0,0,0,0,0,0,0,0,0,0,0,0,0,0,0,0,0,0,0,0,0,0,0,0,0,0,0,0,0,0,0,0,0,0,0,0,0,0,0.0,0.0,0.0,0.0,0.0,0.0,0.0,0.0,0.0,0.0,0.0,0.0,0.0,0.0,0.0,0.0,0.0,0.0,0.0,0.0,0.0,0.0,-2.004,0.0,-2.004,2.004,0.0,0.0,0.0,0.0,3378.0,-1.5879155638041463e+29,0.0,0.0,0.0,-0.0,0.0,0.0,0.0,0.0,0.0,0,-0.0,-71.629,0.0,0.0,0.0,0.0,0.0,0.0,0.0,0,0,0,0.0,0.0,0.0,0.0,0.0,0.0,0.0,0.0,0.0,0.0,0.0,0.0,0.0,0.0,0.0,0.0,0,-107875648.0,0,0.0,0,-107875648.0,-107877712.0,0,26215,17039,52429,17053,52429,17037,0,0,0,110,100,100,2.7302334150594743e+23,64.0,0.0,64.9,-107615304.0,68.5,1,49,50,180,0,52429,0,0,0.0,0.0,0.0,0.0,-323506240.0,65.0,0.0,64065.98,0.0,645,0,689,0,0,0,717,0,789,0,709,0,689,0,645,0,642,0,615,0.032,55836672.0,-2.004,0.0,19600,16788,-89796919296.0,3.946453377356923e+17,62784.621,1.4746872881970511e+29,0.0,-0.0,29.0,60.0,70,0.0,0.0,0.0,0.0,0.0,0.0,0.0,0.0,0.0,0.0,0.0,0.0,0.0,0.0,0.0,0.0,59.2,69,11,65508,41,65476,0,300,0,0,8,20529,65476,0,0,61604,60.0,0.0,0.0,0.0,0.0,0.0
2026-04-04T11:21:11,ERR,ERR,ERR,ERR,ERR,ERR,ERR,ERR,ERR,ERR,ERR,ERR,ERR,ERR,ERR,ERR,ERR,ERR,ERR,ERR,ERR,ERR,ERR,ERR,ERR,ERR,ERR,ERR,ERR,ERR,ERR,ERR,ERR,ERR,ERR,ERR,ERR,ERR,ERR,ERR,ERR,ERR,ERR,ERR,ERR,ERR,ERR,ERR,ERR,ERR,ERR,ERR,ERR,ERR,ERR,ERR,ERR,ERR,ERR,ERR,ERR,ERR,ERR,ERR,ERR,ERR,ERR,ERR,ERR,ERR,ERR,ERR,ERR,ERR,ERR,ERR,ERR,ERR,ERR,ERR,ERR,ERR,ERR,ERR,ERR,ERR,ERR,ERR,ERR,ERR,ERR,ERR,ERR,ERR,ERR,ERR,ERR,ERR,ERR,ERR,ERR,ERR,ERR,ERR,ERR,ERR,ERR,ERR,ERR,ERR,ERR,ERR,ERR,ERR,ERR,ERR,ERR,ERR,ERR,ERR,ERR,ERR,ERR,ERR,ERR,0.0,0.0,-101055584.0,0.0,0.0,0.0,0.0,nan,0,0,0,32768,0,0.0,0,0.0,0.0,0.0,0.0,0.0,0,0,0,0,0.0,0,0,0,0,0,0,0,0,0,0,0,0,0,0,0,0,0,0,0,0,0,0,0,0,0,0,0,0,0,0,0,0,0,0,0,0,0,0,0,0,0,0,0,0,0.0,0.0,0.0,0.0,0.0,0.0,0.0,0.0,0.0,0.0,0.0,0.0,0.0,0.0,0.0,0.0,0.0,0.0,0.0,0.0,0.0,0.0,-2.004,0.0,-2.004,2.004,0.0,0.0,0.0,0.0,3378.0,-1.5879155638041463e+29,0.0,0.0,0.0,-0.0,0.0,0.0,0.0,0.0,0.0,0,-0.0,-71.629,0.0,0.0,0.0,0.0,0.0,0.0,0.0,0,0,0,0.0,0.0,0.0,0.0,0.0,0.0,0.0,0.0,0.0,0.0,0.0,0.0,0.0,0.0,0.0,0.0,0,-107875648.0,0,0.0,0,-107875648.0,-107877712.0,0,26215,17039,52429,17053,52429,17037,0,0,0,110,100,100,2.7302334150594743e+23,64.0,0.0,64.9,-107615304.0,68.5,1,49,50,180,0,52429,0,0,0.0,0.0,0.0,0.0,-323506240.0,65.0,0.0,64065.98,0.0,645,0,689,0,0,0,717,0,789,0,709,0,689,0,645,0,642,0,615,0.032,55836672.0,-2.004,0.0,19600,16788,-89796919296.0,3.946453377356923e+17,62784.621,1.4746872881970511e+29,0.0,-0.0,29.0,60.0,70,0.0,0.0,0.0,0.0,0.0,0.0,0.0,0.0,0.0,0.0,0.0,0.0,0.0,0.0,0.0,0.0,59.2,69,11,65508,41,65476,0,300,0,0,8,20529,65476,0,0,61604,60.0,0.0,0.0,0.0,0.0,0.0
2026-04-04T11:21:12,ERR,ERR,ERR,ERR,ERR,ERR,ERR,ERR,ERR,ERR,ERR,ERR,ERR,ERR,ERR,ERR,ERR,ERR,ERR,ERR,ERR,ERR,ERR,ERR,ERR,ERR,ERR,ERR,ERR,ERR,ERR,ERR,ERR,ERR,ERR,ERR,ERR,ERR,ERR,ERR,ERR,ERR,ERR,ERR,ERR,ERR,ERR,ERR,ERR,ERR,ERR,ERR,ERR,ERR,ERR,ERR,ERR,ERR,ERR,ERR,ERR,ERR,ERR,ERR,ERR,ERR,ERR,ERR,ERR,ERR,ERR,ERR,ERR,ERR,ERR,ERR,ERR,ERR,ERR,ERR,ERR,ERR,ERR,ERR,ERR,ERR,ERR,ERR,ERR,ERR,ERR,ERR,ERR,ERR,ERR,ERR,ERR,ERR,ERR,ERR,ERR,ERR,ERR,ERR,ERR,ERR,ERR,ERR,ERR,ERR,ERR,ERR,ERR,ERR,ERR,ERR,ERR,ERR,ERR,ERR,ERR,ERR,ERR,ERR,ERR,0.0,0.0,-101055584.0,0.0,0.0,0.0,0.0,nan,0,0,0,32768,0,0.0,0,0.0,0.0,0.0,0.0,0.0,0,0,0,0,0.0,0,0,0,0,0,0,0,0,0,0,0,0,0,0,0,0,0,0,0,0,0,0,0,0,0,0,0,0,0,0,0,0,0,0,0,0,0,0,0,0,0,0,0,0,0.0,0.0,0.0,0.0,0.0,0.0,0.0,0.0,0.0,0.0,0.0,0.0,0.0,0.0,0.0,0.0,0.0,0.0,0.0,0.0,0.0,0.0,-2.004,0.0,-2.004,2.004,0.0,0.0,0.0,0.0,3393.5,0.0,0.0,0.0,0.0,-0.0,0.0,0.0,0.0,0.0,0.0,0,-0.0,-107614264.0,0.0,0.0,0.0,0.0,0.0,0.0,0.0,0,0,0,0.0,0.0,0.0,0.0,0.0,0.0,0.0,0.0,0.0,0.0,0.0,0.0,0.0,0.0,0.0,0.0,0,-107875648.0,0,0.0,0,-107875648.0,-107877712.0,0,26215,17039,52429,17053,52429,17037,0,0,0,110,100,100,2.7302334150594743e+23,64.0,0.0,64.9,-107615304.0,68.5,1,49,50,180,0,52429,0,0,0.0,0.0,0.0,0.0,-323506240.0,65.0,0.0,64065.98,0.0,645,0,689,0,0,0,717,0,789,0,709,0,689,0,645,0,642,0,615,0.032,55836672.0,-2.004,0.0,19600,16788,-89796919296.0,3.946453377356923e+17,62784.621,1.4746872881970511e+29,0.0,-0.0,29.0,60.0,70,0.0,0.0,0.0,0.0,0.0,0.0,0.0,0.0,0.0,0.0,0.0,0.0,0.0,0.0,0.0,0.0,59.2,69,11,65508,41,65476,0,300,0,0,8,20529,65476,0,0,61604,60.0,0.0,0.0,0.0,0.0,0.0
2026-04-04T11:21:13,ERR,ERR,ERR,ERR,ERR,ERR,ERR,ERR,ERR,ERR,ERR,ERR,ERR,ERR,ERR,ERR,ERR,ERR,ERR,ERR,ERR,ERR,ERR,ERR,ERR,ERR,ERR,ERR,ERR,ERR,ERR,ERR,ERR,ERR,ERR,ERR,ERR,ERR,ERR,ERR,ERR,ERR,ERR,ERR,ERR,ERR,ERR,ERR,ERR,ERR,ERR,ERR,ERR,ERR,ERR,ERR,ERR,ERR,ERR,ERR,ERR,ERR,ERR,ERR,ERR,ERR,ERR,ERR,ERR,ERR,ERR,ERR,ERR,ERR,ERR,ERR,ERR,ERR,ERR,ERR,ERR,ERR,ERR,ERR,ERR,ERR,ERR,ERR,ERR,ERR,ERR,ERR,ERR,ERR,ERR,ERR,ERR,ERR,ERR,ERR,ERR,ERR,ERR,ERR,ERR,ERR,ERR,ERR,ERR,ERR,ERR,ERR,ERR,ERR,ERR,ERR,ERR,ERR,ERR,ERR,ERR,ERR,ERR,ERR,ERR,0.0,0.0,-101055584.0,0.0,0.0,0.0,0.0,nan,0,0,0,32768,0,0.0,0,0.0,0.0,0.0,0.0,0.0,0,0,0,0,0.0,0,0,0,0,0,0,0,0,0,0,0,0,0,0,0,0,0,0,0,0,0,0,0,0,0,0,0,0,0,0,0,0,0,0,0,0,0,0,0,0,0,0,0,0,0.0,0.0,0.0,0.0,0.0,0.0,0.0,0.0,0.0,0.0,0.0,0.0,0.0,0.0,0.0,0.0,0.0,0.0,0.0,0.0,0.0,0.0,-2.004,0.0,-2.004,2.004,0.0,0.0,0.0,0.0,3393.5,0.0,0.0,0.0,0.0,-0.0,0.0,0.0,0.0,0.0,0.0,0,-0.0,-107614264.0,0.0,0.0,0.0,0.0,0.0,0.0,0.0,0,0,0,0.0,0.0,0.0,0.0,0.0,0.0,0.0,0.0,0.0,0.0,0.0,0.0,0.0,0.0,0.0,0.0,0,-107875648.0,0,0.0,0,-107875648.0,-107877712.0,0,26215,17039,52429,17053,52429,17037,0,0,0,110,100,100,2.7302334150594743e+23,64.0,0.0,64.9,-107615304.0,68.5,1,49,50,180,0,52429,0,0,0.0,0.0,0.0,0.0,-323506240.0,65.0,0.0,64065.98,0.0,645,0,689,0,0,0,717,0,789,0,709,0,689,0,645,0,642,0,615,0.032,55836672.0,-2.004,0.0,19600,16788,-89796919296.0,3.946453377356923e+17,62784.621,1.4746872881970511e+29,0.0,-0.0,29.0,60.0,70,0.0,0.0,0.0,0.0,0.0,0.0,0.0,0.0,0.0,0.0,0.0,0.0,0.0,0.0,0.0,0.0,59.2,69,11,65508,41,65476,0,300,0,0,8,20529,65476,0,0,61604,60.0,0.0,0.0,0.0,0.0,0.0
2026-04-04T11:21:14,ERR,ERR,ERR,ERR,ERR,ERR,ERR,ERR,ERR,ERR,ERR,ERR,ERR,ERR,ERR,ERR,ERR,ERR,ERR,ERR,ERR,ERR,ERR,ERR,ERR,ERR,ERR,ERR,ERR,ERR,ERR,ERR,ERR,ERR,ERR,ERR,ERR,ERR,ERR,ERR,ERR,ERR,ERR,ERR,ERR,ERR,ERR,ERR,ERR,ERR,ERR,ERR,ERR,ERR,ERR,ERR,ERR,ERR,ERR,ERR,ERR,ERR,ERR,ERR,ERR,ERR,ERR,ERR,ERR,ERR,ERR,ERR,ERR,ERR,ERR,ERR,ERR,ERR,ERR,ERR,ERR,ERR,ERR,ERR,ERR,ERR,ERR,ERR,ERR,ERR,ERR,ERR,ERR,ERR,ERR,ERR,ERR,ERR,ERR,ERR,ERR,ERR,ERR,ERR,ERR,ERR,ERR,ERR,ERR,ERR,ERR,ERR,ERR,ERR,ERR,ERR,ERR,ERR,ERR,ERR,ERR,ERR,ERR,ERR,ERR,0.0,0.0,-101055584.0,0.0,0.0,0.0,0.0,nan,0,0,0,32768,0,0.0,0,0.0,0.0,0.0,0.0,0.0,0,0,0,0,0.0,0,0,0,0,0,0,0,0,0,0,0,0,0,0,0,0,0,0,0,0,0,0,0,0,0,0,0,0,0,0,0,0,0,0,0,0,0,0,0,0,0,0,0,0,0.0,0.0,0.0,0.0,0.0,0.0,0.0,0.0,0.0,0.0,0.0,0.0,0.0,0.0,0.0,0.0,0.0,0.0,0.0,0.0,0.0,0.0,-2.004,0.0,-2.004,2.004,0.0,0.0,0.0,0.0,3393.5,0.0,0.0,0.0,0.0,-0.0,0.0,0.0,0.0,0.0,0.0,0,-0.0,-107614264.0,0.0,0.0,0.0,0.0,0.0,0.0,0.0,0,0,0,0.0,0.0,0.0,0.0,0.0,0.0,0.0,0.0,0.0,0.0,0.0,0.0,0.0,0.0,0.0,0.0,0,-107875648.0,0,0.0,0,-107875648.0,-107877712.0,0,26215,17039,52429,17053,52429,17037,0,0,0,110,100,100,2.7302334150594743e+23,64.0,0.0,64.5,-107615304.0,68.5,1,49,50,180,0,52429,0,0,0.0,0.0,0.0,0.0,-0.001,65.0,0.0,-2.250651455978912e+30,0.0,645,0,689,0,0,0,717,0,789,0,709,0,689,0,645,0,642,0,615,0.032,56098816.0,-2.004,0.0,27024,16788,-897.039,-6.916863274081167e+31,-1.6256415580188144e+21,-3.810511043829545e+28,-4.0668294794981616e+29,0.0,29.0,60.0,70,0.0,0.0,0.0,0.0,0.0,0.0,0.0,0.0,0.0,0.0,0.0,0.0,0.0,0.0,0.0,0.0,59.2,69,11,65508,41,65476,0,300,0,0,8,20529,65476,0,0,61604,60.0,0.0,0.0,0.0,0.0,0.0
2026-04-04T11:21:15,ERR,ERR,ERR,ERR,ERR,ERR,ERR,ERR,ERR,ERR,ERR,ERR,ERR,ERR,ERR,ERR,ERR,ERR,ERR,ERR,ERR,ERR,ERR,ERR,ERR,ERR,ERR,ERR,ERR,ERR,ERR,ERR,ERR,ERR,ERR,ERR,ERR,ERR,ERR,ERR,ERR,ERR,ERR,ERR,ERR,ERR,ERR,ERR,ERR,ERR,ERR,ERR,ERR,ERR,ERR,ERR,ERR,ERR,ERR,ERR,ERR,ERR,ERR,ERR,ERR,ERR,ERR,ERR,ERR,ERR,ERR,ERR,ERR,ERR,ERR,ERR,ERR,ERR,ERR,ERR,ERR,ERR,ERR,ERR,ERR,ERR,ERR,ERR,ERR,ERR,ERR,ERR,ERR,ERR,ERR,ERR,ERR,ERR,ERR,ERR,ERR,ERR,ERR,ERR,ERR,ERR,ERR,ERR,ERR,ERR,ERR,ERR,ERR,ERR,ERR,ERR,ERR,ERR,ERR,ERR,ERR,ERR,ERR,ERR,ERR,0.0,0.0,-101055584.0,0.0,0.0,0.0,0.0,nan,0,0,0,32768,0,0.0,0,0.0,0.0,0.0,0.0,0.0,0,0,0,0,0.0,0,0,0,0,0,0,0,0,0,0,0,0,0,0,0,0,0,0,0,0,0,0,0,0,0,0,0,0,0,0,0,0,0,0,0,0,0,0,0,0,0,0,0,0,0.0,0.0,0.0,0.0,0.0,0.0,0.0,0.0,0.0,0.0,0.0,0.0,0.0,0.0,0.0,0.0,0.0,0.0,0.0,0.0,0.0,0.0,-2.004,0.0,-2.004,2.004,0.0,0.0,0.0,0.0,3393.5,0.0,0.0,0.0,0.0,-0.0,0.0,0.0,0.0,0.0,0.0,0,-0.0,-107614264.0,0.0,0.0,0.0,0.0,0.0,0.0,0.0,0,0,0,0.0,0.0,0.0,0.0,0.0,0.0,0.0,0.0,0.0,0.0,0.0,0.0,0.0,0.0,0.0,0.0,0,-107875648.0,0,0.0,0,-107875648.0,-107877712.0,0,26215,17039,52429,17053,52429,17037,0,0,0,110,100,100,2.7302334150594743e+23,64.0,0.0,64.5,-107615304.0,68.5,1,49,50,180,0,52429,0,0,0.0,0.0,0.0,0.0,-0.001,65.0,0.0,-2.250651455978912e+30,0.0,645,0,689,0,0,0,717,0,789,0,709,0,689,0,645,0,642,0,615,0.032,56098816.0,-2.004,0.0,27024,16788,-897.039,-6.916863274081167e+31,-1.6256415580188144e+21,-3.810511043829545e+28,-4.0668294794981616e+29,0.0,29.0,60.0,70,0.0,0.0,0.0,0.0,0.0,0.0,0.0,0.0,0.0,0.0,0.0,0.0,0.0,0.0,0.0,0.0,59.2,69,11,65508,41,65476,0,300,0,0,8,20529,65476,0,0,61604,60.0,0.0,0.0,0.0,0.0,0.0
2026-04-04T11:21:16,ERR,ERR,ERR,ERR,ERR,ERR,ERR,ERR,ERR,ERR,ERR,ERR,ERR,ERR,ERR,ERR,ERR,ERR,ERR,ERR,ERR,ERR,ERR,ERR,ERR,ERR,ERR,ERR,ERR,ERR,ERR,ERR,ERR,ERR,ERR,ERR,ERR,ERR,ERR,ERR,ERR,ERR,ERR,ERR,ERR,ERR,ERR,ERR,ERR,ERR,ERR,ERR,ERR,ERR,ERR,ERR,ERR,ERR,ERR,ERR,ERR,ERR,ERR,ERR,ERR,ERR,ERR,ERR,ERR,ERR,ERR,ERR,ERR,ERR,ERR,ERR,ERR,ERR,ERR,ERR,ERR,ERR,ERR,ERR,ERR,ERR,ERR,ERR,ERR,ERR,ERR,ERR,ERR,ERR,ERR,ERR,ERR,ERR,ERR,ERR,ERR,ERR,ERR,ERR,ERR,ERR,ERR,ERR,ERR,ERR,ERR,ERR,ERR,ERR,ERR,ERR,ERR,ERR,ERR,ERR,ERR,ERR,ERR,ERR,ERR,0.0,0.0,-101055584.0,0.0,0.0,0.0,0.0,nan,0,0,0,32768,0,0.0,0,0.0,0.0,0.0,0.0,0.0,0,0,0,0,0.0,0,0,0,0,0,0,0,0,0,0,0,0,0,0,0,0,0,0,0,0,0,0,0,0,0,0,0,0,0,0,0,0,0,0,0,0,0,0,0,0,0,0,0,0,0.0,0.0,0.0,0.0,0.0,0.0,0.0,0.0,0.0,0.0,0.0,0.0,0.0,0.0,0.0,0.0,0.0,0.0,0.0,0.0,0.0,0.0,-2.004,0.0,-2.004,2.004,0.0,0.0,0.0,0.0,3393.5,0.0,0.0,0.0,0.0,-0.0,0.0,0.0,0.0,0.0,0.0,0,-0.0,-107614264.0,0.0,0.0,0.0,0.0,0.0,0.0,0.0,0,0,0,0.0,0.0,0.0,0.0,0.0,0.0,0.0,0.0,0.0,0.0,0.0,0.0,0.0,0.0,0.0,0.0,0,-107875648.0,0,0.0,0,-107875648.0,-107877712.0,0,26215,17039,52429,17053,52429,17037,0,0,0,110,100,100,2.7302334150594743e+23,64.0,0.0,64.5,-107615304.0,68.5,1,49,50,180,0,52429,0,0,0.0,0.0,0.0,0.0,-0.001,65.0,0.0,-2.250651455978912e+30,0.0,645,0,689,0,0,0,717,0,789,0,709,0,689,0,645,0,642,0,615,0.032,56098816.0,-2.004,0.0,27024,16788,-897.039,-6.916863274081167e+31,-1.6256415580188144e+21,-3.810511043829545e+28,-4.0668294794981616e+29,0.0,29.0,60.0,70,0.0,0.0,0.0,0.0,0.0,0.0,0.0,0.0,0.0,0.0,0.0,0.0,0.0,0.0,0.0,0.0,59.2,69,11,65508,41,65476,0,300,0,0,8,20529,65476,0,0,61604,60.0,0.0,0.0,0.0,0.0,0.0
2026-04-04T11:21:17,ERR,ERR,ERR,ERR,ERR,ERR,ERR,ERR,ERR,ERR,ERR,ERR,ERR,ERR,ERR,ERR,ERR,ERR,ERR,ERR,ERR,ERR,ERR,ERR,ERR,ERR,ERR,ERR,ERR,ERR,ERR,ERR,ERR,ERR,ERR,ERR,ERR,ERR,ERR,ERR,ERR,ERR,ERR,ERR,ERR,ERR,ERR,ERR,ERR,ERR,ERR,ERR,ERR,ERR,ERR,ERR,ERR,ERR,ERR,ERR,ERR,ERR,ERR,ERR,ERR,ERR,ERR,ERR,ERR,ERR,ERR,ERR,ERR,ERR,ERR,ERR,ERR,ERR,ERR,ERR,ERR,ERR,ERR,ERR,ERR,ERR,ERR,ERR,ERR,ERR,ERR,ERR,ERR,ERR,ERR,ERR,ERR,ERR,ERR,ERR,ERR,ERR,ERR,ERR,ERR,ERR,ERR,ERR,ERR,ERR,ERR,ERR,ERR,ERR,ERR,ERR,ERR,ERR,ERR,ERR,ERR,ERR,ERR,ERR,ERR,0.0,0.0,-101055584.0,0.0,0.0,0.0,0.0,nan,0,0,0,32768,0,0.0,0,0.0,0.0,0.0,0.0,0.0,0,0,0,0,0.0,0,0,0,0,0,0,0,0,0,0,0,0,0,0,0,0,0,0,0,0,0,0,0,0,0,0,0,0,0,0,0,0,0,0,0,0,0,0,0,0,0,0,0,0,0.0,0.0,0.0,0.0,0.0,0.0,0.0,0.0,0.0,0.0,0.0,0.0,0.0,0.0,0.0,0.0,0.0,0.0,0.0,0.0,0.0,0.0,-2.004,0.0,-2.004,2.004,0.0,0.0,0.0,0.0,3393.5,0.0,0.0,0.0,0.0,-0.0,0.0,0.0,0.0,0.0,0.0,0,-0.0,-107614264.0,0.0,0.0,0.0,0.0,0.0,0.0,0.0,0,0,0,0.0,0.0,0.0,0.0,0.0,0.0,0.0,0.0,0.0,0.0,0.0,0.0,0.0,0.0,0.0,0.0,0,-107875648.0,0,0.0,0,-107875648.0,-107877712.0,0,26215,17039,52429,17053,52429,17037,0,0,0,110,100,100,2.7302334150594743e+23,64.0,0.0,64.5,-107615304.0,68.5,1,49,50,180,0,52429,0,0,0.0,0.0,0.0,0.0,-0.001,65.0,0.0,-2.250651455978912e+30,0.0,645,0,689,0,0,0,717,0,789,0,709,0,689,0,645,0,642,0,615,0.032,56098816.0,-2.004,0.0,27024,16788,-897.039,-6.916863274081167e+31,-1.6256415580188144e+21,-3.810511043829545e+28,-4.0668294794981616e+29,0.0,29.0,60.0,70,0.0,0.0,0.0,0.0,0.0,0.0,0.0,0.0,0.0,0.0,0.0,0.0,0.0,0.0,0.0,0.0,59.2,69,11,65508,41,65476,0,300,0,0,8,20529,65476,0,0,61604,60.0,0.0,0.0,0.0,0.0,0.0
2026-04-04T11:21:18,ERR,ERR,ERR,ERR,ERR,ERR,ERR,ERR,ERR,ERR,ERR,ERR,ERR,ERR,ERR,ERR,ERR,ERR,ERR,ERR,ERR,ERR,ERR,ERR,ERR,ERR,ERR,ERR,ERR,ERR,ERR,ERR,ERR,ERR,ERR,ERR,ERR,ERR,ERR,ERR,ERR,ERR,ERR,ERR,ERR,ERR,ERR,ERR,ERR,ERR,ERR,ERR,ERR,ERR,ERR,ERR,ERR,ERR,ERR,ERR,ERR,ERR,ERR,ERR,ERR,ERR,ERR,ERR,ERR,ERR,ERR,ERR,ERR,ERR,ERR,ERR,ERR,ERR,ERR,ERR,ERR,ERR,ERR,ERR,ERR,ERR,ERR,ERR,ERR,ERR,ERR,ERR,ERR,ERR,ERR,ERR,ERR,ERR,ERR,ERR,ERR,ERR,ERR,ERR,ERR,ERR,ERR,ERR,ERR,ERR,ERR,ERR,ERR,ERR,ERR,ERR,ERR,ERR,ERR,ERR,ERR,ERR,ERR,ERR,ERR,0.0,0.0,-101055584.0,0.0,0.0,0.0,0.0,nan,0,0,0,32768,0,0.0,0,0.0,0.0,0.0,0.0,0.0,0,0,0,0,0.0,0,0,0,0,0,0,0,0,0,0,0,0,0,0,0,0,0,0,0,0,0,0,0,0,0,0,0,0,0,0,0,0,0,0,0,0,0,0,0,0,0,0,0,0,0.0,0.0,0.0,0.0,0.0,0.0,0.0,0.0,0.0,0.0,0.0,0.0,0.0,0.0,0.0,0.0,0.0,0.0,0.0,0.0,0.0,0.0,-2.004,0.0,-2.004,2.004,0.0,0.0,0.0,0.0,3393.5,0.0,0.0,0.0,0.0,-0.0,0.0,0.0,0.0,0.0,0.0,0,-0.0,-107614264.0,0.0,0.0,0.0,0.0,0.0,0.0,0.0,0,0,0,0.0,0.0,0.0,0.0,0.0,0.0,0.0,0.0,0.0,0.0,0.0,0.0,0.0,0.0,0.0,0.0,0,-107875648.0,0,0.0,0,-107875648.0,-107877712.0,0,26215,17039,52429,17053,52429,17037,0,0,0,110,100,100,2.7302334150594743e+23,64.0,0.0,64.5,-107615304.0,68.5,1,49,50,180,0,52429,0,0,0.0,0.0,0.0,0.0,-0.001,65.0,0.0,-2.250651455978912e+30,0.0,645,0,689,0,0,0,717,0,789,0,709,0,689,0,645,0,642,0,615,0.032,56098816.0,-2.004,0.0,27024,16788,-897.039,-6.916863274081167e+31,-1.6256415580188144e+21,-3.810511043829545e+28,-4.0668294794981616e+29,0.0,29.0,60.0,70,0.0,0.0,0.0,0.0,0.0,0.0,0.0,0.0,0.0,0.0,0.0,0.0,0.0,0.0,0.0,0.0,59.2,69,11,65508,41,65476,0,300,0,0,8,20529,65476,0,0,61604,60.0,0.0,0.0,0.0,0.0,0.0
2026-04-04T11:21:19,ERR,ERR,ERR,ERR,ERR,ERR,ERR,ERR,ERR,ERR,ERR,ERR,ERR,ERR,ERR,ERR,ERR,ERR,ERR,ERR,ERR,ERR,ERR,ERR,ERR,ERR,ERR,ERR,ERR,ERR,ERR,ERR,ERR,ERR,ERR,ERR,ERR,ERR,ERR,ERR,ERR,ERR,ERR,ERR,ERR,ERR,ERR,ERR,ERR,ERR,ERR,ERR,ERR,ERR,ERR,ERR,ERR,ERR,ERR,ERR,ERR,ERR,ERR,ERR,ERR,ERR,ERR,ERR,ERR,ERR,ERR,ERR,ERR,ERR,ERR,ERR,ERR,ERR,ERR,ERR,ERR,ERR,ERR,ERR,ERR,ERR,ERR,ERR,ERR,ERR,ERR,ERR,ERR,ERR,ERR,ERR,ERR,ERR,ERR,ERR,ERR,ERR,ERR,ERR,ERR,ERR,ERR,ERR,ERR,ERR,ERR,ERR,ERR,ERR,ERR,ERR,ERR,ERR,ERR,ERR,ERR,ERR,ERR,ERR,ERR,0.0,0.0,-101055584.0,0.0,0.0,0.0,0.0,nan,0,0,0,32768,0,0.0,0,0.0,0.0,0.0,0.0,0.0,0,0,0,0,0.0,0,0,0,0,0,0,0,0,0,0,0,0,0,0,0,0,0,0,0,0,0,0,0,0,0,0,0,0,0,0,0,0,0,0,0,0,0,0,0,0,0,0,0,0,0.0,0.0,0.0,0.0,0.0,0.0,0.0,0.0,0.0,0.0,0.0,0.0,0.0,0.0,0.0,0.0,0.0,0.0,0.0,0.0,0.0,0.0,-2.004,0.0,-2.004,2.004,0.0,0.0,0.0,0.0,3393.5,0.0,0.0,0.0,0.0,-0.0,0.0,0.0,0.0,0.0,0.0,0,-0.0,-107614264.0,0.0,0.0,0.0,0.0,0.0,0.0,0.0,0,0,0,0.0,0.0,0.0,0.0,0.0,0.0,0.0,0.0,0.0,0.0,0.0,0.0,0.0,0.0,0.0,0.0,0,-107875648.0,0,0.0,0,-107875648.0,-107877712.0,0,26215,17039,52429,17053,52429,17037,0,0,0,110,100,100,2.7302334150594743e+23,64.0,0.0,64.5,-107615304.0,68.5,1,49,50,180,0,52429,0,0,0.0,0.0,0.0,0.0,-0.001,65.0,0.0,-2.250651455978912e+30,0.0,645,0,689,0,0,0,717,0,789,0,709,0,689,0,645,0,642,0,615,0.032,56098816.0,-2.004,0.0,27024,16788,-897.039,-6.916863274081167e+31,-1.6256415580188144e+21,-3.810511043829545e+28,-4.0668294794981616e+29,0.0,29.0,60.0,70,0.0,0.0,0.0,0.0,0.0,0.0,0.0,0.0,0.0,0.0,0.0,0.0,0.0,0.0,0.0,0.0,59.2,69,11,65508,41,65476,0,300,0,0,8,20529,65476,0,0,61604,60.0,0.0,0.0,0.0,0.0,0.0
2026-04-04T11:21:20,ERR,ERR,ERR,ERR,ERR,ERR,ERR,ERR,ERR,ERR,ERR,ERR,ERR,ERR,ERR,ERR,ERR,ERR,ERR,ERR,ERR,ERR,ERR,ERR,ERR,ERR,ERR,ERR,ERR,ERR,ERR,ERR,ERR,ERR,ERR,ERR,ERR,ERR,ERR,ERR,ERR,ERR,ERR,ERR,ERR,ERR,ERR,ERR,ERR,ERR,ERR,ERR,ERR,ERR,ERR,ERR,ERR,ERR,ERR,ERR,ERR,ERR,ERR,ERR,ERR,ERR,ERR,ERR,ERR,ERR,ERR,ERR,ERR,ERR,ERR,ERR,ERR,ERR,ERR,ERR,ERR,ERR,ERR,ERR,ERR,ERR,ERR,ERR,ERR,ERR,ERR,ERR,ERR,ERR,ERR,ERR,ERR,ERR,ERR,ERR,ERR,ERR,ERR,ERR,ERR,ERR,ERR,ERR,ERR,ERR,ERR,ERR,ERR,ERR,ERR,ERR,ERR,ERR,ERR,ERR,ERR,ERR,ERR,ERR,ERR,0.0,0.0,-101055584.0,0.0,0.0,0.0,0.0,nan,0,0,0,32768,0,0.0,0,0.0,0.0,0.0,0.0,0.0,0,0,0,0,0.0,0,0,0,0,0,0,0,0,0,0,0,0,0,0,0,0,0,0,0,0,0,0,0,0,0,0,0,0,0,0,0,0,0,0,0,0,0,0,0,0,0,0,0,0,0.0,0.0,0.0,0.0,0.0,0.0,0.0,0.0,0.0,0.0,0.0,0.0,0.0,0.0,0.0,0.0,0.0,0.0,0.0,0.0,0.0,0.0,-2.004,0.0,-2.004,2.004,0.0,0.0,0.0,0.0,3392.0,3.697154467689818e+19,0.0,0.0,0.0,-0.0,0.0,0.0,0.0,0.0,0.0,0,-0.0,-152016189915136.0,0.0,0.0,0.0,0.0,0.0,0.0,0.0,0,0,0,0.0,0.0,0.0,0.0,0.0,0.0,0.0,0.0,0.0,0.0,0.0,0.0,0.0,0.0,0.0,0.0,0,-107875648.0,0,0.0,0,-107875648.0,-107877712.0,0,26215,17039,52429,17053,52429,17037,0,0,0,110,100,100,2.7302334150594743e+23,64.0,0.0,64.9,-107615304.0,68.5,1,49,50,180,0,52429,0,0,0.0,0.0,0.0,0.0,-156416300023808.0,65.0,0.0,0.0,0.0,645,0,689,0,0,0,717,0,789,0,709,0,689,0,645,0,642,0,615,0.032,55836672.0,-2.004,0.0,26256,16788,-4104.313,7151495820607488.0,0.0,-1.3489047903286172e+21,0.0,6.146514572875104e+22,29.0,60.0,70,0.0,0.0,0.0,0.0,0.0,0.0,0.0,0.0,0.0,0.0,0.0,0.0,0.0,0.0,0.0,0.0,59.6,69,11,65508,41,65476,0,300,0,0,8,20529,65476,0,0,61604,60.0,0.0,0.0,0.0,0.0,0.0
2026-04-04T11:21:21,ERR,ERR,ERR,ERR,ERR,ERR,ERR,ERR,ERR,ERR,ERR,ERR,ERR,ERR,ERR,ERR,ERR,ERR,ERR,ERR,ERR,ERR,ERR,ERR,ERR,ERR,ERR,ERR,ERR,ERR,ERR,ERR,ERR,ERR,ERR,ERR,ERR,ERR,ERR,ERR,ERR,ERR,ERR,ERR,ERR,ERR,ERR,ERR,ERR,ERR,ERR,ERR,ERR,ERR,ERR,ERR,ERR,ERR,ERR,ERR,ERR,ERR,ERR,ERR,ERR,ERR,ERR,ERR,ERR,ERR,ERR,ERR,ERR,ERR,ERR,ERR,ERR,ERR,ERR,ERR,ERR,ERR,ERR,ERR,ERR,ERR,ERR,ERR,ERR,ERR,ERR,ERR,ERR,ERR,ERR,ERR,ERR,ERR,ERR,ERR,ERR,ERR,ERR,ERR,ERR,ERR,ERR,ERR,ERR,ERR,ERR,ERR,ERR,ERR,ERR,ERR,ERR,ERR,ERR,ERR,ERR,ERR,ERR,ERR,ERR,0.0,0.0,-101055584.0,0.0,0.0,0.0,0.0,nan,0,0,0,32768,0,0.0,0,0.0,0.0,0.0,0.0,0.0,0,0,0,0,0.0,0,0,0,0,0,0,0,0,0,0,0,0,0,0,0,0,0,0,0,0,0,0,0,0,0,0,0,0,0,0,0,0,0,0,0,0,0,0,0,0,0,0,0,0,0.0,0.0,0.0,0.0,0.0,0.0,0.0,0.0,0.0,0.0,0.0,0.0,0.0,0.0,0.0,0.0,0.0,0.0,0.0,0.0,0.0,0.0,-2.004,0.0,-2.004,2.004,0.0,0.0,0.0,0.0,3392.0,3.697154467689818e+19,0.0,0.0,0.0,-0.0,0.0,0.0,0.0,0.0,0.0,0,-0.0,-152016189915136.0,0.0,0.0,0.0,0.0,0.0,0.0,0.0,0,0,0,0.0,0.0,0.0,0.0,0.0,0.0,0.0,0.0,0.0,0.0,0.0,0.0,0.0,0.0,0.0,0.0,0,-107875648.0,0,0.0,0,-107875648.0,-107877712.0,0,26215,17039,52429,17053,52429,17037,0,0,0,110,100,100,2.7302334150594743e+23,64.0,0.0,64.9,-107615304.0,68.5,1,49,50,180,0,52429,0,0,0.0,0.0,0.0,0.0,-156416300023808.0,65.0,0.0,0.0,0.0,645,0,689,0,0,0,717,0,789,0,709,0,689,0,645,0,642,0,615,0.032,55836672.0,-2.004,0.0,26256,16788,-4104.313,7151495820607488.0,0.0,-1.3489047903286172e+21,0.0,6.146514572875104e+22,29.0,60.0,70,0.0,0.0,0.0,0.0,0.0,0.0,0.0,0.0,0.0,0.0,0.0,0.0,0.0,0.0,0.0,0.0,59.6,69,11,65508,41,65476,0,300,0,0,8,20529,65476,0,0,61604,60.0,0.0,0.0,0.0,0.0,0.0
2026-04-04T11:21:22,ERR,ERR,ERR,ERR,ERR,ERR,ERR,ERR,ERR,ERR,ERR,ERR,ERR,ERR,ERR,ERR,ERR,ERR,ERR,ERR,ERR,ERR,ERR,ERR,ERR,ERR,ERR,ERR,ERR,ERR,ERR,ERR,ERR,ERR,ERR,ERR,ERR,ERR,ERR,ERR,ERR,ERR,ERR,ERR,ERR,ERR,ERR,ERR,ERR,ERR,ERR,ERR,ERR,ERR,ERR,ERR,ERR,ERR,ERR,ERR,ERR,ERR,ERR,ERR,ERR,ERR,ERR,ERR,ERR,ERR,ERR,ERR,ERR,ERR,ERR,ERR,ERR,ERR,ERR,ERR,ERR,ERR,ERR,ERR,ERR,ERR,ERR,ERR,ERR,ERR,ERR,ERR,ERR,ERR,ERR,ERR,ERR,ERR,ERR,ERR,ERR,ERR,ERR,ERR,ERR,ERR,ERR,ERR,ERR,ERR,ERR,ERR,ERR,ERR,ERR,ERR,ERR,ERR,ERR,ERR,ERR,ERR,ERR,ERR,ERR,0.0,0.0,-101055584.0,0.0,0.0,0.0,0.0,nan,0,0,0,32768,0,0.0,0,0.0,0.0,0.0,0.0,0.0,0,0,0,0,0.0,0,0,0,0,0,0,0,0,0,0,0,0,0,0,0,0,0,0,0,0,0,0,0,0,0,0,0,0,0,0,0,0,0,0,0,0,0,0,0,0,0,0,0,0,0.0,0.0,0.0,0.0,0.0,0.0,0.0,0.0,0.0,0.0,0.0,0.0,0.0,0.0,0.0,0.0,0.0,0.0,0.0,0.0,0.0,0.0,-2.004,0.0,-2.004,2.004,0.0,0.0,0.0,0.0,3392.0,3.697154467689818e+19,0.0,0.0,0.0,-0.0,0.0,0.0,0.0,0.0,0.0,0,-0.0,-152016189915136.0,0.0,0.0,0.0,0.0,0.0,0.0,0.0,0,0,0,0.0,0.0,0.0,0.0,0.0,0.0,0.0,0.0,0.0,0.0,0.0,0.0,0.0,0.0,0.0,0.0,0,-107875648.0,0,0.0,0,-107875648.0,-107877712.0,0,26215,17039,52429,17053,52429,17037,0,0,0,110,100,100,2.7302334150594743e+23,64.0,0.0,64.9,-107615304.0,68.5,1,49,50,180,0,52429,0,0,0.0,0.0,0.0,0.0,-156416300023808.0,65.0,0.0,0.0,0.0,645,0,689,0,0,0,717,0,789,0,709,0,689,0,645,0,642,0,615,0.032,55836672.0,-2.004,0.0,26256,16788,-4104.313,7151495820607488.0,0.0,-1.3489047903286172e+21,0.0,6.146514572875104e+22,29.0,60.0,70,0.0,0.0,0.0,0.0,0.0,0.0,0.0,0.0,0.0,0.0,0.0,0.0,0.0,0.0,0.0,0.0,59.6,69,11,65508,41,65476,0,300,0,0,8,20529,65476,0,0,61604,60.0,0.0,0.0,0.0,0.0,0.0
2026-04-04T11:21:23,ERR,ERR,ERR,ERR,ERR,ERR,ERR,ERR,ERR,ERR,ERR,ERR,ERR,ERR,ERR,ERR,ERR,ERR,ERR,ERR,ERR,ERR,ERR,ERR,ERR,ERR,ERR,ERR,ERR,ERR,ERR,ERR,ERR,ERR,ERR,ERR,ERR,ERR,ERR,ERR,ERR,ERR,ERR,ERR,ERR,ERR,ERR,ERR,ERR,ERR,ERR,ERR,ERR,ERR,ERR,ERR,ERR,ERR,ERR,ERR,ERR,ERR,ERR,ERR,ERR,ERR,ERR,ERR,ERR,ERR,ERR,ERR,ERR,ERR,ERR,ERR,ERR,ERR,ERR,ERR,ERR,ERR,ERR,ERR,ERR,ERR,ERR,ERR,ERR,ERR,ERR,ERR,ERR,ERR,ERR,ERR,ERR,ERR,ERR,ERR,ERR,ERR,ERR,ERR,ERR,ERR,ERR,ERR,ERR,ERR,ERR,ERR,ERR,ERR,ERR,ERR,ERR,ERR,ERR,ERR,ERR,ERR,ERR,ERR,ERR,0.0,0.0,-101055584.0,0.0,0.0,0.0,0.0,nan,0,0,0,32768,0,0.0,0,0.0,0.0,0.0,0.0,0.0,0,0,0,0,0.0,0,0,0,0,0,0,0,0,0,0,0,0,0,0,0,0,0,0,0,0,0,0,0,0,0,0,0,0,0,0,0,0,0,0,0,0,0,0,0,0,0,0,0,0,0.0,0.0,0.0,0.0,0.0,0.0,0.0,0.0,0.0,0.0,0.0,0.0,0.0,0.0,0.0,0.0,0.0,0.0,0.0,0.0,0.0,0.0,-2.004,0.0,-2.004,2.004,0.0,0.0,0.0,0.0,3392.0,3.697154467689818e+19,0.0,0.0,0.0,-0.0,0.0,0.0,0.0,0.0,0.0,0,-0.0,-152016189915136.0,0.0,0.0,0.0,0.0,0.0,0.0,0.0,0,0,0,0.0,0.0,0.0,0.0,0.0,0.0,0.0,0.0,0.0,0.0,0.0,0.0,0.0,0.0,0.0,0.0,0,-107875648.0,0,0.0,0,-107875648.0,-107877712.0,0,26215,17039,52429,17053,52429,17037,0,0,0,110,100,100,2.7302334150594743e+23,64.0,0.0,64.9,-107615304.0,68.5,1,49,50,180,0,52429,0,0,0.0,0.0,0.0,0.0,-156416300023808.0,65.0,0.0,0.0,0.0,645,0,689,0,0,0,717,0,789,0,709,0,689,0,645,0,642,0,615,0.032,55836672.0,-2.004,0.0,26256,16788,-4104.313,7151495820607488.0,0.0,-1.3489047903286172e+21,0.0,6.146514572875104e+22,29.0,60.0,70,0.0,0.0,0.0,0.0,0.0,0.0,0.0,0.0,0.0,0.0,0.0,0.0,0.0,0.0,0.0,0.0,59.6,69,11,65508,41,65476,0,300,0,0,8,20529,65476,0,0,61604,60.0,0.0,0.0,0.0,0.0,0.0
2026-04-04T11:21:24,ERR,ERR,ERR,ERR,ERR,ERR,ERR,ERR,ERR,ERR,ERR,ERR,ERR,ERR,ERR,ERR,ERR,ERR,ERR,ERR,ERR,ERR,ERR,ERR,ERR,ERR,ERR,ERR,ERR,ERR,ERR,ERR,ERR,ERR,ERR,ERR,ERR,ERR,ERR,ERR,ERR,ERR,ERR,ERR,ERR,ERR,ERR,ERR,ERR,ERR,ERR,ERR,ERR,ERR,ERR,ERR,ERR,ERR,ERR,ERR,ERR,ERR,ERR,ERR,ERR,ERR,ERR,ERR,ERR,ERR,ERR,ERR,ERR,ERR,ERR,ERR,ERR,ERR,ERR,ERR,ERR,ERR,ERR,ERR,ERR,ERR,ERR,ERR,ERR,ERR,ERR,ERR,ERR,ERR,ERR,ERR,ERR,ERR,ERR,ERR,ERR,ERR,ERR,ERR,ERR,ERR,ERR,ERR,ERR,ERR,ERR,ERR,ERR,ERR,ERR,ERR,ERR,ERR,ERR,ERR,ERR,ERR,ERR,ERR,ERR,0.0,0.0,-101055584.0,0.0,0.0,0.0,0.0,nan,0,0,0,32768,0,0.0,0,0.0,0.0,0.0,0.0,0.0,0,0,0,0,0.0,0,0,0,0,0,0,0,0,0,0,0,0,0,0,0,0,0,0,0,0,0,0,0,0,0,0,0,0,0,0,0,0,0,0,0,0,0,0,0,0,0,0,0,0,0.0,0.0,0.0,0.0,0.0,0.0,0.0,0.0,0.0,0.0,0.0,0.0,0.0,0.0,0.0,0.0,0.0,0.0,0.0,0.0,0.0,0.0,-2.004,0.0,-2.004,2.004,0.0,0.0,0.0,0.0,3392.0,3.697154467689818e+19,0.0,0.0,0.0,-0.0,0.0,0.0,0.0,0.0,0.0,0,-0.0,-152016189915136.0,0.0,0.0,0.0,0.0,0.0,0.0,0.0,0,0,0,0.0,0.0,0.0,0.0,0.0,0.0,0.0,0.0,0.0,0.0,0.0,0.0,0.0,0.0,0.0,0.0,0,-107875648.0,0,0.0,0,-107875648.0,-107877712.0,0,26215,17039,52429,17053,52429,17037,0,0,0,110,100,100,2.7302334150594743e+23,64.0,0.0,64.9,-107615304.0,68.5,1,49,50,180,0,52429,0,0,0.0,0.0,0.0,0.0,-156416300023808.0,65.0,0.0,0.0,0.0,645,0,689,0,0,0,717,0,789,0,709,0,689,0,645,0,642,0,615,0.032,55836672.0,-2.004,0.0,26256,16788,-4104.313,7151495820607488.0,0.0,-1.3489047903286172e+21,0.0,6.146514572875104e+22,29.0,60.0,70,0.0,0.0,0.0,0.0,0.0,0.0,0.0,0.0,0.0,0.0,0.0,0.0,0.0,0.0,0.0,0.0,59.6,69,11,65508,41,65476,0,300,0,0,8,20529,65476,0,0,61604,60.0,0.0,0.0,0.0,0.0,0.0
2026-04-04T11:21:25,ERR,ERR,ERR,ERR,ERR,ERR,ERR,ERR,ERR,ERR,ERR,ERR,ERR,ERR,ERR,ERR,ERR,ERR,ERR,ERR,ERR,ERR,ERR,ERR,ERR,ERR,ERR,ERR,ERR,ERR,ERR,ERR,ERR,ERR,ERR,ERR,ERR,ERR,ERR,ERR,ERR,ERR,ERR,ERR,ERR,ERR,ERR,ERR,ERR,ERR,ERR,ERR,ERR,ERR,ERR,ERR,ERR,ERR,ERR,ERR,ERR,ERR,ERR,ERR,ERR,ERR,ERR,ERR,ERR,ERR,ERR,ERR,ERR,ERR,ERR,ERR,ERR,ERR,ERR,ERR,ERR,ERR,ERR,ERR,ERR,ERR,ERR,ERR,ERR,ERR,ERR,ERR,ERR,ERR,ERR,ERR,ERR,ERR,ERR,ERR,ERR,ERR,ERR,ERR,ERR,ERR,ERR,ERR,ERR,ERR,ERR,ERR,ERR,ERR,ERR,ERR,ERR,ERR,ERR,ERR,ERR,ERR,ERR,ERR,ERR,0.0,0.0,-101055584.0,0.0,0.0,0.0,0.0,nan,0,0,0,32768,0,0.0,0,0.0,0.0,0.0,0.0,0.0,0,0,0,0,0.0,0,0,0,0,0,0,0,0,0,0,0,0,0,0,0,0,0,0,0,0,0,0,0,0,0,0,0,0,0,0,0,0,0,0,0,0,0,0,0,0,0,0,0,0,0.0,0.0,0.0,0.0,0.0,0.0,0.0,0.0,0.0,0.0,0.0,0.0,0.0,0.0,0.0,0.0,0.0,0.0,0.0,0.0,0.0,0.0,-2.004,0.0,-2.004,2.004,0.0,0.0,0.0,0.0,3392.0,3.697154467689818e+19,0.0,0.0,0.0,-0.0,0.0,0.0,0.0,0.0,0.0,0,-0.0,-152016189915136.0,0.0,0.0,0.0,0.0,0.0,0.0,0.0,0,0,0,0.0,0.0,0.0,0.0,0.0,0.0,0.0,0.0,0.0,0.0,0.0,0.0,0.0,0.0,0.0,0.0,0,-107875648.0,0,0.0,0,-107875648.0,-107877712.0,0,26215,17039,52429,17053,52429,17037,0,0,0,110,100,100,2.7302334150594743e+23,64.0,0.0,64.9,-107615304.0,68.5,1,49,50,180,0,52429,0,0,0.0,0.0,0.0,0.0,-156416300023808.0,65.0,0.0,0.0,0.0,645,0,689,0,0,0,717,0,789,0,709,0,689,0,645,0,642,0,615,0.032,55836672.0,-2.004,0.0,26256,16788,-4104.313,7151495820607488.0,0.0,-1.3489047903286172e+21,0.0,6.146514572875104e+22,29.0,60.0,70,0.0,0.0,0.0,0.0,0.0,0.0,0.0,0.0,0.0,0.0,0.0,0.0,0.0,0.0,0.0,0.0,59.6,69,11,65508,41,65476,0,300,0,0,8,20529,65476,0,0,61604,60.0,0.0,0.0,0.0,0.0,0.0
2026-04-04T11:21:26,ERR,ERR,ERR,ERR,ERR,ERR,ERR,ERR,ERR,ERR,ERR,ERR,ERR,ERR,ERR,ERR,ERR,ERR,ERR,ERR,ERR,ERR,ERR,ERR,ERR,ERR,ERR,ERR,ERR,ERR,ERR,ERR,ERR,ERR,ERR,ERR,ERR,ERR,ERR,ERR,ERR,ERR,ERR,ERR,ERR,ERR,ERR,ERR,ERR,ERR,ERR,ERR,ERR,ERR,ERR,ERR,ERR,ERR,ERR,ERR,ERR,ERR,ERR,ERR,ERR,ERR,ERR,ERR,ERR,ERR,ERR,ERR,ERR,ERR,ERR,ERR,ERR,ERR,ERR,ERR,ERR,ERR,ERR,ERR,ERR,ERR,ERR,ERR,ERR,ERR,ERR,ERR,ERR,ERR,ERR,ERR,ERR,ERR,ERR,ERR,ERR,ERR,ERR,ERR,ERR,ERR,ERR,ERR,ERR,ERR,ERR,ERR,ERR,ERR,ERR,ERR,ERR,ERR,ERR,ERR,ERR,ERR,ERR,ERR,ERR,0.0,0.0,-101055584.0,0.0,0.0,0.0,0.0,nan,0,0,0,32768,0,0.0,0,0.0,0.0,0.0,0.0,0.0,0,0,0,0,0.0,0,0,0,0,0,0,0,0,0,0,0,0,0,0,0,0,0,0,0,0,0,0,0,0,0,0,0,0,0,0,0,0,0,0,0,0,0,0,0,0,0,0,0,0,0.0,0.0,0.0,0.0,0.0,0.0,0.0,0.0,0.0,0.0,0.0,0.0,0.0,0.0,0.0,0.0,0.0,0.0,0.0,0.0,0.0,0.0,-2.004,0.0,-2.004,2.004,0.0,0.0,0.0,0.0,3392.0,3.697154467689818e+19,0.0,0.0,0.0,-0.0,0.0,0.0,0.0,0.0,0.0,0,-0.0,-152016189915136.0,0.0,0.0,0.0,0.0,0.0,0.0,0.0,0,0,0,0.0,0.0,0.0,0.0,0.0,0.0,0.0,0.0,0.0,0.0,0.0,0.0,0.0,0.0,0.0,0.0,0,-107875648.0,0,0.0,0,-107875648.0,-107877712.0,0,26215,17039,52429,17053,52429,17037,0,0,0,110,100,100,2.7302334150594743e+23,64.0,0.0,64.9,0.0,69.0,1,49,50,180,0,52429,0,0,0.0,0.0,0.0,0.0,-669.039,65.0,0.0,3012.124,0.0,645,0,689,0,0,0,718,0,789,0,709,0,689,0,645,0,642,0,615,0.032,40632320.0,-2.004,0.0,41872,16788,-3879895552.0,2.825693909261153e+29,605038528.0,-0.0,0.0,-0.0,29.0,60.0,70,0.0,0.0,0.0,0.0,0.0,0.0,0.0,0.0,0.0,0.0,0.0,0.0,0.0,0.0,0.0,0.0,59.6,69,11,65508,41,65476,0,300,0,0,8,20529,65476,0,0,61604,60.0,0.0,0.0,0.0,0.0,0.0
2026-04-04T11:21:27,ERR,ERR,ERR,ERR,ERR,ERR,ERR,ERR,ERR,ERR,ERR,ERR,ERR,ERR,ERR,ERR,ERR,ERR,ERR,ERR,ERR,ERR,ERR,ERR,ERR,ERR,ERR,ERR,ERR,ERR,ERR,ERR,ERR,ERR,ERR,ERR,ERR,ERR,ERR,ERR,ERR,ERR,ERR,ERR,ERR,ERR,ERR,ERR,ERR,ERR,ERR,ERR,ERR,ERR,ERR,ERR,ERR,ERR,ERR,ERR,ERR,ERR,ERR,ERR,ERR,ERR,ERR,ERR,ERR,ERR,ERR,ERR,ERR,ERR,ERR,ERR,ERR,ERR,ERR,ERR,ERR,ERR,ERR,ERR,ERR,ERR,ERR,ERR,ERR,ERR,ERR,ERR,ERR,ERR,ERR,ERR,ERR,ERR,ERR,ERR,ERR,ERR,ERR,ERR,ERR,ERR,ERR,ERR,ERR,ERR,ERR,ERR,ERR,ERR,ERR,ERR,ERR,ERR,ERR,ERR,ERR,ERR,ERR,ERR,ERR,0.0,0.0,-101055584.0,0.0,0.0,0.0,0.0,nan,0,0,0,32768,0,0.0,0,0.0,0.0,0.0,0.0,0.0,0,0,0,0,0.0,0,0,0,0,0,0,0,0,0,0,0,0,0,0,0,0,0,0,0,0,0,0,0,0,0,0,0,0,0,0,0,0,0,0,0,0,0,0,0,0,0,0,0,0,0.0,0.0,0.0,0.0,0.0,0.0,0.0,0.0,0.0,0.0,0.0,0.0,0.0,0.0,0.0,0.0,0.0,0.0,0.0,0.0,0.0,0.0,-2.004,0.0,-2.004,2.004,0.0,0.0,0.0,0.0,3392.0,3.697154467689818e+19,0.0,0.0,0.0,-0.0,0.0,0.0,0.0,0.0,0.0,0,-0.0,-152016189915136.0,0.0,0.0,0.0,0.0,0.0,0.0,0.0,0,0,0,0.0,0.0,0.0,0.0,0.0,0.0,0.0,0.0,0.0,0.0,0.0,0.0,0.0,0.0,0.0,0.0,0,-107875648.0,0,0.0,0,-107875648.0,-107877712.0,0,26215,17039,52429,17053,52429,17037,0,0,0,110,100,100,2.7302334150594743e+23,64.0,0.0,64.9,0.0,69.0,1,49,50,180,0,52429,0,0,0.0,0.0,0.0,0.0,-669.039,65.0,0.0,3012.124,0.0,645,0,689,0,0,0,718,0,789,0,709,0,689,0,645,0,642,0,615,0.032,40632320.0,-2.004,0.0,41872,16788,-3879895552.0,2.825693909261153e+29,605038528.0,-0.0,0.0,-0.0,29.0,60.0,70,0.0,0.0,0.0,0.0,0.0,0.0,0.0,0.0,0.0,0.0,0.0,0.0,0.0,0.0,0.0,0.0,59.6,69,11,65508,41,65476,0,300,0,0,8,20529,65476,0,0,61604,60.0,0.0,0.0,0.0,0.0,0.0
2026-04-04T11:21:28,ERR,ERR,ERR,ERR,ERR,ERR,ERR,ERR,ERR,ERR,ERR,ERR,ERR,ERR,ERR,ERR,ERR,ERR,ERR,ERR,ERR,ERR,ERR,ERR,ERR,ERR,ERR,ERR,ERR,ERR,ERR,ERR,ERR,ERR,ERR,ERR,ERR,ERR,ERR,ERR,ERR,ERR,ERR,ERR,ERR,ERR,ERR,ERR,ERR,ERR,ERR,ERR,ERR,ERR,ERR,ERR,ERR,ERR,ERR,ERR,ERR,ERR,ERR,ERR,ERR,ERR,ERR,ERR,ERR,ERR,ERR,ERR,ERR,ERR,ERR,ERR,ERR,ERR,ERR,ERR,ERR,ERR,ERR,ERR,ERR,ERR,ERR,ERR,ERR,ERR,ERR,ERR,ERR,ERR,ERR,ERR,ERR,ERR,ERR,ERR,ERR,ERR,ERR,ERR,ERR,ERR,ERR,ERR,ERR,ERR,ERR,ERR,ERR,ERR,ERR,ERR,ERR,ERR,ERR,ERR,ERR,ERR,ERR,ERR,ERR,0.0,0.0,-101055584.0,0.0,0.0,0.0,0.0,nan,0,0,0,32768,0,0.0,0,0.0,0.0,0.0,0.0,0.0,0,0,0,0,0.0,0,0,0,0,0,0,0,0,0,0,0,0,0,0,0,0,0,0,0,0,0,0,0,0,0,0,0,0,0,0,0,0,0,0,0,0,0,0,0,0,0,0,0,0,0.0,0.0,0.0,0.0,0.0,0.0,0.0,0.0,0.0,0.0,0.0,0.0,0.0,0.0,0.0,0.0,0.0,0.0,0.0,0.0,0.0,0.0,-2.004,0.0,-2.004,2.004,0.0,0.0,0.0,0.0,3394.0,0.0,0.0,0.0,0.0,-0.0,0.0,0.0,0.0,0.0,0.0,0,-0.0,-107614264.0,0.0,0.0,0.0,0.0,0.0,0.0,0.0,0,0,0,0.0,0.0,0.0,0.0,0.0,0.0,0.0,0.0,0.0,0.0,0.0,0.0,0.0,0.0,0.0,0.0,0,-107875648.0,0,0.0,0,-107875648.0,-107877712.0,0,26215,17039,52429,17053,52429,17037,0,0,0,110,100,100,2.7302334150594743e+23,64.0,0.0,64.9,0.0,69.0,1,49,50,180,0,52429,0,0,0.0,0.0,0.0,0.0,-669.039,65.0,0.0,3012.124,0.0,645,0,689,0,0,0,718,0,789,0,709,0,689,0,645,0,642,0,615,0.032,40632320.0,-2.004,0.0,41872,16788,-3879895552.0,2.825693909261153e+29,605038528.0,-0.0,0.0,-0.0,29.0,60.0,70,0.0,0.0,0.0,0.0,0.0,0.0,0.0,0.0,0.0,0.0,0.0,0.0,0.0,0.0,0.0,0.0,59.2,69,11,65508,41,65476,0,300,0,0,8,20529,65476,0,0,61604,60.0,0.0,0.0,0.0,0.0,0.0
2026-04-04T11:21:29,ERR,ERR,ERR,ERR,ERR,ERR,ERR,ERR,ERR,ERR,ERR,ERR,ERR,ERR,ERR,ERR,ERR,ERR,ERR,ERR,ERR,ERR,ERR,ERR,ERR,ERR,ERR,ERR,ERR,ERR,ERR,ERR,ERR,ERR,ERR,ERR,ERR,ERR,ERR,ERR,ERR,ERR,ERR,ERR,ERR,ERR,ERR,ERR,ERR,ERR,ERR,ERR,ERR,ERR,ERR,ERR,ERR,ERR,ERR,ERR,ERR,ERR,ERR,ERR,ERR,ERR,ERR,ERR,ERR,ERR,ERR,ERR,ERR,ERR,ERR,ERR,ERR,ERR,ERR,ERR,ERR,ERR,ERR,ERR,ERR,ERR,ERR,ERR,ERR,ERR,ERR,ERR,ERR,ERR,ERR,ERR,ERR,ERR,ERR,ERR,ERR,ERR,ERR,ERR,ERR,ERR,ERR,ERR,ERR,ERR,ERR,ERR,ERR,ERR,ERR,ERR,ERR,ERR,ERR,ERR,ERR,ERR,ERR,ERR,ERR,0.0,0.0,-101055584.0,0.0,0.0,0.0,0.0,nan,0,0,0,32768,0,0.0,0,0.0,0.0,0.0,0.0,0.0,0,0,0,0,0.0,0,0,0,0,0,0,0,0,0,0,0,0,0,0,0,0,0,0,0,0,0,0,0,0,0,0,0,0,0,0,0,0,0,0,0,0,0,0,0,0,0,0,0,0,0.0,0.0,0.0,0.0,0.0,0.0,0.0,0.0,0.0,0.0,0.0,0.0,0.0,0.0,0.0,0.0,0.0,0.0,0.0,0.0,0.0,0.0,-2.004,0.0,-2.004,2.004,0.0,0.0,0.0,0.0,3394.0,0.0,0.0,0.0,0.0,-0.0,0.0,0.0,0.0,0.0,0.0,0,-0.0,-107614264.0,0.0,0.0,0.0,0.0,0.0,0.0,0.0,0,0,0,0.0,0.0,0.0,0.0,0.0,0.0,0.0,0.0,0.0,0.0,0.0,0.0,0.0,0.0,0.0,0.0,0,-107875648.0,0,0.0,0,-107875648.0,-107877712.0,0,26215,17039,52429,17053,52429,17037,0,0,0,110,100,100,2.7302334150594743e+23,64.0,0.0,64.9,0.0,69.0,1,49,50,180,0,52429,0,0,0.0,0.0,0.0,0.0,-669.039,65.0,0.0,3012.124,0.0,645,0,689,0,0,0,718,0,789,0,709,0,689,0,645,0,642,0,615,0.032,40632320.0,-2.004,0.0,41872,16788,-3879895552.0,2.825693909261153e+29,605038528.0,-0.0,0.0,-0.0,29.0,60.0,70,0.0,0.0,0.0,0.0,0.0,0.0,0.0,0.0,0.0,0.0,0.0,0.0,0.0,0.0,0.0,0.0,59.2,69,11,65508,41,65476,0,300,0,0,8,20529,65476,0,0,61604,60.0,0.0,0.0,0.0,0.0,0.0
2026-04-04T11:21:30,ERR,ERR,ERR,ERR,ERR,ERR,ERR,ERR,ERR,ERR,ERR,ERR,ERR,ERR,ERR,ERR,ERR,ERR,ERR,ERR,ERR,ERR,ERR,ERR,ERR,ERR,ERR,ERR,ERR,ERR,ERR,ERR,ERR,ERR,ERR,ERR,ERR,ERR,ERR,ERR,ERR,ERR,ERR,ERR,ERR,ERR,ERR,ERR,ERR,ERR,ERR,ERR,ERR,ERR,ERR,ERR,ERR,ERR,ERR,ERR,ERR,ERR,ERR,ERR,ERR,ERR,ERR,ERR,ERR,ERR,ERR,ERR,ERR,ERR,ERR,ERR,ERR,ERR,ERR,ERR,ERR,ERR,ERR,ERR,ERR,ERR,ERR,ERR,ERR,ERR,ERR,ERR,ERR,ERR,ERR,ERR,ERR,ERR,ERR,ERR,ERR,ERR,ERR,ERR,ERR,ERR,ERR,ERR,ERR,ERR,ERR,ERR,ERR,ERR,ERR,ERR,ERR,ERR,ERR,ERR,ERR,ERR,ERR,ERR,ERR,0.0,0.0,-101055584.0,0.0,0.0,0.0,0.0,nan,0,0,0,32768,0,0.0,0,0.0,0.0,0.0,0.0,0.0,0,0,0,0,0.0,0,0,0,0,0,0,0,0,0,0,0,0,0,0,0,0,0,0,0,0,0,0,0,0,0,0,0,0,0,0,0,0,0,0,0,0,0,0,0,0,0,0,0,0,0.0,0.0,0.0,0.0,0.0,0.0,0.0,0.0,0.0,0.0,0.0,0.0,0.0,0.0,0.0,0.0,0.0,0.0,0.0,0.0,0.0,0.0,-2.004,0.0,-2.004,2.004,0.0,0.0,0.0,0.0,3394.0,0.0,0.0,0.0,0.0,-0.0,0.0,0.0,0.0,0.0,0.0,0,-0.0,-107614264.0,0.0,0.0,0.0,0.0,0.0,0.0,0.0,0,0,0,0.0,0.0,0.0,0.0,0.0,0.0,0.0,0.0,0.0,0.0,0.0,0.0,0.0,0.0,0.0,0.0,0,-107875648.0,0,0.0,0,-107875648.0,-107877712.0,0,26215,17039,52429,17053,52429,17037,0,0,0,110,100,100,2.7302334150594743e+23,64.0,0.0,64.9,0.0,69.0,1,49,50,180,0,52429,0,0,0.0,0.0,0.0,0.0,-669.039,65.0,0.0,3012.124,0.0,645,0,689,0,0,0,718,0,789,0,709,0,689,0,645,0,642,0,615,0.032,40632320.0,-2.004,0.0,41872,16788,-3879895552.0,2.825693909261153e+29,605038528.0,-0.0,0.0,-0.0,29.0,60.0,70,0.0,0.0,0.0,0.0,0.0,0.0,0.0,0.0,0.0,0.0,0.0,0.0,0.0,0.0,0.0,0.0,59.2,69,11,65508,41,65476,0,300,0,0,8,20529,65476,0,0,61604,60.0,0.0,0.0,0.0,0.0,0.0
2026-04-04T11:21:31,ERR,ERR,ERR,ERR,ERR,ERR,ERR,ERR,ERR,ERR,ERR,ERR,ERR,ERR,ERR,ERR,ERR,ERR,ERR,ERR,ERR,ERR,ERR,ERR,ERR,ERR,ERR,ERR,ERR,ERR,ERR,ERR,ERR,ERR,ERR,ERR,ERR,ERR,ERR,ERR,ERR,ERR,ERR,ERR,ERR,ERR,ERR,ERR,ERR,ERR,ERR,ERR,ERR,ERR,ERR,ERR,ERR,ERR,ERR,ERR,ERR,ERR,ERR,ERR,ERR,ERR,ERR,ERR,ERR,ERR,ERR,ERR,ERR,ERR,ERR,ERR,ERR,ERR,ERR,ERR,ERR,ERR,ERR,ERR,ERR,ERR,ERR,ERR,ERR,ERR,ERR,ERR,ERR,ERR,ERR,ERR,ERR,ERR,ERR,ERR,ERR,ERR,ERR,ERR,ERR,ERR,ERR,ERR,ERR,ERR,ERR,ERR,ERR,ERR,ERR,ERR,ERR,ERR,ERR,ERR,ERR,ERR,ERR,ERR,ERR,0.0,0.0,-101055584.0,0.0,0.0,0.0,0.0,nan,0,0,0,32768,0,0.0,0,0.0,0.0,0.0,0.0,0.0,0,0,0,0,0.0,0,0,0,0,0,0,0,0,0,0,0,0,0,0,0,0,0,0,0,0,0,0,0,0,0,0,0,0,0,0,0,0,0,0,0,0,0,0,0,0,0,0,0,0,0.0,0.0,0.0,0.0,0.0,0.0,0.0,0.0,0.0,0.0,0.0,0.0,0.0,0.0,0.0,0.0,0.0,0.0,0.0,0.0,0.0,0.0,-2.004,0.0,-2.004,2.004,0.0,0.0,0.0,0.0,3394.0,0.0,0.0,0.0,0.0,-0.0,0.0,0.0,0.0,0.0,0.0,0,-0.0,-107614264.0,0.0,0.0,0.0,0.0,0.0,0.0,0.0,0,0,0,0.0,0.0,0.0,0.0,0.0,0.0,0.0,0.0,0.0,0.0,0.0,0.0,0.0,0.0,0.0,0.0,0,-107875648.0,0,0.0,0,-107875648.0,-107877712.0,0,26215,17039,52429,17053,52429,17037,0,0,0,110,100,100,2.7302334150594743e+23,64.0,0.0,64.9,0.0,69.0,1,49,50,180,0,52429,0,0,0.0,0.0,0.0,0.0,-669.039,65.0,0.0,3012.124,0.0,645,0,689,0,0,0,718,0,789,0,709,0,689,0,645,0,642,0,615,0.032,40632320.0,-2.004,0.0,41872,16788,-3879895552.0,2.825693909261153e+29,605038528.0,-0.0,0.0,-0.0,29.0,60.0,70,0.0,0.0,0.0,0.0,0.0,0.0,0.0,0.0,0.0,0.0,0.0,0.0,0.0,0.0,0.0,0.0,59.2,69,11,65508,41,65476,0,300,0,0,8,20529,65476,0,0,61604,60.0,0.0,0.0,0.0,0.0,0.0
2026-04-04T11:21:32,ERR,ERR,ERR,ERR,ERR,ERR,ERR,ERR,ERR,ERR,ERR,ERR,ERR,ERR,ERR,ERR,ERR,ERR,ERR,ERR,ERR,ERR,ERR,ERR,ERR,ERR,ERR,ERR,ERR,ERR,ERR,ERR,ERR,ERR,ERR,ERR,ERR,ERR,ERR,ERR,ERR,ERR,ERR,ERR,ERR,ERR,ERR,ERR,ERR,ERR,ERR,ERR,ERR,ERR,ERR,ERR,ERR,ERR,ERR,ERR,ERR,ERR,ERR,ERR,ERR,ERR,ERR,ERR,ERR,ERR,ERR,ERR,ERR,ERR,ERR,ERR,ERR,ERR,ERR,ERR,ERR,ERR,ERR,ERR,ERR,ERR,ERR,ERR,ERR,ERR,ERR,ERR,ERR,ERR,ERR,ERR,ERR,ERR,ERR,ERR,ERR,ERR,ERR,ERR,ERR,ERR,ERR,ERR,ERR,ERR,ERR,ERR,ERR,ERR,ERR,ERR,ERR,ERR,ERR,ERR,ERR,ERR,ERR,ERR,ERR,0.0,0.0,-101055584.0,0.0,0.0,0.0,0.0,nan,0,0,0,32768,0,0.0,0,0.0,0.0,0.0,0.0,0.0,0,0,0,0,0.0,0,0,0,0,0,0,0,0,0,0,0,0,0,0,0,0,0,0,0,0,0,0,0,0,0,0,0,0,0,0,0,0,0,0,0,0,0,0,0,0,0,0,0,0,0.0,0.0,0.0,0.0,0.0,0.0,0.0,0.0,0.0,0.0,0.0,0.0,0.0,0.0,0.0,0.0,0.0,0.0,0.0,0.0,0.0,0.0,-2.004,0.0,-2.004,2.004,0.0,0.0,0.0,0.0,3394.0,0.0,0.0,0.0,0.0,-0.0,0.0,0.0,0.0,0.0,0.0,0,-0.0,-107614264.0,0.0,0.0,0.0,0.0,0.0,0.0,0.0,0,0,0,0.0,0.0,0.0,0.0,0.0,0.0,0.0,0.0,0.0,0.0,0.0,0.0,0.0,0.0,0.0,0.0,0,-107875648.0,0,0.0,0,-107875648.0,-107877712.0,0,26215,17039,52429,17053,52429,17037,0,0,0,110,100,100,2.7302334150594743e+23,64.0,0.0,64.9,-107615304.0,69.0,1,49,50,180,0,39322,0,0,0.0,0.0,0.0,0.0,-9.079212173070616e+23,65.0,0.0,0.0,0.0,645,0,689,0,0,0,717,0,789,0,709,0,689,0,645,0,642,0,615,0.032,44826624.0,-2.004,0.0,49424,16788,-3.6911496781321062e+25,0.0,1.3447855447819451e+22,-5.636496894931763e+16,7656.254,-0.0,29.0,60.0,70,0.0,0.0,0.0,0.0,0.0,0.0,0.0,0.0,0.0,0.0,0.0,0.0,0.0,0.0,0.0,0.0,59.2,69,11,65508,41,65476,0,300,0,0,8,20529,65476,0,0,61604,60.0,0.0,0.0,0.0,0.0,0.0
2026-04-04T11:21:33,ERR,ERR,ERR,ERR,ERR,ERR,ERR,ERR,ERR,ERR,ERR,ERR,ERR,ERR,ERR,ERR,ERR,ERR,ERR,ERR,ERR,ERR,ERR,ERR,ERR,ERR,ERR,ERR,ERR,ERR,ERR,ERR,ERR,ERR,ERR,ERR,ERR,ERR,ERR,ERR,ERR,ERR,ERR,ERR,ERR,ERR,ERR,ERR,ERR,ERR,ERR,ERR,ERR,ERR,ERR,ERR,ERR,ERR,ERR,ERR,ERR,ERR,ERR,ERR,ERR,ERR,ERR,ERR,ERR,ERR,ERR,ERR,ERR,ERR,ERR,ERR,ERR,ERR,ERR,ERR,ERR,ERR,ERR,ERR,ERR,ERR,ERR,ERR,ERR,ERR,ERR,ERR,ERR,ERR,ERR,ERR,ERR,ERR,ERR,ERR,ERR,ERR,ERR,ERR,ERR,ERR,ERR,ERR,ERR,ERR,ERR,ERR,ERR,ERR,ERR,ERR,ERR,ERR,ERR,ERR,ERR,ERR,ERR,ERR,ERR,0.0,0.0,-101055584.0,0.0,0.0,0.0,0.0,nan,0,0,0,32768,0,0.0,0,0.0,0.0,0.0,0.0,0.0,0,0,0,0,0.0,0,0,0,0,0,0,0,0,0,0,0,0,0,0,0,0,0,0,0,0,0,0,0,0,0,0,0,0,0,0,0,0,0,0,0,0,0,0,0,0,0,0,0,0,0.0,0.0,0.0,0.0,0.0,0.0,0.0,0.0,0.0,0.0,0.0,0.0,0.0,0.0,0.0,0.0,0.0,0.0,0.0,0.0,0.0,0.0,-2.004,0.0,-2.004,2.004,0.0,0.0,0.0,0.0,3394.0,0.0,0.0,0.0,0.0,-0.0,0.0,0.0,0.0,0.0,0.0,0,-0.0,-107614264.0,0.0,0.0,0.0,0.0,0.0,0.0,0.0,0,0,0,0.0,0.0,0.0,0.0,0.0,0.0,0.0,0.0,0.0,0.0,0.0,0.0,0.0,0.0,0.0,0.0,0,-107875648.0,0,0.0,0,-107875648.0,-107877712.0,0,26215,17039,52429,17053,52429,17037,0,0,0,110,100,100,2.7302334150594743e+23,64.0,0.0,64.9,-107615304.0,69.0,1,49,50,180,0,39322,0,0,0.0,0.0,0.0,0.0,-9.079212173070616e+23,65.0,0.0,0.0,0.0,645,0,689,0,0,0,717,0,789,0,709,0,689,0,645,0,642,0,615,0.032,44826624.0,-2.004,0.0,49424,16788,-3.6911496781321062e+25,0.0,1.3447855447819451e+22,-5.636496894931763e+16,7656.254,-0.0,29.0,60.0,70,0.0,0.0,0.0,0.0,0.0,0.0,0.0,0.0,0.0,0.0,0.0,0.0,0.0,0.0,0.0,0.0,59.2,69,11,65508,41,65476,0,300,0,0,8,20529,65476,0,0,61604,60.0,0.0,0.0,0.0,0.0,0.0
2026-04-04T11:21:34,ERR,ERR,ERR,ERR,ERR,ERR,ERR,ERR,ERR,ERR,ERR,ERR,ERR,ERR,ERR,ERR,ERR,ERR,ERR,ERR,ERR,ERR,ERR,ERR,ERR,ERR,ERR,ERR,ERR,ERR,ERR,ERR,ERR,ERR,ERR,ERR,ERR,ERR,ERR,ERR,ERR,ERR,ERR,ERR,ERR,ERR,ERR,ERR,ERR,ERR,ERR,ERR,ERR,ERR,ERR,ERR,ERR,ERR,ERR,ERR,ERR,ERR,ERR,ERR,ERR,ERR,ERR,ERR,ERR,ERR,ERR,ERR,ERR,ERR,ERR,ERR,ERR,ERR,ERR,ERR,ERR,ERR,ERR,ERR,ERR,ERR,ERR,ERR,ERR,ERR,ERR,ERR,ERR,ERR,ERR,ERR,ERR,ERR,ERR,ERR,ERR,ERR,ERR,ERR,ERR,ERR,ERR,ERR,ERR,ERR,ERR,ERR,ERR,ERR,ERR,ERR,ERR,ERR,ERR,ERR,ERR,ERR,ERR,ERR,ERR,0.0,0.0,-101055584.0,0.0,0.0,0.0,0.0,nan,0,0,0,32768,0,0.0,0,0.0,0.0,0.0,0.0,0.0,0,0,0,0,0.0,0,0,0,0,0,0,0,0,0,0,0,0,0,0,0,0,0,0,0,0,0,0,0,0,0,0,0,0,0,0,0,0,0,0,0,0,0,0,0,0,0,0,0,0,0.0,0.0,0.0,0.0,0.0,0.0,0.0,0.0,0.0,0.0,0.0,0.0,0.0,0.0,0.0,0.0,0.0,0.0,0.0,0.0,0.0,0.0,-2.004,0.0,-2.004,2.004,0.0,0.0,0.0,0.0,3394.0,0.0,0.0,0.0,0.0,-0.0,0.0,0.0,0.0,0.0,0.0,0,-0.0,-107614264.0,0.0,0.0,0.0,0.0,0.0,0.0,0.0,0,0,0,0.0,0.0,0.0,0.0,0.0,0.0,0.0,0.0,0.0,0.0,0.0,0.0,0.0,0.0,0.0,0.0,0,-107875648.0,0,0.0,0,-107875648.0,-107877712.0,0,26215,17039,52429,17053,52429,17037,0,0,0,110,100,100,2.7302334150594743e+23,64.0,0.0,64.9,-107615304.0,69.0,1,49,50,180,0,39322,0,0,0.0,0.0,0.0,0.0,-9.079212173070616e+23,65.0,0.0,0.0,0.0,645,0,689,0,0,0,717,0,789,0,709,0,689,0,645,0,642,0,615,0.032,44826624.0,-2.004,0.0,49424,16788,-3.6911496781321062e+25,0.0,1.3447855447819451e+22,-5.636496894931763e+16,7656.254,-0.0,29.0,60.0,70,0.0,0.0,0.0,0.0,0.0,0.0,0.0,0.0,0.0,0.0,0.0,0.0,0.0,0.0,0.0,0.0,59.2,69,11,65508,41,65476,0,300,0,0,8,20529,65476,0,0,61604,60.0,0.0,0.0,0.0,0.0,0.0
2026-04-04T11:21:35,ERR,ERR,ERR,ERR,ERR,ERR,ERR,ERR,ERR,ERR,ERR,ERR,ERR,ERR,ERR,ERR,ERR,ERR,ERR,ERR,ERR,ERR,ERR,ERR,ERR,ERR,ERR,ERR,ERR,ERR,ERR,ERR,ERR,ERR,ERR,ERR,ERR,ERR,ERR,ERR,ERR,ERR,ERR,ERR,ERR,ERR,ERR,ERR,ERR,ERR,ERR,ERR,ERR,ERR,ERR,ERR,ERR,ERR,ERR,ERR,ERR,ERR,ERR,ERR,ERR,ERR,ERR,ERR,ERR,ERR,ERR,ERR,ERR,ERR,ERR,ERR,ERR,ERR,ERR,ERR,ERR,ERR,ERR,ERR,ERR,ERR,ERR,ERR,ERR,ERR,ERR,ERR,ERR,ERR,ERR,ERR,ERR,ERR,ERR,ERR,ERR,ERR,ERR,ERR,ERR,ERR,ERR,ERR,ERR,ERR,ERR,ERR,ERR,ERR,ERR,ERR,ERR,ERR,ERR,ERR,ERR,ERR,ERR,ERR,ERR,0.0,0.0,-101055584.0,0.0,0.0,0.0,0.0,nan,0,0,0,32768,0,0.0,0,0.0,0.0,0.0,0.0,0.0,0,0,0,0,0.0,0,0,0,0,0,0,0,0,0,0,0,0,0,0,0,0,0,0,0,0,0,0,0,0,0,0,0,0,0,0,0,0,0,0,0,0,0,0,0,0,0,0,0,0,0.0,0.0,0.0,0.0,0.0,0.0,0.0,0.0,0.0,0.0,0.0,0.0,0.0,0.0,0.0,0.0,0.0,0.0,0.0,0.0,0.0,0.0,-2.004,0.0,-2.004,2.004,0.0,0.0,0.0,0.0,3394.0,0.0,0.0,0.0,0.0,-0.0,0.0,0.0,0.0,0.0,0.0,0,-0.0,-107614264.0,0.0,0.0,0.0,0.0,0.0,0.0,0.0,0,0,0,0.0,0.0,0.0,0.0,0.0,0.0,0.0,0.0,0.0,0.0,0.0,0.0,0.0,0.0,0.0,0.0,0,-107875648.0,0,0.0,0,-107875648.0,-107877712.0,0,26215,17039,52429,17053,52429,17037,0,0,0,110,100,100,2.7302334150594743e+23,64.0,0.0,64.9,-107615304.0,69.0,1,49,50,180,0,39322,0,0,0.0,0.0,0.0,0.0,-9.079212173070616e+23,65.0,0.0,0.0,0.0,645,0,689,0,0,0,717,0,789,0,709,0,689,0,645,0,642,0,615,0.032,44826624.0,-2.004,0.0,49424,16788,-3.6911496781321062e+25,0.0,1.3447855447819451e+22,-5.636496894931763e+16,7656.254,-0.0,29.0,60.0,70,0.0,0.0,0.0,0.0,0.0,0.0,0.0,0.0,0.0,0.0,0.0,0.0,0.0,0.0,0.0,0.0,59.2,69,11,65508,41,65476,0,300,0,0,8,20529,65476,0,0,61604,60.0,0.0,0.0,0.0,0.0,0.0
2026-04-04T11:21:36,ERR,ERR,ERR,ERR,ERR,ERR,ERR,ERR,ERR,ERR,ERR,ERR,ERR,ERR,ERR,ERR,ERR,ERR,ERR,ERR,ERR,ERR,ERR,ERR,ERR,ERR,ERR,ERR,ERR,ERR,ERR,ERR,ERR,ERR,ERR,ERR,ERR,ERR,ERR,ERR,ERR,ERR,ERR,ERR,ERR,ERR,ERR,ERR,ERR,ERR,ERR,ERR,ERR,ERR,ERR,ERR,ERR,ERR,ERR,ERR,ERR,ERR,ERR,ERR,ERR,ERR,ERR,ERR,ERR,ERR,ERR,ERR,ERR,ERR,ERR,ERR,ERR,ERR,ERR,ERR,ERR,ERR,ERR,ERR,ERR,ERR,ERR,ERR,ERR,ERR,ERR,ERR,ERR,ERR,ERR,ERR,ERR,ERR,ERR,ERR,ERR,ERR,ERR,ERR,ERR,ERR,ERR,ERR,ERR,ERR,ERR,ERR,ERR,ERR,ERR,ERR,ERR,ERR,ERR,ERR,ERR,ERR,ERR,ERR,ERR,0.0,0.0,-101055584.0,0.0,0.0,0.0,0.0,nan,0,0,0,32768,0,0.0,0,0.0,0.0,0.0,0.0,0.0,0,0,0,0,0.0,0,0,0,0,0,0,0,0,0,0,0,0,0,0,0,0,0,0,0,0,0,0,0,0,0,0,0,0,0,0,0,0,0,0,0,0,0,0,0,0,0,0,0,0,0.0,0.0,0.0,0.0,0.0,0.0,0.0,0.0,0.0,0.0,0.0,0.0,0.0,0.0,0.0,0.0,0.0,0.0,0.0,0.0,0.0,0.0,-2.004,0.0,-2.004,2.004,0.0,0.0,0.0,0.0,3378.5,-3.697154027885167e+19,0.0,0.0,0.0,-0.0,0.0,0.0,0.0,0.0,0.0,0,-0.0,-0.0,0.0,0.0,0.0,0.0,0.0,0.0,0.0,0,0,0,0.0,0.0,0.0,0.0,0.0,0.0,0.0,0.0,0.0,0.0,0.0,0.0,0.0,0.0,0.0,0.0,0,-107875648.0,0,0.0,0,-107875648.0,-107877712.0,0,26215,17039,52429,17053,52429,17037,0,0,0,110,100,100,2.7302334150594743e+23,64.0,0.0,64.9,-107615304.0,69.0,1,49,50,180,0,39322,0,0,0.0,0.0,0.0,0.0,-9.079212173070616e+23,65.0,0.0,0.0,0.0,645,0,689,0,0,0,717,0,789,0,709,0,689,0,645,0,642,0,615,0.032,44826624.0,-2.004,0.0,49424,16788,-3.6911496781321062e+25,0.0,1.3447855447819451e+22,-5.636496894931763e+16,7656.254,-0.0,29.0,60.0,70,0.0,0.0,0.0,0.0,0.0,0.0,0.0,0.0,0.0,0.0,0.0,0.0,0.0,0.0,0.0,0.0,59.6,69,11,65508,41,65476,0,300,0,0,8,20529,65476,0,0,61604,60.0,0.0,0.0,0.0,0.0,0.0
2026-04-04T11:21:37,ERR,ERR,ERR,ERR,ERR,ERR,ERR,ERR,ERR,ERR,ERR,ERR,ERR,ERR,ERR,ERR,ERR,ERR,ERR,ERR,ERR,ERR,ERR,ERR,ERR,ERR,ERR,ERR,ERR,ERR,ERR,ERR,ERR,ERR,ERR,ERR,ERR,ERR,ERR,ERR,ERR,ERR,ERR,ERR,ERR,ERR,ERR,ERR,ERR,ERR,ERR,ERR,ERR,ERR,ERR,ERR,ERR,ERR,ERR,ERR,ERR,ERR,ERR,ERR,ERR,ERR,ERR,ERR,ERR,ERR,ERR,ERR,ERR,ERR,ERR,ERR,ERR,ERR,ERR,ERR,ERR,ERR,ERR,ERR,ERR,ERR,ERR,ERR,ERR,ERR,ERR,ERR,ERR,ERR,ERR,ERR,ERR,ERR,ERR,ERR,ERR,ERR,ERR,ERR,ERR,ERR,ERR,ERR,ERR,ERR,ERR,ERR,ERR,ERR,ERR,ERR,ERR,ERR,ERR,ERR,ERR,ERR,ERR,ERR,ERR,0.0,0.0,-101055584.0,0.0,0.0,0.0,0.0,nan,0,0,0,32768,0,0.0,0,0.0,0.0,0.0,0.0,0.0,0,0,0,0,0.0,0,0,0,0,0,0,0,0,0,0,0,0,0,0,0,0,0,0,0,0,0,0,0,0,0,0,0,0,0,0,0,0,0,0,0,0,0,0,0,0,0,0,0,0,0.0,0.0,0.0,0.0,0.0,0.0,0.0,0.0,0.0,0.0,0.0,0.0,0.0,0.0,0.0,0.0,0.0,0.0,0.0,0.0,0.0,0.0,-2.004,0.0,-2.004,2.004,0.0,0.0,0.0,0.0,3378.5,-3.697154027885167e+19,0.0,0.0,0.0,-0.0,0.0,0.0,0.0,0.0,0.0,0,-0.0,-0.0,0.0,0.0,0.0,0.0,0.0,0.0,0.0,0,0,0,0.0,0.0,0.0,0.0,0.0,0.0,0.0,0.0,0.0,0.0,0.0,0.0,0.0,0.0,0.0,0.0,0,-107875648.0,0,0.0,0,-107875648.0,-107877712.0,0,26215,17039,52429,17053,52429,17037,0,0,0,110,100,100,2.7302334150594743e+23,64.0,0.0,64.9,-107615304.0,69.0,1,49,50,180,0,39322,0,0,0.0,0.0,0.0,0.0,-9.079212173070616e+23,65.0,0.0,0.0,0.0,645,0,689,0,0,0,717,0,789,0,709,0,689,0,645,0,642,0,615,0.032,44826624.0,-2.004,0.0,49424,16788,-3.6911496781321062e+25,0.0,1.3447855447819451e+22,-5.636496894931763e+16,7656.254,-0.0,29.0,60.0,70,0.0,0.0,0.0,0.0,0.0,0.0,0.0,0.0,0.0,0.0,0.0,0.0,0.0,0.0,0.0,0.0,59.6,69,11,65508,41,65476,0,300,0,0,8,20529,65476,0,0,61604,60.0,0.0,0.0,0.0,0.0,0.0
2026-04-04T11:21:38,ERR,ERR,ERR,ERR,ERR,ERR,ERR,ERR,ERR,ERR,ERR,ERR,ERR,ERR,ERR,ERR,ERR,ERR,ERR,ERR,ERR,ERR,ERR,ERR,ERR,ERR,ERR,ERR,ERR,ERR,ERR,ERR,ERR,ERR,ERR,ERR,ERR,ERR,ERR,ERR,ERR,ERR,ERR,ERR,ERR,ERR,ERR,ERR,ERR,ERR,ERR,ERR,ERR,ERR,ERR,ERR,ERR,ERR,ERR,ERR,ERR,ERR,ERR,ERR,ERR,ERR,ERR,ERR,ERR,ERR,ERR,ERR,ERR,ERR,ERR,ERR,ERR,ERR,ERR,ERR,ERR,ERR,ERR,ERR,ERR,ERR,ERR,ERR,ERR,ERR,ERR,ERR,ERR,ERR,ERR,ERR,ERR,ERR,ERR,ERR,ERR,ERR,ERR,ERR,ERR,ERR,ERR,ERR,ERR,ERR,ERR,ERR,ERR,ERR,ERR,ERR,ERR,ERR,ERR,ERR,ERR,ERR,ERR,ERR,ERR,0.0,0.0,-101055584.0,0.0,0.0,0.0,0.0,nan,0,0,0,32768,0,0.0,0,0.0,0.0,0.0,0.0,0.0,0,0,0,0,0.0,0,0,0,0,0,0,0,0,0,0,0,0,0,0,0,0,0,0,0,0,0,0,0,0,0,0,0,0,0,0,0,0,0,0,0,0,0,0,0,0,0,0,0,0,0.0,0.0,0.0,0.0,0.0,0.0,0.0,0.0,0.0,0.0,0.0,0.0,0.0,0.0,0.0,0.0,0.0,0.0,0.0,0.0,0.0,0.0,-2.004,0.0,-2.004,2.004,0.0,0.0,0.0,0.0,3378.5,-3.697154027885167e+19,0.0,0.0,0.0,-0.0,0.0,0.0,0.0,0.0,0.0,0,-0.0,-0.0,0.0,0.0,0.0,0.0,0.0,0.0,0.0,0,0,0,0.0,0.0,0.0,0.0,0.0,0.0,0.0,0.0,0.0,0.0,0.0,0.0,0.0,0.0,0.0,0.0,0,-107875648.0,0,0.0,0,-107875648.0,-107877712.0,0,26215,17039,52429,17053,52429,17037,0,0,0,110,100,100,2.7302334150594743e+23,64.0,0.0,64.5,0.0,69.0,1,49,50,180,0,52429,0,0,0.0,0.0,0.0,0.0,-1.4440769252858266e+17,65.0,0.0,0.0,0.0,645,0,689,0,0,0,717,0,789,0,709,0,689,0,645,0,642,0,615,0.032,46399488.0,-2.004,0.0,43920,16788,-6.170797306525941e+21,0.0,2.266246296962597e+19,-0.0,59.814,-0.0,29.0,60.0,70,0.0,0.0,0.0,0.0,0.0,0.0,0.0,0.0,0.0,0.0,0.0,0.0,0.0,0.0,0.0,0.0,59.6,69,11,65508,41,65476,0,300,0,0,8,20529,65476,0,0,61604,60.0,0.0,0.0,0.0,0.0,0.0
2026-04-04T11:21:39,ERR,ERR,ERR,ERR,ERR,ERR,ERR,ERR,ERR,ERR,ERR,ERR,ERR,ERR,ERR,ERR,ERR,ERR,ERR,ERR,ERR,ERR,ERR,ERR,ERR,ERR,ERR,ERR,ERR,ERR,ERR,ERR,ERR,ERR,ERR,ERR,ERR,ERR,ERR,ERR,ERR,ERR,ERR,ERR,ERR,ERR,ERR,ERR,ERR,ERR,ERR,ERR,ERR,ERR,ERR,ERR,ERR,ERR,ERR,ERR,ERR,ERR,ERR,ERR,ERR,ERR,ERR,ERR,ERR,ERR,ERR,ERR,ERR,ERR,ERR,ERR,ERR,ERR,ERR,ERR,ERR,ERR,ERR,ERR,ERR,ERR,ERR,ERR,ERR,ERR,ERR,ERR,ERR,ERR,ERR,ERR,ERR,ERR,ERR,ERR,ERR,ERR,ERR,ERR,ERR,ERR,ERR,ERR,ERR,ERR,ERR,ERR,ERR,ERR,ERR,ERR,ERR,ERR,ERR,ERR,ERR,ERR,ERR,ERR,ERR,0.0,0.0,-101055584.0,0.0,0.0,0.0,0.0,nan,0,0,0,32768,0,0.0,0,0.0,0.0,0.0,0.0,0.0,0,0,0,0,0.0,0,0,0,0,0,0,0,0,0,0,0,0,0,0,0,0,0,0,0,0,0,0,0,0,0,0,0,0,0,0,0,0,0,0,0,0,0,0,0,0,0,0,0,0,0.0,0.0,0.0,0.0,0.0,0.0,0.0,0.0,0.0,0.0,0.0,0.0,0.0,0.0,0.0,0.0,0.0,0.0,0.0,0.0,0.0,0.0,-2.004,0.0,-2.004,2.004,0.0,0.0,0.0,0.0,3378.5,-3.697154027885167e+19,0.0,0.0,0.0,-0.0,0.0,0.0,0.0,0.0,0.0,0,-0.0,-0.0,0.0,0.0,0.0,0.0,0.0,0.0,0.0,0,0,0,0.0,0.0,0.0,0.0,0.0,0.0,0.0,0.0,0.0,0.0,0.0,0.0,0.0,0.0,0.0,0.0,0,-107875648.0,0,0.0,0,-107875648.0,-107877712.0,0,26215,17039,52429,17053,52429,17037,0,0,0,110,100,100,2.7302334150594743e+23,64.0,0.0,64.5,0.0,69.0,1,49,50,180,0,52429,0,0,0.0,0.0,0.0,0.0,-1.4440769252858266e+17,65.0,0.0,0.0,0.0,645,0,689,0,0,0,717,0,789,0,709,0,689,0,645,0,642,0,615,0.032,46399488.0,-2.004,0.0,43920,16788,-6.170797306525941e+21,0.0,2.266246296962597e+19,-0.0,59.814,-0.0,29.0,60.0,70,0.0,0.0,0.0,0.0,0.0,0.0,0.0,0.0,0.0,0.0,0.0,0.0,0.0,0.0,0.0,0.0,59.2,69,11,65508,41,65476,0,300,0,0,8,20529,65476,0,0,61604,60.0,0.0,0.0,0.0,0.0,0.0
2026-04-04T11:21:40,ERR,ERR,ERR,ERR,ERR,ERR,ERR,ERR,ERR,ERR,ERR,ERR,ERR,ERR,ERR,ERR,ERR,ERR,ERR,ERR,ERR,ERR,ERR,ERR,ERR,ERR,ERR,ERR,ERR,ERR,ERR,ERR,ERR,ERR,ERR,ERR,ERR,ERR,ERR,ERR,ERR,ERR,ERR,ERR,ERR,ERR,ERR,ERR,ERR,ERR,ERR,ERR,ERR,ERR,ERR,ERR,ERR,ERR,ERR,ERR,ERR,ERR,ERR,ERR,ERR,ERR,ERR,ERR,ERR,ERR,ERR,ERR,ERR,ERR,ERR,ERR,ERR,ERR,ERR,ERR,ERR,ERR,ERR,ERR,ERR,ERR,ERR,ERR,ERR,ERR,ERR,ERR,ERR,ERR,ERR,ERR,ERR,ERR,ERR,ERR,ERR,ERR,ERR,ERR,ERR,ERR,ERR,ERR,ERR,ERR,ERR,ERR,ERR,ERR,ERR,ERR,ERR,ERR,ERR,ERR,ERR,ERR,ERR,ERR,ERR,0.0,0.0,-101055584.0,0.0,0.0,0.0,0.0,nan,0,0,0,32768,0,0.0,0,0.0,0.0,0.0,0.0,0.0,0,0,0,0,0.0,0,0,0,0,0,0,0,0,0,0,0,0,0,0,0,0,0,0,0,0,0,0,0,0,0,0,0,0,0,0,0,0,0,0,0,0,0,0,0,0,0,0,0,0,0.0,0.0,0.0,0.0,0.0,0.0,0.0,0.0,0.0,0.0,0.0,0.0,0.0,0.0,0.0,0.0,0.0,0.0,0.0,0.0,0.0,0.0,-2.004,0.0,-2.004,2.004,0.0,0.0,0.0,0.0,3378.5,-3.697154027885167e+19,0.0,0.0,0.0,-0.0,0.0,0.0,0.0,0.0,0.0,0,-0.0,-0.0,0.0,0.0,0.0,0.0,0.0,0.0,0.0,0,0,0,0.0,0.0,0.0,0.0,0.0,0.0,0.0,0.0,0.0,0.0,0.0,0.0,0.0,0.0,0.0,0.0,0,-107875648.0,0,0.0,0,-107875648.0,-107877712.0,0,26215,17039,52429,17053,52429,17037,0,0,0,110,100,100,2.7302334150594743e+23,64.0,0.0,64.5,0.0,69.0,1,49,50,180,0,52429,0,0,0.0,0.0,0.0,0.0,-1.4440769252858266e+17,65.0,0.0,0.0,0.0,645,0,689,0,0,0,717,0,789,0,709,0,689,0,645,0,642,0,615,0.032,46399488.0,-2.004,0.0,43920,16788,-6.170797306525941e+21,0.0,2.266246296962597e+19,-0.0,59.814,-0.0,29.0,60.0,70,0.0,0.0,0.0,0.0,0.0,0.0,0.0,0.0,0.0,0.0,0.0,0.0,0.0,0.0,0.0,0.0,59.2,69,11,65508,41,65476,0,300,0,0,8,20529,65476,0,0,61604,60.0,0.0,0.0,0.0,0.0,0.0
2026-04-04T11:21:41,ERR,ERR,ERR,ERR,ERR,ERR,ERR,ERR,ERR,ERR,ERR,ERR,ERR,ERR,ERR,ERR,ERR,ERR,ERR,ERR,ERR,ERR,ERR,ERR,ERR,ERR,ERR,ERR,ERR,ERR,ERR,ERR,ERR,ERR,ERR,ERR,ERR,ERR,ERR,ERR,ERR,ERR,ERR,ERR,ERR,ERR,ERR,ERR,ERR,ERR,ERR,ERR,ERR,ERR,ERR,ERR,ERR,ERR,ERR,ERR,ERR,ERR,ERR,ERR,ERR,ERR,ERR,ERR,ERR,ERR,ERR,ERR,ERR,ERR,ERR,ERR,ERR,ERR,ERR,ERR,ERR,ERR,ERR,ERR,ERR,ERR,ERR,ERR,ERR,ERR,ERR,ERR,ERR,ERR,ERR,ERR,ERR,ERR,ERR,ERR,ERR,ERR,ERR,ERR,ERR,ERR,ERR,ERR,ERR,ERR,ERR,ERR,ERR,ERR,ERR,ERR,ERR,ERR,ERR,ERR,ERR,ERR,ERR,ERR,ERR,0.0,0.0,-101055584.0,0.0,0.0,0.0,0.0,nan,0,0,0,32768,0,0.0,0,0.0,0.0,0.0,0.0,0.0,0,0,0,0,0.0,0,0,0,0,0,0,0,0,0,0,0,0,0,0,0,0,0,0,0,0,0,0,0,0,0,0,0,0,0,0,0,0,0,0,0,0,0,0,0,0,0,0,0,0,0.0,0.0,0.0,0.0,0.0,0.0,0.0,0.0,0.0,0.0,0.0,0.0,0.0,0.0,0.0,0.0,0.0,0.0,0.0,0.0,0.0,0.0,-2.004,0.0,-2.004,2.004,0.0,0.0,0.0,0.0,3378.5,-3.697154027885167e+19,0.0,0.0,0.0,-0.0,0.0,0.0,0.0,0.0,0.0,0,-0.0,-0.0,0.0,0.0,0.0,0.0,0.0,0.0,0.0,0,0,0,0.0,0.0,0.0,0.0,0.0,0.0,0.0,0.0,0.0,0.0,0.0,0.0,0.0,0.0,0.0,0.0,0,-107875648.0,0,0.0,0,-107875648.0,-107877712.0,0,26215,17039,52429,17053,52429,17037,0,0,0,110,100,100,2.7302334150594743e+23,64.0,0.0,64.5,0.0,69.0,1,49,50,180,0,52429,0,0,0.0,0.0,0.0,0.0,-1.4440769252858266e+17,65.0,0.0,0.0,0.0,645,0,689,0,0,0,717,0,789,0,709,0,689,0,645,0,642,0,615,0.032,46399488.0,-2.004,0.0,43920,16788,-6.170797306525941e+21,0.0,2.266246296962597e+19,-0.0,59.814,-0.0,29.0,60.0,70,0.0,0.0,0.0,0.0,0.0,0.0,0.0,0.0,0.0,0.0,0.0,0.0,0.0,0.0,0.0,0.0,59.2,69,11,65508,41,65476,0,300,0,0,8,20529,65476,0,0,61604,60.0,0.0,0.0,0.0,0.0,0.0
2026-04-04T11:21:42,ERR,ERR,ERR,ERR,ERR,ERR,ERR,ERR,ERR,ERR,ERR,ERR,ERR,ERR,ERR,ERR,ERR,ERR,ERR,ERR,ERR,ERR,ERR,ERR,ERR,ERR,ERR,ERR,ERR,ERR,ERR,ERR,ERR,ERR,ERR,ERR,ERR,ERR,ERR,ERR,ERR,ERR,ERR,ERR,ERR,ERR,ERR,ERR,ERR,ERR,ERR,ERR,ERR,ERR,ERR,ERR,ERR,ERR,ERR,ERR,ERR,ERR,ERR,ERR,ERR,ERR,ERR,ERR,ERR,ERR,ERR,ERR,ERR,ERR,ERR,ERR,ERR,ERR,ERR,ERR,ERR,ERR,ERR,ERR,ERR,ERR,ERR,ERR,ERR,ERR,ERR,ERR,ERR,ERR,ERR,ERR,ERR,ERR,ERR,ERR,ERR,ERR,ERR,ERR,ERR,ERR,ERR,ERR,ERR,ERR,ERR,ERR,ERR,ERR,ERR,ERR,ERR,ERR,ERR,ERR,ERR,ERR,ERR,ERR,ERR,0.0,0.0,-101055584.0,0.0,0.0,0.0,0.0,nan,0,0,0,32768,0,0.0,0,0.0,0.0,0.0,0.0,0.0,0,0,0,0,0.0,0,0,0,0,0,0,0,0,0,0,0,0,0,0,0,0,0,0,0,0,0,0,0,0,0,0,0,0,0,0,0,0,0,0,0,0,0,0,0,0,0,0,0,0,0.0,0.0,0.0,0.0,0.0,0.0,0.0,0.0,0.0,0.0,0.0,0.0,0.0,0.0,0.0,0.0,0.0,0.0,0.0,0.0,0.0,0.0,-2.004,0.0,-2.004,2.004,0.0,0.0,0.0,0.0,3378.5,-3.697154027885167e+19,0.0,0.0,0.0,-0.0,0.0,0.0,0.0,0.0,0.0,0,-0.0,-0.0,0.0,0.0,0.0,0.0,0.0,0.0,0.0,0,0,0,0.0,0.0,0.0,0.0,0.0,0.0,0.0,0.0,0.0,0.0,0.0,0.0,0.0,0.0,0.0,0.0,0,-107875648.0,0,0.0,0,-107875648.0,-107877712.0,0,26215,17039,52429,17053,52429,17037,0,0,0,110,100,100,2.7302334150594743e+23,64.0,0.0,64.5,0.0,69.0,1,49,50,180,0,52429,0,0,0.0,0.0,0.0,0.0,-1.4440769252858266e+17,65.0,0.0,0.0,0.0,645,0,689,0,0,0,717,0,789,0,709,0,689,0,645,0,642,0,615,0.032,46399488.0,-2.004,0.0,43920,16788,-6.170797306525941e+21,0.0,2.266246296962597e+19,-0.0,59.814,-0.0,29.0,60.0,70,0.0,0.0,0.0,0.0,0.0,0.0,0.0,0.0,0.0,0.0,0.0,0.0,0.0,0.0,0.0,0.0,59.6,69,11,65508,41,65476,0,300,0,0,8,20529,65476,0,0,61604,60.0,0.0,0.0,0.0,0.0,0.0
2026-04-04T11:21:43,ERR,ERR,ERR,ERR,ERR,ERR,ERR,ERR,ERR,ERR,ERR,ERR,ERR,ERR,ERR,ERR,ERR,ERR,ERR,ERR,ERR,ERR,ERR,ERR,ERR,ERR,ERR,ERR,ERR,ERR,ERR,ERR,ERR,ERR,ERR,ERR,ERR,ERR,ERR,ERR,ERR,ERR,ERR,ERR,ERR,ERR,ERR,ERR,ERR,ERR,ERR,ERR,ERR,ERR,ERR,ERR,ERR,ERR,ERR,ERR,ERR,ERR,ERR,ERR,ERR,ERR,ERR,ERR,ERR,ERR,ERR,ERR,ERR,ERR,ERR,ERR,ERR,ERR,ERR,ERR,ERR,ERR,ERR,ERR,ERR,ERR,ERR,ERR,ERR,ERR,ERR,ERR,ERR,ERR,ERR,ERR,ERR,ERR,ERR,ERR,ERR,ERR,ERR,ERR,ERR,ERR,ERR,ERR,ERR,ERR,ERR,ERR,ERR,ERR,ERR,ERR,ERR,ERR,ERR,ERR,ERR,ERR,ERR,ERR,ERR,0.0,0.0,-101055584.0,0.0,0.0,0.0,0.0,nan,0,0,0,32768,0,0.0,0,0.0,0.0,0.0,0.0,0.0,0,0,0,0,0.0,0,0,0,0,0,0,0,0,0,0,0,0,0,0,0,0,0,0,0,0,0,0,0,0,0,0,0,0,0,0,0,0,0,0,0,0,0,0,0,0,0,0,0,0,0.0,0.0,0.0,0.0,0.0,0.0,0.0,0.0,0.0,0.0,0.0,0.0,0.0,0.0,0.0,0.0,0.0,0.0,0.0,0.0,0.0,0.0,-2.004,0.0,-2.004,2.004,0.0,0.0,0.0,0.0,3378.5,-3.697154027885167e+19,0.0,0.0,0.0,-0.0,0.0,0.0,0.0,0.0,0.0,0,-0.0,-0.0,0.0,0.0,0.0,0.0,0.0,0.0,0.0,0,0,0,0.0,0.0,0.0,0.0,0.0,0.0,0.0,0.0,0.0,0.0,0.0,0.0,0.0,0.0,0.0,0.0,0,-107875648.0,0,0.0,0,-107875648.0,-107877712.0,0,26215,17039,52429,17053,52429,17037,0,0,0,110,100,100,2.7302334150594743e+23,64.0,0.0,64.5,0.0,69.0,1,49,50,180,0,52429,0,0,0.0,0.0,0.0,0.0,-1.4440769252858266e+17,65.0,0.0,0.0,0.0,645,0,689,0,0,0,717,0,789,0,709,0,689,0,645,0,642,0,615,0.032,46399488.0,-2.004,0.0,43920,16788,-6.170797306525941e+21,0.0,2.266246296962597e+19,-0.0,59.814,-0.0,29.0,60.0,70,0.0,0.0,0.0,0.0,0.0,0.0,0.0,0.0,0.0,0.0,0.0,0.0,0.0,0.0,0.0,0.0,59.6,69,11,65508,41,65476,0,300,0,0,8,20529,65476,0,0,61604,60.0,0.0,0.0,0.0,0.0,0.0
2026-04-04T11:21:44,ERR,ERR,ERR,ERR,ERR,ERR,ERR,ERR,ERR,ERR,ERR,ERR,ERR,ERR,ERR,ERR,ERR,ERR,ERR,ERR,ERR,ERR,ERR,ERR,ERR,ERR,ERR,ERR,ERR,ERR,ERR,ERR,ERR,ERR,ERR,ERR,ERR,ERR,ERR,ERR,ERR,ERR,ERR,ERR,ERR,ERR,ERR,ERR,ERR,ERR,ERR,ERR,ERR,ERR,ERR,ERR,ERR,ERR,ERR,ERR,ERR,ERR,ERR,ERR,ERR,ERR,ERR,ERR,ERR,ERR,ERR,ERR,ERR,ERR,ERR,ERR,ERR,ERR,ERR,ERR,ERR,ERR,ERR,ERR,ERR,ERR,ERR,ERR,ERR,ERR,ERR,ERR,ERR,ERR,ERR,ERR,ERR,ERR,ERR,ERR,ERR,ERR,ERR,ERR,ERR,ERR,ERR,ERR,ERR,ERR,ERR,ERR,ERR,ERR,ERR,ERR,ERR,ERR,ERR,ERR,ERR,ERR,ERR,ERR,ERR,0.0,0.0,-101055584.0,0.0,0.0,0.0,0.0,nan,0,0,0,32768,0,0.0,0,0.0,0.0,0.0,0.0,0.0,0,0,0,0,0.0,0,0,0,0,0,0,0,0,0,0,0,0,0,0,0,0,0,0,0,0,0,0,0,0,0,0,0,0,0,0,0,0,0,0,0,0,0,0,0,0,0,0,0,0,0.0,0.0,0.0,0.0,0.0,0.0,0.0,0.0,0.0,0.0,0.0,0.0,0.0,0.0,0.0,0.0,0.0,0.0,0.0,0.0,0.0,0.0,-2.004,0.0,-2.004,2.004,0.0,0.0,0.0,0.0,3379.0,-0.0,0.0,0.0,0.0,-0.0,0.0,0.0,0.0,0.0,0.0,0,-0.0,5.848029934006574e+35,0.0,0.0,0.0,0.0,0.0,0.0,0.0,0,0,0,0.0,0.0,0.0,0.0,0.0,0.0,0.0,0.0,0.0,0.0,0.0,0.0,0.0,0.0,0.0,0.0,0,-107875648.0,0,0.0,0,-107875648.0,-107877712.0,0,26215,17039,52429,17053,52429,17037,0,0,0,110,100,100,2.7302334150594743e+23,64.0,0.0,64.5,0.0,69.0,1,49,50,180,0,52429,0,0,0.0,0.0,0.0,0.0,-120398561280.0,65.0,0.0,1.9929125166608548e+18,0.0,645,0,689,0,0,0,717,0,789,0,709,0,689,0,645,0,642,0,615,0.032,55836672.0,-2.004,0.0,29840,16788,-184586.031,1.6906635175788544e+16,0.0,0.002,0.0,5.663866164298892e+26,29.0,60.0,70,0.0,0.0,0.0,0.0,0.0,0.0,0.0,0.0,0.0,0.0,0.0,0.0,0.0,0.0,0.0,0.0,59.2,69,11,65508,41,65476,0,300,0,0,8,20529,65476,0,0,61604,60.0,0.0,0.0,0.0,0.0,0.0
2026-04-04T11:21:45,ERR,ERR,ERR,ERR,ERR,ERR,ERR,ERR,ERR,ERR,ERR,ERR,ERR,ERR,ERR,ERR,ERR,ERR,ERR,ERR,ERR,ERR,ERR,ERR,ERR,ERR,ERR,ERR,ERR,ERR,ERR,ERR,ERR,ERR,ERR,ERR,ERR,ERR,ERR,ERR,ERR,ERR,ERR,ERR,ERR,ERR,ERR,ERR,ERR,ERR,ERR,ERR,ERR,ERR,ERR,ERR,ERR,ERR,ERR,ERR,ERR,ERR,ERR,ERR,ERR,ERR,ERR,ERR,ERR,ERR,ERR,ERR,ERR,ERR,ERR,ERR,ERR,ERR,ERR,ERR,ERR,ERR,ERR,ERR,ERR,ERR,ERR,ERR,ERR,ERR,ERR,ERR,ERR,ERR,ERR,ERR,ERR,ERR,ERR,ERR,ERR,ERR,ERR,ERR,ERR,ERR,ERR,ERR,ERR,ERR,ERR,ERR,ERR,ERR,ERR,ERR,ERR,ERR,ERR,ERR,ERR,ERR,ERR,ERR,ERR,0.0,0.0,-101055584.0,0.0,0.0,0.0,0.0,nan,0,0,0,32768,0,0.0,0,0.0,0.0,0.0,0.0,0.0,0,0,0,0,0.0,0,0,0,0,0,0,0,0,0,0,0,0,0,0,0,0,0,0,0,0,0,0,0,0,0,0,0,0,0,0,0,0,0,0,0,0,0,0,0,0,0,0,0,0,0.0,0.0,0.0,0.0,0.0,0.0,0.0,0.0,0.0,0.0,0.0,0.0,0.0,0.0,0.0,0.0,0.0,0.0,0.0,0.0,0.0,0.0,-2.004,0.0,-2.004,2.004,0.0,0.0,0.0,0.0,3379.0,-0.0,0.0,0.0,0.0,-0.0,0.0,0.0,0.0,0.0,0.0,0,-0.0,5.848029934006574e+35,0.0,0.0,0.0,0.0,0.0,0.0,0.0,0,0,0,0.0,0.0,0.0,0.0,0.0,0.0,0.0,0.0,0.0,0.0,0.0,0.0,0.0,0.0,0.0,0.0,0,-107875648.0,0,0.0,0,-107875648.0,-107877712.0,0,26215,17039,52429,17053,52429,17037,0,0,0,110,100,100,2.7302334150594743e+23,64.0,0.0,64.5,0.0,69.0,1,49,50,180,0,52429,0,0,0.0,0.0,0.0,0.0,-120398561280.0,65.0,0.0,1.9929125166608548e+18,0.0,645,0,689,0,0,0,717,0,789,0,709,0,689,0,645,0,642,0,615,0.032,55836672.0,-2.004,0.0,29840,16788,-184586.031,1.6906635175788544e+16,0.0,0.002,0.0,5.663866164298892e+26,29.0,60.0,70,0.0,0.0,0.0,0.0,0.0,0.0,0.0,0.0,0.0,0.0,0.0,0.0,0.0,0.0,0.0,0.0,59.2,69,11,65508,41,65476,0,300,0,0,8,20529,65476,0,0,61604,60.0,0.0,0.0,0.0,0.0,0.0
2026-04-04T11:21:46,ERR,ERR,ERR,ERR,ERR,ERR,ERR,ERR,ERR,ERR,ERR,ERR,ERR,ERR,ERR,ERR,ERR,ERR,ERR,ERR,ERR,ERR,ERR,ERR,ERR,ERR,ERR,ERR,ERR,ERR,ERR,ERR,ERR,ERR,ERR,ERR,ERR,ERR,ERR,ERR,ERR,ERR,ERR,ERR,ERR,ERR,ERR,ERR,ERR,ERR,ERR,ERR,ERR,ERR,ERR,ERR,ERR,ERR,ERR,ERR,ERR,ERR,ERR,ERR,ERR,ERR,ERR,ERR,ERR,ERR,ERR,ERR,ERR,ERR,ERR,ERR,ERR,ERR,ERR,ERR,ERR,ERR,ERR,ERR,ERR,ERR,ERR,ERR,ERR,ERR,ERR,ERR,ERR,ERR,ERR,ERR,ERR,ERR,ERR,ERR,ERR,ERR,ERR,ERR,ERR,ERR,ERR,ERR,ERR,ERR,ERR,ERR,ERR,ERR,ERR,ERR,ERR,ERR,ERR,ERR,ERR,ERR,ERR,ERR,ERR,0.0,0.0,-101055584.0,0.0,0.0,0.0,0.0,nan,0,0,0,32768,0,0.0,0,0.0,0.0,0.0,0.0,0.0,0,0,0,0,0.0,0,0,0,0,0,0,0,0,0,0,0,0,0,0,0,0,0,0,0,0,0,0,0,0,0,0,0,0,0,0,0,0,0,0,0,0,0,0,0,0,0,0,0,0,0.0,0.0,0.0,0.0,0.0,0.0,0.0,0.0,0.0,0.0,0.0,0.0,0.0,0.0,0.0,0.0,0.0,0.0,0.0,0.0,0.0,0.0,-2.004,0.0,-2.004,2.004,0.0,0.0,0.0,0.0,3379.0,-0.0,0.0,0.0,0.0,-0.0,0.0,0.0,0.0,0.0,0.0,0,-0.0,5.848029934006574e+35,0.0,0.0,0.0,0.0,0.0,0.0,0.0,0,0,0,0.0,0.0,0.0,0.0,0.0,0.0,0.0,0.0,0.0,0.0,0.0,0.0,0.0,0.0,0.0,0.0,0,-107875648.0,0,0.0,0,-107875648.0,-107877712.0,0,26215,17039,52429,17053,52429,17037,0,0,0,110,100,100,2.7302334150594743e+23,64.0,0.0,64.5,0.0,69.0,1,49,50,180,0,52429,0,0,0.0,0.0,0.0,0.0,-120398561280.0,65.0,0.0,1.9929125166608548e+18,0.0,645,0,689,0,0,0,717,0,789,0,709,0,689,0,645,0,642,0,615,0.032,55836672.0,-2.004,0.0,29840,16788,-184586.031,1.6906635175788544e+16,0.0,0.002,0.0,5.663866164298892e+26,29.0,60.0,70,0.0,0.0,0.0,0.0,0.0,0.0,0.0,0.0,0.0,0.0,0.0,0.0,0.0,0.0,0.0,0.0,59.2,69,11,65508,41,65476,0,300,0,0,8,20529,65476,0,0,61604,60.0,0.0,0.0,0.0,0.0,0.0
2026-04-04T11:21:47,ERR,ERR,ERR,ERR,ERR,ERR,ERR,ERR,ERR,ERR,ERR,ERR,ERR,ERR,ERR,ERR,ERR,ERR,ERR,ERR,ERR,ERR,ERR,ERR,ERR,ERR,ERR,ERR,ERR,ERR,ERR,ERR,ERR,ERR,ERR,ERR,ERR,ERR,ERR,ERR,ERR,ERR,ERR,ERR,ERR,ERR,ERR,ERR,ERR,ERR,ERR,ERR,ERR,ERR,ERR,ERR,ERR,ERR,ERR,ERR,ERR,ERR,ERR,ERR,ERR,ERR,ERR,ERR,ERR,ERR,ERR,ERR,ERR,ERR,ERR,ERR,ERR,ERR,ERR,ERR,ERR,ERR,ERR,ERR,ERR,ERR,ERR,ERR,ERR,ERR,ERR,ERR,ERR,ERR,ERR,ERR,ERR,ERR,ERR,ERR,ERR,ERR,ERR,ERR,ERR,ERR,ERR,ERR,ERR,ERR,ERR,ERR,ERR,ERR,ERR,ERR,ERR,ERR,ERR,ERR,ERR,ERR,ERR,ERR,ERR,0.0,0.0,-101055584.0,0.0,0.0,0.0,0.0,nan,0,0,0,32768,0,0.0,0,0.0,0.0,0.0,0.0,0.0,0,0,0,0,0.0,0,0,0,0,0,0,0,0,0,0,0,0,0,0,0,0,0,0,0,0,0,0,0,0,0,0,0,0,0,0,0,0,0,0,0,0,0,0,0,0,0,0,0,0,0.0,0.0,0.0,0.0,0.0,0.0,0.0,0.0,0.0,0.0,0.0,0.0,0.0,0.0,0.0,0.0,0.0,0.0,0.0,0.0,0.0,0.0,-2.004,0.0,-2.004,2.004,0.0,0.0,0.0,0.0,3379.0,-0.0,0.0,0.0,0.0,-0.0,0.0,0.0,0.0,0.0,0.0,0,-0.0,5.848029934006574e+35,0.0,0.0,0.0,0.0,0.0,0.0,0.0,0,0,0,0.0,0.0,0.0,0.0,0.0,0.0,0.0,0.0,0.0,0.0,0.0,0.0,0.0,0.0,0.0,0.0,0,-107875648.0,0,0.0,0,-107875648.0,-107877712.0,0,26215,17039,52429,17053,52429,17037,0,0,0,110,100,100,2.7302334150594743e+23,64.0,0.0,64.5,0.0,69.0,1,49,50,180,0,52429,0,0,0.0,0.0,0.0,0.0,-120398561280.0,65.0,0.0,1.9929125166608548e+18,0.0,645,0,689,0,0,0,717,0,789,0,709,0,689,0,645,0,642,0,615,0.032,55836672.0,-2.004,0.0,29840,16788,-184586.031,1.6906635175788544e+16,0.0,0.002,0.0,5.663866164298892e+26,29.0,60.0,70,0.0,0.0,0.0,0.0,0.0,0.0,0.0,0.0,0.0,0.0,0.0,0.0,0.0,0.0,0.0,0.0,59.2,69,11,65508,41,65476,0,300,0,0,8,20529,65476,0,0,61604,60.0,0.0,0.0,0.0,0.0,0.0
2026-04-04T11:21:48,ERR,ERR,ERR,ERR,ERR,ERR,ERR,ERR,ERR,ERR,ERR,ERR,ERR,ERR,ERR,ERR,ERR,ERR,ERR,ERR,ERR,ERR,ERR,ERR,ERR,ERR,ERR,ERR,ERR,ERR,ERR,ERR,ERR,ERR,ERR,ERR,ERR,ERR,ERR,ERR,ERR,ERR,ERR,ERR,ERR,ERR,ERR,ERR,ERR,ERR,ERR,ERR,ERR,ERR,ERR,ERR,ERR,ERR,ERR,ERR,ERR,ERR,ERR,ERR,ERR,ERR,ERR,ERR,ERR,ERR,ERR,ERR,ERR,ERR,ERR,ERR,ERR,ERR,ERR,ERR,ERR,ERR,ERR,ERR,ERR,ERR,ERR,ERR,ERR,ERR,ERR,ERR,ERR,ERR,ERR,ERR,ERR,ERR,ERR,ERR,ERR,ERR,ERR,ERR,ERR,ERR,ERR,ERR,ERR,ERR,ERR,ERR,ERR,ERR,ERR,ERR,ERR,ERR,ERR,ERR,ERR,ERR,ERR,ERR,ERR,0.0,0.0,-101055584.0,0.0,0.0,0.0,0.0,nan,0,0,0,32768,0,0.0,0,0.0,0.0,0.0,0.0,0.0,0,0,0,0,0.0,0,0,0,0,0,0,0,0,0,0,0,0,0,0,0,0,0,0,0,0,0,0,0,0,0,0,0,0,0,0,0,0,0,0,0,0,0,0,0,0,0,0,0,0,0.0,0.0,0.0,0.0,0.0,0.0,0.0,0.0,0.0,0.0,0.0,0.0,0.0,0.0,0.0,0.0,0.0,0.0,0.0,0.0,0.0,0.0,-2.004,0.0,-2.004,2.004,0.0,0.0,0.0,0.0,3379.0,-0.0,0.0,0.0,0.0,-0.0,0.0,0.0,0.0,0.0,0.0,0,-0.0,5.848029934006574e+35,0.0,0.0,0.0,0.0,0.0,0.0,0.0,0,0,0,0.0,0.0,0.0,0.0,0.0,0.0,0.0,0.0,0.0,0.0,0.0,0.0,0.0,0.0,0.0,0.0,0,-107875648.0,0,0.0,0,-107875648.0,-107877712.0,0,26215,17039,52429,17053,52429,17037,0,0,0,110,100,100,2.7302334150594743e+23,64.0,0.0,64.5,0.0,69.0,1,49,50,180,0,52429,0,0,0.0,0.0,0.0,0.0,-120398561280.0,65.0,0.0,1.9929125166608548e+18,0.0,645,0,689,0,0,0,717,0,789,0,709,0,689,0,645,0,642,0,615,0.032,55836672.0,-2.004,0.0,29840,16788,-184586.031,1.6906635175788544e+16,0.0,0.002,0.0,5.663866164298892e+26,29.0,60.0,70,0.0,0.0,0.0,0.0,0.0,0.0,0.0,0.0,0.0,0.0,0.0,0.0,0.0,0.0,0.0,0.0,59.2,69,11,65508,41,65476,0,300,0,0,8,20529,65476,0,0,61604,60.0,0.0,0.0,0.0,0.0,0.0
2026-04-04T11:21:49,ERR,ERR,ERR,ERR,ERR,ERR,ERR,ERR,ERR,ERR,ERR,ERR,ERR,ERR,ERR,ERR,ERR,ERR,ERR,ERR,ERR,ERR,ERR,ERR,ERR,ERR,ERR,ERR,ERR,ERR,ERR,ERR,ERR,ERR,ERR,ERR,ERR,ERR,ERR,ERR,ERR,ERR,ERR,ERR,ERR,ERR,ERR,ERR,ERR,ERR,ERR,ERR,ERR,ERR,ERR,ERR,ERR,ERR,ERR,ERR,ERR,ERR,ERR,ERR,ERR,ERR,ERR,ERR,ERR,ERR,ERR,ERR,ERR,ERR,ERR,ERR,ERR,ERR,ERR,ERR,ERR,ERR,ERR,ERR,ERR,ERR,ERR,ERR,ERR,ERR,ERR,ERR,ERR,ERR,ERR,ERR,ERR,ERR,ERR,ERR,ERR,ERR,ERR,ERR,ERR,ERR,ERR,ERR,ERR,ERR,ERR,ERR,ERR,ERR,ERR,ERR,ERR,ERR,ERR,ERR,ERR,ERR,ERR,ERR,ERR,0.0,0.0,-101055584.0,0.0,0.0,0.0,0.0,nan,0,0,0,32768,0,0.0,0,0.0,0.0,0.0,0.0,0.0,0,0,0,0,0.0,0,0,0,0,0,0,0,0,0,0,0,0,0,0,0,0,0,0,0,0,0,0,0,0,0,0,0,0,0,0,0,0,0,0,0,0,0,0,0,0,0,0,0,0,0.0,0.0,0.0,0.0,0.0,0.0,0.0,0.0,0.0,0.0,0.0,0.0,0.0,0.0,0.0,0.0,0.0,0.0,0.0,0.0,0.0,0.0,-2.004,0.0,-2.004,2.004,0.0,0.0,0.0,0.0,3379.0,-0.0,0.0,0.0,0.0,-0.0,0.0,0.0,0.0,0.0,0.0,0,-0.0,5.848029934006574e+35,0.0,0.0,0.0,0.0,0.0,0.0,0.0,0,0,0,0.0,0.0,0.0,0.0,0.0,0.0,0.0,0.0,0.0,0.0,0.0,0.0,0.0,0.0,0.0,0.0,0,-107875648.0,0,0.0,0,-107875648.0,-107877712.0,0,26215,17039,52429,17053,52429,17037,0,0,0,110,100,100,2.7302334150594743e+23,64.0,0.0,64.5,0.0,69.0,1,49,50,180,0,52429,0,0,0.0,0.0,0.0,0.0,-409589623291904.0,65.0,0.0,0.0,0.0,645,0,689,0,0,0,717,0,789,0,709,0,689,0,645,0,642,0,615,0.032,55574528.0,-2.004,0.0,35728,16788,-342548.062,0.0,0.0,-0.0,0.0,109184032.0,29.0,60.0,70,0.0,0.0,0.0,0.0,0.0,0.0,0.0,0.0,0.0,0.0,0.0,0.0,0.0,0.0,0.0,0.0,59.2,69,11,65508,41,65476,0,300,0,0,8,20529,65476,0,0,61604,60.0,0.0,0.0,0.0,0.0,0.0
2026-04-04T11:21:50,ERR,ERR,ERR,ERR,ERR,ERR,ERR,ERR,ERR,ERR,ERR,ERR,ERR,ERR,ERR,ERR,ERR,ERR,ERR,ERR,ERR,ERR,ERR,ERR,ERR,ERR,ERR,ERR,ERR,ERR,ERR,ERR,ERR,ERR,ERR,ERR,ERR,ERR,ERR,ERR,ERR,ERR,ERR,ERR,ERR,ERR,ERR,ERR,ERR,ERR,ERR,ERR,ERR,ERR,ERR,ERR,ERR,ERR,ERR,ERR,ERR,ERR,ERR,ERR,ERR,ERR,ERR,ERR,ERR,ERR,ERR,ERR,ERR,ERR,ERR,ERR,ERR,ERR,ERR,ERR,ERR,ERR,ERR,ERR,ERR,ERR,ERR,ERR,ERR,ERR,ERR,ERR,ERR,ERR,ERR,ERR,ERR,ERR,ERR,ERR,ERR,ERR,ERR,ERR,ERR,ERR,ERR,ERR,ERR,ERR,ERR,ERR,ERR,ERR,ERR,ERR,ERR,ERR,ERR,ERR,ERR,ERR,ERR,ERR,ERR,0.0,0.0,-101055584.0,0.0,0.0,0.0,0.0,nan,0,0,0,32768,0,0.0,0,0.0,0.0,0.0,0.0,0.0,0,0,0,0,0.0,0,0,0,0,0,0,0,0,0,0,0,0,0,0,0,0,0,0,0,0,0,0,0,0,0,0,0,0,0,0,0,0,0,0,0,0,0,0,0,0,0,0,0,0,0.0,0.0,0.0,0.0,0.0,0.0,0.0,0.0,0.0,0.0,0.0,0.0,0.0,0.0,0.0,0.0,0.0,0.0,0.0,0.0,0.0,0.0,-2.004,0.0,-2.004,2.004,0.0,0.0,0.0,0.0,3379.0,-0.0,0.0,0.0,0.0,-0.0,0.0,0.0,0.0,0.0,0.0,0,-0.0,5.848029934006574e+35,0.0,0.0,0.0,0.0,0.0,0.0,0.0,0,0,0,0.0,0.0,0.0,0.0,0.0,0.0,0.0,0.0,0.0,0.0,0.0,0.0,0.0,0.0,0.0,0.0,0,-107875648.0,0,0.0,0,-107875648.0,-107877712.0,0,26215,17039,52429,17053,52429,17037,0,0,0,110,100,100,2.7302334150594743e+23,64.0,0.0,64.5,0.0,69.0,1,49,50,180,0,52429,0,0,0.0,0.0,0.0,0.0,-409589623291904.0,65.0,0.0,0.0,0.0,645,0,689,0,0,0,717,0,789,0,709,0,689,0,645,0,642,0,615,0.032,55574528.0,-2.004,0.0,35728,16788,-342548.062,0.0,0.0,-0.0,0.0,109184032.0,29.0,60.0,70,0.0,0.0,0.0,0.0,0.0,0.0,0.0,0.0,0.0,0.0,0.0,0.0,0.0,0.0,0.0,0.0,59.2,69,11,65508,41,65476,0,300,0,0,8,20529,65476,0,0,61604,60.0,0.0,0.0,0.0,0.0,0.0
2026-04-04T11:21:51,ERR,ERR,ERR,ERR,ERR,ERR,ERR,ERR,ERR,ERR,ERR,ERR,ERR,ERR,ERR,ERR,ERR,ERR,ERR,ERR,ERR,ERR,ERR,ERR,ERR,ERR,ERR,ERR,ERR,ERR,ERR,ERR,ERR,ERR,ERR,ERR,ERR,ERR,ERR,ERR,ERR,ERR,ERR,ERR,ERR,ERR,ERR,ERR,ERR,ERR,ERR,ERR,ERR,ERR,ERR,ERR,ERR,ERR,ERR,ERR,ERR,ERR,ERR,ERR,ERR,ERR,ERR,ERR,ERR,ERR,ERR,ERR,ERR,ERR,ERR,ERR,ERR,ERR,ERR,ERR,ERR,ERR,ERR,ERR,ERR,ERR,ERR,ERR,ERR,ERR,ERR,ERR,ERR,ERR,ERR,ERR,ERR,ERR,ERR,ERR,ERR,ERR,ERR,ERR,ERR,ERR,ERR,ERR,ERR,ERR,ERR,ERR,ERR,ERR,ERR,ERR,ERR,ERR,ERR,ERR,ERR,ERR,ERR,ERR,ERR,0.0,0.0,-101055584.0,0.0,0.0,0.0,0.0,nan,0,0,0,32768,0,0.0,0,0.0,0.0,0.0,0.0,0.0,0,0,0,0,0.0,0,0,0,0,0,0,0,0,0,0,0,0,0,0,0,0,0,0,0,0,0,0,0,0,0,0,0,0,0,0,0,0,0,0,0,0,0,0,0,0,0,0,0,0,0.0,0.0,0.0,0.0,0.0,0.0,0.0,0.0,0.0,0.0,0.0,0.0,0.0,0.0,0.0,0.0,0.0,0.0,0.0,0.0,0.0,0.0,-2.004,0.0,-2.004,2.004,0.0,0.0,0.0,0.0,3395.5,3.697154467689818e+19,0.0,0.0,0.0,-0.0,0.0,0.0,0.0,0.0,0.0,0,-0.0,-107614264.0,0.0,0.0,0.0,0.0,0.0,0.0,0.0,0,0,0,0.0,0.0,0.0,0.0,0.0,0.0,0.0,0.0,0.0,0.0,0.0,0.0,0.0,0.0,0.0,0.0,0,-107875648.0,0,0.0,0,-107875648.0,-107877712.0,0,26215,17039,52429,17053,52429,17037,0,0,0,110,100,100,2.7302334150594743e+23,64.0,0.0,64.5,0.0,69.0,1,49,50,180,0,52429,0,0,0.0,0.0,0.0,0.0,-409589623291904.0,65.0,0.0,0.0,0.0,645,0,689,0,0,0,717,0,789,0,709,0,689,0,645,0,642,0,615,0.032,55574528.0,-2.004,0.0,35728,16788,-342548.062,0.0,0.0,-0.0,0.0,109184032.0,29.0,60.0,70,0.0,0.0,0.0,0.0,0.0,0.0,0.0,0.0,0.0,0.0,0.0,0.0,0.0,0.0,0.0,0.0,59.2,69,11,65508,41,65476,0,300,0,0,8,20529,65476,0,0,61604,60.0,0.0,0.0,0.0,0.0,0.0
2026-04-04T11:21:52,ERR,ERR,ERR,ERR,ERR,ERR,ERR,ERR,ERR,ERR,ERR,ERR,ERR,ERR,ERR,ERR,ERR,ERR,ERR,ERR,ERR,ERR,ERR,ERR,ERR,ERR,ERR,ERR,ERR,ERR,ERR,ERR,ERR,ERR,ERR,ERR,ERR,ERR,ERR,ERR,ERR,ERR,ERR,ERR,ERR,ERR,ERR,ERR,ERR,ERR,ERR,ERR,ERR,ERR,ERR,ERR,ERR,ERR,ERR,ERR,ERR,ERR,ERR,ERR,ERR,ERR,ERR,ERR,ERR,ERR,ERR,ERR,ERR,ERR,ERR,ERR,ERR,ERR,ERR,ERR,ERR,ERR,ERR,ERR,ERR,ERR,ERR,ERR,ERR,ERR,ERR,ERR,ERR,ERR,ERR,ERR,ERR,ERR,ERR,ERR,ERR,ERR,ERR,ERR,ERR,ERR,ERR,ERR,ERR,ERR,ERR,ERR,ERR,ERR,ERR,ERR,ERR,ERR,ERR,ERR,ERR,ERR,ERR,ERR,ERR,0.0,0.0,-101055584.0,0.0,0.0,0.0,0.0,nan,0,0,0,32768,0,0.0,0,0.0,0.0,0.0,0.0,0.0,0,0,0,0,0.0,0,0,0,0,0,0,0,0,0,0,0,0,0,0,0,0,0,0,0,0,0,0,0,0,0,0,0,0,0,0,0,0,0,0,0,0,0,0,0,0,0,0,0,0,0.0,0.0,0.0,0.0,0.0,0.0,0.0,0.0,0.0,0.0,0.0,0.0,0.0,0.0,0.0,0.0,0.0,0.0,0.0,0.0,0.0,0.0,-2.004,0.0,-2.004,2.004,0.0,0.0,0.0,0.0,3395.5,3.697154467689818e+19,0.0,0.0,0.0,-0.0,0.0,0.0,0.0,0.0,0.0,0,-0.0,-107614264.0,0.0,0.0,0.0,0.0,0.0,0.0,0.0,0,0,0,0.0,0.0,0.0,0.0,0.0,0.0,0.0,0.0,0.0,0.0,0.0,0.0,0.0,0.0,0.0,0.0,0,-107875648.0,0,0.0,0,-107875648.0,-107877712.0,0,26215,17039,52429,17053,52429,17037,0,0,0,110,100,100,2.7302334150594743e+23,64.0,0.0,64.5,0.0,69.0,1,49,50,180,0,52429,0,0,0.0,0.0,0.0,0.0,-409589623291904.0,65.0,0.0,0.0,0.0,645,0,689,0,0,0,717,0,789,0,709,0,689,0,645,0,642,0,615,0.032,55574528.0,-2.004,0.0,35728,16788,-342548.062,0.0,0.0,-0.0,0.0,109184032.0,29.0,60.0,70,0.0,0.0,0.0,0.0,0.0,0.0,0.0,0.0,0.0,0.0,0.0,0.0,0.0,0.0,0.0,0.0,59.2,69,11,65508,41,65476,0,300,0,0,8,20529,65476,0,0,61604,60.0,0.0,0.0,0.0,0.0,0.0
2026-04-04T11:21:53,ERR,ERR,ERR,ERR,ERR,ERR,ERR,ERR,ERR,ERR,ERR,ERR,ERR,ERR,ERR,ERR,ERR,ERR,ERR,ERR,ERR,ERR,ERR,ERR,ERR,ERR,ERR,ERR,ERR,ERR,ERR,ERR,ERR,ERR,ERR,ERR,ERR,ERR,ERR,ERR,ERR,ERR,ERR,ERR,ERR,ERR,ERR,ERR,ERR,ERR,ERR,ERR,ERR,ERR,ERR,ERR,ERR,ERR,ERR,ERR,ERR,ERR,ERR,ERR,ERR,ERR,ERR,ERR,ERR,ERR,ERR,ERR,ERR,ERR,ERR,ERR,ERR,ERR,ERR,ERR,ERR,ERR,ERR,ERR,ERR,ERR,ERR,ERR,ERR,ERR,ERR,ERR,ERR,ERR,ERR,ERR,ERR,ERR,ERR,ERR,ERR,ERR,ERR,ERR,ERR,ERR,ERR,ERR,ERR,ERR,ERR,ERR,ERR,ERR,ERR,ERR,ERR,ERR,ERR,ERR,ERR,ERR,ERR,ERR,ERR,0.0,0.0,-101055584.0,0.0,0.0,0.0,0.0,nan,0,0,0,32768,0,0.0,0,0.0,0.0,0.0,0.0,0.0,0,0,0,0,0.0,0,0,0,0,0,0,0,0,0,0,0,0,0,0,0,0,0,0,0,0,0,0,0,0,0,0,0,0,0,0,0,0,0,0,0,0,0,0,0,0,0,0,0,0,0.0,0.0,0.0,0.0,0.0,0.0,0.0,0.0,0.0,0.0,0.0,0.0,0.0,0.0,0.0,0.0,0.0,0.0,0.0,0.0,0.0,0.0,-2.004,0.0,-2.004,2.004,0.0,0.0,0.0,0.0,3395.5,3.697154467689818e+19,0.0,0.0,0.0,-0.0,0.0,0.0,0.0,0.0,0.0,0,-0.0,-107614264.0,0.0,0.0,0.0,0.0,0.0,0.0,0.0,0,0,0,0.0,0.0,0.0,0.0,0.0,0.0,0.0,0.0,0.0,0.0,0.0,0.0,0.0,0.0,0.0,0.0,0,-107875648.0,0,0.0,0,-107875648.0,-107877712.0,0,26215,17039,52429,17053,52429,17037,0,0,0,110,100,100,2.7302334150594743e+23,64.0,0.0,64.5,-107615304.0,68.5,1,49,50,180,0,52429,0,0,0.0,0.0,0.0,0.0,-5.0327282512776974e+20,65.0,0.0,7.854723712050371e+19,0.0,645,0,689,0,0,0,717,0,789,0,709,0,689,0,645,0,642,0,615,0.032,36438016.0,-2.004,0.0,36240,16788,-1.7025056390252518e+24,-0.0,-0.0,5.973535403130277e+19,5.568854825441446e+25,-1016078592.0,29.0,60.0,70,0.0,0.0,0.0,0.0,0.0,0.0,0.0,0.0,0.0,0.0,0.0,0.0,0.0,0.0,0.0,0.0,59.2,69,11,65508,41,65476,0,300,0,0,8,20529,65476,0,0,61604,60.0,0.0,0.0,0.0,0.0,0.0
2026-04-04T11:21:54,ERR,ERR,ERR,ERR,ERR,ERR,ERR,ERR,ERR,ERR,ERR,ERR,ERR,ERR,ERR,ERR,ERR,ERR,ERR,ERR,ERR,ERR,ERR,ERR,ERR,ERR,ERR,ERR,ERR,ERR,ERR,ERR,ERR,ERR,ERR,ERR,ERR,ERR,ERR,ERR,ERR,ERR,ERR,ERR,ERR,ERR,ERR,ERR,ERR,ERR,ERR,ERR,ERR,ERR,ERR,ERR,ERR,ERR,ERR,ERR,ERR,ERR,ERR,ERR,ERR,ERR,ERR,ERR,ERR,ERR,ERR,ERR,ERR,ERR,ERR,ERR,ERR,ERR,ERR,ERR,ERR,ERR,ERR,ERR,ERR,ERR,ERR,ERR,ERR,ERR,ERR,ERR,ERR,ERR,ERR,ERR,ERR,ERR,ERR,ERR,ERR,ERR,ERR,ERR,ERR,ERR,ERR,ERR,ERR,ERR,ERR,ERR,ERR,ERR,ERR,ERR,ERR,ERR,ERR,ERR,ERR,ERR,ERR,ERR,ERR,0.0,0.0,-101055584.0,0.0,0.0,0.0,0.0,nan,0,0,0,32768,0,0.0,0,0.0,0.0,0.0,0.0,0.0,0,0,0,0,0.0,0,0,0,0,0,0,0,0,0,0,0,0,0,0,0,0,0,0,0,0,0,0,0,0,0,0,0,0,0,0,0,0,0,0,0,0,0,0,0,0,0,0,0,0,0.0,0.0,0.0,0.0,0.0,0.0,0.0,0.0,0.0,0.0,0.0,0.0,0.0,0.0,0.0,0.0,0.0,0.0,0.0,0.0,0.0,0.0,-2.004,0.0,-2.004,2.004,0.0,0.0,0.0,0.0,3395.5,3.697154467689818e+19,0.0,0.0,0.0,-0.0,0.0,0.0,0.0,0.0,0.0,0,-0.0,-107614264.0,0.0,0.0,0.0,0.0,0.0,0.0,0.0,0,0,0,0.0,0.0,0.0,0.0,0.0,0.0,0.0,0.0,0.0,0.0,0.0,0.0,0.0,0.0,0.0,0.0,0,-107875648.0,0,0.0,0,-107875648.0,-107877712.0,0,26215,17039,52429,17053,52429,17037,0,0,0,110,100,100,2.7302334150594743e+23,64.0,0.0,64.5,-107615304.0,68.5,1,49,50,180,0,52429,0,0,0.0,0.0,0.0,0.0,-5.0327282512776974e+20,65.0,0.0,7.854723712050371e+19,0.0,645,0,689,0,0,0,717,0,789,0,709,0,689,0,645,0,642,0,615,0.032,36438016.0,-2.004,0.0,36240,16788,-1.7025056390252518e+24,-0.0,-0.0,5.973535403130277e+19,5.568854825441446e+25,-1016078592.0,29.0,60.0,70,0.0,0.0,0.0,0.0,0.0,0.0,0.0,0.0,0.0,0.0,0.0,0.0,0.0,0.0,0.0,0.0,59.2,69,11,65508,41,65476,0,300,0,0,8,20529,65476,0,0,61604,60.0,0.0,0.0,0.0,0.0,0.0
2026-04-04T11:21:55,ERR,ERR,ERR,ERR,ERR,ERR,ERR,ERR,ERR,ERR,ERR,ERR,ERR,ERR,ERR,ERR,ERR,ERR,ERR,ERR,ERR,ERR,ERR,ERR,ERR,ERR,ERR,ERR,ERR,ERR,ERR,ERR,ERR,ERR,ERR,ERR,ERR,ERR,ERR,ERR,ERR,ERR,ERR,ERR,ERR,ERR,ERR,ERR,ERR,ERR,ERR,ERR,ERR,ERR,ERR,ERR,ERR,ERR,ERR,ERR,ERR,ERR,ERR,ERR,ERR,ERR,ERR,ERR,ERR,ERR,ERR,ERR,ERR,ERR,ERR,ERR,ERR,ERR,ERR,ERR,ERR,ERR,ERR,ERR,ERR,ERR,ERR,ERR,ERR,ERR,ERR,ERR,ERR,ERR,ERR,ERR,ERR,ERR,ERR,ERR,ERR,ERR,ERR,ERR,ERR,ERR,ERR,ERR,ERR,ERR,ERR,ERR,ERR,ERR,ERR,ERR,ERR,ERR,ERR,ERR,ERR,ERR,ERR,ERR,ERR,0.0,0.0,-101055584.0,0.0,0.0,0.0,0.0,nan,0,0,0,32768,0,0.0,0,0.0,0.0,0.0,0.0,0.0,0,0,0,0,0.0,0,0,0,0,0,0,0,0,0,0,0,0,0,0,0,0,0,0,0,0,0,0,0,0,0,0,0,0,0,0,0,0,0,0,0,0,0,0,0,0,0,0,0,0,0.0,0.0,0.0,0.0,0.0,0.0,0.0,0.0,0.0,0.0,0.0,0.0,0.0,0.0,0.0,0.0,0.0,0.0,0.0,0.0,0.0,0.0,-2.004,0.0,-2.004,2.004,0.0,0.0,0.0,0.0,3395.5,3.697154467689818e+19,0.0,0.0,0.0,-0.0,0.0,0.0,0.0,0.0,0.0,0,-0.0,-107614264.0,0.0,0.0,0.0,0.0,0.0,0.0,0.0,0,0,0,0.0,0.0,0.0,0.0,0.0,0.0,0.0,0.0,0.0,0.0,0.0,0.0,0.0,0.0,0.0,0.0,0,-107875648.0,0,0.0,0,-107875648.0,-107877712.0,0,26215,17039,52429,17053,52429,17037,0,0,0,110,100,100,2.7302334150594743e+23,64.0,0.0,64.5,-107615304.0,68.5,1,49,50,180,0,52429,0,0,0.0,0.0,0.0,0.0,-5.0327282512776974e+20,65.0,0.0,7.854723712050371e+19,0.0,645,0,689,0,0,0,717,0,789,0,709,0,689,0,645,0,642,0,615,0.032,36438016.0,-2.004,0.0,36240,16788,-1.7025056390252518e+24,-0.0,-0.0,5.973535403130277e+19,5.568854825441446e+25,-1016078592.0,29.0,60.0,70,0.0,0.0,0.0,0.0,0.0,0.0,0.0,0.0,0.0,0.0,0.0,0.0,0.0,0.0,0.0,0.0,59.2,69,11,65508,41,65476,0,300,0,0,8,20529,65476,0,0,61604,60.0,0.0,0.0,0.0,0.0,0.0
2026-04-04T11:21:56,ERR,ERR,ERR,ERR,ERR,ERR,ERR,ERR,ERR,ERR,ERR,ERR,ERR,ERR,ERR,ERR,ERR,ERR,ERR,ERR,ERR,ERR,ERR,ERR,ERR,ERR,ERR,ERR,ERR,ERR,ERR,ERR,ERR,ERR,ERR,ERR,ERR,ERR,ERR,ERR,ERR,ERR,ERR,ERR,ERR,ERR,ERR,ERR,ERR,ERR,ERR,ERR,ERR,ERR,ERR,ERR,ERR,ERR,ERR,ERR,ERR,ERR,ERR,ERR,ERR,ERR,ERR,ERR,ERR,ERR,ERR,ERR,ERR,ERR,ERR,ERR,ERR,ERR,ERR,ERR,ERR,ERR,ERR,ERR,ERR,ERR,ERR,ERR,ERR,ERR,ERR,ERR,ERR,ERR,ERR,ERR,ERR,ERR,ERR,ERR,ERR,ERR,ERR,ERR,ERR,ERR,ERR,ERR,ERR,ERR,ERR,ERR,ERR,ERR,ERR,ERR,ERR,ERR,ERR,ERR,ERR,ERR,ERR,ERR,ERR,0.0,0.0,-101055584.0,0.0,0.0,0.0,0.0,nan,0,0,0,32768,0,0.0,0,0.0,0.0,0.0,0.0,0.0,0,0,0,0,0.0,0,0,0,0,0,0,0,0,0,0,0,0,0,0,0,0,0,0,0,0,0,0,0,0,0,0,0,0,0,0,0,0,0,0,0,0,0,0,0,0,0,0,0,0,0.0,0.0,0.0,0.0,0.0,0.0,0.0,0.0,0.0,0.0,0.0,0.0,0.0,0.0,0.0,0.0,0.0,0.0,0.0,0.0,0.0,0.0,-2.004,0.0,-2.004,2.004,0.0,0.0,0.0,0.0,3395.5,3.697154467689818e+19,0.0,0.0,0.0,-0.0,0.0,0.0,0.0,0.0,0.0,0,-0.0,-107614264.0,0.0,0.0,0.0,0.0,0.0,0.0,0.0,0,0,0,0.0,0.0,0.0,0.0,0.0,0.0,0.0,0.0,0.0,0.0,0.0,0.0,0.0,0.0,0.0,0.0,0,-107875648.0,0,0.0,0,-107875648.0,-107877712.0,0,26215,17039,52429,17053,52429,17037,0,0,0,110,100,100,2.7302334150594743e+23,64.0,0.0,64.5,-107615304.0,68.5,1,49,50,180,0,52429,0,0,0.0,0.0,0.0,0.0,-5.0327282512776974e+20,65.0,0.0,7.854723712050371e+19,0.0,645,0,689,0,0,0,717,0,789,0,709,0,689,0,645,0,642,0,615,0.032,36438016.0,-2.004,0.0,36240,16788,-1.7025056390252518e+24,-0.0,-0.0,5.973535403130277e+19,5.568854825441446e+25,-1016078592.0,29.0,60.0,70,0.0,0.0,0.0,0.0,0.0,0.0,0.0,0.0,0.0,0.0,0.0,0.0,0.0,0.0,0.0,0.0,59.2,69,11,65508,41,65476,0,300,0,0,8,20529,65476,0,0,61604,60.0,0.0,0.0,0.0,0.0,0.0
2026-04-04T11:21:57,ERR,ERR,ERR,ERR,ERR,ERR,ERR,ERR,ERR,ERR,ERR,ERR,ERR,ERR,ERR,ERR,ERR,ERR,ERR,ERR,ERR,ERR,ERR,ERR,ERR,ERR,ERR,ERR,ERR,ERR,ERR,ERR,ERR,ERR,ERR,ERR,ERR,ERR,ERR,ERR,ERR,ERR,ERR,ERR,ERR,ERR,ERR,ERR,ERR,ERR,ERR,ERR,ERR,ERR,ERR,ERR,ERR,ERR,ERR,ERR,ERR,ERR,ERR,ERR,ERR,ERR,ERR,ERR,ERR,ERR,ERR,ERR,ERR,ERR,ERR,ERR,ERR,ERR,ERR,ERR,ERR,ERR,ERR,ERR,ERR,ERR,ERR,ERR,ERR,ERR,ERR,ERR,ERR,ERR,ERR,ERR,ERR,ERR,ERR,ERR,ERR,ERR,ERR,ERR,ERR,ERR,ERR,ERR,ERR,ERR,ERR,ERR,ERR,ERR,ERR,ERR,ERR,ERR,ERR,ERR,ERR,ERR,ERR,ERR,ERR,0.0,0.0,-101055584.0,0.0,0.0,0.0,0.0,nan,0,0,0,32768,0,0.0,0,0.0,0.0,0.0,0.0,0.0,0,0,0,0,0.0,0,0,0,0,0,0,0,0,0,0,0,0,0,0,0,0,0,0,0,0,0,0,0,0,0,0,0,0,0,0,0,0,0,0,0,0,0,0,0,0,0,0,0,0,0.0,0.0,0.0,0.0,0.0,0.0,0.0,0.0,0.0,0.0,0.0,0.0,0.0,0.0,0.0,0.0,0.0,0.0,0.0,0.0,0.0,0.0,-2.004,0.0,-2.004,2.004,0.0,0.0,0.0,0.0,3395.5,3.697154467689818e+19,0.0,0.0,0.0,-0.0,0.0,0.0,0.0,0.0,0.0,0,-0.0,-107614264.0,0.0,0.0,0.0,0.0,0.0,0.0,0.0,0,0,0,0.0,0.0,0.0,0.0,0.0,0.0,0.0,0.0,0.0,0.0,0.0,0.0,0.0,0.0,0.0,0.0,0,-107875648.0,0,0.0,0,-107875648.0,-107877712.0,0,26215,17039,52429,17053,52429,17037,0,0,0,110,100,100,2.7302334150594743e+23,64.0,0.0,64.5,-107615304.0,68.5,1,49,50,180,0,52429,0,0,0.0,0.0,0.0,0.0,-5.0327282512776974e+20,65.0,0.0,7.854723712050371e+19,0.0,645,0,689,0,0,0,717,0,789,0,709,0,689,0,645,0,642,0,615,0.032,36438016.0,-2.004,0.0,36240,16788,-1.7025056390252518e+24,-0.0,-0.0,5.973535403130277e+19,5.568854825441446e+25,-1016078592.0,29.0,60.0,70,0.0,0.0,0.0,0.0,0.0,0.0,0.0,0.0,0.0,0.0,0.0,0.0,0.0,0.0,0.0,0.0,59.2,69,11,65508,41,65476,0,300,0,0,8,20529,65476,0,0,61604,60.0,0.0,0.0,0.0,0.0,0.0
2026-04-04T11:21:58,ERR,ERR,ERR,ERR,ERR,ERR,ERR,ERR,ERR,ERR,ERR,ERR,ERR,ERR,ERR,ERR,ERR,ERR,ERR,ERR,ERR,ERR,ERR,ERR,ERR,ERR,ERR,ERR,ERR,ERR,ERR,ERR,ERR,ERR,ERR,ERR,ERR,ERR,ERR,ERR,ERR,ERR,ERR,ERR,ERR,ERR,ERR,ERR,ERR,ERR,ERR,ERR,ERR,ERR,ERR,ERR,ERR,ERR,ERR,ERR,ERR,ERR,ERR,ERR,ERR,ERR,ERR,ERR,ERR,ERR,ERR,ERR,ERR,ERR,ERR,ERR,ERR,ERR,ERR,ERR,ERR,ERR,ERR,ERR,ERR,ERR,ERR,ERR,ERR,ERR,ERR,ERR,ERR,ERR,ERR,ERR,ERR,ERR,ERR,ERR,ERR,ERR,ERR,ERR,ERR,ERR,ERR,ERR,ERR,ERR,ERR,ERR,ERR,ERR,ERR,ERR,ERR,ERR,ERR,ERR,ERR,ERR,ERR,ERR,ERR,0.0,0.0,-101055584.0,0.0,0.0,0.0,0.0,nan,0,0,0,32768,0,0.0,0,0.0,0.0,0.0,0.0,0.0,0,0,0,0,0.0,0,0,0,0,0,0,0,0,0,0,0,0,0,0,0,0,0,0,0,0,0,0,0,0,0,0,0,0,0,0,0,0,0,0,0,0,0,0,0,0,0,0,0,0,0.0,0.0,0.0,0.0,0.0,0.0,0.0,0.0,0.0,0.0,0.0,0.0,0.0,0.0,0.0,0.0,0.0,0.0,0.0,0.0,0.0,0.0,-2.004,0.0,-2.004,2.004,0.0,0.0,0.0,0.0,3379.0,-3.697154027885167e+19,0.0,0.0,0.0,-0.0,0.0,0.0,0.0,0.0,0.0,0,-0.0,-0.0,0.0,0.0,0.0,0.0,0.0,0.0,0.0,0,0,0,0.0,0.0,0.0,0.0,0.0,0.0,0.0,0.0,0.0,0.0,0.0,0.0,0.0,0.0,0.0,0.0,0,-107875648.0,0,0.0,0,-107875648.0,-107877712.0,0,26215,17039,52429,17053,52429,17037,0,0,0,110,100,100,2.7302334150594743e+23,64.0,0.0,64.5,-107615304.0,68.5,1,49,50,180,0,52429,0,0,0.0,0.0,0.0,0.0,-5.0327282512776974e+20,65.0,0.0,7.854723712050371e+19,0.0,645,0,689,0,0,0,717,0,789,0,709,0,689,0,645,0,642,0,615,0.032,36438016.0,-2.004,0.0,36240,16788,-1.7025056390252518e+24,-0.0,-0.0,5.973535403130277e+19,5.568854825441446e+25,-1016078592.0,29.0,60.0,70,0.0,0.0,0.0,0.0,0.0,0.0,0.0,0.0,0.0,0.0,0.0,0.0,0.0,0.0,0.0,0.0,59.2,69,11,65508,41,65476,0,300,0,0,8,20529,65476,0,0,61604,60.0,0.0,0.0,0.0,0.0,0.0
2026-04-04T11:21:59,ERR,ERR,ERR,ERR,ERR,ERR,ERR,ERR,ERR,ERR,ERR,ERR,ERR,ERR,ERR,ERR,ERR,ERR,ERR,ERR,ERR,ERR,ERR,ERR,ERR,ERR,ERR,ERR,ERR,ERR,ERR,ERR,ERR,ERR,ERR,ERR,ERR,ERR,ERR,ERR,ERR,ERR,ERR,ERR,ERR,ERR,ERR,ERR,ERR,ERR,ERR,ERR,ERR,ERR,ERR,ERR,ERR,ERR,ERR,ERR,ERR,ERR,ERR,ERR,ERR,ERR,ERR,ERR,ERR,ERR,ERR,ERR,ERR,ERR,ERR,ERR,ERR,ERR,ERR,ERR,ERR,ERR,ERR,ERR,ERR,ERR,ERR,ERR,ERR,ERR,ERR,ERR,ERR,ERR,ERR,ERR,ERR,ERR,ERR,ERR,ERR,ERR,ERR,ERR,ERR,ERR,ERR,ERR,ERR,ERR,ERR,ERR,ERR,ERR,ERR,ERR,ERR,ERR,ERR,ERR,ERR,ERR,ERR,ERR,ERR,0.0,0.0,-101055584.0,0.0,0.0,0.0,0.0,nan,0,0,0,32768,0,0.0,0,0.0,0.0,0.0,0.0,0.0,0,0,0,0,0.0,0,0,0,0,0,0,0,0,0,0,0,0,0,0,0,0,0,0,0,0,0,0,0,0,0,0,0,0,0,0,0,0,0,0,0,0,0,0,0,0,0,0,0,0,0.0,0.0,0.0,0.0,0.0,0.0,0.0,0.0,0.0,0.0,0.0,0.0,0.0,0.0,0.0,0.0,0.0,0.0,0.0,0.0,0.0,0.0,-2.004,0.0,-2.004,2.004,0.0,0.0,0.0,0.0,3379.0,-3.697154027885167e+19,0.0,0.0,0.0,-0.0,0.0,0.0,0.0,0.0,0.0,0,-0.0,-0.0,0.0,0.0,0.0,0.0,0.0,0.0,0.0,0,0,0,0.0,0.0,0.0,0.0,0.0,0.0,0.0,0.0,0.0,0.0,0.0,0.0,0.0,0.0,0.0,0.0,0,-107875648.0,0,0.0,0,-107875648.0,-107877712.0,0,26215,17039,52429,17053,52429,17037,0,0,0,110,100,100,2.7302334150594743e+23,64.0,0.0,64.9,-107615304.0,68.5,1,49,50,180,0,52429,0,0,0.0,0.0,0.0,0.0,-2048999680.0,65.0,0.0,0.0,0.0,645,0,689,0,0,0,717,0,789,0,709,0,689,0,645,0,642,0,615,0.032,50331648.0,-2.004,0.0,33936,16788,-32746177036288.0,32544.99,1834.019,1.6413409721450496e+16,0.0,-0.0,29.0,60.0,70,0.0,0.0,0.0,0.0,0.0,0.0,0.0,0.0,0.0,0.0,0.0,0.0,0.0,0.0,0.0,0.0,59.2,69,11,65508,41,65476,0,300,0,0,8,20529,65476,0,0,61604,60.0,0.0,0.0,0.0,0.0,0.0
2026-04-04T11:22:00,ERR,ERR,ERR,ERR,ERR,ERR,ERR,ERR,ERR,ERR,ERR,ERR,ERR,ERR,ERR,ERR,ERR,ERR,ERR,ERR,ERR,ERR,ERR,ERR,ERR,ERR,ERR,ERR,ERR,ERR,ERR,ERR,ERR,ERR,ERR,ERR,ERR,ERR,ERR,ERR,ERR,ERR,ERR,ERR,ERR,ERR,ERR,ERR,ERR,ERR,ERR,ERR,ERR,ERR,ERR,ERR,ERR,ERR,ERR,ERR,ERR,ERR,ERR,ERR,ERR,ERR,ERR,ERR,ERR,ERR,ERR,ERR,ERR,ERR,ERR,ERR,ERR,ERR,ERR,ERR,ERR,ERR,ERR,ERR,ERR,ERR,ERR,ERR,ERR,ERR,ERR,ERR,ERR,ERR,ERR,ERR,ERR,ERR,ERR,ERR,ERR,ERR,ERR,ERR,ERR,ERR,ERR,ERR,ERR,ERR,ERR,ERR,ERR,ERR,ERR,ERR,ERR,ERR,ERR,ERR,ERR,ERR,ERR,ERR,ERR,0.0,0.0,-101055584.0,0.0,0.0,0.0,0.0,nan,0,0,0,32768,0,0.0,0,0.0,0.0,0.0,0.0,0.0,0,0,0,0,0.0,0,0,0,0,0,0,0,0,0,0,0,0,0,0,0,0,0,0,0,0,0,0,0,0,0,0,0,0,0,0,0,0,0,0,0,0,0,0,0,0,0,0,0,0,0.0,0.0,0.0,0.0,0.0,0.0,0.0,0.0,0.0,0.0,0.0,0.0,0.0,0.0,0.0,0.0,0.0,0.0,0.0,0.0,0.0,0.0,-2.004,0.0,-2.004,2.004,0.0,0.0,0.0,0.0,3379.0,-3.697154027885167e+19,0.0,0.0,0.0,-0.0,0.0,0.0,0.0,0.0,0.0,0,-0.0,-0.0,0.0,0.0,0.0,0.0,0.0,0.0,0.0,0,0,0,0.0,0.0,0.0,0.0,0.0,0.0,0.0,0.0,0.0,0.0,0.0,0.0,0.0,0.0,0.0,0.0,0,-107875648.0,0,0.0,0,-107875648.0,-107877712.0,0,26215,17039,52429,17053,52429,17037,0,0,0,110,100,100,2.7302334150594743e+23,64.0,0.0,64.9,-107615304.0,68.5,1,49,50,180,0,52429,0,0,0.0,0.0,0.0,0.0,-2048999680.0,65.0,0.0,0.0,0.0,645,0,689,0,0,0,717,0,789,0,709,0,689,0,645,0,642,0,615,0.032,50331648.0,-2.004,0.0,33936,16788,-32746177036288.0,32544.99,1834.019,1.6413409721450496e+16,0.0,-0.0,29.0,60.0,70,0.0,0.0,0.0,0.0,0.0,0.0,0.0,0.0,0.0,0.0,0.0,0.0,0.0,0.0,0.0,0.0,59.2,69,11,65508,41,65476,0,300,0,0,8,20529,65476,0,0,61604,60.0,0.0,0.0,0.0,0.0,0.0
2026-04-04T11:22:01,ERR,ERR,ERR,ERR,ERR,ERR,ERR,ERR,ERR,ERR,ERR,ERR,ERR,ERR,ERR,ERR,ERR,ERR,ERR,ERR,ERR,ERR,ERR,ERR,ERR,ERR,ERR,ERR,ERR,ERR,ERR,ERR,ERR,ERR,ERR,ERR,ERR,ERR,ERR,ERR,ERR,ERR,ERR,ERR,ERR,ERR,ERR,ERR,ERR,ERR,ERR,ERR,ERR,ERR,ERR,ERR,ERR,ERR,ERR,ERR,ERR,ERR,ERR,ERR,ERR,ERR,ERR,ERR,ERR,ERR,ERR,ERR,ERR,ERR,ERR,ERR,ERR,ERR,ERR,ERR,ERR,ERR,ERR,ERR,ERR,ERR,ERR,ERR,ERR,ERR,ERR,ERR,ERR,ERR,ERR,ERR,ERR,ERR,ERR,ERR,ERR,ERR,ERR,ERR,ERR,ERR,ERR,ERR,ERR,ERR,ERR,ERR,ERR,ERR,ERR,ERR,ERR,ERR,ERR,ERR,ERR,ERR,ERR,ERR,ERR,0.0,0.0,-101055584.0,0.0,0.0,0.0,0.0,nan,0,0,0,32768,0,0.0,0,0.0,0.0,0.0,0.0,0.0,0,0,0,0,0.0,0,0,0,0,0,0,0,0,0,0,0,0,0,0,0,0,0,0,0,0,0,0,0,0,0,0,0,0,0,0,0,0,0,0,0,0,0,0,0,0,0,0,0,0,0.0,0.0,0.0,0.0,0.0,0.0,0.0,0.0,0.0,0.0,0.0,0.0,0.0,0.0,0.0,0.0,0.0,0.0,0.0,0.0,0.0,0.0,-2.004,0.0,-2.004,2.004,0.0,0.0,0.0,0.0,3379.0,-3.697154027885167e+19,0.0,0.0,0.0,-0.0,0.0,0.0,0.0,0.0,0.0,0,-0.0,-0.0,0.0,0.0,0.0,0.0,0.0,0.0,0.0,0,0,0,0.0,0.0,0.0,0.0,0.0,0.0,0.0,0.0,0.0,0.0,0.0,0.0,0.0,0.0,0.0,0.0,0,-107875648.0,0,0.0,0,-107875648.0,-107877712.0,0,26215,17039,52429,17053,52429,17037,0,0,0,110,100,100,2.7302334150594743e+23,64.0,0.0,64.9,-107615304.0,68.5,1,49,50,180,0,52429,0,0,0.0,0.0,0.0,0.0,-2048999680.0,65.0,0.0,0.0,0.0,645,0,689,0,0,0,717,0,789,0,709,0,689,0,645,0,642,0,615,0.032,50331648.0,-2.004,0.0,33936,16788,-32746177036288.0,32544.99,1834.019,1.6413409721450496e+16,0.0,-0.0,29.0,60.0,70,0.0,0.0,0.0,0.0,0.0,0.0,0.0,0.0,0.0,0.0,0.0,0.0,0.0,0.0,0.0,0.0,59.2,69,11,65508,41,65476,0,300,0,0,8,20529,65476,0,0,61604,60.0,0.0,0.0,0.0,0.0,0.0
2026-04-04T11:22:02,ERR,ERR,ERR,ERR,ERR,ERR,ERR,ERR,ERR,ERR,ERR,ERR,ERR,ERR,ERR,ERR,ERR,ERR,ERR,ERR,ERR,ERR,ERR,ERR,ERR,ERR,ERR,ERR,ERR,ERR,ERR,ERR,ERR,ERR,ERR,ERR,ERR,ERR,ERR,ERR,ERR,ERR,ERR,ERR,ERR,ERR,ERR,ERR,ERR,ERR,ERR,ERR,ERR,ERR,ERR,ERR,ERR,ERR,ERR,ERR,ERR,ERR,ERR,ERR,ERR,ERR,ERR,ERR,ERR,ERR,ERR,ERR,ERR,ERR,ERR,ERR,ERR,ERR,ERR,ERR,ERR,ERR,ERR,ERR,ERR,ERR,ERR,ERR,ERR,ERR,ERR,ERR,ERR,ERR,ERR,ERR,ERR,ERR,ERR,ERR,ERR,ERR,ERR,ERR,ERR,ERR,ERR,ERR,ERR,ERR,ERR,ERR,ERR,ERR,ERR,ERR,ERR,ERR,ERR,ERR,ERR,ERR,ERR,ERR,ERR,0.0,0.0,-101055584.0,0.0,0.0,0.0,0.0,nan,0,0,0,32768,0,0.0,0,0.0,0.0,0.0,0.0,0.0,0,0,0,0,0.0,0,0,0,0,0,0,0,0,0,0,0,0,0,0,0,0,0,0,0,0,0,0,0,0,0,0,0,0,0,0,0,0,0,0,0,0,0,0,0,0,0,0,0,0,0.0,0.0,0.0,0.0,0.0,0.0,0.0,0.0,0.0,0.0,0.0,0.0,0.0,0.0,0.0,0.0,0.0,0.0,0.0,0.0,0.0,0.0,-2.004,0.0,-2.004,2.004,0.0,0.0,0.0,0.0,3379.0,-3.697154027885167e+19,0.0,0.0,0.0,-0.0,0.0,0.0,0.0,0.0,0.0,0,-0.0,-0.0,0.0,0.0,0.0,0.0,0.0,0.0,0.0,0,0,0,0.0,0.0,0.0,0.0,0.0,0.0,0.0,0.0,0.0,0.0,0.0,0.0,0.0,0.0,0.0,0.0,0,-107875648.0,0,0.0,0,-107875648.0,-107877712.0,0,26215,17039,52429,17053,52429,17037,0,0,0,110,100,100,2.7302334150594743e+23,64.0,0.0,64.9,-107615304.0,68.5,1,49,50,180,0,52429,0,0,0.0,0.0,0.0,0.0,-2048999680.0,65.0,0.0,0.0,0.0,645,0,689,0,0,0,717,0,789,0,709,0,689,0,645,0,642,0,615,0.032,50331648.0,-2.004,0.0,33936,16788,-32746177036288.0,32544.99,1834.019,1.6413409721450496e+16,0.0,-0.0,29.0,60.0,70,0.0,0.0,0.0,0.0,0.0,0.0,0.0,0.0,0.0,0.0,0.0,0.0,0.0,0.0,0.0,0.0,59.2,69,11,65508,41,65476,0,300,0,0,8,20529,65476,0,0,61604,60.0,0.0,0.0,0.0,0.0,0.0
2026-04-04T11:22:03,ERR,ERR,ERR,ERR,ERR,ERR,ERR,ERR,ERR,ERR,ERR,ERR,ERR,ERR,ERR,ERR,ERR,ERR,ERR,ERR,ERR,ERR,ERR,ERR,ERR,ERR,ERR,ERR,ERR,ERR,ERR,ERR,ERR,ERR,ERR,ERR,ERR,ERR,ERR,ERR,ERR,ERR,ERR,ERR,ERR,ERR,ERR,ERR,ERR,ERR,ERR,ERR,ERR,ERR,ERR,ERR,ERR,ERR,ERR,ERR,ERR,ERR,ERR,ERR,ERR,ERR,ERR,ERR,ERR,ERR,ERR,ERR,ERR,ERR,ERR,ERR,ERR,ERR,ERR,ERR,ERR,ERR,ERR,ERR,ERR,ERR,ERR,ERR,ERR,ERR,ERR,ERR,ERR,ERR,ERR,ERR,ERR,ERR,ERR,ERR,ERR,ERR,ERR,ERR,ERR,ERR,ERR,ERR,ERR,ERR,ERR,ERR,ERR,ERR,ERR,ERR,ERR,ERR,ERR,ERR,ERR,ERR,ERR,ERR,ERR,0.0,0.0,-101055584.0,0.0,0.0,0.0,0.0,nan,0,0,0,32768,0,0.0,0,0.0,0.0,0.0,0.0,0.0,0,0,0,0,0.0,0,0,0,0,0,0,0,0,0,0,0,0,0,0,0,0,0,0,0,0,0,0,0,0,0,0,0,0,0,0,0,0,0,0,0,0,0,0,0,0,0,0,0,0,0.0,0.0,0.0,0.0,0.0,0.0,0.0,0.0,0.0,0.0,0.0,0.0,0.0,0.0,0.0,0.0,0.0,0.0,0.0,0.0,0.0,0.0,-2.004,0.0,-2.004,2.004,0.0,0.0,0.0,0.0,3379.0,-3.697154027885167e+19,0.0,0.0,0.0,-0.0,0.0,0.0,0.0,0.0,0.0,0,-0.0,-0.0,0.0,0.0,0.0,0.0,0.0,0.0,0.0,0,0,0,0.0,0.0,0.0,0.0,0.0,0.0,0.0,0.0,0.0,0.0,0.0,0.0,0.0,0.0,0.0,0.0,0,-107875648.0,0,0.0,0,-107875648.0,-107877712.0,0,26215,17039,52429,17053,52429,17037,0,0,0,110,100,100,2.7302334150594743e+23,64.0,0.0,64.5,0.0,69.0,1,49,50,180,0,52429,0,0,0.0,0.0,0.0,0.0,-3.785561015021277e+22,65.0,0.0,-0.0,0.0,645,0,689,0,0,0,717,0,789,0,709,0,689,0,645,0,642,0,615,0.032,53739520.0,-2.004,0.0,48272,16788,-3.6911496781321062e+25,-4156290049769472.0,-52296188690432.0,-94144953319424.0,-0.0,-2.8786428443475545e+37,29.0,60.0,70,0.0,0.0,0.0,0.0,0.0,0.0,0.0,0.0,0.0,0.0,0.0,0.0,0.0,0.0,0.0,0.0,59.2,69,11,65508,41,65476,0,300,0,0,8,20529,65476,0,0,61604,60.0,0.0,0.0,0.0,0.0,0.0
2026-04-04T11:22:04,ERR,ERR,ERR,ERR,ERR,ERR,ERR,ERR,ERR,ERR,ERR,ERR,ERR,ERR,ERR,ERR,ERR,ERR,ERR,ERR,ERR,ERR,ERR,ERR,ERR,ERR,ERR,ERR,ERR,ERR,ERR,ERR,ERR,ERR,ERR,ERR,ERR,ERR,ERR,ERR,ERR,ERR,ERR,ERR,ERR,ERR,ERR,ERR,ERR,ERR,ERR,ERR,ERR,ERR,ERR,ERR,ERR,ERR,ERR,ERR,ERR,ERR,ERR,ERR,ERR,ERR,ERR,ERR,ERR,ERR,ERR,ERR,ERR,ERR,ERR,ERR,ERR,ERR,ERR,ERR,ERR,ERR,ERR,ERR,ERR,ERR,ERR,ERR,ERR,ERR,ERR,ERR,ERR,ERR,ERR,ERR,ERR,ERR,ERR,ERR,ERR,ERR,ERR,ERR,ERR,ERR,ERR,ERR,ERR,ERR,ERR,ERR,ERR,ERR,ERR,ERR,ERR,ERR,ERR,ERR,ERR,ERR,ERR,ERR,ERR,0.0,0.0,-101055584.0,0.0,0.0,0.0,0.0,nan,0,0,0,32768,0,0.0,0,0.0,0.0,0.0,0.0,0.0,0,0,0,0,0.0,0,0,0,0,0,0,0,0,0,0,0,0,0,0,0,0,0,0,0,0,0,0,0,0,0,0,0,0,0,0,0,0,0,0,0,0,0,0,0,0,0,0,0,0,0.0,0.0,0.0,0.0,0.0,0.0,0.0,0.0,0.0,0.0,0.0,0.0,0.0,0.0,0.0,0.0,0.0,0.0,0.0,0.0,0.0,0.0,-2.004,0.0,-2.004,2.004,0.0,0.0,0.0,0.0,3379.0,-3.697154027885167e+19,0.0,0.0,0.0,-0.0,0.0,0.0,0.0,0.0,0.0,0,-0.0,-0.0,0.0,0.0,0.0,0.0,0.0,0.0,0.0,0,0,0,0.0,0.0,0.0,0.0,0.0,0.0,0.0,0.0,0.0,0.0,0.0,0.0,0.0,0.0,0.0,0.0,0,-107875648.0,0,0.0,0,-107875648.0,-107877712.0,0,26215,17039,52429,17053,52429,17037,0,0,0,110,100,100,2.7302334150594743e+23,64.0,0.0,64.5,0.0,69.0,1,49,50,180,0,52429,0,0,0.0,0.0,0.0,0.0,-3.785561015021277e+22,65.0,0.0,-0.0,0.0,645,0,689,0,0,0,717,0,789,0,709,0,689,0,645,0,642,0,615,0.032,53739520.0,-2.004,0.0,48272,16788,-3.6911496781321062e+25,-4156290049769472.0,-52296188690432.0,-94144953319424.0,-0.0,-2.8786428443475545e+37,29.0,60.0,70,0.0,0.0,0.0,0.0,0.0,0.0,0.0,0.0,0.0,0.0,0.0,0.0,0.0,0.0,0.0,0.0,59.2,69,11,65508,41,65476,0,300,0,0,8,20529,65476,0,0,61604,60.0,0.0,0.0,0.0,0.0,0.0
2026-04-04T11:22:05,ERR,ERR,ERR,ERR,ERR,ERR,ERR,ERR,ERR,ERR,ERR,ERR,ERR,ERR,ERR,ERR,ERR,ERR,ERR,ERR,ERR,ERR,ERR,ERR,ERR,ERR,ERR,ERR,ERR,ERR,ERR,ERR,ERR,ERR,ERR,ERR,ERR,ERR,ERR,ERR,ERR,ERR,ERR,ERR,ERR,ERR,ERR,ERR,ERR,ERR,ERR,ERR,ERR,ERR,ERR,ERR,ERR,ERR,ERR,ERR,ERR,ERR,ERR,ERR,ERR,ERR,ERR,ERR,ERR,ERR,ERR,ERR,ERR,ERR,ERR,ERR,ERR,ERR,ERR,ERR,ERR,ERR,ERR,ERR,ERR,ERR,ERR,ERR,ERR,ERR,ERR,ERR,ERR,ERR,ERR,ERR,ERR,ERR,ERR,ERR,ERR,ERR,ERR,ERR,ERR,ERR,ERR,ERR,ERR,ERR,ERR,ERR,ERR,ERR,ERR,ERR,ERR,ERR,ERR,ERR,ERR,ERR,ERR,ERR,ERR,0.0,0.0,-101055584.0,0.0,0.0,0.0,0.0,nan,0,0,0,32768,0,0.0,0,0.0,0.0,0.0,0.0,0.0,0,0,0,0,0.0,0,0,0,0,0,0,0,0,0,0,0,0,0,0,0,0,0,0,0,0,0,0,0,0,0,0,0,0,0,0,0,0,0,0,0,0,0,0,0,0,0,0,0,0,0.0,0.0,0.0,0.0,0.0,0.0,0.0,0.0,0.0,0.0,0.0,0.0,0.0,0.0,0.0,0.0,0.0,0.0,0.0,0.0,0.0,0.0,-2.004,0.0,-2.004,2.004,0.0,0.0,0.0,0.0,3376.0,-3.697154027885167e+19,0.0,0.0,0.0,-0.0,0.0,0.0,0.0,0.0,0.0,0,-0.0,-0.0,0.0,0.0,0.0,0.0,0.0,0.0,0.0,0,0,0,0.0,0.0,0.0,0.0,0.0,0.0,0.0,0.0,0.0,0.0,0.0,0.0,0.0,0.0,0.0,0.0,0,-107875648.0,0,0.0,0,-107875648.0,-107877712.0,0,26215,17039,52429,17053,52429,17037,0,0,0,110,100,100,2.7302334150594743e+23,64.0,0.0,64.5,0.0,69.0,1,49,50,180,0,52429,0,0,0.0,0.0,0.0,0.0,-3.785561015021277e+22,65.0,0.0,-0.0,0.0,645,0,689,0,0,0,717,0,789,0,709,0,689,0,645,0,642,0,615,0.032,53739520.0,-2.004,0.0,48272,16788,-3.6911496781321062e+25,-4156290049769472.0,-52296188690432.0,-94144953319424.0,-0.0,-2.8786428443475545e+37,29.0,60.0,70,0.0,0.0,0.0,0.0,0.0,0.0,0.0,0.0,0.0,0.0,0.0,0.0,0.0,0.0,0.0,0.0,59.2,69,11,65508,41,65476,0,300,0,0,8,20529,65476,0,0,61604,60.0,0.0,0.0,0.0,0.0,0.0
2026-04-04T11:22:06,ERR,ERR,ERR,ERR,ERR,ERR,ERR,ERR,ERR,ERR,ERR,ERR,ERR,ERR,ERR,ERR,ERR,ERR,ERR,ERR,ERR,ERR,ERR,ERR,ERR,ERR,ERR,ERR,ERR,ERR,ERR,ERR,ERR,ERR,ERR,ERR,ERR,ERR,ERR,ERR,ERR,ERR,ERR,ERR,ERR,ERR,ERR,ERR,ERR,ERR,ERR,ERR,ERR,ERR,ERR,ERR,ERR,ERR,ERR,ERR,ERR,ERR,ERR,ERR,ERR,ERR,ERR,ERR,ERR,ERR,ERR,ERR,ERR,ERR,ERR,ERR,ERR,ERR,ERR,ERR,ERR,ERR,ERR,ERR,ERR,ERR,ERR,ERR,ERR,ERR,ERR,ERR,ERR,ERR,ERR,ERR,ERR,ERR,ERR,ERR,ERR,ERR,ERR,ERR,ERR,ERR,ERR,ERR,ERR,ERR,ERR,ERR,ERR,ERR,ERR,ERR,ERR,ERR,ERR,ERR,ERR,ERR,ERR,ERR,ERR,0.0,0.0,-101055584.0,0.0,0.0,0.0,0.0,nan,0,0,0,32768,0,0.0,0,0.0,0.0,0.0,0.0,0.0,0,0,0,0,0.0,0,0,0,0,0,0,0,0,0,0,0,0,0,0,0,0,0,0,0,0,0,0,0,0,0,0,0,0,0,0,0,0,0,0,0,0,0,0,0,0,0,0,0,0,0.0,0.0,0.0,0.0,0.0,0.0,0.0,0.0,0.0,0.0,0.0,0.0,0.0,0.0,0.0,0.0,0.0,0.0,0.0,0.0,0.0,0.0,-2.004,0.0,-2.004,2.004,0.0,0.0,0.0,0.0,3376.0,-3.697154027885167e+19,0.0,0.0,0.0,-0.0,0.0,0.0,0.0,0.0,0.0,0,-0.0,-0.0,0.0,0.0,0.0,0.0,0.0,0.0,0.0,0,0,0,0.0,0.0,0.0,0.0,0.0,0.0,0.0,0.0,0.0,0.0,0.0,0.0,0.0,0.0,0.0,0.0,0,-107875648.0,0,0.0,0,-107875648.0,-107877712.0,0,26215,17039,52429,17053,52429,17037,0,0,0,110,100,100,2.7302334150594743e+23,64.0,0.0,64.5,0.0,69.0,1,49,50,180,0,52429,0,0,0.0,0.0,0.0,0.0,-3.785561015021277e+22,65.0,0.0,-0.0,0.0,645,0,689,0,0,0,717,0,789,0,709,0,689,0,645,0,642,0,615,0.032,53739520.0,-2.004,0.0,48272,16788,-3.6911496781321062e+25,-4156290049769472.0,-52296188690432.0,-94144953319424.0,-0.0,-2.8786428443475545e+37,29.0,60.0,70,0.0,0.0,0.0,0.0,0.0,0.0,0.0,0.0,0.0,0.0,0.0,0.0,0.0,0.0,0.0,0.0,59.2,69,11,65508,41,65476,0,300,0,0,8,20529,65476,0,0,61604,60.0,0.0,0.0,0.0,0.0,0.0
2026-04-04T11:22:07,ERR,ERR,ERR,ERR,ERR,ERR,ERR,ERR,ERR,ERR,ERR,ERR,ERR,ERR,ERR,ERR,ERR,ERR,ERR,ERR,ERR,ERR,ERR,ERR,ERR,ERR,ERR,ERR,ERR,ERR,ERR,ERR,ERR,ERR,ERR,ERR,ERR,ERR,ERR,ERR,ERR,ERR,ERR,ERR,ERR,ERR,ERR,ERR,ERR,ERR,ERR,ERR,ERR,ERR,ERR,ERR,ERR,ERR,ERR,ERR,ERR,ERR,ERR,ERR,ERR,ERR,ERR,ERR,ERR,ERR,ERR,ERR,ERR,ERR,ERR,ERR,ERR,ERR,ERR,ERR,ERR,ERR,ERR,ERR,ERR,ERR,ERR,ERR,ERR,ERR,ERR,ERR,ERR,ERR,ERR,ERR,ERR,ERR,ERR,ERR,ERR,ERR,ERR,ERR,ERR,ERR,ERR,ERR,ERR,ERR,ERR,ERR,ERR,ERR,ERR,ERR,ERR,ERR,ERR,ERR,ERR,ERR,ERR,ERR,ERR,0.0,0.0,-101055584.0,0.0,0.0,0.0,0.0,nan,0,0,0,32768,0,0.0,0,0.0,0.0,0.0,0.0,0.0,0,0,0,0,0.0,0,0,0,0,0,0,0,0,0,0,0,0,0,0,0,0,0,0,0,0,0,0,0,0,0,0,0,0,0,0,0,0,0,0,0,0,0,0,0,0,0,0,0,0,0.0,0.0,0.0,0.0,0.0,0.0,0.0,0.0,0.0,0.0,0.0,0.0,0.0,0.0,0.0,0.0,0.0,0.0,0.0,0.0,0.0,0.0,-2.004,0.0,-2.004,2.004,0.0,0.0,0.0,0.0,3376.0,-3.697154027885167e+19,0.0,0.0,0.0,-0.0,0.0,0.0,0.0,0.0,0.0,0,-0.0,-0.0,0.0,0.0,0.0,0.0,0.0,0.0,0.0,0,0,0,0.0,0.0,0.0,0.0,0.0,0.0,0.0,0.0,0.0,0.0,0.0,0.0,0.0,0.0,0.0,0.0,0,-107875648.0,0,0.0,0,-107875648.0,-107877712.0,0,26215,17039,52429,17053,52429,17037,0,0,0,110,100,100,2.7302334150594743e+23,64.0,0.0,64.5,0.0,69.0,1,49,50,180,0,52429,0,0,0.0,0.0,0.0,0.0,-3.785561015021277e+22,65.0,0.0,-0.0,0.0,645,0,689,0,0,0,717,0,789,0,709,0,689,0,645,0,642,0,615,0.032,53739520.0,-2.004,0.0,48272,16788,-3.6911496781321062e+25,-4156290049769472.0,-52296188690432.0,-94144953319424.0,-0.0,-2.8786428443475545e+37,29.0,60.0,70,0.0,0.0,0.0,0.0,0.0,0.0,0.0,0.0,0.0,0.0,0.0,0.0,0.0,0.0,0.0,0.0,59.2,69,11,65508,41,65476,0,300,0,0,8,20529,65476,0,0,61604,60.0,0.0,0.0,0.0,0.0,0.0
2026-04-04T11:22:08,ERR,ERR,ERR,ERR,ERR,ERR,ERR,ERR,ERR,ERR,ERR,ERR,ERR,ERR,ERR,ERR,ERR,ERR,ERR,ERR,ERR,ERR,ERR,ERR,ERR,ERR,ERR,ERR,ERR,ERR,ERR,ERR,ERR,ERR,ERR,ERR,ERR,ERR,ERR,ERR,ERR,ERR,ERR,ERR,ERR,ERR,ERR,ERR,ERR,ERR,ERR,ERR,ERR,ERR,ERR,ERR,ERR,ERR,ERR,ERR,ERR,ERR,ERR,ERR,ERR,ERR,ERR,ERR,ERR,ERR,ERR,ERR,ERR,ERR,ERR,ERR,ERR,ERR,ERR,ERR,ERR,ERR,ERR,ERR,ERR,ERR,ERR,ERR,ERR,ERR,ERR,ERR,ERR,ERR,ERR,ERR,ERR,ERR,ERR,ERR,ERR,ERR,ERR,ERR,ERR,ERR,ERR,ERR,ERR,ERR,ERR,ERR,ERR,ERR,ERR,ERR,ERR,ERR,ERR,ERR,ERR,ERR,ERR,ERR,ERR,0.0,0.0,-101055584.0,0.0,0.0,0.0,0.0,nan,0,0,0,32768,0,0.0,0,0.0,0.0,0.0,0.0,0.0,0,0,0,0,0.0,0,0,0,0,0,0,0,0,0,0,0,0,0,0,0,0,0,0,0,0,0,0,0,0,0,0,0,0,0,0,0,0,0,0,0,0,0,0,0,0,0,0,0,0,0.0,0.0,0.0,0.0,0.0,0.0,0.0,0.0,0.0,0.0,0.0,0.0,0.0,0.0,0.0,0.0,0.0,0.0,0.0,0.0,0.0,0.0,-2.004,0.0,-2.004,2.004,0.0,0.0,0.0,0.0,3376.0,-3.697154027885167e+19,0.0,0.0,0.0,-0.0,0.0,0.0,0.0,0.0,0.0,0,-0.0,-0.0,0.0,0.0,0.0,0.0,0.0,0.0,0.0,0,0,0,0.0,0.0,0.0,0.0,0.0,0.0,0.0,0.0,0.0,0.0,0.0,0.0,0.0,0.0,0.0,0.0,0,-107875648.0,0,0.0,0,-107875648.0,-107877712.0,0,26215,17039,52429,17053,52429,17037,0,0,0,110,100,100,2.7302334150594743e+23,64.0,0.0,64.9,0.0,69.0,1,49,50,180,0,39322,0,0,0.0,0.0,0.0,0.0,-3.4634445850641695e+18,65.0,0.0,0.0,0.0,645,0,688,0,0,0,717,0,789,0,709,0,690,0,645,0,642,0,615,0.032,55574528.0,-2.004,0.0,35600,16788,-3.325206326221195e+21,0.032,0.0,-24351.834,-0.0,0.0,29.0,60.0,70,0.0,0.0,0.0,0.0,0.0,0.0,0.0,0.0,0.0,0.0,0.0,0.0,0.0,0.0,0.0,0.0,59.2,69,11,65508,41,65476,0,300,0,0,8,20529,65476,0,0,61604,60.0,0.0,0.0,0.0,0.0,0.0
2026-04-04T11:22:09,ERR,ERR,ERR,ERR,ERR,ERR,ERR,ERR,ERR,ERR,ERR,ERR,ERR,ERR,ERR,ERR,ERR,ERR,ERR,ERR,ERR,ERR,ERR,ERR,ERR,ERR,ERR,ERR,ERR,ERR,ERR,ERR,ERR,ERR,ERR,ERR,ERR,ERR,ERR,ERR,ERR,ERR,ERR,ERR,ERR,ERR,ERR,ERR,ERR,ERR,ERR,ERR,ERR,ERR,ERR,ERR,ERR,ERR,ERR,ERR,ERR,ERR,ERR,ERR,ERR,ERR,ERR,ERR,ERR,ERR,ERR,ERR,ERR,ERR,ERR,ERR,ERR,ERR,ERR,ERR,ERR,ERR,ERR,ERR,ERR,ERR,ERR,ERR,ERR,ERR,ERR,ERR,ERR,ERR,ERR,ERR,ERR,ERR,ERR,ERR,ERR,ERR,ERR,ERR,ERR,ERR,ERR,ERR,ERR,ERR,ERR,ERR,ERR,ERR,ERR,ERR,ERR,ERR,ERR,ERR,ERR,ERR,ERR,ERR,ERR,0.0,0.0,-101055584.0,0.0,0.0,0.0,0.0,nan,0,0,0,32768,0,0.0,0,0.0,0.0,0.0,0.0,0.0,0,0,0,0,0.0,0,0,0,0,0,0,0,0,0,0,0,0,0,0,0,0,0,0,0,0,0,0,0,0,0,0,0,0,0,0,0,0,0,0,0,0,0,0,0,0,0,0,0,0,0.0,0.0,0.0,0.0,0.0,0.0,0.0,0.0,0.0,0.0,0.0,0.0,0.0,0.0,0.0,0.0,0.0,0.0,0.0,0.0,0.0,0.0,-2.004,0.0,-2.004,2.004,0.0,0.0,0.0,0.0,3376.0,-3.697154027885167e+19,0.0,0.0,0.0,-0.0,0.0,0.0,0.0,0.0,0.0,0,-0.0,-0.0,0.0,0.0,0.0,0.0,0.0,0.0,0.0,0,0,0,0.0,0.0,0.0,0.0,0.0,0.0,0.0,0.0,0.0,0.0,0.0,0.0,0.0,0.0,0.0,0.0,0,-107875648.0,0,0.0,0,-107875648.0,-107877712.0,0,26215,17039,52429,17053,52429,17037,0,0,0,110,100,100,2.7302334150594743e+23,64.0,0.0,64.9,0.0,69.0,1,49,50,180,0,39322,0,0,0.0,0.0,0.0,0.0,-3.4634445850641695e+18,65.0,0.0,0.0,0.0,645,0,688,0,0,0,717,0,789,0,709,0,690,0,645,0,642,0,615,0.032,55574528.0,-2.004,0.0,35600,16788,-3.325206326221195e+21,0.032,0.0,-24351.834,-0.0,0.0,29.0,60.0,70,0.0,0.0,0.0,0.0,0.0,0.0,0.0,0.0,0.0,0.0,0.0,0.0,0.0,0.0,0.0,0.0,59.2,69,11,65508,41,65476,0,300,0,0,8,20529,65476,0,0,61604,60.0,0.0,0.0,0.0,0.0,0.0
2026-04-04T11:22:10,ERR,ERR,ERR,ERR,ERR,ERR,ERR,ERR,ERR,ERR,ERR,ERR,ERR,ERR,ERR,ERR,ERR,ERR,ERR,ERR,ERR,ERR,ERR,ERR,ERR,ERR,ERR,ERR,ERR,ERR,ERR,ERR,ERR,ERR,ERR,ERR,ERR,ERR,ERR,ERR,ERR,ERR,ERR,ERR,ERR,ERR,ERR,ERR,ERR,ERR,ERR,ERR,ERR,ERR,ERR,ERR,ERR,ERR,ERR,ERR,ERR,ERR,ERR,ERR,ERR,ERR,ERR,ERR,ERR,ERR,ERR,ERR,ERR,ERR,ERR,ERR,ERR,ERR,ERR,ERR,ERR,ERR,ERR,ERR,ERR,ERR,ERR,ERR,ERR,ERR,ERR,ERR,ERR,ERR,ERR,ERR,ERR,ERR,ERR,ERR,ERR,ERR,ERR,ERR,ERR,ERR,ERR,ERR,ERR,ERR,ERR,ERR,ERR,ERR,ERR,ERR,ERR,ERR,ERR,ERR,ERR,ERR,ERR,ERR,ERR,0.0,0.0,-101055584.0,0.0,0.0,0.0,0.0,nan,0,0,0,32768,0,0.0,0,0.0,0.0,0.0,0.0,0.0,0,0,0,0,0.0,0,0,0,0,0,0,0,0,0,0,0,0,0,0,0,0,0,0,0,0,0,0,0,0,0,0,0,0,0,0,0,0,0,0,0,0,0,0,0,0,0,0,0,0,0.0,0.0,0.0,0.0,0.0,0.0,0.0,0.0,0.0,0.0,0.0,0.0,0.0,0.0,0.0,0.0,0.0,0.0,0.0,0.0,0.0,0.0,-2.004,0.0,-2.004,2.004,0.0,0.0,0.0,0.0,3376.0,-3.697154027885167e+19,0.0,0.0,0.0,-0.0,0.0,0.0,0.0,0.0,0.0,0,-0.0,-0.0,0.0,0.0,0.0,0.0,0.0,0.0,0.0,0,0,0,0.0,0.0,0.0,0.0,0.0,0.0,0.0,0.0,0.0,0.0,0.0,0.0,0.0,0.0,0.0,0.0,0,-107875648.0,0,0.0,0,-107875648.0,-107877712.0,0,26215,17039,52429,17053,52429,17037,0,0,0,110,100,100,2.7302334150594743e+23,64.0,0.0,64.9,0.0,69.0,1,49,50,180,0,39322,0,0,0.0,0.0,0.0,0.0,-3.4634445850641695e+18,65.0,0.0,0.0,0.0,645,0,688,0,0,0,717,0,789,0,709,0,690,0,645,0,642,0,615,0.032,55574528.0,-2.004,0.0,35600,16788,-3.325206326221195e+21,0.032,0.0,-24351.834,-0.0,0.0,29.0,60.0,70,0.0,0.0,0.0,0.0,0.0,0.0,0.0,0.0,0.0,0.0,0.0,0.0,0.0,0.0,0.0,0.0,59.2,69,11,65508,41,65476,0,300,0,0,8,20529,65476,0,0,61604,60.0,0.0,0.0,0.0,0.0,0.0
2026-04-04T11:22:11,ERR,ERR,ERR,ERR,ERR,ERR,ERR,ERR,ERR,ERR,ERR,ERR,ERR,ERR,ERR,ERR,ERR,ERR,ERR,ERR,ERR,ERR,ERR,ERR,ERR,ERR,ERR,ERR,ERR,ERR,ERR,ERR,ERR,ERR,ERR,ERR,ERR,ERR,ERR,ERR,ERR,ERR,ERR,ERR,ERR,ERR,ERR,ERR,ERR,ERR,ERR,ERR,ERR,ERR,ERR,ERR,ERR,ERR,ERR,ERR,ERR,ERR,ERR,ERR,ERR,ERR,ERR,ERR,ERR,ERR,ERR,ERR,ERR,ERR,ERR,ERR,ERR,ERR,ERR,ERR,ERR,ERR,ERR,ERR,ERR,ERR,ERR,ERR,ERR,ERR,ERR,ERR,ERR,ERR,ERR,ERR,ERR,ERR,ERR,ERR,ERR,ERR,ERR,ERR,ERR,ERR,ERR,ERR,ERR,ERR,ERR,ERR,ERR,ERR,ERR,ERR,ERR,ERR,ERR,ERR,ERR,ERR,ERR,ERR,ERR,0.0,0.0,-101055584.0,0.0,0.0,0.0,0.0,nan,0,0,0,32768,0,0.0,0,0.0,0.0,0.0,0.0,0.0,0,0,0,0,0.0,0,0,0,0,0,0,0,0,0,0,0,0,0,0,0,0,0,0,0,0,0,0,0,0,0,0,0,0,0,0,0,0,0,0,0,0,0,0,0,0,0,0,0,0,0.0,0.0,0.0,0.0,0.0,0.0,0.0,0.0,0.0,0.0,0.0,0.0,0.0,0.0,0.0,0.0,0.0,0.0,0.0,0.0,0.0,0.0,-2.004,0.0,-2.004,2.004,0.0,0.0,0.0,0.0,3376.0,-3.697154027885167e+19,0.0,0.0,0.0,-0.0,0.0,0.0,0.0,0.0,0.0,0,-0.0,-0.0,0.0,0.0,0.0,0.0,0.0,0.0,0.0,0,0,0,0.0,0.0,0.0,0.0,0.0,0.0,0.0,0.0,0.0,0.0,0.0,0.0,0.0,0.0,0.0,0.0,0,-107875648.0,0,0.0,0,-107875648.0,-107877712.0,0,26215,17039,52429,17053,52429,17037,0,0,0,110,100,100,2.7302334150594743e+23,64.0,0.0,64.9,0.0,69.0,1,49,50,180,0,39322,0,0,0.0,0.0,0.0,0.0,-3.4634445850641695e+18,65.0,0.0,0.0,0.0,645,0,688,0,0,0,717,0,789,0,709,0,690,0,645,0,642,0,615,0.032,55574528.0,-2.004,0.0,35600,16788,-3.325206326221195e+21,0.032,0.0,-24351.834,-0.0,0.0,29.0,60.0,70,0.0,0.0,0.0,0.0,0.0,0.0,0.0,0.0,0.0,0.0,0.0,0.0,0.0,0.0,0.0,0.0,59.2,69,11,65508,41,65476,0,300,0,0,8,20529,65476,0,0,61604,60.0,0.0,0.0,0.0,0.0,0.0
2026-04-04T11:22:12,ERR,ERR,ERR,ERR,ERR,ERR,ERR,ERR,ERR,ERR,ERR,ERR,ERR,ERR,ERR,ERR,ERR,ERR,ERR,ERR,ERR,ERR,ERR,ERR,ERR,ERR,ERR,ERR,ERR,ERR,ERR,ERR,ERR,ERR,ERR,ERR,ERR,ERR,ERR,ERR,ERR,ERR,ERR,ERR,ERR,ERR,ERR,ERR,ERR,ERR,ERR,ERR,ERR,ERR,ERR,ERR,ERR,ERR,ERR,ERR,ERR,ERR,ERR,ERR,ERR,ERR,ERR,ERR,ERR,ERR,ERR,ERR,ERR,ERR,ERR,ERR,ERR,ERR,ERR,ERR,ERR,ERR,ERR,ERR,ERR,ERR,ERR,ERR,ERR,ERR,ERR,ERR,ERR,ERR,ERR,ERR,ERR,ERR,ERR,ERR,ERR,ERR,ERR,ERR,ERR,ERR,ERR,ERR,ERR,ERR,ERR,ERR,ERR,ERR,ERR,ERR,ERR,ERR,ERR,ERR,ERR,ERR,ERR,ERR,ERR,0.0,0.0,-101055584.0,0.0,0.0,0.0,0.0,nan,0,0,0,32768,0,0.0,0,0.0,0.0,0.0,0.0,0.0,0,0,0,0,0.0,0,0,0,0,0,0,0,0,0,0,0,0,0,0,0,0,0,0,0,0,0,0,0,0,0,0,0,0,0,0,0,0,0,0,0,0,0,0,0,0,0,0,0,0,0.0,0.0,0.0,0.0,0.0,0.0,0.0,0.0,0.0,0.0,0.0,0.0,0.0,0.0,0.0,0.0,0.0,0.0,0.0,0.0,0.0,0.0,-2.004,0.0,-2.004,2.004,0.0,0.0,0.0,0.0,3376.0,-3.697154027885167e+19,0.0,0.0,0.0,-0.0,0.0,0.0,0.0,0.0,0.0,0,-0.0,-0.0,0.0,0.0,0.0,0.0,0.0,0.0,0.0,0,0,0,0.0,0.0,0.0,0.0,0.0,0.0,0.0,0.0,0.0,0.0,0.0,0.0,0.0,0.0,0.0,0.0,0,-107875648.0,0,0.0,0,-107875648.0,-107877712.0,0,26215,17039,52429,17053,52429,17037,0,0,0,110,100,100,2.7302334150594743e+23,64.0,0.0,64.9,0.0,69.0,1,49,50,180,0,39322,0,0,0.0,0.0,0.0,0.0,-3.4634445850641695e+18,65.0,0.0,0.0,0.0,645,0,688,0,0,0,717,0,789,0,709,0,690,0,645,0,642,0,615,0.032,55574528.0,-2.004,0.0,35600,16788,-3.325206326221195e+21,0.032,0.0,-24351.834,-0.0,0.0,29.0,60.0,70,0.0,0.0,0.0,0.0,0.0,0.0,0.0,0.0,0.0,0.0,0.0,0.0,0.0,0.0,0.0,0.0,59.2,69,11,65508,41,65476,0,300,0,0,8,20529,65476,0,0,61604,60.0,0.0,0.0,0.0,0.0,0.0
2026-04-04T11:22:13,ERR,ERR,ERR,ERR,ERR,ERR,ERR,ERR,ERR,ERR,ERR,ERR,ERR,ERR,ERR,ERR,ERR,ERR,ERR,ERR,ERR,ERR,ERR,ERR,ERR,ERR,ERR,ERR,ERR,ERR,ERR,ERR,ERR,ERR,ERR,ERR,ERR,ERR,ERR,ERR,ERR,ERR,ERR,ERR,ERR,ERR,ERR,ERR,ERR,ERR,ERR,ERR,ERR,ERR,ERR,ERR,ERR,ERR,ERR,ERR,ERR,ERR,ERR,ERR,ERR,ERR,ERR,ERR,ERR,ERR,ERR,ERR,ERR,ERR,ERR,ERR,ERR,ERR,ERR,ERR,ERR,ERR,ERR,ERR,ERR,ERR,ERR,ERR,ERR,ERR,ERR,ERR,ERR,ERR,ERR,ERR,ERR,ERR,ERR,ERR,ERR,ERR,ERR,ERR,ERR,ERR,ERR,ERR,ERR,ERR,ERR,ERR,ERR,ERR,ERR,ERR,ERR,ERR,ERR,ERR,ERR,ERR,ERR,ERR,ERR,0.0,0.0,-101055584.0,0.0,0.0,0.0,0.0,nan,0,0,0,32768,0,0.0,0,0.0,0.0,0.0,0.0,0.0,0,0,0,0,0.0,0,0,0,0,0,0,0,0,0,0,0,0,0,0,0,0,0,0,0,0,0,0,0,0,0,0,0,0,0,0,0,0,0,0,0,0,0,0,0,0,0,0,0,0,0.0,0.0,0.0,0.0,0.0,0.0,0.0,0.0,0.0,0.0,0.0,0.0,0.0,0.0,0.0,0.0,0.0,0.0,0.0,0.0,0.0,0.0,-2.004,0.0,-2.004,2.004,0.0,0.0,0.0,0.0,3376.5,-1.5879155638041463e+29,0.0,0.0,0.0,-0.0,0.0,0.0,0.0,0.0,0.0,0,-0.0,-0.0,0.0,0.0,0.0,0.0,0.0,0.0,0.0,0,0,0,0.0,0.0,0.0,0.0,0.0,0.0,0.0,0.0,0.0,0.0,0.0,0.0,0.0,0.0,0.0,0.0,0,-107875648.0,0,0.0,0,-107875648.0,-107877712.0,0,26215,17039,52429,17053,52429,17037,0,0,0,110,100,100,2.7302334150594743e+23,64.0,0.0,64.9,0.0,69.0,1,49,50,180,0,39322,0,0,0.0,0.0,0.0,0.0,-3.4634445850641695e+18,65.0,0.0,0.0,0.0,645,0,688,0,0,0,717,0,789,0,709,0,690,0,645,0,642,0,615,0.032,55574528.0,-2.004,0.0,35600,16788,-3.325206326221195e+21,0.032,0.0,-24351.834,-0.0,0.0,29.0,60.0,70,0.0,0.0,0.0,0.0,0.0,0.0,0.0,0.0,0.0,0.0,0.0,0.0,0.0,0.0,0.0,0.0,59.2,69,11,65508,41,65476,0,300,0,0,8,20529,65476,0,0,61604,60.0,0.0,0.0,0.0,0.0,0.0
2026-04-04T11:22:14,ERR,ERR,ERR,ERR,ERR,ERR,ERR,ERR,ERR,ERR,ERR,ERR,ERR,ERR,ERR,ERR,ERR,ERR,ERR,ERR,ERR,ERR,ERR,ERR,ERR,ERR,ERR,ERR,ERR,ERR,ERR,ERR,ERR,ERR,ERR,ERR,ERR,ERR,ERR,ERR,ERR,ERR,ERR,ERR,ERR,ERR,ERR,ERR,ERR,ERR,ERR,ERR,ERR,ERR,ERR,ERR,ERR,ERR,ERR,ERR,ERR,ERR,ERR,ERR,ERR,ERR,ERR,ERR,ERR,ERR,ERR,ERR,ERR,ERR,ERR,ERR,ERR,ERR,ERR,ERR,ERR,ERR,ERR,ERR,ERR,ERR,ERR,ERR,ERR,ERR,ERR,ERR,ERR,ERR,ERR,ERR,ERR,ERR,ERR,ERR,ERR,ERR,ERR,ERR,ERR,ERR,ERR,ERR,ERR,ERR,ERR,ERR,ERR,ERR,ERR,ERR,ERR,ERR,ERR,ERR,ERR,ERR,ERR,ERR,ERR,0.0,0.0,-101055584.0,0.0,0.0,0.0,0.0,nan,0,0,0,32768,0,0.0,0,0.0,0.0,0.0,0.0,0.0,0,0,0,0,0.0,0,0,0,0,0,0,0,0,0,0,0,0,0,0,0,0,0,0,0,0,0,0,0,0,0,0,0,0,0,0,0,0,0,0,0,0,0,0,0,0,0,0,0,0,0.0,0.0,0.0,0.0,0.0,0.0,0.0,0.0,0.0,0.0,0.0,0.0,0.0,0.0,0.0,0.0,0.0,0.0,0.0,0.0,0.0,0.0,-2.004,0.0,-2.004,2.004,0.0,0.0,0.0,0.0,3376.5,-1.5879155638041463e+29,0.0,0.0,0.0,-0.0,0.0,0.0,0.0,0.0,0.0,0,-0.0,-0.0,0.0,0.0,0.0,0.0,0.0,0.0,0.0,0,0,0,0.0,0.0,0.0,0.0,0.0,0.0,0.0,0.0,0.0,0.0,0.0,0.0,0.0,0.0,0.0,0.0,0,-107875648.0,0,0.0,0,-107875648.0,-107877712.0,0,26215,17039,52429,17053,52429,17037,0,0,0,110,100,100,2.7302334150594743e+23,64.0,0.0,64.9,0.0,69.0,1,49,50,180,0,52429,0,0,0.0,0.0,0.0,0.0,-2923594240.0,65.0,0.0,-0.0,0.0,645,0,688,0,0,0,717,0,789,0,709,0,689,0,645,0,642,0,615,0.032,38273024.0,-2.004,0.0,36496,16788,-9294982414336.0,-0.0,0.0,0.0,-0.0,0.0,29.0,60.0,70,0.0,0.0,0.0,0.0,0.0,0.0,0.0,0.0,0.0,0.0,0.0,0.0,0.0,0.0,0.0,0.0,59.2,69,11,65508,41,65476,0,300,0,0,8,20529,65476,0,0,61604,60.0,0.0,0.0,0.0,0.0,0.0
2026-04-04T11:22:15,ERR,ERR,ERR,ERR,ERR,ERR,ERR,ERR,ERR,ERR,ERR,ERR,ERR,ERR,ERR,ERR,ERR,ERR,ERR,ERR,ERR,ERR,ERR,ERR,ERR,ERR,ERR,ERR,ERR,ERR,ERR,ERR,ERR,ERR,ERR,ERR,ERR,ERR,ERR,ERR,ERR,ERR,ERR,ERR,ERR,ERR,ERR,ERR,ERR,ERR,ERR,ERR,ERR,ERR,ERR,ERR,ERR,ERR,ERR,ERR,ERR,ERR,ERR,ERR,ERR,ERR,ERR,ERR,ERR,ERR,ERR,ERR,ERR,ERR,ERR,ERR,ERR,ERR,ERR,ERR,ERR,ERR,ERR,ERR,ERR,ERR,ERR,ERR,ERR,ERR,ERR,ERR,ERR,ERR,ERR,ERR,ERR,ERR,ERR,ERR,ERR,ERR,ERR,ERR,ERR,ERR,ERR,ERR,ERR,ERR,ERR,ERR,ERR,ERR,ERR,ERR,ERR,ERR,ERR,ERR,ERR,ERR,ERR,ERR,ERR,0.0,0.0,-101055584.0,0.0,0.0,0.0,0.0,nan,0,0,0,32768,0,0.0,0,0.0,0.0,0.0,0.0,0.0,0,0,0,0,0.0,0,0,0,0,0,0,0,0,0,0,0,0,0,0,0,0,0,0,0,0,0,0,0,0,0,0,0,0,0,0,0,0,0,0,0,0,0,0,0,0,0,0,0,0,0.0,0.0,0.0,0.0,0.0,0.0,0.0,0.0,0.0,0.0,0.0,0.0,0.0,0.0,0.0,0.0,0.0,0.0,0.0,0.0,0.0,0.0,-2.004,0.0,-2.004,2.004,0.0,0.0,0.0,0.0,3376.5,-1.5879155638041463e+29,0.0,0.0,0.0,-0.0,0.0,0.0,0.0,0.0,0.0,0,-0.0,-0.0,0.0,0.0,0.0,0.0,0.0,0.0,0.0,0,0,0,0.0,0.0,0.0,0.0,0.0,0.0,0.0,0.0,0.0,0.0,0.0,0.0,0.0,0.0,0.0,0.0,0,-107875648.0,0,0.0,0,-107875648.0,-107877712.0,0,26215,17039,52429,17053,52429,17037,0,0,0,110,100,100,2.7302334150594743e+23,64.0,0.0,64.9,0.0,69.0,1,49,50,180,0,52429,0,0,0.0,0.0,0.0,0.0,-2923594240.0,65.0,0.0,-0.0,0.0,645,0,688,0,0,0,717,0,789,0,709,0,689,0,645,0,642,0,615,0.032,38273024.0,-2.004,0.0,36496,16788,-9294982414336.0,-0.0,0.0,0.0,-0.0,0.0,29.0,60.0,70,0.0,0.0,0.0,0.0,0.0,0.0,0.0,0.0,0.0,0.0,0.0,0.0,0.0,0.0,0.0,0.0,59.2,69,11,65508,41,65476,0,300,0,0,8,20529,65476,0,0,61604,60.0,0.0,0.0,0.0,0.0,0.0
2026-04-04T11:22:16,ERR,ERR,ERR,ERR,ERR,ERR,ERR,ERR,ERR,ERR,ERR,ERR,ERR,ERR,ERR,ERR,ERR,ERR,ERR,ERR,ERR,ERR,ERR,ERR,ERR,ERR,ERR,ERR,ERR,ERR,ERR,ERR,ERR,ERR,ERR,ERR,ERR,ERR,ERR,ERR,ERR,ERR,ERR,ERR,ERR,ERR,ERR,ERR,ERR,ERR,ERR,ERR,ERR,ERR,ERR,ERR,ERR,ERR,ERR,ERR,ERR,ERR,ERR,ERR,ERR,ERR,ERR,ERR,ERR,ERR,ERR,ERR,ERR,ERR,ERR,ERR,ERR,ERR,ERR,ERR,ERR,ERR,ERR,ERR,ERR,ERR,ERR,ERR,ERR,ERR,ERR,ERR,ERR,ERR,ERR,ERR,ERR,ERR,ERR,ERR,ERR,ERR,ERR,ERR,ERR,ERR,ERR,ERR,ERR,ERR,ERR,ERR,ERR,ERR,ERR,ERR,ERR,ERR,ERR,ERR,ERR,ERR,ERR,ERR,ERR,0.0,0.0,-101055584.0,0.0,0.0,0.0,0.0,nan,0,0,0,32768,0,0.0,0,0.0,0.0,0.0,0.0,0.0,0,0,0,0,0.0,0,0,0,0,0,0,0,0,0,0,0,0,0,0,0,0,0,0,0,0,0,0,0,0,0,0,0,0,0,0,0,0,0,0,0,0,0,0,0,0,0,0,0,0,0.0,0.0,0.0,0.0,0.0,0.0,0.0,0.0,0.0,0.0,0.0,0.0,0.0,0.0,0.0,0.0,0.0,0.0,0.0,0.0,0.0,0.0,-2.004,0.0,-2.004,2.004,0.0,0.0,0.0,0.0,3376.5,-1.5879155638041463e+29,0.0,0.0,0.0,-0.0,0.0,0.0,0.0,0.0,0.0,0,-0.0,-0.0,0.0,0.0,0.0,0.0,0.0,0.0,0.0,0,0,0,0.0,0.0,0.0,0.0,0.0,0.0,0.0,0.0,0.0,0.0,0.0,0.0,0.0,0.0,0.0,0.0,0,-107875648.0,0,0.0,0,-107875648.0,-107877712.0,0,26215,17039,52429,17053,52429,17037,0,0,0,110,100,100,2.7302334150594743e+23,64.0,0.0,64.9,0.0,69.0,1,49,50,180,0,52429,0,0,0.0,0.0,0.0,0.0,-2923594240.0,65.0,0.0,-0.0,0.0,645,0,688,0,0,0,717,0,789,0,709,0,689,0,645,0,642,0,615,0.032,38273024.0,-2.004,0.0,36496,16788,-9294982414336.0,-0.0,0.0,0.0,-0.0,0.0,29.0,60.0,70,0.0,0.0,0.0,0.0,0.0,0.0,0.0,0.0,0.0,0.0,0.0,0.0,0.0,0.0,0.0,0.0,59.2,69,11,65508,41,65476,0,300,0,0,8,20529,65476,0,0,61604,60.0,0.0,0.0,0.0,0.0,0.0
2026-04-04T11:22:17,ERR,ERR,ERR,ERR,ERR,ERR,ERR,ERR,ERR,ERR,ERR,ERR,ERR,ERR,ERR,ERR,ERR,ERR,ERR,ERR,ERR,ERR,ERR,ERR,ERR,ERR,ERR,ERR,ERR,ERR,ERR,ERR,ERR,ERR,ERR,ERR,ERR,ERR,ERR,ERR,ERR,ERR,ERR,ERR,ERR,ERR,ERR,ERR,ERR,ERR,ERR,ERR,ERR,ERR,ERR,ERR,ERR,ERR,ERR,ERR,ERR,ERR,ERR,ERR,ERR,ERR,ERR,ERR,ERR,ERR,ERR,ERR,ERR,ERR,ERR,ERR,ERR,ERR,ERR,ERR,ERR,ERR,ERR,ERR,ERR,ERR,ERR,ERR,ERR,ERR,ERR,ERR,ERR,ERR,ERR,ERR,ERR,ERR,ERR,ERR,ERR,ERR,ERR,ERR,ERR,ERR,ERR,ERR,ERR,ERR,ERR,ERR,ERR,ERR,ERR,ERR,ERR,ERR,ERR,ERR,ERR,ERR,ERR,ERR,ERR,0.0,0.0,-101055584.0,0.0,0.0,0.0,0.0,nan,0,0,0,32768,0,0.0,0,0.0,0.0,0.0,0.0,0.0,0,0,0,0,0.0,0,0,0,0,0,0,0,0,0,0,0,0,0,0,0,0,0,0,0,0,0,0,0,0,0,0,0,0,0,0,0,0,0,0,0,0,0,0,0,0,0,0,0,0,0.0,0.0,0.0,0.0,0.0,0.0,0.0,0.0,0.0,0.0,0.0,0.0,0.0,0.0,0.0,0.0,0.0,0.0,0.0,0.0,0.0,0.0,-2.004,0.0,-2.004,2.004,0.0,0.0,0.0,0.0,3376.5,-1.5879155638041463e+29,0.0,0.0,0.0,-0.0,0.0,0.0,0.0,0.0,0.0,0,-0.0,-0.0,0.0,0.0,0.0,0.0,0.0,0.0,0.0,0,0,0,0.0,0.0,0.0,0.0,0.0,0.0,0.0,0.0,0.0,0.0,0.0,0.0,0.0,0.0,0.0,0.0,0,-107875648.0,0,0.0,0,-107875648.0,-107877712.0,0,26215,17039,52429,17053,52429,17037,0,0,0,110,100,100,2.7302334150594743e+23,64.0,0.0,64.9,0.0,69.0,1,49,50,180,0,52429,0,0,0.0,0.0,0.0,0.0,-2923594240.0,65.0,0.0,-0.0,0.0,645,0,688,0,0,0,717,0,789,0,709,0,689,0,645,0,642,0,615,0.032,38273024.0,-2.004,0.0,36496,16788,-9294982414336.0,-0.0,0.0,0.0,-0.0,0.0,29.0,60.0,70,0.0,0.0,0.0,0.0,0.0,0.0,0.0,0.0,0.0,0.0,0.0,0.0,0.0,0.0,0.0,0.0,59.2,69,11,65508,41,65476,0,300,0,0,8,20529,65476,0,0,61604,60.0,0.0,0.0,0.0,0.0,0.0
2026-04-04T11:22:18,ERR,ERR,ERR,ERR,ERR,ERR,ERR,ERR,ERR,ERR,ERR,ERR,ERR,ERR,ERR,ERR,ERR,ERR,ERR,ERR,ERR,ERR,ERR,ERR,ERR,ERR,ERR,ERR,ERR,ERR,ERR,ERR,ERR,ERR,ERR,ERR,ERR,ERR,ERR,ERR,ERR,ERR,ERR,ERR,ERR,ERR,ERR,ERR,ERR,ERR,ERR,ERR,ERR,ERR,ERR,ERR,ERR,ERR,ERR,ERR,ERR,ERR,ERR,ERR,ERR,ERR,ERR,ERR,ERR,ERR,ERR,ERR,ERR,ERR,ERR,ERR,ERR,ERR,ERR,ERR,ERR,ERR,ERR,ERR,ERR,ERR,ERR,ERR,ERR,ERR,ERR,ERR,ERR,ERR,ERR,ERR,ERR,ERR,ERR,ERR,ERR,ERR,ERR,ERR,ERR,ERR,ERR,ERR,ERR,ERR,ERR,ERR,ERR,ERR,ERR,ERR,ERR,ERR,ERR,ERR,ERR,ERR,ERR,ERR,ERR,0.0,0.0,-101055584.0,0.0,0.0,0.0,0.0,nan,0,0,0,32768,0,0.0,0,0.0,0.0,0.0,0.0,0.0,0,0,0,0,0.0,0,0,0,0,0,0,0,0,0,0,0,0,0,0,0,0,0,0,0,0,0,0,0,0,0,0,0,0,0,0,0,0,0,0,0,0,0,0,0,0,0,0,0,0,0.0,0.0,0.0,0.0,0.0,0.0,0.0,0.0,0.0,0.0,0.0,0.0,0.0,0.0,0.0,0.0,0.0,0.0,0.0,0.0,0.0,0.0,-2.004,0.0,-2.004,2.004,0.0,0.0,0.0,0.0,3376.5,-1.5879155638041463e+29,0.0,0.0,0.0,-0.0,0.0,0.0,0.0,0.0,0.0,0,-0.0,-0.0,0.0,0.0,0.0,0.0,0.0,0.0,0.0,0,0,0,0.0,0.0,0.0,0.0,0.0,0.0,0.0,0.0,0.0,0.0,0.0,0.0,0.0,0.0,0.0,0.0,0,-107875648.0,0,0.0,0,-107875648.0,-107877712.0,0,26215,17039,52429,17053,52429,17037,0,0,0,110,100,100,2.7302334150594743e+23,64.0,0.0,64.5,0.0,69.0,1,49,50,180,0,39322,0,0,0.0,0.0,0.0,0.0,-9.512054180344108e+20,65.0,0.0,0.025,0.0,645,0,689,0,0,0,717,0,789,0,709,0,689,0,645,0,642,0,615,0.032,40370176.0,-2.004,0.0,49424,16788,-2.2503001510381306e+24,0.0,-3.371999804723652e+33,88.124,-0.0,0.0,29.0,60.0,70,0.0,0.0,0.0,0.0,0.0,0.0,0.0,0.0,0.0,0.0,0.0,0.0,0.0,0.0,0.0,0.0,59.2,69,11,65508,41,65476,0,300,0,0,8,20529,65476,0,0,61604,60.0,0.0,0.0,0.0,0.0,0.0
2026-04-04T11:22:19,ERR,ERR,ERR,ERR,ERR,ERR,ERR,ERR,ERR,ERR,ERR,ERR,ERR,ERR,ERR,ERR,ERR,ERR,ERR,ERR,ERR,ERR,ERR,ERR,ERR,ERR,ERR,ERR,ERR,ERR,ERR,ERR,ERR,ERR,ERR,ERR,ERR,ERR,ERR,ERR,ERR,ERR,ERR,ERR,ERR,ERR,ERR,ERR,ERR,ERR,ERR,ERR,ERR,ERR,ERR,ERR,ERR,ERR,ERR,ERR,ERR,ERR,ERR,ERR,ERR,ERR,ERR,ERR,ERR,ERR,ERR,ERR,ERR,ERR,ERR,ERR,ERR,ERR,ERR,ERR,ERR,ERR,ERR,ERR,ERR,ERR,ERR,ERR,ERR,ERR,ERR,ERR,ERR,ERR,ERR,ERR,ERR,ERR,ERR,ERR,ERR,ERR,ERR,ERR,ERR,ERR,ERR,ERR,ERR,ERR,ERR,ERR,ERR,ERR,ERR,ERR,ERR,ERR,ERR,ERR,ERR,ERR,ERR,ERR,ERR,0.0,0.0,-101055584.0,0.0,0.0,0.0,0.0,nan,0,0,0,32768,0,0.0,0,0.0,0.0,0.0,0.0,0.0,0,0,0,0,0.0,0,0,0,0,0,0,0,0,0,0,0,0,0,0,0,0,0,0,0,0,0,0,0,0,0,0,0,0,0,0,0,0,0,0,0,0,0,0,0,0,0,0,0,0,0.0,0.0,0.0,0.0,0.0,0.0,0.0,0.0,0.0,0.0,0.0,0.0,0.0,0.0,0.0,0.0,0.0,0.0,0.0,0.0,0.0,0.0,-2.004,0.0,-2.004,2.004,0.0,0.0,0.0,0.0,3395.0,0.0,0.0,0.0,0.0,-0.0,0.0,0.0,0.0,0.0,0.0,0,-0.0,-0.0,0.0,0.0,0.0,0.0,0.0,0.0,0.0,0,0,0,0.0,0.0,0.0,0.0,0.0,0.0,0.0,0.0,0.0,0.0,0.0,0.0,0.0,0.0,0.0,0.0,0,-107875648.0,0,0.0,0,-107875648.0,-107877712.0,0,26215,17039,52429,17053,52429,17037,0,0,0,110,100,100,2.7302334150594743e+23,64.0,0.0,64.5,0.0,69.0,1,49,50,180,0,39322,0,0,0.0,0.0,0.0,0.0,-9.512054180344108e+20,65.0,0.0,0.025,0.0,645,0,689,0,0,0,717,0,789,0,709,0,689,0,645,0,642,0,615,0.032,40370176.0,-2.004,0.0,49424,16788,-2.2503001510381306e+24,0.0,-3.371999804723652e+33,88.124,-0.0,0.0,29.0,60.0,70,0.0,0.0,0.0,0.0,0.0,0.0,0.0,0.0,0.0,0.0,0.0,0.0,0.0,0.0,0.0,0.0,59.6,69,11,65508,41,65476,0,300,0,0,8,20529,65476,0,0,61604,60.0,0.0,0.0,0.0,0.0,0.0
2026-04-04T11:22:20,ERR,ERR,ERR,ERR,ERR,ERR,ERR,ERR,ERR,ERR,ERR,ERR,ERR,ERR,ERR,ERR,ERR,ERR,ERR,ERR,ERR,ERR,ERR,ERR,ERR,ERR,ERR,ERR,ERR,ERR,ERR,ERR,ERR,ERR,ERR,ERR,ERR,ERR,ERR,ERR,ERR,ERR,ERR,ERR,ERR,ERR,ERR,ERR,ERR,ERR,ERR,ERR,ERR,ERR,ERR,ERR,ERR,ERR,ERR,ERR,ERR,ERR,ERR,ERR,ERR,ERR,ERR,ERR,ERR,ERR,ERR,ERR,ERR,ERR,ERR,ERR,ERR,ERR,ERR,ERR,ERR,ERR,ERR,ERR,ERR,ERR,ERR,ERR,ERR,ERR,ERR,ERR,ERR,ERR,ERR,ERR,ERR,ERR,ERR,ERR,ERR,ERR,ERR,ERR,ERR,ERR,ERR,ERR,ERR,ERR,ERR,ERR,ERR,ERR,ERR,ERR,ERR,ERR,ERR,ERR,ERR,ERR,ERR,ERR,ERR,0.0,0.0,-101055584.0,0.0,0.0,0.0,0.0,nan,0,0,0,32768,0,0.0,0,0.0,0.0,0.0,0.0,0.0,0,0,0,0,0.0,0,0,0,0,0,0,0,0,0,0,0,0,0,0,0,0,0,0,0,0,0,0,0,0,0,0,0,0,0,0,0,0,0,0,0,0,0,0,0,0,0,0,0,0,0.0,0.0,0.0,0.0,0.0,0.0,0.0,0.0,0.0,0.0,0.0,0.0,0.0,0.0,0.0,0.0,0.0,0.0,0.0,0.0,0.0,0.0,-2.004,0.0,-2.004,2.004,0.0,0.0,0.0,0.0,3395.0,0.0,0.0,0.0,0.0,-0.0,0.0,0.0,0.0,0.0,0.0,0,-0.0,-0.0,0.0,0.0,0.0,0.0,0.0,0.0,0.0,0,0,0,0.0,0.0,0.0,0.0,0.0,0.0,0.0,0.0,0.0,0.0,0.0,0.0,0.0,0.0,0.0,0.0,0,-107875648.0,0,0.0,0,-107875648.0,-107877712.0,0,26215,17039,52429,17053,52429,17037,0,0,0,110,100,100,2.7302334150594743e+23,64.0,0.0,64.5,0.0,69.0,1,49,50,180,0,39322,0,0,0.0,0.0,0.0,0.0,-9.512054180344108e+20,65.0,0.0,0.025,0.0,645,0,689,0,0,0,717,0,789,0,709,0,689,0,645,0,642,0,615,0.032,40370176.0,-2.004,0.0,49424,16788,-2.2503001510381306e+24,0.0,-3.371999804723652e+33,88.124,-0.0,0.0,29.0,60.0,70,0.0,0.0,0.0,0.0,0.0,0.0,0.0,0.0,0.0,0.0,0.0,0.0,0.0,0.0,0.0,0.0,59.6,69,11,65508,41,65476,0,300,0,0,8,20529,65476,0,0,61604,60.0,0.0,0.0,0.0,0.0,0.0
2026-04-04T11:22:21,ERR,ERR,ERR,ERR,ERR,ERR,ERR,ERR,ERR,ERR,ERR,ERR,ERR,ERR,ERR,ERR,ERR,ERR,ERR,ERR,ERR,ERR,ERR,ERR,ERR,ERR,ERR,ERR,ERR,ERR,ERR,ERR,ERR,ERR,ERR,ERR,ERR,ERR,ERR,ERR,ERR,ERR,ERR,ERR,ERR,ERR,ERR,ERR,ERR,ERR,ERR,ERR,ERR,ERR,ERR,ERR,ERR,ERR,ERR,ERR,ERR,ERR,ERR,ERR,ERR,ERR,ERR,ERR,ERR,ERR,ERR,ERR,ERR,ERR,ERR,ERR,ERR,ERR,ERR,ERR,ERR,ERR,ERR,ERR,ERR,ERR,ERR,ERR,ERR,ERR,ERR,ERR,ERR,ERR,ERR,ERR,ERR,ERR,ERR,ERR,ERR,ERR,ERR,ERR,ERR,ERR,ERR,ERR,ERR,ERR,ERR,ERR,ERR,ERR,ERR,ERR,ERR,ERR,ERR,ERR,ERR,ERR,ERR,ERR,ERR,0.0,0.0,-101055584.0,0.0,0.0,0.0,0.0,nan,0,0,0,32768,0,0.0,0,0.0,0.0,0.0,0.0,0.0,0,0,0,0,0.0,0,0,0,0,0,0,0,0,0,0,0,0,0,0,0,0,0,0,0,0,0,0,0,0,0,0,0,0,0,0,0,0,0,0,0,0,0,0,0,0,0,0,0,0,0.0,0.0,0.0,0.0,0.0,0.0,0.0,0.0,0.0,0.0,0.0,0.0,0.0,0.0,0.0,0.0,0.0,0.0,0.0,0.0,0.0,0.0,-2.004,0.0,-2.004,2.004,0.0,0.0,0.0,0.0,3395.0,0.0,0.0,0.0,0.0,-0.0,0.0,0.0,0.0,0.0,0.0,0,-0.0,-0.0,0.0,0.0,0.0,0.0,0.0,0.0,0.0,0,0,0,0.0,0.0,0.0,0.0,0.0,0.0,0.0,0.0,0.0,0.0,0.0,0.0,0.0,0.0,0.0,0.0,0,-107875648.0,0,0.0,0,-107875648.0,-107877712.0,0,26215,17039,52429,17053,52429,17037,0,0,0,110,100,100,2.7302334150594743e+23,64.0,0.0,64.5,0.0,69.0,1,49,50,180,0,39322,0,0,0.0,0.0,0.0,0.0,-9.512054180344108e+20,65.0,0.0,0.025,0.0,645,0,689,0,0,0,717,0,789,0,709,0,689,0,645,0,642,0,615,0.032,40370176.0,-2.004,0.0,49424,16788,-2.2503001510381306e+24,0.0,-3.371999804723652e+33,88.124,-0.0,0.0,29.0,60.0,70,0.0,0.0,0.0,0.0,0.0,0.0,0.0,0.0,0.0,0.0,0.0,0.0,0.0,0.0,0.0,0.0,59.6,69,11,65508,41,65476,0,300,0,0,8,20529,65476,0,0,61604,60.0,0.0,0.0,0.0,0.0,0.0
2026-04-04T11:22:22,ERR,ERR,ERR,ERR,ERR,ERR,ERR,ERR,ERR,ERR,ERR,ERR,ERR,ERR,ERR,ERR,ERR,ERR,ERR,ERR,ERR,ERR,ERR,ERR,ERR,ERR,ERR,ERR,ERR,ERR,ERR,ERR,ERR,ERR,ERR,ERR,ERR,ERR,ERR,ERR,ERR,ERR,ERR,ERR,ERR,ERR,ERR,ERR,ERR,ERR,ERR,ERR,ERR,ERR,ERR,ERR,ERR,ERR,ERR,ERR,ERR,ERR,ERR,ERR,ERR,ERR,ERR,ERR,ERR,ERR,ERR,ERR,ERR,ERR,ERR,ERR,ERR,ERR,ERR,ERR,ERR,ERR,ERR,ERR,ERR,ERR,ERR,ERR,ERR,ERR,ERR,ERR,ERR,ERR,ERR,ERR,ERR,ERR,ERR,ERR,ERR,ERR,ERR,ERR,ERR,ERR,ERR,ERR,ERR,ERR,ERR,ERR,ERR,ERR,ERR,ERR,ERR,ERR,ERR,ERR,ERR,ERR,ERR,ERR,ERR,0.0,0.0,-101055584.0,0.0,0.0,0.0,0.0,nan,0,0,0,32768,0,0.0,0,0.0,0.0,0.0,0.0,0.0,0,0,0,0,0.0,0,0,0,0,0,0,0,0,0,0,0,0,0,0,0,0,0,0,0,0,0,0,0,0,0,0,0,0,0,0,0,0,0,0,0,0,0,0,0,0,0,0,0,0,0.0,0.0,0.0,0.0,0.0,0.0,0.0,0.0,0.0,0.0,0.0,0.0,0.0,0.0,0.0,0.0,0.0,0.0,0.0,0.0,0.0,0.0,-2.004,0.0,-2.004,2.004,0.0,0.0,0.0,0.0,3395.0,0.0,0.0,0.0,0.0,-0.0,0.0,0.0,0.0,0.0,0.0,0,-0.0,-0.0,0.0,0.0,0.0,0.0,0.0,0.0,0.0,0,0,0,0.0,0.0,0.0,0.0,0.0,0.0,0.0,0.0,0.0,0.0,0.0,0.0,0.0,0.0,0.0,0.0,0,-107875648.0,0,0.0,0,-107875648.0,-107877712.0,0,26215,17039,52429,17053,52429,17037,0,0,0,110,100,100,2.7302334150594743e+23,64.0,0.0,64.9,-107615304.0,68.5,1,49,50,180,0,39322,0,0,0.0,0.0,0.0,0.0,-1.1217329295720448e+17,65.0,0.0,0.0,0.0,645,0,688,0,0,0,717,0,789,0,709,0,690,0,645,0,642,0,615,0.032,55312384.0,-2.004,0.0,46480,16788,-1.1217329295720448e+17,0.0,-15960265195520.0,-0.0,-0.0,-8.94383592000076e+35,29.0,60.0,70,0.0,0.0,0.0,0.0,0.0,0.0,0.0,0.0,0.0,0.0,0.0,0.0,0.0,0.0,0.0,0.0,59.6,69,11,65508,41,65476,0,300,0,0,8,20529,65476,0,0,61604,60.0,0.0,0.0,0.0,0.0,0.0
2026-04-04T11:22:23,ERR,ERR,ERR,ERR,ERR,ERR,ERR,ERR,ERR,ERR,ERR,ERR,ERR,ERR,ERR,ERR,ERR,ERR,ERR,ERR,ERR,ERR,ERR,ERR,ERR,ERR,ERR,ERR,ERR,ERR,ERR,ERR,ERR,ERR,ERR,ERR,ERR,ERR,ERR,ERR,ERR,ERR,ERR,ERR,ERR,ERR,ERR,ERR,ERR,ERR,ERR,ERR,ERR,ERR,ERR,ERR,ERR,ERR,ERR,ERR,ERR,ERR,ERR,ERR,ERR,ERR,ERR,ERR,ERR,ERR,ERR,ERR,ERR,ERR,ERR,ERR,ERR,ERR,ERR,ERR,ERR,ERR,ERR,ERR,ERR,ERR,ERR,ERR,ERR,ERR,ERR,ERR,ERR,ERR,ERR,ERR,ERR,ERR,ERR,ERR,ERR,ERR,ERR,ERR,ERR,ERR,ERR,ERR,ERR,ERR,ERR,ERR,ERR,ERR,ERR,ERR,ERR,ERR,ERR,ERR,ERR,ERR,ERR,ERR,ERR,0.0,0.0,-101055584.0,0.0,0.0,0.0,0.0,nan,0,0,0,32768,0,0.0,0,0.0,0.0,0.0,0.0,0.0,0,0,0,0,0.0,0,0,0,0,0,0,0,0,0,0,0,0,0,0,0,0,0,0,0,0,0,0,0,0,0,0,0,0,0,0,0,0,0,0,0,0,0,0,0,0,0,0,0,0,0.0,0.0,0.0,0.0,0.0,0.0,0.0,0.0,0.0,0.0,0.0,0.0,0.0,0.0,0.0,0.0,0.0,0.0,0.0,0.0,0.0,0.0,-2.004,0.0,-2.004,2.004,0.0,0.0,0.0,0.0,3395.0,0.0,0.0,0.0,0.0,-0.0,0.0,0.0,0.0,0.0,0.0,0,-0.0,-0.0,0.0,0.0,0.0,0.0,0.0,0.0,0.0,0,0,0,0.0,0.0,0.0,0.0,0.0,0.0,0.0,0.0,0.0,0.0,0.0,0.0,0.0,0.0,0.0,0.0,0,-107875648.0,0,0.0,0,-107875648.0,-107877712.0,0,26215,17039,52429,17053,52429,17037,0,0,0,110,100,100,2.7302334150594743e+23,64.0,0.0,64.9,-107615304.0,68.5,1,49,50,180,0,39322,0,0,0.0,0.0,0.0,0.0,-1.1217329295720448e+17,65.0,0.0,0.0,0.0,645,0,688,0,0,0,717,0,789,0,709,0,690,0,645,0,642,0,615,0.032,55312384.0,-2.004,0.0,46480,16788,-1.1217329295720448e+17,0.0,-15960265195520.0,-0.0,-0.0,-8.94383592000076e+35,29.0,60.0,70,0.0,0.0,0.0,0.0,0.0,0.0,0.0,0.0,0.0,0.0,0.0,0.0,0.0,0.0,0.0,0.0,59.2,69,11,65508,41,65476,0,300,0,0,8,20529,65476,0,0,61604,60.0,0.0,0.0,0.0,0.0,0.0
2026-04-04T11:22:24,ERR,ERR,ERR,ERR,ERR,ERR,ERR,ERR,ERR,ERR,ERR,ERR,ERR,ERR,ERR,ERR,ERR,ERR,ERR,ERR,ERR,ERR,ERR,ERR,ERR,ERR,ERR,ERR,ERR,ERR,ERR,ERR,ERR,ERR,ERR,ERR,ERR,ERR,ERR,ERR,ERR,ERR,ERR,ERR,ERR,ERR,ERR,ERR,ERR,ERR,ERR,ERR,ERR,ERR,ERR,ERR,ERR,ERR,ERR,ERR,ERR,ERR,ERR,ERR,ERR,ERR,ERR,ERR,ERR,ERR,ERR,ERR,ERR,ERR,ERR,ERR,ERR,ERR,ERR,ERR,ERR,ERR,ERR,ERR,ERR,ERR,ERR,ERR,ERR,ERR,ERR,ERR,ERR,ERR,ERR,ERR,ERR,ERR,ERR,ERR,ERR,ERR,ERR,ERR,ERR,ERR,ERR,ERR,ERR,ERR,ERR,ERR,ERR,ERR,ERR,ERR,ERR,ERR,ERR,ERR,ERR,ERR,ERR,ERR,ERR,0.0,0.0,-101055584.0,0.0,0.0,0.0,0.0,nan,0,0,0,32768,0,0.0,0,0.0,0.0,0.0,0.0,0.0,0,0,0,0,0.0,0,0,0,0,0,0,0,0,0,0,0,0,0,0,0,0,0,0,0,0,0,0,0,0,0,0,0,0,0,0,0,0,0,0,0,0,0,0,0,0,0,0,0,0,0.0,0.0,0.0,0.0,0.0,0.0,0.0,0.0,0.0,0.0,0.0,0.0,0.0,0.0,0.0,0.0,0.0,0.0,0.0,0.0,0.0,0.0,-2.004,0.0,-2.004,2.004,0.0,0.0,0.0,0.0,3395.0,0.0,0.0,0.0,0.0,-0.0,0.0,0.0,0.0,0.0,0.0,0,-0.0,-0.0,0.0,0.0,0.0,0.0,0.0,0.0,0.0,0,0,0,0.0,0.0,0.0,0.0,0.0,0.0,0.0,0.0,0.0,0.0,0.0,0.0,0.0,0.0,0.0,0.0,0,-107875648.0,0,0.0,0,-107875648.0,-107877712.0,0,26215,17039,52429,17053,52429,17037,0,0,0,110,100,100,2.7302334150594743e+23,64.0,0.0,64.9,-107615304.0,68.5,1,49,50,180,0,39322,0,0,0.0,0.0,0.0,0.0,-1.1217329295720448e+17,65.0,0.0,0.0,0.0,645,0,688,0,0,0,717,0,789,0,709,0,690,0,645,0,642,0,615,0.032,55312384.0,-2.004,0.0,46480,16788,-1.1217329295720448e+17,0.0,-15960265195520.0,-0.0,-0.0,-8.94383592000076e+35,29.0,60.0,70,0.0,0.0,0.0,0.0,0.0,0.0,0.0,0.0,0.0,0.0,0.0,0.0,0.0,0.0,0.0,0.0,59.2,69,11,65508,41,65476,0,300,0,0,8,20529,65476,0,0,61604,60.0,0.0,0.0,0.0,0.0,0.0
2026-04-04T11:22:25,ERR,ERR,ERR,ERR,ERR,ERR,ERR,ERR,ERR,ERR,ERR,ERR,ERR,ERR,ERR,ERR,ERR,ERR,ERR,ERR,ERR,ERR,ERR,ERR,ERR,ERR,ERR,ERR,ERR,ERR,ERR,ERR,ERR,ERR,ERR,ERR,ERR,ERR,ERR,ERR,ERR,ERR,ERR,ERR,ERR,ERR,ERR,ERR,ERR,ERR,ERR,ERR,ERR,ERR,ERR,ERR,ERR,ERR,ERR,ERR,ERR,ERR,ERR,ERR,ERR,ERR,ERR,ERR,ERR,ERR,ERR,ERR,ERR,ERR,ERR,ERR,ERR,ERR,ERR,ERR,ERR,ERR,ERR,ERR,ERR,ERR,ERR,ERR,ERR,ERR,ERR,ERR,ERR,ERR,ERR,ERR,ERR,ERR,ERR,ERR,ERR,ERR,ERR,ERR,ERR,ERR,ERR,ERR,ERR,ERR,ERR,ERR,ERR,ERR,ERR,ERR,ERR,ERR,ERR,ERR,ERR,ERR,ERR,ERR,ERR,0.0,0.0,-101055584.0,0.0,0.0,0.0,0.0,nan,0,0,0,32768,0,0.0,0,0.0,0.0,0.0,0.0,0.0,0,0,0,0,0.0,0,0,0,0,0,0,0,0,0,0,0,0,0,0,0,0,0,0,0,0,0,0,0,0,0,0,0,0,0,0,0,0,0,0,0,0,0,0,0,0,0,0,0,0,0.0,0.0,0.0,0.0,0.0,0.0,0.0,0.0,0.0,0.0,0.0,0.0,0.0,0.0,0.0,0.0,0.0,0.0,0.0,0.0,0.0,0.0,-2.004,0.0,-2.004,2.004,0.0,0.0,0.0,0.0,3392.5,0.0,0.0,0.0,0.0,-0.0,0.0,0.0,0.0,0.0,0.0,0,-0.0,-107614264.0,0.0,0.0,0.0,0.0,0.0,0.0,0.0,0,0,0,0.0,0.0,0.0,0.0,0.0,0.0,0.0,0.0,0.0,0.0,0.0,0.0,0.0,0.0,0.0,0.0,0,-107875648.0,0,0.0,0,-107875648.0,-107877712.0,0,26215,17039,52429,17053,52429,17037,0,0,0,110,100,100,2.7302334150594743e+23,64.0,0.0,64.9,-107615304.0,68.5,1,49,50,180,0,39322,0,0,0.0,0.0,0.0,0.0,-1.1217329295720448e+17,65.0,0.0,0.0,0.0,645,0,688,0,0,0,717,0,789,0,709,0,690,0,645,0,642,0,615,0.032,55312384.0,-2.004,0.0,46480,16788,-1.1217329295720448e+17,0.0,-15960265195520.0,-0.0,-0.0,-8.94383592000076e+35,29.0,60.0,70,0.0,0.0,0.0,0.0,0.0,0.0,0.0,0.0,0.0,0.0,0.0,0.0,0.0,0.0,0.0,0.0,59.2,69,11,65508,41,65476,0,300,0,0,8,20529,65476,0,0,61604,60.0,0.0,0.0,0.0,0.0,0.0
2026-04-04T11:22:26,ERR,ERR,ERR,ERR,ERR,ERR,ERR,ERR,ERR,ERR,ERR,ERR,ERR,ERR,ERR,ERR,ERR,ERR,ERR,ERR,ERR,ERR,ERR,ERR,ERR,ERR,ERR,ERR,ERR,ERR,ERR,ERR,ERR,ERR,ERR,ERR,ERR,ERR,ERR,ERR,ERR,ERR,ERR,ERR,ERR,ERR,ERR,ERR,ERR,ERR,ERR,ERR,ERR,ERR,ERR,ERR,ERR,ERR,ERR,ERR,ERR,ERR,ERR,ERR,ERR,ERR,ERR,ERR,ERR,ERR,ERR,ERR,ERR,ERR,ERR,ERR,ERR,ERR,ERR,ERR,ERR,ERR,ERR,ERR,ERR,ERR,ERR,ERR,ERR,ERR,ERR,ERR,ERR,ERR,ERR,ERR,ERR,ERR,ERR,ERR,ERR,ERR,ERR,ERR,ERR,ERR,ERR,ERR,ERR,ERR,ERR,ERR,ERR,ERR,ERR,ERR,ERR,ERR,ERR,ERR,ERR,ERR,ERR,ERR,ERR,0.0,0.0,-101055584.0,0.0,0.0,0.0,0.0,nan,0,0,0,32768,0,0.0,0,0.0,0.0,0.0,0.0,0.0,0,0,0,0,0.0,0,0,0,0,0,0,0,0,0,0,0,0,0,0,0,0,0,0,0,0,0,0,0,0,0,0,0,0,0,0,0,0,0,0,0,0,0,0,0,0,0,0,0,0,0.0,0.0,0.0,0.0,0.0,0.0,0.0,0.0,0.0,0.0,0.0,0.0,0.0,0.0,0.0,0.0,0.0,0.0,0.0,0.0,0.0,0.0,-2.004,0.0,-2.004,2.004,0.0,0.0,0.0,0.0,3392.5,0.0,0.0,0.0,0.0,-0.0,0.0,0.0,0.0,0.0,0.0,0,-0.0,-107614264.0,0.0,0.0,0.0,0.0,0.0,0.0,0.0,0,0,0,0.0,0.0,0.0,0.0,0.0,0.0,0.0,0.0,0.0,0.0,0.0,0.0,0.0,0.0,0.0,0.0,0,-107875648.0,0,0.0,0,-107875648.0,-107877712.0,0,26215,17039,52429,17053,52429,17037,0,0,0,110,100,100,2.7302334150594743e+23,64.0,0.0,64.9,-107615304.0,68.5,1,49,50,180,0,39322,0,0,0.0,0.0,0.0,0.0,-1.1217329295720448e+17,65.0,0.0,0.0,0.0,645,0,688,0,0,0,717,0,789,0,709,0,690,0,645,0,642,0,615,0.032,55312384.0,-2.004,0.0,46480,16788,-1.1217329295720448e+17,0.0,-15960265195520.0,-0.0,-0.0,-8.94383592000076e+35,29.0,60.0,70,0.0,0.0,0.0,0.0,0.0,0.0,0.0,0.0,0.0,0.0,0.0,0.0,0.0,0.0,0.0,0.0,59.2,69,11,65508,41,65476,0,300,0,0,8,20529,65476,0,0,61604,60.0,0.0,0.0,0.0,0.0,0.0
2026-04-04T11:22:27,ERR,ERR,ERR,ERR,ERR,ERR,ERR,ERR,ERR,ERR,ERR,ERR,ERR,ERR,ERR,ERR,ERR,ERR,ERR,ERR,ERR,ERR,ERR,ERR,ERR,ERR,ERR,ERR,ERR,ERR,ERR,ERR,ERR,ERR,ERR,ERR,ERR,ERR,ERR,ERR,ERR,ERR,ERR,ERR,ERR,ERR,ERR,ERR,ERR,ERR,ERR,ERR,ERR,ERR,ERR,ERR,ERR,ERR,ERR,ERR,ERR,ERR,ERR,ERR,ERR,ERR,ERR,ERR,ERR,ERR,ERR,ERR,ERR,ERR,ERR,ERR,ERR,ERR,ERR,ERR,ERR,ERR,ERR,ERR,ERR,ERR,ERR,ERR,ERR,ERR,ERR,ERR,ERR,ERR,ERR,ERR,ERR,ERR,ERR,ERR,ERR,ERR,ERR,ERR,ERR,ERR,ERR,ERR,ERR,ERR,ERR,ERR,ERR,ERR,ERR,ERR,ERR,ERR,ERR,ERR,ERR,ERR,ERR,ERR,ERR,0.0,0.0,-101055584.0,0.0,0.0,0.0,0.0,nan,0,0,0,32768,0,0.0,0,0.0,0.0,0.0,0.0,0.0,0,0,0,0,0.0,0,0,0,0,0,0,0,0,0,0,0,0,0,0,0,0,0,0,0,0,0,0,0,0,0,0,0,0,0,0,0,0,0,0,0,0,0,0,0,0,0,0,0,0,0.0,0.0,0.0,0.0,0.0,0.0,0.0,0.0,0.0,0.0,0.0,0.0,0.0,0.0,0.0,0.0,0.0,0.0,0.0,0.0,0.0,0.0,-2.004,0.0,-2.004,2.004,0.0,0.0,0.0,0.0,3392.5,0.0,0.0,0.0,0.0,-0.0,0.0,0.0,0.0,0.0,0.0,0,-0.0,-107614264.0,0.0,0.0,0.0,0.0,0.0,0.0,0.0,0,0,0,0.0,0.0,0.0,0.0,0.0,0.0,0.0,0.0,0.0,0.0,0.0,0.0,0.0,0.0,0.0,0.0,0,-107875648.0,0,0.0,0,-107875648.0,-107877712.0,0,26215,17039,52429,17053,52429,17037,0,0,0,110,100,100,2.7302334150594743e+23,64.0,0.0,64.5,-107615304.0,68.5,1,49,50,180,0,52429,0,0,0.0,0.0,0.0,0.0,-1.8898686352036384e+28,65.0,0.0,-0.0,0.0,645,0,689,0,0,0,717,0,789,0,709,0,689,0,645,0,642,0,615,0.032,55574528.0,-2.004,0.0,25232,16788,-8.00851456121897e+16,-5.659517805552117e+25,-0.002,-0.0,9.982603489259905e+35,-4.700289837496275e+22,29.0,60.0,70,0.0,0.0,0.0,0.0,0.0,0.0,0.0,0.0,0.0,0.0,0.0,0.0,0.0,0.0,0.0,0.0,59.2,69,11,65508,41,65476,0,300,0,0,8,20529,65476,0,0,61604,60.0,0.0,0.0,0.0,0.0,0.0
2026-04-04T11:22:28,ERR,ERR,ERR,ERR,ERR,ERR,ERR,ERR,ERR,ERR,ERR,ERR,ERR,ERR,ERR,ERR,ERR,ERR,ERR,ERR,ERR,ERR,ERR,ERR,ERR,ERR,ERR,ERR,ERR,ERR,ERR,ERR,ERR,ERR,ERR,ERR,ERR,ERR,ERR,ERR,ERR,ERR,ERR,ERR,ERR,ERR,ERR,ERR,ERR,ERR,ERR,ERR,ERR,ERR,ERR,ERR,ERR,ERR,ERR,ERR,ERR,ERR,ERR,ERR,ERR,ERR,ERR,ERR,ERR,ERR,ERR,ERR,ERR,ERR,ERR,ERR,ERR,ERR,ERR,ERR,ERR,ERR,ERR,ERR,ERR,ERR,ERR,ERR,ERR,ERR,ERR,ERR,ERR,ERR,ERR,ERR,ERR,ERR,ERR,ERR,ERR,ERR,ERR,ERR,ERR,ERR,ERR,ERR,ERR,ERR,ERR,ERR,ERR,ERR,ERR,ERR,ERR,ERR,ERR,ERR,ERR,ERR,ERR,ERR,ERR,0.0,0.0,-101055584.0,0.0,0.0,0.0,0.0,nan,0,0,0,32768,0,0.0,0,0.0,0.0,0.0,0.0,0.0,0,0,0,0,0.0,0,0,0,0,0,0,0,0,0,0,0,0,0,0,0,0,0,0,0,0,0,0,0,0,0,0,0,0,0,0,0,0,0,0,0,0,0,0,0,0,0,0,0,0,0.0,0.0,0.0,0.0,0.0,0.0,0.0,0.0,0.0,0.0,0.0,0.0,0.0,0.0,0.0,0.0,0.0,0.0,0.0,0.0,0.0,0.0,-2.004,0.0,-2.004,2.004,0.0,0.0,0.0,0.0,3392.5,0.0,0.0,0.0,0.0,-0.0,0.0,0.0,0.0,0.0,0.0,0,-0.0,-107614264.0,0.0,0.0,0.0,0.0,0.0,0.0,0.0,0,0,0,0.0,0.0,0.0,0.0,0.0,0.0,0.0,0.0,0.0,0.0,0.0,0.0,0.0,0.0,0.0,0.0,0,-107875648.0,0,0.0,0,-107875648.0,-107877712.0,0,26215,17039,52429,17053,52429,17037,0,0,0,110,100,100,2.7302334150594743e+23,64.0,0.0,64.5,-107615304.0,68.5,1,49,50,180,0,52429,0,0,0.0,0.0,0.0,0.0,-1.8898686352036384e+28,65.0,0.0,-0.0,0.0,645,0,689,0,0,0,717,0,789,0,709,0,689,0,645,0,642,0,615,0.032,55574528.0,-2.004,0.0,25232,16788,-8.00851456121897e+16,-5.659517805552117e+25,-0.002,-0.0,9.982603489259905e+35,-4.700289837496275e+22,29.0,60.0,70,0.0,0.0,0.0,0.0,0.0,0.0,0.0,0.0,0.0,0.0,0.0,0.0,0.0,0.0,0.0,0.0,59.6,69,11,65508,41,65476,0,300,0,0,8,20529,65476,0,0,61604,60.0,0.0,0.0,0.0,0.0,0.0
2026-04-04T11:22:29,ERR,ERR,ERR,ERR,ERR,ERR,ERR,ERR,ERR,ERR,ERR,ERR,ERR,ERR,ERR,ERR,ERR,ERR,ERR,ERR,ERR,ERR,ERR,ERR,ERR,ERR,ERR,ERR,ERR,ERR,ERR,ERR,ERR,ERR,ERR,ERR,ERR,ERR,ERR,ERR,ERR,ERR,ERR,ERR,ERR,ERR,ERR,ERR,ERR,ERR,ERR,ERR,ERR,ERR,ERR,ERR,ERR,ERR,ERR,ERR,ERR,ERR,ERR,ERR,ERR,ERR,ERR,ERR,ERR,ERR,ERR,ERR,ERR,ERR,ERR,ERR,ERR,ERR,ERR,ERR,ERR,ERR,ERR,ERR,ERR,ERR,ERR,ERR,ERR,ERR,ERR,ERR,ERR,ERR,ERR,ERR,ERR,ERR,ERR,ERR,ERR,ERR,ERR,ERR,ERR,ERR,ERR,ERR,ERR,ERR,ERR,ERR,ERR,ERR,ERR,ERR,ERR,ERR,ERR,ERR,ERR,ERR,ERR,ERR,ERR,0.0,0.0,-101055584.0,0.0,0.0,0.0,0.0,nan,0,0,0,32768,0,0.0,0,0.0,0.0,0.0,0.0,0.0,0,0,0,0,0.0,0,0,0,0,0,0,0,0,0,0,0,0,0,0,0,0,0,0,0,0,0,0,0,0,0,0,0,0,0,0,0,0,0,0,0,0,0,0,0,0,0,0,0,0,0.0,0.0,0.0,0.0,0.0,0.0,0.0,0.0,0.0,0.0,0.0,0.0,0.0,0.0,0.0,0.0,0.0,0.0,0.0,0.0,0.0,0.0,-2.004,0.0,-2.004,2.004,0.0,0.0,0.0,0.0,3392.5,0.0,0.0,0.0,0.0,-0.0,0.0,0.0,0.0,0.0,0.0,0,-0.0,-107614264.0,0.0,0.0,0.0,0.0,0.0,0.0,0.0,0,0,0,0.0,0.0,0.0,0.0,0.0,0.0,0.0,0.0,0.0,0.0,0.0,0.0,0.0,0.0,0.0,0.0,0,-107875648.0,0,0.0,0,-107875648.0,-107877712.0,0,26215,17039,52429,17053,52429,17037,0,0,0,110,100,100,2.7302334150594743e+23,64.0,0.0,64.5,-107615304.0,68.5,1,49,50,180,0,52429,0,0,0.0,0.0,0.0,0.0,-1.8898686352036384e+28,65.0,0.0,-0.0,0.0,645,0,689,0,0,0,717,0,789,0,709,0,689,0,645,0,642,0,615,0.032,55574528.0,-2.004,0.0,25232,16788,-8.00851456121897e+16,-5.659517805552117e+25,-0.002,-0.0,9.982603489259905e+35,-4.700289837496275e+22,29.0,60.0,70,0.0,0.0,0.0,0.0,0.0,0.0,0.0,0.0,0.0,0.0,0.0,0.0,0.0,0.0,0.0,0.0,59.6,69,11,65508,41,65476,0,300,0,0,8,20529,65476,0,0,61604,60.0,0.0,0.0,0.0,0.0,0.0
2026-04-04T11:22:30,ERR,ERR,ERR,ERR,ERR,ERR,ERR,ERR,ERR,ERR,ERR,ERR,ERR,ERR,ERR,ERR,ERR,ERR,ERR,ERR,ERR,ERR,ERR,ERR,ERR,ERR,ERR,ERR,ERR,ERR,ERR,ERR,ERR,ERR,ERR,ERR,ERR,ERR,ERR,ERR,ERR,ERR,ERR,ERR,ERR,ERR,ERR,ERR,ERR,ERR,ERR,ERR,ERR,ERR,ERR,ERR,ERR,ERR,ERR,ERR,ERR,ERR,ERR,ERR,ERR,ERR,ERR,ERR,ERR,ERR,ERR,ERR,ERR,ERR,ERR,ERR,ERR,ERR,ERR,ERR,ERR,ERR,ERR,ERR,ERR,ERR,ERR,ERR,ERR,ERR,ERR,ERR,ERR,ERR,ERR,ERR,ERR,ERR,ERR,ERR,ERR,ERR,ERR,ERR,ERR,ERR,ERR,ERR,ERR,ERR,ERR,ERR,ERR,ERR,ERR,ERR,ERR,ERR,ERR,ERR,ERR,ERR,ERR,ERR,ERR,0.0,0.0,-101055584.0,0.0,0.0,0.0,0.0,nan,0,0,0,32768,0,0.0,0,0.0,0.0,0.0,0.0,0.0,0,0,0,0,0.0,0,0,0,0,0,0,0,0,0,0,0,0,0,0,0,0,0,0,0,0,0,0,0,0,0,0,0,0,0,0,0,0,0,0,0,0,0,0,0,0,0,0,0,0,0.0,0.0,0.0,0.0,0.0,0.0,0.0,0.0,0.0,0.0,0.0,0.0,0.0,0.0,0.0,0.0,0.0,0.0,0.0,0.0,0.0,0.0,-2.004,0.0,-2.004,2.004,0.0,0.0,0.0,0.0,3392.5,0.0,0.0,0.0,0.0,-0.0,0.0,0.0,0.0,0.0,0.0,0,-0.0,-107614264.0,0.0,0.0,0.0,0.0,0.0,0.0,0.0,0,0,0,0.0,0.0,0.0,0.0,0.0,0.0,0.0,0.0,0.0,0.0,0.0,0.0,0.0,0.0,0.0,0.0,0,-107875648.0,0,0.0,0,-107875648.0,-107877712.0,0,26215,17039,52429,17053,52429,17037,0,0,0,110,100,100,2.7302334150594743e+23,64.0,0.0,64.5,-107615304.0,68.5,1,49,50,180,0,52429,0,0,0.0,0.0,0.0,0.0,-1.8898686352036384e+28,65.0,0.0,-0.0,0.0,645,0,689,0,0,0,717,0,789,0,709,0,689,0,645,0,642,0,615,0.032,55574528.0,-2.004,0.0,25232,16788,-8.00851456121897e+16,-5.659517805552117e+25,-0.002,-0.0,9.982603489259905e+35,-4.700289837496275e+22,29.0,60.0,70,0.0,0.0,0.0,0.0,0.0,0.0,0.0,0.0,0.0,0.0,0.0,0.0,0.0,0.0,0.0,0.0,59.6,69,11,65508,41,65476,0,300,0,0,8,20529,65476,0,0,61604,60.0,0.0,0.0,0.0,0.0,0.0
2026-04-04T11:22:31,ERR,ERR,ERR,ERR,ERR,ERR,ERR,ERR,ERR,ERR,ERR,ERR,ERR,ERR,ERR,ERR,ERR,ERR,ERR,ERR,ERR,ERR,ERR,ERR,ERR,ERR,ERR,ERR,ERR,ERR,ERR,ERR,ERR,ERR,ERR,ERR,ERR,ERR,ERR,ERR,ERR,ERR,ERR,ERR,ERR,ERR,ERR,ERR,ERR,ERR,ERR,ERR,ERR,ERR,ERR,ERR,ERR,ERR,ERR,ERR,ERR,ERR,ERR,ERR,ERR,ERR,ERR,ERR,ERR,ERR,ERR,ERR,ERR,ERR,ERR,ERR,ERR,ERR,ERR,ERR,ERR,ERR,ERR,ERR,ERR,ERR,ERR,ERR,ERR,ERR,ERR,ERR,ERR,ERR,ERR,ERR,ERR,ERR,ERR,ERR,ERR,ERR,ERR,ERR,ERR,ERR,ERR,ERR,ERR,ERR,ERR,ERR,ERR,ERR,ERR,ERR,ERR,ERR,ERR,ERR,ERR,ERR,ERR,ERR,ERR,0.0,0.0,-101055584.0,0.0,0.0,0.0,0.0,nan,0,0,0,32768,0,0.0,0,0.0,0.0,0.0,0.0,0.0,0,0,0,0,0.0,0,0,0,0,0,0,0,0,0,0,0,0,0,0,0,0,0,0,0,0,0,0,0,0,0,0,0,0,0,0,0,0,0,0,0,0,0,0,0,0,0,0,0,0,0.0,0.0,0.0,0.0,0.0,0.0,0.0,0.0,0.0,0.0,0.0,0.0,0.0,0.0,0.0,0.0,0.0,0.0,0.0,0.0,0.0,0.0,-2.004,0.0,-2.004,2.004,0.0,0.0,0.0,0.0,3392.5,0.0,0.0,0.0,0.0,-0.0,0.0,0.0,0.0,0.0,0.0,0,-0.0,-107614264.0,0.0,0.0,0.0,0.0,0.0,0.0,0.0,0,0,0,0.0,0.0,0.0,0.0,0.0,0.0,0.0,0.0,0.0,0.0,0.0,0.0,0.0,0.0,0.0,0.0,0,-107875648.0,0,0.0,0,-107875648.0,-107877712.0,0,26215,17039,52429,17053,52429,17037,0,0,0,110,100,100,2.7302334150594743e+23,64.0,0.0,64.5,-107615304.0,68.5,1,49,50,180,0,52429,0,0,0.0,0.0,0.0,0.0,-1.8898686352036384e+28,65.0,0.0,-0.0,0.0,645,0,689,0,0,0,717,0,789,0,709,0,689,0,645,0,642,0,615,0.032,55574528.0,-2.004,0.0,25232,16788,-8.00851456121897e+16,-5.659517805552117e+25,-0.002,-0.0,9.982603489259905e+35,-4.700289837496275e+22,29.0,60.0,70,0.0,0.0,0.0,0.0,0.0,0.0,0.0,0.0,0.0,0.0,0.0,0.0,0.0,0.0,0.0,0.0,59.2,69,11,65508,41,65476,0,300,0,0,8,20529,65476,0,0,61604,60.0,0.0,0.0,0.0,0.0,0.0
2026-04-04T11:22:32,ERR,ERR,ERR,ERR,ERR,ERR,ERR,ERR,ERR,ERR,ERR,ERR,ERR,ERR,ERR,ERR,ERR,ERR,ERR,ERR,ERR,ERR,ERR,ERR,ERR,ERR,ERR,ERR,ERR,ERR,ERR,ERR,ERR,ERR,ERR,ERR,ERR,ERR,ERR,ERR,ERR,ERR,ERR,ERR,ERR,ERR,ERR,ERR,ERR,ERR,ERR,ERR,ERR,ERR,ERR,ERR,ERR,ERR,ERR,ERR,ERR,ERR,ERR,ERR,ERR,ERR,ERR,ERR,ERR,ERR,ERR,ERR,ERR,ERR,ERR,ERR,ERR,ERR,ERR,ERR,ERR,ERR,ERR,ERR,ERR,ERR,ERR,ERR,ERR,ERR,ERR,ERR,ERR,ERR,ERR,ERR,ERR,ERR,ERR,ERR,ERR,ERR,ERR,ERR,ERR,ERR,ERR,ERR,ERR,ERR,ERR,ERR,ERR,ERR,ERR,ERR,ERR,ERR,ERR,ERR,ERR,ERR,ERR,ERR,ERR,0.0,0.0,-101055584.0,0.0,0.0,0.0,0.0,nan,0,0,0,32768,0,0.0,0,0.0,0.0,0.0,0.0,0.0,0,0,0,0,0.0,0,0,0,0,0,0,0,0,0,0,0,0,0,0,0,0,0,0,0,0,0,0,0,0,0,0,0,0,0,0,0,0,0,0,0,0,0,0,0,0,0,0,0,0,0.0,0.0,0.0,0.0,0.0,0.0,0.0,0.0,0.0,0.0,0.0,0.0,0.0,0.0,0.0,0.0,0.0,0.0,0.0,0.0,0.0,0.0,-2.004,0.0,-2.004,2.004,0.0,0.0,0.0,0.0,3392.5,0.0,0.0,0.0,0.0,-0.0,0.0,0.0,0.0,0.0,0.0,0,-0.0,-107614264.0,0.0,0.0,0.0,0.0,0.0,0.0,0.0,0,0,0,0.0,0.0,0.0,0.0,0.0,0.0,0.0,0.0,0.0,0.0,0.0,0.0,0.0,0.0,0.0,0.0,0,-107875648.0,0,0.0,0,-107875648.0,-107877712.0,0,26215,17039,52429,17053,52429,17037,0,0,0,110,100,100,2.7302334150594743e+23,64.0,0.0,64.5,-107615304.0,68.5,1,49,50,180,0,52429,0,0,0.0,0.0,0.0,0.0,-1.8898686352036384e+28,65.0,0.0,-0.0,0.0,645,0,689,0,0,0,717,0,789,0,709,0,689,0,645,0,642,0,615,0.032,55574528.0,-2.004,0.0,25232,16788,-8.00851456121897e+16,-5.659517805552117e+25,-0.002,-0.0,9.982603489259905e+35,-4.700289837496275e+22,29.0,60.0,70,0.0,0.0,0.0,0.0,0.0,0.0,0.0,0.0,0.0,0.0,0.0,0.0,0.0,0.0,0.0,0.0,59.2,69,11,65508,41,65476,0,300,0,0,8,20529,65476,0,0,61604,60.0,0.0,0.0,0.0,0.0,0.0
2026-04-04T11:22:33,ERR,ERR,ERR,ERR,ERR,ERR,ERR,ERR,ERR,ERR,ERR,ERR,ERR,ERR,ERR,ERR,ERR,ERR,ERR,ERR,ERR,ERR,ERR,ERR,ERR,ERR,ERR,ERR,ERR,ERR,ERR,ERR,ERR,ERR,ERR,ERR,ERR,ERR,ERR,ERR,ERR,ERR,ERR,ERR,ERR,ERR,ERR,ERR,ERR,ERR,ERR,ERR,ERR,ERR,ERR,ERR,ERR,ERR,ERR,ERR,ERR,ERR,ERR,ERR,ERR,ERR,ERR,ERR,ERR,ERR,ERR,ERR,ERR,ERR,ERR,ERR,ERR,ERR,ERR,ERR,ERR,ERR,ERR,ERR,ERR,ERR,ERR,ERR,ERR,ERR,ERR,ERR,ERR,ERR,ERR,ERR,ERR,ERR,ERR,ERR,ERR,ERR,ERR,ERR,ERR,ERR,ERR,ERR,ERR,ERR,ERR,ERR,ERR,ERR,ERR,ERR,ERR,ERR,ERR,ERR,ERR,ERR,ERR,ERR,ERR,0.0,0.0,-101055584.0,0.0,0.0,0.0,0.0,nan,0,0,0,32768,0,0.0,0,0.0,0.0,0.0,0.0,0.0,0,0,0,0,0.0,0,0,0,0,0,0,0,0,0,0,0,0,0,0,0,0,0,0,0,0,0,0,0,0,0,0,0,0,0,0,0,0,0,0,0,0,0,0,0,0,0,0,0,0,0.0,0.0,0.0,0.0,0.0,0.0,0.0,0.0,0.0,0.0,0.0,0.0,0.0,0.0,0.0,0.0,0.0,0.0,0.0,0.0,0.0,0.0,-2.004,0.0,-2.004,2.004,0.0,0.0,0.0,0.0,3407.5,0.0,0.0,0.0,0.0,-0.0,0.0,0.0,0.0,0.0,0.0,0,-0.0,-0.0,0.0,0.0,0.0,0.0,0.0,0.0,0.0,0,0,0,0.0,0.0,0.0,0.0,0.0,0.0,0.0,0.0,0.0,0.0,0.0,0.0,0.0,0.0,0.0,0.0,0,-107875648.0,0,0.0,0,-107875648.0,-107877712.0,0,26215,17039,52429,17053,52429,17037,0,0,0,110,100,100,2.7302334150594743e+23,64.0,0.0,64.9,-107615304.0,68.5,1,49,50,180,0,39322,0,0,0.0,0.0,0.0,0.0,-3.4634445850641695e+18,65.0,0.0,0.007,0.0,645,0,689,0,0,0,717,0,789,0,709,0,689,0,645,0,642,0,615,0.032,50069504.0,-2.004,0.0,41872,16788,-2.0993840411361856e+22,-1.0844438701913039e+27,-2598496894976.0,-0.0,-0.0,-9.099604825756804e+35,29.0,60.0,70,0.0,0.0,0.0,0.0,0.0,0.0,0.0,0.0,0.0,0.0,0.0,0.0,0.0,0.0,0.0,0.0,59.2,69,11,65508,41,65476,0,300,0,0,8,20529,65476,0,0,61604,60.0,0.0,0.0,0.0,0.0,0.0
2026-04-04T11:22:34,ERR,ERR,ERR,ERR,ERR,ERR,ERR,ERR,ERR,ERR,ERR,ERR,ERR,ERR,ERR,ERR,ERR,ERR,ERR,ERR,ERR,ERR,ERR,ERR,ERR,ERR,ERR,ERR,ERR,ERR,ERR,ERR,ERR,ERR,ERR,ERR,ERR,ERR,ERR,ERR,ERR,ERR,ERR,ERR,ERR,ERR,ERR,ERR,ERR,ERR,ERR,ERR,ERR,ERR,ERR,ERR,ERR,ERR,ERR,ERR,ERR,ERR,ERR,ERR,ERR,ERR,ERR,ERR,ERR,ERR,ERR,ERR,ERR,ERR,ERR,ERR,ERR,ERR,ERR,ERR,ERR,ERR,ERR,ERR,ERR,ERR,ERR,ERR,ERR,ERR,ERR,ERR,ERR,ERR,ERR,ERR,ERR,ERR,ERR,ERR,ERR,ERR,ERR,ERR,ERR,ERR,ERR,ERR,ERR,ERR,ERR,ERR,ERR,ERR,ERR,ERR,ERR,ERR,ERR,ERR,ERR,ERR,ERR,ERR,ERR,0.0,0.0,-101055584.0,0.0,0.0,0.0,0.0,nan,0,0,0,32768,0,0.0,0,0.0,0.0,0.0,0.0,0.0,0,0,0,0,0.0,0,0,0,0,0,0,0,0,0,0,0,0,0,0,0,0,0,0,0,0,0,0,0,0,0,0,0,0,0,0,0,0,0,0,0,0,0,0,0,0,0,0,0,0,0.0,0.0,0.0,0.0,0.0,0.0,0.0,0.0,0.0,0.0,0.0,0.0,0.0,0.0,0.0,0.0,0.0,0.0,0.0,0.0,0.0,0.0,-2.004,0.0,-2.004,2.004,0.0,0.0,0.0,0.0,3407.5,0.0,0.0,0.0,0.0,-0.0,0.0,0.0,0.0,0.0,0.0,0,-0.0,-0.0,0.0,0.0,0.0,0.0,0.0,0.0,0.0,0,0,0,0.0,0.0,0.0,0.0,0.0,0.0,0.0,0.0,0.0,0.0,0.0,0.0,0.0,0.0,0.0,0.0,0,-107875648.0,0,0.0,0,-107875648.0,-107877712.0,0,26215,17039,52429,17053,52429,17037,0,0,0,110,100,100,2.7302334150594743e+23,64.0,0.0,64.9,-107615304.0,68.5,1,49,50,180,0,39322,0,0,0.0,0.0,0.0,0.0,-3.4634445850641695e+18,65.0,0.0,0.007,0.0,645,0,689,0,0,0,717,0,789,0,709,0,689,0,645,0,642,0,615,0.032,50069504.0,-2.004,0.0,41872,16788,-2.0993840411361856e+22,-1.0844438701913039e+27,-2598496894976.0,-0.0,-0.0,-9.099604825756804e+35,29.0,60.0,70,0.0,0.0,0.0,0.0,0.0,0.0,0.0,0.0,0.0,0.0,0.0,0.0,0.0,0.0,0.0,0.0,59.2,69,11,65508,41,65476,0,300,0,0,8,20529,65476,0,0,61604,60.0,0.0,0.0,0.0,0.0,0.0
2026-04-04T11:22:35,ERR,ERR,ERR,ERR,ERR,ERR,ERR,ERR,ERR,ERR,ERR,ERR,ERR,ERR,ERR,ERR,ERR,ERR,ERR,ERR,ERR,ERR,ERR,ERR,ERR,ERR,ERR,ERR,ERR,ERR,ERR,ERR,ERR,ERR,ERR,ERR,ERR,ERR,ERR,ERR,ERR,ERR,ERR,ERR,ERR,ERR,ERR,ERR,ERR,ERR,ERR,ERR,ERR,ERR,ERR,ERR,ERR,ERR,ERR,ERR,ERR,ERR,ERR,ERR,ERR,ERR,ERR,ERR,ERR,ERR,ERR,ERR,ERR,ERR,ERR,ERR,ERR,ERR,ERR,ERR,ERR,ERR,ERR,ERR,ERR,ERR,ERR,ERR,ERR,ERR,ERR,ERR,ERR,ERR,ERR,ERR,ERR,ERR,ERR,ERR,ERR,ERR,ERR,ERR,ERR,ERR,ERR,ERR,ERR,ERR,ERR,ERR,ERR,ERR,ERR,ERR,ERR,ERR,ERR,ERR,ERR,ERR,ERR,ERR,ERR,0.0,0.0,-101055584.0,0.0,0.0,0.0,0.0,nan,0,0,0,32768,0,0.0,0,0.0,0.0,0.0,0.0,0.0,0,0,0,0,0.0,0,0,0,0,0,0,0,0,0,0,0,0,0,0,0,0,0,0,0,0,0,0,0,0,0,0,0,0,0,0,0,0,0,0,0,0,0,0,0,0,0,0,0,0,0.0,0.0,0.0,0.0,0.0,0.0,0.0,0.0,0.0,0.0,0.0,0.0,0.0,0.0,0.0,0.0,0.0,0.0,0.0,0.0,0.0,0.0,-2.004,0.0,-2.004,2.004,0.0,0.0,0.0,0.0,3407.5,0.0,0.0,0.0,0.0,-0.0,0.0,0.0,0.0,0.0,0.0,0,-0.0,-0.0,0.0,0.0,0.0,0.0,0.0,0.0,0.0,0,0,0,0.0,0.0,0.0,0.0,0.0,0.0,0.0,0.0,0.0,0.0,0.0,0.0,0.0,0.0,0.0,0.0,0,-107875648.0,0,0.0,0,-107875648.0,-107877712.0,0,26215,17039,52429,17053,52429,17037,0,0,0,110,100,100,2.7302334150594743e+23,64.0,0.0,64.9,-107615304.0,68.5,1,49,50,180,0,39322,0,0,0.0,0.0,0.0,0.0,-3.4634445850641695e+18,65.0,0.0,0.007,0.0,645,0,689,0,0,0,717,0,789,0,709,0,689,0,645,0,642,0,615,0.032,50069504.0,-2.004,0.0,41872,16788,-2.0993840411361856e+22,-1.0844438701913039e+27,-2598496894976.0,-0.0,-0.0,-9.099604825756804e+35,29.0,60.0,70,0.0,0.0,0.0,0.0,0.0,0.0,0.0,0.0,0.0,0.0,0.0,0.0,0.0,0.0,0.0,0.0,59.2,69,11,65508,41,65476,0,300,0,0,8,20529,65476,0,0,61604,60.0,0.0,0.0,0.0,0.0,0.0
2026-04-04T11:22:36,ERR,ERR,ERR,ERR,ERR,ERR,ERR,ERR,ERR,ERR,ERR,ERR,ERR,ERR,ERR,ERR,ERR,ERR,ERR,ERR,ERR,ERR,ERR,ERR,ERR,ERR,ERR,ERR,ERR,ERR,ERR,ERR,ERR,ERR,ERR,ERR,ERR,ERR,ERR,ERR,ERR,ERR,ERR,ERR,ERR,ERR,ERR,ERR,ERR,ERR,ERR,ERR,ERR,ERR,ERR,ERR,ERR,ERR,ERR,ERR,ERR,ERR,ERR,ERR,ERR,ERR,ERR,ERR,ERR,ERR,ERR,ERR,ERR,ERR,ERR,ERR,ERR,ERR,ERR,ERR,ERR,ERR,ERR,ERR,ERR,ERR,ERR,ERR,ERR,ERR,ERR,ERR,ERR,ERR,ERR,ERR,ERR,ERR,ERR,ERR,ERR,ERR,ERR,ERR,ERR,ERR,ERR,ERR,ERR,ERR,ERR,ERR,ERR,ERR,ERR,ERR,ERR,ERR,ERR,ERR,ERR,ERR,ERR,ERR,ERR,0.0,0.0,-101055584.0,0.0,0.0,0.0,0.0,nan,0,0,0,32768,0,0.0,0,0.0,0.0,0.0,0.0,0.0,0,0,0,0,0.0,0,0,0,0,0,0,0,0,0,0,0,0,0,0,0,0,0,0,0,0,0,0,0,0,0,0,0,0,0,0,0,0,0,0,0,0,0,0,0,0,0,0,0,0,0.0,0.0,0.0,0.0,0.0,0.0,0.0,0.0,0.0,0.0,0.0,0.0,0.0,0.0,0.0,0.0,0.0,0.0,0.0,0.0,0.0,0.0,-2.004,0.0,-2.004,2.004,0.0,0.0,0.0,0.0,3407.5,0.0,0.0,0.0,0.0,-0.0,0.0,0.0,0.0,0.0,0.0,0,-0.0,-0.0,0.0,0.0,0.0,0.0,0.0,0.0,0.0,0,0,0,0.0,0.0,0.0,0.0,0.0,0.0,0.0,0.0,0.0,0.0,0.0,0.0,0.0,0.0,0.0,0.0,0,-107875648.0,0,0.0,0,-107875648.0,-107877712.0,0,26215,17039,52429,17053,52429,17037,0,0,0,110,100,100,2.7302334150594743e+23,64.0,0.0,64.9,-107615304.0,68.5,1,49,50,180,0,39322,0,0,0.0,0.0,0.0,0.0,-3.4634445850641695e+18,65.0,0.0,0.007,0.0,645,0,689,0,0,0,717,0,789,0,709,0,689,0,645,0,642,0,615,0.032,50069504.0,-2.004,0.0,41872,16788,-2.0993840411361856e+22,-1.0844438701913039e+27,-2598496894976.0,-0.0,-0.0,-9.099604825756804e+35,29.0,60.0,70,0.0,0.0,0.0,0.0,0.0,0.0,0.0,0.0,0.0,0.0,0.0,0.0,0.0,0.0,0.0,0.0,59.2,69,11,65508,41,65476,0,300,0,0,8,20529,65476,0,0,61604,60.0,0.0,0.0,0.0,0.0,0.0
2026-04-04T11:22:37,ERR,ERR,ERR,ERR,ERR,ERR,ERR,ERR,ERR,ERR,ERR,ERR,ERR,ERR,ERR,ERR,ERR,ERR,ERR,ERR,ERR,ERR,ERR,ERR,ERR,ERR,ERR,ERR,ERR,ERR,ERR,ERR,ERR,ERR,ERR,ERR,ERR,ERR,ERR,ERR,ERR,ERR,ERR,ERR,ERR,ERR,ERR,ERR,ERR,ERR,ERR,ERR,ERR,ERR,ERR,ERR,ERR,ERR,ERR,ERR,ERR,ERR,ERR,ERR,ERR,ERR,ERR,ERR,ERR,ERR,ERR,ERR,ERR,ERR,ERR,ERR,ERR,ERR,ERR,ERR,ERR,ERR,ERR,ERR,ERR,ERR,ERR,ERR,ERR,ERR,ERR,ERR,ERR,ERR,ERR,ERR,ERR,ERR,ERR,ERR,ERR,ERR,ERR,ERR,ERR,ERR,ERR,ERR,ERR,ERR,ERR,ERR,ERR,ERR,ERR,ERR,ERR,ERR,ERR,ERR,ERR,ERR,ERR,ERR,ERR,0.0,0.0,-101055584.0,0.0,0.0,0.0,0.0,nan,0,0,0,32768,0,0.0,0,0.0,0.0,0.0,0.0,0.0,0,0,0,0,0.0,0,0,0,0,0,0,0,0,0,0,0,0,0,0,0,0,0,0,0,0,0,0,0,0,0,0,0,0,0,0,0,0,0,0,0,0,0,0,0,0,0,0,0,0,0.0,0.0,0.0,0.0,0.0,0.0,0.0,0.0,0.0,0.0,0.0,0.0,0.0,0.0,0.0,0.0,0.0,0.0,0.0,0.0,0.0,0.0,-2.004,0.0,-2.004,2.004,0.0,0.0,0.0,0.0,3407.5,0.0,0.0,0.0,0.0,-0.0,0.0,0.0,0.0,0.0,0.0,0,-0.0,-0.0,0.0,0.0,0.0,0.0,0.0,0.0,0.0,0,0,0,0.0,0.0,0.0,0.0,0.0,0.0,0.0,0.0,0.0,0.0,0.0,0.0,0.0,0.0,0.0,0.0,0,-107875648.0,0,0.0,0,-107875648.0,-107877712.0,0,26215,17039,52429,17053,52429,17037,0,0,0,110,100,100,2.7302334150594743e+23,64.0,0.0,64.9,-107615304.0,68.5,1,49,50,180,0,39322,0,0,0.0,0.0,0.0,0.0,-3.4634445850641695e+18,65.0,0.0,0.007,0.0,645,0,689,0,0,0,717,0,789,0,709,0,689,0,645,0,642,0,615,0.032,50069504.0,-2.004,0.0,41872,16788,-2.0993840411361856e+22,-1.0844438701913039e+27,-2598496894976.0,-0.0,-0.0,-9.099604825756804e+35,29.0,60.0,70,0.0,0.0,0.0,0.0,0.0,0.0,0.0,0.0,0.0,0.0,0.0,0.0,0.0,0.0,0.0,0.0,59.2,69,11,65508,41,65476,0,300,0,0,8,20529,65476,0,0,61604,60.0,0.0,0.0,0.0,0.0,0.0
2026-04-04T11:22:38,ERR,ERR,ERR,ERR,ERR,ERR,ERR,ERR,ERR,ERR,ERR,ERR,ERR,ERR,ERR,ERR,ERR,ERR,ERR,ERR,ERR,ERR,ERR,ERR,ERR,ERR,ERR,ERR,ERR,ERR,ERR,ERR,ERR,ERR,ERR,ERR,ERR,ERR,ERR,ERR,ERR,ERR,ERR,ERR,ERR,ERR,ERR,ERR,ERR,ERR,ERR,ERR,ERR,ERR,ERR,ERR,ERR,ERR,ERR,ERR,ERR,ERR,ERR,ERR,ERR,ERR,ERR,ERR,ERR,ERR,ERR,ERR,ERR,ERR,ERR,ERR,ERR,ERR,ERR,ERR,ERR,ERR,ERR,ERR,ERR,ERR,ERR,ERR,ERR,ERR,ERR,ERR,ERR,ERR,ERR,ERR,ERR,ERR,ERR,ERR,ERR,ERR,ERR,ERR,ERR,ERR,ERR,ERR,ERR,ERR,ERR,ERR,ERR,ERR,ERR,ERR,ERR,ERR,ERR,ERR,ERR,ERR,ERR,ERR,ERR,0.0,0.0,-101055584.0,0.0,0.0,0.0,0.0,nan,0,0,0,32768,0,0.0,0,0.0,0.0,0.0,0.0,0.0,0,0,0,0,0.0,0,0,0,0,0,0,0,0,0,0,0,0,0,0,0,0,0,0,0,0,0,0,0,0,0,0,0,0,0,0,0,0,0,0,0,0,0,0,0,0,0,0,0,0,0.0,0.0,0.0,0.0,0.0,0.0,0.0,0.0,0.0,0.0,0.0,0.0,0.0,0.0,0.0,0.0,0.0,0.0,0.0,0.0,0.0,0.0,-2.004,0.0,-2.004,2.004,0.0,0.0,0.0,0.0,3407.5,0.0,0.0,0.0,0.0,-0.0,0.0,0.0,0.0,0.0,0.0,0,-0.0,-0.0,0.0,0.0,0.0,0.0,0.0,0.0,0.0,0,0,0,0.0,0.0,0.0,0.0,0.0,0.0,0.0,0.0,0.0,0.0,0.0,0.0,0.0,0.0,0.0,0.0,0,-107875648.0,0,0.0,0,-107875648.0,-107877712.0,0,26215,17039,52429,17053,52429,17037,0,0,0,110,100,100,2.7302334150594743e+23,64.0,0.0,64.9,-107615304.0,68.5,1,49,50,180,0,39322,0,0,0.0,0.0,0.0,0.0,-3.4634445850641695e+18,65.0,0.0,0.007,0.0,645,0,689,0,0,0,717,0,789,0,709,0,689,0,645,0,642,0,615,0.032,50069504.0,-2.004,0.0,41872,16788,-2.0993840411361856e+22,-1.0844438701913039e+27,-2598496894976.0,-0.0,-0.0,-9.099604825756804e+35,29.0,60.0,70,0.0,0.0,0.0,0.0,0.0,0.0,0.0,0.0,0.0,0.0,0.0,0.0,0.0,0.0,0.0,0.0,59.2,69,11,65508,41,65476,0,300,0,0,8,20529,65476,0,0,61604,60.0,0.0,0.0,0.0,0.0,0.0
2026-04-04T11:22:39,ERR,ERR,ERR,ERR,ERR,ERR,ERR,ERR,ERR,ERR,ERR,ERR,ERR,ERR,ERR,ERR,ERR,ERR,ERR,ERR,ERR,ERR,ERR,ERR,ERR,ERR,ERR,ERR,ERR,ERR,ERR,ERR,ERR,ERR,ERR,ERR,ERR,ERR,ERR,ERR,ERR,ERR,ERR,ERR,ERR,ERR,ERR,ERR,ERR,ERR,ERR,ERR,ERR,ERR,ERR,ERR,ERR,ERR,ERR,ERR,ERR,ERR,ERR,ERR,ERR,ERR,ERR,ERR,ERR,ERR,ERR,ERR,ERR,ERR,ERR,ERR,ERR,ERR,ERR,ERR,ERR,ERR,ERR,ERR,ERR,ERR,ERR,ERR,ERR,ERR,ERR,ERR,ERR,ERR,ERR,ERR,ERR,ERR,ERR,ERR,ERR,ERR,ERR,ERR,ERR,ERR,ERR,ERR,ERR,ERR,ERR,ERR,ERR,ERR,ERR,ERR,ERR,ERR,ERR,ERR,ERR,ERR,ERR,ERR,ERR,0.0,0.0,-101055584.0,0.0,0.0,0.0,0.0,nan,0,0,0,32768,0,0.0,0,0.0,0.0,0.0,0.0,0.0,0,0,0,0,0.0,0,0,0,0,0,0,0,0,0,0,0,0,0,0,0,0,0,0,0,0,0,0,0,0,0,0,0,0,0,0,0,0,0,0,0,0,0,0,0,0,0,0,0,0,0.0,0.0,0.0,0.0,0.0,0.0,0.0,0.0,0.0,0.0,0.0,0.0,0.0,0.0,0.0,0.0,0.0,0.0,0.0,0.0,0.0,0.0,-2.004,0.0,-2.004,2.004,0.0,0.0,0.0,0.0,3407.5,0.0,0.0,0.0,0.0,-0.0,0.0,0.0,0.0,0.0,0.0,0,-0.0,-0.0,0.0,0.0,0.0,0.0,0.0,0.0,0.0,0,0,0,0.0,0.0,0.0,0.0,0.0,0.0,0.0,0.0,0.0,0.0,0.0,0.0,0.0,0.0,0.0,0.0,0,-107875648.0,0,0.0,0,-107875648.0,-107877712.0,0,26215,17039,52429,17053,52429,17037,0,0,0,110,100,100,2.7302334150594743e+23,64.0,0.0,64.9,-107615304.0,69.0,1,49,50,180,0,52429,0,0,0.0,0.0,0.0,0.0,-84805219778560.0,65.0,0.0,0.0,0.0,645,0,688,0,0,0,717,0,789,0,709,0,689,0,645,0,642,0,615,0.032,55836672.0,-2.004,0.0,48272,16788,-1.8578230820984586e+18,8296593408.0,0.0,-0.0,-0.0,0.0,29.0,60.0,70,0.0,0.0,0.0,0.0,0.0,0.0,0.0,0.0,0.0,0.0,0.0,0.0,0.0,0.0,0.0,0.0,59.2,69,11,65508,41,65476,0,300,0,0,8,20529,65476,0,0,61604,60.0,0.0,0.0,0.0,0.0,0.0
2026-04-04T11:22:40,ERR,ERR,ERR,ERR,ERR,ERR,ERR,ERR,ERR,ERR,ERR,ERR,ERR,ERR,ERR,ERR,ERR,ERR,ERR,ERR,ERR,ERR,ERR,ERR,ERR,ERR,ERR,ERR,ERR,ERR,ERR,ERR,ERR,ERR,ERR,ERR,ERR,ERR,ERR,ERR,ERR,ERR,ERR,ERR,ERR,ERR,ERR,ERR,ERR,ERR,ERR,ERR,ERR,ERR,ERR,ERR,ERR,ERR,ERR,ERR,ERR,ERR,ERR,ERR,ERR,ERR,ERR,ERR,ERR,ERR,ERR,ERR,ERR,ERR,ERR,ERR,ERR,ERR,ERR,ERR,ERR,ERR,ERR,ERR,ERR,ERR,ERR,ERR,ERR,ERR,ERR,ERR,ERR,ERR,ERR,ERR,ERR,ERR,ERR,ERR,ERR,ERR,ERR,ERR,ERR,ERR,ERR,ERR,ERR,ERR,ERR,ERR,ERR,ERR,ERR,ERR,ERR,ERR,ERR,ERR,ERR,ERR,ERR,ERR,ERR,0.0,0.0,-101055584.0,0.0,0.0,0.0,0.0,nan,0,0,0,32768,0,0.0,0,0.0,0.0,0.0,0.0,0.0,0,0,0,0,0.0,0,0,0,0,0,0,0,0,0,0,0,0,0,0,0,0,0,0,0,0,0,0,0,0,0,0,0,0,0,0,0,0,0,0,0,0,0,0,0,0,0,0,0,0,0.0,0.0,0.0,0.0,0.0,0.0,0.0,0.0,0.0,0.0,0.0,0.0,0.0,0.0,0.0,0.0,0.0,0.0,0.0,0.0,0.0,0.0,-2.004,0.0,-2.004,2.004,0.0,0.0,0.0,0.0,3407.5,0.0,0.0,0.0,0.0,-0.0,0.0,0.0,0.0,0.0,0.0,0,-0.0,-0.0,0.0,0.0,0.0,0.0,0.0,0.0,0.0,0,0,0,0.0,0.0,0.0,0.0,0.0,0.0,0.0,0.0,0.0,0.0,0.0,0.0,0.0,0.0,0.0,0.0,0,-107875648.0,0,0.0,0,-107875648.0,-107877712.0,0,26215,17039,52429,17053,52429,17037,0,0,0,110,100,100,2.7302334150594743e+23,64.0,0.0,64.9,-107615304.0,69.0,1,49,50,180,0,52429,0,0,0.0,0.0,0.0,0.0,-84805219778560.0,65.0,0.0,0.0,0.0,645,0,688,0,0,0,717,0,789,0,709,0,689,0,645,0,642,0,615,0.032,55836672.0,-2.004,0.0,48272,16788,-1.8578230820984586e+18,8296593408.0,0.0,-0.0,-0.0,0.0,29.0,60.0,70,0.0,0.0,0.0,0.0,0.0,0.0,0.0,0.0,0.0,0.0,0.0,0.0,0.0,0.0,0.0,0.0,59.2,69,11,65508,41,65476,0,300,0,0,8,20529,65476,0,0,61604,60.0,0.0,0.0,0.0,0.0,0.0
2026-04-04T11:22:41,ERR,ERR,ERR,ERR,ERR,ERR,ERR,ERR,ERR,ERR,ERR,ERR,ERR,ERR,ERR,ERR,ERR,ERR,ERR,ERR,ERR,ERR,ERR,ERR,ERR,ERR,ERR,ERR,ERR,ERR,ERR,ERR,ERR,ERR,ERR,ERR,ERR,ERR,ERR,ERR,ERR,ERR,ERR,ERR,ERR,ERR,ERR,ERR,ERR,ERR,ERR,ERR,ERR,ERR,ERR,ERR,ERR,ERR,ERR,ERR,ERR,ERR,ERR,ERR,ERR,ERR,ERR,ERR,ERR,ERR,ERR,ERR,ERR,ERR,ERR,ERR,ERR,ERR,ERR,ERR,ERR,ERR,ERR,ERR,ERR,ERR,ERR,ERR,ERR,ERR,ERR,ERR,ERR,ERR,ERR,ERR,ERR,ERR,ERR,ERR,ERR,ERR,ERR,ERR,ERR,ERR,ERR,ERR,ERR,ERR,ERR,ERR,ERR,ERR,ERR,ERR,ERR,ERR,ERR,ERR,ERR,ERR,ERR,ERR,ERR,0.0,0.0,-101055584.0,0.0,0.0,0.0,0.0,nan,0,0,0,32768,0,0.0,0,0.0,0.0,0.0,0.0,0.0,0,0,0,0,0.0,0,0,0,0,0,0,0,0,0,0,0,0,0,0,0,0,0,0,0,0,0,0,0,0,0,0,0,0,0,0,0,0,0,0,0,0,0,0,0,0,0,0,0,0,0.0,0.0,0.0,0.0,0.0,0.0,0.0,0.0,0.0,0.0,0.0,0.0,0.0,0.0,0.0,0.0,0.0,0.0,0.0,0.0,0.0,0.0,-2.004,0.0,-2.004,2.004,0.0,0.0,0.0,0.0,3392.5,0.0,0.0,0.0,0.0,-0.0,0.0,0.0,0.0,0.0,0.0,0,-0.0,-71.629,0.0,0.0,0.0,0.0,0.0,0.0,0.0,0,0,0,0.0,0.0,0.0,0.0,0.0,0.0,0.0,0.0,0.0,0.0,0.0,0.0,0.0,0.0,0.0,0.0,0,-107875648.0,0,0.0,0,-107875648.0,-107877712.0,0,26215,17039,52429,17053,52429,17037,0,0,0,110,100,100,2.7302334150594743e+23,64.0,0.0,64.9,-107615304.0,69.0,1,49,50,180,0,52429,0,0,0.0,0.0,0.0,0.0,-84805219778560.0,65.0,0.0,0.0,0.0,645,0,688,0,0,0,717,0,789,0,709,0,689,0,645,0,642,0,615,0.032,55836672.0,-2.004,0.0,48272,16788,-1.8578230820984586e+18,8296593408.0,0.0,-0.0,-0.0,0.0,29.0,60.0,70,0.0,0.0,0.0,0.0,0.0,0.0,0.0,0.0,0.0,0.0,0.0,0.0,0.0,0.0,0.0,0.0,59.2,69,11,65508,41,65476,0,300,0,0,8,20529,65476,0,0,61604,60.0,0.0,0.0,0.0,0.0,0.0
2026-04-04T11:22:42,ERR,ERR,ERR,ERR,ERR,ERR,ERR,ERR,ERR,ERR,ERR,ERR,ERR,ERR,ERR,ERR,ERR,ERR,ERR,ERR,ERR,ERR,ERR,ERR,ERR,ERR,ERR,ERR,ERR,ERR,ERR,ERR,ERR,ERR,ERR,ERR,ERR,ERR,ERR,ERR,ERR,ERR,ERR,ERR,ERR,ERR,ERR,ERR,ERR,ERR,ERR,ERR,ERR,ERR,ERR,ERR,ERR,ERR,ERR,ERR,ERR,ERR,ERR,ERR,ERR,ERR,ERR,ERR,ERR,ERR,ERR,ERR,ERR,ERR,ERR,ERR,ERR,ERR,ERR,ERR,ERR,ERR,ERR,ERR,ERR,ERR,ERR,ERR,ERR,ERR,ERR,ERR,ERR,ERR,ERR,ERR,ERR,ERR,ERR,ERR,ERR,ERR,ERR,ERR,ERR,ERR,ERR,ERR,ERR,ERR,ERR,ERR,ERR,ERR,ERR,ERR,ERR,ERR,ERR,ERR,ERR,ERR,ERR,ERR,ERR,0.0,0.0,-101055584.0,0.0,0.0,0.0,0.0,nan,0,0,0,32768,0,0.0,0,0.0,0.0,0.0,0.0,0.0,0,0,0,0,0.0,0,0,0,0,0,0,0,0,0,0,0,0,0,0,0,0,0,0,0,0,0,0,0,0,0,0,0,0,0,0,0,0,0,0,0,0,0,0,0,0,0,0,0,0,0.0,0.0,0.0,0.0,0.0,0.0,0.0,0.0,0.0,0.0,0.0,0.0,0.0,0.0,0.0,0.0,0.0,0.0,0.0,0.0,0.0,0.0,-2.004,0.0,-2.004,2.004,0.0,0.0,0.0,0.0,3392.5,0.0,0.0,0.0,0.0,-0.0,0.0,0.0,0.0,0.0,0.0,0,-0.0,-71.629,0.0,0.0,0.0,0.0,0.0,0.0,0.0,0,0,0,0.0,0.0,0.0,0.0,0.0,0.0,0.0,0.0,0.0,0.0,0.0,0.0,0.0,0.0,0.0,0.0,0,-107875648.0,0,0.0,0,-107875648.0,-107877712.0,0,26215,17039,52429,17053,52429,17037,0,0,0,110,100,100,2.7302334150594743e+23,64.0,0.0,64.9,-107615304.0,69.0,1,49,50,180,0,52429,0,0,0.0,0.0,0.0,0.0,-84805219778560.0,65.0,0.0,0.0,0.0,645,0,688,0,0,0,717,0,789,0,709,0,689,0,645,0,642,0,615,0.032,55836672.0,-2.004,0.0,48272,16788,-1.8578230820984586e+18,8296593408.0,0.0,-0.0,-0.0,0.0,29.0,60.0,70,0.0,0.0,0.0,0.0,0.0,0.0,0.0,0.0,0.0,0.0,0.0,0.0,0.0,0.0,0.0,0.0,59.6,69,11,65508,41,65476,0,300,0,0,8,20529,65476,0,0,61604,60.0,0.0,0.0,0.0,0.0,0.0
2026-04-04T11:22:43,ERR,ERR,ERR,ERR,ERR,ERR,ERR,ERR,ERR,ERR,ERR,ERR,ERR,ERR,ERR,ERR,ERR,ERR,ERR,ERR,ERR,ERR,ERR,ERR,ERR,ERR,ERR,ERR,ERR,ERR,ERR,ERR,ERR,ERR,ERR,ERR,ERR,ERR,ERR,ERR,ERR,ERR,ERR,ERR,ERR,ERR,ERR,ERR,ERR,ERR,ERR,ERR,ERR,ERR,ERR,ERR,ERR,ERR,ERR,ERR,ERR,ERR,ERR,ERR,ERR,ERR,ERR,ERR,ERR,ERR,ERR,ERR,ERR,ERR,ERR,ERR,ERR,ERR,ERR,ERR,ERR,ERR,ERR,ERR,ERR,ERR,ERR,ERR,ERR,ERR,ERR,ERR,ERR,ERR,ERR,ERR,ERR,ERR,ERR,ERR,ERR,ERR,ERR,ERR,ERR,ERR,ERR,ERR,ERR,ERR,ERR,ERR,ERR,ERR,ERR,ERR,ERR,ERR,ERR,ERR,ERR,ERR,ERR,ERR,ERR,0.0,0.0,-101055584.0,0.0,0.0,0.0,0.0,nan,0,0,0,32768,0,0.0,0,0.0,0.0,0.0,0.0,0.0,0,0,0,0,0.0,0,0,0,0,0,0,0,0,0,0,0,0,0,0,0,0,0,0,0,0,0,0,0,0,0,0,0,0,0,0,0,0,0,0,0,0,0,0,0,0,0,0,0,0,0.0,0.0,0.0,0.0,0.0,0.0,0.0,0.0,0.0,0.0,0.0,0.0,0.0,0.0,0.0,0.0,0.0,0.0,0.0,0.0,0.0,0.0,-2.004,0.0,-2.004,2.004,0.0,0.0,0.0,0.0,3392.5,0.0,0.0,0.0,0.0,-0.0,0.0,0.0,0.0,0.0,0.0,0,-0.0,-71.629,0.0,0.0,0.0,0.0,0.0,0.0,0.0,0,0,0,0.0,0.0,0.0,0.0,0.0,0.0,0.0,0.0,0.0,0.0,0.0,0.0,0.0,0.0,0.0,0.0,0,-107875648.0,0,0.0,0,-107875648.0,-107877712.0,0,26215,17039,52429,17053,52429,17037,0,0,0,110,100,100,2.7302334150594743e+23,64.0,0.0,64.9,-107615304.0,69.0,1,49,50,180,0,52429,0,0,0.0,0.0,0.0,0.0,-84805219778560.0,65.0,0.0,0.0,0.0,645,0,688,0,0,0,717,0,789,0,709,0,689,0,645,0,642,0,615,0.032,55836672.0,-2.004,0.0,48272,16788,-1.8578230820984586e+18,8296593408.0,0.0,-0.0,-0.0,0.0,29.0,60.0,70,0.0,0.0,0.0,0.0,0.0,0.0,0.0,0.0,0.0,0.0,0.0,0.0,0.0,0.0,0.0,0.0,59.6,69,11,65508,41,65476,0,300,0,0,8,20529,65476,0,0,61604,60.0,0.0,0.0,0.0,0.0,0.0
2026-04-04T11:22:44,ERR,ERR,ERR,ERR,ERR,ERR,ERR,ERR,ERR,ERR,ERR,ERR,ERR,ERR,ERR,ERR,ERR,ERR,ERR,ERR,ERR,ERR,ERR,ERR,ERR,ERR,ERR,ERR,ERR,ERR,ERR,ERR,ERR,ERR,ERR,ERR,ERR,ERR,ERR,ERR,ERR,ERR,ERR,ERR,ERR,ERR,ERR,ERR,ERR,ERR,ERR,ERR,ERR,ERR,ERR,ERR,ERR,ERR,ERR,ERR,ERR,ERR,ERR,ERR,ERR,ERR,ERR,ERR,ERR,ERR,ERR,ERR,ERR,ERR,ERR,ERR,ERR,ERR,ERR,ERR,ERR,ERR,ERR,ERR,ERR,ERR,ERR,ERR,ERR,ERR,ERR,ERR,ERR,ERR,ERR,ERR,ERR,ERR,ERR,ERR,ERR,ERR,ERR,ERR,ERR,ERR,ERR,ERR,ERR,ERR,ERR,ERR,ERR,ERR,ERR,ERR,ERR,ERR,ERR,ERR,ERR,ERR,ERR,ERR,ERR,0.0,0.0,-101055584.0,0.0,0.0,0.0,0.0,nan,0,0,0,32768,0,0.0,0,0.0,0.0,0.0,0.0,0.0,0,0,0,0,0.0,0,0,0,0,0,0,0,0,0,0,0,0,0,0,0,0,0,0,0,0,0,0,0,0,0,0,0,0,0,0,0,0,0,0,0,0,0,0,0,0,0,0,0,0,0.0,0.0,0.0,0.0,0.0,0.0,0.0,0.0,0.0,0.0,0.0,0.0,0.0,0.0,0.0,0.0,0.0,0.0,0.0,0.0,0.0,0.0,-2.004,0.0,-2.004,2.004,0.0,0.0,0.0,0.0,3392.5,0.0,0.0,0.0,0.0,-0.0,0.0,0.0,0.0,0.0,0.0,0,-0.0,-71.629,0.0,0.0,0.0,0.0,0.0,0.0,0.0,0,0,0,0.0,0.0,0.0,0.0,0.0,0.0,0.0,0.0,0.0,0.0,0.0,0.0,0.0,0.0,0.0,0.0,0,-107875648.0,0,0.0,0,-107875648.0,-107877712.0,0,26215,17039,52429,17053,52429,17037,0,0,0,110,100,100,2.7302334150594743e+23,64.0,0.0,64.9,-107615304.0,69.0,1,49,50,180,0,52429,0,0,0.0,0.0,0.0,0.0,-84805219778560.0,65.0,0.0,0.0,0.0,645,0,688,0,0,0,717,0,789,0,709,0,689,0,645,0,642,0,615,0.032,55836672.0,-2.004,0.0,48272,16788,-1.8578230820984586e+18,8296593408.0,0.0,-0.0,-0.0,0.0,29.0,60.0,70,0.0,0.0,0.0,0.0,0.0,0.0,0.0,0.0,0.0,0.0,0.0,0.0,0.0,0.0,0.0,0.0,59.6,69,11,65508,41,65476,0,300,0,0,8,20529,65476,0,0,61604,60.0,0.0,0.0,0.0,0.0,0.0
2026-04-04T11:22:45,ERR,ERR,ERR,ERR,ERR,ERR,ERR,ERR,ERR,ERR,ERR,ERR,ERR,ERR,ERR,ERR,ERR,ERR,ERR,ERR,ERR,ERR,ERR,ERR,ERR,ERR,ERR,ERR,ERR,ERR,ERR,ERR,ERR,ERR,ERR,ERR,ERR,ERR,ERR,ERR,ERR,ERR,ERR,ERR,ERR,ERR,ERR,ERR,ERR,ERR,ERR,ERR,ERR,ERR,ERR,ERR,ERR,ERR,ERR,ERR,ERR,ERR,ERR,ERR,ERR,ERR,ERR,ERR,ERR,ERR,ERR,ERR,ERR,ERR,ERR,ERR,ERR,ERR,ERR,ERR,ERR,ERR,ERR,ERR,ERR,ERR,ERR,ERR,ERR,ERR,ERR,ERR,ERR,ERR,ERR,ERR,ERR,ERR,ERR,ERR,ERR,ERR,ERR,ERR,ERR,ERR,ERR,ERR,ERR,ERR,ERR,ERR,ERR,ERR,ERR,ERR,ERR,ERR,ERR,ERR,ERR,ERR,ERR,ERR,ERR,0.0,0.0,-101055584.0,0.0,0.0,0.0,0.0,nan,0,0,0,32768,0,0.0,0,0.0,0.0,0.0,0.0,0.0,0,0,0,0,0.0,0,0,0,0,0,0,0,0,0,0,0,0,0,0,0,0,0,0,0,0,0,0,0,0,0,0,0,0,0,0,0,0,0,0,0,0,0,0,0,0,0,0,0,0,0.0,0.0,0.0,0.0,0.0,0.0,0.0,0.0,0.0,0.0,0.0,0.0,0.0,0.0,0.0,0.0,0.0,0.0,0.0,0.0,0.0,0.0,-2.004,0.0,-2.004,2.004,0.0,0.0,0.0,0.0,3392.5,0.0,0.0,0.0,0.0,-0.0,0.0,0.0,0.0,0.0,0.0,0,-0.0,-71.629,0.0,0.0,0.0,0.0,0.0,0.0,0.0,0,0,0,0.0,0.0,0.0,0.0,0.0,0.0,0.0,0.0,0.0,0.0,0.0,0.0,0.0,0.0,0.0,0.0,0,-107875648.0,0,0.0,0,-107875648.0,-107877712.0,0,26215,17039,52429,17053,52429,17037,0,0,0,110,100,100,2.7302334150594743e+23,64.0,0.0,64.5,0.0,68.5,1,49,50,180,0,39322,0,0,0.0,0.0,0.0,0.0,-9.676127412242629e+30,65.0,0.0,-0.0,0.0,645,0,688,0,0,0,717,0,789,0,709,0,689,0,645,0,642,0,616,0.032,55836672.0,-2.004,0.0,35472,16788,-5.0327282512776974e+20,-0.0,2.551,2.7773270159309323e+23,-3695315200.0,14792006828032.0,29.0,60.0,70,0.0,0.0,0.0,0.0,0.0,0.0,0.0,0.0,0.0,0.0,0.0,0.0,0.0,0.0,0.0,0.0,59.6,69,11,65508,41,65476,0,300,0,0,8,20529,65476,0,0,61604,60.0,0.0,0.0,0.0,0.0,0.0
2026-04-04T11:22:46,ERR,ERR,ERR,ERR,ERR,ERR,ERR,ERR,ERR,ERR,ERR,ERR,ERR,ERR,ERR,ERR,ERR,ERR,ERR,ERR,ERR,ERR,ERR,ERR,ERR,ERR,ERR,ERR,ERR,ERR,ERR,ERR,ERR,ERR,ERR,ERR,ERR,ERR,ERR,ERR,ERR,ERR,ERR,ERR,ERR,ERR,ERR,ERR,ERR,ERR,ERR,ERR,ERR,ERR,ERR,ERR,ERR,ERR,ERR,ERR,ERR,ERR,ERR,ERR,ERR,ERR,ERR,ERR,ERR,ERR,ERR,ERR,ERR,ERR,ERR,ERR,ERR,ERR,ERR,ERR,ERR,ERR,ERR,ERR,ERR,ERR,ERR,ERR,ERR,ERR,ERR,ERR,ERR,ERR,ERR,ERR,ERR,ERR,ERR,ERR,ERR,ERR,ERR,ERR,ERR,ERR,ERR,ERR,ERR,ERR,ERR,ERR,ERR,ERR,ERR,ERR,ERR,ERR,ERR,ERR,ERR,ERR,ERR,ERR,ERR,0.0,0.0,-101055584.0,0.0,0.0,0.0,0.0,nan,0,0,0,32768,0,0.0,0,0.0,0.0,0.0,0.0,0.0,0,0,0,0,0.0,0,0,0,0,0,0,0,0,0,0,0,0,0,0,0,0,0,0,0,0,0,0,0,0,0,0,0,0,0,0,0,0,0,0,0,0,0,0,0,0,0,0,0,0,0.0,0.0,0.0,0.0,0.0,0.0,0.0,0.0,0.0,0.0,0.0,0.0,0.0,0.0,0.0,0.0,0.0,0.0,0.0,0.0,0.0,0.0,-2.004,0.0,-2.004,2.004,0.0,0.0,0.0,0.0,3392.5,0.0,0.0,0.0,0.0,-0.0,0.0,0.0,0.0,0.0,0.0,0,-0.0,-71.629,0.0,0.0,0.0,0.0,0.0,0.0,0.0,0,0,0,0.0,0.0,0.0,0.0,0.0,0.0,0.0,0.0,0.0,0.0,0.0,0.0,0.0,0.0,0.0,0.0,0,-107875648.0,0,0.0,0,-107875648.0,-107877712.0,0,26215,17039,52429,17053,52429,17037,0,0,0,110,100,100,2.7302334150594743e+23,64.0,0.0,64.5,0.0,68.5,1,49,50,180,0,39322,0,0,0.0,0.0,0.0,0.0,-9.676127412242629e+30,65.0,0.0,-0.0,0.0,645,0,688,0,0,0,717,0,789,0,709,0,689,0,645,0,642,0,616,0.032,55836672.0,-2.004,0.0,35472,16788,-5.0327282512776974e+20,-0.0,2.551,2.7773270159309323e+23,-3695315200.0,14792006828032.0,29.0,60.0,70,0.0,0.0,0.0,0.0,0.0,0.0,0.0,0.0,0.0,0.0,0.0,0.0,0.0,0.0,0.0,0.0,59.6,69,11,65508,41,65476,0,300,0,0,8,20529,65476,0,0,61604,60.0,0.0,0.0,0.0,0.0,0.0
2026-04-04T11:22:47,ERR,ERR,ERR,ERR,ERR,ERR,ERR,ERR,ERR,ERR,ERR,ERR,ERR,ERR,ERR,ERR,ERR,ERR,ERR,ERR,ERR,ERR,ERR,ERR,ERR,ERR,ERR,ERR,ERR,ERR,ERR,ERR,ERR,ERR,ERR,ERR,ERR,ERR,ERR,ERR,ERR,ERR,ERR,ERR,ERR,ERR,ERR,ERR,ERR,ERR,ERR,ERR,ERR,ERR,ERR,ERR,ERR,ERR,ERR,ERR,ERR,ERR,ERR,ERR,ERR,ERR,ERR,ERR,ERR,ERR,ERR,ERR,ERR,ERR,ERR,ERR,ERR,ERR,ERR,ERR,ERR,ERR,ERR,ERR,ERR,ERR,ERR,ERR,ERR,ERR,ERR,ERR,ERR,ERR,ERR,ERR,ERR,ERR,ERR,ERR,ERR,ERR,ERR,ERR,ERR,ERR,ERR,ERR,ERR,ERR,ERR,ERR,ERR,ERR,ERR,ERR,ERR,ERR,ERR,ERR,ERR,ERR,ERR,ERR,ERR,0.0,0.0,-101055584.0,0.0,0.0,0.0,0.0,nan,0,0,0,32768,0,0.0,0,0.0,0.0,0.0,0.0,0.0,0,0,0,0,0.0,0,0,0,0,0,0,0,0,0,0,0,0,0,0,0,0,0,0,0,0,0,0,0,0,0,0,0,0,0,0,0,0,0,0,0,0,0,0,0,0,0,0,0,0,0.0,0.0,0.0,0.0,0.0,0.0,0.0,0.0,0.0,0.0,0.0,0.0,0.0,0.0,0.0,0.0,0.0,0.0,0.0,0.0,0.0,0.0,-2.004,0.0,-2.004,2.004,0.0,0.0,0.0,0.0,3392.5,0.0,0.0,0.0,0.0,-0.0,0.0,0.0,0.0,0.0,0.0,0,-0.0,-71.629,0.0,0.0,0.0,0.0,0.0,0.0,0.0,0,0,0,0.0,0.0,0.0,0.0,0.0,0.0,0.0,0.0,0.0,0.0,0.0,0.0,0.0,0.0,0.0,0.0,0,-107875648.0,0,0.0,0,-107875648.0,-107877712.0,0,26215,17039,52429,17053,52429,17037,0,0,0,110,100,100,2.7302334150594743e+23,64.0,0.0,64.5,0.0,68.5,1,49,50,180,0,39322,0,0,0.0,0.0,0.0,0.0,-9.676127412242629e+30,65.0,0.0,-0.0,0.0,645,0,688,0,0,0,717,0,789,0,709,0,689,0,645,0,642,0,616,0.032,55836672.0,-2.004,0.0,35472,16788,-5.0327282512776974e+20,-0.0,2.551,2.7773270159309323e+23,-3695315200.0,14792006828032.0,29.0,60.0,70,0.0,0.0,0.0,0.0,0.0,0.0,0.0,0.0,0.0,0.0,0.0,0.0,0.0,0.0,0.0,0.0,59.2,69,11,65508,41,65476,0,300,0,0,8,20529,65476,0,0,61604,60.0,0.0,0.0,0.0,0.0,0.0
2026-04-04T11:22:48,ERR,ERR,ERR,ERR,ERR,ERR,ERR,ERR,ERR,ERR,ERR,ERR,ERR,ERR,ERR,ERR,ERR,ERR,ERR,ERR,ERR,ERR,ERR,ERR,ERR,ERR,ERR,ERR,ERR,ERR,ERR,ERR,ERR,ERR,ERR,ERR,ERR,ERR,ERR,ERR,ERR,ERR,ERR,ERR,ERR,ERR,ERR,ERR,ERR,ERR,ERR,ERR,ERR,ERR,ERR,ERR,ERR,ERR,ERR,ERR,ERR,ERR,ERR,ERR,ERR,ERR,ERR,ERR,ERR,ERR,ERR,ERR,ERR,ERR,ERR,ERR,ERR,ERR,ERR,ERR,ERR,ERR,ERR,ERR,ERR,ERR,ERR,ERR,ERR,ERR,ERR,ERR,ERR,ERR,ERR,ERR,ERR,ERR,ERR,ERR,ERR,ERR,ERR,ERR,ERR,ERR,ERR,ERR,ERR,ERR,ERR,ERR,ERR,ERR,ERR,ERR,ERR,ERR,ERR,ERR,ERR,ERR,ERR,ERR,ERR,0.0,0.0,-101055584.0,0.0,0.0,0.0,0.0,nan,0,0,0,32768,0,0.0,0,0.0,0.0,0.0,0.0,0.0,0,0,0,0,0.0,0,0,0,0,0,0,0,0,0,0,0,0,0,0,0,0,0,0,0,0,0,0,0,0,0,0,0,0,0,0,0,0,0,0,0,0,0,0,0,0,0,0,0,0,0.0,0.0,0.0,0.0,0.0,0.0,0.0,0.0,0.0,0.0,0.0,0.0,0.0,0.0,0.0,0.0,0.0,0.0,0.0,0.0,0.0,0.0,-2.004,0.0,-2.004,2.004,0.0,0.0,0.0,0.0,3392.5,0.0,0.0,0.0,0.0,-0.0,0.0,0.0,0.0,0.0,0.0,0,-0.0,-71.629,0.0,0.0,0.0,0.0,0.0,0.0,0.0,0,0,0,0.0,0.0,0.0,0.0,0.0,0.0,0.0,0.0,0.0,0.0,0.0,0.0,0.0,0.0,0.0,0.0,0,-107875648.0,0,0.0,0,-107875648.0,-107877712.0,0,26215,17039,52429,17053,52429,17037,0,0,0,110,100,100,2.7302334150594743e+23,64.0,0.0,64.5,0.0,68.5,1,49,50,180,0,39322,0,0,0.0,0.0,0.0,0.0,-9.676127412242629e+30,65.0,0.0,-0.0,0.0,645,0,688,0,0,0,717,0,789,0,709,0,689,0,645,0,642,0,616,0.032,55836672.0,-2.004,0.0,35472,16788,-5.0327282512776974e+20,-0.0,2.551,2.7773270159309323e+23,-3695315200.0,14792006828032.0,29.0,60.0,70,0.0,0.0,0.0,0.0,0.0,0.0,0.0,0.0,0.0,0.0,0.0,0.0,0.0,0.0,0.0,0.0,59.2,69,11,65508,41,65476,0,300,0,0,8,20529,65476,0,0,61604,60.0,0.0,0.0,0.0,0.0,0.0
2026-04-04T11:22:49,ERR,ERR,ERR,ERR,ERR,ERR,ERR,ERR,ERR,ERR,ERR,ERR,ERR,ERR,ERR,ERR,ERR,ERR,ERR,ERR,ERR,ERR,ERR,ERR,ERR,ERR,ERR,ERR,ERR,ERR,ERR,ERR,ERR,ERR,ERR,ERR,ERR,ERR,ERR,ERR,ERR,ERR,ERR,ERR,ERR,ERR,ERR,ERR,ERR,ERR,ERR,ERR,ERR,ERR,ERR,ERR,ERR,ERR,ERR,ERR,ERR,ERR,ERR,ERR,ERR,ERR,ERR,ERR,ERR,ERR,ERR,ERR,ERR,ERR,ERR,ERR,ERR,ERR,ERR,ERR,ERR,ERR,ERR,ERR,ERR,ERR,ERR,ERR,ERR,ERR,ERR,ERR,ERR,ERR,ERR,ERR,ERR,ERR,ERR,ERR,ERR,ERR,ERR,ERR,ERR,ERR,ERR,ERR,ERR,ERR,ERR,ERR,ERR,ERR,ERR,ERR,ERR,ERR,ERR,ERR,ERR,ERR,ERR,ERR,ERR,0.0,0.0,-101055584.0,0.0,0.0,0.0,0.0,nan,0,0,0,32768,0,0.0,0,0.0,0.0,0.0,0.0,0.0,0,0,0,0,0.0,0,0,0,0,0,0,0,0,0,0,0,0,0,0,0,0,0,0,0,0,0,0,0,0,0,0,0,0,0,0,0,0,0,0,0,0,0,0,0,0,0,0,0,0,0.0,0.0,0.0,0.0,0.0,0.0,0.0,0.0,0.0,0.0,0.0,0.0,0.0,0.0,0.0,0.0,0.0,0.0,0.0,0.0,0.0,0.0,-2.004,0.0,-2.004,2.004,0.0,0.0,0.0,0.0,3378.5,-1.5879155638041463e+29,0.0,0.0,0.0,-0.0,0.0,0.0,0.0,0.0,0.0,0,-0.0,-0.0,0.0,0.0,0.0,0.0,0.0,0.0,0.0,0,0,0,0.0,0.0,0.0,0.0,0.0,0.0,0.0,0.0,0.0,0.0,0.0,0.0,0.0,0.0,0.0,0.0,0,-107875648.0,0,0.0,0,-107875648.0,-107877712.0,0,26215,17039,52429,17053,52429,17037,0,0,0,110,100,100,2.7302334150594743e+23,64.0,0.0,64.5,0.0,68.5,1,49,50,180,0,39322,0,0,0.0,0.0,0.0,0.0,-9.676127412242629e+30,65.0,0.0,-0.0,0.0,645,0,688,0,0,0,717,0,789,0,709,0,689,0,645,0,642,0,616,0.032,55836672.0,-2.004,0.0,35472,16788,-5.0327282512776974e+20,-0.0,2.551,2.7773270159309323e+23,-3695315200.0,14792006828032.0,29.0,60.0,70,0.0,0.0,0.0,0.0,0.0,0.0,0.0,0.0,0.0,0.0,0.0,0.0,0.0,0.0,0.0,0.0,59.2,69,11,65508,41,65476,0,300,0,0,8,20529,65476,0,0,61604,60.0,0.0,0.0,0.0,0.0,0.0
2026-04-04T11:22:50,ERR,ERR,ERR,ERR,ERR,ERR,ERR,ERR,ERR,ERR,ERR,ERR,ERR,ERR,ERR,ERR,ERR,ERR,ERR,ERR,ERR,ERR,ERR,ERR,ERR,ERR,ERR,ERR,ERR,ERR,ERR,ERR,ERR,ERR,ERR,ERR,ERR,ERR,ERR,ERR,ERR,ERR,ERR,ERR,ERR,ERR,ERR,ERR,ERR,ERR,ERR,ERR,ERR,ERR,ERR,ERR,ERR,ERR,ERR,ERR,ERR,ERR,ERR,ERR,ERR,ERR,ERR,ERR,ERR,ERR,ERR,ERR,ERR,ERR,ERR,ERR,ERR,ERR,ERR,ERR,ERR,ERR,ERR,ERR,ERR,ERR,ERR,ERR,ERR,ERR,ERR,ERR,ERR,ERR,ERR,ERR,ERR,ERR,ERR,ERR,ERR,ERR,ERR,ERR,ERR,ERR,ERR,ERR,ERR,ERR,ERR,ERR,ERR,ERR,ERR,ERR,ERR,ERR,ERR,ERR,ERR,ERR,ERR,ERR,ERR,0.0,0.0,-101055584.0,0.0,0.0,0.0,0.0,nan,0,0,0,32768,0,0.0,0,0.0,0.0,0.0,0.0,0.0,0,0,0,0,0.0,0,0,0,0,0,0,0,0,0,0,0,0,0,0,0,0,0,0,0,0,0,0,0,0,0,0,0,0,0,0,0,0,0,0,0,0,0,0,0,0,0,0,0,0,0.0,0.0,0.0,0.0,0.0,0.0,0.0,0.0,0.0,0.0,0.0,0.0,0.0,0.0,0.0,0.0,0.0,0.0,0.0,0.0,0.0,0.0,-2.004,0.0,-2.004,2.004,0.0,0.0,0.0,0.0,3378.5,-1.5879155638041463e+29,0.0,0.0,0.0,-0.0,0.0,0.0,0.0,0.0,0.0,0,-0.0,-0.0,0.0,0.0,0.0,0.0,0.0,0.0,0.0,0,0,0,0.0,0.0,0.0,0.0,0.0,0.0,0.0,0.0,0.0,0.0,0.0,0.0,0.0,0.0,0.0,0.0,0,-107875648.0,0,0.0,0,-107875648.0,-107877712.0,0,26215,17039,52429,17053,52429,17037,0,0,0,110,100,100,2.7302334150594743e+23,64.0,0.0,64.5,0.0,69.0,1,49,50,180,0,39322,0,0,0.0,0.0,0.0,0.0,-4001952.5,65.0,0.0,-0.0,0.0,645,0,688,0,0,0,717,0,789,0,709,0,690,0,645,0,642,0,616,0.032,53739520.0,0.0,2.7302316136196234e+23,37776,16788,-7323583488.0,-0.0,0.0,-0.0,-0.0,0.0,29.0,60.0,70,0.0,0.0,0.0,0.0,0.0,0.0,0.0,0.0,0.0,0.0,0.0,0.0,0.0,0.0,0.0,0.0,59.2,69,11,65508,41,65476,0,300,0,0,8,20529,65476,0,0,61604,60.0,0.0,0.0,0.0,0.0,0.0
2026-04-04T11:22:51,ERR,ERR,ERR,ERR,ERR,ERR,ERR,ERR,ERR,ERR,ERR,ERR,ERR,ERR,ERR,ERR,ERR,ERR,ERR,ERR,ERR,ERR,ERR,ERR,ERR,ERR,ERR,ERR,ERR,ERR,ERR,ERR,ERR,ERR,ERR,ERR,ERR,ERR,ERR,ERR,ERR,ERR,ERR,ERR,ERR,ERR,ERR,ERR,ERR,ERR,ERR,ERR,ERR,ERR,ERR,ERR,ERR,ERR,ERR,ERR,ERR,ERR,ERR,ERR,ERR,ERR,ERR,ERR,ERR,ERR,ERR,ERR,ERR,ERR,ERR,ERR,ERR,ERR,ERR,ERR,ERR,ERR,ERR,ERR,ERR,ERR,ERR,ERR,ERR,ERR,ERR,ERR,ERR,ERR,ERR,ERR,ERR,ERR,ERR,ERR,ERR,ERR,ERR,ERR,ERR,ERR,ERR,ERR,ERR,ERR,ERR,ERR,ERR,ERR,ERR,ERR,ERR,ERR,ERR,ERR,ERR,ERR,ERR,ERR,ERR,0.0,0.0,-101055584.0,0.0,0.0,0.0,0.0,nan,0,0,0,32768,0,0.0,0,0.0,0.0,0.0,0.0,0.0,0,0,0,0,0.0,0,0,0,0,0,0,0,0,0,0,0,0,0,0,0,0,0,0,0,0,0,0,0,0,0,0,0,0,0,0,0,0,0,0,0,0,0,0,0,0,0,0,0,0,0.0,0.0,0.0,0.0,0.0,0.0,0.0,0.0,0.0,0.0,0.0,0.0,0.0,0.0,0.0,0.0,0.0,0.0,0.0,0.0,0.0,0.0,-2.004,0.0,-2.004,2.004,0.0,0.0,0.0,0.0,3378.5,-1.5879155638041463e+29,0.0,0.0,0.0,-0.0,0.0,0.0,0.0,0.0,0.0,0,-0.0,-0.0,0.0,0.0,0.0,0.0,0.0,0.0,0.0,0,0,0,0.0,0.0,0.0,0.0,0.0,0.0,0.0,0.0,0.0,0.0,0.0,0.0,0.0,0.0,0.0,0.0,0,-107875648.0,0,0.0,0,-107875648.0,-107877712.0,0,26215,17039,52429,17053,52429,17037,0,0,0,110,100,100,2.7302334150594743e+23,64.0,0.0,64.5,0.0,69.0,1,49,50,180,0,39322,0,0,0.0,0.0,0.0,0.0,-4001952.5,65.0,0.0,-0.0,0.0,645,0,688,0,0,0,717,0,789,0,709,0,690,0,645,0,642,0,616,0.032,53739520.0,0.0,2.7302316136196234e+23,37776,16788,-7323583488.0,-0.0,0.0,-0.0,-0.0,0.0,29.0,60.0,70,0.0,0.0,0.0,0.0,0.0,0.0,0.0,0.0,0.0,0.0,0.0,0.0,0.0,0.0,0.0,0.0,59.2,69,11,65508,41,65476,0,300,0,0,8,20529,65476,0,0,61604,60.0,0.0,0.0,0.0,0.0,0.0
2026-04-04T11:22:52,ERR,ERR,ERR,ERR,ERR,ERR,ERR,ERR,ERR,ERR,ERR,ERR,ERR,ERR,ERR,ERR,ERR,ERR,ERR,ERR,ERR,ERR,ERR,ERR,ERR,ERR,ERR,ERR,ERR,ERR,ERR,ERR,ERR,ERR,ERR,ERR,ERR,ERR,ERR,ERR,ERR,ERR,ERR,ERR,ERR,ERR,ERR,ERR,ERR,ERR,ERR,ERR,ERR,ERR,ERR,ERR,ERR,ERR,ERR,ERR,ERR,ERR,ERR,ERR,ERR,ERR,ERR,ERR,ERR,ERR,ERR,ERR,ERR,ERR,ERR,ERR,ERR,ERR,ERR,ERR,ERR,ERR,ERR,ERR,ERR,ERR,ERR,ERR,ERR,ERR,ERR,ERR,ERR,ERR,ERR,ERR,ERR,ERR,ERR,ERR,ERR,ERR,ERR,ERR,ERR,ERR,ERR,ERR,ERR,ERR,ERR,ERR,ERR,ERR,ERR,ERR,ERR,ERR,ERR,ERR,ERR,ERR,ERR,ERR,ERR,0.0,0.0,-101055584.0,0.0,0.0,0.0,0.0,nan,0,0,0,32768,0,0.0,0,0.0,0.0,0.0,0.0,0.0,0,0,0,0,0.0,0,0,0,0,0,0,0,0,0,0,0,0,0,0,0,0,0,0,0,0,0,0,0,0,0,0,0,0,0,0,0,0,0,0,0,0,0,0,0,0,0,0,0,0,0.0,0.0,0.0,0.0,0.0,0.0,0.0,0.0,0.0,0.0,0.0,0.0,0.0,0.0,0.0,0.0,0.0,0.0,0.0,0.0,0.0,0.0,-2.004,0.0,-2.004,2.004,0.0,0.0,0.0,0.0,3378.5,-1.5879155638041463e+29,0.0,0.0,0.0,-0.0,0.0,0.0,0.0,0.0,0.0,0,-0.0,-0.0,0.0,0.0,0.0,0.0,0.0,0.0,0.0,0,0,0,0.0,0.0,0.0,0.0,0.0,0.0,0.0,0.0,0.0,0.0,0.0,0.0,0.0,0.0,0.0,0.0,0,-107875648.0,0,0.0,0,-107875648.0,-107877712.0,0,26215,17039,52429,17053,52429,17037,0,0,0,110,100,100,2.7302334150594743e+23,64.0,0.0,64.5,0.0,69.0,1,49,50,180,0,39322,0,0,0.0,0.0,0.0,0.0,-4001952.5,65.0,0.0,-0.0,0.0,645,0,688,0,0,0,717,0,789,0,709,0,690,0,645,0,642,0,616,0.032,53739520.0,0.0,2.7302316136196234e+23,37776,16788,-7323583488.0,-0.0,0.0,-0.0,-0.0,0.0,29.0,60.0,70,0.0,0.0,0.0,0.0,0.0,0.0,0.0,0.0,0.0,0.0,0.0,0.0,0.0,0.0,0.0,0.0,59.2,69,11,65508,41,65476,0,300,0,0,8,20529,65476,0,0,61604,60.0,0.0,0.0,0.0,0.0,0.0
2026-04-04T11:22:53,ERR,ERR,ERR,ERR,ERR,ERR,ERR,ERR,ERR,ERR,ERR,ERR,ERR,ERR,ERR,ERR,ERR,ERR,ERR,ERR,ERR,ERR,ERR,ERR,ERR,ERR,ERR,ERR,ERR,ERR,ERR,ERR,ERR,ERR,ERR,ERR,ERR,ERR,ERR,ERR,ERR,ERR,ERR,ERR,ERR,ERR,ERR,ERR,ERR,ERR,ERR,ERR,ERR,ERR,ERR,ERR,ERR,ERR,ERR,ERR,ERR,ERR,ERR,ERR,ERR,ERR,ERR,ERR,ERR,ERR,ERR,ERR,ERR,ERR,ERR,ERR,ERR,ERR,ERR,ERR,ERR,ERR,ERR,ERR,ERR,ERR,ERR,ERR,ERR,ERR,ERR,ERR,ERR,ERR,ERR,ERR,ERR,ERR,ERR,ERR,ERR,ERR,ERR,ERR,ERR,ERR,ERR,ERR,ERR,ERR,ERR,ERR,ERR,ERR,ERR,ERR,ERR,ERR,ERR,ERR,ERR,ERR,ERR,ERR,ERR,0.0,0.0,-101055584.0,0.0,0.0,0.0,0.0,nan,0,0,0,32768,0,0.0,0,0.0,0.0,0.0,0.0,0.0,0,0,0,0,0.0,0,0,0,0,0,0,0,0,0,0,0,0,0,0,0,0,0,0,0,0,0,0,0,0,0,0,0,0,0,0,0,0,0,0,0,0,0,0,0,0,0,0,0,0,0.0,0.0,0.0,0.0,0.0,0.0,0.0,0.0,0.0,0.0,0.0,0.0,0.0,0.0,0.0,0.0,0.0,0.0,0.0,0.0,0.0,0.0,-2.004,0.0,-2.004,2.004,0.0,0.0,0.0,0.0,3378.5,-1.5879155638041463e+29,0.0,0.0,0.0,-0.0,0.0,0.0,0.0,0.0,0.0,0,-0.0,-0.0,0.0,0.0,0.0,0.0,0.0,0.0,0.0,0,0,0,0.0,0.0,0.0,0.0,0.0,0.0,0.0,0.0,0.0,0.0,0.0,0.0,0.0,0.0,0.0,0.0,0,-107875648.0,0,0.0,0,-107875648.0,-107877712.0,0,26215,17039,52429,17053,52429,17037,0,0,0,110,100,100,2.7302334150594743e+23,64.0,0.0,64.5,0.0,69.0,1,49,50,180,0,39322,0,0,0.0,0.0,0.0,0.0,-4001952.5,65.0,0.0,-0.0,0.0,645,0,688,0,0,0,717,0,789,0,709,0,690,0,645,0,642,0,616,0.032,53739520.0,0.0,2.7302316136196234e+23,37776,16788,-7323583488.0,-0.0,0.0,-0.0,-0.0,0.0,29.0,60.0,70,0.0,0.0,0.0,0.0,0.0,0.0,0.0,0.0,0.0,0.0,0.0,0.0,0.0,0.0,0.0,0.0,59.6,69,11,65508,41,65476,0,300,0,0,8,20529,65476,0,0,61604,60.0,0.0,0.0,0.0,0.0,0.0
2026-04-04T11:22:54,ERR,ERR,ERR,ERR,ERR,ERR,ERR,ERR,ERR,ERR,ERR,ERR,ERR,ERR,ERR,ERR,ERR,ERR,ERR,ERR,ERR,ERR,ERR,ERR,ERR,ERR,ERR,ERR,ERR,ERR,ERR,ERR,ERR,ERR,ERR,ERR,ERR,ERR,ERR,ERR,ERR,ERR,ERR,ERR,ERR,ERR,ERR,ERR,ERR,ERR,ERR,ERR,ERR,ERR,ERR,ERR,ERR,ERR,ERR,ERR,ERR,ERR,ERR,ERR,ERR,ERR,ERR,ERR,ERR,ERR,ERR,ERR,ERR,ERR,ERR,ERR,ERR,ERR,ERR,ERR,ERR,ERR,ERR,ERR,ERR,ERR,ERR,ERR,ERR,ERR,ERR,ERR,ERR,ERR,ERR,ERR,ERR,ERR,ERR,ERR,ERR,ERR,ERR,ERR,ERR,ERR,ERR,ERR,ERR,ERR,ERR,ERR,ERR,ERR,ERR,ERR,ERR,ERR,ERR,ERR,ERR,ERR,ERR,ERR,ERR,0.0,0.0,-101055584.0,0.0,0.0,0.0,0.0,nan,0,0,0,32768,0,0.0,0,0.0,0.0,0.0,0.0,0.0,0,0,0,0,0.0,0,0,0,0,0,0,0,0,0,0,0,0,0,0,0,0,0,0,0,0,0,0,0,0,0,0,0,0,0,0,0,0,0,0,0,0,0,0,0,0,0,0,0,0,0.0,0.0,0.0,0.0,0.0,0.0,0.0,0.0,0.0,0.0,0.0,0.0,0.0,0.0,0.0,0.0,0.0,0.0,0.0,0.0,0.0,0.0,-2.004,0.0,-2.004,2.004,0.0,0.0,0.0,0.0,3378.5,-1.5879155638041463e+29,0.0,0.0,0.0,-0.0,0.0,0.0,0.0,0.0,0.0,0,-0.0,-0.0,0.0,0.0,0.0,0.0,0.0,0.0,0.0,0,0,0,0.0,0.0,0.0,0.0,0.0,0.0,0.0,0.0,0.0,0.0,0.0,0.0,0.0,0.0,0.0,0.0,0,-107875648.0,0,0.0,0,-107875648.0,-107877712.0,0,26215,17039,52429,17053,52429,17037,0,0,0,110,100,100,2.7302334150594743e+23,64.0,0.0,64.9,-107615304.0,68.5,1,49,50,180,0,39322,0,0,0.0,0.0,0.0,0.0,-1.4440769252858266e+17,65.0,0.0,7.277526515654756e+21,0.0,645,0,688,0,0,0,717,0,789,0,709,0,689,0,645,0,642,0,616,0.032,46661632.0,0.0,2.7302316136196234e+23,32528,16788,-2.0993840411361856e+22,-0.0,0.002,0.0,-52234276.0,49996648448.0,29.0,60.0,70,0.0,0.0,0.0,0.0,0.0,0.0,0.0,0.0,0.0,0.0,0.0,0.0,0.0,0.0,0.0,0.0,59.6,69,11,65508,41,65476,0,300,0,0,8,20529,65476,0,0,61604,60.0,0.0,0.0,0.0,0.0,0.0
2026-04-04T11:22:55,ERR,ERR,ERR,ERR,ERR,ERR,ERR,ERR,ERR,ERR,ERR,ERR,ERR,ERR,ERR,ERR,ERR,ERR,ERR,ERR,ERR,ERR,ERR,ERR,ERR,ERR,ERR,ERR,ERR,ERR,ERR,ERR,ERR,ERR,ERR,ERR,ERR,ERR,ERR,ERR,ERR,ERR,ERR,ERR,ERR,ERR,ERR,ERR,ERR,ERR,ERR,ERR,ERR,ERR,ERR,ERR,ERR,ERR,ERR,ERR,ERR,ERR,ERR,ERR,ERR,ERR,ERR,ERR,ERR,ERR,ERR,ERR,ERR,ERR,ERR,ERR,ERR,ERR,ERR,ERR,ERR,ERR,ERR,ERR,ERR,ERR,ERR,ERR,ERR,ERR,ERR,ERR,ERR,ERR,ERR,ERR,ERR,ERR,ERR,ERR,ERR,ERR,ERR,ERR,ERR,ERR,ERR,ERR,ERR,ERR,ERR,ERR,ERR,ERR,ERR,ERR,ERR,ERR,ERR,ERR,ERR,ERR,ERR,ERR,ERR,0.0,0.0,-101055584.0,0.0,0.0,0.0,0.0,nan,0,0,0,32768,0,0.0,0,0.0,0.0,0.0,0.0,0.0,0,0,0,0,0.0,0,0,0,0,0,0,0,0,0,0,0,0,0,0,0,0,0,0,0,0,0,0,0,0,0,0,0,0,0,0,0,0,0,0,0,0,0,0,0,0,0,0,0,0,0.0,0.0,0.0,0.0,0.0,0.0,0.0,0.0,0.0,0.0,0.0,0.0,0.0,0.0,0.0,0.0,0.0,0.0,0.0,0.0,0.0,0.0,-2.004,0.0,-2.004,2.004,0.0,0.0,0.0,0.0,3395.5,0.0,0.0,0.0,0.0,-0.0,0.0,0.0,0.0,0.0,0.0,0,-0.059,-71.629,0.0,0.0,0.0,0.0,0.0,0.0,0.0,0,0,0,0.0,0.0,0.0,0.0,0.0,0.0,0.0,0.0,0.0,0.0,0.0,0.0,0.0,0.0,0.0,0.0,0,-107875648.0,0,0.0,0,-107875648.0,-107877712.0,0,26215,17039,52429,17053,52429,17037,0,0,0,110,100,100,2.7302334150594743e+23,64.0,0.0,64.9,-107615304.0,68.5,1,49,50,180,0,39322,0,0,0.0,0.0,0.0,0.0,-1.4440769252858266e+17,65.0,0.0,7.277526515654756e+21,0.0,645,0,688,0,0,0,717,0,789,0,709,0,689,0,645,0,642,0,616,0.032,46661632.0,0.0,2.7302316136196234e+23,32528,16788,-2.0993840411361856e+22,-0.0,0.002,0.0,-52234276.0,49996648448.0,29.0,60.0,70,0.0,0.0,0.0,0.0,0.0,0.0,0.0,0.0,0.0,0.0,0.0,0.0,0.0,0.0,0.0,0.0,59.2,69,11,65508,41,65476,0,300,0,0,8,20529,65476,0,0,61604,60.0,0.0,0.0,0.0,0.0,0.0
2026-04-04T11:22:56,ERR,ERR,ERR,ERR,ERR,ERR,ERR,ERR,ERR,ERR,ERR,ERR,ERR,ERR,ERR,ERR,ERR,ERR,ERR,ERR,ERR,ERR,ERR,ERR,ERR,ERR,ERR,ERR,ERR,ERR,ERR,ERR,ERR,ERR,ERR,ERR,ERR,ERR,ERR,ERR,ERR,ERR,ERR,ERR,ERR,ERR,ERR,ERR,ERR,ERR,ERR,ERR,ERR,ERR,ERR,ERR,ERR,ERR,ERR,ERR,ERR,ERR,ERR,ERR,ERR,ERR,ERR,ERR,ERR,ERR,ERR,ERR,ERR,ERR,ERR,ERR,ERR,ERR,ERR,ERR,ERR,ERR,ERR,ERR,ERR,ERR,ERR,ERR,ERR,ERR,ERR,ERR,ERR,ERR,ERR,ERR,ERR,ERR,ERR,ERR,ERR,ERR,ERR,ERR,ERR,ERR,ERR,ERR,ERR,ERR,ERR,ERR,ERR,ERR,ERR,ERR,ERR,ERR,ERR,ERR,ERR,ERR,ERR,ERR,ERR,0.0,0.0,-101055584.0,0.0,0.0,0.0,0.0,nan,0,0,0,32768,0,0.0,0,0.0,0.0,0.0,0.0,0.0,0,0,0,0,0.0,0,0,0,0,0,0,0,0,0,0,0,0,0,0,0,0,0,0,0,0,0,0,0,0,0,0,0,0,0,0,0,0,0,0,0,0,0,0,0,0,0,0,0,0,0.0,0.0,0.0,0.0,0.0,0.0,0.0,0.0,0.0,0.0,0.0,0.0,0.0,0.0,0.0,0.0,0.0,0.0,0.0,0.0,0.0,0.0,-2.004,0.0,-2.004,2.004,0.0,0.0,0.0,0.0,3395.5,0.0,0.0,0.0,0.0,-0.0,0.0,0.0,0.0,0.0,0.0,0,-0.059,-71.629,0.0,0.0,0.0,0.0,0.0,0.0,0.0,0,0,0,0.0,0.0,0.0,0.0,0.0,0.0,0.0,0.0,0.0,0.0,0.0,0.0,0.0,0.0,0.0,0.0,0,-107875648.0,0,0.0,0,-107875648.0,-107877712.0,0,26215,17039,52429,17053,52429,17037,0,0,0,110,100,100,2.7302334150594743e+23,64.0,0.0,64.9,-107615304.0,68.5,1,49,50,180,0,39322,0,0,0.0,0.0,0.0,0.0,-1.4440769252858266e+17,65.0,0.0,7.277526515654756e+21,0.0,645,0,688,0,0,0,717,0,789,0,709,0,689,0,645,0,642,0,616,0.032,46661632.0,0.0,2.7302316136196234e+23,32528,16788,-2.0993840411361856e+22,-0.0,0.002,0.0,-52234276.0,49996648448.0,29.0,60.0,70,0.0,0.0,0.0,0.0,0.0,0.0,0.0,0.0,0.0,0.0,0.0,0.0,0.0,0.0,0.0,0.0,59.2,69,11,65508,41,65476,0,300,0,0,8,20529,65476,0,0,61604,60.0,0.0,0.0,0.0,0.0,0.0
2026-04-04T11:22:57,ERR,ERR,ERR,ERR,ERR,ERR,ERR,ERR,ERR,ERR,ERR,ERR,ERR,ERR,ERR,ERR,ERR,ERR,ERR,ERR,ERR,ERR,ERR,ERR,ERR,ERR,ERR,ERR,ERR,ERR,ERR,ERR,ERR,ERR,ERR,ERR,ERR,ERR,ERR,ERR,ERR,ERR,ERR,ERR,ERR,ERR,ERR,ERR,ERR,ERR,ERR,ERR,ERR,ERR,ERR,ERR,ERR,ERR,ERR,ERR,ERR,ERR,ERR,ERR,ERR,ERR,ERR,ERR,ERR,ERR,ERR,ERR,ERR,ERR,ERR,ERR,ERR,ERR,ERR,ERR,ERR,ERR,ERR,ERR,ERR,ERR,ERR,ERR,ERR,ERR,ERR,ERR,ERR,ERR,ERR,ERR,ERR,ERR,ERR,ERR,ERR,ERR,ERR,ERR,ERR,ERR,ERR,ERR,ERR,ERR,ERR,ERR,ERR,ERR,ERR,ERR,ERR,ERR,ERR,ERR,ERR,ERR,ERR,ERR,ERR,0.0,0.0,-101055584.0,0.0,0.0,0.0,0.0,nan,0,0,0,32768,0,0.0,0,0.0,0.0,0.0,0.0,0.0,0,0,0,0,0.0,0,0,0,0,0,0,0,0,0,0,0,0,0,0,0,0,0,0,0,0,0,0,0,0,0,0,0,0,0,0,0,0,0,0,0,0,0,0,0,0,0,0,0,0,0.0,0.0,0.0,0.0,0.0,0.0,0.0,0.0,0.0,0.0,0.0,0.0,0.0,0.0,0.0,0.0,0.0,0.0,0.0,0.0,0.0,0.0,-2.004,0.0,-2.004,2.004,0.0,0.0,0.0,0.0,3395.5,0.0,0.0,0.0,0.0,-0.0,0.0,0.0,0.0,0.0,0.0,0,-0.059,-71.629,0.0,0.0,0.0,0.0,0.0,0.0,0.0,0,0,0,0.0,0.0,0.0,0.0,0.0,0.0,0.0,0.0,0.0,0.0,0.0,0.0,0.0,0.0,0.0,0.0,0,-107875648.0,0,0.0,0,-107875648.0,-107877712.0,0,26215,17039,52429,17053,52429,17037,0,0,0,110,100,100,2.7302334150594743e+23,64.0,0.0,64.9,-107615304.0,68.5,1,49,50,180,0,39322,0,0,0.0,0.0,0.0,0.0,-1.4440769252858266e+17,65.0,0.0,7.277526515654756e+21,0.0,645,0,688,0,0,0,717,0,789,0,709,0,689,0,645,0,642,0,616,0.032,46661632.0,0.0,2.7302316136196234e+23,32528,16788,-2.0993840411361856e+22,-0.0,0.002,0.0,-52234276.0,49996648448.0,29.0,60.0,70,0.0,0.0,0.0,0.0,0.0,0.0,0.0,0.0,0.0,0.0,0.0,0.0,0.0,0.0,0.0,0.0,59.2,69,11,65508,41,65476,0,300,0,0,8,20529,65476,0,0,61604,60.0,0.0,0.0,0.0,0.0,0.0
2026-04-04T11:22:58,ERR,ERR,ERR,ERR,ERR,ERR,ERR,ERR,ERR,ERR,ERR,ERR,ERR,ERR,ERR,ERR,ERR,ERR,ERR,ERR,ERR,ERR,ERR,ERR,ERR,ERR,ERR,ERR,ERR,ERR,ERR,ERR,ERR,ERR,ERR,ERR,ERR,ERR,ERR,ERR,ERR,ERR,ERR,ERR,ERR,ERR,ERR,ERR,ERR,ERR,ERR,ERR,ERR,ERR,ERR,ERR,ERR,ERR,ERR,ERR,ERR,ERR,ERR,ERR,ERR,ERR,ERR,ERR,ERR,ERR,ERR,ERR,ERR,ERR,ERR,ERR,ERR,ERR,ERR,ERR,ERR,ERR,ERR,ERR,ERR,ERR,ERR,ERR,ERR,ERR,ERR,ERR,ERR,ERR,ERR,ERR,ERR,ERR,ERR,ERR,ERR,ERR,ERR,ERR,ERR,ERR,ERR,ERR,ERR,ERR,ERR,ERR,ERR,ERR,ERR,ERR,ERR,ERR,ERR,ERR,ERR,ERR,ERR,ERR,ERR,0.0,0.0,-101055584.0,0.0,0.0,0.0,0.0,nan,0,0,0,32768,0,0.0,0,0.0,0.0,0.0,0.0,0.0,0,0,0,0,0.0,0,0,0,0,0,0,0,0,0,0,0,0,0,0,0,0,0,0,0,0,0,0,0,0,0,0,0,0,0,0,0,0,0,0,0,0,0,0,0,0,0,0,0,0,0.0,0.0,0.0,0.0,0.0,0.0,0.0,0.0,0.0,0.0,0.0,0.0,0.0,0.0,0.0,0.0,0.0,0.0,0.0,0.0,0.0,0.0,-2.004,0.0,-2.004,2.004,0.0,0.0,0.0,0.0,3395.5,0.0,0.0,0.0,0.0,-0.0,0.0,0.0,0.0,0.0,0.0,0,-0.059,-71.629,0.0,0.0,0.0,0.0,0.0,0.0,0.0,0,0,0,0.0,0.0,0.0,0.0,0.0,0.0,0.0,0.0,0.0,0.0,0.0,0.0,0.0,0.0,0.0,0.0,0,-107875648.0,0,0.0,0,-107875648.0,-107877712.0,0,26215,17039,52429,17053,52429,17037,0,0,0,110,100,100,2.7302334150594743e+23,64.0,0.0,64.9,-107615304.0,68.5,1,49,50,180,0,39322,0,0,0.0,0.0,0.0,0.0,-1.4440769252858266e+17,65.0,0.0,7.277526515654756e+21,0.0,645,0,688,0,0,0,717,0,789,0,709,0,689,0,645,0,642,0,616,0.032,46661632.0,0.0,2.7302316136196234e+23,32528,16788,-2.0993840411361856e+22,-0.0,0.002,0.0,-52234276.0,49996648448.0,29.0,60.0,70,0.0,0.0,0.0,0.0,0.0,0.0,0.0,0.0,0.0,0.0,0.0,0.0,0.0,0.0,0.0,0.0,59.2,69,11,65508,41,65476,0,300,0,0,8,20529,65476,0,0,61604,60.0,0.0,0.0,0.0,0.0,0.0
2026-04-04T11:22:59,ERR,ERR,ERR,ERR,ERR,ERR,ERR,ERR,ERR,ERR,ERR,ERR,ERR,ERR,ERR,ERR,ERR,ERR,ERR,ERR,ERR,ERR,ERR,ERR,ERR,ERR,ERR,ERR,ERR,ERR,ERR,ERR,ERR,ERR,ERR,ERR,ERR,ERR,ERR,ERR,ERR,ERR,ERR,ERR,ERR,ERR,ERR,ERR,ERR,ERR,ERR,ERR,ERR,ERR,ERR,ERR,ERR,ERR,ERR,ERR,ERR,ERR,ERR,ERR,ERR,ERR,ERR,ERR,ERR,ERR,ERR,ERR,ERR,ERR,ERR,ERR,ERR,ERR,ERR,ERR,ERR,ERR,ERR,ERR,ERR,ERR,ERR,ERR,ERR,ERR,ERR,ERR,ERR,ERR,ERR,ERR,ERR,ERR,ERR,ERR,ERR,ERR,ERR,ERR,ERR,ERR,ERR,ERR,ERR,ERR,ERR,ERR,ERR,ERR,ERR,ERR,ERR,ERR,ERR,ERR,ERR,ERR,ERR,ERR,ERR,0.0,0.0,-101055584.0,0.0,0.0,0.0,0.0,nan,0,0,0,32768,0,0.0,0,0.0,0.0,0.0,0.0,0.0,0,0,0,0,0.0,0,0,0,0,0,0,0,0,0,0,0,0,0,0,0,0,0,0,0,0,0,0,0,0,0,0,0,0,0,0,0,0,0,0,0,0,0,0,0,0,0,0,0,0,0.0,0.0,0.0,0.0,0.0,0.0,0.0,0.0,0.0,0.0,0.0,0.0,0.0,0.0,0.0,0.0,0.0,0.0,0.0,0.0,0.0,0.0,-2.004,0.0,-2.004,2.004,0.0,0.0,0.0,0.0,3395.5,0.0,0.0,0.0,0.0,-0.0,0.0,0.0,0.0,0.0,0.0,0,-0.059,-71.629,0.0,0.0,0.0,0.0,0.0,0.0,0.0,0,0,0,0.0,0.0,0.0,0.0,0.0,0.0,0.0,0.0,0.0,0.0,0.0,0.0,0.0,0.0,0.0,0.0,0,-107875648.0,0,0.0,0,-107875648.0,-107877712.0,0,26215,17039,52429,17053,52429,17037,0,0,0,110,100,100,2.7302334150594743e+23,64.0,0.0,64.9,-107615304.0,68.5,1,49,50,180,0,39322,0,0,0.0,0.0,0.0,0.0,-1986506522624.0,65.0,0.0,-34625.984,0.0,645,0,688,0,0,0,717,0,789,0,709,0,689,0,645,0,642,0,616,0.032,36962304.0,0.0,2.7302316136196234e+23,46736,16788,-1.335405525323481e+18,-242.258,2854952.0,-2587864576.0,-13211865710592.0,8.162865721513083e+17,29.0,60.0,70,0.0,0.0,0.0,0.0,0.0,0.0,0.0,0.0,0.0,0.0,0.0,0.0,0.0,0.0,0.0,0.0,59.2,69,11,65508,41,65476,0,300,0,0,8,20529,65476,0,0,61604,60.0,0.0,0.0,0.0,0.0,0.0
2026-04-04T11:23:00,ERR,ERR,ERR,ERR,ERR,ERR,ERR,ERR,ERR,ERR,ERR,ERR,ERR,ERR,ERR,ERR,ERR,ERR,ERR,ERR,ERR,ERR,ERR,ERR,ERR,ERR,ERR,ERR,ERR,ERR,ERR,ERR,ERR,ERR,ERR,ERR,ERR,ERR,ERR,ERR,ERR,ERR,ERR,ERR,ERR,ERR,ERR,ERR,ERR,ERR,ERR,ERR,ERR,ERR,ERR,ERR,ERR,ERR,ERR,ERR,ERR,ERR,ERR,ERR,ERR,ERR,ERR,ERR,ERR,ERR,ERR,ERR,ERR,ERR,ERR,ERR,ERR,ERR,ERR,ERR,ERR,ERR,ERR,ERR,ERR,ERR,ERR,ERR,ERR,ERR,ERR,ERR,ERR,ERR,ERR,ERR,ERR,ERR,ERR,ERR,ERR,ERR,ERR,ERR,ERR,ERR,ERR,ERR,ERR,ERR,ERR,ERR,ERR,ERR,ERR,ERR,ERR,ERR,ERR,ERR,ERR,ERR,ERR,ERR,ERR,0.0,0.0,-101055584.0,0.0,0.0,0.0,0.0,nan,0,0,0,32768,0,0.0,0,0.0,0.0,0.0,0.0,0.0,0,0,0,0,0.0,0,0,0,0,0,0,0,0,0,0,0,0,0,0,0,0,0,0,0,0,0,0,0,0,0,0,0,0,0,0,0,0,0,0,0,0,0,0,0,0,0,0,0,0,0.0,0.0,0.0,0.0,0.0,0.0,0.0,0.0,0.0,0.0,0.0,0.0,0.0,0.0,0.0,0.0,0.0,0.0,0.0,0.0,0.0,0.0,-2.004,0.0,-2.004,2.004,0.0,0.0,0.0,0.0,3395.5,0.0,0.0,0.0,0.0,-0.0,0.0,0.0,0.0,0.0,0.0,0,-0.059,-71.629,0.0,0.0,0.0,0.0,0.0,0.0,0.0,0,0,0,0.0,0.0,0.0,0.0,0.0,0.0,0.0,0.0,0.0,0.0,0.0,0.0,0.0,0.0,0.0,0.0,0,-107875648.0,0,0.0,0,-107875648.0,-107877712.0,0,26215,17039,52429,17053,52429,17037,0,0,0,110,100,100,2.7302334150594743e+23,64.0,0.0,64.9,-107615304.0,68.5,1,49,50,180,0,39322,0,0,0.0,0.0,0.0,0.0,-1986506522624.0,65.0,0.0,-34625.984,0.0,645,0,688,0,0,0,717,0,789,0,709,0,689,0,645,0,642,0,616,0.032,36962304.0,0.0,2.7302316136196234e+23,46736,16788,-1.335405525323481e+18,-242.258,2854952.0,-2587864576.0,-13211865710592.0,8.162865721513083e+17,29.0,60.0,70,0.0,0.0,0.0,0.0,0.0,0.0,0.0,0.0,0.0,0.0,0.0,0.0,0.0,0.0,0.0,0.0,59.2,69,11,65508,41,65476,0,300,0,0,8,20529,65476,0,0,61604,60.0,0.0,0.0,0.0,0.0,0.0
2026-04-04T11:23:01,ERR,ERR,ERR,ERR,ERR,ERR,ERR,ERR,ERR,ERR,ERR,ERR,ERR,ERR,ERR,ERR,ERR,ERR,ERR,ERR,ERR,ERR,ERR,ERR,ERR,ERR,ERR,ERR,ERR,ERR,ERR,ERR,ERR,ERR,ERR,ERR,ERR,ERR,ERR,ERR,ERR,ERR,ERR,ERR,ERR,ERR,ERR,ERR,ERR,ERR,ERR,ERR,ERR,ERR,ERR,ERR,ERR,ERR,ERR,ERR,ERR,ERR,ERR,ERR,ERR,ERR,ERR,ERR,ERR,ERR,ERR,ERR,ERR,ERR,ERR,ERR,ERR,ERR,ERR,ERR,ERR,ERR,ERR,ERR,ERR,ERR,ERR,ERR,ERR,ERR,ERR,ERR,ERR,ERR,ERR,ERR,ERR,ERR,ERR,ERR,ERR,ERR,ERR,ERR,ERR,ERR,ERR,ERR,ERR,ERR,ERR,ERR,ERR,ERR,ERR,ERR,ERR,ERR,ERR,ERR,ERR,ERR,ERR,ERR,ERR,0.0,0.0,-101055584.0,0.0,0.0,0.0,0.0,nan,0,0,0,32768,0,0.0,0,0.0,0.0,0.0,0.0,0.0,0,0,0,0,0.0,0,0,0,0,0,0,0,0,0,0,0,0,0,0,0,0,0,0,0,0,0,0,0,0,0,0,0,0,0,0,0,0,0,0,0,0,0,0,0,0,0,0,0,0,0.0,0.0,0.0,0.0,0.0,0.0,0.0,0.0,0.0,0.0,0.0,0.0,0.0,0.0,0.0,0.0,0.0,0.0,0.0,0.0,0.0,0.0,-2.004,0.0,-2.004,2.004,0.0,0.0,0.0,0.0,3395.5,0.0,0.0,0.0,0.0,-0.0,0.0,0.0,0.0,0.0,0.0,0,-0.059,-71.629,0.0,0.0,0.0,0.0,0.0,0.0,0.0,0,0,0,0.0,0.0,0.0,0.0,0.0,0.0,0.0,0.0,0.0,0.0,0.0,0.0,0.0,0.0,0.0,0.0,0,-107875648.0,0,0.0,0,-107875648.0,-107877712.0,0,26215,17039,52429,17053,52429,17037,0,0,0,110,100,100,2.7302334150594743e+23,64.0,0.0,64.9,-107615304.0,68.5,1,49,50,180,0,39322,0,0,0.0,0.0,0.0,0.0,-1986506522624.0,65.0,0.0,-34625.984,0.0,645,0,688,0,0,0,717,0,789,0,709,0,689,0,645,0,642,0,616,0.032,36962304.0,0.0,2.7302316136196234e+23,46736,16788,-1.335405525323481e+18,-242.258,2854952.0,-2587864576.0,-13211865710592.0,8.162865721513083e+17,29.0,60.0,70,0.0,0.0,0.0,0.0,0.0,0.0,0.0,0.0,0.0,0.0,0.0,0.0,0.0,0.0,0.0,0.0,59.2,69,11,65508,41,65476,0,300,0,0,8,20529,65476,0,0,61604,60.0,0.0,0.0,0.0,0.0,0.0
2026-04-04T11:23:02,ERR,ERR,ERR,ERR,ERR,ERR,ERR,ERR,ERR,ERR,ERR,ERR,ERR,ERR,ERR,ERR,ERR,ERR,ERR,ERR,ERR,ERR,ERR,ERR,ERR,ERR,ERR,ERR,ERR,ERR,ERR,ERR,ERR,ERR,ERR,ERR,ERR,ERR,ERR,ERR,ERR,ERR,ERR,ERR,ERR,ERR,ERR,ERR,ERR,ERR,ERR,ERR,ERR,ERR,ERR,ERR,ERR,ERR,ERR,ERR,ERR,ERR,ERR,ERR,ERR,ERR,ERR,ERR,ERR,ERR,ERR,ERR,ERR,ERR,ERR,ERR,ERR,ERR,ERR,ERR,ERR,ERR,ERR,ERR,ERR,ERR,ERR,ERR,ERR,ERR,ERR,ERR,ERR,ERR,ERR,ERR,ERR,ERR,ERR,ERR,ERR,ERR,ERR,ERR,ERR,ERR,ERR,ERR,ERR,ERR,ERR,ERR,ERR,ERR,ERR,ERR,ERR,ERR,ERR,ERR,ERR,ERR,ERR,ERR,ERR,0.0,0.0,-101055584.0,0.0,0.0,0.0,0.0,nan,0,0,0,32768,0,0.0,0,0.0,0.0,0.0,0.0,0.0,0,0,0,0,0.0,0,0,0,0,0,0,0,0,0,0,0,0,0,0,0,0,0,0,0,0,0,0,0,0,0,0,0,0,0,0,0,0,0,0,0,0,0,0,0,0,0,0,0,0,0.0,0.0,0.0,0.0,0.0,0.0,0.0,0.0,0.0,0.0,0.0,0.0,0.0,0.0,0.0,0.0,0.0,0.0,0.0,0.0,0.0,0.0,-2.004,0.0,-2.004,2.004,0.0,0.0,0.0,0.0,3395.5,0.0,0.0,0.0,0.0,-0.0,0.0,0.0,0.0,0.0,0.0,0,-0.059,-71.629,0.0,0.0,0.0,0.0,0.0,0.0,0.0,0,0,0,0.0,0.0,0.0,0.0,0.0,0.0,0.0,0.0,0.0,0.0,0.0,0.0,0.0,0.0,0.0,0.0,0,-107875648.0,0,0.0,0,-107875648.0,-107877712.0,0,26215,17039,52429,17053,52429,17037,0,0,0,110,100,100,2.7302334150594743e+23,64.0,0.0,64.9,-107615304.0,68.5,1,49,50,180,0,39322,0,0,0.0,0.0,0.0,0.0,-1986506522624.0,65.0,0.0,-34625.984,0.0,645,0,688,0,0,0,717,0,789,0,709,0,689,0,645,0,642,0,616,0.032,36962304.0,0.0,2.7302316136196234e+23,46736,16788,-1.335405525323481e+18,-242.258,2854952.0,-2587864576.0,-13211865710592.0,8.162865721513083e+17,29.0,60.0,70,0.0,0.0,0.0,0.0,0.0,0.0,0.0,0.0,0.0,0.0,0.0,0.0,0.0,0.0,0.0,0.0,59.2,69,11,65508,41,65476,0,300,0,0,8,20529,65476,0,0,61604,60.0,0.0,0.0,0.0,0.0,0.0
2026-04-04T11:23:03,ERR,ERR,ERR,ERR,ERR,ERR,ERR,ERR,ERR,ERR,ERR,ERR,ERR,ERR,ERR,ERR,ERR,ERR,ERR,ERR,ERR,ERR,ERR,ERR,ERR,ERR,ERR,ERR,ERR,ERR,ERR,ERR,ERR,ERR,ERR,ERR,ERR,ERR,ERR,ERR,ERR,ERR,ERR,ERR,ERR,ERR,ERR,ERR,ERR,ERR,ERR,ERR,ERR,ERR,ERR,ERR,ERR,ERR,ERR,ERR,ERR,ERR,ERR,ERR,ERR,ERR,ERR,ERR,ERR,ERR,ERR,ERR,ERR,ERR,ERR,ERR,ERR,ERR,ERR,ERR,ERR,ERR,ERR,ERR,ERR,ERR,ERR,ERR,ERR,ERR,ERR,ERR,ERR,ERR,ERR,ERR,ERR,ERR,ERR,ERR,ERR,ERR,ERR,ERR,ERR,ERR,ERR,ERR,ERR,ERR,ERR,ERR,ERR,ERR,ERR,ERR,ERR,ERR,ERR,ERR,ERR,ERR,ERR,ERR,ERR,0.0,0.0,-101055584.0,0.0,0.0,0.0,0.0,nan,0,0,0,32768,0,0.0,0,0.0,0.0,0.0,0.0,0.0,0,0,0,0,0.0,0,0,0,0,0,0,0,0,0,0,0,0,0,0,0,0,0,0,0,0,0,0,0,0,0,0,0,0,0,0,0,0,0,0,0,0,0,0,0,0,0,0,0,0,0.0,0.0,0.0,0.0,0.0,0.0,0.0,0.0,0.0,0.0,0.0,0.0,0.0,0.0,0.0,0.0,0.0,0.0,0.0,0.0,0.0,0.0,-2.004,0.0,-2.004,2.004,0.0,0.0,0.0,0.0,3378.5,-1.5879155638041463e+29,0.0,0.0,0.0,-0.0,0.0,0.0,0.0,0.0,0.0,0,-0.0,-107614264.0,0.0,0.0,0.0,0.0,0.0,0.0,0.0,0,0,0,0.0,0.0,0.0,0.0,0.0,0.0,0.0,0.0,0.0,0.0,0.0,0.0,0.0,0.0,0.0,0.0,0,-107875648.0,0,0.0,0,-107875648.0,-107877712.0,0,26215,17039,52429,17053,52429,17037,0,0,0,110,100,100,2.7302334150594743e+23,64.0,0.0,64.9,-107615304.0,68.5,1,49,50,180,0,39322,0,0,0.0,0.0,0.0,0.0,-1986506522624.0,65.0,0.0,-34625.984,0.0,645,0,688,0,0,0,717,0,789,0,709,0,689,0,645,0,642,0,616,0.032,36962304.0,0.0,2.7302316136196234e+23,46736,16788,-1.335405525323481e+18,-242.258,2854952.0,-2587864576.0,-13211865710592.0,8.162865721513083e+17,29.0,60.0,70,0.0,0.0,0.0,0.0,0.0,0.0,0.0,0.0,0.0,0.0,0.0,0.0,0.0,0.0,0.0,0.0,59.2,69,11,65508,41,65476,0,300,0,0,8,20529,65476,0,0,61604,60.0,0.0,0.0,0.0,0.0,0.0
2026-04-04T11:23:04,ERR,ERR,ERR,ERR,ERR,ERR,ERR,ERR,ERR,ERR,ERR,ERR,ERR,ERR,ERR,ERR,ERR,ERR,ERR,ERR,ERR,ERR,ERR,ERR,ERR,ERR,ERR,ERR,ERR,ERR,ERR,ERR,ERR,ERR,ERR,ERR,ERR,ERR,ERR,ERR,ERR,ERR,ERR,ERR,ERR,ERR,ERR,ERR,ERR,ERR,ERR,ERR,ERR,ERR,ERR,ERR,ERR,ERR,ERR,ERR,ERR,ERR,ERR,ERR,ERR,ERR,ERR,ERR,ERR,ERR,ERR,ERR,ERR,ERR,ERR,ERR,ERR,ERR,ERR,ERR,ERR,ERR,ERR,ERR,ERR,ERR,ERR,ERR,ERR,ERR,ERR,ERR,ERR,ERR,ERR,ERR,ERR,ERR,ERR,ERR,ERR,ERR,ERR,ERR,ERR,ERR,ERR,ERR,ERR,ERR,ERR,ERR,ERR,ERR,ERR,ERR,ERR,ERR,ERR,ERR,ERR,ERR,ERR,ERR,ERR,0.0,0.0,-101055584.0,0.0,0.0,0.0,0.0,nan,0,0,0,32768,0,0.0,0,0.0,0.0,0.0,0.0,0.0,0,0,0,0,0.0,0,0,0,0,0,0,0,0,0,0,0,0,0,0,0,0,0,0,0,0,0,0,0,0,0,0,0,0,0,0,0,0,0,0,0,0,0,0,0,0,0,0,0,0,0.0,0.0,0.0,0.0,0.0,0.0,0.0,0.0,0.0,0.0,0.0,0.0,0.0,0.0,0.0,0.0,0.0,0.0,0.0,0.0,0.0,0.0,-2.004,0.0,-2.004,2.004,0.0,0.0,0.0,0.0,3378.5,-1.5879155638041463e+29,0.0,0.0,0.0,-0.0,0.0,0.0,0.0,0.0,0.0,0,-0.0,-107614264.0,0.0,0.0,0.0,0.0,0.0,0.0,0.0,0,0,0,0.0,0.0,0.0,0.0,0.0,0.0,0.0,0.0,0.0,0.0,0.0,0.0,0.0,0.0,0.0,0.0,0,-107875648.0,0,0.0,0,-107875648.0,-107877712.0,0,26215,17039,52429,17053,52429,17037,0,0,0,110,100,100,2.7302334150594743e+23,64.0,0.0,64.9,-107615304.0,68.5,1,49,50,180,0,39322,0,0,0.0,0.0,0.0,0.0,-1986506522624.0,65.0,0.0,-34625.984,0.0,645,0,688,0,0,0,717,0,789,0,709,0,689,0,645,0,642,0,616,0.032,36962304.0,0.0,2.7302316136196234e+23,46736,16788,-1.335405525323481e+18,-242.258,2854952.0,-2587864576.0,-13211865710592.0,8.162865721513083e+17,29.0,60.0,70,0.0,0.0,0.0,0.0,0.0,0.0,0.0,0.0,0.0,0.0,0.0,0.0,0.0,0.0,0.0,0.0,59.2,69,11,65508,41,65476,0,300,0,0,8,20529,65476,0,0,61604,60.0,0.0,0.0,0.0,0.0,0.0
2026-04-04T11:23:05,ERR,ERR,ERR,ERR,ERR,ERR,ERR,ERR,ERR,ERR,ERR,ERR,ERR,ERR,ERR,ERR,ERR,ERR,ERR,ERR,ERR,ERR,ERR,ERR,ERR,ERR,ERR,ERR,ERR,ERR,ERR,ERR,ERR,ERR,ERR,ERR,ERR,ERR,ERR,ERR,ERR,ERR,ERR,ERR,ERR,ERR,ERR,ERR,ERR,ERR,ERR,ERR,ERR,ERR,ERR,ERR,ERR,ERR,ERR,ERR,ERR,ERR,ERR,ERR,ERR,ERR,ERR,ERR,ERR,ERR,ERR,ERR,ERR,ERR,ERR,ERR,ERR,ERR,ERR,ERR,ERR,ERR,ERR,ERR,ERR,ERR,ERR,ERR,ERR,ERR,ERR,ERR,ERR,ERR,ERR,ERR,ERR,ERR,ERR,ERR,ERR,ERR,ERR,ERR,ERR,ERR,ERR,ERR,ERR,ERR,ERR,ERR,ERR,ERR,ERR,ERR,ERR,ERR,ERR,ERR,ERR,ERR,ERR,ERR,ERR,0.0,0.0,-101055584.0,0.0,0.0,0.0,0.0,nan,0,0,0,32768,0,0.0,0,0.0,0.0,0.0,0.0,0.0,0,0,0,0,0.0,0,0,0,0,0,0,0,0,0,0,0,0,0,0,0,0,0,0,0,0,0,0,0,0,0,0,0,0,0,0,0,0,0,0,0,0,0,0,0,0,0,0,0,0,0.0,0.0,0.0,0.0,0.0,0.0,0.0,0.0,0.0,0.0,0.0,0.0,0.0,0.0,0.0,0.0,0.0,0.0,0.0,0.0,0.0,0.0,-2.004,0.0,-2.004,2.004,0.0,0.0,0.0,0.0,3378.5,-1.5879155638041463e+29,0.0,0.0,0.0,-0.0,0.0,0.0,0.0,0.0,0.0,0,-0.0,-107614264.0,0.0,0.0,0.0,0.0,0.0,0.0,0.0,0,0,0,0.0,0.0,0.0,0.0,0.0,0.0,0.0,0.0,0.0,0.0,0.0,0.0,0.0,0.0,0.0,0.0,0,-107875648.0,0,0.0,0,-107875648.0,-107877712.0,0,26215,17039,52429,17053,52429,17037,0,0,0,110,100,100,2.7302334150594743e+23,64.0,0.0,64.5,0.0,68.5,1,49,50,180,0,39322,0,0,0.0,0.0,0.0,0.0,-1.335405525323481e+18,65.0,0.0,-5.712361916598912e+26,0.0,645,0,688,0,0,0,717,0,789,0,709,0,689,0,645,0,642,0,616,0.032,55574528.0,0.0,2.7302316136196234e+23,37520,16788,-1.1382363921218986e+22,-0.0,4303437824.0,0.0,-3188723575422976.0,1.1829161818125763e+21,29.0,60.0,70,0.0,0.0,0.0,0.0,0.0,0.0,0.0,0.0,0.0,0.0,0.0,0.0,0.0,0.0,0.0,0.0,59.2,69,11,65508,41,65476,0,300,0,0,8,20529,65476,0,0,61604,60.0,0.0,0.0,0.0,0.0,0.0
2026-04-04T11:23:06,ERR,ERR,ERR,ERR,ERR,ERR,ERR,ERR,ERR,ERR,ERR,ERR,ERR,ERR,ERR,ERR,ERR,ERR,ERR,ERR,ERR,ERR,ERR,ERR,ERR,ERR,ERR,ERR,ERR,ERR,ERR,ERR,ERR,ERR,ERR,ERR,ERR,ERR,ERR,ERR,ERR,ERR,ERR,ERR,ERR,ERR,ERR,ERR,ERR,ERR,ERR,ERR,ERR,ERR,ERR,ERR,ERR,ERR,ERR,ERR,ERR,ERR,ERR,ERR,ERR,ERR,ERR,ERR,ERR,ERR,ERR,ERR,ERR,ERR,ERR,ERR,ERR,ERR,ERR,ERR,ERR,ERR,ERR,ERR,ERR,ERR,ERR,ERR,ERR,ERR,ERR,ERR,ERR,ERR,ERR,ERR,ERR,ERR,ERR,ERR,ERR,ERR,ERR,ERR,ERR,ERR,ERR,ERR,ERR,ERR,ERR,ERR,ERR,ERR,ERR,ERR,ERR,ERR,ERR,ERR,ERR,ERR,ERR,ERR,ERR,0.0,0.0,-101055584.0,0.0,0.0,0.0,0.0,nan,0,0,0,32768,0,0.0,0,0.0,0.0,0.0,0.0,0.0,0,0,0,0,0.0,0,0,0,0,0,0,0,0,0,0,0,0,0,0,0,0,0,0,0,0,0,0,0,0,0,0,0,0,0,0,0,0,0,0,0,0,0,0,0,0,0,0,0,0,0.0,0.0,0.0,0.0,0.0,0.0,0.0,0.0,0.0,0.0,0.0,0.0,0.0,0.0,0.0,0.0,0.0,0.0,0.0,0.0,0.0,0.0,-2.004,0.0,-2.004,2.004,0.0,0.0,0.0,0.0,3378.5,-1.5879155638041463e+29,0.0,0.0,0.0,-0.0,0.0,0.0,0.0,0.0,0.0,0,-0.0,-107614264.0,0.0,0.0,0.0,0.0,0.0,0.0,0.0,0,0,0,0.0,0.0,0.0,0.0,0.0,0.0,0.0,0.0,0.0,0.0,0.0,0.0,0.0,0.0,0.0,0.0,0,-107875648.0,0,0.0,0,-107875648.0,-107877712.0,0,26215,17039,52429,17053,52429,17037,0,0,0,110,100,100,2.7302334150594743e+23,64.0,0.0,64.5,0.0,68.5,1,49,50,180,0,39322,0,0,0.0,0.0,0.0,0.0,-1.335405525323481e+18,65.0,0.0,-5.712361916598912e+26,0.0,645,0,688,0,0,0,717,0,789,0,709,0,689,0,645,0,642,0,616,0.032,55574528.0,0.0,2.7302316136196234e+23,37520,16788,-1.1382363921218986e+22,-0.0,4303437824.0,0.0,-3188723575422976.0,1.1829161818125763e+21,29.0,60.0,70,0.0,0.0,0.0,0.0,0.0,0.0,0.0,0.0,0.0,0.0,0.0,0.0,0.0,0.0,0.0,0.0,59.2,69,11,65508,41,65476,0,300,0,0,8,20529,65476,0,0,61604,60.0,0.0,0.0,0.0,0.0,0.0
2026-04-04T11:23:07,ERR,ERR,ERR,ERR,ERR,ERR,ERR,ERR,ERR,ERR,ERR,ERR,ERR,ERR,ERR,ERR,ERR,ERR,ERR,ERR,ERR,ERR,ERR,ERR,ERR,ERR,ERR,ERR,ERR,ERR,ERR,ERR,ERR,ERR,ERR,ERR,ERR,ERR,ERR,ERR,ERR,ERR,ERR,ERR,ERR,ERR,ERR,ERR,ERR,ERR,ERR,ERR,ERR,ERR,ERR,ERR,ERR,ERR,ERR,ERR,ERR,ERR,ERR,ERR,ERR,ERR,ERR,ERR,ERR,ERR,ERR,ERR,ERR,ERR,ERR,ERR,ERR,ERR,ERR,ERR,ERR,ERR,ERR,ERR,ERR,ERR,ERR,ERR,ERR,ERR,ERR,ERR,ERR,ERR,ERR,ERR,ERR,ERR,ERR,ERR,ERR,ERR,ERR,ERR,ERR,ERR,ERR,ERR,ERR,ERR,ERR,ERR,ERR,ERR,ERR,ERR,ERR,ERR,ERR,ERR,ERR,ERR,ERR,ERR,ERR,0.0,0.0,-101055584.0,0.0,0.0,0.0,0.0,nan,0,0,0,32768,0,0.0,0,0.0,0.0,0.0,0.0,0.0,0,0,0,0,0.0,0,0,0,0,0,0,0,0,0,0,0,0,0,0,0,0,0,0,0,0,0,0,0,0,0,0,0,0,0,0,0,0,0,0,0,0,0,0,0,0,0,0,0,0,0.0,0.0,0.0,0.0,0.0,0.0,0.0,0.0,0.0,0.0,0.0,0.0,0.0,0.0,0.0,0.0,0.0,0.0,0.0,0.0,0.0,0.0,-2.004,0.0,-2.004,2.004,0.0,0.0,0.0,0.0,3378.5,-1.5879155638041463e+29,0.0,0.0,0.0,-0.0,0.0,0.0,0.0,0.0,0.0,0,-0.0,-107614264.0,0.0,0.0,0.0,0.0,0.0,0.0,0.0,0,0,0,0.0,0.0,0.0,0.0,0.0,0.0,0.0,0.0,0.0,0.0,0.0,0.0,0.0,0.0,0.0,0.0,0,-107875648.0,0,0.0,0,-107875648.0,-107877712.0,0,26215,17039,52429,17053,52429,17037,0,0,0,110,100,100,2.7302334150594743e+23,64.0,0.0,64.5,0.0,68.5,1,49,50,180,0,39322,0,0,0.0,0.0,0.0,0.0,-1.335405525323481e+18,65.0,0.0,-5.712361916598912e+26,0.0,645,0,688,0,0,0,717,0,789,0,709,0,689,0,645,0,642,0,616,0.032,55574528.0,0.0,2.7302316136196234e+23,37520,16788,-1.1382363921218986e+22,-0.0,4303437824.0,0.0,-3188723575422976.0,1.1829161818125763e+21,29.0,60.0,70,0.0,0.0,0.0,0.0,0.0,0.0,0.0,0.0,0.0,0.0,0.0,0.0,0.0,0.0,0.0,0.0,59.2,69,11,65508,41,65476,0,300,0,0,8,20529,65476,0,0,61604,60.0,0.0,0.0,0.0,0.0,0.0
2026-04-04T11:23:08,ERR,ERR,ERR,ERR,ERR,ERR,ERR,ERR,ERR,ERR,ERR,ERR,ERR,ERR,ERR,ERR,ERR,ERR,ERR,ERR,ERR,ERR,ERR,ERR,ERR,ERR,ERR,ERR,ERR,ERR,ERR,ERR,ERR,ERR,ERR,ERR,ERR,ERR,ERR,ERR,ERR,ERR,ERR,ERR,ERR,ERR,ERR,ERR,ERR,ERR,ERR,ERR,ERR,ERR,ERR,ERR,ERR,ERR,ERR,ERR,ERR,ERR,ERR,ERR,ERR,ERR,ERR,ERR,ERR,ERR,ERR,ERR,ERR,ERR,ERR,ERR,ERR,ERR,ERR,ERR,ERR,ERR,ERR,ERR,ERR,ERR,ERR,ERR,ERR,ERR,ERR,ERR,ERR,ERR,ERR,ERR,ERR,ERR,ERR,ERR,ERR,ERR,ERR,ERR,ERR,ERR,ERR,ERR,ERR,ERR,ERR,ERR,ERR,ERR,ERR,ERR,ERR,ERR,ERR,ERR,ERR,ERR,ERR,ERR,ERR,0.0,0.0,-101055584.0,0.0,0.0,0.0,0.0,nan,0,0,0,32768,0,0.0,0,0.0,0.0,0.0,0.0,0.0,0,0,0,0,0.0,0,0,0,0,0,0,0,0,0,0,0,0,0,0,0,0,0,0,0,0,0,0,0,0,0,0,0,0,0,0,0,0,0,0,0,0,0,0,0,0,0,0,0,0,0.0,0.0,0.0,0.0,0.0,0.0,0.0,0.0,0.0,0.0,0.0,0.0,0.0,0.0,0.0,0.0,0.0,0.0,0.0,0.0,0.0,0.0,-2.004,0.0,-2.004,2.004,0.0,0.0,0.0,0.0,3378.5,-1.5879155638041463e+29,0.0,0.0,0.0,-0.0,0.0,0.0,0.0,0.0,0.0,0,-0.0,-107614264.0,0.0,0.0,0.0,0.0,0.0,0.0,0.0,0,0,0,0.0,0.0,0.0,0.0,0.0,0.0,0.0,0.0,0.0,0.0,0.0,0.0,0.0,0.0,0.0,0.0,0,-107875648.0,0,0.0,0,-107875648.0,-107877712.0,0,26215,17039,52429,17053,52429,17037,0,0,0,110,100,100,2.7302334150594743e+23,64.0,0.0,64.5,0.0,68.5,1,49,50,180,0,39322,0,0,0.0,0.0,0.0,0.0,-1.335405525323481e+18,65.0,0.0,-5.712361916598912e+26,0.0,645,0,688,0,0,0,717,0,789,0,709,0,689,0,645,0,642,0,616,0.032,55574528.0,0.0,2.7302316136196234e+23,37520,16788,-1.1382363921218986e+22,-0.0,4303437824.0,0.0,-3188723575422976.0,1.1829161818125763e+21,29.0,60.0,70,0.0,0.0,0.0,0.0,0.0,0.0,0.0,0.0,0.0,0.0,0.0,0.0,0.0,0.0,0.0,0.0,59.2,69,11,65508,41,65476,0,300,0,0,8,20529,65476,0,0,61604,60.0,0.0,0.0,0.0,0.0,0.0
2026-04-04T11:23:09,ERR,ERR,ERR,ERR,ERR,ERR,ERR,ERR,ERR,ERR,ERR,ERR,ERR,ERR,ERR,ERR,ERR,ERR,ERR,ERR,ERR,ERR,ERR,ERR,ERR,ERR,ERR,ERR,ERR,ERR,ERR,ERR,ERR,ERR,ERR,ERR,ERR,ERR,ERR,ERR,ERR,ERR,ERR,ERR,ERR,ERR,ERR,ERR,ERR,ERR,ERR,ERR,ERR,ERR,ERR,ERR,ERR,ERR,ERR,ERR,ERR,ERR,ERR,ERR,ERR,ERR,ERR,ERR,ERR,ERR,ERR,ERR,ERR,ERR,ERR,ERR,ERR,ERR,ERR,ERR,ERR,ERR,ERR,ERR,ERR,ERR,ERR,ERR,ERR,ERR,ERR,ERR,ERR,ERR,ERR,ERR,ERR,ERR,ERR,ERR,ERR,ERR,ERR,ERR,ERR,ERR,ERR,ERR,ERR,ERR,ERR,ERR,ERR,ERR,ERR,ERR,ERR,ERR,ERR,ERR,ERR,ERR,ERR,ERR,ERR,0.0,0.0,-101055584.0,0.0,0.0,0.0,0.0,nan,0,0,0,32768,0,0.0,0,0.0,0.0,0.0,0.0,0.0,0,0,0,0,0.0,0,0,0,0,0,0,0,0,0,0,0,0,0,0,0,0,0,0,0,0,0,0,0,0,0,0,0,0,0,0,0,0,0,0,0,0,0,0,0,0,0,0,0,0,0.0,0.0,0.0,0.0,0.0,0.0,0.0,0.0,0.0,0.0,0.0,0.0,0.0,0.0,0.0,0.0,0.0,0.0,0.0,0.0,0.0,0.0,-2.004,0.0,-2.004,2.004,0.0,0.0,0.0,0.0,3378.5,-1.5879155638041463e+29,0.0,0.0,0.0,-0.0,0.0,0.0,0.0,0.0,0.0,0,-0.0,-107614264.0,0.0,0.0,0.0,0.0,0.0,0.0,0.0,0,0,0,0.0,0.0,0.0,0.0,0.0,0.0,0.0,0.0,0.0,0.0,0.0,0.0,0.0,0.0,0.0,0.0,0,-107875648.0,0,0.0,0,-107875648.0,-107877712.0,0,26215,17039,52429,17053,52429,17037,0,0,0,110,100,100,2.7302334150594743e+23,64.0,0.0,64.5,0.0,68.5,1,49,50,180,0,39322,0,0,0.0,0.0,0.0,0.0,-1.335405525323481e+18,65.0,0.0,-5.712361916598912e+26,0.0,645,0,688,0,0,0,717,0,789,0,709,0,689,0,645,0,642,0,616,0.032,55574528.0,0.0,2.7302316136196234e+23,37520,16788,-1.1382363921218986e+22,-0.0,4303437824.0,0.0,-3188723575422976.0,1.1829161818125763e+21,29.0,60.0,70,0.0,0.0,0.0,0.0,0.0,0.0,0.0,0.0,0.0,0.0,0.0,0.0,0.0,0.0,0.0,0.0,59.2,69,11,65508,41,65476,0,300,0,0,8,20529,65476,0,0,61604,60.0,0.0,0.0,0.0,0.0,0.0
2026-04-04T11:23:10,ERR,ERR,ERR,ERR,ERR,ERR,ERR,ERR,ERR,ERR,ERR,ERR,ERR,ERR,ERR,ERR,ERR,ERR,ERR,ERR,ERR,ERR,ERR,ERR,ERR,ERR,ERR,ERR,ERR,ERR,ERR,ERR,ERR,ERR,ERR,ERR,ERR,ERR,ERR,ERR,ERR,ERR,ERR,ERR,ERR,ERR,ERR,ERR,ERR,ERR,ERR,ERR,ERR,ERR,ERR,ERR,ERR,ERR,ERR,ERR,ERR,ERR,ERR,ERR,ERR,ERR,ERR,ERR,ERR,ERR,ERR,ERR,ERR,ERR,ERR,ERR,ERR,ERR,ERR,ERR,ERR,ERR,ERR,ERR,ERR,ERR,ERR,ERR,ERR,ERR,ERR,ERR,ERR,ERR,ERR,ERR,ERR,ERR,ERR,ERR,ERR,ERR,ERR,ERR,ERR,ERR,ERR,ERR,ERR,ERR,ERR,ERR,ERR,ERR,ERR,ERR,ERR,ERR,ERR,ERR,ERR,ERR,ERR,ERR,ERR,0.0,0.0,-101055584.0,0.0,0.0,0.0,0.0,nan,0,0,0,32768,0,0.0,0,0.0,0.0,0.0,0.0,0.0,0,0,0,0,0.0,0,0,0,0,0,0,0,0,0,0,0,0,0,0,0,0,0,0,0,0,0,0,0,0,0,0,0,0,0,0,0,0,0,0,0,0,0,0,0,0,0,0,0,0,0.0,0.0,0.0,0.0,0.0,0.0,0.0,0.0,0.0,0.0,0.0,0.0,0.0,0.0,-2.5962063029642504e+33,0.0,0.0,0.0,0.0,0.0,0.0,0.0,-2.004,0.0,-2.004,2.004,0.0,0.0,0.0,0.0,3396.5,2.004,0.0,0.0,0.0,-0.0,0.0,0.0,0.0,0.0,0.0,0,-0.0,-107614264.0,0.0,0.0,0.0,0.0,0.0,0.0,0.0,0,0,0,0.0,0.0,0.0,0.0,0.0,0.0,0.0,0.0,0.0,0.0,0.0,0.0,0.0,0.0,0.0,0.0,0,-107875648.0,0,0.0,0,-107875648.0,-107877712.0,0,26215,17039,52429,17053,52429,17037,0,0,0,110,100,100,2.7302334150594743e+23,64.0,0.0,64.9,-107615304.0,68.5,1,49,50,180,0,39322,0,0,0.0,0.0,0.0,0.0,-1017091339583488.0,65.0,0.0,-0.0,0.0,645,0,688,0,0,0,717,0,789,0,709,0,689,0,645,0,642,0,616,0.032,46137344.0,0.0,2.7302316136196234e+23,33168,16788,-4001952.5,-0.0,0.0,-818932416.0,-0.0,0.0,29.0,60.0,70,0.0,0.0,0.0,0.0,0.0,0.0,0.0,0.0,0.0,0.0,0.0,0.0,0.0,0.0,0.0,0.0,59.2,69,11,65508,41,65476,0,300,0,0,8,20529,65476,0,0,61604,60.0,0.0,0.0,0.0,0.0,0.0
2026-04-04T11:23:11,ERR,ERR,ERR,ERR,ERR,ERR,ERR,ERR,ERR,ERR,ERR,ERR,ERR,ERR,ERR,ERR,ERR,ERR,ERR,ERR,ERR,ERR,ERR,ERR,ERR,ERR,ERR,ERR,ERR,ERR,ERR,ERR,ERR,ERR,ERR,ERR,ERR,ERR,ERR,ERR,ERR,ERR,ERR,ERR,ERR,ERR,ERR,ERR,ERR,ERR,ERR,ERR,ERR,ERR,ERR,ERR,ERR,ERR,ERR,ERR,ERR,ERR,ERR,ERR,ERR,ERR,ERR,ERR,ERR,ERR,ERR,ERR,ERR,ERR,ERR,ERR,ERR,ERR,ERR,ERR,ERR,ERR,ERR,ERR,ERR,ERR,ERR,ERR,ERR,ERR,ERR,ERR,ERR,ERR,ERR,ERR,ERR,ERR,ERR,ERR,ERR,ERR,ERR,ERR,ERR,ERR,ERR,ERR,ERR,ERR,ERR,ERR,ERR,ERR,ERR,ERR,ERR,ERR,ERR,ERR,ERR,ERR,ERR,ERR,ERR,0.0,0.0,-101055584.0,0.0,0.0,0.0,0.0,nan,0,0,0,32768,0,0.0,0,0.0,0.0,0.0,0.0,0.0,0,0,0,0,0.0,0,0,0,0,0,0,0,0,0,0,0,0,0,0,0,0,0,0,0,0,0,0,0,0,0,0,0,0,0,0,0,0,0,0,0,0,0,0,0,0,0,0,0,0,0.0,0.0,0.0,0.0,0.0,0.0,0.0,0.0,0.0,0.0,0.0,0.0,0.0,0.0,-2.5962063029642504e+33,0.0,0.0,0.0,0.0,0.0,0.0,0.0,-2.004,0.0,-2.004,2.004,0.0,0.0,0.0,0.0,3396.5,2.004,0.0,0.0,0.0,-0.0,0.0,0.0,0.0,0.0,0.0,0,-0.0,-107614264.0,0.0,0.0,0.0,0.0,0.0,0.0,0.0,0,0,0,0.0,0.0,0.0,0.0,0.0,0.0,0.0,0.0,0.0,0.0,0.0,0.0,0.0,0.0,0.0,0.0,0,-107875648.0,0,0.0,0,-107875648.0,-107877712.0,0,26215,17039,52429,17053,52429,17037,0,0,0,110,100,100,2.7302334150594743e+23,64.0,0.0,64.9,-107615304.0,68.5,1,49,50,180,0,39322,0,0,0.0,0.0,0.0,0.0,-1017091339583488.0,65.0,0.0,-0.0,0.0,645,0,688,0,0,0,717,0,789,0,709,0,689,0,645,0,642,0,616,0.032,46137344.0,0.0,2.7302316136196234e+23,33168,16788,-4001952.5,-0.0,0.0,-818932416.0,-0.0,0.0,29.0,60.0,70,0.0,0.0,0.0,0.0,0.0,0.0,0.0,0.0,0.0,0.0,0.0,0.0,0.0,0.0,0.0,0.0,59.2,69,11,65508,41,65476,0,300,0,0,8,20529,65476,0,0,61604,60.0,0.0,0.0,0.0,0.0,0.0
2026-04-04T11:23:12,ERR,ERR,ERR,ERR,ERR,ERR,ERR,ERR,ERR,ERR,ERR,ERR,ERR,ERR,ERR,ERR,ERR,ERR,ERR,ERR,ERR,ERR,ERR,ERR,ERR,ERR,ERR,ERR,ERR,ERR,ERR,ERR,ERR,ERR,ERR,ERR,ERR,ERR,ERR,ERR,ERR,ERR,ERR,ERR,ERR,ERR,ERR,ERR,ERR,ERR,ERR,ERR,ERR,ERR,ERR,ERR,ERR,ERR,ERR,ERR,ERR,ERR,ERR,ERR,ERR,ERR,ERR,ERR,ERR,ERR,ERR,ERR,ERR,ERR,ERR,ERR,ERR,ERR,ERR,ERR,ERR,ERR,ERR,ERR,ERR,ERR,ERR,ERR,ERR,ERR,ERR,ERR,ERR,ERR,ERR,ERR,ERR,ERR,ERR,ERR,ERR,ERR,ERR,ERR,ERR,ERR,ERR,ERR,ERR,ERR,ERR,ERR,ERR,ERR,ERR,ERR,ERR,ERR,ERR,ERR,ERR,ERR,ERR,ERR,ERR,0.0,0.0,-101055584.0,0.0,0.0,0.0,0.0,nan,0,0,0,32768,0,0.0,0,0.0,0.0,0.0,0.0,0.0,0,0,0,0,0.0,0,0,0,0,0,0,0,0,0,0,0,0,0,0,0,0,0,0,0,0,0,0,0,0,0,0,0,0,0,0,0,0,0,0,0,0,0,0,0,0,0,0,0,0,0.0,0.0,0.0,0.0,0.0,0.0,0.0,0.0,0.0,0.0,0.0,0.0,0.0,0.0,-2.5962063029642504e+33,0.0,0.0,0.0,0.0,0.0,0.0,0.0,-2.004,0.0,-2.004,2.004,0.0,0.0,0.0,0.0,3396.5,2.004,0.0,0.0,0.0,-0.0,0.0,0.0,0.0,0.0,0.0,0,-0.0,-107614264.0,0.0,0.0,0.0,0.0,0.0,0.0,0.0,0,0,0,0.0,0.0,0.0,0.0,0.0,0.0,0.0,0.0,0.0,0.0,0.0,0.0,0.0,0.0,0.0,0.0,0,-107875648.0,0,0.0,0,-107875648.0,-107877712.0,0,26215,17039,52429,17053,52429,17037,0,0,0,110,100,100,2.7302334150594743e+23,64.0,0.0,64.9,-107615304.0,68.5,1,49,50,180,0,39322,0,0,0.0,0.0,0.0,0.0,-1017091339583488.0,65.0,0.0,-0.0,0.0,645,0,688,0,0,0,717,0,789,0,709,0,689,0,645,0,642,0,616,0.032,46137344.0,0.0,2.7302316136196234e+23,33168,16788,-4001952.5,-0.0,0.0,-818932416.0,-0.0,0.0,29.0,60.0,70,0.0,0.0,0.0,0.0,0.0,0.0,0.0,0.0,0.0,0.0,0.0,0.0,0.0,0.0,0.0,0.0,59.2,69,11,65508,41,65476,0,300,0,0,8,20529,65476,0,0,61604,60.0,0.0,0.0,0.0,0.0,0.0
2026-04-04T11:23:13,ERR,ERR,ERR,ERR,ERR,ERR,ERR,ERR,ERR,ERR,ERR,ERR,ERR,ERR,ERR,ERR,ERR,ERR,ERR,ERR,ERR,ERR,ERR,ERR,ERR,ERR,ERR,ERR,ERR,ERR,ERR,ERR,ERR,ERR,ERR,ERR,ERR,ERR,ERR,ERR,ERR,ERR,ERR,ERR,ERR,ERR,ERR,ERR,ERR,ERR,ERR,ERR,ERR,ERR,ERR,ERR,ERR,ERR,ERR,ERR,ERR,ERR,ERR,ERR,ERR,ERR,ERR,ERR,ERR,ERR,ERR,ERR,ERR,ERR,ERR,ERR,ERR,ERR,ERR,ERR,ERR,ERR,ERR,ERR,ERR,ERR,ERR,ERR,ERR,ERR,ERR,ERR,ERR,ERR,ERR,ERR,ERR,ERR,ERR,ERR,ERR,ERR,ERR,ERR,ERR,ERR,ERR,ERR,ERR,ERR,ERR,ERR,ERR,ERR,ERR,ERR,ERR,ERR,ERR,ERR,ERR,ERR,ERR,ERR,ERR,0.0,0.0,-101055584.0,0.0,0.0,0.0,0.0,nan,0,0,0,32768,0,0.0,0,0.0,0.0,0.0,0.0,0.0,0,0,0,0,0.0,0,0,0,0,0,0,0,0,0,0,0,0,0,0,0,0,0,0,0,0,0,0,0,0,0,0,0,0,0,0,0,0,0,0,0,0,0,0,0,0,0,0,0,0,0.0,0.0,0.0,0.0,0.0,0.0,0.0,0.0,0.0,0.0,0.0,0.0,0.0,0.0,-2.5962063029642504e+33,0.0,0.0,0.0,0.0,0.0,0.0,0.0,-2.004,0.0,-2.004,2.004,0.0,0.0,0.0,0.0,3396.5,2.004,0.0,0.0,0.0,-0.0,0.0,0.0,0.0,0.0,0.0,0,-0.0,-107614264.0,0.0,0.0,0.0,0.0,0.0,0.0,0.0,0,0,0,0.0,0.0,0.0,0.0,0.0,0.0,0.0,0.0,0.0,0.0,0.0,0.0,0.0,0.0,0.0,0.0,0,-107875648.0,0,0.0,0,-107875648.0,-107877712.0,0,26215,17039,52429,17053,52429,17037,0,0,0,110,100,100,2.7302334150594743e+23,64.0,0.0,64.9,-107615304.0,68.5,1,49,50,180,0,39322,0,0,0.0,0.0,0.0,0.0,-1017091339583488.0,65.0,0.0,-0.0,0.0,645,0,688,0,0,0,717,0,789,0,709,0,689,0,645,0,642,0,616,0.032,46137344.0,0.0,2.7302316136196234e+23,33168,16788,-4001952.5,-0.0,0.0,-818932416.0,-0.0,0.0,29.0,60.0,70,0.0,0.0,0.0,0.0,0.0,0.0,0.0,0.0,0.0,0.0,0.0,0.0,0.0,0.0,0.0,0.0,59.2,69,11,65508,41,65476,0,300,0,0,8,20529,65476,0,0,61604,60.0,0.0,0.0,0.0,0.0,0.0
2026-04-04T11:23:14,ERR,ERR,ERR,ERR,ERR,ERR,ERR,ERR,ERR,ERR,ERR,ERR,ERR,ERR,ERR,ERR,ERR,ERR,ERR,ERR,ERR,ERR,ERR,ERR,ERR,ERR,ERR,ERR,ERR,ERR,ERR,ERR,ERR,ERR,ERR,ERR,ERR,ERR,ERR,ERR,ERR,ERR,ERR,ERR,ERR,ERR,ERR,ERR,ERR,ERR,ERR,ERR,ERR,ERR,ERR,ERR,ERR,ERR,ERR,ERR,ERR,ERR,ERR,ERR,ERR,ERR,ERR,ERR,ERR,ERR,ERR,ERR,ERR,ERR,ERR,ERR,ERR,ERR,ERR,ERR,ERR,ERR,ERR,ERR,ERR,ERR,ERR,ERR,ERR,ERR,ERR,ERR,ERR,ERR,ERR,ERR,ERR,ERR,ERR,ERR,ERR,ERR,ERR,ERR,ERR,ERR,ERR,ERR,ERR,ERR,ERR,ERR,ERR,ERR,ERR,ERR,ERR,ERR,ERR,ERR,ERR,ERR,ERR,ERR,ERR,0.0,0.0,-101055584.0,0.0,0.0,0.0,0.0,nan,0,0,0,32768,0,0.0,0,0.0,0.0,0.0,0.0,0.0,0,0,0,0,0.0,0,0,0,0,0,0,0,0,0,0,0,0,0,0,0,0,0,0,0,0,0,0,0,0,0,0,0,0,0,0,0,0,0,0,0,0,0,0,0,0,0,0,0,0,0.0,0.0,0.0,0.0,0.0,0.0,0.0,0.0,0.0,0.0,0.0,0.0,0.0,0.0,-2.5962063029642504e+33,0.0,0.0,0.0,0.0,0.0,0.0,0.0,-2.004,0.0,-2.004,2.004,0.0,0.0,0.0,0.0,3396.5,2.004,0.0,0.0,0.0,-0.0,0.0,0.0,0.0,0.0,0.0,0,-0.0,-107614264.0,0.0,0.0,0.0,0.0,0.0,0.0,0.0,0,0,0,0.0,0.0,0.0,0.0,0.0,0.0,0.0,0.0,0.0,0.0,0.0,0.0,0.0,0.0,0.0,0.0,0,-107875648.0,0,0.0,0,-107875648.0,-107877712.0,0,26215,17039,52429,17053,52429,17037,0,0,0,110,100,100,2.7302334150594743e+23,64.0,0.0,64.9,-107615304.0,68.5,1,49,50,180,0,39322,0,0,0.0,0.0,0.0,0.0,-1017091339583488.0,65.0,0.0,-0.0,0.0,645,0,688,0,0,0,717,0,789,0,709,0,689,0,645,0,642,0,616,0.032,46137344.0,0.0,2.7302316136196234e+23,33168,16788,-4001952.5,-0.0,0.0,-818932416.0,-0.0,0.0,29.0,60.0,70,0.0,0.0,0.0,0.0,0.0,0.0,0.0,0.0,0.0,0.0,0.0,0.0,0.0,0.0,0.0,0.0,59.2,69,11,65508,41,65476,0,300,0,0,8,20529,65476,0,0,61604,60.0,0.0,0.0,0.0,0.0,0.0
2026-04-04T11:23:15,ERR,ERR,ERR,ERR,ERR,ERR,ERR,ERR,ERR,ERR,ERR,ERR,ERR,ERR,ERR,ERR,ERR,ERR,ERR,ERR,ERR,ERR,ERR,ERR,ERR,ERR,ERR,ERR,ERR,ERR,ERR,ERR,ERR,ERR,ERR,ERR,ERR,ERR,ERR,ERR,ERR,ERR,ERR,ERR,ERR,ERR,ERR,ERR,ERR,ERR,ERR,ERR,ERR,ERR,ERR,ERR,ERR,ERR,ERR,ERR,ERR,ERR,ERR,ERR,ERR,ERR,ERR,ERR,ERR,ERR,ERR,ERR,ERR,ERR,ERR,ERR,ERR,ERR,ERR,ERR,ERR,ERR,ERR,ERR,ERR,ERR,ERR,ERR,ERR,ERR,ERR,ERR,ERR,ERR,ERR,ERR,ERR,ERR,ERR,ERR,ERR,ERR,ERR,ERR,ERR,ERR,ERR,ERR,ERR,ERR,ERR,ERR,ERR,ERR,ERR,ERR,ERR,ERR,ERR,ERR,ERR,ERR,ERR,ERR,ERR,0.0,0.0,-101055584.0,0.0,0.0,0.0,0.0,nan,0,0,0,32768,0,0.0,0,0.0,0.0,0.0,0.0,0.0,0,0,0,0,0.0,0,0,0,0,0,0,0,0,0,0,0,0,0,0,0,0,0,0,0,0,0,0,0,0,0,0,0,0,0,0,0,0,0,0,0,0,0,0,0,0,0,0,0,0,0.0,0.0,0.0,0.0,0.0,0.0,0.0,0.0,0.0,0.0,0.0,0.0,0.0,0.0,-2.5962063029642504e+33,0.0,0.0,0.0,0.0,0.0,0.0,0.0,-2.004,0.0,-2.004,2.004,0.0,0.0,0.0,0.0,3396.5,2.004,0.0,0.0,0.0,-0.0,0.0,0.0,0.0,0.0,0.0,0,-0.0,-107614264.0,0.0,0.0,0.0,0.0,0.0,0.0,0.0,0,0,0,0.0,0.0,0.0,0.0,0.0,0.0,0.0,0.0,0.0,0.0,0.0,0.0,0.0,0.0,0.0,0.0,0,-107875648.0,0,0.0,0,-107875648.0,-107877712.0,0,26215,17039,52429,17053,52429,17037,0,0,0,110,100,100,2.7302334150594743e+23,64.0,0.0,64.9,-107615304.0,68.5,1,49,50,180,0,39322,0,0,0.0,0.0,0.0,0.0,-25804673024.0,65.0,0.0,-0.0,0.0,645,0,688,0,0,0,717,0,789,0,709,0,690,0,645,0,642,0,616,0.032,36962304.0,2.004,-107615152.0,29072,16788,-1698.078,-0.0,-4.3582362403568926e+26,-0.0,-0.0,0.0,29.0,60.0,70,0.0,0.0,0.0,0.0,0.0,0.0,0.0,0.0,0.0,0.0,0.0,0.0,0.0,0.0,0.0,0.0,59.2,69,11,65508,41,65476,0,300,0,0,8,20529,65476,0,0,61604,60.0,0.0,0.0,0.0,0.0,0.0
2026-04-04T11:23:16,ERR,ERR,ERR,ERR,ERR,ERR,ERR,ERR,ERR,ERR,ERR,ERR,ERR,ERR,ERR,ERR,ERR,ERR,ERR,ERR,ERR,ERR,ERR,ERR,ERR,ERR,ERR,ERR,ERR,ERR,ERR,ERR,ERR,ERR,ERR,ERR,ERR,ERR,ERR,ERR,ERR,ERR,ERR,ERR,ERR,ERR,ERR,ERR,ERR,ERR,ERR,ERR,ERR,ERR,ERR,ERR,ERR,ERR,ERR,ERR,ERR,ERR,ERR,ERR,ERR,ERR,ERR,ERR,ERR,ERR,ERR,ERR,ERR,ERR,ERR,ERR,ERR,ERR,ERR,ERR,ERR,ERR,ERR,ERR,ERR,ERR,ERR,ERR,ERR,ERR,ERR,ERR,ERR,ERR,ERR,ERR,ERR,ERR,ERR,ERR,ERR,ERR,ERR,ERR,ERR,ERR,ERR,ERR,ERR,ERR,ERR,ERR,ERR,ERR,ERR,ERR,ERR,ERR,ERR,ERR,ERR,ERR,ERR,ERR,ERR,0.0,0.0,-101055584.0,0.0,0.0,0.0,0.0,nan,0,0,0,32768,0,0.0,0,0.0,0.0,0.0,0.0,0.0,0,0,0,0,0.0,0,0,0,0,0,0,0,0,0,0,0,0,0,0,0,0,0,0,0,0,0,0,0,0,0,0,0,0,0,0,0,0,0,0,0,0,0,0,0,0,0,0,0,0,0.0,0.0,0.0,0.0,0.0,0.0,0.0,0.0,0.0,0.0,0.0,0.0,0.0,0.0,-2.5962063029642504e+33,0.0,0.0,0.0,0.0,0.0,0.0,0.0,-2.004,0.0,-2.004,2.004,0.0,0.0,0.0,0.0,3396.5,2.004,0.0,0.0,0.0,-0.0,0.0,0.0,0.0,0.0,0.0,0,-0.0,-107614264.0,0.0,0.0,0.0,0.0,0.0,0.0,0.0,0,0,0,0.0,0.0,0.0,0.0,0.0,0.0,0.0,0.0,0.0,0.0,0.0,0.0,0.0,0.0,0.0,0.0,0,-107875648.0,0,0.0,0,-107875648.0,-107877712.0,0,26215,17039,52429,17053,52429,17037,0,0,0,110,100,100,2.7302334150594743e+23,64.0,0.0,64.9,-107615304.0,68.5,1,49,50,180,0,39322,0,0,0.0,0.0,0.0,0.0,-25804673024.0,65.0,0.0,-0.0,0.0,645,0,688,0,0,0,717,0,789,0,709,0,690,0,645,0,642,0,616,0.032,36962304.0,2.004,-107615152.0,29072,16788,-1698.078,-0.0,-4.3582362403568926e+26,-0.0,-0.0,0.0,29.0,60.0,70,0.0,0.0,0.0,0.0,0.0,0.0,0.0,0.0,0.0,0.0,0.0,0.0,0.0,0.0,0.0,0.0,59.6,69,11,65508,41,65476,0,300,0,0,8,20529,65476,0,0,61604,60.0,0.0,0.0,0.0,0.0,0.0
2026-04-04T11:23:17,ERR,ERR,ERR,ERR,ERR,ERR,ERR,ERR,ERR,ERR,ERR,ERR,ERR,ERR,ERR,ERR,ERR,ERR,ERR,ERR,ERR,ERR,ERR,ERR,ERR,ERR,ERR,ERR,ERR,ERR,ERR,ERR,ERR,ERR,ERR,ERR,ERR,ERR,ERR,ERR,ERR,ERR,ERR,ERR,ERR,ERR,ERR,ERR,ERR,ERR,ERR,ERR,ERR,ERR,ERR,ERR,ERR,ERR,ERR,ERR,ERR,ERR,ERR,ERR,ERR,ERR,ERR,ERR,ERR,ERR,ERR,ERR,ERR,ERR,ERR,ERR,ERR,ERR,ERR,ERR,ERR,ERR,ERR,ERR,ERR,ERR,ERR,ERR,ERR,ERR,ERR,ERR,ERR,ERR,ERR,ERR,ERR,ERR,ERR,ERR,ERR,ERR,ERR,ERR,ERR,ERR,ERR,ERR,ERR,ERR,ERR,ERR,ERR,ERR,ERR,ERR,ERR,ERR,ERR,ERR,ERR,ERR,ERR,ERR,ERR,0.0,0.0,-101055584.0,0.0,0.0,0.0,0.0,nan,0,0,0,32768,0,0.0,0,0.0,0.0,0.0,0.0,0.0,0,0,0,0,0.0,0,0,0,0,0,0,0,0,0,0,0,0,0,0,0,0,0,0,0,0,0,0,0,0,0,0,0,0,0,0,0,0,0,0,0,0,0,0,0,0,0,0,0,0,0.0,0.0,0.0,0.0,0.0,0.0,0.0,0.0,0.0,0.0,0.0,0.0,0.0,0.0,-2.5962063029642504e+33,0.0,0.0,0.0,0.0,0.0,0.0,0.0,-2.004,0.0,-2.004,2.004,0.0,0.0,0.0,0.0,3396.5,2.004,0.0,0.0,0.0,-0.0,0.0,0.0,0.0,0.0,0.0,0,-0.0,-107614264.0,0.0,0.0,0.0,0.0,0.0,0.0,0.0,0,0,0,0.0,0.0,0.0,0.0,0.0,0.0,0.0,0.0,0.0,0.0,0.0,0.0,0.0,0.0,0.0,0.0,0,-107875648.0,0,0.0,0,-107875648.0,-107877712.0,0,26215,17039,52429,17053,52429,17037,0,0,0,110,100,100,2.7302334150594743e+23,64.0,0.0,64.9,-107615304.0,68.5,1,49,50,180,0,39322,0,0,0.0,0.0,0.0,0.0,-25804673024.0,65.0,0.0,-0.0,0.0,645,0,688,0,0,0,717,0,789,0,709,0,690,0,645,0,642,0,616,0.032,36962304.0,2.004,-107615152.0,29072,16788,-1698.078,-0.0,-4.3582362403568926e+26,-0.0,-0.0,0.0,29.0,60.0,70,0.0,0.0,0.0,0.0,0.0,0.0,0.0,0.0,0.0,0.0,0.0,0.0,0.0,0.0,0.0,0.0,59.6,69,11,65508,41,65476,0,300,0,0,8,20529,65476,0,0,61604,60.0,0.0,0.0,0.0,0.0,0.0
2026-04-04T11:23:18,ERR,ERR,ERR,ERR,ERR,ERR,ERR,ERR,ERR,ERR,ERR,ERR,ERR,ERR,ERR,ERR,ERR,ERR,ERR,ERR,ERR,ERR,ERR,ERR,ERR,ERR,ERR,ERR,ERR,ERR,ERR,ERR,ERR,ERR,ERR,ERR,ERR,ERR,ERR,ERR,ERR,ERR,ERR,ERR,ERR,ERR,ERR,ERR,ERR,ERR,ERR,ERR,ERR,ERR,ERR,ERR,ERR,ERR,ERR,ERR,ERR,ERR,ERR,ERR,ERR,ERR,ERR,ERR,ERR,ERR,ERR,ERR,ERR,ERR,ERR,ERR,ERR,ERR,ERR,ERR,ERR,ERR,ERR,ERR,ERR,ERR,ERR,ERR,ERR,ERR,ERR,ERR,ERR,ERR,ERR,ERR,ERR,ERR,ERR,ERR,ERR,ERR,ERR,ERR,ERR,ERR,ERR,ERR,ERR,ERR,ERR,ERR,ERR,ERR,ERR,ERR,ERR,ERR,ERR,ERR,ERR,ERR,ERR,ERR,ERR,0.0,0.0,-101055584.0,0.0,0.0,0.0,0.0,nan,0,0,0,32768,0,0.0,0,0.0,0.0,0.0,0.0,0.0,0,0,0,0,0.0,0,0,0,0,0,0,0,0,0,0,0,0,0,0,0,0,0,0,0,0,0,0,0,0,0,0,0,0,0,0,0,0,0,0,0,0,0,0,0,0,0,0,0,0,0.0,0.0,0.0,0.0,0.0,0.0,0.0,0.0,0.0,0.0,0.0,0.0,0.0,0.0,0.0,0.0,0.0,0.0,0.0,0.0,0.0,0.0,-2.004,0.0,-2.004,2.004,0.0,0.0,0.0,0.0,3393.5,0.0,0.0,0.0,0.0,-0.0,0.0,0.0,0.0,0.0,0.0,0,-0.0,-0.0,0.0,0.0,0.0,0.0,0.0,0.0,0.0,0,0,0,0.0,0.0,0.0,0.0,0.0,0.0,0.0,0.0,0.0,0.0,0.0,0.0,0.0,0.0,0.0,0.0,0,-107875648.0,0,0.0,0,-107875648.0,-107877712.0,0,26215,17039,52429,17053,52429,17037,0,0,0,110,100,100,2.7302334150594743e+23,64.0,0.0,64.9,-107615304.0,68.5,1,49,50,180,0,39322,0,0,0.0,0.0,0.0,0.0,-25804673024.0,65.0,0.0,-0.0,0.0,645,0,688,0,0,0,717,0,789,0,709,0,690,0,645,0,642,0,616,0.032,36962304.0,2.004,-107615152.0,29072,16788,-1698.078,-0.0,-4.3582362403568926e+26,-0.0,-0.0,0.0,29.0,60.0,70,0.0,0.0,0.0,0.0,0.0,0.0,0.0,0.0,0.0,0.0,0.0,0.0,0.0,0.0,0.0,0.0,59.6,69,11,65508,41,65476,0,300,0,0,8,20529,65476,0,0,61604,60.0,0.0,0.0,0.0,0.0,0.0
2026-04-04T11:23:19,ERR,ERR,ERR,ERR,ERR,ERR,ERR,ERR,ERR,ERR,ERR,ERR,ERR,ERR,ERR,ERR,ERR,ERR,ERR,ERR,ERR,ERR,ERR,ERR,ERR,ERR,ERR,ERR,ERR,ERR,ERR,ERR,ERR,ERR,ERR,ERR,ERR,ERR,ERR,ERR,ERR,ERR,ERR,ERR,ERR,ERR,ERR,ERR,ERR,ERR,ERR,ERR,ERR,ERR,ERR,ERR,ERR,ERR,ERR,ERR,ERR,ERR,ERR,ERR,ERR,ERR,ERR,ERR,ERR,ERR,ERR,ERR,ERR,ERR,ERR,ERR,ERR,ERR,ERR,ERR,ERR,ERR,ERR,ERR,ERR,ERR,ERR,ERR,ERR,ERR,ERR,ERR,ERR,ERR,ERR,ERR,ERR,ERR,ERR,ERR,ERR,ERR,ERR,ERR,ERR,ERR,ERR,ERR,ERR,ERR,ERR,ERR,ERR,ERR,ERR,ERR,ERR,ERR,ERR,ERR,ERR,ERR,ERR,ERR,ERR,0.0,0.0,-101055584.0,0.0,0.0,0.0,0.0,nan,0,0,0,32768,0,0.0,0,0.0,0.0,0.0,0.0,0.0,0,0,0,0,0.0,0,0,0,0,0,0,0,0,0,0,0,0,0,0,0,0,0,0,0,0,0,0,0,0,0,0,0,0,0,0,0,0,0,0,0,0,0,0,0,0,0,0,0,0,0.0,0.0,0.0,0.0,0.0,0.0,0.0,0.0,0.0,0.0,0.0,0.0,0.0,0.0,0.0,0.0,0.0,0.0,0.0,0.0,0.0,0.0,-2.004,0.0,-2.004,2.004,0.0,0.0,0.0,0.0,3393.5,0.0,0.0,0.0,0.0,-0.0,0.0,0.0,0.0,0.0,0.0,0,-0.0,-0.0,0.0,0.0,0.0,0.0,0.0,0.0,0.0,0,0,0,0.0,0.0,0.0,0.0,0.0,0.0,0.0,0.0,0.0,0.0,0.0,0.0,0.0,0.0,0.0,0.0,0,-107875648.0,0,0.0,0,-107875648.0,-107877712.0,0,26215,17039,52429,17053,52429,17037,0,0,0,110,100,100,2.7302334150594743e+23,64.0,0.0,64.9,-107615304.0,68.5,1,49,50,180,0,39322,0,0,0.0,0.0,0.0,0.0,-25804673024.0,65.0,0.0,-0.0,0.0,645,0,688,0,0,0,717,0,789,0,709,0,690,0,645,0,642,0,616,0.032,36962304.0,2.004,-107615152.0,29072,16788,-1698.078,-0.0,-4.3582362403568926e+26,-0.0,-0.0,0.0,29.0,60.0,70,0.0,0.0,0.0,0.0,0.0,0.0,0.0,0.0,0.0,0.0,0.0,0.0,0.0,0.0,0.0,0.0,59.2,69,11,65508,41,65476,0,300,0,0,8,20529,65476,0,0,61604,60.0,0.0,0.0,0.0,0.0,0.0
2026-04-04T11:23:20,ERR,ERR,ERR,ERR,ERR,ERR,ERR,ERR,ERR,ERR,ERR,ERR,ERR,ERR,ERR,ERR,ERR,ERR,ERR,ERR,ERR,ERR,ERR,ERR,ERR,ERR,ERR,ERR,ERR,ERR,ERR,ERR,ERR,ERR,ERR,ERR,ERR,ERR,ERR,ERR,ERR,ERR,ERR,ERR,ERR,ERR,ERR,ERR,ERR,ERR,ERR,ERR,ERR,ERR,ERR,ERR,ERR,ERR,ERR,ERR,ERR,ERR,ERR,ERR,ERR,ERR,ERR,ERR,ERR,ERR,ERR,ERR,ERR,ERR,ERR,ERR,ERR,ERR,ERR,ERR,ERR,ERR,ERR,ERR,ERR,ERR,ERR,ERR,ERR,ERR,ERR,ERR,ERR,ERR,ERR,ERR,ERR,ERR,ERR,ERR,ERR,ERR,ERR,ERR,ERR,ERR,ERR,ERR,ERR,ERR,ERR,ERR,ERR,ERR,ERR,ERR,ERR,ERR,ERR,ERR,ERR,ERR,ERR,ERR,ERR,0.0,0.0,-101055584.0,0.0,0.0,0.0,0.0,nan,0,0,0,32768,0,0.0,0,0.0,0.0,0.0,0.0,0.0,0,0,0,0,0.0,0,0,0,0,0,0,0,0,0,0,0,0,0,0,0,0,0,0,0,0,0,0,0,0,0,0,0,0,0,0,0,0,0,0,0,0,0,0,0,0,0,0,0,0,0.0,0.0,0.0,0.0,0.0,0.0,0.0,0.0,0.0,0.0,0.0,0.0,0.0,0.0,0.0,0.0,0.0,0.0,0.0,0.0,0.0,0.0,-2.004,0.0,-2.004,2.004,0.0,0.0,0.0,0.0,3393.5,0.0,0.0,0.0,0.0,-0.0,0.0,0.0,0.0,0.0,0.0,0,-0.0,-0.0,0.0,0.0,0.0,0.0,0.0,0.0,0.0,0,0,0,0.0,0.0,0.0,0.0,0.0,0.0,0.0,0.0,0.0,0.0,0.0,0.0,0.0,0.0,0.0,0.0,0,-107875648.0,0,0.0,0,-107875648.0,-107877712.0,0,26215,17039,52429,17053,52429,17037,0,0,0,110,100,100,2.7302334150594743e+23,64.0,0.0,64.9,-107615304.0,68.5,1,49,50,180,0,39322,0,0,0.0,0.0,0.0,0.0,-25804673024.0,65.0,0.0,-0.0,0.0,645,0,688,0,0,0,717,0,789,0,709,0,690,0,645,0,642,0,616,0.032,36962304.0,2.004,-107615152.0,29072,16788,-1698.078,-0.0,-4.3582362403568926e+26,-0.0,-0.0,0.0,29.0,60.0,70,0.0,0.0,0.0,0.0,0.0,0.0,0.0,0.0,0.0,0.0,0.0,0.0,0.0,0.0,0.0,0.0,59.2,69,11,65508,41,65476,0,300,0,0,8,20529,65476,0,0,61604,60.0,0.0,0.0,0.0,0.0,0.0
2026-04-04T11:23:21,ERR,ERR,ERR,ERR,ERR,ERR,ERR,ERR,ERR,ERR,ERR,ERR,ERR,ERR,ERR,ERR,ERR,ERR,ERR,ERR,ERR,ERR,ERR,ERR,ERR,ERR,ERR,ERR,ERR,ERR,ERR,ERR,ERR,ERR,ERR,ERR,ERR,ERR,ERR,ERR,ERR,ERR,ERR,ERR,ERR,ERR,ERR,ERR,ERR,ERR,ERR,ERR,ERR,ERR,ERR,ERR,ERR,ERR,ERR,ERR,ERR,ERR,ERR,ERR,ERR,ERR,ERR,ERR,ERR,ERR,ERR,ERR,ERR,ERR,ERR,ERR,ERR,ERR,ERR,ERR,ERR,ERR,ERR,ERR,ERR,ERR,ERR,ERR,ERR,ERR,ERR,ERR,ERR,ERR,ERR,ERR,ERR,ERR,ERR,ERR,ERR,ERR,ERR,ERR,ERR,ERR,ERR,ERR,ERR,ERR,ERR,ERR,ERR,ERR,ERR,ERR,ERR,ERR,ERR,ERR,ERR,ERR,ERR,ERR,ERR,0.0,0.0,-101055584.0,0.0,0.0,0.0,0.0,nan,0,0,0,32768,0,0.0,0,0.0,0.0,0.0,0.0,0.0,0,0,0,0,0.0,0,0,0,0,0,0,0,0,0,0,0,0,0,0,0,0,0,0,0,0,0,0,0,0,0,0,0,0,0,0,0,0,0,0,0,0,0,0,0,0,0,0,0,0,0.0,0.0,0.0,0.0,0.0,0.0,0.0,0.0,0.0,0.0,0.0,0.0,0.0,0.0,0.0,0.0,0.0,0.0,0.0,0.0,0.0,0.0,-2.004,0.0,-2.004,2.004,0.0,0.0,0.0,0.0,3393.5,0.0,0.0,0.0,0.0,-0.0,0.0,0.0,0.0,0.0,0.0,0,-0.0,-0.0,0.0,0.0,0.0,0.0,0.0,0.0,0.0,0,0,0,0.0,0.0,0.0,0.0,0.0,0.0,0.0,0.0,0.0,0.0,0.0,0.0,0.0,0.0,0.0,0.0,0,-107875648.0,0,0.0,0,-107875648.0,-107877712.0,0,26215,17039,52429,17053,52429,17037,0,0,0,110,100,100,2.7302334150594743e+23,64.0,0.0,64.5,0.0,68.5,1,49,50,180,0,39322,0,0,0.0,0.0,0.0,0.0,-5.0327282512776974e+20,65.0,0.0,1.4285976569926124e+19,0.0,645,0,688,0,0,0,717,0,789,0,709,0,689,0,645,0,642,0,616,0.032,55836672.0,0.0,2.7302316136196234e+23,49424,16788,-2.2503001510381306e+24,-0.0,1.1769344262406144e+16,-0.0,-5.541458119739887e+19,5.663866533233774e+26,29.0,60.0,70,0.0,0.0,0.0,0.0,0.0,0.0,0.0,0.0,0.0,0.0,0.0,0.0,0.0,0.0,0.0,0.0,59.2,69,11,65508,41,65476,0,300,0,0,8,20529,65476,0,0,61604,60.0,0.0,0.0,0.0,0.0,0.0
2026-04-04T11:23:22,ERR,ERR,ERR,ERR,ERR,ERR,ERR,ERR,ERR,ERR,ERR,ERR,ERR,ERR,ERR,ERR,ERR,ERR,ERR,ERR,ERR,ERR,ERR,ERR,ERR,ERR,ERR,ERR,ERR,ERR,ERR,ERR,ERR,ERR,ERR,ERR,ERR,ERR,ERR,ERR,ERR,ERR,ERR,ERR,ERR,ERR,ERR,ERR,ERR,ERR,ERR,ERR,ERR,ERR,ERR,ERR,ERR,ERR,ERR,ERR,ERR,ERR,ERR,ERR,ERR,ERR,ERR,ERR,ERR,ERR,ERR,ERR,ERR,ERR,ERR,ERR,ERR,ERR,ERR,ERR,ERR,ERR,ERR,ERR,ERR,ERR,ERR,ERR,ERR,ERR,ERR,ERR,ERR,ERR,ERR,ERR,ERR,ERR,ERR,ERR,ERR,ERR,ERR,ERR,ERR,ERR,ERR,ERR,ERR,ERR,ERR,ERR,ERR,ERR,ERR,ERR,ERR,ERR,ERR,ERR,ERR,ERR,ERR,ERR,ERR,0.0,0.0,-101055584.0,0.0,0.0,0.0,0.0,nan,0,0,0,32768,0,0.0,0,0.0,0.0,0.0,0.0,0.0,0,0,0,0,0.0,0,0,0,0,0,0,0,0,0,0,0,0,0,0,0,0,0,0,0,0,0,0,0,0,0,0,0,0,0,0,0,0,0,0,0,0,0,0,0,0,0,0,0,0,0.0,0.0,0.0,0.0,0.0,0.0,0.0,0.0,0.0,0.0,0.0,0.0,0.0,0.0,0.0,0.0,0.0,0.0,0.0,0.0,0.0,0.0,-2.004,0.0,-2.004,2.004,0.0,0.0,0.0,0.0,3393.5,0.0,0.0,0.0,0.0,-0.0,0.0,0.0,0.0,0.0,0.0,0,-0.0,-0.0,0.0,0.0,0.0,0.0,0.0,0.0,0.0,0,0,0,0.0,0.0,0.0,0.0,0.0,0.0,0.0,0.0,0.0,0.0,0.0,0.0,0.0,0.0,0.0,0.0,0,-107875648.0,0,0.0,0,-107875648.0,-107877712.0,0,26215,17039,52429,17053,52429,17037,0,0,0,110,100,100,2.7302334150594743e+23,64.0,0.0,64.5,0.0,68.5,1,49,50,180,0,39322,0,0,0.0,0.0,0.0,0.0,-5.0327282512776974e+20,65.0,0.0,1.4285976569926124e+19,0.0,645,0,688,0,0,0,717,0,789,0,709,0,689,0,645,0,642,0,616,0.032,55836672.0,0.0,2.7302316136196234e+23,49424,16788,-2.2503001510381306e+24,-0.0,1.1769344262406144e+16,-0.0,-5.541458119739887e+19,5.663866533233774e+26,29.0,60.0,70,0.0,0.0,0.0,0.0,0.0,0.0,0.0,0.0,0.0,0.0,0.0,0.0,0.0,0.0,0.0,0.0,59.2,69,11,65508,41,65476,0,300,0,0,8,20529,65476,0,0,61604,60.0,0.0,0.0,0.0,0.0,0.0
2026-04-04T11:23:23,ERR,ERR,ERR,ERR,ERR,ERR,ERR,ERR,ERR,ERR,ERR,ERR,ERR,ERR,ERR,ERR,ERR,ERR,ERR,ERR,ERR,ERR,ERR,ERR,ERR,ERR,ERR,ERR,ERR,ERR,ERR,ERR,ERR,ERR,ERR,ERR,ERR,ERR,ERR,ERR,ERR,ERR,ERR,ERR,ERR,ERR,ERR,ERR,ERR,ERR,ERR,ERR,ERR,ERR,ERR,ERR,ERR,ERR,ERR,ERR,ERR,ERR,ERR,ERR,ERR,ERR,ERR,ERR,ERR,ERR,ERR,ERR,ERR,ERR,ERR,ERR,ERR,ERR,ERR,ERR,ERR,ERR,ERR,ERR,ERR,ERR,ERR,ERR,ERR,ERR,ERR,ERR,ERR,ERR,ERR,ERR,ERR,ERR,ERR,ERR,ERR,ERR,ERR,ERR,ERR,ERR,ERR,ERR,ERR,ERR,ERR,ERR,ERR,ERR,ERR,ERR,ERR,ERR,ERR,ERR,ERR,ERR,ERR,ERR,ERR,0.0,0.0,-101055584.0,0.0,0.0,0.0,0.0,nan,0,0,0,32768,0,0.0,0,0.0,0.0,0.0,0.0,0.0,0,0,0,0,0.0,0,0,0,0,0,0,0,0,0,0,0,0,0,0,0,0,0,0,0,0,0,0,0,0,0,0,0,0,0,0,0,0,0,0,0,0,0,0,0,0,0,0,0,0,0.0,0.0,0.0,0.0,0.0,0.0,0.0,0.0,0.0,0.0,0.0,0.0,0.0,0.0,0.0,0.0,0.0,0.0,0.0,0.0,0.0,0.0,-2.004,0.0,-2.004,2.004,0.0,0.0,0.0,0.0,3393.5,0.0,0.0,0.0,0.0,-0.0,0.0,0.0,0.0,0.0,0.0,0,-0.0,-0.0,0.0,0.0,0.0,0.0,0.0,0.0,0.0,0,0,0,0.0,0.0,0.0,0.0,0.0,0.0,0.0,0.0,0.0,0.0,0.0,0.0,0.0,0.0,0.0,0.0,0,-107875648.0,0,0.0,0,-107875648.0,-107877712.0,0,26215,17039,52429,17053,52429,17037,0,0,0,110,100,100,2.7302334150594743e+23,64.0,0.0,64.5,0.0,68.5,1,49,50,180,0,39322,0,0,0.0,0.0,0.0,0.0,-5.0327282512776974e+20,65.0,0.0,1.4285976569926124e+19,0.0,645,0,688,0,0,0,717,0,789,0,709,0,689,0,645,0,642,0,616,0.032,55836672.0,0.0,2.7302316136196234e+23,49424,16788,-2.2503001510381306e+24,-0.0,1.1769344262406144e+16,-0.0,-5.541458119739887e+19,5.663866533233774e+26,29.0,60.0,70,0.0,0.0,0.0,0.0,0.0,0.0,0.0,0.0,0.0,0.0,0.0,0.0,0.0,0.0,0.0,0.0,59.2,69,11,65508,41,65476,0,300,0,0,8,20529,65476,0,0,61604,60.0,0.0,0.0,0.0,0.0,0.0
2026-04-04T11:23:24,ERR,ERR,ERR,ERR,ERR,ERR,ERR,ERR,ERR,ERR,ERR,ERR,ERR,ERR,ERR,ERR,ERR,ERR,ERR,ERR,ERR,ERR,ERR,ERR,ERR,ERR,ERR,ERR,ERR,ERR,ERR,ERR,ERR,ERR,ERR,ERR,ERR,ERR,ERR,ERR,ERR,ERR,ERR,ERR,ERR,ERR,ERR,ERR,ERR,ERR,ERR,ERR,ERR,ERR,ERR,ERR,ERR,ERR,ERR,ERR,ERR,ERR,ERR,ERR,ERR,ERR,ERR,ERR,ERR,ERR,ERR,ERR,ERR,ERR,ERR,ERR,ERR,ERR,ERR,ERR,ERR,ERR,ERR,ERR,ERR,ERR,ERR,ERR,ERR,ERR,ERR,ERR,ERR,ERR,ERR,ERR,ERR,ERR,ERR,ERR,ERR,ERR,ERR,ERR,ERR,ERR,ERR,ERR,ERR,ERR,ERR,ERR,ERR,ERR,ERR,ERR,ERR,ERR,ERR,ERR,ERR,ERR,ERR,ERR,ERR,0.0,0.0,-101055584.0,0.0,0.0,0.0,0.0,nan,0,0,0,32768,0,0.0,0,0.0,0.0,0.0,0.0,0.0,0,0,0,0,0.0,0,0,0,0,0,0,0,0,0,0,0,0,0,0,0,0,0,0,0,0,0,0,0,0,0,0,0,0,0,0,0,0,0,0,0,0,0,0,0,0,0,0,0,0,0.0,0.0,0.0,0.0,0.0,0.0,0.0,0.0,0.0,0.0,0.0,0.0,0.0,0.0,0.0,0.0,0.0,0.0,0.0,0.0,0.0,0.0,-2.004,0.0,-2.004,2.004,0.0,0.0,0.0,0.0,3393.5,0.0,0.0,0.0,0.0,-0.0,0.0,0.0,0.0,0.0,0.0,0,-0.0,-0.0,0.0,0.0,0.0,0.0,0.0,0.0,0.0,0,0,0,0.0,0.0,0.0,0.0,0.0,0.0,0.0,0.0,0.0,0.0,0.0,0.0,0.0,0.0,0.0,0.0,0,-107875648.0,0,0.0,0,-107875648.0,-107877712.0,0,26215,17039,52429,17053,52429,17037,0,0,0,110,100,100,2.7302334150594743e+23,64.0,0.0,64.5,0.0,68.5,1,49,50,180,0,39322,0,0,0.0,0.0,0.0,0.0,-5.0327282512776974e+20,65.0,0.0,1.4285976569926124e+19,0.0,645,0,688,0,0,0,717,0,789,0,709,0,689,0,645,0,642,0,616,0.032,55836672.0,0.0,2.7302316136196234e+23,49424,16788,-2.2503001510381306e+24,-0.0,1.1769344262406144e+16,-0.0,-5.541458119739887e+19,5.663866533233774e+26,29.0,60.0,70,0.0,0.0,0.0,0.0,0.0,0.0,0.0,0.0,0.0,0.0,0.0,0.0,0.0,0.0,0.0,0.0,59.6,69,11,65508,41,65476,0,300,0,0,8,20529,65476,0,0,61604,60.0,0.0,0.0,0.0,0.0,0.0
2026-04-04T11:23:25,ERR,ERR,ERR,ERR,ERR,ERR,ERR,ERR,ERR,ERR,ERR,ERR,ERR,ERR,ERR,ERR,ERR,ERR,ERR,ERR,ERR,ERR,ERR,ERR,ERR,ERR,ERR,ERR,ERR,ERR,ERR,ERR,ERR,ERR,ERR,ERR,ERR,ERR,ERR,ERR,ERR,ERR,ERR,ERR,ERR,ERR,ERR,ERR,ERR,ERR,ERR,ERR,ERR,ERR,ERR,ERR,ERR,ERR,ERR,ERR,ERR,ERR,ERR,ERR,ERR,ERR,ERR,ERR,ERR,ERR,ERR,ERR,ERR,ERR,ERR,ERR,ERR,ERR,ERR,ERR,ERR,ERR,ERR,ERR,ERR,ERR,ERR,ERR,ERR,ERR,ERR,ERR,ERR,ERR,ERR,ERR,ERR,ERR,ERR,ERR,ERR,ERR,ERR,ERR,ERR,ERR,ERR,ERR,ERR,ERR,ERR,ERR,ERR,ERR,ERR,ERR,ERR,ERR,ERR,ERR,ERR,ERR,ERR,ERR,ERR,0.0,0.0,-101055584.0,0.0,0.0,0.0,0.0,nan,0,0,0,32768,0,0.0,0,0.0,0.0,0.0,0.0,0.0,0,0,0,0,0.0,0,0,0,0,0,0,0,0,0,0,0,0,0,0,0,0,0,0,0,0,0,0,0,0,0,0,0,0,0,0,0,0,0,0,0,0,0,0,0,0,0,0,0,0,0.0,0.0,0.0,0.0,0.0,0.0,0.0,0.0,0.0,0.0,0.0,0.0,0.0,0.0,0.0,0.0,0.0,0.0,0.0,0.0,0.0,0.0,-2.004,0.0,-2.004,2.004,0.0,0.0,0.0,0.0,3393.5,0.0,0.0,0.0,0.0,-0.0,0.0,0.0,0.0,0.0,0.0,0,-0.0,-0.0,0.0,0.0,0.0,0.0,0.0,0.0,0.0,0,0,0,0.0,0.0,0.0,0.0,0.0,0.0,0.0,0.0,0.0,0.0,0.0,0.0,0.0,0.0,0.0,0.0,0,-107875648.0,0,0.0,0,-107875648.0,-107877712.0,0,26215,17039,52429,17053,52429,17037,0,0,0,110,100,100,2.7302334150594743e+23,64.0,0.0,64.5,0.0,68.5,1,49,50,180,0,39322,0,0,0.0,0.0,0.0,0.0,-5.0327282512776974e+20,65.0,0.0,1.4285976569926124e+19,0.0,645,0,688,0,0,0,717,0,789,0,709,0,689,0,645,0,642,0,616,0.032,55836672.0,0.0,2.7302316136196234e+23,49424,16788,-2.2503001510381306e+24,-0.0,1.1769344262406144e+16,-0.0,-5.541458119739887e+19,5.663866533233774e+26,29.0,60.0,70,0.0,0.0,0.0,0.0,0.0,0.0,0.0,0.0,0.0,0.0,0.0,0.0,0.0,0.0,0.0,0.0,59.6,69,11,65508,41,65476,0,300,0,0,8,20529,65476,0,0,61604,60.0,0.0,0.0,0.0,0.0,0.0
2026-04-04T11:23:26,ERR,ERR,ERR,ERR,ERR,ERR,ERR,ERR,ERR,ERR,ERR,ERR,ERR,ERR,ERR,ERR,ERR,ERR,ERR,ERR,ERR,ERR,ERR,ERR,ERR,ERR,ERR,ERR,ERR,ERR,ERR,ERR,ERR,ERR,ERR,ERR,ERR,ERR,ERR,ERR,ERR,ERR,ERR,ERR,ERR,ERR,ERR,ERR,ERR,ERR,ERR,ERR,ERR,ERR,ERR,ERR,ERR,ERR,ERR,ERR,ERR,ERR,ERR,ERR,ERR,ERR,ERR,ERR,ERR,ERR,ERR,ERR,ERR,ERR,ERR,ERR,ERR,ERR,ERR,ERR,ERR,ERR,ERR,ERR,ERR,ERR,ERR,ERR,ERR,ERR,ERR,ERR,ERR,ERR,ERR,ERR,ERR,ERR,ERR,ERR,ERR,ERR,ERR,ERR,ERR,ERR,ERR,ERR,ERR,ERR,ERR,ERR,ERR,ERR,ERR,ERR,ERR,ERR,ERR,ERR,ERR,ERR,ERR,ERR,ERR,0.0,0.0,-101055584.0,0.0,0.0,0.0,0.0,nan,0,0,0,32768,0,0.0,0,0.0,0.0,0.0,0.0,0.0,0,0,0,0,0.0,0,0,0,0,0,0,0,0,0,0,0,0,0,0,0,0,0,0,0,0,0,0,0,0,0,0,0,0,0,0,0,0,0,0,0,0,0,0,0,0,0,0,0,0,0.0,0.0,0.0,0.0,0.0,0.0,0.0,0.0,0.0,0.0,0.0,0.0,0.0,0.0,0.0,0.0,0.0,0.0,0.0,0.0,0.0,0.0,-2.004,-2.004,-2.004,2.004,0.0,0.0,0.0,0.0,3391.5,-2.004,0.0,0.0,0.0,-0.0,0.0,0.0,0.0,0.0,0.0,0,-0.0,-0.0,0.0,0.0,0.0,0.0,0.0,0.0,0.0,0,0,0,0.0,0.0,0.0,0.0,0.0,0.0,0.0,0.0,0.0,0.0,0.0,0.0,0.0,0.0,0.0,0.0,0,-107875648.0,0,0.0,0,-107875648.0,-107877712.0,0,26215,17039,52429,17053,52429,17037,0,0,0,110,100,100,2.7302334150594743e+23,64.0,0.0,64.5,0.0,68.5,1,49,50,180,0,39322,0,0,0.0,0.0,0.0,0.0,-5.0327282512776974e+20,65.0,0.0,1.4285976569926124e+19,0.0,645,0,688,0,0,0,717,0,789,0,709,0,689,0,645,0,642,0,616,0.032,55836672.0,0.0,2.7302316136196234e+23,49424,16788,-2.2503001510381306e+24,-0.0,1.1769344262406144e+16,-0.0,-5.541458119739887e+19,5.663866533233774e+26,29.0,60.0,70,0.0,0.0,0.0,0.0,0.0,0.0,0.0,0.0,0.0,0.0,0.0,0.0,0.0,0.0,0.0,0.0,59.6,69,11,65508,41,65476,0,300,0,0,8,20529,65476,0,0,61604,60.0,0.0,0.0,0.0,0.0,0.0
2026-04-04T11:23:27,ERR,ERR,ERR,ERR,ERR,ERR,ERR,ERR,ERR,ERR,ERR,ERR,ERR,ERR,ERR,ERR,ERR,ERR,ERR,ERR,ERR,ERR,ERR,ERR,ERR,ERR,ERR,ERR,ERR,ERR,ERR,ERR,ERR,ERR,ERR,ERR,ERR,ERR,ERR,ERR,ERR,ERR,ERR,ERR,ERR,ERR,ERR,ERR,ERR,ERR,ERR,ERR,ERR,ERR,ERR,ERR,ERR,ERR,ERR,ERR,ERR,ERR,ERR,ERR,ERR,ERR,ERR,ERR,ERR,ERR,ERR,ERR,ERR,ERR,ERR,ERR,ERR,ERR,ERR,ERR,ERR,ERR,ERR,ERR,ERR,ERR,ERR,ERR,ERR,ERR,ERR,ERR,ERR,ERR,ERR,ERR,ERR,ERR,ERR,ERR,ERR,ERR,ERR,ERR,ERR,ERR,ERR,ERR,ERR,ERR,ERR,ERR,ERR,ERR,ERR,ERR,ERR,ERR,ERR,ERR,ERR,ERR,ERR,ERR,ERR,0.0,0.0,-101055584.0,0.0,0.0,0.0,0.0,nan,0,0,0,32768,0,0.0,0,0.0,0.0,0.0,0.0,0.0,0,0,0,0,0.0,0,0,0,0,0,0,0,0,0,0,0,0,0,0,0,0,0,0,0,0,0,0,0,0,0,0,0,0,0,0,0,0,0,0,0,0,0,0,0,0,0,0,0,0,0.0,0.0,0.0,0.0,0.0,0.0,0.0,0.0,0.0,0.0,0.0,0.0,0.0,0.0,0.0,0.0,0.0,0.0,0.0,0.0,0.0,0.0,-2.004,-2.004,-2.004,2.004,0.0,0.0,0.0,0.0,3391.5,-2.004,0.0,0.0,0.0,-0.0,0.0,0.0,0.0,0.0,0.0,0,-0.0,-0.0,0.0,0.0,0.0,0.0,0.0,0.0,0.0,0,0,0,0.0,0.0,0.0,0.0,0.0,0.0,0.0,0.0,0.0,0.0,0.0,0.0,0.0,0.0,0.0,0.0,0,-107875648.0,0,0.0,0,-107875648.0,-107877712.0,0,26215,17039,52429,17053,52429,17037,0,0,0,110,100,100,2.7302334150594743e+23,64.0,0.0,64.9,-107615304.0,68.5,1,49,50,180,0,39322,0,0,0.0,0.0,0.0,0.0,-8.282303944304314e+29,65.0,0.0,3326213120.0,0.0,645,0,688,0,0,0,717,0,789,0,709,0,689,0,645,0,642,0,616,0.032,36700160.0,0.0,2.7302316136196234e+23,39824,16788,-2.5394178346574105e+31,3326213120.0,0.001,4999.96,-277365024.0,481577566208.0,29.0,60.0,70,0.0,0.0,0.0,0.0,0.0,0.0,0.0,0.0,0.0,0.0,0.0,0.0,0.0,0.0,0.0,0.0,59.2,69,11,65508,41,65476,0,300,0,0,8,20529,65476,0,0,61604,60.0,0.0,0.0,0.0,0.0,0.0
2026-04-04T11:23:28,ERR,ERR,ERR,ERR,ERR,ERR,ERR,ERR,ERR,ERR,ERR,ERR,ERR,ERR,ERR,ERR,ERR,ERR,ERR,ERR,ERR,ERR,ERR,ERR,ERR,ERR,ERR,ERR,ERR,ERR,ERR,ERR,ERR,ERR,ERR,ERR,ERR,ERR,ERR,ERR,ERR,ERR,ERR,ERR,ERR,ERR,ERR,ERR,ERR,ERR,ERR,ERR,ERR,ERR,ERR,ERR,ERR,ERR,ERR,ERR,ERR,ERR,ERR,ERR,ERR,ERR,ERR,ERR,ERR,ERR,ERR,ERR,ERR,ERR,ERR,ERR,ERR,ERR,ERR,ERR,ERR,ERR,ERR,ERR,ERR,ERR,ERR,ERR,ERR,ERR,ERR,ERR,ERR,ERR,ERR,ERR,ERR,ERR,ERR,ERR,ERR,ERR,ERR,ERR,ERR,ERR,ERR,ERR,ERR,ERR,ERR,ERR,ERR,ERR,ERR,ERR,ERR,ERR,ERR,ERR,ERR,ERR,ERR,ERR,ERR,0.0,0.0,-101055584.0,0.0,0.0,0.0,0.0,nan,0,0,0,32768,0,0.0,0,0.0,0.0,0.0,0.0,0.0,0,0,0,0,0.0,0,0,0,0,0,0,0,0,0,0,0,0,0,0,0,0,0,0,0,0,0,0,0,0,0,0,0,0,0,0,0,0,0,0,0,0,0,0,0,0,0,0,0,0,0.0,0.0,0.0,0.0,0.0,0.0,0.0,0.0,0.0,0.0,0.0,0.0,0.0,0.0,0.0,0.0,0.0,0.0,0.0,0.0,0.0,0.0,-2.004,-2.004,-2.004,2.004,0.0,0.0,0.0,0.0,3391.5,-2.004,0.0,0.0,0.0,-0.0,0.0,0.0,0.0,0.0,0.0,0,-0.0,-0.0,0.0,0.0,0.0,0.0,0.0,0.0,0.0,0,0,0,0.0,0.0,0.0,0.0,0.0,0.0,0.0,0.0,0.0,0.0,0.0,0.0,0.0,0.0,0.0,0.0,0,-107875648.0,0,0.0,0,-107875648.0,-107877712.0,0,26215,17039,52429,17053,52429,17037,0,0,0,110,100,100,2.7302334150594743e+23,64.0,0.0,64.9,-107615304.0,68.5,1,49,50,180,0,39322,0,0,0.0,0.0,0.0,0.0,-8.282303944304314e+29,65.0,0.0,3326213120.0,0.0,645,0,688,0,0,0,717,0,789,0,709,0,689,0,645,0,642,0,616,0.032,36700160.0,0.0,2.7302316136196234e+23,39824,16788,-2.5394178346574105e+31,3326213120.0,0.001,4999.96,-277365024.0,481577566208.0,29.0,60.0,70,0.0,0.0,0.0,0.0,0.0,0.0,0.0,0.0,0.0,0.0,0.0,0.0,0.0,0.0,0.0,0.0,59.2,69,11,65508,41,65476,0,300,0,0,8,20529,65476,0,0,61604,60.0,0.0,0.0,0.0,0.0,0.0
2026-04-04T11:23:29,ERR,ERR,ERR,ERR,ERR,ERR,ERR,ERR,ERR,ERR,ERR,ERR,ERR,ERR,ERR,ERR,ERR,ERR,ERR,ERR,ERR,ERR,ERR,ERR,ERR,ERR,ERR,ERR,ERR,ERR,ERR,ERR,ERR,ERR,ERR,ERR,ERR,ERR,ERR,ERR,ERR,ERR,ERR,ERR,ERR,ERR,ERR,ERR,ERR,ERR,ERR,ERR,ERR,ERR,ERR,ERR,ERR,ERR,ERR,ERR,ERR,ERR,ERR,ERR,ERR,ERR,ERR,ERR,ERR,ERR,ERR,ERR,ERR,ERR,ERR,ERR,ERR,ERR,ERR,ERR,ERR,ERR,ERR,ERR,ERR,ERR,ERR,ERR,ERR,ERR,ERR,ERR,ERR,ERR,ERR,ERR,ERR,ERR,ERR,ERR,ERR,ERR,ERR,ERR,ERR,ERR,ERR,ERR,ERR,ERR,ERR,ERR,ERR,ERR,ERR,ERR,ERR,ERR,ERR,ERR,ERR,ERR,ERR,ERR,ERR,0.0,0.0,-101055584.0,0.0,0.0,0.0,0.0,nan,0,0,0,32768,0,0.0,0,0.0,0.0,0.0,0.0,0.0,0,0,0,0,0.0,0,0,0,0,0,0,0,0,0,0,0,0,0,0,0,0,0,0,0,0,0,0,0,0,0,0,0,0,0,0,0,0,0,0,0,0,0,0,0,0,0,0,0,0,0.0,0.0,0.0,0.0,0.0,0.0,0.0,0.0,0.0,0.0,0.0,0.0,0.0,0.0,0.0,0.0,0.0,0.0,0.0,0.0,0.0,0.0,-2.004,-2.004,-2.004,2.004,0.0,0.0,0.0,0.0,3391.5,-2.004,0.0,0.0,0.0,-0.0,0.0,0.0,0.0,0.0,0.0,0,-0.0,-0.0,0.0,0.0,0.0,0.0,0.0,0.0,0.0,0,0,0,0.0,0.0,0.0,0.0,0.0,0.0,0.0,0.0,0.0,0.0,0.0,0.0,0.0,0.0,0.0,0.0,0,-107875648.0,0,0.0,0,-107875648.0,-107877712.0,0,26215,17039,52429,17053,52429,17037,0,0,0,110,100,100,2.7302334150594743e+23,64.0,0.0,64.9,-107615304.0,68.5,1,49,50,180,0,39322,0,0,0.0,0.0,0.0,0.0,-8.282303944304314e+29,65.0,0.0,3326213120.0,0.0,645,0,688,0,0,0,717,0,789,0,709,0,689,0,645,0,642,0,616,0.032,36700160.0,0.0,2.7302316136196234e+23,39824,16788,-2.5394178346574105e+31,3326213120.0,0.001,4999.96,-277365024.0,481577566208.0,29.0,60.0,70,0.0,0.0,0.0,0.0,0.0,0.0,0.0,0.0,0.0,0.0,0.0,0.0,0.0,0.0,0.0,0.0,59.6,69,11,65508,41,65476,0,300,0,0,8,20529,65476,0,0,61604,60.0,0.0,0.0,0.0,0.0,0.0
2026-04-04T11:23:30,ERR,ERR,ERR,ERR,ERR,ERR,ERR,ERR,ERR,ERR,ERR,ERR,ERR,ERR,ERR,ERR,ERR,ERR,ERR,ERR,ERR,ERR,ERR,ERR,ERR,ERR,ERR,ERR,ERR,ERR,ERR,ERR,ERR,ERR,ERR,ERR,ERR,ERR,ERR,ERR,ERR,ERR,ERR,ERR,ERR,ERR,ERR,ERR,ERR,ERR,ERR,ERR,ERR,ERR,ERR,ERR,ERR,ERR,ERR,ERR,ERR,ERR,ERR,ERR,ERR,ERR,ERR,ERR,ERR,ERR,ERR,ERR,ERR,ERR,ERR,ERR,ERR,ERR,ERR,ERR,ERR,ERR,ERR,ERR,ERR,ERR,ERR,ERR,ERR,ERR,ERR,ERR,ERR,ERR,ERR,ERR,ERR,ERR,ERR,ERR,ERR,ERR,ERR,ERR,ERR,ERR,ERR,ERR,ERR,ERR,ERR,ERR,ERR,ERR,ERR,ERR,ERR,ERR,ERR,ERR,ERR,ERR,ERR,ERR,ERR,0.0,0.0,-101055584.0,0.0,0.0,0.0,0.0,nan,0,0,0,32768,0,0.0,0,0.0,0.0,0.0,0.0,0.0,0,0,0,0,0.0,0,0,0,0,0,0,0,0,0,0,0,0,0,0,0,0,0,0,0,0,0,0,0,0,0,0,0,0,0,0,0,0,0,0,0,0,0,0,0,0,0,0,0,0,0.0,0.0,0.0,0.0,0.0,0.0,0.0,0.0,0.0,0.0,0.0,0.0,0.0,0.0,0.0,0.0,0.0,0.0,0.0,0.0,0.0,0.0,-2.004,-2.004,-2.004,2.004,0.0,0.0,0.0,0.0,3391.5,-2.004,0.0,0.0,0.0,-0.0,0.0,0.0,0.0,0.0,0.0,0,-0.0,-0.0,0.0,0.0,0.0,0.0,0.0,0.0,0.0,0,0,0,0.0,0.0,0.0,0.0,0.0,0.0,0.0,0.0,0.0,0.0,0.0,0.0,0.0,0.0,0.0,0.0,0,-107875648.0,0,0.0,0,-107875648.0,-107877712.0,0,26215,17039,52429,17053,52429,17037,0,0,0,110,100,100,2.7302334150594743e+23,64.0,0.0,64.9,-107615304.0,68.5,1,49,50,180,0,39322,0,0,0.0,0.0,0.0,0.0,-8.282303944304314e+29,65.0,0.0,3326213120.0,0.0,645,0,688,0,0,0,717,0,789,0,709,0,689,0,645,0,642,0,616,0.032,36700160.0,0.0,2.7302316136196234e+23,39824,16788,-2.5394178346574105e+31,3326213120.0,0.001,4999.96,-277365024.0,481577566208.0,29.0,60.0,70,0.0,0.0,0.0,0.0,0.0,0.0,0.0,0.0,0.0,0.0,0.0,0.0,0.0,0.0,0.0,0.0,59.6,69,11,65508,41,65476,0,300,0,0,8,20529,65476,0,0,61604,60.0,0.0,0.0,0.0,0.0,0.0
2026-04-04T11:23:31,ERR,ERR,ERR,ERR,ERR,ERR,ERR,ERR,ERR,ERR,ERR,ERR,ERR,ERR,ERR,ERR,ERR,ERR,ERR,ERR,ERR,ERR,ERR,ERR,ERR,ERR,ERR,ERR,ERR,ERR,ERR,ERR,ERR,ERR,ERR,ERR,ERR,ERR,ERR,ERR,ERR,ERR,ERR,ERR,ERR,ERR,ERR,ERR,ERR,ERR,ERR,ERR,ERR,ERR,ERR,ERR,ERR,ERR,ERR,ERR,ERR,ERR,ERR,ERR,ERR,ERR,ERR,ERR,ERR,ERR,ERR,ERR,ERR,ERR,ERR,ERR,ERR,ERR,ERR,ERR,ERR,ERR,ERR,ERR,ERR,ERR,ERR,ERR,ERR,ERR,ERR,ERR,ERR,ERR,ERR,ERR,ERR,ERR,ERR,ERR,ERR,ERR,ERR,ERR,ERR,ERR,ERR,ERR,ERR,ERR,ERR,ERR,ERR,ERR,ERR,ERR,ERR,ERR,ERR,ERR,ERR,ERR,ERR,ERR,ERR,0.0,0.0,-101055584.0,0.0,0.0,0.0,0.0,nan,0,0,0,32768,0,0.0,0,0.0,0.0,0.0,0.0,0.0,0,0,0,0,0.0,0,0,0,0,0,0,0,0,0,0,0,0,0,0,0,0,0,0,0,0,0,0,0,0,0,0,0,0,0,0,0,0,0,0,0,0,0,0,0,0,0,0,0,0,0.0,0.0,0.0,0.0,0.0,0.0,0.0,0.0,0.0,0.0,0.0,0.0,0.0,0.0,0.0,0.0,0.0,0.0,0.0,0.0,0.0,0.0,-2.004,-2.004,-2.004,2.004,0.0,0.0,0.0,0.0,3391.5,-2.004,0.0,0.0,0.0,-0.0,0.0,0.0,0.0,0.0,0.0,0,-0.0,-0.0,0.0,0.0,0.0,0.0,0.0,0.0,0.0,0,0,0,0.0,0.0,0.0,0.0,0.0,0.0,0.0,0.0,0.0,0.0,0.0,0.0,0.0,0.0,0.0,0.0,0,-107875648.0,0,0.0,0,-107875648.0,-107877712.0,0,26215,17039,52429,17053,52429,17037,0,0,0,110,100,100,2.7302334150594743e+23,64.0,0.0,64.9,-107615304.0,68.5,1,49,50,180,0,39322,0,0,0.0,0.0,0.0,0.0,-8.282303944304314e+29,65.0,0.0,3326213120.0,0.0,645,0,688,0,0,0,717,0,789,0,709,0,689,0,645,0,642,0,616,0.032,36700160.0,0.0,2.7302316136196234e+23,39824,16788,-2.5394178346574105e+31,3326213120.0,0.001,4999.96,-277365024.0,481577566208.0,29.0,60.0,70,0.0,0.0,0.0,0.0,0.0,0.0,0.0,0.0,0.0,0.0,0.0,0.0,0.0,0.0,0.0,0.0,59.6,69,11,65508,41,65476,0,300,0,0,8,20529,65476,0,0,61604,60.0,0.0,0.0,0.0,0.0,0.0
2026-04-04T11:23:32,ERR,ERR,ERR,ERR,ERR,ERR,ERR,ERR,ERR,ERR,ERR,ERR,ERR,ERR,ERR,ERR,ERR,ERR,ERR,ERR,ERR,ERR,ERR,ERR,ERR,ERR,ERR,ERR,ERR,ERR,ERR,ERR,ERR,ERR,ERR,ERR,ERR,ERR,ERR,ERR,ERR,ERR,ERR,ERR,ERR,ERR,ERR,ERR,ERR,ERR,ERR,ERR,ERR,ERR,ERR,ERR,ERR,ERR,ERR,ERR,ERR,ERR,ERR,ERR,ERR,ERR,ERR,ERR,ERR,ERR,ERR,ERR,ERR,ERR,ERR,ERR,ERR,ERR,ERR,ERR,ERR,ERR,ERR,ERR,ERR,ERR,ERR,ERR,ERR,ERR,ERR,ERR,ERR,ERR,ERR,ERR,ERR,ERR,ERR,ERR,ERR,ERR,ERR,ERR,ERR,ERR,ERR,ERR,ERR,ERR,ERR,ERR,ERR,ERR,ERR,ERR,ERR,ERR,ERR,ERR,ERR,ERR,ERR,ERR,ERR,0.0,0.0,-101055584.0,0.0,0.0,0.0,0.0,nan,0,0,0,32768,0,0.0,0,0.0,0.0,0.0,0.0,0.0,0,0,0,0,0.0,0,0,0,0,0,0,0,0,0,0,0,0,0,0,0,0,0,0,0,0,0,0,0,0,0,0,0,0,0,0,0,0,0,0,0,0,0,0,0,0,0,0,0,0,0.0,0.0,0.0,0.0,0.0,0.0,0.0,0.0,0.0,0.0,0.0,0.0,0.0,0.0,0.0,0.0,0.0,0.0,0.0,0.0,0.0,0.0,-2.004,-2.004,-2.004,2.004,0.0,0.0,0.0,0.0,3391.5,-2.004,0.0,0.0,0.0,-0.0,0.0,0.0,0.0,0.0,0.0,0,-0.0,-0.0,0.0,0.0,0.0,0.0,0.0,0.0,0.0,0,0,0,0.0,0.0,0.0,0.0,0.0,0.0,0.0,0.0,0.0,0.0,0.0,0.0,0.0,0.0,0.0,0.0,0,-107875648.0,0,0.0,0,-107875648.0,-107877712.0,0,26215,17039,52429,17053,52429,17037,0,0,0,110,100,100,2.7302334150594743e+23,64.0,0.0,64.9,-107615304.0,68.5,1,49,50,180,0,39322,0,0,0.0,0.0,0.0,0.0,-8.282303944304314e+29,65.0,0.0,3326213120.0,0.0,645,0,688,0,0,0,717,0,789,0,709,0,689,0,645,0,642,0,616,0.032,36700160.0,0.0,2.7302316136196234e+23,39824,16788,-2.5394178346574105e+31,3326213120.0,0.001,4999.96,-277365024.0,481577566208.0,29.0,60.0,70,0.0,0.0,0.0,0.0,0.0,0.0,0.0,0.0,0.0,0.0,0.0,0.0,0.0,0.0,0.0,0.0,59.6,69,11,65508,41,65476,0,300,0,0,8,20529,65476,0,0,61604,60.0,0.0,0.0,0.0,0.0,0.0
2026-04-04T11:23:33,ERR,ERR,ERR,ERR,ERR,ERR,ERR,ERR,ERR,ERR,ERR,ERR,ERR,ERR,ERR,ERR,ERR,ERR,ERR,ERR,ERR,ERR,ERR,ERR,ERR,ERR,ERR,ERR,ERR,ERR,ERR,ERR,ERR,ERR,ERR,ERR,ERR,ERR,ERR,ERR,ERR,ERR,ERR,ERR,ERR,ERR,ERR,ERR,ERR,ERR,ERR,ERR,ERR,ERR,ERR,ERR,ERR,ERR,ERR,ERR,ERR,ERR,ERR,ERR,ERR,ERR,ERR,ERR,ERR,ERR,ERR,ERR,ERR,ERR,ERR,ERR,ERR,ERR,ERR,ERR,ERR,ERR,ERR,ERR,ERR,ERR,ERR,ERR,ERR,ERR,ERR,ERR,ERR,ERR,ERR,ERR,ERR,ERR,ERR,ERR,ERR,ERR,ERR,ERR,ERR,ERR,ERR,ERR,ERR,ERR,ERR,ERR,ERR,ERR,ERR,ERR,ERR,ERR,ERR,ERR,ERR,ERR,ERR,ERR,ERR,0.0,0.0,-101055584.0,0.0,0.0,0.0,0.0,nan,0,0,0,32768,0,0.0,0,0.0,0.0,0.0,0.0,0.0,0,0,0,0,0.0,0,0,0,0,0,0,0,0,0,0,0,0,0,0,0,0,0,0,0,0,0,0,0,0,0,0,0,0,0,0,0,0,0,0,0,0,0,0,0,0,0,0,0,0,0.0,0.0,0.0,0.0,0.0,0.0,0.0,0.0,0.0,0.0,0.0,0.0,0.0,0.0,0.0,0.0,0.0,0.0,0.0,0.0,0.0,0.0,-2.004,-2.004,-2.004,2.004,0.0,0.0,0.0,0.0,3391.5,-2.004,0.0,0.0,0.0,-0.0,0.0,0.0,0.0,0.0,0.0,0,-0.0,-0.0,0.0,0.0,0.0,0.0,0.0,0.0,0.0,0,0,0,0.0,0.0,0.0,0.0,0.0,0.0,0.0,0.0,0.0,0.0,0.0,0.0,0.0,0.0,0.0,0.0,0,-107875648.0,0,0.0,0,-107875648.0,-107877712.0,0,26215,17039,52429,17053,52429,17037,0,0,0,110,100,100,2.7302334150594743e+23,64.0,0.0,64.9,-107615304.0,68.5,1,49,50,180,0,39322,0,0,0.0,0.0,0.0,0.0,-1017091339583488.0,65.0,0.0,4.873174072768332e+18,0.0,645,0,688,0,0,0,717,0,789,0,709,0,689,0,645,0,642,0,616,0.032,55574528.0,0.0,2.7302316136196234e+23,35856,16788,-6.494543605900771e+18,4.873174072768332e+18,0.0,0.0,-0.0,0.0,29.0,60.0,70,0.0,0.0,0.0,0.0,0.0,0.0,0.0,0.0,0.0,0.0,0.0,0.0,0.0,0.0,0.0,0.0,59.6,69,11,65508,41,65476,0,300,0,0,8,20529,65476,0,0,61604,60.0,0.0,0.0,0.0,0.0,0.0
2026-04-04T11:23:34,ERR,ERR,ERR,ERR,ERR,ERR,ERR,ERR,ERR,ERR,ERR,ERR,ERR,ERR,ERR,ERR,ERR,ERR,ERR,ERR,ERR,ERR,ERR,ERR,ERR,ERR,ERR,ERR,ERR,ERR,ERR,ERR,ERR,ERR,ERR,ERR,ERR,ERR,ERR,ERR,ERR,ERR,ERR,ERR,ERR,ERR,ERR,ERR,ERR,ERR,ERR,ERR,ERR,ERR,ERR,ERR,ERR,ERR,ERR,ERR,ERR,ERR,ERR,ERR,ERR,ERR,ERR,ERR,ERR,ERR,ERR,ERR,ERR,ERR,ERR,ERR,ERR,ERR,ERR,ERR,ERR,ERR,ERR,ERR,ERR,ERR,ERR,ERR,ERR,ERR,ERR,ERR,ERR,ERR,ERR,ERR,ERR,ERR,ERR,ERR,ERR,ERR,ERR,ERR,ERR,ERR,ERR,ERR,ERR,ERR,ERR,ERR,ERR,ERR,ERR,ERR,ERR,ERR,ERR,ERR,ERR,ERR,ERR,ERR,ERR,0.0,0.0,-101055584.0,0.0,0.0,0.0,0.0,nan,0,0,0,32768,0,0.0,0,0.0,0.0,0.0,0.0,0.0,0,0,0,0,0.0,0,0,0,0,0,0,0,0,0,0,0,0,0,0,0,0,0,0,0,0,0,0,0,0,0,0,0,0,0,0,0,0,0,0,0,0,0,0,0,0,0,0,0,0,0.0,0.0,0.0,0.0,0.0,0.0,0.0,0.0,0.0,0.0,0.0,0.0,0.0,0.0,0.0,0.0,0.0,0.0,0.0,0.0,0.0,0.0,-2.004,0.0,-2.004,2.004,0.0,0.0,0.0,0.0,3391.0,-1.5879155638041463e+29,0.0,0.0,0.0,-0.0,0.0,0.0,0.0,0.0,0.0,0,-0.0,-0.0,0.0,0.0,0.0,0.0,0.0,0.0,0.0,0,0,0,0.0,0.0,0.0,0.0,0.0,0.0,0.0,0.0,0.0,0.0,0.0,0.0,0.0,0.0,0.0,0.0,0,-107875648.0,0,0.0,0,-107875648.0,-107877712.0,0,26215,17039,52429,17053,52429,17037,0,0,0,110,100,100,2.7302334150594743e+23,64.0,0.0,64.9,-107615304.0,68.5,1,49,50,180,0,39322,0,0,0.0,0.0,0.0,0.0,-1017091339583488.0,65.0,0.0,4.873174072768332e+18,0.0,645,0,688,0,0,0,717,0,789,0,709,0,689,0,645,0,642,0,616,0.032,55574528.0,0.0,2.7302316136196234e+23,35856,16788,-6.494543605900771e+18,4.873174072768332e+18,0.0,0.0,-0.0,0.0,29.0,60.0,70,0.0,0.0,0.0,0.0,0.0,0.0,0.0,0.0,0.0,0.0,0.0,0.0,0.0,0.0,0.0,0.0,59.6,69,11,65508,41,65476,0,300,0,0,8,20529,65476,0,0,61604,60.0,0.0,0.0,0.0,0.0,0.0
2026-04-04T11:23:35,ERR,ERR,ERR,ERR,ERR,ERR,ERR,ERR,ERR,ERR,ERR,ERR,ERR,ERR,ERR,ERR,ERR,ERR,ERR,ERR,ERR,ERR,ERR,ERR,ERR,ERR,ERR,ERR,ERR,ERR,ERR,ERR,ERR,ERR,ERR,ERR,ERR,ERR,ERR,ERR,ERR,ERR,ERR,ERR,ERR,ERR,ERR,ERR,ERR,ERR,ERR,ERR,ERR,ERR,ERR,ERR,ERR,ERR,ERR,ERR,ERR,ERR,ERR,ERR,ERR,ERR,ERR,ERR,ERR,ERR,ERR,ERR,ERR,ERR,ERR,ERR,ERR,ERR,ERR,ERR,ERR,ERR,ERR,ERR,ERR,ERR,ERR,ERR,ERR,ERR,ERR,ERR,ERR,ERR,ERR,ERR,ERR,ERR,ERR,ERR,ERR,ERR,ERR,ERR,ERR,ERR,ERR,ERR,ERR,ERR,ERR,ERR,ERR,ERR,ERR,ERR,ERR,ERR,ERR,ERR,ERR,ERR,ERR,ERR,ERR,0.0,0.0,-101055584.0,0.0,0.0,0.0,0.0,nan,0,0,0,32768,0,0.0,0,0.0,0.0,0.0,0.0,0.0,0,0,0,0,0.0,0,0,0,0,0,0,0,0,0,0,0,0,0,0,0,0,0,0,0,0,0,0,0,0,0,0,0,0,0,0,0,0,0,0,0,0,0,0,0,0,0,0,0,0,0.0,0.0,0.0,0.0,0.0,0.0,0.0,0.0,0.0,0.0,0.0,0.0,0.0,0.0,0.0,0.0,0.0,0.0,0.0,0.0,0.0,0.0,-2.004,0.0,-2.004,2.004,0.0,0.0,0.0,0.0,3391.0,-1.5879155638041463e+29,0.0,0.0,0.0,-0.0,0.0,0.0,0.0,0.0,0.0,0,-0.0,-0.0,0.0,0.0,0.0,0.0,0.0,0.0,0.0,0,0,0,0.0,0.0,0.0,0.0,0.0,0.0,0.0,0.0,0.0,0.0,0.0,0.0,0.0,0.0,0.0,0.0,0,-107875648.0,0,0.0,0,-107875648.0,-107877712.0,0,26215,17039,52429,17053,52429,17037,0,0,0,110,100,100,2.7302334150594743e+23,64.0,0.0,64.9,-107615304.0,68.5,1,49,50,180,0,39322,0,0,0.0,0.0,0.0,0.0,-1017091339583488.0,65.0,0.0,4.873174072768332e+18,0.0,645,0,688,0,0,0,717,0,789,0,709,0,689,0,645,0,642,0,616,0.032,55574528.0,0.0,2.7302316136196234e+23,35856,16788,-6.494543605900771e+18,4.873174072768332e+18,0.0,0.0,-0.0,0.0,29.0,60.0,70,0.0,0.0,0.0,0.0,0.0,0.0,0.0,0.0,0.0,0.0,0.0,0.0,0.0,0.0,0.0,0.0,59.6,69,11,65508,41,65476,0,300,0,0,8,20529,65476,0,0,61604,60.0,0.0,0.0,0.0,0.0,0.0
2026-04-04T11:23:36,ERR,ERR,ERR,ERR,ERR,ERR,ERR,ERR,ERR,ERR,ERR,ERR,ERR,ERR,ERR,ERR,ERR,ERR,ERR,ERR,ERR,ERR,ERR,ERR,ERR,ERR,ERR,ERR,ERR,ERR,ERR,ERR,ERR,ERR,ERR,ERR,ERR,ERR,ERR,ERR,ERR,ERR,ERR,ERR,ERR,ERR,ERR,ERR,ERR,ERR,ERR,ERR,ERR,ERR,ERR,ERR,ERR,ERR,ERR,ERR,ERR,ERR,ERR,ERR,ERR,ERR,ERR,ERR,ERR,ERR,ERR,ERR,ERR,ERR,ERR,ERR,ERR,ERR,ERR,ERR,ERR,ERR,ERR,ERR,ERR,ERR,ERR,ERR,ERR,ERR,ERR,ERR,ERR,ERR,ERR,ERR,ERR,ERR,ERR,ERR,ERR,ERR,ERR,ERR,ERR,ERR,ERR,ERR,ERR,ERR,ERR,ERR,ERR,ERR,ERR,ERR,ERR,ERR,ERR,ERR,ERR,ERR,ERR,ERR,ERR,0.0,0.0,-101055584.0,0.0,0.0,0.0,0.0,nan,0,0,0,32768,0,0.0,0,0.0,0.0,0.0,0.0,0.0,0,0,0,0,0.0,0,0,0,0,0,0,0,0,0,0,0,0,0,0,0,0,0,0,0,0,0,0,0,0,0,0,0,0,0,0,0,0,0,0,0,0,0,0,0,0,0,0,0,0,0.0,0.0,0.0,0.0,0.0,0.0,0.0,0.0,0.0,0.0,0.0,0.0,0.0,0.0,0.0,0.0,0.0,0.0,0.0,0.0,0.0,0.0,-2.004,0.0,-2.004,2.004,0.0,0.0,0.0,0.0,3391.0,-1.5879155638041463e+29,0.0,0.0,0.0,-0.0,0.0,0.0,0.0,0.0,0.0,0,-0.0,-0.0,0.0,0.0,0.0,0.0,0.0,0.0,0.0,0,0,0,0.0,0.0,0.0,0.0,0.0,0.0,0.0,0.0,0.0,0.0,0.0,0.0,0.0,0.0,0.0,0.0,0,-107875648.0,0,0.0,0,-107875648.0,-107877712.0,0,26215,17039,52429,17053,52429,17037,0,0,0,110,100,100,2.7302334150594743e+23,64.0,0.0,64.9,-107615304.0,68.5,1,49,50,180,0,39322,0,0,0.0,0.0,0.0,0.0,-1017091339583488.0,65.0,0.0,4.873174072768332e+18,0.0,645,0,688,0,0,0,717,0,789,0,709,0,689,0,645,0,642,0,616,0.032,55574528.0,0.0,2.7302316136196234e+23,35856,16788,-6.494543605900771e+18,4.873174072768332e+18,0.0,0.0,-0.0,0.0,29.0,60.0,70,0.0,0.0,0.0,0.0,0.0,0.0,0.0,0.0,0.0,0.0,0.0,0.0,0.0,0.0,0.0,0.0,59.6,69,11,65508,41,65476,0,300,0,0,8,20529,65476,0,0,61604,60.0,0.0,0.0,0.0,0.0,0.0
2026-04-04T11:23:37,ERR,ERR,ERR,ERR,ERR,ERR,ERR,ERR,ERR,ERR,ERR,ERR,ERR,ERR,ERR,ERR,ERR,ERR,ERR,ERR,ERR,ERR,ERR,ERR,ERR,ERR,ERR,ERR,ERR,ERR,ERR,ERR,ERR,ERR,ERR,ERR,ERR,ERR,ERR,ERR,ERR,ERR,ERR,ERR,ERR,ERR,ERR,ERR,ERR,ERR,ERR,ERR,ERR,ERR,ERR,ERR,ERR,ERR,ERR,ERR,ERR,ERR,ERR,ERR,ERR,ERR,ERR,ERR,ERR,ERR,ERR,ERR,ERR,ERR,ERR,ERR,ERR,ERR,ERR,ERR,ERR,ERR,ERR,ERR,ERR,ERR,ERR,ERR,ERR,ERR,ERR,ERR,ERR,ERR,ERR,ERR,ERR,ERR,ERR,ERR,ERR,ERR,ERR,ERR,ERR,ERR,ERR,ERR,ERR,ERR,ERR,ERR,ERR,ERR,ERR,ERR,ERR,ERR,ERR,ERR,ERR,ERR,ERR,ERR,ERR,0.0,0.0,-101055584.0,0.0,0.0,0.0,0.0,nan,0,0,0,32768,0,0.0,0,0.0,0.0,0.0,0.0,0.0,0,0,0,0,0.0,0,0,0,0,0,0,0,0,0,0,0,0,0,0,0,0,0,0,0,0,0,0,0,0,0,0,0,0,0,0,0,0,0,0,0,0,0,0,0,0,0,0,0,0,0.0,0.0,0.0,0.0,0.0,0.0,0.0,0.0,0.0,0.0,0.0,0.0,0.0,0.0,0.0,0.0,0.0,0.0,0.0,0.0,0.0,0.0,-2.004,0.0,-2.004,2.004,0.0,0.0,0.0,0.0,3391.0,-1.5879155638041463e+29,0.0,0.0,0.0,-0.0,0.0,0.0,0.0,0.0,0.0,0,-0.0,-0.0,0.0,0.0,0.0,0.0,0.0,0.0,0.0,0,0,0,0.0,0.0,0.0,0.0,0.0,0.0,0.0,0.0,0.0,0.0,0.0,0.0,0.0,0.0,0.0,0.0,0,-107875648.0,0,0.0,0,-107875648.0,-107877712.0,0,26215,17039,52429,17053,52429,17037,0,0,0,110,100,100,2.7302334150594743e+23,64.0,0.0,64.9,-107615304.0,68.5,1,49,50,180,0,39322,0,0,0.0,0.0,0.0,0.0,-1017091339583488.0,65.0,0.0,4.873174072768332e+18,0.0,645,0,688,0,0,0,717,0,789,0,709,0,689,0,645,0,642,0,616,0.032,55574528.0,0.0,2.7302316136196234e+23,35856,16788,-6.494543605900771e+18,4.873174072768332e+18,0.0,0.0,-0.0,0.0,29.0,60.0,70,0.0,0.0,0.0,0.0,0.0,0.0,0.0,0.0,0.0,0.0,0.0,0.0,0.0,0.0,0.0,0.0,59.6,69,11,65508,41,65476,0,300,0,0,8,20529,65476,0,0,61604,60.0,0.0,0.0,0.0,0.0,0.0
2026-04-04T11:23:38,ERR,ERR,ERR,ERR,ERR,ERR,ERR,ERR,ERR,ERR,ERR,ERR,ERR,ERR,ERR,ERR,ERR,ERR,ERR,ERR,ERR,ERR,ERR,ERR,ERR,ERR,ERR,ERR,ERR,ERR,ERR,ERR,ERR,ERR,ERR,ERR,ERR,ERR,ERR,ERR,ERR,ERR,ERR,ERR,ERR,ERR,ERR,ERR,ERR,ERR,ERR,ERR,ERR,ERR,ERR,ERR,ERR,ERR,ERR,ERR,ERR,ERR,ERR,ERR,ERR,ERR,ERR,ERR,ERR,ERR,ERR,ERR,ERR,ERR,ERR,ERR,ERR,ERR,ERR,ERR,ERR,ERR,ERR,ERR,ERR,ERR,ERR,ERR,ERR,ERR,ERR,ERR,ERR,ERR,ERR,ERR,ERR,ERR,ERR,ERR,ERR,ERR,ERR,ERR,ERR,ERR,ERR,ERR,ERR,ERR,ERR,ERR,ERR,ERR,ERR,ERR,ERR,ERR,ERR,ERR,ERR,ERR,ERR,ERR,ERR,0.0,0.0,-101055584.0,0.0,0.0,0.0,0.0,nan,0,0,0,32768,0,0.0,0,0.0,0.0,0.0,0.0,0.0,0,0,0,0,0.0,0,0,0,0,0,0,0,0,0,0,0,0,0,0,0,0,0,0,0,0,0,0,0,0,0,0,0,0,0,0,0,0,0,0,0,0,0,0,0,0,0,0,0,0,0.0,0.0,0.0,0.0,0.0,0.0,0.0,0.0,0.0,0.0,0.0,0.0,0.0,0.0,0.0,0.0,0.0,0.0,0.0,0.0,0.0,0.0,-2.004,0.0,-2.004,2.004,0.0,0.0,0.0,0.0,3391.0,-1.5879155638041463e+29,0.0,0.0,0.0,-0.0,0.0,0.0,0.0,0.0,0.0,0,-0.0,-0.0,0.0,0.0,0.0,0.0,0.0,0.0,0.0,0,0,0,0.0,0.0,0.0,0.0,0.0,0.0,0.0,0.0,0.0,0.0,0.0,0.0,0.0,0.0,0.0,0.0,0,-107875648.0,0,0.0,0,-107875648.0,-107877712.0,0,26215,17039,52429,17053,52429,17037,0,0,0,110,100,100,2.7302334150594743e+23,64.0,0.0,64.9,-107615304.0,68.5,1,49,50,180,0,39322,0,0,0.0,0.0,0.0,0.0,-1017091339583488.0,65.0,0.0,4.873174072768332e+18,0.0,645,0,688,0,0,0,717,0,789,0,709,0,689,0,645,0,642,0,616,0.032,55574528.0,0.0,2.7302316136196234e+23,35856,16788,-6.494543605900771e+18,4.873174072768332e+18,0.0,0.0,-0.0,0.0,29.0,60.0,70,0.0,0.0,0.0,0.0,0.0,0.0,0.0,0.0,0.0,0.0,0.0,0.0,0.0,0.0,0.0,0.0,59.6,69,11,65508,41,65476,0,300,0,0,8,20529,65476,0,0,61604,60.0,0.0,0.0,0.0,0.0,0.0
2026-04-04T11:23:39,ERR,ERR,ERR,ERR,ERR,ERR,ERR,ERR,ERR,ERR,ERR,ERR,ERR,ERR,ERR,ERR,ERR,ERR,ERR,ERR,ERR,ERR,ERR,ERR,ERR,ERR,ERR,ERR,ERR,ERR,ERR,ERR,ERR,ERR,ERR,ERR,ERR,ERR,ERR,ERR,ERR,ERR,ERR,ERR,ERR,ERR,ERR,ERR,ERR,ERR,ERR,ERR,ERR,ERR,ERR,ERR,ERR,ERR,ERR,ERR,ERR,ERR,ERR,ERR,ERR,ERR,ERR,ERR,ERR,ERR,ERR,ERR,ERR,ERR,ERR,ERR,ERR,ERR,ERR,ERR,ERR,ERR,ERR,ERR,ERR,ERR,ERR,ERR,ERR,ERR,ERR,ERR,ERR,ERR,ERR,ERR,ERR,ERR,ERR,ERR,ERR,ERR,ERR,ERR,ERR,ERR,ERR,ERR,ERR,ERR,ERR,ERR,ERR,ERR,ERR,ERR,ERR,ERR,ERR,ERR,ERR,ERR,ERR,ERR,ERR,0.0,0.0,-101055584.0,0.0,0.0,0.0,0.0,nan,0,0,0,32768,0,0.0,0,0.0,0.0,0.0,0.0,0.0,0,0,0,0,0.0,0,0,0,0,0,0,0,0,0,0,0,0,0,0,0,0,0,0,0,0,0,0,0,0,0,0,0,0,0,0,0,0,0,0,0,0,0,0,0,0,0,0,0,0,0.0,0.0,0.0,0.0,0.0,0.0,0.0,0.0,0.0,0.0,0.0,0.0,0.0,0.0,0.0,0.0,0.0,0.0,0.0,0.0,0.0,0.0,-2.004,0.0,-2.004,2.004,0.0,0.0,0.0,0.0,3391.0,-1.5879155638041463e+29,0.0,0.0,0.0,-0.0,0.0,0.0,0.0,0.0,0.0,0,-0.0,-0.0,0.0,0.0,0.0,0.0,0.0,0.0,0.0,0,0,0,0.0,0.0,0.0,0.0,0.0,0.0,0.0,0.0,0.0,0.0,0.0,0.0,0.0,0.0,0.0,0.0,0,-107875648.0,0,0.0,0,-107875648.0,-107877712.0,0,26215,17039,52429,17053,52429,17037,0,0,0,110,100,100,2.7302334150594743e+23,64.0,0.0,64.9,-107615304.0,68.5,1,49,50,180,0,39322,0,0,0.0,0.0,0.0,0.0,-4.236147779035561e+24,65.0,0.0,2.4010484016488645e+20,0.0,645,0,689,0,0,0,717,0,789,0,709,0,689,0,645,0,642,0,616,0.032,55574528.0,0.0,2.7302316136196234e+23,31120,16788,-6.989398464889458e+25,2.4010484016488645e+20,0.0,-0.0,-1234.064,31776.26,29.0,60.0,70,0.0,0.0,0.0,0.0,0.0,0.0,0.0,0.0,0.0,0.0,0.0,0.0,0.0,0.0,0.0,0.0,59.6,69,11,65508,41,65476,0,300,0,0,8,20529,65476,0,0,61604,60.0,0.0,0.0,0.0,0.0,0.0
2026-04-04T11:23:40,ERR,ERR,ERR,ERR,ERR,ERR,ERR,ERR,ERR,ERR,ERR,ERR,ERR,ERR,ERR,ERR,ERR,ERR,ERR,ERR,ERR,ERR,ERR,ERR,ERR,ERR,ERR,ERR,ERR,ERR,ERR,ERR,ERR,ERR,ERR,ERR,ERR,ERR,ERR,ERR,ERR,ERR,ERR,ERR,ERR,ERR,ERR,ERR,ERR,ERR,ERR,ERR,ERR,ERR,ERR,ERR,ERR,ERR,ERR,ERR,ERR,ERR,ERR,ERR,ERR,ERR,ERR,ERR,ERR,ERR,ERR,ERR,ERR,ERR,ERR,ERR,ERR,ERR,ERR,ERR,ERR,ERR,ERR,ERR,ERR,ERR,ERR,ERR,ERR,ERR,ERR,ERR,ERR,ERR,ERR,ERR,ERR,ERR,ERR,ERR,ERR,ERR,ERR,ERR,ERR,ERR,ERR,ERR,ERR,ERR,ERR,ERR,ERR,ERR,ERR,ERR,ERR,ERR,ERR,ERR,ERR,ERR,ERR,ERR,ERR,0.0,0.0,-101055584.0,0.0,0.0,0.0,0.0,nan,0,0,0,32768,0,0.0,0,0.0,0.0,0.0,0.0,0.0,0,0,0,0,0.0,0,0,0,0,0,0,0,0,0,0,0,0,0,0,0,0,0,0,0,0,0,0,0,0,0,0,0,0,0,0,0,0,0,0,0,0,0,0,0,0,0,0,0,0,0.0,0.0,0.0,0.0,0.0,0.0,0.0,0.0,0.0,0.0,0.0,0.0,0.0,0.0,0.0,0.0,0.0,0.0,0.0,0.0,0.0,0.0,-2.004,0.0,-2.004,2.004,0.0,0.0,0.0,0.0,3391.0,-1.5879155638041463e+29,0.0,0.0,0.0,-0.0,0.0,0.0,0.0,0.0,0.0,0,-0.0,-0.0,0.0,0.0,0.0,0.0,0.0,0.0,0.0,0,0,0,0.0,0.0,0.0,0.0,0.0,0.0,0.0,0.0,0.0,0.0,0.0,0.0,0.0,0.0,0.0,0.0,0,-107875648.0,0,0.0,0,-107875648.0,-107877712.0,0,26215,17039,52429,17053,52429,17037,0,0,0,110,100,100,2.7302334150594743e+23,64.0,0.0,64.9,-107615304.0,68.5,1,49,50,180,0,39322,0,0,0.0,0.0,0.0,0.0,-4.236147779035561e+24,65.0,0.0,2.4010484016488645e+20,0.0,645,0,689,0,0,0,717,0,789,0,709,0,689,0,645,0,642,0,616,0.032,55574528.0,0.0,2.7302316136196234e+23,31120,16788,-6.989398464889458e+25,2.4010484016488645e+20,0.0,-0.0,-1234.064,31776.26,29.0,60.0,70,0.0,0.0,0.0,0.0,0.0,0.0,0.0,0.0,0.0,0.0,0.0,0.0,0.0,0.0,0.0,0.0,59.6,69,11,65508,41,65476,0,300,0,0,8,20529,65476,0,0,61604,60.0,0.0,0.0,0.0,0.0,0.0
2026-04-04T11:23:41,ERR,ERR,ERR,ERR,ERR,ERR,ERR,ERR,ERR,ERR,ERR,ERR,ERR,ERR,ERR,ERR,ERR,ERR,ERR,ERR,ERR,ERR,ERR,ERR,ERR,ERR,ERR,ERR,ERR,ERR,ERR,ERR,ERR,ERR,ERR,ERR,ERR,ERR,ERR,ERR,ERR,ERR,ERR,ERR,ERR,ERR,ERR,ERR,ERR,ERR,ERR,ERR,ERR,ERR,ERR,ERR,ERR,ERR,ERR,ERR,ERR,ERR,ERR,ERR,ERR,ERR,ERR,ERR,ERR,ERR,ERR,ERR,ERR,ERR,ERR,ERR,ERR,ERR,ERR,ERR,ERR,ERR,ERR,ERR,ERR,ERR,ERR,ERR,ERR,ERR,ERR,ERR,ERR,ERR,ERR,ERR,ERR,ERR,ERR,ERR,ERR,ERR,ERR,ERR,ERR,ERR,ERR,ERR,ERR,ERR,ERR,ERR,ERR,ERR,ERR,ERR,ERR,ERR,ERR,ERR,ERR,ERR,ERR,ERR,ERR,0.0,0.0,-101055584.0,0.0,0.0,0.0,0.0,nan,0,0,0,32768,0,0.0,0,0.0,0.0,0.0,0.0,0.0,0,0,0,0,0.0,0,0,0,0,0,0,0,0,0,0,0,0,0,0,0,0,0,0,0,0,0,0,0,0,0,0,0,0,0,0,0,0,0,0,0,0,0,0,0,0,0,0,0,0,0.0,0.0,0.0,0.0,0.0,0.0,0.0,0.0,0.0,0.0,0.0,0.0,0.0,0.0,0.0,0.0,0.0,0.0,0.0,0.0,0.0,0.0,-2.004,0.0,-2.004,2.004,0.0,0.0,0.0,0.0,3391.0,-1.5879155638041463e+29,0.0,0.0,0.0,-0.0,0.0,0.0,0.0,0.0,0.0,0,-0.0,-0.0,0.0,0.0,0.0,0.0,0.0,0.0,0.0,0,0,0,0.0,0.0,0.0,0.0,0.0,0.0,0.0,0.0,0.0,0.0,0.0,0.0,0.0,0.0,0.0,0.0,0,-107875648.0,0,0.0,0,-107875648.0,-107877712.0,0,26215,17039,52429,17053,52429,17037,0,0,0,110,100,100,2.7302334150594743e+23,64.0,0.0,64.9,-107615304.0,68.5,1,49,50,180,0,39322,0,0,0.0,0.0,0.0,0.0,-4.236147779035561e+24,65.0,0.0,2.4010484016488645e+20,0.0,645,0,689,0,0,0,717,0,789,0,709,0,689,0,645,0,642,0,616,0.032,55574528.0,0.0,2.7302316136196234e+23,31120,16788,-6.989398464889458e+25,2.4010484016488645e+20,0.0,-0.0,-1234.064,31776.26,29.0,60.0,70,0.0,0.0,0.0,0.0,0.0,0.0,0.0,0.0,0.0,0.0,0.0,0.0,0.0,0.0,0.0,0.0,59.2,69,11,65508,41,65476,0,300,0,0,8,20529,65476,0,0,61604,60.0,0.0,0.0,0.0,0.0,0.0
2026-04-04T11:23:42,ERR,ERR,ERR,ERR,ERR,ERR,ERR,ERR,ERR,ERR,ERR,ERR,ERR,ERR,ERR,ERR,ERR,ERR,ERR,ERR,ERR,ERR,ERR,ERR,ERR,ERR,ERR,ERR,ERR,ERR,ERR,ERR,ERR,ERR,ERR,ERR,ERR,ERR,ERR,ERR,ERR,ERR,ERR,ERR,ERR,ERR,ERR,ERR,ERR,ERR,ERR,ERR,ERR,ERR,ERR,ERR,ERR,ERR,ERR,ERR,ERR,ERR,ERR,ERR,ERR,ERR,ERR,ERR,ERR,ERR,ERR,ERR,ERR,ERR,ERR,ERR,ERR,ERR,ERR,ERR,ERR,ERR,ERR,ERR,ERR,ERR,ERR,ERR,ERR,ERR,ERR,ERR,ERR,ERR,ERR,ERR,ERR,ERR,ERR,ERR,ERR,ERR,ERR,ERR,ERR,ERR,ERR,ERR,ERR,ERR,ERR,ERR,ERR,ERR,ERR,ERR,ERR,ERR,ERR,ERR,ERR,ERR,ERR,ERR,ERR,0.0,0.0,-101055584.0,0.0,0.0,0.0,0.0,nan,0,0,0,32768,0,0.0,0,0.0,0.0,0.0,0.0,0.0,0,0,0,0,0.0,0,0,0,0,0,0,0,0,0,0,0,0,0,0,0,0,0,0,0,0,0,0,0,0,0,0,0,0,0,0,0,0,0,0,0,0,0,0,0,0,0,0,0,0,0.0,0.0,0.0,0.0,0.0,0.0,0.0,0.0,0.0,0.0,0.0,0.0,0.0,0.0,0.0,0.0,0.0,0.0,0.0,0.0,0.0,0.0,-2.004,0.0,-2.004,2.004,0.0,0.0,0.0,0.0,3394.5,0.0,0.0,0.0,0.0,-0.0,0.0,0.0,0.0,0.0,0.0,0,-0.0,-71.629,0.0,0.0,0.0,0.0,0.0,0.0,0.0,0,0,0,0.0,0.0,0.0,0.0,0.0,0.0,0.0,0.0,0.0,0.0,0.0,0.0,0.0,0.0,0.0,0.0,0,-107875648.0,0,0.0,0,-107875648.0,-107877712.0,0,26215,17039,52429,17053,52429,17037,0,0,0,110,100,100,2.7302334150594743e+23,64.0,0.0,64.9,-107615304.0,68.5,1,49,50,180,0,39322,0,0,0.0,0.0,0.0,0.0,-4.236147779035561e+24,65.0,0.0,2.4010484016488645e+20,0.0,645,0,689,0,0,0,717,0,789,0,709,0,689,0,645,0,642,0,616,0.032,55574528.0,0.0,2.7302316136196234e+23,31120,16788,-6.989398464889458e+25,2.4010484016488645e+20,0.0,-0.0,-1234.064,31776.26,29.0,60.0,70,0.0,0.0,0.0,0.0,0.0,0.0,0.0,0.0,0.0,0.0,0.0,0.0,0.0,0.0,0.0,0.0,59.2,69,11,65508,41,65476,0,300,0,0,8,20529,65476,0,0,61604,60.0,0.0,0.0,0.0,0.0,0.0
2026-04-04T11:23:43,ERR,ERR,ERR,ERR,ERR,ERR,ERR,ERR,ERR,ERR,ERR,ERR,ERR,ERR,ERR,ERR,ERR,ERR,ERR,ERR,ERR,ERR,ERR,ERR,ERR,ERR,ERR,ERR,ERR,ERR,ERR,ERR,ERR,ERR,ERR,ERR,ERR,ERR,ERR,ERR,ERR,ERR,ERR,ERR,ERR,ERR,ERR,ERR,ERR,ERR,ERR,ERR,ERR,ERR,ERR,ERR,ERR,ERR,ERR,ERR,ERR,ERR,ERR,ERR,ERR,ERR,ERR,ERR,ERR,ERR,ERR,ERR,ERR,ERR,ERR,ERR,ERR,ERR,ERR,ERR,ERR,ERR,ERR,ERR,ERR,ERR,ERR,ERR,ERR,ERR,ERR,ERR,ERR,ERR,ERR,ERR,ERR,ERR,ERR,ERR,ERR,ERR,ERR,ERR,ERR,ERR,ERR,ERR,ERR,ERR,ERR,ERR,ERR,ERR,ERR,ERR,ERR,ERR,ERR,ERR,ERR,ERR,ERR,ERR,ERR,0.0,0.0,-101055584.0,0.0,0.0,0.0,0.0,nan,0,0,0,32768,0,0.0,0,0.0,0.0,0.0,0.0,0.0,0,0,0,0,0.0,0,0,0,0,0,0,0,0,0,0,0,0,0,0,0,0,0,0,0,0,0,0,0,0,0,0,0,0,0,0,0,0,0,0,0,0,0,0,0,0,0,0,0,0,0.0,0.0,0.0,0.0,0.0,0.0,0.0,0.0,0.0,0.0,0.0,0.0,0.0,0.0,0.0,0.0,0.0,0.0,0.0,0.0,0.0,0.0,-2.004,0.0,-2.004,2.004,0.0,0.0,0.0,0.0,3394.5,0.0,0.0,0.0,0.0,-0.0,0.0,0.0,0.0,0.0,0.0,0,-0.0,-71.629,0.0,0.0,0.0,0.0,0.0,0.0,0.0,0,0,0,0.0,0.0,0.0,0.0,0.0,0.0,0.0,0.0,0.0,0.0,0.0,0.0,0.0,0.0,0.0,0.0,0,-107875648.0,0,0.0,0,-107875648.0,-107877712.0,0,26215,17039,52429,17053,52429,17037,0,0,0,110,100,100,2.7302334150594743e+23,64.0,0.0,64.9,-107615304.0,68.5,1,49,50,180,0,39322,0,0,0.0,0.0,0.0,0.0,-4.236147779035561e+24,65.0,0.0,2.4010484016488645e+20,0.0,645,0,689,0,0,0,717,0,789,0,709,0,689,0,645,0,642,0,616,0.032,55574528.0,0.0,2.7302316136196234e+23,31120,16788,-6.989398464889458e+25,2.4010484016488645e+20,0.0,-0.0,-1234.064,31776.26,29.0,60.0,70,0.0,0.0,0.0,0.0,0.0,0.0,0.0,0.0,0.0,0.0,0.0,0.0,0.0,0.0,0.0,0.0,59.2,69,11,65508,41,65476,0,300,0,0,8,20529,65476,0,0,61604,60.0,0.0,0.0,0.0,0.0,0.0
2026-04-04T11:23:44,ERR,ERR,ERR,ERR,ERR,ERR,ERR,ERR,ERR,ERR,ERR,ERR,ERR,ERR,ERR,ERR,ERR,ERR,ERR,ERR,ERR,ERR,ERR,ERR,ERR,ERR,ERR,ERR,ERR,ERR,ERR,ERR,ERR,ERR,ERR,ERR,ERR,ERR,ERR,ERR,ERR,ERR,ERR,ERR,ERR,ERR,ERR,ERR,ERR,ERR,ERR,ERR,ERR,ERR,ERR,ERR,ERR,ERR,ERR,ERR,ERR,ERR,ERR,ERR,ERR,ERR,ERR,ERR,ERR,ERR,ERR,ERR,ERR,ERR,ERR,ERR,ERR,ERR,ERR,ERR,ERR,ERR,ERR,ERR,ERR,ERR,ERR,ERR,ERR,ERR,ERR,ERR,ERR,ERR,ERR,ERR,ERR,ERR,ERR,ERR,ERR,ERR,ERR,ERR,ERR,ERR,ERR,ERR,ERR,ERR,ERR,ERR,ERR,ERR,ERR,ERR,ERR,ERR,ERR,ERR,ERR,ERR,ERR,ERR,ERR,0.0,0.0,-101055584.0,0.0,0.0,0.0,0.0,nan,0,0,0,32768,0,0.0,0,0.0,0.0,0.0,0.0,0.0,0,0,0,0,0.0,0,0,0,0,0,0,0,0,0,0,0,0,0,0,0,0,0,0,0,0,0,0,0,0,0,0,0,0,0,0,0,0,0,0,0,0,0,0,0,0,0,0,0,0,0.0,0.0,0.0,0.0,0.0,0.0,0.0,0.0,0.0,0.0,0.0,0.0,0.0,0.0,0.0,0.0,0.0,0.0,0.0,0.0,0.0,0.0,-2.004,0.0,-2.004,2.004,0.0,0.0,0.0,0.0,3394.5,0.0,0.0,0.0,0.0,-0.0,0.0,0.0,0.0,0.0,0.0,0,-0.0,-71.629,0.0,0.0,0.0,0.0,0.0,0.0,0.0,0,0,0,0.0,0.0,0.0,0.0,0.0,0.0,0.0,0.0,0.0,0.0,0.0,0.0,0.0,0.0,0.0,0.0,0,-107875648.0,0,0.0,0,-107875648.0,-107877712.0,0,26215,17039,52429,17053,52429,17037,0,0,0,110,100,100,2.7302334150594743e+23,64.0,0.0,64.9,-107615304.0,68.5,1,49,50,180,0,39322,0,0,0.0,0.0,0.0,0.0,-4.236147779035561e+24,65.0,0.0,2.4010484016488645e+20,0.0,645,0,689,0,0,0,717,0,789,0,709,0,689,0,645,0,642,0,616,0.032,55574528.0,0.0,2.7302316136196234e+23,31120,16788,-6.989398464889458e+25,2.4010484016488645e+20,0.0,-0.0,-1234.064,31776.26,29.0,60.0,70,0.0,0.0,0.0,0.0,0.0,0.0,0.0,0.0,0.0,0.0,0.0,0.0,0.0,0.0,0.0,0.0,59.2,69,11,65508,41,65476,0,300,0,0,8,20529,65476,0,0,61604,60.0,0.0,0.0,0.0,0.0,0.0
2026-04-04T11:23:45,ERR,ERR,ERR,ERR,ERR,ERR,ERR,ERR,ERR,ERR,ERR,ERR,ERR,ERR,ERR,ERR,ERR,ERR,ERR,ERR,ERR,ERR,ERR,ERR,ERR,ERR,ERR,ERR,ERR,ERR,ERR,ERR,ERR,ERR,ERR,ERR,ERR,ERR,ERR,ERR,ERR,ERR,ERR,ERR,ERR,ERR,ERR,ERR,ERR,ERR,ERR,ERR,ERR,ERR,ERR,ERR,ERR,ERR,ERR,ERR,ERR,ERR,ERR,ERR,ERR,ERR,ERR,ERR,ERR,ERR,ERR,ERR,ERR,ERR,ERR,ERR,ERR,ERR,ERR,ERR,ERR,ERR,ERR,ERR,ERR,ERR,ERR,ERR,ERR,ERR,ERR,ERR,ERR,ERR,ERR,ERR,ERR,ERR,ERR,ERR,ERR,ERR,ERR,ERR,ERR,ERR,ERR,ERR,ERR,ERR,ERR,ERR,ERR,ERR,ERR,ERR,ERR,ERR,ERR,ERR,ERR,ERR,ERR,ERR,ERR,0.0,0.0,-101055584.0,0.0,0.0,0.0,0.0,nan,0,0,0,32768,0,0.0,0,0.0,0.0,0.0,0.0,0.0,0,0,0,0,0.0,0,0,0,0,0,0,0,0,0,0,0,0,0,0,0,0,0,0,0,0,0,0,0,0,0,0,0,0,0,0,0,0,0,0,0,0,0,0,0,0,0,0,0,0,0.0,0.0,0.0,0.0,0.0,0.0,0.0,0.0,0.0,0.0,0.0,0.0,0.0,0.0,0.0,0.0,0.0,0.0,0.0,0.0,0.0,0.0,-2.004,0.0,-2.004,2.004,0.0,0.0,0.0,0.0,3394.5,0.0,0.0,0.0,0.0,-0.0,0.0,0.0,0.0,0.0,0.0,0,-0.0,-71.629,0.0,0.0,0.0,0.0,0.0,0.0,0.0,0,0,0,0.0,0.0,0.0,0.0,0.0,0.0,0.0,0.0,0.0,0.0,0.0,0.0,0.0,0.0,0.0,0.0,0,-107875648.0,0,0.0,0,-107875648.0,-107877712.0,0,26215,17039,52429,17053,52429,17037,0,0,0,110,100,100,2.7302334150594743e+23,64.0,0.0,64.9,-107615304.0,68.5,1,49,50,180,0,39322,0,0,0.0,0.0,0.0,0.0,-184586.031,65.0,0.0,139.258,0.0,645,0,688,0,0,0,717,0,789,0,709,0,689,0,645,0,642,0,616,0.032,36962304.0,0.0,2.7302316136196234e+23,30096,16788,-3.317,139.258,-0.0,-0.0,4.866897814734409e+28,-8495514517504.0,29.0,60.0,70,0.0,0.0,0.0,0.0,0.0,0.0,0.0,0.0,0.0,0.0,0.0,0.0,0.0,0.0,0.0,0.0,59.2,69,11,65508,41,65476,0,300,0,0,8,20529,65476,0,0,61604,60.0,0.0,0.0,0.0,0.0,0.0
2026-04-04T11:23:46,ERR,ERR,ERR,ERR,ERR,ERR,ERR,ERR,ERR,ERR,ERR,ERR,ERR,ERR,ERR,ERR,ERR,ERR,ERR,ERR,ERR,ERR,ERR,ERR,ERR,ERR,ERR,ERR,ERR,ERR,ERR,ERR,ERR,ERR,ERR,ERR,ERR,ERR,ERR,ERR,ERR,ERR,ERR,ERR,ERR,ERR,ERR,ERR,ERR,ERR,ERR,ERR,ERR,ERR,ERR,ERR,ERR,ERR,ERR,ERR,ERR,ERR,ERR,ERR,ERR,ERR,ERR,ERR,ERR,ERR,ERR,ERR,ERR,ERR,ERR,ERR,ERR,ERR,ERR,ERR,ERR,ERR,ERR,ERR,ERR,ERR,ERR,ERR,ERR,ERR,ERR,ERR,ERR,ERR,ERR,ERR,ERR,ERR,ERR,ERR,ERR,ERR,ERR,ERR,ERR,ERR,ERR,ERR,ERR,ERR,ERR,ERR,ERR,ERR,ERR,ERR,ERR,ERR,ERR,ERR,ERR,ERR,ERR,ERR,ERR,0.0,0.0,-101055584.0,0.0,0.0,0.0,0.0,nan,0,0,0,32768,0,0.0,0,0.0,0.0,0.0,0.0,0.0,0,0,0,0,0.0,0,0,0,0,0,0,0,0,0,0,0,0,0,0,0,0,0,0,0,0,0,0,0,0,0,0,0,0,0,0,0,0,0,0,0,0,0,0,0,0,0,0,0,0,0.0,0.0,0.0,0.0,0.0,0.0,0.0,0.0,0.0,0.0,0.0,0.0,0.0,0.0,0.0,0.0,0.0,0.0,0.0,0.0,0.0,0.0,-2.004,0.0,-2.004,2.004,0.0,0.0,0.0,0.0,3394.5,0.0,0.0,0.0,0.0,-0.0,0.0,0.0,0.0,0.0,0.0,0,-0.0,-71.629,0.0,0.0,0.0,0.0,0.0,0.0,0.0,0,0,0,0.0,0.0,0.0,0.0,0.0,0.0,0.0,0.0,0.0,0.0,0.0,0.0,0.0,0.0,0.0,0.0,0,-107875648.0,0,0.0,0,-107875648.0,-107877712.0,0,26215,17039,52429,17053,52429,17037,0,0,0,110,100,100,2.7302334150594743e+23,64.0,0.0,64.9,-107615304.0,68.5,1,49,50,180,0,39322,0,0,0.0,0.0,0.0,0.0,-184586.031,65.0,0.0,139.258,0.0,645,0,688,0,0,0,717,0,789,0,709,0,689,0,645,0,642,0,616,0.032,36962304.0,0.0,2.7302316136196234e+23,30096,16788,-3.317,139.258,-0.0,-0.0,4.866897814734409e+28,-8495514517504.0,29.0,60.0,70,0.0,0.0,0.0,0.0,0.0,0.0,0.0,0.0,0.0,0.0,0.0,0.0,0.0,0.0,0.0,0.0,59.2,69,11,65508,41,65476,0,300,0,0,8,20529,65476,0,0,61604,60.0,0.0,0.0,0.0,0.0,0.0
2026-04-04T11:23:47,ERR,ERR,ERR,ERR,ERR,ERR,ERR,ERR,ERR,ERR,ERR,ERR,ERR,ERR,ERR,ERR,ERR,ERR,ERR,ERR,ERR,ERR,ERR,ERR,ERR,ERR,ERR,ERR,ERR,ERR,ERR,ERR,ERR,ERR,ERR,ERR,ERR,ERR,ERR,ERR,ERR,ERR,ERR,ERR,ERR,ERR,ERR,ERR,ERR,ERR,ERR,ERR,ERR,ERR,ERR,ERR,ERR,ERR,ERR,ERR,ERR,ERR,ERR,ERR,ERR,ERR,ERR,ERR,ERR,ERR,ERR,ERR,ERR,ERR,ERR,ERR,ERR,ERR,ERR,ERR,ERR,ERR,ERR,ERR,ERR,ERR,ERR,ERR,ERR,ERR,ERR,ERR,ERR,ERR,ERR,ERR,ERR,ERR,ERR,ERR,ERR,ERR,ERR,ERR,ERR,ERR,ERR,ERR,ERR,ERR,ERR,ERR,ERR,ERR,ERR,ERR,ERR,ERR,ERR,ERR,ERR,ERR,ERR,ERR,ERR,0.0,0.0,-101055584.0,0.0,0.0,0.0,0.0,nan,0,0,0,32768,0,0.0,0,0.0,0.0,0.0,0.0,0.0,0,0,0,0,0.0,0,0,0,0,0,0,0,0,0,0,0,0,0,0,0,0,0,0,0,0,0,0,0,0,0,0,0,0,0,0,0,0,0,0,0,0,0,0,0,0,0,0,0,0,0.0,0.0,0.0,0.0,0.0,0.0,0.0,0.0,0.0,0.0,0.0,0.0,0.0,0.0,0.0,0.0,0.0,0.0,0.0,0.0,0.0,0.0,-2.004,0.0,-2.004,2.004,0.0,0.0,0.0,0.0,3394.5,0.0,0.0,0.0,0.0,-0.0,0.0,0.0,0.0,0.0,0.0,0,-0.0,-71.629,0.0,0.0,0.0,0.0,0.0,0.0,0.0,0,0,0,0.0,0.0,0.0,0.0,0.0,0.0,0.0,0.0,0.0,0.0,0.0,0.0,0.0,0.0,0.0,0.0,0,-107875648.0,0,0.0,0,-107875648.0,-107877712.0,0,26215,17039,52429,17053,52429,17037,0,0,0,110,100,100,2.7302334150594743e+23,64.0,0.0,64.9,-107615304.0,68.5,1,49,50,180,0,39322,0,0,0.0,0.0,0.0,0.0,-184586.031,65.0,0.0,139.258,0.0,645,0,688,0,0,0,717,0,789,0,709,0,689,0,645,0,642,0,616,0.032,36962304.0,0.0,2.7302316136196234e+23,30096,16788,-3.317,139.258,-0.0,-0.0,4.866897814734409e+28,-8495514517504.0,29.0,60.0,70,0.0,0.0,0.0,0.0,0.0,0.0,0.0,0.0,0.0,0.0,0.0,0.0,0.0,0.0,0.0,0.0,59.2,69,11,65508,41,65476,0,300,0,0,8,20529,65476,0,0,61604,60.0,0.0,0.0,0.0,0.0,0.0
2026-04-04T11:23:48,ERR,ERR,ERR,ERR,ERR,ERR,ERR,ERR,ERR,ERR,ERR,ERR,ERR,ERR,ERR,ERR,ERR,ERR,ERR,ERR,ERR,ERR,ERR,ERR,ERR,ERR,ERR,ERR,ERR,ERR,ERR,ERR,ERR,ERR,ERR,ERR,ERR,ERR,ERR,ERR,ERR,ERR,ERR,ERR,ERR,ERR,ERR,ERR,ERR,ERR,ERR,ERR,ERR,ERR,ERR,ERR,ERR,ERR,ERR,ERR,ERR,ERR,ERR,ERR,ERR,ERR,ERR,ERR,ERR,ERR,ERR,ERR,ERR,ERR,ERR,ERR,ERR,ERR,ERR,ERR,ERR,ERR,ERR,ERR,ERR,ERR,ERR,ERR,ERR,ERR,ERR,ERR,ERR,ERR,ERR,ERR,ERR,ERR,ERR,ERR,ERR,ERR,ERR,ERR,ERR,ERR,ERR,ERR,ERR,ERR,ERR,ERR,ERR,ERR,ERR,ERR,ERR,ERR,ERR,ERR,ERR,ERR,ERR,ERR,ERR,0.0,0.0,-101055584.0,0.0,0.0,0.0,0.0,nan,0,0,0,32768,0,0.0,0,0.0,0.0,0.0,0.0,0.0,0,0,0,0,0.0,0,0,0,0,0,0,0,0,0,0,0,0,0,0,0,0,0,0,0,0,0,0,0,0,0,0,0,0,0,0,0,0,0,0,0,0,0,0,0,0,0,0,0,0,0.0,0.0,0.0,0.0,0.0,0.0,0.0,0.0,0.0,0.0,0.0,0.0,0.0,0.0,0.0,0.0,0.0,0.0,0.0,0.0,0.0,0.0,-2.004,0.0,-2.004,2.004,0.0,0.0,0.0,0.0,3394.5,0.0,0.0,0.0,0.0,-0.0,0.0,0.0,0.0,0.0,0.0,0,-0.0,-71.629,0.0,0.0,0.0,0.0,0.0,0.0,0.0,0,0,0,0.0,0.0,0.0,0.0,0.0,0.0,0.0,0.0,0.0,0.0,0.0,0.0,0.0,0.0,0.0,0.0,0,-107875648.0,0,0.0,0,-107875648.0,-107877712.0,0,26215,17039,52429,17053,52429,17037,0,0,0,110,100,100,2.7302334150594743e+23,64.0,0.0,64.9,-107615304.0,68.5,1,49,50,180,0,39322,0,0,0.0,0.0,0.0,0.0,-184586.031,65.0,0.0,139.258,0.0,645,0,688,0,0,0,717,0,789,0,709,0,689,0,645,0,642,0,616,0.032,36962304.0,0.0,2.7302316136196234e+23,30096,16788,-3.317,139.258,-0.0,-0.0,4.866897814734409e+28,-8495514517504.0,29.0,60.0,70,0.0,0.0,0.0,0.0,0.0,0.0,0.0,0.0,0.0,0.0,0.0,0.0,0.0,0.0,0.0,0.0,59.2,69,11,65508,41,65476,0,300,0,0,8,20529,65476,0,0,61604,60.0,0.0,0.0,0.0,0.0,0.0
2026-04-04T11:23:49,ERR,ERR,ERR,ERR,ERR,ERR,ERR,ERR,ERR,ERR,ERR,ERR,ERR,ERR,ERR,ERR,ERR,ERR,ERR,ERR,ERR,ERR,ERR,ERR,ERR,ERR,ERR,ERR,ERR,ERR,ERR,ERR,ERR,ERR,ERR,ERR,ERR,ERR,ERR,ERR,ERR,ERR,ERR,ERR,ERR,ERR,ERR,ERR,ERR,ERR,ERR,ERR,ERR,ERR,ERR,ERR,ERR,ERR,ERR,ERR,ERR,ERR,ERR,ERR,ERR,ERR,ERR,ERR,ERR,ERR,ERR,ERR,ERR,ERR,ERR,ERR,ERR,ERR,ERR,ERR,ERR,ERR,ERR,ERR,ERR,ERR,ERR,ERR,ERR,ERR,ERR,ERR,ERR,ERR,ERR,ERR,ERR,ERR,ERR,ERR,ERR,ERR,ERR,ERR,ERR,ERR,ERR,ERR,ERR,ERR,ERR,ERR,ERR,ERR,ERR,ERR,ERR,ERR,ERR,ERR,ERR,ERR,ERR,ERR,ERR,0.0,0.0,-101055584.0,0.0,0.0,0.0,0.0,nan,0,0,0,32768,0,0.0,0,0.0,0.0,0.0,0.0,0.0,0,0,0,0,0.0,0,0,0,0,0,0,0,0,0,0,0,0,0,0,0,0,0,0,0,0,0,0,0,0,0,0,0,0,0,0,0,0,0,0,0,0,0,0,0,0,0,0,0,0,0.0,0.0,0.0,0.0,0.0,0.0,0.0,0.0,0.0,0.0,0.0,0.0,0.0,0.0,0.0,0.0,0.0,0.0,0.0,0.0,0.0,0.0,-2.004,0.0,-2.004,2.004,0.0,0.0,0.0,0.0,3394.5,0.0,0.0,0.0,0.0,-0.0,0.0,0.0,0.0,0.0,0.0,0,-0.0,-71.629,0.0,0.0,0.0,0.0,0.0,0.0,0.0,0,0,0,0.0,0.0,0.0,0.0,0.0,0.0,0.0,0.0,0.0,0.0,0.0,0.0,0.0,0.0,0.0,0.0,0,-107875648.0,0,0.0,0,-107875648.0,-107877712.0,0,26215,17039,52429,17053,52429,17037,0,0,0,110,100,100,2.7302334150594743e+23,64.0,0.0,64.9,-107615304.0,68.5,1,49,50,180,0,39322,0,0,0.0,0.0,0.0,0.0,-184586.031,65.0,0.0,139.258,0.0,645,0,688,0,0,0,717,0,789,0,709,0,689,0,645,0,642,0,616,0.032,36962304.0,0.0,2.7302316136196234e+23,30096,16788,-3.317,139.258,-0.0,-0.0,4.866897814734409e+28,-8495514517504.0,29.0,60.0,70,0.0,0.0,0.0,0.0,0.0,0.0,0.0,0.0,0.0,0.0,0.0,0.0,0.0,0.0,0.0,0.0,59.2,69,11,65508,41,65476,0,300,0,0,8,20529,65476,0,0,61604,60.0,0.0,0.0,0.0,0.0,0.0
2026-04-04T11:23:50,ERR,ERR,ERR,ERR,ERR,ERR,ERR,ERR,ERR,ERR,ERR,ERR,ERR,ERR,ERR,ERR,ERR,ERR,ERR,ERR,ERR,ERR,ERR,ERR,ERR,ERR,ERR,ERR,ERR,ERR,ERR,ERR,ERR,ERR,ERR,ERR,ERR,ERR,ERR,ERR,ERR,ERR,ERR,ERR,ERR,ERR,ERR,ERR,ERR,ERR,ERR,ERR,ERR,ERR,ERR,ERR,ERR,ERR,ERR,ERR,ERR,ERR,ERR,ERR,ERR,ERR,ERR,ERR,ERR,ERR,ERR,ERR,ERR,ERR,ERR,ERR,ERR,ERR,ERR,ERR,ERR,ERR,ERR,ERR,ERR,ERR,ERR,ERR,ERR,ERR,ERR,ERR,ERR,ERR,ERR,ERR,ERR,ERR,ERR,ERR,ERR,ERR,ERR,ERR,ERR,ERR,ERR,ERR,ERR,ERR,ERR,ERR,ERR,ERR,ERR,ERR,ERR,ERR,ERR,ERR,ERR,ERR,ERR,ERR,ERR,0.0,0.0,-101055584.0,0.0,0.0,0.0,0.0,nan,0,0,0,32768,0,0.0,0,0.0,0.0,0.0,0.0,0.0,0,0,0,0,0.0,0,0,0,0,0,0,0,0,0,0,0,0,0,0,0,0,0,0,0,0,0,0,0,0,0,0,0,0,0,0,0,0,0,0,0,0,0,0,0,0,0,0,0,0,0.0,0.0,0.0,0.0,0.0,0.0,0.0,0.0,0.0,0.0,0.0,0.0,0.0,0.0,0.0,0.0,0.0,0.0,0.0,0.0,0.0,0.0,-2.004,0.0,-2.004,2.004,0.0,0.0,0.0,0.0,3395.5,0.0,0.0,0.0,0.0,-0.0,0.0,0.0,0.0,0.0,0.0,0,-0.0,-107614264.0,0.0,0.0,0.0,0.0,0.0,0.0,0.0,0,0,0,0.0,0.0,0.0,0.0,0.0,0.0,0.0,0.0,0.0,0.0,0.0,0.0,0.0,0.0,0.0,0.0,0,-107875648.0,0,0.0,0,-107875648.0,-107877712.0,0,26215,17039,52429,17053,52429,17037,0,0,0,110,100,100,2.7302334150594743e+23,64.0,0.0,64.9,-107615304.0,68.5,1,49,50,180,0,39322,0,0,0.0,0.0,0.0,0.0,-184586.031,65.0,0.0,139.258,0.0,645,0,688,0,0,0,717,0,789,0,709,0,689,0,645,0,642,0,616,0.032,36962304.0,0.0,2.7302316136196234e+23,30096,16788,-3.317,139.258,-0.0,-0.0,4.866897814734409e+28,-8495514517504.0,29.0,60.0,70,0.0,0.0,0.0,0.0,0.0,0.0,0.0,0.0,0.0,0.0,0.0,0.0,0.0,0.0,0.0,0.0,59.2,69,11,65508,41,65476,0,300,0,0,8,20529,65476,0,0,61604,60.0,0.0,0.0,0.0,0.0,0.0
2026-04-04T11:23:51,ERR,ERR,ERR,ERR,ERR,ERR,ERR,ERR,ERR,ERR,ERR,ERR,ERR,ERR,ERR,ERR,ERR,ERR,ERR,ERR,ERR,ERR,ERR,ERR,ERR,ERR,ERR,ERR,ERR,ERR,ERR,ERR,ERR,ERR,ERR,ERR,ERR,ERR,ERR,ERR,ERR,ERR,ERR,ERR,ERR,ERR,ERR,ERR,ERR,ERR,ERR,ERR,ERR,ERR,ERR,ERR,ERR,ERR,ERR,ERR,ERR,ERR,ERR,ERR,ERR,ERR,ERR,ERR,ERR,ERR,ERR,ERR,ERR,ERR,ERR,ERR,ERR,ERR,ERR,ERR,ERR,ERR,ERR,ERR,ERR,ERR,ERR,ERR,ERR,ERR,ERR,ERR,ERR,ERR,ERR,ERR,ERR,ERR,ERR,ERR,ERR,ERR,ERR,ERR,ERR,ERR,ERR,ERR,ERR,ERR,ERR,ERR,ERR,ERR,ERR,ERR,ERR,ERR,ERR,ERR,ERR,ERR,ERR,ERR,ERR,0.0,0.0,-101055584.0,0.0,0.0,0.0,0.0,nan,0,0,0,32768,0,0.0,0,0.0,0.0,0.0,0.0,0.0,0,0,0,0,0.0,0,0,0,0,0,0,0,0,0,0,0,0,0,0,0,0,0,0,0,0,0,0,0,0,0,0,0,0,0,0,0,0,0,0,0,0,0,0,0,0,0,0,0,0,0.0,0.0,0.0,0.0,0.0,0.0,0.0,0.0,0.0,0.0,0.0,0.0,0.0,0.0,0.0,0.0,0.0,0.0,0.0,0.0,0.0,0.0,-2.004,0.0,-2.004,2.004,0.0,0.0,0.0,0.0,3395.5,0.0,0.0,0.0,0.0,-0.0,0.0,0.0,0.0,0.0,0.0,0,-0.0,-107614264.0,0.0,0.0,0.0,0.0,0.0,0.0,0.0,0,0,0,0.0,0.0,0.0,0.0,0.0,0.0,0.0,0.0,0.0,0.0,0.0,0.0,0.0,0.0,0.0,0.0,0,-107875648.0,0,0.0,0,-107875648.0,-107877712.0,0,26215,17039,52429,17053,52429,17037,0,0,0,110,100,100,2.7302334150594743e+23,64.0,0.0,64.9,-107615304.0,68.5,1,49,50,180,0,39322,0,0,0.0,0.0,0.0,0.0,-3.785561015021277e+22,65.0,0.0,-0.0,0.0,645,0,688,0,0,0,717,0,789,0,709,0,689,0,645,0,642,0,616,0.032,55836672.0,0.0,2.7302316136196234e+23,29200,16788,-3.2703811982514783e+26,-0.0,1.3005134715950329e+22,0.0,-5.318752961364407e+23,1.2565715204469531e+32,29.0,60.0,70,0.0,0.0,0.0,0.0,0.0,0.0,0.0,0.0,0.0,0.0,0.0,0.0,0.0,0.0,0.0,0.0,59.2,69,11,65508,41,65476,0,300,0,0,8,20529,65476,0,0,61604,60.0,0.0,0.0,0.0,0.0,0.0
2026-04-04T11:23:52,ERR,ERR,ERR,ERR,ERR,ERR,ERR,ERR,ERR,ERR,ERR,ERR,ERR,ERR,ERR,ERR,ERR,ERR,ERR,ERR,ERR,ERR,ERR,ERR,ERR,ERR,ERR,ERR,ERR,ERR,ERR,ERR,ERR,ERR,ERR,ERR,ERR,ERR,ERR,ERR,ERR,ERR,ERR,ERR,ERR,ERR,ERR,ERR,ERR,ERR,ERR,ERR,ERR,ERR,ERR,ERR,ERR,ERR,ERR,ERR,ERR,ERR,ERR,ERR,ERR,ERR,ERR,ERR,ERR,ERR,ERR,ERR,ERR,ERR,ERR,ERR,ERR,ERR,ERR,ERR,ERR,ERR,ERR,ERR,ERR,ERR,ERR,ERR,ERR,ERR,ERR,ERR,ERR,ERR,ERR,ERR,ERR,ERR,ERR,ERR,ERR,ERR,ERR,ERR,ERR,ERR,ERR,ERR,ERR,ERR,ERR,ERR,ERR,ERR,ERR,ERR,ERR,ERR,ERR,ERR,ERR,ERR,ERR,ERR,ERR,0.0,0.0,-101055584.0,0.0,0.0,0.0,0.0,nan,0,0,0,32768,0,0.0,0,0.0,0.0,0.0,0.0,0.0,0,0,0,0,0.0,0,0,0,0,0,0,0,0,0,0,0,0,0,0,0,0,0,0,0,0,0,0,0,0,0,0,0,0,0,0,0,0,0,0,0,0,0,0,0,0,0,0,0,0,0.0,0.0,0.0,0.0,0.0,0.0,0.0,0.0,0.0,0.0,0.0,0.0,0.0,0.0,0.0,0.0,0.0,0.0,0.0,0.0,0.0,0.0,-2.004,0.0,-2.004,2.004,0.0,0.0,0.0,0.0,3395.5,0.0,0.0,0.0,0.0,-0.0,0.0,0.0,0.0,0.0,0.0,0,-0.0,-107614264.0,0.0,0.0,0.0,0.0,0.0,0.0,0.0,0,0,0,0.0,0.0,0.0,0.0,0.0,0.0,0.0,0.0,0.0,0.0,0.0,0.0,0.0,0.0,0.0,0.0,0,-107875648.0,0,0.0,0,-107875648.0,-107877712.0,0,26215,17039,52429,17053,52429,17037,0,0,0,110,100,100,2.7302334150594743e+23,64.0,0.0,64.9,-107615304.0,68.5,1,49,50,180,0,39322,0,0,0.0,0.0,0.0,0.0,-3.785561015021277e+22,65.0,0.0,-0.0,0.0,645,0,688,0,0,0,717,0,789,0,709,0,689,0,645,0,642,0,616,0.032,55836672.0,0.0,2.7302316136196234e+23,29200,16788,-3.2703811982514783e+26,-0.0,1.3005134715950329e+22,0.0,-5.318752961364407e+23,1.2565715204469531e+32,29.0,60.0,70,0.0,0.0,0.0,0.0,0.0,0.0,0.0,0.0,0.0,0.0,0.0,0.0,0.0,0.0,0.0,0.0,59.2,69,11,65508,41,65476,0,300,0,0,8,20529,65476,0,0,61604,60.0,0.0,0.0,0.0,0.0,0.0
2026-04-04T11:23:53,ERR,ERR,ERR,ERR,ERR,ERR,ERR,ERR,ERR,ERR,ERR,ERR,ERR,ERR,ERR,ERR,ERR,ERR,ERR,ERR,ERR,ERR,ERR,ERR,ERR,ERR,ERR,ERR,ERR,ERR,ERR,ERR,ERR,ERR,ERR,ERR,ERR,ERR,ERR,ERR,ERR,ERR,ERR,ERR,ERR,ERR,ERR,ERR,ERR,ERR,ERR,ERR,ERR,ERR,ERR,ERR,ERR,ERR,ERR,ERR,ERR,ERR,ERR,ERR,ERR,ERR,ERR,ERR,ERR,ERR,ERR,ERR,ERR,ERR,ERR,ERR,ERR,ERR,ERR,ERR,ERR,ERR,ERR,ERR,ERR,ERR,ERR,ERR,ERR,ERR,ERR,ERR,ERR,ERR,ERR,ERR,ERR,ERR,ERR,ERR,ERR,ERR,ERR,ERR,ERR,ERR,ERR,ERR,ERR,ERR,ERR,ERR,ERR,ERR,ERR,ERR,ERR,ERR,ERR,ERR,ERR,ERR,ERR,ERR,ERR,0.0,0.0,-101055584.0,0.0,0.0,0.0,0.0,nan,0,0,0,32768,0,0.0,0,0.0,0.0,0.0,0.0,0.0,0,0,0,0,0.0,0,0,0,0,0,0,0,0,0,0,0,0,0,0,0,0,0,0,0,0,0,0,0,0,0,0,0,0,0,0,0,0,0,0,0,0,0,0,0,0,0,0,0,0,0.0,0.0,0.0,0.0,0.0,0.0,0.0,0.0,0.0,0.0,0.0,0.0,0.0,0.0,0.0,0.0,0.0,0.0,0.0,0.0,0.0,0.0,-2.004,0.0,-2.004,2.004,0.0,0.0,0.0,0.0,3395.5,0.0,0.0,0.0,0.0,-0.0,0.0,0.0,0.0,0.0,0.0,0,-0.0,-107614264.0,0.0,0.0,0.0,0.0,0.0,0.0,0.0,0,0,0,0.0,0.0,0.0,0.0,0.0,0.0,0.0,0.0,0.0,0.0,0.0,0.0,0.0,0.0,0.0,0.0,0,-107875648.0,0,0.0,0,-107875648.0,-107877712.0,0,26215,17039,52429,17053,52429,17037,0,0,0,110,100,100,2.7302334150594743e+23,64.0,0.0,64.9,-107615304.0,68.5,1,49,50,180,0,39322,0,0,0.0,0.0,0.0,0.0,-3.785561015021277e+22,65.0,0.0,-0.0,0.0,645,0,688,0,0,0,717,0,789,0,709,0,689,0,645,0,642,0,616,0.032,55836672.0,0.0,2.7302316136196234e+23,29200,16788,-3.2703811982514783e+26,-0.0,1.3005134715950329e+22,0.0,-5.318752961364407e+23,1.2565715204469531e+32,29.0,60.0,70,0.0,0.0,0.0,0.0,0.0,0.0,0.0,0.0,0.0,0.0,0.0,0.0,0.0,0.0,0.0,0.0,59.2,69,11,65508,41,65476,0,300,0,0,8,20529,65476,0,0,61604,60.0,0.0,0.0,0.0,0.0,0.0
2026-04-04T11:23:54,ERR,ERR,ERR,ERR,ERR,ERR,ERR,ERR,ERR,ERR,ERR,ERR,ERR,ERR,ERR,ERR,ERR,ERR,ERR,ERR,ERR,ERR,ERR,ERR,ERR,ERR,ERR,ERR,ERR,ERR,ERR,ERR,ERR,ERR,ERR,ERR,ERR,ERR,ERR,ERR,ERR,ERR,ERR,ERR,ERR,ERR,ERR,ERR,ERR,ERR,ERR,ERR,ERR,ERR,ERR,ERR,ERR,ERR,ERR,ERR,ERR,ERR,ERR,ERR,ERR,ERR,ERR,ERR,ERR,ERR,ERR,ERR,ERR,ERR,ERR,ERR,ERR,ERR,ERR,ERR,ERR,ERR,ERR,ERR,ERR,ERR,ERR,ERR,ERR,ERR,ERR,ERR,ERR,ERR,ERR,ERR,ERR,ERR,ERR,ERR,ERR,ERR,ERR,ERR,ERR,ERR,ERR,ERR,ERR,ERR,ERR,ERR,ERR,ERR,ERR,ERR,ERR,ERR,ERR,ERR,ERR,ERR,ERR,ERR,ERR,0.0,0.0,-101055584.0,0.0,0.0,0.0,0.0,nan,0,0,0,32768,0,0.0,0,0.0,0.0,0.0,0.0,0.0,0,0,0,0,0.0,0,0,0,0,0,0,0,0,0,0,0,0,0,0,0,0,0,0,0,0,0,0,0,0,0,0,0,0,0,0,0,0,0,0,0,0,0,0,0,0,0,0,0,0,0.0,0.0,0.0,0.0,0.0,0.0,0.0,0.0,0.0,0.0,0.0,0.0,0.0,0.0,0.0,0.0,0.0,0.0,0.0,0.0,0.0,0.0,-2.004,0.0,-2.004,2.004,0.0,0.0,0.0,0.0,3395.5,0.0,0.0,0.0,0.0,-0.0,0.0,0.0,0.0,0.0,0.0,0,-0.0,-107614264.0,0.0,0.0,0.0,0.0,0.0,0.0,0.0,0,0,0,0.0,0.0,0.0,0.0,0.0,0.0,0.0,0.0,0.0,0.0,0.0,0.0,0.0,0.0,0.0,0.0,0,-107875648.0,0,0.0,0,-107875648.0,-107877712.0,0,26215,17039,52429,17053,52429,17037,0,0,0,110,100,100,2.7302334150594743e+23,64.0,0.0,64.9,-107615304.0,68.5,1,49,50,180,0,39322,0,0,0.0,0.0,0.0,0.0,-3.785561015021277e+22,65.0,0.0,-0.0,0.0,645,0,688,0,0,0,717,0,789,0,709,0,689,0,645,0,642,0,616,0.032,55836672.0,0.0,2.7302316136196234e+23,29200,16788,-3.2703811982514783e+26,-0.0,1.3005134715950329e+22,0.0,-5.318752961364407e+23,1.2565715204469531e+32,29.0,60.0,70,0.0,0.0,0.0,0.0,0.0,0.0,0.0,0.0,0.0,0.0,0.0,0.0,0.0,0.0,0.0,0.0,59.2,69,11,65508,41,65476,0,300,0,0,8,20529,65476,0,0,61604,60.0,0.0,0.0,0.0,0.0,0.0
2026-04-04T11:23:55,ERR,ERR,ERR,ERR,ERR,ERR,ERR,ERR,ERR,ERR,ERR,ERR,ERR,ERR,ERR,ERR,ERR,ERR,ERR,ERR,ERR,ERR,ERR,ERR,ERR,ERR,ERR,ERR,ERR,ERR,ERR,ERR,ERR,ERR,ERR,ERR,ERR,ERR,ERR,ERR,ERR,ERR,ERR,ERR,ERR,ERR,ERR,ERR,ERR,ERR,ERR,ERR,ERR,ERR,ERR,ERR,ERR,ERR,ERR,ERR,ERR,ERR,ERR,ERR,ERR,ERR,ERR,ERR,ERR,ERR,ERR,ERR,ERR,ERR,ERR,ERR,ERR,ERR,ERR,ERR,ERR,ERR,ERR,ERR,ERR,ERR,ERR,ERR,ERR,ERR,ERR,ERR,ERR,ERR,ERR,ERR,ERR,ERR,ERR,ERR,ERR,ERR,ERR,ERR,ERR,ERR,ERR,ERR,ERR,ERR,ERR,ERR,ERR,ERR,ERR,ERR,ERR,ERR,ERR,ERR,ERR,ERR,ERR,ERR,ERR,0.0,0.0,-101055584.0,0.0,0.0,0.0,0.0,nan,0,0,0,32768,0,0.0,0,0.0,0.0,0.0,0.0,0.0,0,0,0,0,0.0,0,0,0,0,0,0,0,0,0,0,0,0,0,0,0,0,0,0,0,0,0,0,0,0,0,0,0,0,0,0,0,0,0,0,0,0,0,0,0,0,0,0,0,0,0.0,0.0,0.0,0.0,0.0,0.0,0.0,0.0,0.0,0.0,0.0,0.0,0.0,0.0,0.0,0.0,0.0,0.0,0.0,0.0,0.0,0.0,-2.004,0.0,-2.004,2.004,0.0,0.0,0.0,0.0,3395.5,0.0,0.0,0.0,0.0,-0.0,0.0,0.0,0.0,0.0,0.0,0,-0.0,-107614264.0,0.0,0.0,0.0,0.0,0.0,0.0,0.0,0,0,0,0.0,0.0,0.0,0.0,0.0,0.0,0.0,0.0,0.0,0.0,0.0,0.0,0.0,0.0,0.0,0.0,0,-107875648.0,0,0.0,0,-107875648.0,-107877712.0,0,26215,17039,52429,17053,52429,17037,0,0,0,110,100,100,2.7302334150594743e+23,64.0,0.0,64.9,-107615304.0,68.5,1,49,50,180,0,39322,0,0,0.0,0.0,0.0,0.0,-3.785561015021277e+22,65.0,0.0,-0.0,0.0,645,0,688,0,0,0,717,0,789,0,709,0,689,0,645,0,642,0,616,0.032,55836672.0,0.0,2.7302316136196234e+23,29200,16788,-3.2703811982514783e+26,-0.0,1.3005134715950329e+22,0.0,-5.318752961364407e+23,1.2565715204469531e+32,29.0,60.0,70,0.0,0.0,0.0,0.0,0.0,0.0,0.0,0.0,0.0,0.0,0.0,0.0,0.0,0.0,0.0,0.0,59.2,69,11,65508,41,65476,0,300,0,0,8,20529,65476,0,0,61604,60.0,0.0,0.0,0.0,0.0,0.0
2026-04-04T11:23:56,ERR,ERR,ERR,ERR,ERR,ERR,ERR,ERR,ERR,ERR,ERR,ERR,ERR,ERR,ERR,ERR,ERR,ERR,ERR,ERR,ERR,ERR,ERR,ERR,ERR,ERR,ERR,ERR,ERR,ERR,ERR,ERR,ERR,ERR,ERR,ERR,ERR,ERR,ERR,ERR,ERR,ERR,ERR,ERR,ERR,ERR,ERR,ERR,ERR,ERR,ERR,ERR,ERR,ERR,ERR,ERR,ERR,ERR,ERR,ERR,ERR,ERR,ERR,ERR,ERR,ERR,ERR,ERR,ERR,ERR,ERR,ERR,ERR,ERR,ERR,ERR,ERR,ERR,ERR,ERR,ERR,ERR,ERR,ERR,ERR,ERR,ERR,ERR,ERR,ERR,ERR,ERR,ERR,ERR,ERR,ERR,ERR,ERR,ERR,ERR,ERR,ERR,ERR,ERR,ERR,ERR,ERR,ERR,ERR,ERR,ERR,ERR,ERR,ERR,ERR,ERR,ERR,ERR,ERR,ERR,ERR,ERR,ERR,ERR,ERR,0.0,0.0,-101055584.0,0.0,0.0,0.0,0.0,nan,0,0,0,32768,0,0.0,0,0.0,0.0,0.0,0.0,0.0,0,0,0,0,0.0,0,0,0,0,0,0,0,0,0,0,0,0,0,0,0,0,0,0,0,0,0,0,0,0,0,0,0,0,0,0,0,0,0,0,0,0,0,0,0,0,0,0,0,0,0.0,0.0,0.0,0.0,0.0,0.0,0.0,0.0,0.0,0.0,0.0,0.0,0.0,0.0,0.0,0.0,0.0,0.0,0.0,0.0,0.0,0.0,-2.004,0.0,-2.004,2.004,0.0,0.0,0.0,0.0,3395.5,0.0,0.0,0.0,0.0,-0.0,0.0,0.0,0.0,0.0,0.0,0,-0.0,-107614264.0,0.0,0.0,0.0,0.0,0.0,0.0,0.0,0,0,0,0.0,0.0,0.0,0.0,0.0,0.0,0.0,0.0,0.0,0.0,0.0,0.0,0.0,0.0,0.0,0.0,0,-107875648.0,0,0.0,0,-107875648.0,-107877712.0,0,26215,17039,52429,17053,52429,17037,0,0,0,110,100,100,2.7302334150594743e+23,64.0,0.0,64.9,-107615304.0,68.5,1,49,50,180,0,39322,0,0,0.0,0.0,0.0,0.0,-3.785561015021277e+22,65.0,0.0,-0.0,0.0,645,0,688,0,0,0,717,0,789,0,709,0,689,0,645,0,642,0,616,0.032,55836672.0,0.0,2.7302316136196234e+23,29200,16788,-3.2703811982514783e+26,-0.0,1.3005134715950329e+22,0.0,-5.318752961364407e+23,1.2565715204469531e+32,29.0,60.0,70,0.0,0.0,0.0,0.0,0.0,0.0,0.0,0.0,0.0,0.0,0.0,0.0,0.0,0.0,0.0,0.0,59.2,69,11,65508,41,65476,0,300,0,0,8,20529,65476,0,0,61604,60.0,0.0,0.0,0.0,0.0,0.0
2026-04-04T11:23:57,ERR,ERR,ERR,ERR,ERR,ERR,ERR,ERR,ERR,ERR,ERR,ERR,ERR,ERR,ERR,ERR,ERR,ERR,ERR,ERR,ERR,ERR,ERR,ERR,ERR,ERR,ERR,ERR,ERR,ERR,ERR,ERR,ERR,ERR,ERR,ERR,ERR,ERR,ERR,ERR,ERR,ERR,ERR,ERR,ERR,ERR,ERR,ERR,ERR,ERR,ERR,ERR,ERR,ERR,ERR,ERR,ERR,ERR,ERR,ERR,ERR,ERR,ERR,ERR,ERR,ERR,ERR,ERR,ERR,ERR,ERR,ERR,ERR,ERR,ERR,ERR,ERR,ERR,ERR,ERR,ERR,ERR,ERR,ERR,ERR,ERR,ERR,ERR,ERR,ERR,ERR,ERR,ERR,ERR,ERR,ERR,ERR,ERR,ERR,ERR,ERR,ERR,ERR,ERR,ERR,ERR,ERR,ERR,ERR,ERR,ERR,ERR,ERR,ERR,ERR,ERR,ERR,ERR,ERR,ERR,ERR,ERR,ERR,ERR,ERR,0.0,0.0,-101055584.0,0.0,0.0,0.0,0.0,nan,0,0,0,32768,0,0.0,0,0.0,0.0,0.0,0.0,0.0,0,0,0,0,0.0,0,0,0,0,0,0,0,0,0,0,0,0,0,0,0,0,0,0,0,0,0,0,0,0,0,0,0,0,0,0,0,0,0,0,0,0,0,0,0,0,0,0,0,0,0.0,0.0,0.0,0.0,0.0,0.0,0.0,0.0,0.0,0.0,0.0,0.0,0.0,0.0,0.0,0.0,0.0,0.0,0.0,0.0,0.0,0.0,-2.004,0.0,-2.004,2.004,0.0,0.0,0.0,0.0,3395.5,0.0,0.0,0.0,0.0,-0.0,0.0,0.0,0.0,0.0,0.0,0,-0.0,-107614264.0,0.0,0.0,0.0,0.0,0.0,0.0,0.0,0,0,0,0.0,0.0,0.0,0.0,0.0,0.0,0.0,0.0,0.0,0.0,0.0,0.0,0.0,0.0,0.0,0.0,0,-107875648.0,0,0.0,0,-107875648.0,-107877712.0,0,26215,17039,52429,17053,52429,17037,0,0,0,110,100,100,2.7302334150594743e+23,64.0,0.0,64.9,-107615304.0,68.5,1,49,50,180,0,39322,0,0,0.0,0.0,0.0,0.0,-19432708.0,65.0,0.0,0.0,0.0,645,0,688,0,0,0,717,0,789,0,709,0,689,0,645,0,642,0,616,0.032,42205184.0,0.0,2.7302316136196234e+23,34704,16788,-3.0589860442030473e+19,0.0,-0.0,3990003908608.0,-9.103261403527244e+34,-0.0,29.0,60.0,70,0.0,0.0,0.0,0.0,0.0,0.0,0.0,0.0,0.0,0.0,0.0,0.0,0.0,0.0,0.0,0.0,59.6,69,11,65508,41,65476,0,300,0,0,8,20529,65476,0,0,61604,60.0,0.0,0.0,0.0,0.0,0.0
2026-04-04T11:23:58,ERR,ERR,ERR,ERR,ERR,ERR,ERR,ERR,ERR,ERR,ERR,ERR,ERR,ERR,ERR,ERR,ERR,ERR,ERR,ERR,ERR,ERR,ERR,ERR,ERR,ERR,ERR,ERR,ERR,ERR,ERR,ERR,ERR,ERR,ERR,ERR,ERR,ERR,ERR,ERR,ERR,ERR,ERR,ERR,ERR,ERR,ERR,ERR,ERR,ERR,ERR,ERR,ERR,ERR,ERR,ERR,ERR,ERR,ERR,ERR,ERR,ERR,ERR,ERR,ERR,ERR,ERR,ERR,ERR,ERR,ERR,ERR,ERR,ERR,ERR,ERR,ERR,ERR,ERR,ERR,ERR,ERR,ERR,ERR,ERR,ERR,ERR,ERR,ERR,ERR,ERR,ERR,ERR,ERR,ERR,ERR,ERR,ERR,ERR,ERR,ERR,ERR,ERR,ERR,ERR,ERR,ERR,ERR,ERR,ERR,ERR,ERR,ERR,ERR,ERR,ERR,ERR,ERR,ERR,ERR,ERR,ERR,ERR,ERR,ERR,0.0,0.0,-101055584.0,0.0,0.0,0.0,0.0,nan,0,0,0,32768,0,0.0,0,0.0,0.0,0.0,0.0,0.0,0,0,0,0,0.0,0,0,0,0,0,0,0,0,0,0,0,0,0,0,0,0,0,0,0,0,0,0,0,0,0,0,0,0,0,0,0,0,0,0,0,0,0,0,0,0,0,0,0,0,0.0,0.0,0.0,0.0,0.0,0.0,0.0,0.0,0.0,0.0,0.0,0.0,0.0,0.0,0.0,0.0,0.0,0.0,0.0,0.0,0.0,0.0,-2.004,0.0,-2.004,2.004,0.0,0.0,0.0,0.0,3377.0,-3.697154027885167e+19,0.0,0.0,-0.0,-0.0,0.0,0.0,0.0,0.0,0.0,0,-0.0,-0.0,0.0,0.0,0.0,0.0,0.0,0.0,0.0,0,0,0,0.0,0.0,0.0,0.0,0.0,0.0,0.0,0.0,0.0,0.0,0.0,0.0,0.0,0.0,0.0,0.0,0,-107875648.0,0,0.0,0,-107875648.0,-107877712.0,0,26215,17039,52429,17053,52429,17037,0,0,0,110,100,100,2.7302334150594743e+23,64.0,0.0,64.9,-107615304.0,68.5,1,49,50,180,0,39322,0,0,0.0,0.0,0.0,0.0,-19432708.0,65.0,0.0,0.0,0.0,645,0,688,0,0,0,717,0,789,0,709,0,689,0,645,0,642,0,616,0.032,42205184.0,0.0,2.7302316136196234e+23,34704,16788,-3.0589860442030473e+19,0.0,-0.0,3990003908608.0,-9.103261403527244e+34,-0.0,29.0,60.0,70,0.0,0.0,0.0,0.0,0.0,0.0,0.0,0.0,0.0,0.0,0.0,0.0,0.0,0.0,0.0,0.0,59.6,69,11,65508,41,65476,0,300,0,0,8,20529,65476,0,0,61604,60.0,0.0,0.0,0.0,0.0,0.0
2026-04-04T11:23:59,ERR,ERR,ERR,ERR,ERR,ERR,ERR,ERR,ERR,ERR,ERR,ERR,ERR,ERR,ERR,ERR,ERR,ERR,ERR,ERR,ERR,ERR,ERR,ERR,ERR,ERR,ERR,ERR,ERR,ERR,ERR,ERR,ERR,ERR,ERR,ERR,ERR,ERR,ERR,ERR,ERR,ERR,ERR,ERR,ERR,ERR,ERR,ERR,ERR,ERR,ERR,ERR,ERR,ERR,ERR,ERR,ERR,ERR,ERR,ERR,ERR,ERR,ERR,ERR,ERR,ERR,ERR,ERR,ERR,ERR,ERR,ERR,ERR,ERR,ERR,ERR,ERR,ERR,ERR,ERR,ERR,ERR,ERR,ERR,ERR,ERR,ERR,ERR,ERR,ERR,ERR,ERR,ERR,ERR,ERR,ERR,ERR,ERR,ERR,ERR,ERR,ERR,ERR,ERR,ERR,ERR,ERR,ERR,ERR,ERR,ERR,ERR,ERR,ERR,ERR,ERR,ERR,ERR,ERR,ERR,ERR,ERR,ERR,ERR,ERR,0.0,0.0,-101055584.0,0.0,0.0,0.0,0.0,nan,0,0,0,32768,0,0.0,0,0.0,0.0,0.0,0.0,0.0,0,0,0,0,0.0,0,0,0,0,0,0,0,0,0,0,0,0,0,0,0,0,0,0,0,0,0,0,0,0,0,0,0,0,0,0,0,0,0,0,0,0,0,0,0,0,0,0,0,0,0.0,0.0,0.0,0.0,0.0,0.0,0.0,0.0,0.0,0.0,0.0,0.0,0.0,0.0,0.0,0.0,0.0,0.0,0.0,0.0,0.0,0.0,-2.004,0.0,-2.004,2.004,0.0,0.0,0.0,0.0,3377.0,-3.697154027885167e+19,0.0,0.0,-0.0,-0.0,0.0,0.0,0.0,0.0,0.0,0,-0.0,-0.0,0.0,0.0,0.0,0.0,0.0,0.0,0.0,0,0,0,0.0,0.0,0.0,0.0,0.0,0.0,0.0,0.0,0.0,0.0,0.0,0.0,0.0,0.0,0.0,0.0,0,-107875648.0,0,0.0,0,-107875648.0,-107877712.0,0,26215,17039,52429,17053,52429,17037,0,0,0,110,100,100,2.7302334150594743e+23,64.0,0.0,64.9,-107615304.0,68.5,1,49,50,180,0,39322,0,0,0.0,0.0,0.0,0.0,-19432708.0,65.0,0.0,0.0,0.0,645,0,688,0,0,0,717,0,789,0,709,0,689,0,645,0,642,0,616,0.032,42205184.0,0.0,2.7302316136196234e+23,34704,16788,-3.0589860442030473e+19,0.0,-0.0,3990003908608.0,-9.103261403527244e+34,-0.0,29.0,60.0,70,0.0,0.0,0.0,0.0,0.0,0.0,0.0,0.0,0.0,0.0,0.0,0.0,0.0,0.0,0.0,0.0,59.6,69,11,65508,41,65476,0,300,0,0,8,20529,65476,0,0,61604,60.0,0.0,0.0,0.0,0.0,0.0
2026-04-04T11:24:00,ERR,ERR,ERR,ERR,ERR,ERR,ERR,ERR,ERR,ERR,ERR,ERR,ERR,ERR,ERR,ERR,ERR,ERR,ERR,ERR,ERR,ERR,ERR,ERR,ERR,ERR,ERR,ERR,ERR,ERR,ERR,ERR,ERR,ERR,ERR,ERR,ERR,ERR,ERR,ERR,ERR,ERR,ERR,ERR,ERR,ERR,ERR,ERR,ERR,ERR,ERR,ERR,ERR,ERR,ERR,ERR,ERR,ERR,ERR,ERR,ERR,ERR,ERR,ERR,ERR,ERR,ERR,ERR,ERR,ERR,ERR,ERR,ERR,ERR,ERR,ERR,ERR,ERR,ERR,ERR,ERR,ERR,ERR,ERR,ERR,ERR,ERR,ERR,ERR,ERR,ERR,ERR,ERR,ERR,ERR,ERR,ERR,ERR,ERR,ERR,ERR,ERR,ERR,ERR,ERR,ERR,ERR,ERR,ERR,ERR,ERR,ERR,ERR,ERR,ERR,ERR,ERR,ERR,ERR,ERR,ERR,ERR,ERR,ERR,ERR,0.0,0.0,-101055584.0,0.0,0.0,0.0,0.0,nan,0,0,0,32768,0,0.0,0,0.0,0.0,0.0,0.0,0.0,0,0,0,0,0.0,0,0,0,0,0,0,0,0,0,0,0,0,0,0,0,0,0,0,0,0,0,0,0,0,0,0,0,0,0,0,0,0,0,0,0,0,0,0,0,0,0,0,0,0,0.0,0.0,0.0,0.0,0.0,0.0,0.0,0.0,0.0,0.0,0.0,0.0,0.0,0.0,0.0,0.0,0.0,0.0,0.0,0.0,0.0,0.0,-2.004,0.0,-2.004,2.004,0.0,0.0,0.0,0.0,3377.0,-3.697154027885167e+19,0.0,0.0,-0.0,-0.0,0.0,0.0,0.0,0.0,0.0,0,-0.0,-0.0,0.0,0.0,0.0,0.0,0.0,0.0,0.0,0,0,0,0.0,0.0,0.0,0.0,0.0,0.0,0.0,0.0,0.0,0.0,0.0,0.0,0.0,0.0,0.0,0.0,0,-107875648.0,0,0.0,0,-107875648.0,-107877712.0,0,26215,17039,52429,17053,52429,17037,0,0,0,110,100,100,2.7302334150594743e+23,64.0,0.0,64.9,-107615304.0,68.5,1,49,50,180,0,39322,0,0,0.0,0.0,0.0,0.0,-19432708.0,65.0,0.0,0.0,0.0,645,0,688,0,0,0,717,0,789,0,709,0,689,0,645,0,642,0,616,0.032,42205184.0,0.0,2.7302316136196234e+23,34704,16788,-3.0589860442030473e+19,0.0,-0.0,3990003908608.0,-9.103261403527244e+34,-0.0,29.0,60.0,70,0.0,0.0,0.0,0.0,0.0,0.0,0.0,0.0,0.0,0.0,0.0,0.0,0.0,0.0,0.0,0.0,59.2,69,11,65508,41,65476,0,300,0,0,8,20529,65476,0,0,61604,60.0,0.0,0.0,0.0,0.0,0.0
2026-04-04T11:24:01,ERR,ERR,ERR,ERR,ERR,ERR,ERR,ERR,ERR,ERR,ERR,ERR,ERR,ERR,ERR,ERR,ERR,ERR,ERR,ERR,ERR,ERR,ERR,ERR,ERR,ERR,ERR,ERR,ERR,ERR,ERR,ERR,ERR,ERR,ERR,ERR,ERR,ERR,ERR,ERR,ERR,ERR,ERR,ERR,ERR,ERR,ERR,ERR,ERR,ERR,ERR,ERR,ERR,ERR,ERR,ERR,ERR,ERR,ERR,ERR,ERR,ERR,ERR,ERR,ERR,ERR,ERR,ERR,ERR,ERR,ERR,ERR,ERR,ERR,ERR,ERR,ERR,ERR,ERR,ERR,ERR,ERR,ERR,ERR,ERR,ERR,ERR,ERR,ERR,ERR,ERR,ERR,ERR,ERR,ERR,ERR,ERR,ERR,ERR,ERR,ERR,ERR,ERR,ERR,ERR,ERR,ERR,ERR,ERR,ERR,ERR,ERR,ERR,ERR,ERR,ERR,ERR,ERR,ERR,ERR,ERR,ERR,ERR,ERR,ERR,0.0,0.0,-101055584.0,0.0,0.0,0.0,0.0,nan,0,0,0,32768,0,0.0,0,0.0,0.0,0.0,0.0,0.0,0,0,0,0,0.0,0,0,0,0,0,0,0,0,0,0,0,0,0,0,0,0,0,0,0,0,0,0,0,0,0,0,0,0,0,0,0,0,0,0,0,0,0,0,0,0,0,0,0,0,0.0,0.0,0.0,0.0,0.0,0.0,0.0,0.0,0.0,0.0,0.0,0.0,0.0,0.0,0.0,0.0,0.0,0.0,0.0,0.0,0.0,0.0,-2.004,0.0,-2.004,2.004,0.0,0.0,0.0,0.0,3377.0,-3.697154027885167e+19,0.0,0.0,-0.0,-0.0,0.0,0.0,0.0,0.0,0.0,0,-0.0,-0.0,0.0,0.0,0.0,0.0,0.0,0.0,0.0,0,0,0,0.0,0.0,0.0,0.0,0.0,0.0,0.0,0.0,0.0,0.0,0.0,0.0,0.0,0.0,0.0,0.0,0,-107875648.0,0,0.0,0,-107875648.0,-107877712.0,0,26215,17039,52429,17053,52429,17037,0,0,0,110,100,100,2.7302334150594743e+23,64.0,0.0,64.9,-107615304.0,68.5,1,49,50,180,0,39322,0,0,0.0,0.0,0.0,0.0,-19432708.0,65.0,0.0,0.0,0.0,645,0,688,0,0,0,717,0,789,0,709,0,689,0,645,0,642,0,616,0.032,42205184.0,0.0,2.7302316136196234e+23,34704,16788,-3.0589860442030473e+19,0.0,-0.0,3990003908608.0,-9.103261403527244e+34,-0.0,29.0,60.0,70,0.0,0.0,0.0,0.0,0.0,0.0,0.0,0.0,0.0,0.0,0.0,0.0,0.0,0.0,0.0,0.0,59.2,69,11,65508,41,65476,0,300,0,0,8,20529,65476,0,0,61604,60.0,0.0,0.0,0.0,0.0,0.0
2026-04-04T11:24:02,ERR,ERR,ERR,ERR,ERR,ERR,ERR,ERR,ERR,ERR,ERR,ERR,ERR,ERR,ERR,ERR,ERR,ERR,ERR,ERR,ERR,ERR,ERR,ERR,ERR,ERR,ERR,ERR,ERR,ERR,ERR,ERR,ERR,ERR,ERR,ERR,ERR,ERR,ERR,ERR,ERR,ERR,ERR,ERR,ERR,ERR,ERR,ERR,ERR,ERR,ERR,ERR,ERR,ERR,ERR,ERR,ERR,ERR,ERR,ERR,ERR,ERR,ERR,ERR,ERR,ERR,ERR,ERR,ERR,ERR,ERR,ERR,ERR,ERR,ERR,ERR,ERR,ERR,ERR,ERR,ERR,ERR,ERR,ERR,ERR,ERR,ERR,ERR,ERR,ERR,ERR,ERR,ERR,ERR,ERR,ERR,ERR,ERR,ERR,ERR,ERR,ERR,ERR,ERR,ERR,ERR,ERR,ERR,ERR,ERR,ERR,ERR,ERR,ERR,ERR,ERR,ERR,ERR,ERR,ERR,ERR,ERR,ERR,ERR,ERR,0.0,0.0,-101055584.0,0.0,0.0,0.0,0.0,nan,0,0,0,32768,0,0.0,0,0.0,0.0,0.0,0.0,0.0,0,0,0,0,0.0,0,0,0,0,0,0,0,0,0,0,0,0,0,0,0,0,0,0,0,0,0,0,0,0,0,0,0,0,0,0,0,0,0,0,0,0,0,0,0,0,0,0,0,0,0.0,0.0,0.0,0.0,0.0,0.0,0.0,0.0,0.0,0.0,0.0,0.0,0.0,0.0,0.0,0.0,0.0,0.0,0.0,0.0,0.0,0.0,-2.004,0.0,-2.004,2.004,0.0,0.0,0.0,0.0,3377.0,-3.697154027885167e+19,0.0,0.0,-0.0,-0.0,0.0,0.0,0.0,0.0,0.0,0,-0.0,-0.0,0.0,0.0,0.0,0.0,0.0,0.0,0.0,0,0,0,0.0,0.0,0.0,0.0,0.0,0.0,0.0,0.0,0.0,0.0,0.0,0.0,0.0,0.0,0.0,0.0,0,-107875648.0,0,0.0,0,-107875648.0,-107877712.0,0,26215,17039,52429,17053,52429,17037,0,0,0,110,100,100,2.7302334150594743e+23,64.0,0.0,64.9,-107615304.0,68.5,1,49,50,180,0,39322,0,0,0.0,0.0,0.0,0.0,-19432708.0,65.0,0.0,0.0,0.0,645,0,688,0,0,0,717,0,789,0,709,0,689,0,645,0,642,0,616,0.032,42205184.0,0.0,2.7302316136196234e+23,34704,16788,-3.0589860442030473e+19,0.0,-0.0,3990003908608.0,-9.103261403527244e+34,-0.0,29.0,60.0,70,0.0,0.0,0.0,0.0,0.0,0.0,0.0,0.0,0.0,0.0,0.0,0.0,0.0,0.0,0.0,0.0,59.2,69,11,65508,41,65476,0,300,0,0,8,20529,65476,0,0,61604,60.0,0.0,0.0,0.0,0.0,0.0
2026-04-04T11:24:03,ERR,ERR,ERR,ERR,ERR,ERR,ERR,ERR,ERR,ERR,ERR,ERR,ERR,ERR,ERR,ERR,ERR,ERR,ERR,ERR,ERR,ERR,ERR,ERR,ERR,ERR,ERR,ERR,ERR,ERR,ERR,ERR,ERR,ERR,ERR,ERR,ERR,ERR,ERR,ERR,ERR,ERR,ERR,ERR,ERR,ERR,ERR,ERR,ERR,ERR,ERR,ERR,ERR,ERR,ERR,ERR,ERR,ERR,ERR,ERR,ERR,ERR,ERR,ERR,ERR,ERR,ERR,ERR,ERR,ERR,ERR,ERR,ERR,ERR,ERR,ERR,ERR,ERR,ERR,ERR,ERR,ERR,ERR,ERR,ERR,ERR,ERR,ERR,ERR,ERR,ERR,ERR,ERR,ERR,ERR,ERR,ERR,ERR,ERR,ERR,ERR,ERR,ERR,ERR,ERR,ERR,ERR,ERR,ERR,ERR,ERR,ERR,ERR,ERR,ERR,ERR,ERR,ERR,ERR,ERR,ERR,ERR,ERR,ERR,ERR,0.0,0.0,-101055584.0,0.0,0.0,0.0,0.0,nan,0,0,0,32768,0,0.0,0,0.0,0.0,0.0,0.0,0.0,0,0,0,0,0.0,0,0,0,0,0,0,0,0,0,0,0,0,0,0,0,0,0,0,0,0,0,0,0,0,0,0,0,0,0,0,0,0,0,0,0,0,0,0,0,0,0,0,0,0,0.0,0.0,0.0,0.0,0.0,0.0,0.0,0.0,0.0,0.0,0.0,0.0,0.0,0.0,0.0,0.0,0.0,0.0,0.0,0.0,0.0,0.0,-2.004,0.0,-2.004,2.004,0.0,0.0,0.0,0.0,3377.0,-3.697154027885167e+19,0.0,0.0,-0.0,-0.0,0.0,0.0,0.0,0.0,0.0,0,-0.0,-0.0,0.0,0.0,0.0,0.0,0.0,0.0,0.0,0,0,0,0.0,0.0,0.0,0.0,0.0,0.0,0.0,0.0,0.0,0.0,0.0,0.0,0.0,0.0,0.0,0.0,0,-107875648.0,0,0.0,0,-107875648.0,-107877712.0,0,26215,17039,52429,17053,52429,17037,0,0,0,110,100,100,2.7302334150594743e+23,64.0,0.0,64.9,-107615304.0,68.5,1,49,50,180,0,39322,0,0,0.0,0.0,0.0,0.0,-2.940555570897341e+22,65.0,0.0,-0.0,0.0,645,0,688,0,0,0,717,0,789,0,709,0,689,0,645,0,642,0,616,0.032,46137344.0,-2.004,0.0,39184,16788,-3.785561015021277e+22,-0.0,-17265936302080.0,-2.1496036985953925e+25,0.0,-462250213376.0,29.0,60.0,70,0.0,0.0,0.0,0.0,0.0,0.0,0.0,0.0,0.0,0.0,0.0,0.0,0.0,0.0,0.0,0.0,59.2,69,11,65508,41,65476,0,300,0,0,8,20529,65476,0,0,61604,60.0,0.0,0.0,0.0,0.0,0.0
2026-04-04T11:24:04,ERR,ERR,ERR,ERR,ERR,ERR,ERR,ERR,ERR,ERR,ERR,ERR,ERR,ERR,ERR,ERR,ERR,ERR,ERR,ERR,ERR,ERR,ERR,ERR,ERR,ERR,ERR,ERR,ERR,ERR,ERR,ERR,ERR,ERR,ERR,ERR,ERR,ERR,ERR,ERR,ERR,ERR,ERR,ERR,ERR,ERR,ERR,ERR,ERR,ERR,ERR,ERR,ERR,ERR,ERR,ERR,ERR,ERR,ERR,ERR,ERR,ERR,ERR,ERR,ERR,ERR,ERR,ERR,ERR,ERR,ERR,ERR,ERR,ERR,ERR,ERR,ERR,ERR,ERR,ERR,ERR,ERR,ERR,ERR,ERR,ERR,ERR,ERR,ERR,ERR,ERR,ERR,ERR,ERR,ERR,ERR,ERR,ERR,ERR,ERR,ERR,ERR,ERR,ERR,ERR,ERR,ERR,ERR,ERR,ERR,ERR,ERR,ERR,ERR,ERR,ERR,ERR,ERR,ERR,ERR,ERR,ERR,ERR,ERR,ERR,0.0,0.0,-101055584.0,0.0,0.0,0.0,0.0,nan,0,0,0,32768,0,0.0,0,0.0,0.0,0.0,0.0,0.0,0,0,0,0,0.0,0,0,0,0,0,0,0,0,0,0,0,0,0,0,0,0,0,0,0,0,0,0,0,0,0,0,0,0,0,0,0,0,0,0,0,0,0,0,0,0,0,0,0,0,0.0,0.0,0.0,0.0,0.0,0.0,0.0,0.0,0.0,0.0,0.0,0.0,0.0,0.0,0.0,0.0,0.0,0.0,0.0,0.0,0.0,0.0,-2.004,0.0,-2.004,2.004,0.0,0.0,0.0,0.0,3377.0,-3.697154027885167e+19,0.0,0.0,-0.0,-0.0,0.0,0.0,0.0,0.0,0.0,0,-0.0,-0.0,0.0,0.0,0.0,0.0,0.0,0.0,0.0,0,0,0,0.0,0.0,0.0,0.0,0.0,0.0,0.0,0.0,0.0,0.0,0.0,0.0,0.0,0.0,0.0,0.0,0,-107875648.0,0,0.0,0,-107875648.0,-107877712.0,0,26215,17039,52429,17053,52429,17037,0,0,0,110,100,100,2.7302334150594743e+23,64.0,0.0,64.9,-107615304.0,68.5,1,49,50,180,0,39322,0,0,0.0,0.0,0.0,0.0,-2.940555570897341e+22,65.0,0.0,-0.0,0.0,645,0,688,0,0,0,717,0,789,0,709,0,689,0,645,0,642,0,616,0.032,46137344.0,-2.004,0.0,39184,16788,-3.785561015021277e+22,-0.0,-17265936302080.0,-2.1496036985953925e+25,0.0,-462250213376.0,29.0,60.0,70,0.0,0.0,0.0,0.0,0.0,0.0,0.0,0.0,0.0,0.0,0.0,0.0,0.0,0.0,0.0,0.0,59.2,69,11,65508,41,65476,0,300,0,0,8,20529,65476,0,0,61604,60.0,0.0,0.0,0.0,0.0,0.0
2026-04-04T11:24:05,ERR,ERR,ERR,ERR,ERR,ERR,ERR,ERR,ERR,ERR,ERR,ERR,ERR,ERR,ERR,ERR,ERR,ERR,ERR,ERR,ERR,ERR,ERR,ERR,ERR,ERR,ERR,ERR,ERR,ERR,ERR,ERR,ERR,ERR,ERR,ERR,ERR,ERR,ERR,ERR,ERR,ERR,ERR,ERR,ERR,ERR,ERR,ERR,ERR,ERR,ERR,ERR,ERR,ERR,ERR,ERR,ERR,ERR,ERR,ERR,ERR,ERR,ERR,ERR,ERR,ERR,ERR,ERR,ERR,ERR,ERR,ERR,ERR,ERR,ERR,ERR,ERR,ERR,ERR,ERR,ERR,ERR,ERR,ERR,ERR,ERR,ERR,ERR,ERR,ERR,ERR,ERR,ERR,ERR,ERR,ERR,ERR,ERR,ERR,ERR,ERR,ERR,ERR,ERR,ERR,ERR,ERR,ERR,ERR,ERR,ERR,ERR,ERR,ERR,ERR,ERR,ERR,ERR,ERR,ERR,ERR,ERR,ERR,ERR,ERR,0.0,0.0,-101055584.0,0.0,0.0,0.0,0.0,nan,0,0,0,32768,0,0.0,0,0.0,0.0,0.0,0.0,0.0,0,0,0,0,0.0,0,0,0,0,0,0,0,0,0,0,0,0,0,0,0,0,0,0,0,0,0,0,0,0,0,0,0,0,0,0,0,0,0,0,0,0,0,0,0,0,0,0,0,0,0.0,0.0,0.0,0.0,0.0,0.0,0.0,0.0,0.0,0.0,0.0,0.0,0.0,0.0,0.0,0.0,0.0,0.0,0.0,0.0,0.0,0.0,-2.004,0.0,-2.004,2.004,0.0,0.0,0.0,0.0,3377.0,-3.697154027885167e+19,0.0,0.0,-0.0,-0.0,0.0,0.0,0.0,0.0,0.0,0,-0.0,-0.0,0.0,0.0,0.0,0.0,0.0,0.0,0.0,0,0,0,0.0,0.0,0.0,0.0,0.0,0.0,0.0,0.0,0.0,0.0,0.0,0.0,0.0,0.0,0.0,0.0,0,-107875648.0,0,0.0,0,-107875648.0,-107877712.0,0,26215,17039,52429,17053,52429,17037,0,0,0,110,100,100,2.7302334150594743e+23,64.0,0.0,64.9,-107615304.0,68.5,1,49,50,180,0,39322,0,0,0.0,0.0,0.0,0.0,-2.940555570897341e+22,65.0,0.0,-0.0,0.0,645,0,688,0,0,0,717,0,789,0,709,0,689,0,645,0,642,0,616,0.032,46137344.0,-2.004,0.0,39184,16788,-3.785561015021277e+22,-0.0,-17265936302080.0,-2.1496036985953925e+25,0.0,-462250213376.0,29.0,60.0,70,0.0,0.0,0.0,0.0,0.0,0.0,0.0,0.0,0.0,0.0,0.0,0.0,0.0,0.0,0.0,0.0,59.2,69,11,65508,41,65476,0,300,0,0,8,20529,65476,0,0,61604,60.0,0.0,0.0,0.0,0.0,0.0
2026-04-04T11:24:06,ERR,ERR,ERR,ERR,ERR,ERR,ERR,ERR,ERR,ERR,ERR,ERR,ERR,ERR,ERR,ERR,ERR,ERR,ERR,ERR,ERR,ERR,ERR,ERR,ERR,ERR,ERR,ERR,ERR,ERR,ERR,ERR,ERR,ERR,ERR,ERR,ERR,ERR,ERR,ERR,ERR,ERR,ERR,ERR,ERR,ERR,ERR,ERR,ERR,ERR,ERR,ERR,ERR,ERR,ERR,ERR,ERR,ERR,ERR,ERR,ERR,ERR,ERR,ERR,ERR,ERR,ERR,ERR,ERR,ERR,ERR,ERR,ERR,ERR,ERR,ERR,ERR,ERR,ERR,ERR,ERR,ERR,ERR,ERR,ERR,ERR,ERR,ERR,ERR,ERR,ERR,ERR,ERR,ERR,ERR,ERR,ERR,ERR,ERR,ERR,ERR,ERR,ERR,ERR,ERR,ERR,ERR,ERR,ERR,ERR,ERR,ERR,ERR,ERR,ERR,ERR,ERR,ERR,ERR,ERR,ERR,ERR,ERR,ERR,ERR,0.0,0.0,-101055584.0,0.0,0.0,0.0,0.0,nan,0,0,0,32768,0,0.0,0,0.0,0.0,0.0,0.0,0.0,0,0,0,0,0.0,0,0,0,0,0,0,0,0,0,0,0,0,0,0,0,0,0,0,0,0,0,0,0,0,0,0,0,0,0,0,0,0,0,0,0,0,0,0,0,0,0,0,0,0,0.0,0.0,0.0,0.0,0.0,0.0,0.0,0.0,0.0,0.0,0.0,0.0,0.0,0.0,0.0,0.0,0.0,0.0,0.0,0.0,0.0,0.0,-2.004,0.0,-2.004,2.004,0.0,0.0,0.0,0.0,3377.0,-3.697154027885167e+19,0.0,0.0,-0.0,-0.0,0.0,0.0,0.0,0.0,0.0,0,-0.0,-0.0,0.0,0.0,0.0,0.0,0.0,0.0,0.0,0,0,0,0.0,0.0,0.0,0.0,0.0,0.0,0.0,0.0,0.0,0.0,0.0,0.0,0.0,0.0,0.0,0.0,0,-107875648.0,0,0.0,0,-107875648.0,-107877712.0,0,26215,17039,52429,17053,52429,17037,0,0,0,110,100,100,2.7302334150594743e+23,64.0,0.0,64.9,-107615304.0,68.5,1,49,50,180,0,39322,0,0,0.0,0.0,0.0,0.0,-2.940555570897341e+22,65.0,0.0,-0.0,0.0,645,0,688,0,0,0,717,0,789,0,709,0,689,0,645,0,642,0,616,0.032,46137344.0,-2.004,0.0,39184,16788,-3.785561015021277e+22,-0.0,-17265936302080.0,-2.1496036985953925e+25,0.0,-462250213376.0,29.0,60.0,70,0.0,0.0,0.0,0.0,0.0,0.0,0.0,0.0,0.0,0.0,0.0,0.0,0.0,0.0,0.0,0.0,59.6,69,11,65508,41,65476,0,300,0,0,8,20529,65476,0,0,61604,60.0,0.0,0.0,0.0,0.0,0.0
2026-04-04T11:24:07,ERR,ERR,ERR,ERR,ERR,ERR,ERR,ERR,ERR,ERR,ERR,ERR,ERR,ERR,ERR,ERR,ERR,ERR,ERR,ERR,ERR,ERR,ERR,ERR,ERR,ERR,ERR,ERR,ERR,ERR,ERR,ERR,ERR,ERR,ERR,ERR,ERR,ERR,ERR,ERR,ERR,ERR,ERR,ERR,ERR,ERR,ERR,ERR,ERR,ERR,ERR,ERR,ERR,ERR,ERR,ERR,ERR,ERR,ERR,ERR,ERR,ERR,ERR,ERR,ERR,ERR,ERR,ERR,ERR,ERR,ERR,ERR,ERR,ERR,ERR,ERR,ERR,ERR,ERR,ERR,ERR,ERR,ERR,ERR,ERR,ERR,ERR,ERR,ERR,ERR,ERR,ERR,ERR,ERR,ERR,ERR,ERR,ERR,ERR,ERR,ERR,ERR,ERR,ERR,ERR,ERR,ERR,ERR,ERR,ERR,ERR,ERR,ERR,ERR,ERR,ERR,ERR,ERR,ERR,ERR,ERR,ERR,ERR,ERR,ERR,0.0,0.0,-101055584.0,0.0,0.0,0.0,0.0,nan,0,0,0,32768,0,0.0,0,0.0,0.0,0.0,0.0,0.0,0,0,0,0,0.0,0,0,0,0,0,0,0,0,0,0,0,0,0,0,0,0,0,0,0,0,0,0,0,0,0,0,0,0,0,0,0,0,0,0,0,0,0,0,0,0,0,0,0,0,0.0,0.0,0.0,0.0,0.0,0.0,0.0,0.0,0.0,0.0,0.0,0.0,0.0,0.0,0.0,0.0,0.0,0.0,0.0,0.0,0.0,0.0,-2.004,-2.004,-2.004,2.004,0.0,0.0,0.0,0.0,3376.5,-1.5879155638041463e+29,0.0,0.0,0.0,-0.0,0.0,0.0,0.0,0.0,0.0,0,-0.0,-0.0,0.0,0.0,0.0,0.0,0.0,0.0,0.0,0,0,0,0.0,0.0,0.0,0.0,0.0,0.0,0.0,0.0,0.0,0.0,0.0,0.0,0.0,0.0,0.0,0.0,0,-107875648.0,0,0.0,0,-107875648.0,-107877712.0,0,26215,17039,52429,17053,52429,17037,0,0,0,110,100,100,2.7302334150594743e+23,64.0,0.0,64.9,-107615304.0,68.5,1,49,50,180,0,39322,0,0,0.0,0.0,0.0,0.0,-2.940555570897341e+22,65.0,0.0,-0.0,0.0,645,0,688,0,0,0,717,0,789,0,709,0,689,0,645,0,642,0,616,0.032,46137344.0,-2.004,0.0,39184,16788,-3.785561015021277e+22,-0.0,-17265936302080.0,-2.1496036985953925e+25,0.0,-462250213376.0,29.0,60.0,70,0.0,0.0,0.0,0.0,0.0,0.0,0.0,0.0,0.0,0.0,0.0,0.0,0.0,0.0,0.0,0.0,59.6,69,11,65508,41,65476,0,300,0,0,8,20529,65476,0,0,61604,60.0,0.0,0.0,0.0,0.0,0.0
2026-04-04T11:24:08,ERR,ERR,ERR,ERR,ERR,ERR,ERR,ERR,ERR,ERR,ERR,ERR,ERR,ERR,ERR,ERR,ERR,ERR,ERR,ERR,ERR,ERR,ERR,ERR,ERR,ERR,ERR,ERR,ERR,ERR,ERR,ERR,ERR,ERR,ERR,ERR,ERR,ERR,ERR,ERR,ERR,ERR,ERR,ERR,ERR,ERR,ERR,ERR,ERR,ERR,ERR,ERR,ERR,ERR,ERR,ERR,ERR,ERR,ERR,ERR,ERR,ERR,ERR,ERR,ERR,ERR,ERR,ERR,ERR,ERR,ERR,ERR,ERR,ERR,ERR,ERR,ERR,ERR,ERR,ERR,ERR,ERR,ERR,ERR,ERR,ERR,ERR,ERR,ERR,ERR,ERR,ERR,ERR,ERR,ERR,ERR,ERR,ERR,ERR,ERR,ERR,ERR,ERR,ERR,ERR,ERR,ERR,ERR,ERR,ERR,ERR,ERR,ERR,ERR,ERR,ERR,ERR,ERR,ERR,ERR,ERR,ERR,ERR,ERR,ERR,0.0,0.0,-101055584.0,0.0,0.0,0.0,0.0,nan,0,0,0,32768,0,0.0,0,0.0,0.0,0.0,0.0,0.0,0,0,0,0,0.0,0,0,0,0,0,0,0,0,0,0,0,0,0,0,0,0,0,0,0,0,0,0,0,0,0,0,0,0,0,0,0,0,0,0,0,0,0,0,0,0,0,0,0,0,0.0,0.0,0.0,0.0,0.0,0.0,0.0,0.0,0.0,0.0,0.0,0.0,0.0,0.0,0.0,0.0,0.0,0.0,0.0,0.0,0.0,0.0,-2.004,-2.004,-2.004,2.004,0.0,0.0,0.0,0.0,3376.5,-1.5879155638041463e+29,0.0,0.0,0.0,-0.0,0.0,0.0,0.0,0.0,0.0,0,-0.0,-0.0,0.0,0.0,0.0,0.0,0.0,0.0,0.0,0,0,0,0.0,0.0,0.0,0.0,0.0,0.0,0.0,0.0,0.0,0.0,0.0,0.0,0.0,0.0,0.0,0.0,0,-107875648.0,0,0.0,0,-107875648.0,-107877712.0,0,26215,17039,52429,17053,52429,17037,0,0,0,110,100,100,2.7302334150594743e+23,64.0,0.0,64.9,-107615304.0,68.5,1,49,50,180,0,39322,0,0,0.0,0.0,0.0,0.0,-2.940555570897341e+22,65.0,0.0,-0.0,0.0,645,0,688,0,0,0,717,0,789,0,709,0,689,0,645,0,642,0,616,0.032,46137344.0,-2.004,0.0,39184,16788,-3.785561015021277e+22,-0.0,-17265936302080.0,-2.1496036985953925e+25,0.0,-462250213376.0,29.0,60.0,70,0.0,0.0,0.0,0.0,0.0,0.0,0.0,0.0,0.0,0.0,0.0,0.0,0.0,0.0,0.0,0.0,59.2,69,11,65508,41,65476,0,300,0,0,8,20529,65476,0,0,61604,60.0,0.0,0.0,0.0,0.0,0.0
2026-04-04T11:24:09,ERR,ERR,ERR,ERR,ERR,ERR,ERR,ERR,ERR,ERR,ERR,ERR,ERR,ERR,ERR,ERR,ERR,ERR,ERR,ERR,ERR,ERR,ERR,ERR,ERR,ERR,ERR,ERR,ERR,ERR,ERR,ERR,ERR,ERR,ERR,ERR,ERR,ERR,ERR,ERR,ERR,ERR,ERR,ERR,ERR,ERR,ERR,ERR,ERR,ERR,ERR,ERR,ERR,ERR,ERR,ERR,ERR,ERR,ERR,ERR,ERR,ERR,ERR,ERR,ERR,ERR,ERR,ERR,ERR,ERR,ERR,ERR,ERR,ERR,ERR,ERR,ERR,ERR,ERR,ERR,ERR,ERR,ERR,ERR,ERR,ERR,ERR,ERR,ERR,ERR,ERR,ERR,ERR,ERR,ERR,ERR,ERR,ERR,ERR,ERR,ERR,ERR,ERR,ERR,ERR,ERR,ERR,ERR,ERR,ERR,ERR,ERR,ERR,ERR,ERR,ERR,ERR,ERR,ERR,ERR,ERR,ERR,ERR,ERR,ERR,0.0,0.0,-101055584.0,0.0,0.0,0.0,0.0,nan,0,0,0,32768,0,0.0,0,0.0,0.0,0.0,0.0,0.0,0,0,0,0,0.0,0,0,0,0,0,0,0,0,0,0,0,0,0,0,0,0,0,0,0,0,0,0,0,0,0,0,0,0,0,0,0,0,0,0,0,0,0,0,0,0,0,0,0,0,0.0,0.0,0.0,0.0,0.0,0.0,0.0,0.0,0.0,0.0,0.0,0.0,0.0,0.0,0.0,0.0,0.0,0.0,0.0,0.0,0.0,0.0,-2.004,-2.004,-2.004,2.004,0.0,0.0,0.0,0.0,3376.5,-1.5879155638041463e+29,0.0,0.0,0.0,-0.0,0.0,0.0,0.0,0.0,0.0,0,-0.0,-0.0,0.0,0.0,0.0,0.0,0.0,0.0,0.0,0,0,0,0.0,0.0,0.0,0.0,0.0,0.0,0.0,0.0,0.0,0.0,0.0,0.0,0.0,0.0,0.0,0.0,0,-107875648.0,0,0.0,0,-107875648.0,-107877712.0,0,26215,17039,52429,17053,52429,17037,0,0,0,110,100,100,2.7302334150594743e+23,64.0,0.0,64.9,-107615304.0,68.5,1,49,50,180,0,39322,0,0,0.0,0.0,0.0,0.0,-6.989398464889458e+25,65.0,0.0,0.0,0.0,645,0,688,0,0,0,717,0,789,0,709,0,689,0,645,0,642,0,616,0.032,48234496.0,-2.004,0.0,42128,16788,-5.503409300796042e+27,-1.7888269220346876e+36,0.001,1321603447128064.0,2.4396893375855735e+27,0.0,29.0,60.0,70,0.0,0.0,0.0,0.0,0.0,0.0,0.0,0.0,0.0,0.0,0.0,0.0,0.0,0.0,0.0,0.0,59.2,69,11,65508,41,65476,0,300,0,0,8,20529,65476,0,0,61604,60.0,0.0,0.0,0.0,0.0,0.0
2026-04-04T11:24:10,ERR,ERR,ERR,ERR,ERR,ERR,ERR,ERR,ERR,ERR,ERR,ERR,ERR,ERR,ERR,ERR,ERR,ERR,ERR,ERR,ERR,ERR,ERR,ERR,ERR,ERR,ERR,ERR,ERR,ERR,ERR,ERR,ERR,ERR,ERR,ERR,ERR,ERR,ERR,ERR,ERR,ERR,ERR,ERR,ERR,ERR,ERR,ERR,ERR,ERR,ERR,ERR,ERR,ERR,ERR,ERR,ERR,ERR,ERR,ERR,ERR,ERR,ERR,ERR,ERR,ERR,ERR,ERR,ERR,ERR,ERR,ERR,ERR,ERR,ERR,ERR,ERR,ERR,ERR,ERR,ERR,ERR,ERR,ERR,ERR,ERR,ERR,ERR,ERR,ERR,ERR,ERR,ERR,ERR,ERR,ERR,ERR,ERR,ERR,ERR,ERR,ERR,ERR,ERR,ERR,ERR,ERR,ERR,ERR,ERR,ERR,ERR,ERR,ERR,ERR,ERR,ERR,ERR,ERR,ERR,ERR,ERR,ERR,ERR,ERR,0.0,0.0,-101055584.0,0.0,0.0,0.0,0.0,nan,0,0,0,32768,0,0.0,0,0.0,0.0,0.0,0.0,0.0,0,0,0,0,0.0,0,0,0,0,0,0,0,0,0,0,0,0,0,0,0,0,0,0,0,0,0,0,0,0,0,0,0,0,0,0,0,0,0,0,0,0,0,0,0,0,0,0,0,0,0.0,0.0,0.0,0.0,0.0,0.0,0.0,0.0,0.0,0.0,0.0,0.0,0.0,0.0,0.0,0.0,0.0,0.0,0.0,0.0,0.0,0.0,-2.004,-2.004,-2.004,2.004,0.0,0.0,0.0,0.0,3376.5,-1.5879155638041463e+29,0.0,0.0,0.0,-0.0,0.0,0.0,0.0,0.0,0.0,0,-0.0,-0.0,0.0,0.0,0.0,0.0,0.0,0.0,0.0,0,0,0,0.0,0.0,0.0,0.0,0.0,0.0,0.0,0.0,0.0,0.0,0.0,0.0,0.0,0.0,0.0,0.0,0,-107875648.0,0,0.0,0,-107875648.0,-107877712.0,0,26215,17039,52429,17053,52429,17037,0,0,0,110,100,100,2.7302334150594743e+23,64.0,0.0,64.9,-107615304.0,68.5,1,49,50,180,0,39322,0,0,0.0,0.0,0.0,0.0,-6.989398464889458e+25,65.0,0.0,0.0,0.0,645,0,688,0,0,0,717,0,789,0,709,0,689,0,645,0,642,0,616,0.032,48234496.0,-2.004,0.0,42128,16788,-5.503409300796042e+27,-1.7888269220346876e+36,0.001,1321603447128064.0,2.4396893375855735e+27,0.0,29.0,60.0,70,0.0,0.0,0.0,0.0,0.0,0.0,0.0,0.0,0.0,0.0,0.0,0.0,0.0,0.0,0.0,0.0,59.2,69,11,65508,41,65476,0,300,0,0,8,20529,65476,0,0,61604,60.0,0.0,0.0,0.0,0.0,0.0
2026-04-04T11:24:11,ERR,ERR,ERR,ERR,ERR,ERR,ERR,ERR,ERR,ERR,ERR,ERR,ERR,ERR,ERR,ERR,ERR,ERR,ERR,ERR,ERR,ERR,ERR,ERR,ERR,ERR,ERR,ERR,ERR,ERR,ERR,ERR,ERR,ERR,ERR,ERR,ERR,ERR,ERR,ERR,ERR,ERR,ERR,ERR,ERR,ERR,ERR,ERR,ERR,ERR,ERR,ERR,ERR,ERR,ERR,ERR,ERR,ERR,ERR,ERR,ERR,ERR,ERR,ERR,ERR,ERR,ERR,ERR,ERR,ERR,ERR,ERR,ERR,ERR,ERR,ERR,ERR,ERR,ERR,ERR,ERR,ERR,ERR,ERR,ERR,ERR,ERR,ERR,ERR,ERR,ERR,ERR,ERR,ERR,ERR,ERR,ERR,ERR,ERR,ERR,ERR,ERR,ERR,ERR,ERR,ERR,ERR,ERR,ERR,ERR,ERR,ERR,ERR,ERR,ERR,ERR,ERR,ERR,ERR,ERR,ERR,ERR,ERR,ERR,ERR,0.0,0.0,-101055584.0,0.0,0.0,0.0,0.0,nan,0,0,0,32768,0,0.0,0,0.0,0.0,0.0,0.0,0.0,0,0,0,0,0.0,0,0,0,0,0,0,0,0,0,0,0,0,0,0,0,0,0,0,0,0,0,0,0,0,0,0,0,0,0,0,0,0,0,0,0,0,0,0,0,0,0,0,0,0,0.0,0.0,0.0,0.0,0.0,0.0,0.0,0.0,0.0,0.0,0.0,0.0,0.0,0.0,0.0,0.0,0.0,0.0,0.0,0.0,0.0,0.0,-2.004,-2.004,-2.004,2.004,0.0,0.0,0.0,0.0,3376.5,-1.5879155638041463e+29,0.0,0.0,0.0,-0.0,0.0,0.0,0.0,0.0,0.0,0,-0.0,-0.0,0.0,0.0,0.0,0.0,0.0,0.0,0.0,0,0,0,0.0,0.0,0.0,0.0,0.0,0.0,0.0,0.0,0.0,0.0,0.0,0.0,0.0,0.0,0.0,0.0,0,-107875648.0,0,0.0,0,-107875648.0,-107877712.0,0,26215,17039,52429,17053,52429,17037,0,0,0,110,100,100,2.7302334150594743e+23,64.0,0.0,64.9,-107615304.0,68.5,1,49,50,180,0,39322,0,0,0.0,0.0,0.0,0.0,-6.989398464889458e+25,65.0,0.0,0.0,0.0,645,0,688,0,0,0,717,0,789,0,709,0,689,0,645,0,642,0,616,0.032,48234496.0,-2.004,0.0,42128,16788,-5.503409300796042e+27,-1.7888269220346876e+36,0.001,1321603447128064.0,2.4396893375855735e+27,0.0,29.0,60.0,70,0.0,0.0,0.0,0.0,0.0,0.0,0.0,0.0,0.0,0.0,0.0,0.0,0.0,0.0,0.0,0.0,59.2,69,11,65508,41,65476,0,300,0,0,8,20529,65476,0,0,61604,60.0,0.0,0.0,0.0,0.0,0.0
2026-04-04T11:24:12,ERR,ERR,ERR,ERR,ERR,ERR,ERR,ERR,ERR,ERR,ERR,ERR,ERR,ERR,ERR,ERR,ERR,ERR,ERR,ERR,ERR,ERR,ERR,ERR,ERR,ERR,ERR,ERR,ERR,ERR,ERR,ERR,ERR,ERR,ERR,ERR,ERR,ERR,ERR,ERR,ERR,ERR,ERR,ERR,ERR,ERR,ERR,ERR,ERR,ERR,ERR,ERR,ERR,ERR,ERR,ERR,ERR,ERR,ERR,ERR,ERR,ERR,ERR,ERR,ERR,ERR,ERR,ERR,ERR,ERR,ERR,ERR,ERR,ERR,ERR,ERR,ERR,ERR,ERR,ERR,ERR,ERR,ERR,ERR,ERR,ERR,ERR,ERR,ERR,ERR,ERR,ERR,ERR,ERR,ERR,ERR,ERR,ERR,ERR,ERR,ERR,ERR,ERR,ERR,ERR,ERR,ERR,ERR,ERR,ERR,ERR,ERR,ERR,ERR,ERR,ERR,ERR,ERR,ERR,ERR,ERR,ERR,ERR,ERR,ERR,0.0,0.0,-101055584.0,0.0,0.0,0.0,0.0,nan,0,0,0,32768,0,0.0,0,0.0,0.0,0.0,0.0,0.0,0,0,0,0,0.0,0,0,0,0,0,0,0,0,0,0,0,0,0,0,0,0,0,0,0,0,0,0,0,0,0,0,0,0,0,0,0,0,0,0,0,0,0,0,0,0,0,0,0,0,0.0,0.0,0.0,0.0,0.0,0.0,0.0,0.0,0.0,0.0,0.0,0.0,0.0,0.0,0.0,0.0,0.0,0.0,0.0,0.0,0.0,0.0,-2.004,-2.004,-2.004,2.004,0.0,0.0,0.0,0.0,3376.5,-1.5879155638041463e+29,0.0,0.0,0.0,-0.0,0.0,0.0,0.0,0.0,0.0,0,-0.0,-0.0,0.0,0.0,0.0,0.0,0.0,0.0,0.0,0,0,0,0.0,0.0,0.0,0.0,0.0,0.0,0.0,0.0,0.0,0.0,0.0,0.0,0.0,0.0,0.0,0.0,0,-107875648.0,0,0.0,0,-107875648.0,-107877712.0,0,26215,17039,52429,17053,52429,17037,0,0,0,110,100,100,2.7302334150594743e+23,64.0,0.0,64.9,-107615304.0,68.5,1,49,50,180,0,39322,0,0,0.0,0.0,0.0,0.0,-6.989398464889458e+25,65.0,0.0,0.0,0.0,645,0,688,0,0,0,717,0,789,0,709,0,689,0,645,0,642,0,616,0.032,48234496.0,-2.004,0.0,42128,16788,-5.503409300796042e+27,-1.7888269220346876e+36,0.001,1321603447128064.0,2.4396893375855735e+27,0.0,29.0,60.0,70,0.0,0.0,0.0,0.0,0.0,0.0,0.0,0.0,0.0,0.0,0.0,0.0,0.0,0.0,0.0,0.0,59.2,69,11,65508,41,65476,0,300,0,0,8,20529,65476,0,0,61604,60.0,0.0,0.0,0.0,0.0,0.0
2026-04-04T11:24:13,ERR,ERR,ERR,ERR,ERR,ERR,ERR,ERR,ERR,ERR,ERR,ERR,ERR,ERR,ERR,ERR,ERR,ERR,ERR,ERR,ERR,ERR,ERR,ERR,ERR,ERR,ERR,ERR,ERR,ERR,ERR,ERR,ERR,ERR,ERR,ERR,ERR,ERR,ERR,ERR,ERR,ERR,ERR,ERR,ERR,ERR,ERR,ERR,ERR,ERR,ERR,ERR,ERR,ERR,ERR,ERR,ERR,ERR,ERR,ERR,ERR,ERR,ERR,ERR,ERR,ERR,ERR,ERR,ERR,ERR,ERR,ERR,ERR,ERR,ERR,ERR,ERR,ERR,ERR,ERR,ERR,ERR,ERR,ERR,ERR,ERR,ERR,ERR,ERR,ERR,ERR,ERR,ERR,ERR,ERR,ERR,ERR,ERR,ERR,ERR,ERR,ERR,ERR,ERR,ERR,ERR,ERR,ERR,ERR,ERR,ERR,ERR,ERR,ERR,ERR,ERR,ERR,ERR,ERR,ERR,ERR,ERR,ERR,ERR,ERR,0.0,0.0,-101055584.0,0.0,0.0,0.0,0.0,nan,0,0,0,32768,0,0.0,0,0.0,0.0,0.0,0.0,0.0,0,0,0,0,0.0,0,0,0,0,0,0,0,0,0,0,0,0,0,0,0,0,0,0,0,0,0,0,0,0,0,0,0,0,0,0,0,0,0,0,0,0,0,0,0,0,0,0,0,0,0.0,0.0,0.0,0.0,0.0,0.0,0.0,0.0,0.0,0.0,0.0,0.0,0.0,0.0,0.0,0.0,0.0,0.0,0.0,0.0,0.0,0.0,-2.004,-2.004,-2.004,2.004,0.0,0.0,0.0,0.0,3376.5,-1.5879155638041463e+29,0.0,0.0,0.0,-0.0,0.0,0.0,0.0,0.0,0.0,0,-0.0,-0.0,0.0,0.0,0.0,0.0,0.0,0.0,0.0,0,0,0,0.0,0.0,0.0,0.0,0.0,0.0,0.0,0.0,0.0,0.0,0.0,0.0,0.0,0.0,0.0,0.0,0,-107875648.0,0,0.0,0,-107875648.0,-107877712.0,0,26215,17039,52429,17053,52429,17037,0,0,0,110,100,100,2.7302334150594743e+23,64.0,0.0,64.9,-107615304.0,68.5,1,49,50,180,0,39322,0,0,0.0,0.0,0.0,0.0,-6.989398464889458e+25,65.0,0.0,0.0,0.0,645,0,688,0,0,0,717,0,789,0,709,0,689,0,645,0,642,0,616,0.032,48234496.0,-2.004,0.0,42128,16788,-5.503409300796042e+27,-1.7888269220346876e+36,0.001,1321603447128064.0,2.4396893375855735e+27,0.0,29.0,60.0,70,0.0,0.0,0.0,0.0,0.0,0.0,0.0,0.0,0.0,0.0,0.0,0.0,0.0,0.0,0.0,0.0,59.6,69,11,65508,41,65476,0,300,0,0,8,20529,65476,0,0,61604,60.0,0.0,0.0,0.0,0.0,0.0
2026-04-04T11:24:14,ERR,ERR,ERR,ERR,ERR,ERR,ERR,ERR,ERR,ERR,ERR,ERR,ERR,ERR,ERR,ERR,ERR,ERR,ERR,ERR,ERR,ERR,ERR,ERR,ERR,ERR,ERR,ERR,ERR,ERR,ERR,ERR,ERR,ERR,ERR,ERR,ERR,ERR,ERR,ERR,ERR,ERR,ERR,ERR,ERR,ERR,ERR,ERR,ERR,ERR,ERR,ERR,ERR,ERR,ERR,ERR,ERR,ERR,ERR,ERR,ERR,ERR,ERR,ERR,ERR,ERR,ERR,ERR,ERR,ERR,ERR,ERR,ERR,ERR,ERR,ERR,ERR,ERR,ERR,ERR,ERR,ERR,ERR,ERR,ERR,ERR,ERR,ERR,ERR,ERR,ERR,ERR,ERR,ERR,ERR,ERR,ERR,ERR,ERR,ERR,ERR,ERR,ERR,ERR,ERR,ERR,ERR,ERR,ERR,ERR,ERR,ERR,ERR,ERR,ERR,ERR,ERR,ERR,ERR,ERR,ERR,ERR,ERR,ERR,ERR,0.0,0.0,-101055584.0,0.0,0.0,0.0,0.0,nan,0,0,0,32768,0,0.0,0,0.0,0.0,0.0,0.0,0.0,0,0,0,0,0.0,0,0,0,0,0,0,0,0,0,0,0,0,0,0,0,0,0,0,0,0,0,0,0,0,0,0,0,0,0,0,0,0,0,0,0,0,0,0,0,0,0,0,0,0,0.0,0.0,0.0,0.0,0.0,0.0,0.0,0.0,0.0,0.0,0.0,0.0,0.0,0.0,0.0,0.0,0.0,0.0,0.0,0.0,0.0,0.0,-2.004,0.0,-2.004,2.004,0.0,0.0,0.0,0.0,3392.5,0.0,0.0,0.0,0.0,-0.0,0.0,0.0,0.0,0.0,0.0,0,-0.0,-107614264.0,0.0,0.0,0.0,0.0,0.0,0.0,0.0,0,0,0,0.0,0.0,0.0,0.0,0.0,0.0,0.0,0.0,0.0,0.0,0.0,0.0,0.0,0.0,0.0,0.0,0,-107875648.0,0,0.0,0,-107875648.0,-107877712.0,0,26215,17039,52429,17053,52429,17037,0,0,0,110,100,100,2.7302334150594743e+23,64.0,0.0,64.9,-107615304.0,68.5,1,49,50,180,0,39322,0,0,0.0,0.0,0.0,0.0,-84805219778560.0,65.0,0.0,-8.734506455247498e+32,0.0,645,0,688,0,0,0,717,0,789,0,709,0,689,0,645,0,642,0,616,0.032,55836672.0,0.0,2.7302316136196234e+23,22672,16788,-84805219778560.0,-8.734506455247498e+32,-2.456637142459296e+35,1.4450356121389773e+25,92.129,-1.2456897260257583e+29,29.0,60.0,70,0.0,0.0,0.0,0.0,0.0,0.0,0.0,0.0,0.0,0.0,0.0,0.0,0.0,0.0,0.0,0.0,59.6,69,11,65508,41,65476,0,300,0,0,8,20529,65476,0,0,61604,60.0,0.0,0.0,0.0,0.0,0.0
2026-04-04T11:24:15,ERR,ERR,ERR,ERR,ERR,ERR,ERR,ERR,ERR,ERR,ERR,ERR,ERR,ERR,ERR,ERR,ERR,ERR,ERR,ERR,ERR,ERR,ERR,ERR,ERR,ERR,ERR,ERR,ERR,ERR,ERR,ERR,ERR,ERR,ERR,ERR,ERR,ERR,ERR,ERR,ERR,ERR,ERR,ERR,ERR,ERR,ERR,ERR,ERR,ERR,ERR,ERR,ERR,ERR,ERR,ERR,ERR,ERR,ERR,ERR,ERR,ERR,ERR,ERR,ERR,ERR,ERR,ERR,ERR,ERR,ERR,ERR,ERR,ERR,ERR,ERR,ERR,ERR,ERR,ERR,ERR,ERR,ERR,ERR,ERR,ERR,ERR,ERR,ERR,ERR,ERR,ERR,ERR,ERR,ERR,ERR,ERR,ERR,ERR,ERR,ERR,ERR,ERR,ERR,ERR,ERR,ERR,ERR,ERR,ERR,ERR,ERR,ERR,ERR,ERR,ERR,ERR,ERR,ERR,ERR,ERR,ERR,ERR,ERR,ERR,0.0,0.0,-101055584.0,0.0,0.0,0.0,0.0,nan,0,0,0,32768,0,0.0,0,0.0,0.0,0.0,0.0,0.0,0,0,0,0,0.0,0,0,0,0,0,0,0,0,0,0,0,0,0,0,0,0,0,0,0,0,0,0,0,0,0,0,0,0,0,0,0,0,0,0,0,0,0,0,0,0,0,0,0,0,0.0,0.0,0.0,0.0,0.0,0.0,0.0,0.0,0.0,0.0,0.0,0.0,0.0,0.0,0.0,0.0,0.0,0.0,0.0,0.0,0.0,0.0,-2.004,0.0,-2.004,2.004,0.0,0.0,0.0,0.0,3392.5,0.0,0.0,0.0,0.0,-0.0,0.0,0.0,0.0,0.0,0.0,0,-0.0,-107614264.0,0.0,0.0,0.0,0.0,0.0,0.0,0.0,0,0,0,0.0,0.0,0.0,0.0,0.0,0.0,0.0,0.0,0.0,0.0,0.0,0.0,0.0,0.0,0.0,0.0,0,-107875648.0,0,0.0,0,-107875648.0,-107877712.0,0,26215,17039,52429,17053,52429,17037,0,0,0,110,100,100,2.7302334150594743e+23,64.0,0.0,64.9,-107615304.0,68.5,1,49,50,180,0,39322,0,0,0.0,0.0,0.0,0.0,-84805219778560.0,65.0,0.0,-8.734506455247498e+32,0.0,645,0,688,0,0,0,717,0,789,0,709,0,689,0,645,0,642,0,616,0.032,55836672.0,0.0,2.7302316136196234e+23,22672,16788,-84805219778560.0,-8.734506455247498e+32,-2.456637142459296e+35,1.4450356121389773e+25,92.129,-1.2456897260257583e+29,29.0,60.0,70,0.0,0.0,0.0,0.0,0.0,0.0,0.0,0.0,0.0,0.0,0.0,0.0,0.0,0.0,0.0,0.0,59.6,69,11,65508,41,65476,0,300,0,0,8,20529,65476,0,0,61604,60.0,0.0,0.0,0.0,0.0,0.0
2026-04-04T11:24:16,ERR,ERR,ERR,ERR,ERR,ERR,ERR,ERR,ERR,ERR,ERR,ERR,ERR,ERR,ERR,ERR,ERR,ERR,ERR,ERR,ERR,ERR,ERR,ERR,ERR,ERR,ERR,ERR,ERR,ERR,ERR,ERR,ERR,ERR,ERR,ERR,ERR,ERR,ERR,ERR,ERR,ERR,ERR,ERR,ERR,ERR,ERR,ERR,ERR,ERR,ERR,ERR,ERR,ERR,ERR,ERR,ERR,ERR,ERR,ERR,ERR,ERR,ERR,ERR,ERR,ERR,ERR,ERR,ERR,ERR,ERR,ERR,ERR,ERR,ERR,ERR,ERR,ERR,ERR,ERR,ERR,ERR,ERR,ERR,ERR,ERR,ERR,ERR,ERR,ERR,ERR,ERR,ERR,ERR,ERR,ERR,ERR,ERR,ERR,ERR,ERR,ERR,ERR,ERR,ERR,ERR,ERR,ERR,ERR,ERR,ERR,ERR,ERR,ERR,ERR,ERR,ERR,ERR,ERR,ERR,ERR,ERR,ERR,ERR,ERR,0.0,0.0,-101055584.0,0.0,0.0,0.0,0.0,nan,0,0,0,32768,0,0.0,0,0.0,0.0,0.0,0.0,0.0,0,0,0,0,0.0,0,0,0,0,0,0,0,0,0,0,0,0,0,0,0,0,0,0,0,0,0,0,0,0,0,0,0,0,0,0,0,0,0,0,0,0,0,0,0,0,0,0,0,0,0.0,0.0,0.0,0.0,0.0,0.0,0.0,0.0,0.0,0.0,0.0,0.0,0.0,0.0,0.0,0.0,0.0,0.0,0.0,0.0,0.0,0.0,-2.004,0.0,-2.004,2.004,0.0,0.0,0.0,0.0,3392.5,0.0,0.0,0.0,0.0,-0.0,0.0,0.0,0.0,0.0,0.0,0,-0.0,-107614264.0,0.0,0.0,0.0,0.0,0.0,0.0,0.0,0,0,0,0.0,0.0,0.0,0.0,0.0,0.0,0.0,0.0,0.0,0.0,0.0,0.0,0.0,0.0,0.0,0.0,0,-107875648.0,0,0.0,0,-107875648.0,-107877712.0,0,26215,17039,52429,17053,52429,17037,0,0,0,110,100,100,2.7302334150594743e+23,64.0,0.0,64.9,-107615304.0,68.5,1,49,50,180,0,39322,0,0,0.0,0.0,0.0,0.0,-84805219778560.0,65.0,0.0,-8.734506455247498e+32,0.0,645,0,688,0,0,0,717,0,789,0,709,0,689,0,645,0,642,0,616,0.032,55836672.0,0.0,2.7302316136196234e+23,22672,16788,-84805219778560.0,-8.734506455247498e+32,-2.456637142459296e+35,1.4450356121389773e+25,92.129,-1.2456897260257583e+29,29.0,60.0,70,0.0,0.0,0.0,0.0,0.0,0.0,0.0,0.0,0.0,0.0,0.0,0.0,0.0,0.0,0.0,0.0,59.2,69,11,65508,41,65476,0,300,0,0,8,20529,65476,0,0,61604,60.0,0.0,0.0,0.0,0.0,0.0
2026-04-04T11:24:17,ERR,ERR,ERR,ERR,ERR,ERR,ERR,ERR,ERR,ERR,ERR,ERR,ERR,ERR,ERR,ERR,ERR,ERR,ERR,ERR,ERR,ERR,ERR,ERR,ERR,ERR,ERR,ERR,ERR,ERR,ERR,ERR,ERR,ERR,ERR,ERR,ERR,ERR,ERR,ERR,ERR,ERR,ERR,ERR,ERR,ERR,ERR,ERR,ERR,ERR,ERR,ERR,ERR,ERR,ERR,ERR,ERR,ERR,ERR,ERR,ERR,ERR,ERR,ERR,ERR,ERR,ERR,ERR,ERR,ERR,ERR,ERR,ERR,ERR,ERR,ERR,ERR,ERR,ERR,ERR,ERR,ERR,ERR,ERR,ERR,ERR,ERR,ERR,ERR,ERR,ERR,ERR,ERR,ERR,ERR,ERR,ERR,ERR,ERR,ERR,ERR,ERR,ERR,ERR,ERR,ERR,ERR,ERR,ERR,ERR,ERR,ERR,ERR,ERR,ERR,ERR,ERR,ERR,ERR,ERR,ERR,ERR,ERR,ERR,ERR,0.0,0.0,-101055584.0,0.0,0.0,0.0,0.0,nan,0,0,0,32768,0,0.0,0,0.0,0.0,0.0,0.0,0.0,0,0,0,0,0.0,0,0,0,0,0,0,0,0,0,0,0,0,0,0,0,0,0,0,0,0,0,0,0,0,0,0,0,0,0,0,0,0,0,0,0,0,0,0,0,0,0,0,0,0,0.0,0.0,0.0,0.0,0.0,0.0,0.0,0.0,0.0,0.0,0.0,0.0,0.0,0.0,0.0,0.0,0.0,0.0,0.0,0.0,0.0,0.0,-2.004,0.0,-2.004,2.004,0.0,0.0,0.0,0.0,3392.5,0.0,0.0,0.0,0.0,-0.0,0.0,0.0,0.0,0.0,0.0,0,-0.0,-107614264.0,0.0,0.0,0.0,0.0,0.0,0.0,0.0,0,0,0,0.0,0.0,0.0,0.0,0.0,0.0,0.0,0.0,0.0,0.0,0.0,0.0,0.0,0.0,0.0,0.0,0,-107875648.0,0,0.0,0,-107875648.0,-107877712.0,0,26215,17039,52429,17053,52429,17037,0,0,0,110,100,100,2.7302334150594743e+23,64.0,0.0,64.9,-107615304.0,68.5,1,49,50,180,0,39322,0,0,0.0,0.0,0.0,0.0,-84805219778560.0,65.0,0.0,-8.734506455247498e+32,0.0,645,0,688,0,0,0,717,0,789,0,709,0,689,0,645,0,642,0,616,0.032,55836672.0,0.0,2.7302316136196234e+23,22672,16788,-84805219778560.0,-8.734506455247498e+32,-2.456637142459296e+35,1.4450356121389773e+25,92.129,-1.2456897260257583e+29,29.0,60.0,70,0.0,0.0,0.0,0.0,0.0,0.0,0.0,0.0,0.0,0.0,0.0,0.0,0.0,0.0,0.0,0.0,59.2,69,11,65508,41,65476,0,300,0,0,8,20529,65476,0,0,61604,60.0,0.0,0.0,0.0,0.0,0.0
2026-04-04T11:24:18,ERR,ERR,ERR,ERR,ERR,ERR,ERR,ERR,ERR,ERR,ERR,ERR,ERR,ERR,ERR,ERR,ERR,ERR,ERR,ERR,ERR,ERR,ERR,ERR,ERR,ERR,ERR,ERR,ERR,ERR,ERR,ERR,ERR,ERR,ERR,ERR,ERR,ERR,ERR,ERR,ERR,ERR,ERR,ERR,ERR,ERR,ERR,ERR,ERR,ERR,ERR,ERR,ERR,ERR,ERR,ERR,ERR,ERR,ERR,ERR,ERR,ERR,ERR,ERR,ERR,ERR,ERR,ERR,ERR,ERR,ERR,ERR,ERR,ERR,ERR,ERR,ERR,ERR,ERR,ERR,ERR,ERR,ERR,ERR,ERR,ERR,ERR,ERR,ERR,ERR,ERR,ERR,ERR,ERR,ERR,ERR,ERR,ERR,ERR,ERR,ERR,ERR,ERR,ERR,ERR,ERR,ERR,ERR,ERR,ERR,ERR,ERR,ERR,ERR,ERR,ERR,ERR,ERR,ERR,ERR,ERR,ERR,ERR,ERR,ERR,0.0,0.0,-101055584.0,0.0,0.0,0.0,0.0,nan,0,0,0,32768,0,0.0,0,0.0,0.0,0.0,0.0,0.0,0,0,0,0,0.0,0,0,0,0,0,0,0,0,0,0,0,0,0,0,0,0,0,0,0,0,0,0,0,0,0,0,0,0,0,0,0,0,0,0,0,0,0,0,0,0,0,0,0,0,0.0,0.0,0.0,0.0,0.0,0.0,0.0,0.0,0.0,0.0,0.0,0.0,0.0,0.0,0.0,0.0,0.0,0.0,0.0,0.0,0.0,0.0,-2.004,0.0,-2.004,2.004,0.0,0.0,0.0,0.0,3392.5,0.0,0.0,0.0,0.0,-0.0,0.0,0.0,0.0,0.0,0.0,0,-0.0,-107614264.0,0.0,0.0,0.0,0.0,0.0,0.0,0.0,0,0,0,0.0,0.0,0.0,0.0,0.0,0.0,0.0,0.0,0.0,0.0,0.0,0.0,0.0,0.0,0.0,0.0,0,-107875648.0,0,0.0,0,-107875648.0,-107877712.0,0,26215,17039,52429,17053,52429,17037,0,0,0,110,100,100,2.7302334150594743e+23,64.0,0.0,64.9,-107615304.0,68.5,1,49,50,180,0,39322,0,0,0.0,0.0,0.0,0.0,-84805219778560.0,65.0,0.0,-8.734506455247498e+32,0.0,645,0,688,0,0,0,717,0,789,0,709,0,689,0,645,0,642,0,616,0.032,55836672.0,0.0,2.7302316136196234e+23,22672,16788,-84805219778560.0,-8.734506455247498e+32,-2.456637142459296e+35,1.4450356121389773e+25,92.129,-1.2456897260257583e+29,29.0,60.0,70,0.0,0.0,0.0,0.0,0.0,0.0,0.0,0.0,0.0,0.0,0.0,0.0,0.0,0.0,0.0,0.0,59.2,69,11,65508,41,65476,0,300,0,0,8,20529,65476,0,0,61604,60.0,0.0,0.0,0.0,0.0,0.0
2026-04-04T11:24:19,ERR,ERR,ERR,ERR,ERR,ERR,ERR,ERR,ERR,ERR,ERR,ERR,ERR,ERR,ERR,ERR,ERR,ERR,ERR,ERR,ERR,ERR,ERR,ERR,ERR,ERR,ERR,ERR,ERR,ERR,ERR,ERR,ERR,ERR,ERR,ERR,ERR,ERR,ERR,ERR,ERR,ERR,ERR,ERR,ERR,ERR,ERR,ERR,ERR,ERR,ERR,ERR,ERR,ERR,ERR,ERR,ERR,ERR,ERR,ERR,ERR,ERR,ERR,ERR,ERR,ERR,ERR,ERR,ERR,ERR,ERR,ERR,ERR,ERR,ERR,ERR,ERR,ERR,ERR,ERR,ERR,ERR,ERR,ERR,ERR,ERR,ERR,ERR,ERR,ERR,ERR,ERR,ERR,ERR,ERR,ERR,ERR,ERR,ERR,ERR,ERR,ERR,ERR,ERR,ERR,ERR,ERR,ERR,ERR,ERR,ERR,ERR,ERR,ERR,ERR,ERR,ERR,ERR,ERR,ERR,ERR,ERR,ERR,ERR,ERR,0.0,0.0,-101055584.0,0.0,0.0,0.0,0.0,nan,0,0,0,32768,0,0.0,0,0.0,0.0,0.0,0.0,0.0,0,0,0,0,0.0,0,0,0,0,0,0,0,0,0,0,0,0,0,0,0,0,0,0,0,0,0,0,0,0,0,0,0,0,0,0,0,0,0,0,0,0,0,0,0,0,0,0,0,0,0.0,0.0,0.0,0.0,0.0,0.0,0.0,0.0,0.0,0.0,0.0,0.0,0.0,0.0,0.0,0.0,0.0,0.0,0.0,0.0,0.0,0.0,-2.004,0.0,-2.004,2.004,0.0,0.0,0.0,0.0,3392.5,0.0,0.0,0.0,0.0,-0.0,0.0,0.0,0.0,0.0,0.0,0,-0.0,-107614264.0,0.0,0.0,0.0,0.0,0.0,0.0,0.0,0,0,0,0.0,0.0,0.0,0.0,0.0,0.0,0.0,0.0,0.0,0.0,0.0,0.0,0.0,0.0,0.0,0.0,0,-107875648.0,0,0.0,0,-107875648.0,-107877712.0,0,26215,17039,52429,17053,52429,17037,0,0,0,110,100,100,2.7302334150594743e+23,64.0,0.0,64.9,-107615304.0,68.5,1,49,50,180,0,39322,0,0,0.0,0.0,0.0,0.0,-84805219778560.0,65.0,0.0,-8.734506455247498e+32,0.0,645,0,688,0,0,0,717,0,789,0,709,0,689,0,645,0,642,0,616,0.032,55836672.0,0.0,2.7302316136196234e+23,22672,16788,-84805219778560.0,-8.734506455247498e+32,-2.456637142459296e+35,1.4450356121389773e+25,92.129,-1.2456897260257583e+29,29.0,60.0,70,0.0,0.0,0.0,0.0,0.0,0.0,0.0,0.0,0.0,0.0,0.0,0.0,0.0,0.0,0.0,0.0,59.2,69,11,65508,41,65476,0,300,0,0,8,20529,65476,0,0,61604,60.0,0.0,0.0,0.0,0.0,0.0
2026-04-04T11:24:20,ERR,ERR,ERR,ERR,ERR,ERR,ERR,ERR,ERR,ERR,ERR,ERR,ERR,ERR,ERR,ERR,ERR,ERR,ERR,ERR,ERR,ERR,ERR,ERR,ERR,ERR,ERR,ERR,ERR,ERR,ERR,ERR,ERR,ERR,ERR,ERR,ERR,ERR,ERR,ERR,ERR,ERR,ERR,ERR,ERR,ERR,ERR,ERR,ERR,ERR,ERR,ERR,ERR,ERR,ERR,ERR,ERR,ERR,ERR,ERR,ERR,ERR,ERR,ERR,ERR,ERR,ERR,ERR,ERR,ERR,ERR,ERR,ERR,ERR,ERR,ERR,ERR,ERR,ERR,ERR,ERR,ERR,ERR,ERR,ERR,ERR,ERR,ERR,ERR,ERR,ERR,ERR,ERR,ERR,ERR,ERR,ERR,ERR,ERR,ERR,ERR,ERR,ERR,ERR,ERR,ERR,ERR,ERR,ERR,ERR,ERR,ERR,ERR,ERR,ERR,ERR,ERR,ERR,ERR,ERR,ERR,ERR,ERR,ERR,ERR,0.0,0.0,-101055584.0,0.0,0.0,0.0,0.0,nan,0,0,0,32768,0,0.0,0,0.0,0.0,0.0,0.0,0.0,0,0,0,0,0.0,0,0,0,0,0,0,0,0,0,0,0,0,0,0,0,0,0,0,0,0,0,0,0,0,0,0,0,0,0,0,0,0,0,0,0,0,0,0,0,0,0,0,0,0,0.0,0.0,0.0,0.0,0.0,0.0,0.0,0.0,0.0,0.0,0.0,0.0,0.0,0.0,0.0,0.0,0.0,0.0,0.0,0.0,0.0,0.0,-2.004,0.0,-2.004,2.004,0.0,0.0,0.0,0.0,3392.5,0.0,0.0,0.0,0.0,-0.0,0.0,0.0,0.0,0.0,0.0,0,-0.0,-107614264.0,0.0,0.0,0.0,0.0,0.0,0.0,0.0,0,0,0,0.0,0.0,0.0,0.0,0.0,0.0,0.0,0.0,0.0,0.0,0.0,0.0,0.0,0.0,0.0,0.0,0,-107875648.0,0,0.0,0,-107875648.0,-107877712.0,0,26215,17039,52429,17053,52429,17037,0,0,0,110,100,100,2.7302334150594743e+23,64.0,0.0,64.9,-107615304.0,68.5,1,49,50,180,0,39322,0,0,0.0,0.0,0.0,0.0,-1017091339583488.0,65.0,0.0,72835.984,0.0,645,0,688,0,0,0,717,0,789,0,709,0,689,0,645,0,642,0,616,0.032,40632320.0,0.0,2.7302316136196234e+23,47248,16788,-1.8578230820984586e+18,1.051049627863788e+30,6.368440497052058e+16,-0.0,-0.0,37.313,29.0,60.0,70,0.0,0.0,0.0,0.0,0.0,0.0,0.0,0.0,0.0,0.0,0.0,0.0,0.0,0.0,0.0,0.0,59.2,69,11,65508,41,65476,0,300,0,0,8,20529,65476,0,0,61604,60.0,0.0,0.0,0.0,0.0,0.0
2026-04-04T11:24:21,ERR,ERR,ERR,ERR,ERR,ERR,ERR,ERR,ERR,ERR,ERR,ERR,ERR,ERR,ERR,ERR,ERR,ERR,ERR,ERR,ERR,ERR,ERR,ERR,ERR,ERR,ERR,ERR,ERR,ERR,ERR,ERR,ERR,ERR,ERR,ERR,ERR,ERR,ERR,ERR,ERR,ERR,ERR,ERR,ERR,ERR,ERR,ERR,ERR,ERR,ERR,ERR,ERR,ERR,ERR,ERR,ERR,ERR,ERR,ERR,ERR,ERR,ERR,ERR,ERR,ERR,ERR,ERR,ERR,ERR,ERR,ERR,ERR,ERR,ERR,ERR,ERR,ERR,ERR,ERR,ERR,ERR,ERR,ERR,ERR,ERR,ERR,ERR,ERR,ERR,ERR,ERR,ERR,ERR,ERR,ERR,ERR,ERR,ERR,ERR,ERR,ERR,ERR,ERR,ERR,ERR,ERR,ERR,ERR,ERR,ERR,ERR,ERR,ERR,ERR,ERR,ERR,ERR,ERR,ERR,ERR,ERR,ERR,ERR,ERR,0.0,0.0,-101055584.0,0.0,0.0,0.0,0.0,nan,0,0,0,32768,0,0.0,0,0.0,0.0,0.0,0.0,0.0,0,0,0,0,0.0,0,0,0,0,0,0,0,0,0,0,0,0,0,0,0,0,0,0,0,0,0,0,0,0,0,0,0,0,0,0,0,0,0,0,0,0,0,0,0,0,0,0,0,0,0.0,0.0,0.0,0.0,0.0,0.0,0.0,0.0,0.0,0.0,0.0,0.0,0.0,0.0,0.0,0.0,0.0,0.0,0.0,0.0,0.0,0.0,-2.004,0.0,-2.004,2.004,0.0,0.0,0.0,0.0,3392.5,0.0,0.0,0.0,0.0,-0.0,0.0,0.0,0.0,0.0,0.0,0,-0.0,-107614264.0,0.0,0.0,0.0,0.0,0.0,0.0,0.0,0,0,0,0.0,0.0,0.0,0.0,0.0,0.0,0.0,0.0,0.0,0.0,0.0,0.0,0.0,0.0,0.0,0.0,0,-107875648.0,0,0.0,0,-107875648.0,-107877712.0,0,26215,17039,52429,17053,52429,17037,0,0,0,110,100,100,2.7302334150594743e+23,64.0,0.0,64.9,-107615304.0,68.5,1,49,50,180,0,39322,0,0,0.0,0.0,0.0,0.0,-1017091339583488.0,65.0,0.0,72835.984,0.0,645,0,688,0,0,0,717,0,789,0,709,0,689,0,645,0,642,0,616,0.032,40632320.0,0.0,2.7302316136196234e+23,47248,16788,-1.8578230820984586e+18,1.051049627863788e+30,6.368440497052058e+16,-0.0,-0.0,37.313,29.0,60.0,70,0.0,0.0,0.0,0.0,0.0,0.0,0.0,0.0,0.0,0.0,0.0,0.0,0.0,0.0,0.0,0.0,59.2,69,11,65508,41,65476,0,300,0,0,8,20529,65476,0,0,61604,60.0,0.0,0.0,0.0,0.0,0.0
2026-04-04T11:24:22,ERR,ERR,ERR,ERR,ERR,ERR,ERR,ERR,ERR,ERR,ERR,ERR,ERR,ERR,ERR,ERR,ERR,ERR,ERR,ERR,ERR,ERR,ERR,ERR,ERR,ERR,ERR,ERR,ERR,ERR,ERR,ERR,ERR,ERR,ERR,ERR,ERR,ERR,ERR,ERR,ERR,ERR,ERR,ERR,ERR,ERR,ERR,ERR,ERR,ERR,ERR,ERR,ERR,ERR,ERR,ERR,ERR,ERR,ERR,ERR,ERR,ERR,ERR,ERR,ERR,ERR,ERR,ERR,ERR,ERR,ERR,ERR,ERR,ERR,ERR,ERR,ERR,ERR,ERR,ERR,ERR,ERR,ERR,ERR,ERR,ERR,ERR,ERR,ERR,ERR,ERR,ERR,ERR,ERR,ERR,ERR,ERR,ERR,ERR,ERR,ERR,ERR,ERR,ERR,ERR,ERR,ERR,ERR,ERR,ERR,ERR,ERR,ERR,ERR,ERR,ERR,ERR,ERR,ERR,ERR,ERR,ERR,ERR,ERR,ERR,0.0,0.0,-101055584.0,0.0,0.0,0.0,0.0,nan,0,0,0,32768,0,0.0,0,0.0,0.0,0.0,0.0,0.0,0,0,0,0,0.0,0,0,0,0,0,0,0,0,0,0,0,0,0,0,0,0,0,0,0,0,0,0,0,0,0,0,0,0,0,0,0,0,0,0,0,0,0,0,0,0,0,0,0,0,0.0,0.0,0.0,0.0,0.0,0.0,0.0,0.0,0.0,0.0,0.0,0.0,0.0,0.0,0.0,0.0,0.0,0.0,0.0,0.0,0.0,0.0,-2.004,-2.004,-2.004,2.004,0.0,0.0,0.0,0.0,3394.0,0.0,0.0,0.0,0.0,-0.0,0.0,0.0,0.0,0.0,0.0,0,-0.0,-107614264.0,0.0,0.0,0.0,0.0,0.0,0.0,0.0,0,0,0,0.0,0.0,0.0,0.0,0.0,0.0,0.0,0.0,0.0,0.0,0.0,0.0,0.0,0.0,0.0,0.0,0,-107875648.0,0,0.0,0,-107875648.0,-107877712.0,0,26215,17039,52429,17053,52429,17037,0,0,0,110,100,100,2.7302334150594743e+23,64.0,0.0,64.9,-107615304.0,68.5,1,49,50,180,0,39322,0,0,0.0,0.0,0.0,0.0,-1017091339583488.0,65.0,0.0,72835.984,0.0,645,0,688,0,0,0,717,0,789,0,709,0,689,0,645,0,642,0,616,0.032,40632320.0,0.0,2.7302316136196234e+23,47248,16788,-1.8578230820984586e+18,1.051049627863788e+30,6.368440497052058e+16,-0.0,-0.0,37.313,29.0,60.0,70,0.0,0.0,0.0,0.0,0.0,0.0,0.0,0.0,0.0,0.0,0.0,0.0,0.0,0.0,0.0,0.0,59.2,69,11,65508,41,65476,0,300,0,0,8,20529,65476,0,0,61604,60.0,0.0,0.0,0.0,0.0,0.0
2026-04-04T11:24:23,ERR,ERR,ERR,ERR,ERR,ERR,ERR,ERR,ERR,ERR,ERR,ERR,ERR,ERR,ERR,ERR,ERR,ERR,ERR,ERR,ERR,ERR,ERR,ERR,ERR,ERR,ERR,ERR,ERR,ERR,ERR,ERR,ERR,ERR,ERR,ERR,ERR,ERR,ERR,ERR,ERR,ERR,ERR,ERR,ERR,ERR,ERR,ERR,ERR,ERR,ERR,ERR,ERR,ERR,ERR,ERR,ERR,ERR,ERR,ERR,ERR,ERR,ERR,ERR,ERR,ERR,ERR,ERR,ERR,ERR,ERR,ERR,ERR,ERR,ERR,ERR,ERR,ERR,ERR,ERR,ERR,ERR,ERR,ERR,ERR,ERR,ERR,ERR,ERR,ERR,ERR,ERR,ERR,ERR,ERR,ERR,ERR,ERR,ERR,ERR,ERR,ERR,ERR,ERR,ERR,ERR,ERR,ERR,ERR,ERR,ERR,ERR,ERR,ERR,ERR,ERR,ERR,ERR,ERR,ERR,ERR,ERR,ERR,ERR,ERR,0.0,0.0,-101055584.0,0.0,0.0,0.0,0.0,nan,0,0,0,32768,0,0.0,0,0.0,0.0,0.0,0.0,0.0,0,0,0,0,0.0,0,0,0,0,0,0,0,0,0,0,0,0,0,0,0,0,0,0,0,0,0,0,0,0,0,0,0,0,0,0,0,0,0,0,0,0,0,0,0,0,0,0,0,0,0.0,0.0,0.0,0.0,0.0,0.0,0.0,0.0,0.0,0.0,0.0,0.0,0.0,0.0,0.0,0.0,0.0,0.0,0.0,0.0,0.0,0.0,-2.004,-2.004,-2.004,2.004,0.0,0.0,0.0,0.0,3394.0,0.0,0.0,0.0,0.0,-0.0,0.0,0.0,0.0,0.0,0.0,0,-0.0,-107614264.0,0.0,0.0,0.0,0.0,0.0,0.0,0.0,0,0,0,0.0,0.0,0.0,0.0,0.0,0.0,0.0,0.0,0.0,0.0,0.0,0.0,0.0,0.0,0.0,0.0,0,-107875648.0,0,0.0,0,-107875648.0,-107877712.0,0,26215,17039,52429,17053,52429,17037,0,0,0,110,100,100,2.7302334150594743e+23,64.0,0.0,64.9,-107615304.0,68.5,1,49,50,180,0,39322,0,0,0.0,0.0,0.0,0.0,-1017091339583488.0,65.0,0.0,72835.984,0.0,645,0,688,0,0,0,717,0,789,0,709,0,689,0,645,0,642,0,616,0.032,40632320.0,0.0,2.7302316136196234e+23,47248,16788,-1.8578230820984586e+18,1.051049627863788e+30,6.368440497052058e+16,-0.0,-0.0,37.313,29.0,60.0,70,0.0,0.0,0.0,0.0,0.0,0.0,0.0,0.0,0.0,0.0,0.0,0.0,0.0,0.0,0.0,0.0,59.2,69,11,65508,41,65476,0,300,0,0,8,20529,65476,0,0,61604,60.0,0.0,0.0,0.0,0.0,0.0
2026-04-04T11:24:24,ERR,ERR,ERR,ERR,ERR,ERR,ERR,ERR,ERR,ERR,ERR,ERR,ERR,ERR,ERR,ERR,ERR,ERR,ERR,ERR,ERR,ERR,ERR,ERR,ERR,ERR,ERR,ERR,ERR,ERR,ERR,ERR,ERR,ERR,ERR,ERR,ERR,ERR,ERR,ERR,ERR,ERR,ERR,ERR,ERR,ERR,ERR,ERR,ERR,ERR,ERR,ERR,ERR,ERR,ERR,ERR,ERR,ERR,ERR,ERR,ERR,ERR,ERR,ERR,ERR,ERR,ERR,ERR,ERR,ERR,ERR,ERR,ERR,ERR,ERR,ERR,ERR,ERR,ERR,ERR,ERR,ERR,ERR,ERR,ERR,ERR,ERR,ERR,ERR,ERR,ERR,ERR,ERR,ERR,ERR,ERR,ERR,ERR,ERR,ERR,ERR,ERR,ERR,ERR,ERR,ERR,ERR,ERR,ERR,ERR,ERR,ERR,ERR,ERR,ERR,ERR,ERR,ERR,ERR,ERR,ERR,ERR,ERR,ERR,ERR,0.0,0.0,-101055584.0,0.0,0.0,0.0,0.0,nan,0,0,0,32768,0,0.0,0,0.0,0.0,0.0,0.0,0.0,0,0,0,0,0.0,0,0,0,0,0,0,0,0,0,0,0,0,0,0,0,0,0,0,0,0,0,0,0,0,0,0,0,0,0,0,0,0,0,0,0,0,0,0,0,0,0,0,0,0,0.0,0.0,0.0,0.0,0.0,0.0,0.0,0.0,0.0,0.0,0.0,0.0,0.0,0.0,0.0,0.0,0.0,0.0,0.0,0.0,0.0,0.0,-2.004,-2.004,-2.004,2.004,0.0,0.0,0.0,0.0,3394.0,0.0,0.0,0.0,0.0,-0.0,0.0,0.0,0.0,0.0,0.0,0,-0.0,-107614264.0,0.0,0.0,0.0,0.0,0.0,0.0,0.0,0,0,0,0.0,0.0,0.0,0.0,0.0,0.0,0.0,0.0,0.0,0.0,0.0,0.0,0.0,0.0,0.0,0.0,0,-107875648.0,0,0.0,0,-107875648.0,-107877712.0,0,26215,17039,52429,17053,52429,17037,0,0,0,110,100,100,2.7302334150594743e+23,64.0,0.0,64.9,-107615304.0,68.5,1,49,50,180,0,39322,0,0,0.0,0.0,0.0,0.0,-1017091339583488.0,65.0,0.0,72835.984,0.0,645,0,688,0,0,0,717,0,789,0,709,0,689,0,645,0,642,0,616,0.032,40632320.0,0.0,2.7302316136196234e+23,47248,16788,-1.8578230820984586e+18,1.051049627863788e+30,6.368440497052058e+16,-0.0,-0.0,37.313,29.0,60.0,70,0.0,0.0,0.0,0.0,0.0,0.0,0.0,0.0,0.0,0.0,0.0,0.0,0.0,0.0,0.0,0.0,59.2,69,11,65508,41,65476,0,300,0,0,8,20529,65476,0,0,61604,60.0,0.0,0.0,0.0,0.0,0.0
2026-04-04T11:24:25,ERR,ERR,ERR,ERR,ERR,ERR,ERR,ERR,ERR,ERR,ERR,ERR,ERR,ERR,ERR,ERR,ERR,ERR,ERR,ERR,ERR,ERR,ERR,ERR,ERR,ERR,ERR,ERR,ERR,ERR,ERR,ERR,ERR,ERR,ERR,ERR,ERR,ERR,ERR,ERR,ERR,ERR,ERR,ERR,ERR,ERR,ERR,ERR,ERR,ERR,ERR,ERR,ERR,ERR,ERR,ERR,ERR,ERR,ERR,ERR,ERR,ERR,ERR,ERR,ERR,ERR,ERR,ERR,ERR,ERR,ERR,ERR,ERR,ERR,ERR,ERR,ERR,ERR,ERR,ERR,ERR,ERR,ERR,ERR,ERR,ERR,ERR,ERR,ERR,ERR,ERR,ERR,ERR,ERR,ERR,ERR,ERR,ERR,ERR,ERR,ERR,ERR,ERR,ERR,ERR,ERR,ERR,ERR,ERR,ERR,ERR,ERR,ERR,ERR,ERR,ERR,ERR,ERR,ERR,ERR,ERR,ERR,ERR,ERR,ERR,0.0,0.0,-101055584.0,0.0,0.0,0.0,0.0,nan,0,0,0,32768,0,0.0,0,0.0,0.0,0.0,0.0,0.0,0,0,0,0,0.0,0,0,0,0,0,0,0,0,0,0,0,0,0,0,0,0,0,0,0,0,0,0,0,0,0,0,0,0,0,0,0,0,0,0,0,0,0,0,0,0,0,0,0,0,0.0,0.0,0.0,0.0,0.0,0.0,0.0,0.0,0.0,0.0,0.0,0.0,0.0,0.0,0.0,0.0,0.0,0.0,0.0,0.0,0.0,0.0,-2.004,-2.004,-2.004,2.004,0.0,0.0,0.0,0.0,3394.0,0.0,0.0,0.0,0.0,-0.0,0.0,0.0,0.0,0.0,0.0,0,-0.0,-107614264.0,0.0,0.0,0.0,0.0,0.0,0.0,0.0,0,0,0,0.0,0.0,0.0,0.0,0.0,0.0,0.0,0.0,0.0,0.0,0.0,0.0,0.0,0.0,0.0,0.0,0,-107875648.0,0,0.0,0,-107875648.0,-107877712.0,0,26215,17039,52429,17053,52429,17037,0,0,0,110,100,100,2.7302334150594743e+23,64.0,0.0,64.9,-107615304.0,68.5,1,49,50,180,0,39322,0,0,0.0,0.0,0.0,0.0,-631848.125,65.0,0.0,454.516,0.0,645,0,688,0,0,0,717,0,789,0,709,0,689,0,645,0,642,0,616,0.032,36700160.0,0.0,2.7302316136196234e+23,32784,16788,-427907153920.0,11600.498,0.0,0.0,1.0147621305004851e+17,0.0,29.0,60.0,70,0.0,0.0,0.0,0.0,0.0,0.0,0.0,0.0,0.0,0.0,0.0,0.0,0.0,0.0,0.0,0.0,59.2,69,11,65508,41,65476,0,300,0,0,8,20529,65476,0,0,61604,60.0,0.0,0.0,0.0,0.0,0.0
2026-04-04T11:24:26,ERR,ERR,ERR,ERR,ERR,ERR,ERR,ERR,ERR,ERR,ERR,ERR,ERR,ERR,ERR,ERR,ERR,ERR,ERR,ERR,ERR,ERR,ERR,ERR,ERR,ERR,ERR,ERR,ERR,ERR,ERR,ERR,ERR,ERR,ERR,ERR,ERR,ERR,ERR,ERR,ERR,ERR,ERR,ERR,ERR,ERR,ERR,ERR,ERR,ERR,ERR,ERR,ERR,ERR,ERR,ERR,ERR,ERR,ERR,ERR,ERR,ERR,ERR,ERR,ERR,ERR,ERR,ERR,ERR,ERR,ERR,ERR,ERR,ERR,ERR,ERR,ERR,ERR,ERR,ERR,ERR,ERR,ERR,ERR,ERR,ERR,ERR,ERR,ERR,ERR,ERR,ERR,ERR,ERR,ERR,ERR,ERR,ERR,ERR,ERR,ERR,ERR,ERR,ERR,ERR,ERR,ERR,ERR,ERR,ERR,ERR,ERR,ERR,ERR,ERR,ERR,ERR,ERR,ERR,ERR,ERR,ERR,ERR,ERR,ERR,0.0,0.0,-101055584.0,0.0,0.0,0.0,0.0,nan,0,0,0,32768,0,0.0,0,0.0,0.0,0.0,0.0,0.0,0,0,0,0,0.0,0,0,0,0,0,0,0,0,0,0,0,0,0,0,0,0,0,0,0,0,0,0,0,0,0,0,0,0,0,0,0,0,0,0,0,0,0,0,0,0,0,0,0,0,0.0,0.0,0.0,0.0,0.0,0.0,0.0,0.0,0.0,0.0,0.0,0.0,0.0,0.0,0.0,0.0,0.0,0.0,0.0,0.0,0.0,0.0,-2.004,-2.004,-2.004,2.004,0.0,0.0,0.0,0.0,3394.0,0.0,0.0,0.0,0.0,-0.0,0.0,0.0,0.0,0.0,0.0,0,-0.0,-107614264.0,0.0,0.0,0.0,0.0,0.0,0.0,0.0,0,0,0,0.0,0.0,0.0,0.0,0.0,0.0,0.0,0.0,0.0,0.0,0.0,0.0,0.0,0.0,0.0,0.0,0,-107875648.0,0,0.0,0,-107875648.0,-107877712.0,0,26215,17039,52429,17053,52429,17037,0,0,0,110,100,100,2.7302334150594743e+23,64.0,0.0,64.9,-107615304.0,68.5,1,49,50,180,0,39322,0,0,0.0,0.0,0.0,0.0,-631848.125,65.0,0.0,454.516,0.0,645,0,688,0,0,0,717,0,789,0,709,0,689,0,645,0,642,0,616,0.032,36700160.0,0.0,2.7302316136196234e+23,32784,16788,-427907153920.0,11600.498,0.0,0.0,1.0147621305004851e+17,0.0,29.0,60.0,70,0.0,0.0,0.0,0.0,0.0,0.0,0.0,0.0,0.0,0.0,0.0,0.0,0.0,0.0,0.0,0.0,59.2,69,11,65508,41,65476,0,300,0,0,8,20529,65476,0,0,61604,60.0,0.0,0.0,0.0,0.0,0.0
2026-04-04T11:24:27,ERR,ERR,ERR,ERR,ERR,ERR,ERR,ERR,ERR,ERR,ERR,ERR,ERR,ERR,ERR,ERR,ERR,ERR,ERR,ERR,ERR,ERR,ERR,ERR,ERR,ERR,ERR,ERR,ERR,ERR,ERR,ERR,ERR,ERR,ERR,ERR,ERR,ERR,ERR,ERR,ERR,ERR,ERR,ERR,ERR,ERR,ERR,ERR,ERR,ERR,ERR,ERR,ERR,ERR,ERR,ERR,ERR,ERR,ERR,ERR,ERR,ERR,ERR,ERR,ERR,ERR,ERR,ERR,ERR,ERR,ERR,ERR,ERR,ERR,ERR,ERR,ERR,ERR,ERR,ERR,ERR,ERR,ERR,ERR,ERR,ERR,ERR,ERR,ERR,ERR,ERR,ERR,ERR,ERR,ERR,ERR,ERR,ERR,ERR,ERR,ERR,ERR,ERR,ERR,ERR,ERR,ERR,ERR,ERR,ERR,ERR,ERR,ERR,ERR,ERR,ERR,ERR,ERR,ERR,ERR,ERR,ERR,ERR,ERR,ERR,0.0,0.0,-101055584.0,0.0,0.0,0.0,0.0,nan,0,0,0,32768,0,0.0,0,0.0,0.0,0.0,0.0,0.0,0,0,0,0,0.0,0,0,0,0,0,0,0,0,0,0,0,0,0,0,0,0,0,0,0,0,0,0,0,0,0,0,0,0,0,0,0,0,0,0,0,0,0,0,0,0,0,0,0,0,0.0,0.0,0.0,0.0,0.0,0.0,0.0,0.0,0.0,0.0,0.0,0.0,0.0,0.0,0.0,0.0,0.0,0.0,0.0,0.0,0.0,0.0,-2.004,-2.004,-2.004,2.004,0.0,0.0,0.0,0.0,3394.0,0.0,0.0,0.0,0.0,-0.0,0.0,0.0,0.0,0.0,0.0,0,-0.0,-107614264.0,0.0,0.0,0.0,0.0,0.0,0.0,0.0,0,0,0,0.0,0.0,0.0,0.0,0.0,0.0,0.0,0.0,0.0,0.0,0.0,0.0,0.0,0.0,0.0,0.0,0,-107875648.0,0,0.0,0,-107875648.0,-107877712.0,0,26215,17039,52429,17053,52429,17037,0,0,0,110,100,100,2.7302334150594743e+23,64.0,0.0,64.9,-107615304.0,68.5,1,49,50,180,0,39322,0,0,0.0,0.0,0.0,0.0,-631848.125,65.0,0.0,454.516,0.0,645,0,688,0,0,0,717,0,789,0,709,0,689,0,645,0,642,0,616,0.032,36700160.0,0.0,2.7302316136196234e+23,32784,16788,-427907153920.0,11600.498,0.0,0.0,1.0147621305004851e+17,0.0,29.0,60.0,70,0.0,0.0,0.0,0.0,0.0,0.0,0.0,0.0,0.0,0.0,0.0,0.0,0.0,0.0,0.0,0.0,59.6,69,11,65508,41,65476,0,300,0,0,8,20529,65476,0,0,61604,60.0,0.0,0.0,0.0,0.0,0.0
2026-04-04T11:24:28,ERR,ERR,ERR,ERR,ERR,ERR,ERR,ERR,ERR,ERR,ERR,ERR,ERR,ERR,ERR,ERR,ERR,ERR,ERR,ERR,ERR,ERR,ERR,ERR,ERR,ERR,ERR,ERR,ERR,ERR,ERR,ERR,ERR,ERR,ERR,ERR,ERR,ERR,ERR,ERR,ERR,ERR,ERR,ERR,ERR,ERR,ERR,ERR,ERR,ERR,ERR,ERR,ERR,ERR,ERR,ERR,ERR,ERR,ERR,ERR,ERR,ERR,ERR,ERR,ERR,ERR,ERR,ERR,ERR,ERR,ERR,ERR,ERR,ERR,ERR,ERR,ERR,ERR,ERR,ERR,ERR,ERR,ERR,ERR,ERR,ERR,ERR,ERR,ERR,ERR,ERR,ERR,ERR,ERR,ERR,ERR,ERR,ERR,ERR,ERR,ERR,ERR,ERR,ERR,ERR,ERR,ERR,ERR,ERR,ERR,ERR,ERR,ERR,ERR,ERR,ERR,ERR,ERR,ERR,ERR,ERR,ERR,ERR,ERR,ERR,0.0,0.0,-101055584.0,0.0,0.0,0.0,0.0,nan,0,0,0,32768,0,0.0,0,0.0,0.0,0.0,0.0,0.0,0,0,0,0,0.0,0,0,0,0,0,0,0,0,0,0,0,0,0,0,0,0,0,0,0,0,0,0,0,0,0,0,0,0,0,0,0,0,0,0,0,0,0,0,0,0,0,0,0,0,0.0,0.0,0.0,0.0,0.0,0.0,0.0,0.0,0.0,0.0,0.0,0.0,0.0,0.0,0.0,0.0,0.0,0.0,0.0,0.0,0.0,0.0,-2.004,-2.004,-2.004,2.004,0.0,0.0,0.0,0.0,3394.0,0.0,0.0,0.0,0.0,-0.0,0.0,0.0,0.0,0.0,0.0,0,-0.0,-107614264.0,0.0,0.0,0.0,0.0,0.0,0.0,0.0,0,0,0,0.0,0.0,0.0,0.0,0.0,0.0,0.0,0.0,0.0,0.0,0.0,0.0,0.0,0.0,0.0,0.0,0,-107875648.0,0,0.0,0,-107875648.0,-107877712.0,0,26215,17039,52429,17053,52429,17037,0,0,0,110,100,100,2.7302334150594743e+23,64.0,0.0,64.9,-107615304.0,68.5,1,49,50,180,0,39322,0,0,0.0,0.0,0.0,0.0,-631848.125,65.0,0.0,454.516,0.0,645,0,688,0,0,0,717,0,789,0,709,0,689,0,645,0,642,0,616,0.032,36700160.0,0.0,2.7302316136196234e+23,32784,16788,-427907153920.0,11600.498,0.0,0.0,1.0147621305004851e+17,0.0,29.0,60.0,70,0.0,0.0,0.0,0.0,0.0,0.0,0.0,0.0,0.0,0.0,0.0,0.0,0.0,0.0,0.0,0.0,59.6,69,11,65508,41,65476,0,300,0,0,8,20529,65476,0,0,61604,60.0,0.0,0.0,0.0,0.0,0.0
2026-04-04T11:24:29,ERR,ERR,ERR,ERR,ERR,ERR,ERR,ERR,ERR,ERR,ERR,ERR,ERR,ERR,ERR,ERR,ERR,ERR,ERR,ERR,ERR,ERR,ERR,ERR,ERR,ERR,ERR,ERR,ERR,ERR,ERR,ERR,ERR,ERR,ERR,ERR,ERR,ERR,ERR,ERR,ERR,ERR,ERR,ERR,ERR,ERR,ERR,ERR,ERR,ERR,ERR,ERR,ERR,ERR,ERR,ERR,ERR,ERR,ERR,ERR,ERR,ERR,ERR,ERR,ERR,ERR,ERR,ERR,ERR,ERR,ERR,ERR,ERR,ERR,ERR,ERR,ERR,ERR,ERR,ERR,ERR,ERR,ERR,ERR,ERR,ERR,ERR,ERR,ERR,ERR,ERR,ERR,ERR,ERR,ERR,ERR,ERR,ERR,ERR,ERR,ERR,ERR,ERR,ERR,ERR,ERR,ERR,ERR,ERR,ERR,ERR,ERR,ERR,ERR,ERR,ERR,ERR,ERR,ERR,ERR,ERR,ERR,ERR,ERR,ERR,0.0,0.0,-101055584.0,0.0,0.0,0.0,0.0,nan,0,0,0,32768,0,0.0,0,0.0,0.0,0.0,0.0,0.0,0,0,0,0,0.0,0,0,0,0,0,0,0,0,0,0,0,0,0,0,0,0,0,0,0,0,0,0,0,0,0,0,0,0,0,0,0,0,0,0,0,0,0,0,0,0,0,0,0,0,0.0,0.0,0.0,0.0,0.0,0.0,0.0,0.0,0.0,0.0,0.0,0.0,0.0,0.0,0.0,0.0,0.0,0.0,0.0,0.0,0.0,0.0,-2.004,-2.004,-2.004,2.004,0.0,0.0,0.0,0.0,3394.0,0.0,0.0,0.0,0.0,-0.0,0.0,0.0,0.0,0.0,0.0,0,-0.0,-107614264.0,0.0,0.0,0.0,0.0,0.0,0.0,0.0,0,0,0,0.0,0.0,0.0,0.0,0.0,0.0,0.0,0.0,0.0,0.0,0.0,0.0,0.0,0.0,0.0,0.0,0,-107875648.0,0,0.0,0,-107875648.0,-107877712.0,0,26215,17039,52429,17053,52429,17037,0,0,0,110,100,100,2.7302334150594743e+23,64.0,0.0,64.9,-107615304.0,68.5,1,49,50,180,0,39322,0,0,0.0,0.0,0.0,0.0,-631848.125,65.0,0.0,454.516,0.0,645,0,688,0,0,0,717,0,789,0,709,0,689,0,645,0,642,0,616,0.032,36700160.0,0.0,2.7302316136196234e+23,32784,16788,-427907153920.0,11600.498,0.0,0.0,1.0147621305004851e+17,0.0,29.0,60.0,70,0.0,0.0,0.0,0.0,0.0,0.0,0.0,0.0,0.0,0.0,0.0,0.0,0.0,0.0,0.0,0.0,59.6,69,11,65508,41,65476,0,300,0,0,8,20529,65476,0,0,61604,60.0,0.0,0.0,0.0,0.0,0.0
2026-04-04T11:24:30,ERR,ERR,ERR,ERR,ERR,ERR,ERR,ERR,ERR,ERR,ERR,ERR,ERR,ERR,ERR,ERR,ERR,ERR,ERR,ERR,ERR,ERR,ERR,ERR,ERR,ERR,ERR,ERR,ERR,ERR,ERR,ERR,ERR,ERR,ERR,ERR,ERR,ERR,ERR,ERR,ERR,ERR,ERR,ERR,ERR,ERR,ERR,ERR,ERR,ERR,ERR,ERR,ERR,ERR,ERR,ERR,ERR,ERR,ERR,ERR,ERR,ERR,ERR,ERR,ERR,ERR,ERR,ERR,ERR,ERR,ERR,ERR,ERR,ERR,ERR,ERR,ERR,ERR,ERR,ERR,ERR,ERR,ERR,ERR,ERR,ERR,ERR,ERR,ERR,ERR,ERR,ERR,ERR,ERR,ERR,ERR,ERR,ERR,ERR,ERR,ERR,ERR,ERR,ERR,ERR,ERR,ERR,ERR,ERR,ERR,ERR,ERR,ERR,ERR,ERR,ERR,ERR,ERR,ERR,ERR,ERR,ERR,ERR,ERR,ERR,0.0,0.0,-101055584.0,0.0,0.0,0.0,0.0,nan,0,0,0,32768,0,0.0,0,0.0,0.0,0.0,0.0,0.0,0,0,0,0,0.0,0,0,0,0,0,0,0,0,0,0,0,0,0,0,0,0,0,0,0,0,0,0,0,0,0,0,0,0,0,0,0,0,0,0,0,0,0,0,0,0,0,0,0,0,0.0,0.0,0.0,0.0,0.0,0.0,0.0,0.0,0.0,0.0,0.0,0.0,0.0,0.0,0.0,0.0,0.0,0.0,0.0,0.0,0.0,0.0,-2.004,0.0,-2.004,2.004,0.0,0.0,0.0,0.0,3396.5,0.0,0.0,0.0,0.0,-0.0,0.0,0.0,0.0,0.0,0.0,0,-0.059,-71.629,0.0,0.0,0.0,0.0,0.0,0.0,0.0,0,0,0,0.0,0.0,0.0,0.0,0.0,0.0,0.0,0.0,0.0,0.0,0.0,0.0,0.0,0.0,0.0,0.0,0,-107875648.0,0,0.0,0,-107875648.0,-107877712.0,0,26215,17039,52429,17053,52429,17037,0,0,0,110,100,100,2.7302334150594743e+23,64.0,0.0,64.9,-107615304.0,68.5,1,49,50,180,0,39322,0,0,0.0,0.0,0.0,0.0,-631848.125,65.0,0.0,454.516,0.0,645,0,688,0,0,0,717,0,789,0,709,0,689,0,645,0,642,0,616,0.032,36700160.0,0.0,2.7302316136196234e+23,32784,16788,-427907153920.0,11600.498,0.0,0.0,1.0147621305004851e+17,0.0,29.0,60.0,70,0.0,0.0,0.0,0.0,0.0,0.0,0.0,0.0,0.0,0.0,0.0,0.0,0.0,0.0,0.0,0.0,59.6,69,11,65508,41,65476,0,300,0,0,8,20529,65476,0,0,61604,60.0,0.0,0.0,0.0,0.0,0.0
2026-04-04T11:24:31,ERR,ERR,ERR,ERR,ERR,ERR,ERR,ERR,ERR,ERR,ERR,ERR,ERR,ERR,ERR,ERR,ERR,ERR,ERR,ERR,ERR,ERR,ERR,ERR,ERR,ERR,ERR,ERR,ERR,ERR,ERR,ERR,ERR,ERR,ERR,ERR,ERR,ERR,ERR,ERR,ERR,ERR,ERR,ERR,ERR,ERR,ERR,ERR,ERR,ERR,ERR,ERR,ERR,ERR,ERR,ERR,ERR,ERR,ERR,ERR,ERR,ERR,ERR,ERR,ERR,ERR,ERR,ERR,ERR,ERR,ERR,ERR,ERR,ERR,ERR,ERR,ERR,ERR,ERR,ERR,ERR,ERR,ERR,ERR,ERR,ERR,ERR,ERR,ERR,ERR,ERR,ERR,ERR,ERR,ERR,ERR,ERR,ERR,ERR,ERR,ERR,ERR,ERR,ERR,ERR,ERR,ERR,ERR,ERR,ERR,ERR,ERR,ERR,ERR,ERR,ERR,ERR,ERR,ERR,ERR,ERR,ERR,ERR,ERR,ERR,0.0,0.0,-101055584.0,0.0,0.0,0.0,0.0,nan,0,0,0,32768,0,0.0,0,0.0,0.0,0.0,0.0,0.0,0,0,0,0,0.0,0,0,0,0,0,0,0,0,0,0,0,0,0,0,0,0,0,0,0,0,0,0,0,0,0,0,0,0,0,0,0,0,0,0,0,0,0,0,0,0,0,0,0,0,0.0,0.0,0.0,0.0,0.0,0.0,0.0,0.0,0.0,0.0,0.0,0.0,0.0,0.0,0.0,0.0,0.0,0.0,0.0,0.0,0.0,0.0,-2.004,0.0,-2.004,2.004,0.0,0.0,0.0,0.0,3396.5,0.0,0.0,0.0,0.0,-0.0,0.0,0.0,0.0,0.0,0.0,0,-0.059,-71.629,0.0,0.0,0.0,0.0,0.0,0.0,0.0,0,0,0,0.0,0.0,0.0,0.0,0.0,0.0,0.0,0.0,0.0,0.0,0.0,0.0,0.0,0.0,0.0,0.0,0,-107875648.0,0,0.0,0,-107875648.0,-107877712.0,0,26215,17039,52429,17053,52429,17037,0,0,0,110,100,100,2.7302334150594743e+23,64.0,0.0,64.5,0.0,68.5,1,49,50,180,0,39322,0,0,0.0,0.0,0.0,0.0,-305500585984.0,65.0,0.0,0.0,0.0,645,0,688,0,0,0,717,0,789,0,709,0,689,0,645,0,642,0,616,0.032,36700160.0,0.0,2.7302316136196234e+23,22160,16788,-2.3539723611930624e+16,0.0,0.0,0.0,1.26141578870784e+16,0.0,29.0,60.0,70,0.0,0.0,0.0,0.0,0.0,0.0,0.0,0.0,0.0,0.0,0.0,0.0,0.0,0.0,0.0,0.0,59.6,69,11,65508,41,65476,0,300,0,0,8,20529,65476,0,0,61604,60.0,0.0,0.0,0.0,0.0,0.0
2026-04-04T11:24:32,ERR,ERR,ERR,ERR,ERR,ERR,ERR,ERR,ERR,ERR,ERR,ERR,ERR,ERR,ERR,ERR,ERR,ERR,ERR,ERR,ERR,ERR,ERR,ERR,ERR,ERR,ERR,ERR,ERR,ERR,ERR,ERR,ERR,ERR,ERR,ERR,ERR,ERR,ERR,ERR,ERR,ERR,ERR,ERR,ERR,ERR,ERR,ERR,ERR,ERR,ERR,ERR,ERR,ERR,ERR,ERR,ERR,ERR,ERR,ERR,ERR,ERR,ERR,ERR,ERR,ERR,ERR,ERR,ERR,ERR,ERR,ERR,ERR,ERR,ERR,ERR,ERR,ERR,ERR,ERR,ERR,ERR,ERR,ERR,ERR,ERR,ERR,ERR,ERR,ERR,ERR,ERR,ERR,ERR,ERR,ERR,ERR,ERR,ERR,ERR,ERR,ERR,ERR,ERR,ERR,ERR,ERR,ERR,ERR,ERR,ERR,ERR,ERR,ERR,ERR,ERR,ERR,ERR,ERR,ERR,ERR,ERR,ERR,ERR,ERR,0.0,0.0,-101055584.0,0.0,0.0,0.0,0.0,nan,0,0,0,32768,0,0.0,0,0.0,0.0,0.0,0.0,0.0,0,0,0,0,0.0,0,0,0,0,0,0,0,0,0,0,0,0,0,0,0,0,0,0,0,0,0,0,0,0,0,0,0,0,0,0,0,0,0,0,0,0,0,0,0,0,0,0,0,0,0.0,0.0,0.0,0.0,0.0,0.0,0.0,0.0,0.0,0.0,0.0,0.0,0.0,0.0,0.0,0.0,0.0,0.0,0.0,0.0,0.0,0.0,-2.004,0.0,-2.004,2.004,0.0,0.0,0.0,0.0,3396.5,0.0,0.0,0.0,0.0,-0.0,0.0,0.0,0.0,0.0,0.0,0,-0.059,-71.629,0.0,0.0,0.0,0.0,0.0,0.0,0.0,0,0,0,0.0,0.0,0.0,0.0,0.0,0.0,0.0,0.0,0.0,0.0,0.0,0.0,0.0,0.0,0.0,0.0,0,-107875648.0,0,0.0,0,-107875648.0,-107877712.0,0,26215,17039,52429,17053,52429,17037,0,0,0,110,100,100,2.7302334150594743e+23,64.0,0.0,64.5,0.0,68.5,1,49,50,180,0,39322,0,0,0.0,0.0,0.0,0.0,-305500585984.0,65.0,0.0,0.0,0.0,645,0,688,0,0,0,717,0,789,0,709,0,689,0,645,0,642,0,616,0.032,36700160.0,0.0,2.7302316136196234e+23,22160,16788,-2.3539723611930624e+16,0.0,0.0,0.0,1.26141578870784e+16,0.0,29.0,60.0,70,0.0,0.0,0.0,0.0,0.0,0.0,0.0,0.0,0.0,0.0,0.0,0.0,0.0,0.0,0.0,0.0,59.2,69,11,65508,41,65476,0,300,0,0,8,20529,65476,0,0,61604,60.0,0.0,0.0,0.0,0.0,0.0
2026-04-04T11:24:33,ERR,ERR,ERR,ERR,ERR,ERR,ERR,ERR,ERR,ERR,ERR,ERR,ERR,ERR,ERR,ERR,ERR,ERR,ERR,ERR,ERR,ERR,ERR,ERR,ERR,ERR,ERR,ERR,ERR,ERR,ERR,ERR,ERR,ERR,ERR,ERR,ERR,ERR,ERR,ERR,ERR,ERR,ERR,ERR,ERR,ERR,ERR,ERR,ERR,ERR,ERR,ERR,ERR,ERR,ERR,ERR,ERR,ERR,ERR,ERR,ERR,ERR,ERR,ERR,ERR,ERR,ERR,ERR,ERR,ERR,ERR,ERR,ERR,ERR,ERR,ERR,ERR,ERR,ERR,ERR,ERR,ERR,ERR,ERR,ERR,ERR,ERR,ERR,ERR,ERR,ERR,ERR,ERR,ERR,ERR,ERR,ERR,ERR,ERR,ERR,ERR,ERR,ERR,ERR,ERR,ERR,ERR,ERR,ERR,ERR,ERR,ERR,ERR,ERR,ERR,ERR,ERR,ERR,ERR,ERR,ERR,ERR,ERR,ERR,ERR,0.0,0.0,-101055584.0,0.0,0.0,0.0,0.0,nan,0,0,0,32768,0,0.0,0,0.0,0.0,0.0,0.0,0.0,0,0,0,0,0.0,0,0,0,0,0,0,0,0,0,0,0,0,0,0,0,0,0,0,0,0,0,0,0,0,0,0,0,0,0,0,0,0,0,0,0,0,0,0,0,0,0,0,0,0,0.0,0.0,0.0,0.0,0.0,0.0,0.0,0.0,0.0,0.0,0.0,0.0,0.0,0.0,0.0,0.0,0.0,0.0,0.0,0.0,0.0,0.0,-2.004,0.0,-2.004,2.004,0.0,0.0,0.0,0.0,3396.5,0.0,0.0,0.0,0.0,-0.0,0.0,0.0,0.0,0.0,0.0,0,-0.059,-71.629,0.0,0.0,0.0,0.0,0.0,0.0,0.0,0,0,0,0.0,0.0,0.0,0.0,0.0,0.0,0.0,0.0,0.0,0.0,0.0,0.0,0.0,0.0,0.0,0.0,0,-107875648.0,0,0.0,0,-107875648.0,-107877712.0,0,26215,17039,52429,17053,52429,17037,0,0,0,110,100,100,2.7302334150594743e+23,64.0,0.0,64.5,0.0,68.5,1,49,50,180,0,39322,0,0,0.0,0.0,0.0,0.0,-305500585984.0,65.0,0.0,0.0,0.0,645,0,688,0,0,0,717,0,789,0,709,0,689,0,645,0,642,0,616,0.032,36700160.0,0.0,2.7302316136196234e+23,22160,16788,-2.3539723611930624e+16,0.0,0.0,0.0,1.26141578870784e+16,0.0,29.0,60.0,70,0.0,0.0,0.0,0.0,0.0,0.0,0.0,0.0,0.0,0.0,0.0,0.0,0.0,0.0,0.0,0.0,59.2,69,11,65508,41,65476,0,300,0,0,8,20529,65476,0,0,61604,60.0,0.0,0.0,0.0,0.0,0.0
2026-04-04T11:24:34,ERR,ERR,ERR,ERR,ERR,ERR,ERR,ERR,ERR,ERR,ERR,ERR,ERR,ERR,ERR,ERR,ERR,ERR,ERR,ERR,ERR,ERR,ERR,ERR,ERR,ERR,ERR,ERR,ERR,ERR,ERR,ERR,ERR,ERR,ERR,ERR,ERR,ERR,ERR,ERR,ERR,ERR,ERR,ERR,ERR,ERR,ERR,ERR,ERR,ERR,ERR,ERR,ERR,ERR,ERR,ERR,ERR,ERR,ERR,ERR,ERR,ERR,ERR,ERR,ERR,ERR,ERR,ERR,ERR,ERR,ERR,ERR,ERR,ERR,ERR,ERR,ERR,ERR,ERR,ERR,ERR,ERR,ERR,ERR,ERR,ERR,ERR,ERR,ERR,ERR,ERR,ERR,ERR,ERR,ERR,ERR,ERR,ERR,ERR,ERR,ERR,ERR,ERR,ERR,ERR,ERR,ERR,ERR,ERR,ERR,ERR,ERR,ERR,ERR,ERR,ERR,ERR,ERR,ERR,ERR,ERR,ERR,ERR,ERR,ERR,0.0,0.0,-101055584.0,0.0,0.0,0.0,0.0,nan,0,0,0,32768,0,0.0,0,0.0,0.0,0.0,0.0,0.0,0,0,0,0,0.0,0,0,0,0,0,0,0,0,0,0,0,0,0,0,0,0,0,0,0,0,0,0,0,0,0,0,0,0,0,0,0,0,0,0,0,0,0,0,0,0,0,0,0,0,0.0,0.0,0.0,0.0,0.0,0.0,0.0,0.0,0.0,0.0,0.0,0.0,0.0,0.0,0.0,0.0,0.0,0.0,0.0,0.0,0.0,0.0,-2.004,0.0,-2.004,2.004,0.0,0.0,0.0,0.0,3396.5,0.0,0.0,0.0,0.0,-0.0,0.0,0.0,0.0,0.0,0.0,0,-0.059,-71.629,0.0,0.0,0.0,0.0,0.0,0.0,0.0,0,0,0,0.0,0.0,0.0,0.0,0.0,0.0,0.0,0.0,0.0,0.0,0.0,0.0,0.0,0.0,0.0,0.0,0,-107875648.0,0,0.0,0,-107875648.0,-107877712.0,0,26215,17039,52429,17053,52429,17037,0,0,0,110,100,100,2.7302334150594743e+23,64.0,0.0,64.5,0.0,68.5,1,49,50,180,0,39322,0,0,0.0,0.0,0.0,0.0,-305500585984.0,65.0,0.0,0.0,0.0,645,0,688,0,0,0,717,0,789,0,709,0,689,0,645,0,642,0,616,0.032,36700160.0,0.0,2.7302316136196234e+23,22160,16788,-2.3539723611930624e+16,0.0,0.0,0.0,1.26141578870784e+16,0.0,29.0,60.0,70,0.0,0.0,0.0,0.0,0.0,0.0,0.0,0.0,0.0,0.0,0.0,0.0,0.0,0.0,0.0,0.0,59.2,69,11,65508,41,65476,0,300,0,0,8,20529,65476,0,0,61604,60.0,0.0,0.0,0.0,0.0,0.0
2026-04-04T11:24:35,ERR,ERR,ERR,ERR,ERR,ERR,ERR,ERR,ERR,ERR,ERR,ERR,ERR,ERR,ERR,ERR,ERR,ERR,ERR,ERR,ERR,ERR,ERR,ERR,ERR,ERR,ERR,ERR,ERR,ERR,ERR,ERR,ERR,ERR,ERR,ERR,ERR,ERR,ERR,ERR,ERR,ERR,ERR,ERR,ERR,ERR,ERR,ERR,ERR,ERR,ERR,ERR,ERR,ERR,ERR,ERR,ERR,ERR,ERR,ERR,ERR,ERR,ERR,ERR,ERR,ERR,ERR,ERR,ERR,ERR,ERR,ERR,ERR,ERR,ERR,ERR,ERR,ERR,ERR,ERR,ERR,ERR,ERR,ERR,ERR,ERR,ERR,ERR,ERR,ERR,ERR,ERR,ERR,ERR,ERR,ERR,ERR,ERR,ERR,ERR,ERR,ERR,ERR,ERR,ERR,ERR,ERR,ERR,ERR,ERR,ERR,ERR,ERR,ERR,ERR,ERR,ERR,ERR,ERR,ERR,ERR,ERR,ERR,ERR,ERR,0.0,0.0,-101055584.0,0.0,0.0,0.0,0.0,nan,0,0,0,32768,0,0.0,0,0.0,0.0,0.0,0.0,0.0,0,0,0,0,0.0,0,0,0,0,0,0,0,0,0,0,0,0,0,0,0,0,0,0,0,0,0,0,0,0,0,0,0,0,0,0,0,0,0,0,0,0,0,0,0,0,0,0,0,0,0.0,0.0,0.0,0.0,0.0,0.0,0.0,0.0,0.0,0.0,0.0,0.0,0.0,0.0,0.0,0.0,0.0,0.0,0.0,0.0,0.0,0.0,-2.004,0.0,-2.004,2.004,0.0,0.0,0.0,0.0,3396.5,0.0,0.0,0.0,0.0,-0.0,0.0,0.0,0.0,0.0,0.0,0,-0.059,-71.629,0.0,0.0,0.0,0.0,0.0,0.0,0.0,0,0,0,0.0,0.0,0.0,0.0,0.0,0.0,0.0,0.0,0.0,0.0,0.0,0.0,0.0,0.0,0.0,0.0,0,-107875648.0,0,0.0,0,-107875648.0,-107877712.0,0,26215,17039,52429,17053,52429,17037,0,0,0,110,100,100,2.7302334150594743e+23,64.0,0.0,64.5,0.0,68.5,1,49,50,180,0,39322,0,0,0.0,0.0,0.0,0.0,-305500585984.0,65.0,0.0,0.0,0.0,645,0,688,0,0,0,717,0,789,0,709,0,689,0,645,0,642,0,616,0.032,36700160.0,0.0,2.7302316136196234e+23,22160,16788,-2.3539723611930624e+16,0.0,0.0,0.0,1.26141578870784e+16,0.0,29.0,60.0,70,0.0,0.0,0.0,0.0,0.0,0.0,0.0,0.0,0.0,0.0,0.0,0.0,0.0,0.0,0.0,0.0,59.2,69,11,65508,41,65476,0,300,0,0,8,20529,65476,0,0,61604,60.0,0.0,0.0,0.0,0.0,0.0
2026-04-04T11:24:36,ERR,ERR,ERR,ERR,ERR,ERR,ERR,ERR,ERR,ERR,ERR,ERR,ERR,ERR,ERR,ERR,ERR,ERR,ERR,ERR,ERR,ERR,ERR,ERR,ERR,ERR,ERR,ERR,ERR,ERR,ERR,ERR,ERR,ERR,ERR,ERR,ERR,ERR,ERR,ERR,ERR,ERR,ERR,ERR,ERR,ERR,ERR,ERR,ERR,ERR,ERR,ERR,ERR,ERR,ERR,ERR,ERR,ERR,ERR,ERR,ERR,ERR,ERR,ERR,ERR,ERR,ERR,ERR,ERR,ERR,ERR,ERR,ERR,ERR,ERR,ERR,ERR,ERR,ERR,ERR,ERR,ERR,ERR,ERR,ERR,ERR,ERR,ERR,ERR,ERR,ERR,ERR,ERR,ERR,ERR,ERR,ERR,ERR,ERR,ERR,ERR,ERR,ERR,ERR,ERR,ERR,ERR,ERR,ERR,ERR,ERR,ERR,ERR,ERR,ERR,ERR,ERR,ERR,ERR,ERR,ERR,ERR,ERR,ERR,ERR,0.0,0.0,-101055584.0,0.0,0.0,0.0,0.0,nan,0,0,0,32768,0,0.0,0,0.0,0.0,0.0,0.0,0.0,0,0,0,0,0.0,0,0,0,0,0,0,0,0,0,0,0,0,0,0,0,0,0,0,0,0,0,0,0,0,0,0,0,0,0,0,0,0,0,0,0,0,0,0,0,0,0,0,0,0,0.0,0.0,0.0,0.0,0.0,0.0,0.0,0.0,0.0,0.0,0.0,0.0,0.0,0.0,0.0,0.0,0.0,0.0,0.0,0.0,0.0,0.0,-2.004,0.0,-2.004,2.004,0.0,0.0,0.0,0.0,3396.5,0.0,0.0,0.0,0.0,-0.0,0.0,0.0,0.0,0.0,0.0,0,-0.059,-71.629,0.0,0.0,0.0,0.0,0.0,0.0,0.0,0,0,0,0.0,0.0,0.0,0.0,0.0,0.0,0.0,0.0,0.0,0.0,0.0,0.0,0.0,0.0,0.0,0.0,0,-107875648.0,0,0.0,0,-107875648.0,-107877712.0,0,26215,17039,52429,17053,52429,17037,0,0,0,110,100,100,2.7302334150594743e+23,64.0,0.0,64.9,-107615304.0,69.0,1,49,50,180,0,39322,0,0,0.0,0.0,0.0,0.0,-360.52,65.0,0.0,-0.0,0.0,645,0,688,0,0,0,717,0,789,0,709,0,689,0,645,0,642,0,616,0.032,40632320.0,0.0,2.7302316136196234e+23,27792,16788,-0.001,1.131985365341204e+37,0.0,-0.0,17057.02,-1.421366098476623e+32,29.0,60.0,70,0.0,0.0,0.0,0.0,0.0,0.0,0.0,0.0,0.0,0.0,0.0,0.0,0.0,0.0,0.0,0.0,59.2,69,11,65508,41,65476,0,300,0,0,8,20529,65476,0,0,61604,60.0,0.0,0.0,0.0,0.0,0.0
2026-04-04T11:24:37,ERR,ERR,ERR,ERR,ERR,ERR,ERR,ERR,ERR,ERR,ERR,ERR,ERR,ERR,ERR,ERR,ERR,ERR,ERR,ERR,ERR,ERR,ERR,ERR,ERR,ERR,ERR,ERR,ERR,ERR,ERR,ERR,ERR,ERR,ERR,ERR,ERR,ERR,ERR,ERR,ERR,ERR,ERR,ERR,ERR,ERR,ERR,ERR,ERR,ERR,ERR,ERR,ERR,ERR,ERR,ERR,ERR,ERR,ERR,ERR,ERR,ERR,ERR,ERR,ERR,ERR,ERR,ERR,ERR,ERR,ERR,ERR,ERR,ERR,ERR,ERR,ERR,ERR,ERR,ERR,ERR,ERR,ERR,ERR,ERR,ERR,ERR,ERR,ERR,ERR,ERR,ERR,ERR,ERR,ERR,ERR,ERR,ERR,ERR,ERR,ERR,ERR,ERR,ERR,ERR,ERR,ERR,ERR,ERR,ERR,ERR,ERR,ERR,ERR,ERR,ERR,ERR,ERR,ERR,ERR,ERR,ERR,ERR,ERR,ERR,0.0,0.0,-101055584.0,0.0,0.0,0.0,0.0,nan,0,0,0,32768,0,0.0,0,0.0,0.0,0.0,0.0,0.0,0,0,0,0,0.0,0,0,0,0,0,0,0,0,0,0,0,0,0,0,0,0,0,0,0,0,0,0,0,0,0,0,0,0,0,0,0,0,0,0,0,0,0,0,0,0,0,0,0,0,0.0,0.0,0.0,0.0,0.0,0.0,0.0,0.0,0.0,0.0,0.0,0.0,0.0,0.0,0.0,0.0,0.0,0.0,0.0,0.0,0.0,0.0,-2.004,-2.004,-2.004,2.004,0.0,0.0,0.0,0.0,3393.0,-3.697154027885167e+19,0.0,0.0,0.0,-0.0,0.0,0.0,0.0,0.0,0.0,0,-0.0,-0.0,0.0,0.0,0.0,0.0,0.0,0.0,0.0,0,0,0,0.0,0.0,0.0,0.0,0.0,0.0,0.0,0.0,0.0,0.0,0.0,0.0,0.0,0.0,0.0,0.0,0,-107875648.0,0,0.0,0,-107875648.0,-107877712.0,0,26215,17039,52429,17053,52429,17037,0,0,0,110,100,100,2.7302334150594743e+23,64.0,0.0,64.9,-107615304.0,69.0,1,49,50,180,0,39322,0,0,0.0,0.0,0.0,0.0,-360.52,65.0,0.0,-0.0,0.0,645,0,688,0,0,0,717,0,789,0,709,0,689,0,645,0,642,0,616,0.032,40632320.0,0.0,2.7302316136196234e+23,27792,16788,-0.001,1.131985365341204e+37,0.0,-0.0,17057.02,-1.421366098476623e+32,29.0,60.0,70,0.0,0.0,0.0,0.0,0.0,0.0,0.0,0.0,0.0,0.0,0.0,0.0,0.0,0.0,0.0,0.0,59.2,69,11,65508,41,65476,0,300,0,0,8,20529,65476,0,0,61604,60.0,0.0,0.0,0.0,0.0,0.0
2026-04-04T11:24:38,ERR,ERR,ERR,ERR,ERR,ERR,ERR,ERR,ERR,ERR,ERR,ERR,ERR,ERR,ERR,ERR,ERR,ERR,ERR,ERR,ERR,ERR,ERR,ERR,ERR,ERR,ERR,ERR,ERR,ERR,ERR,ERR,ERR,ERR,ERR,ERR,ERR,ERR,ERR,ERR,ERR,ERR,ERR,ERR,ERR,ERR,ERR,ERR,ERR,ERR,ERR,ERR,ERR,ERR,ERR,ERR,ERR,ERR,ERR,ERR,ERR,ERR,ERR,ERR,ERR,ERR,ERR,ERR,ERR,ERR,ERR,ERR,ERR,ERR,ERR,ERR,ERR,ERR,ERR,ERR,ERR,ERR,ERR,ERR,ERR,ERR,ERR,ERR,ERR,ERR,ERR,ERR,ERR,ERR,ERR,ERR,ERR,ERR,ERR,ERR,ERR,ERR,ERR,ERR,ERR,ERR,ERR,ERR,ERR,ERR,ERR,ERR,ERR,ERR,ERR,ERR,ERR,ERR,ERR,ERR,ERR,ERR,ERR,ERR,ERR,0.0,0.0,-101055584.0,0.0,0.0,0.0,0.0,nan,0,0,0,32768,0,0.0,0,0.0,0.0,0.0,0.0,0.0,0,0,0,0,0.0,0,0,0,0,0,0,0,0,0,0,0,0,0,0,0,0,0,0,0,0,0,0,0,0,0,0,0,0,0,0,0,0,0,0,0,0,0,0,0,0,0,0,0,0,0.0,0.0,0.0,0.0,0.0,0.0,0.0,0.0,0.0,0.0,0.0,0.0,0.0,0.0,0.0,0.0,0.0,0.0,0.0,0.0,0.0,0.0,-2.004,-2.004,-2.004,2.004,0.0,0.0,0.0,0.0,3393.0,-3.697154027885167e+19,0.0,0.0,0.0,-0.0,0.0,0.0,0.0,0.0,0.0,0,-0.0,-0.0,0.0,0.0,0.0,0.0,0.0,0.0,0.0,0,0,0,0.0,0.0,0.0,0.0,0.0,0.0,0.0,0.0,0.0,0.0,0.0,0.0,0.0,0.0,0.0,0.0,0,-107875648.0,0,0.0,0,-107875648.0,-107877712.0,0,26215,17039,52429,17053,52429,17037,0,0,0,110,100,100,2.7302334150594743e+23,64.0,0.0,64.9,-107615304.0,69.0,1,49,50,180,0,39322,0,0,0.0,0.0,0.0,0.0,-360.52,65.0,0.0,-0.0,0.0,645,0,688,0,0,0,717,0,789,0,709,0,689,0,645,0,642,0,616,0.032,40632320.0,0.0,2.7302316136196234e+23,27792,16788,-0.001,1.131985365341204e+37,0.0,-0.0,17057.02,-1.421366098476623e+32,29.0,60.0,70,0.0,0.0,0.0,0.0,0.0,0.0,0.0,0.0,0.0,0.0,0.0,0.0,0.0,0.0,0.0,0.0,59.2,69,11,65508,41,65476,0,300,0,0,8,20529,65476,0,0,61604,60.0,0.0,0.0,0.0,0.0,0.0
2026-04-04T11:24:39,ERR,ERR,ERR,ERR,ERR,ERR,ERR,ERR,ERR,ERR,ERR,ERR,ERR,ERR,ERR,ERR,ERR,ERR,ERR,ERR,ERR,ERR,ERR,ERR,ERR,ERR,ERR,ERR,ERR,ERR,ERR,ERR,ERR,ERR,ERR,ERR,ERR,ERR,ERR,ERR,ERR,ERR,ERR,ERR,ERR,ERR,ERR,ERR,ERR,ERR,ERR,ERR,ERR,ERR,ERR,ERR,ERR,ERR,ERR,ERR,ERR,ERR,ERR,ERR,ERR,ERR,ERR,ERR,ERR,ERR,ERR,ERR,ERR,ERR,ERR,ERR,ERR,ERR,ERR,ERR,ERR,ERR,ERR,ERR,ERR,ERR,ERR,ERR,ERR,ERR,ERR,ERR,ERR,ERR,ERR,ERR,ERR,ERR,ERR,ERR,ERR,ERR,ERR,ERR,ERR,ERR,ERR,ERR,ERR,ERR,ERR,ERR,ERR,ERR,ERR,ERR,ERR,ERR,ERR,ERR,ERR,ERR,ERR,ERR,ERR,0.0,0.0,-101055584.0,0.0,0.0,0.0,0.0,nan,0,0,0,32768,0,0.0,0,0.0,0.0,0.0,0.0,0.0,0,0,0,0,0.0,0,0,0,0,0,0,0,0,0,0,0,0,0,0,0,0,0,0,0,0,0,0,0,0,0,0,0,0,0,0,0,0,0,0,0,0,0,0,0,0,0,0,0,0,0.0,0.0,0.0,0.0,0.0,0.0,0.0,0.0,0.0,0.0,0.0,0.0,0.0,0.0,0.0,0.0,0.0,0.0,0.0,0.0,0.0,0.0,-2.004,-2.004,-2.004,2.004,0.0,0.0,0.0,0.0,3393.0,-3.697154027885167e+19,0.0,0.0,0.0,-0.0,0.0,0.0,0.0,0.0,0.0,0,-0.0,-0.0,0.0,0.0,0.0,0.0,0.0,0.0,0.0,0,0,0,0.0,0.0,0.0,0.0,0.0,0.0,0.0,0.0,0.0,0.0,0.0,0.0,0.0,0.0,0.0,0.0,0,-107875648.0,0,0.0,0,-107875648.0,-107877712.0,0,26215,17039,52429,17053,52429,17037,0,0,0,110,100,100,2.7302334150594743e+23,64.0,0.0,64.9,-107615304.0,69.0,1,49,50,180,0,39322,0,0,0.0,0.0,0.0,0.0,-360.52,65.0,0.0,-0.0,0.0,645,0,688,0,0,0,717,0,789,0,709,0,689,0,645,0,642,0,616,0.032,40632320.0,0.0,2.7302316136196234e+23,27792,16788,-0.001,1.131985365341204e+37,0.0,-0.0,17057.02,-1.421366098476623e+32,29.0,60.0,70,0.0,0.0,0.0,0.0,0.0,0.0,0.0,0.0,0.0,0.0,0.0,0.0,0.0,0.0,0.0,0.0,59.2,69,11,65508,41,65476,0,300,0,0,8,20529,65476,0,0,61604,60.0,0.0,0.0,0.0,0.0,0.0
2026-04-04T11:24:40,ERR,ERR,ERR,ERR,ERR,ERR,ERR,ERR,ERR,ERR,ERR,ERR,ERR,ERR,ERR,ERR,ERR,ERR,ERR,ERR,ERR,ERR,ERR,ERR,ERR,ERR,ERR,ERR,ERR,ERR,ERR,ERR,ERR,ERR,ERR,ERR,ERR,ERR,ERR,ERR,ERR,ERR,ERR,ERR,ERR,ERR,ERR,ERR,ERR,ERR,ERR,ERR,ERR,ERR,ERR,ERR,ERR,ERR,ERR,ERR,ERR,ERR,ERR,ERR,ERR,ERR,ERR,ERR,ERR,ERR,ERR,ERR,ERR,ERR,ERR,ERR,ERR,ERR,ERR,ERR,ERR,ERR,ERR,ERR,ERR,ERR,ERR,ERR,ERR,ERR,ERR,ERR,ERR,ERR,ERR,ERR,ERR,ERR,ERR,ERR,ERR,ERR,ERR,ERR,ERR,ERR,ERR,ERR,ERR,ERR,ERR,ERR,ERR,ERR,ERR,ERR,ERR,ERR,ERR,ERR,ERR,ERR,ERR,ERR,ERR,0.0,0.0,-101055584.0,0.0,0.0,0.0,0.0,nan,0,0,0,32768,0,0.0,0,0.0,0.0,0.0,0.0,0.0,0,0,0,0,0.0,0,0,0,0,0,0,0,0,0,0,0,0,0,0,0,0,0,0,0,0,0,0,0,0,0,0,0,0,0,0,0,0,0,0,0,0,0,0,0,0,0,0,0,0,0.0,0.0,0.0,0.0,0.0,0.0,0.0,0.0,0.0,0.0,0.0,0.0,0.0,0.0,0.0,0.0,0.0,0.0,0.0,0.0,0.0,0.0,-2.004,-2.004,-2.004,2.004,0.0,0.0,0.0,0.0,3393.0,-3.697154027885167e+19,0.0,0.0,0.0,-0.0,0.0,0.0,0.0,0.0,0.0,0,-0.0,-0.0,0.0,0.0,0.0,0.0,0.0,0.0,0.0,0,0,0,0.0,0.0,0.0,0.0,0.0,0.0,0.0,0.0,0.0,0.0,0.0,0.0,0.0,0.0,0.0,0.0,0,-107875648.0,0,0.0,0,-107875648.0,-107877712.0,0,26215,17039,52429,17053,52429,17037,0,0,0,110,100,100,2.7302334150594743e+23,64.0,0.0,64.5,0.0,68.5,1,49,50,180,0,39322,0,0,0.0,0.0,0.0,0.0,-33589301248.0,65.0,0.0,-0.0,0.0,645,0,688,0,0,0,717,0,789,0,709,0,689,0,645,0,642,0,616,0.032,44302336.0,0.0,2.7302316136196234e+23,19344,16788,-33589301248.0,-0.0,2.1279729516040684e+18,-0.0,-0.0,71.626,29.0,60.0,70,0.0,0.0,0.0,0.0,0.0,0.0,0.0,0.0,0.0,0.0,0.0,0.0,0.0,0.0,0.0,0.0,59.6,69,11,65508,41,65476,0,300,0,0,8,20529,65476,0,0,61604,60.0,0.0,0.0,0.0,0.0,0.0
2026-04-04T11:24:41,ERR,ERR,ERR,ERR,ERR,ERR,ERR,ERR,ERR,ERR,ERR,ERR,ERR,ERR,ERR,ERR,ERR,ERR,ERR,ERR,ERR,ERR,ERR,ERR,ERR,ERR,ERR,ERR,ERR,ERR,ERR,ERR,ERR,ERR,ERR,ERR,ERR,ERR,ERR,ERR,ERR,ERR,ERR,ERR,ERR,ERR,ERR,ERR,ERR,ERR,ERR,ERR,ERR,ERR,ERR,ERR,ERR,ERR,ERR,ERR,ERR,ERR,ERR,ERR,ERR,ERR,ERR,ERR,ERR,ERR,ERR,ERR,ERR,ERR,ERR,ERR,ERR,ERR,ERR,ERR,ERR,ERR,ERR,ERR,ERR,ERR,ERR,ERR,ERR,ERR,ERR,ERR,ERR,ERR,ERR,ERR,ERR,ERR,ERR,ERR,ERR,ERR,ERR,ERR,ERR,ERR,ERR,ERR,ERR,ERR,ERR,ERR,ERR,ERR,ERR,ERR,ERR,ERR,ERR,ERR,ERR,ERR,ERR,ERR,ERR,0.0,0.0,-101055584.0,0.0,0.0,0.0,0.0,nan,0,0,0,32768,0,0.0,0,0.0,0.0,0.0,0.0,0.0,0,0,0,0,0.0,0,0,0,0,0,0,0,0,0,0,0,0,0,0,0,0,0,0,0,0,0,0,0,0,0,0,0,0,0,0,0,0,0,0,0,0,0,0,0,0,0,0,0,0,0.0,0.0,0.0,0.0,0.0,0.0,0.0,0.0,0.0,0.0,0.0,0.0,0.0,0.0,0.0,0.0,0.0,0.0,0.0,0.0,0.0,0.0,-2.004,-2.004,-2.004,2.004,0.0,0.0,0.0,0.0,3393.0,-3.697154027885167e+19,0.0,0.0,0.0,-0.0,0.0,0.0,0.0,0.0,0.0,0,-0.0,-0.0,0.0,0.0,0.0,0.0,0.0,0.0,0.0,0,0,0,0.0,0.0,0.0,0.0,0.0,0.0,0.0,0.0,0.0,0.0,0.0,0.0,0.0,0.0,0.0,0.0,0,-107875648.0,0,0.0,0,-107875648.0,-107877712.0,0,26215,17039,52429,17053,52429,17037,0,0,0,110,100,100,2.7302334150594743e+23,64.0,0.0,64.5,0.0,68.5,1,49,50,180,0,39322,0,0,0.0,0.0,0.0,0.0,-33589301248.0,65.0,0.0,-0.0,0.0,645,0,688,0,0,0,717,0,789,0,709,0,689,0,645,0,642,0,616,0.032,44302336.0,0.0,2.7302316136196234e+23,19344,16788,-33589301248.0,-0.0,2.1279729516040684e+18,-0.0,-0.0,71.626,29.0,60.0,70,0.0,0.0,0.0,0.0,0.0,0.0,0.0,0.0,0.0,0.0,0.0,0.0,0.0,0.0,0.0,0.0,59.6,69,11,65508,41,65476,0,300,0,0,8,20529,65476,0,0,61604,60.0,0.0,0.0,0.0,0.0,0.0
2026-04-04T11:24:42,ERR,ERR,ERR,ERR,ERR,ERR,ERR,ERR,ERR,ERR,ERR,ERR,ERR,ERR,ERR,ERR,ERR,ERR,ERR,ERR,ERR,ERR,ERR,ERR,ERR,ERR,ERR,ERR,ERR,ERR,ERR,ERR,ERR,ERR,ERR,ERR,ERR,ERR,ERR,ERR,ERR,ERR,ERR,ERR,ERR,ERR,ERR,ERR,ERR,ERR,ERR,ERR,ERR,ERR,ERR,ERR,ERR,ERR,ERR,ERR,ERR,ERR,ERR,ERR,ERR,ERR,ERR,ERR,ERR,ERR,ERR,ERR,ERR,ERR,ERR,ERR,ERR,ERR,ERR,ERR,ERR,ERR,ERR,ERR,ERR,ERR,ERR,ERR,ERR,ERR,ERR,ERR,ERR,ERR,ERR,ERR,ERR,ERR,ERR,ERR,ERR,ERR,ERR,ERR,ERR,ERR,ERR,ERR,ERR,ERR,ERR,ERR,ERR,ERR,ERR,ERR,ERR,ERR,ERR,ERR,ERR,ERR,ERR,ERR,ERR,0.0,0.0,-101055584.0,0.0,0.0,0.0,0.0,nan,0,0,0,32768,0,0.0,0,0.0,0.0,0.0,0.0,0.0,0,0,0,0,0.0,0,0,0,0,0,0,0,0,0,0,0,0,0,0,0,0,0,0,0,0,0,0,0,0,0,0,0,0,0,0,0,0,0,0,0,0,0,0,0,0,0,0,0,0,0.0,0.0,0.0,0.0,0.0,0.0,0.0,0.0,0.0,0.0,0.0,0.0,0.0,0.0,0.0,0.0,0.0,0.0,0.0,0.0,0.0,0.0,-2.004,0.0,-2.004,2.004,0.0,0.0,0.0,0.0,3391.5,-0.0,0.0,0.0,0.0,-0.0,0.0,0.0,0.0,0.0,0.0,0,-0.0,5.848029934006574e+35,0.0,0.0,0.0,0.0,0.0,0.0,0.0,0,0,0,0.0,0.0,0.0,0.0,0.0,0.0,0.0,0.0,0.0,0.0,0.0,0.0,0.0,0.0,0.0,0.0,0,-107875648.0,0,0.0,0,-107875648.0,-107877712.0,0,26215,17039,52429,17053,52429,17037,0,0,0,110,100,100,2.7302334150594743e+23,64.0,0.0,64.5,0.0,68.5,1,49,50,180,0,39322,0,0,0.0,0.0,0.0,0.0,-33589301248.0,65.0,0.0,-0.0,0.0,645,0,688,0,0,0,717,0,789,0,709,0,689,0,645,0,642,0,616,0.032,44302336.0,0.0,2.7302316136196234e+23,19344,16788,-33589301248.0,-0.0,2.1279729516040684e+18,-0.0,-0.0,71.626,29.0,60.0,70,0.0,0.0,0.0,0.0,0.0,0.0,0.0,0.0,0.0,0.0,0.0,0.0,0.0,0.0,0.0,0.0,59.2,69,11,65508,41,65476,0,300,0,0,8,20529,65476,0,0,61604,60.0,0.0,0.0,0.0,0.0,0.0
2026-04-04T11:24:43,ERR,ERR,ERR,ERR,ERR,ERR,ERR,ERR,ERR,ERR,ERR,ERR,ERR,ERR,ERR,ERR,ERR,ERR,ERR,ERR,ERR,ERR,ERR,ERR,ERR,ERR,ERR,ERR,ERR,ERR,ERR,ERR,ERR,ERR,ERR,ERR,ERR,ERR,ERR,ERR,ERR,ERR,ERR,ERR,ERR,ERR,ERR,ERR,ERR,ERR,ERR,ERR,ERR,ERR,ERR,ERR,ERR,ERR,ERR,ERR,ERR,ERR,ERR,ERR,ERR,ERR,ERR,ERR,ERR,ERR,ERR,ERR,ERR,ERR,ERR,ERR,ERR,ERR,ERR,ERR,ERR,ERR,ERR,ERR,ERR,ERR,ERR,ERR,ERR,ERR,ERR,ERR,ERR,ERR,ERR,ERR,ERR,ERR,ERR,ERR,ERR,ERR,ERR,ERR,ERR,ERR,ERR,ERR,ERR,ERR,ERR,ERR,ERR,ERR,ERR,ERR,ERR,ERR,ERR,ERR,ERR,ERR,ERR,ERR,ERR,0.0,0.0,-101055584.0,0.0,0.0,0.0,0.0,nan,0,0,0,32768,0,0.0,0,0.0,0.0,0.0,0.0,0.0,0,0,0,0,0.0,0,0,0,0,0,0,0,0,0,0,0,0,0,0,0,0,0,0,0,0,0,0,0,0,0,0,0,0,0,0,0,0,0,0,0,0,0,0,0,0,0,0,0,0,0.0,0.0,0.0,0.0,0.0,0.0,0.0,0.0,0.0,0.0,0.0,0.0,0.0,0.0,0.0,0.0,0.0,0.0,0.0,0.0,0.0,0.0,-2.004,0.0,-2.004,2.004,0.0,0.0,0.0,0.0,3391.5,-0.0,0.0,0.0,0.0,-0.0,0.0,0.0,0.0,0.0,0.0,0,-0.0,5.848029934006574e+35,0.0,0.0,0.0,0.0,0.0,0.0,0.0,0,0,0,0.0,0.0,0.0,0.0,0.0,0.0,0.0,0.0,0.0,0.0,0.0,0.0,0.0,0.0,0.0,0.0,0,-107875648.0,0,0.0,0,-107875648.0,-107877712.0,0,26215,17039,52429,17053,52429,17037,0,0,0,110,100,100,2.7302334150594743e+23,64.0,0.0,64.5,0.0,68.5,1,49,50,180,0,39322,0,0,0.0,0.0,0.0,0.0,-33589301248.0,65.0,0.0,-0.0,0.0,645,0,688,0,0,0,717,0,789,0,709,0,689,0,645,0,642,0,616,0.032,44302336.0,0.0,2.7302316136196234e+23,19344,16788,-33589301248.0,-0.0,2.1279729516040684e+18,-0.0,-0.0,71.626,29.0,60.0,70,0.0,0.0,0.0,0.0,0.0,0.0,0.0,0.0,0.0,0.0,0.0,0.0,0.0,0.0,0.0,0.0,59.2,69,11,65508,41,65476,0,300,0,0,8,20529,65476,0,0,61604,60.0,0.0,0.0,0.0,0.0,0.0
2026-04-04T11:24:44,ERR,ERR,ERR,ERR,ERR,ERR,ERR,ERR,ERR,ERR,ERR,ERR,ERR,ERR,ERR,ERR,ERR,ERR,ERR,ERR,ERR,ERR,ERR,ERR,ERR,ERR,ERR,ERR,ERR,ERR,ERR,ERR,ERR,ERR,ERR,ERR,ERR,ERR,ERR,ERR,ERR,ERR,ERR,ERR,ERR,ERR,ERR,ERR,ERR,ERR,ERR,ERR,ERR,ERR,ERR,ERR,ERR,ERR,ERR,ERR,ERR,ERR,ERR,ERR,ERR,ERR,ERR,ERR,ERR,ERR,ERR,ERR,ERR,ERR,ERR,ERR,ERR,ERR,ERR,ERR,ERR,ERR,ERR,ERR,ERR,ERR,ERR,ERR,ERR,ERR,ERR,ERR,ERR,ERR,ERR,ERR,ERR,ERR,ERR,ERR,ERR,ERR,ERR,ERR,ERR,ERR,ERR,ERR,ERR,ERR,ERR,ERR,ERR,ERR,ERR,ERR,ERR,ERR,ERR,ERR,ERR,ERR,ERR,ERR,ERR,0.0,0.0,-101055584.0,0.0,0.0,0.0,0.0,nan,0,0,0,32768,0,0.0,0,0.0,0.0,0.0,0.0,0.0,0,0,0,0,0.0,0,0,0,0,0,0,0,0,0,0,0,0,0,0,0,0,0,0,0,0,0,0,0,0,0,0,0,0,0,0,0,0,0,0,0,0,0,0,0,0,0,0,0,0,0.0,0.0,0.0,0.0,0.0,0.0,0.0,0.0,0.0,0.0,0.0,0.0,0.0,0.0,0.0,0.0,0.0,0.0,0.0,0.0,0.0,0.0,-2.004,0.0,-2.004,2.004,0.0,0.0,0.0,0.0,3391.5,-0.0,0.0,0.0,0.0,-0.0,0.0,0.0,0.0,0.0,0.0,0,-0.0,5.848029934006574e+35,0.0,0.0,0.0,0.0,0.0,0.0,0.0,0,0,0,0.0,0.0,0.0,0.0,0.0,0.0,0.0,0.0,0.0,0.0,0.0,0.0,0.0,0.0,0.0,0.0,0,-107875648.0,0,0.0,0,-107875648.0,-107877712.0,0,26215,17039,52429,17053,52429,17037,0,0,0,110,100,100,2.7302334150594743e+23,64.0,0.0,64.9,-107615304.0,68.5,1,49,50,180,0,39322,0,0,0.0,0.0,0.0,0.0,-14303874.0,65.0,0.0,-2.4822857559907556e+23,0.0,645,0,688,0,0,0,717,0,789,0,709,0,689,0,645,0,642,0,616,0.032,55574528.0,0.0,2.7302316136196234e+23,31120,16788,-1919833469878272.0,-14586243710976.0,-0.0,-2099240448.0,-0.0,3.511978943254615e+26,29.0,60.0,70,0.0,0.0,0.0,0.0,0.0,0.0,0.0,0.0,0.0,0.0,0.0,0.0,0.0,0.0,0.0,0.0,59.6,69,11,65508,41,65476,0,300,0,0,8,20529,65476,0,0,61604,60.0,0.0,0.0,0.0,0.0,0.0
2026-04-04T11:24:45,ERR,ERR,ERR,ERR,ERR,ERR,ERR,ERR,ERR,ERR,ERR,ERR,ERR,ERR,ERR,ERR,ERR,ERR,ERR,ERR,ERR,ERR,ERR,ERR,ERR,ERR,ERR,ERR,ERR,ERR,ERR,ERR,ERR,ERR,ERR,ERR,ERR,ERR,ERR,ERR,ERR,ERR,ERR,ERR,ERR,ERR,ERR,ERR,ERR,ERR,ERR,ERR,ERR,ERR,ERR,ERR,ERR,ERR,ERR,ERR,ERR,ERR,ERR,ERR,ERR,ERR,ERR,ERR,ERR,ERR,ERR,ERR,ERR,ERR,ERR,ERR,ERR,ERR,ERR,ERR,ERR,ERR,ERR,ERR,ERR,ERR,ERR,ERR,ERR,ERR,ERR,ERR,ERR,ERR,ERR,ERR,ERR,ERR,ERR,ERR,ERR,ERR,ERR,ERR,ERR,ERR,ERR,ERR,ERR,ERR,ERR,ERR,ERR,ERR,ERR,ERR,ERR,ERR,ERR,ERR,ERR,ERR,ERR,ERR,ERR,0.0,0.0,-101055584.0,0.0,0.0,0.0,0.0,nan,0,0,0,32768,0,0.0,0,0.0,0.0,0.0,0.0,0.0,0,0,0,0,0.0,0,0,0,0,0,0,0,0,0,0,0,0,0,0,0,0,0,0,0,0,0,0,0,0,0,0,0,0,0,0,0,0,0,0,0,0,0,0,0,0,0,0,0,0,0.0,0.0,0.0,0.0,0.0,0.0,0.0,0.0,0.0,0.0,0.0,0.0,0.0,0.0,0.0,0.0,0.0,0.0,0.0,0.0,0.0,0.0,-2.004,0.0,-2.004,2.004,0.0,0.0,0.0,0.0,3391.5,-0.0,0.0,0.0,0.0,-0.0,0.0,0.0,0.0,0.0,0.0,0,-0.0,5.848029934006574e+35,0.0,0.0,0.0,0.0,0.0,0.0,0.0,0,0,0,0.0,0.0,0.0,0.0,0.0,0.0,0.0,0.0,0.0,0.0,0.0,0.0,0.0,0.0,0.0,0.0,0,-107875648.0,0,0.0,0,-107875648.0,-107877712.0,0,26215,17039,52429,17053,52429,17037,0,0,0,110,100,100,2.7302334150594743e+23,64.0,0.0,64.9,-107615304.0,68.5,1,49,50,180,0,39322,0,0,0.0,0.0,0.0,0.0,-14303874.0,65.0,0.0,-2.4822857559907556e+23,0.0,645,0,688,0,0,0,717,0,789,0,709,0,689,0,645,0,642,0,616,0.032,55574528.0,0.0,2.7302316136196234e+23,31120,16788,-1919833469878272.0,-14586243710976.0,-0.0,-2099240448.0,-0.0,3.511978943254615e+26,29.0,60.0,70,0.0,0.0,0.0,0.0,0.0,0.0,0.0,0.0,0.0,0.0,0.0,0.0,0.0,0.0,0.0,0.0,59.6,69,11,65508,41,65476,0,300,0,0,8,20529,65476,0,0,61604,60.0,0.0,0.0,0.0,0.0,0.0
2026-04-04T11:24:46,ERR,ERR,ERR,ERR,ERR,ERR,ERR,ERR,ERR,ERR,ERR,ERR,ERR,ERR,ERR,ERR,ERR,ERR,ERR,ERR,ERR,ERR,ERR,ERR,ERR,ERR,ERR,ERR,ERR,ERR,ERR,ERR,ERR,ERR,ERR,ERR,ERR,ERR,ERR,ERR,ERR,ERR,ERR,ERR,ERR,ERR,ERR,ERR,ERR,ERR,ERR,ERR,ERR,ERR,ERR,ERR,ERR,ERR,ERR,ERR,ERR,ERR,ERR,ERR,ERR,ERR,ERR,ERR,ERR,ERR,ERR,ERR,ERR,ERR,ERR,ERR,ERR,ERR,ERR,ERR,ERR,ERR,ERR,ERR,ERR,ERR,ERR,ERR,ERR,ERR,ERR,ERR,ERR,ERR,ERR,ERR,ERR,ERR,ERR,ERR,ERR,ERR,ERR,ERR,ERR,ERR,ERR,ERR,ERR,ERR,ERR,ERR,ERR,ERR,ERR,ERR,ERR,ERR,ERR,ERR,ERR,ERR,ERR,ERR,ERR,0.0,0.0,-101055584.0,0.0,0.0,0.0,0.0,nan,0,0,0,32768,0,0.0,0,0.0,0.0,0.0,0.0,0.0,0,0,0,0,0.0,0,0,0,0,0,0,0,0,0,0,0,0,0,0,0,0,0,0,0,0,0,0,0,0,0,0,0,0,0,0,0,0,0,0,0,0,0,0,0,0,0,0,0,0,0.0,0.0,0.0,0.0,0.0,0.0,0.0,0.0,0.0,0.0,0.0,0.0,0.0,0.0,0.0,0.0,0.0,0.0,0.0,0.0,0.0,0.0,-2.004,0.0,-2.004,2.004,0.0,0.0,0.0,0.0,3391.5,-0.0,0.0,0.0,0.0,-0.0,0.0,0.0,0.0,0.0,0.0,0,-0.0,5.848029934006574e+35,0.0,0.0,0.0,0.0,0.0,0.0,0.0,0,0,0,0.0,0.0,0.0,0.0,0.0,0.0,0.0,0.0,0.0,0.0,0.0,0.0,0.0,0.0,0.0,0.0,0,-107875648.0,0,0.0,0,-107875648.0,-107877712.0,0,26215,17039,52429,17053,52429,17037,0,0,0,110,100,100,2.7302334150594743e+23,64.0,0.0,64.9,-107615304.0,68.5,1,49,50,180,0,39322,0,0,0.0,0.0,0.0,0.0,-14303874.0,65.0,0.0,-2.4822857559907556e+23,0.0,645,0,688,0,0,0,717,0,789,0,709,0,689,0,645,0,642,0,616,0.032,55574528.0,0.0,2.7302316136196234e+23,31120,16788,-1919833469878272.0,-14586243710976.0,-0.0,-2099240448.0,-0.0,3.511978943254615e+26,29.0,60.0,70,0.0,0.0,0.0,0.0,0.0,0.0,0.0,0.0,0.0,0.0,0.0,0.0,0.0,0.0,0.0,0.0,59.6,69,11,65508,41,65476,0,300,0,0,8,20529,65476,0,0,61604,60.0,0.0,0.0,0.0,0.0,0.0
2026-04-04T11:24:47,ERR,ERR,ERR,ERR,ERR,ERR,ERR,ERR,ERR,ERR,ERR,ERR,ERR,ERR,ERR,ERR,ERR,ERR,ERR,ERR,ERR,ERR,ERR,ERR,ERR,ERR,ERR,ERR,ERR,ERR,ERR,ERR,ERR,ERR,ERR,ERR,ERR,ERR,ERR,ERR,ERR,ERR,ERR,ERR,ERR,ERR,ERR,ERR,ERR,ERR,ERR,ERR,ERR,ERR,ERR,ERR,ERR,ERR,ERR,ERR,ERR,ERR,ERR,ERR,ERR,ERR,ERR,ERR,ERR,ERR,ERR,ERR,ERR,ERR,ERR,ERR,ERR,ERR,ERR,ERR,ERR,ERR,ERR,ERR,ERR,ERR,ERR,ERR,ERR,ERR,ERR,ERR,ERR,ERR,ERR,ERR,ERR,ERR,ERR,ERR,ERR,ERR,ERR,ERR,ERR,ERR,ERR,ERR,ERR,ERR,ERR,ERR,ERR,ERR,ERR,ERR,ERR,ERR,ERR,ERR,ERR,ERR,ERR,ERR,ERR,0.0,0.0,-101055584.0,0.0,0.0,0.0,0.0,nan,0,0,0,32768,0,0.0,0,0.0,0.0,0.0,0.0,0.0,0,0,0,0,0.0,0,0,0,0,0,0,0,0,0,0,0,0,0,0,0,0,0,0,0,0,0,0,0,0,0,0,0,0,0,0,0,0,0,0,0,0,0,0,0,0,0,0,0,0,0.0,0.0,0.0,0.0,0.0,0.0,0.0,0.0,0.0,0.0,0.0,0.0,0.0,0.0,0.0,0.0,0.0,0.0,0.0,0.0,0.0,0.0,-2.004,0.0,-2.004,2.004,0.0,0.0,0.0,0.0,3391.5,-0.0,0.0,0.0,0.0,-0.0,0.0,0.0,0.0,0.0,0.0,0,-0.0,5.848029934006574e+35,0.0,0.0,0.0,0.0,0.0,0.0,0.0,0,0,0,0.0,0.0,0.0,0.0,0.0,0.0,0.0,0.0,0.0,0.0,0.0,0.0,0.0,0.0,0.0,0.0,0,-107875648.0,0,0.0,0,-107875648.0,-107877712.0,0,26215,17039,52429,17053,52429,17037,0,0,0,110,100,100,2.7302334150594743e+23,64.0,0.0,64.9,-107615304.0,68.5,1,49,50,180,0,39322,0,0,0.0,0.0,0.0,0.0,-14303874.0,65.0,0.0,-2.4822857559907556e+23,0.0,645,0,688,0,0,0,717,0,789,0,709,0,689,0,645,0,642,0,616,0.032,55574528.0,0.0,2.7302316136196234e+23,31120,16788,-1919833469878272.0,-14586243710976.0,-0.0,-2099240448.0,-0.0,3.511978943254615e+26,29.0,60.0,70,0.0,0.0,0.0,0.0,0.0,0.0,0.0,0.0,0.0,0.0,0.0,0.0,0.0,0.0,0.0,0.0,59.6,69,11,65508,41,65476,0,300,0,0,8,20529,65476,0,0,61604,60.0,0.0,0.0,0.0,0.0,0.0
2026-04-04T11:24:48,ERR,ERR,ERR,ERR,ERR,ERR,ERR,ERR,ERR,ERR,ERR,ERR,ERR,ERR,ERR,ERR,ERR,ERR,ERR,ERR,ERR,ERR,ERR,ERR,ERR,ERR,ERR,ERR,ERR,ERR,ERR,ERR,ERR,ERR,ERR,ERR,ERR,ERR,ERR,ERR,ERR,ERR,ERR,ERR,ERR,ERR,ERR,ERR,ERR,ERR,ERR,ERR,ERR,ERR,ERR,ERR,ERR,ERR,ERR,ERR,ERR,ERR,ERR,ERR,ERR,ERR,ERR,ERR,ERR,ERR,ERR,ERR,ERR,ERR,ERR,ERR,ERR,ERR,ERR,ERR,ERR,ERR,ERR,ERR,ERR,ERR,ERR,ERR,ERR,ERR,ERR,ERR,ERR,ERR,ERR,ERR,ERR,ERR,ERR,ERR,ERR,ERR,ERR,ERR,ERR,ERR,ERR,ERR,ERR,ERR,ERR,ERR,ERR,ERR,ERR,ERR,ERR,ERR,ERR,ERR,ERR,ERR,ERR,ERR,ERR,0.0,0.0,-101055584.0,0.0,0.0,0.0,0.0,nan,0,0,0,32768,0,0.0,0,0.0,0.0,0.0,0.0,0.0,0,0,0,0,0.0,0,0,0,0,0,0,0,0,0,0,0,0,0,0,0,0,0,0,0,0,0,0,0,0,0,0,0,0,0,0,0,0,0,0,0,0,0,0,0,0,0,0,0,0,0.0,0.0,0.0,0.0,0.0,0.0,0.0,0.0,0.0,0.0,0.0,0.0,0.0,0.0,0.0,0.0,0.0,0.0,0.0,0.0,0.0,0.0,-2.004,0.0,-2.004,2.004,0.0,0.0,0.0,0.0,3391.5,-0.0,0.0,0.0,0.0,-0.0,0.0,0.0,0.0,0.0,0.0,0,-0.0,5.848029934006574e+35,0.0,0.0,0.0,0.0,0.0,0.0,0.0,0,0,0,0.0,0.0,0.0,0.0,0.0,0.0,0.0,0.0,0.0,0.0,0.0,0.0,0.0,0.0,0.0,0.0,0,-107875648.0,0,0.0,0,-107875648.0,-107877712.0,0,26215,17039,52429,17053,52429,17037,0,0,0,110,100,100,2.7302334150594743e+23,64.0,0.0,64.9,-107615304.0,68.5,1,49,50,180,0,39322,0,0,0.0,0.0,0.0,0.0,-14303874.0,65.0,0.0,-2.4822857559907556e+23,0.0,645,0,688,0,0,0,717,0,789,0,709,0,689,0,645,0,642,0,616,0.032,55574528.0,0.0,2.7302316136196234e+23,31120,16788,-1919833469878272.0,-14586243710976.0,-0.0,-2099240448.0,-0.0,3.511978943254615e+26,29.0,60.0,70,0.0,0.0,0.0,0.0,0.0,0.0,0.0,0.0,0.0,0.0,0.0,0.0,0.0,0.0,0.0,0.0,59.6,69,11,65508,41,65476,0,300,0,0,8,20529,65476,0,0,61604,60.0,0.0,0.0,0.0,0.0,0.0
2026-04-04T11:24:49,ERR,ERR,ERR,ERR,ERR,ERR,ERR,ERR,ERR,ERR,ERR,ERR,ERR,ERR,ERR,ERR,ERR,ERR,ERR,ERR,ERR,ERR,ERR,ERR,ERR,ERR,ERR,ERR,ERR,ERR,ERR,ERR,ERR,ERR,ERR,ERR,ERR,ERR,ERR,ERR,ERR,ERR,ERR,ERR,ERR,ERR,ERR,ERR,ERR,ERR,ERR,ERR,ERR,ERR,ERR,ERR,ERR,ERR,ERR,ERR,ERR,ERR,ERR,ERR,ERR,ERR,ERR,ERR,ERR,ERR,ERR,ERR,ERR,ERR,ERR,ERR,ERR,ERR,ERR,ERR,ERR,ERR,ERR,ERR,ERR,ERR,ERR,ERR,ERR,ERR,ERR,ERR,ERR,ERR,ERR,ERR,ERR,ERR,ERR,ERR,ERR,ERR,ERR,ERR,ERR,ERR,ERR,ERR,ERR,ERR,ERR,ERR,ERR,ERR,ERR,ERR,ERR,ERR,ERR,ERR,ERR,ERR,ERR,ERR,ERR,0.0,0.0,-101055584.0,0.0,0.0,0.0,0.0,nan,0,0,0,32768,0,0.0,0,0.0,0.0,0.0,0.0,0.0,0,0,0,0,0.0,0,0,0,0,0,0,0,0,0,0,0,0,0,0,0,0,0,0,0,0,0,0,0,0,0,0,0,0,0,0,0,0,0,0,0,0,0,0,0,0,0,0,0,0,0.0,0.0,0.0,0.0,0.0,0.0,0.0,0.0,0.0,0.0,0.0,0.0,0.0,0.0,0.0,0.0,0.0,0.0,0.0,0.0,0.0,0.0,-2.004,0.0,-2.004,2.004,0.0,0.0,0.0,0.0,3391.5,-0.0,0.0,0.0,0.0,-0.0,0.0,0.0,0.0,0.0,0.0,0,-0.0,5.848029934006574e+35,0.0,0.0,0.0,0.0,0.0,0.0,0.0,0,0,0,0.0,0.0,0.0,0.0,0.0,0.0,0.0,0.0,0.0,0.0,0.0,0.0,0.0,0.0,0.0,0.0,0,-107875648.0,0,0.0,0,-107875648.0,-107877712.0,0,26215,17039,52429,17053,52429,17037,0,0,0,110,100,100,2.7302334150594743e+23,64.0,0.0,64.9,-107615304.0,68.5,1,49,50,180,0,39322,0,0,0.0,0.0,0.0,0.0,-14303874.0,65.0,0.0,-2.4822857559907556e+23,0.0,645,0,688,0,0,0,717,0,789,0,709,0,689,0,645,0,642,0,616,0.032,55574528.0,0.0,2.7302316136196234e+23,31120,16788,-1919833469878272.0,-14586243710976.0,-0.0,-2099240448.0,-0.0,3.511978943254615e+26,29.0,60.0,70,0.0,0.0,0.0,0.0,0.0,0.0,0.0,0.0,0.0,0.0,0.0,0.0,0.0,0.0,0.0,0.0,59.6,69,11,65508,41,65476,0,300,0,0,8,20529,65476,0,0,61604,60.0,0.0,0.0,0.0,0.0,0.0
2026-04-04T11:24:50,ERR,ERR,ERR,ERR,ERR,ERR,ERR,ERR,ERR,ERR,ERR,ERR,ERR,ERR,ERR,ERR,ERR,ERR,ERR,ERR,ERR,ERR,ERR,ERR,ERR,ERR,ERR,ERR,ERR,ERR,ERR,ERR,ERR,ERR,ERR,ERR,ERR,ERR,ERR,ERR,ERR,ERR,ERR,ERR,ERR,ERR,ERR,ERR,ERR,ERR,ERR,ERR,ERR,ERR,ERR,ERR,ERR,ERR,ERR,ERR,ERR,ERR,ERR,ERR,ERR,ERR,ERR,ERR,ERR,ERR,ERR,ERR,ERR,ERR,ERR,ERR,ERR,ERR,ERR,ERR,ERR,ERR,ERR,ERR,ERR,ERR,ERR,ERR,ERR,ERR,ERR,ERR,ERR,ERR,ERR,ERR,ERR,ERR,ERR,ERR,ERR,ERR,ERR,ERR,ERR,ERR,ERR,ERR,ERR,ERR,ERR,ERR,ERR,ERR,ERR,ERR,ERR,ERR,ERR,ERR,ERR,ERR,ERR,ERR,ERR,0.0,0.0,-101055584.0,0.0,0.0,0.0,0.0,nan,0,0,0,32768,0,0.0,0,0.0,0.0,0.0,0.0,0.0,0,0,0,0,0.0,0,0,0,0,0,0,0,0,0,0,0,0,0,0,0,0,0,0,0,0,0,0,0,0,0,0,0,0,0,0,0,0,0,0,0,0,0,0,0,0,0,0,0,0,0.0,0.0,0.0,0.0,0.0,0.0,0.0,0.0,0.0,0.0,0.0,0.0,0.0,0.0,0.0,0.0,0.0,0.0,0.0,0.0,0.0,0.0,-2.004,-2.004,-2.004,2.004,0.0,0.0,0.0,0.0,3378.5,-8608107520.0,0.0,0.0,0.0,-0.0,0.0,0.0,0.0,0.0,0.0,0,-0.0,-0.0,0.0,0.0,0.0,0.0,0.0,0.0,0.0,0,0,0,0.0,0.0,0.0,0.0,0.0,0.0,0.0,0.0,0.0,0.0,0.0,0.0,0.0,0.0,0.0,0.0,0,-107875648.0,0,0.0,0,-107875648.0,-107877712.0,0,26215,17039,52429,17053,52429,17037,0,0,0,110,100,100,2.7302334150594743e+23,64.0,0.0,64.9,-107615304.0,68.5,1,49,50,180,0,39322,0,0,0.0,0.0,0.0,0.0,-10502786.0,65.0,0.0,0.0,0.0,645,0,688,0,0,0,717,0,789,0,709,0,689,0,645,0,642,0,616,0.032,36700160.0,0.0,2.7302316136196234e+23,34960,16788,-2753242333184.0,-7.155308321964051e+36,-0.0,10687017984.0,-0.0,2.7286438363608363e+32,29.0,60.0,70,0.0,0.0,0.0,0.0,0.0,0.0,0.0,0.0,0.0,0.0,0.0,0.0,0.0,0.0,0.0,0.0,59.6,69,11,65508,41,65476,0,300,0,0,8,20529,65476,0,0,61604,60.0,0.0,0.0,0.0,0.0,0.0
2026-04-04T11:24:51,ERR,ERR,ERR,ERR,ERR,ERR,ERR,ERR,ERR,ERR,ERR,ERR,ERR,ERR,ERR,ERR,ERR,ERR,ERR,ERR,ERR,ERR,ERR,ERR,ERR,ERR,ERR,ERR,ERR,ERR,ERR,ERR,ERR,ERR,ERR,ERR,ERR,ERR,ERR,ERR,ERR,ERR,ERR,ERR,ERR,ERR,ERR,ERR,ERR,ERR,ERR,ERR,ERR,ERR,ERR,ERR,ERR,ERR,ERR,ERR,ERR,ERR,ERR,ERR,ERR,ERR,ERR,ERR,ERR,ERR,ERR,ERR,ERR,ERR,ERR,ERR,ERR,ERR,ERR,ERR,ERR,ERR,ERR,ERR,ERR,ERR,ERR,ERR,ERR,ERR,ERR,ERR,ERR,ERR,ERR,ERR,ERR,ERR,ERR,ERR,ERR,ERR,ERR,ERR,ERR,ERR,ERR,ERR,ERR,ERR,ERR,ERR,ERR,ERR,ERR,ERR,ERR,ERR,ERR,ERR,ERR,ERR,ERR,ERR,ERR,0.0,0.0,-101055584.0,0.0,0.0,0.0,0.0,nan,0,0,0,32768,0,0.0,0,0.0,0.0,0.0,0.0,0.0,0,0,0,0,0.0,0,0,0,0,0,0,0,0,0,0,0,0,0,0,0,0,0,0,0,0,0,0,0,0,0,0,0,0,0,0,0,0,0,0,0,0,0,0,0,0,0,0,0,0,0.0,0.0,0.0,0.0,0.0,0.0,0.0,0.0,0.0,0.0,0.0,0.0,0.0,0.0,0.0,0.0,0.0,0.0,0.0,0.0,0.0,0.0,-2.004,-2.004,-2.004,2.004,0.0,0.0,0.0,0.0,3378.5,-8608107520.0,0.0,0.0,0.0,-0.0,0.0,0.0,0.0,0.0,0.0,0,-0.0,-0.0,0.0,0.0,0.0,0.0,0.0,0.0,0.0,0,0,0,0.0,0.0,0.0,0.0,0.0,0.0,0.0,0.0,0.0,0.0,0.0,0.0,0.0,0.0,0.0,0.0,0,-107875648.0,0,0.0,0,-107875648.0,-107877712.0,0,26215,17039,52429,17053,52429,17037,0,0,0,110,100,100,2.7302334150594743e+23,64.0,0.0,64.9,-107615304.0,68.5,1,49,50,180,0,39322,0,0,0.0,0.0,0.0,0.0,-10502786.0,65.0,0.0,0.0,0.0,645,0,688,0,0,0,717,0,789,0,709,0,689,0,645,0,642,0,616,0.032,36700160.0,0.0,2.7302316136196234e+23,34960,16788,-2753242333184.0,-7.155308321964051e+36,-0.0,10687017984.0,-0.0,2.7286438363608363e+32,29.0,60.0,70,0.0,0.0,0.0,0.0,0.0,0.0,0.0,0.0,0.0,0.0,0.0,0.0,0.0,0.0,0.0,0.0,59.6,69,11,65508,41,65476,0,300,0,0,8,20529,65476,0,0,61604,60.0,0.0,0.0,0.0,0.0,0.0
2026-04-04T11:24:52,ERR,ERR,ERR,ERR,ERR,ERR,ERR,ERR,ERR,ERR,ERR,ERR,ERR,ERR,ERR,ERR,ERR,ERR,ERR,ERR,ERR,ERR,ERR,ERR,ERR,ERR,ERR,ERR,ERR,ERR,ERR,ERR,ERR,ERR,ERR,ERR,ERR,ERR,ERR,ERR,ERR,ERR,ERR,ERR,ERR,ERR,ERR,ERR,ERR,ERR,ERR,ERR,ERR,ERR,ERR,ERR,ERR,ERR,ERR,ERR,ERR,ERR,ERR,ERR,ERR,ERR,ERR,ERR,ERR,ERR,ERR,ERR,ERR,ERR,ERR,ERR,ERR,ERR,ERR,ERR,ERR,ERR,ERR,ERR,ERR,ERR,ERR,ERR,ERR,ERR,ERR,ERR,ERR,ERR,ERR,ERR,ERR,ERR,ERR,ERR,ERR,ERR,ERR,ERR,ERR,ERR,ERR,ERR,ERR,ERR,ERR,ERR,ERR,ERR,ERR,ERR,ERR,ERR,ERR,ERR,ERR,ERR,ERR,ERR,ERR,0.0,0.0,-101055584.0,0.0,0.0,0.0,0.0,nan,0,0,0,32768,0,0.0,0,0.0,0.0,0.0,0.0,0.0,0,0,0,0,0.0,0,0,0,0,0,0,0,0,0,0,0,0,0,0,0,0,0,0,0,0,0,0,0,0,0,0,0,0,0,0,0,0,0,0,0,0,0,0,0,0,0,0,0,0,0.0,0.0,0.0,0.0,0.0,0.0,0.0,0.0,0.0,0.0,0.0,0.0,0.0,0.0,0.0,0.0,0.0,0.0,0.0,0.0,0.0,0.0,-2.004,-2.004,-2.004,2.004,0.0,0.0,0.0,0.0,3378.5,-8608107520.0,0.0,0.0,0.0,-0.0,0.0,0.0,0.0,0.0,0.0,0,-0.0,-0.0,0.0,0.0,0.0,0.0,0.0,0.0,0.0,0,0,0,0.0,0.0,0.0,0.0,0.0,0.0,0.0,0.0,0.0,0.0,0.0,0.0,0.0,0.0,0.0,0.0,0,-107875648.0,0,0.0,0,-107875648.0,-107877712.0,0,26215,17039,52429,17053,52429,17037,0,0,0,110,100,100,2.7302334150594743e+23,64.0,0.0,64.9,-107615304.0,68.5,1,49,50,180,0,39322,0,0,0.0,0.0,0.0,0.0,-10502786.0,65.0,0.0,0.0,0.0,645,0,688,0,0,0,717,0,789,0,709,0,689,0,645,0,642,0,616,0.032,36700160.0,0.0,2.7302316136196234e+23,34960,16788,-2753242333184.0,-7.155308321964051e+36,-0.0,10687017984.0,-0.0,2.7286438363608363e+32,29.0,60.0,70,0.0,0.0,0.0,0.0,0.0,0.0,0.0,0.0,0.0,0.0,0.0,0.0,0.0,0.0,0.0,0.0,59.2,69,11,65508,41,65476,0,300,0,0,8,20529,65476,0,0,61604,60.0,0.0,0.0,0.0,0.0,0.0
2026-04-04T11:24:53,ERR,ERR,ERR,ERR,ERR,ERR,ERR,ERR,ERR,ERR,ERR,ERR,ERR,ERR,ERR,ERR,ERR,ERR,ERR,ERR,ERR,ERR,ERR,ERR,ERR,ERR,ERR,ERR,ERR,ERR,ERR,ERR,ERR,ERR,ERR,ERR,ERR,ERR,ERR,ERR,ERR,ERR,ERR,ERR,ERR,ERR,ERR,ERR,ERR,ERR,ERR,ERR,ERR,ERR,ERR,ERR,ERR,ERR,ERR,ERR,ERR,ERR,ERR,ERR,ERR,ERR,ERR,ERR,ERR,ERR,ERR,ERR,ERR,ERR,ERR,ERR,ERR,ERR,ERR,ERR,ERR,ERR,ERR,ERR,ERR,ERR,ERR,ERR,ERR,ERR,ERR,ERR,ERR,ERR,ERR,ERR,ERR,ERR,ERR,ERR,ERR,ERR,ERR,ERR,ERR,ERR,ERR,ERR,ERR,ERR,ERR,ERR,ERR,ERR,ERR,ERR,ERR,ERR,ERR,ERR,ERR,ERR,ERR,ERR,ERR,0.0,0.0,-101055584.0,0.0,0.0,0.0,0.0,nan,0,0,0,32768,0,0.0,0,0.0,0.0,0.0,0.0,0.0,0,0,0,0,0.0,0,0,0,0,0,0,0,0,0,0,0,0,0,0,0,0,0,0,0,0,0,0,0,0,0,0,0,0,0,0,0,0,0,0,0,0,0,0,0,0,0,0,0,0,0.0,0.0,0.0,0.0,0.0,0.0,0.0,0.0,0.0,0.0,0.0,0.0,0.0,0.0,0.0,0.0,0.0,0.0,0.0,0.0,0.0,0.0,-2.004,-2.004,-2.004,2.004,0.0,0.0,0.0,0.0,3378.5,-8608107520.0,0.0,0.0,0.0,-0.0,0.0,0.0,0.0,0.0,0.0,0,-0.0,-0.0,0.0,0.0,0.0,0.0,0.0,0.0,0.0,0,0,0,0.0,0.0,0.0,0.0,0.0,0.0,0.0,0.0,0.0,0.0,0.0,0.0,0.0,0.0,0.0,0.0,0,-107875648.0,0,0.0,0,-107875648.0,-107877712.0,0,26215,17039,52429,17053,52429,17037,0,0,0,110,100,100,2.7302334150594743e+23,64.0,0.0,64.9,-107615304.0,68.5,1,49,50,180,0,39322,0,0,0.0,0.0,0.0,0.0,-10502786.0,65.0,0.0,0.0,0.0,645,0,688,0,0,0,717,0,789,0,709,0,689,0,645,0,642,0,616,0.032,36700160.0,0.0,2.7302316136196234e+23,34960,16788,-2753242333184.0,-7.155308321964051e+36,-0.0,10687017984.0,-0.0,2.7286438363608363e+32,29.0,60.0,70,0.0,0.0,0.0,0.0,0.0,0.0,0.0,0.0,0.0,0.0,0.0,0.0,0.0,0.0,0.0,0.0,59.2,69,11,65508,41,65476,0,300,0,0,8,20529,65476,0,0,61604,60.0,0.0,0.0,0.0,0.0,0.0
2026-04-04T11:24:54,ERR,ERR,ERR,ERR,ERR,ERR,ERR,ERR,ERR,ERR,ERR,ERR,ERR,ERR,ERR,ERR,ERR,ERR,ERR,ERR,ERR,ERR,ERR,ERR,ERR,ERR,ERR,ERR,ERR,ERR,ERR,ERR,ERR,ERR,ERR,ERR,ERR,ERR,ERR,ERR,ERR,ERR,ERR,ERR,ERR,ERR,ERR,ERR,ERR,ERR,ERR,ERR,ERR,ERR,ERR,ERR,ERR,ERR,ERR,ERR,ERR,ERR,ERR,ERR,ERR,ERR,ERR,ERR,ERR,ERR,ERR,ERR,ERR,ERR,ERR,ERR,ERR,ERR,ERR,ERR,ERR,ERR,ERR,ERR,ERR,ERR,ERR,ERR,ERR,ERR,ERR,ERR,ERR,ERR,ERR,ERR,ERR,ERR,ERR,ERR,ERR,ERR,ERR,ERR,ERR,ERR,ERR,ERR,ERR,ERR,ERR,ERR,ERR,ERR,ERR,ERR,ERR,ERR,ERR,ERR,ERR,ERR,ERR,ERR,ERR,0.0,0.0,-101055584.0,0.0,0.0,0.0,0.0,nan,0,0,0,32768,0,0.0,0,0.0,0.0,0.0,0.0,0.0,0,0,0,0,0.0,0,0,0,0,0,0,0,0,0,0,0,0,0,0,0,0,0,0,0,0,0,0,0,0,0,0,0,0,0,0,0,0,0,0,0,0,0,0,0,0,0,0,0,0,0.0,0.0,0.0,0.0,0.0,0.0,0.0,0.0,0.0,0.0,0.0,0.0,0.0,0.0,0.0,0.0,0.0,0.0,0.0,0.0,0.0,0.0,-2.004,-2.004,-2.004,2.004,0.0,0.0,0.0,0.0,3378.5,-8608107520.0,0.0,0.0,0.0,-0.0,0.0,0.0,0.0,0.0,0.0,0,-0.0,-0.0,0.0,0.0,0.0,0.0,0.0,0.0,0.0,0,0,0,0.0,0.0,0.0,0.0,0.0,0.0,0.0,0.0,0.0,0.0,0.0,0.0,0.0,0.0,0.0,0.0,0,-107875648.0,0,0.0,0,-107875648.0,-107877712.0,0,26215,17039,52429,17053,52429,17037,0,0,0,110,100,100,2.7302334150594743e+23,64.0,0.0,64.9,-107615304.0,68.5,1,49,50,180,0,39322,0,0,0.0,0.0,0.0,0.0,-10502786.0,65.0,0.0,0.0,0.0,645,0,688,0,0,0,717,0,789,0,709,0,689,0,645,0,642,0,616,0.032,36700160.0,0.0,2.7302316136196234e+23,34960,16788,-2753242333184.0,-7.155308321964051e+36,-0.0,10687017984.0,-0.0,2.7286438363608363e+32,29.0,60.0,70,0.0,0.0,0.0,0.0,0.0,0.0,0.0,0.0,0.0,0.0,0.0,0.0,0.0,0.0,0.0,0.0,59.2,69,11,65508,41,65476,0,300,0,0,8,20529,65476,0,0,61604,60.0,0.0,0.0,0.0,0.0,0.0
2026-04-04T11:24:55,ERR,ERR,ERR,ERR,ERR,ERR,ERR,ERR,ERR,ERR,ERR,ERR,ERR,ERR,ERR,ERR,ERR,ERR,ERR,ERR,ERR,ERR,ERR,ERR,ERR,ERR,ERR,ERR,ERR,ERR,ERR,ERR,ERR,ERR,ERR,ERR,ERR,ERR,ERR,ERR,ERR,ERR,ERR,ERR,ERR,ERR,ERR,ERR,ERR,ERR,ERR,ERR,ERR,ERR,ERR,ERR,ERR,ERR,ERR,ERR,ERR,ERR,ERR,ERR,ERR,ERR,ERR,ERR,ERR,ERR,ERR,ERR,ERR,ERR,ERR,ERR,ERR,ERR,ERR,ERR,ERR,ERR,ERR,ERR,ERR,ERR,ERR,ERR,ERR,ERR,ERR,ERR,ERR,ERR,ERR,ERR,ERR,ERR,ERR,ERR,ERR,ERR,ERR,ERR,ERR,ERR,ERR,ERR,ERR,ERR,ERR,ERR,ERR,ERR,ERR,ERR,ERR,ERR,ERR,ERR,ERR,ERR,ERR,ERR,ERR,0.0,0.0,-101055584.0,0.0,0.0,0.0,0.0,nan,0,0,0,32768,0,0.0,0,0.0,0.0,0.0,0.0,0.0,0,0,0,0,0.0,0,0,0,0,0,0,0,0,0,0,0,0,0,0,0,0,0,0,0,0,0,0,0,0,0,0,0,0,0,0,0,0,0,0,0,0,0,0,0,0,0,0,0,0,0.0,0.0,0.0,0.0,0.0,0.0,0.0,0.0,0.0,0.0,0.0,0.0,0.0,0.0,0.0,0.0,0.0,0.0,0.0,0.0,0.0,0.0,-2.004,-2.004,-2.004,2.004,0.0,0.0,0.0,0.0,3378.5,-8608107520.0,0.0,0.0,0.0,-0.0,0.0,0.0,0.0,0.0,0.0,0,-0.0,-0.0,0.0,0.0,0.0,0.0,0.0,0.0,0.0,0,0,0,0.0,0.0,0.0,0.0,0.0,0.0,0.0,0.0,0.0,0.0,0.0,0.0,0.0,0.0,0.0,0.0,0,-107875648.0,0,0.0,0,-107875648.0,-107877712.0,0,26215,17039,52429,17053,52429,17037,0,0,0,110,100,100,2.7302334150594743e+23,64.0,0.0,64.9,-107615304.0,68.5,1,49,50,180,0,39322,0,0,0.0,0.0,0.0,0.0,-10502786.0,65.0,0.0,0.0,0.0,645,0,688,0,0,0,717,0,789,0,709,0,689,0,645,0,642,0,616,0.032,36700160.0,0.0,2.7302316136196234e+23,34960,16788,-2753242333184.0,-7.155308321964051e+36,-0.0,10687017984.0,-0.0,2.7286438363608363e+32,29.0,60.0,70,0.0,0.0,0.0,0.0,0.0,0.0,0.0,0.0,0.0,0.0,0.0,0.0,0.0,0.0,0.0,0.0,59.2,69,11,65508,41,65476,0,300,0,0,8,20529,65476,0,0,61604,60.0,0.0,0.0,0.0,0.0,0.0
2026-04-04T11:24:56,ERR,ERR,ERR,ERR,ERR,ERR,ERR,ERR,ERR,ERR,ERR,ERR,ERR,ERR,ERR,ERR,ERR,ERR,ERR,ERR,ERR,ERR,ERR,ERR,ERR,ERR,ERR,ERR,ERR,ERR,ERR,ERR,ERR,ERR,ERR,ERR,ERR,ERR,ERR,ERR,ERR,ERR,ERR,ERR,ERR,ERR,ERR,ERR,ERR,ERR,ERR,ERR,ERR,ERR,ERR,ERR,ERR,ERR,ERR,ERR,ERR,ERR,ERR,ERR,ERR,ERR,ERR,ERR,ERR,ERR,ERR,ERR,ERR,ERR,ERR,ERR,ERR,ERR,ERR,ERR,ERR,ERR,ERR,ERR,ERR,ERR,ERR,ERR,ERR,ERR,ERR,ERR,ERR,ERR,ERR,ERR,ERR,ERR,ERR,ERR,ERR,ERR,ERR,ERR,ERR,ERR,ERR,ERR,ERR,ERR,ERR,ERR,ERR,ERR,ERR,ERR,ERR,ERR,ERR,ERR,ERR,ERR,ERR,ERR,ERR,0.0,0.0,-101055584.0,0.0,0.0,0.0,0.0,nan,0,0,0,32768,0,0.0,0,0.0,0.0,0.0,0.0,0.0,0,0,0,0,0.0,0,0,0,0,0,0,0,0,0,0,0,0,0,0,0,0,0,0,0,0,0,0,0,0,0,0,0,0,0,0,0,0,0,0,0,0,0,0,0,0,0,0,0,0,0.0,0.0,0.0,0.0,0.0,0.0,0.0,0.0,0.0,0.0,0.0,0.0,0.0,0.0,0.0,0.0,0.0,0.0,0.0,0.0,0.0,0.0,-2.004,-2.004,-2.004,2.004,0.0,0.0,0.0,0.0,3378.5,-8608107520.0,0.0,0.0,0.0,-0.0,0.0,0.0,0.0,0.0,0.0,0,-0.0,-0.0,0.0,0.0,0.0,0.0,0.0,0.0,0.0,0,0,0,0.0,0.0,0.0,0.0,0.0,0.0,0.0,0.0,0.0,0.0,0.0,0.0,0.0,0.0,0.0,0.0,0,-107875648.0,0,0.0,0,-107875648.0,-107877712.0,0,26215,17039,52429,17053,52429,17037,0,0,0,110,100,100,2.7302334150594743e+23,64.0,0.0,64.9,0.0,69.0,1,49,50,180,0,39322,0,0,0.0,0.0,0.0,0.0,-3879895552.0,65.0,0.0,0.0,0.0,645,0,688,0,0,0,716,0,789,0,709,0,689,0,645,0,642,0,616,0.032,36700160.0,0.0,2.7302316136196234e+23,39952,16788,-3.923981764866867e+17,8.642587265959123e+21,-3.6891099763346727e+30,0.0,-1.6866698035839631e+18,-3.176,29.0,60.0,70,0.0,0.0,0.0,0.0,0.0,0.0,0.0,0.0,0.0,0.0,0.0,0.0,0.0,0.0,0.0,0.0,59.2,69,11,65508,41,65476,0,300,0,0,8,20529,65476,0,0,61604,60.0,0.0,0.0,0.0,0.0,0.0
2026-04-04T11:24:57,ERR,ERR,ERR,ERR,ERR,ERR,ERR,ERR,ERR,ERR,ERR,ERR,ERR,ERR,ERR,ERR,ERR,ERR,ERR,ERR,ERR,ERR,ERR,ERR,ERR,ERR,ERR,ERR,ERR,ERR,ERR,ERR,ERR,ERR,ERR,ERR,ERR,ERR,ERR,ERR,ERR,ERR,ERR,ERR,ERR,ERR,ERR,ERR,ERR,ERR,ERR,ERR,ERR,ERR,ERR,ERR,ERR,ERR,ERR,ERR,ERR,ERR,ERR,ERR,ERR,ERR,ERR,ERR,ERR,ERR,ERR,ERR,ERR,ERR,ERR,ERR,ERR,ERR,ERR,ERR,ERR,ERR,ERR,ERR,ERR,ERR,ERR,ERR,ERR,ERR,ERR,ERR,ERR,ERR,ERR,ERR,ERR,ERR,ERR,ERR,ERR,ERR,ERR,ERR,ERR,ERR,ERR,ERR,ERR,ERR,ERR,ERR,ERR,ERR,ERR,ERR,ERR,ERR,ERR,ERR,ERR,ERR,ERR,ERR,ERR,0.0,0.0,-101055584.0,0.0,0.0,0.0,0.0,nan,0,0,0,32768,0,0.0,0,0.0,0.0,0.0,0.0,0.0,0,0,0,0,0.0,0,0,0,0,0,0,0,0,0,0,0,0,0,0,0,0,0,0,0,0,0,0,0,0,0,0,0,0,0,0,0,0,0,0,0,0,0,0,0,0,0,0,0,0,0.0,0.0,0.0,0.0,0.0,0.0,0.0,0.0,0.0,0.0,0.0,0.0,0.0,0.0,0.0,0.0,0.0,0.0,0.0,0.0,0.0,0.0,-2.004,-2.004,-2.004,2.004,0.0,0.0,0.0,0.0,3378.5,-8608107520.0,0.0,0.0,0.0,-0.0,0.0,0.0,0.0,0.0,0.0,0,-0.0,-0.0,0.0,0.0,0.0,0.0,0.0,0.0,0.0,0,0,0,0.0,0.0,0.0,0.0,0.0,0.0,0.0,0.0,0.0,0.0,0.0,0.0,0.0,0.0,0.0,0.0,0,-107875648.0,0,0.0,0,-107875648.0,-107877712.0,0,26215,17039,52429,17053,52429,17037,0,0,0,110,100,100,2.7302334150594743e+23,64.0,0.0,64.9,0.0,69.0,1,49,50,180,0,39322,0,0,0.0,0.0,0.0,0.0,-3879895552.0,65.0,0.0,0.0,0.0,645,0,688,0,0,0,716,0,789,0,709,0,689,0,645,0,642,0,616,0.032,36700160.0,0.0,2.7302316136196234e+23,39952,16788,-3.923981764866867e+17,8.642587265959123e+21,-3.6891099763346727e+30,0.0,-1.6866698035839631e+18,-3.176,29.0,60.0,70,0.0,0.0,0.0,0.0,0.0,0.0,0.0,0.0,0.0,0.0,0.0,0.0,0.0,0.0,0.0,0.0,59.2,69,11,65508,41,65476,0,300,0,0,8,20529,65476,0,0,61604,60.0,0.0,0.0,0.0,0.0,0.0
2026-04-04T11:24:58,ERR,ERR,ERR,ERR,ERR,ERR,ERR,ERR,ERR,ERR,ERR,ERR,ERR,ERR,ERR,ERR,ERR,ERR,ERR,ERR,ERR,ERR,ERR,ERR,ERR,ERR,ERR,ERR,ERR,ERR,ERR,ERR,ERR,ERR,ERR,ERR,ERR,ERR,ERR,ERR,ERR,ERR,ERR,ERR,ERR,ERR,ERR,ERR,ERR,ERR,ERR,ERR,ERR,ERR,ERR,ERR,ERR,ERR,ERR,ERR,ERR,ERR,ERR,ERR,ERR,ERR,ERR,ERR,ERR,ERR,ERR,ERR,ERR,ERR,ERR,ERR,ERR,ERR,ERR,ERR,ERR,ERR,ERR,ERR,ERR,ERR,ERR,ERR,ERR,ERR,ERR,ERR,ERR,ERR,ERR,ERR,ERR,ERR,ERR,ERR,ERR,ERR,ERR,ERR,ERR,ERR,ERR,ERR,ERR,ERR,ERR,ERR,ERR,ERR,ERR,ERR,ERR,ERR,ERR,ERR,ERR,ERR,ERR,ERR,ERR,0.0,0.0,-101055584.0,0.0,0.0,0.0,0.0,nan,0,0,0,32768,0,0.0,0,0.0,0.0,0.0,0.0,0.0,0,0,0,0,0.0,0,0,0,0,0,0,0,0,0,0,0,0,0,0,0,0,0,0,0,0,0,0,0,0,0,0,0,0,0,0,0,0,0,0,0,0,0,0,0,0,0,0,0,0,0.0,0.0,0.0,0.0,0.0,0.0,0.0,0.0,0.0,0.0,0.0,0.0,0.0,0.0,0.0,0.0,0.0,0.0,0.0,0.0,0.0,0.0,-2.004,-2.004,-2.004,2.004,0.0,0.0,0.0,0.0,3378.5,-8608107520.0,0.0,0.0,0.0,-0.0,0.0,0.0,0.0,0.0,0.0,0,-0.0,-0.0,0.0,0.0,0.0,0.0,0.0,0.0,0.0,0,0,0,0.0,0.0,0.0,0.0,0.0,0.0,0.0,0.0,0.0,0.0,0.0,0.0,0.0,0.0,0.0,0.0,0,-107875648.0,0,0.0,0,-107875648.0,-107877712.0,0,26215,17039,52429,17053,52429,17037,0,0,0,110,100,100,2.7302334150594743e+23,64.0,0.0,64.9,0.0,69.0,1,49,50,180,0,39322,0,0,0.0,0.0,0.0,0.0,-3879895552.0,65.0,0.0,0.0,0.0,645,0,688,0,0,0,716,0,789,0,709,0,689,0,645,0,642,0,616,0.032,36700160.0,0.0,2.7302316136196234e+23,39952,16788,-3.923981764866867e+17,8.642587265959123e+21,-3.6891099763346727e+30,0.0,-1.6866698035839631e+18,-3.176,29.0,60.0,70,0.0,0.0,0.0,0.0,0.0,0.0,0.0,0.0,0.0,0.0,0.0,0.0,0.0,0.0,0.0,0.0,59.6,69,11,65508,41,65476,0,300,0,0,8,20529,65476,0,0,61604,60.0,0.0,0.0,0.0,0.0,0.0
2026-04-04T11:24:59,ERR,ERR,ERR,ERR,ERR,ERR,ERR,ERR,ERR,ERR,ERR,ERR,ERR,ERR,ERR,ERR,ERR,ERR,ERR,ERR,ERR,ERR,ERR,ERR,ERR,ERR,ERR,ERR,ERR,ERR,ERR,ERR,ERR,ERR,ERR,ERR,ERR,ERR,ERR,ERR,ERR,ERR,ERR,ERR,ERR,ERR,ERR,ERR,ERR,ERR,ERR,ERR,ERR,ERR,ERR,ERR,ERR,ERR,ERR,ERR,ERR,ERR,ERR,ERR,ERR,ERR,ERR,ERR,ERR,ERR,ERR,ERR,ERR,ERR,ERR,ERR,ERR,ERR,ERR,ERR,ERR,ERR,ERR,ERR,ERR,ERR,ERR,ERR,ERR,ERR,ERR,ERR,ERR,ERR,ERR,ERR,ERR,ERR,ERR,ERR,ERR,ERR,ERR,ERR,ERR,ERR,ERR,ERR,ERR,ERR,ERR,ERR,ERR,ERR,ERR,ERR,ERR,ERR,ERR,ERR,ERR,ERR,ERR,ERR,ERR,0.0,0.0,-101055584.0,0.0,0.0,0.0,0.0,nan,0,0,0,32768,0,0.0,0,0.0,0.0,0.0,0.0,0.0,0,0,0,0,0.0,0,0,0,0,0,0,0,0,0,0,0,0,0,0,0,0,0,0,0,0,0,0,0,0,0,0,0,0,0,0,0,0,0,0,0,0,0,0,0,0,0,0,0,0,0.0,0.0,0.0,0.0,0.0,0.0,0.0,0.0,0.0,0.0,0.0,0.0,0.0,0.0,0.0,0.0,0.0,0.0,0.0,0.0,0.0,0.0,-2.004,0.0,-2.004,2.004,0.0,0.0,0.0,0.0,3407.5,0.0,0.0,0.0,0.0,-0.0,0.0,0.0,0.0,0.0,0.0,0,-0.0,-0.0,0.0,0.0,0.0,0.0,0.0,0.0,0.0,0,0,0,0.0,0.0,0.0,0.0,0.0,0.0,0.0,0.0,0.0,0.0,0.0,0.0,0.0,0.0,0.0,0.0,0,-107875648.0,0,0.0,0,-107875648.0,-107877712.0,0,26215,17039,52429,17053,52429,17037,0,0,0,110,100,100,2.7302334150594743e+23,64.0,0.0,64.9,0.0,69.0,1,49,50,180,0,39322,0,0,0.0,0.0,0.0,0.0,-3879895552.0,65.0,0.0,0.0,0.0,645,0,688,0,0,0,716,0,789,0,709,0,689,0,645,0,642,0,616,0.032,36700160.0,0.0,2.7302316136196234e+23,39952,16788,-3.923981764866867e+17,8.642587265959123e+21,-3.6891099763346727e+30,0.0,-1.6866698035839631e+18,-3.176,29.0,60.0,70,0.0,0.0,0.0,0.0,0.0,0.0,0.0,0.0,0.0,0.0,0.0,0.0,0.0,0.0,0.0,0.0,59.6,69,11,65508,41,65476,0,300,0,0,8,20529,65476,0,0,61604,60.0,0.0,0.0,0.0,0.0,0.0
2026-04-04T11:25:00,ERR,ERR,ERR,ERR,ERR,ERR,ERR,ERR,ERR,ERR,ERR,ERR,ERR,ERR,ERR,ERR,ERR,ERR,ERR,ERR,ERR,ERR,ERR,ERR,ERR,ERR,ERR,ERR,ERR,ERR,ERR,ERR,ERR,ERR,ERR,ERR,ERR,ERR,ERR,ERR,ERR,ERR,ERR,ERR,ERR,ERR,ERR,ERR,ERR,ERR,ERR,ERR,ERR,ERR,ERR,ERR,ERR,ERR,ERR,ERR,ERR,ERR,ERR,ERR,ERR,ERR,ERR,ERR,ERR,ERR,ERR,ERR,ERR,ERR,ERR,ERR,ERR,ERR,ERR,ERR,ERR,ERR,ERR,ERR,ERR,ERR,ERR,ERR,ERR,ERR,ERR,ERR,ERR,ERR,ERR,ERR,ERR,ERR,ERR,ERR,ERR,ERR,ERR,ERR,ERR,ERR,ERR,ERR,ERR,ERR,ERR,ERR,ERR,ERR,ERR,ERR,ERR,ERR,ERR,ERR,ERR,ERR,ERR,ERR,ERR,0.0,0.0,-101055584.0,0.0,0.0,0.0,0.0,nan,0,0,0,32768,0,0.0,0,0.0,0.0,0.0,0.0,0.0,0,0,0,0,0.0,0,0,0,0,0,0,0,0,0,0,0,0,0,0,0,0,0,0,0,0,0,0,0,0,0,0,0,0,0,0,0,0,0,0,0,0,0,0,0,0,0,0,0,0,0.0,0.0,0.0,0.0,0.0,0.0,0.0,0.0,0.0,0.0,0.0,0.0,0.0,0.0,0.0,0.0,0.0,0.0,0.0,0.0,0.0,0.0,-2.004,0.0,-2.004,2.004,0.0,0.0,0.0,0.0,3407.5,0.0,0.0,0.0,0.0,-0.0,0.0,0.0,0.0,0.0,0.0,0,-0.0,-0.0,0.0,0.0,0.0,0.0,0.0,0.0,0.0,0,0,0,0.0,0.0,0.0,0.0,0.0,0.0,0.0,0.0,0.0,0.0,0.0,0.0,0.0,0.0,0.0,0.0,0,-107875648.0,0,0.0,0,-107875648.0,-107877712.0,0,26215,17039,52429,17053,52429,17037,0,0,0,110,100,100,2.7302334150594743e+23,64.0,0.0,64.9,0.0,69.0,1,49,50,180,0,39322,0,0,0.0,0.0,0.0,0.0,-3879895552.0,65.0,0.0,0.0,0.0,645,0,688,0,0,0,716,0,789,0,709,0,689,0,645,0,642,0,616,0.032,36700160.0,0.0,2.7302316136196234e+23,39952,16788,-3.923981764866867e+17,8.642587265959123e+21,-3.6891099763346727e+30,0.0,-1.6866698035839631e+18,-3.176,29.0,60.0,70,0.0,0.0,0.0,0.0,0.0,0.0,0.0,0.0,0.0,0.0,0.0,0.0,0.0,0.0,0.0,0.0,59.6,69,11,65508,41,65476,0,300,0,0,8,20529,65476,0,0,61604,60.0,0.0,0.0,0.0,0.0,0.0
2026-04-04T11:25:01,ERR,ERR,ERR,ERR,ERR,ERR,ERR,ERR,ERR,ERR,ERR,ERR,ERR,ERR,ERR,ERR,ERR,ERR,ERR,ERR,ERR,ERR,ERR,ERR,ERR,ERR,ERR,ERR,ERR,ERR,ERR,ERR,ERR,ERR,ERR,ERR,ERR,ERR,ERR,ERR,ERR,ERR,ERR,ERR,ERR,ERR,ERR,ERR,ERR,ERR,ERR,ERR,ERR,ERR,ERR,ERR,ERR,ERR,ERR,ERR,ERR,ERR,ERR,ERR,ERR,ERR,ERR,ERR,ERR,ERR,ERR,ERR,ERR,ERR,ERR,ERR,ERR,ERR,ERR,ERR,ERR,ERR,ERR,ERR,ERR,ERR,ERR,ERR,ERR,ERR,ERR,ERR,ERR,ERR,ERR,ERR,ERR,ERR,ERR,ERR,ERR,ERR,ERR,ERR,ERR,ERR,ERR,ERR,ERR,ERR,ERR,ERR,ERR,ERR,ERR,ERR,ERR,ERR,ERR,ERR,ERR,ERR,ERR,ERR,ERR,0.0,0.0,-101055584.0,0.0,0.0,0.0,0.0,nan,0,0,0,32768,0,0.0,0,0.0,0.0,0.0,0.0,0.0,0,0,0,0,0.0,0,0,0,0,0,0,0,0,0,0,0,0,0,0,0,0,0,0,0,0,0,0,0,0,0,0,0,0,0,0,0,0,0,0,0,0,0,0,0,0,0,0,0,0,0.0,0.0,0.0,0.0,0.0,0.0,0.0,0.0,0.0,0.0,0.0,0.0,0.0,0.0,0.0,0.0,0.0,0.0,0.0,0.0,0.0,0.0,-2.004,0.0,-2.004,2.004,0.0,0.0,0.0,0.0,3407.5,0.0,0.0,0.0,0.0,-0.0,0.0,0.0,0.0,0.0,0.0,0,-0.0,-0.0,0.0,0.0,0.0,0.0,0.0,0.0,0.0,0,0,0,0.0,0.0,0.0,0.0,0.0,0.0,0.0,0.0,0.0,0.0,0.0,0.0,0.0,0.0,0.0,0.0,0,-107875648.0,0,0.0,0,-107875648.0,-107877712.0,0,26215,17039,52429,17053,52429,17037,0,0,0,110,100,100,2.7302334150594743e+23,64.0,0.0,64.9,0.0,69.0,1,49,50,180,0,39322,0,0,0.0,0.0,0.0,0.0,-3879895552.0,65.0,0.0,0.0,0.0,645,0,688,0,0,0,716,0,789,0,709,0,689,0,645,0,642,0,616,0.032,36700160.0,0.0,2.7302316136196234e+23,39952,16788,-3.923981764866867e+17,8.642587265959123e+21,-3.6891099763346727e+30,0.0,-1.6866698035839631e+18,-3.176,29.0,60.0,70,0.0,0.0,0.0,0.0,0.0,0.0,0.0,0.0,0.0,0.0,0.0,0.0,0.0,0.0,0.0,0.0,59.2,69,11,65508,41,65476,0,300,0,0,8,20529,65476,0,0,61604,60.0,0.0,0.0,0.0,0.0,0.0
2026-04-04T11:25:02,ERR,ERR,ERR,ERR,ERR,ERR,ERR,ERR,ERR,ERR,ERR,ERR,ERR,ERR,ERR,ERR,ERR,ERR,ERR,ERR,ERR,ERR,ERR,ERR,ERR,ERR,ERR,ERR,ERR,ERR,ERR,ERR,ERR,ERR,ERR,ERR,ERR,ERR,ERR,ERR,ERR,ERR,ERR,ERR,ERR,ERR,ERR,ERR,ERR,ERR,ERR,ERR,ERR,ERR,ERR,ERR,ERR,ERR,ERR,ERR,ERR,ERR,ERR,ERR,ERR,ERR,ERR,ERR,ERR,ERR,ERR,ERR,ERR,ERR,ERR,ERR,ERR,ERR,ERR,ERR,ERR,ERR,ERR,ERR,ERR,ERR,ERR,ERR,ERR,ERR,ERR,ERR,ERR,ERR,ERR,ERR,ERR,ERR,ERR,ERR,ERR,ERR,ERR,ERR,ERR,ERR,ERR,ERR,ERR,ERR,ERR,ERR,ERR,ERR,ERR,ERR,ERR,ERR,ERR,ERR,ERR,ERR,ERR,ERR,ERR,0.0,0.0,-101055584.0,0.0,0.0,0.0,0.0,nan,0,0,0,32768,0,0.0,0,0.0,0.0,0.0,0.0,0.0,0,0,0,0,0.0,0,0,0,0,0,0,0,0,0,0,0,0,0,0,0,0,0,0,0,0,0,0,0,0,0,0,0,0,0,0,0,0,0,0,0,0,0,0,0,0,0,0,0,0,0.0,0.0,0.0,0.0,0.0,0.0,0.0,0.0,0.0,0.0,0.0,0.0,0.0,0.0,0.0,0.0,0.0,0.0,0.0,0.0,0.0,0.0,-2.004,0.0,-2.004,2.004,0.0,0.0,0.0,0.0,3407.5,0.0,0.0,0.0,0.0,-0.0,0.0,0.0,0.0,0.0,0.0,0,-0.0,-0.0,0.0,0.0,0.0,0.0,0.0,0.0,0.0,0,0,0,0.0,0.0,0.0,0.0,0.0,0.0,0.0,0.0,0.0,0.0,0.0,0.0,0.0,0.0,0.0,0.0,0,-107875648.0,0,0.0,0,-107875648.0,-107877712.0,0,26215,17039,52429,17053,52429,17037,0,0,0,110,100,100,2.7302334150594743e+23,64.0,0.0,64.9,-107615304.0,68.5,1,49,50,180,0,39322,0,0,0.0,0.0,0.0,0.0,-5.2075076586674586e+17,65.0,0.0,4248960768.0,0.0,645,0,688,0,0,0,717,0,789,0,709,0,689,0,645,0,642,0,616,0.032,55836672.0,0.0,2.7302316136196234e+23,33552,16788,-323506240.0,6.346422921830103e+31,-4612879286272.0,-12074943.0,-1747009.25,-0.0,29.0,60.0,70,0.0,0.0,0.0,0.0,0.0,0.0,0.0,0.0,0.0,0.0,0.0,0.0,0.0,0.0,0.0,0.0,59.2,69,11,65508,41,65476,0,300,0,0,8,20529,65476,0,0,61604,60.0,0.0,0.0,0.0,0.0,0.0
2026-04-04T11:25:03,ERR,ERR,ERR,ERR,ERR,ERR,ERR,ERR,ERR,ERR,ERR,ERR,ERR,ERR,ERR,ERR,ERR,ERR,ERR,ERR,ERR,ERR,ERR,ERR,ERR,ERR,ERR,ERR,ERR,ERR,ERR,ERR,ERR,ERR,ERR,ERR,ERR,ERR,ERR,ERR,ERR,ERR,ERR,ERR,ERR,ERR,ERR,ERR,ERR,ERR,ERR,ERR,ERR,ERR,ERR,ERR,ERR,ERR,ERR,ERR,ERR,ERR,ERR,ERR,ERR,ERR,ERR,ERR,ERR,ERR,ERR,ERR,ERR,ERR,ERR,ERR,ERR,ERR,ERR,ERR,ERR,ERR,ERR,ERR,ERR,ERR,ERR,ERR,ERR,ERR,ERR,ERR,ERR,ERR,ERR,ERR,ERR,ERR,ERR,ERR,ERR,ERR,ERR,ERR,ERR,ERR,ERR,ERR,ERR,ERR,ERR,ERR,ERR,ERR,ERR,ERR,ERR,ERR,ERR,ERR,ERR,ERR,ERR,ERR,ERR,0.0,0.0,-101055584.0,0.0,0.0,0.0,0.0,nan,0,0,0,32768,0,0.0,0,0.0,0.0,0.0,0.0,0.0,0,0,0,0,0.0,0,0,0,0,0,0,0,0,0,0,0,0,0,0,0,0,0,0,0,0,0,0,0,0,0,0,0,0,0,0,0,0,0,0,0,0,0,0,0,0,0,0,0,0,0.0,0.0,0.0,0.0,0.0,0.0,0.0,0.0,0.0,0.0,0.0,0.0,0.0,0.0,0.0,0.0,0.0,0.0,0.0,0.0,0.0,0.0,-2.004,0.0,-2.004,2.004,0.0,0.0,0.0,0.0,3407.5,0.0,0.0,0.0,0.0,-0.0,0.0,0.0,0.0,0.0,0.0,0,-0.0,-0.0,0.0,0.0,0.0,0.0,0.0,0.0,0.0,0,0,0,0.0,0.0,0.0,0.0,0.0,0.0,0.0,0.0,0.0,0.0,0.0,0.0,0.0,0.0,0.0,0.0,0,-107875648.0,0,0.0,0,-107875648.0,-107877712.0,0,26215,17039,52429,17053,52429,17037,0,0,0,110,100,100,2.7302334150594743e+23,64.0,0.0,64.9,-107615304.0,68.5,1,49,50,180,0,39322,0,0,0.0,0.0,0.0,0.0,-5.2075076586674586e+17,65.0,0.0,4248960768.0,0.0,645,0,688,0,0,0,717,0,789,0,709,0,689,0,645,0,642,0,616,0.032,55836672.0,0.0,2.7302316136196234e+23,33552,16788,-323506240.0,6.346422921830103e+31,-4612879286272.0,-12074943.0,-1747009.25,-0.0,29.0,60.0,70,0.0,0.0,0.0,0.0,0.0,0.0,0.0,0.0,0.0,0.0,0.0,0.0,0.0,0.0,0.0,0.0,59.2,69,11,65508,41,65476,0,300,0,0,8,20529,65476,0,0,61604,60.0,0.0,0.0,0.0,0.0,0.0
2026-04-04T11:25:04,ERR,ERR,ERR,ERR,ERR,ERR,ERR,ERR,ERR,ERR,ERR,ERR,ERR,ERR,ERR,ERR,ERR,ERR,ERR,ERR,ERR,ERR,ERR,ERR,ERR,ERR,ERR,ERR,ERR,ERR,ERR,ERR,ERR,ERR,ERR,ERR,ERR,ERR,ERR,ERR,ERR,ERR,ERR,ERR,ERR,ERR,ERR,ERR,ERR,ERR,ERR,ERR,ERR,ERR,ERR,ERR,ERR,ERR,ERR,ERR,ERR,ERR,ERR,ERR,ERR,ERR,ERR,ERR,ERR,ERR,ERR,ERR,ERR,ERR,ERR,ERR,ERR,ERR,ERR,ERR,ERR,ERR,ERR,ERR,ERR,ERR,ERR,ERR,ERR,ERR,ERR,ERR,ERR,ERR,ERR,ERR,ERR,ERR,ERR,ERR,ERR,ERR,ERR,ERR,ERR,ERR,ERR,ERR,ERR,ERR,ERR,ERR,ERR,ERR,ERR,ERR,ERR,ERR,ERR,ERR,ERR,ERR,ERR,ERR,ERR,0.0,0.0,-101055584.0,0.0,0.0,0.0,0.0,nan,0,0,0,32768,0,0.0,0,0.0,0.0,0.0,0.0,0.0,0,0,0,0,0.0,0,0,0,0,0,0,0,0,0,0,0,0,0,0,0,0,0,0,0,0,0,0,0,0,0,0,0,0,0,0,0,0,0,0,0,0,0,0,0,0,0,0,0,0,0.0,0.0,0.0,0.0,0.0,0.0,0.0,0.0,0.0,0.0,0.0,0.0,0.0,0.0,0.0,0.0,0.0,0.0,0.0,0.0,0.0,0.0,-2.004,0.0,-2.004,2.004,0.0,0.0,0.0,0.0,3407.5,0.0,0.0,0.0,0.0,-0.0,0.0,0.0,0.0,0.0,0.0,0,-0.0,-0.0,0.0,0.0,0.0,0.0,0.0,0.0,0.0,0,0,0,0.0,0.0,0.0,0.0,0.0,0.0,0.0,0.0,0.0,0.0,0.0,0.0,0.0,0.0,0.0,0.0,0,-107875648.0,0,0.0,0,-107875648.0,-107877712.0,0,26215,17039,52429,17053,52429,17037,0,0,0,110,100,100,2.7302334150594743e+23,64.0,0.0,64.9,-107615304.0,68.5,1,49,50,180,0,39322,0,0,0.0,0.0,0.0,0.0,-5.2075076586674586e+17,65.0,0.0,4248960768.0,0.0,645,0,688,0,0,0,717,0,789,0,709,0,689,0,645,0,642,0,616,0.032,55836672.0,0.0,2.7302316136196234e+23,33552,16788,-323506240.0,6.346422921830103e+31,-4612879286272.0,-12074943.0,-1747009.25,-0.0,29.0,60.0,70,0.0,0.0,0.0,0.0,0.0,0.0,0.0,0.0,0.0,0.0,0.0,0.0,0.0,0.0,0.0,0.0,59.6,69,11,65508,41,65476,0,300,0,0,8,20529,65476,0,0,61604,60.0,0.0,0.0,0.0,0.0,0.0
2026-04-04T11:25:05,ERR,ERR,ERR,ERR,ERR,ERR,ERR,ERR,ERR,ERR,ERR,ERR,ERR,ERR,ERR,ERR,ERR,ERR,ERR,ERR,ERR,ERR,ERR,ERR,ERR,ERR,ERR,ERR,ERR,ERR,ERR,ERR,ERR,ERR,ERR,ERR,ERR,ERR,ERR,ERR,ERR,ERR,ERR,ERR,ERR,ERR,ERR,ERR,ERR,ERR,ERR,ERR,ERR,ERR,ERR,ERR,ERR,ERR,ERR,ERR,ERR,ERR,ERR,ERR,ERR,ERR,ERR,ERR,ERR,ERR,ERR,ERR,ERR,ERR,ERR,ERR,ERR,ERR,ERR,ERR,ERR,ERR,ERR,ERR,ERR,ERR,ERR,ERR,ERR,ERR,ERR,ERR,ERR,ERR,ERR,ERR,ERR,ERR,ERR,ERR,ERR,ERR,ERR,ERR,ERR,ERR,ERR,ERR,ERR,ERR,ERR,ERR,ERR,ERR,ERR,ERR,ERR,ERR,ERR,ERR,ERR,ERR,ERR,ERR,ERR,0.0,0.0,-101055584.0,0.0,0.0,0.0,0.0,nan,0,0,0,32768,0,0.0,0,0.0,0.0,0.0,0.0,0.0,0,0,0,0,0.0,0,0,0,0,0,0,0,0,0,0,0,0,0,0,0,0,0,0,0,0,0,0,0,0,0,0,0,0,0,0,0,0,0,0,0,0,0,0,0,0,0,0,0,0,0.0,0.0,0.0,0.0,0.0,0.0,0.0,0.0,0.0,0.0,0.0,0.0,0.0,0.0,0.0,0.0,0.0,0.0,0.0,0.0,0.0,0.0,-2.004,0.0,-2.004,2.004,0.0,0.0,0.0,0.0,3407.5,0.0,0.0,0.0,0.0,-0.0,0.0,0.0,0.0,0.0,0.0,0,-0.0,-0.0,0.0,0.0,0.0,0.0,0.0,0.0,0.0,0,0,0,0.0,0.0,0.0,0.0,0.0,0.0,0.0,0.0,0.0,0.0,0.0,0.0,0.0,0.0,0.0,0.0,0,-107875648.0,0,0.0,0,-107875648.0,-107877712.0,0,26215,17039,52429,17053,52429,17037,0,0,0,110,100,100,2.7302334150594743e+23,64.0,0.0,64.9,-107615304.0,68.5,1,49,50,180,0,39322,0,0,0.0,0.0,0.0,0.0,-5.2075076586674586e+17,65.0,0.0,4248960768.0,0.0,645,0,688,0,0,0,717,0,789,0,709,0,689,0,645,0,642,0,616,0.032,55836672.0,0.0,2.7302316136196234e+23,33552,16788,-323506240.0,6.346422921830103e+31,-4612879286272.0,-12074943.0,-1747009.25,-0.0,29.0,60.0,70,0.0,0.0,0.0,0.0,0.0,0.0,0.0,0.0,0.0,0.0,0.0,0.0,0.0,0.0,0.0,0.0,59.6,69,11,65508,41,65476,0,300,0,0,8,20529,65476,0,0,61604,60.0,0.0,0.0,0.0,0.0,0.0
2026-04-04T11:25:06,ERR,ERR,ERR,ERR,ERR,ERR,ERR,ERR,ERR,ERR,ERR,ERR,ERR,ERR,ERR,ERR,ERR,ERR,ERR,ERR,ERR,ERR,ERR,ERR,ERR,ERR,ERR,ERR,ERR,ERR,ERR,ERR,ERR,ERR,ERR,ERR,ERR,ERR,ERR,ERR,ERR,ERR,ERR,ERR,ERR,ERR,ERR,ERR,ERR,ERR,ERR,ERR,ERR,ERR,ERR,ERR,ERR,ERR,ERR,ERR,ERR,ERR,ERR,ERR,ERR,ERR,ERR,ERR,ERR,ERR,ERR,ERR,ERR,ERR,ERR,ERR,ERR,ERR,ERR,ERR,ERR,ERR,ERR,ERR,ERR,ERR,ERR,ERR,ERR,ERR,ERR,ERR,ERR,ERR,ERR,ERR,ERR,ERR,ERR,ERR,ERR,ERR,ERR,ERR,ERR,ERR,ERR,ERR,ERR,ERR,ERR,ERR,ERR,ERR,ERR,ERR,ERR,ERR,ERR,ERR,ERR,ERR,ERR,ERR,ERR,0.0,0.0,-101055584.0,0.0,0.0,0.0,0.0,nan,0,0,0,32768,0,0.0,0,0.0,0.0,0.0,0.0,0.0,0,0,0,0,0.0,0,0,0,0,0,0,0,0,0,0,0,0,0,0,0,0,0,0,0,0,0,0,0,0,0,0,0,0,0,0,0,0,0,0,0,0,0,0,0,0,0,0,0,0,0.0,0.0,0.0,0.0,0.0,0.0,0.0,0.0,0.0,0.0,0.0,0.0,0.0,0.0,0.0,0.0,0.0,0.0,0.0,0.0,0.0,0.0,-2.004,0.0,-2.004,2.004,0.0,0.0,0.0,0.0,3407.5,0.0,0.0,0.0,0.0,-0.0,0.0,0.0,0.0,0.0,0.0,0,-0.0,-0.0,0.0,0.0,0.0,0.0,0.0,0.0,0.0,0,0,0,0.0,0.0,0.0,0.0,0.0,0.0,0.0,0.0,0.0,0.0,0.0,0.0,0.0,0.0,0.0,0.0,0,-107875648.0,0,0.0,0,-107875648.0,-107877712.0,0,26215,17039,52429,17053,52429,17037,0,0,0,110,100,100,2.7302334150594743e+23,64.0,0.0,64.9,-107615304.0,68.5,1,49,50,180,0,39322,0,0,0.0,0.0,0.0,0.0,-5.2075076586674586e+17,65.0,0.0,4248960768.0,0.0,645,0,688,0,0,0,717,0,789,0,709,0,689,0,645,0,642,0,616,0.032,55836672.0,0.0,2.7302316136196234e+23,33552,16788,-323506240.0,6.346422921830103e+31,-4612879286272.0,-12074943.0,-1747009.25,-0.0,29.0,60.0,70,0.0,0.0,0.0,0.0,0.0,0.0,0.0,0.0,0.0,0.0,0.0,0.0,0.0,0.0,0.0,0.0,59.6,69,11,65508,41,65476,0,300,0,0,8,20529,65476,0,0,61604,60.0,0.0,0.0,0.0,0.0,0.0
2026-04-04T11:25:07,ERR,ERR,ERR,ERR,ERR,ERR,ERR,ERR,ERR,ERR,ERR,ERR,ERR,ERR,ERR,ERR,ERR,ERR,ERR,ERR,ERR,ERR,ERR,ERR,ERR,ERR,ERR,ERR,ERR,ERR,ERR,ERR,ERR,ERR,ERR,ERR,ERR,ERR,ERR,ERR,ERR,ERR,ERR,ERR,ERR,ERR,ERR,ERR,ERR,ERR,ERR,ERR,ERR,ERR,ERR,ERR,ERR,ERR,ERR,ERR,ERR,ERR,ERR,ERR,ERR,ERR,ERR,ERR,ERR,ERR,ERR,ERR,ERR,ERR,ERR,ERR,ERR,ERR,ERR,ERR,ERR,ERR,ERR,ERR,ERR,ERR,ERR,ERR,ERR,ERR,ERR,ERR,ERR,ERR,ERR,ERR,ERR,ERR,ERR,ERR,ERR,ERR,ERR,ERR,ERR,ERR,ERR,ERR,ERR,ERR,ERR,ERR,ERR,ERR,ERR,ERR,ERR,ERR,ERR,ERR,ERR,ERR,ERR,ERR,ERR,0.0,0.0,-101055584.0,0.0,0.0,0.0,0.0,nan,0,0,0,32768,0,0.0,0,0.0,0.0,0.0,0.0,0.0,0,0,0,0,0.0,0,0,0,0,0,0,0,0,0,0,0,0,0,0,0,0,0,0,0,0,0,0,0,0,0,0,0,0,0,0,0,0,0,0,0,0,0,0,0,0,0,0,0,0,0.0,0.0,0.0,0.0,0.0,0.0,0.0,0.0,0.0,0.0,0.0,0.0,0.0,0.0,0.0,0.0,0.0,0.0,0.0,0.0,0.0,0.0,-2.004,0.0,-2.004,2.004,0.0,0.0,0.0,0.0,3377.5,-3.697154027885167e+19,0.0,0.0,0.0,-0.0,0.0,0.0,0.0,0.0,0.0,0,-0.0,-0.0,0.0,0.0,0.0,0.0,0.0,0.0,0.0,0,0,0,0.0,0.0,0.0,0.0,0.0,0.0,0.0,0.0,0.0,0.0,0.0,0.0,0.0,0.0,0.0,0.0,0,-107875648.0,0,0.0,0,-107875648.0,-107877712.0,0,26215,17039,52429,17053,52429,17037,0,0,0,110,100,100,2.7302334150594743e+23,64.0,0.0,64.9,-107615304.0,68.5,1,49,50,180,0,39322,0,0,0.0,0.0,0.0,0.0,-5.2075076586674586e+17,65.0,0.0,4248960768.0,0.0,645,0,688,0,0,0,717,0,789,0,709,0,689,0,645,0,642,0,616,0.032,55836672.0,0.0,2.7302316136196234e+23,33552,16788,-323506240.0,6.346422921830103e+31,-4612879286272.0,-12074943.0,-1747009.25,-0.0,29.0,60.0,70,0.0,0.0,0.0,0.0,0.0,0.0,0.0,0.0,0.0,0.0,0.0,0.0,0.0,0.0,0.0,0.0,59.6,69,11,65508,41,65476,0,300,0,0,8,20529,65476,0,0,61604,60.0,0.0,0.0,0.0,0.0,0.0
2026-04-04T11:25:08,ERR,ERR,ERR,ERR,ERR,ERR,ERR,ERR,ERR,ERR,ERR,ERR,ERR,ERR,ERR,ERR,ERR,ERR,ERR,ERR,ERR,ERR,ERR,ERR,ERR,ERR,ERR,ERR,ERR,ERR,ERR,ERR,ERR,ERR,ERR,ERR,ERR,ERR,ERR,ERR,ERR,ERR,ERR,ERR,ERR,ERR,ERR,ERR,ERR,ERR,ERR,ERR,ERR,ERR,ERR,ERR,ERR,ERR,ERR,ERR,ERR,ERR,ERR,ERR,ERR,ERR,ERR,ERR,ERR,ERR,ERR,ERR,ERR,ERR,ERR,ERR,ERR,ERR,ERR,ERR,ERR,ERR,ERR,ERR,ERR,ERR,ERR,ERR,ERR,ERR,ERR,ERR,ERR,ERR,ERR,ERR,ERR,ERR,ERR,ERR,ERR,ERR,ERR,ERR,ERR,ERR,ERR,ERR,ERR,ERR,ERR,ERR,ERR,ERR,ERR,ERR,ERR,ERR,ERR,ERR,ERR,ERR,ERR,ERR,ERR,0.0,0.0,-101055584.0,0.0,0.0,0.0,0.0,nan,0,0,0,32768,0,0.0,0,0.0,0.0,0.0,0.0,0.0,0,0,0,0,0.0,0,0,0,0,0,0,0,0,0,0,0,0,0,0,0,0,0,0,0,0,0,0,0,0,0,0,0,0,0,0,0,0,0,0,0,0,0,0,0,0,0,0,0,0,0.0,0.0,0.0,0.0,0.0,0.0,0.0,0.0,0.0,0.0,0.0,0.0,0.0,0.0,0.0,0.0,0.0,0.0,0.0,0.0,0.0,0.0,-2.004,0.0,-2.004,2.004,0.0,0.0,0.0,0.0,3377.5,-3.697154027885167e+19,0.0,0.0,0.0,-0.0,0.0,0.0,0.0,0.0,0.0,0,-0.0,-0.0,0.0,0.0,0.0,0.0,0.0,0.0,0.0,0,0,0,0.0,0.0,0.0,0.0,0.0,0.0,0.0,0.0,0.0,0.0,0.0,0.0,0.0,0.0,0.0,0.0,0,-107875648.0,0,0.0,0,-107875648.0,-107877712.0,0,26215,17039,52429,17053,52429,17037,0,0,0,110,100,100,2.7302334150594743e+23,64.0,0.0,64.5,-107615304.0,68.5,1,49,50,180,0,39322,0,0,0.0,0.0,0.0,0.0,-3.159448220941282e+24,65.0,0.0,-0.0,0.0,645,0,688,0,0,0,717,0,789,0,709,0,689,0,645,0,642,0,616,0.032,56098816.0,0.0,2.7302316136196234e+23,32144,16788,-13211992588288.0,-0.0,10284598272.0,0.0,1.3488448591128868e+34,0.0,29.0,60.0,70,0.0,0.0,0.0,0.0,0.0,0.0,0.0,0.0,0.0,0.0,0.0,0.0,0.0,0.0,0.0,0.0,59.6,69,11,65508,41,65476,0,300,0,0,8,20529,65476,0,0,61604,60.0,0.0,0.0,0.0,0.0,0.0
2026-04-04T11:25:09,ERR,ERR,ERR,ERR,ERR,ERR,ERR,ERR,ERR,ERR,ERR,ERR,ERR,ERR,ERR,ERR,ERR,ERR,ERR,ERR,ERR,ERR,ERR,ERR,ERR,ERR,ERR,ERR,ERR,ERR,ERR,ERR,ERR,ERR,ERR,ERR,ERR,ERR,ERR,ERR,ERR,ERR,ERR,ERR,ERR,ERR,ERR,ERR,ERR,ERR,ERR,ERR,ERR,ERR,ERR,ERR,ERR,ERR,ERR,ERR,ERR,ERR,ERR,ERR,ERR,ERR,ERR,ERR,ERR,ERR,ERR,ERR,ERR,ERR,ERR,ERR,ERR,ERR,ERR,ERR,ERR,ERR,ERR,ERR,ERR,ERR,ERR,ERR,ERR,ERR,ERR,ERR,ERR,ERR,ERR,ERR,ERR,ERR,ERR,ERR,ERR,ERR,ERR,ERR,ERR,ERR,ERR,ERR,ERR,ERR,ERR,ERR,ERR,ERR,ERR,ERR,ERR,ERR,ERR,ERR,ERR,ERR,ERR,ERR,ERR,0.0,0.0,-101055584.0,0.0,0.0,0.0,0.0,nan,0,0,0,32768,0,0.0,0,0.0,0.0,0.0,0.0,0.0,0,0,0,0,0.0,0,0,0,0,0,0,0,0,0,0,0,0,0,0,0,0,0,0,0,0,0,0,0,0,0,0,0,0,0,0,0,0,0,0,0,0,0,0,0,0,0,0,0,0,0.0,0.0,0.0,0.0,0.0,0.0,0.0,0.0,0.0,0.0,0.0,0.0,0.0,0.0,0.0,0.0,0.0,0.0,0.0,0.0,0.0,0.0,-2.004,0.0,-2.004,2.004,0.0,0.0,0.0,0.0,3377.5,-3.697154027885167e+19,0.0,0.0,0.0,-0.0,0.0,0.0,0.0,0.0,0.0,0,-0.0,-0.0,0.0,0.0,0.0,0.0,0.0,0.0,0.0,0,0,0,0.0,0.0,0.0,0.0,0.0,0.0,0.0,0.0,0.0,0.0,0.0,0.0,0.0,0.0,0.0,0.0,0,-107875648.0,0,0.0,0,-107875648.0,-107877712.0,0,26215,17039,52429,17053,52429,17037,0,0,0,110,100,100,2.7302334150594743e+23,64.0,0.0,64.5,-107615304.0,68.5,1,49,50,180,0,39322,0,0,0.0,0.0,0.0,0.0,-3.159448220941282e+24,65.0,0.0,-0.0,0.0,645,0,688,0,0,0,717,0,789,0,709,0,689,0,645,0,642,0,616,0.032,56098816.0,0.0,2.7302316136196234e+23,32144,16788,-13211992588288.0,-0.0,10284598272.0,0.0,1.3488448591128868e+34,0.0,29.0,60.0,70,0.0,0.0,0.0,0.0,0.0,0.0,0.0,0.0,0.0,0.0,0.0,0.0,0.0,0.0,0.0,0.0,59.2,69,11,65508,41,65476,0,300,0,0,8,20529,65476,0,0,61604,60.0,0.0,0.0,0.0,0.0,0.0
2026-04-04T11:25:10,ERR,ERR,ERR,ERR,ERR,ERR,ERR,ERR,ERR,ERR,ERR,ERR,ERR,ERR,ERR,ERR,ERR,ERR,ERR,ERR,ERR,ERR,ERR,ERR,ERR,ERR,ERR,ERR,ERR,ERR,ERR,ERR,ERR,ERR,ERR,ERR,ERR,ERR,ERR,ERR,ERR,ERR,ERR,ERR,ERR,ERR,ERR,ERR,ERR,ERR,ERR,ERR,ERR,ERR,ERR,ERR,ERR,ERR,ERR,ERR,ERR,ERR,ERR,ERR,ERR,ERR,ERR,ERR,ERR,ERR,ERR,ERR,ERR,ERR,ERR,ERR,ERR,ERR,ERR,ERR,ERR,ERR,ERR,ERR,ERR,ERR,ERR,ERR,ERR,ERR,ERR,ERR,ERR,ERR,ERR,ERR,ERR,ERR,ERR,ERR,ERR,ERR,ERR,ERR,ERR,ERR,ERR,ERR,ERR,ERR,ERR,ERR,ERR,ERR,ERR,ERR,ERR,ERR,ERR,ERR,ERR,ERR,ERR,ERR,ERR,0.0,0.0,-101055584.0,0.0,0.0,0.0,0.0,nan,0,0,0,32768,0,0.0,0,0.0,0.0,0.0,0.0,0.0,0,0,0,0,0.0,0,0,0,0,0,0,0,0,0,0,0,0,0,0,0,0,0,0,0,0,0,0,0,0,0,0,0,0,0,0,0,0,0,0,0,0,0,0,0,0,0,0,0,0,0.0,0.0,0.0,0.0,0.0,0.0,0.0,0.0,0.0,0.0,0.0,0.0,0.0,0.0,0.0,0.0,0.0,0.0,0.0,0.0,0.0,0.0,-2.004,0.0,-2.004,2.004,0.0,0.0,0.0,0.0,3377.5,-3.697154027885167e+19,0.0,0.0,0.0,-0.0,0.0,0.0,0.0,0.0,0.0,0,-0.0,-0.0,0.0,0.0,0.0,0.0,0.0,0.0,0.0,0,0,0,0.0,0.0,0.0,0.0,0.0,0.0,0.0,0.0,0.0,0.0,0.0,0.0,0.0,0.0,0.0,0.0,0,-107875648.0,0,0.0,0,-107875648.0,-107877712.0,0,26215,17039,52429,17053,52429,17037,0,0,0,110,100,100,2.7302334150594743e+23,64.0,0.0,64.5,-107615304.0,68.5,1,49,50,180,0,39322,0,0,0.0,0.0,0.0,0.0,-3.159448220941282e+24,65.0,0.0,-0.0,0.0,645,0,688,0,0,0,717,0,789,0,709,0,689,0,645,0,642,0,616,0.032,56098816.0,0.0,2.7302316136196234e+23,32144,16788,-13211992588288.0,-0.0,10284598272.0,0.0,1.3488448591128868e+34,0.0,29.0,60.0,70,0.0,0.0,0.0,0.0,0.0,0.0,0.0,0.0,0.0,0.0,0.0,0.0,0.0,0.0,0.0,0.0,59.2,69,11,65508,41,65476,0,300,0,0,8,20529,65476,0,0,61604,60.0,0.0,0.0,0.0,0.0,0.0
2026-04-04T11:25:11,ERR,ERR,ERR,ERR,ERR,ERR,ERR,ERR,ERR,ERR,ERR,ERR,ERR,ERR,ERR,ERR,ERR,ERR,ERR,ERR,ERR,ERR,ERR,ERR,ERR,ERR,ERR,ERR,ERR,ERR,ERR,ERR,ERR,ERR,ERR,ERR,ERR,ERR,ERR,ERR,ERR,ERR,ERR,ERR,ERR,ERR,ERR,ERR,ERR,ERR,ERR,ERR,ERR,ERR,ERR,ERR,ERR,ERR,ERR,ERR,ERR,ERR,ERR,ERR,ERR,ERR,ERR,ERR,ERR,ERR,ERR,ERR,ERR,ERR,ERR,ERR,ERR,ERR,ERR,ERR,ERR,ERR,ERR,ERR,ERR,ERR,ERR,ERR,ERR,ERR,ERR,ERR,ERR,ERR,ERR,ERR,ERR,ERR,ERR,ERR,ERR,ERR,ERR,ERR,ERR,ERR,ERR,ERR,ERR,ERR,ERR,ERR,ERR,ERR,ERR,ERR,ERR,ERR,ERR,ERR,ERR,ERR,ERR,ERR,ERR,0.0,0.0,-101055584.0,0.0,0.0,0.0,0.0,nan,0,0,0,32768,0,0.0,0,0.0,0.0,0.0,0.0,0.0,0,0,0,0,0.0,0,0,0,0,0,0,0,0,0,0,0,0,0,0,0,0,0,0,0,0,0,0,0,0,0,0,0,0,0,0,0,0,0,0,0,0,0,0,0,0,0,0,0,0,0.0,0.0,0.0,0.0,0.0,0.0,0.0,0.0,0.0,0.0,0.0,0.0,0.0,0.0,0.0,0.0,0.0,0.0,0.0,0.0,0.0,0.0,-2.004,0.0,-2.004,2.004,0.0,0.0,0.0,0.0,3377.5,-3.697154027885167e+19,0.0,0.0,0.0,-0.0,0.0,0.0,0.0,0.0,0.0,0,-0.0,-0.0,0.0,0.0,0.0,0.0,0.0,0.0,0.0,0,0,0,0.0,0.0,0.0,0.0,0.0,0.0,0.0,0.0,0.0,0.0,0.0,0.0,0.0,0.0,0.0,0.0,0,-107875648.0,0,0.0,0,-107875648.0,-107877712.0,0,26215,17039,52429,17053,52429,17037,0,0,0,110,100,100,2.7302334150594743e+23,64.0,0.0,64.5,-107615304.0,68.5,1,49,50,180,0,39322,0,0,0.0,0.0,0.0,0.0,-3.159448220941282e+24,65.0,0.0,-0.0,0.0,645,0,688,0,0,0,717,0,789,0,709,0,689,0,645,0,642,0,616,0.032,56098816.0,0.0,2.7302316136196234e+23,32144,16788,-13211992588288.0,-0.0,10284598272.0,0.0,1.3488448591128868e+34,0.0,29.0,60.0,70,0.0,0.0,0.0,0.0,0.0,0.0,0.0,0.0,0.0,0.0,0.0,0.0,0.0,0.0,0.0,0.0,59.2,69,11,65508,41,65476,0,300,0,0,8,20529,65476,0,0,61604,60.0,0.0,0.0,0.0,0.0,0.0
2026-04-04T11:25:12,ERR,ERR,ERR,ERR,ERR,ERR,ERR,ERR,ERR,ERR,ERR,ERR,ERR,ERR,ERR,ERR,ERR,ERR,ERR,ERR,ERR,ERR,ERR,ERR,ERR,ERR,ERR,ERR,ERR,ERR,ERR,ERR,ERR,ERR,ERR,ERR,ERR,ERR,ERR,ERR,ERR,ERR,ERR,ERR,ERR,ERR,ERR,ERR,ERR,ERR,ERR,ERR,ERR,ERR,ERR,ERR,ERR,ERR,ERR,ERR,ERR,ERR,ERR,ERR,ERR,ERR,ERR,ERR,ERR,ERR,ERR,ERR,ERR,ERR,ERR,ERR,ERR,ERR,ERR,ERR,ERR,ERR,ERR,ERR,ERR,ERR,ERR,ERR,ERR,ERR,ERR,ERR,ERR,ERR,ERR,ERR,ERR,ERR,ERR,ERR,ERR,ERR,ERR,ERR,ERR,ERR,ERR,ERR,ERR,ERR,ERR,ERR,ERR,ERR,ERR,ERR,ERR,ERR,ERR,ERR,ERR,ERR,ERR,ERR,ERR,0.0,0.0,-101055584.0,0.0,0.0,0.0,0.0,nan,0,0,0,32768,0,0.0,0,0.0,0.0,0.0,0.0,0.0,0,0,0,0,0.0,0,0,0,0,0,0,0,0,0,0,0,0,0,0,0,0,0,0,0,0,0,0,0,0,0,0,0,0,0,0,0,0,0,0,0,0,0,0,0,0,0,0,0,0,0.0,0.0,0.0,0.0,0.0,0.0,0.0,0.0,0.0,0.0,0.0,0.0,0.0,0.0,0.0,0.0,0.0,0.0,0.0,0.0,0.0,0.0,-2.004,0.0,-2.004,2.004,0.0,0.0,0.0,0.0,3377.5,-3.697154027885167e+19,0.0,0.0,0.0,-0.0,0.0,0.0,0.0,0.0,0.0,0,-0.0,-0.0,0.0,0.0,0.0,0.0,0.0,0.0,0.0,0,0,0,0.0,0.0,0.0,0.0,0.0,0.0,0.0,0.0,0.0,0.0,0.0,0.0,0.0,0.0,0.0,0.0,0,-107875648.0,0,0.0,0,-107875648.0,-107877712.0,0,13107,17039,52429,17053,52429,17037,0,0,0,110,100,100,2.7302334150594743e+23,64.0,0.0,64.9,-107615304.0,68.5,1,49,50,180,0,39322,0,0,0.0,0.0,0.0,0.0,-5094167805952.0,65.0,0.0,0.0,0.0,645,0,688,0,0,0,716,0,789,0,709,0,689,0,645,0,642,0,616,0.032,40894464.0,0.0,2.7302316136196234e+23,30096,16788,-5094167805952.0,0.0,0.0,-13908237312.0,129334434070528.0,0.0,29.0,60.0,70,0.0,0.0,0.0,0.0,0.0,0.0,0.0,0.0,0.0,0.0,0.0,0.0,0.0,0.0,0.0,0.0,59.2,69,11,65508,41,65476,0,300,0,0,8,20529,65476,0,0,61604,60.0,0.0,0.0,0.0,0.0,0.0
2026-04-04T11:25:13,ERR,ERR,ERR,ERR,ERR,ERR,ERR,ERR,ERR,ERR,ERR,ERR,ERR,ERR,ERR,ERR,ERR,ERR,ERR,ERR,ERR,ERR,ERR,ERR,ERR,ERR,ERR,ERR,ERR,ERR,ERR,ERR,ERR,ERR,ERR,ERR,ERR,ERR,ERR,ERR,ERR,ERR,ERR,ERR,ERR,ERR,ERR,ERR,ERR,ERR,ERR,ERR,ERR,ERR,ERR,ERR,ERR,ERR,ERR,ERR,ERR,ERR,ERR,ERR,ERR,ERR,ERR,ERR,ERR,ERR,ERR,ERR,ERR,ERR,ERR,ERR,ERR,ERR,ERR,ERR,ERR,ERR,ERR,ERR,ERR,ERR,ERR,ERR,ERR,ERR,ERR,ERR,ERR,ERR,ERR,ERR,ERR,ERR,ERR,ERR,ERR,ERR,ERR,ERR,ERR,ERR,ERR,ERR,ERR,ERR,ERR,ERR,ERR,ERR,ERR,ERR,ERR,ERR,ERR,ERR,ERR,ERR,ERR,ERR,ERR,0.0,0.0,-101055584.0,0.0,0.0,0.0,0.0,nan,0,0,0,32768,0,0.0,0,0.0,0.0,0.0,0.0,0.0,0,0,0,0,0.0,0,0,0,0,0,0,0,0,0,0,0,0,0,0,0,0,0,0,0,0,0,0,0,0,0,0,0,0,0,0,0,0,0,0,0,0,0,0,0,0,0,0,0,0,0.0,0.0,0.0,0.0,0.0,0.0,0.0,0.0,0.0,0.0,0.0,0.0,0.0,0.0,0.0,0.0,0.0,0.0,0.0,0.0,0.0,0.0,-2.004,0.0,-2.004,2.004,0.0,0.0,0.0,0.0,3377.5,-3.697154027885167e+19,0.0,0.0,0.0,-0.0,0.0,0.0,0.0,0.0,0.0,0,-0.0,-0.0,0.0,0.0,0.0,0.0,0.0,0.0,0.0,0,0,0,0.0,0.0,0.0,0.0,0.0,0.0,0.0,0.0,0.0,0.0,0.0,0.0,0.0,0.0,0.0,0.0,0,-107875648.0,0,0.0,0,-107875648.0,-107877712.0,0,13107,17039,52429,17053,52429,17037,0,0,0,110,100,100,2.7302334150594743e+23,64.0,0.0,64.9,-107615304.0,68.5,1,49,50,180,0,39322,0,0,0.0,0.0,0.0,0.0,-5094167805952.0,65.0,0.0,0.0,0.0,645,0,688,0,0,0,716,0,789,0,709,0,689,0,645,0,642,0,616,0.032,40894464.0,0.0,2.7302316136196234e+23,30096,16788,-5094167805952.0,0.0,0.0,-13908237312.0,129334434070528.0,0.0,29.0,60.0,70,0.0,0.0,0.0,0.0,0.0,0.0,0.0,0.0,0.0,0.0,0.0,0.0,0.0,0.0,0.0,0.0,59.2,69,11,65508,41,65476,0,300,0,0,8,20529,65476,0,0,61604,60.0,0.0,0.0,0.0,0.0,0.0
2026-04-04T11:25:14,ERR,ERR,ERR,ERR,ERR,ERR,ERR,ERR,ERR,ERR,ERR,ERR,ERR,ERR,ERR,ERR,ERR,ERR,ERR,ERR,ERR,ERR,ERR,ERR,ERR,ERR,ERR,ERR,ERR,ERR,ERR,ERR,ERR,ERR,ERR,ERR,ERR,ERR,ERR,ERR,ERR,ERR,ERR,ERR,ERR,ERR,ERR,ERR,ERR,ERR,ERR,ERR,ERR,ERR,ERR,ERR,ERR,ERR,ERR,ERR,ERR,ERR,ERR,ERR,ERR,ERR,ERR,ERR,ERR,ERR,ERR,ERR,ERR,ERR,ERR,ERR,ERR,ERR,ERR,ERR,ERR,ERR,ERR,ERR,ERR,ERR,ERR,ERR,ERR,ERR,ERR,ERR,ERR,ERR,ERR,ERR,ERR,ERR,ERR,ERR,ERR,ERR,ERR,ERR,ERR,ERR,ERR,ERR,ERR,ERR,ERR,ERR,ERR,ERR,ERR,ERR,ERR,ERR,ERR,ERR,ERR,ERR,ERR,ERR,ERR,0.0,0.0,-101055584.0,0.0,0.0,0.0,0.0,nan,0,0,0,32768,0,0.0,0,0.0,0.0,0.0,0.0,0.0,0,0,0,0,0.0,0,0,0,0,0,0,0,0,0,0,0,0,0,0,0,0,0,0,0,0,0,0,0,0,0,0,0,0,0,0,0,0,0,0,0,0,0,0,0,0,0,0,0,0,0.0,0.0,0.0,0.0,0.0,0.0,0.0,0.0,0.0,0.0,0.0,0.0,0.0,0.0,0.0,0.0,0.0,0.0,0.0,0.0,0.0,0.0,-2.004,0.0,-2.004,2.004,0.0,0.0,0.0,0.0,3392.5,2.004,0.0,0.0,0.0,-0.0,0.0,0.0,0.0,0.0,0.0,0,-0.0,-107614264.0,0.0,0.0,0.0,0.0,0.0,0.0,0.0,0,0,0,0.0,0.0,0.0,0.0,0.0,0.0,0.0,0.0,0.0,0.0,0.0,0.0,0.0,0.0,0.0,0.0,0,-107875648.0,0,0.0,0,-107875648.0,-107877712.0,0,13107,17039,52429,17053,52429,17037,0,0,0,110,100,100,2.7302334150594743e+23,64.0,0.0,64.9,-107615304.0,68.5,1,49,50,180,0,39322,0,0,0.0,0.0,0.0,0.0,-5094167805952.0,65.0,0.0,0.0,0.0,645,0,688,0,0,0,716,0,789,0,709,0,689,0,645,0,642,0,616,0.032,40894464.0,0.0,2.7302316136196234e+23,30096,16788,-5094167805952.0,0.0,0.0,-13908237312.0,129334434070528.0,0.0,29.0,60.0,70,0.0,0.0,0.0,0.0,0.0,0.0,0.0,0.0,0.0,0.0,0.0,0.0,0.0,0.0,0.0,0.0,59.2,69,11,65508,41,65476,0,300,0,0,8,20529,65476,0,0,61604,60.0,0.0,0.0,0.0,0.0,0.0
2026-04-04T11:25:15,ERR,ERR,ERR,ERR,ERR,ERR,ERR,ERR,ERR,ERR,ERR,ERR,ERR,ERR,ERR,ERR,ERR,ERR,ERR,ERR,ERR,ERR,ERR,ERR,ERR,ERR,ERR,ERR,ERR,ERR,ERR,ERR,ERR,ERR,ERR,ERR,ERR,ERR,ERR,ERR,ERR,ERR,ERR,ERR,ERR,ERR,ERR,ERR,ERR,ERR,ERR,ERR,ERR,ERR,ERR,ERR,ERR,ERR,ERR,ERR,ERR,ERR,ERR,ERR,ERR,ERR,ERR,ERR,ERR,ERR,ERR,ERR,ERR,ERR,ERR,ERR,ERR,ERR,ERR,ERR,ERR,ERR,ERR,ERR,ERR,ERR,ERR,ERR,ERR,ERR,ERR,ERR,ERR,ERR,ERR,ERR,ERR,ERR,ERR,ERR,ERR,ERR,ERR,ERR,ERR,ERR,ERR,ERR,ERR,ERR,ERR,ERR,ERR,ERR,ERR,ERR,ERR,ERR,ERR,ERR,ERR,ERR,ERR,ERR,ERR,0.0,0.0,-101055584.0,0.0,0.0,0.0,0.0,nan,0,0,0,32768,0,0.0,0,0.0,0.0,0.0,0.0,0.0,0,0,0,0,0.0,0,0,0,0,0,0,0,0,0,0,0,0,0,0,0,0,0,0,0,0,0,0,0,0,0,0,0,0,0,0,0,0,0,0,0,0,0,0,0,0,0,0,0,0,0.0,0.0,0.0,0.0,0.0,0.0,0.0,0.0,0.0,0.0,0.0,0.0,0.0,0.0,0.0,0.0,0.0,0.0,0.0,0.0,0.0,0.0,-2.004,0.0,-2.004,2.004,0.0,0.0,0.0,0.0,3392.5,2.004,0.0,0.0,0.0,-0.0,0.0,0.0,0.0,0.0,0.0,0,-0.0,-107614264.0,0.0,0.0,0.0,0.0,0.0,0.0,0.0,0,0,0,0.0,0.0,0.0,0.0,0.0,0.0,0.0,0.0,0.0,0.0,0.0,0.0,0.0,0.0,0.0,0.0,0,-107875648.0,0,0.0,0,-107875648.0,-107877712.0,0,13107,17039,52429,17053,52429,17037,0,0,0,110,100,100,2.7302334150594743e+23,64.0,0.0,64.9,-107615304.0,68.5,1,49,50,180,0,39322,0,0,0.0,0.0,0.0,0.0,-5094167805952.0,65.0,0.0,0.0,0.0,645,0,688,0,0,0,716,0,789,0,709,0,689,0,645,0,642,0,616,0.032,40894464.0,0.0,2.7302316136196234e+23,30096,16788,-5094167805952.0,0.0,0.0,-13908237312.0,129334434070528.0,0.0,29.0,60.0,70,0.0,0.0,0.0,0.0,0.0,0.0,0.0,0.0,0.0,0.0,0.0,0.0,0.0,0.0,0.0,0.0,59.2,69,11,65508,41,65476,0,300,0,0,8,20529,65476,0,0,61604,60.0,0.0,0.0,0.0,0.0,0.0
2026-04-04T11:25:16,ERR,ERR,ERR,ERR,ERR,ERR,ERR,ERR,ERR,ERR,ERR,ERR,ERR,ERR,ERR,ERR,ERR,ERR,ERR,ERR,ERR,ERR,ERR,ERR,ERR,ERR,ERR,ERR,ERR,ERR,ERR,ERR,ERR,ERR,ERR,ERR,ERR,ERR,ERR,ERR,ERR,ERR,ERR,ERR,ERR,ERR,ERR,ERR,ERR,ERR,ERR,ERR,ERR,ERR,ERR,ERR,ERR,ERR,ERR,ERR,ERR,ERR,ERR,ERR,ERR,ERR,ERR,ERR,ERR,ERR,ERR,ERR,ERR,ERR,ERR,ERR,ERR,ERR,ERR,ERR,ERR,ERR,ERR,ERR,ERR,ERR,ERR,ERR,ERR,ERR,ERR,ERR,ERR,ERR,ERR,ERR,ERR,ERR,ERR,ERR,ERR,ERR,ERR,ERR,ERR,ERR,ERR,ERR,ERR,ERR,ERR,ERR,ERR,ERR,ERR,ERR,ERR,ERR,ERR,ERR,ERR,ERR,ERR,ERR,ERR,0.0,0.0,-101055584.0,0.0,0.0,0.0,0.0,nan,0,0,0,32768,0,0.0,0,0.0,0.0,0.0,0.0,0.0,0,0,0,0,0.0,0,0,0,0,0,0,0,0,0,0,0,0,0,0,0,0,0,0,0,0,0,0,0,0,0,0,0,0,0,0,0,0,0,0,0,0,0,0,0,0,0,0,0,0,0.0,0.0,0.0,0.0,0.0,0.0,0.0,0.0,0.0,0.0,0.0,0.0,0.0,0.0,0.0,0.0,0.0,0.0,0.0,0.0,0.0,0.0,-2.004,0.0,-2.004,2.004,0.0,0.0,0.0,0.0,3392.5,2.004,0.0,0.0,0.0,-0.0,0.0,0.0,0.0,0.0,0.0,0,-0.0,-107614264.0,0.0,0.0,0.0,0.0,0.0,0.0,0.0,0,0,0,0.0,0.0,0.0,0.0,0.0,0.0,0.0,0.0,0.0,0.0,0.0,0.0,0.0,0.0,0.0,0.0,0,-107875648.0,0,0.0,0,-107875648.0,-107877712.0,0,13107,17039,52429,17053,52429,17037,0,0,0,110,100,100,2.7302334150594743e+23,64.0,0.0,64.9,-107615304.0,68.5,1,49,50,180,0,39322,0,0,0.0,0.0,0.0,0.0,-5094167805952.0,65.0,0.0,0.0,0.0,645,0,688,0,0,0,716,0,789,0,709,0,689,0,645,0,642,0,616,0.032,40894464.0,0.0,2.7302316136196234e+23,30096,16788,-5094167805952.0,0.0,0.0,-13908237312.0,129334434070528.0,0.0,29.0,60.0,70,0.0,0.0,0.0,0.0,0.0,0.0,0.0,0.0,0.0,0.0,0.0,0.0,0.0,0.0,0.0,0.0,59.6,69,11,65508,41,65476,0,300,0,0,8,20529,65476,0,0,61604,60.0,0.0,0.0,0.0,0.0,0.0
2026-04-04T11:25:17,ERR,ERR,ERR,ERR,ERR,ERR,ERR,ERR,ERR,ERR,ERR,ERR,ERR,ERR,ERR,ERR,ERR,ERR,ERR,ERR,ERR,ERR,ERR,ERR,ERR,ERR,ERR,ERR,ERR,ERR,ERR,ERR,ERR,ERR,ERR,ERR,ERR,ERR,ERR,ERR,ERR,ERR,ERR,ERR,ERR,ERR,ERR,ERR,ERR,ERR,ERR,ERR,ERR,ERR,ERR,ERR,ERR,ERR,ERR,ERR,ERR,ERR,ERR,ERR,ERR,ERR,ERR,ERR,ERR,ERR,ERR,ERR,ERR,ERR,ERR,ERR,ERR,ERR,ERR,ERR,ERR,ERR,ERR,ERR,ERR,ERR,ERR,ERR,ERR,ERR,ERR,ERR,ERR,ERR,ERR,ERR,ERR,ERR,ERR,ERR,ERR,ERR,ERR,ERR,ERR,ERR,ERR,ERR,ERR,ERR,ERR,ERR,ERR,ERR,ERR,ERR,ERR,ERR,ERR,ERR,ERR,ERR,ERR,ERR,ERR,0.0,0.0,-101055584.0,0.0,0.0,0.0,0.0,nan,0,0,0,32768,0,0.0,0,0.0,0.0,0.0,0.0,0.0,0,0,0,0,0.0,0,0,0,0,0,0,0,0,0,0,0,0,0,0,0,0,0,0,0,0,0,0,0,0,0,0,0,0,0,0,0,0,0,0,0,0,0,0,0,0,0,0,0,0,0.0,0.0,0.0,0.0,0.0,0.0,0.0,0.0,0.0,0.0,0.0,0.0,0.0,0.0,0.0,0.0,0.0,0.0,0.0,0.0,0.0,0.0,-2.004,0.0,-2.004,2.004,0.0,0.0,0.0,0.0,3392.5,2.004,0.0,0.0,0.0,-0.0,0.0,0.0,0.0,0.0,0.0,0,-0.0,-107614264.0,0.0,0.0,0.0,0.0,0.0,0.0,0.0,0,0,0,0.0,0.0,0.0,0.0,0.0,0.0,0.0,0.0,0.0,0.0,0.0,0.0,0.0,0.0,0.0,0.0,0,-107875648.0,0,0.0,0,-107875648.0,-107877712.0,0,13107,17039,52429,17053,52429,17037,0,0,0,110,100,100,2.7302334150594743e+23,64.0,0.0,64.9,-107615304.0,68.5,1,49,50,180,0,39322,0,0,0.0,0.0,0.0,0.0,-5094167805952.0,65.0,0.0,0.0,0.0,645,0,688,0,0,0,716,0,789,0,709,0,689,0,645,0,642,0,616,0.032,40894464.0,0.0,2.7302316136196234e+23,30096,16788,-5094167805952.0,0.0,0.0,-13908237312.0,129334434070528.0,0.0,29.0,60.0,70,0.0,0.0,0.0,0.0,0.0,0.0,0.0,0.0,0.0,0.0,0.0,0.0,0.0,0.0,0.0,0.0,59.6,69,11,65508,41,65476,0,300,0,0,8,20529,65476,0,0,61604,60.0,0.0,0.0,0.0,0.0,0.0
2026-04-04T11:25:18,ERR,ERR,ERR,ERR,ERR,ERR,ERR,ERR,ERR,ERR,ERR,ERR,ERR,ERR,ERR,ERR,ERR,ERR,ERR,ERR,ERR,ERR,ERR,ERR,ERR,ERR,ERR,ERR,ERR,ERR,ERR,ERR,ERR,ERR,ERR,ERR,ERR,ERR,ERR,ERR,ERR,ERR,ERR,ERR,ERR,ERR,ERR,ERR,ERR,ERR,ERR,ERR,ERR,ERR,ERR,ERR,ERR,ERR,ERR,ERR,ERR,ERR,ERR,ERR,ERR,ERR,ERR,ERR,ERR,ERR,ERR,ERR,ERR,ERR,ERR,ERR,ERR,ERR,ERR,ERR,ERR,ERR,ERR,ERR,ERR,ERR,ERR,ERR,ERR,ERR,ERR,ERR,ERR,ERR,ERR,ERR,ERR,ERR,ERR,ERR,ERR,ERR,ERR,ERR,ERR,ERR,ERR,ERR,ERR,ERR,ERR,ERR,ERR,ERR,ERR,ERR,ERR,ERR,ERR,ERR,ERR,ERR,ERR,ERR,ERR,0.0,0.0,-101055584.0,0.0,0.0,0.0,0.0,nan,0,0,0,32768,0,0.0,0,0.0,0.0,0.0,0.0,0.0,0,0,0,0,0.0,0,0,0,0,0,0,0,0,0,0,0,0,0,0,0,0,0,0,0,0,0,0,0,0,0,0,0,0,0,0,0,0,0,0,0,0,0,0,0,0,0,0,0,0,0.0,0.0,0.0,0.0,0.0,0.0,0.0,0.0,0.0,0.0,0.0,0.0,0.0,0.0,0.0,0.0,0.0,0.0,0.0,0.0,0.0,0.0,-2.004,0.0,-2.004,2.004,0.0,0.0,0.0,0.0,3392.5,2.004,0.0,0.0,0.0,-0.0,0.0,0.0,0.0,0.0,0.0,0,-0.0,-107614264.0,0.0,0.0,0.0,0.0,0.0,0.0,0.0,0,0,0,0.0,0.0,0.0,0.0,0.0,0.0,0.0,0.0,0.0,0.0,0.0,0.0,0.0,0.0,0.0,0.0,0,-107875648.0,0,0.0,0,-107875648.0,-107877712.0,0,26215,17039,52429,17053,52429,17037,0,0,0,110,100,100,2.7302334150594743e+23,64.0,0.0,64.9,-107615304.0,68.5,1,49,50,180,0,39322,0,0,0.0,0.0,0.0,0.0,-7.393673857463432e+19,65.0,0.0,2.424850189562308e+19,0.0,645,0,688,0,0,0,716,0,789,0,709,0,689,0,645,0,642,0,616,0.032,36438016.0,0.0,2.7302316136196234e+23,39952,16788,-1.938207239690894e+25,2.424850189562308e+19,5.392852326237312e+28,-0.0,-0.0,2942087725056.0,29.0,60.0,70,0.0,0.0,0.0,0.0,0.0,0.0,0.0,0.0,0.0,0.0,0.0,0.0,0.0,0.0,0.0,0.0,59.6,69,11,65508,41,65476,0,300,0,0,8,20529,65476,0,0,61604,60.0,0.0,0.0,0.0,0.0,0.0
2026-04-04T11:25:19,ERR,ERR,ERR,ERR,ERR,ERR,ERR,ERR,ERR,ERR,ERR,ERR,ERR,ERR,ERR,ERR,ERR,ERR,ERR,ERR,ERR,ERR,ERR,ERR,ERR,ERR,ERR,ERR,ERR,ERR,ERR,ERR,ERR,ERR,ERR,ERR,ERR,ERR,ERR,ERR,ERR,ERR,ERR,ERR,ERR,ERR,ERR,ERR,ERR,ERR,ERR,ERR,ERR,ERR,ERR,ERR,ERR,ERR,ERR,ERR,ERR,ERR,ERR,ERR,ERR,ERR,ERR,ERR,ERR,ERR,ERR,ERR,ERR,ERR,ERR,ERR,ERR,ERR,ERR,ERR,ERR,ERR,ERR,ERR,ERR,ERR,ERR,ERR,ERR,ERR,ERR,ERR,ERR,ERR,ERR,ERR,ERR,ERR,ERR,ERR,ERR,ERR,ERR,ERR,ERR,ERR,ERR,ERR,ERR,ERR,ERR,ERR,ERR,ERR,ERR,ERR,ERR,ERR,ERR,ERR,ERR,ERR,ERR,ERR,ERR,0.0,0.0,-101055584.0,0.0,0.0,0.0,0.0,nan,0,0,0,32768,0,0.0,0,0.0,0.0,0.0,0.0,0.0,0,0,0,0,0.0,0,0,0,0,0,0,0,0,0,0,0,0,0,0,0,0,0,0,0,0,0,0,0,0,0,0,0,0,0,0,0,0,0,0,0,0,0,0,0,0,0,0,0,0,0.0,0.0,0.0,0.0,0.0,0.0,0.0,0.0,0.0,0.0,0.0,0.0,0.0,0.0,0.0,0.0,0.0,0.0,0.0,0.0,0.0,0.0,-2.004,0.0,-2.004,2.004,0.0,0.0,0.0,0.0,3392.5,2.004,0.0,0.0,0.0,-0.0,0.0,0.0,0.0,0.0,0.0,0,-0.0,-107614264.0,0.0,0.0,0.0,0.0,0.0,0.0,0.0,0,0,0,0.0,0.0,0.0,0.0,0.0,0.0,0.0,0.0,0.0,0.0,0.0,0.0,0.0,0.0,0.0,0.0,0,-107875648.0,0,0.0,0,-107875648.0,-107877712.0,0,26215,17039,52429,17053,52429,17037,0,0,0,110,100,100,2.7302334150594743e+23,64.0,0.0,64.9,-107615304.0,68.5,1,49,50,180,0,39322,0,0,0.0,0.0,0.0,0.0,-7.393673857463432e+19,65.0,0.0,2.424850189562308e+19,0.0,645,0,688,0,0,0,716,0,789,0,709,0,689,0,645,0,642,0,616,0.032,36438016.0,0.0,2.7302316136196234e+23,39952,16788,-1.938207239690894e+25,2.424850189562308e+19,5.392852326237312e+28,-0.0,-0.0,2942087725056.0,29.0,60.0,70,0.0,0.0,0.0,0.0,0.0,0.0,0.0,0.0,0.0,0.0,0.0,0.0,0.0,0.0,0.0,0.0,59.2,69,11,65508,41,65476,0,300,0,0,8,20529,65476,0,0,61604,60.0,0.0,0.0,0.0,0.0,0.0
2026-04-04T11:25:20,ERR,ERR,ERR,ERR,ERR,ERR,ERR,ERR,ERR,ERR,ERR,ERR,ERR,ERR,ERR,ERR,ERR,ERR,ERR,ERR,ERR,ERR,ERR,ERR,ERR,ERR,ERR,ERR,ERR,ERR,ERR,ERR,ERR,ERR,ERR,ERR,ERR,ERR,ERR,ERR,ERR,ERR,ERR,ERR,ERR,ERR,ERR,ERR,ERR,ERR,ERR,ERR,ERR,ERR,ERR,ERR,ERR,ERR,ERR,ERR,ERR,ERR,ERR,ERR,ERR,ERR,ERR,ERR,ERR,ERR,ERR,ERR,ERR,ERR,ERR,ERR,ERR,ERR,ERR,ERR,ERR,ERR,ERR,ERR,ERR,ERR,ERR,ERR,ERR,ERR,ERR,ERR,ERR,ERR,ERR,ERR,ERR,ERR,ERR,ERR,ERR,ERR,ERR,ERR,ERR,ERR,ERR,ERR,ERR,ERR,ERR,ERR,ERR,ERR,ERR,ERR,ERR,ERR,ERR,ERR,ERR,ERR,ERR,ERR,ERR,0.0,0.0,-101055584.0,0.0,0.0,0.0,0.0,nan,0,0,0,32768,0,0.0,0,0.0,0.0,0.0,0.0,0.0,0,0,0,0,0.0,0,0,0,0,0,0,0,0,0,0,0,0,0,0,0,0,0,0,0,0,0,0,0,0,0,0,0,0,0,0,0,0,0,0,0,0,0,0,0,0,0,0,0,0,0.0,0.0,0.0,0.0,0.0,0.0,0.0,0.0,0.0,0.0,0.0,0.0,0.0,0.0,0.0,0.0,0.0,0.0,0.0,0.0,0.0,0.0,-2.004,0.0,-2.004,2.004,0.0,0.0,0.0,0.0,3392.5,2.004,0.0,0.0,0.0,-0.0,0.0,0.0,0.0,0.0,0.0,0,-0.0,-107614264.0,0.0,0.0,0.0,0.0,0.0,0.0,0.0,0,0,0,0.0,0.0,0.0,0.0,0.0,0.0,0.0,0.0,0.0,0.0,0.0,0.0,0.0,0.0,0.0,0.0,0,-107875648.0,0,0.0,0,-107875648.0,-107877712.0,0,26215,17039,52429,17053,52429,17037,0,0,0,110,100,100,2.7302334150594743e+23,64.0,0.0,64.9,-107615304.0,68.5,1,49,50,180,0,39322,0,0,0.0,0.0,0.0,0.0,-7.393673857463432e+19,65.0,0.0,2.424850189562308e+19,0.0,645,0,688,0,0,0,716,0,789,0,709,0,689,0,645,0,642,0,616,0.032,36438016.0,0.0,2.7302316136196234e+23,39952,16788,-1.938207239690894e+25,2.424850189562308e+19,5.392852326237312e+28,-0.0,-0.0,2942087725056.0,29.0,60.0,70,0.0,0.0,0.0,0.0,0.0,0.0,0.0,0.0,0.0,0.0,0.0,0.0,0.0,0.0,0.0,0.0,59.2,69,11,65508,41,65476,0,300,0,0,8,20529,65476,0,0,61604,60.0,0.0,0.0,0.0,0.0,0.0
2026-04-04T11:25:21,ERR,ERR,ERR,ERR,ERR,ERR,ERR,ERR,ERR,ERR,ERR,ERR,ERR,ERR,ERR,ERR,ERR,ERR,ERR,ERR,ERR,ERR,ERR,ERR,ERR,ERR,ERR,ERR,ERR,ERR,ERR,ERR,ERR,ERR,ERR,ERR,ERR,ERR,ERR,ERR,ERR,ERR,ERR,ERR,ERR,ERR,ERR,ERR,ERR,ERR,ERR,ERR,ERR,ERR,ERR,ERR,ERR,ERR,ERR,ERR,ERR,ERR,ERR,ERR,ERR,ERR,ERR,ERR,ERR,ERR,ERR,ERR,ERR,ERR,ERR,ERR,ERR,ERR,ERR,ERR,ERR,ERR,ERR,ERR,ERR,ERR,ERR,ERR,ERR,ERR,ERR,ERR,ERR,ERR,ERR,ERR,ERR,ERR,ERR,ERR,ERR,ERR,ERR,ERR,ERR,ERR,ERR,ERR,ERR,ERR,ERR,ERR,ERR,ERR,ERR,ERR,ERR,ERR,ERR,ERR,ERR,ERR,ERR,ERR,ERR,0.0,0.0,-101055584.0,0.0,0.0,0.0,0.0,nan,0,0,0,32768,0,0.0,0,0.0,0.0,0.0,0.0,0.0,0,0,0,0,0.0,0,0,0,0,0,0,0,0,0,0,0,0,0,0,0,0,0,0,0,0,0,0,0,0,0,0,0,0,0,0,0,0,0,0,0,0,0,0,0,0,0,0,0,0,0.0,0.0,0.0,0.0,0.0,0.0,0.0,0.0,0.0,0.0,0.0,0.0,0.0,0.0,0.0,0.0,0.0,0.0,0.0,0.0,0.0,0.0,-2.004,0.0,-2.004,2.004,0.0,0.0,0.0,0.0,3392.5,2.004,0.0,0.0,0.0,-0.0,0.0,0.0,0.0,0.0,0.0,0,-0.0,-107614264.0,0.0,0.0,0.0,0.0,0.0,0.0,0.0,0,0,0,0.0,0.0,0.0,0.0,0.0,0.0,0.0,0.0,0.0,0.0,0.0,0.0,0.0,0.0,0.0,0.0,0,-107875648.0,0,0.0,0,-107875648.0,-107877712.0,0,26215,17039,52429,17053,52429,17037,0,0,0,110,100,100,2.7302334150594743e+23,64.0,0.0,64.9,-107615304.0,68.5,1,49,50,180,0,39322,0,0,0.0,0.0,0.0,0.0,-7.393673857463432e+19,65.0,0.0,2.424850189562308e+19,0.0,645,0,688,0,0,0,716,0,789,0,709,0,689,0,645,0,642,0,616,0.032,36438016.0,0.0,2.7302316136196234e+23,39952,16788,-1.938207239690894e+25,2.424850189562308e+19,5.392852326237312e+28,-0.0,-0.0,2942087725056.0,29.0,60.0,70,0.0,0.0,0.0,0.0,0.0,0.0,0.0,0.0,0.0,0.0,0.0,0.0,0.0,0.0,0.0,0.0,59.2,69,11,65508,41,65476,0,300,0,0,8,20529,65476,0,0,61604,60.0,0.0,0.0,0.0,0.0,0.0
2026-04-04T11:25:22,ERR,ERR,ERR,ERR,ERR,ERR,ERR,ERR,ERR,ERR,ERR,ERR,ERR,ERR,ERR,ERR,ERR,ERR,ERR,ERR,ERR,ERR,ERR,ERR,ERR,ERR,ERR,ERR,ERR,ERR,ERR,ERR,ERR,ERR,ERR,ERR,ERR,ERR,ERR,ERR,ERR,ERR,ERR,ERR,ERR,ERR,ERR,ERR,ERR,ERR,ERR,ERR,ERR,ERR,ERR,ERR,ERR,ERR,ERR,ERR,ERR,ERR,ERR,ERR,ERR,ERR,ERR,ERR,ERR,ERR,ERR,ERR,ERR,ERR,ERR,ERR,ERR,ERR,ERR,ERR,ERR,ERR,ERR,ERR,ERR,ERR,ERR,ERR,ERR,ERR,ERR,ERR,ERR,ERR,ERR,ERR,ERR,ERR,ERR,ERR,ERR,ERR,ERR,ERR,ERR,ERR,ERR,ERR,ERR,ERR,ERR,ERR,ERR,ERR,ERR,ERR,ERR,ERR,ERR,ERR,ERR,ERR,ERR,ERR,ERR,0.0,0.0,-101055584.0,0.0,0.0,0.0,0.0,nan,0,0,0,32768,0,0.0,0,0.0,0.0,0.0,0.0,0.0,0,0,0,0,0.0,0,0,0,0,0,0,0,0,0,0,0,0,0,0,0,0,0,0,0,0,0,0,0,0,0,0,0,0,0,0,0,0,0,0,0,0,0,0,0,0,0,0,0,0,0.0,0.0,0.0,0.0,0.0,0.0,0.0,0.0,0.0,0.0,0.0,0.0,0.0,0.0,0.0,0.0,0.0,0.0,0.0,0.0,0.0,0.0,-2.004,0.0,-2.004,2.004,0.0,0.0,0.0,0.0,3407.5,-3.697154027885167e+19,0.0,0.0,0.0,-0.0,0.0,0.0,0.0,0.0,0.0,0,-0.0,-0.0,0.0,0.0,0.0,0.0,0.0,0.0,0.0,0,0,0,0.0,0.0,0.0,0.0,0.0,0.0,0.0,0.0,0.0,0.0,0.0,0.0,0.0,0.0,0.0,0.0,0,-107875648.0,0,0.0,0,-107875648.0,-107877712.0,0,26215,17039,52429,17053,52429,17037,0,0,0,110,100,100,2.7302334150594743e+23,64.0,0.0,64.9,-107615304.0,68.5,1,49,50,180,0,39322,0,0,0.0,0.0,0.0,0.0,-7.393673857463432e+19,65.0,0.0,2.424850189562308e+19,0.0,645,0,688,0,0,0,716,0,789,0,709,0,689,0,645,0,642,0,616,0.032,36438016.0,0.0,2.7302316136196234e+23,39952,16788,-1.938207239690894e+25,2.424850189562308e+19,5.392852326237312e+28,-0.0,-0.0,2942087725056.0,29.0,60.0,70,0.0,0.0,0.0,0.0,0.0,0.0,0.0,0.0,0.0,0.0,0.0,0.0,0.0,0.0,0.0,0.0,59.2,69,11,65508,41,65476,0,300,0,0,8,20529,65476,0,0,61604,60.0,0.0,0.0,0.0,0.0,0.0
2026-04-04T11:25:23,ERR,ERR,ERR,ERR,ERR,ERR,ERR,ERR,ERR,ERR,ERR,ERR,ERR,ERR,ERR,ERR,ERR,ERR,ERR,ERR,ERR,ERR,ERR,ERR,ERR,ERR,ERR,ERR,ERR,ERR,ERR,ERR,ERR,ERR,ERR,ERR,ERR,ERR,ERR,ERR,ERR,ERR,ERR,ERR,ERR,ERR,ERR,ERR,ERR,ERR,ERR,ERR,ERR,ERR,ERR,ERR,ERR,ERR,ERR,ERR,ERR,ERR,ERR,ERR,ERR,ERR,ERR,ERR,ERR,ERR,ERR,ERR,ERR,ERR,ERR,ERR,ERR,ERR,ERR,ERR,ERR,ERR,ERR,ERR,ERR,ERR,ERR,ERR,ERR,ERR,ERR,ERR,ERR,ERR,ERR,ERR,ERR,ERR,ERR,ERR,ERR,ERR,ERR,ERR,ERR,ERR,ERR,ERR,ERR,ERR,ERR,ERR,ERR,ERR,ERR,ERR,ERR,ERR,ERR,ERR,ERR,ERR,ERR,ERR,ERR,0.0,0.0,-101055584.0,0.0,0.0,0.0,0.0,nan,0,0,0,32768,0,0.0,0,0.0,0.0,0.0,0.0,0.0,0,0,0,0,0.0,0,0,0,0,0,0,0,0,0,0,0,0,0,0,0,0,0,0,0,0,0,0,0,0,0,0,0,0,0,0,0,0,0,0,0,0,0,0,0,0,0,0,0,0,0.0,0.0,0.0,0.0,0.0,0.0,0.0,0.0,0.0,0.0,0.0,0.0,0.0,0.0,0.0,0.0,0.0,0.0,0.0,0.0,0.0,0.0,-2.004,0.0,-2.004,2.004,0.0,0.0,0.0,0.0,3407.5,-3.697154027885167e+19,0.0,0.0,0.0,-0.0,0.0,0.0,0.0,0.0,0.0,0,-0.0,-0.0,0.0,0.0,0.0,0.0,0.0,0.0,0.0,0,0,0,0.0,0.0,0.0,0.0,0.0,0.0,0.0,0.0,0.0,0.0,0.0,0.0,0.0,0.0,0.0,0.0,0,-107875648.0,0,0.0,0,-107875648.0,-107877712.0,0,26215,17039,52429,17053,52429,17037,0,0,0,110,100,100,2.7302334150594743e+23,64.0,0.0,64.9,-107615304.0,68.5,1,49,50,180,0,39322,0,0,0.0,0.0,0.0,0.0,-7.393673857463432e+19,65.0,0.0,2.424850189562308e+19,0.0,645,0,688,0,0,0,716,0,789,0,709,0,689,0,645,0,642,0,616,0.032,36438016.0,0.0,2.7302316136196234e+23,39952,16788,-1.938207239690894e+25,2.424850189562308e+19,5.392852326237312e+28,-0.0,-0.0,2942087725056.0,29.0,60.0,70,0.0,0.0,0.0,0.0,0.0,0.0,0.0,0.0,0.0,0.0,0.0,0.0,0.0,0.0,0.0,0.0,59.2,69,11,65508,41,65476,0,300,0,0,8,20529,65476,0,0,61604,60.0,0.0,0.0,0.0,0.0,0.0
2026-04-04T11:25:24,ERR,ERR,ERR,ERR,ERR,ERR,ERR,ERR,ERR,ERR,ERR,ERR,ERR,ERR,ERR,ERR,ERR,ERR,ERR,ERR,ERR,ERR,ERR,ERR,ERR,ERR,ERR,ERR,ERR,ERR,ERR,ERR,ERR,ERR,ERR,ERR,ERR,ERR,ERR,ERR,ERR,ERR,ERR,ERR,ERR,ERR,ERR,ERR,ERR,ERR,ERR,ERR,ERR,ERR,ERR,ERR,ERR,ERR,ERR,ERR,ERR,ERR,ERR,ERR,ERR,ERR,ERR,ERR,ERR,ERR,ERR,ERR,ERR,ERR,ERR,ERR,ERR,ERR,ERR,ERR,ERR,ERR,ERR,ERR,ERR,ERR,ERR,ERR,ERR,ERR,ERR,ERR,ERR,ERR,ERR,ERR,ERR,ERR,ERR,ERR,ERR,ERR,ERR,ERR,ERR,ERR,ERR,ERR,ERR,ERR,ERR,ERR,ERR,ERR,ERR,ERR,ERR,ERR,ERR,ERR,ERR,ERR,ERR,ERR,ERR,0.0,0.0,-101055584.0,0.0,0.0,0.0,0.0,nan,0,0,0,32768,0,0.0,0,0.0,0.0,0.0,0.0,0.0,0,0,0,0,0.0,0,0,0,0,0,0,0,0,0,0,0,0,0,0,0,0,0,0,0,0,0,0,0,0,0,0,0,0,0,0,0,0,0,0,0,0,0,0,0,0,0,0,0,0,0.0,0.0,0.0,0.0,0.0,0.0,0.0,0.0,0.0,0.0,0.0,0.0,0.0,0.0,0.0,0.0,0.0,0.0,0.0,0.0,0.0,0.0,-2.004,0.0,-2.004,2.004,0.0,0.0,0.0,0.0,3407.5,-3.697154027885167e+19,0.0,0.0,0.0,-0.0,0.0,0.0,0.0,0.0,0.0,0,-0.0,-0.0,0.0,0.0,0.0,0.0,0.0,0.0,0.0,0,0,0,0.0,0.0,0.0,0.0,0.0,0.0,0.0,0.0,0.0,0.0,0.0,0.0,0.0,0.0,0.0,0.0,0,-107875648.0,0,0.0,0,-107875648.0,-107877712.0,0,26215,17039,52429,17053,52429,17037,0,0,0,110,100,100,2.7302334150594743e+23,64.0,0.0,64.9,-107615304.0,68.5,1,49,50,180,0,39322,0,0,0.0,0.0,0.0,0.0,-282046274469888.0,65.0,0.0,-0.0,0.0,645,0,688,0,0,0,717,0,789,0,709,0,689,0,645,0,642,0,616,0.032,37224448.0,0.0,2.7302316136196234e+23,37264,16788,-3.4634445850641695e+18,-0.0,-3527450624.0,-0.0,0.0,-109708328.0,29.0,60.0,70,0.0,0.0,0.0,0.0,0.0,0.0,0.0,0.0,0.0,0.0,0.0,0.0,0.0,0.0,0.0,0.0,59.2,69,11,65508,41,65476,0,300,0,0,8,20529,65476,0,0,61604,60.0,0.0,0.0,0.0,0.0,0.0
2026-04-04T11:25:25,ERR,ERR,ERR,ERR,ERR,ERR,ERR,ERR,ERR,ERR,ERR,ERR,ERR,ERR,ERR,ERR,ERR,ERR,ERR,ERR,ERR,ERR,ERR,ERR,ERR,ERR,ERR,ERR,ERR,ERR,ERR,ERR,ERR,ERR,ERR,ERR,ERR,ERR,ERR,ERR,ERR,ERR,ERR,ERR,ERR,ERR,ERR,ERR,ERR,ERR,ERR,ERR,ERR,ERR,ERR,ERR,ERR,ERR,ERR,ERR,ERR,ERR,ERR,ERR,ERR,ERR,ERR,ERR,ERR,ERR,ERR,ERR,ERR,ERR,ERR,ERR,ERR,ERR,ERR,ERR,ERR,ERR,ERR,ERR,ERR,ERR,ERR,ERR,ERR,ERR,ERR,ERR,ERR,ERR,ERR,ERR,ERR,ERR,ERR,ERR,ERR,ERR,ERR,ERR,ERR,ERR,ERR,ERR,ERR,ERR,ERR,ERR,ERR,ERR,ERR,ERR,ERR,ERR,ERR,ERR,ERR,ERR,ERR,ERR,ERR,0.0,0.0,-101055584.0,0.0,0.0,0.0,0.0,nan,0,0,0,32768,0,0.0,0,0.0,0.0,0.0,0.0,0.0,0,0,0,0,0.0,0,0,0,0,0,0,0,0,0,0,0,0,0,0,0,0,0,0,0,0,0,0,0,0,0,0,0,0,0,0,0,0,0,0,0,0,0,0,0,0,0,0,0,0,0.0,0.0,0.0,0.0,0.0,0.0,0.0,0.0,0.0,0.0,0.0,0.0,0.0,0.0,0.0,0.0,0.0,0.0,0.0,0.0,0.0,0.0,-2.004,0.0,-2.004,2.004,0.0,0.0,0.0,0.0,3407.5,-3.697154027885167e+19,0.0,0.0,0.0,-0.0,0.0,0.0,0.0,0.0,0.0,0,-0.0,-0.0,0.0,0.0,0.0,0.0,0.0,0.0,0.0,0,0,0,0.0,0.0,0.0,0.0,0.0,0.0,0.0,0.0,0.0,0.0,0.0,0.0,0.0,0.0,0.0,0.0,0,-107875648.0,0,0.0,0,-107875648.0,-107877712.0,0,26215,17039,52429,17053,52429,17037,0,0,0,110,100,100,2.7302334150594743e+23,64.0,0.0,64.9,-107615304.0,68.5,1,49,50,180,0,39322,0,0,0.0,0.0,0.0,0.0,-282046274469888.0,65.0,0.0,-0.0,0.0,645,0,688,0,0,0,717,0,789,0,709,0,689,0,645,0,642,0,616,0.032,37224448.0,0.0,2.7302316136196234e+23,37264,16788,-3.4634445850641695e+18,-0.0,-3527450624.0,-0.0,0.0,-109708328.0,29.0,60.0,70,0.0,0.0,0.0,0.0,0.0,0.0,0.0,0.0,0.0,0.0,0.0,0.0,0.0,0.0,0.0,0.0,59.2,69,11,65508,41,65476,0,300,0,0,8,20529,65476,0,0,61604,60.0,0.0,0.0,0.0,0.0,0.0
2026-04-04T11:25:26,ERR,ERR,ERR,ERR,ERR,ERR,ERR,ERR,ERR,ERR,ERR,ERR,ERR,ERR,ERR,ERR,ERR,ERR,ERR,ERR,ERR,ERR,ERR,ERR,ERR,ERR,ERR,ERR,ERR,ERR,ERR,ERR,ERR,ERR,ERR,ERR,ERR,ERR,ERR,ERR,ERR,ERR,ERR,ERR,ERR,ERR,ERR,ERR,ERR,ERR,ERR,ERR,ERR,ERR,ERR,ERR,ERR,ERR,ERR,ERR,ERR,ERR,ERR,ERR,ERR,ERR,ERR,ERR,ERR,ERR,ERR,ERR,ERR,ERR,ERR,ERR,ERR,ERR,ERR,ERR,ERR,ERR,ERR,ERR,ERR,ERR,ERR,ERR,ERR,ERR,ERR,ERR,ERR,ERR,ERR,ERR,ERR,ERR,ERR,ERR,ERR,ERR,ERR,ERR,ERR,ERR,ERR,ERR,ERR,ERR,ERR,ERR,ERR,ERR,ERR,ERR,ERR,ERR,ERR,ERR,ERR,ERR,ERR,ERR,ERR,0.0,0.0,-101055584.0,0.0,0.0,0.0,0.0,nan,0,0,0,32768,0,0.0,0,0.0,0.0,0.0,0.0,0.0,0,0,0,0,0.0,0,0,0,0,0,0,0,0,0,0,0,0,0,0,0,0,0,0,0,0,0,0,0,0,0,0,0,0,0,0,0,0,0,0,0,0,0,0,0,0,0,0,0,0,0.0,0.0,0.0,0.0,0.0,0.0,0.0,0.0,0.0,0.0,0.0,0.0,0.0,0.0,0.0,0.0,0.0,0.0,0.0,0.0,0.0,0.0,-2.004,0.0,-2.004,2.004,0.0,0.0,0.0,0.0,3407.5,-3.697154027885167e+19,0.0,0.0,0.0,-0.0,0.0,0.0,0.0,0.0,0.0,0,-0.0,-0.0,0.0,0.0,0.0,0.0,0.0,0.0,0.0,0,0,0,0.0,0.0,0.0,0.0,0.0,0.0,0.0,0.0,0.0,0.0,0.0,0.0,0.0,0.0,0.0,0.0,0,-107875648.0,0,0.0,0,-107875648.0,-107877712.0,0,26215,17039,52429,17053,52429,17037,0,0,0,110,100,100,2.7302334150594743e+23,64.0,0.0,64.9,-107615304.0,68.5,1,49,50,180,0,39322,0,0,0.0,0.0,0.0,0.0,-282046274469888.0,65.0,0.0,-0.0,0.0,645,0,688,0,0,0,717,0,789,0,709,0,689,0,645,0,642,0,616,0.032,37224448.0,0.0,2.7302316136196234e+23,37264,16788,-3.4634445850641695e+18,-0.0,-3527450624.0,-0.0,0.0,-109708328.0,29.0,60.0,70,0.0,0.0,0.0,0.0,0.0,0.0,0.0,0.0,0.0,0.0,0.0,0.0,0.0,0.0,0.0,0.0,59.2,69,11,65508,41,65476,0,300,0,0,8,20529,65476,0,0,61604,60.0,0.0,0.0,0.0,0.0,0.0
2026-04-04T11:25:27,ERR,ERR,ERR,ERR,ERR,ERR,ERR,ERR,ERR,ERR,ERR,ERR,ERR,ERR,ERR,ERR,ERR,ERR,ERR,ERR,ERR,ERR,ERR,ERR,ERR,ERR,ERR,ERR,ERR,ERR,ERR,ERR,ERR,ERR,ERR,ERR,ERR,ERR,ERR,ERR,ERR,ERR,ERR,ERR,ERR,ERR,ERR,ERR,ERR,ERR,ERR,ERR,ERR,ERR,ERR,ERR,ERR,ERR,ERR,ERR,ERR,ERR,ERR,ERR,ERR,ERR,ERR,ERR,ERR,ERR,ERR,ERR,ERR,ERR,ERR,ERR,ERR,ERR,ERR,ERR,ERR,ERR,ERR,ERR,ERR,ERR,ERR,ERR,ERR,ERR,ERR,ERR,ERR,ERR,ERR,ERR,ERR,ERR,ERR,ERR,ERR,ERR,ERR,ERR,ERR,ERR,ERR,ERR,ERR,ERR,ERR,ERR,ERR,ERR,ERR,ERR,ERR,ERR,ERR,ERR,ERR,ERR,ERR,ERR,ERR,0.0,0.0,-101055584.0,0.0,0.0,0.0,0.0,nan,0,0,0,32768,0,0.0,0,0.0,0.0,0.0,0.0,0.0,0,0,0,0,0.0,0,0,0,0,0,0,0,0,0,0,0,0,0,0,0,0,0,0,0,0,0,0,0,0,0,0,0,0,0,0,0,0,0,0,0,0,0,0,0,0,0,0,0,0,0.0,0.0,0.0,0.0,0.0,0.0,0.0,0.0,0.0,0.0,0.0,0.0,0.0,0.0,0.0,0.0,0.0,0.0,0.0,0.0,0.0,0.0,-2.004,0.0,-2.004,2.004,0.0,0.0,0.0,0.0,3407.5,-3.697154027885167e+19,0.0,0.0,0.0,-0.0,0.0,0.0,0.0,0.0,0.0,0,-0.0,-0.0,0.0,0.0,0.0,0.0,0.0,0.0,0.0,0,0,0,0.0,0.0,0.0,0.0,0.0,0.0,0.0,0.0,0.0,0.0,0.0,0.0,0.0,0.0,0.0,0.0,0,-107875648.0,0,0.0,0,-107875648.0,-107877712.0,0,26215,17039,52429,17053,52429,17037,0,0,0,110,100,100,2.7302334150594743e+23,64.0,0.0,64.9,-107615304.0,68.5,1,49,50,180,0,39322,0,0,0.0,0.0,0.0,0.0,-282046274469888.0,65.0,0.0,-0.0,0.0,645,0,688,0,0,0,717,0,789,0,709,0,689,0,645,0,642,0,616,0.032,37224448.0,0.0,2.7302316136196234e+23,37264,16788,-3.4634445850641695e+18,-0.0,-3527450624.0,-0.0,0.0,-109708328.0,29.0,60.0,70,0.0,0.0,0.0,0.0,0.0,0.0,0.0,0.0,0.0,0.0,0.0,0.0,0.0,0.0,0.0,0.0,59.2,69,11,65508,41,65476,0,300,0,0,8,20529,65476,0,0,61604,60.0,0.0,0.0,0.0,0.0,0.0
2026-04-04T11:25:28,ERR,ERR,ERR,ERR,ERR,ERR,ERR,ERR,ERR,ERR,ERR,ERR,ERR,ERR,ERR,ERR,ERR,ERR,ERR,ERR,ERR,ERR,ERR,ERR,ERR,ERR,ERR,ERR,ERR,ERR,ERR,ERR,ERR,ERR,ERR,ERR,ERR,ERR,ERR,ERR,ERR,ERR,ERR,ERR,ERR,ERR,ERR,ERR,ERR,ERR,ERR,ERR,ERR,ERR,ERR,ERR,ERR,ERR,ERR,ERR,ERR,ERR,ERR,ERR,ERR,ERR,ERR,ERR,ERR,ERR,ERR,ERR,ERR,ERR,ERR,ERR,ERR,ERR,ERR,ERR,ERR,ERR,ERR,ERR,ERR,ERR,ERR,ERR,ERR,ERR,ERR,ERR,ERR,ERR,ERR,ERR,ERR,ERR,ERR,ERR,ERR,ERR,ERR,ERR,ERR,ERR,ERR,ERR,ERR,ERR,ERR,ERR,ERR,ERR,ERR,ERR,ERR,ERR,ERR,ERR,ERR,ERR,ERR,ERR,ERR,0.0,0.0,-101055584.0,0.0,0.0,0.0,0.0,nan,0,0,0,32768,0,0.0,0,0.0,0.0,0.0,0.0,0.0,0,0,0,0,0.0,0,0,0,0,0,0,0,0,0,0,0,0,0,0,0,0,0,0,0,0,0,0,0,0,0,0,0,0,0,0,0,0,0,0,0,0,0,0,0,0,0,0,0,0,0.0,0.0,0.0,0.0,0.0,0.0,0.0,0.0,0.0,0.0,0.0,0.0,0.0,0.0,0.0,0.0,0.0,0.0,0.0,0.0,0.0,0.0,-2.004,0.0,-2.004,2.004,0.0,0.0,0.0,0.0,3407.5,-3.697154027885167e+19,0.0,0.0,0.0,-0.0,0.0,0.0,0.0,0.0,0.0,0,-0.0,-0.0,0.0,0.0,0.0,0.0,0.0,0.0,0.0,0,0,0,0.0,0.0,0.0,0.0,0.0,0.0,0.0,0.0,0.0,0.0,0.0,0.0,0.0,0.0,0.0,0.0,0,-107875648.0,0,0.0,0,-107875648.0,-107877712.0,0,26215,17039,52429,17053,52429,17037,0,0,0,110,100,100,2.7302334150594743e+23,64.0,0.0,64.9,-107615304.0,68.5,1,49,50,180,0,39322,0,0,0.0,0.0,0.0,0.0,-282046274469888.0,65.0,0.0,-0.0,0.0,645,0,688,0,0,0,717,0,789,0,709,0,689,0,645,0,642,0,616,0.032,37224448.0,0.0,2.7302316136196234e+23,37264,16788,-3.4634445850641695e+18,-0.0,-3527450624.0,-0.0,0.0,-109708328.0,29.0,60.0,70,0.0,0.0,0.0,0.0,0.0,0.0,0.0,0.0,0.0,0.0,0.0,0.0,0.0,0.0,0.0,0.0,59.2,69,11,65508,41,65476,0,300,0,0,8,20529,65476,0,0,61604,60.0,0.0,0.0,0.0,0.0,0.0
2026-04-04T11:25:29,ERR,ERR,ERR,ERR,ERR,ERR,ERR,ERR,ERR,ERR,ERR,ERR,ERR,ERR,ERR,ERR,ERR,ERR,ERR,ERR,ERR,ERR,ERR,ERR,ERR,ERR,ERR,ERR,ERR,ERR,ERR,ERR,ERR,ERR,ERR,ERR,ERR,ERR,ERR,ERR,ERR,ERR,ERR,ERR,ERR,ERR,ERR,ERR,ERR,ERR,ERR,ERR,ERR,ERR,ERR,ERR,ERR,ERR,ERR,ERR,ERR,ERR,ERR,ERR,ERR,ERR,ERR,ERR,ERR,ERR,ERR,ERR,ERR,ERR,ERR,ERR,ERR,ERR,ERR,ERR,ERR,ERR,ERR,ERR,ERR,ERR,ERR,ERR,ERR,ERR,ERR,ERR,ERR,ERR,ERR,ERR,ERR,ERR,ERR,ERR,ERR,ERR,ERR,ERR,ERR,ERR,ERR,ERR,ERR,ERR,ERR,ERR,ERR,ERR,ERR,ERR,ERR,ERR,ERR,ERR,ERR,ERR,ERR,ERR,ERR,0.0,0.0,-101055584.0,0.0,0.0,0.0,0.0,nan,0,0,0,32768,0,0.0,0,0.0,0.0,0.0,0.0,0.0,0,0,0,0,0.0,0,0,0,0,0,0,0,0,0,0,0,0,0,0,0,0,0,0,0,0,0,0,0,0,0,0,0,0,0,0,0,0,0,0,0,0,0,0,0,0,0,0,0,0,0.0,0.0,0.0,0.0,0.0,0.0,0.0,0.0,0.0,0.0,0.0,0.0,0.0,0.0,0.0,0.0,0.0,0.0,0.0,0.0,0.0,0.0,-2.004,0.0,-2.004,2.004,0.0,0.0,0.0,0.0,3407.5,-3.697154027885167e+19,0.0,0.0,0.0,-0.0,0.0,0.0,0.0,0.0,0.0,0,-0.0,-0.0,0.0,0.0,0.0,0.0,0.0,0.0,0.0,0,0,0,0.0,0.0,0.0,0.0,0.0,0.0,0.0,0.0,0.0,0.0,0.0,0.0,0.0,0.0,0.0,0.0,0,-107875648.0,0,0.0,0,-107875648.0,-107877712.0,0,26215,17039,52429,17053,52429,17037,0,0,0,110,100,100,2.7302334150594743e+23,64.0,0.0,64.9,-107615304.0,68.5,1,49,50,180,0,39322,0,0,0.0,0.0,0.0,0.0,-282046274469888.0,65.0,0.0,-0.0,0.0,645,0,688,0,0,0,717,0,789,0,709,0,689,0,645,0,642,0,616,0.032,37224448.0,0.0,2.7302316136196234e+23,37264,16788,-3.4634445850641695e+18,-0.0,-3527450624.0,-0.0,0.0,-109708328.0,29.0,60.0,70,0.0,0.0,0.0,0.0,0.0,0.0,0.0,0.0,0.0,0.0,0.0,0.0,0.0,0.0,0.0,0.0,59.2,69,11,65508,41,65476,0,300,0,0,8,20529,65476,0,0,61604,60.0,0.0,0.0,0.0,0.0,0.0
2026-04-04T11:25:30,ERR,ERR,ERR,ERR,ERR,ERR,ERR,ERR,ERR,ERR,ERR,ERR,ERR,ERR,ERR,ERR,ERR,ERR,ERR,ERR,ERR,ERR,ERR,ERR,ERR,ERR,ERR,ERR,ERR,ERR,ERR,ERR,ERR,ERR,ERR,ERR,ERR,ERR,ERR,ERR,ERR,ERR,ERR,ERR,ERR,ERR,ERR,ERR,ERR,ERR,ERR,ERR,ERR,ERR,ERR,ERR,ERR,ERR,ERR,ERR,ERR,ERR,ERR,ERR,ERR,ERR,ERR,ERR,ERR,ERR,ERR,ERR,ERR,ERR,ERR,ERR,ERR,ERR,ERR,ERR,ERR,ERR,ERR,ERR,ERR,ERR,ERR,ERR,ERR,ERR,ERR,ERR,ERR,ERR,ERR,ERR,ERR,ERR,ERR,ERR,ERR,ERR,ERR,ERR,ERR,ERR,ERR,ERR,ERR,ERR,ERR,ERR,ERR,ERR,ERR,ERR,ERR,ERR,ERR,ERR,ERR,ERR,ERR,ERR,ERR,0.0,0.0,-101055584.0,0.0,0.0,0.0,0.0,nan,0,0,0,32768,0,0.0,0,0.0,0.0,0.0,0.0,0.0,0,0,0,0,0.0,0,0,0,0,0,0,0,0,0,0,0,0,0,0,0,0,0,0,0,0,0,0,0,0,0,0,0,0,0,0,0,0,0,0,0,0,0,0,0,0,0,0,0,0,0.0,0.0,0.0,0.0,0.0,0.0,0.0,0.0,0.0,0.0,0.0,0.0,0.0,0.0,0.0,0.0,0.0,0.0,0.0,0.0,0.0,0.0,-2.004,0.0,-2.004,2.004,0.0,0.0,0.0,0.0,3395.0,0.0,0.0,0.0,0.0,-0.0,0.0,0.0,0.0,0.0,0.0,0,-0.0,-71.629,0.0,0.0,0.0,0.0,0.0,0.0,0.0,0,0,0,0.0,0.0,0.0,0.0,0.0,0.0,0.0,0.0,0.0,0.0,0.0,0.0,0.0,0.0,0.0,0.0,0,-107875648.0,0,0.0,0,-107875648.0,-107877712.0,0,13107,17039,52429,17053,52429,17037,0,0,0,110,100,100,2.7302334150594743e+23,64.0,0.0,64.9,-107615304.0,68.5,1,49,50,180,0,39322,0,0,0.0,0.0,0.0,0.0,-8.018948375715636e+24,65.0,0.0,1.2554086632013255e+28,0.0,645,0,688,0,0,0,717,0,789,0,709,0,689,0,645,0,642,0,616,0.032,45875200.0,0.0,2.7302316136196234e+23,44304,16788,-4.959800458315255e+28,1.2554086632013255e+28,-2.881417453110451e+22,-0.0,0.0,-1.3907232637357287e+20,29.0,60.0,70,0.0,0.0,0.0,0.0,0.0,0.0,0.0,0.0,0.0,0.0,0.0,0.0,0.0,0.0,0.0,0.0,59.6,69,11,65508,41,65476,0,300,0,0,8,20529,65476,0,0,61604,60.0,0.0,0.0,0.0,0.0,0.0
2026-04-04T11:25:31,ERR,ERR,ERR,ERR,ERR,ERR,ERR,ERR,ERR,ERR,ERR,ERR,ERR,ERR,ERR,ERR,ERR,ERR,ERR,ERR,ERR,ERR,ERR,ERR,ERR,ERR,ERR,ERR,ERR,ERR,ERR,ERR,ERR,ERR,ERR,ERR,ERR,ERR,ERR,ERR,ERR,ERR,ERR,ERR,ERR,ERR,ERR,ERR,ERR,ERR,ERR,ERR,ERR,ERR,ERR,ERR,ERR,ERR,ERR,ERR,ERR,ERR,ERR,ERR,ERR,ERR,ERR,ERR,ERR,ERR,ERR,ERR,ERR,ERR,ERR,ERR,ERR,ERR,ERR,ERR,ERR,ERR,ERR,ERR,ERR,ERR,ERR,ERR,ERR,ERR,ERR,ERR,ERR,ERR,ERR,ERR,ERR,ERR,ERR,ERR,ERR,ERR,ERR,ERR,ERR,ERR,ERR,ERR,ERR,ERR,ERR,ERR,ERR,ERR,ERR,ERR,ERR,ERR,ERR,ERR,ERR,ERR,ERR,ERR,ERR,0.0,0.0,-101055584.0,0.0,0.0,0.0,0.0,nan,0,0,0,32768,0,0.0,0,0.0,0.0,0.0,0.0,0.0,0,0,0,0,0.0,0,0,0,0,0,0,0,0,0,0,0,0,0,0,0,0,0,0,0,0,0,0,0,0,0,0,0,0,0,0,0,0,0,0,0,0,0,0,0,0,0,0,0,0,0.0,0.0,0.0,0.0,0.0,0.0,0.0,0.0,0.0,0.0,0.0,0.0,0.0,0.0,0.0,0.0,0.0,0.0,0.0,0.0,0.0,0.0,-2.004,0.0,-2.004,2.004,0.0,0.0,0.0,0.0,3395.0,0.0,0.0,0.0,0.0,-0.0,0.0,0.0,0.0,0.0,0.0,0,-0.0,-71.629,0.0,0.0,0.0,0.0,0.0,0.0,0.0,0,0,0,0.0,0.0,0.0,0.0,0.0,0.0,0.0,0.0,0.0,0.0,0.0,0.0,0.0,0.0,0.0,0.0,0,-107875648.0,0,0.0,0,-107875648.0,-107877712.0,0,13107,17039,52429,17053,52429,17037,0,0,0,110,100,100,2.7302334150594743e+23,64.0,0.0,64.9,-107615304.0,68.5,1,49,50,180,0,39322,0,0,0.0,0.0,0.0,0.0,-8.018948375715636e+24,65.0,0.0,1.2554086632013255e+28,0.0,645,0,688,0,0,0,717,0,789,0,709,0,689,0,645,0,642,0,616,0.032,45875200.0,0.0,2.7302316136196234e+23,44304,16788,-4.959800458315255e+28,1.2554086632013255e+28,-2.881417453110451e+22,-0.0,0.0,-1.3907232637357287e+20,29.0,60.0,70,0.0,0.0,0.0,0.0,0.0,0.0,0.0,0.0,0.0,0.0,0.0,0.0,0.0,0.0,0.0,0.0,59.6,69,11,65508,41,65476,0,300,0,0,8,20529,65476,0,0,61604,60.0,0.0,0.0,0.0,0.0,0.0
2026-04-04T11:25:32,ERR,ERR,ERR,ERR,ERR,ERR,ERR,ERR,ERR,ERR,ERR,ERR,ERR,ERR,ERR,ERR,ERR,ERR,ERR,ERR,ERR,ERR,ERR,ERR,ERR,ERR,ERR,ERR,ERR,ERR,ERR,ERR,ERR,ERR,ERR,ERR,ERR,ERR,ERR,ERR,ERR,ERR,ERR,ERR,ERR,ERR,ERR,ERR,ERR,ERR,ERR,ERR,ERR,ERR,ERR,ERR,ERR,ERR,ERR,ERR,ERR,ERR,ERR,ERR,ERR,ERR,ERR,ERR,ERR,ERR,ERR,ERR,ERR,ERR,ERR,ERR,ERR,ERR,ERR,ERR,ERR,ERR,ERR,ERR,ERR,ERR,ERR,ERR,ERR,ERR,ERR,ERR,ERR,ERR,ERR,ERR,ERR,ERR,ERR,ERR,ERR,ERR,ERR,ERR,ERR,ERR,ERR,ERR,ERR,ERR,ERR,ERR,ERR,ERR,ERR,ERR,ERR,ERR,ERR,ERR,ERR,ERR,ERR,ERR,ERR,0.0,0.0,-101055584.0,0.0,0.0,0.0,0.0,nan,0,0,0,32768,0,0.0,0,0.0,0.0,0.0,0.0,0.0,0,0,0,0,0.0,0,0,0,0,0,0,0,0,0,0,0,0,0,0,0,0,0,0,0,0,0,0,0,0,0,0,0,0,0,0,0,0,0,0,0,0,0,0,0,0,0,0,0,0,0.0,0.0,0.0,0.0,0.0,0.0,0.0,0.0,0.0,0.0,0.0,0.0,0.0,0.0,0.0,0.0,0.0,0.0,0.0,0.0,0.0,0.0,-2.004,0.0,-2.004,2.004,0.0,0.0,0.0,0.0,3395.0,0.0,0.0,0.0,0.0,-0.0,0.0,0.0,0.0,0.0,0.0,0,-0.0,-71.629,0.0,0.0,0.0,0.0,0.0,0.0,0.0,0,0,0,0.0,0.0,0.0,0.0,0.0,0.0,0.0,0.0,0.0,0.0,0.0,0.0,0.0,0.0,0.0,0.0,0,-107875648.0,0,0.0,0,-107875648.0,-107877712.0,0,13107,17039,52429,17053,52429,17037,0,0,0,110,100,100,2.7302334150594743e+23,64.0,0.0,64.9,-107615304.0,68.5,1,49,50,180,0,39322,0,0,0.0,0.0,0.0,0.0,-8.018948375715636e+24,65.0,0.0,1.2554086632013255e+28,0.0,645,0,688,0,0,0,717,0,789,0,709,0,689,0,645,0,642,0,616,0.032,45875200.0,0.0,2.7302316136196234e+23,44304,16788,-4.959800458315255e+28,1.2554086632013255e+28,-2.881417453110451e+22,-0.0,0.0,-1.3907232637357287e+20,29.0,60.0,70,0.0,0.0,0.0,0.0,0.0,0.0,0.0,0.0,0.0,0.0,0.0,0.0,0.0,0.0,0.0,0.0,59.6,69,11,65508,41,65476,0,300,0,0,8,20529,65476,0,0,61604,60.0,0.0,0.0,0.0,0.0,0.0
2026-04-04T11:25:33,ERR,ERR,ERR,ERR,ERR,ERR,ERR,ERR,ERR,ERR,ERR,ERR,ERR,ERR,ERR,ERR,ERR,ERR,ERR,ERR,ERR,ERR,ERR,ERR,ERR,ERR,ERR,ERR,ERR,ERR,ERR,ERR,ERR,ERR,ERR,ERR,ERR,ERR,ERR,ERR,ERR,ERR,ERR,ERR,ERR,ERR,ERR,ERR,ERR,ERR,ERR,ERR,ERR,ERR,ERR,ERR,ERR,ERR,ERR,ERR,ERR,ERR,ERR,ERR,ERR,ERR,ERR,ERR,ERR,ERR,ERR,ERR,ERR,ERR,ERR,ERR,ERR,ERR,ERR,ERR,ERR,ERR,ERR,ERR,ERR,ERR,ERR,ERR,ERR,ERR,ERR,ERR,ERR,ERR,ERR,ERR,ERR,ERR,ERR,ERR,ERR,ERR,ERR,ERR,ERR,ERR,ERR,ERR,ERR,ERR,ERR,ERR,ERR,ERR,ERR,ERR,ERR,ERR,ERR,ERR,ERR,ERR,ERR,ERR,ERR,0.0,0.0,-101055584.0,0.0,0.0,0.0,0.0,nan,0,0,0,32768,0,0.0,0,0.0,0.0,0.0,0.0,0.0,0,0,0,0,0.0,0,0,0,0,0,0,0,0,0,0,0,0,0,0,0,0,0,0,0,0,0,0,0,0,0,0,0,0,0,0,0,0,0,0,0,0,0,0,0,0,0,0,0,0,0.0,0.0,0.0,0.0,0.0,0.0,0.0,0.0,0.0,0.0,0.0,0.0,0.0,0.0,0.0,0.0,0.0,0.0,0.0,0.0,0.0,0.0,-2.004,0.0,-2.004,2.004,0.0,0.0,0.0,0.0,3395.0,0.0,0.0,0.0,0.0,-0.0,0.0,0.0,0.0,0.0,0.0,0,-0.0,-71.629,0.0,0.0,0.0,0.0,0.0,0.0,0.0,0,0,0,0.0,0.0,0.0,0.0,0.0,0.0,0.0,0.0,0.0,0.0,0.0,0.0,0.0,0.0,0.0,0.0,0,-107875648.0,0,0.0,0,-107875648.0,-107877712.0,0,13107,17039,52429,17053,52429,17037,0,0,0,110,100,100,2.7302334150594743e+23,64.0,0.0,64.9,-107615304.0,68.5,1,49,50,180,0,39322,0,0,0.0,0.0,0.0,0.0,-8.018948375715636e+24,65.0,0.0,1.2554086632013255e+28,0.0,645,0,688,0,0,0,717,0,789,0,709,0,689,0,645,0,642,0,616,0.032,45875200.0,0.0,2.7302316136196234e+23,44304,16788,-4.959800458315255e+28,1.2554086632013255e+28,-2.881417453110451e+22,-0.0,0.0,-1.3907232637357287e+20,29.0,60.0,70,0.0,0.0,0.0,0.0,0.0,0.0,0.0,0.0,0.0,0.0,0.0,0.0,0.0,0.0,0.0,0.0,59.6,69,11,65508,41,65476,0,300,0,0,8,20529,65476,0,0,61604,60.0,0.0,0.0,0.0,0.0,0.0
2026-04-04T11:25:34,ERR,ERR,ERR,ERR,ERR,ERR,ERR,ERR,ERR,ERR,ERR,ERR,ERR,ERR,ERR,ERR,ERR,ERR,ERR,ERR,ERR,ERR,ERR,ERR,ERR,ERR,ERR,ERR,ERR,ERR,ERR,ERR,ERR,ERR,ERR,ERR,ERR,ERR,ERR,ERR,ERR,ERR,ERR,ERR,ERR,ERR,ERR,ERR,ERR,ERR,ERR,ERR,ERR,ERR,ERR,ERR,ERR,ERR,ERR,ERR,ERR,ERR,ERR,ERR,ERR,ERR,ERR,ERR,ERR,ERR,ERR,ERR,ERR,ERR,ERR,ERR,ERR,ERR,ERR,ERR,ERR,ERR,ERR,ERR,ERR,ERR,ERR,ERR,ERR,ERR,ERR,ERR,ERR,ERR,ERR,ERR,ERR,ERR,ERR,ERR,ERR,ERR,ERR,ERR,ERR,ERR,ERR,ERR,ERR,ERR,ERR,ERR,ERR,ERR,ERR,ERR,ERR,ERR,ERR,ERR,ERR,ERR,ERR,ERR,ERR,0.0,0.0,-101055584.0,0.0,0.0,0.0,0.0,nan,0,0,0,32768,0,0.0,0,0.0,0.0,0.0,0.0,0.0,0,0,0,0,0.0,0,0,0,0,0,0,0,0,0,0,0,0,0,0,0,0,0,0,0,0,0,0,0,0,0,0,0,0,0,0,0,0,0,0,0,0,0,0,0,0,0,0,0,0,0.0,0.0,0.0,0.0,0.0,0.0,0.0,0.0,0.0,0.0,0.0,0.0,0.0,0.0,0.0,0.0,0.0,0.0,0.0,0.0,0.0,0.0,-2.004,0.0,-2.004,2.004,0.0,0.0,0.0,0.0,3395.0,0.0,0.0,0.0,0.0,-0.0,0.0,0.0,0.0,0.0,0.0,0,-0.0,-71.629,0.0,0.0,0.0,0.0,0.0,0.0,0.0,0,0,0,0.0,0.0,0.0,0.0,0.0,0.0,0.0,0.0,0.0,0.0,0.0,0.0,0.0,0.0,0.0,0.0,0,-107875648.0,0,0.0,0,-107875648.0,-107877712.0,0,13107,17039,52429,17053,52429,17037,0,0,0,110,100,100,2.7302334150594743e+23,64.0,0.0,64.9,-107615304.0,68.5,1,49,50,180,0,39322,0,0,0.0,0.0,0.0,0.0,-8.018948375715636e+24,65.0,0.0,1.2554086632013255e+28,0.0,645,0,688,0,0,0,717,0,789,0,709,0,689,0,645,0,642,0,616,0.032,45875200.0,0.0,2.7302316136196234e+23,44304,16788,-4.959800458315255e+28,1.2554086632013255e+28,-2.881417453110451e+22,-0.0,0.0,-1.3907232637357287e+20,29.0,60.0,70,0.0,0.0,0.0,0.0,0.0,0.0,0.0,0.0,0.0,0.0,0.0,0.0,0.0,0.0,0.0,0.0,59.6,69,11,65508,41,65476,0,300,0,0,8,20529,65476,0,0,61604,60.0,0.0,0.0,0.0,0.0,0.0
2026-04-04T11:25:35,ERR,ERR,ERR,ERR,ERR,ERR,ERR,ERR,ERR,ERR,ERR,ERR,ERR,ERR,ERR,ERR,ERR,ERR,ERR,ERR,ERR,ERR,ERR,ERR,ERR,ERR,ERR,ERR,ERR,ERR,ERR,ERR,ERR,ERR,ERR,ERR,ERR,ERR,ERR,ERR,ERR,ERR,ERR,ERR,ERR,ERR,ERR,ERR,ERR,ERR,ERR,ERR,ERR,ERR,ERR,ERR,ERR,ERR,ERR,ERR,ERR,ERR,ERR,ERR,ERR,ERR,ERR,ERR,ERR,ERR,ERR,ERR,ERR,ERR,ERR,ERR,ERR,ERR,ERR,ERR,ERR,ERR,ERR,ERR,ERR,ERR,ERR,ERR,ERR,ERR,ERR,ERR,ERR,ERR,ERR,ERR,ERR,ERR,ERR,ERR,ERR,ERR,ERR,ERR,ERR,ERR,ERR,ERR,ERR,ERR,ERR,ERR,ERR,ERR,ERR,ERR,ERR,ERR,ERR,ERR,ERR,ERR,ERR,ERR,ERR,0.0,0.0,-101055584.0,0.0,0.0,0.0,0.0,nan,0,0,0,32768,0,0.0,0,0.0,0.0,0.0,0.0,0.0,0,0,0,0,0.0,0,0,0,0,0,0,0,0,0,0,0,0,0,0,0,0,0,0,0,0,0,0,0,0,0,0,0,0,0,0,0,0,0,0,0,0,0,0,0,0,0,0,0,0,0.0,0.0,0.0,0.0,0.0,0.0,0.0,0.0,0.0,0.0,0.0,0.0,0.0,0.0,0.0,0.0,0.0,0.0,0.0,0.0,0.0,0.0,-2.004,0.0,-2.004,2.004,0.0,0.0,0.0,0.0,3395.0,0.0,0.0,0.0,0.0,-0.0,0.0,0.0,0.0,0.0,0.0,0,-0.0,-71.629,0.0,0.0,0.0,0.0,0.0,0.0,0.0,0,0,0,0.0,0.0,0.0,0.0,0.0,0.0,0.0,0.0,0.0,0.0,0.0,0.0,0.0,0.0,0.0,0.0,0,-107875648.0,0,0.0,0,-107875648.0,-107877712.0,0,13107,17039,52429,17053,52429,17037,0,0,0,110,100,100,2.7302334150594743e+23,64.0,0.0,64.9,-107615304.0,68.5,1,49,50,180,0,39322,0,0,0.0,0.0,0.0,0.0,-8.018948375715636e+24,65.0,0.0,1.2554086632013255e+28,0.0,645,0,688,0,0,0,717,0,789,0,709,0,689,0,645,0,642,0,616,0.032,45875200.0,0.0,2.7302316136196234e+23,44304,16788,-4.959800458315255e+28,1.2554086632013255e+28,-2.881417453110451e+22,-0.0,0.0,-1.3907232637357287e+20,29.0,60.0,70,0.0,0.0,0.0,0.0,0.0,0.0,0.0,0.0,0.0,0.0,0.0,0.0,0.0,0.0,0.0,0.0,59.6,69,11,65508,41,65476,0,300,0,0,8,20529,65476,0,0,61604,60.0,0.0,0.0,0.0,0.0,0.0
2026-04-04T11:25:36,ERR,ERR,ERR,ERR,ERR,ERR,ERR,ERR,ERR,ERR,ERR,ERR,ERR,ERR,ERR,ERR,ERR,ERR,ERR,ERR,ERR,ERR,ERR,ERR,ERR,ERR,ERR,ERR,ERR,ERR,ERR,ERR,ERR,ERR,ERR,ERR,ERR,ERR,ERR,ERR,ERR,ERR,ERR,ERR,ERR,ERR,ERR,ERR,ERR,ERR,ERR,ERR,ERR,ERR,ERR,ERR,ERR,ERR,ERR,ERR,ERR,ERR,ERR,ERR,ERR,ERR,ERR,ERR,ERR,ERR,ERR,ERR,ERR,ERR,ERR,ERR,ERR,ERR,ERR,ERR,ERR,ERR,ERR,ERR,ERR,ERR,ERR,ERR,ERR,ERR,ERR,ERR,ERR,ERR,ERR,ERR,ERR,ERR,ERR,ERR,ERR,ERR,ERR,ERR,ERR,ERR,ERR,ERR,ERR,ERR,ERR,ERR,ERR,ERR,ERR,ERR,ERR,ERR,ERR,ERR,ERR,ERR,ERR,ERR,ERR,0.0,0.0,-101055584.0,0.0,0.0,0.0,0.0,nan,0,0,0,32768,0,0.0,0,0.0,0.0,0.0,0.0,0.0,0,0,0,0,0.0,0,0,0,0,0,0,0,0,0,0,0,0,0,0,0,0,0,0,0,0,0,0,0,0,0,0,0,0,0,0,0,0,0,0,0,0,0,0,0,0,0,0,0,0,0.0,0.0,0.0,0.0,0.0,0.0,0.0,0.0,0.0,0.0,0.0,0.0,0.0,0.0,0.0,0.0,0.0,0.0,0.0,0.0,0.0,0.0,-2.004,0.0,-2.004,2.004,0.0,0.0,0.0,0.0,3395.0,0.0,0.0,0.0,0.0,-0.0,0.0,0.0,0.0,0.0,0.0,0,-0.0,-71.629,0.0,0.0,0.0,0.0,0.0,0.0,0.0,0,0,0,0.0,0.0,0.0,0.0,0.0,0.0,0.0,0.0,0.0,0.0,0.0,0.0,0.0,0.0,0.0,0.0,0,-107875648.0,0,0.0,0,-107875648.0,-107877712.0,0,13107,17039,52429,17053,52429,17037,0,0,0,110,100,100,2.7302334150594743e+23,64.0,0.0,64.9,-107615304.0,68.5,1,49,50,180,0,39322,0,0,0.0,0.0,0.0,0.0,-5.2075076586674586e+17,65.0,0.0,0.0,0.0,645,0,688,0,0,0,716,0,789,0,709,0,689,0,645,0,642,0,616,0.032,36962304.0,0.0,2.7302316136196234e+23,40080,16788,-1.7025056390252518e+24,0.0,-0.0,1.1827119750552465e+33,0.0,-0.0,29.0,60.0,70,0.0,0.0,0.0,0.0,0.0,0.0,0.0,0.0,0.0,0.0,0.0,0.0,0.0,0.0,0.0,0.0,59.6,69,11,65508,41,65476,0,300,0,0,8,20529,65476,0,0,61604,60.0,0.0,0.0,0.0,0.0,0.0
2026-04-04T11:25:37,ERR,ERR,ERR,ERR,ERR,ERR,ERR,ERR,ERR,ERR,ERR,ERR,ERR,ERR,ERR,ERR,ERR,ERR,ERR,ERR,ERR,ERR,ERR,ERR,ERR,ERR,ERR,ERR,ERR,ERR,ERR,ERR,ERR,ERR,ERR,ERR,ERR,ERR,ERR,ERR,ERR,ERR,ERR,ERR,ERR,ERR,ERR,ERR,ERR,ERR,ERR,ERR,ERR,ERR,ERR,ERR,ERR,ERR,ERR,ERR,ERR,ERR,ERR,ERR,ERR,ERR,ERR,ERR,ERR,ERR,ERR,ERR,ERR,ERR,ERR,ERR,ERR,ERR,ERR,ERR,ERR,ERR,ERR,ERR,ERR,ERR,ERR,ERR,ERR,ERR,ERR,ERR,ERR,ERR,ERR,ERR,ERR,ERR,ERR,ERR,ERR,ERR,ERR,ERR,ERR,ERR,ERR,ERR,ERR,ERR,ERR,ERR,ERR,ERR,ERR,ERR,ERR,ERR,ERR,ERR,ERR,ERR,ERR,ERR,ERR,0.0,0.0,-101055584.0,0.0,0.0,0.0,0.0,nan,0,0,0,32768,0,0.0,0,0.0,0.0,0.0,0.0,0.0,0,0,0,0,0.0,0,0,0,0,0,0,0,0,0,0,0,0,0,0,0,0,0,0,0,0,0,0,0,0,0,0,0,0,0,0,0,0,0,0,0,0,0,0,0,0,0,0,0,0,0.0,0.0,0.0,0.0,0.0,0.0,0.0,0.0,0.0,0.0,0.0,0.0,0.0,0.0,0.0,0.0,0.0,0.0,0.0,0.0,0.0,0.0,-2.004,0.0,-2.004,2.004,0.0,0.0,0.0,0.0,3395.0,0.0,0.0,0.0,0.0,-0.0,0.0,0.0,0.0,0.0,0.0,0,-0.0,-71.629,0.0,0.0,0.0,0.0,0.0,0.0,0.0,0,0,0,0.0,0.0,0.0,0.0,0.0,0.0,0.0,0.0,0.0,0.0,0.0,0.0,0.0,0.0,0.0,0.0,0,-107875648.0,0,0.0,0,-107875648.0,-107877712.0,0,13107,17039,52429,17053,52429,17037,0,0,0,110,100,100,2.7302334150594743e+23,64.0,0.0,64.9,-107615304.0,68.5,1,49,50,180,0,39322,0,0,0.0,0.0,0.0,0.0,-5.2075076586674586e+17,65.0,0.0,0.0,0.0,645,0,688,0,0,0,716,0,789,0,709,0,689,0,645,0,642,0,616,0.032,36962304.0,0.0,2.7302316136196234e+23,40080,16788,-1.7025056390252518e+24,0.0,-0.0,1.1827119750552465e+33,0.0,-0.0,29.0,60.0,70,0.0,0.0,0.0,0.0,0.0,0.0,0.0,0.0,0.0,0.0,0.0,0.0,0.0,0.0,0.0,0.0,59.6,69,11,65508,41,65476,0,300,0,0,8,20529,65476,0,0,61604,60.0,0.0,0.0,0.0,0.0,0.0
2026-04-04T11:25:38,ERR,ERR,ERR,ERR,ERR,ERR,ERR,ERR,ERR,ERR,ERR,ERR,ERR,ERR,ERR,ERR,ERR,ERR,ERR,ERR,ERR,ERR,ERR,ERR,ERR,ERR,ERR,ERR,ERR,ERR,ERR,ERR,ERR,ERR,ERR,ERR,ERR,ERR,ERR,ERR,ERR,ERR,ERR,ERR,ERR,ERR,ERR,ERR,ERR,ERR,ERR,ERR,ERR,ERR,ERR,ERR,ERR,ERR,ERR,ERR,ERR,ERR,ERR,ERR,ERR,ERR,ERR,ERR,ERR,ERR,ERR,ERR,ERR,ERR,ERR,ERR,ERR,ERR,ERR,ERR,ERR,ERR,ERR,ERR,ERR,ERR,ERR,ERR,ERR,ERR,ERR,ERR,ERR,ERR,ERR,ERR,ERR,ERR,ERR,ERR,ERR,ERR,ERR,ERR,ERR,ERR,ERR,ERR,ERR,ERR,ERR,ERR,ERR,ERR,ERR,ERR,ERR,ERR,ERR,ERR,ERR,ERR,ERR,ERR,ERR,0.0,0.0,-101055584.0,0.0,0.0,0.0,0.0,nan,0,0,0,32768,0,0.0,0,0.0,0.0,0.0,0.0,0.0,0,0,0,0,0.0,0,0,0,0,0,0,0,0,0,0,0,0,0,0,0,0,0,0,0,0,0,0,0,0,0,0,0,0,0,0,0,0,0,0,0,0,0,0,0,0,0,0,0,0,0.0,0.0,0.0,0.0,0.0,0.0,0.0,0.0,0.0,0.0,0.0,0.0,0.0,0.0,0.0,0.0,0.0,0.0,0.0,0.0,0.0,0.0,-2.004,0.0,-2.004,2.004,0.0,0.0,0.0,0.0,3395.5,0.0,0.0,0.0,0.0,-0.0,0.0,0.0,0.0,0.0,0.0,0,-0.0,-71.629,0.0,0.0,0.0,0.0,0.0,0.0,0.0,0,0,0,0.0,0.0,0.0,0.0,0.0,0.0,0.0,0.0,0.0,0.0,0.0,0.0,0.0,0.0,0.0,0.0,0,-107875648.0,0,0.0,0,-107875648.0,-107877712.0,0,13107,17039,52429,17053,52429,17037,0,0,0,110,100,100,2.7302334150594743e+23,64.0,0.0,64.9,-107615304.0,68.5,1,49,50,180,0,39322,0,0,0.0,0.0,0.0,0.0,-5.2075076586674586e+17,65.0,0.0,0.0,0.0,645,0,688,0,0,0,716,0,789,0,709,0,689,0,645,0,642,0,616,0.032,36962304.0,0.0,2.7302316136196234e+23,40080,16788,-1.7025056390252518e+24,0.0,-0.0,1.1827119750552465e+33,0.0,-0.0,29.0,60.0,70,0.0,0.0,0.0,0.0,0.0,0.0,0.0,0.0,0.0,0.0,0.0,0.0,0.0,0.0,0.0,0.0,59.6,69,11,65508,41,65476,0,300,0,0,8,20529,65476,0,0,61604,60.0,0.0,0.0,0.0,0.0,0.0
2026-04-04T11:25:39,ERR,ERR,ERR,ERR,ERR,ERR,ERR,ERR,ERR,ERR,ERR,ERR,ERR,ERR,ERR,ERR,ERR,ERR,ERR,ERR,ERR,ERR,ERR,ERR,ERR,ERR,ERR,ERR,ERR,ERR,ERR,ERR,ERR,ERR,ERR,ERR,ERR,ERR,ERR,ERR,ERR,ERR,ERR,ERR,ERR,ERR,ERR,ERR,ERR,ERR,ERR,ERR,ERR,ERR,ERR,ERR,ERR,ERR,ERR,ERR,ERR,ERR,ERR,ERR,ERR,ERR,ERR,ERR,ERR,ERR,ERR,ERR,ERR,ERR,ERR,ERR,ERR,ERR,ERR,ERR,ERR,ERR,ERR,ERR,ERR,ERR,ERR,ERR,ERR,ERR,ERR,ERR,ERR,ERR,ERR,ERR,ERR,ERR,ERR,ERR,ERR,ERR,ERR,ERR,ERR,ERR,ERR,ERR,ERR,ERR,ERR,ERR,ERR,ERR,ERR,ERR,ERR,ERR,ERR,ERR,ERR,ERR,ERR,ERR,ERR,0.0,0.0,-101055584.0,0.0,0.0,0.0,0.0,nan,0,0,0,32768,0,0.0,0,0.0,0.0,0.0,0.0,0.0,0,0,0,0,0.0,0,0,0,0,0,0,0,0,0,0,0,0,0,0,0,0,0,0,0,0,0,0,0,0,0,0,0,0,0,0,0,0,0,0,0,0,0,0,0,0,0,0,0,0,0.0,0.0,0.0,0.0,0.0,0.0,0.0,0.0,0.0,0.0,0.0,0.0,0.0,0.0,0.0,0.0,0.0,0.0,0.0,0.0,0.0,0.0,-2.004,0.0,-2.004,2.004,0.0,0.0,0.0,0.0,3395.5,0.0,0.0,0.0,0.0,-0.0,0.0,0.0,0.0,0.0,0.0,0,-0.0,-71.629,0.0,0.0,0.0,0.0,0.0,0.0,0.0,0,0,0,0.0,0.0,0.0,0.0,0.0,0.0,0.0,0.0,0.0,0.0,0.0,0.0,0.0,0.0,0.0,0.0,0,-107875648.0,0,0.0,0,-107875648.0,-107877712.0,0,13107,17039,52429,17053,52429,17037,0,0,0,110,100,100,2.7302334150594743e+23,64.0,0.0,64.9,-107615304.0,68.5,1,49,50,180,0,39322,0,0,0.0,0.0,0.0,0.0,-5.2075076586674586e+17,65.0,0.0,0.0,0.0,645,0,688,0,0,0,716,0,789,0,709,0,689,0,645,0,642,0,616,0.032,36962304.0,0.0,2.7302316136196234e+23,40080,16788,-1.7025056390252518e+24,0.0,-0.0,1.1827119750552465e+33,0.0,-0.0,29.0,60.0,70,0.0,0.0,0.0,0.0,0.0,0.0,0.0,0.0,0.0,0.0,0.0,0.0,0.0,0.0,0.0,0.0,59.2,69,11,65508,41,65476,0,300,0,0,8,20529,65476,0,0,61604,60.0,0.0,0.0,0.0,0.0,0.0
2026-04-04T11:25:40,ERR,ERR,ERR,ERR,ERR,ERR,ERR,ERR,ERR,ERR,ERR,ERR,ERR,ERR,ERR,ERR,ERR,ERR,ERR,ERR,ERR,ERR,ERR,ERR,ERR,ERR,ERR,ERR,ERR,ERR,ERR,ERR,ERR,ERR,ERR,ERR,ERR,ERR,ERR,ERR,ERR,ERR,ERR,ERR,ERR,ERR,ERR,ERR,ERR,ERR,ERR,ERR,ERR,ERR,ERR,ERR,ERR,ERR,ERR,ERR,ERR,ERR,ERR,ERR,ERR,ERR,ERR,ERR,ERR,ERR,ERR,ERR,ERR,ERR,ERR,ERR,ERR,ERR,ERR,ERR,ERR,ERR,ERR,ERR,ERR,ERR,ERR,ERR,ERR,ERR,ERR,ERR,ERR,ERR,ERR,ERR,ERR,ERR,ERR,ERR,ERR,ERR,ERR,ERR,ERR,ERR,ERR,ERR,ERR,ERR,ERR,ERR,ERR,ERR,ERR,ERR,ERR,ERR,ERR,ERR,ERR,ERR,ERR,ERR,ERR,0.0,0.0,-101055584.0,0.0,0.0,0.0,0.0,nan,0,0,0,32768,0,0.0,0,0.0,0.0,0.0,0.0,0.0,0,0,0,0,0.0,0,0,0,0,0,0,0,0,0,0,0,0,0,0,0,0,0,0,0,0,0,0,0,0,0,0,0,0,0,0,0,0,0,0,0,0,0,0,0,0,0,0,0,0,0.0,0.0,0.0,0.0,0.0,0.0,0.0,0.0,0.0,0.0,0.0,0.0,0.0,0.0,0.0,0.0,0.0,0.0,0.0,0.0,0.0,0.0,-2.004,0.0,-2.004,2.004,0.0,0.0,0.0,0.0,3395.5,0.0,0.0,0.0,0.0,-0.0,0.0,0.0,0.0,0.0,0.0,0,-0.0,-71.629,0.0,0.0,0.0,0.0,0.0,0.0,0.0,0,0,0,0.0,0.0,0.0,0.0,0.0,0.0,0.0,0.0,0.0,0.0,0.0,0.0,0.0,0.0,0.0,0.0,0,-107875648.0,0,0.0,0,-107875648.0,-107877712.0,0,13107,17039,52429,17053,52429,17037,0,0,0,110,100,100,2.7302334150594743e+23,64.0,0.0,64.9,-107615304.0,68.5,1,49,50,180,0,39322,0,0,0.0,0.0,0.0,0.0,-5.2075076586674586e+17,65.0,0.0,0.0,0.0,645,0,688,0,0,0,716,0,789,0,709,0,689,0,645,0,642,0,616,0.032,36962304.0,0.0,2.7302316136196234e+23,40080,16788,-1.7025056390252518e+24,0.0,-0.0,1.1827119750552465e+33,0.0,-0.0,29.0,60.0,70,0.0,0.0,0.0,0.0,0.0,0.0,0.0,0.0,0.0,0.0,0.0,0.0,0.0,0.0,0.0,0.0,59.2,69,11,65508,41,65476,0,300,0,0,8,20529,65476,0,0,61604,60.0,0.0,0.0,0.0,0.0,0.0
2026-04-04T11:25:41,ERR,ERR,ERR,ERR,ERR,ERR,ERR,ERR,ERR,ERR,ERR,ERR,ERR,ERR,ERR,ERR,ERR,ERR,ERR,ERR,ERR,ERR,ERR,ERR,ERR,ERR,ERR,ERR,ERR,ERR,ERR,ERR,ERR,ERR,ERR,ERR,ERR,ERR,ERR,ERR,ERR,ERR,ERR,ERR,ERR,ERR,ERR,ERR,ERR,ERR,ERR,ERR,ERR,ERR,ERR,ERR,ERR,ERR,ERR,ERR,ERR,ERR,ERR,ERR,ERR,ERR,ERR,ERR,ERR,ERR,ERR,ERR,ERR,ERR,ERR,ERR,ERR,ERR,ERR,ERR,ERR,ERR,ERR,ERR,ERR,ERR,ERR,ERR,ERR,ERR,ERR,ERR,ERR,ERR,ERR,ERR,ERR,ERR,ERR,ERR,ERR,ERR,ERR,ERR,ERR,ERR,ERR,ERR,ERR,ERR,ERR,ERR,ERR,ERR,ERR,ERR,ERR,ERR,ERR,ERR,ERR,ERR,ERR,ERR,ERR,0.0,0.0,-101055584.0,0.0,0.0,0.0,0.0,nan,0,0,0,32768,0,0.0,0,0.0,0.0,0.0,0.0,0.0,0,0,0,0,0.0,0,0,0,0,0,0,0,0,0,0,0,0,0,0,0,0,0,0,0,0,0,0,0,0,0,0,0,0,0,0,0,0,0,0,0,0,0,0,0,0,0,0,0,0,0.0,0.0,0.0,0.0,0.0,0.0,0.0,0.0,0.0,0.0,0.0,0.0,0.0,0.0,0.0,0.0,0.0,0.0,0.0,0.0,0.0,0.0,-2.004,0.0,-2.004,2.004,0.0,0.0,0.0,0.0,3395.5,0.0,0.0,0.0,0.0,-0.0,0.0,0.0,0.0,0.0,0.0,0,-0.0,-71.629,0.0,0.0,0.0,0.0,0.0,0.0,0.0,0,0,0,0.0,0.0,0.0,0.0,0.0,0.0,0.0,0.0,0.0,0.0,0.0,0.0,0.0,0.0,0.0,0.0,0,-107875648.0,0,0.0,0,-107875648.0,-107877712.0,0,13107,17039,52429,17053,52429,17037,0,0,0,110,100,100,2.7302334150594743e+23,64.0,0.0,64.9,-107615304.0,68.5,1,49,50,180,0,39322,0,0,0.0,0.0,0.0,0.0,-5.2075076586674586e+17,65.0,0.0,0.0,0.0,645,0,688,0,0,0,716,0,789,0,709,0,689,0,645,0,642,0,616,0.032,36962304.0,0.0,2.7302316136196234e+23,40080,16788,-1.7025056390252518e+24,0.0,-0.0,1.1827119750552465e+33,0.0,-0.0,29.0,60.0,70,0.0,0.0,0.0,0.0,0.0,0.0,0.0,0.0,0.0,0.0,0.0,0.0,0.0,0.0,0.0,0.0,59.2,69,11,65508,41,65476,0,300,0,0,8,20529,65476,0,0,61604,60.0,0.0,0.0,0.0,0.0,0.0
2026-04-04T11:25:42,ERR,ERR,ERR,ERR,ERR,ERR,ERR,ERR,ERR,ERR,ERR,ERR,ERR,ERR,ERR,ERR,ERR,ERR,ERR,ERR,ERR,ERR,ERR,ERR,ERR,ERR,ERR,ERR,ERR,ERR,ERR,ERR,ERR,ERR,ERR,ERR,ERR,ERR,ERR,ERR,ERR,ERR,ERR,ERR,ERR,ERR,ERR,ERR,ERR,ERR,ERR,ERR,ERR,ERR,ERR,ERR,ERR,ERR,ERR,ERR,ERR,ERR,ERR,ERR,ERR,ERR,ERR,ERR,ERR,ERR,ERR,ERR,ERR,ERR,ERR,ERR,ERR,ERR,ERR,ERR,ERR,ERR,ERR,ERR,ERR,ERR,ERR,ERR,ERR,ERR,ERR,ERR,ERR,ERR,ERR,ERR,ERR,ERR,ERR,ERR,ERR,ERR,ERR,ERR,ERR,ERR,ERR,ERR,ERR,ERR,ERR,ERR,ERR,ERR,ERR,ERR,ERR,ERR,ERR,ERR,ERR,ERR,ERR,ERR,ERR,0.0,0.0,-101055584.0,0.0,0.0,0.0,0.0,nan,0,0,0,32768,0,0.0,0,0.0,0.0,0.0,0.0,0.0,0,0,0,0,0.0,0,0,0,0,0,0,0,0,0,0,0,0,0,0,0,0,0,0,0,0,0,0,0,0,0,0,0,0,0,0,0,0,0,0,0,0,0,0,0,0,0,0,0,0,0.0,0.0,0.0,0.0,0.0,0.0,0.0,0.0,0.0,0.0,0.0,0.0,0.0,0.0,0.0,0.0,0.0,0.0,0.0,0.0,0.0,0.0,-2.004,0.0,-2.004,2.004,0.0,0.0,0.0,0.0,3395.5,0.0,0.0,0.0,0.0,-0.0,0.0,0.0,0.0,0.0,0.0,0,-0.0,-71.629,0.0,0.0,0.0,0.0,0.0,0.0,0.0,0,0,0,0.0,0.0,0.0,0.0,0.0,0.0,0.0,0.0,0.0,0.0,0.0,0.0,0.0,0.0,0.0,0.0,0,-107875648.0,0,0.0,0,-107875648.0,-107877712.0,0,26215,17039,52429,17053,52429,17037,0,0,0,110,100,100,2.7302334150594743e+23,64.0,0.0,64.9,-107615304.0,68.5,1,49,50,180,0,39322,0,0,0.0,0.0,0.0,0.0,-156416300023808.0,65.0,0.0,0.0,0.0,645,0,688,0,0,0,717,0,789,0,709,0,689,0,645,0,642,0,616,0.032,36962304.0,0.0,2.7302316136196234e+23,36112,16788,-9.829547365776753e+17,0.0,nan,0.0,-2.1119865208252886e+33,-0.0,29.0,60.0,70,0.0,0.0,0.0,0.0,0.0,0.0,0.0,0.0,0.0,0.0,0.0,0.0,0.0,0.0,0.0,0.0,59.2,69,11,65508,41,65476,0,300,0,0,8,20529,65476,0,0,61604,60.0,0.0,0.0,0.0,0.0,0.0
2026-04-04T11:25:43,ERR,ERR,ERR,ERR,ERR,ERR,ERR,ERR,ERR,ERR,ERR,ERR,ERR,ERR,ERR,ERR,ERR,ERR,ERR,ERR,ERR,ERR,ERR,ERR,ERR,ERR,ERR,ERR,ERR,ERR,ERR,ERR,ERR,ERR,ERR,ERR,ERR,ERR,ERR,ERR,ERR,ERR,ERR,ERR,ERR,ERR,ERR,ERR,ERR,ERR,ERR,ERR,ERR,ERR,ERR,ERR,ERR,ERR,ERR,ERR,ERR,ERR,ERR,ERR,ERR,ERR,ERR,ERR,ERR,ERR,ERR,ERR,ERR,ERR,ERR,ERR,ERR,ERR,ERR,ERR,ERR,ERR,ERR,ERR,ERR,ERR,ERR,ERR,ERR,ERR,ERR,ERR,ERR,ERR,ERR,ERR,ERR,ERR,ERR,ERR,ERR,ERR,ERR,ERR,ERR,ERR,ERR,ERR,ERR,ERR,ERR,ERR,ERR,ERR,ERR,ERR,ERR,ERR,ERR,ERR,ERR,ERR,ERR,ERR,ERR,0.0,0.0,-101055584.0,0.0,0.0,0.0,0.0,nan,0,0,0,32768,0,0.0,0,0.0,0.0,0.0,0.0,0.0,0,0,0,0,0.0,0,0,0,0,0,0,0,0,0,0,0,0,0,0,0,0,0,0,0,0,0,0,0,0,0,0,0,0,0,0,0,0,0,0,0,0,0,0,0,0,0,0,0,0,0.0,0.0,0.0,0.0,0.0,0.0,0.0,0.0,0.0,0.0,0.0,0.0,0.0,0.0,0.0,0.0,0.0,0.0,0.0,0.0,0.0,0.0,-2.004,0.0,-2.004,2.004,0.0,0.0,0.0,0.0,3395.5,0.0,0.0,0.0,0.0,-0.0,0.0,0.0,0.0,0.0,0.0,0,-0.0,-71.629,0.0,0.0,0.0,0.0,0.0,0.0,0.0,0,0,0,0.0,0.0,0.0,0.0,0.0,0.0,0.0,0.0,0.0,0.0,0.0,0.0,0.0,0.0,0.0,0.0,0,-107875648.0,0,0.0,0,-107875648.0,-107877712.0,0,26215,17039,52429,17053,52429,17037,0,0,0,110,100,100,2.7302334150594743e+23,64.0,0.0,64.9,-107615304.0,68.5,1,49,50,180,0,39322,0,0,0.0,0.0,0.0,0.0,-156416300023808.0,65.0,0.0,0.0,0.0,645,0,688,0,0,0,717,0,789,0,709,0,689,0,645,0,642,0,616,0.032,36962304.0,0.0,2.7302316136196234e+23,36112,16788,-9.829547365776753e+17,0.0,nan,0.0,-2.1119865208252886e+33,-0.0,29.0,60.0,70,0.0,0.0,0.0,0.0,0.0,0.0,0.0,0.0,0.0,0.0,0.0,0.0,0.0,0.0,0.0,0.0,59.2,69,11,65508,41,65476,0,300,0,0,8,20529,65476,0,0,61604,60.0,0.0,0.0,0.0,0.0,0.0
2026-04-04T11:25:44,ERR,ERR,ERR,ERR,ERR,ERR,ERR,ERR,ERR,ERR,ERR,ERR,ERR,ERR,ERR,ERR,ERR,ERR,ERR,ERR,ERR,ERR,ERR,ERR,ERR,ERR,ERR,ERR,ERR,ERR,ERR,ERR,ERR,ERR,ERR,ERR,ERR,ERR,ERR,ERR,ERR,ERR,ERR,ERR,ERR,ERR,ERR,ERR,ERR,ERR,ERR,ERR,ERR,ERR,ERR,ERR,ERR,ERR,ERR,ERR,ERR,ERR,ERR,ERR,ERR,ERR,ERR,ERR,ERR,ERR,ERR,ERR,ERR,ERR,ERR,ERR,ERR,ERR,ERR,ERR,ERR,ERR,ERR,ERR,ERR,ERR,ERR,ERR,ERR,ERR,ERR,ERR,ERR,ERR,ERR,ERR,ERR,ERR,ERR,ERR,ERR,ERR,ERR,ERR,ERR,ERR,ERR,ERR,ERR,ERR,ERR,ERR,ERR,ERR,ERR,ERR,ERR,ERR,ERR,ERR,ERR,ERR,ERR,ERR,ERR,0.0,0.0,-101055584.0,0.0,0.0,0.0,0.0,nan,0,0,0,32768,0,0.0,0,0.0,0.0,0.0,0.0,0.0,0,0,0,0,0.0,0,0,0,0,0,0,0,0,0,0,0,0,0,0,0,0,0,0,0,0,0,0,0,0,0,0,0,0,0,0,0,0,0,0,0,0,0,0,0,0,0,0,0,0,0.0,0.0,0.0,0.0,0.0,0.0,0.0,0.0,0.0,0.0,0.0,0.0,0.0,0.0,0.0,0.0,0.0,0.0,0.0,0.0,0.0,0.0,-2.004,0.0,-2.004,2.004,0.0,0.0,0.0,0.0,3395.5,0.0,0.0,0.0,0.0,-0.0,0.0,0.0,0.0,0.0,0.0,0,-0.0,-71.629,0.0,0.0,0.0,0.0,0.0,0.0,0.0,0,0,0,0.0,0.0,0.0,0.0,0.0,0.0,0.0,0.0,0.0,0.0,0.0,0.0,0.0,0.0,0.0,0.0,0,-107875648.0,0,0.0,0,-107875648.0,-107877712.0,0,26215,17039,52429,17053,52429,17037,0,0,0,110,100,100,2.7302334150594743e+23,64.0,0.0,64.9,-107615304.0,68.5,1,49,50,180,0,39322,0,0,0.0,0.0,0.0,0.0,-156416300023808.0,65.0,0.0,0.0,0.0,645,0,688,0,0,0,717,0,789,0,709,0,689,0,645,0,642,0,616,0.032,36962304.0,0.0,2.7302316136196234e+23,36112,16788,-9.829547365776753e+17,0.0,nan,0.0,-2.1119865208252886e+33,-0.0,29.0,60.0,70,0.0,0.0,0.0,0.0,0.0,0.0,0.0,0.0,0.0,0.0,0.0,0.0,0.0,0.0,0.0,0.0,59.2,69,11,65508,41,65476,0,300,0,0,8,20529,65476,0,0,61604,60.0,0.0,0.0,0.0,0.0,0.0
2026-04-04T11:25:45,ERR,ERR,ERR,ERR,ERR,ERR,ERR,ERR,ERR,ERR,ERR,ERR,ERR,ERR,ERR,ERR,ERR,ERR,ERR,ERR,ERR,ERR,ERR,ERR,ERR,ERR,ERR,ERR,ERR,ERR,ERR,ERR,ERR,ERR,ERR,ERR,ERR,ERR,ERR,ERR,ERR,ERR,ERR,ERR,ERR,ERR,ERR,ERR,ERR,ERR,ERR,ERR,ERR,ERR,ERR,ERR,ERR,ERR,ERR,ERR,ERR,ERR,ERR,ERR,ERR,ERR,ERR,ERR,ERR,ERR,ERR,ERR,ERR,ERR,ERR,ERR,ERR,ERR,ERR,ERR,ERR,ERR,ERR,ERR,ERR,ERR,ERR,ERR,ERR,ERR,ERR,ERR,ERR,ERR,ERR,ERR,ERR,ERR,ERR,ERR,ERR,ERR,ERR,ERR,ERR,ERR,ERR,ERR,ERR,ERR,ERR,ERR,ERR,ERR,ERR,ERR,ERR,ERR,ERR,ERR,ERR,ERR,ERR,ERR,ERR,0.0,0.0,-101055584.0,0.0,0.0,0.0,0.0,nan,0,0,0,32768,0,0.0,0,0.0,0.0,0.0,0.0,0.0,0,0,0,0,0.0,0,0,0,0,0,0,0,0,0,0,0,0,0,0,0,0,0,0,0,0,0,0,0,0,0,0,0,0,0,0,0,0,0,0,0,0,0,0,0,0,0,0,0,0,0.0,0.0,0.0,0.0,0.0,0.0,0.0,0.0,0.0,0.0,0.0,0.0,0.0,0.0,0.0,0.0,0.0,0.0,0.0,0.0,0.0,0.0,-2.004,0.0,-2.004,2.004,0.0,0.0,0.0,0.0,3395.5,0.0,0.0,0.0,0.0,-0.0,0.0,0.0,0.0,0.0,0.0,0,-0.0,-71.629,0.0,0.0,0.0,0.0,0.0,0.0,0.0,0,0,0,0.0,0.0,0.0,0.0,0.0,0.0,0.0,0.0,0.0,0.0,0.0,0.0,0.0,0.0,0.0,0.0,0,-107875648.0,0,0.0,0,-107875648.0,-107877712.0,0,26215,17039,52429,17053,52429,17037,0,0,0,110,100,100,2.7302334150594743e+23,64.0,0.0,64.9,-107615304.0,68.5,1,49,50,180,0,39322,0,0,0.0,0.0,0.0,0.0,-156416300023808.0,65.0,0.0,0.0,0.0,645,0,688,0,0,0,717,0,789,0,709,0,689,0,645,0,642,0,616,0.032,36962304.0,0.0,2.7302316136196234e+23,36112,16788,-9.829547365776753e+17,0.0,nan,0.0,-2.1119865208252886e+33,-0.0,29.0,60.0,70,0.0,0.0,0.0,0.0,0.0,0.0,0.0,0.0,0.0,0.0,0.0,0.0,0.0,0.0,0.0,0.0,59.2,69,11,65508,41,65476,0,300,0,0,8,20529,65476,0,0,61604,60.0,0.0,0.0,0.0,0.0,0.0
2026-04-04T11:25:46,ERR,ERR,ERR,ERR,ERR,ERR,ERR,ERR,ERR,ERR,ERR,ERR,ERR,ERR,ERR,ERR,ERR,ERR,ERR,ERR,ERR,ERR,ERR,ERR,ERR,ERR,ERR,ERR,ERR,ERR,ERR,ERR,ERR,ERR,ERR,ERR,ERR,ERR,ERR,ERR,ERR,ERR,ERR,ERR,ERR,ERR,ERR,ERR,ERR,ERR,ERR,ERR,ERR,ERR,ERR,ERR,ERR,ERR,ERR,ERR,ERR,ERR,ERR,ERR,ERR,ERR,ERR,ERR,ERR,ERR,ERR,ERR,ERR,ERR,ERR,ERR,ERR,ERR,ERR,ERR,ERR,ERR,ERR,ERR,ERR,ERR,ERR,ERR,ERR,ERR,ERR,ERR,ERR,ERR,ERR,ERR,ERR,ERR,ERR,ERR,ERR,ERR,ERR,ERR,ERR,ERR,ERR,ERR,ERR,ERR,ERR,ERR,ERR,ERR,ERR,ERR,ERR,ERR,ERR,ERR,ERR,ERR,ERR,ERR,ERR,0.0,0.0,-101055584.0,0.0,0.0,0.0,0.0,nan,0,0,0,32768,0,0.0,0,0.0,0.0,0.0,0.0,0.0,0,0,0,0,0.0,0,0,0,0,0,0,0,0,0,0,0,0,0,0,0,0,0,0,0,0,0,0,0,0,0,0,0,0,0,0,0,0,0,0,0,0,0,0,0,0,0,0,0,0,0.0,0.0,0.0,0.0,0.0,0.0,0.0,0.0,0.0,0.0,0.0,0.0,0.0,0.0,0.0,0.0,0.0,0.0,0.0,0.0,0.0,0.0,-2.004,-2.004,-2.004,2.004,0.0,0.0,0.0,0.0,3377.5,-2.004,0.0,0.0,0.0,-0.0,0.0,0.0,0.0,0.0,0.0,0,-0.0,-0.0,0.0,0.0,0.0,0.0,0.0,0.0,0.0,0,0,0,0.0,0.0,0.0,0.0,0.0,0.0,0.0,0.0,0.0,0.0,0.0,0.0,0.0,0.0,0.0,0.0,0,-107875648.0,0,0.0,0,-107875648.0,-107877712.0,0,26215,17039,52429,17053,52429,17037,0,0,0,110,100,100,2.7302334150594743e+23,64.0,0.0,64.9,-107615304.0,68.5,1,49,50,180,0,39322,0,0,0.0,0.0,0.0,0.0,-156416300023808.0,65.0,0.0,0.0,0.0,645,0,688,0,0,0,717,0,789,0,709,0,689,0,645,0,642,0,616,0.032,36962304.0,0.0,2.7302316136196234e+23,36112,16788,-9.829547365776753e+17,0.0,nan,0.0,-2.1119865208252886e+33,-0.0,29.0,60.0,70,0.0,0.0,0.0,0.0,0.0,0.0,0.0,0.0,0.0,0.0,0.0,0.0,0.0,0.0,0.0,0.0,59.2,69,11,65508,41,65476,0,300,0,0,8,20529,65476,0,0,61604,60.0,0.0,0.0,0.0,0.0,0.0
2026-04-04T11:25:47,ERR,ERR,ERR,ERR,ERR,ERR,ERR,ERR,ERR,ERR,ERR,ERR,ERR,ERR,ERR,ERR,ERR,ERR,ERR,ERR,ERR,ERR,ERR,ERR,ERR,ERR,ERR,ERR,ERR,ERR,ERR,ERR,ERR,ERR,ERR,ERR,ERR,ERR,ERR,ERR,ERR,ERR,ERR,ERR,ERR,ERR,ERR,ERR,ERR,ERR,ERR,ERR,ERR,ERR,ERR,ERR,ERR,ERR,ERR,ERR,ERR,ERR,ERR,ERR,ERR,ERR,ERR,ERR,ERR,ERR,ERR,ERR,ERR,ERR,ERR,ERR,ERR,ERR,ERR,ERR,ERR,ERR,ERR,ERR,ERR,ERR,ERR,ERR,ERR,ERR,ERR,ERR,ERR,ERR,ERR,ERR,ERR,ERR,ERR,ERR,ERR,ERR,ERR,ERR,ERR,ERR,ERR,ERR,ERR,ERR,ERR,ERR,ERR,ERR,ERR,ERR,ERR,ERR,ERR,ERR,ERR,ERR,ERR,ERR,ERR,0.0,0.0,-101055584.0,0.0,0.0,0.0,0.0,nan,0,0,0,32768,0,0.0,0,0.0,0.0,0.0,0.0,0.0,0,0,0,0,0.0,0,0,0,0,0,0,0,0,0,0,0,0,0,0,0,0,0,0,0,0,0,0,0,0,0,0,0,0,0,0,0,0,0,0,0,0,0,0,0,0,0,0,0,0,0.0,0.0,0.0,0.0,0.0,0.0,0.0,0.0,0.0,0.0,0.0,0.0,0.0,0.0,0.0,0.0,0.0,0.0,0.0,0.0,0.0,0.0,-2.004,-2.004,-2.004,2.004,0.0,0.0,0.0,0.0,3377.5,-2.004,0.0,0.0,0.0,-0.0,0.0,0.0,0.0,0.0,0.0,0,-0.0,-0.0,0.0,0.0,0.0,0.0,0.0,0.0,0.0,0,0,0,0.0,0.0,0.0,0.0,0.0,0.0,0.0,0.0,0.0,0.0,0.0,0.0,0.0,0.0,0.0,0.0,0,-107875648.0,0,0.0,0,-107875648.0,-107877712.0,0,26215,17039,52429,17053,52429,17037,0,0,0,110,100,100,2.7302334150594743e+23,64.0,0.0,64.9,-107615304.0,68.5,1,49,50,180,0,39322,0,0,0.0,0.0,0.0,0.0,-1.7025056390252518e+24,65.0,0.0,0.0,0.0,645,0,688,0,0,0,717,0,789,0,709,0,689,0,645,0,642,0,616,0.032,36700160.0,0.0,2.7302316136196234e+23,38160,16788,-1.7025056390252518e+24,0.0,-0.0,0.0,0.0,-0.0,29.0,60.0,70,0.0,0.0,0.0,0.0,0.0,0.0,0.0,0.0,0.0,0.0,0.0,0.0,0.0,0.0,0.0,0.0,59.2,69,11,65508,41,65476,0,300,0,0,8,20529,65476,0,0,61604,60.0,0.0,0.0,0.0,0.0,0.0
2026-04-04T11:25:48,ERR,ERR,ERR,ERR,ERR,ERR,ERR,ERR,ERR,ERR,ERR,ERR,ERR,ERR,ERR,ERR,ERR,ERR,ERR,ERR,ERR,ERR,ERR,ERR,ERR,ERR,ERR,ERR,ERR,ERR,ERR,ERR,ERR,ERR,ERR,ERR,ERR,ERR,ERR,ERR,ERR,ERR,ERR,ERR,ERR,ERR,ERR,ERR,ERR,ERR,ERR,ERR,ERR,ERR,ERR,ERR,ERR,ERR,ERR,ERR,ERR,ERR,ERR,ERR,ERR,ERR,ERR,ERR,ERR,ERR,ERR,ERR,ERR,ERR,ERR,ERR,ERR,ERR,ERR,ERR,ERR,ERR,ERR,ERR,ERR,ERR,ERR,ERR,ERR,ERR,ERR,ERR,ERR,ERR,ERR,ERR,ERR,ERR,ERR,ERR,ERR,ERR,ERR,ERR,ERR,ERR,ERR,ERR,ERR,ERR,ERR,ERR,ERR,ERR,ERR,ERR,ERR,ERR,ERR,ERR,ERR,ERR,ERR,ERR,ERR,0.0,0.0,-101055584.0,0.0,0.0,0.0,0.0,nan,0,0,0,32768,0,0.0,0,0.0,0.0,0.0,0.0,0.0,0,0,0,0,0.0,0,0,0,0,0,0,0,0,0,0,0,0,0,0,0,0,0,0,0,0,0,0,0,0,0,0,0,0,0,0,0,0,0,0,0,0,0,0,0,0,0,0,0,0,0.0,0.0,0.0,0.0,0.0,0.0,0.0,0.0,0.0,0.0,0.0,0.0,0.0,0.0,0.0,0.0,0.0,0.0,0.0,0.0,0.0,0.0,-2.004,-2.004,-2.004,2.004,0.0,0.0,0.0,0.0,3377.5,-2.004,0.0,0.0,0.0,-0.0,0.0,0.0,0.0,0.0,0.0,0,-0.0,-0.0,0.0,0.0,0.0,0.0,0.0,0.0,0.0,0,0,0,0.0,0.0,0.0,0.0,0.0,0.0,0.0,0.0,0.0,0.0,0.0,0.0,0.0,0.0,0.0,0.0,0,-107875648.0,0,0.0,0,-107875648.0,-107877712.0,0,26215,17039,52429,17053,52429,17037,0,0,0,110,100,100,2.7302334150594743e+23,64.0,0.0,64.9,-107615304.0,68.5,1,49,50,180,0,39322,0,0,0.0,0.0,0.0,0.0,-1.7025056390252518e+24,65.0,0.0,0.0,0.0,645,0,688,0,0,0,717,0,789,0,709,0,689,0,645,0,642,0,616,0.032,36700160.0,0.0,2.7302316136196234e+23,38160,16788,-1.7025056390252518e+24,0.0,-0.0,0.0,0.0,-0.0,29.0,60.0,70,0.0,0.0,0.0,0.0,0.0,0.0,0.0,0.0,0.0,0.0,0.0,0.0,0.0,0.0,0.0,0.0,59.2,69,11,65508,41,65476,0,300,0,0,8,20529,65476,0,0,61604,60.0,0.0,0.0,0.0,0.0,0.0
2026-04-04T11:25:49,ERR,ERR,ERR,ERR,ERR,ERR,ERR,ERR,ERR,ERR,ERR,ERR,ERR,ERR,ERR,ERR,ERR,ERR,ERR,ERR,ERR,ERR,ERR,ERR,ERR,ERR,ERR,ERR,ERR,ERR,ERR,ERR,ERR,ERR,ERR,ERR,ERR,ERR,ERR,ERR,ERR,ERR,ERR,ERR,ERR,ERR,ERR,ERR,ERR,ERR,ERR,ERR,ERR,ERR,ERR,ERR,ERR,ERR,ERR,ERR,ERR,ERR,ERR,ERR,ERR,ERR,ERR,ERR,ERR,ERR,ERR,ERR,ERR,ERR,ERR,ERR,ERR,ERR,ERR,ERR,ERR,ERR,ERR,ERR,ERR,ERR,ERR,ERR,ERR,ERR,ERR,ERR,ERR,ERR,ERR,ERR,ERR,ERR,ERR,ERR,ERR,ERR,ERR,ERR,ERR,ERR,ERR,ERR,ERR,ERR,ERR,ERR,ERR,ERR,ERR,ERR,ERR,ERR,ERR,ERR,ERR,ERR,ERR,ERR,ERR,0.0,0.0,-101055584.0,0.0,0.0,0.0,0.0,nan,0,0,0,32768,0,0.0,0,0.0,0.0,0.0,0.0,0.0,0,0,0,0,0.0,0,0,0,0,0,0,0,0,0,0,0,0,0,0,0,0,0,0,0,0,0,0,0,0,0,0,0,0,0,0,0,0,0,0,0,0,0,0,0,0,0,0,0,0,0.0,0.0,0.0,0.0,0.0,0.0,0.0,0.0,0.0,0.0,0.0,0.0,0.0,0.0,0.0,0.0,0.0,0.0,0.0,0.0,0.0,0.0,-2.004,-2.004,-2.004,2.004,0.0,0.0,0.0,0.0,3377.5,-2.004,0.0,0.0,0.0,-0.0,0.0,0.0,0.0,0.0,0.0,0,-0.0,-0.0,0.0,0.0,0.0,0.0,0.0,0.0,0.0,0,0,0,0.0,0.0,0.0,0.0,0.0,0.0,0.0,0.0,0.0,0.0,0.0,0.0,0.0,0.0,0.0,0.0,0,-107875648.0,0,0.0,0,-107875648.0,-107877712.0,0,26215,17039,52429,17053,52429,17037,0,0,0,110,100,100,2.7302334150594743e+23,64.0,0.0,64.9,-107615304.0,68.5,1,49,50,180,0,39322,0,0,0.0,0.0,0.0,0.0,-1.7025056390252518e+24,65.0,0.0,0.0,0.0,645,0,688,0,0,0,717,0,789,0,709,0,689,0,645,0,642,0,616,0.032,36700160.0,0.0,2.7302316136196234e+23,38160,16788,-1.7025056390252518e+24,0.0,-0.0,0.0,0.0,-0.0,29.0,60.0,70,0.0,0.0,0.0,0.0,0.0,0.0,0.0,0.0,0.0,0.0,0.0,0.0,0.0,0.0,0.0,0.0,59.2,69,11,65508,41,65476,0,300,0,0,8,20529,65476,0,0,61604,60.0,0.0,0.0,0.0,0.0,0.0
2026-04-04T11:25:50,ERR,ERR,ERR,ERR,ERR,ERR,ERR,ERR,ERR,ERR,ERR,ERR,ERR,ERR,ERR,ERR,ERR,ERR,ERR,ERR,ERR,ERR,ERR,ERR,ERR,ERR,ERR,ERR,ERR,ERR,ERR,ERR,ERR,ERR,ERR,ERR,ERR,ERR,ERR,ERR,ERR,ERR,ERR,ERR,ERR,ERR,ERR,ERR,ERR,ERR,ERR,ERR,ERR,ERR,ERR,ERR,ERR,ERR,ERR,ERR,ERR,ERR,ERR,ERR,ERR,ERR,ERR,ERR,ERR,ERR,ERR,ERR,ERR,ERR,ERR,ERR,ERR,ERR,ERR,ERR,ERR,ERR,ERR,ERR,ERR,ERR,ERR,ERR,ERR,ERR,ERR,ERR,ERR,ERR,ERR,ERR,ERR,ERR,ERR,ERR,ERR,ERR,ERR,ERR,ERR,ERR,ERR,ERR,ERR,ERR,ERR,ERR,ERR,ERR,ERR,ERR,ERR,ERR,ERR,ERR,ERR,ERR,ERR,ERR,ERR,0.0,0.0,-101055584.0,0.0,0.0,0.0,0.0,nan,0,0,0,32768,0,0.0,0,0.0,0.0,0.0,0.0,0.0,0,0,0,0,0.0,0,0,0,0,0,0,0,0,0,0,0,0,0,0,0,0,0,0,0,0,0,0,0,0,0,0,0,0,0,0,0,0,0,0,0,0,0,0,0,0,0,0,0,0,0.0,0.0,0.0,0.0,0.0,0.0,0.0,0.0,0.0,0.0,0.0,0.0,0.0,0.0,0.0,0.0,0.0,0.0,0.0,0.0,0.0,0.0,-2.004,-2.004,-2.004,2.004,0.0,0.0,0.0,0.0,3377.5,-2.004,0.0,0.0,0.0,-0.0,0.0,0.0,0.0,0.0,0.0,0,-0.0,-0.0,0.0,0.0,0.0,0.0,0.0,0.0,0.0,0,0,0,0.0,0.0,0.0,0.0,0.0,0.0,0.0,0.0,0.0,0.0,0.0,0.0,0.0,0.0,0.0,0.0,0,-107875648.0,0,0.0,0,-107875648.0,-107877712.0,0,26215,17039,52429,17053,52429,17037,0,0,0,110,100,100,2.7302334150594743e+23,64.0,0.0,64.9,-107615304.0,68.5,1,49,50,180,0,39322,0,0,0.0,0.0,0.0,0.0,-1.7025056390252518e+24,65.0,0.0,0.0,0.0,645,0,688,0,0,0,717,0,789,0,709,0,689,0,645,0,642,0,616,0.032,36700160.0,0.0,2.7302316136196234e+23,38160,16788,-1.7025056390252518e+24,0.0,-0.0,0.0,0.0,-0.0,29.0,60.0,70,0.0,0.0,0.0,0.0,0.0,0.0,0.0,0.0,0.0,0.0,0.0,0.0,0.0,0.0,0.0,0.0,59.2,69,11,65508,41,65476,0,300,0,0,8,20529,65476,0,0,61604,60.0,0.0,0.0,0.0,0.0,0.0
2026-04-04T11:25:51,ERR,ERR,ERR,ERR,ERR,ERR,ERR,ERR,ERR,ERR,ERR,ERR,ERR,ERR,ERR,ERR,ERR,ERR,ERR,ERR,ERR,ERR,ERR,ERR,ERR,ERR,ERR,ERR,ERR,ERR,ERR,ERR,ERR,ERR,ERR,ERR,ERR,ERR,ERR,ERR,ERR,ERR,ERR,ERR,ERR,ERR,ERR,ERR,ERR,ERR,ERR,ERR,ERR,ERR,ERR,ERR,ERR,ERR,ERR,ERR,ERR,ERR,ERR,ERR,ERR,ERR,ERR,ERR,ERR,ERR,ERR,ERR,ERR,ERR,ERR,ERR,ERR,ERR,ERR,ERR,ERR,ERR,ERR,ERR,ERR,ERR,ERR,ERR,ERR,ERR,ERR,ERR,ERR,ERR,ERR,ERR,ERR,ERR,ERR,ERR,ERR,ERR,ERR,ERR,ERR,ERR,ERR,ERR,ERR,ERR,ERR,ERR,ERR,ERR,ERR,ERR,ERR,ERR,ERR,ERR,ERR,ERR,ERR,ERR,ERR,0.0,0.0,-101055584.0,0.0,0.0,0.0,0.0,nan,0,0,0,32768,0,0.0,0,0.0,0.0,0.0,0.0,0.0,0,0,0,0,0.0,0,0,0,0,0,0,0,0,0,0,0,0,0,0,0,0,0,0,0,0,0,0,0,0,0,0,0,0,0,0,0,0,0,0,0,0,0,0,0,0,0,0,0,0,0.0,0.0,0.0,0.0,0.0,0.0,0.0,0.0,0.0,0.0,0.0,0.0,0.0,0.0,0.0,0.0,0.0,0.0,0.0,0.0,0.0,0.0,-2.004,-2.004,-2.004,2.004,0.0,0.0,0.0,0.0,3377.5,-2.004,0.0,0.0,0.0,-0.0,0.0,0.0,0.0,0.0,0.0,0,-0.0,-0.0,0.0,0.0,0.0,0.0,0.0,0.0,0.0,0,0,0,0.0,0.0,0.0,0.0,0.0,0.0,0.0,0.0,0.0,0.0,0.0,0.0,0.0,0.0,0.0,0.0,0,-107875648.0,0,0.0,0,-107875648.0,-107877712.0,0,26215,17039,52429,17053,52429,17037,0,0,0,110,100,100,2.7302334150594743e+23,64.0,0.0,64.9,-107615304.0,68.5,1,49,50,180,0,39322,0,0,0.0,0.0,0.0,0.0,-1.7025056390252518e+24,65.0,0.0,0.0,0.0,645,0,688,0,0,0,717,0,789,0,709,0,689,0,645,0,642,0,616,0.032,36700160.0,0.0,2.7302316136196234e+23,38160,16788,-1.7025056390252518e+24,0.0,-0.0,0.0,0.0,-0.0,29.0,60.0,70,0.0,0.0,0.0,0.0,0.0,0.0,0.0,0.0,0.0,0.0,0.0,0.0,0.0,0.0,0.0,0.0,59.2,69,11,65508,41,65476,0,300,0,0,8,20529,65476,0,0,61604,60.0,0.0,0.0,0.0,0.0,0.0
2026-04-04T11:25:52,ERR,ERR,ERR,ERR,ERR,ERR,ERR,ERR,ERR,ERR,ERR,ERR,ERR,ERR,ERR,ERR,ERR,ERR,ERR,ERR,ERR,ERR,ERR,ERR,ERR,ERR,ERR,ERR,ERR,ERR,ERR,ERR,ERR,ERR,ERR,ERR,ERR,ERR,ERR,ERR,ERR,ERR,ERR,ERR,ERR,ERR,ERR,ERR,ERR,ERR,ERR,ERR,ERR,ERR,ERR,ERR,ERR,ERR,ERR,ERR,ERR,ERR,ERR,ERR,ERR,ERR,ERR,ERR,ERR,ERR,ERR,ERR,ERR,ERR,ERR,ERR,ERR,ERR,ERR,ERR,ERR,ERR,ERR,ERR,ERR,ERR,ERR,ERR,ERR,ERR,ERR,ERR,ERR,ERR,ERR,ERR,ERR,ERR,ERR,ERR,ERR,ERR,ERR,ERR,ERR,ERR,ERR,ERR,ERR,ERR,ERR,ERR,ERR,ERR,ERR,ERR,ERR,ERR,ERR,ERR,ERR,ERR,ERR,ERR,ERR,0.0,0.0,-101055584.0,0.0,0.0,0.0,0.0,nan,0,0,0,32768,0,0.0,0,0.0,0.0,0.0,0.0,0.0,0,0,0,0,0.0,0,0,0,0,0,0,0,0,0,0,0,0,0,0,0,0,0,0,0,0,0,0,0,0,0,0,0,0,0,0,0,0,0,0,0,0,0,0,0,0,0,0,0,0,0.0,0.0,0.0,0.0,0.0,0.0,0.0,0.0,0.0,0.0,0.0,0.0,0.0,0.0,0.0,0.0,0.0,0.0,0.0,0.0,0.0,0.0,-2.004,-2.004,-2.004,2.004,0.0,0.0,0.0,0.0,3377.5,-2.004,0.0,0.0,0.0,-0.0,0.0,0.0,0.0,0.0,0.0,0,-0.0,-0.0,0.0,0.0,0.0,0.0,0.0,0.0,0.0,0,0,0,0.0,0.0,0.0,0.0,0.0,0.0,0.0,0.0,0.0,0.0,0.0,0.0,0.0,0.0,0.0,0.0,0,-107875648.0,0,0.0,0,-107875648.0,-107877712.0,0,26215,17039,52429,17053,39322,17037,0,0,0,110,100,100,2.7302334150594743e+23,64.0,0.0,64.9,-107615304.0,68.5,1,49,50,180,0,39322,0,0,0.0,0.0,0.0,0.0,-2.0993840411361856e+22,65.0,0.0,0.0,0.0,645,0,688,0,0,0,717,0,789,0,709,0,689,0,645,0,642,0,616,0.032,36962304.0,0.0,2.7302316136196234e+23,40080,16788,-2753242333184.0,0.0,9.358923411063044e+30,-0.0,-8.59818797321644e+27,5.292056397230628e+37,29.0,60.0,70,0.0,0.0,0.0,0.0,0.0,0.0,0.0,0.0,0.0,0.0,0.0,0.0,0.0,0.0,0.0,0.0,59.2,69,11,65508,41,65476,0,300,0,0,8,20529,65476,0,0,61604,60.0,0.0,0.0,0.0,0.0,0.0
2026-04-04T11:25:53,ERR,ERR,ERR,ERR,ERR,ERR,ERR,ERR,ERR,ERR,ERR,ERR,ERR,ERR,ERR,ERR,ERR,ERR,ERR,ERR,ERR,ERR,ERR,ERR,ERR,ERR,ERR,ERR,ERR,ERR,ERR,ERR,ERR,ERR,ERR,ERR,ERR,ERR,ERR,ERR,ERR,ERR,ERR,ERR,ERR,ERR,ERR,ERR,ERR,ERR,ERR,ERR,ERR,ERR,ERR,ERR,ERR,ERR,ERR,ERR,ERR,ERR,ERR,ERR,ERR,ERR,ERR,ERR,ERR,ERR,ERR,ERR,ERR,ERR,ERR,ERR,ERR,ERR,ERR,ERR,ERR,ERR,ERR,ERR,ERR,ERR,ERR,ERR,ERR,ERR,ERR,ERR,ERR,ERR,ERR,ERR,ERR,ERR,ERR,ERR,ERR,ERR,ERR,ERR,ERR,ERR,ERR,ERR,ERR,ERR,ERR,ERR,ERR,ERR,ERR,ERR,ERR,ERR,ERR,ERR,ERR,ERR,ERR,ERR,ERR,0.0,0.0,-101055584.0,0.0,0.0,0.0,0.0,nan,0,0,0,32768,0,0.0,0,0.0,0.0,0.0,0.0,0.0,0,0,0,0,0.0,0,0,0,0,0,0,0,0,0,0,0,0,0,0,0,0,0,0,0,0,0,0,0,0,0,0,0,0,0,0,0,0,0,0,0,0,0,0,0,0,0,0,0,0,0.0,0.0,0.0,0.0,0.0,0.0,0.0,0.0,0.0,0.0,0.0,0.0,0.0,0.0,0.0,0.0,0.0,0.0,0.0,0.0,0.0,0.0,-2.004,-2.004,-2.004,2.004,0.0,0.0,0.0,0.0,3379.0,-1.5879155638041463e+29,0.0,0.0,-0.0,-0.0,0.0,0.0,0.0,0.0,0.0,0,-0.0,-0.0,0.0,0.0,0.0,0.0,0.0,0.0,0.0,0,0,0,0.0,0.0,0.0,0.0,0.0,0.0,0.0,0.0,0.0,0.0,0.0,0.0,0.0,0.0,0.0,0.0,0,-107875648.0,0,0.0,0,-107875648.0,-107877712.0,0,26215,17039,52429,17053,39322,17037,0,0,0,110,100,100,2.7302334150594743e+23,64.0,0.0,64.9,-107615304.0,68.5,1,49,50,180,0,39322,0,0,0.0,0.0,0.0,0.0,-2.0993840411361856e+22,65.0,0.0,0.0,0.0,645,0,688,0,0,0,717,0,789,0,709,0,689,0,645,0,642,0,616,0.032,36962304.0,0.0,2.7302316136196234e+23,40080,16788,-2753242333184.0,0.0,9.358923411063044e+30,-0.0,-8.59818797321644e+27,5.292056397230628e+37,29.0,60.0,70,0.0,0.0,0.0,0.0,0.0,0.0,0.0,0.0,0.0,0.0,0.0,0.0,0.0,0.0,0.0,0.0,59.2,69,11,65508,41,65476,0,300,0,0,8,20529,65476,0,0,61604,60.0,0.0,0.0,0.0,0.0,0.0
2026-04-04T11:25:54,ERR,ERR,ERR,ERR,ERR,ERR,ERR,ERR,ERR,ERR,ERR,ERR,ERR,ERR,ERR,ERR,ERR,ERR,ERR,ERR,ERR,ERR,ERR,ERR,ERR,ERR,ERR,ERR,ERR,ERR,ERR,ERR,ERR,ERR,ERR,ERR,ERR,ERR,ERR,ERR,ERR,ERR,ERR,ERR,ERR,ERR,ERR,ERR,ERR,ERR,ERR,ERR,ERR,ERR,ERR,ERR,ERR,ERR,ERR,ERR,ERR,ERR,ERR,ERR,ERR,ERR,ERR,ERR,ERR,ERR,ERR,ERR,ERR,ERR,ERR,ERR,ERR,ERR,ERR,ERR,ERR,ERR,ERR,ERR,ERR,ERR,ERR,ERR,ERR,ERR,ERR,ERR,ERR,ERR,ERR,ERR,ERR,ERR,ERR,ERR,ERR,ERR,ERR,ERR,ERR,ERR,ERR,ERR,ERR,ERR,ERR,ERR,ERR,ERR,ERR,ERR,ERR,ERR,ERR,ERR,ERR,ERR,ERR,ERR,ERR,0.0,0.0,-101055584.0,0.0,0.0,0.0,0.0,nan,0,0,0,32768,0,0.0,0,0.0,0.0,0.0,0.0,0.0,0,0,0,0,0.0,0,0,0,0,0,0,0,0,0,0,0,0,0,0,0,0,0,0,0,0,0,0,0,0,0,0,0,0,0,0,0,0,0,0,0,0,0,0,0,0,0,0,0,0,0.0,0.0,0.0,0.0,0.0,0.0,0.0,0.0,0.0,0.0,0.0,0.0,0.0,0.0,0.0,0.0,0.0,0.0,0.0,0.0,0.0,0.0,-2.004,-2.004,-2.004,2.004,0.0,0.0,0.0,0.0,3379.0,-1.5879155638041463e+29,0.0,0.0,-0.0,-0.0,0.0,0.0,0.0,0.0,0.0,0,-0.0,-0.0,0.0,0.0,0.0,0.0,0.0,0.0,0.0,0,0,0,0.0,0.0,0.0,0.0,0.0,0.0,0.0,0.0,0.0,0.0,0.0,0.0,0.0,0.0,0.0,0.0,0,-107875648.0,0,0.0,0,-107875648.0,-107877712.0,0,26215,17039,52429,17053,39322,17037,0,0,0,110,100,100,2.7302334150594743e+23,64.0,0.0,64.9,-107615304.0,68.5,1,49,50,180,0,39322,0,0,0.0,0.0,0.0,0.0,-2.0993840411361856e+22,65.0,0.0,0.0,0.0,645,0,688,0,0,0,717,0,789,0,709,0,689,0,645,0,642,0,616,0.032,36962304.0,0.0,2.7302316136196234e+23,40080,16788,-2753242333184.0,0.0,9.358923411063044e+30,-0.0,-8.59818797321644e+27,5.292056397230628e+37,29.0,60.0,70,0.0,0.0,0.0,0.0,0.0,0.0,0.0,0.0,0.0,0.0,0.0,0.0,0.0,0.0,0.0,0.0,59.2,69,11,65508,41,65476,0,300,0,0,8,20529,65476,0,0,61604,60.0,0.0,0.0,0.0,0.0,0.0
2026-04-04T11:25:55,ERR,ERR,ERR,ERR,ERR,ERR,ERR,ERR,ERR,ERR,ERR,ERR,ERR,ERR,ERR,ERR,ERR,ERR,ERR,ERR,ERR,ERR,ERR,ERR,ERR,ERR,ERR,ERR,ERR,ERR,ERR,ERR,ERR,ERR,ERR,ERR,ERR,ERR,ERR,ERR,ERR,ERR,ERR,ERR,ERR,ERR,ERR,ERR,ERR,ERR,ERR,ERR,ERR,ERR,ERR,ERR,ERR,ERR,ERR,ERR,ERR,ERR,ERR,ERR,ERR,ERR,ERR,ERR,ERR,ERR,ERR,ERR,ERR,ERR,ERR,ERR,ERR,ERR,ERR,ERR,ERR,ERR,ERR,ERR,ERR,ERR,ERR,ERR,ERR,ERR,ERR,ERR,ERR,ERR,ERR,ERR,ERR,ERR,ERR,ERR,ERR,ERR,ERR,ERR,ERR,ERR,ERR,ERR,ERR,ERR,ERR,ERR,ERR,ERR,ERR,ERR,ERR,ERR,ERR,ERR,ERR,ERR,ERR,ERR,ERR,0.0,0.0,-101055584.0,0.0,0.0,0.0,0.0,nan,0,0,0,32768,0,0.0,0,0.0,0.0,0.0,0.0,0.0,0,0,0,0,0.0,0,0,0,0,0,0,0,0,0,0,0,0,0,0,0,0,0,0,0,0,0,0,0,0,0,0,0,0,0,0,0,0,0,0,0,0,0,0,0,0,0,0,0,0,0.0,0.0,0.0,0.0,0.0,0.0,0.0,0.0,0.0,0.0,0.0,0.0,0.0,0.0,0.0,0.0,0.0,0.0,0.0,0.0,0.0,0.0,-2.004,-2.004,-2.004,2.004,0.0,0.0,0.0,0.0,3379.0,-1.5879155638041463e+29,0.0,0.0,-0.0,-0.0,0.0,0.0,0.0,0.0,0.0,0,-0.0,-0.0,0.0,0.0,0.0,0.0,0.0,0.0,0.0,0,0,0,0.0,0.0,0.0,0.0,0.0,0.0,0.0,0.0,0.0,0.0,0.0,0.0,0.0,0.0,0.0,0.0,0,-107875648.0,0,0.0,0,-107875648.0,-107877712.0,0,26215,17039,52429,17053,39322,17037,0,0,0,110,100,100,2.7302334150594743e+23,64.0,0.0,64.9,-107615304.0,68.5,1,49,50,180,0,39322,0,0,0.0,0.0,0.0,0.0,-2.0993840411361856e+22,65.0,0.0,0.0,0.0,645,0,688,0,0,0,717,0,789,0,709,0,689,0,645,0,642,0,616,0.032,36962304.0,0.0,2.7302316136196234e+23,40080,16788,-2753242333184.0,0.0,9.358923411063044e+30,-0.0,-8.59818797321644e+27,5.292056397230628e+37,29.0,60.0,70,0.0,0.0,0.0,0.0,0.0,0.0,0.0,0.0,0.0,0.0,0.0,0.0,0.0,0.0,0.0,0.0,59.2,69,11,65508,41,65476,0,300,0,0,8,20529,65476,0,0,61604,60.0,0.0,0.0,0.0,0.0,0.0
2026-04-04T11:25:56,ERR,ERR,ERR,ERR,ERR,ERR,ERR,ERR,ERR,ERR,ERR,ERR,ERR,ERR,ERR,ERR,ERR,ERR,ERR,ERR,ERR,ERR,ERR,ERR,ERR,ERR,ERR,ERR,ERR,ERR,ERR,ERR,ERR,ERR,ERR,ERR,ERR,ERR,ERR,ERR,ERR,ERR,ERR,ERR,ERR,ERR,ERR,ERR,ERR,ERR,ERR,ERR,ERR,ERR,ERR,ERR,ERR,ERR,ERR,ERR,ERR,ERR,ERR,ERR,ERR,ERR,ERR,ERR,ERR,ERR,ERR,ERR,ERR,ERR,ERR,ERR,ERR,ERR,ERR,ERR,ERR,ERR,ERR,ERR,ERR,ERR,ERR,ERR,ERR,ERR,ERR,ERR,ERR,ERR,ERR,ERR,ERR,ERR,ERR,ERR,ERR,ERR,ERR,ERR,ERR,ERR,ERR,ERR,ERR,ERR,ERR,ERR,ERR,ERR,ERR,ERR,ERR,ERR,ERR,ERR,ERR,ERR,ERR,ERR,ERR,0.0,0.0,-101055584.0,0.0,0.0,0.0,0.0,nan,0,0,0,32768,0,0.0,0,0.0,0.0,0.0,0.0,0.0,0,0,0,0,0.0,0,0,0,0,0,0,0,0,0,0,0,0,0,0,0,0,0,0,0,0,0,0,0,0,0,0,0,0,0,0,0,0,0,0,0,0,0,0,0,0,0,0,0,0,0.0,0.0,0.0,0.0,0.0,0.0,0.0,0.0,0.0,0.0,0.0,0.0,0.0,0.0,0.0,0.0,0.0,0.0,0.0,0.0,0.0,0.0,-2.004,-2.004,-2.004,2.004,0.0,0.0,0.0,0.0,3379.0,-1.5879155638041463e+29,0.0,0.0,-0.0,-0.0,0.0,0.0,0.0,0.0,0.0,0,-0.0,-0.0,0.0,0.0,0.0,0.0,0.0,0.0,0.0,0,0,0,0.0,0.0,0.0,0.0,0.0,0.0,0.0,0.0,0.0,0.0,0.0,0.0,0.0,0.0,0.0,0.0,0,-107875648.0,0,0.0,0,-107875648.0,-107877712.0,0,26215,17039,52429,17053,39322,17037,0,0,0,110,100,100,2.7302334150594743e+23,64.0,0.0,64.9,-107615304.0,68.5,1,49,50,180,0,39322,0,0,0.0,0.0,0.0,0.0,-2.0993840411361856e+22,65.0,0.0,0.0,0.0,645,0,688,0,0,0,717,0,789,0,709,0,689,0,645,0,642,0,616,0.032,36962304.0,0.0,2.7302316136196234e+23,40080,16788,-2753242333184.0,0.0,9.358923411063044e+30,-0.0,-8.59818797321644e+27,5.292056397230628e+37,29.0,60.0,70,0.0,0.0,0.0,0.0,0.0,0.0,0.0,0.0,0.0,0.0,0.0,0.0,0.0,0.0,0.0,0.0,59.2,69,11,65508,41,65476,0,300,0,0,8,20529,65476,0,0,61604,60.0,0.0,0.0,0.0,0.0,0.0
2026-04-04T11:25:57,ERR,ERR,ERR,ERR,ERR,ERR,ERR,ERR,ERR,ERR,ERR,ERR,ERR,ERR,ERR,ERR,ERR,ERR,ERR,ERR,ERR,ERR,ERR,ERR,ERR,ERR,ERR,ERR,ERR,ERR,ERR,ERR,ERR,ERR,ERR,ERR,ERR,ERR,ERR,ERR,ERR,ERR,ERR,ERR,ERR,ERR,ERR,ERR,ERR,ERR,ERR,ERR,ERR,ERR,ERR,ERR,ERR,ERR,ERR,ERR,ERR,ERR,ERR,ERR,ERR,ERR,ERR,ERR,ERR,ERR,ERR,ERR,ERR,ERR,ERR,ERR,ERR,ERR,ERR,ERR,ERR,ERR,ERR,ERR,ERR,ERR,ERR,ERR,ERR,ERR,ERR,ERR,ERR,ERR,ERR,ERR,ERR,ERR,ERR,ERR,ERR,ERR,ERR,ERR,ERR,ERR,ERR,ERR,ERR,ERR,ERR,ERR,ERR,ERR,ERR,ERR,ERR,ERR,ERR,ERR,ERR,ERR,ERR,ERR,ERR,0.0,0.0,-101055584.0,0.0,0.0,0.0,0.0,nan,0,0,0,32768,0,0.0,0,0.0,0.0,0.0,0.0,0.0,0,0,0,0,0.0,0,0,0,0,0,0,0,0,0,0,0,0,0,0,0,0,0,0,0,0,0,0,0,0,0,0,0,0,0,0,0,0,0,0,0,0,0,0,0,0,0,0,0,0,0.0,0.0,0.0,0.0,0.0,0.0,0.0,0.0,0.0,0.0,0.0,0.0,0.0,0.0,0.0,0.0,0.0,0.0,0.0,0.0,0.0,0.0,-2.004,-2.004,-2.004,2.004,0.0,0.0,0.0,0.0,3379.0,-1.5879155638041463e+29,0.0,0.0,-0.0,-0.0,0.0,0.0,0.0,0.0,0.0,0,-0.0,-0.0,0.0,0.0,0.0,0.0,0.0,0.0,0.0,0,0,0,0.0,0.0,0.0,0.0,0.0,0.0,0.0,0.0,0.0,0.0,0.0,0.0,0.0,0.0,0.0,0.0,0,-107875648.0,0,0.0,0,-107875648.0,-107877712.0,0,26215,17039,52429,17053,39322,17037,0,0,0,110,100,100,2.7302334150594743e+23,64.0,0.0,64.9,-107615304.0,68.5,1,49,50,180,0,39322,0,0,0.0,0.0,0.0,0.0,-2.0993840411361856e+22,65.0,0.0,0.0,0.0,645,0,688,0,0,0,717,0,789,0,709,0,689,0,645,0,642,0,616,0.032,36962304.0,0.0,2.7302316136196234e+23,40080,16788,-2753242333184.0,0.0,9.358923411063044e+30,-0.0,-8.59818797321644e+27,5.292056397230628e+37,29.0,60.0,70,0.0,0.0,0.0,0.0,0.0,0.0,0.0,0.0,0.0,0.0,0.0,0.0,0.0,0.0,0.0,0.0,59.2,69,11,65508,41,65476,0,300,0,0,8,20529,65476,0,0,61604,60.0,0.0,0.0,0.0,0.0,0.0
2026-04-04T11:25:58,ERR,ERR,ERR,ERR,ERR,ERR,ERR,ERR,ERR,ERR,ERR,ERR,ERR,ERR,ERR,ERR,ERR,ERR,ERR,ERR,ERR,ERR,ERR,ERR,ERR,ERR,ERR,ERR,ERR,ERR,ERR,ERR,ERR,ERR,ERR,ERR,ERR,ERR,ERR,ERR,ERR,ERR,ERR,ERR,ERR,ERR,ERR,ERR,ERR,ERR,ERR,ERR,ERR,ERR,ERR,ERR,ERR,ERR,ERR,ERR,ERR,ERR,ERR,ERR,ERR,ERR,ERR,ERR,ERR,ERR,ERR,ERR,ERR,ERR,ERR,ERR,ERR,ERR,ERR,ERR,ERR,ERR,ERR,ERR,ERR,ERR,ERR,ERR,ERR,ERR,ERR,ERR,ERR,ERR,ERR,ERR,ERR,ERR,ERR,ERR,ERR,ERR,ERR,ERR,ERR,ERR,ERR,ERR,ERR,ERR,ERR,ERR,ERR,ERR,ERR,ERR,ERR,ERR,ERR,ERR,ERR,ERR,ERR,ERR,ERR,0.0,0.0,-101055584.0,0.0,0.0,0.0,0.0,nan,0,0,0,32768,0,0.0,0,0.0,0.0,0.0,0.0,0.0,0,0,0,0,0.0,0,0,0,0,0,0,0,0,0,0,0,0,0,0,0,0,0,0,0,0,0,0,0,0,0,0,0,0,0,0,0,0,0,0,0,0,0,0,0,0,0,0,0,0,0.0,0.0,0.0,0.0,0.0,0.0,0.0,0.0,0.0,0.0,0.0,0.0,0.0,0.0,0.0,0.0,0.0,0.0,0.0,0.0,0.0,0.0,-2.004,-2.004,-2.004,2.004,0.0,0.0,0.0,0.0,3379.0,-1.5879155638041463e+29,0.0,0.0,-0.0,-0.0,0.0,0.0,0.0,0.0,0.0,0,-0.0,-0.0,0.0,0.0,0.0,0.0,0.0,0.0,0.0,0,0,0,0.0,0.0,0.0,0.0,0.0,0.0,0.0,0.0,0.0,0.0,0.0,0.0,0.0,0.0,0.0,0.0,0,-107875648.0,0,0.0,0,-107875648.0,-107877712.0,0,13107,17039,52429,17053,52429,17037,0,0,0,110,100,100,2.7302334150594743e+23,64.0,0.0,64.9,-107615304.0,68.5,1,49,50,180,0,39322,0,0,0.0,0.0,0.0,0.0,-3.2703811982514783e+26,65.0,0.0,0.0,0.0,645,0,688,0,0,0,716,0,789,0,709,0,689,0,645,0,642,0,616,0.032,36962304.0,0.0,2.7302316136196234e+23,53648,16788,-1.5277150247751833e+30,1.7821430997581824e+16,-7.575142534167396e+18,4.397676765574593e+23,0.0,-2.2546374126783693e+17,29.0,60.0,70,0.0,0.0,0.0,0.0,0.0,0.0,0.0,0.0,0.0,0.0,0.0,0.0,0.0,0.0,0.0,0.0,59.2,69,11,65508,41,65476,0,300,0,0,8,20529,65476,0,0,61604,60.0,0.0,0.0,0.0,0.0,0.0
2026-04-04T11:25:59,ERR,ERR,ERR,ERR,ERR,ERR,ERR,ERR,ERR,ERR,ERR,ERR,ERR,ERR,ERR,ERR,ERR,ERR,ERR,ERR,ERR,ERR,ERR,ERR,ERR,ERR,ERR,ERR,ERR,ERR,ERR,ERR,ERR,ERR,ERR,ERR,ERR,ERR,ERR,ERR,ERR,ERR,ERR,ERR,ERR,ERR,ERR,ERR,ERR,ERR,ERR,ERR,ERR,ERR,ERR,ERR,ERR,ERR,ERR,ERR,ERR,ERR,ERR,ERR,ERR,ERR,ERR,ERR,ERR,ERR,ERR,ERR,ERR,ERR,ERR,ERR,ERR,ERR,ERR,ERR,ERR,ERR,ERR,ERR,ERR,ERR,ERR,ERR,ERR,ERR,ERR,ERR,ERR,ERR,ERR,ERR,ERR,ERR,ERR,ERR,ERR,ERR,ERR,ERR,ERR,ERR,ERR,ERR,ERR,ERR,ERR,ERR,ERR,ERR,ERR,ERR,ERR,ERR,ERR,ERR,ERR,ERR,ERR,ERR,ERR,0.0,0.0,-101055584.0,0.0,0.0,0.0,0.0,nan,0,0,0,32768,0,0.0,0,0.0,0.0,0.0,0.0,0.0,0,0,0,0,0.0,0,0,0,0,0,0,0,0,0,0,0,0,0,0,0,0,0,0,0,0,0,0,0,0,0,0,0,0,0,0,0,0,0,0,0,0,0,0,0,0,0,0,0,0,0.0,0.0,0.0,0.0,0.0,0.0,0.0,0.0,0.0,0.0,0.0,0.0,0.0,0.0,0.0,0.0,0.0,0.0,0.0,0.0,0.0,0.0,-2.004,-2.004,-2.004,2.004,0.0,0.0,0.0,0.0,3379.0,-1.5879155638041463e+29,0.0,0.0,-0.0,-0.0,0.0,0.0,0.0,0.0,0.0,0,-0.0,-0.0,0.0,0.0,0.0,0.0,0.0,0.0,0.0,0,0,0,0.0,0.0,0.0,0.0,0.0,0.0,0.0,0.0,0.0,0.0,0.0,0.0,0.0,0.0,0.0,0.0,0,-107875648.0,0,0.0,0,-107875648.0,-107877712.0,0,13107,17039,52429,17053,52429,17037,0,0,0,110,100,100,2.7302334150594743e+23,64.0,0.0,64.9,-107615304.0,68.5,1,49,50,180,0,39322,0,0,0.0,0.0,0.0,0.0,-3.2703811982514783e+26,65.0,0.0,0.0,0.0,645,0,688,0,0,0,716,0,789,0,709,0,689,0,645,0,642,0,616,0.032,36962304.0,0.0,2.7302316136196234e+23,53648,16788,-1.5277150247751833e+30,1.7821430997581824e+16,-7.575142534167396e+18,4.397676765574593e+23,0.0,-2.2546374126783693e+17,29.0,60.0,70,0.0,0.0,0.0,0.0,0.0,0.0,0.0,0.0,0.0,0.0,0.0,0.0,0.0,0.0,0.0,0.0,59.2,69,11,65508,41,65476,0,300,0,0,8,20529,65476,0,0,61604,60.0,0.0,0.0,0.0,0.0,0.0
2026-04-04T11:26:00,ERR,ERR,ERR,ERR,ERR,ERR,ERR,ERR,ERR,ERR,ERR,ERR,ERR,ERR,ERR,ERR,ERR,ERR,ERR,ERR,ERR,ERR,ERR,ERR,ERR,ERR,ERR,ERR,ERR,ERR,ERR,ERR,ERR,ERR,ERR,ERR,ERR,ERR,ERR,ERR,ERR,ERR,ERR,ERR,ERR,ERR,ERR,ERR,ERR,ERR,ERR,ERR,ERR,ERR,ERR,ERR,ERR,ERR,ERR,ERR,ERR,ERR,ERR,ERR,ERR,ERR,ERR,ERR,ERR,ERR,ERR,ERR,ERR,ERR,ERR,ERR,ERR,ERR,ERR,ERR,ERR,ERR,ERR,ERR,ERR,ERR,ERR,ERR,ERR,ERR,ERR,ERR,ERR,ERR,ERR,ERR,ERR,ERR,ERR,ERR,ERR,ERR,ERR,ERR,ERR,ERR,ERR,ERR,ERR,ERR,ERR,ERR,ERR,ERR,ERR,ERR,ERR,ERR,ERR,ERR,ERR,ERR,ERR,ERR,ERR,0.0,0.0,-101055584.0,0.0,0.0,0.0,0.0,nan,0,0,0,32768,0,0.0,0,0.0,0.0,0.0,0.0,0.0,0,0,0,0,0.0,0,0,0,0,0,0,0,0,0,0,0,0,0,0,0,0,0,0,0,0,0,0,0,0,0,0,0,0,0,0,0,0,0,0,0,0,0,0,0,0,0,0,0,0,0.0,0.0,0.0,0.0,0.0,0.0,0.0,0.0,0.0,0.0,0.0,0.0,0.0,0.0,0.0,0.0,0.0,0.0,0.0,0.0,0.0,0.0,-2.004,-2.004,-2.004,2.004,0.0,0.0,0.0,0.0,3379.0,-1.5879155638041463e+29,0.0,0.0,-0.0,-0.0,0.0,0.0,0.0,0.0,0.0,0,-0.0,-0.0,0.0,0.0,0.0,0.0,0.0,0.0,0.0,0,0,0,0.0,0.0,0.0,0.0,0.0,0.0,0.0,0.0,0.0,0.0,0.0,0.0,0.0,0.0,0.0,0.0,0,-107875648.0,0,0.0,0,-107875648.0,-107877712.0,0,13107,17039,52429,17053,52429,17037,0,0,0,110,100,100,2.7302334150594743e+23,64.0,0.0,64.9,-107615304.0,68.5,1,49,50,180,0,39322,0,0,0.0,0.0,0.0,0.0,-3.2703811982514783e+26,65.0,0.0,0.0,0.0,645,0,688,0,0,0,716,0,789,0,709,0,689,0,645,0,642,0,616,0.032,36962304.0,0.0,2.7302316136196234e+23,53648,16788,-1.5277150247751833e+30,1.7821430997581824e+16,-7.575142534167396e+18,4.397676765574593e+23,0.0,-2.2546374126783693e+17,29.0,60.0,70,0.0,0.0,0.0,0.0,0.0,0.0,0.0,0.0,0.0,0.0,0.0,0.0,0.0,0.0,0.0,0.0,59.2,69,11,65508,41,65476,0,300,0,0,8,20529,65476,0,0,61604,60.0,0.0,0.0,0.0,0.0,0.0
2026-04-04T11:26:01,ERR,ERR,ERR,ERR,ERR,ERR,ERR,ERR,ERR,ERR,ERR,ERR,ERR,ERR,ERR,ERR,ERR,ERR,ERR,ERR,ERR,ERR,ERR,ERR,ERR,ERR,ERR,ERR,ERR,ERR,ERR,ERR,ERR,ERR,ERR,ERR,ERR,ERR,ERR,ERR,ERR,ERR,ERR,ERR,ERR,ERR,ERR,ERR,ERR,ERR,ERR,ERR,ERR,ERR,ERR,ERR,ERR,ERR,ERR,ERR,ERR,ERR,ERR,ERR,ERR,ERR,ERR,ERR,ERR,ERR,ERR,ERR,ERR,ERR,ERR,ERR,ERR,ERR,ERR,ERR,ERR,ERR,ERR,ERR,ERR,ERR,ERR,ERR,ERR,ERR,ERR,ERR,ERR,ERR,ERR,ERR,ERR,ERR,ERR,ERR,ERR,ERR,ERR,ERR,ERR,ERR,ERR,ERR,ERR,ERR,ERR,ERR,ERR,ERR,ERR,ERR,ERR,ERR,ERR,ERR,ERR,ERR,ERR,ERR,ERR,0.0,-0.0,-0.0,0.0,0.0,0.0,0.0,nan,0,0,0,32768,0,0.0,0,0.0,0.0,0.0,0.0,0.0,0,0,0,0,0.0,0,0,0,0,0,0,0,0,0,0,0,0,0,0,0,0,0,0,0,0,0,0,0,0,0,0,0,0,0,0,0,0,0,0,0,0,0,0,0,0,0,0,0,0,0.0,0.0,0.0,0.0,0.0,0.0,0.0,0.0,0.0,0.0,0.0,0.0,0.0,0.0,0.0,0.0,0.0,0.0,0.0,0.0,0.0,0.0,-2.004,0.0,-2.004,2.004,0.0,0.0,0.0,0.0,3394.0,0.0,0.0,0.0,0.0,-0.0,0.0,0.0,0.0,0.0,0.0,0,-0.0,-0.0,0.0,0.0,0.0,0.0,0.0,0.0,0.0,0,0,0,0.0,0.0,0.0,0.0,0.0,0.0,0.0,0.0,0.0,0.0,0.0,0.0,0.0,0.0,0.0,0.0,0,-107875648.0,0,0.0,0,-107875648.0,-107877712.0,0,13107,17039,52429,17053,52429,17037,0,0,0,110,100,100,2.7302334150594743e+23,64.0,0.0,64.9,-107615304.0,68.5,1,49,50,180,0,39322,0,0,0.0,0.0,0.0,0.0,-3.2703811982514783e+26,65.0,0.0,0.0,0.0,645,0,688,0,0,0,716,0,789,0,709,0,689,0,645,0,642,0,616,0.032,36962304.0,0.0,2.7302316136196234e+23,53648,16788,-1.5277150247751833e+30,1.7821430997581824e+16,-7.575142534167396e+18,4.397676765574593e+23,0.0,-2.2546374126783693e+17,29.0,60.0,70,0.0,0.0,0.0,0.0,0.0,0.0,0.0,0.0,0.0,0.0,0.0,0.0,0.0,0.0,0.0,0.0,59.2,69,11,65508,41,65476,0,300,0,0,8,20529,65476,0,0,61604,60.0,0.0,0.0,0.0,0.0,0.0
2026-04-04T11:26:02,ERR,ERR,ERR,ERR,ERR,ERR,ERR,ERR,ERR,ERR,ERR,ERR,ERR,ERR,ERR,ERR,ERR,ERR,ERR,ERR,ERR,ERR,ERR,ERR,ERR,ERR,ERR,ERR,ERR,ERR,ERR,ERR,ERR,ERR,ERR,ERR,ERR,ERR,ERR,ERR,ERR,ERR,ERR,ERR,ERR,ERR,ERR,ERR,ERR,ERR,ERR,ERR,ERR,ERR,ERR,ERR,ERR,ERR,ERR,ERR,ERR,ERR,ERR,ERR,ERR,ERR,ERR,ERR,ERR,ERR,ERR,ERR,ERR,ERR,ERR,ERR,ERR,ERR,ERR,ERR,ERR,ERR,ERR,ERR,ERR,ERR,ERR,ERR,ERR,ERR,ERR,ERR,ERR,ERR,ERR,ERR,ERR,ERR,ERR,ERR,ERR,ERR,ERR,ERR,ERR,ERR,ERR,ERR,ERR,ERR,ERR,ERR,ERR,ERR,ERR,ERR,ERR,ERR,ERR,ERR,ERR,ERR,ERR,ERR,ERR,0.0,-0.0,-0.0,0.0,0.0,0.0,0.0,nan,0,0,0,32768,0,0.0,0,0.0,0.0,0.0,0.0,0.0,0,0,0,0,0.0,0,0,0,0,0,0,0,0,0,0,0,0,0,0,0,0,0,0,0,0,0,0,0,0,0,0,0,0,0,0,0,0,0,0,0,0,0,0,0,0,0,0,0,0,0.0,0.0,0.0,0.0,0.0,0.0,0.0,0.0,0.0,0.0,0.0,0.0,0.0,0.0,0.0,0.0,0.0,0.0,0.0,0.0,0.0,0.0,-2.004,0.0,-2.004,2.004,0.0,0.0,0.0,0.0,3394.0,0.0,0.0,0.0,0.0,-0.0,0.0,0.0,0.0,0.0,0.0,0,-0.0,-0.0,0.0,0.0,0.0,0.0,0.0,0.0,0.0,0,0,0,0.0,0.0,0.0,0.0,0.0,0.0,0.0,0.0,0.0,0.0,0.0,0.0,0.0,0.0,0.0,0.0,0,-107875648.0,0,0.0,0,-107875648.0,-107877712.0,0,13107,17039,52429,17053,52429,17037,0,0,0,110,100,100,2.7302334150594743e+23,64.0,0.0,64.9,-107615304.0,68.5,1,49,50,180,0,39322,0,0,0.0,0.0,0.0,0.0,-3.2703811982514783e+26,65.0,0.0,0.0,0.0,645,0,688,0,0,0,716,0,789,0,709,0,689,0,645,0,642,0,616,0.032,36962304.0,0.0,2.7302316136196234e+23,53648,16788,-1.5277150247751833e+30,1.7821430997581824e+16,-7.575142534167396e+18,4.397676765574593e+23,0.0,-2.2546374126783693e+17,29.0,60.0,70,0.0,0.0,0.0,0.0,0.0,0.0,0.0,0.0,0.0,0.0,0.0,0.0,0.0,0.0,0.0,0.0,59.2,69,11,65508,41,65476,0,300,0,0,8,20529,65476,0,0,61604,60.0,0.0,0.0,0.0,0.0,0.0
2026-04-04T11:26:03,ERR,ERR,ERR,ERR,ERR,ERR,ERR,ERR,ERR,ERR,ERR,ERR,ERR,ERR,ERR,ERR,ERR,ERR,ERR,ERR,ERR,ERR,ERR,ERR,ERR,ERR,ERR,ERR,ERR,ERR,ERR,ERR,ERR,ERR,ERR,ERR,ERR,ERR,ERR,ERR,ERR,ERR,ERR,ERR,ERR,ERR,ERR,ERR,ERR,ERR,ERR,ERR,ERR,ERR,ERR,ERR,ERR,ERR,ERR,ERR,ERR,ERR,ERR,ERR,ERR,ERR,ERR,ERR,ERR,ERR,ERR,ERR,ERR,ERR,ERR,ERR,ERR,ERR,ERR,ERR,ERR,ERR,ERR,ERR,ERR,ERR,ERR,ERR,ERR,ERR,ERR,ERR,ERR,ERR,ERR,ERR,ERR,ERR,ERR,ERR,ERR,ERR,ERR,ERR,ERR,ERR,ERR,ERR,ERR,ERR,ERR,ERR,ERR,ERR,ERR,ERR,ERR,ERR,ERR,ERR,ERR,ERR,ERR,ERR,ERR,0.0,-0.0,-0.0,0.0,0.0,0.0,0.0,nan,0,0,0,32768,0,0.0,0,0.0,0.0,0.0,0.0,0.0,0,0,0,0,0.0,0,0,0,0,0,0,0,0,0,0,0,0,0,0,0,0,0,0,0,0,0,0,0,0,0,0,0,0,0,0,0,0,0,0,0,0,0,0,0,0,0,0,0,0,0.0,0.0,0.0,0.0,0.0,0.0,0.0,0.0,0.0,0.0,0.0,0.0,0.0,0.0,0.0,0.0,0.0,0.0,0.0,0.0,0.0,0.0,-2.004,0.0,-2.004,2.004,0.0,0.0,0.0,0.0,3394.0,0.0,0.0,0.0,0.0,-0.0,0.0,0.0,0.0,0.0,0.0,0,-0.0,-0.0,0.0,0.0,0.0,0.0,0.0,0.0,0.0,0,0,0,0.0,0.0,0.0,0.0,0.0,0.0,0.0,0.0,0.0,0.0,0.0,0.0,0.0,0.0,0.0,0.0,0,-107875648.0,0,0.0,0,-107875648.0,-107877712.0,0,13107,17039,52429,17053,52429,17037,0,0,0,110,100,100,2.7302334150594743e+23,64.0,0.0,64.9,-107615304.0,68.5,1,49,50,180,0,39322,0,0,0.0,0.0,0.0,0.0,-3.2703811982514783e+26,65.0,0.0,0.0,0.0,645,0,688,0,0,0,716,0,789,0,709,0,689,0,645,0,642,0,616,0.032,36962304.0,0.0,2.7302316136196234e+23,53648,16788,-1.5277150247751833e+30,1.7821430997581824e+16,-7.575142534167396e+18,4.397676765574593e+23,0.0,-2.2546374126783693e+17,29.0,60.0,70,0.0,0.0,0.0,0.0,0.0,0.0,0.0,0.0,0.0,0.0,0.0,0.0,0.0,0.0,0.0,0.0,59.2,69,11,65508,41,65476,0,300,0,0,8,20529,65476,0,0,61604,60.0,0.0,0.0,0.0,0.0,0.0
2026-04-04T11:26:04,ERR,ERR,ERR,ERR,ERR,ERR,ERR,ERR,ERR,ERR,ERR,ERR,ERR,ERR,ERR,ERR,ERR,ERR,ERR,ERR,ERR,ERR,ERR,ERR,ERR,ERR,ERR,ERR,ERR,ERR,ERR,ERR,ERR,ERR,ERR,ERR,ERR,ERR,ERR,ERR,ERR,ERR,ERR,ERR,ERR,ERR,ERR,ERR,ERR,ERR,ERR,ERR,ERR,ERR,ERR,ERR,ERR,ERR,ERR,ERR,ERR,ERR,ERR,ERR,ERR,ERR,ERR,ERR,ERR,ERR,ERR,ERR,ERR,ERR,ERR,ERR,ERR,ERR,ERR,ERR,ERR,ERR,ERR,ERR,ERR,ERR,ERR,ERR,ERR,ERR,ERR,ERR,ERR,ERR,ERR,ERR,ERR,ERR,ERR,ERR,ERR,ERR,ERR,ERR,ERR,ERR,ERR,ERR,ERR,ERR,ERR,ERR,ERR,ERR,ERR,ERR,ERR,ERR,ERR,ERR,ERR,ERR,ERR,ERR,ERR,0.0,-0.0,-0.0,0.0,0.0,0.0,0.0,nan,0,0,0,32768,0,0.0,0,0.0,0.0,0.0,0.0,0.0,0,0,0,0,0.0,0,0,0,0,0,0,0,0,0,0,0,0,0,0,0,0,0,0,0,0,0,0,0,0,0,0,0,0,0,0,0,0,0,0,0,0,0,0,0,0,0,0,0,0,0.0,0.0,0.0,0.0,0.0,0.0,0.0,0.0,0.0,0.0,0.0,0.0,0.0,0.0,0.0,0.0,0.0,0.0,0.0,0.0,0.0,0.0,-2.004,0.0,-2.004,2.004,0.0,0.0,0.0,0.0,3394.0,0.0,0.0,0.0,0.0,-0.0,0.0,0.0,0.0,0.0,0.0,0,-0.0,-0.0,0.0,0.0,0.0,0.0,0.0,0.0,0.0,0,0,0,0.0,0.0,0.0,0.0,0.0,0.0,0.0,0.0,0.0,0.0,0.0,0.0,0.0,0.0,0.0,0.0,0,-107875648.0,0,0.0,0,-107875648.0,-107877712.0,0,13107,17039,52429,17053,52429,17037,0,0,0,110,100,100,2.7302334150594743e+23,64.0,0.0,64.9,-107615304.0,68.5,1,49,50,180,0,39322,0,0,0.0,0.0,0.0,0.0,-8.584213833000681e+18,65.0,0.0,0.0,0.0,645,0,688,0,0,0,717,0,788,0,709,0,689,0,645,0,642,0,616,0.032,53477376.0,0.0,2.7302316136196234e+23,27408,16788,-3.695339305933755e+20,3869898964992.0,-0.0,27426662.0,0.0,-0.0,29.0,60.0,70,0.0,0.0,0.0,0.0,0.0,0.0,0.0,0.0,0.0,0.0,0.0,0.0,0.0,0.0,0.0,0.0,59.2,69,11,65508,41,65476,0,300,0,0,8,20529,65476,0,0,61604,60.0,0.0,0.0,0.0,0.0,0.0
2026-04-04T11:26:05,ERR,ERR,ERR,ERR,ERR,ERR,ERR,ERR,ERR,ERR,ERR,ERR,ERR,ERR,ERR,ERR,ERR,ERR,ERR,ERR,ERR,ERR,ERR,ERR,ERR,ERR,ERR,ERR,ERR,ERR,ERR,ERR,ERR,ERR,ERR,ERR,ERR,ERR,ERR,ERR,ERR,ERR,ERR,ERR,ERR,ERR,ERR,ERR,ERR,ERR,ERR,ERR,ERR,ERR,ERR,ERR,ERR,ERR,ERR,ERR,ERR,ERR,ERR,ERR,ERR,ERR,ERR,ERR,ERR,ERR,ERR,ERR,ERR,ERR,ERR,ERR,ERR,ERR,ERR,ERR,ERR,ERR,ERR,ERR,ERR,ERR,ERR,ERR,ERR,ERR,ERR,ERR,ERR,ERR,ERR,ERR,ERR,ERR,ERR,ERR,ERR,ERR,ERR,ERR,ERR,ERR,ERR,ERR,ERR,ERR,ERR,ERR,ERR,ERR,ERR,ERR,ERR,ERR,ERR,ERR,ERR,ERR,ERR,ERR,ERR,0.0,-0.0,-0.0,0.0,0.0,0.0,0.0,nan,0,0,0,32768,0,0.0,0,0.0,0.0,0.0,0.0,0.0,0,0,0,0,0.0,0,0,0,0,0,0,0,0,0,0,0,0,0,0,0,0,0,0,0,0,0,0,0,0,0,0,0,0,0,0,0,0,0,0,0,0,0,0,0,0,0,0,0,0,0.0,0.0,0.0,0.0,0.0,0.0,0.0,0.0,0.0,0.0,0.0,0.0,0.0,0.0,0.0,0.0,0.0,0.0,0.0,0.0,0.0,0.0,-2.004,0.0,-2.004,2.004,0.0,0.0,0.0,0.0,3394.0,0.0,0.0,0.0,0.0,-0.0,0.0,0.0,0.0,0.0,0.0,0,-0.0,-0.0,0.0,0.0,0.0,0.0,0.0,0.0,0.0,0,0,0,0.0,0.0,0.0,0.0,0.0,0.0,0.0,0.0,0.0,0.0,0.0,0.0,0.0,0.0,0.0,0.0,0,-107875648.0,0,0.0,0,-107875648.0,-107877712.0,0,13107,17039,52429,17053,52429,17037,0,0,0,110,100,100,2.7302334150594743e+23,64.0,0.0,64.9,-107615304.0,68.5,1,49,50,180,0,39322,0,0,0.0,0.0,0.0,0.0,-8.584213833000681e+18,65.0,0.0,0.0,0.0,645,0,688,0,0,0,717,0,788,0,709,0,689,0,645,0,642,0,616,0.032,53477376.0,0.0,2.7302316136196234e+23,27408,16788,-3.695339305933755e+20,3869898964992.0,-0.0,27426662.0,0.0,-0.0,29.0,60.0,70,0.0,0.0,0.0,0.0,0.0,0.0,0.0,0.0,0.0,0.0,0.0,0.0,0.0,0.0,0.0,0.0,59.2,69,11,65508,41,65476,0,300,0,0,8,20529,65476,0,0,61604,60.0,0.0,0.0,0.0,0.0,0.0
2026-04-04T11:26:06,ERR,ERR,ERR,ERR,ERR,ERR,ERR,ERR,ERR,ERR,ERR,ERR,ERR,ERR,ERR,ERR,ERR,ERR,ERR,ERR,ERR,ERR,ERR,ERR,ERR,ERR,ERR,ERR,ERR,ERR,ERR,ERR,ERR,ERR,ERR,ERR,ERR,ERR,ERR,ERR,ERR,ERR,ERR,ERR,ERR,ERR,ERR,ERR,ERR,ERR,ERR,ERR,ERR,ERR,ERR,ERR,ERR,ERR,ERR,ERR,ERR,ERR,ERR,ERR,ERR,ERR,ERR,ERR,ERR,ERR,ERR,ERR,ERR,ERR,ERR,ERR,ERR,ERR,ERR,ERR,ERR,ERR,ERR,ERR,ERR,ERR,ERR,ERR,ERR,ERR,ERR,ERR,ERR,ERR,ERR,ERR,ERR,ERR,ERR,ERR,ERR,ERR,ERR,ERR,ERR,ERR,ERR,ERR,ERR,ERR,ERR,ERR,ERR,ERR,ERR,ERR,ERR,ERR,ERR,ERR,ERR,ERR,ERR,ERR,ERR,0.0,-0.0,-0.0,0.0,0.0,0.0,0.0,nan,0,0,0,32768,0,0.0,0,0.0,0.0,0.0,0.0,0.0,0,0,0,0,0.0,0,0,0,0,0,0,0,0,0,0,0,0,0,0,0,0,0,0,0,0,0,0,0,0,0,0,0,0,0,0,0,0,0,0,0,0,0,0,0,0,0,0,0,0,0.0,0.0,0.0,0.0,0.0,0.0,0.0,0.0,0.0,0.0,0.0,0.0,0.0,0.0,0.0,0.0,0.0,0.0,0.0,0.0,0.0,0.0,-2.004,0.0,-2.004,2.004,0.0,0.0,0.0,0.0,3394.0,0.0,0.0,0.0,0.0,-0.0,0.0,0.0,0.0,0.0,0.0,0,-0.0,-0.0,0.0,0.0,0.0,0.0,0.0,0.0,0.0,0,0,0,0.0,0.0,0.0,0.0,0.0,0.0,0.0,0.0,0.0,0.0,0.0,0.0,0.0,0.0,0.0,0.0,0,-107875648.0,0,0.0,0,-107875648.0,-107877712.0,0,13107,17039,52429,17053,52429,17037,0,0,0,110,100,100,2.7302334150594743e+23,64.0,0.0,64.9,-107615304.0,68.5,1,49,50,180,0,39322,0,0,0.0,0.0,0.0,0.0,-8.584213833000681e+18,65.0,0.0,0.0,0.0,645,0,688,0,0,0,717,0,788,0,709,0,689,0,645,0,642,0,616,0.032,53477376.0,0.0,2.7302316136196234e+23,27408,16788,-3.695339305933755e+20,3869898964992.0,-0.0,27426662.0,0.0,-0.0,29.0,60.0,70,0.0,0.0,0.0,0.0,0.0,0.0,0.0,0.0,0.0,0.0,0.0,0.0,0.0,0.0,0.0,0.0,59.2,69,11,65508,41,65476,0,300,0,0,8,20529,65476,0,0,61604,60.0,0.0,0.0,0.0,0.0,0.0
2026-04-04T11:26:07,ERR,ERR,ERR,ERR,ERR,ERR,ERR,ERR,ERR,ERR,ERR,ERR,ERR,ERR,ERR,ERR,ERR,ERR,ERR,ERR,ERR,ERR,ERR,ERR,ERR,ERR,ERR,ERR,ERR,ERR,ERR,ERR,ERR,ERR,ERR,ERR,ERR,ERR,ERR,ERR,ERR,ERR,ERR,ERR,ERR,ERR,ERR,ERR,ERR,ERR,ERR,ERR,ERR,ERR,ERR,ERR,ERR,ERR,ERR,ERR,ERR,ERR,ERR,ERR,ERR,ERR,ERR,ERR,ERR,ERR,ERR,ERR,ERR,ERR,ERR,ERR,ERR,ERR,ERR,ERR,ERR,ERR,ERR,ERR,ERR,ERR,ERR,ERR,ERR,ERR,ERR,ERR,ERR,ERR,ERR,ERR,ERR,ERR,ERR,ERR,ERR,ERR,ERR,ERR,ERR,ERR,ERR,ERR,ERR,ERR,ERR,ERR,ERR,ERR,ERR,ERR,ERR,ERR,ERR,ERR,ERR,ERR,ERR,ERR,ERR,0.0,-0.0,-0.0,0.0,0.0,0.0,0.0,nan,0,0,0,32768,0,0.0,0,0.0,0.0,0.0,0.0,0.0,0,0,0,0,0.0,0,0,0,0,0,0,0,0,0,0,0,0,0,0,0,0,0,0,0,0,0,0,0,0,0,0,0,0,0,0,0,0,0,0,0,0,0,0,0,0,0,0,0,0,0.0,0.0,0.0,0.0,0.0,0.0,0.0,0.0,0.0,0.0,0.0,0.0,0.0,0.0,0.0,0.0,0.0,0.0,0.0,0.0,0.0,0.0,-2.004,0.0,-2.004,2.004,0.0,0.0,0.0,0.0,3394.0,0.0,0.0,0.0,0.0,-0.0,0.0,0.0,0.0,0.0,0.0,0,-0.0,-0.0,0.0,0.0,0.0,0.0,0.0,0.0,0.0,0,0,0,0.0,0.0,0.0,0.0,0.0,0.0,0.0,0.0,0.0,0.0,0.0,0.0,0.0,0.0,0.0,0.0,0,-107875648.0,0,0.0,0,-107875648.0,-107877712.0,0,13107,17039,52429,17053,52429,17037,0,0,0,110,100,100,2.7302334150594743e+23,64.0,0.0,64.9,-107615304.0,68.5,1,49,50,180,0,39322,0,0,0.0,0.0,0.0,0.0,-8.584213833000681e+18,65.0,0.0,0.0,0.0,645,0,688,0,0,0,717,0,788,0,709,0,689,0,645,0,642,0,616,0.032,53477376.0,0.0,2.7302316136196234e+23,27408,16788,-3.695339305933755e+20,3869898964992.0,-0.0,27426662.0,0.0,-0.0,29.0,60.0,70,0.0,0.0,0.0,0.0,0.0,0.0,0.0,0.0,0.0,0.0,0.0,0.0,0.0,0.0,0.0,0.0,59.2,69,11,65508,41,65476,0,300,0,0,8,20529,65476,0,0,61604,60.0,0.0,0.0,0.0,0.0,0.0
2026-04-04T11:26:08,ERR,ERR,ERR,ERR,ERR,ERR,ERR,ERR,ERR,ERR,ERR,ERR,ERR,ERR,ERR,ERR,ERR,ERR,ERR,ERR,ERR,ERR,ERR,ERR,ERR,ERR,ERR,ERR,ERR,ERR,ERR,ERR,ERR,ERR,ERR,ERR,ERR,ERR,ERR,ERR,ERR,ERR,ERR,ERR,ERR,ERR,ERR,ERR,ERR,ERR,ERR,ERR,ERR,ERR,ERR,ERR,ERR,ERR,ERR,ERR,ERR,ERR,ERR,ERR,ERR,ERR,ERR,ERR,ERR,ERR,ERR,ERR,ERR,ERR,ERR,ERR,ERR,ERR,ERR,ERR,ERR,ERR,ERR,ERR,ERR,ERR,ERR,ERR,ERR,ERR,ERR,ERR,ERR,ERR,ERR,ERR,ERR,ERR,ERR,ERR,ERR,ERR,ERR,ERR,ERR,ERR,ERR,ERR,ERR,ERR,ERR,ERR,ERR,ERR,ERR,ERR,ERR,ERR,ERR,ERR,ERR,ERR,ERR,ERR,ERR,0.0,-0.0,-0.0,0.0,0.0,0.0,0.0,nan,0,0,0,32768,0,0.0,0,0.0,0.0,0.0,0.0,0.0,0,0,0,0,0.0,0,0,0,0,0,0,0,0,0,0,0,0,0,0,0,0,0,0,0,0,0,0,0,0,0,0,0,0,0,0,0,0,0,0,0,0,0,0,0,0,0,0,0,0,0.0,0.0,0.0,0.0,0.0,0.0,0.0,0.0,0.0,0.0,0.0,0.0,0.0,0.0,0.0,0.0,0.0,0.0,0.0,0.0,0.0,0.0,-2.004,0.0,-2.004,2.004,0.0,0.0,0.0,0.0,3394.0,0.0,0.0,0.0,0.0,-0.0,0.0,0.0,0.0,0.0,0.0,0,-0.0,-0.0,0.0,0.0,0.0,0.0,0.0,0.0,0.0,0,0,0,0.0,0.0,0.0,0.0,0.0,0.0,0.0,0.0,0.0,0.0,0.0,0.0,0.0,0.0,0.0,0.0,0,-107875648.0,0,0.0,0,-107875648.0,-107877712.0,0,13107,17039,52429,17053,52429,17037,0,0,0,110,100,100,2.7302334150594743e+23,64.0,0.0,64.9,-107615304.0,68.5,1,49,50,180,0,39322,0,0,0.0,0.0,0.0,0.0,-8.584213833000681e+18,65.0,0.0,0.0,0.0,645,0,688,0,0,0,717,0,788,0,709,0,689,0,645,0,642,0,616,0.032,53477376.0,0.0,2.7302316136196234e+23,27408,16788,-3.695339305933755e+20,3869898964992.0,-0.0,27426662.0,0.0,-0.0,29.0,60.0,70,0.0,0.0,0.0,0.0,0.0,0.0,0.0,0.0,0.0,0.0,0.0,0.0,0.0,0.0,0.0,0.0,59.2,69,11,65508,41,65476,0,300,0,0,8,20529,65476,0,0,61604,60.0,0.0,0.0,0.0,0.0,0.0
2026-04-04T11:26:09,ERR,ERR,ERR,ERR,ERR,ERR,ERR,ERR,ERR,ERR,ERR,ERR,ERR,ERR,ERR,ERR,ERR,ERR,ERR,ERR,ERR,ERR,ERR,ERR,ERR,ERR,ERR,ERR,ERR,ERR,ERR,ERR,ERR,ERR,ERR,ERR,ERR,ERR,ERR,ERR,ERR,ERR,ERR,ERR,ERR,ERR,ERR,ERR,ERR,ERR,ERR,ERR,ERR,ERR,ERR,ERR,ERR,ERR,ERR,ERR,ERR,ERR,ERR,ERR,ERR,ERR,ERR,ERR,ERR,ERR,ERR,ERR,ERR,ERR,ERR,ERR,ERR,ERR,ERR,ERR,ERR,ERR,ERR,ERR,ERR,ERR,ERR,ERR,ERR,ERR,ERR,ERR,ERR,ERR,ERR,ERR,ERR,ERR,ERR,ERR,ERR,ERR,ERR,ERR,ERR,ERR,ERR,ERR,ERR,ERR,ERR,ERR,ERR,ERR,ERR,ERR,ERR,ERR,ERR,ERR,ERR,ERR,ERR,ERR,ERR,0.0,0.0,-101055584.0,0.0,0.0,0.0,0.0,nan,0,0,0,32768,0,0.0,0,0.0,0.0,0.0,0.0,0.0,0,0,0,0,0.0,0,0,0,0,0,0,0,0,0,0,0,0,0,0,0,0,0,0,0,0,0,0,0,0,0,0,0,0,0,0,0,0,0,0,0,0,0,0,0,0,0,0,0,0,0.0,0.0,0.0,0.0,0.0,0.0,0.0,0.0,0.0,0.0,0.0,0.0,0.0,0.0,0.0,0.0,0.0,0.0,0.0,0.0,0.0,0.0,-2.004,-2.004,-2.004,2.004,0.0,0.0,0.0,0.0,3393.0,2.004,0.0,0.0,-0.0,-0.0,0.0,0.0,0.0,0.0,0.0,0,-0.0,-152016189915136.0,0.0,0.0,0.0,0.0,0.0,0.0,0.0,0,0,0,0.0,0.0,0.0,0.0,0.0,0.0,0.0,0.0,0.0,0.0,0.0,0.0,0.0,0.0,0.0,0.0,0,-107875648.0,0,0.0,0,-107875648.0,-107877712.0,0,13107,17039,39322,17053,39322,17037,0,0,0,110,100,100,2.7302334150594743e+23,64.0,0.0,64.9,-107615304.0,68.5,1,49,50,180,0,39322,0,0,0.0,0.0,0.0,0.0,-7323583488.0,65.0,0.0,10821825536.0,0.0,645,0,688,0,0,0,717,0,788,0,708,0,689,0,645,0,642,0,616,0.032,45875200.0,0.0,2.7302316136196234e+23,30864,16788,-6764540205203456.0,0.189,-0.0,-0.004,-2.8745612122389156e+38,-0.0,29.0,60.0,70,0.0,0.0,0.0,0.0,0.0,0.0,0.0,0.0,0.0,0.0,0.0,0.0,0.0,0.0,0.0,0.0,59.2,69,11,65508,41,65476,0,300,0,0,8,20529,65476,0,0,61604,60.0,0.0,0.0,0.0,0.0,0.0
2026-04-04T11:26:10,ERR,ERR,ERR,ERR,ERR,ERR,ERR,ERR,ERR,ERR,ERR,ERR,ERR,ERR,ERR,ERR,ERR,ERR,ERR,ERR,ERR,ERR,ERR,ERR,ERR,ERR,ERR,ERR,ERR,ERR,ERR,ERR,ERR,ERR,ERR,ERR,ERR,ERR,ERR,ERR,ERR,ERR,ERR,ERR,ERR,ERR,ERR,ERR,ERR,ERR,ERR,ERR,ERR,ERR,ERR,ERR,ERR,ERR,ERR,ERR,ERR,ERR,ERR,ERR,ERR,ERR,ERR,ERR,ERR,ERR,ERR,ERR,ERR,ERR,ERR,ERR,ERR,ERR,ERR,ERR,ERR,ERR,ERR,ERR,ERR,ERR,ERR,ERR,ERR,ERR,ERR,ERR,ERR,ERR,ERR,ERR,ERR,ERR,ERR,ERR,ERR,ERR,ERR,ERR,ERR,ERR,ERR,ERR,ERR,ERR,ERR,ERR,ERR,ERR,ERR,ERR,ERR,ERR,ERR,ERR,ERR,ERR,ERR,ERR,ERR,0.0,0.0,-101055584.0,0.0,0.0,0.0,0.0,nan,0,0,0,32768,0,0.0,0,0.0,0.0,0.0,0.0,0.0,0,0,0,0,0.0,0,0,0,0,0,0,0,0,0,0,0,0,0,0,0,0,0,0,0,0,0,0,0,0,0,0,0,0,0,0,0,0,0,0,0,0,0,0,0,0,0,0,0,0,0.0,0.0,0.0,0.0,0.0,0.0,0.0,0.0,0.0,0.0,0.0,0.0,0.0,0.0,0.0,0.0,0.0,0.0,0.0,0.0,0.0,0.0,-2.004,-2.004,-2.004,2.004,0.0,0.0,0.0,0.0,3393.0,2.004,0.0,0.0,-0.0,-0.0,0.0,0.0,0.0,0.0,0.0,0,-0.0,-152016189915136.0,0.0,0.0,0.0,0.0,0.0,0.0,0.0,0,0,0,0.0,0.0,0.0,0.0,0.0,0.0,0.0,0.0,0.0,0.0,0.0,0.0,0.0,0.0,0.0,0.0,0,-107875648.0,0,0.0,0,-107875648.0,-107877712.0,0,13107,17039,39322,17053,39322,17037,0,0,0,110,100,100,2.7302334150594743e+23,64.0,0.0,64.9,-107615304.0,68.5,1,49,50,180,0,39322,0,0,0.0,0.0,0.0,0.0,-7323583488.0,65.0,0.0,10821825536.0,0.0,645,0,688,0,0,0,717,0,788,0,708,0,689,0,645,0,642,0,616,0.032,45875200.0,0.0,2.7302316136196234e+23,30864,16788,-6764540205203456.0,0.189,-0.0,-0.004,-2.8745612122389156e+38,-0.0,29.0,60.0,70,0.0,0.0,0.0,0.0,0.0,0.0,0.0,0.0,0.0,0.0,0.0,0.0,0.0,0.0,0.0,0.0,59.2,69,11,65508,41,65476,0,300,0,0,8,20529,65476,0,0,61604,60.0,0.0,0.0,0.0,0.0,0.0
2026-04-04T11:26:11,ERR,ERR,ERR,ERR,ERR,ERR,ERR,ERR,ERR,ERR,ERR,ERR,ERR,ERR,ERR,ERR,ERR,ERR,ERR,ERR,ERR,ERR,ERR,ERR,ERR,ERR,ERR,ERR,ERR,ERR,ERR,ERR,ERR,ERR,ERR,ERR,ERR,ERR,ERR,ERR,ERR,ERR,ERR,ERR,ERR,ERR,ERR,ERR,ERR,ERR,ERR,ERR,ERR,ERR,ERR,ERR,ERR,ERR,ERR,ERR,ERR,ERR,ERR,ERR,ERR,ERR,ERR,ERR,ERR,ERR,ERR,ERR,ERR,ERR,ERR,ERR,ERR,ERR,ERR,ERR,ERR,ERR,ERR,ERR,ERR,ERR,ERR,ERR,ERR,ERR,ERR,ERR,ERR,ERR,ERR,ERR,ERR,ERR,ERR,ERR,ERR,ERR,ERR,ERR,ERR,ERR,ERR,ERR,ERR,ERR,ERR,ERR,ERR,ERR,ERR,ERR,ERR,ERR,ERR,ERR,ERR,ERR,ERR,ERR,ERR,0.0,0.0,-101055584.0,0.0,0.0,0.0,0.0,nan,0,0,0,32768,0,0.0,0,0.0,0.0,0.0,0.0,0.0,0,0,0,0,0.0,0,0,0,0,0,0,0,0,0,0,0,0,0,0,0,0,0,0,0,0,0,0,0,0,0,0,0,0,0,0,0,0,0,0,0,0,0,0,0,0,0,0,0,0,0.0,0.0,0.0,0.0,0.0,0.0,0.0,0.0,0.0,0.0,0.0,0.0,0.0,0.0,0.0,0.0,0.0,0.0,0.0,0.0,0.0,0.0,-2.004,-2.004,-2.004,2.004,0.0,0.0,0.0,0.0,3393.0,2.004,0.0,0.0,-0.0,-0.0,0.0,0.0,0.0,0.0,0.0,0,-0.0,-152016189915136.0,0.0,0.0,0.0,0.0,0.0,0.0,0.0,0,0,0,0.0,0.0,0.0,0.0,0.0,0.0,0.0,0.0,0.0,0.0,0.0,0.0,0.0,0.0,0.0,0.0,0,-107875648.0,0,0.0,0,-107875648.0,-107877712.0,0,13107,17039,39322,17053,39322,17037,0,0,0,110,100,100,2.7302334150594743e+23,64.0,0.0,64.9,-107615304.0,68.5,1,49,50,180,0,39322,0,0,0.0,0.0,0.0,0.0,-7323583488.0,65.0,0.0,10821825536.0,0.0,645,0,688,0,0,0,717,0,788,0,708,0,689,0,645,0,642,0,616,0.032,45875200.0,0.0,2.7302316136196234e+23,30864,16788,-6764540205203456.0,0.189,-0.0,-0.004,-2.8745612122389156e+38,-0.0,29.0,60.0,70,0.0,0.0,0.0,0.0,0.0,0.0,0.0,0.0,0.0,0.0,0.0,0.0,0.0,0.0,0.0,0.0,59.2,69,11,65508,41,65476,0,300,0,0,8,20529,65476,0,0,61604,60.0,0.0,0.0,0.0,0.0,0.0
2026-04-04T11:26:12,ERR,ERR,ERR,ERR,ERR,ERR,ERR,ERR,ERR,ERR,ERR,ERR,ERR,ERR,ERR,ERR,ERR,ERR,ERR,ERR,ERR,ERR,ERR,ERR,ERR,ERR,ERR,ERR,ERR,ERR,ERR,ERR,ERR,ERR,ERR,ERR,ERR,ERR,ERR,ERR,ERR,ERR,ERR,ERR,ERR,ERR,ERR,ERR,ERR,ERR,ERR,ERR,ERR,ERR,ERR,ERR,ERR,ERR,ERR,ERR,ERR,ERR,ERR,ERR,ERR,ERR,ERR,ERR,ERR,ERR,ERR,ERR,ERR,ERR,ERR,ERR,ERR,ERR,ERR,ERR,ERR,ERR,ERR,ERR,ERR,ERR,ERR,ERR,ERR,ERR,ERR,ERR,ERR,ERR,ERR,ERR,ERR,ERR,ERR,ERR,ERR,ERR,ERR,ERR,ERR,ERR,ERR,ERR,ERR,ERR,ERR,ERR,ERR,ERR,ERR,ERR,ERR,ERR,ERR,ERR,ERR,ERR,ERR,ERR,ERR,0.0,0.0,-101055584.0,0.0,0.0,0.0,0.0,nan,0,0,0,32768,0,0.0,0,0.0,0.0,0.0,0.0,0.0,0,0,0,0,0.0,0,0,0,0,0,0,0,0,0,0,0,0,0,0,0,0,0,0,0,0,0,0,0,0,0,0,0,0,0,0,0,0,0,0,0,0,0,0,0,0,0,0,0,0,0.0,0.0,0.0,0.0,0.0,0.0,0.0,0.0,0.0,0.0,0.0,0.0,0.0,0.0,0.0,0.0,0.0,0.0,0.0,0.0,0.0,0.0,-2.004,-2.004,-2.004,2.004,0.0,0.0,0.0,0.0,3393.0,2.004,0.0,0.0,-0.0,-0.0,0.0,0.0,0.0,0.0,0.0,0,-0.0,-152016189915136.0,0.0,0.0,0.0,0.0,0.0,0.0,0.0,0,0,0,0.0,0.0,0.0,0.0,0.0,0.0,0.0,0.0,0.0,0.0,0.0,0.0,0.0,0.0,0.0,0.0,0,-107875648.0,0,0.0,0,-107875648.0,-107877712.0,0,13107,17039,39322,17053,39322,17037,0,0,0,110,100,100,2.7302334150594743e+23,64.0,0.0,64.9,-107615304.0,68.5,1,49,50,180,0,39322,0,0,0.0,0.0,0.0,0.0,-7323583488.0,65.0,0.0,10821825536.0,0.0,645,0,688,0,0,0,717,0,788,0,708,0,689,0,645,0,642,0,616,0.032,45875200.0,0.0,2.7302316136196234e+23,30864,16788,-6764540205203456.0,0.189,-0.0,-0.004,-2.8745612122389156e+38,-0.0,29.0,60.0,70,0.0,0.0,0.0,0.0,0.0,0.0,0.0,0.0,0.0,0.0,0.0,0.0,0.0,0.0,0.0,0.0,59.2,69,11,65508,41,65476,0,300,0,0,8,20529,65476,0,0,61604,60.0,0.0,0.0,0.0,0.0,0.0
2026-04-04T11:26:13,ERR,ERR,ERR,ERR,ERR,ERR,ERR,ERR,ERR,ERR,ERR,ERR,ERR,ERR,ERR,ERR,ERR,ERR,ERR,ERR,ERR,ERR,ERR,ERR,ERR,ERR,ERR,ERR,ERR,ERR,ERR,ERR,ERR,ERR,ERR,ERR,ERR,ERR,ERR,ERR,ERR,ERR,ERR,ERR,ERR,ERR,ERR,ERR,ERR,ERR,ERR,ERR,ERR,ERR,ERR,ERR,ERR,ERR,ERR,ERR,ERR,ERR,ERR,ERR,ERR,ERR,ERR,ERR,ERR,ERR,ERR,ERR,ERR,ERR,ERR,ERR,ERR,ERR,ERR,ERR,ERR,ERR,ERR,ERR,ERR,ERR,ERR,ERR,ERR,ERR,ERR,ERR,ERR,ERR,ERR,ERR,ERR,ERR,ERR,ERR,ERR,ERR,ERR,ERR,ERR,ERR,ERR,ERR,ERR,ERR,ERR,ERR,ERR,ERR,ERR,ERR,ERR,ERR,ERR,ERR,ERR,ERR,ERR,ERR,ERR,0.0,0.0,-101055584.0,0.0,0.0,0.0,0.0,nan,0,0,0,32768,0,0.0,0,0.0,0.0,0.0,0.0,0.0,0,0,0,0,0.0,0,0,0,0,0,0,0,0,0,0,0,0,0,0,0,0,0,0,0,0,0,0,0,0,0,0,0,0,0,0,0,0,0,0,0,0,0,0,0,0,0,0,0,0,0.0,0.0,0.0,0.0,0.0,0.0,0.0,0.0,0.0,0.0,0.0,0.0,0.0,0.0,0.0,0.0,0.0,0.0,0.0,0.0,0.0,0.0,-2.004,-2.004,-2.004,2.004,0.0,0.0,0.0,0.0,3393.0,2.004,0.0,0.0,-0.0,-0.0,0.0,0.0,0.0,0.0,0.0,0,-0.0,-152016189915136.0,0.0,0.0,0.0,0.0,0.0,0.0,0.0,0,0,0,0.0,0.0,0.0,0.0,0.0,0.0,0.0,0.0,0.0,0.0,0.0,0.0,0.0,0.0,0.0,0.0,0,-107875648.0,0,0.0,0,-107875648.0,-107877712.0,0,13107,17039,39322,17053,39322,17037,0,0,0,110,100,100,2.7302334150594743e+23,64.0,0.0,64.9,-107615304.0,68.5,1,49,50,180,0,39322,0,0,0.0,0.0,0.0,0.0,-7323583488.0,65.0,0.0,10821825536.0,0.0,645,0,688,0,0,0,717,0,788,0,708,0,689,0,645,0,642,0,616,0.032,45875200.0,0.0,2.7302316136196234e+23,30864,16788,-6764540205203456.0,0.189,-0.0,-0.004,-2.8745612122389156e+38,-0.0,29.0,60.0,70,0.0,0.0,0.0,0.0,0.0,0.0,0.0,0.0,0.0,0.0,0.0,0.0,0.0,0.0,0.0,0.0,59.2,69,11,65508,41,65476,0,300,0,0,8,20529,65476,0,0,61604,60.0,0.0,0.0,0.0,0.0,0.0
2026-04-04T11:26:14,ERR,ERR,ERR,ERR,ERR,ERR,ERR,ERR,ERR,ERR,ERR,ERR,ERR,ERR,ERR,ERR,ERR,ERR,ERR,ERR,ERR,ERR,ERR,ERR,ERR,ERR,ERR,ERR,ERR,ERR,ERR,ERR,ERR,ERR,ERR,ERR,ERR,ERR,ERR,ERR,ERR,ERR,ERR,ERR,ERR,ERR,ERR,ERR,ERR,ERR,ERR,ERR,ERR,ERR,ERR,ERR,ERR,ERR,ERR,ERR,ERR,ERR,ERR,ERR,ERR,ERR,ERR,ERR,ERR,ERR,ERR,ERR,ERR,ERR,ERR,ERR,ERR,ERR,ERR,ERR,ERR,ERR,ERR,ERR,ERR,ERR,ERR,ERR,ERR,ERR,ERR,ERR,ERR,ERR,ERR,ERR,ERR,ERR,ERR,ERR,ERR,ERR,ERR,ERR,ERR,ERR,ERR,ERR,ERR,ERR,ERR,ERR,ERR,ERR,ERR,ERR,ERR,ERR,ERR,ERR,ERR,ERR,ERR,ERR,ERR,0.0,0.0,-101055584.0,0.0,0.0,0.0,0.0,nan,0,0,0,32768,0,0.0,0,0.0,0.0,0.0,0.0,0.0,0,0,0,0,0.0,0,0,0,0,0,0,0,0,0,0,0,0,0,0,0,0,0,0,0,0,0,0,0,0,0,0,0,0,0,0,0,0,0,0,0,0,0,0,0,0,0,0,0,0,0.0,0.0,0.0,0.0,0.0,0.0,0.0,0.0,0.0,0.0,0.0,0.0,0.0,0.0,0.0,0.0,0.0,0.0,0.0,0.0,0.0,0.0,-2.004,-2.004,-2.004,2.004,0.0,0.0,0.0,0.0,3393.0,2.004,0.0,0.0,-0.0,-0.0,0.0,0.0,0.0,0.0,0.0,0,-0.0,-152016189915136.0,0.0,0.0,0.0,0.0,0.0,0.0,0.0,0,0,0,0.0,0.0,0.0,0.0,0.0,0.0,0.0,0.0,0.0,0.0,0.0,0.0,0.0,0.0,0.0,0.0,0,-107875648.0,0,0.0,0,-107875648.0,-107877712.0,0,13107,17039,39322,17053,39322,17037,0,0,0,110,100,100,2.7302334150594743e+23,64.0,0.0,64.9,-107615304.0,68.5,1,49,50,180,0,39322,0,0,0.0,0.0,0.0,0.0,-7323583488.0,65.0,0.0,10821825536.0,0.0,645,0,688,0,0,0,717,0,788,0,708,0,689,0,645,0,642,0,616,0.032,45875200.0,0.0,2.7302316136196234e+23,30864,16788,-6764540205203456.0,0.189,-0.0,-0.004,-2.8745612122389156e+38,-0.0,29.0,60.0,70,0.0,0.0,0.0,0.0,0.0,0.0,0.0,0.0,0.0,0.0,0.0,0.0,0.0,0.0,0.0,0.0,59.2,69,11,65508,41,65476,0,300,0,0,8,20529,65476,0,0,61604,60.0,0.0,0.0,0.0,0.0,0.0
2026-04-04T11:26:15,ERR,ERR,ERR,ERR,ERR,ERR,ERR,ERR,ERR,ERR,ERR,ERR,ERR,ERR,ERR,ERR,ERR,ERR,ERR,ERR,ERR,ERR,ERR,ERR,ERR,ERR,ERR,ERR,ERR,ERR,ERR,ERR,ERR,ERR,ERR,ERR,ERR,ERR,ERR,ERR,ERR,ERR,ERR,ERR,ERR,ERR,ERR,ERR,ERR,ERR,ERR,ERR,ERR,ERR,ERR,ERR,ERR,ERR,ERR,ERR,ERR,ERR,ERR,ERR,ERR,ERR,ERR,ERR,ERR,ERR,ERR,ERR,ERR,ERR,ERR,ERR,ERR,ERR,ERR,ERR,ERR,ERR,ERR,ERR,ERR,ERR,ERR,ERR,ERR,ERR,ERR,ERR,ERR,ERR,ERR,ERR,ERR,ERR,ERR,ERR,ERR,ERR,ERR,ERR,ERR,ERR,ERR,ERR,ERR,ERR,ERR,ERR,ERR,ERR,ERR,ERR,ERR,ERR,ERR,ERR,ERR,ERR,ERR,ERR,ERR,0.0,0.0,-101055584.0,0.0,0.0,0.0,0.0,nan,0,0,0,32768,0,0.0,0,0.0,0.0,0.0,0.0,0.0,0,0,0,0,0.0,0,0,0,0,0,0,0,0,0,0,0,0,0,0,0,0,0,0,0,0,0,0,0,0,0,0,0,0,0,0,0,0,0,0,0,0,0,0,0,0,0,0,0,0,0.0,0.0,0.0,0.0,0.0,0.0,0.0,0.0,0.0,0.0,0.0,0.0,0.0,0.0,0.0,0.0,0.0,0.0,0.0,0.0,0.0,0.0,-2.004,-2.004,-2.004,2.004,0.0,0.0,0.0,0.0,3393.0,2.004,0.0,0.0,-0.0,-0.0,0.0,0.0,0.0,0.0,0.0,0,-0.0,-152016189915136.0,0.0,0.0,0.0,0.0,0.0,0.0,0.0,0,0,0,0.0,0.0,0.0,0.0,0.0,0.0,0.0,0.0,0.0,0.0,0.0,0.0,0.0,0.0,0.0,0.0,0,-107875648.0,0,0.0,0,-107875648.0,-107877712.0,0,26215,17039,39322,17053,52429,17037,0,0,0,110,100,100,2.7302334150594743e+23,64.0,0.0,64.9,-107615304.0,68.5,1,49,50,180,0,39322,0,0,0.0,0.0,0.0,0.0,-631848.125,65.0,0.0,-0.0,0.0,645,0,688,0,0,0,716,0,788,0,709,0,689,0,645,0,642,0,616,0.032,48234496.0,0.0,2.7302316136196234e+23,19472,16788,-0.489,-0.0,-2.7541207957134236e+25,6.528609693036412e+23,-0.0,0.0,29.0,60.0,70,0.0,0.0,0.0,0.0,0.0,0.0,0.0,0.0,0.0,0.0,0.0,0.0,0.0,0.0,0.0,0.0,59.6,69,11,65508,41,65476,0,300,0,0,8,20529,65476,0,0,61604,60.0,0.0,0.0,0.0,0.0,0.0
2026-04-04T11:26:16,ERR,ERR,ERR,ERR,ERR,ERR,ERR,ERR,ERR,ERR,ERR,ERR,ERR,ERR,ERR,ERR,ERR,ERR,ERR,ERR,ERR,ERR,ERR,ERR,ERR,ERR,ERR,ERR,ERR,ERR,ERR,ERR,ERR,ERR,ERR,ERR,ERR,ERR,ERR,ERR,ERR,ERR,ERR,ERR,ERR,ERR,ERR,ERR,ERR,ERR,ERR,ERR,ERR,ERR,ERR,ERR,ERR,ERR,ERR,ERR,ERR,ERR,ERR,ERR,ERR,ERR,ERR,ERR,ERR,ERR,ERR,ERR,ERR,ERR,ERR,ERR,ERR,ERR,ERR,ERR,ERR,ERR,ERR,ERR,ERR,ERR,ERR,ERR,ERR,ERR,ERR,ERR,ERR,ERR,ERR,ERR,ERR,ERR,ERR,ERR,ERR,ERR,ERR,ERR,ERR,ERR,ERR,ERR,ERR,ERR,ERR,ERR,ERR,ERR,ERR,ERR,ERR,ERR,ERR,ERR,ERR,ERR,ERR,ERR,ERR,0.0,0.0,-101055584.0,0.0,0.0,0.0,0.0,nan,0,0,0,32768,0,0.0,0,0.0,0.0,0.0,0.0,0.0,0,0,0,0,0.0,0,0,0,0,0,0,0,0,0,0,0,0,0,0,0,0,0,0,0,0,0,0,0,0,0,0,0,0,0,0,0,0,0,0,0,0,0,0,0,0,0,0,0,0,0.0,0.0,0.0,0.0,0.0,0.0,0.0,0.0,0.0,0.0,0.0,0.0,0.0,0.0,0.0,0.0,0.0,0.0,0.0,0.0,0.0,0.0,-2.004,-2.004,-2.004,2.004,0.0,0.0,0.0,0.0,3393.0,2.004,0.0,0.0,-0.0,-0.0,0.0,0.0,0.0,0.0,0.0,0,-0.0,-152016189915136.0,0.0,0.0,0.0,0.0,0.0,0.0,0.0,0,0,0,0.0,0.0,0.0,0.0,0.0,0.0,0.0,0.0,0.0,0.0,0.0,0.0,0.0,0.0,0.0,0.0,0,-107875648.0,0,0.0,0,-107875648.0,-107877712.0,0,26215,17039,39322,17053,52429,17037,0,0,0,110,100,100,2.7302334150594743e+23,64.0,0.0,64.9,-107615304.0,68.5,1,49,50,180,0,39322,0,0,0.0,0.0,0.0,0.0,-631848.125,65.0,0.0,-0.0,0.0,645,0,688,0,0,0,716,0,788,0,709,0,689,0,645,0,642,0,616,0.032,48234496.0,0.0,2.7302316136196234e+23,19472,16788,-0.489,-0.0,-2.7541207957134236e+25,6.528609693036412e+23,-0.0,0.0,29.0,60.0,70,0.0,0.0,0.0,0.0,0.0,0.0,0.0,0.0,0.0,0.0,0.0,0.0,0.0,0.0,0.0,0.0,59.6,69,11,65508,41,65476,0,300,0,0,8,20529,65476,0,0,61604,60.0,0.0,0.0,0.0,0.0,0.0
2026-04-04T11:26:17,ERR,ERR,ERR,ERR,ERR,ERR,ERR,ERR,ERR,ERR,ERR,ERR,ERR,ERR,ERR,ERR,ERR,ERR,ERR,ERR,ERR,ERR,ERR,ERR,ERR,ERR,ERR,ERR,ERR,ERR,ERR,ERR,ERR,ERR,ERR,ERR,ERR,ERR,ERR,ERR,ERR,ERR,ERR,ERR,ERR,ERR,ERR,ERR,ERR,ERR,ERR,ERR,ERR,ERR,ERR,ERR,ERR,ERR,ERR,ERR,ERR,ERR,ERR,ERR,ERR,ERR,ERR,ERR,ERR,ERR,ERR,ERR,ERR,ERR,ERR,ERR,ERR,ERR,ERR,ERR,ERR,ERR,ERR,ERR,ERR,ERR,ERR,ERR,ERR,ERR,ERR,ERR,ERR,ERR,ERR,ERR,ERR,ERR,ERR,ERR,ERR,ERR,ERR,ERR,ERR,ERR,ERR,ERR,ERR,ERR,ERR,ERR,ERR,ERR,ERR,ERR,ERR,ERR,ERR,ERR,ERR,ERR,ERR,ERR,ERR,0.0,-0.0,-0.0,0.0,0.0,0.0,0.0,nan,0,0,0,32768,0,0.0,0,0.0,0.0,0.0,0.0,0.0,0,0,0,0,0.0,0,0,0,0,0,0,0,0,0,0,0,0,0,0,0,0,0,0,0,0,0,0,0,0,0,0,0,0,0,0,0,0,0,0,0,0,0,0,0,0,0,0,0,0,0.0,0.0,0.0,0.0,0.0,0.0,0.0,0.0,0.0,0.0,0.0,0.0,0.0,0.0,0.0,0.0,0.0,0.0,0.0,0.0,0.0,0.0,-2.004,-2.004,-2.004,2.004,0.0,0.0,0.0,0.0,3379.0,-8608107520.0,0.0,0.0,-0.0,-0.0,0.0,0.0,0.0,0.0,0.0,0,-0.059,-0.0,0.0,0.0,0.0,0.0,0.0,0.0,0.0,0,0,0,0.0,0.0,0.0,0.0,0.0,0.0,0.0,0.0,0.0,0.0,0.0,0.0,0.0,0.0,0.0,0.0,0,-107875648.0,0,0.0,0,-107875648.0,-107877712.0,0,26215,17039,39322,17053,52429,17037,0,0,0,110,100,100,2.7302334150594743e+23,64.0,0.0,64.9,-107615304.0,68.5,1,49,50,180,0,39322,0,0,0.0,0.0,0.0,0.0,-631848.125,65.0,0.0,-0.0,0.0,645,0,688,0,0,0,716,0,788,0,709,0,689,0,645,0,642,0,616,0.032,48234496.0,0.0,2.7302316136196234e+23,19472,16788,-0.489,-0.0,-2.7541207957134236e+25,6.528609693036412e+23,-0.0,0.0,29.0,60.0,70,0.0,0.0,0.0,0.0,0.0,0.0,0.0,0.0,0.0,0.0,0.0,0.0,0.0,0.0,0.0,0.0,59.6,69,11,65508,41,65476,0,300,0,0,8,20529,65476,0,0,61604,60.0,0.0,0.0,0.0,0.0,0.0
2026-04-04T11:26:18,ERR,ERR,ERR,ERR,ERR,ERR,ERR,ERR,ERR,ERR,ERR,ERR,ERR,ERR,ERR,ERR,ERR,ERR,ERR,ERR,ERR,ERR,ERR,ERR,ERR,ERR,ERR,ERR,ERR,ERR,ERR,ERR,ERR,ERR,ERR,ERR,ERR,ERR,ERR,ERR,ERR,ERR,ERR,ERR,ERR,ERR,ERR,ERR,ERR,ERR,ERR,ERR,ERR,ERR,ERR,ERR,ERR,ERR,ERR,ERR,ERR,ERR,ERR,ERR,ERR,ERR,ERR,ERR,ERR,ERR,ERR,ERR,ERR,ERR,ERR,ERR,ERR,ERR,ERR,ERR,ERR,ERR,ERR,ERR,ERR,ERR,ERR,ERR,ERR,ERR,ERR,ERR,ERR,ERR,ERR,ERR,ERR,ERR,ERR,ERR,ERR,ERR,ERR,ERR,ERR,ERR,ERR,ERR,ERR,ERR,ERR,ERR,ERR,ERR,ERR,ERR,ERR,ERR,ERR,ERR,ERR,ERR,ERR,ERR,ERR,0.0,-0.0,-0.0,0.0,0.0,0.0,0.0,nan,0,0,0,32768,0,0.0,0,0.0,0.0,0.0,0.0,0.0,0,0,0,0,0.0,0,0,0,0,0,0,0,0,0,0,0,0,0,0,0,0,0,0,0,0,0,0,0,0,0,0,0,0,0,0,0,0,0,0,0,0,0,0,0,0,0,0,0,0,0.0,0.0,0.0,0.0,0.0,0.0,0.0,0.0,0.0,0.0,0.0,0.0,0.0,0.0,0.0,0.0,0.0,0.0,0.0,0.0,0.0,0.0,-2.004,-2.004,-2.004,2.004,0.0,0.0,0.0,0.0,3379.0,-8608107520.0,0.0,0.0,-0.0,-0.0,0.0,0.0,0.0,0.0,0.0,0,-0.059,-0.0,0.0,0.0,0.0,0.0,0.0,0.0,0.0,0,0,0,0.0,0.0,0.0,0.0,0.0,0.0,0.0,0.0,0.0,0.0,0.0,0.0,0.0,0.0,0.0,0.0,0,-107875648.0,0,0.0,0,-107875648.0,-107877712.0,0,26215,17039,39322,17053,52429,17037,0,0,0,110,100,100,2.7302334150594743e+23,64.0,0.0,64.9,-107615304.0,68.5,1,49,50,180,0,39322,0,0,0.0,0.0,0.0,0.0,-631848.125,65.0,0.0,-0.0,0.0,645,0,688,0,0,0,716,0,788,0,709,0,689,0,645,0,642,0,616,0.032,48234496.0,0.0,2.7302316136196234e+23,19472,16788,-0.489,-0.0,-2.7541207957134236e+25,6.528609693036412e+23,-0.0,0.0,29.0,60.0,70,0.0,0.0,0.0,0.0,0.0,0.0,0.0,0.0,0.0,0.0,0.0,0.0,0.0,0.0,0.0,0.0,59.2,69,11,65508,41,65476,0,300,0,0,8,20529,65476,0,0,61604,60.0,0.0,0.0,0.0,0.0,0.0
2026-04-04T11:26:19,ERR,ERR,ERR,ERR,ERR,ERR,ERR,ERR,ERR,ERR,ERR,ERR,ERR,ERR,ERR,ERR,ERR,ERR,ERR,ERR,ERR,ERR,ERR,ERR,ERR,ERR,ERR,ERR,ERR,ERR,ERR,ERR,ERR,ERR,ERR,ERR,ERR,ERR,ERR,ERR,ERR,ERR,ERR,ERR,ERR,ERR,ERR,ERR,ERR,ERR,ERR,ERR,ERR,ERR,ERR,ERR,ERR,ERR,ERR,ERR,ERR,ERR,ERR,ERR,ERR,ERR,ERR,ERR,ERR,ERR,ERR,ERR,ERR,ERR,ERR,ERR,ERR,ERR,ERR,ERR,ERR,ERR,ERR,ERR,ERR,ERR,ERR,ERR,ERR,ERR,ERR,ERR,ERR,ERR,ERR,ERR,ERR,ERR,ERR,ERR,ERR,ERR,ERR,ERR,ERR,ERR,ERR,ERR,ERR,ERR,ERR,ERR,ERR,ERR,ERR,ERR,ERR,ERR,ERR,ERR,ERR,ERR,ERR,ERR,ERR,0.0,-0.0,-0.0,0.0,0.0,0.0,0.0,nan,0,0,0,32768,0,0.0,0,0.0,0.0,0.0,0.0,0.0,0,0,0,0,0.0,0,0,0,0,0,0,0,0,0,0,0,0,0,0,0,0,0,0,0,0,0,0,0,0,0,0,0,0,0,0,0,0,0,0,0,0,0,0,0,0,0,0,0,0,0.0,0.0,0.0,0.0,0.0,0.0,0.0,0.0,0.0,0.0,0.0,0.0,0.0,0.0,0.0,0.0,0.0,0.0,0.0,0.0,0.0,0.0,-2.004,-2.004,-2.004,2.004,0.0,0.0,0.0,0.0,3379.0,-8608107520.0,0.0,0.0,-0.0,-0.0,0.0,0.0,0.0,0.0,0.0,0,-0.059,-0.0,0.0,0.0,0.0,0.0,0.0,0.0,0.0,0,0,0,0.0,0.0,0.0,0.0,0.0,0.0,0.0,0.0,0.0,0.0,0.0,0.0,0.0,0.0,0.0,0.0,0,-107875648.0,0,0.0,0,-107875648.0,-107877712.0,0,26215,17039,39322,17053,52429,17037,0,0,0,110,100,100,2.7302334150594743e+23,64.0,0.0,64.9,-107615304.0,68.5,1,49,50,180,0,39322,0,0,0.0,0.0,0.0,0.0,-631848.125,65.0,0.0,-0.0,0.0,645,0,688,0,0,0,716,0,788,0,709,0,689,0,645,0,642,0,616,0.032,48234496.0,0.0,2.7302316136196234e+23,19472,16788,-0.489,-0.0,-2.7541207957134236e+25,6.528609693036412e+23,-0.0,0.0,29.0,60.0,70,0.0,0.0,0.0,0.0,0.0,0.0,0.0,0.0,0.0,0.0,0.0,0.0,0.0,0.0,0.0,0.0,59.2,69,11,65508,41,65476,0,300,0,0,8,20529,65476,0,0,61604,60.0,0.0,0.0,0.0,0.0,0.0
2026-04-04T11:26:20,ERR,ERR,ERR,ERR,ERR,ERR,ERR,ERR,ERR,ERR,ERR,ERR,ERR,ERR,ERR,ERR,ERR,ERR,ERR,ERR,ERR,ERR,ERR,ERR,ERR,ERR,ERR,ERR,ERR,ERR,ERR,ERR,ERR,ERR,ERR,ERR,ERR,ERR,ERR,ERR,ERR,ERR,ERR,ERR,ERR,ERR,ERR,ERR,ERR,ERR,ERR,ERR,ERR,ERR,ERR,ERR,ERR,ERR,ERR,ERR,ERR,ERR,ERR,ERR,ERR,ERR,ERR,ERR,ERR,ERR,ERR,ERR,ERR,ERR,ERR,ERR,ERR,ERR,ERR,ERR,ERR,ERR,ERR,ERR,ERR,ERR,ERR,ERR,ERR,ERR,ERR,ERR,ERR,ERR,ERR,ERR,ERR,ERR,ERR,ERR,ERR,ERR,ERR,ERR,ERR,ERR,ERR,ERR,ERR,ERR,ERR,ERR,ERR,ERR,ERR,ERR,ERR,ERR,ERR,ERR,ERR,ERR,ERR,ERR,ERR,0.0,-0.0,-0.0,0.0,0.0,0.0,0.0,nan,0,0,0,32768,0,0.0,0,0.0,0.0,0.0,0.0,0.0,0,0,0,0,0.0,0,0,0,0,0,0,0,0,0,0,0,0,0,0,0,0,0,0,0,0,0,0,0,0,0,0,0,0,0,0,0,0,0,0,0,0,0,0,0,0,0,0,0,0,0.0,0.0,0.0,0.0,0.0,0.0,0.0,0.0,0.0,0.0,0.0,0.0,0.0,0.0,0.0,0.0,0.0,0.0,0.0,0.0,0.0,0.0,-2.004,-2.004,-2.004,2.004,0.0,0.0,0.0,0.0,3379.0,-8608107520.0,0.0,0.0,-0.0,-0.0,0.0,0.0,0.0,0.0,0.0,0,-0.059,-0.0,0.0,0.0,0.0,0.0,0.0,0.0,0.0,0,0,0,0.0,0.0,0.0,0.0,0.0,0.0,0.0,0.0,0.0,0.0,0.0,0.0,0.0,0.0,0.0,0.0,0,-107875648.0,0,0.0,0,-107875648.0,-107877712.0,0,26215,17039,39322,17053,52429,17037,0,0,0,110,100,100,2.7302334150594743e+23,64.0,0.0,64.9,-107615304.0,68.5,1,49,50,180,0,39322,0,0,0.0,0.0,0.0,0.0,-631848.125,65.0,0.0,-0.0,0.0,645,0,688,0,0,0,716,0,788,0,709,0,689,0,645,0,642,0,616,0.032,48234496.0,0.0,2.7302316136196234e+23,19472,16788,-0.489,-0.0,-2.7541207957134236e+25,6.528609693036412e+23,-0.0,0.0,29.0,60.0,70,0.0,0.0,0.0,0.0,0.0,0.0,0.0,0.0,0.0,0.0,0.0,0.0,0.0,0.0,0.0,0.0,59.2,69,11,65508,41,65476,0,300,0,0,8,20529,65476,0,0,61604,60.0,0.0,0.0,0.0,0.0,0.0
2026-04-04T11:26:21,ERR,ERR,ERR,ERR,ERR,ERR,ERR,ERR,ERR,ERR,ERR,ERR,ERR,ERR,ERR,ERR,ERR,ERR,ERR,ERR,ERR,ERR,ERR,ERR,ERR,ERR,ERR,ERR,ERR,ERR,ERR,ERR,ERR,ERR,ERR,ERR,ERR,ERR,ERR,ERR,ERR,ERR,ERR,ERR,ERR,ERR,ERR,ERR,ERR,ERR,ERR,ERR,ERR,ERR,ERR,ERR,ERR,ERR,ERR,ERR,ERR,ERR,ERR,ERR,ERR,ERR,ERR,ERR,ERR,ERR,ERR,ERR,ERR,ERR,ERR,ERR,ERR,ERR,ERR,ERR,ERR,ERR,ERR,ERR,ERR,ERR,ERR,ERR,ERR,ERR,ERR,ERR,ERR,ERR,ERR,ERR,ERR,ERR,ERR,ERR,ERR,ERR,ERR,ERR,ERR,ERR,ERR,ERR,ERR,ERR,ERR,ERR,ERR,ERR,ERR,ERR,ERR,ERR,ERR,ERR,ERR,ERR,ERR,ERR,ERR,0.0,-0.0,-0.0,0.0,0.0,0.0,0.0,nan,0,0,0,32768,0,0.0,0,0.0,0.0,0.0,0.0,0.0,0,0,0,0,0.0,0,0,0,0,0,0,0,0,0,0,0,0,0,0,0,0,0,0,0,0,0,0,0,0,0,0,0,0,0,0,0,0,0,0,0,0,0,0,0,0,0,0,0,0,0.0,0.0,0.0,0.0,0.0,0.0,0.0,0.0,0.0,0.0,0.0,0.0,0.0,0.0,0.0,0.0,0.0,0.0,0.0,0.0,0.0,0.0,-2.004,-2.004,-2.004,2.004,0.0,0.0,0.0,0.0,3379.0,-8608107520.0,0.0,0.0,-0.0,-0.0,0.0,0.0,0.0,0.0,0.0,0,-0.059,-0.0,0.0,0.0,0.0,0.0,0.0,0.0,0.0,0,0,0,0.0,0.0,0.0,0.0,0.0,0.0,0.0,0.0,0.0,0.0,0.0,0.0,0.0,0.0,0.0,0.0,0,-107875648.0,0,0.0,0,-107875648.0,-107877712.0,0,13107,17039,39322,17053,39322,17037,0,0,0,110,100,100,2.7302334150594743e+23,64.0,0.0,64.9,-107615304.0,68.5,1,49,50,180,0,39322,0,0,0.0,0.0,0.0,0.0,-8.016,65.0,0.0,-0.0,0.0,645,0,688,0,0,0,717,0,788,0,708,0,689,0,645,0,642,0,616,0.032,42729472.0,0.0,2.7302316136196234e+23,35216,16788,-50399752.0,-0.0,0.0,0.0,-0.0,0.0,29.0,60.0,70,0.0,0.0,0.0,0.0,0.0,0.0,0.0,0.0,0.0,0.0,0.0,0.0,0.0,0.0,0.0,0.0,59.6,69,11,65508,41,65476,0,300,0,0,8,20529,65476,0,0,61604,60.0,0.0,0.0,0.0,0.0,0.0
2026-04-04T11:26:22,ERR,ERR,ERR,ERR,ERR,ERR,ERR,ERR,ERR,ERR,ERR,ERR,ERR,ERR,ERR,ERR,ERR,ERR,ERR,ERR,ERR,ERR,ERR,ERR,ERR,ERR,ERR,ERR,ERR,ERR,ERR,ERR,ERR,ERR,ERR,ERR,ERR,ERR,ERR,ERR,ERR,ERR,ERR,ERR,ERR,ERR,ERR,ERR,ERR,ERR,ERR,ERR,ERR,ERR,ERR,ERR,ERR,ERR,ERR,ERR,ERR,ERR,ERR,ERR,ERR,ERR,ERR,ERR,ERR,ERR,ERR,ERR,ERR,ERR,ERR,ERR,ERR,ERR,ERR,ERR,ERR,ERR,ERR,ERR,ERR,ERR,ERR,ERR,ERR,ERR,ERR,ERR,ERR,ERR,ERR,ERR,ERR,ERR,ERR,ERR,ERR,ERR,ERR,ERR,ERR,ERR,ERR,ERR,ERR,ERR,ERR,ERR,ERR,ERR,ERR,ERR,ERR,ERR,ERR,ERR,ERR,ERR,ERR,ERR,ERR,0.0,-0.0,-0.0,0.0,0.0,0.0,0.0,nan,0,0,0,32768,0,0.0,0,0.0,0.0,0.0,0.0,0.0,0,0,0,0,0.0,0,0,0,0,0,0,0,0,0,0,0,0,0,0,0,0,0,0,0,0,0,0,0,0,0,0,0,0,0,0,0,0,0,0,0,0,0,0,0,0,0,0,0,0,0.0,0.0,0.0,0.0,0.0,0.0,0.0,0.0,0.0,0.0,0.0,0.0,0.0,0.0,0.0,0.0,0.0,0.0,0.0,0.0,0.0,0.0,-2.004,-2.004,-2.004,2.004,0.0,0.0,0.0,0.0,3379.0,-8608107520.0,0.0,0.0,-0.0,-0.0,0.0,0.0,0.0,0.0,0.0,0,-0.059,-0.0,0.0,0.0,0.0,0.0,0.0,0.0,0.0,0,0,0,0.0,0.0,0.0,0.0,0.0,0.0,0.0,0.0,0.0,0.0,0.0,0.0,0.0,0.0,0.0,0.0,0,-107875648.0,0,0.0,0,-107875648.0,-107877712.0,0,13107,17039,39322,17053,39322,17037,0,0,0,110,100,100,2.7302334150594743e+23,64.0,0.0,64.9,-107615304.0,68.5,1,49,50,180,0,39322,0,0,0.0,0.0,0.0,0.0,-8.016,65.0,0.0,-0.0,0.0,645,0,688,0,0,0,717,0,788,0,708,0,689,0,645,0,642,0,616,0.032,42729472.0,0.0,2.7302316136196234e+23,35216,16788,-50399752.0,-0.0,0.0,0.0,-0.0,0.0,29.0,60.0,70,0.0,0.0,0.0,0.0,0.0,0.0,0.0,0.0,0.0,0.0,0.0,0.0,0.0,0.0,0.0,0.0,59.6,69,11,65508,41,65476,0,300,0,0,8,20529,65476,0,0,61604,60.0,0.0,0.0,0.0,0.0,0.0
2026-04-04T11:26:23,ERR,ERR,ERR,ERR,ERR,ERR,ERR,ERR,ERR,ERR,ERR,ERR,ERR,ERR,ERR,ERR,ERR,ERR,ERR,ERR,ERR,ERR,ERR,ERR,ERR,ERR,ERR,ERR,ERR,ERR,ERR,ERR,ERR,ERR,ERR,ERR,ERR,ERR,ERR,ERR,ERR,ERR,ERR,ERR,ERR,ERR,ERR,ERR,ERR,ERR,ERR,ERR,ERR,ERR,ERR,ERR,ERR,ERR,ERR,ERR,ERR,ERR,ERR,ERR,ERR,ERR,ERR,ERR,ERR,ERR,ERR,ERR,ERR,ERR,ERR,ERR,ERR,ERR,ERR,ERR,ERR,ERR,ERR,ERR,ERR,ERR,ERR,ERR,ERR,ERR,ERR,ERR,ERR,ERR,ERR,ERR,ERR,ERR,ERR,ERR,ERR,ERR,ERR,ERR,ERR,ERR,ERR,ERR,ERR,ERR,ERR,ERR,ERR,ERR,ERR,ERR,ERR,ERR,ERR,ERR,ERR,ERR,ERR,ERR,ERR,0.0,-0.0,-0.0,0.0,0.0,0.0,0.0,nan,0,0,0,32768,0,0.0,0,0.0,0.0,0.0,0.0,0.0,0,0,0,0,0.0,0,0,0,0,0,0,0,0,0,0,0,0,0,0,0,0,0,0,0,0,0,0,0,0,0,0,0,0,0,0,0,0,0,0,0,0,0,0,0,0,0,0,0,0,0.0,0.0,0.0,0.0,0.0,0.0,0.0,0.0,0.0,0.0,0.0,0.0,0.0,0.0,0.0,0.0,0.0,0.0,0.0,0.0,0.0,0.0,-2.004,-2.004,-2.004,2.004,0.0,0.0,0.0,0.0,3379.0,-8608107520.0,0.0,0.0,-0.0,-0.0,0.0,0.0,0.0,0.0,0.0,0,-0.059,-0.0,0.0,0.0,0.0,0.0,0.0,0.0,0.0,0,0,0,0.0,0.0,0.0,0.0,0.0,0.0,0.0,0.0,0.0,0.0,0.0,0.0,0.0,0.0,0.0,0.0,0,-107875648.0,0,0.0,0,-107875648.0,-107877712.0,0,13107,17039,39322,17053,39322,17037,0,0,0,110,100,100,2.7302334150594743e+23,64.0,0.0,64.9,-107615304.0,68.5,1,49,50,180,0,39322,0,0,0.0,0.0,0.0,0.0,-8.016,65.0,0.0,-0.0,0.0,645,0,688,0,0,0,717,0,788,0,708,0,689,0,645,0,642,0,616,0.032,42729472.0,0.0,2.7302316136196234e+23,35216,16788,-50399752.0,-0.0,0.0,0.0,-0.0,0.0,29.0,60.0,70,0.0,0.0,0.0,0.0,0.0,0.0,0.0,0.0,0.0,0.0,0.0,0.0,0.0,0.0,0.0,0.0,59.6,69,11,65508,41,65476,0,300,0,0,8,20529,65476,0,0,61604,60.0,0.0,0.0,0.0,0.0,0.0
2026-04-04T11:26:24,ERR,ERR,ERR,ERR,ERR,ERR,ERR,ERR,ERR,ERR,ERR,ERR,ERR,ERR,ERR,ERR,ERR,ERR,ERR,ERR,ERR,ERR,ERR,ERR,ERR,ERR,ERR,ERR,ERR,ERR,ERR,ERR,ERR,ERR,ERR,ERR,ERR,ERR,ERR,ERR,ERR,ERR,ERR,ERR,ERR,ERR,ERR,ERR,ERR,ERR,ERR,ERR,ERR,ERR,ERR,ERR,ERR,ERR,ERR,ERR,ERR,ERR,ERR,ERR,ERR,ERR,ERR,ERR,ERR,ERR,ERR,ERR,ERR,ERR,ERR,ERR,ERR,ERR,ERR,ERR,ERR,ERR,ERR,ERR,ERR,ERR,ERR,ERR,ERR,ERR,ERR,ERR,ERR,ERR,ERR,ERR,ERR,ERR,ERR,ERR,ERR,ERR,ERR,ERR,ERR,ERR,ERR,ERR,ERR,ERR,ERR,ERR,ERR,ERR,ERR,ERR,ERR,ERR,ERR,ERR,ERR,ERR,ERR,ERR,ERR,0.0,-0.0,-0.0,0.0,0.0,0.0,0.0,nan,0,0,0,32768,0,0.0,0,0.0,0.0,0.0,0.0,0.0,0,0,0,0,0.0,0,0,0,0,0,0,0,0,0,0,0,0,0,0,0,0,0,0,0,0,0,0,0,0,0,0,0,0,0,0,0,0,0,0,0,0,0,0,0,0,0,0,0,0,0.0,0.0,0.0,0.0,0.0,0.0,0.0,0.0,0.0,0.0,0.0,0.0,0.0,0.0,0.0,0.0,0.0,0.0,0.0,0.0,0.0,0.0,-2.004,-2.004,-2.004,2.004,0.0,0.0,0.0,0.0,3379.0,-8608107520.0,0.0,0.0,-0.0,-0.0,0.0,0.0,0.0,0.0,0.0,0,-0.059,-0.0,0.0,0.0,0.0,0.0,0.0,0.0,0.0,0,0,0,0.0,0.0,0.0,0.0,0.0,0.0,0.0,0.0,0.0,0.0,0.0,0.0,0.0,0.0,0.0,0.0,0,-107875648.0,0,0.0,0,-107875648.0,-107877712.0,0,13107,17039,39322,17053,39322,17037,0,0,0,110,100,100,2.7302334150594743e+23,64.0,0.0,64.9,-107615304.0,68.5,1,49,50,180,0,39322,0,0,0.0,0.0,0.0,0.0,-8.016,65.0,0.0,-0.0,0.0,645,0,688,0,0,0,717,0,788,0,708,0,689,0,645,0,642,0,616,0.032,42729472.0,0.0,2.7302316136196234e+23,35216,16788,-50399752.0,-0.0,0.0,0.0,-0.0,0.0,29.0,60.0,70,0.0,0.0,0.0,0.0,0.0,0.0,0.0,0.0,0.0,0.0,0.0,0.0,0.0,0.0,0.0,0.0,59.2,69,11,65508,41,65476,0,300,0,0,8,20529,65476,0,0,61604,60.0,0.0,0.0,0.0,0.0,0.0
2026-04-04T11:26:25,ERR,ERR,ERR,ERR,ERR,ERR,ERR,ERR,ERR,ERR,ERR,ERR,ERR,ERR,ERR,ERR,ERR,ERR,ERR,ERR,ERR,ERR,ERR,ERR,ERR,ERR,ERR,ERR,ERR,ERR,ERR,ERR,ERR,ERR,ERR,ERR,ERR,ERR,ERR,ERR,ERR,ERR,ERR,ERR,ERR,ERR,ERR,ERR,ERR,ERR,ERR,ERR,ERR,ERR,ERR,ERR,ERR,ERR,ERR,ERR,ERR,ERR,ERR,ERR,ERR,ERR,ERR,ERR,ERR,ERR,ERR,ERR,ERR,ERR,ERR,ERR,ERR,ERR,ERR,ERR,ERR,ERR,ERR,ERR,ERR,ERR,ERR,ERR,ERR,ERR,ERR,ERR,ERR,ERR,ERR,ERR,ERR,ERR,ERR,ERR,ERR,ERR,ERR,ERR,ERR,ERR,ERR,ERR,ERR,ERR,ERR,ERR,ERR,ERR,ERR,ERR,ERR,ERR,ERR,ERR,ERR,ERR,ERR,ERR,ERR,0.0,0.0,-101055584.0,0.0,0.0,0.0,0.0,nan,0,0,0,32768,0,0.0,0,0.0,0.0,0.0,0.0,0.0,0,0,0,0,0.0,0,0,0,0,0,0,0,0,0,0,0,0,0,0,0,0,0,0,0,0,0,0,0,0,0,0,0,0,0,0,0,0,0,0,0,0,0,0,0,0,0,0,0,0,0.0,0.0,0.0,0.0,0.0,0.0,0.0,0.0,0.0,0.0,0.0,0.0,0.0,0.0,0.0,0.0,0.0,0.0,0.0,0.0,0.0,0.0,-2.004,0.0,-2.004,2.004,0.0,0.0,0.0,0.0,3381.0,-1.5879155638041463e+29,0.0,0.0,-0.0,-0.0,0.0,0.0,0.0,0.0,0.0,0,-71.63,-0.0,0.0,0.0,0.0,0.0,0.0,0.0,0.0,0,0,0,0.0,0.0,0.0,0.0,0.0,0.0,0.0,0.0,0.0,0.0,0.0,0.0,0.0,0.0,0.0,0.0,0,-107875648.0,0,0.0,0,-107875648.0,-107877712.0,0,13107,17039,39322,17053,39322,17037,0,0,0,110,100,100,2.7302334150594743e+23,64.0,0.0,64.9,-107615304.0,68.5,1,49,50,180,0,39322,0,0,0.0,0.0,0.0,0.0,-8.016,65.0,0.0,-0.0,0.0,645,0,688,0,0,0,717,0,788,0,708,0,689,0,645,0,642,0,616,0.032,42729472.0,0.0,2.7302316136196234e+23,35216,16788,-50399752.0,-0.0,0.0,0.0,-0.0,0.0,29.0,60.0,70,0.0,0.0,0.0,0.0,0.0,0.0,0.0,0.0,0.0,0.0,0.0,0.0,0.0,0.0,0.0,0.0,59.2,69,11,65508,41,65476,0,300,0,0,8,20529,65476,0,0,61604,60.0,0.0,0.0,0.0,0.0,0.0
2026-04-04T11:26:26,ERR,ERR,ERR,ERR,ERR,ERR,ERR,ERR,ERR,ERR,ERR,ERR,ERR,ERR,ERR,ERR,ERR,ERR,ERR,ERR,ERR,ERR,ERR,ERR,ERR,ERR,ERR,ERR,ERR,ERR,ERR,ERR,ERR,ERR,ERR,ERR,ERR,ERR,ERR,ERR,ERR,ERR,ERR,ERR,ERR,ERR,ERR,ERR,ERR,ERR,ERR,ERR,ERR,ERR,ERR,ERR,ERR,ERR,ERR,ERR,ERR,ERR,ERR,ERR,ERR,ERR,ERR,ERR,ERR,ERR,ERR,ERR,ERR,ERR,ERR,ERR,ERR,ERR,ERR,ERR,ERR,ERR,ERR,ERR,ERR,ERR,ERR,ERR,ERR,ERR,ERR,ERR,ERR,ERR,ERR,ERR,ERR,ERR,ERR,ERR,ERR,ERR,ERR,ERR,ERR,ERR,ERR,ERR,ERR,ERR,ERR,ERR,ERR,ERR,ERR,ERR,ERR,ERR,ERR,ERR,ERR,ERR,ERR,ERR,ERR,0.0,0.0,-101055584.0,0.0,0.0,0.0,0.0,nan,0,0,0,32768,0,0.0,0,0.0,0.0,0.0,0.0,0.0,0,0,0,0,0.0,0,0,0,0,0,0,0,0,0,0,0,0,0,0,0,0,0,0,0,0,0,0,0,0,0,0,0,0,0,0,0,0,0,0,0,0,0,0,0,0,0,0,0,0,0.0,0.0,0.0,0.0,0.0,0.0,0.0,0.0,0.0,0.0,0.0,0.0,0.0,0.0,0.0,0.0,0.0,0.0,0.0,0.0,0.0,0.0,-2.004,0.0,-2.004,2.004,0.0,0.0,0.0,0.0,3381.0,-1.5879155638041463e+29,0.0,0.0,-0.0,-0.0,0.0,0.0,0.0,0.0,0.0,0,-71.63,-0.0,0.0,0.0,0.0,0.0,0.0,0.0,0.0,0,0,0,0.0,0.0,0.0,0.0,0.0,0.0,0.0,0.0,0.0,0.0,0.0,0.0,0.0,0.0,0.0,0.0,0,-107875648.0,0,0.0,0,-107875648.0,-107877712.0,0,13107,17039,39322,17053,39322,17037,0,0,0,110,100,100,2.7302334150594743e+23,64.0,0.0,64.9,-107615304.0,68.5,1,49,50,180,0,39322,0,0,0.0,0.0,0.0,0.0,-8.016,65.0,0.0,-0.0,0.0,645,0,688,0,0,0,717,0,788,0,708,0,689,0,645,0,642,0,616,0.032,42729472.0,0.0,2.7302316136196234e+23,35216,16788,-50399752.0,-0.0,0.0,0.0,-0.0,0.0,29.0,60.0,70,0.0,0.0,0.0,0.0,0.0,0.0,0.0,0.0,0.0,0.0,0.0,0.0,0.0,0.0,0.0,0.0,59.2,69,11,65508,41,65476,0,300,0,0,8,20529,65476,0,0,61604,60.0,0.0,0.0,0.0,0.0,0.0
2026-04-04T11:26:27,ERR,ERR,ERR,ERR,ERR,ERR,ERR,ERR,ERR,ERR,ERR,ERR,ERR,ERR,ERR,ERR,ERR,ERR,ERR,ERR,ERR,ERR,ERR,ERR,ERR,ERR,ERR,ERR,ERR,ERR,ERR,ERR,ERR,ERR,ERR,ERR,ERR,ERR,ERR,ERR,ERR,ERR,ERR,ERR,ERR,ERR,ERR,ERR,ERR,ERR,ERR,ERR,ERR,ERR,ERR,ERR,ERR,ERR,ERR,ERR,ERR,ERR,ERR,ERR,ERR,ERR,ERR,ERR,ERR,ERR,ERR,ERR,ERR,ERR,ERR,ERR,ERR,ERR,ERR,ERR,ERR,ERR,ERR,ERR,ERR,ERR,ERR,ERR,ERR,ERR,ERR,ERR,ERR,ERR,ERR,ERR,ERR,ERR,ERR,ERR,ERR,ERR,ERR,ERR,ERR,ERR,ERR,ERR,ERR,ERR,ERR,ERR,ERR,ERR,ERR,ERR,ERR,ERR,ERR,ERR,ERR,ERR,ERR,ERR,ERR,0.0,0.0,-101055584.0,0.0,0.0,0.0,0.0,nan,0,0,0,32768,0,0.0,0,0.0,0.0,0.0,0.0,0.0,0,0,0,0,0.0,0,0,0,0,0,0,0,0,0,0,0,0,0,0,0,0,0,0,0,0,0,0,0,0,0,0,0,0,0,0,0,0,0,0,0,0,0,0,0,0,0,0,0,0,0.0,0.0,0.0,0.0,0.0,0.0,0.0,0.0,0.0,0.0,0.0,0.0,0.0,0.0,0.0,0.0,0.0,0.0,0.0,0.0,0.0,0.0,-2.004,0.0,-2.004,2.004,0.0,0.0,0.0,0.0,3381.0,-1.5879155638041463e+29,0.0,0.0,-0.0,-0.0,0.0,0.0,0.0,0.0,0.0,0,-71.63,-0.0,0.0,0.0,0.0,0.0,0.0,0.0,0.0,0,0,0,0.0,0.0,0.0,0.0,0.0,0.0,0.0,0.0,0.0,0.0,0.0,0.0,0.0,0.0,0.0,0.0,0,-107875648.0,0,0.0,0,-107875648.0,-107877712.0,0,13107,17039,39322,17053,39322,17037,0,0,0,110,100,100,2.7302334150594743e+23,64.0,0.0,64.9,-107615304.0,68.5,1,49,50,180,0,39322,0,0,0.0,0.0,0.0,0.0,-1.7025056390252518e+24,65.0,0.0,1570831872.0,0.0,645,0,688,0,0,0,716,0,788,0,708,0,689,0,645,0,642,0,616,0.032,53739520.0,0.0,2.7302316136196234e+23,52880,16788,-9.176836893059282e+28,-0.0,1.0791525427105183e+22,0.0,-8.370770010951384e+23,2.2596129208482603e+32,29.0,60.0,70,0.0,0.0,0.0,0.0,0.0,0.0,0.0,0.0,0.0,0.0,0.0,0.0,0.0,0.0,0.0,0.0,59.2,69,11,65508,41,65476,0,300,0,0,8,20529,65476,0,0,61604,60.0,0.0,0.0,0.0,0.0,0.0
2026-04-04T11:26:28,ERR,ERR,ERR,ERR,ERR,ERR,ERR,ERR,ERR,ERR,ERR,ERR,ERR,ERR,ERR,ERR,ERR,ERR,ERR,ERR,ERR,ERR,ERR,ERR,ERR,ERR,ERR,ERR,ERR,ERR,ERR,ERR,ERR,ERR,ERR,ERR,ERR,ERR,ERR,ERR,ERR,ERR,ERR,ERR,ERR,ERR,ERR,ERR,ERR,ERR,ERR,ERR,ERR,ERR,ERR,ERR,ERR,ERR,ERR,ERR,ERR,ERR,ERR,ERR,ERR,ERR,ERR,ERR,ERR,ERR,ERR,ERR,ERR,ERR,ERR,ERR,ERR,ERR,ERR,ERR,ERR,ERR,ERR,ERR,ERR,ERR,ERR,ERR,ERR,ERR,ERR,ERR,ERR,ERR,ERR,ERR,ERR,ERR,ERR,ERR,ERR,ERR,ERR,ERR,ERR,ERR,ERR,ERR,ERR,ERR,ERR,ERR,ERR,ERR,ERR,ERR,ERR,ERR,ERR,ERR,ERR,ERR,ERR,ERR,ERR,0.0,0.0,-101055584.0,0.0,0.0,0.0,0.0,nan,0,0,0,32768,0,0.0,0,0.0,0.0,0.0,0.0,0.0,0,0,0,0,0.0,0,0,0,0,0,0,0,0,0,0,0,0,0,0,0,0,0,0,0,0,0,0,0,0,0,0,0,0,0,0,0,0,0,0,0,0,0,0,0,0,0,0,0,0,0.0,0.0,0.0,0.0,0.0,0.0,0.0,0.0,0.0,0.0,0.0,0.0,0.0,0.0,0.0,0.0,0.0,0.0,0.0,0.0,0.0,0.0,-2.004,0.0,-2.004,2.004,0.0,0.0,0.0,0.0,3381.0,-1.5879155638041463e+29,0.0,0.0,-0.0,-0.0,0.0,0.0,0.0,0.0,0.0,0,-71.63,-0.0,0.0,0.0,0.0,0.0,0.0,0.0,0.0,0,0,0,0.0,0.0,0.0,0.0,0.0,0.0,0.0,0.0,0.0,0.0,0.0,0.0,0.0,0.0,0.0,0.0,0,-107875648.0,0,0.0,0,-107875648.0,-107877712.0,0,13107,17039,39322,17053,39322,17037,0,0,0,110,100,100,2.7302334150594743e+23,64.0,0.0,64.9,-107615304.0,68.5,1,49,50,180,0,39322,0,0,0.0,0.0,0.0,0.0,-1.7025056390252518e+24,65.0,0.0,1570831872.0,0.0,645,0,688,0,0,0,716,0,788,0,708,0,689,0,645,0,642,0,616,0.032,53739520.0,0.0,2.7302316136196234e+23,52880,16788,-9.176836893059282e+28,-0.0,1.0791525427105183e+22,0.0,-8.370770010951384e+23,2.2596129208482603e+32,29.0,60.0,70,0.0,0.0,0.0,0.0,0.0,0.0,0.0,0.0,0.0,0.0,0.0,0.0,0.0,0.0,0.0,0.0,59.2,69,11,65508,41,65476,0,300,0,0,8,20529,65476,0,0,61604,60.0,0.0,0.0,0.0,0.0,0.0
2026-04-04T11:26:29,ERR,ERR,ERR,ERR,ERR,ERR,ERR,ERR,ERR,ERR,ERR,ERR,ERR,ERR,ERR,ERR,ERR,ERR,ERR,ERR,ERR,ERR,ERR,ERR,ERR,ERR,ERR,ERR,ERR,ERR,ERR,ERR,ERR,ERR,ERR,ERR,ERR,ERR,ERR,ERR,ERR,ERR,ERR,ERR,ERR,ERR,ERR,ERR,ERR,ERR,ERR,ERR,ERR,ERR,ERR,ERR,ERR,ERR,ERR,ERR,ERR,ERR,ERR,ERR,ERR,ERR,ERR,ERR,ERR,ERR,ERR,ERR,ERR,ERR,ERR,ERR,ERR,ERR,ERR,ERR,ERR,ERR,ERR,ERR,ERR,ERR,ERR,ERR,ERR,ERR,ERR,ERR,ERR,ERR,ERR,ERR,ERR,ERR,ERR,ERR,ERR,ERR,ERR,ERR,ERR,ERR,ERR,ERR,ERR,ERR,ERR,ERR,ERR,ERR,ERR,ERR,ERR,ERR,ERR,ERR,ERR,ERR,ERR,ERR,ERR,0.0,0.0,-101055584.0,0.0,0.0,0.0,0.0,nan,0,0,0,32768,0,0.0,0,0.0,0.0,0.0,0.0,0.0,0,0,0,0,0.0,0,0,0,0,0,0,0,0,0,0,0,0,0,0,0,0,0,0,0,0,0,0,0,0,0,0,0,0,0,0,0,0,0,0,0,0,0,0,0,0,0,0,0,0,0.0,0.0,0.0,0.0,0.0,0.0,0.0,0.0,0.0,0.0,0.0,0.0,0.0,0.0,0.0,0.0,0.0,0.0,0.0,0.0,0.0,0.0,-2.004,0.0,-2.004,2.004,0.0,0.0,0.0,0.0,3381.0,-1.5879155638041463e+29,0.0,0.0,-0.0,-0.0,0.0,0.0,0.0,0.0,0.0,0,-71.63,-0.0,0.0,0.0,0.0,0.0,0.0,0.0,0.0,0,0,0,0.0,0.0,0.0,0.0,0.0,0.0,0.0,0.0,0.0,0.0,0.0,0.0,0.0,0.0,0.0,0.0,0,-107875648.0,0,0.0,0,-107875648.0,-107877712.0,0,13107,17039,39322,17053,39322,17037,0,0,0,110,100,100,2.7302334150594743e+23,64.0,0.0,64.9,-107615304.0,68.5,1,49,50,180,0,39322,0,0,0.0,0.0,0.0,0.0,-1.7025056390252518e+24,65.0,0.0,1570831872.0,0.0,645,0,688,0,0,0,716,0,788,0,708,0,689,0,645,0,642,0,616,0.032,53739520.0,0.0,2.7302316136196234e+23,52880,16788,-9.176836893059282e+28,-0.0,1.0791525427105183e+22,0.0,-8.370770010951384e+23,2.2596129208482603e+32,29.0,60.0,70,0.0,0.0,0.0,0.0,0.0,0.0,0.0,0.0,0.0,0.0,0.0,0.0,0.0,0.0,0.0,0.0,59.2,69,11,65508,41,65476,0,300,0,0,8,20529,65476,0,0,61604,60.0,0.0,0.0,0.0,0.0,0.0
2026-04-04T11:26:30,ERR,ERR,ERR,ERR,ERR,ERR,ERR,ERR,ERR,ERR,ERR,ERR,ERR,ERR,ERR,ERR,ERR,ERR,ERR,ERR,ERR,ERR,ERR,ERR,ERR,ERR,ERR,ERR,ERR,ERR,ERR,ERR,ERR,ERR,ERR,ERR,ERR,ERR,ERR,ERR,ERR,ERR,ERR,ERR,ERR,ERR,ERR,ERR,ERR,ERR,ERR,ERR,ERR,ERR,ERR,ERR,ERR,ERR,ERR,ERR,ERR,ERR,ERR,ERR,ERR,ERR,ERR,ERR,ERR,ERR,ERR,ERR,ERR,ERR,ERR,ERR,ERR,ERR,ERR,ERR,ERR,ERR,ERR,ERR,ERR,ERR,ERR,ERR,ERR,ERR,ERR,ERR,ERR,ERR,ERR,ERR,ERR,ERR,ERR,ERR,ERR,ERR,ERR,ERR,ERR,ERR,ERR,ERR,ERR,ERR,ERR,ERR,ERR,ERR,ERR,ERR,ERR,ERR,ERR,ERR,ERR,ERR,ERR,ERR,ERR,0.0,0.0,-101055584.0,0.0,0.0,0.0,0.0,nan,0,0,0,32768,0,0.0,0,0.0,0.0,0.0,0.0,0.0,0,0,0,0,0.0,0,0,0,0,0,0,0,0,0,0,0,0,0,0,0,0,0,0,0,0,0,0,0,0,0,0,0,0,0,0,0,0,0,0,0,0,0,0,0,0,0,0,0,0,0.0,0.0,0.0,0.0,0.0,0.0,0.0,0.0,0.0,0.0,0.0,0.0,0.0,0.0,0.0,0.0,0.0,0.0,0.0,0.0,0.0,0.0,-2.004,0.0,-2.004,2.004,0.0,0.0,0.0,0.0,3381.0,-1.5879155638041463e+29,0.0,0.0,-0.0,-0.0,0.0,0.0,0.0,0.0,0.0,0,-71.63,-0.0,0.0,0.0,0.0,0.0,0.0,0.0,0.0,0,0,0,0.0,0.0,0.0,0.0,0.0,0.0,0.0,0.0,0.0,0.0,0.0,0.0,0.0,0.0,0.0,0.0,0,-107875648.0,0,0.0,0,-107875648.0,-107877712.0,0,13107,17039,39322,17053,39322,17037,0,0,0,110,100,100,2.7302334150594743e+23,64.0,0.0,64.9,-107615304.0,68.5,1,49,50,180,0,39322,0,0,0.0,0.0,0.0,0.0,-1.7025056390252518e+24,65.0,0.0,1570831872.0,0.0,645,0,688,0,0,0,716,0,788,0,708,0,689,0,645,0,642,0,616,0.032,53739520.0,0.0,2.7302316136196234e+23,52880,16788,-9.176836893059282e+28,-0.0,1.0791525427105183e+22,0.0,-8.370770010951384e+23,2.2596129208482603e+32,29.0,60.0,70,0.0,0.0,0.0,0.0,0.0,0.0,0.0,0.0,0.0,0.0,0.0,0.0,0.0,0.0,0.0,0.0,59.2,69,11,65508,41,65476,0,300,0,0,8,20529,65476,0,0,61604,60.0,0.0,0.0,0.0,0.0,0.0
2026-04-04T11:26:31,ERR,ERR,ERR,ERR,ERR,ERR,ERR,ERR,ERR,ERR,ERR,ERR,ERR,ERR,ERR,ERR,ERR,ERR,ERR,ERR,ERR,ERR,ERR,ERR,ERR,ERR,ERR,ERR,ERR,ERR,ERR,ERR,ERR,ERR,ERR,ERR,ERR,ERR,ERR,ERR,ERR,ERR,ERR,ERR,ERR,ERR,ERR,ERR,ERR,ERR,ERR,ERR,ERR,ERR,ERR,ERR,ERR,ERR,ERR,ERR,ERR,ERR,ERR,ERR,ERR,ERR,ERR,ERR,ERR,ERR,ERR,ERR,ERR,ERR,ERR,ERR,ERR,ERR,ERR,ERR,ERR,ERR,ERR,ERR,ERR,ERR,ERR,ERR,ERR,ERR,ERR,ERR,ERR,ERR,ERR,ERR,ERR,ERR,ERR,ERR,ERR,ERR,ERR,ERR,ERR,ERR,ERR,ERR,ERR,ERR,ERR,ERR,ERR,ERR,ERR,ERR,ERR,ERR,ERR,ERR,ERR,ERR,ERR,ERR,ERR,0.0,0.0,-101055584.0,0.0,0.0,0.0,0.0,nan,0,0,0,32768,0,0.0,0,0.0,0.0,0.0,0.0,0.0,0,0,0,0,0.0,0,0,0,0,0,0,0,0,0,0,0,0,0,0,0,0,0,0,0,0,0,0,0,0,0,0,0,0,0,0,0,0,0,0,0,0,0,0,0,0,0,0,0,0,0.0,0.0,0.0,0.0,0.0,0.0,0.0,0.0,0.0,0.0,0.0,0.0,0.0,0.0,0.0,0.0,0.0,0.0,0.0,0.0,0.0,0.0,-2.004,0.0,-2.004,2.004,0.0,0.0,0.0,0.0,3381.0,-1.5879155638041463e+29,0.0,0.0,-0.0,-0.0,0.0,0.0,0.0,0.0,0.0,0,-71.63,-0.0,0.0,0.0,0.0,0.0,0.0,0.0,0.0,0,0,0,0.0,0.0,0.0,0.0,0.0,0.0,0.0,0.0,0.0,0.0,0.0,0.0,0.0,0.0,0.0,0.0,0,-107875648.0,0,0.0,0,-107875648.0,-107877712.0,0,13107,17039,39322,17053,39322,17037,0,0,0,110,100,100,2.7302334150594743e+23,64.0,0.0,64.9,-107615304.0,68.5,1,49,50,180,0,39322,0,0,0.0,0.0,0.0,0.0,-1.7025056390252518e+24,65.0,0.0,1570831872.0,0.0,645,0,688,0,0,0,716,0,788,0,708,0,689,0,645,0,642,0,616,0.032,53739520.0,0.0,2.7302316136196234e+23,52880,16788,-9.176836893059282e+28,-0.0,1.0791525427105183e+22,0.0,-8.370770010951384e+23,2.2596129208482603e+32,29.0,60.0,70,0.0,0.0,0.0,0.0,0.0,0.0,0.0,0.0,0.0,0.0,0.0,0.0,0.0,0.0,0.0,0.0,59.2,69,11,65508,41,65476,0,300,0,0,8,20529,65476,0,0,61604,60.0,0.0,0.0,0.0,0.0,0.0
2026-04-04T11:26:32,ERR,ERR,ERR,ERR,ERR,ERR,ERR,ERR,ERR,ERR,ERR,ERR,ERR,ERR,ERR,ERR,ERR,ERR,ERR,ERR,ERR,ERR,ERR,ERR,ERR,ERR,ERR,ERR,ERR,ERR,ERR,ERR,ERR,ERR,ERR,ERR,ERR,ERR,ERR,ERR,ERR,ERR,ERR,ERR,ERR,ERR,ERR,ERR,ERR,ERR,ERR,ERR,ERR,ERR,ERR,ERR,ERR,ERR,ERR,ERR,ERR,ERR,ERR,ERR,ERR,ERR,ERR,ERR,ERR,ERR,ERR,ERR,ERR,ERR,ERR,ERR,ERR,ERR,ERR,ERR,ERR,ERR,ERR,ERR,ERR,ERR,ERR,ERR,ERR,ERR,ERR,ERR,ERR,ERR,ERR,ERR,ERR,ERR,ERR,ERR,ERR,ERR,ERR,ERR,ERR,ERR,ERR,ERR,ERR,ERR,ERR,ERR,ERR,ERR,ERR,ERR,ERR,ERR,ERR,ERR,ERR,ERR,ERR,ERR,ERR,0.0,0.0,-101055584.0,0.0,0.0,0.0,0.0,nan,0,0,0,32768,0,0.0,0,0.0,0.0,0.0,0.0,0.0,0,0,0,0,0.0,0,0,0,0,0,0,0,0,0,0,0,0,0,0,0,0,0,0,0,0,0,0,0,0,0,0,0,0,0,0,0,0,0,0,0,0,0,0,0,0,0,0,0,0,0.0,0.0,0.0,0.0,0.0,0.0,0.0,0.0,0.0,0.0,0.0,0.0,0.0,0.0,0.0,0.0,0.0,0.0,0.0,0.0,0.0,0.0,-2.004,0.0,-2.004,2.004,0.0,0.0,0.0,0.0,3381.0,-1.5879155638041463e+29,0.0,0.0,-0.0,-0.0,0.0,0.0,0.0,0.0,0.0,0,-71.63,-0.0,0.0,0.0,0.0,0.0,0.0,0.0,0.0,0,0,0,0.0,0.0,0.0,0.0,0.0,0.0,0.0,0.0,0.0,0.0,0.0,0.0,0.0,0.0,0.0,0.0,0,-107875648.0,0,0.0,0,-107875648.0,-107877712.0,0,13107,17039,39322,17053,39322,17037,0,0,0,110,100,100,2.7302334150594743e+23,64.0,0.0,64.9,-107615304.0,68.5,1,49,50,180,0,39322,0,0,0.0,0.0,0.0,0.0,-1.7025056390252518e+24,65.0,0.0,1570831872.0,0.0,645,0,688,0,0,0,716,0,788,0,708,0,689,0,645,0,642,0,616,0.032,53739520.0,0.0,2.7302316136196234e+23,52880,16788,-9.176836893059282e+28,-0.0,1.0791525427105183e+22,0.0,-8.370770010951384e+23,2.2596129208482603e+32,29.0,60.0,70,0.0,0.0,0.0,0.0,0.0,0.0,0.0,0.0,0.0,0.0,0.0,0.0,0.0,0.0,0.0,0.0,59.2,69,11,65508,41,65476,0,300,0,0,8,20529,65476,0,0,61604,60.0,0.0,0.0,0.0,0.0,0.0
2026-04-04T11:26:33,ERR,ERR,ERR,ERR,ERR,ERR,ERR,ERR,ERR,ERR,ERR,ERR,ERR,ERR,ERR,ERR,ERR,ERR,ERR,ERR,ERR,ERR,ERR,ERR,ERR,ERR,ERR,ERR,ERR,ERR,ERR,ERR,ERR,ERR,ERR,ERR,ERR,ERR,ERR,ERR,ERR,ERR,ERR,ERR,ERR,ERR,ERR,ERR,ERR,ERR,ERR,ERR,ERR,ERR,ERR,ERR,ERR,ERR,ERR,ERR,ERR,ERR,ERR,ERR,ERR,ERR,ERR,ERR,ERR,ERR,ERR,ERR,ERR,ERR,ERR,ERR,ERR,ERR,ERR,ERR,ERR,ERR,ERR,ERR,ERR,ERR,ERR,ERR,ERR,ERR,ERR,ERR,ERR,ERR,ERR,ERR,ERR,ERR,ERR,ERR,ERR,ERR,ERR,ERR,ERR,ERR,ERR,ERR,ERR,ERR,ERR,ERR,ERR,ERR,ERR,ERR,ERR,ERR,ERR,ERR,ERR,ERR,ERR,ERR,ERR,0.0,0.0,-101055584.0,0.0,0.0,0.0,0.0,nan,0,0,0,32768,0,0.0,0,0.0,0.0,0.0,0.0,0.0,0,0,0,0,0.0,0,0,0,0,0,0,0,0,0,0,0,0,0,0,0,0,0,0,0,0,0,0,0,0,0,0,0,0,0,0,0,0,0,0,0,0,0,0,0,0,0,0,0,0,0.0,0.0,0.0,0.0,0.0,0.0,0.0,0.0,0.0,0.0,0.0,0.0,0.0,0.0,0.0,0.0,0.0,0.0,0.0,0.0,0.0,0.0,-2.004,0.0,-2.004,2.004,0.0,0.0,0.0,0.0,3381.0,-1.5879155638041463e+29,0.0,0.0,-0.0,-0.0,0.0,0.0,0.0,0.0,0.0,0,-71.63,-0.0,0.0,0.0,0.0,0.0,0.0,0.0,0.0,0,0,0,0.0,0.0,0.0,0.0,0.0,0.0,0.0,0.0,0.0,0.0,0.0,0.0,0.0,0.0,0.0,0.0,0,-107875648.0,0,0.0,0,-107875648.0,-107877712.0,0,13107,17039,39322,17053,39322,17037,0,0,0,110,100,100,2.7302334150594743e+23,64.0,0.0,64.9,-107615304.0,68.5,1,49,50,180,0,39322,0,0,0.0,0.0,0.0,0.0,-1.4080618584183144e+20,65.0,0.0,0.0,0.0,645,0,688,0,0,0,716,0,788,0,709,0,689,0,645,0,642,0,616,0.032,42205184.0,0.0,2.7302316136196234e+23,30352,16788,-13841860608.0,1.597019417467686e+30,-1.8242476638114682e+31,-4.0418417383853645e+29,-0.0,0.0,29.0,60.0,70,0.0,0.0,0.0,0.0,0.0,0.0,0.0,0.0,0.0,0.0,0.0,0.0,0.0,0.0,0.0,0.0,59.2,69,11,65508,41,65476,0,300,0,0,8,20529,65476,0,0,61604,60.0,0.0,0.0,0.0,0.0,0.0
2026-04-04T11:26:34,ERR,ERR,ERR,ERR,ERR,ERR,ERR,ERR,ERR,ERR,ERR,ERR,ERR,ERR,ERR,ERR,ERR,ERR,ERR,ERR,ERR,ERR,ERR,ERR,ERR,ERR,ERR,ERR,ERR,ERR,ERR,ERR,ERR,ERR,ERR,ERR,ERR,ERR,ERR,ERR,ERR,ERR,ERR,ERR,ERR,ERR,ERR,ERR,ERR,ERR,ERR,ERR,ERR,ERR,ERR,ERR,ERR,ERR,ERR,ERR,ERR,ERR,ERR,ERR,ERR,ERR,ERR,ERR,ERR,ERR,ERR,ERR,ERR,ERR,ERR,ERR,ERR,ERR,ERR,ERR,ERR,ERR,ERR,ERR,ERR,ERR,ERR,ERR,ERR,ERR,ERR,ERR,ERR,ERR,ERR,ERR,ERR,ERR,ERR,ERR,ERR,ERR,ERR,ERR,ERR,ERR,ERR,ERR,ERR,ERR,ERR,ERR,ERR,ERR,ERR,ERR,ERR,ERR,ERR,ERR,ERR,ERR,ERR,ERR,ERR,0.0,0.0,-101055584.0,0.0,0.0,0.0,0.0,nan,0,0,0,32768,0,0.0,0,0.0,0.0,0.0,0.0,0.0,0,0,0,0,0.0,0,0,0,0,0,0,0,0,0,0,0,0,0,0,0,0,0,0,0,0,0,0,0,0,0,0,0,0,0,0,0,0,0,0,0,0,0,0,0,0,0,0,0,0,0.0,0.0,0.0,0.0,0.0,0.0,0.0,0.0,0.0,0.0,0.0,0.0,0.0,0.0,0.0,0.0,0.0,0.0,0.0,0.0,0.0,0.0,-2.004,-2.004,-2.004,2.004,0.0,0.0,0.0,0.0,3378.5,-3.697154027885167e+19,0.0,0.0,0.0,-0.0,0.0,0.0,0.0,0.0,0.0,0,-0.0,-107614264.0,0.0,0.0,0.0,0.0,0.0,0.0,0.0,0,0,0,0.0,0.0,0.0,0.0,0.0,0.0,0.0,0.0,0.0,0.0,0.0,0.0,0.0,0.0,0.0,0.0,0,-107875648.0,0,0.0,0,-107875648.0,-107877712.0,0,13107,17039,39322,17053,39322,17037,0,0,0,110,100,100,2.7302334150594743e+23,64.0,0.0,64.9,-107615304.0,68.5,1,49,50,180,0,39322,0,0,0.0,0.0,0.0,0.0,-1.4080618584183144e+20,65.0,0.0,0.0,0.0,645,0,688,0,0,0,716,0,788,0,709,0,689,0,645,0,642,0,616,0.032,42205184.0,0.0,2.7302316136196234e+23,30352,16788,-13841860608.0,1.597019417467686e+30,-1.8242476638114682e+31,-4.0418417383853645e+29,-0.0,0.0,29.0,60.0,70,0.0,0.0,0.0,0.0,0.0,0.0,0.0,0.0,0.0,0.0,0.0,0.0,0.0,0.0,0.0,0.0,59.2,69,11,65508,41,65476,0,300,0,0,8,20529,65476,0,0,61604,60.0,0.0,0.0,0.0,0.0,0.0
2026-04-04T11:26:35,ERR,ERR,ERR,ERR,ERR,ERR,ERR,ERR,ERR,ERR,ERR,ERR,ERR,ERR,ERR,ERR,ERR,ERR,ERR,ERR,ERR,ERR,ERR,ERR,ERR,ERR,ERR,ERR,ERR,ERR,ERR,ERR,ERR,ERR,ERR,ERR,ERR,ERR,ERR,ERR,ERR,ERR,ERR,ERR,ERR,ERR,ERR,ERR,ERR,ERR,ERR,ERR,ERR,ERR,ERR,ERR,ERR,ERR,ERR,ERR,ERR,ERR,ERR,ERR,ERR,ERR,ERR,ERR,ERR,ERR,ERR,ERR,ERR,ERR,ERR,ERR,ERR,ERR,ERR,ERR,ERR,ERR,ERR,ERR,ERR,ERR,ERR,ERR,ERR,ERR,ERR,ERR,ERR,ERR,ERR,ERR,ERR,ERR,ERR,ERR,ERR,ERR,ERR,ERR,ERR,ERR,ERR,ERR,ERR,ERR,ERR,ERR,ERR,ERR,ERR,ERR,ERR,ERR,ERR,ERR,ERR,ERR,ERR,ERR,ERR,0.0,0.0,-101055584.0,0.0,0.0,0.0,0.0,nan,0,0,0,32768,0,0.0,0,0.0,0.0,0.0,0.0,0.0,0,0,0,0,0.0,0,0,0,0,0,0,0,0,0,0,0,0,0,0,0,0,0,0,0,0,0,0,0,0,0,0,0,0,0,0,0,0,0,0,0,0,0,0,0,0,0,0,0,0,0.0,0.0,0.0,0.0,0.0,0.0,0.0,0.0,0.0,0.0,0.0,0.0,0.0,0.0,0.0,0.0,0.0,0.0,0.0,0.0,0.0,0.0,-2.004,-2.004,-2.004,2.004,0.0,0.0,0.0,0.0,3378.5,-3.697154027885167e+19,0.0,0.0,0.0,-0.0,0.0,0.0,0.0,0.0,0.0,0,-0.0,-107614264.0,0.0,0.0,0.0,0.0,0.0,0.0,0.0,0,0,0,0.0,0.0,0.0,0.0,0.0,0.0,0.0,0.0,0.0,0.0,0.0,0.0,0.0,0.0,0.0,0.0,0,-107875648.0,0,0.0,0,-107875648.0,-107877712.0,0,13107,17039,39322,17053,39322,17037,0,0,0,110,100,100,2.7302334150594743e+23,64.0,0.0,64.9,-107615304.0,68.5,1,49,50,180,0,39322,0,0,0.0,0.0,0.0,0.0,-1.4080618584183144e+20,65.0,0.0,0.0,0.0,645,0,688,0,0,0,716,0,788,0,709,0,689,0,645,0,642,0,616,0.032,42205184.0,0.0,2.7302316136196234e+23,30352,16788,-13841860608.0,1.597019417467686e+30,-1.8242476638114682e+31,-4.0418417383853645e+29,-0.0,0.0,29.0,60.0,70,0.0,0.0,0.0,0.0,0.0,0.0,0.0,0.0,0.0,0.0,0.0,0.0,0.0,0.0,0.0,0.0,59.2,69,11,65508,41,65476,0,300,0,0,8,20529,65476,0,0,61604,60.0,0.0,0.0,0.0,0.0,0.0
2026-04-04T11:26:36,ERR,ERR,ERR,ERR,ERR,ERR,ERR,ERR,ERR,ERR,ERR,ERR,ERR,ERR,ERR,ERR,ERR,ERR,ERR,ERR,ERR,ERR,ERR,ERR,ERR,ERR,ERR,ERR,ERR,ERR,ERR,ERR,ERR,ERR,ERR,ERR,ERR,ERR,ERR,ERR,ERR,ERR,ERR,ERR,ERR,ERR,ERR,ERR,ERR,ERR,ERR,ERR,ERR,ERR,ERR,ERR,ERR,ERR,ERR,ERR,ERR,ERR,ERR,ERR,ERR,ERR,ERR,ERR,ERR,ERR,ERR,ERR,ERR,ERR,ERR,ERR,ERR,ERR,ERR,ERR,ERR,ERR,ERR,ERR,ERR,ERR,ERR,ERR,ERR,ERR,ERR,ERR,ERR,ERR,ERR,ERR,ERR,ERR,ERR,ERR,ERR,ERR,ERR,ERR,ERR,ERR,ERR,ERR,ERR,ERR,ERR,ERR,ERR,ERR,ERR,ERR,ERR,ERR,ERR,ERR,ERR,ERR,ERR,ERR,ERR,0.0,0.0,-101055584.0,0.0,0.0,0.0,0.0,nan,0,0,0,32768,0,0.0,0,0.0,0.0,0.0,0.0,0.0,0,0,0,0,0.0,0,0,0,0,0,0,0,0,0,0,0,0,0,0,0,0,0,0,0,0,0,0,0,0,0,0,0,0,0,0,0,0,0,0,0,0,0,0,0,0,0,0,0,0,0.0,0.0,0.0,0.0,0.0,0.0,0.0,0.0,0.0,0.0,0.0,0.0,0.0,0.0,0.0,0.0,0.0,0.0,0.0,0.0,0.0,0.0,-2.004,-2.004,-2.004,2.004,0.0,0.0,0.0,0.0,3378.5,-3.697154027885167e+19,0.0,0.0,0.0,-0.0,0.0,0.0,0.0,0.0,0.0,0,-0.0,-107614264.0,0.0,0.0,0.0,0.0,0.0,0.0,0.0,0,0,0,0.0,0.0,0.0,0.0,0.0,0.0,0.0,0.0,0.0,0.0,0.0,0.0,0.0,0.0,0.0,0.0,0,-107875648.0,0,0.0,0,-107875648.0,-107877712.0,0,13107,17039,39322,17053,39322,17037,0,0,0,110,100,100,2.7302334150594743e+23,64.0,0.0,64.9,-107615304.0,68.5,1,49,50,180,0,39322,0,0,0.0,0.0,0.0,0.0,-1.4080618584183144e+20,65.0,0.0,0.0,0.0,645,0,688,0,0,0,716,0,788,0,709,0,689,0,645,0,642,0,616,0.032,42205184.0,0.0,2.7302316136196234e+23,30352,16788,-13841860608.0,1.597019417467686e+30,-1.8242476638114682e+31,-4.0418417383853645e+29,-0.0,0.0,29.0,60.0,70,0.0,0.0,0.0,0.0,0.0,0.0,0.0,0.0,0.0,0.0,0.0,0.0,0.0,0.0,0.0,0.0,59.2,69,11,65508,41,65476,0,300,0,0,8,20529,65476,0,0,61604,60.0,0.0,0.0,0.0,0.0,0.0
2026-04-04T11:26:37,ERR,ERR,ERR,ERR,ERR,ERR,ERR,ERR,ERR,ERR,ERR,ERR,ERR,ERR,ERR,ERR,ERR,ERR,ERR,ERR,ERR,ERR,ERR,ERR,ERR,ERR,ERR,ERR,ERR,ERR,ERR,ERR,ERR,ERR,ERR,ERR,ERR,ERR,ERR,ERR,ERR,ERR,ERR,ERR,ERR,ERR,ERR,ERR,ERR,ERR,ERR,ERR,ERR,ERR,ERR,ERR,ERR,ERR,ERR,ERR,ERR,ERR,ERR,ERR,ERR,ERR,ERR,ERR,ERR,ERR,ERR,ERR,ERR,ERR,ERR,ERR,ERR,ERR,ERR,ERR,ERR,ERR,ERR,ERR,ERR,ERR,ERR,ERR,ERR,ERR,ERR,ERR,ERR,ERR,ERR,ERR,ERR,ERR,ERR,ERR,ERR,ERR,ERR,ERR,ERR,ERR,ERR,ERR,ERR,ERR,ERR,ERR,ERR,ERR,ERR,ERR,ERR,ERR,ERR,ERR,ERR,ERR,ERR,ERR,ERR,0.0,0.0,-101055584.0,0.0,0.0,0.0,0.0,nan,0,0,0,32768,0,0.0,0,0.0,0.0,0.0,0.0,0.0,0,0,0,0,0.0,0,0,0,0,0,0,0,0,0,0,0,0,0,0,0,0,0,0,0,0,0,0,0,0,0,0,0,0,0,0,0,0,0,0,0,0,0,0,0,0,0,0,0,0,0.0,0.0,0.0,0.0,0.0,0.0,0.0,0.0,0.0,0.0,0.0,0.0,0.0,0.0,0.0,0.0,0.0,0.0,0.0,0.0,0.0,0.0,-2.004,-2.004,-2.004,2.004,0.0,0.0,0.0,0.0,3378.5,-3.697154027885167e+19,0.0,0.0,0.0,-0.0,0.0,0.0,0.0,0.0,0.0,0,-0.0,-107614264.0,0.0,0.0,0.0,0.0,0.0,0.0,0.0,0,0,0,0.0,0.0,0.0,0.0,0.0,0.0,0.0,0.0,0.0,0.0,0.0,0.0,0.0,0.0,0.0,0.0,0,-107875648.0,0,0.0,0,-107875648.0,-107877712.0,0,13107,17039,39322,17053,39322,17037,0,0,0,110,100,100,2.7302334150594743e+23,64.0,0.0,64.9,-107615304.0,68.5,1,49,50,180,0,39322,0,0,0.0,0.0,0.0,0.0,-1.4080618584183144e+20,65.0,0.0,0.0,0.0,645,0,688,0,0,0,716,0,788,0,709,0,689,0,645,0,642,0,616,0.032,42205184.0,0.0,2.7302316136196234e+23,30352,16788,-13841860608.0,1.597019417467686e+30,-1.8242476638114682e+31,-4.0418417383853645e+29,-0.0,0.0,29.0,60.0,70,0.0,0.0,0.0,0.0,0.0,0.0,0.0,0.0,0.0,0.0,0.0,0.0,0.0,0.0,0.0,0.0,59.2,69,11,65508,41,65476,0,300,0,0,8,20529,65476,0,0,61604,60.0,0.0,0.0,0.0,0.0,0.0
2026-04-04T11:26:38,ERR,ERR,ERR,ERR,ERR,ERR,ERR,ERR,ERR,ERR,ERR,ERR,ERR,ERR,ERR,ERR,ERR,ERR,ERR,ERR,ERR,ERR,ERR,ERR,ERR,ERR,ERR,ERR,ERR,ERR,ERR,ERR,ERR,ERR,ERR,ERR,ERR,ERR,ERR,ERR,ERR,ERR,ERR,ERR,ERR,ERR,ERR,ERR,ERR,ERR,ERR,ERR,ERR,ERR,ERR,ERR,ERR,ERR,ERR,ERR,ERR,ERR,ERR,ERR,ERR,ERR,ERR,ERR,ERR,ERR,ERR,ERR,ERR,ERR,ERR,ERR,ERR,ERR,ERR,ERR,ERR,ERR,ERR,ERR,ERR,ERR,ERR,ERR,ERR,ERR,ERR,ERR,ERR,ERR,ERR,ERR,ERR,ERR,ERR,ERR,ERR,ERR,ERR,ERR,ERR,ERR,ERR,ERR,ERR,ERR,ERR,ERR,ERR,ERR,ERR,ERR,ERR,ERR,ERR,ERR,ERR,ERR,ERR,ERR,ERR,0.0,0.0,-101055584.0,0.0,0.0,0.0,0.0,nan,0,0,0,32768,0,0.0,0,0.0,0.0,0.0,0.0,0.0,0,0,0,0,0.0,0,0,0,0,0,0,0,0,0,0,0,0,0,0,0,0,0,0,0,0,0,0,0,0,0,0,0,0,0,0,0,0,0,0,0,0,0,0,0,0,0,0,0,0,0.0,0.0,0.0,0.0,0.0,0.0,0.0,0.0,0.0,0.0,0.0,0.0,0.0,0.0,0.0,0.0,0.0,0.0,0.0,0.0,0.0,0.0,-2.004,-2.004,-2.004,2.004,0.0,0.0,0.0,0.0,3378.5,-3.697154027885167e+19,0.0,0.0,0.0,-0.0,0.0,0.0,0.0,0.0,0.0,0,-0.0,-107614264.0,0.0,0.0,0.0,0.0,0.0,0.0,0.0,0,0,0,0.0,0.0,0.0,0.0,0.0,0.0,0.0,0.0,0.0,0.0,0.0,0.0,0.0,0.0,0.0,0.0,0,-107875648.0,0,0.0,0,-107875648.0,-107877712.0,0,13107,17039,39322,17053,39322,17037,0,0,0,110,100,100,2.7302334150594743e+23,64.0,0.0,64.9,-107615304.0,68.5,1,49,50,180,0,39322,0,0,0.0,0.0,0.0,0.0,-1.4080618584183144e+20,65.0,0.0,0.0,0.0,645,0,688,0,0,0,716,0,788,0,709,0,689,0,645,0,642,0,616,0.032,42205184.0,0.0,2.7302316136196234e+23,30352,16788,-13841860608.0,1.597019417467686e+30,-1.8242476638114682e+31,-4.0418417383853645e+29,-0.0,0.0,29.0,60.0,70,0.0,0.0,0.0,0.0,0.0,0.0,0.0,0.0,0.0,0.0,0.0,0.0,0.0,0.0,0.0,0.0,59.2,69,11,65508,41,65476,0,300,0,0,8,20529,65476,0,0,61604,60.0,0.0,0.0,0.0,0.0,0.0
2026-04-04T11:26:39,ERR,ERR,ERR,ERR,ERR,ERR,ERR,ERR,ERR,ERR,ERR,ERR,ERR,ERR,ERR,ERR,ERR,ERR,ERR,ERR,ERR,ERR,ERR,ERR,ERR,ERR,ERR,ERR,ERR,ERR,ERR,ERR,ERR,ERR,ERR,ERR,ERR,ERR,ERR,ERR,ERR,ERR,ERR,ERR,ERR,ERR,ERR,ERR,ERR,ERR,ERR,ERR,ERR,ERR,ERR,ERR,ERR,ERR,ERR,ERR,ERR,ERR,ERR,ERR,ERR,ERR,ERR,ERR,ERR,ERR,ERR,ERR,ERR,ERR,ERR,ERR,ERR,ERR,ERR,ERR,ERR,ERR,ERR,ERR,ERR,ERR,ERR,ERR,ERR,ERR,ERR,ERR,ERR,ERR,ERR,ERR,ERR,ERR,ERR,ERR,ERR,ERR,ERR,ERR,ERR,ERR,ERR,ERR,ERR,ERR,ERR,ERR,ERR,ERR,ERR,ERR,ERR,ERR,ERR,ERR,ERR,ERR,ERR,ERR,ERR,0.0,0.0,-101055584.0,0.0,0.0,0.0,0.0,nan,0,0,0,32768,0,0.0,0,0.0,0.0,0.0,0.0,0.0,0,0,0,0,0.0,0,0,0,0,0,0,0,0,0,0,0,0,0,0,0,0,0,0,0,0,0,0,0,0,0,0,0,0,0,0,0,0,0,0,0,0,0,0,0,0,0,0,0,0,0.0,0.0,0.0,0.0,0.0,0.0,0.0,0.0,0.0,0.0,0.0,0.0,0.0,0.0,0.0,0.0,0.0,0.0,0.0,0.0,0.0,0.0,-2.004,-2.004,-2.004,2.004,0.0,0.0,0.0,0.0,3378.5,-3.697154027885167e+19,0.0,0.0,0.0,-0.0,0.0,0.0,0.0,0.0,0.0,0,-0.0,-107614264.0,0.0,0.0,0.0,0.0,0.0,0.0,0.0,0,0,0,0.0,0.0,0.0,0.0,0.0,0.0,0.0,0.0,0.0,0.0,0.0,0.0,0.0,0.0,0.0,0.0,0,-107875648.0,0,0.0,0,-107875648.0,-107877712.0,0,13107,17039,39322,17053,39322,17037,0,0,0,110,100,100,2.7302334150594743e+23,64.0,0.0,64.9,-107615304.0,68.5,1,49,50,180,0,39322,0,0,0.0,0.0,0.0,0.0,-6.170797306525941e+21,65.0,0.0,-6.706359504470016e+16,0.0,645,0,688,0,0,0,716,0,788,0,708,0,689,0,645,0,642,0,616,0.032,55574528.0,0.0,2.7302316136196234e+23,28560,16788,-3.325206326221195e+21,-5.918229569680179e+16,3.0459724983111054e+24,0.0,-5.374353393557606e+24,2.6823898315892397e+33,29.0,60.0,70,0.0,0.0,0.0,0.0,0.0,0.0,0.0,0.0,0.0,0.0,0.0,0.0,0.0,0.0,0.0,0.0,59.2,69,11,65508,41,65476,0,300,0,0,8,20529,65476,0,0,61604,60.0,0.0,0.0,0.0,0.0,0.0
2026-04-04T11:26:40,ERR,ERR,ERR,ERR,ERR,ERR,ERR,ERR,ERR,ERR,ERR,ERR,ERR,ERR,ERR,ERR,ERR,ERR,ERR,ERR,ERR,ERR,ERR,ERR,ERR,ERR,ERR,ERR,ERR,ERR,ERR,ERR,ERR,ERR,ERR,ERR,ERR,ERR,ERR,ERR,ERR,ERR,ERR,ERR,ERR,ERR,ERR,ERR,ERR,ERR,ERR,ERR,ERR,ERR,ERR,ERR,ERR,ERR,ERR,ERR,ERR,ERR,ERR,ERR,ERR,ERR,ERR,ERR,ERR,ERR,ERR,ERR,ERR,ERR,ERR,ERR,ERR,ERR,ERR,ERR,ERR,ERR,ERR,ERR,ERR,ERR,ERR,ERR,ERR,ERR,ERR,ERR,ERR,ERR,ERR,ERR,ERR,ERR,ERR,ERR,ERR,ERR,ERR,ERR,ERR,ERR,ERR,ERR,ERR,ERR,ERR,ERR,ERR,ERR,ERR,ERR,ERR,ERR,ERR,ERR,ERR,ERR,ERR,ERR,ERR,0.0,0.0,-101055584.0,0.0,0.0,0.0,0.0,nan,0,0,0,32768,0,0.0,0,0.0,0.0,0.0,0.0,0.0,0,0,0,0,0.0,0,0,0,0,0,0,0,0,0,0,0,0,0,0,0,0,0,0,0,0,0,0,0,0,0,0,0,0,0,0,0,0,0,0,0,0,0,0,0,0,0,0,0,0,0.0,0.0,0.0,0.0,0.0,0.0,0.0,0.0,0.0,0.0,0.0,0.0,0.0,0.0,0.0,0.0,0.0,0.0,0.0,0.0,0.0,0.0,-2.004,-2.004,-2.004,2.004,0.0,0.0,0.0,0.0,3378.5,-3.697154027885167e+19,0.0,0.0,0.0,-0.0,0.0,0.0,0.0,0.0,0.0,0,-0.0,-107614264.0,0.0,0.0,0.0,0.0,0.0,0.0,0.0,0,0,0,0.0,0.0,0.0,0.0,0.0,0.0,0.0,0.0,0.0,0.0,0.0,0.0,0.0,0.0,0.0,0.0,0,-107875648.0,0,0.0,0,-107875648.0,-107877712.0,0,13107,17039,39322,17053,39322,17037,0,0,0,110,100,100,2.7302334150594743e+23,64.0,0.0,64.9,-107615304.0,68.5,1,49,50,180,0,39322,0,0,0.0,0.0,0.0,0.0,-6.170797306525941e+21,65.0,0.0,-6.706359504470016e+16,0.0,645,0,688,0,0,0,716,0,788,0,708,0,689,0,645,0,642,0,616,0.032,55574528.0,0.0,2.7302316136196234e+23,28560,16788,-3.325206326221195e+21,-5.918229569680179e+16,3.0459724983111054e+24,0.0,-5.374353393557606e+24,2.6823898315892397e+33,29.0,60.0,70,0.0,0.0,0.0,0.0,0.0,0.0,0.0,0.0,0.0,0.0,0.0,0.0,0.0,0.0,0.0,0.0,59.6,69,11,65508,41,65476,0,300,0,0,8,20529,65476,0,0,61604,60.0,0.0,0.0,0.0,0.0,0.0
2026-04-04T11:26:41,ERR,ERR,ERR,ERR,ERR,ERR,ERR,ERR,ERR,ERR,ERR,ERR,ERR,ERR,ERR,ERR,ERR,ERR,ERR,ERR,ERR,ERR,ERR,ERR,ERR,ERR,ERR,ERR,ERR,ERR,ERR,ERR,ERR,ERR,ERR,ERR,ERR,ERR,ERR,ERR,ERR,ERR,ERR,ERR,ERR,ERR,ERR,ERR,ERR,ERR,ERR,ERR,ERR,ERR,ERR,ERR,ERR,ERR,ERR,ERR,ERR,ERR,ERR,ERR,ERR,ERR,ERR,ERR,ERR,ERR,ERR,ERR,ERR,ERR,ERR,ERR,ERR,ERR,ERR,ERR,ERR,ERR,ERR,ERR,ERR,ERR,ERR,ERR,ERR,ERR,ERR,ERR,ERR,ERR,ERR,ERR,ERR,ERR,ERR,ERR,ERR,ERR,ERR,ERR,ERR,ERR,ERR,ERR,ERR,ERR,ERR,ERR,ERR,ERR,ERR,ERR,ERR,ERR,ERR,ERR,ERR,ERR,ERR,ERR,ERR,0.0,0.0,-101055584.0,0.0,0.0,0.0,0.0,nan,0,0,0,32768,0,0.0,0,0.0,0.0,0.0,0.0,0.0,0,0,0,0,0.0,0,0,0,0,0,0,0,0,0,0,0,0,0,0,0,0,0,0,0,0,0,0,0,0,0,0,0,0,0,0,0,0,0,0,0,0,0,0,0,0,0,0,0,0,0.0,0.0,0.0,0.0,0.0,0.0,0.0,0.0,0.0,0.0,0.0,0.0,0.0,0.0,0.0,0.0,0.0,0.0,0.0,0.0,0.0,0.0,-2.004,-2.004,-2.004,2.004,0.0,0.0,0.0,0.0,3378.5,-3.697154027885167e+19,0.0,0.0,0.0,-0.0,0.0,0.0,0.0,0.0,0.0,0,-0.0,-107614264.0,0.0,0.0,0.0,0.0,0.0,0.0,0.0,0,0,0,0.0,0.0,0.0,0.0,0.0,0.0,0.0,0.0,0.0,0.0,0.0,0.0,0.0,0.0,0.0,0.0,0,-107875648.0,0,0.0,0,-107875648.0,-107877712.0,0,13107,17039,39322,17053,39322,17037,0,0,0,110,100,100,2.7302334150594743e+23,64.0,0.0,64.9,-107615304.0,68.5,1,49,50,180,0,39322,0,0,0.0,0.0,0.0,0.0,-6.170797306525941e+21,65.0,0.0,-6.706359504470016e+16,0.0,645,0,688,0,0,0,716,0,788,0,708,0,689,0,645,0,642,0,616,0.032,55574528.0,0.0,2.7302316136196234e+23,28560,16788,-3.325206326221195e+21,-5.918229569680179e+16,3.0459724983111054e+24,0.0,-5.374353393557606e+24,2.6823898315892397e+33,29.0,60.0,70,0.0,0.0,0.0,0.0,0.0,0.0,0.0,0.0,0.0,0.0,0.0,0.0,0.0,0.0,0.0,0.0,59.6,69,11,65508,41,65476,0,300,0,0,8,20529,65476,0,0,61604,60.0,0.0,0.0,0.0,0.0,0.0
2026-04-04T11:26:42,ERR,ERR,ERR,ERR,ERR,ERR,ERR,ERR,ERR,ERR,ERR,ERR,ERR,ERR,ERR,ERR,ERR,ERR,ERR,ERR,ERR,ERR,ERR,ERR,ERR,ERR,ERR,ERR,ERR,ERR,ERR,ERR,ERR,ERR,ERR,ERR,ERR,ERR,ERR,ERR,ERR,ERR,ERR,ERR,ERR,ERR,ERR,ERR,ERR,ERR,ERR,ERR,ERR,ERR,ERR,ERR,ERR,ERR,ERR,ERR,ERR,ERR,ERR,ERR,ERR,ERR,ERR,ERR,ERR,ERR,ERR,ERR,ERR,ERR,ERR,ERR,ERR,ERR,ERR,ERR,ERR,ERR,ERR,ERR,ERR,ERR,ERR,ERR,ERR,ERR,ERR,ERR,ERR,ERR,ERR,ERR,ERR,ERR,ERR,ERR,ERR,ERR,ERR,ERR,ERR,ERR,ERR,ERR,ERR,ERR,ERR,ERR,ERR,ERR,ERR,ERR,ERR,ERR,ERR,ERR,ERR,ERR,ERR,ERR,ERR,0.0,-0.0,-0.0,0.0,0.0,0.0,0.0,nan,0,0,0,32768,0,0.0,0,0.0,0.0,0.0,0.0,0.0,0,0,0,0,0.0,0,0,0,0,0,0,0,0,0,0,0,0,0,0,0,0,0,0,0,0,0,0,0,0,0,0,0,0,0,0,0,0,0,0,0,0,0,0,0,0,0,0,0,0,0.0,0.0,0.0,0.0,0.0,0.0,0.0,0.0,0.0,0.0,0.0,0.0,0.0,0.0,0.0,0.0,0.0,0.0,0.0,0.0,0.0,0.0,-2.004,0.0,-2.004,2.004,0.0,0.0,0.0,0.0,3394.0,0.0,0.0,0.0,0.0,-0.0,0.0,0.0,0.0,0.0,0.0,0,-0.0,-0.0,0.0,0.0,0.0,0.0,0.0,0.0,0.0,0,0,0,0.0,0.0,0.0,0.0,0.0,0.0,0.0,0.0,0.0,0.0,0.0,0.0,0.0,0.0,0.0,0.0,0,-107875648.0,0,0.0,0,-107875648.0,-107877712.0,0,13107,17039,39322,17053,39322,17037,0,0,0,110,100,100,2.7302334150594743e+23,64.0,0.0,64.9,-107615304.0,68.5,1,49,50,180,0,39322,0,0,0.0,0.0,0.0,0.0,-6.170797306525941e+21,65.0,0.0,-6.706359504470016e+16,0.0,645,0,688,0,0,0,716,0,788,0,708,0,689,0,645,0,642,0,616,0.032,55574528.0,0.0,2.7302316136196234e+23,28560,16788,-3.325206326221195e+21,-5.918229569680179e+16,3.0459724983111054e+24,0.0,-5.374353393557606e+24,2.6823898315892397e+33,29.0,60.0,70,0.0,0.0,0.0,0.0,0.0,0.0,0.0,0.0,0.0,0.0,0.0,0.0,0.0,0.0,0.0,0.0,59.6,69,11,65508,41,65476,0,300,0,0,8,20529,65476,0,0,61604,60.0,0.0,0.0,0.0,0.0,0.0
2026-04-04T11:26:43,ERR,ERR,ERR,ERR,ERR,ERR,ERR,ERR,ERR,ERR,ERR,ERR,ERR,ERR,ERR,ERR,ERR,ERR,ERR,ERR,ERR,ERR,ERR,ERR,ERR,ERR,ERR,ERR,ERR,ERR,ERR,ERR,ERR,ERR,ERR,ERR,ERR,ERR,ERR,ERR,ERR,ERR,ERR,ERR,ERR,ERR,ERR,ERR,ERR,ERR,ERR,ERR,ERR,ERR,ERR,ERR,ERR,ERR,ERR,ERR,ERR,ERR,ERR,ERR,ERR,ERR,ERR,ERR,ERR,ERR,ERR,ERR,ERR,ERR,ERR,ERR,ERR,ERR,ERR,ERR,ERR,ERR,ERR,ERR,ERR,ERR,ERR,ERR,ERR,ERR,ERR,ERR,ERR,ERR,ERR,ERR,ERR,ERR,ERR,ERR,ERR,ERR,ERR,ERR,ERR,ERR,ERR,ERR,ERR,ERR,ERR,ERR,ERR,ERR,ERR,ERR,ERR,ERR,ERR,ERR,ERR,ERR,ERR,ERR,ERR,0.0,-0.0,-0.0,0.0,0.0,0.0,0.0,nan,0,0,0,32768,0,0.0,0,0.0,0.0,0.0,0.0,0.0,0,0,0,0,0.0,0,0,0,0,0,0,0,0,0,0,0,0,0,0,0,0,0,0,0,0,0,0,0,0,0,0,0,0,0,0,0,0,0,0,0,0,0,0,0,0,0,0,0,0,0.0,0.0,0.0,0.0,0.0,0.0,0.0,0.0,0.0,0.0,0.0,0.0,0.0,0.0,0.0,0.0,0.0,0.0,0.0,0.0,0.0,0.0,-2.004,0.0,-2.004,2.004,0.0,0.0,0.0,0.0,3394.0,0.0,0.0,0.0,0.0,-0.0,0.0,0.0,0.0,0.0,0.0,0,-0.0,-0.0,0.0,0.0,0.0,0.0,0.0,0.0,0.0,0,0,0,0.0,0.0,0.0,0.0,0.0,0.0,0.0,0.0,0.0,0.0,0.0,0.0,0.0,0.0,0.0,0.0,0,-107875648.0,0,0.0,0,-107875648.0,-107877712.0,0,13107,17039,39322,17053,39322,17037,0,0,0,110,100,100,2.7302334150594743e+23,64.0,0.0,64.9,-107615304.0,68.5,1,49,50,180,0,39322,0,0,0.0,0.0,0.0,0.0,-6.170797306525941e+21,65.0,0.0,-6.706359504470016e+16,0.0,645,0,688,0,0,0,716,0,788,0,708,0,689,0,645,0,642,0,616,0.032,55574528.0,0.0,2.7302316136196234e+23,28560,16788,-3.325206326221195e+21,-5.918229569680179e+16,3.0459724983111054e+24,0.0,-5.374353393557606e+24,2.6823898315892397e+33,29.0,60.0,70,0.0,0.0,0.0,0.0,0.0,0.0,0.0,0.0,0.0,0.0,0.0,0.0,0.0,0.0,0.0,0.0,59.6,69,11,65508,41,65476,0,300,0,0,8,20529,65476,0,0,61604,60.0,0.0,0.0,0.0,0.0,0.0
2026-04-04T11:26:44,ERR,ERR,ERR,ERR,ERR,ERR,ERR,ERR,ERR,ERR,ERR,ERR,ERR,ERR,ERR,ERR,ERR,ERR,ERR,ERR,ERR,ERR,ERR,ERR,ERR,ERR,ERR,ERR,ERR,ERR,ERR,ERR,ERR,ERR,ERR,ERR,ERR,ERR,ERR,ERR,ERR,ERR,ERR,ERR,ERR,ERR,ERR,ERR,ERR,ERR,ERR,ERR,ERR,ERR,ERR,ERR,ERR,ERR,ERR,ERR,ERR,ERR,ERR,ERR,ERR,ERR,ERR,ERR,ERR,ERR,ERR,ERR,ERR,ERR,ERR,ERR,ERR,ERR,ERR,ERR,ERR,ERR,ERR,ERR,ERR,ERR,ERR,ERR,ERR,ERR,ERR,ERR,ERR,ERR,ERR,ERR,ERR,ERR,ERR,ERR,ERR,ERR,ERR,ERR,ERR,ERR,ERR,ERR,ERR,ERR,ERR,ERR,ERR,ERR,ERR,ERR,ERR,ERR,ERR,ERR,ERR,ERR,ERR,ERR,ERR,0.0,-0.0,-0.0,0.0,0.0,0.0,0.0,nan,0,0,0,32768,0,0.0,0,0.0,0.0,0.0,0.0,0.0,0,0,0,0,0.0,0,0,0,0,0,0,0,0,0,0,0,0,0,0,0,0,0,0,0,0,0,0,0,0,0,0,0,0,0,0,0,0,0,0,0,0,0,0,0,0,0,0,0,0,0.0,0.0,0.0,0.0,0.0,0.0,0.0,0.0,0.0,0.0,0.0,0.0,0.0,0.0,0.0,0.0,0.0,0.0,0.0,0.0,0.0,0.0,-2.004,0.0,-2.004,2.004,0.0,0.0,0.0,0.0,3394.0,0.0,0.0,0.0,0.0,-0.0,0.0,0.0,0.0,0.0,0.0,0,-0.0,-0.0,0.0,0.0,0.0,0.0,0.0,0.0,0.0,0,0,0,0.0,0.0,0.0,0.0,0.0,0.0,0.0,0.0,0.0,0.0,0.0,0.0,0.0,0.0,0.0,0.0,0,-107875648.0,0,0.0,0,-107875648.0,-107877712.0,0,13107,17039,39322,17053,39322,17037,0,0,0,110,100,100,2.7302334150594743e+23,64.0,0.0,64.9,-107615304.0,68.5,1,49,50,180,0,39322,0,0,0.0,0.0,0.0,0.0,-6.170797306525941e+21,65.0,0.0,-6.706359504470016e+16,0.0,645,0,688,0,0,0,716,0,788,0,708,0,689,0,645,0,642,0,616,0.032,55574528.0,0.0,2.7302316136196234e+23,28560,16788,-3.325206326221195e+21,-5.918229569680179e+16,3.0459724983111054e+24,0.0,-5.374353393557606e+24,2.6823898315892397e+33,29.0,60.0,70,0.0,0.0,0.0,0.0,0.0,0.0,0.0,0.0,0.0,0.0,0.0,0.0,0.0,0.0,0.0,0.0,59.6,69,11,65508,41,65476,0,300,0,0,8,20529,65476,0,0,61604,60.0,0.0,0.0,0.0,0.0,0.0
2026-04-04T11:26:45,ERR,ERR,ERR,ERR,ERR,ERR,ERR,ERR,ERR,ERR,ERR,ERR,ERR,ERR,ERR,ERR,ERR,ERR,ERR,ERR,ERR,ERR,ERR,ERR,ERR,ERR,ERR,ERR,ERR,ERR,ERR,ERR,ERR,ERR,ERR,ERR,ERR,ERR,ERR,ERR,ERR,ERR,ERR,ERR,ERR,ERR,ERR,ERR,ERR,ERR,ERR,ERR,ERR,ERR,ERR,ERR,ERR,ERR,ERR,ERR,ERR,ERR,ERR,ERR,ERR,ERR,ERR,ERR,ERR,ERR,ERR,ERR,ERR,ERR,ERR,ERR,ERR,ERR,ERR,ERR,ERR,ERR,ERR,ERR,ERR,ERR,ERR,ERR,ERR,ERR,ERR,ERR,ERR,ERR,ERR,ERR,ERR,ERR,ERR,ERR,ERR,ERR,ERR,ERR,ERR,ERR,ERR,ERR,ERR,ERR,ERR,ERR,ERR,ERR,ERR,ERR,ERR,ERR,ERR,ERR,ERR,ERR,ERR,ERR,ERR,0.0,-0.0,-0.0,0.0,0.0,0.0,0.0,nan,0,0,0,32768,0,0.0,0,0.0,0.0,0.0,0.0,0.0,0,0,0,0,0.0,0,0,0,0,0,0,0,0,0,0,0,0,0,0,0,0,0,0,0,0,0,0,0,0,0,0,0,0,0,0,0,0,0,0,0,0,0,0,0,0,0,0,0,0,0.0,0.0,0.0,0.0,0.0,0.0,0.0,0.0,0.0,0.0,0.0,0.0,0.0,0.0,0.0,0.0,0.0,0.0,0.0,0.0,0.0,0.0,-2.004,0.0,-2.004,2.004,0.0,0.0,0.0,0.0,3394.0,0.0,0.0,0.0,0.0,-0.0,0.0,0.0,0.0,0.0,0.0,0,-0.0,-0.0,0.0,0.0,0.0,0.0,0.0,0.0,0.0,0,0,0,0.0,0.0,0.0,0.0,0.0,0.0,0.0,0.0,0.0,0.0,0.0,0.0,0.0,0.0,0.0,0.0,0,-107875648.0,0,0.0,0,-107875648.0,-107877712.0,0,13107,17039,39322,17053,39322,17037,0,0,0,110,100,100,2.7302334150594743e+23,64.0,0.0,64.9,-107615304.0,68.5,1,49,50,180,0,39322,0,0,0.0,0.0,0.0,0.0,-1.2684655480274944e+16,65.0,0.0,-3047982597406720.0,0.0,645,0,688,0,0,0,716,0,788,0,708,0,689,0,645,0,642,0,616,0.032,55836672.0,0.0,2.7302316136196234e+23,25232,16788,-27034884.0,-3.766676643561697e+25,0.0,-0.0,-4296.254,184578.078,29.0,60.0,70,0.0,0.0,0.0,0.0,0.0,0.0,0.0,0.0,0.0,0.0,0.0,0.0,0.0,0.0,0.0,0.0,59.6,69,11,65508,41,65476,0,300,0,0,8,20529,65476,0,0,61604,60.0,0.0,0.0,0.0,0.0,0.0
2026-04-04T11:26:46,ERR,ERR,ERR,ERR,ERR,ERR,ERR,ERR,ERR,ERR,ERR,ERR,ERR,ERR,ERR,ERR,ERR,ERR,ERR,ERR,ERR,ERR,ERR,ERR,ERR,ERR,ERR,ERR,ERR,ERR,ERR,ERR,ERR,ERR,ERR,ERR,ERR,ERR,ERR,ERR,ERR,ERR,ERR,ERR,ERR,ERR,ERR,ERR,ERR,ERR,ERR,ERR,ERR,ERR,ERR,ERR,ERR,ERR,ERR,ERR,ERR,ERR,ERR,ERR,ERR,ERR,ERR,ERR,ERR,ERR,ERR,ERR,ERR,ERR,ERR,ERR,ERR,ERR,ERR,ERR,ERR,ERR,ERR,ERR,ERR,ERR,ERR,ERR,ERR,ERR,ERR,ERR,ERR,ERR,ERR,ERR,ERR,ERR,ERR,ERR,ERR,ERR,ERR,ERR,ERR,ERR,ERR,ERR,ERR,ERR,ERR,ERR,ERR,ERR,ERR,ERR,ERR,ERR,ERR,ERR,ERR,ERR,ERR,ERR,ERR,0.0,-0.0,-0.0,0.0,0.0,0.0,0.0,nan,0,0,0,32768,0,0.0,0,0.0,0.0,0.0,0.0,0.0,0,0,0,0,0.0,0,0,0,0,0,0,0,0,0,0,0,0,0,0,0,0,0,0,0,0,0,0,0,0,0,0,0,0,0,0,0,0,0,0,0,0,0,0,0,0,0,0,0,0,0.0,0.0,0.0,0.0,0.0,0.0,0.0,0.0,0.0,0.0,0.0,0.0,0.0,0.0,0.0,0.0,0.0,0.0,0.0,0.0,0.0,0.0,-2.004,0.0,-2.004,2.004,0.0,0.0,0.0,0.0,3394.0,0.0,0.0,0.0,0.0,-0.0,0.0,0.0,0.0,0.0,0.0,0,-0.0,-0.0,0.0,0.0,0.0,0.0,0.0,0.0,0.0,0,0,0,0.0,0.0,0.0,0.0,0.0,0.0,0.0,0.0,0.0,0.0,0.0,0.0,0.0,0.0,0.0,0.0,0,-107875648.0,0,0.0,0,-107875648.0,-107877712.0,0,13107,17039,39322,17053,39322,17037,0,0,0,110,100,100,2.7302334150594743e+23,64.0,0.0,64.9,-107615304.0,68.5,1,49,50,180,0,39322,0,0,0.0,0.0,0.0,0.0,-1.2684655480274944e+16,65.0,0.0,-3047982597406720.0,0.0,645,0,688,0,0,0,716,0,788,0,708,0,689,0,645,0,642,0,616,0.032,55836672.0,0.0,2.7302316136196234e+23,25232,16788,-27034884.0,-3.766676643561697e+25,0.0,-0.0,-4296.254,184578.078,29.0,60.0,70,0.0,0.0,0.0,0.0,0.0,0.0,0.0,0.0,0.0,0.0,0.0,0.0,0.0,0.0,0.0,0.0,59.6,69,11,65508,41,65476,0,300,0,0,8,20529,65476,0,0,61604,60.0,0.0,0.0,0.0,0.0,0.0
2026-04-04T11:26:47,ERR,ERR,ERR,ERR,ERR,ERR,ERR,ERR,ERR,ERR,ERR,ERR,ERR,ERR,ERR,ERR,ERR,ERR,ERR,ERR,ERR,ERR,ERR,ERR,ERR,ERR,ERR,ERR,ERR,ERR,ERR,ERR,ERR,ERR,ERR,ERR,ERR,ERR,ERR,ERR,ERR,ERR,ERR,ERR,ERR,ERR,ERR,ERR,ERR,ERR,ERR,ERR,ERR,ERR,ERR,ERR,ERR,ERR,ERR,ERR,ERR,ERR,ERR,ERR,ERR,ERR,ERR,ERR,ERR,ERR,ERR,ERR,ERR,ERR,ERR,ERR,ERR,ERR,ERR,ERR,ERR,ERR,ERR,ERR,ERR,ERR,ERR,ERR,ERR,ERR,ERR,ERR,ERR,ERR,ERR,ERR,ERR,ERR,ERR,ERR,ERR,ERR,ERR,ERR,ERR,ERR,ERR,ERR,ERR,ERR,ERR,ERR,ERR,ERR,ERR,ERR,ERR,ERR,ERR,ERR,ERR,ERR,ERR,ERR,ERR,0.0,-0.0,-0.0,0.0,0.0,0.0,0.0,nan,0,0,0,32768,0,0.0,0,0.0,0.0,0.0,0.0,0.0,0,0,0,0,0.0,0,0,0,0,0,0,0,0,0,0,0,0,0,0,0,0,0,0,0,0,0,0,0,0,0,0,0,0,0,0,0,0,0,0,0,0,0,0,0,0,0,0,0,0,0.0,0.0,0.0,0.0,0.0,0.0,0.0,0.0,0.0,0.0,0.0,0.0,0.0,0.0,0.0,0.0,0.0,0.0,0.0,0.0,0.0,0.0,-2.004,0.0,-2.004,2.004,0.0,0.0,0.0,0.0,3394.0,0.0,0.0,0.0,0.0,-0.0,0.0,0.0,0.0,0.0,0.0,0,-0.0,-0.0,0.0,0.0,0.0,0.0,0.0,0.0,0.0,0,0,0,0.0,0.0,0.0,0.0,0.0,0.0,0.0,0.0,0.0,0.0,0.0,0.0,0.0,0.0,0.0,0.0,0,-107875648.0,0,0.0,0,-107875648.0,-107877712.0,0,13107,17039,39322,17053,39322,17037,0,0,0,110,100,100,2.7302334150594743e+23,64.0,0.0,64.9,-107615304.0,68.5,1,49,50,180,0,39322,0,0,0.0,0.0,0.0,0.0,-1.2684655480274944e+16,65.0,0.0,-3047982597406720.0,0.0,645,0,688,0,0,0,716,0,788,0,708,0,689,0,645,0,642,0,616,0.032,55836672.0,0.0,2.7302316136196234e+23,25232,16788,-27034884.0,-3.766676643561697e+25,0.0,-0.0,-4296.254,184578.078,29.0,60.0,70,0.0,0.0,0.0,0.0,0.0,0.0,0.0,0.0,0.0,0.0,0.0,0.0,0.0,0.0,0.0,0.0,59.6,69,11,65508,41,65476,0,300,0,0,8,20529,65476,0,0,61604,60.0,0.0,0.0,0.0,0.0,0.0
2026-04-04T11:26:48,ERR,ERR,ERR,ERR,ERR,ERR,ERR,ERR,ERR,ERR,ERR,ERR,ERR,ERR,ERR,ERR,ERR,ERR,ERR,ERR,ERR,ERR,ERR,ERR,ERR,ERR,ERR,ERR,ERR,ERR,ERR,ERR,ERR,ERR,ERR,ERR,ERR,ERR,ERR,ERR,ERR,ERR,ERR,ERR,ERR,ERR,ERR,ERR,ERR,ERR,ERR,ERR,ERR,ERR,ERR,ERR,ERR,ERR,ERR,ERR,ERR,ERR,ERR,ERR,ERR,ERR,ERR,ERR,ERR,ERR,ERR,ERR,ERR,ERR,ERR,ERR,ERR,ERR,ERR,ERR,ERR,ERR,ERR,ERR,ERR,ERR,ERR,ERR,ERR,ERR,ERR,ERR,ERR,ERR,ERR,ERR,ERR,ERR,ERR,ERR,ERR,ERR,ERR,ERR,ERR,ERR,ERR,ERR,ERR,ERR,ERR,ERR,ERR,ERR,ERR,ERR,ERR,ERR,ERR,ERR,ERR,ERR,ERR,ERR,ERR,0.0,-0.0,-0.0,0.0,0.0,0.0,0.0,nan,0,0,0,32768,0,0.0,0,0.0,0.0,0.0,0.0,0.0,0,0,0,0,0.0,0,0,0,0,0,0,0,0,0,0,0,0,0,0,0,0,0,0,0,0,0,0,0,0,0,0,0,0,0,0,0,0,0,0,0,0,0,0,0,0,0,0,0,0,0.0,0.0,0.0,0.0,0.0,0.0,0.0,0.0,0.0,0.0,0.0,0.0,0.0,0.0,0.0,0.0,0.0,0.0,0.0,0.0,0.0,0.0,-2.004,0.0,-2.004,2.004,0.0,0.0,0.0,0.0,3394.0,0.0,0.0,0.0,0.0,-0.0,0.0,0.0,0.0,0.0,0.0,0,-0.0,-0.0,0.0,0.0,0.0,0.0,0.0,0.0,0.0,0,0,0,0.0,0.0,0.0,0.0,0.0,0.0,0.0,0.0,0.0,0.0,0.0,0.0,0.0,0.0,0.0,0.0,0,-107875648.0,0,0.0,0,-107875648.0,-107877712.0,0,13107,17039,39322,17053,39322,17037,0,0,0,110,100,100,2.7302334150594743e+23,64.0,0.0,64.9,-107615304.0,68.5,1,49,50,180,0,39322,0,0,0.0,0.0,0.0,0.0,-1.2684655480274944e+16,65.0,0.0,-3047982597406720.0,0.0,645,0,688,0,0,0,716,0,788,0,708,0,689,0,645,0,642,0,616,0.032,55836672.0,0.0,2.7302316136196234e+23,25232,16788,-27034884.0,-3.766676643561697e+25,0.0,-0.0,-4296.254,184578.078,29.0,60.0,70,0.0,0.0,0.0,0.0,0.0,0.0,0.0,0.0,0.0,0.0,0.0,0.0,0.0,0.0,0.0,0.0,59.6,69,11,65508,41,65476,0,300,0,0,8,20529,65476,0,0,61604,60.0,0.0,0.0,0.0,0.0,0.0
2026-04-04T11:26:49,ERR,ERR,ERR,ERR,ERR,ERR,ERR,ERR,ERR,ERR,ERR,ERR,ERR,ERR,ERR,ERR,ERR,ERR,ERR,ERR,ERR,ERR,ERR,ERR,ERR,ERR,ERR,ERR,ERR,ERR,ERR,ERR,ERR,ERR,ERR,ERR,ERR,ERR,ERR,ERR,ERR,ERR,ERR,ERR,ERR,ERR,ERR,ERR,ERR,ERR,ERR,ERR,ERR,ERR,ERR,ERR,ERR,ERR,ERR,ERR,ERR,ERR,ERR,ERR,ERR,ERR,ERR,ERR,ERR,ERR,ERR,ERR,ERR,ERR,ERR,ERR,ERR,ERR,ERR,ERR,ERR,ERR,ERR,ERR,ERR,ERR,ERR,ERR,ERR,ERR,ERR,ERR,ERR,ERR,ERR,ERR,ERR,ERR,ERR,ERR,ERR,ERR,ERR,ERR,ERR,ERR,ERR,ERR,ERR,ERR,ERR,ERR,ERR,ERR,ERR,ERR,ERR,ERR,ERR,ERR,ERR,ERR,ERR,ERR,ERR,0.0,-0.0,-0.0,0.0,0.0,0.0,0.0,nan,0,0,0,32768,0,0.0,0,0.0,0.0,0.0,0.0,0.0,0,0,0,0,0.0,0,0,0,0,0,0,0,0,0,0,0,0,0,0,0,0,0,0,0,0,0,0,0,0,0,0,0,0,0,0,0,0,0,0,0,0,0,0,0,0,0,0,0,0,0.0,0.0,0.0,0.0,0.0,0.0,0.0,0.0,0.0,0.0,0.0,0.0,0.0,0.0,0.0,0.0,0.0,0.0,0.0,0.0,0.0,0.0,-2.004,0.0,-2.004,2.004,0.0,0.0,0.0,0.0,3394.0,0.0,0.0,0.0,0.0,-0.0,0.0,0.0,0.0,0.0,0.0,0,-0.0,-0.0,0.0,0.0,0.0,0.0,0.0,0.0,0.0,0,0,0,0.0,0.0,0.0,0.0,0.0,0.0,0.0,0.0,0.0,0.0,0.0,0.0,0.0,0.0,0.0,0.0,0,-107875648.0,0,0.0,0,-107875648.0,-107877712.0,0,13107,17039,39322,17053,39322,17037,0,0,0,110,100,100,2.7302334150594743e+23,64.0,0.0,64.9,-107615304.0,68.5,1,49,50,180,0,39322,0,0,0.0,0.0,0.0,0.0,-1.2684655480274944e+16,65.0,0.0,-3047982597406720.0,0.0,645,0,688,0,0,0,716,0,788,0,708,0,689,0,645,0,642,0,616,0.032,55836672.0,0.0,2.7302316136196234e+23,25232,16788,-27034884.0,-3.766676643561697e+25,0.0,-0.0,-4296.254,184578.078,29.0,60.0,70,0.0,0.0,0.0,0.0,0.0,0.0,0.0,0.0,0.0,0.0,0.0,0.0,0.0,0.0,0.0,0.0,59.6,69,11,65508,41,65476,0,300,0,0,8,20529,65476,0,0,61604,60.0,0.0,0.0,0.0,0.0,0.0
2026-04-04T11:26:50,ERR,ERR,ERR,ERR,ERR,ERR,ERR,ERR,ERR,ERR,ERR,ERR,ERR,ERR,ERR,ERR,ERR,ERR,ERR,ERR,ERR,ERR,ERR,ERR,ERR,ERR,ERR,ERR,ERR,ERR,ERR,ERR,ERR,ERR,ERR,ERR,ERR,ERR,ERR,ERR,ERR,ERR,ERR,ERR,ERR,ERR,ERR,ERR,ERR,ERR,ERR,ERR,ERR,ERR,ERR,ERR,ERR,ERR,ERR,ERR,ERR,ERR,ERR,ERR,ERR,ERR,ERR,ERR,ERR,ERR,ERR,ERR,ERR,ERR,ERR,ERR,ERR,ERR,ERR,ERR,ERR,ERR,ERR,ERR,ERR,ERR,ERR,ERR,ERR,ERR,ERR,ERR,ERR,ERR,ERR,ERR,ERR,ERR,ERR,ERR,ERR,ERR,ERR,ERR,ERR,ERR,ERR,ERR,ERR,ERR,ERR,ERR,ERR,ERR,ERR,ERR,ERR,ERR,ERR,ERR,ERR,ERR,ERR,ERR,ERR,0.0,0.0,-101055584.0,0.0,0.0,0.0,0.0,nan,0,0,0,32768,0,0.0,0,0.0,0.0,0.0,0.0,0.0,0,0,0,0,0.0,0,0,0,0,0,0,0,0,0,0,0,0,0,0,0,0,0,0,0,0,0,0,0,0,0,0,0,0,0,0,0,0,0,0,0,0,0,0,0,0,0,0,0,0,0.0,0.0,0.0,0.0,0.0,0.0,0.0,0.0,0.0,0.0,0.0,0.0,0.0,0.0,0.0,0.0,0.0,0.0,0.0,0.0,0.0,0.0,-2.004,-2.004,-2.004,2.004,0.0,0.0,0.0,0.0,3397.0,0.0,0.0,0.0,-0.0,-0.0,0.0,0.0,0.0,0.0,0.0,0,-107615248.0,-0.0,0.0,0.0,0.0,0.0,0.0,0.0,0.0,0,0,0,0.0,0.0,0.0,0.0,0.0,0.0,0.0,0.0,0.0,0.0,0.0,0.0,0.0,0.0,0.0,0.0,0,-107875648.0,0,0.0,0,-107875648.0,-107877712.0,0,13107,17039,39322,17053,39322,17037,0,0,0,110,100,100,2.7302334150594743e+23,64.0,0.0,64.9,-107615304.0,68.5,1,49,50,180,0,39322,0,0,0.0,0.0,0.0,0.0,-1.2684655480274944e+16,65.0,0.0,-3047982597406720.0,0.0,645,0,688,0,0,0,716,0,788,0,708,0,689,0,645,0,642,0,616,0.032,55836672.0,0.0,2.7302316136196234e+23,25232,16788,-27034884.0,-3.766676643561697e+25,0.0,-0.0,-4296.254,184578.078,29.0,60.0,70,0.0,0.0,0.0,0.0,0.0,0.0,0.0,0.0,0.0,0.0,0.0,0.0,0.0,0.0,0.0,0.0,59.6,69,11,65508,41,65476,0,300,0,0,8,20529,65476,0,0,61604,60.0,0.0,0.0,0.0,0.0,0.0
2026-04-04T11:26:51,ERR,ERR,ERR,ERR,ERR,ERR,ERR,ERR,ERR,ERR,ERR,ERR,ERR,ERR,ERR,ERR,ERR,ERR,ERR,ERR,ERR,ERR,ERR,ERR,ERR,ERR,ERR,ERR,ERR,ERR,ERR,ERR,ERR,ERR,ERR,ERR,ERR,ERR,ERR,ERR,ERR,ERR,ERR,ERR,ERR,ERR,ERR,ERR,ERR,ERR,ERR,ERR,ERR,ERR,ERR,ERR,ERR,ERR,ERR,ERR,ERR,ERR,ERR,ERR,ERR,ERR,ERR,ERR,ERR,ERR,ERR,ERR,ERR,ERR,ERR,ERR,ERR,ERR,ERR,ERR,ERR,ERR,ERR,ERR,ERR,ERR,ERR,ERR,ERR,ERR,ERR,ERR,ERR,ERR,ERR,ERR,ERR,ERR,ERR,ERR,ERR,ERR,ERR,ERR,ERR,ERR,ERR,ERR,ERR,ERR,ERR,ERR,ERR,ERR,ERR,ERR,ERR,ERR,ERR,ERR,ERR,ERR,ERR,ERR,ERR,0.0,0.0,-101055584.0,0.0,0.0,0.0,0.0,nan,0,0,0,32768,0,0.0,0,0.0,0.0,0.0,0.0,0.0,0,0,0,0,0.0,0,0,0,0,0,0,0,0,0,0,0,0,0,0,0,0,0,0,0,0,0,0,0,0,0,0,0,0,0,0,0,0,0,0,0,0,0,0,0,0,0,0,0,0,0.0,0.0,0.0,0.0,0.0,0.0,0.0,0.0,0.0,0.0,0.0,0.0,0.0,0.0,0.0,0.0,0.0,0.0,0.0,0.0,0.0,0.0,-2.004,-2.004,-2.004,2.004,0.0,0.0,0.0,0.0,3397.0,0.0,0.0,0.0,-0.0,-0.0,0.0,0.0,0.0,0.0,0.0,0,-107615248.0,-0.0,0.0,0.0,0.0,0.0,0.0,0.0,0.0,0,0,0,0.0,0.0,0.0,0.0,0.0,0.0,0.0,0.0,0.0,0.0,0.0,0.0,0.0,0.0,0.0,0.0,0,-107875648.0,0,0.0,0,-107875648.0,-107877712.0,0,26215,17039,39322,17053,39322,17037,0,0,0,110,100,100,2.7302334150594743e+23,64.0,0.0,64.9,-107615304.0,68.5,1,49,50,180,0,39322,0,0,0.0,0.0,0.0,0.0,-360.52,65.0,0.0,2.464394338811125e+28,0.0,645,0,688,0,0,0,716,0,788,0,708,0,689,0,645,0,642,0,616,0.032,36700160.0,0.0,2.7302316136196234e+23,40592,16788,-0.005,0.0,-0.0,-0.0,1.443010605165314e+19,-1.775,29.0,60.0,70,0.0,0.0,0.0,0.0,0.0,0.0,0.0,0.0,0.0,0.0,0.0,0.0,0.0,0.0,0.0,0.0,59.6,69,11,65508,41,65476,0,300,0,0,8,20529,65476,0,0,61604,60.0,0.0,0.0,0.0,0.0,0.0
2026-04-04T11:26:52,ERR,ERR,ERR,ERR,ERR,ERR,ERR,ERR,ERR,ERR,ERR,ERR,ERR,ERR,ERR,ERR,ERR,ERR,ERR,ERR,ERR,ERR,ERR,ERR,ERR,ERR,ERR,ERR,ERR,ERR,ERR,ERR,ERR,ERR,ERR,ERR,ERR,ERR,ERR,ERR,ERR,ERR,ERR,ERR,ERR,ERR,ERR,ERR,ERR,ERR,ERR,ERR,ERR,ERR,ERR,ERR,ERR,ERR,ERR,ERR,ERR,ERR,ERR,ERR,ERR,ERR,ERR,ERR,ERR,ERR,ERR,ERR,ERR,ERR,ERR,ERR,ERR,ERR,ERR,ERR,ERR,ERR,ERR,ERR,ERR,ERR,ERR,ERR,ERR,ERR,ERR,ERR,ERR,ERR,ERR,ERR,ERR,ERR,ERR,ERR,ERR,ERR,ERR,ERR,ERR,ERR,ERR,ERR,ERR,ERR,ERR,ERR,ERR,ERR,ERR,ERR,ERR,ERR,ERR,ERR,ERR,ERR,ERR,ERR,ERR,0.0,0.0,-101055584.0,0.0,0.0,0.0,0.0,nan,0,0,0,32768,0,0.0,0,0.0,0.0,0.0,0.0,0.0,0,0,0,0,0.0,0,0,0,0,0,0,0,0,0,0,0,0,0,0,0,0,0,0,0,0,0,0,0,0,0,0,0,0,0,0,0,0,0,0,0,0,0,0,0,0,0,0,0,0,0.0,0.0,0.0,0.0,0.0,0.0,0.0,0.0,0.0,0.0,0.0,0.0,0.0,0.0,0.0,0.0,0.0,0.0,0.0,0.0,0.0,0.0,-2.004,-2.004,-2.004,2.004,0.0,0.0,0.0,0.0,3397.0,0.0,0.0,0.0,-0.0,-0.0,0.0,0.0,0.0,0.0,0.0,0,-107615248.0,-0.0,0.0,0.0,0.0,0.0,0.0,0.0,0.0,0,0,0,0.0,0.0,0.0,0.0,0.0,0.0,0.0,0.0,0.0,0.0,0.0,0.0,0.0,0.0,0.0,0.0,0,-107875648.0,0,0.0,0,-107875648.0,-107877712.0,0,26215,17039,39322,17053,39322,17037,0,0,0,110,100,100,2.7302334150594743e+23,64.0,0.0,64.9,-107615304.0,68.5,1,49,50,180,0,39322,0,0,0.0,0.0,0.0,0.0,-360.52,65.0,0.0,2.464394338811125e+28,0.0,645,0,688,0,0,0,716,0,788,0,708,0,689,0,645,0,642,0,616,0.032,36700160.0,0.0,2.7302316136196234e+23,40592,16788,-0.005,0.0,-0.0,-0.0,1.443010605165314e+19,-1.775,29.0,60.0,70,0.0,0.0,0.0,0.0,0.0,0.0,0.0,0.0,0.0,0.0,0.0,0.0,0.0,0.0,0.0,0.0,59.2,69,11,65508,41,65476,0,300,0,0,8,20529,65476,0,0,61604,60.0,0.0,0.0,0.0,0.0,0.0
2026-04-04T11:26:53,ERR,ERR,ERR,ERR,ERR,ERR,ERR,ERR,ERR,ERR,ERR,ERR,ERR,ERR,ERR,ERR,ERR,ERR,ERR,ERR,ERR,ERR,ERR,ERR,ERR,ERR,ERR,ERR,ERR,ERR,ERR,ERR,ERR,ERR,ERR,ERR,ERR,ERR,ERR,ERR,ERR,ERR,ERR,ERR,ERR,ERR,ERR,ERR,ERR,ERR,ERR,ERR,ERR,ERR,ERR,ERR,ERR,ERR,ERR,ERR,ERR,ERR,ERR,ERR,ERR,ERR,ERR,ERR,ERR,ERR,ERR,ERR,ERR,ERR,ERR,ERR,ERR,ERR,ERR,ERR,ERR,ERR,ERR,ERR,ERR,ERR,ERR,ERR,ERR,ERR,ERR,ERR,ERR,ERR,ERR,ERR,ERR,ERR,ERR,ERR,ERR,ERR,ERR,ERR,ERR,ERR,ERR,ERR,ERR,ERR,ERR,ERR,ERR,ERR,ERR,ERR,ERR,ERR,ERR,ERR,ERR,ERR,ERR,ERR,ERR,0.0,0.0,-101055584.0,0.0,0.0,0.0,0.0,nan,0,0,0,32768,0,0.0,0,0.0,0.0,0.0,0.0,0.0,0,0,0,0,0.0,0,0,0,0,0,0,0,0,0,0,0,0,0,0,0,0,0,0,0,0,0,0,0,0,0,0,0,0,0,0,0,0,0,0,0,0,0,0,0,0,0,0,0,0,0.0,0.0,0.0,0.0,0.0,0.0,0.0,0.0,0.0,0.0,0.0,0.0,0.0,0.0,0.0,0.0,0.0,0.0,0.0,0.0,0.0,0.0,-2.004,-2.004,-2.004,2.004,0.0,0.0,0.0,0.0,3397.0,0.0,0.0,0.0,-0.0,-0.0,0.0,0.0,0.0,0.0,0.0,0,-107615248.0,-0.0,0.0,0.0,0.0,0.0,0.0,0.0,0.0,0,0,0,0.0,0.0,0.0,0.0,0.0,0.0,0.0,0.0,0.0,0.0,0.0,0.0,0.0,0.0,0.0,0.0,0,-107875648.0,0,0.0,0,-107875648.0,-107877712.0,0,26215,17039,39322,17053,39322,17037,0,0,0,110,100,100,2.7302334150594743e+23,64.0,0.0,64.9,-107615304.0,68.5,1,49,50,180,0,39322,0,0,0.0,0.0,0.0,0.0,-360.52,65.0,0.0,2.464394338811125e+28,0.0,645,0,688,0,0,0,716,0,788,0,708,0,689,0,645,0,642,0,616,0.032,36700160.0,0.0,2.7302316136196234e+23,40592,16788,-0.005,0.0,-0.0,-0.0,1.443010605165314e+19,-1.775,29.0,60.0,70,0.0,0.0,0.0,0.0,0.0,0.0,0.0,0.0,0.0,0.0,0.0,0.0,0.0,0.0,0.0,0.0,59.2,69,11,65508,41,65476,0,300,0,0,8,20529,65476,0,0,61604,60.0,0.0,0.0,0.0,0.0,0.0
2026-04-04T11:26:54,ERR,ERR,ERR,ERR,ERR,ERR,ERR,ERR,ERR,ERR,ERR,ERR,ERR,ERR,ERR,ERR,ERR,ERR,ERR,ERR,ERR,ERR,ERR,ERR,ERR,ERR,ERR,ERR,ERR,ERR,ERR,ERR,ERR,ERR,ERR,ERR,ERR,ERR,ERR,ERR,ERR,ERR,ERR,ERR,ERR,ERR,ERR,ERR,ERR,ERR,ERR,ERR,ERR,ERR,ERR,ERR,ERR,ERR,ERR,ERR,ERR,ERR,ERR,ERR,ERR,ERR,ERR,ERR,ERR,ERR,ERR,ERR,ERR,ERR,ERR,ERR,ERR,ERR,ERR,ERR,ERR,ERR,ERR,ERR,ERR,ERR,ERR,ERR,ERR,ERR,ERR,ERR,ERR,ERR,ERR,ERR,ERR,ERR,ERR,ERR,ERR,ERR,ERR,ERR,ERR,ERR,ERR,ERR,ERR,ERR,ERR,ERR,ERR,ERR,ERR,ERR,ERR,ERR,ERR,ERR,ERR,ERR,ERR,ERR,ERR,0.0,0.0,-101055584.0,0.0,0.0,0.0,0.0,nan,0,0,0,32768,0,0.0,0,0.0,0.0,0.0,0.0,0.0,0,0,0,0,0.0,0,0,0,0,0,0,0,0,0,0,0,0,0,0,0,0,0,0,0,0,0,0,0,0,0,0,0,0,0,0,0,0,0,0,0,0,0,0,0,0,0,0,0,0,0.0,0.0,0.0,0.0,0.0,0.0,0.0,0.0,0.0,0.0,0.0,0.0,0.0,0.0,0.0,0.0,0.0,0.0,0.0,0.0,0.0,0.0,-2.004,-2.004,-2.004,2.004,0.0,0.0,0.0,0.0,3397.0,0.0,0.0,0.0,-0.0,-0.0,0.0,0.0,0.0,0.0,0.0,0,-107615248.0,-0.0,0.0,0.0,0.0,0.0,0.0,0.0,0.0,0,0,0,0.0,0.0,0.0,0.0,0.0,0.0,0.0,0.0,0.0,0.0,0.0,0.0,0.0,0.0,0.0,0.0,0,-107875648.0,0,0.0,0,-107875648.0,-107877712.0,0,26215,17039,39322,17053,39322,17037,0,0,0,110,100,100,2.7302334150594743e+23,64.0,0.0,64.9,-107615304.0,68.5,1,49,50,180,0,39322,0,0,0.0,0.0,0.0,0.0,-360.52,65.0,0.0,2.464394338811125e+28,0.0,645,0,688,0,0,0,716,0,788,0,708,0,689,0,645,0,642,0,616,0.032,36700160.0,0.0,2.7302316136196234e+23,40592,16788,-0.005,0.0,-0.0,-0.0,1.443010605165314e+19,-1.775,29.0,60.0,70,0.0,0.0,0.0,0.0,0.0,0.0,0.0,0.0,0.0,0.0,0.0,0.0,0.0,0.0,0.0,0.0,59.2,69,11,65508,41,65476,0,300,0,0,8,20529,65476,0,0,61604,60.0,0.0,0.0,0.0,0.0,0.0
2026-04-04T11:26:55,ERR,ERR,ERR,ERR,ERR,ERR,ERR,ERR,ERR,ERR,ERR,ERR,ERR,ERR,ERR,ERR,ERR,ERR,ERR,ERR,ERR,ERR,ERR,ERR,ERR,ERR,ERR,ERR,ERR,ERR,ERR,ERR,ERR,ERR,ERR,ERR,ERR,ERR,ERR,ERR,ERR,ERR,ERR,ERR,ERR,ERR,ERR,ERR,ERR,ERR,ERR,ERR,ERR,ERR,ERR,ERR,ERR,ERR,ERR,ERR,ERR,ERR,ERR,ERR,ERR,ERR,ERR,ERR,ERR,ERR,ERR,ERR,ERR,ERR,ERR,ERR,ERR,ERR,ERR,ERR,ERR,ERR,ERR,ERR,ERR,ERR,ERR,ERR,ERR,ERR,ERR,ERR,ERR,ERR,ERR,ERR,ERR,ERR,ERR,ERR,ERR,ERR,ERR,ERR,ERR,ERR,ERR,ERR,ERR,ERR,ERR,ERR,ERR,ERR,ERR,ERR,ERR,ERR,ERR,ERR,ERR,ERR,ERR,ERR,ERR,0.0,0.0,-101055584.0,0.0,0.0,0.0,0.0,nan,0,0,0,32768,0,0.0,0,0.0,0.0,0.0,0.0,0.0,0,0,0,0,0.0,0,0,0,0,0,0,0,0,0,0,0,0,0,0,0,0,0,0,0,0,0,0,0,0,0,0,0,0,0,0,0,0,0,0,0,0,0,0,0,0,0,0,0,0,0.0,0.0,0.0,0.0,0.0,0.0,0.0,0.0,0.0,0.0,0.0,0.0,0.0,0.0,0.0,0.0,0.0,0.0,0.0,0.0,0.0,0.0,-2.004,-2.004,-2.004,2.004,0.0,0.0,0.0,0.0,3397.0,0.0,0.0,0.0,-0.0,-0.0,0.0,0.0,0.0,0.0,0.0,0,-107615248.0,-0.0,0.0,0.0,0.0,0.0,0.0,0.0,0.0,0,0,0,0.0,0.0,0.0,0.0,0.0,0.0,0.0,0.0,0.0,0.0,0.0,0.0,0.0,0.0,0.0,0.0,0,-107875648.0,0,0.0,0,-107875648.0,-107877712.0,0,26215,17039,39322,17053,39322,17037,0,0,0,110,100,100,2.7302334150594743e+23,64.0,0.0,64.9,-107615304.0,68.5,1,49,50,180,0,39322,0,0,0.0,0.0,0.0,0.0,-360.52,65.0,0.0,2.464394338811125e+28,0.0,645,0,688,0,0,0,716,0,788,0,708,0,689,0,645,0,642,0,616,0.032,36700160.0,0.0,2.7302316136196234e+23,40592,16788,-0.005,0.0,-0.0,-0.0,1.443010605165314e+19,-1.775,29.0,60.0,70,0.0,0.0,0.0,0.0,0.0,0.0,0.0,0.0,0.0,0.0,0.0,0.0,0.0,0.0,0.0,0.0,59.2,69,11,65508,41,65476,0,300,0,0,8,20529,65476,0,0,61604,60.0,0.0,0.0,0.0,0.0,0.0
2026-04-04T11:26:56,ERR,ERR,ERR,ERR,ERR,ERR,ERR,ERR,ERR,ERR,ERR,ERR,ERR,ERR,ERR,ERR,ERR,ERR,ERR,ERR,ERR,ERR,ERR,ERR,ERR,ERR,ERR,ERR,ERR,ERR,ERR,ERR,ERR,ERR,ERR,ERR,ERR,ERR,ERR,ERR,ERR,ERR,ERR,ERR,ERR,ERR,ERR,ERR,ERR,ERR,ERR,ERR,ERR,ERR,ERR,ERR,ERR,ERR,ERR,ERR,ERR,ERR,ERR,ERR,ERR,ERR,ERR,ERR,ERR,ERR,ERR,ERR,ERR,ERR,ERR,ERR,ERR,ERR,ERR,ERR,ERR,ERR,ERR,ERR,ERR,ERR,ERR,ERR,ERR,ERR,ERR,ERR,ERR,ERR,ERR,ERR,ERR,ERR,ERR,ERR,ERR,ERR,ERR,ERR,ERR,ERR,ERR,ERR,ERR,ERR,ERR,ERR,ERR,ERR,ERR,ERR,ERR,ERR,ERR,ERR,ERR,ERR,ERR,ERR,ERR,0.0,0.0,-101055584.0,0.0,0.0,0.0,0.0,nan,0,0,0,32768,0,0.0,0,0.0,0.0,0.0,0.0,0.0,0,0,0,0,0.0,0,0,0,0,0,0,0,0,0,0,0,0,0,0,0,0,0,0,0,0,0,0,0,0,0,0,0,0,0,0,0,0,0,0,0,0,0,0,0,0,0,0,0,0,0.0,0.0,0.0,0.0,0.0,0.0,0.0,0.0,0.0,0.0,0.0,0.0,0.0,0.0,0.0,0.0,0.0,0.0,0.0,0.0,0.0,0.0,-2.004,-2.004,-2.004,2.004,0.0,0.0,0.0,0.0,3397.0,0.0,0.0,0.0,-0.0,-0.0,0.0,0.0,0.0,0.0,0.0,0,-107615248.0,-0.0,0.0,0.0,0.0,0.0,0.0,0.0,0.0,0,0,0,0.0,0.0,0.0,0.0,0.0,0.0,0.0,0.0,0.0,0.0,0.0,0.0,0.0,0.0,0.0,0.0,0,-107875648.0,0,0.0,0,-107875648.0,-107877712.0,0,13107,17039,39322,17053,39322,17037,0,0,0,110,100,100,2.7302334150594743e+23,64.0,0.0,64.9,-107615304.0,68.5,1,49,50,180,0,39322,0,0,0.0,0.0,0.0,0.0,-1.6176374891219364e+27,65.0,0.0,0.0,0.0,645,0,688,0,0,0,716,0,788,0,709,0,689,0,645,0,642,0,616,0.032,36700160.0,0.0,2.7302316136196234e+23,30352,16788,-1919833469878272.0,-1.514200086570523e+23,-0.0,0.0,1.389712358528358e+32,-3.495964565600993e+17,29.0,60.0,70,0.0,0.0,0.0,0.0,0.0,0.0,0.0,0.0,0.0,0.0,0.0,0.0,0.0,0.0,0.0,0.0,59.2,69,11,65508,41,65476,0,300,0,0,8,20529,65476,0,0,61604,60.0,0.0,0.0,0.0,0.0,0.0
2026-04-04T11:26:57,ERR,ERR,ERR,ERR,ERR,ERR,ERR,ERR,ERR,ERR,ERR,ERR,ERR,ERR,ERR,ERR,ERR,ERR,ERR,ERR,ERR,ERR,ERR,ERR,ERR,ERR,ERR,ERR,ERR,ERR,ERR,ERR,ERR,ERR,ERR,ERR,ERR,ERR,ERR,ERR,ERR,ERR,ERR,ERR,ERR,ERR,ERR,ERR,ERR,ERR,ERR,ERR,ERR,ERR,ERR,ERR,ERR,ERR,ERR,ERR,ERR,ERR,ERR,ERR,ERR,ERR,ERR,ERR,ERR,ERR,ERR,ERR,ERR,ERR,ERR,ERR,ERR,ERR,ERR,ERR,ERR,ERR,ERR,ERR,ERR,ERR,ERR,ERR,ERR,ERR,ERR,ERR,ERR,ERR,ERR,ERR,ERR,ERR,ERR,ERR,ERR,ERR,ERR,ERR,ERR,ERR,ERR,ERR,ERR,ERR,ERR,ERR,ERR,ERR,ERR,ERR,ERR,ERR,ERR,ERR,ERR,ERR,ERR,ERR,ERR,0.0,0.0,-101055584.0,0.0,0.0,0.0,0.0,nan,0,0,0,32768,0,0.0,0,0.0,0.0,0.0,0.0,0.0,0,0,0,0,0.0,0,0,0,0,0,0,0,0,0,0,0,0,0,0,0,0,0,0,0,0,0,0,0,0,0,0,0,0,0,0,0,0,0,0,0,0,0,0,0,0,0,0,0,0,0.0,0.0,0.0,0.0,0.0,0.0,0.0,0.0,0.0,0.0,0.0,0.0,0.0,0.0,0.0,0.0,0.0,0.0,0.0,0.0,0.0,0.0,-2.004,-2.004,-2.004,2.004,0.0,0.0,0.0,0.0,3397.0,0.0,0.0,0.0,-0.0,-0.0,0.0,0.0,0.0,0.0,0.0,0,-107615248.0,-0.0,0.0,0.0,0.0,0.0,0.0,0.0,0.0,0,0,0,0.0,0.0,0.0,0.0,0.0,0.0,0.0,0.0,0.0,0.0,0.0,0.0,0.0,0.0,0.0,0.0,0,-107875648.0,0,0.0,0,-107875648.0,-107877712.0,0,13107,17039,39322,17053,39322,17037,0,0,0,110,100,100,2.7302334150594743e+23,64.0,0.0,64.9,-107615304.0,68.5,1,49,50,180,0,39322,0,0,0.0,0.0,0.0,0.0,-1.6176374891219364e+27,65.0,0.0,0.0,0.0,645,0,688,0,0,0,716,0,788,0,709,0,689,0,645,0,642,0,616,0.032,36700160.0,0.0,2.7302316136196234e+23,30352,16788,-1919833469878272.0,-1.514200086570523e+23,-0.0,0.0,1.389712358528358e+32,-3.495964565600993e+17,29.0,60.0,70,0.0,0.0,0.0,0.0,0.0,0.0,0.0,0.0,0.0,0.0,0.0,0.0,0.0,0.0,0.0,0.0,59.2,69,11,65508,41,65476,0,300,0,0,8,20529,65476,0,0,61604,60.0,0.0,0.0,0.0,0.0,0.0
2026-04-04T11:26:58,ERR,ERR,ERR,ERR,ERR,ERR,ERR,ERR,ERR,ERR,ERR,ERR,ERR,ERR,ERR,ERR,ERR,ERR,ERR,ERR,ERR,ERR,ERR,ERR,ERR,ERR,ERR,ERR,ERR,ERR,ERR,ERR,ERR,ERR,ERR,ERR,ERR,ERR,ERR,ERR,ERR,ERR,ERR,ERR,ERR,ERR,ERR,ERR,ERR,ERR,ERR,ERR,ERR,ERR,ERR,ERR,ERR,ERR,ERR,ERR,ERR,ERR,ERR,ERR,ERR,ERR,ERR,ERR,ERR,ERR,ERR,ERR,ERR,ERR,ERR,ERR,ERR,ERR,ERR,ERR,ERR,ERR,ERR,ERR,ERR,ERR,ERR,ERR,ERR,ERR,ERR,ERR,ERR,ERR,ERR,ERR,ERR,ERR,ERR,ERR,ERR,ERR,ERR,ERR,ERR,ERR,ERR,ERR,ERR,ERR,ERR,ERR,ERR,ERR,ERR,ERR,ERR,ERR,ERR,ERR,ERR,ERR,ERR,ERR,ERR,0.0,-0.0,-0.0,0.0,0.0,0.0,0.0,nan,0,0,0,32768,0,0.0,0,0.0,0.0,0.0,0.0,0.0,0,0,0,0,0.0,0,0,0,0,0,0,0,0,0,0,0,0,0,0,0,0,0,0,0,0,0,0,0,0,0,0,0,0,0,0,0,0,0,0,0,0,0,0,0,0,0,0,0,0,0.0,0.0,0.0,0.0,0.0,0.0,0.0,0.0,0.0,0.0,0.0,0.0,0.0,0.0,0.0,0.0,0.0,0.0,0.0,0.0,0.0,0.0,-2.004,0.0,-2.004,2.004,0.0,0.0,0.0,0.0,3377.5,-3.697154027885167e+19,0.0,0.0,0.0,-0.0,0.0,0.0,0.0,0.0,0.0,0,-0.0,-0.0,0.0,0.0,0.0,0.0,0.0,0.0,0.0,0,0,0,0.0,0.0,0.0,0.0,0.0,0.0,0.0,0.0,0.0,0.0,0.0,0.0,0.0,0.0,0.0,0.0,0,-107875648.0,0,0.0,0,-107875648.0,-107877712.0,0,13107,17039,39322,17053,39322,17037,0,0,0,110,100,100,2.7302334150594743e+23,64.0,0.0,64.9,-107615304.0,68.5,1,49,50,180,0,39322,0,0,0.0,0.0,0.0,0.0,-1.6176374891219364e+27,65.0,0.0,0.0,0.0,645,0,688,0,0,0,716,0,788,0,709,0,689,0,645,0,642,0,616,0.032,36700160.0,0.0,2.7302316136196234e+23,30352,16788,-1919833469878272.0,-1.514200086570523e+23,-0.0,0.0,1.389712358528358e+32,-3.495964565600993e+17,29.0,60.0,70,0.0,0.0,0.0,0.0,0.0,0.0,0.0,0.0,0.0,0.0,0.0,0.0,0.0,0.0,0.0,0.0,59.2,69,11,65508,41,65476,0,300,0,0,8,20529,65476,0,0,61604,60.0,0.0,0.0,0.0,0.0,0.0
2026-04-04T11:26:59,ERR,ERR,ERR,ERR,ERR,ERR,ERR,ERR,ERR,ERR,ERR,ERR,ERR,ERR,ERR,ERR,ERR,ERR,ERR,ERR,ERR,ERR,ERR,ERR,ERR,ERR,ERR,ERR,ERR,ERR,ERR,ERR,ERR,ERR,ERR,ERR,ERR,ERR,ERR,ERR,ERR,ERR,ERR,ERR,ERR,ERR,ERR,ERR,ERR,ERR,ERR,ERR,ERR,ERR,ERR,ERR,ERR,ERR,ERR,ERR,ERR,ERR,ERR,ERR,ERR,ERR,ERR,ERR,ERR,ERR,ERR,ERR,ERR,ERR,ERR,ERR,ERR,ERR,ERR,ERR,ERR,ERR,ERR,ERR,ERR,ERR,ERR,ERR,ERR,ERR,ERR,ERR,ERR,ERR,ERR,ERR,ERR,ERR,ERR,ERR,ERR,ERR,ERR,ERR,ERR,ERR,ERR,ERR,ERR,ERR,ERR,ERR,ERR,ERR,ERR,ERR,ERR,ERR,ERR,ERR,ERR,ERR,ERR,ERR,ERR,0.0,-0.0,-0.0,0.0,0.0,0.0,0.0,nan,0,0,0,32768,0,0.0,0,0.0,0.0,0.0,0.0,0.0,0,0,0,0,0.0,0,0,0,0,0,0,0,0,0,0,0,0,0,0,0,0,0,0,0,0,0,0,0,0,0,0,0,0,0,0,0,0,0,0,0,0,0,0,0,0,0,0,0,0,0.0,0.0,0.0,0.0,0.0,0.0,0.0,0.0,0.0,0.0,0.0,0.0,0.0,0.0,0.0,0.0,0.0,0.0,0.0,0.0,0.0,0.0,-2.004,0.0,-2.004,2.004,0.0,0.0,0.0,0.0,3377.5,-3.697154027885167e+19,0.0,0.0,0.0,-0.0,0.0,0.0,0.0,0.0,0.0,0,-0.0,-0.0,0.0,0.0,0.0,0.0,0.0,0.0,0.0,0,0,0,0.0,0.0,0.0,0.0,0.0,0.0,0.0,0.0,0.0,0.0,0.0,0.0,0.0,0.0,0.0,0.0,0,-107875648.0,0,0.0,0,-107875648.0,-107877712.0,0,13107,17039,39322,17053,39322,17037,0,0,0,110,100,100,2.7302334150594743e+23,64.0,0.0,64.9,-107615304.0,68.5,1,49,50,180,0,39322,0,0,0.0,0.0,0.0,0.0,-1.6176374891219364e+27,65.0,0.0,0.0,0.0,645,0,688,0,0,0,716,0,788,0,709,0,689,0,645,0,642,0,616,0.032,36700160.0,0.0,2.7302316136196234e+23,30352,16788,-1919833469878272.0,-1.514200086570523e+23,-0.0,0.0,1.389712358528358e+32,-3.495964565600993e+17,29.0,60.0,70,0.0,0.0,0.0,0.0,0.0,0.0,0.0,0.0,0.0,0.0,0.0,0.0,0.0,0.0,0.0,0.0,59.2,69,11,65508,41,65476,0,300,0,0,8,20529,65476,0,0,61604,60.0,0.0,0.0,0.0,0.0,0.0
2026-04-04T11:27:00,ERR,ERR,ERR,ERR,ERR,ERR,ERR,ERR,ERR,ERR,ERR,ERR,ERR,ERR,ERR,ERR,ERR,ERR,ERR,ERR,ERR,ERR,ERR,ERR,ERR,ERR,ERR,ERR,ERR,ERR,ERR,ERR,ERR,ERR,ERR,ERR,ERR,ERR,ERR,ERR,ERR,ERR,ERR,ERR,ERR,ERR,ERR,ERR,ERR,ERR,ERR,ERR,ERR,ERR,ERR,ERR,ERR,ERR,ERR,ERR,ERR,ERR,ERR,ERR,ERR,ERR,ERR,ERR,ERR,ERR,ERR,ERR,ERR,ERR,ERR,ERR,ERR,ERR,ERR,ERR,ERR,ERR,ERR,ERR,ERR,ERR,ERR,ERR,ERR,ERR,ERR,ERR,ERR,ERR,ERR,ERR,ERR,ERR,ERR,ERR,ERR,ERR,ERR,ERR,ERR,ERR,ERR,ERR,ERR,ERR,ERR,ERR,ERR,ERR,ERR,ERR,ERR,ERR,ERR,ERR,ERR,ERR,ERR,ERR,ERR,0.0,-0.0,-0.0,0.0,0.0,0.0,0.0,nan,0,0,0,32768,0,0.0,0,0.0,0.0,0.0,0.0,0.0,0,0,0,0,0.0,0,0,0,0,0,0,0,0,0,0,0,0,0,0,0,0,0,0,0,0,0,0,0,0,0,0,0,0,0,0,0,0,0,0,0,0,0,0,0,0,0,0,0,0,0.0,0.0,0.0,0.0,0.0,0.0,0.0,0.0,0.0,0.0,0.0,0.0,0.0,0.0,0.0,0.0,0.0,0.0,0.0,0.0,0.0,0.0,-2.004,0.0,-2.004,2.004,0.0,0.0,0.0,0.0,3377.5,-3.697154027885167e+19,0.0,0.0,0.0,-0.0,0.0,0.0,0.0,0.0,0.0,0,-0.0,-0.0,0.0,0.0,0.0,0.0,0.0,0.0,0.0,0,0,0,0.0,0.0,0.0,0.0,0.0,0.0,0.0,0.0,0.0,0.0,0.0,0.0,0.0,0.0,0.0,0.0,0,-107875648.0,0,0.0,0,-107875648.0,-107877712.0,0,13107,17039,39322,17053,39322,17037,0,0,0,110,100,100,2.7302334150594743e+23,64.0,0.0,64.9,-107615304.0,68.5,1,49,50,180,0,39322,0,0,0.0,0.0,0.0,0.0,-1.6176374891219364e+27,65.0,0.0,0.0,0.0,645,0,688,0,0,0,716,0,788,0,709,0,689,0,645,0,642,0,616,0.032,36700160.0,0.0,2.7302316136196234e+23,30352,16788,-1919833469878272.0,-1.514200086570523e+23,-0.0,0.0,1.389712358528358e+32,-3.495964565600993e+17,29.0,60.0,70,0.0,0.0,0.0,0.0,0.0,0.0,0.0,0.0,0.0,0.0,0.0,0.0,0.0,0.0,0.0,0.0,59.2,69,11,65508,41,65476,0,300,0,0,8,20529,65476,0,0,61604,60.0,0.0,0.0,0.0,0.0,0.0
2026-04-04T11:27:01,ERR,ERR,ERR,ERR,ERR,ERR,ERR,ERR,ERR,ERR,ERR,ERR,ERR,ERR,ERR,ERR,ERR,ERR,ERR,ERR,ERR,ERR,ERR,ERR,ERR,ERR,ERR,ERR,ERR,ERR,ERR,ERR,ERR,ERR,ERR,ERR,ERR,ERR,ERR,ERR,ERR,ERR,ERR,ERR,ERR,ERR,ERR,ERR,ERR,ERR,ERR,ERR,ERR,ERR,ERR,ERR,ERR,ERR,ERR,ERR,ERR,ERR,ERR,ERR,ERR,ERR,ERR,ERR,ERR,ERR,ERR,ERR,ERR,ERR,ERR,ERR,ERR,ERR,ERR,ERR,ERR,ERR,ERR,ERR,ERR,ERR,ERR,ERR,ERR,ERR,ERR,ERR,ERR,ERR,ERR,ERR,ERR,ERR,ERR,ERR,ERR,ERR,ERR,ERR,ERR,ERR,ERR,ERR,ERR,ERR,ERR,ERR,ERR,ERR,ERR,ERR,ERR,ERR,ERR,ERR,ERR,ERR,ERR,ERR,ERR,0.0,-0.0,-0.0,0.0,0.0,0.0,0.0,nan,0,0,0,32768,0,0.0,0,0.0,0.0,0.0,0.0,0.0,0,0,0,0,0.0,0,0,0,0,0,0,0,0,0,0,0,0,0,0,0,0,0,0,0,0,0,0,0,0,0,0,0,0,0,0,0,0,0,0,0,0,0,0,0,0,0,0,0,0,0.0,0.0,0.0,0.0,0.0,0.0,0.0,0.0,0.0,0.0,0.0,0.0,0.0,0.0,0.0,0.0,0.0,0.0,0.0,0.0,0.0,0.0,-2.004,0.0,-2.004,2.004,0.0,0.0,0.0,0.0,3377.5,-3.697154027885167e+19,0.0,0.0,0.0,-0.0,0.0,0.0,0.0,0.0,0.0,0,-0.0,-0.0,0.0,0.0,0.0,0.0,0.0,0.0,0.0,0,0,0,0.0,0.0,0.0,0.0,0.0,0.0,0.0,0.0,0.0,0.0,0.0,0.0,0.0,0.0,0.0,0.0,0,-107875648.0,0,0.0,0,-107875648.0,-107877712.0,0,13107,17039,39322,17053,39322,17037,0,0,0,110,100,100,2.7302334150594743e+23,64.0,0.0,64.9,-107615304.0,68.5,1,49,50,180,0,39322,0,0,0.0,0.0,0.0,0.0,-1.6176374891219364e+27,65.0,0.0,0.0,0.0,645,0,688,0,0,0,716,0,788,0,709,0,689,0,645,0,642,0,616,0.032,36700160.0,0.0,2.7302316136196234e+23,30352,16788,-1919833469878272.0,-1.514200086570523e+23,-0.0,0.0,1.389712358528358e+32,-3.495964565600993e+17,29.0,60.0,70,0.0,0.0,0.0,0.0,0.0,0.0,0.0,0.0,0.0,0.0,0.0,0.0,0.0,0.0,0.0,0.0,59.2,69,11,65508,41,65476,0,300,0,0,8,20529,65476,0,0,61604,60.0,0.0,0.0,0.0,0.0,0.0
2026-04-04T11:27:02,ERR,ERR,ERR,ERR,ERR,ERR,ERR,ERR,ERR,ERR,ERR,ERR,ERR,ERR,ERR,ERR,ERR,ERR,ERR,ERR,ERR,ERR,ERR,ERR,ERR,ERR,ERR,ERR,ERR,ERR,ERR,ERR,ERR,ERR,ERR,ERR,ERR,ERR,ERR,ERR,ERR,ERR,ERR,ERR,ERR,ERR,ERR,ERR,ERR,ERR,ERR,ERR,ERR,ERR,ERR,ERR,ERR,ERR,ERR,ERR,ERR,ERR,ERR,ERR,ERR,ERR,ERR,ERR,ERR,ERR,ERR,ERR,ERR,ERR,ERR,ERR,ERR,ERR,ERR,ERR,ERR,ERR,ERR,ERR,ERR,ERR,ERR,ERR,ERR,ERR,ERR,ERR,ERR,ERR,ERR,ERR,ERR,ERR,ERR,ERR,ERR,ERR,ERR,ERR,ERR,ERR,ERR,ERR,ERR,ERR,ERR,ERR,ERR,ERR,ERR,ERR,ERR,ERR,ERR,ERR,ERR,ERR,ERR,ERR,ERR,0.0,-0.0,-0.0,0.0,0.0,0.0,0.0,nan,0,0,0,32768,0,0.0,0,0.0,0.0,0.0,0.0,0.0,0,0,0,0,0.0,0,0,0,0,0,0,0,0,0,0,0,0,0,0,0,0,0,0,0,0,0,0,0,0,0,0,0,0,0,0,0,0,0,0,0,0,0,0,0,0,0,0,0,0,0.0,0.0,0.0,0.0,0.0,0.0,0.0,0.0,0.0,0.0,0.0,0.0,0.0,0.0,0.0,0.0,0.0,0.0,0.0,0.0,0.0,0.0,-2.004,0.0,-2.004,2.004,0.0,0.0,0.0,0.0,3377.5,-3.697154027885167e+19,0.0,0.0,0.0,-0.0,0.0,0.0,0.0,0.0,0.0,0,-0.0,-0.0,0.0,0.0,0.0,0.0,0.0,0.0,0.0,0,0,0,0.0,0.0,0.0,0.0,0.0,0.0,0.0,0.0,0.0,0.0,0.0,0.0,0.0,0.0,0.0,0.0,0,-107875648.0,0,0.0,0,-107875648.0,-107877712.0,0,13107,17039,39322,17053,52429,17037,0,0,0,110,100,100,2.7302334150594743e+23,64.0,0.0,64.9,-107615304.0,68.5,1,49,50,180,0,39322,0,0,0.0,0.0,0.0,0.0,-2.6662439212377388e+20,65.0,0.0,-0.0,0.0,645,0,688,0,0,0,716,0,788,0,709,0,689,0,645,0,642,0,616,0.032,45088768.0,0.0,2.7302316136196234e+23,46992,16788,-3.159448220941282e+24,-5.590267241347154e+17,-1694385438720.0,-0.0,-0.0,-1.1695753255024218e+36,29.0,60.0,70,0.0,0.0,0.0,0.0,0.0,0.0,0.0,0.0,0.0,0.0,0.0,0.0,0.0,0.0,0.0,0.0,59.2,69,11,65508,41,65476,0,300,0,0,8,20529,65476,0,0,61604,60.0,0.0,0.0,0.0,0.0,0.0
2026-04-04T11:27:03,ERR,ERR,ERR,ERR,ERR,ERR,ERR,ERR,ERR,ERR,ERR,ERR,ERR,ERR,ERR,ERR,ERR,ERR,ERR,ERR,ERR,ERR,ERR,ERR,ERR,ERR,ERR,ERR,ERR,ERR,ERR,ERR,ERR,ERR,ERR,ERR,ERR,ERR,ERR,ERR,ERR,ERR,ERR,ERR,ERR,ERR,ERR,ERR,ERR,ERR,ERR,ERR,ERR,ERR,ERR,ERR,ERR,ERR,ERR,ERR,ERR,ERR,ERR,ERR,ERR,ERR,ERR,ERR,ERR,ERR,ERR,ERR,ERR,ERR,ERR,ERR,ERR,ERR,ERR,ERR,ERR,ERR,ERR,ERR,ERR,ERR,ERR,ERR,ERR,ERR,ERR,ERR,ERR,ERR,ERR,ERR,ERR,ERR,ERR,ERR,ERR,ERR,ERR,ERR,ERR,ERR,ERR,ERR,ERR,ERR,ERR,ERR,ERR,ERR,ERR,ERR,ERR,ERR,ERR,ERR,ERR,ERR,ERR,ERR,ERR,0.0,-0.0,-0.0,0.0,0.0,0.0,0.0,nan,0,0,0,32768,0,0.0,0,0.0,0.0,0.0,0.0,0.0,0,0,0,0,0.0,0,0,0,0,0,0,0,0,0,0,0,0,0,0,0,0,0,0,0,0,0,0,0,0,0,0,0,0,0,0,0,0,0,0,0,0,0,0,0,0,0,0,0,0,0.0,0.0,0.0,0.0,0.0,0.0,0.0,0.0,0.0,0.0,0.0,0.0,0.0,0.0,0.0,0.0,0.0,0.0,0.0,0.0,0.0,0.0,-2.004,0.0,-2.004,2.004,0.0,0.0,0.0,0.0,3377.5,-3.697154027885167e+19,0.0,0.0,0.0,-0.0,0.0,0.0,0.0,0.0,0.0,0,-0.0,-0.0,0.0,0.0,0.0,0.0,0.0,0.0,0.0,0,0,0,0.0,0.0,0.0,0.0,0.0,0.0,0.0,0.0,0.0,0.0,0.0,0.0,0.0,0.0,0.0,0.0,0,-107875648.0,0,0.0,0,-107875648.0,-107877712.0,0,13107,17039,39322,17053,52429,17037,0,0,0,110,100,100,2.7302334150594743e+23,64.0,0.0,64.9,-107615304.0,68.5,1,49,50,180,0,39322,0,0,0.0,0.0,0.0,0.0,-2.6662439212377388e+20,65.0,0.0,-0.0,0.0,645,0,688,0,0,0,716,0,788,0,709,0,689,0,645,0,642,0,616,0.032,45088768.0,0.0,2.7302316136196234e+23,46992,16788,-3.159448220941282e+24,-5.590267241347154e+17,-1694385438720.0,-0.0,-0.0,-1.1695753255024218e+36,29.0,60.0,70,0.0,0.0,0.0,0.0,0.0,0.0,0.0,0.0,0.0,0.0,0.0,0.0,0.0,0.0,0.0,0.0,59.2,69,11,65508,41,65476,0,300,0,0,8,20529,65476,0,0,61604,60.0,0.0,0.0,0.0,0.0,0.0
2026-04-04T11:27:04,ERR,ERR,ERR,ERR,ERR,ERR,ERR,ERR,ERR,ERR,ERR,ERR,ERR,ERR,ERR,ERR,ERR,ERR,ERR,ERR,ERR,ERR,ERR,ERR,ERR,ERR,ERR,ERR,ERR,ERR,ERR,ERR,ERR,ERR,ERR,ERR,ERR,ERR,ERR,ERR,ERR,ERR,ERR,ERR,ERR,ERR,ERR,ERR,ERR,ERR,ERR,ERR,ERR,ERR,ERR,ERR,ERR,ERR,ERR,ERR,ERR,ERR,ERR,ERR,ERR,ERR,ERR,ERR,ERR,ERR,ERR,ERR,ERR,ERR,ERR,ERR,ERR,ERR,ERR,ERR,ERR,ERR,ERR,ERR,ERR,ERR,ERR,ERR,ERR,ERR,ERR,ERR,ERR,ERR,ERR,ERR,ERR,ERR,ERR,ERR,ERR,ERR,ERR,ERR,ERR,ERR,ERR,ERR,ERR,ERR,ERR,ERR,ERR,ERR,ERR,ERR,ERR,ERR,ERR,ERR,ERR,ERR,ERR,ERR,ERR,0.0,-0.0,-0.0,0.0,0.0,0.0,0.0,nan,0,0,0,32768,0,0.0,0,0.0,0.0,0.0,0.0,0.0,0,0,0,0,0.0,0,0,0,0,0,0,0,0,0,0,0,0,0,0,0,0,0,0,0,0,0,0,0,0,0,0,0,0,0,0,0,0,0,0,0,0,0,0,0,0,0,0,0,0,0.0,0.0,0.0,0.0,0.0,0.0,0.0,0.0,0.0,0.0,0.0,0.0,0.0,0.0,0.0,0.0,0.0,0.0,0.0,0.0,0.0,0.0,-2.004,0.0,-2.004,2.004,0.0,0.0,0.0,0.0,3377.5,-3.697154027885167e+19,0.0,0.0,0.0,-0.0,0.0,0.0,0.0,0.0,0.0,0,-0.0,-0.0,0.0,0.0,0.0,0.0,0.0,0.0,0.0,0,0,0,0.0,0.0,0.0,0.0,0.0,0.0,0.0,0.0,0.0,0.0,0.0,0.0,0.0,0.0,0.0,0.0,0,-107875648.0,0,0.0,0,-107875648.0,-107877712.0,0,13107,17039,39322,17053,52429,17037,0,0,0,110,100,100,2.7302334150594743e+23,64.0,0.0,64.9,-107615304.0,68.5,1,49,50,180,0,39322,0,0,0.0,0.0,0.0,0.0,-2.6662439212377388e+20,65.0,0.0,-0.0,0.0,645,0,688,0,0,0,716,0,788,0,709,0,689,0,645,0,642,0,616,0.032,45088768.0,0.0,2.7302316136196234e+23,46992,16788,-3.159448220941282e+24,-5.590267241347154e+17,-1694385438720.0,-0.0,-0.0,-1.1695753255024218e+36,29.0,60.0,70,0.0,0.0,0.0,0.0,0.0,0.0,0.0,0.0,0.0,0.0,0.0,0.0,0.0,0.0,0.0,0.0,59.2,69,11,65508,41,65476,0,300,0,0,8,20529,65476,0,0,61604,60.0,0.0,0.0,0.0,0.0,0.0
2026-04-04T11:27:05,ERR,ERR,ERR,ERR,ERR,ERR,ERR,ERR,ERR,ERR,ERR,ERR,ERR,ERR,ERR,ERR,ERR,ERR,ERR,ERR,ERR,ERR,ERR,ERR,ERR,ERR,ERR,ERR,ERR,ERR,ERR,ERR,ERR,ERR,ERR,ERR,ERR,ERR,ERR,ERR,ERR,ERR,ERR,ERR,ERR,ERR,ERR,ERR,ERR,ERR,ERR,ERR,ERR,ERR,ERR,ERR,ERR,ERR,ERR,ERR,ERR,ERR,ERR,ERR,ERR,ERR,ERR,ERR,ERR,ERR,ERR,ERR,ERR,ERR,ERR,ERR,ERR,ERR,ERR,ERR,ERR,ERR,ERR,ERR,ERR,ERR,ERR,ERR,ERR,ERR,ERR,ERR,ERR,ERR,ERR,ERR,ERR,ERR,ERR,ERR,ERR,ERR,ERR,ERR,ERR,ERR,ERR,ERR,ERR,ERR,ERR,ERR,ERR,ERR,ERR,ERR,ERR,ERR,ERR,ERR,ERR,ERR,ERR,ERR,ERR,0.0,-0.0,-0.0,0.0,0.0,0.0,0.0,nan,0,0,0,32768,0,0.0,0,0.0,0.0,0.0,0.0,0.0,0,0,0,0,0.0,0,0,0,0,0,0,0,0,0,0,0,0,0,0,0,0,0,0,0,0,0,0,0,0,0,0,0,0,0,0,0,0,0,0,0,0,0,0,0,0,0,0,0,0,0.0,0.0,0.0,0.0,0.0,0.0,0.0,0.0,0.0,0.0,0.0,0.0,0.0,0.0,0.0,0.0,0.0,0.0,0.0,0.0,0.0,0.0,-2.004,0.0,-2.004,2.004,0.0,0.0,0.0,0.0,3381.0,-3.697154027885167e+19,0.0,0.0,-0.0,-0.0,0.0,0.0,0.0,0.0,0.0,0,-71.63,-0.0,0.0,0.0,0.0,0.0,0.0,0.0,0.0,0,0,0,0.0,0.0,0.0,0.0,0.0,0.0,0.0,0.0,0.0,0.0,0.0,0.0,0.0,0.0,0.0,0.0,0,-107875648.0,0,0.0,0,-107875648.0,-107877712.0,0,13107,17039,39322,17053,52429,17037,0,0,0,110,100,100,2.7302334150594743e+23,64.0,0.0,64.9,-107615304.0,68.5,1,49,50,180,0,39322,0,0,0.0,0.0,0.0,0.0,-2.6662439212377388e+20,65.0,0.0,-0.0,0.0,645,0,688,0,0,0,716,0,788,0,709,0,689,0,645,0,642,0,616,0.032,45088768.0,0.0,2.7302316136196234e+23,46992,16788,-3.159448220941282e+24,-5.590267241347154e+17,-1694385438720.0,-0.0,-0.0,-1.1695753255024218e+36,29.0,60.0,70,0.0,0.0,0.0,0.0,0.0,0.0,0.0,0.0,0.0,0.0,0.0,0.0,0.0,0.0,0.0,0.0,59.2,69,11,65508,41,65476,0,300,0,0,8,20529,65476,0,0,61604,60.0,0.0,0.0,0.0,0.0,0.0
2026-04-04T11:27:06,ERR,ERR,ERR,ERR,ERR,ERR,ERR,ERR,ERR,ERR,ERR,ERR,ERR,ERR,ERR,ERR,ERR,ERR,ERR,ERR,ERR,ERR,ERR,ERR,ERR,ERR,ERR,ERR,ERR,ERR,ERR,ERR,ERR,ERR,ERR,ERR,ERR,ERR,ERR,ERR,ERR,ERR,ERR,ERR,ERR,ERR,ERR,ERR,ERR,ERR,ERR,ERR,ERR,ERR,ERR,ERR,ERR,ERR,ERR,ERR,ERR,ERR,ERR,ERR,ERR,ERR,ERR,ERR,ERR,ERR,ERR,ERR,ERR,ERR,ERR,ERR,ERR,ERR,ERR,ERR,ERR,ERR,ERR,ERR,ERR,ERR,ERR,ERR,ERR,ERR,ERR,ERR,ERR,ERR,ERR,ERR,ERR,ERR,ERR,ERR,ERR,ERR,ERR,ERR,ERR,ERR,ERR,ERR,ERR,ERR,ERR,ERR,ERR,ERR,ERR,ERR,ERR,ERR,ERR,ERR,ERR,ERR,ERR,ERR,ERR,0.0,-0.0,-0.0,0.0,0.0,0.0,0.0,nan,0,0,0,32768,0,0.0,0,0.0,0.0,0.0,0.0,0.0,0,0,0,0,0.0,0,0,0,0,0,0,0,0,0,0,0,0,0,0,0,0,0,0,0,0,0,0,0,0,0,0,0,0,0,0,0,0,0,0,0,0,0,0,0,0,0,0,0,0,0.0,0.0,0.0,0.0,0.0,0.0,0.0,0.0,0.0,0.0,0.0,0.0,0.0,0.0,0.0,0.0,0.0,0.0,0.0,0.0,0.0,0.0,-2.004,0.0,-2.004,2.004,0.0,0.0,0.0,0.0,3381.0,-3.697154027885167e+19,0.0,0.0,-0.0,-0.0,0.0,0.0,0.0,0.0,0.0,0,-71.63,-0.0,0.0,0.0,0.0,0.0,0.0,0.0,0.0,0,0,0,0.0,0.0,0.0,0.0,0.0,0.0,0.0,0.0,0.0,0.0,0.0,0.0,0.0,0.0,0.0,0.0,0,-107875648.0,0,0.0,0,-107875648.0,-107877712.0,0,13107,17039,39322,17053,52429,17037,0,0,0,110,100,100,2.7302334150594743e+23,64.0,0.0,64.9,-107615304.0,68.5,1,49,50,180,0,39322,0,0,0.0,0.0,0.0,0.0,-2.6662439212377388e+20,65.0,0.0,-0.0,0.0,645,0,688,0,0,0,716,0,788,0,709,0,689,0,645,0,642,0,616,0.032,45088768.0,0.0,2.7302316136196234e+23,46992,16788,-3.159448220941282e+24,-5.590267241347154e+17,-1694385438720.0,-0.0,-0.0,-1.1695753255024218e+36,29.0,60.0,70,0.0,0.0,0.0,0.0,0.0,0.0,0.0,0.0,0.0,0.0,0.0,0.0,0.0,0.0,0.0,0.0,59.6,69,11,65508,41,65476,0,300,0,0,8,20529,65476,0,0,61604,60.0,0.0,0.0,0.0,0.0,0.0
2026-04-04T11:27:07,ERR,ERR,ERR,ERR,ERR,ERR,ERR,ERR,ERR,ERR,ERR,ERR,ERR,ERR,ERR,ERR,ERR,ERR,ERR,ERR,ERR,ERR,ERR,ERR,ERR,ERR,ERR,ERR,ERR,ERR,ERR,ERR,ERR,ERR,ERR,ERR,ERR,ERR,ERR,ERR,ERR,ERR,ERR,ERR,ERR,ERR,ERR,ERR,ERR,ERR,ERR,ERR,ERR,ERR,ERR,ERR,ERR,ERR,ERR,ERR,ERR,ERR,ERR,ERR,ERR,ERR,ERR,ERR,ERR,ERR,ERR,ERR,ERR,ERR,ERR,ERR,ERR,ERR,ERR,ERR,ERR,ERR,ERR,ERR,ERR,ERR,ERR,ERR,ERR,ERR,ERR,ERR,ERR,ERR,ERR,ERR,ERR,ERR,ERR,ERR,ERR,ERR,ERR,ERR,ERR,ERR,ERR,ERR,ERR,ERR,ERR,ERR,ERR,ERR,ERR,ERR,ERR,ERR,ERR,ERR,ERR,ERR,ERR,ERR,ERR,0.0,-0.0,-0.0,0.0,0.0,0.0,0.0,nan,0,0,0,32768,0,0.0,0,0.0,0.0,0.0,0.0,0.0,0,0,0,0,0.0,0,0,0,0,0,0,0,0,0,0,0,0,0,0,0,0,0,0,0,0,0,0,0,0,0,0,0,0,0,0,0,0,0,0,0,0,0,0,0,0,0,0,0,0,0.0,0.0,0.0,0.0,0.0,0.0,0.0,0.0,0.0,0.0,0.0,0.0,0.0,0.0,0.0,0.0,0.0,0.0,0.0,0.0,0.0,0.0,-2.004,0.0,-2.004,2.004,0.0,0.0,0.0,0.0,3381.0,-3.697154027885167e+19,0.0,0.0,-0.0,-0.0,0.0,0.0,0.0,0.0,0.0,0,-71.63,-0.0,0.0,0.0,0.0,0.0,0.0,0.0,0.0,0,0,0,0.0,0.0,0.0,0.0,0.0,0.0,0.0,0.0,0.0,0.0,0.0,0.0,0.0,0.0,0.0,0.0,0,-107875648.0,0,0.0,0,-107875648.0,-107877712.0,0,13107,17039,39322,17053,52429,17037,0,0,0,110,100,100,2.7302334150594743e+23,64.0,0.0,64.9,-107615304.0,68.5,1,49,50,180,0,39322,0,0,0.0,0.0,0.0,0.0,-8.00851456121897e+16,65.0,0.0,-0.0,0.0,645,0,688,0,0,0,716,0,788,0,709,0,689,0,645,0,642,0,616,0.032,50069504.0,0.0,2.7302316136196234e+23,28816,16788,-1.4440769252858266e+17,9.584105968960641e+19,4.2280653489283044e+22,-154401344.0,2612.127,-0.0,29.0,60.0,70,0.0,0.0,0.0,0.0,0.0,0.0,0.0,0.0,0.0,0.0,0.0,0.0,0.0,0.0,0.0,0.0,59.6,69,11,65508,41,65476,0,300,0,0,8,20529,65476,0,0,61604,60.0,0.0,0.0,0.0,0.0,0.0
2026-04-04T11:27:08,ERR,ERR,ERR,ERR,ERR,ERR,ERR,ERR,ERR,ERR,ERR,ERR,ERR,ERR,ERR,ERR,ERR,ERR,ERR,ERR,ERR,ERR,ERR,ERR,ERR,ERR,ERR,ERR,ERR,ERR,ERR,ERR,ERR,ERR,ERR,ERR,ERR,ERR,ERR,ERR,ERR,ERR,ERR,ERR,ERR,ERR,ERR,ERR,ERR,ERR,ERR,ERR,ERR,ERR,ERR,ERR,ERR,ERR,ERR,ERR,ERR,ERR,ERR,ERR,ERR,ERR,ERR,ERR,ERR,ERR,ERR,ERR,ERR,ERR,ERR,ERR,ERR,ERR,ERR,ERR,ERR,ERR,ERR,ERR,ERR,ERR,ERR,ERR,ERR,ERR,ERR,ERR,ERR,ERR,ERR,ERR,ERR,ERR,ERR,ERR,ERR,ERR,ERR,ERR,ERR,ERR,ERR,ERR,ERR,ERR,ERR,ERR,ERR,ERR,ERR,ERR,ERR,ERR,ERR,ERR,ERR,ERR,ERR,ERR,ERR,0.0,-0.0,-0.0,0.0,0.0,0.0,0.0,nan,0,0,0,32768,0,0.0,0,0.0,0.0,0.0,0.0,0.0,0,0,0,0,0.0,0,0,0,0,0,0,0,0,0,0,0,0,0,0,0,0,0,0,0,0,0,0,0,0,0,0,0,0,0,0,0,0,0,0,0,0,0,0,0,0,0,0,0,0,0.0,0.0,0.0,0.0,0.0,0.0,0.0,0.0,0.0,0.0,0.0,0.0,0.0,0.0,0.0,0.0,0.0,0.0,0.0,0.0,0.0,0.0,-2.004,0.0,-2.004,2.004,0.0,0.0,0.0,0.0,3381.0,-3.697154027885167e+19,0.0,0.0,-0.0,-0.0,0.0,0.0,0.0,0.0,0.0,0,-71.63,-0.0,0.0,0.0,0.0,0.0,0.0,0.0,0.0,0,0,0,0.0,0.0,0.0,0.0,0.0,0.0,0.0,0.0,0.0,0.0,0.0,0.0,0.0,0.0,0.0,0.0,0,-107875648.0,0,0.0,0,-107875648.0,-107877712.0,0,13107,17039,39322,17053,52429,17037,0,0,0,110,100,100,2.7302334150594743e+23,64.0,0.0,64.9,-107615304.0,68.5,1,49,50,180,0,39322,0,0,0.0,0.0,0.0,0.0,-8.00851456121897e+16,65.0,0.0,-0.0,0.0,645,0,688,0,0,0,716,0,788,0,709,0,689,0,645,0,642,0,616,0.032,50069504.0,0.0,2.7302316136196234e+23,28816,16788,-1.4440769252858266e+17,9.584105968960641e+19,4.2280653489283044e+22,-154401344.0,2612.127,-0.0,29.0,60.0,70,0.0,0.0,0.0,0.0,0.0,0.0,0.0,0.0,0.0,0.0,0.0,0.0,0.0,0.0,0.0,0.0,59.2,69,11,65508,41,65476,0,300,0,0,8,20529,65476,0,0,61604,60.0,0.0,0.0,0.0,0.0,0.0
2026-04-04T11:27:09,ERR,ERR,ERR,ERR,ERR,ERR,ERR,ERR,ERR,ERR,ERR,ERR,ERR,ERR,ERR,ERR,ERR,ERR,ERR,ERR,ERR,ERR,ERR,ERR,ERR,ERR,ERR,ERR,ERR,ERR,ERR,ERR,ERR,ERR,ERR,ERR,ERR,ERR,ERR,ERR,ERR,ERR,ERR,ERR,ERR,ERR,ERR,ERR,ERR,ERR,ERR,ERR,ERR,ERR,ERR,ERR,ERR,ERR,ERR,ERR,ERR,ERR,ERR,ERR,ERR,ERR,ERR,ERR,ERR,ERR,ERR,ERR,ERR,ERR,ERR,ERR,ERR,ERR,ERR,ERR,ERR,ERR,ERR,ERR,ERR,ERR,ERR,ERR,ERR,ERR,ERR,ERR,ERR,ERR,ERR,ERR,ERR,ERR,ERR,ERR,ERR,ERR,ERR,ERR,ERR,ERR,ERR,ERR,ERR,ERR,ERR,ERR,ERR,ERR,ERR,ERR,ERR,ERR,ERR,ERR,ERR,ERR,ERR,ERR,ERR,0.0,-0.0,-0.0,0.0,0.0,0.0,0.0,nan,0,0,0,32768,0,0.0,0,0.0,0.0,0.0,0.0,0.0,0,0,0,0,0.0,0,0,0,0,0,0,0,0,0,0,0,0,0,0,0,0,0,0,0,0,0,0,0,0,0,0,0,0,0,0,0,0,0,0,0,0,0,0,0,0,0,0,0,0,0.0,0.0,0.0,0.0,0.0,0.0,0.0,0.0,0.0,0.0,0.0,0.0,0.0,0.0,0.0,0.0,0.0,0.0,0.0,0.0,0.0,0.0,-2.004,0.0,-2.004,2.004,0.0,0.0,0.0,0.0,3381.0,-3.697154027885167e+19,0.0,0.0,-0.0,-0.0,0.0,0.0,0.0,0.0,0.0,0,-71.63,-0.0,0.0,0.0,0.0,0.0,0.0,0.0,0.0,0,0,0,0.0,0.0,0.0,0.0,0.0,0.0,0.0,0.0,0.0,0.0,0.0,0.0,0.0,0.0,0.0,0.0,0,-107875648.0,0,0.0,0,-107875648.0,-107877712.0,0,13107,17039,39322,17053,52429,17037,0,0,0,110,100,100,2.7302334150594743e+23,64.0,0.0,64.9,-107615304.0,68.5,1,49,50,180,0,39322,0,0,0.0,0.0,0.0,0.0,-8.00851456121897e+16,65.0,0.0,-0.0,0.0,645,0,688,0,0,0,716,0,788,0,709,0,689,0,645,0,642,0,616,0.032,50069504.0,0.0,2.7302316136196234e+23,28816,16788,-1.4440769252858266e+17,9.584105968960641e+19,4.2280653489283044e+22,-154401344.0,2612.127,-0.0,29.0,60.0,70,0.0,0.0,0.0,0.0,0.0,0.0,0.0,0.0,0.0,0.0,0.0,0.0,0.0,0.0,0.0,0.0,59.2,69,11,65508,41,65476,0,300,0,0,8,20529,65476,0,0,61604,60.0,0.0,0.0,0.0,0.0,0.0
2026-04-04T11:27:10,ERR,ERR,ERR,ERR,ERR,ERR,ERR,ERR,ERR,ERR,ERR,ERR,ERR,ERR,ERR,ERR,ERR,ERR,ERR,ERR,ERR,ERR,ERR,ERR,ERR,ERR,ERR,ERR,ERR,ERR,ERR,ERR,ERR,ERR,ERR,ERR,ERR,ERR,ERR,ERR,ERR,ERR,ERR,ERR,ERR,ERR,ERR,ERR,ERR,ERR,ERR,ERR,ERR,ERR,ERR,ERR,ERR,ERR,ERR,ERR,ERR,ERR,ERR,ERR,ERR,ERR,ERR,ERR,ERR,ERR,ERR,ERR,ERR,ERR,ERR,ERR,ERR,ERR,ERR,ERR,ERR,ERR,ERR,ERR,ERR,ERR,ERR,ERR,ERR,ERR,ERR,ERR,ERR,ERR,ERR,ERR,ERR,ERR,ERR,ERR,ERR,ERR,ERR,ERR,ERR,ERR,ERR,ERR,ERR,ERR,ERR,ERR,ERR,ERR,ERR,ERR,ERR,ERR,ERR,ERR,ERR,ERR,ERR,ERR,ERR,0.0,-0.0,-0.0,0.0,0.0,0.0,0.0,nan,0,0,0,32768,0,0.0,0,0.0,0.0,0.0,0.0,0.0,0,0,0,0,0.0,0,0,0,0,0,0,0,0,0,0,0,0,0,0,0,0,0,0,0,0,0,0,0,0,0,0,0,0,0,0,0,0,0,0,0,0,0,0,0,0,0,0,0,0,0.0,0.0,0.0,0.0,0.0,0.0,0.0,0.0,0.0,0.0,0.0,0.0,0.0,0.0,0.0,0.0,0.0,0.0,0.0,0.0,0.0,0.0,-2.004,0.0,-2.004,2.004,0.0,0.0,0.0,0.0,3381.0,-3.697154027885167e+19,0.0,0.0,-0.0,-0.0,0.0,0.0,0.0,0.0,0.0,0,-71.63,-0.0,0.0,0.0,0.0,0.0,0.0,0.0,0.0,0,0,0,0.0,0.0,0.0,0.0,0.0,0.0,0.0,0.0,0.0,0.0,0.0,0.0,0.0,0.0,0.0,0.0,0,-107875648.0,0,0.0,0,-107875648.0,-107877712.0,0,13107,17039,39322,17053,52429,17037,0,0,0,110,100,100,2.7302334150594743e+23,64.0,0.0,64.9,-107615304.0,68.5,1,49,50,180,0,39322,0,0,0.0,0.0,0.0,0.0,-8.00851456121897e+16,65.0,0.0,-0.0,0.0,645,0,688,0,0,0,716,0,788,0,709,0,689,0,645,0,642,0,616,0.032,50069504.0,0.0,2.7302316136196234e+23,28816,16788,-1.4440769252858266e+17,9.584105968960641e+19,4.2280653489283044e+22,-154401344.0,2612.127,-0.0,29.0,60.0,70,0.0,0.0,0.0,0.0,0.0,0.0,0.0,0.0,0.0,0.0,0.0,0.0,0.0,0.0,0.0,0.0,59.2,69,11,65508,41,65476,0,300,0,0,8,20529,65476,0,0,61604,60.0,0.0,0.0,0.0,0.0,0.0
2026-04-04T11:27:11,ERR,ERR,ERR,ERR,ERR,ERR,ERR,ERR,ERR,ERR,ERR,ERR,ERR,ERR,ERR,ERR,ERR,ERR,ERR,ERR,ERR,ERR,ERR,ERR,ERR,ERR,ERR,ERR,ERR,ERR,ERR,ERR,ERR,ERR,ERR,ERR,ERR,ERR,ERR,ERR,ERR,ERR,ERR,ERR,ERR,ERR,ERR,ERR,ERR,ERR,ERR,ERR,ERR,ERR,ERR,ERR,ERR,ERR,ERR,ERR,ERR,ERR,ERR,ERR,ERR,ERR,ERR,ERR,ERR,ERR,ERR,ERR,ERR,ERR,ERR,ERR,ERR,ERR,ERR,ERR,ERR,ERR,ERR,ERR,ERR,ERR,ERR,ERR,ERR,ERR,ERR,ERR,ERR,ERR,ERR,ERR,ERR,ERR,ERR,ERR,ERR,ERR,ERR,ERR,ERR,ERR,ERR,ERR,ERR,ERR,ERR,ERR,ERR,ERR,ERR,ERR,ERR,ERR,ERR,ERR,ERR,ERR,ERR,ERR,ERR,0.0,-0.0,-0.0,0.0,0.0,0.0,0.0,nan,0,0,0,32768,0,0.0,0,0.0,0.0,0.0,0.0,0.0,0,0,0,0,0.0,0,0,0,0,0,0,0,0,0,0,0,0,0,0,0,0,0,0,0,0,0,0,0,0,0,0,0,0,0,0,0,0,0,0,0,0,0,0,0,0,0,0,0,0,0.0,0.0,0.0,0.0,0.0,0.0,0.0,0.0,0.0,0.0,0.0,0.0,0.0,0.0,0.0,0.0,0.0,0.0,0.0,0.0,0.0,0.0,-2.004,0.0,-2.004,2.004,0.0,0.0,0.0,0.0,3381.0,-3.697154027885167e+19,0.0,0.0,-0.0,-0.0,0.0,0.0,0.0,0.0,0.0,0,-71.63,-0.0,0.0,0.0,0.0,0.0,0.0,0.0,0.0,0,0,0,0.0,0.0,0.0,0.0,0.0,0.0,0.0,0.0,0.0,0.0,0.0,0.0,0.0,0.0,0.0,0.0,0,-107875648.0,0,0.0,0,-107875648.0,-107877712.0,0,13107,17039,39322,17053,52429,17037,0,0,0,110,100,100,2.7302334150594743e+23,64.0,0.0,64.9,-107615304.0,68.5,1,49,50,180,0,39322,0,0,0.0,0.0,0.0,0.0,-165635194880.0,65.0,0.0,-0.0,0.0,645,0,688,0,0,0,716,0,788,0,709,0,689,0,645,0,642,0,616,0.032,49020928.0,0.0,2.7302316136196234e+23,34960,16788,-4104.313,-0.0,1.0221230816755712e+16,0.0,0.009,-0.0,29.0,60.0,70,0.0,0.0,0.0,0.0,0.0,0.0,0.0,0.0,0.0,0.0,0.0,0.0,0.0,0.0,0.0,0.0,59.2,69,11,65508,41,65476,0,300,0,0,8,20529,65476,0,0,61604,60.0,0.0,0.0,0.0,0.0,0.0
2026-04-04T11:27:12,ERR,ERR,ERR,ERR,ERR,ERR,ERR,ERR,ERR,ERR,ERR,ERR,ERR,ERR,ERR,ERR,ERR,ERR,ERR,ERR,ERR,ERR,ERR,ERR,ERR,ERR,ERR,ERR,ERR,ERR,ERR,ERR,ERR,ERR,ERR,ERR,ERR,ERR,ERR,ERR,ERR,ERR,ERR,ERR,ERR,ERR,ERR,ERR,ERR,ERR,ERR,ERR,ERR,ERR,ERR,ERR,ERR,ERR,ERR,ERR,ERR,ERR,ERR,ERR,ERR,ERR,ERR,ERR,ERR,ERR,ERR,ERR,ERR,ERR,ERR,ERR,ERR,ERR,ERR,ERR,ERR,ERR,ERR,ERR,ERR,ERR,ERR,ERR,ERR,ERR,ERR,ERR,ERR,ERR,ERR,ERR,ERR,ERR,ERR,ERR,ERR,ERR,ERR,ERR,ERR,ERR,ERR,ERR,ERR,ERR,ERR,ERR,ERR,ERR,ERR,ERR,ERR,ERR,ERR,ERR,ERR,ERR,ERR,ERR,ERR,0.0,-0.0,-0.0,0.0,0.0,0.0,0.0,nan,0,0,0,32768,0,0.0,0,0.0,0.0,0.0,0.0,0.0,0,0,0,0,0.0,0,0,0,0,0,0,0,0,0,0,0,0,0,0,0,0,0,0,0,0,0,0,0,0,0,0,0,0,0,0,0,0,0,0,0,0,0,0,0,0,0,0,0,0,0.0,0.0,0.0,0.0,0.0,0.0,0.0,0.0,0.0,0.0,0.0,0.0,0.0,0.0,0.0,0.0,0.0,0.0,0.0,0.0,0.0,0.0,-2.004,-2.004,-2.004,2.004,0.0,0.0,0.0,0.0,3378.5,-1.5879155638041463e+29,0.0,0.0,0.0,-0.0,0.0,0.0,0.0,0.0,0.0,0,-0.0,-0.0,0.0,0.0,0.0,0.0,0.0,0.0,0.0,0,0,0,0.0,0.0,0.0,0.0,0.0,0.0,0.0,0.0,0.0,0.0,0.0,0.0,0.0,0.0,0.0,0.0,0,-107875648.0,0,0.0,0,-107875648.0,-107877712.0,0,13107,17039,39322,17053,52429,17037,0,0,0,110,100,100,2.7302334150594743e+23,64.0,0.0,64.9,-107615304.0,68.5,1,49,50,180,0,39322,0,0,0.0,0.0,0.0,0.0,-165635194880.0,65.0,0.0,-0.0,0.0,645,0,688,0,0,0,716,0,788,0,709,0,689,0,645,0,642,0,616,0.032,49020928.0,0.0,2.7302316136196234e+23,34960,16788,-4104.313,-0.0,1.0221230816755712e+16,0.0,0.009,-0.0,29.0,60.0,70,0.0,0.0,0.0,0.0,0.0,0.0,0.0,0.0,0.0,0.0,0.0,0.0,0.0,0.0,0.0,0.0,59.2,69,11,65508,41,65476,0,300,0,0,8,20529,65476,0,0,61604,60.0,0.0,0.0,0.0,0.0,0.0
2026-04-04T11:27:13,ERR,ERR,ERR,ERR,ERR,ERR,ERR,ERR,ERR,ERR,ERR,ERR,ERR,ERR,ERR,ERR,ERR,ERR,ERR,ERR,ERR,ERR,ERR,ERR,ERR,ERR,ERR,ERR,ERR,ERR,ERR,ERR,ERR,ERR,ERR,ERR,ERR,ERR,ERR,ERR,ERR,ERR,ERR,ERR,ERR,ERR,ERR,ERR,ERR,ERR,ERR,ERR,ERR,ERR,ERR,ERR,ERR,ERR,ERR,ERR,ERR,ERR,ERR,ERR,ERR,ERR,ERR,ERR,ERR,ERR,ERR,ERR,ERR,ERR,ERR,ERR,ERR,ERR,ERR,ERR,ERR,ERR,ERR,ERR,ERR,ERR,ERR,ERR,ERR,ERR,ERR,ERR,ERR,ERR,ERR,ERR,ERR,ERR,ERR,ERR,ERR,ERR,ERR,ERR,ERR,ERR,ERR,ERR,ERR,ERR,ERR,ERR,ERR,ERR,ERR,ERR,ERR,ERR,ERR,ERR,ERR,ERR,ERR,ERR,ERR,0.0,-0.0,-0.0,0.0,0.0,0.0,0.0,nan,0,0,0,32768,0,0.0,0,0.0,0.0,0.0,0.0,0.0,0,0,0,0,0.0,0,0,0,0,0,0,0,0,0,0,0,0,0,0,0,0,0,0,0,0,0,0,0,0,0,0,0,0,0,0,0,0,0,0,0,0,0,0,0,0,0,0,0,0,0.0,0.0,0.0,0.0,0.0,0.0,0.0,0.0,0.0,0.0,0.0,0.0,0.0,0.0,0.0,0.0,0.0,0.0,0.0,0.0,0.0,0.0,-2.004,-2.004,-2.004,2.004,0.0,0.0,0.0,0.0,3378.5,-1.5879155638041463e+29,0.0,0.0,0.0,-0.0,0.0,0.0,0.0,0.0,0.0,0,-0.0,-0.0,0.0,0.0,0.0,0.0,0.0,0.0,0.0,0,0,0,0.0,0.0,0.0,0.0,0.0,0.0,0.0,0.0,0.0,0.0,0.0,0.0,0.0,0.0,0.0,0.0,0,-107875648.0,0,0.0,0,-107875648.0,-107877712.0,0,13107,17039,39322,17053,52429,17037,0,0,0,110,100,100,2.7302334150594743e+23,64.0,0.0,64.9,-107615304.0,68.5,1,49,50,180,0,39322,0,0,0.0,0.0,0.0,0.0,-165635194880.0,65.0,0.0,-0.0,0.0,645,0,688,0,0,0,716,0,788,0,709,0,689,0,645,0,642,0,616,0.032,49020928.0,0.0,2.7302316136196234e+23,34960,16788,-4104.313,-0.0,1.0221230816755712e+16,0.0,0.009,-0.0,29.0,60.0,70,0.0,0.0,0.0,0.0,0.0,0.0,0.0,0.0,0.0,0.0,0.0,0.0,0.0,0.0,0.0,0.0,59.2,69,11,65508,41,65476,0,300,0,0,8,20529,65476,0,0,61604,60.0,0.0,0.0,0.0,0.0,0.0
2026-04-04T11:27:14,ERR,ERR,ERR,ERR,ERR,ERR,ERR,ERR,ERR,ERR,ERR,ERR,ERR,ERR,ERR,ERR,ERR,ERR,ERR,ERR,ERR,ERR,ERR,ERR,ERR,ERR,ERR,ERR,ERR,ERR,ERR,ERR,ERR,ERR,ERR,ERR,ERR,ERR,ERR,ERR,ERR,ERR,ERR,ERR,ERR,ERR,ERR,ERR,ERR,ERR,ERR,ERR,ERR,ERR,ERR,ERR,ERR,ERR,ERR,ERR,ERR,ERR,ERR,ERR,ERR,ERR,ERR,ERR,ERR,ERR,ERR,ERR,ERR,ERR,ERR,ERR,ERR,ERR,ERR,ERR,ERR,ERR,ERR,ERR,ERR,ERR,ERR,ERR,ERR,ERR,ERR,ERR,ERR,ERR,ERR,ERR,ERR,ERR,ERR,ERR,ERR,ERR,ERR,ERR,ERR,ERR,ERR,ERR,ERR,ERR,ERR,ERR,ERR,ERR,ERR,ERR,ERR,ERR,ERR,ERR,ERR,ERR,ERR,ERR,ERR,0.0,-0.0,-0.0,0.0,0.0,0.0,0.0,nan,0,0,0,32768,0,0.0,0,0.0,0.0,0.0,0.0,0.0,0,0,0,0,0.0,0,0,0,0,0,0,0,0,0,0,0,0,0,0,0,0,0,0,0,0,0,0,0,0,0,0,0,0,0,0,0,0,0,0,0,0,0,0,0,0,0,0,0,0,0.0,0.0,0.0,0.0,0.0,0.0,0.0,0.0,0.0,0.0,0.0,0.0,0.0,0.0,0.0,0.0,0.0,0.0,0.0,0.0,0.0,0.0,-2.004,-2.004,-2.004,2.004,0.0,0.0,0.0,0.0,3378.5,-1.5879155638041463e+29,0.0,0.0,0.0,-0.0,0.0,0.0,0.0,0.0,0.0,0,-0.0,-0.0,0.0,0.0,0.0,0.0,0.0,0.0,0.0,0,0,0,0.0,0.0,0.0,0.0,0.0,0.0,0.0,0.0,0.0,0.0,0.0,0.0,0.0,0.0,0.0,0.0,0,-107875648.0,0,0.0,0,-107875648.0,-107877712.0,0,13107,17039,39322,17053,52429,17037,0,0,0,110,100,100,2.7302334150594743e+23,64.0,0.0,64.9,-107615304.0,68.5,1,49,50,180,0,39322,0,0,0.0,0.0,0.0,0.0,-165635194880.0,65.0,0.0,-0.0,0.0,645,0,688,0,0,0,716,0,788,0,709,0,689,0,645,0,642,0,616,0.032,49020928.0,0.0,2.7302316136196234e+23,34960,16788,-4104.313,-0.0,1.0221230816755712e+16,0.0,0.009,-0.0,29.0,60.0,70,0.0,0.0,0.0,0.0,0.0,0.0,0.0,0.0,0.0,0.0,0.0,0.0,0.0,0.0,0.0,0.0,59.2,69,11,65508,41,65476,0,300,0,0,8,20529,65476,0,0,61604,60.0,0.0,0.0,0.0,0.0,0.0
2026-04-04T11:27:15,ERR,ERR,ERR,ERR,ERR,ERR,ERR,ERR,ERR,ERR,ERR,ERR,ERR,ERR,ERR,ERR,ERR,ERR,ERR,ERR,ERR,ERR,ERR,ERR,ERR,ERR,ERR,ERR,ERR,ERR,ERR,ERR,ERR,ERR,ERR,ERR,ERR,ERR,ERR,ERR,ERR,ERR,ERR,ERR,ERR,ERR,ERR,ERR,ERR,ERR,ERR,ERR,ERR,ERR,ERR,ERR,ERR,ERR,ERR,ERR,ERR,ERR,ERR,ERR,ERR,ERR,ERR,ERR,ERR,ERR,ERR,ERR,ERR,ERR,ERR,ERR,ERR,ERR,ERR,ERR,ERR,ERR,ERR,ERR,ERR,ERR,ERR,ERR,ERR,ERR,ERR,ERR,ERR,ERR,ERR,ERR,ERR,ERR,ERR,ERR,ERR,ERR,ERR,ERR,ERR,ERR,ERR,ERR,ERR,ERR,ERR,ERR,ERR,ERR,ERR,ERR,ERR,ERR,ERR,ERR,ERR,ERR,ERR,ERR,ERR,0.0,-0.0,-0.0,0.0,0.0,0.0,0.0,nan,0,0,0,32768,0,0.0,0,0.0,0.0,0.0,0.0,0.0,0,0,0,0,0.0,0,0,0,0,0,0,0,0,0,0,0,0,0,0,0,0,0,0,0,0,0,0,0,0,0,0,0,0,0,0,0,0,0,0,0,0,0,0,0,0,0,0,0,0,0.0,0.0,0.0,0.0,0.0,0.0,0.0,0.0,0.0,0.0,0.0,0.0,0.0,0.0,0.0,0.0,0.0,0.0,0.0,0.0,0.0,0.0,-2.004,-2.004,-2.004,2.004,0.0,0.0,0.0,0.0,3378.5,-1.5879155638041463e+29,0.0,0.0,0.0,-0.0,0.0,0.0,0.0,0.0,0.0,0,-0.0,-0.0,0.0,0.0,0.0,0.0,0.0,0.0,0.0,0,0,0,0.0,0.0,0.0,0.0,0.0,0.0,0.0,0.0,0.0,0.0,0.0,0.0,0.0,0.0,0.0,0.0,0,-107875648.0,0,0.0,0,-107875648.0,-107877712.0,0,13107,17039,39322,17053,52429,17037,0,0,0,110,100,100,2.7302334150594743e+23,64.0,0.0,64.9,-107615304.0,68.5,1,49,50,180,0,39322,0,0,0.0,0.0,0.0,0.0,-165635194880.0,65.0,0.0,-0.0,0.0,645,0,688,0,0,0,716,0,788,0,709,0,689,0,645,0,642,0,616,0.032,49020928.0,0.0,2.7302316136196234e+23,34960,16788,-4104.313,-0.0,1.0221230816755712e+16,0.0,0.009,-0.0,29.0,60.0,70,0.0,0.0,0.0,0.0,0.0,0.0,0.0,0.0,0.0,0.0,0.0,0.0,0.0,0.0,0.0,0.0,59.2,69,11,65508,41,65476,0,300,0,0,8,20529,65476,0,0,61604,60.0,0.0,0.0,0.0,0.0,0.0
2026-04-04T11:27:16,ERR,ERR,ERR,ERR,ERR,ERR,ERR,ERR,ERR,ERR,ERR,ERR,ERR,ERR,ERR,ERR,ERR,ERR,ERR,ERR,ERR,ERR,ERR,ERR,ERR,ERR,ERR,ERR,ERR,ERR,ERR,ERR,ERR,ERR,ERR,ERR,ERR,ERR,ERR,ERR,ERR,ERR,ERR,ERR,ERR,ERR,ERR,ERR,ERR,ERR,ERR,ERR,ERR,ERR,ERR,ERR,ERR,ERR,ERR,ERR,ERR,ERR,ERR,ERR,ERR,ERR,ERR,ERR,ERR,ERR,ERR,ERR,ERR,ERR,ERR,ERR,ERR,ERR,ERR,ERR,ERR,ERR,ERR,ERR,ERR,ERR,ERR,ERR,ERR,ERR,ERR,ERR,ERR,ERR,ERR,ERR,ERR,ERR,ERR,ERR,ERR,ERR,ERR,ERR,ERR,ERR,ERR,ERR,ERR,ERR,ERR,ERR,ERR,ERR,ERR,ERR,ERR,ERR,ERR,ERR,ERR,ERR,ERR,ERR,ERR,0.0,-0.0,-0.0,0.0,0.0,0.0,0.0,nan,0,0,0,32768,0,0.0,0,0.0,0.0,0.0,0.0,0.0,0,0,0,0,0.0,0,0,0,0,0,0,0,0,0,0,0,0,0,0,0,0,0,0,0,0,0,0,0,0,0,0,0,0,0,0,0,0,0,0,0,0,0,0,0,0,0,0,0,0,0.0,0.0,0.0,0.0,0.0,0.0,0.0,0.0,0.0,0.0,0.0,0.0,0.0,0.0,0.0,0.0,0.0,0.0,0.0,0.0,0.0,0.0,-2.004,-2.004,-2.004,2.004,0.0,0.0,0.0,0.0,3378.5,-1.5879155638041463e+29,0.0,0.0,0.0,-0.0,0.0,0.0,0.0,0.0,0.0,0,-0.0,-0.0,0.0,0.0,0.0,0.0,0.0,0.0,0.0,0,0,0,0.0,0.0,0.0,0.0,0.0,0.0,0.0,0.0,0.0,0.0,0.0,0.0,0.0,0.0,0.0,0.0,0,-107875648.0,0,0.0,0,-107875648.0,-107877712.0,0,13107,17039,39322,17053,52429,17037,0,0,0,110,100,100,2.7302334150594743e+23,64.0,0.0,64.9,-107615304.0,68.5,1,49,50,180,0,39322,0,0,0.0,0.0,0.0,0.0,-165635194880.0,65.0,0.0,-0.0,0.0,645,0,688,0,0,0,716,0,788,0,709,0,689,0,645,0,642,0,616,0.032,49020928.0,0.0,2.7302316136196234e+23,34960,16788,-4104.313,-0.0,1.0221230816755712e+16,0.0,0.009,-0.0,29.0,60.0,70,0.0,0.0,0.0,0.0,0.0,0.0,0.0,0.0,0.0,0.0,0.0,0.0,0.0,0.0,0.0,0.0,59.6,69,11,65508,41,65476,0,300,0,0,8,20529,65476,0,0,61604,60.0,0.0,0.0,0.0,0.0,0.0
2026-04-04T11:27:17,ERR,ERR,ERR,ERR,ERR,ERR,ERR,ERR,ERR,ERR,ERR,ERR,ERR,ERR,ERR,ERR,ERR,ERR,ERR,ERR,ERR,ERR,ERR,ERR,ERR,ERR,ERR,ERR,ERR,ERR,ERR,ERR,ERR,ERR,ERR,ERR,ERR,ERR,ERR,ERR,ERR,ERR,ERR,ERR,ERR,ERR,ERR,ERR,ERR,ERR,ERR,ERR,ERR,ERR,ERR,ERR,ERR,ERR,ERR,ERR,ERR,ERR,ERR,ERR,ERR,ERR,ERR,ERR,ERR,ERR,ERR,ERR,ERR,ERR,ERR,ERR,ERR,ERR,ERR,ERR,ERR,ERR,ERR,ERR,ERR,ERR,ERR,ERR,ERR,ERR,ERR,ERR,ERR,ERR,ERR,ERR,ERR,ERR,ERR,ERR,ERR,ERR,ERR,ERR,ERR,ERR,ERR,ERR,ERR,ERR,ERR,ERR,ERR,ERR,ERR,ERR,ERR,ERR,ERR,ERR,ERR,ERR,ERR,ERR,ERR,0.0,-0.0,-0.0,0.0,0.0,0.0,0.0,nan,0,0,0,32768,0,0.0,0,0.0,0.0,0.0,0.0,0.0,0,0,0,0,0.0,0,0,0,0,0,0,0,0,0,0,0,0,0,0,0,0,0,0,0,0,0,0,0,0,0,0,0,0,0,0,0,0,0,0,0,0,0,0,0,0,0,0,0,0,0.0,0.0,0.0,0.0,0.0,0.0,0.0,0.0,0.0,0.0,0.0,0.0,0.0,0.0,0.0,0.0,0.0,0.0,0.0,0.0,0.0,0.0,-2.004,-2.004,-2.004,2.004,0.0,0.0,0.0,0.0,3378.5,-1.5879155638041463e+29,0.0,0.0,0.0,-0.0,0.0,0.0,0.0,0.0,0.0,0,-0.0,-0.0,0.0,0.0,0.0,0.0,0.0,0.0,0.0,0,0,0,0.0,0.0,0.0,0.0,0.0,0.0,0.0,0.0,0.0,0.0,0.0,0.0,0.0,0.0,0.0,0.0,0,-107875648.0,0,0.0,0,-107875648.0,-107877712.0,0,13107,17039,39322,17053,52429,17037,0,0,0,110,100,100,2.7302334150594743e+23,64.0,0.0,64.9,-107615304.0,68.5,1,49,50,180,39322,39322,0,0,0.0,0.0,0.0,0.0,-445141056.0,65.0,0.0,-99647494291456.0,0.0,645,0,688,0,0,0,716,0,788,0,709,0,689,0,645,0,642,0,616,0.032,36438016.0,0.0,2.7302316136196234e+23,38032,16788,-1409660074590208.0,-0.0,-0.0,-0.0,1.3709530111273861e+19,-1.674,29.0,60.0,70,0.0,0.0,0.0,0.0,0.0,0.0,0.0,0.0,0.0,0.0,0.0,0.0,0.0,0.0,0.0,0.0,59.6,69,11,65508,41,65476,0,300,0,0,8,20529,65476,0,0,61604,60.0,0.0,0.0,0.0,0.0,0.0
2026-04-04T11:27:18,ERR,ERR,ERR,ERR,ERR,ERR,ERR,ERR,ERR,ERR,ERR,ERR,ERR,ERR,ERR,ERR,ERR,ERR,ERR,ERR,ERR,ERR,ERR,ERR,ERR,ERR,ERR,ERR,ERR,ERR,ERR,ERR,ERR,ERR,ERR,ERR,ERR,ERR,ERR,ERR,ERR,ERR,ERR,ERR,ERR,ERR,ERR,ERR,ERR,ERR,ERR,ERR,ERR,ERR,ERR,ERR,ERR,ERR,ERR,ERR,ERR,ERR,ERR,ERR,ERR,ERR,ERR,ERR,ERR,ERR,ERR,ERR,ERR,ERR,ERR,ERR,ERR,ERR,ERR,ERR,ERR,ERR,ERR,ERR,ERR,ERR,ERR,ERR,ERR,ERR,ERR,ERR,ERR,ERR,ERR,ERR,ERR,ERR,ERR,ERR,ERR,ERR,ERR,ERR,ERR,ERR,ERR,ERR,ERR,ERR,ERR,ERR,ERR,ERR,ERR,ERR,ERR,ERR,ERR,ERR,ERR,ERR,ERR,ERR,ERR,0.0,-0.0,-0.0,0.0,0.0,0.0,0.0,nan,0,0,0,32768,0,0.0,0,0.0,0.0,0.0,0.0,0.0,0,0,0,0,0.0,0,0,0,0,0,0,0,0,0,0,0,0,0,0,0,0,0,0,0,0,0,0,0,0,0,0,0,0,0,0,0,0,0,0,0,0,0,0,0,0,0,0,0,0,0.0,0.0,0.0,0.0,0.0,0.0,0.0,0.0,0.0,0.0,0.0,0.0,0.0,0.0,0.0,0.0,0.0,0.0,0.0,0.0,0.0,0.0,-2.004,-2.004,-2.004,2.004,0.0,0.0,0.0,0.0,3378.5,-1.5879155638041463e+29,0.0,0.0,0.0,-0.0,0.0,0.0,0.0,0.0,0.0,0,-0.0,-0.0,0.0,0.0,0.0,0.0,0.0,0.0,0.0,0,0,0,0.0,0.0,0.0,0.0,0.0,0.0,0.0,0.0,0.0,0.0,0.0,0.0,0.0,0.0,0.0,0.0,0,-107875648.0,0,0.0,0,-107875648.0,-107877712.0,0,13107,17039,39322,17053,52429,17037,0,0,0,110,100,100,2.7302334150594743e+23,64.0,0.0,64.9,-107615304.0,68.5,1,49,50,180,39322,39322,0,0,0.0,0.0,0.0,0.0,-445141056.0,65.0,0.0,-99647494291456.0,0.0,645,0,688,0,0,0,716,0,788,0,709,0,689,0,645,0,642,0,616,0.032,36438016.0,0.0,2.7302316136196234e+23,38032,16788,-1409660074590208.0,-0.0,-0.0,-0.0,1.3709530111273861e+19,-1.674,29.0,60.0,70,0.0,0.0,0.0,0.0,0.0,0.0,0.0,0.0,0.0,0.0,0.0,0.0,0.0,0.0,0.0,0.0,59.6,69,11,65508,41,65476,0,300,0,0,8,20529,65476,0,0,61604,60.0,0.0,0.0,0.0,0.0,0.0
2026-04-04T11:27:19,ERR,ERR,ERR,ERR,ERR,ERR,ERR,ERR,ERR,ERR,ERR,ERR,ERR,ERR,ERR,ERR,ERR,ERR,ERR,ERR,ERR,ERR,ERR,ERR,ERR,ERR,ERR,ERR,ERR,ERR,ERR,ERR,ERR,ERR,ERR,ERR,ERR,ERR,ERR,ERR,ERR,ERR,ERR,ERR,ERR,ERR,ERR,ERR,ERR,ERR,ERR,ERR,ERR,ERR,ERR,ERR,ERR,ERR,ERR,ERR,ERR,ERR,ERR,ERR,ERR,ERR,ERR,ERR,ERR,ERR,ERR,ERR,ERR,ERR,ERR,ERR,ERR,ERR,ERR,ERR,ERR,ERR,ERR,ERR,ERR,ERR,ERR,ERR,ERR,ERR,ERR,ERR,ERR,ERR,ERR,ERR,ERR,ERR,ERR,ERR,ERR,ERR,ERR,ERR,ERR,ERR,ERR,ERR,ERR,ERR,ERR,ERR,ERR,ERR,ERR,ERR,ERR,ERR,ERR,ERR,ERR,ERR,ERR,ERR,ERR,0.0,-0.0,-0.0,0.0,0.0,0.0,0.0,nan,0,0,0,32768,0,0.0,0,0.0,0.0,0.0,0.0,0.0,0,0,0,0,0.0,0,0,0,0,0,0,0,0,0,0,0,0,0,0,0,0,0,0,0,0,0,0,0,0,0,0,0,0,0,0,0,0,0,0,0,0,0,0,0,0,0,0,0,0,0.0,0.0,0.0,0.0,0.0,0.0,0.0,0.0,0.0,0.0,0.0,0.0,0.0,0.0,0.0,0.0,0.0,0.0,0.0,0.0,0.0,0.0,-2.004,-2.004,-2.004,2.004,0.0,0.0,0.0,0.0,3378.5,-1.5879155638041463e+29,0.0,0.0,0.0,-0.0,0.0,0.0,0.0,0.0,0.0,0,-0.0,-0.0,0.0,0.0,0.0,0.0,0.0,0.0,0.0,0,0,0,0.0,0.0,0.0,0.0,0.0,0.0,0.0,0.0,0.0,0.0,0.0,0.0,0.0,0.0,0.0,0.0,0,-107875648.0,0,0.0,0,-107875648.0,-107877712.0,0,13107,17039,39322,17053,52429,17037,0,0,0,110,100,100,2.7302334150594743e+23,64.0,0.0,64.9,-107615304.0,68.5,1,49,50,180,39322,39322,0,0,0.0,0.0,0.0,0.0,-445141056.0,65.0,0.0,-99647494291456.0,0.0,645,0,688,0,0,0,716,0,788,0,709,0,689,0,645,0,642,0,616,0.032,36438016.0,0.0,2.7302316136196234e+23,38032,16788,-1409660074590208.0,-0.0,-0.0,-0.0,1.3709530111273861e+19,-1.674,29.0,60.0,70,0.0,0.0,0.0,0.0,0.0,0.0,0.0,0.0,0.0,0.0,0.0,0.0,0.0,0.0,0.0,0.0,59.2,69,11,65508,41,65476,0,300,0,0,8,20529,65476,0,0,61604,60.0,0.0,0.0,0.0,0.0,0.0
2026-04-04T11:27:20,ERR,ERR,ERR,ERR,ERR,ERR,ERR,ERR,ERR,ERR,ERR,ERR,ERR,ERR,ERR,ERR,ERR,ERR,ERR,ERR,ERR,ERR,ERR,ERR,ERR,ERR,ERR,ERR,ERR,ERR,ERR,ERR,ERR,ERR,ERR,ERR,ERR,ERR,ERR,ERR,ERR,ERR,ERR,ERR,ERR,ERR,ERR,ERR,ERR,ERR,ERR,ERR,ERR,ERR,ERR,ERR,ERR,ERR,ERR,ERR,ERR,ERR,ERR,ERR,ERR,ERR,ERR,ERR,ERR,ERR,ERR,ERR,ERR,ERR,ERR,ERR,ERR,ERR,ERR,ERR,ERR,ERR,ERR,ERR,ERR,ERR,ERR,ERR,ERR,ERR,ERR,ERR,ERR,ERR,ERR,ERR,ERR,ERR,ERR,ERR,ERR,ERR,ERR,ERR,ERR,ERR,ERR,ERR,ERR,ERR,ERR,ERR,ERR,ERR,ERR,ERR,ERR,ERR,ERR,ERR,ERR,ERR,ERR,ERR,ERR,0.0,-0.0,-0.0,0.0,0.0,0.0,0.0,nan,0,0,0,32768,0,0.0,0,0.0,0.0,0.0,0.0,0.0,0,0,0,0,0.0,0,0,0,0,0,0,0,0,0,0,0,0,0,0,0,0,0,0,0,0,0,0,0,0,0,0,0,0,0,0,0,0,0,0,0,0,0,0,0,0,0,0,0,0,0.0,0.0,0.0,0.0,0.0,0.0,0.0,0.0,0.0,0.0,0.0,0.0,0.0,0.0,0.0,0.0,0.0,0.0,0.0,0.0,0.0,0.0,-2.004,-2.004,-2.004,-0.0,0.0,0.0,0.0,0.0,3377.0,-3.697154027885167e+19,0.0,0.0,-0.0,-0.0,0.0,0.0,0.0,0.0,0.0,0,-0.0,-0.0,0.0,0.0,0.0,0.0,0.0,0.0,0.0,0,0,0,0.0,0.0,0.0,0.0,0.0,0.0,0.0,0.0,0.0,0.0,0.0,0.0,0.0,0.0,0.0,0.0,0,-107875648.0,0,0.0,0,-107875648.0,-107877712.0,0,13107,17039,39322,17053,52429,17037,0,0,0,110,100,100,2.7302334150594743e+23,64.0,0.0,64.9,-107615304.0,68.5,1,49,50,180,39322,39322,0,0,0.0,0.0,0.0,0.0,-445141056.0,65.0,0.0,-99647494291456.0,0.0,645,0,688,0,0,0,716,0,788,0,709,0,689,0,645,0,642,0,616,0.032,36438016.0,0.0,2.7302316136196234e+23,38032,16788,-1409660074590208.0,-0.0,-0.0,-0.0,1.3709530111273861e+19,-1.674,29.0,60.0,70,0.0,0.0,0.0,0.0,0.0,0.0,0.0,0.0,0.0,0.0,0.0,0.0,0.0,0.0,0.0,0.0,59.2,69,11,65508,41,65476,0,300,0,0,8,20529,65476,0,0,61604,60.0,0.0,0.0,0.0,0.0,0.0
2026-04-04T11:27:21,ERR,ERR,ERR,ERR,ERR,ERR,ERR,ERR,ERR,ERR,ERR,ERR,ERR,ERR,ERR,ERR,ERR,ERR,ERR,ERR,ERR,ERR,ERR,ERR,ERR,ERR,ERR,ERR,ERR,ERR,ERR,ERR,ERR,ERR,ERR,ERR,ERR,ERR,ERR,ERR,ERR,ERR,ERR,ERR,ERR,ERR,ERR,ERR,ERR,ERR,ERR,ERR,ERR,ERR,ERR,ERR,ERR,ERR,ERR,ERR,ERR,ERR,ERR,ERR,ERR,ERR,ERR,ERR,ERR,ERR,ERR,ERR,ERR,ERR,ERR,ERR,ERR,ERR,ERR,ERR,ERR,ERR,ERR,ERR,ERR,ERR,ERR,ERR,ERR,ERR,ERR,ERR,ERR,ERR,ERR,ERR,ERR,ERR,ERR,ERR,ERR,ERR,ERR,ERR,ERR,ERR,ERR,ERR,ERR,ERR,ERR,ERR,ERR,ERR,ERR,ERR,ERR,ERR,ERR,ERR,ERR,ERR,ERR,ERR,ERR,0.0,-0.0,-0.0,0.0,0.0,0.0,0.0,nan,0,0,0,32768,0,0.0,0,0.0,0.0,0.0,0.0,0.0,0,0,0,0,0.0,0,0,0,0,0,0,0,0,0,0,0,0,0,0,0,0,0,0,0,0,0,0,0,0,0,0,0,0,0,0,0,0,0,0,0,0,0,0,0,0,0,0,0,0,0.0,0.0,0.0,0.0,0.0,0.0,0.0,0.0,0.0,0.0,0.0,0.0,0.0,0.0,0.0,0.0,0.0,0.0,0.0,0.0,0.0,0.0,-2.004,-2.004,-2.004,-0.0,0.0,0.0,0.0,0.0,3377.0,-3.697154027885167e+19,0.0,0.0,-0.0,-0.0,0.0,0.0,0.0,0.0,0.0,0,-0.0,-0.0,0.0,0.0,0.0,0.0,0.0,0.0,0.0,0,0,0,0.0,0.0,0.0,0.0,0.0,0.0,0.0,0.0,0.0,0.0,0.0,0.0,0.0,0.0,0.0,0.0,0,-107875648.0,0,0.0,0,-107875648.0,-107877712.0,0,13107,17039,39322,17053,52429,17037,0,0,0,110,100,100,2.7302334150594743e+23,64.0,0.0,64.9,-107615304.0,68.5,1,49,50,180,39322,39322,0,0,0.0,0.0,0.0,0.0,-445141056.0,65.0,0.0,-99647494291456.0,0.0,645,0,688,0,0,0,716,0,788,0,709,0,689,0,645,0,642,0,616,0.032,36438016.0,0.0,2.7302316136196234e+23,38032,16788,-1409660074590208.0,-0.0,-0.0,-0.0,1.3709530111273861e+19,-1.674,29.0,60.0,70,0.0,0.0,0.0,0.0,0.0,0.0,0.0,0.0,0.0,0.0,0.0,0.0,0.0,0.0,0.0,0.0,59.2,69,11,65508,41,65476,0,300,0,0,8,20529,65476,0,0,61604,60.0,0.0,0.0,0.0,0.0,0.0
2026-04-04T11:27:22,ERR,ERR,ERR,ERR,ERR,ERR,ERR,ERR,ERR,ERR,ERR,ERR,ERR,ERR,ERR,ERR,ERR,ERR,ERR,ERR,ERR,ERR,ERR,ERR,ERR,ERR,ERR,ERR,ERR,ERR,ERR,ERR,ERR,ERR,ERR,ERR,ERR,ERR,ERR,ERR,ERR,ERR,ERR,ERR,ERR,ERR,ERR,ERR,ERR,ERR,ERR,ERR,ERR,ERR,ERR,ERR,ERR,ERR,ERR,ERR,ERR,ERR,ERR,ERR,ERR,ERR,ERR,ERR,ERR,ERR,ERR,ERR,ERR,ERR,ERR,ERR,ERR,ERR,ERR,ERR,ERR,ERR,ERR,ERR,ERR,ERR,ERR,ERR,ERR,ERR,ERR,ERR,ERR,ERR,ERR,ERR,ERR,ERR,ERR,ERR,ERR,ERR,ERR,ERR,ERR,ERR,ERR,ERR,ERR,ERR,ERR,ERR,ERR,ERR,ERR,ERR,ERR,ERR,ERR,ERR,ERR,ERR,ERR,ERR,ERR,0.0,-0.0,-0.0,0.0,0.0,0.0,0.0,nan,0,0,0,32768,0,0.0,0,0.0,0.0,0.0,0.0,0.0,0,0,0,0,0.0,0,0,0,0,0,0,0,0,0,0,0,0,0,0,0,0,0,0,0,0,0,0,0,0,0,0,0,0,0,0,0,0,0,0,0,0,0,0,0,0,0,0,0,0,0.0,0.0,0.0,0.0,0.0,0.0,0.0,0.0,0.0,0.0,0.0,0.0,0.0,0.0,0.0,0.0,0.0,0.0,0.0,0.0,0.0,0.0,-2.004,-2.004,-2.004,-0.0,0.0,0.0,0.0,0.0,3377.0,-3.697154027885167e+19,0.0,0.0,-0.0,-0.0,0.0,0.0,0.0,0.0,0.0,0,-0.0,-0.0,0.0,0.0,0.0,0.0,0.0,0.0,0.0,0,0,0,0.0,0.0,0.0,0.0,0.0,0.0,0.0,0.0,0.0,0.0,0.0,0.0,0.0,0.0,0.0,0.0,0,-107875648.0,0,0.0,0,-107875648.0,-107877712.0,0,13107,17039,39322,17053,52429,17037,0,0,0,110,100,100,2.7302334150594743e+23,64.0,0.0,64.9,-107615304.0,68.5,1,49,50,180,39322,39322,0,0,0.0,0.0,0.0,0.0,-445141056.0,65.0,0.0,-99647494291456.0,0.0,645,0,688,0,0,0,716,0,788,0,709,0,689,0,645,0,642,0,616,0.032,36438016.0,0.0,2.7302316136196234e+23,38032,16788,-1409660074590208.0,-0.0,-0.0,-0.0,1.3709530111273861e+19,-1.674,29.0,60.0,70,0.0,0.0,0.0,0.0,0.0,0.0,0.0,0.0,0.0,0.0,0.0,0.0,0.0,0.0,0.0,0.0,59.2,69,11,65508,41,65476,0,300,0,0,8,20529,65476,0,0,61604,60.0,0.0,0.0,0.0,0.0,0.0
2026-04-04T11:27:23,ERR,ERR,ERR,ERR,ERR,ERR,ERR,ERR,ERR,ERR,ERR,ERR,ERR,ERR,ERR,ERR,ERR,ERR,ERR,ERR,ERR,ERR,ERR,ERR,ERR,ERR,ERR,ERR,ERR,ERR,ERR,ERR,ERR,ERR,ERR,ERR,ERR,ERR,ERR,ERR,ERR,ERR,ERR,ERR,ERR,ERR,ERR,ERR,ERR,ERR,ERR,ERR,ERR,ERR,ERR,ERR,ERR,ERR,ERR,ERR,ERR,ERR,ERR,ERR,ERR,ERR,ERR,ERR,ERR,ERR,ERR,ERR,ERR,ERR,ERR,ERR,ERR,ERR,ERR,ERR,ERR,ERR,ERR,ERR,ERR,ERR,ERR,ERR,ERR,ERR,ERR,ERR,ERR,ERR,ERR,ERR,ERR,ERR,ERR,ERR,ERR,ERR,ERR,ERR,ERR,ERR,ERR,ERR,ERR,ERR,ERR,ERR,ERR,ERR,ERR,ERR,ERR,ERR,ERR,ERR,ERR,ERR,ERR,ERR,ERR,0.0,-0.0,-0.0,0.0,0.0,0.0,0.0,nan,0,0,0,32768,0,0.0,0,0.0,0.0,0.0,0.0,0.0,0,0,0,0,0.0,0,0,0,0,0,0,0,0,0,0,0,0,0,0,0,0,0,0,0,0,0,0,0,0,0,0,0,0,0,0,0,0,0,0,0,0,0,0,0,0,0,0,0,0,0.0,0.0,0.0,0.0,0.0,0.0,0.0,0.0,0.0,0.0,0.0,0.0,0.0,0.0,0.0,0.0,0.0,0.0,0.0,0.0,0.0,0.0,-2.004,-2.004,-2.004,-0.0,0.0,0.0,0.0,0.0,3377.0,-3.697154027885167e+19,0.0,0.0,-0.0,-0.0,0.0,0.0,0.0,0.0,0.0,0,-0.0,-0.0,0.0,0.0,0.0,0.0,0.0,0.0,0.0,0,0,0,0.0,0.0,0.0,0.0,0.0,0.0,0.0,0.0,0.0,0.0,0.0,0.0,0.0,0.0,0.0,0.0,0,-107875648.0,0,0.0,0,-107875648.0,-107877712.0,0,13107,17039,39322,17053,52429,17037,0,0,0,110,100,100,2.7302334150594743e+23,64.0,0.0,64.9,-107615304.0,68.5,1,49,50,180,0,26215,0,0,0.0,0.0,0.0,0.0,-13841860608.0,65.0,0.0,-0.0,0.0,645,0,688,0,0,0,716,0,788,0,709,0,689,0,645,0,642,0,616,0.032,40632320.0,0.0,2.7302316136196234e+23,38160,16788,-360.52,-0.0,10256548626432.0,-5.2055027307883915e+29,0.0,-0.0,29.0,60.0,70,0.0,0.0,0.0,0.0,0.0,0.0,0.0,0.0,0.0,0.0,0.0,0.0,0.0,0.0,0.0,0.0,59.2,69,11,65508,41,65476,0,300,0,0,8,20529,65476,0,0,61604,60.0,0.0,0.0,0.0,0.0,0.0
2026-04-04T11:27:24,ERR,ERR,ERR,ERR,ERR,ERR,ERR,ERR,ERR,ERR,ERR,ERR,ERR,ERR,ERR,ERR,ERR,ERR,ERR,ERR,ERR,ERR,ERR,ERR,ERR,ERR,ERR,ERR,ERR,ERR,ERR,ERR,ERR,ERR,ERR,ERR,ERR,ERR,ERR,ERR,ERR,ERR,ERR,ERR,ERR,ERR,ERR,ERR,ERR,ERR,ERR,ERR,ERR,ERR,ERR,ERR,ERR,ERR,ERR,ERR,ERR,ERR,ERR,ERR,ERR,ERR,ERR,ERR,ERR,ERR,ERR,ERR,ERR,ERR,ERR,ERR,ERR,ERR,ERR,ERR,ERR,ERR,ERR,ERR,ERR,ERR,ERR,ERR,ERR,ERR,ERR,ERR,ERR,ERR,ERR,ERR,ERR,ERR,ERR,ERR,ERR,ERR,ERR,ERR,ERR,ERR,ERR,ERR,ERR,ERR,ERR,ERR,ERR,ERR,ERR,ERR,ERR,ERR,ERR,ERR,ERR,ERR,ERR,ERR,ERR,0.0,-0.0,-0.0,0.0,0.0,0.0,0.0,nan,0,0,0,32768,0,0.0,0,0.0,0.0,0.0,0.0,0.0,0,0,0,0,0.0,0,0,0,0,0,0,0,0,0,0,0,0,0,0,0,0,0,0,0,0,0,0,0,0,0,0,0,0,0,0,0,0,0,0,0,0,0,0,0,0,0,0,0,0,0.0,0.0,0.0,0.0,0.0,0.0,0.0,0.0,0.0,0.0,0.0,0.0,0.0,0.0,0.0,0.0,0.0,0.0,0.0,0.0,0.0,0.0,-2.004,-2.004,-2.004,-0.0,0.0,0.0,0.0,0.0,3377.0,-3.697154027885167e+19,0.0,0.0,-0.0,-0.0,0.0,0.0,0.0,0.0,0.0,0,-0.0,-0.0,0.0,0.0,0.0,0.0,0.0,0.0,0.0,0,0,0,0.0,0.0,0.0,0.0,0.0,0.0,0.0,0.0,0.0,0.0,0.0,0.0,0.0,0.0,0.0,0.0,0,-107875648.0,0,0.0,0,-107875648.0,-107877712.0,0,13107,17039,39322,17053,52429,17037,0,0,0,110,100,100,2.7302334150594743e+23,64.0,0.0,64.9,-107615304.0,68.5,1,49,50,180,0,26215,0,0,0.0,0.0,0.0,0.0,-13841860608.0,65.0,0.0,-0.0,0.0,645,0,688,0,0,0,716,0,788,0,709,0,689,0,645,0,642,0,616,0.032,40632320.0,0.0,2.7302316136196234e+23,38160,16788,-360.52,-0.0,10256548626432.0,-5.2055027307883915e+29,0.0,-0.0,29.0,60.0,70,0.0,0.0,0.0,0.0,0.0,0.0,0.0,0.0,0.0,0.0,0.0,0.0,0.0,0.0,0.0,0.0,59.2,69,11,65508,41,65476,0,300,0,0,8,20529,65476,0,0,61604,60.0,0.0,0.0,0.0,0.0,0.0
2026-04-04T11:27:25,ERR,ERR,ERR,ERR,ERR,ERR,ERR,ERR,ERR,ERR,ERR,ERR,ERR,ERR,ERR,ERR,ERR,ERR,ERR,ERR,ERR,ERR,ERR,ERR,ERR,ERR,ERR,ERR,ERR,ERR,ERR,ERR,ERR,ERR,ERR,ERR,ERR,ERR,ERR,ERR,ERR,ERR,ERR,ERR,ERR,ERR,ERR,ERR,ERR,ERR,ERR,ERR,ERR,ERR,ERR,ERR,ERR,ERR,ERR,ERR,ERR,ERR,ERR,ERR,ERR,ERR,ERR,ERR,ERR,ERR,ERR,ERR,ERR,ERR,ERR,ERR,ERR,ERR,ERR,ERR,ERR,ERR,ERR,ERR,ERR,ERR,ERR,ERR,ERR,ERR,ERR,ERR,ERR,ERR,ERR,ERR,ERR,ERR,ERR,ERR,ERR,ERR,ERR,ERR,ERR,ERR,ERR,ERR,ERR,ERR,ERR,ERR,ERR,ERR,ERR,ERR,ERR,ERR,ERR,ERR,ERR,ERR,ERR,ERR,ERR,0.0,-0.0,-0.0,0.0,0.0,0.0,0.0,nan,0,0,0,32768,0,0.0,0,0.0,0.0,0.0,0.0,0.0,0,0,0,0,0.0,0,0,0,0,0,0,0,0,0,0,0,0,0,0,0,0,0,0,0,0,0,0,0,0,0,0,0,0,0,0,0,0,0,0,0,0,0,0,0,0,0,0,0,0,0.0,0.0,0.0,0.0,0.0,0.0,0.0,0.0,0.0,0.0,0.0,0.0,0.0,0.0,0.0,0.0,0.0,0.0,0.0,0.0,0.0,0.0,-2.004,-2.004,-2.004,-0.0,0.0,0.0,0.0,0.0,3377.0,-3.697154027885167e+19,0.0,0.0,-0.0,-0.0,0.0,0.0,0.0,0.0,0.0,0,-0.0,-0.0,0.0,0.0,0.0,0.0,0.0,0.0,0.0,0,0,0,0.0,0.0,0.0,0.0,0.0,0.0,0.0,0.0,0.0,0.0,0.0,0.0,0.0,0.0,0.0,0.0,0,-107875648.0,0,0.0,0,-107875648.0,-107877712.0,0,13107,17039,39322,17053,52429,17037,0,0,0,110,100,100,2.7302334150594743e+23,64.0,0.0,64.9,-107615304.0,68.5,1,49,50,180,0,26215,0,0,0.0,0.0,0.0,0.0,-13841860608.0,65.0,0.0,-0.0,0.0,645,0,688,0,0,0,716,0,788,0,709,0,689,0,645,0,642,0,616,0.032,40632320.0,0.0,2.7302316136196234e+23,38160,16788,-360.52,-0.0,10256548626432.0,-5.2055027307883915e+29,0.0,-0.0,29.0,60.0,70,0.0,0.0,0.0,0.0,0.0,0.0,0.0,0.0,0.0,0.0,0.0,0.0,0.0,0.0,0.0,0.0,59.2,69,11,65508,41,65476,0,300,0,0,8,20529,65476,0,0,61604,60.0,0.0,0.0,0.0,0.0,0.0
2026-04-04T11:27:26,ERR,ERR,ERR,ERR,ERR,ERR,ERR,ERR,ERR,ERR,ERR,ERR,ERR,ERR,ERR,ERR,ERR,ERR,ERR,ERR,ERR,ERR,ERR,ERR,ERR,ERR,ERR,ERR,ERR,ERR,ERR,ERR,ERR,ERR,ERR,ERR,ERR,ERR,ERR,ERR,ERR,ERR,ERR,ERR,ERR,ERR,ERR,ERR,ERR,ERR,ERR,ERR,ERR,ERR,ERR,ERR,ERR,ERR,ERR,ERR,ERR,ERR,ERR,ERR,ERR,ERR,ERR,ERR,ERR,ERR,ERR,ERR,ERR,ERR,ERR,ERR,ERR,ERR,ERR,ERR,ERR,ERR,ERR,ERR,ERR,ERR,ERR,ERR,ERR,ERR,ERR,ERR,ERR,ERR,ERR,ERR,ERR,ERR,ERR,ERR,ERR,ERR,ERR,ERR,ERR,ERR,ERR,ERR,ERR,ERR,ERR,ERR,ERR,ERR,ERR,ERR,ERR,ERR,ERR,ERR,ERR,ERR,ERR,ERR,ERR,0.0,-0.0,-0.0,0.0,0.0,0.0,0.0,nan,0,0,0,32768,0,0.0,0,0.0,0.0,0.0,0.0,0.0,0,0,0,0,0.0,0,0,0,0,0,0,0,0,0,0,0,0,0,0,0,0,0,0,0,0,0,0,0,0,0,0,0,0,0,0,0,0,0,0,0,0,0,0,0,0,0,0,0,0,0.0,0.0,0.0,0.0,0.0,0.0,0.0,0.0,0.0,0.0,0.0,0.0,0.0,0.0,0.0,0.0,0.0,0.0,0.0,0.0,0.0,0.0,-2.004,-2.004,-2.004,-0.0,0.0,0.0,0.0,0.0,3377.0,-3.697154027885167e+19,0.0,0.0,-0.0,-0.0,0.0,0.0,0.0,0.0,0.0,0,-0.0,-0.0,0.0,0.0,0.0,0.0,0.0,0.0,0.0,0,0,0,0.0,0.0,0.0,0.0,0.0,0.0,0.0,0.0,0.0,0.0,0.0,0.0,0.0,0.0,0.0,0.0,0,-107875648.0,0,0.0,0,-107875648.0,-107877712.0,0,13107,17039,39322,17053,52429,17037,0,0,0,110,100,100,2.7302334150594743e+23,64.0,0.0,64.9,-107615304.0,68.5,1,49,50,180,0,26215,0,0,0.0,0.0,0.0,0.0,-13841860608.0,65.0,0.0,-0.0,0.0,645,0,688,0,0,0,716,0,788,0,709,0,689,0,645,0,642,0,616,0.032,40632320.0,0.0,2.7302316136196234e+23,38160,16788,-360.52,-0.0,10256548626432.0,-5.2055027307883915e+29,0.0,-0.0,29.0,60.0,70,0.0,0.0,0.0,0.0,0.0,0.0,0.0,0.0,0.0,0.0,0.0,0.0,0.0,0.0,0.0,0.0,59.2,69,11,65508,41,65476,0,300,0,0,8,20529,65476,0,0,61604,60.0,0.0,0.0,0.0,0.0,0.0
2026-04-04T11:27:27,ERR,ERR,ERR,ERR,ERR,ERR,ERR,ERR,ERR,ERR,ERR,ERR,ERR,ERR,ERR,ERR,ERR,ERR,ERR,ERR,ERR,ERR,ERR,ERR,ERR,ERR,ERR,ERR,ERR,ERR,ERR,ERR,ERR,ERR,ERR,ERR,ERR,ERR,ERR,ERR,ERR,ERR,ERR,ERR,ERR,ERR,ERR,ERR,ERR,ERR,ERR,ERR,ERR,ERR,ERR,ERR,ERR,ERR,ERR,ERR,ERR,ERR,ERR,ERR,ERR,ERR,ERR,ERR,ERR,ERR,ERR,ERR,ERR,ERR,ERR,ERR,ERR,ERR,ERR,ERR,ERR,ERR,ERR,ERR,ERR,ERR,ERR,ERR,ERR,ERR,ERR,ERR,ERR,ERR,ERR,ERR,ERR,ERR,ERR,ERR,ERR,ERR,ERR,ERR,ERR,ERR,ERR,ERR,ERR,ERR,ERR,ERR,ERR,ERR,ERR,ERR,ERR,ERR,ERR,ERR,ERR,ERR,ERR,ERR,ERR,0.0,-0.0,-0.0,0.0,0.0,0.0,0.0,nan,0,0,0,32768,0,0.0,0,0.0,0.0,0.0,0.0,0.0,0,0,0,0,0.0,0,0,0,0,0,0,0,0,0,0,0,0,0,0,0,0,0,0,0,0,0,0,0,0,0,0,0,0,0,0,0,0,0,0,0,0,0,0,0,0,0,0,0,0,0.0,0.0,0.0,0.0,0.0,0.0,0.0,0.0,0.0,0.0,0.0,0.0,0.0,0.0,0.0,0.0,0.0,0.0,0.0,0.0,0.0,0.0,-2.004,-2.004,-2.004,-0.0,0.0,0.0,0.0,0.0,3377.0,-3.697154027885167e+19,0.0,0.0,-0.0,-0.0,0.0,0.0,0.0,0.0,0.0,0,-0.0,-0.0,0.0,0.0,0.0,0.0,0.0,0.0,0.0,0,0,0,0.0,0.0,0.0,0.0,0.0,0.0,0.0,0.0,0.0,0.0,0.0,0.0,0.0,0.0,0.0,0.0,0,-107875648.0,0,0.0,0,-107875648.0,-107877712.0,0,13107,17039,39322,17053,52429,17037,0,0,0,110,100,100,2.7302334150594743e+23,64.0,0.0,64.9,-107615304.0,68.5,1,49,50,180,0,26215,0,0,0.0,0.0,0.0,0.0,-13841860608.0,65.0,0.0,-0.0,0.0,645,0,688,0,0,0,716,0,788,0,709,0,689,0,645,0,642,0,616,0.032,40632320.0,0.0,2.7302316136196234e+23,38160,16788,-360.52,-0.0,10256548626432.0,-5.2055027307883915e+29,0.0,-0.0,29.0,60.0,70,0.0,0.0,0.0,0.0,0.0,0.0,0.0,0.0,0.0,0.0,0.0,0.0,0.0,0.0,0.0,0.0,59.2,69,11,65508,41,65476,0,300,0,0,8,20529,65476,0,0,61604,60.0,0.0,0.0,0.0,0.0,0.0
2026-04-04T11:27:28,ERR,ERR,ERR,ERR,ERR,ERR,ERR,ERR,ERR,ERR,ERR,ERR,ERR,ERR,ERR,ERR,ERR,ERR,ERR,ERR,ERR,ERR,ERR,ERR,ERR,ERR,ERR,ERR,ERR,ERR,ERR,ERR,ERR,ERR,ERR,ERR,ERR,ERR,ERR,ERR,ERR,ERR,ERR,ERR,ERR,ERR,ERR,ERR,ERR,ERR,ERR,ERR,ERR,ERR,ERR,ERR,ERR,ERR,ERR,ERR,ERR,ERR,ERR,ERR,ERR,ERR,ERR,ERR,ERR,ERR,ERR,ERR,ERR,ERR,ERR,ERR,ERR,ERR,ERR,ERR,ERR,ERR,ERR,ERR,ERR,ERR,ERR,ERR,ERR,ERR,ERR,ERR,ERR,ERR,ERR,ERR,ERR,ERR,ERR,ERR,ERR,ERR,ERR,ERR,ERR,ERR,ERR,ERR,ERR,ERR,ERR,ERR,ERR,ERR,ERR,ERR,ERR,ERR,ERR,ERR,ERR,ERR,ERR,ERR,ERR,0.0,-0.0,-0.0,0.0,0.0,0.0,0.0,nan,0,0,0,32768,0,0.0,0,0.0,0.0,0.0,0.0,0.0,0,0,0,0,0.0,0,0,0,0,0,0,0,0,0,0,0,0,0,0,0,0,0,0,0,0,0,0,0,0,0,0,0,0,0,0,0,0,0,0,0,0,0,0,0,0,0,0,0,0,0.0,0.0,0.0,0.0,0.0,0.0,0.0,0.0,0.0,0.0,0.0,0.0,0.0,0.0,0.0,0.0,0.0,0.0,0.0,0.0,0.0,0.0,-2.004,-2.004,-2.004,2.004,0.0,0.0,0.0,0.0,3379.0,-0.0,0.0,0.0,0.0,-0.0,0.0,0.0,0.0,0.0,0.0,0,-0.0,5.848029934006574e+35,0.0,0.0,0.0,0.0,0.0,0.0,0.0,0,0,0,0.0,0.0,0.0,0.0,0.0,0.0,0.0,0.0,0.0,0.0,0.0,0.0,0.0,0.0,0.0,0.0,0,-107875648.0,0,0.0,0,-107875648.0,-107877712.0,0,13107,17039,39322,17053,52429,17037,0,0,0,110,100,100,2.7302334150594743e+23,64.0,0.0,64.9,-107615304.0,68.5,1,49,50,180,0,26215,0,0,0.0,0.0,0.0,0.0,-13841860608.0,65.0,0.0,-0.0,0.0,645,0,688,0,0,0,716,0,788,0,709,0,689,0,645,0,642,0,616,0.032,40632320.0,0.0,2.7302316136196234e+23,38160,16788,-360.52,-0.0,10256548626432.0,-5.2055027307883915e+29,0.0,-0.0,29.0,60.0,70,0.0,0.0,0.0,0.0,0.0,0.0,0.0,0.0,0.0,0.0,0.0,0.0,0.0,0.0,0.0,0.0,59.2,69,11,65508,41,65476,0,300,0,0,8,20529,65476,0,0,61604,60.0,0.0,0.0,0.0,0.0,0.0
2026-04-04T11:27:29,ERR,ERR,ERR,ERR,ERR,ERR,ERR,ERR,ERR,ERR,ERR,ERR,ERR,ERR,ERR,ERR,ERR,ERR,ERR,ERR,ERR,ERR,ERR,ERR,ERR,ERR,ERR,ERR,ERR,ERR,ERR,ERR,ERR,ERR,ERR,ERR,ERR,ERR,ERR,ERR,ERR,ERR,ERR,ERR,ERR,ERR,ERR,ERR,ERR,ERR,ERR,ERR,ERR,ERR,ERR,ERR,ERR,ERR,ERR,ERR,ERR,ERR,ERR,ERR,ERR,ERR,ERR,ERR,ERR,ERR,ERR,ERR,ERR,ERR,ERR,ERR,ERR,ERR,ERR,ERR,ERR,ERR,ERR,ERR,ERR,ERR,ERR,ERR,ERR,ERR,ERR,ERR,ERR,ERR,ERR,ERR,ERR,ERR,ERR,ERR,ERR,ERR,ERR,ERR,ERR,ERR,ERR,ERR,ERR,ERR,ERR,ERR,ERR,ERR,ERR,ERR,ERR,ERR,ERR,ERR,ERR,ERR,ERR,ERR,ERR,0.0,-0.0,-0.0,0.0,0.0,0.0,0.0,nan,0,0,0,32768,0,0.0,0,0.0,0.0,0.0,0.0,0.0,0,0,0,0,0.0,0,0,0,0,0,0,0,0,0,0,0,0,0,0,0,0,0,0,0,0,0,0,0,0,0,0,0,0,0,0,0,0,0,0,0,0,0,0,0,0,0,0,0,0,0.0,0.0,0.0,0.0,0.0,0.0,0.0,0.0,0.0,0.0,0.0,0.0,0.0,0.0,0.0,0.0,0.0,0.0,0.0,0.0,0.0,0.0,-2.004,-2.004,-2.004,2.004,0.0,0.0,0.0,0.0,3379.0,-0.0,0.0,0.0,0.0,-0.0,0.0,0.0,0.0,0.0,0.0,0,-0.0,5.848029934006574e+35,0.0,0.0,0.0,0.0,0.0,0.0,0.0,0,0,0,0.0,0.0,0.0,0.0,0.0,0.0,0.0,0.0,0.0,0.0,0.0,0.0,0.0,0.0,0.0,0.0,0,-107875648.0,0,0.0,0,-107875648.0,-107877712.0,0,13107,17039,39322,17053,52429,17037,0,0,0,110,100,100,2.7302334150594743e+23,64.0,0.0,64.9,-107615304.0,68.5,1,49,50,180,0,39322,0,0,0.0,0.0,0.0,0.0,-1.938207239690894e+25,65.0,0.0,0.0,0.0,645,0,688,0,0,0,716,0,788,0,709,0,689,0,645,0,642,0,616,0.032,36962304.0,0.0,2.7302316136196234e+23,26640,16788,-84805219778560.0,0.0,-0.023,-0.0,2.1107512287397473e+36,-1.2883324956108913e+23,29.0,60.0,70,0.0,0.0,0.0,0.0,0.0,0.0,0.0,0.0,0.0,0.0,0.0,0.0,0.0,0.0,0.0,0.0,59.2,69,11,65508,41,65476,0,300,0,0,8,20529,65476,0,0,61604,60.0,0.0,0.0,0.0,0.0,0.0
2026-04-04T11:27:30,ERR,ERR,ERR,ERR,ERR,ERR,ERR,ERR,ERR,ERR,ERR,ERR,ERR,ERR,ERR,ERR,ERR,ERR,ERR,ERR,ERR,ERR,ERR,ERR,ERR,ERR,ERR,ERR,ERR,ERR,ERR,ERR,ERR,ERR,ERR,ERR,ERR,ERR,ERR,ERR,ERR,ERR,ERR,ERR,ERR,ERR,ERR,ERR,ERR,ERR,ERR,ERR,ERR,ERR,ERR,ERR,ERR,ERR,ERR,ERR,ERR,ERR,ERR,ERR,ERR,ERR,ERR,ERR,ERR,ERR,ERR,ERR,ERR,ERR,ERR,ERR,ERR,ERR,ERR,ERR,ERR,ERR,ERR,ERR,ERR,ERR,ERR,ERR,ERR,ERR,ERR,ERR,ERR,ERR,ERR,ERR,ERR,ERR,ERR,ERR,ERR,ERR,ERR,ERR,ERR,ERR,ERR,ERR,ERR,ERR,ERR,ERR,ERR,ERR,ERR,ERR,ERR,ERR,ERR,ERR,ERR,ERR,ERR,ERR,ERR,0.0,-0.0,-0.0,0.0,0.0,0.0,0.0,nan,0,0,0,32768,0,0.0,0,0.0,0.0,0.0,0.0,0.0,0,0,0,0,0.0,0,0,0,0,0,0,0,0,0,0,0,0,0,0,0,0,0,0,0,0,0,0,0,0,0,0,0,0,0,0,0,0,0,0,0,0,0,0,0,0,0,0,0,0,0.0,0.0,0.0,0.0,0.0,0.0,0.0,0.0,0.0,0.0,0.0,0.0,0.0,0.0,0.0,0.0,0.0,0.0,0.0,0.0,0.0,0.0,-2.004,-2.004,-2.004,2.004,0.0,0.0,0.0,0.0,3379.0,-0.0,0.0,0.0,0.0,-0.0,0.0,0.0,0.0,0.0,0.0,0,-0.0,5.848029934006574e+35,0.0,0.0,0.0,0.0,0.0,0.0,0.0,0,0,0,0.0,0.0,0.0,0.0,0.0,0.0,0.0,0.0,0.0,0.0,0.0,0.0,0.0,0.0,0.0,0.0,0,-107875648.0,0,0.0,0,-107875648.0,-107877712.0,0,13107,17039,39322,17053,52429,17037,0,0,0,110,100,100,2.7302334150594743e+23,64.0,0.0,64.9,-107615304.0,68.5,1,49,50,180,0,39322,0,0,0.0,0.0,0.0,0.0,-1.938207239690894e+25,65.0,0.0,0.0,0.0,645,0,688,0,0,0,716,0,788,0,709,0,689,0,645,0,642,0,616,0.032,36962304.0,0.0,2.7302316136196234e+23,26640,16788,-84805219778560.0,0.0,-0.023,-0.0,2.1107512287397473e+36,-1.2883324956108913e+23,29.0,60.0,70,0.0,0.0,0.0,0.0,0.0,0.0,0.0,0.0,0.0,0.0,0.0,0.0,0.0,0.0,0.0,0.0,59.2,69,11,65508,41,65476,0,300,0,0,8,20529,65476,0,0,61604,60.0,0.0,0.0,0.0,0.0,0.0
2026-04-04T11:27:31,ERR,ERR,ERR,ERR,ERR,ERR,ERR,ERR,ERR,ERR,ERR,ERR,ERR,ERR,ERR,ERR,ERR,ERR,ERR,ERR,ERR,ERR,ERR,ERR,ERR,ERR,ERR,ERR,ERR,ERR,ERR,ERR,ERR,ERR,ERR,ERR,ERR,ERR,ERR,ERR,ERR,ERR,ERR,ERR,ERR,ERR,ERR,ERR,ERR,ERR,ERR,ERR,ERR,ERR,ERR,ERR,ERR,ERR,ERR,ERR,ERR,ERR,ERR,ERR,ERR,ERR,ERR,ERR,ERR,ERR,ERR,ERR,ERR,ERR,ERR,ERR,ERR,ERR,ERR,ERR,ERR,ERR,ERR,ERR,ERR,ERR,ERR,ERR,ERR,ERR,ERR,ERR,ERR,ERR,ERR,ERR,ERR,ERR,ERR,ERR,ERR,ERR,ERR,ERR,ERR,ERR,ERR,ERR,ERR,ERR,ERR,ERR,ERR,ERR,ERR,ERR,ERR,ERR,ERR,ERR,ERR,ERR,ERR,ERR,ERR,0.0,-0.0,-0.0,0.0,0.0,0.0,0.0,nan,0,0,0,32768,0,0.0,0,0.0,0.0,0.0,0.0,0.0,0,0,0,0,0.0,0,0,0,0,0,0,0,0,0,0,0,0,0,0,0,0,0,0,0,0,0,0,0,0,0,0,0,0,0,0,0,0,0,0,0,0,0,0,0,0,0,0,0,0,0.0,0.0,0.0,0.0,0.0,0.0,0.0,0.0,0.0,0.0,0.0,0.0,0.0,0.0,0.0,0.0,0.0,0.0,0.0,0.0,0.0,0.0,-2.004,-2.004,-2.004,2.004,0.0,0.0,0.0,0.0,3379.0,-0.0,0.0,0.0,0.0,-0.0,0.0,0.0,0.0,0.0,0.0,0,-0.0,5.848029934006574e+35,0.0,0.0,0.0,0.0,0.0,0.0,0.0,0,0,0,0.0,0.0,0.0,0.0,0.0,0.0,0.0,0.0,0.0,0.0,0.0,0.0,0.0,0.0,0.0,0.0,0,-107875648.0,0,0.0,0,-107875648.0,-107877712.0,0,13107,17039,39322,17053,52429,17037,0,0,0,110,100,100,2.7302334150594743e+23,64.0,0.0,64.9,-107615304.0,68.5,1,49,50,180,0,39322,0,0,0.0,0.0,0.0,0.0,-1.938207239690894e+25,65.0,0.0,0.0,0.0,645,0,688,0,0,0,716,0,788,0,709,0,689,0,645,0,642,0,616,0.032,36962304.0,0.0,2.7302316136196234e+23,26640,16788,-84805219778560.0,0.0,-0.023,-0.0,2.1107512287397473e+36,-1.2883324956108913e+23,29.0,60.0,70,0.0,0.0,0.0,0.0,0.0,0.0,0.0,0.0,0.0,0.0,0.0,0.0,0.0,0.0,0.0,0.0,59.2,69,11,65508,41,65476,0,300,0,0,8,20529,65476,0,0,61604,60.0,0.0,0.0,0.0,0.0,0.0
2026-04-04T11:27:32,ERR,ERR,ERR,ERR,ERR,ERR,ERR,ERR,ERR,ERR,ERR,ERR,ERR,ERR,ERR,ERR,ERR,ERR,ERR,ERR,ERR,ERR,ERR,ERR,ERR,ERR,ERR,ERR,ERR,ERR,ERR,ERR,ERR,ERR,ERR,ERR,ERR,ERR,ERR,ERR,ERR,ERR,ERR,ERR,ERR,ERR,ERR,ERR,ERR,ERR,ERR,ERR,ERR,ERR,ERR,ERR,ERR,ERR,ERR,ERR,ERR,ERR,ERR,ERR,ERR,ERR,ERR,ERR,ERR,ERR,ERR,ERR,ERR,ERR,ERR,ERR,ERR,ERR,ERR,ERR,ERR,ERR,ERR,ERR,ERR,ERR,ERR,ERR,ERR,ERR,ERR,ERR,ERR,ERR,ERR,ERR,ERR,ERR,ERR,ERR,ERR,ERR,ERR,ERR,ERR,ERR,ERR,ERR,ERR,ERR,ERR,ERR,ERR,ERR,ERR,ERR,ERR,ERR,ERR,ERR,ERR,ERR,ERR,ERR,ERR,0.0,-0.0,-0.0,0.0,0.0,0.0,0.0,nan,0,0,0,32768,0,0.0,0,0.0,0.0,0.0,0.0,0.0,0,0,0,0,0.0,0,0,0,0,0,0,0,0,0,0,0,0,0,0,0,0,0,0,0,0,0,0,0,0,0,0,0,0,0,0,0,0,0,0,0,0,0,0,0,0,0,0,0,0,0.0,0.0,0.0,0.0,0.0,0.0,0.0,0.0,0.0,0.0,0.0,0.0,0.0,0.0,0.0,0.0,0.0,0.0,0.0,0.0,0.0,0.0,-2.004,-2.004,-2.004,2.004,0.0,0.0,0.0,0.0,3379.0,-0.0,0.0,0.0,0.0,-0.0,0.0,0.0,0.0,0.0,0.0,0,-0.0,5.848029934006574e+35,0.0,0.0,0.0,0.0,0.0,0.0,0.0,0,0,0,0.0,0.0,0.0,0.0,0.0,0.0,0.0,0.0,0.0,0.0,0.0,0.0,0.0,0.0,0.0,0.0,0,-107875648.0,0,0.0,0,-107875648.0,-107877712.0,0,13107,17039,39322,17053,52429,17037,0,0,0,110,100,100,2.7302334150594743e+23,64.0,0.0,64.9,-107615304.0,68.5,1,49,50,180,0,39322,0,0,0.0,0.0,0.0,0.0,-1.938207239690894e+25,65.0,0.0,0.0,0.0,645,0,688,0,0,0,716,0,788,0,709,0,689,0,645,0,642,0,616,0.032,36962304.0,0.0,2.7302316136196234e+23,26640,16788,-84805219778560.0,0.0,-0.023,-0.0,2.1107512287397473e+36,-1.2883324956108913e+23,29.0,60.0,70,0.0,0.0,0.0,0.0,0.0,0.0,0.0,0.0,0.0,0.0,0.0,0.0,0.0,0.0,0.0,0.0,59.2,69,11,65508,41,65476,0,300,0,0,8,20529,65476,0,0,61604,60.0,0.0,0.0,0.0,0.0,0.0
2026-04-04T11:27:33,ERR,ERR,ERR,ERR,ERR,ERR,ERR,ERR,ERR,ERR,ERR,ERR,ERR,ERR,ERR,ERR,ERR,ERR,ERR,ERR,ERR,ERR,ERR,ERR,ERR,ERR,ERR,ERR,ERR,ERR,ERR,ERR,ERR,ERR,ERR,ERR,ERR,ERR,ERR,ERR,ERR,ERR,ERR,ERR,ERR,ERR,ERR,ERR,ERR,ERR,ERR,ERR,ERR,ERR,ERR,ERR,ERR,ERR,ERR,ERR,ERR,ERR,ERR,ERR,ERR,ERR,ERR,ERR,ERR,ERR,ERR,ERR,ERR,ERR,ERR,ERR,ERR,ERR,ERR,ERR,ERR,ERR,ERR,ERR,ERR,ERR,ERR,ERR,ERR,ERR,ERR,ERR,ERR,ERR,ERR,ERR,ERR,ERR,ERR,ERR,ERR,ERR,ERR,ERR,ERR,ERR,ERR,ERR,ERR,ERR,ERR,ERR,ERR,ERR,ERR,ERR,ERR,ERR,ERR,ERR,ERR,ERR,ERR,ERR,ERR,0.0,-0.0,-0.0,0.0,0.0,0.0,0.0,nan,0,0,0,32768,0,0.0,0,0.0,0.0,0.0,0.0,0.0,0,0,0,0,0.0,0,0,0,0,0,0,0,0,0,0,0,0,0,0,0,0,0,0,0,0,0,0,0,0,0,0,0,0,0,0,0,0,0,0,0,0,0,0,0,0,0,0,0,0,0.0,0.0,0.0,0.0,0.0,0.0,0.0,0.0,0.0,0.0,0.0,0.0,0.0,0.0,0.0,0.0,0.0,0.0,0.0,0.0,0.0,0.0,-2.004,-2.004,-2.004,2.004,0.0,0.0,0.0,0.0,3379.0,-0.0,0.0,0.0,0.0,-0.0,0.0,0.0,0.0,0.0,0.0,0,-0.0,5.848029934006574e+35,0.0,0.0,0.0,0.0,0.0,0.0,0.0,0,0,0,0.0,0.0,0.0,0.0,0.0,0.0,0.0,0.0,0.0,0.0,0.0,0.0,0.0,0.0,0.0,0.0,0,-107875648.0,0,0.0,0,-107875648.0,-107877712.0,0,13107,17039,39322,17053,52429,17037,0,0,0,110,100,100,2.7302334150594743e+23,64.0,0.0,64.9,-107615304.0,68.5,1,49,50,180,0,39322,0,0,0.0,0.0,0.0,0.0,-1.938207239690894e+25,65.0,0.0,0.0,0.0,645,0,688,0,0,0,716,0,788,0,709,0,689,0,645,0,642,0,616,0.032,36962304.0,0.0,2.7302316136196234e+23,26640,16788,-84805219778560.0,0.0,-0.023,-0.0,2.1107512287397473e+36,-1.2883324956108913e+23,29.0,60.0,70,0.0,0.0,0.0,0.0,0.0,0.0,0.0,0.0,0.0,0.0,0.0,0.0,0.0,0.0,0.0,0.0,59.2,69,11,65508,41,65476,0,300,0,0,8,20529,65476,0,0,61604,60.0,0.0,0.0,0.0,0.0,0.0
2026-04-04T11:27:34,ERR,ERR,ERR,ERR,ERR,ERR,ERR,ERR,ERR,ERR,ERR,ERR,ERR,ERR,ERR,ERR,ERR,ERR,ERR,ERR,ERR,ERR,ERR,ERR,ERR,ERR,ERR,ERR,ERR,ERR,ERR,ERR,ERR,ERR,ERR,ERR,ERR,ERR,ERR,ERR,ERR,ERR,ERR,ERR,ERR,ERR,ERR,ERR,ERR,ERR,ERR,ERR,ERR,ERR,ERR,ERR,ERR,ERR,ERR,ERR,ERR,ERR,ERR,ERR,ERR,ERR,ERR,ERR,ERR,ERR,ERR,ERR,ERR,ERR,ERR,ERR,ERR,ERR,ERR,ERR,ERR,ERR,ERR,ERR,ERR,ERR,ERR,ERR,ERR,ERR,ERR,ERR,ERR,ERR,ERR,ERR,ERR,ERR,ERR,ERR,ERR,ERR,ERR,ERR,ERR,ERR,ERR,ERR,ERR,ERR,ERR,ERR,ERR,ERR,ERR,ERR,ERR,ERR,ERR,ERR,ERR,ERR,ERR,ERR,ERR,0.0,-0.0,-0.0,0.0,0.0,0.0,0.0,nan,0,0,0,32768,0,0.0,0,0.0,0.0,0.0,0.0,0.0,0,0,0,0,0.0,0,0,0,0,0,0,0,0,0,0,0,0,0,0,0,0,0,0,0,0,0,0,0,0,0,0,0,0,0,0,0,0,0,0,0,0,0,0,0,0,0,0,0,0,0.0,0.0,0.0,0.0,0.0,0.0,0.0,0.0,0.0,0.0,0.0,0.0,0.0,0.0,0.0,0.0,0.0,0.0,0.0,0.0,0.0,0.0,-2.004,-2.004,-2.004,2.004,0.0,0.0,0.0,0.0,3379.0,-0.0,0.0,0.0,0.0,-0.0,0.0,0.0,0.0,0.0,0.0,0,-0.0,5.848029934006574e+35,0.0,0.0,0.0,0.0,0.0,0.0,0.0,0,0,0,0.0,0.0,0.0,0.0,0.0,0.0,0.0,0.0,0.0,0.0,0.0,0.0,0.0,0.0,0.0,0.0,0,-107875648.0,0,0.0,0,-107875648.0,-107877712.0,0,13107,17039,39322,17053,52429,17037,0,0,0,110,100,100,2.7302334150594743e+23,64.0,0.0,64.9,-107615304.0,68.5,1,49,50,180,0,39322,0,0,0.0,0.0,0.0,0.0,-52802.508,65.0,0.0,0.0,0.0,645,0,688,0,0,0,716,0,788,0,709,0,689,0,645,0,642,0,616,0.032,36438016.0,0.0,2.7302316136196234e+23,28176,16788,-2753242333184.0,0.0,-90.126,-205882075906048.0,2.741638412660424e+38,-8.235928894635548e+25,29.0,60.0,70,0.0,0.0,0.0,0.0,0.0,0.0,0.0,0.0,0.0,0.0,0.0,0.0,0.0,0.0,0.0,0.0,59.2,69,11,65508,41,65476,0,300,0,0,8,20529,65476,0,0,61604,60.0,0.0,0.0,0.0,0.0,0.0
2026-04-04T11:27:35,ERR,ERR,ERR,ERR,ERR,ERR,ERR,ERR,ERR,ERR,ERR,ERR,ERR,ERR,ERR,ERR,ERR,ERR,ERR,ERR,ERR,ERR,ERR,ERR,ERR,ERR,ERR,ERR,ERR,ERR,ERR,ERR,ERR,ERR,ERR,ERR,ERR,ERR,ERR,ERR,ERR,ERR,ERR,ERR,ERR,ERR,ERR,ERR,ERR,ERR,ERR,ERR,ERR,ERR,ERR,ERR,ERR,ERR,ERR,ERR,ERR,ERR,ERR,ERR,ERR,ERR,ERR,ERR,ERR,ERR,ERR,ERR,ERR,ERR,ERR,ERR,ERR,ERR,ERR,ERR,ERR,ERR,ERR,ERR,ERR,ERR,ERR,ERR,ERR,ERR,ERR,ERR,ERR,ERR,ERR,ERR,ERR,ERR,ERR,ERR,ERR,ERR,ERR,ERR,ERR,ERR,ERR,ERR,ERR,ERR,ERR,ERR,ERR,ERR,ERR,ERR,ERR,ERR,ERR,ERR,ERR,ERR,ERR,ERR,ERR,0.0,0.0,-101055584.0,0.0,0.0,0.0,0.0,nan,0,0,0,32768,0,0.0,0,0.0,0.0,0.0,0.0,0.0,0,0,0,0,0.0,0,0,0,0,0,0,0,0,0,0,0,0,0,0,0,0,0,0,0,0,0,0,0,0,0,0,0,0,0,0,0,0,0,0,0,0,0,0,0,0,0,0,0,0,0.0,0.0,0.0,0.0,0.0,0.0,0.0,0.0,0.0,0.0,0.0,0.0,0.0,0.0,0.0,0.0,0.0,0.0,0.0,0.0,0.0,0.0,-2.004,0.0,-2.004,2.004,0.0,0.0,0.0,0.0,3378.5,-2.004,0.0,0.0,-0.0,-0.0,0.0,0.0,0.0,0.0,0.0,0,-0.0,2.7184057014301037e+23,0.0,0.0,0.0,0.0,0.0,0.0,0.0,0,0,0,0.0,0.0,0.0,0.0,0.0,0.0,0.0,0.0,0.0,0.0,0.0,0.0,0.0,0.0,0.0,0.0,0,-107875648.0,0,0.0,0,-107875648.0,-107877712.0,0,13107,17039,39322,17053,52429,17037,0,0,0,110,100,100,2.7302334150594743e+23,64.0,0.0,64.9,-107615304.0,68.5,1,49,50,180,0,39322,0,0,0.0,0.0,0.0,0.0,-52802.508,65.0,0.0,0.0,0.0,645,0,688,0,0,0,716,0,788,0,709,0,689,0,645,0,642,0,616,0.032,36438016.0,0.0,2.7302316136196234e+23,28176,16788,-2753242333184.0,0.0,-90.126,-205882075906048.0,2.741638412660424e+38,-8.235928894635548e+25,29.0,60.0,70,0.0,0.0,0.0,0.0,0.0,0.0,0.0,0.0,0.0,0.0,0.0,0.0,0.0,0.0,0.0,0.0,59.2,69,11,65508,41,65476,0,300,0,0,8,20529,65476,0,0,61604,60.0,0.0,0.0,0.0,0.0,0.0
2026-04-04T11:27:36,ERR,ERR,ERR,ERR,ERR,ERR,ERR,ERR,ERR,ERR,ERR,ERR,ERR,ERR,ERR,ERR,ERR,ERR,ERR,ERR,ERR,ERR,ERR,ERR,ERR,ERR,ERR,ERR,ERR,ERR,ERR,ERR,ERR,ERR,ERR,ERR,ERR,ERR,ERR,ERR,ERR,ERR,ERR,ERR,ERR,ERR,ERR,ERR,ERR,ERR,ERR,ERR,ERR,ERR,ERR,ERR,ERR,ERR,ERR,ERR,ERR,ERR,ERR,ERR,ERR,ERR,ERR,ERR,ERR,ERR,ERR,ERR,ERR,ERR,ERR,ERR,ERR,ERR,ERR,ERR,ERR,ERR,ERR,ERR,ERR,ERR,ERR,ERR,ERR,ERR,ERR,ERR,ERR,ERR,ERR,ERR,ERR,ERR,ERR,ERR,ERR,ERR,ERR,ERR,ERR,ERR,ERR,ERR,ERR,ERR,ERR,ERR,ERR,ERR,ERR,ERR,ERR,ERR,ERR,ERR,ERR,ERR,ERR,ERR,ERR,0.0,0.0,-101055584.0,0.0,0.0,0.0,0.0,nan,0,0,0,32768,0,0.0,0,0.0,0.0,0.0,0.0,0.0,0,0,0,0,0.0,0,0,0,0,0,0,0,0,0,0,0,0,0,0,0,0,0,0,0,0,0,0,0,0,0,0,0,0,0,0,0,0,0,0,0,0,0,0,0,0,0,0,0,0,0.0,0.0,0.0,0.0,0.0,0.0,0.0,0.0,0.0,0.0,0.0,0.0,0.0,0.0,0.0,0.0,0.0,0.0,0.0,0.0,0.0,0.0,-2.004,0.0,-2.004,2.004,0.0,0.0,0.0,0.0,3378.5,-2.004,0.0,0.0,-0.0,-0.0,0.0,0.0,0.0,0.0,0.0,0,-0.0,2.7184057014301037e+23,0.0,0.0,0.0,0.0,0.0,0.0,0.0,0,0,0,0.0,0.0,0.0,0.0,0.0,0.0,0.0,0.0,0.0,0.0,0.0,0.0,0.0,0.0,0.0,0.0,0,-107875648.0,0,0.0,0,-107875648.0,-107877712.0,0,13107,17039,39322,17053,52429,17037,0,0,0,110,100,100,2.7302334150594743e+23,64.0,0.0,64.9,-107615304.0,68.5,1,49,50,180,0,39322,0,0,0.0,0.0,0.0,0.0,-52802.508,65.0,0.0,0.0,0.0,645,0,688,0,0,0,716,0,788,0,709,0,689,0,645,0,642,0,616,0.032,36438016.0,0.0,2.7302316136196234e+23,28176,16788,-2753242333184.0,0.0,-90.126,-205882075906048.0,2.741638412660424e+38,-8.235928894635548e+25,29.0,60.0,70,0.0,0.0,0.0,0.0,0.0,0.0,0.0,0.0,0.0,0.0,0.0,0.0,0.0,0.0,0.0,0.0,59.2,69,11,65508,41,65476,0,300,0,0,8,20529,65476,0,0,61604,60.0,0.0,0.0,0.0,0.0,0.0
2026-04-04T11:27:37,ERR,ERR,ERR,ERR,ERR,ERR,ERR,ERR,ERR,ERR,ERR,ERR,ERR,ERR,ERR,ERR,ERR,ERR,ERR,ERR,ERR,ERR,ERR,ERR,ERR,ERR,ERR,ERR,ERR,ERR,ERR,ERR,ERR,ERR,ERR,ERR,ERR,ERR,ERR,ERR,ERR,ERR,ERR,ERR,ERR,ERR,ERR,ERR,ERR,ERR,ERR,ERR,ERR,ERR,ERR,ERR,ERR,ERR,ERR,ERR,ERR,ERR,ERR,ERR,ERR,ERR,ERR,ERR,ERR,ERR,ERR,ERR,ERR,ERR,ERR,ERR,ERR,ERR,ERR,ERR,ERR,ERR,ERR,ERR,ERR,ERR,ERR,ERR,ERR,ERR,ERR,ERR,ERR,ERR,ERR,ERR,ERR,ERR,ERR,ERR,ERR,ERR,ERR,ERR,ERR,ERR,ERR,ERR,ERR,ERR,ERR,ERR,ERR,ERR,ERR,ERR,ERR,ERR,ERR,ERR,ERR,ERR,ERR,ERR,ERR,0.0,0.0,-101055584.0,0.0,0.0,0.0,0.0,nan,0,0,0,32768,0,0.0,0,0.0,0.0,0.0,0.0,0.0,0,0,0,0,0.0,0,0,0,0,0,0,0,0,0,0,0,0,0,0,0,0,0,0,0,0,0,0,0,0,0,0,0,0,0,0,0,0,0,0,0,0,0,0,0,0,0,0,0,0,0.0,0.0,0.0,0.0,0.0,0.0,0.0,0.0,0.0,0.0,0.0,0.0,0.0,0.0,0.0,0.0,0.0,0.0,0.0,0.0,0.0,0.0,-2.004,0.0,-2.004,2.004,0.0,0.0,0.0,0.0,3378.5,-2.004,0.0,0.0,-0.0,-0.0,0.0,0.0,0.0,0.0,0.0,0,-0.0,2.7184057014301037e+23,0.0,0.0,0.0,0.0,0.0,0.0,0.0,0,0,0,0.0,0.0,0.0,0.0,0.0,0.0,0.0,0.0,0.0,0.0,0.0,0.0,0.0,0.0,0.0,0.0,0,-107875648.0,0,0.0,0,-107875648.0,-107877712.0,0,13107,17039,39322,17053,52429,17037,0,0,0,110,100,100,2.7302334150594743e+23,64.0,0.0,64.9,-107615304.0,68.5,1,49,50,180,0,39322,0,0,0.0,0.0,0.0,0.0,-52802.508,65.0,0.0,0.0,0.0,645,0,688,0,0,0,716,0,788,0,709,0,689,0,645,0,642,0,616,0.032,36438016.0,0.0,2.7302316136196234e+23,28176,16788,-2753242333184.0,0.0,-90.126,-205882075906048.0,2.741638412660424e+38,-8.235928894635548e+25,29.0,60.0,70,0.0,0.0,0.0,0.0,0.0,0.0,0.0,0.0,0.0,0.0,0.0,0.0,0.0,0.0,0.0,0.0,59.6,69,11,65508,41,65476,0,300,0,0,8,20529,65476,0,0,61604,60.0,0.0,0.0,0.0,0.0,0.0
2026-04-04T11:27:38,ERR,ERR,ERR,ERR,ERR,ERR,ERR,ERR,ERR,ERR,ERR,ERR,ERR,ERR,ERR,ERR,ERR,ERR,ERR,ERR,ERR,ERR,ERR,ERR,ERR,ERR,ERR,ERR,ERR,ERR,ERR,ERR,ERR,ERR,ERR,ERR,ERR,ERR,ERR,ERR,ERR,ERR,ERR,ERR,ERR,ERR,ERR,ERR,ERR,ERR,ERR,ERR,ERR,ERR,ERR,ERR,ERR,ERR,ERR,ERR,ERR,ERR,ERR,ERR,ERR,ERR,ERR,ERR,ERR,ERR,ERR,ERR,ERR,ERR,ERR,ERR,ERR,ERR,ERR,ERR,ERR,ERR,ERR,ERR,ERR,ERR,ERR,ERR,ERR,ERR,ERR,ERR,ERR,ERR,ERR,ERR,ERR,ERR,ERR,ERR,ERR,ERR,ERR,ERR,ERR,ERR,ERR,ERR,ERR,ERR,ERR,ERR,ERR,ERR,ERR,ERR,ERR,ERR,ERR,ERR,ERR,ERR,ERR,ERR,ERR,0.0,0.0,-101055584.0,0.0,0.0,0.0,0.0,nan,0,0,0,32768,0,0.0,0,0.0,0.0,0.0,0.0,0.0,0,0,0,0,0.0,0,0,0,0,0,0,0,0,0,0,0,0,0,0,0,0,0,0,0,0,0,0,0,0,0,0,0,0,0,0,0,0,0,0,0,0,0,0,0,0,0,0,0,0,0.0,0.0,0.0,0.0,0.0,0.0,0.0,0.0,0.0,0.0,0.0,0.0,0.0,0.0,0.0,0.0,0.0,0.0,0.0,0.0,0.0,0.0,-2.004,0.0,-2.004,2.004,0.0,0.0,0.0,0.0,3378.5,-2.004,0.0,0.0,-0.0,-0.0,0.0,0.0,0.0,0.0,0.0,0,-0.0,2.7184057014301037e+23,0.0,0.0,0.0,0.0,0.0,0.0,0.0,0,0,0,0.0,0.0,0.0,0.0,0.0,0.0,0.0,0.0,0.0,0.0,0.0,0.0,0.0,0.0,0.0,0.0,0,-107875648.0,0,0.0,0,-107875648.0,-107877712.0,0,13107,17039,39322,17053,52429,17037,0,0,0,110,100,100,2.7302334150594743e+23,64.0,0.0,64.9,-107615304.0,68.5,1,49,50,180,0,39322,0,0,0.0,0.0,0.0,0.0,-52802.508,65.0,0.0,0.0,0.0,645,0,688,0,0,0,716,0,788,0,709,0,689,0,645,0,642,0,616,0.032,36438016.0,0.0,2.7302316136196234e+23,28176,16788,-2753242333184.0,0.0,-90.126,-205882075906048.0,2.741638412660424e+38,-8.235928894635548e+25,29.0,60.0,70,0.0,0.0,0.0,0.0,0.0,0.0,0.0,0.0,0.0,0.0,0.0,0.0,0.0,0.0,0.0,0.0,59.6,69,11,65508,41,65476,0,300,0,0,8,20529,65476,0,0,61604,60.0,0.0,0.0,0.0,0.0,0.0
2026-04-04T11:27:39,ERR,ERR,ERR,ERR,ERR,ERR,ERR,ERR,ERR,ERR,ERR,ERR,ERR,ERR,ERR,ERR,ERR,ERR,ERR,ERR,ERR,ERR,ERR,ERR,ERR,ERR,ERR,ERR,ERR,ERR,ERR,ERR,ERR,ERR,ERR,ERR,ERR,ERR,ERR,ERR,ERR,ERR,ERR,ERR,ERR,ERR,ERR,ERR,ERR,ERR,ERR,ERR,ERR,ERR,ERR,ERR,ERR,ERR,ERR,ERR,ERR,ERR,ERR,ERR,ERR,ERR,ERR,ERR,ERR,ERR,ERR,ERR,ERR,ERR,ERR,ERR,ERR,ERR,ERR,ERR,ERR,ERR,ERR,ERR,ERR,ERR,ERR,ERR,ERR,ERR,ERR,ERR,ERR,ERR,ERR,ERR,ERR,ERR,ERR,ERR,ERR,ERR,ERR,ERR,ERR,ERR,ERR,ERR,ERR,ERR,ERR,ERR,ERR,ERR,ERR,ERR,ERR,ERR,ERR,ERR,ERR,ERR,ERR,ERR,ERR,0.0,0.0,-101055584.0,0.0,0.0,0.0,0.0,nan,0,0,0,32768,0,0.0,0,0.0,0.0,0.0,0.0,0.0,0,0,0,0,0.0,0,0,0,0,0,0,0,0,0,0,0,0,0,0,0,0,0,0,0,0,0,0,0,0,0,0,0,0,0,0,0,0,0,0,0,0,0,0,0,0,0,0,0,0,0.0,0.0,0.0,0.0,0.0,0.0,0.0,0.0,0.0,0.0,0.0,0.0,0.0,0.0,0.0,0.0,0.0,0.0,0.0,0.0,0.0,0.0,-2.004,0.0,-2.004,2.004,0.0,0.0,0.0,0.0,3378.5,-2.004,0.0,0.0,-0.0,-0.0,0.0,0.0,0.0,0.0,0.0,0,-0.0,2.7184057014301037e+23,0.0,0.0,0.0,0.0,0.0,0.0,0.0,0,0,0,0.0,0.0,0.0,0.0,0.0,0.0,0.0,0.0,0.0,0.0,0.0,0.0,0.0,0.0,0.0,0.0,0,-107875648.0,0,0.0,0,-107875648.0,-107877712.0,0,13107,17039,39322,17053,52429,17037,0,0,0,110,100,100,2.7302334150594743e+23,64.0,0.0,64.9,-107615304.0,68.5,1,49,50,180,0,39322,0,0,0.0,0.0,0.0,0.0,-0.704,65.0,0.0,0.0,0.0,645,0,688,0,0,0,716,0,788,0,709,0,689,0,645,0,642,0,616,0.032,36700160.0,0.0,2.7302316136196234e+23,33936,16788,-1075921152.0,0.0,-1.838,-0.0,1.1070637348358971e+37,-1.191226456906281e+24,29.0,60.0,70,0.0,0.0,0.0,0.0,0.0,0.0,0.0,0.0,0.0,0.0,0.0,0.0,0.0,0.0,0.0,0.0,59.2,69,11,65508,41,65476,0,300,0,0,8,20529,65476,0,0,61604,60.0,0.0,0.0,0.0,0.0,0.0
2026-04-04T11:27:40,ERR,ERR,ERR,ERR,ERR,ERR,ERR,ERR,ERR,ERR,ERR,ERR,ERR,ERR,ERR,ERR,ERR,ERR,ERR,ERR,ERR,ERR,ERR,ERR,ERR,ERR,ERR,ERR,ERR,ERR,ERR,ERR,ERR,ERR,ERR,ERR,ERR,ERR,ERR,ERR,ERR,ERR,ERR,ERR,ERR,ERR,ERR,ERR,ERR,ERR,ERR,ERR,ERR,ERR,ERR,ERR,ERR,ERR,ERR,ERR,ERR,ERR,ERR,ERR,ERR,ERR,ERR,ERR,ERR,ERR,ERR,ERR,ERR,ERR,ERR,ERR,ERR,ERR,ERR,ERR,ERR,ERR,ERR,ERR,ERR,ERR,ERR,ERR,ERR,ERR,ERR,ERR,ERR,ERR,ERR,ERR,ERR,ERR,ERR,ERR,ERR,ERR,ERR,ERR,ERR,ERR,ERR,ERR,ERR,ERR,ERR,ERR,ERR,ERR,ERR,ERR,ERR,ERR,ERR,ERR,ERR,ERR,ERR,ERR,ERR,0.0,0.0,-101055584.0,0.0,0.0,0.0,0.0,nan,0,0,0,32768,0,0.0,0,0.0,0.0,0.0,0.0,0.0,0,0,0,0,0.0,0,0,0,0,0,0,0,0,0,0,0,0,0,0,0,0,0,0,0,0,0,0,0,0,0,0,0,0,0,0,0,0,0,0,0,0,0,0,0,0,0,0,0,0,0.0,0.0,0.0,0.0,0.0,0.0,0.0,0.0,0.0,0.0,0.0,0.0,0.0,0.0,0.0,0.0,0.0,0.0,0.0,0.0,0.0,0.0,-2.004,0.0,-2.004,2.004,0.0,0.0,0.0,0.0,3378.5,-2.004,0.0,0.0,-0.0,-0.0,0.0,0.0,0.0,0.0,0.0,0,-0.0,2.7184057014301037e+23,0.0,0.0,0.0,0.0,0.0,0.0,0.0,0,0,0,0.0,0.0,0.0,0.0,0.0,0.0,0.0,0.0,0.0,0.0,0.0,0.0,0.0,0.0,0.0,0.0,0,-107875648.0,0,0.0,0,-107875648.0,-107877712.0,0,13107,17039,39322,17053,52429,17037,0,0,0,110,100,100,2.7302334150594743e+23,64.0,0.0,64.9,-107615304.0,68.5,1,49,50,180,0,39322,0,0,0.0,0.0,0.0,0.0,-0.704,65.0,0.0,0.0,0.0,645,0,688,0,0,0,716,0,788,0,709,0,689,0,645,0,642,0,616,0.032,36700160.0,0.0,2.7302316136196234e+23,33936,16788,-1075921152.0,0.0,-1.838,-0.0,1.1070637348358971e+37,-1.191226456906281e+24,29.0,60.0,70,0.0,0.0,0.0,0.0,0.0,0.0,0.0,0.0,0.0,0.0,0.0,0.0,0.0,0.0,0.0,0.0,59.2,69,11,65508,41,65476,0,300,0,0,8,20529,65476,0,0,61604,60.0,0.0,0.0,0.0,0.0,0.0
2026-04-04T11:27:41,ERR,ERR,ERR,ERR,ERR,ERR,ERR,ERR,ERR,ERR,ERR,ERR,ERR,ERR,ERR,ERR,ERR,ERR,ERR,ERR,ERR,ERR,ERR,ERR,ERR,ERR,ERR,ERR,ERR,ERR,ERR,ERR,ERR,ERR,ERR,ERR,ERR,ERR,ERR,ERR,ERR,ERR,ERR,ERR,ERR,ERR,ERR,ERR,ERR,ERR,ERR,ERR,ERR,ERR,ERR,ERR,ERR,ERR,ERR,ERR,ERR,ERR,ERR,ERR,ERR,ERR,ERR,ERR,ERR,ERR,ERR,ERR,ERR,ERR,ERR,ERR,ERR,ERR,ERR,ERR,ERR,ERR,ERR,ERR,ERR,ERR,ERR,ERR,ERR,ERR,ERR,ERR,ERR,ERR,ERR,ERR,ERR,ERR,ERR,ERR,ERR,ERR,ERR,ERR,ERR,ERR,ERR,ERR,ERR,ERR,ERR,ERR,ERR,ERR,ERR,ERR,ERR,ERR,ERR,ERR,ERR,ERR,ERR,ERR,ERR,0.0,0.0,-101055584.0,0.0,0.0,0.0,0.0,nan,0,0,0,32768,0,0.0,0,0.0,0.0,0.0,0.0,0.0,0,0,0,0,0.0,0,0,0,0,0,0,0,0,0,0,0,0,0,0,0,0,0,0,0,0,0,0,0,0,0,0,0,0,0,0,0,0,0,0,0,0,0,0,0,0,0,0,0,0,0.0,0.0,0.0,0.0,0.0,0.0,0.0,0.0,0.0,0.0,0.0,0.0,0.0,0.0,0.0,0.0,0.0,0.0,0.0,0.0,0.0,0.0,-2.004,0.0,-2.004,2.004,0.0,0.0,0.0,0.0,3378.5,-2.004,0.0,0.0,-0.0,-0.0,0.0,0.0,0.0,0.0,0.0,0,-0.0,2.7184057014301037e+23,0.0,0.0,0.0,0.0,0.0,0.0,0.0,0,0,0,0.0,0.0,0.0,0.0,0.0,0.0,0.0,0.0,0.0,0.0,0.0,0.0,0.0,0.0,0.0,0.0,0,-107875648.0,0,0.0,0,-107875648.0,-107877712.0,0,13107,17039,39322,17053,52429,17037,0,0,0,110,100,100,2.7302334150594743e+23,64.0,0.0,64.9,-107615304.0,68.5,1,49,50,180,0,39322,0,0,0.0,0.0,0.0,0.0,-0.704,65.0,0.0,0.0,0.0,645,0,688,0,0,0,716,0,788,0,709,0,689,0,645,0,642,0,616,0.032,36700160.0,0.0,2.7302316136196234e+23,33936,16788,-1075921152.0,0.0,-1.838,-0.0,1.1070637348358971e+37,-1.191226456906281e+24,29.0,60.0,70,0.0,0.0,0.0,0.0,0.0,0.0,0.0,0.0,0.0,0.0,0.0,0.0,0.0,0.0,0.0,0.0,59.2,69,11,65508,41,65476,0,300,0,0,8,20529,65476,0,0,61604,60.0,0.0,0.0,0.0,0.0,0.0
2026-04-04T11:27:42,ERR,ERR,ERR,ERR,ERR,ERR,ERR,ERR,ERR,ERR,ERR,ERR,ERR,ERR,ERR,ERR,ERR,ERR,ERR,ERR,ERR,ERR,ERR,ERR,ERR,ERR,ERR,ERR,ERR,ERR,ERR,ERR,ERR,ERR,ERR,ERR,ERR,ERR,ERR,ERR,ERR,ERR,ERR,ERR,ERR,ERR,ERR,ERR,ERR,ERR,ERR,ERR,ERR,ERR,ERR,ERR,ERR,ERR,ERR,ERR,ERR,ERR,ERR,ERR,ERR,ERR,ERR,ERR,ERR,ERR,ERR,ERR,ERR,ERR,ERR,ERR,ERR,ERR,ERR,ERR,ERR,ERR,ERR,ERR,ERR,ERR,ERR,ERR,ERR,ERR,ERR,ERR,ERR,ERR,ERR,ERR,ERR,ERR,ERR,ERR,ERR,ERR,ERR,ERR,ERR,ERR,ERR,ERR,ERR,ERR,ERR,ERR,ERR,ERR,ERR,ERR,ERR,ERR,ERR,ERR,ERR,ERR,ERR,ERR,ERR,0.0,-0.0,-0.0,0.0,0.0,0.0,0.0,nan,0,0,0,32768,0,0.0,0,0.0,0.0,0.0,0.0,0.0,0,0,0,0,0.0,0,0,0,0,0,0,0,0,0,0,0,0,0,0,0,0,0,0,0,0,0,0,0,0,0,0,0,0,0,0,0,0,0,0,0,0,0,0,0,0,0,0,0,0,0.0,0.0,0.0,0.0,0.0,0.0,0.0,0.0,0.0,0.0,0.0,0.0,0.0,0.0,0.0,0.0,0.0,0.0,0.0,0.0,0.0,0.0,-2.004,-2.004,-2.004,2.004,0.0,0.0,0.0,0.0,3395.5,0.0,0.0,0.0,-0.0,-0.0,0.0,0.0,0.0,0.0,0.0,0,-0.0,-0.0,0.0,0.0,0.0,0.0,0.0,0.0,0.0,0,0,0,0.0,0.0,0.0,0.0,0.0,0.0,0.0,0.0,0.0,0.0,0.0,0.0,0.0,0.0,0.0,0.0,0,-107875648.0,0,0.0,0,-107875648.0,-107877712.0,0,13107,17039,39322,17053,52429,17037,0,0,0,110,100,100,2.7302334150594743e+23,64.0,0.0,64.9,-107615304.0,68.5,1,49,50,180,0,39322,0,0,0.0,0.0,0.0,0.0,-0.704,65.0,0.0,0.0,0.0,645,0,688,0,0,0,716,0,788,0,709,0,689,0,645,0,642,0,616,0.032,36700160.0,0.0,2.7302316136196234e+23,33936,16788,-1075921152.0,0.0,-1.838,-0.0,1.1070637348358971e+37,-1.191226456906281e+24,29.0,60.0,70,0.0,0.0,0.0,0.0,0.0,0.0,0.0,0.0,0.0,0.0,0.0,0.0,0.0,0.0,0.0,0.0,59.2,69,11,65508,41,65476,0,300,0,0,8,20529,65476,0,0,61604,60.0,0.0,0.0,0.0,0.0,0.0
2026-04-04T11:27:43,ERR,ERR,ERR,ERR,ERR,ERR,ERR,ERR,ERR,ERR,ERR,ERR,ERR,ERR,ERR,ERR,ERR,ERR,ERR,ERR,ERR,ERR,ERR,ERR,ERR,ERR,ERR,ERR,ERR,ERR,ERR,ERR,ERR,ERR,ERR,ERR,ERR,ERR,ERR,ERR,ERR,ERR,ERR,ERR,ERR,ERR,ERR,ERR,ERR,ERR,ERR,ERR,ERR,ERR,ERR,ERR,ERR,ERR,ERR,ERR,ERR,ERR,ERR,ERR,ERR,ERR,ERR,ERR,ERR,ERR,ERR,ERR,ERR,ERR,ERR,ERR,ERR,ERR,ERR,ERR,ERR,ERR,ERR,ERR,ERR,ERR,ERR,ERR,ERR,ERR,ERR,ERR,ERR,ERR,ERR,ERR,ERR,ERR,ERR,ERR,ERR,ERR,ERR,ERR,ERR,ERR,ERR,ERR,ERR,ERR,ERR,ERR,ERR,ERR,ERR,ERR,ERR,ERR,ERR,ERR,ERR,ERR,ERR,ERR,ERR,0.0,-0.0,-0.0,0.0,0.0,0.0,0.0,nan,0,0,0,32768,0,0.0,0,0.0,0.0,0.0,0.0,0.0,0,0,0,0,0.0,0,0,0,0,0,0,0,0,0,0,0,0,0,0,0,0,0,0,0,0,0,0,0,0,0,0,0,0,0,0,0,0,0,0,0,0,0,0,0,0,0,0,0,0,0.0,0.0,0.0,0.0,0.0,0.0,0.0,0.0,0.0,0.0,0.0,0.0,0.0,0.0,0.0,0.0,0.0,0.0,0.0,0.0,0.0,0.0,-2.004,-2.004,-2.004,2.004,0.0,0.0,0.0,0.0,3395.5,0.0,0.0,0.0,-0.0,-0.0,0.0,0.0,0.0,0.0,0.0,0,-0.0,-0.0,0.0,0.0,0.0,0.0,0.0,0.0,0.0,0,0,0,0.0,0.0,0.0,0.0,0.0,0.0,0.0,0.0,0.0,0.0,0.0,0.0,0.0,0.0,0.0,0.0,0,-107875648.0,0,0.0,0,-107875648.0,-107877712.0,0,13107,17039,39322,17053,52429,17037,0,0,0,110,100,100,2.7302334150594743e+23,64.0,0.0,64.9,-107615304.0,68.5,1,49,50,180,0,39322,0,0,0.0,0.0,0.0,0.0,-0.704,65.0,0.0,0.0,0.0,645,0,688,0,0,0,716,0,788,0,709,0,689,0,645,0,642,0,616,0.032,36700160.0,0.0,2.7302316136196234e+23,33936,16788,-1075921152.0,0.0,-1.838,-0.0,1.1070637348358971e+37,-1.191226456906281e+24,29.0,60.0,70,0.0,0.0,0.0,0.0,0.0,0.0,0.0,0.0,0.0,0.0,0.0,0.0,0.0,0.0,0.0,0.0,59.2,69,11,65508,41,65476,0,300,0,0,8,20529,65476,0,0,61604,60.0,0.0,0.0,0.0,0.0,0.0
2026-04-04T11:27:44,ERR,ERR,ERR,ERR,ERR,ERR,ERR,ERR,ERR,ERR,ERR,ERR,ERR,ERR,ERR,ERR,ERR,ERR,ERR,ERR,ERR,ERR,ERR,ERR,ERR,ERR,ERR,ERR,ERR,ERR,ERR,ERR,ERR,ERR,ERR,ERR,ERR,ERR,ERR,ERR,ERR,ERR,ERR,ERR,ERR,ERR,ERR,ERR,ERR,ERR,ERR,ERR,ERR,ERR,ERR,ERR,ERR,ERR,ERR,ERR,ERR,ERR,ERR,ERR,ERR,ERR,ERR,ERR,ERR,ERR,ERR,ERR,ERR,ERR,ERR,ERR,ERR,ERR,ERR,ERR,ERR,ERR,ERR,ERR,ERR,ERR,ERR,ERR,ERR,ERR,ERR,ERR,ERR,ERR,ERR,ERR,ERR,ERR,ERR,ERR,ERR,ERR,ERR,ERR,ERR,ERR,ERR,ERR,ERR,ERR,ERR,ERR,ERR,ERR,ERR,ERR,ERR,ERR,ERR,ERR,ERR,ERR,ERR,ERR,ERR,0.0,-0.0,-0.0,0.0,0.0,0.0,0.0,nan,0,0,0,32768,0,0.0,0,0.0,0.0,0.0,0.0,0.0,0,0,0,0,0.0,0,0,0,0,0,0,0,0,0,0,0,0,0,0,0,0,0,0,0,0,0,0,0,0,0,0,0,0,0,0,0,0,0,0,0,0,0,0,0,0,0,0,0,0,0.0,0.0,0.0,0.0,0.0,0.0,0.0,0.0,0.0,0.0,0.0,0.0,0.0,0.0,0.0,0.0,0.0,0.0,0.0,0.0,0.0,0.0,-2.004,-2.004,-2.004,2.004,0.0,0.0,0.0,0.0,3395.5,0.0,0.0,0.0,-0.0,-0.0,0.0,0.0,0.0,0.0,0.0,0,-0.0,-0.0,0.0,0.0,0.0,0.0,0.0,0.0,0.0,0,0,0,0.0,0.0,0.0,0.0,0.0,0.0,0.0,0.0,0.0,0.0,0.0,0.0,0.0,0.0,0.0,0.0,0,-107875648.0,0,0.0,0,-107875648.0,-107877712.0,0,13107,17039,39322,17053,52429,17037,0,0,0,110,100,100,2.7302334150594743e+23,64.0,0.0,64.9,-107615304.0,68.5,1,49,50,180,0,39322,0,0,0.0,0.0,0.0,0.0,-1.6766042642579456e+16,65.0,0.0,-0.0,0.0,645,0,688,0,0,0,716,0,788,0,709,0,689,0,645,0,642,0,616,0.032,36962304.0,0.0,2.7302316136196234e+23,31888,16788,-5.2075076586674586e+17,-0.0,0.0,-9.583586999472331e+19,-109700.07,13254789.0,29.0,60.0,70,0.0,0.0,0.0,0.0,0.0,0.0,0.0,0.0,0.0,0.0,0.0,0.0,0.0,0.0,0.0,0.0,59.2,69,11,65508,41,65476,0,300,0,0,8,20529,65476,0,0,61604,60.0,0.0,0.0,0.0,0.0,0.0
2026-04-04T11:27:45,ERR,ERR,ERR,ERR,ERR,ERR,ERR,ERR,ERR,ERR,ERR,ERR,ERR,ERR,ERR,ERR,ERR,ERR,ERR,ERR,ERR,ERR,ERR,ERR,ERR,ERR,ERR,ERR,ERR,ERR,ERR,ERR,ERR,ERR,ERR,ERR,ERR,ERR,ERR,ERR,ERR,ERR,ERR,ERR,ERR,ERR,ERR,ERR,ERR,ERR,ERR,ERR,ERR,ERR,ERR,ERR,ERR,ERR,ERR,ERR,ERR,ERR,ERR,ERR,ERR,ERR,ERR,ERR,ERR,ERR,ERR,ERR,ERR,ERR,ERR,ERR,ERR,ERR,ERR,ERR,ERR,ERR,ERR,ERR,ERR,ERR,ERR,ERR,ERR,ERR,ERR,ERR,ERR,ERR,ERR,ERR,ERR,ERR,ERR,ERR,ERR,ERR,ERR,ERR,ERR,ERR,ERR,ERR,ERR,ERR,ERR,ERR,ERR,ERR,ERR,ERR,ERR,ERR,ERR,ERR,ERR,ERR,ERR,ERR,ERR,0.0,-0.0,-0.0,0.0,0.0,0.0,0.0,nan,0,0,0,32768,0,0.0,0,0.0,0.0,0.0,0.0,0.0,0,0,0,0,0.0,0,0,0,0,0,0,0,0,0,0,0,0,0,0,0,0,0,0,0,0,0,0,0,0,0,0,0,0,0,0,0,0,0,0,0,0,0,0,0,0,0,0,0,0,0.0,0.0,0.0,0.0,0.0,0.0,0.0,0.0,0.0,0.0,0.0,0.0,0.0,0.0,0.0,0.0,0.0,0.0,0.0,0.0,0.0,0.0,-2.004,-2.004,-2.004,2.004,0.0,0.0,0.0,0.0,3395.5,0.0,0.0,0.0,-0.0,-0.0,0.0,0.0,0.0,0.0,0.0,0,-0.0,-0.0,0.0,0.0,0.0,0.0,0.0,0.0,0.0,0,0,0,0.0,0.0,0.0,0.0,0.0,0.0,0.0,0.0,0.0,0.0,0.0,0.0,0.0,0.0,0.0,0.0,0,-107875648.0,0,0.0,0,-107875648.0,-107877712.0,0,13107,17039,39322,17053,52429,17037,0,0,0,110,100,100,2.7302334150594743e+23,64.0,0.0,64.9,-107615304.0,68.5,1,49,50,180,0,39322,0,0,0.0,0.0,0.0,0.0,-1.6766042642579456e+16,65.0,0.0,-0.0,0.0,645,0,688,0,0,0,716,0,788,0,709,0,689,0,645,0,642,0,616,0.032,36962304.0,0.0,2.7302316136196234e+23,31888,16788,-5.2075076586674586e+17,-0.0,0.0,-9.583586999472331e+19,-109700.07,13254789.0,29.0,60.0,70,0.0,0.0,0.0,0.0,0.0,0.0,0.0,0.0,0.0,0.0,0.0,0.0,0.0,0.0,0.0,0.0,59.6,69,11,65508,41,65476,0,300,0,0,8,20529,65476,0,0,61604,60.0,0.0,0.0,0.0,0.0,0.0
2026-04-04T11:27:46,ERR,ERR,ERR,ERR,ERR,ERR,ERR,ERR,ERR,ERR,ERR,ERR,ERR,ERR,ERR,ERR,ERR,ERR,ERR,ERR,ERR,ERR,ERR,ERR,ERR,ERR,ERR,ERR,ERR,ERR,ERR,ERR,ERR,ERR,ERR,ERR,ERR,ERR,ERR,ERR,ERR,ERR,ERR,ERR,ERR,ERR,ERR,ERR,ERR,ERR,ERR,ERR,ERR,ERR,ERR,ERR,ERR,ERR,ERR,ERR,ERR,ERR,ERR,ERR,ERR,ERR,ERR,ERR,ERR,ERR,ERR,ERR,ERR,ERR,ERR,ERR,ERR,ERR,ERR,ERR,ERR,ERR,ERR,ERR,ERR,ERR,ERR,ERR,ERR,ERR,ERR,ERR,ERR,ERR,ERR,ERR,ERR,ERR,ERR,ERR,ERR,ERR,ERR,ERR,ERR,ERR,ERR,ERR,ERR,ERR,ERR,ERR,ERR,ERR,ERR,ERR,ERR,ERR,ERR,ERR,ERR,ERR,ERR,ERR,ERR,0.0,-0.0,-0.0,0.0,0.0,0.0,0.0,nan,0,0,0,32768,0,0.0,0,0.0,0.0,0.0,0.0,0.0,0,0,0,0,0.0,0,0,0,0,0,0,0,0,0,0,0,0,0,0,0,0,0,0,0,0,0,0,0,0,0,0,0,0,0,0,0,0,0,0,0,0,0,0,0,0,0,0,0,0,0.0,0.0,0.0,0.0,0.0,0.0,0.0,0.0,0.0,0.0,0.0,0.0,0.0,0.0,0.0,0.0,0.0,0.0,0.0,0.0,0.0,0.0,-2.004,-2.004,-2.004,2.004,0.0,0.0,0.0,0.0,3395.5,0.0,0.0,0.0,-0.0,-0.0,0.0,0.0,0.0,0.0,0.0,0,-0.0,-0.0,0.0,0.0,0.0,0.0,0.0,0.0,0.0,0,0,0,0.0,0.0,0.0,0.0,0.0,0.0,0.0,0.0,0.0,0.0,0.0,0.0,0.0,0.0,0.0,0.0,0,-107875648.0,0,0.0,0,-107875648.0,-107877712.0,0,13107,17039,39322,17053,52429,17037,0,0,0,110,100,100,2.7302334150594743e+23,64.0,0.0,64.9,-107615304.0,68.5,1,49,50,180,0,39322,0,0,0.0,0.0,0.0,0.0,-1.6766042642579456e+16,65.0,0.0,-0.0,0.0,645,0,688,0,0,0,716,0,788,0,709,0,689,0,645,0,642,0,616,0.032,36962304.0,0.0,2.7302316136196234e+23,31888,16788,-5.2075076586674586e+17,-0.0,0.0,-9.583586999472331e+19,-109700.07,13254789.0,29.0,60.0,70,0.0,0.0,0.0,0.0,0.0,0.0,0.0,0.0,0.0,0.0,0.0,0.0,0.0,0.0,0.0,0.0,59.6,69,11,65508,41,65476,0,300,0,0,8,20529,65476,0,0,61604,60.0,0.0,0.0,0.0,0.0,0.0
2026-04-04T11:27:47,ERR,ERR,ERR,ERR,ERR,ERR,ERR,ERR,ERR,ERR,ERR,ERR,ERR,ERR,ERR,ERR,ERR,ERR,ERR,ERR,ERR,ERR,ERR,ERR,ERR,ERR,ERR,ERR,ERR,ERR,ERR,ERR,ERR,ERR,ERR,ERR,ERR,ERR,ERR,ERR,ERR,ERR,ERR,ERR,ERR,ERR,ERR,ERR,ERR,ERR,ERR,ERR,ERR,ERR,ERR,ERR,ERR,ERR,ERR,ERR,ERR,ERR,ERR,ERR,ERR,ERR,ERR,ERR,ERR,ERR,ERR,ERR,ERR,ERR,ERR,ERR,ERR,ERR,ERR,ERR,ERR,ERR,ERR,ERR,ERR,ERR,ERR,ERR,ERR,ERR,ERR,ERR,ERR,ERR,ERR,ERR,ERR,ERR,ERR,ERR,ERR,ERR,ERR,ERR,ERR,ERR,ERR,ERR,ERR,ERR,ERR,ERR,ERR,ERR,ERR,ERR,ERR,ERR,ERR,ERR,ERR,ERR,ERR,ERR,ERR,0.0,-0.0,-0.0,0.0,0.0,0.0,0.0,nan,0,0,0,32768,0,0.0,0,0.0,0.0,0.0,0.0,0.0,0,0,0,0,0.0,0,0,0,0,0,0,0,0,0,0,0,0,0,0,0,0,0,0,0,0,0,0,0,0,0,0,0,0,0,0,0,0,0,0,0,0,0,0,0,0,0,0,0,0,0.0,0.0,0.0,0.0,0.0,0.0,0.0,0.0,0.0,0.0,0.0,0.0,0.0,0.0,0.0,0.0,0.0,0.0,0.0,0.0,0.0,0.0,-2.004,-2.004,-2.004,2.004,0.0,0.0,0.0,0.0,3395.5,0.0,0.0,0.0,-0.0,-0.0,0.0,0.0,0.0,0.0,0.0,0,-0.0,-0.0,0.0,0.0,0.0,0.0,0.0,0.0,0.0,0,0,0,0.0,0.0,0.0,0.0,0.0,0.0,0.0,0.0,0.0,0.0,0.0,0.0,0.0,0.0,0.0,0.0,0,-107875648.0,0,0.0,0,-107875648.0,-107877712.0,0,13107,17039,39322,17053,52429,17037,0,0,0,110,100,100,2.7302334150594743e+23,64.0,0.0,64.9,-107615304.0,68.5,1,49,50,180,0,39322,0,0,0.0,0.0,0.0,0.0,-1.6766042642579456e+16,65.0,0.0,-0.0,0.0,645,0,688,0,0,0,716,0,788,0,709,0,689,0,645,0,642,0,616,0.032,36962304.0,0.0,2.7302316136196234e+23,31888,16788,-5.2075076586674586e+17,-0.0,0.0,-9.583586999472331e+19,-109700.07,13254789.0,29.0,60.0,70,0.0,0.0,0.0,0.0,0.0,0.0,0.0,0.0,0.0,0.0,0.0,0.0,0.0,0.0,0.0,0.0,59.6,69,11,65508,41,65476,0,300,0,0,8,20529,65476,0,0,61604,60.0,0.0,0.0,0.0,0.0,0.0
2026-04-04T11:27:48,ERR,ERR,ERR,ERR,ERR,ERR,ERR,ERR,ERR,ERR,ERR,ERR,ERR,ERR,ERR,ERR,ERR,ERR,ERR,ERR,ERR,ERR,ERR,ERR,ERR,ERR,ERR,ERR,ERR,ERR,ERR,ERR,ERR,ERR,ERR,ERR,ERR,ERR,ERR,ERR,ERR,ERR,ERR,ERR,ERR,ERR,ERR,ERR,ERR,ERR,ERR,ERR,ERR,ERR,ERR,ERR,ERR,ERR,ERR,ERR,ERR,ERR,ERR,ERR,ERR,ERR,ERR,ERR,ERR,ERR,ERR,ERR,ERR,ERR,ERR,ERR,ERR,ERR,ERR,ERR,ERR,ERR,ERR,ERR,ERR,ERR,ERR,ERR,ERR,ERR,ERR,ERR,ERR,ERR,ERR,ERR,ERR,ERR,ERR,ERR,ERR,ERR,ERR,ERR,ERR,ERR,ERR,ERR,ERR,ERR,ERR,ERR,ERR,ERR,ERR,ERR,ERR,ERR,ERR,ERR,ERR,ERR,ERR,ERR,ERR,0.0,-0.0,-0.0,0.0,0.0,0.0,0.0,nan,0,0,0,32768,0,0.0,0,0.0,0.0,0.0,0.0,0.0,0,0,0,0,0.0,0,0,0,0,0,0,0,0,0,0,0,0,0,0,0,0,0,0,0,0,0,0,0,0,0,0,0,0,0,0,0,0,0,0,0,0,0,0,0,0,0,0,0,0,0.0,0.0,0.0,0.0,0.0,0.0,0.0,0.0,0.0,0.0,0.0,0.0,0.0,0.0,0.0,0.0,0.0,0.0,0.0,0.0,0.0,0.0,-2.004,-2.004,-2.004,2.004,0.0,0.0,0.0,0.0,3395.5,0.0,0.0,0.0,-0.0,-0.0,0.0,0.0,0.0,0.0,0.0,0,-0.0,-0.0,0.0,0.0,0.0,0.0,0.0,0.0,0.0,0,0,0,0.0,0.0,0.0,0.0,0.0,0.0,0.0,0.0,0.0,0.0,0.0,0.0,0.0,0.0,0.0,0.0,0,-107875648.0,0,0.0,0,-107875648.0,-107877712.0,0,13107,17039,39322,17053,52429,17037,0,0,0,110,100,100,2.7302334150594743e+23,64.0,0.0,64.9,-107615304.0,68.5,1,49,50,180,0,39322,0,0,0.0,0.0,0.0,0.0,-1.4440769252858266e+17,65.0,0.0,-0.0,0.0,645,0,688,0,0,0,716,0,788,0,709,0,689,0,645,0,642,0,616,0.032,36962304.0,0.0,2.7302316136196234e+23,36368,16788,-1.205233848930848e+19,-0.0,0.003,0.0,-32932882.0,28219549696.0,29.0,60.0,70,0.0,0.0,0.0,0.0,0.0,0.0,0.0,0.0,0.0,0.0,0.0,0.0,0.0,0.0,0.0,0.0,59.2,69,11,65508,41,65476,0,300,0,0,8,20529,65476,0,0,61604,60.0,0.0,0.0,0.0,0.0,0.0
2026-04-04T11:27:49,ERR,ERR,ERR,ERR,ERR,ERR,ERR,ERR,ERR,ERR,ERR,ERR,ERR,ERR,ERR,ERR,ERR,ERR,ERR,ERR,ERR,ERR,ERR,ERR,ERR,ERR,ERR,ERR,ERR,ERR,ERR,ERR,ERR,ERR,ERR,ERR,ERR,ERR,ERR,ERR,ERR,ERR,ERR,ERR,ERR,ERR,ERR,ERR,ERR,ERR,ERR,ERR,ERR,ERR,ERR,ERR,ERR,ERR,ERR,ERR,ERR,ERR,ERR,ERR,ERR,ERR,ERR,ERR,ERR,ERR,ERR,ERR,ERR,ERR,ERR,ERR,ERR,ERR,ERR,ERR,ERR,ERR,ERR,ERR,ERR,ERR,ERR,ERR,ERR,ERR,ERR,ERR,ERR,ERR,ERR,ERR,ERR,ERR,ERR,ERR,ERR,ERR,ERR,ERR,ERR,ERR,ERR,ERR,ERR,ERR,ERR,ERR,ERR,ERR,ERR,ERR,ERR,ERR,ERR,ERR,ERR,ERR,ERR,ERR,ERR,0.0,-0.0,-0.0,0.0,0.0,0.0,0.0,nan,0,0,0,32768,0,0.0,0,0.0,0.0,0.0,0.0,0.0,0,0,0,0,0.0,0,0,0,0,0,0,0,0,0,0,0,0,0,0,0,0,0,0,0,0,0,0,0,0,0,0,0,0,0,0,0,0,0,0,0,0,0,0,0,0,0,0,0,0,0.0,0.0,0.0,0.0,0.0,0.0,0.0,0.0,0.0,0.0,0.0,0.0,0.0,0.0,0.0,0.0,0.0,0.0,0.0,0.0,0.0,0.0,-2.004,-2.004,-2.004,2.004,0.0,0.0,0.0,0.0,3378.5,-8608107520.0,0.0,0.0,-0.0,-0.0,0.0,0.0,0.0,0.0,0.0,0,-0.0,-0.0,0.0,0.0,0.0,0.0,0.0,0.0,0.0,0,0,0,0.0,0.0,0.0,0.0,0.0,0.0,0.0,0.0,0.0,0.0,0.0,0.0,0.0,0.0,0.0,0.0,0,-107875648.0,0,0.0,0,-107875648.0,-107877712.0,0,13107,17039,39322,17053,52429,17037,0,0,0,110,100,100,2.7302334150594743e+23,64.0,0.0,64.9,-107615304.0,68.5,1,49,50,180,0,39322,0,0,0.0,0.0,0.0,0.0,-1.4440769252858266e+17,65.0,0.0,-0.0,0.0,645,0,688,0,0,0,716,0,788,0,709,0,689,0,645,0,642,0,616,0.032,36962304.0,0.0,2.7302316136196234e+23,36368,16788,-1.205233848930848e+19,-0.0,0.003,0.0,-32932882.0,28219549696.0,29.0,60.0,70,0.0,0.0,0.0,0.0,0.0,0.0,0.0,0.0,0.0,0.0,0.0,0.0,0.0,0.0,0.0,0.0,59.2,69,11,65508,41,65476,0,300,0,0,8,20529,65476,0,0,61604,60.0,0.0,0.0,0.0,0.0,0.0
2026-04-04T11:27:50,ERR,ERR,ERR,ERR,ERR,ERR,ERR,ERR,ERR,ERR,ERR,ERR,ERR,ERR,ERR,ERR,ERR,ERR,ERR,ERR,ERR,ERR,ERR,ERR,ERR,ERR,ERR,ERR,ERR,ERR,ERR,ERR,ERR,ERR,ERR,ERR,ERR,ERR,ERR,ERR,ERR,ERR,ERR,ERR,ERR,ERR,ERR,ERR,ERR,ERR,ERR,ERR,ERR,ERR,ERR,ERR,ERR,ERR,ERR,ERR,ERR,ERR,ERR,ERR,ERR,ERR,ERR,ERR,ERR,ERR,ERR,ERR,ERR,ERR,ERR,ERR,ERR,ERR,ERR,ERR,ERR,ERR,ERR,ERR,ERR,ERR,ERR,ERR,ERR,ERR,ERR,ERR,ERR,ERR,ERR,ERR,ERR,ERR,ERR,ERR,ERR,ERR,ERR,ERR,ERR,ERR,ERR,ERR,ERR,ERR,ERR,ERR,ERR,ERR,ERR,ERR,ERR,ERR,ERR,ERR,ERR,ERR,ERR,ERR,ERR,0.0,-0.0,-0.0,0.0,0.0,0.0,0.0,nan,0,0,0,32768,0,0.0,0,0.0,0.0,0.0,0.0,0.0,0,0,0,0,0.0,0,0,0,0,0,0,0,0,0,0,0,0,0,0,0,0,0,0,0,0,0,0,0,0,0,0,0,0,0,0,0,0,0,0,0,0,0,0,0,0,0,0,0,0,0.0,0.0,0.0,0.0,0.0,0.0,0.0,0.0,0.0,0.0,0.0,0.0,0.0,0.0,0.0,0.0,0.0,0.0,0.0,0.0,0.0,0.0,-2.004,-2.004,-2.004,2.004,0.0,0.0,0.0,0.0,3378.5,-8608107520.0,0.0,0.0,-0.0,-0.0,0.0,0.0,0.0,0.0,0.0,0,-0.0,-0.0,0.0,0.0,0.0,0.0,0.0,0.0,0.0,0,0,0,0.0,0.0,0.0,0.0,0.0,0.0,0.0,0.0,0.0,0.0,0.0,0.0,0.0,0.0,0.0,0.0,0,-107875648.0,0,0.0,0,-107875648.0,-107877712.0,0,13107,17039,39322,17053,52429,17037,0,0,0,110,100,100,2.7302334150594743e+23,64.0,0.0,64.9,-107615304.0,68.5,1,49,50,180,0,39322,0,0,0.0,0.0,0.0,0.0,-1.4440769252858266e+17,65.0,0.0,-0.0,0.0,645,0,688,0,0,0,716,0,788,0,709,0,689,0,645,0,642,0,616,0.032,36962304.0,0.0,2.7302316136196234e+23,36368,16788,-1.205233848930848e+19,-0.0,0.003,0.0,-32932882.0,28219549696.0,29.0,60.0,70,0.0,0.0,0.0,0.0,0.0,0.0,0.0,0.0,0.0,0.0,0.0,0.0,0.0,0.0,0.0,0.0,59.2,69,11,65508,41,65476,0,300,0,0,8,20529,65476,0,0,61604,60.0,0.0,0.0,0.0,0.0,0.0
2026-04-04T11:27:51,ERR,ERR,ERR,ERR,ERR,ERR,ERR,ERR,ERR,ERR,ERR,ERR,ERR,ERR,ERR,ERR,ERR,ERR,ERR,ERR,ERR,ERR,ERR,ERR,ERR,ERR,ERR,ERR,ERR,ERR,ERR,ERR,ERR,ERR,ERR,ERR,ERR,ERR,ERR,ERR,ERR,ERR,ERR,ERR,ERR,ERR,ERR,ERR,ERR,ERR,ERR,ERR,ERR,ERR,ERR,ERR,ERR,ERR,ERR,ERR,ERR,ERR,ERR,ERR,ERR,ERR,ERR,ERR,ERR,ERR,ERR,ERR,ERR,ERR,ERR,ERR,ERR,ERR,ERR,ERR,ERR,ERR,ERR,ERR,ERR,ERR,ERR,ERR,ERR,ERR,ERR,ERR,ERR,ERR,ERR,ERR,ERR,ERR,ERR,ERR,ERR,ERR,ERR,ERR,ERR,ERR,ERR,ERR,ERR,ERR,ERR,ERR,ERR,ERR,ERR,ERR,ERR,ERR,ERR,ERR,ERR,ERR,ERR,ERR,ERR,0.0,-0.0,-0.0,0.0,0.0,0.0,0.0,nan,0,0,0,32768,0,0.0,0,0.0,0.0,0.0,0.0,0.0,0,0,0,0,0.0,0,0,0,0,0,0,0,0,0,0,0,0,0,0,0,0,0,0,0,0,0,0,0,0,0,0,0,0,0,0,0,0,0,0,0,0,0,0,0,0,0,0,0,0,0.0,0.0,0.0,0.0,0.0,0.0,0.0,0.0,0.0,0.0,0.0,0.0,0.0,0.0,0.0,0.0,0.0,0.0,0.0,0.0,0.0,0.0,-2.004,-2.004,-2.004,2.004,0.0,0.0,0.0,0.0,3378.5,-8608107520.0,0.0,0.0,-0.0,-0.0,0.0,0.0,0.0,0.0,0.0,0,-0.0,-0.0,0.0,0.0,0.0,0.0,0.0,0.0,0.0,0,0,0,0.0,0.0,0.0,0.0,0.0,0.0,0.0,0.0,0.0,0.0,0.0,0.0,0.0,0.0,0.0,0.0,0,-107875648.0,0,0.0,0,-107875648.0,-107877712.0,0,13107,17039,39322,17053,52429,17037,0,0,0,110,100,100,2.7302334150594743e+23,64.0,0.0,64.9,-107615304.0,68.5,1,49,50,180,0,39322,0,0,0.0,0.0,0.0,0.0,-1.4440769252858266e+17,65.0,0.0,-0.0,0.0,645,0,688,0,0,0,716,0,788,0,709,0,689,0,645,0,642,0,616,0.032,36962304.0,0.0,2.7302316136196234e+23,36368,16788,-1.205233848930848e+19,-0.0,0.003,0.0,-32932882.0,28219549696.0,29.0,60.0,70,0.0,0.0,0.0,0.0,0.0,0.0,0.0,0.0,0.0,0.0,0.0,0.0,0.0,0.0,0.0,0.0,59.2,69,11,65508,41,65476,0,300,0,0,8,20529,65476,0,0,61604,60.0,0.0,0.0,0.0,0.0,0.0
2026-04-04T11:27:52,ERR,ERR,ERR,ERR,ERR,ERR,ERR,ERR,ERR,ERR,ERR,ERR,ERR,ERR,ERR,ERR,ERR,ERR,ERR,ERR,ERR,ERR,ERR,ERR,ERR,ERR,ERR,ERR,ERR,ERR,ERR,ERR,ERR,ERR,ERR,ERR,ERR,ERR,ERR,ERR,ERR,ERR,ERR,ERR,ERR,ERR,ERR,ERR,ERR,ERR,ERR,ERR,ERR,ERR,ERR,ERR,ERR,ERR,ERR,ERR,ERR,ERR,ERR,ERR,ERR,ERR,ERR,ERR,ERR,ERR,ERR,ERR,ERR,ERR,ERR,ERR,ERR,ERR,ERR,ERR,ERR,ERR,ERR,ERR,ERR,ERR,ERR,ERR,ERR,ERR,ERR,ERR,ERR,ERR,ERR,ERR,ERR,ERR,ERR,ERR,ERR,ERR,ERR,ERR,ERR,ERR,ERR,ERR,ERR,ERR,ERR,ERR,ERR,ERR,ERR,ERR,ERR,ERR,ERR,ERR,ERR,ERR,ERR,ERR,ERR,0.0,-0.0,-0.0,0.0,0.0,0.0,0.0,nan,0,0,0,32768,0,0.0,0,0.0,0.0,0.0,0.0,0.0,0,0,0,0,0.0,0,0,0,0,0,0,0,0,0,0,0,0,0,0,0,0,0,0,0,0,0,0,0,0,0,0,0,0,0,0,0,0,0,0,0,0,0,0,0,0,0,0,0,0,0.0,0.0,0.0,0.0,0.0,0.0,0.0,0.0,0.0,0.0,0.0,0.0,0.0,0.0,0.0,0.0,0.0,0.0,0.0,0.0,0.0,0.0,-2.004,-2.004,-2.004,2.004,0.0,0.0,0.0,0.0,3378.5,-8608107520.0,0.0,0.0,-0.0,-0.0,0.0,0.0,0.0,0.0,0.0,0,-0.0,-0.0,0.0,0.0,0.0,0.0,0.0,0.0,0.0,0,0,0,0.0,0.0,0.0,0.0,0.0,0.0,0.0,0.0,0.0,0.0,0.0,0.0,0.0,0.0,0.0,0.0,0,-107875648.0,0,0.0,0,-107875648.0,-107877712.0,0,13107,17039,39322,17053,52429,17037,0,0,0,110,100,100,2.7302334150594743e+23,64.0,0.0,64.9,-107615304.0,68.5,1,49,50,180,0,39322,0,0,0.0,0.0,0.0,0.0,-1.0737146220823288e+20,65.0,0.0,-0.0,0.0,645,0,688,0,0,0,716,0,788,0,709,0,689,0,645,0,642,0,616,0.032,42467328.0,0.0,2.7302316136196234e+23,44560,16788,-3.0589860442030473e+19,-0.0,0.0,-0.0,-2740.127,95361.039,29.0,60.0,70,0.0,0.0,0.0,0.0,0.0,0.0,0.0,0.0,0.0,0.0,0.0,0.0,0.0,0.0,0.0,0.0,59.2,69,11,65508,41,65476,0,300,0,0,8,20529,65476,0,0,61604,60.0,0.0,0.0,0.0,0.0,0.0
2026-04-04T11:27:53,ERR,ERR,ERR,ERR,ERR,ERR,ERR,ERR,ERR,ERR,ERR,ERR,ERR,ERR,ERR,ERR,ERR,ERR,ERR,ERR,ERR,ERR,ERR,ERR,ERR,ERR,ERR,ERR,ERR,ERR,ERR,ERR,ERR,ERR,ERR,ERR,ERR,ERR,ERR,ERR,ERR,ERR,ERR,ERR,ERR,ERR,ERR,ERR,ERR,ERR,ERR,ERR,ERR,ERR,ERR,ERR,ERR,ERR,ERR,ERR,ERR,ERR,ERR,ERR,ERR,ERR,ERR,ERR,ERR,ERR,ERR,ERR,ERR,ERR,ERR,ERR,ERR,ERR,ERR,ERR,ERR,ERR,ERR,ERR,ERR,ERR,ERR,ERR,ERR,ERR,ERR,ERR,ERR,ERR,ERR,ERR,ERR,ERR,ERR,ERR,ERR,ERR,ERR,ERR,ERR,ERR,ERR,ERR,ERR,ERR,ERR,ERR,ERR,ERR,ERR,ERR,ERR,ERR,ERR,ERR,ERR,ERR,ERR,ERR,ERR,0.0,-0.0,-0.0,0.0,0.0,0.0,0.0,nan,0,0,0,32768,0,0.0,0,0.0,0.0,0.0,0.0,0.0,0,0,0,0,0.0,0,0,0,0,0,0,0,0,0,0,0,0,0,0,0,0,0,0,0,0,0,0,0,0,0,0,0,0,0,0,0,0,0,0,0,0,0,0,0,0,0,0,0,0,0.0,0.0,0.0,0.0,0.0,0.0,0.0,0.0,0.0,0.0,0.0,0.0,0.0,0.0,0.0,0.0,0.0,0.0,0.0,0.0,0.0,0.0,-2.004,-2.004,-2.004,2.004,0.0,0.0,0.0,0.0,3378.5,-8608107520.0,0.0,0.0,-0.0,-0.0,0.0,0.0,0.0,0.0,0.0,0,-0.0,-0.0,0.0,0.0,0.0,0.0,0.0,0.0,0.0,0,0,0,0.0,0.0,0.0,0.0,0.0,0.0,0.0,0.0,0.0,0.0,0.0,0.0,0.0,0.0,0.0,0.0,0,-107875648.0,0,0.0,0,-107875648.0,-107877712.0,0,13107,17039,39322,17053,52429,17037,0,0,0,110,100,100,2.7302334150594743e+23,64.0,0.0,64.9,-107615304.0,68.5,1,49,50,180,0,39322,0,0,0.0,0.0,0.0,0.0,-1.0737146220823288e+20,65.0,0.0,-0.0,0.0,645,0,688,0,0,0,716,0,788,0,709,0,689,0,645,0,642,0,616,0.032,42467328.0,0.0,2.7302316136196234e+23,44560,16788,-3.0589860442030473e+19,-0.0,0.0,-0.0,-2740.127,95361.039,29.0,60.0,70,0.0,0.0,0.0,0.0,0.0,0.0,0.0,0.0,0.0,0.0,0.0,0.0,0.0,0.0,0.0,0.0,59.2,69,11,65508,41,65476,0,300,0,0,8,20529,65476,0,0,61604,60.0,0.0,0.0,0.0,0.0,0.0
2026-04-04T11:27:54,ERR,ERR,ERR,ERR,ERR,ERR,ERR,ERR,ERR,ERR,ERR,ERR,ERR,ERR,ERR,ERR,ERR,ERR,ERR,ERR,ERR,ERR,ERR,ERR,ERR,ERR,ERR,ERR,ERR,ERR,ERR,ERR,ERR,ERR,ERR,ERR,ERR,ERR,ERR,ERR,ERR,ERR,ERR,ERR,ERR,ERR,ERR,ERR,ERR,ERR,ERR,ERR,ERR,ERR,ERR,ERR,ERR,ERR,ERR,ERR,ERR,ERR,ERR,ERR,ERR,ERR,ERR,ERR,ERR,ERR,ERR,ERR,ERR,ERR,ERR,ERR,ERR,ERR,ERR,ERR,ERR,ERR,ERR,ERR,ERR,ERR,ERR,ERR,ERR,ERR,ERR,ERR,ERR,ERR,ERR,ERR,ERR,ERR,ERR,ERR,ERR,ERR,ERR,ERR,ERR,ERR,ERR,ERR,ERR,ERR,ERR,ERR,ERR,ERR,ERR,ERR,ERR,ERR,ERR,ERR,ERR,ERR,ERR,ERR,ERR,0.0,-0.0,-0.0,0.0,0.0,0.0,0.0,nan,0,0,0,32768,0,0.0,0,0.0,0.0,0.0,0.0,0.0,0,0,0,0,0.0,0,0,0,0,0,0,0,0,0,0,0,0,0,0,0,0,0,0,0,0,0,0,0,0,0,0,0,0,0,0,0,0,0,0,0,0,0,0,0,0,0,0,0,0,0.0,0.0,0.0,0.0,0.0,0.0,0.0,0.0,0.0,0.0,0.0,0.0,0.0,0.0,0.0,0.0,0.0,0.0,0.0,0.0,0.0,0.0,-2.004,-2.004,-2.004,2.004,0.0,0.0,0.0,0.0,3378.5,-8608107520.0,0.0,0.0,-0.0,-0.0,0.0,0.0,0.0,0.0,0.0,0,-0.0,-0.0,0.0,0.0,0.0,0.0,0.0,0.0,0.0,0,0,0,0.0,0.0,0.0,0.0,0.0,0.0,0.0,0.0,0.0,0.0,0.0,0.0,0.0,0.0,0.0,0.0,0,-107875648.0,0,0.0,0,-107875648.0,-107877712.0,0,13107,17039,39322,17053,52429,17037,0,0,0,110,100,100,2.7302334150594743e+23,64.0,0.0,64.9,-107615304.0,68.5,1,49,50,180,0,39322,0,0,0.0,0.0,0.0,0.0,-1.0737146220823288e+20,65.0,0.0,-0.0,0.0,645,0,688,0,0,0,716,0,788,0,709,0,689,0,645,0,642,0,616,0.032,42467328.0,0.0,2.7302316136196234e+23,44560,16788,-3.0589860442030473e+19,-0.0,0.0,-0.0,-2740.127,95361.039,29.0,60.0,70,0.0,0.0,0.0,0.0,0.0,0.0,0.0,0.0,0.0,0.0,0.0,0.0,0.0,0.0,0.0,0.0,59.2,69,11,65508,41,65476,0,300,0,0,8,20529,65476,0,0,61604,60.0,0.0,0.0,0.0,0.0,0.0
2026-04-04T11:27:55,ERR,ERR,ERR,ERR,ERR,ERR,ERR,ERR,ERR,ERR,ERR,ERR,ERR,ERR,ERR,ERR,ERR,ERR,ERR,ERR,ERR,ERR,ERR,ERR,ERR,ERR,ERR,ERR,ERR,ERR,ERR,ERR,ERR,ERR,ERR,ERR,ERR,ERR,ERR,ERR,ERR,ERR,ERR,ERR,ERR,ERR,ERR,ERR,ERR,ERR,ERR,ERR,ERR,ERR,ERR,ERR,ERR,ERR,ERR,ERR,ERR,ERR,ERR,ERR,ERR,ERR,ERR,ERR,ERR,ERR,ERR,ERR,ERR,ERR,ERR,ERR,ERR,ERR,ERR,ERR,ERR,ERR,ERR,ERR,ERR,ERR,ERR,ERR,ERR,ERR,ERR,ERR,ERR,ERR,ERR,ERR,ERR,ERR,ERR,ERR,ERR,ERR,ERR,ERR,ERR,ERR,ERR,ERR,ERR,ERR,ERR,ERR,ERR,ERR,ERR,ERR,ERR,ERR,ERR,ERR,ERR,ERR,ERR,ERR,ERR,0.0,-0.0,-0.0,0.0,0.0,0.0,0.0,nan,0,0,0,32768,0,0.0,0,0.0,0.0,0.0,0.0,0.0,0,0,0,0,0.0,0,0,0,0,0,0,0,0,0,0,0,0,0,0,0,0,0,0,0,0,0,0,0,0,0,0,0,0,0,0,0,0,0,0,0,0,0,0,0,0,0,0,0,0,0.0,0.0,0.0,0.0,0.0,0.0,0.0,0.0,0.0,0.0,0.0,0.0,0.0,0.0,0.0,0.0,0.0,0.0,0.0,0.0,0.0,0.0,-2.004,-2.004,-2.004,2.004,0.0,0.0,0.0,0.0,3376.5,-0.0,0.0,0.0,-0.0,-0.0,0.0,0.0,0.0,0.0,0.0,0,-0.0,1.905674755852206e+17,0.0,0.0,0.0,0.0,0.0,0.0,0.0,0,0,0,0.0,0.0,0.0,0.0,0.0,0.0,0.0,0.0,0.0,0.0,0.0,0.0,0.0,0.0,0.0,0.0,0,-107875648.0,0,0.0,0,-107875648.0,-107877712.0,0,13107,17039,39322,17053,52429,17037,0,0,0,110,100,100,2.7302334150594743e+23,64.0,0.0,64.9,-107615304.0,68.5,1,49,50,180,0,39322,0,0,0.0,0.0,0.0,0.0,-1.0737146220823288e+20,65.0,0.0,-0.0,0.0,645,0,688,0,0,0,716,0,788,0,709,0,689,0,645,0,642,0,616,0.032,42467328.0,0.0,2.7302316136196234e+23,44560,16788,-3.0589860442030473e+19,-0.0,0.0,-0.0,-2740.127,95361.039,29.0,60.0,70,0.0,0.0,0.0,0.0,0.0,0.0,0.0,0.0,0.0,0.0,0.0,0.0,0.0,0.0,0.0,0.0,59.2,69,11,65508,41,65476,0,300,0,0,8,20529,65476,0,0,61604,60.0,0.0,0.0,0.0,0.0,0.0
2026-04-04T11:27:56,ERR,ERR,ERR,ERR,ERR,ERR,ERR,ERR,ERR,ERR,ERR,ERR,ERR,ERR,ERR,ERR,ERR,ERR,ERR,ERR,ERR,ERR,ERR,ERR,ERR,ERR,ERR,ERR,ERR,ERR,ERR,ERR,ERR,ERR,ERR,ERR,ERR,ERR,ERR,ERR,ERR,ERR,ERR,ERR,ERR,ERR,ERR,ERR,ERR,ERR,ERR,ERR,ERR,ERR,ERR,ERR,ERR,ERR,ERR,ERR,ERR,ERR,ERR,ERR,ERR,ERR,ERR,ERR,ERR,ERR,ERR,ERR,ERR,ERR,ERR,ERR,ERR,ERR,ERR,ERR,ERR,ERR,ERR,ERR,ERR,ERR,ERR,ERR,ERR,ERR,ERR,ERR,ERR,ERR,ERR,ERR,ERR,ERR,ERR,ERR,ERR,ERR,ERR,ERR,ERR,ERR,ERR,ERR,ERR,ERR,ERR,ERR,ERR,ERR,ERR,ERR,ERR,ERR,ERR,ERR,ERR,ERR,ERR,ERR,ERR,0.0,-0.0,-0.0,0.0,0.0,0.0,0.0,nan,0,0,0,32768,0,0.0,0,0.0,0.0,0.0,0.0,0.0,0,0,0,0,0.0,0,0,0,0,0,0,0,0,0,0,0,0,0,0,0,0,0,0,0,0,0,0,0,0,0,0,0,0,0,0,0,0,0,0,0,0,0,0,0,0,0,0,0,0,0.0,0.0,0.0,0.0,0.0,0.0,0.0,0.0,0.0,0.0,0.0,0.0,0.0,0.0,0.0,0.0,0.0,0.0,0.0,0.0,0.0,0.0,-2.004,-2.004,-2.004,2.004,0.0,0.0,0.0,0.0,3376.5,-0.0,0.0,0.0,-0.0,-0.0,0.0,0.0,0.0,0.0,0.0,0,-0.0,1.905674755852206e+17,0.0,0.0,0.0,0.0,0.0,0.0,0.0,0,0,0,0.0,0.0,0.0,0.0,0.0,0.0,0.0,0.0,0.0,0.0,0.0,0.0,0.0,0.0,0.0,0.0,0,-107875648.0,0,0.0,0,-107875648.0,-107877712.0,0,13107,17039,39322,17053,52429,17037,0,0,0,110,100,100,2.7302334150594743e+23,64.0,0.0,64.9,-107615304.0,68.5,1,49,50,180,0,39322,0,0,0.0,0.0,0.0,0.0,-1.0737146220823288e+20,65.0,0.0,-0.0,0.0,645,0,688,0,0,0,716,0,788,0,709,0,689,0,645,0,642,0,616,0.032,42467328.0,0.0,2.7302316136196234e+23,44560,16788,-3.0589860442030473e+19,-0.0,0.0,-0.0,-2740.127,95361.039,29.0,60.0,70,0.0,0.0,0.0,0.0,0.0,0.0,0.0,0.0,0.0,0.0,0.0,0.0,0.0,0.0,0.0,0.0,59.2,69,11,65508,41,65476,0,300,0,0,8,20529,65476,0,0,61604,60.0,0.0,0.0,0.0,0.0,0.0
2026-04-04T11:27:57,ERR,ERR,ERR,ERR,ERR,ERR,ERR,ERR,ERR,ERR,ERR,ERR,ERR,ERR,ERR,ERR,ERR,ERR,ERR,ERR,ERR,ERR,ERR,ERR,ERR,ERR,ERR,ERR,ERR,ERR,ERR,ERR,ERR,ERR,ERR,ERR,ERR,ERR,ERR,ERR,ERR,ERR,ERR,ERR,ERR,ERR,ERR,ERR,ERR,ERR,ERR,ERR,ERR,ERR,ERR,ERR,ERR,ERR,ERR,ERR,ERR,ERR,ERR,ERR,ERR,ERR,ERR,ERR,ERR,ERR,ERR,ERR,ERR,ERR,ERR,ERR,ERR,ERR,ERR,ERR,ERR,ERR,ERR,ERR,ERR,ERR,ERR,ERR,ERR,ERR,ERR,ERR,ERR,ERR,ERR,ERR,ERR,ERR,ERR,ERR,ERR,ERR,ERR,ERR,ERR,ERR,ERR,ERR,ERR,ERR,ERR,ERR,ERR,ERR,ERR,ERR,ERR,ERR,ERR,ERR,ERR,ERR,ERR,ERR,ERR,0.0,-0.0,-0.0,0.0,0.0,0.0,0.0,nan,0,0,0,32768,0,0.0,0,0.0,0.0,0.0,0.0,0.0,0,0,0,0,0.0,0,0,0,0,0,0,0,0,0,0,0,0,0,0,0,0,0,0,0,0,0,0,0,0,0,0,0,0,0,0,0,0,0,0,0,0,0,0,0,0,0,0,0,0,0.0,0.0,0.0,0.0,0.0,0.0,0.0,0.0,0.0,0.0,0.0,0.0,0.0,0.0,0.0,0.0,0.0,0.0,0.0,0.0,0.0,0.0,-2.004,-2.004,-2.004,2.004,0.0,0.0,0.0,0.0,3376.5,-0.0,0.0,0.0,-0.0,-0.0,0.0,0.0,0.0,0.0,0.0,0,-0.0,1.905674755852206e+17,0.0,0.0,0.0,0.0,0.0,0.0,0.0,0,0,0,0.0,0.0,0.0,0.0,0.0,0.0,0.0,0.0,0.0,0.0,0.0,0.0,0.0,0.0,0.0,0.0,0,-107875648.0,0,0.0,0,-107875648.0,-107877712.0,0,13107,17039,39322,17053,52429,17037,0,0,0,110,100,100,2.7302334150594743e+23,64.0,0.0,64.9,-107615304.0,68.5,1,49,50,180,0,39322,0,0,0.0,0.0,0.0,0.0,-1.0737146220823288e+20,65.0,0.0,-0.0,0.0,645,0,688,0,0,0,716,0,788,0,709,0,689,0,645,0,642,0,616,0.032,42467328.0,0.0,2.7302316136196234e+23,44560,16788,-3.0589860442030473e+19,-0.0,0.0,-0.0,-2740.127,95361.039,29.0,60.0,70,0.0,0.0,0.0,0.0,0.0,0.0,0.0,0.0,0.0,0.0,0.0,0.0,0.0,0.0,0.0,0.0,59.2,69,11,65508,41,65476,0,300,0,0,8,20529,65476,0,0,61604,60.0,0.0,0.0,0.0,0.0,0.0
2026-04-04T11:27:58,ERR,ERR,ERR,ERR,ERR,ERR,ERR,ERR,ERR,ERR,ERR,ERR,ERR,ERR,ERR,ERR,ERR,ERR,ERR,ERR,ERR,ERR,ERR,ERR,ERR,ERR,ERR,ERR,ERR,ERR,ERR,ERR,ERR,ERR,ERR,ERR,ERR,ERR,ERR,ERR,ERR,ERR,ERR,ERR,ERR,ERR,ERR,ERR,ERR,ERR,ERR,ERR,ERR,ERR,ERR,ERR,ERR,ERR,ERR,ERR,ERR,ERR,ERR,ERR,ERR,ERR,ERR,ERR,ERR,ERR,ERR,ERR,ERR,ERR,ERR,ERR,ERR,ERR,ERR,ERR,ERR,ERR,ERR,ERR,ERR,ERR,ERR,ERR,ERR,ERR,ERR,ERR,ERR,ERR,ERR,ERR,ERR,ERR,ERR,ERR,ERR,ERR,ERR,ERR,ERR,ERR,ERR,ERR,ERR,ERR,ERR,ERR,ERR,ERR,ERR,ERR,ERR,ERR,ERR,ERR,ERR,ERR,ERR,ERR,ERR,0.0,-0.0,-0.0,0.0,0.0,0.0,0.0,nan,0,0,0,32768,0,0.0,0,0.0,0.0,0.0,0.0,0.0,0,0,0,0,0.0,0,0,0,0,0,0,0,0,0,0,0,0,0,0,0,0,0,0,0,0,0,0,0,0,0,0,0,0,0,0,0,0,0,0,0,0,0,0,0,0,0,0,0,0,0.0,0.0,0.0,0.0,0.0,0.0,0.0,0.0,0.0,0.0,0.0,0.0,0.0,0.0,0.0,0.0,0.0,0.0,0.0,0.0,0.0,0.0,-2.004,-2.004,-2.004,2.004,0.0,0.0,0.0,0.0,3376.5,-0.0,0.0,0.0,-0.0,-0.0,0.0,0.0,0.0,0.0,0.0,0,-0.0,1.905674755852206e+17,0.0,0.0,0.0,0.0,0.0,0.0,0.0,0,0,0,0.0,0.0,0.0,0.0,0.0,0.0,0.0,0.0,0.0,0.0,0.0,0.0,0.0,0.0,0.0,0.0,0,-107875648.0,0,0.0,0,-107875648.0,-107877712.0,0,13107,17039,39322,17053,52429,17037,0,0,0,110,100,100,2.7302334150594743e+23,64.0,0.0,64.9,-107615304.0,68.5,1,49,50,180,0,39322,0,0,0.0,0.0,0.0,0.0,-1.6176374891219364e+27,65.0,0.0,-31441543168.0,0.0,645,0,688,0,0,0,716,0,788,0,709,0,689,0,645,0,642,0,616,0.032,36962304.0,0.0,2.7302316136196234e+23,40336,16788,-5.827770327664121e+24,-1.2931739552823072e+22,2.6091545244257554e+36,0.0,-3.2517253416980546e+32,-0.0,29.0,60.0,70,0.0,0.0,0.0,0.0,0.0,0.0,0.0,0.0,0.0,0.0,0.0,0.0,0.0,0.0,0.0,0.0,59.2,69,11,65508,41,65476,0,300,0,0,8,20529,65476,0,0,61604,60.0,0.0,0.0,0.0,0.0,0.0
2026-04-04T11:27:59,ERR,ERR,ERR,ERR,ERR,ERR,ERR,ERR,ERR,ERR,ERR,ERR,ERR,ERR,ERR,ERR,ERR,ERR,ERR,ERR,ERR,ERR,ERR,ERR,ERR,ERR,ERR,ERR,ERR,ERR,ERR,ERR,ERR,ERR,ERR,ERR,ERR,ERR,ERR,ERR,ERR,ERR,ERR,ERR,ERR,ERR,ERR,ERR,ERR,ERR,ERR,ERR,ERR,ERR,ERR,ERR,ERR,ERR,ERR,ERR,ERR,ERR,ERR,ERR,ERR,ERR,ERR,ERR,ERR,ERR,ERR,ERR,ERR,ERR,ERR,ERR,ERR,ERR,ERR,ERR,ERR,ERR,ERR,ERR,ERR,ERR,ERR,ERR,ERR,ERR,ERR,ERR,ERR,ERR,ERR,ERR,ERR,ERR,ERR,ERR,ERR,ERR,ERR,ERR,ERR,ERR,ERR,ERR,ERR,ERR,ERR,ERR,ERR,ERR,ERR,ERR,ERR,ERR,ERR,ERR,ERR,ERR,ERR,ERR,ERR,0.0,-0.0,-0.0,0.0,0.0,0.0,0.0,nan,0,0,0,32768,0,0.0,0,0.0,0.0,0.0,0.0,0.0,0,0,0,0,0.0,0,0,0,0,0,0,0,0,0,0,0,0,0,0,0,0,0,0,0,0,0,0,0,0,0,0,0,0,0,0,0,0,0,0,0,0,0,0,0,0,0,0,0,0,0.0,0.0,0.0,0.0,0.0,0.0,0.0,0.0,0.0,0.0,0.0,0.0,0.0,0.0,0.0,0.0,0.0,0.0,0.0,0.0,0.0,0.0,-2.004,-2.004,-2.004,2.004,0.0,0.0,0.0,0.0,3376.5,-0.0,0.0,0.0,-0.0,-0.0,0.0,0.0,0.0,0.0,0.0,0,-0.0,1.905674755852206e+17,0.0,0.0,0.0,0.0,0.0,0.0,0.0,0,0,0,0.0,0.0,0.0,0.0,0.0,0.0,0.0,0.0,0.0,0.0,0.0,0.0,0.0,0.0,0.0,0.0,0,-107875648.0,0,0.0,0,-107875648.0,-107877712.0,0,13107,17039,39322,17053,52429,17037,0,0,0,110,100,100,2.7302334150594743e+23,64.0,0.0,64.9,-107615304.0,68.5,1,49,50,180,0,39322,0,0,0.0,0.0,0.0,0.0,-1.6176374891219364e+27,65.0,0.0,-31441543168.0,0.0,645,0,688,0,0,0,716,0,788,0,709,0,689,0,645,0,642,0,616,0.032,36962304.0,0.0,2.7302316136196234e+23,40336,16788,-5.827770327664121e+24,-1.2931739552823072e+22,2.6091545244257554e+36,0.0,-3.2517253416980546e+32,-0.0,29.0,60.0,70,0.0,0.0,0.0,0.0,0.0,0.0,0.0,0.0,0.0,0.0,0.0,0.0,0.0,0.0,0.0,0.0,59.2,69,11,65508,41,65476,0,300,0,0,8,20529,65476,0,0,61604,60.0,0.0,0.0,0.0,0.0,0.0
2026-04-04T11:28:00,ERR,ERR,ERR,ERR,ERR,ERR,ERR,ERR,ERR,ERR,ERR,ERR,ERR,ERR,ERR,ERR,ERR,ERR,ERR,ERR,ERR,ERR,ERR,ERR,ERR,ERR,ERR,ERR,ERR,ERR,ERR,ERR,ERR,ERR,ERR,ERR,ERR,ERR,ERR,ERR,ERR,ERR,ERR,ERR,ERR,ERR,ERR,ERR,ERR,ERR,ERR,ERR,ERR,ERR,ERR,ERR,ERR,ERR,ERR,ERR,ERR,ERR,ERR,ERR,ERR,ERR,ERR,ERR,ERR,ERR,ERR,ERR,ERR,ERR,ERR,ERR,ERR,ERR,ERR,ERR,ERR,ERR,ERR,ERR,ERR,ERR,ERR,ERR,ERR,ERR,ERR,ERR,ERR,ERR,ERR,ERR,ERR,ERR,ERR,ERR,ERR,ERR,ERR,ERR,ERR,ERR,ERR,ERR,ERR,ERR,ERR,ERR,ERR,ERR,ERR,ERR,ERR,ERR,ERR,ERR,ERR,ERR,ERR,ERR,ERR,0.0,-0.0,-0.0,0.0,0.0,0.0,0.0,nan,0,0,0,32768,0,0.0,0,0.0,0.0,0.0,0.0,0.0,0,0,0,0,0.0,0,0,0,0,0,0,0,0,0,0,0,0,0,0,0,0,0,0,0,0,0,0,0,0,0,0,0,0,0,0,0,0,0,0,0,0,0,0,0,0,0,0,0,0,0.0,0.0,0.0,0.0,0.0,0.0,0.0,0.0,0.0,0.0,0.0,0.0,0.0,0.0,0.0,0.0,0.0,0.0,0.0,0.0,0.0,0.0,-2.004,-2.004,-2.004,2.004,0.0,0.0,0.0,0.0,3376.5,-0.0,0.0,0.0,-0.0,-0.0,0.0,0.0,0.0,0.0,0.0,0,-0.0,1.905674755852206e+17,0.0,0.0,0.0,0.0,0.0,0.0,0.0,0,0,0,0.0,0.0,0.0,0.0,0.0,0.0,0.0,0.0,0.0,0.0,0.0,0.0,0.0,0.0,0.0,0.0,0,-107875648.0,0,0.0,0,-107875648.0,-107877712.0,0,13107,17039,39322,17053,52429,17037,0,0,0,110,100,100,2.7302334150594743e+23,64.0,0.0,64.9,-107615304.0,68.5,1,49,50,180,0,39322,0,0,0.0,0.0,0.0,0.0,-1.6176374891219364e+27,65.0,0.0,-31441543168.0,0.0,645,0,688,0,0,0,716,0,788,0,709,0,689,0,645,0,642,0,616,0.032,36962304.0,0.0,2.7302316136196234e+23,40336,16788,-5.827770327664121e+24,-1.2931739552823072e+22,2.6091545244257554e+36,0.0,-3.2517253416980546e+32,-0.0,29.0,60.0,70,0.0,0.0,0.0,0.0,0.0,0.0,0.0,0.0,0.0,0.0,0.0,0.0,0.0,0.0,0.0,0.0,59.2,69,11,65508,41,65476,0,300,0,0,8,20529,65476,0,0,61604,60.0,0.0,0.0,0.0,0.0,0.0
2026-04-04T11:28:01,ERR,ERR,ERR,ERR,ERR,ERR,ERR,ERR,ERR,ERR,ERR,ERR,ERR,ERR,ERR,ERR,ERR,ERR,ERR,ERR,ERR,ERR,ERR,ERR,ERR,ERR,ERR,ERR,ERR,ERR,ERR,ERR,ERR,ERR,ERR,ERR,ERR,ERR,ERR,ERR,ERR,ERR,ERR,ERR,ERR,ERR,ERR,ERR,ERR,ERR,ERR,ERR,ERR,ERR,ERR,ERR,ERR,ERR,ERR,ERR,ERR,ERR,ERR,ERR,ERR,ERR,ERR,ERR,ERR,ERR,ERR,ERR,ERR,ERR,ERR,ERR,ERR,ERR,ERR,ERR,ERR,ERR,ERR,ERR,ERR,ERR,ERR,ERR,ERR,ERR,ERR,ERR,ERR,ERR,ERR,ERR,ERR,ERR,ERR,ERR,ERR,ERR,ERR,ERR,ERR,ERR,ERR,ERR,ERR,ERR,ERR,ERR,ERR,ERR,ERR,ERR,ERR,ERR,ERR,ERR,ERR,ERR,ERR,ERR,ERR,0.0,-0.0,-0.0,0.0,0.0,0.0,0.0,nan,0,0,0,32768,0,0.0,0,0.0,0.0,0.0,0.0,0.0,0,0,0,0,0.0,0,0,0,0,0,0,0,0,0,0,0,0,0,0,0,0,0,0,0,0,0,0,0,0,0,0,0,0,0,0,0,0,0,0,0,0,0,0,0,0,0,0,0,0,0.0,0.0,0.0,0.0,0.0,0.0,0.0,0.0,0.0,0.0,0.0,0.0,0.0,0.0,0.0,0.0,0.0,0.0,0.0,0.0,0.0,0.0,-2.004,-2.004,-2.004,2.004,0.0,0.0,0.0,0.0,3376.5,-0.0,0.0,0.0,-0.0,-0.0,0.0,0.0,0.0,0.0,0.0,0,-0.0,1.905674755852206e+17,0.0,0.0,0.0,0.0,0.0,0.0,0.0,0,0,0,0.0,0.0,0.0,0.0,0.0,0.0,0.0,0.0,0.0,0.0,0.0,0.0,0.0,0.0,0.0,0.0,0,-107875648.0,0,0.0,0,-107875648.0,-107877712.0,0,13107,17039,39322,17053,52429,17037,0,0,0,110,100,100,2.7302334150594743e+23,64.0,0.0,64.9,-107615304.0,68.5,1,49,50,180,0,39322,0,0,0.0,0.0,0.0,0.0,-1.6176374891219364e+27,65.0,0.0,-31441543168.0,0.0,645,0,688,0,0,0,716,0,788,0,709,0,689,0,645,0,642,0,616,0.032,36962304.0,0.0,2.7302316136196234e+23,40336,16788,-5.827770327664121e+24,-1.2931739552823072e+22,2.6091545244257554e+36,0.0,-3.2517253416980546e+32,-0.0,29.0,60.0,70,0.0,0.0,0.0,0.0,0.0,0.0,0.0,0.0,0.0,0.0,0.0,0.0,0.0,0.0,0.0,0.0,59.2,69,11,65508,41,65476,0,300,0,0,8,20529,65476,0,0,61604,60.0,0.0,0.0,0.0,0.0,0.0
2026-04-04T11:28:02,ERR,ERR,ERR,ERR,ERR,ERR,ERR,ERR,ERR,ERR,ERR,ERR,ERR,ERR,ERR,ERR,ERR,ERR,ERR,ERR,ERR,ERR,ERR,ERR,ERR,ERR,ERR,ERR,ERR,ERR,ERR,ERR,ERR,ERR,ERR,ERR,ERR,ERR,ERR,ERR,ERR,ERR,ERR,ERR,ERR,ERR,ERR,ERR,ERR,ERR,ERR,ERR,ERR,ERR,ERR,ERR,ERR,ERR,ERR,ERR,ERR,ERR,ERR,ERR,ERR,ERR,ERR,ERR,ERR,ERR,ERR,ERR,ERR,ERR,ERR,ERR,ERR,ERR,ERR,ERR,ERR,ERR,ERR,ERR,ERR,ERR,ERR,ERR,ERR,ERR,ERR,ERR,ERR,ERR,ERR,ERR,ERR,ERR,ERR,ERR,ERR,ERR,ERR,ERR,ERR,ERR,ERR,ERR,ERR,ERR,ERR,ERR,ERR,ERR,ERR,ERR,ERR,ERR,ERR,ERR,ERR,ERR,ERR,ERR,ERR,0.0,-0.0,-0.0,0.0,0.0,0.0,0.0,nan,0,0,0,32768,0,0.0,0,0.0,0.0,0.0,0.0,0.0,0,0,0,0,0.0,0,0,0,0,0,0,0,0,0,0,0,0,0,0,0,0,0,0,0,0,0,0,0,0,0,0,0,0,0,0,0,0,0,0,0,0,0,0,0,0,0,0,0,0,0.0,0.0,0.0,0.0,0.0,0.0,0.0,0.0,0.0,0.0,0.0,0.0,0.0,0.0,0.0,0.0,0.0,0.0,0.0,0.0,0.0,0.0,-2.004,-2.004,-2.004,2.004,0.0,0.0,0.0,0.0,3376.5,-0.0,0.0,0.0,-0.0,-0.0,0.0,0.0,0.0,0.0,0.0,0,-0.0,1.905674755852206e+17,0.0,0.0,0.0,0.0,0.0,0.0,0.0,0,0,0,0.0,0.0,0.0,0.0,0.0,0.0,0.0,0.0,0.0,0.0,0.0,0.0,0.0,0.0,0.0,0.0,0,-107875648.0,0,0.0,0,-107875648.0,-107877712.0,0,13107,17039,39322,17053,52429,17037,0,0,0,110,100,100,2.7302334150594743e+23,64.0,0.0,64.9,-107615304.0,68.5,1,49,50,180,0,39322,0,0,0.0,0.0,0.0,0.0,-1.6176374891219364e+27,65.0,0.0,-31441543168.0,0.0,645,0,688,0,0,0,716,0,788,0,709,0,689,0,645,0,642,0,616,0.032,36962304.0,0.0,2.7302316136196234e+23,40336,16788,-5.827770327664121e+24,-1.2931739552823072e+22,2.6091545244257554e+36,0.0,-3.2517253416980546e+32,-0.0,29.0,60.0,70,0.0,0.0,0.0,0.0,0.0,0.0,0.0,0.0,0.0,0.0,0.0,0.0,0.0,0.0,0.0,0.0,59.2,69,11,65508,41,65476,0,300,0,0,8,20529,65476,0,0,61604,60.0,0.0,0.0,0.0,0.0,0.0
2026-04-04T11:28:03,ERR,ERR,ERR,ERR,ERR,ERR,ERR,ERR,ERR,ERR,ERR,ERR,ERR,ERR,ERR,ERR,ERR,ERR,ERR,ERR,ERR,ERR,ERR,ERR,ERR,ERR,ERR,ERR,ERR,ERR,ERR,ERR,ERR,ERR,ERR,ERR,ERR,ERR,ERR,ERR,ERR,ERR,ERR,ERR,ERR,ERR,ERR,ERR,ERR,ERR,ERR,ERR,ERR,ERR,ERR,ERR,ERR,ERR,ERR,ERR,ERR,ERR,ERR,ERR,ERR,ERR,ERR,ERR,ERR,ERR,ERR,ERR,ERR,ERR,ERR,ERR,ERR,ERR,ERR,ERR,ERR,ERR,ERR,ERR,ERR,ERR,ERR,ERR,ERR,ERR,ERR,ERR,ERR,ERR,ERR,ERR,ERR,ERR,ERR,ERR,ERR,ERR,ERR,ERR,ERR,ERR,ERR,ERR,ERR,ERR,ERR,ERR,ERR,ERR,ERR,ERR,ERR,ERR,ERR,ERR,ERR,ERR,ERR,ERR,ERR,0.0,-0.0,-0.0,0.0,0.0,0.0,0.0,nan,0,0,0,32768,0,0.0,0,0.0,0.0,0.0,0.0,0.0,0,0,0,0,0.0,0,0,0,0,0,0,0,0,0,0,0,0,0,0,0,0,0,0,0,0,0,0,0,0,0,0,0,0,0,0,0,0,0,0,0,0,0,0,0,0,0,0,0,0,0.0,0.0,0.0,0.0,0.0,0.0,0.0,0.0,0.0,0.0,0.0,0.0,0.0,0.0,0.0,0.0,0.0,0.0,0.0,0.0,0.0,0.0,-2.004,-2.004,-2.004,2.004,0.0,0.0,0.0,0.0,3377.5,-0.0,0.0,0.0,-0.0,-0.0,0.0,0.0,0.0,0.0,0.0,0,-0.0,5.848029934006574e+35,0.0,0.0,0.0,0.0,0.0,0.0,0.0,0,0,0,0.0,0.0,0.0,0.0,0.0,0.0,0.0,0.0,0.0,0.0,0.0,0.0,0.0,0.0,0.0,0.0,0,-107875648.0,0,0.0,0,-107875648.0,-107877712.0,0,13107,17039,39322,17053,52429,17037,0,0,0,110,100,100,2.7302334150594743e+23,64.0,0.0,64.9,-107615304.0,68.5,1,49,50,180,0,39322,0,0,0.0,0.0,0.0,0.0,-1.6176374891219364e+27,65.0,0.0,-31441543168.0,0.0,645,0,688,0,0,0,716,0,788,0,709,0,689,0,645,0,642,0,616,0.032,36962304.0,0.0,2.7302316136196234e+23,40336,16788,-5.827770327664121e+24,-1.2931739552823072e+22,2.6091545244257554e+36,0.0,-3.2517253416980546e+32,-0.0,29.0,60.0,70,0.0,0.0,0.0,0.0,0.0,0.0,0.0,0.0,0.0,0.0,0.0,0.0,0.0,0.0,0.0,0.0,59.2,69,11,65508,41,65476,0,300,0,0,8,20529,65476,0,0,61604,60.0,0.0,0.0,0.0,0.0,0.0
2026-04-04T11:28:04,ERR,ERR,ERR,ERR,ERR,ERR,ERR,ERR,ERR,ERR,ERR,ERR,ERR,ERR,ERR,ERR,ERR,ERR,ERR,ERR,ERR,ERR,ERR,ERR,ERR,ERR,ERR,ERR,ERR,ERR,ERR,ERR,ERR,ERR,ERR,ERR,ERR,ERR,ERR,ERR,ERR,ERR,ERR,ERR,ERR,ERR,ERR,ERR,ERR,ERR,ERR,ERR,ERR,ERR,ERR,ERR,ERR,ERR,ERR,ERR,ERR,ERR,ERR,ERR,ERR,ERR,ERR,ERR,ERR,ERR,ERR,ERR,ERR,ERR,ERR,ERR,ERR,ERR,ERR,ERR,ERR,ERR,ERR,ERR,ERR,ERR,ERR,ERR,ERR,ERR,ERR,ERR,ERR,ERR,ERR,ERR,ERR,ERR,ERR,ERR,ERR,ERR,ERR,ERR,ERR,ERR,ERR,ERR,ERR,ERR,ERR,ERR,ERR,ERR,ERR,ERR,ERR,ERR,ERR,ERR,ERR,ERR,ERR,ERR,ERR,0.0,-0.0,-0.0,0.0,0.0,0.0,0.0,nan,0,0,0,32768,0,0.0,0,0.0,0.0,0.0,0.0,0.0,0,0,0,0,0.0,0,0,0,0,0,0,0,0,0,0,0,0,0,0,0,0,0,0,0,0,0,0,0,0,0,0,0,0,0,0,0,0,0,0,0,0,0,0,0,0,0,0,0,0,0.0,0.0,0.0,0.0,0.0,0.0,0.0,0.0,0.0,0.0,0.0,0.0,0.0,0.0,0.0,0.0,0.0,0.0,0.0,0.0,0.0,0.0,-2.004,-2.004,-2.004,2.004,0.0,0.0,0.0,0.0,3377.5,-0.0,0.0,0.0,-0.0,-0.0,0.0,0.0,0.0,0.0,0.0,0,-0.0,5.848029934006574e+35,0.0,0.0,0.0,0.0,0.0,0.0,0.0,0,0,0,0.0,0.0,0.0,0.0,0.0,0.0,0.0,0.0,0.0,0.0,0.0,0.0,0.0,0.0,0.0,0.0,0,-107875648.0,0,0.0,0,-107875648.0,-107877712.0,0,13107,17039,39322,17053,52429,17037,0,0,0,110,100,100,2.7302334150594743e+23,64.0,0.0,64.9,-107615304.0,68.5,1,49,50,180,0,39322,0,0,0.0,0.0,0.0,0.0,-2923594240.0,65.0,0.0,-1.994,0.0,645,0,688,0,0,0,716,0,788,0,709,0,689,0,645,0,642,0,616,0.032,36962304.0,0.0,2.7302316136196234e+23,30352,16788,-1409660074590208.0,434703.875,-7.218812939709951e+28,-220384100352.0,-0.0,0.0,29.0,60.0,70,0.0,0.0,0.0,0.0,0.0,0.0,0.0,0.0,0.0,0.0,0.0,0.0,0.0,0.0,0.0,0.0,59.2,69,11,65508,41,65476,0,300,0,0,8,20529,65476,0,0,61604,60.0,0.0,0.0,0.0,0.0,0.0
2026-04-04T11:28:05,ERR,ERR,ERR,ERR,ERR,ERR,ERR,ERR,ERR,ERR,ERR,ERR,ERR,ERR,ERR,ERR,ERR,ERR,ERR,ERR,ERR,ERR,ERR,ERR,ERR,ERR,ERR,ERR,ERR,ERR,ERR,ERR,ERR,ERR,ERR,ERR,ERR,ERR,ERR,ERR,ERR,ERR,ERR,ERR,ERR,ERR,ERR,ERR,ERR,ERR,ERR,ERR,ERR,ERR,ERR,ERR,ERR,ERR,ERR,ERR,ERR,ERR,ERR,ERR,ERR,ERR,ERR,ERR,ERR,ERR,ERR,ERR,ERR,ERR,ERR,ERR,ERR,ERR,ERR,ERR,ERR,ERR,ERR,ERR,ERR,ERR,ERR,ERR,ERR,ERR,ERR,ERR,ERR,ERR,ERR,ERR,ERR,ERR,ERR,ERR,ERR,ERR,ERR,ERR,ERR,ERR,ERR,ERR,ERR,ERR,ERR,ERR,ERR,ERR,ERR,ERR,ERR,ERR,ERR,ERR,ERR,ERR,ERR,ERR,ERR,0.0,-0.0,-0.0,0.0,0.0,0.0,0.0,nan,0,0,0,32768,0,0.0,0,0.0,0.0,0.0,0.0,0.0,0,0,0,0,0.0,0,0,0,0,0,0,0,0,0,0,0,0,0,0,0,0,0,0,0,0,0,0,0,0,0,0,0,0,0,0,0,0,0,0,0,0,0,0,0,0,0,0,0,0,0.0,0.0,0.0,0.0,0.0,0.0,0.0,0.0,0.0,0.0,0.0,0.0,0.0,0.0,0.0,0.0,0.0,0.0,0.0,0.0,0.0,0.0,-2.004,-2.004,-2.004,2.004,0.0,0.0,0.0,0.0,3377.5,-0.0,0.0,0.0,-0.0,-0.0,0.0,0.0,0.0,0.0,0.0,0,-0.0,5.848029934006574e+35,0.0,0.0,0.0,0.0,0.0,0.0,0.0,0,0,0,0.0,0.0,0.0,0.0,0.0,0.0,0.0,0.0,0.0,0.0,0.0,0.0,0.0,0.0,0.0,0.0,0,-107875648.0,0,0.0,0,-107875648.0,-107877712.0,0,13107,17039,39322,17053,52429,17037,0,0,0,110,100,100,2.7302334150594743e+23,64.0,0.0,64.9,-107615304.0,68.5,1,49,50,180,0,39322,0,0,0.0,0.0,0.0,0.0,-2923594240.0,65.0,0.0,-1.994,0.0,645,0,688,0,0,0,716,0,788,0,709,0,689,0,645,0,642,0,616,0.032,36962304.0,0.0,2.7302316136196234e+23,30352,16788,-1409660074590208.0,434703.875,-7.218812939709951e+28,-220384100352.0,-0.0,0.0,29.0,60.0,70,0.0,0.0,0.0,0.0,0.0,0.0,0.0,0.0,0.0,0.0,0.0,0.0,0.0,0.0,0.0,0.0,59.6,69,11,65508,41,65476,0,300,0,0,8,20529,65476,0,0,61604,60.0,0.0,0.0,0.0,0.0,0.0
2026-04-04T11:28:06,ERR,ERR,ERR,ERR,ERR,ERR,ERR,ERR,ERR,ERR,ERR,ERR,ERR,ERR,ERR,ERR,ERR,ERR,ERR,ERR,ERR,ERR,ERR,ERR,ERR,ERR,ERR,ERR,ERR,ERR,ERR,ERR,ERR,ERR,ERR,ERR,ERR,ERR,ERR,ERR,ERR,ERR,ERR,ERR,ERR,ERR,ERR,ERR,ERR,ERR,ERR,ERR,ERR,ERR,ERR,ERR,ERR,ERR,ERR,ERR,ERR,ERR,ERR,ERR,ERR,ERR,ERR,ERR,ERR,ERR,ERR,ERR,ERR,ERR,ERR,ERR,ERR,ERR,ERR,ERR,ERR,ERR,ERR,ERR,ERR,ERR,ERR,ERR,ERR,ERR,ERR,ERR,ERR,ERR,ERR,ERR,ERR,ERR,ERR,ERR,ERR,ERR,ERR,ERR,ERR,ERR,ERR,ERR,ERR,ERR,ERR,ERR,ERR,ERR,ERR,ERR,ERR,ERR,ERR,ERR,ERR,ERR,ERR,ERR,ERR,0.0,-0.0,-0.0,0.0,0.0,0.0,0.0,nan,0,0,0,32768,0,0.0,0,0.0,0.0,0.0,0.0,0.0,0,0,0,0,0.0,0,0,0,0,0,0,0,0,0,0,0,0,0,0,0,0,0,0,0,0,0,0,0,0,0,0,0,0,0,0,0,0,0,0,0,0,0,0,0,0,0,0,0,0,0.0,0.0,0.0,0.0,0.0,0.0,0.0,0.0,0.0,0.0,0.0,0.0,0.0,0.0,0.0,0.0,0.0,0.0,0.0,0.0,0.0,0.0,-2.004,-2.004,-2.004,2.004,0.0,0.0,0.0,0.0,3377.5,-0.0,0.0,0.0,-0.0,-0.0,0.0,0.0,0.0,0.0,0.0,0,-0.0,5.848029934006574e+35,0.0,0.0,0.0,0.0,0.0,0.0,0.0,0,0,0,0.0,0.0,0.0,0.0,0.0,0.0,0.0,0.0,0.0,0.0,0.0,0.0,0.0,0.0,0.0,0.0,0,-107875648.0,0,0.0,0,-107875648.0,-107877712.0,0,13107,17039,39322,17053,52429,17037,0,0,0,110,100,100,2.7302334150594743e+23,64.0,0.0,64.9,-107615304.0,68.5,1,49,50,180,0,39322,0,0,0.0,0.0,0.0,0.0,-2923594240.0,65.0,0.0,-1.994,0.0,645,0,688,0,0,0,716,0,788,0,709,0,689,0,645,0,642,0,616,0.032,36962304.0,0.0,2.7302316136196234e+23,30352,16788,-1409660074590208.0,434703.875,-7.218812939709951e+28,-220384100352.0,-0.0,0.0,29.0,60.0,70,0.0,0.0,0.0,0.0,0.0,0.0,0.0,0.0,0.0,0.0,0.0,0.0,0.0,0.0,0.0,0.0,59.6,69,11,65508,41,65476,0,300,0,0,8,20529,65476,0,0,61604,60.0,0.0,0.0,0.0,0.0,0.0
2026-04-04T11:28:07,ERR,ERR,ERR,ERR,ERR,ERR,ERR,ERR,ERR,ERR,ERR,ERR,ERR,ERR,ERR,ERR,ERR,ERR,ERR,ERR,ERR,ERR,ERR,ERR,ERR,ERR,ERR,ERR,ERR,ERR,ERR,ERR,ERR,ERR,ERR,ERR,ERR,ERR,ERR,ERR,ERR,ERR,ERR,ERR,ERR,ERR,ERR,ERR,ERR,ERR,ERR,ERR,ERR,ERR,ERR,ERR,ERR,ERR,ERR,ERR,ERR,ERR,ERR,ERR,ERR,ERR,ERR,ERR,ERR,ERR,ERR,ERR,ERR,ERR,ERR,ERR,ERR,ERR,ERR,ERR,ERR,ERR,ERR,ERR,ERR,ERR,ERR,ERR,ERR,ERR,ERR,ERR,ERR,ERR,ERR,ERR,ERR,ERR,ERR,ERR,ERR,ERR,ERR,ERR,ERR,ERR,ERR,ERR,ERR,ERR,ERR,ERR,ERR,ERR,ERR,ERR,ERR,ERR,ERR,ERR,ERR,ERR,ERR,ERR,ERR,0.0,-0.0,-0.0,0.0,0.0,0.0,0.0,nan,0,0,0,32768,0,0.0,0,0.0,0.0,0.0,0.0,0.0,0,0,0,0,0.0,0,0,0,0,0,0,0,0,0,0,0,0,0,0,0,0,0,0,0,0,0,0,0,0,0,0,0,0,0,0,0,0,0,0,0,0,0,0,0,0,0,0,0,0,0.0,0.0,0.0,0.0,0.0,0.0,0.0,0.0,0.0,0.0,0.0,0.0,0.0,0.0,0.0,0.0,0.0,0.0,0.0,0.0,0.0,0.0,-2.004,-2.004,-2.004,2.004,0.0,0.0,0.0,0.0,3377.5,-0.0,0.0,0.0,-0.0,-0.0,0.0,0.0,0.0,0.0,0.0,0,-0.0,5.848029934006574e+35,0.0,0.0,0.0,0.0,0.0,0.0,0.0,0,0,0,0.0,0.0,0.0,0.0,0.0,0.0,0.0,0.0,0.0,0.0,0.0,0.0,0.0,0.0,0.0,0.0,0,-107875648.0,0,0.0,0,-107875648.0,-107877712.0,0,13107,17039,39322,17053,52429,17037,0,0,0,110,100,100,2.7302334150594743e+23,64.0,0.0,64.9,-107615304.0,68.5,1,49,50,180,0,39322,0,0,0.0,0.0,0.0,0.0,-2923594240.0,65.0,0.0,-1.994,0.0,645,0,688,0,0,0,716,0,788,0,709,0,689,0,645,0,642,0,616,0.032,36962304.0,0.0,2.7302316136196234e+23,30352,16788,-1409660074590208.0,434703.875,-7.218812939709951e+28,-220384100352.0,-0.0,0.0,29.0,60.0,70,0.0,0.0,0.0,0.0,0.0,0.0,0.0,0.0,0.0,0.0,0.0,0.0,0.0,0.0,0.0,0.0,59.6,69,11,65508,41,65476,0,300,0,0,8,20529,65476,0,0,61604,60.0,0.0,0.0,0.0,0.0,0.0
2026-04-04T11:28:08,ERR,ERR,ERR,ERR,ERR,ERR,ERR,ERR,ERR,ERR,ERR,ERR,ERR,ERR,ERR,ERR,ERR,ERR,ERR,ERR,ERR,ERR,ERR,ERR,ERR,ERR,ERR,ERR,ERR,ERR,ERR,ERR,ERR,ERR,ERR,ERR,ERR,ERR,ERR,ERR,ERR,ERR,ERR,ERR,ERR,ERR,ERR,ERR,ERR,ERR,ERR,ERR,ERR,ERR,ERR,ERR,ERR,ERR,ERR,ERR,ERR,ERR,ERR,ERR,ERR,ERR,ERR,ERR,ERR,ERR,ERR,ERR,ERR,ERR,ERR,ERR,ERR,ERR,ERR,ERR,ERR,ERR,ERR,ERR,ERR,ERR,ERR,ERR,ERR,ERR,ERR,ERR,ERR,ERR,ERR,ERR,ERR,ERR,ERR,ERR,ERR,ERR,ERR,ERR,ERR,ERR,ERR,ERR,ERR,ERR,ERR,ERR,ERR,ERR,ERR,ERR,ERR,ERR,ERR,ERR,ERR,ERR,ERR,ERR,ERR,0.0,-0.0,-0.0,0.0,0.0,0.0,0.0,nan,0,0,0,32768,0,0.0,0,0.0,0.0,0.0,0.0,0.0,0,0,0,0,0.0,0,0,0,0,0,0,0,0,0,0,0,0,0,0,0,0,0,0,0,0,0,0,0,0,0,0,0,0,0,0,0,0,0,0,0,0,0,0,0,0,0,0,0,0,0.0,0.0,0.0,0.0,0.0,0.0,0.0,0.0,0.0,0.0,0.0,0.0,0.0,0.0,0.0,0.0,0.0,0.0,0.0,0.0,0.0,0.0,-2.004,-2.004,-2.004,2.004,0.0,0.0,0.0,0.0,3377.5,-0.0,0.0,0.0,-0.0,-0.0,0.0,0.0,0.0,0.0,0.0,0,-0.0,5.848029934006574e+35,0.0,0.0,0.0,0.0,0.0,0.0,0.0,0,0,0,0.0,0.0,0.0,0.0,0.0,0.0,0.0,0.0,0.0,0.0,0.0,0.0,0.0,0.0,0.0,0.0,0,-107875648.0,0,0.0,0,-107875648.0,-107877712.0,0,13107,17039,39322,17053,52429,17037,0,0,0,110,100,100,2.7302334150594743e+23,64.0,0.0,64.9,-107615304.0,68.5,1,49,50,180,0,39322,0,0,0.0,0.0,0.0,0.0,-2923594240.0,65.0,0.0,-1.994,0.0,645,0,688,0,0,0,716,0,788,0,709,0,689,0,645,0,642,0,616,0.032,36962304.0,0.0,2.7302316136196234e+23,30352,16788,-1409660074590208.0,434703.875,-7.218812939709951e+28,-220384100352.0,-0.0,0.0,29.0,60.0,70,0.0,0.0,0.0,0.0,0.0,0.0,0.0,0.0,0.0,0.0,0.0,0.0,0.0,0.0,0.0,0.0,59.2,69,11,65508,41,65476,0,300,0,0,8,20529,65476,0,0,61604,60.0,0.0,0.0,0.0,0.0,0.0
2026-04-04T11:28:09,ERR,ERR,ERR,ERR,ERR,ERR,ERR,ERR,ERR,ERR,ERR,ERR,ERR,ERR,ERR,ERR,ERR,ERR,ERR,ERR,ERR,ERR,ERR,ERR,ERR,ERR,ERR,ERR,ERR,ERR,ERR,ERR,ERR,ERR,ERR,ERR,ERR,ERR,ERR,ERR,ERR,ERR,ERR,ERR,ERR,ERR,ERR,ERR,ERR,ERR,ERR,ERR,ERR,ERR,ERR,ERR,ERR,ERR,ERR,ERR,ERR,ERR,ERR,ERR,ERR,ERR,ERR,ERR,ERR,ERR,ERR,ERR,ERR,ERR,ERR,ERR,ERR,ERR,ERR,ERR,ERR,ERR,ERR,ERR,ERR,ERR,ERR,ERR,ERR,ERR,ERR,ERR,ERR,ERR,ERR,ERR,ERR,ERR,ERR,ERR,ERR,ERR,ERR,ERR,ERR,ERR,ERR,ERR,ERR,ERR,ERR,ERR,ERR,ERR,ERR,ERR,ERR,ERR,ERR,ERR,ERR,ERR,ERR,ERR,ERR,0.0,-0.0,-0.0,0.0,0.0,0.0,0.0,nan,0,0,0,32768,0,0.0,0,0.0,0.0,0.0,0.0,0.0,0,0,0,0,0.0,0,0,0,0,0,0,0,0,0,0,0,0,0,0,0,0,0,0,0,0,0,0,0,0,0,0,0,0,0,0,0,0,0,0,0,0,0,0,0,0,0,0,0,0,0.0,0.0,0.0,0.0,0.0,0.0,0.0,0.0,0.0,0.0,0.0,0.0,0.0,0.0,0.0,0.0,0.0,0.0,0.0,0.0,0.0,0.0,-2.004,-2.004,-2.004,2.004,0.0,0.0,0.0,0.0,3377.5,-0.0,0.0,0.0,-0.0,-0.0,0.0,0.0,0.0,0.0,0.0,0,-0.0,5.848029934006574e+35,0.0,0.0,0.0,0.0,0.0,0.0,0.0,0,0,0,0.0,0.0,0.0,0.0,0.0,0.0,0.0,0.0,0.0,0.0,0.0,0.0,0.0,0.0,0.0,0.0,0,-107875648.0,0,0.0,0,-107875648.0,-107877712.0,0,13107,17039,39322,17053,52429,17037,0,0,0,110,100,100,2.7302334150594743e+23,64.0,0.0,64.9,-107615304.0,68.5,1,49,50,180,0,39322,0,0,0.0,0.0,0.0,0.0,-2923594240.0,65.0,0.0,-1.994,0.0,645,0,688,0,0,0,716,0,788,0,709,0,689,0,645,0,642,0,616,0.032,36962304.0,0.0,2.7302316136196234e+23,30352,16788,-1409660074590208.0,434703.875,-7.218812939709951e+28,-220384100352.0,-0.0,0.0,29.0,60.0,70,0.0,0.0,0.0,0.0,0.0,0.0,0.0,0.0,0.0,0.0,0.0,0.0,0.0,0.0,0.0,0.0,59.2,69,11,65508,41,65476,0,300,0,0,8,20529,65476,0,0,61604,60.0,0.0,0.0,0.0,0.0,0.0
2026-04-04T11:28:10,ERR,ERR,ERR,ERR,ERR,ERR,ERR,ERR,ERR,ERR,ERR,ERR,ERR,ERR,ERR,ERR,ERR,ERR,ERR,ERR,ERR,ERR,ERR,ERR,ERR,ERR,ERR,ERR,ERR,ERR,ERR,ERR,ERR,ERR,ERR,ERR,ERR,ERR,ERR,ERR,ERR,ERR,ERR,ERR,ERR,ERR,ERR,ERR,ERR,ERR,ERR,ERR,ERR,ERR,ERR,ERR,ERR,ERR,ERR,ERR,ERR,ERR,ERR,ERR,ERR,ERR,ERR,ERR,ERR,ERR,ERR,ERR,ERR,ERR,ERR,ERR,ERR,ERR,ERR,ERR,ERR,ERR,ERR,ERR,ERR,ERR,ERR,ERR,ERR,ERR,ERR,ERR,ERR,ERR,ERR,ERR,ERR,ERR,ERR,ERR,ERR,ERR,ERR,ERR,ERR,ERR,ERR,ERR,ERR,ERR,ERR,ERR,ERR,ERR,ERR,ERR,ERR,ERR,ERR,ERR,ERR,ERR,ERR,ERR,ERR,0.0,-0.0,-0.0,0.0,0.0,0.0,0.0,nan,0,0,0,32768,0,0.0,0,0.0,0.0,0.0,0.0,0.0,0,0,0,0,0.0,0,0,0,0,0,0,0,0,0,0,0,0,0,0,0,0,0,0,0,0,0,0,0,0,0,0,0,0,0,0,0,0,0,0,0,0,0,0,0,0,0,0,0,0,0.0,0.0,0.0,0.0,0.0,0.0,0.0,0.0,0.0,0.0,0.0,0.0,0.0,0.0,0.0,0.0,0.0,0.0,0.0,0.0,0.0,0.0,-2.004,-2.004,-2.004,2.004,0.0,0.0,0.0,0.0,3377.5,-0.0,0.0,0.0,-0.0,-0.0,0.0,0.0,0.0,0.0,0.0,0,-0.0,5.848029934006574e+35,0.0,0.0,0.0,0.0,0.0,0.0,0.0,0,0,0,0.0,0.0,0.0,0.0,0.0,0.0,0.0,0.0,0.0,0.0,0.0,0.0,0.0,0.0,0.0,0.0,0,-107875648.0,0,0.0,0,-107875648.0,-107877712.0,0,13107,17039,39322,17053,52429,17037,0,0,0,110,100,100,2.7302334150594743e+23,64.0,0.0,64.9,-107615304.0,68.5,1,49,50,180,0,39322,0,0,0.0,0.0,0.0,0.0,-175384608.0,65.0,0.0,-0.0,0.0,645,0,688,0,0,0,716,0,788,0,709,0,689,0,645,0,642,0,616,0.032,47972352.0,0.0,2.7302316136196234e+23,36752,16788,-24774717734912.0,-0.0,0.0,0.209,-0.354,0.595,29.0,60.0,70,0.0,0.0,0.0,0.0,0.0,0.0,0.0,0.0,0.0,0.0,0.0,0.0,0.0,0.0,0.0,0.0,59.2,69,11,65508,41,65476,0,300,0,0,8,20529,65476,0,0,61604,60.0,0.0,0.0,0.0,0.0,0.0
2026-04-04T11:28:11,ERR,ERR,ERR,ERR,ERR,ERR,ERR,ERR,ERR,ERR,ERR,ERR,ERR,ERR,ERR,ERR,ERR,ERR,ERR,ERR,ERR,ERR,ERR,ERR,ERR,ERR,ERR,ERR,ERR,ERR,ERR,ERR,ERR,ERR,ERR,ERR,ERR,ERR,ERR,ERR,ERR,ERR,ERR,ERR,ERR,ERR,ERR,ERR,ERR,ERR,ERR,ERR,ERR,ERR,ERR,ERR,ERR,ERR,ERR,ERR,ERR,ERR,ERR,ERR,ERR,ERR,ERR,ERR,ERR,ERR,ERR,ERR,ERR,ERR,ERR,ERR,ERR,ERR,ERR,ERR,ERR,ERR,ERR,ERR,ERR,ERR,ERR,ERR,ERR,ERR,ERR,ERR,ERR,ERR,ERR,ERR,ERR,ERR,ERR,ERR,ERR,ERR,ERR,ERR,ERR,ERR,ERR,ERR,ERR,ERR,ERR,ERR,ERR,ERR,ERR,ERR,ERR,ERR,ERR,ERR,ERR,ERR,ERR,ERR,ERR,0.0,-0.0,-0.0,0.0,0.0,0.0,0.0,nan,0,0,0,32768,0,0.0,0,0.0,0.0,0.0,0.0,0.0,0,0,0,0,0.0,0,0,0,0,0,0,0,0,0,0,0,0,0,0,0,0,0,0,0,0,0,0,0,0,0,0,0,0,0,0,0,0,0,0,0,0,0,0,0,0,0,0,0,0,0.0,0.0,0.0,0.0,0.0,0.0,0.0,0.0,0.0,0.0,0.0,0.0,0.0,0.0,0.0,0.0,0.0,0.0,0.0,0.0,0.0,0.0,-2.004,-2.004,-2.004,2.004,0.0,0.0,0.0,0.0,3379.5,-0.0,0.0,0.0,-0.0,-0.0,0.0,0.0,0.0,0.0,0.0,0,-0.0,4.066829101708843e+29,0.0,0.0,0.0,0.0,0.0,0.0,0.0,0,0,0,0.0,0.0,0.0,0.0,0.0,0.0,0.0,0.0,0.0,0.0,0.0,0.0,0.0,0.0,0.0,0.0,0,-107875648.0,0,0.0,0,-107875648.0,-107877712.0,0,13107,17039,39322,17053,52429,17037,0,0,0,110,100,100,2.7302334150594743e+23,64.0,0.0,64.9,-107615304.0,68.5,1,49,50,180,0,39322,0,0,0.0,0.0,0.0,0.0,-175384608.0,65.0,0.0,-0.0,0.0,645,0,688,0,0,0,716,0,788,0,709,0,689,0,645,0,642,0,616,0.032,47972352.0,0.0,2.7302316136196234e+23,36752,16788,-24774717734912.0,-0.0,0.0,0.209,-0.354,0.595,29.0,60.0,70,0.0,0.0,0.0,0.0,0.0,0.0,0.0,0.0,0.0,0.0,0.0,0.0,0.0,0.0,0.0,0.0,59.2,69,11,65508,41,65476,0,300,0,0,8,20529,65476,0,0,61604,60.0,0.0,0.0,0.0,0.0,0.0
2026-04-04T11:28:12,ERR,ERR,ERR,ERR,ERR,ERR,ERR,ERR,ERR,ERR,ERR,ERR,ERR,ERR,ERR,ERR,ERR,ERR,ERR,ERR,ERR,ERR,ERR,ERR,ERR,ERR,ERR,ERR,ERR,ERR,ERR,ERR,ERR,ERR,ERR,ERR,ERR,ERR,ERR,ERR,ERR,ERR,ERR,ERR,ERR,ERR,ERR,ERR,ERR,ERR,ERR,ERR,ERR,ERR,ERR,ERR,ERR,ERR,ERR,ERR,ERR,ERR,ERR,ERR,ERR,ERR,ERR,ERR,ERR,ERR,ERR,ERR,ERR,ERR,ERR,ERR,ERR,ERR,ERR,ERR,ERR,ERR,ERR,ERR,ERR,ERR,ERR,ERR,ERR,ERR,ERR,ERR,ERR,ERR,ERR,ERR,ERR,ERR,ERR,ERR,ERR,ERR,ERR,ERR,ERR,ERR,ERR,ERR,ERR,ERR,ERR,ERR,ERR,ERR,ERR,ERR,ERR,ERR,ERR,ERR,ERR,ERR,ERR,ERR,ERR,0.0,-0.0,-0.0,0.0,0.0,0.0,0.0,nan,0,0,0,32768,0,0.0,0,0.0,0.0,0.0,0.0,0.0,0,0,0,0,0.0,0,0,0,0,0,0,0,0,0,0,0,0,0,0,0,0,0,0,0,0,0,0,0,0,0,0,0,0,0,0,0,0,0,0,0,0,0,0,0,0,0,0,0,0,0.0,0.0,0.0,0.0,0.0,0.0,0.0,0.0,0.0,0.0,0.0,0.0,0.0,0.0,0.0,0.0,0.0,0.0,0.0,0.0,0.0,0.0,-2.004,-2.004,-2.004,2.004,0.0,0.0,0.0,0.0,3379.5,-0.0,0.0,0.0,-0.0,-0.0,0.0,0.0,0.0,0.0,0.0,0,-0.0,4.066829101708843e+29,0.0,0.0,0.0,0.0,0.0,0.0,0.0,0,0,0,0.0,0.0,0.0,0.0,0.0,0.0,0.0,0.0,0.0,0.0,0.0,0.0,0.0,0.0,0.0,0.0,0,-107875648.0,0,0.0,0,-107875648.0,-107877712.0,0,13107,17039,39322,17053,52429,17037,0,0,0,110,100,100,2.7302334150594743e+23,64.0,0.0,64.9,-107615304.0,68.5,1,49,50,180,0,39322,0,0,0.0,0.0,0.0,0.0,-175384608.0,65.0,0.0,-0.0,0.0,645,0,688,0,0,0,716,0,788,0,709,0,689,0,645,0,642,0,616,0.032,47972352.0,0.0,2.7302316136196234e+23,36752,16788,-24774717734912.0,-0.0,0.0,0.209,-0.354,0.595,29.0,60.0,70,0.0,0.0,0.0,0.0,0.0,0.0,0.0,0.0,0.0,0.0,0.0,0.0,0.0,0.0,0.0,0.0,59.2,69,11,65508,41,65476,0,300,0,0,8,20529,65476,0,0,61604,60.0,0.0,0.0,0.0,0.0,0.0
2026-04-04T11:28:13,ERR,ERR,ERR,ERR,ERR,ERR,ERR,ERR,ERR,ERR,ERR,ERR,ERR,ERR,ERR,ERR,ERR,ERR,ERR,ERR,ERR,ERR,ERR,ERR,ERR,ERR,ERR,ERR,ERR,ERR,ERR,ERR,ERR,ERR,ERR,ERR,ERR,ERR,ERR,ERR,ERR,ERR,ERR,ERR,ERR,ERR,ERR,ERR,ERR,ERR,ERR,ERR,ERR,ERR,ERR,ERR,ERR,ERR,ERR,ERR,ERR,ERR,ERR,ERR,ERR,ERR,ERR,ERR,ERR,ERR,ERR,ERR,ERR,ERR,ERR,ERR,ERR,ERR,ERR,ERR,ERR,ERR,ERR,ERR,ERR,ERR,ERR,ERR,ERR,ERR,ERR,ERR,ERR,ERR,ERR,ERR,ERR,ERR,ERR,ERR,ERR,ERR,ERR,ERR,ERR,ERR,ERR,ERR,ERR,ERR,ERR,ERR,ERR,ERR,ERR,ERR,ERR,ERR,ERR,ERR,ERR,ERR,ERR,ERR,ERR,0.0,-0.0,-0.0,0.0,0.0,0.0,0.0,nan,0,0,0,32768,0,0.0,0,0.0,0.0,0.0,0.0,0.0,0,0,0,0,0.0,0,0,0,0,0,0,0,0,0,0,0,0,0,0,0,0,0,0,0,0,0,0,0,0,0,0,0,0,0,0,0,0,0,0,0,0,0,0,0,0,0,0,0,0,0.0,0.0,0.0,0.0,0.0,0.0,0.0,0.0,0.0,0.0,0.0,0.0,0.0,0.0,0.0,0.0,0.0,0.0,0.0,0.0,0.0,0.0,-2.004,-2.004,-2.004,2.004,0.0,0.0,0.0,0.0,3379.5,-0.0,0.0,0.0,-0.0,-0.0,0.0,0.0,0.0,0.0,0.0,0,-0.0,4.066829101708843e+29,0.0,0.0,0.0,0.0,0.0,0.0,0.0,0,0,0,0.0,0.0,0.0,0.0,0.0,0.0,0.0,0.0,0.0,0.0,0.0,0.0,0.0,0.0,0.0,0.0,0,-107875648.0,0,0.0,0,-107875648.0,-107877712.0,0,13107,17039,39322,17053,52429,17037,0,0,0,110,100,100,2.7302334150594743e+23,64.0,0.0,64.9,-107615304.0,68.5,1,49,50,180,0,39322,0,0,0.0,0.0,0.0,0.0,-175384608.0,65.0,0.0,-0.0,0.0,645,0,688,0,0,0,716,0,788,0,709,0,689,0,645,0,642,0,616,0.032,47972352.0,0.0,2.7302316136196234e+23,36752,16788,-24774717734912.0,-0.0,0.0,0.209,-0.354,0.595,29.0,60.0,70,0.0,0.0,0.0,0.0,0.0,0.0,0.0,0.0,0.0,0.0,0.0,0.0,0.0,0.0,0.0,0.0,59.2,69,11,65508,41,65476,0,300,0,0,8,20529,65476,0,0,61604,60.0,0.0,0.0,0.0,0.0,0.0
2026-04-04T11:28:14,ERR,ERR,ERR,ERR,ERR,ERR,ERR,ERR,ERR,ERR,ERR,ERR,ERR,ERR,ERR,ERR,ERR,ERR,ERR,ERR,ERR,ERR,ERR,ERR,ERR,ERR,ERR,ERR,ERR,ERR,ERR,ERR,ERR,ERR,ERR,ERR,ERR,ERR,ERR,ERR,ERR,ERR,ERR,ERR,ERR,ERR,ERR,ERR,ERR,ERR,ERR,ERR,ERR,ERR,ERR,ERR,ERR,ERR,ERR,ERR,ERR,ERR,ERR,ERR,ERR,ERR,ERR,ERR,ERR,ERR,ERR,ERR,ERR,ERR,ERR,ERR,ERR,ERR,ERR,ERR,ERR,ERR,ERR,ERR,ERR,ERR,ERR,ERR,ERR,ERR,ERR,ERR,ERR,ERR,ERR,ERR,ERR,ERR,ERR,ERR,ERR,ERR,ERR,ERR,ERR,ERR,ERR,ERR,ERR,ERR,ERR,ERR,ERR,ERR,ERR,ERR,ERR,ERR,ERR,ERR,ERR,ERR,ERR,ERR,ERR,0.0,-0.0,-0.0,0.0,0.0,0.0,0.0,nan,0,0,0,32768,0,0.0,0,0.0,0.0,0.0,0.0,0.0,0,0,0,0,0.0,0,0,0,0,0,0,0,0,0,0,0,0,0,0,0,0,0,0,0,0,0,0,0,0,0,0,0,0,0,0,0,0,0,0,0,0,0,0,0,0,0,0,0,0,0.0,0.0,0.0,0.0,0.0,0.0,0.0,0.0,0.0,0.0,0.0,0.0,0.0,0.0,0.0,0.0,0.0,0.0,0.0,0.0,0.0,0.0,-2.004,-2.004,-2.004,2.004,0.0,0.0,0.0,0.0,3379.5,-0.0,0.0,0.0,-0.0,-0.0,0.0,0.0,0.0,0.0,0.0,0,-0.0,4.066829101708843e+29,0.0,0.0,0.0,0.0,0.0,0.0,0.0,0,0,0,0.0,0.0,0.0,0.0,0.0,0.0,0.0,0.0,0.0,0.0,0.0,0.0,0.0,0.0,0.0,0.0,0,-107875648.0,0,0.0,0,-107875648.0,-107877712.0,0,13107,17039,39322,17053,52429,17037,0,0,0,110,100,100,2.7302334150594743e+23,64.0,0.0,64.9,-107615304.0,68.5,1,49,50,180,0,39322,0,0,0.0,0.0,0.0,0.0,-175384608.0,65.0,0.0,-0.0,0.0,645,0,688,0,0,0,716,0,788,0,709,0,689,0,645,0,642,0,616,0.032,47972352.0,0.0,2.7302316136196234e+23,36752,16788,-24774717734912.0,-0.0,0.0,0.209,-0.354,0.595,29.0,60.0,70,0.0,0.0,0.0,0.0,0.0,0.0,0.0,0.0,0.0,0.0,0.0,0.0,0.0,0.0,0.0,0.0,59.2,69,11,65508,41,65476,0,300,0,0,8,20529,65476,0,0,61604,60.0,0.0,0.0,0.0,0.0,0.0
2026-04-04T11:28:15,ERR,ERR,ERR,ERR,ERR,ERR,ERR,ERR,ERR,ERR,ERR,ERR,ERR,ERR,ERR,ERR,ERR,ERR,ERR,ERR,ERR,ERR,ERR,ERR,ERR,ERR,ERR,ERR,ERR,ERR,ERR,ERR,ERR,ERR,ERR,ERR,ERR,ERR,ERR,ERR,ERR,ERR,ERR,ERR,ERR,ERR,ERR,ERR,ERR,ERR,ERR,ERR,ERR,ERR,ERR,ERR,ERR,ERR,ERR,ERR,ERR,ERR,ERR,ERR,ERR,ERR,ERR,ERR,ERR,ERR,ERR,ERR,ERR,ERR,ERR,ERR,ERR,ERR,ERR,ERR,ERR,ERR,ERR,ERR,ERR,ERR,ERR,ERR,ERR,ERR,ERR,ERR,ERR,ERR,ERR,ERR,ERR,ERR,ERR,ERR,ERR,ERR,ERR,ERR,ERR,ERR,ERR,ERR,ERR,ERR,ERR,ERR,ERR,ERR,ERR,ERR,ERR,ERR,ERR,ERR,ERR,ERR,ERR,ERR,ERR,0.0,-0.0,-0.0,0.0,0.0,0.0,0.0,nan,0,0,0,32768,0,0.0,0,0.0,0.0,0.0,0.0,0.0,0,0,0,0,0.0,0,0,0,0,0,0,0,0,0,0,0,0,0,0,0,0,0,0,0,0,0,0,0,0,0,0,0,0,0,0,0,0,0,0,0,0,0,0,0,0,0,0,0,0,0.0,0.0,0.0,0.0,0.0,0.0,0.0,0.0,0.0,0.0,0.0,0.0,0.0,0.0,0.0,0.0,0.0,0.0,0.0,0.0,0.0,0.0,-2.004,-2.004,-2.004,2.004,0.0,0.0,0.0,0.0,3379.5,-0.0,0.0,0.0,-0.0,-0.0,0.0,0.0,0.0,0.0,0.0,0,-0.0,4.066829101708843e+29,0.0,0.0,0.0,0.0,0.0,0.0,0.0,0,0,0,0.0,0.0,0.0,0.0,0.0,0.0,0.0,0.0,0.0,0.0,0.0,0.0,0.0,0.0,0.0,0.0,0,-107875648.0,0,0.0,0,-107875648.0,-107877712.0,0,13107,17039,39322,17053,52429,17037,0,0,0,110,100,100,2.7302334150594743e+23,64.0,0.0,64.9,-107615304.0,68.5,1,49,50,180,0,39322,0,0,0.0,0.0,0.0,0.0,-175384608.0,65.0,0.0,-0.0,0.0,645,0,688,0,0,0,716,0,788,0,709,0,689,0,645,0,642,0,616,0.032,47972352.0,0.0,2.7302316136196234e+23,36752,16788,-24774717734912.0,-0.0,0.0,0.209,-0.354,0.595,29.0,60.0,70,0.0,0.0,0.0,0.0,0.0,0.0,0.0,0.0,0.0,0.0,0.0,0.0,0.0,0.0,0.0,0.0,59.2,69,11,65508,41,65476,0,300,0,0,8,20529,65476,0,0,61604,60.0,0.0,0.0,0.0,0.0,0.0
2026-04-04T11:28:16,ERR,ERR,ERR,ERR,ERR,ERR,ERR,ERR,ERR,ERR,ERR,ERR,ERR,ERR,ERR,ERR,ERR,ERR,ERR,ERR,ERR,ERR,ERR,ERR,ERR,ERR,ERR,ERR,ERR,ERR,ERR,ERR,ERR,ERR,ERR,ERR,ERR,ERR,ERR,ERR,ERR,ERR,ERR,ERR,ERR,ERR,ERR,ERR,ERR,ERR,ERR,ERR,ERR,ERR,ERR,ERR,ERR,ERR,ERR,ERR,ERR,ERR,ERR,ERR,ERR,ERR,ERR,ERR,ERR,ERR,ERR,ERR,ERR,ERR,ERR,ERR,ERR,ERR,ERR,ERR,ERR,ERR,ERR,ERR,ERR,ERR,ERR,ERR,ERR,ERR,ERR,ERR,ERR,ERR,ERR,ERR,ERR,ERR,ERR,ERR,ERR,ERR,ERR,ERR,ERR,ERR,ERR,ERR,ERR,ERR,ERR,ERR,ERR,ERR,ERR,ERR,ERR,ERR,ERR,ERR,ERR,ERR,ERR,ERR,ERR,0.0,-0.0,-0.0,0.0,0.0,0.0,0.0,nan,0,0,0,32768,0,0.0,0,0.0,0.0,0.0,0.0,0.0,0,0,0,0,0.0,0,0,0,0,0,0,0,0,0,0,0,0,0,0,0,0,0,0,0,0,0,0,0,0,0,0,0,0,0,0,0,0,0,0,0,0,0,0,0,0,0,0,0,0,0.0,0.0,0.0,0.0,0.0,0.0,0.0,0.0,0.0,0.0,0.0,0.0,0.0,0.0,0.0,0.0,0.0,0.0,0.0,0.0,0.0,0.0,-2.004,-2.004,-2.004,2.004,0.0,0.0,0.0,0.0,3379.5,-0.0,0.0,0.0,-0.0,-0.0,0.0,0.0,0.0,0.0,0.0,0,-0.0,4.066829101708843e+29,0.0,0.0,0.0,0.0,0.0,0.0,0.0,0,0,0,0.0,0.0,0.0,0.0,0.0,0.0,0.0,0.0,0.0,0.0,0.0,0.0,0.0,0.0,0.0,0.0,0,-107875648.0,0,0.0,0,-107875648.0,-107877712.0,0,13107,17039,39322,17053,52429,17037,0,0,0,110,100,100,2.7302334150594743e+23,64.0,0.0,64.9,-107615304.0,68.5,1,49,50,180,0,39322,0,0,0.0,0.0,0.0,0.0,-305500585984.0,65.0,0.0,1.363329447506491e+29,0.0,645,0,687,0,0,0,716,0,788,0,709,0,689,0,645,0,642,0,616,0.032,36962304.0,0.0,2.7302316136196234e+23,26384,16788,-669.039,0.0,-0.0,-0.0,1.1857759527014677e+28,-1342194581504.0,29.0,60.0,70,0.0,0.0,0.0,0.0,0.0,0.0,0.0,0.0,0.0,0.0,0.0,0.0,0.0,0.0,0.0,0.0,59.2,69,11,65508,41,65476,0,300,0,0,8,20529,65476,0,0,61604,60.0,0.0,0.0,0.0,0.0,0.0
2026-04-04T11:28:17,ERR,ERR,ERR,ERR,ERR,ERR,ERR,ERR,ERR,ERR,ERR,ERR,ERR,ERR,ERR,ERR,ERR,ERR,ERR,ERR,ERR,ERR,ERR,ERR,ERR,ERR,ERR,ERR,ERR,ERR,ERR,ERR,ERR,ERR,ERR,ERR,ERR,ERR,ERR,ERR,ERR,ERR,ERR,ERR,ERR,ERR,ERR,ERR,ERR,ERR,ERR,ERR,ERR,ERR,ERR,ERR,ERR,ERR,ERR,ERR,ERR,ERR,ERR,ERR,ERR,ERR,ERR,ERR,ERR,ERR,ERR,ERR,ERR,ERR,ERR,ERR,ERR,ERR,ERR,ERR,ERR,ERR,ERR,ERR,ERR,ERR,ERR,ERR,ERR,ERR,ERR,ERR,ERR,ERR,ERR,ERR,ERR,ERR,ERR,ERR,ERR,ERR,ERR,ERR,ERR,ERR,ERR,ERR,ERR,ERR,ERR,ERR,ERR,ERR,ERR,ERR,ERR,ERR,ERR,ERR,ERR,ERR,ERR,ERR,ERR,0.0,-0.0,-0.0,0.0,0.0,0.0,0.0,nan,0,0,0,32768,0,0.0,0,0.0,0.0,0.0,0.0,0.0,0,0,0,0,0.0,0,0,0,0,0,0,0,0,0,0,0,0,0,0,0,0,0,0,0,0,0,0,0,0,0,0,0,0,0,0,0,0,0,0,0,0,0,0,0,0,0,0,0,0,0.0,0.0,0.0,0.0,0.0,0.0,0.0,0.0,0.0,0.0,0.0,0.0,0.0,0.0,0.0,0.0,0.0,0.0,0.0,0.0,0.0,0.0,-2.004,-2.004,-2.004,2.004,0.0,0.0,0.0,0.0,3379.5,-0.0,0.0,0.0,-0.0,-0.0,0.0,0.0,0.0,0.0,0.0,0,-0.0,4.066829101708843e+29,0.0,0.0,0.0,0.0,0.0,0.0,0.0,0,0,0,0.0,0.0,0.0,0.0,0.0,0.0,0.0,0.0,0.0,0.0,0.0,0.0,0.0,0.0,0.0,0.0,0,-107875648.0,0,0.0,0,-107875648.0,-107877712.0,0,13107,17039,39322,17053,52429,17037,0,0,0,110,100,100,2.7302334150594743e+23,64.0,0.0,64.9,-107615304.0,68.5,1,49,50,180,0,39322,0,0,0.0,0.0,0.0,0.0,-305500585984.0,65.0,0.0,1.363329447506491e+29,0.0,645,0,687,0,0,0,716,0,788,0,709,0,689,0,645,0,642,0,616,0.032,36962304.0,0.0,2.7302316136196234e+23,26384,16788,-669.039,0.0,-0.0,-0.0,1.1857759527014677e+28,-1342194581504.0,29.0,60.0,70,0.0,0.0,0.0,0.0,0.0,0.0,0.0,0.0,0.0,0.0,0.0,0.0,0.0,0.0,0.0,0.0,59.2,69,11,65508,41,65476,0,300,0,0,8,20529,65476,0,0,61604,60.0,0.0,0.0,0.0,0.0,0.0
2026-04-04T11:28:18,ERR,ERR,ERR,ERR,ERR,ERR,ERR,ERR,ERR,ERR,ERR,ERR,ERR,ERR,ERR,ERR,ERR,ERR,ERR,ERR,ERR,ERR,ERR,ERR,ERR,ERR,ERR,ERR,ERR,ERR,ERR,ERR,ERR,ERR,ERR,ERR,ERR,ERR,ERR,ERR,ERR,ERR,ERR,ERR,ERR,ERR,ERR,ERR,ERR,ERR,ERR,ERR,ERR,ERR,ERR,ERR,ERR,ERR,ERR,ERR,ERR,ERR,ERR,ERR,ERR,ERR,ERR,ERR,ERR,ERR,ERR,ERR,ERR,ERR,ERR,ERR,ERR,ERR,ERR,ERR,ERR,ERR,ERR,ERR,ERR,ERR,ERR,ERR,ERR,ERR,ERR,ERR,ERR,ERR,ERR,ERR,ERR,ERR,ERR,ERR,ERR,ERR,ERR,ERR,ERR,ERR,ERR,ERR,ERR,ERR,ERR,ERR,ERR,ERR,ERR,ERR,ERR,ERR,ERR,ERR,ERR,ERR,ERR,ERR,ERR,0.0,-0.0,-0.0,0.0,0.0,0.0,0.0,nan,0,0,0,32768,0,0.0,0,0.0,0.0,0.0,0.0,0.0,0,0,0,0,0.0,0,0,0,0,0,0,0,0,0,0,0,0,0,0,0,0,0,0,0,0,0,0,0,0,0,0,0,0,0,0,0,0,0,0,0,0,0,0,0,0,0,0,0,0,0.0,0.0,0.0,0.0,0.0,0.0,0.0,0.0,0.0,0.0,0.0,0.0,0.0,0.0,0.0,0.0,0.0,0.0,0.0,0.0,0.0,0.0,-2.004,-2.004,-2.004,2.004,0.0,0.0,0.0,0.0,3379.5,-0.0,0.0,0.0,-0.0,-0.0,0.0,0.0,0.0,0.0,0.0,0,-0.0,4.066829101708843e+29,0.0,0.0,0.0,0.0,0.0,0.0,0.0,0,0,0,0.0,0.0,0.0,0.0,0.0,0.0,0.0,0.0,0.0,0.0,0.0,0.0,0.0,0.0,0.0,0.0,0,-107875648.0,0,0.0,0,-107875648.0,-107877712.0,0,13107,17039,39322,17053,52429,17037,0,0,0,110,100,100,2.7302334150594743e+23,64.0,0.0,64.9,-107615304.0,68.5,1,49,50,180,0,39322,0,0,0.0,0.0,0.0,0.0,-305500585984.0,65.0,0.0,1.363329447506491e+29,0.0,645,0,687,0,0,0,716,0,788,0,709,0,689,0,645,0,642,0,616,0.032,36962304.0,0.0,2.7302316136196234e+23,26384,16788,-669.039,0.0,-0.0,-0.0,1.1857759527014677e+28,-1342194581504.0,29.0,60.0,70,0.0,0.0,0.0,0.0,0.0,0.0,0.0,0.0,0.0,0.0,0.0,0.0,0.0,0.0,0.0,0.0,59.2,69,11,65508,41,65476,0,300,0,0,8,20529,65476,0,0,61604,60.0,0.0,0.0,0.0,0.0,0.0
2026-04-04T11:28:19,ERR,ERR,ERR,ERR,ERR,ERR,ERR,ERR,ERR,ERR,ERR,ERR,ERR,ERR,ERR,ERR,ERR,ERR,ERR,ERR,ERR,ERR,ERR,ERR,ERR,ERR,ERR,ERR,ERR,ERR,ERR,ERR,ERR,ERR,ERR,ERR,ERR,ERR,ERR,ERR,ERR,ERR,ERR,ERR,ERR,ERR,ERR,ERR,ERR,ERR,ERR,ERR,ERR,ERR,ERR,ERR,ERR,ERR,ERR,ERR,ERR,ERR,ERR,ERR,ERR,ERR,ERR,ERR,ERR,ERR,ERR,ERR,ERR,ERR,ERR,ERR,ERR,ERR,ERR,ERR,ERR,ERR,ERR,ERR,ERR,ERR,ERR,ERR,ERR,ERR,ERR,ERR,ERR,ERR,ERR,ERR,ERR,ERR,ERR,ERR,ERR,ERR,ERR,ERR,ERR,ERR,ERR,ERR,ERR,ERR,ERR,ERR,ERR,ERR,ERR,ERR,ERR,ERR,ERR,ERR,ERR,ERR,ERR,ERR,ERR,0.0,-0.0,-0.0,0.0,0.0,0.0,0.0,nan,0,0,0,32768,0,0.0,0,0.0,0.0,0.0,0.0,0.0,0,0,0,0,0.0,0,0,0,0,0,0,0,0,0,0,0,0,0,0,0,0,0,0,0,0,0,0,0,0,0,0,0,0,0,0,0,0,0,0,0,0,0,0,0,0,0,0,0,0,0.0,0.0,0.0,0.0,0.0,0.0,0.0,0.0,0.0,0.0,0.0,0.0,0.0,0.0,0.0,0.0,0.0,0.0,0.0,0.0,0.0,0.0,-2.004,-2.004,-2.004,-0.0,0.0,0.0,0.0,0.0,3379.0,-2.004,0.0,0.0,-0.0,-0.0,0.0,0.0,0.0,0.0,0.0,0,-0.0,5.848029934006574e+35,0.0,0.0,0.0,0.0,0.0,0.0,0.0,0,0,0,0.0,0.0,0.0,0.0,0.0,0.0,0.0,0.0,0.0,0.0,0.0,0.0,0.0,0.0,0.0,0.0,0,-107875648.0,0,0.0,0,-107875648.0,-107877712.0,0,13107,17039,39322,17053,52429,17037,0,0,0,110,100,100,2.7302334150594743e+23,64.0,0.0,64.9,-107615304.0,68.5,1,49,50,180,0,39322,0,0,0.0,0.0,0.0,0.0,-305500585984.0,65.0,0.0,1.363329447506491e+29,0.0,645,0,687,0,0,0,716,0,788,0,709,0,689,0,645,0,642,0,616,0.032,36962304.0,0.0,2.7302316136196234e+23,26384,16788,-669.039,0.0,-0.0,-0.0,1.1857759527014677e+28,-1342194581504.0,29.0,60.0,70,0.0,0.0,0.0,0.0,0.0,0.0,0.0,0.0,0.0,0.0,0.0,0.0,0.0,0.0,0.0,0.0,59.2,69,11,65508,41,65476,0,300,0,0,8,20529,65476,0,0,61604,60.0,0.0,0.0,0.0,0.0,0.0
2026-04-04T11:28:20,ERR,ERR,ERR,ERR,ERR,ERR,ERR,ERR,ERR,ERR,ERR,ERR,ERR,ERR,ERR,ERR,ERR,ERR,ERR,ERR,ERR,ERR,ERR,ERR,ERR,ERR,ERR,ERR,ERR,ERR,ERR,ERR,ERR,ERR,ERR,ERR,ERR,ERR,ERR,ERR,ERR,ERR,ERR,ERR,ERR,ERR,ERR,ERR,ERR,ERR,ERR,ERR,ERR,ERR,ERR,ERR,ERR,ERR,ERR,ERR,ERR,ERR,ERR,ERR,ERR,ERR,ERR,ERR,ERR,ERR,ERR,ERR,ERR,ERR,ERR,ERR,ERR,ERR,ERR,ERR,ERR,ERR,ERR,ERR,ERR,ERR,ERR,ERR,ERR,ERR,ERR,ERR,ERR,ERR,ERR,ERR,ERR,ERR,ERR,ERR,ERR,ERR,ERR,ERR,ERR,ERR,ERR,ERR,ERR,ERR,ERR,ERR,ERR,ERR,ERR,ERR,ERR,ERR,ERR,ERR,ERR,ERR,ERR,ERR,ERR,0.0,-0.0,-0.0,0.0,0.0,0.0,0.0,nan,0,0,0,32768,0,0.0,0,0.0,0.0,0.0,0.0,0.0,0,0,0,0,0.0,0,0,0,0,0,0,0,0,0,0,0,0,0,0,0,0,0,0,0,0,0,0,0,0,0,0,0,0,0,0,0,0,0,0,0,0,0,0,0,0,0,0,0,0,0.0,0.0,0.0,0.0,0.0,0.0,0.0,0.0,0.0,0.0,0.0,0.0,0.0,0.0,0.0,0.0,0.0,0.0,0.0,0.0,0.0,0.0,-2.004,-2.004,-2.004,-0.0,0.0,0.0,0.0,0.0,3379.0,-2.004,0.0,0.0,-0.0,-0.0,0.0,0.0,0.0,0.0,0.0,0,-0.0,5.848029934006574e+35,0.0,0.0,0.0,0.0,0.0,0.0,0.0,0,0,0,0.0,0.0,0.0,0.0,0.0,0.0,0.0,0.0,0.0,0.0,0.0,0.0,0.0,0.0,0.0,0.0,0,-107875648.0,0,0.0,0,-107875648.0,-107877712.0,0,13107,17039,39322,17053,52429,17037,0,0,0,110,100,100,2.7302334150594743e+23,64.0,0.0,64.9,-107615304.0,68.5,1,49,50,180,0,39322,0,0,0.0,0.0,0.0,0.0,-305500585984.0,65.0,0.0,1.363329447506491e+29,0.0,645,0,687,0,0,0,716,0,788,0,709,0,689,0,645,0,642,0,616,0.032,36962304.0,0.0,2.7302316136196234e+23,26384,16788,-669.039,0.0,-0.0,-0.0,1.1857759527014677e+28,-1342194581504.0,29.0,60.0,70,0.0,0.0,0.0,0.0,0.0,0.0,0.0,0.0,0.0,0.0,0.0,0.0,0.0,0.0,0.0,0.0,59.2,69,11,65508,41,65476,0,300,0,0,8,20529,65476,0,0,61604,60.0,0.0,0.0,0.0,0.0,0.0
2026-04-04T11:28:21,ERR,ERR,ERR,ERR,ERR,ERR,ERR,ERR,ERR,ERR,ERR,ERR,ERR,ERR,ERR,ERR,ERR,ERR,ERR,ERR,ERR,ERR,ERR,ERR,ERR,ERR,ERR,ERR,ERR,ERR,ERR,ERR,ERR,ERR,ERR,ERR,ERR,ERR,ERR,ERR,ERR,ERR,ERR,ERR,ERR,ERR,ERR,ERR,ERR,ERR,ERR,ERR,ERR,ERR,ERR,ERR,ERR,ERR,ERR,ERR,ERR,ERR,ERR,ERR,ERR,ERR,ERR,ERR,ERR,ERR,ERR,ERR,ERR,ERR,ERR,ERR,ERR,ERR,ERR,ERR,ERR,ERR,ERR,ERR,ERR,ERR,ERR,ERR,ERR,ERR,ERR,ERR,ERR,ERR,ERR,ERR,ERR,ERR,ERR,ERR,ERR,ERR,ERR,ERR,ERR,ERR,ERR,ERR,ERR,ERR,ERR,ERR,ERR,ERR,ERR,ERR,ERR,ERR,ERR,ERR,ERR,ERR,ERR,ERR,ERR,0.0,-0.0,-0.0,0.0,0.0,0.0,0.0,nan,0,0,0,32768,0,0.0,0,0.0,0.0,0.0,0.0,0.0,0,0,0,0,0.0,0,0,0,0,0,0,0,0,0,0,0,0,0,0,0,0,0,0,0,0,0,0,0,0,0,0,0,0,0,0,0,0,0,0,0,0,0,0,0,0,0,0,0,0,0.0,0.0,0.0,0.0,0.0,0.0,0.0,0.0,0.0,0.0,0.0,0.0,0.0,0.0,0.0,0.0,0.0,0.0,0.0,0.0,0.0,0.0,-2.004,-2.004,-2.004,-0.0,0.0,0.0,0.0,0.0,3379.0,-2.004,0.0,0.0,-0.0,-0.0,0.0,0.0,0.0,0.0,0.0,0,-0.0,5.848029934006574e+35,0.0,0.0,0.0,0.0,0.0,0.0,0.0,0,0,0,0.0,0.0,0.0,0.0,0.0,0.0,0.0,0.0,0.0,0.0,0.0,0.0,0.0,0.0,0.0,0.0,0,-107875648.0,0,0.0,0,-107875648.0,-107877712.0,0,13107,17039,39322,17053,52429,17037,0,0,0,110,100,100,2.7302334150594743e+23,64.0,0.0,64.9,-107615304.0,68.5,1,49,50,180,0,39322,0,0,0.0,0.0,0.0,0.0,-305500585984.0,65.0,0.0,1.363329447506491e+29,0.0,645,0,687,0,0,0,716,0,788,0,709,0,689,0,645,0,642,0,616,0.032,36962304.0,0.0,2.7302316136196234e+23,26384,16788,-669.039,0.0,-0.0,-0.0,1.1857759527014677e+28,-1342194581504.0,29.0,60.0,70,0.0,0.0,0.0,0.0,0.0,0.0,0.0,0.0,0.0,0.0,0.0,0.0,0.0,0.0,0.0,0.0,59.2,69,11,65508,41,65476,0,300,0,0,8,20529,65476,0,0,61604,60.0,0.0,0.0,0.0,0.0,0.0
2026-04-04T11:28:22,ERR,ERR,ERR,ERR,ERR,ERR,ERR,ERR,ERR,ERR,ERR,ERR,ERR,ERR,ERR,ERR,ERR,ERR,ERR,ERR,ERR,ERR,ERR,ERR,ERR,ERR,ERR,ERR,ERR,ERR,ERR,ERR,ERR,ERR,ERR,ERR,ERR,ERR,ERR,ERR,ERR,ERR,ERR,ERR,ERR,ERR,ERR,ERR,ERR,ERR,ERR,ERR,ERR,ERR,ERR,ERR,ERR,ERR,ERR,ERR,ERR,ERR,ERR,ERR,ERR,ERR,ERR,ERR,ERR,ERR,ERR,ERR,ERR,ERR,ERR,ERR,ERR,ERR,ERR,ERR,ERR,ERR,ERR,ERR,ERR,ERR,ERR,ERR,ERR,ERR,ERR,ERR,ERR,ERR,ERR,ERR,ERR,ERR,ERR,ERR,ERR,ERR,ERR,ERR,ERR,ERR,ERR,ERR,ERR,ERR,ERR,ERR,ERR,ERR,ERR,ERR,ERR,ERR,ERR,ERR,ERR,ERR,ERR,ERR,ERR,0.0,-0.0,-0.0,0.0,0.0,0.0,0.0,nan,0,0,0,32768,0,0.0,0,0.0,0.0,0.0,0.0,0.0,0,0,0,0,0.0,0,0,0,0,0,0,0,0,0,0,0,0,0,0,0,0,0,0,0,0,0,0,0,0,0,0,0,0,0,0,0,0,0,0,0,0,0,0,0,0,0,0,0,0,0.0,0.0,0.0,0.0,0.0,0.0,0.0,0.0,0.0,0.0,0.0,0.0,0.0,0.0,0.0,0.0,0.0,0.0,0.0,0.0,0.0,0.0,-2.004,-2.004,-2.004,-0.0,0.0,0.0,0.0,0.0,3379.0,-2.004,0.0,0.0,-0.0,-0.0,0.0,0.0,0.0,0.0,0.0,0,-0.0,5.848029934006574e+35,0.0,0.0,0.0,0.0,0.0,0.0,0.0,0,0,0,0.0,0.0,0.0,0.0,0.0,0.0,0.0,0.0,0.0,0.0,0.0,0.0,0.0,0.0,0.0,0.0,0,-107875648.0,0,0.0,0,-107875648.0,-107877712.0,0,13107,17039,39322,17053,52429,17037,0,0,0,110,100,100,2.7302334150594743e+23,64.0,0.0,64.9,-107615304.0,68.5,1,49,50,180,0,26215,0,0,0.0,0.0,0.0,0.0,-669.039,65.0,0.0,486.516,0.0,645,0,687,0,0,0,716,0,788,0,709,0,689,0,645,0,642,0,616,0.032,36438016.0,0.0,2.7302316136196234e+23,43920,16788,-89796919296.0,0.0,-57.313,-5175726080.0,1.497095865929779e+38,-3.721255225629002e+25,29.0,60.0,70,0.0,0.0,0.0,0.0,0.0,0.0,0.0,0.0,0.0,0.0,0.0,0.0,0.0,0.0,0.0,0.0,59.2,69,11,65508,41,65476,0,300,0,0,8,20529,65476,0,0,61604,60.0,0.0,0.0,0.0,0.0,0.0
2026-04-04T11:28:23,ERR,ERR,ERR,ERR,ERR,ERR,ERR,ERR,ERR,ERR,ERR,ERR,ERR,ERR,ERR,ERR,ERR,ERR,ERR,ERR,ERR,ERR,ERR,ERR,ERR,ERR,ERR,ERR,ERR,ERR,ERR,ERR,ERR,ERR,ERR,ERR,ERR,ERR,ERR,ERR,ERR,ERR,ERR,ERR,ERR,ERR,ERR,ERR,ERR,ERR,ERR,ERR,ERR,ERR,ERR,ERR,ERR,ERR,ERR,ERR,ERR,ERR,ERR,ERR,ERR,ERR,ERR,ERR,ERR,ERR,ERR,ERR,ERR,ERR,ERR,ERR,ERR,ERR,ERR,ERR,ERR,ERR,ERR,ERR,ERR,ERR,ERR,ERR,ERR,ERR,ERR,ERR,ERR,ERR,ERR,ERR,ERR,ERR,ERR,ERR,ERR,ERR,ERR,ERR,ERR,ERR,ERR,ERR,ERR,ERR,ERR,ERR,ERR,ERR,ERR,ERR,ERR,ERR,ERR,ERR,ERR,ERR,ERR,ERR,ERR,0.0,-0.0,-0.0,0.0,0.0,0.0,0.0,nan,0,0,0,32768,0,0.0,0,0.0,0.0,0.0,0.0,0.0,0,0,0,0,0.0,0,0,0,0,0,0,0,0,0,0,0,0,0,0,0,0,0,0,0,0,0,0,0,0,0,0,0,0,0,0,0,0,0,0,0,0,0,0,0,0,0,0,0,0,0.0,0.0,0.0,0.0,0.0,0.0,0.0,0.0,0.0,0.0,0.0,0.0,0.0,0.0,0.0,0.0,0.0,0.0,0.0,0.0,0.0,0.0,-2.004,-2.004,-2.004,-0.0,0.0,0.0,0.0,0.0,3379.0,-2.004,0.0,0.0,-0.0,-0.0,0.0,0.0,0.0,0.0,0.0,0,-0.0,5.848029934006574e+35,0.0,0.0,0.0,0.0,0.0,0.0,0.0,0,0,0,0.0,0.0,0.0,0.0,0.0,0.0,0.0,0.0,0.0,0.0,0.0,0.0,0.0,0.0,0.0,0.0,0,-107875648.0,0,0.0,0,-107875648.0,-107877712.0,0,13107,17039,39322,17053,52429,17037,0,0,0,110,100,100,2.7302334150594743e+23,64.0,0.0,64.9,-107615304.0,68.5,1,49,50,180,0,26215,0,0,0.0,0.0,0.0,0.0,-669.039,65.0,0.0,486.516,0.0,645,0,687,0,0,0,716,0,788,0,709,0,689,0,645,0,642,0,616,0.032,36438016.0,0.0,2.7302316136196234e+23,43920,16788,-89796919296.0,0.0,-57.313,-5175726080.0,1.497095865929779e+38,-3.721255225629002e+25,29.0,60.0,70,0.0,0.0,0.0,0.0,0.0,0.0,0.0,0.0,0.0,0.0,0.0,0.0,0.0,0.0,0.0,0.0,59.2,69,11,65508,41,65476,0,300,0,0,8,20529,65476,0,0,61604,60.0,0.0,0.0,0.0,0.0,0.0
2026-04-04T11:28:24,ERR,ERR,ERR,ERR,ERR,ERR,ERR,ERR,ERR,ERR,ERR,ERR,ERR,ERR,ERR,ERR,ERR,ERR,ERR,ERR,ERR,ERR,ERR,ERR,ERR,ERR,ERR,ERR,ERR,ERR,ERR,ERR,ERR,ERR,ERR,ERR,ERR,ERR,ERR,ERR,ERR,ERR,ERR,ERR,ERR,ERR,ERR,ERR,ERR,ERR,ERR,ERR,ERR,ERR,ERR,ERR,ERR,ERR,ERR,ERR,ERR,ERR,ERR,ERR,ERR,ERR,ERR,ERR,ERR,ERR,ERR,ERR,ERR,ERR,ERR,ERR,ERR,ERR,ERR,ERR,ERR,ERR,ERR,ERR,ERR,ERR,ERR,ERR,ERR,ERR,ERR,ERR,ERR,ERR,ERR,ERR,ERR,ERR,ERR,ERR,ERR,ERR,ERR,ERR,ERR,ERR,ERR,ERR,ERR,ERR,ERR,ERR,ERR,ERR,ERR,ERR,ERR,ERR,ERR,ERR,ERR,ERR,ERR,ERR,ERR,0.0,-0.0,-0.0,0.0,0.0,0.0,0.0,nan,0,0,0,32768,0,0.0,0,0.0,0.0,0.0,0.0,0.0,0,0,0,0,0.0,0,0,0,0,0,0,0,0,0,0,0,0,0,0,0,0,0,0,0,0,0,0,0,0,0,0,0,0,0,0,0,0,0,0,0,0,0,0,0,0,0,0,0,0,0.0,0.0,0.0,0.0,0.0,0.0,0.0,0.0,0.0,0.0,0.0,0.0,0.0,0.0,0.0,0.0,0.0,0.0,0.0,0.0,0.0,0.0,-2.004,-2.004,-2.004,-0.0,0.0,0.0,0.0,0.0,3379.0,-2.004,0.0,0.0,-0.0,-0.0,0.0,0.0,0.0,0.0,0.0,0,-0.0,5.848029934006574e+35,0.0,0.0,0.0,0.0,0.0,0.0,0.0,0,0,0,0.0,0.0,0.0,0.0,0.0,0.0,0.0,0.0,0.0,0.0,0.0,0.0,0.0,0.0,0.0,0.0,0,-107875648.0,0,0.0,0,-107875648.0,-107877712.0,0,13107,17039,39322,17053,52429,17037,0,0,0,110,100,100,2.7302334150594743e+23,64.0,0.0,64.9,-107615304.0,68.5,1,49,50,180,0,26215,0,0,0.0,0.0,0.0,0.0,-669.039,65.0,0.0,486.516,0.0,645,0,687,0,0,0,716,0,788,0,709,0,689,0,645,0,642,0,616,0.032,36438016.0,0.0,2.7302316136196234e+23,43920,16788,-89796919296.0,0.0,-57.313,-5175726080.0,1.497095865929779e+38,-3.721255225629002e+25,29.0,60.0,70,0.0,0.0,0.0,0.0,0.0,0.0,0.0,0.0,0.0,0.0,0.0,0.0,0.0,0.0,0.0,0.0,59.2,69,11,65508,41,65476,0,300,0,0,8,20529,65476,0,0,61604,60.0,0.0,0.0,0.0,0.0,0.0
2026-04-04T11:28:25,ERR,ERR,ERR,ERR,ERR,ERR,ERR,ERR,ERR,ERR,ERR,ERR,ERR,ERR,ERR,ERR,ERR,ERR,ERR,ERR,ERR,ERR,ERR,ERR,ERR,ERR,ERR,ERR,ERR,ERR,ERR,ERR,ERR,ERR,ERR,ERR,ERR,ERR,ERR,ERR,ERR,ERR,ERR,ERR,ERR,ERR,ERR,ERR,ERR,ERR,ERR,ERR,ERR,ERR,ERR,ERR,ERR,ERR,ERR,ERR,ERR,ERR,ERR,ERR,ERR,ERR,ERR,ERR,ERR,ERR,ERR,ERR,ERR,ERR,ERR,ERR,ERR,ERR,ERR,ERR,ERR,ERR,ERR,ERR,ERR,ERR,ERR,ERR,ERR,ERR,ERR,ERR,ERR,ERR,ERR,ERR,ERR,ERR,ERR,ERR,ERR,ERR,ERR,ERR,ERR,ERR,ERR,ERR,ERR,ERR,ERR,ERR,ERR,ERR,ERR,ERR,ERR,ERR,ERR,ERR,ERR,ERR,ERR,ERR,ERR,0.0,-0.0,-0.0,0.0,0.0,0.0,0.0,nan,0,0,0,32768,0,0.0,0,0.0,0.0,0.0,0.0,0.0,0,0,0,0,0.0,0,0,0,0,0,0,0,0,0,0,0,0,0,0,0,0,0,0,0,0,0,0,0,0,0,0,0,0,0,0,0,0,0,0,0,0,0,0,0,0,0,0,0,0,0.0,0.0,0.0,0.0,0.0,0.0,0.0,0.0,0.0,0.0,0.0,0.0,0.0,0.0,0.0,0.0,0.0,0.0,0.0,0.0,0.0,0.0,-2.004,-2.004,-2.004,-0.0,0.0,0.0,0.0,0.0,3379.0,-2.004,0.0,0.0,-0.0,-0.0,0.0,0.0,0.0,0.0,0.0,0,-0.0,5.848029934006574e+35,0.0,0.0,0.0,0.0,0.0,0.0,0.0,0,0,0,0.0,0.0,0.0,0.0,0.0,0.0,0.0,0.0,0.0,0.0,0.0,0.0,0.0,0.0,0.0,0.0,0,-107875648.0,0,0.0,0,-107875648.0,-107877712.0,0,13107,17039,39322,17053,52429,17037,0,0,0,110,100,100,2.7302334150594743e+23,64.0,0.0,64.9,-107615304.0,68.5,1,49,50,180,0,26215,0,0,0.0,0.0,0.0,0.0,-669.039,65.0,0.0,486.516,0.0,645,0,687,0,0,0,716,0,788,0,709,0,689,0,645,0,642,0,616,0.032,36438016.0,0.0,2.7302316136196234e+23,43920,16788,-89796919296.0,0.0,-57.313,-5175726080.0,1.497095865929779e+38,-3.721255225629002e+25,29.0,60.0,70,0.0,0.0,0.0,0.0,0.0,0.0,0.0,0.0,0.0,0.0,0.0,0.0,0.0,0.0,0.0,0.0,59.2,69,11,65508,41,65476,0,300,0,0,8,20529,65476,0,0,61604,60.0,0.0,0.0,0.0,0.0,0.0
2026-04-04T11:28:26,ERR,ERR,ERR,ERR,ERR,ERR,ERR,ERR,ERR,ERR,ERR,ERR,ERR,ERR,ERR,ERR,ERR,ERR,ERR,ERR,ERR,ERR,ERR,ERR,ERR,ERR,ERR,ERR,ERR,ERR,ERR,ERR,ERR,ERR,ERR,ERR,ERR,ERR,ERR,ERR,ERR,ERR,ERR,ERR,ERR,ERR,ERR,ERR,ERR,ERR,ERR,ERR,ERR,ERR,ERR,ERR,ERR,ERR,ERR,ERR,ERR,ERR,ERR,ERR,ERR,ERR,ERR,ERR,ERR,ERR,ERR,ERR,ERR,ERR,ERR,ERR,ERR,ERR,ERR,ERR,ERR,ERR,ERR,ERR,ERR,ERR,ERR,ERR,ERR,ERR,ERR,ERR,ERR,ERR,ERR,ERR,ERR,ERR,ERR,ERR,ERR,ERR,ERR,ERR,ERR,ERR,ERR,ERR,ERR,ERR,ERR,ERR,ERR,ERR,ERR,ERR,ERR,ERR,ERR,ERR,ERR,ERR,ERR,ERR,ERR,0.0,-0.0,-0.0,0.0,0.0,0.0,0.0,nan,0,0,0,32768,0,0.0,0,0.0,0.0,0.0,0.0,0.0,0,0,0,0,0.0,0,0,0,0,0,0,0,0,0,0,0,0,0,0,0,0,0,0,0,0,0,0,0,0,0,0,0,0,0,0,0,0,0,0,0,0,0,0,0,0,0,0,0,0,0.0,0.0,0.0,0.0,0.0,0.0,0.0,0.0,0.0,0.0,0.0,0.0,0.0,0.0,0.0,0.0,0.0,0.0,0.0,0.0,0.0,0.0,-2.004,-2.004,-2.004,-0.0,0.0,0.0,0.0,0.0,3379.5,-0.0,0.0,0.0,-0.0,-0.0,2.7184274988523002e+23,0.0,0.0,0.0,0.0,0,-0.059,-0.0,0.0,0.0,0.0,0.0,0.0,0.0,0.0,0,0,0,0.0,0.0,0.0,0.0,0.0,0.0,0.0,0.0,0.0,0.0,0.0,0.0,0.0,0.0,0.0,0.0,0,-107875648.0,0,0.0,0,-107875648.0,-107877712.0,0,13107,17039,39322,17053,52429,17037,0,0,0,110,100,100,2.7302334150594743e+23,64.0,0.0,64.9,-107615304.0,68.5,1,49,50,180,0,39322,0,0,0.0,0.0,0.0,0.0,-1.181818473313501e+24,65.0,0.0,9.00764609626652e+19,0.0,645,0,688,0,0,0,716,0,788,0,709,0,689,0,645,0,642,0,616,0.032,36962304.0,0.0,2.7302316136196234e+23,44176,16788,-8.27372613092883e+21,2.770726201139711e+19,0.0,-86032875520.0,-0.0,0.0,29.0,60.0,70,0.0,0.0,0.0,0.0,0.0,0.0,0.0,0.0,0.0,0.0,0.0,0.0,0.0,0.0,0.0,0.0,59.2,69,11,65508,41,65476,0,300,0,0,8,20529,65476,0,0,61604,60.0,0.0,0.0,0.0,0.0,0.0
2026-04-04T11:28:27,ERR,ERR,ERR,ERR,ERR,ERR,ERR,ERR,ERR,ERR,ERR,ERR,ERR,ERR,ERR,ERR,ERR,ERR,ERR,ERR,ERR,ERR,ERR,ERR,ERR,ERR,ERR,ERR,ERR,ERR,ERR,ERR,ERR,ERR,ERR,ERR,ERR,ERR,ERR,ERR,ERR,ERR,ERR,ERR,ERR,ERR,ERR,ERR,ERR,ERR,ERR,ERR,ERR,ERR,ERR,ERR,ERR,ERR,ERR,ERR,ERR,ERR,ERR,ERR,ERR,ERR,ERR,ERR,ERR,ERR,ERR,ERR,ERR,ERR,ERR,ERR,ERR,ERR,ERR,ERR,ERR,ERR,ERR,ERR,ERR,ERR,ERR,ERR,ERR,ERR,ERR,ERR,ERR,ERR,ERR,ERR,ERR,ERR,ERR,ERR,ERR,ERR,ERR,ERR,ERR,ERR,ERR,ERR,ERR,ERR,ERR,ERR,ERR,ERR,ERR,ERR,ERR,ERR,ERR,ERR,ERR,ERR,ERR,ERR,ERR,0.0,-0.0,-0.0,0.0,0.0,0.0,0.0,nan,0,0,0,32768,0,0.0,0,0.0,0.0,0.0,0.0,0.0,0,0,0,0,0.0,0,0,0,0,0,0,0,0,0,0,0,0,0,0,0,0,0,0,0,0,0,0,0,0,0,0,0,0,0,0,0,0,0,0,0,0,0,0,0,0,0,0,0,0,0.0,0.0,0.0,0.0,0.0,0.0,0.0,0.0,0.0,0.0,0.0,0.0,0.0,0.0,0.0,0.0,0.0,0.0,0.0,0.0,0.0,0.0,-2.004,-2.004,-2.004,-0.0,0.0,0.0,0.0,0.0,3379.5,-0.0,0.0,0.0,-0.0,-0.0,2.7184274988523002e+23,0.0,0.0,0.0,0.0,0,-0.059,-0.0,0.0,0.0,0.0,0.0,0.0,0.0,0.0,0,0,0,0.0,0.0,0.0,0.0,0.0,0.0,0.0,0.0,0.0,0.0,0.0,0.0,0.0,0.0,0.0,0.0,0,-107875648.0,0,0.0,0,-107875648.0,-107877712.0,0,13107,17039,39322,17053,52429,17037,0,0,0,110,100,100,2.7302334150594743e+23,64.0,0.0,64.9,-107615304.0,68.5,1,49,50,180,0,39322,0,0,0.0,0.0,0.0,0.0,-1.181818473313501e+24,65.0,0.0,9.00764609626652e+19,0.0,645,0,688,0,0,0,716,0,788,0,709,0,689,0,645,0,642,0,616,0.032,36962304.0,0.0,2.7302316136196234e+23,44176,16788,-8.27372613092883e+21,2.770726201139711e+19,0.0,-86032875520.0,-0.0,0.0,29.0,60.0,70,0.0,0.0,0.0,0.0,0.0,0.0,0.0,0.0,0.0,0.0,0.0,0.0,0.0,0.0,0.0,0.0,59.2,69,11,65508,41,65476,0,300,0,0,8,20529,65476,0,0,61604,60.0,0.0,0.0,0.0,0.0,0.0
2026-04-04T11:28:28,ERR,ERR,ERR,ERR,ERR,ERR,ERR,ERR,ERR,ERR,ERR,ERR,ERR,ERR,ERR,ERR,ERR,ERR,ERR,ERR,ERR,ERR,ERR,ERR,ERR,ERR,ERR,ERR,ERR,ERR,ERR,ERR,ERR,ERR,ERR,ERR,ERR,ERR,ERR,ERR,ERR,ERR,ERR,ERR,ERR,ERR,ERR,ERR,ERR,ERR,ERR,ERR,ERR,ERR,ERR,ERR,ERR,ERR,ERR,ERR,ERR,ERR,ERR,ERR,ERR,ERR,ERR,ERR,ERR,ERR,ERR,ERR,ERR,ERR,ERR,ERR,ERR,ERR,ERR,ERR,ERR,ERR,ERR,ERR,ERR,ERR,ERR,ERR,ERR,ERR,ERR,ERR,ERR,ERR,ERR,ERR,ERR,ERR,ERR,ERR,ERR,ERR,ERR,ERR,ERR,ERR,ERR,ERR,ERR,ERR,ERR,ERR,ERR,ERR,ERR,ERR,ERR,ERR,ERR,ERR,ERR,ERR,ERR,ERR,ERR,0.0,-0.0,-0.0,0.0,0.0,0.0,0.0,nan,0,0,0,32768,0,0.0,0,0.0,0.0,0.0,0.0,0.0,0,0,0,0,0.0,0,0,0,0,0,0,0,0,0,0,0,0,0,0,0,0,0,0,0,0,0,0,0,0,0,0,0,0,0,0,0,0,0,0,0,0,0,0,0,0,0,0,0,0,0.0,0.0,0.0,0.0,0.0,0.0,0.0,0.0,0.0,0.0,0.0,0.0,0.0,0.0,0.0,0.0,0.0,0.0,0.0,0.0,0.0,0.0,-2.004,-2.004,-2.004,-0.0,0.0,0.0,0.0,0.0,3379.5,-0.0,0.0,0.0,-0.0,-0.0,2.7184274988523002e+23,0.0,0.0,0.0,0.0,0,-0.059,-0.0,0.0,0.0,0.0,0.0,0.0,0.0,0.0,0,0,0,0.0,0.0,0.0,0.0,0.0,0.0,0.0,0.0,0.0,0.0,0.0,0.0,0.0,0.0,0.0,0.0,0,-107875648.0,0,0.0,0,-107875648.0,-107877712.0,0,13107,17039,39322,17053,52429,17037,0,0,0,110,100,100,2.7302334150594743e+23,64.0,0.0,64.9,-107615304.0,68.5,1,49,50,180,0,39322,0,0,0.0,0.0,0.0,0.0,-1.181818473313501e+24,65.0,0.0,9.00764609626652e+19,0.0,645,0,688,0,0,0,716,0,788,0,709,0,689,0,645,0,642,0,616,0.032,36962304.0,0.0,2.7302316136196234e+23,44176,16788,-8.27372613092883e+21,2.770726201139711e+19,0.0,-86032875520.0,-0.0,0.0,29.0,60.0,70,0.0,0.0,0.0,0.0,0.0,0.0,0.0,0.0,0.0,0.0,0.0,0.0,0.0,0.0,0.0,0.0,59.2,69,11,65508,41,65476,0,300,0,0,8,20529,65476,0,0,61604,60.0,0.0,0.0,0.0,0.0,0.0
2026-04-04T11:28:29,ERR,ERR,ERR,ERR,ERR,ERR,ERR,ERR,ERR,ERR,ERR,ERR,ERR,ERR,ERR,ERR,ERR,ERR,ERR,ERR,ERR,ERR,ERR,ERR,ERR,ERR,ERR,ERR,ERR,ERR,ERR,ERR,ERR,ERR,ERR,ERR,ERR,ERR,ERR,ERR,ERR,ERR,ERR,ERR,ERR,ERR,ERR,ERR,ERR,ERR,ERR,ERR,ERR,ERR,ERR,ERR,ERR,ERR,ERR,ERR,ERR,ERR,ERR,ERR,ERR,ERR,ERR,ERR,ERR,ERR,ERR,ERR,ERR,ERR,ERR,ERR,ERR,ERR,ERR,ERR,ERR,ERR,ERR,ERR,ERR,ERR,ERR,ERR,ERR,ERR,ERR,ERR,ERR,ERR,ERR,ERR,ERR,ERR,ERR,ERR,ERR,ERR,ERR,ERR,ERR,ERR,ERR,ERR,ERR,ERR,ERR,ERR,ERR,ERR,ERR,ERR,ERR,ERR,ERR,ERR,ERR,ERR,ERR,ERR,ERR,0.0,-0.0,-0.0,0.0,0.0,0.0,0.0,nan,0,0,0,32768,0,0.0,0,0.0,0.0,0.0,0.0,0.0,0,0,0,0,0.0,0,0,0,0,0,0,0,0,0,0,0,0,0,0,0,0,0,0,0,0,0,0,0,0,0,0,0,0,0,0,0,0,0,0,0,0,0,0,0,0,0,0,0,0,0.0,0.0,0.0,0.0,0.0,0.0,0.0,0.0,0.0,0.0,0.0,0.0,0.0,0.0,0.0,0.0,0.0,0.0,0.0,0.0,0.0,0.0,-2.004,-2.004,-2.004,-0.0,0.0,0.0,0.0,0.0,3379.5,-0.0,0.0,0.0,-0.0,-0.0,2.7184274988523002e+23,0.0,0.0,0.0,0.0,0,-0.059,-0.0,0.0,0.0,0.0,0.0,0.0,0.0,0.0,0,0,0,0.0,0.0,0.0,0.0,0.0,0.0,0.0,0.0,0.0,0.0,0.0,0.0,0.0,0.0,0.0,0.0,0,-107875648.0,0,0.0,0,-107875648.0,-107877712.0,0,13107,17039,39322,17053,52429,17037,0,0,0,110,100,100,2.7302334150594743e+23,64.0,0.0,64.9,-107615304.0,68.5,1,49,50,180,0,39322,0,0,0.0,0.0,0.0,0.0,-1.181818473313501e+24,65.0,0.0,9.00764609626652e+19,0.0,645,0,688,0,0,0,716,0,788,0,709,0,689,0,645,0,642,0,616,0.032,36962304.0,0.0,2.7302316136196234e+23,44176,16788,-8.27372613092883e+21,2.770726201139711e+19,0.0,-86032875520.0,-0.0,0.0,29.0,60.0,70,0.0,0.0,0.0,0.0,0.0,0.0,0.0,0.0,0.0,0.0,0.0,0.0,0.0,0.0,0.0,0.0,59.2,69,11,65508,41,65476,0,300,0,0,8,20529,65476,0,0,61604,60.0,0.0,0.0,0.0,0.0,0.0
2026-04-04T11:28:30,ERR,ERR,ERR,ERR,ERR,ERR,ERR,ERR,ERR,ERR,ERR,ERR,ERR,ERR,ERR,ERR,ERR,ERR,ERR,ERR,ERR,ERR,ERR,ERR,ERR,ERR,ERR,ERR,ERR,ERR,ERR,ERR,ERR,ERR,ERR,ERR,ERR,ERR,ERR,ERR,ERR,ERR,ERR,ERR,ERR,ERR,ERR,ERR,ERR,ERR,ERR,ERR,ERR,ERR,ERR,ERR,ERR,ERR,ERR,ERR,ERR,ERR,ERR,ERR,ERR,ERR,ERR,ERR,ERR,ERR,ERR,ERR,ERR,ERR,ERR,ERR,ERR,ERR,ERR,ERR,ERR,ERR,ERR,ERR,ERR,ERR,ERR,ERR,ERR,ERR,ERR,ERR,ERR,ERR,ERR,ERR,ERR,ERR,ERR,ERR,ERR,ERR,ERR,ERR,ERR,ERR,ERR,ERR,ERR,ERR,ERR,ERR,ERR,ERR,ERR,ERR,ERR,ERR,ERR,ERR,ERR,ERR,ERR,ERR,ERR,0.0,-0.0,-0.0,0.0,0.0,0.0,0.0,nan,0,0,0,32768,0,0.0,0,0.0,0.0,0.0,0.0,0.0,0,0,0,0,0.0,0,0,0,0,0,0,0,0,0,0,0,0,0,0,0,0,0,0,0,0,0,0,0,0,0,0,0,0,0,0,0,0,0,0,0,0,0,0,0,0,0,0,0,0,0.0,0.0,0.0,0.0,0.0,0.0,0.0,0.0,0.0,0.0,0.0,0.0,0.0,0.0,0.0,0.0,0.0,0.0,0.0,0.0,0.0,0.0,-2.004,-2.004,-2.004,-0.0,0.0,0.0,0.0,0.0,3379.5,-0.0,0.0,0.0,-0.0,-0.0,2.7184274988523002e+23,0.0,0.0,0.0,0.0,0,-0.059,-0.0,0.0,0.0,0.0,0.0,0.0,0.0,0.0,0,0,0,0.0,0.0,0.0,0.0,0.0,0.0,0.0,0.0,0.0,0.0,0.0,0.0,0.0,0.0,0.0,0.0,0,-107875648.0,0,0.0,0,-107875648.0,-107877712.0,0,13107,17039,39322,17053,52429,17037,0,0,0,110,100,100,2.7302334150594743e+23,64.0,0.0,64.9,-107615304.0,68.5,1,49,50,180,0,39322,0,0,0.0,0.0,0.0,0.0,-6.387463277834919e+23,65.0,0.0,-6.914,0.0,645,0,687,0,0,0,716,0,788,0,709,0,689,0,645,0,642,0,616,0.032,36700160.0,0.0,2.7302316136196234e+23,26256,16788,-427907153920.0,-6.914,0.0,6.895663880529585e+27,-13.954,83.626,29.0,60.0,70,0.0,0.0,0.0,0.0,0.0,0.0,0.0,0.0,0.0,0.0,0.0,0.0,0.0,0.0,0.0,0.0,59.2,69,11,65508,41,65476,0,300,0,0,8,20529,65476,0,0,61604,60.0,0.0,0.0,0.0,0.0,0.0
2026-04-04T11:28:31,ERR,ERR,ERR,ERR,ERR,ERR,ERR,ERR,ERR,ERR,ERR,ERR,ERR,ERR,ERR,ERR,ERR,ERR,ERR,ERR,ERR,ERR,ERR,ERR,ERR,ERR,ERR,ERR,ERR,ERR,ERR,ERR,ERR,ERR,ERR,ERR,ERR,ERR,ERR,ERR,ERR,ERR,ERR,ERR,ERR,ERR,ERR,ERR,ERR,ERR,ERR,ERR,ERR,ERR,ERR,ERR,ERR,ERR,ERR,ERR,ERR,ERR,ERR,ERR,ERR,ERR,ERR,ERR,ERR,ERR,ERR,ERR,ERR,ERR,ERR,ERR,ERR,ERR,ERR,ERR,ERR,ERR,ERR,ERR,ERR,ERR,ERR,ERR,ERR,ERR,ERR,ERR,ERR,ERR,ERR,ERR,ERR,ERR,ERR,ERR,ERR,ERR,ERR,ERR,ERR,ERR,ERR,ERR,ERR,ERR,ERR,ERR,ERR,ERR,ERR,ERR,ERR,ERR,ERR,ERR,ERR,ERR,ERR,ERR,ERR,0.0,-0.0,-0.0,0.0,0.0,0.0,0.0,nan,0,0,0,32768,0,0.0,0,0.0,0.0,0.0,0.0,0.0,0,0,0,0,0.0,0,0,0,0,0,0,0,0,0,0,0,0,0,0,0,0,0,0,0,0,0,0,0,0,0,0,0,0,0,0,0,0,0,0,0,0,0,0,0,0,0,0,0,0,0.0,0.0,0.0,0.0,0.0,0.0,0.0,0.0,0.0,0.0,0.0,0.0,0.0,0.0,0.0,0.0,0.0,0.0,0.0,0.0,0.0,0.0,-2.004,-2.004,-2.004,-0.0,0.0,0.0,0.0,0.0,3379.5,-0.0,0.0,0.0,-0.0,-0.0,2.7184274988523002e+23,0.0,0.0,0.0,0.0,0,-0.059,-0.0,0.0,0.0,0.0,0.0,0.0,0.0,0.0,0,0,0,0.0,0.0,0.0,0.0,0.0,0.0,0.0,0.0,0.0,0.0,0.0,0.0,0.0,0.0,0.0,0.0,0,-107875648.0,0,0.0,0,-107875648.0,-107877712.0,0,13107,17039,39322,17053,52429,17037,0,0,0,110,100,100,2.7302334150594743e+23,64.0,0.0,64.9,-107615304.0,68.5,1,49,50,180,0,39322,0,0,0.0,0.0,0.0,0.0,-6.387463277834919e+23,65.0,0.0,-6.914,0.0,645,0,687,0,0,0,716,0,788,0,709,0,689,0,645,0,642,0,616,0.032,36700160.0,0.0,2.7302316136196234e+23,26256,16788,-427907153920.0,-6.914,0.0,6.895663880529585e+27,-13.954,83.626,29.0,60.0,70,0.0,0.0,0.0,0.0,0.0,0.0,0.0,0.0,0.0,0.0,0.0,0.0,0.0,0.0,0.0,0.0,59.2,69,11,65508,41,65476,0,300,0,0,8,20529,65476,0,0,61604,60.0,0.0,0.0,0.0,0.0,0.0
2026-04-04T11:28:32,ERR,ERR,ERR,ERR,ERR,ERR,ERR,ERR,ERR,ERR,ERR,ERR,ERR,ERR,ERR,ERR,ERR,ERR,ERR,ERR,ERR,ERR,ERR,ERR,ERR,ERR,ERR,ERR,ERR,ERR,ERR,ERR,ERR,ERR,ERR,ERR,ERR,ERR,ERR,ERR,ERR,ERR,ERR,ERR,ERR,ERR,ERR,ERR,ERR,ERR,ERR,ERR,ERR,ERR,ERR,ERR,ERR,ERR,ERR,ERR,ERR,ERR,ERR,ERR,ERR,ERR,ERR,ERR,ERR,ERR,ERR,ERR,ERR,ERR,ERR,ERR,ERR,ERR,ERR,ERR,ERR,ERR,ERR,ERR,ERR,ERR,ERR,ERR,ERR,ERR,ERR,ERR,ERR,ERR,ERR,ERR,ERR,ERR,ERR,ERR,ERR,ERR,ERR,ERR,ERR,ERR,ERR,ERR,ERR,ERR,ERR,ERR,ERR,ERR,ERR,ERR,ERR,ERR,ERR,ERR,ERR,ERR,ERR,ERR,ERR,0.0,-0.0,-0.0,0.0,0.0,0.0,0.0,nan,0,0,0,32768,0,0.0,0,0.0,0.0,0.0,0.0,0.0,0,0,0,0,0.0,0,0,0,0,0,0,0,0,0,0,0,0,0,0,0,0,0,0,0,0,0,0,0,0,0,0,0,0,0,0,0,0,0,0,0,0,0,0,0,0,0,0,0,0,0.0,0.0,0.0,0.0,0.0,0.0,0.0,0.0,0.0,0.0,0.0,0.0,0.0,0.0,0.0,0.0,0.0,0.0,0.0,0.0,0.0,0.0,-2.004,-2.004,-2.004,2.004,0.0,0.0,0.0,0.0,3379.5,-3.697154027885167e+19,0.0,0.0,-0.0,-0.0,0.0,0.0,0.0,0.0,0.0,0,-0.059,-0.0,0.0,0.0,0.0,0.0,0.0,0.0,0.0,0,0,0,0.0,0.0,0.0,0.0,0.0,0.0,0.0,0.0,0.0,0.0,0.0,0.0,0.0,0.0,0.0,0.0,0,-107875648.0,0,0.0,0,-107875648.0,-107877712.0,0,13107,17039,39322,17053,52429,17037,0,0,0,110,100,100,2.7302334150594743e+23,64.0,0.0,64.9,-107615304.0,68.5,1,49,50,180,0,39322,0,0,0.0,0.0,0.0,0.0,-6.387463277834919e+23,65.0,0.0,-6.914,0.0,645,0,687,0,0,0,716,0,788,0,709,0,689,0,645,0,642,0,616,0.032,36700160.0,0.0,2.7302316136196234e+23,26256,16788,-427907153920.0,-6.914,0.0,6.895663880529585e+27,-13.954,83.626,29.0,60.0,70,0.0,0.0,0.0,0.0,0.0,0.0,0.0,0.0,0.0,0.0,0.0,0.0,0.0,0.0,0.0,0.0,59.2,69,11,65508,41,65476,0,300,0,0,8,20529,65476,0,0,61604,60.0,0.0,0.0,0.0,0.0,0.0
2026-04-04T11:28:33,ERR,ERR,ERR,ERR,ERR,ERR,ERR,ERR,ERR,ERR,ERR,ERR,ERR,ERR,ERR,ERR,ERR,ERR,ERR,ERR,ERR,ERR,ERR,ERR,ERR,ERR,ERR,ERR,ERR,ERR,ERR,ERR,ERR,ERR,ERR,ERR,ERR,ERR,ERR,ERR,ERR,ERR,ERR,ERR,ERR,ERR,ERR,ERR,ERR,ERR,ERR,ERR,ERR,ERR,ERR,ERR,ERR,ERR,ERR,ERR,ERR,ERR,ERR,ERR,ERR,ERR,ERR,ERR,ERR,ERR,ERR,ERR,ERR,ERR,ERR,ERR,ERR,ERR,ERR,ERR,ERR,ERR,ERR,ERR,ERR,ERR,ERR,ERR,ERR,ERR,ERR,ERR,ERR,ERR,ERR,ERR,ERR,ERR,ERR,ERR,ERR,ERR,ERR,ERR,ERR,ERR,ERR,ERR,ERR,ERR,ERR,ERR,ERR,ERR,ERR,ERR,ERR,ERR,ERR,ERR,ERR,ERR,ERR,ERR,ERR,0.0,-0.0,-0.0,0.0,0.0,0.0,0.0,nan,0,0,0,32768,0,0.0,0,0.0,0.0,0.0,0.0,0.0,0,0,0,0,0.0,0,0,0,0,0,0,0,0,0,0,0,0,0,0,0,0,0,0,0,0,0,0,0,0,0,0,0,0,0,0,0,0,0,0,0,0,0,0,0,0,0,0,0,0,0.0,0.0,0.0,0.0,0.0,0.0,0.0,0.0,0.0,0.0,0.0,0.0,0.0,0.0,0.0,0.0,0.0,0.0,0.0,0.0,0.0,0.0,-2.004,-2.004,-2.004,2.004,0.0,0.0,0.0,0.0,3379.5,-3.697154027885167e+19,0.0,0.0,-0.0,-0.0,0.0,0.0,0.0,0.0,0.0,0,-0.059,-0.0,0.0,0.0,0.0,0.0,0.0,0.0,0.0,0,0,0,0.0,0.0,0.0,0.0,0.0,0.0,0.0,0.0,0.0,0.0,0.0,0.0,0.0,0.0,0.0,0.0,0,-107875648.0,0,0.0,0,-107875648.0,-107877712.0,0,13107,17039,39322,17053,52429,17037,0,0,0,110,100,100,2.7302334150594743e+23,64.0,0.0,64.9,-107615304.0,68.5,1,49,50,180,0,39322,0,0,0.0,0.0,0.0,0.0,-2.41,65.0,0.0,-3.3242176735129964e+22,0.0,645,0,688,0,0,0,716,0,788,0,709,0,689,0,645,0,642,0,616,0.032,36962304.0,0.0,2.7302316136196234e+23,20112,16788,-2.41,-3.3242176735129964e+22,0.0,0.0,-0.0,0.0,29.0,60.0,70,0.0,0.0,0.0,0.0,0.0,0.0,0.0,0.0,0.0,0.0,0.0,0.0,0.0,0.0,0.0,0.0,59.2,69,11,65508,41,65476,0,300,0,0,8,20529,65476,0,0,61604,60.0,0.0,0.0,0.0,0.0,0.0
2026-04-04T11:28:34,ERR,ERR,ERR,ERR,ERR,ERR,ERR,ERR,ERR,ERR,ERR,ERR,ERR,ERR,ERR,ERR,ERR,ERR,ERR,ERR,ERR,ERR,ERR,ERR,ERR,ERR,ERR,ERR,ERR,ERR,ERR,ERR,ERR,ERR,ERR,ERR,ERR,ERR,ERR,ERR,ERR,ERR,ERR,ERR,ERR,ERR,ERR,ERR,ERR,ERR,ERR,ERR,ERR,ERR,ERR,ERR,ERR,ERR,ERR,ERR,ERR,ERR,ERR,ERR,ERR,ERR,ERR,ERR,ERR,ERR,ERR,ERR,ERR,ERR,ERR,ERR,ERR,ERR,ERR,ERR,ERR,ERR,ERR,ERR,ERR,ERR,ERR,ERR,ERR,ERR,ERR,ERR,ERR,ERR,ERR,ERR,ERR,ERR,ERR,ERR,ERR,ERR,ERR,ERR,ERR,ERR,ERR,ERR,ERR,ERR,ERR,ERR,ERR,ERR,ERR,ERR,ERR,ERR,ERR,ERR,ERR,ERR,ERR,ERR,ERR,0.0,-0.0,-0.0,0.0,0.0,0.0,0.0,nan,0,0,0,32768,0,0.0,0,0.0,0.0,0.0,0.0,0.0,0,0,0,0,0.0,0,0,0,0,0,0,0,0,0,0,0,0,0,0,0,0,0,0,0,0,0,0,0,0,0,0,0,0,0,0,0,0,0,0,0,0,0,0,0,0,0,0,0,0,0.0,0.0,0.0,0.0,0.0,0.0,0.0,0.0,0.0,0.0,0.0,0.0,0.0,0.0,0.0,0.0,0.0,0.0,0.0,0.0,0.0,0.0,-2.004,-2.004,-2.004,2.004,0.0,0.0,0.0,0.0,3379.5,-3.697154027885167e+19,0.0,0.0,-0.0,-0.0,0.0,0.0,0.0,0.0,0.0,0,-0.059,-0.0,0.0,0.0,0.0,0.0,0.0,0.0,0.0,0,0,0,0.0,0.0,0.0,0.0,0.0,0.0,0.0,0.0,0.0,0.0,0.0,0.0,0.0,0.0,0.0,0.0,0,-107875648.0,0,0.0,0,-107875648.0,-107877712.0,0,13107,17039,39322,17053,52429,17037,0,0,0,110,100,100,2.7302334150594743e+23,64.0,0.0,64.9,-107615304.0,68.5,1,49,50,180,0,39322,0,0,0.0,0.0,0.0,0.0,-2.41,65.0,0.0,-3.3242176735129964e+22,0.0,645,0,688,0,0,0,716,0,788,0,709,0,689,0,645,0,642,0,616,0.032,36962304.0,0.0,2.7302316136196234e+23,20112,16788,-2.41,-3.3242176735129964e+22,0.0,0.0,-0.0,0.0,29.0,60.0,70,0.0,0.0,0.0,0.0,0.0,0.0,0.0,0.0,0.0,0.0,0.0,0.0,0.0,0.0,0.0,0.0,59.2,69,11,65508,41,65476,0,300,0,0,8,20529,65476,0,0,61604,60.0,0.0,0.0,0.0,0.0,0.0
2026-04-04T11:28:35,ERR,ERR,ERR,ERR,ERR,ERR,ERR,ERR,ERR,ERR,ERR,ERR,ERR,ERR,ERR,ERR,ERR,ERR,ERR,ERR,ERR,ERR,ERR,ERR,ERR,ERR,ERR,ERR,ERR,ERR,ERR,ERR,ERR,ERR,ERR,ERR,ERR,ERR,ERR,ERR,ERR,ERR,ERR,ERR,ERR,ERR,ERR,ERR,ERR,ERR,ERR,ERR,ERR,ERR,ERR,ERR,ERR,ERR,ERR,ERR,ERR,ERR,ERR,ERR,ERR,ERR,ERR,ERR,ERR,ERR,ERR,ERR,ERR,ERR,ERR,ERR,ERR,ERR,ERR,ERR,ERR,ERR,ERR,ERR,ERR,ERR,ERR,ERR,ERR,ERR,ERR,ERR,ERR,ERR,ERR,ERR,ERR,ERR,ERR,ERR,ERR,ERR,ERR,ERR,ERR,ERR,ERR,ERR,ERR,ERR,ERR,ERR,ERR,ERR,ERR,ERR,ERR,ERR,ERR,ERR,ERR,ERR,ERR,ERR,ERR,0.0,-0.0,-0.0,0.0,0.0,0.0,0.0,nan,0,0,0,32768,0,0.0,0,0.0,0.0,0.0,0.0,0.0,0,0,0,0,0.0,0,0,0,0,0,0,0,0,0,0,0,0,0,0,0,0,0,0,0,0,0,0,0,0,0,0,0,0,0,0,0,0,0,0,0,0,0,0,0,0,0,0,0,0,0.0,0.0,0.0,0.0,0.0,0.0,0.0,0.0,0.0,0.0,0.0,0.0,0.0,0.0,0.0,0.0,0.0,0.0,0.0,0.0,0.0,0.0,-2.004,-2.004,-2.004,2.004,0.0,0.0,0.0,0.0,3379.5,-3.697154027885167e+19,0.0,0.0,-0.0,-0.0,0.0,0.0,0.0,0.0,0.0,0,-0.059,-0.0,0.0,0.0,0.0,0.0,0.0,0.0,0.0,0,0,0,0.0,0.0,0.0,0.0,0.0,0.0,0.0,0.0,0.0,0.0,0.0,0.0,0.0,0.0,0.0,0.0,0,-107875648.0,0,0.0,0,-107875648.0,-107877712.0,0,13107,17039,39322,17053,52429,17037,0,0,0,110,100,100,2.7302334150594743e+23,64.0,0.0,64.9,-107615304.0,68.5,1,49,50,180,0,39322,0,0,0.0,0.0,0.0,0.0,-2.41,65.0,0.0,-3.3242176735129964e+22,0.0,645,0,688,0,0,0,716,0,788,0,709,0,689,0,645,0,642,0,616,0.032,36962304.0,0.0,2.7302316136196234e+23,20112,16788,-2.41,-3.3242176735129964e+22,0.0,0.0,-0.0,0.0,29.0,60.0,70,0.0,0.0,0.0,0.0,0.0,0.0,0.0,0.0,0.0,0.0,0.0,0.0,0.0,0.0,0.0,0.0,59.6,69,11,65508,41,65476,0,300,0,0,8,20529,65476,0,0,61604,60.0,0.0,0.0,0.0,0.0,0.0
2026-04-04T11:28:36,ERR,ERR,ERR,ERR,ERR,ERR,ERR,ERR,ERR,ERR,ERR,ERR,ERR,ERR,ERR,ERR,ERR,ERR,ERR,ERR,ERR,ERR,ERR,ERR,ERR,ERR,ERR,ERR,ERR,ERR,ERR,ERR,ERR,ERR,ERR,ERR,ERR,ERR,ERR,ERR,ERR,ERR,ERR,ERR,ERR,ERR,ERR,ERR,ERR,ERR,ERR,ERR,ERR,ERR,ERR,ERR,ERR,ERR,ERR,ERR,ERR,ERR,ERR,ERR,ERR,ERR,ERR,ERR,ERR,ERR,ERR,ERR,ERR,ERR,ERR,ERR,ERR,ERR,ERR,ERR,ERR,ERR,ERR,ERR,ERR,ERR,ERR,ERR,ERR,ERR,ERR,ERR,ERR,ERR,ERR,ERR,ERR,ERR,ERR,ERR,ERR,ERR,ERR,ERR,ERR,ERR,ERR,ERR,ERR,ERR,ERR,ERR,ERR,ERR,ERR,ERR,ERR,ERR,ERR,ERR,ERR,ERR,ERR,ERR,ERR,0.0,-0.0,-0.0,0.0,0.0,0.0,0.0,nan,0,0,0,32768,0,0.0,0,0.0,0.0,0.0,0.0,0.0,0,0,0,0,0.0,0,0,0,0,0,0,0,0,0,0,0,0,0,0,0,0,0,0,0,0,0,0,0,0,0,0,0,0,0,0,0,0,0,0,0,0,0,0,0,0,0,0,0,0,0.0,0.0,0.0,0.0,0.0,0.0,0.0,0.0,0.0,0.0,0.0,0.0,0.0,0.0,0.0,0.0,0.0,0.0,0.0,0.0,0.0,0.0,-2.004,-2.004,-2.004,2.004,0.0,0.0,0.0,0.0,3379.5,-3.697154027885167e+19,0.0,0.0,-0.0,-0.0,0.0,0.0,0.0,0.0,0.0,0,-0.059,-0.0,0.0,0.0,0.0,0.0,0.0,0.0,0.0,0,0,0,0.0,0.0,0.0,0.0,0.0,0.0,0.0,0.0,0.0,0.0,0.0,0.0,0.0,0.0,0.0,0.0,0,-107875648.0,0,0.0,0,-107875648.0,-107877712.0,0,13107,17039,39322,17053,52429,17037,0,0,0,110,100,100,2.7302334150594743e+23,64.0,0.0,64.9,-107615304.0,68.5,1,49,50,180,0,39322,0,0,0.0,0.0,0.0,0.0,-2.41,65.0,0.0,-3.3242176735129964e+22,0.0,645,0,688,0,0,0,716,0,788,0,709,0,689,0,645,0,642,0,616,0.032,36962304.0,0.0,2.7302316136196234e+23,20112,16788,-2.41,-3.3242176735129964e+22,0.0,0.0,-0.0,0.0,29.0,60.0,70,0.0,0.0,0.0,0.0,0.0,0.0,0.0,0.0,0.0,0.0,0.0,0.0,0.0,0.0,0.0,0.0,59.6,69,11,65508,41,65476,0,300,0,0,8,20529,65476,0,0,61604,60.0,0.0,0.0,0.0,0.0,0.0
2026-04-04T11:28:37,ERR,ERR,ERR,ERR,ERR,ERR,ERR,ERR,ERR,ERR,ERR,ERR,ERR,ERR,ERR,ERR,ERR,ERR,ERR,ERR,ERR,ERR,ERR,ERR,ERR,ERR,ERR,ERR,ERR,ERR,ERR,ERR,ERR,ERR,ERR,ERR,ERR,ERR,ERR,ERR,ERR,ERR,ERR,ERR,ERR,ERR,ERR,ERR,ERR,ERR,ERR,ERR,ERR,ERR,ERR,ERR,ERR,ERR,ERR,ERR,ERR,ERR,ERR,ERR,ERR,ERR,ERR,ERR,ERR,ERR,ERR,ERR,ERR,ERR,ERR,ERR,ERR,ERR,ERR,ERR,ERR,ERR,ERR,ERR,ERR,ERR,ERR,ERR,ERR,ERR,ERR,ERR,ERR,ERR,ERR,ERR,ERR,ERR,ERR,ERR,ERR,ERR,ERR,ERR,ERR,ERR,ERR,ERR,ERR,ERR,ERR,ERR,ERR,ERR,ERR,ERR,ERR,ERR,ERR,ERR,ERR,ERR,ERR,ERR,ERR,0.0,-0.0,-0.0,0.0,0.0,0.0,0.0,nan,0,0,0,32768,0,0.0,0,0.0,0.0,0.0,0.0,0.0,0,0,0,0,0.0,0,0,0,0,0,0,0,0,0,0,0,0,0,0,0,0,0,0,0,0,0,0,0,0,0,0,0,0,0,0,0,0,0,0,0,0,0,0,0,0,0,0,0,0,0.0,0.0,0.0,0.0,0.0,0.0,0.0,0.0,0.0,0.0,0.0,0.0,0.0,0.0,0.0,0.0,0.0,0.0,0.0,0.0,0.0,0.0,-2.004,-2.004,-2.004,2.004,0.0,0.0,0.0,0.0,3379.5,-3.697154027885167e+19,0.0,0.0,-0.0,-0.0,0.0,0.0,0.0,0.0,0.0,0,-0.059,-0.0,0.0,0.0,0.0,0.0,0.0,0.0,0.0,0,0,0,0.0,0.0,0.0,0.0,0.0,0.0,0.0,0.0,0.0,0.0,0.0,0.0,0.0,0.0,0.0,0.0,0,-107875648.0,0,0.0,0,-107875648.0,-107877712.0,0,13107,17039,39322,17053,52429,17037,0,0,0,110,100,100,2.7302334150594743e+23,64.0,0.0,64.9,-107615304.0,68.5,1,49,50,180,0,39322,0,0,0.0,0.0,0.0,0.0,-2.41,65.0,0.0,-3.3242176735129964e+22,0.0,645,0,688,0,0,0,716,0,788,0,709,0,689,0,645,0,642,0,616,0.032,36962304.0,0.0,2.7302316136196234e+23,20112,16788,-2.41,-3.3242176735129964e+22,0.0,0.0,-0.0,0.0,29.0,60.0,70,0.0,0.0,0.0,0.0,0.0,0.0,0.0,0.0,0.0,0.0,0.0,0.0,0.0,0.0,0.0,0.0,59.6,69,11,65508,41,65476,0,300,0,0,8,20529,65476,0,0,61604,60.0,0.0,0.0,0.0,0.0,0.0
2026-04-04T11:28:38,ERR,ERR,ERR,ERR,ERR,ERR,ERR,ERR,ERR,ERR,ERR,ERR,ERR,ERR,ERR,ERR,ERR,ERR,ERR,ERR,ERR,ERR,ERR,ERR,ERR,ERR,ERR,ERR,ERR,ERR,ERR,ERR,ERR,ERR,ERR,ERR,ERR,ERR,ERR,ERR,ERR,ERR,ERR,ERR,ERR,ERR,ERR,ERR,ERR,ERR,ERR,ERR,ERR,ERR,ERR,ERR,ERR,ERR,ERR,ERR,ERR,ERR,ERR,ERR,ERR,ERR,ERR,ERR,ERR,ERR,ERR,ERR,ERR,ERR,ERR,ERR,ERR,ERR,ERR,ERR,ERR,ERR,ERR,ERR,ERR,ERR,ERR,ERR,ERR,ERR,ERR,ERR,ERR,ERR,ERR,ERR,ERR,ERR,ERR,ERR,ERR,ERR,ERR,ERR,ERR,ERR,ERR,ERR,ERR,ERR,ERR,ERR,ERR,ERR,ERR,ERR,ERR,ERR,ERR,ERR,ERR,ERR,ERR,ERR,ERR,0.0,-0.0,-0.0,0.0,0.0,0.0,0.0,nan,0,0,0,32768,0,0.0,0,0.0,0.0,0.0,0.0,0.0,0,0,0,0,0.0,0,0,0,0,0,0,0,0,0,0,0,0,0,0,0,0,0,0,0,0,0,0,0,0,0,0,0,0,0,0,0,0,0,0,0,0,0,0,0,0,0,0,0,0,0.0,0.0,0.0,0.0,0.0,0.0,0.0,0.0,0.0,0.0,0.0,0.0,0.0,0.0,0.0,0.0,0.0,0.0,0.0,0.0,0.0,0.0,-2.004,-2.004,-2.004,2.004,0.0,0.0,0.0,0.0,3379.5,-3.697154027885167e+19,0.0,0.0,-0.0,-0.0,0.0,0.0,0.0,0.0,0.0,0,-0.059,-0.0,0.0,0.0,0.0,0.0,0.0,0.0,0.0,0,0,0,0.0,0.0,0.0,0.0,0.0,0.0,0.0,0.0,0.0,0.0,0.0,0.0,0.0,0.0,0.0,0.0,0,-107875648.0,0,0.0,0,-107875648.0,-107877712.0,0,13107,17039,39322,17053,52429,17037,0,0,0,110,100,100,2.7302334150594743e+23,64.0,0.0,64.9,-107615304.0,68.5,1,49,50,180,0,39322,0,0,0.0,0.0,0.0,0.0,-2.41,65.0,0.0,-3.3242176735129964e+22,0.0,645,0,688,0,0,0,716,0,788,0,709,0,689,0,645,0,642,0,616,0.032,36962304.0,0.0,2.7302316136196234e+23,20112,16788,-2.41,-3.3242176735129964e+22,0.0,0.0,-0.0,0.0,29.0,60.0,70,0.0,0.0,0.0,0.0,0.0,0.0,0.0,0.0,0.0,0.0,0.0,0.0,0.0,0.0,0.0,0.0,59.2,69,11,65508,41,65476,0,300,0,0,8,20529,65476,0,0,61604,60.0,0.0,0.0,0.0,0.0,0.0
2026-04-04T11:28:39,ERR,ERR,ERR,ERR,ERR,ERR,ERR,ERR,ERR,ERR,ERR,ERR,ERR,ERR,ERR,ERR,ERR,ERR,ERR,ERR,ERR,ERR,ERR,ERR,ERR,ERR,ERR,ERR,ERR,ERR,ERR,ERR,ERR,ERR,ERR,ERR,ERR,ERR,ERR,ERR,ERR,ERR,ERR,ERR,ERR,ERR,ERR,ERR,ERR,ERR,ERR,ERR,ERR,ERR,ERR,ERR,ERR,ERR,ERR,ERR,ERR,ERR,ERR,ERR,ERR,ERR,ERR,ERR,ERR,ERR,ERR,ERR,ERR,ERR,ERR,ERR,ERR,ERR,ERR,ERR,ERR,ERR,ERR,ERR,ERR,ERR,ERR,ERR,ERR,ERR,ERR,ERR,ERR,ERR,ERR,ERR,ERR,ERR,ERR,ERR,ERR,ERR,ERR,ERR,ERR,ERR,ERR,ERR,ERR,ERR,ERR,ERR,ERR,ERR,ERR,ERR,ERR,ERR,ERR,ERR,ERR,ERR,ERR,ERR,ERR,0.0,-0.0,-0.0,0.0,0.0,0.0,0.0,nan,0,0,0,32768,0,0.0,0,0.0,0.0,0.0,0.0,0.0,0,0,0,0,0.0,0,0,0,0,0,0,0,0,0,0,0,0,0,0,0,0,0,0,0,0,0,0,0,0,0,0,0,0,0,0,0,0,0,0,0,0,0,0,0,0,0,0,0,0,0.0,0.0,0.0,0.0,0.0,0.0,0.0,0.0,0.0,0.0,0.0,0.0,0.0,0.0,0.0,0.0,0.0,0.0,0.0,0.0,0.0,0.0,-2.004,-2.004,-2.004,-0.0,0.0,0.0,0.0,0.0,3379.5,-1.5879155638041463e+29,0.0,0.0,-0.0,-0.0,2.7184274988523002e+23,0.0,0.0,0.0,0.0,0,-0.0,-0.0,0.0,0.0,0.0,0.0,0.0,0.0,0.0,0,0,0,0.0,0.0,0.0,0.0,0.0,0.0,0.0,0.0,0.0,0.0,0.0,0.0,0.0,0.0,0.0,0.0,0,-107875648.0,0,0.0,0,-107875648.0,-107877712.0,0,13107,17039,39322,17053,39322,17037,0,0,0,110,100,100,2.7302334150594743e+23,64.0,0.0,64.9,-107615304.0,68.5,1,49,50,180,0,26215,0,0,0.0,0.0,0.0,0.0,-3188.157,65.0,0.0,-0.0,0.0,645,0,687,0,0,0,716,0,788,0,708,0,689,0,645,0,642,0,616,0.032,36962304.0,0.0,2.7302316136196234e+23,22160,16788,-2.41,126.629,-0.0,-0.0,2.789356668661751e+28,-4024418959360.0,29.0,60.0,70,0.0,0.0,0.0,0.0,0.0,0.0,0.0,0.0,0.0,0.0,0.0,0.0,0.0,0.0,0.0,0.0,59.2,69,11,65508,41,65476,0,300,0,0,8,20529,65476,0,0,61604,60.0,0.0,0.0,0.0,0.0,0.0
2026-04-04T11:28:40,ERR,ERR,ERR,ERR,ERR,ERR,ERR,ERR,ERR,ERR,ERR,ERR,ERR,ERR,ERR,ERR,ERR,ERR,ERR,ERR,ERR,ERR,ERR,ERR,ERR,ERR,ERR,ERR,ERR,ERR,ERR,ERR,ERR,ERR,ERR,ERR,ERR,ERR,ERR,ERR,ERR,ERR,ERR,ERR,ERR,ERR,ERR,ERR,ERR,ERR,ERR,ERR,ERR,ERR,ERR,ERR,ERR,ERR,ERR,ERR,ERR,ERR,ERR,ERR,ERR,ERR,ERR,ERR,ERR,ERR,ERR,ERR,ERR,ERR,ERR,ERR,ERR,ERR,ERR,ERR,ERR,ERR,ERR,ERR,ERR,ERR,ERR,ERR,ERR,ERR,ERR,ERR,ERR,ERR,ERR,ERR,ERR,ERR,ERR,ERR,ERR,ERR,ERR,ERR,ERR,ERR,ERR,ERR,ERR,ERR,ERR,ERR,ERR,ERR,ERR,ERR,ERR,ERR,ERR,ERR,ERR,ERR,ERR,ERR,ERR,0.0,-0.0,-0.0,0.0,0.0,0.0,0.0,nan,0,0,0,32768,0,0.0,0,0.0,0.0,0.0,0.0,0.0,0,0,0,0,0.0,0,0,0,0,0,0,0,0,0,0,0,0,0,0,0,0,0,0,0,0,0,0,0,0,0,0,0,0,0,0,0,0,0,0,0,0,0,0,0,0,0,0,0,0,0.0,0.0,0.0,0.0,0.0,0.0,0.0,0.0,0.0,0.0,0.0,0.0,0.0,0.0,0.0,0.0,0.0,0.0,0.0,0.0,0.0,0.0,-2.004,-2.004,-2.004,-0.0,0.0,0.0,0.0,0.0,3379.5,-1.5879155638041463e+29,0.0,0.0,-0.0,-0.0,2.7184274988523002e+23,0.0,0.0,0.0,0.0,0,-0.0,-0.0,0.0,0.0,0.0,0.0,0.0,0.0,0.0,0,0,0,0.0,0.0,0.0,0.0,0.0,0.0,0.0,0.0,0.0,0.0,0.0,0.0,0.0,0.0,0.0,0.0,0,-107875648.0,0,0.0,0,-107875648.0,-107877712.0,0,13107,17039,39322,17053,39322,17037,0,0,0,110,100,100,2.7302334150594743e+23,64.0,0.0,64.9,-107615304.0,68.5,1,49,50,180,0,26215,0,0,0.0,0.0,0.0,0.0,-3188.157,65.0,0.0,-0.0,0.0,645,0,687,0,0,0,716,0,788,0,708,0,689,0,645,0,642,0,616,0.032,36962304.0,0.0,2.7302316136196234e+23,22160,16788,-2.41,126.629,-0.0,-0.0,2.789356668661751e+28,-4024418959360.0,29.0,60.0,70,0.0,0.0,0.0,0.0,0.0,0.0,0.0,0.0,0.0,0.0,0.0,0.0,0.0,0.0,0.0,0.0,59.2,69,11,65508,41,65476,0,300,0,0,8,20529,65476,0,0,61604,60.0,0.0,0.0,0.0,0.0,0.0
2026-04-04T11:28:41,ERR,ERR,ERR,ERR,ERR,ERR,ERR,ERR,ERR,ERR,ERR,ERR,ERR,ERR,ERR,ERR,ERR,ERR,ERR,ERR,ERR,ERR,ERR,ERR,ERR,ERR,ERR,ERR,ERR,ERR,ERR,ERR,ERR,ERR,ERR,ERR,ERR,ERR,ERR,ERR,ERR,ERR,ERR,ERR,ERR,ERR,ERR,ERR,ERR,ERR,ERR,ERR,ERR,ERR,ERR,ERR,ERR,ERR,ERR,ERR,ERR,ERR,ERR,ERR,ERR,ERR,ERR,ERR,ERR,ERR,ERR,ERR,ERR,ERR,ERR,ERR,ERR,ERR,ERR,ERR,ERR,ERR,ERR,ERR,ERR,ERR,ERR,ERR,ERR,ERR,ERR,ERR,ERR,ERR,ERR,ERR,ERR,ERR,ERR,ERR,ERR,ERR,ERR,ERR,ERR,ERR,ERR,ERR,ERR,ERR,ERR,ERR,ERR,ERR,ERR,ERR,ERR,ERR,ERR,ERR,ERR,ERR,ERR,ERR,ERR,0.0,-0.0,-0.0,0.0,0.0,0.0,0.0,nan,0,0,0,32768,0,0.0,0,0.0,0.0,0.0,0.0,0.0,0,0,0,0,0.0,0,0,0,0,0,0,0,0,0,0,0,0,0,0,0,0,0,0,0,0,0,0,0,0,0,0,0,0,0,0,0,0,0,0,0,0,0,0,0,0,0,0,0,0,0.0,0.0,0.0,0.0,0.0,0.0,0.0,0.0,0.0,0.0,0.0,0.0,0.0,0.0,0.0,0.0,0.0,0.0,0.0,0.0,0.0,0.0,-2.004,-2.004,-2.004,-0.0,0.0,0.0,0.0,0.0,3379.5,-1.5879155638041463e+29,0.0,0.0,-0.0,-0.0,2.7184274988523002e+23,0.0,0.0,0.0,0.0,0,-0.0,-0.0,0.0,0.0,0.0,0.0,0.0,0.0,0.0,0,0,0,0.0,0.0,0.0,0.0,0.0,0.0,0.0,0.0,0.0,0.0,0.0,0.0,0.0,0.0,0.0,0.0,0,-107875648.0,0,0.0,0,-107875648.0,-107877712.0,0,13107,17039,39322,17053,39322,17037,0,0,0,110,100,100,2.7302334150594743e+23,64.0,0.0,64.9,-107615304.0,68.5,1,49,50,180,0,26215,0,0,0.0,0.0,0.0,0.0,-3188.157,65.0,0.0,-0.0,0.0,645,0,687,0,0,0,716,0,788,0,708,0,689,0,645,0,642,0,616,0.032,36962304.0,0.0,2.7302316136196234e+23,22160,16788,-2.41,126.629,-0.0,-0.0,2.789356668661751e+28,-4024418959360.0,29.0,60.0,70,0.0,0.0,0.0,0.0,0.0,0.0,0.0,0.0,0.0,0.0,0.0,0.0,0.0,0.0,0.0,0.0,59.6,69,11,65508,41,65476,0,300,0,0,8,20529,65476,0,0,61604,60.0,0.0,0.0,0.0,0.0,0.0
2026-04-04T11:28:42,ERR,ERR,ERR,ERR,ERR,ERR,ERR,ERR,ERR,ERR,ERR,ERR,ERR,ERR,ERR,ERR,ERR,ERR,ERR,ERR,ERR,ERR,ERR,ERR,ERR,ERR,ERR,ERR,ERR,ERR,ERR,ERR,ERR,ERR,ERR,ERR,ERR,ERR,ERR,ERR,ERR,ERR,ERR,ERR,ERR,ERR,ERR,ERR,ERR,ERR,ERR,ERR,ERR,ERR,ERR,ERR,ERR,ERR,ERR,ERR,ERR,ERR,ERR,ERR,ERR,ERR,ERR,ERR,ERR,ERR,ERR,ERR,ERR,ERR,ERR,ERR,ERR,ERR,ERR,ERR,ERR,ERR,ERR,ERR,ERR,ERR,ERR,ERR,ERR,ERR,ERR,ERR,ERR,ERR,ERR,ERR,ERR,ERR,ERR,ERR,ERR,ERR,ERR,ERR,ERR,ERR,ERR,ERR,ERR,ERR,ERR,ERR,ERR,ERR,ERR,ERR,ERR,ERR,ERR,ERR,ERR,ERR,ERR,ERR,ERR,0.0,-0.0,-0.0,0.0,0.0,0.0,0.0,nan,0,0,0,32768,0,0.0,0,0.0,0.0,0.0,0.0,0.0,0,0,0,0,0.0,0,0,0,0,0,0,0,0,0,0,0,0,0,0,0,0,0,0,0,0,0,0,0,0,0,0,0,0,0,0,0,0,0,0,0,0,0,0,0,0,0,0,0,0,0.0,0.0,0.0,0.0,0.0,0.0,0.0,0.0,0.0,0.0,0.0,0.0,0.0,0.0,0.0,0.0,0.0,0.0,0.0,0.0,0.0,0.0,-2.004,-2.004,-2.004,-0.0,0.0,0.0,0.0,0.0,3379.5,-1.5879155638041463e+29,0.0,0.0,-0.0,-0.0,2.7184274988523002e+23,0.0,0.0,0.0,0.0,0,-0.0,-0.0,0.0,0.0,0.0,0.0,0.0,0.0,0.0,0,0,0,0.0,0.0,0.0,0.0,0.0,0.0,0.0,0.0,0.0,0.0,0.0,0.0,0.0,0.0,0.0,0.0,0,-107875648.0,0,0.0,0,-107875648.0,-107877712.0,0,13107,17039,39322,17053,39322,17037,0,0,0,110,100,100,2.7302334150594743e+23,64.0,0.0,64.9,-107615304.0,68.5,1,49,50,180,0,26215,0,0,0.0,0.0,0.0,0.0,-3188.157,65.0,0.0,-0.0,0.0,645,0,687,0,0,0,716,0,788,0,708,0,689,0,645,0,642,0,616,0.032,36962304.0,0.0,2.7302316136196234e+23,22160,16788,-2.41,126.629,-0.0,-0.0,2.789356668661751e+28,-4024418959360.0,29.0,60.0,70,0.0,0.0,0.0,0.0,0.0,0.0,0.0,0.0,0.0,0.0,0.0,0.0,0.0,0.0,0.0,0.0,59.6,69,11,65508,41,65476,0,300,0,0,8,20529,65476,0,0,61604,60.0,0.0,0.0,0.0,0.0,0.0
2026-04-04T11:28:43,ERR,ERR,ERR,ERR,ERR,ERR,ERR,ERR,ERR,ERR,ERR,ERR,ERR,ERR,ERR,ERR,ERR,ERR,ERR,ERR,ERR,ERR,ERR,ERR,ERR,ERR,ERR,ERR,ERR,ERR,ERR,ERR,ERR,ERR,ERR,ERR,ERR,ERR,ERR,ERR,ERR,ERR,ERR,ERR,ERR,ERR,ERR,ERR,ERR,ERR,ERR,ERR,ERR,ERR,ERR,ERR,ERR,ERR,ERR,ERR,ERR,ERR,ERR,ERR,ERR,ERR,ERR,ERR,ERR,ERR,ERR,ERR,ERR,ERR,ERR,ERR,ERR,ERR,ERR,ERR,ERR,ERR,ERR,ERR,ERR,ERR,ERR,ERR,ERR,ERR,ERR,ERR,ERR,ERR,ERR,ERR,ERR,ERR,ERR,ERR,ERR,ERR,ERR,ERR,ERR,ERR,ERR,ERR,ERR,ERR,ERR,ERR,ERR,ERR,ERR,ERR,ERR,ERR,ERR,ERR,ERR,ERR,ERR,ERR,ERR,0.0,-0.0,-0.0,0.0,0.0,0.0,0.0,nan,0,0,0,32768,0,0.0,0,0.0,0.0,0.0,0.0,0.0,0,0,0,0,0.0,0,0,0,0,0,0,0,0,0,0,0,0,0,0,0,0,0,0,0,0,0,0,0,0,0,0,0,0,0,0,0,0,0,0,0,0,0,0,0,0,0,0,0,0,0.0,0.0,0.0,0.0,0.0,0.0,0.0,0.0,0.0,0.0,0.0,0.0,0.0,0.0,0.0,0.0,0.0,0.0,0.0,0.0,0.0,0.0,-2.004,-2.004,-2.004,-0.0,0.0,0.0,0.0,0.0,3379.5,-1.5879155638041463e+29,0.0,0.0,-0.0,-0.0,2.7184274988523002e+23,0.0,0.0,0.0,0.0,0,-0.0,-0.0,0.0,0.0,0.0,0.0,0.0,0.0,0.0,0,0,0,0.0,0.0,0.0,0.0,0.0,0.0,0.0,0.0,0.0,0.0,0.0,0.0,0.0,0.0,0.0,0.0,0,-107875648.0,0,0.0,0,-107875648.0,-107877712.0,0,13107,17039,39322,17053,39322,17037,0,0,0,110,100,100,2.7302334150594743e+23,64.0,0.0,64.9,-107615304.0,68.5,1,49,50,180,0,26215,0,0,0.0,0.0,0.0,0.0,-3188.157,65.0,0.0,-0.0,0.0,645,0,687,0,0,0,716,0,788,0,708,0,689,0,645,0,642,0,616,0.032,36962304.0,0.0,2.7302316136196234e+23,22160,16788,-2.41,126.629,-0.0,-0.0,2.789356668661751e+28,-4024418959360.0,29.0,60.0,70,0.0,0.0,0.0,0.0,0.0,0.0,0.0,0.0,0.0,0.0,0.0,0.0,0.0,0.0,0.0,0.0,59.6,69,11,65508,41,65476,0,300,0,0,8,20529,65476,0,0,61604,60.0,0.0,0.0,0.0,0.0,0.0
2026-04-04T11:28:44,ERR,ERR,ERR,ERR,ERR,ERR,ERR,ERR,ERR,ERR,ERR,ERR,ERR,ERR,ERR,ERR,ERR,ERR,ERR,ERR,ERR,ERR,ERR,ERR,ERR,ERR,ERR,ERR,ERR,ERR,ERR,ERR,ERR,ERR,ERR,ERR,ERR,ERR,ERR,ERR,ERR,ERR,ERR,ERR,ERR,ERR,ERR,ERR,ERR,ERR,ERR,ERR,ERR,ERR,ERR,ERR,ERR,ERR,ERR,ERR,ERR,ERR,ERR,ERR,ERR,ERR,ERR,ERR,ERR,ERR,ERR,ERR,ERR,ERR,ERR,ERR,ERR,ERR,ERR,ERR,ERR,ERR,ERR,ERR,ERR,ERR,ERR,ERR,ERR,ERR,ERR,ERR,ERR,ERR,ERR,ERR,ERR,ERR,ERR,ERR,ERR,ERR,ERR,ERR,ERR,ERR,ERR,ERR,ERR,ERR,ERR,ERR,ERR,ERR,ERR,ERR,ERR,ERR,ERR,ERR,ERR,ERR,ERR,ERR,ERR,0.0,-0.0,-0.0,0.0,0.0,0.0,0.0,nan,0,0,0,32768,0,0.0,0,0.0,0.0,0.0,0.0,0.0,0,0,0,0,0.0,0,0,0,0,0,0,0,0,0,0,0,0,0,0,0,0,0,0,0,0,0,0,0,0,0,0,0,0,0,0,0,0,0,0,0,0,0,0,0,0,0,0,0,0,0.0,0.0,0.0,0.0,0.0,0.0,0.0,0.0,0.0,0.0,0.0,0.0,0.0,0.0,0.0,0.0,0.0,0.0,0.0,0.0,0.0,0.0,-2.004,-2.004,-2.004,-0.0,0.0,0.0,0.0,0.0,3379.5,-1.5879155638041463e+29,0.0,0.0,-0.0,-0.0,2.7184274988523002e+23,0.0,0.0,0.0,0.0,0,-0.0,-0.0,0.0,0.0,0.0,0.0,0.0,0.0,0.0,0,0,0,0.0,0.0,0.0,0.0,0.0,0.0,0.0,0.0,0.0,0.0,0.0,0.0,0.0,0.0,0.0,0.0,0,-107875648.0,0,0.0,0,-107875648.0,-107877712.0,0,13107,17039,39322,17053,39322,17037,0,0,0,110,100,100,2.7302334150594743e+23,64.0,0.0,64.9,-107615304.0,68.5,1,49,50,180,0,26215,0,0,0.0,0.0,0.0,0.0,-3188.157,65.0,0.0,-0.0,0.0,645,0,687,0,0,0,716,0,788,0,708,0,689,0,645,0,642,0,616,0.032,36962304.0,0.0,2.7302316136196234e+23,22160,16788,-2.41,126.629,-0.0,-0.0,2.789356668661751e+28,-4024418959360.0,29.0,60.0,70,0.0,0.0,0.0,0.0,0.0,0.0,0.0,0.0,0.0,0.0,0.0,0.0,0.0,0.0,0.0,0.0,59.2,69,11,65508,41,65476,0,300,0,0,8,20529,65476,0,0,61604,60.0,0.0,0.0,0.0,0.0,0.0
2026-04-04T11:28:45,ERR,ERR,ERR,ERR,ERR,ERR,ERR,ERR,ERR,ERR,ERR,ERR,ERR,ERR,ERR,ERR,ERR,ERR,ERR,ERR,ERR,ERR,ERR,ERR,ERR,ERR,ERR,ERR,ERR,ERR,ERR,ERR,ERR,ERR,ERR,ERR,ERR,ERR,ERR,ERR,ERR,ERR,ERR,ERR,ERR,ERR,ERR,ERR,ERR,ERR,ERR,ERR,ERR,ERR,ERR,ERR,ERR,ERR,ERR,ERR,ERR,ERR,ERR,ERR,ERR,ERR,ERR,ERR,ERR,ERR,ERR,ERR,ERR,ERR,ERR,ERR,ERR,ERR,ERR,ERR,ERR,ERR,ERR,ERR,ERR,ERR,ERR,ERR,ERR,ERR,ERR,ERR,ERR,ERR,ERR,ERR,ERR,ERR,ERR,ERR,ERR,ERR,ERR,ERR,ERR,ERR,ERR,ERR,ERR,ERR,ERR,ERR,ERR,ERR,ERR,ERR,ERR,ERR,ERR,ERR,ERR,ERR,ERR,ERR,ERR,0.0,-0.0,-0.0,0.0,0.0,0.0,0.0,nan,0,0,0,32768,0,0.0,0,0.0,0.0,0.0,0.0,0.0,0,0,0,0,0.0,0,0,0,0,0,0,0,0,0,0,0,0,0,0,0,0,0,0,0,0,0,0,0,0,0,0,0,0,0,0,0,0,0,0,0,0,0,0,0,0,0,0,0,0,0.0,0.0,0.0,0.0,0.0,0.0,0.0,0.0,0.0,0.0,0.0,0.0,0.0,0.0,0.0,0.0,0.0,0.0,0.0,0.0,0.0,0.0,-2.004,-2.004,-2.004,-0.0,0.0,0.0,0.0,0.0,3379.5,-1.5879155638041463e+29,0.0,0.0,-0.0,-0.0,2.7184274988523002e+23,0.0,0.0,0.0,0.0,0,-0.0,-0.0,0.0,0.0,0.0,0.0,0.0,0.0,0.0,0,0,0,0.0,0.0,0.0,0.0,0.0,0.0,0.0,0.0,0.0,0.0,0.0,0.0,0.0,0.0,0.0,0.0,0,-107875648.0,0,0.0,0,-107875648.0,-107877712.0,0,13107,17039,39322,17053,52429,17037,0,0,0,110,100,100,2.7302334150594743e+23,64.0,0.0,64.9,-107615304.0,68.5,1,49,50,180,0,39322,0,0,0.0,0.0,0.0,0.0,-0.0,65.0,0.0,-0.0,0.0,645,0,688,0,0,0,716,0,788,0,708,0,689,0,645,0,642,0,616,0.032,36962304.0,0.0,2.7302316136196234e+23,35728,16788,-0.056,-0.006,-4.3637987069826276e+29,-0.0,-0.0,0.0,29.0,60.0,70,0.0,0.0,0.0,0.0,0.0,0.0,0.0,0.0,0.0,0.0,0.0,0.0,0.0,0.0,0.0,0.0,59.2,69,11,65508,41,65476,0,300,0,0,8,20529,65476,0,0,61604,60.0,0.0,0.0,0.0,0.0,0.0
2026-04-04T11:28:46,ERR,ERR,ERR,ERR,ERR,ERR,ERR,ERR,ERR,ERR,ERR,ERR,ERR,ERR,ERR,ERR,ERR,ERR,ERR,ERR,ERR,ERR,ERR,ERR,ERR,ERR,ERR,ERR,ERR,ERR,ERR,ERR,ERR,ERR,ERR,ERR,ERR,ERR,ERR,ERR,ERR,ERR,ERR,ERR,ERR,ERR,ERR,ERR,ERR,ERR,ERR,ERR,ERR,ERR,ERR,ERR,ERR,ERR,ERR,ERR,ERR,ERR,ERR,ERR,ERR,ERR,ERR,ERR,ERR,ERR,ERR,ERR,ERR,ERR,ERR,ERR,ERR,ERR,ERR,ERR,ERR,ERR,ERR,ERR,ERR,ERR,ERR,ERR,ERR,ERR,ERR,ERR,ERR,ERR,ERR,ERR,ERR,ERR,ERR,ERR,ERR,ERR,ERR,ERR,ERR,ERR,ERR,ERR,ERR,ERR,ERR,ERR,ERR,ERR,ERR,ERR,ERR,ERR,ERR,ERR,ERR,ERR,ERR,ERR,ERR,0.0,-0.0,-0.0,0.0,0.0,0.0,0.0,nan,0,0,0,32768,0,0.0,0,0.0,0.0,0.0,0.0,0.0,0,0,0,0,0.0,0,0,0,0,0,0,0,0,0,0,0,0,0,0,0,0,0,0,0,0,0,0,0,0,0,0,0,0,0,0,0,0,0,0,0,0,0,0,0,0,0,0,0,0,0.0,0.0,0.0,0.0,0.0,0.0,0.0,0.0,0.0,0.0,0.0,0.0,0.0,0.0,0.0,0.0,0.0,0.0,0.0,0.0,0.0,0.0,-2.004,-2.004,-2.004,-0.0,0.0,0.0,0.0,0.0,3379.5,-1.5879155638041463e+29,0.0,0.0,-0.0,-0.0,2.7184274988523002e+23,0.0,0.0,0.0,0.0,0,-0.0,-0.0,0.0,0.0,0.0,0.0,0.0,0.0,0.0,0,0,0,0.0,0.0,0.0,0.0,0.0,0.0,0.0,0.0,0.0,0.0,0.0,0.0,0.0,0.0,0.0,0.0,0,-107875648.0,0,0.0,0,-107875648.0,-107877712.0,0,13107,17039,39322,17053,52429,17037,0,0,0,110,100,100,2.7302334150594743e+23,64.0,0.0,64.9,-107615304.0,68.5,1,49,50,180,0,39322,0,0,0.0,0.0,0.0,0.0,-0.0,65.0,0.0,-0.0,0.0,645,0,688,0,0,0,716,0,788,0,708,0,689,0,645,0,642,0,616,0.032,36962304.0,0.0,2.7302316136196234e+23,35728,16788,-0.056,-0.006,-4.3637987069826276e+29,-0.0,-0.0,0.0,29.0,60.0,70,0.0,0.0,0.0,0.0,0.0,0.0,0.0,0.0,0.0,0.0,0.0,0.0,0.0,0.0,0.0,0.0,59.6,69,11,65508,41,65476,0,300,0,0,8,20529,65476,0,0,61604,60.0,0.0,0.0,0.0,0.0,0.0
2026-04-04T11:28:47,ERR,ERR,ERR,ERR,ERR,ERR,ERR,ERR,ERR,ERR,ERR,ERR,ERR,ERR,ERR,ERR,ERR,ERR,ERR,ERR,ERR,ERR,ERR,ERR,ERR,ERR,ERR,ERR,ERR,ERR,ERR,ERR,ERR,ERR,ERR,ERR,ERR,ERR,ERR,ERR,ERR,ERR,ERR,ERR,ERR,ERR,ERR,ERR,ERR,ERR,ERR,ERR,ERR,ERR,ERR,ERR,ERR,ERR,ERR,ERR,ERR,ERR,ERR,ERR,ERR,ERR,ERR,ERR,ERR,ERR,ERR,ERR,ERR,ERR,ERR,ERR,ERR,ERR,ERR,ERR,ERR,ERR,ERR,ERR,ERR,ERR,ERR,ERR,ERR,ERR,ERR,ERR,ERR,ERR,ERR,ERR,ERR,ERR,ERR,ERR,ERR,ERR,ERR,ERR,ERR,ERR,ERR,ERR,ERR,ERR,ERR,ERR,ERR,ERR,ERR,ERR,ERR,ERR,ERR,ERR,ERR,ERR,ERR,ERR,ERR,0.0,-0.0,-0.0,0.0,0.0,0.0,0.0,nan,0,0,0,32768,0,0.0,0,0.0,0.0,0.0,0.0,0.0,0,0,0,0,0.0,0,0,0,0,0,0,0,0,0,0,0,0,0,0,0,0,0,0,0,0,0,0,0,0,0,0,0,0,0,0,0,0,0,0,0,0,0,0,0,0,0,0,0,0,0.0,0.0,0.0,0.0,0.0,0.0,0.0,0.0,0.0,0.0,0.0,0.0,0.0,0.0,0.0,0.0,0.0,0.0,0.0,0.0,0.0,0.0,-2.004,-2.004,-2.004,2.004,0.0,0.0,0.0,0.0,3378.5,-0.0,0.0,0.0,-0.0,-0.0,0.0,0.0,0.0,0.0,0.0,0,-0.0,5.848029934006574e+35,0.0,0.0,0.0,0.0,0.0,0.0,0.0,0,0,0,0.0,0.0,0.0,0.0,0.0,0.0,0.0,0.0,0.0,0.0,0.0,0.0,0.0,0.0,0.0,0.0,0,-107875648.0,0,0.0,0,-107875648.0,-107877712.0,0,13107,17039,39322,17053,52429,17037,0,0,0,110,100,100,2.7302334150594743e+23,64.0,0.0,64.9,-107615304.0,68.5,1,49,50,180,0,39322,0,0,0.0,0.0,0.0,0.0,-0.0,65.0,0.0,-0.0,0.0,645,0,688,0,0,0,716,0,788,0,708,0,689,0,645,0,642,0,616,0.032,36962304.0,0.0,2.7302316136196234e+23,35728,16788,-0.056,-0.006,-4.3637987069826276e+29,-0.0,-0.0,0.0,29.0,60.0,70,0.0,0.0,0.0,0.0,0.0,0.0,0.0,0.0,0.0,0.0,0.0,0.0,0.0,0.0,0.0,0.0,59.6,69,11,65508,41,65476,0,300,0,0,8,20529,65476,0,0,61604,60.0,0.0,0.0,0.0,0.0,0.0
2026-04-04T11:28:48,ERR,ERR,ERR,ERR,ERR,ERR,ERR,ERR,ERR,ERR,ERR,ERR,ERR,ERR,ERR,ERR,ERR,ERR,ERR,ERR,ERR,ERR,ERR,ERR,ERR,ERR,ERR,ERR,ERR,ERR,ERR,ERR,ERR,ERR,ERR,ERR,ERR,ERR,ERR,ERR,ERR,ERR,ERR,ERR,ERR,ERR,ERR,ERR,ERR,ERR,ERR,ERR,ERR,ERR,ERR,ERR,ERR,ERR,ERR,ERR,ERR,ERR,ERR,ERR,ERR,ERR,ERR,ERR,ERR,ERR,ERR,ERR,ERR,ERR,ERR,ERR,ERR,ERR,ERR,ERR,ERR,ERR,ERR,ERR,ERR,ERR,ERR,ERR,ERR,ERR,ERR,ERR,ERR,ERR,ERR,ERR,ERR,ERR,ERR,ERR,ERR,ERR,ERR,ERR,ERR,ERR,ERR,ERR,ERR,ERR,ERR,ERR,ERR,ERR,ERR,ERR,ERR,ERR,ERR,ERR,ERR,ERR,ERR,ERR,ERR,0.0,-0.0,-0.0,0.0,0.0,0.0,0.0,nan,0,0,0,32768,0,0.0,0,0.0,0.0,0.0,0.0,0.0,0,0,0,0,0.0,0,0,0,0,0,0,0,0,0,0,0,0,0,0,0,0,0,0,0,0,0,0,0,0,0,0,0,0,0,0,0,0,0,0,0,0,0,0,0,0,0,0,0,0,0.0,0.0,0.0,0.0,0.0,0.0,0.0,0.0,0.0,0.0,0.0,0.0,0.0,0.0,0.0,0.0,0.0,0.0,0.0,0.0,0.0,0.0,-2.004,-2.004,-2.004,2.004,0.0,0.0,0.0,0.0,3378.5,-0.0,0.0,0.0,-0.0,-0.0,0.0,0.0,0.0,0.0,0.0,0,-0.0,5.848029934006574e+35,0.0,0.0,0.0,0.0,0.0,0.0,0.0,0,0,0,0.0,0.0,0.0,0.0,0.0,0.0,0.0,0.0,0.0,0.0,0.0,0.0,0.0,0.0,0.0,0.0,0,-107875648.0,0,0.0,0,-107875648.0,-107877712.0,0,13107,17039,39322,17053,52429,17037,0,0,0,110,100,100,2.7302334150594743e+23,64.0,0.0,64.9,-107615304.0,68.5,1,49,50,180,0,39322,0,0,0.0,0.0,0.0,0.0,-0.0,65.0,0.0,-0.0,0.0,645,0,688,0,0,0,716,0,788,0,708,0,689,0,645,0,642,0,616,0.032,36962304.0,0.0,2.7302316136196234e+23,35728,16788,-0.056,-0.006,-4.3637987069826276e+29,-0.0,-0.0,0.0,29.0,60.0,70,0.0,0.0,0.0,0.0,0.0,0.0,0.0,0.0,0.0,0.0,0.0,0.0,0.0,0.0,0.0,0.0,59.6,69,11,65508,41,65476,0,300,0,0,8,20529,65476,0,0,61604,60.0,0.0,0.0,0.0,0.0,0.0
2026-04-04T11:28:49,ERR,ERR,ERR,ERR,ERR,ERR,ERR,ERR,ERR,ERR,ERR,ERR,ERR,ERR,ERR,ERR,ERR,ERR,ERR,ERR,ERR,ERR,ERR,ERR,ERR,ERR,ERR,ERR,ERR,ERR,ERR,ERR,ERR,ERR,ERR,ERR,ERR,ERR,ERR,ERR,ERR,ERR,ERR,ERR,ERR,ERR,ERR,ERR,ERR,ERR,ERR,ERR,ERR,ERR,ERR,ERR,ERR,ERR,ERR,ERR,ERR,ERR,ERR,ERR,ERR,ERR,ERR,ERR,ERR,ERR,ERR,ERR,ERR,ERR,ERR,ERR,ERR,ERR,ERR,ERR,ERR,ERR,ERR,ERR,ERR,ERR,ERR,ERR,ERR,ERR,ERR,ERR,ERR,ERR,ERR,ERR,ERR,ERR,ERR,ERR,ERR,ERR,ERR,ERR,ERR,ERR,ERR,ERR,ERR,ERR,ERR,ERR,ERR,ERR,ERR,ERR,ERR,ERR,ERR,ERR,ERR,ERR,ERR,ERR,ERR,0.0,-0.0,-0.0,0.0,0.0,0.0,0.0,nan,0,0,0,32768,0,0.0,0,0.0,0.0,0.0,0.0,0.0,0,0,0,0,0.0,0,0,0,0,0,0,0,0,0,0,0,0,0,0,0,0,0,0,0,0,0,0,0,0,0,0,0,0,0,0,0,0,0,0,0,0,0,0,0,0,0,0,0,0,0.0,0.0,0.0,0.0,0.0,0.0,0.0,0.0,0.0,0.0,0.0,0.0,0.0,0.0,0.0,0.0,0.0,0.0,0.0,0.0,0.0,0.0,-2.004,-2.004,-2.004,2.004,0.0,0.0,0.0,0.0,3378.5,-0.0,0.0,0.0,-0.0,-0.0,0.0,0.0,0.0,0.0,0.0,0,-0.0,5.848029934006574e+35,0.0,0.0,0.0,0.0,0.0,0.0,0.0,0,0,0,0.0,0.0,0.0,0.0,0.0,0.0,0.0,0.0,0.0,0.0,0.0,0.0,0.0,0.0,0.0,0.0,0,-107875648.0,0,0.0,0,-107875648.0,-107877712.0,0,13107,17039,39322,17053,52429,17037,0,0,0,110,100,100,2.7302334150594743e+23,64.0,0.0,64.9,-107615304.0,68.5,1,49,50,180,0,39322,0,0,0.0,0.0,0.0,0.0,-0.0,65.0,0.0,-0.0,0.0,645,0,688,0,0,0,716,0,788,0,708,0,689,0,645,0,642,0,616,0.032,36962304.0,0.0,2.7302316136196234e+23,35728,16788,-0.056,-0.006,-4.3637987069826276e+29,-0.0,-0.0,0.0,29.0,60.0,70,0.0,0.0,0.0,0.0,0.0,0.0,0.0,0.0,0.0,0.0,0.0,0.0,0.0,0.0,0.0,0.0,59.2,69,11,65508,41,65476,0,300,0,0,8,20529,65476,0,0,61604,60.0,0.0,0.0,0.0,0.0,0.0
2026-04-04T11:28:50,ERR,ERR,ERR,ERR,ERR,ERR,ERR,ERR,ERR,ERR,ERR,ERR,ERR,ERR,ERR,ERR,ERR,ERR,ERR,ERR,ERR,ERR,ERR,ERR,ERR,ERR,ERR,ERR,ERR,ERR,ERR,ERR,ERR,ERR,ERR,ERR,ERR,ERR,ERR,ERR,ERR,ERR,ERR,ERR,ERR,ERR,ERR,ERR,ERR,ERR,ERR,ERR,ERR,ERR,ERR,ERR,ERR,ERR,ERR,ERR,ERR,ERR,ERR,ERR,ERR,ERR,ERR,ERR,ERR,ERR,ERR,ERR,ERR,ERR,ERR,ERR,ERR,ERR,ERR,ERR,ERR,ERR,ERR,ERR,ERR,ERR,ERR,ERR,ERR,ERR,ERR,ERR,ERR,ERR,ERR,ERR,ERR,ERR,ERR,ERR,ERR,ERR,ERR,ERR,ERR,ERR,ERR,ERR,ERR,ERR,ERR,ERR,ERR,ERR,ERR,ERR,ERR,ERR,ERR,ERR,ERR,ERR,ERR,ERR,ERR,0.0,-0.0,-0.0,0.0,0.0,0.0,0.0,nan,0,0,0,32768,0,0.0,0,0.0,0.0,0.0,0.0,0.0,0,0,0,0,0.0,0,0,0,0,0,0,0,0,0,0,0,0,0,0,0,0,0,0,0,0,0,0,0,0,0,0,0,0,0,0,0,0,0,0,0,0,0,0,0,0,0,0,0,0,0.0,0.0,0.0,0.0,0.0,0.0,0.0,0.0,0.0,0.0,0.0,0.0,0.0,0.0,0.0,0.0,0.0,0.0,0.0,0.0,0.0,0.0,-2.004,-2.004,-2.004,2.004,0.0,0.0,0.0,0.0,3378.5,-0.0,0.0,0.0,-0.0,-0.0,0.0,0.0,0.0,0.0,0.0,0,-0.0,5.848029934006574e+35,0.0,0.0,0.0,0.0,0.0,0.0,0.0,0,0,0,0.0,0.0,0.0,0.0,0.0,0.0,0.0,0.0,0.0,0.0,0.0,0.0,0.0,0.0,0.0,0.0,0,-107875648.0,0,0.0,0,-107875648.0,-107877712.0,0,13107,17039,39322,17053,52429,17037,0,0,0,110,100,100,2.7302334150594743e+23,64.0,0.0,64.9,-107615304.0,68.5,1,49,50,180,0,39322,0,0,0.0,0.0,0.0,0.0,-0.0,65.0,0.0,-0.0,0.0,645,0,688,0,0,0,716,0,788,0,708,0,689,0,645,0,642,0,616,0.032,36962304.0,0.0,2.7302316136196234e+23,35728,16788,-0.056,-0.006,-4.3637987069826276e+29,-0.0,-0.0,0.0,29.0,60.0,70,0.0,0.0,0.0,0.0,0.0,0.0,0.0,0.0,0.0,0.0,0.0,0.0,0.0,0.0,0.0,0.0,59.2,69,11,65508,41,65476,0,300,0,0,8,20529,65476,0,0,61604,60.0,0.0,0.0,0.0,0.0,0.0
2026-04-04T11:28:51,ERR,ERR,ERR,ERR,ERR,ERR,ERR,ERR,ERR,ERR,ERR,ERR,ERR,ERR,ERR,ERR,ERR,ERR,ERR,ERR,ERR,ERR,ERR,ERR,ERR,ERR,ERR,ERR,ERR,ERR,ERR,ERR,ERR,ERR,ERR,ERR,ERR,ERR,ERR,ERR,ERR,ERR,ERR,ERR,ERR,ERR,ERR,ERR,ERR,ERR,ERR,ERR,ERR,ERR,ERR,ERR,ERR,ERR,ERR,ERR,ERR,ERR,ERR,ERR,ERR,ERR,ERR,ERR,ERR,ERR,ERR,ERR,ERR,ERR,ERR,ERR,ERR,ERR,ERR,ERR,ERR,ERR,ERR,ERR,ERR,ERR,ERR,ERR,ERR,ERR,ERR,ERR,ERR,ERR,ERR,ERR,ERR,ERR,ERR,ERR,ERR,ERR,ERR,ERR,ERR,ERR,ERR,ERR,ERR,ERR,ERR,ERR,ERR,ERR,ERR,ERR,ERR,ERR,ERR,ERR,ERR,ERR,ERR,ERR,ERR,0.0,-0.0,-0.0,0.0,0.0,0.0,0.0,nan,0,0,0,32768,0,0.0,0,0.0,0.0,0.0,0.0,0.0,0,0,0,0,0.0,0,0,0,0,0,0,0,0,0,0,0,0,0,0,0,0,0,0,0,0,0,0,0,0,0,0,0,0,0,0,0,0,0,0,0,0,0,0,0,0,0,0,0,0,0.0,0.0,0.0,0.0,0.0,0.0,0.0,0.0,0.0,0.0,0.0,0.0,0.0,0.0,0.0,0.0,0.0,0.0,0.0,0.0,0.0,0.0,-2.004,-2.004,-2.004,2.004,0.0,0.0,0.0,0.0,3378.5,-0.0,0.0,0.0,-0.0,-0.0,0.0,0.0,0.0,0.0,0.0,0,-0.0,5.848029934006574e+35,0.0,0.0,0.0,0.0,0.0,0.0,0.0,0,0,0,0.0,0.0,0.0,0.0,0.0,0.0,0.0,0.0,0.0,0.0,0.0,0.0,0.0,0.0,0.0,0.0,0,-107875648.0,0,0.0,0,-107875648.0,-107877712.0,0,13107,17039,39322,17053,39322,17037,0,0,0,110,100,100,2.7302334150594743e+23,64.0,0.0,64.9,-107615304.0,68.5,1,49,50,180,0,39322,0,0,0.0,0.0,0.0,0.0,-8.584213833000681e+18,65.0,0.0,-532730429308928.0,0.0,645,0,687,0,0,0,716,0,788,0,708,0,689,0,645,0,642,0,617,0.032,36700160.0,0.0,2.7302316136196234e+23,37008,16788,-27034884.0,0.0,33325376.0,-2147.98,-6021817303040.0,2.7387743726206976e+17,29.0,60.0,70,0.0,0.0,0.0,0.0,0.0,0.0,0.0,0.0,0.0,0.0,0.0,0.0,0.0,0.0,0.0,0.0,59.2,69,11,65508,41,65476,0,300,0,0,8,20529,65476,0,0,61604,60.0,0.0,0.0,0.0,0.0,0.0
2026-04-04T11:28:52,ERR,ERR,ERR,ERR,ERR,ERR,ERR,ERR,ERR,ERR,ERR,ERR,ERR,ERR,ERR,ERR,ERR,ERR,ERR,ERR,ERR,ERR,ERR,ERR,ERR,ERR,ERR,ERR,ERR,ERR,ERR,ERR,ERR,ERR,ERR,ERR,ERR,ERR,ERR,ERR,ERR,ERR,ERR,ERR,ERR,ERR,ERR,ERR,ERR,ERR,ERR,ERR,ERR,ERR,ERR,ERR,ERR,ERR,ERR,ERR,ERR,ERR,ERR,ERR,ERR,ERR,ERR,ERR,ERR,ERR,ERR,ERR,ERR,ERR,ERR,ERR,ERR,ERR,ERR,ERR,ERR,ERR,ERR,ERR,ERR,ERR,ERR,ERR,ERR,ERR,ERR,ERR,ERR,ERR,ERR,ERR,ERR,ERR,ERR,ERR,ERR,ERR,ERR,ERR,ERR,ERR,ERR,ERR,ERR,ERR,ERR,ERR,ERR,ERR,ERR,ERR,ERR,ERR,ERR,ERR,ERR,ERR,ERR,ERR,ERR,0.0,-0.0,-0.0,0.0,0.0,0.0,0.0,nan,0,0,0,32768,0,0.0,0,0.0,0.0,0.0,0.0,0.0,0,0,0,0,0.0,0,0,0,0,0,0,0,0,0,0,0,0,0,0,0,0,0,0,0,0,0,0,0,0,0,0,0,0,0,0,0,0,0,0,0,0,0,0,0,0,0,0,0,0,0.0,0.0,0.0,0.0,0.0,0.0,0.0,0.0,0.0,0.0,0.0,0.0,0.0,0.0,0.0,0.0,0.0,0.0,0.0,0.0,0.0,0.0,-2.004,-2.004,-2.004,2.004,0.0,0.0,0.0,0.0,3378.5,-0.0,0.0,0.0,-0.0,-0.0,0.0,0.0,0.0,0.0,0.0,0,-0.0,5.848029934006574e+35,0.0,0.0,0.0,0.0,0.0,0.0,0.0,0,0,0,0.0,0.0,0.0,0.0,0.0,0.0,0.0,0.0,0.0,0.0,0.0,0.0,0.0,0.0,0.0,0.0,0,-107875648.0,0,0.0,0,-107875648.0,-107877712.0,0,13107,17039,39322,17053,39322,17037,0,0,0,110,100,100,2.7302334150594743e+23,64.0,0.0,64.9,-107615304.0,68.5,1,49,50,180,0,39322,0,0,0.0,0.0,0.0,0.0,-8.584213833000681e+18,65.0,0.0,-532730429308928.0,0.0,645,0,687,0,0,0,716,0,788,0,708,0,689,0,645,0,642,0,617,0.032,36700160.0,0.0,2.7302316136196234e+23,37008,16788,-27034884.0,0.0,33325376.0,-2147.98,-6021817303040.0,2.7387743726206976e+17,29.0,60.0,70,0.0,0.0,0.0,0.0,0.0,0.0,0.0,0.0,0.0,0.0,0.0,0.0,0.0,0.0,0.0,0.0,59.2,69,11,65508,41,65476,0,300,0,0,8,20529,65476,0,0,61604,60.0,0.0,0.0,0.0,0.0,0.0
2026-04-04T11:28:53,ERR,ERR,ERR,ERR,ERR,ERR,ERR,ERR,ERR,ERR,ERR,ERR,ERR,ERR,ERR,ERR,ERR,ERR,ERR,ERR,ERR,ERR,ERR,ERR,ERR,ERR,ERR,ERR,ERR,ERR,ERR,ERR,ERR,ERR,ERR,ERR,ERR,ERR,ERR,ERR,ERR,ERR,ERR,ERR,ERR,ERR,ERR,ERR,ERR,ERR,ERR,ERR,ERR,ERR,ERR,ERR,ERR,ERR,ERR,ERR,ERR,ERR,ERR,ERR,ERR,ERR,ERR,ERR,ERR,ERR,ERR,ERR,ERR,ERR,ERR,ERR,ERR,ERR,ERR,ERR,ERR,ERR,ERR,ERR,ERR,ERR,ERR,ERR,ERR,ERR,ERR,ERR,ERR,ERR,ERR,ERR,ERR,ERR,ERR,ERR,ERR,ERR,ERR,ERR,ERR,ERR,ERR,ERR,ERR,ERR,ERR,ERR,ERR,ERR,ERR,ERR,ERR,ERR,ERR,ERR,ERR,ERR,ERR,ERR,ERR,0.0,-0.0,-0.0,0.0,0.0,0.0,0.0,nan,0,0,0,32768,0,0.0,0,0.0,0.0,0.0,0.0,0.0,0,0,0,0,0.0,0,0,0,0,0,0,0,0,0,0,0,0,0,0,0,0,0,0,0,0,0,0,0,0,0,0,0,0,0,0,0,0,0,0,0,0,0,0,0,0,0,0,0,0,0.0,0.0,0.0,0.0,0.0,0.0,0.0,0.0,0.0,0.0,0.0,0.0,0.0,0.0,0.0,0.0,0.0,0.0,0.0,0.0,0.0,0.0,-2.004,-2.004,-2.004,2.004,0.0,0.0,0.0,0.0,3378.5,-0.0,0.0,0.0,-0.0,-0.0,0.0,0.0,0.0,0.0,0.0,0,-0.0,5.848029934006574e+35,0.0,0.0,0.0,0.0,0.0,0.0,0.0,0,0,0,0.0,0.0,0.0,0.0,0.0,0.0,0.0,0.0,0.0,0.0,0.0,0.0,0.0,0.0,0.0,0.0,0,-107875648.0,0,0.0,0,-107875648.0,-107877712.0,0,13107,17039,39322,17053,39322,17037,0,0,0,110,100,100,2.7302334150594743e+23,64.0,0.0,64.9,-107615304.0,68.5,1,49,50,180,0,39322,0,0,0.0,0.0,0.0,0.0,-8.584213833000681e+18,65.0,0.0,-532730429308928.0,0.0,645,0,687,0,0,0,716,0,788,0,708,0,689,0,645,0,642,0,617,0.032,36700160.0,0.0,2.7302316136196234e+23,37008,16788,-27034884.0,0.0,33325376.0,-2147.98,-6021817303040.0,2.7387743726206976e+17,29.0,60.0,70,0.0,0.0,0.0,0.0,0.0,0.0,0.0,0.0,0.0,0.0,0.0,0.0,0.0,0.0,0.0,0.0,59.2,69,11,65508,41,65476,0,300,0,0,8,20529,65476,0,0,61604,60.0,0.0,0.0,0.0,0.0,0.0
2026-04-04T11:28:54,ERR,ERR,ERR,ERR,ERR,ERR,ERR,ERR,ERR,ERR,ERR,ERR,ERR,ERR,ERR,ERR,ERR,ERR,ERR,ERR,ERR,ERR,ERR,ERR,ERR,ERR,ERR,ERR,ERR,ERR,ERR,ERR,ERR,ERR,ERR,ERR,ERR,ERR,ERR,ERR,ERR,ERR,ERR,ERR,ERR,ERR,ERR,ERR,ERR,ERR,ERR,ERR,ERR,ERR,ERR,ERR,ERR,ERR,ERR,ERR,ERR,ERR,ERR,ERR,ERR,ERR,ERR,ERR,ERR,ERR,ERR,ERR,ERR,ERR,ERR,ERR,ERR,ERR,ERR,ERR,ERR,ERR,ERR,ERR,ERR,ERR,ERR,ERR,ERR,ERR,ERR,ERR,ERR,ERR,ERR,ERR,ERR,ERR,ERR,ERR,ERR,ERR,ERR,ERR,ERR,ERR,ERR,ERR,ERR,ERR,ERR,ERR,ERR,ERR,ERR,ERR,ERR,ERR,ERR,ERR,ERR,ERR,ERR,ERR,ERR,0.0,-0.0,-0.0,0.0,0.0,0.0,0.0,nan,0,0,0,32768,0,0.0,0,0.0,0.0,0.0,0.0,0.0,0,0,0,0,0.0,0,0,0,0,0,0,0,0,0,0,0,0,0,0,0,0,0,0,0,0,0,0,0,0,0,0,0,0,0,0,0,0,0,0,0,0,0,0,0,0,0,0,0,0,0.0,0.0,0.0,0.0,0.0,0.0,0.0,0.0,0.0,0.0,0.0,0.0,0.0,0.0,0.0,0.0,0.0,0.0,0.0,0.0,0.0,0.0,-2.004,-2.004,-2.004,2.004,0.0,0.0,0.0,0.0,3378.5,-0.0,0.0,0.0,-0.0,-0.0,0.0,0.0,0.0,0.0,0.0,0,-0.0,5.848029934006574e+35,0.0,0.0,0.0,0.0,0.0,0.0,0.0,0,0,0,0.0,0.0,0.0,0.0,0.0,0.0,0.0,0.0,0.0,0.0,0.0,0.0,0.0,0.0,0.0,0.0,0,-107875648.0,0,0.0,0,-107875648.0,-107877712.0,0,13107,17039,39322,17053,39322,17037,0,0,0,110,100,100,2.7302334150594743e+23,64.0,0.0,64.9,-107615304.0,68.5,1,49,50,180,0,39322,0,0,0.0,0.0,0.0,0.0,-8.584213833000681e+18,65.0,0.0,-532730429308928.0,0.0,645,0,687,0,0,0,716,0,788,0,708,0,689,0,645,0,642,0,617,0.032,36700160.0,0.0,2.7302316136196234e+23,37008,16788,-27034884.0,0.0,33325376.0,-2147.98,-6021817303040.0,2.7387743726206976e+17,29.0,60.0,70,0.0,0.0,0.0,0.0,0.0,0.0,0.0,0.0,0.0,0.0,0.0,0.0,0.0,0.0,0.0,0.0,59.2,69,11,65508,41,65476,0,300,0,0,8,20529,65476,0,0,61604,60.0,0.0,0.0,0.0,0.0,0.0
2026-04-04T11:28:55,ERR,ERR,ERR,ERR,ERR,ERR,ERR,ERR,ERR,ERR,ERR,ERR,ERR,ERR,ERR,ERR,ERR,ERR,ERR,ERR,ERR,ERR,ERR,ERR,ERR,ERR,ERR,ERR,ERR,ERR,ERR,ERR,ERR,ERR,ERR,ERR,ERR,ERR,ERR,ERR,ERR,ERR,ERR,ERR,ERR,ERR,ERR,ERR,ERR,ERR,ERR,ERR,ERR,ERR,ERR,ERR,ERR,ERR,ERR,ERR,ERR,ERR,ERR,ERR,ERR,ERR,ERR,ERR,ERR,ERR,ERR,ERR,ERR,ERR,ERR,ERR,ERR,ERR,ERR,ERR,ERR,ERR,ERR,ERR,ERR,ERR,ERR,ERR,ERR,ERR,ERR,ERR,ERR,ERR,ERR,ERR,ERR,ERR,ERR,ERR,ERR,ERR,ERR,ERR,ERR,ERR,ERR,ERR,ERR,ERR,ERR,ERR,ERR,ERR,ERR,ERR,ERR,ERR,ERR,ERR,ERR,ERR,ERR,ERR,ERR,0.0,-0.0,-0.0,0.0,0.0,0.0,0.0,nan,0,0,0,32768,0,0.0,0,0.0,0.0,0.0,0.0,0.0,0,0,0,0,0.0,0,0,0,0,0,0,0,0,0,0,0,0,0,0,0,0,0,0,0,0,0,0,0,0,0,0,0,0,0,0,0,0,0,0,0,0,0,0,0,0,0,0,0,0,0.0,0.0,0.0,0.0,0.0,0.0,0.0,0.0,0.0,0.0,0.0,0.0,0.0,0.0,0.0,0.0,0.0,0.0,0.0,0.0,0.0,0.0,-2.004,-2.004,-2.004,-0.0,0.0,0.0,0.0,0.0,3378.5,-3.697154027885167e+19,0.0,0.0,-0.0,-0.0,0.0,0.0,0.0,0.0,0.0,0,-0.0,-0.0,0.0,0.0,0.0,0.0,0.0,0.0,0.0,0,0,0,0.0,0.0,0.0,0.0,0.0,0.0,0.0,0.0,0.0,0.0,0.0,0.0,0.0,0.0,0.0,0.0,0,-107875648.0,0,0.0,0,-107875648.0,-107877712.0,0,13107,17039,39322,17053,39322,17037,0,0,0,110,100,100,2.7302334150594743e+23,64.0,0.0,64.9,-107615304.0,68.5,1,49,50,180,0,39322,0,0,0.0,0.0,0.0,0.0,-8.584213833000681e+18,65.0,0.0,-532730429308928.0,0.0,645,0,687,0,0,0,716,0,788,0,708,0,689,0,645,0,642,0,617,0.032,36700160.0,0.0,2.7302316136196234e+23,37008,16788,-27034884.0,0.0,33325376.0,-2147.98,-6021817303040.0,2.7387743726206976e+17,29.0,60.0,70,0.0,0.0,0.0,0.0,0.0,0.0,0.0,0.0,0.0,0.0,0.0,0.0,0.0,0.0,0.0,0.0,59.2,69,11,65508,41,65476,0,300,0,0,8,20529,65476,0,0,61604,60.0,0.0,0.0,0.0,0.0,0.0
2026-04-04T11:28:56,ERR,ERR,ERR,ERR,ERR,ERR,ERR,ERR,ERR,ERR,ERR,ERR,ERR,ERR,ERR,ERR,ERR,ERR,ERR,ERR,ERR,ERR,ERR,ERR,ERR,ERR,ERR,ERR,ERR,ERR,ERR,ERR,ERR,ERR,ERR,ERR,ERR,ERR,ERR,ERR,ERR,ERR,ERR,ERR,ERR,ERR,ERR,ERR,ERR,ERR,ERR,ERR,ERR,ERR,ERR,ERR,ERR,ERR,ERR,ERR,ERR,ERR,ERR,ERR,ERR,ERR,ERR,ERR,ERR,ERR,ERR,ERR,ERR,ERR,ERR,ERR,ERR,ERR,ERR,ERR,ERR,ERR,ERR,ERR,ERR,ERR,ERR,ERR,ERR,ERR,ERR,ERR,ERR,ERR,ERR,ERR,ERR,ERR,ERR,ERR,ERR,ERR,ERR,ERR,ERR,ERR,ERR,ERR,ERR,ERR,ERR,ERR,ERR,ERR,ERR,ERR,ERR,ERR,ERR,ERR,ERR,ERR,ERR,ERR,ERR,0.0,-0.0,-0.0,0.0,0.0,0.0,0.0,nan,0,0,0,32768,0,0.0,0,0.0,0.0,0.0,0.0,0.0,0,0,0,0,0.0,0,0,0,0,0,0,0,0,0,0,0,0,0,0,0,0,0,0,0,0,0,0,0,0,0,0,0,0,0,0,0,0,0,0,0,0,0,0,0,0,0,0,0,0,0.0,0.0,0.0,0.0,0.0,0.0,0.0,0.0,0.0,0.0,0.0,0.0,0.0,0.0,0.0,0.0,0.0,0.0,0.0,0.0,0.0,0.0,-2.004,-2.004,-2.004,-0.0,0.0,0.0,0.0,0.0,3378.5,-3.697154027885167e+19,0.0,0.0,-0.0,-0.0,0.0,0.0,0.0,0.0,0.0,0,-0.0,-0.0,0.0,0.0,0.0,0.0,0.0,0.0,0.0,0,0,0,0.0,0.0,0.0,0.0,0.0,0.0,0.0,0.0,0.0,0.0,0.0,0.0,0.0,0.0,0.0,0.0,0,-107875648.0,0,0.0,0,-107875648.0,-107877712.0,0,13107,17039,39322,17053,39322,17037,0,0,0,110,100,100,2.7302334150594743e+23,64.0,0.0,64.9,-107615304.0,68.5,1,49,50,180,0,39322,0,0,0.0,0.0,0.0,0.0,-8.584213833000681e+18,65.0,0.0,-532730429308928.0,0.0,645,0,687,0,0,0,716,0,788,0,708,0,689,0,645,0,642,0,617,0.032,36700160.0,0.0,2.7302316136196234e+23,37008,16788,-27034884.0,0.0,33325376.0,-2147.98,-6021817303040.0,2.7387743726206976e+17,29.0,60.0,70,0.0,0.0,0.0,0.0,0.0,0.0,0.0,0.0,0.0,0.0,0.0,0.0,0.0,0.0,0.0,0.0,59.2,69,11,65508,41,65476,0,300,0,0,8,20529,65476,0,0,61604,60.0,0.0,0.0,0.0,0.0,0.0
2026-04-04T11:28:57,ERR,ERR,ERR,ERR,ERR,ERR,ERR,ERR,ERR,ERR,ERR,ERR,ERR,ERR,ERR,ERR,ERR,ERR,ERR,ERR,ERR,ERR,ERR,ERR,ERR,ERR,ERR,ERR,ERR,ERR,ERR,ERR,ERR,ERR,ERR,ERR,ERR,ERR,ERR,ERR,ERR,ERR,ERR,ERR,ERR,ERR,ERR,ERR,ERR,ERR,ERR,ERR,ERR,ERR,ERR,ERR,ERR,ERR,ERR,ERR,ERR,ERR,ERR,ERR,ERR,ERR,ERR,ERR,ERR,ERR,ERR,ERR,ERR,ERR,ERR,ERR,ERR,ERR,ERR,ERR,ERR,ERR,ERR,ERR,ERR,ERR,ERR,ERR,ERR,ERR,ERR,ERR,ERR,ERR,ERR,ERR,ERR,ERR,ERR,ERR,ERR,ERR,ERR,ERR,ERR,ERR,ERR,ERR,ERR,ERR,ERR,ERR,ERR,ERR,ERR,ERR,ERR,ERR,ERR,ERR,ERR,ERR,ERR,ERR,ERR,0.0,-0.0,-0.0,0.0,0.0,0.0,0.0,nan,0,0,0,32768,0,0.0,0,0.0,0.0,0.0,0.0,0.0,0,0,0,0,0.0,0,0,0,0,0,0,0,0,0,0,0,0,0,0,0,0,0,0,0,0,0,0,0,0,0,0,0,0,0,0,0,0,0,0,0,0,0,0,0,0,0,0,0,0,0.0,0.0,0.0,0.0,0.0,0.0,0.0,0.0,0.0,0.0,0.0,0.0,0.0,0.0,0.0,0.0,0.0,0.0,0.0,0.0,0.0,0.0,-2.004,-2.004,-2.004,-0.0,0.0,0.0,0.0,0.0,3378.5,-3.697154027885167e+19,0.0,0.0,-0.0,-0.0,0.0,0.0,0.0,0.0,0.0,0,-0.0,-0.0,0.0,0.0,0.0,0.0,0.0,0.0,0.0,0,0,0,0.0,0.0,0.0,0.0,0.0,0.0,0.0,0.0,0.0,0.0,0.0,0.0,0.0,0.0,0.0,0.0,0,-107875648.0,0,0.0,0,-107875648.0,-107877712.0,0,13107,17039,39322,17053,39322,17037,0,0,0,110,100,100,2.7302334150594743e+23,64.0,0.0,64.9,-107615304.0,68.5,1,49,50,180,0,39322,0,0,0.0,0.0,0.0,0.0,-4.342027252662272e+16,65.0,0.0,1.4594319809721238e+32,0.0,645,0,687,0,0,0,716,0,788,0,709,0,689,0,645,0,642,0,616,0.032,36700160.0,2.004,-107615152.0,28048,16788,-2101408.5,1.4594319809721238e+32,-0.0,1556915290112.0,-8.45422429621039e+34,-0.0,29.0,60.0,70,0.0,0.0,0.0,0.0,0.0,0.0,0.0,0.0,0.0,0.0,0.0,0.0,0.0,0.0,0.0,0.0,59.2,69,11,65508,41,65476,0,300,0,0,8,20529,65476,0,0,61604,60.0,0.0,0.0,0.0,0.0,0.0
2026-04-04T11:28:58,ERR,ERR,ERR,ERR,ERR,ERR,ERR,ERR,ERR,ERR,ERR,ERR,ERR,ERR,ERR,ERR,ERR,ERR,ERR,ERR,ERR,ERR,ERR,ERR,ERR,ERR,ERR,ERR,ERR,ERR,ERR,ERR,ERR,ERR,ERR,ERR,ERR,ERR,ERR,ERR,ERR,ERR,ERR,ERR,ERR,ERR,ERR,ERR,ERR,ERR,ERR,ERR,ERR,ERR,ERR,ERR,ERR,ERR,ERR,ERR,ERR,ERR,ERR,ERR,ERR,ERR,ERR,ERR,ERR,ERR,ERR,ERR,ERR,ERR,ERR,ERR,ERR,ERR,ERR,ERR,ERR,ERR,ERR,ERR,ERR,ERR,ERR,ERR,ERR,ERR,ERR,ERR,ERR,ERR,ERR,ERR,ERR,ERR,ERR,ERR,ERR,ERR,ERR,ERR,ERR,ERR,ERR,ERR,ERR,ERR,ERR,ERR,ERR,ERR,ERR,ERR,ERR,ERR,ERR,ERR,ERR,ERR,ERR,ERR,ERR,0.0,-0.0,-0.0,0.0,0.0,0.0,0.0,nan,0,0,0,32768,0,0.0,0,0.0,0.0,0.0,0.0,0.0,0,0,0,0,0.0,0,0,0,0,0,0,0,0,0,0,0,0,0,0,0,0,0,0,0,0,0,0,0,0,0,0,0,0,0,0,0,0,0,0,0,0,0,0,0,0,0,0,0,0,0.0,0.0,0.0,0.0,0.0,0.0,0.0,0.0,0.0,0.0,0.0,0.0,0.0,0.0,0.0,0.0,0.0,0.0,0.0,0.0,0.0,0.0,-2.004,-2.004,-2.004,-0.0,0.0,0.0,0.0,0.0,3378.5,-3.697154027885167e+19,0.0,0.0,-0.0,-0.0,0.0,0.0,0.0,0.0,0.0,0,-0.0,-0.0,0.0,0.0,0.0,0.0,0.0,0.0,0.0,0,0,0,0.0,0.0,0.0,0.0,0.0,0.0,0.0,0.0,0.0,0.0,0.0,0.0,0.0,0.0,0.0,0.0,0,-107875648.0,0,0.0,0,-107875648.0,-107877712.0,0,13107,17039,39322,17053,39322,17037,0,0,0,110,100,100,2.7302334150594743e+23,64.0,0.0,64.9,-107615304.0,68.5,1,49,50,180,0,39322,0,0,0.0,0.0,0.0,0.0,-4.342027252662272e+16,65.0,0.0,1.4594319809721238e+32,0.0,645,0,687,0,0,0,716,0,788,0,709,0,689,0,645,0,642,0,616,0.032,36700160.0,2.004,-107615152.0,28048,16788,-2101408.5,1.4594319809721238e+32,-0.0,1556915290112.0,-8.45422429621039e+34,-0.0,29.0,60.0,70,0.0,0.0,0.0,0.0,0.0,0.0,0.0,0.0,0.0,0.0,0.0,0.0,0.0,0.0,0.0,0.0,59.2,69,11,65508,41,65476,0,300,0,0,8,20529,65476,0,0,61604,60.0,0.0,0.0,0.0,0.0,0.0
2026-04-04T11:28:59,ERR,ERR,ERR,ERR,ERR,ERR,ERR,ERR,ERR,ERR,ERR,ERR,ERR,ERR,ERR,ERR,ERR,ERR,ERR,ERR,ERR,ERR,ERR,ERR,ERR,ERR,ERR,ERR,ERR,ERR,ERR,ERR,ERR,ERR,ERR,ERR,ERR,ERR,ERR,ERR,ERR,ERR,ERR,ERR,ERR,ERR,ERR,ERR,ERR,ERR,ERR,ERR,ERR,ERR,ERR,ERR,ERR,ERR,ERR,ERR,ERR,ERR,ERR,ERR,ERR,ERR,ERR,ERR,ERR,ERR,ERR,ERR,ERR,ERR,ERR,ERR,ERR,ERR,ERR,ERR,ERR,ERR,ERR,ERR,ERR,ERR,ERR,ERR,ERR,ERR,ERR,ERR,ERR,ERR,ERR,ERR,ERR,ERR,ERR,ERR,ERR,ERR,ERR,ERR,ERR,ERR,ERR,ERR,ERR,ERR,ERR,ERR,ERR,ERR,ERR,ERR,ERR,ERR,ERR,ERR,ERR,ERR,ERR,ERR,ERR,0.0,-0.0,-0.0,0.0,0.0,0.0,0.0,nan,0,0,0,32768,0,0.0,0,0.0,0.0,0.0,0.0,0.0,0,0,0,0,0.0,0,0,0,0,0,0,0,0,0,0,0,0,0,0,0,0,0,0,0,0,0,0,0,0,0,0,0,0,0,0,0,0,0,0,0,0,0,0,0,0,0,0,0,0,0.0,0.0,0.0,0.0,0.0,0.0,0.0,0.0,0.0,0.0,0.0,0.0,0.0,0.0,0.0,0.0,0.0,0.0,0.0,0.0,0.0,0.0,-2.004,-2.004,-2.004,-0.0,0.0,0.0,0.0,0.0,3378.5,-3.697154027885167e+19,0.0,0.0,-0.0,-0.0,0.0,0.0,0.0,0.0,0.0,0,-0.0,-0.0,0.0,0.0,0.0,0.0,0.0,0.0,0.0,0,0,0,0.0,0.0,0.0,0.0,0.0,0.0,0.0,0.0,0.0,0.0,0.0,0.0,0.0,0.0,0.0,0.0,0,-107875648.0,0,0.0,0,-107875648.0,-107877712.0,0,13107,17039,39322,17053,39322,17037,0,0,0,110,100,100,2.7302334150594743e+23,64.0,0.0,64.9,-107615304.0,68.5,1,49,50,180,0,39322,0,0,0.0,0.0,0.0,0.0,-4.342027252662272e+16,65.0,0.0,1.4594319809721238e+32,0.0,645,0,687,0,0,0,716,0,788,0,709,0,689,0,645,0,642,0,616,0.032,36700160.0,2.004,-107615152.0,28048,16788,-2101408.5,1.4594319809721238e+32,-0.0,1556915290112.0,-8.45422429621039e+34,-0.0,29.0,60.0,70,0.0,0.0,0.0,0.0,0.0,0.0,0.0,0.0,0.0,0.0,0.0,0.0,0.0,0.0,0.0,0.0,59.2,69,11,65508,41,65476,0,300,0,0,8,20529,65476,0,0,61604,60.0,0.0,0.0,0.0,0.0,0.0
2026-04-04T11:29:00,ERR,ERR,ERR,ERR,ERR,ERR,ERR,ERR,ERR,ERR,ERR,ERR,ERR,ERR,ERR,ERR,ERR,ERR,ERR,ERR,ERR,ERR,ERR,ERR,ERR,ERR,ERR,ERR,ERR,ERR,ERR,ERR,ERR,ERR,ERR,ERR,ERR,ERR,ERR,ERR,ERR,ERR,ERR,ERR,ERR,ERR,ERR,ERR,ERR,ERR,ERR,ERR,ERR,ERR,ERR,ERR,ERR,ERR,ERR,ERR,ERR,ERR,ERR,ERR,ERR,ERR,ERR,ERR,ERR,ERR,ERR,ERR,ERR,ERR,ERR,ERR,ERR,ERR,ERR,ERR,ERR,ERR,ERR,ERR,ERR,ERR,ERR,ERR,ERR,ERR,ERR,ERR,ERR,ERR,ERR,ERR,ERR,ERR,ERR,ERR,ERR,ERR,ERR,ERR,ERR,ERR,ERR,ERR,ERR,ERR,ERR,ERR,ERR,ERR,ERR,ERR,ERR,ERR,ERR,ERR,ERR,ERR,ERR,ERR,ERR,0.0,-0.0,-0.0,0.0,0.0,0.0,0.0,nan,0,0,0,32768,0,0.0,0,0.0,0.0,0.0,0.0,0.0,0,0,0,0,0.0,0,0,0,0,0,0,0,0,0,0,0,0,0,0,0,0,0,0,0,0,0,0,0,0,0,0,0,0,0,0,0,0,0,0,0,0,0,0,0,0,0,0,0,0,0.0,0.0,0.0,0.0,0.0,0.0,0.0,0.0,0.0,0.0,0.0,0.0,0.0,0.0,0.0,0.0,0.0,0.0,0.0,0.0,0.0,0.0,-2.004,-2.004,-2.004,-0.0,0.0,0.0,0.0,0.0,3378.5,-3.697154027885167e+19,0.0,0.0,-0.0,-0.0,0.0,0.0,0.0,0.0,0.0,0,-0.0,-0.0,0.0,0.0,0.0,0.0,0.0,0.0,0.0,0,0,0,0.0,0.0,0.0,0.0,0.0,0.0,0.0,0.0,0.0,0.0,0.0,0.0,0.0,0.0,0.0,0.0,0,-107875648.0,0,0.0,0,-107875648.0,-107877712.0,0,13107,17039,39322,17053,39322,17037,0,0,0,110,100,100,2.7302334150594743e+23,64.0,0.0,64.9,-107615304.0,68.5,1,49,50,180,0,39322,0,0,0.0,0.0,0.0,0.0,-4.342027252662272e+16,65.0,0.0,1.4594319809721238e+32,0.0,645,0,687,0,0,0,716,0,788,0,709,0,689,0,645,0,642,0,616,0.032,36700160.0,2.004,-107615152.0,28048,16788,-2101408.5,1.4594319809721238e+32,-0.0,1556915290112.0,-8.45422429621039e+34,-0.0,29.0,60.0,70,0.0,0.0,0.0,0.0,0.0,0.0,0.0,0.0,0.0,0.0,0.0,0.0,0.0,0.0,0.0,0.0,59.2,69,11,65508,41,65476,0,300,0,0,8,20529,65476,0,0,61604,60.0,0.0,0.0,0.0,0.0,0.0
2026-04-04T11:29:01,ERR,ERR,ERR,ERR,ERR,ERR,ERR,ERR,ERR,ERR,ERR,ERR,ERR,ERR,ERR,ERR,ERR,ERR,ERR,ERR,ERR,ERR,ERR,ERR,ERR,ERR,ERR,ERR,ERR,ERR,ERR,ERR,ERR,ERR,ERR,ERR,ERR,ERR,ERR,ERR,ERR,ERR,ERR,ERR,ERR,ERR,ERR,ERR,ERR,ERR,ERR,ERR,ERR,ERR,ERR,ERR,ERR,ERR,ERR,ERR,ERR,ERR,ERR,ERR,ERR,ERR,ERR,ERR,ERR,ERR,ERR,ERR,ERR,ERR,ERR,ERR,ERR,ERR,ERR,ERR,ERR,ERR,ERR,ERR,ERR,ERR,ERR,ERR,ERR,ERR,ERR,ERR,ERR,ERR,ERR,ERR,ERR,ERR,ERR,ERR,ERR,ERR,ERR,ERR,ERR,ERR,ERR,ERR,ERR,ERR,ERR,ERR,ERR,ERR,ERR,ERR,ERR,ERR,ERR,ERR,ERR,ERR,ERR,ERR,ERR,0.0,-0.0,-0.0,0.0,0.0,0.0,0.0,nan,0,0,0,32768,0,0.0,0,0.0,0.0,0.0,0.0,0.0,0,0,0,0,0.0,0,0,0,0,0,0,0,0,0,0,0,0,0,0,0,0,0,0,0,0,0,0,0,0,0,0,0,0,0,0,0,0,0,0,0,0,0,0,0,0,0,0,0,0,0.0,0.0,0.0,0.0,0.0,0.0,0.0,0.0,0.0,0.0,0.0,0.0,0.0,0.0,0.0,0.0,0.0,0.0,0.0,0.0,0.0,0.0,-2.004,-2.004,-2.004,-0.0,0.0,0.0,0.0,0.0,3378.5,-3.697154027885167e+19,0.0,0.0,-0.0,-0.0,0.0,0.0,0.0,0.0,0.0,0,-0.0,-0.0,0.0,0.0,0.0,0.0,0.0,0.0,0.0,0,0,0,0.0,0.0,0.0,0.0,0.0,0.0,0.0,0.0,0.0,0.0,0.0,0.0,0.0,0.0,0.0,0.0,0,-107875648.0,0,0.0,0,-107875648.0,-107877712.0,0,13107,17039,39322,17053,39322,17037,0,0,0,110,100,100,2.7302334150594743e+23,64.0,0.0,64.9,-107615304.0,68.5,1,49,50,180,0,39322,0,0,0.0,0.0,0.0,0.0,-4.342027252662272e+16,65.0,0.0,1.4594319809721238e+32,0.0,645,0,687,0,0,0,716,0,788,0,709,0,689,0,645,0,642,0,616,0.032,36700160.0,2.004,-107615152.0,28048,16788,-2101408.5,1.4594319809721238e+32,-0.0,1556915290112.0,-8.45422429621039e+34,-0.0,29.0,60.0,70,0.0,0.0,0.0,0.0,0.0,0.0,0.0,0.0,0.0,0.0,0.0,0.0,0.0,0.0,0.0,0.0,59.2,69,11,65508,41,65476,0,300,0,0,8,20529,65476,0,0,61604,60.0,0.0,0.0,0.0,0.0,0.0
2026-04-04T11:29:02,ERR,ERR,ERR,ERR,ERR,ERR,ERR,ERR,ERR,ERR,ERR,ERR,ERR,ERR,ERR,ERR,ERR,ERR,ERR,ERR,ERR,ERR,ERR,ERR,ERR,ERR,ERR,ERR,ERR,ERR,ERR,ERR,ERR,ERR,ERR,ERR,ERR,ERR,ERR,ERR,ERR,ERR,ERR,ERR,ERR,ERR,ERR,ERR,ERR,ERR,ERR,ERR,ERR,ERR,ERR,ERR,ERR,ERR,ERR,ERR,ERR,ERR,ERR,ERR,ERR,ERR,ERR,ERR,ERR,ERR,ERR,ERR,ERR,ERR,ERR,ERR,ERR,ERR,ERR,ERR,ERR,ERR,ERR,ERR,ERR,ERR,ERR,ERR,ERR,ERR,ERR,ERR,ERR,ERR,ERR,ERR,ERR,ERR,ERR,ERR,ERR,ERR,ERR,ERR,ERR,ERR,ERR,ERR,ERR,ERR,ERR,ERR,ERR,ERR,ERR,ERR,ERR,ERR,ERR,ERR,ERR,ERR,ERR,ERR,ERR,0.0,-0.0,-0.0,0.0,0.0,0.0,0.0,nan,0,0,0,32768,0,0.0,0,0.0,0.0,0.0,0.0,0.0,0,0,0,0,0.0,0,0,0,0,0,0,0,0,0,0,0,0,0,0,0,0,0,0,0,0,0,0,0,0,0,0,0,0,0,0,0,0,0,0,0,0,0,0,0,0,0,0,0,0,0.0,0.0,0.0,0.0,0.0,0.0,0.0,0.0,0.0,0.0,0.0,0.0,0.0,0.0,0.0,0.0,0.0,0.0,0.0,0.0,0.0,0.0,-2.004,-2.004,-2.004,-0.0,0.0,0.0,0.0,0.0,3378.5,-3.697154027885167e+19,0.0,0.0,-0.0,-0.0,0.0,0.0,0.0,0.0,0.0,0,-0.0,-0.0,0.0,0.0,0.0,0.0,0.0,0.0,0.0,0,0,0,0.0,0.0,0.0,0.0,0.0,0.0,0.0,0.0,0.0,0.0,0.0,0.0,0.0,0.0,0.0,0.0,0,-107875648.0,0,0.0,0,-107875648.0,-107877712.0,0,13107,17039,39322,17053,39322,17037,0,0,0,110,100,100,2.7302334150594743e+23,64.0,0.0,64.9,-107615304.0,68.5,1,49,50,180,0,39322,0,0,0.0,0.0,0.0,0.0,-4.342027252662272e+16,65.0,0.0,1.4594319809721238e+32,0.0,645,0,687,0,0,0,716,0,788,0,709,0,689,0,645,0,642,0,616,0.032,36700160.0,2.004,-107615152.0,28048,16788,-2101408.5,1.4594319809721238e+32,-0.0,1556915290112.0,-8.45422429621039e+34,-0.0,29.0,60.0,70,0.0,0.0,0.0,0.0,0.0,0.0,0.0,0.0,0.0,0.0,0.0,0.0,0.0,0.0,0.0,0.0,59.2,69,11,65508,41,65476,0,300,0,0,8,20529,65476,0,0,61604,60.0,0.0,0.0,0.0,0.0,0.0
2026-04-04T11:29:03,ERR,ERR,ERR,ERR,ERR,ERR,ERR,ERR,ERR,ERR,ERR,ERR,ERR,ERR,ERR,ERR,ERR,ERR,ERR,ERR,ERR,ERR,ERR,ERR,ERR,ERR,ERR,ERR,ERR,ERR,ERR,ERR,ERR,ERR,ERR,ERR,ERR,ERR,ERR,ERR,ERR,ERR,ERR,ERR,ERR,ERR,ERR,ERR,ERR,ERR,ERR,ERR,ERR,ERR,ERR,ERR,ERR,ERR,ERR,ERR,ERR,ERR,ERR,ERR,ERR,ERR,ERR,ERR,ERR,ERR,ERR,ERR,ERR,ERR,ERR,ERR,ERR,ERR,ERR,ERR,ERR,ERR,ERR,ERR,ERR,ERR,ERR,ERR,ERR,ERR,ERR,ERR,ERR,ERR,ERR,ERR,ERR,ERR,ERR,ERR,ERR,ERR,ERR,ERR,ERR,ERR,ERR,ERR,ERR,ERR,ERR,ERR,ERR,ERR,ERR,ERR,ERR,ERR,ERR,ERR,ERR,ERR,ERR,ERR,ERR,0.0,-0.0,-0.0,0.0,0.0,0.0,0.0,nan,0,0,0,32768,0,0.0,0,0.0,0.0,0.0,0.0,0.0,0,0,0,0,0.0,0,0,0,0,0,0,0,0,0,0,0,0,0,0,0,0,0,0,0,0,0,0,0,0,0,0,0,0,0,0,0,0,0,0,0,0,0,0,0,0,0,0,0,0,0.0,0.0,0.0,0.0,0.0,0.0,0.0,0.0,0.0,0.0,0.0,0.0,0.0,0.0,0.0,0.0,0.0,0.0,0.0,0.0,0.0,0.0,-2.004,-2.004,-2.004,-0.0,0.0,0.0,0.0,0.0,3377.5,-8608107520.0,0.0,0.0,-0.0,-0.0,0.0,0.0,0.0,0.0,0.0,0,-0.0,2.7184057014301037e+23,0.0,0.0,0.0,0.0,0.0,0.0,0.0,0,0,0,0.0,0.0,0.0,0.0,0.0,0.0,0.0,0.0,0.0,0.0,0.0,0.0,0.0,0.0,0.0,0.0,0,-107875648.0,0,0.0,0,-107875648.0,-107877712.0,0,13107,17039,39322,17053,52429,17037,0,0,0,110,100,100,2.7302334150594743e+23,64.0,0.0,64.9,-107615304.0,68.5,1,49,50,180,0,26215,0,0,0.0,0.0,0.0,0.0,-28.907,65.0,0.0,0.003,0.0,645,0,688,0,0,0,716,0,788,0,709,0,689,0,645,0,642,0,617,0.032,36962304.0,2.004,-107615152.0,30992,16788,-175384608.0,0.003,1.4703707855015517e+26,0.0,-3.423865868106468e+24,1.4324657590110523e+33,29.0,60.0,70,0.0,0.0,0.0,0.0,0.0,0.0,0.0,0.0,0.0,0.0,0.0,0.0,0.0,0.0,0.0,0.0,59.2,69,11,65508,41,65476,0,300,0,0,8,20529,65476,0,0,61604,60.0,0.0,0.0,0.0,0.0,0.0
2026-04-04T11:29:04,ERR,ERR,ERR,ERR,ERR,ERR,ERR,ERR,ERR,ERR,ERR,ERR,ERR,ERR,ERR,ERR,ERR,ERR,ERR,ERR,ERR,ERR,ERR,ERR,ERR,ERR,ERR,ERR,ERR,ERR,ERR,ERR,ERR,ERR,ERR,ERR,ERR,ERR,ERR,ERR,ERR,ERR,ERR,ERR,ERR,ERR,ERR,ERR,ERR,ERR,ERR,ERR,ERR,ERR,ERR,ERR,ERR,ERR,ERR,ERR,ERR,ERR,ERR,ERR,ERR,ERR,ERR,ERR,ERR,ERR,ERR,ERR,ERR,ERR,ERR,ERR,ERR,ERR,ERR,ERR,ERR,ERR,ERR,ERR,ERR,ERR,ERR,ERR,ERR,ERR,ERR,ERR,ERR,ERR,ERR,ERR,ERR,ERR,ERR,ERR,ERR,ERR,ERR,ERR,ERR,ERR,ERR,ERR,ERR,ERR,ERR,ERR,ERR,ERR,ERR,ERR,ERR,ERR,ERR,ERR,ERR,ERR,ERR,ERR,ERR,0.0,-0.0,-0.0,0.0,0.0,0.0,0.0,nan,0,0,0,32768,0,0.0,0,0.0,0.0,0.0,0.0,0.0,0,0,0,0,0.0,0,0,0,0,0,0,0,0,0,0,0,0,0,0,0,0,0,0,0,0,0,0,0,0,0,0,0,0,0,0,0,0,0,0,0,0,0,0,0,0,0,0,0,0,0.0,0.0,0.0,0.0,0.0,0.0,0.0,0.0,0.0,0.0,0.0,0.0,0.0,0.0,0.0,0.0,0.0,0.0,0.0,0.0,0.0,0.0,-2.004,-2.004,-2.004,-0.0,0.0,0.0,0.0,0.0,3377.5,-8608107520.0,0.0,0.0,-0.0,-0.0,0.0,0.0,0.0,0.0,0.0,0,-0.0,2.7184057014301037e+23,0.0,0.0,0.0,0.0,0.0,0.0,0.0,0,0,0,0.0,0.0,0.0,0.0,0.0,0.0,0.0,0.0,0.0,0.0,0.0,0.0,0.0,0.0,0.0,0.0,0,-107875648.0,0,0.0,0,-107875648.0,-107877712.0,0,13107,17039,39322,17053,52429,17037,0,0,0,110,100,100,2.7302334150594743e+23,64.0,0.0,64.9,-107615304.0,68.5,1,49,50,180,0,26215,0,0,0.0,0.0,0.0,0.0,-28.907,65.0,0.0,0.003,0.0,645,0,688,0,0,0,716,0,788,0,709,0,689,0,645,0,642,0,617,0.032,36962304.0,2.004,-107615152.0,30992,16788,-175384608.0,0.003,1.4703707855015517e+26,0.0,-3.423865868106468e+24,1.4324657590110523e+33,29.0,60.0,70,0.0,0.0,0.0,0.0,0.0,0.0,0.0,0.0,0.0,0.0,0.0,0.0,0.0,0.0,0.0,0.0,59.2,69,11,65508,41,65476,0,300,0,0,8,20529,65476,0,0,61604,60.0,0.0,0.0,0.0,0.0,0.0
2026-04-04T11:29:05,ERR,ERR,ERR,ERR,ERR,ERR,ERR,ERR,ERR,ERR,ERR,ERR,ERR,ERR,ERR,ERR,ERR,ERR,ERR,ERR,ERR,ERR,ERR,ERR,ERR,ERR,ERR,ERR,ERR,ERR,ERR,ERR,ERR,ERR,ERR,ERR,ERR,ERR,ERR,ERR,ERR,ERR,ERR,ERR,ERR,ERR,ERR,ERR,ERR,ERR,ERR,ERR,ERR,ERR,ERR,ERR,ERR,ERR,ERR,ERR,ERR,ERR,ERR,ERR,ERR,ERR,ERR,ERR,ERR,ERR,ERR,ERR,ERR,ERR,ERR,ERR,ERR,ERR,ERR,ERR,ERR,ERR,ERR,ERR,ERR,ERR,ERR,ERR,ERR,ERR,ERR,ERR,ERR,ERR,ERR,ERR,ERR,ERR,ERR,ERR,ERR,ERR,ERR,ERR,ERR,ERR,ERR,ERR,ERR,ERR,ERR,ERR,ERR,ERR,ERR,ERR,ERR,ERR,ERR,ERR,ERR,ERR,ERR,ERR,ERR,0.0,-0.0,-0.0,0.0,0.0,0.0,0.0,nan,0,0,0,32768,0,0.0,0,0.0,0.0,0.0,0.0,0.0,0,0,0,0,0.0,0,0,0,0,0,0,0,0,0,0,0,0,0,0,0,0,0,0,0,0,0,0,0,0,0,0,0,0,0,0,0,0,0,0,0,0,0,0,0,0,0,0,0,0,0.0,0.0,0.0,0.0,0.0,0.0,0.0,0.0,0.0,0.0,0.0,0.0,0.0,0.0,0.0,0.0,0.0,0.0,0.0,0.0,0.0,0.0,-2.004,-2.004,-2.004,-0.0,0.0,0.0,0.0,0.0,3377.5,-8608107520.0,0.0,0.0,-0.0,-0.0,0.0,0.0,0.0,0.0,0.0,0,-0.0,2.7184057014301037e+23,0.0,0.0,0.0,0.0,0.0,0.0,0.0,0,0,0,0.0,0.0,0.0,0.0,0.0,0.0,0.0,0.0,0.0,0.0,0.0,0.0,0.0,0.0,0.0,0.0,0,-107875648.0,0,0.0,0,-107875648.0,-107877712.0,0,13107,17039,39322,17053,52429,17037,0,0,0,110,100,100,2.7302334150594743e+23,64.0,0.0,64.9,-107615304.0,68.5,1,49,50,180,0,26215,0,0,0.0,0.0,0.0,0.0,-28.907,65.0,0.0,0.003,0.0,645,0,688,0,0,0,716,0,788,0,709,0,689,0,645,0,642,0,617,0.032,36962304.0,2.004,-107615152.0,30992,16788,-175384608.0,0.003,1.4703707855015517e+26,0.0,-3.423865868106468e+24,1.4324657590110523e+33,29.0,60.0,70,0.0,0.0,0.0,0.0,0.0,0.0,0.0,0.0,0.0,0.0,0.0,0.0,0.0,0.0,0.0,0.0,59.2,69,11,65508,41,65476,0,300,0,0,8,20529,65476,0,0,61604,60.0,0.0,0.0,0.0,0.0,0.0
2026-04-04T11:29:06,ERR,ERR,ERR,ERR,ERR,ERR,ERR,ERR,ERR,ERR,ERR,ERR,ERR,ERR,ERR,ERR,ERR,ERR,ERR,ERR,ERR,ERR,ERR,ERR,ERR,ERR,ERR,ERR,ERR,ERR,ERR,ERR,ERR,ERR,ERR,ERR,ERR,ERR,ERR,ERR,ERR,ERR,ERR,ERR,ERR,ERR,ERR,ERR,ERR,ERR,ERR,ERR,ERR,ERR,ERR,ERR,ERR,ERR,ERR,ERR,ERR,ERR,ERR,ERR,ERR,ERR,ERR,ERR,ERR,ERR,ERR,ERR,ERR,ERR,ERR,ERR,ERR,ERR,ERR,ERR,ERR,ERR,ERR,ERR,ERR,ERR,ERR,ERR,ERR,ERR,ERR,ERR,ERR,ERR,ERR,ERR,ERR,ERR,ERR,ERR,ERR,ERR,ERR,ERR,ERR,ERR,ERR,ERR,ERR,ERR,ERR,ERR,ERR,ERR,ERR,ERR,ERR,ERR,ERR,ERR,ERR,ERR,ERR,ERR,ERR,0.0,-0.0,-0.0,0.0,0.0,0.0,0.0,nan,0,0,0,32768,0,0.0,0,0.0,0.0,0.0,0.0,0.0,0,0,0,0,0.0,0,0,0,0,0,0,0,0,0,0,0,0,0,0,0,0,0,0,0,0,0,0,0,0,0,0,0,0,0,0,0,0,0,0,0,0,0,0,0,0,0,0,0,0,0.0,0.0,0.0,0.0,0.0,0.0,0.0,0.0,0.0,0.0,0.0,0.0,0.0,0.0,0.0,0.0,0.0,0.0,0.0,0.0,0.0,0.0,-2.004,-2.004,-2.004,-0.0,0.0,0.0,0.0,0.0,3377.5,-8608107520.0,0.0,0.0,-0.0,-0.0,0.0,0.0,0.0,0.0,0.0,0,-0.0,2.7184057014301037e+23,0.0,0.0,0.0,0.0,0.0,0.0,0.0,0,0,0,0.0,0.0,0.0,0.0,0.0,0.0,0.0,0.0,0.0,0.0,0.0,0.0,0.0,0.0,0.0,0.0,0,-107875648.0,0,0.0,0,-107875648.0,-107877712.0,0,13107,17039,39322,17053,52429,17037,0,0,0,110,100,100,2.7302334150594743e+23,64.0,0.0,64.9,-107615304.0,68.5,1,49,50,180,0,26215,0,0,0.0,0.0,0.0,0.0,-28.907,65.0,0.0,0.003,0.0,645,0,688,0,0,0,716,0,788,0,709,0,689,0,645,0,642,0,617,0.032,36962304.0,2.004,-107615152.0,30992,16788,-175384608.0,0.003,1.4703707855015517e+26,0.0,-3.423865868106468e+24,1.4324657590110523e+33,29.0,60.0,70,0.0,0.0,0.0,0.0,0.0,0.0,0.0,0.0,0.0,0.0,0.0,0.0,0.0,0.0,0.0,0.0,59.2,69,11,65508,41,65476,0,300,0,0,8,20529,65476,0,0,61604,60.0,0.0,0.0,0.0,0.0,0.0
2026-04-04T11:29:07,ERR,ERR,ERR,ERR,ERR,ERR,ERR,ERR,ERR,ERR,ERR,ERR,ERR,ERR,ERR,ERR,ERR,ERR,ERR,ERR,ERR,ERR,ERR,ERR,ERR,ERR,ERR,ERR,ERR,ERR,ERR,ERR,ERR,ERR,ERR,ERR,ERR,ERR,ERR,ERR,ERR,ERR,ERR,ERR,ERR,ERR,ERR,ERR,ERR,ERR,ERR,ERR,ERR,ERR,ERR,ERR,ERR,ERR,ERR,ERR,ERR,ERR,ERR,ERR,ERR,ERR,ERR,ERR,ERR,ERR,ERR,ERR,ERR,ERR,ERR,ERR,ERR,ERR,ERR,ERR,ERR,ERR,ERR,ERR,ERR,ERR,ERR,ERR,ERR,ERR,ERR,ERR,ERR,ERR,ERR,ERR,ERR,ERR,ERR,ERR,ERR,ERR,ERR,ERR,ERR,ERR,ERR,ERR,ERR,ERR,ERR,ERR,ERR,ERR,ERR,ERR,ERR,ERR,ERR,ERR,ERR,ERR,ERR,ERR,ERR,0.0,-0.0,-0.0,0.0,0.0,0.0,0.0,nan,0,0,0,32768,0,0.0,0,0.0,0.0,0.0,0.0,0.0,0,0,0,0,0.0,0,0,0,0,0,0,0,0,0,0,0,0,0,0,0,0,0,0,0,0,0,0,0,0,0,0,0,0,0,0,0,0,0,0,0,0,0,0,0,0,0,0,0,0,0.0,0.0,0.0,0.0,0.0,0.0,0.0,0.0,0.0,0.0,0.0,0.0,0.0,0.0,0.0,0.0,0.0,0.0,0.0,0.0,0.0,0.0,-2.004,-2.004,-2.004,-0.0,0.0,0.0,0.0,0.0,3377.5,-8608107520.0,0.0,0.0,-0.0,-0.0,0.0,0.0,0.0,0.0,0.0,0,-0.0,2.7184057014301037e+23,0.0,0.0,0.0,0.0,0.0,0.0,0.0,0,0,0,0.0,0.0,0.0,0.0,0.0,0.0,0.0,0.0,0.0,0.0,0.0,0.0,0.0,0.0,0.0,0.0,0,-107875648.0,0,0.0,0,-107875648.0,-107877712.0,0,13107,17039,39322,17053,52429,17037,0,0,0,110,100,100,2.7302334150594743e+23,64.0,0.0,64.9,-107615304.0,68.5,1,49,50,180,0,26215,0,0,0.0,0.0,0.0,0.0,-28.907,65.0,0.0,0.003,0.0,645,0,688,0,0,0,716,0,788,0,709,0,689,0,645,0,642,0,617,0.032,36962304.0,2.004,-107615152.0,30992,16788,-175384608.0,0.003,1.4703707855015517e+26,0.0,-3.423865868106468e+24,1.4324657590110523e+33,29.0,60.0,70,0.0,0.0,0.0,0.0,0.0,0.0,0.0,0.0,0.0,0.0,0.0,0.0,0.0,0.0,0.0,0.0,59.2,69,11,65508,41,65476,0,300,0,0,8,20529,65476,0,0,61604,60.0,0.0,0.0,0.0,0.0,0.0
2026-04-04T11:29:08,ERR,ERR,ERR,ERR,ERR,ERR,ERR,ERR,ERR,ERR,ERR,ERR,ERR,ERR,ERR,ERR,ERR,ERR,ERR,ERR,ERR,ERR,ERR,ERR,ERR,ERR,ERR,ERR,ERR,ERR,ERR,ERR,ERR,ERR,ERR,ERR,ERR,ERR,ERR,ERR,ERR,ERR,ERR,ERR,ERR,ERR,ERR,ERR,ERR,ERR,ERR,ERR,ERR,ERR,ERR,ERR,ERR,ERR,ERR,ERR,ERR,ERR,ERR,ERR,ERR,ERR,ERR,ERR,ERR,ERR,ERR,ERR,ERR,ERR,ERR,ERR,ERR,ERR,ERR,ERR,ERR,ERR,ERR,ERR,ERR,ERR,ERR,ERR,ERR,ERR,ERR,ERR,ERR,ERR,ERR,ERR,ERR,ERR,ERR,ERR,ERR,ERR,ERR,ERR,ERR,ERR,ERR,ERR,ERR,ERR,ERR,ERR,ERR,ERR,ERR,ERR,ERR,ERR,ERR,ERR,ERR,ERR,ERR,ERR,ERR,0.0,-0.0,-0.0,0.0,0.0,0.0,0.0,nan,0,0,0,32768,0,0.0,0,0.0,0.0,0.0,0.0,0.0,0,0,0,0,0.0,0,0,0,0,0,0,0,0,0,0,0,0,0,0,0,0,0,0,0,0,0,0,0,0,0,0,0,0,0,0,0,0,0,0,0,0,0,0,0,0,0,0,0,0,0.0,0.0,0.0,0.0,0.0,0.0,0.0,0.0,0.0,0.0,0.0,0.0,0.0,0.0,0.0,0.0,0.0,0.0,0.0,0.0,0.0,0.0,-2.004,-2.004,-2.004,-0.0,0.0,0.0,0.0,0.0,3377.5,-8608107520.0,0.0,0.0,-0.0,-0.0,0.0,0.0,0.0,0.0,0.0,0,-0.0,2.7184057014301037e+23,0.0,0.0,0.0,0.0,0.0,0.0,0.0,0,0,0,0.0,0.0,0.0,0.0,0.0,0.0,0.0,0.0,0.0,0.0,0.0,0.0,0.0,0.0,0.0,0.0,0,-107875648.0,0,0.0,0,-107875648.0,-107877712.0,0,13107,17039,39322,17053,52429,17037,0,0,0,110,100,100,2.7302334150594743e+23,64.0,0.0,64.9,-107615304.0,68.5,1,49,50,180,0,26215,0,0,0.0,0.0,0.0,0.0,-28.907,65.0,0.0,0.003,0.0,645,0,688,0,0,0,716,0,788,0,709,0,689,0,645,0,642,0,617,0.032,36962304.0,2.004,-107615152.0,30992,16788,-175384608.0,0.003,1.4703707855015517e+26,0.0,-3.423865868106468e+24,1.4324657590110523e+33,29.0,60.0,70,0.0,0.0,0.0,0.0,0.0,0.0,0.0,0.0,0.0,0.0,0.0,0.0,0.0,0.0,0.0,0.0,59.2,69,11,65508,41,65476,0,300,0,0,8,20529,65476,0,0,61604,60.0,0.0,0.0,0.0,0.0,0.0
2026-04-04T11:29:09,ERR,ERR,ERR,ERR,ERR,ERR,ERR,ERR,ERR,ERR,ERR,ERR,ERR,ERR,ERR,ERR,ERR,ERR,ERR,ERR,ERR,ERR,ERR,ERR,ERR,ERR,ERR,ERR,ERR,ERR,ERR,ERR,ERR,ERR,ERR,ERR,ERR,ERR,ERR,ERR,ERR,ERR,ERR,ERR,ERR,ERR,ERR,ERR,ERR,ERR,ERR,ERR,ERR,ERR,ERR,ERR,ERR,ERR,ERR,ERR,ERR,ERR,ERR,ERR,ERR,ERR,ERR,ERR,ERR,ERR,ERR,ERR,ERR,ERR,ERR,ERR,ERR,ERR,ERR,ERR,ERR,ERR,ERR,ERR,ERR,ERR,ERR,ERR,ERR,ERR,ERR,ERR,ERR,ERR,ERR,ERR,ERR,ERR,ERR,ERR,ERR,ERR,ERR,ERR,ERR,ERR,ERR,ERR,ERR,ERR,ERR,ERR,ERR,ERR,ERR,ERR,ERR,ERR,ERR,ERR,ERR,ERR,ERR,ERR,ERR,0.0,-0.0,-0.0,0.0,0.0,0.0,0.0,nan,0,0,0,32768,0,0.0,0,0.0,0.0,0.0,0.0,0.0,0,0,0,0,0.0,0,0,0,0,0,0,0,0,0,0,0,0,0,0,0,0,0,0,0,0,0,0,0,0,0,0,0,0,0,0,0,0,0,0,0,0,0,0,0,0,0,0,0,0,0.0,0.0,0.0,0.0,0.0,0.0,0.0,0.0,0.0,0.0,0.0,0.0,0.0,0.0,0.0,0.0,0.0,0.0,0.0,0.0,0.0,0.0,-2.004,-2.004,-2.004,-0.0,0.0,0.0,0.0,0.0,3377.5,-8608107520.0,0.0,0.0,-0.0,-0.0,0.0,0.0,0.0,0.0,0.0,0,-0.0,2.7184057014301037e+23,0.0,0.0,0.0,0.0,0.0,0.0,0.0,0,0,0,0.0,0.0,0.0,0.0,0.0,0.0,0.0,0.0,0.0,0.0,0.0,0.0,0.0,0.0,0.0,0.0,0,-107875648.0,0,0.0,0,-107875648.0,-107877712.0,0,13107,17039,39322,17053,52429,17037,0,0,0,110,100,100,2.7302334150594743e+23,64.0,0.0,64.9,-107615304.0,68.5,1,49,50,180,0,39322,0,0,0.0,0.0,0.0,0.0,-897.039,65.0,0.0,-8.53850714832779e+25,0.0,645,0,687,0,0,0,716,0,788,0,709,0,689,0,645,0,642,0,617,0.032,36700160.0,0.0,2.7302316136196234e+23,31632,16788,-323506240.0,-8.53850714832779e+25,0.0,-2.1589473603450976e+31,-471568.281,96076840.0,29.0,60.0,70,0.0,0.0,0.0,0.0,0.0,0.0,0.0,0.0,0.0,0.0,0.0,0.0,0.0,0.0,0.0,0.0,59.2,69,11,65508,41,65476,0,300,0,0,8,20529,65476,0,0,61604,60.0,0.0,0.0,0.0,0.0,0.0
2026-04-04T11:29:10,ERR,ERR,ERR,ERR,ERR,ERR,ERR,ERR,ERR,ERR,ERR,ERR,ERR,ERR,ERR,ERR,ERR,ERR,ERR,ERR,ERR,ERR,ERR,ERR,ERR,ERR,ERR,ERR,ERR,ERR,ERR,ERR,ERR,ERR,ERR,ERR,ERR,ERR,ERR,ERR,ERR,ERR,ERR,ERR,ERR,ERR,ERR,ERR,ERR,ERR,ERR,ERR,ERR,ERR,ERR,ERR,ERR,ERR,ERR,ERR,ERR,ERR,ERR,ERR,ERR,ERR,ERR,ERR,ERR,ERR,ERR,ERR,ERR,ERR,ERR,ERR,ERR,ERR,ERR,ERR,ERR,ERR,ERR,ERR,ERR,ERR,ERR,ERR,ERR,ERR,ERR,ERR,ERR,ERR,ERR,ERR,ERR,ERR,ERR,ERR,ERR,ERR,ERR,ERR,ERR,ERR,ERR,ERR,ERR,ERR,ERR,ERR,ERR,ERR,ERR,ERR,ERR,ERR,ERR,ERR,ERR,ERR,ERR,ERR,ERR,0.0,-0.0,-0.0,0.0,0.0,0.0,0.0,nan,0,0,0,32768,0,0.0,0,0.0,0.0,0.0,0.0,0.0,0,0,0,0,0.0,0,0,0,0,0,0,0,0,0,0,0,0,0,0,0,0,0,0,0,0,0,0,0,0,0,0,0,0,0,0,0,0,0,0,0,0,0,0,0,0,0,0,0,0,0.0,0.0,0.0,0.0,0.0,0.0,0.0,0.0,0.0,0.0,0.0,0.0,0.0,0.0,0.0,0.0,0.0,0.0,0.0,0.0,0.0,0.0,-2.004,-2.004,-2.004,-0.0,0.0,0.0,0.0,0.0,3377.5,-8608107520.0,0.0,0.0,-0.0,-0.0,0.0,0.0,0.0,0.0,0.0,0,-0.0,2.7184057014301037e+23,0.0,0.0,0.0,0.0,0.0,0.0,0.0,0,0,0,0.0,0.0,0.0,0.0,0.0,0.0,0.0,0.0,0.0,0.0,0.0,0.0,0.0,0.0,0.0,0.0,0,-107875648.0,0,0.0,0,-107875648.0,-107877712.0,0,13107,17039,39322,17053,52429,17037,0,0,0,110,100,100,2.7302334150594743e+23,64.0,0.0,64.9,-107615304.0,68.5,1,49,50,180,0,39322,0,0,0.0,0.0,0.0,0.0,-897.039,65.0,0.0,-8.53850714832779e+25,0.0,645,0,687,0,0,0,716,0,788,0,709,0,689,0,645,0,642,0,617,0.032,36700160.0,0.0,2.7302316136196234e+23,31632,16788,-323506240.0,-8.53850714832779e+25,0.0,-2.1589473603450976e+31,-471568.281,96076840.0,29.0,60.0,70,0.0,0.0,0.0,0.0,0.0,0.0,0.0,0.0,0.0,0.0,0.0,0.0,0.0,0.0,0.0,0.0,59.2,69,11,65508,41,65476,0,300,0,0,8,20529,65476,0,0,61604,60.0,0.0,0.0,0.0,0.0,0.0
2026-04-04T11:29:11,ERR,ERR,ERR,ERR,ERR,ERR,ERR,ERR,ERR,ERR,ERR,ERR,ERR,ERR,ERR,ERR,ERR,ERR,ERR,ERR,ERR,ERR,ERR,ERR,ERR,ERR,ERR,ERR,ERR,ERR,ERR,ERR,ERR,ERR,ERR,ERR,ERR,ERR,ERR,ERR,ERR,ERR,ERR,ERR,ERR,ERR,ERR,ERR,ERR,ERR,ERR,ERR,ERR,ERR,ERR,ERR,ERR,ERR,ERR,ERR,ERR,ERR,ERR,ERR,ERR,ERR,ERR,ERR,ERR,ERR,ERR,ERR,ERR,ERR,ERR,ERR,ERR,ERR,ERR,ERR,ERR,ERR,ERR,ERR,ERR,ERR,ERR,ERR,ERR,ERR,ERR,ERR,ERR,ERR,ERR,ERR,ERR,ERR,ERR,ERR,ERR,ERR,ERR,ERR,ERR,ERR,ERR,ERR,ERR,ERR,ERR,ERR,ERR,ERR,ERR,ERR,ERR,ERR,ERR,ERR,ERR,ERR,ERR,ERR,ERR,0.0,-0.0,-0.0,0.0,0.0,0.0,0.0,nan,0,0,0,32768,0,0.0,0,0.0,0.0,0.0,0.0,0.0,0,0,0,0,0.0,0,0,0,0,0,0,0,0,0,0,0,0,0,0,0,0,0,0,0,0,0,0,0,0,0,0,0,0,0,0,0,0,0,0,0,0,0,0,0,0,0,0,0,0,0.0,0.0,0.0,0.0,0.0,0.0,0.0,0.0,0.0,0.0,0.0,0.0,0.0,0.0,0.0,0.0,0.0,0.0,0.0,0.0,0.0,0.0,-2.004,-2.004,-2.004,-0.0,0.0,0.0,0.0,0.0,3379.5,-0.0,0.0,0.0,-0.0,-0.0,0.0,0.0,0.0,0.0,0.0,0,-0.0,2.7184057014301037e+23,0.0,0.0,0.0,0.0,0.0,0.0,0.0,0,0,0,0.0,0.0,0.0,0.0,0.0,0.0,0.0,0.0,0.0,0.0,0.0,0.0,0.0,0.0,0.0,0.0,0,-107875648.0,0,0.0,0,-107875648.0,-107877712.0,0,13107,17039,39322,17053,52429,17037,0,0,0,110,100,100,2.7302334150594743e+23,64.0,0.0,64.9,-107615304.0,68.5,1,49,50,180,0,39322,0,0,0.0,0.0,0.0,0.0,-897.039,65.0,0.0,-8.53850714832779e+25,0.0,645,0,687,0,0,0,716,0,788,0,709,0,689,0,645,0,642,0,617,0.032,36700160.0,0.0,2.7302316136196234e+23,31632,16788,-323506240.0,-8.53850714832779e+25,0.0,-2.1589473603450976e+31,-471568.281,96076840.0,29.0,60.0,70,0.0,0.0,0.0,0.0,0.0,0.0,0.0,0.0,0.0,0.0,0.0,0.0,0.0,0.0,0.0,0.0,59.2,69,11,65508,41,65476,0,300,0,0,8,20529,65476,0,0,61604,60.0,0.0,0.0,0.0,0.0,0.0
2026-04-04T11:29:12,ERR,ERR,ERR,ERR,ERR,ERR,ERR,ERR,ERR,ERR,ERR,ERR,ERR,ERR,ERR,ERR,ERR,ERR,ERR,ERR,ERR,ERR,ERR,ERR,ERR,ERR,ERR,ERR,ERR,ERR,ERR,ERR,ERR,ERR,ERR,ERR,ERR,ERR,ERR,ERR,ERR,ERR,ERR,ERR,ERR,ERR,ERR,ERR,ERR,ERR,ERR,ERR,ERR,ERR,ERR,ERR,ERR,ERR,ERR,ERR,ERR,ERR,ERR,ERR,ERR,ERR,ERR,ERR,ERR,ERR,ERR,ERR,ERR,ERR,ERR,ERR,ERR,ERR,ERR,ERR,ERR,ERR,ERR,ERR,ERR,ERR,ERR,ERR,ERR,ERR,ERR,ERR,ERR,ERR,ERR,ERR,ERR,ERR,ERR,ERR,ERR,ERR,ERR,ERR,ERR,ERR,ERR,ERR,ERR,ERR,ERR,ERR,ERR,ERR,ERR,ERR,ERR,ERR,ERR,ERR,ERR,ERR,ERR,ERR,ERR,0.0,-0.0,-0.0,0.0,0.0,0.0,0.0,nan,0,0,0,32768,0,0.0,0,0.0,0.0,0.0,0.0,0.0,0,0,0,0,0.0,0,0,0,0,0,0,0,0,0,0,0,0,0,0,0,0,0,0,0,0,0,0,0,0,0,0,0,0,0,0,0,0,0,0,0,0,0,0,0,0,0,0,0,0,0.0,0.0,0.0,0.0,0.0,0.0,0.0,0.0,0.0,0.0,0.0,0.0,0.0,0.0,0.0,0.0,0.0,0.0,0.0,0.0,0.0,0.0,-2.004,-2.004,-2.004,-0.0,0.0,0.0,0.0,0.0,3379.5,-0.0,0.0,0.0,-0.0,-0.0,0.0,0.0,0.0,0.0,0.0,0,-0.0,2.7184057014301037e+23,0.0,0.0,0.0,0.0,0.0,0.0,0.0,0,0,0,0.0,0.0,0.0,0.0,0.0,0.0,0.0,0.0,0.0,0.0,0.0,0.0,0.0,0.0,0.0,0.0,0,-107875648.0,0,0.0,0,-107875648.0,-107877712.0,0,13107,17039,39322,17053,52429,17037,0,0,0,110,100,100,2.7302334150594743e+23,64.0,0.0,64.9,-107615304.0,68.5,1,49,50,180,0,39322,0,0,0.0,0.0,0.0,0.0,-897.039,65.0,0.0,-8.53850714832779e+25,0.0,645,0,687,0,0,0,716,0,788,0,709,0,689,0,645,0,642,0,617,0.032,36700160.0,0.0,2.7302316136196234e+23,31632,16788,-323506240.0,-8.53850714832779e+25,0.0,-2.1589473603450976e+31,-471568.281,96076840.0,29.0,60.0,70,0.0,0.0,0.0,0.0,0.0,0.0,0.0,0.0,0.0,0.0,0.0,0.0,0.0,0.0,0.0,0.0,59.2,69,11,65508,41,65476,0,300,0,0,8,20529,65476,0,0,61604,60.0,0.0,0.0,0.0,0.0,0.0
2026-04-04T11:29:13,ERR,ERR,ERR,ERR,ERR,ERR,ERR,ERR,ERR,ERR,ERR,ERR,ERR,ERR,ERR,ERR,ERR,ERR,ERR,ERR,ERR,ERR,ERR,ERR,ERR,ERR,ERR,ERR,ERR,ERR,ERR,ERR,ERR,ERR,ERR,ERR,ERR,ERR,ERR,ERR,ERR,ERR,ERR,ERR,ERR,ERR,ERR,ERR,ERR,ERR,ERR,ERR,ERR,ERR,ERR,ERR,ERR,ERR,ERR,ERR,ERR,ERR,ERR,ERR,ERR,ERR,ERR,ERR,ERR,ERR,ERR,ERR,ERR,ERR,ERR,ERR,ERR,ERR,ERR,ERR,ERR,ERR,ERR,ERR,ERR,ERR,ERR,ERR,ERR,ERR,ERR,ERR,ERR,ERR,ERR,ERR,ERR,ERR,ERR,ERR,ERR,ERR,ERR,ERR,ERR,ERR,ERR,ERR,ERR,ERR,ERR,ERR,ERR,ERR,ERR,ERR,ERR,ERR,ERR,ERR,ERR,ERR,ERR,ERR,ERR,0.0,-0.0,-0.0,0.0,0.0,0.0,0.0,nan,0,0,0,32768,0,0.0,0,0.0,0.0,0.0,0.0,0.0,0,0,0,0,0.0,0,0,0,0,0,0,0,0,0,0,0,0,0,0,0,0,0,0,0,0,0,0,0,0,0,0,0,0,0,0,0,0,0,0,0,0,0,0,0,0,0,0,0,0,0.0,0.0,0.0,0.0,0.0,0.0,0.0,0.0,0.0,0.0,0.0,0.0,0.0,0.0,0.0,0.0,0.0,0.0,0.0,0.0,0.0,0.0,-2.004,-2.004,-2.004,-0.0,0.0,0.0,0.0,0.0,3379.5,-0.0,0.0,0.0,-0.0,-0.0,0.0,0.0,0.0,0.0,0.0,0,-0.0,2.7184057014301037e+23,0.0,0.0,0.0,0.0,0.0,0.0,0.0,0,0,0,0.0,0.0,0.0,0.0,0.0,0.0,0.0,0.0,0.0,0.0,0.0,0.0,0.0,0.0,0.0,0.0,0,-107875648.0,0,0.0,0,-107875648.0,-107877712.0,0,13107,17039,39322,17053,52429,17037,0,0,0,110,100,100,2.7302334150594743e+23,64.0,0.0,64.9,-107615304.0,68.5,1,49,50,180,0,39322,0,0,0.0,0.0,0.0,0.0,-1632336.25,65.0,0.0,0.0,0.0,645,0,688,0,0,0,716,0,788,0,709,0,689,0,645,0,642,0,617,0.032,36962304.0,0.0,2.7302316136196234e+23,37264,16788,-799979732992.0,-5.591469334637449e+26,303621.0,-0.0,-830036574208.0,1.9738718357159936e+16,29.0,60.0,70,0.0,0.0,0.0,0.0,0.0,0.0,0.0,0.0,0.0,0.0,0.0,0.0,0.0,0.0,0.0,0.0,59.2,69,11,65508,41,65476,0,300,0,0,8,20529,65476,0,0,61604,60.0,0.0,0.0,0.0,0.0,0.0
2026-04-04T11:29:14,ERR,ERR,ERR,ERR,ERR,ERR,ERR,ERR,ERR,ERR,ERR,ERR,ERR,ERR,ERR,ERR,ERR,ERR,ERR,ERR,ERR,ERR,ERR,ERR,ERR,ERR,ERR,ERR,ERR,ERR,ERR,ERR,ERR,ERR,ERR,ERR,ERR,ERR,ERR,ERR,ERR,ERR,ERR,ERR,ERR,ERR,ERR,ERR,ERR,ERR,ERR,ERR,ERR,ERR,ERR,ERR,ERR,ERR,ERR,ERR,ERR,ERR,ERR,ERR,ERR,ERR,ERR,ERR,ERR,ERR,ERR,ERR,ERR,ERR,ERR,ERR,ERR,ERR,ERR,ERR,ERR,ERR,ERR,ERR,ERR,ERR,ERR,ERR,ERR,ERR,ERR,ERR,ERR,ERR,ERR,ERR,ERR,ERR,ERR,ERR,ERR,ERR,ERR,ERR,ERR,ERR,ERR,ERR,ERR,ERR,ERR,ERR,ERR,ERR,ERR,ERR,ERR,ERR,ERR,ERR,ERR,ERR,ERR,ERR,ERR,0.0,-0.0,-0.0,0.0,0.0,0.0,0.0,nan,0,0,0,32768,0,0.0,0,0.0,0.0,0.0,0.0,0.0,0,0,0,0,0.0,0,0,0,0,0,0,0,0,0,0,0,0,0,0,0,0,0,0,0,0,0,0,0,0,0,0,0,0,0,0,0,0,0,0,0,0,0,0,0,0,0,0,0,0,0.0,0.0,0.0,0.0,0.0,0.0,0.0,0.0,0.0,0.0,0.0,0.0,0.0,0.0,0.0,0.0,0.0,0.0,0.0,0.0,0.0,0.0,-2.004,-2.004,-2.004,-0.0,0.0,0.0,0.0,0.0,3379.5,-0.0,0.0,0.0,-0.0,-0.0,0.0,0.0,0.0,0.0,0.0,0,-0.0,2.7184057014301037e+23,0.0,0.0,0.0,0.0,0.0,0.0,0.0,0,0,0,0.0,0.0,0.0,0.0,0.0,0.0,0.0,0.0,0.0,0.0,0.0,0.0,0.0,0.0,0.0,0.0,0,-107875648.0,0,0.0,0,-107875648.0,-107877712.0,0,13107,17039,39322,17053,52429,17037,0,0,0,110,100,100,2.7302334150594743e+23,64.0,0.0,64.9,-107615304.0,68.5,1,49,50,180,0,39322,0,0,0.0,0.0,0.0,0.0,-1632336.25,65.0,0.0,0.0,0.0,645,0,688,0,0,0,716,0,788,0,709,0,689,0,645,0,642,0,617,0.032,36962304.0,0.0,2.7302316136196234e+23,37264,16788,-799979732992.0,-5.591469334637449e+26,303621.0,-0.0,-830036574208.0,1.9738718357159936e+16,29.0,60.0,70,0.0,0.0,0.0,0.0,0.0,0.0,0.0,0.0,0.0,0.0,0.0,0.0,0.0,0.0,0.0,0.0,59.2,69,11,65508,41,65476,0,300,0,0,8,20529,65476,0,0,61604,60.0,0.0,0.0,0.0,0.0,0.0
2026-04-04T11:29:15,ERR,ERR,ERR,ERR,ERR,ERR,ERR,ERR,ERR,ERR,ERR,ERR,ERR,ERR,ERR,ERR,ERR,ERR,ERR,ERR,ERR,ERR,ERR,ERR,ERR,ERR,ERR,ERR,ERR,ERR,ERR,ERR,ERR,ERR,ERR,ERR,ERR,ERR,ERR,ERR,ERR,ERR,ERR,ERR,ERR,ERR,ERR,ERR,ERR,ERR,ERR,ERR,ERR,ERR,ERR,ERR,ERR,ERR,ERR,ERR,ERR,ERR,ERR,ERR,ERR,ERR,ERR,ERR,ERR,ERR,ERR,ERR,ERR,ERR,ERR,ERR,ERR,ERR,ERR,ERR,ERR,ERR,ERR,ERR,ERR,ERR,ERR,ERR,ERR,ERR,ERR,ERR,ERR,ERR,ERR,ERR,ERR,ERR,ERR,ERR,ERR,ERR,ERR,ERR,ERR,ERR,ERR,ERR,ERR,ERR,ERR,ERR,ERR,ERR,ERR,ERR,ERR,ERR,ERR,ERR,ERR,ERR,ERR,ERR,ERR,0.0,-0.0,-0.0,0.0,0.0,0.0,0.0,nan,0,0,0,32768,0,0.0,0,0.0,0.0,0.0,0.0,0.0,0,0,0,0,0.0,0,0,0,0,0,0,0,0,0,0,0,0,0,0,0,0,0,0,0,0,0,0,0,0,0,0,0,0,0,0,0,0,0,0,0,0,0,0,0,0,0,0,0,0,0.0,0.0,0.0,0.0,0.0,0.0,0.0,0.0,0.0,0.0,0.0,0.0,0.0,0.0,0.0,0.0,0.0,0.0,0.0,0.0,0.0,0.0,-2.004,-2.004,-2.004,-0.0,0.0,0.0,0.0,0.0,3379.5,-0.0,0.0,0.0,-0.0,-0.0,0.0,0.0,0.0,0.0,0.0,0,-0.0,2.7184057014301037e+23,0.0,0.0,0.0,0.0,0.0,0.0,0.0,0,0,0,0.0,0.0,0.0,0.0,0.0,0.0,0.0,0.0,0.0,0.0,0.0,0.0,0.0,0.0,0.0,0.0,0,-107875648.0,0,0.0,0,-107875648.0,-107877712.0,0,13107,17039,39322,17053,52429,17037,0,0,0,110,100,100,2.7302334150594743e+23,64.0,0.0,64.9,-107615304.0,68.5,1,49,50,180,0,39322,0,0,0.0,0.0,0.0,0.0,-1632336.25,65.0,0.0,0.0,0.0,645,0,688,0,0,0,716,0,788,0,709,0,689,0,645,0,642,0,617,0.032,36962304.0,0.0,2.7302316136196234e+23,37264,16788,-799979732992.0,-5.591469334637449e+26,303621.0,-0.0,-830036574208.0,1.9738718357159936e+16,29.0,60.0,70,0.0,0.0,0.0,0.0,0.0,0.0,0.0,0.0,0.0,0.0,0.0,0.0,0.0,0.0,0.0,0.0,59.2,69,11,65508,41,65476,0,300,0,0,8,20529,65476,0,0,61604,60.0,0.0,0.0,0.0,0.0,0.0
2026-04-04T11:29:16,ERR,ERR,ERR,ERR,ERR,ERR,ERR,ERR,ERR,ERR,ERR,ERR,ERR,ERR,ERR,ERR,ERR,ERR,ERR,ERR,ERR,ERR,ERR,ERR,ERR,ERR,ERR,ERR,ERR,ERR,ERR,ERR,ERR,ERR,ERR,ERR,ERR,ERR,ERR,ERR,ERR,ERR,ERR,ERR,ERR,ERR,ERR,ERR,ERR,ERR,ERR,ERR,ERR,ERR,ERR,ERR,ERR,ERR,ERR,ERR,ERR,ERR,ERR,ERR,ERR,ERR,ERR,ERR,ERR,ERR,ERR,ERR,ERR,ERR,ERR,ERR,ERR,ERR,ERR,ERR,ERR,ERR,ERR,ERR,ERR,ERR,ERR,ERR,ERR,ERR,ERR,ERR,ERR,ERR,ERR,ERR,ERR,ERR,ERR,ERR,ERR,ERR,ERR,ERR,ERR,ERR,ERR,ERR,ERR,ERR,ERR,ERR,ERR,ERR,ERR,ERR,ERR,ERR,ERR,ERR,ERR,ERR,ERR,ERR,ERR,0.0,-0.0,-0.0,0.0,0.0,0.0,0.0,nan,0,0,0,32768,0,0.0,0,0.0,0.0,0.0,0.0,0.0,0,0,0,0,0.0,0,0,0,0,0,0,0,0,0,0,0,0,0,0,0,0,0,0,0,0,0,0,0,0,0,0,0,0,0,0,0,0,0,0,0,0,0,0,0,0,0,0,0,0,0.0,0.0,0.0,0.0,0.0,0.0,0.0,0.0,0.0,0.0,0.0,0.0,0.0,0.0,0.0,0.0,0.0,0.0,0.0,0.0,0.0,0.0,-2.004,-2.004,-2.004,-0.0,0.0,0.0,0.0,0.0,3379.5,-0.0,0.0,0.0,-0.0,-0.0,0.0,0.0,0.0,0.0,0.0,0,-0.0,2.7184057014301037e+23,0.0,0.0,0.0,0.0,0.0,0.0,0.0,0,0,0,0.0,0.0,0.0,0.0,0.0,0.0,0.0,0.0,0.0,0.0,0.0,0.0,0.0,0.0,0.0,0.0,0,-107875648.0,0,0.0,0,-107875648.0,-107877712.0,0,13107,17039,39322,17053,52429,17037,0,0,0,110,100,100,2.7302334150594743e+23,64.0,0.0,64.9,-107615304.0,68.5,1,49,50,180,0,39322,0,0,0.0,0.0,0.0,0.0,-1632336.25,65.0,0.0,0.0,0.0,645,0,688,0,0,0,716,0,788,0,709,0,689,0,645,0,642,0,617,0.032,36962304.0,0.0,2.7302316136196234e+23,37264,16788,-799979732992.0,-5.591469334637449e+26,303621.0,-0.0,-830036574208.0,1.9738718357159936e+16,29.0,60.0,70,0.0,0.0,0.0,0.0,0.0,0.0,0.0,0.0,0.0,0.0,0.0,0.0,0.0,0.0,0.0,0.0,59.2,69,11,65508,41,65476,0,300,0,0,8,20529,65476,0,0,61604,60.0,0.0,0.0,0.0,0.0,0.0
2026-04-04T11:29:17,ERR,ERR,ERR,ERR,ERR,ERR,ERR,ERR,ERR,ERR,ERR,ERR,ERR,ERR,ERR,ERR,ERR,ERR,ERR,ERR,ERR,ERR,ERR,ERR,ERR,ERR,ERR,ERR,ERR,ERR,ERR,ERR,ERR,ERR,ERR,ERR,ERR,ERR,ERR,ERR,ERR,ERR,ERR,ERR,ERR,ERR,ERR,ERR,ERR,ERR,ERR,ERR,ERR,ERR,ERR,ERR,ERR,ERR,ERR,ERR,ERR,ERR,ERR,ERR,ERR,ERR,ERR,ERR,ERR,ERR,ERR,ERR,ERR,ERR,ERR,ERR,ERR,ERR,ERR,ERR,ERR,ERR,ERR,ERR,ERR,ERR,ERR,ERR,ERR,ERR,ERR,ERR,ERR,ERR,ERR,ERR,ERR,ERR,ERR,ERR,ERR,ERR,ERR,ERR,ERR,ERR,ERR,ERR,ERR,ERR,ERR,ERR,ERR,ERR,ERR,ERR,ERR,ERR,ERR,ERR,ERR,ERR,ERR,ERR,ERR,0.0,-0.0,-0.0,0.0,0.0,0.0,0.0,nan,0,0,0,32768,0,0.0,0,0.0,0.0,0.0,0.0,0.0,0,0,0,0,0.0,0,0,0,0,0,0,0,0,0,0,0,0,0,0,0,0,0,0,0,0,0,0,0,0,0,0,0,0,0,0,0,0,0,0,0,0,0,0,0,0,0,0,0,0,0.0,0.0,0.0,0.0,0.0,0.0,0.0,0.0,0.0,0.0,0.0,0.0,0.0,0.0,0.0,0.0,0.0,0.0,0.0,0.0,0.0,0.0,-2.004,-2.004,-2.004,-0.0,0.0,0.0,0.0,0.0,3396.0,0.0,0.0,0.0,-0.0,-0.0,0.0,0.0,0.0,0.0,0.0,0,-0.0,-0.0,0.0,0.0,0.0,0.0,0.0,0.0,0.0,0,0,0,0.0,0.0,0.0,0.0,0.0,0.0,0.0,0.0,0.0,0.0,0.0,0.0,0.0,0.0,0.0,0.0,0,-107875648.0,0,0.0,0,-107875648.0,-107877712.0,0,13107,17039,39322,17053,52429,17037,0,0,0,110,100,100,2.7302334150594743e+23,64.0,0.0,64.9,-107615304.0,68.5,1,49,50,180,0,39322,0,0,0.0,0.0,0.0,0.0,-1632336.25,65.0,0.0,0.0,0.0,645,0,688,0,0,0,716,0,788,0,709,0,689,0,645,0,642,0,617,0.032,36962304.0,0.0,2.7302316136196234e+23,37264,16788,-799979732992.0,-5.591469334637449e+26,303621.0,-0.0,-830036574208.0,1.9738718357159936e+16,29.0,60.0,70,0.0,0.0,0.0,0.0,0.0,0.0,0.0,0.0,0.0,0.0,0.0,0.0,0.0,0.0,0.0,0.0,59.6,69,11,65508,41,65476,0,300,0,0,8,20529,65476,0,0,61604,60.0,0.0,0.0,0.0,0.0,0.0
2026-04-04T11:29:18,ERR,ERR,ERR,ERR,ERR,ERR,ERR,ERR,ERR,ERR,ERR,ERR,ERR,ERR,ERR,ERR,ERR,ERR,ERR,ERR,ERR,ERR,ERR,ERR,ERR,ERR,ERR,ERR,ERR,ERR,ERR,ERR,ERR,ERR,ERR,ERR,ERR,ERR,ERR,ERR,ERR,ERR,ERR,ERR,ERR,ERR,ERR,ERR,ERR,ERR,ERR,ERR,ERR,ERR,ERR,ERR,ERR,ERR,ERR,ERR,ERR,ERR,ERR,ERR,ERR,ERR,ERR,ERR,ERR,ERR,ERR,ERR,ERR,ERR,ERR,ERR,ERR,ERR,ERR,ERR,ERR,ERR,ERR,ERR,ERR,ERR,ERR,ERR,ERR,ERR,ERR,ERR,ERR,ERR,ERR,ERR,ERR,ERR,ERR,ERR,ERR,ERR,ERR,ERR,ERR,ERR,ERR,ERR,ERR,ERR,ERR,ERR,ERR,ERR,ERR,ERR,ERR,ERR,ERR,ERR,ERR,ERR,ERR,ERR,ERR,0.0,-0.0,-0.0,0.0,0.0,0.0,0.0,nan,0,0,0,32768,0,0.0,0,0.0,0.0,0.0,0.0,0.0,0,0,0,0,0.0,0,0,0,0,0,0,0,0,0,0,0,0,0,0,0,0,0,0,0,0,0,0,0,0,0,0,0,0,0,0,0,0,0,0,0,0,0,0,0,0,0,0,0,0,0.0,0.0,0.0,0.0,0.0,0.0,0.0,0.0,0.0,0.0,0.0,0.0,0.0,0.0,0.0,0.0,0.0,0.0,0.0,0.0,0.0,0.0,-2.004,-2.004,-2.004,-0.0,0.0,0.0,0.0,0.0,3396.0,0.0,0.0,0.0,-0.0,-0.0,0.0,0.0,0.0,0.0,0.0,0,-0.0,-0.0,0.0,0.0,0.0,0.0,0.0,0.0,0.0,0,0,0,0.0,0.0,0.0,0.0,0.0,0.0,0.0,0.0,0.0,0.0,0.0,0.0,0.0,0.0,0.0,0.0,0,-107875648.0,0,0.0,0,-107875648.0,-107877712.0,0,13107,17039,39322,17053,52429,17037,0,0,0,110,100,100,2.7302334150594743e+23,64.0,0.0,64.9,-107615304.0,68.5,1,49,50,180,0,26215,0,0,0.0,0.0,0.0,0.0,-0.107,65.0,0.0,-0.205,0.0,645,0,687,0,0,0,716,0,788,0,709,0,689,0,645,0,642,0,616,0.032,36700160.0,2.004,-107615152.0,24720,16788,-869416.125,-0.0,-1.254279956487119e+35,0.0,-0.0,0.0,29.0,60.0,70,0.0,0.0,0.0,0.0,0.0,0.0,0.0,0.0,0.0,0.0,0.0,0.0,0.0,0.0,0.0,0.0,59.6,69,11,65508,41,65476,0,300,0,0,8,20529,65476,0,0,61604,60.0,0.0,0.0,0.0,0.0,0.0
2026-04-04T11:29:19,ERR,ERR,ERR,ERR,ERR,ERR,ERR,ERR,ERR,ERR,ERR,ERR,ERR,ERR,ERR,ERR,ERR,ERR,ERR,ERR,ERR,ERR,ERR,ERR,ERR,ERR,ERR,ERR,ERR,ERR,ERR,ERR,ERR,ERR,ERR,ERR,ERR,ERR,ERR,ERR,ERR,ERR,ERR,ERR,ERR,ERR,ERR,ERR,ERR,ERR,ERR,ERR,ERR,ERR,ERR,ERR,ERR,ERR,ERR,ERR,ERR,ERR,ERR,ERR,ERR,ERR,ERR,ERR,ERR,ERR,ERR,ERR,ERR,ERR,ERR,ERR,ERR,ERR,ERR,ERR,ERR,ERR,ERR,ERR,ERR,ERR,ERR,ERR,ERR,ERR,ERR,ERR,ERR,ERR,ERR,ERR,ERR,ERR,ERR,ERR,ERR,ERR,ERR,ERR,ERR,ERR,ERR,ERR,ERR,ERR,ERR,ERR,ERR,ERR,ERR,ERR,ERR,ERR,ERR,ERR,ERR,ERR,ERR,ERR,ERR,0.0,-0.0,-0.0,0.0,0.0,0.0,0.0,nan,0,0,0,32768,0,0.0,0,0.0,0.0,0.0,0.0,0.0,0,0,0,0,0.0,0,0,0,0,0,0,0,0,0,0,0,0,0,0,0,0,0,0,0,0,0,0,0,0,0,0,0,0,0,0,0,0,0,0,0,0,0,0,0,0,0,0,0,0,0.0,0.0,0.0,0.0,0.0,0.0,0.0,0.0,0.0,0.0,0.0,0.0,0.0,0.0,0.0,0.0,0.0,0.0,0.0,0.0,0.0,0.0,-2.004,-2.004,-2.004,-0.0,0.0,0.0,0.0,0.0,3396.0,0.0,0.0,0.0,-0.0,-0.0,0.0,0.0,0.0,0.0,0.0,0,-0.0,-0.0,0.0,0.0,0.0,0.0,0.0,0.0,0.0,0,0,0,0.0,0.0,0.0,0.0,0.0,0.0,0.0,0.0,0.0,0.0,0.0,0.0,0.0,0.0,0.0,0.0,0,-107875648.0,0,0.0,0,-107875648.0,-107877712.0,0,13107,17039,39322,17053,52429,17037,0,0,0,110,100,100,2.7302334150594743e+23,64.0,0.0,64.9,-107615304.0,68.5,1,49,50,180,0,26215,0,0,0.0,0.0,0.0,0.0,-0.107,65.0,0.0,-0.205,0.0,645,0,687,0,0,0,716,0,788,0,709,0,689,0,645,0,642,0,616,0.032,36700160.0,2.004,-107615152.0,24720,16788,-869416.125,-0.0,-1.254279956487119e+35,0.0,-0.0,0.0,29.0,60.0,70,0.0,0.0,0.0,0.0,0.0,0.0,0.0,0.0,0.0,0.0,0.0,0.0,0.0,0.0,0.0,0.0,59.6,69,11,65508,41,65476,0,300,0,0,8,20529,65476,0,0,61604,60.0,0.0,0.0,0.0,0.0,0.0
2026-04-04T11:29:20,ERR,ERR,ERR,ERR,ERR,ERR,ERR,ERR,ERR,ERR,ERR,ERR,ERR,ERR,ERR,ERR,ERR,ERR,ERR,ERR,ERR,ERR,ERR,ERR,ERR,ERR,ERR,ERR,ERR,ERR,ERR,ERR,ERR,ERR,ERR,ERR,ERR,ERR,ERR,ERR,ERR,ERR,ERR,ERR,ERR,ERR,ERR,ERR,ERR,ERR,ERR,ERR,ERR,ERR,ERR,ERR,ERR,ERR,ERR,ERR,ERR,ERR,ERR,ERR,ERR,ERR,ERR,ERR,ERR,ERR,ERR,ERR,ERR,ERR,ERR,ERR,ERR,ERR,ERR,ERR,ERR,ERR,ERR,ERR,ERR,ERR,ERR,ERR,ERR,ERR,ERR,ERR,ERR,ERR,ERR,ERR,ERR,ERR,ERR,ERR,ERR,ERR,ERR,ERR,ERR,ERR,ERR,ERR,ERR,ERR,ERR,ERR,ERR,ERR,ERR,ERR,ERR,ERR,ERR,ERR,ERR,ERR,ERR,ERR,ERR,0.0,-0.0,-0.0,0.0,0.0,0.0,0.0,nan,0,0,0,32768,0,0.0,0,0.0,0.0,0.0,0.0,0.0,0,0,0,0,0.0,0,0,0,0,0,0,0,0,0,0,0,0,0,0,0,0,0,0,0,0,0,0,0,0,0,0,0,0,0,0,0,0,0,0,0,0,0,0,0,0,0,0,0,0,0.0,0.0,0.0,0.0,0.0,0.0,0.0,0.0,0.0,0.0,0.0,0.0,0.0,0.0,0.0,0.0,0.0,0.0,0.0,0.0,0.0,0.0,-2.004,-2.004,-2.004,-0.0,0.0,0.0,0.0,0.0,3396.0,0.0,0.0,0.0,-0.0,-0.0,0.0,0.0,0.0,0.0,0.0,0,-0.0,-0.0,0.0,0.0,0.0,0.0,0.0,0.0,0.0,0,0,0,0.0,0.0,0.0,0.0,0.0,0.0,0.0,0.0,0.0,0.0,0.0,0.0,0.0,0.0,0.0,0.0,0,-107875648.0,0,0.0,0,-107875648.0,-107877712.0,0,13107,17039,39322,17053,52429,17037,0,0,0,110,100,100,2.7302334150594743e+23,64.0,0.0,64.9,-107615304.0,68.5,1,49,50,180,0,26215,0,0,0.0,0.0,0.0,0.0,-0.107,65.0,0.0,-0.205,0.0,645,0,687,0,0,0,716,0,788,0,709,0,689,0,645,0,642,0,616,0.032,36700160.0,2.004,-107615152.0,24720,16788,-869416.125,-0.0,-1.254279956487119e+35,0.0,-0.0,0.0,29.0,60.0,70,0.0,0.0,0.0,0.0,0.0,0.0,0.0,0.0,0.0,0.0,0.0,0.0,0.0,0.0,0.0,0.0,59.6,69,11,65508,41,65476,0,300,0,0,8,20529,65476,0,0,61604,60.0,0.0,0.0,0.0,0.0,0.0
2026-04-04T11:29:21,ERR,ERR,ERR,ERR,ERR,ERR,ERR,ERR,ERR,ERR,ERR,ERR,ERR,ERR,ERR,ERR,ERR,ERR,ERR,ERR,ERR,ERR,ERR,ERR,ERR,ERR,ERR,ERR,ERR,ERR,ERR,ERR,ERR,ERR,ERR,ERR,ERR,ERR,ERR,ERR,ERR,ERR,ERR,ERR,ERR,ERR,ERR,ERR,ERR,ERR,ERR,ERR,ERR,ERR,ERR,ERR,ERR,ERR,ERR,ERR,ERR,ERR,ERR,ERR,ERR,ERR,ERR,ERR,ERR,ERR,ERR,ERR,ERR,ERR,ERR,ERR,ERR,ERR,ERR,ERR,ERR,ERR,ERR,ERR,ERR,ERR,ERR,ERR,ERR,ERR,ERR,ERR,ERR,ERR,ERR,ERR,ERR,ERR,ERR,ERR,ERR,ERR,ERR,ERR,ERR,ERR,ERR,ERR,ERR,ERR,ERR,ERR,ERR,ERR,ERR,ERR,ERR,ERR,ERR,ERR,ERR,ERR,ERR,ERR,ERR,0.0,-0.0,-0.0,0.0,0.0,0.0,0.0,nan,0,0,0,32768,0,0.0,0,0.0,0.0,0.0,0.0,0.0,0,0,0,0,0.0,0,0,0,0,0,0,0,0,0,0,0,0,0,0,0,0,0,0,0,0,0,0,0,0,0,0,0,0,0,0,0,0,0,0,0,0,0,0,0,0,0,0,0,0,0.0,0.0,0.0,0.0,0.0,0.0,0.0,0.0,0.0,0.0,0.0,0.0,0.0,0.0,0.0,0.0,0.0,0.0,0.0,0.0,0.0,0.0,-2.004,-2.004,-2.004,-0.0,0.0,0.0,0.0,0.0,3396.0,0.0,0.0,0.0,-0.0,-0.0,0.0,0.0,0.0,0.0,0.0,0,-0.0,-0.0,0.0,0.0,0.0,0.0,0.0,0.0,0.0,0,0,0,0.0,0.0,0.0,0.0,0.0,0.0,0.0,0.0,0.0,0.0,0.0,0.0,0.0,0.0,0.0,0.0,0,-107875648.0,0,0.0,0,-107875648.0,-107877712.0,0,13107,17039,39322,17053,52429,17037,0,0,0,110,100,100,2.7302334150594743e+23,64.0,0.0,64.9,-107615304.0,68.5,1,49,50,180,0,26215,0,0,0.0,0.0,0.0,0.0,-0.107,65.0,0.0,-0.205,0.0,645,0,687,0,0,0,716,0,788,0,709,0,689,0,645,0,642,0,616,0.032,36700160.0,2.004,-107615152.0,24720,16788,-869416.125,-0.0,-1.254279956487119e+35,0.0,-0.0,0.0,29.0,60.0,70,0.0,0.0,0.0,0.0,0.0,0.0,0.0,0.0,0.0,0.0,0.0,0.0,0.0,0.0,0.0,0.0,59.6,69,11,65508,41,65476,0,300,0,0,8,20529,65476,0,0,61604,60.0,0.0,0.0,0.0,0.0,0.0
2026-04-04T11:29:22,ERR,ERR,ERR,ERR,ERR,ERR,ERR,ERR,ERR,ERR,ERR,ERR,ERR,ERR,ERR,ERR,ERR,ERR,ERR,ERR,ERR,ERR,ERR,ERR,ERR,ERR,ERR,ERR,ERR,ERR,ERR,ERR,ERR,ERR,ERR,ERR,ERR,ERR,ERR,ERR,ERR,ERR,ERR,ERR,ERR,ERR,ERR,ERR,ERR,ERR,ERR,ERR,ERR,ERR,ERR,ERR,ERR,ERR,ERR,ERR,ERR,ERR,ERR,ERR,ERR,ERR,ERR,ERR,ERR,ERR,ERR,ERR,ERR,ERR,ERR,ERR,ERR,ERR,ERR,ERR,ERR,ERR,ERR,ERR,ERR,ERR,ERR,ERR,ERR,ERR,ERR,ERR,ERR,ERR,ERR,ERR,ERR,ERR,ERR,ERR,ERR,ERR,ERR,ERR,ERR,ERR,ERR,ERR,ERR,ERR,ERR,ERR,ERR,ERR,ERR,ERR,ERR,ERR,ERR,ERR,ERR,ERR,ERR,ERR,ERR,0.0,-0.0,-0.0,0.0,0.0,0.0,0.0,nan,0,0,0,32768,0,0.0,0,0.0,0.0,0.0,0.0,0.0,0,0,0,0,0.0,0,0,0,0,0,0,0,0,0,0,0,0,0,0,0,0,0,0,0,0,0,0,0,0,0,0,0,0,0,0,0,0,0,0,0,0,0,0,0,0,0,0,0,0,0.0,0.0,0.0,0.0,0.0,0.0,0.0,0.0,0.0,0.0,0.0,0.0,0.0,0.0,0.0,0.0,0.0,0.0,0.0,0.0,0.0,0.0,-2.004,-2.004,-2.004,-0.0,0.0,0.0,0.0,0.0,3396.0,0.0,0.0,0.0,-0.0,-0.0,0.0,0.0,0.0,0.0,0.0,0,-0.0,-0.0,0.0,0.0,0.0,0.0,0.0,0.0,0.0,0,0,0,0.0,0.0,0.0,0.0,0.0,0.0,0.0,0.0,0.0,0.0,0.0,0.0,0.0,0.0,0.0,0.0,0,-107875648.0,0,0.0,0,-107875648.0,-107877712.0,0,13107,17039,39322,17053,52429,17037,0,0,0,110,100,100,2.7302334150594743e+23,64.0,0.0,64.9,-107615304.0,68.5,1,49,50,180,0,26215,0,0,0.0,0.0,0.0,0.0,-0.107,65.0,0.0,-0.205,0.0,645,0,687,0,0,0,716,0,788,0,709,0,689,0,645,0,642,0,616,0.032,36700160.0,2.004,-107615152.0,24720,16788,-869416.125,-0.0,-1.254279956487119e+35,0.0,-0.0,0.0,29.0,60.0,70,0.0,0.0,0.0,0.0,0.0,0.0,0.0,0.0,0.0,0.0,0.0,0.0,0.0,0.0,0.0,0.0,59.2,69,11,65508,41,65476,0,300,0,0,8,20529,65476,0,0,61604,60.0,0.0,0.0,0.0,0.0,0.0
2026-04-04T11:29:23,ERR,ERR,ERR,ERR,ERR,ERR,ERR,ERR,ERR,ERR,ERR,ERR,ERR,ERR,ERR,ERR,ERR,ERR,ERR,ERR,ERR,ERR,ERR,ERR,ERR,ERR,ERR,ERR,ERR,ERR,ERR,ERR,ERR,ERR,ERR,ERR,ERR,ERR,ERR,ERR,ERR,ERR,ERR,ERR,ERR,ERR,ERR,ERR,ERR,ERR,ERR,ERR,ERR,ERR,ERR,ERR,ERR,ERR,ERR,ERR,ERR,ERR,ERR,ERR,ERR,ERR,ERR,ERR,ERR,ERR,ERR,ERR,ERR,ERR,ERR,ERR,ERR,ERR,ERR,ERR,ERR,ERR,ERR,ERR,ERR,ERR,ERR,ERR,ERR,ERR,ERR,ERR,ERR,ERR,ERR,ERR,ERR,ERR,ERR,ERR,ERR,ERR,ERR,ERR,ERR,ERR,ERR,ERR,ERR,ERR,ERR,ERR,ERR,ERR,ERR,ERR,ERR,ERR,ERR,ERR,ERR,ERR,ERR,ERR,ERR,0.0,-0.0,-0.0,0.0,0.0,0.0,0.0,nan,0,0,0,32768,0,0.0,0,0.0,0.0,0.0,0.0,0.0,0,0,0,0,0.0,0,0,0,0,0,0,0,0,0,0,0,0,0,0,0,0,0,0,0,0,0,0,0,0,0,0,0,0,0,0,0,0,0,0,0,0,0,0,0,0,0,0,0,0,0.0,0.0,0.0,0.0,0.0,0.0,0.0,0.0,0.0,0.0,0.0,0.0,0.0,0.0,0.0,0.0,0.0,0.0,0.0,0.0,0.0,0.0,-2.004,-2.004,-2.004,-0.0,0.0,0.0,0.0,0.0,3396.0,0.0,0.0,0.0,-0.0,-0.0,0.0,0.0,0.0,0.0,0.0,0,-0.0,-0.0,0.0,0.0,0.0,0.0,0.0,0.0,0.0,0,0,0,0.0,0.0,0.0,0.0,0.0,0.0,0.0,0.0,0.0,0.0,0.0,0.0,0.0,0.0,0.0,0.0,0,-107875648.0,0,0.0,0,-107875648.0,-107877712.0,0,13107,17039,39322,17053,52429,17037,0,0,0,110,100,100,2.7302334150594743e+23,64.0,0.0,64.9,-107615304.0,68.5,1,49,50,180,0,26215,0,0,0.0,0.0,0.0,0.0,-0.107,65.0,0.0,-0.205,0.0,645,0,687,0,0,0,716,0,788,0,709,0,689,0,645,0,642,0,616,0.032,36700160.0,2.004,-107615152.0,24720,16788,-869416.125,-0.0,-1.254279956487119e+35,0.0,-0.0,0.0,29.0,60.0,70,0.0,0.0,0.0,0.0,0.0,0.0,0.0,0.0,0.0,0.0,0.0,0.0,0.0,0.0,0.0,0.0,59.2,69,11,65508,41,65476,0,300,0,0,8,20529,65476,0,0,61604,60.0,0.0,0.0,0.0,0.0,0.0
2026-04-04T11:29:24,ERR,ERR,ERR,ERR,ERR,ERR,ERR,ERR,ERR,ERR,ERR,ERR,ERR,ERR,ERR,ERR,ERR,ERR,ERR,ERR,ERR,ERR,ERR,ERR,ERR,ERR,ERR,ERR,ERR,ERR,ERR,ERR,ERR,ERR,ERR,ERR,ERR,ERR,ERR,ERR,ERR,ERR,ERR,ERR,ERR,ERR,ERR,ERR,ERR,ERR,ERR,ERR,ERR,ERR,ERR,ERR,ERR,ERR,ERR,ERR,ERR,ERR,ERR,ERR,ERR,ERR,ERR,ERR,ERR,ERR,ERR,ERR,ERR,ERR,ERR,ERR,ERR,ERR,ERR,ERR,ERR,ERR,ERR,ERR,ERR,ERR,ERR,ERR,ERR,ERR,ERR,ERR,ERR,ERR,ERR,ERR,ERR,ERR,ERR,ERR,ERR,ERR,ERR,ERR,ERR,ERR,ERR,ERR,ERR,ERR,ERR,ERR,ERR,ERR,ERR,ERR,ERR,ERR,ERR,ERR,ERR,ERR,ERR,ERR,ERR,0.0,-0.0,-0.0,0.0,0.0,0.0,0.0,nan,0,0,0,32768,0,0.0,0,0.0,0.0,0.0,0.0,0.0,0,0,0,0,0.0,0,0,0,0,0,0,0,0,0,0,0,0,0,0,0,0,0,0,0,0,0,0,0,0,0,0,0,0,0,0,0,0,0,0,0,0,0,0,0,0,0,0,0,0,0.0,0.0,0.0,0.0,0.0,0.0,0.0,0.0,0.0,0.0,0.0,0.0,0.0,0.0,0.0,0.0,0.0,0.0,0.0,0.0,0.0,0.0,-2.004,-2.004,-2.004,-0.0,0.0,0.0,0.0,0.0,3396.0,0.0,0.0,0.0,-0.0,-0.0,0.0,0.0,0.0,0.0,0.0,0,-0.0,-0.0,0.0,0.0,0.0,0.0,0.0,0.0,0.0,0,0,0,0.0,0.0,0.0,0.0,0.0,0.0,0.0,0.0,0.0,0.0,0.0,0.0,0.0,0.0,0.0,0.0,0,-107875648.0,0,0.0,0,-107875648.0,-107877712.0,0,13107,17039,39322,17053,52429,17037,0,0,0,110,100,100,2.7302334150594743e+23,64.0,0.0,64.9,-107615304.0,68.5,1,49,50,180,0,26215,0,0,0.0,0.0,0.0,0.0,-409589623291904.0,65.0,0.0,2.2224727853883875e+31,0.0,645,0,687,0,0,0,716,0,788,0,709,0,689,0,645,0,642,0,617,0.032,36700160.0,2.004,-107615152.0,26768,16788,-1919833469878272.0,3.3316670605880882e+31,0.0,0.0,-0.0,0.0,29.0,60.0,70,0.0,0.0,0.0,0.0,0.0,0.0,0.0,0.0,0.0,0.0,0.0,0.0,0.0,0.0,0.0,0.0,59.2,69,11,65508,41,65476,0,300,0,0,8,20529,65476,0,0,61604,60.0,0.0,0.0,0.0,0.0,0.0
2026-04-04T11:29:25,ERR,ERR,ERR,ERR,ERR,ERR,ERR,ERR,ERR,ERR,ERR,ERR,ERR,ERR,ERR,ERR,ERR,ERR,ERR,ERR,ERR,ERR,ERR,ERR,ERR,ERR,ERR,ERR,ERR,ERR,ERR,ERR,ERR,ERR,ERR,ERR,ERR,ERR,ERR,ERR,ERR,ERR,ERR,ERR,ERR,ERR,ERR,ERR,ERR,ERR,ERR,ERR,ERR,ERR,ERR,ERR,ERR,ERR,ERR,ERR,ERR,ERR,ERR,ERR,ERR,ERR,ERR,ERR,ERR,ERR,ERR,ERR,ERR,ERR,ERR,ERR,ERR,ERR,ERR,ERR,ERR,ERR,ERR,ERR,ERR,ERR,ERR,ERR,ERR,ERR,ERR,ERR,ERR,ERR,ERR,ERR,ERR,ERR,ERR,ERR,ERR,ERR,ERR,ERR,ERR,ERR,ERR,ERR,ERR,ERR,ERR,ERR,ERR,ERR,ERR,ERR,ERR,ERR,ERR,ERR,ERR,ERR,ERR,ERR,ERR,0.0,-0.0,-0.0,0.0,0.0,0.0,0.0,nan,0,0,0,32768,0,0.0,0,0.0,0.0,0.0,0.0,0.0,0,0,0,0,0.0,0,0,0,0,0,0,0,0,0,0,0,0,0,0,0,0,0,0,0,0,0,0,0,0,0,0,0,0,0,0,0,0,0,0,0,0,0,0,0,0,0,0,0,0,0.0,0.0,0.0,0.0,0.0,0.0,0.0,0.0,0.0,0.0,0.0,0.0,0.0,0.0,0.0,0.0,0.0,0.0,0.0,0.0,0.0,0.0,-2.004,-2.004,-2.004,-0.0,0.0,0.0,0.0,0.0,3379.5,-2.004,0.0,0.0,-0.0,-0.0,0.0,0.0,0.0,0.0,0.0,0,-0.0,-0.0,0.0,0.0,0.0,0.0,0.0,0.0,0.0,0,0,0,0.0,0.0,0.0,0.0,0.0,0.0,0.0,0.0,0.0,0.0,0.0,0.0,0.0,0.0,0.0,0.0,0,-107875648.0,0,0.0,0,-107875648.0,-107877712.0,0,13107,17039,39322,17053,52429,17037,0,0,0,110,100,100,2.7302334150594743e+23,64.0,0.0,64.9,-107615304.0,68.5,1,49,50,180,0,26215,0,0,0.0,0.0,0.0,0.0,-409589623291904.0,65.0,0.0,2.2224727853883875e+31,0.0,645,0,687,0,0,0,716,0,788,0,709,0,689,0,645,0,642,0,617,0.032,36700160.0,2.004,-107615152.0,26768,16788,-1919833469878272.0,3.3316670605880882e+31,0.0,0.0,-0.0,0.0,29.0,60.0,70,0.0,0.0,0.0,0.0,0.0,0.0,0.0,0.0,0.0,0.0,0.0,0.0,0.0,0.0,0.0,0.0,59.2,69,11,65508,41,65476,0,300,0,0,8,20529,65476,0,0,61604,60.0,0.0,0.0,0.0,0.0,0.0
2026-04-04T11:29:26,ERR,ERR,ERR,ERR,ERR,ERR,ERR,ERR,ERR,ERR,ERR,ERR,ERR,ERR,ERR,ERR,ERR,ERR,ERR,ERR,ERR,ERR,ERR,ERR,ERR,ERR,ERR,ERR,ERR,ERR,ERR,ERR,ERR,ERR,ERR,ERR,ERR,ERR,ERR,ERR,ERR,ERR,ERR,ERR,ERR,ERR,ERR,ERR,ERR,ERR,ERR,ERR,ERR,ERR,ERR,ERR,ERR,ERR,ERR,ERR,ERR,ERR,ERR,ERR,ERR,ERR,ERR,ERR,ERR,ERR,ERR,ERR,ERR,ERR,ERR,ERR,ERR,ERR,ERR,ERR,ERR,ERR,ERR,ERR,ERR,ERR,ERR,ERR,ERR,ERR,ERR,ERR,ERR,ERR,ERR,ERR,ERR,ERR,ERR,ERR,ERR,ERR,ERR,ERR,ERR,ERR,ERR,ERR,ERR,ERR,ERR,ERR,ERR,ERR,ERR,ERR,ERR,ERR,ERR,ERR,ERR,ERR,ERR,ERR,ERR,0.0,-0.0,-0.0,0.0,0.0,0.0,0.0,nan,0,0,0,32768,0,0.0,0,0.0,0.0,0.0,0.0,0.0,0,0,0,0,0.0,0,0,0,0,0,0,0,0,0,0,0,0,0,0,0,0,0,0,0,0,0,0,0,0,0,0,0,0,0,0,0,0,0,0,0,0,0,0,0,0,0,0,0,0,0.0,0.0,0.0,0.0,0.0,0.0,0.0,0.0,0.0,0.0,0.0,0.0,0.0,0.0,0.0,0.0,0.0,0.0,0.0,0.0,0.0,0.0,-2.004,-2.004,-2.004,-0.0,0.0,0.0,0.0,0.0,3379.5,-2.004,0.0,0.0,-0.0,-0.0,0.0,0.0,0.0,0.0,0.0,0,-0.0,-0.0,0.0,0.0,0.0,0.0,0.0,0.0,0.0,0,0,0,0.0,0.0,0.0,0.0,0.0,0.0,0.0,0.0,0.0,0.0,0.0,0.0,0.0,0.0,0.0,0.0,0,-107875648.0,0,0.0,0,-107875648.0,-107877712.0,0,13107,17039,39322,17053,52429,17037,0,0,0,110,100,100,2.7302334150594743e+23,64.0,0.0,64.9,-107615304.0,68.5,1,49,50,180,0,26215,0,0,0.0,0.0,0.0,0.0,-409589623291904.0,65.0,0.0,2.2224727853883875e+31,0.0,645,0,687,0,0,0,716,0,788,0,709,0,689,0,645,0,642,0,617,0.032,36700160.0,2.004,-107615152.0,26768,16788,-1919833469878272.0,3.3316670605880882e+31,0.0,0.0,-0.0,0.0,29.0,60.0,70,0.0,0.0,0.0,0.0,0.0,0.0,0.0,0.0,0.0,0.0,0.0,0.0,0.0,0.0,0.0,0.0,59.2,69,11,65508,41,65476,0,300,0,0,8,20529,65476,0,0,61604,60.0,0.0,0.0,0.0,0.0,0.0
2026-04-04T11:29:27,ERR,ERR,ERR,ERR,ERR,ERR,ERR,ERR,ERR,ERR,ERR,ERR,ERR,ERR,ERR,ERR,ERR,ERR,ERR,ERR,ERR,ERR,ERR,ERR,ERR,ERR,ERR,ERR,ERR,ERR,ERR,ERR,ERR,ERR,ERR,ERR,ERR,ERR,ERR,ERR,ERR,ERR,ERR,ERR,ERR,ERR,ERR,ERR,ERR,ERR,ERR,ERR,ERR,ERR,ERR,ERR,ERR,ERR,ERR,ERR,ERR,ERR,ERR,ERR,ERR,ERR,ERR,ERR,ERR,ERR,ERR,ERR,ERR,ERR,ERR,ERR,ERR,ERR,ERR,ERR,ERR,ERR,ERR,ERR,ERR,ERR,ERR,ERR,ERR,ERR,ERR,ERR,ERR,ERR,ERR,ERR,ERR,ERR,ERR,ERR,ERR,ERR,ERR,ERR,ERR,ERR,ERR,ERR,ERR,ERR,ERR,ERR,ERR,ERR,ERR,ERR,ERR,ERR,ERR,ERR,ERR,ERR,ERR,ERR,ERR,0.0,-0.0,-0.0,0.0,0.0,0.0,0.0,nan,0,0,0,32768,0,0.0,0,0.0,0.0,0.0,0.0,0.0,0,0,0,0,0.0,0,0,0,0,0,0,0,0,0,0,0,0,0,0,0,0,0,0,0,0,0,0,0,0,0,0,0,0,0,0,0,0,0,0,0,0,0,0,0,0,0,0,0,0,0.0,0.0,0.0,0.0,0.0,0.0,0.0,0.0,0.0,0.0,0.0,0.0,0.0,0.0,0.0,0.0,0.0,0.0,0.0,0.0,0.0,0.0,-2.004,-2.004,-2.004,-0.0,0.0,0.0,0.0,0.0,3379.5,-2.004,0.0,0.0,-0.0,-0.0,0.0,0.0,0.0,0.0,0.0,0,-0.0,-0.0,0.0,0.0,0.0,0.0,0.0,0.0,0.0,0,0,0,0.0,0.0,0.0,0.0,0.0,0.0,0.0,0.0,0.0,0.0,0.0,0.0,0.0,0.0,0.0,0.0,0,-107875648.0,0,0.0,0,-107875648.0,-107877712.0,0,13107,17039,39322,17053,52429,17037,0,0,0,110,100,100,2.7302334150594743e+23,64.0,0.0,64.9,-107615304.0,68.5,1,49,50,180,0,26215,0,0,0.0,0.0,0.0,0.0,-409589623291904.0,65.0,0.0,2.2224727853883875e+31,0.0,645,0,687,0,0,0,716,0,788,0,709,0,689,0,645,0,642,0,617,0.032,36700160.0,2.004,-107615152.0,26768,16788,-1919833469878272.0,3.3316670605880882e+31,0.0,0.0,-0.0,0.0,29.0,60.0,70,0.0,0.0,0.0,0.0,0.0,0.0,0.0,0.0,0.0,0.0,0.0,0.0,0.0,0.0,0.0,0.0,59.2,69,11,65508,41,65476,0,300,0,0,8,20529,65476,0,0,61604,60.0,0.0,0.0,0.0,0.0,0.0
2026-04-04T11:29:28,ERR,ERR,ERR,ERR,ERR,ERR,ERR,ERR,ERR,ERR,ERR,ERR,ERR,ERR,ERR,ERR,ERR,ERR,ERR,ERR,ERR,ERR,ERR,ERR,ERR,ERR,ERR,ERR,ERR,ERR,ERR,ERR,ERR,ERR,ERR,ERR,ERR,ERR,ERR,ERR,ERR,ERR,ERR,ERR,ERR,ERR,ERR,ERR,ERR,ERR,ERR,ERR,ERR,ERR,ERR,ERR,ERR,ERR,ERR,ERR,ERR,ERR,ERR,ERR,ERR,ERR,ERR,ERR,ERR,ERR,ERR,ERR,ERR,ERR,ERR,ERR,ERR,ERR,ERR,ERR,ERR,ERR,ERR,ERR,ERR,ERR,ERR,ERR,ERR,ERR,ERR,ERR,ERR,ERR,ERR,ERR,ERR,ERR,ERR,ERR,ERR,ERR,ERR,ERR,ERR,ERR,ERR,ERR,ERR,ERR,ERR,ERR,ERR,ERR,ERR,ERR,ERR,ERR,ERR,ERR,ERR,ERR,ERR,ERR,ERR,0.0,-0.0,-0.0,0.0,0.0,0.0,0.0,nan,0,0,0,32768,0,0.0,0,0.0,0.0,0.0,0.0,0.0,0,0,0,0,0.0,0,0,0,0,0,0,0,0,0,0,0,0,0,0,0,0,0,0,0,0,0,0,0,0,0,0,0,0,0,0,0,0,0,0,0,0,0,0,0,0,0,0,0,0,0.0,0.0,0.0,0.0,0.0,0.0,0.0,0.0,0.0,0.0,0.0,0.0,0.0,0.0,0.0,0.0,0.0,0.0,0.0,0.0,0.0,0.0,-2.004,-2.004,-2.004,-0.0,0.0,0.0,0.0,0.0,3379.5,-2.004,0.0,0.0,-0.0,-0.0,0.0,0.0,0.0,0.0,0.0,0,-0.0,-0.0,0.0,0.0,0.0,0.0,0.0,0.0,0.0,0,0,0,0.0,0.0,0.0,0.0,0.0,0.0,0.0,0.0,0.0,0.0,0.0,0.0,0.0,0.0,0.0,0.0,0,-107875648.0,0,0.0,0,-107875648.0,-107877712.0,0,13107,17039,39322,17053,52429,17037,0,0,0,110,100,100,2.7302334150594743e+23,64.0,0.0,64.9,-107615304.0,68.5,1,49,50,180,0,26215,0,0,0.0,0.0,0.0,0.0,-409589623291904.0,65.0,0.0,2.2224727853883875e+31,0.0,645,0,687,0,0,0,716,0,788,0,709,0,689,0,645,0,642,0,617,0.032,36700160.0,2.004,-107615152.0,26768,16788,-1919833469878272.0,3.3316670605880882e+31,0.0,0.0,-0.0,0.0,29.0,60.0,70,0.0,0.0,0.0,0.0,0.0,0.0,0.0,0.0,0.0,0.0,0.0,0.0,0.0,0.0,0.0,0.0,59.6,69,11,65508,41,65476,0,300,0,0,8,20529,65476,0,0,61604,60.0,0.0,0.0,0.0,0.0,0.0
2026-04-04T11:29:29,ERR,ERR,ERR,ERR,ERR,ERR,ERR,ERR,ERR,ERR,ERR,ERR,ERR,ERR,ERR,ERR,ERR,ERR,ERR,ERR,ERR,ERR,ERR,ERR,ERR,ERR,ERR,ERR,ERR,ERR,ERR,ERR,ERR,ERR,ERR,ERR,ERR,ERR,ERR,ERR,ERR,ERR,ERR,ERR,ERR,ERR,ERR,ERR,ERR,ERR,ERR,ERR,ERR,ERR,ERR,ERR,ERR,ERR,ERR,ERR,ERR,ERR,ERR,ERR,ERR,ERR,ERR,ERR,ERR,ERR,ERR,ERR,ERR,ERR,ERR,ERR,ERR,ERR,ERR,ERR,ERR,ERR,ERR,ERR,ERR,ERR,ERR,ERR,ERR,ERR,ERR,ERR,ERR,ERR,ERR,ERR,ERR,ERR,ERR,ERR,ERR,ERR,ERR,ERR,ERR,ERR,ERR,ERR,ERR,ERR,ERR,ERR,ERR,ERR,ERR,ERR,ERR,ERR,ERR,ERR,ERR,ERR,ERR,ERR,ERR,0.0,-0.0,-0.0,0.0,0.0,0.0,0.0,nan,0,0,0,32768,0,0.0,0,0.0,0.0,0.0,0.0,0.0,0,0,0,0,0.0,0,0,0,0,0,0,0,0,0,0,0,0,0,0,0,0,0,0,0,0,0,0,0,0,0,0,0,0,0,0,0,0,0,0,0,0,0,0,0,0,0,0,0,0,0.0,0.0,0.0,0.0,0.0,0.0,0.0,0.0,0.0,0.0,0.0,0.0,0.0,0.0,0.0,0.0,0.0,0.0,0.0,0.0,0.0,0.0,-2.004,-2.004,-2.004,-0.0,0.0,0.0,0.0,0.0,3379.5,-2.004,0.0,0.0,-0.0,-0.0,0.0,0.0,0.0,0.0,0.0,0,-0.0,-0.0,0.0,0.0,0.0,0.0,0.0,0.0,0.0,0,0,0,0.0,0.0,0.0,0.0,0.0,0.0,0.0,0.0,0.0,0.0,0.0,0.0,0.0,0.0,0.0,0.0,0,-107875648.0,0,0.0,0,-107875648.0,-107877712.0,0,13107,17039,39322,17053,52429,17037,0,0,0,110,100,100,2.7302334150594743e+23,64.0,0.0,64.9,-107615304.0,68.5,1,49,50,180,0,26215,0,0,0.0,0.0,0.0,0.0,-409589623291904.0,65.0,0.0,2.2224727853883875e+31,0.0,645,0,687,0,0,0,716,0,788,0,709,0,689,0,645,0,642,0,617,0.032,36700160.0,2.004,-107615152.0,26768,16788,-1919833469878272.0,3.3316670605880882e+31,0.0,0.0,-0.0,0.0,29.0,60.0,70,0.0,0.0,0.0,0.0,0.0,0.0,0.0,0.0,0.0,0.0,0.0,0.0,0.0,0.0,0.0,0.0,59.6,69,11,65508,41,65476,0,300,0,0,8,20529,65476,0,0,61604,60.0,0.0,0.0,0.0,0.0,0.0
2026-04-04T11:29:30,ERR,ERR,ERR,ERR,ERR,ERR,ERR,ERR,ERR,ERR,ERR,ERR,ERR,ERR,ERR,ERR,ERR,ERR,ERR,ERR,ERR,ERR,ERR,ERR,ERR,ERR,ERR,ERR,ERR,ERR,ERR,ERR,ERR,ERR,ERR,ERR,ERR,ERR,ERR,ERR,ERR,ERR,ERR,ERR,ERR,ERR,ERR,ERR,ERR,ERR,ERR,ERR,ERR,ERR,ERR,ERR,ERR,ERR,ERR,ERR,ERR,ERR,ERR,ERR,ERR,ERR,ERR,ERR,ERR,ERR,ERR,ERR,ERR,ERR,ERR,ERR,ERR,ERR,ERR,ERR,ERR,ERR,ERR,ERR,ERR,ERR,ERR,ERR,ERR,ERR,ERR,ERR,ERR,ERR,ERR,ERR,ERR,ERR,ERR,ERR,ERR,ERR,ERR,ERR,ERR,ERR,ERR,ERR,ERR,ERR,ERR,ERR,ERR,ERR,ERR,ERR,ERR,ERR,ERR,ERR,ERR,ERR,ERR,ERR,ERR,0.0,-0.0,-0.0,0.0,0.0,0.0,0.0,nan,0,0,0,32768,0,0.0,0,0.0,0.0,0.0,0.0,0.0,0,0,0,0,0.0,0,0,0,0,0,0,0,0,0,0,0,0,0,0,0,0,0,0,0,0,0,0,0,0,0,0,0,0,0,0,0,0,0,0,0,0,0,0,0,0,0,0,0,0,0.0,0.0,0.0,0.0,0.0,0.0,0.0,0.0,0.0,0.0,0.0,0.0,0.0,0.0,0.0,0.0,0.0,0.0,0.0,0.0,0.0,0.0,-2.004,-2.004,-2.004,-0.0,0.0,0.0,0.0,0.0,3379.5,-2.004,0.0,0.0,-0.0,-0.0,0.0,0.0,0.0,0.0,0.0,0,-0.0,-0.0,0.0,0.0,0.0,0.0,0.0,0.0,0.0,0,0,0,0.0,0.0,0.0,0.0,0.0,0.0,0.0,0.0,0.0,0.0,0.0,0.0,0.0,0.0,0.0,0.0,0,-107875648.0,0,0.0,0,-107875648.0,-107877712.0,0,13107,17039,39322,17053,52429,17037,0,0,0,110,100,100,2.7302334150594743e+23,64.0,0.0,64.9,-107615304.0,68.5,1,49,50,180,0,26215,0,0,0.0,0.0,0.0,0.0,-7816.313,65.0,0.0,6.414316724764706e+28,0.0,645,0,688,0,0,0,716,0,788,0,708,0,689,0,645,0,642,0,617,0.032,36962304.0,2.004,-107615152.0,37776,16788,-7323583488.0,730143.75,-1356818689294336.0,-1305.989,-0.0,-4.408301865365876e+36,29.0,60.0,70,0.0,0.0,0.0,0.0,0.0,0.0,0.0,0.0,0.0,0.0,0.0,0.0,0.0,0.0,0.0,0.0,59.6,69,11,65508,41,65476,0,300,0,0,8,20529,65476,0,0,61604,60.0,0.0,0.0,0.0,0.0,0.0
2026-04-04T11:29:31,ERR,ERR,ERR,ERR,ERR,ERR,ERR,ERR,ERR,ERR,ERR,ERR,ERR,ERR,ERR,ERR,ERR,ERR,ERR,ERR,ERR,ERR,ERR,ERR,ERR,ERR,ERR,ERR,ERR,ERR,ERR,ERR,ERR,ERR,ERR,ERR,ERR,ERR,ERR,ERR,ERR,ERR,ERR,ERR,ERR,ERR,ERR,ERR,ERR,ERR,ERR,ERR,ERR,ERR,ERR,ERR,ERR,ERR,ERR,ERR,ERR,ERR,ERR,ERR,ERR,ERR,ERR,ERR,ERR,ERR,ERR,ERR,ERR,ERR,ERR,ERR,ERR,ERR,ERR,ERR,ERR,ERR,ERR,ERR,ERR,ERR,ERR,ERR,ERR,ERR,ERR,ERR,ERR,ERR,ERR,ERR,ERR,ERR,ERR,ERR,ERR,ERR,ERR,ERR,ERR,ERR,ERR,ERR,ERR,ERR,ERR,ERR,ERR,ERR,ERR,ERR,ERR,ERR,ERR,ERR,ERR,ERR,ERR,ERR,ERR,0.0,-0.0,-0.0,0.0,0.0,0.0,0.0,nan,0,0,0,32768,0,0.0,0,0.0,0.0,0.0,0.0,0.0,0,0,0,0,0.0,0,0,0,0,0,0,0,0,0,0,0,0,0,0,0,0,0,0,0,0,0,0,0,0,0,0,0,0,0,0,0,0,0,0,0,0,0,0,0,0,0,0,0,0,0.0,0.0,0.0,0.0,0.0,0.0,0.0,0.0,0.0,0.0,0.0,0.0,0.0,0.0,0.0,0.0,0.0,0.0,0.0,0.0,0.0,0.0,-2.004,-2.004,-2.004,-0.0,0.0,0.0,0.0,0.0,3379.5,-2.004,0.0,0.0,-0.0,-0.0,0.0,0.0,0.0,0.0,0.0,0,-0.0,-0.0,0.0,0.0,0.0,0.0,0.0,0.0,0.0,0,0,0,0.0,0.0,0.0,0.0,0.0,0.0,0.0,0.0,0.0,0.0,0.0,0.0,0.0,0.0,0.0,0.0,0,-107875648.0,0,0.0,0,-107875648.0,-107877712.0,0,13107,17039,39322,17053,52429,17037,0,0,0,110,100,100,2.7302334150594743e+23,64.0,0.0,64.9,-107615304.0,68.5,1,49,50,180,0,26215,0,0,0.0,0.0,0.0,0.0,-7816.313,65.0,0.0,6.414316724764706e+28,0.0,645,0,688,0,0,0,716,0,788,0,708,0,689,0,645,0,642,0,617,0.032,36962304.0,2.004,-107615152.0,37776,16788,-7323583488.0,730143.75,-1356818689294336.0,-1305.989,-0.0,-4.408301865365876e+36,29.0,60.0,70,0.0,0.0,0.0,0.0,0.0,0.0,0.0,0.0,0.0,0.0,0.0,0.0,0.0,0.0,0.0,0.0,59.6,69,11,65508,41,65476,0,300,0,0,8,20529,65476,0,0,61604,60.0,0.0,0.0,0.0,0.0,0.0
2026-04-04T11:29:32,ERR,ERR,ERR,ERR,ERR,ERR,ERR,ERR,ERR,ERR,ERR,ERR,ERR,ERR,ERR,ERR,ERR,ERR,ERR,ERR,ERR,ERR,ERR,ERR,ERR,ERR,ERR,ERR,ERR,ERR,ERR,ERR,ERR,ERR,ERR,ERR,ERR,ERR,ERR,ERR,ERR,ERR,ERR,ERR,ERR,ERR,ERR,ERR,ERR,ERR,ERR,ERR,ERR,ERR,ERR,ERR,ERR,ERR,ERR,ERR,ERR,ERR,ERR,ERR,ERR,ERR,ERR,ERR,ERR,ERR,ERR,ERR,ERR,ERR,ERR,ERR,ERR,ERR,ERR,ERR,ERR,ERR,ERR,ERR,ERR,ERR,ERR,ERR,ERR,ERR,ERR,ERR,ERR,ERR,ERR,ERR,ERR,ERR,ERR,ERR,ERR,ERR,ERR,ERR,ERR,ERR,ERR,ERR,ERR,ERR,ERR,ERR,ERR,ERR,ERR,ERR,ERR,ERR,ERR,ERR,ERR,ERR,ERR,ERR,ERR,0.0,-0.0,-0.0,0.0,0.0,0.0,0.0,nan,0,0,0,32768,0,0.0,0,0.0,0.0,0.0,0.0,0.0,0,0,0,0,0.0,0,0,0,0,0,0,0,0,0,0,0,0,0,0,0,0,0,0,0,0,0,0,0,0,0,0,0,0,0,0,0,0,0,0,0,0,0,0,0,0,0,0,0,0,0.0,0.0,0.0,0.0,0.0,0.0,0.0,0.0,0.0,0.0,0.0,0.0,0.0,0.0,0.0,0.0,0.0,0.0,0.0,0.0,0.0,0.0,-2.004,-2.004,-2.004,2.004,0.0,0.0,0.0,0.0,3380.0,-3.697154027885167e+19,0.0,0.0,-0.0,-0.0,2.7184274988523002e+23,0.0,0.0,0.0,0.0,0,-0.0,-0.0,0.0,0.0,0.0,0.0,0.0,0.0,0.0,0,0,0,0.0,0.0,0.0,0.0,0.0,0.0,0.0,0.0,0.0,0.0,0.0,0.0,0.0,0.0,0.0,0.0,0,-107875648.0,0,0.0,0,-107875648.0,-107877712.0,0,13107,17039,39322,17053,52429,17037,0,0,0,110,100,100,2.7302334150594743e+23,64.0,0.0,64.9,-107615304.0,68.5,1,49,50,180,0,26215,0,0,0.0,0.0,0.0,0.0,-7816.313,65.0,0.0,6.414316724764706e+28,0.0,645,0,688,0,0,0,716,0,788,0,708,0,689,0,645,0,642,0,617,0.032,36962304.0,2.004,-107615152.0,37776,16788,-7323583488.0,730143.75,-1356818689294336.0,-1305.989,-0.0,-4.408301865365876e+36,29.0,60.0,70,0.0,0.0,0.0,0.0,0.0,0.0,0.0,0.0,0.0,0.0,0.0,0.0,0.0,0.0,0.0,0.0,59.2,69,11,65508,41,65476,0,300,0,0,8,20529,65476,0,0,61604,60.0,0.0,0.0,0.0,0.0,0.0
2026-04-04T11:29:33,ERR,ERR,ERR,ERR,ERR,ERR,ERR,ERR,ERR,ERR,ERR,ERR,ERR,ERR,ERR,ERR,ERR,ERR,ERR,ERR,ERR,ERR,ERR,ERR,ERR,ERR,ERR,ERR,ERR,ERR,ERR,ERR,ERR,ERR,ERR,ERR,ERR,ERR,ERR,ERR,ERR,ERR,ERR,ERR,ERR,ERR,ERR,ERR,ERR,ERR,ERR,ERR,ERR,ERR,ERR,ERR,ERR,ERR,ERR,ERR,ERR,ERR,ERR,ERR,ERR,ERR,ERR,ERR,ERR,ERR,ERR,ERR,ERR,ERR,ERR,ERR,ERR,ERR,ERR,ERR,ERR,ERR,ERR,ERR,ERR,ERR,ERR,ERR,ERR,ERR,ERR,ERR,ERR,ERR,ERR,ERR,ERR,ERR,ERR,ERR,ERR,ERR,ERR,ERR,ERR,ERR,ERR,ERR,ERR,ERR,ERR,ERR,ERR,ERR,ERR,ERR,ERR,ERR,ERR,ERR,ERR,ERR,ERR,ERR,ERR,0.0,-0.0,-0.0,0.0,0.0,0.0,0.0,nan,0,0,0,32768,0,0.0,0,0.0,0.0,0.0,0.0,0.0,0,0,0,0,0.0,0,0,0,0,0,0,0,0,0,0,0,0,0,0,0,0,0,0,0,0,0,0,0,0,0,0,0,0,0,0,0,0,0,0,0,0,0,0,0,0,0,0,0,0,0.0,0.0,0.0,0.0,0.0,0.0,0.0,0.0,0.0,0.0,0.0,0.0,0.0,0.0,0.0,0.0,0.0,0.0,0.0,0.0,0.0,0.0,-2.004,-2.004,-2.004,2.004,0.0,0.0,0.0,0.0,3380.0,-3.697154027885167e+19,0.0,0.0,-0.0,-0.0,2.7184274988523002e+23,0.0,0.0,0.0,0.0,0,-0.0,-0.0,0.0,0.0,0.0,0.0,0.0,0.0,0.0,0,0,0,0.0,0.0,0.0,0.0,0.0,0.0,0.0,0.0,0.0,0.0,0.0,0.0,0.0,0.0,0.0,0.0,0,-107875648.0,0,0.0,0,-107875648.0,-107877712.0,0,13107,17039,39322,17053,39322,17037,0,0,0,110,100,100,2.7302334150594743e+23,64.0,0.0,64.9,-107615304.0,68.5,1,49,50,180,0,39322,0,0,0.0,0.0,0.0,0.0,-342548.062,65.0,0.0,844831.75,0.0,645,0,687,0,0,0,716,0,788,0,709,0,689,0,645,0,642,0,617,0.032,36700160.0,2.004,-107615152.0,41744,16788,-13841860608.0,844831.75,-7643890198773760.0,-928780976128.0,-0.0,-1.9793202954613993e+37,29.0,60.0,70,0.0,0.0,0.0,0.0,0.0,0.0,0.0,0.0,0.0,0.0,0.0,0.0,0.0,0.0,0.0,0.0,59.2,69,11,65508,41,65476,0,300,0,0,8,20529,65476,0,0,61604,60.0,0.0,0.0,0.0,0.0,0.0
2026-04-04T11:29:34,ERR,ERR,ERR,ERR,ERR,ERR,ERR,ERR,ERR,ERR,ERR,ERR,ERR,ERR,ERR,ERR,ERR,ERR,ERR,ERR,ERR,ERR,ERR,ERR,ERR,ERR,ERR,ERR,ERR,ERR,ERR,ERR,ERR,ERR,ERR,ERR,ERR,ERR,ERR,ERR,ERR,ERR,ERR,ERR,ERR,ERR,ERR,ERR,ERR,ERR,ERR,ERR,ERR,ERR,ERR,ERR,ERR,ERR,ERR,ERR,ERR,ERR,ERR,ERR,ERR,ERR,ERR,ERR,ERR,ERR,ERR,ERR,ERR,ERR,ERR,ERR,ERR,ERR,ERR,ERR,ERR,ERR,ERR,ERR,ERR,ERR,ERR,ERR,ERR,ERR,ERR,ERR,ERR,ERR,ERR,ERR,ERR,ERR,ERR,ERR,ERR,ERR,ERR,ERR,ERR,ERR,ERR,ERR,ERR,ERR,ERR,ERR,ERR,ERR,ERR,ERR,ERR,ERR,ERR,ERR,ERR,ERR,ERR,ERR,ERR,0.0,-0.0,-0.0,0.0,0.0,0.0,0.0,nan,0,0,0,32768,0,0.0,0,0.0,0.0,0.0,0.0,0.0,0,0,0,0,0.0,0,0,0,0,0,0,0,0,0,0,0,0,0,0,0,0,0,0,0,0,0,0,0,0,0,0,0,0,0,0,0,0,0,0,0,0,0,0,0,0,0,0,0,0,0.0,0.0,0.0,0.0,0.0,0.0,0.0,0.0,0.0,0.0,0.0,0.0,0.0,0.0,0.0,0.0,0.0,0.0,0.0,0.0,0.0,0.0,-2.004,-2.004,-2.004,2.004,0.0,0.0,0.0,0.0,3380.0,-3.697154027885167e+19,0.0,0.0,-0.0,-0.0,2.7184274988523002e+23,0.0,0.0,0.0,0.0,0,-0.0,-0.0,0.0,0.0,0.0,0.0,0.0,0.0,0.0,0,0,0,0.0,0.0,0.0,0.0,0.0,0.0,0.0,0.0,0.0,0.0,0.0,0.0,0.0,0.0,0.0,0.0,0,-107875648.0,0,0.0,0,-107875648.0,-107877712.0,0,13107,17039,39322,17053,39322,17037,0,0,0,110,100,100,2.7302334150594743e+23,64.0,0.0,64.9,-107615304.0,68.5,1,49,50,180,0,39322,0,0,0.0,0.0,0.0,0.0,-342548.062,65.0,0.0,844831.75,0.0,645,0,687,0,0,0,716,0,788,0,709,0,689,0,645,0,642,0,617,0.032,36700160.0,2.004,-107615152.0,41744,16788,-13841860608.0,844831.75,-7643890198773760.0,-928780976128.0,-0.0,-1.9793202954613993e+37,29.0,60.0,70,0.0,0.0,0.0,0.0,0.0,0.0,0.0,0.0,0.0,0.0,0.0,0.0,0.0,0.0,0.0,0.0,59.2,69,11,65508,41,65476,0,300,0,0,8,20529,65476,0,0,61604,60.0,0.0,0.0,0.0,0.0,0.0
2026-04-04T11:29:35,ERR,ERR,ERR,ERR,ERR,ERR,ERR,ERR,ERR,ERR,ERR,ERR,ERR,ERR,ERR,ERR,ERR,ERR,ERR,ERR,ERR,ERR,ERR,ERR,ERR,ERR,ERR,ERR,ERR,ERR,ERR,ERR,ERR,ERR,ERR,ERR,ERR,ERR,ERR,ERR,ERR,ERR,ERR,ERR,ERR,ERR,ERR,ERR,ERR,ERR,ERR,ERR,ERR,ERR,ERR,ERR,ERR,ERR,ERR,ERR,ERR,ERR,ERR,ERR,ERR,ERR,ERR,ERR,ERR,ERR,ERR,ERR,ERR,ERR,ERR,ERR,ERR,ERR,ERR,ERR,ERR,ERR,ERR,ERR,ERR,ERR,ERR,ERR,ERR,ERR,ERR,ERR,ERR,ERR,ERR,ERR,ERR,ERR,ERR,ERR,ERR,ERR,ERR,ERR,ERR,ERR,ERR,ERR,ERR,ERR,ERR,ERR,ERR,ERR,ERR,ERR,ERR,ERR,ERR,ERR,ERR,ERR,ERR,ERR,ERR,0.0,-0.0,-0.0,0.0,0.0,0.0,0.0,nan,0,0,0,32768,0,0.0,0,0.0,0.0,0.0,0.0,0.0,0,0,0,0,0.0,0,0,0,0,0,0,0,0,0,0,0,0,0,0,0,0,0,0,0,0,0,0,0,0,0,0,0,0,0,0,0,0,0,0,0,0,0,0,0,0,0,0,0,0,0.0,0.0,0.0,0.0,0.0,0.0,0.0,0.0,0.0,0.0,0.0,0.0,0.0,0.0,0.0,0.0,0.0,0.0,0.0,0.0,0.0,0.0,-2.004,-2.004,-2.004,2.004,0.0,0.0,0.0,0.0,3380.0,-3.697154027885167e+19,0.0,0.0,-0.0,-0.0,2.7184274988523002e+23,0.0,0.0,0.0,0.0,0,-0.0,-0.0,0.0,0.0,0.0,0.0,0.0,0.0,0.0,0,0,0,0.0,0.0,0.0,0.0,0.0,0.0,0.0,0.0,0.0,0.0,0.0,0.0,0.0,0.0,0.0,0.0,0,-107875648.0,0,0.0,0,-107875648.0,-107877712.0,0,13107,17039,39322,17053,39322,17037,0,0,0,110,100,100,2.7302334150594743e+23,64.0,0.0,64.9,-107615304.0,68.5,1,49,50,180,0,39322,0,0,0.0,0.0,0.0,0.0,-342548.062,65.0,0.0,844831.75,0.0,645,0,687,0,0,0,716,0,788,0,709,0,689,0,645,0,642,0,617,0.032,36700160.0,2.004,-107615152.0,41744,16788,-13841860608.0,844831.75,-7643890198773760.0,-928780976128.0,-0.0,-1.9793202954613993e+37,29.0,60.0,70,0.0,0.0,0.0,0.0,0.0,0.0,0.0,0.0,0.0,0.0,0.0,0.0,0.0,0.0,0.0,0.0,59.2,69,11,65508,41,65476,0,300,0,0,8,20529,65476,0,0,61604,60.0,0.0,0.0,0.0,0.0,0.0
2026-04-04T11:29:36,ERR,ERR,ERR,ERR,ERR,ERR,ERR,ERR,ERR,ERR,ERR,ERR,ERR,ERR,ERR,ERR,ERR,ERR,ERR,ERR,ERR,ERR,ERR,ERR,ERR,ERR,ERR,ERR,ERR,ERR,ERR,ERR,ERR,ERR,ERR,ERR,ERR,ERR,ERR,ERR,ERR,ERR,ERR,ERR,ERR,ERR,ERR,ERR,ERR,ERR,ERR,ERR,ERR,ERR,ERR,ERR,ERR,ERR,ERR,ERR,ERR,ERR,ERR,ERR,ERR,ERR,ERR,ERR,ERR,ERR,ERR,ERR,ERR,ERR,ERR,ERR,ERR,ERR,ERR,ERR,ERR,ERR,ERR,ERR,ERR,ERR,ERR,ERR,ERR,ERR,ERR,ERR,ERR,ERR,ERR,ERR,ERR,ERR,ERR,ERR,ERR,ERR,ERR,ERR,ERR,ERR,ERR,ERR,ERR,ERR,ERR,ERR,ERR,ERR,ERR,ERR,ERR,ERR,ERR,ERR,ERR,ERR,ERR,ERR,ERR,0.0,-0.0,-0.0,0.0,0.0,0.0,0.0,nan,0,0,0,32768,0,0.0,0,0.0,0.0,0.0,0.0,0.0,0,0,0,0,0.0,0,0,0,0,0,0,0,0,0,0,0,0,0,0,0,0,0,0,0,0,0,0,0,0,0,0,0,0,0,0,0,0,0,0,0,0,0,0,0,0,0,0,0,0,0.0,0.0,0.0,0.0,0.0,0.0,0.0,0.0,0.0,0.0,0.0,0.0,0.0,0.0,0.0,0.0,0.0,0.0,0.0,0.0,0.0,0.0,-2.004,-2.004,-2.004,2.004,0.0,0.0,0.0,0.0,3380.0,-3.697154027885167e+19,0.0,0.0,-0.0,-0.0,2.7184274988523002e+23,0.0,0.0,0.0,0.0,0,-0.0,-0.0,0.0,0.0,0.0,0.0,0.0,0.0,0.0,0,0,0,0.0,0.0,0.0,0.0,0.0,0.0,0.0,0.0,0.0,0.0,0.0,0.0,0.0,0.0,0.0,0.0,0,-107875648.0,0,0.0,0,-107875648.0,-107877712.0,0,13107,17039,39322,17053,39322,17037,0,0,0,110,100,100,2.7302334150594743e+23,64.0,0.0,64.9,-107615304.0,68.5,1,49,50,180,0,39322,0,0,0.0,0.0,0.0,0.0,-342548.062,65.0,0.0,844831.75,0.0,645,0,687,0,0,0,716,0,788,0,709,0,689,0,645,0,642,0,617,0.032,36700160.0,2.004,-107615152.0,41744,16788,-13841860608.0,844831.75,-7643890198773760.0,-928780976128.0,-0.0,-1.9793202954613993e+37,29.0,60.0,70,0.0,0.0,0.0,0.0,0.0,0.0,0.0,0.0,0.0,0.0,0.0,0.0,0.0,0.0,0.0,0.0,59.2,69,11,65508,41,65476,0,300,0,0,8,20529,65476,0,0,61604,60.0,0.0,0.0,0.0,0.0,0.0
2026-04-04T11:29:37,ERR,ERR,ERR,ERR,ERR,ERR,ERR,ERR,ERR,ERR,ERR,ERR,ERR,ERR,ERR,ERR,ERR,ERR,ERR,ERR,ERR,ERR,ERR,ERR,ERR,ERR,ERR,ERR,ERR,ERR,ERR,ERR,ERR,ERR,ERR,ERR,ERR,ERR,ERR,ERR,ERR,ERR,ERR,ERR,ERR,ERR,ERR,ERR,ERR,ERR,ERR,ERR,ERR,ERR,ERR,ERR,ERR,ERR,ERR,ERR,ERR,ERR,ERR,ERR,ERR,ERR,ERR,ERR,ERR,ERR,ERR,ERR,ERR,ERR,ERR,ERR,ERR,ERR,ERR,ERR,ERR,ERR,ERR,ERR,ERR,ERR,ERR,ERR,ERR,ERR,ERR,ERR,ERR,ERR,ERR,ERR,ERR,ERR,ERR,ERR,ERR,ERR,ERR,ERR,ERR,ERR,ERR,ERR,ERR,ERR,ERR,ERR,ERR,ERR,ERR,ERR,ERR,ERR,ERR,ERR,ERR,ERR,ERR,ERR,ERR,0.0,-0.0,-0.0,0.0,0.0,0.0,0.0,nan,0,0,0,32768,0,0.0,0,0.0,0.0,0.0,0.0,0.0,0,0,0,0,0.0,0,0,0,0,0,0,0,0,0,0,0,0,0,0,0,0,0,0,0,0,0,0,0,0,0,0,0,0,0,0,0,0,0,0,0,0,0,0,0,0,0,0,0,0,0.0,0.0,0.0,0.0,0.0,0.0,0.0,0.0,0.0,0.0,0.0,0.0,0.0,0.0,0.0,0.0,0.0,0.0,0.0,0.0,0.0,0.0,-2.004,-2.004,-2.004,2.004,0.0,0.0,0.0,0.0,3380.0,-3.697154027885167e+19,0.0,0.0,-0.0,-0.0,2.7184274988523002e+23,0.0,0.0,0.0,0.0,0,-0.0,-0.0,0.0,0.0,0.0,0.0,0.0,0.0,0.0,0,0,0,0.0,0.0,0.0,0.0,0.0,0.0,0.0,0.0,0.0,0.0,0.0,0.0,0.0,0.0,0.0,0.0,0,-107875648.0,0,0.0,0,-107875648.0,-107877712.0,0,13107,17039,39322,17053,52429,17037,0,0,0,110,100,100,2.7302334150594743e+23,64.0,0.0,64.9,-107615304.0,68.5,1,49,50,180,0,26215,0,0,0.0,0.0,0.0,0.0,-2048999680.0,65.0,0.0,0.0,0.0,645,0,687,0,0,0,716,0,788,0,709,0,689,0,645,0,642,0,617,0.032,36962304.0,2.004,-107615152.0,27792,16788,-2048999680.0,0.0,-0.015,-0.0,5.925915179166222e+35,-2.453446685560911e+22,29.0,60.0,70,0.0,0.0,0.0,0.0,0.0,0.0,0.0,0.0,0.0,0.0,0.0,0.0,0.0,0.0,0.0,0.0,59.2,69,11,65508,41,65476,0,300,0,0,8,20529,65476,0,0,61604,60.0,0.0,0.0,0.0,0.0,0.0
2026-04-04T11:29:38,ERR,ERR,ERR,ERR,ERR,ERR,ERR,ERR,ERR,ERR,ERR,ERR,ERR,ERR,ERR,ERR,ERR,ERR,ERR,ERR,ERR,ERR,ERR,ERR,ERR,ERR,ERR,ERR,ERR,ERR,ERR,ERR,ERR,ERR,ERR,ERR,ERR,ERR,ERR,ERR,ERR,ERR,ERR,ERR,ERR,ERR,ERR,ERR,ERR,ERR,ERR,ERR,ERR,ERR,ERR,ERR,ERR,ERR,ERR,ERR,ERR,ERR,ERR,ERR,ERR,ERR,ERR,ERR,ERR,ERR,ERR,ERR,ERR,ERR,ERR,ERR,ERR,ERR,ERR,ERR,ERR,ERR,ERR,ERR,ERR,ERR,ERR,ERR,ERR,ERR,ERR,ERR,ERR,ERR,ERR,ERR,ERR,ERR,ERR,ERR,ERR,ERR,ERR,ERR,ERR,ERR,ERR,ERR,ERR,ERR,ERR,ERR,ERR,ERR,ERR,ERR,ERR,ERR,ERR,ERR,ERR,ERR,ERR,ERR,ERR,0.0,0.0,-101055584.0,0.0,0.0,0.0,0.0,nan,0,0,0,32768,0,0.0,0,0.0,0.0,0.0,0.0,0.0,0,0,0,0,0.0,0,0,0,0,0,0,0,0,0,0,0,0,0,0,0,0,0,0,0,0,0,0,0,0,0,0,0,0,0,0,0,0,0,0,0,0,0,0,0,0,0,0,0,0,0.0,0.0,0.0,0.0,0.0,0.0,0.0,0.0,0.0,0.0,0.0,0.0,0.0,0.0,0.0,0.0,0.0,0.0,0.0,0.0,0.0,0.0,-2.004,-2.004,-2.004,-0.0,0.0,0.0,0.0,0.0,3376.5,-0.0,0.0,0.0,-0.0,-0.0,2.7184274988523002e+23,0.0,0.0,0.0,0.0,0,-0.0,4.066829101708843e+29,0.0,0.0,0.0,0.0,0.0,0.0,0.0,0,0,0,0.0,0.0,0.0,0.0,0.0,0.0,0.0,0.0,0.0,0.0,0.0,0.0,0.0,0.0,0.0,0.0,0,-107875648.0,0,0.0,0,-107875648.0,-107877712.0,0,13107,17039,39322,17053,52429,17037,0,0,0,110,100,100,2.7302334150594743e+23,64.0,0.0,64.9,-107615304.0,68.5,1,49,50,180,0,26215,0,0,0.0,0.0,0.0,0.0,-2048999680.0,65.0,0.0,0.0,0.0,645,0,687,0,0,0,716,0,788,0,709,0,689,0,645,0,642,0,617,0.032,36962304.0,2.004,-107615152.0,27792,16788,-2048999680.0,0.0,-0.015,-0.0,5.925915179166222e+35,-2.453446685560911e+22,29.0,60.0,70,0.0,0.0,0.0,0.0,0.0,0.0,0.0,0.0,0.0,0.0,0.0,0.0,0.0,0.0,0.0,0.0,59.2,69,11,65508,41,65476,0,300,0,0,8,20529,65476,0,0,61604,60.0,0.0,0.0,0.0,0.0,0.0
2026-04-04T11:29:39,ERR,ERR,ERR,ERR,ERR,ERR,ERR,ERR,ERR,ERR,ERR,ERR,ERR,ERR,ERR,ERR,ERR,ERR,ERR,ERR,ERR,ERR,ERR,ERR,ERR,ERR,ERR,ERR,ERR,ERR,ERR,ERR,ERR,ERR,ERR,ERR,ERR,ERR,ERR,ERR,ERR,ERR,ERR,ERR,ERR,ERR,ERR,ERR,ERR,ERR,ERR,ERR,ERR,ERR,ERR,ERR,ERR,ERR,ERR,ERR,ERR,ERR,ERR,ERR,ERR,ERR,ERR,ERR,ERR,ERR,ERR,ERR,ERR,ERR,ERR,ERR,ERR,ERR,ERR,ERR,ERR,ERR,ERR,ERR,ERR,ERR,ERR,ERR,ERR,ERR,ERR,ERR,ERR,ERR,ERR,ERR,ERR,ERR,ERR,ERR,ERR,ERR,ERR,ERR,ERR,ERR,ERR,ERR,ERR,ERR,ERR,ERR,ERR,ERR,ERR,ERR,ERR,ERR,ERR,ERR,ERR,ERR,ERR,ERR,ERR,0.0,0.0,-101055584.0,0.0,0.0,0.0,0.0,nan,0,0,0,32768,0,0.0,0,0.0,0.0,0.0,0.0,0.0,0,0,0,0,0.0,0,0,0,0,0,0,0,0,0,0,0,0,0,0,0,0,0,0,0,0,0,0,0,0,0,0,0,0,0,0,0,0,0,0,0,0,0,0,0,0,0,0,0,0,0.0,0.0,0.0,0.0,0.0,0.0,0.0,0.0,0.0,0.0,0.0,0.0,0.0,0.0,0.0,0.0,0.0,0.0,0.0,0.0,0.0,0.0,-2.004,-2.004,-2.004,-0.0,0.0,0.0,0.0,0.0,3376.5,-0.0,0.0,0.0,-0.0,-0.0,2.7184274988523002e+23,0.0,0.0,0.0,0.0,0,-0.0,4.066829101708843e+29,0.0,0.0,0.0,0.0,0.0,0.0,0.0,0,0,0,0.0,0.0,0.0,0.0,0.0,0.0,0.0,0.0,0.0,0.0,0.0,0.0,0.0,0.0,0.0,0.0,0,-107875648.0,0,0.0,0,-107875648.0,-107877712.0,0,13107,17039,39322,17053,52429,17037,0,0,0,110,100,100,2.7302334150594743e+23,64.0,0.0,64.9,-107615304.0,68.5,1,49,50,180,0,26215,0,0,0.0,0.0,0.0,0.0,-2048999680.0,65.0,0.0,0.0,0.0,645,0,687,0,0,0,716,0,788,0,709,0,689,0,645,0,642,0,617,0.032,36962304.0,2.004,-107615152.0,27792,16788,-2048999680.0,0.0,-0.015,-0.0,5.925915179166222e+35,-2.453446685560911e+22,29.0,60.0,70,0.0,0.0,0.0,0.0,0.0,0.0,0.0,0.0,0.0,0.0,0.0,0.0,0.0,0.0,0.0,0.0,59.2,69,11,65508,41,65476,0,300,0,0,8,20529,65476,0,0,61604,60.0,0.0,0.0,0.0,0.0,0.0
2026-04-04T11:29:40,ERR,ERR,ERR,ERR,ERR,ERR,ERR,ERR,ERR,ERR,ERR,ERR,ERR,ERR,ERR,ERR,ERR,ERR,ERR,ERR,ERR,ERR,ERR,ERR,ERR,ERR,ERR,ERR,ERR,ERR,ERR,ERR,ERR,ERR,ERR,ERR,ERR,ERR,ERR,ERR,ERR,ERR,ERR,ERR,ERR,ERR,ERR,ERR,ERR,ERR,ERR,ERR,ERR,ERR,ERR,ERR,ERR,ERR,ERR,ERR,ERR,ERR,ERR,ERR,ERR,ERR,ERR,ERR,ERR,ERR,ERR,ERR,ERR,ERR,ERR,ERR,ERR,ERR,ERR,ERR,ERR,ERR,ERR,ERR,ERR,ERR,ERR,ERR,ERR,ERR,ERR,ERR,ERR,ERR,ERR,ERR,ERR,ERR,ERR,ERR,ERR,ERR,ERR,ERR,ERR,ERR,ERR,ERR,ERR,ERR,ERR,ERR,ERR,ERR,ERR,ERR,ERR,ERR,ERR,ERR,ERR,ERR,ERR,ERR,ERR,0.0,0.0,-101055584.0,0.0,0.0,0.0,0.0,nan,0,0,0,32768,0,0.0,0,0.0,0.0,0.0,0.0,0.0,0,0,0,0,0.0,0,0,0,0,0,0,0,0,0,0,0,0,0,0,0,0,0,0,0,0,0,0,0,0,0,0,0,0,0,0,0,0,0,0,0,0,0,0,0,0,0,0,0,0,0.0,0.0,0.0,0.0,0.0,0.0,0.0,0.0,0.0,0.0,0.0,0.0,0.0,0.0,0.0,0.0,0.0,0.0,0.0,0.0,0.0,0.0,-2.004,-2.004,-2.004,-0.0,0.0,0.0,0.0,0.0,3376.5,-0.0,0.0,0.0,-0.0,-0.0,2.7184274988523002e+23,0.0,0.0,0.0,0.0,0,-0.0,4.066829101708843e+29,0.0,0.0,0.0,0.0,0.0,0.0,0.0,0,0,0,0.0,0.0,0.0,0.0,0.0,0.0,0.0,0.0,0.0,0.0,0.0,0.0,0.0,0.0,0.0,0.0,0,-107875648.0,0,0.0,0,-107875648.0,-107877712.0,0,13107,17039,39322,17053,52429,17037,0,0,0,110,100,100,2.7302334150594743e+23,64.0,0.0,64.9,-107615304.0,68.5,1,49,50,180,0,26215,0,0,0.0,0.0,0.0,0.0,-2048999680.0,65.0,0.0,0.0,0.0,645,0,687,0,0,0,716,0,788,0,709,0,689,0,645,0,642,0,617,0.032,36962304.0,2.004,-107615152.0,27792,16788,-2048999680.0,0.0,-0.015,-0.0,5.925915179166222e+35,-2.453446685560911e+22,29.0,60.0,70,0.0,0.0,0.0,0.0,0.0,0.0,0.0,0.0,0.0,0.0,0.0,0.0,0.0,0.0,0.0,0.0,59.6,69,11,65508,41,65476,0,300,0,0,8,20529,65476,0,0,61604,60.0,0.0,0.0,0.0,0.0,0.0
2026-04-04T11:29:41,ERR,ERR,ERR,ERR,ERR,ERR,ERR,ERR,ERR,ERR,ERR,ERR,ERR,ERR,ERR,ERR,ERR,ERR,ERR,ERR,ERR,ERR,ERR,ERR,ERR,ERR,ERR,ERR,ERR,ERR,ERR,ERR,ERR,ERR,ERR,ERR,ERR,ERR,ERR,ERR,ERR,ERR,ERR,ERR,ERR,ERR,ERR,ERR,ERR,ERR,ERR,ERR,ERR,ERR,ERR,ERR,ERR,ERR,ERR,ERR,ERR,ERR,ERR,ERR,ERR,ERR,ERR,ERR,ERR,ERR,ERR,ERR,ERR,ERR,ERR,ERR,ERR,ERR,ERR,ERR,ERR,ERR,ERR,ERR,ERR,ERR,ERR,ERR,ERR,ERR,ERR,ERR,ERR,ERR,ERR,ERR,ERR,ERR,ERR,ERR,ERR,ERR,ERR,ERR,ERR,ERR,ERR,ERR,ERR,ERR,ERR,ERR,ERR,ERR,ERR,ERR,ERR,ERR,ERR,ERR,ERR,ERR,ERR,ERR,ERR,0.0,0.0,-101055584.0,0.0,0.0,0.0,0.0,nan,0,0,0,32768,0,0.0,0,0.0,0.0,0.0,0.0,0.0,0,0,0,0,0.0,0,0,0,0,0,0,0,0,0,0,0,0,0,0,0,0,0,0,0,0,0,0,0,0,0,0,0,0,0,0,0,0,0,0,0,0,0,0,0,0,0,0,0,0,0.0,0.0,0.0,0.0,0.0,0.0,0.0,0.0,0.0,0.0,0.0,0.0,0.0,0.0,0.0,0.0,0.0,0.0,0.0,0.0,0.0,0.0,-2.004,-2.004,-2.004,-0.0,0.0,0.0,0.0,0.0,3376.5,-0.0,0.0,0.0,-0.0,-0.0,2.7184274988523002e+23,0.0,0.0,0.0,0.0,0,-0.0,4.066829101708843e+29,0.0,0.0,0.0,0.0,0.0,0.0,0.0,0,0,0,0.0,0.0,0.0,0.0,0.0,0.0,0.0,0.0,0.0,0.0,0.0,0.0,0.0,0.0,0.0,0.0,0,-107875648.0,0,0.0,0,-107875648.0,-107877712.0,0,13107,17039,39322,17053,39322,17037,0,0,0,110,100,100,2.7302334150594743e+23,64.0,0.0,64.9,-107615304.0,68.5,1,49,50,180,0,26215,0,0,0.0,0.0,0.0,0.0,-3749674745856.0,65.0,0.0,0.0,0.0,645,0,687,0,0,0,716,0,788,0,708,0,689,0,645,0,642,0,617,0.032,36700160.0,2.004,-107615152.0,42768,16788,-8.00851456121897e+16,-0.204,-0.0,409565095002112.0,2.8448737037014543e+25,-430444672.0,29.0,60.0,70,0.0,0.0,0.0,0.0,0.0,0.0,0.0,0.0,0.0,0.0,0.0,0.0,0.0,0.0,0.0,0.0,59.2,69,11,65508,41,65476,0,300,0,0,8,20529,65476,0,0,61604,60.0,0.0,0.0,0.0,0.0,0.0
2026-04-04T11:29:42,ERR,ERR,ERR,ERR,ERR,ERR,ERR,ERR,ERR,ERR,ERR,ERR,ERR,ERR,ERR,ERR,ERR,ERR,ERR,ERR,ERR,ERR,ERR,ERR,ERR,ERR,ERR,ERR,ERR,ERR,ERR,ERR,ERR,ERR,ERR,ERR,ERR,ERR,ERR,ERR,ERR,ERR,ERR,ERR,ERR,ERR,ERR,ERR,ERR,ERR,ERR,ERR,ERR,ERR,ERR,ERR,ERR,ERR,ERR,ERR,ERR,ERR,ERR,ERR,ERR,ERR,ERR,ERR,ERR,ERR,ERR,ERR,ERR,ERR,ERR,ERR,ERR,ERR,ERR,ERR,ERR,ERR,ERR,ERR,ERR,ERR,ERR,ERR,ERR,ERR,ERR,ERR,ERR,ERR,ERR,ERR,ERR,ERR,ERR,ERR,ERR,ERR,ERR,ERR,ERR,ERR,ERR,ERR,ERR,ERR,ERR,ERR,ERR,ERR,ERR,ERR,ERR,ERR,ERR,ERR,ERR,ERR,ERR,ERR,ERR,0.0,0.0,-101055584.0,0.0,0.0,0.0,0.0,nan,0,0,0,32768,0,0.0,0,0.0,0.0,0.0,0.0,0.0,0,0,0,0,0.0,0,0,0,0,0,0,0,0,0,0,0,0,0,0,0,0,0,0,0,0,0,0,0,0,0,0,0,0,0,0,0,0,0,0,0,0,0,0,0,0,0,0,0,0,0.0,0.0,0.0,0.0,0.0,0.0,0.0,0.0,0.0,0.0,0.0,0.0,0.0,0.0,0.0,0.0,0.0,0.0,0.0,0.0,0.0,0.0,-2.004,-2.004,-2.004,-0.0,0.0,0.0,0.0,0.0,3376.5,-0.0,0.0,0.0,-0.0,-0.0,2.7184274988523002e+23,0.0,0.0,0.0,0.0,0,-0.0,4.066829101708843e+29,0.0,0.0,0.0,0.0,0.0,0.0,0.0,0,0,0,0.0,0.0,0.0,0.0,0.0,0.0,0.0,0.0,0.0,0.0,0.0,0.0,0.0,0.0,0.0,0.0,0,-107875648.0,0,0.0,0,-107875648.0,-107877712.0,0,13107,17039,39322,17053,39322,17037,0,0,0,110,100,100,2.7302334150594743e+23,64.0,0.0,64.9,-107615304.0,68.5,1,49,50,180,0,26215,0,0,0.0,0.0,0.0,0.0,-3749674745856.0,65.0,0.0,0.0,0.0,645,0,687,0,0,0,716,0,788,0,708,0,689,0,645,0,642,0,617,0.032,36700160.0,2.004,-107615152.0,42768,16788,-8.00851456121897e+16,-0.204,-0.0,409565095002112.0,2.8448737037014543e+25,-430444672.0,29.0,60.0,70,0.0,0.0,0.0,0.0,0.0,0.0,0.0,0.0,0.0,0.0,0.0,0.0,0.0,0.0,0.0,0.0,59.2,69,11,65508,41,65476,0,300,0,0,8,20529,65476,0,0,61604,60.0,0.0,0.0,0.0,0.0,0.0
2026-04-04T11:29:43,ERR,ERR,ERR,ERR,ERR,ERR,ERR,ERR,ERR,ERR,ERR,ERR,ERR,ERR,ERR,ERR,ERR,ERR,ERR,ERR,ERR,ERR,ERR,ERR,ERR,ERR,ERR,ERR,ERR,ERR,ERR,ERR,ERR,ERR,ERR,ERR,ERR,ERR,ERR,ERR,ERR,ERR,ERR,ERR,ERR,ERR,ERR,ERR,ERR,ERR,ERR,ERR,ERR,ERR,ERR,ERR,ERR,ERR,ERR,ERR,ERR,ERR,ERR,ERR,ERR,ERR,ERR,ERR,ERR,ERR,ERR,ERR,ERR,ERR,ERR,ERR,ERR,ERR,ERR,ERR,ERR,ERR,ERR,ERR,ERR,ERR,ERR,ERR,ERR,ERR,ERR,ERR,ERR,ERR,ERR,ERR,ERR,ERR,ERR,ERR,ERR,ERR,ERR,ERR,ERR,ERR,ERR,ERR,ERR,ERR,ERR,ERR,ERR,ERR,ERR,ERR,ERR,ERR,ERR,ERR,ERR,ERR,ERR,ERR,ERR,0.0,0.0,-101055584.0,0.0,0.0,0.0,0.0,nan,0,0,0,32768,0,0.0,0,0.0,0.0,0.0,0.0,0.0,0,0,0,0,0.0,0,0,0,0,0,0,0,0,0,0,0,0,0,0,0,0,0,0,0,0,0,0,0,0,0,0,0,0,0,0,0,0,0,0,0,0,0,0,0,0,0,0,0,0,0.0,0.0,0.0,0.0,0.0,0.0,0.0,0.0,0.0,0.0,0.0,0.0,0.0,0.0,0.0,0.0,0.0,0.0,0.0,0.0,0.0,0.0,-2.004,-2.004,-2.004,-0.0,0.0,0.0,0.0,0.0,3376.5,-0.0,0.0,0.0,-0.0,-0.0,2.7184274988523002e+23,0.0,0.0,0.0,0.0,0,-0.0,4.066829101708843e+29,0.0,0.0,0.0,0.0,0.0,0.0,0.0,0,0,0,0.0,0.0,0.0,0.0,0.0,0.0,0.0,0.0,0.0,0.0,0.0,0.0,0.0,0.0,0.0,0.0,0,-107875648.0,0,0.0,0,-107875648.0,-107877712.0,0,13107,17039,39322,17053,39322,17037,0,0,0,110,100,100,2.7302334150594743e+23,64.0,0.0,64.9,-107615304.0,68.5,1,49,50,180,0,26215,0,0,0.0,0.0,0.0,0.0,-3749674745856.0,65.0,0.0,0.0,0.0,645,0,687,0,0,0,716,0,788,0,708,0,689,0,645,0,642,0,617,0.032,36700160.0,2.004,-107615152.0,42768,16788,-8.00851456121897e+16,-0.204,-0.0,409565095002112.0,2.8448737037014543e+25,-430444672.0,29.0,60.0,70,0.0,0.0,0.0,0.0,0.0,0.0,0.0,0.0,0.0,0.0,0.0,0.0,0.0,0.0,0.0,0.0,59.2,69,11,65508,41,65476,0,300,0,0,8,20529,65476,0,0,61604,60.0,0.0,0.0,0.0,0.0,0.0
2026-04-04T11:29:44,ERR,ERR,ERR,ERR,ERR,ERR,ERR,ERR,ERR,ERR,ERR,ERR,ERR,ERR,ERR,ERR,ERR,ERR,ERR,ERR,ERR,ERR,ERR,ERR,ERR,ERR,ERR,ERR,ERR,ERR,ERR,ERR,ERR,ERR,ERR,ERR,ERR,ERR,ERR,ERR,ERR,ERR,ERR,ERR,ERR,ERR,ERR,ERR,ERR,ERR,ERR,ERR,ERR,ERR,ERR,ERR,ERR,ERR,ERR,ERR,ERR,ERR,ERR,ERR,ERR,ERR,ERR,ERR,ERR,ERR,ERR,ERR,ERR,ERR,ERR,ERR,ERR,ERR,ERR,ERR,ERR,ERR,ERR,ERR,ERR,ERR,ERR,ERR,ERR,ERR,ERR,ERR,ERR,ERR,ERR,ERR,ERR,ERR,ERR,ERR,ERR,ERR,ERR,ERR,ERR,ERR,ERR,ERR,ERR,ERR,ERR,ERR,ERR,ERR,ERR,ERR,ERR,ERR,ERR,ERR,ERR,ERR,ERR,ERR,ERR,0.0,-0.0,-0.0,0.0,0.0,0.0,0.0,nan,0,0,0,32768,0,0.0,0,0.0,0.0,0.0,0.0,0.0,0,0,0,0,0.0,0,0,0,0,0,0,0,0,0,0,0,0,0,0,0,0,0,0,0,0,0,0,0,0,0,0,0,0,0,0,0,0,0,0,0,0,0,0,0,0,0,0,0,0,0.0,0.0,0.0,0.0,0.0,0.0,0.0,0.0,0.0,0.0,0.0,0.0,0.0,0.0,0.0,0.0,0.0,0.0,0.0,0.0,0.0,0.0,-2.004,-2.004,-2.004,-0.0,0.0,0.0,0.0,0.0,3379.5,-2.004,0.0,0.0,-0.0,-0.0,2.7184274988523002e+23,0.0,0.0,0.0,0.0,0,-0.0,-0.0,0.0,0.0,0.0,0.0,0.0,0.0,0.0,0,0,0,0.0,0.0,0.0,0.0,0.0,0.0,0.0,0.0,0.0,0.0,0.0,0.0,0.0,0.0,0.0,0.0,0,-107875648.0,0,0.0,0,-107875648.0,-107877712.0,0,13107,17039,39322,17053,39322,17037,0,0,0,110,100,100,2.7302334150594743e+23,64.0,0.0,64.9,-107615304.0,68.5,1,49,50,180,0,26215,0,0,0.0,0.0,0.0,0.0,-3749674745856.0,65.0,0.0,0.0,0.0,645,0,687,0,0,0,716,0,788,0,708,0,689,0,645,0,642,0,617,0.032,36700160.0,2.004,-107615152.0,42768,16788,-8.00851456121897e+16,-0.204,-0.0,409565095002112.0,2.8448737037014543e+25,-430444672.0,29.0,60.0,70,0.0,0.0,0.0,0.0,0.0,0.0,0.0,0.0,0.0,0.0,0.0,0.0,0.0,0.0,0.0,0.0,59.2,69,11,65508,41,65476,0,300,0,0,8,20529,65476,0,0,61604,60.0,0.0,0.0,0.0,0.0,0.0
2026-04-04T11:29:45,ERR,ERR,ERR,ERR,ERR,ERR,ERR,ERR,ERR,ERR,ERR,ERR,ERR,ERR,ERR,ERR,ERR,ERR,ERR,ERR,ERR,ERR,ERR,ERR,ERR,ERR,ERR,ERR,ERR,ERR,ERR,ERR,ERR,ERR,ERR,ERR,ERR,ERR,ERR,ERR,ERR,ERR,ERR,ERR,ERR,ERR,ERR,ERR,ERR,ERR,ERR,ERR,ERR,ERR,ERR,ERR,ERR,ERR,ERR,ERR,ERR,ERR,ERR,ERR,ERR,ERR,ERR,ERR,ERR,ERR,ERR,ERR,ERR,ERR,ERR,ERR,ERR,ERR,ERR,ERR,ERR,ERR,ERR,ERR,ERR,ERR,ERR,ERR,ERR,ERR,ERR,ERR,ERR,ERR,ERR,ERR,ERR,ERR,ERR,ERR,ERR,ERR,ERR,ERR,ERR,ERR,ERR,ERR,ERR,ERR,ERR,ERR,ERR,ERR,ERR,ERR,ERR,ERR,ERR,ERR,ERR,ERR,ERR,ERR,ERR,0.0,-0.0,-0.0,0.0,0.0,0.0,0.0,nan,0,0,0,32768,0,0.0,0,0.0,0.0,0.0,0.0,0.0,0,0,0,0,0.0,0,0,0,0,0,0,0,0,0,0,0,0,0,0,0,0,0,0,0,0,0,0,0,0,0,0,0,0,0,0,0,0,0,0,0,0,0,0,0,0,0,0,0,0,0.0,0.0,0.0,0.0,0.0,0.0,0.0,0.0,0.0,0.0,0.0,0.0,0.0,0.0,0.0,0.0,0.0,0.0,0.0,0.0,0.0,0.0,-2.004,-2.004,-2.004,-0.0,0.0,0.0,0.0,0.0,3379.5,-2.004,0.0,0.0,-0.0,-0.0,2.7184274988523002e+23,0.0,0.0,0.0,0.0,0,-0.0,-0.0,0.0,0.0,0.0,0.0,0.0,0.0,0.0,0,0,0,0.0,0.0,0.0,0.0,0.0,0.0,0.0,0.0,0.0,0.0,0.0,0.0,0.0,0.0,0.0,0.0,0,-107875648.0,0,0.0,0,-107875648.0,-107877712.0,0,13107,17039,39322,17053,39322,17037,0,0,0,110,100,100,2.7302334150594743e+23,64.0,0.0,64.9,-107615304.0,68.5,1,49,50,180,0,26215,0,0,0.0,0.0,0.0,0.0,-3749674745856.0,65.0,0.0,0.0,0.0,645,0,687,0,0,0,716,0,788,0,708,0,689,0,645,0,642,0,617,0.032,36700160.0,2.004,-107615152.0,42768,16788,-8.00851456121897e+16,-0.204,-0.0,409565095002112.0,2.8448737037014543e+25,-430444672.0,29.0,60.0,70,0.0,0.0,0.0,0.0,0.0,0.0,0.0,0.0,0.0,0.0,0.0,0.0,0.0,0.0,0.0,0.0,59.2,69,11,65508,41,65476,0,300,0,0,8,20529,65476,0,0,61604,60.0,0.0,0.0,0.0,0.0,0.0
2026-04-04T11:29:46,ERR,ERR,ERR,ERR,ERR,ERR,ERR,ERR,ERR,ERR,ERR,ERR,ERR,ERR,ERR,ERR,ERR,ERR,ERR,ERR,ERR,ERR,ERR,ERR,ERR,ERR,ERR,ERR,ERR,ERR,ERR,ERR,ERR,ERR,ERR,ERR,ERR,ERR,ERR,ERR,ERR,ERR,ERR,ERR,ERR,ERR,ERR,ERR,ERR,ERR,ERR,ERR,ERR,ERR,ERR,ERR,ERR,ERR,ERR,ERR,ERR,ERR,ERR,ERR,ERR,ERR,ERR,ERR,ERR,ERR,ERR,ERR,ERR,ERR,ERR,ERR,ERR,ERR,ERR,ERR,ERR,ERR,ERR,ERR,ERR,ERR,ERR,ERR,ERR,ERR,ERR,ERR,ERR,ERR,ERR,ERR,ERR,ERR,ERR,ERR,ERR,ERR,ERR,ERR,ERR,ERR,ERR,ERR,ERR,ERR,ERR,ERR,ERR,ERR,ERR,ERR,ERR,ERR,ERR,ERR,ERR,ERR,ERR,ERR,ERR,0.0,-0.0,-0.0,0.0,0.0,0.0,0.0,nan,0,0,0,32768,0,0.0,0,0.0,0.0,0.0,0.0,0.0,0,0,0,0,0.0,0,0,0,0,0,0,0,0,0,0,0,0,0,0,0,0,0,0,0,0,0,0,0,0,0,0,0,0,0,0,0,0,0,0,0,0,0,0,0,0,0,0,0,0,0.0,0.0,0.0,0.0,0.0,0.0,0.0,0.0,0.0,0.0,0.0,0.0,0.0,0.0,0.0,0.0,0.0,0.0,0.0,0.0,0.0,0.0,-2.004,-2.004,-2.004,-0.0,0.0,0.0,0.0,0.0,3379.5,-2.004,0.0,0.0,-0.0,-0.0,2.7184274988523002e+23,0.0,0.0,0.0,0.0,0,-0.0,-0.0,0.0,0.0,0.0,0.0,0.0,0.0,0.0,0,0,0,0.0,0.0,0.0,0.0,0.0,0.0,0.0,0.0,0.0,0.0,0.0,0.0,0.0,0.0,0.0,0.0,0,-107875648.0,0,0.0,0,-107875648.0,-107877712.0,0,13107,17039,39322,17053,39322,17037,0,0,0,110,100,100,2.7302334150594743e+23,64.0,0.0,64.9,-107615304.0,68.5,1,49,50,180,0,26215,0,0,0.0,0.0,0.0,0.0,-3749674745856.0,65.0,0.0,0.0,0.0,645,0,687,0,0,0,716,0,788,0,708,0,689,0,645,0,642,0,617,0.032,36700160.0,2.004,-107615152.0,42768,16788,-8.00851456121897e+16,-0.204,-0.0,409565095002112.0,2.8448737037014543e+25,-430444672.0,29.0,60.0,70,0.0,0.0,0.0,0.0,0.0,0.0,0.0,0.0,0.0,0.0,0.0,0.0,0.0,0.0,0.0,0.0,59.2,69,11,65508,41,65476,0,300,0,0,8,20529,65476,0,0,61604,60.0,0.0,0.0,0.0,0.0,0.0
2026-04-04T11:29:47,ERR,ERR,ERR,ERR,ERR,ERR,ERR,ERR,ERR,ERR,ERR,ERR,ERR,ERR,ERR,ERR,ERR,ERR,ERR,ERR,ERR,ERR,ERR,ERR,ERR,ERR,ERR,ERR,ERR,ERR,ERR,ERR,ERR,ERR,ERR,ERR,ERR,ERR,ERR,ERR,ERR,ERR,ERR,ERR,ERR,ERR,ERR,ERR,ERR,ERR,ERR,ERR,ERR,ERR,ERR,ERR,ERR,ERR,ERR,ERR,ERR,ERR,ERR,ERR,ERR,ERR,ERR,ERR,ERR,ERR,ERR,ERR,ERR,ERR,ERR,ERR,ERR,ERR,ERR,ERR,ERR,ERR,ERR,ERR,ERR,ERR,ERR,ERR,ERR,ERR,ERR,ERR,ERR,ERR,ERR,ERR,ERR,ERR,ERR,ERR,ERR,ERR,ERR,ERR,ERR,ERR,ERR,ERR,ERR,ERR,ERR,ERR,ERR,ERR,ERR,ERR,ERR,ERR,ERR,ERR,ERR,ERR,ERR,ERR,ERR,0.0,-0.0,-0.0,0.0,0.0,0.0,0.0,nan,0,0,0,32768,0,0.0,0,0.0,0.0,0.0,0.0,0.0,0,0,0,0,0.0,0,0,0,0,0,0,0,0,0,0,0,0,0,0,0,0,0,0,0,0,0,0,0,0,0,0,0,0,0,0,0,0,0,0,0,0,0,0,0,0,0,0,0,0,0.0,0.0,0.0,0.0,0.0,0.0,0.0,0.0,0.0,0.0,0.0,0.0,0.0,0.0,0.0,0.0,0.0,0.0,0.0,0.0,0.0,0.0,-2.004,-2.004,-2.004,-0.0,0.0,0.0,0.0,0.0,3379.5,-2.004,0.0,0.0,-0.0,-0.0,2.7184274988523002e+23,0.0,0.0,0.0,0.0,0,-0.0,-0.0,0.0,0.0,0.0,0.0,0.0,0.0,0.0,0,0,0,0.0,0.0,0.0,0.0,0.0,0.0,0.0,0.0,0.0,0.0,0.0,0.0,0.0,0.0,0.0,0.0,0,-107875648.0,0,0.0,0,-107875648.0,-107877712.0,0,13107,17039,39322,17053,39322,17037,0,0,0,110,100,100,2.7302334150594743e+23,64.0,0.0,64.9,-107615304.0,68.5,1,49,50,180,0,26215,0,0,0.0,0.0,0.0,0.0,-5.827770327664121e+24,65.0,0.0,0.0,0.0,645,0,687,0,0,0,716,0,788,0,708,0,689,0,645,0,642,0,617,0.032,36962304.0,2.004,-107615152.0,30480,16788,-5.827770327664121e+24,0.0,-2.1829189376512918e+33,3.473,-0.0,0.0,29.0,60.0,70,0.0,0.0,0.0,0.0,0.0,0.0,0.0,0.0,0.0,0.0,0.0,0.0,0.0,0.0,0.0,0.0,59.2,69,11,65508,41,65476,0,300,0,0,8,20529,65476,0,0,61604,60.0,0.0,0.0,0.0,0.0,0.0
2026-04-04T11:29:48,ERR,ERR,ERR,ERR,ERR,ERR,ERR,ERR,ERR,ERR,ERR,ERR,ERR,ERR,ERR,ERR,ERR,ERR,ERR,ERR,ERR,ERR,ERR,ERR,ERR,ERR,ERR,ERR,ERR,ERR,ERR,ERR,ERR,ERR,ERR,ERR,ERR,ERR,ERR,ERR,ERR,ERR,ERR,ERR,ERR,ERR,ERR,ERR,ERR,ERR,ERR,ERR,ERR,ERR,ERR,ERR,ERR,ERR,ERR,ERR,ERR,ERR,ERR,ERR,ERR,ERR,ERR,ERR,ERR,ERR,ERR,ERR,ERR,ERR,ERR,ERR,ERR,ERR,ERR,ERR,ERR,ERR,ERR,ERR,ERR,ERR,ERR,ERR,ERR,ERR,ERR,ERR,ERR,ERR,ERR,ERR,ERR,ERR,ERR,ERR,ERR,ERR,ERR,ERR,ERR,ERR,ERR,ERR,ERR,ERR,ERR,ERR,ERR,ERR,ERR,ERR,ERR,ERR,ERR,ERR,ERR,ERR,ERR,ERR,ERR,0.0,-0.0,-0.0,0.0,0.0,0.0,0.0,nan,0,0,0,32768,0,0.0,0,0.0,0.0,0.0,0.0,0.0,0,0,0,0,0.0,0,0,0,0,0,0,0,0,0,0,0,0,0,0,0,0,0,0,0,0,0,0,0,0,0,0,0,0,0,0,0,0,0,0,0,0,0,0,0,0,0,0,0,0,0.0,0.0,0.0,0.0,0.0,0.0,0.0,0.0,0.0,0.0,0.0,0.0,0.0,0.0,0.0,0.0,0.0,0.0,0.0,0.0,0.0,0.0,-2.004,-2.004,-2.004,-0.0,0.0,0.0,0.0,0.0,3379.5,-2.004,0.0,0.0,-0.0,-0.0,2.7184274988523002e+23,0.0,0.0,0.0,0.0,0,-0.0,-0.0,0.0,0.0,0.0,0.0,0.0,0.0,0.0,0,0,0,0.0,0.0,0.0,0.0,0.0,0.0,0.0,0.0,0.0,0.0,0.0,0.0,0.0,0.0,0.0,0.0,0,-107875648.0,0,0.0,0,-107875648.0,-107877712.0,0,13107,17039,39322,17053,39322,17037,0,0,0,110,100,100,2.7302334150594743e+23,64.0,0.0,64.9,-107615304.0,68.5,1,49,50,180,0,26215,0,0,0.0,0.0,0.0,0.0,-5.827770327664121e+24,65.0,0.0,0.0,0.0,645,0,687,0,0,0,716,0,788,0,708,0,689,0,645,0,642,0,617,0.032,36962304.0,2.004,-107615152.0,30480,16788,-5.827770327664121e+24,0.0,-2.1829189376512918e+33,3.473,-0.0,0.0,29.0,60.0,70,0.0,0.0,0.0,0.0,0.0,0.0,0.0,0.0,0.0,0.0,0.0,0.0,0.0,0.0,0.0,0.0,59.2,69,11,65508,41,65476,0,300,0,0,8,20529,65476,0,0,61604,60.0,0.0,0.0,0.0,0.0,0.0
2026-04-04T11:29:49,ERR,ERR,ERR,ERR,ERR,ERR,ERR,ERR,ERR,ERR,ERR,ERR,ERR,ERR,ERR,ERR,ERR,ERR,ERR,ERR,ERR,ERR,ERR,ERR,ERR,ERR,ERR,ERR,ERR,ERR,ERR,ERR,ERR,ERR,ERR,ERR,ERR,ERR,ERR,ERR,ERR,ERR,ERR,ERR,ERR,ERR,ERR,ERR,ERR,ERR,ERR,ERR,ERR,ERR,ERR,ERR,ERR,ERR,ERR,ERR,ERR,ERR,ERR,ERR,ERR,ERR,ERR,ERR,ERR,ERR,ERR,ERR,ERR,ERR,ERR,ERR,ERR,ERR,ERR,ERR,ERR,ERR,ERR,ERR,ERR,ERR,ERR,ERR,ERR,ERR,ERR,ERR,ERR,ERR,ERR,ERR,ERR,ERR,ERR,ERR,ERR,ERR,ERR,ERR,ERR,ERR,ERR,ERR,ERR,ERR,ERR,ERR,ERR,ERR,ERR,ERR,ERR,ERR,ERR,ERR,ERR,ERR,ERR,ERR,ERR,0.0,-0.0,-0.0,0.0,0.0,0.0,0.0,nan,0,0,0,32768,0,0.0,0,0.0,0.0,0.0,0.0,0.0,0,0,0,0,0.0,0,0,0,0,0,0,0,0,0,0,0,0,0,0,0,0,0,0,0,0,0,0,0,0,0,0,0,0,0,0,0,0,0,0,0,0,0,0,0,0,0,0,0,0,0.0,0.0,0.0,0.0,0.0,0.0,0.0,0.0,0.0,0.0,0.0,0.0,0.0,0.0,0.0,0.0,0.0,0.0,0.0,0.0,0.0,0.0,-2.004,-2.004,-2.004,-0.0,0.0,0.0,0.0,0.0,3379.5,-2.004,0.0,0.0,-0.0,-0.0,2.7184274988523002e+23,0.0,0.0,0.0,0.0,0,-0.0,-0.0,0.0,0.0,0.0,0.0,0.0,0.0,0.0,0,0,0,0.0,0.0,0.0,0.0,0.0,0.0,0.0,0.0,0.0,0.0,0.0,0.0,0.0,0.0,0.0,0.0,0,-107875648.0,0,0.0,0,-107875648.0,-107877712.0,0,13107,17039,39322,17053,39322,17037,0,0,0,110,100,100,2.7302334150594743e+23,64.0,0.0,64.9,-107615304.0,68.5,1,49,50,180,0,26215,0,0,0.0,0.0,0.0,0.0,-5.827770327664121e+24,65.0,0.0,0.0,0.0,645,0,687,0,0,0,716,0,788,0,708,0,689,0,645,0,642,0,617,0.032,36962304.0,2.004,-107615152.0,30480,16788,-5.827770327664121e+24,0.0,-2.1829189376512918e+33,3.473,-0.0,0.0,29.0,60.0,70,0.0,0.0,0.0,0.0,0.0,0.0,0.0,0.0,0.0,0.0,0.0,0.0,0.0,0.0,0.0,0.0,59.2,69,11,65508,41,65476,0,300,0,0,8,20529,65476,0,0,61604,60.0,0.0,0.0,0.0,0.0,0.0
2026-04-04T11:29:50,ERR,ERR,ERR,ERR,ERR,ERR,ERR,ERR,ERR,ERR,ERR,ERR,ERR,ERR,ERR,ERR,ERR,ERR,ERR,ERR,ERR,ERR,ERR,ERR,ERR,ERR,ERR,ERR,ERR,ERR,ERR,ERR,ERR,ERR,ERR,ERR,ERR,ERR,ERR,ERR,ERR,ERR,ERR,ERR,ERR,ERR,ERR,ERR,ERR,ERR,ERR,ERR,ERR,ERR,ERR,ERR,ERR,ERR,ERR,ERR,ERR,ERR,ERR,ERR,ERR,ERR,ERR,ERR,ERR,ERR,ERR,ERR,ERR,ERR,ERR,ERR,ERR,ERR,ERR,ERR,ERR,ERR,ERR,ERR,ERR,ERR,ERR,ERR,ERR,ERR,ERR,ERR,ERR,ERR,ERR,ERR,ERR,ERR,ERR,ERR,ERR,ERR,ERR,ERR,ERR,ERR,ERR,ERR,ERR,ERR,ERR,ERR,ERR,ERR,ERR,ERR,ERR,ERR,ERR,ERR,ERR,ERR,ERR,ERR,ERR,0.0,-0.0,-0.0,0.0,0.0,0.0,0.0,nan,0,0,0,32768,0,0.0,0,0.0,0.0,0.0,0.0,0.0,0,0,0,0,0.0,0,0,0,0,0,0,0,0,0,0,0,0,0,0,0,0,0,0,0,0,0,0,0,0,0,0,0,0,0,0,0,0,0,0,0,0,0,0,0,0,0,0,0,0,0.0,0.0,0.0,0.0,0.0,0.0,0.0,0.0,0.0,0.0,0.0,0.0,0.0,0.0,0.0,0.0,0.0,0.0,0.0,0.0,0.0,0.0,-2.004,-2.004,-2.004,-0.0,0.0,0.0,0.0,0.0,3379.5,-2.004,0.0,0.0,-0.0,-0.0,2.7184274988523002e+23,0.0,0.0,0.0,0.0,0,-0.0,-0.0,0.0,0.0,0.0,0.0,0.0,0.0,0.0,0,0,0,0.0,0.0,0.0,0.0,0.0,0.0,0.0,0.0,0.0,0.0,0.0,0.0,0.0,0.0,0.0,0.0,0,-107875648.0,0,0.0,0,-107875648.0,-107877712.0,0,13107,17039,39322,17053,39322,17037,0,0,0,110,100,100,2.7302334150594743e+23,64.0,0.0,64.9,-107615304.0,68.5,1,49,50,180,0,26215,0,0,0.0,0.0,0.0,0.0,-5.827770327664121e+24,65.0,0.0,0.0,0.0,645,0,687,0,0,0,716,0,788,0,708,0,689,0,645,0,642,0,617,0.032,36962304.0,2.004,-107615152.0,30480,16788,-5.827770327664121e+24,0.0,-2.1829189376512918e+33,3.473,-0.0,0.0,29.0,60.0,70,0.0,0.0,0.0,0.0,0.0,0.0,0.0,0.0,0.0,0.0,0.0,0.0,0.0,0.0,0.0,0.0,59.2,69,11,65508,41,65476,0,300,0,0,8,20529,65476,0,0,61604,60.0,0.0,0.0,0.0,0.0,0.0
2026-04-04T11:29:51,ERR,ERR,ERR,ERR,ERR,ERR,ERR,ERR,ERR,ERR,ERR,ERR,ERR,ERR,ERR,ERR,ERR,ERR,ERR,ERR,ERR,ERR,ERR,ERR,ERR,ERR,ERR,ERR,ERR,ERR,ERR,ERR,ERR,ERR,ERR,ERR,ERR,ERR,ERR,ERR,ERR,ERR,ERR,ERR,ERR,ERR,ERR,ERR,ERR,ERR,ERR,ERR,ERR,ERR,ERR,ERR,ERR,ERR,ERR,ERR,ERR,ERR,ERR,ERR,ERR,ERR,ERR,ERR,ERR,ERR,ERR,ERR,ERR,ERR,ERR,ERR,ERR,ERR,ERR,ERR,ERR,ERR,ERR,ERR,ERR,ERR,ERR,ERR,ERR,ERR,ERR,ERR,ERR,ERR,ERR,ERR,ERR,ERR,ERR,ERR,ERR,ERR,ERR,ERR,ERR,ERR,ERR,ERR,ERR,ERR,ERR,ERR,ERR,ERR,ERR,ERR,ERR,ERR,ERR,ERR,ERR,ERR,ERR,ERR,ERR,0.0,-0.0,-0.0,0.0,0.0,0.0,0.0,nan,0,0,0,32768,0,0.0,0,0.0,0.0,0.0,0.0,0.0,0,0,0,0,0.0,0,0,0,0,0,0,0,0,0,0,0,0,0,0,0,0,0,0,0,0,0,0,0,0,0,0,0,0,0,0,0,0,0,0,0,0,0,0,0,0,0,0,0,0,0.0,0.0,0.0,0.0,0.0,0.0,0.0,0.0,0.0,0.0,0.0,0.0,0.0,0.0,0.0,0.0,0.0,0.0,0.0,0.0,0.0,0.0,-2.004,-2.004,-2.004,-0.0,0.0,0.0,0.0,0.0,3379.5,-2.004,0.0,0.0,-0.0,-0.0,2.7184274988523002e+23,0.0,0.0,0.0,0.0,0,-0.0,-0.0,0.0,0.0,0.0,0.0,0.0,0.0,0.0,0,0,0,0.0,0.0,0.0,0.0,0.0,0.0,0.0,0.0,0.0,0.0,0.0,0.0,0.0,0.0,0.0,0.0,0,-107875648.0,0,0.0,0,-107875648.0,-107877712.0,0,13107,17039,39322,17053,39322,17037,0,0,0,110,100,100,2.7302334150594743e+23,64.0,0.0,64.9,-107615304.0,68.5,1,49,50,180,0,26215,0,0,0.0,0.0,0.0,0.0,-5.827770327664121e+24,65.0,0.0,0.0,0.0,645,0,687,0,0,0,716,0,788,0,708,0,689,0,645,0,642,0,617,0.032,36962304.0,2.004,-107615152.0,30480,16788,-5.827770327664121e+24,0.0,-2.1829189376512918e+33,3.473,-0.0,0.0,29.0,60.0,70,0.0,0.0,0.0,0.0,0.0,0.0,0.0,0.0,0.0,0.0,0.0,0.0,0.0,0.0,0.0,0.0,59.2,69,11,65508,41,65476,0,300,0,0,8,20529,65476,0,0,61604,60.0,0.0,0.0,0.0,0.0,0.0
2026-04-04T11:29:52,ERR,ERR,ERR,ERR,ERR,ERR,ERR,ERR,ERR,ERR,ERR,ERR,ERR,ERR,ERR,ERR,ERR,ERR,ERR,ERR,ERR,ERR,ERR,ERR,ERR,ERR,ERR,ERR,ERR,ERR,ERR,ERR,ERR,ERR,ERR,ERR,ERR,ERR,ERR,ERR,ERR,ERR,ERR,ERR,ERR,ERR,ERR,ERR,ERR,ERR,ERR,ERR,ERR,ERR,ERR,ERR,ERR,ERR,ERR,ERR,ERR,ERR,ERR,ERR,ERR,ERR,ERR,ERR,ERR,ERR,ERR,ERR,ERR,ERR,ERR,ERR,ERR,ERR,ERR,ERR,ERR,ERR,ERR,ERR,ERR,ERR,ERR,ERR,ERR,ERR,ERR,ERR,ERR,ERR,ERR,ERR,ERR,ERR,ERR,ERR,ERR,ERR,ERR,ERR,ERR,ERR,ERR,ERR,ERR,ERR,ERR,ERR,ERR,ERR,ERR,ERR,ERR,ERR,ERR,ERR,ERR,ERR,ERR,ERR,ERR,0.0,-0.0,-0.0,0.0,0.0,0.0,0.0,nan,0,0,0,32768,0,0.0,0,0.0,0.0,0.0,0.0,0.0,0,0,0,0,0.0,0,0,0,0,0,0,0,0,0,0,0,0,0,0,0,0,0,0,0,0,0,0,0,0,0,0,0,0,0,0,0,0,0,0,0,0,0,0,0,0,0,0,0,0,0.0,0.0,0.0,0.0,0.0,0.0,0.0,0.0,0.0,0.0,0.0,0.0,0.0,0.0,0.0,0.0,0.0,0.0,0.0,0.0,0.0,0.0,-2.004,-2.004,-2.004,2.004,0.0,0.0,0.0,0.0,3394.5,0.0,0.0,0.0,-0.0,-0.0,2.7184274988523002e+23,0.0,0.0,0.0,0.0,0,-0.0,-0.0,0.0,0.0,0.0,0.0,0.0,0.0,0.0,0,0,0,0.0,0.0,0.0,0.0,0.0,0.0,0.0,0.0,0.0,0.0,0.0,0.0,0.0,0.0,0.0,0.0,0,-107875648.0,0,0.0,0,-107875648.0,-107877712.0,0,13107,17039,39322,17053,39322,17037,0,0,0,110,100,100,2.7302334150594743e+23,64.0,0.0,64.9,-107615304.0,68.5,1,49,50,180,0,26215,0,0,0.0,0.0,0.0,0.0,-5.827770327664121e+24,65.0,0.0,0.0,0.0,645,0,687,0,0,0,716,0,788,0,708,0,689,0,645,0,642,0,617,0.032,36962304.0,2.004,-107615152.0,30480,16788,-5.827770327664121e+24,0.0,-2.1829189376512918e+33,3.473,-0.0,0.0,29.0,60.0,70,0.0,0.0,0.0,0.0,0.0,0.0,0.0,0.0,0.0,0.0,0.0,0.0,0.0,0.0,0.0,0.0,59.6,69,11,65508,41,65476,0,300,0,0,8,20529,65476,0,0,61604,60.0,0.0,0.0,0.0,0.0,0.0
2026-04-04T11:29:53,ERR,ERR,ERR,ERR,ERR,ERR,ERR,ERR,ERR,ERR,ERR,ERR,ERR,ERR,ERR,ERR,ERR,ERR,ERR,ERR,ERR,ERR,ERR,ERR,ERR,ERR,ERR,ERR,ERR,ERR,ERR,ERR,ERR,ERR,ERR,ERR,ERR,ERR,ERR,ERR,ERR,ERR,ERR,ERR,ERR,ERR,ERR,ERR,ERR,ERR,ERR,ERR,ERR,ERR,ERR,ERR,ERR,ERR,ERR,ERR,ERR,ERR,ERR,ERR,ERR,ERR,ERR,ERR,ERR,ERR,ERR,ERR,ERR,ERR,ERR,ERR,ERR,ERR,ERR,ERR,ERR,ERR,ERR,ERR,ERR,ERR,ERR,ERR,ERR,ERR,ERR,ERR,ERR,ERR,ERR,ERR,ERR,ERR,ERR,ERR,ERR,ERR,ERR,ERR,ERR,ERR,ERR,ERR,ERR,ERR,ERR,ERR,ERR,ERR,ERR,ERR,ERR,ERR,ERR,ERR,ERR,ERR,ERR,ERR,ERR,0.0,-0.0,-0.0,0.0,0.0,0.0,0.0,nan,0,0,0,32768,0,0.0,0,0.0,0.0,0.0,0.0,0.0,0,0,0,0,0.0,0,0,0,0,0,0,0,0,0,0,0,0,0,0,0,0,0,0,0,0,0,0,0,0,0,0,0,0,0,0,0,0,0,0,0,0,0,0,0,0,0,0,0,0,0.0,0.0,0.0,0.0,0.0,0.0,0.0,0.0,0.0,0.0,0.0,0.0,0.0,0.0,0.0,0.0,0.0,0.0,0.0,0.0,0.0,0.0,-2.004,-2.004,-2.004,2.004,0.0,0.0,0.0,0.0,3394.5,0.0,0.0,0.0,-0.0,-0.0,2.7184274988523002e+23,0.0,0.0,0.0,0.0,0,-0.0,-0.0,0.0,0.0,0.0,0.0,0.0,0.0,0.0,0,0,0,0.0,0.0,0.0,0.0,0.0,0.0,0.0,0.0,0.0,0.0,0.0,0.0,0.0,0.0,0.0,0.0,0,-107875648.0,0,0.0,0,-107875648.0,-107877712.0,0,13107,17039,39322,17053,39322,17037,0,0,0,110,100,100,2.7302334150594743e+23,64.0,0.0,64.9,-107615304.0,68.5,1,49,50,180,0,26215,0,0,0.0,0.0,0.0,0.0,-4.1003594553441124e+19,65.0,0.0,2.3549315414645906e+20,0.0,645,0,687,0,0,0,716,0,788,0,708,0,689,0,645,0,642,0,617,0.032,36962304.0,2.004,-107615152.0,32784,16788,-2.0993840411361856e+22,1.5745006546759555e+33,0.0,-0.0,-110.129,1330.016,29.0,60.0,70,0.0,0.0,0.0,0.0,0.0,0.0,0.0,0.0,0.0,0.0,0.0,0.0,0.0,0.0,0.0,0.0,59.6,69,11,65508,41,65476,0,300,0,0,8,20529,65476,0,0,61604,60.0,0.0,0.0,0.0,0.0,0.0
2026-04-04T11:29:54,ERR,ERR,ERR,ERR,ERR,ERR,ERR,ERR,ERR,ERR,ERR,ERR,ERR,ERR,ERR,ERR,ERR,ERR,ERR,ERR,ERR,ERR,ERR,ERR,ERR,ERR,ERR,ERR,ERR,ERR,ERR,ERR,ERR,ERR,ERR,ERR,ERR,ERR,ERR,ERR,ERR,ERR,ERR,ERR,ERR,ERR,ERR,ERR,ERR,ERR,ERR,ERR,ERR,ERR,ERR,ERR,ERR,ERR,ERR,ERR,ERR,ERR,ERR,ERR,ERR,ERR,ERR,ERR,ERR,ERR,ERR,ERR,ERR,ERR,ERR,ERR,ERR,ERR,ERR,ERR,ERR,ERR,ERR,ERR,ERR,ERR,ERR,ERR,ERR,ERR,ERR,ERR,ERR,ERR,ERR,ERR,ERR,ERR,ERR,ERR,ERR,ERR,ERR,ERR,ERR,ERR,ERR,ERR,ERR,ERR,ERR,ERR,ERR,ERR,ERR,ERR,ERR,ERR,ERR,ERR,ERR,ERR,ERR,ERR,ERR,0.0,-0.0,-0.0,0.0,0.0,0.0,0.0,nan,0,0,0,32768,0,0.0,0,0.0,0.0,0.0,0.0,0.0,0,0,0,0,0.0,0,0,0,0,0,0,0,0,0,0,0,0,0,0,0,0,0,0,0,0,0,0,0,0,0,0,0,0,0,0,0,0,0,0,0,0,0,0,0,0,0,0,0,0,0.0,0.0,0.0,0.0,0.0,0.0,0.0,0.0,0.0,0.0,0.0,0.0,0.0,0.0,0.0,0.0,0.0,0.0,0.0,0.0,0.0,0.0,-2.004,-2.004,-2.004,2.004,0.0,0.0,0.0,0.0,3394.5,0.0,0.0,0.0,-0.0,-0.0,2.7184274988523002e+23,0.0,0.0,0.0,0.0,0,-0.0,-0.0,0.0,0.0,0.0,0.0,0.0,0.0,0.0,0,0,0,0.0,0.0,0.0,0.0,0.0,0.0,0.0,0.0,0.0,0.0,0.0,0.0,0.0,0.0,0.0,0.0,0,-107875648.0,0,0.0,0,-107875648.0,-107877712.0,0,13107,17039,39322,17053,39322,17037,0,0,0,110,100,100,2.7302334150594743e+23,64.0,0.0,64.9,-107615304.0,68.5,1,49,50,180,0,26215,0,0,0.0,0.0,0.0,0.0,-4.1003594553441124e+19,65.0,0.0,2.3549315414645906e+20,0.0,645,0,687,0,0,0,716,0,788,0,708,0,689,0,645,0,642,0,617,0.032,36962304.0,2.004,-107615152.0,32784,16788,-2.0993840411361856e+22,1.5745006546759555e+33,0.0,-0.0,-110.129,1330.016,29.0,60.0,70,0.0,0.0,0.0,0.0,0.0,0.0,0.0,0.0,0.0,0.0,0.0,0.0,0.0,0.0,0.0,0.0,59.6,69,11,65508,41,65476,0,300,0,0,8,20529,65476,0,0,61604,60.0,0.0,0.0,0.0,0.0,0.0
2026-04-04T11:29:55,ERR,ERR,ERR,ERR,ERR,ERR,ERR,ERR,ERR,ERR,ERR,ERR,ERR,ERR,ERR,ERR,ERR,ERR,ERR,ERR,ERR,ERR,ERR,ERR,ERR,ERR,ERR,ERR,ERR,ERR,ERR,ERR,ERR,ERR,ERR,ERR,ERR,ERR,ERR,ERR,ERR,ERR,ERR,ERR,ERR,ERR,ERR,ERR,ERR,ERR,ERR,ERR,ERR,ERR,ERR,ERR,ERR,ERR,ERR,ERR,ERR,ERR,ERR,ERR,ERR,ERR,ERR,ERR,ERR,ERR,ERR,ERR,ERR,ERR,ERR,ERR,ERR,ERR,ERR,ERR,ERR,ERR,ERR,ERR,ERR,ERR,ERR,ERR,ERR,ERR,ERR,ERR,ERR,ERR,ERR,ERR,ERR,ERR,ERR,ERR,ERR,ERR,ERR,ERR,ERR,ERR,ERR,ERR,ERR,ERR,ERR,ERR,ERR,ERR,ERR,ERR,ERR,ERR,ERR,ERR,ERR,ERR,ERR,ERR,ERR,0.0,-0.0,-0.0,0.0,0.0,0.0,0.0,nan,0,0,0,32768,0,0.0,0,0.0,0.0,0.0,0.0,0.0,0,0,0,0,0.0,0,0,0,0,0,0,0,0,0,0,0,0,0,0,0,0,0,0,0,0,0,0,0,0,0,0,0,0,0,0,0,0,0,0,0,0,0,0,0,0,0,0,0,0,0.0,0.0,0.0,0.0,0.0,0.0,0.0,0.0,0.0,0.0,0.0,0.0,0.0,0.0,0.0,0.0,0.0,0.0,0.0,0.0,0.0,0.0,-2.004,-2.004,-2.004,2.004,0.0,0.0,0.0,0.0,3394.5,0.0,0.0,0.0,-0.0,-0.0,2.7184274988523002e+23,0.0,0.0,0.0,0.0,0,-0.0,-0.0,0.0,0.0,0.0,0.0,0.0,0.0,0.0,0,0,0,0.0,0.0,0.0,0.0,0.0,0.0,0.0,0.0,0.0,0.0,0.0,0.0,0.0,0.0,0.0,0.0,0,-107875648.0,0,0.0,0,-107875648.0,-107877712.0,0,13107,17039,39322,17053,39322,17037,0,0,0,110,100,100,2.7302334150594743e+23,64.0,0.0,64.9,-107615304.0,68.5,1,49,50,180,0,26215,0,0,0.0,0.0,0.0,0.0,-4.1003594553441124e+19,65.0,0.0,2.3549315414645906e+20,0.0,645,0,687,0,0,0,716,0,788,0,708,0,689,0,645,0,642,0,617,0.032,36962304.0,2.004,-107615152.0,32784,16788,-2.0993840411361856e+22,1.5745006546759555e+33,0.0,-0.0,-110.129,1330.016,29.0,60.0,70,0.0,0.0,0.0,0.0,0.0,0.0,0.0,0.0,0.0,0.0,0.0,0.0,0.0,0.0,0.0,0.0,59.2,69,11,65508,41,65476,0,300,0,0,8,20529,65476,0,0,61604,60.0,0.0,0.0,0.0,0.0,0.0
2026-04-04T11:29:56,ERR,ERR,ERR,ERR,ERR,ERR,ERR,ERR,ERR,ERR,ERR,ERR,ERR,ERR,ERR,ERR,ERR,ERR,ERR,ERR,ERR,ERR,ERR,ERR,ERR,ERR,ERR,ERR,ERR,ERR,ERR,ERR,ERR,ERR,ERR,ERR,ERR,ERR,ERR,ERR,ERR,ERR,ERR,ERR,ERR,ERR,ERR,ERR,ERR,ERR,ERR,ERR,ERR,ERR,ERR,ERR,ERR,ERR,ERR,ERR,ERR,ERR,ERR,ERR,ERR,ERR,ERR,ERR,ERR,ERR,ERR,ERR,ERR,ERR,ERR,ERR,ERR,ERR,ERR,ERR,ERR,ERR,ERR,ERR,ERR,ERR,ERR,ERR,ERR,ERR,ERR,ERR,ERR,ERR,ERR,ERR,ERR,ERR,ERR,ERR,ERR,ERR,ERR,ERR,ERR,ERR,ERR,ERR,ERR,ERR,ERR,ERR,ERR,ERR,ERR,ERR,ERR,ERR,ERR,ERR,ERR,ERR,ERR,ERR,ERR,0.0,-0.0,-0.0,0.0,0.0,0.0,0.0,nan,0,0,0,32768,0,0.0,0,0.0,0.0,0.0,0.0,0.0,0,0,0,0,0.0,0,0,0,0,0,0,0,0,0,0,0,0,0,0,0,0,0,0,0,0,0,0,0,0,0,0,0,0,0,0,0,0,0,0,0,0,0,0,0,0,0,0,0,0,0.0,0.0,0.0,0.0,0.0,0.0,0.0,0.0,0.0,0.0,0.0,0.0,0.0,0.0,0.0,0.0,0.0,0.0,0.0,0.0,0.0,0.0,-2.004,-2.004,-2.004,2.004,0.0,0.0,0.0,0.0,3394.5,0.0,0.0,0.0,-0.0,-0.0,2.7184274988523002e+23,0.0,0.0,0.0,0.0,0,-0.0,-0.0,0.0,0.0,0.0,0.0,0.0,0.0,0.0,0,0,0,0.0,0.0,0.0,0.0,0.0,0.0,0.0,0.0,0.0,0.0,0.0,0.0,0.0,0.0,0.0,0.0,0,-107875648.0,0,0.0,0,-107875648.0,-107877712.0,0,13107,17039,39322,17053,39322,17037,0,0,0,110,100,100,2.7302334150594743e+23,64.0,0.0,64.9,-107615304.0,68.5,1,49,50,180,0,26215,0,0,0.0,0.0,0.0,0.0,-4.1003594553441124e+19,65.0,0.0,2.3549315414645906e+20,0.0,645,0,687,0,0,0,716,0,788,0,708,0,689,0,645,0,642,0,617,0.032,36962304.0,2.004,-107615152.0,32784,16788,-2.0993840411361856e+22,1.5745006546759555e+33,0.0,-0.0,-110.129,1330.016,29.0,60.0,70,0.0,0.0,0.0,0.0,0.0,0.0,0.0,0.0,0.0,0.0,0.0,0.0,0.0,0.0,0.0,0.0,59.2,69,11,65508,41,65476,0,300,0,0,8,20529,65476,0,0,61604,60.0,0.0,0.0,0.0,0.0,0.0
2026-04-04T11:29:57,ERR,ERR,ERR,ERR,ERR,ERR,ERR,ERR,ERR,ERR,ERR,ERR,ERR,ERR,ERR,ERR,ERR,ERR,ERR,ERR,ERR,ERR,ERR,ERR,ERR,ERR,ERR,ERR,ERR,ERR,ERR,ERR,ERR,ERR,ERR,ERR,ERR,ERR,ERR,ERR,ERR,ERR,ERR,ERR,ERR,ERR,ERR,ERR,ERR,ERR,ERR,ERR,ERR,ERR,ERR,ERR,ERR,ERR,ERR,ERR,ERR,ERR,ERR,ERR,ERR,ERR,ERR,ERR,ERR,ERR,ERR,ERR,ERR,ERR,ERR,ERR,ERR,ERR,ERR,ERR,ERR,ERR,ERR,ERR,ERR,ERR,ERR,ERR,ERR,ERR,ERR,ERR,ERR,ERR,ERR,ERR,ERR,ERR,ERR,ERR,ERR,ERR,ERR,ERR,ERR,ERR,ERR,ERR,ERR,ERR,ERR,ERR,ERR,ERR,ERR,ERR,ERR,ERR,ERR,ERR,ERR,ERR,ERR,ERR,ERR,0.0,-0.0,-0.0,0.0,0.0,0.0,0.0,nan,0,0,0,32768,0,0.0,0,0.0,0.0,0.0,0.0,0.0,0,0,0,0,0.0,0,0,0,0,0,0,0,0,0,0,0,0,0,0,0,0,0,0,0,0,0,0,0,0,0,0,0,0,0,0,0,0,0,0,0,0,0,0,0,0,0,0,0,0,0.0,0.0,0.0,0.0,0.0,0.0,0.0,0.0,0.0,0.0,0.0,0.0,0.0,0.0,0.0,0.0,0.0,0.0,0.0,0.0,0.0,0.0,-2.004,-2.004,-2.004,2.004,0.0,0.0,0.0,0.0,3394.5,0.0,0.0,0.0,-0.0,-0.0,2.7184274988523002e+23,0.0,0.0,0.0,0.0,0,-0.0,-0.0,0.0,0.0,0.0,0.0,0.0,0.0,0.0,0,0,0,0.0,0.0,0.0,0.0,0.0,0.0,0.0,0.0,0.0,0.0,0.0,0.0,0.0,0.0,0.0,0.0,0,-107875648.0,0,0.0,0,-107875648.0,-107877712.0,0,13107,17039,39322,17053,39322,17037,0,0,0,110,100,100,2.7302334150594743e+23,64.0,0.0,64.9,-107615304.0,68.5,1,49,50,180,0,26215,0,0,0.0,0.0,0.0,0.0,-4.1003594553441124e+19,65.0,0.0,2.3549315414645906e+20,0.0,645,0,687,0,0,0,716,0,788,0,708,0,689,0,645,0,642,0,617,0.032,36962304.0,2.004,-107615152.0,32784,16788,-2.0993840411361856e+22,1.5745006546759555e+33,0.0,-0.0,-110.129,1330.016,29.0,60.0,70,0.0,0.0,0.0,0.0,0.0,0.0,0.0,0.0,0.0,0.0,0.0,0.0,0.0,0.0,0.0,0.0,59.2,69,11,65508,41,65476,0,300,0,0,8,20529,65476,0,0,61604,60.0,0.0,0.0,0.0,0.0,0.0
2026-04-04T11:29:58,ERR,ERR,ERR,ERR,ERR,ERR,ERR,ERR,ERR,ERR,ERR,ERR,ERR,ERR,ERR,ERR,ERR,ERR,ERR,ERR,ERR,ERR,ERR,ERR,ERR,ERR,ERR,ERR,ERR,ERR,ERR,ERR,ERR,ERR,ERR,ERR,ERR,ERR,ERR,ERR,ERR,ERR,ERR,ERR,ERR,ERR,ERR,ERR,ERR,ERR,ERR,ERR,ERR,ERR,ERR,ERR,ERR,ERR,ERR,ERR,ERR,ERR,ERR,ERR,ERR,ERR,ERR,ERR,ERR,ERR,ERR,ERR,ERR,ERR,ERR,ERR,ERR,ERR,ERR,ERR,ERR,ERR,ERR,ERR,ERR,ERR,ERR,ERR,ERR,ERR,ERR,ERR,ERR,ERR,ERR,ERR,ERR,ERR,ERR,ERR,ERR,ERR,ERR,ERR,ERR,ERR,ERR,ERR,ERR,ERR,ERR,ERR,ERR,ERR,ERR,ERR,ERR,ERR,ERR,ERR,ERR,ERR,ERR,ERR,ERR,0.0,-0.0,-0.0,0.0,0.0,0.0,0.0,nan,0,0,0,32768,0,0.0,0,0.0,0.0,0.0,0.0,0.0,0,0,0,0,0.0,0,0,0,0,0,0,0,0,0,0,0,0,0,0,0,0,0,0,0,0,0,0,0,0,0,0,0,0,0,0,0,0,0,0,0,0,0,0,0,0,0,0,0,0,0.0,0.0,0.0,0.0,0.0,0.0,0.0,0.0,0.0,0.0,0.0,0.0,0.0,0.0,0.0,0.0,0.0,0.0,0.0,0.0,0.0,0.0,-2.004,-2.004,-2.004,2.004,0.0,0.0,0.0,0.0,3394.5,0.0,0.0,0.0,-0.0,-0.0,2.7184274988523002e+23,0.0,0.0,0.0,0.0,0,-0.0,-0.0,0.0,0.0,0.0,0.0,0.0,0.0,0.0,0,0,0,0.0,0.0,0.0,0.0,0.0,0.0,0.0,0.0,0.0,0.0,0.0,0.0,0.0,0.0,0.0,0.0,0,-107875648.0,0,0.0,0,-107875648.0,-107877712.0,0,13107,17039,39322,17053,39322,17037,0,0,0,110,100,100,2.7302334150594743e+23,64.0,0.0,64.9,-107615304.0,68.5,1,49,50,180,0,26215,0,0,0.0,0.0,0.0,0.0,-4.1003594553441124e+19,65.0,0.0,2.3549315414645906e+20,0.0,645,0,687,0,0,0,716,0,788,0,708,0,689,0,645,0,642,0,617,0.032,36962304.0,2.004,-107615152.0,32784,16788,-2.0993840411361856e+22,1.5745006546759555e+33,0.0,-0.0,-110.129,1330.016,29.0,60.0,70,0.0,0.0,0.0,0.0,0.0,0.0,0.0,0.0,0.0,0.0,0.0,0.0,0.0,0.0,0.0,0.0,59.2,69,11,65508,41,65476,0,300,0,0,8,20529,65476,0,0,61604,60.0,0.0,0.0,0.0,0.0,0.0
2026-04-04T11:29:59,ERR,ERR,ERR,ERR,ERR,ERR,ERR,ERR,ERR,ERR,ERR,ERR,ERR,ERR,ERR,ERR,ERR,ERR,ERR,ERR,ERR,ERR,ERR,ERR,ERR,ERR,ERR,ERR,ERR,ERR,ERR,ERR,ERR,ERR,ERR,ERR,ERR,ERR,ERR,ERR,ERR,ERR,ERR,ERR,ERR,ERR,ERR,ERR,ERR,ERR,ERR,ERR,ERR,ERR,ERR,ERR,ERR,ERR,ERR,ERR,ERR,ERR,ERR,ERR,ERR,ERR,ERR,ERR,ERR,ERR,ERR,ERR,ERR,ERR,ERR,ERR,ERR,ERR,ERR,ERR,ERR,ERR,ERR,ERR,ERR,ERR,ERR,ERR,ERR,ERR,ERR,ERR,ERR,ERR,ERR,ERR,ERR,ERR,ERR,ERR,ERR,ERR,ERR,ERR,ERR,ERR,ERR,ERR,ERR,ERR,ERR,ERR,ERR,ERR,ERR,ERR,ERR,ERR,ERR,ERR,ERR,ERR,ERR,ERR,ERR,0.0,-0.0,-0.0,0.0,0.0,0.0,0.0,nan,0,0,0,32768,0,0.0,0,0.0,0.0,0.0,0.0,0.0,0,0,0,0,0.0,0,0,0,0,0,0,0,0,0,0,0,0,0,0,0,0,0,0,0,0,0,0,0,0,0,0,0,0,0,0,0,0,0,0,0,0,0,0,0,0,0,0,0,0,0.0,0.0,0.0,0.0,0.0,0.0,0.0,0.0,0.0,0.0,0.0,0.0,0.0,0.0,0.0,0.0,0.0,0.0,0.0,0.0,0.0,0.0,-2.004,-2.004,-2.004,2.004,0.0,0.0,0.0,0.0,3394.5,0.0,0.0,0.0,-0.0,-0.0,2.7184274988523002e+23,0.0,0.0,0.0,0.0,0,-0.0,-0.0,0.0,0.0,0.0,0.0,0.0,0.0,0.0,0,0,0,0.0,0.0,0.0,0.0,0.0,0.0,0.0,0.0,0.0,0.0,0.0,0.0,0.0,0.0,0.0,0.0,0,-107875648.0,0,0.0,0,-107875648.0,-107877712.0,0,13107,17039,39322,17053,39322,17037,0,0,0,110,100,100,2.7302334150594743e+23,64.0,0.0,64.9,-107615304.0,68.5,1,49,50,180,0,26215,0,0,0.0,0.0,0.0,0.0,-1075921152.0,65.0,0.0,7.127295505255629e+17,0.0,645,0,688,0,0,0,716,0,788,0,708,0,689,0,645,0,642,0,617,0.032,36962304.0,2.004,-107615152.0,32912,16788,-1049087836160.0,-0.0,0.0,2.5378235032865028e+33,-0.0,0.0,29.0,60.0,70,0.0,0.0,0.0,0.0,0.0,0.0,0.0,0.0,0.0,0.0,0.0,0.0,0.0,0.0,0.0,0.0,59.2,69,11,65508,41,65476,0,300,0,0,8,20529,65476,0,0,61604,60.0,0.0,0.0,0.0,0.0,0.0
2026-04-04T11:30:00,ERR,ERR,ERR,ERR,ERR,ERR,ERR,ERR,ERR,ERR,ERR,ERR,ERR,ERR,ERR,ERR,ERR,ERR,ERR,ERR,ERR,ERR,ERR,ERR,ERR,ERR,ERR,ERR,ERR,ERR,ERR,ERR,ERR,ERR,ERR,ERR,ERR,ERR,ERR,ERR,ERR,ERR,ERR,ERR,ERR,ERR,ERR,ERR,ERR,ERR,ERR,ERR,ERR,ERR,ERR,ERR,ERR,ERR,ERR,ERR,ERR,ERR,ERR,ERR,ERR,ERR,ERR,ERR,ERR,ERR,ERR,ERR,ERR,ERR,ERR,ERR,ERR,ERR,ERR,ERR,ERR,ERR,ERR,ERR,ERR,ERR,ERR,ERR,ERR,ERR,ERR,ERR,ERR,ERR,ERR,ERR,ERR,ERR,ERR,ERR,ERR,ERR,ERR,ERR,ERR,ERR,ERR,ERR,ERR,ERR,ERR,ERR,ERR,ERR,ERR,ERR,ERR,ERR,ERR,ERR,ERR,ERR,ERR,ERR,ERR,0.0,-0.0,-0.0,0.0,0.0,0.0,0.0,nan,0,0,0,32768,0,0.0,0,0.0,0.0,0.0,0.0,0.0,0,0,0,0,0.0,0,0,0,0,0,0,0,0,0,0,0,0,0,0,0,0,0,0,0,0,0,0,0,0,0,0,0,0,0,0,0,0,0,0,0,0,0,0,0,0,0,0,0,0,0.0,0.0,0.0,0.0,0.0,0.0,0.0,0.0,0.0,0.0,0.0,0.0,0.0,0.0,0.0,0.0,0.0,0.0,0.0,0.0,0.0,0.0,-2.004,-2.004,-2.004,2.004,0.0,0.0,0.0,0.0,3394.5,0.0,0.0,0.0,-0.0,-0.0,2.7184274988523002e+23,0.0,0.0,0.0,0.0,0,-0.0,-0.0,0.0,0.0,0.0,0.0,0.0,0.0,0.0,0,0,0,0.0,0.0,0.0,0.0,0.0,0.0,0.0,0.0,0.0,0.0,0.0,0.0,0.0,0.0,0.0,0.0,0,-107875648.0,0,0.0,0,-107875648.0,-107877712.0,0,13107,17039,39322,17053,39322,17037,0,0,0,110,100,100,2.7302334150594743e+23,64.0,0.0,64.9,-107615304.0,68.5,1,49,50,180,0,26215,0,0,0.0,0.0,0.0,0.0,-1075921152.0,65.0,0.0,7.127295505255629e+17,0.0,645,0,688,0,0,0,716,0,788,0,708,0,689,0,645,0,642,0,617,0.032,36962304.0,2.004,-107615152.0,32912,16788,-1049087836160.0,-0.0,0.0,2.5378235032865028e+33,-0.0,0.0,29.0,60.0,70,0.0,0.0,0.0,0.0,0.0,0.0,0.0,0.0,0.0,0.0,0.0,0.0,0.0,0.0,0.0,0.0,59.2,69,11,65508,41,65476,0,300,0,0,8,20529,65476,0,0,61604,60.0,0.0,0.0,0.0,0.0,0.0
2026-04-04T11:30:01,ERR,ERR,ERR,ERR,ERR,ERR,ERR,ERR,ERR,ERR,ERR,ERR,ERR,ERR,ERR,ERR,ERR,ERR,ERR,ERR,ERR,ERR,ERR,ERR,ERR,ERR,ERR,ERR,ERR,ERR,ERR,ERR,ERR,ERR,ERR,ERR,ERR,ERR,ERR,ERR,ERR,ERR,ERR,ERR,ERR,ERR,ERR,ERR,ERR,ERR,ERR,ERR,ERR,ERR,ERR,ERR,ERR,ERR,ERR,ERR,ERR,ERR,ERR,ERR,ERR,ERR,ERR,ERR,ERR,ERR,ERR,ERR,ERR,ERR,ERR,ERR,ERR,ERR,ERR,ERR,ERR,ERR,ERR,ERR,ERR,ERR,ERR,ERR,ERR,ERR,ERR,ERR,ERR,ERR,ERR,ERR,ERR,ERR,ERR,ERR,ERR,ERR,ERR,ERR,ERR,ERR,ERR,ERR,ERR,ERR,ERR,ERR,ERR,ERR,ERR,ERR,ERR,ERR,ERR,ERR,ERR,ERR,ERR,ERR,ERR,0.0,-0.0,-0.0,0.0,0.0,0.0,0.0,nan,0,0,0,32768,0,0.0,0,0.0,0.0,0.0,0.0,0.0,0,0,0,0,0.0,0,0,0,0,0,0,0,0,0,0,0,0,0,0,0,0,0,0,0,0,0,0,0,0,0,0,0,0,0,0,0,0,0,0,0,0,0,0,0,0,0,0,0,0,0.0,0.0,0.0,0.0,0.0,0.0,0.0,0.0,0.0,0.0,0.0,0.0,0.0,0.0,0.0,0.0,0.0,0.0,0.0,0.0,0.0,0.0,-2.004,-2.004,-2.004,2.004,0.0,0.0,0.0,0.0,3378.0,-8608107520.0,0.0,0.0,-0.0,-0.0,0.0,0.0,0.0,0.0,0.0,0,-0.0,-0.0,0.0,0.0,0.0,0.0,0.0,0.0,0.0,0,0,0,0.0,0.0,0.0,0.0,0.0,0.0,0.0,0.0,0.0,0.0,0.0,0.0,0.0,0.0,0.0,0.0,0,-107875648.0,0,0.0,0,-107875648.0,-107877712.0,0,13107,17039,39322,17053,39322,17037,0,0,0,110,100,100,2.7302334150594743e+23,64.0,0.0,64.9,-107615304.0,68.5,1,49,50,180,0,26215,0,0,0.0,0.0,0.0,0.0,-1075921152.0,65.0,0.0,7.127295505255629e+17,0.0,645,0,688,0,0,0,716,0,788,0,708,0,689,0,645,0,642,0,617,0.032,36962304.0,2.004,-107615152.0,32912,16788,-1049087836160.0,-0.0,0.0,2.5378235032865028e+33,-0.0,0.0,29.0,60.0,70,0.0,0.0,0.0,0.0,0.0,0.0,0.0,0.0,0.0,0.0,0.0,0.0,0.0,0.0,0.0,0.0,59.2,69,11,65508,41,65476,0,300,0,0,8,20529,65476,0,0,61604,60.0,0.0,0.0,0.0,0.0,0.0
2026-04-04T11:30:02,ERR,ERR,ERR,ERR,ERR,ERR,ERR,ERR,ERR,ERR,ERR,ERR,ERR,ERR,ERR,ERR,ERR,ERR,ERR,ERR,ERR,ERR,ERR,ERR,ERR,ERR,ERR,ERR,ERR,ERR,ERR,ERR,ERR,ERR,ERR,ERR,ERR,ERR,ERR,ERR,ERR,ERR,ERR,ERR,ERR,ERR,ERR,ERR,ERR,ERR,ERR,ERR,ERR,ERR,ERR,ERR,ERR,ERR,ERR,ERR,ERR,ERR,ERR,ERR,ERR,ERR,ERR,ERR,ERR,ERR,ERR,ERR,ERR,ERR,ERR,ERR,ERR,ERR,ERR,ERR,ERR,ERR,ERR,ERR,ERR,ERR,ERR,ERR,ERR,ERR,ERR,ERR,ERR,ERR,ERR,ERR,ERR,ERR,ERR,ERR,ERR,ERR,ERR,ERR,ERR,ERR,ERR,ERR,ERR,ERR,ERR,ERR,ERR,ERR,ERR,ERR,ERR,ERR,ERR,ERR,ERR,ERR,ERR,ERR,ERR,0.0,-0.0,-0.0,0.0,0.0,0.0,0.0,nan,0,0,0,32768,0,0.0,0,0.0,0.0,0.0,0.0,0.0,0,0,0,0,0.0,0,0,0,0,0,0,0,0,0,0,0,0,0,0,0,0,0,0,0,0,0,0,0,0,0,0,0,0,0,0,0,0,0,0,0,0,0,0,0,0,0,0,0,0,0.0,0.0,0.0,0.0,0.0,0.0,0.0,0.0,0.0,0.0,0.0,0.0,0.0,0.0,0.0,0.0,0.0,0.0,0.0,0.0,0.0,0.0,-2.004,-2.004,-2.004,2.004,0.0,0.0,0.0,0.0,3378.0,-8608107520.0,0.0,0.0,-0.0,-0.0,0.0,0.0,0.0,0.0,0.0,0,-0.0,-0.0,0.0,0.0,0.0,0.0,0.0,0.0,0.0,0,0,0,0.0,0.0,0.0,0.0,0.0,0.0,0.0,0.0,0.0,0.0,0.0,0.0,0.0,0.0,0.0,0.0,0,-107875648.0,0,0.0,0,-107875648.0,-107877712.0,0,13107,17039,39322,17053,39322,17037,0,0,0,110,100,100,2.7302334150594743e+23,64.0,0.0,64.9,-107615304.0,68.5,1,49,50,180,0,26215,0,0,0.0,0.0,0.0,0.0,-1075921152.0,65.0,0.0,7.127295505255629e+17,0.0,645,0,688,0,0,0,716,0,788,0,708,0,689,0,645,0,642,0,617,0.032,36962304.0,2.004,-107615152.0,32912,16788,-1049087836160.0,-0.0,0.0,2.5378235032865028e+33,-0.0,0.0,29.0,60.0,70,0.0,0.0,0.0,0.0,0.0,0.0,0.0,0.0,0.0,0.0,0.0,0.0,0.0,0.0,0.0,0.0,59.2,69,11,65508,41,65476,0,300,0,0,8,20529,65476,0,0,61604,60.0,0.0,0.0,0.0,0.0,0.0
2026-04-04T11:30:03,ERR,ERR,ERR,ERR,ERR,ERR,ERR,ERR,ERR,ERR,ERR,ERR,ERR,ERR,ERR,ERR,ERR,ERR,ERR,ERR,ERR,ERR,ERR,ERR,ERR,ERR,ERR,ERR,ERR,ERR,ERR,ERR,ERR,ERR,ERR,ERR,ERR,ERR,ERR,ERR,ERR,ERR,ERR,ERR,ERR,ERR,ERR,ERR,ERR,ERR,ERR,ERR,ERR,ERR,ERR,ERR,ERR,ERR,ERR,ERR,ERR,ERR,ERR,ERR,ERR,ERR,ERR,ERR,ERR,ERR,ERR,ERR,ERR,ERR,ERR,ERR,ERR,ERR,ERR,ERR,ERR,ERR,ERR,ERR,ERR,ERR,ERR,ERR,ERR,ERR,ERR,ERR,ERR,ERR,ERR,ERR,ERR,ERR,ERR,ERR,ERR,ERR,ERR,ERR,ERR,ERR,ERR,ERR,ERR,ERR,ERR,ERR,ERR,ERR,ERR,ERR,ERR,ERR,ERR,ERR,ERR,ERR,ERR,ERR,ERR,0.0,-0.0,-0.0,0.0,0.0,0.0,0.0,nan,0,0,0,32768,0,0.0,0,0.0,0.0,0.0,0.0,0.0,0,0,0,0,0.0,0,0,0,0,0,0,0,0,0,0,0,0,0,0,0,0,0,0,0,0,0,0,0,0,0,0,0,0,0,0,0,0,0,0,0,0,0,0,0,0,0,0,0,0,0.0,0.0,0.0,0.0,0.0,0.0,0.0,0.0,0.0,0.0,0.0,0.0,0.0,0.0,0.0,0.0,0.0,0.0,0.0,0.0,0.0,0.0,-2.004,-2.004,-2.004,2.004,0.0,0.0,0.0,0.0,3378.0,-8608107520.0,0.0,0.0,-0.0,-0.0,0.0,0.0,0.0,0.0,0.0,0,-0.0,-0.0,0.0,0.0,0.0,0.0,0.0,0.0,0.0,0,0,0,0.0,0.0,0.0,0.0,0.0,0.0,0.0,0.0,0.0,0.0,0.0,0.0,0.0,0.0,0.0,0.0,0,-107875648.0,0,0.0,0,-107875648.0,-107877712.0,0,13107,17039,39322,17053,39322,17037,0,0,0,110,100,100,2.7302334150594743e+23,64.0,0.0,64.9,-107615304.0,68.5,1,49,50,180,0,26215,0,0,0.0,0.0,0.0,0.0,-1075921152.0,65.0,0.0,7.127295505255629e+17,0.0,645,0,688,0,0,0,716,0,788,0,708,0,689,0,645,0,642,0,617,0.032,36962304.0,2.004,-107615152.0,32912,16788,-1049087836160.0,-0.0,0.0,2.5378235032865028e+33,-0.0,0.0,29.0,60.0,70,0.0,0.0,0.0,0.0,0.0,0.0,0.0,0.0,0.0,0.0,0.0,0.0,0.0,0.0,0.0,0.0,59.2,69,11,65508,41,65476,0,300,0,0,8,20529,65476,0,0,61604,60.0,0.0,0.0,0.0,0.0,0.0
2026-04-04T11:30:04,ERR,ERR,ERR,ERR,ERR,ERR,ERR,ERR,ERR,ERR,ERR,ERR,ERR,ERR,ERR,ERR,ERR,ERR,ERR,ERR,ERR,ERR,ERR,ERR,ERR,ERR,ERR,ERR,ERR,ERR,ERR,ERR,ERR,ERR,ERR,ERR,ERR,ERR,ERR,ERR,ERR,ERR,ERR,ERR,ERR,ERR,ERR,ERR,ERR,ERR,ERR,ERR,ERR,ERR,ERR,ERR,ERR,ERR,ERR,ERR,ERR,ERR,ERR,ERR,ERR,ERR,ERR,ERR,ERR,ERR,ERR,ERR,ERR,ERR,ERR,ERR,ERR,ERR,ERR,ERR,ERR,ERR,ERR,ERR,ERR,ERR,ERR,ERR,ERR,ERR,ERR,ERR,ERR,ERR,ERR,ERR,ERR,ERR,ERR,ERR,ERR,ERR,ERR,ERR,ERR,ERR,ERR,ERR,ERR,ERR,ERR,ERR,ERR,ERR,ERR,ERR,ERR,ERR,ERR,ERR,ERR,ERR,ERR,ERR,ERR,0.0,-0.0,-0.0,0.0,0.0,0.0,0.0,nan,0,0,0,32768,0,0.0,0,0.0,0.0,0.0,0.0,0.0,0,0,0,0,0.0,0,0,0,0,0,0,0,0,0,0,0,0,0,0,0,0,0,0,0,0,0,0,0,0,0,0,0,0,0,0,0,0,0,0,0,0,0,0,0,0,0,0,0,0,0.0,0.0,0.0,0.0,0.0,0.0,0.0,0.0,0.0,0.0,0.0,0.0,0.0,0.0,0.0,0.0,0.0,0.0,0.0,0.0,0.0,0.0,-2.004,-2.004,-2.004,2.004,0.0,0.0,0.0,0.0,3378.0,-8608107520.0,0.0,0.0,-0.0,-0.0,0.0,0.0,0.0,0.0,0.0,0,-0.0,-0.0,0.0,0.0,0.0,0.0,0.0,0.0,0.0,0,0,0,0.0,0.0,0.0,0.0,0.0,0.0,0.0,0.0,0.0,0.0,0.0,0.0,0.0,0.0,0.0,0.0,0,-107875648.0,0,0.0,0,-107875648.0,-107877712.0,0,13107,17039,39322,17053,39322,17037,0,0,0,110,100,100,2.7302334150594743e+23,64.0,0.0,64.9,-107615304.0,68.5,1,49,50,180,0,26215,0,0,0.0,0.0,0.0,0.0,-3879895552.0,65.0,0.0,3892407527538688.0,0.0,645,0,687,0,0,0,716,0,788,0,708,0,689,0,645,0,642,0,617,0.032,36962304.0,2.004,-107615152.0,33168,16788,-3879895552.0,3892407527538688.0,-3.948812096430072e+20,0.0,-0.0,0.0,29.0,60.0,70,0.0,0.0,0.0,0.0,0.0,0.0,0.0,0.0,0.0,0.0,0.0,0.0,0.0,0.0,0.0,0.0,59.2,69,11,65508,41,65476,0,300,0,0,8,20529,65476,0,0,61604,60.0,0.0,0.0,0.0,0.0,0.0
2026-04-04T11:30:05,ERR,ERR,ERR,ERR,ERR,ERR,ERR,ERR,ERR,ERR,ERR,ERR,ERR,ERR,ERR,ERR,ERR,ERR,ERR,ERR,ERR,ERR,ERR,ERR,ERR,ERR,ERR,ERR,ERR,ERR,ERR,ERR,ERR,ERR,ERR,ERR,ERR,ERR,ERR,ERR,ERR,ERR,ERR,ERR,ERR,ERR,ERR,ERR,ERR,ERR,ERR,ERR,ERR,ERR,ERR,ERR,ERR,ERR,ERR,ERR,ERR,ERR,ERR,ERR,ERR,ERR,ERR,ERR,ERR,ERR,ERR,ERR,ERR,ERR,ERR,ERR,ERR,ERR,ERR,ERR,ERR,ERR,ERR,ERR,ERR,ERR,ERR,ERR,ERR,ERR,ERR,ERR,ERR,ERR,ERR,ERR,ERR,ERR,ERR,ERR,ERR,ERR,ERR,ERR,ERR,ERR,ERR,ERR,ERR,ERR,ERR,ERR,ERR,ERR,ERR,ERR,ERR,ERR,ERR,ERR,ERR,ERR,ERR,ERR,ERR,0.0,-0.0,-0.0,0.0,0.0,0.0,0.0,nan,0,0,0,32768,0,0.0,0,0.0,0.0,0.0,0.0,0.0,0,0,0,0,0.0,0,0,0,0,0,0,0,0,0,0,0,0,0,0,0,0,0,0,0,0,0,0,0,0,0,0,0,0,0,0,0,0,0,0,0,0,0,0,0,0,0,0,0,0,0.0,0.0,0.0,0.0,0.0,0.0,0.0,0.0,0.0,0.0,0.0,0.0,0.0,0.0,0.0,0.0,0.0,0.0,0.0,0.0,0.0,0.0,-2.004,-2.004,-2.004,2.004,0.0,0.0,0.0,0.0,3378.0,-8608107520.0,0.0,0.0,-0.0,-0.0,0.0,0.0,0.0,0.0,0.0,0,-0.0,-0.0,0.0,0.0,0.0,0.0,0.0,0.0,0.0,0,0,0,0.0,0.0,0.0,0.0,0.0,0.0,0.0,0.0,0.0,0.0,0.0,0.0,0.0,0.0,0.0,0.0,0,-107875648.0,0,0.0,0,-107875648.0,-107877712.0,0,13107,17039,39322,17053,39322,17037,0,0,0,110,100,100,2.7302334150594743e+23,64.0,0.0,64.9,-107615304.0,68.5,1,49,50,180,0,26215,0,0,0.0,0.0,0.0,0.0,-3879895552.0,65.0,0.0,3892407527538688.0,0.0,645,0,687,0,0,0,716,0,788,0,708,0,689,0,645,0,642,0,617,0.032,36962304.0,2.004,-107615152.0,33168,16788,-3879895552.0,3892407527538688.0,-3.948812096430072e+20,0.0,-0.0,0.0,29.0,60.0,70,0.0,0.0,0.0,0.0,0.0,0.0,0.0,0.0,0.0,0.0,0.0,0.0,0.0,0.0,0.0,0.0,59.2,69,11,65508,41,65476,0,300,0,0,8,20529,65476,0,0,61604,60.0,0.0,0.0,0.0,0.0,0.0
2026-04-04T11:30:06,ERR,ERR,ERR,ERR,ERR,ERR,ERR,ERR,ERR,ERR,ERR,ERR,ERR,ERR,ERR,ERR,ERR,ERR,ERR,ERR,ERR,ERR,ERR,ERR,ERR,ERR,ERR,ERR,ERR,ERR,ERR,ERR,ERR,ERR,ERR,ERR,ERR,ERR,ERR,ERR,ERR,ERR,ERR,ERR,ERR,ERR,ERR,ERR,ERR,ERR,ERR,ERR,ERR,ERR,ERR,ERR,ERR,ERR,ERR,ERR,ERR,ERR,ERR,ERR,ERR,ERR,ERR,ERR,ERR,ERR,ERR,ERR,ERR,ERR,ERR,ERR,ERR,ERR,ERR,ERR,ERR,ERR,ERR,ERR,ERR,ERR,ERR,ERR,ERR,ERR,ERR,ERR,ERR,ERR,ERR,ERR,ERR,ERR,ERR,ERR,ERR,ERR,ERR,ERR,ERR,ERR,ERR,ERR,ERR,ERR,ERR,ERR,ERR,ERR,ERR,ERR,ERR,ERR,ERR,ERR,ERR,ERR,ERR,ERR,ERR,0.0,-0.0,-0.0,0.0,0.0,0.0,0.0,nan,0,0,0,32768,0,0.0,0,0.0,0.0,0.0,0.0,0.0,0,0,0,0,0.0,0,0,0,0,0,0,0,0,0,0,0,0,0,0,0,0,0,0,0,0,0,0,0,0,0,0,0,0,0,0,0,0,0,0,0,0,0,0,0,0,0,0,0,0,0.0,0.0,0.0,0.0,0.0,0.0,0.0,0.0,0.0,0.0,0.0,0.0,0.0,0.0,0.0,0.0,0.0,0.0,0.0,0.0,0.0,0.0,-2.004,-2.004,-2.004,2.004,0.0,0.0,0.0,0.0,3378.0,-8608107520.0,0.0,0.0,-0.0,-0.0,0.0,0.0,0.0,0.0,0.0,0,-0.0,-0.0,0.0,0.0,0.0,0.0,0.0,0.0,0.0,0,0,0,0.0,0.0,0.0,0.0,0.0,0.0,0.0,0.0,0.0,0.0,0.0,0.0,0.0,0.0,0.0,0.0,0,-107875648.0,0,0.0,0,-107875648.0,-107877712.0,0,13107,17039,39322,17053,39322,17037,0,0,0,110,100,100,2.7302334150594743e+23,64.0,0.0,64.9,-107615304.0,68.5,1,49,50,180,0,26215,0,0,0.0,0.0,0.0,0.0,-3879895552.0,65.0,0.0,3892407527538688.0,0.0,645,0,687,0,0,0,716,0,788,0,708,0,689,0,645,0,642,0,617,0.032,36962304.0,2.004,-107615152.0,33168,16788,-3879895552.0,3892407527538688.0,-3.948812096430072e+20,0.0,-0.0,0.0,29.0,60.0,70,0.0,0.0,0.0,0.0,0.0,0.0,0.0,0.0,0.0,0.0,0.0,0.0,0.0,0.0,0.0,0.0,59.2,69,11,65508,41,65476,0,300,0,0,8,20529,65476,0,0,61604,60.0,0.0,0.0,0.0,0.0,0.0
2026-04-04T11:30:07,ERR,ERR,ERR,ERR,ERR,ERR,ERR,ERR,ERR,ERR,ERR,ERR,ERR,ERR,ERR,ERR,ERR,ERR,ERR,ERR,ERR,ERR,ERR,ERR,ERR,ERR,ERR,ERR,ERR,ERR,ERR,ERR,ERR,ERR,ERR,ERR,ERR,ERR,ERR,ERR,ERR,ERR,ERR,ERR,ERR,ERR,ERR,ERR,ERR,ERR,ERR,ERR,ERR,ERR,ERR,ERR,ERR,ERR,ERR,ERR,ERR,ERR,ERR,ERR,ERR,ERR,ERR,ERR,ERR,ERR,ERR,ERR,ERR,ERR,ERR,ERR,ERR,ERR,ERR,ERR,ERR,ERR,ERR,ERR,ERR,ERR,ERR,ERR,ERR,ERR,ERR,ERR,ERR,ERR,ERR,ERR,ERR,ERR,ERR,ERR,ERR,ERR,ERR,ERR,ERR,ERR,ERR,ERR,ERR,ERR,ERR,ERR,ERR,ERR,ERR,ERR,ERR,ERR,ERR,ERR,ERR,ERR,ERR,ERR,ERR,0.0,-0.0,-0.0,0.0,0.0,0.0,0.0,nan,0,0,0,32768,0,0.0,0,0.0,0.0,0.0,0.0,0.0,0,0,0,0,0.0,0,0,0,0,0,0,0,0,0,0,0,0,0,0,0,0,0,0,0,0,0,0,0,0,0,0,0,0,0,0,0,0,0,0,0,0,0,0,0,0,0,0,0,0,0.0,0.0,0.0,0.0,0.0,0.0,0.0,0.0,0.0,0.0,0.0,0.0,0.0,0.0,0.0,0.0,0.0,0.0,0.0,0.0,0.0,0.0,-2.004,-2.004,-2.004,2.004,0.0,0.0,0.0,0.0,3378.0,-8608107520.0,0.0,0.0,-0.0,-0.0,0.0,0.0,0.0,0.0,0.0,0,-0.0,-0.0,0.0,0.0,0.0,0.0,0.0,0.0,0.0,0,0,0,0.0,0.0,0.0,0.0,0.0,0.0,0.0,0.0,0.0,0.0,0.0,0.0,0.0,0.0,0.0,0.0,0,-107875648.0,0,0.0,0,-107875648.0,-107877712.0,0,13107,17039,39322,17053,39322,17037,0,0,0,110,100,100,2.7302334150594743e+23,64.0,0.0,64.9,-107615304.0,68.5,1,49,50,180,0,26215,0,0,0.0,0.0,0.0,0.0,-3879895552.0,65.0,0.0,3892407527538688.0,0.0,645,0,687,0,0,0,716,0,788,0,708,0,689,0,645,0,642,0,617,0.032,36962304.0,2.004,-107615152.0,33168,16788,-3879895552.0,3892407527538688.0,-3.948812096430072e+20,0.0,-0.0,0.0,29.0,60.0,70,0.0,0.0,0.0,0.0,0.0,0.0,0.0,0.0,0.0,0.0,0.0,0.0,0.0,0.0,0.0,0.0,59.2,69,11,65508,41,65476,0,300,0,0,8,20529,65476,0,0,61604,60.0,0.0,0.0,0.0,0.0,0.0
2026-04-04T11:30:08,ERR,ERR,ERR,ERR,ERR,ERR,ERR,ERR,ERR,ERR,ERR,ERR,ERR,ERR,ERR,ERR,ERR,ERR,ERR,ERR,ERR,ERR,ERR,ERR,ERR,ERR,ERR,ERR,ERR,ERR,ERR,ERR,ERR,ERR,ERR,ERR,ERR,ERR,ERR,ERR,ERR,ERR,ERR,ERR,ERR,ERR,ERR,ERR,ERR,ERR,ERR,ERR,ERR,ERR,ERR,ERR,ERR,ERR,ERR,ERR,ERR,ERR,ERR,ERR,ERR,ERR,ERR,ERR,ERR,ERR,ERR,ERR,ERR,ERR,ERR,ERR,ERR,ERR,ERR,ERR,ERR,ERR,ERR,ERR,ERR,ERR,ERR,ERR,ERR,ERR,ERR,ERR,ERR,ERR,ERR,ERR,ERR,ERR,ERR,ERR,ERR,ERR,ERR,ERR,ERR,ERR,ERR,ERR,ERR,ERR,ERR,ERR,ERR,ERR,ERR,ERR,ERR,ERR,ERR,ERR,ERR,ERR,ERR,ERR,ERR,0.0,-0.0,-0.0,0.0,0.0,0.0,0.0,nan,0,0,0,32768,0,0.0,0,0.0,0.0,0.0,0.0,0.0,0,0,0,0,0.0,0,0,0,0,0,0,0,0,0,0,0,0,0,0,0,0,0,0,0,0,0,0,0,0,0,0,0,0,0,0,0,0,0,0,0,0,0,0,0,0,0,0,0,0,0.0,0.0,0.0,0.0,0.0,0.0,0.0,0.0,0.0,0.0,0.0,0.0,0.0,0.0,0.0,0.0,0.0,0.0,0.0,0.0,0.0,0.0,-2.004,-2.004,-2.004,2.004,0.0,0.0,0.0,0.0,3378.0,-8608107520.0,0.0,0.0,-0.0,-0.0,0.0,0.0,0.0,0.0,0.0,0,-0.0,-0.0,0.0,0.0,0.0,0.0,0.0,0.0,0.0,0,0,0,0.0,0.0,0.0,0.0,0.0,0.0,0.0,0.0,0.0,0.0,0.0,0.0,0.0,0.0,0.0,0.0,0,-107875648.0,0,0.0,0,-107875648.0,-107877712.0,0,13107,17039,39322,17053,39322,17037,0,0,0,110,100,100,2.7302334150594743e+23,64.0,0.0,64.9,-107615304.0,68.5,1,49,50,180,0,26215,0,0,0.0,0.0,0.0,0.0,-3879895552.0,65.0,0.0,3892407527538688.0,0.0,645,0,687,0,0,0,716,0,788,0,708,0,689,0,645,0,642,0,617,0.032,36962304.0,2.004,-107615152.0,33168,16788,-3879895552.0,3892407527538688.0,-3.948812096430072e+20,0.0,-0.0,0.0,29.0,60.0,70,0.0,0.0,0.0,0.0,0.0,0.0,0.0,0.0,0.0,0.0,0.0,0.0,0.0,0.0,0.0,0.0,59.2,69,11,65508,41,65476,0,300,0,0,8,20529,65476,0,0,61604,60.0,0.0,0.0,0.0,0.0,0.0
2026-04-04T11:30:09,ERR,ERR,ERR,ERR,ERR,ERR,ERR,ERR,ERR,ERR,ERR,ERR,ERR,ERR,ERR,ERR,ERR,ERR,ERR,ERR,ERR,ERR,ERR,ERR,ERR,ERR,ERR,ERR,ERR,ERR,ERR,ERR,ERR,ERR,ERR,ERR,ERR,ERR,ERR,ERR,ERR,ERR,ERR,ERR,ERR,ERR,ERR,ERR,ERR,ERR,ERR,ERR,ERR,ERR,ERR,ERR,ERR,ERR,ERR,ERR,ERR,ERR,ERR,ERR,ERR,ERR,ERR,ERR,ERR,ERR,ERR,ERR,ERR,ERR,ERR,ERR,ERR,ERR,ERR,ERR,ERR,ERR,ERR,ERR,ERR,ERR,ERR,ERR,ERR,ERR,ERR,ERR,ERR,ERR,ERR,ERR,ERR,ERR,ERR,ERR,ERR,ERR,ERR,ERR,ERR,ERR,ERR,ERR,ERR,ERR,ERR,ERR,ERR,ERR,ERR,ERR,ERR,ERR,ERR,ERR,ERR,ERR,ERR,ERR,ERR,0.0,-0.0,-101055584.0,0.0,0.0,0.0,0.0,nan,0,0,0,32768,0,0.0,0,0.0,0.0,0.0,0.0,0.0,0,0,0,0,0.0,0,0,0,0,0,0,0,0,0,0,0,0,0,0,0,0,0,0,0,0,0,0,0,0,0,0,0,0,0,0,0,0,0,0,0,0,0,0,0,0,0,0,0,0,0.0,0.0,0.0,0.0,0.0,0.0,0.0,0.0,0.0,0.0,0.0,0.0,0.0,0.0,0.0,0.0,0.0,0.0,0.0,0.0,0.0,0.0,-2.004,-2.004,-2.004,-0.0,0.0,0.0,0.0,0.0,3376.0,-1.5879155638041463e+29,0.0,0.0,-0.0,-0.0,0.0,0.0,0.0,0.0,0.0,0,-0.0,-0.0,0.0,0.0,0.0,0.0,0.0,0.0,0.0,0,0,0,0.0,0.0,0.0,0.0,0.0,0.0,0.0,0.0,0.0,0.0,0.0,0.0,0.0,0.0,0.0,0.0,0,-107875648.0,0,0.0,0,-107875648.0,-107877712.0,0,13107,17039,39322,17053,39322,17037,0,0,0,110,100,100,2.7302334150594743e+23,64.0,0.0,64.9,-107615304.0,68.5,1,49,50,180,0,26215,0,0,0.0,0.0,0.0,0.0,-3879895552.0,65.0,0.0,3892407527538688.0,0.0,645,0,687,0,0,0,716,0,788,0,708,0,689,0,645,0,642,0,617,0.032,36962304.0,2.004,-107615152.0,33168,16788,-3879895552.0,3892407527538688.0,-3.948812096430072e+20,0.0,-0.0,0.0,29.0,60.0,70,0.0,0.0,0.0,0.0,0.0,0.0,0.0,0.0,0.0,0.0,0.0,0.0,0.0,0.0,0.0,0.0,59.2,69,11,65508,41,65476,0,300,0,0,8,20529,65476,0,0,61604,60.0,0.0,0.0,0.0,0.0,0.0
2026-04-04T11:30:10,ERR,ERR,ERR,ERR,ERR,ERR,ERR,ERR,ERR,ERR,ERR,ERR,ERR,ERR,ERR,ERR,ERR,ERR,ERR,ERR,ERR,ERR,ERR,ERR,ERR,ERR,ERR,ERR,ERR,ERR,ERR,ERR,ERR,ERR,ERR,ERR,ERR,ERR,ERR,ERR,ERR,ERR,ERR,ERR,ERR,ERR,ERR,ERR,ERR,ERR,ERR,ERR,ERR,ERR,ERR,ERR,ERR,ERR,ERR,ERR,ERR,ERR,ERR,ERR,ERR,ERR,ERR,ERR,ERR,ERR,ERR,ERR,ERR,ERR,ERR,ERR,ERR,ERR,ERR,ERR,ERR,ERR,ERR,ERR,ERR,ERR,ERR,ERR,ERR,ERR,ERR,ERR,ERR,ERR,ERR,ERR,ERR,ERR,ERR,ERR,ERR,ERR,ERR,ERR,ERR,ERR,ERR,ERR,ERR,ERR,ERR,ERR,ERR,ERR,ERR,ERR,ERR,ERR,ERR,ERR,ERR,ERR,ERR,ERR,ERR,0.0,-0.0,-101055584.0,0.0,0.0,0.0,0.0,nan,0,0,0,32768,0,0.0,0,0.0,0.0,0.0,0.0,0.0,0,0,0,0,0.0,0,0,0,0,0,0,0,0,0,0,0,0,0,0,0,0,0,0,0,0,0,0,0,0,0,0,0,0,0,0,0,0,0,0,0,0,0,0,0,0,0,0,0,0,0.0,0.0,0.0,0.0,0.0,0.0,0.0,0.0,0.0,0.0,0.0,0.0,0.0,0.0,0.0,0.0,0.0,0.0,0.0,0.0,0.0,0.0,-2.004,-2.004,-2.004,-0.0,0.0,0.0,0.0,0.0,3376.0,-1.5879155638041463e+29,0.0,0.0,-0.0,-0.0,0.0,0.0,0.0,0.0,0.0,0,-0.0,-0.0,0.0,0.0,0.0,0.0,0.0,0.0,0.0,0,0,0,0.0,0.0,0.0,0.0,0.0,0.0,0.0,0.0,0.0,0.0,0.0,0.0,0.0,0.0,0.0,0.0,0,-107875648.0,0,0.0,0,-107875648.0,-107877712.0,0,13107,17039,39322,17053,39322,17037,0,0,0,110,100,100,2.7302334150594743e+23,64.0,0.0,64.9,-107615304.0,68.5,1,49,50,180,0,26215,0,0,0.0,0.0,0.0,0.0,-4.1003594553441124e+19,65.0,0.0,-0.0,0.0,645,0,687,0,0,0,716,0,788,0,708,0,689,0,645,0,642,0,617,0.032,36962304.0,2.004,-107615152.0,34192,16788,-50399752.0,-0.099,0.0,-0.0,-0.0,0.0,29.0,60.0,70,0.0,0.0,0.0,0.0,0.0,0.0,0.0,0.0,0.0,0.0,0.0,0.0,0.0,0.0,0.0,0.0,59.2,69,11,65508,41,65476,0,300,0,0,8,20529,65476,0,0,61604,60.0,0.0,0.0,0.0,0.0,0.0
2026-04-04T11:30:11,ERR,ERR,ERR,ERR,ERR,ERR,ERR,ERR,ERR,ERR,ERR,ERR,ERR,ERR,ERR,ERR,ERR,ERR,ERR,ERR,ERR,ERR,ERR,ERR,ERR,ERR,ERR,ERR,ERR,ERR,ERR,ERR,ERR,ERR,ERR,ERR,ERR,ERR,ERR,ERR,ERR,ERR,ERR,ERR,ERR,ERR,ERR,ERR,ERR,ERR,ERR,ERR,ERR,ERR,ERR,ERR,ERR,ERR,ERR,ERR,ERR,ERR,ERR,ERR,ERR,ERR,ERR,ERR,ERR,ERR,ERR,ERR,ERR,ERR,ERR,ERR,ERR,ERR,ERR,ERR,ERR,ERR,ERR,ERR,ERR,ERR,ERR,ERR,ERR,ERR,ERR,ERR,ERR,ERR,ERR,ERR,ERR,ERR,ERR,ERR,ERR,ERR,ERR,ERR,ERR,ERR,ERR,ERR,ERR,ERR,ERR,ERR,ERR,ERR,ERR,ERR,ERR,ERR,ERR,ERR,ERR,ERR,ERR,ERR,ERR,0.0,-0.0,-101055584.0,0.0,0.0,0.0,0.0,nan,0,0,0,32768,0,0.0,0,0.0,0.0,0.0,0.0,0.0,0,0,0,0,0.0,0,0,0,0,0,0,0,0,0,0,0,0,0,0,0,0,0,0,0,0,0,0,0,0,0,0,0,0,0,0,0,0,0,0,0,0,0,0,0,0,0,0,0,0,0.0,0.0,0.0,0.0,0.0,0.0,0.0,0.0,0.0,0.0,0.0,0.0,0.0,0.0,0.0,0.0,0.0,0.0,0.0,0.0,0.0,0.0,-2.004,-2.004,-2.004,-0.0,0.0,0.0,0.0,0.0,3376.0,-1.5879155638041463e+29,0.0,0.0,-0.0,-0.0,0.0,0.0,0.0,0.0,0.0,0,-0.0,-0.0,0.0,0.0,0.0,0.0,0.0,0.0,0.0,0,0,0,0.0,0.0,0.0,0.0,0.0,0.0,0.0,0.0,0.0,0.0,0.0,0.0,0.0,0.0,0.0,0.0,0,-107875648.0,0,0.0,0,-107875648.0,-107877712.0,0,13107,17039,39322,17053,39322,17037,0,0,0,110,100,100,2.7302334150594743e+23,64.0,0.0,64.9,-107615304.0,68.5,1,49,50,180,0,26215,0,0,0.0,0.0,0.0,0.0,-4.1003594553441124e+19,65.0,0.0,-0.0,0.0,645,0,687,0,0,0,716,0,788,0,708,0,689,0,645,0,642,0,617,0.032,36962304.0,2.004,-107615152.0,34192,16788,-50399752.0,-0.099,0.0,-0.0,-0.0,0.0,29.0,60.0,70,0.0,0.0,0.0,0.0,0.0,0.0,0.0,0.0,0.0,0.0,0.0,0.0,0.0,0.0,0.0,0.0,59.2,69,11,65508,41,65476,0,300,0,0,8,20529,65476,0,0,61604,60.0,0.0,0.0,0.0,0.0,0.0
2026-04-04T11:30:12,ERR,ERR,ERR,ERR,ERR,ERR,ERR,ERR,ERR,ERR,ERR,ERR,ERR,ERR,ERR,ERR,ERR,ERR,ERR,ERR,ERR,ERR,ERR,ERR,ERR,ERR,ERR,ERR,ERR,ERR,ERR,ERR,ERR,ERR,ERR,ERR,ERR,ERR,ERR,ERR,ERR,ERR,ERR,ERR,ERR,ERR,ERR,ERR,ERR,ERR,ERR,ERR,ERR,ERR,ERR,ERR,ERR,ERR,ERR,ERR,ERR,ERR,ERR,ERR,ERR,ERR,ERR,ERR,ERR,ERR,ERR,ERR,ERR,ERR,ERR,ERR,ERR,ERR,ERR,ERR,ERR,ERR,ERR,ERR,ERR,ERR,ERR,ERR,ERR,ERR,ERR,ERR,ERR,ERR,ERR,ERR,ERR,ERR,ERR,ERR,ERR,ERR,ERR,ERR,ERR,ERR,ERR,ERR,ERR,ERR,ERR,ERR,ERR,ERR,ERR,ERR,ERR,ERR,ERR,ERR,ERR,ERR,ERR,ERR,ERR,0.0,-0.0,-101055584.0,0.0,0.0,0.0,0.0,nan,0,0,0,32768,0,0.0,0,0.0,0.0,0.0,0.0,0.0,0,0,0,0,0.0,0,0,0,0,0,0,0,0,0,0,0,0,0,0,0,0,0,0,0,0,0,0,0,0,0,0,0,0,0,0,0,0,0,0,0,0,0,0,0,0,0,0,0,0,0.0,0.0,0.0,0.0,0.0,0.0,0.0,0.0,0.0,0.0,0.0,0.0,0.0,0.0,0.0,0.0,0.0,0.0,0.0,0.0,0.0,0.0,-2.004,-2.004,-2.004,-0.0,0.0,0.0,0.0,0.0,3376.0,-1.5879155638041463e+29,0.0,0.0,-0.0,-0.0,0.0,0.0,0.0,0.0,0.0,0,-0.0,-0.0,0.0,0.0,0.0,0.0,0.0,0.0,0.0,0,0,0,0.0,0.0,0.0,0.0,0.0,0.0,0.0,0.0,0.0,0.0,0.0,0.0,0.0,0.0,0.0,0.0,0,-107875648.0,0,0.0,0,-107875648.0,-107877712.0,0,13107,17039,39322,17053,39322,17037,0,0,0,110,100,100,2.7302334150594743e+23,64.0,0.0,64.9,-107615304.0,68.5,1,49,50,180,0,26215,0,0,0.0,0.0,0.0,0.0,-4.1003594553441124e+19,65.0,0.0,-0.0,0.0,645,0,687,0,0,0,716,0,788,0,708,0,689,0,645,0,642,0,617,0.032,36962304.0,2.004,-107615152.0,34192,16788,-50399752.0,-0.099,0.0,-0.0,-0.0,0.0,29.0,60.0,70,0.0,0.0,0.0,0.0,0.0,0.0,0.0,0.0,0.0,0.0,0.0,0.0,0.0,0.0,0.0,0.0,59.2,69,11,65508,41,65476,0,300,0,0,8,20529,65476,0,0,61604,60.0,0.0,0.0,0.0,0.0,0.0
2026-04-04T11:30:13,ERR,ERR,ERR,ERR,ERR,ERR,ERR,ERR,ERR,ERR,ERR,ERR,ERR,ERR,ERR,ERR,ERR,ERR,ERR,ERR,ERR,ERR,ERR,ERR,ERR,ERR,ERR,ERR,ERR,ERR,ERR,ERR,ERR,ERR,ERR,ERR,ERR,ERR,ERR,ERR,ERR,ERR,ERR,ERR,ERR,ERR,ERR,ERR,ERR,ERR,ERR,ERR,ERR,ERR,ERR,ERR,ERR,ERR,ERR,ERR,ERR,ERR,ERR,ERR,ERR,ERR,ERR,ERR,ERR,ERR,ERR,ERR,ERR,ERR,ERR,ERR,ERR,ERR,ERR,ERR,ERR,ERR,ERR,ERR,ERR,ERR,ERR,ERR,ERR,ERR,ERR,ERR,ERR,ERR,ERR,ERR,ERR,ERR,ERR,ERR,ERR,ERR,ERR,ERR,ERR,ERR,ERR,ERR,ERR,ERR,ERR,ERR,ERR,ERR,ERR,ERR,ERR,ERR,ERR,ERR,ERR,ERR,ERR,ERR,ERR,0.0,-0.0,-101055584.0,0.0,0.0,0.0,0.0,nan,0,0,0,32768,0,0.0,0,0.0,0.0,0.0,0.0,0.0,0,0,0,0,0.0,0,0,0,0,0,0,0,0,0,0,0,0,0,0,0,0,0,0,0,0,0,0,0,0,0,0,0,0,0,0,0,0,0,0,0,0,0,0,0,0,0,0,0,0,0.0,0.0,0.0,0.0,0.0,0.0,0.0,0.0,0.0,0.0,0.0,0.0,0.0,0.0,0.0,0.0,0.0,0.0,0.0,0.0,0.0,0.0,-2.004,-2.004,-2.004,-0.0,0.0,0.0,0.0,0.0,3376.0,-1.5879155638041463e+29,0.0,0.0,-0.0,-0.0,0.0,0.0,0.0,0.0,0.0,0,-0.0,-0.0,0.0,0.0,0.0,0.0,0.0,0.0,0.0,0,0,0,0.0,0.0,0.0,0.0,0.0,0.0,0.0,0.0,0.0,0.0,0.0,0.0,0.0,0.0,0.0,0.0,0,-107875648.0,0,0.0,0,-107875648.0,-107877712.0,0,13107,17039,39322,17053,39322,17037,0,0,0,110,100,100,2.7302334150594743e+23,64.0,0.0,64.9,-107615304.0,68.5,1,49,50,180,0,26215,0,0,0.0,0.0,0.0,0.0,-4.1003594553441124e+19,65.0,0.0,-0.0,0.0,645,0,687,0,0,0,716,0,788,0,708,0,689,0,645,0,642,0,617,0.032,36962304.0,2.004,-107615152.0,34192,16788,-50399752.0,-0.099,0.0,-0.0,-0.0,0.0,29.0,60.0,70,0.0,0.0,0.0,0.0,0.0,0.0,0.0,0.0,0.0,0.0,0.0,0.0,0.0,0.0,0.0,0.0,59.2,69,11,65508,41,65476,0,300,0,0,8,20529,65476,0,0,61604,60.0,0.0,0.0,0.0,0.0,0.0
2026-04-04T11:30:14,ERR,ERR,ERR,ERR,ERR,ERR,ERR,ERR,ERR,ERR,ERR,ERR,ERR,ERR,ERR,ERR,ERR,ERR,ERR,ERR,ERR,ERR,ERR,ERR,ERR,ERR,ERR,ERR,ERR,ERR,ERR,ERR,ERR,ERR,ERR,ERR,ERR,ERR,ERR,ERR,ERR,ERR,ERR,ERR,ERR,ERR,ERR,ERR,ERR,ERR,ERR,ERR,ERR,ERR,ERR,ERR,ERR,ERR,ERR,ERR,ERR,ERR,ERR,ERR,ERR,ERR,ERR,ERR,ERR,ERR,ERR,ERR,ERR,ERR,ERR,ERR,ERR,ERR,ERR,ERR,ERR,ERR,ERR,ERR,ERR,ERR,ERR,ERR,ERR,ERR,ERR,ERR,ERR,ERR,ERR,ERR,ERR,ERR,ERR,ERR,ERR,ERR,ERR,ERR,ERR,ERR,ERR,ERR,ERR,ERR,ERR,ERR,ERR,ERR,ERR,ERR,ERR,ERR,ERR,ERR,ERR,ERR,ERR,ERR,ERR,0.0,-0.0,-101055584.0,0.0,0.0,0.0,0.0,nan,0,0,0,32768,0,0.0,0,0.0,0.0,0.0,0.0,0.0,0,0,0,0,0.0,0,0,0,0,0,0,0,0,0,0,0,0,0,0,0,0,0,0,0,0,0,0,0,0,0,0,0,0,0,0,0,0,0,0,0,0,0,0,0,0,0,0,0,0,0.0,0.0,0.0,0.0,0.0,0.0,0.0,0.0,0.0,0.0,0.0,0.0,0.0,0.0,0.0,0.0,0.0,0.0,0.0,0.0,0.0,0.0,-2.004,-2.004,-2.004,-0.0,0.0,0.0,0.0,0.0,3376.0,-1.5879155638041463e+29,0.0,0.0,-0.0,-0.0,0.0,0.0,0.0,0.0,0.0,0,-0.0,-0.0,0.0,0.0,0.0,0.0,0.0,0.0,0.0,0,0,0,0.0,0.0,0.0,0.0,0.0,0.0,0.0,0.0,0.0,0.0,0.0,0.0,0.0,0.0,0.0,0.0,0,-107875648.0,0,0.0,0,-107875648.0,-107877712.0,0,13107,17039,39322,17053,39322,17037,0,0,0,110,100,100,2.7302334150594743e+23,64.0,0.0,64.9,-107615304.0,68.5,1,49,50,180,0,26215,0,0,0.0,0.0,0.0,0.0,-4.1003594553441124e+19,65.0,0.0,-0.0,0.0,645,0,687,0,0,0,716,0,788,0,708,0,689,0,645,0,642,0,617,0.032,36962304.0,2.004,-107615152.0,34192,16788,-50399752.0,-0.099,0.0,-0.0,-0.0,0.0,29.0,60.0,70,0.0,0.0,0.0,0.0,0.0,0.0,0.0,0.0,0.0,0.0,0.0,0.0,0.0,0.0,0.0,0.0,59.2,69,11,65508,41,65476,0,300,0,0,8,20529,65476,0,0,61604,60.0,0.0,0.0,0.0,0.0,0.0
2026-04-04T11:30:15,ERR,ERR,ERR,ERR,ERR,ERR,ERR,ERR,ERR,ERR,ERR,ERR,ERR,ERR,ERR,ERR,ERR,ERR,ERR,ERR,ERR,ERR,ERR,ERR,ERR,ERR,ERR,ERR,ERR,ERR,ERR,ERR,ERR,ERR,ERR,ERR,ERR,ERR,ERR,ERR,ERR,ERR,ERR,ERR,ERR,ERR,ERR,ERR,ERR,ERR,ERR,ERR,ERR,ERR,ERR,ERR,ERR,ERR,ERR,ERR,ERR,ERR,ERR,ERR,ERR,ERR,ERR,ERR,ERR,ERR,ERR,ERR,ERR,ERR,ERR,ERR,ERR,ERR,ERR,ERR,ERR,ERR,ERR,ERR,ERR,ERR,ERR,ERR,ERR,ERR,ERR,ERR,ERR,ERR,ERR,ERR,ERR,ERR,ERR,ERR,ERR,ERR,ERR,ERR,ERR,ERR,ERR,ERR,ERR,ERR,ERR,ERR,ERR,ERR,ERR,ERR,ERR,ERR,ERR,ERR,ERR,ERR,ERR,ERR,ERR,0.0,-0.0,-101055584.0,0.0,0.0,0.0,0.0,nan,0,0,0,32768,0,0.0,0,0.0,0.0,0.0,0.0,0.0,0,0,0,0,0.0,0,0,0,0,0,0,0,0,0,0,0,0,0,0,0,0,0,0,0,0,0,0,0,0,0,0,0,0,0,0,0,0,0,0,0,0,0,0,0,0,0,0,0,0,0.0,0.0,0.0,0.0,0.0,0.0,0.0,0.0,0.0,0.0,0.0,0.0,0.0,0.0,0.0,0.0,0.0,0.0,0.0,0.0,0.0,0.0,-2.004,-2.004,-2.004,-0.0,0.0,0.0,0.0,0.0,3376.0,-1.5879155638041463e+29,0.0,0.0,-0.0,-0.0,0.0,0.0,0.0,0.0,0.0,0,-0.0,-0.0,0.0,0.0,0.0,0.0,0.0,0.0,0.0,0,0,0,0.0,0.0,0.0,0.0,0.0,0.0,0.0,0.0,0.0,0.0,0.0,0.0,0.0,0.0,0.0,0.0,0,-107875648.0,0,0.0,0,-107875648.0,-107877712.0,0,13107,17039,39322,17053,39322,17037,0,0,0,110,100,100,2.7302334150594743e+23,64.0,0.0,64.9,-107615304.0,68.5,1,49,50,180,0,26215,0,0,0.0,0.0,0.0,0.0,-4.1003594553441124e+19,65.0,0.0,-0.0,0.0,645,0,687,0,0,0,716,0,788,0,708,0,689,0,645,0,642,0,617,0.032,36962304.0,2.004,-107615152.0,34192,16788,-50399752.0,-0.099,0.0,-0.0,-0.0,0.0,29.0,60.0,70,0.0,0.0,0.0,0.0,0.0,0.0,0.0,0.0,0.0,0.0,0.0,0.0,0.0,0.0,0.0,0.0,59.2,69,11,65508,41,65476,0,300,0,0,8,20529,65476,0,0,61604,60.0,0.0,0.0,0.0,0.0,0.0
2026-04-04T11:30:16,ERR,ERR,ERR,ERR,ERR,ERR,ERR,ERR,ERR,ERR,ERR,ERR,ERR,ERR,ERR,ERR,ERR,ERR,ERR,ERR,ERR,ERR,ERR,ERR,ERR,ERR,ERR,ERR,ERR,ERR,ERR,ERR,ERR,ERR,ERR,ERR,ERR,ERR,ERR,ERR,ERR,ERR,ERR,ERR,ERR,ERR,ERR,ERR,ERR,ERR,ERR,ERR,ERR,ERR,ERR,ERR,ERR,ERR,ERR,ERR,ERR,ERR,ERR,ERR,ERR,ERR,ERR,ERR,ERR,ERR,ERR,ERR,ERR,ERR,ERR,ERR,ERR,ERR,ERR,ERR,ERR,ERR,ERR,ERR,ERR,ERR,ERR,ERR,ERR,ERR,ERR,ERR,ERR,ERR,ERR,ERR,ERR,ERR,ERR,ERR,ERR,ERR,ERR,ERR,ERR,ERR,ERR,ERR,ERR,ERR,ERR,ERR,ERR,ERR,ERR,ERR,ERR,ERR,ERR,ERR,ERR,ERR,ERR,ERR,ERR,0.0,-0.0,-101055584.0,0.0,0.0,0.0,0.0,nan,0,0,0,32768,0,0.0,0,0.0,0.0,0.0,0.0,0.0,0,0,0,0,0.0,0,0,0,0,0,0,0,0,0,0,0,0,0,0,0,0,0,0,0,0,0,0,0,0,0,0,0,0,0,0,0,0,0,0,0,0,0,0,0,0,0,0,0,0,0.0,0.0,0.0,0.0,0.0,0.0,0.0,0.0,0.0,0.0,0.0,0.0,0.0,0.0,0.0,0.0,0.0,0.0,0.0,0.0,0.0,0.0,-2.004,-2.004,-2.004,-0.0,0.0,0.0,0.0,0.0,3376.0,-1.5879155638041463e+29,0.0,0.0,-0.0,-0.0,0.0,0.0,0.0,0.0,0.0,0,-0.0,-0.0,0.0,0.0,0.0,0.0,0.0,0.0,0.0,0,0,0,0.0,0.0,0.0,0.0,0.0,0.0,0.0,0.0,0.0,0.0,0.0,0.0,0.0,0.0,0.0,0.0,0,-107875648.0,0,0.0,0,-107875648.0,-107877712.0,0,13107,17039,39322,17053,39322,17037,0,0,0,110,100,100,2.7302334150594743e+23,64.0,0.0,64.9,-107615304.0,68.5,1,49,50,180,0,26215,0,0,0.0,0.0,0.0,0.0,-4.1003594553441124e+19,65.0,0.0,0.0,0.0,645,0,687,0,0,0,716,0,788,0,708,0,689,0,645,0,642,0,617,0.032,36962304.0,2.004,-107615152.0,17808,16788,-94508048.0,0.0,8.181615223722121e+23,-2.8173377913286176e+32,-1.2116290782693606e+23,1.6974794605815143e+31,29.0,60.0,70,0.0,0.0,0.0,0.0,0.0,0.0,0.0,0.0,0.0,0.0,0.0,0.0,0.0,0.0,0.0,0.0,59.2,69,11,65508,41,65476,0,300,0,0,8,20529,65476,0,0,61604,60.0,0.0,0.0,0.0,0.0,0.0
2026-04-04T11:30:17,ERR,ERR,ERR,ERR,ERR,ERR,ERR,ERR,ERR,ERR,ERR,ERR,ERR,ERR,ERR,ERR,ERR,ERR,ERR,ERR,ERR,ERR,ERR,ERR,ERR,ERR,ERR,ERR,ERR,ERR,ERR,ERR,ERR,ERR,ERR,ERR,ERR,ERR,ERR,ERR,ERR,ERR,ERR,ERR,ERR,ERR,ERR,ERR,ERR,ERR,ERR,ERR,ERR,ERR,ERR,ERR,ERR,ERR,ERR,ERR,ERR,ERR,ERR,ERR,ERR,ERR,ERR,ERR,ERR,ERR,ERR,ERR,ERR,ERR,ERR,ERR,ERR,ERR,ERR,ERR,ERR,ERR,ERR,ERR,ERR,ERR,ERR,ERR,ERR,ERR,ERR,ERR,ERR,ERR,ERR,ERR,ERR,ERR,ERR,ERR,ERR,ERR,ERR,ERR,ERR,ERR,ERR,ERR,ERR,ERR,ERR,ERR,ERR,ERR,ERR,ERR,ERR,ERR,ERR,ERR,ERR,ERR,ERR,ERR,ERR,0.0,-0.0,-0.0,0.0,0.0,0.0,0.0,nan,0,0,0,32768,0,0.0,0,0.0,0.0,0.0,0.0,0.0,0,0,0,0,0.0,0,0,0,0,0,0,0,0,0,0,0,0,0,0,0,0,0,0,0,0,0,0,0,0,0,0,0,0,0,0,0,0,0,0,0,0,0,0,0,0,0,0,0,0,0.0,0.0,0.0,0.0,0.0,0.0,0.0,0.0,0.0,0.0,0.0,0.0,0.0,0.0,0.0,0.0,0.0,0.0,0.0,0.0,0.0,0.0,-2.004,-2.004,-2.004,2.004,0.0,0.0,0.0,0.0,3395.0,0.0,0.0,0.0,-0.0,-0.0,2.7184274988523002e+23,0.0,0.0,0.0,0.0,0,-0.0,-0.0,0.0,0.0,0.0,0.0,0.0,0.0,0.0,0,0,0,0.0,0.0,0.0,0.0,0.0,0.0,0.0,0.0,0.0,0.0,0.0,0.0,0.0,0.0,0.0,0.0,0,-107875648.0,0,0.0,0,-107875648.0,-107877712.0,0,13107,17039,39322,17053,39322,17037,0,0,0,110,100,100,2.7302334150594743e+23,64.0,0.0,64.9,-107615304.0,68.5,1,49,50,180,0,26215,0,0,0.0,0.0,0.0,0.0,-4.1003594553441124e+19,65.0,0.0,0.0,0.0,645,0,687,0,0,0,716,0,788,0,708,0,689,0,645,0,642,0,617,0.032,36962304.0,2.004,-107615152.0,17808,16788,-94508048.0,0.0,8.181615223722121e+23,-2.8173377913286176e+32,-1.2116290782693606e+23,1.6974794605815143e+31,29.0,60.0,70,0.0,0.0,0.0,0.0,0.0,0.0,0.0,0.0,0.0,0.0,0.0,0.0,0.0,0.0,0.0,0.0,59.6,69,11,65508,41,65476,0,300,0,0,8,20529,65476,0,0,61604,60.0,0.0,0.0,0.0,0.0,0.0
2026-04-04T11:30:18,ERR,ERR,ERR,ERR,ERR,ERR,ERR,ERR,ERR,ERR,ERR,ERR,ERR,ERR,ERR,ERR,ERR,ERR,ERR,ERR,ERR,ERR,ERR,ERR,ERR,ERR,ERR,ERR,ERR,ERR,ERR,ERR,ERR,ERR,ERR,ERR,ERR,ERR,ERR,ERR,ERR,ERR,ERR,ERR,ERR,ERR,ERR,ERR,ERR,ERR,ERR,ERR,ERR,ERR,ERR,ERR,ERR,ERR,ERR,ERR,ERR,ERR,ERR,ERR,ERR,ERR,ERR,ERR,ERR,ERR,ERR,ERR,ERR,ERR,ERR,ERR,ERR,ERR,ERR,ERR,ERR,ERR,ERR,ERR,ERR,ERR,ERR,ERR,ERR,ERR,ERR,ERR,ERR,ERR,ERR,ERR,ERR,ERR,ERR,ERR,ERR,ERR,ERR,ERR,ERR,ERR,ERR,ERR,ERR,ERR,ERR,ERR,ERR,ERR,ERR,ERR,ERR,ERR,ERR,ERR,ERR,ERR,ERR,ERR,ERR,0.0,-0.0,-0.0,0.0,0.0,0.0,0.0,nan,0,0,0,32768,0,0.0,0,0.0,0.0,0.0,0.0,0.0,0,0,0,0,0.0,0,0,0,0,0,0,0,0,0,0,0,0,0,0,0,0,0,0,0,0,0,0,0,0,0,0,0,0,0,0,0,0,0,0,0,0,0,0,0,0,0,0,0,0,0.0,0.0,0.0,0.0,0.0,0.0,0.0,0.0,0.0,0.0,0.0,0.0,0.0,0.0,0.0,0.0,0.0,0.0,0.0,0.0,0.0,0.0,-2.004,-2.004,-2.004,2.004,0.0,0.0,0.0,0.0,3395.0,0.0,0.0,0.0,-0.0,-0.0,2.7184274988523002e+23,0.0,0.0,0.0,0.0,0,-0.0,-0.0,0.0,0.0,0.0,0.0,0.0,0.0,0.0,0,0,0,0.0,0.0,0.0,0.0,0.0,0.0,0.0,0.0,0.0,0.0,0.0,0.0,0.0,0.0,0.0,0.0,0,-107875648.0,0,0.0,0,-107875648.0,-107877712.0,0,13107,17039,39322,17053,39322,17037,0,0,0,110,100,100,2.7302334150594743e+23,64.0,0.0,64.9,-107615304.0,68.5,1,49,50,180,0,26215,0,0,0.0,0.0,0.0,0.0,-4.1003594553441124e+19,65.0,0.0,0.0,0.0,645,0,687,0,0,0,716,0,788,0,708,0,689,0,645,0,642,0,617,0.032,36962304.0,2.004,-107615152.0,17808,16788,-94508048.0,0.0,8.181615223722121e+23,-2.8173377913286176e+32,-1.2116290782693606e+23,1.6974794605815143e+31,29.0,60.0,70,0.0,0.0,0.0,0.0,0.0,0.0,0.0,0.0,0.0,0.0,0.0,0.0,0.0,0.0,0.0,0.0,59.6,69,11,65508,41,65476,0,300,0,0,8,20529,65476,0,0,61604,60.0,0.0,0.0,0.0,0.0,0.0
2026-04-04T11:30:19,ERR,ERR,ERR,ERR,ERR,ERR,ERR,ERR,ERR,ERR,ERR,ERR,ERR,ERR,ERR,ERR,ERR,ERR,ERR,ERR,ERR,ERR,ERR,ERR,ERR,ERR,ERR,ERR,ERR,ERR,ERR,ERR,ERR,ERR,ERR,ERR,ERR,ERR,ERR,ERR,ERR,ERR,ERR,ERR,ERR,ERR,ERR,ERR,ERR,ERR,ERR,ERR,ERR,ERR,ERR,ERR,ERR,ERR,ERR,ERR,ERR,ERR,ERR,ERR,ERR,ERR,ERR,ERR,ERR,ERR,ERR,ERR,ERR,ERR,ERR,ERR,ERR,ERR,ERR,ERR,ERR,ERR,ERR,ERR,ERR,ERR,ERR,ERR,ERR,ERR,ERR,ERR,ERR,ERR,ERR,ERR,ERR,ERR,ERR,ERR,ERR,ERR,ERR,ERR,ERR,ERR,ERR,ERR,ERR,ERR,ERR,ERR,ERR,ERR,ERR,ERR,ERR,ERR,ERR,ERR,ERR,ERR,ERR,ERR,ERR,0.0,-0.0,-0.0,0.0,0.0,0.0,0.0,nan,0,0,0,32768,0,0.0,0,0.0,0.0,0.0,0.0,0.0,0,0,0,0,0.0,0,0,0,0,0,0,0,0,0,0,0,0,0,0,0,0,0,0,0,0,0,0,0,0,0,0,0,0,0,0,0,0,0,0,0,0,0,0,0,0,0,0,0,0,0.0,0.0,0.0,0.0,0.0,0.0,0.0,0.0,0.0,0.0,0.0,0.0,0.0,0.0,0.0,0.0,0.0,0.0,0.0,0.0,0.0,0.0,-2.004,-2.004,-2.004,2.004,0.0,0.0,0.0,0.0,3395.0,0.0,0.0,0.0,-0.0,-0.0,2.7184274988523002e+23,0.0,0.0,0.0,0.0,0,-0.0,-0.0,0.0,0.0,0.0,0.0,0.0,0.0,0.0,0,0,0,0.0,0.0,0.0,0.0,0.0,0.0,0.0,0.0,0.0,0.0,0.0,0.0,0.0,0.0,0.0,0.0,0,-107875648.0,0,0.0,0,-107875648.0,-107877712.0,0,13107,17039,39322,17053,39322,17037,0,0,0,110,100,100,2.7302334150594743e+23,64.0,0.0,64.9,-107615304.0,68.5,1,49,50,180,0,26215,0,0,0.0,0.0,0.0,0.0,-4.1003594553441124e+19,65.0,0.0,0.0,0.0,645,0,687,0,0,0,716,0,788,0,708,0,689,0,645,0,642,0,617,0.032,36962304.0,2.004,-107615152.0,17808,16788,-94508048.0,0.0,8.181615223722121e+23,-2.8173377913286176e+32,-1.2116290782693606e+23,1.6974794605815143e+31,29.0,60.0,70,0.0,0.0,0.0,0.0,0.0,0.0,0.0,0.0,0.0,0.0,0.0,0.0,0.0,0.0,0.0,0.0,59.2,69,11,65508,41,65476,0,300,0,0,8,20529,65476,0,0,61604,60.0,0.0,0.0,0.0,0.0,0.0
2026-04-04T11:30:20,ERR,ERR,ERR,ERR,ERR,ERR,ERR,ERR,ERR,ERR,ERR,ERR,ERR,ERR,ERR,ERR,ERR,ERR,ERR,ERR,ERR,ERR,ERR,ERR,ERR,ERR,ERR,ERR,ERR,ERR,ERR,ERR,ERR,ERR,ERR,ERR,ERR,ERR,ERR,ERR,ERR,ERR,ERR,ERR,ERR,ERR,ERR,ERR,ERR,ERR,ERR,ERR,ERR,ERR,ERR,ERR,ERR,ERR,ERR,ERR,ERR,ERR,ERR,ERR,ERR,ERR,ERR,ERR,ERR,ERR,ERR,ERR,ERR,ERR,ERR,ERR,ERR,ERR,ERR,ERR,ERR,ERR,ERR,ERR,ERR,ERR,ERR,ERR,ERR,ERR,ERR,ERR,ERR,ERR,ERR,ERR,ERR,ERR,ERR,ERR,ERR,ERR,ERR,ERR,ERR,ERR,ERR,ERR,ERR,ERR,ERR,ERR,ERR,ERR,ERR,ERR,ERR,ERR,ERR,ERR,ERR,ERR,ERR,ERR,ERR,0.0,-0.0,-0.0,0.0,0.0,0.0,0.0,nan,0,0,0,32768,0,0.0,0,0.0,0.0,0.0,0.0,0.0,0,0,0,0,0.0,0,0,0,0,0,0,0,0,0,0,0,0,0,0,0,0,0,0,0,0,0,0,0,0,0,0,0,0,0,0,0,0,0,0,0,0,0,0,0,0,0,0,0,0,0.0,0.0,0.0,0.0,0.0,0.0,0.0,0.0,0.0,0.0,0.0,0.0,0.0,0.0,0.0,0.0,0.0,0.0,0.0,0.0,0.0,0.0,-2.004,-2.004,-2.004,2.004,0.0,0.0,0.0,0.0,3395.0,0.0,0.0,0.0,-0.0,-0.0,2.7184274988523002e+23,0.0,0.0,0.0,0.0,0,-0.0,-0.0,0.0,0.0,0.0,0.0,0.0,0.0,0.0,0,0,0,0.0,0.0,0.0,0.0,0.0,0.0,0.0,0.0,0.0,0.0,0.0,0.0,0.0,0.0,0.0,0.0,0,-107875648.0,0,0.0,0,-107875648.0,-107877712.0,0,13107,17039,39322,17053,39322,17037,0,0,0,110,100,100,2.7302334150594743e+23,64.0,0.0,64.9,-107615304.0,68.5,1,49,50,180,0,26215,0,0,0.0,0.0,0.0,0.0,-4.1003594553441124e+19,65.0,0.0,0.0,0.0,645,0,687,0,0,0,716,0,788,0,708,0,689,0,645,0,642,0,617,0.032,36962304.0,2.004,-107615152.0,17808,16788,-94508048.0,0.0,8.181615223722121e+23,-2.8173377913286176e+32,-1.2116290782693606e+23,1.6974794605815143e+31,29.0,60.0,70,0.0,0.0,0.0,0.0,0.0,0.0,0.0,0.0,0.0,0.0,0.0,0.0,0.0,0.0,0.0,0.0,59.2,69,11,65508,41,65476,0,300,0,0,8,20529,65476,0,0,61604,60.0,0.0,0.0,0.0,0.0,0.0
2026-04-04T11:30:21,ERR,ERR,ERR,ERR,ERR,ERR,ERR,ERR,ERR,ERR,ERR,ERR,ERR,ERR,ERR,ERR,ERR,ERR,ERR,ERR,ERR,ERR,ERR,ERR,ERR,ERR,ERR,ERR,ERR,ERR,ERR,ERR,ERR,ERR,ERR,ERR,ERR,ERR,ERR,ERR,ERR,ERR,ERR,ERR,ERR,ERR,ERR,ERR,ERR,ERR,ERR,ERR,ERR,ERR,ERR,ERR,ERR,ERR,ERR,ERR,ERR,ERR,ERR,ERR,ERR,ERR,ERR,ERR,ERR,ERR,ERR,ERR,ERR,ERR,ERR,ERR,ERR,ERR,ERR,ERR,ERR,ERR,ERR,ERR,ERR,ERR,ERR,ERR,ERR,ERR,ERR,ERR,ERR,ERR,ERR,ERR,ERR,ERR,ERR,ERR,ERR,ERR,ERR,ERR,ERR,ERR,ERR,ERR,ERR,ERR,ERR,ERR,ERR,ERR,ERR,ERR,ERR,ERR,ERR,ERR,ERR,ERR,ERR,ERR,ERR,0.0,-0.0,-0.0,0.0,0.0,0.0,0.0,nan,0,0,0,32768,0,0.0,0,0.0,0.0,0.0,0.0,0.0,0,0,0,0,0.0,0,0,0,0,0,0,0,0,0,0,0,0,0,0,0,0,0,0,0,0,0,0,0,0,0,0,0,0,0,0,0,0,0,0,0,0,0,0,0,0,0,0,0,0,0.0,0.0,0.0,0.0,0.0,0.0,0.0,0.0,0.0,0.0,0.0,0.0,0.0,0.0,0.0,0.0,0.0,0.0,0.0,0.0,0.0,0.0,-2.004,-2.004,-2.004,2.004,0.0,0.0,0.0,0.0,3395.0,0.0,0.0,0.0,-0.0,-0.0,2.7184274988523002e+23,0.0,0.0,0.0,0.0,0,-0.0,-0.0,0.0,0.0,0.0,0.0,0.0,0.0,0.0,0,0,0,0.0,0.0,0.0,0.0,0.0,0.0,0.0,0.0,0.0,0.0,0.0,0.0,0.0,0.0,0.0,0.0,0,-107875648.0,0,0.0,0,-107875648.0,-107877712.0,0,13107,17039,39322,17053,39322,17037,0,0,0,110,100,100,2.7302334150594743e+23,64.0,0.0,64.9,-107615304.0,68.5,1,49,50,180,0,26215,0,0,0.0,0.0,0.0,0.0,-4.1003594553441124e+19,65.0,0.0,0.0,0.0,645,0,687,0,0,0,716,0,788,0,708,0,689,0,645,0,642,0,617,0.032,36962304.0,2.004,-107615152.0,17808,16788,-94508048.0,0.0,8.181615223722121e+23,-2.8173377913286176e+32,-1.2116290782693606e+23,1.6974794605815143e+31,29.0,60.0,70,0.0,0.0,0.0,0.0,0.0,0.0,0.0,0.0,0.0,0.0,0.0,0.0,0.0,0.0,0.0,0.0,59.2,69,11,65508,41,65476,0,300,0,0,8,20529,65476,0,0,61604,60.0,0.0,0.0,0.0,0.0,0.0
2026-04-04T11:30:22,ERR,ERR,ERR,ERR,ERR,ERR,ERR,ERR,ERR,ERR,ERR,ERR,ERR,ERR,ERR,ERR,ERR,ERR,ERR,ERR,ERR,ERR,ERR,ERR,ERR,ERR,ERR,ERR,ERR,ERR,ERR,ERR,ERR,ERR,ERR,ERR,ERR,ERR,ERR,ERR,ERR,ERR,ERR,ERR,ERR,ERR,ERR,ERR,ERR,ERR,ERR,ERR,ERR,ERR,ERR,ERR,ERR,ERR,ERR,ERR,ERR,ERR,ERR,ERR,ERR,ERR,ERR,ERR,ERR,ERR,ERR,ERR,ERR,ERR,ERR,ERR,ERR,ERR,ERR,ERR,ERR,ERR,ERR,ERR,ERR,ERR,ERR,ERR,ERR,ERR,ERR,ERR,ERR,ERR,ERR,ERR,ERR,ERR,ERR,ERR,ERR,ERR,ERR,ERR,ERR,ERR,ERR,ERR,ERR,ERR,ERR,ERR,ERR,ERR,ERR,ERR,ERR,ERR,ERR,ERR,ERR,ERR,ERR,ERR,ERR,0.0,-0.0,-0.0,0.0,0.0,0.0,0.0,nan,0,0,0,32768,0,0.0,0,0.0,0.0,0.0,0.0,0.0,0,0,0,0,0.0,0,0,0,0,0,0,0,0,0,0,0,0,0,0,0,0,0,0,0,0,0,0,0,0,0,0,0,0,0,0,0,0,0,0,0,0,0,0,0,0,0,0,0,0,0.0,0.0,0.0,0.0,0.0,0.0,0.0,0.0,0.0,0.0,0.0,0.0,0.0,0.0,0.0,0.0,0.0,0.0,0.0,0.0,0.0,0.0,-2.004,-2.004,-2.004,2.004,0.0,0.0,0.0,0.0,3395.0,0.0,0.0,0.0,-0.0,-0.0,2.7184274988523002e+23,0.0,0.0,0.0,0.0,0,-0.0,-0.0,0.0,0.0,0.0,0.0,0.0,0.0,0.0,0,0,0,0.0,0.0,0.0,0.0,0.0,0.0,0.0,0.0,0.0,0.0,0.0,0.0,0.0,0.0,0.0,0.0,0,-107875648.0,0,0.0,0,-107875648.0,-107877712.0,0,13107,17039,39322,17053,39322,17037,0,0,0,110,100,100,2.7302334150594743e+23,64.0,0.0,64.9,-107615304.0,68.5,1,49,50,180,0,26215,0,0,0.0,0.0,0.0,0.0,-7577921.0,65.0,0.0,-97848885248.0,0.0,645,0,687,0,0,0,716,0,788,0,708,0,689,0,645,0,642,0,617,0.032,36962304.0,2.004,-107615152.0,23568,16788,-0.264,-0.0,-1.6794202233641477e+23,0.06,-0.0,0.0,29.0,60.0,70,0.0,0.0,0.0,0.0,0.0,0.0,0.0,0.0,0.0,0.0,0.0,0.0,0.0,0.0,0.0,0.0,59.2,69,11,65508,41,65476,0,300,0,0,8,20529,65476,0,0,61604,60.0,0.0,0.0,0.0,0.0,0.0
2026-04-04T11:30:23,ERR,ERR,ERR,ERR,ERR,ERR,ERR,ERR,ERR,ERR,ERR,ERR,ERR,ERR,ERR,ERR,ERR,ERR,ERR,ERR,ERR,ERR,ERR,ERR,ERR,ERR,ERR,ERR,ERR,ERR,ERR,ERR,ERR,ERR,ERR,ERR,ERR,ERR,ERR,ERR,ERR,ERR,ERR,ERR,ERR,ERR,ERR,ERR,ERR,ERR,ERR,ERR,ERR,ERR,ERR,ERR,ERR,ERR,ERR,ERR,ERR,ERR,ERR,ERR,ERR,ERR,ERR,ERR,ERR,ERR,ERR,ERR,ERR,ERR,ERR,ERR,ERR,ERR,ERR,ERR,ERR,ERR,ERR,ERR,ERR,ERR,ERR,ERR,ERR,ERR,ERR,ERR,ERR,ERR,ERR,ERR,ERR,ERR,ERR,ERR,ERR,ERR,ERR,ERR,ERR,ERR,ERR,ERR,ERR,ERR,ERR,ERR,ERR,ERR,ERR,ERR,ERR,ERR,ERR,ERR,ERR,ERR,ERR,ERR,ERR,0.0,-0.0,-0.0,0.0,0.0,0.0,0.0,nan,0,0,0,32768,0,0.0,0,0.0,0.0,0.0,0.0,0.0,0,0,0,0,0.0,0,0,0,0,0,0,0,0,0,0,0,0,0,0,0,0,0,0,0,0,0,0,0,0,0,0,0,0,0,0,0,0,0,0,0,0,0,0,0,0,0,0,0,0,0.0,0.0,0.0,0.0,0.0,0.0,0.0,0.0,0.0,0.0,0.0,0.0,0.0,0.0,0.0,0.0,0.0,0.0,0.0,0.0,0.0,0.0,-2.004,-2.004,-2.004,2.004,0.0,0.0,0.0,0.0,3395.0,0.0,0.0,0.0,-0.0,-0.0,2.7184274988523002e+23,0.0,0.0,0.0,0.0,0,-0.0,-0.0,0.0,0.0,0.0,0.0,0.0,0.0,0.0,0,0,0,0.0,0.0,0.0,0.0,0.0,0.0,0.0,0.0,0.0,0.0,0.0,0.0,0.0,0.0,0.0,0.0,0,-107875648.0,0,0.0,0,-107875648.0,-107877712.0,0,13107,17039,39322,17053,39322,17037,0,0,0,110,100,100,2.7302334150594743e+23,64.0,0.0,64.9,-107615304.0,68.5,1,49,50,180,0,26215,0,0,0.0,0.0,0.0,0.0,-7577921.0,65.0,0.0,-97848885248.0,0.0,645,0,687,0,0,0,716,0,788,0,708,0,689,0,645,0,642,0,617,0.032,36962304.0,2.004,-107615152.0,23568,16788,-0.264,-0.0,-1.6794202233641477e+23,0.06,-0.0,0.0,29.0,60.0,70,0.0,0.0,0.0,0.0,0.0,0.0,0.0,0.0,0.0,0.0,0.0,0.0,0.0,0.0,0.0,0.0,59.2,69,11,65508,41,65476,0,300,0,0,8,20529,65476,0,0,61604,60.0,0.0,0.0,0.0,0.0,0.0
2026-04-04T11:30:24,ERR,ERR,ERR,ERR,ERR,ERR,ERR,ERR,ERR,ERR,ERR,ERR,ERR,ERR,ERR,ERR,ERR,ERR,ERR,ERR,ERR,ERR,ERR,ERR,ERR,ERR,ERR,ERR,ERR,ERR,ERR,ERR,ERR,ERR,ERR,ERR,ERR,ERR,ERR,ERR,ERR,ERR,ERR,ERR,ERR,ERR,ERR,ERR,ERR,ERR,ERR,ERR,ERR,ERR,ERR,ERR,ERR,ERR,ERR,ERR,ERR,ERR,ERR,ERR,ERR,ERR,ERR,ERR,ERR,ERR,ERR,ERR,ERR,ERR,ERR,ERR,ERR,ERR,ERR,ERR,ERR,ERR,ERR,ERR,ERR,ERR,ERR,ERR,ERR,ERR,ERR,ERR,ERR,ERR,ERR,ERR,ERR,ERR,ERR,ERR,ERR,ERR,ERR,ERR,ERR,ERR,ERR,ERR,ERR,ERR,ERR,ERR,ERR,ERR,ERR,ERR,ERR,ERR,ERR,ERR,ERR,ERR,ERR,ERR,ERR,0.0,-0.0,-0.0,0.0,0.0,0.0,0.0,nan,0,0,0,32768,0,0.0,0,0.0,0.0,0.0,0.0,0.0,0,0,0,0,0.0,0,0,0,0,0,0,0,0,0,0,0,0,0,0,0,0,0,0,0,0,0,0,0,0,0,0,0,0,0,0,0,0,0,0,0,0,0,0,0,0,0,0,0,0,0.0,0.0,0.0,0.0,0.0,0.0,0.0,0.0,0.0,0.0,0.0,0.0,0.0,0.0,0.0,0.0,0.0,0.0,0.0,0.0,0.0,0.0,-2.004,-2.004,-2.004,-0.0,0.0,0.0,0.0,0.0,3376.5,-2.004,0.0,0.0,-0.0,-0.0,2.7184274988523002e+23,0.0,0.0,0.0,0.0,0,-0.0,-0.0,0.0,0.0,0.0,0.0,0.0,0.0,0.0,0,0,0,0.0,0.0,0.0,0.0,0.0,0.0,0.0,0.0,0.0,0.0,0.0,0.0,0.0,0.0,0.0,0.0,0,-107875648.0,0,0.0,0,-107875648.0,-107877712.0,0,13107,17039,39322,17053,39322,17037,0,0,0,110,100,100,2.7302334150594743e+23,64.0,0.0,64.9,-107615304.0,68.5,1,49,50,180,0,26215,0,0,0.0,0.0,0.0,0.0,-7577921.0,65.0,0.0,-97848885248.0,0.0,645,0,687,0,0,0,716,0,788,0,708,0,689,0,645,0,642,0,617,0.032,36962304.0,2.004,-107615152.0,23568,16788,-0.264,-0.0,-1.6794202233641477e+23,0.06,-0.0,0.0,29.0,60.0,70,0.0,0.0,0.0,0.0,0.0,0.0,0.0,0.0,0.0,0.0,0.0,0.0,0.0,0.0,0.0,0.0,59.2,69,11,65508,41,65476,0,300,0,0,8,20529,65476,0,0,61604,60.0,0.0,0.0,0.0,0.0,0.0
2026-04-04T11:30:25,ERR,ERR,ERR,ERR,ERR,ERR,ERR,ERR,ERR,ERR,ERR,ERR,ERR,ERR,ERR,ERR,ERR,ERR,ERR,ERR,ERR,ERR,ERR,ERR,ERR,ERR,ERR,ERR,ERR,ERR,ERR,ERR,ERR,ERR,ERR,ERR,ERR,ERR,ERR,ERR,ERR,ERR,ERR,ERR,ERR,ERR,ERR,ERR,ERR,ERR,ERR,ERR,ERR,ERR,ERR,ERR,ERR,ERR,ERR,ERR,ERR,ERR,ERR,ERR,ERR,ERR,ERR,ERR,ERR,ERR,ERR,ERR,ERR,ERR,ERR,ERR,ERR,ERR,ERR,ERR,ERR,ERR,ERR,ERR,ERR,ERR,ERR,ERR,ERR,ERR,ERR,ERR,ERR,ERR,ERR,ERR,ERR,ERR,ERR,ERR,ERR,ERR,ERR,ERR,ERR,ERR,ERR,ERR,ERR,ERR,ERR,ERR,ERR,ERR,ERR,ERR,ERR,ERR,ERR,ERR,ERR,ERR,ERR,ERR,ERR,0.0,-0.0,-0.0,0.0,0.0,0.0,0.0,nan,0,0,0,32768,0,0.0,0,0.0,0.0,0.0,0.0,0.0,0,0,0,0,0.0,0,0,0,0,0,0,0,0,0,0,0,0,0,0,0,0,0,0,0,0,0,0,0,0,0,0,0,0,0,0,0,0,0,0,0,0,0,0,0,0,0,0,0,0,0.0,0.0,0.0,0.0,0.0,0.0,0.0,0.0,0.0,0.0,0.0,0.0,0.0,0.0,0.0,0.0,0.0,0.0,0.0,0.0,0.0,0.0,-2.004,-2.004,-2.004,-0.0,0.0,0.0,0.0,0.0,3376.5,-2.004,0.0,0.0,-0.0,-0.0,2.7184274988523002e+23,0.0,0.0,0.0,0.0,0,-0.0,-0.0,0.0,0.0,0.0,0.0,0.0,0.0,0.0,0,0,0,0.0,0.0,0.0,0.0,0.0,0.0,0.0,0.0,0.0,0.0,0.0,0.0,0.0,0.0,0.0,0.0,0,-107875648.0,0,0.0,0,-107875648.0,-107877712.0,0,13107,17039,39322,17053,39322,17037,0,0,0,110,100,100,2.7302334150594743e+23,64.0,0.0,64.9,-107615304.0,68.5,1,49,50,180,0,26215,0,0,0.0,0.0,0.0,0.0,-7577921.0,65.0,0.0,-97848885248.0,0.0,645,0,687,0,0,0,716,0,788,0,708,0,689,0,645,0,642,0,617,0.032,36962304.0,2.004,-107615152.0,23568,16788,-0.264,-0.0,-1.6794202233641477e+23,0.06,-0.0,0.0,29.0,60.0,70,0.0,0.0,0.0,0.0,0.0,0.0,0.0,0.0,0.0,0.0,0.0,0.0,0.0,0.0,0.0,0.0,59.2,69,11,65508,41,65476,0,300,0,0,8,20529,65476,0,0,61604,60.0,0.0,0.0,0.0,0.0,0.0
2026-04-04T11:30:26,ERR,ERR,ERR,ERR,ERR,ERR,ERR,ERR,ERR,ERR,ERR,ERR,ERR,ERR,ERR,ERR,ERR,ERR,ERR,ERR,ERR,ERR,ERR,ERR,ERR,ERR,ERR,ERR,ERR,ERR,ERR,ERR,ERR,ERR,ERR,ERR,ERR,ERR,ERR,ERR,ERR,ERR,ERR,ERR,ERR,ERR,ERR,ERR,ERR,ERR,ERR,ERR,ERR,ERR,ERR,ERR,ERR,ERR,ERR,ERR,ERR,ERR,ERR,ERR,ERR,ERR,ERR,ERR,ERR,ERR,ERR,ERR,ERR,ERR,ERR,ERR,ERR,ERR,ERR,ERR,ERR,ERR,ERR,ERR,ERR,ERR,ERR,ERR,ERR,ERR,ERR,ERR,ERR,ERR,ERR,ERR,ERR,ERR,ERR,ERR,ERR,ERR,ERR,ERR,ERR,ERR,ERR,ERR,ERR,ERR,ERR,ERR,ERR,ERR,ERR,ERR,ERR,ERR,ERR,ERR,ERR,ERR,ERR,ERR,ERR,0.0,-0.0,-0.0,0.0,0.0,0.0,0.0,nan,0,0,0,32768,0,0.0,0,0.0,0.0,0.0,0.0,0.0,0,0,0,0,0.0,0,0,0,0,0,0,0,0,0,0,0,0,0,0,0,0,0,0,0,0,0,0,0,0,0,0,0,0,0,0,0,0,0,0,0,0,0,0,0,0,0,0,0,0,0.0,0.0,0.0,0.0,0.0,0.0,0.0,0.0,0.0,0.0,0.0,0.0,0.0,0.0,0.0,0.0,0.0,0.0,0.0,0.0,0.0,0.0,-2.004,-2.004,-2.004,-0.0,0.0,0.0,0.0,0.0,3376.5,-2.004,0.0,0.0,-0.0,-0.0,2.7184274988523002e+23,0.0,0.0,0.0,0.0,0,-0.0,-0.0,0.0,0.0,0.0,0.0,0.0,0.0,0.0,0,0,0,0.0,0.0,0.0,0.0,0.0,0.0,0.0,0.0,0.0,0.0,0.0,0.0,0.0,0.0,0.0,0.0,0,-107875648.0,0,0.0,0,-107875648.0,-107877712.0,0,13107,17039,39322,17053,39322,17037,0,0,0,110,100,100,2.7302334150594743e+23,64.0,0.0,64.9,-107615304.0,68.5,1,49,50,180,0,26215,0,0,0.0,0.0,0.0,0.0,-0.0,65.0,0.0,-1.9629382298982626e+20,0.0,645,0,687,0,0,0,716,0,788,0,708,0,689,0,645,0,642,0,617,0.032,36962304.0,2.004,-107615152.0,21904,16788,-192.26,-0.005,nan,6.198044759811477e+23,-0.0,0.0,29.0,60.0,70,0.0,0.0,0.0,0.0,0.0,0.0,0.0,0.0,0.0,0.0,0.0,0.0,0.0,0.0,0.0,0.0,59.2,69,11,65508,41,65476,0,300,0,0,8,20529,65476,0,0,61604,60.0,0.0,0.0,0.0,0.0,0.0
2026-04-04T11:30:27,ERR,ERR,ERR,ERR,ERR,ERR,ERR,ERR,ERR,ERR,ERR,ERR,ERR,ERR,ERR,ERR,ERR,ERR,ERR,ERR,ERR,ERR,ERR,ERR,ERR,ERR,ERR,ERR,ERR,ERR,ERR,ERR,ERR,ERR,ERR,ERR,ERR,ERR,ERR,ERR,ERR,ERR,ERR,ERR,ERR,ERR,ERR,ERR,ERR,ERR,ERR,ERR,ERR,ERR,ERR,ERR,ERR,ERR,ERR,ERR,ERR,ERR,ERR,ERR,ERR,ERR,ERR,ERR,ERR,ERR,ERR,ERR,ERR,ERR,ERR,ERR,ERR,ERR,ERR,ERR,ERR,ERR,ERR,ERR,ERR,ERR,ERR,ERR,ERR,ERR,ERR,ERR,ERR,ERR,ERR,ERR,ERR,ERR,ERR,ERR,ERR,ERR,ERR,ERR,ERR,ERR,ERR,ERR,ERR,ERR,ERR,ERR,ERR,ERR,ERR,ERR,ERR,ERR,ERR,ERR,ERR,ERR,ERR,ERR,ERR,0.0,-0.0,-0.0,0.0,0.0,0.0,0.0,nan,0,0,0,32768,0,0.0,0,0.0,0.0,0.0,0.0,0.0,0,0,0,0,0.0,0,0,0,0,0,0,0,0,0,0,0,0,0,0,0,0,0,0,0,0,0,0,0,0,0,0,0,0,0,0,0,0,0,0,0,0,0,0,0,0,0,0,0,0,0.0,0.0,0.0,0.0,0.0,0.0,0.0,0.0,0.0,0.0,0.0,0.0,0.0,0.0,0.0,0.0,0.0,0.0,0.0,0.0,0.0,0.0,-2.004,-2.004,-2.004,-0.0,0.0,0.0,0.0,0.0,3376.5,-2.004,0.0,0.0,-0.0,-0.0,2.7184274988523002e+23,0.0,0.0,0.0,0.0,0,-0.0,-0.0,0.0,0.0,0.0,0.0,0.0,0.0,0.0,0,0,0,0.0,0.0,0.0,0.0,0.0,0.0,0.0,0.0,0.0,0.0,0.0,0.0,0.0,0.0,0.0,0.0,0,-107875648.0,0,0.0,0,-107875648.0,-107877712.0,0,13107,17039,39322,17053,39322,17037,0,0,0,110,100,100,2.7302334150594743e+23,64.0,0.0,64.9,-107615304.0,68.5,1,49,50,180,0,26215,0,0,0.0,0.0,0.0,0.0,-0.0,65.0,0.0,-1.9629382298982626e+20,0.0,645,0,687,0,0,0,716,0,788,0,708,0,689,0,645,0,642,0,617,0.032,36962304.0,2.004,-107615152.0,21904,16788,-192.26,-0.005,nan,6.198044759811477e+23,-0.0,0.0,29.0,60.0,70,0.0,0.0,0.0,0.0,0.0,0.0,0.0,0.0,0.0,0.0,0.0,0.0,0.0,0.0,0.0,0.0,59.2,69,11,65508,41,65476,0,300,0,0,8,20529,65476,0,0,61604,60.0,0.0,0.0,0.0,0.0,0.0
2026-04-04T11:30:28,ERR,ERR,ERR,ERR,ERR,ERR,ERR,ERR,ERR,ERR,ERR,ERR,ERR,ERR,ERR,ERR,ERR,ERR,ERR,ERR,ERR,ERR,ERR,ERR,ERR,ERR,ERR,ERR,ERR,ERR,ERR,ERR,ERR,ERR,ERR,ERR,ERR,ERR,ERR,ERR,ERR,ERR,ERR,ERR,ERR,ERR,ERR,ERR,ERR,ERR,ERR,ERR,ERR,ERR,ERR,ERR,ERR,ERR,ERR,ERR,ERR,ERR,ERR,ERR,ERR,ERR,ERR,ERR,ERR,ERR,ERR,ERR,ERR,ERR,ERR,ERR,ERR,ERR,ERR,ERR,ERR,ERR,ERR,ERR,ERR,ERR,ERR,ERR,ERR,ERR,ERR,ERR,ERR,ERR,ERR,ERR,ERR,ERR,ERR,ERR,ERR,ERR,ERR,ERR,ERR,ERR,ERR,ERR,ERR,ERR,ERR,ERR,ERR,ERR,ERR,ERR,ERR,ERR,ERR,ERR,ERR,ERR,ERR,ERR,ERR,0.0,-0.0,-0.0,0.0,0.0,0.0,0.0,nan,0,0,0,32768,0,0.0,0,0.0,0.0,0.0,0.0,0.0,0,0,0,0,0.0,0,0,0,0,0,0,0,0,0,0,0,0,0,0,0,0,0,0,0,0,0,0,0,0,0,0,0,0,0,0,0,0,0,0,0,0,0,0,0,0,0,0,0,0,0.0,0.0,0.0,0.0,0.0,0.0,0.0,0.0,0.0,0.0,0.0,0.0,0.0,0.0,0.0,0.0,0.0,0.0,0.0,0.0,0.0,0.0,-2.004,-2.004,-2.004,-0.0,0.0,0.0,0.0,0.0,3376.5,-2.004,0.0,0.0,-0.0,-0.0,2.7184274988523002e+23,0.0,0.0,0.0,0.0,0,-0.0,-0.0,0.0,0.0,0.0,0.0,0.0,0.0,0.0,0,0,0,0.0,0.0,0.0,0.0,0.0,0.0,0.0,0.0,0.0,0.0,0.0,0.0,0.0,0.0,0.0,0.0,0,-107875648.0,0,0.0,0,-107875648.0,-107877712.0,0,13107,17039,39322,17053,39322,17037,0,0,0,110,100,100,2.7302334150594743e+23,64.0,0.0,64.9,-107615304.0,68.5,1,49,50,180,0,26215,0,0,0.0,0.0,0.0,0.0,-0.0,65.0,0.0,-1.9629382298982626e+20,0.0,645,0,687,0,0,0,716,0,788,0,708,0,689,0,645,0,642,0,617,0.032,36962304.0,2.004,-107615152.0,21904,16788,-192.26,-0.005,nan,6.198044759811477e+23,-0.0,0.0,29.0,60.0,70,0.0,0.0,0.0,0.0,0.0,0.0,0.0,0.0,0.0,0.0,0.0,0.0,0.0,0.0,0.0,0.0,59.2,69,11,65508,41,65476,0,300,0,0,8,20529,65476,0,0,61604,60.0,0.0,0.0,0.0,0.0,0.0
2026-04-04T11:30:29,ERR,ERR,ERR,ERR,ERR,ERR,ERR,ERR,ERR,ERR,ERR,ERR,ERR,ERR,ERR,ERR,ERR,ERR,ERR,ERR,ERR,ERR,ERR,ERR,ERR,ERR,ERR,ERR,ERR,ERR,ERR,ERR,ERR,ERR,ERR,ERR,ERR,ERR,ERR,ERR,ERR,ERR,ERR,ERR,ERR,ERR,ERR,ERR,ERR,ERR,ERR,ERR,ERR,ERR,ERR,ERR,ERR,ERR,ERR,ERR,ERR,ERR,ERR,ERR,ERR,ERR,ERR,ERR,ERR,ERR,ERR,ERR,ERR,ERR,ERR,ERR,ERR,ERR,ERR,ERR,ERR,ERR,ERR,ERR,ERR,ERR,ERR,ERR,ERR,ERR,ERR,ERR,ERR,ERR,ERR,ERR,ERR,ERR,ERR,ERR,ERR,ERR,ERR,ERR,ERR,ERR,ERR,ERR,ERR,ERR,ERR,ERR,ERR,ERR,ERR,ERR,ERR,ERR,ERR,ERR,ERR,ERR,ERR,ERR,ERR,0.0,-0.0,-0.0,0.0,0.0,0.0,0.0,nan,0,0,0,32768,0,0.0,0,0.0,0.0,0.0,0.0,0.0,0,0,0,0,0.0,0,0,0,0,0,0,0,0,0,0,0,0,0,0,0,0,0,0,0,0,0,0,0,0,0,0,0,0,0,0,0,0,0,0,0,0,0,0,0,0,0,0,0,0,0.0,0.0,0.0,0.0,0.0,0.0,0.0,0.0,0.0,0.0,0.0,0.0,0.0,0.0,0.0,0.0,0.0,0.0,0.0,0.0,0.0,0.0,-2.004,-2.004,-2.004,-0.0,0.0,0.0,0.0,0.0,3376.5,-2.004,0.0,0.0,-0.0,-0.0,2.7184274988523002e+23,0.0,0.0,0.0,0.0,0,-0.0,-0.0,0.0,0.0,0.0,0.0,0.0,0.0,0.0,0,0,0,0.0,0.0,0.0,0.0,0.0,0.0,0.0,0.0,0.0,0.0,0.0,0.0,0.0,0.0,0.0,0.0,0,-107875648.0,0,0.0,0,-107875648.0,-107877712.0,0,13107,17039,39322,17053,39322,17037,0,0,0,110,100,100,2.7302334150594743e+23,64.0,0.0,64.9,-107615304.0,68.5,1,49,50,180,0,26215,0,0,0.0,0.0,0.0,0.0,-0.0,65.0,0.0,-1.9629382298982626e+20,0.0,645,0,687,0,0,0,716,0,788,0,708,0,689,0,645,0,642,0,617,0.032,36962304.0,2.004,-107615152.0,21904,16788,-192.26,-0.005,nan,6.198044759811477e+23,-0.0,0.0,29.0,60.0,70,0.0,0.0,0.0,0.0,0.0,0.0,0.0,0.0,0.0,0.0,0.0,0.0,0.0,0.0,0.0,0.0,59.6,69,11,65508,41,65476,0,300,0,0,8,20529,65476,0,0,61604,60.0,0.0,0.0,0.0,0.0,0.0
2026-04-04T11:30:30,ERR,ERR,ERR,ERR,ERR,ERR,ERR,ERR,ERR,ERR,ERR,ERR,ERR,ERR,ERR,ERR,ERR,ERR,ERR,ERR,ERR,ERR,ERR,ERR,ERR,ERR,ERR,ERR,ERR,ERR,ERR,ERR,ERR,ERR,ERR,ERR,ERR,ERR,ERR,ERR,ERR,ERR,ERR,ERR,ERR,ERR,ERR,ERR,ERR,ERR,ERR,ERR,ERR,ERR,ERR,ERR,ERR,ERR,ERR,ERR,ERR,ERR,ERR,ERR,ERR,ERR,ERR,ERR,ERR,ERR,ERR,ERR,ERR,ERR,ERR,ERR,ERR,ERR,ERR,ERR,ERR,ERR,ERR,ERR,ERR,ERR,ERR,ERR,ERR,ERR,ERR,ERR,ERR,ERR,ERR,ERR,ERR,ERR,ERR,ERR,ERR,ERR,ERR,ERR,ERR,ERR,ERR,ERR,ERR,ERR,ERR,ERR,ERR,ERR,ERR,ERR,ERR,ERR,ERR,ERR,ERR,ERR,ERR,ERR,ERR,0.0,-0.0,-0.0,0.0,0.0,0.0,0.0,nan,0,0,0,32768,0,0.0,0,0.0,0.0,0.0,0.0,0.0,0,0,0,0,0.0,0,0,0,0,0,0,0,0,0,0,0,0,0,0,0,0,0,0,0,0,0,0,0,0,0,0,0,0,0,0,0,0,0,0,0,0,0,0,0,0,0,0,0,0,0.0,0.0,0.0,0.0,0.0,0.0,0.0,0.0,0.0,0.0,0.0,0.0,0.0,0.0,0.0,0.0,0.0,0.0,0.0,0.0,0.0,0.0,-2.004,-2.004,-2.004,-0.0,0.0,0.0,0.0,0.0,3376.5,-2.004,0.0,0.0,-0.0,-0.0,2.7184274988523002e+23,0.0,0.0,0.0,0.0,0,-0.0,-0.0,0.0,0.0,0.0,0.0,0.0,0.0,0.0,0,0,0,0.0,0.0,0.0,0.0,0.0,0.0,0.0,0.0,0.0,0.0,0.0,0.0,0.0,0.0,0.0,0.0,0,-107875648.0,0,0.0,0,-107875648.0,-107877712.0,0,13107,17039,39322,17053,39322,17037,0,0,0,110,100,100,2.7302334150594743e+23,64.0,0.0,64.9,-107615304.0,68.5,1,49,50,180,0,26215,0,0,0.0,0.0,0.0,0.0,-0.0,65.0,0.0,-1.9629382298982626e+20,0.0,645,0,687,0,0,0,716,0,788,0,708,0,689,0,645,0,642,0,617,0.032,36962304.0,2.004,-107615152.0,21904,16788,-192.26,-0.005,nan,6.198044759811477e+23,-0.0,0.0,29.0,60.0,70,0.0,0.0,0.0,0.0,0.0,0.0,0.0,0.0,0.0,0.0,0.0,0.0,0.0,0.0,0.0,0.0,59.6,69,11,65508,41,65476,0,300,0,0,8,20529,65476,0,0,61604,60.0,0.0,0.0,0.0,0.0,0.0
2026-04-04T11:30:31,ERR,ERR,ERR,ERR,ERR,ERR,ERR,ERR,ERR,ERR,ERR,ERR,ERR,ERR,ERR,ERR,ERR,ERR,ERR,ERR,ERR,ERR,ERR,ERR,ERR,ERR,ERR,ERR,ERR,ERR,ERR,ERR,ERR,ERR,ERR,ERR,ERR,ERR,ERR,ERR,ERR,ERR,ERR,ERR,ERR,ERR,ERR,ERR,ERR,ERR,ERR,ERR,ERR,ERR,ERR,ERR,ERR,ERR,ERR,ERR,ERR,ERR,ERR,ERR,ERR,ERR,ERR,ERR,ERR,ERR,ERR,ERR,ERR,ERR,ERR,ERR,ERR,ERR,ERR,ERR,ERR,ERR,ERR,ERR,ERR,ERR,ERR,ERR,ERR,ERR,ERR,ERR,ERR,ERR,ERR,ERR,ERR,ERR,ERR,ERR,ERR,ERR,ERR,ERR,ERR,ERR,ERR,ERR,ERR,ERR,ERR,ERR,ERR,ERR,ERR,ERR,ERR,ERR,ERR,ERR,ERR,ERR,ERR,ERR,ERR,0.0,-0.0,-0.0,0.0,0.0,0.0,0.0,nan,0,0,0,32768,0,0.0,0,0.0,0.0,0.0,0.0,0.0,0,0,0,0,0.0,0,0,0,0,0,0,0,0,0,0,0,0,0,0,0,0,0,0,0,0,0,0,0,0,0,0,0,0,0,0,0,0,0,0,0,0,0,0,0,0,0,0,0,0,0.0,0.0,0.0,0.0,0.0,0.0,0.0,0.0,0.0,0.0,0.0,0.0,0.0,0.0,0.0,0.0,0.0,0.0,0.0,0.0,0.0,0.0,-2.004,-2.004,-2.004,-0.0,0.0,0.0,0.0,0.0,3376.5,-2.004,0.0,0.0,-0.0,-0.0,2.7184274988523002e+23,0.0,0.0,0.0,0.0,0,-0.0,-0.0,0.0,0.0,0.0,0.0,0.0,0.0,0.0,0,0,0,0.0,0.0,0.0,0.0,0.0,0.0,0.0,0.0,0.0,0.0,0.0,0.0,0.0,0.0,0.0,0.0,0,-107875648.0,0,0.0,0,-107875648.0,-107877712.0,0,13107,17039,39322,17053,39322,17037,0,0,0,110,100,100,2.7302334150594743e+23,64.0,0.0,64.9,-107615304.0,68.5,1,49,50,180,0,26215,0,0,0.0,0.0,0.0,0.0,-0.0,65.0,0.0,-1.9629382298982626e+20,0.0,645,0,687,0,0,0,716,0,788,0,708,0,689,0,645,0,642,0,617,0.032,36962304.0,2.004,-107615152.0,21904,16788,-192.26,-0.005,nan,6.198044759811477e+23,-0.0,0.0,29.0,60.0,70,0.0,0.0,0.0,0.0,0.0,0.0,0.0,0.0,0.0,0.0,0.0,0.0,0.0,0.0,0.0,0.0,59.6,69,11,65508,41,65476,0,300,0,0,8,20529,65476,0,0,61604,60.0,0.0,0.0,0.0,0.0,0.0
2026-04-04T11:30:32,ERR,ERR,ERR,ERR,ERR,ERR,ERR,ERR,ERR,ERR,ERR,ERR,ERR,ERR,ERR,ERR,ERR,ERR,ERR,ERR,ERR,ERR,ERR,ERR,ERR,ERR,ERR,ERR,ERR,ERR,ERR,ERR,ERR,ERR,ERR,ERR,ERR,ERR,ERR,ERR,ERR,ERR,ERR,ERR,ERR,ERR,ERR,ERR,ERR,ERR,ERR,ERR,ERR,ERR,ERR,ERR,ERR,ERR,ERR,ERR,ERR,ERR,ERR,ERR,ERR,ERR,ERR,ERR,ERR,ERR,ERR,ERR,ERR,ERR,ERR,ERR,ERR,ERR,ERR,ERR,ERR,ERR,ERR,ERR,ERR,ERR,ERR,ERR,ERR,ERR,ERR,ERR,ERR,ERR,ERR,ERR,ERR,ERR,ERR,ERR,ERR,ERR,ERR,ERR,ERR,ERR,ERR,ERR,ERR,ERR,ERR,ERR,ERR,ERR,ERR,ERR,ERR,ERR,ERR,ERR,ERR,ERR,ERR,ERR,ERR,0.0,-0.0,-0.0,0.0,0.0,0.0,0.0,nan,0,0,0,32768,0,0.0,0,0.0,0.0,0.0,0.0,0.0,0,0,0,0,0.0,0,0,0,0,0,0,0,0,0,0,0,0,0,0,0,0,0,0,0,0,0,0,0,0,0,0,0,0,0,0,0,0,0,0,0,0,0,0,0,0,0,0,0,0,0.0,0.0,0.0,0.0,0.0,0.0,0.0,0.0,0.0,0.0,0.0,0.0,0.0,0.0,0.0,0.0,0.0,0.0,0.0,0.0,0.0,0.0,-2.004,-2.004,-2.004,-0.0,0.0,0.0,0.0,0.0,3376.5,-3.697154027885167e+19,0.0,0.0,-0.0,-0.0,2.7184274988523002e+23,0.0,0.0,0.0,0.0,0,-0.0,-0.0,0.0,0.0,0.0,0.0,0.0,0.0,0.0,0,0,0,0.0,0.0,0.0,0.0,0.0,0.0,0.0,0.0,0.0,0.0,0.0,0.0,0.0,0.0,0.0,0.0,0,-107875648.0,0,0.0,0,-107875648.0,-107877712.0,0,13107,17039,39322,17053,39322,17037,0,0,0,110,100,100,2.7302334150594743e+23,64.0,0.0,64.9,-107615304.0,68.5,1,49,50,180,0,26215,0,0,0.0,0.0,0.0,0.0,-0.0,65.0,0.0,2.859982278850725e+25,0.0,645,0,687,0,0,0,716,0,788,0,708,0,689,0,645,0,642,0,617,0.032,36700160.0,2.004,-107615152.0,27920,16788,-0.704,2.859982278850725e+25,-16.032,-0.0,5.867625673125715e+36,-5.200553647272262e+23,29.0,60.0,70,0.0,0.0,0.0,0.0,0.0,0.0,0.0,0.0,0.0,0.0,0.0,0.0,0.0,0.0,0.0,0.0,59.2,69,11,65508,41,65476,0,300,0,0,8,20529,65476,0,0,61604,60.0,0.0,0.0,0.0,0.0,0.0
2026-04-04T11:30:33,ERR,ERR,ERR,ERR,ERR,ERR,ERR,ERR,ERR,ERR,ERR,ERR,ERR,ERR,ERR,ERR,ERR,ERR,ERR,ERR,ERR,ERR,ERR,ERR,ERR,ERR,ERR,ERR,ERR,ERR,ERR,ERR,ERR,ERR,ERR,ERR,ERR,ERR,ERR,ERR,ERR,ERR,ERR,ERR,ERR,ERR,ERR,ERR,ERR,ERR,ERR,ERR,ERR,ERR,ERR,ERR,ERR,ERR,ERR,ERR,ERR,ERR,ERR,ERR,ERR,ERR,ERR,ERR,ERR,ERR,ERR,ERR,ERR,ERR,ERR,ERR,ERR,ERR,ERR,ERR,ERR,ERR,ERR,ERR,ERR,ERR,ERR,ERR,ERR,ERR,ERR,ERR,ERR,ERR,ERR,ERR,ERR,ERR,ERR,ERR,ERR,ERR,ERR,ERR,ERR,ERR,ERR,ERR,ERR,ERR,ERR,ERR,ERR,ERR,ERR,ERR,ERR,ERR,ERR,ERR,ERR,ERR,ERR,ERR,ERR,0.0,-0.0,-0.0,0.0,0.0,0.0,0.0,nan,0,0,0,32768,0,0.0,0,0.0,0.0,0.0,0.0,0.0,0,0,0,0,0.0,0,0,0,0,0,0,0,0,0,0,0,0,0,0,0,0,0,0,0,0,0,0,0,0,0,0,0,0,0,0,0,0,0,0,0,0,0,0,0,0,0,0,0,0,0.0,0.0,0.0,0.0,0.0,0.0,0.0,0.0,0.0,0.0,0.0,0.0,0.0,0.0,0.0,0.0,0.0,0.0,0.0,0.0,0.0,0.0,-2.004,-2.004,-2.004,-0.0,0.0,0.0,0.0,0.0,3376.5,-3.697154027885167e+19,0.0,0.0,-0.0,-0.0,2.7184274988523002e+23,0.0,0.0,0.0,0.0,0,-0.0,-0.0,0.0,0.0,0.0,0.0,0.0,0.0,0.0,0,0,0,0.0,0.0,0.0,0.0,0.0,0.0,0.0,0.0,0.0,0.0,0.0,0.0,0.0,0.0,0.0,0.0,0,-107875648.0,0,0.0,0,-107875648.0,-107877712.0,0,13107,17039,39322,17053,39322,17037,0,0,0,110,100,100,2.7302334150594743e+23,64.0,0.0,64.9,-107615304.0,68.5,1,49,50,180,0,26215,0,0,0.0,0.0,0.0,0.0,-0.0,65.0,0.0,2.859982278850725e+25,0.0,645,0,687,0,0,0,716,0,788,0,708,0,689,0,645,0,642,0,617,0.032,36700160.0,2.004,-107615152.0,27920,16788,-0.704,2.859982278850725e+25,-16.032,-0.0,5.867625673125715e+36,-5.200553647272262e+23,29.0,60.0,70,0.0,0.0,0.0,0.0,0.0,0.0,0.0,0.0,0.0,0.0,0.0,0.0,0.0,0.0,0.0,0.0,59.2,69,11,65508,41,65476,0,300,0,0,8,20529,65476,0,0,61604,60.0,0.0,0.0,0.0,0.0,0.0
2026-04-04T11:30:34,ERR,ERR,ERR,ERR,ERR,ERR,ERR,ERR,ERR,ERR,ERR,ERR,ERR,ERR,ERR,ERR,ERR,ERR,ERR,ERR,ERR,ERR,ERR,ERR,ERR,ERR,ERR,ERR,ERR,ERR,ERR,ERR,ERR,ERR,ERR,ERR,ERR,ERR,ERR,ERR,ERR,ERR,ERR,ERR,ERR,ERR,ERR,ERR,ERR,ERR,ERR,ERR,ERR,ERR,ERR,ERR,ERR,ERR,ERR,ERR,ERR,ERR,ERR,ERR,ERR,ERR,ERR,ERR,ERR,ERR,ERR,ERR,ERR,ERR,ERR,ERR,ERR,ERR,ERR,ERR,ERR,ERR,ERR,ERR,ERR,ERR,ERR,ERR,ERR,ERR,ERR,ERR,ERR,ERR,ERR,ERR,ERR,ERR,ERR,ERR,ERR,ERR,ERR,ERR,ERR,ERR,ERR,ERR,ERR,ERR,ERR,ERR,ERR,ERR,ERR,ERR,ERR,ERR,ERR,ERR,ERR,ERR,ERR,ERR,ERR,0.0,-0.0,-0.0,0.0,0.0,0.0,0.0,nan,0,0,0,32768,0,0.0,0,0.0,0.0,0.0,0.0,0.0,0,0,0,0,0.0,0,0,0,0,0,0,0,0,0,0,0,0,0,0,0,0,0,0,0,0,0,0,0,0,0,0,0,0,0,0,0,0,0,0,0,0,0,0,0,0,0,0,0,0,0.0,0.0,0.0,0.0,0.0,0.0,0.0,0.0,0.0,0.0,0.0,0.0,0.0,0.0,0.0,0.0,0.0,0.0,0.0,0.0,0.0,0.0,-2.004,-2.004,-2.004,-0.0,0.0,0.0,0.0,0.0,3376.5,-3.697154027885167e+19,0.0,0.0,-0.0,-0.0,2.7184274988523002e+23,0.0,0.0,0.0,0.0,0,-0.0,-0.0,0.0,0.0,0.0,0.0,0.0,0.0,0.0,0,0,0,0.0,0.0,0.0,0.0,0.0,0.0,0.0,0.0,0.0,0.0,0.0,0.0,0.0,0.0,0.0,0.0,0,-107875648.0,0,0.0,0,-107875648.0,-107877712.0,0,13107,17039,39322,17053,39322,17037,0,0,0,110,100,100,2.7302334150594743e+23,64.0,0.0,64.9,-107615304.0,68.5,1,49,50,180,0,26215,0,0,0.0,0.0,0.0,0.0,-0.0,65.0,0.0,2.859982278850725e+25,0.0,645,0,687,0,0,0,716,0,788,0,708,0,689,0,645,0,642,0,617,0.032,36700160.0,2.004,-107615152.0,27920,16788,-0.704,2.859982278850725e+25,-16.032,-0.0,5.867625673125715e+36,-5.200553647272262e+23,29.0,60.0,70,0.0,0.0,0.0,0.0,0.0,0.0,0.0,0.0,0.0,0.0,0.0,0.0,0.0,0.0,0.0,0.0,59.2,69,11,65508,41,65476,0,300,0,0,8,20529,65476,0,0,61604,60.0,0.0,0.0,0.0,0.0,0.0
2026-04-04T11:30:35,ERR,ERR,ERR,ERR,ERR,ERR,ERR,ERR,ERR,ERR,ERR,ERR,ERR,ERR,ERR,ERR,ERR,ERR,ERR,ERR,ERR,ERR,ERR,ERR,ERR,ERR,ERR,ERR,ERR,ERR,ERR,ERR,ERR,ERR,ERR,ERR,ERR,ERR,ERR,ERR,ERR,ERR,ERR,ERR,ERR,ERR,ERR,ERR,ERR,ERR,ERR,ERR,ERR,ERR,ERR,ERR,ERR,ERR,ERR,ERR,ERR,ERR,ERR,ERR,ERR,ERR,ERR,ERR,ERR,ERR,ERR,ERR,ERR,ERR,ERR,ERR,ERR,ERR,ERR,ERR,ERR,ERR,ERR,ERR,ERR,ERR,ERR,ERR,ERR,ERR,ERR,ERR,ERR,ERR,ERR,ERR,ERR,ERR,ERR,ERR,ERR,ERR,ERR,ERR,ERR,ERR,ERR,ERR,ERR,ERR,ERR,ERR,ERR,ERR,ERR,ERR,ERR,ERR,ERR,ERR,ERR,ERR,ERR,ERR,ERR,0.0,-0.0,-0.0,0.0,0.0,0.0,0.0,nan,0,0,0,32768,0,0.0,0,0.0,0.0,0.0,0.0,0.0,0,0,0,0,0.0,0,0,0,0,0,0,0,0,0,0,0,0,0,0,0,0,0,0,0,0,0,0,0,0,0,0,0,0,0,0,0,0,0,0,0,0,0,0,0,0,0,0,0,0,0.0,0.0,0.0,0.0,0.0,0.0,0.0,0.0,0.0,0.0,0.0,0.0,0.0,0.0,0.0,0.0,0.0,0.0,0.0,0.0,0.0,0.0,-2.004,-2.004,-2.004,-0.0,0.0,0.0,0.0,0.0,3376.5,-3.697154027885167e+19,0.0,0.0,-0.0,-0.0,2.7184274988523002e+23,0.0,0.0,0.0,0.0,0,-0.0,-0.0,0.0,0.0,0.0,0.0,0.0,0.0,0.0,0,0,0,0.0,0.0,0.0,0.0,0.0,0.0,0.0,0.0,0.0,0.0,0.0,0.0,0.0,0.0,0.0,0.0,0,-107875648.0,0,0.0,0,-107875648.0,-107877712.0,0,13107,17039,39322,17053,39322,17037,0,0,0,110,100,100,2.7302334150594743e+23,64.0,0.0,64.9,-107615304.0,68.5,1,49,50,180,0,26215,0,0,0.0,0.0,0.0,0.0,-0.0,65.0,0.0,2.859982278850725e+25,0.0,645,0,687,0,0,0,716,0,788,0,708,0,689,0,645,0,642,0,617,0.032,36700160.0,2.004,-107615152.0,27920,16788,-0.704,2.859982278850725e+25,-16.032,-0.0,5.867625673125715e+36,-5.200553647272262e+23,29.0,60.0,70,0.0,0.0,0.0,0.0,0.0,0.0,0.0,0.0,0.0,0.0,0.0,0.0,0.0,0.0,0.0,0.0,59.2,69,11,65508,41,65476,0,300,0,0,8,20529,65476,0,0,61604,60.0,0.0,0.0,0.0,0.0,0.0
2026-04-04T11:30:36,ERR,ERR,ERR,ERR,ERR,ERR,ERR,ERR,ERR,ERR,ERR,ERR,ERR,ERR,ERR,ERR,ERR,ERR,ERR,ERR,ERR,ERR,ERR,ERR,ERR,ERR,ERR,ERR,ERR,ERR,ERR,ERR,ERR,ERR,ERR,ERR,ERR,ERR,ERR,ERR,ERR,ERR,ERR,ERR,ERR,ERR,ERR,ERR,ERR,ERR,ERR,ERR,ERR,ERR,ERR,ERR,ERR,ERR,ERR,ERR,ERR,ERR,ERR,ERR,ERR,ERR,ERR,ERR,ERR,ERR,ERR,ERR,ERR,ERR,ERR,ERR,ERR,ERR,ERR,ERR,ERR,ERR,ERR,ERR,ERR,ERR,ERR,ERR,ERR,ERR,ERR,ERR,ERR,ERR,ERR,ERR,ERR,ERR,ERR,ERR,ERR,ERR,ERR,ERR,ERR,ERR,ERR,ERR,ERR,ERR,ERR,ERR,ERR,ERR,ERR,ERR,ERR,ERR,ERR,ERR,ERR,ERR,ERR,ERR,ERR,0.0,-0.0,-0.0,0.0,0.0,0.0,0.0,nan,0,0,0,32768,0,0.0,0,0.0,0.0,0.0,0.0,0.0,0,0,0,0,0.0,0,0,0,0,0,0,0,0,0,0,0,0,0,0,0,0,0,0,0,0,0,0,0,0,0,0,0,0,0,0,0,0,0,0,0,0,0,0,0,0,0,0,0,0,0.0,0.0,0.0,0.0,0.0,0.0,0.0,0.0,0.0,0.0,0.0,0.0,0.0,0.0,0.0,0.0,0.0,0.0,0.0,0.0,0.0,0.0,-2.004,-2.004,-2.004,-0.0,0.0,0.0,0.0,0.0,3376.5,-3.697154027885167e+19,0.0,0.0,-0.0,-0.0,2.7184274988523002e+23,0.0,0.0,0.0,0.0,0,-0.0,-0.0,0.0,0.0,0.0,0.0,0.0,0.0,0.0,0,0,0,0.0,0.0,0.0,0.0,0.0,0.0,0.0,0.0,0.0,0.0,0.0,0.0,0.0,0.0,0.0,0.0,0,-107875648.0,0,0.0,0,-107875648.0,-107877712.0,0,13107,17039,39322,17053,39322,17037,0,0,0,110,100,100,2.7302334150594743e+23,64.0,0.0,64.9,-107615304.0,68.5,1,49,50,180,0,26215,0,0,0.0,0.0,0.0,0.0,-0.0,65.0,0.0,2.859982278850725e+25,0.0,645,0,687,0,0,0,716,0,788,0,708,0,689,0,645,0,642,0,617,0.032,36700160.0,2.004,-107615152.0,27920,16788,-0.704,2.859982278850725e+25,-16.032,-0.0,5.867625673125715e+36,-5.200553647272262e+23,29.0,60.0,70,0.0,0.0,0.0,0.0,0.0,0.0,0.0,0.0,0.0,0.0,0.0,0.0,0.0,0.0,0.0,0.0,59.2,69,11,65508,41,65476,0,300,0,0,8,20529,65476,0,0,61604,60.0,0.0,0.0,0.0,0.0,0.0
2026-04-04T11:30:37,ERR,ERR,ERR,ERR,ERR,ERR,ERR,ERR,ERR,ERR,ERR,ERR,ERR,ERR,ERR,ERR,ERR,ERR,ERR,ERR,ERR,ERR,ERR,ERR,ERR,ERR,ERR,ERR,ERR,ERR,ERR,ERR,ERR,ERR,ERR,ERR,ERR,ERR,ERR,ERR,ERR,ERR,ERR,ERR,ERR,ERR,ERR,ERR,ERR,ERR,ERR,ERR,ERR,ERR,ERR,ERR,ERR,ERR,ERR,ERR,ERR,ERR,ERR,ERR,ERR,ERR,ERR,ERR,ERR,ERR,ERR,ERR,ERR,ERR,ERR,ERR,ERR,ERR,ERR,ERR,ERR,ERR,ERR,ERR,ERR,ERR,ERR,ERR,ERR,ERR,ERR,ERR,ERR,ERR,ERR,ERR,ERR,ERR,ERR,ERR,ERR,ERR,ERR,ERR,ERR,ERR,ERR,ERR,ERR,ERR,ERR,ERR,ERR,ERR,ERR,ERR,ERR,ERR,ERR,ERR,ERR,ERR,ERR,ERR,ERR,0.0,-0.0,-0.0,0.0,0.0,0.0,0.0,nan,0,0,0,32768,0,0.0,0,0.0,0.0,0.0,0.0,0.0,0,0,0,0,0.0,0,0,0,0,0,0,0,0,0,0,0,0,0,0,0,0,0,0,0,0,0,0,0,0,0,0,0,0,0,0,0,0,0,0,0,0,0,0,0,0,0,0,0,0,0.0,0.0,0.0,0.0,0.0,0.0,0.0,0.0,0.0,0.0,0.0,0.0,0.0,0.0,0.0,0.0,0.0,0.0,0.0,0.0,0.0,0.0,-2.004,-2.004,-2.004,-0.0,0.0,0.0,0.0,0.0,3376.5,-3.697154027885167e+19,0.0,0.0,-0.0,-0.0,2.7184274988523002e+23,0.0,0.0,0.0,0.0,0,-0.0,-0.0,0.0,0.0,0.0,0.0,0.0,0.0,0.0,0,0,0,0.0,0.0,0.0,0.0,0.0,0.0,0.0,0.0,0.0,0.0,0.0,0.0,0.0,0.0,0.0,0.0,0,-107875648.0,0,0.0,0,-107875648.0,-107877712.0,0,13107,17039,39322,17053,39322,17037,0,0,0,110,100,100,2.7302334150594743e+23,64.0,0.0,64.9,-107615304.0,68.5,1,49,50,180,0,26215,0,0,0.0,0.0,0.0,0.0,-0.0,65.0,0.0,2.859982278850725e+25,0.0,645,0,687,0,0,0,716,0,788,0,708,0,689,0,645,0,642,0,617,0.032,36700160.0,2.004,-107615152.0,27920,16788,-0.704,2.859982278850725e+25,-16.032,-0.0,5.867625673125715e+36,-5.200553647272262e+23,29.0,60.0,70,0.0,0.0,0.0,0.0,0.0,0.0,0.0,0.0,0.0,0.0,0.0,0.0,0.0,0.0,0.0,0.0,59.6,69,11,65508,41,65476,0,300,0,0,8,20529,65476,0,0,61604,60.0,0.0,0.0,0.0,0.0,0.0
2026-04-04T11:30:38,ERR,ERR,ERR,ERR,ERR,ERR,ERR,ERR,ERR,ERR,ERR,ERR,ERR,ERR,ERR,ERR,ERR,ERR,ERR,ERR,ERR,ERR,ERR,ERR,ERR,ERR,ERR,ERR,ERR,ERR,ERR,ERR,ERR,ERR,ERR,ERR,ERR,ERR,ERR,ERR,ERR,ERR,ERR,ERR,ERR,ERR,ERR,ERR,ERR,ERR,ERR,ERR,ERR,ERR,ERR,ERR,ERR,ERR,ERR,ERR,ERR,ERR,ERR,ERR,ERR,ERR,ERR,ERR,ERR,ERR,ERR,ERR,ERR,ERR,ERR,ERR,ERR,ERR,ERR,ERR,ERR,ERR,ERR,ERR,ERR,ERR,ERR,ERR,ERR,ERR,ERR,ERR,ERR,ERR,ERR,ERR,ERR,ERR,ERR,ERR,ERR,ERR,ERR,ERR,ERR,ERR,ERR,ERR,ERR,ERR,ERR,ERR,ERR,ERR,ERR,ERR,ERR,ERR,ERR,ERR,ERR,ERR,ERR,ERR,ERR,0.0,-0.0,-0.0,0.0,0.0,0.0,0.0,nan,0,0,0,32768,0,0.0,0,0.0,0.0,0.0,0.0,0.0,0,0,0,0,0.0,0,0,0,0,0,0,0,0,0,0,0,0,0,0,0,0,0,0,0,0,0,0,0,0,0,0,0,0,0,0,0,0,0,0,0,0,0,0,0,0,0,0,0,0,0.0,0.0,0.0,0.0,0.0,0.0,0.0,0.0,0.0,0.0,0.0,0.0,0.0,0.0,0.0,0.0,0.0,0.0,0.0,0.0,0.0,0.0,-2.004,-2.004,-2.004,-0.0,0.0,0.0,0.0,0.0,3376.5,-3.697154027885167e+19,0.0,0.0,-0.0,-0.0,2.7184274988523002e+23,0.0,0.0,0.0,0.0,0,-0.0,-0.0,0.0,0.0,0.0,0.0,0.0,0.0,0.0,0,0,0,0.0,0.0,0.0,0.0,0.0,0.0,0.0,0.0,0.0,0.0,0.0,0.0,0.0,0.0,0.0,0.0,0,-107875648.0,0,0.0,0,-107875648.0,-107877712.0,0,13107,17039,39322,17053,39322,17037,0,0,0,110,100,100,2.7302334150594743e+23,64.0,0.0,64.9,-107615304.0,68.5,1,49,50,180,0,26215,0,0,0.0,0.0,0.0,0.0,-2276.157,65.0,0.0,-0.009,0.0,645,0,687,0,0,0,716,0,788,0,708,0,689,0,645,0,642,0,617,0.032,36700160.0,2.004,-107615152.0,39440,16788,-5377426432.0,-0.299,0.0,-2.2456550809850106e+36,-0.002,0.001,29.0,60.0,70,0.0,0.0,0.0,0.0,0.0,0.0,0.0,0.0,0.0,0.0,0.0,0.0,0.0,0.0,0.0,0.0,59.6,69,11,65508,41,65476,0,300,0,0,8,20529,65476,0,0,61604,60.0,0.0,0.0,0.0,0.0,0.0
2026-04-04T11:30:39,ERR,ERR,ERR,ERR,ERR,ERR,ERR,ERR,ERR,ERR,ERR,ERR,ERR,ERR,ERR,ERR,ERR,ERR,ERR,ERR,ERR,ERR,ERR,ERR,ERR,ERR,ERR,ERR,ERR,ERR,ERR,ERR,ERR,ERR,ERR,ERR,ERR,ERR,ERR,ERR,ERR,ERR,ERR,ERR,ERR,ERR,ERR,ERR,ERR,ERR,ERR,ERR,ERR,ERR,ERR,ERR,ERR,ERR,ERR,ERR,ERR,ERR,ERR,ERR,ERR,ERR,ERR,ERR,ERR,ERR,ERR,ERR,ERR,ERR,ERR,ERR,ERR,ERR,ERR,ERR,ERR,ERR,ERR,ERR,ERR,ERR,ERR,ERR,ERR,ERR,ERR,ERR,ERR,ERR,ERR,ERR,ERR,ERR,ERR,ERR,ERR,ERR,ERR,ERR,ERR,ERR,ERR,ERR,ERR,ERR,ERR,ERR,ERR,ERR,ERR,ERR,ERR,ERR,ERR,ERR,ERR,ERR,ERR,ERR,ERR,0.0,-0.0,-0.0,0.0,0.0,0.0,0.0,nan,0,0,0,32768,0,0.0,0,0.0,0.0,0.0,0.0,0.0,0,0,0,0,0.0,0,0,0,0,0,0,0,0,0,0,0,0,0,0,0,0,0,0,0,0,0,0,0,0,0,0,0,0,0,0,0,0,0,0,0,0,0,0,0,0,0,0,0,0,0.0,0.0,0.0,0.0,0.0,0.0,0.0,0.0,0.0,0.0,0.0,0.0,0.0,0.0,0.0,0.0,0.0,0.0,0.0,0.0,0.0,0.0,-2.004,-2.004,-2.004,-0.0,0.0,0.0,0.0,0.0,3376.5,-3.697154027885167e+19,0.0,0.0,-0.0,-0.0,2.7184274988523002e+23,0.0,0.0,0.0,0.0,0,-0.0,-0.0,0.0,0.0,0.0,0.0,0.0,0.0,0.0,0,0,0,0.0,0.0,0.0,0.0,0.0,0.0,0.0,0.0,0.0,0.0,0.0,0.0,0.0,0.0,0.0,0.0,0,-107875648.0,0,0.0,0,-107875648.0,-107877712.0,0,13107,17039,39322,17053,39322,17037,0,0,0,110,100,100,2.7302334150594743e+23,64.0,0.0,64.9,-107615304.0,68.5,1,49,50,180,0,26215,0,0,0.0,0.0,0.0,0.0,-2276.157,65.0,0.0,-0.009,0.0,645,0,687,0,0,0,716,0,788,0,708,0,689,0,645,0,642,0,617,0.032,36700160.0,2.004,-107615152.0,39440,16788,-5377426432.0,-0.299,0.0,-2.2456550809850106e+36,-0.002,0.001,29.0,60.0,70,0.0,0.0,0.0,0.0,0.0,0.0,0.0,0.0,0.0,0.0,0.0,0.0,0.0,0.0,0.0,0.0,59.6,69,11,65508,41,65476,0,300,0,0,8,20529,65476,0,0,61604,60.0,0.0,0.0,0.0,0.0,0.0
2026-04-04T11:30:40,ERR,ERR,ERR,ERR,ERR,ERR,ERR,ERR,ERR,ERR,ERR,ERR,ERR,ERR,ERR,ERR,ERR,ERR,ERR,ERR,ERR,ERR,ERR,ERR,ERR,ERR,ERR,ERR,ERR,ERR,ERR,ERR,ERR,ERR,ERR,ERR,ERR,ERR,ERR,ERR,ERR,ERR,ERR,ERR,ERR,ERR,ERR,ERR,ERR,ERR,ERR,ERR,ERR,ERR,ERR,ERR,ERR,ERR,ERR,ERR,ERR,ERR,ERR,ERR,ERR,ERR,ERR,ERR,ERR,ERR,ERR,ERR,ERR,ERR,ERR,ERR,ERR,ERR,ERR,ERR,ERR,ERR,ERR,ERR,ERR,ERR,ERR,ERR,ERR,ERR,ERR,ERR,ERR,ERR,ERR,ERR,ERR,ERR,ERR,ERR,ERR,ERR,ERR,ERR,ERR,ERR,ERR,ERR,ERR,ERR,ERR,ERR,ERR,ERR,ERR,ERR,ERR,ERR,ERR,ERR,ERR,ERR,ERR,ERR,ERR,0.0,-0.0,-0.0,0.0,0.0,0.0,0.0,nan,0,0,0,32768,0,0.0,0,0.0,0.0,0.0,0.0,0.0,0,0,0,0,0.0,0,0,0,0,0,0,0,0,0,0,0,0,0,0,0,0,0,0,0,0,0,0,0,0,0,0,0,0,0,0,0,0,0,0,0,0,0,0,0,0,0,0,0,0,0.0,0.0,0.0,0.0,0.0,0.0,0.0,0.0,0.0,0.0,0.0,0.0,0.0,0.0,0.0,0.0,0.0,0.0,0.0,0.0,0.0,0.0,-2.004,-2.004,-2.004,-0.0,0.0,0.0,0.0,0.0,3407.5,0.0,0.0,0.0,-0.0,-0.0,2.7184274988523002e+23,0.0,0.0,0.0,0.0,0,-0.0,-0.0,0.0,0.0,0.0,0.0,0.0,0.0,0.0,0,0,0,0.0,0.0,0.0,0.0,0.0,0.0,0.0,0.0,0.0,0.0,0.0,0.0,0.0,0.0,0.0,0.0,0,-107875648.0,0,0.0,0,-107875648.0,-107877712.0,0,13107,17039,39322,17053,39322,17037,0,0,0,110,100,100,2.7302334150594743e+23,64.0,0.0,64.9,-107615304.0,68.5,1,49,50,180,0,26215,0,0,0.0,0.0,0.0,0.0,-2276.157,65.0,0.0,-0.009,0.0,645,0,687,0,0,0,716,0,788,0,708,0,689,0,645,0,642,0,617,0.032,36700160.0,2.004,-107615152.0,39440,16788,-5377426432.0,-0.299,0.0,-2.2456550809850106e+36,-0.002,0.001,29.0,60.0,70,0.0,0.0,0.0,0.0,0.0,0.0,0.0,0.0,0.0,0.0,0.0,0.0,0.0,0.0,0.0,0.0,59.2,69,11,65508,41,65476,0,300,0,0,8,20529,65476,0,0,61604,60.0,0.0,0.0,0.0,0.0,0.0
2026-04-04T11:30:41,ERR,ERR,ERR,ERR,ERR,ERR,ERR,ERR,ERR,ERR,ERR,ERR,ERR,ERR,ERR,ERR,ERR,ERR,ERR,ERR,ERR,ERR,ERR,ERR,ERR,ERR,ERR,ERR,ERR,ERR,ERR,ERR,ERR,ERR,ERR,ERR,ERR,ERR,ERR,ERR,ERR,ERR,ERR,ERR,ERR,ERR,ERR,ERR,ERR,ERR,ERR,ERR,ERR,ERR,ERR,ERR,ERR,ERR,ERR,ERR,ERR,ERR,ERR,ERR,ERR,ERR,ERR,ERR,ERR,ERR,ERR,ERR,ERR,ERR,ERR,ERR,ERR,ERR,ERR,ERR,ERR,ERR,ERR,ERR,ERR,ERR,ERR,ERR,ERR,ERR,ERR,ERR,ERR,ERR,ERR,ERR,ERR,ERR,ERR,ERR,ERR,ERR,ERR,ERR,ERR,ERR,ERR,ERR,ERR,ERR,ERR,ERR,ERR,ERR,ERR,ERR,ERR,ERR,ERR,ERR,ERR,ERR,ERR,ERR,ERR,0.0,-0.0,-0.0,0.0,0.0,0.0,0.0,nan,0,0,0,32768,0,0.0,0,0.0,0.0,0.0,0.0,0.0,0,0,0,0,0.0,0,0,0,0,0,0,0,0,0,0,0,0,0,0,0,0,0,0,0,0,0,0,0,0,0,0,0,0,0,0,0,0,0,0,0,0,0,0,0,0,0,0,0,0,0.0,0.0,0.0,0.0,0.0,0.0,0.0,0.0,0.0,0.0,0.0,0.0,0.0,0.0,0.0,0.0,0.0,0.0,0.0,0.0,0.0,0.0,-2.004,-2.004,-2.004,-0.0,0.0,0.0,0.0,0.0,3407.5,0.0,0.0,0.0,-0.0,-0.0,2.7184274988523002e+23,0.0,0.0,0.0,0.0,0,-0.0,-0.0,0.0,0.0,0.0,0.0,0.0,0.0,0.0,0,0,0,0.0,0.0,0.0,0.0,0.0,0.0,0.0,0.0,0.0,0.0,0.0,0.0,0.0,0.0,0.0,0.0,0,-107875648.0,0,0.0,0,-107875648.0,-107877712.0,0,13107,17039,39322,17053,39322,17037,0,0,0,110,100,100,2.7302334150594743e+23,64.0,0.0,64.9,-107615304.0,68.5,1,49,50,180,0,26215,0,0,0.0,0.0,0.0,0.0,-2276.157,65.0,0.0,-0.009,0.0,645,0,687,0,0,0,716,0,788,0,708,0,689,0,645,0,642,0,617,0.032,36700160.0,2.004,-107615152.0,39440,16788,-5377426432.0,-0.299,0.0,-2.2456550809850106e+36,-0.002,0.001,29.0,60.0,70,0.0,0.0,0.0,0.0,0.0,0.0,0.0,0.0,0.0,0.0,0.0,0.0,0.0,0.0,0.0,0.0,59.2,69,11,65508,41,65476,0,300,0,0,8,20529,65476,0,0,61604,60.0,0.0,0.0,0.0,0.0,0.0
2026-04-04T11:30:42,ERR,ERR,ERR,ERR,ERR,ERR,ERR,ERR,ERR,ERR,ERR,ERR,ERR,ERR,ERR,ERR,ERR,ERR,ERR,ERR,ERR,ERR,ERR,ERR,ERR,ERR,ERR,ERR,ERR,ERR,ERR,ERR,ERR,ERR,ERR,ERR,ERR,ERR,ERR,ERR,ERR,ERR,ERR,ERR,ERR,ERR,ERR,ERR,ERR,ERR,ERR,ERR,ERR,ERR,ERR,ERR,ERR,ERR,ERR,ERR,ERR,ERR,ERR,ERR,ERR,ERR,ERR,ERR,ERR,ERR,ERR,ERR,ERR,ERR,ERR,ERR,ERR,ERR,ERR,ERR,ERR,ERR,ERR,ERR,ERR,ERR,ERR,ERR,ERR,ERR,ERR,ERR,ERR,ERR,ERR,ERR,ERR,ERR,ERR,ERR,ERR,ERR,ERR,ERR,ERR,ERR,ERR,ERR,ERR,ERR,ERR,ERR,ERR,ERR,ERR,ERR,ERR,ERR,ERR,ERR,ERR,ERR,ERR,ERR,ERR,0.0,-0.0,-0.0,0.0,0.0,0.0,0.0,nan,0,0,0,32768,0,0.0,0,0.0,0.0,0.0,0.0,0.0,0,0,0,0,0.0,0,0,0,0,0,0,0,0,0,0,0,0,0,0,0,0,0,0,0,0,0,0,0,0,0,0,0,0,0,0,0,0,0,0,0,0,0,0,0,0,0,0,0,0,0.0,0.0,0.0,0.0,0.0,0.0,0.0,0.0,0.0,0.0,0.0,0.0,0.0,0.0,0.0,0.0,0.0,0.0,0.0,0.0,0.0,0.0,-2.004,-2.004,-2.004,-0.0,0.0,0.0,0.0,0.0,3407.5,0.0,0.0,0.0,-0.0,-0.0,2.7184274988523002e+23,0.0,0.0,0.0,0.0,0,-0.0,-0.0,0.0,0.0,0.0,0.0,0.0,0.0,0.0,0,0,0,0.0,0.0,0.0,0.0,0.0,0.0,0.0,0.0,0.0,0.0,0.0,0.0,0.0,0.0,0.0,0.0,0,-107875648.0,0,0.0,0,-107875648.0,-107877712.0,0,13107,17039,39322,17053,39322,17037,0,0,0,110,100,100,2.7302334150594743e+23,64.0,0.0,64.9,-107615304.0,68.5,1,49,50,180,0,26215,0,0,0.0,0.0,0.0,0.0,-2276.157,65.0,0.0,-0.009,0.0,645,0,687,0,0,0,716,0,788,0,708,0,689,0,645,0,642,0,617,0.032,36700160.0,2.004,-107615152.0,39440,16788,-5377426432.0,-0.299,0.0,-2.2456550809850106e+36,-0.002,0.001,29.0,60.0,70,0.0,0.0,0.0,0.0,0.0,0.0,0.0,0.0,0.0,0.0,0.0,0.0,0.0,0.0,0.0,0.0,59.2,69,11,65508,41,65476,0,300,0,0,8,20529,65476,0,0,61604,60.0,0.0,0.0,0.0,0.0,0.0
2026-04-04T11:30:43,ERR,ERR,ERR,ERR,ERR,ERR,ERR,ERR,ERR,ERR,ERR,ERR,ERR,ERR,ERR,ERR,ERR,ERR,ERR,ERR,ERR,ERR,ERR,ERR,ERR,ERR,ERR,ERR,ERR,ERR,ERR,ERR,ERR,ERR,ERR,ERR,ERR,ERR,ERR,ERR,ERR,ERR,ERR,ERR,ERR,ERR,ERR,ERR,ERR,ERR,ERR,ERR,ERR,ERR,ERR,ERR,ERR,ERR,ERR,ERR,ERR,ERR,ERR,ERR,ERR,ERR,ERR,ERR,ERR,ERR,ERR,ERR,ERR,ERR,ERR,ERR,ERR,ERR,ERR,ERR,ERR,ERR,ERR,ERR,ERR,ERR,ERR,ERR,ERR,ERR,ERR,ERR,ERR,ERR,ERR,ERR,ERR,ERR,ERR,ERR,ERR,ERR,ERR,ERR,ERR,ERR,ERR,ERR,ERR,ERR,ERR,ERR,ERR,ERR,ERR,ERR,ERR,ERR,ERR,ERR,ERR,ERR,ERR,ERR,ERR,0.0,-0.0,-0.0,0.0,0.0,0.0,0.0,nan,0,0,0,32768,0,0.0,0,0.0,0.0,0.0,0.0,0.0,0,0,0,0,0.0,0,0,0,0,0,0,0,0,0,0,0,0,0,0,0,0,0,0,0,0,0,0,0,0,0,0,0,0,0,0,0,0,0,0,0,0,0,0,0,0,0,0,0,0,0.0,0.0,0.0,0.0,0.0,0.0,0.0,0.0,0.0,0.0,0.0,0.0,0.0,0.0,0.0,0.0,0.0,0.0,0.0,0.0,0.0,0.0,-2.004,-2.004,-2.004,-0.0,0.0,0.0,0.0,0.0,3407.5,0.0,0.0,0.0,-0.0,-0.0,2.7184274988523002e+23,0.0,0.0,0.0,0.0,0,-0.0,-0.0,0.0,0.0,0.0,0.0,0.0,0.0,0.0,0,0,0,0.0,0.0,0.0,0.0,0.0,0.0,0.0,0.0,0.0,0.0,0.0,0.0,0.0,0.0,0.0,0.0,0,-107875648.0,0,0.0,0,-107875648.0,-107877712.0,0,13107,17039,39322,17053,39322,17037,0,0,0,110,100,100,2.7302334150594743e+23,64.0,0.0,64.9,-107615304.0,68.5,1,49,50,180,0,26215,0,0,0.0,0.0,0.0,0.0,-2276.157,65.0,0.0,-0.009,0.0,645,0,687,0,0,0,716,0,788,0,708,0,689,0,645,0,642,0,617,0.032,36700160.0,2.004,-107615152.0,39440,16788,-5377426432.0,-0.299,0.0,-2.2456550809850106e+36,-0.002,0.001,29.0,60.0,70,0.0,0.0,0.0,0.0,0.0,0.0,0.0,0.0,0.0,0.0,0.0,0.0,0.0,0.0,0.0,0.0,59.2,69,11,65508,41,65476,0,300,0,0,8,20529,65476,0,0,61604,60.0,0.0,0.0,0.0,0.0,0.0
2026-04-04T11:30:44,ERR,ERR,ERR,ERR,ERR,ERR,ERR,ERR,ERR,ERR,ERR,ERR,ERR,ERR,ERR,ERR,ERR,ERR,ERR,ERR,ERR,ERR,ERR,ERR,ERR,ERR,ERR,ERR,ERR,ERR,ERR,ERR,ERR,ERR,ERR,ERR,ERR,ERR,ERR,ERR,ERR,ERR,ERR,ERR,ERR,ERR,ERR,ERR,ERR,ERR,ERR,ERR,ERR,ERR,ERR,ERR,ERR,ERR,ERR,ERR,ERR,ERR,ERR,ERR,ERR,ERR,ERR,ERR,ERR,ERR,ERR,ERR,ERR,ERR,ERR,ERR,ERR,ERR,ERR,ERR,ERR,ERR,ERR,ERR,ERR,ERR,ERR,ERR,ERR,ERR,ERR,ERR,ERR,ERR,ERR,ERR,ERR,ERR,ERR,ERR,ERR,ERR,ERR,ERR,ERR,ERR,ERR,ERR,ERR,ERR,ERR,ERR,ERR,ERR,ERR,ERR,ERR,ERR,ERR,ERR,ERR,ERR,ERR,ERR,ERR,0.0,-0.0,-0.0,0.0,0.0,0.0,0.0,nan,0,0,0,32768,0,0.0,0,0.0,0.0,0.0,0.0,0.0,0,0,0,0,0.0,0,0,0,0,0,0,0,0,0,0,0,0,0,0,0,0,0,0,0,0,0,0,0,0,0,0,0,0,0,0,0,0,0,0,0,0,0,0,0,0,0,0,0,0,0.0,0.0,0.0,0.0,0.0,0.0,0.0,0.0,0.0,0.0,0.0,0.0,0.0,0.0,0.0,0.0,0.0,0.0,0.0,0.0,0.0,0.0,-2.004,-2.004,-2.004,-0.0,0.0,0.0,0.0,0.0,3407.5,0.0,0.0,0.0,-0.0,-0.0,2.7184274988523002e+23,0.0,0.0,0.0,0.0,0,-0.0,-0.0,0.0,0.0,0.0,0.0,0.0,0.0,0.0,0,0,0,0.0,0.0,0.0,0.0,0.0,0.0,0.0,0.0,0.0,0.0,0.0,0.0,0.0,0.0,0.0,0.0,0,-107875648.0,0,0.0,0,-107875648.0,-107877712.0,0,13107,17039,39322,17053,39322,17037,0,0,0,110,100,100,2.7302334150594743e+23,64.0,0.0,64.9,-107615304.0,68.5,1,49,50,180,0,26215,0,0,0.0,0.0,0.0,0.0,-6.387463277834919e+23,65.0,0.0,-0.0,0.0,645,0,687,0,0,0,716,0,788,0,708,0,689,0,645,0,642,0,616,0.032,36700160.0,0.0,2.7302316136196234e+23,32656,16788,-89796919296.0,-0.0,0.0,-0.0,-0.0,0.0,29.0,60.0,70,0.0,0.0,0.0,0.0,0.0,0.0,0.0,0.0,0.0,0.0,0.0,0.0,0.0,0.0,0.0,0.0,59.2,69,11,65508,41,65476,0,300,0,0,8,20529,65476,0,0,61604,60.0,0.0,0.0,0.0,0.0,0.0
2026-04-04T11:30:45,ERR,ERR,ERR,ERR,ERR,ERR,ERR,ERR,ERR,ERR,ERR,ERR,ERR,ERR,ERR,ERR,ERR,ERR,ERR,ERR,ERR,ERR,ERR,ERR,ERR,ERR,ERR,ERR,ERR,ERR,ERR,ERR,ERR,ERR,ERR,ERR,ERR,ERR,ERR,ERR,ERR,ERR,ERR,ERR,ERR,ERR,ERR,ERR,ERR,ERR,ERR,ERR,ERR,ERR,ERR,ERR,ERR,ERR,ERR,ERR,ERR,ERR,ERR,ERR,ERR,ERR,ERR,ERR,ERR,ERR,ERR,ERR,ERR,ERR,ERR,ERR,ERR,ERR,ERR,ERR,ERR,ERR,ERR,ERR,ERR,ERR,ERR,ERR,ERR,ERR,ERR,ERR,ERR,ERR,ERR,ERR,ERR,ERR,ERR,ERR,ERR,ERR,ERR,ERR,ERR,ERR,ERR,ERR,ERR,ERR,ERR,ERR,ERR,ERR,ERR,ERR,ERR,ERR,ERR,ERR,ERR,ERR,ERR,ERR,ERR,0.0,-0.0,-0.0,0.0,0.0,0.0,0.0,nan,0,0,0,32768,0,0.0,0,0.0,0.0,0.0,0.0,0.0,0,0,0,0,0.0,0,0,0,0,0,0,0,0,0,0,0,0,0,0,0,0,0,0,0,0,0,0,0,0,0,0,0,0,0,0,0,0,0,0,0,0,0,0,0,0,0,0,0,0,0.0,0.0,0.0,0.0,0.0,0.0,0.0,0.0,0.0,0.0,0.0,0.0,0.0,0.0,0.0,0.0,0.0,0.0,0.0,0.0,0.0,0.0,-2.004,-2.004,-2.004,-0.0,0.0,0.0,0.0,0.0,3407.5,0.0,0.0,0.0,-0.0,-0.0,2.7184274988523002e+23,0.0,0.0,0.0,0.0,0,-0.0,-0.0,0.0,0.0,0.0,0.0,0.0,0.0,0.0,0,0,0,0.0,0.0,0.0,0.0,0.0,0.0,0.0,0.0,0.0,0.0,0.0,0.0,0.0,0.0,0.0,0.0,0,-107875648.0,0,0.0,0,-107875648.0,-107877712.0,0,13107,17039,39322,17053,39322,17037,0,0,0,110,100,100,2.7302334150594743e+23,64.0,0.0,64.9,-107615304.0,68.5,1,49,50,180,0,26215,0,0,0.0,0.0,0.0,0.0,-6.387463277834919e+23,65.0,0.0,-0.0,0.0,645,0,687,0,0,0,716,0,788,0,708,0,689,0,645,0,642,0,616,0.032,36700160.0,0.0,2.7302316136196234e+23,32656,16788,-89796919296.0,-0.0,0.0,-0.0,-0.0,0.0,29.0,60.0,70,0.0,0.0,0.0,0.0,0.0,0.0,0.0,0.0,0.0,0.0,0.0,0.0,0.0,0.0,0.0,0.0,59.2,69,11,65508,41,65476,0,300,0,0,8,20529,65476,0,0,61604,60.0,0.0,0.0,0.0,0.0,0.0
2026-04-04T11:30:46,ERR,ERR,ERR,ERR,ERR,ERR,ERR,ERR,ERR,ERR,ERR,ERR,ERR,ERR,ERR,ERR,ERR,ERR,ERR,ERR,ERR,ERR,ERR,ERR,ERR,ERR,ERR,ERR,ERR,ERR,ERR,ERR,ERR,ERR,ERR,ERR,ERR,ERR,ERR,ERR,ERR,ERR,ERR,ERR,ERR,ERR,ERR,ERR,ERR,ERR,ERR,ERR,ERR,ERR,ERR,ERR,ERR,ERR,ERR,ERR,ERR,ERR,ERR,ERR,ERR,ERR,ERR,ERR,ERR,ERR,ERR,ERR,ERR,ERR,ERR,ERR,ERR,ERR,ERR,ERR,ERR,ERR,ERR,ERR,ERR,ERR,ERR,ERR,ERR,ERR,ERR,ERR,ERR,ERR,ERR,ERR,ERR,ERR,ERR,ERR,ERR,ERR,ERR,ERR,ERR,ERR,ERR,ERR,ERR,ERR,ERR,ERR,ERR,ERR,ERR,ERR,ERR,ERR,ERR,ERR,ERR,ERR,ERR,ERR,ERR,0.0,-0.0,-0.0,0.0,0.0,0.0,0.0,nan,0,0,0,32768,0,0.0,0,0.0,0.0,0.0,0.0,0.0,0,0,0,0,0.0,0,0,0,0,0,0,0,0,0,0,0,0,0,0,0,0,0,0,0,0,0,0,0,0,0,0,0,0,0,0,0,0,0,0,0,0,0,0,0,0,0,0,0,0,0.0,0.0,0.0,0.0,0.0,0.0,0.0,0.0,0.0,0.0,0.0,0.0,0.0,0.0,0.0,0.0,0.0,0.0,0.0,0.0,0.0,0.0,-2.004,-2.004,-2.004,-0.0,0.0,0.0,0.0,0.0,3407.5,0.0,0.0,0.0,-0.0,-0.0,2.7184274988523002e+23,0.0,0.0,0.0,0.0,0,-0.0,-0.0,0.0,0.0,0.0,0.0,0.0,0.0,0.0,0,0,0,0.0,0.0,0.0,0.0,0.0,0.0,0.0,0.0,0.0,0.0,0.0,0.0,0.0,0.0,0.0,0.0,0,-107875648.0,0,0.0,0,-107875648.0,-107877712.0,0,13107,17039,39322,17053,39322,17037,0,0,0,110,100,100,2.7302334150594743e+23,64.0,0.0,64.9,-107615304.0,68.5,1,49,50,180,0,26215,0,0,0.0,0.0,0.0,0.0,-6.387463277834919e+23,65.0,0.0,-0.0,0.0,645,0,687,0,0,0,716,0,788,0,708,0,689,0,645,0,642,0,616,0.032,36700160.0,0.0,2.7302316136196234e+23,32656,16788,-89796919296.0,-0.0,0.0,-0.0,-0.0,0.0,29.0,60.0,70,0.0,0.0,0.0,0.0,0.0,0.0,0.0,0.0,0.0,0.0,0.0,0.0,0.0,0.0,0.0,0.0,59.2,69,11,65508,41,65476,0,300,0,0,8,20529,65476,0,0,61604,60.0,0.0,0.0,0.0,0.0,0.0
2026-04-04T11:30:47,ERR,ERR,ERR,ERR,ERR,ERR,ERR,ERR,ERR,ERR,ERR,ERR,ERR,ERR,ERR,ERR,ERR,ERR,ERR,ERR,ERR,ERR,ERR,ERR,ERR,ERR,ERR,ERR,ERR,ERR,ERR,ERR,ERR,ERR,ERR,ERR,ERR,ERR,ERR,ERR,ERR,ERR,ERR,ERR,ERR,ERR,ERR,ERR,ERR,ERR,ERR,ERR,ERR,ERR,ERR,ERR,ERR,ERR,ERR,ERR,ERR,ERR,ERR,ERR,ERR,ERR,ERR,ERR,ERR,ERR,ERR,ERR,ERR,ERR,ERR,ERR,ERR,ERR,ERR,ERR,ERR,ERR,ERR,ERR,ERR,ERR,ERR,ERR,ERR,ERR,ERR,ERR,ERR,ERR,ERR,ERR,ERR,ERR,ERR,ERR,ERR,ERR,ERR,ERR,ERR,ERR,ERR,ERR,ERR,ERR,ERR,ERR,ERR,ERR,ERR,ERR,ERR,ERR,ERR,ERR,ERR,ERR,ERR,ERR,ERR,0.0,-0.0,-0.0,0.0,0.0,0.0,0.0,nan,0,0,0,32768,0,0.0,0,0.0,0.0,0.0,0.0,0.0,0,0,0,0,0.0,0,0,0,0,0,0,0,0,0,0,0,0,0,0,0,0,0,0,0,0,0,0,0,0,0,0,0,0,0,0,0,0,0,0,0,0,0,0,0,0,0,0,0,0,0.0,0.0,0.0,0.0,0.0,0.0,0.0,0.0,0.0,0.0,0.0,0.0,0.0,0.0,0.0,0.0,0.0,0.0,0.0,0.0,0.0,0.0,-2.004,-2.004,-2.004,-0.0,0.0,0.0,0.0,0.0,3377.0,-2.004,0.0,0.0,-0.0,-0.0,2.7184274988523002e+23,0.0,0.0,0.0,0.0,0,-0.0,-0.0,0.0,0.0,0.0,0.0,0.0,0.0,0.0,0,0,0,0.0,0.0,0.0,0.0,0.0,0.0,0.0,0.0,0.0,0.0,0.0,0.0,0.0,0.0,0.0,0.0,0,-107875648.0,0,0.0,0,-107875648.0,-107877712.0,0,13107,17039,39322,17053,39322,17037,0,0,0,110,100,100,2.7302334150594743e+23,64.0,0.0,64.9,-107615304.0,68.5,1,49,50,180,0,26215,0,0,0.0,0.0,0.0,0.0,-6.387463277834919e+23,65.0,0.0,-0.0,0.0,645,0,687,0,0,0,716,0,788,0,708,0,689,0,645,0,642,0,616,0.032,36700160.0,0.0,2.7302316136196234e+23,32656,16788,-89796919296.0,-0.0,0.0,-0.0,-0.0,0.0,29.0,60.0,70,0.0,0.0,0.0,0.0,0.0,0.0,0.0,0.0,0.0,0.0,0.0,0.0,0.0,0.0,0.0,0.0,59.6,69,11,65508,41,65476,0,300,0,0,8,20529,65476,0,0,61604,60.0,0.0,0.0,0.0,0.0,0.0
2026-04-04T11:30:48,ERR,ERR,ERR,ERR,ERR,ERR,ERR,ERR,ERR,ERR,ERR,ERR,ERR,ERR,ERR,ERR,ERR,ERR,ERR,ERR,ERR,ERR,ERR,ERR,ERR,ERR,ERR,ERR,ERR,ERR,ERR,ERR,ERR,ERR,ERR,ERR,ERR,ERR,ERR,ERR,ERR,ERR,ERR,ERR,ERR,ERR,ERR,ERR,ERR,ERR,ERR,ERR,ERR,ERR,ERR,ERR,ERR,ERR,ERR,ERR,ERR,ERR,ERR,ERR,ERR,ERR,ERR,ERR,ERR,ERR,ERR,ERR,ERR,ERR,ERR,ERR,ERR,ERR,ERR,ERR,ERR,ERR,ERR,ERR,ERR,ERR,ERR,ERR,ERR,ERR,ERR,ERR,ERR,ERR,ERR,ERR,ERR,ERR,ERR,ERR,ERR,ERR,ERR,ERR,ERR,ERR,ERR,ERR,ERR,ERR,ERR,ERR,ERR,ERR,ERR,ERR,ERR,ERR,ERR,ERR,ERR,ERR,ERR,ERR,ERR,0.0,-0.0,-0.0,0.0,0.0,0.0,0.0,nan,0,0,0,32768,0,0.0,0,0.0,0.0,0.0,0.0,0.0,0,0,0,0,0.0,0,0,0,0,0,0,0,0,0,0,0,0,0,0,0,0,0,0,0,0,0,0,0,0,0,0,0,0,0,0,0,0,0,0,0,0,0,0,0,0,0,0,0,0,0.0,0.0,0.0,0.0,0.0,0.0,0.0,0.0,0.0,0.0,0.0,0.0,0.0,0.0,0.0,0.0,0.0,0.0,0.0,0.0,0.0,0.0,-2.004,-2.004,-2.004,-0.0,0.0,0.0,0.0,0.0,3377.0,-2.004,0.0,0.0,-0.0,-0.0,2.7184274988523002e+23,0.0,0.0,0.0,0.0,0,-0.0,-0.0,0.0,0.0,0.0,0.0,0.0,0.0,0.0,0,0,0,0.0,0.0,0.0,0.0,0.0,0.0,0.0,0.0,0.0,0.0,0.0,0.0,0.0,0.0,0.0,0.0,0,-107875648.0,0,0.0,0,-107875648.0,-107877712.0,0,13107,17039,39322,17053,39322,17037,0,0,0,110,100,100,2.7302334150594743e+23,64.0,0.0,64.9,-107615304.0,68.5,1,49,50,180,0,26215,0,0,0.0,0.0,0.0,0.0,-6.387463277834919e+23,65.0,0.0,-0.0,0.0,645,0,687,0,0,0,716,0,788,0,708,0,689,0,645,0,642,0,616,0.032,36700160.0,0.0,2.7302316136196234e+23,32656,16788,-89796919296.0,-0.0,0.0,-0.0,-0.0,0.0,29.0,60.0,70,0.0,0.0,0.0,0.0,0.0,0.0,0.0,0.0,0.0,0.0,0.0,0.0,0.0,0.0,0.0,0.0,59.6,69,11,65508,41,65476,0,300,0,0,8,20529,65476,0,0,61604,60.0,0.0,0.0,0.0,0.0,0.0
2026-04-04T11:30:49,ERR,ERR,ERR,ERR,ERR,ERR,ERR,ERR,ERR,ERR,ERR,ERR,ERR,ERR,ERR,ERR,ERR,ERR,ERR,ERR,ERR,ERR,ERR,ERR,ERR,ERR,ERR,ERR,ERR,ERR,ERR,ERR,ERR,ERR,ERR,ERR,ERR,ERR,ERR,ERR,ERR,ERR,ERR,ERR,ERR,ERR,ERR,ERR,ERR,ERR,ERR,ERR,ERR,ERR,ERR,ERR,ERR,ERR,ERR,ERR,ERR,ERR,ERR,ERR,ERR,ERR,ERR,ERR,ERR,ERR,ERR,ERR,ERR,ERR,ERR,ERR,ERR,ERR,ERR,ERR,ERR,ERR,ERR,ERR,ERR,ERR,ERR,ERR,ERR,ERR,ERR,ERR,ERR,ERR,ERR,ERR,ERR,ERR,ERR,ERR,ERR,ERR,ERR,ERR,ERR,ERR,ERR,ERR,ERR,ERR,ERR,ERR,ERR,ERR,ERR,ERR,ERR,ERR,ERR,ERR,ERR,ERR,ERR,ERR,ERR,0.0,-0.0,-0.0,0.0,0.0,0.0,0.0,nan,0,0,0,32768,0,0.0,0,0.0,0.0,0.0,0.0,0.0,0,0,0,0,0.0,0,0,0,0,0,0,0,0,0,0,0,0,0,0,0,0,0,0,0,0,0,0,0,0,0,0,0,0,0,0,0,0,0,0,0,0,0,0,0,0,0,0,0,0,0.0,0.0,0.0,0.0,0.0,0.0,0.0,0.0,0.0,0.0,0.0,0.0,0.0,0.0,0.0,0.0,0.0,0.0,0.0,0.0,0.0,0.0,-2.004,-2.004,-2.004,-0.0,0.0,0.0,0.0,0.0,3377.0,-2.004,0.0,0.0,-0.0,-0.0,2.7184274988523002e+23,0.0,0.0,0.0,0.0,0,-0.0,-0.0,0.0,0.0,0.0,0.0,0.0,0.0,0.0,0,0,0,0.0,0.0,0.0,0.0,0.0,0.0,0.0,0.0,0.0,0.0,0.0,0.0,0.0,0.0,0.0,0.0,0,-107875648.0,0,0.0,0,-107875648.0,-107877712.0,0,13107,17039,39322,17053,39322,17037,0,0,0,110,100,100,2.7302334150594743e+23,64.0,0.0,64.9,-107615304.0,68.5,1,49,50,180,0,26215,0,0,0.0,0.0,0.0,0.0,-1165392.25,65.0,0.0,543725545586688.0,0.0,645,0,687,0,0,0,716,0,788,0,708,0,689,0,645,0,642,0,616,0.032,36700160.0,0.0,2.7302316136196234e+23,30608,16788,-1165392.25,543725545586688.0,-63686963200.0,2.9354029449175913e+25,-0.0,-3.327633890625723e+32,29.0,60.0,70,0.0,0.0,0.0,0.0,0.0,0.0,0.0,0.0,0.0,0.0,0.0,0.0,0.0,0.0,0.0,0.0,59.6,69,11,65508,41,65476,0,300,0,0,8,20529,65476,0,0,61604,60.0,0.0,0.0,0.0,0.0,0.0
2026-04-04T11:30:50,ERR,ERR,ERR,ERR,ERR,ERR,ERR,ERR,ERR,ERR,ERR,ERR,ERR,ERR,ERR,ERR,ERR,ERR,ERR,ERR,ERR,ERR,ERR,ERR,ERR,ERR,ERR,ERR,ERR,ERR,ERR,ERR,ERR,ERR,ERR,ERR,ERR,ERR,ERR,ERR,ERR,ERR,ERR,ERR,ERR,ERR,ERR,ERR,ERR,ERR,ERR,ERR,ERR,ERR,ERR,ERR,ERR,ERR,ERR,ERR,ERR,ERR,ERR,ERR,ERR,ERR,ERR,ERR,ERR,ERR,ERR,ERR,ERR,ERR,ERR,ERR,ERR,ERR,ERR,ERR,ERR,ERR,ERR,ERR,ERR,ERR,ERR,ERR,ERR,ERR,ERR,ERR,ERR,ERR,ERR,ERR,ERR,ERR,ERR,ERR,ERR,ERR,ERR,ERR,ERR,ERR,ERR,ERR,ERR,ERR,ERR,ERR,ERR,ERR,ERR,ERR,ERR,ERR,ERR,ERR,ERR,ERR,ERR,ERR,ERR,0.0,-0.0,-0.0,0.0,0.0,0.0,0.0,nan,0,0,0,32768,0,0.0,0,0.0,0.0,0.0,0.0,0.0,0,0,0,0,0.0,0,0,0,0,0,0,0,0,0,0,0,0,0,0,0,0,0,0,0,0,0,0,0,0,0,0,0,0,0,0,0,0,0,0,0,0,0,0,0,0,0,0,0,0,0.0,0.0,0.0,0.0,0.0,0.0,0.0,0.0,0.0,0.0,0.0,0.0,0.0,0.0,0.0,0.0,0.0,0.0,0.0,0.0,0.0,0.0,-2.004,-2.004,-2.004,-0.0,0.0,0.0,0.0,0.0,3377.0,-2.004,0.0,0.0,-0.0,-0.0,2.7184274988523002e+23,0.0,0.0,0.0,0.0,0,-0.0,-0.0,0.0,0.0,0.0,0.0,0.0,0.0,0.0,0,0,0,0.0,0.0,0.0,0.0,0.0,0.0,0.0,0.0,0.0,0.0,0.0,0.0,0.0,0.0,0.0,0.0,0,-107875648.0,0,0.0,0,-107875648.0,-107877712.0,0,13107,17039,39322,17053,39322,17037,0,0,0,110,100,100,2.7302334150594743e+23,64.0,0.0,64.9,-107615304.0,68.5,1,49,50,180,0,26215,0,0,0.0,0.0,0.0,0.0,-1165392.25,65.0,0.0,543725545586688.0,0.0,645,0,687,0,0,0,716,0,788,0,708,0,689,0,645,0,642,0,616,0.032,36700160.0,0.0,2.7302316136196234e+23,30608,16788,-1165392.25,543725545586688.0,-63686963200.0,2.9354029449175913e+25,-0.0,-3.327633890625723e+32,29.0,60.0,70,0.0,0.0,0.0,0.0,0.0,0.0,0.0,0.0,0.0,0.0,0.0,0.0,0.0,0.0,0.0,0.0,59.2,69,11,65508,41,65476,0,300,0,0,8,20529,65476,0,0,61604,60.0,0.0,0.0,0.0,0.0,0.0
2026-04-04T11:30:51,ERR,ERR,ERR,ERR,ERR,ERR,ERR,ERR,ERR,ERR,ERR,ERR,ERR,ERR,ERR,ERR,ERR,ERR,ERR,ERR,ERR,ERR,ERR,ERR,ERR,ERR,ERR,ERR,ERR,ERR,ERR,ERR,ERR,ERR,ERR,ERR,ERR,ERR,ERR,ERR,ERR,ERR,ERR,ERR,ERR,ERR,ERR,ERR,ERR,ERR,ERR,ERR,ERR,ERR,ERR,ERR,ERR,ERR,ERR,ERR,ERR,ERR,ERR,ERR,ERR,ERR,ERR,ERR,ERR,ERR,ERR,ERR,ERR,ERR,ERR,ERR,ERR,ERR,ERR,ERR,ERR,ERR,ERR,ERR,ERR,ERR,ERR,ERR,ERR,ERR,ERR,ERR,ERR,ERR,ERR,ERR,ERR,ERR,ERR,ERR,ERR,ERR,ERR,ERR,ERR,ERR,ERR,ERR,ERR,ERR,ERR,ERR,ERR,ERR,ERR,ERR,ERR,ERR,ERR,ERR,ERR,ERR,ERR,ERR,ERR,0.0,-0.0,-0.0,0.0,0.0,0.0,0.0,nan,0,0,0,32768,0,0.0,0,0.0,0.0,0.0,0.0,0.0,0,0,0,0,0.0,0,0,0,0,0,0,0,0,0,0,0,0,0,0,0,0,0,0,0,0,0,0,0,0,0,0,0,0,0,0,0,0,0,0,0,0,0,0,0,0,0,0,0,0,0.0,0.0,0.0,0.0,0.0,0.0,0.0,0.0,0.0,0.0,0.0,0.0,0.0,0.0,0.0,0.0,0.0,0.0,0.0,0.0,0.0,0.0,-2.004,-2.004,-2.004,-0.0,0.0,0.0,0.0,0.0,3377.0,-2.004,0.0,0.0,-0.0,-0.0,2.7184274988523002e+23,0.0,0.0,0.0,0.0,0,-0.0,-0.0,0.0,0.0,0.0,0.0,0.0,0.0,0.0,0,0,0,0.0,0.0,0.0,0.0,0.0,0.0,0.0,0.0,0.0,0.0,0.0,0.0,0.0,0.0,0.0,0.0,0,-107875648.0,0,0.0,0,-107875648.0,-107877712.0,0,13107,17039,39322,17053,39322,17037,0,0,0,110,100,100,2.7302334150594743e+23,64.0,0.0,64.9,-107615304.0,68.5,1,49,50,180,0,26215,0,0,0.0,0.0,0.0,0.0,-1165392.25,65.0,0.0,543725545586688.0,0.0,645,0,687,0,0,0,716,0,788,0,708,0,689,0,645,0,642,0,616,0.032,36700160.0,0.0,2.7302316136196234e+23,30608,16788,-1165392.25,543725545586688.0,-63686963200.0,2.9354029449175913e+25,-0.0,-3.327633890625723e+32,29.0,60.0,70,0.0,0.0,0.0,0.0,0.0,0.0,0.0,0.0,0.0,0.0,0.0,0.0,0.0,0.0,0.0,0.0,59.2,69,11,65508,41,65476,0,300,0,0,8,20529,65476,0,0,61604,60.0,0.0,0.0,0.0,0.0,0.0
2026-04-04T11:30:52,ERR,ERR,ERR,ERR,ERR,ERR,ERR,ERR,ERR,ERR,ERR,ERR,ERR,ERR,ERR,ERR,ERR,ERR,ERR,ERR,ERR,ERR,ERR,ERR,ERR,ERR,ERR,ERR,ERR,ERR,ERR,ERR,ERR,ERR,ERR,ERR,ERR,ERR,ERR,ERR,ERR,ERR,ERR,ERR,ERR,ERR,ERR,ERR,ERR,ERR,ERR,ERR,ERR,ERR,ERR,ERR,ERR,ERR,ERR,ERR,ERR,ERR,ERR,ERR,ERR,ERR,ERR,ERR,ERR,ERR,ERR,ERR,ERR,ERR,ERR,ERR,ERR,ERR,ERR,ERR,ERR,ERR,ERR,ERR,ERR,ERR,ERR,ERR,ERR,ERR,ERR,ERR,ERR,ERR,ERR,ERR,ERR,ERR,ERR,ERR,ERR,ERR,ERR,ERR,ERR,ERR,ERR,ERR,ERR,ERR,ERR,ERR,ERR,ERR,ERR,ERR,ERR,ERR,ERR,ERR,ERR,ERR,ERR,ERR,ERR,0.0,-0.0,-0.0,0.0,0.0,0.0,0.0,nan,0,0,0,32768,0,0.0,0,0.0,0.0,0.0,0.0,0.0,0,0,0,0,0.0,0,0,0,0,0,0,0,0,0,0,0,0,0,0,0,0,0,0,0,0,0,0,0,0,0,0,0,0,0,0,0,0,0,0,0,0,0,0,0,0,0,0,0,0,0.0,0.0,0.0,0.0,0.0,0.0,0.0,0.0,0.0,0.0,0.0,0.0,0.0,0.0,0.0,0.0,0.0,0.0,0.0,0.0,0.0,0.0,-2.004,-2.004,-2.004,-0.0,0.0,0.0,0.0,0.0,3377.0,-2.004,0.0,0.0,-0.0,-0.0,2.7184274988523002e+23,0.0,0.0,0.0,0.0,0,-0.0,-0.0,0.0,0.0,0.0,0.0,0.0,0.0,0.0,0,0,0,0.0,0.0,0.0,0.0,0.0,0.0,0.0,0.0,0.0,0.0,0.0,0.0,0.0,0.0,0.0,0.0,0,-107875648.0,0,0.0,0,-107875648.0,-107877712.0,0,13107,17039,39322,17053,39322,17037,0,0,0,110,100,100,2.7302334150594743e+23,64.0,0.0,64.9,-107615304.0,68.5,1,49,50,180,0,26215,0,0,0.0,0.0,0.0,0.0,-1165392.25,65.0,0.0,543725545586688.0,0.0,645,0,687,0,0,0,716,0,788,0,708,0,689,0,645,0,642,0,616,0.032,36700160.0,0.0,2.7302316136196234e+23,30608,16788,-1165392.25,543725545586688.0,-63686963200.0,2.9354029449175913e+25,-0.0,-3.327633890625723e+32,29.0,60.0,70,0.0,0.0,0.0,0.0,0.0,0.0,0.0,0.0,0.0,0.0,0.0,0.0,0.0,0.0,0.0,0.0,59.2,69,11,65508,41,65476,0,300,0,0,8,20529,65476,0,0,61604,60.0,0.0,0.0,0.0,0.0,0.0
2026-04-04T11:30:53,ERR,ERR,ERR,ERR,ERR,ERR,ERR,ERR,ERR,ERR,ERR,ERR,ERR,ERR,ERR,ERR,ERR,ERR,ERR,ERR,ERR,ERR,ERR,ERR,ERR,ERR,ERR,ERR,ERR,ERR,ERR,ERR,ERR,ERR,ERR,ERR,ERR,ERR,ERR,ERR,ERR,ERR,ERR,ERR,ERR,ERR,ERR,ERR,ERR,ERR,ERR,ERR,ERR,ERR,ERR,ERR,ERR,ERR,ERR,ERR,ERR,ERR,ERR,ERR,ERR,ERR,ERR,ERR,ERR,ERR,ERR,ERR,ERR,ERR,ERR,ERR,ERR,ERR,ERR,ERR,ERR,ERR,ERR,ERR,ERR,ERR,ERR,ERR,ERR,ERR,ERR,ERR,ERR,ERR,ERR,ERR,ERR,ERR,ERR,ERR,ERR,ERR,ERR,ERR,ERR,ERR,ERR,ERR,ERR,ERR,ERR,ERR,ERR,ERR,ERR,ERR,ERR,ERR,ERR,ERR,ERR,ERR,ERR,ERR,ERR,0.0,-0.0,-0.0,0.0,0.0,0.0,0.0,nan,0,0,0,32768,0,0.0,0,0.0,0.0,0.0,0.0,0.0,0,0,0,0,0.0,0,0,0,0,0,0,0,0,0,0,0,0,0,0,0,0,0,0,0,0,0,0,0,0,0,0,0,0,0,0,0,0,0,0,0,0,0,0,0,0,0,0,0,0,0.0,0.0,0.0,0.0,0.0,0.0,0.0,0.0,0.0,0.0,0.0,0.0,0.0,0.0,0.0,0.0,0.0,0.0,0.0,0.0,0.0,0.0,-2.004,-2.004,-2.004,-0.0,0.0,0.0,0.0,0.0,3377.0,-2.004,0.0,0.0,-0.0,-0.0,2.7184274988523002e+23,0.0,0.0,0.0,0.0,0,-0.0,-0.0,0.0,0.0,0.0,0.0,0.0,0.0,0.0,0,0,0,0.0,0.0,0.0,0.0,0.0,0.0,0.0,0.0,0.0,0.0,0.0,0.0,0.0,0.0,0.0,0.0,0,-107875648.0,0,0.0,0,-107875648.0,-107877712.0,0,13107,17039,39322,17053,39322,17037,0,0,0,110,100,100,2.7302334150594743e+23,64.0,0.0,64.9,-107615304.0,68.5,1,49,50,180,0,26215,0,0,0.0,0.0,0.0,0.0,-1165392.25,65.0,0.0,543725545586688.0,0.0,645,0,687,0,0,0,716,0,788,0,708,0,689,0,645,0,642,0,616,0.032,36700160.0,0.0,2.7302316136196234e+23,30608,16788,-1165392.25,543725545586688.0,-63686963200.0,2.9354029449175913e+25,-0.0,-3.327633890625723e+32,29.0,60.0,70,0.0,0.0,0.0,0.0,0.0,0.0,0.0,0.0,0.0,0.0,0.0,0.0,0.0,0.0,0.0,0.0,59.2,69,11,65508,41,65476,0,300,0,0,8,20529,65476,0,0,61604,60.0,0.0,0.0,0.0,0.0,0.0
2026-04-04T11:30:54,ERR,ERR,ERR,ERR,ERR,ERR,ERR,ERR,ERR,ERR,ERR,ERR,ERR,ERR,ERR,ERR,ERR,ERR,ERR,ERR,ERR,ERR,ERR,ERR,ERR,ERR,ERR,ERR,ERR,ERR,ERR,ERR,ERR,ERR,ERR,ERR,ERR,ERR,ERR,ERR,ERR,ERR,ERR,ERR,ERR,ERR,ERR,ERR,ERR,ERR,ERR,ERR,ERR,ERR,ERR,ERR,ERR,ERR,ERR,ERR,ERR,ERR,ERR,ERR,ERR,ERR,ERR,ERR,ERR,ERR,ERR,ERR,ERR,ERR,ERR,ERR,ERR,ERR,ERR,ERR,ERR,ERR,ERR,ERR,ERR,ERR,ERR,ERR,ERR,ERR,ERR,ERR,ERR,ERR,ERR,ERR,ERR,ERR,ERR,ERR,ERR,ERR,ERR,ERR,ERR,ERR,ERR,ERR,ERR,ERR,ERR,ERR,ERR,ERR,ERR,ERR,ERR,ERR,ERR,ERR,ERR,ERR,ERR,ERR,ERR,0.0,-0.0,-0.0,0.0,0.0,0.0,0.0,nan,0,0,0,32768,0,0.0,0,0.0,0.0,0.0,0.0,0.0,0,0,0,0,0.0,0,0,0,0,0,0,0,0,0,0,0,0,0,0,0,0,0,0,0,0,0,0,0,0,0,0,0,0,0,0,0,0,0,0,0,0,0,0,0,0,0,0,0,0,0.0,0.0,0.0,0.0,0.0,0.0,0.0,0.0,0.0,0.0,0.0,0.0,0.0,0.0,0.0,0.0,0.0,0.0,0.0,0.0,0.0,0.0,-0.0,-2.004,-2.004,2.004,0.0,0.0,0.0,0.0,3378.0,-2.004,0.0,0.0,-0.0,-0.0,2.7184274988523002e+23,0.0,0.0,0.0,0.0,0,-0.0,4.066829101708843e+29,0.0,0.0,0.0,0.0,0.0,0.0,0.0,0,0,0,0.0,0.0,0.0,0.0,0.0,0.0,0.0,0.0,0.0,0.0,0.0,0.0,0.0,0.0,0.0,0.0,0,-107875648.0,0,0.0,0,-107875648.0,-107877712.0,0,13107,17039,39322,17053,39322,17037,0,0,0,110,100,100,2.7302334150594743e+23,64.0,0.0,64.9,-107615304.0,68.5,1,49,50,180,0,26215,0,0,0.0,0.0,0.0,0.0,-0.0,65.0,0.0,-0.0,0.0,645,0,687,0,0,0,716,0,788,0,708,0,689,0,645,0,642,0,616,0.032,36962304.0,0.0,2.7302316136196234e+23,23952,16788,-11152.627,-0.013,0.0,-22559.834,-0.0,0.0,29.0,60.0,70,0.0,0.0,0.0,0.0,0.0,0.0,0.0,0.0,0.0,0.0,0.0,0.0,0.0,0.0,0.0,0.0,59.2,69,11,65508,41,65476,0,300,0,0,8,20529,65476,0,0,61604,60.0,0.0,0.0,0.0,0.0,0.0
2026-04-04T11:30:55,ERR,ERR,ERR,ERR,ERR,ERR,ERR,ERR,ERR,ERR,ERR,ERR,ERR,ERR,ERR,ERR,ERR,ERR,ERR,ERR,ERR,ERR,ERR,ERR,ERR,ERR,ERR,ERR,ERR,ERR,ERR,ERR,ERR,ERR,ERR,ERR,ERR,ERR,ERR,ERR,ERR,ERR,ERR,ERR,ERR,ERR,ERR,ERR,ERR,ERR,ERR,ERR,ERR,ERR,ERR,ERR,ERR,ERR,ERR,ERR,ERR,ERR,ERR,ERR,ERR,ERR,ERR,ERR,ERR,ERR,ERR,ERR,ERR,ERR,ERR,ERR,ERR,ERR,ERR,ERR,ERR,ERR,ERR,ERR,ERR,ERR,ERR,ERR,ERR,ERR,ERR,ERR,ERR,ERR,ERR,ERR,ERR,ERR,ERR,ERR,ERR,ERR,ERR,ERR,ERR,ERR,ERR,ERR,ERR,ERR,ERR,ERR,ERR,ERR,ERR,ERR,ERR,ERR,ERR,ERR,ERR,ERR,ERR,ERR,ERR,0.0,-0.0,-0.0,0.0,0.0,0.0,0.0,nan,0,0,0,32768,0,0.0,0,0.0,0.0,0.0,0.0,0.0,0,0,0,0,0.0,0,0,0,0,0,0,0,0,0,0,0,0,0,0,0,0,0,0,0,0,0,0,0,0,0,0,0,0,0,0,0,0,0,0,0,0,0,0,0,0,0,0,0,0,0.0,0.0,0.0,0.0,0.0,0.0,0.0,0.0,0.0,0.0,0.0,0.0,0.0,0.0,0.0,0.0,0.0,0.0,0.0,0.0,0.0,0.0,-0.0,-2.004,-2.004,2.004,0.0,0.0,0.0,0.0,3378.0,-2.004,0.0,0.0,-0.0,-0.0,2.7184274988523002e+23,0.0,0.0,0.0,0.0,0,-0.0,4.066829101708843e+29,0.0,0.0,0.0,0.0,0.0,0.0,0.0,0,0,0,0.0,0.0,0.0,0.0,0.0,0.0,0.0,0.0,0.0,0.0,0.0,0.0,0.0,0.0,0.0,0.0,0,-107875648.0,0,0.0,0,-107875648.0,-107877712.0,0,13107,17039,39322,17053,39322,17037,0,0,0,110,100,100,2.7302334150594743e+23,64.0,0.0,64.9,-107615304.0,68.5,1,49,50,180,0,26215,0,0,0.0,0.0,0.0,0.0,-0.0,65.0,0.0,-0.0,0.0,645,0,687,0,0,0,716,0,788,0,708,0,689,0,645,0,642,0,616,0.032,36962304.0,0.0,2.7302316136196234e+23,23952,16788,-11152.627,-0.013,0.0,-22559.834,-0.0,0.0,29.0,60.0,70,0.0,0.0,0.0,0.0,0.0,0.0,0.0,0.0,0.0,0.0,0.0,0.0,0.0,0.0,0.0,0.0,59.2,69,11,65508,41,65476,0,300,0,0,8,20529,65476,0,0,61604,60.0,0.0,0.0,0.0,0.0,0.0
2026-04-04T11:30:56,ERR,ERR,ERR,ERR,ERR,ERR,ERR,ERR,ERR,ERR,ERR,ERR,ERR,ERR,ERR,ERR,ERR,ERR,ERR,ERR,ERR,ERR,ERR,ERR,ERR,ERR,ERR,ERR,ERR,ERR,ERR,ERR,ERR,ERR,ERR,ERR,ERR,ERR,ERR,ERR,ERR,ERR,ERR,ERR,ERR,ERR,ERR,ERR,ERR,ERR,ERR,ERR,ERR,ERR,ERR,ERR,ERR,ERR,ERR,ERR,ERR,ERR,ERR,ERR,ERR,ERR,ERR,ERR,ERR,ERR,ERR,ERR,ERR,ERR,ERR,ERR,ERR,ERR,ERR,ERR,ERR,ERR,ERR,ERR,ERR,ERR,ERR,ERR,ERR,ERR,ERR,ERR,ERR,ERR,ERR,ERR,ERR,ERR,ERR,ERR,ERR,ERR,ERR,ERR,ERR,ERR,ERR,ERR,ERR,ERR,ERR,ERR,ERR,ERR,ERR,ERR,ERR,ERR,ERR,ERR,ERR,ERR,ERR,ERR,ERR,0.0,-0.0,-0.0,0.0,0.0,0.0,0.0,nan,0,0,0,32768,0,0.0,0,0.0,0.0,0.0,0.0,0.0,0,0,0,0,0.0,0,0,0,0,0,0,0,0,0,0,0,0,0,0,0,0,0,0,0,0,0,0,0,0,0,0,0,0,0,0,0,0,0,0,0,0,0,0,0,0,0,0,0,0,0.0,0.0,0.0,0.0,0.0,0.0,0.0,0.0,0.0,0.0,0.0,0.0,0.0,0.0,0.0,0.0,0.0,0.0,0.0,0.0,0.0,0.0,-0.0,-2.004,-2.004,2.004,0.0,0.0,0.0,0.0,3378.0,-2.004,0.0,0.0,-0.0,-0.0,2.7184274988523002e+23,0.0,0.0,0.0,0.0,0,-0.0,4.066829101708843e+29,0.0,0.0,0.0,0.0,0.0,0.0,0.0,0,0,0,0.0,0.0,0.0,0.0,0.0,0.0,0.0,0.0,0.0,0.0,0.0,0.0,0.0,0.0,0.0,0.0,0,-107875648.0,0,0.0,0,-107875648.0,-107877712.0,0,13107,17039,39322,17053,39322,17037,0,0,0,110,100,100,2.7302334150594743e+23,64.0,0.0,64.9,-107615304.0,68.5,1,49,50,180,0,26215,0,0,0.0,0.0,0.0,0.0,-0.0,65.0,0.0,-0.0,0.0,645,0,687,0,0,0,716,0,788,0,708,0,689,0,645,0,642,0,616,0.032,36962304.0,0.0,2.7302316136196234e+23,23952,16788,-11152.627,-0.013,0.0,-22559.834,-0.0,0.0,29.0,60.0,70,0.0,0.0,0.0,0.0,0.0,0.0,0.0,0.0,0.0,0.0,0.0,0.0,0.0,0.0,0.0,0.0,59.2,69,11,65508,41,65476,0,300,0,0,8,20529,65476,0,0,61604,60.0,0.0,0.0,0.0,0.0,0.0
2026-04-04T11:30:57,ERR,ERR,ERR,ERR,ERR,ERR,ERR,ERR,ERR,ERR,ERR,ERR,ERR,ERR,ERR,ERR,ERR,ERR,ERR,ERR,ERR,ERR,ERR,ERR,ERR,ERR,ERR,ERR,ERR,ERR,ERR,ERR,ERR,ERR,ERR,ERR,ERR,ERR,ERR,ERR,ERR,ERR,ERR,ERR,ERR,ERR,ERR,ERR,ERR,ERR,ERR,ERR,ERR,ERR,ERR,ERR,ERR,ERR,ERR,ERR,ERR,ERR,ERR,ERR,ERR,ERR,ERR,ERR,ERR,ERR,ERR,ERR,ERR,ERR,ERR,ERR,ERR,ERR,ERR,ERR,ERR,ERR,ERR,ERR,ERR,ERR,ERR,ERR,ERR,ERR,ERR,ERR,ERR,ERR,ERR,ERR,ERR,ERR,ERR,ERR,ERR,ERR,ERR,ERR,ERR,ERR,ERR,ERR,ERR,ERR,ERR,ERR,ERR,ERR,ERR,ERR,ERR,ERR,ERR,ERR,ERR,ERR,ERR,ERR,ERR,0.0,-0.0,-0.0,0.0,0.0,0.0,0.0,nan,0,0,0,32768,0,0.0,0,0.0,0.0,0.0,0.0,0.0,0,0,0,0,0.0,0,0,0,0,0,0,0,0,0,0,0,0,0,0,0,0,0,0,0,0,0,0,0,0,0,0,0,0,0,0,0,0,0,0,0,0,0,0,0,0,0,0,0,0,0.0,0.0,0.0,0.0,0.0,0.0,0.0,0.0,0.0,0.0,0.0,0.0,0.0,0.0,0.0,0.0,0.0,0.0,0.0,0.0,0.0,0.0,-0.0,-2.004,-2.004,2.004,0.0,0.0,0.0,0.0,3378.0,-2.004,0.0,0.0,-0.0,-0.0,2.7184274988523002e+23,0.0,0.0,0.0,0.0,0,-0.0,4.066829101708843e+29,0.0,0.0,0.0,0.0,0.0,0.0,0.0,0,0,0,0.0,0.0,0.0,0.0,0.0,0.0,0.0,0.0,0.0,0.0,0.0,0.0,0.0,0.0,0.0,0.0,0,-107875648.0,0,0.0,0,-107875648.0,-107877712.0,0,13107,17039,39322,17053,39322,17037,0,0,0,110,100,100,2.7302334150594743e+23,64.0,0.0,64.9,-107615304.0,68.5,1,49,50,180,0,26215,0,0,0.0,0.0,0.0,0.0,-0.0,65.0,0.0,-0.0,0.0,645,0,687,0,0,0,716,0,788,0,708,0,689,0,645,0,642,0,616,0.032,36962304.0,0.0,2.7302316136196234e+23,23952,16788,-11152.627,-0.013,0.0,-22559.834,-0.0,0.0,29.0,60.0,70,0.0,0.0,0.0,0.0,0.0,0.0,0.0,0.0,0.0,0.0,0.0,0.0,0.0,0.0,0.0,0.0,59.2,69,11,65508,41,65476,0,300,0,0,8,20529,65476,0,0,61604,60.0,0.0,0.0,0.0,0.0,0.0
2026-04-04T11:30:58,ERR,ERR,ERR,ERR,ERR,ERR,ERR,ERR,ERR,ERR,ERR,ERR,ERR,ERR,ERR,ERR,ERR,ERR,ERR,ERR,ERR,ERR,ERR,ERR,ERR,ERR,ERR,ERR,ERR,ERR,ERR,ERR,ERR,ERR,ERR,ERR,ERR,ERR,ERR,ERR,ERR,ERR,ERR,ERR,ERR,ERR,ERR,ERR,ERR,ERR,ERR,ERR,ERR,ERR,ERR,ERR,ERR,ERR,ERR,ERR,ERR,ERR,ERR,ERR,ERR,ERR,ERR,ERR,ERR,ERR,ERR,ERR,ERR,ERR,ERR,ERR,ERR,ERR,ERR,ERR,ERR,ERR,ERR,ERR,ERR,ERR,ERR,ERR,ERR,ERR,ERR,ERR,ERR,ERR,ERR,ERR,ERR,ERR,ERR,ERR,ERR,ERR,ERR,ERR,ERR,ERR,ERR,ERR,ERR,ERR,ERR,ERR,ERR,ERR,ERR,ERR,ERR,ERR,ERR,ERR,ERR,ERR,ERR,ERR,ERR,0.0,-0.0,-0.0,0.0,0.0,0.0,0.0,nan,0,0,0,32768,0,0.0,0,0.0,0.0,0.0,0.0,0.0,0,0,0,0,0.0,0,0,0,0,0,0,0,0,0,0,0,0,0,0,0,0,0,0,0,0,0,0,0,0,0,0,0,0,0,0,0,0,0,0,0,0,0,0,0,0,0,0,0,0,0.0,0.0,0.0,0.0,0.0,0.0,0.0,0.0,0.0,0.0,0.0,0.0,0.0,0.0,0.0,0.0,0.0,0.0,0.0,0.0,0.0,0.0,-0.0,-2.004,-2.004,2.004,0.0,0.0,0.0,0.0,3378.0,-2.004,0.0,0.0,-0.0,-0.0,2.7184274988523002e+23,0.0,0.0,0.0,0.0,0,-0.0,4.066829101708843e+29,0.0,0.0,0.0,0.0,0.0,0.0,0.0,0,0,0,0.0,0.0,0.0,0.0,0.0,0.0,0.0,0.0,0.0,0.0,0.0,0.0,0.0,0.0,0.0,0.0,0,-107875648.0,0,0.0,0,-107875648.0,-107877712.0,0,13107,17039,39322,17053,39322,17037,0,0,0,110,100,100,2.7302334150594743e+23,64.0,0.0,64.9,-107615304.0,68.5,1,49,50,180,0,26215,0,0,0.0,0.0,0.0,0.0,-0.0,65.0,0.0,-0.0,0.0,645,0,687,0,0,0,716,0,788,0,708,0,689,0,645,0,642,0,616,0.032,36962304.0,0.0,2.7302316136196234e+23,23952,16788,-11152.627,-0.013,0.0,-22559.834,-0.0,0.0,29.0,60.0,70,0.0,0.0,0.0,0.0,0.0,0.0,0.0,0.0,0.0,0.0,0.0,0.0,0.0,0.0,0.0,0.0,59.2,69,11,65508,41,65476,0,300,0,0,8,20529,65476,0,0,61604,60.0,0.0,0.0,0.0,0.0,0.0
2026-04-04T11:30:59,ERR,ERR,ERR,ERR,ERR,ERR,ERR,ERR,ERR,ERR,ERR,ERR,ERR,ERR,ERR,ERR,ERR,ERR,ERR,ERR,ERR,ERR,ERR,ERR,ERR,ERR,ERR,ERR,ERR,ERR,ERR,ERR,ERR,ERR,ERR,ERR,ERR,ERR,ERR,ERR,ERR,ERR,ERR,ERR,ERR,ERR,ERR,ERR,ERR,ERR,ERR,ERR,ERR,ERR,ERR,ERR,ERR,ERR,ERR,ERR,ERR,ERR,ERR,ERR,ERR,ERR,ERR,ERR,ERR,ERR,ERR,ERR,ERR,ERR,ERR,ERR,ERR,ERR,ERR,ERR,ERR,ERR,ERR,ERR,ERR,ERR,ERR,ERR,ERR,ERR,ERR,ERR,ERR,ERR,ERR,ERR,ERR,ERR,ERR,ERR,ERR,ERR,ERR,ERR,ERR,ERR,ERR,ERR,ERR,ERR,ERR,ERR,ERR,ERR,ERR,ERR,ERR,ERR,ERR,ERR,ERR,ERR,ERR,ERR,ERR,0.0,-0.0,-0.0,0.0,0.0,0.0,0.0,nan,0,0,0,32768,0,0.0,0,0.0,0.0,0.0,0.0,0.0,0,0,0,0,0.0,0,0,0,0,0,0,0,0,0,0,0,0,0,0,0,0,0,0,0,0,0,0,0,0,0,0,0,0,0,0,0,0,0,0,0,0,0,0,0,0,0,0,0,0,0.0,0.0,0.0,0.0,0.0,0.0,0.0,0.0,0.0,0.0,0.0,0.0,0.0,0.0,0.0,0.0,0.0,0.0,0.0,0.0,0.0,0.0,-0.0,-2.004,-2.004,2.004,0.0,0.0,0.0,0.0,3378.0,-2.004,0.0,0.0,-0.0,-0.0,2.7184274988523002e+23,0.0,0.0,0.0,0.0,0,-0.0,4.066829101708843e+29,0.0,0.0,0.0,0.0,0.0,0.0,0.0,0,0,0,0.0,0.0,0.0,0.0,0.0,0.0,0.0,0.0,0.0,0.0,0.0,0.0,0.0,0.0,0.0,0.0,0,-107875648.0,0,0.0,0,-107875648.0,-107877712.0,0,13107,17039,39322,17053,39322,17037,0,0,0,110,100,100,2.7302334150594743e+23,64.0,0.0,64.9,-107615304.0,68.5,1,49,50,180,0,26215,0,0,0.0,0.0,0.0,0.0,-13841860608.0,65.0,0.0,-0.0,0.0,645,0,687,0,0,0,716,0,788,0,708,0,689,0,645,0,641,0,617,0.032,36962304.0,2.004,-107615152.0,23440,16788,-4759030996140032.0,1.1273509185939046e+17,-3.377110188080139e+37,6.631356098966058e+31,-0.0,0.0,29.0,60.0,70,0.0,0.0,0.0,0.0,0.0,0.0,0.0,0.0,0.0,0.0,0.0,0.0,0.0,0.0,0.0,0.0,59.2,69,11,65508,41,65476,0,300,0,0,8,20529,65476,0,0,61604,60.0,0.0,0.0,0.0,0.0,0.0
2026-04-04T11:31:00,ERR,ERR,ERR,ERR,ERR,ERR,ERR,ERR,ERR,ERR,ERR,ERR,ERR,ERR,ERR,ERR,ERR,ERR,ERR,ERR,ERR,ERR,ERR,ERR,ERR,ERR,ERR,ERR,ERR,ERR,ERR,ERR,ERR,ERR,ERR,ERR,ERR,ERR,ERR,ERR,ERR,ERR,ERR,ERR,ERR,ERR,ERR,ERR,ERR,ERR,ERR,ERR,ERR,ERR,ERR,ERR,ERR,ERR,ERR,ERR,ERR,ERR,ERR,ERR,ERR,ERR,ERR,ERR,ERR,ERR,ERR,ERR,ERR,ERR,ERR,ERR,ERR,ERR,ERR,ERR,ERR,ERR,ERR,ERR,ERR,ERR,ERR,ERR,ERR,ERR,ERR,ERR,ERR,ERR,ERR,ERR,ERR,ERR,ERR,ERR,ERR,ERR,ERR,ERR,ERR,ERR,ERR,ERR,ERR,ERR,ERR,ERR,ERR,ERR,ERR,ERR,ERR,ERR,ERR,ERR,ERR,ERR,ERR,ERR,ERR,0.0,-0.0,-0.0,0.0,0.0,0.0,0.0,nan,0,0,0,32768,0,0.0,0,0.0,0.0,0.0,0.0,0.0,0,0,0,0,0.0,0,0,0,0,0,0,0,0,0,0,0,0,0,0,0,0,0,0,0,0,0,0,0,0,0,0,0,0,0,0,0,0,0,0,0,0,0,0,0,0,0,0,0,0,0.0,0.0,0.0,0.0,0.0,0.0,0.0,0.0,0.0,0.0,0.0,0.0,0.0,0.0,0.0,0.0,0.0,0.0,0.0,0.0,0.0,0.0,-0.0,-2.004,-2.004,2.004,0.0,0.0,0.0,0.0,3378.0,-2.004,0.0,0.0,-0.0,-0.0,2.7184274988523002e+23,0.0,0.0,0.0,0.0,0,-0.0,4.066829101708843e+29,0.0,0.0,0.0,0.0,0.0,0.0,0.0,0,0,0,0.0,0.0,0.0,0.0,0.0,0.0,0.0,0.0,0.0,0.0,0.0,0.0,0.0,0.0,0.0,0.0,0,-107875648.0,0,0.0,0,-107875648.0,-107877712.0,0,13107,17039,39322,17053,39322,17037,0,0,0,110,100,100,2.7302334150594743e+23,64.0,0.0,64.9,-107615304.0,68.5,1,49,50,180,0,26215,0,0,0.0,0.0,0.0,0.0,-13841860608.0,65.0,0.0,-0.0,0.0,645,0,687,0,0,0,716,0,788,0,708,0,689,0,645,0,641,0,617,0.032,36962304.0,2.004,-107615152.0,23440,16788,-4759030996140032.0,1.1273509185939046e+17,-3.377110188080139e+37,6.631356098966058e+31,-0.0,0.0,29.0,60.0,70,0.0,0.0,0.0,0.0,0.0,0.0,0.0,0.0,0.0,0.0,0.0,0.0,0.0,0.0,0.0,0.0,59.2,69,11,65508,41,65476,0,300,0,0,8,20529,65476,0,0,61604,60.0,0.0,0.0,0.0,0.0,0.0
2026-04-04T11:31:01,ERR,ERR,ERR,ERR,ERR,ERR,ERR,ERR,ERR,ERR,ERR,ERR,ERR,ERR,ERR,ERR,ERR,ERR,ERR,ERR,ERR,ERR,ERR,ERR,ERR,ERR,ERR,ERR,ERR,ERR,ERR,ERR,ERR,ERR,ERR,ERR,ERR,ERR,ERR,ERR,ERR,ERR,ERR,ERR,ERR,ERR,ERR,ERR,ERR,ERR,ERR,ERR,ERR,ERR,ERR,ERR,ERR,ERR,ERR,ERR,ERR,ERR,ERR,ERR,ERR,ERR,ERR,ERR,ERR,ERR,ERR,ERR,ERR,ERR,ERR,ERR,ERR,ERR,ERR,ERR,ERR,ERR,ERR,ERR,ERR,ERR,ERR,ERR,ERR,ERR,ERR,ERR,ERR,ERR,ERR,ERR,ERR,ERR,ERR,ERR,ERR,ERR,ERR,ERR,ERR,ERR,ERR,ERR,ERR,ERR,ERR,ERR,ERR,ERR,ERR,ERR,ERR,ERR,ERR,ERR,ERR,ERR,ERR,ERR,ERR,0.0,-0.0,-0.0,0.0,0.0,0.0,0.0,nan,0,0,0,32768,0,0.0,0,0.0,0.0,0.0,0.0,0.0,0,0,0,0,0.0,0,0,0,0,0,0,0,0,0,0,0,0,0,0,0,0,0,0,0,0,0,0,0,0,0,0,0,0,0,0,0,0,0,0,0,0,0,0,0,0,0,0,0,0,0.0,0.0,0.0,0.0,0.0,0.0,0.0,0.0,0.0,0.0,0.0,0.0,0.0,0.0,0.0,0.0,0.0,0.0,0.0,0.0,0.0,0.0,-0.0,-2.004,-2.004,2.004,0.0,0.0,0.0,0.0,3378.0,-2.004,0.0,0.0,-0.0,-0.0,2.7184274988523002e+23,0.0,0.0,0.0,0.0,0,-0.0,4.066829101708843e+29,0.0,0.0,0.0,0.0,0.0,0.0,0.0,0,0,0,0.0,0.0,0.0,0.0,0.0,0.0,0.0,0.0,0.0,0.0,0.0,0.0,0.0,0.0,0.0,0.0,0,-107875648.0,0,0.0,0,-107875648.0,-107877712.0,0,13107,17039,39322,17053,39322,17037,0,0,0,110,100,100,2.7302334150594743e+23,64.0,0.0,64.9,-107615304.0,68.5,1,49,50,180,0,26215,0,0,0.0,0.0,0.0,0.0,-13841860608.0,65.0,0.0,-0.0,0.0,645,0,687,0,0,0,716,0,788,0,708,0,689,0,645,0,641,0,617,0.032,36962304.0,2.004,-107615152.0,23440,16788,-4759030996140032.0,1.1273509185939046e+17,-3.377110188080139e+37,6.631356098966058e+31,-0.0,0.0,29.0,60.0,70,0.0,0.0,0.0,0.0,0.0,0.0,0.0,0.0,0.0,0.0,0.0,0.0,0.0,0.0,0.0,0.0,59.2,69,11,65508,41,65476,0,300,0,0,8,20529,65476,0,0,61604,60.0,0.0,0.0,0.0,0.0,0.0
2026-04-04T11:31:02,ERR,ERR,ERR,ERR,ERR,ERR,ERR,ERR,ERR,ERR,ERR,ERR,ERR,ERR,ERR,ERR,ERR,ERR,ERR,ERR,ERR,ERR,ERR,ERR,ERR,ERR,ERR,ERR,ERR,ERR,ERR,ERR,ERR,ERR,ERR,ERR,ERR,ERR,ERR,ERR,ERR,ERR,ERR,ERR,ERR,ERR,ERR,ERR,ERR,ERR,ERR,ERR,ERR,ERR,ERR,ERR,ERR,ERR,ERR,ERR,ERR,ERR,ERR,ERR,ERR,ERR,ERR,ERR,ERR,ERR,ERR,ERR,ERR,ERR,ERR,ERR,ERR,ERR,ERR,ERR,ERR,ERR,ERR,ERR,ERR,ERR,ERR,ERR,ERR,ERR,ERR,ERR,ERR,ERR,ERR,ERR,ERR,ERR,ERR,ERR,ERR,ERR,ERR,ERR,ERR,ERR,ERR,ERR,ERR,ERR,ERR,ERR,ERR,ERR,ERR,ERR,ERR,ERR,ERR,ERR,ERR,ERR,ERR,ERR,ERR,0.0,-0.0,-0.0,0.0,0.0,0.0,0.0,nan,0,0,0,32768,0,0.0,0,0.0,0.0,0.0,0.0,0.0,0,0,0,0,0.0,0,0,0,0,0,0,0,0,0,0,0,0,0,0,0,0,0,0,0,0,0,0,0,0,0,0,0,0,0,0,0,0,0,0,0,0,0,0,0,0,0,0,0,0,0.0,0.0,0.0,0.0,0.0,0.0,0.0,0.0,0.0,0.0,0.0,0.0,0.0,0.0,0.0,0.0,0.0,0.0,0.0,0.0,0.0,0.0,-2.004,-2.004,-2.004,-0.0,0.0,0.0,0.0,0.0,3377.0,-3.697154027885167e+19,0.0,0.0,-0.0,-0.0,2.7184274988523002e+23,0.0,0.0,0.0,0.0,0,-0.0,-0.0,0.0,0.0,0.0,0.0,0.0,0.0,0.0,0,0,0,0.0,0.0,0.0,0.0,0.0,0.0,0.0,0.0,0.0,0.0,0.0,0.0,0.0,0.0,0.0,0.0,0,-107875648.0,0,0.0,0,-107875648.0,-107877712.0,0,13107,17039,39322,17053,39322,17037,0,0,0,110,100,100,2.7302334150594743e+23,64.0,0.0,64.9,-107615304.0,68.5,1,49,50,180,0,26215,0,0,0.0,0.0,0.0,0.0,-13841860608.0,65.0,0.0,-0.0,0.0,645,0,687,0,0,0,716,0,788,0,708,0,689,0,645,0,641,0,617,0.032,36962304.0,2.004,-107615152.0,23440,16788,-4759030996140032.0,1.1273509185939046e+17,-3.377110188080139e+37,6.631356098966058e+31,-0.0,0.0,29.0,60.0,70,0.0,0.0,0.0,0.0,0.0,0.0,0.0,0.0,0.0,0.0,0.0,0.0,0.0,0.0,0.0,0.0,59.2,69,11,65508,41,65476,0,300,0,0,8,20529,65476,0,0,61604,60.0,0.0,0.0,0.0,0.0,0.0
2026-04-04T11:31:03,ERR,ERR,ERR,ERR,ERR,ERR,ERR,ERR,ERR,ERR,ERR,ERR,ERR,ERR,ERR,ERR,ERR,ERR,ERR,ERR,ERR,ERR,ERR,ERR,ERR,ERR,ERR,ERR,ERR,ERR,ERR,ERR,ERR,ERR,ERR,ERR,ERR,ERR,ERR,ERR,ERR,ERR,ERR,ERR,ERR,ERR,ERR,ERR,ERR,ERR,ERR,ERR,ERR,ERR,ERR,ERR,ERR,ERR,ERR,ERR,ERR,ERR,ERR,ERR,ERR,ERR,ERR,ERR,ERR,ERR,ERR,ERR,ERR,ERR,ERR,ERR,ERR,ERR,ERR,ERR,ERR,ERR,ERR,ERR,ERR,ERR,ERR,ERR,ERR,ERR,ERR,ERR,ERR,ERR,ERR,ERR,ERR,ERR,ERR,ERR,ERR,ERR,ERR,ERR,ERR,ERR,ERR,ERR,ERR,ERR,ERR,ERR,ERR,ERR,ERR,ERR,ERR,ERR,ERR,ERR,ERR,ERR,ERR,ERR,ERR,0.0,-0.0,-0.0,0.0,0.0,0.0,0.0,nan,0,0,0,32768,0,0.0,0,0.0,0.0,0.0,0.0,0.0,0,0,0,0,0.0,0,0,0,0,0,0,0,0,0,0,0,0,0,0,0,0,0,0,0,0,0,0,0,0,0,0,0,0,0,0,0,0,0,0,0,0,0,0,0,0,0,0,0,0,0.0,0.0,0.0,0.0,0.0,0.0,0.0,0.0,0.0,0.0,0.0,0.0,0.0,0.0,0.0,0.0,0.0,0.0,0.0,0.0,0.0,0.0,-2.004,-2.004,-2.004,-0.0,0.0,0.0,0.0,0.0,3377.0,-3.697154027885167e+19,0.0,0.0,-0.0,-0.0,2.7184274988523002e+23,0.0,0.0,0.0,0.0,0,-0.0,-0.0,0.0,0.0,0.0,0.0,0.0,0.0,0.0,0,0,0,0.0,0.0,0.0,0.0,0.0,0.0,0.0,0.0,0.0,0.0,0.0,0.0,0.0,0.0,0.0,0.0,0,-107875648.0,0,0.0,0,-107875648.0,-107877712.0,0,13107,17039,39322,17053,39322,17037,0,0,0,110,100,100,2.7302334150594743e+23,64.0,0.0,64.9,-107615304.0,68.5,1,49,50,180,0,26215,0,0,0.0,0.0,0.0,0.0,-13841860608.0,65.0,0.0,-0.0,0.0,645,0,687,0,0,0,716,0,788,0,708,0,689,0,645,0,641,0,617,0.032,36962304.0,2.004,-107615152.0,23440,16788,-4759030996140032.0,1.1273509185939046e+17,-3.377110188080139e+37,6.631356098966058e+31,-0.0,0.0,29.0,60.0,70,0.0,0.0,0.0,0.0,0.0,0.0,0.0,0.0,0.0,0.0,0.0,0.0,0.0,0.0,0.0,0.0,59.2,69,11,65508,41,65476,0,300,0,0,8,20529,65476,0,0,61604,60.0,0.0,0.0,0.0,0.0,0.0
2026-04-04T11:31:04,ERR,ERR,ERR,ERR,ERR,ERR,ERR,ERR,ERR,ERR,ERR,ERR,ERR,ERR,ERR,ERR,ERR,ERR,ERR,ERR,ERR,ERR,ERR,ERR,ERR,ERR,ERR,ERR,ERR,ERR,ERR,ERR,ERR,ERR,ERR,ERR,ERR,ERR,ERR,ERR,ERR,ERR,ERR,ERR,ERR,ERR,ERR,ERR,ERR,ERR,ERR,ERR,ERR,ERR,ERR,ERR,ERR,ERR,ERR,ERR,ERR,ERR,ERR,ERR,ERR,ERR,ERR,ERR,ERR,ERR,ERR,ERR,ERR,ERR,ERR,ERR,ERR,ERR,ERR,ERR,ERR,ERR,ERR,ERR,ERR,ERR,ERR,ERR,ERR,ERR,ERR,ERR,ERR,ERR,ERR,ERR,ERR,ERR,ERR,ERR,ERR,ERR,ERR,ERR,ERR,ERR,ERR,ERR,ERR,ERR,ERR,ERR,ERR,ERR,ERR,ERR,ERR,ERR,ERR,ERR,ERR,ERR,ERR,ERR,ERR,0.0,-0.0,-0.0,0.0,0.0,0.0,0.0,nan,0,0,0,32768,0,0.0,0,0.0,0.0,0.0,0.0,0.0,0,0,0,0,0.0,0,0,0,0,0,0,0,0,0,0,0,0,0,0,0,0,0,0,0,0,0,0,0,0,0,0,0,0,0,0,0,0,0,0,0,0,0,0,0,0,0,0,0,0,0.0,0.0,0.0,0.0,0.0,0.0,0.0,0.0,0.0,0.0,0.0,0.0,0.0,0.0,0.0,0.0,0.0,0.0,0.0,0.0,0.0,0.0,-2.004,-2.004,-2.004,-0.0,0.0,0.0,0.0,0.0,3377.0,-3.697154027885167e+19,0.0,0.0,-0.0,-0.0,2.7184274988523002e+23,0.0,0.0,0.0,0.0,0,-0.0,-0.0,0.0,0.0,0.0,0.0,0.0,0.0,0.0,0,0,0,0.0,0.0,0.0,0.0,0.0,0.0,0.0,0.0,0.0,0.0,0.0,0.0,0.0,0.0,0.0,0.0,0,-107875648.0,0,0.0,0,-107875648.0,-107877712.0,0,13107,17039,39322,17053,39322,17037,0,0,0,110,100,100,2.7302334150594743e+23,64.0,0.0,64.9,-107615304.0,68.5,1,49,50,180,0,26215,0,0,0.0,0.0,0.0,0.0,-13841860608.0,65.0,0.0,-0.0,0.0,645,0,687,0,0,0,716,0,788,0,708,0,689,0,645,0,641,0,617,0.032,36962304.0,2.004,-107615152.0,23440,16788,-4759030996140032.0,1.1273509185939046e+17,-3.377110188080139e+37,6.631356098966058e+31,-0.0,0.0,29.0,60.0,70,0.0,0.0,0.0,0.0,0.0,0.0,0.0,0.0,0.0,0.0,0.0,0.0,0.0,0.0,0.0,0.0,59.2,69,11,65508,41,65476,0,300,0,0,8,20529,65476,0,0,61604,60.0,0.0,0.0,0.0,0.0,0.0
2026-04-04T11:31:05,ERR,ERR,ERR,ERR,ERR,ERR,ERR,ERR,ERR,ERR,ERR,ERR,ERR,ERR,ERR,ERR,ERR,ERR,ERR,ERR,ERR,ERR,ERR,ERR,ERR,ERR,ERR,ERR,ERR,ERR,ERR,ERR,ERR,ERR,ERR,ERR,ERR,ERR,ERR,ERR,ERR,ERR,ERR,ERR,ERR,ERR,ERR,ERR,ERR,ERR,ERR,ERR,ERR,ERR,ERR,ERR,ERR,ERR,ERR,ERR,ERR,ERR,ERR,ERR,ERR,ERR,ERR,ERR,ERR,ERR,ERR,ERR,ERR,ERR,ERR,ERR,ERR,ERR,ERR,ERR,ERR,ERR,ERR,ERR,ERR,ERR,ERR,ERR,ERR,ERR,ERR,ERR,ERR,ERR,ERR,ERR,ERR,ERR,ERR,ERR,ERR,ERR,ERR,ERR,ERR,ERR,ERR,ERR,ERR,ERR,ERR,ERR,ERR,ERR,ERR,ERR,ERR,ERR,ERR,ERR,ERR,ERR,ERR,ERR,ERR,0.0,-0.0,-0.0,0.0,0.0,0.0,0.0,nan,0,0,0,32768,0,0.0,0,0.0,0.0,0.0,0.0,0.0,0,0,0,0,0.0,0,0,0,0,0,0,0,0,0,0,0,0,0,0,0,0,0,0,0,0,0,0,0,0,0,0,0,0,0,0,0,0,0,0,0,0,0,0,0,0,0,0,0,0,0.0,0.0,0.0,0.0,0.0,0.0,0.0,0.0,0.0,0.0,0.0,0.0,0.0,0.0,0.0,0.0,0.0,0.0,0.0,0.0,0.0,0.0,-2.004,-2.004,-2.004,-0.0,0.0,0.0,0.0,0.0,3377.0,-3.697154027885167e+19,0.0,0.0,-0.0,-0.0,2.7184274988523002e+23,0.0,0.0,0.0,0.0,0,-0.0,-0.0,0.0,0.0,0.0,0.0,0.0,0.0,0.0,0,0,0,0.0,0.0,0.0,0.0,0.0,0.0,0.0,0.0,0.0,0.0,0.0,0.0,0.0,0.0,0.0,0.0,0,-107875648.0,0,0.0,0,-107875648.0,-107877712.0,0,13107,17039,39322,17053,39322,17037,0,0,0,110,100,100,0.0,64.0,0.0,64.9,-107615304.0,68.5,1,49,50,180,0,26215,0,0,0.0,0.0,0.0,0.0,-15.266,65.0,0.0,0.0,0.0,645,0,687,0,0,0,716,0,788,0,708,0,689,0,645,0,642,0,617,0.032,37224448.0,2.004,-107615152.0,19472,16788,-98437.016,-1.6267904388686154e+28,-0.0,7207.956,1.5006694115377152e+16,-0.0,29.0,60.0,70,0.0,0.0,0.0,0.0,0.0,0.0,0.0,0.0,0.0,0.0,0.0,0.0,0.0,0.0,0.0,0.0,59.2,69,11,65508,41,65476,0,300,0,0,8,20529,65476,0,0,61604,60.0,0.0,0.0,0.0,0.0,0.0
2026-04-04T11:31:06,ERR,ERR,ERR,ERR,ERR,ERR,ERR,ERR,ERR,ERR,ERR,ERR,ERR,ERR,ERR,ERR,ERR,ERR,ERR,ERR,ERR,ERR,ERR,ERR,ERR,ERR,ERR,ERR,ERR,ERR,ERR,ERR,ERR,ERR,ERR,ERR,ERR,ERR,ERR,ERR,ERR,ERR,ERR,ERR,ERR,ERR,ERR,ERR,ERR,ERR,ERR,ERR,ERR,ERR,ERR,ERR,ERR,ERR,ERR,ERR,ERR,ERR,ERR,ERR,ERR,ERR,ERR,ERR,ERR,ERR,ERR,ERR,ERR,ERR,ERR,ERR,ERR,ERR,ERR,ERR,ERR,ERR,ERR,ERR,ERR,ERR,ERR,ERR,ERR,ERR,ERR,ERR,ERR,ERR,ERR,ERR,ERR,ERR,ERR,ERR,ERR,ERR,ERR,ERR,ERR,ERR,ERR,ERR,ERR,ERR,ERR,ERR,ERR,ERR,ERR,ERR,ERR,ERR,ERR,ERR,ERR,ERR,ERR,ERR,ERR,0.0,-0.0,-0.0,0.0,0.0,0.0,0.0,nan,0,0,0,32768,0,0.0,0,0.0,0.0,0.0,0.0,0.0,0,0,0,0,0.0,0,0,0,0,0,0,0,0,0,0,0,0,0,0,0,0,0,0,0,0,0,0,0,0,0,0,0,0,0,0,0,0,0,0,0,0,0,0,0,0,0,0,0,0,0.0,0.0,0.0,0.0,0.0,0.0,0.0,0.0,0.0,0.0,0.0,0.0,0.0,0.0,0.0,0.0,0.0,0.0,0.0,0.0,0.0,0.0,-2.004,-2.004,-2.004,-0.0,0.0,0.0,0.0,0.0,3377.0,-3.697154027885167e+19,0.0,0.0,-0.0,-0.0,2.7184274988523002e+23,0.0,0.0,0.0,0.0,0,-0.0,-0.0,0.0,0.0,0.0,0.0,0.0,0.0,0.0,0,0,0,0.0,0.0,0.0,0.0,0.0,0.0,0.0,0.0,0.0,0.0,0.0,0.0,0.0,0.0,0.0,0.0,0,-107875648.0,0,0.0,0,-107875648.0,-107877712.0,0,13107,17039,39322,17053,39322,17037,0,0,0,110,100,100,0.0,64.0,0.0,64.9,-107615304.0,68.5,1,49,50,180,0,26215,0,0,0.0,0.0,0.0,0.0,-15.266,65.0,0.0,0.0,0.0,645,0,687,0,0,0,716,0,788,0,708,0,689,0,645,0,642,0,617,0.032,37224448.0,2.004,-107615152.0,19472,16788,-98437.016,-1.6267904388686154e+28,-0.0,7207.956,1.5006694115377152e+16,-0.0,29.0,60.0,70,0.0,0.0,0.0,0.0,0.0,0.0,0.0,0.0,0.0,0.0,0.0,0.0,0.0,0.0,0.0,0.0,59.2,69,11,65508,41,65476,0,300,0,0,8,20529,65476,0,0,61604,60.0,0.0,0.0,0.0,0.0,0.0
2026-04-04T11:31:07,ERR,ERR,ERR,ERR,ERR,ERR,ERR,ERR,ERR,ERR,ERR,ERR,ERR,ERR,ERR,ERR,ERR,ERR,ERR,ERR,ERR,ERR,ERR,ERR,ERR,ERR,ERR,ERR,ERR,ERR,ERR,ERR,ERR,ERR,ERR,ERR,ERR,ERR,ERR,ERR,ERR,ERR,ERR,ERR,ERR,ERR,ERR,ERR,ERR,ERR,ERR,ERR,ERR,ERR,ERR,ERR,ERR,ERR,ERR,ERR,ERR,ERR,ERR,ERR,ERR,ERR,ERR,ERR,ERR,ERR,ERR,ERR,ERR,ERR,ERR,ERR,ERR,ERR,ERR,ERR,ERR,ERR,ERR,ERR,ERR,ERR,ERR,ERR,ERR,ERR,ERR,ERR,ERR,ERR,ERR,ERR,ERR,ERR,ERR,ERR,ERR,ERR,ERR,ERR,ERR,ERR,ERR,ERR,ERR,ERR,ERR,ERR,ERR,ERR,ERR,ERR,ERR,ERR,ERR,ERR,ERR,ERR,ERR,ERR,ERR,0.0,-0.0,-0.0,0.0,0.0,0.0,0.0,nan,0,0,0,32768,0,0.0,0,0.0,0.0,0.0,0.0,0.0,0,0,0,0,0.0,0,0,0,0,0,0,0,0,0,0,0,0,0,0,0,0,0,0,0,0,0,0,0,0,0,0,0,0,0,0,0,0,0,0,0,0,0,0,0,0,0,0,0,0,0.0,0.0,0.0,0.0,0.0,0.0,0.0,0.0,0.0,0.0,0.0,0.0,0.0,0.0,0.0,0.0,0.0,0.0,0.0,0.0,0.0,0.0,-2.004,-2.004,-2.004,-0.0,0.0,0.0,0.0,0.0,3377.0,-3.697154027885167e+19,0.0,0.0,-0.0,-0.0,2.7184274988523002e+23,0.0,0.0,0.0,0.0,0,-0.0,-0.0,0.0,0.0,0.0,0.0,0.0,0.0,0.0,0,0,0,0.0,0.0,0.0,0.0,0.0,0.0,0.0,0.0,0.0,0.0,0.0,0.0,0.0,0.0,0.0,0.0,0,-107875648.0,0,0.0,0,-107875648.0,-107877712.0,0,13107,17039,39322,17053,39322,17037,0,0,0,110,100,100,0.0,64.0,0.0,64.9,-107615304.0,68.5,1,49,50,180,0,26215,0,0,0.0,0.0,0.0,0.0,-15.266,65.0,0.0,0.0,0.0,645,0,687,0,0,0,716,0,788,0,708,0,689,0,645,0,642,0,617,0.032,37224448.0,2.004,-107615152.0,19472,16788,-98437.016,-1.6267904388686154e+28,-0.0,7207.956,1.5006694115377152e+16,-0.0,29.0,60.0,70,0.0,0.0,0.0,0.0,0.0,0.0,0.0,0.0,0.0,0.0,0.0,0.0,0.0,0.0,0.0,0.0,59.2,69,11,65508,41,65476,0,300,0,0,8,20529,65476,0,0,61604,60.0,0.0,0.0,0.0,0.0,0.0
2026-04-04T11:31:08,ERR,ERR,ERR,ERR,ERR,ERR,ERR,ERR,ERR,ERR,ERR,ERR,ERR,ERR,ERR,ERR,ERR,ERR,ERR,ERR,ERR,ERR,ERR,ERR,ERR,ERR,ERR,ERR,ERR,ERR,ERR,ERR,ERR,ERR,ERR,ERR,ERR,ERR,ERR,ERR,ERR,ERR,ERR,ERR,ERR,ERR,ERR,ERR,ERR,ERR,ERR,ERR,ERR,ERR,ERR,ERR,ERR,ERR,ERR,ERR,ERR,ERR,ERR,ERR,ERR,ERR,ERR,ERR,ERR,ERR,ERR,ERR,ERR,ERR,ERR,ERR,ERR,ERR,ERR,ERR,ERR,ERR,ERR,ERR,ERR,ERR,ERR,ERR,ERR,ERR,ERR,ERR,ERR,ERR,ERR,ERR,ERR,ERR,ERR,ERR,ERR,ERR,ERR,ERR,ERR,ERR,ERR,ERR,ERR,ERR,ERR,ERR,ERR,ERR,ERR,ERR,ERR,ERR,ERR,ERR,ERR,ERR,ERR,ERR,ERR,0.0,-0.0,-0.0,0.0,0.0,0.0,0.0,nan,0,0,0,32768,0,0.0,0,0.0,0.0,0.0,0.0,0.0,0,0,0,0,0.0,0,0,0,0,0,0,0,0,0,0,0,0,0,0,0,0,0,0,0,0,0,0,0,0,0,0,0,0,0,0,0,0,0,0,0,0,0,0,0,0,0,0,0,0,0.0,0.0,0.0,0.0,0.0,0.0,0.0,0.0,0.0,0.0,0.0,0.0,0.0,0.0,0.0,0.0,0.0,0.0,0.0,0.0,0.0,0.0,-2.004,-2.004,-2.004,-0.0,0.0,0.0,0.0,0.0,3377.0,-3.697154027885167e+19,0.0,0.0,-0.0,-0.0,2.7184274988523002e+23,0.0,0.0,0.0,0.0,0,-0.0,-0.0,0.0,0.0,0.0,0.0,0.0,0.0,0.0,0,0,0,0.0,0.0,0.0,0.0,0.0,0.0,0.0,0.0,0.0,0.0,0.0,0.0,0.0,0.0,0.0,0.0,0,-107875648.0,0,0.0,0,-107875648.0,-107877712.0,0,13107,17039,39322,17053,39322,17037,0,0,0,110,100,100,0.0,64.0,0.0,64.9,-107615304.0,68.5,1,49,50,180,0,26215,0,0,0.0,0.0,0.0,0.0,-15.266,65.0,0.0,0.0,0.0,645,0,687,0,0,0,716,0,788,0,708,0,689,0,645,0,642,0,617,0.032,37224448.0,2.004,-107615152.0,19472,16788,-98437.016,-1.6267904388686154e+28,-0.0,7207.956,1.5006694115377152e+16,-0.0,29.0,60.0,70,0.0,0.0,0.0,0.0,0.0,0.0,0.0,0.0,0.0,0.0,0.0,0.0,0.0,0.0,0.0,0.0,59.2,69,11,65508,41,65476,0,300,0,0,8,20529,65476,0,0,61604,60.0,0.0,0.0,0.0,0.0,0.0
2026-04-04T11:31:09,ERR,ERR,ERR,ERR,ERR,ERR,ERR,ERR,ERR,ERR,ERR,ERR,ERR,ERR,ERR,ERR,ERR,ERR,ERR,ERR,ERR,ERR,ERR,ERR,ERR,ERR,ERR,ERR,ERR,ERR,ERR,ERR,ERR,ERR,ERR,ERR,ERR,ERR,ERR,ERR,ERR,ERR,ERR,ERR,ERR,ERR,ERR,ERR,ERR,ERR,ERR,ERR,ERR,ERR,ERR,ERR,ERR,ERR,ERR,ERR,ERR,ERR,ERR,ERR,ERR,ERR,ERR,ERR,ERR,ERR,ERR,ERR,ERR,ERR,ERR,ERR,ERR,ERR,ERR,ERR,ERR,ERR,ERR,ERR,ERR,ERR,ERR,ERR,ERR,ERR,ERR,ERR,ERR,ERR,ERR,ERR,ERR,ERR,ERR,ERR,ERR,ERR,ERR,ERR,ERR,ERR,ERR,ERR,ERR,ERR,ERR,ERR,ERR,ERR,ERR,ERR,ERR,ERR,ERR,ERR,ERR,ERR,ERR,ERR,ERR,0.0,-0.0,-0.0,0.0,0.0,0.0,0.0,nan,0,0,0,32768,0,0.0,0,0.0,0.0,0.0,0.0,0.0,0,0,0,0,0.0,0,0,0,0,0,0,0,0,0,0,0,0,0,0,0,0,0,0,0,0,0,0,0,0,0,0,0,0,0,0,0,0,0,0,0,0,0,0,0,0,0,0,0,0,0.0,0.0,0.0,0.0,0.0,0.0,0.0,0.0,0.0,0.0,0.0,0.0,0.0,0.0,0.0,0.0,0.0,0.0,0.0,0.0,0.0,0.0,-2.004,-2.004,-2.004,-0.0,0.0,0.0,0.0,0.0,3377.0,-3.697154027885167e+19,0.0,0.0,-0.0,-0.0,2.7184274988523002e+23,0.0,0.0,0.0,0.0,0,-0.0,-0.0,0.0,0.0,0.0,0.0,0.0,0.0,0.0,0,0,0,0.0,0.0,0.0,0.0,0.0,0.0,0.0,0.0,0.0,0.0,0.0,0.0,0.0,0.0,0.0,0.0,0,-107875648.0,0,0.0,0,-107875648.0,-107877712.0,0,13107,17039,39322,17053,39322,17037,0,0,0,110,100,100,0.0,64.0,0.0,64.9,-107615304.0,68.5,1,49,50,180,0,26215,0,0,0.0,0.0,0.0,0.0,-15.266,65.0,0.0,0.0,0.0,645,0,687,0,0,0,716,0,788,0,708,0,689,0,645,0,642,0,617,0.032,37224448.0,2.004,-107615152.0,19472,16788,-98437.016,-1.6267904388686154e+28,-0.0,7207.956,1.5006694115377152e+16,-0.0,29.0,60.0,70,0.0,0.0,0.0,0.0,0.0,0.0,0.0,0.0,0.0,0.0,0.0,0.0,0.0,0.0,0.0,0.0,59.2,69,11,65508,41,65476,0,300,0,0,8,20529,65476,0,0,61604,60.0,0.0,0.0,0.0,0.0,0.0
2026-04-04T11:31:10,ERR,ERR,ERR,ERR,ERR,ERR,ERR,ERR,ERR,ERR,ERR,ERR,ERR,ERR,ERR,ERR,ERR,ERR,ERR,ERR,ERR,ERR,ERR,ERR,ERR,ERR,ERR,ERR,ERR,ERR,ERR,ERR,ERR,ERR,ERR,ERR,ERR,ERR,ERR,ERR,ERR,ERR,ERR,ERR,ERR,ERR,ERR,ERR,ERR,ERR,ERR,ERR,ERR,ERR,ERR,ERR,ERR,ERR,ERR,ERR,ERR,ERR,ERR,ERR,ERR,ERR,ERR,ERR,ERR,ERR,ERR,ERR,ERR,ERR,ERR,ERR,ERR,ERR,ERR,ERR,ERR,ERR,ERR,ERR,ERR,ERR,ERR,ERR,ERR,ERR,ERR,ERR,ERR,ERR,ERR,ERR,ERR,ERR,ERR,ERR,ERR,ERR,ERR,ERR,ERR,ERR,ERR,ERR,ERR,ERR,ERR,ERR,ERR,ERR,ERR,ERR,ERR,ERR,ERR,ERR,ERR,ERR,ERR,ERR,ERR,0.0,-0.0,-0.0,0.0,0.0,0.0,0.0,nan,0,0,0,32768,0,0.0,0,0.0,0.0,0.0,0.0,0.0,0,0,0,0,0.0,0,0,0,0,0,0,0,0,0,0,0,0,0,0,0,0,0,0,0,0,0,0,0,0,0,0,0,0,0,0,0,0,0,0,0,0,0,0,0,0,0,0,0,0,0.0,0.0,0.0,0.0,0.0,0.0,0.0,0.0,0.0,0.0,0.0,0.0,0.0,0.0,0.0,0.0,0.0,0.0,0.0,0.0,0.0,0.0,-0.0,-2.004,-2.004,-0.0,0.0,0.0,0.0,0.0,3379.0,-2.004,0.0,0.0,-0.0,-0.0,2.7184274988523002e+23,0.0,0.0,0.0,0.0,0,-0.0,-0.0,0.0,0.0,0.0,0.0,0.0,0.0,0.0,0,0,0,0.0,0.0,0.0,0.0,0.0,0.0,0.0,0.0,0.0,0.0,0.0,0.0,0.0,0.0,0.0,0.0,0,-107875648.0,0,0.0,0,-107875648.0,-107877712.0,0,13107,17039,39322,17053,39322,17037,0,0,0,110,100,100,0.0,64.0,0.0,64.9,-107615304.0,68.5,1,49,50,180,0,26215,0,0,0.0,0.0,0.0,0.0,-15.266,65.0,0.0,0.0,0.0,645,0,687,0,0,0,716,0,788,0,708,0,689,0,645,0,642,0,617,0.032,37224448.0,2.004,-107615152.0,19472,16788,-98437.016,-1.6267904388686154e+28,-0.0,7207.956,1.5006694115377152e+16,-0.0,29.0,60.0,70,0.0,0.0,0.0,0.0,0.0,0.0,0.0,0.0,0.0,0.0,0.0,0.0,0.0,0.0,0.0,0.0,59.2,69,11,65508,41,65476,0,300,0,0,8,20529,65476,0,0,61604,60.0,0.0,0.0,0.0,0.0,0.0
2026-04-04T11:31:11,ERR,ERR,ERR,ERR,ERR,ERR,ERR,ERR,ERR,ERR,ERR,ERR,ERR,ERR,ERR,ERR,ERR,ERR,ERR,ERR,ERR,ERR,ERR,ERR,ERR,ERR,ERR,ERR,ERR,ERR,ERR,ERR,ERR,ERR,ERR,ERR,ERR,ERR,ERR,ERR,ERR,ERR,ERR,ERR,ERR,ERR,ERR,ERR,ERR,ERR,ERR,ERR,ERR,ERR,ERR,ERR,ERR,ERR,ERR,ERR,ERR,ERR,ERR,ERR,ERR,ERR,ERR,ERR,ERR,ERR,ERR,ERR,ERR,ERR,ERR,ERR,ERR,ERR,ERR,ERR,ERR,ERR,ERR,ERR,ERR,ERR,ERR,ERR,ERR,ERR,ERR,ERR,ERR,ERR,ERR,ERR,ERR,ERR,ERR,ERR,ERR,ERR,ERR,ERR,ERR,ERR,ERR,ERR,ERR,ERR,ERR,ERR,ERR,ERR,ERR,ERR,ERR,ERR,ERR,ERR,ERR,ERR,ERR,ERR,ERR,0.0,-0.0,-0.0,0.0,0.0,0.0,0.0,nan,0,0,0,32768,0,0.0,0,0.0,0.0,0.0,0.0,0.0,0,0,0,0,0.0,0,0,0,0,0,0,0,0,0,0,0,0,0,0,0,0,0,0,0,0,0,0,0,0,0,0,0,0,0,0,0,0,0,0,0,0,0,0,0,0,0,0,0,0,0.0,0.0,0.0,0.0,0.0,0.0,0.0,0.0,0.0,0.0,0.0,0.0,0.0,0.0,0.0,0.0,0.0,0.0,0.0,0.0,0.0,0.0,-0.0,-2.004,-2.004,-0.0,0.0,0.0,0.0,0.0,3379.0,-2.004,0.0,0.0,-0.0,-0.0,2.7184274988523002e+23,0.0,0.0,0.0,0.0,0,-0.0,-0.0,0.0,0.0,0.0,0.0,0.0,0.0,0.0,0,0,0,0.0,0.0,0.0,0.0,0.0,0.0,0.0,0.0,0.0,0.0,0.0,0.0,0.0,0.0,0.0,0.0,0,-107875648.0,0,0.0,0,-107875648.0,-107877712.0,0,13107,17039,39322,17053,39322,17037,0,0,0,110,100,100,0.0,64.0,0.0,64.9,-107615304.0,68.5,1,49,50,180,0,26215,0,0,0.0,0.0,0.0,0.0,-0.056,65.0,0.0,-0.0,0.0,645,0,687,0,0,0,716,0,788,0,708,0,689,0,645,0,642,0,617,0.032,37224448.0,2.004,-107615152.0,31376,16788,-27937.254,-7819998890295296.0,3.274423699608125e+35,-0.0,20838369280.0,-0.0,29.0,60.0,70,0.0,0.0,0.0,0.0,0.0,0.0,0.0,0.0,0.0,0.0,0.0,0.0,0.0,0.0,0.0,0.0,59.2,69,11,65508,41,65476,0,300,0,0,8,20529,65476,0,0,61604,60.0,0.0,0.0,0.0,0.0,0.0
2026-04-04T11:31:12,ERR,ERR,ERR,ERR,ERR,ERR,ERR,ERR,ERR,ERR,ERR,ERR,ERR,ERR,ERR,ERR,ERR,ERR,ERR,ERR,ERR,ERR,ERR,ERR,ERR,ERR,ERR,ERR,ERR,ERR,ERR,ERR,ERR,ERR,ERR,ERR,ERR,ERR,ERR,ERR,ERR,ERR,ERR,ERR,ERR,ERR,ERR,ERR,ERR,ERR,ERR,ERR,ERR,ERR,ERR,ERR,ERR,ERR,ERR,ERR,ERR,ERR,ERR,ERR,ERR,ERR,ERR,ERR,ERR,ERR,ERR,ERR,ERR,ERR,ERR,ERR,ERR,ERR,ERR,ERR,ERR,ERR,ERR,ERR,ERR,ERR,ERR,ERR,ERR,ERR,ERR,ERR,ERR,ERR,ERR,ERR,ERR,ERR,ERR,ERR,ERR,ERR,ERR,ERR,ERR,ERR,ERR,ERR,ERR,ERR,ERR,ERR,ERR,ERR,ERR,ERR,ERR,ERR,ERR,ERR,ERR,ERR,ERR,ERR,ERR,0.0,-0.0,-0.0,0.0,0.0,0.0,0.0,nan,0,0,0,32768,0,0.0,0,0.0,0.0,0.0,0.0,0.0,0,0,0,0,0.0,0,0,0,0,0,0,0,0,0,0,0,0,0,0,0,0,0,0,0,0,0,0,0,0,0,0,0,0,0,0,0,0,0,0,0,0,0,0,0,0,0,0,0,0,0.0,0.0,0.0,0.0,0.0,0.0,0.0,0.0,0.0,0.0,0.0,0.0,0.0,0.0,0.0,0.0,0.0,0.0,0.0,0.0,0.0,0.0,-0.0,-2.004,-2.004,-0.0,0.0,0.0,0.0,0.0,3379.0,-2.004,0.0,0.0,-0.0,-0.0,2.7184274988523002e+23,0.0,0.0,0.0,0.0,0,-0.0,-0.0,0.0,0.0,0.0,0.0,0.0,0.0,0.0,0,0,0,0.0,0.0,0.0,0.0,0.0,0.0,0.0,0.0,0.0,0.0,0.0,0.0,0.0,0.0,0.0,0.0,0,-107875648.0,0,0.0,0,-107875648.0,-107877712.0,0,13107,17039,39322,17053,39322,17037,0,0,0,110,100,100,0.0,64.0,0.0,64.9,-107615304.0,68.5,1,49,50,180,0,26215,0,0,0.0,0.0,0.0,0.0,-0.056,65.0,0.0,-0.0,0.0,645,0,687,0,0,0,716,0,788,0,708,0,689,0,645,0,642,0,617,0.032,37224448.0,2.004,-107615152.0,31376,16788,-27937.254,-7819998890295296.0,3.274423699608125e+35,-0.0,20838369280.0,-0.0,29.0,60.0,70,0.0,0.0,0.0,0.0,0.0,0.0,0.0,0.0,0.0,0.0,0.0,0.0,0.0,0.0,0.0,0.0,59.2,69,11,65508,41,65476,0,300,0,0,8,20529,65476,0,0,61604,60.0,0.0,0.0,0.0,0.0,0.0
2026-04-04T11:31:13,ERR,ERR,ERR,ERR,ERR,ERR,ERR,ERR,ERR,ERR,ERR,ERR,ERR,ERR,ERR,ERR,ERR,ERR,ERR,ERR,ERR,ERR,ERR,ERR,ERR,ERR,ERR,ERR,ERR,ERR,ERR,ERR,ERR,ERR,ERR,ERR,ERR,ERR,ERR,ERR,ERR,ERR,ERR,ERR,ERR,ERR,ERR,ERR,ERR,ERR,ERR,ERR,ERR,ERR,ERR,ERR,ERR,ERR,ERR,ERR,ERR,ERR,ERR,ERR,ERR,ERR,ERR,ERR,ERR,ERR,ERR,ERR,ERR,ERR,ERR,ERR,ERR,ERR,ERR,ERR,ERR,ERR,ERR,ERR,ERR,ERR,ERR,ERR,ERR,ERR,ERR,ERR,ERR,ERR,ERR,ERR,ERR,ERR,ERR,ERR,ERR,ERR,ERR,ERR,ERR,ERR,ERR,ERR,ERR,ERR,ERR,ERR,ERR,ERR,ERR,ERR,ERR,ERR,ERR,ERR,ERR,ERR,ERR,ERR,ERR,0.0,-0.0,-0.0,0.0,0.0,0.0,0.0,nan,0,0,0,32768,0,0.0,0,0.0,0.0,0.0,0.0,0.0,0,0,0,0,0.0,0,0,0,0,0,0,0,0,0,0,0,0,0,0,0,0,0,0,0,0,0,0,0,0,0,0,0,0,0,0,0,0,0,0,0,0,0,0,0,0,0,0,0,0,0.0,0.0,0.0,0.0,0.0,0.0,0.0,0.0,0.0,0.0,0.0,0.0,0.0,0.0,0.0,0.0,0.0,0.0,0.0,0.0,0.0,0.0,-0.0,-2.004,-2.004,-0.0,0.0,0.0,0.0,0.0,3379.0,-2.004,0.0,0.0,-0.0,-0.0,2.7184274988523002e+23,0.0,0.0,0.0,0.0,0,-0.0,-0.0,0.0,0.0,0.0,0.0,0.0,0.0,0.0,0,0,0,0.0,0.0,0.0,0.0,0.0,0.0,0.0,0.0,0.0,0.0,0.0,0.0,0.0,0.0,0.0,0.0,0,-107875648.0,0,0.0,0,-107875648.0,-107877712.0,0,13107,17039,39322,17053,39322,17037,0,0,0,110,100,100,0.0,64.0,0.0,64.9,-107615304.0,68.5,1,49,50,180,0,26215,0,0,0.0,0.0,0.0,0.0,-0.056,65.0,0.0,-0.0,0.0,645,0,687,0,0,0,716,0,788,0,708,0,689,0,645,0,642,0,617,0.032,37224448.0,2.004,-107615152.0,31376,16788,-27937.254,-7819998890295296.0,3.274423699608125e+35,-0.0,20838369280.0,-0.0,29.0,60.0,70,0.0,0.0,0.0,0.0,0.0,0.0,0.0,0.0,0.0,0.0,0.0,0.0,0.0,0.0,0.0,0.0,59.2,69,11,65508,41,65476,0,300,0,0,8,20529,65476,0,0,61604,60.0,0.0,0.0,0.0,0.0,0.0
2026-04-04T11:31:14,ERR,ERR,ERR,ERR,ERR,ERR,ERR,ERR,ERR,ERR,ERR,ERR,ERR,ERR,ERR,ERR,ERR,ERR,ERR,ERR,ERR,ERR,ERR,ERR,ERR,ERR,ERR,ERR,ERR,ERR,ERR,ERR,ERR,ERR,ERR,ERR,ERR,ERR,ERR,ERR,ERR,ERR,ERR,ERR,ERR,ERR,ERR,ERR,ERR,ERR,ERR,ERR,ERR,ERR,ERR,ERR,ERR,ERR,ERR,ERR,ERR,ERR,ERR,ERR,ERR,ERR,ERR,ERR,ERR,ERR,ERR,ERR,ERR,ERR,ERR,ERR,ERR,ERR,ERR,ERR,ERR,ERR,ERR,ERR,ERR,ERR,ERR,ERR,ERR,ERR,ERR,ERR,ERR,ERR,ERR,ERR,ERR,ERR,ERR,ERR,ERR,ERR,ERR,ERR,ERR,ERR,ERR,ERR,ERR,ERR,ERR,ERR,ERR,ERR,ERR,ERR,ERR,ERR,ERR,ERR,ERR,ERR,ERR,ERR,ERR,0.0,-0.0,-0.0,0.0,0.0,0.0,0.0,nan,0,0,0,32768,0,0.0,0,0.0,0.0,0.0,0.0,0.0,0,0,0,0,0.0,0,0,0,0,0,0,0,0,0,0,0,0,0,0,0,0,0,0,0,0,0,0,0,0,0,0,0,0,0,0,0,0,0,0,0,0,0,0,0,0,0,0,0,0,0.0,0.0,0.0,0.0,0.0,0.0,0.0,0.0,0.0,0.0,0.0,0.0,0.0,0.0,0.0,0.0,0.0,0.0,0.0,0.0,0.0,0.0,-0.0,-2.004,-2.004,-0.0,0.0,0.0,0.0,0.0,3379.0,-2.004,0.0,0.0,-0.0,-0.0,2.7184274988523002e+23,0.0,0.0,0.0,0.0,0,-0.0,-0.0,0.0,0.0,0.0,0.0,0.0,0.0,0.0,0,0,0,0.0,0.0,0.0,0.0,0.0,0.0,0.0,0.0,0.0,0.0,0.0,0.0,0.0,0.0,0.0,0.0,0,-107875648.0,0,0.0,0,-107875648.0,-107877712.0,0,13107,17039,26215,17053,39322,17037,0,0,0,110,100,100,2.7302334150594743e+23,64.0,0.0,64.9,-107615304.0,68.5,1,49,50,180,0,26215,0,0,0.0,0.0,0.0,0.0,-4.342027252662272e+16,65.0,0.0,5.733476390610036e+22,0.0,645,0,687,0,0,0,716,0,788,0,708,0,689,0,645,0,642,0,617,0.032,36700160.0,2.004,-107615152.0,23696,16788,-7577921.0,4.1897813698792724e+32,5064.078,6752781824.0,0.0,-0.0,29.0,60.0,70,0.0,0.0,0.0,0.0,0.0,0.0,0.0,0.0,0.0,0.0,0.0,0.0,0.0,0.0,0.0,0.0,59.2,69,11,65508,41,65476,0,300,0,0,8,20529,65476,0,0,61604,60.0,0.0,0.0,0.0,0.0,0.0
2026-04-04T11:31:15,ERR,ERR,ERR,ERR,ERR,ERR,ERR,ERR,ERR,ERR,ERR,ERR,ERR,ERR,ERR,ERR,ERR,ERR,ERR,ERR,ERR,ERR,ERR,ERR,ERR,ERR,ERR,ERR,ERR,ERR,ERR,ERR,ERR,ERR,ERR,ERR,ERR,ERR,ERR,ERR,ERR,ERR,ERR,ERR,ERR,ERR,ERR,ERR,ERR,ERR,ERR,ERR,ERR,ERR,ERR,ERR,ERR,ERR,ERR,ERR,ERR,ERR,ERR,ERR,ERR,ERR,ERR,ERR,ERR,ERR,ERR,ERR,ERR,ERR,ERR,ERR,ERR,ERR,ERR,ERR,ERR,ERR,ERR,ERR,ERR,ERR,ERR,ERR,ERR,ERR,ERR,ERR,ERR,ERR,ERR,ERR,ERR,ERR,ERR,ERR,ERR,ERR,ERR,ERR,ERR,ERR,ERR,ERR,ERR,ERR,ERR,ERR,ERR,ERR,ERR,ERR,ERR,ERR,ERR,ERR,ERR,ERR,ERR,ERR,ERR,0.0,-0.0,-0.0,0.0,0.0,0.0,0.0,nan,0,0,0,32768,0,0.0,0,0.0,0.0,0.0,0.0,0.0,0,0,0,0,0.0,0,0,0,0,0,0,0,0,0,0,0,0,0,0,0,0,0,0,0,0,0,0,0,0,0,0,0,0,0,0,0,0,0,0,0,0,0,0,0,0,0,0,0,0,0.0,0.0,0.0,0.0,0.0,0.0,0.0,0.0,0.0,0.0,0.0,0.0,0.0,0.0,0.0,0.0,0.0,0.0,0.0,0.0,0.0,0.0,-2.004,-2.004,-2.004,-0.0,0.0,0.0,0.0,0.0,3378.0,-3.697154027885167e+19,0.0,0.0,-0.0,-0.0,2.7184274988523002e+23,0.0,0.0,0.0,0.0,0,-0.0,-0.0,0.0,0.0,0.0,0.0,0.0,0.0,0.0,0,0,0,0.0,0.0,0.0,0.0,0.0,0.0,0.0,0.0,0.0,0.0,0.0,0.0,0.0,0.0,0.0,0.0,0,-107875648.0,0,0.0,0,-107875648.0,-107877712.0,0,13107,17039,26215,17053,39322,17037,0,0,0,110,100,100,2.7302334150594743e+23,64.0,0.0,64.9,-107615304.0,68.5,1,49,50,180,0,26215,0,0,0.0,0.0,0.0,0.0,-4.342027252662272e+16,65.0,0.0,5.733476390610036e+22,0.0,645,0,687,0,0,0,716,0,788,0,708,0,689,0,645,0,642,0,617,0.032,36700160.0,2.004,-107615152.0,23696,16788,-7577921.0,4.1897813698792724e+32,5064.078,6752781824.0,0.0,-0.0,29.0,60.0,70,0.0,0.0,0.0,0.0,0.0,0.0,0.0,0.0,0.0,0.0,0.0,0.0,0.0,0.0,0.0,0.0,59.2,69,11,65508,41,65476,0,300,0,0,8,20529,65476,0,0,61604,60.0,0.0,0.0,0.0,0.0,0.0
2026-04-04T11:31:16,ERR,ERR,ERR,ERR,ERR,ERR,ERR,ERR,ERR,ERR,ERR,ERR,ERR,ERR,ERR,ERR,ERR,ERR,ERR,ERR,ERR,ERR,ERR,ERR,ERR,ERR,ERR,ERR,ERR,ERR,ERR,ERR,ERR,ERR,ERR,ERR,ERR,ERR,ERR,ERR,ERR,ERR,ERR,ERR,ERR,ERR,ERR,ERR,ERR,ERR,ERR,ERR,ERR,ERR,ERR,ERR,ERR,ERR,ERR,ERR,ERR,ERR,ERR,ERR,ERR,ERR,ERR,ERR,ERR,ERR,ERR,ERR,ERR,ERR,ERR,ERR,ERR,ERR,ERR,ERR,ERR,ERR,ERR,ERR,ERR,ERR,ERR,ERR,ERR,ERR,ERR,ERR,ERR,ERR,ERR,ERR,ERR,ERR,ERR,ERR,ERR,ERR,ERR,ERR,ERR,ERR,ERR,ERR,ERR,ERR,ERR,ERR,ERR,ERR,ERR,ERR,ERR,ERR,ERR,ERR,ERR,ERR,ERR,ERR,ERR,0.0,-0.0,-0.0,0.0,0.0,0.0,0.0,nan,0,0,0,32768,0,0.0,0,0.0,0.0,0.0,0.0,0.0,0,0,0,0,0.0,0,0,0,0,0,0,0,0,0,0,0,0,0,0,0,0,0,0,0,0,0,0,0,0,0,0,0,0,0,0,0,0,0,0,0,0,0,0,0,0,0,0,0,0,0.0,0.0,0.0,0.0,0.0,0.0,0.0,0.0,0.0,0.0,0.0,0.0,0.0,0.0,0.0,0.0,0.0,0.0,0.0,0.0,0.0,0.0,-2.004,-2.004,-2.004,-0.0,0.0,0.0,0.0,0.0,3378.0,-3.697154027885167e+19,0.0,0.0,-0.0,-0.0,2.7184274988523002e+23,0.0,0.0,0.0,0.0,0,-0.0,-0.0,0.0,0.0,0.0,0.0,0.0,0.0,0.0,0,0,0,0.0,0.0,0.0,0.0,0.0,0.0,0.0,0.0,0.0,0.0,0.0,0.0,0.0,0.0,0.0,0.0,0,-107875648.0,0,0.0,0,-107875648.0,-107877712.0,0,13107,17039,26215,17053,39322,17037,0,0,0,110,100,100,2.7302334150594743e+23,64.0,0.0,64.9,-107615304.0,68.5,1,49,50,180,0,26215,0,0,0.0,0.0,0.0,0.0,-4.342027252662272e+16,65.0,0.0,5.733476390610036e+22,0.0,645,0,687,0,0,0,716,0,788,0,708,0,689,0,645,0,642,0,617,0.032,36700160.0,2.004,-107615152.0,23696,16788,-7577921.0,4.1897813698792724e+32,5064.078,6752781824.0,0.0,-0.0,29.0,60.0,70,0.0,0.0,0.0,0.0,0.0,0.0,0.0,0.0,0.0,0.0,0.0,0.0,0.0,0.0,0.0,0.0,59.2,69,11,65508,41,65476,0,300,0,0,8,20529,65476,0,0,61604,60.0,0.0,0.0,0.0,0.0,0.0
2026-04-04T11:31:17,ERR,ERR,ERR,ERR,ERR,ERR,ERR,ERR,ERR,ERR,ERR,ERR,ERR,ERR,ERR,ERR,ERR,ERR,ERR,ERR,ERR,ERR,ERR,ERR,ERR,ERR,ERR,ERR,ERR,ERR,ERR,ERR,ERR,ERR,ERR,ERR,ERR,ERR,ERR,ERR,ERR,ERR,ERR,ERR,ERR,ERR,ERR,ERR,ERR,ERR,ERR,ERR,ERR,ERR,ERR,ERR,ERR,ERR,ERR,ERR,ERR,ERR,ERR,ERR,ERR,ERR,ERR,ERR,ERR,ERR,ERR,ERR,ERR,ERR,ERR,ERR,ERR,ERR,ERR,ERR,ERR,ERR,ERR,ERR,ERR,ERR,ERR,ERR,ERR,ERR,ERR,ERR,ERR,ERR,ERR,ERR,ERR,ERR,ERR,ERR,ERR,ERR,ERR,ERR,ERR,ERR,ERR,ERR,ERR,ERR,ERR,ERR,ERR,ERR,ERR,ERR,ERR,ERR,ERR,ERR,ERR,ERR,ERR,ERR,ERR,0.0,-0.0,-0.0,0.0,0.0,0.0,0.0,nan,0,0,0,32768,0,0.0,0,0.0,0.0,0.0,0.0,0.0,0,0,0,0,0.0,0,0,0,0,0,0,0,0,0,0,0,0,0,0,0,0,0,0,0,0,0,0,0,0,0,0,0,0,0,0,0,0,0,0,0,0,0,0,0,0,0,0,0,0,0.0,0.0,0.0,0.0,0.0,0.0,0.0,0.0,0.0,0.0,0.0,0.0,0.0,0.0,0.0,0.0,0.0,0.0,0.0,0.0,0.0,0.0,-2.004,-2.004,-2.004,-0.0,0.0,0.0,0.0,0.0,3378.0,-3.697154027885167e+19,0.0,0.0,-0.0,-0.0,2.7184274988523002e+23,0.0,0.0,0.0,0.0,0,-0.0,-0.0,0.0,0.0,0.0,0.0,0.0,0.0,0.0,0,0,0,0.0,0.0,0.0,0.0,0.0,0.0,0.0,0.0,0.0,0.0,0.0,0.0,0.0,0.0,0.0,0.0,0,-107875648.0,0,0.0,0,-107875648.0,-107877712.0,0,13107,17039,26215,17053,39322,17037,0,0,0,110,100,100,2.7302334150594743e+23,64.0,0.0,64.9,-107615304.0,68.5,1,49,50,180,0,26215,0,0,0.0,0.0,0.0,0.0,-4.342027252662272e+16,65.0,0.0,5.733476390610036e+22,0.0,645,0,687,0,0,0,716,0,788,0,708,0,689,0,645,0,642,0,617,0.032,36700160.0,2.004,-107615152.0,23696,16788,-7577921.0,4.1897813698792724e+32,5064.078,6752781824.0,0.0,-0.0,29.0,60.0,70,0.0,0.0,0.0,0.0,0.0,0.0,0.0,0.0,0.0,0.0,0.0,0.0,0.0,0.0,0.0,0.0,59.2,69,11,65508,41,65476,0,300,0,0,8,20529,65476,0,0,61604,60.0,0.0,0.0,0.0,0.0,0.0
2026-04-04T11:31:18,ERR,ERR,ERR,ERR,ERR,ERR,ERR,ERR,ERR,ERR,ERR,ERR,ERR,ERR,ERR,ERR,ERR,ERR,ERR,ERR,ERR,ERR,ERR,ERR,ERR,ERR,ERR,ERR,ERR,ERR,ERR,ERR,ERR,ERR,ERR,ERR,ERR,ERR,ERR,ERR,ERR,ERR,ERR,ERR,ERR,ERR,ERR,ERR,ERR,ERR,ERR,ERR,ERR,ERR,ERR,ERR,ERR,ERR,ERR,ERR,ERR,ERR,ERR,ERR,ERR,ERR,ERR,ERR,ERR,ERR,ERR,ERR,ERR,ERR,ERR,ERR,ERR,ERR,ERR,ERR,ERR,ERR,ERR,ERR,ERR,ERR,ERR,ERR,ERR,ERR,ERR,ERR,ERR,ERR,ERR,ERR,ERR,ERR,ERR,ERR,ERR,ERR,ERR,ERR,ERR,ERR,ERR,ERR,ERR,ERR,ERR,ERR,ERR,ERR,ERR,ERR,ERR,ERR,ERR,ERR,ERR,ERR,ERR,ERR,ERR,0.0,-0.0,-0.0,0.0,0.0,0.0,0.0,nan,0,0,0,32768,0,0.0,0,0.0,0.0,0.0,0.0,0.0,0,0,0,0,0.0,0,0,0,0,0,0,0,0,0,0,0,0,0,0,0,0,0,0,0,0,0,0,0,0,0,0,0,0,0,0,0,0,0,0,0,0,0,0,0,0,0,0,0,0,0.0,0.0,0.0,0.0,0.0,0.0,0.0,0.0,0.0,0.0,0.0,0.0,0.0,0.0,0.0,0.0,0.0,0.0,0.0,0.0,0.0,0.0,-2.004,-2.004,-2.004,-0.0,0.0,0.0,0.0,0.0,3378.0,-3.697154027885167e+19,0.0,0.0,-0.0,-0.0,2.7184274988523002e+23,0.0,0.0,0.0,0.0,0,-0.0,-0.0,0.0,0.0,0.0,0.0,0.0,0.0,0.0,0,0,0,0.0,0.0,0.0,0.0,0.0,0.0,0.0,0.0,0.0,0.0,0.0,0.0,0.0,0.0,0.0,0.0,0,-107875648.0,0,0.0,0,-107875648.0,-107877712.0,0,13107,17039,26215,17053,39322,17037,0,0,0,110,100,100,2.7302334150594743e+23,64.0,0.0,64.9,-107615304.0,68.5,1,49,50,180,0,26215,0,0,0.0,0.0,0.0,0.0,-4.342027252662272e+16,65.0,0.0,5.733476390610036e+22,0.0,645,0,687,0,0,0,716,0,788,0,708,0,689,0,645,0,642,0,617,0.032,36700160.0,2.004,-107615152.0,23696,16788,-7577921.0,4.1897813698792724e+32,5064.078,6752781824.0,0.0,-0.0,29.0,60.0,70,0.0,0.0,0.0,0.0,0.0,0.0,0.0,0.0,0.0,0.0,0.0,0.0,0.0,0.0,0.0,0.0,59.2,69,11,65508,41,65476,0,300,0,0,8,20529,65476,0,0,61604,60.0,0.0,0.0,0.0,0.0,0.0
2026-04-04T11:31:19,ERR,ERR,ERR,ERR,ERR,ERR,ERR,ERR,ERR,ERR,ERR,ERR,ERR,ERR,ERR,ERR,ERR,ERR,ERR,ERR,ERR,ERR,ERR,ERR,ERR,ERR,ERR,ERR,ERR,ERR,ERR,ERR,ERR,ERR,ERR,ERR,ERR,ERR,ERR,ERR,ERR,ERR,ERR,ERR,ERR,ERR,ERR,ERR,ERR,ERR,ERR,ERR,ERR,ERR,ERR,ERR,ERR,ERR,ERR,ERR,ERR,ERR,ERR,ERR,ERR,ERR,ERR,ERR,ERR,ERR,ERR,ERR,ERR,ERR,ERR,ERR,ERR,ERR,ERR,ERR,ERR,ERR,ERR,ERR,ERR,ERR,ERR,ERR,ERR,ERR,ERR,ERR,ERR,ERR,ERR,ERR,ERR,ERR,ERR,ERR,ERR,ERR,ERR,ERR,ERR,ERR,ERR,ERR,ERR,ERR,ERR,ERR,ERR,ERR,ERR,ERR,ERR,ERR,ERR,ERR,ERR,ERR,ERR,ERR,ERR,0.0,-0.0,-0.0,0.0,0.0,0.0,0.0,nan,0,0,0,32768,0,0.0,0,0.0,0.0,0.0,0.0,0.0,0,0,0,0,0.0,0,0,0,0,0,0,0,0,0,0,0,0,0,0,0,0,0,0,0,0,0,0,0,0,0,0,0,0,0,0,0,0,0,0,0,0,0,0,0,0,0,0,0,0,0.0,0.0,0.0,0.0,0.0,0.0,0.0,0.0,0.0,0.0,0.0,0.0,0.0,0.0,0.0,0.0,0.0,0.0,0.0,0.0,0.0,0.0,-2.004,-2.004,-2.004,-0.0,0.0,0.0,0.0,0.0,3378.0,-3.697154027885167e+19,0.0,0.0,-0.0,-0.0,2.7184274988523002e+23,0.0,0.0,0.0,0.0,0,-0.0,-0.0,0.0,0.0,0.0,0.0,0.0,0.0,0.0,0,0,0,0.0,0.0,0.0,0.0,0.0,0.0,0.0,0.0,0.0,0.0,0.0,0.0,0.0,0.0,0.0,0.0,0,-107875648.0,0,0.0,0,-107875648.0,-107877712.0,0,13107,17039,39322,17053,39322,17037,0,0,0,110,100,100,0.0,64.0,0.0,64.9,-107615304.0,68.5,1,49,50,180,0,26215,0,0,0.0,0.0,0.0,0.0,-25804673024.0,65.0,0.0,0.0,0.0,645,0,687,0,0,0,716,0,788,0,708,0,689,0,645,0,642,0,617,0.032,36700160.0,2.004,-107615152.0,37392,16788,-84805219778560.0,0.0,0.0,-0.0,0.0,3.6891012116224805e+30,29.0,60.0,70,0.0,0.0,0.0,0.0,0.0,0.0,0.0,0.0,0.0,0.0,0.0,0.0,0.0,0.0,0.0,0.0,59.2,69,11,65508,41,65476,0,300,0,0,8,20529,65476,0,0,61604,60.0,0.0,0.0,0.0,0.0,0.0
2026-04-04T11:31:20,ERR,ERR,ERR,ERR,ERR,ERR,ERR,ERR,ERR,ERR,ERR,ERR,ERR,ERR,ERR,ERR,ERR,ERR,ERR,ERR,ERR,ERR,ERR,ERR,ERR,ERR,ERR,ERR,ERR,ERR,ERR,ERR,ERR,ERR,ERR,ERR,ERR,ERR,ERR,ERR,ERR,ERR,ERR,ERR,ERR,ERR,ERR,ERR,ERR,ERR,ERR,ERR,ERR,ERR,ERR,ERR,ERR,ERR,ERR,ERR,ERR,ERR,ERR,ERR,ERR,ERR,ERR,ERR,ERR,ERR,ERR,ERR,ERR,ERR,ERR,ERR,ERR,ERR,ERR,ERR,ERR,ERR,ERR,ERR,ERR,ERR,ERR,ERR,ERR,ERR,ERR,ERR,ERR,ERR,ERR,ERR,ERR,ERR,ERR,ERR,ERR,ERR,ERR,ERR,ERR,ERR,ERR,ERR,ERR,ERR,ERR,ERR,ERR,ERR,ERR,ERR,ERR,ERR,ERR,ERR,ERR,ERR,ERR,ERR,ERR,0.0,-0.0,-0.0,0.0,0.0,0.0,0.0,nan,0,0,0,32768,0,0.0,0,0.0,0.0,0.0,0.0,0.0,0,0,0,0,0.0,0,0,0,0,0,0,0,0,0,0,0,0,0,0,0,0,0,0,0,0,0,0,0,0,0,0,0,0,0,0,0,0,0,0,0,0,0,0,0,0,0,0,0,0,0.0,0.0,0.0,0.0,0.0,0.0,0.0,0.0,0.0,0.0,0.0,0.0,0.0,0.0,0.0,0.0,0.0,0.0,0.0,0.0,0.0,0.0,-2.004,-2.004,-2.004,-0.0,0.0,0.0,0.0,0.0,3378.0,-3.697154027885167e+19,0.0,0.0,-0.0,-0.0,2.7184274988523002e+23,0.0,0.0,0.0,0.0,0,-0.0,-0.0,0.0,0.0,0.0,0.0,0.0,0.0,0.0,0,0,0,0.0,0.0,0.0,0.0,0.0,0.0,0.0,0.0,0.0,0.0,0.0,0.0,0.0,0.0,0.0,0.0,0,-107875648.0,0,0.0,0,-107875648.0,-107877712.0,0,13107,17039,39322,17053,39322,17037,0,0,0,110,100,100,0.0,64.0,0.0,64.9,-107615304.0,68.5,1,49,50,180,0,26215,0,0,0.0,0.0,0.0,0.0,-25804673024.0,65.0,0.0,0.0,0.0,645,0,687,0,0,0,716,0,788,0,708,0,689,0,645,0,642,0,617,0.032,36700160.0,2.004,-107615152.0,37392,16788,-84805219778560.0,0.0,0.0,-0.0,0.0,3.6891012116224805e+30,29.0,60.0,70,0.0,0.0,0.0,0.0,0.0,0.0,0.0,0.0,0.0,0.0,0.0,0.0,0.0,0.0,0.0,0.0,59.2,69,11,65508,41,65476,0,300,0,0,8,20529,65476,0,0,61604,60.0,0.0,0.0,0.0,0.0,0.0
2026-04-04T11:31:21,ERR,ERR,ERR,ERR,ERR,ERR,ERR,ERR,ERR,ERR,ERR,ERR,ERR,ERR,ERR,ERR,ERR,ERR,ERR,ERR,ERR,ERR,ERR,ERR,ERR,ERR,ERR,ERR,ERR,ERR,ERR,ERR,ERR,ERR,ERR,ERR,ERR,ERR,ERR,ERR,ERR,ERR,ERR,ERR,ERR,ERR,ERR,ERR,ERR,ERR,ERR,ERR,ERR,ERR,ERR,ERR,ERR,ERR,ERR,ERR,ERR,ERR,ERR,ERR,ERR,ERR,ERR,ERR,ERR,ERR,ERR,ERR,ERR,ERR,ERR,ERR,ERR,ERR,ERR,ERR,ERR,ERR,ERR,ERR,ERR,ERR,ERR,ERR,ERR,ERR,ERR,ERR,ERR,ERR,ERR,ERR,ERR,ERR,ERR,ERR,ERR,ERR,ERR,ERR,ERR,ERR,ERR,ERR,ERR,ERR,ERR,ERR,ERR,ERR,ERR,ERR,ERR,ERR,ERR,ERR,ERR,ERR,ERR,ERR,ERR,0.0,-0.0,-0.0,0.0,0.0,0.0,0.0,nan,0,0,0,32768,0,0.0,0,0.0,0.0,0.0,0.0,0.0,0,0,0,0,0.0,0,0,0,0,0,0,0,0,0,0,0,0,0,0,0,0,0,0,0,0,0,0,0,0,0,0,0,0,0,0,0,0,0,0,0,0,0,0,0,0,0,0,0,0,0.0,0.0,0.0,0.0,0.0,0.0,0.0,0.0,0.0,0.0,0.0,0.0,0.0,0.0,0.0,0.0,0.0,0.0,0.0,0.0,0.0,0.0,-2.004,-2.004,-2.004,-0.0,0.0,0.0,0.0,0.0,3378.0,-3.697154027885167e+19,0.0,0.0,-0.0,-0.0,2.7184274988523002e+23,0.0,0.0,0.0,0.0,0,-0.0,-0.0,0.0,0.0,0.0,0.0,0.0,0.0,0.0,0,0,0,0.0,0.0,0.0,0.0,0.0,0.0,0.0,0.0,0.0,0.0,0.0,0.0,0.0,0.0,0.0,0.0,0,-107875648.0,0,0.0,0,-107875648.0,-107877712.0,0,13107,17039,39322,17053,39322,17037,0,0,0,110,100,100,0.0,64.0,0.0,64.9,-107615304.0,68.5,1,49,50,180,0,26215,0,0,0.0,0.0,0.0,0.0,-25804673024.0,65.0,0.0,0.0,0.0,645,0,687,0,0,0,716,0,788,0,708,0,689,0,645,0,642,0,617,0.032,36700160.0,2.004,-107615152.0,37392,16788,-84805219778560.0,0.0,0.0,-0.0,0.0,3.6891012116224805e+30,29.0,60.0,70,0.0,0.0,0.0,0.0,0.0,0.0,0.0,0.0,0.0,0.0,0.0,0.0,0.0,0.0,0.0,0.0,59.2,69,11,65508,41,65476,0,300,0,0,8,20529,65476,0,0,61604,60.0,0.0,0.0,0.0,0.0,0.0
2026-04-04T11:31:22,ERR,ERR,ERR,ERR,ERR,ERR,ERR,ERR,ERR,ERR,ERR,ERR,ERR,ERR,ERR,ERR,ERR,ERR,ERR,ERR,ERR,ERR,ERR,ERR,ERR,ERR,ERR,ERR,ERR,ERR,ERR,ERR,ERR,ERR,ERR,ERR,ERR,ERR,ERR,ERR,ERR,ERR,ERR,ERR,ERR,ERR,ERR,ERR,ERR,ERR,ERR,ERR,ERR,ERR,ERR,ERR,ERR,ERR,ERR,ERR,ERR,ERR,ERR,ERR,ERR,ERR,ERR,ERR,ERR,ERR,ERR,ERR,ERR,ERR,ERR,ERR,ERR,ERR,ERR,ERR,ERR,ERR,ERR,ERR,ERR,ERR,ERR,ERR,ERR,ERR,ERR,ERR,ERR,ERR,ERR,ERR,ERR,ERR,ERR,ERR,ERR,ERR,ERR,ERR,ERR,ERR,ERR,ERR,ERR,ERR,ERR,ERR,ERR,ERR,ERR,ERR,ERR,ERR,ERR,ERR,ERR,ERR,ERR,ERR,ERR,0.0,-0.0,-0.0,0.0,0.0,0.0,0.0,nan,0,0,0,32768,0,0.0,0,0.0,0.0,0.0,0.0,0.0,0,0,0,0,0.0,0,0,0,0,0,0,0,0,0,0,0,0,0,0,0,0,0,0,0,0,0,0,0,0,0,0,0,0,0,0,0,0,0,0,0,0,0,0,0,0,0,0,0,0,0.0,0.0,0.0,0.0,0.0,0.0,0.0,0.0,0.0,0.0,0.0,0.0,0.0,0.0,0.0,0.0,0.0,0.0,0.0,0.0,0.0,0.0,-2.004,-2.004,-2.004,-0.0,0.0,0.0,0.0,0.0,3378.0,-3.697154027885167e+19,0.0,0.0,-0.0,-0.0,2.7184274988523002e+23,0.0,0.0,0.0,0.0,0,-0.0,-0.0,0.0,0.0,0.0,0.0,0.0,0.0,0.0,0,0,0,0.0,0.0,0.0,0.0,0.0,0.0,0.0,0.0,0.0,0.0,0.0,0.0,0.0,0.0,0.0,0.0,0,-107875648.0,0,0.0,0,-107875648.0,-107877712.0,0,13107,17039,39322,17053,39322,17037,0,0,0,110,100,100,0.0,64.0,0.0,64.9,-107615304.0,68.5,1,49,50,180,0,26215,0,0,0.0,0.0,0.0,0.0,-25804673024.0,65.0,0.0,0.0,0.0,645,0,687,0,0,0,716,0,788,0,708,0,689,0,645,0,642,0,617,0.032,36700160.0,2.004,-107615152.0,37392,16788,-84805219778560.0,0.0,0.0,-0.0,0.0,3.6891012116224805e+30,29.0,60.0,70,0.0,0.0,0.0,0.0,0.0,0.0,0.0,0.0,0.0,0.0,0.0,0.0,0.0,0.0,0.0,0.0,59.2,69,11,65508,41,65476,0,300,0,0,8,20529,65476,0,0,61604,60.0,0.0,0.0,0.0,0.0,0.0
2026-04-04T11:31:23,ERR,ERR,ERR,ERR,ERR,ERR,ERR,ERR,ERR,ERR,ERR,ERR,ERR,ERR,ERR,ERR,ERR,ERR,ERR,ERR,ERR,ERR,ERR,ERR,ERR,ERR,ERR,ERR,ERR,ERR,ERR,ERR,ERR,ERR,ERR,ERR,ERR,ERR,ERR,ERR,ERR,ERR,ERR,ERR,ERR,ERR,ERR,ERR,ERR,ERR,ERR,ERR,ERR,ERR,ERR,ERR,ERR,ERR,ERR,ERR,ERR,ERR,ERR,ERR,ERR,ERR,ERR,ERR,ERR,ERR,ERR,ERR,ERR,ERR,ERR,ERR,ERR,ERR,ERR,ERR,ERR,ERR,ERR,ERR,ERR,ERR,ERR,ERR,ERR,ERR,ERR,ERR,ERR,ERR,ERR,ERR,ERR,ERR,ERR,ERR,ERR,ERR,ERR,ERR,ERR,ERR,ERR,ERR,ERR,ERR,ERR,ERR,ERR,ERR,ERR,ERR,ERR,ERR,ERR,ERR,ERR,ERR,ERR,ERR,ERR,0.0,-0.0,-0.0,0.0,0.0,0.0,0.0,nan,0,0,0,32768,0,0.0,0,0.0,0.0,0.0,0.0,0.0,0,0,0,0,0.0,0,0,0,0,0,0,0,0,0,0,0,0,0,0,0,0,0,0,0,0,0,0,0,0,0,0,0,0,0,0,0,0,0,0,0,0,0,0,0,0,0,0,0,0,0.0,0.0,0.0,0.0,0.0,0.0,0.0,0.0,0.0,0.0,0.0,0.0,0.0,0.0,0.0,0.0,0.0,0.0,0.0,0.0,0.0,0.0,-2.004,-2.004,-2.004,-0.0,0.0,0.0,0.0,0.0,3377.5,-1.5879155638041463e+29,0.0,0.0,-0.0,-0.0,2.7184274988523002e+23,0.0,0.0,0.0,0.0,0,-0.0,-0.0,0.0,0.0,0.0,0.0,0.0,0.0,0.0,0,0,0,0.0,0.0,0.0,0.0,0.0,0.0,0.0,0.0,0.0,0.0,0.0,0.0,0.0,0.0,0.0,0.0,0,-107875648.0,0,0.0,0,-107875648.0,-107877712.0,0,13107,17039,39322,17053,39322,17037,0,0,0,110,100,100,0.0,64.0,0.0,64.9,-107615304.0,68.5,1,49,50,180,0,26215,0,0,0.0,0.0,0.0,0.0,-25804673024.0,65.0,0.0,0.0,0.0,645,0,687,0,0,0,716,0,788,0,708,0,689,0,645,0,642,0,617,0.032,36700160.0,2.004,-107615152.0,37392,16788,-84805219778560.0,0.0,0.0,-0.0,0.0,3.6891012116224805e+30,29.0,60.0,70,0.0,0.0,0.0,0.0,0.0,0.0,0.0,0.0,0.0,0.0,0.0,0.0,0.0,0.0,0.0,0.0,59.2,69,11,65508,41,65476,0,300,0,0,8,20529,65476,0,0,61604,60.0,0.0,0.0,0.0,0.0,0.0
2026-04-04T11:31:24,ERR,ERR,ERR,ERR,ERR,ERR,ERR,ERR,ERR,ERR,ERR,ERR,ERR,ERR,ERR,ERR,ERR,ERR,ERR,ERR,ERR,ERR,ERR,ERR,ERR,ERR,ERR,ERR,ERR,ERR,ERR,ERR,ERR,ERR,ERR,ERR,ERR,ERR,ERR,ERR,ERR,ERR,ERR,ERR,ERR,ERR,ERR,ERR,ERR,ERR,ERR,ERR,ERR,ERR,ERR,ERR,ERR,ERR,ERR,ERR,ERR,ERR,ERR,ERR,ERR,ERR,ERR,ERR,ERR,ERR,ERR,ERR,ERR,ERR,ERR,ERR,ERR,ERR,ERR,ERR,ERR,ERR,ERR,ERR,ERR,ERR,ERR,ERR,ERR,ERR,ERR,ERR,ERR,ERR,ERR,ERR,ERR,ERR,ERR,ERR,ERR,ERR,ERR,ERR,ERR,ERR,ERR,ERR,ERR,ERR,ERR,ERR,ERR,ERR,ERR,ERR,ERR,ERR,ERR,ERR,ERR,ERR,ERR,ERR,ERR,0.0,-0.0,-0.0,0.0,0.0,0.0,0.0,nan,0,0,0,32768,0,0.0,0,0.0,0.0,0.0,0.0,0.0,0,0,0,0,0.0,0,0,0,0,0,0,0,0,0,0,0,0,0,0,0,0,0,0,0,0,0,0,0,0,0,0,0,0,0,0,0,0,0,0,0,0,0,0,0,0,0,0,0,0,0.0,0.0,0.0,0.0,0.0,0.0,0.0,0.0,0.0,0.0,0.0,0.0,0.0,0.0,0.0,0.0,0.0,0.0,0.0,0.0,0.0,0.0,-2.004,-2.004,-2.004,-0.0,0.0,0.0,0.0,0.0,3377.5,-1.5879155638041463e+29,0.0,0.0,-0.0,-0.0,2.7184274988523002e+23,0.0,0.0,0.0,0.0,0,-0.0,-0.0,0.0,0.0,0.0,0.0,0.0,0.0,0.0,0,0,0,0.0,0.0,0.0,0.0,0.0,0.0,0.0,0.0,0.0,0.0,0.0,0.0,0.0,0.0,0.0,0.0,0,-107875648.0,0,0.0,0,-107875648.0,-107877712.0,0,13107,17039,39322,17053,39322,17037,0,0,0,110,100,100,0.0,64.0,0.0,64.9,-107615304.0,68.5,1,49,50,180,0,26215,0,0,0.0,0.0,0.0,0.0,-25804673024.0,65.0,0.0,0.0,0.0,645,0,687,0,0,0,716,0,788,0,708,0,689,0,645,0,642,0,617,0.032,36700160.0,2.004,-107615152.0,37392,16788,-84805219778560.0,0.0,0.0,-0.0,0.0,3.6891012116224805e+30,29.0,60.0,70,0.0,0.0,0.0,0.0,0.0,0.0,0.0,0.0,0.0,0.0,0.0,0.0,0.0,0.0,0.0,0.0,59.2,69,11,65508,41,65476,0,300,0,0,8,20529,65476,0,0,61604,60.0,0.0,0.0,0.0,0.0,0.0
2026-04-04T11:31:25,ERR,ERR,ERR,ERR,ERR,ERR,ERR,ERR,ERR,ERR,ERR,ERR,ERR,ERR,ERR,ERR,ERR,ERR,ERR,ERR,ERR,ERR,ERR,ERR,ERR,ERR,ERR,ERR,ERR,ERR,ERR,ERR,ERR,ERR,ERR,ERR,ERR,ERR,ERR,ERR,ERR,ERR,ERR,ERR,ERR,ERR,ERR,ERR,ERR,ERR,ERR,ERR,ERR,ERR,ERR,ERR,ERR,ERR,ERR,ERR,ERR,ERR,ERR,ERR,ERR,ERR,ERR,ERR,ERR,ERR,ERR,ERR,ERR,ERR,ERR,ERR,ERR,ERR,ERR,ERR,ERR,ERR,ERR,ERR,ERR,ERR,ERR,ERR,ERR,ERR,ERR,ERR,ERR,ERR,ERR,ERR,ERR,ERR,ERR,ERR,ERR,ERR,ERR,ERR,ERR,ERR,ERR,ERR,ERR,ERR,ERR,ERR,ERR,ERR,ERR,ERR,ERR,ERR,ERR,ERR,ERR,ERR,ERR,ERR,ERR,0.0,-0.0,-0.0,0.0,0.0,0.0,0.0,nan,0,0,0,32768,0,0.0,0,0.0,0.0,0.0,0.0,0.0,0,0,0,0,0.0,0,0,0,0,0,0,0,0,0,0,0,0,0,0,0,0,0,0,0,0,0,0,0,0,0,0,0,0,0,0,0,0,0,0,0,0,0,0,0,0,0,0,0,0,0.0,0.0,0.0,0.0,0.0,0.0,0.0,0.0,0.0,0.0,0.0,0.0,0.0,0.0,0.0,0.0,0.0,0.0,0.0,0.0,0.0,0.0,-2.004,-2.004,-2.004,-0.0,0.0,0.0,0.0,0.0,3377.5,-1.5879155638041463e+29,0.0,0.0,-0.0,-0.0,2.7184274988523002e+23,0.0,0.0,0.0,0.0,0,-0.0,-0.0,0.0,0.0,0.0,0.0,0.0,0.0,0.0,0,0,0,0.0,0.0,0.0,0.0,0.0,0.0,0.0,0.0,0.0,0.0,0.0,0.0,0.0,0.0,0.0,0.0,0,-107875648.0,0,0.0,0,-107875648.0,-107877712.0,0,13107,17039,39322,17053,39322,17037,0,0,0,110,100,100,2.7302334150594743e+23,64.0,0.0,64.9,-107615304.0,68.5,1,49,50,180,0,26215,0,0,0.0,0.0,0.0,0.0,-33589301248.0,65.0,0.0,-1.7926686547254504e+25,0.0,645,0,687,0,0,0,716,0,788,0,708,0,689,0,645,0,642,0,617,0.032,36438016.0,2.004,-107615152.0,46224,16788,-3749674745856.0,-5.6292941988931495e+25,0.0,-0.0,0.0,68289568.0,29.0,60.0,70,0.0,0.0,0.0,0.0,0.0,0.0,0.0,0.0,0.0,0.0,0.0,0.0,0.0,0.0,0.0,0.0,59.2,69,11,65508,41,65476,0,300,0,0,8,20529,65476,0,0,61604,60.0,0.0,0.0,0.0,0.0,0.0
2026-04-04T11:31:26,ERR,ERR,ERR,ERR,ERR,ERR,ERR,ERR,ERR,ERR,ERR,ERR,ERR,ERR,ERR,ERR,ERR,ERR,ERR,ERR,ERR,ERR,ERR,ERR,ERR,ERR,ERR,ERR,ERR,ERR,ERR,ERR,ERR,ERR,ERR,ERR,ERR,ERR,ERR,ERR,ERR,ERR,ERR,ERR,ERR,ERR,ERR,ERR,ERR,ERR,ERR,ERR,ERR,ERR,ERR,ERR,ERR,ERR,ERR,ERR,ERR,ERR,ERR,ERR,ERR,ERR,ERR,ERR,ERR,ERR,ERR,ERR,ERR,ERR,ERR,ERR,ERR,ERR,ERR,ERR,ERR,ERR,ERR,ERR,ERR,ERR,ERR,ERR,ERR,ERR,ERR,ERR,ERR,ERR,ERR,ERR,ERR,ERR,ERR,ERR,ERR,ERR,ERR,ERR,ERR,ERR,ERR,ERR,ERR,ERR,ERR,ERR,ERR,ERR,ERR,ERR,ERR,ERR,ERR,ERR,ERR,ERR,ERR,ERR,ERR,0.0,-0.0,-0.0,0.0,0.0,0.0,0.0,nan,0,0,0,32768,0,0.0,0,0.0,0.0,0.0,0.0,0.0,0,0,0,0,0.0,0,0,0,0,0,0,0,0,0,0,0,0,0,0,0,0,0,0,0,0,0,0,0,0,0,0,0,0,0,0,0,0,0,0,0,0,0,0,0,0,0,0,0,0,0.0,0.0,0.0,0.0,0.0,0.0,0.0,0.0,0.0,0.0,0.0,0.0,0.0,0.0,0.0,0.0,0.0,0.0,0.0,0.0,0.0,0.0,-2.004,-2.004,-2.004,-0.0,0.0,0.0,0.0,0.0,3377.5,-1.5879155638041463e+29,0.0,0.0,-0.0,-0.0,2.7184274988523002e+23,0.0,0.0,0.0,0.0,0,-0.0,-0.0,0.0,0.0,0.0,0.0,0.0,0.0,0.0,0,0,0,0.0,0.0,0.0,0.0,0.0,0.0,0.0,0.0,0.0,0.0,0.0,0.0,0.0,0.0,0.0,0.0,0,-107875648.0,0,0.0,0,-107875648.0,-107877712.0,0,13107,17039,39322,17053,39322,17037,0,0,0,110,100,100,2.7302334150594743e+23,64.0,0.0,64.9,-107615304.0,68.5,1,49,50,180,0,26215,0,0,0.0,0.0,0.0,0.0,-33589301248.0,65.0,0.0,-1.7926686547254504e+25,0.0,645,0,687,0,0,0,716,0,788,0,708,0,689,0,645,0,642,0,617,0.032,36438016.0,2.004,-107615152.0,46224,16788,-3749674745856.0,-5.6292941988931495e+25,0.0,-0.0,0.0,68289568.0,29.0,60.0,70,0.0,0.0,0.0,0.0,0.0,0.0,0.0,0.0,0.0,0.0,0.0,0.0,0.0,0.0,0.0,0.0,59.2,69,11,65508,41,65476,0,300,0,0,8,20529,65476,0,0,61604,60.0,0.0,0.0,0.0,0.0,0.0
2026-04-04T11:31:27,ERR,ERR,ERR,ERR,ERR,ERR,ERR,ERR,ERR,ERR,ERR,ERR,ERR,ERR,ERR,ERR,ERR,ERR,ERR,ERR,ERR,ERR,ERR,ERR,ERR,ERR,ERR,ERR,ERR,ERR,ERR,ERR,ERR,ERR,ERR,ERR,ERR,ERR,ERR,ERR,ERR,ERR,ERR,ERR,ERR,ERR,ERR,ERR,ERR,ERR,ERR,ERR,ERR,ERR,ERR,ERR,ERR,ERR,ERR,ERR,ERR,ERR,ERR,ERR,ERR,ERR,ERR,ERR,ERR,ERR,ERR,ERR,ERR,ERR,ERR,ERR,ERR,ERR,ERR,ERR,ERR,ERR,ERR,ERR,ERR,ERR,ERR,ERR,ERR,ERR,ERR,ERR,ERR,ERR,ERR,ERR,ERR,ERR,ERR,ERR,ERR,ERR,ERR,ERR,ERR,ERR,ERR,ERR,ERR,ERR,ERR,ERR,ERR,ERR,ERR,ERR,ERR,ERR,ERR,ERR,ERR,ERR,ERR,ERR,ERR,0.0,-0.0,-0.0,0.0,0.0,0.0,0.0,nan,0,0,0,32768,0,0.0,0,0.0,0.0,0.0,0.0,0.0,0,0,0,0,0.0,0,0,0,0,0,0,0,0,0,0,0,0,0,0,0,0,0,0,0,0,0,0,0,0,0,0,0,0,0,0,0,0,0,0,0,0,0,0,0,0,0,0,0,0,0.0,0.0,0.0,0.0,0.0,0.0,0.0,0.0,0.0,0.0,0.0,0.0,0.0,0.0,0.0,0.0,0.0,0.0,0.0,0.0,0.0,0.0,-2.004,-2.004,-2.004,-0.0,0.0,0.0,0.0,0.0,3377.5,-1.5879155638041463e+29,0.0,0.0,-0.0,-0.0,2.7184274988523002e+23,0.0,0.0,0.0,0.0,0,-0.0,-0.0,0.0,0.0,0.0,0.0,0.0,0.0,0.0,0,0,0,0.0,0.0,0.0,0.0,0.0,0.0,0.0,0.0,0.0,0.0,0.0,0.0,0.0,0.0,0.0,0.0,0,-107875648.0,0,0.0,0,-107875648.0,-107877712.0,0,13107,17039,39322,17053,39322,17037,0,0,0,110,100,100,2.7302334150594743e+23,64.0,0.0,64.9,-107615304.0,68.5,1,49,50,180,0,26215,0,0,0.0,0.0,0.0,0.0,-33589301248.0,65.0,0.0,-1.7926686547254504e+25,0.0,645,0,687,0,0,0,716,0,788,0,708,0,689,0,645,0,642,0,617,0.032,36438016.0,2.004,-107615152.0,46224,16788,-3749674745856.0,-5.6292941988931495e+25,0.0,-0.0,0.0,68289568.0,29.0,60.0,70,0.0,0.0,0.0,0.0,0.0,0.0,0.0,0.0,0.0,0.0,0.0,0.0,0.0,0.0,0.0,0.0,59.2,69,11,65508,41,65476,0,300,0,0,8,20529,65476,0,0,61604,60.0,0.0,0.0,0.0,0.0,0.0
2026-04-04T11:31:28,ERR,ERR,ERR,ERR,ERR,ERR,ERR,ERR,ERR,ERR,ERR,ERR,ERR,ERR,ERR,ERR,ERR,ERR,ERR,ERR,ERR,ERR,ERR,ERR,ERR,ERR,ERR,ERR,ERR,ERR,ERR,ERR,ERR,ERR,ERR,ERR,ERR,ERR,ERR,ERR,ERR,ERR,ERR,ERR,ERR,ERR,ERR,ERR,ERR,ERR,ERR,ERR,ERR,ERR,ERR,ERR,ERR,ERR,ERR,ERR,ERR,ERR,ERR,ERR,ERR,ERR,ERR,ERR,ERR,ERR,ERR,ERR,ERR,ERR,ERR,ERR,ERR,ERR,ERR,ERR,ERR,ERR,ERR,ERR,ERR,ERR,ERR,ERR,ERR,ERR,ERR,ERR,ERR,ERR,ERR,ERR,ERR,ERR,ERR,ERR,ERR,ERR,ERR,ERR,ERR,ERR,ERR,ERR,ERR,ERR,ERR,ERR,ERR,ERR,ERR,ERR,ERR,ERR,ERR,ERR,ERR,ERR,ERR,ERR,ERR,0.0,-0.0,-0.0,0.0,0.0,0.0,0.0,nan,0,0,0,32768,0,0.0,0,0.0,0.0,0.0,0.0,0.0,0,0,0,0,0.0,0,0,0,0,0,0,0,0,0,0,0,0,0,0,0,0,0,0,0,0,0,0,0,0,0,0,0,0,0,0,0,0,0,0,0,0,0,0,0,0,0,0,0,0,0.0,0.0,0.0,0.0,0.0,0.0,0.0,0.0,0.0,0.0,0.0,0.0,0.0,0.0,0.0,0.0,0.0,0.0,0.0,0.0,0.0,0.0,-2.004,-2.004,-2.004,-0.0,0.0,0.0,0.0,0.0,3377.5,-1.5879155638041463e+29,0.0,0.0,-0.0,-0.0,2.7184274988523002e+23,0.0,0.0,0.0,0.0,0,-0.0,-0.0,0.0,0.0,0.0,0.0,0.0,0.0,0.0,0,0,0,0.0,0.0,0.0,0.0,0.0,0.0,0.0,0.0,0.0,0.0,0.0,0.0,0.0,0.0,0.0,0.0,0,-107875648.0,0,0.0,0,-107875648.0,-107877712.0,0,13107,17039,39322,17053,39322,17037,0,0,0,110,100,100,2.7302334150594743e+23,64.0,0.0,64.9,-107615304.0,68.5,1,49,50,180,0,26215,0,0,0.0,0.0,0.0,0.0,-33589301248.0,65.0,0.0,-1.7926686547254504e+25,0.0,645,0,687,0,0,0,716,0,788,0,708,0,689,0,645,0,642,0,617,0.032,36438016.0,2.004,-107615152.0,46224,16788,-3749674745856.0,-5.6292941988931495e+25,0.0,-0.0,0.0,68289568.0,29.0,60.0,70,0.0,0.0,0.0,0.0,0.0,0.0,0.0,0.0,0.0,0.0,0.0,0.0,0.0,0.0,0.0,0.0,59.2,69,11,65508,41,65476,0,300,0,0,8,20529,65476,0,0,61604,60.0,0.0,0.0,0.0,0.0,0.0
2026-04-04T11:31:29,ERR,ERR,ERR,ERR,ERR,ERR,ERR,ERR,ERR,ERR,ERR,ERR,ERR,ERR,ERR,ERR,ERR,ERR,ERR,ERR,ERR,ERR,ERR,ERR,ERR,ERR,ERR,ERR,ERR,ERR,ERR,ERR,ERR,ERR,ERR,ERR,ERR,ERR,ERR,ERR,ERR,ERR,ERR,ERR,ERR,ERR,ERR,ERR,ERR,ERR,ERR,ERR,ERR,ERR,ERR,ERR,ERR,ERR,ERR,ERR,ERR,ERR,ERR,ERR,ERR,ERR,ERR,ERR,ERR,ERR,ERR,ERR,ERR,ERR,ERR,ERR,ERR,ERR,ERR,ERR,ERR,ERR,ERR,ERR,ERR,ERR,ERR,ERR,ERR,ERR,ERR,ERR,ERR,ERR,ERR,ERR,ERR,ERR,ERR,ERR,ERR,ERR,ERR,ERR,ERR,ERR,ERR,ERR,ERR,ERR,ERR,ERR,ERR,ERR,ERR,ERR,ERR,ERR,ERR,ERR,ERR,ERR,ERR,ERR,ERR,0.0,-0.0,-0.0,0.0,0.0,0.0,0.0,nan,0,0,0,32768,0,0.0,0,0.0,0.0,0.0,0.0,0.0,0,0,0,0,0.0,0,0,0,0,0,0,0,0,0,0,0,0,0,0,0,0,0,0,0,0,0,0,0,0,0,0,0,0,0,0,0,0,0,0,0,0,0,0,0,0,0,0,0,0,0.0,0.0,0.0,0.0,0.0,0.0,0.0,0.0,0.0,0.0,0.0,0.0,0.0,0.0,0.0,0.0,0.0,0.0,0.0,0.0,0.0,0.0,-2.004,-2.004,-2.004,-0.0,0.0,0.0,0.0,0.0,3377.5,-1.5879155638041463e+29,0.0,0.0,-0.0,-0.0,2.7184274988523002e+23,0.0,0.0,0.0,0.0,0,-0.0,-0.0,0.0,0.0,0.0,0.0,0.0,0.0,0.0,0,0,0,0.0,0.0,0.0,0.0,0.0,0.0,0.0,0.0,0.0,0.0,0.0,0.0,0.0,0.0,0.0,0.0,0,-107875648.0,0,0.0,0,-107875648.0,-107877712.0,0,13107,17039,39322,17053,39322,17037,0,0,0,110,100,100,2.7302334150594743e+23,64.0,0.0,64.9,-107615304.0,68.5,1,49,50,180,0,26215,0,0,0.0,0.0,0.0,0.0,-33589301248.0,65.0,0.0,-1.7926686547254504e+25,0.0,645,0,687,0,0,0,716,0,788,0,708,0,689,0,645,0,642,0,617,0.032,36438016.0,2.004,-107615152.0,46224,16788,-3749674745856.0,-5.6292941988931495e+25,0.0,-0.0,0.0,68289568.0,29.0,60.0,70,0.0,0.0,0.0,0.0,0.0,0.0,0.0,0.0,0.0,0.0,0.0,0.0,0.0,0.0,0.0,0.0,59.2,69,11,65508,41,65476,0,300,0,0,8,20529,65476,0,0,61604,60.0,0.0,0.0,0.0,0.0,0.0
2026-04-04T11:31:30,ERR,ERR,ERR,ERR,ERR,ERR,ERR,ERR,ERR,ERR,ERR,ERR,ERR,ERR,ERR,ERR,ERR,ERR,ERR,ERR,ERR,ERR,ERR,ERR,ERR,ERR,ERR,ERR,ERR,ERR,ERR,ERR,ERR,ERR,ERR,ERR,ERR,ERR,ERR,ERR,ERR,ERR,ERR,ERR,ERR,ERR,ERR,ERR,ERR,ERR,ERR,ERR,ERR,ERR,ERR,ERR,ERR,ERR,ERR,ERR,ERR,ERR,ERR,ERR,ERR,ERR,ERR,ERR,ERR,ERR,ERR,ERR,ERR,ERR,ERR,ERR,ERR,ERR,ERR,ERR,ERR,ERR,ERR,ERR,ERR,ERR,ERR,ERR,ERR,ERR,ERR,ERR,ERR,ERR,ERR,ERR,ERR,ERR,ERR,ERR,ERR,ERR,ERR,ERR,ERR,ERR,ERR,ERR,ERR,ERR,ERR,ERR,ERR,ERR,ERR,ERR,ERR,ERR,ERR,ERR,ERR,ERR,ERR,ERR,ERR,0.0,-0.0,-0.0,0.0,0.0,0.0,0.0,nan,0,0,0,32768,0,0.0,0,0.0,0.0,0.0,0.0,0.0,0,0,0,0,0.0,0,0,0,0,0,0,0,0,0,0,0,0,0,0,0,0,0,0,0,0,0,0,0,0,0,0,0,0,0,0,0,0,0,0,0,0,0,0,0,0,0,0,0,0,0.0,0.0,0.0,0.0,0.0,0.0,0.0,0.0,0.0,0.0,0.0,0.0,0.0,0.0,0.0,0.0,0.0,0.0,0.0,0.0,0.0,0.0,-2.004,-2.004,-2.004,-0.0,0.0,0.0,0.0,0.0,3377.5,-1.5879155638041463e+29,0.0,0.0,-0.0,-0.0,2.7184274988523002e+23,0.0,0.0,0.0,0.0,0,-0.0,-0.0,0.0,0.0,0.0,0.0,0.0,0.0,0.0,0,0,0,0.0,0.0,0.0,0.0,0.0,0.0,0.0,0.0,0.0,0.0,0.0,0.0,0.0,0.0,0.0,0.0,0,-107875648.0,0,0.0,0,-107875648.0,-107877712.0,0,13107,17039,39322,17053,39322,17037,0,0,0,110,100,100,2.7302334150594743e+23,64.0,0.0,64.9,-107615304.0,68.5,1,49,50,180,0,26215,0,0,0.0,0.0,0.0,0.0,-33589301248.0,65.0,0.0,-1.7926686547254504e+25,0.0,645,0,687,0,0,0,716,0,788,0,708,0,689,0,645,0,642,0,617,0.032,36438016.0,2.004,-107615152.0,46224,16788,-3749674745856.0,-5.6292941988931495e+25,0.0,-0.0,0.0,68289568.0,29.0,60.0,70,0.0,0.0,0.0,0.0,0.0,0.0,0.0,0.0,0.0,0.0,0.0,0.0,0.0,0.0,0.0,0.0,59.2,69,11,65508,41,65476,0,300,0,0,8,20529,65476,0,0,61604,60.0,0.0,0.0,0.0,0.0,0.0
2026-04-04T11:31:31,ERR,ERR,ERR,ERR,ERR,ERR,ERR,ERR,ERR,ERR,ERR,ERR,ERR,ERR,ERR,ERR,ERR,ERR,ERR,ERR,ERR,ERR,ERR,ERR,ERR,ERR,ERR,ERR,ERR,ERR,ERR,ERR,ERR,ERR,ERR,ERR,ERR,ERR,ERR,ERR,ERR,ERR,ERR,ERR,ERR,ERR,ERR,ERR,ERR,ERR,ERR,ERR,ERR,ERR,ERR,ERR,ERR,ERR,ERR,ERR,ERR,ERR,ERR,ERR,ERR,ERR,ERR,ERR,ERR,ERR,ERR,ERR,ERR,ERR,ERR,ERR,ERR,ERR,ERR,ERR,ERR,ERR,ERR,ERR,ERR,ERR,ERR,ERR,ERR,ERR,ERR,ERR,ERR,ERR,ERR,ERR,ERR,ERR,ERR,ERR,ERR,ERR,ERR,ERR,ERR,ERR,ERR,ERR,ERR,ERR,ERR,ERR,ERR,ERR,ERR,ERR,ERR,ERR,ERR,ERR,ERR,ERR,ERR,ERR,ERR,0.0,-0.0,-101055584.0,0.0,0.0,0.0,0.0,nan,0,0,0,32768,0,0.0,0,0.0,0.0,0.0,0.0,0.0,0,0,0,0,0.0,0,0,0,0,0,0,0,0,0,0,0,0,0,0,0,0,0,0,0,0,0,0,0,0,0,0,0,0,0,0,0,0,0,0,0,0,0,0,0,0,0,0,0,0,0.0,0.0,0.0,0.0,0.0,0.0,0.0,0.0,0.0,0.0,0.0,0.0,0.0,0.0,0.0,0.0,0.0,0.0,0.0,0.0,0.0,0.0,-2.004,-2.004,-2.004,2.004,0.0,0.0,0.0,0.0,3378.5,-0.0,0.0,0.0,-0.0,-0.0,2.7184274988523002e+23,0.0,0.0,0.0,0.0,0,-0.0,4.066829101708843e+29,0.0,0.0,0.0,0.0,0.0,0.0,0.0,0,0,0,0.0,0.0,0.0,0.0,0.0,0.0,0.0,0.0,0.0,0.0,0.0,0.0,0.0,0.0,0.0,0.0,0,-107875648.0,0,0.0,0,-107875648.0,-107877712.0,0,13107,17039,26215,17053,39322,17037,0,0,0,110,100,100,2.7302334150594743e+23,64.0,0.0,64.9,-107615304.0,68.5,1,49,50,180,0,26215,0,0,0.0,0.0,0.0,0.0,-19432708.0,65.0,0.0,12368.494,0.0,645,0,687,0,0,0,716,0,788,0,708,0,689,0,645,0,641,0,617,0.032,36962304.0,2.004,-107615152.0,38160,16788,-537132972113920.0,1.6762472777504955e+30,-122.626,-0.0,-4.4361885694715494e+18,0.0,29.0,60.0,70,0.0,0.0,0.0,0.0,0.0,0.0,0.0,0.0,0.0,0.0,0.0,0.0,0.0,0.0,0.0,0.0,59.2,69,11,65508,41,65476,0,300,0,0,8,20529,65476,0,0,61604,60.0,0.0,0.0,0.0,0.0,0.0
2026-04-04T11:31:32,ERR,ERR,ERR,ERR,ERR,ERR,ERR,ERR,ERR,ERR,ERR,ERR,ERR,ERR,ERR,ERR,ERR,ERR,ERR,ERR,ERR,ERR,ERR,ERR,ERR,ERR,ERR,ERR,ERR,ERR,ERR,ERR,ERR,ERR,ERR,ERR,ERR,ERR,ERR,ERR,ERR,ERR,ERR,ERR,ERR,ERR,ERR,ERR,ERR,ERR,ERR,ERR,ERR,ERR,ERR,ERR,ERR,ERR,ERR,ERR,ERR,ERR,ERR,ERR,ERR,ERR,ERR,ERR,ERR,ERR,ERR,ERR,ERR,ERR,ERR,ERR,ERR,ERR,ERR,ERR,ERR,ERR,ERR,ERR,ERR,ERR,ERR,ERR,ERR,ERR,ERR,ERR,ERR,ERR,ERR,ERR,ERR,ERR,ERR,ERR,ERR,ERR,ERR,ERR,ERR,ERR,ERR,ERR,ERR,ERR,ERR,ERR,ERR,ERR,ERR,ERR,ERR,ERR,ERR,ERR,ERR,ERR,ERR,ERR,ERR,0.0,-0.0,-101055584.0,0.0,0.0,0.0,0.0,nan,0,0,0,32768,0,0.0,0,0.0,0.0,0.0,0.0,0.0,0,0,0,0,0.0,0,0,0,0,0,0,0,0,0,0,0,0,0,0,0,0,0,0,0,0,0,0,0,0,0,0,0,0,0,0,0,0,0,0,0,0,0,0,0,0,0,0,0,0,0.0,0.0,0.0,0.0,0.0,0.0,0.0,0.0,0.0,0.0,0.0,0.0,0.0,0.0,0.0,0.0,0.0,0.0,0.0,0.0,0.0,0.0,-2.004,-2.004,-2.004,2.004,0.0,0.0,0.0,0.0,3378.5,-0.0,0.0,0.0,-0.0,-0.0,2.7184274988523002e+23,0.0,0.0,0.0,0.0,0,-0.0,4.066829101708843e+29,0.0,0.0,0.0,0.0,0.0,0.0,0.0,0,0,0,0.0,0.0,0.0,0.0,0.0,0.0,0.0,0.0,0.0,0.0,0.0,0.0,0.0,0.0,0.0,0.0,0,-107875648.0,0,0.0,0,-107875648.0,-107877712.0,0,13107,17039,26215,17053,39322,17037,0,0,0,110,100,100,2.7302334150594743e+23,64.0,0.0,64.9,-107615304.0,68.5,1,49,50,180,0,26215,0,0,0.0,0.0,0.0,0.0,-19432708.0,65.0,0.0,12368.494,0.0,645,0,687,0,0,0,716,0,788,0,708,0,689,0,645,0,641,0,617,0.032,36962304.0,2.004,-107615152.0,38160,16788,-537132972113920.0,1.6762472777504955e+30,-122.626,-0.0,-4.4361885694715494e+18,0.0,29.0,60.0,70,0.0,0.0,0.0,0.0,0.0,0.0,0.0,0.0,0.0,0.0,0.0,0.0,0.0,0.0,0.0,0.0,59.6,69,11,65508,41,65476,0,300,0,0,8,20529,65476,0,0,61604,60.0,0.0,0.0,0.0,0.0,0.0
2026-04-04T11:31:33,ERR,ERR,ERR,ERR,ERR,ERR,ERR,ERR,ERR,ERR,ERR,ERR,ERR,ERR,ERR,ERR,ERR,ERR,ERR,ERR,ERR,ERR,ERR,ERR,ERR,ERR,ERR,ERR,ERR,ERR,ERR,ERR,ERR,ERR,ERR,ERR,ERR,ERR,ERR,ERR,ERR,ERR,ERR,ERR,ERR,ERR,ERR,ERR,ERR,ERR,ERR,ERR,ERR,ERR,ERR,ERR,ERR,ERR,ERR,ERR,ERR,ERR,ERR,ERR,ERR,ERR,ERR,ERR,ERR,ERR,ERR,ERR,ERR,ERR,ERR,ERR,ERR,ERR,ERR,ERR,ERR,ERR,ERR,ERR,ERR,ERR,ERR,ERR,ERR,ERR,ERR,ERR,ERR,ERR,ERR,ERR,ERR,ERR,ERR,ERR,ERR,ERR,ERR,ERR,ERR,ERR,ERR,ERR,ERR,ERR,ERR,ERR,ERR,ERR,ERR,ERR,ERR,ERR,ERR,ERR,ERR,ERR,ERR,ERR,ERR,0.0,-0.0,-101055584.0,0.0,0.0,0.0,0.0,nan,0,0,0,32768,0,0.0,0,0.0,0.0,0.0,0.0,0.0,0,0,0,0,0.0,0,0,0,0,0,0,0,0,0,0,0,0,0,0,0,0,0,0,0,0,0,0,0,0,0,0,0,0,0,0,0,0,0,0,0,0,0,0,0,0,0,0,0,0,0.0,0.0,0.0,0.0,0.0,0.0,0.0,0.0,0.0,0.0,0.0,0.0,0.0,0.0,0.0,0.0,0.0,0.0,0.0,0.0,0.0,0.0,-2.004,-2.004,-2.004,2.004,0.0,0.0,0.0,0.0,3378.5,-0.0,0.0,0.0,-0.0,-0.0,2.7184274988523002e+23,0.0,0.0,0.0,0.0,0,-0.0,4.066829101708843e+29,0.0,0.0,0.0,0.0,0.0,0.0,0.0,0,0,0,0.0,0.0,0.0,0.0,0.0,0.0,0.0,0.0,0.0,0.0,0.0,0.0,0.0,0.0,0.0,0.0,0,-107875648.0,0,0.0,0,-107875648.0,-107877712.0,0,13107,17039,26215,17053,39322,17037,0,0,0,110,100,100,2.7302334150594743e+23,64.0,0.0,64.9,-107615304.0,68.5,1,49,50,180,0,26215,0,0,0.0,0.0,0.0,0.0,-19432708.0,65.0,0.0,12368.494,0.0,645,0,687,0,0,0,716,0,788,0,708,0,689,0,645,0,641,0,617,0.032,36962304.0,2.004,-107615152.0,38160,16788,-537132972113920.0,1.6762472777504955e+30,-122.626,-0.0,-4.4361885694715494e+18,0.0,29.0,60.0,70,0.0,0.0,0.0,0.0,0.0,0.0,0.0,0.0,0.0,0.0,0.0,0.0,0.0,0.0,0.0,0.0,59.6,69,11,65508,41,65476,0,300,0,0,8,20529,65476,0,0,61604,60.0,0.0,0.0,0.0,0.0,0.0
2026-04-04T11:31:34,ERR,ERR,ERR,ERR,ERR,ERR,ERR,ERR,ERR,ERR,ERR,ERR,ERR,ERR,ERR,ERR,ERR,ERR,ERR,ERR,ERR,ERR,ERR,ERR,ERR,ERR,ERR,ERR,ERR,ERR,ERR,ERR,ERR,ERR,ERR,ERR,ERR,ERR,ERR,ERR,ERR,ERR,ERR,ERR,ERR,ERR,ERR,ERR,ERR,ERR,ERR,ERR,ERR,ERR,ERR,ERR,ERR,ERR,ERR,ERR,ERR,ERR,ERR,ERR,ERR,ERR,ERR,ERR,ERR,ERR,ERR,ERR,ERR,ERR,ERR,ERR,ERR,ERR,ERR,ERR,ERR,ERR,ERR,ERR,ERR,ERR,ERR,ERR,ERR,ERR,ERR,ERR,ERR,ERR,ERR,ERR,ERR,ERR,ERR,ERR,ERR,ERR,ERR,ERR,ERR,ERR,ERR,ERR,ERR,ERR,ERR,ERR,ERR,ERR,ERR,ERR,ERR,ERR,ERR,ERR,ERR,ERR,ERR,ERR,ERR,0.0,-0.0,-101055584.0,0.0,0.0,0.0,0.0,nan,0,0,0,32768,0,0.0,0,0.0,0.0,0.0,0.0,0.0,0,0,0,0,0.0,0,0,0,0,0,0,0,0,0,0,0,0,0,0,0,0,0,0,0,0,0,0,0,0,0,0,0,0,0,0,0,0,0,0,0,0,0,0,0,0,0,0,0,0,0.0,0.0,0.0,0.0,0.0,0.0,0.0,0.0,0.0,0.0,0.0,0.0,0.0,0.0,0.0,0.0,0.0,0.0,0.0,0.0,0.0,0.0,-2.004,-2.004,-2.004,2.004,0.0,0.0,0.0,0.0,3378.5,-0.0,0.0,0.0,-0.0,-0.0,2.7184274988523002e+23,0.0,0.0,0.0,0.0,0,-0.0,4.066829101708843e+29,0.0,0.0,0.0,0.0,0.0,0.0,0.0,0,0,0,0.0,0.0,0.0,0.0,0.0,0.0,0.0,0.0,0.0,0.0,0.0,0.0,0.0,0.0,0.0,0.0,0,-107875648.0,0,0.0,0,-107875648.0,-107877712.0,0,13107,17039,26215,17053,39322,17037,0,0,0,110,100,100,2.7302334150594743e+23,64.0,0.0,64.9,-107615304.0,68.5,1,49,50,180,0,26215,0,0,0.0,0.0,0.0,0.0,-19432708.0,65.0,0.0,12368.494,0.0,645,0,687,0,0,0,716,0,788,0,708,0,689,0,645,0,641,0,617,0.032,36962304.0,2.004,-107615152.0,38160,16788,-537132972113920.0,1.6762472777504955e+30,-122.626,-0.0,-4.4361885694715494e+18,0.0,29.0,60.0,70,0.0,0.0,0.0,0.0,0.0,0.0,0.0,0.0,0.0,0.0,0.0,0.0,0.0,0.0,0.0,0.0,59.6,69,11,65508,41,65476,0,300,0,0,8,20529,65476,0,0,61604,60.0,0.0,0.0,0.0,0.0,0.0
2026-04-04T11:31:35,ERR,ERR,ERR,ERR,ERR,ERR,ERR,ERR,ERR,ERR,ERR,ERR,ERR,ERR,ERR,ERR,ERR,ERR,ERR,ERR,ERR,ERR,ERR,ERR,ERR,ERR,ERR,ERR,ERR,ERR,ERR,ERR,ERR,ERR,ERR,ERR,ERR,ERR,ERR,ERR,ERR,ERR,ERR,ERR,ERR,ERR,ERR,ERR,ERR,ERR,ERR,ERR,ERR,ERR,ERR,ERR,ERR,ERR,ERR,ERR,ERR,ERR,ERR,ERR,ERR,ERR,ERR,ERR,ERR,ERR,ERR,ERR,ERR,ERR,ERR,ERR,ERR,ERR,ERR,ERR,ERR,ERR,ERR,ERR,ERR,ERR,ERR,ERR,ERR,ERR,ERR,ERR,ERR,ERR,ERR,ERR,ERR,ERR,ERR,ERR,ERR,ERR,ERR,ERR,ERR,ERR,ERR,ERR,ERR,ERR,ERR,ERR,ERR,ERR,ERR,ERR,ERR,ERR,ERR,ERR,ERR,ERR,ERR,ERR,ERR,0.0,-0.0,-101055584.0,0.0,0.0,0.0,0.0,nan,0,0,0,32768,0,0.0,0,0.0,0.0,0.0,0.0,0.0,0,0,0,0,0.0,0,0,0,0,0,0,0,0,0,0,0,0,0,0,0,0,0,0,0,0,0,0,0,0,0,0,0,0,0,0,0,0,0,0,0,0,0,0,0,0,0,0,0,0,0.0,0.0,0.0,0.0,0.0,0.0,0.0,0.0,0.0,0.0,0.0,0.0,0.0,0.0,0.0,0.0,0.0,0.0,0.0,0.0,0.0,0.0,-2.004,-2.004,-2.004,2.004,0.0,0.0,0.0,0.0,3378.5,-0.0,0.0,0.0,-0.0,-0.0,2.7184274988523002e+23,0.0,0.0,0.0,0.0,0,-0.0,4.066829101708843e+29,0.0,0.0,0.0,0.0,0.0,0.0,0.0,0,0,0,0.0,0.0,0.0,0.0,0.0,0.0,0.0,0.0,0.0,0.0,0.0,0.0,0.0,0.0,0.0,0.0,0,-107875648.0,0,0.0,0,-107875648.0,-107877712.0,0,13107,17039,26215,17053,39322,17037,0,0,0,110,100,100,2.7302334150594743e+23,64.0,0.0,64.9,-107615304.0,68.5,1,49,50,180,0,26215,0,0,0.0,0.0,0.0,0.0,-19432708.0,65.0,0.0,12368.494,0.0,645,0,687,0,0,0,716,0,788,0,708,0,689,0,645,0,641,0,617,0.032,36962304.0,2.004,-107615152.0,38160,16788,-537132972113920.0,1.6762472777504955e+30,-122.626,-0.0,-4.4361885694715494e+18,0.0,29.0,60.0,70,0.0,0.0,0.0,0.0,0.0,0.0,0.0,0.0,0.0,0.0,0.0,0.0,0.0,0.0,0.0,0.0,59.6,69,11,65508,41,65476,0,300,0,0,8,20529,65476,0,0,61604,60.0,0.0,0.0,0.0,0.0,0.0
2026-04-04T11:31:36,ERR,ERR,ERR,ERR,ERR,ERR,ERR,ERR,ERR,ERR,ERR,ERR,ERR,ERR,ERR,ERR,ERR,ERR,ERR,ERR,ERR,ERR,ERR,ERR,ERR,ERR,ERR,ERR,ERR,ERR,ERR,ERR,ERR,ERR,ERR,ERR,ERR,ERR,ERR,ERR,ERR,ERR,ERR,ERR,ERR,ERR,ERR,ERR,ERR,ERR,ERR,ERR,ERR,ERR,ERR,ERR,ERR,ERR,ERR,ERR,ERR,ERR,ERR,ERR,ERR,ERR,ERR,ERR,ERR,ERR,ERR,ERR,ERR,ERR,ERR,ERR,ERR,ERR,ERR,ERR,ERR,ERR,ERR,ERR,ERR,ERR,ERR,ERR,ERR,ERR,ERR,ERR,ERR,ERR,ERR,ERR,ERR,ERR,ERR,ERR,ERR,ERR,ERR,ERR,ERR,ERR,ERR,ERR,ERR,ERR,ERR,ERR,ERR,ERR,ERR,ERR,ERR,ERR,ERR,ERR,ERR,ERR,ERR,ERR,ERR,0.0,-0.0,-101055584.0,0.0,0.0,0.0,0.0,nan,0,0,0,32768,0,0.0,0,0.0,0.0,0.0,0.0,0.0,0,0,0,0,0.0,0,0,0,0,0,0,0,0,0,0,0,0,0,0,0,0,0,0,0,0,0,0,0,0,0,0,0,0,0,0,0,0,0,0,0,0,0,0,0,0,0,0,0,0,0.0,0.0,0.0,0.0,0.0,0.0,0.0,0.0,0.0,0.0,0.0,0.0,0.0,0.0,0.0,0.0,0.0,0.0,0.0,0.0,0.0,0.0,-2.004,-2.004,-2.004,2.004,0.0,0.0,0.0,0.0,3378.5,-0.0,0.0,0.0,-0.0,-0.0,2.7184274988523002e+23,0.0,0.0,0.0,0.0,0,-0.0,4.066829101708843e+29,0.0,0.0,0.0,0.0,0.0,0.0,0.0,0,0,0,0.0,0.0,0.0,0.0,0.0,0.0,0.0,0.0,0.0,0.0,0.0,0.0,0.0,0.0,0.0,0.0,0,-107875648.0,0,0.0,0,-107875648.0,-107877712.0,0,13107,17039,26215,17053,39322,17037,0,0,0,110,100,100,2.7302334150594743e+23,64.0,0.0,64.9,-107615304.0,68.5,1,49,50,180,0,26215,0,0,0.0,0.0,0.0,0.0,-19432708.0,65.0,0.0,12368.494,0.0,645,0,687,0,0,0,716,0,788,0,708,0,689,0,645,0,641,0,617,0.032,36962304.0,2.004,-107615152.0,38160,16788,-537132972113920.0,1.6762472777504955e+30,-122.626,-0.0,-4.4361885694715494e+18,0.0,29.0,60.0,70,0.0,0.0,0.0,0.0,0.0,0.0,0.0,0.0,0.0,0.0,0.0,0.0,0.0,0.0,0.0,0.0,59.6,69,11,65508,41,65476,0,300,0,0,8,20529,65476,0,0,61604,60.0,0.0,0.0,0.0,0.0,0.0
2026-04-04T11:31:37,ERR,ERR,ERR,ERR,ERR,ERR,ERR,ERR,ERR,ERR,ERR,ERR,ERR,ERR,ERR,ERR,ERR,ERR,ERR,ERR,ERR,ERR,ERR,ERR,ERR,ERR,ERR,ERR,ERR,ERR,ERR,ERR,ERR,ERR,ERR,ERR,ERR,ERR,ERR,ERR,ERR,ERR,ERR,ERR,ERR,ERR,ERR,ERR,ERR,ERR,ERR,ERR,ERR,ERR,ERR,ERR,ERR,ERR,ERR,ERR,ERR,ERR,ERR,ERR,ERR,ERR,ERR,ERR,ERR,ERR,ERR,ERR,ERR,ERR,ERR,ERR,ERR,ERR,ERR,ERR,ERR,ERR,ERR,ERR,ERR,ERR,ERR,ERR,ERR,ERR,ERR,ERR,ERR,ERR,ERR,ERR,ERR,ERR,ERR,ERR,ERR,ERR,ERR,ERR,ERR,ERR,ERR,ERR,ERR,ERR,ERR,ERR,ERR,ERR,ERR,ERR,ERR,ERR,ERR,ERR,ERR,ERR,ERR,ERR,ERR,0.0,-0.0,-101055584.0,0.0,0.0,0.0,0.0,nan,0,0,0,32768,0,0.0,0,0.0,0.0,0.0,0.0,0.0,0,0,0,0,0.0,0,0,0,0,0,0,0,0,0,0,0,0,0,0,0,0,0,0,0,0,0,0,0,0,0,0,0,0,0,0,0,0,0,0,0,0,0,0,0,0,0,0,0,0,0.0,0.0,0.0,0.0,0.0,0.0,0.0,0.0,0.0,0.0,0.0,0.0,0.0,0.0,0.0,0.0,0.0,0.0,0.0,0.0,0.0,0.0,-2.004,-2.004,-2.004,2.004,0.0,0.0,0.0,0.0,3378.5,-0.0,0.0,0.0,-0.0,-0.0,2.7184274988523002e+23,0.0,0.0,0.0,0.0,0,-0.0,4.066829101708843e+29,0.0,0.0,0.0,0.0,0.0,0.0,0.0,0,0,0,0.0,0.0,0.0,0.0,0.0,0.0,0.0,0.0,0.0,0.0,0.0,0.0,0.0,0.0,0.0,0.0,0,-107875648.0,0,0.0,0,-107875648.0,-107877712.0,0,13107,17039,26215,17053,39322,17037,0,0,0,110,100,100,2.7302334150594743e+23,64.0,0.0,64.9,-107615304.0,68.5,1,49,50,180,0,26215,0,0,0.0,0.0,0.0,0.0,-1.7025056390252518e+24,65.0,0.0,-1083438596096.0,0.0,645,0,687,0,0,0,716,0,788,0,708,0,689,0,645,0,642,0,617,0.032,36700160.0,2.004,-107615152.0,29712,16788,-8.716828871809289e+26,-3.223,-0.0,0.0,-0.001,-6.5302063992483e+22,29.0,60.0,70,0.0,0.0,0.0,0.0,0.0,0.0,0.0,0.0,0.0,0.0,0.0,0.0,0.0,0.0,0.0,0.0,59.6,69,11,65508,41,65476,0,300,0,0,8,20529,65476,0,0,61604,60.0,0.0,0.0,0.0,0.0,0.0
2026-04-04T11:31:38,ERR,ERR,ERR,ERR,ERR,ERR,ERR,ERR,ERR,ERR,ERR,ERR,ERR,ERR,ERR,ERR,ERR,ERR,ERR,ERR,ERR,ERR,ERR,ERR,ERR,ERR,ERR,ERR,ERR,ERR,ERR,ERR,ERR,ERR,ERR,ERR,ERR,ERR,ERR,ERR,ERR,ERR,ERR,ERR,ERR,ERR,ERR,ERR,ERR,ERR,ERR,ERR,ERR,ERR,ERR,ERR,ERR,ERR,ERR,ERR,ERR,ERR,ERR,ERR,ERR,ERR,ERR,ERR,ERR,ERR,ERR,ERR,ERR,ERR,ERR,ERR,ERR,ERR,ERR,ERR,ERR,ERR,ERR,ERR,ERR,ERR,ERR,ERR,ERR,ERR,ERR,ERR,ERR,ERR,ERR,ERR,ERR,ERR,ERR,ERR,ERR,ERR,ERR,ERR,ERR,ERR,ERR,ERR,ERR,ERR,ERR,ERR,ERR,ERR,ERR,ERR,ERR,ERR,ERR,ERR,ERR,ERR,ERR,ERR,ERR,0.0,-0.0,-101055584.0,0.0,0.0,0.0,0.0,nan,0,0,0,32768,0,0.0,0,0.0,0.0,0.0,0.0,0.0,0,0,0,0,0.0,0,0,0,0,0,0,0,0,0,0,0,0,0,0,0,0,0,0,0,0,0,0,0,0,0,0,0,0,0,0,0,0,0,0,0,0,0,0,0,0,0,0,0,0,0.0,0.0,0.0,0.0,0.0,0.0,0.0,0.0,0.0,0.0,0.0,0.0,0.0,0.0,0.0,0.0,0.0,0.0,0.0,0.0,0.0,0.0,-2.004,-2.004,-2.004,2.004,0.0,0.0,0.0,0.0,3378.5,-0.0,0.0,0.0,-0.0,-0.0,2.7184274988523002e+23,0.0,0.0,0.0,0.0,0,-0.0,4.066829101708843e+29,0.0,0.0,0.0,0.0,0.0,0.0,0.0,0,0,0,0.0,0.0,0.0,0.0,0.0,0.0,0.0,0.0,0.0,0.0,0.0,0.0,0.0,0.0,0.0,0.0,0,-107875648.0,0,0.0,0,-107875648.0,-107877712.0,0,13107,17039,26215,17053,39322,17037,0,0,0,110,100,100,2.7302334150594743e+23,64.0,0.0,64.9,-107615304.0,68.5,1,49,50,180,0,26215,0,0,0.0,0.0,0.0,0.0,-1.7025056390252518e+24,65.0,0.0,-1083438596096.0,0.0,645,0,687,0,0,0,716,0,788,0,708,0,689,0,645,0,642,0,617,0.032,36700160.0,2.004,-107615152.0,29712,16788,-8.716828871809289e+26,-3.223,-0.0,0.0,-0.001,-6.5302063992483e+22,29.0,60.0,70,0.0,0.0,0.0,0.0,0.0,0.0,0.0,0.0,0.0,0.0,0.0,0.0,0.0,0.0,0.0,0.0,59.2,69,11,65508,41,65476,0,300,0,0,8,20529,65476,0,0,61604,60.0,0.0,0.0,0.0,0.0,0.0
2026-04-04T11:31:39,ERR,ERR,ERR,ERR,ERR,ERR,ERR,ERR,ERR,ERR,ERR,ERR,ERR,ERR,ERR,ERR,ERR,ERR,ERR,ERR,ERR,ERR,ERR,ERR,ERR,ERR,ERR,ERR,ERR,ERR,ERR,ERR,ERR,ERR,ERR,ERR,ERR,ERR,ERR,ERR,ERR,ERR,ERR,ERR,ERR,ERR,ERR,ERR,ERR,ERR,ERR,ERR,ERR,ERR,ERR,ERR,ERR,ERR,ERR,ERR,ERR,ERR,ERR,ERR,ERR,ERR,ERR,ERR,ERR,ERR,ERR,ERR,ERR,ERR,ERR,ERR,ERR,ERR,ERR,ERR,ERR,ERR,ERR,ERR,ERR,ERR,ERR,ERR,ERR,ERR,ERR,ERR,ERR,ERR,ERR,ERR,ERR,ERR,ERR,ERR,ERR,ERR,ERR,ERR,ERR,ERR,ERR,ERR,ERR,ERR,ERR,ERR,ERR,ERR,ERR,ERR,ERR,ERR,ERR,ERR,ERR,ERR,ERR,ERR,ERR,0.0,-0.0,-101055584.0,0.0,0.0,0.0,0.0,nan,0,0,0,32768,0,0.0,0,0.0,0.0,0.0,0.0,0.0,0,0,0,0,0.0,0,0,0,0,0,0,0,0,0,0,0,0,0,0,0,0,0,0,0,0,0,0,0,0,0,0,0,0,0,0,0,0,0,0,0,0,0,0,0,0,0,0,0,0,0.0,0.0,0.0,0.0,0.0,0.0,0.0,0.0,0.0,0.0,0.0,0.0,0.0,0.0,0.0,0.0,0.0,0.0,0.0,0.0,0.0,0.0,-2.004,-2.004,-2.004,2.004,0.0,0.0,0.0,0.0,3378.5,-0.0,0.0,0.0,-0.0,-0.0,2.7184274988523002e+23,0.0,0.0,0.0,0.0,0,-0.0,4.066829101708843e+29,0.0,0.0,0.0,0.0,0.0,0.0,0.0,0,0,0,0.0,0.0,0.0,0.0,0.0,0.0,0.0,0.0,0.0,0.0,0.0,0.0,0.0,0.0,0.0,0.0,0,-107875648.0,0,0.0,0,-107875648.0,-107877712.0,0,13107,17039,26215,17053,39322,17037,0,0,0,110,100,100,2.7302334150594743e+23,64.0,0.0,64.9,-107615304.0,68.5,1,49,50,180,0,26215,0,0,0.0,0.0,0.0,0.0,-1.7025056390252518e+24,65.0,0.0,-1083438596096.0,0.0,645,0,687,0,0,0,716,0,788,0,708,0,689,0,645,0,642,0,617,0.032,36700160.0,2.004,-107615152.0,29712,16788,-8.716828871809289e+26,-3.223,-0.0,0.0,-0.001,-6.5302063992483e+22,29.0,60.0,70,0.0,0.0,0.0,0.0,0.0,0.0,0.0,0.0,0.0,0.0,0.0,0.0,0.0,0.0,0.0,0.0,59.2,69,11,65508,41,65476,0,300,0,0,8,20529,65476,0,0,61604,60.0,0.0,0.0,0.0,0.0,0.0
2026-04-04T11:31:40,ERR,ERR,ERR,ERR,ERR,ERR,ERR,ERR,ERR,ERR,ERR,ERR,ERR,ERR,ERR,ERR,ERR,ERR,ERR,ERR,ERR,ERR,ERR,ERR,ERR,ERR,ERR,ERR,ERR,ERR,ERR,ERR,ERR,ERR,ERR,ERR,ERR,ERR,ERR,ERR,ERR,ERR,ERR,ERR,ERR,ERR,ERR,ERR,ERR,ERR,ERR,ERR,ERR,ERR,ERR,ERR,ERR,ERR,ERR,ERR,ERR,ERR,ERR,ERR,ERR,ERR,ERR,ERR,ERR,ERR,ERR,ERR,ERR,ERR,ERR,ERR,ERR,ERR,ERR,ERR,ERR,ERR,ERR,ERR,ERR,ERR,ERR,ERR,ERR,ERR,ERR,ERR,ERR,ERR,ERR,ERR,ERR,ERR,ERR,ERR,ERR,ERR,ERR,ERR,ERR,ERR,ERR,ERR,ERR,ERR,ERR,ERR,ERR,ERR,ERR,ERR,ERR,ERR,ERR,ERR,ERR,ERR,ERR,ERR,ERR,0.0,-0.0,-0.0,0.0,0.0,0.0,0.0,nan,0,0,0,32768,0,0.0,0,0.0,0.0,0.0,0.0,0.0,0,0,0,0,0.0,0,0,0,0,0,0,0,0,0,0,0,0,0,0,0,0,0,0,0,0,0,0,0,0,0,0,0,0,0,0,0,0,0,0,0,0,0,0,0,0,0,0,0,0,0.0,0.0,0.0,0.0,0.0,0.0,0.0,0.0,0.0,0.0,0.0,0.0,0.0,0.0,0.0,0.0,0.0,0.0,0.0,0.0,0.0,0.0,-0.0,-2.004,-2.004,-0.0,0.0,0.0,0.0,0.0,3378.0,-0.0,0.0,0.0,-0.0,-0.0,0.0,0.0,0.0,0.0,0.0,0,-0.0,2.7184057014301037e+23,0.0,0.0,0.0,0.0,0.0,0.0,0.0,0,0,0,0.0,0.0,0.0,0.0,0.0,0.0,0.0,0.0,0.0,0.0,0.0,0.0,0.0,0.0,0.0,0.0,0,-107875648.0,0,0.0,0,-107875648.0,-107877712.0,0,13107,17039,26215,17053,39322,17037,0,0,0,110,100,100,2.7302334150594743e+23,64.0,0.0,64.9,-107615304.0,68.5,1,49,50,180,0,26215,0,0,0.0,0.0,0.0,0.0,-1.7025056390252518e+24,65.0,0.0,-1083438596096.0,0.0,645,0,687,0,0,0,716,0,788,0,708,0,689,0,645,0,642,0,617,0.032,36700160.0,2.004,-107615152.0,29712,16788,-8.716828871809289e+26,-3.223,-0.0,0.0,-0.001,-6.5302063992483e+22,29.0,60.0,70,0.0,0.0,0.0,0.0,0.0,0.0,0.0,0.0,0.0,0.0,0.0,0.0,0.0,0.0,0.0,0.0,59.2,69,11,65508,41,65476,0,300,0,0,8,20529,65476,0,0,61604,60.0,0.0,0.0,0.0,0.0,0.0
2026-04-04T11:31:41,ERR,ERR,ERR,ERR,ERR,ERR,ERR,ERR,ERR,ERR,ERR,ERR,ERR,ERR,ERR,ERR,ERR,ERR,ERR,ERR,ERR,ERR,ERR,ERR,ERR,ERR,ERR,ERR,ERR,ERR,ERR,ERR,ERR,ERR,ERR,ERR,ERR,ERR,ERR,ERR,ERR,ERR,ERR,ERR,ERR,ERR,ERR,ERR,ERR,ERR,ERR,ERR,ERR,ERR,ERR,ERR,ERR,ERR,ERR,ERR,ERR,ERR,ERR,ERR,ERR,ERR,ERR,ERR,ERR,ERR,ERR,ERR,ERR,ERR,ERR,ERR,ERR,ERR,ERR,ERR,ERR,ERR,ERR,ERR,ERR,ERR,ERR,ERR,ERR,ERR,ERR,ERR,ERR,ERR,ERR,ERR,ERR,ERR,ERR,ERR,ERR,ERR,ERR,ERR,ERR,ERR,ERR,ERR,ERR,ERR,ERR,ERR,ERR,ERR,ERR,ERR,ERR,ERR,ERR,ERR,ERR,ERR,ERR,ERR,ERR,0.0,-0.0,-0.0,0.0,0.0,0.0,0.0,nan,0,0,0,32768,0,0.0,0,0.0,0.0,0.0,0.0,0.0,0,0,0,0,0.0,0,0,0,0,0,0,0,0,0,0,0,0,0,0,0,0,0,0,0,0,0,0,0,0,0,0,0,0,0,0,0,0,0,0,0,0,0,0,0,0,0,0,0,0,0.0,0.0,0.0,0.0,0.0,0.0,0.0,0.0,0.0,0.0,0.0,0.0,0.0,0.0,0.0,0.0,0.0,0.0,0.0,0.0,0.0,0.0,-0.0,-2.004,-2.004,-0.0,0.0,0.0,0.0,0.0,3378.0,-0.0,0.0,0.0,-0.0,-0.0,0.0,0.0,0.0,0.0,0.0,0,-0.0,2.7184057014301037e+23,0.0,0.0,0.0,0.0,0.0,0.0,0.0,0,0,0,0.0,0.0,0.0,0.0,0.0,0.0,0.0,0.0,0.0,0.0,0.0,0.0,0.0,0.0,0.0,0.0,0,-107875648.0,0,0.0,0,-107875648.0,-107877712.0,0,13107,17039,26215,17053,39322,17037,0,0,0,110,100,100,2.7302334150594743e+23,64.0,0.0,64.9,-107615304.0,68.5,1,49,50,180,0,26215,0,0,0.0,0.0,0.0,0.0,-1.7025056390252518e+24,65.0,0.0,-1083438596096.0,0.0,645,0,687,0,0,0,716,0,788,0,708,0,689,0,645,0,642,0,617,0.032,36700160.0,2.004,-107615152.0,29712,16788,-8.716828871809289e+26,-3.223,-0.0,0.0,-0.001,-6.5302063992483e+22,29.0,60.0,70,0.0,0.0,0.0,0.0,0.0,0.0,0.0,0.0,0.0,0.0,0.0,0.0,0.0,0.0,0.0,0.0,59.6,69,11,65508,41,65476,0,300,0,0,8,20529,65476,0,0,61604,60.0,0.0,0.0,0.0,0.0,0.0
2026-04-04T11:31:42,ERR,ERR,ERR,ERR,ERR,ERR,ERR,ERR,ERR,ERR,ERR,ERR,ERR,ERR,ERR,ERR,ERR,ERR,ERR,ERR,ERR,ERR,ERR,ERR,ERR,ERR,ERR,ERR,ERR,ERR,ERR,ERR,ERR,ERR,ERR,ERR,ERR,ERR,ERR,ERR,ERR,ERR,ERR,ERR,ERR,ERR,ERR,ERR,ERR,ERR,ERR,ERR,ERR,ERR,ERR,ERR,ERR,ERR,ERR,ERR,ERR,ERR,ERR,ERR,ERR,ERR,ERR,ERR,ERR,ERR,ERR,ERR,ERR,ERR,ERR,ERR,ERR,ERR,ERR,ERR,ERR,ERR,ERR,ERR,ERR,ERR,ERR,ERR,ERR,ERR,ERR,ERR,ERR,ERR,ERR,ERR,ERR,ERR,ERR,ERR,ERR,ERR,ERR,ERR,ERR,ERR,ERR,ERR,ERR,ERR,ERR,ERR,ERR,ERR,ERR,ERR,ERR,ERR,ERR,ERR,ERR,ERR,ERR,ERR,ERR,0.0,-0.0,-0.0,0.0,0.0,0.0,0.0,nan,0,0,0,32768,0,0.0,0,0.0,0.0,0.0,0.0,0.0,0,0,0,0,0.0,0,0,0,0,0,0,0,0,0,0,0,0,0,0,0,0,0,0,0,0,0,0,0,0,0,0,0,0,0,0,0,0,0,0,0,0,0,0,0,0,0,0,0,0,0.0,0.0,0.0,0.0,0.0,0.0,0.0,0.0,0.0,0.0,0.0,0.0,0.0,0.0,0.0,0.0,0.0,0.0,0.0,0.0,0.0,0.0,-0.0,-2.004,-2.004,-0.0,0.0,0.0,0.0,0.0,3378.0,-0.0,0.0,0.0,-0.0,-0.0,0.0,0.0,0.0,0.0,0.0,0,-0.0,2.7184057014301037e+23,0.0,0.0,0.0,0.0,0.0,0.0,0.0,0,0,0,0.0,0.0,0.0,0.0,0.0,0.0,0.0,0.0,0.0,0.0,0.0,0.0,0.0,0.0,0.0,0.0,0,-107875648.0,0,0.0,0,-107875648.0,-107877712.0,0,13107,17039,26215,17053,39322,17037,0,0,0,110,100,100,2.7302334150594743e+23,64.0,0.0,64.9,-107615304.0,68.5,1,49,50,180,0,26215,0,0,0.0,0.0,0.0,0.0,-1.7025056390252518e+24,65.0,0.0,-1083438596096.0,0.0,645,0,687,0,0,0,716,0,788,0,708,0,689,0,645,0,642,0,617,0.032,36700160.0,2.004,-107615152.0,29712,16788,-8.716828871809289e+26,-3.223,-0.0,0.0,-0.001,-6.5302063992483e+22,29.0,60.0,70,0.0,0.0,0.0,0.0,0.0,0.0,0.0,0.0,0.0,0.0,0.0,0.0,0.0,0.0,0.0,0.0,59.6,69,11,65508,41,65476,0,300,0,0,8,20529,65476,0,0,61604,60.0,0.0,0.0,0.0,0.0,0.0
2026-04-04T11:31:43,ERR,ERR,ERR,ERR,ERR,ERR,ERR,ERR,ERR,ERR,ERR,ERR,ERR,ERR,ERR,ERR,ERR,ERR,ERR,ERR,ERR,ERR,ERR,ERR,ERR,ERR,ERR,ERR,ERR,ERR,ERR,ERR,ERR,ERR,ERR,ERR,ERR,ERR,ERR,ERR,ERR,ERR,ERR,ERR,ERR,ERR,ERR,ERR,ERR,ERR,ERR,ERR,ERR,ERR,ERR,ERR,ERR,ERR,ERR,ERR,ERR,ERR,ERR,ERR,ERR,ERR,ERR,ERR,ERR,ERR,ERR,ERR,ERR,ERR,ERR,ERR,ERR,ERR,ERR,ERR,ERR,ERR,ERR,ERR,ERR,ERR,ERR,ERR,ERR,ERR,ERR,ERR,ERR,ERR,ERR,ERR,ERR,ERR,ERR,ERR,ERR,ERR,ERR,ERR,ERR,ERR,ERR,ERR,ERR,ERR,ERR,ERR,ERR,ERR,ERR,ERR,ERR,ERR,ERR,ERR,ERR,ERR,ERR,ERR,ERR,0.0,-0.0,-0.0,0.0,0.0,0.0,0.0,nan,0,0,0,32768,0,0.0,0,0.0,0.0,0.0,0.0,0.0,0,0,0,0,0.0,0,0,0,0,0,0,0,0,0,0,0,0,0,0,0,0,0,0,0,0,0,0,0,0,0,0,0,0,0,0,0,0,0,0,0,0,0,0,0,0,0,0,0,0,0.0,0.0,0.0,0.0,0.0,0.0,0.0,0.0,0.0,0.0,0.0,0.0,0.0,0.0,0.0,0.0,0.0,0.0,0.0,0.0,0.0,0.0,-0.0,-2.004,-2.004,-0.0,0.0,0.0,0.0,0.0,3378.0,-0.0,0.0,0.0,-0.0,-0.0,0.0,0.0,0.0,0.0,0.0,0,-0.0,2.7184057014301037e+23,0.0,0.0,0.0,0.0,0.0,0.0,0.0,0,0,0,0.0,0.0,0.0,0.0,0.0,0.0,0.0,0.0,0.0,0.0,0.0,0.0,0.0,0.0,0.0,0.0,0,-107875648.0,0,0.0,0,-107875648.0,-107877712.0,0,13107,17039,26215,17053,39322,17037,0,0,0,110,100,100,0.0,64.0,0.0,64.9,-107615304.0,68.5,1,49,50,180,0,26215,0,0,0.0,0.0,0.0,0.0,-94508048.0,65.0,0.0,0.0,0.0,645,0,687,0,0,0,716,0,787,0,708,0,689,0,645,0,642,0,618,0.032,36962304.0,2.004,-107615152.0,38672,16788,-13211992588288.0,24087235657728.0,0.0,3.2350539124628935e+27,1.7874906536639602e+24,8.975047334688437e+33,29.0,60.0,70,0.0,0.0,0.0,0.0,0.0,0.0,0.0,0.0,0.0,0.0,0.0,0.0,0.0,0.0,0.0,0.0,59.2,69,11,65508,41,65476,0,300,0,0,8,20529,65476,0,0,61604,60.0,0.0,0.0,0.0,0.0,0.0
2026-04-04T11:31:44,ERR,ERR,ERR,ERR,ERR,ERR,ERR,ERR,ERR,ERR,ERR,ERR,ERR,ERR,ERR,ERR,ERR,ERR,ERR,ERR,ERR,ERR,ERR,ERR,ERR,ERR,ERR,ERR,ERR,ERR,ERR,ERR,ERR,ERR,ERR,ERR,ERR,ERR,ERR,ERR,ERR,ERR,ERR,ERR,ERR,ERR,ERR,ERR,ERR,ERR,ERR,ERR,ERR,ERR,ERR,ERR,ERR,ERR,ERR,ERR,ERR,ERR,ERR,ERR,ERR,ERR,ERR,ERR,ERR,ERR,ERR,ERR,ERR,ERR,ERR,ERR,ERR,ERR,ERR,ERR,ERR,ERR,ERR,ERR,ERR,ERR,ERR,ERR,ERR,ERR,ERR,ERR,ERR,ERR,ERR,ERR,ERR,ERR,ERR,ERR,ERR,ERR,ERR,ERR,ERR,ERR,ERR,ERR,ERR,ERR,ERR,ERR,ERR,ERR,ERR,ERR,ERR,ERR,ERR,ERR,ERR,ERR,ERR,ERR,ERR,0.0,-0.0,-0.0,0.0,0.0,0.0,0.0,nan,0,0,0,32768,0,0.0,0,0.0,0.0,0.0,0.0,0.0,0,0,0,0,0.0,0,0,0,0,0,0,0,0,0,0,0,0,0,0,0,0,0,0,0,0,0,0,0,0,0,0,0,0,0,0,0,0,0,0,0,0,0,0,0,0,0,0,0,0,0.0,0.0,0.0,0.0,0.0,0.0,0.0,0.0,0.0,0.0,0.0,0.0,0.0,0.0,0.0,0.0,0.0,0.0,0.0,0.0,0.0,0.0,-0.0,-2.004,-2.004,-0.0,0.0,0.0,0.0,0.0,3378.0,-0.0,0.0,0.0,-0.0,-0.0,0.0,0.0,0.0,0.0,0.0,0,-0.0,2.7184057014301037e+23,0.0,0.0,0.0,0.0,0.0,0.0,0.0,0,0,0,0.0,0.0,0.0,0.0,0.0,0.0,0.0,0.0,0.0,0.0,0.0,0.0,0.0,0.0,0.0,0.0,0,-107875648.0,0,0.0,0,-107875648.0,-107877712.0,0,13107,17039,26215,17053,39322,17037,0,0,0,110,100,100,0.0,64.0,0.0,64.9,-107615304.0,68.5,1,49,50,180,0,26215,0,0,0.0,0.0,0.0,0.0,-94508048.0,65.0,0.0,0.0,0.0,645,0,687,0,0,0,716,0,787,0,708,0,689,0,645,0,642,0,618,0.032,36962304.0,2.004,-107615152.0,38672,16788,-13211992588288.0,24087235657728.0,0.0,3.2350539124628935e+27,1.7874906536639602e+24,8.975047334688437e+33,29.0,60.0,70,0.0,0.0,0.0,0.0,0.0,0.0,0.0,0.0,0.0,0.0,0.0,0.0,0.0,0.0,0.0,0.0,59.2,69,11,65508,41,65476,0,300,0,0,8,20529,65476,0,0,61604,60.0,0.0,0.0,0.0,0.0,0.0
2026-04-04T11:31:45,ERR,ERR,ERR,ERR,ERR,ERR,ERR,ERR,ERR,ERR,ERR,ERR,ERR,ERR,ERR,ERR,ERR,ERR,ERR,ERR,ERR,ERR,ERR,ERR,ERR,ERR,ERR,ERR,ERR,ERR,ERR,ERR,ERR,ERR,ERR,ERR,ERR,ERR,ERR,ERR,ERR,ERR,ERR,ERR,ERR,ERR,ERR,ERR,ERR,ERR,ERR,ERR,ERR,ERR,ERR,ERR,ERR,ERR,ERR,ERR,ERR,ERR,ERR,ERR,ERR,ERR,ERR,ERR,ERR,ERR,ERR,ERR,ERR,ERR,ERR,ERR,ERR,ERR,ERR,ERR,ERR,ERR,ERR,ERR,ERR,ERR,ERR,ERR,ERR,ERR,ERR,ERR,ERR,ERR,ERR,ERR,ERR,ERR,ERR,ERR,ERR,ERR,ERR,ERR,ERR,ERR,ERR,ERR,ERR,ERR,ERR,ERR,ERR,ERR,ERR,ERR,ERR,ERR,ERR,ERR,ERR,ERR,ERR,ERR,ERR,0.0,-0.0,-0.0,0.0,0.0,0.0,0.0,nan,0,0,0,32768,0,0.0,0,0.0,0.0,0.0,0.0,0.0,0,0,0,0,0.0,0,0,0,0,0,0,0,0,0,0,0,0,0,0,0,0,0,0,0,0,0,0,0,0,0,0,0,0,0,0,0,0,0,0,0,0,0,0,0,0,0,0,0,0,0.0,0.0,0.0,0.0,0.0,0.0,0.0,0.0,0.0,0.0,0.0,0.0,0.0,0.0,0.0,0.0,0.0,0.0,0.0,0.0,0.0,0.0,-0.0,-2.004,-2.004,-0.0,0.0,0.0,0.0,0.0,3378.0,-0.0,0.0,0.0,-0.0,-0.0,0.0,0.0,0.0,0.0,0.0,0,-0.0,2.7184057014301037e+23,0.0,0.0,0.0,0.0,0.0,0.0,0.0,0,0,0,0.0,0.0,0.0,0.0,0.0,0.0,0.0,0.0,0.0,0.0,0.0,0.0,0.0,0.0,0.0,0.0,0,-107875648.0,0,0.0,0,-107875648.0,-107877712.0,0,13107,17039,26215,17053,39322,17037,0,0,0,110,100,100,0.0,64.0,0.0,64.9,-107615304.0,68.5,1,49,50,180,0,26215,0,0,0.0,0.0,0.0,0.0,-94508048.0,65.0,0.0,0.0,0.0,645,0,687,0,0,0,716,0,787,0,708,0,689,0,645,0,642,0,618,0.032,36962304.0,2.004,-107615152.0,38672,16788,-13211992588288.0,24087235657728.0,0.0,3.2350539124628935e+27,1.7874906536639602e+24,8.975047334688437e+33,29.0,60.0,70,0.0,0.0,0.0,0.0,0.0,0.0,0.0,0.0,0.0,0.0,0.0,0.0,0.0,0.0,0.0,0.0,59.2,69,11,65508,41,65476,0,300,0,0,8,20529,65476,0,0,61604,60.0,0.0,0.0,0.0,0.0,0.0
2026-04-04T11:31:46,ERR,ERR,ERR,ERR,ERR,ERR,ERR,ERR,ERR,ERR,ERR,ERR,ERR,ERR,ERR,ERR,ERR,ERR,ERR,ERR,ERR,ERR,ERR,ERR,ERR,ERR,ERR,ERR,ERR,ERR,ERR,ERR,ERR,ERR,ERR,ERR,ERR,ERR,ERR,ERR,ERR,ERR,ERR,ERR,ERR,ERR,ERR,ERR,ERR,ERR,ERR,ERR,ERR,ERR,ERR,ERR,ERR,ERR,ERR,ERR,ERR,ERR,ERR,ERR,ERR,ERR,ERR,ERR,ERR,ERR,ERR,ERR,ERR,ERR,ERR,ERR,ERR,ERR,ERR,ERR,ERR,ERR,ERR,ERR,ERR,ERR,ERR,ERR,ERR,ERR,ERR,ERR,ERR,ERR,ERR,ERR,ERR,ERR,ERR,ERR,ERR,ERR,ERR,ERR,ERR,ERR,ERR,ERR,ERR,ERR,ERR,ERR,ERR,ERR,ERR,ERR,ERR,ERR,ERR,ERR,ERR,ERR,ERR,ERR,ERR,0.0,-0.0,-0.0,0.0,0.0,0.0,0.0,nan,0,0,0,32768,0,0.0,0,0.0,0.0,0.0,0.0,0.0,0,0,0,0,0.0,0,0,0,0,0,0,0,0,0,0,0,0,0,0,0,0,0,0,0,0,0,0,0,0,0,0,0,0,0,0,0,0,0,0,0,0,0,0,0,0,0,0,0,0,0.0,0.0,0.0,0.0,0.0,0.0,0.0,0.0,0.0,0.0,0.0,0.0,0.0,0.0,0.0,0.0,0.0,0.0,0.0,0.0,0.0,0.0,-0.0,-2.004,-2.004,-0.0,0.0,0.0,0.0,0.0,3378.0,-0.0,0.0,0.0,-0.0,-0.0,0.0,0.0,0.0,0.0,0.0,0,-0.0,2.7184057014301037e+23,0.0,0.0,0.0,0.0,0.0,0.0,0.0,0,0,0,0.0,0.0,0.0,0.0,0.0,0.0,0.0,0.0,0.0,0.0,0.0,0.0,0.0,0.0,0.0,0.0,0,-107875648.0,0,0.0,0,-107875648.0,-107877712.0,0,13107,17039,26215,17053,39322,17037,0,0,0,110,100,100,0.0,64.0,0.0,64.9,-107615304.0,68.5,1,49,50,180,0,26215,0,0,0.0,0.0,0.0,0.0,-94508048.0,65.0,0.0,0.0,0.0,645,0,687,0,0,0,716,0,787,0,708,0,689,0,645,0,642,0,618,0.032,36962304.0,2.004,-107615152.0,38672,16788,-13211992588288.0,24087235657728.0,0.0,3.2350539124628935e+27,1.7874906536639602e+24,8.975047334688437e+33,29.0,60.0,70,0.0,0.0,0.0,0.0,0.0,0.0,0.0,0.0,0.0,0.0,0.0,0.0,0.0,0.0,0.0,0.0,59.2,69,11,65508,41,65476,0,300,0,0,8,20529,65476,0,0,61604,60.0,0.0,0.0,0.0,0.0,0.0
2026-04-04T11:31:47,ERR,ERR,ERR,ERR,ERR,ERR,ERR,ERR,ERR,ERR,ERR,ERR,ERR,ERR,ERR,ERR,ERR,ERR,ERR,ERR,ERR,ERR,ERR,ERR,ERR,ERR,ERR,ERR,ERR,ERR,ERR,ERR,ERR,ERR,ERR,ERR,ERR,ERR,ERR,ERR,ERR,ERR,ERR,ERR,ERR,ERR,ERR,ERR,ERR,ERR,ERR,ERR,ERR,ERR,ERR,ERR,ERR,ERR,ERR,ERR,ERR,ERR,ERR,ERR,ERR,ERR,ERR,ERR,ERR,ERR,ERR,ERR,ERR,ERR,ERR,ERR,ERR,ERR,ERR,ERR,ERR,ERR,ERR,ERR,ERR,ERR,ERR,ERR,ERR,ERR,ERR,ERR,ERR,ERR,ERR,ERR,ERR,ERR,ERR,ERR,ERR,ERR,ERR,ERR,ERR,ERR,ERR,ERR,ERR,ERR,ERR,ERR,ERR,ERR,ERR,ERR,ERR,ERR,ERR,ERR,ERR,ERR,ERR,ERR,ERR,0.0,-0.0,-0.0,0.0,0.0,0.0,0.0,nan,0,0,0,32768,0,0.0,0,0.0,0.0,0.0,0.0,0.0,0,0,0,0,0.0,0,0,0,0,0,0,0,0,0,0,0,0,0,0,0,0,0,0,0,0,0,0,0,0,0,0,0,0,0,0,0,0,0,0,0,0,0,0,0,0,0,0,0,0,0.0,0.0,0.0,0.0,0.0,0.0,0.0,0.0,0.0,0.0,0.0,0.0,0.0,0.0,0.0,0.0,0.0,0.0,0.0,0.0,0.0,0.0,-2.004,-2.004,-2.004,2.004,0.0,0.0,0.0,0.0,3380.5,-0.0,0.0,0.0,-0.0,-0.0,0.0,0.0,0.0,0.0,0.0,0,-0.0,-0.0,0.0,0.0,0.0,0.0,0.0,0.0,0.0,0,0,0,0.0,0.0,0.0,0.0,0.0,0.0,0.0,0.0,0.0,0.0,0.0,0.0,0.0,0.0,0.0,0.0,0,-107875648.0,0,0.0,0,-107875648.0,-107877712.0,0,13107,17039,26215,17053,39322,17037,0,0,0,110,100,100,0.0,64.0,0.0,64.9,-107615304.0,68.5,1,49,50,180,0,26215,0,0,0.0,0.0,0.0,0.0,-94508048.0,65.0,0.0,0.0,0.0,645,0,687,0,0,0,716,0,787,0,708,0,689,0,645,0,642,0,618,0.032,36962304.0,2.004,-107615152.0,38672,16788,-13211992588288.0,24087235657728.0,0.0,3.2350539124628935e+27,1.7874906536639602e+24,8.975047334688437e+33,29.0,60.0,70,0.0,0.0,0.0,0.0,0.0,0.0,0.0,0.0,0.0,0.0,0.0,0.0,0.0,0.0,0.0,0.0,59.2,69,11,65508,41,65476,0,300,0,0,8,20529,65476,0,0,61604,60.0,0.0,0.0,0.0,0.0,0.0
2026-04-04T11:31:48,ERR,ERR,ERR,ERR,ERR,ERR,ERR,ERR,ERR,ERR,ERR,ERR,ERR,ERR,ERR,ERR,ERR,ERR,ERR,ERR,ERR,ERR,ERR,ERR,ERR,ERR,ERR,ERR,ERR,ERR,ERR,ERR,ERR,ERR,ERR,ERR,ERR,ERR,ERR,ERR,ERR,ERR,ERR,ERR,ERR,ERR,ERR,ERR,ERR,ERR,ERR,ERR,ERR,ERR,ERR,ERR,ERR,ERR,ERR,ERR,ERR,ERR,ERR,ERR,ERR,ERR,ERR,ERR,ERR,ERR,ERR,ERR,ERR,ERR,ERR,ERR,ERR,ERR,ERR,ERR,ERR,ERR,ERR,ERR,ERR,ERR,ERR,ERR,ERR,ERR,ERR,ERR,ERR,ERR,ERR,ERR,ERR,ERR,ERR,ERR,ERR,ERR,ERR,ERR,ERR,ERR,ERR,ERR,ERR,ERR,ERR,ERR,ERR,ERR,ERR,ERR,ERR,ERR,ERR,ERR,ERR,ERR,ERR,ERR,ERR,0.0,-0.0,-0.0,0.0,0.0,0.0,0.0,nan,0,0,0,32768,0,0.0,0,0.0,0.0,0.0,0.0,0.0,0,0,0,0,0.0,0,0,0,0,0,0,0,0,0,0,0,0,0,0,0,0,0,0,0,0,0,0,0,0,0,0,0,0,0,0,0,0,0,0,0,0,0,0,0,0,0,0,0,0,0.0,0.0,0.0,0.0,0.0,0.0,0.0,0.0,0.0,0.0,0.0,0.0,0.0,0.0,0.0,0.0,0.0,0.0,0.0,0.0,0.0,0.0,-2.004,-2.004,-2.004,2.004,0.0,0.0,0.0,0.0,3380.5,-0.0,0.0,0.0,-0.0,-0.0,0.0,0.0,0.0,0.0,0.0,0,-0.0,-0.0,0.0,0.0,0.0,0.0,0.0,0.0,0.0,0,0,0,0.0,0.0,0.0,0.0,0.0,0.0,0.0,0.0,0.0,0.0,0.0,0.0,0.0,0.0,0.0,0.0,0,-107875648.0,0,0.0,0,-107875648.0,-107877712.0,0,13107,17039,26215,17053,39322,17037,0,0,0,110,100,100,2.7302334150594743e+23,64.0,0.0,64.9,-107615304.0,68.5,1,49,50,180,0,26215,0,0,0.0,0.0,0.0,0.0,-13841860608.0,65.0,0.0,0.0,0.0,645,0,687,0,0,0,716,0,787,0,708,0,689,0,645,0,641,0,617,0.032,36962304.0,2.004,-107615152.0,40080,16788,-2.7501208172232704e+17,0.0,0.0,0.0,2.6011080079833584e+22,3.3949584375927008e+31,29.0,60.0,70,0.0,0.0,0.0,0.0,0.0,0.0,0.0,0.0,0.0,0.0,0.0,0.0,0.0,0.0,0.0,0.0,59.2,69,11,65508,41,65476,0,300,0,0,8,20529,65476,0,0,61604,60.0,0.0,0.0,0.0,0.0,0.0
2026-04-04T11:31:49,ERR,ERR,ERR,ERR,ERR,ERR,ERR,ERR,ERR,ERR,ERR,ERR,ERR,ERR,ERR,ERR,ERR,ERR,ERR,ERR,ERR,ERR,ERR,ERR,ERR,ERR,ERR,ERR,ERR,ERR,ERR,ERR,ERR,ERR,ERR,ERR,ERR,ERR,ERR,ERR,ERR,ERR,ERR,ERR,ERR,ERR,ERR,ERR,ERR,ERR,ERR,ERR,ERR,ERR,ERR,ERR,ERR,ERR,ERR,ERR,ERR,ERR,ERR,ERR,ERR,ERR,ERR,ERR,ERR,ERR,ERR,ERR,ERR,ERR,ERR,ERR,ERR,ERR,ERR,ERR,ERR,ERR,ERR,ERR,ERR,ERR,ERR,ERR,ERR,ERR,ERR,ERR,ERR,ERR,ERR,ERR,ERR,ERR,ERR,ERR,ERR,ERR,ERR,ERR,ERR,ERR,ERR,ERR,ERR,ERR,ERR,ERR,ERR,ERR,ERR,ERR,ERR,ERR,ERR,ERR,ERR,ERR,ERR,ERR,ERR,0.0,-0.0,-0.0,0.0,0.0,0.0,0.0,nan,0,0,0,32768,0,0.0,0,0.0,0.0,0.0,0.0,0.0,0,0,0,0,0.0,0,0,0,0,0,0,0,0,0,0,0,0,0,0,0,0,0,0,0,0,0,0,0,0,0,0,0,0,0,0,0,0,0,0,0,0,0,0,0,0,0,0,0,0,0.0,0.0,0.0,0.0,0.0,0.0,0.0,0.0,0.0,0.0,0.0,0.0,0.0,0.0,0.0,0.0,0.0,0.0,0.0,0.0,0.0,0.0,-2.004,-2.004,-2.004,2.004,0.0,0.0,0.0,0.0,3380.5,-0.0,0.0,0.0,-0.0,-0.0,0.0,0.0,0.0,0.0,0.0,0,-0.0,-0.0,0.0,0.0,0.0,0.0,0.0,0.0,0.0,0,0,0,0.0,0.0,0.0,0.0,0.0,0.0,0.0,0.0,0.0,0.0,0.0,0.0,0.0,0.0,0.0,0.0,0,-107875648.0,0,0.0,0,-107875648.0,-107877712.0,0,13107,17039,26215,17053,39322,17037,0,0,0,110,100,100,2.7302334150594743e+23,64.0,0.0,64.9,-107615304.0,68.5,1,49,50,180,0,26215,0,0,0.0,0.0,0.0,0.0,-13841860608.0,65.0,0.0,0.0,0.0,645,0,687,0,0,0,716,0,787,0,708,0,689,0,645,0,641,0,617,0.032,36962304.0,2.004,-107615152.0,40080,16788,-2.7501208172232704e+17,0.0,0.0,0.0,2.6011080079833584e+22,3.3949584375927008e+31,29.0,60.0,70,0.0,0.0,0.0,0.0,0.0,0.0,0.0,0.0,0.0,0.0,0.0,0.0,0.0,0.0,0.0,0.0,59.2,69,11,65508,41,65476,0,300,0,0,8,20529,65476,0,0,61604,60.0,0.0,0.0,0.0,0.0,0.0
2026-04-04T11:31:50,ERR,ERR,ERR,ERR,ERR,ERR,ERR,ERR,ERR,ERR,ERR,ERR,ERR,ERR,ERR,ERR,ERR,ERR,ERR,ERR,ERR,ERR,ERR,ERR,ERR,ERR,ERR,ERR,ERR,ERR,ERR,ERR,ERR,ERR,ERR,ERR,ERR,ERR,ERR,ERR,ERR,ERR,ERR,ERR,ERR,ERR,ERR,ERR,ERR,ERR,ERR,ERR,ERR,ERR,ERR,ERR,ERR,ERR,ERR,ERR,ERR,ERR,ERR,ERR,ERR,ERR,ERR,ERR,ERR,ERR,ERR,ERR,ERR,ERR,ERR,ERR,ERR,ERR,ERR,ERR,ERR,ERR,ERR,ERR,ERR,ERR,ERR,ERR,ERR,ERR,ERR,ERR,ERR,ERR,ERR,ERR,ERR,ERR,ERR,ERR,ERR,ERR,ERR,ERR,ERR,ERR,ERR,ERR,ERR,ERR,ERR,ERR,ERR,ERR,ERR,ERR,ERR,ERR,ERR,ERR,ERR,ERR,ERR,ERR,ERR,0.0,-0.0,-0.0,0.0,0.0,0.0,0.0,nan,0,0,0,32768,0,0.0,0,0.0,0.0,0.0,0.0,0.0,0,0,0,0,0.0,0,0,0,0,0,0,0,0,0,0,0,0,0,0,0,0,0,0,0,0,0,0,0,0,0,0,0,0,0,0,0,0,0,0,0,0,0,0,0,0,0,0,0,0,0.0,0.0,0.0,0.0,0.0,0.0,0.0,0.0,0.0,0.0,0.0,0.0,0.0,0.0,0.0,0.0,0.0,0.0,0.0,0.0,0.0,0.0,-2.004,-2.004,-2.004,2.004,0.0,0.0,0.0,0.0,3380.5,-0.0,0.0,0.0,-0.0,-0.0,0.0,0.0,0.0,0.0,0.0,0,-0.0,-0.0,0.0,0.0,0.0,0.0,0.0,0.0,0.0,0,0,0,0.0,0.0,0.0,0.0,0.0,0.0,0.0,0.0,0.0,0.0,0.0,0.0,0.0,0.0,0.0,0.0,0,-107875648.0,0,0.0,0,-107875648.0,-107877712.0,0,13107,17039,26215,17053,39322,17037,0,0,0,110,100,100,2.7302334150594743e+23,64.0,0.0,64.9,-107615304.0,68.5,1,49,50,180,0,26215,0,0,0.0,0.0,0.0,0.0,-13841860608.0,65.0,0.0,0.0,0.0,645,0,687,0,0,0,716,0,787,0,708,0,689,0,645,0,641,0,617,0.032,36962304.0,2.004,-107615152.0,40080,16788,-2.7501208172232704e+17,0.0,0.0,0.0,2.6011080079833584e+22,3.3949584375927008e+31,29.0,60.0,70,0.0,0.0,0.0,0.0,0.0,0.0,0.0,0.0,0.0,0.0,0.0,0.0,0.0,0.0,0.0,0.0,59.2,69,11,65508,41,65476,0,300,0,0,8,20529,65476,0,0,61604,60.0,0.0,0.0,0.0,0.0,0.0
2026-04-04T11:31:51,ERR,ERR,ERR,ERR,ERR,ERR,ERR,ERR,ERR,ERR,ERR,ERR,ERR,ERR,ERR,ERR,ERR,ERR,ERR,ERR,ERR,ERR,ERR,ERR,ERR,ERR,ERR,ERR,ERR,ERR,ERR,ERR,ERR,ERR,ERR,ERR,ERR,ERR,ERR,ERR,ERR,ERR,ERR,ERR,ERR,ERR,ERR,ERR,ERR,ERR,ERR,ERR,ERR,ERR,ERR,ERR,ERR,ERR,ERR,ERR,ERR,ERR,ERR,ERR,ERR,ERR,ERR,ERR,ERR,ERR,ERR,ERR,ERR,ERR,ERR,ERR,ERR,ERR,ERR,ERR,ERR,ERR,ERR,ERR,ERR,ERR,ERR,ERR,ERR,ERR,ERR,ERR,ERR,ERR,ERR,ERR,ERR,ERR,ERR,ERR,ERR,ERR,ERR,ERR,ERR,ERR,ERR,ERR,ERR,ERR,ERR,ERR,ERR,ERR,ERR,ERR,ERR,ERR,ERR,ERR,ERR,ERR,ERR,ERR,ERR,0.0,-0.0,-0.0,0.0,0.0,0.0,0.0,nan,0,0,0,32768,0,0.0,0,0.0,0.0,0.0,0.0,0.0,0,0,0,0,0.0,0,0,0,0,0,0,0,0,0,0,0,0,0,0,0,0,0,0,0,0,0,0,0,0,0,0,0,0,0,0,0,0,0,0,0,0,0,0,0,0,0,0,0,0,0.0,0.0,0.0,0.0,0.0,0.0,0.0,0.0,0.0,0.0,0.0,0.0,0.0,0.0,0.0,0.0,0.0,0.0,0.0,0.0,0.0,0.0,-2.004,-2.004,-2.004,2.004,0.0,0.0,0.0,0.0,3380.5,-0.0,0.0,0.0,-0.0,-0.0,0.0,0.0,0.0,0.0,0.0,0,-0.0,-0.0,0.0,0.0,0.0,0.0,0.0,0.0,0.0,0,0,0,0.0,0.0,0.0,0.0,0.0,0.0,0.0,0.0,0.0,0.0,0.0,0.0,0.0,0.0,0.0,0.0,0,-107875648.0,0,0.0,0,-107875648.0,-107877712.0,0,13107,17039,26215,17053,39322,17037,0,0,0,110,100,100,2.7302334150594743e+23,64.0,0.0,64.9,-107615304.0,68.5,1,49,50,180,0,26215,0,0,0.0,0.0,0.0,0.0,-13841860608.0,65.0,0.0,0.0,0.0,645,0,687,0,0,0,716,0,787,0,708,0,689,0,645,0,641,0,617,0.032,36962304.0,2.004,-107615152.0,40080,16788,-2.7501208172232704e+17,0.0,0.0,0.0,2.6011080079833584e+22,3.3949584375927008e+31,29.0,60.0,70,0.0,0.0,0.0,0.0,0.0,0.0,0.0,0.0,0.0,0.0,0.0,0.0,0.0,0.0,0.0,0.0,59.2,69,11,65508,41,65476,0,300,0,0,8,20529,65476,0,0,61604,60.0,0.0,0.0,0.0,0.0,0.0
2026-04-04T11:31:52,ERR,ERR,ERR,ERR,ERR,ERR,ERR,ERR,ERR,ERR,ERR,ERR,ERR,ERR,ERR,ERR,ERR,ERR,ERR,ERR,ERR,ERR,ERR,ERR,ERR,ERR,ERR,ERR,ERR,ERR,ERR,ERR,ERR,ERR,ERR,ERR,ERR,ERR,ERR,ERR,ERR,ERR,ERR,ERR,ERR,ERR,ERR,ERR,ERR,ERR,ERR,ERR,ERR,ERR,ERR,ERR,ERR,ERR,ERR,ERR,ERR,ERR,ERR,ERR,ERR,ERR,ERR,ERR,ERR,ERR,ERR,ERR,ERR,ERR,ERR,ERR,ERR,ERR,ERR,ERR,ERR,ERR,ERR,ERR,ERR,ERR,ERR,ERR,ERR,ERR,ERR,ERR,ERR,ERR,ERR,ERR,ERR,ERR,ERR,ERR,ERR,ERR,ERR,ERR,ERR,ERR,ERR,ERR,ERR,ERR,ERR,ERR,ERR,ERR,ERR,ERR,ERR,ERR,ERR,ERR,ERR,ERR,ERR,ERR,ERR,0.0,-0.0,-0.0,0.0,0.0,0.0,0.0,nan,0,0,0,32768,0,0.0,0,0.0,0.0,0.0,0.0,0.0,0,0,0,0,0.0,0,0,0,0,0,0,0,0,0,0,0,0,0,0,0,0,0,0,0,0,0,0,0,0,0,0,0,0,0,0,0,0,0,0,0,0,0,0,0,0,0,0,0,0,0.0,0.0,0.0,0.0,0.0,0.0,0.0,0.0,0.0,0.0,0.0,0.0,0.0,0.0,0.0,0.0,0.0,0.0,0.0,0.0,0.0,0.0,-2.004,-2.004,-2.004,2.004,0.0,0.0,0.0,0.0,3380.5,-0.0,0.0,0.0,-0.0,-0.0,0.0,0.0,0.0,0.0,0.0,0,-0.0,-0.0,0.0,0.0,0.0,0.0,0.0,0.0,0.0,0,0,0,0.0,0.0,0.0,0.0,0.0,0.0,0.0,0.0,0.0,0.0,0.0,0.0,0.0,0.0,0.0,0.0,0,-107875648.0,0,0.0,0,-107875648.0,-107877712.0,0,13107,17039,26215,17053,39322,17037,0,0,0,110,100,100,0.0,64.0,0.0,64.9,-107615304.0,68.5,1,49,50,180,0,26215,0,0,0.0,0.0,0.0,0.0,-3.159448220941282e+24,65.0,0.0,-0.0,0.0,645,0,687,0,0,0,716,0,787,0,708,0,689,0,645,0,641,0,617,0.032,36962304.0,-0.0,0.0,39824,16788,-3.159448220941282e+24,-0.0,1.0387933939123492e+21,-0.0,-0.0,-8168.064,29.0,60.0,70,0.0,0.0,0.0,0.0,0.0,0.0,0.0,0.0,0.0,0.0,0.0,0.0,0.0,0.0,0.0,0.0,59.2,69,11,65508,41,65476,0,300,0,0,8,20529,65476,0,0,61604,60.0,0.0,0.0,0.0,0.0,0.0
2026-04-04T11:31:53,ERR,ERR,ERR,ERR,ERR,ERR,ERR,ERR,ERR,ERR,ERR,ERR,ERR,ERR,ERR,ERR,ERR,ERR,ERR,ERR,ERR,ERR,ERR,ERR,ERR,ERR,ERR,ERR,ERR,ERR,ERR,ERR,ERR,ERR,ERR,ERR,ERR,ERR,ERR,ERR,ERR,ERR,ERR,ERR,ERR,ERR,ERR,ERR,ERR,ERR,ERR,ERR,ERR,ERR,ERR,ERR,ERR,ERR,ERR,ERR,ERR,ERR,ERR,ERR,ERR,ERR,ERR,ERR,ERR,ERR,ERR,ERR,ERR,ERR,ERR,ERR,ERR,ERR,ERR,ERR,ERR,ERR,ERR,ERR,ERR,ERR,ERR,ERR,ERR,ERR,ERR,ERR,ERR,ERR,ERR,ERR,ERR,ERR,ERR,ERR,ERR,ERR,ERR,ERR,ERR,ERR,ERR,ERR,ERR,ERR,ERR,ERR,ERR,ERR,ERR,ERR,ERR,ERR,ERR,ERR,ERR,ERR,ERR,ERR,ERR,0.0,-0.0,-0.0,0.0,0.0,0.0,0.0,nan,0,0,0,32768,0,0.0,0,0.0,0.0,0.0,0.0,0.0,0,0,0,0,0.0,0,0,0,0,0,0,0,0,0,0,0,0,0,0,0,0,0,0,0,0,0,0,0,0,0,0,0,0,0,0,0,0,0,0,0,0,0,0,0,0,0,0,0,0,0.0,0.0,0.0,0.0,0.0,0.0,0.0,0.0,0.0,0.0,0.0,0.0,0.0,0.0,0.0,0.0,0.0,0.0,0.0,0.0,0.0,0.0,-2.004,-2.004,-2.004,-0.0,0.0,0.0,0.0,0.0,3377.0,-0.0,0.0,0.0,-0.0,-0.0,2.7184274988523002e+23,0.0,0.0,0.0,0.0,0,-0.0,4.066829101708843e+29,0.0,0.0,0.0,0.0,0.0,0.0,0.0,0,0,0,0.0,0.0,0.0,0.0,0.0,0.0,0.0,0.0,0.0,0.0,0.0,0.0,0.0,0.0,0.0,0.0,0,-107875648.0,0,0.0,0,-107875648.0,-107877712.0,0,13107,17039,26215,17053,39322,17037,0,0,0,110,100,100,0.0,64.0,0.0,64.9,-107615304.0,68.5,1,49,50,180,0,26215,0,0,0.0,0.0,0.0,0.0,-3.159448220941282e+24,65.0,0.0,-0.0,0.0,645,0,687,0,0,0,716,0,787,0,708,0,689,0,645,0,641,0,617,0.032,36962304.0,-0.0,0.0,39824,16788,-3.159448220941282e+24,-0.0,1.0387933939123492e+21,-0.0,-0.0,-8168.064,29.0,60.0,70,0.0,0.0,0.0,0.0,0.0,0.0,0.0,0.0,0.0,0.0,0.0,0.0,0.0,0.0,0.0,0.0,59.2,69,11,65508,41,65476,0,300,0,0,8,20529,65476,0,0,61604,60.0,0.0,0.0,0.0,0.0,0.0
2026-04-04T11:31:54,ERR,ERR,ERR,ERR,ERR,ERR,ERR,ERR,ERR,ERR,ERR,ERR,ERR,ERR,ERR,ERR,ERR,ERR,ERR,ERR,ERR,ERR,ERR,ERR,ERR,ERR,ERR,ERR,ERR,ERR,ERR,ERR,ERR,ERR,ERR,ERR,ERR,ERR,ERR,ERR,ERR,ERR,ERR,ERR,ERR,ERR,ERR,ERR,ERR,ERR,ERR,ERR,ERR,ERR,ERR,ERR,ERR,ERR,ERR,ERR,ERR,ERR,ERR,ERR,ERR,ERR,ERR,ERR,ERR,ERR,ERR,ERR,ERR,ERR,ERR,ERR,ERR,ERR,ERR,ERR,ERR,ERR,ERR,ERR,ERR,ERR,ERR,ERR,ERR,ERR,ERR,ERR,ERR,ERR,ERR,ERR,ERR,ERR,ERR,ERR,ERR,ERR,ERR,ERR,ERR,ERR,ERR,ERR,ERR,ERR,ERR,ERR,ERR,ERR,ERR,ERR,ERR,ERR,ERR,ERR,ERR,ERR,ERR,ERR,ERR,0.0,-0.0,-0.0,0.0,0.0,0.0,0.0,nan,0,0,0,32768,0,0.0,0,0.0,0.0,0.0,0.0,0.0,0,0,0,0,0.0,0,0,0,0,0,0,0,0,0,0,0,0,0,0,0,0,0,0,0,0,0,0,0,0,0,0,0,0,0,0,0,0,0,0,0,0,0,0,0,0,0,0,0,0,0.0,0.0,0.0,0.0,0.0,0.0,0.0,0.0,0.0,0.0,0.0,0.0,0.0,0.0,0.0,0.0,0.0,0.0,0.0,0.0,0.0,0.0,-2.004,-2.004,-2.004,-0.0,0.0,0.0,0.0,0.0,3377.0,-0.0,0.0,0.0,-0.0,-0.0,2.7184274988523002e+23,0.0,0.0,0.0,0.0,0,-0.0,4.066829101708843e+29,0.0,0.0,0.0,0.0,0.0,0.0,0.0,0,0,0,0.0,0.0,0.0,0.0,0.0,0.0,0.0,0.0,0.0,0.0,0.0,0.0,0.0,0.0,0.0,0.0,0,-107875648.0,0,0.0,0,-107875648.0,-107877712.0,0,13107,17039,26215,17053,39322,17037,0,0,0,110,100,100,0.0,64.0,0.0,64.9,-107615304.0,68.5,1,49,50,180,0,26215,0,0,0.0,0.0,0.0,0.0,-3.159448220941282e+24,65.0,0.0,-0.0,0.0,645,0,687,0,0,0,716,0,787,0,708,0,689,0,645,0,641,0,617,0.032,36962304.0,-0.0,0.0,39824,16788,-3.159448220941282e+24,-0.0,1.0387933939123492e+21,-0.0,-0.0,-8168.064,29.0,60.0,70,0.0,0.0,0.0,0.0,0.0,0.0,0.0,0.0,0.0,0.0,0.0,0.0,0.0,0.0,0.0,0.0,59.2,69,11,65508,41,65476,0,300,0,0,8,20529,65476,0,0,61604,60.0,0.0,0.0,0.0,0.0,0.0
2026-04-04T11:31:55,ERR,ERR,ERR,ERR,ERR,ERR,ERR,ERR,ERR,ERR,ERR,ERR,ERR,ERR,ERR,ERR,ERR,ERR,ERR,ERR,ERR,ERR,ERR,ERR,ERR,ERR,ERR,ERR,ERR,ERR,ERR,ERR,ERR,ERR,ERR,ERR,ERR,ERR,ERR,ERR,ERR,ERR,ERR,ERR,ERR,ERR,ERR,ERR,ERR,ERR,ERR,ERR,ERR,ERR,ERR,ERR,ERR,ERR,ERR,ERR,ERR,ERR,ERR,ERR,ERR,ERR,ERR,ERR,ERR,ERR,ERR,ERR,ERR,ERR,ERR,ERR,ERR,ERR,ERR,ERR,ERR,ERR,ERR,ERR,ERR,ERR,ERR,ERR,ERR,ERR,ERR,ERR,ERR,ERR,ERR,ERR,ERR,ERR,ERR,ERR,ERR,ERR,ERR,ERR,ERR,ERR,ERR,ERR,ERR,ERR,ERR,ERR,ERR,ERR,ERR,ERR,ERR,ERR,ERR,ERR,ERR,ERR,ERR,ERR,ERR,0.0,-0.0,-0.0,0.0,0.0,0.0,0.0,nan,0,0,0,32768,0,0.0,0,0.0,0.0,0.0,0.0,0.0,0,0,0,0,0.0,0,0,0,0,0,0,0,0,0,0,0,0,0,0,0,0,0,0,0,0,0,0,0,0,0,0,0,0,0,0,0,0,0,0,0,0,0,0,0,0,0,0,0,0,0.0,0.0,0.0,0.0,0.0,0.0,0.0,0.0,0.0,0.0,0.0,0.0,0.0,0.0,0.0,0.0,0.0,0.0,0.0,0.0,0.0,0.0,-2.004,-2.004,-2.004,-0.0,0.0,0.0,0.0,0.0,3377.0,-0.0,0.0,0.0,-0.0,-0.0,2.7184274988523002e+23,0.0,0.0,0.0,0.0,0,-0.0,4.066829101708843e+29,0.0,0.0,0.0,0.0,0.0,0.0,0.0,0,0,0,0.0,0.0,0.0,0.0,0.0,0.0,0.0,0.0,0.0,0.0,0.0,0.0,0.0,0.0,0.0,0.0,0,-107875648.0,0,0.0,0,-107875648.0,-107877712.0,0,13107,17039,26215,17053,39322,17037,0,0,0,110,100,100,0.0,64.0,0.0,64.9,-107615304.0,68.5,1,49,50,180,0,26215,0,0,0.0,0.0,0.0,0.0,-3.159448220941282e+24,65.0,0.0,-0.0,0.0,645,0,687,0,0,0,716,0,787,0,708,0,689,0,645,0,641,0,617,0.032,36962304.0,-0.0,0.0,39824,16788,-3.159448220941282e+24,-0.0,1.0387933939123492e+21,-0.0,-0.0,-8168.064,29.0,60.0,70,0.0,0.0,0.0,0.0,0.0,0.0,0.0,0.0,0.0,0.0,0.0,0.0,0.0,0.0,0.0,0.0,59.2,69,11,65508,41,65476,0,300,0,0,8,20529,65476,0,0,61604,60.0,0.0,0.0,0.0,0.0,0.0
2026-04-04T11:31:56,ERR,ERR,ERR,ERR,ERR,ERR,ERR,ERR,ERR,ERR,ERR,ERR,ERR,ERR,ERR,ERR,ERR,ERR,ERR,ERR,ERR,ERR,ERR,ERR,ERR,ERR,ERR,ERR,ERR,ERR,ERR,ERR,ERR,ERR,ERR,ERR,ERR,ERR,ERR,ERR,ERR,ERR,ERR,ERR,ERR,ERR,ERR,ERR,ERR,ERR,ERR,ERR,ERR,ERR,ERR,ERR,ERR,ERR,ERR,ERR,ERR,ERR,ERR,ERR,ERR,ERR,ERR,ERR,ERR,ERR,ERR,ERR,ERR,ERR,ERR,ERR,ERR,ERR,ERR,ERR,ERR,ERR,ERR,ERR,ERR,ERR,ERR,ERR,ERR,ERR,ERR,ERR,ERR,ERR,ERR,ERR,ERR,ERR,ERR,ERR,ERR,ERR,ERR,ERR,ERR,ERR,ERR,ERR,ERR,ERR,ERR,ERR,ERR,ERR,ERR,ERR,ERR,ERR,ERR,ERR,ERR,ERR,ERR,ERR,ERR,0.0,-0.0,-0.0,0.0,0.0,0.0,0.0,nan,0,0,0,32768,0,0.0,0,0.0,0.0,0.0,0.0,0.0,0,0,0,0,0.0,0,0,0,0,0,0,0,0,0,0,0,0,0,0,0,0,0,0,0,0,0,0,0,0,0,0,0,0,0,0,0,0,0,0,0,0,0,0,0,0,0,0,0,0,0.0,0.0,0.0,0.0,0.0,0.0,0.0,0.0,0.0,0.0,0.0,0.0,0.0,0.0,0.0,0.0,0.0,0.0,0.0,0.0,0.0,0.0,-2.004,-2.004,-2.004,-0.0,0.0,0.0,0.0,0.0,3377.0,-0.0,0.0,0.0,-0.0,-0.0,2.7184274988523002e+23,0.0,0.0,0.0,0.0,0,-0.0,4.066829101708843e+29,0.0,0.0,0.0,0.0,0.0,0.0,0.0,0,0,0,0.0,0.0,0.0,0.0,0.0,0.0,0.0,0.0,0.0,0.0,0.0,0.0,0.0,0.0,0.0,0.0,0,-107875648.0,0,0.0,0,-107875648.0,-107877712.0,0,13107,17039,26215,17053,39322,17037,0,0,0,110,100,100,2.7302334150594743e+23,64.0,0.0,64.9,-107615304.0,68.5,1,49,50,180,0,26215,0,0,0.0,0.0,0.0,0.0,-3.325206326221195e+21,65.0,0.0,-0.169,0.0,645,0,687,0,0,0,716,0,787,0,708,0,689,0,645,0,641,0,617,0.032,36700160.0,2.004,-107615152.0,34192,16788,-7.20927671510177e+22,-524539428864.0,-0.0,-1.0572218421125726e+21,-0.0,-2.59770507227195e+19,29.0,60.0,70,0.0,0.0,0.0,0.0,0.0,0.0,0.0,0.0,0.0,0.0,0.0,0.0,0.0,0.0,0.0,0.0,59.6,69,11,65508,41,65476,0,300,0,0,8,20529,65476,0,0,61604,60.0,0.0,0.0,0.0,0.0,0.0
2026-04-04T11:31:57,ERR,ERR,ERR,ERR,ERR,ERR,ERR,ERR,ERR,ERR,ERR,ERR,ERR,ERR,ERR,ERR,ERR,ERR,ERR,ERR,ERR,ERR,ERR,ERR,ERR,ERR,ERR,ERR,ERR,ERR,ERR,ERR,ERR,ERR,ERR,ERR,ERR,ERR,ERR,ERR,ERR,ERR,ERR,ERR,ERR,ERR,ERR,ERR,ERR,ERR,ERR,ERR,ERR,ERR,ERR,ERR,ERR,ERR,ERR,ERR,ERR,ERR,ERR,ERR,ERR,ERR,ERR,ERR,ERR,ERR,ERR,ERR,ERR,ERR,ERR,ERR,ERR,ERR,ERR,ERR,ERR,ERR,ERR,ERR,ERR,ERR,ERR,ERR,ERR,ERR,ERR,ERR,ERR,ERR,ERR,ERR,ERR,ERR,ERR,ERR,ERR,ERR,ERR,ERR,ERR,ERR,ERR,ERR,ERR,ERR,ERR,ERR,ERR,ERR,ERR,ERR,ERR,ERR,ERR,ERR,ERR,ERR,ERR,ERR,ERR,0.0,-0.0,-0.0,0.0,0.0,0.0,0.0,nan,0,0,0,32768,0,0.0,0,0.0,0.0,0.0,0.0,0.0,0,0,0,0,0.0,0,0,0,0,0,0,0,0,0,0,0,0,0,0,0,0,0,0,0,0,0,0,0,0,0,0,0,0,0,0,0,0,0,0,0,0,0,0,0,0,0,0,0,0,0.0,0.0,0.0,0.0,0.0,0.0,0.0,0.0,0.0,0.0,0.0,0.0,0.0,0.0,0.0,0.0,0.0,0.0,0.0,0.0,0.0,0.0,-2.004,-2.004,-2.004,-0.0,0.0,0.0,0.0,0.0,3377.0,-0.0,0.0,0.0,-0.0,-0.0,2.7184274988523002e+23,0.0,0.0,0.0,0.0,0,-0.0,4.066829101708843e+29,0.0,0.0,0.0,0.0,0.0,0.0,0.0,0,0,0,0.0,0.0,0.0,0.0,0.0,0.0,0.0,0.0,0.0,0.0,0.0,0.0,0.0,0.0,0.0,0.0,0,-107875648.0,0,0.0,0,-107875648.0,-107877712.0,0,13107,17039,26215,17053,39322,17037,0,0,0,110,100,100,2.7302334150594743e+23,64.0,0.0,64.9,-107615304.0,68.5,1,49,50,180,0,26215,0,0,0.0,0.0,0.0,0.0,-3.325206326221195e+21,65.0,0.0,-0.169,0.0,645,0,687,0,0,0,716,0,787,0,708,0,689,0,645,0,641,0,617,0.032,36700160.0,2.004,-107615152.0,34192,16788,-7.20927671510177e+22,-524539428864.0,-0.0,-1.0572218421125726e+21,-0.0,-2.59770507227195e+19,29.0,60.0,70,0.0,0.0,0.0,0.0,0.0,0.0,0.0,0.0,0.0,0.0,0.0,0.0,0.0,0.0,0.0,0.0,59.2,69,11,65508,41,65476,0,300,0,0,8,20529,65476,0,0,61604,60.0,0.0,0.0,0.0,0.0,0.0
2026-04-04T11:31:58,ERR,ERR,ERR,ERR,ERR,ERR,ERR,ERR,ERR,ERR,ERR,ERR,ERR,ERR,ERR,ERR,ERR,ERR,ERR,ERR,ERR,ERR,ERR,ERR,ERR,ERR,ERR,ERR,ERR,ERR,ERR,ERR,ERR,ERR,ERR,ERR,ERR,ERR,ERR,ERR,ERR,ERR,ERR,ERR,ERR,ERR,ERR,ERR,ERR,ERR,ERR,ERR,ERR,ERR,ERR,ERR,ERR,ERR,ERR,ERR,ERR,ERR,ERR,ERR,ERR,ERR,ERR,ERR,ERR,ERR,ERR,ERR,ERR,ERR,ERR,ERR,ERR,ERR,ERR,ERR,ERR,ERR,ERR,ERR,ERR,ERR,ERR,ERR,ERR,ERR,ERR,ERR,ERR,ERR,ERR,ERR,ERR,ERR,ERR,ERR,ERR,ERR,ERR,ERR,ERR,ERR,ERR,ERR,ERR,ERR,ERR,ERR,ERR,ERR,ERR,ERR,ERR,ERR,ERR,ERR,ERR,ERR,ERR,ERR,ERR,0.0,-0.0,-0.0,0.0,0.0,0.0,0.0,nan,0,0,0,32768,0,0.0,0,0.0,0.0,0.0,0.0,0.0,0,0,0,0,0.0,0,0,0,0,0,0,0,0,0,0,0,0,0,0,0,0,0,0,0,0,0,0,0,0,0,0,0,0,0,0,0,0,0,0,0,0,0,0,0,0,0,0,0,0,0.0,0.0,0.0,0.0,0.0,0.0,0.0,0.0,0.0,0.0,0.0,0.0,0.0,0.0,0.0,0.0,0.0,0.0,0.0,0.0,0.0,0.0,-2.004,-2.004,-2.004,-0.0,0.0,0.0,0.0,0.0,3377.0,-0.0,0.0,0.0,-0.0,-0.0,2.7184274988523002e+23,0.0,0.0,0.0,0.0,0,-0.0,4.066829101708843e+29,0.0,0.0,0.0,0.0,0.0,0.0,0.0,0,0,0,0.0,0.0,0.0,0.0,0.0,0.0,0.0,0.0,0.0,0.0,0.0,0.0,0.0,0.0,0.0,0.0,0,-107875648.0,0,0.0,0,-107875648.0,-107877712.0,0,13107,17039,26215,17053,39322,17037,0,0,0,110,100,100,2.7302334150594743e+23,64.0,0.0,64.9,-107615304.0,68.5,1,49,50,180,0,26215,0,0,0.0,0.0,0.0,0.0,-3.325206326221195e+21,65.0,0.0,-0.169,0.0,645,0,687,0,0,0,716,0,787,0,708,0,689,0,645,0,641,0,617,0.032,36700160.0,2.004,-107615152.0,34192,16788,-7.20927671510177e+22,-524539428864.0,-0.0,-1.0572218421125726e+21,-0.0,-2.59770507227195e+19,29.0,60.0,70,0.0,0.0,0.0,0.0,0.0,0.0,0.0,0.0,0.0,0.0,0.0,0.0,0.0,0.0,0.0,0.0,59.2,69,11,65508,41,65476,0,300,0,0,8,20529,65476,0,0,61604,60.0,0.0,0.0,0.0,0.0,0.0
2026-04-04T11:31:59,ERR,ERR,ERR,ERR,ERR,ERR,ERR,ERR,ERR,ERR,ERR,ERR,ERR,ERR,ERR,ERR,ERR,ERR,ERR,ERR,ERR,ERR,ERR,ERR,ERR,ERR,ERR,ERR,ERR,ERR,ERR,ERR,ERR,ERR,ERR,ERR,ERR,ERR,ERR,ERR,ERR,ERR,ERR,ERR,ERR,ERR,ERR,ERR,ERR,ERR,ERR,ERR,ERR,ERR,ERR,ERR,ERR,ERR,ERR,ERR,ERR,ERR,ERR,ERR,ERR,ERR,ERR,ERR,ERR,ERR,ERR,ERR,ERR,ERR,ERR,ERR,ERR,ERR,ERR,ERR,ERR,ERR,ERR,ERR,ERR,ERR,ERR,ERR,ERR,ERR,ERR,ERR,ERR,ERR,ERR,ERR,ERR,ERR,ERR,ERR,ERR,ERR,ERR,ERR,ERR,ERR,ERR,ERR,ERR,ERR,ERR,ERR,ERR,ERR,ERR,ERR,ERR,ERR,ERR,ERR,ERR,ERR,ERR,ERR,ERR,0.0,-0.0,-0.0,0.0,0.0,0.0,0.0,nan,0,0,0,32768,0,0.0,0,0.0,0.0,0.0,0.0,0.0,0,0,0,0,0.0,0,0,0,0,0,0,0,0,0,0,0,0,0,0,0,0,0,0,0,0,0,0,0,0,0,0,0,0,0,0,0,0,0,0,0,0,0,0,0,0,0,0,0,0,0.0,0.0,0.0,0.0,0.0,0.0,0.0,0.0,0.0,0.0,0.0,0.0,0.0,0.0,0.0,0.0,0.0,0.0,0.0,0.0,0.0,0.0,-2.004,-2.004,-2.004,-0.0,0.0,0.0,0.0,0.0,3376.5,-0.0,0.0,0.0,-0.0,-0.0,2.7184274988523002e+23,0.0,0.0,0.0,0.0,0,-0.0,2.7184057014301037e+23,0.0,0.0,0.0,0.0,0.0,0.0,0.0,0,0,0,0.0,0.0,0.0,0.0,0.0,0.0,0.0,0.0,0.0,0.0,0.0,0.0,0.0,0.0,0.0,0.0,0,-107875648.0,0,0.0,0,-107875648.0,-107877712.0,0,13107,17039,26215,17053,39322,17037,0,0,0,110,100,100,2.7302334150594743e+23,64.0,0.0,64.9,-107615304.0,68.5,1,49,50,180,0,26215,0,0,0.0,0.0,0.0,0.0,-3.325206326221195e+21,65.0,0.0,-0.169,0.0,645,0,687,0,0,0,716,0,787,0,708,0,689,0,645,0,641,0,617,0.032,36700160.0,2.004,-107615152.0,34192,16788,-7.20927671510177e+22,-524539428864.0,-0.0,-1.0572218421125726e+21,-0.0,-2.59770507227195e+19,29.0,60.0,70,0.0,0.0,0.0,0.0,0.0,0.0,0.0,0.0,0.0,0.0,0.0,0.0,0.0,0.0,0.0,0.0,59.2,69,11,65508,41,65476,0,300,0,0,8,20529,65476,0,0,61604,60.0,0.0,0.0,0.0,0.0,0.0
2026-04-04T11:32:00,ERR,ERR,ERR,ERR,ERR,ERR,ERR,ERR,ERR,ERR,ERR,ERR,ERR,ERR,ERR,ERR,ERR,ERR,ERR,ERR,ERR,ERR,ERR,ERR,ERR,ERR,ERR,ERR,ERR,ERR,ERR,ERR,ERR,ERR,ERR,ERR,ERR,ERR,ERR,ERR,ERR,ERR,ERR,ERR,ERR,ERR,ERR,ERR,ERR,ERR,ERR,ERR,ERR,ERR,ERR,ERR,ERR,ERR,ERR,ERR,ERR,ERR,ERR,ERR,ERR,ERR,ERR,ERR,ERR,ERR,ERR,ERR,ERR,ERR,ERR,ERR,ERR,ERR,ERR,ERR,ERR,ERR,ERR,ERR,ERR,ERR,ERR,ERR,ERR,ERR,ERR,ERR,ERR,ERR,ERR,ERR,ERR,ERR,ERR,ERR,ERR,ERR,ERR,ERR,ERR,ERR,ERR,ERR,ERR,ERR,ERR,ERR,ERR,ERR,ERR,ERR,ERR,ERR,ERR,ERR,ERR,ERR,ERR,ERR,ERR,0.0,-0.0,-0.0,0.0,0.0,0.0,0.0,nan,0,0,0,32768,0,0.0,0,0.0,0.0,0.0,0.0,0.0,0,0,0,0,0.0,0,0,0,0,0,0,0,0,0,0,0,0,0,0,0,0,0,0,0,0,0,0,0,0,0,0,0,0,0,0,0,0,0,0,0,0,0,0,0,0,0,0,0,0,0.0,0.0,0.0,0.0,0.0,0.0,0.0,0.0,0.0,0.0,0.0,0.0,0.0,0.0,0.0,0.0,0.0,0.0,0.0,0.0,0.0,0.0,-2.004,-2.004,-2.004,-0.0,0.0,0.0,0.0,0.0,3376.5,-0.0,0.0,0.0,-0.0,-0.0,2.7184274988523002e+23,0.0,0.0,0.0,0.0,0,-0.0,2.7184057014301037e+23,0.0,0.0,0.0,0.0,0.0,0.0,0.0,0,0,0,0.0,0.0,0.0,0.0,0.0,0.0,0.0,0.0,0.0,0.0,0.0,0.0,0.0,0.0,0.0,0.0,0,-107875648.0,0,0.0,0,-107875648.0,-107877712.0,0,13107,17039,26215,17053,39322,17037,0,0,0,110,100,100,0.0,64.0,0.0,64.9,-107615304.0,68.5,1,49,50,180,0,26215,0,0,0.0,0.0,0.0,0.0,-1165392.25,65.0,0.0,-0.0,0.0,645,0,687,0,0,0,716,0,787,0,708,0,689,0,645,0,641,0,617,0.032,36700160.0,2.004,-107615152.0,34448,16788,-282046274469888.0,1084292224.0,0.0,nan,7.489973001422455e+24,6.044222929946256e+34,29.0,60.0,70,0.0,0.0,0.0,0.0,0.0,0.0,0.0,0.0,0.0,0.0,0.0,0.0,0.0,0.0,0.0,0.0,59.2,69,11,65508,41,65476,0,300,0,0,8,20529,65476,0,0,61604,60.0,0.0,0.0,0.0,0.0,0.0
2026-04-04T11:32:01,ERR,ERR,ERR,ERR,ERR,ERR,ERR,ERR,ERR,ERR,ERR,ERR,ERR,ERR,ERR,ERR,ERR,ERR,ERR,ERR,ERR,ERR,ERR,ERR,ERR,ERR,ERR,ERR,ERR,ERR,ERR,ERR,ERR,ERR,ERR,ERR,ERR,ERR,ERR,ERR,ERR,ERR,ERR,ERR,ERR,ERR,ERR,ERR,ERR,ERR,ERR,ERR,ERR,ERR,ERR,ERR,ERR,ERR,ERR,ERR,ERR,ERR,ERR,ERR,ERR,ERR,ERR,ERR,ERR,ERR,ERR,ERR,ERR,ERR,ERR,ERR,ERR,ERR,ERR,ERR,ERR,ERR,ERR,ERR,ERR,ERR,ERR,ERR,ERR,ERR,ERR,ERR,ERR,ERR,ERR,ERR,ERR,ERR,ERR,ERR,ERR,ERR,ERR,ERR,ERR,ERR,ERR,ERR,ERR,ERR,ERR,ERR,ERR,ERR,ERR,ERR,ERR,ERR,ERR,ERR,ERR,ERR,ERR,ERR,ERR,0.0,-0.0,-0.0,0.0,0.0,0.0,0.0,nan,0,0,0,32768,0,0.0,0,0.0,0.0,0.0,0.0,0.0,0,0,0,0,0.0,0,0,0,0,0,0,0,0,0,0,0,0,0,0,0,0,0,0,0,0,0,0,0,0,0,0,0,0,0,0,0,0,0,0,0,0,0,0,0,0,0,0,0,0,0.0,0.0,0.0,0.0,0.0,0.0,0.0,0.0,0.0,0.0,0.0,0.0,0.0,0.0,0.0,0.0,0.0,0.0,0.0,0.0,0.0,0.0,-2.004,-2.004,-2.004,-0.0,0.0,0.0,0.0,0.0,3376.5,-0.0,0.0,0.0,-0.0,-0.0,2.7184274988523002e+23,0.0,0.0,0.0,0.0,0,-0.0,2.7184057014301037e+23,0.0,0.0,0.0,0.0,0.0,0.0,0.0,0,0,0,0.0,0.0,0.0,0.0,0.0,0.0,0.0,0.0,0.0,0.0,0.0,0.0,0.0,0.0,0.0,0.0,0,-107875648.0,0,0.0,0,-107875648.0,-107877712.0,0,13107,17039,26215,17053,39322,17037,0,0,0,110,100,100,0.0,64.0,0.0,64.9,-107615304.0,68.5,1,49,50,180,0,26215,0,0,0.0,0.0,0.0,0.0,-1165392.25,65.0,0.0,-0.0,0.0,645,0,687,0,0,0,716,0,787,0,708,0,689,0,645,0,641,0,617,0.032,36700160.0,2.004,-107615152.0,34448,16788,-282046274469888.0,1084292224.0,0.0,nan,7.489973001422455e+24,6.044222929946256e+34,29.0,60.0,70,0.0,0.0,0.0,0.0,0.0,0.0,0.0,0.0,0.0,0.0,0.0,0.0,0.0,0.0,0.0,0.0,59.2,69,11,65508,41,65476,0,300,0,0,8,20529,65476,0,0,61604,60.0,0.0,0.0,0.0,0.0,0.0
2026-04-04T11:32:02,ERR,ERR,ERR,ERR,ERR,ERR,ERR,ERR,ERR,ERR,ERR,ERR,ERR,ERR,ERR,ERR,ERR,ERR,ERR,ERR,ERR,ERR,ERR,ERR,ERR,ERR,ERR,ERR,ERR,ERR,ERR,ERR,ERR,ERR,ERR,ERR,ERR,ERR,ERR,ERR,ERR,ERR,ERR,ERR,ERR,ERR,ERR,ERR,ERR,ERR,ERR,ERR,ERR,ERR,ERR,ERR,ERR,ERR,ERR,ERR,ERR,ERR,ERR,ERR,ERR,ERR,ERR,ERR,ERR,ERR,ERR,ERR,ERR,ERR,ERR,ERR,ERR,ERR,ERR,ERR,ERR,ERR,ERR,ERR,ERR,ERR,ERR,ERR,ERR,ERR,ERR,ERR,ERR,ERR,ERR,ERR,ERR,ERR,ERR,ERR,ERR,ERR,ERR,ERR,ERR,ERR,ERR,ERR,ERR,ERR,ERR,ERR,ERR,ERR,ERR,ERR,ERR,ERR,ERR,ERR,ERR,ERR,ERR,ERR,ERR,0.0,-0.0,-0.0,0.0,0.0,0.0,0.0,nan,0,0,0,32768,0,0.0,0,0.0,0.0,0.0,0.0,0.0,0,0,0,0,0.0,0,0,0,0,0,0,0,0,0,0,0,0,0,0,0,0,0,0,0,0,0,0,0,0,0,0,0,0,0,0,0,0,0,0,0,0,0,0,0,0,0,0,0,0,0.0,0.0,0.0,0.0,0.0,0.0,0.0,0.0,0.0,0.0,0.0,0.0,0.0,0.0,0.0,0.0,0.0,0.0,0.0,0.0,0.0,0.0,-2.004,-2.004,-2.004,-0.0,0.0,0.0,0.0,0.0,3376.5,-0.0,0.0,0.0,-0.0,-0.0,2.7184274988523002e+23,0.0,0.0,0.0,0.0,0,-0.0,2.7184057014301037e+23,0.0,0.0,0.0,0.0,0.0,0.0,0.0,0,0,0,0.0,0.0,0.0,0.0,0.0,0.0,0.0,0.0,0.0,0.0,0.0,0.0,0.0,0.0,0.0,0.0,0,-107875648.0,0,0.0,0,-107875648.0,-107877712.0,0,13107,17039,26215,17053,39322,17037,0,0,0,110,100,100,0.0,64.0,0.0,64.9,-107615304.0,68.5,1,49,50,180,0,26215,0,0,0.0,0.0,0.0,0.0,-1165392.25,65.0,0.0,-0.0,0.0,645,0,687,0,0,0,716,0,787,0,708,0,689,0,645,0,641,0,617,0.032,36700160.0,2.004,-107615152.0,34448,16788,-282046274469888.0,1084292224.0,0.0,nan,7.489973001422455e+24,6.044222929946256e+34,29.0,60.0,70,0.0,0.0,0.0,0.0,0.0,0.0,0.0,0.0,0.0,0.0,0.0,0.0,0.0,0.0,0.0,0.0,59.2,69,11,65508,41,65476,0,300,0,0,8,20529,65476,0,0,61604,60.0,0.0,0.0,0.0,0.0,0.0
2026-04-04T11:32:03,ERR,ERR,ERR,ERR,ERR,ERR,ERR,ERR,ERR,ERR,ERR,ERR,ERR,ERR,ERR,ERR,ERR,ERR,ERR,ERR,ERR,ERR,ERR,ERR,ERR,ERR,ERR,ERR,ERR,ERR,ERR,ERR,ERR,ERR,ERR,ERR,ERR,ERR,ERR,ERR,ERR,ERR,ERR,ERR,ERR,ERR,ERR,ERR,ERR,ERR,ERR,ERR,ERR,ERR,ERR,ERR,ERR,ERR,ERR,ERR,ERR,ERR,ERR,ERR,ERR,ERR,ERR,ERR,ERR,ERR,ERR,ERR,ERR,ERR,ERR,ERR,ERR,ERR,ERR,ERR,ERR,ERR,ERR,ERR,ERR,ERR,ERR,ERR,ERR,ERR,ERR,ERR,ERR,ERR,ERR,ERR,ERR,ERR,ERR,ERR,ERR,ERR,ERR,ERR,ERR,ERR,ERR,ERR,ERR,ERR,ERR,ERR,ERR,ERR,ERR,ERR,ERR,ERR,ERR,ERR,ERR,ERR,ERR,ERR,ERR,0.0,-0.0,-0.0,0.0,0.0,0.0,0.0,nan,0,0,0,32768,0,0.0,0,0.0,0.0,0.0,0.0,0.0,0,0,0,0,0.0,0,0,0,0,0,0,0,0,0,0,0,0,0,0,0,0,0,0,0,0,0,0,0,0,0,0,0,0,0,0,0,0,0,0,0,0,0,0,0,0,0,0,0,0,0.0,0.0,0.0,0.0,0.0,0.0,0.0,0.0,0.0,0.0,0.0,0.0,0.0,0.0,0.0,0.0,0.0,0.0,0.0,0.0,0.0,0.0,-2.004,-2.004,-2.004,-0.0,0.0,0.0,0.0,0.0,3376.5,-0.0,0.0,0.0,-0.0,-0.0,2.7184274988523002e+23,0.0,0.0,0.0,0.0,0,-0.0,2.7184057014301037e+23,0.0,0.0,0.0,0.0,0.0,0.0,0.0,0,0,0,0.0,0.0,0.0,0.0,0.0,0.0,0.0,0.0,0.0,0.0,0.0,0.0,0.0,0.0,0.0,0.0,0,-107875648.0,0,0.0,0,-107875648.0,-107877712.0,0,13107,17039,26215,17053,39322,17037,0,0,0,110,100,100,0.0,64.0,0.0,64.9,-107615304.0,68.5,1,49,50,180,0,26215,0,0,0.0,0.0,0.0,0.0,-1165392.25,65.0,0.0,-0.0,0.0,645,0,687,0,0,0,716,0,787,0,708,0,689,0,645,0,641,0,617,0.032,36700160.0,2.004,-107615152.0,34448,16788,-282046274469888.0,1084292224.0,0.0,nan,7.489973001422455e+24,6.044222929946256e+34,29.0,60.0,70,0.0,0.0,0.0,0.0,0.0,0.0,0.0,0.0,0.0,0.0,0.0,0.0,0.0,0.0,0.0,0.0,59.2,69,11,65508,41,65476,0,300,0,0,8,20529,65476,0,0,61604,60.0,0.0,0.0,0.0,0.0,0.0
2026-04-04T11:32:04,ERR,ERR,ERR,ERR,ERR,ERR,ERR,ERR,ERR,ERR,ERR,ERR,ERR,ERR,ERR,ERR,ERR,ERR,ERR,ERR,ERR,ERR,ERR,ERR,ERR,ERR,ERR,ERR,ERR,ERR,ERR,ERR,ERR,ERR,ERR,ERR,ERR,ERR,ERR,ERR,ERR,ERR,ERR,ERR,ERR,ERR,ERR,ERR,ERR,ERR,ERR,ERR,ERR,ERR,ERR,ERR,ERR,ERR,ERR,ERR,ERR,ERR,ERR,ERR,ERR,ERR,ERR,ERR,ERR,ERR,ERR,ERR,ERR,ERR,ERR,ERR,ERR,ERR,ERR,ERR,ERR,ERR,ERR,ERR,ERR,ERR,ERR,ERR,ERR,ERR,ERR,ERR,ERR,ERR,ERR,ERR,ERR,ERR,ERR,ERR,ERR,ERR,ERR,ERR,ERR,ERR,ERR,ERR,ERR,ERR,ERR,ERR,ERR,ERR,ERR,ERR,ERR,ERR,ERR,ERR,ERR,ERR,ERR,ERR,ERR,0.0,-0.0,-0.0,0.0,0.0,0.0,0.0,nan,0,0,0,32768,0,0.0,0,0.0,0.0,0.0,0.0,0.0,0,0,0,0,0.0,0,0,0,0,0,0,0,0,0,0,0,0,0,0,0,0,0,0,0,0,0,0,0,0,0,0,0,0,0,0,0,0,0,0,0,0,0,0,0,0,0,0,0,0,0.0,0.0,0.0,0.0,0.0,0.0,0.0,0.0,0.0,0.0,0.0,0.0,0.0,0.0,0.0,0.0,0.0,0.0,0.0,0.0,0.0,0.0,-2.004,-2.004,-2.004,-0.0,0.0,0.0,0.0,0.0,3376.5,-0.0,0.0,0.0,-0.0,-0.0,2.7184274988523002e+23,0.0,0.0,0.0,0.0,0,-0.0,2.7184057014301037e+23,0.0,0.0,0.0,0.0,0.0,0.0,0.0,0,0,0,0.0,0.0,0.0,0.0,0.0,0.0,0.0,0.0,0.0,0.0,0.0,0.0,0.0,0.0,0.0,0.0,0,-107875648.0,0,0.0,0,-107875648.0,-107877712.0,0,13107,17039,26215,17053,39322,17037,0,0,0,110,100,100,0.0,64.0,0.0,64.9,-107615304.0,68.5,1,49,50,180,0,26215,0,0,0.0,0.0,0.0,0.0,-1165392.25,65.0,0.0,-0.0,0.0,645,0,687,0,0,0,716,0,787,0,708,0,689,0,645,0,641,0,617,0.032,36700160.0,2.004,-107615152.0,34448,16788,-282046274469888.0,1084292224.0,0.0,nan,7.489973001422455e+24,6.044222929946256e+34,29.0,60.0,70,0.0,0.0,0.0,0.0,0.0,0.0,0.0,0.0,0.0,0.0,0.0,0.0,0.0,0.0,0.0,0.0,59.2,69,11,65508,41,65476,0,300,0,0,8,20529,65476,0,0,61604,60.0,0.0,0.0,0.0,0.0,0.0
2026-04-04T11:32:05,ERR,ERR,ERR,ERR,ERR,ERR,ERR,ERR,ERR,ERR,ERR,ERR,ERR,ERR,ERR,ERR,ERR,ERR,ERR,ERR,ERR,ERR,ERR,ERR,ERR,ERR,ERR,ERR,ERR,ERR,ERR,ERR,ERR,ERR,ERR,ERR,ERR,ERR,ERR,ERR,ERR,ERR,ERR,ERR,ERR,ERR,ERR,ERR,ERR,ERR,ERR,ERR,ERR,ERR,ERR,ERR,ERR,ERR,ERR,ERR,ERR,ERR,ERR,ERR,ERR,ERR,ERR,ERR,ERR,ERR,ERR,ERR,ERR,ERR,ERR,ERR,ERR,ERR,ERR,ERR,ERR,ERR,ERR,ERR,ERR,ERR,ERR,ERR,ERR,ERR,ERR,ERR,ERR,ERR,ERR,ERR,ERR,ERR,ERR,ERR,ERR,ERR,ERR,ERR,ERR,ERR,ERR,ERR,ERR,ERR,ERR,ERR,ERR,ERR,ERR,ERR,ERR,ERR,ERR,ERR,ERR,ERR,ERR,ERR,ERR,0.0,-0.0,-0.0,0.0,0.0,0.0,0.0,nan,0,0,0,32768,0,0.0,0,0.0,0.0,0.0,0.0,0.0,0,0,0,0,0.0,0,0,0,0,0,0,0,0,0,0,0,0,0,0,0,0,0,0,0,0,0,0,0,0,0,0,0,0,0,0,0,0,0,0,0,0,0,0,0,0,0,0,0,0,0.0,0.0,0.0,0.0,0.0,0.0,0.0,0.0,0.0,0.0,0.0,0.0,0.0,0.0,0.0,0.0,0.0,0.0,0.0,0.0,0.0,0.0,-2.004,-2.004,-2.004,-0.0,0.0,0.0,0.0,0.0,3376.5,-0.0,0.0,0.0,-0.0,-0.0,2.7184274988523002e+23,0.0,0.0,0.0,0.0,0,-0.0,2.7184057014301037e+23,0.0,0.0,0.0,0.0,0.0,0.0,0.0,0,0,0,0.0,0.0,0.0,0.0,0.0,0.0,0.0,0.0,0.0,0.0,0.0,0.0,0.0,0.0,0.0,0.0,0,-107875648.0,0,0.0,0,-107875648.0,-107877712.0,0,13107,17039,26215,17053,39322,17037,0,0,0,110,100,100,0.0,64.0,0.0,64.9,-107615304.0,68.5,1,49,50,180,0,26215,0,0,0.0,0.0,0.0,0.0,-1165392.25,65.0,0.0,-0.0,0.0,645,0,687,0,0,0,716,0,787,0,708,0,689,0,645,0,641,0,617,0.032,36700160.0,2.004,-107615152.0,34448,16788,-282046274469888.0,1084292224.0,0.0,nan,7.489973001422455e+24,6.044222929946256e+34,29.0,60.0,70,0.0,0.0,0.0,0.0,0.0,0.0,0.0,0.0,0.0,0.0,0.0,0.0,0.0,0.0,0.0,0.0,59.2,69,11,65508,41,65476,0,300,0,0,8,20529,65476,0,0,61604,60.0,0.0,0.0,0.0,0.0,0.0
2026-04-04T11:32:06,ERR,ERR,ERR,ERR,ERR,ERR,ERR,ERR,ERR,ERR,ERR,ERR,ERR,ERR,ERR,ERR,ERR,ERR,ERR,ERR,ERR,ERR,ERR,ERR,ERR,ERR,ERR,ERR,ERR,ERR,ERR,ERR,ERR,ERR,ERR,ERR,ERR,ERR,ERR,ERR,ERR,ERR,ERR,ERR,ERR,ERR,ERR,ERR,ERR,ERR,ERR,ERR,ERR,ERR,ERR,ERR,ERR,ERR,ERR,ERR,ERR,ERR,ERR,ERR,ERR,ERR,ERR,ERR,ERR,ERR,ERR,ERR,ERR,ERR,ERR,ERR,ERR,ERR,ERR,ERR,ERR,ERR,ERR,ERR,ERR,ERR,ERR,ERR,ERR,ERR,ERR,ERR,ERR,ERR,ERR,ERR,ERR,ERR,ERR,ERR,ERR,ERR,ERR,ERR,ERR,ERR,ERR,ERR,ERR,ERR,ERR,ERR,ERR,ERR,ERR,ERR,ERR,ERR,ERR,ERR,ERR,ERR,ERR,ERR,ERR,0.0,-0.0,-0.0,0.0,0.0,0.0,0.0,nan,0,0,0,32768,0,0.0,0,0.0,0.0,0.0,0.0,0.0,0,0,0,0,0.0,0,0,0,0,0,0,0,0,0,0,0,0,0,0,0,0,0,0,0,0,0,0,0,0,0,0,0,0,0,0,0,0,0,0,0,0,0,0,0,0,0,0,0,0,0.0,0.0,0.0,0.0,0.0,0.0,0.0,0.0,0.0,0.0,0.0,0.0,0.0,0.0,0.0,0.0,0.0,0.0,0.0,0.0,0.0,0.0,-2.004,-2.004,-2.004,-0.0,0.0,0.0,0.0,0.0,3382.5,-0.0,0.0,0.0,-0.0,-0.0,2.7184274988523002e+23,0.0,0.0,0.0,0.0,0,-126841012224.0,5.848029934006574e+35,0.0,0.0,0.0,0.0,0.0,0.0,0.0,0,0,0,0.0,0.0,0.0,0.0,0.0,0.0,0.0,0.0,0.0,0.0,0.0,0.0,0.0,0.0,0.0,0.0,0,-107875648.0,0,0.0,0,-107875648.0,-107877712.0,0,13107,17039,26215,17053,39322,17037,0,0,0,110,100,100,2.7302334150594743e+23,64.0,0.0,64.9,-107615304.0,68.5,1,49,50,180,0,26215,0,0,0.0,0.0,0.0,0.0,-1.205233848930848e+19,65.0,0.0,676363840.0,0.0,645,0,687,0,0,0,716,0,787,0,708,0,689,0,645,0,641,0,617,0.032,36438016.0,2.004,-107615152.0,38032,16788,-32746177036288.0,676363840.0,0.0,36503124.0,1.3296881502691091e+23,2.944143858115242e+32,29.0,60.0,70,0.0,0.0,0.0,0.0,0.0,0.0,0.0,0.0,0.0,0.0,0.0,0.0,0.0,0.0,0.0,0.0,59.2,69,11,65508,41,65476,0,300,0,0,8,20529,65476,0,0,61604,60.0,0.0,0.0,0.0,0.0,0.0
2026-04-04T11:32:07,ERR,ERR,ERR,ERR,ERR,ERR,ERR,ERR,ERR,ERR,ERR,ERR,ERR,ERR,ERR,ERR,ERR,ERR,ERR,ERR,ERR,ERR,ERR,ERR,ERR,ERR,ERR,ERR,ERR,ERR,ERR,ERR,ERR,ERR,ERR,ERR,ERR,ERR,ERR,ERR,ERR,ERR,ERR,ERR,ERR,ERR,ERR,ERR,ERR,ERR,ERR,ERR,ERR,ERR,ERR,ERR,ERR,ERR,ERR,ERR,ERR,ERR,ERR,ERR,ERR,ERR,ERR,ERR,ERR,ERR,ERR,ERR,ERR,ERR,ERR,ERR,ERR,ERR,ERR,ERR,ERR,ERR,ERR,ERR,ERR,ERR,ERR,ERR,ERR,ERR,ERR,ERR,ERR,ERR,ERR,ERR,ERR,ERR,ERR,ERR,ERR,ERR,ERR,ERR,ERR,ERR,ERR,ERR,ERR,ERR,ERR,ERR,ERR,ERR,ERR,ERR,ERR,ERR,ERR,ERR,ERR,ERR,ERR,ERR,ERR,0.0,-0.0,-0.0,0.0,0.0,0.0,0.0,nan,0,0,0,32768,0,0.0,0,0.0,0.0,0.0,0.0,0.0,0,0,0,0,0.0,0,0,0,0,0,0,0,0,0,0,0,0,0,0,0,0,0,0,0,0,0,0,0,0,0,0,0,0,0,0,0,0,0,0,0,0,0,0,0,0,0,0,0,0,0.0,0.0,0.0,0.0,0.0,0.0,0.0,0.0,0.0,0.0,0.0,0.0,0.0,0.0,0.0,0.0,0.0,0.0,0.0,0.0,0.0,0.0,-2.004,-2.004,-2.004,-0.0,0.0,0.0,0.0,0.0,3382.5,-0.0,0.0,0.0,-0.0,-0.0,2.7184274988523002e+23,0.0,0.0,0.0,0.0,0,-126841012224.0,5.848029934006574e+35,0.0,0.0,0.0,0.0,0.0,0.0,0.0,0,0,0,0.0,0.0,0.0,0.0,0.0,0.0,0.0,0.0,0.0,0.0,0.0,0.0,0.0,0.0,0.0,0.0,0,-107875648.0,0,0.0,0,-107875648.0,-107877712.0,0,13107,17039,26215,17053,39322,17037,0,0,0,110,100,100,2.7302334150594743e+23,64.0,0.0,64.9,-107615304.0,68.5,1,49,50,180,0,26215,0,0,0.0,0.0,0.0,0.0,-1.205233848930848e+19,65.0,0.0,676363840.0,0.0,645,0,687,0,0,0,716,0,787,0,708,0,689,0,645,0,641,0,617,0.032,36438016.0,2.004,-107615152.0,38032,16788,-32746177036288.0,676363840.0,0.0,36503124.0,1.3296881502691091e+23,2.944143858115242e+32,29.0,60.0,70,0.0,0.0,0.0,0.0,0.0,0.0,0.0,0.0,0.0,0.0,0.0,0.0,0.0,0.0,0.0,0.0,59.6,69,11,65508,41,65476,0,300,0,0,8,20529,65476,0,0,61604,60.0,0.0,0.0,0.0,0.0,0.0
2026-04-04T11:32:08,ERR,ERR,ERR,ERR,ERR,ERR,ERR,ERR,ERR,ERR,ERR,ERR,ERR,ERR,ERR,ERR,ERR,ERR,ERR,ERR,ERR,ERR,ERR,ERR,ERR,ERR,ERR,ERR,ERR,ERR,ERR,ERR,ERR,ERR,ERR,ERR,ERR,ERR,ERR,ERR,ERR,ERR,ERR,ERR,ERR,ERR,ERR,ERR,ERR,ERR,ERR,ERR,ERR,ERR,ERR,ERR,ERR,ERR,ERR,ERR,ERR,ERR,ERR,ERR,ERR,ERR,ERR,ERR,ERR,ERR,ERR,ERR,ERR,ERR,ERR,ERR,ERR,ERR,ERR,ERR,ERR,ERR,ERR,ERR,ERR,ERR,ERR,ERR,ERR,ERR,ERR,ERR,ERR,ERR,ERR,ERR,ERR,ERR,ERR,ERR,ERR,ERR,ERR,ERR,ERR,ERR,ERR,ERR,ERR,ERR,ERR,ERR,ERR,ERR,ERR,ERR,ERR,ERR,ERR,ERR,ERR,ERR,ERR,ERR,ERR,0.0,-0.0,-0.0,0.0,0.0,0.0,0.0,nan,0,0,0,32768,0,0.0,0,0.0,0.0,0.0,0.0,0.0,0,0,0,0,0.0,0,0,0,0,0,0,0,0,0,0,0,0,0,0,0,0,0,0,0,0,0,0,0,0,0,0,0,0,0,0,0,0,0,0,0,0,0,0,0,0,0,0,0,0,0.0,0.0,0.0,0.0,0.0,0.0,0.0,0.0,0.0,0.0,0.0,0.0,0.0,0.0,0.0,0.0,0.0,0.0,0.0,0.0,0.0,0.0,-2.004,-2.004,-2.004,-0.0,0.0,0.0,0.0,0.0,3382.5,-0.0,0.0,0.0,-0.0,-0.0,2.7184274988523002e+23,0.0,0.0,0.0,0.0,0,-126841012224.0,5.848029934006574e+35,0.0,0.0,0.0,0.0,0.0,0.0,0.0,0,0,0,0.0,0.0,0.0,0.0,0.0,0.0,0.0,0.0,0.0,0.0,0.0,0.0,0.0,0.0,0.0,0.0,0,-107875648.0,0,0.0,0,-107875648.0,-107877712.0,0,13107,17039,26215,17053,39322,17037,0,0,0,110,100,100,2.7302334150594743e+23,64.0,0.0,64.9,-107615304.0,68.5,1,49,50,180,0,26215,0,0,0.0,0.0,0.0,0.0,-1.205233848930848e+19,65.0,0.0,676363840.0,0.0,645,0,687,0,0,0,716,0,787,0,708,0,689,0,645,0,641,0,617,0.032,36438016.0,2.004,-107615152.0,38032,16788,-32746177036288.0,676363840.0,0.0,36503124.0,1.3296881502691091e+23,2.944143858115242e+32,29.0,60.0,70,0.0,0.0,0.0,0.0,0.0,0.0,0.0,0.0,0.0,0.0,0.0,0.0,0.0,0.0,0.0,0.0,59.6,69,11,65508,41,65476,0,300,0,0,8,20529,65476,0,0,61604,60.0,0.0,0.0,0.0,0.0,0.0
2026-04-04T11:32:09,ERR,ERR,ERR,ERR,ERR,ERR,ERR,ERR,ERR,ERR,ERR,ERR,ERR,ERR,ERR,ERR,ERR,ERR,ERR,ERR,ERR,ERR,ERR,ERR,ERR,ERR,ERR,ERR,ERR,ERR,ERR,ERR,ERR,ERR,ERR,ERR,ERR,ERR,ERR,ERR,ERR,ERR,ERR,ERR,ERR,ERR,ERR,ERR,ERR,ERR,ERR,ERR,ERR,ERR,ERR,ERR,ERR,ERR,ERR,ERR,ERR,ERR,ERR,ERR,ERR,ERR,ERR,ERR,ERR,ERR,ERR,ERR,ERR,ERR,ERR,ERR,ERR,ERR,ERR,ERR,ERR,ERR,ERR,ERR,ERR,ERR,ERR,ERR,ERR,ERR,ERR,ERR,ERR,ERR,ERR,ERR,ERR,ERR,ERR,ERR,ERR,ERR,ERR,ERR,ERR,ERR,ERR,ERR,ERR,ERR,ERR,ERR,ERR,ERR,ERR,ERR,ERR,ERR,ERR,ERR,ERR,ERR,ERR,ERR,ERR,0.0,-0.0,-0.0,0.0,0.0,0.0,0.0,nan,0,0,0,32768,0,0.0,0,0.0,0.0,0.0,0.0,0.0,0,0,0,0,0.0,0,0,0,0,0,0,0,0,0,0,0,0,0,0,0,0,0,0,0,0,0,0,0,0,0,0,0,0,0,0,0,0,0,0,0,0,0,0,0,0,0,0,0,0,0.0,0.0,0.0,0.0,0.0,0.0,0.0,0.0,0.0,0.0,0.0,0.0,0.0,0.0,0.0,0.0,0.0,0.0,0.0,0.0,0.0,0.0,-2.004,-2.004,-2.004,-0.0,0.0,0.0,0.0,0.0,3382.5,-0.0,0.0,0.0,-0.0,-0.0,2.7184274988523002e+23,0.0,0.0,0.0,0.0,0,-126841012224.0,5.848029934006574e+35,0.0,0.0,0.0,0.0,0.0,0.0,0.0,0,0,0,0.0,0.0,0.0,0.0,0.0,0.0,0.0,0.0,0.0,0.0,0.0,0.0,0.0,0.0,0.0,0.0,0,-107875648.0,0,0.0,0,-107875648.0,-107877712.0,0,13107,17039,26215,17053,39322,17037,0,0,0,110,100,100,2.7302334150594743e+23,64.0,0.0,64.9,-107615304.0,68.5,1,49,50,180,0,26215,0,0,0.0,0.0,0.0,0.0,-1.205233848930848e+19,65.0,0.0,676363840.0,0.0,645,0,687,0,0,0,716,0,787,0,708,0,689,0,645,0,641,0,617,0.032,36438016.0,2.004,-107615152.0,38032,16788,-32746177036288.0,676363840.0,0.0,36503124.0,1.3296881502691091e+23,2.944143858115242e+32,29.0,60.0,70,0.0,0.0,0.0,0.0,0.0,0.0,0.0,0.0,0.0,0.0,0.0,0.0,0.0,0.0,0.0,0.0,59.6,69,11,65508,41,65476,0,300,0,0,8,20529,65476,0,0,61604,60.0,0.0,0.0,0.0,0.0,0.0
2026-04-04T11:32:10,ERR,ERR,ERR,ERR,ERR,ERR,ERR,ERR,ERR,ERR,ERR,ERR,ERR,ERR,ERR,ERR,ERR,ERR,ERR,ERR,ERR,ERR,ERR,ERR,ERR,ERR,ERR,ERR,ERR,ERR,ERR,ERR,ERR,ERR,ERR,ERR,ERR,ERR,ERR,ERR,ERR,ERR,ERR,ERR,ERR,ERR,ERR,ERR,ERR,ERR,ERR,ERR,ERR,ERR,ERR,ERR,ERR,ERR,ERR,ERR,ERR,ERR,ERR,ERR,ERR,ERR,ERR,ERR,ERR,ERR,ERR,ERR,ERR,ERR,ERR,ERR,ERR,ERR,ERR,ERR,ERR,ERR,ERR,ERR,ERR,ERR,ERR,ERR,ERR,ERR,ERR,ERR,ERR,ERR,ERR,ERR,ERR,ERR,ERR,ERR,ERR,ERR,ERR,ERR,ERR,ERR,ERR,ERR,ERR,ERR,ERR,ERR,ERR,ERR,ERR,ERR,ERR,ERR,ERR,ERR,ERR,ERR,ERR,ERR,ERR,0.0,-0.0,-0.0,0.0,0.0,0.0,0.0,nan,0,0,0,32768,0,0.0,0,0.0,0.0,0.0,0.0,0.0,0,0,0,0,0.0,0,0,0,0,0,0,0,0,0,0,0,0,0,0,0,0,0,0,0,0,0,0,0,0,0,0,0,0,0,0,0,0,0,0,0,0,0,0,0,0,0,0,0,0,0.0,0.0,0.0,0.0,0.0,0.0,0.0,0.0,0.0,0.0,0.0,0.0,0.0,0.0,0.0,0.0,0.0,0.0,0.0,0.0,0.0,0.0,-2.004,-2.004,-2.004,-0.0,0.0,0.0,0.0,0.0,3382.5,-0.0,0.0,0.0,-0.0,-0.0,2.7184274988523002e+23,0.0,0.0,0.0,0.0,0,-126841012224.0,5.848029934006574e+35,0.0,0.0,0.0,0.0,0.0,0.0,0.0,0,0,0,0.0,0.0,0.0,0.0,0.0,0.0,0.0,0.0,0.0,0.0,0.0,0.0,0.0,0.0,0.0,0.0,0,-107875648.0,0,0.0,0,-107875648.0,-107877712.0,0,13107,17039,26215,17053,39322,17037,0,0,0,110,100,100,2.7302334150594743e+23,64.0,0.0,64.9,-107615304.0,68.5,1,49,50,180,0,26215,0,0,0.0,0.0,0.0,0.0,-1.205233848930848e+19,65.0,0.0,676363840.0,0.0,645,0,687,0,0,0,716,0,787,0,708,0,689,0,645,0,641,0,617,0.032,36438016.0,2.004,-107615152.0,38032,16788,-32746177036288.0,676363840.0,0.0,36503124.0,1.3296881502691091e+23,2.944143858115242e+32,29.0,60.0,70,0.0,0.0,0.0,0.0,0.0,0.0,0.0,0.0,0.0,0.0,0.0,0.0,0.0,0.0,0.0,0.0,59.2,69,11,65508,41,65476,0,300,0,0,8,20529,65476,0,0,61604,60.0,0.0,0.0,0.0,0.0,0.0
2026-04-04T11:32:11,ERR,ERR,ERR,ERR,ERR,ERR,ERR,ERR,ERR,ERR,ERR,ERR,ERR,ERR,ERR,ERR,ERR,ERR,ERR,ERR,ERR,ERR,ERR,ERR,ERR,ERR,ERR,ERR,ERR,ERR,ERR,ERR,ERR,ERR,ERR,ERR,ERR,ERR,ERR,ERR,ERR,ERR,ERR,ERR,ERR,ERR,ERR,ERR,ERR,ERR,ERR,ERR,ERR,ERR,ERR,ERR,ERR,ERR,ERR,ERR,ERR,ERR,ERR,ERR,ERR,ERR,ERR,ERR,ERR,ERR,ERR,ERR,ERR,ERR,ERR,ERR,ERR,ERR,ERR,ERR,ERR,ERR,ERR,ERR,ERR,ERR,ERR,ERR,ERR,ERR,ERR,ERR,ERR,ERR,ERR,ERR,ERR,ERR,ERR,ERR,ERR,ERR,ERR,ERR,ERR,ERR,ERR,ERR,ERR,ERR,ERR,ERR,ERR,ERR,ERR,ERR,ERR,ERR,ERR,ERR,ERR,ERR,ERR,ERR,ERR,0.0,-0.0,-0.0,0.0,0.0,0.0,0.0,nan,0,0,0,32768,0,0.0,0,0.0,0.0,0.0,0.0,0.0,0,0,0,0,0.0,0,0,0,0,0,0,0,0,0,0,0,0,0,0,0,0,0,0,0,0,0,0,0,0,0,0,0,0,0,0,0,0,0,0,0,0,0,0,0,0,0,0,0,0,0.0,0.0,0.0,0.0,0.0,0.0,0.0,0.0,0.0,0.0,0.0,0.0,0.0,0.0,0.0,0.0,0.0,0.0,0.0,0.0,0.0,0.0,-2.004,-2.004,-2.004,-0.0,0.0,0.0,0.0,0.0,3382.5,-0.0,0.0,0.0,-0.0,-0.0,2.7184274988523002e+23,0.0,0.0,0.0,0.0,0,-126841012224.0,5.848029934006574e+35,0.0,0.0,0.0,0.0,0.0,0.0,0.0,0,0,0,0.0,0.0,0.0,0.0,0.0,0.0,0.0,0.0,0.0,0.0,0.0,0.0,0.0,0.0,0.0,0.0,0,-107875648.0,0,0.0,0,-107875648.0,-107877712.0,0,13107,17039,26215,17053,39322,17037,0,0,0,110,100,100,2.7302334150594743e+23,64.0,0.0,64.9,-107615304.0,68.5,1,49,50,180,0,26215,0,0,0.0,0.0,0.0,0.0,-1.205233848930848e+19,65.0,0.0,676363840.0,0.0,645,0,687,0,0,0,716,0,787,0,708,0,689,0,645,0,641,0,617,0.032,36438016.0,2.004,-107615152.0,38032,16788,-32746177036288.0,676363840.0,0.0,36503124.0,1.3296881502691091e+23,2.944143858115242e+32,29.0,60.0,70,0.0,0.0,0.0,0.0,0.0,0.0,0.0,0.0,0.0,0.0,0.0,0.0,0.0,0.0,0.0,0.0,59.2,69,11,65508,41,65476,0,300,0,0,8,20529,65476,0,0,61604,60.0,0.0,0.0,0.0,0.0,0.0
2026-04-04T11:32:12,ERR,ERR,ERR,ERR,ERR,ERR,ERR,ERR,ERR,ERR,ERR,ERR,ERR,ERR,ERR,ERR,ERR,ERR,ERR,ERR,ERR,ERR,ERR,ERR,ERR,ERR,ERR,ERR,ERR,ERR,ERR,ERR,ERR,ERR,ERR,ERR,ERR,ERR,ERR,ERR,ERR,ERR,ERR,ERR,ERR,ERR,ERR,ERR,ERR,ERR,ERR,ERR,ERR,ERR,ERR,ERR,ERR,ERR,ERR,ERR,ERR,ERR,ERR,ERR,ERR,ERR,ERR,ERR,ERR,ERR,ERR,ERR,ERR,ERR,ERR,ERR,ERR,ERR,ERR,ERR,ERR,ERR,ERR,ERR,ERR,ERR,ERR,ERR,ERR,ERR,ERR,ERR,ERR,ERR,ERR,ERR,ERR,ERR,ERR,ERR,ERR,ERR,ERR,ERR,ERR,ERR,ERR,ERR,ERR,ERR,ERR,ERR,ERR,ERR,ERR,ERR,ERR,ERR,ERR,ERR,ERR,ERR,ERR,ERR,ERR,0.0,-0.0,-0.0,0.0,0.0,0.0,0.0,nan,0,0,0,32768,0,0.0,0,0.0,0.0,0.0,0.0,0.0,0,0,0,0,0.0,0,0,0,0,0,0,0,0,0,0,0,0,0,0,0,0,0,0,0,0,0,0,0,0,0,0,0,0,0,0,0,0,0,0,0,0,0,0,0,0,0,0,0,0,0.0,0.0,0.0,0.0,0.0,0.0,0.0,0.0,0.0,0.0,0.0,0.0,0.0,0.0,0.0,0.0,0.0,0.0,0.0,0.0,0.0,0.0,-2.004,-2.004,-2.004,-0.0,0.0,0.0,0.0,0.0,3382.5,-0.0,0.0,0.0,-0.0,-0.0,2.7184274988523002e+23,0.0,0.0,0.0,0.0,0,-126841012224.0,5.848029934006574e+35,0.0,0.0,0.0,0.0,0.0,0.0,0.0,0,0,0,0.0,0.0,0.0,0.0,0.0,0.0,0.0,0.0,0.0,0.0,0.0,0.0,0.0,0.0,0.0,0.0,0,-107875648.0,0,0.0,0,-107875648.0,-107877712.0,0,13107,17039,26215,17053,39322,17037,0,0,0,110,100,100,2.7302334150594743e+23,64.0,0.0,64.9,-107615304.0,68.5,1,49,50,180,0,26215,0,0,0.0,0.0,0.0,0.0,-2753242333184.0,65.0,0.0,-0.0,0.0,645,0,687,0,0,0,716,0,787,0,708,0,689,0,645,0,642,0,617,0.032,36962304.0,2.004,-107615152.0,29584,16788,-27937.254,-0.0,0.0,0.0,8.685701636339328e+30,-0.0,29.0,60.0,70,0.0,0.0,0.0,0.0,0.0,0.0,0.0,0.0,0.0,0.0,0.0,0.0,0.0,0.0,0.0,0.0,59.2,69,11,65508,41,65476,0,300,0,0,8,20529,65476,0,0,61604,60.0,0.0,0.0,0.0,0.0,0.0
2026-04-04T11:32:13,ERR,ERR,ERR,ERR,ERR,ERR,ERR,ERR,ERR,ERR,ERR,ERR,ERR,ERR,ERR,ERR,ERR,ERR,ERR,ERR,ERR,ERR,ERR,ERR,ERR,ERR,ERR,ERR,ERR,ERR,ERR,ERR,ERR,ERR,ERR,ERR,ERR,ERR,ERR,ERR,ERR,ERR,ERR,ERR,ERR,ERR,ERR,ERR,ERR,ERR,ERR,ERR,ERR,ERR,ERR,ERR,ERR,ERR,ERR,ERR,ERR,ERR,ERR,ERR,ERR,ERR,ERR,ERR,ERR,ERR,ERR,ERR,ERR,ERR,ERR,ERR,ERR,ERR,ERR,ERR,ERR,ERR,ERR,ERR,ERR,ERR,ERR,ERR,ERR,ERR,ERR,ERR,ERR,ERR,ERR,ERR,ERR,ERR,ERR,ERR,ERR,ERR,ERR,ERR,ERR,ERR,ERR,ERR,ERR,ERR,ERR,ERR,ERR,ERR,ERR,ERR,ERR,ERR,ERR,ERR,ERR,ERR,ERR,ERR,ERR,0.0,-0.0,-0.0,0.0,0.0,0.0,0.0,nan,0,0,0,32768,0,0.0,0,0.0,0.0,0.0,0.0,0.0,0,0,0,0,0.0,0,0,0,0,0,0,0,0,0,0,0,0,0,0,0,0,0,0,0,0,0,0,0,0,0,0,0,0,0,0,0,0,0,0,0,0,0,0,0,0,0,0,0,0,0.0,0.0,0.0,0.0,0.0,0.0,0.0,0.0,0.0,0.0,0.0,0.0,0.0,0.0,0.0,0.0,0.0,0.0,0.0,0.0,0.0,0.0,-2.004,-2.004,-2.004,-0.0,0.0,0.0,0.0,0.0,3382.5,-0.0,0.0,0.0,-0.0,-0.0,2.7184274988523002e+23,0.0,0.0,0.0,0.0,0,-126841012224.0,5.848029934006574e+35,0.0,0.0,0.0,0.0,0.0,0.0,0.0,0,0,0,0.0,0.0,0.0,0.0,0.0,0.0,0.0,0.0,0.0,0.0,0.0,0.0,0.0,0.0,0.0,0.0,0,-107875648.0,0,0.0,0,-107875648.0,-107877712.0,0,13107,17039,26215,17053,39322,17037,0,0,0,110,100,100,2.7302334150594743e+23,64.0,0.0,64.9,-107615304.0,68.5,1,49,50,180,0,26215,0,0,0.0,0.0,0.0,0.0,-2753242333184.0,65.0,0.0,-0.0,0.0,645,0,687,0,0,0,716,0,787,0,708,0,689,0,645,0,642,0,617,0.032,36962304.0,2.004,-107615152.0,29584,16788,-27937.254,-0.0,0.0,0.0,8.685701636339328e+30,-0.0,29.0,60.0,70,0.0,0.0,0.0,0.0,0.0,0.0,0.0,0.0,0.0,0.0,0.0,0.0,0.0,0.0,0.0,0.0,59.2,69,11,65508,41,65476,0,300,0,0,8,20529,65476,0,0,61604,60.0,0.0,0.0,0.0,0.0,0.0
2026-04-04T11:32:14,ERR,ERR,ERR,ERR,ERR,ERR,ERR,ERR,ERR,ERR,ERR,ERR,ERR,ERR,ERR,ERR,ERR,ERR,ERR,ERR,ERR,ERR,ERR,ERR,ERR,ERR,ERR,ERR,ERR,ERR,ERR,ERR,ERR,ERR,ERR,ERR,ERR,ERR,ERR,ERR,ERR,ERR,ERR,ERR,ERR,ERR,ERR,ERR,ERR,ERR,ERR,ERR,ERR,ERR,ERR,ERR,ERR,ERR,ERR,ERR,ERR,ERR,ERR,ERR,ERR,ERR,ERR,ERR,ERR,ERR,ERR,ERR,ERR,ERR,ERR,ERR,ERR,ERR,ERR,ERR,ERR,ERR,ERR,ERR,ERR,ERR,ERR,ERR,ERR,ERR,ERR,ERR,ERR,ERR,ERR,ERR,ERR,ERR,ERR,ERR,ERR,ERR,ERR,ERR,ERR,ERR,ERR,ERR,ERR,ERR,ERR,ERR,ERR,ERR,ERR,ERR,ERR,ERR,ERR,ERR,ERR,ERR,ERR,ERR,ERR,0.0,-0.0,-101055584.0,0.0,0.0,0.0,0.0,nan,0,0,0,32768,0,0.0,0,0.0,0.0,0.0,0.0,0.0,0,0,0,0,0.0,0,0,0,0,0,0,0,0,0,0,0,0,0,0,0,0,0,0,0,0,0,0,0,0,0,0,0,0,0,0,0,0,0,0,0,0,0,0,0,0,0,0,0,0,0.0,0.0,0.0,0.0,0.0,0.0,0.0,0.0,0.0,0.0,0.0,0.0,0.0,0.0,0.0,0.0,0.0,0.0,0.0,0.0,0.0,0.0,-2.004,-2.004,-2.004,-0.0,0.0,0.0,0.0,0.0,3380.0,-0.0,0.0,0.0,-0.0,-0.0,2.7184274988523002e+23,0.0,0.0,0.0,0.0,0,-0.0,2.7184057014301037e+23,0.0,0.0,0.0,0.0,0.0,0.0,0.0,0,0,0,0.0,0.0,0.0,0.0,0.0,0.0,0.0,0.0,0.0,0.0,0.0,0.0,0.0,0.0,0.0,0.0,0,-107875648.0,0,0.0,0,-107875648.0,-107877712.0,0,13107,17039,26215,17053,39322,17037,0,0,0,110,100,100,2.7302334150594743e+23,64.0,0.0,64.9,-107615304.0,68.5,1,49,50,180,0,26215,0,0,0.0,0.0,0.0,0.0,-2753242333184.0,65.0,0.0,-0.0,0.0,645,0,687,0,0,0,716,0,787,0,708,0,689,0,645,0,642,0,617,0.032,36962304.0,2.004,-107615152.0,29584,16788,-27937.254,-0.0,0.0,0.0,8.685701636339328e+30,-0.0,29.0,60.0,70,0.0,0.0,0.0,0.0,0.0,0.0,0.0,0.0,0.0,0.0,0.0,0.0,0.0,0.0,0.0,0.0,59.2,69,11,65508,41,65476,0,300,0,0,8,20529,65476,0,0,61604,60.0,0.0,0.0,0.0,0.0,0.0
2026-04-04T11:32:15,ERR,ERR,ERR,ERR,ERR,ERR,ERR,ERR,ERR,ERR,ERR,ERR,ERR,ERR,ERR,ERR,ERR,ERR,ERR,ERR,ERR,ERR,ERR,ERR,ERR,ERR,ERR,ERR,ERR,ERR,ERR,ERR,ERR,ERR,ERR,ERR,ERR,ERR,ERR,ERR,ERR,ERR,ERR,ERR,ERR,ERR,ERR,ERR,ERR,ERR,ERR,ERR,ERR,ERR,ERR,ERR,ERR,ERR,ERR,ERR,ERR,ERR,ERR,ERR,ERR,ERR,ERR,ERR,ERR,ERR,ERR,ERR,ERR,ERR,ERR,ERR,ERR,ERR,ERR,ERR,ERR,ERR,ERR,ERR,ERR,ERR,ERR,ERR,ERR,ERR,ERR,ERR,ERR,ERR,ERR,ERR,ERR,ERR,ERR,ERR,ERR,ERR,ERR,ERR,ERR,ERR,ERR,ERR,ERR,ERR,ERR,ERR,ERR,ERR,ERR,ERR,ERR,ERR,ERR,ERR,ERR,ERR,ERR,ERR,ERR,0.0,-0.0,-101055584.0,0.0,0.0,0.0,0.0,nan,0,0,0,32768,0,0.0,0,0.0,0.0,0.0,0.0,0.0,0,0,0,0,0.0,0,0,0,0,0,0,0,0,0,0,0,0,0,0,0,0,0,0,0,0,0,0,0,0,0,0,0,0,0,0,0,0,0,0,0,0,0,0,0,0,0,0,0,0,0.0,0.0,0.0,0.0,0.0,0.0,0.0,0.0,0.0,0.0,0.0,0.0,0.0,0.0,0.0,0.0,0.0,0.0,0.0,0.0,0.0,0.0,-2.004,-2.004,-2.004,-0.0,0.0,0.0,0.0,0.0,3380.0,-0.0,0.0,0.0,-0.0,-0.0,2.7184274988523002e+23,0.0,0.0,0.0,0.0,0,-0.0,2.7184057014301037e+23,0.0,0.0,0.0,0.0,0.0,0.0,0.0,0,0,0,0.0,0.0,0.0,0.0,0.0,0.0,0.0,0.0,0.0,0.0,0.0,0.0,0.0,0.0,0.0,0.0,0,-107875648.0,0,0.0,0,-107875648.0,-107877712.0,0,13107,17039,26215,17053,39322,17037,0,0,0,110,100,100,2.7302334150594743e+23,64.0,0.0,64.9,-107615304.0,68.5,1,49,50,180,0,26215,0,0,0.0,0.0,0.0,0.0,-2753242333184.0,65.0,0.0,-0.0,0.0,645,0,687,0,0,0,716,0,787,0,708,0,689,0,645,0,642,0,617,0.032,36962304.0,2.004,-107615152.0,29584,16788,-27937.254,-0.0,0.0,0.0,8.685701636339328e+30,-0.0,29.0,60.0,70,0.0,0.0,0.0,0.0,0.0,0.0,0.0,0.0,0.0,0.0,0.0,0.0,0.0,0.0,0.0,0.0,59.2,69,11,65508,41,65476,0,300,0,0,8,20529,65476,0,0,61604,60.0,0.0,0.0,0.0,0.0,0.0
2026-04-04T11:32:16,ERR,ERR,ERR,ERR,ERR,ERR,ERR,ERR,ERR,ERR,ERR,ERR,ERR,ERR,ERR,ERR,ERR,ERR,ERR,ERR,ERR,ERR,ERR,ERR,ERR,ERR,ERR,ERR,ERR,ERR,ERR,ERR,ERR,ERR,ERR,ERR,ERR,ERR,ERR,ERR,ERR,ERR,ERR,ERR,ERR,ERR,ERR,ERR,ERR,ERR,ERR,ERR,ERR,ERR,ERR,ERR,ERR,ERR,ERR,ERR,ERR,ERR,ERR,ERR,ERR,ERR,ERR,ERR,ERR,ERR,ERR,ERR,ERR,ERR,ERR,ERR,ERR,ERR,ERR,ERR,ERR,ERR,ERR,ERR,ERR,ERR,ERR,ERR,ERR,ERR,ERR,ERR,ERR,ERR,ERR,ERR,ERR,ERR,ERR,ERR,ERR,ERR,ERR,ERR,ERR,ERR,ERR,ERR,ERR,ERR,ERR,ERR,ERR,ERR,ERR,ERR,ERR,ERR,ERR,ERR,ERR,ERR,ERR,ERR,ERR,0.0,-0.0,-101055584.0,0.0,0.0,0.0,0.0,nan,0,0,0,32768,0,0.0,0,0.0,0.0,0.0,0.0,0.0,0,0,0,0,0.0,0,0,0,0,0,0,0,0,0,0,0,0,0,0,0,0,0,0,0,0,0,0,0,0,0,0,0,0,0,0,0,0,0,0,0,0,0,0,0,0,0,0,0,0,0.0,0.0,0.0,0.0,0.0,0.0,0.0,0.0,0.0,0.0,0.0,0.0,0.0,0.0,0.0,0.0,0.0,0.0,0.0,0.0,0.0,0.0,-2.004,-2.004,-2.004,-0.0,0.0,0.0,0.0,0.0,3380.0,-0.0,0.0,0.0,-0.0,-0.0,2.7184274988523002e+23,0.0,0.0,0.0,0.0,0,-0.0,2.7184057014301037e+23,0.0,0.0,0.0,0.0,0.0,0.0,0.0,0,0,0,0.0,0.0,0.0,0.0,0.0,0.0,0.0,0.0,0.0,0.0,0.0,0.0,0.0,0.0,0.0,0.0,0,-107875648.0,0,0.0,0,-107875648.0,-107877712.0,0,13107,17039,26215,17053,39322,17037,0,0,0,110,100,100,2.7302334150594743e+23,64.0,0.0,64.9,-107615304.0,68.5,1,49,50,180,0,26215,0,0,0.0,0.0,0.0,0.0,-2753242333184.0,65.0,0.0,-0.0,0.0,645,0,687,0,0,0,716,0,787,0,708,0,689,0,645,0,642,0,617,0.032,36962304.0,2.004,-107615152.0,29584,16788,-27937.254,-0.0,0.0,0.0,8.685701636339328e+30,-0.0,29.0,60.0,70,0.0,0.0,0.0,0.0,0.0,0.0,0.0,0.0,0.0,0.0,0.0,0.0,0.0,0.0,0.0,0.0,59.2,69,11,65508,41,65476,0,300,0,0,8,20529,65476,0,0,61604,60.0,0.0,0.0,0.0,0.0,0.0
2026-04-04T11:32:17,ERR,ERR,ERR,ERR,ERR,ERR,ERR,ERR,ERR,ERR,ERR,ERR,ERR,ERR,ERR,ERR,ERR,ERR,ERR,ERR,ERR,ERR,ERR,ERR,ERR,ERR,ERR,ERR,ERR,ERR,ERR,ERR,ERR,ERR,ERR,ERR,ERR,ERR,ERR,ERR,ERR,ERR,ERR,ERR,ERR,ERR,ERR,ERR,ERR,ERR,ERR,ERR,ERR,ERR,ERR,ERR,ERR,ERR,ERR,ERR,ERR,ERR,ERR,ERR,ERR,ERR,ERR,ERR,ERR,ERR,ERR,ERR,ERR,ERR,ERR,ERR,ERR,ERR,ERR,ERR,ERR,ERR,ERR,ERR,ERR,ERR,ERR,ERR,ERR,ERR,ERR,ERR,ERR,ERR,ERR,ERR,ERR,ERR,ERR,ERR,ERR,ERR,ERR,ERR,ERR,ERR,ERR,ERR,ERR,ERR,ERR,ERR,ERR,ERR,ERR,ERR,ERR,ERR,ERR,ERR,ERR,ERR,ERR,ERR,ERR,0.0,-0.0,-101055584.0,0.0,0.0,0.0,0.0,nan,0,0,0,32768,0,0.0,0,0.0,0.0,0.0,0.0,0.0,0,0,0,0,0.0,0,0,0,0,0,0,0,0,0,0,0,0,0,0,0,0,0,0,0,0,0,0,0,0,0,0,0,0,0,0,0,0,0,0,0,0,0,0,0,0,0,0,0,0,0.0,0.0,0.0,0.0,0.0,0.0,0.0,0.0,0.0,0.0,0.0,0.0,0.0,0.0,0.0,0.0,0.0,0.0,0.0,0.0,0.0,0.0,-2.004,-2.004,-2.004,-0.0,0.0,0.0,0.0,0.0,3380.0,-0.0,0.0,0.0,-0.0,-0.0,2.7184274988523002e+23,0.0,0.0,0.0,0.0,0,-0.0,2.7184057014301037e+23,0.0,0.0,0.0,0.0,0.0,0.0,0.0,0,0,0,0.0,0.0,0.0,0.0,0.0,0.0,0.0,0.0,0.0,0.0,0.0,0.0,0.0,0.0,0.0,0.0,0,-107875648.0,0,0.0,0,-107875648.0,-107877712.0,0,13107,17039,39322,17053,39322,17037,0,0,0,110,100,100,2.7302334150594743e+23,64.0,0.0,64.9,-107615304.0,68.5,1,49,50,180,0,26215,0,0,0.0,0.0,0.0,0.0,-2048999680.0,65.0,0.0,-0.0,0.0,645,0,687,0,0,0,716,0,787,0,708,0,689,0,645,0,642,0,617,0.032,36962304.0,2.004,-107615152.0,46608,16788,-1.2684655480274944e+16,-4.6445106324045824e+17,7.351853005170555e+25,-36765284.0,-0.0,-8364097.5,29.0,60.0,70,0.0,0.0,0.0,0.0,0.0,0.0,0.0,0.0,0.0,0.0,0.0,0.0,0.0,0.0,0.0,0.0,59.6,69,11,65508,41,65476,0,300,0,0,8,20529,65476,0,0,61604,60.0,0.0,0.0,0.0,0.0,0.0
2026-04-04T11:32:18,ERR,ERR,ERR,ERR,ERR,ERR,ERR,ERR,ERR,ERR,ERR,ERR,ERR,ERR,ERR,ERR,ERR,ERR,ERR,ERR,ERR,ERR,ERR,ERR,ERR,ERR,ERR,ERR,ERR,ERR,ERR,ERR,ERR,ERR,ERR,ERR,ERR,ERR,ERR,ERR,ERR,ERR,ERR,ERR,ERR,ERR,ERR,ERR,ERR,ERR,ERR,ERR,ERR,ERR,ERR,ERR,ERR,ERR,ERR,ERR,ERR,ERR,ERR,ERR,ERR,ERR,ERR,ERR,ERR,ERR,ERR,ERR,ERR,ERR,ERR,ERR,ERR,ERR,ERR,ERR,ERR,ERR,ERR,ERR,ERR,ERR,ERR,ERR,ERR,ERR,ERR,ERR,ERR,ERR,ERR,ERR,ERR,ERR,ERR,ERR,ERR,ERR,ERR,ERR,ERR,ERR,ERR,ERR,ERR,ERR,ERR,ERR,ERR,ERR,ERR,ERR,ERR,ERR,ERR,ERR,ERR,ERR,ERR,ERR,ERR,0.0,-0.0,-101055584.0,0.0,0.0,0.0,0.0,nan,0,0,0,32768,0,0.0,0,0.0,0.0,0.0,0.0,0.0,0,0,0,0,0.0,0,0,0,0,0,0,0,0,0,0,0,0,0,0,0,0,0,0,0,0,0,0,0,0,0,0,0,0,0,0,0,0,0,0,0,0,0,0,0,0,0,0,0,0,0.0,0.0,0.0,0.0,0.0,0.0,0.0,0.0,0.0,0.0,0.0,0.0,0.0,0.0,0.0,0.0,0.0,0.0,0.0,0.0,0.0,0.0,-2.004,-2.004,-2.004,-0.0,0.0,0.0,0.0,0.0,3380.0,-0.0,0.0,0.0,-0.0,-0.0,2.7184274988523002e+23,0.0,0.0,0.0,0.0,0,-0.0,2.7184057014301037e+23,0.0,0.0,0.0,0.0,0.0,0.0,0.0,0,0,0,0.0,0.0,0.0,0.0,0.0,0.0,0.0,0.0,0.0,0.0,0.0,0.0,0.0,0.0,0.0,0.0,0,-107875648.0,0,0.0,0,-107875648.0,-107877712.0,0,13107,17039,39322,17053,39322,17037,0,0,0,110,100,100,2.7302334150594743e+23,64.0,0.0,64.9,-107615304.0,68.5,1,49,50,180,0,26215,0,0,0.0,0.0,0.0,0.0,-2048999680.0,65.0,0.0,-0.0,0.0,645,0,687,0,0,0,716,0,787,0,708,0,689,0,645,0,642,0,617,0.032,36962304.0,2.004,-107615152.0,46608,16788,-1.2684655480274944e+16,-4.6445106324045824e+17,7.351853005170555e+25,-36765284.0,-0.0,-8364097.5,29.0,60.0,70,0.0,0.0,0.0,0.0,0.0,0.0,0.0,0.0,0.0,0.0,0.0,0.0,0.0,0.0,0.0,0.0,59.6,69,11,65508,41,65476,0,300,0,0,8,20529,65476,0,0,61604,60.0,0.0,0.0,0.0,0.0,0.0
2026-04-04T11:32:19,ERR,ERR,ERR,ERR,ERR,ERR,ERR,ERR,ERR,ERR,ERR,ERR,ERR,ERR,ERR,ERR,ERR,ERR,ERR,ERR,ERR,ERR,ERR,ERR,ERR,ERR,ERR,ERR,ERR,ERR,ERR,ERR,ERR,ERR,ERR,ERR,ERR,ERR,ERR,ERR,ERR,ERR,ERR,ERR,ERR,ERR,ERR,ERR,ERR,ERR,ERR,ERR,ERR,ERR,ERR,ERR,ERR,ERR,ERR,ERR,ERR,ERR,ERR,ERR,ERR,ERR,ERR,ERR,ERR,ERR,ERR,ERR,ERR,ERR,ERR,ERR,ERR,ERR,ERR,ERR,ERR,ERR,ERR,ERR,ERR,ERR,ERR,ERR,ERR,ERR,ERR,ERR,ERR,ERR,ERR,ERR,ERR,ERR,ERR,ERR,ERR,ERR,ERR,ERR,ERR,ERR,ERR,ERR,ERR,ERR,ERR,ERR,ERR,ERR,ERR,ERR,ERR,ERR,ERR,ERR,ERR,ERR,ERR,ERR,ERR,0.0,-0.0,-101055584.0,0.0,0.0,0.0,0.0,nan,0,0,0,32768,0,0.0,0,0.0,0.0,0.0,0.0,0.0,0,0,0,0,0.0,0,0,0,0,0,0,0,0,0,0,0,0,0,0,0,0,0,0,0,0,0,0,0,0,0,0,0,0,0,0,0,0,0,0,0,0,0,0,0,0,0,0,0,0,0.0,0.0,0.0,0.0,0.0,0.0,0.0,0.0,0.0,0.0,0.0,0.0,0.0,0.0,0.0,0.0,0.0,0.0,0.0,0.0,0.0,0.0,-2.004,-2.004,-2.004,-0.0,0.0,0.0,0.0,0.0,3380.0,-0.0,0.0,0.0,-0.0,-0.0,2.7184274988523002e+23,0.0,0.0,0.0,0.0,0,-0.0,2.7184057014301037e+23,0.0,0.0,0.0,0.0,0.0,0.0,0.0,0,0,0,0.0,0.0,0.0,0.0,0.0,0.0,0.0,0.0,0.0,0.0,0.0,0.0,0.0,0.0,0.0,0.0,0,-107875648.0,0,0.0,0,-107875648.0,-107877712.0,0,13107,17039,39322,17053,39322,17037,0,0,0,110,100,100,2.7302334150594743e+23,64.0,0.0,64.9,-107615304.0,68.5,1,49,50,180,0,26215,0,0,0.0,0.0,0.0,0.0,-2048999680.0,65.0,0.0,-0.0,0.0,645,0,687,0,0,0,716,0,787,0,708,0,689,0,645,0,642,0,617,0.032,36962304.0,2.004,-107615152.0,46608,16788,-1.2684655480274944e+16,-4.6445106324045824e+17,7.351853005170555e+25,-36765284.0,-0.0,-8364097.5,29.0,60.0,70,0.0,0.0,0.0,0.0,0.0,0.0,0.0,0.0,0.0,0.0,0.0,0.0,0.0,0.0,0.0,0.0,59.6,69,11,65508,41,65476,0,300,0,0,8,20529,65476,0,0,61604,60.0,0.0,0.0,0.0,0.0,0.0
2026-04-04T11:32:20,ERR,ERR,ERR,ERR,ERR,ERR,ERR,ERR,ERR,ERR,ERR,ERR,ERR,ERR,ERR,ERR,ERR,ERR,ERR,ERR,ERR,ERR,ERR,ERR,ERR,ERR,ERR,ERR,ERR,ERR,ERR,ERR,ERR,ERR,ERR,ERR,ERR,ERR,ERR,ERR,ERR,ERR,ERR,ERR,ERR,ERR,ERR,ERR,ERR,ERR,ERR,ERR,ERR,ERR,ERR,ERR,ERR,ERR,ERR,ERR,ERR,ERR,ERR,ERR,ERR,ERR,ERR,ERR,ERR,ERR,ERR,ERR,ERR,ERR,ERR,ERR,ERR,ERR,ERR,ERR,ERR,ERR,ERR,ERR,ERR,ERR,ERR,ERR,ERR,ERR,ERR,ERR,ERR,ERR,ERR,ERR,ERR,ERR,ERR,ERR,ERR,ERR,ERR,ERR,ERR,ERR,ERR,ERR,ERR,ERR,ERR,ERR,ERR,ERR,ERR,ERR,ERR,ERR,ERR,ERR,ERR,ERR,ERR,ERR,ERR,0.0,-0.0,-101055584.0,0.0,0.0,0.0,0.0,nan,0,0,0,32768,0,0.0,0,0.0,0.0,0.0,0.0,0.0,0,0,0,0,0.0,0,0,0,0,0,0,0,0,0,0,0,0,0,0,0,0,0,0,0,0,0,0,0,0,0,0,0,0,0,0,0,0,0,0,0,0,0,0,0,0,0,0,0,0,0.0,0.0,0.0,0.0,0.0,0.0,0.0,0.0,0.0,0.0,0.0,0.0,0.0,0.0,0.0,0.0,0.0,0.0,0.0,0.0,0.0,0.0,-2.004,-2.004,-2.004,-0.0,0.0,0.0,0.0,0.0,3380.0,-0.0,0.0,0.0,-0.0,-0.0,2.7184274988523002e+23,0.0,0.0,0.0,0.0,0,-0.0,2.7184057014301037e+23,0.0,0.0,0.0,0.0,0.0,0.0,0.0,0,0,0,0.0,0.0,0.0,0.0,0.0,0.0,0.0,0.0,0.0,0.0,0.0,0.0,0.0,0.0,0.0,0.0,0,-107875648.0,0,0.0,0,-107875648.0,-107877712.0,0,13107,17039,39322,17053,39322,17037,0,0,0,110,100,100,2.7302334150594743e+23,64.0,0.0,64.9,-107615304.0,68.5,1,49,50,180,0,26215,0,0,0.0,0.0,0.0,0.0,-2048999680.0,65.0,0.0,-0.0,0.0,645,0,687,0,0,0,716,0,787,0,708,0,689,0,645,0,642,0,617,0.032,36962304.0,2.004,-107615152.0,46608,16788,-1.2684655480274944e+16,-4.6445106324045824e+17,7.351853005170555e+25,-36765284.0,-0.0,-8364097.5,29.0,60.0,70,0.0,0.0,0.0,0.0,0.0,0.0,0.0,0.0,0.0,0.0,0.0,0.0,0.0,0.0,0.0,0.0,59.2,69,11,65508,41,65476,0,300,0,0,8,20529,65476,0,0,61604,60.0,0.0,0.0,0.0,0.0,0.0
2026-04-04T11:32:21,ERR,ERR,ERR,ERR,ERR,ERR,ERR,ERR,ERR,ERR,ERR,ERR,ERR,ERR,ERR,ERR,ERR,ERR,ERR,ERR,ERR,ERR,ERR,ERR,ERR,ERR,ERR,ERR,ERR,ERR,ERR,ERR,ERR,ERR,ERR,ERR,ERR,ERR,ERR,ERR,ERR,ERR,ERR,ERR,ERR,ERR,ERR,ERR,ERR,ERR,ERR,ERR,ERR,ERR,ERR,ERR,ERR,ERR,ERR,ERR,ERR,ERR,ERR,ERR,ERR,ERR,ERR,ERR,ERR,ERR,ERR,ERR,ERR,ERR,ERR,ERR,ERR,ERR,ERR,ERR,ERR,ERR,ERR,ERR,ERR,ERR,ERR,ERR,ERR,ERR,ERR,ERR,ERR,ERR,ERR,ERR,ERR,ERR,ERR,ERR,ERR,ERR,ERR,ERR,ERR,ERR,ERR,ERR,ERR,ERR,ERR,ERR,ERR,ERR,ERR,ERR,ERR,ERR,ERR,ERR,ERR,ERR,ERR,ERR,ERR,0.0,-0.0,-101055584.0,0.0,0.0,0.0,0.0,nan,0,0,0,32768,0,0.0,0,0.0,0.0,0.0,0.0,0.0,0,0,0,0,0.0,0,0,0,0,0,0,0,0,0,0,0,0,0,0,0,0,0,0,0,0,0,0,0,0,0,0,0,0,0,0,0,0,0,0,0,0,0,0,0,0,0,0,0,0,0.0,0.0,0.0,0.0,0.0,0.0,0.0,0.0,0.0,0.0,0.0,0.0,0.0,0.0,0.0,0.0,0.0,0.0,0.0,0.0,0.0,0.0,-0.0,-2.004,-2.004,-0.0,0.0,0.0,0.0,0.0,3379.0,-2.004,0.0,0.0,-0.0,-0.0,2.7184274988523002e+23,0.0,0.0,0.0,0.0,0,-0.0,2.7184057014301037e+23,0.0,0.0,0.0,0.0,0.0,0.0,0.0,0,0,0,0.0,0.0,0.0,0.0,0.0,0.0,0.0,0.0,0.0,0.0,0.0,0.0,0.0,0.0,0.0,0.0,0,-107875648.0,0,0.0,0,-107875648.0,-107877712.0,0,13107,17039,39322,17053,39322,17037,0,0,0,110,100,100,2.7302334150594743e+23,64.0,0.0,64.9,-107615304.0,68.5,1,49,50,180,0,26215,0,0,0.0,0.0,0.0,0.0,-2048999680.0,65.0,0.0,-0.0,0.0,645,0,687,0,0,0,716,0,787,0,708,0,689,0,645,0,642,0,617,0.032,36962304.0,2.004,-107615152.0,46608,16788,-1.2684655480274944e+16,-4.6445106324045824e+17,7.351853005170555e+25,-36765284.0,-0.0,-8364097.5,29.0,60.0,70,0.0,0.0,0.0,0.0,0.0,0.0,0.0,0.0,0.0,0.0,0.0,0.0,0.0,0.0,0.0,0.0,59.2,69,11,65508,41,65476,0,300,0,0,8,20529,65476,0,0,61604,60.0,0.0,0.0,0.0,0.0,0.0
2026-04-04T11:32:22,ERR,ERR,ERR,ERR,ERR,ERR,ERR,ERR,ERR,ERR,ERR,ERR,ERR,ERR,ERR,ERR,ERR,ERR,ERR,ERR,ERR,ERR,ERR,ERR,ERR,ERR,ERR,ERR,ERR,ERR,ERR,ERR,ERR,ERR,ERR,ERR,ERR,ERR,ERR,ERR,ERR,ERR,ERR,ERR,ERR,ERR,ERR,ERR,ERR,ERR,ERR,ERR,ERR,ERR,ERR,ERR,ERR,ERR,ERR,ERR,ERR,ERR,ERR,ERR,ERR,ERR,ERR,ERR,ERR,ERR,ERR,ERR,ERR,ERR,ERR,ERR,ERR,ERR,ERR,ERR,ERR,ERR,ERR,ERR,ERR,ERR,ERR,ERR,ERR,ERR,ERR,ERR,ERR,ERR,ERR,ERR,ERR,ERR,ERR,ERR,ERR,ERR,ERR,ERR,ERR,ERR,ERR,ERR,ERR,ERR,ERR,ERR,ERR,ERR,ERR,ERR,ERR,ERR,ERR,ERR,ERR,ERR,ERR,ERR,ERR,0.0,-0.0,-101055584.0,0.0,0.0,0.0,0.0,nan,0,0,0,32768,0,0.0,0,0.0,0.0,0.0,0.0,0.0,0,0,0,0,0.0,0,0,0,0,0,0,0,0,0,0,0,0,0,0,0,0,0,0,0,0,0,0,0,0,0,0,0,0,0,0,0,0,0,0,0,0,0,0,0,0,0,0,0,0,0.0,0.0,0.0,0.0,0.0,0.0,0.0,0.0,0.0,0.0,0.0,0.0,0.0,0.0,0.0,0.0,0.0,0.0,0.0,0.0,0.0,0.0,-0.0,-2.004,-2.004,-0.0,0.0,0.0,0.0,0.0,3379.0,-2.004,0.0,0.0,-0.0,-0.0,2.7184274988523002e+23,0.0,0.0,0.0,0.0,0,-0.0,2.7184057014301037e+23,0.0,0.0,0.0,0.0,0.0,0.0,0.0,0,0,0,0.0,0.0,0.0,0.0,0.0,0.0,0.0,0.0,0.0,0.0,0.0,0.0,0.0,0.0,0.0,0.0,0,-107875648.0,0,0.0,0,-107875648.0,-107877712.0,0,13107,17039,26215,17053,39322,17037,0,0,0,110,100,100,2.7302334150594743e+23,64.0,0.0,64.9,-107615304.0,68.5,1,49,50,180,0,26215,0,0,0.0,0.0,0.0,0.0,-1.4426857277478777e+33,65.0,0.0,0.0,0.0,645,0,687,0,0,0,715,0,787,0,708,0,689,0,645,0,641,0,617,0.032,36700160.0,2.004,-107615152.0,53904,16788,-9.381011820441508e+33,0.0,-33982112595968.0,-0.0,-5.232537901113502e+27,0.0,29.0,60.0,70,0.0,0.0,0.0,0.0,0.0,0.0,0.0,0.0,0.0,0.0,0.0,0.0,0.0,0.0,0.0,0.0,59.2,69,11,65508,41,65476,0,300,0,0,8,20529,65476,0,0,61604,60.0,0.0,0.0,0.0,0.0,0.0
2026-04-04T11:32:23,ERR,ERR,ERR,ERR,ERR,ERR,ERR,ERR,ERR,ERR,ERR,ERR,ERR,ERR,ERR,ERR,ERR,ERR,ERR,ERR,ERR,ERR,ERR,ERR,ERR,ERR,ERR,ERR,ERR,ERR,ERR,ERR,ERR,ERR,ERR,ERR,ERR,ERR,ERR,ERR,ERR,ERR,ERR,ERR,ERR,ERR,ERR,ERR,ERR,ERR,ERR,ERR,ERR,ERR,ERR,ERR,ERR,ERR,ERR,ERR,ERR,ERR,ERR,ERR,ERR,ERR,ERR,ERR,ERR,ERR,ERR,ERR,ERR,ERR,ERR,ERR,ERR,ERR,ERR,ERR,ERR,ERR,ERR,ERR,ERR,ERR,ERR,ERR,ERR,ERR,ERR,ERR,ERR,ERR,ERR,ERR,ERR,ERR,ERR,ERR,ERR,ERR,ERR,ERR,ERR,ERR,ERR,ERR,ERR,ERR,ERR,ERR,ERR,ERR,ERR,ERR,ERR,ERR,ERR,ERR,ERR,ERR,ERR,ERR,ERR,0.0,-0.0,-101055584.0,0.0,0.0,0.0,0.0,nan,0,0,0,32768,0,0.0,0,0.0,0.0,0.0,0.0,0.0,0,0,0,0,0.0,0,0,0,0,0,0,0,0,0,0,0,0,0,0,0,0,0,0,0,0,0,0,0,0,0,0,0,0,0,0,0,0,0,0,0,0,0,0,0,0,0,0,0,0,0.0,0.0,0.0,0.0,0.0,0.0,0.0,0.0,0.0,0.0,0.0,0.0,0.0,0.0,0.0,0.0,0.0,0.0,0.0,0.0,0.0,0.0,-0.0,-2.004,-2.004,-0.0,0.0,0.0,0.0,0.0,3379.0,-2.004,0.0,0.0,-0.0,-0.0,2.7184274988523002e+23,0.0,0.0,0.0,0.0,0,-0.0,2.7184057014301037e+23,0.0,0.0,0.0,0.0,0.0,0.0,0.0,0,0,0,0.0,0.0,0.0,0.0,0.0,0.0,0.0,0.0,0.0,0.0,0.0,0.0,0.0,0.0,0.0,0.0,0,-107875648.0,0,0.0,0,-107875648.0,-107877712.0,0,13107,17039,26215,17053,39322,17037,0,0,0,110,100,100,2.7302334150594743e+23,64.0,0.0,64.9,-107615304.0,68.5,1,49,50,180,0,26215,0,0,0.0,0.0,0.0,0.0,-1.4426857277478777e+33,65.0,0.0,0.0,0.0,645,0,687,0,0,0,715,0,787,0,708,0,689,0,645,0,641,0,617,0.032,36700160.0,2.004,-107615152.0,53904,16788,-9.381011820441508e+33,0.0,-33982112595968.0,-0.0,-5.232537901113502e+27,0.0,29.0,60.0,70,0.0,0.0,0.0,0.0,0.0,0.0,0.0,0.0,0.0,0.0,0.0,0.0,0.0,0.0,0.0,0.0,59.2,69,11,65508,41,65476,0,300,0,0,8,20529,65476,0,0,61604,60.0,0.0,0.0,0.0,0.0,0.0
2026-04-04T11:32:24,ERR,ERR,ERR,ERR,ERR,ERR,ERR,ERR,ERR,ERR,ERR,ERR,ERR,ERR,ERR,ERR,ERR,ERR,ERR,ERR,ERR,ERR,ERR,ERR,ERR,ERR,ERR,ERR,ERR,ERR,ERR,ERR,ERR,ERR,ERR,ERR,ERR,ERR,ERR,ERR,ERR,ERR,ERR,ERR,ERR,ERR,ERR,ERR,ERR,ERR,ERR,ERR,ERR,ERR,ERR,ERR,ERR,ERR,ERR,ERR,ERR,ERR,ERR,ERR,ERR,ERR,ERR,ERR,ERR,ERR,ERR,ERR,ERR,ERR,ERR,ERR,ERR,ERR,ERR,ERR,ERR,ERR,ERR,ERR,ERR,ERR,ERR,ERR,ERR,ERR,ERR,ERR,ERR,ERR,ERR,ERR,ERR,ERR,ERR,ERR,ERR,ERR,ERR,ERR,ERR,ERR,ERR,ERR,ERR,ERR,ERR,ERR,ERR,ERR,ERR,ERR,ERR,ERR,ERR,ERR,ERR,ERR,ERR,ERR,ERR,0.0,-0.0,-101055584.0,0.0,0.0,0.0,0.0,nan,0,0,0,32768,0,0.0,0,0.0,0.0,0.0,0.0,0.0,0,0,0,0,0.0,0,0,0,0,0,0,0,0,0,0,0,0,0,0,0,0,0,0,0,0,0,0,0,0,0,0,0,0,0,0,0,0,0,0,0,0,0,0,0,0,0,0,0,0,0.0,0.0,0.0,0.0,0.0,0.0,0.0,0.0,0.0,0.0,0.0,0.0,0.0,0.0,0.0,0.0,0.0,0.0,0.0,0.0,0.0,0.0,-0.0,-2.004,-2.004,-0.0,0.0,0.0,0.0,0.0,3379.0,-2.004,0.0,0.0,-0.0,-0.0,2.7184274988523002e+23,0.0,0.0,0.0,0.0,0,-0.0,2.7184057014301037e+23,0.0,0.0,0.0,0.0,0.0,0.0,0.0,0,0,0,0.0,0.0,0.0,0.0,0.0,0.0,0.0,0.0,0.0,0.0,0.0,0.0,0.0,0.0,0.0,0.0,0,-107875648.0,0,0.0,0,-107875648.0,-107877712.0,0,13107,17039,26215,17053,39322,17037,0,0,0,110,100,100,2.7302334150594743e+23,64.0,0.0,64.9,-107615304.0,68.5,1,49,50,180,0,26215,0,0,0.0,0.0,0.0,0.0,-1.4426857277478777e+33,65.0,0.0,0.0,0.0,645,0,687,0,0,0,715,0,787,0,708,0,689,0,645,0,641,0,617,0.032,36700160.0,2.004,-107615152.0,53904,16788,-9.381011820441508e+33,0.0,-33982112595968.0,-0.0,-5.232537901113502e+27,0.0,29.0,60.0,70,0.0,0.0,0.0,0.0,0.0,0.0,0.0,0.0,0.0,0.0,0.0,0.0,0.0,0.0,0.0,0.0,59.2,69,11,65508,41,65476,0,300,0,0,8,20529,65476,0,0,61604,60.0,0.0,0.0,0.0,0.0,0.0
2026-04-04T11:32:25,ERR,ERR,ERR,ERR,ERR,ERR,ERR,ERR,ERR,ERR,ERR,ERR,ERR,ERR,ERR,ERR,ERR,ERR,ERR,ERR,ERR,ERR,ERR,ERR,ERR,ERR,ERR,ERR,ERR,ERR,ERR,ERR,ERR,ERR,ERR,ERR,ERR,ERR,ERR,ERR,ERR,ERR,ERR,ERR,ERR,ERR,ERR,ERR,ERR,ERR,ERR,ERR,ERR,ERR,ERR,ERR,ERR,ERR,ERR,ERR,ERR,ERR,ERR,ERR,ERR,ERR,ERR,ERR,ERR,ERR,ERR,ERR,ERR,ERR,ERR,ERR,ERR,ERR,ERR,ERR,ERR,ERR,ERR,ERR,ERR,ERR,ERR,ERR,ERR,ERR,ERR,ERR,ERR,ERR,ERR,ERR,ERR,ERR,ERR,ERR,ERR,ERR,ERR,ERR,ERR,ERR,ERR,ERR,ERR,ERR,ERR,ERR,ERR,ERR,ERR,ERR,ERR,ERR,ERR,ERR,ERR,ERR,ERR,ERR,ERR,0.0,-0.0,-101055584.0,0.0,0.0,0.0,0.0,nan,0,0,0,32768,0,0.0,0,0.0,0.0,0.0,0.0,0.0,0,0,0,0,0.0,0,0,0,0,0,0,0,0,0,0,0,0,0,0,0,0,0,0,0,0,0,0,0,0,0,0,0,0,0,0,0,0,0,0,0,0,0,0,0,0,0,0,0,0,0.0,0.0,0.0,0.0,0.0,0.0,0.0,0.0,0.0,0.0,0.0,0.0,0.0,0.0,0.0,0.0,0.0,0.0,0.0,0.0,0.0,0.0,-0.0,-2.004,-2.004,-0.0,0.0,0.0,0.0,0.0,3379.0,-2.004,0.0,0.0,-0.0,-0.0,2.7184274988523002e+23,0.0,0.0,0.0,0.0,0,-0.0,2.7184057014301037e+23,0.0,0.0,0.0,0.0,0.0,0.0,0.0,0,0,0,0.0,0.0,0.0,0.0,0.0,0.0,0.0,0.0,0.0,0.0,0.0,0.0,0.0,0.0,0.0,0.0,0,-107875648.0,0,0.0,0,-107875648.0,-107877712.0,0,13107,17039,26215,17053,39322,17037,0,0,0,110,100,100,2.7302334150594743e+23,64.0,0.0,64.9,-107615304.0,68.5,1,49,50,180,0,26215,0,0,0.0,0.0,0.0,0.0,-1.4426857277478777e+33,65.0,0.0,0.0,0.0,645,0,687,0,0,0,715,0,787,0,708,0,689,0,645,0,641,0,617,0.032,36700160.0,2.004,-107615152.0,53904,16788,-9.381011820441508e+33,0.0,-33982112595968.0,-0.0,-5.232537901113502e+27,0.0,29.0,60.0,70,0.0,0.0,0.0,0.0,0.0,0.0,0.0,0.0,0.0,0.0,0.0,0.0,0.0,0.0,0.0,0.0,59.2,69,11,65508,41,65476,0,300,0,0,8,20529,65476,0,0,61604,60.0,0.0,0.0,0.0,0.0,0.0
2026-04-04T11:32:26,ERR,ERR,ERR,ERR,ERR,ERR,ERR,ERR,ERR,ERR,ERR,ERR,ERR,ERR,ERR,ERR,ERR,ERR,ERR,ERR,ERR,ERR,ERR,ERR,ERR,ERR,ERR,ERR,ERR,ERR,ERR,ERR,ERR,ERR,ERR,ERR,ERR,ERR,ERR,ERR,ERR,ERR,ERR,ERR,ERR,ERR,ERR,ERR,ERR,ERR,ERR,ERR,ERR,ERR,ERR,ERR,ERR,ERR,ERR,ERR,ERR,ERR,ERR,ERR,ERR,ERR,ERR,ERR,ERR,ERR,ERR,ERR,ERR,ERR,ERR,ERR,ERR,ERR,ERR,ERR,ERR,ERR,ERR,ERR,ERR,ERR,ERR,ERR,ERR,ERR,ERR,ERR,ERR,ERR,ERR,ERR,ERR,ERR,ERR,ERR,ERR,ERR,ERR,ERR,ERR,ERR,ERR,ERR,ERR,ERR,ERR,ERR,ERR,ERR,ERR,ERR,ERR,ERR,ERR,ERR,ERR,ERR,ERR,ERR,ERR,0.0,-0.0,-101055584.0,0.0,0.0,0.0,0.0,nan,0,0,0,32768,0,0.0,0,0.0,0.0,0.0,0.0,0.0,0,0,0,0,0.0,0,0,0,0,0,0,0,0,0,0,0,0,0,0,0,0,0,0,0,0,0,0,0,0,0,0,0,0,0,0,0,0,0,0,0,0,0,0,0,0,0,0,0,0,0.0,0.0,0.0,0.0,0.0,0.0,0.0,0.0,0.0,0.0,0.0,0.0,0.0,0.0,0.0,0.0,0.0,0.0,0.0,0.0,0.0,0.0,-0.0,-2.004,-2.004,-0.0,0.0,0.0,0.0,0.0,3379.0,-2.004,0.0,0.0,-0.0,-0.0,2.7184274988523002e+23,0.0,0.0,0.0,0.0,0,-0.0,2.7184057014301037e+23,0.0,0.0,0.0,0.0,0.0,0.0,0.0,0,0,0,0.0,0.0,0.0,0.0,0.0,0.0,0.0,0.0,0.0,0.0,0.0,0.0,0.0,0.0,0.0,0.0,0,-107875648.0,0,0.0,0,-107875648.0,-107877712.0,0,13107,17039,26215,17053,39322,17037,0,0,0,110,100,100,2.7302334150594743e+23,64.0,0.0,64.9,-107615304.0,68.5,1,49,50,180,0,26215,0,0,0.0,0.0,0.0,0.0,-1.4426857277478777e+33,65.0,0.0,0.0,0.0,645,0,687,0,0,0,715,0,787,0,708,0,689,0,645,0,641,0,617,0.032,36700160.0,2.004,-107615152.0,53904,16788,-9.381011820441508e+33,0.0,-33982112595968.0,-0.0,-5.232537901113502e+27,0.0,29.0,60.0,70,0.0,0.0,0.0,0.0,0.0,0.0,0.0,0.0,0.0,0.0,0.0,0.0,0.0,0.0,0.0,0.0,59.2,69,11,65508,41,65476,0,300,0,0,8,20529,65476,0,0,61604,60.0,0.0,0.0,0.0,0.0,0.0
2026-04-04T11:32:27,ERR,ERR,ERR,ERR,ERR,ERR,ERR,ERR,ERR,ERR,ERR,ERR,ERR,ERR,ERR,ERR,ERR,ERR,ERR,ERR,ERR,ERR,ERR,ERR,ERR,ERR,ERR,ERR,ERR,ERR,ERR,ERR,ERR,ERR,ERR,ERR,ERR,ERR,ERR,ERR,ERR,ERR,ERR,ERR,ERR,ERR,ERR,ERR,ERR,ERR,ERR,ERR,ERR,ERR,ERR,ERR,ERR,ERR,ERR,ERR,ERR,ERR,ERR,ERR,ERR,ERR,ERR,ERR,ERR,ERR,ERR,ERR,ERR,ERR,ERR,ERR,ERR,ERR,ERR,ERR,ERR,ERR,ERR,ERR,ERR,ERR,ERR,ERR,ERR,ERR,ERR,ERR,ERR,ERR,ERR,ERR,ERR,ERR,ERR,ERR,ERR,ERR,ERR,ERR,ERR,ERR,ERR,ERR,ERR,ERR,ERR,ERR,ERR,ERR,ERR,ERR,ERR,ERR,ERR,ERR,ERR,ERR,ERR,ERR,ERR,0.0,-0.0,-101055584.0,0.0,0.0,0.0,0.0,nan,0,0,0,32768,0,0.0,0,0.0,0.0,0.0,0.0,0.0,0,0,0,0,0.0,0,0,0,0,0,0,0,0,0,0,0,0,0,0,0,0,0,0,0,0,0,0,0,0,0,0,0,0,0,0,0,0,0,0,0,0,0,0,0,0,0,0,0,0,0.0,0.0,0.0,0.0,0.0,0.0,0.0,0.0,0.0,0.0,0.0,0.0,0.0,0.0,0.0,0.0,0.0,0.0,0.0,0.0,0.0,0.0,-0.0,-2.004,-2.004,-0.0,0.0,0.0,0.0,0.0,3379.0,-2.004,0.0,0.0,-0.0,-0.0,2.7184274988523002e+23,0.0,0.0,0.0,0.0,0,-0.0,2.7184057014301037e+23,0.0,0.0,0.0,0.0,0.0,0.0,0.0,0,0,0,0.0,0.0,0.0,0.0,0.0,0.0,0.0,0.0,0.0,0.0,0.0,0.0,0.0,0.0,0.0,0.0,0,-107875648.0,0,0.0,0,-107875648.0,-107877712.0,0,13107,17039,26215,17053,39322,17037,0,0,0,110,100,100,2.7302334150594743e+23,64.0,0.0,64.9,-107615304.0,68.5,1,49,50,180,0,26215,0,0,0.0,0.0,0.0,0.0,-1.4426857277478777e+33,65.0,0.0,0.0,0.0,645,0,687,0,0,0,715,0,787,0,708,0,689,0,645,0,641,0,617,0.032,36700160.0,2.004,-107615152.0,53904,16788,-9.381011820441508e+33,0.0,-33982112595968.0,-0.0,-5.232537901113502e+27,0.0,29.0,60.0,70,0.0,0.0,0.0,0.0,0.0,0.0,0.0,0.0,0.0,0.0,0.0,0.0,0.0,0.0,0.0,0.0,59.2,69,11,65508,41,65476,0,300,0,0,8,20529,65476,0,0,61604,60.0,0.0,0.0,0.0,0.0,0.0
2026-04-04T11:32:28,ERR,ERR,ERR,ERR,ERR,ERR,ERR,ERR,ERR,ERR,ERR,ERR,ERR,ERR,ERR,ERR,ERR,ERR,ERR,ERR,ERR,ERR,ERR,ERR,ERR,ERR,ERR,ERR,ERR,ERR,ERR,ERR,ERR,ERR,ERR,ERR,ERR,ERR,ERR,ERR,ERR,ERR,ERR,ERR,ERR,ERR,ERR,ERR,ERR,ERR,ERR,ERR,ERR,ERR,ERR,ERR,ERR,ERR,ERR,ERR,ERR,ERR,ERR,ERR,ERR,ERR,ERR,ERR,ERR,ERR,ERR,ERR,ERR,ERR,ERR,ERR,ERR,ERR,ERR,ERR,ERR,ERR,ERR,ERR,ERR,ERR,ERR,ERR,ERR,ERR,ERR,ERR,ERR,ERR,ERR,ERR,ERR,ERR,ERR,ERR,ERR,ERR,ERR,ERR,ERR,ERR,ERR,ERR,ERR,ERR,ERR,ERR,ERR,ERR,ERR,ERR,ERR,ERR,ERR,ERR,ERR,ERR,ERR,ERR,ERR,0.0,-0.0,-101055584.0,0.0,0.0,0.0,0.0,nan,0,0,0,32768,0,0.0,0,0.0,0.0,0.0,0.0,0.0,0,0,0,0,0.0,0,0,0,0,0,0,0,0,0,0,0,0,0,0,0,0,0,0,0,0,0,0,0,0,0,0,0,0,0,0,0,0,0,0,0,0,0,0,0,0,0,0,0,0,0.0,0.0,0.0,0.0,0.0,0.0,0.0,0.0,0.0,0.0,0.0,0.0,0.0,0.0,0.0,0.0,0.0,0.0,0.0,0.0,0.0,0.0,-0.0,-2.004,-2.004,-0.0,0.0,0.0,0.0,0.0,3379.0,-2.004,0.0,0.0,-0.0,-0.0,2.7184274988523002e+23,0.0,0.0,0.0,0.0,0,-0.0,2.7184057014301037e+23,0.0,0.0,0.0,0.0,0.0,0.0,0.0,0,0,0,0.0,0.0,0.0,0.0,0.0,0.0,0.0,0.0,0.0,0.0,0.0,0.0,0.0,0.0,0.0,0.0,0,-107875648.0,0,0.0,0,-107875648.0,-107877712.0,0,13107,17039,26215,17053,39322,17037,0,0,0,110,100,100,0.0,64.0,0.0,64.9,-107615304.0,68.5,1,49,50,180,0,26215,0,0,0.0,0.0,0.0,0.0,-3.785561015021277e+22,65.0,0.0,0.0,0.0,645,0,687,0,0,0,716,0,787,0,708,0,689,0,645,0,641,0,617,0.032,36700160.0,2.004,-107615152.0,24720,16788,-13211992588288.0,0.0,-0.0,-6.593507520780698e+16,-0.0,-1.2556179797132182e+19,29.0,60.0,70,0.0,0.0,0.0,0.0,0.0,0.0,0.0,0.0,0.0,0.0,0.0,0.0,0.0,0.0,0.0,0.0,59.2,69,11,65508,41,65476,0,300,0,0,8,20529,65476,0,0,61604,60.0,0.0,0.0,0.0,0.0,0.0
2026-04-04T11:32:29,ERR,ERR,ERR,ERR,ERR,ERR,ERR,ERR,ERR,ERR,ERR,ERR,ERR,ERR,ERR,ERR,ERR,ERR,ERR,ERR,ERR,ERR,ERR,ERR,ERR,ERR,ERR,ERR,ERR,ERR,ERR,ERR,ERR,ERR,ERR,ERR,ERR,ERR,ERR,ERR,ERR,ERR,ERR,ERR,ERR,ERR,ERR,ERR,ERR,ERR,ERR,ERR,ERR,ERR,ERR,ERR,ERR,ERR,ERR,ERR,ERR,ERR,ERR,ERR,ERR,ERR,ERR,ERR,ERR,ERR,ERR,ERR,ERR,ERR,ERR,ERR,ERR,ERR,ERR,ERR,ERR,ERR,ERR,ERR,ERR,ERR,ERR,ERR,ERR,ERR,ERR,ERR,ERR,ERR,ERR,ERR,ERR,ERR,ERR,ERR,ERR,ERR,ERR,ERR,ERR,ERR,ERR,ERR,ERR,ERR,ERR,ERR,ERR,ERR,ERR,ERR,ERR,ERR,ERR,ERR,ERR,ERR,ERR,ERR,ERR,0.0,-0.0,-101055584.0,0.0,0.0,0.0,0.0,nan,0,0,0,32768,0,0.0,0,0.0,0.0,0.0,0.0,0.0,0,0,0,0,0.0,0,0,0,0,0,0,0,0,0,0,0,0,0,0,0,0,0,0,0,0,0,0,0,0,0,0,0,0,0,0,0,0,0,0,0,0,0,0,0,0,0,0,0,0,0.0,0.0,0.0,0.0,0.0,0.0,0.0,0.0,0.0,0.0,0.0,0.0,0.0,0.0,0.0,0.0,0.0,0.0,0.0,0.0,0.0,0.0,-0.0,-2.004,-2.004,-0.0,0.0,0.0,0.0,0.0,3379.0,-2.004,0.0,0.0,-0.0,-0.0,2.7184274988523002e+23,0.0,0.0,0.0,0.0,0,-0.0,2.7184057014301037e+23,0.0,0.0,0.0,0.0,0.0,0.0,0.0,0,0,0,0.0,0.0,0.0,0.0,0.0,0.0,0.0,0.0,0.0,0.0,0.0,0.0,0.0,0.0,0.0,0.0,0,-107875648.0,0,0.0,0,-107875648.0,-107877712.0,0,13107,17039,26215,17053,39322,17037,0,0,0,110,100,100,0.0,64.0,0.0,64.9,-107615304.0,68.5,1,49,50,180,0,26215,0,0,0.0,0.0,0.0,0.0,-3.785561015021277e+22,65.0,0.0,0.0,0.0,645,0,687,0,0,0,716,0,787,0,708,0,689,0,645,0,641,0,617,0.032,36700160.0,2.004,-107615152.0,24720,16788,-13211992588288.0,0.0,-0.0,-6.593507520780698e+16,-0.0,-1.2556179797132182e+19,29.0,60.0,70,0.0,0.0,0.0,0.0,0.0,0.0,0.0,0.0,0.0,0.0,0.0,0.0,0.0,0.0,0.0,0.0,59.2,69,11,65508,41,65476,0,300,0,0,8,20529,65476,0,0,61604,60.0,0.0,0.0,0.0,0.0,0.0
2026-04-04T11:32:30,ERR,ERR,ERR,ERR,ERR,ERR,ERR,ERR,ERR,ERR,ERR,ERR,ERR,ERR,ERR,ERR,ERR,ERR,ERR,ERR,ERR,ERR,ERR,ERR,ERR,ERR,ERR,ERR,ERR,ERR,ERR,ERR,ERR,ERR,ERR,ERR,ERR,ERR,ERR,ERR,ERR,ERR,ERR,ERR,ERR,ERR,ERR,ERR,ERR,ERR,ERR,ERR,ERR,ERR,ERR,ERR,ERR,ERR,ERR,ERR,ERR,ERR,ERR,ERR,ERR,ERR,ERR,ERR,ERR,ERR,ERR,ERR,ERR,ERR,ERR,ERR,ERR,ERR,ERR,ERR,ERR,ERR,ERR,ERR,ERR,ERR,ERR,ERR,ERR,ERR,ERR,ERR,ERR,ERR,ERR,ERR,ERR,ERR,ERR,ERR,ERR,ERR,ERR,ERR,ERR,ERR,ERR,ERR,ERR,ERR,ERR,ERR,ERR,ERR,ERR,ERR,ERR,ERR,ERR,ERR,ERR,ERR,ERR,ERR,ERR,0.0,-0.0,-101055584.0,0.0,0.0,0.0,0.0,nan,0,0,0,32768,0,0.0,0,0.0,0.0,0.0,0.0,0.0,0,0,0,0,0.0,0,0,0,0,0,0,0,0,0,0,0,0,0,0,0,0,0,0,0,0,0,0,0,0,0,0,0,0,0,0,0,0,0,0,0,0,0,0,0,0,0,0,0,0,0.0,0.0,0.0,0.0,0.0,0.0,0.0,0.0,0.0,0.0,0.0,0.0,0.0,0.0,0.0,0.0,0.0,0.0,0.0,0.0,0.0,0.0,-2.004,-2.004,-2.004,-0.0,0.0,0.0,0.0,0.0,3377.0,-0.0,0.0,0.0,-0.0,-0.0,2.7184274988523002e+23,0.0,0.0,0.0,0.0,0,-0.0,4.066829101708843e+29,0.0,0.0,0.0,0.0,0.0,0.0,0.0,0,0,0,0.0,0.0,0.0,0.0,0.0,0.0,0.0,0.0,0.0,0.0,0.0,0.0,0.0,0.0,0.0,0.0,0,-107875648.0,0,0.0,0,-107875648.0,-107877712.0,0,13107,17039,26215,17053,39322,17037,0,0,0,110,100,100,0.0,64.0,0.0,64.9,-107615304.0,68.5,1,49,50,180,0,26215,0,0,0.0,0.0,0.0,0.0,-3.785561015021277e+22,65.0,0.0,0.0,0.0,645,0,687,0,0,0,716,0,787,0,708,0,689,0,645,0,641,0,617,0.032,36700160.0,2.004,-107615152.0,24720,16788,-13211992588288.0,0.0,-0.0,-6.593507520780698e+16,-0.0,-1.2556179797132182e+19,29.0,60.0,70,0.0,0.0,0.0,0.0,0.0,0.0,0.0,0.0,0.0,0.0,0.0,0.0,0.0,0.0,0.0,0.0,59.2,69,11,65508,41,65476,0,300,0,0,8,20529,65476,0,0,61604,60.0,0.0,0.0,0.0,0.0,0.0
2026-04-04T11:32:31,ERR,ERR,ERR,ERR,ERR,ERR,ERR,ERR,ERR,ERR,ERR,ERR,ERR,ERR,ERR,ERR,ERR,ERR,ERR,ERR,ERR,ERR,ERR,ERR,ERR,ERR,ERR,ERR,ERR,ERR,ERR,ERR,ERR,ERR,ERR,ERR,ERR,ERR,ERR,ERR,ERR,ERR,ERR,ERR,ERR,ERR,ERR,ERR,ERR,ERR,ERR,ERR,ERR,ERR,ERR,ERR,ERR,ERR,ERR,ERR,ERR,ERR,ERR,ERR,ERR,ERR,ERR,ERR,ERR,ERR,ERR,ERR,ERR,ERR,ERR,ERR,ERR,ERR,ERR,ERR,ERR,ERR,ERR,ERR,ERR,ERR,ERR,ERR,ERR,ERR,ERR,ERR,ERR,ERR,ERR,ERR,ERR,ERR,ERR,ERR,ERR,ERR,ERR,ERR,ERR,ERR,ERR,ERR,ERR,ERR,ERR,ERR,ERR,ERR,ERR,ERR,ERR,ERR,ERR,ERR,ERR,ERR,ERR,ERR,ERR,0.0,-0.0,-101055584.0,0.0,0.0,0.0,0.0,nan,0,0,0,32768,0,0.0,0,0.0,0.0,0.0,0.0,0.0,0,0,0,0,0.0,0,0,0,0,0,0,0,0,0,0,0,0,0,0,0,0,0,0,0,0,0,0,0,0,0,0,0,0,0,0,0,0,0,0,0,0,0,0,0,0,0,0,0,0,0.0,0.0,0.0,0.0,0.0,0.0,0.0,0.0,0.0,0.0,0.0,0.0,0.0,0.0,0.0,0.0,0.0,0.0,0.0,0.0,0.0,0.0,-2.004,-2.004,-2.004,-0.0,0.0,0.0,0.0,0.0,3377.0,-0.0,0.0,0.0,-0.0,-0.0,2.7184274988523002e+23,0.0,0.0,0.0,0.0,0,-0.0,4.066829101708843e+29,0.0,0.0,0.0,0.0,0.0,0.0,0.0,0,0,0,0.0,0.0,0.0,0.0,0.0,0.0,0.0,0.0,0.0,0.0,0.0,0.0,0.0,0.0,0.0,0.0,0,-107875648.0,0,0.0,0,-107875648.0,-107877712.0,0,13107,17039,26215,17053,39322,17037,0,0,0,110,100,100,0.0,64.0,0.0,64.9,-107615304.0,68.5,1,49,50,180,0,26215,0,0,0.0,0.0,0.0,0.0,-3.785561015021277e+22,65.0,0.0,0.0,0.0,645,0,687,0,0,0,716,0,787,0,708,0,689,0,645,0,641,0,617,0.032,36700160.0,2.004,-107615152.0,24720,16788,-13211992588288.0,0.0,-0.0,-6.593507520780698e+16,-0.0,-1.2556179797132182e+19,29.0,60.0,70,0.0,0.0,0.0,0.0,0.0,0.0,0.0,0.0,0.0,0.0,0.0,0.0,0.0,0.0,0.0,0.0,59.2,68,11,65509,41,65476,0,300,0,0,8,20529,65476,0,0,61604,60.0,0.0,0.0,0.0,0.0,0.0
2026-04-04T11:32:32,ERR,ERR,ERR,ERR,ERR,ERR,ERR,ERR,ERR,ERR,ERR,ERR,ERR,ERR,ERR,ERR,ERR,ERR,ERR,ERR,ERR,ERR,ERR,ERR,ERR,ERR,ERR,ERR,ERR,ERR,ERR,ERR,ERR,ERR,ERR,ERR,ERR,ERR,ERR,ERR,ERR,ERR,ERR,ERR,ERR,ERR,ERR,ERR,ERR,ERR,ERR,ERR,ERR,ERR,ERR,ERR,ERR,ERR,ERR,ERR,ERR,ERR,ERR,ERR,ERR,ERR,ERR,ERR,ERR,ERR,ERR,ERR,ERR,ERR,ERR,ERR,ERR,ERR,ERR,ERR,ERR,ERR,ERR,ERR,ERR,ERR,ERR,ERR,ERR,ERR,ERR,ERR,ERR,ERR,ERR,ERR,ERR,ERR,ERR,ERR,ERR,ERR,ERR,ERR,ERR,ERR,ERR,ERR,ERR,ERR,ERR,ERR,ERR,ERR,ERR,ERR,ERR,ERR,ERR,ERR,ERR,ERR,ERR,ERR,ERR,0.0,-0.0,-101055584.0,0.0,0.0,0.0,0.0,nan,0,0,0,32768,0,0.0,0,0.0,0.0,0.0,0.0,0.0,0,0,0,0,0.0,0,0,0,0,0,0,0,0,0,0,0,0,0,0,0,0,0,0,0,0,0,0,0,0,0,0,0,0,0,0,0,0,0,0,0,0,0,0,0,0,0,0,0,0,0.0,0.0,0.0,0.0,0.0,0.0,0.0,0.0,0.0,0.0,0.0,0.0,0.0,0.0,0.0,0.0,0.0,0.0,0.0,0.0,0.0,0.0,-2.004,-2.004,-2.004,-0.0,0.0,0.0,0.0,0.0,3377.0,-0.0,0.0,0.0,-0.0,-0.0,2.7184274988523002e+23,0.0,0.0,0.0,0.0,0,-0.0,4.066829101708843e+29,0.0,0.0,0.0,0.0,0.0,0.0,0.0,0,0,0,0.0,0.0,0.0,0.0,0.0,0.0,0.0,0.0,0.0,0.0,0.0,0.0,0.0,0.0,0.0,0.0,0,-107875648.0,0,0.0,0,-107875648.0,-107877712.0,0,13107,17039,26215,17053,39322,17037,0,0,0,110,100,100,0.0,64.0,0.0,64.9,-107615304.0,68.5,1,49,50,180,0,26215,0,0,0.0,0.0,0.0,0.0,-3.785561015021277e+22,65.0,0.0,0.0,0.0,645,0,687,0,0,0,716,0,787,0,708,0,689,0,645,0,641,0,617,0.032,36700160.0,2.004,-107615152.0,24720,16788,-13211992588288.0,0.0,-0.0,-6.593507520780698e+16,-0.0,-1.2556179797132182e+19,29.0,60.0,70,0.0,0.0,0.0,0.0,0.0,0.0,0.0,0.0,0.0,0.0,0.0,0.0,0.0,0.0,0.0,0.0,59.2,68,11,65509,41,65476,0,300,0,0,8,20529,65476,0,0,61604,60.0,0.0,0.0,0.0,0.0,0.0
2026-04-04T11:32:33,ERR,ERR,ERR,ERR,ERR,ERR,ERR,ERR,ERR,ERR,ERR,ERR,ERR,ERR,ERR,ERR,ERR,ERR,ERR,ERR,ERR,ERR,ERR,ERR,ERR,ERR,ERR,ERR,ERR,ERR,ERR,ERR,ERR,ERR,ERR,ERR,ERR,ERR,ERR,ERR,ERR,ERR,ERR,ERR,ERR,ERR,ERR,ERR,ERR,ERR,ERR,ERR,ERR,ERR,ERR,ERR,ERR,ERR,ERR,ERR,ERR,ERR,ERR,ERR,ERR,ERR,ERR,ERR,ERR,ERR,ERR,ERR,ERR,ERR,ERR,ERR,ERR,ERR,ERR,ERR,ERR,ERR,ERR,ERR,ERR,ERR,ERR,ERR,ERR,ERR,ERR,ERR,ERR,ERR,ERR,ERR,ERR,ERR,ERR,ERR,ERR,ERR,ERR,ERR,ERR,ERR,ERR,ERR,ERR,ERR,ERR,ERR,ERR,ERR,ERR,ERR,ERR,ERR,ERR,ERR,ERR,ERR,ERR,ERR,ERR,0.0,-0.0,-101055584.0,0.0,0.0,0.0,0.0,nan,0,0,0,32768,0,0.0,0,0.0,0.0,0.0,0.0,0.0,0,0,0,0,0.0,0,0,0,0,0,0,0,0,0,0,0,0,0,0,0,0,0,0,0,0,0,0,0,0,0,0,0,0,0,0,0,0,0,0,0,0,0,0,0,0,0,0,0,0,0.0,0.0,0.0,0.0,0.0,0.0,0.0,0.0,0.0,0.0,0.0,0.0,0.0,0.0,0.0,0.0,0.0,0.0,0.0,0.0,0.0,0.0,-2.004,-2.004,-2.004,-0.0,0.0,0.0,0.0,0.0,3377.0,-0.0,0.0,0.0,-0.0,-0.0,2.7184274988523002e+23,0.0,0.0,0.0,0.0,0,-0.0,4.066829101708843e+29,0.0,0.0,0.0,0.0,0.0,0.0,0.0,0,0,0,0.0,0.0,0.0,0.0,0.0,0.0,0.0,0.0,0.0,0.0,0.0,0.0,0.0,0.0,0.0,0.0,0,-107875648.0,0,0.0,0,-107875648.0,-107877712.0,0,13107,17039,26215,17053,39322,17037,0,0,0,110,100,100,0.0,64.0,0.0,64.9,-107615304.0,68.5,1,49,50,180,0,26215,0,0,0.0,0.0,0.0,0.0,-3.785561015021277e+22,65.0,0.0,0.0,0.0,645,0,687,0,0,0,716,0,787,0,708,0,689,0,645,0,641,0,617,0.032,36700160.0,2.004,-107615152.0,24720,16788,-13211992588288.0,0.0,-0.0,-6.593507520780698e+16,-0.0,-1.2556179797132182e+19,29.0,60.0,70,0.0,0.0,0.0,0.0,0.0,0.0,0.0,0.0,0.0,0.0,0.0,0.0,0.0,0.0,0.0,0.0,59.2,68,11,65509,41,65476,0,300,0,0,8,20529,65476,0,0,61604,60.0,0.0,0.0,0.0,0.0,0.0
2026-04-04T11:32:34,ERR,ERR,ERR,ERR,ERR,ERR,ERR,ERR,ERR,ERR,ERR,ERR,ERR,ERR,ERR,ERR,ERR,ERR,ERR,ERR,ERR,ERR,ERR,ERR,ERR,ERR,ERR,ERR,ERR,ERR,ERR,ERR,ERR,ERR,ERR,ERR,ERR,ERR,ERR,ERR,ERR,ERR,ERR,ERR,ERR,ERR,ERR,ERR,ERR,ERR,ERR,ERR,ERR,ERR,ERR,ERR,ERR,ERR,ERR,ERR,ERR,ERR,ERR,ERR,ERR,ERR,ERR,ERR,ERR,ERR,ERR,ERR,ERR,ERR,ERR,ERR,ERR,ERR,ERR,ERR,ERR,ERR,ERR,ERR,ERR,ERR,ERR,ERR,ERR,ERR,ERR,ERR,ERR,ERR,ERR,ERR,ERR,ERR,ERR,ERR,ERR,ERR,ERR,ERR,ERR,ERR,ERR,ERR,ERR,ERR,ERR,ERR,ERR,ERR,ERR,ERR,ERR,ERR,ERR,ERR,ERR,ERR,ERR,ERR,ERR,0.0,-0.0,-101055584.0,0.0,0.0,0.0,0.0,nan,0,0,0,32768,0,0.0,0,0.0,0.0,0.0,0.0,0.0,0,0,0,0,0.0,0,0,0,0,0,0,0,0,0,0,0,0,0,0,0,0,0,0,0,0,0,0,0,0,0,0,0,0,0,0,0,0,0,0,0,0,0,0,0,0,0,0,0,0,0.0,0.0,0.0,0.0,0.0,0.0,0.0,0.0,0.0,0.0,0.0,0.0,0.0,0.0,0.0,0.0,0.0,0.0,0.0,0.0,0.0,0.0,-2.004,-2.004,-2.004,-0.0,0.0,0.0,0.0,0.0,3377.0,-0.0,0.0,0.0,-0.0,-0.0,2.7184274988523002e+23,0.0,0.0,0.0,0.0,0,-0.0,4.066829101708843e+29,0.0,0.0,0.0,0.0,0.0,0.0,0.0,0,0,0,0.0,0.0,0.0,0.0,0.0,0.0,0.0,0.0,0.0,0.0,0.0,0.0,0.0,0.0,0.0,0.0,0,-107875648.0,0,0.0,0,-107875648.0,-107877712.0,0,13107,17039,26215,17053,39322,17037,0,0,0,110,100,100,0.0,64.0,0.0,64.9,-107615304.0,68.5,1,49,50,180,0,26215,0,0,0.0,0.0,0.0,0.0,-184586.031,65.0,0.0,1.3407299145673633e+34,0.0,645,0,687,0,0,0,716,0,787,0,708,0,689,0,645,0,642,0,617,0.032,36700160.0,2.004,-107615152.0,42768,16788,-0.264,1.3407299145673633e+34,-0.0,-7015.95,-0.0,-1.335335294018257e+18,29.0,60.0,70,0.0,0.0,0.0,0.0,0.0,0.0,0.0,0.0,0.0,0.0,0.0,0.0,0.0,0.0,0.0,0.0,59.2,68,11,65509,41,65476,0,300,0,0,8,20529,65476,0,0,61604,60.0,0.0,0.0,0.0,0.0,0.0
2026-04-04T11:32:35,ERR,ERR,ERR,ERR,ERR,ERR,ERR,ERR,ERR,ERR,ERR,ERR,ERR,ERR,ERR,ERR,ERR,ERR,ERR,ERR,ERR,ERR,ERR,ERR,ERR,ERR,ERR,ERR,ERR,ERR,ERR,ERR,ERR,ERR,ERR,ERR,ERR,ERR,ERR,ERR,ERR,ERR,ERR,ERR,ERR,ERR,ERR,ERR,ERR,ERR,ERR,ERR,ERR,ERR,ERR,ERR,ERR,ERR,ERR,ERR,ERR,ERR,ERR,ERR,ERR,ERR,ERR,ERR,ERR,ERR,ERR,ERR,ERR,ERR,ERR,ERR,ERR,ERR,ERR,ERR,ERR,ERR,ERR,ERR,ERR,ERR,ERR,ERR,ERR,ERR,ERR,ERR,ERR,ERR,ERR,ERR,ERR,ERR,ERR,ERR,ERR,ERR,ERR,ERR,ERR,ERR,ERR,ERR,ERR,ERR,ERR,ERR,ERR,ERR,ERR,ERR,ERR,ERR,ERR,ERR,ERR,ERR,ERR,ERR,ERR,0.0,-0.0,-101055584.0,0.0,0.0,0.0,0.0,nan,0,0,0,32768,0,0.0,0,0.0,0.0,0.0,0.0,0.0,0,0,0,0,0.0,0,0,0,0,0,0,0,0,0,0,0,0,0,0,0,0,0,0,0,0,0,0,0,0,0,0,0,0,0,0,0,0,0,0,0,0,0,0,0,0,0,0,0,0,0.0,0.0,0.0,0.0,0.0,0.0,0.0,0.0,0.0,0.0,0.0,0.0,0.0,0.0,0.0,0.0,0.0,0.0,0.0,0.0,0.0,0.0,-2.004,-2.004,-2.004,-0.0,0.0,0.0,0.0,0.0,3377.0,-0.0,0.0,0.0,-0.0,-0.0,2.7184274988523002e+23,0.0,0.0,0.0,0.0,0,-0.0,4.066829101708843e+29,0.0,0.0,0.0,0.0,0.0,0.0,0.0,0,0,0,0.0,0.0,0.0,0.0,0.0,0.0,0.0,0.0,0.0,0.0,0.0,0.0,0.0,0.0,0.0,0.0,0,-107875648.0,0,0.0,0,-107875648.0,-107877712.0,0,13107,17039,26215,17053,39322,17037,0,0,0,110,100,100,0.0,64.0,0.0,64.9,-107615304.0,68.5,1,49,50,180,0,26215,0,0,0.0,0.0,0.0,0.0,-184586.031,65.0,0.0,1.3407299145673633e+34,0.0,645,0,687,0,0,0,716,0,787,0,708,0,689,0,645,0,642,0,617,0.032,36700160.0,2.004,-107615152.0,42768,16788,-0.264,1.3407299145673633e+34,-0.0,-7015.95,-0.0,-1.335335294018257e+18,29.0,60.0,70,0.0,0.0,0.0,0.0,0.0,0.0,0.0,0.0,0.0,0.0,0.0,0.0,0.0,0.0,0.0,0.0,59.2,68,11,65509,41,65476,0,300,0,0,8,20529,65476,0,0,61604,60.0,0.0,0.0,0.0,0.0,0.0
2026-04-04T11:32:36,ERR,ERR,ERR,ERR,ERR,ERR,ERR,ERR,ERR,ERR,ERR,ERR,ERR,ERR,ERR,ERR,ERR,ERR,ERR,ERR,ERR,ERR,ERR,ERR,ERR,ERR,ERR,ERR,ERR,ERR,ERR,ERR,ERR,ERR,ERR,ERR,ERR,ERR,ERR,ERR,ERR,ERR,ERR,ERR,ERR,ERR,ERR,ERR,ERR,ERR,ERR,ERR,ERR,ERR,ERR,ERR,ERR,ERR,ERR,ERR,ERR,ERR,ERR,ERR,ERR,ERR,ERR,ERR,ERR,ERR,ERR,ERR,ERR,ERR,ERR,ERR,ERR,ERR,ERR,ERR,ERR,ERR,ERR,ERR,ERR,ERR,ERR,ERR,ERR,ERR,ERR,ERR,ERR,ERR,ERR,ERR,ERR,ERR,ERR,ERR,ERR,ERR,ERR,ERR,ERR,ERR,ERR,ERR,ERR,ERR,ERR,ERR,ERR,ERR,ERR,ERR,ERR,ERR,ERR,ERR,ERR,ERR,ERR,ERR,ERR,0.0,-0.0,-101055584.0,0.0,0.0,0.0,0.0,nan,0,0,0,32768,0,0.0,0,0.0,0.0,0.0,0.0,0.0,0,0,0,0,0.0,0,0,0,0,0,0,0,0,0,0,0,0,0,0,0,0,0,0,0,0,0,0,0,0,0,0,0,0,0,0,0,0,0,0,0,0,0,0,0,0,0,0,0,0,0.0,0.0,0.0,0.0,0.0,0.0,0.0,0.0,0.0,0.0,0.0,0.0,0.0,0.0,0.0,0.0,0.0,0.0,0.0,0.0,0.0,0.0,-2.004,-2.004,-2.004,-0.0,0.0,0.0,0.0,0.0,3377.0,-0.0,0.0,0.0,-0.0,-0.0,2.7184274988523002e+23,0.0,0.0,0.0,0.0,0,-0.0,4.066829101708843e+29,0.0,0.0,0.0,0.0,0.0,0.0,0.0,0,0,0,0.0,0.0,0.0,0.0,0.0,0.0,0.0,0.0,0.0,0.0,0.0,0.0,0.0,0.0,0.0,0.0,0,-107875648.0,0,0.0,0,-107875648.0,-107877712.0,0,13107,17039,26215,17053,39322,17037,0,0,0,110,100,100,0.0,64.0,0.0,64.9,-107615304.0,68.5,1,49,50,180,0,26215,0,0,0.0,0.0,0.0,0.0,-184586.031,65.0,0.0,1.3407299145673633e+34,0.0,645,0,687,0,0,0,716,0,787,0,708,0,689,0,645,0,642,0,617,0.032,36700160.0,2.004,-107615152.0,42768,16788,-0.264,1.3407299145673633e+34,-0.0,-7015.95,-0.0,-1.335335294018257e+18,29.0,60.0,70,0.0,0.0,0.0,0.0,0.0,0.0,0.0,0.0,0.0,0.0,0.0,0.0,0.0,0.0,0.0,0.0,59.2,69,11,65508,41,65476,0,300,0,0,8,20529,65476,0,0,61604,60.0,0.0,0.0,0.0,0.0,0.0
2026-04-04T11:32:37,ERR,ERR,ERR,ERR,ERR,ERR,ERR,ERR,ERR,ERR,ERR,ERR,ERR,ERR,ERR,ERR,ERR,ERR,ERR,ERR,ERR,ERR,ERR,ERR,ERR,ERR,ERR,ERR,ERR,ERR,ERR,ERR,ERR,ERR,ERR,ERR,ERR,ERR,ERR,ERR,ERR,ERR,ERR,ERR,ERR,ERR,ERR,ERR,ERR,ERR,ERR,ERR,ERR,ERR,ERR,ERR,ERR,ERR,ERR,ERR,ERR,ERR,ERR,ERR,ERR,ERR,ERR,ERR,ERR,ERR,ERR,ERR,ERR,ERR,ERR,ERR,ERR,ERR,ERR,ERR,ERR,ERR,ERR,ERR,ERR,ERR,ERR,ERR,ERR,ERR,ERR,ERR,ERR,ERR,ERR,ERR,ERR,ERR,ERR,ERR,ERR,ERR,ERR,ERR,ERR,ERR,ERR,ERR,ERR,ERR,ERR,ERR,ERR,ERR,ERR,ERR,ERR,ERR,ERR,ERR,ERR,ERR,ERR,ERR,ERR,0.0,-0.0,-101055584.0,0.0,0.0,0.0,0.0,nan,0,0,0,32768,0,0.0,0,0.0,0.0,0.0,0.0,0.0,0,0,0,0,0.0,0,0,0,0,0,0,0,0,0,0,0,0,0,0,0,0,0,0,0,0,0,0,0,0,0,0,0,0,0,0,0,0,0,0,0,0,0,0,0,0,0,0,0,0,0.0,0.0,0.0,0.0,0.0,0.0,0.0,0.0,0.0,0.0,0.0,0.0,0.0,0.0,0.0,0.0,0.0,0.0,0.0,0.0,0.0,0.0,-2.004,-2.004,-2.004,-0.0,0.0,0.0,0.0,0.0,3377.0,-0.0,0.0,0.0,-0.0,-0.0,2.7184274988523002e+23,0.0,0.0,0.0,0.0,0,-0.0,4.066829101708843e+29,0.0,0.0,0.0,0.0,0.0,0.0,0.0,0,0,0,0.0,0.0,0.0,0.0,0.0,0.0,0.0,0.0,0.0,0.0,0.0,0.0,0.0,0.0,0.0,0.0,0,-107875648.0,0,0.0,0,-107875648.0,-107877712.0,0,13107,17039,26215,17053,39322,17037,0,0,0,110,100,100,0.0,64.0,0.0,64.9,-107615304.0,68.5,1,49,50,180,0,26215,0,0,0.0,0.0,0.0,0.0,-184586.031,65.0,0.0,1.3407299145673633e+34,0.0,645,0,687,0,0,0,716,0,787,0,708,0,689,0,645,0,642,0,617,0.032,36700160.0,2.004,-107615152.0,42768,16788,-0.264,1.3407299145673633e+34,-0.0,-7015.95,-0.0,-1.335335294018257e+18,29.0,60.0,70,0.0,0.0,0.0,0.0,0.0,0.0,0.0,0.0,0.0,0.0,0.0,0.0,0.0,0.0,0.0,0.0,59.2,69,11,65508,41,65476,0,300,0,0,8,20529,65476,0,0,61604,60.0,0.0,0.0,0.0,0.0,0.0
2026-04-04T11:32:38,ERR,ERR,ERR,ERR,ERR,ERR,ERR,ERR,ERR,ERR,ERR,ERR,ERR,ERR,ERR,ERR,ERR,ERR,ERR,ERR,ERR,ERR,ERR,ERR,ERR,ERR,ERR,ERR,ERR,ERR,ERR,ERR,ERR,ERR,ERR,ERR,ERR,ERR,ERR,ERR,ERR,ERR,ERR,ERR,ERR,ERR,ERR,ERR,ERR,ERR,ERR,ERR,ERR,ERR,ERR,ERR,ERR,ERR,ERR,ERR,ERR,ERR,ERR,ERR,ERR,ERR,ERR,ERR,ERR,ERR,ERR,ERR,ERR,ERR,ERR,ERR,ERR,ERR,ERR,ERR,ERR,ERR,ERR,ERR,ERR,ERR,ERR,ERR,ERR,ERR,ERR,ERR,ERR,ERR,ERR,ERR,ERR,ERR,ERR,ERR,ERR,ERR,ERR,ERR,ERR,ERR,ERR,ERR,ERR,ERR,ERR,ERR,ERR,ERR,ERR,ERR,ERR,ERR,ERR,ERR,ERR,ERR,ERR,ERR,ERR,0.0,-0.0,-0.0,0.0,0.0,0.0,0.0,nan,0,0,0,32768,0,0.0,0,0.0,0.0,0.0,0.0,0.0,0,0,0,0,0.0,0,0,0,0,0,0,0,0,0,0,0,0,0,0,0,0,0,0,0,0,0,0,0,0,0,0,0,0,0,0,0,0,0,0,0,0,0,0,0,0,0,0,0,0,0.0,0.0,0.0,0.0,0.0,0.0,0.0,0.0,0.0,0.0,0.0,0.0,0.0,0.0,0.0,0.0,0.0,0.0,0.0,0.0,0.0,0.0,-2.004,-2.004,-2.004,-0.0,0.0,0.0,0.0,0.0,3377.5,3.697154027885167e+19,0.0,0.0,-0.0,-0.0,2.7184274988523002e+23,0.0,0.0,0.0,0.0,0,-0.0,89220.055,0.0,0.0,0.0,0.0,0.0,0.0,0.0,0,0,0,0.0,0.0,0.0,0.0,0.0,0.0,0.0,0.0,0.0,0.0,0.0,0.0,0.0,0.0,0.0,0.0,0,-107875648.0,0,0.0,0,-107875648.0,-107877712.0,0,13107,17039,26215,17053,39322,17037,0,0,0,110,100,100,0.0,64.0,0.0,64.9,-107615304.0,68.5,1,49,50,180,0,26215,0,0,0.0,0.0,0.0,0.0,-184586.031,65.0,0.0,1.3407299145673633e+34,0.0,645,0,687,0,0,0,716,0,787,0,708,0,689,0,645,0,642,0,617,0.032,36700160.0,2.004,-107615152.0,42768,16788,-0.264,1.3407299145673633e+34,-0.0,-7015.95,-0.0,-1.335335294018257e+18,29.0,60.0,70,0.0,0.0,0.0,0.0,0.0,0.0,0.0,0.0,0.0,0.0,0.0,0.0,0.0,0.0,0.0,0.0,59.2,69,11,65508,41,65476,0,300,0,0,8,20529,65476,0,0,61604,60.0,0.0,0.0,0.0,0.0,0.0
2026-04-04T11:32:39,ERR,ERR,ERR,ERR,ERR,ERR,ERR,ERR,ERR,ERR,ERR,ERR,ERR,ERR,ERR,ERR,ERR,ERR,ERR,ERR,ERR,ERR,ERR,ERR,ERR,ERR,ERR,ERR,ERR,ERR,ERR,ERR,ERR,ERR,ERR,ERR,ERR,ERR,ERR,ERR,ERR,ERR,ERR,ERR,ERR,ERR,ERR,ERR,ERR,ERR,ERR,ERR,ERR,ERR,ERR,ERR,ERR,ERR,ERR,ERR,ERR,ERR,ERR,ERR,ERR,ERR,ERR,ERR,ERR,ERR,ERR,ERR,ERR,ERR,ERR,ERR,ERR,ERR,ERR,ERR,ERR,ERR,ERR,ERR,ERR,ERR,ERR,ERR,ERR,ERR,ERR,ERR,ERR,ERR,ERR,ERR,ERR,ERR,ERR,ERR,ERR,ERR,ERR,ERR,ERR,ERR,ERR,ERR,ERR,ERR,ERR,ERR,ERR,ERR,ERR,ERR,ERR,ERR,ERR,ERR,ERR,ERR,ERR,ERR,ERR,0.0,-0.0,-0.0,0.0,0.0,0.0,0.0,nan,0,0,0,32768,0,0.0,0,0.0,0.0,0.0,0.0,0.0,0,0,0,0,0.0,0,0,0,0,0,0,0,0,0,0,0,0,0,0,0,0,0,0,0,0,0,0,0,0,0,0,0,0,0,0,0,0,0,0,0,0,0,0,0,0,0,0,0,0,0.0,0.0,0.0,0.0,0.0,0.0,0.0,0.0,0.0,0.0,0.0,0.0,0.0,0.0,0.0,0.0,0.0,0.0,0.0,0.0,0.0,0.0,-2.004,-2.004,-2.004,-0.0,0.0,0.0,0.0,0.0,3377.5,3.697154027885167e+19,0.0,0.0,-0.0,-0.0,2.7184274988523002e+23,0.0,0.0,0.0,0.0,0,-0.0,89220.055,0.0,0.0,0.0,0.0,0.0,0.0,0.0,0,0,0,0.0,0.0,0.0,0.0,0.0,0.0,0.0,0.0,0.0,0.0,0.0,0.0,0.0,0.0,0.0,0.0,0,-107875648.0,0,0.0,0,-107875648.0,-107877712.0,0,13107,17039,26215,17053,39322,17037,0,0,0,110,100,100,0.0,64.0,0.0,64.9,-107615304.0,68.5,1,49,50,180,0,26215,0,0,0.0,0.0,0.0,0.0,-184586.031,65.0,0.0,1.3407299145673633e+34,0.0,645,0,687,0,0,0,716,0,787,0,708,0,689,0,645,0,642,0,617,0.032,36700160.0,2.004,-107615152.0,42768,16788,-0.264,1.3407299145673633e+34,-0.0,-7015.95,-0.0,-1.335335294018257e+18,29.0,60.0,70,0.0,0.0,0.0,0.0,0.0,0.0,0.0,0.0,0.0,0.0,0.0,0.0,0.0,0.0,0.0,0.0,59.6,69,11,65508,41,65476,0,300,0,0,8,20529,65476,0,0,61604,60.0,0.0,0.0,0.0,0.0,0.0
2026-04-04T11:32:40,ERR,ERR,ERR,ERR,ERR,ERR,ERR,ERR,ERR,ERR,ERR,ERR,ERR,ERR,ERR,ERR,ERR,ERR,ERR,ERR,ERR,ERR,ERR,ERR,ERR,ERR,ERR,ERR,ERR,ERR,ERR,ERR,ERR,ERR,ERR,ERR,ERR,ERR,ERR,ERR,ERR,ERR,ERR,ERR,ERR,ERR,ERR,ERR,ERR,ERR,ERR,ERR,ERR,ERR,ERR,ERR,ERR,ERR,ERR,ERR,ERR,ERR,ERR,ERR,ERR,ERR,ERR,ERR,ERR,ERR,ERR,ERR,ERR,ERR,ERR,ERR,ERR,ERR,ERR,ERR,ERR,ERR,ERR,ERR,ERR,ERR,ERR,ERR,ERR,ERR,ERR,ERR,ERR,ERR,ERR,ERR,ERR,ERR,ERR,ERR,ERR,ERR,ERR,ERR,ERR,ERR,ERR,ERR,ERR,ERR,ERR,ERR,ERR,ERR,ERR,ERR,ERR,ERR,ERR,ERR,ERR,ERR,ERR,ERR,ERR,0.0,-0.0,-0.0,0.0,0.0,0.0,0.0,nan,0,0,0,32768,0,0.0,0,0.0,0.0,0.0,0.0,0.0,0,0,0,0,0.0,0,0,0,0,0,0,0,0,0,0,0,0,0,0,0,0,0,0,0,0,0,0,0,0,0,0,0,0,0,0,0,0,0,0,0,0,0,0,0,0,0,0,0,0,0.0,0.0,0.0,0.0,0.0,0.0,0.0,0.0,0.0,0.0,0.0,0.0,0.0,0.0,0.0,0.0,0.0,0.0,0.0,0.0,0.0,0.0,-2.004,-2.004,-2.004,-0.0,0.0,0.0,0.0,0.0,3377.5,3.697154027885167e+19,0.0,0.0,-0.0,-0.0,2.7184274988523002e+23,0.0,0.0,0.0,0.0,0,-0.0,89220.055,0.0,0.0,0.0,0.0,0.0,0.0,0.0,0,0,0,0.0,0.0,0.0,0.0,0.0,0.0,0.0,0.0,0.0,0.0,0.0,0.0,0.0,0.0,0.0,0.0,0,-107875648.0,0,0.0,0,-107875648.0,-107877712.0,0,13107,17039,26215,17053,39322,17037,0,0,0,110,100,100,0.0,64.0,0.0,64.9,-107615304.0,68.5,1,49,50,180,0,26215,0,0,0.0,0.0,0.0,0.0,-1.2684655480274944e+16,65.0,0.0,-0.0,0.0,645,0,687,0,0,0,716,0,787,0,708,0,689,0,645,0,641,0,617,0.032,36962304.0,2.004,-107615152.0,36240,16788,-6.494543605900771e+18,-0.0,-6.53582807693068e+25,1.7256737565382573e+30,-1.0354491967074392e+34,0.0,29.0,60.0,70,0.0,0.0,0.0,0.0,0.0,0.0,0.0,0.0,0.0,0.0,0.0,0.0,0.0,0.0,0.0,0.0,59.6,69,11,65508,41,65476,0,300,0,0,8,20529,65476,0,0,61604,60.0,0.0,0.0,0.0,0.0,0.0
2026-04-04T11:32:41,ERR,ERR,ERR,ERR,ERR,ERR,ERR,ERR,ERR,ERR,ERR,ERR,ERR,ERR,ERR,ERR,ERR,ERR,ERR,ERR,ERR,ERR,ERR,ERR,ERR,ERR,ERR,ERR,ERR,ERR,ERR,ERR,ERR,ERR,ERR,ERR,ERR,ERR,ERR,ERR,ERR,ERR,ERR,ERR,ERR,ERR,ERR,ERR,ERR,ERR,ERR,ERR,ERR,ERR,ERR,ERR,ERR,ERR,ERR,ERR,ERR,ERR,ERR,ERR,ERR,ERR,ERR,ERR,ERR,ERR,ERR,ERR,ERR,ERR,ERR,ERR,ERR,ERR,ERR,ERR,ERR,ERR,ERR,ERR,ERR,ERR,ERR,ERR,ERR,ERR,ERR,ERR,ERR,ERR,ERR,ERR,ERR,ERR,ERR,ERR,ERR,ERR,ERR,ERR,ERR,ERR,ERR,ERR,ERR,ERR,ERR,ERR,ERR,ERR,ERR,ERR,ERR,ERR,ERR,ERR,ERR,ERR,ERR,ERR,ERR,0.0,-0.0,-0.0,0.0,0.0,0.0,0.0,nan,0,0,0,32768,0,0.0,0,0.0,0.0,0.0,0.0,0.0,0,0,0,0,0.0,0,0,0,0,0,0,0,0,0,0,0,0,0,0,0,0,0,0,0,0,0,0,0,0,0,0,0,0,0,0,0,0,0,0,0,0,0,0,0,0,0,0,0,0,0.0,0.0,0.0,0.0,0.0,0.0,0.0,0.0,0.0,0.0,0.0,0.0,0.0,0.0,0.0,0.0,0.0,0.0,0.0,0.0,0.0,0.0,-2.004,-2.004,-2.004,-0.0,0.0,0.0,0.0,0.0,3377.5,3.697154027885167e+19,0.0,0.0,-0.0,-0.0,2.7184274988523002e+23,0.0,0.0,0.0,0.0,0,-0.0,89220.055,0.0,0.0,0.0,0.0,0.0,0.0,0.0,0,0,0,0.0,0.0,0.0,0.0,0.0,0.0,0.0,0.0,0.0,0.0,0.0,0.0,0.0,0.0,0.0,0.0,0,-107875648.0,0,0.0,0,-107875648.0,-107877712.0,0,13107,17039,26215,17053,39322,17037,0,0,0,110,100,100,0.0,64.0,0.0,64.9,-107615304.0,68.5,1,49,50,180,0,26215,0,0,0.0,0.0,0.0,0.0,-1.2684655480274944e+16,65.0,0.0,-0.0,0.0,645,0,687,0,0,0,716,0,787,0,708,0,689,0,645,0,641,0,617,0.032,36962304.0,2.004,-107615152.0,36240,16788,-6.494543605900771e+18,-0.0,-6.53582807693068e+25,1.7256737565382573e+30,-1.0354491967074392e+34,0.0,29.0,60.0,70,0.0,0.0,0.0,0.0,0.0,0.0,0.0,0.0,0.0,0.0,0.0,0.0,0.0,0.0,0.0,0.0,59.6,69,11,65508,41,65476,0,300,0,0,8,20529,65476,0,0,61604,60.0,0.0,0.0,0.0,0.0,0.0
2026-04-04T11:32:42,ERR,ERR,ERR,ERR,ERR,ERR,ERR,ERR,ERR,ERR,ERR,ERR,ERR,ERR,ERR,ERR,ERR,ERR,ERR,ERR,ERR,ERR,ERR,ERR,ERR,ERR,ERR,ERR,ERR,ERR,ERR,ERR,ERR,ERR,ERR,ERR,ERR,ERR,ERR,ERR,ERR,ERR,ERR,ERR,ERR,ERR,ERR,ERR,ERR,ERR,ERR,ERR,ERR,ERR,ERR,ERR,ERR,ERR,ERR,ERR,ERR,ERR,ERR,ERR,ERR,ERR,ERR,ERR,ERR,ERR,ERR,ERR,ERR,ERR,ERR,ERR,ERR,ERR,ERR,ERR,ERR,ERR,ERR,ERR,ERR,ERR,ERR,ERR,ERR,ERR,ERR,ERR,ERR,ERR,ERR,ERR,ERR,ERR,ERR,ERR,ERR,ERR,ERR,ERR,ERR,ERR,ERR,ERR,ERR,ERR,ERR,ERR,ERR,ERR,ERR,ERR,ERR,ERR,ERR,ERR,ERR,ERR,ERR,ERR,ERR,0.0,-0.0,-0.0,0.0,0.0,0.0,0.0,nan,0,0,0,32768,0,0.0,0,0.0,0.0,0.0,0.0,0.0,0,0,0,0,0.0,0,0,0,0,0,0,0,0,0,0,0,0,0,0,0,0,0,0,0,0,0,0,0,0,0,0,0,0,0,0,0,0,0,0,0,0,0,0,0,0,0,0,0,0,0.0,0.0,0.0,0.0,0.0,0.0,0.0,0.0,0.0,0.0,0.0,0.0,0.0,0.0,0.0,0.0,0.0,0.0,0.0,0.0,0.0,0.0,-2.004,-2.004,-2.004,-0.0,0.0,0.0,0.0,0.0,3377.5,3.697154027885167e+19,0.0,0.0,-0.0,-0.0,2.7184274988523002e+23,0.0,0.0,0.0,0.0,0,-0.0,89220.055,0.0,0.0,0.0,0.0,0.0,0.0,0.0,0,0,0,0.0,0.0,0.0,0.0,0.0,0.0,0.0,0.0,0.0,0.0,0.0,0.0,0.0,0.0,0.0,0.0,0,-107875648.0,0,0.0,0,-107875648.0,-107877712.0,0,13107,17039,26215,17053,39322,17037,0,0,0,110,100,100,0.0,64.0,0.0,64.9,-107615304.0,68.5,1,49,50,180,0,26215,0,0,0.0,0.0,0.0,0.0,-1.2684655480274944e+16,65.0,0.0,-0.0,0.0,645,0,687,0,0,0,716,0,787,0,708,0,689,0,645,0,641,0,617,0.032,36962304.0,2.004,-107615152.0,36240,16788,-6.494543605900771e+18,-0.0,-6.53582807693068e+25,1.7256737565382573e+30,-1.0354491967074392e+34,0.0,29.0,60.0,70,0.0,0.0,0.0,0.0,0.0,0.0,0.0,0.0,0.0,0.0,0.0,0.0,0.0,0.0,0.0,0.0,59.6,69,11,65508,41,65476,0,300,0,0,8,20529,65476,0,0,61604,60.0,0.0,0.0,0.0,0.0,0.0
2026-04-04T11:32:43,ERR,ERR,ERR,ERR,ERR,ERR,ERR,ERR,ERR,ERR,ERR,ERR,ERR,ERR,ERR,ERR,ERR,ERR,ERR,ERR,ERR,ERR,ERR,ERR,ERR,ERR,ERR,ERR,ERR,ERR,ERR,ERR,ERR,ERR,ERR,ERR,ERR,ERR,ERR,ERR,ERR,ERR,ERR,ERR,ERR,ERR,ERR,ERR,ERR,ERR,ERR,ERR,ERR,ERR,ERR,ERR,ERR,ERR,ERR,ERR,ERR,ERR,ERR,ERR,ERR,ERR,ERR,ERR,ERR,ERR,ERR,ERR,ERR,ERR,ERR,ERR,ERR,ERR,ERR,ERR,ERR,ERR,ERR,ERR,ERR,ERR,ERR,ERR,ERR,ERR,ERR,ERR,ERR,ERR,ERR,ERR,ERR,ERR,ERR,ERR,ERR,ERR,ERR,ERR,ERR,ERR,ERR,ERR,ERR,ERR,ERR,ERR,ERR,ERR,ERR,ERR,ERR,ERR,ERR,ERR,ERR,ERR,ERR,ERR,ERR,0.0,-0.0,-0.0,0.0,0.0,0.0,0.0,nan,0,0,0,32768,0,0.0,0,0.0,0.0,0.0,0.0,0.0,0,0,0,0,0.0,0,0,0,0,0,0,0,0,0,0,0,0,0,0,0,0,0,0,0,0,0,0,0,0,0,0,0,0,0,0,0,0,0,0,0,0,0,0,0,0,0,0,0,0,0.0,0.0,0.0,0.0,0.0,0.0,0.0,0.0,0.0,0.0,0.0,0.0,0.0,0.0,0.0,0.0,0.0,0.0,0.0,0.0,0.0,0.0,-2.004,-2.004,-2.004,-0.0,0.0,0.0,0.0,0.0,3377.5,3.697154027885167e+19,0.0,0.0,-0.0,-0.0,2.7184274988523002e+23,0.0,0.0,0.0,0.0,0,-0.0,89220.055,0.0,0.0,0.0,0.0,0.0,0.0,0.0,0,0,0,0.0,0.0,0.0,0.0,0.0,0.0,0.0,0.0,0.0,0.0,0.0,0.0,0.0,0.0,0.0,0.0,0,-107875648.0,0,0.0,0,-107875648.0,-107877712.0,0,13107,17039,26215,17053,39322,17037,0,0,0,110,100,100,0.0,64.0,0.0,64.9,-107615304.0,68.5,1,49,50,180,0,26215,0,0,0.0,0.0,0.0,0.0,-1.2684655480274944e+16,65.0,0.0,-0.0,0.0,645,0,687,0,0,0,716,0,787,0,708,0,689,0,645,0,641,0,617,0.032,36962304.0,2.004,-107615152.0,36240,16788,-6.494543605900771e+18,-0.0,-6.53582807693068e+25,1.7256737565382573e+30,-1.0354491967074392e+34,0.0,29.0,60.0,70,0.0,0.0,0.0,0.0,0.0,0.0,0.0,0.0,0.0,0.0,0.0,0.0,0.0,0.0,0.0,0.0,59.6,69,11,65508,41,65476,0,300,0,0,8,20529,65476,0,0,61604,60.0,0.0,0.0,0.0,0.0,0.0
2026-04-04T11:32:44,ERR,ERR,ERR,ERR,ERR,ERR,ERR,ERR,ERR,ERR,ERR,ERR,ERR,ERR,ERR,ERR,ERR,ERR,ERR,ERR,ERR,ERR,ERR,ERR,ERR,ERR,ERR,ERR,ERR,ERR,ERR,ERR,ERR,ERR,ERR,ERR,ERR,ERR,ERR,ERR,ERR,ERR,ERR,ERR,ERR,ERR,ERR,ERR,ERR,ERR,ERR,ERR,ERR,ERR,ERR,ERR,ERR,ERR,ERR,ERR,ERR,ERR,ERR,ERR,ERR,ERR,ERR,ERR,ERR,ERR,ERR,ERR,ERR,ERR,ERR,ERR,ERR,ERR,ERR,ERR,ERR,ERR,ERR,ERR,ERR,ERR,ERR,ERR,ERR,ERR,ERR,ERR,ERR,ERR,ERR,ERR,ERR,ERR,ERR,ERR,ERR,ERR,ERR,ERR,ERR,ERR,ERR,ERR,ERR,ERR,ERR,ERR,ERR,ERR,ERR,ERR,ERR,ERR,ERR,ERR,ERR,ERR,ERR,ERR,ERR,0.0,-0.0,-0.0,0.0,0.0,0.0,0.0,nan,0,0,0,32768,0,0.0,0,0.0,0.0,0.0,0.0,0.0,0,0,0,0,0.0,0,0,0,0,0,0,0,0,0,0,0,0,0,0,0,0,0,0,0,0,0,0,0,0,0,0,0,0,0,0,0,0,0,0,0,0,0,0,0,0,0,0,0,0,0.0,0.0,0.0,0.0,0.0,0.0,0.0,0.0,0.0,0.0,0.0,0.0,0.0,0.0,0.0,0.0,0.0,0.0,0.0,0.0,0.0,0.0,-2.004,-2.004,-2.004,-0.0,0.0,0.0,0.0,0.0,3377.5,3.697154027885167e+19,0.0,0.0,-0.0,-0.0,2.7184274988523002e+23,0.0,0.0,0.0,0.0,0,-0.0,89220.055,0.0,0.0,0.0,0.0,0.0,0.0,0.0,0,0,0,0.0,0.0,0.0,0.0,0.0,0.0,0.0,0.0,0.0,0.0,0.0,0.0,0.0,0.0,0.0,0.0,0,-107875648.0,0,0.0,0,-107875648.0,-107877712.0,0,13107,17039,26215,17053,39322,17037,0,0,0,110,100,100,0.0,64.0,0.0,64.9,-107615304.0,68.5,1,49,50,180,0,26215,0,0,0.0,0.0,0.0,0.0,-1.2684655480274944e+16,65.0,0.0,-0.0,0.0,645,0,687,0,0,0,716,0,787,0,708,0,689,0,645,0,641,0,617,0.032,36962304.0,2.004,-107615152.0,36240,16788,-6.494543605900771e+18,-0.0,-6.53582807693068e+25,1.7256737565382573e+30,-1.0354491967074392e+34,0.0,29.0,60.0,70,0.0,0.0,0.0,0.0,0.0,0.0,0.0,0.0,0.0,0.0,0.0,0.0,0.0,0.0,0.0,0.0,59.6,69,11,65508,41,65476,0,300,0,0,8,20529,65476,0,0,61604,60.0,0.0,0.0,0.0,0.0,0.0
2026-04-04T11:32:45,ERR,ERR,ERR,ERR,ERR,ERR,ERR,ERR,ERR,ERR,ERR,ERR,ERR,ERR,ERR,ERR,ERR,ERR,ERR,ERR,ERR,ERR,ERR,ERR,ERR,ERR,ERR,ERR,ERR,ERR,ERR,ERR,ERR,ERR,ERR,ERR,ERR,ERR,ERR,ERR,ERR,ERR,ERR,ERR,ERR,ERR,ERR,ERR,ERR,ERR,ERR,ERR,ERR,ERR,ERR,ERR,ERR,ERR,ERR,ERR,ERR,ERR,ERR,ERR,ERR,ERR,ERR,ERR,ERR,ERR,ERR,ERR,ERR,ERR,ERR,ERR,ERR,ERR,ERR,ERR,ERR,ERR,ERR,ERR,ERR,ERR,ERR,ERR,ERR,ERR,ERR,ERR,ERR,ERR,ERR,ERR,ERR,ERR,ERR,ERR,ERR,ERR,ERR,ERR,ERR,ERR,ERR,ERR,ERR,ERR,ERR,ERR,ERR,ERR,ERR,ERR,ERR,ERR,ERR,ERR,ERR,ERR,ERR,ERR,ERR,0.0,-0.0,-0.0,0.0,0.0,0.0,0.0,nan,0,0,0,32768,0,0.0,0,0.0,0.0,0.0,0.0,0.0,0,0,0,0,0.0,0,0,0,0,0,0,0,0,0,0,0,0,0,0,0,0,0,0,0,0,0,0,0,0,0,0,0,0,0,0,0,0,0,0,0,0,0,0,0,0,0,0,0,0,0.0,0.0,0.0,0.0,0.0,0.0,0.0,0.0,0.0,0.0,0.0,0.0,0.0,0.0,0.0,0.0,0.0,0.0,0.0,0.0,0.0,0.0,-2.004,-2.004,-2.004,-0.0,0.0,0.0,0.0,0.0,3377.5,3.697154027885167e+19,0.0,0.0,-0.0,-0.0,2.7184274988523002e+23,0.0,0.0,0.0,0.0,0,-0.0,89220.055,0.0,0.0,0.0,0.0,0.0,0.0,0.0,0,0,0,0.0,0.0,0.0,0.0,0.0,0.0,0.0,0.0,0.0,0.0,0.0,0.0,0.0,0.0,0.0,0.0,0,-107875648.0,0,0.0,0,-107875648.0,-107877712.0,0,13107,17039,26215,17053,39322,17037,0,0,0,110,100,100,0.0,64.0,0.0,64.9,-107615304.0,68.5,1,49,50,180,0,26215,0,0,0.0,0.0,0.0,0.0,-1.2684655480274944e+16,65.0,0.0,-0.0,0.0,645,0,687,0,0,0,716,0,787,0,708,0,689,0,645,0,641,0,617,0.032,36962304.0,2.004,-107615152.0,36240,16788,-6.494543605900771e+18,-0.0,-6.53582807693068e+25,1.7256737565382573e+30,-1.0354491967074392e+34,0.0,29.0,60.0,70,0.0,0.0,0.0,0.0,0.0,0.0,0.0,0.0,0.0,0.0,0.0,0.0,0.0,0.0,0.0,0.0,59.2,68,11,65509,41,65476,0,300,0,0,8,20529,65476,0,0,61604,60.0,0.0,0.0,0.0,0.0,0.0
2026-04-04T11:32:46,ERR,ERR,ERR,ERR,ERR,ERR,ERR,ERR,ERR,ERR,ERR,ERR,ERR,ERR,ERR,ERR,ERR,ERR,ERR,ERR,ERR,ERR,ERR,ERR,ERR,ERR,ERR,ERR,ERR,ERR,ERR,ERR,ERR,ERR,ERR,ERR,ERR,ERR,ERR,ERR,ERR,ERR,ERR,ERR,ERR,ERR,ERR,ERR,ERR,ERR,ERR,ERR,ERR,ERR,ERR,ERR,ERR,ERR,ERR,ERR,ERR,ERR,ERR,ERR,ERR,ERR,ERR,ERR,ERR,ERR,ERR,ERR,ERR,ERR,ERR,ERR,ERR,ERR,ERR,ERR,ERR,ERR,ERR,ERR,ERR,ERR,ERR,ERR,ERR,ERR,ERR,ERR,ERR,ERR,ERR,ERR,ERR,ERR,ERR,ERR,ERR,ERR,ERR,ERR,ERR,ERR,ERR,ERR,ERR,ERR,ERR,ERR,ERR,ERR,ERR,ERR,ERR,ERR,ERR,ERR,ERR,ERR,ERR,ERR,ERR,0.0,-0.0,-101055584.0,0.0,0.0,0.0,0.0,nan,0,0,0,32768,0,0.0,0,0.0,0.0,0.0,0.0,0.0,0,0,0,0,0.0,0,0,0,0,0,0,0,0,0,0,0,0,0,0,0,0,0,0,0,0,0,0,0,0,0,0,0,0,0,0,0,0,0,0,0,0,0,0,0,0,0,0,0,0,0.0,0.0,0.0,0.0,0.0,0.0,0.0,0.0,0.0,0.0,0.0,0.0,0.0,0.0,0.0,0.0,0.0,0.0,0.0,0.0,0.0,0.0,-0.0,-2.004,-2.004,-0.0,0.0,0.0,0.0,0.0,3379.5,-0.0,0.0,0.0,-0.0,-0.0,2.7184274988523002e+23,0.0,0.0,0.0,0.0,0,-0.0,1.905674755852206e+17,0.0,0.0,0.0,0.0,0.0,0.0,0.0,0,0,0,0.0,0.0,0.0,0.0,0.0,0.0,0.0,0.0,0.0,0.0,0.0,0.0,0.0,0.0,0.0,0.0,0,-107875648.0,0,0.0,0,-107875648.0,-107877712.0,0,13107,17039,26215,17053,39322,17037,0,0,0,110,100,100,0.0,64.0,0.0,64.9,-107615304.0,68.5,1,49,50,180,0,26215,0,0,0.0,0.0,0.0,0.0,-9.687110270146982e+25,65.0,0.0,0.0,0.0,645,0,687,0,0,0,716,0,787,0,708,0,689,0,645,0,641,0,617,0.032,36962304.0,2.004,-107615152.0,28816,16788,-6764540205203456.0,0.0,0.0,0.0,0.0,1.8164353936731576e+26,29.0,60.0,70,0.0,0.0,0.0,0.0,0.0,0.0,0.0,0.0,0.0,0.0,0.0,0.0,0.0,0.0,0.0,0.0,59.2,68,11,65509,41,65476,0,300,0,0,8,20529,65476,0,0,61604,60.0,0.0,0.0,0.0,0.0,0.0
2026-04-04T11:32:47,ERR,ERR,ERR,ERR,ERR,ERR,ERR,ERR,ERR,ERR,ERR,ERR,ERR,ERR,ERR,ERR,ERR,ERR,ERR,ERR,ERR,ERR,ERR,ERR,ERR,ERR,ERR,ERR,ERR,ERR,ERR,ERR,ERR,ERR,ERR,ERR,ERR,ERR,ERR,ERR,ERR,ERR,ERR,ERR,ERR,ERR,ERR,ERR,ERR,ERR,ERR,ERR,ERR,ERR,ERR,ERR,ERR,ERR,ERR,ERR,ERR,ERR,ERR,ERR,ERR,ERR,ERR,ERR,ERR,ERR,ERR,ERR,ERR,ERR,ERR,ERR,ERR,ERR,ERR,ERR,ERR,ERR,ERR,ERR,ERR,ERR,ERR,ERR,ERR,ERR,ERR,ERR,ERR,ERR,ERR,ERR,ERR,ERR,ERR,ERR,ERR,ERR,ERR,ERR,ERR,ERR,ERR,ERR,ERR,ERR,ERR,ERR,ERR,ERR,ERR,ERR,ERR,ERR,ERR,ERR,ERR,ERR,ERR,ERR,ERR,0.0,-0.0,-101055584.0,0.0,0.0,0.0,0.0,nan,0,0,0,32768,0,0.0,0,0.0,0.0,0.0,0.0,0.0,0,0,0,0,0.0,0,0,0,0,0,0,0,0,0,0,0,0,0,0,0,0,0,0,0,0,0,0,0,0,0,0,0,0,0,0,0,0,0,0,0,0,0,0,0,0,0,0,0,0,0.0,0.0,0.0,0.0,0.0,0.0,0.0,0.0,0.0,0.0,0.0,0.0,0.0,0.0,0.0,0.0,0.0,0.0,0.0,0.0,0.0,0.0,-0.0,-2.004,-2.004,-0.0,0.0,0.0,0.0,0.0,3379.5,-0.0,0.0,0.0,-0.0,-0.0,2.7184274988523002e+23,0.0,0.0,0.0,0.0,0,-0.0,1.905674755852206e+17,0.0,0.0,0.0,0.0,0.0,0.0,0.0,0,0,0,0.0,0.0,0.0,0.0,0.0,0.0,0.0,0.0,0.0,0.0,0.0,0.0,0.0,0.0,0.0,0.0,0,-107875648.0,0,0.0,0,-107875648.0,-107877712.0,0,13107,17039,26215,17053,39322,17037,0,0,0,110,100,100,0.0,64.0,0.0,64.9,-107615304.0,68.5,1,49,50,180,0,26215,0,0,0.0,0.0,0.0,0.0,-9.687110270146982e+25,65.0,0.0,0.0,0.0,645,0,687,0,0,0,716,0,787,0,708,0,689,0,645,0,641,0,617,0.032,36962304.0,2.004,-107615152.0,28816,16788,-6764540205203456.0,0.0,0.0,0.0,0.0,1.8164353936731576e+26,29.0,60.0,70,0.0,0.0,0.0,0.0,0.0,0.0,0.0,0.0,0.0,0.0,0.0,0.0,0.0,0.0,0.0,0.0,59.2,68,11,65509,41,65476,0,300,0,0,8,20529,65476,0,0,61604,60.0,0.0,0.0,0.0,0.0,0.0
2026-04-04T11:32:48,ERR,ERR,ERR,ERR,ERR,ERR,ERR,ERR,ERR,ERR,ERR,ERR,ERR,ERR,ERR,ERR,ERR,ERR,ERR,ERR,ERR,ERR,ERR,ERR,ERR,ERR,ERR,ERR,ERR,ERR,ERR,ERR,ERR,ERR,ERR,ERR,ERR,ERR,ERR,ERR,ERR,ERR,ERR,ERR,ERR,ERR,ERR,ERR,ERR,ERR,ERR,ERR,ERR,ERR,ERR,ERR,ERR,ERR,ERR,ERR,ERR,ERR,ERR,ERR,ERR,ERR,ERR,ERR,ERR,ERR,ERR,ERR,ERR,ERR,ERR,ERR,ERR,ERR,ERR,ERR,ERR,ERR,ERR,ERR,ERR,ERR,ERR,ERR,ERR,ERR,ERR,ERR,ERR,ERR,ERR,ERR,ERR,ERR,ERR,ERR,ERR,ERR,ERR,ERR,ERR,ERR,ERR,ERR,ERR,ERR,ERR,ERR,ERR,ERR,ERR,ERR,ERR,ERR,ERR,ERR,ERR,ERR,ERR,ERR,ERR,0.0,-0.0,-101055584.0,0.0,0.0,0.0,0.0,nan,0,0,0,32768,0,0.0,0,0.0,0.0,0.0,0.0,0.0,0,0,0,0,0.0,0,0,0,0,0,0,0,0,0,0,0,0,0,0,0,0,0,0,0,0,0,0,0,0,0,0,0,0,0,0,0,0,0,0,0,0,0,0,0,0,0,0,0,0,0.0,0.0,0.0,0.0,0.0,0.0,0.0,0.0,0.0,0.0,0.0,0.0,0.0,0.0,0.0,0.0,0.0,0.0,0.0,0.0,0.0,0.0,-0.0,-2.004,-2.004,-0.0,0.0,0.0,0.0,0.0,3379.5,-0.0,0.0,0.0,-0.0,-0.0,2.7184274988523002e+23,0.0,0.0,0.0,0.0,0,-0.0,1.905674755852206e+17,0.0,0.0,0.0,0.0,0.0,0.0,0.0,0,0,0,0.0,0.0,0.0,0.0,0.0,0.0,0.0,0.0,0.0,0.0,0.0,0.0,0.0,0.0,0.0,0.0,0,-107875648.0,0,0.0,0,-107875648.0,-107877712.0,0,13107,17039,26215,17053,39322,17037,0,0,0,110,100,100,0.0,64.0,0.0,64.9,-107615304.0,68.5,1,49,50,180,0,26215,0,0,0.0,0.0,0.0,0.0,-9.687110270146982e+25,65.0,0.0,0.0,0.0,645,0,687,0,0,0,716,0,787,0,708,0,689,0,645,0,641,0,617,0.032,36962304.0,2.004,-107615152.0,28816,16788,-6764540205203456.0,0.0,0.0,0.0,0.0,1.8164353936731576e+26,29.0,60.0,70,0.0,0.0,0.0,0.0,0.0,0.0,0.0,0.0,0.0,0.0,0.0,0.0,0.0,0.0,0.0,0.0,59.2,68,11,65509,41,65476,0,300,0,0,8,20529,65476,0,0,61604,60.0,0.0,0.0,0.0,0.0,0.0
2026-04-04T11:32:49,ERR,ERR,ERR,ERR,ERR,ERR,ERR,ERR,ERR,ERR,ERR,ERR,ERR,ERR,ERR,ERR,ERR,ERR,ERR,ERR,ERR,ERR,ERR,ERR,ERR,ERR,ERR,ERR,ERR,ERR,ERR,ERR,ERR,ERR,ERR,ERR,ERR,ERR,ERR,ERR,ERR,ERR,ERR,ERR,ERR,ERR,ERR,ERR,ERR,ERR,ERR,ERR,ERR,ERR,ERR,ERR,ERR,ERR,ERR,ERR,ERR,ERR,ERR,ERR,ERR,ERR,ERR,ERR,ERR,ERR,ERR,ERR,ERR,ERR,ERR,ERR,ERR,ERR,ERR,ERR,ERR,ERR,ERR,ERR,ERR,ERR,ERR,ERR,ERR,ERR,ERR,ERR,ERR,ERR,ERR,ERR,ERR,ERR,ERR,ERR,ERR,ERR,ERR,ERR,ERR,ERR,ERR,ERR,ERR,ERR,ERR,ERR,ERR,ERR,ERR,ERR,ERR,ERR,ERR,ERR,ERR,ERR,ERR,ERR,ERR,0.0,-0.0,-101055584.0,0.0,0.0,0.0,0.0,nan,0,0,0,32768,0,0.0,0,0.0,0.0,0.0,0.0,0.0,0,0,0,0,0.0,0,0,0,0,0,0,0,0,0,0,0,0,0,0,0,0,0,0,0,0,0,0,0,0,0,0,0,0,0,0,0,0,0,0,0,0,0,0,0,0,0,0,0,0,0.0,0.0,0.0,0.0,0.0,0.0,0.0,0.0,0.0,0.0,0.0,0.0,0.0,0.0,0.0,0.0,0.0,0.0,0.0,0.0,0.0,0.0,-0.0,-2.004,-2.004,-0.0,0.0,0.0,0.0,0.0,3379.5,-0.0,0.0,0.0,-0.0,-0.0,2.7184274988523002e+23,0.0,0.0,0.0,0.0,0,-0.0,1.905674755852206e+17,0.0,0.0,0.0,0.0,0.0,0.0,0.0,0,0,0,0.0,0.0,0.0,0.0,0.0,0.0,0.0,0.0,0.0,0.0,0.0,0.0,0.0,0.0,0.0,0.0,0,-107875648.0,0,0.0,0,-107875648.0,-107877712.0,0,13107,17039,26215,17053,39322,17037,0,0,0,110,100,100,0.0,64.0,0.0,64.9,-107615304.0,68.5,1,49,50,180,0,26215,0,0,0.0,0.0,0.0,0.0,-9.687110270146982e+25,65.0,0.0,0.0,0.0,645,0,687,0,0,0,716,0,787,0,708,0,689,0,645,0,641,0,617,0.032,36962304.0,2.004,-107615152.0,28816,16788,-6764540205203456.0,0.0,0.0,0.0,0.0,1.8164353936731576e+26,29.0,60.0,70,0.0,0.0,0.0,0.0,0.0,0.0,0.0,0.0,0.0,0.0,0.0,0.0,0.0,0.0,0.0,0.0,59.2,68,11,65509,41,65476,0,300,0,0,8,20529,65476,0,0,61604,60.0,0.0,0.0,0.0,0.0,0.0
2026-04-04T11:32:50,ERR,ERR,ERR,ERR,ERR,ERR,ERR,ERR,ERR,ERR,ERR,ERR,ERR,ERR,ERR,ERR,ERR,ERR,ERR,ERR,ERR,ERR,ERR,ERR,ERR,ERR,ERR,ERR,ERR,ERR,ERR,ERR,ERR,ERR,ERR,ERR,ERR,ERR,ERR,ERR,ERR,ERR,ERR,ERR,ERR,ERR,ERR,ERR,ERR,ERR,ERR,ERR,ERR,ERR,ERR,ERR,ERR,ERR,ERR,ERR,ERR,ERR,ERR,ERR,ERR,ERR,ERR,ERR,ERR,ERR,ERR,ERR,ERR,ERR,ERR,ERR,ERR,ERR,ERR,ERR,ERR,ERR,ERR,ERR,ERR,ERR,ERR,ERR,ERR,ERR,ERR,ERR,ERR,ERR,ERR,ERR,ERR,ERR,ERR,ERR,ERR,ERR,ERR,ERR,ERR,ERR,ERR,ERR,ERR,ERR,ERR,ERR,ERR,ERR,ERR,ERR,ERR,ERR,ERR,ERR,ERR,ERR,ERR,ERR,ERR,0.0,-0.0,-101055584.0,0.0,0.0,0.0,0.0,nan,0,0,0,32768,0,0.0,0,0.0,0.0,0.0,0.0,0.0,0,0,0,0,0.0,0,0,0,0,0,0,0,0,0,0,0,0,0,0,0,0,0,0,0,0,0,0,0,0,0,0,0,0,0,0,0,0,0,0,0,0,0,0,0,0,0,0,0,0,0.0,0.0,0.0,0.0,0.0,0.0,0.0,0.0,0.0,0.0,0.0,0.0,0.0,0.0,0.0,0.0,0.0,0.0,0.0,0.0,0.0,0.0,-0.0,-2.004,-2.004,-0.0,0.0,0.0,0.0,0.0,3379.5,-0.0,0.0,0.0,-0.0,-0.0,2.7184274988523002e+23,0.0,0.0,0.0,0.0,0,-0.0,1.905674755852206e+17,0.0,0.0,0.0,0.0,0.0,0.0,0.0,0,0,0,0.0,0.0,0.0,0.0,0.0,0.0,0.0,0.0,0.0,0.0,0.0,0.0,0.0,0.0,0.0,0.0,0,-107875648.0,0,0.0,0,-107875648.0,-107877712.0,0,13107,17039,26215,17053,39322,17037,0,0,0,110,100,100,0.0,64.0,0.0,64.9,-107615304.0,68.5,1,49,50,180,0,26215,0,0,0.0,0.0,0.0,0.0,-9.687110270146982e+25,65.0,0.0,0.0,0.0,645,0,687,0,0,0,716,0,787,0,708,0,689,0,645,0,641,0,617,0.032,36962304.0,2.004,-107615152.0,28816,16788,-6764540205203456.0,0.0,0.0,0.0,0.0,1.8164353936731576e+26,29.0,60.0,70,0.0,0.0,0.0,0.0,0.0,0.0,0.0,0.0,0.0,0.0,0.0,0.0,0.0,0.0,0.0,0.0,59.2,68,11,65509,41,65476,0,300,0,0,8,20529,65476,0,0,61604,60.0,0.0,0.0,0.0,0.0,0.0
2026-04-04T11:32:51,ERR,ERR,ERR,ERR,ERR,ERR,ERR,ERR,ERR,ERR,ERR,ERR,ERR,ERR,ERR,ERR,ERR,ERR,ERR,ERR,ERR,ERR,ERR,ERR,ERR,ERR,ERR,ERR,ERR,ERR,ERR,ERR,ERR,ERR,ERR,ERR,ERR,ERR,ERR,ERR,ERR,ERR,ERR,ERR,ERR,ERR,ERR,ERR,ERR,ERR,ERR,ERR,ERR,ERR,ERR,ERR,ERR,ERR,ERR,ERR,ERR,ERR,ERR,ERR,ERR,ERR,ERR,ERR,ERR,ERR,ERR,ERR,ERR,ERR,ERR,ERR,ERR,ERR,ERR,ERR,ERR,ERR,ERR,ERR,ERR,ERR,ERR,ERR,ERR,ERR,ERR,ERR,ERR,ERR,ERR,ERR,ERR,ERR,ERR,ERR,ERR,ERR,ERR,ERR,ERR,ERR,ERR,ERR,ERR,ERR,ERR,ERR,ERR,ERR,ERR,ERR,ERR,ERR,ERR,ERR,ERR,ERR,ERR,ERR,ERR,0.0,-0.0,-101055584.0,0.0,0.0,0.0,0.0,nan,0,0,0,32768,0,0.0,0,0.0,0.0,0.0,0.0,0.0,0,0,0,0,0.0,0,0,0,0,0,0,0,0,0,0,0,0,0,0,0,0,0,0,0,0,0,0,0,0,0,0,0,0,0,0,0,0,0,0,0,0,0,0,0,0,0,0,0,0,0.0,0.0,0.0,0.0,0.0,0.0,0.0,0.0,0.0,0.0,0.0,0.0,0.0,0.0,0.0,0.0,0.0,0.0,0.0,0.0,0.0,0.0,-0.0,-2.004,-2.004,-0.0,0.0,0.0,0.0,0.0,3379.5,-0.0,0.0,0.0,-0.0,-0.0,2.7184274988523002e+23,0.0,0.0,0.0,0.0,0,-0.0,1.905674755852206e+17,0.0,0.0,0.0,0.0,0.0,0.0,0.0,0,0,0,0.0,0.0,0.0,0.0,0.0,0.0,0.0,0.0,0.0,0.0,0.0,0.0,0.0,0.0,0.0,0.0,0,-107875648.0,0,0.0,0,-107875648.0,-107877712.0,0,13107,17039,26215,17053,39322,17037,0,0,0,110,100,100,0.0,64.0,0.0,64.9,-107615304.0,68.5,1,49,50,180,0,26215,0,0,0.0,0.0,0.0,0.0,-9.687110270146982e+25,65.0,0.0,0.0,0.0,645,0,687,0,0,0,716,0,787,0,708,0,689,0,645,0,641,0,617,0.032,36962304.0,2.004,-107615152.0,28816,16788,-6764540205203456.0,0.0,0.0,0.0,0.0,1.8164353936731576e+26,29.0,60.0,70,0.0,0.0,0.0,0.0,0.0,0.0,0.0,0.0,0.0,0.0,0.0,0.0,0.0,0.0,0.0,0.0,59.2,68,11,65509,41,65476,0,300,0,0,8,20529,65476,0,0,61604,60.0,0.0,0.0,0.0,0.0,0.0
2026-04-04T11:32:52,ERR,ERR,ERR,ERR,ERR,ERR,ERR,ERR,ERR,ERR,ERR,ERR,ERR,ERR,ERR,ERR,ERR,ERR,ERR,ERR,ERR,ERR,ERR,ERR,ERR,ERR,ERR,ERR,ERR,ERR,ERR,ERR,ERR,ERR,ERR,ERR,ERR,ERR,ERR,ERR,ERR,ERR,ERR,ERR,ERR,ERR,ERR,ERR,ERR,ERR,ERR,ERR,ERR,ERR,ERR,ERR,ERR,ERR,ERR,ERR,ERR,ERR,ERR,ERR,ERR,ERR,ERR,ERR,ERR,ERR,ERR,ERR,ERR,ERR,ERR,ERR,ERR,ERR,ERR,ERR,ERR,ERR,ERR,ERR,ERR,ERR,ERR,ERR,ERR,ERR,ERR,ERR,ERR,ERR,ERR,ERR,ERR,ERR,ERR,ERR,ERR,ERR,ERR,ERR,ERR,ERR,ERR,ERR,ERR,ERR,ERR,ERR,ERR,ERR,ERR,ERR,ERR,ERR,ERR,ERR,ERR,ERR,ERR,ERR,ERR,0.0,-0.0,-101055584.0,0.0,0.0,0.0,0.0,nan,0,0,0,32768,0,0.0,0,0.0,0.0,0.0,0.0,0.0,0,0,0,0,0.0,0,0,0,0,0,0,0,0,0,0,0,0,0,0,0,0,0,0,0,0,0,0,0,0,0,0,0,0,0,0,0,0,0,0,0,0,0,0,0,0,0,0,0,0,0.0,0.0,0.0,0.0,0.0,0.0,0.0,0.0,0.0,0.0,0.0,0.0,0.0,0.0,0.0,0.0,0.0,0.0,0.0,0.0,0.0,0.0,-0.0,-2.004,-2.004,-0.0,0.0,0.0,0.0,0.0,3379.5,-0.0,0.0,0.0,-0.0,-0.0,2.7184274988523002e+23,0.0,0.0,0.0,0.0,0,-0.0,1.905674755852206e+17,0.0,0.0,0.0,0.0,0.0,0.0,0.0,0,0,0,0.0,0.0,0.0,0.0,0.0,0.0,0.0,0.0,0.0,0.0,0.0,0.0,0.0,0.0,0.0,0.0,0,-107875648.0,0,0.0,0,-107875648.0,-107877712.0,0,13107,17039,26215,17053,39322,17037,0,0,0,110,100,100,0.0,64.0,0.0,64.9,-107615304.0,68.5,1,49,50,180,0,26215,0,0,0.0,0.0,0.0,0.0,-323506240.0,65.0,0.0,0.0,0.0,645,0,687,0,0,0,715,0,787,0,708,0,689,0,645,0,641,0,617,0.032,36700160.0,2.004,-107615152.0,28304,16788,-4.1003594553441124e+19,0.0,121473.242,-0.0,0.0,-0.0,29.0,60.0,70,0.0,0.0,0.0,0.0,0.0,0.0,0.0,0.0,0.0,0.0,0.0,0.0,0.0,0.0,0.0,0.0,59.2,68,11,65509,41,65476,0,300,0,0,8,20529,65476,0,0,61604,60.0,0.0,0.0,0.0,0.0,0.0
2026-04-04T11:32:53,ERR,ERR,ERR,ERR,ERR,ERR,ERR,ERR,ERR,ERR,ERR,ERR,ERR,ERR,ERR,ERR,ERR,ERR,ERR,ERR,ERR,ERR,ERR,ERR,ERR,ERR,ERR,ERR,ERR,ERR,ERR,ERR,ERR,ERR,ERR,ERR,ERR,ERR,ERR,ERR,ERR,ERR,ERR,ERR,ERR,ERR,ERR,ERR,ERR,ERR,ERR,ERR,ERR,ERR,ERR,ERR,ERR,ERR,ERR,ERR,ERR,ERR,ERR,ERR,ERR,ERR,ERR,ERR,ERR,ERR,ERR,ERR,ERR,ERR,ERR,ERR,ERR,ERR,ERR,ERR,ERR,ERR,ERR,ERR,ERR,ERR,ERR,ERR,ERR,ERR,ERR,ERR,ERR,ERR,ERR,ERR,ERR,ERR,ERR,ERR,ERR,ERR,ERR,ERR,ERR,ERR,ERR,ERR,ERR,ERR,ERR,ERR,ERR,ERR,ERR,ERR,ERR,ERR,ERR,ERR,ERR,ERR,ERR,ERR,ERR,0.0,-0.0,-101055584.0,0.0,0.0,0.0,0.0,nan,0,0,0,32768,0,0.0,0,0.0,0.0,0.0,0.0,0.0,0,0,0,0,0.0,0,0,0,0,0,0,0,0,0,0,0,0,0,0,0,0,0,0,0,0,0,0,0,0,0,0,0,0,0,0,0,0,0,0,0,0,0,0,0,0,0,0,0,0,0.0,0.0,0.0,0.0,0.0,0.0,0.0,0.0,0.0,0.0,0.0,0.0,0.0,0.0,0.0,0.0,0.0,0.0,0.0,0.0,0.0,0.0,-0.0,-2.004,-2.004,-0.0,0.0,0.0,0.0,0.0,3379.5,-0.0,0.0,0.0,-0.0,-0.0,2.7184274988523002e+23,0.0,0.0,0.0,0.0,0,-0.0,1.905674755852206e+17,0.0,0.0,0.0,0.0,0.0,0.0,0.0,0,0,0,0.0,0.0,0.0,0.0,0.0,0.0,0.0,0.0,0.0,0.0,0.0,0.0,0.0,0.0,0.0,0.0,0,-107875648.0,0,0.0,0,-107875648.0,-107877712.0,0,13107,17039,26215,17053,39322,17037,0,0,0,110,100,100,0.0,64.0,0.0,64.9,-107615304.0,68.5,1,49,50,180,0,26215,0,0,0.0,0.0,0.0,0.0,-323506240.0,65.0,0.0,0.0,0.0,645,0,687,0,0,0,715,0,787,0,708,0,689,0,645,0,641,0,617,0.032,36700160.0,2.004,-107615152.0,28304,16788,-4.1003594553441124e+19,0.0,121473.242,-0.0,0.0,-0.0,29.0,60.0,70,0.0,0.0,0.0,0.0,0.0,0.0,0.0,0.0,0.0,0.0,0.0,0.0,0.0,0.0,0.0,0.0,59.2,68,11,65509,41,65476,0,300,0,0,8,20529,65476,0,0,61604,60.0,0.0,0.0,0.0,0.0,0.0
2026-04-04T11:32:54,ERR,ERR,ERR,ERR,ERR,ERR,ERR,ERR,ERR,ERR,ERR,ERR,ERR,ERR,ERR,ERR,ERR,ERR,ERR,ERR,ERR,ERR,ERR,ERR,ERR,ERR,ERR,ERR,ERR,ERR,ERR,ERR,ERR,ERR,ERR,ERR,ERR,ERR,ERR,ERR,ERR,ERR,ERR,ERR,ERR,ERR,ERR,ERR,ERR,ERR,ERR,ERR,ERR,ERR,ERR,ERR,ERR,ERR,ERR,ERR,ERR,ERR,ERR,ERR,ERR,ERR,ERR,ERR,ERR,ERR,ERR,ERR,ERR,ERR,ERR,ERR,ERR,ERR,ERR,ERR,ERR,ERR,ERR,ERR,ERR,ERR,ERR,ERR,ERR,ERR,ERR,ERR,ERR,ERR,ERR,ERR,ERR,ERR,ERR,ERR,ERR,ERR,ERR,ERR,ERR,ERR,ERR,ERR,ERR,ERR,ERR,ERR,ERR,ERR,ERR,ERR,ERR,ERR,ERR,ERR,ERR,ERR,ERR,ERR,ERR,0.0,-0.0,-101055584.0,0.0,0.0,0.0,0.0,nan,0,0,0,32768,0,0.0,0,0.0,0.0,0.0,0.0,0.0,0,0,0,0,0.0,0,0,0,0,0,0,0,0,0,0,0,0,0,0,0,0,0,0,0,0,0,0,0,0,0,0,0,0,0,0,0,0,0,0,0,0,0,0,0,0,0,0,0,0,0.0,0.0,0.0,0.0,0.0,0.0,0.0,0.0,0.0,0.0,0.0,0.0,0.0,0.0,0.0,0.0,0.0,0.0,0.0,0.0,0.0,0.0,-0.0,-2.004,-2.004,-0.0,0.0,0.0,0.0,0.0,3377.5,-0.0,0.0,0.0,-0.0,-0.0,2.7184274988523002e+23,0.0,0.0,0.0,0.0,0,-0.0,2.7184057014301037e+23,0.0,0.0,0.0,0.0,0.0,0.0,0.0,0,0,0,0.0,0.0,0.0,0.0,0.0,0.0,0.0,0.0,0.0,0.0,0.0,0.0,0.0,0.0,0.0,0.0,0,-107875648.0,0,0.0,0,-107875648.0,-107877712.0,0,13107,17039,26215,17053,39322,17037,0,0,0,110,100,100,0.0,64.0,0.0,64.9,-107615304.0,68.5,1,49,50,180,0,26215,0,0,0.0,0.0,0.0,0.0,-323506240.0,65.0,0.0,0.0,0.0,645,0,687,0,0,0,715,0,787,0,708,0,689,0,645,0,641,0,617,0.032,36700160.0,2.004,-107615152.0,28304,16788,-4.1003594553441124e+19,0.0,121473.242,-0.0,0.0,-0.0,29.0,60.0,70,0.0,0.0,0.0,0.0,0.0,0.0,0.0,0.0,0.0,0.0,0.0,0.0,0.0,0.0,0.0,0.0,59.2,68,11,65509,41,65476,0,300,0,0,8,20529,65476,0,0,61604,60.0,0.0,0.0,0.0,0.0,0.0
2026-04-04T11:32:55,ERR,ERR,ERR,ERR,ERR,ERR,ERR,ERR,ERR,ERR,ERR,ERR,ERR,ERR,ERR,ERR,ERR,ERR,ERR,ERR,ERR,ERR,ERR,ERR,ERR,ERR,ERR,ERR,ERR,ERR,ERR,ERR,ERR,ERR,ERR,ERR,ERR,ERR,ERR,ERR,ERR,ERR,ERR,ERR,ERR,ERR,ERR,ERR,ERR,ERR,ERR,ERR,ERR,ERR,ERR,ERR,ERR,ERR,ERR,ERR,ERR,ERR,ERR,ERR,ERR,ERR,ERR,ERR,ERR,ERR,ERR,ERR,ERR,ERR,ERR,ERR,ERR,ERR,ERR,ERR,ERR,ERR,ERR,ERR,ERR,ERR,ERR,ERR,ERR,ERR,ERR,ERR,ERR,ERR,ERR,ERR,ERR,ERR,ERR,ERR,ERR,ERR,ERR,ERR,ERR,ERR,ERR,ERR,ERR,ERR,ERR,ERR,ERR,ERR,ERR,ERR,ERR,ERR,ERR,ERR,ERR,ERR,ERR,ERR,ERR,0.0,-0.0,-101055584.0,0.0,0.0,0.0,0.0,nan,0,0,0,32768,0,0.0,0,0.0,0.0,0.0,0.0,0.0,0,0,0,0,0.0,0,0,0,0,0,0,0,0,0,0,0,0,0,0,0,0,0,0,0,0,0,0,0,0,0,0,0,0,0,0,0,0,0,0,0,0,0,0,0,0,0,0,0,0,0.0,0.0,0.0,0.0,0.0,0.0,0.0,0.0,0.0,0.0,0.0,0.0,0.0,0.0,0.0,0.0,0.0,0.0,0.0,0.0,0.0,0.0,-0.0,-2.004,-2.004,-0.0,0.0,0.0,0.0,0.0,3377.5,-0.0,0.0,0.0,-0.0,-0.0,2.7184274988523002e+23,0.0,0.0,0.0,0.0,0,-0.0,2.7184057014301037e+23,0.0,0.0,0.0,0.0,0.0,0.0,0.0,0,0,0,0.0,0.0,0.0,0.0,0.0,0.0,0.0,0.0,0.0,0.0,0.0,0.0,0.0,0.0,0.0,0.0,0,-107875648.0,0,0.0,0,-107875648.0,-107877712.0,0,13107,17039,26215,17053,39322,17037,0,0,0,110,100,100,0.0,64.0,0.0,64.9,-107615304.0,68.5,1,49,50,180,0,26215,0,0,0.0,0.0,0.0,0.0,-323506240.0,65.0,0.0,0.0,0.0,645,0,687,0,0,0,715,0,787,0,708,0,689,0,645,0,641,0,617,0.032,36700160.0,2.004,-107615152.0,28304,16788,-4.1003594553441124e+19,0.0,121473.242,-0.0,0.0,-0.0,29.0,60.0,70,0.0,0.0,0.0,0.0,0.0,0.0,0.0,0.0,0.0,0.0,0.0,0.0,0.0,0.0,0.0,0.0,59.2,68,11,65509,41,65476,0,300,0,0,8,20529,65476,0,0,61604,60.0,0.0,0.0,0.0,0.0,0.0
2026-04-04T11:32:56,ERR,ERR,ERR,ERR,ERR,ERR,ERR,ERR,ERR,ERR,ERR,ERR,ERR,ERR,ERR,ERR,ERR,ERR,ERR,ERR,ERR,ERR,ERR,ERR,ERR,ERR,ERR,ERR,ERR,ERR,ERR,ERR,ERR,ERR,ERR,ERR,ERR,ERR,ERR,ERR,ERR,ERR,ERR,ERR,ERR,ERR,ERR,ERR,ERR,ERR,ERR,ERR,ERR,ERR,ERR,ERR,ERR,ERR,ERR,ERR,ERR,ERR,ERR,ERR,ERR,ERR,ERR,ERR,ERR,ERR,ERR,ERR,ERR,ERR,ERR,ERR,ERR,ERR,ERR,ERR,ERR,ERR,ERR,ERR,ERR,ERR,ERR,ERR,ERR,ERR,ERR,ERR,ERR,ERR,ERR,ERR,ERR,ERR,ERR,ERR,ERR,ERR,ERR,ERR,ERR,ERR,ERR,ERR,ERR,ERR,ERR,ERR,ERR,ERR,ERR,ERR,ERR,ERR,ERR,ERR,ERR,ERR,ERR,ERR,ERR,0.0,-0.0,-101055584.0,0.0,0.0,0.0,0.0,nan,0,0,0,32768,0,0.0,0,0.0,0.0,0.0,0.0,0.0,0,0,0,0,0.0,0,0,0,0,0,0,0,0,0,0,0,0,0,0,0,0,0,0,0,0,0,0,0,0,0,0,0,0,0,0,0,0,0,0,0,0,0,0,0,0,0,0,0,0,0.0,0.0,0.0,0.0,0.0,0.0,0.0,0.0,0.0,0.0,0.0,0.0,0.0,0.0,0.0,0.0,0.0,0.0,0.0,0.0,0.0,0.0,-0.0,-2.004,-2.004,-0.0,0.0,0.0,0.0,0.0,3377.5,-0.0,0.0,0.0,-0.0,-0.0,2.7184274988523002e+23,0.0,0.0,0.0,0.0,0,-0.0,2.7184057014301037e+23,0.0,0.0,0.0,0.0,0.0,0.0,0.0,0,0,0,0.0,0.0,0.0,0.0,0.0,0.0,0.0,0.0,0.0,0.0,0.0,0.0,0.0,0.0,0.0,0.0,0,-107875648.0,0,0.0,0,-107875648.0,-107877712.0,0,13107,17039,26215,17053,39322,17037,0,0,0,110,100,100,0.0,64.0,0.0,64.9,-107615304.0,68.5,1,49,50,180,0,26215,0,0,0.0,0.0,0.0,0.0,-323506240.0,65.0,0.0,0.0,0.0,645,0,687,0,0,0,715,0,787,0,708,0,689,0,645,0,641,0,617,0.032,36700160.0,2.004,-107615152.0,28304,16788,-4.1003594553441124e+19,0.0,121473.242,-0.0,0.0,-0.0,29.0,60.0,70,0.0,0.0,0.0,0.0,0.0,0.0,0.0,0.0,0.0,0.0,0.0,0.0,0.0,0.0,0.0,0.0,59.2,68,11,65509,41,65476,0,300,0,0,8,20529,65476,0,0,61604,60.0,0.0,0.0,0.0,0.0,0.0
2026-04-04T11:32:57,ERR,ERR,ERR,ERR,ERR,ERR,ERR,ERR,ERR,ERR,ERR,ERR,ERR,ERR,ERR,ERR,ERR,ERR,ERR,ERR,ERR,ERR,ERR,ERR,ERR,ERR,ERR,ERR,ERR,ERR,ERR,ERR,ERR,ERR,ERR,ERR,ERR,ERR,ERR,ERR,ERR,ERR,ERR,ERR,ERR,ERR,ERR,ERR,ERR,ERR,ERR,ERR,ERR,ERR,ERR,ERR,ERR,ERR,ERR,ERR,ERR,ERR,ERR,ERR,ERR,ERR,ERR,ERR,ERR,ERR,ERR,ERR,ERR,ERR,ERR,ERR,ERR,ERR,ERR,ERR,ERR,ERR,ERR,ERR,ERR,ERR,ERR,ERR,ERR,ERR,ERR,ERR,ERR,ERR,ERR,ERR,ERR,ERR,ERR,ERR,ERR,ERR,ERR,ERR,ERR,ERR,ERR,ERR,ERR,ERR,ERR,ERR,ERR,ERR,ERR,ERR,ERR,ERR,ERR,ERR,ERR,ERR,ERR,ERR,ERR,0.0,-0.0,-101055584.0,0.0,0.0,0.0,0.0,nan,0,0,0,32768,0,0.0,0,0.0,0.0,0.0,0.0,0.0,0,0,0,0,0.0,0,0,0,0,0,0,0,0,0,0,0,0,0,0,0,0,0,0,0,0,0,0,0,0,0,0,0,0,0,0,0,0,0,0,0,0,0,0,0,0,0,0,0,0,0.0,0.0,0.0,0.0,0.0,0.0,0.0,0.0,0.0,0.0,0.0,0.0,0.0,0.0,0.0,0.0,0.0,0.0,0.0,0.0,0.0,0.0,-0.0,-2.004,-2.004,-0.0,0.0,0.0,0.0,0.0,3377.5,-0.0,0.0,0.0,-0.0,-0.0,2.7184274988523002e+23,0.0,0.0,0.0,0.0,0,-0.0,2.7184057014301037e+23,0.0,0.0,0.0,0.0,0.0,0.0,0.0,0,0,0,0.0,0.0,0.0,0.0,0.0,0.0,0.0,0.0,0.0,0.0,0.0,0.0,0.0,0.0,0.0,0.0,0,-107875648.0,0,0.0,0,-107875648.0,-107877712.0,0,13107,17039,26215,17053,39322,17037,0,0,0,110,100,100,0.0,64.0,0.0,64.9,-107615304.0,68.5,1,49,50,180,0,26215,0,0,0.0,0.0,0.0,0.0,-323506240.0,65.0,0.0,0.0,0.0,645,0,687,0,0,0,715,0,787,0,708,0,689,0,645,0,641,0,617,0.032,36700160.0,2.004,-107615152.0,28304,16788,-4.1003594553441124e+19,0.0,121473.242,-0.0,0.0,-0.0,29.0,60.0,70,0.0,0.0,0.0,0.0,0.0,0.0,0.0,0.0,0.0,0.0,0.0,0.0,0.0,0.0,0.0,0.0,59.2,68,11,65509,41,65476,0,300,0,0,8,20529,65476,0,0,61604,60.0,0.0,0.0,0.0,0.0,0.0
2026-04-04T11:32:58,ERR,ERR,ERR,ERR,ERR,ERR,ERR,ERR,ERR,ERR,ERR,ERR,ERR,ERR,ERR,ERR,ERR,ERR,ERR,ERR,ERR,ERR,ERR,ERR,ERR,ERR,ERR,ERR,ERR,ERR,ERR,ERR,ERR,ERR,ERR,ERR,ERR,ERR,ERR,ERR,ERR,ERR,ERR,ERR,ERR,ERR,ERR,ERR,ERR,ERR,ERR,ERR,ERR,ERR,ERR,ERR,ERR,ERR,ERR,ERR,ERR,ERR,ERR,ERR,ERR,ERR,ERR,ERR,ERR,ERR,ERR,ERR,ERR,ERR,ERR,ERR,ERR,ERR,ERR,ERR,ERR,ERR,ERR,ERR,ERR,ERR,ERR,ERR,ERR,ERR,ERR,ERR,ERR,ERR,ERR,ERR,ERR,ERR,ERR,ERR,ERR,ERR,ERR,ERR,ERR,ERR,ERR,ERR,ERR,ERR,ERR,ERR,ERR,ERR,ERR,ERR,ERR,ERR,ERR,ERR,ERR,ERR,ERR,ERR,ERR,0.0,-0.0,-101055584.0,0.0,0.0,0.0,0.0,nan,0,0,0,32768,0,0.0,0,0.0,0.0,0.0,0.0,0.0,0,0,0,0,0.0,0,0,0,0,0,0,0,0,0,0,0,0,0,0,0,0,0,0,0,0,0,0,0,0,0,0,0,0,0,0,0,0,0,0,0,0,0,0,0,0,0,0,0,0,0.0,0.0,0.0,0.0,0.0,0.0,0.0,0.0,0.0,0.0,0.0,0.0,0.0,0.0,0.0,0.0,0.0,0.0,0.0,0.0,0.0,0.0,-0.0,-2.004,-2.004,-0.0,0.0,0.0,0.0,0.0,3377.5,-0.0,0.0,0.0,-0.0,-0.0,2.7184274988523002e+23,0.0,0.0,0.0,0.0,0,-0.0,2.7184057014301037e+23,0.0,0.0,0.0,0.0,0.0,0.0,0.0,0,0,0,0.0,0.0,0.0,0.0,0.0,0.0,0.0,0.0,0.0,0.0,0.0,0.0,0.0,0.0,0.0,0.0,0,-107875648.0,0,0.0,0,-107875648.0,-107877712.0,0,13107,17039,26215,17053,39322,17037,0,0,0,110,100,100,2.7302334150594743e+23,64.0,0.0,64.9,-107615304.0,68.5,1,49,50,180,0,26215,0,0,0.0,0.0,0.0,0.0,-98437.016,65.0,0.0,6.878543767260076e+28,0.0,645,0,687,0,0,0,716,0,787,0,708,0,689,0,645,0,641,0,617,0.032,36962304.0,2.004,-107615152.0,48912,16788,-33589301248.0,6.878543767260076e+28,72613093376.0,-2.1797217687310434e+19,0.0,-0.0,29.0,60.0,70,0.0,0.0,0.0,0.0,0.0,0.0,0.0,0.0,0.0,0.0,0.0,0.0,0.0,0.0,0.0,0.0,59.2,68,11,65509,41,65476,0,300,0,0,8,20529,65476,0,0,61604,60.0,0.0,0.0,0.0,0.0,0.0
2026-04-04T11:32:59,ERR,ERR,ERR,ERR,ERR,ERR,ERR,ERR,ERR,ERR,ERR,ERR,ERR,ERR,ERR,ERR,ERR,ERR,ERR,ERR,ERR,ERR,ERR,ERR,ERR,ERR,ERR,ERR,ERR,ERR,ERR,ERR,ERR,ERR,ERR,ERR,ERR,ERR,ERR,ERR,ERR,ERR,ERR,ERR,ERR,ERR,ERR,ERR,ERR,ERR,ERR,ERR,ERR,ERR,ERR,ERR,ERR,ERR,ERR,ERR,ERR,ERR,ERR,ERR,ERR,ERR,ERR,ERR,ERR,ERR,ERR,ERR,ERR,ERR,ERR,ERR,ERR,ERR,ERR,ERR,ERR,ERR,ERR,ERR,ERR,ERR,ERR,ERR,ERR,ERR,ERR,ERR,ERR,ERR,ERR,ERR,ERR,ERR,ERR,ERR,ERR,ERR,ERR,ERR,ERR,ERR,ERR,ERR,ERR,ERR,ERR,ERR,ERR,ERR,ERR,ERR,ERR,ERR,ERR,ERR,ERR,ERR,ERR,ERR,ERR,0.0,-0.0,-101055584.0,0.0,0.0,0.0,0.0,nan,0,0,0,32768,0,0.0,0,0.0,0.0,0.0,0.0,0.0,0,0,0,0,0.0,0,0,0,0,0,0,0,0,0,0,0,0,0,0,0,0,0,0,0,0,0,0,0,0,0,0,0,0,0,0,0,0,0,0,0,0,0,0,0,0,0,0,0,0,0.0,0.0,0.0,0.0,0.0,0.0,0.0,0.0,0.0,0.0,0.0,0.0,0.0,0.0,0.0,0.0,0.0,0.0,0.0,0.0,0.0,0.0,-0.0,-2.004,-2.004,-0.0,0.0,0.0,0.0,0.0,3377.5,-0.0,0.0,0.0,-0.0,-0.0,2.7184274988523002e+23,0.0,0.0,0.0,0.0,0,-0.0,2.7184057014301037e+23,0.0,0.0,0.0,0.0,0.0,0.0,0.0,0,0,0,0.0,0.0,0.0,0.0,0.0,0.0,0.0,0.0,0.0,0.0,0.0,0.0,0.0,0.0,0.0,0.0,0,-107875648.0,0,0.0,0,-107875648.0,-107877712.0,0,13107,17039,26215,17053,39322,17037,0,0,0,110,100,100,2.7302334150594743e+23,64.0,0.0,64.9,-107615304.0,68.5,1,49,50,180,0,26215,0,0,0.0,0.0,0.0,0.0,-98437.016,65.0,0.0,6.878543767260076e+28,0.0,645,0,687,0,0,0,716,0,787,0,708,0,689,0,645,0,641,0,617,0.032,36962304.0,2.004,-107615152.0,48912,16788,-33589301248.0,6.878543767260076e+28,72613093376.0,-2.1797217687310434e+19,0.0,-0.0,29.0,60.0,70,0.0,0.0,0.0,0.0,0.0,0.0,0.0,0.0,0.0,0.0,0.0,0.0,0.0,0.0,0.0,0.0,59.2,68,11,65509,41,65476,0,300,0,0,8,20529,65476,0,0,61604,60.0,0.0,0.0,0.0,0.0,0.0
2026-04-04T11:33:00,ERR,ERR,ERR,ERR,ERR,ERR,ERR,ERR,ERR,ERR,ERR,ERR,ERR,ERR,ERR,ERR,ERR,ERR,ERR,ERR,ERR,ERR,ERR,ERR,ERR,ERR,ERR,ERR,ERR,ERR,ERR,ERR,ERR,ERR,ERR,ERR,ERR,ERR,ERR,ERR,ERR,ERR,ERR,ERR,ERR,ERR,ERR,ERR,ERR,ERR,ERR,ERR,ERR,ERR,ERR,ERR,ERR,ERR,ERR,ERR,ERR,ERR,ERR,ERR,ERR,ERR,ERR,ERR,ERR,ERR,ERR,ERR,ERR,ERR,ERR,ERR,ERR,ERR,ERR,ERR,ERR,ERR,ERR,ERR,ERR,ERR,ERR,ERR,ERR,ERR,ERR,ERR,ERR,ERR,ERR,ERR,ERR,ERR,ERR,ERR,ERR,ERR,ERR,ERR,ERR,ERR,ERR,ERR,ERR,ERR,ERR,ERR,ERR,ERR,ERR,ERR,ERR,ERR,ERR,ERR,ERR,ERR,ERR,ERR,ERR,0.0,-0.0,-101055584.0,0.0,0.0,0.0,0.0,nan,0,0,0,32768,0,0.0,0,0.0,0.0,0.0,0.0,0.0,0,0,0,0,0.0,0,0,0,0,0,0,0,0,0,0,0,0,0,0,0,0,0,0,0,0,0,0,0,0,0,0,0,0,0,0,0,0,0,0,0,0,0,0,0,0,0,0,0,0,0.0,0.0,0.0,0.0,0.0,0.0,0.0,0.0,0.0,0.0,0.0,0.0,0.0,0.0,0.0,0.0,0.0,0.0,0.0,0.0,0.0,0.0,-0.0,-2.004,-2.004,-0.0,0.0,0.0,0.0,0.0,3377.5,-0.0,0.0,0.0,-0.0,-0.0,2.7184274988523002e+23,0.0,0.0,0.0,0.0,0,-0.0,2.7184057014301037e+23,0.0,0.0,0.0,0.0,0.0,0.0,0.0,0,0,0,0.0,0.0,0.0,0.0,0.0,0.0,0.0,0.0,0.0,0.0,0.0,0.0,0.0,0.0,0.0,0.0,0,-107875648.0,0,0.0,0,-107875648.0,-107877712.0,0,13107,17039,26215,17053,39322,17037,0,0,0,110,100,100,2.7302334150594743e+23,64.0,0.0,64.9,-107615304.0,68.5,1,49,50,180,0,26215,0,0,0.0,0.0,0.0,0.0,-98437.016,65.0,0.0,6.878543767260076e+28,0.0,645,0,687,0,0,0,716,0,787,0,708,0,689,0,645,0,641,0,617,0.032,36962304.0,2.004,-107615152.0,48912,16788,-33589301248.0,6.878543767260076e+28,72613093376.0,-2.1797217687310434e+19,0.0,-0.0,29.0,60.0,70,0.0,0.0,0.0,0.0,0.0,0.0,0.0,0.0,0.0,0.0,0.0,0.0,0.0,0.0,0.0,0.0,59.2,68,11,65509,41,65476,0,300,0,0,8,20529,65476,0,0,61604,60.0,0.0,0.0,0.0,0.0,0.0
2026-04-04T11:33:01,ERR,ERR,ERR,ERR,ERR,ERR,ERR,ERR,ERR,ERR,ERR,ERR,ERR,ERR,ERR,ERR,ERR,ERR,ERR,ERR,ERR,ERR,ERR,ERR,ERR,ERR,ERR,ERR,ERR,ERR,ERR,ERR,ERR,ERR,ERR,ERR,ERR,ERR,ERR,ERR,ERR,ERR,ERR,ERR,ERR,ERR,ERR,ERR,ERR,ERR,ERR,ERR,ERR,ERR,ERR,ERR,ERR,ERR,ERR,ERR,ERR,ERR,ERR,ERR,ERR,ERR,ERR,ERR,ERR,ERR,ERR,ERR,ERR,ERR,ERR,ERR,ERR,ERR,ERR,ERR,ERR,ERR,ERR,ERR,ERR,ERR,ERR,ERR,ERR,ERR,ERR,ERR,ERR,ERR,ERR,ERR,ERR,ERR,ERR,ERR,ERR,ERR,ERR,ERR,ERR,ERR,ERR,ERR,ERR,ERR,ERR,ERR,ERR,ERR,ERR,ERR,ERR,ERR,ERR,ERR,ERR,ERR,ERR,ERR,ERR,0.0,-0.0,-101055584.0,0.0,0.0,0.0,0.0,nan,0,0,0,32768,0,0.0,0,0.0,0.0,0.0,0.0,0.0,0,0,0,0,0.0,0,0,0,0,0,0,0,0,0,0,0,0,0,0,0,0,0,0,0,0,0,0,0,0,0,0,0,0,0,0,0,0,0,0,0,0,0,0,0,0,0,0,0,0,0.0,0.0,0.0,0.0,0.0,0.0,0.0,0.0,0.0,0.0,0.0,0.0,0.0,0.0,0.0,0.0,0.0,0.0,0.0,0.0,0.0,0.0,-0.0,-2.004,-2.004,-0.0,0.0,0.0,0.0,0.0,3377.5,-0.0,0.0,0.0,-0.0,-0.0,2.7184274988523002e+23,0.0,0.0,0.0,0.0,0,-0.0,2.7184057014301037e+23,0.0,0.0,0.0,0.0,0.0,0.0,0.0,0,0,0,0.0,0.0,0.0,0.0,0.0,0.0,0.0,0.0,0.0,0.0,0.0,0.0,0.0,0.0,0.0,0.0,0,-107875648.0,0,0.0,0,-107875648.0,-107877712.0,0,13107,17039,26215,17053,39322,17037,0,0,0,110,100,100,2.7302334150594743e+23,64.0,0.0,64.9,-107615304.0,68.5,1,49,50,180,0,26215,0,0,0.0,0.0,0.0,0.0,-98437.016,65.0,0.0,6.878543767260076e+28,0.0,645,0,687,0,0,0,716,0,787,0,708,0,689,0,645,0,641,0,617,0.032,36962304.0,2.004,-107615152.0,48912,16788,-33589301248.0,6.878543767260076e+28,72613093376.0,-2.1797217687310434e+19,0.0,-0.0,29.0,60.0,70,0.0,0.0,0.0,0.0,0.0,0.0,0.0,0.0,0.0,0.0,0.0,0.0,0.0,0.0,0.0,0.0,59.2,69,11,65508,41,65476,0,300,0,0,8,20529,65476,0,0,61604,60.0,0.0,0.0,0.0,0.0,0.0
2026-04-04T11:33:02,ERR,ERR,ERR,ERR,ERR,ERR,ERR,ERR,ERR,ERR,ERR,ERR,ERR,ERR,ERR,ERR,ERR,ERR,ERR,ERR,ERR,ERR,ERR,ERR,ERR,ERR,ERR,ERR,ERR,ERR,ERR,ERR,ERR,ERR,ERR,ERR,ERR,ERR,ERR,ERR,ERR,ERR,ERR,ERR,ERR,ERR,ERR,ERR,ERR,ERR,ERR,ERR,ERR,ERR,ERR,ERR,ERR,ERR,ERR,ERR,ERR,ERR,ERR,ERR,ERR,ERR,ERR,ERR,ERR,ERR,ERR,ERR,ERR,ERR,ERR,ERR,ERR,ERR,ERR,ERR,ERR,ERR,ERR,ERR,ERR,ERR,ERR,ERR,ERR,ERR,ERR,ERR,ERR,ERR,ERR,ERR,ERR,ERR,ERR,ERR,ERR,ERR,ERR,ERR,ERR,ERR,ERR,ERR,ERR,ERR,ERR,ERR,ERR,ERR,ERR,ERR,ERR,ERR,ERR,ERR,ERR,ERR,ERR,ERR,ERR,0.0,-0.0,-101055584.0,0.0,0.0,0.0,0.0,nan,0,0,0,32768,0,0.0,0,0.0,0.0,0.0,0.0,0.0,0,0,0,0,0.0,0,0,0,0,0,0,0,0,0,0,0,0,0,0,0,0,0,0,0,0,0,0,0,0,0,0,0,0,0,0,0,0,0,0,0,0,0,0,0,0,0,0,0,0,0.0,0.0,0.0,0.0,0.0,0.0,0.0,0.0,0.0,0.0,0.0,0.0,0.0,0.0,0.0,0.0,0.0,0.0,0.0,0.0,0.0,0.0,-0.0,-2.004,-2.004,-0.0,0.0,0.0,0.0,0.0,3379.5,-8608107520.0,0.0,0.0,-0.0,-0.0,0.0,0.0,0.0,0.0,0.0,0,-0.059,-0.0,0.0,0.0,0.0,0.0,0.0,0.0,0.0,0,0,0,0.0,0.0,0.0,0.0,0.0,0.0,0.0,0.0,0.0,0.0,0.0,0.0,0.0,0.0,0.0,0.0,0,-107875648.0,0,0.0,0,-107875648.0,-107877712.0,0,13107,17039,26215,17053,39322,17037,0,0,0,110,100,100,2.7302334150594743e+23,64.0,0.0,64.9,-107615304.0,68.5,1,49,50,180,0,26215,0,0,0.0,0.0,0.0,0.0,-98437.016,65.0,0.0,6.878543767260076e+28,0.0,645,0,687,0,0,0,716,0,787,0,708,0,689,0,645,0,641,0,617,0.032,36962304.0,2.004,-107615152.0,48912,16788,-33589301248.0,6.878543767260076e+28,72613093376.0,-2.1797217687310434e+19,0.0,-0.0,29.0,60.0,70,0.0,0.0,0.0,0.0,0.0,0.0,0.0,0.0,0.0,0.0,0.0,0.0,0.0,0.0,0.0,0.0,59.2,69,11,65508,41,65476,0,300,0,0,8,20529,65476,0,0,61604,60.0,0.0,0.0,0.0,0.0,0.0
2026-04-04T11:33:03,ERR,ERR,ERR,ERR,ERR,ERR,ERR,ERR,ERR,ERR,ERR,ERR,ERR,ERR,ERR,ERR,ERR,ERR,ERR,ERR,ERR,ERR,ERR,ERR,ERR,ERR,ERR,ERR,ERR,ERR,ERR,ERR,ERR,ERR,ERR,ERR,ERR,ERR,ERR,ERR,ERR,ERR,ERR,ERR,ERR,ERR,ERR,ERR,ERR,ERR,ERR,ERR,ERR,ERR,ERR,ERR,ERR,ERR,ERR,ERR,ERR,ERR,ERR,ERR,ERR,ERR,ERR,ERR,ERR,ERR,ERR,ERR,ERR,ERR,ERR,ERR,ERR,ERR,ERR,ERR,ERR,ERR,ERR,ERR,ERR,ERR,ERR,ERR,ERR,ERR,ERR,ERR,ERR,ERR,ERR,ERR,ERR,ERR,ERR,ERR,ERR,ERR,ERR,ERR,ERR,ERR,ERR,ERR,ERR,ERR,ERR,ERR,ERR,ERR,ERR,ERR,ERR,ERR,ERR,ERR,ERR,ERR,ERR,ERR,ERR,0.0,-0.0,-101055584.0,0.0,0.0,0.0,0.0,nan,0,0,0,32768,0,0.0,0,0.0,0.0,0.0,0.0,0.0,0,0,0,0,0.0,0,0,0,0,0,0,0,0,0,0,0,0,0,0,0,0,0,0,0,0,0,0,0,0,0,0,0,0,0,0,0,0,0,0,0,0,0,0,0,0,0,0,0,0,0.0,0.0,0.0,0.0,0.0,0.0,0.0,0.0,0.0,0.0,0.0,0.0,0.0,0.0,0.0,0.0,0.0,0.0,0.0,0.0,0.0,0.0,-0.0,-2.004,-2.004,-0.0,0.0,0.0,0.0,0.0,3379.5,-8608107520.0,0.0,0.0,-0.0,-0.0,0.0,0.0,0.0,0.0,0.0,0,-0.059,-0.0,0.0,0.0,0.0,0.0,0.0,0.0,0.0,0,0,0,0.0,0.0,0.0,0.0,0.0,0.0,0.0,0.0,0.0,0.0,0.0,0.0,0.0,0.0,0.0,0.0,0,-107875648.0,0,0.0,0,-107875648.0,-107877712.0,0,13107,17039,26215,17053,39322,17037,0,0,0,110,100,100,2.7302334150594743e+23,64.0,0.0,64.9,-107615304.0,68.5,1,49,50,180,0,26215,0,0,0.0,0.0,0.0,0.0,-98437.016,65.0,0.0,6.878543767260076e+28,0.0,645,0,687,0,0,0,716,0,787,0,708,0,689,0,645,0,641,0,617,0.032,36962304.0,2.004,-107615152.0,48912,16788,-33589301248.0,6.878543767260076e+28,72613093376.0,-2.1797217687310434e+19,0.0,-0.0,29.0,60.0,70,0.0,0.0,0.0,0.0,0.0,0.0,0.0,0.0,0.0,0.0,0.0,0.0,0.0,0.0,0.0,0.0,59.2,69,11,65508,41,65476,0,300,0,0,8,20529,65476,0,0,61604,60.0,0.0,0.0,0.0,0.0,0.0
2026-04-04T11:33:04,ERR,ERR,ERR,ERR,ERR,ERR,ERR,ERR,ERR,ERR,ERR,ERR,ERR,ERR,ERR,ERR,ERR,ERR,ERR,ERR,ERR,ERR,ERR,ERR,ERR,ERR,ERR,ERR,ERR,ERR,ERR,ERR,ERR,ERR,ERR,ERR,ERR,ERR,ERR,ERR,ERR,ERR,ERR,ERR,ERR,ERR,ERR,ERR,ERR,ERR,ERR,ERR,ERR,ERR,ERR,ERR,ERR,ERR,ERR,ERR,ERR,ERR,ERR,ERR,ERR,ERR,ERR,ERR,ERR,ERR,ERR,ERR,ERR,ERR,ERR,ERR,ERR,ERR,ERR,ERR,ERR,ERR,ERR,ERR,ERR,ERR,ERR,ERR,ERR,ERR,ERR,ERR,ERR,ERR,ERR,ERR,ERR,ERR,ERR,ERR,ERR,ERR,ERR,ERR,ERR,ERR,ERR,ERR,ERR,ERR,ERR,ERR,ERR,ERR,ERR,ERR,ERR,ERR,ERR,ERR,ERR,ERR,ERR,ERR,ERR,0.0,-0.0,-101055584.0,0.0,0.0,0.0,0.0,nan,0,0,0,32768,0,0.0,0,0.0,0.0,0.0,0.0,0.0,0,0,0,0,0.0,0,0,0,0,0,0,0,0,0,0,0,0,0,0,0,0,0,0,0,0,0,0,0,0,0,0,0,0,0,0,0,0,0,0,0,0,0,0,0,0,0,0,0,0,0.0,0.0,0.0,0.0,0.0,0.0,0.0,0.0,0.0,0.0,0.0,0.0,0.0,0.0,0.0,0.0,0.0,0.0,0.0,0.0,0.0,0.0,-0.0,-2.004,-2.004,-0.0,0.0,0.0,0.0,0.0,3379.5,-8608107520.0,0.0,0.0,-0.0,-0.0,0.0,0.0,0.0,0.0,0.0,0,-0.059,-0.0,0.0,0.0,0.0,0.0,0.0,0.0,0.0,0,0,0,0.0,0.0,0.0,0.0,0.0,0.0,0.0,0.0,0.0,0.0,0.0,0.0,0.0,0.0,0.0,0.0,0,-107875648.0,0,0.0,0,-107875648.0,-107877712.0,0,13107,17039,26215,17053,39322,17037,0,0,0,110,100,100,0.0,64.0,0.0,64.9,-107615304.0,68.5,1,49,50,180,0,26215,0,0,0.0,0.0,0.0,0.0,-2.5365387443549316e+36,65.0,0.0,-1.4948763513491199e+34,0.0,645,0,687,0,0,0,716,0,787,0,708,0,689,0,645,0,642,0,617,0.032,36962304.0,2.004,-107615152.0,58000,16788,-5.990159188679916e+37,-3.135786051844532e+34,0.0,0.0,-0.063,0.062,29.0,60.0,70,0.0,0.0,0.0,0.0,0.0,0.0,0.0,0.0,0.0,0.0,0.0,0.0,0.0,0.0,0.0,0.0,59.2,69,11,65508,41,65476,0,300,0,0,8,20529,65476,0,0,61604,60.0,0.0,0.0,0.0,0.0,0.0
2026-04-04T11:33:05,ERR,ERR,ERR,ERR,ERR,ERR,ERR,ERR,ERR,ERR,ERR,ERR,ERR,ERR,ERR,ERR,ERR,ERR,ERR,ERR,ERR,ERR,ERR,ERR,ERR,ERR,ERR,ERR,ERR,ERR,ERR,ERR,ERR,ERR,ERR,ERR,ERR,ERR,ERR,ERR,ERR,ERR,ERR,ERR,ERR,ERR,ERR,ERR,ERR,ERR,ERR,ERR,ERR,ERR,ERR,ERR,ERR,ERR,ERR,ERR,ERR,ERR,ERR,ERR,ERR,ERR,ERR,ERR,ERR,ERR,ERR,ERR,ERR,ERR,ERR,ERR,ERR,ERR,ERR,ERR,ERR,ERR,ERR,ERR,ERR,ERR,ERR,ERR,ERR,ERR,ERR,ERR,ERR,ERR,ERR,ERR,ERR,ERR,ERR,ERR,ERR,ERR,ERR,ERR,ERR,ERR,ERR,ERR,ERR,ERR,ERR,ERR,ERR,ERR,ERR,ERR,ERR,ERR,ERR,ERR,ERR,ERR,ERR,ERR,ERR,0.0,-0.0,-101055584.0,0.0,0.0,0.0,0.0,nan,0,0,0,32768,0,0.0,0,0.0,0.0,0.0,0.0,0.0,0,0,0,0,0.0,0,0,0,0,0,0,0,0,0,0,0,0,0,0,0,0,0,0,0,0,0,0,0,0,0,0,0,0,0,0,0,0,0,0,0,0,0,0,0,0,0,0,0,0,0.0,0.0,0.0,0.0,0.0,0.0,0.0,0.0,0.0,0.0,0.0,0.0,0.0,0.0,0.0,0.0,0.0,0.0,0.0,0.0,0.0,0.0,-0.0,-2.004,-2.004,-0.0,0.0,0.0,0.0,0.0,3379.5,-8608107520.0,0.0,0.0,-0.0,-0.0,0.0,0.0,0.0,0.0,0.0,0,-0.059,-0.0,0.0,0.0,0.0,0.0,0.0,0.0,0.0,0,0,0,0.0,0.0,0.0,0.0,0.0,0.0,0.0,0.0,0.0,0.0,0.0,0.0,0.0,0.0,0.0,0.0,0,-107875648.0,0,0.0,0,-107875648.0,-107877712.0,0,13107,17039,26215,17053,39322,17037,0,0,0,110,100,100,0.0,64.0,0.0,64.9,-107615304.0,68.5,1,49,50,180,0,26215,0,0,0.0,0.0,0.0,0.0,-2.5365387443549316e+36,65.0,0.0,-1.4948763513491199e+34,0.0,645,0,687,0,0,0,716,0,787,0,708,0,689,0,645,0,642,0,617,0.032,36962304.0,2.004,-107615152.0,58000,16788,-5.990159188679916e+37,-3.135786051844532e+34,0.0,0.0,-0.063,0.062,29.0,60.0,70,0.0,0.0,0.0,0.0,0.0,0.0,0.0,0.0,0.0,0.0,0.0,0.0,0.0,0.0,0.0,0.0,59.2,69,11,65508,41,65476,0,300,0,0,8,20529,65476,0,0,61604,60.0,0.0,0.0,0.0,0.0,0.0
2026-04-04T11:33:06,ERR,ERR,ERR,ERR,ERR,ERR,ERR,ERR,ERR,ERR,ERR,ERR,ERR,ERR,ERR,ERR,ERR,ERR,ERR,ERR,ERR,ERR,ERR,ERR,ERR,ERR,ERR,ERR,ERR,ERR,ERR,ERR,ERR,ERR,ERR,ERR,ERR,ERR,ERR,ERR,ERR,ERR,ERR,ERR,ERR,ERR,ERR,ERR,ERR,ERR,ERR,ERR,ERR,ERR,ERR,ERR,ERR,ERR,ERR,ERR,ERR,ERR,ERR,ERR,ERR,ERR,ERR,ERR,ERR,ERR,ERR,ERR,ERR,ERR,ERR,ERR,ERR,ERR,ERR,ERR,ERR,ERR,ERR,ERR,ERR,ERR,ERR,ERR,ERR,ERR,ERR,ERR,ERR,ERR,ERR,ERR,ERR,ERR,ERR,ERR,ERR,ERR,ERR,ERR,ERR,ERR,ERR,ERR,ERR,ERR,ERR,ERR,ERR,ERR,ERR,ERR,ERR,ERR,ERR,ERR,ERR,ERR,ERR,ERR,ERR,0.0,-0.0,-101055584.0,0.0,0.0,0.0,0.0,nan,0,0,0,32768,0,0.0,0,0.0,0.0,0.0,0.0,0.0,0,0,0,0,0.0,0,0,0,0,0,0,0,0,0,0,0,0,0,0,0,0,0,0,0,0,0,0,0,0,0,0,0,0,0,0,0,0,0,0,0,0,0,0,0,0,0,0,0,0,0.0,0.0,0.0,0.0,0.0,0.0,0.0,0.0,0.0,0.0,0.0,0.0,0.0,0.0,0.0,0.0,0.0,0.0,0.0,0.0,0.0,0.0,-0.0,-2.004,-2.004,-0.0,0.0,0.0,0.0,0.0,3379.5,-8608107520.0,0.0,0.0,-0.0,-0.0,0.0,0.0,0.0,0.0,0.0,0,-0.059,-0.0,0.0,0.0,0.0,0.0,0.0,0.0,0.0,0,0,0,0.0,0.0,0.0,0.0,0.0,0.0,0.0,0.0,0.0,0.0,0.0,0.0,0.0,0.0,0.0,0.0,0,-107875648.0,0,0.0,0,-107875648.0,-107877712.0,0,13107,17039,26215,17053,39322,17037,0,0,0,110,100,100,0.0,64.0,0.0,64.9,-107615304.0,68.5,1,49,50,180,0,26215,0,0,0.0,0.0,0.0,0.0,-2.5365387443549316e+36,65.0,0.0,-1.4948763513491199e+34,0.0,645,0,687,0,0,0,716,0,787,0,708,0,689,0,645,0,642,0,617,0.032,36962304.0,2.004,-107615152.0,58000,16788,-5.990159188679916e+37,-3.135786051844532e+34,0.0,0.0,-0.063,0.062,29.0,60.0,70,0.0,0.0,0.0,0.0,0.0,0.0,0.0,0.0,0.0,0.0,0.0,0.0,0.0,0.0,0.0,0.0,59.2,69,11,65508,41,65476,0,300,0,0,8,20529,65476,0,0,61604,60.0,0.0,0.0,0.0,0.0,0.0
2026-04-04T11:33:07,ERR,ERR,ERR,ERR,ERR,ERR,ERR,ERR,ERR,ERR,ERR,ERR,ERR,ERR,ERR,ERR,ERR,ERR,ERR,ERR,ERR,ERR,ERR,ERR,ERR,ERR,ERR,ERR,ERR,ERR,ERR,ERR,ERR,ERR,ERR,ERR,ERR,ERR,ERR,ERR,ERR,ERR,ERR,ERR,ERR,ERR,ERR,ERR,ERR,ERR,ERR,ERR,ERR,ERR,ERR,ERR,ERR,ERR,ERR,ERR,ERR,ERR,ERR,ERR,ERR,ERR,ERR,ERR,ERR,ERR,ERR,ERR,ERR,ERR,ERR,ERR,ERR,ERR,ERR,ERR,ERR,ERR,ERR,ERR,ERR,ERR,ERR,ERR,ERR,ERR,ERR,ERR,ERR,ERR,ERR,ERR,ERR,ERR,ERR,ERR,ERR,ERR,ERR,ERR,ERR,ERR,ERR,ERR,ERR,ERR,ERR,ERR,ERR,ERR,ERR,ERR,ERR,ERR,ERR,ERR,ERR,ERR,ERR,ERR,ERR,0.0,-0.0,-101055584.0,0.0,0.0,0.0,0.0,nan,0,0,0,32768,0,0.0,0,0.0,0.0,0.0,0.0,0.0,0,0,0,0,0.0,0,0,0,0,0,0,0,0,0,0,0,0,0,0,0,0,0,0,0,0,0,0,0,0,0,0,0,0,0,0,0,0,0,0,0,0,0,0,0,0,0,0,0,0,0.0,0.0,0.0,0.0,0.0,0.0,0.0,0.0,0.0,0.0,0.0,0.0,0.0,0.0,0.0,0.0,0.0,0.0,0.0,0.0,0.0,0.0,-0.0,-2.004,-2.004,-0.0,0.0,0.0,0.0,0.0,3379.5,-8608107520.0,0.0,0.0,-0.0,-0.0,0.0,0.0,0.0,0.0,0.0,0,-0.059,-0.0,0.0,0.0,0.0,0.0,0.0,0.0,0.0,0,0,0,0.0,0.0,0.0,0.0,0.0,0.0,0.0,0.0,0.0,0.0,0.0,0.0,0.0,0.0,0.0,0.0,0,-107875648.0,0,0.0,0,-107875648.0,-107877712.0,0,0,17039,26215,17053,39322,17037,0,0,0,110,100,100,0.0,64.0,0.0,64.9,-107615304.0,68.5,1,49,50,180,0,26215,0,0,0.0,0.0,0.0,0.0,-4.959800458315255e+28,65.0,0.0,0.0,0.0,645,0,687,0,0,0,715,0,787,0,708,0,689,0,645,0,641,0,617,0.032,36700160.0,2.004,-107615152.0,41104,16788,-4.959800458315255e+28,0.0,0.0,2.128636472511693e+16,-0.0,0.0,29.0,60.0,70,0.0,0.0,0.0,0.0,0.0,0.0,0.0,0.0,0.0,0.0,0.0,0.0,0.0,0.0,0.0,0.0,59.2,69,11,65508,41,65476,0,300,0,0,8,20529,65476,0,0,61604,60.0,0.0,0.0,0.0,0.0,0.0
2026-04-04T11:33:08,ERR,ERR,ERR,ERR,ERR,ERR,ERR,ERR,ERR,ERR,ERR,ERR,ERR,ERR,ERR,ERR,ERR,ERR,ERR,ERR,ERR,ERR,ERR,ERR,ERR,ERR,ERR,ERR,ERR,ERR,ERR,ERR,ERR,ERR,ERR,ERR,ERR,ERR,ERR,ERR,ERR,ERR,ERR,ERR,ERR,ERR,ERR,ERR,ERR,ERR,ERR,ERR,ERR,ERR,ERR,ERR,ERR,ERR,ERR,ERR,ERR,ERR,ERR,ERR,ERR,ERR,ERR,ERR,ERR,ERR,ERR,ERR,ERR,ERR,ERR,ERR,ERR,ERR,ERR,ERR,ERR,ERR,ERR,ERR,ERR,ERR,ERR,ERR,ERR,ERR,ERR,ERR,ERR,ERR,ERR,ERR,ERR,ERR,ERR,ERR,ERR,ERR,ERR,ERR,ERR,ERR,ERR,ERR,ERR,ERR,ERR,ERR,ERR,ERR,ERR,ERR,ERR,ERR,ERR,ERR,ERR,ERR,ERR,ERR,ERR,0.0,-0.0,-101055584.0,0.0,0.0,0.0,0.0,nan,0,0,0,32768,0,0.0,0,0.0,0.0,0.0,0.0,0.0,0,0,0,0,0.0,0,0,0,0,0,0,0,0,0,0,0,0,0,0,0,0,0,0,0,0,0,0,0,0,0,0,0,0,0,0,0,0,0,0,0,0,0,0,0,0,0,0,0,0,0.0,0.0,0.0,0.0,0.0,0.0,0.0,0.0,0.0,0.0,0.0,0.0,0.0,0.0,0.0,0.0,0.0,0.0,0.0,0.0,0.0,0.0,-0.0,-2.004,-2.004,-0.0,0.0,0.0,0.0,0.0,3377.5,8608107520.0,0.0,0.0,-0.0,-0.0,2.7184274988523002e+23,0.0,0.0,0.0,0.0,0,-0.0,89220.055,0.0,0.0,0.0,0.0,0.0,0.0,0.0,0,0,0,0.0,0.0,0.0,0.0,0.0,0.0,0.0,0.0,0.0,0.0,0.0,0.0,0.0,0.0,0.0,0.0,0,-107875648.0,0,0.0,0,-107875648.0,-107877712.0,0,0,17039,26215,17053,39322,17037,0,0,0,110,100,100,0.0,64.0,0.0,64.9,-107615304.0,68.5,1,49,50,180,0,26215,0,0,0.0,0.0,0.0,0.0,-4.959800458315255e+28,65.0,0.0,0.0,0.0,645,0,687,0,0,0,715,0,787,0,708,0,689,0,645,0,641,0,617,0.032,36700160.0,2.004,-107615152.0,41104,16788,-4.959800458315255e+28,0.0,0.0,2.128636472511693e+16,-0.0,0.0,29.0,60.0,70,0.0,0.0,0.0,0.0,0.0,0.0,0.0,0.0,0.0,0.0,0.0,0.0,0.0,0.0,0.0,0.0,59.2,69,11,65508,41,65476,0,300,0,0,8,20529,65476,0,0,61604,60.0,0.0,0.0,0.0,0.0,0.0
2026-04-04T11:33:09,ERR,ERR,ERR,ERR,ERR,ERR,ERR,ERR,ERR,ERR,ERR,ERR,ERR,ERR,ERR,ERR,ERR,ERR,ERR,ERR,ERR,ERR,ERR,ERR,ERR,ERR,ERR,ERR,ERR,ERR,ERR,ERR,ERR,ERR,ERR,ERR,ERR,ERR,ERR,ERR,ERR,ERR,ERR,ERR,ERR,ERR,ERR,ERR,ERR,ERR,ERR,ERR,ERR,ERR,ERR,ERR,ERR,ERR,ERR,ERR,ERR,ERR,ERR,ERR,ERR,ERR,ERR,ERR,ERR,ERR,ERR,ERR,ERR,ERR,ERR,ERR,ERR,ERR,ERR,ERR,ERR,ERR,ERR,ERR,ERR,ERR,ERR,ERR,ERR,ERR,ERR,ERR,ERR,ERR,ERR,ERR,ERR,ERR,ERR,ERR,ERR,ERR,ERR,ERR,ERR,ERR,ERR,ERR,ERR,ERR,ERR,ERR,ERR,ERR,ERR,ERR,ERR,ERR,ERR,ERR,ERR,ERR,ERR,ERR,ERR,0.0,-0.0,-101055584.0,0.0,0.0,0.0,0.0,nan,0,0,0,32768,0,0.0,0,0.0,0.0,0.0,0.0,0.0,0,0,0,0,0.0,0,0,0,0,0,0,0,0,0,0,0,0,0,0,0,0,0,0,0,0,0,0,0,0,0,0,0,0,0,0,0,0,0,0,0,0,0,0,0,0,0,0,0,0,0.0,0.0,0.0,0.0,0.0,0.0,0.0,0.0,0.0,0.0,0.0,0.0,0.0,0.0,0.0,0.0,0.0,0.0,0.0,0.0,0.0,0.0,-0.0,-2.004,-2.004,-0.0,0.0,0.0,0.0,0.0,3377.5,8608107520.0,0.0,0.0,-0.0,-0.0,2.7184274988523002e+23,0.0,0.0,0.0,0.0,0,-0.0,89220.055,0.0,0.0,0.0,0.0,0.0,0.0,0.0,0,0,0,0.0,0.0,0.0,0.0,0.0,0.0,0.0,0.0,0.0,0.0,0.0,0.0,0.0,0.0,0.0,0.0,0,-107875648.0,0,0.0,0,-107875648.0,-107877712.0,0,0,17039,26215,17053,39322,17037,0,0,0,110,100,100,0.0,64.0,0.0,64.9,-107615304.0,68.5,1,49,50,180,0,26215,0,0,0.0,0.0,0.0,0.0,-4.959800458315255e+28,65.0,0.0,0.0,0.0,645,0,687,0,0,0,715,0,787,0,708,0,689,0,645,0,641,0,617,0.032,36700160.0,2.004,-107615152.0,41104,16788,-4.959800458315255e+28,0.0,0.0,2.128636472511693e+16,-0.0,0.0,29.0,60.0,70,0.0,0.0,0.0,0.0,0.0,0.0,0.0,0.0,0.0,0.0,0.0,0.0,0.0,0.0,0.0,0.0,59.6,68,11,65509,41,65476,0,300,0,0,8,20529,65476,0,0,61604,60.0,0.0,0.0,0.0,0.0,0.0
2026-04-04T11:33:10,ERR,ERR,ERR,ERR,ERR,ERR,ERR,ERR,ERR,ERR,ERR,ERR,ERR,ERR,ERR,ERR,ERR,ERR,ERR,ERR,ERR,ERR,ERR,ERR,ERR,ERR,ERR,ERR,ERR,ERR,ERR,ERR,ERR,ERR,ERR,ERR,ERR,ERR,ERR,ERR,ERR,ERR,ERR,ERR,ERR,ERR,ERR,ERR,ERR,ERR,ERR,ERR,ERR,ERR,ERR,ERR,ERR,ERR,ERR,ERR,ERR,ERR,ERR,ERR,ERR,ERR,ERR,ERR,ERR,ERR,ERR,ERR,ERR,ERR,ERR,ERR,ERR,ERR,ERR,ERR,ERR,ERR,ERR,ERR,ERR,ERR,ERR,ERR,ERR,ERR,ERR,ERR,ERR,ERR,ERR,ERR,ERR,ERR,ERR,ERR,ERR,ERR,ERR,ERR,ERR,ERR,ERR,ERR,ERR,ERR,ERR,ERR,ERR,ERR,ERR,ERR,ERR,ERR,ERR,ERR,ERR,ERR,ERR,ERR,ERR,0.0,-0.0,-101055584.0,0.0,0.0,0.0,0.0,nan,0,0,0,32768,0,0.0,0,0.0,0.0,0.0,0.0,0.0,0,0,0,0,0.0,0,0,0,0,0,0,0,0,0,0,0,0,0,0,0,0,0,0,0,0,0,0,0,0,0,0,0,0,0,0,0,0,0,0,0,0,0,0,0,0,0,0,0,0,0.0,0.0,0.0,0.0,0.0,0.0,0.0,0.0,0.0,0.0,0.0,0.0,0.0,0.0,0.0,0.0,0.0,0.0,0.0,0.0,0.0,0.0,-0.0,-2.004,-2.004,-0.0,0.0,0.0,0.0,0.0,3377.5,8608107520.0,0.0,0.0,-0.0,-0.0,2.7184274988523002e+23,0.0,0.0,0.0,0.0,0,-0.0,89220.055,0.0,0.0,0.0,0.0,0.0,0.0,0.0,0,0,0,0.0,0.0,0.0,0.0,0.0,0.0,0.0,0.0,0.0,0.0,0.0,0.0,0.0,0.0,0.0,0.0,0,-107875648.0,0,0.0,0,-107875648.0,-107877712.0,0,0,17039,26215,17053,39322,17037,0,0,0,110,100,100,0.0,64.0,0.0,64.9,-107615304.0,68.5,1,49,50,180,0,26215,0,0,0.0,0.0,0.0,0.0,-4.959800458315255e+28,65.0,0.0,0.0,0.0,645,0,687,0,0,0,715,0,787,0,708,0,689,0,645,0,641,0,617,0.032,36700160.0,2.004,-107615152.0,41104,16788,-4.959800458315255e+28,0.0,0.0,2.128636472511693e+16,-0.0,0.0,29.0,60.0,70,0.0,0.0,0.0,0.0,0.0,0.0,0.0,0.0,0.0,0.0,0.0,0.0,0.0,0.0,0.0,0.0,59.6,68,11,65509,41,65476,0,300,0,0,8,20529,65476,0,0,61604,60.0,0.0,0.0,0.0,0.0,0.0
2026-04-04T11:33:11,ERR,ERR,ERR,ERR,ERR,ERR,ERR,ERR,ERR,ERR,ERR,ERR,ERR,ERR,ERR,ERR,ERR,ERR,ERR,ERR,ERR,ERR,ERR,ERR,ERR,ERR,ERR,ERR,ERR,ERR,ERR,ERR,ERR,ERR,ERR,ERR,ERR,ERR,ERR,ERR,ERR,ERR,ERR,ERR,ERR,ERR,ERR,ERR,ERR,ERR,ERR,ERR,ERR,ERR,ERR,ERR,ERR,ERR,ERR,ERR,ERR,ERR,ERR,ERR,ERR,ERR,ERR,ERR,ERR,ERR,ERR,ERR,ERR,ERR,ERR,ERR,ERR,ERR,ERR,ERR,ERR,ERR,ERR,ERR,ERR,ERR,ERR,ERR,ERR,ERR,ERR,ERR,ERR,ERR,ERR,ERR,ERR,ERR,ERR,ERR,ERR,ERR,ERR,ERR,ERR,ERR,ERR,ERR,ERR,ERR,ERR,ERR,ERR,ERR,ERR,ERR,ERR,ERR,ERR,ERR,ERR,ERR,ERR,ERR,ERR,0.0,-0.0,-101055584.0,0.0,0.0,0.0,0.0,nan,0,0,0,32768,0,0.0,0,0.0,0.0,0.0,0.0,0.0,0,0,0,0,0.0,0,0,0,0,0,0,0,0,0,0,0,0,0,0,0,0,0,0,0,0,0,0,0,0,0,0,0,0,0,0,0,0,0,0,0,0,0,0,0,0,0,0,0,0,0.0,0.0,0.0,0.0,0.0,0.0,0.0,0.0,0.0,0.0,0.0,0.0,0.0,0.0,0.0,0.0,0.0,0.0,0.0,0.0,0.0,0.0,-0.0,-2.004,-2.004,-0.0,0.0,0.0,0.0,0.0,3377.5,8608107520.0,0.0,0.0,-0.0,-0.0,2.7184274988523002e+23,0.0,0.0,0.0,0.0,0,-0.0,89220.055,0.0,0.0,0.0,0.0,0.0,0.0,0.0,0,0,0,0.0,0.0,0.0,0.0,0.0,0.0,0.0,0.0,0.0,0.0,0.0,0.0,0.0,0.0,0.0,0.0,0,-107875648.0,0,0.0,0,-107875648.0,-107877712.0,0,0,17039,26215,17053,39322,17037,0,0,0,110,100,100,0.0,64.0,0.0,64.9,-107615304.0,68.5,1,49,50,180,0,26215,0,0,0.0,0.0,0.0,0.0,-4.959800458315255e+28,65.0,0.0,0.0,0.0,645,0,687,0,0,0,715,0,787,0,708,0,689,0,645,0,641,0,617,0.032,36700160.0,2.004,-107615152.0,41104,16788,-4.959800458315255e+28,0.0,0.0,2.128636472511693e+16,-0.0,0.0,29.0,60.0,70,0.0,0.0,0.0,0.0,0.0,0.0,0.0,0.0,0.0,0.0,0.0,0.0,0.0,0.0,0.0,0.0,59.6,68,11,65509,41,65476,0,300,0,0,8,20529,65476,0,0,61604,60.0,0.0,0.0,0.0,0.0,0.0
2026-04-04T11:33:12,ERR,ERR,ERR,ERR,ERR,ERR,ERR,ERR,ERR,ERR,ERR,ERR,ERR,ERR,ERR,ERR,ERR,ERR,ERR,ERR,ERR,ERR,ERR,ERR,ERR,ERR,ERR,ERR,ERR,ERR,ERR,ERR,ERR,ERR,ERR,ERR,ERR,ERR,ERR,ERR,ERR,ERR,ERR,ERR,ERR,ERR,ERR,ERR,ERR,ERR,ERR,ERR,ERR,ERR,ERR,ERR,ERR,ERR,ERR,ERR,ERR,ERR,ERR,ERR,ERR,ERR,ERR,ERR,ERR,ERR,ERR,ERR,ERR,ERR,ERR,ERR,ERR,ERR,ERR,ERR,ERR,ERR,ERR,ERR,ERR,ERR,ERR,ERR,ERR,ERR,ERR,ERR,ERR,ERR,ERR,ERR,ERR,ERR,ERR,ERR,ERR,ERR,ERR,ERR,ERR,ERR,ERR,ERR,ERR,ERR,ERR,ERR,ERR,ERR,ERR,ERR,ERR,ERR,ERR,ERR,ERR,ERR,ERR,ERR,ERR,0.0,-0.0,-101055584.0,0.0,0.0,0.0,0.0,nan,0,0,0,32768,0,0.0,0,0.0,0.0,0.0,0.0,0.0,0,0,0,0,0.0,0,0,0,0,0,0,0,0,0,0,0,0,0,0,0,0,0,0,0,0,0,0,0,0,0,0,0,0,0,0,0,0,0,0,0,0,0,0,0,0,0,0,0,0,0.0,0.0,0.0,0.0,0.0,0.0,0.0,0.0,0.0,0.0,0.0,0.0,0.0,0.0,0.0,0.0,0.0,0.0,0.0,0.0,0.0,0.0,-0.0,-2.004,-2.004,-0.0,0.0,0.0,0.0,0.0,3377.5,8608107520.0,0.0,0.0,-0.0,-0.0,2.7184274988523002e+23,0.0,0.0,0.0,0.0,0,-0.0,89220.055,0.0,0.0,0.0,0.0,0.0,0.0,0.0,0,0,0,0.0,0.0,0.0,0.0,0.0,0.0,0.0,0.0,0.0,0.0,0.0,0.0,0.0,0.0,0.0,0.0,0,-107875648.0,0,0.0,0,-107875648.0,-107877712.0,0,13107,17039,26215,17053,39322,17037,0,0,0,110,100,100,0.0,64.0,0.0,64.9,-107615304.0,68.5,1,49,50,180,0,26215,0,0,0.0,0.0,0.0,0.0,-7.20927671510177e+22,65.0,0.0,-8.725307859578632e+30,0.0,645,0,687,0,0,0,716,0,787,0,708,0,689,0,645,0,641,0,617,0.032,36700160.0,2.004,-107615152.0,42896,16788,-24774717734912.0,-0.0,1.4876182445259077e+36,-0.185,384953516032.0,-0.0,29.0,60.0,70,0.0,0.0,0.0,0.0,0.0,0.0,0.0,0.0,0.0,0.0,0.0,0.0,0.0,0.0,0.0,0.0,59.2,68,11,65509,41,65476,0,300,0,0,8,20529,65476,0,0,61604,60.0,0.0,0.0,0.0,0.0,0.0
2026-04-04T11:33:13,ERR,ERR,ERR,ERR,ERR,ERR,ERR,ERR,ERR,ERR,ERR,ERR,ERR,ERR,ERR,ERR,ERR,ERR,ERR,ERR,ERR,ERR,ERR,ERR,ERR,ERR,ERR,ERR,ERR,ERR,ERR,ERR,ERR,ERR,ERR,ERR,ERR,ERR,ERR,ERR,ERR,ERR,ERR,ERR,ERR,ERR,ERR,ERR,ERR,ERR,ERR,ERR,ERR,ERR,ERR,ERR,ERR,ERR,ERR,ERR,ERR,ERR,ERR,ERR,ERR,ERR,ERR,ERR,ERR,ERR,ERR,ERR,ERR,ERR,ERR,ERR,ERR,ERR,ERR,ERR,ERR,ERR,ERR,ERR,ERR,ERR,ERR,ERR,ERR,ERR,ERR,ERR,ERR,ERR,ERR,ERR,ERR,ERR,ERR,ERR,ERR,ERR,ERR,ERR,ERR,ERR,ERR,ERR,ERR,ERR,ERR,ERR,ERR,ERR,ERR,ERR,ERR,ERR,ERR,ERR,ERR,ERR,ERR,ERR,ERR,0.0,-0.0,-101055584.0,0.0,0.0,0.0,0.0,nan,0,0,0,32768,0,0.0,0,0.0,0.0,0.0,0.0,0.0,0,0,0,0,0.0,0,0,0,0,0,0,0,0,0,0,0,0,0,0,0,0,0,0,0,0,0,0,0,0,0,0,0,0,0,0,0,0,0,0,0,0,0,0,0,0,0,0,0,0,0.0,0.0,0.0,0.0,0.0,0.0,0.0,0.0,0.0,0.0,0.0,0.0,0.0,0.0,0.0,0.0,0.0,0.0,0.0,0.0,0.0,0.0,-0.0,-2.004,-2.004,-0.0,0.0,0.0,0.0,0.0,3377.5,8608107520.0,0.0,0.0,-0.0,-0.0,2.7184274988523002e+23,0.0,0.0,0.0,0.0,0,-0.0,89220.055,0.0,0.0,0.0,0.0,0.0,0.0,0.0,0,0,0,0.0,0.0,0.0,0.0,0.0,0.0,0.0,0.0,0.0,0.0,0.0,0.0,0.0,0.0,0.0,0.0,0,-107875648.0,0,0.0,0,-107875648.0,-107877712.0,0,13107,17039,26215,17053,39322,17037,0,0,0,110,100,100,0.0,64.0,0.0,64.9,-107615304.0,68.5,1,49,50,180,0,26215,0,0,0.0,0.0,0.0,0.0,-7.20927671510177e+22,65.0,0.0,-8.725307859578632e+30,0.0,645,0,687,0,0,0,716,0,787,0,708,0,689,0,645,0,641,0,617,0.032,36700160.0,2.004,-107615152.0,42896,16788,-24774717734912.0,-0.0,1.4876182445259077e+36,-0.185,384953516032.0,-0.0,29.0,60.0,70,0.0,0.0,0.0,0.0,0.0,0.0,0.0,0.0,0.0,0.0,0.0,0.0,0.0,0.0,0.0,0.0,59.2,68,11,65509,41,65476,0,300,0,0,8,20529,65476,0,0,61604,60.0,0.0,0.0,0.0,0.0,0.0
2026-04-04T11:33:14,ERR,ERR,ERR,ERR,ERR,ERR,ERR,ERR,ERR,ERR,ERR,ERR,ERR,ERR,ERR,ERR,ERR,ERR,ERR,ERR,ERR,ERR,ERR,ERR,ERR,ERR,ERR,ERR,ERR,ERR,ERR,ERR,ERR,ERR,ERR,ERR,ERR,ERR,ERR,ERR,ERR,ERR,ERR,ERR,ERR,ERR,ERR,ERR,ERR,ERR,ERR,ERR,ERR,ERR,ERR,ERR,ERR,ERR,ERR,ERR,ERR,ERR,ERR,ERR,ERR,ERR,ERR,ERR,ERR,ERR,ERR,ERR,ERR,ERR,ERR,ERR,ERR,ERR,ERR,ERR,ERR,ERR,ERR,ERR,ERR,ERR,ERR,ERR,ERR,ERR,ERR,ERR,ERR,ERR,ERR,ERR,ERR,ERR,ERR,ERR,ERR,ERR,ERR,ERR,ERR,ERR,ERR,ERR,ERR,ERR,ERR,ERR,ERR,ERR,ERR,ERR,ERR,ERR,ERR,ERR,ERR,ERR,ERR,ERR,ERR,0.0,-0.0,-101055584.0,0.0,0.0,0.0,0.0,nan,0,0,0,32768,0,0.0,0,0.0,0.0,0.0,0.0,0.0,0,0,0,0,0.0,0,0,0,0,0,0,0,0,0,0,0,0,0,0,0,0,0,0,0,0,0,0,0,0,0,0,0,0,0,0,0,0,0,0,0,0,0,0,0,0,0,0,0,0,0.0,0.0,0.0,0.0,0.0,0.0,0.0,0.0,0.0,0.0,0.0,0.0,0.0,0.0,0.0,0.0,0.0,0.0,0.0,0.0,0.0,0.0,-0.0,-2.004,-2.004,-0.0,0.0,0.0,0.0,0.0,3377.5,8608107520.0,0.0,0.0,-0.0,-0.0,2.7184274988523002e+23,0.0,0.0,0.0,0.0,0,-0.0,89220.055,0.0,0.0,0.0,0.0,0.0,0.0,0.0,0,0,0,0.0,0.0,0.0,0.0,0.0,0.0,0.0,0.0,0.0,0.0,0.0,0.0,0.0,0.0,0.0,0.0,0,-107875648.0,0,0.0,0,-107875648.0,-107877712.0,0,13107,17039,26215,17053,39322,17037,0,0,0,110,100,100,0.0,64.0,0.0,64.9,-107615304.0,68.5,1,49,50,180,0,26215,0,0,0.0,0.0,0.0,0.0,-7.20927671510177e+22,65.0,0.0,-8.725307859578632e+30,0.0,645,0,687,0,0,0,716,0,787,0,708,0,689,0,645,0,641,0,617,0.032,36700160.0,2.004,-107615152.0,42896,16788,-24774717734912.0,-0.0,1.4876182445259077e+36,-0.185,384953516032.0,-0.0,29.0,60.0,70,0.0,0.0,0.0,0.0,0.0,0.0,0.0,0.0,0.0,0.0,0.0,0.0,0.0,0.0,0.0,0.0,59.6,68,11,65509,41,65476,0,300,0,0,8,20529,65476,0,0,61604,60.0,0.0,0.0,0.0,0.0,0.0
2026-04-04T11:33:15,ERR,ERR,ERR,ERR,ERR,ERR,ERR,ERR,ERR,ERR,ERR,ERR,ERR,ERR,ERR,ERR,ERR,ERR,ERR,ERR,ERR,ERR,ERR,ERR,ERR,ERR,ERR,ERR,ERR,ERR,ERR,ERR,ERR,ERR,ERR,ERR,ERR,ERR,ERR,ERR,ERR,ERR,ERR,ERR,ERR,ERR,ERR,ERR,ERR,ERR,ERR,ERR,ERR,ERR,ERR,ERR,ERR,ERR,ERR,ERR,ERR,ERR,ERR,ERR,ERR,ERR,ERR,ERR,ERR,ERR,ERR,ERR,ERR,ERR,ERR,ERR,ERR,ERR,ERR,ERR,ERR,ERR,ERR,ERR,ERR,ERR,ERR,ERR,ERR,ERR,ERR,ERR,ERR,ERR,ERR,ERR,ERR,ERR,ERR,ERR,ERR,ERR,ERR,ERR,ERR,ERR,ERR,ERR,ERR,ERR,ERR,ERR,ERR,ERR,ERR,ERR,ERR,ERR,ERR,ERR,ERR,ERR,ERR,ERR,ERR,0.0,-0.0,-101055584.0,0.0,0.0,0.0,0.0,nan,0,0,0,32768,0,0.0,0,0.0,0.0,0.0,0.0,0.0,0,0,0,0,0.0,0,0,0,0,0,0,0,0,0,0,0,0,0,0,0,0,0,0,0,0,0,0,0,0,0,0,0,0,0,0,0,0,0,0,0,0,0,0,0,0,0,0,0,0,0.0,0.0,0.0,0.0,0.0,0.0,0.0,0.0,0.0,0.0,0.0,0.0,0.0,0.0,0.0,0.0,0.0,0.0,0.0,0.0,0.0,0.0,-0.0,-2.004,-2.004,-0.0,0.0,0.0,0.0,0.0,3377.5,-0.0,0.0,0.0,-0.0,-0.0,2.7184274988523002e+23,0.0,0.0,0.0,0.0,0,-0.0,89220.055,0.0,0.0,0.0,0.0,0.0,0.0,0.0,0,0,0,0.0,0.0,0.0,0.0,0.0,0.0,0.0,0.0,0.0,0.0,0.0,0.0,0.0,0.0,0.0,0.0,0,-107875648.0,0,0.0,0,-107875648.0,-107877712.0,0,13107,17039,26215,17053,39322,17037,0,0,0,110,100,100,0.0,64.0,0.0,64.9,-107615304.0,68.5,1,49,50,180,0,26215,0,0,0.0,0.0,0.0,0.0,-7.20927671510177e+22,65.0,0.0,-8.725307859578632e+30,0.0,645,0,687,0,0,0,716,0,787,0,708,0,689,0,645,0,641,0,617,0.032,36700160.0,2.004,-107615152.0,42896,16788,-24774717734912.0,-0.0,1.4876182445259077e+36,-0.185,384953516032.0,-0.0,29.0,60.0,70,0.0,0.0,0.0,0.0,0.0,0.0,0.0,0.0,0.0,0.0,0.0,0.0,0.0,0.0,0.0,0.0,59.6,68,11,65509,41,65476,0,300,0,0,8,20529,65476,0,0,61604,60.0,0.0,0.0,0.0,0.0,0.0
2026-04-04T11:33:16,ERR,ERR,ERR,ERR,ERR,ERR,ERR,ERR,ERR,ERR,ERR,ERR,ERR,ERR,ERR,ERR,ERR,ERR,ERR,ERR,ERR,ERR,ERR,ERR,ERR,ERR,ERR,ERR,ERR,ERR,ERR,ERR,ERR,ERR,ERR,ERR,ERR,ERR,ERR,ERR,ERR,ERR,ERR,ERR,ERR,ERR,ERR,ERR,ERR,ERR,ERR,ERR,ERR,ERR,ERR,ERR,ERR,ERR,ERR,ERR,ERR,ERR,ERR,ERR,ERR,ERR,ERR,ERR,ERR,ERR,ERR,ERR,ERR,ERR,ERR,ERR,ERR,ERR,ERR,ERR,ERR,ERR,ERR,ERR,ERR,ERR,ERR,ERR,ERR,ERR,ERR,ERR,ERR,ERR,ERR,ERR,ERR,ERR,ERR,ERR,ERR,ERR,ERR,ERR,ERR,ERR,ERR,ERR,ERR,ERR,ERR,ERR,ERR,ERR,ERR,ERR,ERR,ERR,ERR,ERR,ERR,ERR,ERR,ERR,ERR,0.0,-0.0,-101055584.0,0.0,0.0,0.0,0.0,nan,0,0,0,32768,0,0.0,0,0.0,0.0,0.0,0.0,0.0,0,0,0,0,0.0,0,0,0,0,0,0,0,0,0,0,0,0,0,0,0,0,0,0,0,0,0,0,0,0,0,0,0,0,0,0,0,0,0,0,0,0,0,0,0,0,0,0,0,0,0.0,0.0,0.0,0.0,0.0,0.0,0.0,0.0,0.0,0.0,0.0,0.0,0.0,0.0,0.0,0.0,0.0,0.0,0.0,0.0,0.0,0.0,-0.0,-2.004,-2.004,-0.0,0.0,0.0,0.0,0.0,3377.5,-0.0,0.0,0.0,-0.0,-0.0,2.7184274988523002e+23,0.0,0.0,0.0,0.0,0,-0.0,89220.055,0.0,0.0,0.0,0.0,0.0,0.0,0.0,0,0,0,0.0,0.0,0.0,0.0,0.0,0.0,0.0,0.0,0.0,0.0,0.0,0.0,0.0,0.0,0.0,0.0,0,-107875648.0,0,0.0,0,-107875648.0,-107877712.0,0,13107,17039,26215,17053,39322,17037,0,0,0,110,100,100,0.0,64.0,0.0,64.9,-107615304.0,68.5,1,49,50,180,0,26215,0,0,0.0,0.0,0.0,0.0,-7.20927671510177e+22,65.0,0.0,-8.725307859578632e+30,0.0,645,0,687,0,0,0,716,0,787,0,708,0,689,0,645,0,641,0,617,0.032,36700160.0,2.004,-107615152.0,42896,16788,-24774717734912.0,-0.0,1.4876182445259077e+36,-0.185,384953516032.0,-0.0,29.0,60.0,70,0.0,0.0,0.0,0.0,0.0,0.0,0.0,0.0,0.0,0.0,0.0,0.0,0.0,0.0,0.0,0.0,59.6,68,11,65509,41,65476,0,300,0,0,8,20529,65476,0,0,61604,60.0,0.0,0.0,0.0,0.0,0.0
2026-04-04T11:33:17,ERR,ERR,ERR,ERR,ERR,ERR,ERR,ERR,ERR,ERR,ERR,ERR,ERR,ERR,ERR,ERR,ERR,ERR,ERR,ERR,ERR,ERR,ERR,ERR,ERR,ERR,ERR,ERR,ERR,ERR,ERR,ERR,ERR,ERR,ERR,ERR,ERR,ERR,ERR,ERR,ERR,ERR,ERR,ERR,ERR,ERR,ERR,ERR,ERR,ERR,ERR,ERR,ERR,ERR,ERR,ERR,ERR,ERR,ERR,ERR,ERR,ERR,ERR,ERR,ERR,ERR,ERR,ERR,ERR,ERR,ERR,ERR,ERR,ERR,ERR,ERR,ERR,ERR,ERR,ERR,ERR,ERR,ERR,ERR,ERR,ERR,ERR,ERR,ERR,ERR,ERR,ERR,ERR,ERR,ERR,ERR,ERR,ERR,ERR,ERR,ERR,ERR,ERR,ERR,ERR,ERR,ERR,ERR,ERR,ERR,ERR,ERR,ERR,ERR,ERR,ERR,ERR,ERR,ERR,ERR,ERR,ERR,ERR,ERR,ERR,0.0,-0.0,-101055584.0,0.0,0.0,0.0,0.0,nan,0,0,0,32768,0,0.0,0,0.0,0.0,0.0,0.0,0.0,0,0,0,0,0.0,0,0,0,0,0,0,0,0,0,0,0,0,0,0,0,0,0,0,0,0,0,0,0,0,0,0,0,0,0,0,0,0,0,0,0,0,0,0,0,0,0,0,0,0,0.0,0.0,0.0,0.0,0.0,0.0,0.0,0.0,0.0,0.0,0.0,0.0,0.0,0.0,0.0,0.0,0.0,0.0,0.0,0.0,0.0,0.0,-0.0,-2.004,-2.004,-0.0,0.0,0.0,0.0,0.0,3377.5,-0.0,0.0,0.0,-0.0,-0.0,2.7184274988523002e+23,0.0,0.0,0.0,0.0,0,-0.0,89220.055,0.0,0.0,0.0,0.0,0.0,0.0,0.0,0,0,0,0.0,0.0,0.0,0.0,0.0,0.0,0.0,0.0,0.0,0.0,0.0,0.0,0.0,0.0,0.0,0.0,0,-107875648.0,0,0.0,0,-107875648.0,-107877712.0,0,13107,17039,26215,17053,39322,17037,0,0,0,110,100,100,0.0,64.0,0.0,64.9,-107615304.0,68.5,1,49,50,180,0,26215,0,0,0.0,0.0,0.0,0.0,-7.20927671510177e+22,65.0,0.0,-8.725307859578632e+30,0.0,645,0,687,0,0,0,716,0,787,0,708,0,689,0,645,0,641,0,617,0.032,36700160.0,2.004,-107615152.0,42896,16788,-24774717734912.0,-0.0,1.4876182445259077e+36,-0.185,384953516032.0,-0.0,29.0,60.0,70,0.0,0.0,0.0,0.0,0.0,0.0,0.0,0.0,0.0,0.0,0.0,0.0,0.0,0.0,0.0,0.0,59.2,68,11,65509,41,65476,0,300,0,0,8,20529,65476,0,0,61604,60.0,0.0,0.0,0.0,0.0,0.0
2026-04-04T11:33:18,ERR,ERR,ERR,ERR,ERR,ERR,ERR,ERR,ERR,ERR,ERR,ERR,ERR,ERR,ERR,ERR,ERR,ERR,ERR,ERR,ERR,ERR,ERR,ERR,ERR,ERR,ERR,ERR,ERR,ERR,ERR,ERR,ERR,ERR,ERR,ERR,ERR,ERR,ERR,ERR,ERR,ERR,ERR,ERR,ERR,ERR,ERR,ERR,ERR,ERR,ERR,ERR,ERR,ERR,ERR,ERR,ERR,ERR,ERR,ERR,ERR,ERR,ERR,ERR,ERR,ERR,ERR,ERR,ERR,ERR,ERR,ERR,ERR,ERR,ERR,ERR,ERR,ERR,ERR,ERR,ERR,ERR,ERR,ERR,ERR,ERR,ERR,ERR,ERR,ERR,ERR,ERR,ERR,ERR,ERR,ERR,ERR,ERR,ERR,ERR,ERR,ERR,ERR,ERR,ERR,ERR,ERR,ERR,ERR,ERR,ERR,ERR,ERR,ERR,ERR,ERR,ERR,ERR,ERR,ERR,ERR,ERR,ERR,ERR,ERR,0.0,-0.0,-101055584.0,0.0,0.0,0.0,0.0,nan,0,0,0,32768,0,0.0,0,0.0,0.0,0.0,0.0,0.0,0,0,0,0,0.0,0,0,0,0,0,0,0,0,0,0,0,0,0,0,0,0,0,0,0,0,0,0,0,0,0,0,0,0,0,0,0,0,0,0,0,0,0,0,0,0,0,0,0,0,0.0,0.0,0.0,0.0,0.0,0.0,0.0,0.0,0.0,0.0,0.0,0.0,0.0,0.0,0.0,0.0,0.0,0.0,0.0,0.0,0.0,0.0,-0.0,-2.004,-2.004,-0.0,0.0,0.0,0.0,0.0,3377.5,-0.0,0.0,0.0,-0.0,-0.0,2.7184274988523002e+23,0.0,0.0,0.0,0.0,0,-0.0,89220.055,0.0,0.0,0.0,0.0,0.0,0.0,0.0,0,0,0,0.0,0.0,0.0,0.0,0.0,0.0,0.0,0.0,0.0,0.0,0.0,0.0,0.0,0.0,0.0,0.0,0,-107875648.0,0,0.0,0,-107875648.0,-107877712.0,0,13107,17039,26215,17053,39322,17037,0,0,0,110,100,100,0.0,64.0,0.0,64.9,-107615304.0,68.5,1,49,50,180,0,26215,0,0,0.0,0.0,0.0,0.0,-2.1021192030035998e+30,65.0,0.0,0.0,0.0,645,0,687,0,0,0,716,0,787,0,708,0,689,0,645,0,642,0,617,0.032,36700160.0,2.004,-107615152.0,42896,16788,-1.5862099039656674e+32,-0.0,-1.1547404266926768e+19,87686480.0,-0.0,0.0,29.0,60.0,70,0.0,0.0,0.0,0.0,0.0,0.0,0.0,0.0,0.0,0.0,0.0,0.0,0.0,0.0,0.0,0.0,59.2,68,11,65509,41,65476,0,300,0,0,8,20529,65476,0,0,61604,60.0,0.0,0.0,0.0,0.0,0.0
2026-04-04T11:33:19,ERR,ERR,ERR,ERR,ERR,ERR,ERR,ERR,ERR,ERR,ERR,ERR,ERR,ERR,ERR,ERR,ERR,ERR,ERR,ERR,ERR,ERR,ERR,ERR,ERR,ERR,ERR,ERR,ERR,ERR,ERR,ERR,ERR,ERR,ERR,ERR,ERR,ERR,ERR,ERR,ERR,ERR,ERR,ERR,ERR,ERR,ERR,ERR,ERR,ERR,ERR,ERR,ERR,ERR,ERR,ERR,ERR,ERR,ERR,ERR,ERR,ERR,ERR,ERR,ERR,ERR,ERR,ERR,ERR,ERR,ERR,ERR,ERR,ERR,ERR,ERR,ERR,ERR,ERR,ERR,ERR,ERR,ERR,ERR,ERR,ERR,ERR,ERR,ERR,ERR,ERR,ERR,ERR,ERR,ERR,ERR,ERR,ERR,ERR,ERR,ERR,ERR,ERR,ERR,ERR,ERR,ERR,ERR,ERR,ERR,ERR,ERR,ERR,ERR,ERR,ERR,ERR,ERR,ERR,ERR,ERR,ERR,ERR,ERR,ERR,0.0,-0.0,-101055584.0,0.0,0.0,0.0,0.0,nan,0,0,0,32768,0,0.0,0,0.0,0.0,0.0,0.0,0.0,0,0,0,0,0.0,0,0,0,0,0,0,0,0,0,0,0,0,0,0,0,0,0,0,0,0,0,0,0,0,0,0,0,0,0,0,0,0,0,0,0,0,0,0,0,0,0,0,0,0,0.0,0.0,0.0,0.0,0.0,0.0,0.0,0.0,0.0,0.0,0.0,0.0,0.0,0.0,0.0,0.0,0.0,0.0,0.0,0.0,0.0,0.0,-0.0,-2.004,-2.004,-0.0,0.0,0.0,0.0,0.0,3377.5,-0.0,0.0,0.0,-0.0,-0.0,2.7184274988523002e+23,0.0,0.0,0.0,0.0,0,-0.0,89220.055,0.0,0.0,0.0,0.0,0.0,0.0,0.0,0,0,0,0.0,0.0,0.0,0.0,0.0,0.0,0.0,0.0,0.0,0.0,0.0,0.0,0.0,0.0,0.0,0.0,0,-107875648.0,0,0.0,0,-107875648.0,-107877712.0,0,13107,17039,26215,17053,39322,17037,0,0,0,110,100,100,0.0,64.0,0.0,64.9,-107615304.0,68.5,1,49,50,180,0,26215,0,0,0.0,0.0,0.0,0.0,-2.1021192030035998e+30,65.0,0.0,0.0,0.0,645,0,687,0,0,0,716,0,787,0,708,0,689,0,645,0,642,0,617,0.032,36700160.0,2.004,-107615152.0,42896,16788,-1.5862099039656674e+32,-0.0,-1.1547404266926768e+19,87686480.0,-0.0,0.0,29.0,60.0,70,0.0,0.0,0.0,0.0,0.0,0.0,0.0,0.0,0.0,0.0,0.0,0.0,0.0,0.0,0.0,0.0,59.2,68,11,65509,41,65476,0,300,0,0,8,20529,65476,0,0,61604,60.0,0.0,0.0,0.0,0.0,0.0
2026-04-04T11:33:20,ERR,ERR,ERR,ERR,ERR,ERR,ERR,ERR,ERR,ERR,ERR,ERR,ERR,ERR,ERR,ERR,ERR,ERR,ERR,ERR,ERR,ERR,ERR,ERR,ERR,ERR,ERR,ERR,ERR,ERR,ERR,ERR,ERR,ERR,ERR,ERR,ERR,ERR,ERR,ERR,ERR,ERR,ERR,ERR,ERR,ERR,ERR,ERR,ERR,ERR,ERR,ERR,ERR,ERR,ERR,ERR,ERR,ERR,ERR,ERR,ERR,ERR,ERR,ERR,ERR,ERR,ERR,ERR,ERR,ERR,ERR,ERR,ERR,ERR,ERR,ERR,ERR,ERR,ERR,ERR,ERR,ERR,ERR,ERR,ERR,ERR,ERR,ERR,ERR,ERR,ERR,ERR,ERR,ERR,ERR,ERR,ERR,ERR,ERR,ERR,ERR,ERR,ERR,ERR,ERR,ERR,ERR,ERR,ERR,ERR,ERR,ERR,ERR,ERR,ERR,ERR,ERR,ERR,ERR,ERR,ERR,ERR,ERR,ERR,ERR,0.0,-0.0,-101055584.0,0.0,0.0,0.0,0.0,nan,0,0,0,32768,0,0.0,0,0.0,0.0,0.0,0.0,0.0,0,0,0,0,0.0,0,0,0,0,0,0,0,0,0,0,0,0,0,0,0,0,0,0,0,0,0,0,0,0,0,0,0,0,0,0,0,0,0,0,0,0,0,0,0,0,0,0,0,0,0.0,0.0,0.0,0.0,0.0,0.0,0.0,0.0,0.0,0.0,0.0,0.0,0.0,0.0,0.0,0.0,0.0,0.0,0.0,0.0,0.0,0.0,-0.0,-2.004,-2.004,-0.0,0.0,0.0,0.0,0.0,3377.5,-0.0,0.0,0.0,-0.0,-0.0,2.7184274988523002e+23,0.0,0.0,0.0,0.0,0,-0.0,89220.055,0.0,0.0,0.0,0.0,0.0,0.0,0.0,0,0,0,0.0,0.0,0.0,0.0,0.0,0.0,0.0,0.0,0.0,0.0,0.0,0.0,0.0,0.0,0.0,0.0,0,-107875648.0,0,0.0,0,-107875648.0,-107877712.0,0,13107,17039,26215,17053,39322,17037,0,0,0,110,100,100,0.0,64.0,0.0,64.9,-107615304.0,68.5,1,49,50,180,0,26215,0,0,0.0,0.0,0.0,0.0,-2.1021192030035998e+30,65.0,0.0,0.0,0.0,645,0,687,0,0,0,716,0,787,0,708,0,689,0,645,0,642,0,617,0.032,36700160.0,2.004,-107615152.0,42896,16788,-1.5862099039656674e+32,-0.0,-1.1547404266926768e+19,87686480.0,-0.0,0.0,29.0,60.0,70,0.0,0.0,0.0,0.0,0.0,0.0,0.0,0.0,0.0,0.0,0.0,0.0,0.0,0.0,0.0,0.0,59.6,68,11,65509,41,65476,0,300,0,0,8,20529,65476,0,0,61604,60.0,0.0,0.0,0.0,0.0,0.0
2026-04-04T11:33:21,ERR,ERR,ERR,ERR,ERR,ERR,ERR,ERR,ERR,ERR,ERR,ERR,ERR,ERR,ERR,ERR,ERR,ERR,ERR,ERR,ERR,ERR,ERR,ERR,ERR,ERR,ERR,ERR,ERR,ERR,ERR,ERR,ERR,ERR,ERR,ERR,ERR,ERR,ERR,ERR,ERR,ERR,ERR,ERR,ERR,ERR,ERR,ERR,ERR,ERR,ERR,ERR,ERR,ERR,ERR,ERR,ERR,ERR,ERR,ERR,ERR,ERR,ERR,ERR,ERR,ERR,ERR,ERR,ERR,ERR,ERR,ERR,ERR,ERR,ERR,ERR,ERR,ERR,ERR,ERR,ERR,ERR,ERR,ERR,ERR,ERR,ERR,ERR,ERR,ERR,ERR,ERR,ERR,ERR,ERR,ERR,ERR,ERR,ERR,ERR,ERR,ERR,ERR,ERR,ERR,ERR,ERR,ERR,ERR,ERR,ERR,ERR,ERR,ERR,ERR,ERR,ERR,ERR,ERR,ERR,ERR,ERR,ERR,ERR,ERR,0.0,-0.0,-101055584.0,0.0,0.0,0.0,0.0,nan,0,0,0,32768,0,0.0,0,0.0,0.0,0.0,0.0,0.0,0,0,0,0,0.0,0,0,0,0,0,0,0,0,0,0,0,0,0,0,0,0,0,0,0,0,0,0,0,0,0,0,0,0,0,0,0,0,0,0,0,0,0,0,0,0,0,0,0,0,0.0,0.0,0.0,0.0,0.0,0.0,0.0,0.0,0.0,0.0,0.0,0.0,0.0,0.0,0.0,0.0,0.0,0.0,0.0,0.0,0.0,0.0,-0.0,-2.004,-2.004,-0.0,0.0,0.0,0.0,0.0,3377.5,-0.0,0.0,0.0,-0.0,-0.0,2.7184274988523002e+23,0.0,0.0,0.0,0.0,0,-0.0,89220.055,0.0,0.0,0.0,0.0,0.0,0.0,0.0,0,0,0,0.0,0.0,0.0,0.0,0.0,0.0,0.0,0.0,0.0,0.0,0.0,0.0,0.0,0.0,0.0,0.0,0,-107875648.0,0,0.0,0,-107875648.0,-107877712.0,0,13107,17039,26215,17053,39322,17037,0,0,0,110,100,100,0.0,64.0,0.0,64.9,-107615304.0,68.5,1,49,50,180,0,26215,0,0,0.0,0.0,0.0,0.0,-2.1021192030035998e+30,65.0,0.0,0.0,0.0,645,0,687,0,0,0,716,0,787,0,708,0,689,0,645,0,642,0,617,0.032,36700160.0,2.004,-107615152.0,42896,16788,-1.5862099039656674e+32,-0.0,-1.1547404266926768e+19,87686480.0,-0.0,0.0,29.0,60.0,70,0.0,0.0,0.0,0.0,0.0,0.0,0.0,0.0,0.0,0.0,0.0,0.0,0.0,0.0,0.0,0.0,59.6,68,11,65509,41,65476,0,300,0,0,8,20529,65476,0,0,61604,60.0,0.0,0.0,0.0,0.0,0.0
2026-04-04T11:33:22,ERR,ERR,ERR,ERR,ERR,ERR,ERR,ERR,ERR,ERR,ERR,ERR,ERR,ERR,ERR,ERR,ERR,ERR,ERR,ERR,ERR,ERR,ERR,ERR,ERR,ERR,ERR,ERR,ERR,ERR,ERR,ERR,ERR,ERR,ERR,ERR,ERR,ERR,ERR,ERR,ERR,ERR,ERR,ERR,ERR,ERR,ERR,ERR,ERR,ERR,ERR,ERR,ERR,ERR,ERR,ERR,ERR,ERR,ERR,ERR,ERR,ERR,ERR,ERR,ERR,ERR,ERR,ERR,ERR,ERR,ERR,ERR,ERR,ERR,ERR,ERR,ERR,ERR,ERR,ERR,ERR,ERR,ERR,ERR,ERR,ERR,ERR,ERR,ERR,ERR,ERR,ERR,ERR,ERR,ERR,ERR,ERR,ERR,ERR,ERR,ERR,ERR,ERR,ERR,ERR,ERR,ERR,ERR,ERR,ERR,ERR,ERR,ERR,ERR,ERR,ERR,ERR,ERR,ERR,ERR,ERR,ERR,ERR,ERR,ERR,0.0,-0.0,-101055584.0,0.0,0.0,0.0,0.0,nan,0,0,0,32768,0,0.0,0,0.0,0.0,0.0,0.0,0.0,0,0,0,0,0.0,0,0,0,0,0,0,0,0,0,0,0,0,0,0,0,0,0,0,0,0,0,0,0,0,0,0,0,0,0,0,0,0,0,0,0,0,0,0,0,0,0,0,0,0,0.0,0.0,0.0,0.0,0.0,0.0,0.0,0.0,0.0,0.0,0.0,0.0,0.0,0.0,0.0,0.0,0.0,0.0,0.0,0.0,0.0,0.0,-0.0,-2.004,-2.004,-0.0,0.0,0.0,0.0,0.0,3377.5,-0.0,0.0,0.0,-0.0,-0.0,2.7184274988523002e+23,0.0,0.0,0.0,0.0,0,-0.0,89220.055,0.0,0.0,0.0,0.0,0.0,0.0,0.0,0,0,0,0.0,0.0,0.0,0.0,0.0,0.0,0.0,0.0,0.0,0.0,0.0,0.0,0.0,0.0,0.0,0.0,0,-107875648.0,0,0.0,0,-107875648.0,-107877712.0,0,13107,17039,26215,17053,39322,17037,0,0,0,110,100,100,0.0,64.0,0.0,64.9,-107615304.0,68.5,1,49,50,180,0,26215,0,0,0.0,0.0,0.0,0.0,-2.1021192030035998e+30,65.0,0.0,0.0,0.0,645,0,687,0,0,0,716,0,787,0,708,0,689,0,645,0,642,0,617,0.032,36700160.0,2.004,-107615152.0,42896,16788,-1.5862099039656674e+32,-0.0,-1.1547404266926768e+19,87686480.0,-0.0,0.0,29.0,60.0,70,0.0,0.0,0.0,0.0,0.0,0.0,0.0,0.0,0.0,0.0,0.0,0.0,0.0,0.0,0.0,0.0,59.6,68,11,65509,41,65476,0,300,0,0,8,20529,65476,0,0,61604,60.0,0.0,0.0,0.0,0.0,0.0
2026-04-04T11:33:23,ERR,ERR,ERR,ERR,ERR,ERR,ERR,ERR,ERR,ERR,ERR,ERR,ERR,ERR,ERR,ERR,ERR,ERR,ERR,ERR,ERR,ERR,ERR,ERR,ERR,ERR,ERR,ERR,ERR,ERR,ERR,ERR,ERR,ERR,ERR,ERR,ERR,ERR,ERR,ERR,ERR,ERR,ERR,ERR,ERR,ERR,ERR,ERR,ERR,ERR,ERR,ERR,ERR,ERR,ERR,ERR,ERR,ERR,ERR,ERR,ERR,ERR,ERR,ERR,ERR,ERR,ERR,ERR,ERR,ERR,ERR,ERR,ERR,ERR,ERR,ERR,ERR,ERR,ERR,ERR,ERR,ERR,ERR,ERR,ERR,ERR,ERR,ERR,ERR,ERR,ERR,ERR,ERR,ERR,ERR,ERR,ERR,ERR,ERR,ERR,ERR,ERR,ERR,ERR,ERR,ERR,ERR,ERR,ERR,ERR,ERR,ERR,ERR,ERR,ERR,ERR,ERR,ERR,ERR,ERR,ERR,ERR,ERR,ERR,ERR,0.0,-0.0,-101055584.0,0.0,0.0,0.0,0.0,nan,0,0,0,32768,0,0.0,0,0.0,0.0,0.0,0.0,0.0,0,0,0,0,0.0,0,0,0,0,0,0,0,0,0,0,0,0,0,0,0,0,0,0,0,0,0,0,0,0,0,0,0,0,0,0,0,0,0,0,0,0,0,0,0,0,0,0,0,0,0.0,0.0,0.0,0.0,0.0,0.0,0.0,0.0,0.0,0.0,0.0,0.0,0.0,0.0,0.0,0.0,0.0,0.0,0.0,0.0,0.0,0.0,-0.0,-2.004,-2.004,-0.0,0.0,0.0,0.0,0.0,3377.5,-0.0,0.0,0.0,-0.0,-0.0,2.7184274988523002e+23,0.0,0.0,0.0,0.0,0,-0.0,89220.055,0.0,0.0,0.0,0.0,0.0,0.0,0.0,0,0,0,0.0,0.0,0.0,0.0,0.0,0.0,0.0,0.0,0.0,0.0,0.0,0.0,0.0,0.0,0.0,0.0,0,-107875648.0,0,0.0,0,-107875648.0,-107877712.0,0,13107,17039,26215,17053,39322,17037,0,0,0,110,100,100,0.0,64.0,0.0,64.9,-107615304.0,68.5,1,49,50,180,0,26215,0,0,0.0,0.0,0.0,0.0,-2.1021192030035998e+30,65.0,0.0,0.0,0.0,645,0,687,0,0,0,716,0,787,0,708,0,689,0,645,0,642,0,617,0.032,36700160.0,2.004,-107615152.0,42896,16788,-1.5862099039656674e+32,-0.0,-1.1547404266926768e+19,87686480.0,-0.0,0.0,29.0,60.0,70,0.0,0.0,0.0,0.0,0.0,0.0,0.0,0.0,0.0,0.0,0.0,0.0,0.0,0.0,0.0,0.0,59.2,68,11,65509,41,65476,0,300,0,0,8,20529,65476,0,0,61604,60.0,0.0,0.0,0.0,0.0,0.0
2026-04-04T11:33:24,ERR,ERR,ERR,ERR,ERR,ERR,ERR,ERR,ERR,ERR,ERR,ERR,ERR,ERR,ERR,ERR,ERR,ERR,ERR,ERR,ERR,ERR,ERR,ERR,ERR,ERR,ERR,ERR,ERR,ERR,ERR,ERR,ERR,ERR,ERR,ERR,ERR,ERR,ERR,ERR,ERR,ERR,ERR,ERR,ERR,ERR,ERR,ERR,ERR,ERR,ERR,ERR,ERR,ERR,ERR,ERR,ERR,ERR,ERR,ERR,ERR,ERR,ERR,ERR,ERR,ERR,ERR,ERR,ERR,ERR,ERR,ERR,ERR,ERR,ERR,ERR,ERR,ERR,ERR,ERR,ERR,ERR,ERR,ERR,ERR,ERR,ERR,ERR,ERR,ERR,ERR,ERR,ERR,ERR,ERR,ERR,ERR,ERR,ERR,ERR,ERR,ERR,ERR,ERR,ERR,ERR,ERR,ERR,ERR,ERR,ERR,ERR,ERR,ERR,ERR,ERR,ERR,ERR,ERR,ERR,ERR,ERR,ERR,ERR,ERR,0.0,-0.0,-101055584.0,0.0,0.0,0.0,0.0,nan,0,0,0,32768,0,0.0,0,0.0,0.0,0.0,0.0,0.0,0,0,0,0,0.0,0,0,0,0,0,0,0,0,0,0,0,0,0,0,0,0,0,0,0,0,0,0,0,0,0,0,0,0,0,0,0,0,0,0,0,0,0,0,0,0,0,0,0,0,0.0,0.0,0.0,0.0,0.0,0.0,0.0,0.0,0.0,0.0,0.0,0.0,0.0,0.0,-2.59620661244926e+33,0.0,0.0,0.0,0.0,0.0,0.0,0.0,-0.0,-2.004,-2.004,-0.0,0.0,0.0,0.0,0.0,3380.5,-0.0,0.0,0.0,-0.0,-0.0,2.7184274988523002e+23,0.0,0.0,0.0,0.0,0,-0.0,1.905674755852206e+17,0.0,0.0,0.0,0.0,0.0,0.0,0.0,0,0,0,0.0,0.0,0.0,0.0,0.0,0.0,0.0,0.0,0.0,0.0,0.0,0.0,0.0,0.0,0.0,0.0,0,-107875648.0,0,0.0,0,-107875648.0,-107877712.0,0,13107,17039,26215,17053,39322,17037,0,0,0,110,100,100,2.7302334150594743e+23,64.0,0.0,64.9,-107615304.0,68.5,1,49,50,180,0,26215,0,0,0.0,0.0,0.0,0.0,-631848.125,65.0,0.0,6.982288284264817e+30,0.0,645,0,687,0,0,0,715,0,787,0,708,0,689,0,645,0,642,0,617,0.032,36962304.0,2.004,-107615152.0,46736,16788,-1919833469878272.0,1.2081102492424975e+33,9.686664781277602e+25,0.0,220424.141,-0.0,29.0,60.0,70,0.0,0.0,0.0,0.0,0.0,0.0,0.0,0.0,0.0,0.0,0.0,0.0,0.0,0.0,0.0,0.0,59.2,68,11,65509,41,65476,0,300,0,0,8,20529,65476,0,0,61604,60.0,0.0,0.0,0.0,0.0,0.0
2026-04-04T11:33:25,ERR,ERR,ERR,ERR,ERR,ERR,ERR,ERR,ERR,ERR,ERR,ERR,ERR,ERR,ERR,ERR,ERR,ERR,ERR,ERR,ERR,ERR,ERR,ERR,ERR,ERR,ERR,ERR,ERR,ERR,ERR,ERR,ERR,ERR,ERR,ERR,ERR,ERR,ERR,ERR,ERR,ERR,ERR,ERR,ERR,ERR,ERR,ERR,ERR,ERR,ERR,ERR,ERR,ERR,ERR,ERR,ERR,ERR,ERR,ERR,ERR,ERR,ERR,ERR,ERR,ERR,ERR,ERR,ERR,ERR,ERR,ERR,ERR,ERR,ERR,ERR,ERR,ERR,ERR,ERR,ERR,ERR,ERR,ERR,ERR,ERR,ERR,ERR,ERR,ERR,ERR,ERR,ERR,ERR,ERR,ERR,ERR,ERR,ERR,ERR,ERR,ERR,ERR,ERR,ERR,ERR,ERR,ERR,ERR,ERR,ERR,ERR,ERR,ERR,ERR,ERR,ERR,ERR,ERR,ERR,ERR,ERR,ERR,ERR,ERR,0.0,-0.0,-101055584.0,0.0,0.0,0.0,0.0,nan,0,0,0,32768,0,0.0,0,0.0,0.0,0.0,0.0,0.0,0,0,0,0,0.0,0,0,0,0,0,0,0,0,0,0,0,0,0,0,0,0,0,0,0,0,0,0,0,0,0,0,0,0,0,0,0,0,0,0,0,0,0,0,0,0,0,0,0,0,0.0,0.0,0.0,0.0,0.0,0.0,0.0,0.0,0.0,0.0,0.0,0.0,0.0,0.0,-2.59620661244926e+33,0.0,0.0,0.0,0.0,0.0,0.0,0.0,-0.0,-2.004,-2.004,-0.0,0.0,0.0,0.0,0.0,3380.5,-0.0,0.0,0.0,-0.0,-0.0,2.7184274988523002e+23,0.0,0.0,0.0,0.0,0,-0.0,1.905674755852206e+17,0.0,0.0,0.0,0.0,0.0,0.0,0.0,0,0,0,0.0,0.0,0.0,0.0,0.0,0.0,0.0,0.0,0.0,0.0,0.0,0.0,0.0,0.0,0.0,0.0,0,-107875648.0,0,0.0,0,-107875648.0,-107877712.0,0,13107,17039,26215,17053,39322,17037,0,0,0,110,100,100,2.7302334150594743e+23,64.0,0.0,64.9,-107615304.0,68.5,1,49,50,180,0,26215,0,0,0.0,0.0,0.0,0.0,-631848.125,65.0,0.0,6.982288284264817e+30,0.0,645,0,687,0,0,0,715,0,787,0,708,0,689,0,645,0,642,0,617,0.032,36962304.0,2.004,-107615152.0,46736,16788,-1919833469878272.0,1.2081102492424975e+33,9.686664781277602e+25,0.0,220424.141,-0.0,29.0,60.0,70,0.0,0.0,0.0,0.0,0.0,0.0,0.0,0.0,0.0,0.0,0.0,0.0,0.0,0.0,0.0,0.0,59.2,68,11,65509,41,65476,0,300,0,0,8,20529,65476,0,0,61604,60.0,0.0,0.0,0.0,0.0,0.0
2026-04-04T11:33:26,ERR,ERR,ERR,ERR,ERR,ERR,ERR,ERR,ERR,ERR,ERR,ERR,ERR,ERR,ERR,ERR,ERR,ERR,ERR,ERR,ERR,ERR,ERR,ERR,ERR,ERR,ERR,ERR,ERR,ERR,ERR,ERR,ERR,ERR,ERR,ERR,ERR,ERR,ERR,ERR,ERR,ERR,ERR,ERR,ERR,ERR,ERR,ERR,ERR,ERR,ERR,ERR,ERR,ERR,ERR,ERR,ERR,ERR,ERR,ERR,ERR,ERR,ERR,ERR,ERR,ERR,ERR,ERR,ERR,ERR,ERR,ERR,ERR,ERR,ERR,ERR,ERR,ERR,ERR,ERR,ERR,ERR,ERR,ERR,ERR,ERR,ERR,ERR,ERR,ERR,ERR,ERR,ERR,ERR,ERR,ERR,ERR,ERR,ERR,ERR,ERR,ERR,ERR,ERR,ERR,ERR,ERR,ERR,ERR,ERR,ERR,ERR,ERR,ERR,ERR,ERR,ERR,ERR,ERR,ERR,ERR,ERR,ERR,ERR,ERR,0.0,-0.0,-101055584.0,0.0,0.0,0.0,0.0,nan,0,0,0,32768,0,0.0,0,0.0,0.0,0.0,0.0,0.0,0,0,0,0,0.0,0,0,0,0,0,0,0,0,0,0,0,0,0,0,0,0,0,0,0,0,0,0,0,0,0,0,0,0,0,0,0,0,0,0,0,0,0,0,0,0,0,0,0,0,0.0,0.0,0.0,0.0,0.0,0.0,0.0,0.0,0.0,0.0,0.0,0.0,0.0,0.0,-2.59620661244926e+33,0.0,0.0,0.0,0.0,0.0,0.0,0.0,-0.0,-2.004,-2.004,-0.0,0.0,0.0,0.0,0.0,3380.5,-0.0,0.0,0.0,-0.0,-0.0,2.7184274988523002e+23,0.0,0.0,0.0,0.0,0,-0.0,1.905674755852206e+17,0.0,0.0,0.0,0.0,0.0,0.0,0.0,0,0,0,0.0,0.0,0.0,0.0,0.0,0.0,0.0,0.0,0.0,0.0,0.0,0.0,0.0,0.0,0.0,0.0,0,-107875648.0,0,0.0,0,-107875648.0,-107877712.0,0,13107,17039,26215,17053,39322,17037,0,0,0,110,100,100,2.7302334150594743e+23,64.0,0.0,64.9,-107615304.0,68.5,1,49,50,180,0,26215,0,0,0.0,0.0,0.0,0.0,-631848.125,65.0,0.0,6.982288284264817e+30,0.0,645,0,687,0,0,0,715,0,787,0,708,0,689,0,645,0,642,0,617,0.032,36962304.0,2.004,-107615152.0,46736,16788,-1919833469878272.0,1.2081102492424975e+33,9.686664781277602e+25,0.0,220424.141,-0.0,29.0,60.0,70,0.0,0.0,0.0,0.0,0.0,0.0,0.0,0.0,0.0,0.0,0.0,0.0,0.0,0.0,0.0,0.0,59.2,68,11,65509,41,65476,0,300,0,0,8,20529,65476,0,0,61604,60.0,0.0,0.0,0.0,0.0,0.0
2026-04-04T11:33:27,ERR,ERR,ERR,ERR,ERR,ERR,ERR,ERR,ERR,ERR,ERR,ERR,ERR,ERR,ERR,ERR,ERR,ERR,ERR,ERR,ERR,ERR,ERR,ERR,ERR,ERR,ERR,ERR,ERR,ERR,ERR,ERR,ERR,ERR,ERR,ERR,ERR,ERR,ERR,ERR,ERR,ERR,ERR,ERR,ERR,ERR,ERR,ERR,ERR,ERR,ERR,ERR,ERR,ERR,ERR,ERR,ERR,ERR,ERR,ERR,ERR,ERR,ERR,ERR,ERR,ERR,ERR,ERR,ERR,ERR,ERR,ERR,ERR,ERR,ERR,ERR,ERR,ERR,ERR,ERR,ERR,ERR,ERR,ERR,ERR,ERR,ERR,ERR,ERR,ERR,ERR,ERR,ERR,ERR,ERR,ERR,ERR,ERR,ERR,ERR,ERR,ERR,ERR,ERR,ERR,ERR,ERR,ERR,ERR,ERR,ERR,ERR,ERR,ERR,ERR,ERR,ERR,ERR,ERR,ERR,ERR,ERR,ERR,ERR,ERR,0.0,-0.0,-101055584.0,0.0,0.0,0.0,0.0,nan,0,0,0,32768,0,0.0,0,0.0,0.0,0.0,0.0,0.0,0,0,0,0,0.0,0,0,0,0,0,0,0,0,0,0,0,0,0,0,0,0,0,0,0,0,0,0,0,0,0,0,0,0,0,0,0,0,0,0,0,0,0,0,0,0,0,0,0,0,0.0,0.0,0.0,0.0,0.0,0.0,0.0,0.0,0.0,0.0,0.0,0.0,0.0,0.0,-2.59620661244926e+33,0.0,0.0,0.0,0.0,0.0,0.0,0.0,-0.0,-2.004,-2.004,-0.0,0.0,0.0,0.0,0.0,3380.5,-0.0,0.0,0.0,-0.0,-0.0,2.7184274988523002e+23,0.0,0.0,0.0,0.0,0,-0.0,1.905674755852206e+17,0.0,0.0,0.0,0.0,0.0,0.0,0.0,0,0,0,0.0,0.0,0.0,0.0,0.0,0.0,0.0,0.0,0.0,0.0,0.0,0.0,0.0,0.0,0.0,0.0,0,-107875648.0,0,0.0,0,-107875648.0,-107877712.0,0,13107,17039,26215,17053,39322,17037,0,0,0,110,100,100,2.7302334150594743e+23,64.0,0.0,64.9,-107615304.0,68.5,1,49,50,180,0,26215,0,0,0.0,0.0,0.0,0.0,-631848.125,65.0,0.0,6.982288284264817e+30,0.0,645,0,687,0,0,0,715,0,787,0,708,0,689,0,645,0,642,0,617,0.032,36962304.0,2.004,-107615152.0,46736,16788,-1919833469878272.0,1.2081102492424975e+33,9.686664781277602e+25,0.0,220424.141,-0.0,29.0,60.0,70,0.0,0.0,0.0,0.0,0.0,0.0,0.0,0.0,0.0,0.0,0.0,0.0,0.0,0.0,0.0,0.0,59.6,68,11,65509,41,65476,0,300,0,0,8,20529,65476,0,0,61604,60.0,0.0,0.0,0.0,0.0,0.0
2026-04-04T11:33:28,ERR,ERR,ERR,ERR,ERR,ERR,ERR,ERR,ERR,ERR,ERR,ERR,ERR,ERR,ERR,ERR,ERR,ERR,ERR,ERR,ERR,ERR,ERR,ERR,ERR,ERR,ERR,ERR,ERR,ERR,ERR,ERR,ERR,ERR,ERR,ERR,ERR,ERR,ERR,ERR,ERR,ERR,ERR,ERR,ERR,ERR,ERR,ERR,ERR,ERR,ERR,ERR,ERR,ERR,ERR,ERR,ERR,ERR,ERR,ERR,ERR,ERR,ERR,ERR,ERR,ERR,ERR,ERR,ERR,ERR,ERR,ERR,ERR,ERR,ERR,ERR,ERR,ERR,ERR,ERR,ERR,ERR,ERR,ERR,ERR,ERR,ERR,ERR,ERR,ERR,ERR,ERR,ERR,ERR,ERR,ERR,ERR,ERR,ERR,ERR,ERR,ERR,ERR,ERR,ERR,ERR,ERR,ERR,ERR,ERR,ERR,ERR,ERR,ERR,ERR,ERR,ERR,ERR,ERR,ERR,ERR,ERR,ERR,ERR,ERR,0.0,-0.0,-101055584.0,0.0,0.0,0.0,0.0,nan,0,0,0,32768,0,0.0,0,0.0,0.0,0.0,0.0,0.0,0,0,0,0,0.0,0,0,0,0,0,0,0,0,0,0,0,0,0,0,0,0,0,0,0,0,0,0,0,0,0,0,0,0,0,0,0,0,0,0,0,0,0,0,0,0,0,0,0,0,0.0,0.0,0.0,0.0,0.0,0.0,0.0,0.0,0.0,0.0,0.0,0.0,0.0,0.0,-2.59620661244926e+33,0.0,0.0,0.0,0.0,0.0,0.0,0.0,-0.0,-2.004,-2.004,-0.0,0.0,0.0,0.0,0.0,3380.5,-0.0,0.0,0.0,-0.0,-0.0,2.7184274988523002e+23,0.0,0.0,0.0,0.0,0,-0.0,1.905674755852206e+17,0.0,0.0,0.0,0.0,0.0,0.0,0.0,0,0,0,0.0,0.0,0.0,0.0,0.0,0.0,0.0,0.0,0.0,0.0,0.0,0.0,0.0,0.0,0.0,0.0,0,-107875648.0,0,0.0,0,-107875648.0,-107877712.0,0,13107,17039,26215,17053,39322,17037,0,0,0,110,100,100,0.0,64.0,0.0,64.9,-107615304.0,68.5,1,49,50,180,0,26215,0,0,0.0,0.0,0.0,0.0,-3.0589860442030473e+19,65.0,0.0,1.2190355807394572e+34,0.0,645,0,687,0,0,0,715,0,787,0,708,0,689,0,645,0,641,0,617,0.032,36962304.0,2.004,-107615152.0,35728,16788,-9.079212173070616e+23,1.4230640686401946e+35,-0.0,-5.499990121161687e+17,1.9577340390538593e+21,-1242.016,29.0,60.0,70,0.0,0.0,0.0,0.0,0.0,0.0,0.0,0.0,0.0,0.0,0.0,0.0,0.0,0.0,0.0,0.0,59.6,68,11,65509,41,65476,0,300,0,0,8,20529,65476,0,0,61604,60.0,0.0,0.0,0.0,0.0,0.0
2026-04-04T11:33:29,ERR,ERR,ERR,ERR,ERR,ERR,ERR,ERR,ERR,ERR,ERR,ERR,ERR,ERR,ERR,ERR,ERR,ERR,ERR,ERR,ERR,ERR,ERR,ERR,ERR,ERR,ERR,ERR,ERR,ERR,ERR,ERR,ERR,ERR,ERR,ERR,ERR,ERR,ERR,ERR,ERR,ERR,ERR,ERR,ERR,ERR,ERR,ERR,ERR,ERR,ERR,ERR,ERR,ERR,ERR,ERR,ERR,ERR,ERR,ERR,ERR,ERR,ERR,ERR,ERR,ERR,ERR,ERR,ERR,ERR,ERR,ERR,ERR,ERR,ERR,ERR,ERR,ERR,ERR,ERR,ERR,ERR,ERR,ERR,ERR,ERR,ERR,ERR,ERR,ERR,ERR,ERR,ERR,ERR,ERR,ERR,ERR,ERR,ERR,ERR,ERR,ERR,ERR,ERR,ERR,ERR,ERR,ERR,ERR,ERR,ERR,ERR,ERR,ERR,ERR,ERR,ERR,ERR,ERR,ERR,ERR,ERR,ERR,ERR,ERR,0.0,-0.0,-101055584.0,0.0,0.0,0.0,0.0,nan,0,0,0,32768,0,0.0,0,0.0,0.0,0.0,0.0,0.0,0,0,0,0,0.0,0,0,0,0,0,0,0,0,0,0,0,0,0,0,0,0,0,0,0,0,0,0,0,0,0,0,0,0,0,0,0,0,0,0,0,0,0,0,0,0,0,0,0,0,0.0,0.0,0.0,0.0,0.0,0.0,0.0,0.0,0.0,0.0,0.0,0.0,0.0,0.0,-2.59620661244926e+33,0.0,0.0,0.0,0.0,0.0,0.0,0.0,-0.0,-2.004,-2.004,-0.0,0.0,0.0,0.0,0.0,3380.5,-0.0,0.0,0.0,-0.0,-0.0,2.7184274988523002e+23,0.0,0.0,0.0,0.0,0,-0.0,1.905674755852206e+17,0.0,0.0,0.0,0.0,0.0,0.0,0.0,0,0,0,0.0,0.0,0.0,0.0,0.0,0.0,0.0,0.0,0.0,0.0,0.0,0.0,0.0,0.0,0.0,0.0,0,-107875648.0,0,0.0,0,-107875648.0,-107877712.0,0,13107,17039,26215,17053,39322,17037,0,0,0,110,100,100,0.0,64.0,0.0,64.9,-107615304.0,68.5,1,49,50,180,0,26215,0,0,0.0,0.0,0.0,0.0,-3.0589860442030473e+19,65.0,0.0,1.2190355807394572e+34,0.0,645,0,687,0,0,0,715,0,787,0,708,0,689,0,645,0,641,0,617,0.032,36962304.0,2.004,-107615152.0,35728,16788,-9.079212173070616e+23,1.4230640686401946e+35,-0.0,-5.499990121161687e+17,1.9577340390538593e+21,-1242.016,29.0,60.0,70,0.0,0.0,0.0,0.0,0.0,0.0,0.0,0.0,0.0,0.0,0.0,0.0,0.0,0.0,0.0,0.0,59.2,68,11,65509,41,65476,0,300,0,0,8,20529,65476,0,0,61604,60.0,0.0,0.0,0.0,0.0,0.0
2026-04-04T11:33:30,ERR,ERR,ERR,ERR,ERR,ERR,ERR,ERR,ERR,ERR,ERR,ERR,ERR,ERR,ERR,ERR,ERR,ERR,ERR,ERR,ERR,ERR,ERR,ERR,ERR,ERR,ERR,ERR,ERR,ERR,ERR,ERR,ERR,ERR,ERR,ERR,ERR,ERR,ERR,ERR,ERR,ERR,ERR,ERR,ERR,ERR,ERR,ERR,ERR,ERR,ERR,ERR,ERR,ERR,ERR,ERR,ERR,ERR,ERR,ERR,ERR,ERR,ERR,ERR,ERR,ERR,ERR,ERR,ERR,ERR,ERR,ERR,ERR,ERR,ERR,ERR,ERR,ERR,ERR,ERR,ERR,ERR,ERR,ERR,ERR,ERR,ERR,ERR,ERR,ERR,ERR,ERR,ERR,ERR,ERR,ERR,ERR,ERR,ERR,ERR,ERR,ERR,ERR,ERR,ERR,ERR,ERR,ERR,ERR,ERR,ERR,ERR,ERR,ERR,ERR,ERR,ERR,ERR,ERR,ERR,ERR,ERR,ERR,ERR,ERR,0.0,-0.0,-101055584.0,0.0,0.0,0.0,0.0,nan,0,0,0,32768,0,0.0,0,0.0,0.0,0.0,0.0,0.0,0,0,0,0,0.0,0,0,0,0,0,0,0,0,0,0,0,0,0,0,0,0,0,0,0,0,0,0,0,0,0,0,0,0,0,0,0,0,0,0,0,0,0,0,0,0,0,0,0,0,0.0,0.0,0.0,0.0,0.0,0.0,0.0,0.0,0.0,0.0,0.0,0.0,0.0,0.0,0.0,0.0,0.0,0.0,0.0,0.0,0.0,0.0,-0.0,-2.004,-2.004,-0.0,0.0,0.0,0.0,0.0,3377.0,-0.0,0.0,0.0,-0.0,-0.0,2.7184274988523002e+23,0.0,0.0,0.0,0.0,0,-0.0,1.905674755852206e+17,0.0,0.0,0.0,0.0,0.0,0.0,0.0,0,0,0,0.0,0.0,0.0,0.0,0.0,0.0,0.0,0.0,0.0,0.0,0.0,0.0,0.0,0.0,0.0,0.0,0,-107875648.0,0,0.0,0,-107875648.0,-107877712.0,0,13107,17039,26215,17053,39322,17037,0,0,0,110,100,100,0.0,64.0,0.0,64.9,-107615304.0,68.5,1,49,50,180,0,26215,0,0,0.0,0.0,0.0,0.0,-3.0589860442030473e+19,65.0,0.0,1.2190355807394572e+34,0.0,645,0,687,0,0,0,715,0,787,0,708,0,689,0,645,0,641,0,617,0.032,36962304.0,2.004,-107615152.0,35728,16788,-9.079212173070616e+23,1.4230640686401946e+35,-0.0,-5.499990121161687e+17,1.9577340390538593e+21,-1242.016,29.0,60.0,70,0.0,0.0,0.0,0.0,0.0,0.0,0.0,0.0,0.0,0.0,0.0,0.0,0.0,0.0,0.0,0.0,59.2,68,11,65509,41,65476,0,300,0,0,8,20529,65476,0,0,61604,60.0,0.0,0.0,0.0,0.0,0.0
2026-04-04T11:33:31,ERR,ERR,ERR,ERR,ERR,ERR,ERR,ERR,ERR,ERR,ERR,ERR,ERR,ERR,ERR,ERR,ERR,ERR,ERR,ERR,ERR,ERR,ERR,ERR,ERR,ERR,ERR,ERR,ERR,ERR,ERR,ERR,ERR,ERR,ERR,ERR,ERR,ERR,ERR,ERR,ERR,ERR,ERR,ERR,ERR,ERR,ERR,ERR,ERR,ERR,ERR,ERR,ERR,ERR,ERR,ERR,ERR,ERR,ERR,ERR,ERR,ERR,ERR,ERR,ERR,ERR,ERR,ERR,ERR,ERR,ERR,ERR,ERR,ERR,ERR,ERR,ERR,ERR,ERR,ERR,ERR,ERR,ERR,ERR,ERR,ERR,ERR,ERR,ERR,ERR,ERR,ERR,ERR,ERR,ERR,ERR,ERR,ERR,ERR,ERR,ERR,ERR,ERR,ERR,ERR,ERR,ERR,ERR,ERR,ERR,ERR,ERR,ERR,ERR,ERR,ERR,ERR,ERR,ERR,ERR,ERR,ERR,ERR,ERR,ERR,0.0,-0.0,-101055584.0,0.0,0.0,0.0,0.0,nan,0,0,0,32768,0,0.0,0,0.0,0.0,0.0,0.0,0.0,0,0,0,0,0.0,0,0,0,0,0,0,0,0,0,0,0,0,0,0,0,0,0,0,0,0,0,0,0,0,0,0,0,0,0,0,0,0,0,0,0,0,0,0,0,0,0,0,0,0,0.0,0.0,0.0,0.0,0.0,0.0,0.0,0.0,0.0,0.0,0.0,0.0,0.0,0.0,0.0,0.0,0.0,0.0,0.0,0.0,0.0,0.0,-0.0,-2.004,-2.004,-0.0,0.0,0.0,0.0,0.0,3377.0,-0.0,0.0,0.0,-0.0,-0.0,2.7184274988523002e+23,0.0,0.0,0.0,0.0,0,-0.0,1.905674755852206e+17,0.0,0.0,0.0,0.0,0.0,0.0,0.0,0,0,0,0.0,0.0,0.0,0.0,0.0,0.0,0.0,0.0,0.0,0.0,0.0,0.0,0.0,0.0,0.0,0.0,0,-107875648.0,0,0.0,0,-107875648.0,-107877712.0,0,13107,17039,26215,17053,39322,17037,0,0,0,110,100,100,0.0,64.0,0.0,64.9,-107615304.0,68.5,1,49,50,180,0,26215,0,0,0.0,0.0,0.0,0.0,-3.0589860442030473e+19,65.0,0.0,1.2190355807394572e+34,0.0,645,0,687,0,0,0,715,0,787,0,708,0,689,0,645,0,641,0,617,0.032,36962304.0,2.004,-107615152.0,35728,16788,-9.079212173070616e+23,1.4230640686401946e+35,-0.0,-5.499990121161687e+17,1.9577340390538593e+21,-1242.016,29.0,60.0,70,0.0,0.0,0.0,0.0,0.0,0.0,0.0,0.0,0.0,0.0,0.0,0.0,0.0,0.0,0.0,0.0,59.2,68,11,65509,41,65476,0,300,0,0,8,20529,65476,0,0,61604,60.0,0.0,0.0,0.0,0.0,0.0
2026-04-04T11:33:32,ERR,ERR,ERR,ERR,ERR,ERR,ERR,ERR,ERR,ERR,ERR,ERR,ERR,ERR,ERR,ERR,ERR,ERR,ERR,ERR,ERR,ERR,ERR,ERR,ERR,ERR,ERR,ERR,ERR,ERR,ERR,ERR,ERR,ERR,ERR,ERR,ERR,ERR,ERR,ERR,ERR,ERR,ERR,ERR,ERR,ERR,ERR,ERR,ERR,ERR,ERR,ERR,ERR,ERR,ERR,ERR,ERR,ERR,ERR,ERR,ERR,ERR,ERR,ERR,ERR,ERR,ERR,ERR,ERR,ERR,ERR,ERR,ERR,ERR,ERR,ERR,ERR,ERR,ERR,ERR,ERR,ERR,ERR,ERR,ERR,ERR,ERR,ERR,ERR,ERR,ERR,ERR,ERR,ERR,ERR,ERR,ERR,ERR,ERR,ERR,ERR,ERR,ERR,ERR,ERR,ERR,ERR,ERR,ERR,ERR,ERR,ERR,ERR,ERR,ERR,ERR,ERR,ERR,ERR,ERR,ERR,ERR,ERR,ERR,ERR,0.0,-0.0,-101055584.0,0.0,0.0,0.0,0.0,nan,0,0,0,32768,0,0.0,0,0.0,0.0,0.0,0.0,0.0,0,0,0,0,0.0,0,0,0,0,0,0,0,0,0,0,0,0,0,0,0,0,0,0,0,0,0,0,0,0,0,0,0,0,0,0,0,0,0,0,0,0,0,0,0,0,0,0,0,0,0.0,0.0,0.0,0.0,0.0,0.0,0.0,0.0,0.0,0.0,0.0,0.0,0.0,0.0,0.0,0.0,0.0,0.0,0.0,0.0,0.0,0.0,-0.0,-2.004,-2.004,-0.0,0.0,0.0,0.0,0.0,3377.0,-0.0,0.0,0.0,-0.0,-0.0,2.7184274988523002e+23,0.0,0.0,0.0,0.0,0,-0.0,1.905674755852206e+17,0.0,0.0,0.0,0.0,0.0,0.0,0.0,0,0,0,0.0,0.0,0.0,0.0,0.0,0.0,0.0,0.0,0.0,0.0,0.0,0.0,0.0,0.0,0.0,0.0,0,-107875648.0,0,0.0,0,-107875648.0,-107877712.0,0,13107,17039,26215,17053,39322,17037,0,0,0,110,100,100,0.0,64.0,0.0,64.9,-107615304.0,68.5,1,49,50,180,0,26215,0,0,0.0,0.0,0.0,0.0,-3.0589860442030473e+19,65.0,0.0,1.2190355807394572e+34,0.0,645,0,687,0,0,0,715,0,787,0,708,0,689,0,645,0,641,0,617,0.032,36962304.0,2.004,-107615152.0,35728,16788,-9.079212173070616e+23,1.4230640686401946e+35,-0.0,-5.499990121161687e+17,1.9577340390538593e+21,-1242.016,29.0,60.0,70,0.0,0.0,0.0,0.0,0.0,0.0,0.0,0.0,0.0,0.0,0.0,0.0,0.0,0.0,0.0,0.0,59.2,68,11,65509,41,65476,0,300,0,0,8,20529,65476,0,0,61604,60.0,0.0,0.0,0.0,0.0,0.0
2026-04-04T11:33:33,ERR,ERR,ERR,ERR,ERR,ERR,ERR,ERR,ERR,ERR,ERR,ERR,ERR,ERR,ERR,ERR,ERR,ERR,ERR,ERR,ERR,ERR,ERR,ERR,ERR,ERR,ERR,ERR,ERR,ERR,ERR,ERR,ERR,ERR,ERR,ERR,ERR,ERR,ERR,ERR,ERR,ERR,ERR,ERR,ERR,ERR,ERR,ERR,ERR,ERR,ERR,ERR,ERR,ERR,ERR,ERR,ERR,ERR,ERR,ERR,ERR,ERR,ERR,ERR,ERR,ERR,ERR,ERR,ERR,ERR,ERR,ERR,ERR,ERR,ERR,ERR,ERR,ERR,ERR,ERR,ERR,ERR,ERR,ERR,ERR,ERR,ERR,ERR,ERR,ERR,ERR,ERR,ERR,ERR,ERR,ERR,ERR,ERR,ERR,ERR,ERR,ERR,ERR,ERR,ERR,ERR,ERR,ERR,ERR,ERR,ERR,ERR,ERR,ERR,ERR,ERR,ERR,ERR,ERR,ERR,ERR,ERR,ERR,ERR,ERR,0.0,-0.0,-101055584.0,0.0,0.0,0.0,0.0,nan,0,0,0,32768,0,0.0,0,0.0,0.0,0.0,0.0,0.0,0,0,0,0,0.0,0,0,0,0,0,0,0,0,0,0,0,0,0,0,0,0,0,0,0,0,0,0,0,0,0,0,0,0,0,0,0,0,0,0,0,0,0,0,0,0,0,0,0,0,0.0,0.0,0.0,0.0,0.0,0.0,0.0,0.0,0.0,0.0,0.0,0.0,0.0,0.0,0.0,0.0,0.0,0.0,0.0,0.0,0.0,0.0,-0.0,-2.004,-2.004,-0.0,0.0,0.0,0.0,0.0,3377.0,-0.0,0.0,0.0,-0.0,-0.0,2.7184274988523002e+23,0.0,0.0,0.0,0.0,0,-0.0,1.905674755852206e+17,0.0,0.0,0.0,0.0,0.0,0.0,0.0,0,0,0,0.0,0.0,0.0,0.0,0.0,0.0,0.0,0.0,0.0,0.0,0.0,0.0,0.0,0.0,0.0,0.0,0,-107875648.0,0,0.0,0,-107875648.0,-107877712.0,0,13107,17039,26215,17053,39322,17037,0,0,0,110,100,100,0.0,64.0,0.0,64.9,-107615304.0,68.5,1,49,50,180,0,26215,0,0,0.0,0.0,0.0,0.0,-27034884.0,65.0,0.0,-0.0,0.0,645,0,687,0,0,0,716,0,787,0,709,0,689,0,645,0,641,0,617,0.032,36962304.0,2.004,-107615152.0,32400,16788,-3628560707223552.0,-1.042908339681362e+17,-0.0,-1.1033396170905207e+21,1.35933689442935e+30,-775164555952128.0,29.0,60.0,70,0.0,0.0,0.0,0.0,0.0,0.0,0.0,0.0,0.0,0.0,0.0,0.0,0.0,0.0,0.0,0.0,59.2,68,11,65509,41,65476,0,300,0,0,8,20529,65476,0,0,61604,60.0,0.0,0.0,0.0,0.0,0.0
2026-04-04T11:33:34,ERR,ERR,ERR,ERR,ERR,ERR,ERR,ERR,ERR,ERR,ERR,ERR,ERR,ERR,ERR,ERR,ERR,ERR,ERR,ERR,ERR,ERR,ERR,ERR,ERR,ERR,ERR,ERR,ERR,ERR,ERR,ERR,ERR,ERR,ERR,ERR,ERR,ERR,ERR,ERR,ERR,ERR,ERR,ERR,ERR,ERR,ERR,ERR,ERR,ERR,ERR,ERR,ERR,ERR,ERR,ERR,ERR,ERR,ERR,ERR,ERR,ERR,ERR,ERR,ERR,ERR,ERR,ERR,ERR,ERR,ERR,ERR,ERR,ERR,ERR,ERR,ERR,ERR,ERR,ERR,ERR,ERR,ERR,ERR,ERR,ERR,ERR,ERR,ERR,ERR,ERR,ERR,ERR,ERR,ERR,ERR,ERR,ERR,ERR,ERR,ERR,ERR,ERR,ERR,ERR,ERR,ERR,ERR,ERR,ERR,ERR,ERR,ERR,ERR,ERR,ERR,ERR,ERR,ERR,ERR,ERR,ERR,ERR,ERR,ERR,0.0,-0.0,-101055584.0,0.0,0.0,0.0,0.0,nan,0,0,0,32768,0,0.0,0,0.0,0.0,0.0,0.0,0.0,0,0,0,0,0.0,0,0,0,0,0,0,0,0,0,0,0,0,0,0,0,0,0,0,0,0,0,0,0,0,0,0,0,0,0,0,0,0,0,0,0,0,0,0,0,0,0,0,0,0,0.0,0.0,0.0,0.0,0.0,0.0,0.0,0.0,0.0,0.0,0.0,0.0,0.0,0.0,0.0,0.0,0.0,0.0,0.0,0.0,0.0,0.0,-0.0,-2.004,-2.004,-0.0,0.0,0.0,0.0,0.0,3377.0,-0.0,0.0,0.0,-0.0,-0.0,2.7184274988523002e+23,0.0,0.0,0.0,0.0,0,-0.0,1.905674755852206e+17,0.0,0.0,0.0,0.0,0.0,0.0,0.0,0,0,0,0.0,0.0,0.0,0.0,0.0,0.0,0.0,0.0,0.0,0.0,0.0,0.0,0.0,0.0,0.0,0.0,0,-107875648.0,0,0.0,0,-107875648.0,-107877712.0,0,13107,17039,26215,17053,39322,17037,0,0,0,110,100,100,0.0,64.0,0.0,64.9,-107615304.0,68.5,1,49,50,180,0,26215,0,0,0.0,0.0,0.0,0.0,-27034884.0,65.0,0.0,-0.0,0.0,645,0,687,0,0,0,716,0,787,0,709,0,689,0,645,0,641,0,617,0.032,36962304.0,2.004,-107615152.0,32400,16788,-3628560707223552.0,-1.042908339681362e+17,-0.0,-1.1033396170905207e+21,1.35933689442935e+30,-775164555952128.0,29.0,60.0,70,0.0,0.0,0.0,0.0,0.0,0.0,0.0,0.0,0.0,0.0,0.0,0.0,0.0,0.0,0.0,0.0,59.2,68,11,65509,41,65476,0,300,0,0,8,20529,65476,0,0,61604,60.0,0.0,0.0,0.0,0.0,0.0
2026-04-04T11:33:35,ERR,ERR,ERR,ERR,ERR,ERR,ERR,ERR,ERR,ERR,ERR,ERR,ERR,ERR,ERR,ERR,ERR,ERR,ERR,ERR,ERR,ERR,ERR,ERR,ERR,ERR,ERR,ERR,ERR,ERR,ERR,ERR,ERR,ERR,ERR,ERR,ERR,ERR,ERR,ERR,ERR,ERR,ERR,ERR,ERR,ERR,ERR,ERR,ERR,ERR,ERR,ERR,ERR,ERR,ERR,ERR,ERR,ERR,ERR,ERR,ERR,ERR,ERR,ERR,ERR,ERR,ERR,ERR,ERR,ERR,ERR,ERR,ERR,ERR,ERR,ERR,ERR,ERR,ERR,ERR,ERR,ERR,ERR,ERR,ERR,ERR,ERR,ERR,ERR,ERR,ERR,ERR,ERR,ERR,ERR,ERR,ERR,ERR,ERR,ERR,ERR,ERR,ERR,ERR,ERR,ERR,ERR,ERR,ERR,ERR,ERR,ERR,ERR,ERR,ERR,ERR,ERR,ERR,ERR,ERR,ERR,ERR,ERR,ERR,ERR,0.0,-0.0,-101055584.0,0.0,0.0,0.0,0.0,nan,0,0,0,32768,0,0.0,0,0.0,0.0,0.0,0.0,0.0,0,0,0,0,0.0,0,0,0,0,0,0,0,0,0,0,0,0,0,0,0,0,0,0,0,0,0,0,0,0,0,0,0,0,0,0,0,0,0,0,0,0,0,0,0,0,0,0,0,0,0.0,0.0,0.0,0.0,0.0,0.0,0.0,0.0,0.0,0.0,0.0,0.0,0.0,0.0,0.0,0.0,0.0,0.0,0.0,0.0,0.0,0.0,-0.0,-2.004,-2.004,-0.0,0.0,0.0,0.0,0.0,3377.0,-0.0,0.0,0.0,-0.0,-0.0,2.7184274988523002e+23,0.0,0.0,0.0,0.0,0,-0.0,1.905674755852206e+17,0.0,0.0,0.0,0.0,0.0,0.0,0.0,0,0,0,0.0,0.0,0.0,0.0,0.0,0.0,0.0,0.0,0.0,0.0,0.0,0.0,0.0,0.0,0.0,0.0,0,-107875648.0,0,0.0,0,-107875648.0,-107877712.0,0,13107,17039,26215,17053,39322,17037,0,0,0,110,100,100,0.0,64.0,0.0,64.9,-107615304.0,68.5,1,49,50,180,0,26215,0,0,0.0,0.0,0.0,0.0,-27034884.0,65.0,0.0,-0.0,0.0,645,0,687,0,0,0,716,0,787,0,709,0,689,0,645,0,641,0,617,0.032,36962304.0,2.004,-107615152.0,32400,16788,-3628560707223552.0,-1.042908339681362e+17,-0.0,-1.1033396170905207e+21,1.35933689442935e+30,-775164555952128.0,29.0,60.0,70,0.0,0.0,0.0,0.0,0.0,0.0,0.0,0.0,0.0,0.0,0.0,0.0,0.0,0.0,0.0,0.0,59.2,68,11,65509,41,65476,0,300,0,0,8,20529,65476,0,0,61604,60.0,0.0,0.0,0.0,0.0,0.0
2026-04-04T11:33:36,ERR,ERR,ERR,ERR,ERR,ERR,ERR,ERR,ERR,ERR,ERR,ERR,ERR,ERR,ERR,ERR,ERR,ERR,ERR,ERR,ERR,ERR,ERR,ERR,ERR,ERR,ERR,ERR,ERR,ERR,ERR,ERR,ERR,ERR,ERR,ERR,ERR,ERR,ERR,ERR,ERR,ERR,ERR,ERR,ERR,ERR,ERR,ERR,ERR,ERR,ERR,ERR,ERR,ERR,ERR,ERR,ERR,ERR,ERR,ERR,ERR,ERR,ERR,ERR,ERR,ERR,ERR,ERR,ERR,ERR,ERR,ERR,ERR,ERR,ERR,ERR,ERR,ERR,ERR,ERR,ERR,ERR,ERR,ERR,ERR,ERR,ERR,ERR,ERR,ERR,ERR,ERR,ERR,ERR,ERR,ERR,ERR,ERR,ERR,ERR,ERR,ERR,ERR,ERR,ERR,ERR,ERR,ERR,ERR,ERR,ERR,ERR,ERR,ERR,ERR,ERR,ERR,ERR,ERR,ERR,ERR,ERR,ERR,ERR,ERR,0.0,-0.0,-101055584.0,0.0,0.0,0.0,0.0,nan,0,0,0,32768,0,0.0,0,0.0,0.0,0.0,0.0,0.0,0,0,0,0,0.0,0,0,0,0,0,0,0,0,0,0,0,0,0,0,0,0,0,0,0,0,0,0,0,0,0,0,0,0,0,0,0,0,0,0,0,0,0,0,0,0,0,0,0,0,0.0,0.0,0.0,0.0,0.0,0.0,0.0,0.0,0.0,0.0,0.0,0.0,0.0,0.0,0.0,0.0,0.0,0.0,0.0,0.0,0.0,0.0,-0.0,-2.004,-2.004,-0.0,0.0,0.0,0.0,0.0,3377.0,-0.0,0.0,0.0,-0.0,-0.0,2.7184274988523002e+23,0.0,0.0,0.0,0.0,0,-0.0,1.905674755852206e+17,0.0,0.0,0.0,0.0,0.0,0.0,0.0,0,0,0,0.0,0.0,0.0,0.0,0.0,0.0,0.0,0.0,0.0,0.0,0.0,0.0,0.0,0.0,0.0,0.0,0,-107875648.0,0,0.0,0,-107875648.0,-107877712.0,0,13107,17039,26215,17053,39322,17037,0,0,0,110,100,100,0.0,64.0,0.0,64.9,-107615304.0,68.5,1,49,50,180,0,26215,0,0,0.0,0.0,0.0,0.0,-27034884.0,65.0,0.0,-0.0,0.0,645,0,687,0,0,0,716,0,787,0,709,0,689,0,645,0,641,0,617,0.032,36962304.0,2.004,-107615152.0,32400,16788,-3628560707223552.0,-1.042908339681362e+17,-0.0,-1.1033396170905207e+21,1.35933689442935e+30,-775164555952128.0,29.0,60.0,70,0.0,0.0,0.0,0.0,0.0,0.0,0.0,0.0,0.0,0.0,0.0,0.0,0.0,0.0,0.0,0.0,59.2,68,11,65509,41,65476,0,300,0,0,8,20529,65476,0,0,61604,60.0,0.0,0.0,0.0,0.0,0.0
2026-04-04T11:33:37,ERR,ERR,ERR,ERR,ERR,ERR,ERR,ERR,ERR,ERR,ERR,ERR,ERR,ERR,ERR,ERR,ERR,ERR,ERR,ERR,ERR,ERR,ERR,ERR,ERR,ERR,ERR,ERR,ERR,ERR,ERR,ERR,ERR,ERR,ERR,ERR,ERR,ERR,ERR,ERR,ERR,ERR,ERR,ERR,ERR,ERR,ERR,ERR,ERR,ERR,ERR,ERR,ERR,ERR,ERR,ERR,ERR,ERR,ERR,ERR,ERR,ERR,ERR,ERR,ERR,ERR,ERR,ERR,ERR,ERR,ERR,ERR,ERR,ERR,ERR,ERR,ERR,ERR,ERR,ERR,ERR,ERR,ERR,ERR,ERR,ERR,ERR,ERR,ERR,ERR,ERR,ERR,ERR,ERR,ERR,ERR,ERR,ERR,ERR,ERR,ERR,ERR,ERR,ERR,ERR,ERR,ERR,ERR,ERR,ERR,ERR,ERR,ERR,ERR,ERR,ERR,ERR,ERR,ERR,ERR,ERR,ERR,ERR,ERR,ERR,0.0,-0.0,-101055584.0,0.0,0.0,0.0,0.0,nan,0,0,0,32768,0,0.0,0,0.0,0.0,0.0,0.0,0.0,0,0,0,0,0.0,0,0,0,0,0,0,0,0,0,0,0,0,0,0,0,0,0,0,0,0,0,0,0,0,0,0,0,0,0,0,0,0,0,0,0,0,0,0,0,0,0,0,0,0,0.0,0.0,0.0,0.0,0.0,0.0,0.0,0.0,0.0,0.0,0.0,0.0,0.0,0.0,0.0,0.0,0.0,0.0,0.0,0.0,0.0,0.0,-0.0,-2.004,-2.004,2.004,0.0,0.0,0.0,0.0,3378.0,-0.0,0.0,0.0,-0.0,-0.0,2.7184274988523002e+23,0.0,0.0,0.0,0.0,0,-0.0,4.066829101708843e+29,0.0,0.0,0.0,0.0,0.0,0.0,0.0,0,0,0,0.0,0.0,0.0,0.0,0.0,0.0,0.0,0.0,0.0,0.0,0.0,0.0,0.0,0.0,0.0,0.0,0,-107875648.0,0,0.0,0,-107875648.0,-107877712.0,0,13107,17039,26215,17053,39322,17037,0,0,0,110,100,100,0.0,64.0,0.0,64.9,-107615304.0,68.5,1,49,50,180,0,26215,0,0,0.0,0.0,0.0,0.0,-27034884.0,65.0,0.0,-0.0,0.0,645,0,687,0,0,0,716,0,787,0,709,0,689,0,645,0,641,0,617,0.032,36962304.0,2.004,-107615152.0,32400,16788,-3628560707223552.0,-1.042908339681362e+17,-0.0,-1.1033396170905207e+21,1.35933689442935e+30,-775164555952128.0,29.0,60.0,70,0.0,0.0,0.0,0.0,0.0,0.0,0.0,0.0,0.0,0.0,0.0,0.0,0.0,0.0,0.0,0.0,59.2,68,11,65509,41,65476,0,300,0,0,8,20529,65476,0,0,61604,60.0,0.0,0.0,0.0,0.0,0.0
2026-04-04T11:33:38,ERR,ERR,ERR,ERR,ERR,ERR,ERR,ERR,ERR,ERR,ERR,ERR,ERR,ERR,ERR,ERR,ERR,ERR,ERR,ERR,ERR,ERR,ERR,ERR,ERR,ERR,ERR,ERR,ERR,ERR,ERR,ERR,ERR,ERR,ERR,ERR,ERR,ERR,ERR,ERR,ERR,ERR,ERR,ERR,ERR,ERR,ERR,ERR,ERR,ERR,ERR,ERR,ERR,ERR,ERR,ERR,ERR,ERR,ERR,ERR,ERR,ERR,ERR,ERR,ERR,ERR,ERR,ERR,ERR,ERR,ERR,ERR,ERR,ERR,ERR,ERR,ERR,ERR,ERR,ERR,ERR,ERR,ERR,ERR,ERR,ERR,ERR,ERR,ERR,ERR,ERR,ERR,ERR,ERR,ERR,ERR,ERR,ERR,ERR,ERR,ERR,ERR,ERR,ERR,ERR,ERR,ERR,ERR,ERR,ERR,ERR,ERR,ERR,ERR,ERR,ERR,ERR,ERR,ERR,ERR,ERR,ERR,ERR,ERR,ERR,0.0,-0.0,-101055584.0,0.0,0.0,0.0,0.0,nan,0,0,0,32768,0,0.0,0,0.0,0.0,0.0,0.0,0.0,0,0,0,0,0.0,0,0,0,0,0,0,0,0,0,0,0,0,0,0,0,0,0,0,0,0,0,0,0,0,0,0,0,0,0,0,0,0,0,0,0,0,0,0,0,0,0,0,0,0,0.0,0.0,0.0,0.0,0.0,0.0,0.0,0.0,0.0,0.0,0.0,0.0,0.0,0.0,0.0,0.0,0.0,0.0,0.0,0.0,0.0,0.0,-0.0,-2.004,-2.004,2.004,0.0,0.0,0.0,0.0,3378.0,-0.0,0.0,0.0,-0.0,-0.0,2.7184274988523002e+23,0.0,0.0,0.0,0.0,0,-0.0,4.066829101708843e+29,0.0,0.0,0.0,0.0,0.0,0.0,0.0,0,0,0,0.0,0.0,0.0,0.0,0.0,0.0,0.0,0.0,0.0,0.0,0.0,0.0,0.0,0.0,0.0,0.0,0,-107875648.0,0,0.0,0,-107875648.0,-107877712.0,0,0,17039,26215,17053,39322,17037,0,0,0,110,100,100,0.0,64.0,0.0,64.9,-107615304.0,68.5,1,49,50,180,0,26215,0,0,0.0,0.0,0.0,0.0,-596680832.0,65.0,0.0,-0.0,0.0,645,0,687,0,0,0,715,0,787,0,708,0,689,0,645,0,641,0,617,0.032,36700160.0,2.004,-107615152.0,32400,16788,-84805219778560.0,-0.0,-0.0,2.2636969951587268e+26,2.6825460351710003e+17,-0.009,29.0,60.0,70,0.0,0.0,0.0,0.0,0.0,0.0,0.0,0.0,0.0,0.0,0.0,0.0,0.0,0.0,0.0,0.0,59.2,68,11,65509,41,65476,0,300,0,0,8,20529,65476,0,0,61604,60.0,0.0,0.0,0.0,0.0,0.0
2026-04-04T11:33:39,ERR,ERR,ERR,ERR,ERR,ERR,ERR,ERR,ERR,ERR,ERR,ERR,ERR,ERR,ERR,ERR,ERR,ERR,ERR,ERR,ERR,ERR,ERR,ERR,ERR,ERR,ERR,ERR,ERR,ERR,ERR,ERR,ERR,ERR,ERR,ERR,ERR,ERR,ERR,ERR,ERR,ERR,ERR,ERR,ERR,ERR,ERR,ERR,ERR,ERR,ERR,ERR,ERR,ERR,ERR,ERR,ERR,ERR,ERR,ERR,ERR,ERR,ERR,ERR,ERR,ERR,ERR,ERR,ERR,ERR,ERR,ERR,ERR,ERR,ERR,ERR,ERR,ERR,ERR,ERR,ERR,ERR,ERR,ERR,ERR,ERR,ERR,ERR,ERR,ERR,ERR,ERR,ERR,ERR,ERR,ERR,ERR,ERR,ERR,ERR,ERR,ERR,ERR,ERR,ERR,ERR,ERR,ERR,ERR,ERR,ERR,ERR,ERR,ERR,ERR,ERR,ERR,ERR,ERR,ERR,ERR,ERR,ERR,ERR,ERR,0.0,-0.0,-101055584.0,0.0,0.0,0.0,0.0,nan,0,0,0,32768,0,0.0,0,0.0,0.0,0.0,0.0,0.0,0,0,0,0,0.0,0,0,0,0,0,0,0,0,0,0,0,0,0,0,0,0,0,0,0,0,0,0,0,0,0,0,0,0,0,0,0,0,0,0,0,0,0,0,0,0,0,0,0,0,0.0,0.0,0.0,0.0,0.0,0.0,0.0,0.0,0.0,0.0,0.0,0.0,0.0,0.0,0.0,0.0,0.0,0.0,0.0,0.0,0.0,0.0,-0.0,-2.004,-2.004,2.004,0.0,0.0,0.0,0.0,3378.0,-0.0,0.0,0.0,-0.0,-0.0,2.7184274988523002e+23,0.0,0.0,0.0,0.0,0,-0.0,4.066829101708843e+29,0.0,0.0,0.0,0.0,0.0,0.0,0.0,0,0,0,0.0,0.0,0.0,0.0,0.0,0.0,0.0,0.0,0.0,0.0,0.0,0.0,0.0,0.0,0.0,0.0,0,-107875648.0,0,0.0,0,-107875648.0,-107877712.0,0,0,17039,26215,17053,39322,17037,0,0,0,110,100,100,0.0,64.0,0.0,64.9,-107615304.0,68.5,1,49,50,180,0,26215,0,0,0.0,0.0,0.0,0.0,-596680832.0,65.0,0.0,-0.0,0.0,645,0,687,0,0,0,715,0,787,0,708,0,689,0,645,0,641,0,617,0.032,36700160.0,2.004,-107615152.0,32400,16788,-84805219778560.0,-0.0,-0.0,2.2636969951587268e+26,2.6825460351710003e+17,-0.009,29.0,60.0,70,0.0,0.0,0.0,0.0,0.0,0.0,0.0,0.0,0.0,0.0,0.0,0.0,0.0,0.0,0.0,0.0,59.2,68,11,65509,41,65476,0,300,0,0,8,20529,65476,0,0,61604,60.0,0.0,0.0,0.0,0.0,0.0
2026-04-04T11:33:40,ERR,ERR,ERR,ERR,ERR,ERR,ERR,ERR,ERR,ERR,ERR,ERR,ERR,ERR,ERR,ERR,ERR,ERR,ERR,ERR,ERR,ERR,ERR,ERR,ERR,ERR,ERR,ERR,ERR,ERR,ERR,ERR,ERR,ERR,ERR,ERR,ERR,ERR,ERR,ERR,ERR,ERR,ERR,ERR,ERR,ERR,ERR,ERR,ERR,ERR,ERR,ERR,ERR,ERR,ERR,ERR,ERR,ERR,ERR,ERR,ERR,ERR,ERR,ERR,ERR,ERR,ERR,ERR,ERR,ERR,ERR,ERR,ERR,ERR,ERR,ERR,ERR,ERR,ERR,ERR,ERR,ERR,ERR,ERR,ERR,ERR,ERR,ERR,ERR,ERR,ERR,ERR,ERR,ERR,ERR,ERR,ERR,ERR,ERR,ERR,ERR,ERR,ERR,ERR,ERR,ERR,ERR,ERR,ERR,ERR,ERR,ERR,ERR,ERR,ERR,ERR,ERR,ERR,ERR,ERR,ERR,ERR,ERR,ERR,ERR,0.0,-0.0,-101055584.0,0.0,0.0,0.0,0.0,nan,0,0,0,32768,0,0.0,0,0.0,0.0,0.0,0.0,0.0,0,0,0,0,0.0,0,0,0,0,0,0,0,0,0,0,0,0,0,0,0,0,0,0,0,0,0,0,0,0,0,0,0,0,0,0,0,0,0,0,0,0,0,0,0,0,0,0,0,0,0.0,0.0,0.0,0.0,0.0,0.0,0.0,0.0,0.0,0.0,0.0,0.0,0.0,0.0,0.0,0.0,0.0,0.0,0.0,0.0,0.0,0.0,-0.0,-2.004,-2.004,2.004,0.0,0.0,0.0,0.0,3378.0,-0.0,0.0,0.0,-0.0,-0.0,2.7184274988523002e+23,0.0,0.0,0.0,0.0,0,-0.0,4.066829101708843e+29,0.0,0.0,0.0,0.0,0.0,0.0,0.0,0,0,0,0.0,0.0,0.0,0.0,0.0,0.0,0.0,0.0,0.0,0.0,0.0,0.0,0.0,0.0,0.0,0.0,0,-107875648.0,0,0.0,0,-107875648.0,-107877712.0,0,0,17039,26215,17053,39322,17037,0,0,0,110,100,100,0.0,64.0,0.0,64.9,-107615304.0,68.5,1,49,50,180,0,26215,0,0,0.0,0.0,0.0,0.0,-596680832.0,65.0,0.0,-0.0,0.0,645,0,687,0,0,0,715,0,787,0,708,0,689,0,645,0,641,0,617,0.032,36700160.0,2.004,-107615152.0,32400,16788,-84805219778560.0,-0.0,-0.0,2.2636969951587268e+26,2.6825460351710003e+17,-0.009,29.0,60.0,70,0.0,0.0,0.0,0.0,0.0,0.0,0.0,0.0,0.0,0.0,0.0,0.0,0.0,0.0,0.0,0.0,59.2,68,11,65509,41,65476,0,300,0,0,8,20529,65476,0,0,61604,60.0,0.0,0.0,0.0,0.0,0.0
2026-04-04T11:33:41,ERR,ERR,ERR,ERR,ERR,ERR,ERR,ERR,ERR,ERR,ERR,ERR,ERR,ERR,ERR,ERR,ERR,ERR,ERR,ERR,ERR,ERR,ERR,ERR,ERR,ERR,ERR,ERR,ERR,ERR,ERR,ERR,ERR,ERR,ERR,ERR,ERR,ERR,ERR,ERR,ERR,ERR,ERR,ERR,ERR,ERR,ERR,ERR,ERR,ERR,ERR,ERR,ERR,ERR,ERR,ERR,ERR,ERR,ERR,ERR,ERR,ERR,ERR,ERR,ERR,ERR,ERR,ERR,ERR,ERR,ERR,ERR,ERR,ERR,ERR,ERR,ERR,ERR,ERR,ERR,ERR,ERR,ERR,ERR,ERR,ERR,ERR,ERR,ERR,ERR,ERR,ERR,ERR,ERR,ERR,ERR,ERR,ERR,ERR,ERR,ERR,ERR,ERR,ERR,ERR,ERR,ERR,ERR,ERR,ERR,ERR,ERR,ERR,ERR,ERR,ERR,ERR,ERR,ERR,ERR,ERR,ERR,ERR,ERR,ERR,0.0,-0.0,-101055584.0,0.0,0.0,0.0,0.0,nan,0,0,0,32768,0,0.0,0,0.0,0.0,0.0,0.0,0.0,0,0,0,0,0.0,0,0,0,0,0,0,0,0,0,0,0,0,0,0,0,0,0,0,0,0,0,0,0,0,0,0,0,0,0,0,0,0,0,0,0,0,0,0,0,0,0,0,0,0,0.0,0.0,0.0,0.0,0.0,0.0,0.0,0.0,0.0,0.0,0.0,0.0,0.0,0.0,0.0,0.0,0.0,0.0,0.0,0.0,0.0,0.0,-0.0,-2.004,-2.004,2.004,0.0,0.0,0.0,0.0,3378.0,-0.0,0.0,0.0,-0.0,-0.0,2.7184274988523002e+23,0.0,0.0,0.0,0.0,0,-0.0,4.066829101708843e+29,0.0,0.0,0.0,0.0,0.0,0.0,0.0,0,0,0,0.0,0.0,0.0,0.0,0.0,0.0,0.0,0.0,0.0,0.0,0.0,0.0,0.0,0.0,0.0,0.0,0,-107875648.0,0,0.0,0,-107875648.0,-107877712.0,0,0,17039,26215,17053,39322,17037,0,0,0,110,100,100,0.0,64.0,0.0,64.9,-107615304.0,68.5,1,49,50,180,0,26215,0,0,0.0,0.0,0.0,0.0,-596680832.0,65.0,0.0,-0.0,0.0,645,0,687,0,0,0,715,0,787,0,708,0,689,0,645,0,641,0,617,0.032,36700160.0,2.004,-107615152.0,32400,16788,-84805219778560.0,-0.0,-0.0,2.2636969951587268e+26,2.6825460351710003e+17,-0.009,29.0,60.0,70,0.0,0.0,0.0,0.0,0.0,0.0,0.0,0.0,0.0,0.0,0.0,0.0,0.0,0.0,0.0,0.0,59.2,68,11,65509,41,65476,0,300,0,0,8,20529,65476,0,0,61604,60.0,0.0,0.0,0.0,0.0,0.0
2026-04-04T11:33:42,ERR,ERR,ERR,ERR,ERR,ERR,ERR,ERR,ERR,ERR,ERR,ERR,ERR,ERR,ERR,ERR,ERR,ERR,ERR,ERR,ERR,ERR,ERR,ERR,ERR,ERR,ERR,ERR,ERR,ERR,ERR,ERR,ERR,ERR,ERR,ERR,ERR,ERR,ERR,ERR,ERR,ERR,ERR,ERR,ERR,ERR,ERR,ERR,ERR,ERR,ERR,ERR,ERR,ERR,ERR,ERR,ERR,ERR,ERR,ERR,ERR,ERR,ERR,ERR,ERR,ERR,ERR,ERR,ERR,ERR,ERR,ERR,ERR,ERR,ERR,ERR,ERR,ERR,ERR,ERR,ERR,ERR,ERR,ERR,ERR,ERR,ERR,ERR,ERR,ERR,ERR,ERR,ERR,ERR,ERR,ERR,ERR,ERR,ERR,ERR,ERR,ERR,ERR,ERR,ERR,ERR,ERR,ERR,ERR,ERR,ERR,ERR,ERR,ERR,ERR,ERR,ERR,ERR,ERR,ERR,ERR,ERR,ERR,ERR,ERR,0.0,-0.0,-101055584.0,0.0,0.0,0.0,0.0,nan,0,0,0,32768,0,0.0,0,0.0,0.0,0.0,0.0,0.0,0,0,0,0,0.0,0,0,0,0,0,0,0,0,0,0,0,0,0,0,0,0,0,0,0,0,0,0,0,0,0,0,0,0,0,0,0,0,0,0,0,0,0,0,0,0,0,0,0,0,0.0,0.0,0.0,0.0,0.0,0.0,0.0,0.0,0.0,0.0,0.0,0.0,0.0,0.0,0.0,0.0,0.0,0.0,0.0,0.0,0.0,0.0,-0.0,-2.004,-2.004,2.004,0.0,0.0,0.0,0.0,3378.0,-0.0,0.0,0.0,-0.0,-0.0,2.7184274988523002e+23,0.0,0.0,0.0,0.0,0,-0.0,4.066829101708843e+29,0.0,0.0,0.0,0.0,0.0,0.0,0.0,0,0,0,0.0,0.0,0.0,0.0,0.0,0.0,0.0,0.0,0.0,0.0,0.0,0.0,0.0,0.0,0.0,0.0,0,-107875648.0,0,0.0,0,-107875648.0,-107877712.0,0,0,17039,26215,17053,39322,17037,0,0,0,110,100,100,0.0,64.0,0.0,64.9,-107615304.0,68.5,1,49,50,180,0,26215,0,0,0.0,0.0,0.0,0.0,-596680832.0,65.0,0.0,-0.0,0.0,645,0,687,0,0,0,715,0,787,0,708,0,689,0,645,0,641,0,617,0.032,36700160.0,2.004,-107615152.0,32400,16788,-84805219778560.0,-0.0,-0.0,2.2636969951587268e+26,2.6825460351710003e+17,-0.009,29.0,60.0,70,0.0,0.0,0.0,0.0,0.0,0.0,0.0,0.0,0.0,0.0,0.0,0.0,0.0,0.0,0.0,0.0,59.6,68,11,65509,41,65476,0,300,0,0,8,20529,65476,0,0,61604,60.0,0.0,0.0,0.0,0.0,0.0
2026-04-04T11:33:43,ERR,ERR,ERR,ERR,ERR,ERR,ERR,ERR,ERR,ERR,ERR,ERR,ERR,ERR,ERR,ERR,ERR,ERR,ERR,ERR,ERR,ERR,ERR,ERR,ERR,ERR,ERR,ERR,ERR,ERR,ERR,ERR,ERR,ERR,ERR,ERR,ERR,ERR,ERR,ERR,ERR,ERR,ERR,ERR,ERR,ERR,ERR,ERR,ERR,ERR,ERR,ERR,ERR,ERR,ERR,ERR,ERR,ERR,ERR,ERR,ERR,ERR,ERR,ERR,ERR,ERR,ERR,ERR,ERR,ERR,ERR,ERR,ERR,ERR,ERR,ERR,ERR,ERR,ERR,ERR,ERR,ERR,ERR,ERR,ERR,ERR,ERR,ERR,ERR,ERR,ERR,ERR,ERR,ERR,ERR,ERR,ERR,ERR,ERR,ERR,ERR,ERR,ERR,ERR,ERR,ERR,ERR,ERR,ERR,ERR,ERR,ERR,ERR,ERR,ERR,ERR,ERR,ERR,ERR,ERR,ERR,ERR,ERR,ERR,ERR,0.0,-0.0,-101055584.0,0.0,0.0,0.0,0.0,nan,0,0,0,32768,0,0.0,0,0.0,0.0,0.0,0.0,0.0,0,0,0,0,0.0,0,0,0,0,0,0,0,0,0,0,0,0,0,0,0,0,0,0,0,0,0,0,0,0,0,0,0,0,0,0,0,0,0,0,0,0,0,0,0,0,0,0,0,0,0.0,0.0,0.0,0.0,0.0,0.0,0.0,0.0,0.0,0.0,0.0,0.0,0.0,0.0,0.0,0.0,0.0,0.0,0.0,0.0,0.0,0.0,-0.0,-2.004,-2.004,2.004,0.0,0.0,0.0,0.0,3378.0,-0.0,0.0,0.0,-0.0,-0.0,2.7184274988523002e+23,0.0,0.0,0.0,0.0,0,-0.0,4.066829101708843e+29,0.0,0.0,0.0,0.0,0.0,0.0,0.0,0,0,0,0.0,0.0,0.0,0.0,0.0,0.0,0.0,0.0,0.0,0.0,0.0,0.0,0.0,0.0,0.0,0.0,0,-107875648.0,0,0.0,0,-107875648.0,-107877712.0,0,0,17039,26215,17053,39322,17037,0,0,0,110,100,100,0.0,64.0,0.0,64.9,-107615304.0,68.5,1,49,50,180,0,26215,0,0,0.0,0.0,0.0,0.0,-596680832.0,65.0,0.0,-0.0,0.0,645,0,687,0,0,0,715,0,787,0,708,0,689,0,645,0,641,0,617,0.032,36700160.0,2.004,-107615152.0,32400,16788,-84805219778560.0,-0.0,-0.0,2.2636969951587268e+26,2.6825460351710003e+17,-0.009,29.0,60.0,70,0.0,0.0,0.0,0.0,0.0,0.0,0.0,0.0,0.0,0.0,0.0,0.0,0.0,0.0,0.0,0.0,59.6,68,11,65509,41,65476,0,300,0,0,8,20529,65476,0,0,61604,60.0,0.0,0.0,0.0,0.0,0.0
2026-04-04T11:33:44,ERR,ERR,ERR,ERR,ERR,ERR,ERR,ERR,ERR,ERR,ERR,ERR,ERR,ERR,ERR,ERR,ERR,ERR,ERR,ERR,ERR,ERR,ERR,ERR,ERR,ERR,ERR,ERR,ERR,ERR,ERR,ERR,ERR,ERR,ERR,ERR,ERR,ERR,ERR,ERR,ERR,ERR,ERR,ERR,ERR,ERR,ERR,ERR,ERR,ERR,ERR,ERR,ERR,ERR,ERR,ERR,ERR,ERR,ERR,ERR,ERR,ERR,ERR,ERR,ERR,ERR,ERR,ERR,ERR,ERR,ERR,ERR,ERR,ERR,ERR,ERR,ERR,ERR,ERR,ERR,ERR,ERR,ERR,ERR,ERR,ERR,ERR,ERR,ERR,ERR,ERR,ERR,ERR,ERR,ERR,ERR,ERR,ERR,ERR,ERR,ERR,ERR,ERR,ERR,ERR,ERR,ERR,ERR,ERR,ERR,ERR,ERR,ERR,ERR,ERR,ERR,ERR,ERR,ERR,ERR,ERR,ERR,ERR,ERR,ERR,0.0,-0.0,-101055584.0,0.0,0.0,0.0,0.0,nan,0,0,0,32768,0,0.0,0,0.0,0.0,0.0,0.0,0.0,0,0,0,0,0.0,0,0,0,0,0,0,0,0,0,0,0,0,0,0,0,0,0,0,0,0,0,0,0,0,0,0,0,0,0,0,0,0,0,0,0,0,0,0,0,0,0,0,0,0,0.0,0.0,0.0,0.0,0.0,0.0,0.0,0.0,0.0,0.0,0.0,0.0,0.0,0.0,0.0,0.0,0.0,0.0,0.0,0.0,0.0,0.0,-0.0,-2.004,-2.004,2.004,0.0,0.0,0.0,0.0,3378.0,-0.0,0.0,0.0,-0.0,-0.0,2.7184274988523002e+23,0.0,0.0,0.0,0.0,0,-0.0,4.066829101708843e+29,0.0,0.0,0.0,0.0,0.0,0.0,0.0,0,0,0,0.0,0.0,0.0,0.0,0.0,0.0,0.0,0.0,0.0,0.0,0.0,0.0,0.0,0.0,0.0,0.0,0,-107875648.0,0,0.0,0,-107875648.0,-107877712.0,0,13107,17039,26215,17053,39322,17037,0,0,0,110,100,100,0.0,64.0,0.0,64.9,-107615304.0,68.5,1,49,50,180,0,26215,0,0,0.0,0.0,0.0,0.0,-128133.016,65.0,0.0,1.1678721494914999e+32,0.0,645,0,687,0,0,0,715,0,787,0,708,0,689,0,645,0,641,0,617,0.032,36700160.0,2.004,-107615152.0,42128,16788,-52802.508,-0.0,28448.311,387574728228864.0,0.0,-0.0,29.0,60.0,70,0.0,0.0,0.0,0.0,0.0,0.0,0.0,0.0,0.0,0.0,0.0,0.0,0.0,0.0,0.0,0.0,59.6,68,11,65509,41,65476,0,300,0,0,8,20529,65476,0,0,61604,60.0,0.0,0.0,0.0,0.0,0.0
2026-04-04T11:33:45,ERR,ERR,ERR,ERR,ERR,ERR,ERR,ERR,ERR,ERR,ERR,ERR,ERR,ERR,ERR,ERR,ERR,ERR,ERR,ERR,ERR,ERR,ERR,ERR,ERR,ERR,ERR,ERR,ERR,ERR,ERR,ERR,ERR,ERR,ERR,ERR,ERR,ERR,ERR,ERR,ERR,ERR,ERR,ERR,ERR,ERR,ERR,ERR,ERR,ERR,ERR,ERR,ERR,ERR,ERR,ERR,ERR,ERR,ERR,ERR,ERR,ERR,ERR,ERR,ERR,ERR,ERR,ERR,ERR,ERR,ERR,ERR,ERR,ERR,ERR,ERR,ERR,ERR,ERR,ERR,ERR,ERR,ERR,ERR,ERR,ERR,ERR,ERR,ERR,ERR,ERR,ERR,ERR,ERR,ERR,ERR,ERR,ERR,ERR,ERR,ERR,ERR,ERR,ERR,ERR,ERR,ERR,ERR,ERR,ERR,ERR,ERR,ERR,ERR,ERR,ERR,ERR,ERR,ERR,ERR,ERR,ERR,ERR,ERR,ERR,0.0,-0.0,-101055584.0,0.0,0.0,0.0,0.0,nan,0,0,0,32768,0,0.0,0,0.0,0.0,0.0,0.0,0.0,0,0,0,0,0.0,0,0,0,0,0,0,0,0,0,0,0,0,0,0,0,0,0,0,0,0,0,0,0,0,0,0,0,0,0,0,0,0,0,0,0,0,0,0,0,0,0,0,0,0,0.0,0.0,0.0,0.0,0.0,0.0,0.0,0.0,0.0,0.0,0.0,0.0,0.0,0.0,0.0,0.0,0.0,0.0,0.0,0.0,0.0,0.0,-0.0,-2.004,-2.004,2.004,0.0,0.0,0.0,0.0,3378.0,-0.0,0.0,0.0,-0.0,-0.0,2.7184274988523002e+23,0.0,0.0,0.0,0.0,0,-0.0,4.066829101708843e+29,0.0,0.0,0.0,0.0,0.0,0.0,0.0,0,0,0,0.0,0.0,0.0,0.0,0.0,0.0,0.0,0.0,0.0,0.0,0.0,0.0,0.0,0.0,0.0,0.0,0,-107875648.0,0,0.0,0,-107875648.0,-107877712.0,0,13107,17039,26215,17053,39322,17037,0,0,0,110,100,100,0.0,64.0,0.0,64.9,-107615304.0,68.5,1,49,50,180,0,26215,0,0,0.0,0.0,0.0,0.0,-128133.016,65.0,0.0,1.1678721494914999e+32,0.0,645,0,687,0,0,0,715,0,787,0,708,0,689,0,645,0,641,0,617,0.032,36700160.0,2.004,-107615152.0,42128,16788,-52802.508,-0.0,28448.311,387574728228864.0,0.0,-0.0,29.0,60.0,70,0.0,0.0,0.0,0.0,0.0,0.0,0.0,0.0,0.0,0.0,0.0,0.0,0.0,0.0,0.0,0.0,59.6,68,11,65509,41,65476,0,300,0,0,8,20529,65476,0,0,61604,60.0,0.0,0.0,0.0,0.0,0.0
2026-04-04T11:33:46,ERR,ERR,ERR,ERR,ERR,ERR,ERR,ERR,ERR,ERR,ERR,ERR,ERR,ERR,ERR,ERR,ERR,ERR,ERR,ERR,ERR,ERR,ERR,ERR,ERR,ERR,ERR,ERR,ERR,ERR,ERR,ERR,ERR,ERR,ERR,ERR,ERR,ERR,ERR,ERR,ERR,ERR,ERR,ERR,ERR,ERR,ERR,ERR,ERR,ERR,ERR,ERR,ERR,ERR,ERR,ERR,ERR,ERR,ERR,ERR,ERR,ERR,ERR,ERR,ERR,ERR,ERR,ERR,ERR,ERR,ERR,ERR,ERR,ERR,ERR,ERR,ERR,ERR,ERR,ERR,ERR,ERR,ERR,ERR,ERR,ERR,ERR,ERR,ERR,ERR,ERR,ERR,ERR,ERR,ERR,ERR,ERR,ERR,ERR,ERR,ERR,ERR,ERR,ERR,ERR,ERR,ERR,ERR,ERR,ERR,ERR,ERR,ERR,ERR,ERR,ERR,ERR,ERR,ERR,ERR,ERR,ERR,ERR,ERR,ERR,0.0,-0.0,-101055584.0,0.0,0.0,0.0,0.0,nan,0,0,0,32768,0,0.0,0,0.0,0.0,0.0,0.0,0.0,0,0,0,0,0.0,0,0,0,0,0,0,0,0,0,0,0,0,0,0,0,0,0,0,0,0,0,0,0,0,0,0,0,0,0,0,0,0,0,0,0,0,0,0,0,0,0,0,0,0,0.0,0.0,0.0,0.0,0.0,0.0,0.0,0.0,0.0,0.0,0.0,0.0,0.0,0.0,0.0,0.0,0.0,0.0,0.0,0.0,0.0,0.0,-0.0,-2.004,-2.004,-0.0,0.0,0.0,0.0,0.0,3379.0,8608107520.0,0.0,0.0,-0.0,-0.0,2.7184274988523002e+23,0.0,0.0,0.0,0.0,0,-0.0,0.059,0.0,0.0,0.0,0.0,0.0,0.0,0.0,0,0,0,0.0,0.0,0.0,0.0,0.0,0.0,0.0,0.0,0.0,0.0,0.0,0.0,0.0,0.0,0.0,0.0,0,-107875648.0,0,0.0,0,-107875648.0,-107877712.0,0,13107,17039,26215,17053,39322,17037,0,0,0,110,100,100,0.0,64.0,0.0,64.9,-107615304.0,68.5,1,49,50,180,0,26215,0,0,0.0,0.0,0.0,0.0,-128133.016,65.0,0.0,1.1678721494914999e+32,0.0,645,0,687,0,0,0,715,0,787,0,708,0,689,0,645,0,641,0,617,0.032,36700160.0,2.004,-107615152.0,42128,16788,-52802.508,-0.0,28448.311,387574728228864.0,0.0,-0.0,29.0,60.0,70,0.0,0.0,0.0,0.0,0.0,0.0,0.0,0.0,0.0,0.0,0.0,0.0,0.0,0.0,0.0,0.0,59.6,68,11,65509,41,65476,0,300,0,0,8,20529,65476,0,0,61604,60.0,0.0,0.0,0.0,0.0,0.0
2026-04-04T11:33:47,ERR,ERR,ERR,ERR,ERR,ERR,ERR,ERR,ERR,ERR,ERR,ERR,ERR,ERR,ERR,ERR,ERR,ERR,ERR,ERR,ERR,ERR,ERR,ERR,ERR,ERR,ERR,ERR,ERR,ERR,ERR,ERR,ERR,ERR,ERR,ERR,ERR,ERR,ERR,ERR,ERR,ERR,ERR,ERR,ERR,ERR,ERR,ERR,ERR,ERR,ERR,ERR,ERR,ERR,ERR,ERR,ERR,ERR,ERR,ERR,ERR,ERR,ERR,ERR,ERR,ERR,ERR,ERR,ERR,ERR,ERR,ERR,ERR,ERR,ERR,ERR,ERR,ERR,ERR,ERR,ERR,ERR,ERR,ERR,ERR,ERR,ERR,ERR,ERR,ERR,ERR,ERR,ERR,ERR,ERR,ERR,ERR,ERR,ERR,ERR,ERR,ERR,ERR,ERR,ERR,ERR,ERR,ERR,ERR,ERR,ERR,ERR,ERR,ERR,ERR,ERR,ERR,ERR,ERR,ERR,ERR,ERR,ERR,ERR,ERR,0.0,-0.0,-101055584.0,0.0,0.0,0.0,0.0,nan,0,0,0,32768,0,0.0,0,0.0,0.0,0.0,0.0,0.0,0,0,0,0,0.0,0,0,0,0,0,0,0,0,0,0,0,0,0,0,0,0,0,0,0,0,0,0,0,0,0,0,0,0,0,0,0,0,0,0,0,0,0,0,0,0,0,0,0,0,0.0,0.0,0.0,0.0,0.0,0.0,0.0,0.0,0.0,0.0,0.0,0.0,0.0,0.0,0.0,0.0,0.0,0.0,0.0,0.0,0.0,0.0,-0.0,-2.004,-2.004,-0.0,0.0,0.0,0.0,0.0,3379.0,8608107520.0,0.0,0.0,-0.0,-0.0,2.7184274988523002e+23,0.0,0.0,0.0,0.0,0,-0.0,0.059,0.0,0.0,0.0,0.0,0.0,0.0,0.0,0,0,0,0.0,0.0,0.0,0.0,0.0,0.0,0.0,0.0,0.0,0.0,0.0,0.0,0.0,0.0,0.0,0.0,0,-107875648.0,0,0.0,0,-107875648.0,-107877712.0,0,13107,17039,26215,17053,39322,17037,0,0,0,110,100,100,0.0,64.0,0.0,64.9,-107615304.0,68.5,1,49,50,180,0,26215,0,0,0.0,0.0,0.0,0.0,-128133.016,65.0,0.0,1.1678721494914999e+32,0.0,645,0,687,0,0,0,715,0,787,0,708,0,689,0,645,0,641,0,617,0.032,36700160.0,2.004,-107615152.0,42128,16788,-52802.508,-0.0,28448.311,387574728228864.0,0.0,-0.0,29.0,60.0,70,0.0,0.0,0.0,0.0,0.0,0.0,0.0,0.0,0.0,0.0,0.0,0.0,0.0,0.0,0.0,0.0,59.2,68,11,65509,41,65476,0,300,0,0,8,20529,65476,0,0,61604,60.0,0.0,0.0,0.0,0.0,0.0
2026-04-04T11:33:48,ERR,ERR,ERR,ERR,ERR,ERR,ERR,ERR,ERR,ERR,ERR,ERR,ERR,ERR,ERR,ERR,ERR,ERR,ERR,ERR,ERR,ERR,ERR,ERR,ERR,ERR,ERR,ERR,ERR,ERR,ERR,ERR,ERR,ERR,ERR,ERR,ERR,ERR,ERR,ERR,ERR,ERR,ERR,ERR,ERR,ERR,ERR,ERR,ERR,ERR,ERR,ERR,ERR,ERR,ERR,ERR,ERR,ERR,ERR,ERR,ERR,ERR,ERR,ERR,ERR,ERR,ERR,ERR,ERR,ERR,ERR,ERR,ERR,ERR,ERR,ERR,ERR,ERR,ERR,ERR,ERR,ERR,ERR,ERR,ERR,ERR,ERR,ERR,ERR,ERR,ERR,ERR,ERR,ERR,ERR,ERR,ERR,ERR,ERR,ERR,ERR,ERR,ERR,ERR,ERR,ERR,ERR,ERR,ERR,ERR,ERR,ERR,ERR,ERR,ERR,ERR,ERR,ERR,ERR,ERR,ERR,ERR,ERR,ERR,ERR,0.0,-0.0,-101055584.0,0.0,0.0,0.0,0.0,nan,0,0,0,32768,0,0.0,0,0.0,0.0,0.0,0.0,0.0,0,0,0,0,0.0,0,0,0,0,0,0,0,0,0,0,0,0,0,0,0,0,0,0,0,0,0,0,0,0,0,0,0,0,0,0,0,0,0,0,0,0,0,0,0,0,0,0,0,0,0.0,0.0,0.0,0.0,0.0,0.0,0.0,0.0,0.0,0.0,0.0,0.0,0.0,0.0,0.0,0.0,0.0,0.0,0.0,0.0,0.0,0.0,-0.0,-2.004,-2.004,-0.0,0.0,0.0,0.0,0.0,3379.0,8608107520.0,0.0,0.0,-0.0,-0.0,2.7184274988523002e+23,0.0,0.0,0.0,0.0,0,-0.0,0.059,0.0,0.0,0.0,0.0,0.0,0.0,0.0,0,0,0,0.0,0.0,0.0,0.0,0.0,0.0,0.0,0.0,0.0,0.0,0.0,0.0,0.0,0.0,0.0,0.0,0,-107875648.0,0,0.0,0,-107875648.0,-107877712.0,0,13107,17039,26215,17053,39322,17037,0,0,0,110,100,100,0.0,64.0,0.0,64.9,-107615304.0,68.5,1,49,50,180,0,26215,0,0,0.0,0.0,0.0,0.0,-128133.016,65.0,0.0,1.1678721494914999e+32,0.0,645,0,687,0,0,0,715,0,787,0,708,0,689,0,645,0,641,0,617,0.032,36700160.0,2.004,-107615152.0,42128,16788,-52802.508,-0.0,28448.311,387574728228864.0,0.0,-0.0,29.0,60.0,70,0.0,0.0,0.0,0.0,0.0,0.0,0.0,0.0,0.0,0.0,0.0,0.0,0.0,0.0,0.0,0.0,59.2,68,11,65509,41,65476,0,300,0,0,8,20529,65476,0,0,61604,60.0,0.0,0.0,0.0,0.0,0.0
2026-04-04T11:33:49,ERR,ERR,ERR,ERR,ERR,ERR,ERR,ERR,ERR,ERR,ERR,ERR,ERR,ERR,ERR,ERR,ERR,ERR,ERR,ERR,ERR,ERR,ERR,ERR,ERR,ERR,ERR,ERR,ERR,ERR,ERR,ERR,ERR,ERR,ERR,ERR,ERR,ERR,ERR,ERR,ERR,ERR,ERR,ERR,ERR,ERR,ERR,ERR,ERR,ERR,ERR,ERR,ERR,ERR,ERR,ERR,ERR,ERR,ERR,ERR,ERR,ERR,ERR,ERR,ERR,ERR,ERR,ERR,ERR,ERR,ERR,ERR,ERR,ERR,ERR,ERR,ERR,ERR,ERR,ERR,ERR,ERR,ERR,ERR,ERR,ERR,ERR,ERR,ERR,ERR,ERR,ERR,ERR,ERR,ERR,ERR,ERR,ERR,ERR,ERR,ERR,ERR,ERR,ERR,ERR,ERR,ERR,ERR,ERR,ERR,ERR,ERR,ERR,ERR,ERR,ERR,ERR,ERR,ERR,ERR,ERR,ERR,ERR,ERR,ERR,0.0,-0.0,-101055584.0,0.0,0.0,0.0,0.0,nan,0,0,0,32768,0,0.0,0,0.0,0.0,0.0,0.0,0.0,0,0,0,0,0.0,0,0,0,0,0,0,0,0,0,0,0,0,0,0,0,0,0,0,0,0,0,0,0,0,0,0,0,0,0,0,0,0,0,0,0,0,0,0,0,0,0,0,0,0,0.0,0.0,0.0,0.0,0.0,0.0,0.0,0.0,0.0,0.0,0.0,0.0,0.0,0.0,0.0,0.0,0.0,0.0,0.0,0.0,0.0,0.0,-0.0,-2.004,-2.004,-0.0,0.0,0.0,0.0,0.0,3379.0,8608107520.0,0.0,0.0,-0.0,-0.0,2.7184274988523002e+23,0.0,0.0,0.0,0.0,0,-0.0,0.059,0.0,0.0,0.0,0.0,0.0,0.0,0.0,0,0,0,0.0,0.0,0.0,0.0,0.0,0.0,0.0,0.0,0.0,0.0,0.0,0.0,0.0,0.0,0.0,0.0,0,-107875648.0,0,0.0,0,-107875648.0,-107877712.0,0,13107,17039,26215,17053,39322,17037,0,0,0,110,100,100,0.0,64.0,0.0,64.9,-107615304.0,68.5,1,49,50,180,0,26215,0,0,0.0,0.0,0.0,0.0,-128133.016,65.0,0.0,1.1678721494914999e+32,0.0,645,0,687,0,0,0,715,0,787,0,708,0,689,0,645,0,641,0,617,0.032,36700160.0,2.004,-107615152.0,42128,16788,-52802.508,-0.0,28448.311,387574728228864.0,0.0,-0.0,29.0,60.0,70,0.0,0.0,0.0,0.0,0.0,0.0,0.0,0.0,0.0,0.0,0.0,0.0,0.0,0.0,0.0,0.0,59.2,68,11,65509,41,65476,0,300,0,0,8,20529,65476,0,0,61604,60.0,0.0,0.0,0.0,0.0,0.0
2026-04-04T11:33:50,ERR,ERR,ERR,ERR,ERR,ERR,ERR,ERR,ERR,ERR,ERR,ERR,ERR,ERR,ERR,ERR,ERR,ERR,ERR,ERR,ERR,ERR,ERR,ERR,ERR,ERR,ERR,ERR,ERR,ERR,ERR,ERR,ERR,ERR,ERR,ERR,ERR,ERR,ERR,ERR,ERR,ERR,ERR,ERR,ERR,ERR,ERR,ERR,ERR,ERR,ERR,ERR,ERR,ERR,ERR,ERR,ERR,ERR,ERR,ERR,ERR,ERR,ERR,ERR,ERR,ERR,ERR,ERR,ERR,ERR,ERR,ERR,ERR,ERR,ERR,ERR,ERR,ERR,ERR,ERR,ERR,ERR,ERR,ERR,ERR,ERR,ERR,ERR,ERR,ERR,ERR,ERR,ERR,ERR,ERR,ERR,ERR,ERR,ERR,ERR,ERR,ERR,ERR,ERR,ERR,ERR,ERR,ERR,ERR,ERR,ERR,ERR,ERR,ERR,ERR,ERR,ERR,ERR,ERR,ERR,ERR,ERR,ERR,ERR,ERR,0.0,-0.0,-101055584.0,0.0,0.0,0.0,0.0,nan,0,0,0,32768,0,0.0,0,0.0,0.0,0.0,0.0,0.0,0,0,0,0,0.0,0,0,0,0,0,0,0,0,0,0,0,0,0,0,0,0,0,0,0,0,0,0,0,0,0,0,0,0,0,0,0,0,0,0,0,0,0,0,0,0,0,0,0,0,0.0,0.0,0.0,0.0,0.0,0.0,0.0,0.0,0.0,0.0,0.0,0.0,0.0,0.0,0.0,0.0,0.0,0.0,0.0,0.0,0.0,0.0,-0.0,-2.004,-2.004,-0.0,0.0,0.0,0.0,0.0,3379.0,8608107520.0,0.0,0.0,-0.0,-0.0,2.7184274988523002e+23,0.0,0.0,0.0,0.0,0,-0.0,0.059,0.0,0.0,0.0,0.0,0.0,0.0,0.0,0,0,0,0.0,0.0,0.0,0.0,0.0,0.0,0.0,0.0,0.0,0.0,0.0,0.0,0.0,0.0,0.0,0.0,0,-107875648.0,0,0.0,0,-107875648.0,-107877712.0,0,0,17039,26215,17053,39322,17037,0,0,0,110,100,100,0.0,64.0,0.0,64.9,-107615304.0,68.5,1,49,50,180,0,26215,0,0,0.0,0.0,0.0,0.0,-2.493527931052126e+26,65.0,0.0,-0.0,0.0,645,0,687,0,0,0,715,0,787,0,708,0,689,0,645,0,641,0,617,0.032,36700160.0,2.004,-107615152.0,47504,16788,-1562460416.0,-0.0,1.828616745902072e+32,2.6331705676767303e+25,508051744.0,-0.0,29.0,60.0,70,0.0,0.0,0.0,0.0,0.0,0.0,0.0,0.0,0.0,0.0,0.0,0.0,0.0,0.0,0.0,0.0,59.2,68,11,65509,41,65476,0,300,0,0,8,20529,65476,0,0,61604,60.0,0.0,0.0,0.0,0.0,0.0
2026-04-04T11:33:51,ERR,ERR,ERR,ERR,ERR,ERR,ERR,ERR,ERR,ERR,ERR,ERR,ERR,ERR,ERR,ERR,ERR,ERR,ERR,ERR,ERR,ERR,ERR,ERR,ERR,ERR,ERR,ERR,ERR,ERR,ERR,ERR,ERR,ERR,ERR,ERR,ERR,ERR,ERR,ERR,ERR,ERR,ERR,ERR,ERR,ERR,ERR,ERR,ERR,ERR,ERR,ERR,ERR,ERR,ERR,ERR,ERR,ERR,ERR,ERR,ERR,ERR,ERR,ERR,ERR,ERR,ERR,ERR,ERR,ERR,ERR,ERR,ERR,ERR,ERR,ERR,ERR,ERR,ERR,ERR,ERR,ERR,ERR,ERR,ERR,ERR,ERR,ERR,ERR,ERR,ERR,ERR,ERR,ERR,ERR,ERR,ERR,ERR,ERR,ERR,ERR,ERR,ERR,ERR,ERR,ERR,ERR,ERR,ERR,ERR,ERR,ERR,ERR,ERR,ERR,ERR,ERR,ERR,ERR,ERR,ERR,ERR,ERR,ERR,ERR,0.0,-0.0,-101055584.0,0.0,0.0,0.0,0.0,nan,0,0,0,32768,0,0.0,0,0.0,0.0,0.0,0.0,0.0,0,0,0,0,0.0,0,0,0,0,0,0,0,0,0,0,0,0,0,0,0,0,0,0,0,0,0,0,0,0,0,0,0,0,0,0,0,0,0,0,0,0,0,0,0,0,0,0,0,0,0.0,0.0,0.0,0.0,0.0,0.0,0.0,0.0,0.0,0.0,0.0,0.0,0.0,0.0,0.0,0.0,0.0,0.0,0.0,0.0,0.0,0.0,-0.0,-2.004,-2.004,-0.0,0.0,0.0,0.0,0.0,3379.0,8608107520.0,0.0,0.0,-0.0,-0.0,2.7184274988523002e+23,0.0,0.0,0.0,0.0,0,-0.0,0.059,0.0,0.0,0.0,0.0,0.0,0.0,0.0,0,0,0,0.0,0.0,0.0,0.0,0.0,0.0,0.0,0.0,0.0,0.0,0.0,0.0,0.0,0.0,0.0,0.0,0,-107875648.0,0,0.0,0,-107875648.0,-107877712.0,0,0,17039,26215,17053,39322,17037,0,0,0,110,100,100,0.0,64.0,0.0,64.9,-107615304.0,68.5,1,49,50,180,0,26215,0,0,0.0,0.0,0.0,0.0,-2.493527931052126e+26,65.0,0.0,-0.0,0.0,645,0,687,0,0,0,715,0,787,0,708,0,689,0,645,0,641,0,617,0.032,36700160.0,2.004,-107615152.0,47504,16788,-1562460416.0,-0.0,1.828616745902072e+32,2.6331705676767303e+25,508051744.0,-0.0,29.0,60.0,70,0.0,0.0,0.0,0.0,0.0,0.0,0.0,0.0,0.0,0.0,0.0,0.0,0.0,0.0,0.0,0.0,59.2,68,11,65509,41,65476,0,300,0,0,8,20529,65476,0,0,61604,60.0,0.0,0.0,0.0,0.0,0.0
2026-04-04T11:33:52,ERR,ERR,ERR,ERR,ERR,ERR,ERR,ERR,ERR,ERR,ERR,ERR,ERR,ERR,ERR,ERR,ERR,ERR,ERR,ERR,ERR,ERR,ERR,ERR,ERR,ERR,ERR,ERR,ERR,ERR,ERR,ERR,ERR,ERR,ERR,ERR,ERR,ERR,ERR,ERR,ERR,ERR,ERR,ERR,ERR,ERR,ERR,ERR,ERR,ERR,ERR,ERR,ERR,ERR,ERR,ERR,ERR,ERR,ERR,ERR,ERR,ERR,ERR,ERR,ERR,ERR,ERR,ERR,ERR,ERR,ERR,ERR,ERR,ERR,ERR,ERR,ERR,ERR,ERR,ERR,ERR,ERR,ERR,ERR,ERR,ERR,ERR,ERR,ERR,ERR,ERR,ERR,ERR,ERR,ERR,ERR,ERR,ERR,ERR,ERR,ERR,ERR,ERR,ERR,ERR,ERR,ERR,ERR,ERR,ERR,ERR,ERR,ERR,ERR,ERR,ERR,ERR,ERR,ERR,ERR,ERR,ERR,ERR,ERR,ERR,0.0,-0.0,-101055584.0,0.0,0.0,0.0,0.0,nan,0,0,0,32768,0,0.0,0,0.0,0.0,0.0,0.0,0.0,0,0,0,0,0.0,0,0,0,0,0,0,0,0,0,0,0,0,0,0,0,0,0,0,0,0,0,0,0,0,0,0,0,0,0,0,0,0,0,0,0,0,0,0,0,0,0,0,0,0,0.0,0.0,0.0,0.0,0.0,0.0,0.0,0.0,0.0,0.0,0.0,0.0,0.0,0.0,0.0,0.0,0.0,0.0,0.0,0.0,0.0,0.0,-0.0,-2.004,-2.004,-0.0,0.0,0.0,0.0,0.0,3379.0,8608107520.0,0.0,0.0,-0.0,-0.0,2.7184274988523002e+23,0.0,0.0,0.0,0.0,0,-0.0,0.059,0.0,0.0,0.0,0.0,0.0,0.0,0.0,0,0,0,0.0,0.0,0.0,0.0,0.0,0.0,0.0,0.0,0.0,0.0,0.0,0.0,0.0,0.0,0.0,0.0,0,-107875648.0,0,0.0,0,-107875648.0,-107877712.0,0,0,17039,26215,17053,39322,17037,0,0,0,110,100,100,0.0,64.0,0.0,64.9,-107615304.0,68.5,1,49,50,180,0,26215,0,0,0.0,0.0,0.0,0.0,-2.493527931052126e+26,65.0,0.0,-0.0,0.0,645,0,687,0,0,0,715,0,787,0,708,0,689,0,645,0,641,0,617,0.032,36700160.0,2.004,-107615152.0,47504,16788,-1562460416.0,-0.0,1.828616745902072e+32,2.6331705676767303e+25,508051744.0,-0.0,29.0,60.0,70,0.0,0.0,0.0,0.0,0.0,0.0,0.0,0.0,0.0,0.0,0.0,0.0,0.0,0.0,0.0,0.0,59.2,68,11,65509,41,65476,0,300,0,0,8,20529,65476,0,0,61604,60.0,0.0,0.0,0.0,0.0,0.0
2026-04-04T11:33:53,ERR,ERR,ERR,ERR,ERR,ERR,ERR,ERR,ERR,ERR,ERR,ERR,ERR,ERR,ERR,ERR,ERR,ERR,ERR,ERR,ERR,ERR,ERR,ERR,ERR,ERR,ERR,ERR,ERR,ERR,ERR,ERR,ERR,ERR,ERR,ERR,ERR,ERR,ERR,ERR,ERR,ERR,ERR,ERR,ERR,ERR,ERR,ERR,ERR,ERR,ERR,ERR,ERR,ERR,ERR,ERR,ERR,ERR,ERR,ERR,ERR,ERR,ERR,ERR,ERR,ERR,ERR,ERR,ERR,ERR,ERR,ERR,ERR,ERR,ERR,ERR,ERR,ERR,ERR,ERR,ERR,ERR,ERR,ERR,ERR,ERR,ERR,ERR,ERR,ERR,ERR,ERR,ERR,ERR,ERR,ERR,ERR,ERR,ERR,ERR,ERR,ERR,ERR,ERR,ERR,ERR,ERR,ERR,ERR,ERR,ERR,ERR,ERR,ERR,ERR,ERR,ERR,ERR,ERR,ERR,ERR,ERR,ERR,ERR,ERR,0.0,-0.0,-101055584.0,0.0,0.0,0.0,0.0,nan,0,0,0,32768,0,0.0,0,0.0,0.0,0.0,0.0,0.0,0,0,0,0,0.0,0,0,0,0,0,0,0,0,0,0,0,0,0,0,0,0,0,0,0,0,0,0,0,0,0,0,0,0,0,0,0,0,0,0,0,0,0,0,0,0,0,0,0,0,0.0,0.0,0.0,0.0,0.0,0.0,0.0,0.0,0.0,0.0,0.0,0.0,0.0,0.0,0.0,0.0,0.0,0.0,0.0,0.0,0.0,0.0,-0.0,-2.004,-2.004,-0.0,0.0,0.0,0.0,0.0,3379.0,8608107520.0,0.0,0.0,-0.0,-0.0,2.7184274988523002e+23,0.0,0.0,0.0,0.0,0,-0.0,0.059,0.0,0.0,0.0,0.0,0.0,0.0,0.0,0,0,0,0.0,0.0,0.0,0.0,0.0,0.0,0.0,0.0,0.0,0.0,0.0,0.0,0.0,0.0,0.0,0.0,0,-107875648.0,0,0.0,0,-107875648.0,-107877712.0,0,0,17039,26215,17053,39322,17037,0,0,0,110,100,100,0.0,64.0,0.0,64.9,-107615304.0,68.5,1,49,50,180,0,26215,0,0,0.0,0.0,0.0,0.0,-2.493527931052126e+26,65.0,0.0,-0.0,0.0,645,0,687,0,0,0,715,0,787,0,708,0,689,0,645,0,641,0,617,0.032,36700160.0,2.004,-107615152.0,47504,16788,-1562460416.0,-0.0,1.828616745902072e+32,2.6331705676767303e+25,508051744.0,-0.0,29.0,60.0,70,0.0,0.0,0.0,0.0,0.0,0.0,0.0,0.0,0.0,0.0,0.0,0.0,0.0,0.0,0.0,0.0,59.2,68,11,65509,41,65476,0,300,0,0,8,20529,65476,0,0,61604,60.0,0.0,0.0,0.0,0.0,0.0
2026-04-04T11:33:54,ERR,ERR,ERR,ERR,ERR,ERR,ERR,ERR,ERR,ERR,ERR,ERR,ERR,ERR,ERR,ERR,ERR,ERR,ERR,ERR,ERR,ERR,ERR,ERR,ERR,ERR,ERR,ERR,ERR,ERR,ERR,ERR,ERR,ERR,ERR,ERR,ERR,ERR,ERR,ERR,ERR,ERR,ERR,ERR,ERR,ERR,ERR,ERR,ERR,ERR,ERR,ERR,ERR,ERR,ERR,ERR,ERR,ERR,ERR,ERR,ERR,ERR,ERR,ERR,ERR,ERR,ERR,ERR,ERR,ERR,ERR,ERR,ERR,ERR,ERR,ERR,ERR,ERR,ERR,ERR,ERR,ERR,ERR,ERR,ERR,ERR,ERR,ERR,ERR,ERR,ERR,ERR,ERR,ERR,ERR,ERR,ERR,ERR,ERR,ERR,ERR,ERR,ERR,ERR,ERR,ERR,ERR,ERR,ERR,ERR,ERR,ERR,ERR,ERR,ERR,ERR,ERR,ERR,ERR,ERR,ERR,ERR,ERR,ERR,ERR,0.0,-0.0,-101055584.0,0.0,0.0,0.0,0.0,nan,0,0,0,32768,0,0.0,0,0.0,0.0,0.0,0.0,0.0,0,0,0,0,0.0,0,0,0,0,0,0,0,0,0,0,0,0,0,0,0,0,0,0,0,0,0,0,0,0,0,0,0,0,0,0,0,0,0,0,0,0,0,0,0,0,0,0,0,0,0.0,0.0,0.0,0.0,0.0,0.0,0.0,0.0,0.0,0.0,0.0,0.0,0.0,0.0,0.0,0.0,0.0,0.0,0.0,0.0,0.0,0.0,-0.0,-2.004,-2.004,-0.0,0.0,0.0,0.0,0.0,3378.0,3.697154027885167e+19,0.0,0.0,-0.0,-0.0,2.7184274988523002e+23,0.0,0.0,0.0,0.0,0,-0.0,89220.055,0.0,0.0,0.0,0.0,0.0,0.0,0.0,0,0,0,0.0,0.0,0.0,0.0,0.0,0.0,0.0,0.0,0.0,0.0,0.0,0.0,0.0,0.0,0.0,0.0,0,-107875648.0,0,0.0,0,-107875648.0,-107877712.0,0,0,17039,26215,17053,39322,17037,0,0,0,110,100,100,0.0,64.0,0.0,64.9,-107615304.0,68.5,1,49,50,180,0,26215,0,0,0.0,0.0,0.0,0.0,-2.493527931052126e+26,65.0,0.0,-0.0,0.0,645,0,687,0,0,0,715,0,787,0,708,0,689,0,645,0,641,0,617,0.032,36700160.0,2.004,-107615152.0,47504,16788,-1562460416.0,-0.0,1.828616745902072e+32,2.6331705676767303e+25,508051744.0,-0.0,29.0,60.0,70,0.0,0.0,0.0,0.0,0.0,0.0,0.0,0.0,0.0,0.0,0.0,0.0,0.0,0.0,0.0,0.0,59.2,68,11,65509,41,65476,0,300,0,0,8,20529,65476,0,0,61604,60.0,0.0,0.0,0.0,0.0,0.0
2026-04-04T11:33:55,ERR,ERR,ERR,ERR,ERR,ERR,ERR,ERR,ERR,ERR,ERR,ERR,ERR,ERR,ERR,ERR,ERR,ERR,ERR,ERR,ERR,ERR,ERR,ERR,ERR,ERR,ERR,ERR,ERR,ERR,ERR,ERR,ERR,ERR,ERR,ERR,ERR,ERR,ERR,ERR,ERR,ERR,ERR,ERR,ERR,ERR,ERR,ERR,ERR,ERR,ERR,ERR,ERR,ERR,ERR,ERR,ERR,ERR,ERR,ERR,ERR,ERR,ERR,ERR,ERR,ERR,ERR,ERR,ERR,ERR,ERR,ERR,ERR,ERR,ERR,ERR,ERR,ERR,ERR,ERR,ERR,ERR,ERR,ERR,ERR,ERR,ERR,ERR,ERR,ERR,ERR,ERR,ERR,ERR,ERR,ERR,ERR,ERR,ERR,ERR,ERR,ERR,ERR,ERR,ERR,ERR,ERR,ERR,ERR,ERR,ERR,ERR,ERR,ERR,ERR,ERR,ERR,ERR,ERR,ERR,ERR,ERR,ERR,ERR,ERR,0.0,-0.0,-101055584.0,0.0,0.0,0.0,0.0,nan,0,0,0,32768,0,0.0,0,0.0,0.0,0.0,0.0,0.0,0,0,0,0,0.0,0,0,0,0,0,0,0,0,0,0,0,0,0,0,0,0,0,0,0,0,0,0,0,0,0,0,0,0,0,0,0,0,0,0,0,0,0,0,0,0,0,0,0,0,0.0,0.0,0.0,0.0,0.0,0.0,0.0,0.0,0.0,0.0,0.0,0.0,0.0,0.0,0.0,0.0,0.0,0.0,0.0,0.0,0.0,0.0,-0.0,-2.004,-2.004,-0.0,0.0,0.0,0.0,0.0,3378.0,3.697154027885167e+19,0.0,0.0,-0.0,-0.0,2.7184274988523002e+23,0.0,0.0,0.0,0.0,0,-0.0,89220.055,0.0,0.0,0.0,0.0,0.0,0.0,0.0,0,0,0,0.0,0.0,0.0,0.0,0.0,0.0,0.0,0.0,0.0,0.0,0.0,0.0,0.0,0.0,0.0,0.0,0,-107875648.0,0,0.0,0,-107875648.0,-107877712.0,0,0,17039,26215,17053,39322,17037,0,0,0,110,100,100,0.0,64.0,0.0,64.9,-107615304.0,68.5,1,49,50,180,0,26215,0,0,0.0,0.0,0.0,0.0,-2.493527931052126e+26,65.0,0.0,-0.0,0.0,645,0,687,0,0,0,715,0,787,0,708,0,689,0,645,0,641,0,617,0.032,36700160.0,2.004,-107615152.0,47504,16788,-1562460416.0,-0.0,1.828616745902072e+32,2.6331705676767303e+25,508051744.0,-0.0,29.0,60.0,70,0.0,0.0,0.0,0.0,0.0,0.0,0.0,0.0,0.0,0.0,0.0,0.0,0.0,0.0,0.0,0.0,59.2,68,11,65509,41,65476,0,300,0,0,8,20529,65476,0,0,61604,60.0,0.0,0.0,0.0,0.0,0.0
2026-04-04T11:33:56,ERR,ERR,ERR,ERR,ERR,ERR,ERR,ERR,ERR,ERR,ERR,ERR,ERR,ERR,ERR,ERR,ERR,ERR,ERR,ERR,ERR,ERR,ERR,ERR,ERR,ERR,ERR,ERR,ERR,ERR,ERR,ERR,ERR,ERR,ERR,ERR,ERR,ERR,ERR,ERR,ERR,ERR,ERR,ERR,ERR,ERR,ERR,ERR,ERR,ERR,ERR,ERR,ERR,ERR,ERR,ERR,ERR,ERR,ERR,ERR,ERR,ERR,ERR,ERR,ERR,ERR,ERR,ERR,ERR,ERR,ERR,ERR,ERR,ERR,ERR,ERR,ERR,ERR,ERR,ERR,ERR,ERR,ERR,ERR,ERR,ERR,ERR,ERR,ERR,ERR,ERR,ERR,ERR,ERR,ERR,ERR,ERR,ERR,ERR,ERR,ERR,ERR,ERR,ERR,ERR,ERR,ERR,ERR,ERR,ERR,ERR,ERR,ERR,ERR,ERR,ERR,ERR,ERR,ERR,ERR,ERR,ERR,ERR,ERR,ERR,0.0,-0.0,-101055584.0,0.0,0.0,0.0,0.0,nan,0,0,0,32768,0,0.0,0,0.0,0.0,0.0,0.0,0.0,0,0,0,0,0.0,0,0,0,0,0,0,0,0,0,0,0,0,0,0,0,0,0,0,0,0,0,0,0,0,0,0,0,0,0,0,0,0,0,0,0,0,0,0,0,0,0,0,0,0,0.0,0.0,0.0,0.0,0.0,0.0,0.0,0.0,0.0,0.0,0.0,0.0,0.0,0.0,0.0,0.0,0.0,0.0,0.0,0.0,0.0,0.0,-0.0,-2.004,-2.004,-0.0,0.0,0.0,0.0,0.0,3378.0,3.697154027885167e+19,0.0,0.0,-0.0,-0.0,2.7184274988523002e+23,0.0,0.0,0.0,0.0,0,-0.0,89220.055,0.0,0.0,0.0,0.0,0.0,0.0,0.0,0,0,0,0.0,0.0,0.0,0.0,0.0,0.0,0.0,0.0,0.0,0.0,0.0,0.0,0.0,0.0,0.0,0.0,0,-107875648.0,0,0.0,0,-107875648.0,-107877712.0,0,0,17039,26215,17053,39322,17037,0,0,0,110,100,100,0.0,64.0,0.0,64.9,-107615304.0,68.5,1,49,50,180,0,26215,0,0,0.0,0.0,0.0,0.0,-1.832228871179982e+31,65.0,0.0,-0.0,0.0,645,0,687,0,0,0,715,0,787,0,708,0,689,0,645,0,641,0,617,0.032,36700160.0,2.004,-107615152.0,34704,16788,-305500585984.0,-0.0,1.5495551450852324e+23,-87679.281,1706.064,-0.0,29.0,60.0,70,0.0,0.0,0.0,0.0,0.0,0.0,0.0,0.0,0.0,0.0,0.0,0.0,0.0,0.0,0.0,0.0,59.2,68,11,65509,41,65476,0,300,0,0,8,20529,65476,0,0,61604,60.0,0.0,0.0,0.0,0.0,0.0
2026-04-04T11:33:57,ERR,ERR,ERR,ERR,ERR,ERR,ERR,ERR,ERR,ERR,ERR,ERR,ERR,ERR,ERR,ERR,ERR,ERR,ERR,ERR,ERR,ERR,ERR,ERR,ERR,ERR,ERR,ERR,ERR,ERR,ERR,ERR,ERR,ERR,ERR,ERR,ERR,ERR,ERR,ERR,ERR,ERR,ERR,ERR,ERR,ERR,ERR,ERR,ERR,ERR,ERR,ERR,ERR,ERR,ERR,ERR,ERR,ERR,ERR,ERR,ERR,ERR,ERR,ERR,ERR,ERR,ERR,ERR,ERR,ERR,ERR,ERR,ERR,ERR,ERR,ERR,ERR,ERR,ERR,ERR,ERR,ERR,ERR,ERR,ERR,ERR,ERR,ERR,ERR,ERR,ERR,ERR,ERR,ERR,ERR,ERR,ERR,ERR,ERR,ERR,ERR,ERR,ERR,ERR,ERR,ERR,ERR,ERR,ERR,ERR,ERR,ERR,ERR,ERR,ERR,ERR,ERR,ERR,ERR,ERR,ERR,ERR,ERR,ERR,ERR,0.0,-0.0,-101055584.0,0.0,0.0,0.0,0.0,nan,0,0,0,32768,0,0.0,0,0.0,0.0,0.0,0.0,0.0,0,0,0,0,0.0,0,0,0,0,0,0,0,0,0,0,0,0,0,0,0,0,0,0,0,0,0,0,0,0,0,0,0,0,0,0,0,0,0,0,0,0,0,0,0,0,0,0,0,0,0.0,0.0,0.0,0.0,0.0,0.0,0.0,0.0,0.0,0.0,0.0,0.0,0.0,0.0,0.0,0.0,0.0,0.0,0.0,0.0,0.0,0.0,-0.0,-2.004,-2.004,-0.0,0.0,0.0,0.0,0.0,3378.0,3.697154027885167e+19,0.0,0.0,-0.0,-0.0,2.7184274988523002e+23,0.0,0.0,0.0,0.0,0,-0.0,89220.055,0.0,0.0,0.0,0.0,0.0,0.0,0.0,0,0,0,0.0,0.0,0.0,0.0,0.0,0.0,0.0,0.0,0.0,0.0,0.0,0.0,0.0,0.0,0.0,0.0,0,-107875648.0,0,0.0,0,-107875648.0,-107877712.0,0,0,17039,26215,17053,39322,17037,0,0,0,110,100,100,0.0,64.0,0.0,64.9,-107615304.0,68.5,1,49,50,180,0,26215,0,0,0.0,0.0,0.0,0.0,-1.832228871179982e+31,65.0,0.0,-0.0,0.0,645,0,687,0,0,0,715,0,787,0,708,0,689,0,645,0,641,0,617,0.032,36700160.0,2.004,-107615152.0,34704,16788,-305500585984.0,-0.0,1.5495551450852324e+23,-87679.281,1706.064,-0.0,29.0,60.0,70,0.0,0.0,0.0,0.0,0.0,0.0,0.0,0.0,0.0,0.0,0.0,0.0,0.0,0.0,0.0,0.0,59.2,68,11,65509,41,65476,0,300,0,0,8,20529,65476,0,0,61604,60.0,0.0,0.0,0.0,0.0,0.0
2026-04-04T11:33:58,ERR,ERR,ERR,ERR,ERR,ERR,ERR,ERR,ERR,ERR,ERR,ERR,ERR,ERR,ERR,ERR,ERR,ERR,ERR,ERR,ERR,ERR,ERR,ERR,ERR,ERR,ERR,ERR,ERR,ERR,ERR,ERR,ERR,ERR,ERR,ERR,ERR,ERR,ERR,ERR,ERR,ERR,ERR,ERR,ERR,ERR,ERR,ERR,ERR,ERR,ERR,ERR,ERR,ERR,ERR,ERR,ERR,ERR,ERR,ERR,ERR,ERR,ERR,ERR,ERR,ERR,ERR,ERR,ERR,ERR,ERR,ERR,ERR,ERR,ERR,ERR,ERR,ERR,ERR,ERR,ERR,ERR,ERR,ERR,ERR,ERR,ERR,ERR,ERR,ERR,ERR,ERR,ERR,ERR,ERR,ERR,ERR,ERR,ERR,ERR,ERR,ERR,ERR,ERR,ERR,ERR,ERR,ERR,ERR,ERR,ERR,ERR,ERR,ERR,ERR,ERR,ERR,ERR,ERR,ERR,ERR,ERR,ERR,ERR,ERR,0.0,-0.0,-101055584.0,0.0,0.0,0.0,0.0,nan,0,0,0,32768,0,0.0,0,0.0,0.0,0.0,0.0,0.0,0,0,0,0,0.0,0,0,0,0,0,0,0,0,0,0,0,0,0,0,0,0,0,0,0,0,0,0,0,0,0,0,0,0,0,0,0,0,0,0,0,0,0,0,0,0,0,0,0,0,0.0,0.0,0.0,0.0,0.0,0.0,0.0,0.0,0.0,0.0,0.0,0.0,0.0,0.0,0.0,0.0,0.0,0.0,0.0,0.0,0.0,0.0,-0.0,-2.004,-2.004,-0.0,0.0,0.0,0.0,0.0,3378.0,3.697154027885167e+19,0.0,0.0,-0.0,-0.0,2.7184274988523002e+23,0.0,0.0,0.0,0.0,0,-0.0,89220.055,0.0,0.0,0.0,0.0,0.0,0.0,0.0,0,0,0,0.0,0.0,0.0,0.0,0.0,0.0,0.0,0.0,0.0,0.0,0.0,0.0,0.0,0.0,0.0,0.0,0,-107875648.0,0,0.0,0,-107875648.0,-107877712.0,0,0,17039,26215,17053,39322,17037,0,0,0,110,100,100,0.0,64.0,0.0,64.9,-107615304.0,68.5,1,49,50,180,0,26215,0,0,0.0,0.0,0.0,0.0,-1.832228871179982e+31,65.0,0.0,-0.0,0.0,645,0,687,0,0,0,715,0,787,0,708,0,689,0,645,0,641,0,617,0.032,36700160.0,2.004,-107615152.0,34704,16788,-305500585984.0,-0.0,1.5495551450852324e+23,-87679.281,1706.064,-0.0,29.0,60.0,70,0.0,0.0,0.0,0.0,0.0,0.0,0.0,0.0,0.0,0.0,0.0,0.0,0.0,0.0,0.0,0.0,59.2,68,11,65509,41,65476,0,300,0,0,8,20529,65476,0,0,61604,60.0,0.0,0.0,0.0,0.0,0.0
2026-04-04T11:33:59,ERR,ERR,ERR,ERR,ERR,ERR,ERR,ERR,ERR,ERR,ERR,ERR,ERR,ERR,ERR,ERR,ERR,ERR,ERR,ERR,ERR,ERR,ERR,ERR,ERR,ERR,ERR,ERR,ERR,ERR,ERR,ERR,ERR,ERR,ERR,ERR,ERR,ERR,ERR,ERR,ERR,ERR,ERR,ERR,ERR,ERR,ERR,ERR,ERR,ERR,ERR,ERR,ERR,ERR,ERR,ERR,ERR,ERR,ERR,ERR,ERR,ERR,ERR,ERR,ERR,ERR,ERR,ERR,ERR,ERR,ERR,ERR,ERR,ERR,ERR,ERR,ERR,ERR,ERR,ERR,ERR,ERR,ERR,ERR,ERR,ERR,ERR,ERR,ERR,ERR,ERR,ERR,ERR,ERR,ERR,ERR,ERR,ERR,ERR,ERR,ERR,ERR,ERR,ERR,ERR,ERR,ERR,ERR,ERR,ERR,ERR,ERR,ERR,ERR,ERR,ERR,ERR,ERR,ERR,ERR,ERR,ERR,ERR,ERR,ERR,0.0,-0.0,-101055584.0,0.0,0.0,0.0,0.0,nan,0,0,0,32768,0,0.0,0,0.0,0.0,0.0,0.0,0.0,0,0,0,0,0.0,0,0,0,0,0,0,0,0,0,0,0,0,0,0,0,0,0,0,0,0,0,0,0,0,0,0,0,0,0,0,0,0,0,0,0,0,0,0,0,0,0,0,0,0,0.0,0.0,0.0,0.0,0.0,0.0,0.0,0.0,0.0,0.0,0.0,0.0,0.0,0.0,0.0,0.0,0.0,0.0,0.0,0.0,0.0,0.0,-0.0,-2.004,-2.004,-0.0,0.0,0.0,0.0,0.0,3378.0,3.697154027885167e+19,0.0,0.0,-0.0,-0.0,2.7184274988523002e+23,0.0,0.0,0.0,0.0,0,-0.0,89220.055,0.0,0.0,0.0,0.0,0.0,0.0,0.0,0,0,0,0.0,0.0,0.0,0.0,0.0,0.0,0.0,0.0,0.0,0.0,0.0,0.0,0.0,0.0,0.0,0.0,0,-107875648.0,0,0.0,0,-107875648.0,-107877712.0,0,0,17039,26215,17053,39322,17037,0,0,0,110,100,100,0.0,64.0,0.0,64.9,-107615304.0,68.5,1,49,50,180,0,26215,0,0,0.0,0.0,0.0,0.0,-1.832228871179982e+31,65.0,0.0,-0.0,0.0,645,0,687,0,0,0,715,0,787,0,708,0,689,0,645,0,641,0,617,0.032,36700160.0,2.004,-107615152.0,34704,16788,-305500585984.0,-0.0,1.5495551450852324e+23,-87679.281,1706.064,-0.0,29.0,60.0,70,0.0,0.0,0.0,0.0,0.0,0.0,0.0,0.0,0.0,0.0,0.0,0.0,0.0,0.0,0.0,0.0,59.2,68,11,65509,41,65476,0,300,0,0,8,20529,65476,0,0,61604,60.0,0.0,0.0,0.0,0.0,0.0
2026-04-04T11:34:00,ERR,ERR,ERR,ERR,ERR,ERR,ERR,ERR,ERR,ERR,ERR,ERR,ERR,ERR,ERR,ERR,ERR,ERR,ERR,ERR,ERR,ERR,ERR,ERR,ERR,ERR,ERR,ERR,ERR,ERR,ERR,ERR,ERR,ERR,ERR,ERR,ERR,ERR,ERR,ERR,ERR,ERR,ERR,ERR,ERR,ERR,ERR,ERR,ERR,ERR,ERR,ERR,ERR,ERR,ERR,ERR,ERR,ERR,ERR,ERR,ERR,ERR,ERR,ERR,ERR,ERR,ERR,ERR,ERR,ERR,ERR,ERR,ERR,ERR,ERR,ERR,ERR,ERR,ERR,ERR,ERR,ERR,ERR,ERR,ERR,ERR,ERR,ERR,ERR,ERR,ERR,ERR,ERR,ERR,ERR,ERR,ERR,ERR,ERR,ERR,ERR,ERR,ERR,ERR,ERR,ERR,ERR,ERR,ERR,ERR,ERR,ERR,ERR,ERR,ERR,ERR,ERR,ERR,ERR,ERR,ERR,ERR,ERR,ERR,ERR,0.0,-0.0,-101055584.0,0.0,0.0,0.0,0.0,nan,0,0,0,32768,0,0.0,0,0.0,0.0,0.0,0.0,0.0,0,0,0,0,0.0,0,0,0,0,0,0,0,0,0,0,0,0,0,0,0,0,0,0,0,0,0,0,0,0,0,0,0,0,0,0,0,0,0,0,0,0,0,0,0,0,0,0,0,0,0.0,0.0,0.0,0.0,0.0,0.0,0.0,0.0,0.0,0.0,0.0,0.0,0.0,0.0,0.0,0.0,0.0,0.0,0.0,0.0,0.0,0.0,-0.0,-2.004,-2.004,-0.0,0.0,0.0,0.0,0.0,3378.0,3.697154027885167e+19,0.0,0.0,-0.0,-0.0,2.7184274988523002e+23,0.0,0.0,0.0,0.0,0,-0.0,89220.055,0.0,0.0,0.0,0.0,0.0,0.0,0.0,0,0,0,0.0,0.0,0.0,0.0,0.0,0.0,0.0,0.0,0.0,0.0,0.0,0.0,0.0,0.0,0.0,0.0,0,-107875648.0,0,0.0,0,-107875648.0,-107877712.0,0,0,17039,26215,17053,39322,17037,0,0,0,110,100,100,0.0,64.0,0.0,64.9,-107615304.0,68.5,1,49,50,180,0,26215,0,0,0.0,0.0,0.0,0.0,-1.832228871179982e+31,65.0,0.0,-0.0,0.0,645,0,687,0,0,0,715,0,787,0,708,0,689,0,645,0,641,0,617,0.032,36700160.0,2.004,-107615152.0,34704,16788,-305500585984.0,-0.0,1.5495551450852324e+23,-87679.281,1706.064,-0.0,29.0,60.0,70,0.0,0.0,0.0,0.0,0.0,0.0,0.0,0.0,0.0,0.0,0.0,0.0,0.0,0.0,0.0,0.0,59.2,68,11,65509,41,65476,0,300,0,0,8,20529,65476,0,0,61604,60.0,0.0,0.0,0.0,0.0,0.0
2026-04-04T11:34:01,ERR,ERR,ERR,ERR,ERR,ERR,ERR,ERR,ERR,ERR,ERR,ERR,ERR,ERR,ERR,ERR,ERR,ERR,ERR,ERR,ERR,ERR,ERR,ERR,ERR,ERR,ERR,ERR,ERR,ERR,ERR,ERR,ERR,ERR,ERR,ERR,ERR,ERR,ERR,ERR,ERR,ERR,ERR,ERR,ERR,ERR,ERR,ERR,ERR,ERR,ERR,ERR,ERR,ERR,ERR,ERR,ERR,ERR,ERR,ERR,ERR,ERR,ERR,ERR,ERR,ERR,ERR,ERR,ERR,ERR,ERR,ERR,ERR,ERR,ERR,ERR,ERR,ERR,ERR,ERR,ERR,ERR,ERR,ERR,ERR,ERR,ERR,ERR,ERR,ERR,ERR,ERR,ERR,ERR,ERR,ERR,ERR,ERR,ERR,ERR,ERR,ERR,ERR,ERR,ERR,ERR,ERR,ERR,ERR,ERR,ERR,ERR,ERR,ERR,ERR,ERR,ERR,ERR,ERR,ERR,ERR,ERR,ERR,ERR,ERR,0.0,-0.0,-101055584.0,0.0,0.0,0.0,0.0,nan,0,0,0,32768,0,0.0,0,0.0,0.0,0.0,0.0,0.0,0,0,0,0,0.0,0,0,0,0,0,0,0,0,0,0,0,0,0,0,0,0,0,0,0,0,0,0,0,0,0,0,0,0,0,0,0,0,0,0,0,0,0,0,0,0,0,0,0,0,0.0,0.0,0.0,0.0,0.0,0.0,0.0,0.0,0.0,0.0,0.0,0.0,0.0,0.0,0.0,0.0,0.0,0.0,0.0,0.0,0.0,0.0,-0.0,-2.004,-2.004,-0.0,0.0,0.0,0.0,0.0,3379.0,8608107520.0,0.0,0.0,-0.0,-0.0,2.7184274988523002e+23,0.0,0.0,0.0,0.0,0,-0.0,0.059,0.0,0.0,0.0,0.0,0.0,0.0,0.0,0,0,0,0.0,0.0,0.0,0.0,0.0,0.0,0.0,0.0,0.0,0.0,0.0,0.0,0.0,0.0,0.0,0.0,0,-107875648.0,0,0.0,0,-107875648.0,-107877712.0,0,13107,17039,26215,17053,39322,17037,0,0,0,110,100,100,0.0,64.0,0.0,64.9,-107615304.0,68.5,1,49,50,180,0,26215,0,0,0.0,0.0,0.0,0.0,-4001952.5,65.0,0.0,-0.0,0.0,645,0,687,0,0,0,716,0,787,0,708,0,689,0,645,0,641,0,617,0.032,36438016.0,2.004,-107615152.0,36368,16788,-1986506522624.0,-6940389588074496.0,-0.0,0.0,1.0165269274441849e+24,-5120066.0,29.0,60.0,70,0.0,0.0,0.0,0.0,0.0,0.0,0.0,0.0,0.0,0.0,0.0,0.0,0.0,0.0,0.0,0.0,59.2,68,11,65509,41,65476,0,300,0,0,8,20529,65476,0,0,61604,60.0,0.0,0.0,0.0,0.0,0.0
2026-04-04T11:34:02,ERR,ERR,ERR,ERR,ERR,ERR,ERR,ERR,ERR,ERR,ERR,ERR,ERR,ERR,ERR,ERR,ERR,ERR,ERR,ERR,ERR,ERR,ERR,ERR,ERR,ERR,ERR,ERR,ERR,ERR,ERR,ERR,ERR,ERR,ERR,ERR,ERR,ERR,ERR,ERR,ERR,ERR,ERR,ERR,ERR,ERR,ERR,ERR,ERR,ERR,ERR,ERR,ERR,ERR,ERR,ERR,ERR,ERR,ERR,ERR,ERR,ERR,ERR,ERR,ERR,ERR,ERR,ERR,ERR,ERR,ERR,ERR,ERR,ERR,ERR,ERR,ERR,ERR,ERR,ERR,ERR,ERR,ERR,ERR,ERR,ERR,ERR,ERR,ERR,ERR,ERR,ERR,ERR,ERR,ERR,ERR,ERR,ERR,ERR,ERR,ERR,ERR,ERR,ERR,ERR,ERR,ERR,ERR,ERR,ERR,ERR,ERR,ERR,ERR,ERR,ERR,ERR,ERR,ERR,ERR,ERR,ERR,ERR,ERR,ERR,0.0,-0.0,-101055584.0,0.0,0.0,0.0,0.0,nan,0,0,0,32768,0,0.0,0,0.0,0.0,0.0,0.0,0.0,0,0,0,0,0.0,0,0,0,0,0,0,0,0,0,0,0,0,0,0,0,0,0,0,0,0,0,0,0,0,0,0,0,0,0,0,0,0,0,0,0,0,0,0,0,0,0,0,0,0,0.0,0.0,0.0,0.0,0.0,0.0,0.0,0.0,0.0,0.0,0.0,0.0,0.0,0.0,0.0,0.0,0.0,0.0,0.0,0.0,0.0,0.0,-0.0,-2.004,-2.004,-0.0,0.0,0.0,0.0,0.0,3379.0,8608107520.0,0.0,0.0,-0.0,-0.0,2.7184274988523002e+23,0.0,0.0,0.0,0.0,0,-0.0,0.059,0.0,0.0,0.0,0.0,0.0,0.0,0.0,0,0,0,0.0,0.0,0.0,0.0,0.0,0.0,0.0,0.0,0.0,0.0,0.0,0.0,0.0,0.0,0.0,0.0,0,-107875648.0,0,0.0,0,-107875648.0,-107877712.0,0,13107,17039,26215,17053,39322,17037,0,0,0,110,100,100,0.0,64.0,0.0,64.9,-107615304.0,68.5,1,49,50,180,0,26215,0,0,0.0,0.0,0.0,0.0,-4001952.5,65.0,0.0,-0.0,0.0,645,0,687,0,0,0,716,0,787,0,708,0,689,0,645,0,641,0,617,0.032,36438016.0,2.004,-107615152.0,36368,16788,-1986506522624.0,-6940389588074496.0,-0.0,0.0,1.0165269274441849e+24,-5120066.0,29.0,60.0,70,0.0,0.0,0.0,0.0,0.0,0.0,0.0,0.0,0.0,0.0,0.0,0.0,0.0,0.0,0.0,0.0,59.2,68,11,65509,41,65476,0,300,0,0,8,20529,65476,0,0,61604,60.0,0.0,0.0,0.0,0.0,0.0
2026-04-04T11:34:03,ERR,ERR,ERR,ERR,ERR,ERR,ERR,ERR,ERR,ERR,ERR,ERR,ERR,ERR,ERR,ERR,ERR,ERR,ERR,ERR,ERR,ERR,ERR,ERR,ERR,ERR,ERR,ERR,ERR,ERR,ERR,ERR,ERR,ERR,ERR,ERR,ERR,ERR,ERR,ERR,ERR,ERR,ERR,ERR,ERR,ERR,ERR,ERR,ERR,ERR,ERR,ERR,ERR,ERR,ERR,ERR,ERR,ERR,ERR,ERR,ERR,ERR,ERR,ERR,ERR,ERR,ERR,ERR,ERR,ERR,ERR,ERR,ERR,ERR,ERR,ERR,ERR,ERR,ERR,ERR,ERR,ERR,ERR,ERR,ERR,ERR,ERR,ERR,ERR,ERR,ERR,ERR,ERR,ERR,ERR,ERR,ERR,ERR,ERR,ERR,ERR,ERR,ERR,ERR,ERR,ERR,ERR,ERR,ERR,ERR,ERR,ERR,ERR,ERR,ERR,ERR,ERR,ERR,ERR,ERR,ERR,ERR,ERR,ERR,ERR,0.0,-0.0,-101055584.0,0.0,0.0,0.0,0.0,nan,0,0,0,32768,0,0.0,0,0.0,0.0,0.0,0.0,0.0,0,0,0,0,0.0,0,0,0,0,0,0,0,0,0,0,0,0,0,0,0,0,0,0,0,0,0,0,0,0,0,0,0,0,0,0,0,0,0,0,0,0,0,0,0,0,0,0,0,0,0.0,0.0,0.0,0.0,0.0,0.0,0.0,0.0,0.0,0.0,0.0,0.0,0.0,0.0,0.0,0.0,0.0,0.0,0.0,0.0,0.0,0.0,-0.0,-2.004,-2.004,-0.0,0.0,0.0,0.0,0.0,3379.0,8608107520.0,0.0,0.0,-0.0,-0.0,2.7184274988523002e+23,0.0,0.0,0.0,0.0,0,-0.0,0.059,0.0,0.0,0.0,0.0,0.0,0.0,0.0,0,0,0,0.0,0.0,0.0,0.0,0.0,0.0,0.0,0.0,0.0,0.0,0.0,0.0,0.0,0.0,0.0,0.0,0,-107875648.0,0,0.0,0,-107875648.0,-107877712.0,0,13107,17039,26215,17053,39322,17037,0,0,0,110,100,100,0.0,64.0,0.0,64.9,-107615304.0,68.5,1,49,50,180,0,26215,0,0,0.0,0.0,0.0,0.0,-4001952.5,65.0,0.0,-0.0,0.0,645,0,687,0,0,0,716,0,787,0,708,0,689,0,645,0,641,0,617,0.032,36438016.0,2.004,-107615152.0,36368,16788,-1986506522624.0,-6940389588074496.0,-0.0,0.0,1.0165269274441849e+24,-5120066.0,29.0,60.0,70,0.0,0.0,0.0,0.0,0.0,0.0,0.0,0.0,0.0,0.0,0.0,0.0,0.0,0.0,0.0,0.0,59.2,68,11,65509,41,65476,0,300,0,0,8,20529,65476,0,0,61604,60.0,0.0,0.0,0.0,0.0,0.0
2026-04-04T11:34:04,ERR,ERR,ERR,ERR,ERR,ERR,ERR,ERR,ERR,ERR,ERR,ERR,ERR,ERR,ERR,ERR,ERR,ERR,ERR,ERR,ERR,ERR,ERR,ERR,ERR,ERR,ERR,ERR,ERR,ERR,ERR,ERR,ERR,ERR,ERR,ERR,ERR,ERR,ERR,ERR,ERR,ERR,ERR,ERR,ERR,ERR,ERR,ERR,ERR,ERR,ERR,ERR,ERR,ERR,ERR,ERR,ERR,ERR,ERR,ERR,ERR,ERR,ERR,ERR,ERR,ERR,ERR,ERR,ERR,ERR,ERR,ERR,ERR,ERR,ERR,ERR,ERR,ERR,ERR,ERR,ERR,ERR,ERR,ERR,ERR,ERR,ERR,ERR,ERR,ERR,ERR,ERR,ERR,ERR,ERR,ERR,ERR,ERR,ERR,ERR,ERR,ERR,ERR,ERR,ERR,ERR,ERR,ERR,ERR,ERR,ERR,ERR,ERR,ERR,ERR,ERR,ERR,ERR,ERR,ERR,ERR,ERR,ERR,ERR,ERR,0.0,-0.0,-101055584.0,0.0,0.0,0.0,0.0,nan,0,0,0,32768,0,0.0,0,0.0,0.0,0.0,0.0,0.0,0,0,0,0,0.0,0,0,0,0,0,0,0,0,0,0,0,0,0,0,0,0,0,0,0,0,0,0,0,0,0,0,0,0,0,0,0,0,0,0,0,0,0,0,0,0,0,0,0,0,0.0,0.0,0.0,0.0,0.0,0.0,0.0,0.0,0.0,0.0,0.0,0.0,0.0,0.0,0.0,0.0,0.0,0.0,0.0,0.0,0.0,0.0,-0.0,-2.004,-2.004,-0.0,0.0,0.0,0.0,0.0,3379.0,8608107520.0,0.0,0.0,-0.0,-0.0,2.7184274988523002e+23,0.0,0.0,0.0,0.0,0,-0.0,0.059,0.0,0.0,0.0,0.0,0.0,0.0,0.0,0,0,0,0.0,0.0,0.0,0.0,0.0,0.0,0.0,0.0,0.0,0.0,0.0,0.0,0.0,0.0,0.0,0.0,0,-107875648.0,0,0.0,0,-107875648.0,-107877712.0,0,0,17039,26215,17053,39322,17037,0,0,0,110,100,100,0.0,64.0,0.0,64.9,-107615304.0,68.5,1,49,50,180,0,26215,0,0,0.0,0.0,0.0,0.0,-323506240.0,65.0,0.0,0.0,0.0,645,0,687,0,0,0,715,0,787,0,708,0,689,0,645,0,641,0,617,0.032,36438016.0,2.004,-107615152.0,45712,16788,-13211992588288.0,0.0,-1471047139328.0,-0.0,-0.0,-3.687374747560911e+34,29.0,60.0,70,0.0,0.0,0.0,0.0,0.0,0.0,0.0,0.0,0.0,0.0,0.0,0.0,0.0,0.0,0.0,0.0,59.2,68,11,65509,41,65476,0,300,0,0,8,20529,65476,0,0,61604,60.0,0.0,0.0,0.0,0.0,0.0
2026-04-04T11:34:05,ERR,ERR,ERR,ERR,ERR,ERR,ERR,ERR,ERR,ERR,ERR,ERR,ERR,ERR,ERR,ERR,ERR,ERR,ERR,ERR,ERR,ERR,ERR,ERR,ERR,ERR,ERR,ERR,ERR,ERR,ERR,ERR,ERR,ERR,ERR,ERR,ERR,ERR,ERR,ERR,ERR,ERR,ERR,ERR,ERR,ERR,ERR,ERR,ERR,ERR,ERR,ERR,ERR,ERR,ERR,ERR,ERR,ERR,ERR,ERR,ERR,ERR,ERR,ERR,ERR,ERR,ERR,ERR,ERR,ERR,ERR,ERR,ERR,ERR,ERR,ERR,ERR,ERR,ERR,ERR,ERR,ERR,ERR,ERR,ERR,ERR,ERR,ERR,ERR,ERR,ERR,ERR,ERR,ERR,ERR,ERR,ERR,ERR,ERR,ERR,ERR,ERR,ERR,ERR,ERR,ERR,ERR,ERR,ERR,ERR,ERR,ERR,ERR,ERR,ERR,ERR,ERR,ERR,ERR,ERR,ERR,ERR,ERR,ERR,ERR,0.0,-0.0,-101055584.0,0.0,0.0,0.0,0.0,nan,0,0,0,32768,0,0.0,0,0.0,0.0,0.0,0.0,0.0,0,0,0,0,0.0,0,0,0,0,0,0,0,0,0,0,0,0,0,0,0,0,0,0,0,0,0,0,0,0,0,0,0,0,0,0,0,0,0,0,0,0,0,0,0,0,0,0,0,0,0.0,0.0,0.0,0.0,0.0,0.0,0.0,0.0,0.0,0.0,0.0,0.0,0.0,0.0,0.0,0.0,0.0,0.0,0.0,0.0,0.0,0.0,-0.0,-2.004,-2.004,-0.0,0.0,0.0,0.0,0.0,3379.0,8608107520.0,0.0,0.0,-0.0,-0.0,2.7184274988523002e+23,0.0,0.0,0.0,0.0,0,-0.0,0.059,0.0,0.0,0.0,0.0,0.0,0.0,0.0,0,0,0,0.0,0.0,0.0,0.0,0.0,0.0,0.0,0.0,0.0,0.0,0.0,0.0,0.0,0.0,0.0,0.0,0,-107875648.0,0,0.0,0,-107875648.0,-107877712.0,0,0,17039,26215,17053,39322,17037,0,0,0,110,100,100,0.0,64.0,0.0,64.9,-107615304.0,68.5,1,49,50,180,0,26215,0,0,0.0,0.0,0.0,0.0,-323506240.0,65.0,0.0,0.0,0.0,645,0,687,0,0,0,715,0,787,0,708,0,689,0,645,0,641,0,617,0.032,36438016.0,2.004,-107615152.0,45712,16788,-13211992588288.0,0.0,-1471047139328.0,-0.0,-0.0,-3.687374747560911e+34,29.0,60.0,70,0.0,0.0,0.0,0.0,0.0,0.0,0.0,0.0,0.0,0.0,0.0,0.0,0.0,0.0,0.0,0.0,59.2,68,11,65509,41,65476,0,300,0,0,8,20529,65476,0,0,61604,60.0,0.0,0.0,0.0,0.0,0.0
2026-04-04T11:34:06,ERR,ERR,ERR,ERR,ERR,ERR,ERR,ERR,ERR,ERR,ERR,ERR,ERR,ERR,ERR,ERR,ERR,ERR,ERR,ERR,ERR,ERR,ERR,ERR,ERR,ERR,ERR,ERR,ERR,ERR,ERR,ERR,ERR,ERR,ERR,ERR,ERR,ERR,ERR,ERR,ERR,ERR,ERR,ERR,ERR,ERR,ERR,ERR,ERR,ERR,ERR,ERR,ERR,ERR,ERR,ERR,ERR,ERR,ERR,ERR,ERR,ERR,ERR,ERR,ERR,ERR,ERR,ERR,ERR,ERR,ERR,ERR,ERR,ERR,ERR,ERR,ERR,ERR,ERR,ERR,ERR,ERR,ERR,ERR,ERR,ERR,ERR,ERR,ERR,ERR,ERR,ERR,ERR,ERR,ERR,ERR,ERR,ERR,ERR,ERR,ERR,ERR,ERR,ERR,ERR,ERR,ERR,ERR,ERR,ERR,ERR,ERR,ERR,ERR,ERR,ERR,ERR,ERR,ERR,ERR,ERR,ERR,ERR,ERR,ERR,0.0,-0.0,-101055584.0,0.0,0.0,0.0,0.0,nan,0,0,0,32768,0,0.0,0,0.0,0.0,0.0,0.0,0.0,0,0,0,0,0.0,0,0,0,0,0,0,0,0,0,0,0,0,0,0,0,0,0,0,0,0,0,0,0,0,0,0,0,0,0,0,0,0,0,0,0,0,0,0,0,0,0,0,0,0,0.0,0.0,0.0,0.0,0.0,0.0,0.0,0.0,0.0,0.0,0.0,0.0,0.0,0.0,0.0,0.0,0.0,0.0,0.0,0.0,0.0,0.0,-0.0,-2.004,-2.004,-0.0,0.0,0.0,0.0,0.0,3379.0,8608107520.0,0.0,0.0,-0.0,-0.0,2.7184274988523002e+23,0.0,0.0,0.0,0.0,0,-0.0,0.059,0.0,0.0,0.0,0.0,0.0,0.0,0.0,0,0,0,0.0,0.0,0.0,0.0,0.0,0.0,0.0,0.0,0.0,0.0,0.0,0.0,0.0,0.0,0.0,0.0,0,-107875648.0,0,0.0,0,-107875648.0,-107877712.0,0,0,17039,26215,17053,39322,17037,0,0,0,110,100,100,0.0,64.0,0.0,64.9,-107615304.0,68.5,1,49,50,180,0,26215,0,0,0.0,0.0,0.0,0.0,-323506240.0,65.0,0.0,0.0,0.0,645,0,687,0,0,0,715,0,787,0,708,0,689,0,645,0,641,0,617,0.032,36438016.0,2.004,-107615152.0,45712,16788,-13211992588288.0,0.0,-1471047139328.0,-0.0,-0.0,-3.687374747560911e+34,29.0,60.0,70,0.0,0.0,0.0,0.0,0.0,0.0,0.0,0.0,0.0,0.0,0.0,0.0,0.0,0.0,0.0,0.0,59.2,68,11,65509,41,65476,0,300,0,0,8,20529,65476,0,0,61604,60.0,0.0,0.0,0.0,0.0,0.0
2026-04-04T11:34:07,ERR,ERR,ERR,ERR,ERR,ERR,ERR,ERR,ERR,ERR,ERR,ERR,ERR,ERR,ERR,ERR,ERR,ERR,ERR,ERR,ERR,ERR,ERR,ERR,ERR,ERR,ERR,ERR,ERR,ERR,ERR,ERR,ERR,ERR,ERR,ERR,ERR,ERR,ERR,ERR,ERR,ERR,ERR,ERR,ERR,ERR,ERR,ERR,ERR,ERR,ERR,ERR,ERR,ERR,ERR,ERR,ERR,ERR,ERR,ERR,ERR,ERR,ERR,ERR,ERR,ERR,ERR,ERR,ERR,ERR,ERR,ERR,ERR,ERR,ERR,ERR,ERR,ERR,ERR,ERR,ERR,ERR,ERR,ERR,ERR,ERR,ERR,ERR,ERR,ERR,ERR,ERR,ERR,ERR,ERR,ERR,ERR,ERR,ERR,ERR,ERR,ERR,ERR,ERR,ERR,ERR,ERR,ERR,ERR,ERR,ERR,ERR,ERR,ERR,ERR,ERR,ERR,ERR,ERR,ERR,ERR,ERR,ERR,ERR,ERR,0.0,-0.0,-101055584.0,0.0,0.0,0.0,0.0,nan,0,0,0,32768,0,0.0,0,0.0,0.0,0.0,0.0,0.0,0,0,0,0,0.0,0,0,0,0,0,0,0,0,0,0,0,0,0,0,0,0,0,0,0,0,0,0,0,0,0,0,0,0,0,0,0,0,0,0,0,0,0,0,0,0,0,0,0,0,0.0,0.0,0.0,0.0,0.0,0.0,0.0,0.0,0.0,0.0,0.0,0.0,0.0,0.0,0.0,0.0,0.0,0.0,0.0,0.0,0.0,0.0,-0.0,-2.004,-2.004,-0.0,0.0,0.0,0.0,0.0,3379.0,-0.0,0.0,0.0,-0.0,-0.0,2.7184274988523002e+23,0.0,0.0,0.0,0.0,0,-0.0,1.905674755852206e+17,0.0,0.0,0.0,0.0,0.0,0.0,0.0,0,0,0,0.0,0.0,0.0,0.0,0.0,0.0,0.0,0.0,0.0,0.0,0.0,0.0,0.0,0.0,0.0,0.0,0,-107875648.0,0,0.0,0,-107875648.0,-107877712.0,0,0,17039,26215,17053,39322,17037,0,0,0,110,100,100,0.0,64.0,0.0,64.9,-107615304.0,68.5,1,49,50,180,0,26215,0,0,0.0,0.0,0.0,0.0,-323506240.0,65.0,0.0,0.0,0.0,645,0,687,0,0,0,715,0,787,0,708,0,689,0,645,0,641,0,617,0.032,36438016.0,2.004,-107615152.0,45712,16788,-13211992588288.0,0.0,-1471047139328.0,-0.0,-0.0,-3.687374747560911e+34,29.0,60.0,70,0.0,0.0,0.0,0.0,0.0,0.0,0.0,0.0,0.0,0.0,0.0,0.0,0.0,0.0,0.0,0.0,59.2,68,11,65509,41,65476,0,300,0,0,8,20529,65476,0,0,61604,60.0,0.0,0.0,0.0,0.0,0.0
2026-04-04T11:34:08,ERR,ERR,ERR,ERR,ERR,ERR,ERR,ERR,ERR,ERR,ERR,ERR,ERR,ERR,ERR,ERR,ERR,ERR,ERR,ERR,ERR,ERR,ERR,ERR,ERR,ERR,ERR,ERR,ERR,ERR,ERR,ERR,ERR,ERR,ERR,ERR,ERR,ERR,ERR,ERR,ERR,ERR,ERR,ERR,ERR,ERR,ERR,ERR,ERR,ERR,ERR,ERR,ERR,ERR,ERR,ERR,ERR,ERR,ERR,ERR,ERR,ERR,ERR,ERR,ERR,ERR,ERR,ERR,ERR,ERR,ERR,ERR,ERR,ERR,ERR,ERR,ERR,ERR,ERR,ERR,ERR,ERR,ERR,ERR,ERR,ERR,ERR,ERR,ERR,ERR,ERR,ERR,ERR,ERR,ERR,ERR,ERR,ERR,ERR,ERR,ERR,ERR,ERR,ERR,ERR,ERR,ERR,ERR,ERR,ERR,ERR,ERR,ERR,ERR,ERR,ERR,ERR,ERR,ERR,ERR,ERR,ERR,ERR,ERR,ERR,0.0,-0.0,-101055584.0,0.0,0.0,0.0,0.0,nan,0,0,0,32768,0,0.0,0,0.0,0.0,0.0,0.0,0.0,0,0,0,0,0.0,0,0,0,0,0,0,0,0,0,0,0,0,0,0,0,0,0,0,0,0,0,0,0,0,0,0,0,0,0,0,0,0,0,0,0,0,0,0,0,0,0,0,0,0,0.0,0.0,0.0,0.0,0.0,0.0,0.0,0.0,0.0,0.0,0.0,0.0,0.0,0.0,0.0,0.0,0.0,0.0,0.0,0.0,0.0,0.0,-0.0,-2.004,-2.004,-0.0,0.0,0.0,0.0,0.0,3379.0,-0.0,0.0,0.0,-0.0,-0.0,2.7184274988523002e+23,0.0,0.0,0.0,0.0,0,-0.0,1.905674755852206e+17,0.0,0.0,0.0,0.0,0.0,0.0,0.0,0,0,0,0.0,0.0,0.0,0.0,0.0,0.0,0.0,0.0,0.0,0.0,0.0,0.0,0.0,0.0,0.0,0.0,0,-107875648.0,0,0.0,0,-107875648.0,-107877712.0,0,0,17039,26215,17053,39322,17037,0,0,0,110,100,100,0.0,64.0,0.0,64.9,-107615304.0,68.5,1,49,50,180,0,26215,0,0,0.0,0.0,0.0,0.0,-323506240.0,65.0,0.0,0.0,0.0,645,0,687,0,0,0,715,0,787,0,708,0,689,0,645,0,641,0,617,0.032,36438016.0,2.004,-107615152.0,45712,16788,-13211992588288.0,0.0,-1471047139328.0,-0.0,-0.0,-3.687374747560911e+34,29.0,60.0,70,0.0,0.0,0.0,0.0,0.0,0.0,0.0,0.0,0.0,0.0,0.0,0.0,0.0,0.0,0.0,0.0,59.2,68,11,65509,41,65476,0,300,0,0,8,20529,65476,0,0,61604,60.0,0.0,0.0,0.0,0.0,0.0
2026-04-04T11:34:09,ERR,ERR,ERR,ERR,ERR,ERR,ERR,ERR,ERR,ERR,ERR,ERR,ERR,ERR,ERR,ERR,ERR,ERR,ERR,ERR,ERR,ERR,ERR,ERR,ERR,ERR,ERR,ERR,ERR,ERR,ERR,ERR,ERR,ERR,ERR,ERR,ERR,ERR,ERR,ERR,ERR,ERR,ERR,ERR,ERR,ERR,ERR,ERR,ERR,ERR,ERR,ERR,ERR,ERR,ERR,ERR,ERR,ERR,ERR,ERR,ERR,ERR,ERR,ERR,ERR,ERR,ERR,ERR,ERR,ERR,ERR,ERR,ERR,ERR,ERR,ERR,ERR,ERR,ERR,ERR,ERR,ERR,ERR,ERR,ERR,ERR,ERR,ERR,ERR,ERR,ERR,ERR,ERR,ERR,ERR,ERR,ERR,ERR,ERR,ERR,ERR,ERR,ERR,ERR,ERR,ERR,ERR,ERR,ERR,ERR,ERR,ERR,ERR,ERR,ERR,ERR,ERR,ERR,ERR,ERR,ERR,ERR,ERR,ERR,ERR,0.0,-0.0,-101055584.0,0.0,0.0,0.0,0.0,nan,0,0,0,32768,0,0.0,0,0.0,0.0,0.0,0.0,0.0,0,0,0,0,0.0,0,0,0,0,0,0,0,0,0,0,0,0,0,0,0,0,0,0,0,0,0,0,0,0,0,0,0,0,0,0,0,0,0,0,0,0,0,0,0,0,0,0,0,0,0.0,0.0,0.0,0.0,0.0,0.0,0.0,0.0,0.0,0.0,0.0,0.0,0.0,0.0,0.0,0.0,0.0,0.0,0.0,0.0,0.0,0.0,-0.0,-2.004,-2.004,-0.0,0.0,0.0,0.0,0.0,3379.0,-0.0,0.0,0.0,-0.0,-0.0,2.7184274988523002e+23,0.0,0.0,0.0,0.0,0,-0.0,1.905674755852206e+17,0.0,0.0,0.0,0.0,0.0,0.0,0.0,0,0,0,0.0,0.0,0.0,0.0,0.0,0.0,0.0,0.0,0.0,0.0,0.0,0.0,0.0,0.0,0.0,0.0,0,-107875648.0,0,0.0,0,-107875648.0,-107877712.0,0,0,17039,26215,17053,39322,17037,0,0,0,110,100,100,0.0,64.0,0.0,64.9,-107615304.0,68.5,1,49,50,180,0,26215,0,0,0.0,0.0,0.0,0.0,-323506240.0,65.0,0.0,0.0,0.0,645,0,687,0,0,0,715,0,787,0,708,0,689,0,645,0,641,0,617,0.032,36438016.0,2.004,-107615152.0,45712,16788,-13211992588288.0,0.0,-1471047139328.0,-0.0,-0.0,-3.687374747560911e+34,29.0,60.0,70,0.0,0.0,0.0,0.0,0.0,0.0,0.0,0.0,0.0,0.0,0.0,0.0,0.0,0.0,0.0,0.0,59.2,68,11,65509,41,65476,0,300,0,0,8,20529,65476,0,0,61604,60.0,0.0,0.0,0.0,0.0,0.0
2026-04-04T11:34:10,ERR,ERR,ERR,ERR,ERR,ERR,ERR,ERR,ERR,ERR,ERR,ERR,ERR,ERR,ERR,ERR,ERR,ERR,ERR,ERR,ERR,ERR,ERR,ERR,ERR,ERR,ERR,ERR,ERR,ERR,ERR,ERR,ERR,ERR,ERR,ERR,ERR,ERR,ERR,ERR,ERR,ERR,ERR,ERR,ERR,ERR,ERR,ERR,ERR,ERR,ERR,ERR,ERR,ERR,ERR,ERR,ERR,ERR,ERR,ERR,ERR,ERR,ERR,ERR,ERR,ERR,ERR,ERR,ERR,ERR,ERR,ERR,ERR,ERR,ERR,ERR,ERR,ERR,ERR,ERR,ERR,ERR,ERR,ERR,ERR,ERR,ERR,ERR,ERR,ERR,ERR,ERR,ERR,ERR,ERR,ERR,ERR,ERR,ERR,ERR,ERR,ERR,ERR,ERR,ERR,ERR,ERR,ERR,ERR,ERR,ERR,ERR,ERR,ERR,ERR,ERR,ERR,ERR,ERR,ERR,ERR,ERR,ERR,ERR,ERR,0.0,-0.0,-101055584.0,0.0,0.0,0.0,0.0,nan,0,0,0,32768,0,0.0,0,0.0,0.0,0.0,0.0,0.0,0,0,0,0,0.0,0,0,0,0,0,0,0,0,0,0,0,0,0,0,0,0,0,0,0,0,0,0,0,0,0,0,0,0,0,0,0,0,0,0,0,0,0,0,0,0,0,0,0,0,0.0,0.0,0.0,0.0,0.0,0.0,0.0,0.0,0.0,0.0,0.0,0.0,0.0,0.0,0.0,0.0,0.0,0.0,0.0,0.0,0.0,0.0,-0.0,-2.004,-2.004,-0.0,0.0,0.0,0.0,0.0,3379.0,-0.0,0.0,0.0,-0.0,-0.0,2.7184274988523002e+23,0.0,0.0,0.0,0.0,0,-0.0,1.905674755852206e+17,0.0,0.0,0.0,0.0,0.0,0.0,0.0,0,0,0,0.0,0.0,0.0,0.0,0.0,0.0,0.0,0.0,0.0,0.0,0.0,0.0,0.0,0.0,0.0,0.0,0,-107875648.0,0,0.0,0,-107875648.0,-107877712.0,0,13107,17039,26215,17053,39322,17037,0,0,0,110,100,100,0.0,64.0,0.0,64.9,-107615304.0,68.5,1,49,50,180,0,26215,0,0,0.0,0.0,0.0,0.0,-8.282303944304314e+29,65.0,0.0,-0.0,0.0,645,0,687,0,0,0,715,0,787,0,708,0,689,0,645,0,641,0,617,0.032,37224448.0,2.004,-107615152.0,37136,16788,-3.4634445850641695e+18,-0.0,-0.0,-48116686848.0,7.897878927714067e+20,-372.504,29.0,60.0,70,0.0,0.0,0.0,0.0,0.0,0.0,0.0,0.0,0.0,0.0,0.0,0.0,0.0,0.0,0.0,0.0,59.2,68,11,65509,41,65476,0,300,0,0,8,20529,65476,0,0,61604,60.0,0.0,0.0,0.0,0.0,0.0
2026-04-04T11:34:11,ERR,ERR,ERR,ERR,ERR,ERR,ERR,ERR,ERR,ERR,ERR,ERR,ERR,ERR,ERR,ERR,ERR,ERR,ERR,ERR,ERR,ERR,ERR,ERR,ERR,ERR,ERR,ERR,ERR,ERR,ERR,ERR,ERR,ERR,ERR,ERR,ERR,ERR,ERR,ERR,ERR,ERR,ERR,ERR,ERR,ERR,ERR,ERR,ERR,ERR,ERR,ERR,ERR,ERR,ERR,ERR,ERR,ERR,ERR,ERR,ERR,ERR,ERR,ERR,ERR,ERR,ERR,ERR,ERR,ERR,ERR,ERR,ERR,ERR,ERR,ERR,ERR,ERR,ERR,ERR,ERR,ERR,ERR,ERR,ERR,ERR,ERR,ERR,ERR,ERR,ERR,ERR,ERR,ERR,ERR,ERR,ERR,ERR,ERR,ERR,ERR,ERR,ERR,ERR,ERR,ERR,ERR,ERR,ERR,ERR,ERR,ERR,ERR,ERR,ERR,ERR,ERR,ERR,ERR,ERR,ERR,ERR,ERR,ERR,ERR,0.0,-0.0,-101055584.0,0.0,0.0,0.0,0.0,nan,0,0,0,32768,0,0.0,0,0.0,0.0,0.0,0.0,0.0,0,0,0,0,0.0,0,0,0,0,0,0,0,0,0,0,0,0,0,0,0,0,0,0,0,0,0,0,0,0,0,0,0,0,0,0,0,0,0,0,0,0,0,0,0,0,0,0,0,0,0.0,0.0,0.0,0.0,0.0,0.0,0.0,0.0,0.0,0.0,0.0,0.0,0.0,0.0,0.0,0.0,0.0,0.0,0.0,0.0,0.0,0.0,-0.0,-2.004,-2.004,-0.0,0.0,0.0,0.0,0.0,3379.0,-0.0,0.0,0.0,-0.0,-0.0,2.7184274988523002e+23,0.0,0.0,0.0,0.0,0,-0.0,1.905674755852206e+17,0.0,0.0,0.0,0.0,0.0,0.0,0.0,0,0,0,0.0,0.0,0.0,0.0,0.0,0.0,0.0,0.0,0.0,0.0,0.0,0.0,0.0,0.0,0.0,0.0,0,-107875648.0,0,0.0,0,-107875648.0,-107877712.0,0,13107,17039,26215,17053,39322,17037,0,0,0,110,100,100,0.0,64.0,0.0,64.9,-107615304.0,68.5,1,49,50,180,0,26215,0,0,0.0,0.0,0.0,0.0,-8.282303944304314e+29,65.0,0.0,-0.0,0.0,645,0,687,0,0,0,715,0,787,0,708,0,689,0,645,0,641,0,617,0.032,37224448.0,2.004,-107615152.0,37136,16788,-3.4634445850641695e+18,-0.0,-0.0,-48116686848.0,7.897878927714067e+20,-372.504,29.0,60.0,70,0.0,0.0,0.0,0.0,0.0,0.0,0.0,0.0,0.0,0.0,0.0,0.0,0.0,0.0,0.0,0.0,59.2,68,11,65509,41,65476,0,300,0,0,8,20529,65476,0,0,61604,60.0,0.0,0.0,0.0,0.0,0.0
2026-04-04T11:34:12,ERR,ERR,ERR,ERR,ERR,ERR,ERR,ERR,ERR,ERR,ERR,ERR,ERR,ERR,ERR,ERR,ERR,ERR,ERR,ERR,ERR,ERR,ERR,ERR,ERR,ERR,ERR,ERR,ERR,ERR,ERR,ERR,ERR,ERR,ERR,ERR,ERR,ERR,ERR,ERR,ERR,ERR,ERR,ERR,ERR,ERR,ERR,ERR,ERR,ERR,ERR,ERR,ERR,ERR,ERR,ERR,ERR,ERR,ERR,ERR,ERR,ERR,ERR,ERR,ERR,ERR,ERR,ERR,ERR,ERR,ERR,ERR,ERR,ERR,ERR,ERR,ERR,ERR,ERR,ERR,ERR,ERR,ERR,ERR,ERR,ERR,ERR,ERR,ERR,ERR,ERR,ERR,ERR,ERR,ERR,ERR,ERR,ERR,ERR,ERR,ERR,ERR,ERR,ERR,ERR,ERR,ERR,ERR,ERR,ERR,ERR,ERR,ERR,ERR,ERR,ERR,ERR,ERR,ERR,ERR,ERR,ERR,ERR,ERR,ERR,0.0,-0.0,-101055584.0,0.0,0.0,0.0,0.0,nan,0,0,0,32768,0,0.0,0,0.0,0.0,0.0,0.0,0.0,0,0,0,0,0.0,0,0,0,0,0,0,0,0,0,0,0,0,0,0,0,0,0,0,0,0,0,0,0,0,0,0,0,0,0,0,0,0,0,0,0,0,0,0,0,0,0,0,0,0,0.0,0.0,0.0,0.0,0.0,0.0,0.0,0.0,0.0,0.0,0.0,0.0,0.0,0.0,0.0,0.0,0.0,0.0,0.0,0.0,0.0,0.0,-0.0,-2.004,-2.004,-0.0,0.0,0.0,0.0,0.0,3379.0,-0.0,0.0,0.0,-0.0,-0.0,2.7184274988523002e+23,0.0,0.0,0.0,0.0,0,-0.0,1.905674755852206e+17,0.0,0.0,0.0,0.0,0.0,0.0,0.0,0,0,0,0.0,0.0,0.0,0.0,0.0,0.0,0.0,0.0,0.0,0.0,0.0,0.0,0.0,0.0,0.0,0.0,0,-107875648.0,0,0.0,0,-107875648.0,-107877712.0,0,13107,17039,26215,17053,39322,17037,0,0,0,110,100,100,0.0,64.0,0.0,64.9,-107615304.0,68.5,1,49,50,180,0,26215,0,0,0.0,0.0,0.0,0.0,-8.282303944304314e+29,65.0,0.0,-0.0,0.0,645,0,687,0,0,0,715,0,787,0,708,0,689,0,645,0,641,0,617,0.032,37224448.0,2.004,-107615152.0,37136,16788,-3.4634445850641695e+18,-0.0,-0.0,-48116686848.0,7.897878927714067e+20,-372.504,29.0,60.0,70,0.0,0.0,0.0,0.0,0.0,0.0,0.0,0.0,0.0,0.0,0.0,0.0,0.0,0.0,0.0,0.0,59.2,68,11,65509,41,65476,0,300,0,0,8,20529,65476,0,0,61604,60.0,0.0,0.0,0.0,0.0,0.0
2026-04-04T11:34:13,ERR,ERR,ERR,ERR,ERR,ERR,ERR,ERR,ERR,ERR,ERR,ERR,ERR,ERR,ERR,ERR,ERR,ERR,ERR,ERR,ERR,ERR,ERR,ERR,ERR,ERR,ERR,ERR,ERR,ERR,ERR,ERR,ERR,ERR,ERR,ERR,ERR,ERR,ERR,ERR,ERR,ERR,ERR,ERR,ERR,ERR,ERR,ERR,ERR,ERR,ERR,ERR,ERR,ERR,ERR,ERR,ERR,ERR,ERR,ERR,ERR,ERR,ERR,ERR,ERR,ERR,ERR,ERR,ERR,ERR,ERR,ERR,ERR,ERR,ERR,ERR,ERR,ERR,ERR,ERR,ERR,ERR,ERR,ERR,ERR,ERR,ERR,ERR,ERR,ERR,ERR,ERR,ERR,ERR,ERR,ERR,ERR,ERR,ERR,ERR,ERR,ERR,ERR,ERR,ERR,ERR,ERR,ERR,ERR,ERR,ERR,ERR,ERR,ERR,ERR,ERR,ERR,ERR,ERR,ERR,ERR,ERR,ERR,ERR,ERR,0.0,-0.0,-101055584.0,0.0,0.0,0.0,0.0,nan,0,0,0,32768,0,0.0,0,0.0,0.0,0.0,0.0,0.0,0,0,0,0,0.0,0,0,0,0,0,0,0,0,0,0,0,0,0,0,0,0,0,0,0,0,0,0,0,0,0,0,0,0,0,0,0,0,0,0,0,0,0,0,0,0,0,0,0,0,0.0,0.0,0.0,0.0,0.0,0.0,0.0,0.0,0.0,0.0,0.0,0.0,0.0,0.0,0.0,0.0,0.0,0.0,0.0,0.0,0.0,0.0,-0.0,-2.004,-2.004,-0.0,0.0,0.0,0.0,0.0,3379.0,-0.0,0.0,0.0,-0.0,-0.0,2.7184274988523002e+23,0.0,0.0,0.0,0.0,0,-0.0,1.905674755852206e+17,0.0,0.0,0.0,0.0,0.0,0.0,0.0,0,0,0,0.0,0.0,0.0,0.0,0.0,0.0,0.0,0.0,0.0,0.0,0.0,0.0,0.0,0.0,0.0,0.0,0,-107875648.0,0,0.0,0,-107875648.0,-107877712.0,0,13107,17039,26215,17053,39322,17037,0,0,0,110,100,100,0.0,64.0,0.0,64.9,-107615304.0,68.5,1,49,50,180,0,26215,0,0,0.0,0.0,0.0,0.0,-8.282303944304314e+29,65.0,0.0,-0.0,0.0,645,0,687,0,0,0,715,0,787,0,708,0,689,0,645,0,641,0,617,0.032,37224448.0,2.004,-107615152.0,37136,16788,-3.4634445850641695e+18,-0.0,-0.0,-48116686848.0,7.897878927714067e+20,-372.504,29.0,60.0,70,0.0,0.0,0.0,0.0,0.0,0.0,0.0,0.0,0.0,0.0,0.0,0.0,0.0,0.0,0.0,0.0,59.2,68,11,65509,41,65476,0,300,0,0,8,20529,65476,0,0,61604,60.0,0.0,0.0,0.0,0.0,0.0
2026-04-04T11:34:14,ERR,ERR,ERR,ERR,ERR,ERR,ERR,ERR,ERR,ERR,ERR,ERR,ERR,ERR,ERR,ERR,ERR,ERR,ERR,ERR,ERR,ERR,ERR,ERR,ERR,ERR,ERR,ERR,ERR,ERR,ERR,ERR,ERR,ERR,ERR,ERR,ERR,ERR,ERR,ERR,ERR,ERR,ERR,ERR,ERR,ERR,ERR,ERR,ERR,ERR,ERR,ERR,ERR,ERR,ERR,ERR,ERR,ERR,ERR,ERR,ERR,ERR,ERR,ERR,ERR,ERR,ERR,ERR,ERR,ERR,ERR,ERR,ERR,ERR,ERR,ERR,ERR,ERR,ERR,ERR,ERR,ERR,ERR,ERR,ERR,ERR,ERR,ERR,ERR,ERR,ERR,ERR,ERR,ERR,ERR,ERR,ERR,ERR,ERR,ERR,ERR,ERR,ERR,ERR,ERR,ERR,ERR,ERR,ERR,ERR,ERR,ERR,ERR,ERR,ERR,ERR,ERR,ERR,ERR,ERR,ERR,ERR,ERR,ERR,ERR,0.0,-0.0,-101055584.0,0.0,0.0,0.0,0.0,nan,0,0,0,32768,0,0.0,0,0.0,0.0,0.0,0.0,0.0,0,0,0,0,0.0,0,0,0,0,0,0,0,0,0,0,0,0,0,0,0,0,0,0,0,0,0,0,0,0,0,0,0,0,0,0,0,0,0,0,0,0,0,0,0,0,0,0,0,0,0.0,0.0,0.0,0.0,0.0,0.0,0.0,0.0,0.0,0.0,0.0,0.0,0.0,0.0,0.0,0.0,0.0,0.0,0.0,0.0,0.0,0.0,-0.0,-2.004,-2.004,-0.0,0.0,0.0,0.0,0.0,3379.0,-0.0,0.0,0.0,-0.0,-0.0,2.7184274988523002e+23,0.0,0.0,0.0,0.0,0,-0.0,1.905674755852206e+17,0.0,0.0,0.0,0.0,0.0,0.0,0.0,0,0,0,0.0,0.0,0.0,0.0,0.0,0.0,0.0,0.0,0.0,0.0,0.0,0.0,0.0,0.0,0.0,0.0,0,-107875648.0,0,0.0,0,-107875648.0,-107877712.0,0,13107,17039,26215,17053,39322,17037,0,0,0,110,100,100,0.0,64.0,0.0,64.9,-107615304.0,68.5,1,49,50,180,0,26215,0,0,0.0,0.0,0.0,0.0,-8.282303944304314e+29,65.0,0.0,-0.0,0.0,645,0,687,0,0,0,715,0,787,0,708,0,689,0,645,0,641,0,617,0.032,37224448.0,2.004,-107615152.0,37136,16788,-3.4634445850641695e+18,-0.0,-0.0,-48116686848.0,7.897878927714067e+20,-372.504,29.0,60.0,70,0.0,0.0,0.0,0.0,0.0,0.0,0.0,0.0,0.0,0.0,0.0,0.0,0.0,0.0,0.0,0.0,59.2,68,11,65509,41,65476,0,300,0,0,8,20529,65476,0,0,61604,60.0,0.0,0.0,0.0,0.0,0.0
2026-04-04T11:34:15,ERR,ERR,ERR,ERR,ERR,ERR,ERR,ERR,ERR,ERR,ERR,ERR,ERR,ERR,ERR,ERR,ERR,ERR,ERR,ERR,ERR,ERR,ERR,ERR,ERR,ERR,ERR,ERR,ERR,ERR,ERR,ERR,ERR,ERR,ERR,ERR,ERR,ERR,ERR,ERR,ERR,ERR,ERR,ERR,ERR,ERR,ERR,ERR,ERR,ERR,ERR,ERR,ERR,ERR,ERR,ERR,ERR,ERR,ERR,ERR,ERR,ERR,ERR,ERR,ERR,ERR,ERR,ERR,ERR,ERR,ERR,ERR,ERR,ERR,ERR,ERR,ERR,ERR,ERR,ERR,ERR,ERR,ERR,ERR,ERR,ERR,ERR,ERR,ERR,ERR,ERR,ERR,ERR,ERR,ERR,ERR,ERR,ERR,ERR,ERR,ERR,ERR,ERR,ERR,ERR,ERR,ERR,ERR,ERR,ERR,ERR,ERR,ERR,ERR,ERR,ERR,ERR,ERR,ERR,ERR,ERR,ERR,ERR,ERR,ERR,0.0,-0.0,-101055584.0,0.0,0.0,0.0,0.0,nan,0,0,0,32768,0,0.0,0,0.0,0.0,0.0,0.0,0.0,0,0,0,0,0.0,0,0,0,0,0,0,0,0,0,0,0,0,0,0,0,0,0,0,0,0,0,0,0,0,0,0,0,0,0,0,0,0,0,0,0,0,0,0,0,0,0,0,0,0,0.0,0.0,0.0,0.0,0.0,0.0,0.0,0.0,0.0,0.0,0.0,0.0,0.0,0.0,0.0,0.0,0.0,0.0,0.0,0.0,0.0,0.0,-0.0,-2.004,-2.004,-0.0,0.0,0.0,0.0,0.0,3378.0,3.697154027885167e+19,0.0,0.0,-0.0,-0.0,2.7184274988523002e+23,0.0,0.0,0.0,0.0,0,-0.0,89220.055,0.0,0.0,0.0,0.0,0.0,0.0,0.0,0,0,0,0.0,0.0,0.0,0.0,0.0,0.0,0.0,0.0,0.0,0.0,0.0,0.0,0.0,0.0,0.0,0.0,0,-107875648.0,0,0.0,0,-107875648.0,-107877712.0,0,13107,17039,26215,17053,39322,17037,0,0,0,110,100,100,0.0,64.0,0.0,64.9,-107615304.0,68.5,1,49,50,180,0,26215,0,0,0.0,0.0,0.0,0.0,-8.282303944304314e+29,65.0,0.0,-0.0,0.0,645,0,687,0,0,0,715,0,787,0,708,0,689,0,645,0,641,0,617,0.032,37224448.0,2.004,-107615152.0,37136,16788,-3.4634445850641695e+18,-0.0,-0.0,-48116686848.0,7.897878927714067e+20,-372.504,29.0,60.0,70,0.0,0.0,0.0,0.0,0.0,0.0,0.0,0.0,0.0,0.0,0.0,0.0,0.0,0.0,0.0,0.0,59.2,68,11,65509,41,65476,0,300,0,0,8,20529,65476,0,0,61604,60.0,0.0,0.0,0.0,0.0,0.0
2026-04-04T11:34:16,ERR,ERR,ERR,ERR,ERR,ERR,ERR,ERR,ERR,ERR,ERR,ERR,ERR,ERR,ERR,ERR,ERR,ERR,ERR,ERR,ERR,ERR,ERR,ERR,ERR,ERR,ERR,ERR,ERR,ERR,ERR,ERR,ERR,ERR,ERR,ERR,ERR,ERR,ERR,ERR,ERR,ERR,ERR,ERR,ERR,ERR,ERR,ERR,ERR,ERR,ERR,ERR,ERR,ERR,ERR,ERR,ERR,ERR,ERR,ERR,ERR,ERR,ERR,ERR,ERR,ERR,ERR,ERR,ERR,ERR,ERR,ERR,ERR,ERR,ERR,ERR,ERR,ERR,ERR,ERR,ERR,ERR,ERR,ERR,ERR,ERR,ERR,ERR,ERR,ERR,ERR,ERR,ERR,ERR,ERR,ERR,ERR,ERR,ERR,ERR,ERR,ERR,ERR,ERR,ERR,ERR,ERR,ERR,ERR,ERR,ERR,ERR,ERR,ERR,ERR,ERR,ERR,ERR,ERR,ERR,ERR,ERR,ERR,ERR,ERR,0.0,-0.0,-101055584.0,0.0,0.0,0.0,0.0,nan,0,0,0,32768,0,0.0,0,0.0,0.0,0.0,0.0,0.0,0,0,0,0,0.0,0,0,0,0,0,0,0,0,0,0,0,0,0,0,0,0,0,0,0,0,0,0,0,0,0,0,0,0,0,0,0,0,0,0,0,0,0,0,0,0,0,0,0,0,0.0,0.0,0.0,0.0,0.0,0.0,0.0,0.0,0.0,0.0,0.0,0.0,0.0,0.0,0.0,0.0,0.0,0.0,0.0,0.0,0.0,0.0,-0.0,-2.004,-2.004,-0.0,0.0,0.0,0.0,0.0,3378.0,3.697154027885167e+19,0.0,0.0,-0.0,-0.0,2.7184274988523002e+23,0.0,0.0,0.0,0.0,0,-0.0,89220.055,0.0,0.0,0.0,0.0,0.0,0.0,0.0,0,0,0,0.0,0.0,0.0,0.0,0.0,0.0,0.0,0.0,0.0,0.0,0.0,0.0,0.0,0.0,0.0,0.0,0,-107875648.0,0,0.0,0,-107875648.0,-107877712.0,0,13107,17039,26215,17053,39322,17037,0,0,0,110,100,100,0.0,64.0,0.0,64.9,-107615304.0,68.5,1,49,50,180,0,26215,0,0,0.0,0.0,0.0,0.0,-2923594240.0,65.0,0.0,0.0,0.0,645,0,687,0,0,0,716,0,787,0,708,0,689,0,645,0,641,0,617,0.032,36700160.0,2.004,-107615152.0,38288,16788,-0.107,-1.0561453159686997e+37,5.3302959768261575e+34,4.290099230550457e+35,1931543680.0,-0.0,29.0,60.0,70,0.0,0.0,0.0,0.0,0.0,0.0,0.0,0.0,0.0,0.0,0.0,0.0,0.0,0.0,0.0,0.0,59.2,68,11,65509,41,65476,0,300,0,0,8,20529,65476,0,0,61604,60.0,0.0,0.0,0.0,0.0,0.0
2026-04-04T11:34:17,ERR,ERR,ERR,ERR,ERR,ERR,ERR,ERR,ERR,ERR,ERR,ERR,ERR,ERR,ERR,ERR,ERR,ERR,ERR,ERR,ERR,ERR,ERR,ERR,ERR,ERR,ERR,ERR,ERR,ERR,ERR,ERR,ERR,ERR,ERR,ERR,ERR,ERR,ERR,ERR,ERR,ERR,ERR,ERR,ERR,ERR,ERR,ERR,ERR,ERR,ERR,ERR,ERR,ERR,ERR,ERR,ERR,ERR,ERR,ERR,ERR,ERR,ERR,ERR,ERR,ERR,ERR,ERR,ERR,ERR,ERR,ERR,ERR,ERR,ERR,ERR,ERR,ERR,ERR,ERR,ERR,ERR,ERR,ERR,ERR,ERR,ERR,ERR,ERR,ERR,ERR,ERR,ERR,ERR,ERR,ERR,ERR,ERR,ERR,ERR,ERR,ERR,ERR,ERR,ERR,ERR,ERR,ERR,ERR,ERR,ERR,ERR,ERR,ERR,ERR,ERR,ERR,ERR,ERR,ERR,ERR,ERR,ERR,ERR,ERR,0.0,-0.0,-101055584.0,0.0,0.0,0.0,0.0,nan,0,0,0,32768,0,0.0,0,0.0,0.0,0.0,0.0,0.0,0,0,0,0,0.0,0,0,0,0,0,0,0,0,0,0,0,0,0,0,0,0,0,0,0,0,0,0,0,0,0,0,0,0,0,0,0,0,0,0,0,0,0,0,0,0,0,0,0,0,0.0,0.0,0.0,0.0,0.0,0.0,0.0,0.0,0.0,0.0,0.0,0.0,0.0,0.0,0.0,0.0,0.0,0.0,0.0,0.0,0.0,0.0,-0.0,-2.004,-2.004,-0.0,0.0,0.0,0.0,0.0,3378.0,3.697154027885167e+19,0.0,0.0,-0.0,-0.0,2.7184274988523002e+23,0.0,0.0,0.0,0.0,0,-0.0,89220.055,0.0,0.0,0.0,0.0,0.0,0.0,0.0,0,0,0,0.0,0.0,0.0,0.0,0.0,0.0,0.0,0.0,0.0,0.0,0.0,0.0,0.0,0.0,0.0,0.0,0,-107875648.0,0,0.0,0,-107875648.0,-107877712.0,0,13107,17039,26215,17053,39322,17037,0,0,0,110,100,100,0.0,64.0,0.0,64.9,-107615304.0,68.5,1,49,50,180,0,26215,0,0,0.0,0.0,0.0,0.0,-2923594240.0,65.0,0.0,0.0,0.0,645,0,687,0,0,0,716,0,787,0,708,0,689,0,645,0,641,0,617,0.032,36700160.0,2.004,-107615152.0,38288,16788,-0.107,-1.0561453159686997e+37,5.3302959768261575e+34,4.290099230550457e+35,1931543680.0,-0.0,29.0,60.0,70,0.0,0.0,0.0,0.0,0.0,0.0,0.0,0.0,0.0,0.0,0.0,0.0,0.0,0.0,0.0,0.0,59.2,68,11,65509,41,65476,0,300,0,0,8,20529,65476,0,0,61604,60.0,0.0,0.0,0.0,0.0,0.0
2026-04-04T11:34:18,ERR,ERR,ERR,ERR,ERR,ERR,ERR,ERR,ERR,ERR,ERR,ERR,ERR,ERR,ERR,ERR,ERR,ERR,ERR,ERR,ERR,ERR,ERR,ERR,ERR,ERR,ERR,ERR,ERR,ERR,ERR,ERR,ERR,ERR,ERR,ERR,ERR,ERR,ERR,ERR,ERR,ERR,ERR,ERR,ERR,ERR,ERR,ERR,ERR,ERR,ERR,ERR,ERR,ERR,ERR,ERR,ERR,ERR,ERR,ERR,ERR,ERR,ERR,ERR,ERR,ERR,ERR,ERR,ERR,ERR,ERR,ERR,ERR,ERR,ERR,ERR,ERR,ERR,ERR,ERR,ERR,ERR,ERR,ERR,ERR,ERR,ERR,ERR,ERR,ERR,ERR,ERR,ERR,ERR,ERR,ERR,ERR,ERR,ERR,ERR,ERR,ERR,ERR,ERR,ERR,ERR,ERR,ERR,ERR,ERR,ERR,ERR,ERR,ERR,ERR,ERR,ERR,ERR,ERR,ERR,ERR,ERR,ERR,ERR,ERR,0.0,-0.0,-101055584.0,0.0,0.0,0.0,0.0,nan,0,0,0,32768,0,0.0,0,0.0,0.0,0.0,0.0,0.0,0,0,0,0,0.0,0,0,0,0,0,0,0,0,0,0,0,0,0,0,0,0,0,0,0,0,0,0,0,0,0,0,0,0,0,0,0,0,0,0,0,0,0,0,0,0,0,0,0,0,0.0,0.0,0.0,0.0,0.0,0.0,0.0,0.0,0.0,0.0,0.0,0.0,0.0,0.0,0.0,0.0,0.0,0.0,0.0,0.0,0.0,0.0,-0.0,-2.004,-2.004,-0.0,0.0,0.0,0.0,0.0,3378.0,3.697154027885167e+19,0.0,0.0,-0.0,-0.0,2.7184274988523002e+23,0.0,0.0,0.0,0.0,0,-0.0,89220.055,0.0,0.0,0.0,0.0,0.0,0.0,0.0,0,0,0,0.0,0.0,0.0,0.0,0.0,0.0,0.0,0.0,0.0,0.0,0.0,0.0,0.0,0.0,0.0,0.0,0,-107875648.0,0,0.0,0,-107875648.0,-107877712.0,0,13107,17039,26215,17053,39322,17037,0,0,0,110,100,100,0.0,64.0,0.0,64.9,-107615304.0,68.5,1,49,50,180,0,26215,0,0,0.0,0.0,0.0,0.0,-2923594240.0,65.0,0.0,0.0,0.0,645,0,687,0,0,0,716,0,787,0,708,0,689,0,645,0,641,0,617,0.032,36700160.0,2.004,-107615152.0,38288,16788,-0.107,-1.0561453159686997e+37,5.3302959768261575e+34,4.290099230550457e+35,1931543680.0,-0.0,29.0,60.0,70,0.0,0.0,0.0,0.0,0.0,0.0,0.0,0.0,0.0,0.0,0.0,0.0,0.0,0.0,0.0,0.0,59.2,68,11,65509,41,65476,0,300,0,0,8,20529,65476,0,0,61604,60.0,0.0,0.0,0.0,0.0,0.0
2026-04-04T11:34:19,ERR,ERR,ERR,ERR,ERR,ERR,ERR,ERR,ERR,ERR,ERR,ERR,ERR,ERR,ERR,ERR,ERR,ERR,ERR,ERR,ERR,ERR,ERR,ERR,ERR,ERR,ERR,ERR,ERR,ERR,ERR,ERR,ERR,ERR,ERR,ERR,ERR,ERR,ERR,ERR,ERR,ERR,ERR,ERR,ERR,ERR,ERR,ERR,ERR,ERR,ERR,ERR,ERR,ERR,ERR,ERR,ERR,ERR,ERR,ERR,ERR,ERR,ERR,ERR,ERR,ERR,ERR,ERR,ERR,ERR,ERR,ERR,ERR,ERR,ERR,ERR,ERR,ERR,ERR,ERR,ERR,ERR,ERR,ERR,ERR,ERR,ERR,ERR,ERR,ERR,ERR,ERR,ERR,ERR,ERR,ERR,ERR,ERR,ERR,ERR,ERR,ERR,ERR,ERR,ERR,ERR,ERR,ERR,ERR,ERR,ERR,ERR,ERR,ERR,ERR,ERR,ERR,ERR,ERR,ERR,ERR,ERR,ERR,ERR,ERR,0.0,-0.0,-101055584.0,0.0,0.0,0.0,0.0,nan,0,0,0,32768,0,0.0,0,0.0,0.0,0.0,0.0,0.0,0,0,0,0,0.0,0,0,0,0,0,0,0,0,0,0,0,0,0,0,0,0,0,0,0,0,0,0,0,0,0,0,0,0,0,0,0,0,0,0,0,0,0,0,0,0,0,0,0,0,0.0,0.0,0.0,0.0,0.0,0.0,0.0,0.0,0.0,0.0,0.0,0.0,0.0,0.0,0.0,0.0,0.0,0.0,0.0,0.0,0.0,0.0,-0.0,-2.004,-2.004,-0.0,0.0,0.0,0.0,0.0,3378.0,3.697154027885167e+19,0.0,0.0,-0.0,-0.0,2.7184274988523002e+23,0.0,0.0,0.0,0.0,0,-0.0,89220.055,0.0,0.0,0.0,0.0,0.0,0.0,0.0,0,0,0,0.0,0.0,0.0,0.0,0.0,0.0,0.0,0.0,0.0,0.0,0.0,0.0,0.0,0.0,0.0,0.0,0,-107875648.0,0,0.0,0,-107875648.0,-107877712.0,0,13107,17039,26215,17053,39322,17037,0,0,0,110,100,100,0.0,64.0,0.0,64.9,-107615304.0,68.5,1,49,50,180,0,26215,0,0,0.0,0.0,0.0,0.0,-2923594240.0,65.0,0.0,0.0,0.0,645,0,687,0,0,0,716,0,787,0,708,0,689,0,645,0,641,0,617,0.032,36700160.0,2.004,-107615152.0,38288,16788,-0.107,-1.0561453159686997e+37,5.3302959768261575e+34,4.290099230550457e+35,1931543680.0,-0.0,29.0,60.0,70,0.0,0.0,0.0,0.0,0.0,0.0,0.0,0.0,0.0,0.0,0.0,0.0,0.0,0.0,0.0,0.0,59.2,68,11,65509,41,65476,0,300,0,0,8,20529,65476,0,0,61604,60.0,0.0,0.0,0.0,0.0,0.0
2026-04-04T11:34:20,ERR,ERR,ERR,ERR,ERR,ERR,ERR,ERR,ERR,ERR,ERR,ERR,ERR,ERR,ERR,ERR,ERR,ERR,ERR,ERR,ERR,ERR,ERR,ERR,ERR,ERR,ERR,ERR,ERR,ERR,ERR,ERR,ERR,ERR,ERR,ERR,ERR,ERR,ERR,ERR,ERR,ERR,ERR,ERR,ERR,ERR,ERR,ERR,ERR,ERR,ERR,ERR,ERR,ERR,ERR,ERR,ERR,ERR,ERR,ERR,ERR,ERR,ERR,ERR,ERR,ERR,ERR,ERR,ERR,ERR,ERR,ERR,ERR,ERR,ERR,ERR,ERR,ERR,ERR,ERR,ERR,ERR,ERR,ERR,ERR,ERR,ERR,ERR,ERR,ERR,ERR,ERR,ERR,ERR,ERR,ERR,ERR,ERR,ERR,ERR,ERR,ERR,ERR,ERR,ERR,ERR,ERR,ERR,ERR,ERR,ERR,ERR,ERR,ERR,ERR,ERR,ERR,ERR,ERR,ERR,ERR,ERR,ERR,ERR,ERR,0.0,-0.0,-101055584.0,0.0,0.0,0.0,0.0,nan,0,0,0,32768,0,0.0,0,0.0,0.0,0.0,0.0,0.0,0,0,0,0,0.0,0,0,0,0,0,0,0,0,0,0,0,0,0,0,0,0,0,0,0,0,0,0,0,0,0,0,0,0,0,0,0,0,0,0,0,0,0,0,0,0,0,0,0,0,0.0,0.0,0.0,0.0,0.0,0.0,0.0,0.0,0.0,0.0,0.0,0.0,0.0,0.0,0.0,0.0,0.0,0.0,0.0,0.0,0.0,0.0,-0.0,-2.004,-2.004,-0.0,0.0,0.0,0.0,0.0,3378.0,3.697154027885167e+19,0.0,0.0,-0.0,-0.0,2.7184274988523002e+23,0.0,0.0,0.0,0.0,0,-0.0,89220.055,0.0,0.0,0.0,0.0,0.0,0.0,0.0,0,0,0,0.0,0.0,0.0,0.0,0.0,0.0,0.0,0.0,0.0,0.0,0.0,0.0,0.0,0.0,0.0,0.0,0,-107875648.0,0,0.0,0,-107875648.0,-107877712.0,0,13107,17039,26215,17053,39322,17037,0,0,0,110,100,100,0.0,64.0,0.0,64.9,-107615304.0,68.5,1,49,50,180,0,26215,0,0,0.0,0.0,0.0,0.0,-2923594240.0,65.0,0.0,0.0,0.0,645,0,687,0,0,0,716,0,787,0,708,0,689,0,645,0,641,0,617,0.032,36700160.0,2.004,-107615152.0,38288,16788,-0.107,-1.0561453159686997e+37,5.3302959768261575e+34,4.290099230550457e+35,1931543680.0,-0.0,29.0,60.0,70,0.0,0.0,0.0,0.0,0.0,0.0,0.0,0.0,0.0,0.0,0.0,0.0,0.0,0.0,0.0,0.0,59.2,68,11,65509,41,65476,0,300,0,0,8,20529,65476,0,0,61604,60.0,0.0,0.0,0.0,0.0,0.0
2026-04-04T11:34:21,ERR,ERR,ERR,ERR,ERR,ERR,ERR,ERR,ERR,ERR,ERR,ERR,ERR,ERR,ERR,ERR,ERR,ERR,ERR,ERR,ERR,ERR,ERR,ERR,ERR,ERR,ERR,ERR,ERR,ERR,ERR,ERR,ERR,ERR,ERR,ERR,ERR,ERR,ERR,ERR,ERR,ERR,ERR,ERR,ERR,ERR,ERR,ERR,ERR,ERR,ERR,ERR,ERR,ERR,ERR,ERR,ERR,ERR,ERR,ERR,ERR,ERR,ERR,ERR,ERR,ERR,ERR,ERR,ERR,ERR,ERR,ERR,ERR,ERR,ERR,ERR,ERR,ERR,ERR,ERR,ERR,ERR,ERR,ERR,ERR,ERR,ERR,ERR,ERR,ERR,ERR,ERR,ERR,ERR,ERR,ERR,ERR,ERR,ERR,ERR,ERR,ERR,ERR,ERR,ERR,ERR,ERR,ERR,ERR,ERR,ERR,ERR,ERR,ERR,ERR,ERR,ERR,ERR,ERR,ERR,ERR,ERR,ERR,ERR,ERR,0.0,-0.0,-101055584.0,0.0,0.0,0.0,0.0,nan,0,0,0,32768,0,0.0,0,0.0,0.0,0.0,0.0,0.0,0,0,0,0,0.0,0,0,0,0,0,0,0,0,0,0,0,0,0,0,0,0,0,0,0,0,0,0,0,0,0,0,0,0,0,0,0,0,0,0,0,0,0,0,0,0,0,0,0,0,0.0,0.0,0.0,0.0,0.0,0.0,0.0,0.0,0.0,0.0,0.0,0.0,0.0,0.0,0.0,0.0,0.0,0.0,0.0,0.0,0.0,0.0,-0.0,-2.004,-2.004,-0.0,0.0,0.0,0.0,0.0,3378.0,3.697154027885167e+19,0.0,0.0,-0.0,-0.0,2.7184274988523002e+23,0.0,0.0,0.0,0.0,0,-0.0,89220.055,0.0,0.0,0.0,0.0,0.0,0.0,0.0,0,0,0,0.0,0.0,0.0,0.0,0.0,0.0,0.0,0.0,0.0,0.0,0.0,0.0,0.0,0.0,0.0,0.0,0,-107875648.0,0,0.0,0,-107875648.0,-107877712.0,0,13107,17039,26215,17053,39322,17037,0,0,0,110,100,100,0.0,64.0,0.0,64.9,-107615304.0,68.5,1,49,50,180,0,26215,0,0,0.0,0.0,0.0,0.0,-2923594240.0,65.0,0.0,0.0,0.0,645,0,687,0,0,0,716,0,787,0,708,0,689,0,645,0,641,0,617,0.032,36700160.0,2.004,-107615152.0,38288,16788,-0.107,-1.0561453159686997e+37,5.3302959768261575e+34,4.290099230550457e+35,1931543680.0,-0.0,29.0,60.0,70,0.0,0.0,0.0,0.0,0.0,0.0,0.0,0.0,0.0,0.0,0.0,0.0,0.0,0.0,0.0,0.0,59.2,68,11,65509,41,65476,0,300,0,0,8,20529,65476,0,0,61604,60.0,0.0,0.0,0.0,0.0,0.0
2026-04-04T11:34:22,ERR,ERR,ERR,ERR,ERR,ERR,ERR,ERR,ERR,ERR,ERR,ERR,ERR,ERR,ERR,ERR,ERR,ERR,ERR,ERR,ERR,ERR,ERR,ERR,ERR,ERR,ERR,ERR,ERR,ERR,ERR,ERR,ERR,ERR,ERR,ERR,ERR,ERR,ERR,ERR,ERR,ERR,ERR,ERR,ERR,ERR,ERR,ERR,ERR,ERR,ERR,ERR,ERR,ERR,ERR,ERR,ERR,ERR,ERR,ERR,ERR,ERR,ERR,ERR,ERR,ERR,ERR,ERR,ERR,ERR,ERR,ERR,ERR,ERR,ERR,ERR,ERR,ERR,ERR,ERR,ERR,ERR,ERR,ERR,ERR,ERR,ERR,ERR,ERR,ERR,ERR,ERR,ERR,ERR,ERR,ERR,ERR,ERR,ERR,ERR,ERR,ERR,ERR,ERR,ERR,ERR,ERR,ERR,ERR,ERR,ERR,ERR,ERR,ERR,ERR,ERR,ERR,ERR,ERR,ERR,ERR,ERR,ERR,ERR,ERR,0.0,-0.0,-101055584.0,0.0,0.0,0.0,0.0,nan,0,0,0,32768,0,0.0,0,0.0,0.0,0.0,0.0,0.0,0,0,0,0,0.0,0,0,0,0,0,0,0,0,0,0,0,0,0,0,0,0,0,0,0,0,0,0,0,0,0,0,0,0,0,0,0,0,0,0,0,0,0,0,0,0,0,0,0,0,0.0,0.0,0.0,0.0,0.0,0.0,0.0,0.0,0.0,0.0,0.0,0.0,0.0,0.0,0.0,0.0,0.0,0.0,0.0,0.0,0.0,0.0,-0.0,-2.004,-2.004,-0.0,0.0,0.0,0.0,0.0,3378.0,3.697154027885167e+19,0.0,0.0,-0.0,-0.0,2.7184274988523002e+23,0.0,0.0,0.0,0.0,0,-0.0,89220.055,0.0,0.0,0.0,0.0,0.0,0.0,0.0,0,0,0,0.0,0.0,0.0,0.0,0.0,0.0,0.0,0.0,0.0,0.0,0.0,0.0,0.0,0.0,0.0,0.0,0,-107875648.0,0,0.0,0,-107875648.0,-107877712.0,0,0,17039,26215,17053,39322,17037,0,0,0,110,100,100,0.0,64.0,0.0,64.9,-107615304.0,68.5,1,49,50,180,0,26215,0,0,0.0,0.0,0.0,0.0,-1049087836160.0,65.0,0.0,-0.0,0.0,645,0,687,0,0,0,715,0,787,0,708,0,689,0,645,0,641,0,617,0.032,36700160.0,2.004,-107615152.0,28944,16788,-1.205233848930848e+19,-0.0,-0.0,-2.216665132196211e+28,7.757149179920599e+21,-7592.064,29.0,60.0,70,0.0,0.0,0.0,0.0,0.0,0.0,0.0,0.0,0.0,0.0,0.0,0.0,0.0,0.0,0.0,0.0,59.2,68,11,65509,41,65476,0,300,0,0,8,20529,65476,0,0,61604,60.0,0.0,0.0,0.0,0.0,0.0
2026-04-04T11:34:23,ERR,ERR,ERR,ERR,ERR,ERR,ERR,ERR,ERR,ERR,ERR,ERR,ERR,ERR,ERR,ERR,ERR,ERR,ERR,ERR,ERR,ERR,ERR,ERR,ERR,ERR,ERR,ERR,ERR,ERR,ERR,ERR,ERR,ERR,ERR,ERR,ERR,ERR,ERR,ERR,ERR,ERR,ERR,ERR,ERR,ERR,ERR,ERR,ERR,ERR,ERR,ERR,ERR,ERR,ERR,ERR,ERR,ERR,ERR,ERR,ERR,ERR,ERR,ERR,ERR,ERR,ERR,ERR,ERR,ERR,ERR,ERR,ERR,ERR,ERR,ERR,ERR,ERR,ERR,ERR,ERR,ERR,ERR,ERR,ERR,ERR,ERR,ERR,ERR,ERR,ERR,ERR,ERR,ERR,ERR,ERR,ERR,ERR,ERR,ERR,ERR,ERR,ERR,ERR,ERR,ERR,ERR,ERR,ERR,ERR,ERR,ERR,ERR,ERR,ERR,ERR,ERR,ERR,ERR,ERR,ERR,ERR,ERR,ERR,ERR,0.0,-0.0,-101055584.0,0.0,0.0,0.0,0.0,nan,0,0,0,32768,0,0.0,0,0.0,0.0,0.0,0.0,0.0,0,0,0,0,0.0,0,0,0,0,0,0,0,0,0,0,0,0,0,0,0,0,0,0,0,0,0,0,0,0,0,0,0,0,0,0,0,0,0,0,0,0,0,0,0,0,0,0,0,0,0.0,0.0,0.0,0.0,0.0,0.0,0.0,0.0,0.0,0.0,0.0,0.0,0.0,0.0,-2.59620661244926e+33,0.0,0.0,0.0,0.0,0.0,0.0,0.0,-0.0,-2.004,-2.004,-0.0,0.0,0.0,0.0,0.0,3379.0,-0.0,0.0,0.0,-0.0,-0.0,2.7184274988523002e+23,0.0,0.0,0.0,0.0,0,-0.0,1.905674755852206e+17,0.0,0.0,0.0,0.0,0.0,0.0,0.0,0,0,0,0.0,0.0,0.0,0.0,0.0,0.0,0.0,0.0,0.0,0.0,0.0,0.0,0.0,0.0,0.0,0.0,0,-107875648.0,0,0.0,0,-107875648.0,-107877712.0,0,0,17039,26215,17053,39322,17037,0,0,0,110,100,100,0.0,64.0,0.0,64.9,-107615304.0,68.5,1,49,50,180,0,26215,0,0,0.0,0.0,0.0,0.0,-1049087836160.0,65.0,0.0,-0.0,0.0,645,0,687,0,0,0,715,0,787,0,708,0,689,0,645,0,641,0,617,0.032,36700160.0,2.004,-107615152.0,28944,16788,-1.205233848930848e+19,-0.0,-0.0,-2.216665132196211e+28,7.757149179920599e+21,-7592.064,29.0,60.0,70,0.0,0.0,0.0,0.0,0.0,0.0,0.0,0.0,0.0,0.0,0.0,0.0,0.0,0.0,0.0,0.0,59.2,68,11,65509,41,65476,0,300,0,0,8,20529,65476,0,0,61604,60.0,0.0,0.0,0.0,0.0,0.0
2026-04-04T11:34:24,ERR,ERR,ERR,ERR,ERR,ERR,ERR,ERR,ERR,ERR,ERR,ERR,ERR,ERR,ERR,ERR,ERR,ERR,ERR,ERR,ERR,ERR,ERR,ERR,ERR,ERR,ERR,ERR,ERR,ERR,ERR,ERR,ERR,ERR,ERR,ERR,ERR,ERR,ERR,ERR,ERR,ERR,ERR,ERR,ERR,ERR,ERR,ERR,ERR,ERR,ERR,ERR,ERR,ERR,ERR,ERR,ERR,ERR,ERR,ERR,ERR,ERR,ERR,ERR,ERR,ERR,ERR,ERR,ERR,ERR,ERR,ERR,ERR,ERR,ERR,ERR,ERR,ERR,ERR,ERR,ERR,ERR,ERR,ERR,ERR,ERR,ERR,ERR,ERR,ERR,ERR,ERR,ERR,ERR,ERR,ERR,ERR,ERR,ERR,ERR,ERR,ERR,ERR,ERR,ERR,ERR,ERR,ERR,ERR,ERR,ERR,ERR,ERR,ERR,ERR,ERR,ERR,ERR,ERR,ERR,ERR,ERR,ERR,ERR,ERR,0.0,-0.0,-101055584.0,0.0,0.0,0.0,0.0,nan,0,0,0,32768,0,0.0,0,0.0,0.0,0.0,0.0,0.0,0,0,0,0,0.0,0,0,0,0,0,0,0,0,0,0,0,0,0,0,0,0,0,0,0,0,0,0,0,0,0,0,0,0,0,0,0,0,0,0,0,0,0,0,0,0,0,0,0,0,0.0,0.0,0.0,0.0,0.0,0.0,0.0,0.0,0.0,0.0,0.0,0.0,0.0,0.0,-2.59620661244926e+33,0.0,0.0,0.0,0.0,0.0,0.0,0.0,-0.0,-2.004,-2.004,-0.0,0.0,0.0,0.0,0.0,3379.0,-0.0,0.0,0.0,-0.0,-0.0,2.7184274988523002e+23,0.0,0.0,0.0,0.0,0,-0.0,1.905674755852206e+17,0.0,0.0,0.0,0.0,0.0,0.0,0.0,0,0,0,0.0,0.0,0.0,0.0,0.0,0.0,0.0,0.0,0.0,0.0,0.0,0.0,0.0,0.0,0.0,0.0,0,-107875648.0,0,0.0,0,-107875648.0,-107877712.0,0,0,17039,26215,17053,39322,17037,0,0,0,110,100,100,0.0,64.0,0.0,64.9,-107615304.0,68.5,1,49,50,180,0,26215,0,0,0.0,0.0,0.0,0.0,-1049087836160.0,65.0,0.0,-0.0,0.0,645,0,687,0,0,0,715,0,787,0,708,0,689,0,645,0,641,0,617,0.032,36700160.0,2.004,-107615152.0,28944,16788,-1.205233848930848e+19,-0.0,-0.0,-2.216665132196211e+28,7.757149179920599e+21,-7592.064,29.0,60.0,70,0.0,0.0,0.0,0.0,0.0,0.0,0.0,0.0,0.0,0.0,0.0,0.0,0.0,0.0,0.0,0.0,59.2,68,11,65509,41,65476,0,300,0,0,8,20529,65476,0,0,61604,60.0,0.0,0.0,0.0,0.0,0.0
2026-04-04T11:34:25,ERR,ERR,ERR,ERR,ERR,ERR,ERR,ERR,ERR,ERR,ERR,ERR,ERR,ERR,ERR,ERR,ERR,ERR,ERR,ERR,ERR,ERR,ERR,ERR,ERR,ERR,ERR,ERR,ERR,ERR,ERR,ERR,ERR,ERR,ERR,ERR,ERR,ERR,ERR,ERR,ERR,ERR,ERR,ERR,ERR,ERR,ERR,ERR,ERR,ERR,ERR,ERR,ERR,ERR,ERR,ERR,ERR,ERR,ERR,ERR,ERR,ERR,ERR,ERR,ERR,ERR,ERR,ERR,ERR,ERR,ERR,ERR,ERR,ERR,ERR,ERR,ERR,ERR,ERR,ERR,ERR,ERR,ERR,ERR,ERR,ERR,ERR,ERR,ERR,ERR,ERR,ERR,ERR,ERR,ERR,ERR,ERR,ERR,ERR,ERR,ERR,ERR,ERR,ERR,ERR,ERR,ERR,ERR,ERR,ERR,ERR,ERR,ERR,ERR,ERR,ERR,ERR,ERR,ERR,ERR,ERR,ERR,ERR,ERR,ERR,0.0,-0.0,-101055584.0,0.0,0.0,0.0,0.0,nan,0,0,0,32768,0,0.0,0,0.0,0.0,0.0,0.0,0.0,0,0,0,0,0.0,0,0,0,0,0,0,0,0,0,0,0,0,0,0,0,0,0,0,0,0,0,0,0,0,0,0,0,0,0,0,0,0,0,0,0,0,0,0,0,0,0,0,0,0,0.0,0.0,0.0,0.0,0.0,0.0,0.0,0.0,0.0,0.0,0.0,0.0,0.0,0.0,-2.59620661244926e+33,0.0,0.0,0.0,0.0,0.0,0.0,0.0,-0.0,-2.004,-2.004,-0.0,0.0,0.0,0.0,0.0,3379.0,-0.0,0.0,0.0,-0.0,-0.0,2.7184274988523002e+23,0.0,0.0,0.0,0.0,0,-0.0,1.905674755852206e+17,0.0,0.0,0.0,0.0,0.0,0.0,0.0,0,0,0,0.0,0.0,0.0,0.0,0.0,0.0,0.0,0.0,0.0,0.0,0.0,0.0,0.0,0.0,0.0,0.0,0,-107875648.0,0,0.0,0,-107875648.0,-107877712.0,0,0,17039,26215,17053,39322,17037,0,0,0,110,100,100,0.0,64.0,0.0,64.9,-107615304.0,68.5,1,49,50,180,0,26215,0,0,0.0,0.0,0.0,0.0,-1049087836160.0,65.0,0.0,-0.0,0.0,645,0,687,0,0,0,715,0,787,0,708,0,689,0,645,0,641,0,617,0.032,36700160.0,2.004,-107615152.0,28944,16788,-1.205233848930848e+19,-0.0,-0.0,-2.216665132196211e+28,7.757149179920599e+21,-7592.064,29.0,60.0,70,0.0,0.0,0.0,0.0,0.0,0.0,0.0,0.0,0.0,0.0,0.0,0.0,0.0,0.0,0.0,0.0,59.6,68,11,65509,41,65476,0,300,0,0,8,20529,65476,0,0,61604,60.0,0.0,0.0,0.0,0.0,0.0
2026-04-04T11:34:26,ERR,ERR,ERR,ERR,ERR,ERR,ERR,ERR,ERR,ERR,ERR,ERR,ERR,ERR,ERR,ERR,ERR,ERR,ERR,ERR,ERR,ERR,ERR,ERR,ERR,ERR,ERR,ERR,ERR,ERR,ERR,ERR,ERR,ERR,ERR,ERR,ERR,ERR,ERR,ERR,ERR,ERR,ERR,ERR,ERR,ERR,ERR,ERR,ERR,ERR,ERR,ERR,ERR,ERR,ERR,ERR,ERR,ERR,ERR,ERR,ERR,ERR,ERR,ERR,ERR,ERR,ERR,ERR,ERR,ERR,ERR,ERR,ERR,ERR,ERR,ERR,ERR,ERR,ERR,ERR,ERR,ERR,ERR,ERR,ERR,ERR,ERR,ERR,ERR,ERR,ERR,ERR,ERR,ERR,ERR,ERR,ERR,ERR,ERR,ERR,ERR,ERR,ERR,ERR,ERR,ERR,ERR,ERR,ERR,ERR,ERR,ERR,ERR,ERR,ERR,ERR,ERR,ERR,ERR,ERR,ERR,ERR,ERR,ERR,ERR,0.0,-0.0,-101055584.0,0.0,0.0,0.0,0.0,nan,0,0,0,32768,0,0.0,0,0.0,0.0,0.0,0.0,0.0,0,0,0,0,0.0,0,0,0,0,0,0,0,0,0,0,0,0,0,0,0,0,0,0,0,0,0,0,0,0,0,0,0,0,0,0,0,0,0,0,0,0,0,0,0,0,0,0,0,0,0.0,0.0,0.0,0.0,0.0,0.0,0.0,0.0,0.0,0.0,0.0,0.0,0.0,0.0,-2.59620661244926e+33,0.0,0.0,0.0,0.0,0.0,0.0,0.0,-0.0,-2.004,-2.004,-0.0,0.0,0.0,0.0,0.0,3379.0,-0.0,0.0,0.0,-0.0,-0.0,2.7184274988523002e+23,0.0,0.0,0.0,0.0,0,-0.0,1.905674755852206e+17,0.0,0.0,0.0,0.0,0.0,0.0,0.0,0,0,0,0.0,0.0,0.0,0.0,0.0,0.0,0.0,0.0,0.0,0.0,0.0,0.0,0.0,0.0,0.0,0.0,0,-107875648.0,0,0.0,0,-107875648.0,-107877712.0,0,0,17039,26215,17053,39322,17037,0,0,0,110,100,100,0.0,64.0,0.0,64.9,-107615304.0,68.5,1,49,50,180,0,26215,0,0,0.0,0.0,0.0,0.0,-1049087836160.0,65.0,0.0,-0.0,0.0,645,0,687,0,0,0,715,0,787,0,708,0,689,0,645,0,641,0,617,0.032,36700160.0,2.004,-107615152.0,28944,16788,-1.205233848930848e+19,-0.0,-0.0,-2.216665132196211e+28,7.757149179920599e+21,-7592.064,29.0,60.0,70,0.0,0.0,0.0,0.0,0.0,0.0,0.0,0.0,0.0,0.0,0.0,0.0,0.0,0.0,0.0,0.0,59.6,68,11,65509,41,65476,0,300,0,0,8,20529,65476,0,0,61604,60.0,0.0,0.0,0.0,0.0,0.0
2026-04-04T11:34:27,ERR,ERR,ERR,ERR,ERR,ERR,ERR,ERR,ERR,ERR,ERR,ERR,ERR,ERR,ERR,ERR,ERR,ERR,ERR,ERR,ERR,ERR,ERR,ERR,ERR,ERR,ERR,ERR,ERR,ERR,ERR,ERR,ERR,ERR,ERR,ERR,ERR,ERR,ERR,ERR,ERR,ERR,ERR,ERR,ERR,ERR,ERR,ERR,ERR,ERR,ERR,ERR,ERR,ERR,ERR,ERR,ERR,ERR,ERR,ERR,ERR,ERR,ERR,ERR,ERR,ERR,ERR,ERR,ERR,ERR,ERR,ERR,ERR,ERR,ERR,ERR,ERR,ERR,ERR,ERR,ERR,ERR,ERR,ERR,ERR,ERR,ERR,ERR,ERR,ERR,ERR,ERR,ERR,ERR,ERR,ERR,ERR,ERR,ERR,ERR,ERR,ERR,ERR,ERR,ERR,ERR,ERR,ERR,ERR,ERR,ERR,ERR,ERR,ERR,ERR,ERR,ERR,ERR,ERR,ERR,ERR,ERR,ERR,ERR,ERR,0.0,-0.0,-101055584.0,0.0,0.0,0.0,0.0,nan,0,0,0,32768,0,0.0,0,0.0,0.0,0.0,0.0,0.0,0,0,0,0,0.0,0,0,0,0,0,0,0,0,0,0,0,0,0,0,0,0,0,0,0,0,0,0,0,0,0,0,0,0,0,0,0,0,0,0,0,0,0,0,0,0,0,0,0,0,0.0,0.0,0.0,0.0,0.0,0.0,0.0,0.0,0.0,0.0,0.0,0.0,0.0,0.0,-2.59620661244926e+33,0.0,0.0,0.0,0.0,0.0,0.0,0.0,-0.0,-2.004,-2.004,-0.0,0.0,0.0,0.0,0.0,3379.0,-0.0,0.0,0.0,-0.0,-0.0,2.7184274988523002e+23,0.0,0.0,0.0,0.0,0,-0.0,1.905674755852206e+17,0.0,0.0,0.0,0.0,0.0,0.0,0.0,0,0,0,0.0,0.0,0.0,0.0,0.0,0.0,0.0,0.0,0.0,0.0,0.0,0.0,0.0,0.0,0.0,0.0,0,-107875648.0,0,0.0,0,-107875648.0,-107877712.0,0,0,17039,26215,17053,39322,17037,0,0,0,110,100,100,0.0,64.0,0.0,64.9,-107615304.0,68.5,1,49,50,180,0,26215,0,0,0.0,0.0,0.0,0.0,-27034884.0,65.0,0.0,6.66537563420776e+30,0.0,645,0,687,0,0,0,715,0,787,0,708,0,689,0,645,0,641,0,617,0.032,36700160.0,2.004,-107615152.0,29840,16788,-537132972113920.0,3.581309081769722e+32,1.7118807643551505e+24,-7.793697579746571e+21,14992.509,-0.0,29.0,60.0,70,0.0,0.0,0.0,0.0,0.0,0.0,0.0,0.0,0.0,0.0,0.0,0.0,0.0,0.0,0.0,0.0,59.6,68,11,65509,41,65476,0,300,0,0,8,20529,65476,0,0,61604,60.0,0.0,0.0,0.0,0.0,0.0
2026-04-04T11:34:28,ERR,ERR,ERR,ERR,ERR,ERR,ERR,ERR,ERR,ERR,ERR,ERR,ERR,ERR,ERR,ERR,ERR,ERR,ERR,ERR,ERR,ERR,ERR,ERR,ERR,ERR,ERR,ERR,ERR,ERR,ERR,ERR,ERR,ERR,ERR,ERR,ERR,ERR,ERR,ERR,ERR,ERR,ERR,ERR,ERR,ERR,ERR,ERR,ERR,ERR,ERR,ERR,ERR,ERR,ERR,ERR,ERR,ERR,ERR,ERR,ERR,ERR,ERR,ERR,ERR,ERR,ERR,ERR,ERR,ERR,ERR,ERR,ERR,ERR,ERR,ERR,ERR,ERR,ERR,ERR,ERR,ERR,ERR,ERR,ERR,ERR,ERR,ERR,ERR,ERR,ERR,ERR,ERR,ERR,ERR,ERR,ERR,ERR,ERR,ERR,ERR,ERR,ERR,ERR,ERR,ERR,ERR,ERR,ERR,ERR,ERR,ERR,ERR,ERR,ERR,ERR,ERR,ERR,ERR,ERR,ERR,ERR,ERR,ERR,ERR,0.0,-0.0,-101055584.0,0.0,0.0,0.0,0.0,nan,0,0,0,32768,0,0.0,0,0.0,0.0,0.0,0.0,0.0,0,0,0,0,0.0,0,0,0,0,0,0,0,0,0,0,0,0,0,0,0,0,0,0,0,0,0,0,0,0,0,0,0,0,0,0,0,0,0,0,0,0,0,0,0,0,0,0,0,0,0.0,0.0,0.0,0.0,0.0,0.0,0.0,0.0,0.0,0.0,0.0,0.0,0.0,0.0,-2.59620661244926e+33,0.0,0.0,0.0,0.0,0.0,0.0,0.0,-0.0,-2.004,-2.004,-0.0,0.0,0.0,0.0,0.0,3379.0,-0.0,0.0,0.0,-0.0,-0.0,2.7184274988523002e+23,0.0,0.0,0.0,0.0,0,-0.0,1.905674755852206e+17,0.0,0.0,0.0,0.0,0.0,0.0,0.0,0,0,0,0.0,0.0,0.0,0.0,0.0,0.0,0.0,0.0,0.0,0.0,0.0,0.0,0.0,0.0,0.0,0.0,0,-107875648.0,0,0.0,0,-107875648.0,-107877712.0,0,0,17039,26215,17053,39322,17037,0,0,0,110,100,100,0.0,64.0,0.0,64.9,-107615304.0,68.5,1,49,50,180,0,26215,0,0,0.0,0.0,0.0,0.0,-27034884.0,65.0,0.0,6.66537563420776e+30,0.0,645,0,687,0,0,0,715,0,787,0,708,0,689,0,645,0,641,0,617,0.032,36700160.0,2.004,-107615152.0,29840,16788,-537132972113920.0,3.581309081769722e+32,1.7118807643551505e+24,-7.793697579746571e+21,14992.509,-0.0,29.0,60.0,70,0.0,0.0,0.0,0.0,0.0,0.0,0.0,0.0,0.0,0.0,0.0,0.0,0.0,0.0,0.0,0.0,59.6,68,11,65509,41,65476,0,300,0,0,8,20529,65476,0,0,61604,60.0,0.0,0.0,0.0,0.0,0.0
2026-04-04T11:34:29,ERR,ERR,ERR,ERR,ERR,ERR,ERR,ERR,ERR,ERR,ERR,ERR,ERR,ERR,ERR,ERR,ERR,ERR,ERR,ERR,ERR,ERR,ERR,ERR,ERR,ERR,ERR,ERR,ERR,ERR,ERR,ERR,ERR,ERR,ERR,ERR,ERR,ERR,ERR,ERR,ERR,ERR,ERR,ERR,ERR,ERR,ERR,ERR,ERR,ERR,ERR,ERR,ERR,ERR,ERR,ERR,ERR,ERR,ERR,ERR,ERR,ERR,ERR,ERR,ERR,ERR,ERR,ERR,ERR,ERR,ERR,ERR,ERR,ERR,ERR,ERR,ERR,ERR,ERR,ERR,ERR,ERR,ERR,ERR,ERR,ERR,ERR,ERR,ERR,ERR,ERR,ERR,ERR,ERR,ERR,ERR,ERR,ERR,ERR,ERR,ERR,ERR,ERR,ERR,ERR,ERR,ERR,ERR,ERR,ERR,ERR,ERR,ERR,ERR,ERR,ERR,ERR,ERR,ERR,ERR,ERR,ERR,ERR,ERR,ERR,0.0,-0.0,-101055584.0,0.0,0.0,0.0,0.0,nan,0,0,0,32768,0,0.0,0,0.0,0.0,0.0,0.0,0.0,0,0,0,0,0.0,0,0,0,0,0,0,0,0,0,0,0,0,0,0,0,0,0,0,0,0,0,0,0,0,0,0,0,0,0,0,0,0,0,0,0,0,0,0,0,0,0,0,0,0,0.0,0.0,0.0,0.0,0.0,0.0,0.0,0.0,0.0,0.0,0.0,0.0,0.0,0.0,-2.59620661244926e+33,0.0,0.0,0.0,0.0,0.0,0.0,0.0,-0.0,-2.004,-2.004,-0.0,0.0,0.0,0.0,0.0,3379.0,-0.0,0.0,0.0,-0.0,-0.0,2.7184274988523002e+23,0.0,0.0,0.0,0.0,0,-0.0,1.905674755852206e+17,0.0,0.0,0.0,0.0,0.0,0.0,0.0,0,0,0,0.0,0.0,0.0,0.0,0.0,0.0,0.0,0.0,0.0,0.0,0.0,0.0,0.0,0.0,0.0,0.0,0,-107875648.0,0,0.0,0,-107875648.0,-107877712.0,0,0,17039,26215,17053,39322,17037,0,0,0,110,100,100,0.0,64.0,0.0,64.9,-107615304.0,68.5,1,49,50,180,0,26215,0,0,0.0,0.0,0.0,0.0,-27034884.0,65.0,0.0,6.66537563420776e+30,0.0,645,0,687,0,0,0,715,0,787,0,708,0,689,0,645,0,641,0,617,0.032,36700160.0,2.004,-107615152.0,29840,16788,-537132972113920.0,3.581309081769722e+32,1.7118807643551505e+24,-7.793697579746571e+21,14992.509,-0.0,29.0,60.0,70,0.0,0.0,0.0,0.0,0.0,0.0,0.0,0.0,0.0,0.0,0.0,0.0,0.0,0.0,0.0,0.0,59.6,68,11,65509,41,65476,0,300,0,0,8,20529,65476,0,0,61604,60.0,0.0,0.0,0.0,0.0,0.0
2026-04-04T11:34:30,ERR,ERR,ERR,ERR,ERR,ERR,ERR,ERR,ERR,ERR,ERR,ERR,ERR,ERR,ERR,ERR,ERR,ERR,ERR,ERR,ERR,ERR,ERR,ERR,ERR,ERR,ERR,ERR,ERR,ERR,ERR,ERR,ERR,ERR,ERR,ERR,ERR,ERR,ERR,ERR,ERR,ERR,ERR,ERR,ERR,ERR,ERR,ERR,ERR,ERR,ERR,ERR,ERR,ERR,ERR,ERR,ERR,ERR,ERR,ERR,ERR,ERR,ERR,ERR,ERR,ERR,ERR,ERR,ERR,ERR,ERR,ERR,ERR,ERR,ERR,ERR,ERR,ERR,ERR,ERR,ERR,ERR,ERR,ERR,ERR,ERR,ERR,ERR,ERR,ERR,ERR,ERR,ERR,ERR,ERR,ERR,ERR,ERR,ERR,ERR,ERR,ERR,ERR,ERR,ERR,ERR,ERR,ERR,ERR,ERR,ERR,ERR,ERR,ERR,ERR,ERR,ERR,ERR,ERR,ERR,ERR,ERR,ERR,ERR,ERR,0.0,-0.0,-101055584.0,0.0,0.0,0.0,0.0,nan,0,0,0,32768,0,0.0,0,0.0,0.0,0.0,0.0,0.0,0,0,0,0,0.0,0,0,0,0,0,0,0,0,0,0,0,0,0,0,0,0,0,0,0,0,0,0,0,0,0,0,0,0,0,0,0,0,0,0,0,0,0,0,0,0,0,0,0,0,0.0,0.0,0.0,0.0,0.0,0.0,0.0,0.0,0.0,0.0,0.0,0.0,0.0,0.0,-2.59620661244926e+33,0.0,0.0,0.0,0.0,0.0,0.0,0.0,-0.0,-2.004,-2.004,-0.0,0.0,0.0,0.0,0.0,3380.0,-0.0,0.0,0.0,-0.0,-0.0,2.7184274988523002e+23,0.0,0.0,0.0,0.0,0,-0.0,89220.055,0.0,0.0,0.0,0.0,0.0,0.0,0.0,0,0,0,0.0,0.0,0.0,0.0,0.0,0.0,0.0,0.0,0.0,0.0,0.0,0.0,0.0,0.0,0.0,0.0,0,-107875648.0,0,0.0,0,-107875648.0,-107877712.0,0,0,17039,26215,17053,39322,17037,0,0,0,110,100,100,0.0,64.0,0.0,64.9,-107615304.0,68.5,1,49,50,180,0,26215,0,0,0.0,0.0,0.0,0.0,-27034884.0,65.0,0.0,6.66537563420776e+30,0.0,645,0,687,0,0,0,715,0,787,0,708,0,689,0,645,0,641,0,617,0.032,36700160.0,2.004,-107615152.0,29840,16788,-537132972113920.0,3.581309081769722e+32,1.7118807643551505e+24,-7.793697579746571e+21,14992.509,-0.0,29.0,60.0,70,0.0,0.0,0.0,0.0,0.0,0.0,0.0,0.0,0.0,0.0,0.0,0.0,0.0,0.0,0.0,0.0,59.2,68,11,65509,41,65476,0,300,0,0,8,20529,65476,0,0,61604,60.0,0.0,0.0,0.0,0.0,0.0
2026-04-04T11:34:31,ERR,ERR,ERR,ERR,ERR,ERR,ERR,ERR,ERR,ERR,ERR,ERR,ERR,ERR,ERR,ERR,ERR,ERR,ERR,ERR,ERR,ERR,ERR,ERR,ERR,ERR,ERR,ERR,ERR,ERR,ERR,ERR,ERR,ERR,ERR,ERR,ERR,ERR,ERR,ERR,ERR,ERR,ERR,ERR,ERR,ERR,ERR,ERR,ERR,ERR,ERR,ERR,ERR,ERR,ERR,ERR,ERR,ERR,ERR,ERR,ERR,ERR,ERR,ERR,ERR,ERR,ERR,ERR,ERR,ERR,ERR,ERR,ERR,ERR,ERR,ERR,ERR,ERR,ERR,ERR,ERR,ERR,ERR,ERR,ERR,ERR,ERR,ERR,ERR,ERR,ERR,ERR,ERR,ERR,ERR,ERR,ERR,ERR,ERR,ERR,ERR,ERR,ERR,ERR,ERR,ERR,ERR,ERR,ERR,ERR,ERR,ERR,ERR,ERR,ERR,ERR,ERR,ERR,ERR,ERR,ERR,ERR,ERR,ERR,ERR,0.0,-0.0,-101055584.0,0.0,0.0,0.0,0.0,nan,0,0,0,32768,0,0.0,0,0.0,0.0,0.0,0.0,0.0,0,0,0,0,0.0,0,0,0,0,0,0,0,0,0,0,0,0,0,0,0,0,0,0,0,0,0,0,0,0,0,0,0,0,0,0,0,0,0,0,0,0,0,0,0,0,0,0,0,0,0.0,0.0,0.0,0.0,0.0,0.0,0.0,0.0,0.0,0.0,0.0,0.0,0.0,0.0,-2.59620661244926e+33,0.0,0.0,0.0,0.0,0.0,0.0,0.0,-0.0,-2.004,-2.004,-0.0,0.0,0.0,0.0,0.0,3380.0,-0.0,0.0,0.0,-0.0,-0.0,2.7184274988523002e+23,0.0,0.0,0.0,0.0,0,-0.0,89220.055,0.0,0.0,0.0,0.0,0.0,0.0,0.0,0,0,0,0.0,0.0,0.0,0.0,0.0,0.0,0.0,0.0,0.0,0.0,0.0,0.0,0.0,0.0,0.0,0.0,0,-107875648.0,0,0.0,0,-107875648.0,-107877712.0,0,0,17039,26215,17053,39322,17037,0,0,0,110,100,100,0.0,64.0,0.0,64.9,-107615304.0,68.5,1,49,50,180,0,26215,0,0,0.0,0.0,0.0,0.0,-27034884.0,65.0,0.0,6.66537563420776e+30,0.0,645,0,687,0,0,0,715,0,787,0,708,0,689,0,645,0,641,0,617,0.032,36700160.0,2.004,-107615152.0,29840,16788,-537132972113920.0,3.581309081769722e+32,1.7118807643551505e+24,-7.793697579746571e+21,14992.509,-0.0,29.0,60.0,70,0.0,0.0,0.0,0.0,0.0,0.0,0.0,0.0,0.0,0.0,0.0,0.0,0.0,0.0,0.0,0.0,59.2,68,11,65509,41,65476,0,300,0,0,8,20529,65476,0,0,61604,60.0,0.0,0.0,0.0,0.0,0.0
2026-04-04T11:34:32,ERR,ERR,ERR,ERR,ERR,ERR,ERR,ERR,ERR,ERR,ERR,ERR,ERR,ERR,ERR,ERR,ERR,ERR,ERR,ERR,ERR,ERR,ERR,ERR,ERR,ERR,ERR,ERR,ERR,ERR,ERR,ERR,ERR,ERR,ERR,ERR,ERR,ERR,ERR,ERR,ERR,ERR,ERR,ERR,ERR,ERR,ERR,ERR,ERR,ERR,ERR,ERR,ERR,ERR,ERR,ERR,ERR,ERR,ERR,ERR,ERR,ERR,ERR,ERR,ERR,ERR,ERR,ERR,ERR,ERR,ERR,ERR,ERR,ERR,ERR,ERR,ERR,ERR,ERR,ERR,ERR,ERR,ERR,ERR,ERR,ERR,ERR,ERR,ERR,ERR,ERR,ERR,ERR,ERR,ERR,ERR,ERR,ERR,ERR,ERR,ERR,ERR,ERR,ERR,ERR,ERR,ERR,ERR,ERR,ERR,ERR,ERR,ERR,ERR,ERR,ERR,ERR,ERR,ERR,ERR,ERR,ERR,ERR,ERR,ERR,0.0,-0.0,-101055584.0,0.0,0.0,0.0,0.0,nan,0,0,0,32768,0,0.0,0,0.0,0.0,0.0,0.0,0.0,0,0,0,0,0.0,0,0,0,0,0,0,0,0,0,0,0,0,0,0,0,0,0,0,0,0,0,0,0,0,0,0,0,0,0,0,0,0,0,0,0,0,0,0,0,0,0,0,0,0,0.0,0.0,0.0,0.0,0.0,0.0,0.0,0.0,0.0,0.0,0.0,0.0,0.0,0.0,-2.59620661244926e+33,0.0,0.0,0.0,0.0,0.0,0.0,0.0,-0.0,-2.004,-2.004,-0.0,0.0,0.0,0.0,0.0,3380.0,-0.0,0.0,0.0,-0.0,-0.0,2.7184274988523002e+23,0.0,0.0,0.0,0.0,0,-0.0,89220.055,0.0,0.0,0.0,0.0,0.0,0.0,0.0,0,0,0,0.0,0.0,0.0,0.0,0.0,0.0,0.0,0.0,0.0,0.0,0.0,0.0,0.0,0.0,0.0,0.0,0,-107875648.0,0,0.0,0,-107875648.0,-107877712.0,0,0,17039,26215,17053,39322,17037,0,0,0,110,100,100,0.0,64.0,0.0,64.9,-107615304.0,68.5,1,49,50,180,0,26215,0,0,0.0,0.0,0.0,0.0,-27034884.0,65.0,0.0,6.66537563420776e+30,0.0,645,0,687,0,0,0,715,0,787,0,708,0,689,0,645,0,641,0,617,0.032,36700160.0,2.004,-107615152.0,29840,16788,-537132972113920.0,3.581309081769722e+32,1.7118807643551505e+24,-7.793697579746571e+21,14992.509,-0.0,29.0,60.0,70,0.0,0.0,0.0,0.0,0.0,0.0,0.0,0.0,0.0,0.0,0.0,0.0,0.0,0.0,0.0,0.0,59.2,68,11,65509,41,65476,0,300,0,0,8,20529,65476,0,0,61604,60.0,0.0,0.0,0.0,0.0,0.0
2026-04-04T11:34:33,ERR,ERR,ERR,ERR,ERR,ERR,ERR,ERR,ERR,ERR,ERR,ERR,ERR,ERR,ERR,ERR,ERR,ERR,ERR,ERR,ERR,ERR,ERR,ERR,ERR,ERR,ERR,ERR,ERR,ERR,ERR,ERR,ERR,ERR,ERR,ERR,ERR,ERR,ERR,ERR,ERR,ERR,ERR,ERR,ERR,ERR,ERR,ERR,ERR,ERR,ERR,ERR,ERR,ERR,ERR,ERR,ERR,ERR,ERR,ERR,ERR,ERR,ERR,ERR,ERR,ERR,ERR,ERR,ERR,ERR,ERR,ERR,ERR,ERR,ERR,ERR,ERR,ERR,ERR,ERR,ERR,ERR,ERR,ERR,ERR,ERR,ERR,ERR,ERR,ERR,ERR,ERR,ERR,ERR,ERR,ERR,ERR,ERR,ERR,ERR,ERR,ERR,ERR,ERR,ERR,ERR,ERR,ERR,ERR,ERR,ERR,ERR,ERR,ERR,ERR,ERR,ERR,ERR,ERR,ERR,ERR,ERR,ERR,ERR,ERR,0.0,-0.0,-101055584.0,0.0,0.0,0.0,0.0,nan,0,0,0,32768,0,0.0,0,0.0,0.0,0.0,0.0,0.0,0,0,0,0,0.0,0,0,0,0,0,0,0,0,0,0,0,0,0,0,0,0,0,0,0,0,0,0,0,0,0,0,0,0,0,0,0,0,0,0,0,0,0,0,0,0,0,0,0,0,0.0,0.0,0.0,0.0,0.0,0.0,0.0,0.0,0.0,0.0,0.0,0.0,0.0,0.0,-2.59620661244926e+33,0.0,0.0,0.0,0.0,0.0,0.0,0.0,-0.0,-2.004,-2.004,-0.0,0.0,0.0,0.0,0.0,3380.0,-0.0,0.0,0.0,-0.0,-0.0,2.7184274988523002e+23,0.0,0.0,0.0,0.0,0,-0.0,89220.055,0.0,0.0,0.0,0.0,0.0,0.0,0.0,0,0,0,0.0,0.0,0.0,0.0,0.0,0.0,0.0,0.0,0.0,0.0,0.0,0.0,0.0,0.0,0.0,0.0,0,-107875648.0,0,0.0,0,-107875648.0,-107877712.0,0,0,17039,26215,17053,39322,17037,0,0,0,110,100,100,0.0,64.0,0.0,64.9,-107615304.0,68.5,1,49,50,180,0,26215,0,0,0.0,0.0,0.0,0.0,-3.325206326221195e+21,65.0,0.0,-0.0,0.0,645,0,687,0,0,0,715,0,787,0,708,0,689,0,645,0,641,0,617,0.032,36700160.0,2.004,-107615152.0,56208,16788,-3.6911496781321062e+25,-0.0,-0.0,-2.738,9.671898627504548e+28,-22024869117952.0,29.0,60.0,70,0.0,0.0,0.0,0.0,0.0,0.0,0.0,0.0,0.0,0.0,0.0,0.0,0.0,0.0,0.0,0.0,59.2,68,11,65509,41,65476,0,300,0,0,8,20529,65476,0,0,61604,60.0,0.0,0.0,0.0,0.0,0.0
2026-04-04T11:34:34,ERR,ERR,ERR,ERR,ERR,ERR,ERR,ERR,ERR,ERR,ERR,ERR,ERR,ERR,ERR,ERR,ERR,ERR,ERR,ERR,ERR,ERR,ERR,ERR,ERR,ERR,ERR,ERR,ERR,ERR,ERR,ERR,ERR,ERR,ERR,ERR,ERR,ERR,ERR,ERR,ERR,ERR,ERR,ERR,ERR,ERR,ERR,ERR,ERR,ERR,ERR,ERR,ERR,ERR,ERR,ERR,ERR,ERR,ERR,ERR,ERR,ERR,ERR,ERR,ERR,ERR,ERR,ERR,ERR,ERR,ERR,ERR,ERR,ERR,ERR,ERR,ERR,ERR,ERR,ERR,ERR,ERR,ERR,ERR,ERR,ERR,ERR,ERR,ERR,ERR,ERR,ERR,ERR,ERR,ERR,ERR,ERR,ERR,ERR,ERR,ERR,ERR,ERR,ERR,ERR,ERR,ERR,ERR,ERR,ERR,ERR,ERR,ERR,ERR,ERR,ERR,ERR,ERR,ERR,ERR,ERR,ERR,ERR,ERR,ERR,0.0,-0.0,-101055584.0,0.0,0.0,0.0,0.0,nan,0,0,0,32768,0,0.0,0,0.0,0.0,0.0,0.0,0.0,0,0,0,0,0.0,0,0,0,0,0,0,0,0,0,0,0,0,0,0,0,0,0,0,0,0,0,0,0,0,0,0,0,0,0,0,0,0,0,0,0,0,0,0,0,0,0,0,0,0,0.0,0.0,0.0,0.0,0.0,0.0,0.0,0.0,0.0,0.0,0.0,0.0,0.0,0.0,-2.59620661244926e+33,0.0,0.0,0.0,0.0,0.0,0.0,0.0,-0.0,-2.004,-2.004,-0.0,0.0,0.0,0.0,0.0,3380.0,-0.0,0.0,0.0,-0.0,-0.0,2.7184274988523002e+23,0.0,0.0,0.0,0.0,0,-0.0,89220.055,0.0,0.0,0.0,0.0,0.0,0.0,0.0,0,0,0,0.0,0.0,0.0,0.0,0.0,0.0,0.0,0.0,0.0,0.0,0.0,0.0,0.0,0.0,0.0,0.0,0,-107875648.0,0,0.0,0,-107875648.0,-107877712.0,0,0,17039,26215,17053,39322,17037,0,0,0,110,100,100,0.0,64.0,0.0,64.9,-107615304.0,68.5,1,49,50,180,0,26215,0,0,0.0,0.0,0.0,0.0,-3.325206326221195e+21,65.0,0.0,-0.0,0.0,645,0,687,0,0,0,715,0,787,0,708,0,689,0,645,0,641,0,617,0.032,36700160.0,2.004,-107615152.0,56208,16788,-3.6911496781321062e+25,-0.0,-0.0,-2.738,9.671898627504548e+28,-22024869117952.0,29.0,60.0,70,0.0,0.0,0.0,0.0,0.0,0.0,0.0,0.0,0.0,0.0,0.0,0.0,0.0,0.0,0.0,0.0,59.6,68,11,65509,41,65476,0,300,0,0,8,20529,65476,0,0,61604,60.0,0.0,0.0,0.0,0.0,0.0
2026-04-04T11:34:35,ERR,ERR,ERR,ERR,ERR,ERR,ERR,ERR,ERR,ERR,ERR,ERR,ERR,ERR,ERR,ERR,ERR,ERR,ERR,ERR,ERR,ERR,ERR,ERR,ERR,ERR,ERR,ERR,ERR,ERR,ERR,ERR,ERR,ERR,ERR,ERR,ERR,ERR,ERR,ERR,ERR,ERR,ERR,ERR,ERR,ERR,ERR,ERR,ERR,ERR,ERR,ERR,ERR,ERR,ERR,ERR,ERR,ERR,ERR,ERR,ERR,ERR,ERR,ERR,ERR,ERR,ERR,ERR,ERR,ERR,ERR,ERR,ERR,ERR,ERR,ERR,ERR,ERR,ERR,ERR,ERR,ERR,ERR,ERR,ERR,ERR,ERR,ERR,ERR,ERR,ERR,ERR,ERR,ERR,ERR,ERR,ERR,ERR,ERR,ERR,ERR,ERR,ERR,ERR,ERR,ERR,ERR,ERR,ERR,ERR,ERR,ERR,ERR,ERR,ERR,ERR,ERR,ERR,ERR,ERR,ERR,ERR,ERR,ERR,ERR,0.0,-0.0,-101055584.0,0.0,0.0,0.0,0.0,nan,0,0,0,32768,0,0.0,0,0.0,0.0,0.0,0.0,0.0,0,0,0,0,0.0,0,0,0,0,0,0,0,0,0,0,0,0,0,0,0,0,0,0,0,0,0,0,0,0,0,0,0,0,0,0,0,0,0,0,0,0,0,0,0,0,0,0,0,0,0.0,0.0,0.0,0.0,0.0,0.0,0.0,0.0,0.0,0.0,0.0,0.0,0.0,0.0,-2.59620661244926e+33,0.0,0.0,0.0,0.0,0.0,0.0,0.0,-0.0,-2.004,-2.004,-0.0,0.0,0.0,0.0,0.0,3380.0,-0.0,0.0,0.0,-0.0,-0.0,2.7184274988523002e+23,0.0,0.0,0.0,0.0,0,-0.0,89220.055,0.0,0.0,0.0,0.0,0.0,0.0,0.0,0,0,0,0.0,0.0,0.0,0.0,0.0,0.0,0.0,0.0,0.0,0.0,0.0,0.0,0.0,0.0,0.0,0.0,0,-107875648.0,0,0.0,0,-107875648.0,-107877712.0,0,0,17039,26215,17053,39322,17037,0,0,0,110,100,100,0.0,64.0,0.0,64.9,-107615304.0,68.5,1,49,50,180,0,26215,0,0,0.0,0.0,0.0,0.0,-3.325206326221195e+21,65.0,0.0,-0.0,0.0,645,0,687,0,0,0,715,0,787,0,708,0,689,0,645,0,641,0,617,0.032,36700160.0,2.004,-107615152.0,56208,16788,-3.6911496781321062e+25,-0.0,-0.0,-2.738,9.671898627504548e+28,-22024869117952.0,29.0,60.0,70,0.0,0.0,0.0,0.0,0.0,0.0,0.0,0.0,0.0,0.0,0.0,0.0,0.0,0.0,0.0,0.0,59.6,68,11,65509,41,65476,0,300,0,0,8,20529,65476,0,0,61604,60.0,0.0,0.0,0.0,0.0,0.0
2026-04-04T11:34:36,ERR,ERR,ERR,ERR,ERR,ERR,ERR,ERR,ERR,ERR,ERR,ERR,ERR,ERR,ERR,ERR,ERR,ERR,ERR,ERR,ERR,ERR,ERR,ERR,ERR,ERR,ERR,ERR,ERR,ERR,ERR,ERR,ERR,ERR,ERR,ERR,ERR,ERR,ERR,ERR,ERR,ERR,ERR,ERR,ERR,ERR,ERR,ERR,ERR,ERR,ERR,ERR,ERR,ERR,ERR,ERR,ERR,ERR,ERR,ERR,ERR,ERR,ERR,ERR,ERR,ERR,ERR,ERR,ERR,ERR,ERR,ERR,ERR,ERR,ERR,ERR,ERR,ERR,ERR,ERR,ERR,ERR,ERR,ERR,ERR,ERR,ERR,ERR,ERR,ERR,ERR,ERR,ERR,ERR,ERR,ERR,ERR,ERR,ERR,ERR,ERR,ERR,ERR,ERR,ERR,ERR,ERR,ERR,ERR,ERR,ERR,ERR,ERR,ERR,ERR,ERR,ERR,ERR,ERR,ERR,ERR,ERR,ERR,ERR,ERR,0.0,-0.0,-101055584.0,0.0,0.0,0.0,0.0,nan,0,0,0,32768,0,0.0,0,0.0,0.0,0.0,0.0,0.0,0,0,0,0,0.0,0,0,0,0,0,0,0,0,0,0,0,0,0,0,0,0,0,0,0,0,0,0,0,0,0,0,0,0,0,0,0,0,0,0,0,0,0,0,0,0,0,0,0,0,0.0,0.0,0.0,0.0,0.0,0.0,0.0,0.0,0.0,0.0,0.0,0.0,0.0,0.0,-2.59620661244926e+33,0.0,0.0,0.0,0.0,0.0,0.0,0.0,-0.0,-2.004,-2.004,-0.0,0.0,0.0,0.0,0.0,3380.0,-0.0,0.0,0.0,-0.0,-0.0,2.7184274988523002e+23,0.0,0.0,0.0,0.0,0,-0.0,89220.055,0.0,0.0,0.0,0.0,0.0,0.0,0.0,0,0,0,0.0,0.0,0.0,0.0,0.0,0.0,0.0,0.0,0.0,0.0,0.0,0.0,0.0,0.0,0.0,0.0,0,-107875648.0,0,0.0,0,-107875648.0,-107877712.0,0,0,17039,26215,17053,39322,17037,0,0,0,110,100,100,0.0,64.0,0.0,64.9,-107615304.0,68.5,1,49,50,180,0,26215,0,0,0.0,0.0,0.0,0.0,-3.325206326221195e+21,65.0,0.0,-0.0,0.0,645,0,687,0,0,0,715,0,787,0,708,0,689,0,645,0,641,0,617,0.032,36700160.0,2.004,-107615152.0,56208,16788,-3.6911496781321062e+25,-0.0,-0.0,-2.738,9.671898627504548e+28,-22024869117952.0,29.0,60.0,70,0.0,0.0,0.0,0.0,0.0,0.0,0.0,0.0,0.0,0.0,0.0,0.0,0.0,0.0,0.0,0.0,59.6,68,11,65509,41,65476,0,300,0,0,8,20529,65476,0,0,61604,60.0,0.0,0.0,0.0,0.0,0.0
2026-04-04T11:34:37,ERR,ERR,ERR,ERR,ERR,ERR,ERR,ERR,ERR,ERR,ERR,ERR,ERR,ERR,ERR,ERR,ERR,ERR,ERR,ERR,ERR,ERR,ERR,ERR,ERR,ERR,ERR,ERR,ERR,ERR,ERR,ERR,ERR,ERR,ERR,ERR,ERR,ERR,ERR,ERR,ERR,ERR,ERR,ERR,ERR,ERR,ERR,ERR,ERR,ERR,ERR,ERR,ERR,ERR,ERR,ERR,ERR,ERR,ERR,ERR,ERR,ERR,ERR,ERR,ERR,ERR,ERR,ERR,ERR,ERR,ERR,ERR,ERR,ERR,ERR,ERR,ERR,ERR,ERR,ERR,ERR,ERR,ERR,ERR,ERR,ERR,ERR,ERR,ERR,ERR,ERR,ERR,ERR,ERR,ERR,ERR,ERR,ERR,ERR,ERR,ERR,ERR,ERR,ERR,ERR,ERR,ERR,ERR,ERR,ERR,ERR,ERR,ERR,ERR,ERR,ERR,ERR,ERR,ERR,ERR,ERR,ERR,ERR,ERR,ERR,0.0,-0.0,-101055584.0,0.0,0.0,0.0,0.0,nan,0,0,0,32768,0,0.0,0,0.0,0.0,0.0,0.0,0.0,0,0,0,0,0.0,0,0,0,0,0,0,0,0,0,0,0,0,0,0,0,0,0,0,0,0,0,0,0,0,0,0,0,0,0,0,0,0,0,0,0,0,0,0,0,0,0,0,0,0,0.0,0.0,0.0,0.0,0.0,0.0,0.0,0.0,0.0,0.0,0.0,0.0,0.0,0.0,-2.59620661244926e+33,0.0,0.0,0.0,0.0,0.0,0.0,0.0,-0.0,-2.004,-2.004,-0.0,0.0,0.0,0.0,0.0,3380.0,-0.0,0.0,0.0,-0.0,-0.0,2.7184274988523002e+23,0.0,0.0,0.0,0.0,0,-0.0,89220.055,0.0,0.0,0.0,0.0,0.0,0.0,0.0,0,0,0,0.0,0.0,0.0,0.0,0.0,0.0,0.0,0.0,0.0,0.0,0.0,0.0,0.0,0.0,0.0,0.0,0,-107875648.0,0,0.0,0,-107875648.0,-107877712.0,0,0,17039,26215,17053,39322,17037,0,0,0,110,100,100,0.0,64.0,0.0,64.9,-107615304.0,68.5,1,49,50,180,0,26215,0,0,0.0,0.0,0.0,0.0,-1.7025056390252518e+24,65.0,0.0,-0.0,0.0,645,0,687,0,0,0,715,0,787,0,708,0,689,0,645,0,641,0,617,0.032,36962304.0,2.004,-107615152.0,44176,16788,-6.754813515279056e+28,-0.0,-0.0,5.180745818949277e+29,9.103261403527244e+34,-2.0314662684657273e+21,29.0,60.0,70,0.0,0.0,0.0,0.0,0.0,0.0,0.0,0.0,0.0,0.0,0.0,0.0,0.0,0.0,0.0,0.0,59.2,68,11,65509,41,65476,0,300,0,0,8,20529,65476,0,0,61604,60.0,0.0,0.0,0.0,0.0,0.0
2026-04-04T11:34:38,ERR,ERR,ERR,ERR,ERR,ERR,ERR,ERR,ERR,ERR,ERR,ERR,ERR,ERR,ERR,ERR,ERR,ERR,ERR,ERR,ERR,ERR,ERR,ERR,ERR,ERR,ERR,ERR,ERR,ERR,ERR,ERR,ERR,ERR,ERR,ERR,ERR,ERR,ERR,ERR,ERR,ERR,ERR,ERR,ERR,ERR,ERR,ERR,ERR,ERR,ERR,ERR,ERR,ERR,ERR,ERR,ERR,ERR,ERR,ERR,ERR,ERR,ERR,ERR,ERR,ERR,ERR,ERR,ERR,ERR,ERR,ERR,ERR,ERR,ERR,ERR,ERR,ERR,ERR,ERR,ERR,ERR,ERR,ERR,ERR,ERR,ERR,ERR,ERR,ERR,ERR,ERR,ERR,ERR,ERR,ERR,ERR,ERR,ERR,ERR,ERR,ERR,ERR,ERR,ERR,ERR,ERR,ERR,ERR,ERR,ERR,ERR,ERR,ERR,ERR,ERR,ERR,ERR,ERR,ERR,ERR,ERR,ERR,ERR,ERR,0.0,-0.0,-101055584.0,0.0,0.0,0.0,0.0,nan,0,0,0,32768,0,0.0,0,0.0,0.0,0.0,0.0,0.0,0,0,0,0,0.0,0,0,0,0,0,0,0,0,0,0,0,0,0,0,0,0,0,0,0,0,0,0,0,0,0,0,0,0,0,0,0,0,0,0,0,0,0,0,0,0,0,0,0,0,0.0,0.0,0.0,0.0,0.0,0.0,0.0,0.0,0.0,0.0,0.0,0.0,0.0,0.0,0.0,0.0,0.0,0.0,0.0,0.0,0.0,0.0,-0.0,-2.004,-2.004,-0.0,0.0,0.0,0.0,0.0,3379.0,8608107520.0,0.0,0.0,-0.0,-0.0,2.7184274988523002e+23,0.0,0.0,0.0,0.0,0,-0.0,0.059,0.0,0.0,0.0,0.0,0.0,0.0,0.0,0,0,0,0.0,0.0,0.0,0.0,0.0,0.0,0.0,0.0,0.0,0.0,0.0,0.0,0.0,0.0,0.0,0.0,0,-107875648.0,0,0.0,0,-107875648.0,-107877712.0,0,0,17039,26215,17053,39322,17037,0,0,0,110,100,100,0.0,64.0,0.0,64.9,-107615304.0,68.5,1,49,50,180,0,26215,0,0,0.0,0.0,0.0,0.0,-1.7025056390252518e+24,65.0,0.0,-0.0,0.0,645,0,687,0,0,0,715,0,787,0,708,0,689,0,645,0,641,0,617,0.032,36962304.0,2.004,-107615152.0,44176,16788,-6.754813515279056e+28,-0.0,-0.0,5.180745818949277e+29,9.103261403527244e+34,-2.0314662684657273e+21,29.0,60.0,70,0.0,0.0,0.0,0.0,0.0,0.0,0.0,0.0,0.0,0.0,0.0,0.0,0.0,0.0,0.0,0.0,59.2,68,11,65509,41,65476,0,300,0,0,8,20529,65476,0,0,61604,60.0,0.0,0.0,0.0,0.0,0.0
2026-04-04T11:34:39,ERR,ERR,ERR,ERR,ERR,ERR,ERR,ERR,ERR,ERR,ERR,ERR,ERR,ERR,ERR,ERR,ERR,ERR,ERR,ERR,ERR,ERR,ERR,ERR,ERR,ERR,ERR,ERR,ERR,ERR,ERR,ERR,ERR,ERR,ERR,ERR,ERR,ERR,ERR,ERR,ERR,ERR,ERR,ERR,ERR,ERR,ERR,ERR,ERR,ERR,ERR,ERR,ERR,ERR,ERR,ERR,ERR,ERR,ERR,ERR,ERR,ERR,ERR,ERR,ERR,ERR,ERR,ERR,ERR,ERR,ERR,ERR,ERR,ERR,ERR,ERR,ERR,ERR,ERR,ERR,ERR,ERR,ERR,ERR,ERR,ERR,ERR,ERR,ERR,ERR,ERR,ERR,ERR,ERR,ERR,ERR,ERR,ERR,ERR,ERR,ERR,ERR,ERR,ERR,ERR,ERR,ERR,ERR,ERR,ERR,ERR,ERR,ERR,ERR,ERR,ERR,ERR,ERR,ERR,ERR,ERR,ERR,ERR,ERR,ERR,0.0,-0.0,-101055584.0,0.0,0.0,0.0,0.0,nan,0,0,0,32768,0,0.0,0,0.0,0.0,0.0,0.0,0.0,0,0,0,0,0.0,0,0,0,0,0,0,0,0,0,0,0,0,0,0,0,0,0,0,0,0,0,0,0,0,0,0,0,0,0,0,0,0,0,0,0,0,0,0,0,0,0,0,0,0,0.0,0.0,0.0,0.0,0.0,0.0,0.0,0.0,0.0,0.0,0.0,0.0,0.0,0.0,0.0,0.0,0.0,0.0,0.0,0.0,0.0,0.0,-0.0,-2.004,-2.004,-0.0,0.0,0.0,0.0,0.0,3379.0,8608107520.0,0.0,0.0,-0.0,-0.0,2.7184274988523002e+23,0.0,0.0,0.0,0.0,0,-0.0,0.059,0.0,0.0,0.0,0.0,0.0,0.0,0.0,0,0,0,0.0,0.0,0.0,0.0,0.0,0.0,0.0,0.0,0.0,0.0,0.0,0.0,0.0,0.0,0.0,0.0,0,-107875648.0,0,0.0,0,-107875648.0,-107877712.0,0,0,17039,26215,17053,39322,17037,0,0,0,110,100,100,0.0,64.0,0.0,64.9,-107615304.0,68.5,1,49,50,180,0,26215,0,0,0.0,0.0,0.0,0.0,-1.7025056390252518e+24,65.0,0.0,-0.0,0.0,645,0,687,0,0,0,715,0,787,0,708,0,689,0,645,0,641,0,617,0.032,36962304.0,2.004,-107615152.0,44176,16788,-6.754813515279056e+28,-0.0,-0.0,5.180745818949277e+29,9.103261403527244e+34,-2.0314662684657273e+21,29.0,60.0,70,0.0,0.0,0.0,0.0,0.0,0.0,0.0,0.0,0.0,0.0,0.0,0.0,0.0,0.0,0.0,0.0,59.2,68,11,65509,41,65476,0,300,0,0,8,20529,65476,0,0,61604,60.0,0.0,0.0,0.0,0.0,0.0
2026-04-04T11:34:40,ERR,ERR,ERR,ERR,ERR,ERR,ERR,ERR,ERR,ERR,ERR,ERR,ERR,ERR,ERR,ERR,ERR,ERR,ERR,ERR,ERR,ERR,ERR,ERR,ERR,ERR,ERR,ERR,ERR,ERR,ERR,ERR,ERR,ERR,ERR,ERR,ERR,ERR,ERR,ERR,ERR,ERR,ERR,ERR,ERR,ERR,ERR,ERR,ERR,ERR,ERR,ERR,ERR,ERR,ERR,ERR,ERR,ERR,ERR,ERR,ERR,ERR,ERR,ERR,ERR,ERR,ERR,ERR,ERR,ERR,ERR,ERR,ERR,ERR,ERR,ERR,ERR,ERR,ERR,ERR,ERR,ERR,ERR,ERR,ERR,ERR,ERR,ERR,ERR,ERR,ERR,ERR,ERR,ERR,ERR,ERR,ERR,ERR,ERR,ERR,ERR,ERR,ERR,ERR,ERR,ERR,ERR,ERR,ERR,ERR,ERR,ERR,ERR,ERR,ERR,ERR,ERR,ERR,ERR,ERR,ERR,ERR,ERR,ERR,ERR,0.0,-0.0,-101055584.0,0.0,0.0,0.0,0.0,nan,0,0,0,32768,0,0.0,0,0.0,0.0,0.0,0.0,0.0,0,0,0,0,0.0,0,0,0,0,0,0,0,0,0,0,0,0,0,0,0,0,0,0,0,0,0,0,0,0,0,0,0,0,0,0,0,0,0,0,0,0,0,0,0,0,0,0,0,0,0.0,0.0,0.0,0.0,0.0,0.0,0.0,0.0,0.0,0.0,0.0,0.0,0.0,0.0,0.0,0.0,0.0,0.0,0.0,0.0,0.0,0.0,-0.0,-2.004,-2.004,-0.0,0.0,0.0,0.0,0.0,3379.0,8608107520.0,0.0,0.0,-0.0,-0.0,2.7184274988523002e+23,0.0,0.0,0.0,0.0,0,-0.0,0.059,0.0,0.0,0.0,0.0,0.0,0.0,0.0,0,0,0,0.0,0.0,0.0,0.0,0.0,0.0,0.0,0.0,0.0,0.0,0.0,0.0,0.0,0.0,0.0,0.0,0,-107875648.0,0,0.0,0,-107875648.0,-107877712.0,0,0,17039,26215,17053,39322,17037,0,0,0,110,100,100,0.0,64.0,0.0,64.9,-107615304.0,68.5,1,49,50,180,0,26215,0,0,0.0,0.0,0.0,0.0,-1.7025056390252518e+24,65.0,0.0,-0.0,0.0,645,0,687,0,0,0,715,0,787,0,708,0,689,0,645,0,641,0,617,0.032,36962304.0,2.004,-107615152.0,44176,16788,-6.754813515279056e+28,-0.0,-0.0,5.180745818949277e+29,9.103261403527244e+34,-2.0314662684657273e+21,29.0,60.0,70,0.0,0.0,0.0,0.0,0.0,0.0,0.0,0.0,0.0,0.0,0.0,0.0,0.0,0.0,0.0,0.0,59.2,68,11,65509,41,65476,0,300,0,0,8,20529,65476,0,0,61604,60.0,0.0,0.0,0.0,0.0,0.0
2026-04-04T11:34:41,ERR,ERR,ERR,ERR,ERR,ERR,ERR,ERR,ERR,ERR,ERR,ERR,ERR,ERR,ERR,ERR,ERR,ERR,ERR,ERR,ERR,ERR,ERR,ERR,ERR,ERR,ERR,ERR,ERR,ERR,ERR,ERR,ERR,ERR,ERR,ERR,ERR,ERR,ERR,ERR,ERR,ERR,ERR,ERR,ERR,ERR,ERR,ERR,ERR,ERR,ERR,ERR,ERR,ERR,ERR,ERR,ERR,ERR,ERR,ERR,ERR,ERR,ERR,ERR,ERR,ERR,ERR,ERR,ERR,ERR,ERR,ERR,ERR,ERR,ERR,ERR,ERR,ERR,ERR,ERR,ERR,ERR,ERR,ERR,ERR,ERR,ERR,ERR,ERR,ERR,ERR,ERR,ERR,ERR,ERR,ERR,ERR,ERR,ERR,ERR,ERR,ERR,ERR,ERR,ERR,ERR,ERR,ERR,ERR,ERR,ERR,ERR,ERR,ERR,ERR,ERR,ERR,ERR,ERR,ERR,ERR,ERR,ERR,ERR,ERR,0.0,-0.0,-101055584.0,0.0,0.0,0.0,0.0,nan,0,0,0,32768,0,0.0,0,0.0,0.0,0.0,0.0,0.0,0,0,0,0,0.0,0,0,0,0,0,0,0,0,0,0,0,0,0,0,0,0,0,0,0,0,0,0,0,0,0,0,0,0,0,0,0,0,0,0,0,0,0,0,0,0,0,0,0,0,0.0,0.0,0.0,0.0,0.0,0.0,0.0,0.0,0.0,0.0,0.0,0.0,0.0,0.0,0.0,0.0,0.0,0.0,0.0,0.0,0.0,0.0,-0.0,-2.004,-2.004,-0.0,0.0,0.0,0.0,0.0,3379.0,8608107520.0,0.0,0.0,-0.0,-0.0,2.7184274988523002e+23,0.0,0.0,0.0,0.0,0,-0.0,0.059,0.0,0.0,0.0,0.0,0.0,0.0,0.0,0,0,0,0.0,0.0,0.0,0.0,0.0,0.0,0.0,0.0,0.0,0.0,0.0,0.0,0.0,0.0,0.0,0.0,0,-107875648.0,0,0.0,0,-107875648.0,-107877712.0,0,0,17039,26215,17053,39322,17037,0,0,0,110,100,100,0.0,64.0,0.0,64.9,-107615304.0,68.5,1,49,50,180,0,26215,0,0,0.0,0.0,0.0,0.0,-1.7025056390252518e+24,65.0,0.0,-0.0,0.0,645,0,687,0,0,0,715,0,787,0,708,0,689,0,645,0,641,0,617,0.032,36962304.0,2.004,-107615152.0,44176,16788,-6.754813515279056e+28,-0.0,-0.0,5.180745818949277e+29,9.103261403527244e+34,-2.0314662684657273e+21,29.0,60.0,70,0.0,0.0,0.0,0.0,0.0,0.0,0.0,0.0,0.0,0.0,0.0,0.0,0.0,0.0,0.0,0.0,59.2,68,11,65509,41,65476,0,300,0,0,8,20529,65476,0,0,61604,60.0,0.0,0.0,0.0,0.0,0.0
2026-04-04T11:34:42,ERR,ERR,ERR,ERR,ERR,ERR,ERR,ERR,ERR,ERR,ERR,ERR,ERR,ERR,ERR,ERR,ERR,ERR,ERR,ERR,ERR,ERR,ERR,ERR,ERR,ERR,ERR,ERR,ERR,ERR,ERR,ERR,ERR,ERR,ERR,ERR,ERR,ERR,ERR,ERR,ERR,ERR,ERR,ERR,ERR,ERR,ERR,ERR,ERR,ERR,ERR,ERR,ERR,ERR,ERR,ERR,ERR,ERR,ERR,ERR,ERR,ERR,ERR,ERR,ERR,ERR,ERR,ERR,ERR,ERR,ERR,ERR,ERR,ERR,ERR,ERR,ERR,ERR,ERR,ERR,ERR,ERR,ERR,ERR,ERR,ERR,ERR,ERR,ERR,ERR,ERR,ERR,ERR,ERR,ERR,ERR,ERR,ERR,ERR,ERR,ERR,ERR,ERR,ERR,ERR,ERR,ERR,ERR,ERR,ERR,ERR,ERR,ERR,ERR,ERR,ERR,ERR,ERR,ERR,ERR,ERR,ERR,ERR,ERR,ERR,0.0,-0.0,-101055584.0,0.0,0.0,0.0,0.0,nan,0,0,0,32768,0,0.0,0,0.0,0.0,0.0,0.0,0.0,0,0,0,0,0.0,0,0,0,0,0,0,0,0,0,0,0,0,0,0,0,0,0,0,0,0,0,0,0,0,0,0,0,0,0,0,0,0,0,0,0,0,0,0,0,0,0,0,0,0,0.0,0.0,0.0,0.0,0.0,0.0,0.0,0.0,0.0,0.0,0.0,0.0,0.0,0.0,0.0,0.0,0.0,0.0,0.0,0.0,0.0,0.0,-0.0,-2.004,-2.004,-0.0,0.0,0.0,0.0,0.0,3379.0,8608107520.0,0.0,0.0,-0.0,-0.0,2.7184274988523002e+23,0.0,0.0,0.0,0.0,0,-0.0,0.059,0.0,0.0,0.0,0.0,0.0,0.0,0.0,0,0,0,0.0,0.0,0.0,0.0,0.0,0.0,0.0,0.0,0.0,0.0,0.0,0.0,0.0,0.0,0.0,0.0,0,-107875648.0,0,0.0,0,-107875648.0,-107877712.0,0,0,17039,26215,17053,39322,17037,0,0,0,110,100,100,0.0,64.0,0.0,64.9,-107615304.0,68.5,1,49,50,180,0,26215,0,0,0.0,0.0,0.0,0.0,-1.7025056390252518e+24,65.0,0.0,-0.0,0.0,645,0,687,0,0,0,715,0,787,0,708,0,689,0,645,0,641,0,617,0.032,36962304.0,2.004,-107615152.0,44176,16788,-6.754813515279056e+28,-0.0,-0.0,5.180745818949277e+29,9.103261403527244e+34,-2.0314662684657273e+21,29.0,60.0,70,0.0,0.0,0.0,0.0,0.0,0.0,0.0,0.0,0.0,0.0,0.0,0.0,0.0,0.0,0.0,0.0,59.2,68,11,65509,41,65476,0,300,0,0,8,20529,65476,0,0,61604,60.0,0.0,0.0,0.0,0.0,0.0
2026-04-04T11:34:43,ERR,ERR,ERR,ERR,ERR,ERR,ERR,ERR,ERR,ERR,ERR,ERR,ERR,ERR,ERR,ERR,ERR,ERR,ERR,ERR,ERR,ERR,ERR,ERR,ERR,ERR,ERR,ERR,ERR,ERR,ERR,ERR,ERR,ERR,ERR,ERR,ERR,ERR,ERR,ERR,ERR,ERR,ERR,ERR,ERR,ERR,ERR,ERR,ERR,ERR,ERR,ERR,ERR,ERR,ERR,ERR,ERR,ERR,ERR,ERR,ERR,ERR,ERR,ERR,ERR,ERR,ERR,ERR,ERR,ERR,ERR,ERR,ERR,ERR,ERR,ERR,ERR,ERR,ERR,ERR,ERR,ERR,ERR,ERR,ERR,ERR,ERR,ERR,ERR,ERR,ERR,ERR,ERR,ERR,ERR,ERR,ERR,ERR,ERR,ERR,ERR,ERR,ERR,ERR,ERR,ERR,ERR,ERR,ERR,ERR,ERR,ERR,ERR,ERR,ERR,ERR,ERR,ERR,ERR,ERR,ERR,ERR,ERR,ERR,ERR,0.0,-0.0,-101055584.0,0.0,0.0,0.0,0.0,nan,0,0,0,32768,0,0.0,0,0.0,0.0,0.0,0.0,0.0,0,0,0,0,0.0,0,0,0,0,0,0,0,0,0,0,0,0,0,0,0,0,0,0,0,0,0,0,0,0,0,0,0,0,0,0,0,0,0,0,0,0,0,0,0,0,0,0,0,0,0.0,0.0,0.0,0.0,0.0,0.0,0.0,0.0,0.0,0.0,0.0,0.0,0.0,0.0,0.0,0.0,0.0,0.0,0.0,0.0,0.0,0.0,-0.0,-2.004,-2.004,-0.0,0.0,0.0,0.0,0.0,3379.0,8608107520.0,0.0,0.0,-0.0,-0.0,2.7184274988523002e+23,0.0,0.0,0.0,0.0,0,-0.0,0.059,0.0,0.0,0.0,0.0,0.0,0.0,0.0,0,0,0,0.0,0.0,0.0,0.0,0.0,0.0,0.0,0.0,0.0,0.0,0.0,0.0,0.0,0.0,0.0,0.0,0,-107875648.0,0,0.0,0,-107875648.0,-107877712.0,0,0,17039,26215,17053,39322,17037,0,0,0,110,100,100,0.0,64.0,0.0,64.9,-107615304.0,68.5,1,49,50,180,0,26215,0,0,0.0,0.0,0.0,0.0,-1.3192995147029407e+26,65.0,0.0,-0.0,0.0,645,0,687,0,0,0,715,0,787,0,708,0,689,0,645,0,641,0,617,0.032,36700160.0,2.004,-107615152.0,41360,16788,-2.1021192030035998e+30,-0.0,-640009.938,54559150080.0,-0.0,-2.76113337926375e+31,29.0,60.0,70,0.0,0.0,0.0,0.0,0.0,0.0,0.0,0.0,0.0,0.0,0.0,0.0,0.0,0.0,0.0,0.0,59.2,68,11,65509,41,65476,0,300,0,0,8,20529,65476,0,0,61604,60.0,0.0,0.0,0.0,0.0,0.0
2026-04-04T11:34:44,ERR,ERR,ERR,ERR,ERR,ERR,ERR,ERR,ERR,ERR,ERR,ERR,ERR,ERR,ERR,ERR,ERR,ERR,ERR,ERR,ERR,ERR,ERR,ERR,ERR,ERR,ERR,ERR,ERR,ERR,ERR,ERR,ERR,ERR,ERR,ERR,ERR,ERR,ERR,ERR,ERR,ERR,ERR,ERR,ERR,ERR,ERR,ERR,ERR,ERR,ERR,ERR,ERR,ERR,ERR,ERR,ERR,ERR,ERR,ERR,ERR,ERR,ERR,ERR,ERR,ERR,ERR,ERR,ERR,ERR,ERR,ERR,ERR,ERR,ERR,ERR,ERR,ERR,ERR,ERR,ERR,ERR,ERR,ERR,ERR,ERR,ERR,ERR,ERR,ERR,ERR,ERR,ERR,ERR,ERR,ERR,ERR,ERR,ERR,ERR,ERR,ERR,ERR,ERR,ERR,ERR,ERR,ERR,ERR,ERR,ERR,ERR,ERR,ERR,ERR,ERR,ERR,ERR,ERR,ERR,ERR,ERR,ERR,ERR,ERR,0.0,-0.0,-101055584.0,0.0,0.0,0.0,0.0,nan,0,0,0,32768,0,0.0,0,0.0,0.0,0.0,0.0,0.0,0,0,0,0,0.0,0,0,0,0,0,0,0,0,0,0,0,0,0,0,0,0,0,0,0,0,0,0,0,0,0,0,0,0,0,0,0,0,0,0,0,0,0,0,0,0,0,0,0,0,0.0,0.0,0.0,0.0,0.0,0.0,0.0,0.0,0.0,0.0,0.0,0.0,0.0,0.0,0.0,0.0,0.0,0.0,0.0,0.0,0.0,0.0,-0.0,-2.004,-2.004,-0.0,0.0,0.0,0.0,0.0,3379.0,8608107520.0,0.0,0.0,-0.0,-0.0,2.7184274988523002e+23,0.0,0.0,0.0,0.0,0,-0.0,0.059,0.0,0.0,0.0,0.0,0.0,0.0,0.0,0,0,0,0.0,0.0,0.0,0.0,0.0,0.0,0.0,0.0,0.0,0.0,0.0,0.0,0.0,0.0,0.0,0.0,0,-107875648.0,0,0.0,0,-107875648.0,-107877712.0,0,0,17039,26215,17053,39322,17037,0,0,0,110,100,100,0.0,64.0,0.0,64.9,-107615304.0,68.5,1,49,50,180,0,26215,0,0,0.0,0.0,0.0,0.0,-1.3192995147029407e+26,65.0,0.0,-0.0,0.0,645,0,687,0,0,0,715,0,787,0,708,0,689,0,645,0,641,0,617,0.032,36700160.0,2.004,-107615152.0,41360,16788,-2.1021192030035998e+30,-0.0,-640009.938,54559150080.0,-0.0,-2.76113337926375e+31,29.0,60.0,70,0.0,0.0,0.0,0.0,0.0,0.0,0.0,0.0,0.0,0.0,0.0,0.0,0.0,0.0,0.0,0.0,59.2,68,11,65509,41,65476,0,300,0,0,8,20529,65476,0,0,61604,60.0,0.0,0.0,0.0,0.0,0.0
2026-04-04T11:34:45,ERR,ERR,ERR,ERR,ERR,ERR,ERR,ERR,ERR,ERR,ERR,ERR,ERR,ERR,ERR,ERR,ERR,ERR,ERR,ERR,ERR,ERR,ERR,ERR,ERR,ERR,ERR,ERR,ERR,ERR,ERR,ERR,ERR,ERR,ERR,ERR,ERR,ERR,ERR,ERR,ERR,ERR,ERR,ERR,ERR,ERR,ERR,ERR,ERR,ERR,ERR,ERR,ERR,ERR,ERR,ERR,ERR,ERR,ERR,ERR,ERR,ERR,ERR,ERR,ERR,ERR,ERR,ERR,ERR,ERR,ERR,ERR,ERR,ERR,ERR,ERR,ERR,ERR,ERR,ERR,ERR,ERR,ERR,ERR,ERR,ERR,ERR,ERR,ERR,ERR,ERR,ERR,ERR,ERR,ERR,ERR,ERR,ERR,ERR,ERR,ERR,ERR,ERR,ERR,ERR,ERR,ERR,ERR,ERR,ERR,ERR,ERR,ERR,ERR,ERR,ERR,ERR,ERR,ERR,ERR,ERR,ERR,ERR,ERR,ERR,0.0,-0.0,-101055584.0,0.0,0.0,0.0,0.0,nan,0,0,0,32768,0,0.0,0,0.0,0.0,0.0,0.0,0.0,0,0,0,0,0.0,0,0,0,0,0,0,0,0,0,0,0,0,0,0,0,0,0,0,0,0,0,0,0,0,0,0,0,0,0,0,0,0,0,0,0,0,0,0,0,0,0,0,0,0,0.0,0.0,0.0,0.0,0.0,0.0,0.0,0.0,0.0,0.0,0.0,0.0,0.0,0.0,0.0,0.0,0.0,0.0,0.0,0.0,0.0,0.0,-0.0,-2.004,-2.004,-0.0,0.0,0.0,0.0,0.0,3381.5,1.5879155638041463e+29,0.0,0.0,-0.0,-0.0,2.7184274988523002e+23,0.0,0.0,0.0,0.0,0,-0.059,126840004608.0,0.0,0.0,0.0,0.0,0.0,0.0,0.0,0,0,0,0.0,0.0,0.0,0.0,0.0,0.0,0.0,0.0,0.0,0.0,0.0,0.0,0.0,0.0,0.0,0.0,0,-107875648.0,0,0.0,0,-107875648.0,-107877712.0,0,0,17039,26215,17053,39322,17037,0,0,0,110,100,100,0.0,64.0,0.0,64.9,-107615304.0,68.5,1,49,50,180,0,26215,0,0,0.0,0.0,0.0,0.0,-1.3192995147029407e+26,65.0,0.0,-0.0,0.0,645,0,687,0,0,0,715,0,787,0,708,0,689,0,645,0,641,0,617,0.032,36700160.0,2.004,-107615152.0,41360,16788,-2.1021192030035998e+30,-0.0,-640009.938,54559150080.0,-0.0,-2.76113337926375e+31,29.0,60.0,70,0.0,0.0,0.0,0.0,0.0,0.0,0.0,0.0,0.0,0.0,0.0,0.0,0.0,0.0,0.0,0.0,59.2,68,11,65509,41,65476,0,300,0,0,8,20529,65476,0,0,61604,60.0,0.0,0.0,0.0,0.0,0.0
2026-04-04T11:34:46,ERR,ERR,ERR,ERR,ERR,ERR,ERR,ERR,ERR,ERR,ERR,ERR,ERR,ERR,ERR,ERR,ERR,ERR,ERR,ERR,ERR,ERR,ERR,ERR,ERR,ERR,ERR,ERR,ERR,ERR,ERR,ERR,ERR,ERR,ERR,ERR,ERR,ERR,ERR,ERR,ERR,ERR,ERR,ERR,ERR,ERR,ERR,ERR,ERR,ERR,ERR,ERR,ERR,ERR,ERR,ERR,ERR,ERR,ERR,ERR,ERR,ERR,ERR,ERR,ERR,ERR,ERR,ERR,ERR,ERR,ERR,ERR,ERR,ERR,ERR,ERR,ERR,ERR,ERR,ERR,ERR,ERR,ERR,ERR,ERR,ERR,ERR,ERR,ERR,ERR,ERR,ERR,ERR,ERR,ERR,ERR,ERR,ERR,ERR,ERR,ERR,ERR,ERR,ERR,ERR,ERR,ERR,ERR,ERR,ERR,ERR,ERR,ERR,ERR,ERR,ERR,ERR,ERR,ERR,ERR,ERR,ERR,ERR,ERR,ERR,0.0,-0.0,-101055584.0,0.0,0.0,0.0,0.0,nan,0,0,0,32768,0,0.0,0,0.0,0.0,0.0,0.0,0.0,0,0,0,0,0.0,0,0,0,0,0,0,0,0,0,0,0,0,0,0,0,0,0,0,0,0,0,0,0,0,0,0,0,0,0,0,0,0,0,0,0,0,0,0,0,0,0,0,0,0,0.0,0.0,0.0,0.0,0.0,0.0,0.0,0.0,0.0,0.0,0.0,0.0,0.0,0.0,0.0,0.0,0.0,0.0,0.0,0.0,0.0,0.0,-0.0,-2.004,-2.004,-0.0,0.0,0.0,0.0,0.0,3381.5,1.5879155638041463e+29,0.0,0.0,-0.0,-0.0,2.7184274988523002e+23,0.0,0.0,0.0,0.0,0,-0.059,126840004608.0,0.0,0.0,0.0,0.0,0.0,0.0,0.0,0,0,0,0.0,0.0,0.0,0.0,0.0,0.0,0.0,0.0,0.0,0.0,0.0,0.0,0.0,0.0,0.0,0.0,0,-107875648.0,0,0.0,0,-107875648.0,-107877712.0,0,0,17039,26215,17053,39322,17037,0,0,0,110,100,100,0.0,64.0,0.0,64.9,-107615304.0,68.5,1,49,50,180,0,26215,0,0,0.0,0.0,0.0,0.0,-1.3192995147029407e+26,65.0,0.0,-0.0,0.0,645,0,687,0,0,0,715,0,787,0,708,0,689,0,645,0,641,0,617,0.032,36700160.0,2.004,-107615152.0,41360,16788,-2.1021192030035998e+30,-0.0,-640009.938,54559150080.0,-0.0,-2.76113337926375e+31,29.0,60.0,70,0.0,0.0,0.0,0.0,0.0,0.0,0.0,0.0,0.0,0.0,0.0,0.0,0.0,0.0,0.0,0.0,59.2,68,11,65509,41,65476,0,300,0,0,8,20529,65476,0,0,61604,60.0,0.0,0.0,0.0,0.0,0.0
2026-04-04T11:34:47,ERR,ERR,ERR,ERR,ERR,ERR,ERR,ERR,ERR,ERR,ERR,ERR,ERR,ERR,ERR,ERR,ERR,ERR,ERR,ERR,ERR,ERR,ERR,ERR,ERR,ERR,ERR,ERR,ERR,ERR,ERR,ERR,ERR,ERR,ERR,ERR,ERR,ERR,ERR,ERR,ERR,ERR,ERR,ERR,ERR,ERR,ERR,ERR,ERR,ERR,ERR,ERR,ERR,ERR,ERR,ERR,ERR,ERR,ERR,ERR,ERR,ERR,ERR,ERR,ERR,ERR,ERR,ERR,ERR,ERR,ERR,ERR,ERR,ERR,ERR,ERR,ERR,ERR,ERR,ERR,ERR,ERR,ERR,ERR,ERR,ERR,ERR,ERR,ERR,ERR,ERR,ERR,ERR,ERR,ERR,ERR,ERR,ERR,ERR,ERR,ERR,ERR,ERR,ERR,ERR,ERR,ERR,ERR,ERR,ERR,ERR,ERR,ERR,ERR,ERR,ERR,ERR,ERR,ERR,ERR,ERR,ERR,ERR,ERR,ERR,0.0,-0.0,-101055584.0,0.0,0.0,0.0,0.0,nan,0,0,0,32768,0,0.0,0,0.0,0.0,0.0,0.0,0.0,0,0,0,0,0.0,0,0,0,0,0,0,0,0,0,0,0,0,0,0,0,0,0,0,0,0,0,0,0,0,0,0,0,0,0,0,0,0,0,0,0,0,0,0,0,0,0,0,0,0,0.0,0.0,0.0,0.0,0.0,0.0,0.0,0.0,0.0,0.0,0.0,0.0,0.0,0.0,0.0,0.0,0.0,0.0,0.0,0.0,0.0,0.0,-0.0,-2.004,-2.004,-0.0,0.0,0.0,0.0,0.0,3381.5,1.5879155638041463e+29,0.0,0.0,-0.0,-0.0,2.7184274988523002e+23,0.0,0.0,0.0,0.0,0,-0.059,126840004608.0,0.0,0.0,0.0,0.0,0.0,0.0,0.0,0,0,0,0.0,0.0,0.0,0.0,0.0,0.0,0.0,0.0,0.0,0.0,0.0,0.0,0.0,0.0,0.0,0.0,0,-107875648.0,0,0.0,0,-107875648.0,-107877712.0,0,0,17039,26215,17053,39322,17037,0,0,0,110,100,100,0.0,64.0,0.0,64.9,-107615304.0,68.5,1,49,50,180,0,26215,0,0,0.0,0.0,0.0,0.0,-1.3192995147029407e+26,65.0,0.0,-0.0,0.0,645,0,687,0,0,0,715,0,787,0,708,0,689,0,645,0,641,0,617,0.032,36700160.0,2.004,-107615152.0,41360,16788,-2.1021192030035998e+30,-0.0,-640009.938,54559150080.0,-0.0,-2.76113337926375e+31,29.0,60.0,70,0.0,0.0,0.0,0.0,0.0,0.0,0.0,0.0,0.0,0.0,0.0,0.0,0.0,0.0,0.0,0.0,59.2,68,11,65509,41,65476,0,300,0,0,8,20529,65476,0,0,61604,60.0,0.0,0.0,0.0,0.0,0.0
2026-04-04T11:34:48,ERR,ERR,ERR,ERR,ERR,ERR,ERR,ERR,ERR,ERR,ERR,ERR,ERR,ERR,ERR,ERR,ERR,ERR,ERR,ERR,ERR,ERR,ERR,ERR,ERR,ERR,ERR,ERR,ERR,ERR,ERR,ERR,ERR,ERR,ERR,ERR,ERR,ERR,ERR,ERR,ERR,ERR,ERR,ERR,ERR,ERR,ERR,ERR,ERR,ERR,ERR,ERR,ERR,ERR,ERR,ERR,ERR,ERR,ERR,ERR,ERR,ERR,ERR,ERR,ERR,ERR,ERR,ERR,ERR,ERR,ERR,ERR,ERR,ERR,ERR,ERR,ERR,ERR,ERR,ERR,ERR,ERR,ERR,ERR,ERR,ERR,ERR,ERR,ERR,ERR,ERR,ERR,ERR,ERR,ERR,ERR,ERR,ERR,ERR,ERR,ERR,ERR,ERR,ERR,ERR,ERR,ERR,ERR,ERR,ERR,ERR,ERR,ERR,ERR,ERR,ERR,ERR,ERR,ERR,ERR,ERR,ERR,ERR,ERR,ERR,0.0,-0.0,-101055584.0,0.0,0.0,0.0,0.0,nan,0,0,0,32768,0,0.0,0,0.0,0.0,0.0,0.0,0.0,0,0,0,0,0.0,0,0,0,0,0,0,0,0,0,0,0,0,0,0,0,0,0,0,0,0,0,0,0,0,0,0,0,0,0,0,0,0,0,0,0,0,0,0,0,0,0,0,0,0,0.0,0.0,0.0,0.0,0.0,0.0,0.0,0.0,0.0,0.0,0.0,0.0,0.0,0.0,0.0,0.0,0.0,0.0,0.0,0.0,0.0,0.0,-0.0,-2.004,-2.004,-0.0,0.0,0.0,0.0,0.0,3381.5,1.5879155638041463e+29,0.0,0.0,-0.0,-0.0,2.7184274988523002e+23,0.0,0.0,0.0,0.0,0,-0.059,126840004608.0,0.0,0.0,0.0,0.0,0.0,0.0,0.0,0,0,0,0.0,0.0,0.0,0.0,0.0,0.0,0.0,0.0,0.0,0.0,0.0,0.0,0.0,0.0,0.0,0.0,0,-107875648.0,0,0.0,0,-107875648.0,-107877712.0,0,0,17039,26215,17053,39322,17037,0,0,0,110,100,100,0.0,64.0,0.0,64.9,-107615304.0,68.5,1,49,50,180,0,26215,0,0,0.0,0.0,0.0,0.0,-1.3192995147029407e+26,65.0,0.0,-0.0,0.0,645,0,687,0,0,0,715,0,787,0,708,0,689,0,645,0,641,0,617,0.032,36700160.0,2.004,-107615152.0,41360,16788,-2.1021192030035998e+30,-0.0,-640009.938,54559150080.0,-0.0,-2.76113337926375e+31,29.0,60.0,70,0.0,0.0,0.0,0.0,0.0,0.0,0.0,0.0,0.0,0.0,0.0,0.0,0.0,0.0,0.0,0.0,59.2,68,11,65509,41,65476,0,300,0,0,8,20529,65476,0,0,61604,60.0,0.0,0.0,0.0,0.0,0.0
2026-04-04T11:34:49,ERR,ERR,ERR,ERR,ERR,ERR,ERR,ERR,ERR,ERR,ERR,ERR,ERR,ERR,ERR,ERR,ERR,ERR,ERR,ERR,ERR,ERR,ERR,ERR,ERR,ERR,ERR,ERR,ERR,ERR,ERR,ERR,ERR,ERR,ERR,ERR,ERR,ERR,ERR,ERR,ERR,ERR,ERR,ERR,ERR,ERR,ERR,ERR,ERR,ERR,ERR,ERR,ERR,ERR,ERR,ERR,ERR,ERR,ERR,ERR,ERR,ERR,ERR,ERR,ERR,ERR,ERR,ERR,ERR,ERR,ERR,ERR,ERR,ERR,ERR,ERR,ERR,ERR,ERR,ERR,ERR,ERR,ERR,ERR,ERR,ERR,ERR,ERR,ERR,ERR,ERR,ERR,ERR,ERR,ERR,ERR,ERR,ERR,ERR,ERR,ERR,ERR,ERR,ERR,ERR,ERR,ERR,ERR,ERR,ERR,ERR,ERR,ERR,ERR,ERR,ERR,ERR,ERR,ERR,ERR,ERR,ERR,ERR,ERR,ERR,0.0,-0.0,-101055584.0,0.0,0.0,0.0,0.0,nan,0,0,0,32768,0,0.0,0,0.0,0.0,0.0,0.0,0.0,0,0,0,0,0.0,0,0,0,0,0,0,0,0,0,0,0,0,0,0,0,0,0,0,0,0,0,0,0,0,0,0,0,0,0,0,0,0,0,0,0,0,0,0,0,0,0,0,0,0,0.0,0.0,0.0,0.0,0.0,0.0,0.0,0.0,0.0,0.0,0.0,0.0,0.0,0.0,0.0,0.0,0.0,0.0,0.0,0.0,0.0,0.0,-0.0,-2.004,-2.004,-0.0,0.0,0.0,0.0,0.0,3381.5,1.5879155638041463e+29,0.0,0.0,-0.0,-0.0,2.7184274988523002e+23,0.0,0.0,0.0,0.0,0,-0.059,126840004608.0,0.0,0.0,0.0,0.0,0.0,0.0,0.0,0,0,0,0.0,0.0,0.0,0.0,0.0,0.0,0.0,0.0,0.0,0.0,0.0,0.0,0.0,0.0,0.0,0.0,0,-107875648.0,0,0.0,0,-107875648.0,-107877712.0,0,0,17039,26215,17053,39322,17037,0,0,0,110,100,100,0.0,64.0,0.0,64.9,-107615304.0,68.5,1,49,50,180,0,26215,0,0,0.0,0.0,0.0,0.0,-4.342027252662272e+16,65.0,0.0,-0.0,0.0,645,0,687,0,0,0,715,0,787,0,708,0,689,0,645,0,641,0,617,0.032,36700160.0,2.004,-107615152.0,45968,16788,-9949546496.0,-0.0,3.415274101057482e+26,0.0,153864.141,-0.0,29.0,60.0,70,0.0,0.0,0.0,0.0,0.0,0.0,0.0,0.0,0.0,0.0,0.0,0.0,0.0,0.0,0.0,0.0,59.2,68,11,65509,41,65476,0,300,0,0,8,20529,65476,0,0,61604,60.0,0.0,0.0,0.0,0.0,0.0
2026-04-04T11:34:50,ERR,ERR,ERR,ERR,ERR,ERR,ERR,ERR,ERR,ERR,ERR,ERR,ERR,ERR,ERR,ERR,ERR,ERR,ERR,ERR,ERR,ERR,ERR,ERR,ERR,ERR,ERR,ERR,ERR,ERR,ERR,ERR,ERR,ERR,ERR,ERR,ERR,ERR,ERR,ERR,ERR,ERR,ERR,ERR,ERR,ERR,ERR,ERR,ERR,ERR,ERR,ERR,ERR,ERR,ERR,ERR,ERR,ERR,ERR,ERR,ERR,ERR,ERR,ERR,ERR,ERR,ERR,ERR,ERR,ERR,ERR,ERR,ERR,ERR,ERR,ERR,ERR,ERR,ERR,ERR,ERR,ERR,ERR,ERR,ERR,ERR,ERR,ERR,ERR,ERR,ERR,ERR,ERR,ERR,ERR,ERR,ERR,ERR,ERR,ERR,ERR,ERR,ERR,ERR,ERR,ERR,ERR,ERR,ERR,ERR,ERR,ERR,ERR,ERR,ERR,ERR,ERR,ERR,ERR,ERR,ERR,ERR,ERR,ERR,ERR,0.0,-0.0,-101055584.0,0.0,0.0,0.0,0.0,nan,0,0,0,32768,0,0.0,0,0.0,0.0,0.0,0.0,0.0,0,0,0,0,0.0,0,0,0,0,0,0,0,0,0,0,0,0,0,0,0,0,0,0,0,0,0,0,0,0,0,0,0,0,0,0,0,0,0,0,0,0,0,0,0,0,0,0,0,0,0.0,0.0,0.0,0.0,0.0,0.0,0.0,0.0,0.0,0.0,0.0,0.0,0.0,0.0,0.0,0.0,0.0,0.0,0.0,0.0,0.0,0.0,-0.0,-2.004,-2.004,-0.0,0.0,0.0,0.0,0.0,3381.5,1.5879155638041463e+29,0.0,0.0,-0.0,-0.0,2.7184274988523002e+23,0.0,0.0,0.0,0.0,0,-0.059,126840004608.0,0.0,0.0,0.0,0.0,0.0,0.0,0.0,0,0,0,0.0,0.0,0.0,0.0,0.0,0.0,0.0,0.0,0.0,0.0,0.0,0.0,0.0,0.0,0.0,0.0,0,-107875648.0,0,0.0,0,-107875648.0,-107877712.0,0,0,17039,26215,17053,39322,17037,0,0,0,110,100,100,0.0,64.0,0.0,64.9,-107615304.0,68.5,1,49,50,180,0,26215,0,0,0.0,0.0,0.0,0.0,-4.342027252662272e+16,65.0,0.0,-0.0,0.0,645,0,687,0,0,0,715,0,787,0,708,0,689,0,645,0,641,0,617,0.032,36700160.0,2.004,-107615152.0,45968,16788,-9949546496.0,-0.0,3.415274101057482e+26,0.0,153864.141,-0.0,29.0,60.0,70,0.0,0.0,0.0,0.0,0.0,0.0,0.0,0.0,0.0,0.0,0.0,0.0,0.0,0.0,0.0,0.0,59.2,68,11,65509,41,65476,0,300,0,0,8,20529,65476,0,0,61604,60.0,0.0,0.0,0.0,0.0,0.0
2026-04-04T11:34:51,ERR,ERR,ERR,ERR,ERR,ERR,ERR,ERR,ERR,ERR,ERR,ERR,ERR,ERR,ERR,ERR,ERR,ERR,ERR,ERR,ERR,ERR,ERR,ERR,ERR,ERR,ERR,ERR,ERR,ERR,ERR,ERR,ERR,ERR,ERR,ERR,ERR,ERR,ERR,ERR,ERR,ERR,ERR,ERR,ERR,ERR,ERR,ERR,ERR,ERR,ERR,ERR,ERR,ERR,ERR,ERR,ERR,ERR,ERR,ERR,ERR,ERR,ERR,ERR,ERR,ERR,ERR,ERR,ERR,ERR,ERR,ERR,ERR,ERR,ERR,ERR,ERR,ERR,ERR,ERR,ERR,ERR,ERR,ERR,ERR,ERR,ERR,ERR,ERR,ERR,ERR,ERR,ERR,ERR,ERR,ERR,ERR,ERR,ERR,ERR,ERR,ERR,ERR,ERR,ERR,ERR,ERR,ERR,ERR,ERR,ERR,ERR,ERR,ERR,ERR,ERR,ERR,ERR,ERR,ERR,ERR,ERR,ERR,ERR,ERR,0.0,-0.0,-101055584.0,0.0,0.0,0.0,0.0,nan,0,0,0,32768,0,0.0,0,0.0,0.0,0.0,0.0,0.0,0,0,0,0,0.0,0,0,0,0,0,0,0,0,0,0,0,0,0,0,0,0,0,0,0,0,0,0,0,0,0,0,0,0,0,0,0,0,0,0,0,0,0,0,0,0,0,0,0,0,0.0,0.0,0.0,0.0,0.0,0.0,0.0,0.0,0.0,0.0,0.0,0.0,0.0,0.0,0.0,0.0,0.0,0.0,0.0,0.0,0.0,0.0,-0.0,-2.004,-2.004,-0.0,0.0,0.0,0.0,0.0,3381.5,1.5879155638041463e+29,0.0,0.0,-0.0,-0.0,2.7184274988523002e+23,0.0,0.0,0.0,0.0,0,-0.059,126840004608.0,0.0,0.0,0.0,0.0,0.0,0.0,0.0,0,0,0,0.0,0.0,0.0,0.0,0.0,0.0,0.0,0.0,0.0,0.0,0.0,0.0,0.0,0.0,0.0,0.0,0,-107875648.0,0,0.0,0,-107875648.0,-107877712.0,0,0,17039,26215,17053,39322,17037,0,0,0,110,100,100,0.0,64.0,0.0,64.9,-107615304.0,68.5,1,49,50,180,0,26215,0,0,0.0,0.0,0.0,0.0,-4.342027252662272e+16,65.0,0.0,-0.0,0.0,645,0,687,0,0,0,715,0,787,0,708,0,689,0,645,0,641,0,617,0.032,36700160.0,2.004,-107615152.0,45968,16788,-9949546496.0,-0.0,3.415274101057482e+26,0.0,153864.141,-0.0,29.0,60.0,70,0.0,0.0,0.0,0.0,0.0,0.0,0.0,0.0,0.0,0.0,0.0,0.0,0.0,0.0,0.0,0.0,59.2,68,11,65509,41,65476,0,300,0,0,8,20529,65476,0,0,61604,60.0,0.0,0.0,0.0,0.0,0.0
2026-04-04T11:34:52,ERR,ERR,ERR,ERR,ERR,ERR,ERR,ERR,ERR,ERR,ERR,ERR,ERR,ERR,ERR,ERR,ERR,ERR,ERR,ERR,ERR,ERR,ERR,ERR,ERR,ERR,ERR,ERR,ERR,ERR,ERR,ERR,ERR,ERR,ERR,ERR,ERR,ERR,ERR,ERR,ERR,ERR,ERR,ERR,ERR,ERR,ERR,ERR,ERR,ERR,ERR,ERR,ERR,ERR,ERR,ERR,ERR,ERR,ERR,ERR,ERR,ERR,ERR,ERR,ERR,ERR,ERR,ERR,ERR,ERR,ERR,ERR,ERR,ERR,ERR,ERR,ERR,ERR,ERR,ERR,ERR,ERR,ERR,ERR,ERR,ERR,ERR,ERR,ERR,ERR,ERR,ERR,ERR,ERR,ERR,ERR,ERR,ERR,ERR,ERR,ERR,ERR,ERR,ERR,ERR,ERR,ERR,ERR,ERR,ERR,ERR,ERR,ERR,ERR,ERR,ERR,ERR,ERR,ERR,ERR,ERR,ERR,ERR,ERR,ERR,0.0,-0.0,-101055584.0,0.0,0.0,0.0,0.0,nan,0,0,0,32768,0,0.0,0,0.0,0.0,0.0,0.0,0.0,0,0,0,0,0.0,0,0,0,0,0,0,0,0,0,0,0,0,0,0,0,0,0,0,0,0,0,0,0,0,0,0,0,0,0,0,0,0,0,0,0,0,0,0,0,0,0,0,0,0,0.0,0.0,0.0,0.0,0.0,0.0,0.0,0.0,0.0,0.0,0.0,0.0,0.0,0.0,0.0,0.0,0.0,0.0,0.0,0.0,0.0,0.0,-0.0,-2.004,-2.004,-0.0,0.0,0.0,0.0,0.0,3381.5,1.5879155638041463e+29,0.0,0.0,-0.0,-0.0,2.7184274988523002e+23,0.0,0.0,0.0,0.0,0,-0.059,126840004608.0,0.0,0.0,0.0,0.0,0.0,0.0,0.0,0,0,0,0.0,0.0,0.0,0.0,0.0,0.0,0.0,0.0,0.0,0.0,0.0,0.0,0.0,0.0,0.0,0.0,0,-107875648.0,0,0.0,0,-107875648.0,-107877712.0,0,0,17039,26215,17053,39322,17037,0,0,0,110,100,100,0.0,64.0,0.0,64.9,-107615304.0,68.5,1,49,50,180,0,26215,0,0,0.0,0.0,0.0,0.0,-4.342027252662272e+16,65.0,0.0,-0.0,0.0,645,0,687,0,0,0,715,0,787,0,708,0,689,0,645,0,641,0,617,0.032,36700160.0,2.004,-107615152.0,45968,16788,-9949546496.0,-0.0,3.415274101057482e+26,0.0,153864.141,-0.0,29.0,60.0,70,0.0,0.0,0.0,0.0,0.0,0.0,0.0,0.0,0.0,0.0,0.0,0.0,0.0,0.0,0.0,0.0,59.2,68,11,65509,41,65476,0,300,0,0,8,20529,65476,0,0,61604,60.0,0.0,0.0,0.0,0.0,0.0
2026-04-04T11:34:53,ERR,ERR,ERR,ERR,ERR,ERR,ERR,ERR,ERR,ERR,ERR,ERR,ERR,ERR,ERR,ERR,ERR,ERR,ERR,ERR,ERR,ERR,ERR,ERR,ERR,ERR,ERR,ERR,ERR,ERR,ERR,ERR,ERR,ERR,ERR,ERR,ERR,ERR,ERR,ERR,ERR,ERR,ERR,ERR,ERR,ERR,ERR,ERR,ERR,ERR,ERR,ERR,ERR,ERR,ERR,ERR,ERR,ERR,ERR,ERR,ERR,ERR,ERR,ERR,ERR,ERR,ERR,ERR,ERR,ERR,ERR,ERR,ERR,ERR,ERR,ERR,ERR,ERR,ERR,ERR,ERR,ERR,ERR,ERR,ERR,ERR,ERR,ERR,ERR,ERR,ERR,ERR,ERR,ERR,ERR,ERR,ERR,ERR,ERR,ERR,ERR,ERR,ERR,ERR,ERR,ERR,ERR,ERR,ERR,ERR,ERR,ERR,ERR,ERR,ERR,ERR,ERR,ERR,ERR,ERR,ERR,ERR,ERR,ERR,ERR,0.0,-0.0,-101055584.0,0.0,0.0,0.0,0.0,nan,0,0,0,32768,0,0.0,0,0.0,0.0,0.0,0.0,0.0,0,0,0,0,0.0,0,0,0,0,0,0,0,0,0,0,0,0,0,0,0,0,0,0,0,0,0,0,0,0,0,0,0,0,0,0,0,0,0,0,0,0,0,0,0,0,0,0,0,0,0.0,0.0,0.0,0.0,0.0,0.0,0.0,0.0,0.0,0.0,0.0,0.0,0.0,0.0,0.0,0.0,0.0,0.0,0.0,0.0,0.0,0.0,-0.0,-2.004,-2.004,-0.0,0.0,0.0,0.0,0.0,3377.5,8608107520.0,0.0,0.0,-0.0,-0.0,2.7184274988523002e+23,0.0,0.0,0.0,0.0,0,-0.0,1.905674755852206e+17,0.0,0.0,0.0,0.0,0.0,0.0,0.0,0,0,0,0.0,0.0,0.0,0.0,0.0,0.0,0.0,0.0,0.0,0.0,0.0,0.0,0.0,0.0,0.0,0.0,0,-107875648.0,0,0.0,0,-107875648.0,-107877712.0,0,0,17039,26215,17053,39322,17037,0,0,0,110,100,100,0.0,64.0,0.0,64.9,-107615304.0,68.5,1,49,50,180,0,26215,0,0,0.0,0.0,0.0,0.0,-4.342027252662272e+16,65.0,0.0,-0.0,0.0,645,0,687,0,0,0,715,0,787,0,708,0,689,0,645,0,641,0,617,0.032,36700160.0,2.004,-107615152.0,45968,16788,-9949546496.0,-0.0,3.415274101057482e+26,0.0,153864.141,-0.0,29.0,60.0,70,0.0,0.0,0.0,0.0,0.0,0.0,0.0,0.0,0.0,0.0,0.0,0.0,0.0,0.0,0.0,0.0,59.2,68,11,65509,41,65476,0,300,0,0,8,20529,65476,0,0,61604,60.0,0.0,0.0,0.0,0.0,0.0
2026-04-04T11:34:54,ERR,ERR,ERR,ERR,ERR,ERR,ERR,ERR,ERR,ERR,ERR,ERR,ERR,ERR,ERR,ERR,ERR,ERR,ERR,ERR,ERR,ERR,ERR,ERR,ERR,ERR,ERR,ERR,ERR,ERR,ERR,ERR,ERR,ERR,ERR,ERR,ERR,ERR,ERR,ERR,ERR,ERR,ERR,ERR,ERR,ERR,ERR,ERR,ERR,ERR,ERR,ERR,ERR,ERR,ERR,ERR,ERR,ERR,ERR,ERR,ERR,ERR,ERR,ERR,ERR,ERR,ERR,ERR,ERR,ERR,ERR,ERR,ERR,ERR,ERR,ERR,ERR,ERR,ERR,ERR,ERR,ERR,ERR,ERR,ERR,ERR,ERR,ERR,ERR,ERR,ERR,ERR,ERR,ERR,ERR,ERR,ERR,ERR,ERR,ERR,ERR,ERR,ERR,ERR,ERR,ERR,ERR,ERR,ERR,ERR,ERR,ERR,ERR,ERR,ERR,ERR,ERR,ERR,ERR,ERR,ERR,ERR,ERR,ERR,ERR,0.0,-0.0,-101055584.0,0.0,0.0,0.0,0.0,nan,0,0,0,32768,0,0.0,0,0.0,0.0,0.0,0.0,0.0,0,0,0,0,0.0,0,0,0,0,0,0,0,0,0,0,0,0,0,0,0,0,0,0,0,0,0,0,0,0,0,0,0,0,0,0,0,0,0,0,0,0,0,0,0,0,0,0,0,0,0.0,0.0,0.0,0.0,0.0,0.0,0.0,0.0,0.0,0.0,0.0,0.0,0.0,0.0,0.0,0.0,0.0,0.0,0.0,0.0,0.0,0.0,-0.0,-2.004,-2.004,-0.0,0.0,0.0,0.0,0.0,3377.5,8608107520.0,0.0,0.0,-0.0,-0.0,2.7184274988523002e+23,0.0,0.0,0.0,0.0,0,-0.0,1.905674755852206e+17,0.0,0.0,0.0,0.0,0.0,0.0,0.0,0,0,0,0.0,0.0,0.0,0.0,0.0,0.0,0.0,0.0,0.0,0.0,0.0,0.0,0.0,0.0,0.0,0.0,0,-107875648.0,0,0.0,0,-107875648.0,-107877712.0,0,0,17039,26215,17053,39322,17037,0,0,0,110,100,100,0.0,64.0,0.0,64.9,-107615304.0,68.5,1,49,50,180,0,26215,0,0,0.0,0.0,0.0,0.0,-4.342027252662272e+16,65.0,0.0,-0.0,0.0,645,0,687,0,0,0,715,0,787,0,708,0,689,0,645,0,641,0,617,0.032,36700160.0,2.004,-107615152.0,45968,16788,-9949546496.0,-0.0,3.415274101057482e+26,0.0,153864.141,-0.0,29.0,60.0,70,0.0,0.0,0.0,0.0,0.0,0.0,0.0,0.0,0.0,0.0,0.0,0.0,0.0,0.0,0.0,0.0,59.2,68,11,65509,41,65476,0,300,0,0,8,20529,65476,0,0,61604,60.0,0.0,0.0,0.0,0.0,0.0
2026-04-04T11:34:55,ERR,ERR,ERR,ERR,ERR,ERR,ERR,ERR,ERR,ERR,ERR,ERR,ERR,ERR,ERR,ERR,ERR,ERR,ERR,ERR,ERR,ERR,ERR,ERR,ERR,ERR,ERR,ERR,ERR,ERR,ERR,ERR,ERR,ERR,ERR,ERR,ERR,ERR,ERR,ERR,ERR,ERR,ERR,ERR,ERR,ERR,ERR,ERR,ERR,ERR,ERR,ERR,ERR,ERR,ERR,ERR,ERR,ERR,ERR,ERR,ERR,ERR,ERR,ERR,ERR,ERR,ERR,ERR,ERR,ERR,ERR,ERR,ERR,ERR,ERR,ERR,ERR,ERR,ERR,ERR,ERR,ERR,ERR,ERR,ERR,ERR,ERR,ERR,ERR,ERR,ERR,ERR,ERR,ERR,ERR,ERR,ERR,ERR,ERR,ERR,ERR,ERR,ERR,ERR,ERR,ERR,ERR,ERR,ERR,ERR,ERR,ERR,ERR,ERR,ERR,ERR,ERR,ERR,ERR,ERR,ERR,ERR,ERR,ERR,ERR,0.0,-0.0,-101055584.0,0.0,0.0,0.0,0.0,nan,0,0,0,32768,0,0.0,0,0.0,0.0,0.0,0.0,0.0,0,0,0,0,0.0,0,0,0,0,0,0,0,0,0,0,0,0,0,0,0,0,0,0,0,0,0,0,0,0,0,0,0,0,0,0,0,0,0,0,0,0,0,0,0,0,0,0,0,0,0.0,0.0,0.0,0.0,0.0,0.0,0.0,0.0,0.0,0.0,0.0,0.0,0.0,0.0,0.0,0.0,0.0,0.0,0.0,0.0,0.0,0.0,-0.0,-2.004,-2.004,-0.0,0.0,0.0,0.0,0.0,3377.5,8608107520.0,0.0,0.0,-0.0,-0.0,2.7184274988523002e+23,0.0,0.0,0.0,0.0,0,-0.0,1.905674755852206e+17,0.0,0.0,0.0,0.0,0.0,0.0,0.0,0,0,0,0.0,0.0,0.0,0.0,0.0,0.0,0.0,0.0,0.0,0.0,0.0,0.0,0.0,0.0,0.0,0.0,0,-107875648.0,0,0.0,0,-107875648.0,-107877712.0,0,0,17039,26215,17053,39322,17037,0,0,0,110,100,100,0.0,64.0,0.0,64.9,-107615304.0,68.5,1,49,50,180,0,26215,0,0,0.0,0.0,0.0,0.0,-5.0327282512776974e+20,65.0,0.0,-0.0,0.0,645,0,687,0,0,0,715,0,787,0,708,0,689,0,645,0,641,0,617,0.032,36962304.0,2.004,-107615152.0,48528,16788,-5094167805952.0,51709932.0,1458.019,41849771261952.0,0.0,-0.0,29.0,60.0,70,0.0,0.0,0.0,0.0,0.0,0.0,0.0,0.0,0.0,0.0,0.0,0.0,0.0,0.0,0.0,0.0,59.2,68,11,65509,41,65476,0,300,0,0,8,20529,65476,0,0,61604,60.0,0.0,0.0,0.0,0.0,0.0
2026-04-04T11:34:56,ERR,ERR,ERR,ERR,ERR,ERR,ERR,ERR,ERR,ERR,ERR,ERR,ERR,ERR,ERR,ERR,ERR,ERR,ERR,ERR,ERR,ERR,ERR,ERR,ERR,ERR,ERR,ERR,ERR,ERR,ERR,ERR,ERR,ERR,ERR,ERR,ERR,ERR,ERR,ERR,ERR,ERR,ERR,ERR,ERR,ERR,ERR,ERR,ERR,ERR,ERR,ERR,ERR,ERR,ERR,ERR,ERR,ERR,ERR,ERR,ERR,ERR,ERR,ERR,ERR,ERR,ERR,ERR,ERR,ERR,ERR,ERR,ERR,ERR,ERR,ERR,ERR,ERR,ERR,ERR,ERR,ERR,ERR,ERR,ERR,ERR,ERR,ERR,ERR,ERR,ERR,ERR,ERR,ERR,ERR,ERR,ERR,ERR,ERR,ERR,ERR,ERR,ERR,ERR,ERR,ERR,ERR,ERR,ERR,ERR,ERR,ERR,ERR,ERR,ERR,ERR,ERR,ERR,ERR,ERR,ERR,ERR,ERR,ERR,ERR,0.0,-0.0,-101055584.0,0.0,0.0,0.0,0.0,nan,0,0,0,32768,0,0.0,0,0.0,0.0,0.0,0.0,0.0,0,0,0,0,0.0,0,0,0,0,0,0,0,0,0,0,0,0,0,0,0,0,0,0,0,0,0,0,0,0,0,0,0,0,0,0,0,0,0,0,0,0,0,0,0,0,0,0,0,0,0.0,0.0,0.0,0.0,0.0,0.0,0.0,0.0,0.0,0.0,0.0,0.0,0.0,0.0,0.0,0.0,0.0,0.0,0.0,0.0,0.0,0.0,-0.0,-2.004,-2.004,-0.0,0.0,0.0,0.0,0.0,3377.5,8608107520.0,0.0,0.0,-0.0,-0.0,2.7184274988523002e+23,0.0,0.0,0.0,0.0,0,-0.0,1.905674755852206e+17,0.0,0.0,0.0,0.0,0.0,0.0,0.0,0,0,0,0.0,0.0,0.0,0.0,0.0,0.0,0.0,0.0,0.0,0.0,0.0,0.0,0.0,0.0,0.0,0.0,0,-107875648.0,0,0.0,0,-107875648.0,-107877712.0,0,0,17039,26215,17053,39322,17037,0,0,0,110,100,100,0.0,64.0,0.0,64.9,-107615304.0,68.5,1,49,50,180,0,26215,0,0,0.0,0.0,0.0,0.0,-5.0327282512776974e+20,65.0,0.0,-0.0,0.0,645,0,687,0,0,0,715,0,787,0,708,0,689,0,645,0,641,0,617,0.032,36962304.0,2.004,-107615152.0,48528,16788,-5094167805952.0,51709932.0,1458.019,41849771261952.0,0.0,-0.0,29.0,60.0,70,0.0,0.0,0.0,0.0,0.0,0.0,0.0,0.0,0.0,0.0,0.0,0.0,0.0,0.0,0.0,0.0,59.6,68,11,65509,41,65476,0,300,0,0,8,20529,65476,0,0,61604,60.0,0.0,0.0,0.0,0.0,0.0
2026-04-04T11:34:57,ERR,ERR,ERR,ERR,ERR,ERR,ERR,ERR,ERR,ERR,ERR,ERR,ERR,ERR,ERR,ERR,ERR,ERR,ERR,ERR,ERR,ERR,ERR,ERR,ERR,ERR,ERR,ERR,ERR,ERR,ERR,ERR,ERR,ERR,ERR,ERR,ERR,ERR,ERR,ERR,ERR,ERR,ERR,ERR,ERR,ERR,ERR,ERR,ERR,ERR,ERR,ERR,ERR,ERR,ERR,ERR,ERR,ERR,ERR,ERR,ERR,ERR,ERR,ERR,ERR,ERR,ERR,ERR,ERR,ERR,ERR,ERR,ERR,ERR,ERR,ERR,ERR,ERR,ERR,ERR,ERR,ERR,ERR,ERR,ERR,ERR,ERR,ERR,ERR,ERR,ERR,ERR,ERR,ERR,ERR,ERR,ERR,ERR,ERR,ERR,ERR,ERR,ERR,ERR,ERR,ERR,ERR,ERR,ERR,ERR,ERR,ERR,ERR,ERR,ERR,ERR,ERR,ERR,ERR,ERR,ERR,ERR,ERR,ERR,ERR,0.0,-0.0,-101055584.0,0.0,0.0,0.0,0.0,nan,0,0,0,32768,0,0.0,0,0.0,0.0,0.0,0.0,0.0,0,0,0,0,0.0,0,0,0,0,0,0,0,0,0,0,0,0,0,0,0,0,0,0,0,0,0,0,0,0,0,0,0,0,0,0,0,0,0,0,0,0,0,0,0,0,0,0,0,0,0.0,0.0,0.0,0.0,0.0,0.0,0.0,0.0,0.0,0.0,0.0,0.0,0.0,0.0,0.0,0.0,0.0,0.0,0.0,0.0,0.0,0.0,-0.0,-2.004,-2.004,-0.0,0.0,0.0,0.0,0.0,3377.5,8608107520.0,0.0,0.0,-0.0,-0.0,2.7184274988523002e+23,0.0,0.0,0.0,0.0,0,-0.0,1.905674755852206e+17,0.0,0.0,0.0,0.0,0.0,0.0,0.0,0,0,0,0.0,0.0,0.0,0.0,0.0,0.0,0.0,0.0,0.0,0.0,0.0,0.0,0.0,0.0,0.0,0.0,0,-107875648.0,0,0.0,0,-107875648.0,-107877712.0,0,0,17039,26215,17053,39322,17037,0,0,0,110,100,100,0.0,64.0,0.0,64.9,-107615304.0,68.5,1,49,50,180,0,26215,0,0,0.0,0.0,0.0,0.0,-5.0327282512776974e+20,65.0,0.0,-0.0,0.0,645,0,687,0,0,0,715,0,787,0,708,0,689,0,645,0,641,0,617,0.032,36962304.0,2.004,-107615152.0,48528,16788,-5094167805952.0,51709932.0,1458.019,41849771261952.0,0.0,-0.0,29.0,60.0,70,0.0,0.0,0.0,0.0,0.0,0.0,0.0,0.0,0.0,0.0,0.0,0.0,0.0,0.0,0.0,0.0,59.6,68,11,65509,41,65476,0,300,0,0,8,20529,65476,0,0,61604,60.0,0.0,0.0,0.0,0.0,0.0
2026-04-04T11:34:58,ERR,ERR,ERR,ERR,ERR,ERR,ERR,ERR,ERR,ERR,ERR,ERR,ERR,ERR,ERR,ERR,ERR,ERR,ERR,ERR,ERR,ERR,ERR,ERR,ERR,ERR,ERR,ERR,ERR,ERR,ERR,ERR,ERR,ERR,ERR,ERR,ERR,ERR,ERR,ERR,ERR,ERR,ERR,ERR,ERR,ERR,ERR,ERR,ERR,ERR,ERR,ERR,ERR,ERR,ERR,ERR,ERR,ERR,ERR,ERR,ERR,ERR,ERR,ERR,ERR,ERR,ERR,ERR,ERR,ERR,ERR,ERR,ERR,ERR,ERR,ERR,ERR,ERR,ERR,ERR,ERR,ERR,ERR,ERR,ERR,ERR,ERR,ERR,ERR,ERR,ERR,ERR,ERR,ERR,ERR,ERR,ERR,ERR,ERR,ERR,ERR,ERR,ERR,ERR,ERR,ERR,ERR,ERR,ERR,ERR,ERR,ERR,ERR,ERR,ERR,ERR,ERR,ERR,ERR,ERR,ERR,ERR,ERR,ERR,ERR,0.0,-0.0,-101055584.0,0.0,0.0,0.0,0.0,nan,0,0,0,32768,0,0.0,0,0.0,0.0,0.0,0.0,0.0,0,0,0,0,0.0,0,0,0,0,0,0,0,0,0,0,0,0,0,0,0,0,0,0,0,0,0,0,0,0,0,0,0,0,0,0,0,0,0,0,0,0,0,0,0,0,0,0,0,0,0.0,0.0,0.0,0.0,0.0,0.0,0.0,0.0,0.0,0.0,0.0,0.0,0.0,0.0,0.0,0.0,0.0,0.0,0.0,0.0,0.0,0.0,-0.0,-2.004,-2.004,-0.0,0.0,0.0,0.0,0.0,3377.5,8608107520.0,0.0,0.0,-0.0,-0.0,2.7184274988523002e+23,0.0,0.0,0.0,0.0,0,-0.0,1.905674755852206e+17,0.0,0.0,0.0,0.0,0.0,0.0,0.0,0,0,0,0.0,0.0,0.0,0.0,0.0,0.0,0.0,0.0,0.0,0.0,0.0,0.0,0.0,0.0,0.0,0.0,0,-107875648.0,0,0.0,0,-107875648.0,-107877712.0,0,0,17039,26215,17053,39322,17037,0,0,0,110,100,100,0.0,64.0,0.0,64.9,-107615304.0,68.5,1,49,50,180,0,26215,0,0,0.0,0.0,0.0,0.0,-5.0327282512776974e+20,65.0,0.0,-0.0,0.0,645,0,687,0,0,0,715,0,787,0,708,0,689,0,645,0,641,0,617,0.032,36962304.0,2.004,-107615152.0,48528,16788,-5094167805952.0,51709932.0,1458.019,41849771261952.0,0.0,-0.0,29.0,60.0,70,0.0,0.0,0.0,0.0,0.0,0.0,0.0,0.0,0.0,0.0,0.0,0.0,0.0,0.0,0.0,0.0,59.6,68,11,65509,41,65476,0,300,0,0,8,20529,65476,0,0,61604,60.0,0.0,0.0,0.0,0.0,0.0
2026-04-04T11:34:59,ERR,ERR,ERR,ERR,ERR,ERR,ERR,ERR,ERR,ERR,ERR,ERR,ERR,ERR,ERR,ERR,ERR,ERR,ERR,ERR,ERR,ERR,ERR,ERR,ERR,ERR,ERR,ERR,ERR,ERR,ERR,ERR,ERR,ERR,ERR,ERR,ERR,ERR,ERR,ERR,ERR,ERR,ERR,ERR,ERR,ERR,ERR,ERR,ERR,ERR,ERR,ERR,ERR,ERR,ERR,ERR,ERR,ERR,ERR,ERR,ERR,ERR,ERR,ERR,ERR,ERR,ERR,ERR,ERR,ERR,ERR,ERR,ERR,ERR,ERR,ERR,ERR,ERR,ERR,ERR,ERR,ERR,ERR,ERR,ERR,ERR,ERR,ERR,ERR,ERR,ERR,ERR,ERR,ERR,ERR,ERR,ERR,ERR,ERR,ERR,ERR,ERR,ERR,ERR,ERR,ERR,ERR,ERR,ERR,ERR,ERR,ERR,ERR,ERR,ERR,ERR,ERR,ERR,ERR,ERR,ERR,ERR,ERR,ERR,ERR,0.0,-0.0,-101055584.0,0.0,0.0,0.0,0.0,nan,0,0,0,32768,0,0.0,0,0.0,0.0,0.0,0.0,0.0,0,0,0,0,0.0,0,0,0,0,0,0,0,0,0,0,0,0,0,0,0,0,0,0,0,0,0,0,0,0,0,0,0,0,0,0,0,0,0,0,0,0,0,0,0,0,0,0,0,0,0.0,0.0,0.0,0.0,0.0,0.0,0.0,0.0,0.0,0.0,0.0,0.0,0.0,0.0,0.0,0.0,0.0,0.0,0.0,0.0,0.0,0.0,-0.0,-2.004,-2.004,-0.0,0.0,0.0,0.0,0.0,3377.5,8608107520.0,0.0,0.0,-0.0,-0.0,2.7184274988523002e+23,0.0,0.0,0.0,0.0,0,-0.0,1.905674755852206e+17,0.0,0.0,0.0,0.0,0.0,0.0,0.0,0,0,0,0.0,0.0,0.0,0.0,0.0,0.0,0.0,0.0,0.0,0.0,0.0,0.0,0.0,0.0,0.0,0.0,0,-107875648.0,0,0.0,0,-107875648.0,-107877712.0,0,0,17039,26215,17053,39322,17037,0,0,0,110,100,100,0.0,64.0,0.0,64.9,-107615304.0,68.5,1,49,50,180,0,26215,0,0,0.0,0.0,0.0,0.0,-5.0327282512776974e+20,65.0,0.0,-0.0,0.0,645,0,687,0,0,0,715,0,787,0,708,0,689,0,645,0,641,0,617,0.032,36962304.0,2.004,-107615152.0,48528,16788,-5094167805952.0,51709932.0,1458.019,41849771261952.0,0.0,-0.0,29.0,60.0,70,0.0,0.0,0.0,0.0,0.0,0.0,0.0,0.0,0.0,0.0,0.0,0.0,0.0,0.0,0.0,0.0,59.2,68,11,65509,41,65476,0,300,0,0,8,20529,65476,0,0,61604,60.0,0.0,0.0,0.0,0.0,0.0
2026-04-04T11:35:00,ERR,ERR,ERR,ERR,ERR,ERR,ERR,ERR,ERR,ERR,ERR,ERR,ERR,ERR,ERR,ERR,ERR,ERR,ERR,ERR,ERR,ERR,ERR,ERR,ERR,ERR,ERR,ERR,ERR,ERR,ERR,ERR,ERR,ERR,ERR,ERR,ERR,ERR,ERR,ERR,ERR,ERR,ERR,ERR,ERR,ERR,ERR,ERR,ERR,ERR,ERR,ERR,ERR,ERR,ERR,ERR,ERR,ERR,ERR,ERR,ERR,ERR,ERR,ERR,ERR,ERR,ERR,ERR,ERR,ERR,ERR,ERR,ERR,ERR,ERR,ERR,ERR,ERR,ERR,ERR,ERR,ERR,ERR,ERR,ERR,ERR,ERR,ERR,ERR,ERR,ERR,ERR,ERR,ERR,ERR,ERR,ERR,ERR,ERR,ERR,ERR,ERR,ERR,ERR,ERR,ERR,ERR,ERR,ERR,ERR,ERR,ERR,ERR,ERR,ERR,ERR,ERR,ERR,ERR,ERR,ERR,ERR,ERR,ERR,ERR,0.0,-0.0,-101055584.0,0.0,0.0,0.0,0.0,nan,0,0,0,32768,0,0.0,0,0.0,0.0,0.0,0.0,0.0,0,0,0,0,0.0,0,0,0,0,0,0,0,0,0,0,0,0,0,0,0,0,0,0,0,0,0,0,0,0,0,0,0,0,0,0,0,0,0,0,0,0,0,0,0,0,0,0,0,0,0.0,0.0,0.0,0.0,0.0,0.0,0.0,0.0,0.0,0.0,0.0,0.0,0.0,0.0,0.0,0.0,0.0,0.0,0.0,0.0,0.0,0.0,-0.0,-2.004,-2.004,-0.0,0.0,0.0,0.0,0.0,3377.5,8608107520.0,0.0,0.0,-0.0,-0.0,2.7184274988523002e+23,0.0,0.0,0.0,0.0,0,-0.0,1.905674755852206e+17,0.0,0.0,0.0,0.0,0.0,0.0,0.0,0,0,0,0.0,0.0,0.0,0.0,0.0,0.0,0.0,0.0,0.0,0.0,0.0,0.0,0.0,0.0,0.0,0.0,0,-107875648.0,0,0.0,0,-107875648.0,-107877712.0,0,0,17039,26215,17053,39322,17037,0,0,0,110,100,100,0.0,64.0,0.0,64.9,-107615304.0,68.5,1,49,50,180,0,26215,0,0,0.0,0.0,0.0,0.0,-5.0327282512776974e+20,65.0,0.0,-0.0,0.0,645,0,687,0,0,0,715,0,787,0,708,0,689,0,645,0,641,0,617,0.032,36962304.0,2.004,-107615152.0,48528,16788,-5094167805952.0,51709932.0,1458.019,41849771261952.0,0.0,-0.0,29.0,60.0,70,0.0,0.0,0.0,0.0,0.0,0.0,0.0,0.0,0.0,0.0,0.0,0.0,0.0,0.0,0.0,0.0,59.2,68,11,65509,41,65476,0,300,0,0,8,20529,65476,0,0,61604,60.0,0.0,0.0,0.0,0.0,0.0
2026-04-04T11:35:01,ERR,ERR,ERR,ERR,ERR,ERR,ERR,ERR,ERR,ERR,ERR,ERR,ERR,ERR,ERR,ERR,ERR,ERR,ERR,ERR,ERR,ERR,ERR,ERR,ERR,ERR,ERR,ERR,ERR,ERR,ERR,ERR,ERR,ERR,ERR,ERR,ERR,ERR,ERR,ERR,ERR,ERR,ERR,ERR,ERR,ERR,ERR,ERR,ERR,ERR,ERR,ERR,ERR,ERR,ERR,ERR,ERR,ERR,ERR,ERR,ERR,ERR,ERR,ERR,ERR,ERR,ERR,ERR,ERR,ERR,ERR,ERR,ERR,ERR,ERR,ERR,ERR,ERR,ERR,ERR,ERR,ERR,ERR,ERR,ERR,ERR,ERR,ERR,ERR,ERR,ERR,ERR,ERR,ERR,ERR,ERR,ERR,ERR,ERR,ERR,ERR,ERR,ERR,ERR,ERR,ERR,ERR,ERR,ERR,ERR,ERR,ERR,ERR,ERR,ERR,ERR,ERR,ERR,ERR,ERR,ERR,ERR,ERR,ERR,ERR,0.0,-0.0,-101055584.0,0.0,0.0,0.0,0.0,nan,0,0,0,32768,0,0.0,0,0.0,0.0,0.0,0.0,0.0,0,0,0,0,0.0,0,0,0,0,0,0,0,0,0,0,0,0,0,0,0,0,0,0,0,0,0,0,0,0,0,0,0,0,0,0,0,0,0,0,0,0,0,0,0,0,0,0,0,0,0.0,0.0,0.0,0.0,0.0,0.0,0.0,0.0,0.0,0.0,0.0,0.0,0.0,0.0,0.0,0.0,0.0,0.0,0.0,0.0,0.0,0.0,-0.0,-2.004,-2.004,-0.0,0.0,0.0,0.0,0.0,3377.5,8608107520.0,0.0,0.0,-0.0,-0.0,2.7184274988523002e+23,0.0,0.0,0.0,0.0,0,-0.0,1.905674755852206e+17,0.0,0.0,0.0,0.0,0.0,0.0,0.0,0,0,0,0.0,0.0,0.0,0.0,0.0,0.0,0.0,0.0,0.0,0.0,0.0,0.0,0.0,0.0,0.0,0.0,0,-107875648.0,0,0.0,0,-107875648.0,-107877712.0,0,0,17039,26215,17053,39322,17037,0,0,0,110,100,100,0.0,64.0,0.0,64.9,-107615304.0,68.5,1,49,50,180,0,26215,0,0,0.0,0.0,0.0,0.0,-1049087836160.0,65.0,0.0,-0.0,0.0,645,0,687,0,0,0,715,0,787,0,708,0,689,0,645,0,641,0,618,0.032,36962304.0,-0.0,0.0,31120,16788,-1986506522624.0,-0.0,8.3792934878e+32,1.051742423168445e+38,2671905024.0,-0.0,29.0,60.0,70,0.0,0.0,0.0,0.0,0.0,0.0,0.0,0.0,0.0,0.0,0.0,0.0,0.0,0.0,0.0,0.0,59.2,68,11,65509,41,65476,0,300,0,0,8,20529,65476,0,0,61604,60.0,0.0,0.0,0.0,0.0,0.0
2026-04-04T11:35:02,ERR,ERR,ERR,ERR,ERR,ERR,ERR,ERR,ERR,ERR,ERR,ERR,ERR,ERR,ERR,ERR,ERR,ERR,ERR,ERR,ERR,ERR,ERR,ERR,ERR,ERR,ERR,ERR,ERR,ERR,ERR,ERR,ERR,ERR,ERR,ERR,ERR,ERR,ERR,ERR,ERR,ERR,ERR,ERR,ERR,ERR,ERR,ERR,ERR,ERR,ERR,ERR,ERR,ERR,ERR,ERR,ERR,ERR,ERR,ERR,ERR,ERR,ERR,ERR,ERR,ERR,ERR,ERR,ERR,ERR,ERR,ERR,ERR,ERR,ERR,ERR,ERR,ERR,ERR,ERR,ERR,ERR,ERR,ERR,ERR,ERR,ERR,ERR,ERR,ERR,ERR,ERR,ERR,ERR,ERR,ERR,ERR,ERR,ERR,ERR,ERR,ERR,ERR,ERR,ERR,ERR,ERR,ERR,ERR,ERR,ERR,ERR,ERR,ERR,ERR,ERR,ERR,ERR,ERR,ERR,ERR,ERR,ERR,ERR,ERR,0.0,-0.0,-101055584.0,0.0,0.0,0.0,0.0,nan,0,0,0,32768,0,0.0,0,0.0,0.0,0.0,0.0,0.0,0,0,0,0,0.0,0,0,0,0,0,0,0,0,0,0,0,0,0,0,0,0,0,0,0,0,0,0,0,0,0,0,0,0,0,0,0,0,0,0,0,0,0,0,0,0,0,0,0,0,0.0,0.0,0.0,0.0,0.0,0.0,0.0,0.0,0.0,0.0,0.0,0.0,0.0,0.0,0.0,0.0,0.0,0.0,0.0,0.0,0.0,0.0,-0.0,-2.004,-2.004,-0.0,0.0,0.0,0.0,0.0,3380.5,-0.0,0.0,0.0,-0.0,-0.0,2.7184274988523002e+23,0.0,0.0,0.0,0.0,0,-89221.016,-0.0,0.0,0.0,0.0,0.0,0.0,0.0,0.0,0,0,0,0.0,0.0,0.0,0.0,0.0,0.0,0.0,0.0,0.0,0.0,0.0,0.0,0.0,0.0,0.0,0.0,0,-107875648.0,0,0.0,0,-107875648.0,-107877712.0,0,0,17039,26215,17053,39322,17037,0,0,0,110,100,100,0.0,64.0,0.0,64.9,-107615304.0,68.5,1,49,50,180,0,26215,0,0,0.0,0.0,0.0,0.0,-1049087836160.0,65.0,0.0,-0.0,0.0,645,0,687,0,0,0,715,0,787,0,708,0,689,0,645,0,641,0,618,0.032,36962304.0,-0.0,0.0,31120,16788,-1986506522624.0,-0.0,8.3792934878e+32,1.051742423168445e+38,2671905024.0,-0.0,29.0,60.0,70,0.0,0.0,0.0,0.0,0.0,0.0,0.0,0.0,0.0,0.0,0.0,0.0,0.0,0.0,0.0,0.0,59.2,68,11,65509,41,65476,0,300,0,0,8,20529,65476,0,0,61604,60.0,0.0,0.0,0.0,0.0,0.0
2026-04-04T11:35:03,ERR,ERR,ERR,ERR,ERR,ERR,ERR,ERR,ERR,ERR,ERR,ERR,ERR,ERR,ERR,ERR,ERR,ERR,ERR,ERR,ERR,ERR,ERR,ERR,ERR,ERR,ERR,ERR,ERR,ERR,ERR,ERR,ERR,ERR,ERR,ERR,ERR,ERR,ERR,ERR,ERR,ERR,ERR,ERR,ERR,ERR,ERR,ERR,ERR,ERR,ERR,ERR,ERR,ERR,ERR,ERR,ERR,ERR,ERR,ERR,ERR,ERR,ERR,ERR,ERR,ERR,ERR,ERR,ERR,ERR,ERR,ERR,ERR,ERR,ERR,ERR,ERR,ERR,ERR,ERR,ERR,ERR,ERR,ERR,ERR,ERR,ERR,ERR,ERR,ERR,ERR,ERR,ERR,ERR,ERR,ERR,ERR,ERR,ERR,ERR,ERR,ERR,ERR,ERR,ERR,ERR,ERR,ERR,ERR,ERR,ERR,ERR,ERR,ERR,ERR,ERR,ERR,ERR,ERR,ERR,ERR,ERR,ERR,ERR,ERR,0.0,-0.0,-101055584.0,0.0,0.0,0.0,0.0,nan,0,0,0,32768,0,0.0,0,0.0,0.0,0.0,0.0,0.0,0,0,0,0,0.0,0,0,0,0,0,0,0,0,0,0,0,0,0,0,0,0,0,0,0,0,0,0,0,0,0,0,0,0,0,0,0,0,0,0,0,0,0,0,0,0,0,0,0,0,0.0,0.0,0.0,0.0,0.0,0.0,0.0,0.0,0.0,0.0,0.0,0.0,0.0,0.0,0.0,0.0,0.0,0.0,0.0,0.0,0.0,0.0,-0.0,-2.004,-2.004,-0.0,0.0,0.0,0.0,0.0,3380.5,-0.0,0.0,0.0,-0.0,-0.0,2.7184274988523002e+23,0.0,0.0,0.0,0.0,0,-89221.016,-0.0,0.0,0.0,0.0,0.0,0.0,0.0,0.0,0,0,0,0.0,0.0,0.0,0.0,0.0,0.0,0.0,0.0,0.0,0.0,0.0,0.0,0.0,0.0,0.0,0.0,0,-107875648.0,0,0.0,0,-107875648.0,-107877712.0,0,0,17039,26215,17053,39322,17037,0,0,0,110,100,100,0.0,64.0,0.0,64.9,-107615304.0,68.5,1,49,50,180,0,26215,0,0,0.0,0.0,0.0,0.0,-1049087836160.0,65.0,0.0,-0.0,0.0,645,0,687,0,0,0,715,0,787,0,708,0,689,0,645,0,641,0,618,0.032,36962304.0,-0.0,0.0,31120,16788,-1986506522624.0,-0.0,8.3792934878e+32,1.051742423168445e+38,2671905024.0,-0.0,29.0,60.0,70,0.0,0.0,0.0,0.0,0.0,0.0,0.0,0.0,0.0,0.0,0.0,0.0,0.0,0.0,0.0,0.0,59.2,68,11,65509,41,65476,0,300,0,0,8,20529,65476,0,0,61604,60.0,0.0,0.0,0.0,0.0,0.0
2026-04-04T11:35:04,ERR,ERR,ERR,ERR,ERR,ERR,ERR,ERR,ERR,ERR,ERR,ERR,ERR,ERR,ERR,ERR,ERR,ERR,ERR,ERR,ERR,ERR,ERR,ERR,ERR,ERR,ERR,ERR,ERR,ERR,ERR,ERR,ERR,ERR,ERR,ERR,ERR,ERR,ERR,ERR,ERR,ERR,ERR,ERR,ERR,ERR,ERR,ERR,ERR,ERR,ERR,ERR,ERR,ERR,ERR,ERR,ERR,ERR,ERR,ERR,ERR,ERR,ERR,ERR,ERR,ERR,ERR,ERR,ERR,ERR,ERR,ERR,ERR,ERR,ERR,ERR,ERR,ERR,ERR,ERR,ERR,ERR,ERR,ERR,ERR,ERR,ERR,ERR,ERR,ERR,ERR,ERR,ERR,ERR,ERR,ERR,ERR,ERR,ERR,ERR,ERR,ERR,ERR,ERR,ERR,ERR,ERR,ERR,ERR,ERR,ERR,ERR,ERR,ERR,ERR,ERR,ERR,ERR,ERR,ERR,ERR,ERR,ERR,ERR,ERR,0.0,-0.0,-101055584.0,0.0,0.0,0.0,0.0,nan,0,0,0,32768,0,0.0,0,0.0,0.0,0.0,0.0,0.0,0,0,0,0,0.0,0,0,0,0,0,0,0,0,0,0,0,0,0,0,0,0,0,0,0,0,0,0,0,0,0,0,0,0,0,0,0,0,0,0,0,0,0,0,0,0,0,0,0,0,0.0,0.0,0.0,0.0,0.0,0.0,0.0,0.0,0.0,0.0,0.0,0.0,0.0,0.0,0.0,0.0,0.0,0.0,0.0,0.0,0.0,0.0,-0.0,-2.004,-2.004,-0.0,0.0,0.0,0.0,0.0,3380.5,-0.0,0.0,0.0,-0.0,-0.0,2.7184274988523002e+23,0.0,0.0,0.0,0.0,0,-89221.016,-0.0,0.0,0.0,0.0,0.0,0.0,0.0,0.0,0,0,0,0.0,0.0,0.0,0.0,0.0,0.0,0.0,0.0,0.0,0.0,0.0,0.0,0.0,0.0,0.0,0.0,0,-107875648.0,0,0.0,0,-107875648.0,-107877712.0,0,0,17039,26215,17053,39322,17037,0,0,0,110,100,100,0.0,64.0,0.0,64.9,-107615304.0,68.5,1,49,50,180,0,26215,0,0,0.0,0.0,0.0,0.0,-1049087836160.0,65.0,0.0,-0.0,0.0,645,0,687,0,0,0,715,0,787,0,708,0,689,0,645,0,641,0,618,0.032,36962304.0,-0.0,0.0,31120,16788,-1986506522624.0,-0.0,8.3792934878e+32,1.051742423168445e+38,2671905024.0,-0.0,29.0,60.0,70,0.0,0.0,0.0,0.0,0.0,0.0,0.0,0.0,0.0,0.0,0.0,0.0,0.0,0.0,0.0,0.0,59.6,68,11,65509,41,65476,0,300,0,0,8,20529,65476,0,0,61604,60.0,0.0,0.0,0.0,0.0,0.0
2026-04-04T11:35:05,ERR,ERR,ERR,ERR,ERR,ERR,ERR,ERR,ERR,ERR,ERR,ERR,ERR,ERR,ERR,ERR,ERR,ERR,ERR,ERR,ERR,ERR,ERR,ERR,ERR,ERR,ERR,ERR,ERR,ERR,ERR,ERR,ERR,ERR,ERR,ERR,ERR,ERR,ERR,ERR,ERR,ERR,ERR,ERR,ERR,ERR,ERR,ERR,ERR,ERR,ERR,ERR,ERR,ERR,ERR,ERR,ERR,ERR,ERR,ERR,ERR,ERR,ERR,ERR,ERR,ERR,ERR,ERR,ERR,ERR,ERR,ERR,ERR,ERR,ERR,ERR,ERR,ERR,ERR,ERR,ERR,ERR,ERR,ERR,ERR,ERR,ERR,ERR,ERR,ERR,ERR,ERR,ERR,ERR,ERR,ERR,ERR,ERR,ERR,ERR,ERR,ERR,ERR,ERR,ERR,ERR,ERR,ERR,ERR,ERR,ERR,ERR,ERR,ERR,ERR,ERR,ERR,ERR,ERR,ERR,ERR,ERR,ERR,ERR,ERR,0.0,-0.0,-101055584.0,0.0,0.0,0.0,0.0,nan,0,0,0,32768,0,0.0,0,0.0,0.0,0.0,0.0,0.0,0,0,0,0,0.0,0,0,0,0,0,0,0,0,0,0,0,0,0,0,0,0,0,0,0,0,0,0,0,0,0,0,0,0,0,0,0,0,0,0,0,0,0,0,0,0,0,0,0,0,0.0,0.0,0.0,0.0,0.0,0.0,0.0,0.0,0.0,0.0,0.0,0.0,0.0,0.0,0.0,0.0,0.0,0.0,0.0,0.0,0.0,0.0,-0.0,-2.004,-2.004,-0.0,0.0,0.0,0.0,0.0,3380.5,-0.0,0.0,0.0,-0.0,-0.0,2.7184274988523002e+23,0.0,0.0,0.0,0.0,0,-89221.016,-0.0,0.0,0.0,0.0,0.0,0.0,0.0,0.0,0,0,0,0.0,0.0,0.0,0.0,0.0,0.0,0.0,0.0,0.0,0.0,0.0,0.0,0.0,0.0,0.0,0.0,0,-107875648.0,0,0.0,0,-107875648.0,-107877712.0,0,0,17039,26215,17053,39322,17037,0,0,0,110,100,100,0.0,64.0,0.0,64.9,-107615304.0,68.5,1,49,50,180,0,26215,0,0,0.0,0.0,0.0,0.0,-1049087836160.0,65.0,0.0,-0.0,0.0,645,0,687,0,0,0,715,0,787,0,708,0,689,0,645,0,641,0,618,0.032,36962304.0,-0.0,0.0,31120,16788,-1986506522624.0,-0.0,8.3792934878e+32,1.051742423168445e+38,2671905024.0,-0.0,29.0,60.0,70,0.0,0.0,0.0,0.0,0.0,0.0,0.0,0.0,0.0,0.0,0.0,0.0,0.0,0.0,0.0,0.0,59.6,68,11,65509,41,65476,0,300,0,0,8,20529,65476,0,0,61604,60.0,0.0,0.0,0.0,0.0,0.0
2026-04-04T11:35:06,ERR,ERR,ERR,ERR,ERR,ERR,ERR,ERR,ERR,ERR,ERR,ERR,ERR,ERR,ERR,ERR,ERR,ERR,ERR,ERR,ERR,ERR,ERR,ERR,ERR,ERR,ERR,ERR,ERR,ERR,ERR,ERR,ERR,ERR,ERR,ERR,ERR,ERR,ERR,ERR,ERR,ERR,ERR,ERR,ERR,ERR,ERR,ERR,ERR,ERR,ERR,ERR,ERR,ERR,ERR,ERR,ERR,ERR,ERR,ERR,ERR,ERR,ERR,ERR,ERR,ERR,ERR,ERR,ERR,ERR,ERR,ERR,ERR,ERR,ERR,ERR,ERR,ERR,ERR,ERR,ERR,ERR,ERR,ERR,ERR,ERR,ERR,ERR,ERR,ERR,ERR,ERR,ERR,ERR,ERR,ERR,ERR,ERR,ERR,ERR,ERR,ERR,ERR,ERR,ERR,ERR,ERR,ERR,ERR,ERR,ERR,ERR,ERR,ERR,ERR,ERR,ERR,ERR,ERR,ERR,ERR,ERR,ERR,ERR,ERR,0.0,-0.0,-101055584.0,0.0,0.0,0.0,0.0,nan,0,0,0,32768,0,0.0,0,0.0,0.0,0.0,0.0,0.0,0,0,0,0,0.0,0,0,0,0,0,0,0,0,0,0,0,0,0,0,0,0,0,0,0,0,0,0,0,0,0,0,0,0,0,0,0,0,0,0,0,0,0,0,0,0,0,0,0,0,0.0,0.0,0.0,0.0,0.0,0.0,0.0,0.0,0.0,0.0,0.0,0.0,0.0,0.0,0.0,0.0,0.0,0.0,0.0,0.0,0.0,0.0,-0.0,-2.004,-2.004,-0.0,0.0,0.0,0.0,0.0,3380.5,-0.0,0.0,0.0,-0.0,-0.0,2.7184274988523002e+23,0.0,0.0,0.0,0.0,0,-89221.016,-0.0,0.0,0.0,0.0,0.0,0.0,0.0,0.0,0,0,0,0.0,0.0,0.0,0.0,0.0,0.0,0.0,0.0,0.0,0.0,0.0,0.0,0.0,0.0,0.0,0.0,0,-107875648.0,0,0.0,0,-107875648.0,-107877712.0,0,0,17039,26215,17053,39322,17037,0,0,0,110,100,100,0.0,64.0,0.0,64.9,-107615304.0,68.5,1,49,50,180,0,26215,0,0,0.0,0.0,0.0,0.0,-4759030996140032.0,65.0,0.0,-0.0,0.0,645,0,687,0,0,0,715,0,787,0,708,0,689,0,645,0,641,0,618,0.032,37224448.0,-0.0,0.0,35216,16788,-3879895552.0,-0.0,1.5569255374258176e+16,1.744,0.043,-0.0,29.0,60.0,70,0.0,0.0,0.0,0.0,0.0,0.0,0.0,0.0,0.0,0.0,0.0,0.0,0.0,0.0,0.0,0.0,59.6,68,11,65509,41,65476,0,300,0,0,8,20529,65476,0,0,61604,60.0,0.0,0.0,0.0,0.0,0.0
2026-04-04T11:35:07,ERR,ERR,ERR,ERR,ERR,ERR,ERR,ERR,ERR,ERR,ERR,ERR,ERR,ERR,ERR,ERR,ERR,ERR,ERR,ERR,ERR,ERR,ERR,ERR,ERR,ERR,ERR,ERR,ERR,ERR,ERR,ERR,ERR,ERR,ERR,ERR,ERR,ERR,ERR,ERR,ERR,ERR,ERR,ERR,ERR,ERR,ERR,ERR,ERR,ERR,ERR,ERR,ERR,ERR,ERR,ERR,ERR,ERR,ERR,ERR,ERR,ERR,ERR,ERR,ERR,ERR,ERR,ERR,ERR,ERR,ERR,ERR,ERR,ERR,ERR,ERR,ERR,ERR,ERR,ERR,ERR,ERR,ERR,ERR,ERR,ERR,ERR,ERR,ERR,ERR,ERR,ERR,ERR,ERR,ERR,ERR,ERR,ERR,ERR,ERR,ERR,ERR,ERR,ERR,ERR,ERR,ERR,ERR,ERR,ERR,ERR,ERR,ERR,ERR,ERR,ERR,ERR,ERR,ERR,ERR,ERR,ERR,ERR,ERR,ERR,0.0,-0.0,-101055584.0,0.0,0.0,0.0,0.0,nan,0,0,0,32768,0,0.0,0,0.0,0.0,0.0,0.0,0.0,0,0,0,0,0.0,0,0,0,0,0,0,0,0,0,0,0,0,0,0,0,0,0,0,0,0,0,0,0,0,0,0,0,0,0,0,0,0,0,0,0,0,0,0,0,0,0,0,0,0,0.0,0.0,0.0,0.0,0.0,0.0,0.0,0.0,0.0,0.0,0.0,0.0,0.0,0.0,0.0,0.0,0.0,0.0,0.0,0.0,0.0,0.0,-0.0,-2.004,-2.004,-0.0,0.0,0.0,0.0,0.0,3380.5,-0.0,0.0,0.0,-0.0,-0.0,2.7184274988523002e+23,0.0,0.0,0.0,0.0,0,-89221.016,-0.0,0.0,0.0,0.0,0.0,0.0,0.0,0.0,0,0,0,0.0,0.0,0.0,0.0,0.0,0.0,0.0,0.0,0.0,0.0,0.0,0.0,0.0,0.0,0.0,0.0,0,-107875648.0,0,0.0,0,-107875648.0,-107877712.0,0,0,17039,26215,17053,39322,17037,0,0,0,110,100,100,0.0,64.0,0.0,64.9,-107615304.0,68.5,1,49,50,180,0,26215,0,0,0.0,0.0,0.0,0.0,-4759030996140032.0,65.0,0.0,-0.0,0.0,645,0,687,0,0,0,715,0,787,0,708,0,689,0,645,0,641,0,618,0.032,37224448.0,-0.0,0.0,35216,16788,-3879895552.0,-0.0,1.5569255374258176e+16,1.744,0.043,-0.0,29.0,60.0,70,0.0,0.0,0.0,0.0,0.0,0.0,0.0,0.0,0.0,0.0,0.0,0.0,0.0,0.0,0.0,0.0,59.2,68,11,65509,41,65476,0,300,0,0,8,20529,65476,0,0,61604,60.0,0.0,0.0,0.0,0.0,0.0
2026-04-04T11:35:08,ERR,ERR,ERR,ERR,ERR,ERR,ERR,ERR,ERR,ERR,ERR,ERR,ERR,ERR,ERR,ERR,ERR,ERR,ERR,ERR,ERR,ERR,ERR,ERR,ERR,ERR,ERR,ERR,ERR,ERR,ERR,ERR,ERR,ERR,ERR,ERR,ERR,ERR,ERR,ERR,ERR,ERR,ERR,ERR,ERR,ERR,ERR,ERR,ERR,ERR,ERR,ERR,ERR,ERR,ERR,ERR,ERR,ERR,ERR,ERR,ERR,ERR,ERR,ERR,ERR,ERR,ERR,ERR,ERR,ERR,ERR,ERR,ERR,ERR,ERR,ERR,ERR,ERR,ERR,ERR,ERR,ERR,ERR,ERR,ERR,ERR,ERR,ERR,ERR,ERR,ERR,ERR,ERR,ERR,ERR,ERR,ERR,ERR,ERR,ERR,ERR,ERR,ERR,ERR,ERR,ERR,ERR,ERR,ERR,ERR,ERR,ERR,ERR,ERR,ERR,ERR,ERR,ERR,ERR,ERR,ERR,ERR,ERR,ERR,ERR,0.0,-0.0,-101055584.0,0.0,0.0,0.0,0.0,nan,0,0,0,32768,0,0.0,0,0.0,0.0,0.0,0.0,0.0,0,0,0,0,0.0,0,0,0,0,0,0,0,0,0,0,0,0,0,0,0,0,0,0,0,0,0,0,0,0,0,0,0,0,0,0,0,0,0,0,0,0,0,0,0,0,0,0,0,0,0.0,0.0,0.0,0.0,0.0,0.0,0.0,0.0,0.0,0.0,0.0,0.0,0.0,0.0,0.0,0.0,0.0,0.0,0.0,0.0,0.0,0.0,-0.0,-2.004,-2.004,-0.0,0.0,0.0,0.0,0.0,3380.5,-0.0,0.0,0.0,-0.0,-0.0,2.7184274988523002e+23,0.0,0.0,0.0,0.0,0,-89221.016,-0.0,0.0,0.0,0.0,0.0,0.0,0.0,0.0,0,0,0,0.0,0.0,0.0,0.0,0.0,0.0,0.0,0.0,0.0,0.0,0.0,0.0,0.0,0.0,0.0,0.0,0,-107875648.0,0,0.0,0,-107875648.0,-107877712.0,0,0,17039,26215,17053,39322,17037,0,0,0,110,100,100,0.0,64.0,0.0,64.9,-107615304.0,68.5,1,49,50,180,0,26215,0,0,0.0,0.0,0.0,0.0,-4759030996140032.0,65.0,0.0,-0.0,0.0,645,0,687,0,0,0,715,0,787,0,708,0,689,0,645,0,641,0,618,0.032,37224448.0,-0.0,0.0,35216,16788,-3879895552.0,-0.0,1.5569255374258176e+16,1.744,0.043,-0.0,29.0,60.0,70,0.0,0.0,0.0,0.0,0.0,0.0,0.0,0.0,0.0,0.0,0.0,0.0,0.0,0.0,0.0,0.0,59.2,68,11,65509,41,65476,0,300,0,0,8,20529,65476,0,0,61604,60.0,0.0,0.0,0.0,0.0,0.0
2026-04-04T11:35:09,ERR,ERR,ERR,ERR,ERR,ERR,ERR,ERR,ERR,ERR,ERR,ERR,ERR,ERR,ERR,ERR,ERR,ERR,ERR,ERR,ERR,ERR,ERR,ERR,ERR,ERR,ERR,ERR,ERR,ERR,ERR,ERR,ERR,ERR,ERR,ERR,ERR,ERR,ERR,ERR,ERR,ERR,ERR,ERR,ERR,ERR,ERR,ERR,ERR,ERR,ERR,ERR,ERR,ERR,ERR,ERR,ERR,ERR,ERR,ERR,ERR,ERR,ERR,ERR,ERR,ERR,ERR,ERR,ERR,ERR,ERR,ERR,ERR,ERR,ERR,ERR,ERR,ERR,ERR,ERR,ERR,ERR,ERR,ERR,ERR,ERR,ERR,ERR,ERR,ERR,ERR,ERR,ERR,ERR,ERR,ERR,ERR,ERR,ERR,ERR,ERR,ERR,ERR,ERR,ERR,ERR,ERR,ERR,ERR,ERR,ERR,ERR,ERR,ERR,ERR,ERR,ERR,ERR,ERR,ERR,ERR,ERR,ERR,ERR,ERR,0.0,-0.0,-101055584.0,0.0,0.0,0.0,0.0,nan,0,0,0,32768,0,0.0,0,0.0,0.0,0.0,0.0,0.0,0,0,0,0,0.0,0,0,0,0,0,0,0,0,0,0,0,0,0,0,0,0,0,0,0,0,0,0,0,0,0,0,0,0,0,0,0,0,0,0,0,0,0,0,0,0,0,0,0,0,0.0,0.0,0.0,0.0,0.0,0.0,0.0,0.0,0.0,0.0,0.0,0.0,0.0,0.0,0.0,0.0,0.0,0.0,0.0,0.0,0.0,0.0,-0.0,-2.004,-2.004,-0.0,0.0,0.0,0.0,0.0,3379.5,-0.0,0.0,0.0,-0.0,-0.0,2.7184274988523002e+23,0.0,0.0,0.0,0.0,0,-0.0,2.7184057014301037e+23,0.0,0.0,0.0,0.0,0.0,0.0,0.0,0,0,0,0.0,0.0,0.0,0.0,0.0,0.0,0.0,0.0,0.0,0.0,0.0,0.0,0.0,0.0,0.0,0.0,0,-107875648.0,0,0.0,0,-107875648.0,-107877712.0,0,0,17039,26215,17053,39322,17037,0,0,0,110,100,100,0.0,64.0,0.0,64.9,-107615304.0,68.5,1,49,50,180,0,26215,0,0,0.0,0.0,0.0,0.0,-4759030996140032.0,65.0,0.0,-0.0,0.0,645,0,687,0,0,0,715,0,787,0,708,0,689,0,645,0,641,0,618,0.032,37224448.0,-0.0,0.0,35216,16788,-3879895552.0,-0.0,1.5569255374258176e+16,1.744,0.043,-0.0,29.0,60.0,70,0.0,0.0,0.0,0.0,0.0,0.0,0.0,0.0,0.0,0.0,0.0,0.0,0.0,0.0,0.0,0.0,59.2,68,11,65509,41,65476,0,300,0,0,8,20529,65476,0,0,61604,60.0,0.0,0.0,0.0,0.0,0.0
2026-04-04T11:35:10,ERR,ERR,ERR,ERR,ERR,ERR,ERR,ERR,ERR,ERR,ERR,ERR,ERR,ERR,ERR,ERR,ERR,ERR,ERR,ERR,ERR,ERR,ERR,ERR,ERR,ERR,ERR,ERR,ERR,ERR,ERR,ERR,ERR,ERR,ERR,ERR,ERR,ERR,ERR,ERR,ERR,ERR,ERR,ERR,ERR,ERR,ERR,ERR,ERR,ERR,ERR,ERR,ERR,ERR,ERR,ERR,ERR,ERR,ERR,ERR,ERR,ERR,ERR,ERR,ERR,ERR,ERR,ERR,ERR,ERR,ERR,ERR,ERR,ERR,ERR,ERR,ERR,ERR,ERR,ERR,ERR,ERR,ERR,ERR,ERR,ERR,ERR,ERR,ERR,ERR,ERR,ERR,ERR,ERR,ERR,ERR,ERR,ERR,ERR,ERR,ERR,ERR,ERR,ERR,ERR,ERR,ERR,ERR,ERR,ERR,ERR,ERR,ERR,ERR,ERR,ERR,ERR,ERR,ERR,ERR,ERR,ERR,ERR,ERR,ERR,0.0,-0.0,-101055584.0,0.0,0.0,0.0,0.0,nan,0,0,0,32768,0,0.0,0,0.0,0.0,0.0,0.0,0.0,0,0,0,0,0.0,0,0,0,0,0,0,0,0,0,0,0,0,0,0,0,0,0,0,0,0,0,0,0,0,0,0,0,0,0,0,0,0,0,0,0,0,0,0,0,0,0,0,0,0,0.0,0.0,0.0,0.0,0.0,0.0,0.0,0.0,0.0,0.0,0.0,0.0,0.0,0.0,0.0,0.0,0.0,0.0,0.0,0.0,0.0,0.0,-0.0,-2.004,-2.004,-0.0,0.0,0.0,0.0,0.0,3379.5,-0.0,0.0,0.0,-0.0,-0.0,2.7184274988523002e+23,0.0,0.0,0.0,0.0,0,-0.0,2.7184057014301037e+23,0.0,0.0,0.0,0.0,0.0,0.0,0.0,0,0,0,0.0,0.0,0.0,0.0,0.0,0.0,0.0,0.0,0.0,0.0,0.0,0.0,0.0,0.0,0.0,0.0,0,-107875648.0,0,0.0,0,-107875648.0,-107877712.0,0,0,17039,26215,17053,39322,17037,0,0,0,110,100,100,0.0,64.0,0.0,64.9,-107615304.0,68.5,1,49,50,180,0,26215,0,0,0.0,0.0,0.0,0.0,-4759030996140032.0,65.0,0.0,-0.0,0.0,645,0,687,0,0,0,715,0,787,0,708,0,689,0,645,0,641,0,618,0.032,37224448.0,-0.0,0.0,35216,16788,-3879895552.0,-0.0,1.5569255374258176e+16,1.744,0.043,-0.0,29.0,60.0,70,0.0,0.0,0.0,0.0,0.0,0.0,0.0,0.0,0.0,0.0,0.0,0.0,0.0,0.0,0.0,0.0,59.2,68,11,65509,41,65476,0,300,0,0,8,20529,65476,0,0,61604,60.0,0.0,0.0,0.0,0.0,0.0
2026-04-04T11:35:11,ERR,ERR,ERR,ERR,ERR,ERR,ERR,ERR,ERR,ERR,ERR,ERR,ERR,ERR,ERR,ERR,ERR,ERR,ERR,ERR,ERR,ERR,ERR,ERR,ERR,ERR,ERR,ERR,ERR,ERR,ERR,ERR,ERR,ERR,ERR,ERR,ERR,ERR,ERR,ERR,ERR,ERR,ERR,ERR,ERR,ERR,ERR,ERR,ERR,ERR,ERR,ERR,ERR,ERR,ERR,ERR,ERR,ERR,ERR,ERR,ERR,ERR,ERR,ERR,ERR,ERR,ERR,ERR,ERR,ERR,ERR,ERR,ERR,ERR,ERR,ERR,ERR,ERR,ERR,ERR,ERR,ERR,ERR,ERR,ERR,ERR,ERR,ERR,ERR,ERR,ERR,ERR,ERR,ERR,ERR,ERR,ERR,ERR,ERR,ERR,ERR,ERR,ERR,ERR,ERR,ERR,ERR,ERR,ERR,ERR,ERR,ERR,ERR,ERR,ERR,ERR,ERR,ERR,ERR,ERR,ERR,ERR,ERR,ERR,ERR,0.0,-0.0,-101055584.0,0.0,0.0,0.0,0.0,nan,0,0,0,32768,0,0.0,0,0.0,0.0,0.0,0.0,0.0,0,0,0,0,0.0,0,0,0,0,0,0,0,0,0,0,0,0,0,0,0,0,0,0,0,0,0,0,0,0,0,0,0,0,0,0,0,0,0,0,0,0,0,0,0,0,0,0,0,0,0.0,0.0,0.0,0.0,0.0,0.0,0.0,0.0,0.0,0.0,0.0,0.0,0.0,0.0,0.0,0.0,0.0,0.0,0.0,0.0,0.0,0.0,-0.0,-2.004,-2.004,-0.0,0.0,0.0,0.0,0.0,3379.5,-0.0,0.0,0.0,-0.0,-0.0,2.7184274988523002e+23,0.0,0.0,0.0,0.0,0,-0.0,2.7184057014301037e+23,0.0,0.0,0.0,0.0,0.0,0.0,0.0,0,0,0,0.0,0.0,0.0,0.0,0.0,0.0,0.0,0.0,0.0,0.0,0.0,0.0,0.0,0.0,0.0,0.0,0,-107875648.0,0,0.0,0,-107875648.0,-107877712.0,0,0,17039,26215,17053,39322,17037,0,0,0,110,100,100,0.0,64.0,0.0,64.9,-107615304.0,68.5,1,49,50,180,0,26215,0,0,0.0,0.0,0.0,0.0,-4759030996140032.0,65.0,0.0,-0.0,0.0,645,0,687,0,0,0,715,0,787,0,708,0,689,0,645,0,641,0,618,0.032,37224448.0,-0.0,0.0,35216,16788,-3879895552.0,-0.0,1.5569255374258176e+16,1.744,0.043,-0.0,29.0,60.0,70,0.0,0.0,0.0,0.0,0.0,0.0,0.0,0.0,0.0,0.0,0.0,0.0,0.0,0.0,0.0,0.0,59.2,68,11,65509,41,65476,0,300,0,0,8,20529,65476,0,0,61604,60.0,0.0,0.0,0.0,0.0,0.0
2026-04-04T11:35:12,ERR,ERR,ERR,ERR,ERR,ERR,ERR,ERR,ERR,ERR,ERR,ERR,ERR,ERR,ERR,ERR,ERR,ERR,ERR,ERR,ERR,ERR,ERR,ERR,ERR,ERR,ERR,ERR,ERR,ERR,ERR,ERR,ERR,ERR,ERR,ERR,ERR,ERR,ERR,ERR,ERR,ERR,ERR,ERR,ERR,ERR,ERR,ERR,ERR,ERR,ERR,ERR,ERR,ERR,ERR,ERR,ERR,ERR,ERR,ERR,ERR,ERR,ERR,ERR,ERR,ERR,ERR,ERR,ERR,ERR,ERR,ERR,ERR,ERR,ERR,ERR,ERR,ERR,ERR,ERR,ERR,ERR,ERR,ERR,ERR,ERR,ERR,ERR,ERR,ERR,ERR,ERR,ERR,ERR,ERR,ERR,ERR,ERR,ERR,ERR,ERR,ERR,ERR,ERR,ERR,ERR,ERR,ERR,ERR,ERR,ERR,ERR,ERR,ERR,ERR,ERR,ERR,ERR,ERR,ERR,ERR,ERR,ERR,ERR,ERR,0.0,-0.0,-101055584.0,0.0,0.0,0.0,0.0,nan,0,0,0,32768,0,0.0,0,0.0,0.0,0.0,0.0,0.0,0,0,0,0,0.0,0,0,0,0,0,0,0,0,0,0,0,0,0,0,0,0,0,0,0,0,0,0,0,0,0,0,0,0,0,0,0,0,0,0,0,0,0,0,0,0,0,0,0,0,0.0,0.0,0.0,0.0,0.0,0.0,0.0,0.0,0.0,0.0,0.0,0.0,0.0,0.0,0.0,0.0,0.0,0.0,0.0,0.0,0.0,0.0,-0.0,-2.004,-2.004,-0.0,0.0,0.0,0.0,0.0,3379.5,-0.0,0.0,0.0,-0.0,-0.0,2.7184274988523002e+23,0.0,0.0,0.0,0.0,0,-0.0,2.7184057014301037e+23,0.0,0.0,0.0,0.0,0.0,0.0,0.0,0,0,0,0.0,0.0,0.0,0.0,0.0,0.0,0.0,0.0,0.0,0.0,0.0,0.0,0.0,0.0,0.0,0.0,0,-107875648.0,0,0.0,0,-107875648.0,-107877712.0,0,0,17039,26215,17053,39322,17037,0,0,0,110,100,100,0.0,64.0,0.0,64.9,-107615304.0,68.5,1,49,50,180,0,26215,0,0,0.0,0.0,0.0,0.0,-6.989398464889458e+25,65.0,0.0,-0.0,0.0,645,0,687,0,0,0,715,0,787,0,708,0,689,0,645,0,641,0,618,0.032,36962304.0,-0.0,0.0,40336,16788,-1.8898686352036384e+28,0.0,2.045725949169922e+29,5.185105940262411e+24,472400160.0,-0.0,29.0,60.0,70,0.0,0.0,0.0,0.0,0.0,0.0,0.0,0.0,0.0,0.0,0.0,0.0,0.0,0.0,0.0,0.0,59.2,68,11,65509,41,65476,0,300,0,0,8,20529,65476,0,0,61604,60.0,0.0,0.0,0.0,0.0,0.0
2026-04-04T11:35:13,ERR,ERR,ERR,ERR,ERR,ERR,ERR,ERR,ERR,ERR,ERR,ERR,ERR,ERR,ERR,ERR,ERR,ERR,ERR,ERR,ERR,ERR,ERR,ERR,ERR,ERR,ERR,ERR,ERR,ERR,ERR,ERR,ERR,ERR,ERR,ERR,ERR,ERR,ERR,ERR,ERR,ERR,ERR,ERR,ERR,ERR,ERR,ERR,ERR,ERR,ERR,ERR,ERR,ERR,ERR,ERR,ERR,ERR,ERR,ERR,ERR,ERR,ERR,ERR,ERR,ERR,ERR,ERR,ERR,ERR,ERR,ERR,ERR,ERR,ERR,ERR,ERR,ERR,ERR,ERR,ERR,ERR,ERR,ERR,ERR,ERR,ERR,ERR,ERR,ERR,ERR,ERR,ERR,ERR,ERR,ERR,ERR,ERR,ERR,ERR,ERR,ERR,ERR,ERR,ERR,ERR,ERR,ERR,ERR,ERR,ERR,ERR,ERR,ERR,ERR,ERR,ERR,ERR,ERR,ERR,ERR,ERR,ERR,ERR,ERR,0.0,-0.0,-101055584.0,0.0,0.0,0.0,0.0,nan,0,0,0,32768,0,0.0,0,0.0,0.0,0.0,0.0,0.0,0,0,0,0,0.0,0,0,0,0,0,0,0,0,0,0,0,0,0,0,0,0,0,0,0,0,0,0,0,0,0,0,0,0,0,0,0,0,0,0,0,0,0,0,0,0,0,0,0,0,0.0,0.0,0.0,0.0,0.0,0.0,0.0,0.0,0.0,0.0,0.0,0.0,0.0,0.0,0.0,0.0,0.0,0.0,0.0,0.0,0.0,0.0,-0.0,-2.004,-2.004,-0.0,0.0,0.0,0.0,0.0,3379.5,-0.0,0.0,0.0,-0.0,-0.0,2.7184274988523002e+23,0.0,0.0,0.0,0.0,0,-0.0,2.7184057014301037e+23,0.0,0.0,0.0,0.0,0.0,0.0,0.0,0,0,0,0.0,0.0,0.0,0.0,0.0,0.0,0.0,0.0,0.0,0.0,0.0,0.0,0.0,0.0,0.0,0.0,0,-107875648.0,0,0.0,0,-107875648.0,-107877712.0,0,0,17039,26215,17053,39322,17037,0,0,0,110,100,100,0.0,64.0,0.0,64.9,-107615304.0,68.5,1,49,50,180,0,26215,0,0,0.0,0.0,0.0,0.0,-6.989398464889458e+25,65.0,0.0,-0.0,0.0,645,0,687,0,0,0,715,0,787,0,708,0,689,0,645,0,641,0,618,0.032,36962304.0,-0.0,0.0,40336,16788,-1.8898686352036384e+28,0.0,2.045725949169922e+29,5.185105940262411e+24,472400160.0,-0.0,29.0,60.0,70,0.0,0.0,0.0,0.0,0.0,0.0,0.0,0.0,0.0,0.0,0.0,0.0,0.0,0.0,0.0,0.0,59.2,68,11,65509,41,65476,0,300,0,0,8,20529,65476,0,0,61604,60.0,0.0,0.0,0.0,0.0,0.0
2026-04-04T11:35:14,ERR,ERR,ERR,ERR,ERR,ERR,ERR,ERR,ERR,ERR,ERR,ERR,ERR,ERR,ERR,ERR,ERR,ERR,ERR,ERR,ERR,ERR,ERR,ERR,ERR,ERR,ERR,ERR,ERR,ERR,ERR,ERR,ERR,ERR,ERR,ERR,ERR,ERR,ERR,ERR,ERR,ERR,ERR,ERR,ERR,ERR,ERR,ERR,ERR,ERR,ERR,ERR,ERR,ERR,ERR,ERR,ERR,ERR,ERR,ERR,ERR,ERR,ERR,ERR,ERR,ERR,ERR,ERR,ERR,ERR,ERR,ERR,ERR,ERR,ERR,ERR,ERR,ERR,ERR,ERR,ERR,ERR,ERR,ERR,ERR,ERR,ERR,ERR,ERR,ERR,ERR,ERR,ERR,ERR,ERR,ERR,ERR,ERR,ERR,ERR,ERR,ERR,ERR,ERR,ERR,ERR,ERR,ERR,ERR,ERR,ERR,ERR,ERR,ERR,ERR,ERR,ERR,ERR,ERR,ERR,ERR,ERR,ERR,ERR,ERR,0.0,-0.0,-101055584.0,0.0,0.0,0.0,0.0,nan,0,0,0,32768,0,0.0,0,0.0,0.0,0.0,0.0,0.0,0,0,0,0,0.0,0,0,0,0,0,0,0,0,0,0,0,0,0,0,0,0,0,0,0,0,0,0,0,0,0,0,0,0,0,0,0,0,0,0,0,0,0,0,0,0,0,0,0,0,0.0,0.0,0.0,0.0,0.0,0.0,0.0,0.0,0.0,0.0,0.0,0.0,0.0,0.0,0.0,0.0,0.0,0.0,0.0,0.0,0.0,0.0,-0.0,-2.004,-2.004,-0.0,0.0,0.0,0.0,0.0,3379.5,-0.0,0.0,0.0,-0.0,-0.0,2.7184274988523002e+23,0.0,0.0,0.0,0.0,0,-0.0,2.7184057014301037e+23,0.0,0.0,0.0,0.0,0.0,0.0,0.0,0,0,0,0.0,0.0,0.0,0.0,0.0,0.0,0.0,0.0,0.0,0.0,0.0,0.0,0.0,0.0,0.0,0.0,0,-107875648.0,0,0.0,0,-107875648.0,-107877712.0,0,0,17039,26215,17053,39322,17037,0,0,0,110,100,100,0.0,64.0,0.0,64.9,-107615304.0,68.5,1,49,50,180,0,26215,0,0,0.0,0.0,0.0,0.0,-6.989398464889458e+25,65.0,0.0,-0.0,0.0,645,0,687,0,0,0,715,0,787,0,708,0,689,0,645,0,641,0,618,0.032,36962304.0,-0.0,0.0,40336,16788,-1.8898686352036384e+28,0.0,2.045725949169922e+29,5.185105940262411e+24,472400160.0,-0.0,29.0,60.0,70,0.0,0.0,0.0,0.0,0.0,0.0,0.0,0.0,0.0,0.0,0.0,0.0,0.0,0.0,0.0,0.0,59.2,68,11,65509,41,65476,0,300,0,0,8,20529,65476,0,0,61604,60.0,0.0,0.0,0.0,0.0,0.0
2026-04-04T11:35:15,ERR,ERR,ERR,ERR,ERR,ERR,ERR,ERR,ERR,ERR,ERR,ERR,ERR,ERR,ERR,ERR,ERR,ERR,ERR,ERR,ERR,ERR,ERR,ERR,ERR,ERR,ERR,ERR,ERR,ERR,ERR,ERR,ERR,ERR,ERR,ERR,ERR,ERR,ERR,ERR,ERR,ERR,ERR,ERR,ERR,ERR,ERR,ERR,ERR,ERR,ERR,ERR,ERR,ERR,ERR,ERR,ERR,ERR,ERR,ERR,ERR,ERR,ERR,ERR,ERR,ERR,ERR,ERR,ERR,ERR,ERR,ERR,ERR,ERR,ERR,ERR,ERR,ERR,ERR,ERR,ERR,ERR,ERR,ERR,ERR,ERR,ERR,ERR,ERR,ERR,ERR,ERR,ERR,ERR,ERR,ERR,ERR,ERR,ERR,ERR,ERR,ERR,ERR,ERR,ERR,ERR,ERR,ERR,ERR,ERR,ERR,ERR,ERR,ERR,ERR,ERR,ERR,ERR,ERR,ERR,ERR,ERR,ERR,ERR,ERR,0.0,-0.0,-101055584.0,0.0,0.0,0.0,0.0,nan,0,0,0,32768,0,0.0,0,0.0,0.0,0.0,0.0,0.0,0,0,0,0,0.0,0,0,0,0,0,0,0,0,0,0,0,0,0,0,0,0,0,0,0,0,0,0,0,0,0,0,0,0,0,0,0,0,0,0,0,0,0,0,0,0,0,0,0,0,0.0,0.0,0.0,0.0,0.0,0.0,0.0,0.0,0.0,0.0,0.0,0.0,0.0,0.0,0.0,0.0,0.0,0.0,0.0,0.0,0.0,0.0,-0.0,-2.004,-2.004,-0.0,0.0,0.0,0.0,0.0,3379.5,-0.0,0.0,0.0,-0.0,-0.0,2.7184274988523002e+23,0.0,0.0,0.0,0.0,0,-0.0,2.7184057014301037e+23,0.0,0.0,0.0,0.0,0.0,0.0,0.0,0,0,0,0.0,0.0,0.0,0.0,0.0,0.0,0.0,0.0,0.0,0.0,0.0,0.0,0.0,0.0,0.0,0.0,0,-107875648.0,0,0.0,0,-107875648.0,-107877712.0,0,0,17039,26215,17053,39322,17037,0,0,0,110,100,100,0.0,64.0,0.0,64.9,-107615304.0,68.5,1,49,50,180,0,26215,0,0,0.0,0.0,0.0,0.0,-6.989398464889458e+25,65.0,0.0,-0.0,0.0,645,0,687,0,0,0,715,0,787,0,708,0,689,0,645,0,641,0,618,0.032,36962304.0,-0.0,0.0,40336,16788,-1.8898686352036384e+28,0.0,2.045725949169922e+29,5.185105940262411e+24,472400160.0,-0.0,29.0,60.0,70,0.0,0.0,0.0,0.0,0.0,0.0,0.0,0.0,0.0,0.0,0.0,0.0,0.0,0.0,0.0,0.0,59.6,68,11,65509,41,65476,0,300,0,0,8,20529,65476,0,0,61604,60.0,0.0,0.0,0.0,0.0,0.0
2026-04-04T11:35:16,ERR,ERR,ERR,ERR,ERR,ERR,ERR,ERR,ERR,ERR,ERR,ERR,ERR,ERR,ERR,ERR,ERR,ERR,ERR,ERR,ERR,ERR,ERR,ERR,ERR,ERR,ERR,ERR,ERR,ERR,ERR,ERR,ERR,ERR,ERR,ERR,ERR,ERR,ERR,ERR,ERR,ERR,ERR,ERR,ERR,ERR,ERR,ERR,ERR,ERR,ERR,ERR,ERR,ERR,ERR,ERR,ERR,ERR,ERR,ERR,ERR,ERR,ERR,ERR,ERR,ERR,ERR,ERR,ERR,ERR,ERR,ERR,ERR,ERR,ERR,ERR,ERR,ERR,ERR,ERR,ERR,ERR,ERR,ERR,ERR,ERR,ERR,ERR,ERR,ERR,ERR,ERR,ERR,ERR,ERR,ERR,ERR,ERR,ERR,ERR,ERR,ERR,ERR,ERR,ERR,ERR,ERR,ERR,ERR,ERR,ERR,ERR,ERR,ERR,ERR,ERR,ERR,ERR,ERR,ERR,ERR,ERR,ERR,ERR,ERR,0.0,-0.0,-101055584.0,0.0,0.0,0.0,0.0,nan,0,0,0,32768,0,0.0,0,0.0,0.0,0.0,0.0,0.0,0,0,0,0,0.0,0,0,0,0,0,0,0,0,0,0,0,0,0,0,0,0,0,0,0,0,0,0,0,0,0,0,0,0,0,0,0,0,0,0,0,0,0,0,0,0,0,0,0,0,0.0,0.0,0.0,0.0,0.0,0.0,0.0,0.0,0.0,0.0,0.0,0.0,0.0,0.0,0.0,0.0,0.0,0.0,0.0,0.0,0.0,0.0,-0.0,-2.004,-2.004,-0.0,0.0,0.0,0.0,0.0,3379.5,-0.0,0.0,0.0,-0.0,-0.0,2.7184274988523002e+23,0.0,0.0,0.0,0.0,0,-0.0,2.7184057014301037e+23,0.0,0.0,0.0,0.0,0.0,0.0,0.0,0,0,0,0.0,0.0,0.0,0.0,0.0,0.0,0.0,0.0,0.0,0.0,0.0,0.0,0.0,0.0,0.0,0.0,0,-107875648.0,0,0.0,0,-107875648.0,-107877712.0,0,0,17039,26215,17053,39322,17037,0,0,0,110,100,100,0.0,64.0,0.0,64.9,-107615304.0,68.5,1,49,50,180,0,26215,0,0,0.0,0.0,0.0,0.0,-6.989398464889458e+25,65.0,0.0,-0.0,0.0,645,0,687,0,0,0,715,0,787,0,708,0,689,0,645,0,641,0,618,0.032,36962304.0,-0.0,0.0,40336,16788,-1.8898686352036384e+28,0.0,2.045725949169922e+29,5.185105940262411e+24,472400160.0,-0.0,29.0,60.0,70,0.0,0.0,0.0,0.0,0.0,0.0,0.0,0.0,0.0,0.0,0.0,0.0,0.0,0.0,0.0,0.0,59.6,68,11,65509,41,65476,0,300,0,0,8,20529,65476,0,0,61604,60.0,0.0,0.0,0.0,0.0,0.0
2026-04-04T11:35:17,ERR,ERR,ERR,ERR,ERR,ERR,ERR,ERR,ERR,ERR,ERR,ERR,ERR,ERR,ERR,ERR,ERR,ERR,ERR,ERR,ERR,ERR,ERR,ERR,ERR,ERR,ERR,ERR,ERR,ERR,ERR,ERR,ERR,ERR,ERR,ERR,ERR,ERR,ERR,ERR,ERR,ERR,ERR,ERR,ERR,ERR,ERR,ERR,ERR,ERR,ERR,ERR,ERR,ERR,ERR,ERR,ERR,ERR,ERR,ERR,ERR,ERR,ERR,ERR,ERR,ERR,ERR,ERR,ERR,ERR,ERR,ERR,ERR,ERR,ERR,ERR,ERR,ERR,ERR,ERR,ERR,ERR,ERR,ERR,ERR,ERR,ERR,ERR,ERR,ERR,ERR,ERR,ERR,ERR,ERR,ERR,ERR,ERR,ERR,ERR,ERR,ERR,ERR,ERR,ERR,ERR,ERR,ERR,ERR,ERR,ERR,ERR,ERR,ERR,ERR,ERR,ERR,ERR,ERR,ERR,ERR,ERR,ERR,ERR,ERR,0.0,-0.0,-101055584.0,0.0,0.0,0.0,0.0,nan,0,0,0,32768,0,0.0,0,0.0,0.0,0.0,0.0,0.0,0,0,0,0,0.0,0,0,0,0,0,0,0,0,0,0,0,0,0,0,0,0,0,0,0,0,0,0,0,0,0,0,0,0,0,0,0,0,0,0,0,0,0,0,0,0,0,0,0,0,0.0,0.0,0.0,0.0,0.0,0.0,0.0,0.0,0.0,0.0,0.0,0.0,0.0,0.0,0.0,0.0,0.0,0.0,0.0,0.0,0.0,0.0,-0.0,-2.004,-2.004,-0.0,0.0,0.0,0.0,0.0,3379.5,-0.0,0.0,0.0,-0.0,-0.0,2.7184274988523002e+23,0.0,0.0,0.0,0.0,0,-0.0,2.7184057014301037e+23,0.0,0.0,0.0,0.0,0.0,0.0,0.0,0,0,0,0.0,0.0,0.0,0.0,0.0,0.0,0.0,0.0,0.0,0.0,0.0,0.0,0.0,0.0,0.0,0.0,0,-107875648.0,0,0.0,0,-107875648.0,-107877712.0,0,0,17039,26215,17053,39322,17037,0,0,0,110,100,100,0.0,64.0,0.0,64.9,-107615304.0,68.5,1,49,50,180,0,26215,0,0,0.0,0.0,0.0,0.0,-6.989398464889458e+25,65.0,0.0,-0.0,0.0,645,0,687,0,0,0,715,0,787,0,708,0,689,0,645,0,641,0,618,0.032,36962304.0,-0.0,0.0,40336,16788,-1.8898686352036384e+28,0.0,2.045725949169922e+29,5.185105940262411e+24,472400160.0,-0.0,29.0,60.0,70,0.0,0.0,0.0,0.0,0.0,0.0,0.0,0.0,0.0,0.0,0.0,0.0,0.0,0.0,0.0,0.0,59.6,68,11,65509,41,65476,0,300,0,0,8,20529,65476,0,0,61604,60.0,0.0,0.0,0.0,0.0,0.0
2026-04-04T11:35:18,ERR,ERR,ERR,ERR,ERR,ERR,ERR,ERR,ERR,ERR,ERR,ERR,ERR,ERR,ERR,ERR,ERR,ERR,ERR,ERR,ERR,ERR,ERR,ERR,ERR,ERR,ERR,ERR,ERR,ERR,ERR,ERR,ERR,ERR,ERR,ERR,ERR,ERR,ERR,ERR,ERR,ERR,ERR,ERR,ERR,ERR,ERR,ERR,ERR,ERR,ERR,ERR,ERR,ERR,ERR,ERR,ERR,ERR,ERR,ERR,ERR,ERR,ERR,ERR,ERR,ERR,ERR,ERR,ERR,ERR,ERR,ERR,ERR,ERR,ERR,ERR,ERR,ERR,ERR,ERR,ERR,ERR,ERR,ERR,ERR,ERR,ERR,ERR,ERR,ERR,ERR,ERR,ERR,ERR,ERR,ERR,ERR,ERR,ERR,ERR,ERR,ERR,ERR,ERR,ERR,ERR,ERR,ERR,ERR,ERR,ERR,ERR,ERR,ERR,ERR,ERR,ERR,ERR,ERR,ERR,ERR,ERR,ERR,ERR,ERR,0.0,-0.0,-101055584.0,0.0,0.0,0.0,0.0,nan,0,0,0,32768,0,0.0,0,0.0,0.0,0.0,0.0,0.0,0,0,0,0,0.0,0,0,0,0,0,0,0,0,0,0,0,0,0,0,0,0,0,0,0,0,0,0,0,0,0,0,0,0,0,0,0,0,0,0,0,0,0,0,0,0,0,0,0,0,0.0,0.0,0.0,0.0,0.0,0.0,0.0,0.0,0.0,0.0,0.0,0.0,0.0,0.0,0.0,0.0,0.0,0.0,0.0,0.0,0.0,0.0,-0.0,-2.004,-2.004,-0.0,0.0,0.0,0.0,0.0,3378.5,-0.0,0.0,0.0,-0.0,-0.0,2.7184274988523002e+23,0.0,0.0,0.0,0.0,0,-0.0,2.7184057014301037e+23,0.0,0.0,0.0,0.0,0.0,0.0,0.0,0,0,0,0.0,0.0,0.0,0.0,0.0,0.0,0.0,0.0,0.0,0.0,0.0,0.0,0.0,0.0,0.0,0.0,0,-107875648.0,0,0.0,0,-107875648.0,-107877712.0,0,0,17039,26215,17053,39322,17037,0,0,0,110,100,100,0.0,64.0,0.0,64.9,-107615304.0,68.5,1,49,50,180,0,26215,0,0,0.0,0.0,0.0,0.0,-3.458464519822877e+31,65.0,0.0,6383990272.0,0.0,645,0,687,0,0,0,715,0,787,0,709,0,689,0,645,0,641,0,618,0.032,36700160.0,-0.0,0.0,50704,16788,-3.695339305933755e+20,0.0,86115576.0,-2723.977,0.0,-0.0,29.0,60.0,70,0.0,0.0,0.0,0.0,0.0,0.0,0.0,0.0,0.0,0.0,0.0,0.0,0.0,0.0,0.0,0.0,59.2,68,11,65509,41,65476,0,300,0,0,8,20529,65476,0,0,61604,60.0,0.0,0.0,0.0,0.0,0.0
2026-04-04T11:35:19,ERR,ERR,ERR,ERR,ERR,ERR,ERR,ERR,ERR,ERR,ERR,ERR,ERR,ERR,ERR,ERR,ERR,ERR,ERR,ERR,ERR,ERR,ERR,ERR,ERR,ERR,ERR,ERR,ERR,ERR,ERR,ERR,ERR,ERR,ERR,ERR,ERR,ERR,ERR,ERR,ERR,ERR,ERR,ERR,ERR,ERR,ERR,ERR,ERR,ERR,ERR,ERR,ERR,ERR,ERR,ERR,ERR,ERR,ERR,ERR,ERR,ERR,ERR,ERR,ERR,ERR,ERR,ERR,ERR,ERR,ERR,ERR,ERR,ERR,ERR,ERR,ERR,ERR,ERR,ERR,ERR,ERR,ERR,ERR,ERR,ERR,ERR,ERR,ERR,ERR,ERR,ERR,ERR,ERR,ERR,ERR,ERR,ERR,ERR,ERR,ERR,ERR,ERR,ERR,ERR,ERR,ERR,ERR,ERR,ERR,ERR,ERR,ERR,ERR,ERR,ERR,ERR,ERR,ERR,ERR,ERR,ERR,ERR,ERR,ERR,0.0,-0.0,-101055584.0,0.0,0.0,0.0,0.0,nan,0,0,0,32768,0,0.0,0,0.0,0.0,0.0,0.0,0.0,0,0,0,0,0.0,0,0,0,0,0,0,0,0,0,0,0,0,0,0,0,0,0,0,0,0,0,0,0,0,0,0,0,0,0,0,0,0,0,0,0,0,0,0,0,0,0,0,0,0,0.0,0.0,0.0,0.0,0.0,0.0,0.0,0.0,0.0,0.0,0.0,0.0,0.0,0.0,0.0,0.0,0.0,0.0,0.0,0.0,0.0,0.0,-0.0,-2.004,-2.004,-0.0,0.0,0.0,0.0,0.0,3378.5,-0.0,0.0,0.0,-0.0,-0.0,2.7184274988523002e+23,0.0,0.0,0.0,0.0,0,-0.0,2.7184057014301037e+23,0.0,0.0,0.0,0.0,0.0,0.0,0.0,0,0,0,0.0,0.0,0.0,0.0,0.0,0.0,0.0,0.0,0.0,0.0,0.0,0.0,0.0,0.0,0.0,0.0,0,-107875648.0,0,0.0,0,-107875648.0,-107877712.0,0,0,17039,26215,17053,39322,17037,0,0,0,110,100,100,0.0,64.0,0.0,64.9,-107615304.0,68.5,1,49,50,180,0,26215,0,0,0.0,0.0,0.0,0.0,-3.458464519822877e+31,65.0,0.0,6383990272.0,0.0,645,0,687,0,0,0,715,0,787,0,709,0,689,0,645,0,641,0,618,0.032,36700160.0,-0.0,0.0,50704,16788,-3.695339305933755e+20,0.0,86115576.0,-2723.977,0.0,-0.0,29.0,60.0,70,0.0,0.0,0.0,0.0,0.0,0.0,0.0,0.0,0.0,0.0,0.0,0.0,0.0,0.0,0.0,0.0,59.2,68,11,65509,41,65476,0,300,0,0,8,20529,65476,0,0,61604,60.0,0.0,0.0,0.0,0.0,0.0
2026-04-04T11:35:20,ERR,ERR,ERR,ERR,ERR,ERR,ERR,ERR,ERR,ERR,ERR,ERR,ERR,ERR,ERR,ERR,ERR,ERR,ERR,ERR,ERR,ERR,ERR,ERR,ERR,ERR,ERR,ERR,ERR,ERR,ERR,ERR,ERR,ERR,ERR,ERR,ERR,ERR,ERR,ERR,ERR,ERR,ERR,ERR,ERR,ERR,ERR,ERR,ERR,ERR,ERR,ERR,ERR,ERR,ERR,ERR,ERR,ERR,ERR,ERR,ERR,ERR,ERR,ERR,ERR,ERR,ERR,ERR,ERR,ERR,ERR,ERR,ERR,ERR,ERR,ERR,ERR,ERR,ERR,ERR,ERR,ERR,ERR,ERR,ERR,ERR,ERR,ERR,ERR,ERR,ERR,ERR,ERR,ERR,ERR,ERR,ERR,ERR,ERR,ERR,ERR,ERR,ERR,ERR,ERR,ERR,ERR,ERR,ERR,ERR,ERR,ERR,ERR,ERR,ERR,ERR,ERR,ERR,ERR,ERR,ERR,ERR,ERR,ERR,ERR,0.0,-0.0,-101055584.0,0.0,0.0,0.0,0.0,nan,0,0,0,32768,0,0.0,0,0.0,0.0,0.0,0.0,0.0,0,0,0,0,0.0,0,0,0,0,0,0,0,0,0,0,0,0,0,0,0,0,0,0,0,0,0,0,0,0,0,0,0,0,0,0,0,0,0,0,0,0,0,0,0,0,0,0,0,0,0.0,0.0,0.0,0.0,0.0,0.0,0.0,0.0,0.0,0.0,0.0,0.0,0.0,0.0,0.0,0.0,0.0,0.0,0.0,0.0,0.0,0.0,-0.0,-2.004,-2.004,-0.0,0.0,0.0,0.0,0.0,3378.5,-0.0,0.0,0.0,-0.0,-0.0,2.7184274988523002e+23,0.0,0.0,0.0,0.0,0,-0.0,2.7184057014301037e+23,0.0,0.0,0.0,0.0,0.0,0.0,0.0,0,0,0,0.0,0.0,0.0,0.0,0.0,0.0,0.0,0.0,0.0,0.0,0.0,0.0,0.0,0.0,0.0,0.0,0,-107875648.0,0,0.0,0,-107875648.0,-107877712.0,0,0,17039,26215,17053,39322,17037,0,0,0,110,100,100,0.0,64.0,0.0,64.9,-107615304.0,68.5,1,49,50,180,0,26215,0,0,0.0,0.0,0.0,0.0,-3.458464519822877e+31,65.0,0.0,6383990272.0,0.0,645,0,687,0,0,0,715,0,787,0,709,0,689,0,645,0,641,0,618,0.032,36700160.0,-0.0,0.0,50704,16788,-3.695339305933755e+20,0.0,86115576.0,-2723.977,0.0,-0.0,29.0,60.0,70,0.0,0.0,0.0,0.0,0.0,0.0,0.0,0.0,0.0,0.0,0.0,0.0,0.0,0.0,0.0,0.0,59.2,68,11,65509,41,65476,0,300,0,0,8,20529,65476,0,0,61604,60.0,0.0,0.0,0.0,0.0,0.0
2026-04-04T11:35:21,ERR,ERR,ERR,ERR,ERR,ERR,ERR,ERR,ERR,ERR,ERR,ERR,ERR,ERR,ERR,ERR,ERR,ERR,ERR,ERR,ERR,ERR,ERR,ERR,ERR,ERR,ERR,ERR,ERR,ERR,ERR,ERR,ERR,ERR,ERR,ERR,ERR,ERR,ERR,ERR,ERR,ERR,ERR,ERR,ERR,ERR,ERR,ERR,ERR,ERR,ERR,ERR,ERR,ERR,ERR,ERR,ERR,ERR,ERR,ERR,ERR,ERR,ERR,ERR,ERR,ERR,ERR,ERR,ERR,ERR,ERR,ERR,ERR,ERR,ERR,ERR,ERR,ERR,ERR,ERR,ERR,ERR,ERR,ERR,ERR,ERR,ERR,ERR,ERR,ERR,ERR,ERR,ERR,ERR,ERR,ERR,ERR,ERR,ERR,ERR,ERR,ERR,ERR,ERR,ERR,ERR,ERR,ERR,ERR,ERR,ERR,ERR,ERR,ERR,ERR,ERR,ERR,ERR,ERR,ERR,ERR,ERR,ERR,ERR,ERR,0.0,-0.0,-101055584.0,0.0,0.0,0.0,0.0,nan,0,0,0,32768,0,0.0,0,0.0,0.0,0.0,0.0,0.0,0,0,0,0,0.0,0,0,0,0,0,0,0,0,0,0,0,0,0,0,0,0,0,0,0,0,0,0,0,0,0,0,0,0,0,0,0,0,0,0,0,0,0,0,0,0,0,0,0,0,0.0,0.0,0.0,0.0,0.0,0.0,0.0,0.0,0.0,0.0,0.0,0.0,0.0,0.0,0.0,0.0,0.0,0.0,0.0,0.0,0.0,0.0,-0.0,-2.004,-2.004,-0.0,0.0,0.0,0.0,0.0,3378.5,-0.0,0.0,0.0,-0.0,-0.0,2.7184274988523002e+23,0.0,0.0,0.0,0.0,0,-0.0,2.7184057014301037e+23,0.0,0.0,0.0,0.0,0.0,0.0,0.0,0,0,0,0.0,0.0,0.0,0.0,0.0,0.0,0.0,0.0,0.0,0.0,0.0,0.0,0.0,0.0,0.0,0.0,0,-107875648.0,0,0.0,0,-107875648.0,-107877712.0,0,0,17039,26215,17053,39322,17037,0,0,0,110,100,100,0.0,64.0,0.0,64.9,-107615304.0,68.5,1,49,50,180,0,26215,0,0,0.0,0.0,0.0,0.0,-3.458464519822877e+31,65.0,0.0,6383990272.0,0.0,645,0,687,0,0,0,715,0,787,0,709,0,689,0,645,0,641,0,618,0.032,36700160.0,-0.0,0.0,50704,16788,-3.695339305933755e+20,0.0,86115576.0,-2723.977,0.0,-0.0,29.0,60.0,70,0.0,0.0,0.0,0.0,0.0,0.0,0.0,0.0,0.0,0.0,0.0,0.0,0.0,0.0,0.0,0.0,59.2,68,11,65509,41,65476,0,300,0,0,8,20529,65476,0,0,61604,60.0,0.0,0.0,0.0,0.0,0.0
2026-04-04T11:35:22,ERR,ERR,ERR,ERR,ERR,ERR,ERR,ERR,ERR,ERR,ERR,ERR,ERR,ERR,ERR,ERR,ERR,ERR,ERR,ERR,ERR,ERR,ERR,ERR,ERR,ERR,ERR,ERR,ERR,ERR,ERR,ERR,ERR,ERR,ERR,ERR,ERR,ERR,ERR,ERR,ERR,ERR,ERR,ERR,ERR,ERR,ERR,ERR,ERR,ERR,ERR,ERR,ERR,ERR,ERR,ERR,ERR,ERR,ERR,ERR,ERR,ERR,ERR,ERR,ERR,ERR,ERR,ERR,ERR,ERR,ERR,ERR,ERR,ERR,ERR,ERR,ERR,ERR,ERR,ERR,ERR,ERR,ERR,ERR,ERR,ERR,ERR,ERR,ERR,ERR,ERR,ERR,ERR,ERR,ERR,ERR,ERR,ERR,ERR,ERR,ERR,ERR,ERR,ERR,ERR,ERR,ERR,ERR,ERR,ERR,ERR,ERR,ERR,ERR,ERR,ERR,ERR,ERR,ERR,ERR,ERR,ERR,ERR,ERR,ERR,0.0,-0.0,-101055584.0,0.0,0.0,0.0,0.0,nan,0,0,0,32768,0,0.0,0,0.0,0.0,0.0,0.0,0.0,0,0,0,0,0.0,0,0,0,0,0,0,0,0,0,0,0,0,0,0,0,0,0,0,0,0,0,0,0,0,0,0,0,0,0,0,0,0,0,0,0,0,0,0,0,0,0,0,0,0,0.0,0.0,0.0,0.0,0.0,0.0,0.0,0.0,0.0,0.0,0.0,0.0,0.0,0.0,0.0,0.0,0.0,0.0,0.0,0.0,0.0,0.0,-0.0,-2.004,-2.004,-0.0,0.0,0.0,0.0,0.0,3378.5,-0.0,0.0,0.0,-0.0,-0.0,2.7184274988523002e+23,0.0,0.0,0.0,0.0,0,-0.0,2.7184057014301037e+23,0.0,0.0,0.0,0.0,0.0,0.0,0.0,0,0,0,0.0,0.0,0.0,0.0,0.0,0.0,0.0,0.0,0.0,0.0,0.0,0.0,0.0,0.0,0.0,0.0,0,-107875648.0,0,0.0,0,-107875648.0,-107877712.0,0,0,17039,26215,17053,39322,17037,0,0,0,110,100,100,0.0,64.0,0.0,64.9,-107615304.0,68.5,1,49,50,180,0,26215,0,0,0.0,0.0,0.0,0.0,-3.458464519822877e+31,65.0,0.0,6383990272.0,0.0,645,0,687,0,0,0,715,0,787,0,709,0,689,0,645,0,641,0,618,0.032,36700160.0,-0.0,0.0,50704,16788,-3.695339305933755e+20,0.0,86115576.0,-2723.977,0.0,-0.0,29.0,60.0,70,0.0,0.0,0.0,0.0,0.0,0.0,0.0,0.0,0.0,0.0,0.0,0.0,0.0,0.0,0.0,0.0,59.2,68,11,65509,41,65476,0,300,0,0,8,20529,65476,0,0,61604,60.0,0.0,0.0,0.0,0.0,0.0
2026-04-04T11:35:23,ERR,ERR,ERR,ERR,ERR,ERR,ERR,ERR,ERR,ERR,ERR,ERR,ERR,ERR,ERR,ERR,ERR,ERR,ERR,ERR,ERR,ERR,ERR,ERR,ERR,ERR,ERR,ERR,ERR,ERR,ERR,ERR,ERR,ERR,ERR,ERR,ERR,ERR,ERR,ERR,ERR,ERR,ERR,ERR,ERR,ERR,ERR,ERR,ERR,ERR,ERR,ERR,ERR,ERR,ERR,ERR,ERR,ERR,ERR,ERR,ERR,ERR,ERR,ERR,ERR,ERR,ERR,ERR,ERR,ERR,ERR,ERR,ERR,ERR,ERR,ERR,ERR,ERR,ERR,ERR,ERR,ERR,ERR,ERR,ERR,ERR,ERR,ERR,ERR,ERR,ERR,ERR,ERR,ERR,ERR,ERR,ERR,ERR,ERR,ERR,ERR,ERR,ERR,ERR,ERR,ERR,ERR,ERR,ERR,ERR,ERR,ERR,ERR,ERR,ERR,ERR,ERR,ERR,ERR,ERR,ERR,ERR,ERR,ERR,ERR,0.0,-0.0,-101055584.0,0.0,0.0,0.0,0.0,nan,0,0,0,32768,0,0.0,0,0.0,0.0,0.0,0.0,0.0,0,0,0,0,0.0,0,0,0,0,0,0,0,0,0,0,0,0,0,0,0,0,0,0,0,0,0,0,0,0,0,0,0,0,0,0,0,0,0,0,0,0,0,0,0,0,0,0,0,0,0.0,0.0,0.0,0.0,0.0,0.0,0.0,0.0,0.0,0.0,0.0,0.0,0.0,0.0,0.0,0.0,0.0,0.0,0.0,0.0,0.0,0.0,-0.0,-2.004,-2.004,-0.0,0.0,0.0,0.0,0.0,3378.5,-0.0,0.0,0.0,-0.0,-0.0,2.7184274988523002e+23,0.0,0.0,0.0,0.0,0,-0.0,2.7184057014301037e+23,0.0,0.0,0.0,0.0,0.0,0.0,0.0,0,0,0,0.0,0.0,0.0,0.0,0.0,0.0,0.0,0.0,0.0,0.0,0.0,0.0,0.0,0.0,0.0,0.0,0,-107875648.0,0,0.0,0,-107875648.0,-107877712.0,0,0,17039,26215,17053,39322,17037,0,0,0,110,100,100,0.0,64.0,0.0,64.9,-107615304.0,68.5,1,49,50,180,0,26215,0,0,0.0,0.0,0.0,0.0,-3.458464519822877e+31,65.0,0.0,6383990272.0,0.0,645,0,687,0,0,0,715,0,787,0,709,0,689,0,645,0,641,0,618,0.032,36700160.0,-0.0,0.0,50704,16788,-3.695339305933755e+20,0.0,86115576.0,-2723.977,0.0,-0.0,29.0,60.0,70,0.0,0.0,0.0,0.0,0.0,0.0,0.0,0.0,0.0,0.0,0.0,0.0,0.0,0.0,0.0,0.0,59.2,68,11,65509,41,65476,0,300,0,0,8,20529,65476,0,0,61604,60.0,0.0,0.0,0.0,0.0,0.0
2026-04-04T11:35:24,ERR,ERR,ERR,ERR,ERR,ERR,ERR,ERR,ERR,ERR,ERR,ERR,ERR,ERR,ERR,ERR,ERR,ERR,ERR,ERR,ERR,ERR,ERR,ERR,ERR,ERR,ERR,ERR,ERR,ERR,ERR,ERR,ERR,ERR,ERR,ERR,ERR,ERR,ERR,ERR,ERR,ERR,ERR,ERR,ERR,ERR,ERR,ERR,ERR,ERR,ERR,ERR,ERR,ERR,ERR,ERR,ERR,ERR,ERR,ERR,ERR,ERR,ERR,ERR,ERR,ERR,ERR,ERR,ERR,ERR,ERR,ERR,ERR,ERR,ERR,ERR,ERR,ERR,ERR,ERR,ERR,ERR,ERR,ERR,ERR,ERR,ERR,ERR,ERR,ERR,ERR,ERR,ERR,ERR,ERR,ERR,ERR,ERR,ERR,ERR,ERR,ERR,ERR,ERR,ERR,ERR,ERR,ERR,ERR,ERR,ERR,ERR,ERR,ERR,ERR,ERR,ERR,ERR,ERR,ERR,ERR,ERR,ERR,ERR,ERR,0.0,-0.0,-101055584.0,0.0,0.0,0.0,0.0,nan,0,0,0,32768,0,0.0,0,0.0,0.0,0.0,0.0,0.0,0,0,0,0,0.0,0,0,0,0,0,0,0,0,0,0,0,0,0,0,0,0,0,0,0,0,0,0,0,0,0,0,0,0,0,0,0,0,0,0,0,0,0,0,0,0,0,0,0,0,0.0,0.0,0.0,0.0,0.0,0.0,0.0,0.0,0.0,0.0,0.0,0.0,0.0,0.0,0.0,0.0,0.0,0.0,0.0,0.0,0.0,0.0,-0.0,-2.004,-2.004,-0.0,0.0,0.0,0.0,0.0,3378.5,-0.0,0.0,0.0,-0.0,-0.0,2.7184274988523002e+23,0.0,0.0,0.0,0.0,0,-0.0,2.7184057014301037e+23,0.0,0.0,0.0,0.0,0.0,0.0,0.0,0,0,0,0.0,0.0,0.0,0.0,0.0,0.0,0.0,0.0,0.0,0.0,0.0,0.0,0.0,0.0,0.0,0.0,0,-107875648.0,0,0.0,0,-107875648.0,-107877712.0,0,0,17039,26215,17053,52429,17037,0,0,0,110,100,100,0.0,64.0,0.0,64.9,-107615304.0,68.5,1,49,50,180,0,26215,0,0,0.0,0.0,0.0,0.0,-4.1581540906517593e+37,65.0,0.0,-0.0,0.0,645,0,687,0,0,0,715,0,787,0,709,0,689,0,645,0,641,0,618,0.032,36962304.0,-0.0,0.0,41488,16788,-2.050464396567888e+38,-0.0,-5.341356569235816e+18,387574963109888.0,-0.0,0.0,29.0,60.0,70,0.0,0.0,0.0,0.0,0.0,0.0,0.0,0.0,0.0,0.0,0.0,0.0,0.0,0.0,0.0,0.0,59.2,68,11,65509,41,65476,0,300,0,0,8,20529,65476,0,0,61604,60.0,0.0,0.0,0.0,0.0,0.0
2026-04-04T11:35:25,ERR,ERR,ERR,ERR,ERR,ERR,ERR,ERR,ERR,ERR,ERR,ERR,ERR,ERR,ERR,ERR,ERR,ERR,ERR,ERR,ERR,ERR,ERR,ERR,ERR,ERR,ERR,ERR,ERR,ERR,ERR,ERR,ERR,ERR,ERR,ERR,ERR,ERR,ERR,ERR,ERR,ERR,ERR,ERR,ERR,ERR,ERR,ERR,ERR,ERR,ERR,ERR,ERR,ERR,ERR,ERR,ERR,ERR,ERR,ERR,ERR,ERR,ERR,ERR,ERR,ERR,ERR,ERR,ERR,ERR,ERR,ERR,ERR,ERR,ERR,ERR,ERR,ERR,ERR,ERR,ERR,ERR,ERR,ERR,ERR,ERR,ERR,ERR,ERR,ERR,ERR,ERR,ERR,ERR,ERR,ERR,ERR,ERR,ERR,ERR,ERR,ERR,ERR,ERR,ERR,ERR,ERR,ERR,ERR,ERR,ERR,ERR,ERR,ERR,ERR,ERR,ERR,ERR,ERR,ERR,ERR,ERR,ERR,ERR,ERR,0.0,-0.0,-101055584.0,0.0,0.0,0.0,0.0,nan,0,0,0,32768,0,0.0,0,0.0,0.0,0.0,0.0,0.0,0,0,0,0,0.0,0,0,0,0,0,0,0,0,0,0,0,0,0,0,0,0,0,0,0,0,0,0,0,0,0,0,0,0,0,0,0,0,0,0,0,0,0,0,0,0,0,0,0,0,0.0,0.0,0.0,0.0,0.0,0.0,0.0,0.0,0.0,0.0,0.0,0.0,0.0,0.0,0.0,0.0,0.0,0.0,0.0,0.0,0.0,0.0,-0.0,-2.004,-2.004,-0.0,0.0,0.0,0.0,0.0,3378.5,-0.0,0.0,0.0,-0.0,-0.0,2.7184274988523002e+23,0.0,0.0,0.0,0.0,0,-0.0,2.7184057014301037e+23,0.0,0.0,0.0,0.0,0.0,0.0,0.0,0,0,0,0.0,0.0,0.0,0.0,0.0,0.0,0.0,0.0,0.0,0.0,0.0,0.0,0.0,0.0,0.0,0.0,0,-107875648.0,0,0.0,0,-107875648.0,-107877712.0,0,0,17039,26215,17053,52429,17037,0,0,0,110,100,100,0.0,64.0,0.0,64.9,-107615304.0,68.5,1,49,50,180,0,26215,0,0,0.0,0.0,0.0,0.0,-4.1581540906517593e+37,65.0,0.0,-0.0,0.0,645,0,687,0,0,0,715,0,787,0,709,0,689,0,645,0,641,0,618,0.032,36962304.0,-0.0,0.0,41488,16788,-2.050464396567888e+38,-0.0,-5.341356569235816e+18,387574963109888.0,-0.0,0.0,29.0,60.0,70,0.0,0.0,0.0,0.0,0.0,0.0,0.0,0.0,0.0,0.0,0.0,0.0,0.0,0.0,0.0,0.0,59.2,68,11,65509,41,65476,0,300,0,0,8,20529,65476,0,0,61604,60.0,0.0,0.0,0.0,0.0,0.0
2026-04-04T11:35:26,ERR,ERR,ERR,ERR,ERR,ERR,ERR,ERR,ERR,ERR,ERR,ERR,ERR,ERR,ERR,ERR,ERR,ERR,ERR,ERR,ERR,ERR,ERR,ERR,ERR,ERR,ERR,ERR,ERR,ERR,ERR,ERR,ERR,ERR,ERR,ERR,ERR,ERR,ERR,ERR,ERR,ERR,ERR,ERR,ERR,ERR,ERR,ERR,ERR,ERR,ERR,ERR,ERR,ERR,ERR,ERR,ERR,ERR,ERR,ERR,ERR,ERR,ERR,ERR,ERR,ERR,ERR,ERR,ERR,ERR,ERR,ERR,ERR,ERR,ERR,ERR,ERR,ERR,ERR,ERR,ERR,ERR,ERR,ERR,ERR,ERR,ERR,ERR,ERR,ERR,ERR,ERR,ERR,ERR,ERR,ERR,ERR,ERR,ERR,ERR,ERR,ERR,ERR,ERR,ERR,ERR,ERR,ERR,ERR,ERR,ERR,ERR,ERR,ERR,ERR,ERR,ERR,ERR,ERR,ERR,ERR,ERR,ERR,ERR,ERR,0.0,-0.0,-101055584.0,0.0,0.0,0.0,0.0,nan,0,0,0,32768,0,0.0,0,0.0,0.0,0.0,0.0,0.0,0,0,0,0,0.0,0,0,0,0,0,0,0,0,0,0,0,0,0,0,0,0,0,0,0,0,0,0,0,0,0,0,0,0,0,0,0,0,0,0,0,0,0,0,0,0,0,0,0,0,0.0,0.0,0.0,0.0,0.0,0.0,0.0,0.0,0.0,0.0,0.0,0.0,0.0,0.0,0.0,0.0,0.0,0.0,0.0,0.0,0.0,0.0,-0.0,-2.004,-2.004,-0.0,0.0,0.0,0.0,0.0,3377.5,-0.0,0.0,0.0,-0.0,-0.0,2.7184274988523002e+23,0.0,0.0,0.0,0.0,0,-0.0,89220.055,0.0,0.0,0.0,0.0,0.0,0.0,0.0,0,0,0,0.0,0.0,0.0,0.0,0.0,0.0,0.0,0.0,0.0,0.0,0.0,0.0,0.0,0.0,0.0,0.0,0,-107875648.0,0,0.0,0,-107875648.0,-107877712.0,0,0,17039,26215,17053,52429,17037,0,0,0,110,100,100,0.0,64.0,0.0,64.9,-107615304.0,68.5,1,49,50,180,0,26215,0,0,0.0,0.0,0.0,0.0,-4.1581540906517593e+37,65.0,0.0,-0.0,0.0,645,0,687,0,0,0,715,0,787,0,709,0,689,0,645,0,641,0,618,0.032,36962304.0,-0.0,0.0,41488,16788,-2.050464396567888e+38,-0.0,-5.341356569235816e+18,387574963109888.0,-0.0,0.0,29.0,60.0,70,0.0,0.0,0.0,0.0,0.0,0.0,0.0,0.0,0.0,0.0,0.0,0.0,0.0,0.0,0.0,0.0,59.2,68,11,65509,41,65476,0,300,0,0,8,20529,65476,0,0,61604,60.0,0.0,0.0,0.0,0.0,0.0
2026-04-04T11:35:27,ERR,ERR,ERR,ERR,ERR,ERR,ERR,ERR,ERR,ERR,ERR,ERR,ERR,ERR,ERR,ERR,ERR,ERR,ERR,ERR,ERR,ERR,ERR,ERR,ERR,ERR,ERR,ERR,ERR,ERR,ERR,ERR,ERR,ERR,ERR,ERR,ERR,ERR,ERR,ERR,ERR,ERR,ERR,ERR,ERR,ERR,ERR,ERR,ERR,ERR,ERR,ERR,ERR,ERR,ERR,ERR,ERR,ERR,ERR,ERR,ERR,ERR,ERR,ERR,ERR,ERR,ERR,ERR,ERR,ERR,ERR,ERR,ERR,ERR,ERR,ERR,ERR,ERR,ERR,ERR,ERR,ERR,ERR,ERR,ERR,ERR,ERR,ERR,ERR,ERR,ERR,ERR,ERR,ERR,ERR,ERR,ERR,ERR,ERR,ERR,ERR,ERR,ERR,ERR,ERR,ERR,ERR,ERR,ERR,ERR,ERR,ERR,ERR,ERR,ERR,ERR,ERR,ERR,ERR,ERR,ERR,ERR,ERR,ERR,ERR,0.0,-0.0,-101055584.0,0.0,0.0,0.0,0.0,nan,0,0,0,32768,0,0.0,0,0.0,0.0,0.0,0.0,0.0,0,0,0,0,0.0,0,0,0,0,0,0,0,0,0,0,0,0,0,0,0,0,0,0,0,0,0,0,0,0,0,0,0,0,0,0,0,0,0,0,0,0,0,0,0,0,0,0,0,0,0.0,0.0,0.0,0.0,0.0,0.0,0.0,0.0,0.0,0.0,0.0,0.0,0.0,0.0,0.0,0.0,0.0,0.0,0.0,0.0,0.0,0.0,-0.0,-2.004,-2.004,-0.0,0.0,0.0,0.0,0.0,3377.5,-0.0,0.0,0.0,-0.0,-0.0,2.7184274988523002e+23,0.0,0.0,0.0,0.0,0,-0.0,89220.055,0.0,0.0,0.0,0.0,0.0,0.0,0.0,0,0,0,0.0,0.0,0.0,0.0,0.0,0.0,0.0,0.0,0.0,0.0,0.0,0.0,0.0,0.0,0.0,0.0,0,-107875648.0,0,0.0,0,-107875648.0,-107877712.0,0,0,17039,26215,17053,52429,17037,0,0,0,110,100,100,0.0,64.0,0.0,64.9,-107615304.0,68.5,1,49,50,180,0,26215,0,0,0.0,0.0,0.0,0.0,-4.1581540906517593e+37,65.0,0.0,-0.0,0.0,645,0,687,0,0,0,715,0,787,0,709,0,689,0,645,0,641,0,618,0.032,36962304.0,-0.0,0.0,41488,16788,-2.050464396567888e+38,-0.0,-5.341356569235816e+18,387574963109888.0,-0.0,0.0,29.0,60.0,70,0.0,0.0,0.0,0.0,0.0,0.0,0.0,0.0,0.0,0.0,0.0,0.0,0.0,0.0,0.0,0.0,59.2,68,11,65509,41,65476,0,300,0,0,8,20529,65476,0,0,61604,60.0,0.0,0.0,0.0,0.0,0.0
2026-04-04T11:35:28,ERR,ERR,ERR,ERR,ERR,ERR,ERR,ERR,ERR,ERR,ERR,ERR,ERR,ERR,ERR,ERR,ERR,ERR,ERR,ERR,ERR,ERR,ERR,ERR,ERR,ERR,ERR,ERR,ERR,ERR,ERR,ERR,ERR,ERR,ERR,ERR,ERR,ERR,ERR,ERR,ERR,ERR,ERR,ERR,ERR,ERR,ERR,ERR,ERR,ERR,ERR,ERR,ERR,ERR,ERR,ERR,ERR,ERR,ERR,ERR,ERR,ERR,ERR,ERR,ERR,ERR,ERR,ERR,ERR,ERR,ERR,ERR,ERR,ERR,ERR,ERR,ERR,ERR,ERR,ERR,ERR,ERR,ERR,ERR,ERR,ERR,ERR,ERR,ERR,ERR,ERR,ERR,ERR,ERR,ERR,ERR,ERR,ERR,ERR,ERR,ERR,ERR,ERR,ERR,ERR,ERR,ERR,ERR,ERR,ERR,ERR,ERR,ERR,ERR,ERR,ERR,ERR,ERR,ERR,ERR,ERR,ERR,ERR,ERR,ERR,0.0,-0.0,-101055584.0,0.0,0.0,0.0,0.0,nan,0,0,0,32768,0,0.0,0,0.0,0.0,0.0,0.0,0.0,0,0,0,0,0.0,0,0,0,0,0,0,0,0,0,0,0,0,0,0,0,0,0,0,0,0,0,0,0,0,0,0,0,0,0,0,0,0,0,0,0,0,0,0,0,0,0,0,0,0,0.0,0.0,0.0,0.0,0.0,0.0,0.0,0.0,0.0,0.0,0.0,0.0,0.0,0.0,0.0,0.0,0.0,0.0,0.0,0.0,0.0,0.0,-0.0,-2.004,-2.004,-0.0,0.0,0.0,0.0,0.0,3377.5,-0.0,0.0,0.0,-0.0,-0.0,2.7184274988523002e+23,0.0,0.0,0.0,0.0,0,-0.0,89220.055,0.0,0.0,0.0,0.0,0.0,0.0,0.0,0,0,0,0.0,0.0,0.0,0.0,0.0,0.0,0.0,0.0,0.0,0.0,0.0,0.0,0.0,0.0,0.0,0.0,0,-107875648.0,0,0.0,0,-107875648.0,-107877712.0,0,0,17039,26215,17053,52429,17037,0,0,0,110,100,100,0.0,64.0,0.0,64.9,-107615304.0,68.5,1,49,50,180,0,26215,0,0,0.0,0.0,0.0,0.0,-4.1581540906517593e+37,65.0,0.0,-0.0,0.0,645,0,687,0,0,0,715,0,787,0,709,0,689,0,645,0,641,0,618,0.032,36962304.0,-0.0,0.0,41488,16788,-2.050464396567888e+38,-0.0,-5.341356569235816e+18,387574963109888.0,-0.0,0.0,29.0,60.0,70,0.0,0.0,0.0,0.0,0.0,0.0,0.0,0.0,0.0,0.0,0.0,0.0,0.0,0.0,0.0,0.0,59.2,68,11,65509,41,65476,0,300,0,0,8,20529,65476,0,0,61604,60.0,0.0,0.0,0.0,0.0,0.0
2026-04-04T11:35:29,ERR,ERR,ERR,ERR,ERR,ERR,ERR,ERR,ERR,ERR,ERR,ERR,ERR,ERR,ERR,ERR,ERR,ERR,ERR,ERR,ERR,ERR,ERR,ERR,ERR,ERR,ERR,ERR,ERR,ERR,ERR,ERR,ERR,ERR,ERR,ERR,ERR,ERR,ERR,ERR,ERR,ERR,ERR,ERR,ERR,ERR,ERR,ERR,ERR,ERR,ERR,ERR,ERR,ERR,ERR,ERR,ERR,ERR,ERR,ERR,ERR,ERR,ERR,ERR,ERR,ERR,ERR,ERR,ERR,ERR,ERR,ERR,ERR,ERR,ERR,ERR,ERR,ERR,ERR,ERR,ERR,ERR,ERR,ERR,ERR,ERR,ERR,ERR,ERR,ERR,ERR,ERR,ERR,ERR,ERR,ERR,ERR,ERR,ERR,ERR,ERR,ERR,ERR,ERR,ERR,ERR,ERR,ERR,ERR,ERR,ERR,ERR,ERR,ERR,ERR,ERR,ERR,ERR,ERR,ERR,ERR,ERR,ERR,ERR,ERR,0.0,-0.0,-101055584.0,0.0,0.0,0.0,0.0,nan,0,0,0,32768,0,0.0,0,0.0,0.0,0.0,0.0,0.0,0,0,0,0,0.0,0,0,0,0,0,0,0,0,0,0,0,0,0,0,0,0,0,0,0,0,0,0,0,0,0,0,0,0,0,0,0,0,0,0,0,0,0,0,0,0,0,0,0,0,0.0,0.0,0.0,0.0,0.0,0.0,0.0,0.0,0.0,0.0,0.0,0.0,0.0,0.0,0.0,0.0,0.0,0.0,0.0,0.0,0.0,0.0,-0.0,-2.004,-2.004,-0.0,0.0,0.0,0.0,0.0,3377.5,-0.0,0.0,0.0,-0.0,-0.0,2.7184274988523002e+23,0.0,0.0,0.0,0.0,0,-0.0,89220.055,0.0,0.0,0.0,0.0,0.0,0.0,0.0,0,0,0,0.0,0.0,0.0,0.0,0.0,0.0,0.0,0.0,0.0,0.0,0.0,0.0,0.0,0.0,0.0,0.0,0,-107875648.0,0,0.0,0,-107875648.0,-107877712.0,0,0,17039,26215,17053,52429,17037,0,0,0,110,100,100,0.0,64.0,0.0,64.9,-107615304.0,68.5,1,49,50,180,0,26215,0,0,0.0,0.0,0.0,0.0,-4.1581540906517593e+37,65.0,0.0,-0.0,0.0,645,0,687,0,0,0,715,0,787,0,709,0,689,0,645,0,641,0,618,0.032,36962304.0,-0.0,0.0,41488,16788,-2.050464396567888e+38,-0.0,-5.341356569235816e+18,387574963109888.0,-0.0,0.0,29.0,60.0,70,0.0,0.0,0.0,0.0,0.0,0.0,0.0,0.0,0.0,0.0,0.0,0.0,0.0,0.0,0.0,0.0,59.6,68,11,65509,41,65476,0,300,0,0,8,20529,65476,0,0,61604,60.0,0.0,0.0,0.0,0.0,0.0
2026-04-04T11:35:30,ERR,ERR,ERR,ERR,ERR,ERR,ERR,ERR,ERR,ERR,ERR,ERR,ERR,ERR,ERR,ERR,ERR,ERR,ERR,ERR,ERR,ERR,ERR,ERR,ERR,ERR,ERR,ERR,ERR,ERR,ERR,ERR,ERR,ERR,ERR,ERR,ERR,ERR,ERR,ERR,ERR,ERR,ERR,ERR,ERR,ERR,ERR,ERR,ERR,ERR,ERR,ERR,ERR,ERR,ERR,ERR,ERR,ERR,ERR,ERR,ERR,ERR,ERR,ERR,ERR,ERR,ERR,ERR,ERR,ERR,ERR,ERR,ERR,ERR,ERR,ERR,ERR,ERR,ERR,ERR,ERR,ERR,ERR,ERR,ERR,ERR,ERR,ERR,ERR,ERR,ERR,ERR,ERR,ERR,ERR,ERR,ERR,ERR,ERR,ERR,ERR,ERR,ERR,ERR,ERR,ERR,ERR,ERR,ERR,ERR,ERR,ERR,ERR,ERR,ERR,ERR,ERR,ERR,ERR,ERR,ERR,ERR,ERR,ERR,ERR,0.0,-0.0,-101055584.0,0.0,0.0,0.0,0.0,nan,0,0,0,32768,0,0.0,0,0.0,0.0,0.0,0.0,0.0,0,0,0,0,0.0,0,0,0,0,0,0,0,0,0,0,0,0,0,0,0,0,0,0,0,0,0,0,0,0,0,0,0,0,0,0,0,0,0,0,0,0,0,0,0,0,0,0,0,0,0.0,0.0,0.0,0.0,0.0,0.0,0.0,0.0,0.0,0.0,0.0,0.0,0.0,0.0,0.0,0.0,0.0,0.0,0.0,0.0,0.0,0.0,-0.0,-2.004,-2.004,-0.0,0.0,0.0,0.0,0.0,3377.5,-0.0,0.0,0.0,-0.0,-0.0,2.7184274988523002e+23,0.0,0.0,0.0,0.0,0,-0.0,89220.055,0.0,0.0,0.0,0.0,0.0,0.0,0.0,0,0,0,0.0,0.0,0.0,0.0,0.0,0.0,0.0,0.0,0.0,0.0,0.0,0.0,0.0,0.0,0.0,0.0,0,-107875648.0,0,0.0,0,-107875648.0,-107877712.0,0,0,17039,26215,17053,52429,17037,0,0,0,110,100,100,0.0,64.0,0.0,64.9,-107615304.0,68.5,1,49,50,180,0,26215,0,0,0.0,0.0,0.0,0.0,-219088462807040.0,65.0,0.0,0.0,0.0,645,0,687,0,0,0,716,0,787,0,709,0,689,0,645,0,641,0,618,0.032,36962304.0,-0.0,0.0,27024,16788,-2101408.5,0.0,0.0,15183283200.0,0.0,1.613217633665024e+16,29.0,60.0,70,0.0,0.0,0.0,0.0,0.0,0.0,0.0,0.0,0.0,0.0,0.0,0.0,0.0,0.0,0.0,0.0,59.6,68,11,65509,41,65476,0,300,0,0,8,20529,65476,0,0,61604,60.0,0.0,0.0,0.0,0.0,0.0
2026-04-04T11:35:31,ERR,ERR,ERR,ERR,ERR,ERR,ERR,ERR,ERR,ERR,ERR,ERR,ERR,ERR,ERR,ERR,ERR,ERR,ERR,ERR,ERR,ERR,ERR,ERR,ERR,ERR,ERR,ERR,ERR,ERR,ERR,ERR,ERR,ERR,ERR,ERR,ERR,ERR,ERR,ERR,ERR,ERR,ERR,ERR,ERR,ERR,ERR,ERR,ERR,ERR,ERR,ERR,ERR,ERR,ERR,ERR,ERR,ERR,ERR,ERR,ERR,ERR,ERR,ERR,ERR,ERR,ERR,ERR,ERR,ERR,ERR,ERR,ERR,ERR,ERR,ERR,ERR,ERR,ERR,ERR,ERR,ERR,ERR,ERR,ERR,ERR,ERR,ERR,ERR,ERR,ERR,ERR,ERR,ERR,ERR,ERR,ERR,ERR,ERR,ERR,ERR,ERR,ERR,ERR,ERR,ERR,ERR,ERR,ERR,ERR,ERR,ERR,ERR,ERR,ERR,ERR,ERR,ERR,ERR,ERR,ERR,ERR,ERR,ERR,ERR,0.0,-0.0,-101055584.0,0.0,0.0,0.0,0.0,nan,0,0,0,32768,0,0.0,0,0.0,0.0,0.0,0.0,0.0,0,0,0,0,0.0,0,0,0,0,0,0,0,0,0,0,0,0,0,0,0,0,0,0,0,0,0,0,0,0,0,0,0,0,0,0,0,0,0,0,0,0,0,0,0,0,0,0,0,0,0.0,0.0,0.0,0.0,0.0,0.0,0.0,0.0,0.0,0.0,0.0,0.0,0.0,0.0,0.0,0.0,0.0,0.0,0.0,0.0,0.0,0.0,-0.0,-2.004,-2.004,-0.0,0.0,0.0,0.0,0.0,3377.5,-0.0,0.0,0.0,-0.0,-0.0,2.7184274988523002e+23,0.0,0.0,0.0,0.0,0,-0.0,89220.055,0.0,0.0,0.0,0.0,0.0,0.0,0.0,0,0,0,0.0,0.0,0.0,0.0,0.0,0.0,0.0,0.0,0.0,0.0,0.0,0.0,0.0,0.0,0.0,0.0,0,-107875648.0,0,0.0,0,-107875648.0,-107877712.0,0,0,17039,26215,17053,52429,17037,0,0,0,110,100,100,0.0,64.0,0.0,64.9,-107615304.0,68.5,1,49,50,180,0,26215,0,0,0.0,0.0,0.0,0.0,-219088462807040.0,65.0,0.0,0.0,0.0,645,0,687,0,0,0,716,0,787,0,709,0,689,0,645,0,641,0,618,0.032,36962304.0,-0.0,0.0,27024,16788,-2101408.5,0.0,0.0,15183283200.0,0.0,1.613217633665024e+16,29.0,60.0,70,0.0,0.0,0.0,0.0,0.0,0.0,0.0,0.0,0.0,0.0,0.0,0.0,0.0,0.0,0.0,0.0,59.6,68,11,65509,41,65476,0,300,0,0,8,20529,65476,0,0,61604,60.0,0.0,0.0,0.0,0.0,0.0
2026-04-04T11:35:32,ERR,ERR,ERR,ERR,ERR,ERR,ERR,ERR,ERR,ERR,ERR,ERR,ERR,ERR,ERR,ERR,ERR,ERR,ERR,ERR,ERR,ERR,ERR,ERR,ERR,ERR,ERR,ERR,ERR,ERR,ERR,ERR,ERR,ERR,ERR,ERR,ERR,ERR,ERR,ERR,ERR,ERR,ERR,ERR,ERR,ERR,ERR,ERR,ERR,ERR,ERR,ERR,ERR,ERR,ERR,ERR,ERR,ERR,ERR,ERR,ERR,ERR,ERR,ERR,ERR,ERR,ERR,ERR,ERR,ERR,ERR,ERR,ERR,ERR,ERR,ERR,ERR,ERR,ERR,ERR,ERR,ERR,ERR,ERR,ERR,ERR,ERR,ERR,ERR,ERR,ERR,ERR,ERR,ERR,ERR,ERR,ERR,ERR,ERR,ERR,ERR,ERR,ERR,ERR,ERR,ERR,ERR,ERR,ERR,ERR,ERR,ERR,ERR,ERR,ERR,ERR,ERR,ERR,ERR,ERR,ERR,ERR,ERR,ERR,ERR,0.0,-0.0,-101055584.0,0.0,0.0,0.0,0.0,nan,0,0,0,32768,0,0.0,0,0.0,0.0,0.0,0.0,0.0,0,0,0,0,0.0,0,0,0,0,0,0,0,0,0,0,0,0,0,0,0,0,0,0,0,0,0,0,0,0,0,0,0,0,0,0,0,0,0,0,0,0,0,0,0,0,0,0,0,0,0.0,0.0,0.0,0.0,0.0,0.0,0.0,0.0,0.0,0.0,0.0,0.0,0.0,0.0,0.0,0.0,0.0,0.0,0.0,0.0,0.0,0.0,-0.0,-2.004,-2.004,-0.0,0.0,0.0,0.0,0.0,3377.5,-0.0,0.0,0.0,-0.0,-0.0,2.7184274988523002e+23,0.0,0.0,0.0,0.0,0,-0.0,89220.055,0.0,0.0,0.0,0.0,0.0,0.0,0.0,0,0,0,0.0,0.0,0.0,0.0,0.0,0.0,0.0,0.0,0.0,0.0,0.0,0.0,0.0,0.0,0.0,0.0,0,-107875648.0,0,0.0,0,-107875648.0,-107877712.0,0,0,17039,26215,17053,52429,17037,0,0,0,110,100,100,0.0,64.0,0.0,64.9,-107615304.0,68.5,1,49,50,180,0,26215,0,0,0.0,0.0,0.0,0.0,-219088462807040.0,65.0,0.0,0.0,0.0,645,0,687,0,0,0,716,0,787,0,709,0,689,0,645,0,641,0,618,0.032,36962304.0,-0.0,0.0,27024,16788,-2101408.5,0.0,0.0,15183283200.0,0.0,1.613217633665024e+16,29.0,60.0,70,0.0,0.0,0.0,0.0,0.0,0.0,0.0,0.0,0.0,0.0,0.0,0.0,0.0,0.0,0.0,0.0,59.2,68,11,65509,41,65476,0,300,0,0,8,20529,65476,0,0,61604,60.0,0.0,0.0,0.0,0.0,0.0
2026-04-04T11:35:33,ERR,ERR,ERR,ERR,ERR,ERR,ERR,ERR,ERR,ERR,ERR,ERR,ERR,ERR,ERR,ERR,ERR,ERR,ERR,ERR,ERR,ERR,ERR,ERR,ERR,ERR,ERR,ERR,ERR,ERR,ERR,ERR,ERR,ERR,ERR,ERR,ERR,ERR,ERR,ERR,ERR,ERR,ERR,ERR,ERR,ERR,ERR,ERR,ERR,ERR,ERR,ERR,ERR,ERR,ERR,ERR,ERR,ERR,ERR,ERR,ERR,ERR,ERR,ERR,ERR,ERR,ERR,ERR,ERR,ERR,ERR,ERR,ERR,ERR,ERR,ERR,ERR,ERR,ERR,ERR,ERR,ERR,ERR,ERR,ERR,ERR,ERR,ERR,ERR,ERR,ERR,ERR,ERR,ERR,ERR,ERR,ERR,ERR,ERR,ERR,ERR,ERR,ERR,ERR,ERR,ERR,ERR,ERR,ERR,ERR,ERR,ERR,ERR,ERR,ERR,ERR,ERR,ERR,ERR,ERR,ERR,ERR,ERR,ERR,ERR,0.0,-0.0,-101055584.0,0.0,0.0,0.0,0.0,nan,0,0,0,32768,0,0.0,0,0.0,0.0,0.0,0.0,0.0,0,0,0,0,0.0,0,0,0,0,0,0,0,0,0,0,0,0,0,0,0,0,0,0,0,0,0,0,0,0,0,0,0,0,0,0,0,0,0,0,0,0,0,0,0,0,0,0,0,0,0.0,0.0,0.0,0.0,0.0,0.0,0.0,0.0,0.0,0.0,0.0,0.0,0.0,0.0,0.0,0.0,0.0,0.0,0.0,0.0,0.0,0.0,-0.0,-2.004,-2.004,-0.0,0.0,0.0,0.0,0.0,3377.5,-0.0,0.0,0.0,-0.0,-0.0,2.7184274988523002e+23,0.0,0.0,0.0,0.0,0,-0.0,89220.055,0.0,0.0,0.0,0.0,0.0,0.0,0.0,0,0,0,0.0,0.0,0.0,0.0,0.0,0.0,0.0,0.0,0.0,0.0,0.0,0.0,0.0,0.0,0.0,0.0,0,-107875648.0,0,0.0,0,-107875648.0,-107877712.0,0,0,17039,26215,17053,52429,17037,0,0,0,110,100,100,0.0,64.0,0.0,64.9,-107615304.0,68.5,1,49,50,180,0,26215,0,0,0.0,0.0,0.0,0.0,-219088462807040.0,65.0,0.0,0.0,0.0,645,0,687,0,0,0,716,0,787,0,709,0,689,0,645,0,641,0,618,0.032,36962304.0,-0.0,0.0,27024,16788,-2101408.5,0.0,0.0,15183283200.0,0.0,1.613217633665024e+16,29.0,60.0,70,0.0,0.0,0.0,0.0,0.0,0.0,0.0,0.0,0.0,0.0,0.0,0.0,0.0,0.0,0.0,0.0,59.2,68,11,65509,41,65476,0,300,0,0,8,20529,65476,0,0,61604,60.0,0.0,0.0,0.0,0.0,0.0
2026-04-04T11:35:34,ERR,ERR,ERR,ERR,ERR,ERR,ERR,ERR,ERR,ERR,ERR,ERR,ERR,ERR,ERR,ERR,ERR,ERR,ERR,ERR,ERR,ERR,ERR,ERR,ERR,ERR,ERR,ERR,ERR,ERR,ERR,ERR,ERR,ERR,ERR,ERR,ERR,ERR,ERR,ERR,ERR,ERR,ERR,ERR,ERR,ERR,ERR,ERR,ERR,ERR,ERR,ERR,ERR,ERR,ERR,ERR,ERR,ERR,ERR,ERR,ERR,ERR,ERR,ERR,ERR,ERR,ERR,ERR,ERR,ERR,ERR,ERR,ERR,ERR,ERR,ERR,ERR,ERR,ERR,ERR,ERR,ERR,ERR,ERR,ERR,ERR,ERR,ERR,ERR,ERR,ERR,ERR,ERR,ERR,ERR,ERR,ERR,ERR,ERR,ERR,ERR,ERR,ERR,ERR,ERR,ERR,ERR,ERR,ERR,ERR,ERR,ERR,ERR,ERR,ERR,ERR,ERR,ERR,ERR,ERR,ERR,ERR,ERR,ERR,ERR,0.0,-0.0,-101055584.0,0.0,0.0,0.0,0.0,nan,0,0,0,32768,0,0.0,0,0.0,0.0,0.0,0.0,0.0,0,0,0,0,0.0,0,0,0,0,0,0,0,0,0,0,0,0,0,0,0,0,0,0,0,0,0,0,0,0,0,0,0,0,0,0,0,0,0,0,0,0,0,0,0,0,0,0,0,0,0.0,0.0,0.0,0.0,0.0,0.0,0.0,0.0,0.0,0.0,0.0,0.0,0.0,0.0,0.0,0.0,0.0,0.0,0.0,0.0,0.0,0.0,-0.0,-2.004,-2.004,-0.0,0.0,0.0,0.0,0.0,3379.0,1.5879155638041463e+29,0.0,0.0,-0.0,-0.0,2.7184274988523002e+23,0.0,0.0,0.0,0.0,0,-0.0,89220.055,0.0,0.0,0.0,0.0,0.0,0.0,0.0,0,0,0,0.0,0.0,0.0,0.0,0.0,0.0,0.0,0.0,0.0,0.0,0.0,0.0,0.0,0.0,0.0,0.0,0,-107875648.0,0,0.0,0,-107875648.0,-107877712.0,0,0,17039,26215,17053,52429,17037,0,0,0,110,100,100,0.0,64.0,0.0,64.9,-107615304.0,68.5,1,49,50,180,0,26215,0,0,0.0,0.0,0.0,0.0,-219088462807040.0,65.0,0.0,0.0,0.0,645,0,687,0,0,0,716,0,787,0,709,0,689,0,645,0,641,0,618,0.032,36962304.0,-0.0,0.0,27024,16788,-2101408.5,0.0,0.0,15183283200.0,0.0,1.613217633665024e+16,29.0,60.0,70,0.0,0.0,0.0,0.0,0.0,0.0,0.0,0.0,0.0,0.0,0.0,0.0,0.0,0.0,0.0,0.0,59.2,68,11,65509,41,65476,0,300,0,0,8,20529,65476,0,0,61604,60.0,0.0,0.0,0.0,0.0,0.0
2026-04-04T11:35:35,ERR,ERR,ERR,ERR,ERR,ERR,ERR,ERR,ERR,ERR,ERR,ERR,ERR,ERR,ERR,ERR,ERR,ERR,ERR,ERR,ERR,ERR,ERR,ERR,ERR,ERR,ERR,ERR,ERR,ERR,ERR,ERR,ERR,ERR,ERR,ERR,ERR,ERR,ERR,ERR,ERR,ERR,ERR,ERR,ERR,ERR,ERR,ERR,ERR,ERR,ERR,ERR,ERR,ERR,ERR,ERR,ERR,ERR,ERR,ERR,ERR,ERR,ERR,ERR,ERR,ERR,ERR,ERR,ERR,ERR,ERR,ERR,ERR,ERR,ERR,ERR,ERR,ERR,ERR,ERR,ERR,ERR,ERR,ERR,ERR,ERR,ERR,ERR,ERR,ERR,ERR,ERR,ERR,ERR,ERR,ERR,ERR,ERR,ERR,ERR,ERR,ERR,ERR,ERR,ERR,ERR,ERR,ERR,ERR,ERR,ERR,ERR,ERR,ERR,ERR,ERR,ERR,ERR,ERR,ERR,ERR,ERR,ERR,ERR,ERR,0.0,-0.0,-101055584.0,0.0,0.0,0.0,0.0,nan,0,0,0,32768,0,0.0,0,0.0,0.0,0.0,0.0,0.0,0,0,0,0,0.0,0,0,0,0,0,0,0,0,0,0,0,0,0,0,0,0,0,0,0,0,0,0,0,0,0,0,0,0,0,0,0,0,0,0,0,0,0,0,0,0,0,0,0,0,0.0,0.0,0.0,0.0,0.0,0.0,0.0,0.0,0.0,0.0,0.0,0.0,0.0,0.0,0.0,0.0,0.0,0.0,0.0,0.0,0.0,0.0,-0.0,-2.004,-2.004,-0.0,0.0,0.0,0.0,0.0,3379.0,1.5879155638041463e+29,0.0,0.0,-0.0,-0.0,2.7184274988523002e+23,0.0,0.0,0.0,0.0,0,-0.0,89220.055,0.0,0.0,0.0,0.0,0.0,0.0,0.0,0,0,0,0.0,0.0,0.0,0.0,0.0,0.0,0.0,0.0,0.0,0.0,0.0,0.0,0.0,0.0,0.0,0.0,0,-107875648.0,0,0.0,0,-107875648.0,-107877712.0,0,0,17039,26215,17053,52429,17037,0,0,0,110,100,100,0.0,64.0,0.0,64.9,-107615304.0,68.5,1,49,50,180,0,26215,0,0,0.0,0.0,0.0,0.0,-219088462807040.0,65.0,0.0,0.0,0.0,645,0,687,0,0,0,716,0,787,0,709,0,689,0,645,0,641,0,618,0.032,36962304.0,-0.0,0.0,27024,16788,-2101408.5,0.0,0.0,15183283200.0,0.0,1.613217633665024e+16,29.0,60.0,70,0.0,0.0,0.0,0.0,0.0,0.0,0.0,0.0,0.0,0.0,0.0,0.0,0.0,0.0,0.0,0.0,59.2,68,11,65509,41,65476,0,300,0,0,8,20529,65476,0,0,61604,60.0,0.0,0.0,0.0,0.0,0.0
2026-04-04T11:35:36,ERR,ERR,ERR,ERR,ERR,ERR,ERR,ERR,ERR,ERR,ERR,ERR,ERR,ERR,ERR,ERR,ERR,ERR,ERR,ERR,ERR,ERR,ERR,ERR,ERR,ERR,ERR,ERR,ERR,ERR,ERR,ERR,ERR,ERR,ERR,ERR,ERR,ERR,ERR,ERR,ERR,ERR,ERR,ERR,ERR,ERR,ERR,ERR,ERR,ERR,ERR,ERR,ERR,ERR,ERR,ERR,ERR,ERR,ERR,ERR,ERR,ERR,ERR,ERR,ERR,ERR,ERR,ERR,ERR,ERR,ERR,ERR,ERR,ERR,ERR,ERR,ERR,ERR,ERR,ERR,ERR,ERR,ERR,ERR,ERR,ERR,ERR,ERR,ERR,ERR,ERR,ERR,ERR,ERR,ERR,ERR,ERR,ERR,ERR,ERR,ERR,ERR,ERR,ERR,ERR,ERR,ERR,ERR,ERR,ERR,ERR,ERR,ERR,ERR,ERR,ERR,ERR,ERR,ERR,ERR,ERR,ERR,ERR,ERR,ERR,0.0,-0.0,-101055584.0,0.0,0.0,0.0,0.0,nan,0,0,0,32768,0,0.0,0,0.0,0.0,0.0,0.0,0.0,0,0,0,0,0.0,0,0,0,0,0,0,0,0,0,0,0,0,0,0,0,0,0,0,0,0,0,0,0,0,0,0,0,0,0,0,0,0,0,0,0,0,0,0,0,0,0,0,0,0,0.0,0.0,0.0,0.0,0.0,0.0,0.0,0.0,0.0,0.0,0.0,0.0,0.0,0.0,0.0,0.0,0.0,0.0,0.0,0.0,0.0,0.0,-0.0,-2.004,-2.004,-0.0,0.0,0.0,0.0,0.0,3379.0,1.5879155638041463e+29,0.0,0.0,-0.0,-0.0,2.7184274988523002e+23,0.0,0.0,0.0,0.0,0,-0.0,89220.055,0.0,0.0,0.0,0.0,0.0,0.0,0.0,0,0,0,0.0,0.0,0.0,0.0,0.0,0.0,0.0,0.0,0.0,0.0,0.0,0.0,0.0,0.0,0.0,0.0,0,-107875648.0,0,0.0,0,-107875648.0,-107877712.0,0,0,17039,26215,17053,52429,17037,0,0,0,110,100,100,0.0,64.0,0.0,64.9,-107615304.0,68.5,1,49,50,180,0,26215,0,0,0.0,0.0,0.0,0.0,-9.512054180344108e+20,65.0,0.0,0.0,0.0,645,0,687,0,0,0,715,0,787,0,709,0,689,0,645,0,641,0,618,0.032,36962304.0,-0.0,0.0,44048,16788,-13211992588288.0,254215.922,573.01,8027850240.0,0.0,-0.0,29.0,60.0,70,0.0,0.0,0.0,0.0,0.0,0.0,0.0,0.0,0.0,0.0,0.0,0.0,0.0,0.0,0.0,0.0,59.2,68,11,65509,41,65476,0,300,0,0,8,20529,65476,0,0,61604,60.0,0.0,0.0,0.0,0.0,0.0
2026-04-04T11:35:37,ERR,ERR,ERR,ERR,ERR,ERR,ERR,ERR,ERR,ERR,ERR,ERR,ERR,ERR,ERR,ERR,ERR,ERR,ERR,ERR,ERR,ERR,ERR,ERR,ERR,ERR,ERR,ERR,ERR,ERR,ERR,ERR,ERR,ERR,ERR,ERR,ERR,ERR,ERR,ERR,ERR,ERR,ERR,ERR,ERR,ERR,ERR,ERR,ERR,ERR,ERR,ERR,ERR,ERR,ERR,ERR,ERR,ERR,ERR,ERR,ERR,ERR,ERR,ERR,ERR,ERR,ERR,ERR,ERR,ERR,ERR,ERR,ERR,ERR,ERR,ERR,ERR,ERR,ERR,ERR,ERR,ERR,ERR,ERR,ERR,ERR,ERR,ERR,ERR,ERR,ERR,ERR,ERR,ERR,ERR,ERR,ERR,ERR,ERR,ERR,ERR,ERR,ERR,ERR,ERR,ERR,ERR,ERR,ERR,ERR,ERR,ERR,ERR,ERR,ERR,ERR,ERR,ERR,ERR,ERR,ERR,ERR,ERR,ERR,ERR,0.0,-0.0,-101055584.0,0.0,0.0,0.0,0.0,nan,0,0,0,32768,0,0.0,0,0.0,0.0,0.0,0.0,0.0,0,0,0,0,0.0,0,0,0,0,0,0,0,0,0,0,0,0,0,0,0,0,0,0,0,0,0,0,0,0,0,0,0,0,0,0,0,0,0,0,0,0,0,0,0,0,0,0,0,0,0.0,0.0,0.0,0.0,0.0,0.0,0.0,0.0,0.0,0.0,0.0,0.0,0.0,0.0,0.0,0.0,0.0,0.0,0.0,0.0,0.0,0.0,-0.0,-2.004,-2.004,-0.0,0.0,0.0,0.0,0.0,3379.0,1.5879155638041463e+29,0.0,0.0,-0.0,-0.0,2.7184274988523002e+23,0.0,0.0,0.0,0.0,0,-0.0,89220.055,0.0,0.0,0.0,0.0,0.0,0.0,0.0,0,0,0,0.0,0.0,0.0,0.0,0.0,0.0,0.0,0.0,0.0,0.0,0.0,0.0,0.0,0.0,0.0,0.0,0,-107875648.0,0,0.0,0,-107875648.0,-107877712.0,0,0,17039,26215,17053,52429,17037,0,0,0,110,100,100,0.0,64.0,0.0,64.9,-107615304.0,68.5,1,49,50,180,0,26215,0,0,0.0,0.0,0.0,0.0,-9.512054180344108e+20,65.0,0.0,0.0,0.0,645,0,687,0,0,0,715,0,787,0,709,0,689,0,645,0,641,0,618,0.032,36962304.0,-0.0,0.0,44048,16788,-13211992588288.0,254215.922,573.01,8027850240.0,0.0,-0.0,29.0,60.0,70,0.0,0.0,0.0,0.0,0.0,0.0,0.0,0.0,0.0,0.0,0.0,0.0,0.0,0.0,0.0,0.0,59.6,68,11,65509,41,65476,0,300,0,0,8,20529,65476,0,0,61604,60.0,0.0,0.0,0.0,0.0,0.0
2026-04-04T11:35:38,ERR,ERR,ERR,ERR,ERR,ERR,ERR,ERR,ERR,ERR,ERR,ERR,ERR,ERR,ERR,ERR,ERR,ERR,ERR,ERR,ERR,ERR,ERR,ERR,ERR,ERR,ERR,ERR,ERR,ERR,ERR,ERR,ERR,ERR,ERR,ERR,ERR,ERR,ERR,ERR,ERR,ERR,ERR,ERR,ERR,ERR,ERR,ERR,ERR,ERR,ERR,ERR,ERR,ERR,ERR,ERR,ERR,ERR,ERR,ERR,ERR,ERR,ERR,ERR,ERR,ERR,ERR,ERR,ERR,ERR,ERR,ERR,ERR,ERR,ERR,ERR,ERR,ERR,ERR,ERR,ERR,ERR,ERR,ERR,ERR,ERR,ERR,ERR,ERR,ERR,ERR,ERR,ERR,ERR,ERR,ERR,ERR,ERR,ERR,ERR,ERR,ERR,ERR,ERR,ERR,ERR,ERR,ERR,ERR,ERR,ERR,ERR,ERR,ERR,ERR,ERR,ERR,ERR,ERR,ERR,ERR,ERR,ERR,ERR,ERR,0.0,-0.0,-101055584.0,0.0,0.0,0.0,0.0,nan,0,0,0,32768,0,0.0,0,0.0,0.0,0.0,0.0,0.0,0,0,0,0,0.0,0,0,0,0,0,0,0,0,0,0,0,0,0,0,0,0,0,0,0,0,0,0,0,0,0,0,0,0,0,0,0,0,0,0,0,0,0,0,0,0,0,0,0,0,0.0,0.0,0.0,0.0,0.0,0.0,0.0,0.0,0.0,0.0,0.0,0.0,0.0,0.0,0.0,0.0,0.0,0.0,0.0,0.0,0.0,0.0,-0.0,-2.004,-2.004,-0.0,0.0,0.0,0.0,0.0,3379.0,1.5879155638041463e+29,0.0,0.0,-0.0,-0.0,2.7184274988523002e+23,0.0,0.0,0.0,0.0,0,-0.0,89220.055,0.0,0.0,0.0,0.0,0.0,0.0,0.0,0,0,0,0.0,0.0,0.0,0.0,0.0,0.0,0.0,0.0,0.0,0.0,0.0,0.0,0.0,0.0,0.0,0.0,0,-107875648.0,0,0.0,0,-107875648.0,-107877712.0,0,0,17039,26215,17053,52429,17037,0,0,0,110,100,100,0.0,64.0,0.0,64.9,-107615304.0,68.5,1,49,50,180,0,26215,0,0,0.0,0.0,0.0,0.0,-9.512054180344108e+20,65.0,0.0,0.0,0.0,645,0,687,0,0,0,715,0,787,0,709,0,689,0,645,0,641,0,618,0.032,36962304.0,-0.0,0.0,44048,16788,-13211992588288.0,254215.922,573.01,8027850240.0,0.0,-0.0,29.0,60.0,70,0.0,0.0,0.0,0.0,0.0,0.0,0.0,0.0,0.0,0.0,0.0,0.0,0.0,0.0,0.0,0.0,59.6,68,11,65509,41,65476,0,300,0,0,8,20529,65476,0,0,61604,60.0,0.0,0.0,0.0,0.0,0.0
2026-04-04T11:35:39,ERR,ERR,ERR,ERR,ERR,ERR,ERR,ERR,ERR,ERR,ERR,ERR,ERR,ERR,ERR,ERR,ERR,ERR,ERR,ERR,ERR,ERR,ERR,ERR,ERR,ERR,ERR,ERR,ERR,ERR,ERR,ERR,ERR,ERR,ERR,ERR,ERR,ERR,ERR,ERR,ERR,ERR,ERR,ERR,ERR,ERR,ERR,ERR,ERR,ERR,ERR,ERR,ERR,ERR,ERR,ERR,ERR,ERR,ERR,ERR,ERR,ERR,ERR,ERR,ERR,ERR,ERR,ERR,ERR,ERR,ERR,ERR,ERR,ERR,ERR,ERR,ERR,ERR,ERR,ERR,ERR,ERR,ERR,ERR,ERR,ERR,ERR,ERR,ERR,ERR,ERR,ERR,ERR,ERR,ERR,ERR,ERR,ERR,ERR,ERR,ERR,ERR,ERR,ERR,ERR,ERR,ERR,ERR,ERR,ERR,ERR,ERR,ERR,ERR,ERR,ERR,ERR,ERR,ERR,ERR,ERR,ERR,ERR,ERR,ERR,0.0,-0.0,-101055584.0,0.0,0.0,0.0,0.0,nan,0,0,0,32768,0,0.0,0,0.0,0.0,0.0,0.0,0.0,0,0,0,0,0.0,0,0,0,0,0,0,0,0,0,0,0,0,0,0,0,0,0,0,0,0,0,0,0,0,0,0,0,0,0,0,0,0,0,0,0,0,0,0,0,0,0,0,0,0,0.0,0.0,0.0,0.0,0.0,0.0,0.0,0.0,0.0,0.0,0.0,0.0,0.0,0.0,0.0,0.0,0.0,0.0,0.0,0.0,0.0,0.0,-0.0,-2.004,-2.004,-0.0,0.0,0.0,0.0,0.0,3379.0,1.5879155638041463e+29,0.0,0.0,-0.0,-0.0,2.7184274988523002e+23,0.0,0.0,0.0,0.0,0,-0.0,89220.055,0.0,0.0,0.0,0.0,0.0,0.0,0.0,0,0,0,0.0,0.0,0.0,0.0,0.0,0.0,0.0,0.0,0.0,0.0,0.0,0.0,0.0,0.0,0.0,0.0,0,-107875648.0,0,0.0,0,-107875648.0,-107877712.0,0,0,17039,26215,17053,52429,17037,0,0,0,110,100,100,0.0,64.0,0.0,64.9,-107615304.0,68.5,1,49,50,180,0,26215,0,0,0.0,0.0,0.0,0.0,-9.512054180344108e+20,65.0,0.0,0.0,0.0,645,0,687,0,0,0,715,0,787,0,709,0,689,0,645,0,641,0,618,0.032,36962304.0,-0.0,0.0,44048,16788,-13211992588288.0,254215.922,573.01,8027850240.0,0.0,-0.0,29.0,60.0,70,0.0,0.0,0.0,0.0,0.0,0.0,0.0,0.0,0.0,0.0,0.0,0.0,0.0,0.0,0.0,0.0,59.6,68,11,65509,41,65476,0,300,0,0,8,20529,65476,0,0,61604,60.0,0.0,0.0,0.0,0.0,0.0
2026-04-04T11:35:40,ERR,ERR,ERR,ERR,ERR,ERR,ERR,ERR,ERR,ERR,ERR,ERR,ERR,ERR,ERR,ERR,ERR,ERR,ERR,ERR,ERR,ERR,ERR,ERR,ERR,ERR,ERR,ERR,ERR,ERR,ERR,ERR,ERR,ERR,ERR,ERR,ERR,ERR,ERR,ERR,ERR,ERR,ERR,ERR,ERR,ERR,ERR,ERR,ERR,ERR,ERR,ERR,ERR,ERR,ERR,ERR,ERR,ERR,ERR,ERR,ERR,ERR,ERR,ERR,ERR,ERR,ERR,ERR,ERR,ERR,ERR,ERR,ERR,ERR,ERR,ERR,ERR,ERR,ERR,ERR,ERR,ERR,ERR,ERR,ERR,ERR,ERR,ERR,ERR,ERR,ERR,ERR,ERR,ERR,ERR,ERR,ERR,ERR,ERR,ERR,ERR,ERR,ERR,ERR,ERR,ERR,ERR,ERR,ERR,ERR,ERR,ERR,ERR,ERR,ERR,ERR,ERR,ERR,ERR,ERR,ERR,ERR,ERR,ERR,ERR,0.0,-0.0,-101055584.0,0.0,0.0,0.0,0.0,nan,0,0,0,32768,0,0.0,0,0.0,0.0,0.0,0.0,0.0,0,0,0,0,0.0,0,0,0,0,0,0,0,0,0,0,0,0,0,0,0,0,0,0,0,0,0,0,0,0,0,0,0,0,0,0,0,0,0,0,0,0,0,0,0,0,0,0,0,0,0.0,0.0,0.0,0.0,0.0,0.0,0.0,0.0,0.0,0.0,0.0,0.0,0.0,0.0,0.0,0.0,0.0,0.0,0.0,0.0,0.0,0.0,-0.0,-2.004,-2.004,-0.0,0.0,0.0,0.0,0.0,3379.0,1.5879155638041463e+29,0.0,0.0,-0.0,-0.0,2.7184274988523002e+23,0.0,0.0,0.0,0.0,0,-0.0,89220.055,0.0,0.0,0.0,0.0,0.0,0.0,0.0,0,0,0,0.0,0.0,0.0,0.0,0.0,0.0,0.0,0.0,0.0,0.0,0.0,0.0,0.0,0.0,0.0,0.0,0,-107875648.0,0,0.0,0,-107875648.0,-107877712.0,0,0,17039,26215,17053,52429,17037,0,0,0,110,100,100,0.0,64.0,0.0,64.9,-107615304.0,68.5,1,49,50,180,0,26215,0,0,0.0,0.0,0.0,0.0,-9.512054180344108e+20,65.0,0.0,0.0,0.0,645,0,687,0,0,0,715,0,787,0,709,0,689,0,645,0,641,0,618,0.032,36962304.0,-0.0,0.0,44048,16788,-13211992588288.0,254215.922,573.01,8027850240.0,0.0,-0.0,29.0,60.0,70,0.0,0.0,0.0,0.0,0.0,0.0,0.0,0.0,0.0,0.0,0.0,0.0,0.0,0.0,0.0,0.0,59.2,68,11,65509,41,65476,0,300,0,0,8,20529,65476,0,0,61604,60.0,0.0,0.0,0.0,0.0,0.0
2026-04-04T11:35:41,ERR,ERR,ERR,ERR,ERR,ERR,ERR,ERR,ERR,ERR,ERR,ERR,ERR,ERR,ERR,ERR,ERR,ERR,ERR,ERR,ERR,ERR,ERR,ERR,ERR,ERR,ERR,ERR,ERR,ERR,ERR,ERR,ERR,ERR,ERR,ERR,ERR,ERR,ERR,ERR,ERR,ERR,ERR,ERR,ERR,ERR,ERR,ERR,ERR,ERR,ERR,ERR,ERR,ERR,ERR,ERR,ERR,ERR,ERR,ERR,ERR,ERR,ERR,ERR,ERR,ERR,ERR,ERR,ERR,ERR,ERR,ERR,ERR,ERR,ERR,ERR,ERR,ERR,ERR,ERR,ERR,ERR,ERR,ERR,ERR,ERR,ERR,ERR,ERR,ERR,ERR,ERR,ERR,ERR,ERR,ERR,ERR,ERR,ERR,ERR,ERR,ERR,ERR,ERR,ERR,ERR,ERR,ERR,ERR,ERR,ERR,ERR,ERR,ERR,ERR,ERR,ERR,ERR,ERR,ERR,ERR,ERR,ERR,ERR,ERR,0.0,-0.0,-101055584.0,0.0,0.0,0.0,0.0,nan,0,0,0,32768,0,0.0,0,0.0,0.0,0.0,0.0,0.0,0,0,0,0,0.0,0,0,0,0,0,0,0,0,0,0,0,0,0,0,0,0,0,0,0,0,0,0,0,0,0,0,0,0,0,0,0,0,0,0,0,0,0,0,0,0,0,0,0,0,0.0,0.0,0.0,0.0,0.0,0.0,0.0,0.0,0.0,0.0,0.0,0.0,0.0,0.0,0.0,0.0,0.0,0.0,0.0,0.0,0.0,0.0,-0.0,-2.004,-2.004,-0.0,0.0,0.0,0.0,0.0,3379.0,1.5879155638041463e+29,0.0,0.0,-0.0,-0.0,2.7184274988523002e+23,0.0,0.0,0.0,0.0,0,-0.0,89220.055,0.0,0.0,0.0,0.0,0.0,0.0,0.0,0,0,0,0.0,0.0,0.0,0.0,0.0,0.0,0.0,0.0,0.0,0.0,0.0,0.0,0.0,0.0,0.0,0.0,0,-107875648.0,0,0.0,0,-107875648.0,-107877712.0,0,0,17039,26215,17053,52429,17037,0,0,0,110,100,100,0.0,64.0,0.0,64.9,-107615304.0,68.5,1,49,50,180,0,26215,0,0,0.0,0.0,0.0,0.0,-9.512054180344108e+20,65.0,0.0,0.0,0.0,645,0,687,0,0,0,715,0,787,0,709,0,689,0,645,0,641,0,618,0.032,36962304.0,-0.0,0.0,44048,16788,-13211992588288.0,254215.922,573.01,8027850240.0,0.0,-0.0,29.0,60.0,70,0.0,0.0,0.0,0.0,0.0,0.0,0.0,0.0,0.0,0.0,0.0,0.0,0.0,0.0,0.0,0.0,59.2,68,11,65509,41,65476,0,300,0,0,8,20529,65476,0,0,61604,60.0,0.0,0.0,0.0,0.0,0.0
2026-04-04T11:35:42,ERR,ERR,ERR,ERR,ERR,ERR,ERR,ERR,ERR,ERR,ERR,ERR,ERR,ERR,ERR,ERR,ERR,ERR,ERR,ERR,ERR,ERR,ERR,ERR,ERR,ERR,ERR,ERR,ERR,ERR,ERR,ERR,ERR,ERR,ERR,ERR,ERR,ERR,ERR,ERR,ERR,ERR,ERR,ERR,ERR,ERR,ERR,ERR,ERR,ERR,ERR,ERR,ERR,ERR,ERR,ERR,ERR,ERR,ERR,ERR,ERR,ERR,ERR,ERR,ERR,ERR,ERR,ERR,ERR,ERR,ERR,ERR,ERR,ERR,ERR,ERR,ERR,ERR,ERR,ERR,ERR,ERR,ERR,ERR,ERR,ERR,ERR,ERR,ERR,ERR,ERR,ERR,ERR,ERR,ERR,ERR,ERR,ERR,ERR,ERR,ERR,ERR,ERR,ERR,ERR,ERR,ERR,ERR,ERR,ERR,ERR,ERR,ERR,ERR,ERR,ERR,ERR,ERR,ERR,ERR,ERR,ERR,ERR,ERR,ERR,0.0,-0.0,-101055584.0,0.0,0.0,0.0,0.0,nan,0,0,0,32768,0,0.0,0,0.0,0.0,0.0,0.0,0.0,0,0,0,0,0.0,0,0,0,0,0,0,0,0,0,0,0,0,0,0,0,0,0,0,0,0,0,0,0,0,0,0,0,0,0,0,0,0,0,0,0,0,0,0,0,0,0,0,0,0,0.0,0.0,0.0,0.0,0.0,0.0,0.0,0.0,0.0,0.0,0.0,0.0,0.0,0.0,0.0,0.0,0.0,0.0,0.0,0.0,0.0,0.0,-0.0,-2.004,-2.004,-0.0,0.0,0.0,0.0,0.0,3379.5,3.697154027885167e+19,0.0,0.0,-0.0,-0.0,2.7184274988523002e+23,0.0,0.0,0.0,0.0,0,-0.0,89220.055,0.0,0.0,0.0,0.0,0.0,0.0,0.0,0,0,0,0.0,0.0,0.0,0.0,0.0,0.0,0.0,0.0,0.0,0.0,0.0,0.0,0.0,0.0,0.0,0.0,0,-107875648.0,0,0.0,0,-107875648.0,-107877712.0,0,0,17039,26215,17053,39322,17037,0,0,0,110,100,100,0.0,64.0,0.0,64.9,-107615304.0,68.5,1,49,50,180,0,26215,0,0,0.0,0.0,0.0,0.0,-1.4426857277478777e+33,65.0,0.0,0.01,0.0,645,0,687,0,0,0,715,0,787,0,709,0,689,0,645,0,641,0,618,0.032,36962304.0,-0.0,0.0,48656,16788,-2.1711562851757102e+35,0.0,-0.0,-6.953619794190918e+23,4.2475094714344905e+21,-3540.032,29.0,60.0,70,0.0,0.0,0.0,0.0,0.0,0.0,0.0,0.0,0.0,0.0,0.0,0.0,0.0,0.0,0.0,0.0,59.2,68,11,65509,41,65476,0,300,0,0,8,20529,65476,0,0,61604,60.0,0.0,0.0,0.0,0.0,0.0
2026-04-04T11:35:43,ERR,ERR,ERR,ERR,ERR,ERR,ERR,ERR,ERR,ERR,ERR,ERR,ERR,ERR,ERR,ERR,ERR,ERR,ERR,ERR,ERR,ERR,ERR,ERR,ERR,ERR,ERR,ERR,ERR,ERR,ERR,ERR,ERR,ERR,ERR,ERR,ERR,ERR,ERR,ERR,ERR,ERR,ERR,ERR,ERR,ERR,ERR,ERR,ERR,ERR,ERR,ERR,ERR,ERR,ERR,ERR,ERR,ERR,ERR,ERR,ERR,ERR,ERR,ERR,ERR,ERR,ERR,ERR,ERR,ERR,ERR,ERR,ERR,ERR,ERR,ERR,ERR,ERR,ERR,ERR,ERR,ERR,ERR,ERR,ERR,ERR,ERR,ERR,ERR,ERR,ERR,ERR,ERR,ERR,ERR,ERR,ERR,ERR,ERR,ERR,ERR,ERR,ERR,ERR,ERR,ERR,ERR,ERR,ERR,ERR,ERR,ERR,ERR,ERR,ERR,ERR,ERR,ERR,ERR,ERR,ERR,ERR,ERR,ERR,ERR,0.0,-0.0,-101055584.0,0.0,0.0,0.0,0.0,nan,0,0,0,32768,0,0.0,0,0.0,0.0,0.0,0.0,0.0,0,0,0,0,0.0,0,0,0,0,0,0,0,0,0,0,0,0,0,0,0,0,0,0,0,0,0,0,0,0,0,0,0,0,0,0,0,0,0,0,0,0,0,0,0,0,0,0,0,0,0.0,0.0,0.0,0.0,0.0,0.0,0.0,0.0,0.0,0.0,0.0,0.0,0.0,0.0,0.0,0.0,0.0,0.0,0.0,0.0,0.0,0.0,-0.0,-2.004,-2.004,-0.0,0.0,0.0,0.0,0.0,3379.5,3.697154027885167e+19,0.0,0.0,-0.0,-0.0,2.7184274988523002e+23,0.0,0.0,0.0,0.0,0,-0.0,89220.055,0.0,0.0,0.0,0.0,0.0,0.0,0.0,0,0,0,0.0,0.0,0.0,0.0,0.0,0.0,0.0,0.0,0.0,0.0,0.0,0.0,0.0,0.0,0.0,0.0,0,-107875648.0,0,0.0,0,-107875648.0,-107877712.0,0,0,17039,26215,17053,39322,17037,0,0,0,110,100,100,0.0,64.0,0.0,64.9,-107615304.0,68.5,1,49,50,180,0,26215,0,0,0.0,0.0,0.0,0.0,-1.4426857277478777e+33,65.0,0.0,0.01,0.0,645,0,687,0,0,0,715,0,787,0,709,0,689,0,645,0,641,0,618,0.032,36962304.0,-0.0,0.0,48656,16788,-2.1711562851757102e+35,0.0,-0.0,-6.953619794190918e+23,4.2475094714344905e+21,-3540.032,29.0,60.0,70,0.0,0.0,0.0,0.0,0.0,0.0,0.0,0.0,0.0,0.0,0.0,0.0,0.0,0.0,0.0,0.0,59.2,68,11,65509,41,65476,0,300,0,0,8,20529,65476,0,0,61604,60.0,0.0,0.0,0.0,0.0,0.0
2026-04-04T11:35:44,ERR,ERR,ERR,ERR,ERR,ERR,ERR,ERR,ERR,ERR,ERR,ERR,ERR,ERR,ERR,ERR,ERR,ERR,ERR,ERR,ERR,ERR,ERR,ERR,ERR,ERR,ERR,ERR,ERR,ERR,ERR,ERR,ERR,ERR,ERR,ERR,ERR,ERR,ERR,ERR,ERR,ERR,ERR,ERR,ERR,ERR,ERR,ERR,ERR,ERR,ERR,ERR,ERR,ERR,ERR,ERR,ERR,ERR,ERR,ERR,ERR,ERR,ERR,ERR,ERR,ERR,ERR,ERR,ERR,ERR,ERR,ERR,ERR,ERR,ERR,ERR,ERR,ERR,ERR,ERR,ERR,ERR,ERR,ERR,ERR,ERR,ERR,ERR,ERR,ERR,ERR,ERR,ERR,ERR,ERR,ERR,ERR,ERR,ERR,ERR,ERR,ERR,ERR,ERR,ERR,ERR,ERR,ERR,ERR,ERR,ERR,ERR,ERR,ERR,ERR,ERR,ERR,ERR,ERR,ERR,ERR,ERR,ERR,ERR,ERR,0.0,-0.0,-101055584.0,0.0,0.0,0.0,0.0,nan,0,0,0,32768,0,0.0,0,0.0,0.0,0.0,0.0,0.0,0,0,0,0,0.0,0,0,0,0,0,0,0,0,0,0,0,0,0,0,0,0,0,0,0,0,0,0,0,0,0,0,0,0,0,0,0,0,0,0,0,0,0,0,0,0,0,0,0,0,0.0,0.0,0.0,0.0,0.0,0.0,0.0,0.0,0.0,0.0,0.0,0.0,0.0,0.0,0.0,0.0,0.0,0.0,0.0,0.0,0.0,0.0,-0.0,-2.004,-2.004,-0.0,0.0,0.0,0.0,0.0,3379.5,3.697154027885167e+19,0.0,0.0,-0.0,-0.0,2.7184274988523002e+23,0.0,0.0,0.0,0.0,0,-0.0,89220.055,0.0,0.0,0.0,0.0,0.0,0.0,0.0,0,0,0,0.0,0.0,0.0,0.0,0.0,0.0,0.0,0.0,0.0,0.0,0.0,0.0,0.0,0.0,0.0,0.0,0,-107875648.0,0,0.0,0,-107875648.0,-107877712.0,0,0,17039,26215,17053,39322,17037,0,0,0,110,100,100,0.0,64.0,0.0,64.9,-107615304.0,68.5,1,49,50,180,0,26215,0,0,0.0,0.0,0.0,0.0,-1.4426857277478777e+33,65.0,0.0,0.01,0.0,645,0,687,0,0,0,715,0,787,0,709,0,689,0,645,0,641,0,618,0.032,36962304.0,-0.0,0.0,48656,16788,-2.1711562851757102e+35,0.0,-0.0,-6.953619794190918e+23,4.2475094714344905e+21,-3540.032,29.0,60.0,70,0.0,0.0,0.0,0.0,0.0,0.0,0.0,0.0,0.0,0.0,0.0,0.0,0.0,0.0,0.0,0.0,59.2,68,11,65509,41,65476,0,300,0,0,8,20529,65476,0,0,61604,60.0,0.0,0.0,0.0,0.0,0.0
2026-04-04T11:35:45,ERR,ERR,ERR,ERR,ERR,ERR,ERR,ERR,ERR,ERR,ERR,ERR,ERR,ERR,ERR,ERR,ERR,ERR,ERR,ERR,ERR,ERR,ERR,ERR,ERR,ERR,ERR,ERR,ERR,ERR,ERR,ERR,ERR,ERR,ERR,ERR,ERR,ERR,ERR,ERR,ERR,ERR,ERR,ERR,ERR,ERR,ERR,ERR,ERR,ERR,ERR,ERR,ERR,ERR,ERR,ERR,ERR,ERR,ERR,ERR,ERR,ERR,ERR,ERR,ERR,ERR,ERR,ERR,ERR,ERR,ERR,ERR,ERR,ERR,ERR,ERR,ERR,ERR,ERR,ERR,ERR,ERR,ERR,ERR,ERR,ERR,ERR,ERR,ERR,ERR,ERR,ERR,ERR,ERR,ERR,ERR,ERR,ERR,ERR,ERR,ERR,ERR,ERR,ERR,ERR,ERR,ERR,ERR,ERR,ERR,ERR,ERR,ERR,ERR,ERR,ERR,ERR,ERR,ERR,ERR,ERR,ERR,ERR,ERR,ERR,0.0,-0.0,-101055584.0,0.0,0.0,0.0,0.0,nan,0,0,0,32768,0,0.0,0,0.0,0.0,0.0,0.0,0.0,0,0,0,0,0.0,0,0,0,0,0,0,0,0,0,0,0,0,0,0,0,0,0,0,0,0,0,0,0,0,0,0,0,0,0,0,0,0,0,0,0,0,0,0,0,0,0,0,0,0,0.0,0.0,0.0,0.0,0.0,0.0,0.0,0.0,0.0,0.0,0.0,0.0,0.0,0.0,0.0,0.0,0.0,0.0,0.0,0.0,0.0,0.0,-0.0,-2.004,-2.004,-0.0,0.0,0.0,0.0,0.0,3379.5,3.697154027885167e+19,0.0,0.0,-0.0,-0.0,2.7184274988523002e+23,0.0,0.0,0.0,0.0,0,-0.0,89220.055,0.0,0.0,0.0,0.0,0.0,0.0,0.0,0,0,0,0.0,0.0,0.0,0.0,0.0,0.0,0.0,0.0,0.0,0.0,0.0,0.0,0.0,0.0,0.0,0.0,0,-107875648.0,0,0.0,0,-107875648.0,-107877712.0,0,0,17039,26215,17053,39322,17037,0,0,0,110,100,100,0.0,64.0,0.0,64.9,-107615304.0,68.5,1,49,50,180,0,26215,0,0,0.0,0.0,0.0,0.0,-1.4426857277478777e+33,65.0,0.0,0.01,0.0,645,0,687,0,0,0,715,0,787,0,709,0,689,0,645,0,641,0,618,0.032,36962304.0,-0.0,0.0,48656,16788,-2.1711562851757102e+35,0.0,-0.0,-6.953619794190918e+23,4.2475094714344905e+21,-3540.032,29.0,60.0,70,0.0,0.0,0.0,0.0,0.0,0.0,0.0,0.0,0.0,0.0,0.0,0.0,0.0,0.0,0.0,0.0,59.2,68,11,65509,41,65476,0,300,0,0,8,20529,65476,0,0,61604,60.0,0.0,0.0,0.0,0.0,0.0
2026-04-04T11:35:46,ERR,ERR,ERR,ERR,ERR,ERR,ERR,ERR,ERR,ERR,ERR,ERR,ERR,ERR,ERR,ERR,ERR,ERR,ERR,ERR,ERR,ERR,ERR,ERR,ERR,ERR,ERR,ERR,ERR,ERR,ERR,ERR,ERR,ERR,ERR,ERR,ERR,ERR,ERR,ERR,ERR,ERR,ERR,ERR,ERR,ERR,ERR,ERR,ERR,ERR,ERR,ERR,ERR,ERR,ERR,ERR,ERR,ERR,ERR,ERR,ERR,ERR,ERR,ERR,ERR,ERR,ERR,ERR,ERR,ERR,ERR,ERR,ERR,ERR,ERR,ERR,ERR,ERR,ERR,ERR,ERR,ERR,ERR,ERR,ERR,ERR,ERR,ERR,ERR,ERR,ERR,ERR,ERR,ERR,ERR,ERR,ERR,ERR,ERR,ERR,ERR,ERR,ERR,ERR,ERR,ERR,ERR,ERR,ERR,ERR,ERR,ERR,ERR,ERR,ERR,ERR,ERR,ERR,ERR,ERR,ERR,ERR,ERR,ERR,ERR,0.0,-0.0,-101055584.0,0.0,0.0,0.0,0.0,nan,0,0,0,32768,0,0.0,0,0.0,0.0,0.0,0.0,0.0,0,0,0,0,0.0,0,0,0,0,0,0,0,0,0,0,0,0,0,0,0,0,0,0,0,0,0,0,0,0,0,0,0,0,0,0,0,0,0,0,0,0,0,0,0,0,0,0,0,0,0.0,0.0,0.0,0.0,0.0,0.0,0.0,0.0,0.0,0.0,0.0,0.0,0.0,0.0,0.0,0.0,0.0,0.0,0.0,0.0,0.0,0.0,-0.0,-2.004,-2.004,-0.0,0.0,0.0,0.0,0.0,3379.5,3.697154027885167e+19,0.0,0.0,-0.0,-0.0,2.7184274988523002e+23,0.0,0.0,0.0,0.0,0,-0.0,89220.055,0.0,0.0,0.0,0.0,0.0,0.0,0.0,0,0,0,0.0,0.0,0.0,0.0,0.0,0.0,0.0,0.0,0.0,0.0,0.0,0.0,0.0,0.0,0.0,0.0,0,-107875648.0,0,0.0,0,-107875648.0,-107877712.0,0,0,17039,26215,17053,39322,17037,0,0,0,110,100,100,0.0,64.0,0.0,64.9,-107615304.0,68.5,1,49,50,180,0,26215,0,0,0.0,0.0,0.0,0.0,-1.4426857277478777e+33,65.0,0.0,0.01,0.0,645,0,687,0,0,0,715,0,787,0,709,0,689,0,645,0,641,0,618,0.032,36962304.0,-0.0,0.0,48656,16788,-2.1711562851757102e+35,0.0,-0.0,-6.953619794190918e+23,4.2475094714344905e+21,-3540.032,29.0,60.0,70,0.0,0.0,0.0,0.0,0.0,0.0,0.0,0.0,0.0,0.0,0.0,0.0,0.0,0.0,0.0,0.0,59.2,68,11,65509,41,65476,0,300,0,0,8,20529,65476,0,0,61604,60.0,0.0,0.0,0.0,0.0,0.0
2026-04-04T11:35:47,ERR,ERR,ERR,ERR,ERR,ERR,ERR,ERR,ERR,ERR,ERR,ERR,ERR,ERR,ERR,ERR,ERR,ERR,ERR,ERR,ERR,ERR,ERR,ERR,ERR,ERR,ERR,ERR,ERR,ERR,ERR,ERR,ERR,ERR,ERR,ERR,ERR,ERR,ERR,ERR,ERR,ERR,ERR,ERR,ERR,ERR,ERR,ERR,ERR,ERR,ERR,ERR,ERR,ERR,ERR,ERR,ERR,ERR,ERR,ERR,ERR,ERR,ERR,ERR,ERR,ERR,ERR,ERR,ERR,ERR,ERR,ERR,ERR,ERR,ERR,ERR,ERR,ERR,ERR,ERR,ERR,ERR,ERR,ERR,ERR,ERR,ERR,ERR,ERR,ERR,ERR,ERR,ERR,ERR,ERR,ERR,ERR,ERR,ERR,ERR,ERR,ERR,ERR,ERR,ERR,ERR,ERR,ERR,ERR,ERR,ERR,ERR,ERR,ERR,ERR,ERR,ERR,ERR,ERR,ERR,ERR,ERR,ERR,ERR,ERR,0.0,-0.0,-101055584.0,0.0,0.0,0.0,0.0,nan,0,0,0,32768,0,0.0,0,0.0,0.0,0.0,0.0,0.0,0,0,0,0,0.0,0,0,0,0,0,0,0,0,0,0,0,0,0,0,0,0,0,0,0,0,0,0,0,0,0,0,0,0,0,0,0,0,0,0,0,0,0,0,0,0,0,0,0,0,0.0,0.0,0.0,0.0,0.0,0.0,0.0,0.0,0.0,0.0,0.0,0.0,0.0,0.0,0.0,0.0,0.0,0.0,0.0,0.0,0.0,0.0,-0.0,-2.004,-2.004,-0.0,0.0,0.0,0.0,0.0,3379.5,3.697154027885167e+19,0.0,0.0,-0.0,-0.0,2.7184274988523002e+23,0.0,0.0,0.0,0.0,0,-0.0,89220.055,0.0,0.0,0.0,0.0,0.0,0.0,0.0,0,0,0,0.0,0.0,0.0,0.0,0.0,0.0,0.0,0.0,0.0,0.0,0.0,0.0,0.0,0.0,0.0,0.0,0,-107875648.0,0,0.0,0,-107875648.0,-107877712.0,0,0,17039,26215,17053,39322,17037,0,0,0,110,100,100,0.0,64.0,0.0,64.9,-107615304.0,68.5,1,49,50,180,0,26215,0,0,0.0,0.0,0.0,0.0,-1.4426857277478777e+33,65.0,0.0,0.01,0.0,645,0,687,0,0,0,715,0,787,0,709,0,689,0,645,0,641,0,618,0.032,36962304.0,-0.0,0.0,48656,16788,-2.1711562851757102e+35,0.0,-0.0,-6.953619794190918e+23,4.2475094714344905e+21,-3540.032,29.0,60.0,70,0.0,0.0,0.0,0.0,0.0,0.0,0.0,0.0,0.0,0.0,0.0,0.0,0.0,0.0,0.0,0.0,59.2,68,11,65509,41,65476,0,300,0,0,8,20529,65476,0,0,61604,60.0,0.0,0.0,0.0,0.0,0.0
2026-04-04T11:35:48,ERR,ERR,ERR,ERR,ERR,ERR,ERR,ERR,ERR,ERR,ERR,ERR,ERR,ERR,ERR,ERR,ERR,ERR,ERR,ERR,ERR,ERR,ERR,ERR,ERR,ERR,ERR,ERR,ERR,ERR,ERR,ERR,ERR,ERR,ERR,ERR,ERR,ERR,ERR,ERR,ERR,ERR,ERR,ERR,ERR,ERR,ERR,ERR,ERR,ERR,ERR,ERR,ERR,ERR,ERR,ERR,ERR,ERR,ERR,ERR,ERR,ERR,ERR,ERR,ERR,ERR,ERR,ERR,ERR,ERR,ERR,ERR,ERR,ERR,ERR,ERR,ERR,ERR,ERR,ERR,ERR,ERR,ERR,ERR,ERR,ERR,ERR,ERR,ERR,ERR,ERR,ERR,ERR,ERR,ERR,ERR,ERR,ERR,ERR,ERR,ERR,ERR,ERR,ERR,ERR,ERR,ERR,ERR,ERR,ERR,ERR,ERR,ERR,ERR,ERR,ERR,ERR,ERR,ERR,ERR,ERR,ERR,ERR,ERR,ERR,0.0,-0.0,-101055584.0,0.0,0.0,0.0,0.0,nan,0,0,0,32768,0,0.0,0,0.0,0.0,0.0,0.0,0.0,0,0,0,0,0.0,0,0,0,0,0,0,0,0,0,0,0,0,0,0,0,0,0,0,0,0,0,0,0,0,0,0,0,0,0,0,0,0,0,0,0,0,0,0,0,0,0,0,0,0,0.0,0.0,0.0,0.0,0.0,0.0,0.0,0.0,0.0,0.0,0.0,0.0,0.0,0.0,0.0,0.0,0.0,0.0,0.0,0.0,0.0,0.0,-0.0,-2.004,-2.004,-0.0,0.0,0.0,0.0,0.0,3379.5,3.697154027885167e+19,0.0,0.0,-0.0,-0.0,2.7184274988523002e+23,0.0,0.0,0.0,0.0,0,-0.0,89220.055,0.0,0.0,0.0,0.0,0.0,0.0,0.0,0,0,0,0.0,0.0,0.0,0.0,0.0,0.0,0.0,0.0,0.0,0.0,0.0,0.0,0.0,0.0,0.0,0.0,0,-107875648.0,0,0.0,0,-107875648.0,-107877712.0,0,0,17039,26215,17053,39322,17037,0,0,0,110,100,100,0.0,64.0,0.0,64.9,-107615304.0,68.5,1,49,50,180,0,26215,0,0,0.0,0.0,0.0,0.0,-7.821900926848939e+32,65.0,0.0,-1.8165043844959933e+26,0.0,645,0,687,0,0,0,715,0,787,0,708,0,689,0,645,0,641,0,618,0.032,36962304.0,-0.0,0.0,56976,16788,-2.2850643877715743e+32,-2.0903136523643747e+38,1.2259446704048831e+25,0.0,2576514.25,-0.0,29.0,60.0,70,0.0,0.0,0.0,0.0,0.0,0.0,0.0,0.0,0.0,0.0,0.0,0.0,0.0,0.0,0.0,0.0,59.2,68,11,65509,41,65476,0,300,0,0,8,20529,65476,0,0,61604,60.0,0.0,0.0,0.0,0.0,0.0
2026-04-04T11:35:49,ERR,ERR,ERR,ERR,ERR,ERR,ERR,ERR,ERR,ERR,ERR,ERR,ERR,ERR,ERR,ERR,ERR,ERR,ERR,ERR,ERR,ERR,ERR,ERR,ERR,ERR,ERR,ERR,ERR,ERR,ERR,ERR,ERR,ERR,ERR,ERR,ERR,ERR,ERR,ERR,ERR,ERR,ERR,ERR,ERR,ERR,ERR,ERR,ERR,ERR,ERR,ERR,ERR,ERR,ERR,ERR,ERR,ERR,ERR,ERR,ERR,ERR,ERR,ERR,ERR,ERR,ERR,ERR,ERR,ERR,ERR,ERR,ERR,ERR,ERR,ERR,ERR,ERR,ERR,ERR,ERR,ERR,ERR,ERR,ERR,ERR,ERR,ERR,ERR,ERR,ERR,ERR,ERR,ERR,ERR,ERR,ERR,ERR,ERR,ERR,ERR,ERR,ERR,ERR,ERR,ERR,ERR,ERR,ERR,ERR,ERR,ERR,ERR,ERR,ERR,ERR,ERR,ERR,ERR,ERR,ERR,ERR,ERR,ERR,ERR,0.0,-0.0,-101055584.0,0.0,0.0,0.0,0.0,nan,0,0,0,32768,0,0.0,0,0.0,0.0,0.0,0.0,0.0,0,0,0,0,0.0,0,0,0,0,0,0,0,0,0,0,0,0,0,0,0,0,0,0,0,0,0,0,0,0,0,0,0,0,0,0,0,0,0,0,0,0,0,0,0,0,0,0,0,0,0.0,0.0,0.0,0.0,0.0,0.0,0.0,0.0,0.0,0.0,0.0,0.0,0.0,0.0,0.0,0.0,0.0,0.0,0.0,0.0,0.0,0.0,-0.0,-2.004,-2.004,-0.0,0.0,0.0,0.0,0.0,3379.5,3.697154027885167e+19,0.0,0.0,-0.0,-0.0,2.7184274988523002e+23,0.0,0.0,0.0,0.0,0,-0.0,89220.055,0.0,0.0,0.0,0.0,0.0,0.0,0.0,0,0,0,0.0,0.0,0.0,0.0,0.0,0.0,0.0,0.0,0.0,0.0,0.0,0.0,0.0,0.0,0.0,0.0,0,-107875648.0,0,0.0,0,-107875648.0,-107877712.0,0,0,17039,26215,17053,39322,17037,0,0,0,110,100,100,0.0,64.0,0.0,64.9,-107615304.0,68.5,1,49,50,180,0,26215,0,0,0.0,0.0,0.0,0.0,-7.821900926848939e+32,65.0,0.0,-1.8165043844959933e+26,0.0,645,0,687,0,0,0,715,0,787,0,708,0,689,0,645,0,641,0,618,0.032,36962304.0,-0.0,0.0,56976,16788,-2.2850643877715743e+32,-2.0903136523643747e+38,1.2259446704048831e+25,0.0,2576514.25,-0.0,29.0,60.0,70,0.0,0.0,0.0,0.0,0.0,0.0,0.0,0.0,0.0,0.0,0.0,0.0,0.0,0.0,0.0,0.0,59.2,68,11,65509,41,65476,0,300,0,0,8,20529,65476,0,0,61604,60.0,0.0,0.0,0.0,0.0,0.0
2026-04-04T11:35:50,ERR,ERR,ERR,ERR,ERR,ERR,ERR,ERR,ERR,ERR,ERR,ERR,ERR,ERR,ERR,ERR,ERR,ERR,ERR,ERR,ERR,ERR,ERR,ERR,ERR,ERR,ERR,ERR,ERR,ERR,ERR,ERR,ERR,ERR,ERR,ERR,ERR,ERR,ERR,ERR,ERR,ERR,ERR,ERR,ERR,ERR,ERR,ERR,ERR,ERR,ERR,ERR,ERR,ERR,ERR,ERR,ERR,ERR,ERR,ERR,ERR,ERR,ERR,ERR,ERR,ERR,ERR,ERR,ERR,ERR,ERR,ERR,ERR,ERR,ERR,ERR,ERR,ERR,ERR,ERR,ERR,ERR,ERR,ERR,ERR,ERR,ERR,ERR,ERR,ERR,ERR,ERR,ERR,ERR,ERR,ERR,ERR,ERR,ERR,ERR,ERR,ERR,ERR,ERR,ERR,ERR,ERR,ERR,ERR,ERR,ERR,ERR,ERR,ERR,ERR,ERR,ERR,ERR,ERR,ERR,ERR,ERR,ERR,ERR,ERR,0.0,-0.0,-101055584.0,0.0,0.0,0.0,0.0,nan,0,0,0,32768,0,0.0,0,0.0,0.0,0.0,0.0,0.0,0,0,0,0,0.0,0,0,0,0,0,0,0,0,0,0,0,0,0,0,0,0,0,0,0,0,0,0,0,0,0,0,0,0,0,0,0,0,0,0,0,0,0,0,0,0,0,0,0,0,0.0,0.0,0.0,0.0,0.0,0.0,0.0,0.0,0.0,0.0,0.0,0.0,0.0,0.0,0.0,0.0,0.0,0.0,0.0,0.0,0.0,0.0,-0.0,-2.004,-2.004,-0.0,0.0,0.0,0.0,0.0,3379.5,-2.004,0.0,0.0,-0.0,-0.0,2.7184274988523002e+23,0.0,0.0,0.0,0.0,0,-0.0,-0.0,0.0,0.0,0.0,0.0,0.0,0.0,0.0,0,0,0,0.0,0.0,0.0,0.0,0.0,0.0,0.0,0.0,0.0,0.0,0.0,0.0,0.0,0.0,0.0,0.0,0,-107875648.0,0,0.0,0,-107875648.0,-107877712.0,0,0,17039,26215,17053,39322,17037,0,0,0,110,100,100,0.0,64.0,0.0,64.9,-107615304.0,68.5,1,49,50,180,0,26215,0,0,0.0,0.0,0.0,0.0,-7.821900926848939e+32,65.0,0.0,-1.8165043844959933e+26,0.0,645,0,687,0,0,0,715,0,787,0,708,0,689,0,645,0,641,0,618,0.032,36962304.0,-0.0,0.0,56976,16788,-2.2850643877715743e+32,-2.0903136523643747e+38,1.2259446704048831e+25,0.0,2576514.25,-0.0,29.0,60.0,70,0.0,0.0,0.0,0.0,0.0,0.0,0.0,0.0,0.0,0.0,0.0,0.0,0.0,0.0,0.0,0.0,59.2,68,11,65509,41,65476,0,300,0,0,8,20529,65476,0,0,61604,60.0,0.0,0.0,0.0,0.0,0.0
2026-04-04T11:35:51,ERR,ERR,ERR,ERR,ERR,ERR,ERR,ERR,ERR,ERR,ERR,ERR,ERR,ERR,ERR,ERR,ERR,ERR,ERR,ERR,ERR,ERR,ERR,ERR,ERR,ERR,ERR,ERR,ERR,ERR,ERR,ERR,ERR,ERR,ERR,ERR,ERR,ERR,ERR,ERR,ERR,ERR,ERR,ERR,ERR,ERR,ERR,ERR,ERR,ERR,ERR,ERR,ERR,ERR,ERR,ERR,ERR,ERR,ERR,ERR,ERR,ERR,ERR,ERR,ERR,ERR,ERR,ERR,ERR,ERR,ERR,ERR,ERR,ERR,ERR,ERR,ERR,ERR,ERR,ERR,ERR,ERR,ERR,ERR,ERR,ERR,ERR,ERR,ERR,ERR,ERR,ERR,ERR,ERR,ERR,ERR,ERR,ERR,ERR,ERR,ERR,ERR,ERR,ERR,ERR,ERR,ERR,ERR,ERR,ERR,ERR,ERR,ERR,ERR,ERR,ERR,ERR,ERR,ERR,ERR,ERR,ERR,ERR,ERR,ERR,0.0,-0.0,-101055584.0,0.0,0.0,0.0,0.0,nan,0,0,0,32768,0,0.0,0,0.0,0.0,0.0,0.0,0.0,0,0,0,0,0.0,0,0,0,0,0,0,0,0,0,0,0,0,0,0,0,0,0,0,0,0,0,0,0,0,0,0,0,0,0,0,0,0,0,0,0,0,0,0,0,0,0,0,0,0,0.0,0.0,0.0,0.0,0.0,0.0,0.0,0.0,0.0,0.0,0.0,0.0,0.0,0.0,0.0,0.0,0.0,0.0,0.0,0.0,0.0,0.0,-0.0,-2.004,-2.004,-0.0,0.0,0.0,0.0,0.0,3379.5,-2.004,0.0,0.0,-0.0,-0.0,2.7184274988523002e+23,0.0,0.0,0.0,0.0,0,-0.0,-0.0,0.0,0.0,0.0,0.0,0.0,0.0,0.0,0,0,0,0.0,0.0,0.0,0.0,0.0,0.0,0.0,0.0,0.0,0.0,0.0,0.0,0.0,0.0,0.0,0.0,0,-107875648.0,0,0.0,0,-107875648.0,-107877712.0,0,0,17039,26215,17053,39322,17037,0,0,0,110,100,100,0.0,64.0,0.0,64.9,-107615304.0,68.5,1,49,50,180,0,26215,0,0,0.0,0.0,0.0,0.0,-7.821900926848939e+32,65.0,0.0,-1.8165043844959933e+26,0.0,645,0,687,0,0,0,715,0,787,0,708,0,689,0,645,0,641,0,618,0.032,36962304.0,-0.0,0.0,56976,16788,-2.2850643877715743e+32,-2.0903136523643747e+38,1.2259446704048831e+25,0.0,2576514.25,-0.0,29.0,60.0,70,0.0,0.0,0.0,0.0,0.0,0.0,0.0,0.0,0.0,0.0,0.0,0.0,0.0,0.0,0.0,0.0,59.2,68,11,65509,41,65476,0,300,0,0,8,20529,65476,0,0,61604,60.0,0.0,0.0,0.0,0.0,0.0
2026-04-04T11:35:52,ERR,ERR,ERR,ERR,ERR,ERR,ERR,ERR,ERR,ERR,ERR,ERR,ERR,ERR,ERR,ERR,ERR,ERR,ERR,ERR,ERR,ERR,ERR,ERR,ERR,ERR,ERR,ERR,ERR,ERR,ERR,ERR,ERR,ERR,ERR,ERR,ERR,ERR,ERR,ERR,ERR,ERR,ERR,ERR,ERR,ERR,ERR,ERR,ERR,ERR,ERR,ERR,ERR,ERR,ERR,ERR,ERR,ERR,ERR,ERR,ERR,ERR,ERR,ERR,ERR,ERR,ERR,ERR,ERR,ERR,ERR,ERR,ERR,ERR,ERR,ERR,ERR,ERR,ERR,ERR,ERR,ERR,ERR,ERR,ERR,ERR,ERR,ERR,ERR,ERR,ERR,ERR,ERR,ERR,ERR,ERR,ERR,ERR,ERR,ERR,ERR,ERR,ERR,ERR,ERR,ERR,ERR,ERR,ERR,ERR,ERR,ERR,ERR,ERR,ERR,ERR,ERR,ERR,ERR,ERR,ERR,ERR,ERR,ERR,ERR,0.0,-0.0,-101055584.0,0.0,0.0,0.0,0.0,nan,0,0,0,32768,0,0.0,0,0.0,0.0,0.0,0.0,0.0,0,0,0,0,0.0,0,0,0,0,0,0,0,0,0,0,0,0,0,0,0,0,0,0,0,0,0,0,0,0,0,0,0,0,0,0,0,0,0,0,0,0,0,0,0,0,0,0,0,0,0.0,0.0,0.0,0.0,0.0,0.0,0.0,0.0,0.0,0.0,0.0,0.0,0.0,0.0,0.0,0.0,0.0,0.0,0.0,0.0,0.0,0.0,-0.0,-2.004,-2.004,-0.0,0.0,0.0,0.0,0.0,3379.5,-2.004,0.0,0.0,-0.0,-0.0,2.7184274988523002e+23,0.0,0.0,0.0,0.0,0,-0.0,-0.0,0.0,0.0,0.0,0.0,0.0,0.0,0.0,0,0,0,0.0,0.0,0.0,0.0,0.0,0.0,0.0,0.0,0.0,0.0,0.0,0.0,0.0,0.0,0.0,0.0,0,-107875648.0,0,0.0,0,-107875648.0,-107877712.0,0,0,17039,26215,17053,39322,17037,0,0,0,110,100,100,0.0,64.0,0.0,64.9,-107615304.0,68.5,1,49,50,180,0,26215,0,0,0.0,0.0,0.0,0.0,-7.821900926848939e+32,65.0,0.0,-1.8165043844959933e+26,0.0,645,0,687,0,0,0,715,0,787,0,708,0,689,0,645,0,641,0,618,0.032,36962304.0,-0.0,0.0,56976,16788,-2.2850643877715743e+32,-2.0903136523643747e+38,1.2259446704048831e+25,0.0,2576514.25,-0.0,29.0,60.0,70,0.0,0.0,0.0,0.0,0.0,0.0,0.0,0.0,0.0,0.0,0.0,0.0,0.0,0.0,0.0,0.0,59.2,68,11,65509,41,65476,0,300,0,0,8,20529,65476,0,0,61604,60.0,0.0,0.0,0.0,0.0,0.0
2026-04-04T11:35:53,ERR,ERR,ERR,ERR,ERR,ERR,ERR,ERR,ERR,ERR,ERR,ERR,ERR,ERR,ERR,ERR,ERR,ERR,ERR,ERR,ERR,ERR,ERR,ERR,ERR,ERR,ERR,ERR,ERR,ERR,ERR,ERR,ERR,ERR,ERR,ERR,ERR,ERR,ERR,ERR,ERR,ERR,ERR,ERR,ERR,ERR,ERR,ERR,ERR,ERR,ERR,ERR,ERR,ERR,ERR,ERR,ERR,ERR,ERR,ERR,ERR,ERR,ERR,ERR,ERR,ERR,ERR,ERR,ERR,ERR,ERR,ERR,ERR,ERR,ERR,ERR,ERR,ERR,ERR,ERR,ERR,ERR,ERR,ERR,ERR,ERR,ERR,ERR,ERR,ERR,ERR,ERR,ERR,ERR,ERR,ERR,ERR,ERR,ERR,ERR,ERR,ERR,ERR,ERR,ERR,ERR,ERR,ERR,ERR,ERR,ERR,ERR,ERR,ERR,ERR,ERR,ERR,ERR,ERR,ERR,ERR,ERR,ERR,ERR,ERR,0.0,-0.0,-101055584.0,0.0,0.0,0.0,0.0,nan,0,0,0,32768,0,0.0,0,0.0,0.0,0.0,0.0,0.0,0,0,0,0,0.0,0,0,0,0,0,0,0,0,0,0,0,0,0,0,0,0,0,0,0,0,0,0,0,0,0,0,0,0,0,0,0,0,0,0,0,0,0,0,0,0,0,0,0,0,0.0,0.0,0.0,0.0,0.0,0.0,0.0,0.0,0.0,0.0,0.0,0.0,0.0,0.0,0.0,0.0,0.0,0.0,0.0,0.0,0.0,0.0,-0.0,-2.004,-2.004,-0.0,0.0,0.0,0.0,0.0,3379.5,-2.004,0.0,0.0,-0.0,-0.0,2.7184274988523002e+23,0.0,0.0,0.0,0.0,0,-0.0,-0.0,0.0,0.0,0.0,0.0,0.0,0.0,0.0,0,0,0,0.0,0.0,0.0,0.0,0.0,0.0,0.0,0.0,0.0,0.0,0.0,0.0,0.0,0.0,0.0,0.0,0,-107875648.0,0,0.0,0,-107875648.0,-107877712.0,0,0,17039,26215,17053,39322,17037,0,0,0,110,100,100,0.0,64.0,0.0,64.9,-107615304.0,68.5,1,49,50,180,0,26215,0,0,0.0,0.0,0.0,0.0,-7.821900926848939e+32,65.0,0.0,-1.8165043844959933e+26,0.0,645,0,687,0,0,0,715,0,787,0,708,0,689,0,645,0,641,0,618,0.032,36962304.0,-0.0,0.0,56976,16788,-2.2850643877715743e+32,-2.0903136523643747e+38,1.2259446704048831e+25,0.0,2576514.25,-0.0,29.0,60.0,70,0.0,0.0,0.0,0.0,0.0,0.0,0.0,0.0,0.0,0.0,0.0,0.0,0.0,0.0,0.0,0.0,59.2,68,11,65509,41,65476,0,300,0,0,8,20529,65476,0,0,61604,60.0,0.0,0.0,0.0,0.0,0.0
2026-04-04T11:35:54,ERR,ERR,ERR,ERR,ERR,ERR,ERR,ERR,ERR,ERR,ERR,ERR,ERR,ERR,ERR,ERR,ERR,ERR,ERR,ERR,ERR,ERR,ERR,ERR,ERR,ERR,ERR,ERR,ERR,ERR,ERR,ERR,ERR,ERR,ERR,ERR,ERR,ERR,ERR,ERR,ERR,ERR,ERR,ERR,ERR,ERR,ERR,ERR,ERR,ERR,ERR,ERR,ERR,ERR,ERR,ERR,ERR,ERR,ERR,ERR,ERR,ERR,ERR,ERR,ERR,ERR,ERR,ERR,ERR,ERR,ERR,ERR,ERR,ERR,ERR,ERR,ERR,ERR,ERR,ERR,ERR,ERR,ERR,ERR,ERR,ERR,ERR,ERR,ERR,ERR,ERR,ERR,ERR,ERR,ERR,ERR,ERR,ERR,ERR,ERR,ERR,ERR,ERR,ERR,ERR,ERR,ERR,ERR,ERR,ERR,ERR,ERR,ERR,ERR,ERR,ERR,ERR,ERR,ERR,ERR,ERR,ERR,ERR,ERR,ERR,0.0,-0.0,-101055584.0,0.0,0.0,0.0,0.0,nan,0,0,0,32768,0,0.0,0,0.0,0.0,0.0,0.0,0.0,0,0,0,0,0.0,0,0,0,0,0,0,0,0,0,0,0,0,0,0,0,0,0,0,0,0,0,0,0,0,0,0,0,0,0,0,0,0,0,0,0,0,0,0,0,0,0,0,0,0,0.0,0.0,0.0,0.0,0.0,0.0,0.0,0.0,0.0,0.0,0.0,0.0,0.0,0.0,0.0,0.0,0.0,0.0,0.0,0.0,0.0,0.0,-0.0,-2.004,-2.004,-0.0,0.0,0.0,0.0,0.0,3379.5,-2.004,0.0,0.0,-0.0,-0.0,2.7184274988523002e+23,0.0,0.0,0.0,0.0,0,-0.0,-0.0,0.0,0.0,0.0,0.0,0.0,0.0,0.0,0,0,0,0.0,0.0,0.0,0.0,0.0,0.0,0.0,0.0,0.0,0.0,0.0,0.0,0.0,0.0,0.0,0.0,0,-107875648.0,0,0.0,0,-107875648.0,-107877712.0,0,0,17039,26215,17053,39322,17037,0,0,0,110,100,100,0.0,64.0,0.0,64.9,-107615304.0,68.5,1,49,50,180,0,26215,0,0,0.0,0.0,0.0,0.0,-5.503409300796042e+27,65.0,0.0,-1.6969067564895532e+37,0.0,645,0,687,0,0,0,715,0,786,0,708,0,689,0,645,0,641,0,618,0.032,36700160.0,-0.0,0.0,51344,16788,-1.335405525323481e+18,-5.762990730768009e+22,0.0,-0.0,0.0,1.3492929619136872e+19,29.0,60.0,70,0.0,0.0,0.0,0.0,0.0,0.0,0.0,0.0,0.0,0.0,0.0,0.0,0.0,0.0,0.0,0.0,59.2,68,11,65509,41,65476,0,300,0,0,8,20529,65476,0,0,61604,60.0,0.0,0.0,0.0,0.0,0.0
2026-04-04T11:35:55,ERR,ERR,ERR,ERR,ERR,ERR,ERR,ERR,ERR,ERR,ERR,ERR,ERR,ERR,ERR,ERR,ERR,ERR,ERR,ERR,ERR,ERR,ERR,ERR,ERR,ERR,ERR,ERR,ERR,ERR,ERR,ERR,ERR,ERR,ERR,ERR,ERR,ERR,ERR,ERR,ERR,ERR,ERR,ERR,ERR,ERR,ERR,ERR,ERR,ERR,ERR,ERR,ERR,ERR,ERR,ERR,ERR,ERR,ERR,ERR,ERR,ERR,ERR,ERR,ERR,ERR,ERR,ERR,ERR,ERR,ERR,ERR,ERR,ERR,ERR,ERR,ERR,ERR,ERR,ERR,ERR,ERR,ERR,ERR,ERR,ERR,ERR,ERR,ERR,ERR,ERR,ERR,ERR,ERR,ERR,ERR,ERR,ERR,ERR,ERR,ERR,ERR,ERR,ERR,ERR,ERR,ERR,ERR,ERR,ERR,ERR,ERR,ERR,ERR,ERR,ERR,ERR,ERR,ERR,ERR,ERR,ERR,ERR,ERR,ERR,0.0,-0.0,-101055584.0,0.0,0.0,0.0,0.0,nan,0,0,0,32768,0,0.0,0,0.0,0.0,0.0,0.0,0.0,0,0,0,0,0.0,0,0,0,0,0,0,0,0,0,0,0,0,0,0,0,0,0,0,0,0,0,0,0,0,0,0,0,0,0,0,0,0,0,0,0,0,0,0,0,0,0,0,0,0,0.0,0.0,0.0,0.0,0.0,0.0,0.0,0.0,0.0,0.0,0.0,0.0,0.0,0.0,0.0,0.0,0.0,0.0,0.0,0.0,0.0,0.0,-0.0,-2.004,-2.004,-0.0,0.0,0.0,0.0,0.0,3379.5,-2.004,0.0,0.0,-0.0,-0.0,2.7184274988523002e+23,0.0,0.0,0.0,0.0,0,-0.0,-0.0,0.0,0.0,0.0,0.0,0.0,0.0,0.0,0,0,0,0.0,0.0,0.0,0.0,0.0,0.0,0.0,0.0,0.0,0.0,0.0,0.0,0.0,0.0,0.0,0.0,0,-107875648.0,0,0.0,0,-107875648.0,-107877712.0,0,0,17039,26215,17053,39322,17037,0,0,0,110,100,100,0.0,64.0,0.0,64.9,-107615304.0,68.5,1,49,50,180,0,26215,0,0,0.0,0.0,0.0,0.0,-5.503409300796042e+27,65.0,0.0,-1.6969067564895532e+37,0.0,645,0,687,0,0,0,715,0,786,0,708,0,689,0,645,0,641,0,618,0.032,36700160.0,-0.0,0.0,51344,16788,-1.335405525323481e+18,-5.762990730768009e+22,0.0,-0.0,0.0,1.3492929619136872e+19,29.0,60.0,70,0.0,0.0,0.0,0.0,0.0,0.0,0.0,0.0,0.0,0.0,0.0,0.0,0.0,0.0,0.0,0.0,59.2,68,11,65509,41,65476,0,300,0,0,8,20529,65476,0,0,61604,60.0,0.0,0.0,0.0,0.0,0.0
2026-04-04T11:35:56,ERR,ERR,ERR,ERR,ERR,ERR,ERR,ERR,ERR,ERR,ERR,ERR,ERR,ERR,ERR,ERR,ERR,ERR,ERR,ERR,ERR,ERR,ERR,ERR,ERR,ERR,ERR,ERR,ERR,ERR,ERR,ERR,ERR,ERR,ERR,ERR,ERR,ERR,ERR,ERR,ERR,ERR,ERR,ERR,ERR,ERR,ERR,ERR,ERR,ERR,ERR,ERR,ERR,ERR,ERR,ERR,ERR,ERR,ERR,ERR,ERR,ERR,ERR,ERR,ERR,ERR,ERR,ERR,ERR,ERR,ERR,ERR,ERR,ERR,ERR,ERR,ERR,ERR,ERR,ERR,ERR,ERR,ERR,ERR,ERR,ERR,ERR,ERR,ERR,ERR,ERR,ERR,ERR,ERR,ERR,ERR,ERR,ERR,ERR,ERR,ERR,ERR,ERR,ERR,ERR,ERR,ERR,ERR,ERR,ERR,ERR,ERR,ERR,ERR,ERR,ERR,ERR,ERR,ERR,ERR,ERR,ERR,ERR,ERR,ERR,0.0,-0.0,-101055584.0,0.0,0.0,0.0,0.0,nan,0,0,0,32768,0,0.0,0,0.0,0.0,0.0,0.0,0.0,0,0,0,0,0.0,0,0,0,0,0,0,0,0,0,0,0,0,0,0,0,0,0,0,0,0,0,0,0,0,0,0,0,0,0,0,0,0,0,0,0,0,0,0,0,0,0,0,0,0,0.0,0.0,0.0,0.0,0.0,0.0,0.0,0.0,0.0,0.0,0.0,0.0,0.0,0.0,0.0,0.0,0.0,0.0,0.0,0.0,0.0,0.0,-0.0,-2.004,-2.004,-0.0,0.0,0.0,0.0,0.0,3379.5,-2.004,0.0,0.0,-0.0,-0.0,2.7184274988523002e+23,0.0,0.0,0.0,0.0,0,-0.0,-0.0,0.0,0.0,0.0,0.0,0.0,0.0,0.0,0,0,0,0.0,0.0,0.0,0.0,0.0,0.0,0.0,0.0,0.0,0.0,0.0,0.0,0.0,0.0,0.0,0.0,0,-107875648.0,0,0.0,0,-107875648.0,-107877712.0,0,0,17039,26215,17053,39322,17037,0,0,0,110,100,100,0.0,64.0,0.0,64.9,-107615304.0,68.5,1,49,50,180,0,26215,0,0,0.0,0.0,0.0,0.0,-5.503409300796042e+27,65.0,0.0,-1.6969067564895532e+37,0.0,645,0,687,0,0,0,715,0,786,0,708,0,689,0,645,0,641,0,618,0.032,36700160.0,-0.0,0.0,51344,16788,-1.335405525323481e+18,-5.762990730768009e+22,0.0,-0.0,0.0,1.3492929619136872e+19,29.0,60.0,70,0.0,0.0,0.0,0.0,0.0,0.0,0.0,0.0,0.0,0.0,0.0,0.0,0.0,0.0,0.0,0.0,59.2,68,11,65509,41,65476,0,300,0,0,8,20529,65476,0,0,61604,60.0,0.0,0.0,0.0,0.0,0.0
2026-04-04T11:35:57,ERR,ERR,ERR,ERR,ERR,ERR,ERR,ERR,ERR,ERR,ERR,ERR,ERR,ERR,ERR,ERR,ERR,ERR,ERR,ERR,ERR,ERR,ERR,ERR,ERR,ERR,ERR,ERR,ERR,ERR,ERR,ERR,ERR,ERR,ERR,ERR,ERR,ERR,ERR,ERR,ERR,ERR,ERR,ERR,ERR,ERR,ERR,ERR,ERR,ERR,ERR,ERR,ERR,ERR,ERR,ERR,ERR,ERR,ERR,ERR,ERR,ERR,ERR,ERR,ERR,ERR,ERR,ERR,ERR,ERR,ERR,ERR,ERR,ERR,ERR,ERR,ERR,ERR,ERR,ERR,ERR,ERR,ERR,ERR,ERR,ERR,ERR,ERR,ERR,ERR,ERR,ERR,ERR,ERR,ERR,ERR,ERR,ERR,ERR,ERR,ERR,ERR,ERR,ERR,ERR,ERR,ERR,ERR,ERR,ERR,ERR,ERR,ERR,ERR,ERR,ERR,ERR,ERR,ERR,ERR,ERR,ERR,ERR,ERR,ERR,0.0,-0.0,-101055584.0,0.0,0.0,0.0,0.0,nan,0,0,0,32768,0,0.0,0,0.0,0.0,0.0,0.0,0.0,0,0,0,0,0.0,0,0,0,0,0,0,0,0,0,0,0,0,0,0,0,0,0,0,0,0,0,0,0,0,0,0,0,0,0,0,0,0,0,0,0,0,0,0,0,0,0,0,0,0,0.0,0.0,0.0,0.0,0.0,0.0,0.0,0.0,0.0,0.0,0.0,0.0,0.0,0.0,0.0,0.0,0.0,0.0,0.0,0.0,0.0,0.0,-0.0,-2.004,-2.004,-0.0,0.0,0.0,0.0,0.0,3379.5,-2.004,0.0,0.0,-0.0,-0.0,2.7184274988523002e+23,0.0,0.0,0.0,0.0,0,-0.0,-0.0,0.0,0.0,0.0,0.0,0.0,0.0,0.0,0,0,0,0.0,0.0,0.0,0.0,0.0,0.0,0.0,0.0,0.0,0.0,0.0,0.0,0.0,0.0,0.0,0.0,0,-107875648.0,0,0.0,0,-107875648.0,-107877712.0,0,0,17039,26215,17053,39322,17037,0,0,0,110,100,100,0.0,64.0,0.0,64.9,-107615304.0,68.5,1,49,50,180,0,26215,0,0,0.0,0.0,0.0,0.0,-5.503409300796042e+27,65.0,0.0,-1.6969067564895532e+37,0.0,645,0,687,0,0,0,715,0,786,0,708,0,689,0,645,0,641,0,618,0.032,36700160.0,-0.0,0.0,51344,16788,-1.335405525323481e+18,-5.762990730768009e+22,0.0,-0.0,0.0,1.3492929619136872e+19,29.0,60.0,70,0.0,0.0,0.0,0.0,0.0,0.0,0.0,0.0,0.0,0.0,0.0,0.0,0.0,0.0,0.0,0.0,59.6,68,11,65509,41,65476,0,300,0,0,8,20529,65476,0,0,61604,60.0,0.0,0.0,0.0,0.0,0.0
2026-04-04T11:35:58,ERR,ERR,ERR,ERR,ERR,ERR,ERR,ERR,ERR,ERR,ERR,ERR,ERR,ERR,ERR,ERR,ERR,ERR,ERR,ERR,ERR,ERR,ERR,ERR,ERR,ERR,ERR,ERR,ERR,ERR,ERR,ERR,ERR,ERR,ERR,ERR,ERR,ERR,ERR,ERR,ERR,ERR,ERR,ERR,ERR,ERR,ERR,ERR,ERR,ERR,ERR,ERR,ERR,ERR,ERR,ERR,ERR,ERR,ERR,ERR,ERR,ERR,ERR,ERR,ERR,ERR,ERR,ERR,ERR,ERR,ERR,ERR,ERR,ERR,ERR,ERR,ERR,ERR,ERR,ERR,ERR,ERR,ERR,ERR,ERR,ERR,ERR,ERR,ERR,ERR,ERR,ERR,ERR,ERR,ERR,ERR,ERR,ERR,ERR,ERR,ERR,ERR,ERR,ERR,ERR,ERR,ERR,ERR,ERR,ERR,ERR,ERR,ERR,ERR,ERR,ERR,ERR,ERR,ERR,ERR,ERR,ERR,ERR,ERR,ERR,0.0,-0.0,-101055584.0,0.0,0.0,0.0,0.0,nan,0,0,0,32768,0,0.0,0,0.0,0.0,0.0,0.0,0.0,0,0,0,0,0.0,0,0,0,0,0,0,0,0,0,0,0,0,0,0,0,0,0,0,0,0,0,0,0,0,0,0,0,0,0,0,0,0,0,0,0,0,0,0,0,0,0,0,0,0,0.0,0.0,0.0,0.0,0.0,0.0,0.0,0.0,0.0,0.0,0.0,0.0,0.0,0.0,0.0,0.0,0.0,0.0,0.0,0.0,0.0,0.0,-0.0,-2.004,-2.004,-0.0,0.0,0.0,0.0,0.0,3379.5,-2.004,0.0,0.0,-0.0,-0.0,2.7184274988523002e+23,0.0,0.0,0.0,0.0,0,-0.0,-0.0,0.0,0.0,0.0,0.0,0.0,0.0,0.0,0,0,0,0.0,0.0,0.0,0.0,0.0,0.0,0.0,0.0,0.0,0.0,0.0,0.0,0.0,0.0,0.0,0.0,0,-107875648.0,0,0.0,0,-107875648.0,-107877712.0,0,0,17039,26215,17053,39322,17037,0,0,0,110,100,100,0.0,64.0,0.0,64.9,-107615304.0,68.5,1,49,50,180,0,26215,0,0,0.0,0.0,0.0,0.0,-5.503409300796042e+27,65.0,0.0,-1.6969067564895532e+37,0.0,645,0,687,0,0,0,715,0,786,0,708,0,689,0,645,0,641,0,618,0.032,36700160.0,-0.0,0.0,51344,16788,-1.335405525323481e+18,-5.762990730768009e+22,0.0,-0.0,0.0,1.3492929619136872e+19,29.0,60.0,70,0.0,0.0,0.0,0.0,0.0,0.0,0.0,0.0,0.0,0.0,0.0,0.0,0.0,0.0,0.0,0.0,59.6,68,11,65509,41,65476,0,300,0,0,8,20529,65476,0,0,61604,60.0,0.0,0.0,0.0,0.0,0.0
2026-04-04T11:35:59,ERR,ERR,ERR,ERR,ERR,ERR,ERR,ERR,ERR,ERR,ERR,ERR,ERR,ERR,ERR,ERR,ERR,ERR,ERR,ERR,ERR,ERR,ERR,ERR,ERR,ERR,ERR,ERR,ERR,ERR,ERR,ERR,ERR,ERR,ERR,ERR,ERR,ERR,ERR,ERR,ERR,ERR,ERR,ERR,ERR,ERR,ERR,ERR,ERR,ERR,ERR,ERR,ERR,ERR,ERR,ERR,ERR,ERR,ERR,ERR,ERR,ERR,ERR,ERR,ERR,ERR,ERR,ERR,ERR,ERR,ERR,ERR,ERR,ERR,ERR,ERR,ERR,ERR,ERR,ERR,ERR,ERR,ERR,ERR,ERR,ERR,ERR,ERR,ERR,ERR,ERR,ERR,ERR,ERR,ERR,ERR,ERR,ERR,ERR,ERR,ERR,ERR,ERR,ERR,ERR,ERR,ERR,ERR,ERR,ERR,ERR,ERR,ERR,ERR,ERR,ERR,ERR,ERR,ERR,ERR,ERR,ERR,ERR,ERR,ERR,0.0,-0.0,-101055584.0,0.0,0.0,0.0,0.0,nan,0,0,0,32768,0,0.0,0,0.0,0.0,0.0,0.0,0.0,0,0,0,0,0.0,0,0,0,0,0,0,0,0,0,0,0,0,0,0,0,0,0,0,0,0,0,0,0,0,0,0,0,0,0,0,0,0,0,0,0,0,0,0,0,0,0,0,0,0,0.0,0.0,0.0,0.0,0.0,0.0,0.0,0.0,0.0,0.0,0.0,0.0,0.0,0.0,0.0,0.0,0.0,0.0,0.0,0.0,0.0,0.0,-0.0,-2.004,-2.004,-0.0,0.0,0.0,0.0,0.0,3380.0,-0.0,0.0,0.0,-0.0,-0.0,2.7184274988523002e+23,0.0,0.0,0.0,0.0,0,-0.0,5.848029934006574e+35,0.0,0.0,0.0,0.0,0.0,0.0,0.0,0,0,0,0.0,0.0,0.0,0.0,0.0,0.0,0.0,0.0,0.0,0.0,0.0,0.0,0.0,0.0,0.0,0.0,0,-107875648.0,0,0.0,0,-107875648.0,-107877712.0,0,0,17039,26215,17053,39322,17037,0,0,0,110,100,100,0.0,64.0,0.0,64.9,-107615304.0,68.5,1,49,50,180,0,26215,0,0,0.0,0.0,0.0,0.0,-5.503409300796042e+27,65.0,0.0,-1.6969067564895532e+37,0.0,645,0,687,0,0,0,715,0,786,0,708,0,689,0,645,0,641,0,618,0.032,36700160.0,-0.0,0.0,51344,16788,-1.335405525323481e+18,-5.762990730768009e+22,0.0,-0.0,0.0,1.3492929619136872e+19,29.0,60.0,70,0.0,0.0,0.0,0.0,0.0,0.0,0.0,0.0,0.0,0.0,0.0,0.0,0.0,0.0,0.0,0.0,59.6,68,11,65509,41,65476,0,300,0,0,8,20529,65476,0,0,61604,60.0,0.0,0.0,0.0,0.0,0.0
2026-04-04T11:36:00,ERR,ERR,ERR,ERR,ERR,ERR,ERR,ERR,ERR,ERR,ERR,ERR,ERR,ERR,ERR,ERR,ERR,ERR,ERR,ERR,ERR,ERR,ERR,ERR,ERR,ERR,ERR,ERR,ERR,ERR,ERR,ERR,ERR,ERR,ERR,ERR,ERR,ERR,ERR,ERR,ERR,ERR,ERR,ERR,ERR,ERR,ERR,ERR,ERR,ERR,ERR,ERR,ERR,ERR,ERR,ERR,ERR,ERR,ERR,ERR,ERR,ERR,ERR,ERR,ERR,ERR,ERR,ERR,ERR,ERR,ERR,ERR,ERR,ERR,ERR,ERR,ERR,ERR,ERR,ERR,ERR,ERR,ERR,ERR,ERR,ERR,ERR,ERR,ERR,ERR,ERR,ERR,ERR,ERR,ERR,ERR,ERR,ERR,ERR,ERR,ERR,ERR,ERR,ERR,ERR,ERR,ERR,ERR,ERR,ERR,ERR,ERR,ERR,ERR,ERR,ERR,ERR,ERR,ERR,ERR,ERR,ERR,ERR,ERR,ERR,0.0,-0.0,-101055584.0,0.0,0.0,0.0,0.0,nan,0,0,0,32768,0,0.0,0,0.0,0.0,0.0,0.0,0.0,0,0,0,0,0.0,0,0,0,0,0,0,0,0,0,0,0,0,0,0,0,0,0,0,0,0,0,0,0,0,0,0,0,0,0,0,0,0,0,0,0,0,0,0,0,0,0,0,0,0,0.0,0.0,0.0,0.0,0.0,0.0,0.0,0.0,0.0,0.0,0.0,0.0,0.0,0.0,0.0,0.0,0.0,0.0,0.0,0.0,0.0,0.0,-0.0,-2.004,-2.004,-0.0,0.0,0.0,0.0,0.0,3380.0,-0.0,0.0,0.0,-0.0,-0.0,2.7184274988523002e+23,0.0,0.0,0.0,0.0,0,-0.0,5.848029934006574e+35,0.0,0.0,0.0,0.0,0.0,0.0,0.0,0,0,0,0.0,0.0,0.0,0.0,0.0,0.0,0.0,0.0,0.0,0.0,0.0,0.0,0.0,0.0,0.0,0.0,0,-107875648.0,0,0.0,0,-107875648.0,-107877712.0,0,0,17039,26215,17053,39322,17037,0,0,0,110,100,100,0.0,64.0,0.0,64.9,-107615304.0,68.5,1,49,50,180,0,26215,0,0,0.0,0.0,0.0,0.0,-4.236147779035561e+24,65.0,0.0,-1.9952727612975915e+24,0.0,645,0,687,0,0,0,715,0,787,0,708,0,689,0,645,0,641,0,618,0.032,36700160.0,-0.0,0.0,40336,16788,-3.156176044818432e+16,-0.0,-4.791899492657083e+19,-2.7624399243925875e+34,-8.727870177853306e+29,0.0,29.0,60.0,70,0.0,0.0,0.0,0.0,0.0,0.0,0.0,0.0,0.0,0.0,0.0,0.0,0.0,0.0,0.0,0.0,59.2,68,11,65509,41,65476,0,300,0,0,8,20529,65476,0,0,61604,60.0,0.0,0.0,0.0,0.0,0.0
2026-04-04T11:36:01,ERR,ERR,ERR,ERR,ERR,ERR,ERR,ERR,ERR,ERR,ERR,ERR,ERR,ERR,ERR,ERR,ERR,ERR,ERR,ERR,ERR,ERR,ERR,ERR,ERR,ERR,ERR,ERR,ERR,ERR,ERR,ERR,ERR,ERR,ERR,ERR,ERR,ERR,ERR,ERR,ERR,ERR,ERR,ERR,ERR,ERR,ERR,ERR,ERR,ERR,ERR,ERR,ERR,ERR,ERR,ERR,ERR,ERR,ERR,ERR,ERR,ERR,ERR,ERR,ERR,ERR,ERR,ERR,ERR,ERR,ERR,ERR,ERR,ERR,ERR,ERR,ERR,ERR,ERR,ERR,ERR,ERR,ERR,ERR,ERR,ERR,ERR,ERR,ERR,ERR,ERR,ERR,ERR,ERR,ERR,ERR,ERR,ERR,ERR,ERR,ERR,ERR,ERR,ERR,ERR,ERR,ERR,ERR,ERR,ERR,ERR,ERR,ERR,ERR,ERR,ERR,ERR,ERR,ERR,ERR,ERR,ERR,ERR,ERR,ERR,0.0,-0.0,-101055584.0,0.0,0.0,0.0,0.0,nan,0,0,0,32768,0,0.0,0,0.0,0.0,0.0,0.0,0.0,0,0,0,0,0.0,0,0,0,0,0,0,0,0,0,0,0,0,0,0,0,0,0,0,0,0,0,0,0,0,0,0,0,0,0,0,0,0,0,0,0,0,0,0,0,0,0,0,0,0,0.0,0.0,0.0,0.0,0.0,0.0,0.0,0.0,0.0,0.0,0.0,0.0,0.0,0.0,0.0,0.0,0.0,0.0,0.0,0.0,0.0,0.0,-0.0,-2.004,-2.004,-0.0,0.0,0.0,0.0,0.0,3380.0,-0.0,0.0,0.0,-0.0,-0.0,2.7184274988523002e+23,0.0,0.0,0.0,0.0,0,-0.0,5.848029934006574e+35,0.0,0.0,0.0,0.0,0.0,0.0,0.0,0,0,0,0.0,0.0,0.0,0.0,0.0,0.0,0.0,0.0,0.0,0.0,0.0,0.0,0.0,0.0,0.0,0.0,0,-107875648.0,0,0.0,0,-107875648.0,-107877712.0,0,0,17039,26215,17053,39322,17037,0,0,0,110,100,100,0.0,64.0,0.0,64.9,-107615304.0,68.5,1,49,50,180,0,26215,0,0,0.0,0.0,0.0,0.0,-4.236147779035561e+24,65.0,0.0,-1.9952727612975915e+24,0.0,645,0,687,0,0,0,715,0,787,0,708,0,689,0,645,0,641,0,618,0.032,36700160.0,-0.0,0.0,40336,16788,-3.156176044818432e+16,-0.0,-4.791899492657083e+19,-2.7624399243925875e+34,-8.727870177853306e+29,0.0,29.0,60.0,70,0.0,0.0,0.0,0.0,0.0,0.0,0.0,0.0,0.0,0.0,0.0,0.0,0.0,0.0,0.0,0.0,59.2,68,11,65509,41,65476,0,300,0,0,8,20529,65476,0,0,61604,60.0,0.0,0.0,0.0,0.0,0.0
2026-04-04T11:36:02,ERR,ERR,ERR,ERR,ERR,ERR,ERR,ERR,ERR,ERR,ERR,ERR,ERR,ERR,ERR,ERR,ERR,ERR,ERR,ERR,ERR,ERR,ERR,ERR,ERR,ERR,ERR,ERR,ERR,ERR,ERR,ERR,ERR,ERR,ERR,ERR,ERR,ERR,ERR,ERR,ERR,ERR,ERR,ERR,ERR,ERR,ERR,ERR,ERR,ERR,ERR,ERR,ERR,ERR,ERR,ERR,ERR,ERR,ERR,ERR,ERR,ERR,ERR,ERR,ERR,ERR,ERR,ERR,ERR,ERR,ERR,ERR,ERR,ERR,ERR,ERR,ERR,ERR,ERR,ERR,ERR,ERR,ERR,ERR,ERR,ERR,ERR,ERR,ERR,ERR,ERR,ERR,ERR,ERR,ERR,ERR,ERR,ERR,ERR,ERR,ERR,ERR,ERR,ERR,ERR,ERR,ERR,ERR,ERR,ERR,ERR,ERR,ERR,ERR,ERR,ERR,ERR,ERR,ERR,ERR,ERR,ERR,ERR,ERR,ERR,0.0,-0.0,-101055584.0,0.0,0.0,0.0,0.0,nan,0,0,0,32768,0,0.0,0,0.0,0.0,0.0,0.0,0.0,0,0,0,0,0.0,0,0,0,0,0,0,0,0,0,0,0,0,0,0,0,0,0,0,0,0,0,0,0,0,0,0,0,0,0,0,0,0,0,0,0,0,0,0,0,0,0,0,0,0,0.0,0.0,0.0,0.0,0.0,0.0,0.0,0.0,0.0,0.0,0.0,0.0,0.0,0.0,0.0,0.0,0.0,0.0,0.0,0.0,0.0,0.0,-0.0,-2.004,-2.004,-0.0,0.0,0.0,0.0,0.0,3380.0,-0.0,0.0,0.0,-0.0,-0.0,2.7184274988523002e+23,0.0,0.0,0.0,0.0,0,-0.0,5.848029934006574e+35,0.0,0.0,0.0,0.0,0.0,0.0,0.0,0,0,0,0.0,0.0,0.0,0.0,0.0,0.0,0.0,0.0,0.0,0.0,0.0,0.0,0.0,0.0,0.0,0.0,0,-107875648.0,0,0.0,0,-107875648.0,-107877712.0,0,0,17039,26215,17053,39322,17037,0,0,0,110,100,100,0.0,64.0,0.0,64.9,-107615304.0,68.5,1,49,50,180,0,26215,0,0,0.0,0.0,0.0,0.0,-4.236147779035561e+24,65.0,0.0,-1.9952727612975915e+24,0.0,645,0,687,0,0,0,715,0,787,0,708,0,689,0,645,0,641,0,618,0.032,36700160.0,-0.0,0.0,40336,16788,-3.156176044818432e+16,-0.0,-4.791899492657083e+19,-2.7624399243925875e+34,-8.727870177853306e+29,0.0,29.0,60.0,70,0.0,0.0,0.0,0.0,0.0,0.0,0.0,0.0,0.0,0.0,0.0,0.0,0.0,0.0,0.0,0.0,59.2,68,11,65509,41,65476,0,300,0,0,8,20529,65476,0,0,61604,60.0,0.0,0.0,0.0,0.0,0.0
2026-04-04T11:36:03,ERR,ERR,ERR,ERR,ERR,ERR,ERR,ERR,ERR,ERR,ERR,ERR,ERR,ERR,ERR,ERR,ERR,ERR,ERR,ERR,ERR,ERR,ERR,ERR,ERR,ERR,ERR,ERR,ERR,ERR,ERR,ERR,ERR,ERR,ERR,ERR,ERR,ERR,ERR,ERR,ERR,ERR,ERR,ERR,ERR,ERR,ERR,ERR,ERR,ERR,ERR,ERR,ERR,ERR,ERR,ERR,ERR,ERR,ERR,ERR,ERR,ERR,ERR,ERR,ERR,ERR,ERR,ERR,ERR,ERR,ERR,ERR,ERR,ERR,ERR,ERR,ERR,ERR,ERR,ERR,ERR,ERR,ERR,ERR,ERR,ERR,ERR,ERR,ERR,ERR,ERR,ERR,ERR,ERR,ERR,ERR,ERR,ERR,ERR,ERR,ERR,ERR,ERR,ERR,ERR,ERR,ERR,ERR,ERR,ERR,ERR,ERR,ERR,ERR,ERR,ERR,ERR,ERR,ERR,ERR,ERR,ERR,ERR,ERR,ERR,0.0,-0.0,-101055584.0,0.0,0.0,0.0,0.0,nan,0,0,0,32768,0,0.0,0,0.0,0.0,0.0,0.0,0.0,0,0,0,0,0.0,0,0,0,0,0,0,0,0,0,0,0,0,0,0,0,0,0,0,0,0,0,0,0,0,0,0,0,0,0,0,0,0,0,0,0,0,0,0,0,0,0,0,0,0,0.0,0.0,0.0,0.0,0.0,0.0,0.0,0.0,0.0,0.0,0.0,0.0,0.0,0.0,0.0,0.0,0.0,0.0,0.0,0.0,0.0,0.0,-0.0,-2.004,-2.004,-0.0,0.0,0.0,0.0,0.0,3380.0,-0.0,0.0,0.0,-0.0,-0.0,2.7184274988523002e+23,0.0,0.0,0.0,0.0,0,-0.0,5.848029934006574e+35,0.0,0.0,0.0,0.0,0.0,0.0,0.0,0,0,0,0.0,0.0,0.0,0.0,0.0,0.0,0.0,0.0,0.0,0.0,0.0,0.0,0.0,0.0,0.0,0.0,0,-107875648.0,0,0.0,0,-107875648.0,-107877712.0,0,0,17039,26215,17053,39322,17037,0,0,0,110,100,100,0.0,64.0,0.0,64.9,-107615304.0,68.5,1,49,50,180,0,26215,0,0,0.0,0.0,0.0,0.0,-4.236147779035561e+24,65.0,0.0,-1.9952727612975915e+24,0.0,645,0,687,0,0,0,715,0,787,0,708,0,689,0,645,0,641,0,618,0.032,36700160.0,-0.0,0.0,40336,16788,-3.156176044818432e+16,-0.0,-4.791899492657083e+19,-2.7624399243925875e+34,-8.727870177853306e+29,0.0,29.0,60.0,70,0.0,0.0,0.0,0.0,0.0,0.0,0.0,0.0,0.0,0.0,0.0,0.0,0.0,0.0,0.0,0.0,59.6,68,11,65509,41,65476,0,300,0,0,8,20529,65476,0,0,61604,60.0,0.0,0.0,0.0,0.0,0.0
2026-04-04T11:36:04,ERR,ERR,ERR,ERR,ERR,ERR,ERR,ERR,ERR,ERR,ERR,ERR,ERR,ERR,ERR,ERR,ERR,ERR,ERR,ERR,ERR,ERR,ERR,ERR,ERR,ERR,ERR,ERR,ERR,ERR,ERR,ERR,ERR,ERR,ERR,ERR,ERR,ERR,ERR,ERR,ERR,ERR,ERR,ERR,ERR,ERR,ERR,ERR,ERR,ERR,ERR,ERR,ERR,ERR,ERR,ERR,ERR,ERR,ERR,ERR,ERR,ERR,ERR,ERR,ERR,ERR,ERR,ERR,ERR,ERR,ERR,ERR,ERR,ERR,ERR,ERR,ERR,ERR,ERR,ERR,ERR,ERR,ERR,ERR,ERR,ERR,ERR,ERR,ERR,ERR,ERR,ERR,ERR,ERR,ERR,ERR,ERR,ERR,ERR,ERR,ERR,ERR,ERR,ERR,ERR,ERR,ERR,ERR,ERR,ERR,ERR,ERR,ERR,ERR,ERR,ERR,ERR,ERR,ERR,ERR,ERR,ERR,ERR,ERR,ERR,0.0,-0.0,-101055584.0,0.0,0.0,0.0,0.0,nan,0,0,0,32768,0,0.0,0,0.0,0.0,0.0,0.0,0.0,0,0,0,0,0.0,0,0,0,0,0,0,0,0,0,0,0,0,0,0,0,0,0,0,0,0,0,0,0,0,0,0,0,0,0,0,0,0,0,0,0,0,0,0,0,0,0,0,0,0,0.0,0.0,0.0,0.0,0.0,0.0,0.0,0.0,0.0,0.0,0.0,0.0,0.0,0.0,0.0,0.0,0.0,0.0,0.0,0.0,0.0,0.0,-0.0,-2.004,-2.004,-0.0,0.0,0.0,0.0,0.0,3380.0,-0.0,0.0,0.0,-0.0,-0.0,2.7184274988523002e+23,0.0,0.0,0.0,0.0,0,-0.0,5.848029934006574e+35,0.0,0.0,0.0,0.0,0.0,0.0,0.0,0,0,0,0.0,0.0,0.0,0.0,0.0,0.0,0.0,0.0,0.0,0.0,0.0,0.0,0.0,0.0,0.0,0.0,0,-107875648.0,0,0.0,0,-107875648.0,-107877712.0,0,0,17039,26215,17053,39322,17037,0,0,0,110,100,100,0.0,64.0,0.0,64.9,-107615304.0,68.5,1,49,50,180,0,26215,0,0,0.0,0.0,0.0,0.0,-4.236147779035561e+24,65.0,0.0,-1.9952727612975915e+24,0.0,645,0,687,0,0,0,715,0,787,0,708,0,689,0,645,0,641,0,618,0.032,36700160.0,-0.0,0.0,40336,16788,-3.156176044818432e+16,-0.0,-4.791899492657083e+19,-2.7624399243925875e+34,-8.727870177853306e+29,0.0,29.0,60.0,70,0.0,0.0,0.0,0.0,0.0,0.0,0.0,0.0,0.0,0.0,0.0,0.0,0.0,0.0,0.0,0.0,59.6,68,11,65509,41,65476,0,300,0,0,8,20529,65476,0,0,61604,60.0,0.0,0.0,0.0,0.0,0.0
2026-04-04T11:36:05,ERR,ERR,ERR,ERR,ERR,ERR,ERR,ERR,ERR,ERR,ERR,ERR,ERR,ERR,ERR,ERR,ERR,ERR,ERR,ERR,ERR,ERR,ERR,ERR,ERR,ERR,ERR,ERR,ERR,ERR,ERR,ERR,ERR,ERR,ERR,ERR,ERR,ERR,ERR,ERR,ERR,ERR,ERR,ERR,ERR,ERR,ERR,ERR,ERR,ERR,ERR,ERR,ERR,ERR,ERR,ERR,ERR,ERR,ERR,ERR,ERR,ERR,ERR,ERR,ERR,ERR,ERR,ERR,ERR,ERR,ERR,ERR,ERR,ERR,ERR,ERR,ERR,ERR,ERR,ERR,ERR,ERR,ERR,ERR,ERR,ERR,ERR,ERR,ERR,ERR,ERR,ERR,ERR,ERR,ERR,ERR,ERR,ERR,ERR,ERR,ERR,ERR,ERR,ERR,ERR,ERR,ERR,ERR,ERR,ERR,ERR,ERR,ERR,ERR,ERR,ERR,ERR,ERR,ERR,ERR,ERR,ERR,ERR,ERR,ERR,0.0,-0.0,-101055584.0,0.0,0.0,0.0,0.0,nan,0,0,0,32768,0,0.0,0,0.0,0.0,0.0,0.0,0.0,0,0,0,0,0.0,0,0,0,0,0,0,0,0,0,0,0,0,0,0,0,0,0,0,0,0,0,0,0,0,0,0,0,0,0,0,0,0,0,0,0,0,0,0,0,0,0,0,0,0,0.0,0.0,0.0,0.0,0.0,0.0,0.0,0.0,0.0,0.0,0.0,0.0,0.0,0.0,0.0,0.0,0.0,0.0,0.0,0.0,0.0,0.0,-0.0,-2.004,-2.004,-0.0,0.0,0.0,0.0,0.0,3380.0,-0.0,0.0,0.0,-0.0,-0.0,2.7184274988523002e+23,0.0,0.0,0.0,0.0,0,-0.0,5.848029934006574e+35,0.0,0.0,0.0,0.0,0.0,0.0,0.0,0,0,0,0.0,0.0,0.0,0.0,0.0,0.0,0.0,0.0,0.0,0.0,0.0,0.0,0.0,0.0,0.0,0.0,0,-107875648.0,0,0.0,0,-107875648.0,-107877712.0,0,0,17039,26215,17053,39322,17037,0,0,0,110,100,100,0.0,64.0,0.0,64.9,-107615304.0,68.5,1,49,50,180,0,26215,0,0,0.0,0.0,0.0,0.0,-9.676127412242629e+30,65.0,0.0,-0.0,0.0,645,0,687,0,0,0,715,0,787,0,708,0,689,0,645,0,641,0,618,0.032,36700160.0,-0.0,0.0,39952,16788,-9.512054180344108e+20,-1.290350837352104e+18,0.0,-2.0043849893955592e+27,0.0,1.7384449405124207e+23,29.0,60.0,70,0.0,0.0,0.0,0.0,0.0,0.0,0.0,0.0,0.0,0.0,0.0,0.0,0.0,0.0,0.0,0.0,59.2,68,11,65509,41,65476,0,300,0,0,8,20529,65476,0,0,61604,60.0,0.0,0.0,0.0,0.0,0.0
2026-04-04T11:36:06,ERR,ERR,ERR,ERR,ERR,ERR,ERR,ERR,ERR,ERR,ERR,ERR,ERR,ERR,ERR,ERR,ERR,ERR,ERR,ERR,ERR,ERR,ERR,ERR,ERR,ERR,ERR,ERR,ERR,ERR,ERR,ERR,ERR,ERR,ERR,ERR,ERR,ERR,ERR,ERR,ERR,ERR,ERR,ERR,ERR,ERR,ERR,ERR,ERR,ERR,ERR,ERR,ERR,ERR,ERR,ERR,ERR,ERR,ERR,ERR,ERR,ERR,ERR,ERR,ERR,ERR,ERR,ERR,ERR,ERR,ERR,ERR,ERR,ERR,ERR,ERR,ERR,ERR,ERR,ERR,ERR,ERR,ERR,ERR,ERR,ERR,ERR,ERR,ERR,ERR,ERR,ERR,ERR,ERR,ERR,ERR,ERR,ERR,ERR,ERR,ERR,ERR,ERR,ERR,ERR,ERR,ERR,ERR,ERR,ERR,ERR,ERR,ERR,ERR,ERR,ERR,ERR,ERR,ERR,ERR,ERR,ERR,ERR,ERR,ERR,0.0,-0.0,-101055584.0,0.0,0.0,0.0,0.0,nan,0,0,0,32768,0,0.0,0,0.0,0.0,0.0,0.0,0.0,0,0,0,0,0.0,0,0,0,0,0,0,0,0,0,0,0,0,0,0,0,0,0,0,0,0,0,0,0,0,0,0,0,0,0,0,0,0,0,0,0,0,0,0,0,0,0,0,0,0,0.0,0.0,0.0,0.0,0.0,0.0,0.0,0.0,0.0,0.0,0.0,0.0,0.0,0.0,0.0,0.0,0.0,0.0,0.0,0.0,0.0,0.0,-0.0,-2.004,-2.004,-0.0,0.0,0.0,0.0,0.0,3381.0,-2.004,0.0,0.0,-0.0,-0.0,2.7184274988523002e+23,0.0,0.0,0.0,0.0,0,-0.0,4.066829101708843e+29,0.0,0.0,0.0,0.0,0.0,0.0,0.0,0,0,0,0.0,0.0,0.0,0.0,0.0,0.0,0.0,0.0,0.0,0.0,0.0,0.0,0.0,0.0,0.0,0.0,0,-107875648.0,0,0.0,0,-107875648.0,-107877712.0,0,0,17039,26215,17053,39322,17037,0,0,0,110,100,100,0.0,64.0,0.0,64.9,-107615304.0,68.5,1,49,50,180,0,26215,0,0,0.0,0.0,0.0,0.0,-9.676127412242629e+30,65.0,0.0,-0.0,0.0,645,0,687,0,0,0,715,0,787,0,708,0,689,0,645,0,641,0,618,0.032,36700160.0,-0.0,0.0,39952,16788,-9.512054180344108e+20,-1.290350837352104e+18,0.0,-2.0043849893955592e+27,0.0,1.7384449405124207e+23,29.0,60.0,70,0.0,0.0,0.0,0.0,0.0,0.0,0.0,0.0,0.0,0.0,0.0,0.0,0.0,0.0,0.0,0.0,59.2,68,11,65509,41,65476,0,300,0,0,8,20529,65476,0,0,61604,60.0,0.0,0.0,0.0,0.0,0.0
2026-04-04T11:36:07,ERR,ERR,ERR,ERR,ERR,ERR,ERR,ERR,ERR,ERR,ERR,ERR,ERR,ERR,ERR,ERR,ERR,ERR,ERR,ERR,ERR,ERR,ERR,ERR,ERR,ERR,ERR,ERR,ERR,ERR,ERR,ERR,ERR,ERR,ERR,ERR,ERR,ERR,ERR,ERR,ERR,ERR,ERR,ERR,ERR,ERR,ERR,ERR,ERR,ERR,ERR,ERR,ERR,ERR,ERR,ERR,ERR,ERR,ERR,ERR,ERR,ERR,ERR,ERR,ERR,ERR,ERR,ERR,ERR,ERR,ERR,ERR,ERR,ERR,ERR,ERR,ERR,ERR,ERR,ERR,ERR,ERR,ERR,ERR,ERR,ERR,ERR,ERR,ERR,ERR,ERR,ERR,ERR,ERR,ERR,ERR,ERR,ERR,ERR,ERR,ERR,ERR,ERR,ERR,ERR,ERR,ERR,ERR,ERR,ERR,ERR,ERR,ERR,ERR,ERR,ERR,ERR,ERR,ERR,ERR,ERR,ERR,ERR,ERR,ERR,0.0,-0.0,-101055584.0,0.0,0.0,0.0,0.0,nan,0,0,0,32768,0,0.0,0,0.0,0.0,0.0,0.0,0.0,0,0,0,0,0.0,0,0,0,0,0,0,0,0,0,0,0,0,0,0,0,0,0,0,0,0,0,0,0,0,0,0,0,0,0,0,0,0,0,0,0,0,0,0,0,0,0,0,0,0,0.0,0.0,0.0,0.0,0.0,0.0,0.0,0.0,0.0,0.0,0.0,0.0,0.0,0.0,0.0,0.0,0.0,0.0,0.0,0.0,0.0,0.0,-0.0,-2.004,-2.004,-0.0,0.0,0.0,0.0,0.0,3381.0,-2.004,0.0,0.0,-0.0,-0.0,2.7184274988523002e+23,0.0,0.0,0.0,0.0,0,-0.0,4.066829101708843e+29,0.0,0.0,0.0,0.0,0.0,0.0,0.0,0,0,0,0.0,0.0,0.0,0.0,0.0,0.0,0.0,0.0,0.0,0.0,0.0,0.0,0.0,0.0,0.0,0.0,0,-107875648.0,0,0.0,0,-107875648.0,-107877712.0,0,0,17039,26215,17053,39322,17037,0,0,0,110,100,100,0.0,64.0,0.0,64.9,-107615304.0,68.5,1,49,50,180,0,26215,0,0,0.0,0.0,0.0,0.0,-9.676127412242629e+30,65.0,0.0,-0.0,0.0,645,0,687,0,0,0,715,0,787,0,708,0,689,0,645,0,641,0,618,0.032,36700160.0,-0.0,0.0,39952,16788,-9.512054180344108e+20,-1.290350837352104e+18,0.0,-2.0043849893955592e+27,0.0,1.7384449405124207e+23,29.0,60.0,70,0.0,0.0,0.0,0.0,0.0,0.0,0.0,0.0,0.0,0.0,0.0,0.0,0.0,0.0,0.0,0.0,59.2,68,11,65509,41,65476,0,300,0,0,8,20529,65476,0,0,61604,60.0,0.0,0.0,0.0,0.0,0.0
2026-04-04T11:36:08,ERR,ERR,ERR,ERR,ERR,ERR,ERR,ERR,ERR,ERR,ERR,ERR,ERR,ERR,ERR,ERR,ERR,ERR,ERR,ERR,ERR,ERR,ERR,ERR,ERR,ERR,ERR,ERR,ERR,ERR,ERR,ERR,ERR,ERR,ERR,ERR,ERR,ERR,ERR,ERR,ERR,ERR,ERR,ERR,ERR,ERR,ERR,ERR,ERR,ERR,ERR,ERR,ERR,ERR,ERR,ERR,ERR,ERR,ERR,ERR,ERR,ERR,ERR,ERR,ERR,ERR,ERR,ERR,ERR,ERR,ERR,ERR,ERR,ERR,ERR,ERR,ERR,ERR,ERR,ERR,ERR,ERR,ERR,ERR,ERR,ERR,ERR,ERR,ERR,ERR,ERR,ERR,ERR,ERR,ERR,ERR,ERR,ERR,ERR,ERR,ERR,ERR,ERR,ERR,ERR,ERR,ERR,ERR,ERR,ERR,ERR,ERR,ERR,ERR,ERR,ERR,ERR,ERR,ERR,ERR,ERR,ERR,ERR,ERR,ERR,0.0,-0.0,-101055584.0,0.0,0.0,0.0,0.0,nan,0,0,0,32768,0,0.0,0,0.0,0.0,0.0,0.0,0.0,0,0,0,0,0.0,0,0,0,0,0,0,0,0,0,0,0,0,0,0,0,0,0,0,0,0,0,0,0,0,0,0,0,0,0,0,0,0,0,0,0,0,0,0,0,0,0,0,0,0,0.0,0.0,0.0,0.0,0.0,0.0,0.0,0.0,0.0,0.0,0.0,0.0,0.0,0.0,0.0,0.0,0.0,0.0,0.0,0.0,0.0,0.0,-0.0,-2.004,-2.004,-0.0,0.0,0.0,0.0,0.0,3381.0,-2.004,0.0,0.0,-0.0,-0.0,2.7184274988523002e+23,0.0,0.0,0.0,0.0,0,-0.0,4.066829101708843e+29,0.0,0.0,0.0,0.0,0.0,0.0,0.0,0,0,0,0.0,0.0,0.0,0.0,0.0,0.0,0.0,0.0,0.0,0.0,0.0,0.0,0.0,0.0,0.0,0.0,0,-107875648.0,0,0.0,0,-107875648.0,-107877712.0,0,0,17039,26215,17053,39322,17037,0,0,0,110,100,100,0.0,64.0,0.0,64.9,-107615304.0,68.5,1,49,50,180,0,26215,0,0,0.0,0.0,0.0,0.0,-9.676127412242629e+30,65.0,0.0,-0.0,0.0,645,0,687,0,0,0,715,0,787,0,708,0,689,0,645,0,641,0,618,0.032,36700160.0,-0.0,0.0,39952,16788,-9.512054180344108e+20,-1.290350837352104e+18,0.0,-2.0043849893955592e+27,0.0,1.7384449405124207e+23,29.0,60.0,70,0.0,0.0,0.0,0.0,0.0,0.0,0.0,0.0,0.0,0.0,0.0,0.0,0.0,0.0,0.0,0.0,59.2,68,11,65509,41,65476,0,300,0,0,8,20529,65476,0,0,61604,60.0,0.0,0.0,0.0,0.0,0.0
2026-04-04T11:36:09,ERR,ERR,ERR,ERR,ERR,ERR,ERR,ERR,ERR,ERR,ERR,ERR,ERR,ERR,ERR,ERR,ERR,ERR,ERR,ERR,ERR,ERR,ERR,ERR,ERR,ERR,ERR,ERR,ERR,ERR,ERR,ERR,ERR,ERR,ERR,ERR,ERR,ERR,ERR,ERR,ERR,ERR,ERR,ERR,ERR,ERR,ERR,ERR,ERR,ERR,ERR,ERR,ERR,ERR,ERR,ERR,ERR,ERR,ERR,ERR,ERR,ERR,ERR,ERR,ERR,ERR,ERR,ERR,ERR,ERR,ERR,ERR,ERR,ERR,ERR,ERR,ERR,ERR,ERR,ERR,ERR,ERR,ERR,ERR,ERR,ERR,ERR,ERR,ERR,ERR,ERR,ERR,ERR,ERR,ERR,ERR,ERR,ERR,ERR,ERR,ERR,ERR,ERR,ERR,ERR,ERR,ERR,ERR,ERR,ERR,ERR,ERR,ERR,ERR,ERR,ERR,ERR,ERR,ERR,ERR,ERR,ERR,ERR,ERR,ERR,0.0,-0.0,-101055584.0,0.0,0.0,0.0,0.0,nan,0,0,0,32768,0,0.0,0,0.0,0.0,0.0,0.0,0.0,0,0,0,0,0.0,0,0,0,0,0,0,0,0,0,0,0,0,0,0,0,0,0,0,0,0,0,0,0,0,0,0,0,0,0,0,0,0,0,0,0,0,0,0,0,0,0,0,0,0,0.0,0.0,0.0,0.0,0.0,0.0,0.0,0.0,0.0,0.0,0.0,0.0,0.0,0.0,0.0,0.0,0.0,0.0,0.0,0.0,0.0,0.0,-0.0,-2.004,-2.004,-0.0,0.0,0.0,0.0,0.0,3381.0,-2.004,0.0,0.0,-0.0,-0.0,2.7184274988523002e+23,0.0,0.0,0.0,0.0,0,-0.0,4.066829101708843e+29,0.0,0.0,0.0,0.0,0.0,0.0,0.0,0,0,0,0.0,0.0,0.0,0.0,0.0,0.0,0.0,0.0,0.0,0.0,0.0,0.0,0.0,0.0,0.0,0.0,0,-107875648.0,0,0.0,0,-107875648.0,-107877712.0,0,0,17039,26215,17053,39322,17037,0,0,0,110,100,100,0.0,64.0,0.0,64.9,-107615304.0,68.5,1,49,50,180,0,26215,0,0,0.0,0.0,0.0,0.0,-9.676127412242629e+30,65.0,0.0,-0.0,0.0,645,0,687,0,0,0,715,0,787,0,708,0,689,0,645,0,641,0,618,0.032,36700160.0,-0.0,0.0,39952,16788,-9.512054180344108e+20,-1.290350837352104e+18,0.0,-2.0043849893955592e+27,0.0,1.7384449405124207e+23,29.0,60.0,70,0.0,0.0,0.0,0.0,0.0,0.0,0.0,0.0,0.0,0.0,0.0,0.0,0.0,0.0,0.0,0.0,59.2,68,11,65509,41,65476,0,300,0,0,8,20529,65476,0,0,61604,60.0,0.0,0.0,0.0,0.0,0.0
2026-04-04T11:36:10,ERR,ERR,ERR,ERR,ERR,ERR,ERR,ERR,ERR,ERR,ERR,ERR,ERR,ERR,ERR,ERR,ERR,ERR,ERR,ERR,ERR,ERR,ERR,ERR,ERR,ERR,ERR,ERR,ERR,ERR,ERR,ERR,ERR,ERR,ERR,ERR,ERR,ERR,ERR,ERR,ERR,ERR,ERR,ERR,ERR,ERR,ERR,ERR,ERR,ERR,ERR,ERR,ERR,ERR,ERR,ERR,ERR,ERR,ERR,ERR,ERR,ERR,ERR,ERR,ERR,ERR,ERR,ERR,ERR,ERR,ERR,ERR,ERR,ERR,ERR,ERR,ERR,ERR,ERR,ERR,ERR,ERR,ERR,ERR,ERR,ERR,ERR,ERR,ERR,ERR,ERR,ERR,ERR,ERR,ERR,ERR,ERR,ERR,ERR,ERR,ERR,ERR,ERR,ERR,ERR,ERR,ERR,ERR,ERR,ERR,ERR,ERR,ERR,ERR,ERR,ERR,ERR,ERR,ERR,ERR,ERR,ERR,ERR,ERR,ERR,0.0,-0.0,-101055584.0,0.0,0.0,0.0,0.0,nan,0,0,0,32768,0,0.0,0,0.0,0.0,0.0,0.0,0.0,0,0,0,0,0.0,0,0,0,0,0,0,0,0,0,0,0,0,0,0,0,0,0,0,0,0,0,0,0,0,0,0,0,0,0,0,0,0,0,0,0,0,0,0,0,0,0,0,0,0,0.0,0.0,0.0,0.0,0.0,0.0,0.0,0.0,0.0,0.0,0.0,0.0,0.0,0.0,0.0,0.0,0.0,0.0,0.0,0.0,0.0,0.0,-0.0,-2.004,-2.004,-0.0,0.0,0.0,0.0,0.0,3381.0,-2.004,0.0,0.0,-0.0,-0.0,2.7184274988523002e+23,0.0,0.0,0.0,0.0,0,-0.0,4.066829101708843e+29,0.0,0.0,0.0,0.0,0.0,0.0,0.0,0,0,0,0.0,0.0,0.0,0.0,0.0,0.0,0.0,0.0,0.0,0.0,0.0,0.0,0.0,0.0,0.0,0.0,0,-107875648.0,0,0.0,0,-107875648.0,-107877712.0,0,0,17039,26215,17053,39322,17037,0,0,0,110,100,100,0.0,64.0,0.0,64.9,-107615304.0,68.5,1,49,50,180,0,26215,0,0,0.0,0.0,0.0,0.0,-6.0509105833651255e+26,65.0,0.0,-2.6662199958647184e+20,0.0,645,0,687,0,0,0,715,0,787,0,708,0,689,0,645,0,641,0,618,0.032,36962304.0,-0.0,0.0,52880,16788,-5.080893986415297e+30,-2.6662199958647184e+20,2990579456.0,-7.9503977931862e+37,0.0,-0.0,29.0,60.0,70,0.0,0.0,0.0,0.0,0.0,0.0,0.0,0.0,0.0,0.0,0.0,0.0,0.0,0.0,0.0,0.0,59.2,68,11,65509,41,65476,0,300,0,0,8,20529,65476,0,0,61604,60.0,0.0,0.0,0.0,0.0,0.0
2026-04-04T11:36:11,ERR,ERR,ERR,ERR,ERR,ERR,ERR,ERR,ERR,ERR,ERR,ERR,ERR,ERR,ERR,ERR,ERR,ERR,ERR,ERR,ERR,ERR,ERR,ERR,ERR,ERR,ERR,ERR,ERR,ERR,ERR,ERR,ERR,ERR,ERR,ERR,ERR,ERR,ERR,ERR,ERR,ERR,ERR,ERR,ERR,ERR,ERR,ERR,ERR,ERR,ERR,ERR,ERR,ERR,ERR,ERR,ERR,ERR,ERR,ERR,ERR,ERR,ERR,ERR,ERR,ERR,ERR,ERR,ERR,ERR,ERR,ERR,ERR,ERR,ERR,ERR,ERR,ERR,ERR,ERR,ERR,ERR,ERR,ERR,ERR,ERR,ERR,ERR,ERR,ERR,ERR,ERR,ERR,ERR,ERR,ERR,ERR,ERR,ERR,ERR,ERR,ERR,ERR,ERR,ERR,ERR,ERR,ERR,ERR,ERR,ERR,ERR,ERR,ERR,ERR,ERR,ERR,ERR,ERR,ERR,ERR,ERR,ERR,ERR,ERR,0.0,-0.0,-101055584.0,0.0,0.0,0.0,0.0,nan,0,0,0,32768,0,0.0,0,0.0,0.0,0.0,0.0,0.0,0,0,0,0,0.0,0,0,0,0,0,0,0,0,0,0,0,0,0,0,0,0,0,0,0,0,0,0,0,0,0,0,0,0,0,0,0,0,0,0,0,0,0,0,0,0,0,0,0,0,0.0,0.0,0.0,0.0,0.0,0.0,0.0,0.0,0.0,0.0,0.0,0.0,0.0,0.0,0.0,0.0,0.0,0.0,0.0,0.0,0.0,0.0,-0.0,-2.004,-2.004,-0.0,0.0,0.0,0.0,0.0,3381.0,-2.004,0.0,0.0,-0.0,-0.0,2.7184274988523002e+23,0.0,0.0,0.0,0.0,0,-0.0,4.066829101708843e+29,0.0,0.0,0.0,0.0,0.0,0.0,0.0,0,0,0,0.0,0.0,0.0,0.0,0.0,0.0,0.0,0.0,0.0,0.0,0.0,0.0,0.0,0.0,0.0,0.0,0,-107875648.0,0,0.0,0,-107875648.0,-107877712.0,0,0,17039,26215,17053,39322,17037,0,0,0,110,100,100,0.0,64.0,0.0,64.9,-107615304.0,68.5,1,49,50,180,0,26215,0,0,0.0,0.0,0.0,0.0,-6.0509105833651255e+26,65.0,0.0,-2.6662199958647184e+20,0.0,645,0,687,0,0,0,715,0,787,0,708,0,689,0,645,0,641,0,618,0.032,36962304.0,-0.0,0.0,52880,16788,-5.080893986415297e+30,-2.6662199958647184e+20,2990579456.0,-7.9503977931862e+37,0.0,-0.0,29.0,60.0,70,0.0,0.0,0.0,0.0,0.0,0.0,0.0,0.0,0.0,0.0,0.0,0.0,0.0,0.0,0.0,0.0,59.2,68,11,65509,41,65476,0,300,0,0,8,20529,65476,0,0,61604,60.0,0.0,0.0,0.0,0.0,0.0
2026-04-04T11:36:12,ERR,ERR,ERR,ERR,ERR,ERR,ERR,ERR,ERR,ERR,ERR,ERR,ERR,ERR,ERR,ERR,ERR,ERR,ERR,ERR,ERR,ERR,ERR,ERR,ERR,ERR,ERR,ERR,ERR,ERR,ERR,ERR,ERR,ERR,ERR,ERR,ERR,ERR,ERR,ERR,ERR,ERR,ERR,ERR,ERR,ERR,ERR,ERR,ERR,ERR,ERR,ERR,ERR,ERR,ERR,ERR,ERR,ERR,ERR,ERR,ERR,ERR,ERR,ERR,ERR,ERR,ERR,ERR,ERR,ERR,ERR,ERR,ERR,ERR,ERR,ERR,ERR,ERR,ERR,ERR,ERR,ERR,ERR,ERR,ERR,ERR,ERR,ERR,ERR,ERR,ERR,ERR,ERR,ERR,ERR,ERR,ERR,ERR,ERR,ERR,ERR,ERR,ERR,ERR,ERR,ERR,ERR,ERR,ERR,ERR,ERR,ERR,ERR,ERR,ERR,ERR,ERR,ERR,ERR,ERR,ERR,ERR,ERR,ERR,ERR,0.0,-0.0,-101055584.0,0.0,0.0,0.0,0.0,nan,0,0,0,32768,0,0.0,0,0.0,0.0,0.0,0.0,0.0,0,0,0,0,0.0,0,0,0,0,0,0,0,0,0,0,0,0,0,0,0,0,0,0,0,0,0,0,0,0,0,0,0,0,0,0,0,0,0,0,0,0,0,0,0,0,0,0,0,0,0.0,0.0,0.0,0.0,0.0,0.0,0.0,0.0,0.0,0.0,0.0,0.0,0.0,0.0,0.0,0.0,0.0,0.0,0.0,0.0,0.0,0.0,-0.0,-2.004,-2.004,-0.0,0.0,0.0,0.0,0.0,3381.0,-2.004,0.0,0.0,-0.0,-0.0,2.7184274988523002e+23,0.0,0.0,0.0,0.0,0,-0.0,4.066829101708843e+29,0.0,0.0,0.0,0.0,0.0,0.0,0.0,0,0,0,0.0,0.0,0.0,0.0,0.0,0.0,0.0,0.0,0.0,0.0,0.0,0.0,0.0,0.0,0.0,0.0,0,-107875648.0,0,0.0,0,-107875648.0,-107877712.0,0,0,17039,26215,17053,39322,17037,0,0,0,110,100,100,0.0,64.0,0.0,64.9,-107615304.0,68.5,1,49,50,180,0,26215,0,0,0.0,0.0,0.0,0.0,-6.0509105833651255e+26,65.0,0.0,-2.6662199958647184e+20,0.0,645,0,687,0,0,0,715,0,787,0,708,0,689,0,645,0,641,0,618,0.032,36962304.0,-0.0,0.0,52880,16788,-5.080893986415297e+30,-2.6662199958647184e+20,2990579456.0,-7.9503977931862e+37,0.0,-0.0,29.0,60.0,70,0.0,0.0,0.0,0.0,0.0,0.0,0.0,0.0,0.0,0.0,0.0,0.0,0.0,0.0,0.0,0.0,59.6,68,11,65509,41,65476,0,300,0,0,8,20529,65476,0,0,61604,60.0,0.0,0.0,0.0,0.0,0.0
2026-04-04T11:36:13,ERR,ERR,ERR,ERR,ERR,ERR,ERR,ERR,ERR,ERR,ERR,ERR,ERR,ERR,ERR,ERR,ERR,ERR,ERR,ERR,ERR,ERR,ERR,ERR,ERR,ERR,ERR,ERR,ERR,ERR,ERR,ERR,ERR,ERR,ERR,ERR,ERR,ERR,ERR,ERR,ERR,ERR,ERR,ERR,ERR,ERR,ERR,ERR,ERR,ERR,ERR,ERR,ERR,ERR,ERR,ERR,ERR,ERR,ERR,ERR,ERR,ERR,ERR,ERR,ERR,ERR,ERR,ERR,ERR,ERR,ERR,ERR,ERR,ERR,ERR,ERR,ERR,ERR,ERR,ERR,ERR,ERR,ERR,ERR,ERR,ERR,ERR,ERR,ERR,ERR,ERR,ERR,ERR,ERR,ERR,ERR,ERR,ERR,ERR,ERR,ERR,ERR,ERR,ERR,ERR,ERR,ERR,ERR,ERR,ERR,ERR,ERR,ERR,ERR,ERR,ERR,ERR,ERR,ERR,ERR,ERR,ERR,ERR,ERR,ERR,0.0,-0.0,-101055584.0,0.0,0.0,0.0,0.0,nan,0,0,0,32768,0,0.0,0,0.0,0.0,0.0,0.0,0.0,0,0,0,0,0.0,0,0,0,0,0,0,0,0,0,0,0,0,0,0,0,0,0,0,0,0,0,0,0,0,0,0,0,0,0,0,0,0,0,0,0,0,0,0,0,0,0,0,0,0,0.0,0.0,0.0,0.0,0.0,0.0,0.0,0.0,0.0,0.0,0.0,0.0,0.0,0.0,0.0,0.0,0.0,0.0,0.0,0.0,0.0,0.0,-0.0,-2.004,-2.004,-0.0,0.0,0.0,0.0,0.0,3378.0,-0.0,0.0,0.0,-0.0,-0.0,2.7184274988523002e+23,0.0,0.0,0.0,0.0,0,-0.0,1.905674755852206e+17,0.0,0.0,0.0,0.0,0.0,0.0,0.0,0,0,0,0.0,0.0,0.0,0.0,0.0,0.0,0.0,0.0,0.0,0.0,0.0,0.0,0.0,0.0,0.0,0.0,0,-107875648.0,0,0.0,0,-107875648.0,-107877712.0,0,0,17039,26215,17053,39322,17037,0,0,0,110,100,100,0.0,64.0,0.0,64.9,-107615304.0,68.5,1,49,50,180,0,26215,0,0,0.0,0.0,0.0,0.0,-6.0509105833651255e+26,65.0,0.0,-2.6662199958647184e+20,0.0,645,0,687,0,0,0,715,0,787,0,708,0,689,0,645,0,641,0,618,0.032,36962304.0,-0.0,0.0,52880,16788,-5.080893986415297e+30,-2.6662199958647184e+20,2990579456.0,-7.9503977931862e+37,0.0,-0.0,29.0,60.0,70,0.0,0.0,0.0,0.0,0.0,0.0,0.0,0.0,0.0,0.0,0.0,0.0,0.0,0.0,0.0,0.0,59.6,68,11,65509,41,65476,0,300,0,0,8,20529,65476,0,0,61604,60.0,0.0,0.0,0.0,0.0,0.0
2026-04-04T11:36:14,ERR,ERR,ERR,ERR,ERR,ERR,ERR,ERR,ERR,ERR,ERR,ERR,ERR,ERR,ERR,ERR,ERR,ERR,ERR,ERR,ERR,ERR,ERR,ERR,ERR,ERR,ERR,ERR,ERR,ERR,ERR,ERR,ERR,ERR,ERR,ERR,ERR,ERR,ERR,ERR,ERR,ERR,ERR,ERR,ERR,ERR,ERR,ERR,ERR,ERR,ERR,ERR,ERR,ERR,ERR,ERR,ERR,ERR,ERR,ERR,ERR,ERR,ERR,ERR,ERR,ERR,ERR,ERR,ERR,ERR,ERR,ERR,ERR,ERR,ERR,ERR,ERR,ERR,ERR,ERR,ERR,ERR,ERR,ERR,ERR,ERR,ERR,ERR,ERR,ERR,ERR,ERR,ERR,ERR,ERR,ERR,ERR,ERR,ERR,ERR,ERR,ERR,ERR,ERR,ERR,ERR,ERR,ERR,ERR,ERR,ERR,ERR,ERR,ERR,ERR,ERR,ERR,ERR,ERR,ERR,ERR,ERR,ERR,ERR,ERR,0.0,-0.0,-101055584.0,0.0,0.0,0.0,0.0,nan,0,0,0,32768,0,0.0,0,0.0,0.0,0.0,0.0,0.0,0,0,0,0,0.0,0,0,0,0,0,0,0,0,0,0,0,0,0,0,0,0,0,0,0,0,0,0,0,0,0,0,0,0,0,0,0,0,0,0,0,0,0,0,0,0,0,0,0,0,0.0,0.0,0.0,0.0,0.0,0.0,0.0,0.0,0.0,0.0,0.0,0.0,0.0,0.0,0.0,0.0,0.0,0.0,0.0,0.0,0.0,0.0,-0.0,-2.004,-2.004,-0.0,0.0,0.0,0.0,0.0,3378.0,-0.0,0.0,0.0,-0.0,-0.0,2.7184274988523002e+23,0.0,0.0,0.0,0.0,0,-0.0,1.905674755852206e+17,0.0,0.0,0.0,0.0,0.0,0.0,0.0,0,0,0,0.0,0.0,0.0,0.0,0.0,0.0,0.0,0.0,0.0,0.0,0.0,0.0,0.0,0.0,0.0,0.0,0,-107875648.0,0,0.0,0,-107875648.0,-107877712.0,0,0,17039,26215,17053,39322,17037,0,0,0,110,100,100,0.0,64.0,0.0,64.9,-107615304.0,68.5,1,49,50,180,0,26215,0,0,0.0,0.0,0.0,0.0,-7.386550926069134e+35,65.0,0.0,-9.29979800210423e+33,0.0,645,0,687,0,0,0,715,0,787,0,708,0,689,0,645,0,641,0,617,0.032,37224448.0,2.004,-107615152.0,49296,16788,-2.5365387443549316e+36,-9.29979800210423e+33,9.342707943973455e+32,-254.249,548162273280.0,-0.0,29.0,60.0,70,0.0,0.0,0.0,0.0,0.0,0.0,0.0,0.0,0.0,0.0,0.0,0.0,0.0,0.0,0.0,0.0,59.6,68,11,65509,41,65476,0,300,0,0,8,20529,65476,0,0,61604,60.0,0.0,0.0,0.0,0.0,0.0
2026-04-04T11:36:15,ERR,ERR,ERR,ERR,ERR,ERR,ERR,ERR,ERR,ERR,ERR,ERR,ERR,ERR,ERR,ERR,ERR,ERR,ERR,ERR,ERR,ERR,ERR,ERR,ERR,ERR,ERR,ERR,ERR,ERR,ERR,ERR,ERR,ERR,ERR,ERR,ERR,ERR,ERR,ERR,ERR,ERR,ERR,ERR,ERR,ERR,ERR,ERR,ERR,ERR,ERR,ERR,ERR,ERR,ERR,ERR,ERR,ERR,ERR,ERR,ERR,ERR,ERR,ERR,ERR,ERR,ERR,ERR,ERR,ERR,ERR,ERR,ERR,ERR,ERR,ERR,ERR,ERR,ERR,ERR,ERR,ERR,ERR,ERR,ERR,ERR,ERR,ERR,ERR,ERR,ERR,ERR,ERR,ERR,ERR,ERR,ERR,ERR,ERR,ERR,ERR,ERR,ERR,ERR,ERR,ERR,ERR,ERR,ERR,ERR,ERR,ERR,ERR,ERR,ERR,ERR,ERR,ERR,ERR,ERR,ERR,ERR,ERR,ERR,ERR,0.0,-0.0,-101055584.0,0.0,0.0,0.0,0.0,nan,0,0,0,32768,0,0.0,0,0.0,0.0,0.0,0.0,0.0,0,0,0,0,0.0,0,0,0,0,0,0,0,0,0,0,0,0,0,0,0,0,0,0,0,0,0,0,0,0,0,0,0,0,0,0,0,0,0,0,0,0,0,0,0,0,0,0,0,0,0.0,0.0,0.0,0.0,0.0,0.0,0.0,0.0,0.0,0.0,0.0,0.0,0.0,0.0,0.0,0.0,0.0,0.0,0.0,0.0,0.0,0.0,-0.0,-2.004,-2.004,-0.0,0.0,0.0,0.0,0.0,3378.0,-0.0,0.0,0.0,-0.0,-0.0,2.7184274988523002e+23,0.0,0.0,0.0,0.0,0,-0.0,1.905674755852206e+17,0.0,0.0,0.0,0.0,0.0,0.0,0.0,0,0,0,0.0,0.0,0.0,0.0,0.0,0.0,0.0,0.0,0.0,0.0,0.0,0.0,0.0,0.0,0.0,0.0,0,-107875648.0,0,0.0,0,-107875648.0,-107877712.0,0,0,17039,26215,17053,39322,17037,0,0,0,110,100,100,0.0,64.0,0.0,64.9,-107615304.0,68.5,1,49,50,180,0,26215,0,0,0.0,0.0,0.0,0.0,-7.386550926069134e+35,65.0,0.0,-9.29979800210423e+33,0.0,645,0,687,0,0,0,715,0,787,0,708,0,689,0,645,0,641,0,617,0.032,37224448.0,2.004,-107615152.0,49296,16788,-2.5365387443549316e+36,-9.29979800210423e+33,9.342707943973455e+32,-254.249,548162273280.0,-0.0,29.0,60.0,70,0.0,0.0,0.0,0.0,0.0,0.0,0.0,0.0,0.0,0.0,0.0,0.0,0.0,0.0,0.0,0.0,59.6,68,11,65509,41,65476,0,300,0,0,8,20529,65476,0,0,61604,60.0,0.0,0.0,0.0,0.0,0.0
2026-04-04T11:36:16,ERR,ERR,ERR,ERR,ERR,ERR,ERR,ERR,ERR,ERR,ERR,ERR,ERR,ERR,ERR,ERR,ERR,ERR,ERR,ERR,ERR,ERR,ERR,ERR,ERR,ERR,ERR,ERR,ERR,ERR,ERR,ERR,ERR,ERR,ERR,ERR,ERR,ERR,ERR,ERR,ERR,ERR,ERR,ERR,ERR,ERR,ERR,ERR,ERR,ERR,ERR,ERR,ERR,ERR,ERR,ERR,ERR,ERR,ERR,ERR,ERR,ERR,ERR,ERR,ERR,ERR,ERR,ERR,ERR,ERR,ERR,ERR,ERR,ERR,ERR,ERR,ERR,ERR,ERR,ERR,ERR,ERR,ERR,ERR,ERR,ERR,ERR,ERR,ERR,ERR,ERR,ERR,ERR,ERR,ERR,ERR,ERR,ERR,ERR,ERR,ERR,ERR,ERR,ERR,ERR,ERR,ERR,ERR,ERR,ERR,ERR,ERR,ERR,ERR,ERR,ERR,ERR,ERR,ERR,ERR,ERR,ERR,ERR,ERR,ERR,0.0,-0.0,-101055584.0,0.0,0.0,0.0,0.0,nan,0,0,0,32768,0,0.0,0,0.0,0.0,0.0,0.0,0.0,0,0,0,0,0.0,0,0,0,0,0,0,0,0,0,0,0,0,0,0,0,0,0,0,0,0,0,0,0,0,0,0,0,0,0,0,0,0,0,0,0,0,0,0,0,0,0,0,0,0,0.0,0.0,0.0,0.0,0.0,0.0,0.0,0.0,0.0,0.0,0.0,0.0,0.0,0.0,0.0,0.0,0.0,0.0,0.0,0.0,0.0,0.0,-0.0,-2.004,-2.004,-0.0,0.0,0.0,0.0,0.0,3378.0,-0.0,0.0,0.0,-0.0,-0.0,2.7184274988523002e+23,0.0,0.0,0.0,0.0,0,-0.0,1.905674755852206e+17,0.0,0.0,0.0,0.0,0.0,0.0,0.0,0,0,0,0.0,0.0,0.0,0.0,0.0,0.0,0.0,0.0,0.0,0.0,0.0,0.0,0.0,0.0,0.0,0.0,0,-107875648.0,0,0.0,0,-107875648.0,-107877712.0,0,0,17039,26215,17053,39322,17037,0,0,0,110,100,100,0.0,64.0,0.0,64.9,-107615304.0,68.5,1,49,50,180,0,26215,0,0,0.0,0.0,0.0,0.0,-7.386550926069134e+35,65.0,0.0,-9.29979800210423e+33,0.0,645,0,687,0,0,0,715,0,787,0,708,0,689,0,645,0,641,0,617,0.032,37224448.0,2.004,-107615152.0,49296,16788,-2.5365387443549316e+36,-9.29979800210423e+33,9.342707943973455e+32,-254.249,548162273280.0,-0.0,29.0,60.0,70,0.0,0.0,0.0,0.0,0.0,0.0,0.0,0.0,0.0,0.0,0.0,0.0,0.0,0.0,0.0,0.0,59.2,68,11,65509,41,65476,0,300,0,0,8,20529,65476,0,0,61604,60.0,0.0,0.0,0.0,0.0,0.0
2026-04-04T11:36:17,ERR,ERR,ERR,ERR,ERR,ERR,ERR,ERR,ERR,ERR,ERR,ERR,ERR,ERR,ERR,ERR,ERR,ERR,ERR,ERR,ERR,ERR,ERR,ERR,ERR,ERR,ERR,ERR,ERR,ERR,ERR,ERR,ERR,ERR,ERR,ERR,ERR,ERR,ERR,ERR,ERR,ERR,ERR,ERR,ERR,ERR,ERR,ERR,ERR,ERR,ERR,ERR,ERR,ERR,ERR,ERR,ERR,ERR,ERR,ERR,ERR,ERR,ERR,ERR,ERR,ERR,ERR,ERR,ERR,ERR,ERR,ERR,ERR,ERR,ERR,ERR,ERR,ERR,ERR,ERR,ERR,ERR,ERR,ERR,ERR,ERR,ERR,ERR,ERR,ERR,ERR,ERR,ERR,ERR,ERR,ERR,ERR,ERR,ERR,ERR,ERR,ERR,ERR,ERR,ERR,ERR,ERR,ERR,ERR,ERR,ERR,ERR,ERR,ERR,ERR,ERR,ERR,ERR,ERR,ERR,ERR,ERR,ERR,ERR,ERR,0.0,-0.0,-101055584.0,0.0,0.0,0.0,0.0,nan,0,0,0,32768,0,0.0,0,0.0,0.0,0.0,0.0,0.0,0,0,0,0,0.0,0,0,0,0,0,0,0,0,0,0,0,0,0,0,0,0,0,0,0,0,0,0,0,0,0,0,0,0,0,0,0,0,0,0,0,0,0,0,0,0,0,0,0,0,0.0,0.0,0.0,0.0,0.0,0.0,0.0,0.0,0.0,0.0,0.0,0.0,0.0,0.0,0.0,0.0,0.0,0.0,0.0,0.0,0.0,0.0,-0.0,-2.004,-2.004,-0.0,0.0,0.0,0.0,0.0,3378.0,-0.0,0.0,0.0,-0.0,-0.0,2.7184274988523002e+23,0.0,0.0,0.0,0.0,0,-0.0,1.905674755852206e+17,0.0,0.0,0.0,0.0,0.0,0.0,0.0,0,0,0,0.0,0.0,0.0,0.0,0.0,0.0,0.0,0.0,0.0,0.0,0.0,0.0,0.0,0.0,0.0,0.0,0,-107875648.0,0,0.0,0,-107875648.0,-107877712.0,0,0,17039,26215,17053,39322,17037,0,0,0,110,100,100,0.0,64.0,0.0,64.9,-107615304.0,68.5,1,49,50,180,0,26215,0,0,0.0,0.0,0.0,0.0,-7.386550926069134e+35,65.0,0.0,-9.29979800210423e+33,0.0,645,0,687,0,0,0,715,0,787,0,708,0,689,0,645,0,641,0,617,0.032,37224448.0,2.004,-107615152.0,49296,16788,-2.5365387443549316e+36,-9.29979800210423e+33,9.342707943973455e+32,-254.249,548162273280.0,-0.0,29.0,60.0,70,0.0,0.0,0.0,0.0,0.0,0.0,0.0,0.0,0.0,0.0,0.0,0.0,0.0,0.0,0.0,0.0,59.2,68,11,65509,41,65476,0,300,0,0,8,20529,65476,0,0,61604,60.0,0.0,0.0,0.0,0.0,0.0
2026-04-04T11:36:18,ERR,ERR,ERR,ERR,ERR,ERR,ERR,ERR,ERR,ERR,ERR,ERR,ERR,ERR,ERR,ERR,ERR,ERR,ERR,ERR,ERR,ERR,ERR,ERR,ERR,ERR,ERR,ERR,ERR,ERR,ERR,ERR,ERR,ERR,ERR,ERR,ERR,ERR,ERR,ERR,ERR,ERR,ERR,ERR,ERR,ERR,ERR,ERR,ERR,ERR,ERR,ERR,ERR,ERR,ERR,ERR,ERR,ERR,ERR,ERR,ERR,ERR,ERR,ERR,ERR,ERR,ERR,ERR,ERR,ERR,ERR,ERR,ERR,ERR,ERR,ERR,ERR,ERR,ERR,ERR,ERR,ERR,ERR,ERR,ERR,ERR,ERR,ERR,ERR,ERR,ERR,ERR,ERR,ERR,ERR,ERR,ERR,ERR,ERR,ERR,ERR,ERR,ERR,ERR,ERR,ERR,ERR,ERR,ERR,ERR,ERR,ERR,ERR,ERR,ERR,ERR,ERR,ERR,ERR,ERR,ERR,ERR,ERR,ERR,ERR,0.0,-0.0,-101055584.0,0.0,0.0,0.0,0.0,nan,0,0,0,32768,0,0.0,0,0.0,0.0,0.0,0.0,0.0,0,0,0,0,0.0,0,0,0,0,0,0,0,0,0,0,0,0,0,0,0,0,0,0,0,0,0,0,0,0,0,0,0,0,0,0,0,0,0,0,0,0,0,0,0,0,0,0,0,0,0.0,0.0,0.0,0.0,0.0,0.0,0.0,0.0,0.0,0.0,0.0,0.0,0.0,0.0,0.0,0.0,0.0,0.0,0.0,0.0,0.0,0.0,-0.0,-2.004,-2.004,-0.0,0.0,0.0,0.0,0.0,3378.0,-0.0,0.0,0.0,-0.0,-0.0,2.7184274988523002e+23,0.0,0.0,0.0,0.0,0,-0.0,1.905674755852206e+17,0.0,0.0,0.0,0.0,0.0,0.0,0.0,0,0,0,0.0,0.0,0.0,0.0,0.0,0.0,0.0,0.0,0.0,0.0,0.0,0.0,0.0,0.0,0.0,0.0,0,-107875648.0,0,0.0,0,-107875648.0,-107877712.0,0,0,17039,26215,17053,39322,17037,0,0,0,110,100,100,0.0,64.0,0.0,64.9,-107615304.0,68.5,1,49,50,180,0,26215,0,0,0.0,0.0,0.0,0.0,-7.386550926069134e+35,65.0,0.0,-9.29979800210423e+33,0.0,645,0,687,0,0,0,715,0,787,0,708,0,689,0,645,0,641,0,617,0.032,37224448.0,2.004,-107615152.0,49296,16788,-2.5365387443549316e+36,-9.29979800210423e+33,9.342707943973455e+32,-254.249,548162273280.0,-0.0,29.0,60.0,70,0.0,0.0,0.0,0.0,0.0,0.0,0.0,0.0,0.0,0.0,0.0,0.0,0.0,0.0,0.0,0.0,59.2,68,11,65509,41,65476,0,300,0,0,8,20529,65476,0,0,61604,60.0,0.0,0.0,0.0,0.0,0.0
2026-04-04T11:36:19,ERR,ERR,ERR,ERR,ERR,ERR,ERR,ERR,ERR,ERR,ERR,ERR,ERR,ERR,ERR,ERR,ERR,ERR,ERR,ERR,ERR,ERR,ERR,ERR,ERR,ERR,ERR,ERR,ERR,ERR,ERR,ERR,ERR,ERR,ERR,ERR,ERR,ERR,ERR,ERR,ERR,ERR,ERR,ERR,ERR,ERR,ERR,ERR,ERR,ERR,ERR,ERR,ERR,ERR,ERR,ERR,ERR,ERR,ERR,ERR,ERR,ERR,ERR,ERR,ERR,ERR,ERR,ERR,ERR,ERR,ERR,ERR,ERR,ERR,ERR,ERR,ERR,ERR,ERR,ERR,ERR,ERR,ERR,ERR,ERR,ERR,ERR,ERR,ERR,ERR,ERR,ERR,ERR,ERR,ERR,ERR,ERR,ERR,ERR,ERR,ERR,ERR,ERR,ERR,ERR,ERR,ERR,ERR,ERR,ERR,ERR,ERR,ERR,ERR,ERR,ERR,ERR,ERR,ERR,ERR,ERR,ERR,ERR,ERR,ERR,0.0,-0.0,-101055584.0,0.0,0.0,0.0,0.0,nan,0,0,0,32768,0,0.0,0,0.0,0.0,0.0,0.0,0.0,0,0,0,0,0.0,0,0,0,0,0,0,0,0,0,0,0,0,0,0,0,0,0,0,0,0,0,0,0,0,0,0,0,0,0,0,0,0,0,0,0,0,0,0,0,0,0,0,0,0,0.0,0.0,0.0,0.0,0.0,0.0,0.0,0.0,0.0,0.0,0.0,0.0,0.0,0.0,0.0,0.0,0.0,0.0,0.0,0.0,0.0,0.0,-0.0,-2.004,-2.004,-0.0,0.0,0.0,0.0,0.0,3378.0,-0.0,0.0,0.0,-0.0,-0.0,2.7184274988523002e+23,0.0,0.0,0.0,0.0,0,-0.0,1.905674755852206e+17,0.0,0.0,0.0,0.0,0.0,0.0,0.0,0,0,0,0.0,0.0,0.0,0.0,0.0,0.0,0.0,0.0,0.0,0.0,0.0,0.0,0.0,0.0,0.0,0.0,0,-107875648.0,0,0.0,0,-107875648.0,-107877712.0,0,0,17039,26215,17053,39322,17037,0,0,0,110,100,100,0.0,64.0,0.0,64.9,-107615304.0,68.5,1,49,50,180,0,26215,0,0,0.0,0.0,0.0,0.0,-7.386550926069134e+35,65.0,0.0,-9.29979800210423e+33,0.0,645,0,687,0,0,0,715,0,787,0,708,0,689,0,645,0,641,0,617,0.032,37224448.0,2.004,-107615152.0,49296,16788,-2.5365387443549316e+36,-9.29979800210423e+33,9.342707943973455e+32,-254.249,548162273280.0,-0.0,29.0,60.0,70,0.0,0.0,0.0,0.0,0.0,0.0,0.0,0.0,0.0,0.0,0.0,0.0,0.0,0.0,0.0,0.0,59.2,68,11,65509,41,65476,0,300,0,0,8,20529,65476,0,0,61604,60.0,0.0,0.0,0.0,0.0,0.0
2026-04-04T11:36:20,ERR,ERR,ERR,ERR,ERR,ERR,ERR,ERR,ERR,ERR,ERR,ERR,ERR,ERR,ERR,ERR,ERR,ERR,ERR,ERR,ERR,ERR,ERR,ERR,ERR,ERR,ERR,ERR,ERR,ERR,ERR,ERR,ERR,ERR,ERR,ERR,ERR,ERR,ERR,ERR,ERR,ERR,ERR,ERR,ERR,ERR,ERR,ERR,ERR,ERR,ERR,ERR,ERR,ERR,ERR,ERR,ERR,ERR,ERR,ERR,ERR,ERR,ERR,ERR,ERR,ERR,ERR,ERR,ERR,ERR,ERR,ERR,ERR,ERR,ERR,ERR,ERR,ERR,ERR,ERR,ERR,ERR,ERR,ERR,ERR,ERR,ERR,ERR,ERR,ERR,ERR,ERR,ERR,ERR,ERR,ERR,ERR,ERR,ERR,ERR,ERR,ERR,ERR,ERR,ERR,ERR,ERR,ERR,ERR,ERR,ERR,ERR,ERR,ERR,ERR,ERR,ERR,ERR,ERR,ERR,ERR,ERR,ERR,ERR,ERR,0.0,-0.0,-101055584.0,0.0,0.0,0.0,0.0,nan,0,0,0,32768,0,0.0,0,0.0,0.0,0.0,0.0,0.0,0,0,0,0,0.0,0,0,0,0,0,0,0,0,0,0,0,0,0,0,0,0,0,0,0,0,0,0,0,0,0,0,0,0,0,0,0,0,0,0,0,0,0,0,0,0,0,0,0,0,0.0,0.0,0.0,0.0,0.0,0.0,0.0,0.0,0.0,0.0,0.0,0.0,0.0,0.0,0.0,0.0,0.0,0.0,0.0,0.0,0.0,0.0,-0.0,-2.004,-2.004,-0.0,0.0,0.0,0.0,0.0,3380.5,2.004,0.0,0.0,-0.0,-0.0,2.7184274988523002e+23,0.0,0.0,0.0,0.0,0,-0.0,0.0,0.0,0.0,0.0,0.0,0.0,0.0,0.0,0,0,0,0.0,0.0,0.0,0.0,0.0,0.0,0.0,0.0,0.0,0.0,0.0,0.0,0.0,0.0,0.0,0.0,0,-107875648.0,0,0.0,0,-107875648.0,-107877712.0,0,0,17039,26215,17053,39322,17037,0,0,0,110,100,100,0.0,64.0,0.0,64.9,-107615304.0,68.5,1,49,50,180,0,26215,0,0,0.0,0.0,0.0,0.0,-2.0993840411361856e+22,65.0,0.0,-0.0,0.0,645,0,687,0,0,0,715,0,787,0,708,0,689,0,645,0,641,0,617,0.032,36700160.0,2.004,-107615152.0,57872,16788,-4.105701568366406e+27,-4.993813807981868e+19,7.07,13211221884928.0,0.0,-0.0,29.0,60.0,70,0.0,0.0,0.0,0.0,0.0,0.0,0.0,0.0,0.0,0.0,0.0,0.0,0.0,0.0,0.0,0.0,59.2,68,11,65509,41,65476,0,300,0,0,8,20529,65476,0,0,61604,60.0,0.0,0.0,0.0,0.0,0.0
2026-04-04T11:36:21,ERR,ERR,ERR,ERR,ERR,ERR,ERR,ERR,ERR,ERR,ERR,ERR,ERR,ERR,ERR,ERR,ERR,ERR,ERR,ERR,ERR,ERR,ERR,ERR,ERR,ERR,ERR,ERR,ERR,ERR,ERR,ERR,ERR,ERR,ERR,ERR,ERR,ERR,ERR,ERR,ERR,ERR,ERR,ERR,ERR,ERR,ERR,ERR,ERR,ERR,ERR,ERR,ERR,ERR,ERR,ERR,ERR,ERR,ERR,ERR,ERR,ERR,ERR,ERR,ERR,ERR,ERR,ERR,ERR,ERR,ERR,ERR,ERR,ERR,ERR,ERR,ERR,ERR,ERR,ERR,ERR,ERR,ERR,ERR,ERR,ERR,ERR,ERR,ERR,ERR,ERR,ERR,ERR,ERR,ERR,ERR,ERR,ERR,ERR,ERR,ERR,ERR,ERR,ERR,ERR,ERR,ERR,ERR,ERR,ERR,ERR,ERR,ERR,ERR,ERR,ERR,ERR,ERR,ERR,ERR,ERR,ERR,ERR,ERR,ERR,0.0,-0.0,-101055584.0,0.0,0.0,0.0,0.0,nan,0,0,0,32768,0,0.0,0,0.0,0.0,0.0,0.0,0.0,0,0,0,0,0.0,0,0,0,0,0,0,0,0,0,0,0,0,0,0,0,0,0,0,0,0,0,0,0,0,0,0,0,0,0,0,0,0,0,0,0,0,0,0,0,0,0,0,0,0,0.0,0.0,0.0,0.0,0.0,0.0,0.0,0.0,0.0,0.0,0.0,0.0,0.0,0.0,0.0,0.0,0.0,0.0,0.0,0.0,0.0,0.0,-0.0,-2.004,-2.004,-0.0,0.0,0.0,0.0,0.0,3380.5,2.004,0.0,0.0,-0.0,-0.0,2.7184274988523002e+23,0.0,0.0,0.0,0.0,0,-0.0,0.0,0.0,0.0,0.0,0.0,0.0,0.0,0.0,0,0,0,0.0,0.0,0.0,0.0,0.0,0.0,0.0,0.0,0.0,0.0,0.0,0.0,0.0,0.0,0.0,0.0,0,-107875648.0,0,0.0,0,-107875648.0,-107877712.0,0,0,17039,26215,17053,39322,17037,0,0,0,110,100,100,0.0,64.0,0.0,64.9,-107615304.0,68.5,1,49,50,180,0,26215,0,0,0.0,0.0,0.0,0.0,-2.0993840411361856e+22,65.0,0.0,-0.0,0.0,645,0,687,0,0,0,715,0,787,0,708,0,689,0,645,0,641,0,617,0.032,36700160.0,2.004,-107615152.0,57872,16788,-4.105701568366406e+27,-4.993813807981868e+19,7.07,13211221884928.0,0.0,-0.0,29.0,60.0,70,0.0,0.0,0.0,0.0,0.0,0.0,0.0,0.0,0.0,0.0,0.0,0.0,0.0,0.0,0.0,0.0,59.6,68,11,65509,41,65476,0,300,0,0,8,20529,65476,0,0,61604,60.0,0.0,0.0,0.0,0.0,0.0
2026-04-04T11:36:22,ERR,ERR,ERR,ERR,ERR,ERR,ERR,ERR,ERR,ERR,ERR,ERR,ERR,ERR,ERR,ERR,ERR,ERR,ERR,ERR,ERR,ERR,ERR,ERR,ERR,ERR,ERR,ERR,ERR,ERR,ERR,ERR,ERR,ERR,ERR,ERR,ERR,ERR,ERR,ERR,ERR,ERR,ERR,ERR,ERR,ERR,ERR,ERR,ERR,ERR,ERR,ERR,ERR,ERR,ERR,ERR,ERR,ERR,ERR,ERR,ERR,ERR,ERR,ERR,ERR,ERR,ERR,ERR,ERR,ERR,ERR,ERR,ERR,ERR,ERR,ERR,ERR,ERR,ERR,ERR,ERR,ERR,ERR,ERR,ERR,ERR,ERR,ERR,ERR,ERR,ERR,ERR,ERR,ERR,ERR,ERR,ERR,ERR,ERR,ERR,ERR,ERR,ERR,ERR,ERR,ERR,ERR,ERR,ERR,ERR,ERR,ERR,ERR,ERR,ERR,ERR,ERR,ERR,ERR,ERR,ERR,ERR,ERR,ERR,ERR,0.0,-0.0,-101055584.0,0.0,0.0,0.0,0.0,nan,0,0,0,32768,0,0.0,0,0.0,0.0,0.0,0.0,0.0,0,0,0,0,0.0,0,0,0,0,0,0,0,0,0,0,0,0,0,0,0,0,0,0,0,0,0,0,0,0,0,0,0,0,0,0,0,0,0,0,0,0,0,0,0,0,0,0,0,0,0.0,0.0,0.0,0.0,0.0,0.0,0.0,0.0,0.0,0.0,0.0,0.0,0.0,0.0,0.0,0.0,0.0,0.0,0.0,0.0,0.0,0.0,-0.0,-2.004,-2.004,-0.0,0.0,0.0,0.0,0.0,3380.5,2.004,0.0,0.0,-0.0,-0.0,2.7184274988523002e+23,0.0,0.0,0.0,0.0,0,-0.0,0.0,0.0,0.0,0.0,0.0,0.0,0.0,0.0,0,0,0,0.0,0.0,0.0,0.0,0.0,0.0,0.0,0.0,0.0,0.0,0.0,0.0,0.0,0.0,0.0,0.0,0,-107875648.0,0,0.0,0,-107875648.0,-107877712.0,0,0,17039,26215,17053,39322,17037,0,0,0,110,100,100,0.0,64.0,0.0,64.9,-107615304.0,68.5,1,49,50,180,0,26215,0,0,0.0,0.0,0.0,0.0,-2.0993840411361856e+22,65.0,0.0,-0.0,0.0,645,0,687,0,0,0,715,0,787,0,708,0,689,0,645,0,641,0,617,0.032,36700160.0,2.004,-107615152.0,57872,16788,-4.105701568366406e+27,-4.993813807981868e+19,7.07,13211221884928.0,0.0,-0.0,29.0,60.0,70,0.0,0.0,0.0,0.0,0.0,0.0,0.0,0.0,0.0,0.0,0.0,0.0,0.0,0.0,0.0,0.0,59.6,68,11,65509,41,65476,0,300,0,0,8,20529,65476,0,0,61604,60.0,0.0,0.0,0.0,0.0,0.0
2026-04-04T11:36:23,ERR,ERR,ERR,ERR,ERR,ERR,ERR,ERR,ERR,ERR,ERR,ERR,ERR,ERR,ERR,ERR,ERR,ERR,ERR,ERR,ERR,ERR,ERR,ERR,ERR,ERR,ERR,ERR,ERR,ERR,ERR,ERR,ERR,ERR,ERR,ERR,ERR,ERR,ERR,ERR,ERR,ERR,ERR,ERR,ERR,ERR,ERR,ERR,ERR,ERR,ERR,ERR,ERR,ERR,ERR,ERR,ERR,ERR,ERR,ERR,ERR,ERR,ERR,ERR,ERR,ERR,ERR,ERR,ERR,ERR,ERR,ERR,ERR,ERR,ERR,ERR,ERR,ERR,ERR,ERR,ERR,ERR,ERR,ERR,ERR,ERR,ERR,ERR,ERR,ERR,ERR,ERR,ERR,ERR,ERR,ERR,ERR,ERR,ERR,ERR,ERR,ERR,ERR,ERR,ERR,ERR,ERR,ERR,ERR,ERR,ERR,ERR,ERR,ERR,ERR,ERR,ERR,ERR,ERR,ERR,ERR,ERR,ERR,ERR,ERR,0.0,-0.0,-101055584.0,0.0,0.0,0.0,0.0,nan,0,0,0,32768,0,0.0,0,0.0,0.0,0.0,0.0,0.0,0,0,0,0,0.0,0,0,0,0,0,0,0,0,0,0,0,0,0,0,0,0,0,0,0,0,0,0,0,0,0,0,0,0,0,0,0,0,0,0,0,0,0,0,0,0,0,0,0,0,0.0,0.0,0.0,0.0,0.0,0.0,0.0,0.0,0.0,0.0,0.0,0.0,0.0,0.0,0.0,0.0,0.0,0.0,0.0,0.0,0.0,0.0,-0.0,-2.004,-2.004,-0.0,0.0,0.0,0.0,0.0,3380.5,2.004,0.0,0.0,-0.0,-0.0,2.7184274988523002e+23,0.0,0.0,0.0,0.0,0,-0.0,0.0,0.0,0.0,0.0,0.0,0.0,0.0,0.0,0,0,0,0.0,0.0,0.0,0.0,0.0,0.0,0.0,0.0,0.0,0.0,0.0,0.0,0.0,0.0,0.0,0.0,0,-107875648.0,0,0.0,0,-107875648.0,-107877712.0,0,0,17039,26215,17053,39322,17037,0,0,0,110,100,100,0.0,64.0,0.0,64.9,-107615304.0,68.5,1,49,50,180,0,26215,0,0,0.0,0.0,0.0,0.0,-2.0993840411361856e+22,65.0,0.0,-0.0,0.0,645,0,687,0,0,0,715,0,787,0,708,0,689,0,645,0,641,0,617,0.032,36700160.0,2.004,-107615152.0,57872,16788,-4.105701568366406e+27,-4.993813807981868e+19,7.07,13211221884928.0,0.0,-0.0,29.0,60.0,70,0.0,0.0,0.0,0.0,0.0,0.0,0.0,0.0,0.0,0.0,0.0,0.0,0.0,0.0,0.0,0.0,59.6,68,11,65509,41,65476,0,300,0,0,8,20529,65476,0,0,61604,60.0,0.0,0.0,0.0,0.0,0.0
2026-04-04T11:36:24,ERR,ERR,ERR,ERR,ERR,ERR,ERR,ERR,ERR,ERR,ERR,ERR,ERR,ERR,ERR,ERR,ERR,ERR,ERR,ERR,ERR,ERR,ERR,ERR,ERR,ERR,ERR,ERR,ERR,ERR,ERR,ERR,ERR,ERR,ERR,ERR,ERR,ERR,ERR,ERR,ERR,ERR,ERR,ERR,ERR,ERR,ERR,ERR,ERR,ERR,ERR,ERR,ERR,ERR,ERR,ERR,ERR,ERR,ERR,ERR,ERR,ERR,ERR,ERR,ERR,ERR,ERR,ERR,ERR,ERR,ERR,ERR,ERR,ERR,ERR,ERR,ERR,ERR,ERR,ERR,ERR,ERR,ERR,ERR,ERR,ERR,ERR,ERR,ERR,ERR,ERR,ERR,ERR,ERR,ERR,ERR,ERR,ERR,ERR,ERR,ERR,ERR,ERR,ERR,ERR,ERR,ERR,ERR,ERR,ERR,ERR,ERR,ERR,ERR,ERR,ERR,ERR,ERR,ERR,ERR,ERR,ERR,ERR,ERR,ERR,0.0,-0.0,-101055584.0,0.0,0.0,0.0,0.0,nan,0,0,0,32768,0,0.0,0,0.0,0.0,0.0,0.0,0.0,0,0,0,0,0.0,0,0,0,0,0,0,0,0,0,0,0,0,0,0,0,0,0,0,0,0,0,0,0,0,0,0,0,0,0,0,0,0,0,0,0,0,0,0,0,0,0,0,0,0,0.0,0.0,0.0,0.0,0.0,0.0,0.0,0.0,0.0,0.0,0.0,0.0,0.0,0.0,0.0,0.0,0.0,0.0,0.0,0.0,0.0,0.0,-0.0,-2.004,-2.004,-0.0,0.0,0.0,0.0,0.0,3380.5,2.004,0.0,0.0,-0.0,-0.0,2.7184274988523002e+23,0.0,0.0,0.0,0.0,0,-0.0,0.0,0.0,0.0,0.0,0.0,0.0,0.0,0.0,0,0,0,0.0,0.0,0.0,0.0,0.0,0.0,0.0,0.0,0.0,0.0,0.0,0.0,0.0,0.0,0.0,0.0,0,-107875648.0,0,0.0,0,-107875648.0,-107877712.0,0,0,17039,26215,17053,39322,17037,0,0,0,110,100,100,0.0,64.0,0.0,64.9,-107615304.0,68.5,1,49,50,180,0,26215,0,0,0.0,0.0,0.0,0.0,-2.0993840411361856e+22,65.0,0.0,-0.0,0.0,645,0,687,0,0,0,715,0,787,0,708,0,689,0,645,0,641,0,617,0.032,36700160.0,2.004,-107615152.0,57872,16788,-4.105701568366406e+27,-4.993813807981868e+19,7.07,13211221884928.0,0.0,-0.0,29.0,60.0,70,0.0,0.0,0.0,0.0,0.0,0.0,0.0,0.0,0.0,0.0,0.0,0.0,0.0,0.0,0.0,0.0,59.6,68,11,65509,41,65476,0,300,0,0,8,20529,65476,0,0,61604,60.0,0.0,0.0,0.0,0.0,0.0
2026-04-04T11:36:25,ERR,ERR,ERR,ERR,ERR,ERR,ERR,ERR,ERR,ERR,ERR,ERR,ERR,ERR,ERR,ERR,ERR,ERR,ERR,ERR,ERR,ERR,ERR,ERR,ERR,ERR,ERR,ERR,ERR,ERR,ERR,ERR,ERR,ERR,ERR,ERR,ERR,ERR,ERR,ERR,ERR,ERR,ERR,ERR,ERR,ERR,ERR,ERR,ERR,ERR,ERR,ERR,ERR,ERR,ERR,ERR,ERR,ERR,ERR,ERR,ERR,ERR,ERR,ERR,ERR,ERR,ERR,ERR,ERR,ERR,ERR,ERR,ERR,ERR,ERR,ERR,ERR,ERR,ERR,ERR,ERR,ERR,ERR,ERR,ERR,ERR,ERR,ERR,ERR,ERR,ERR,ERR,ERR,ERR,ERR,ERR,ERR,ERR,ERR,ERR,ERR,ERR,ERR,ERR,ERR,ERR,ERR,ERR,ERR,ERR,ERR,ERR,ERR,ERR,ERR,ERR,ERR,ERR,ERR,ERR,ERR,ERR,ERR,ERR,ERR,0.0,-0.0,-101055584.0,0.0,0.0,0.0,0.0,nan,0,0,0,32768,0,0.0,0,0.0,0.0,0.0,0.0,0.0,0,0,0,0,0.0,0,0,0,0,0,0,0,0,0,0,0,0,0,0,0,0,0,0,0,0,0,0,0,0,0,0,0,0,0,0,0,0,0,0,0,0,0,0,0,0,0,0,0,0,0.0,0.0,0.0,0.0,0.0,0.0,0.0,0.0,0.0,0.0,0.0,0.0,0.0,0.0,0.0,0.0,0.0,0.0,0.0,0.0,0.0,0.0,-0.0,-2.004,-2.004,-0.0,0.0,0.0,0.0,0.0,3380.5,2.004,0.0,0.0,-0.0,-0.0,2.7184274988523002e+23,0.0,0.0,0.0,0.0,0,-0.0,0.0,0.0,0.0,0.0,0.0,0.0,0.0,0.0,0,0,0,0.0,0.0,0.0,0.0,0.0,0.0,0.0,0.0,0.0,0.0,0.0,0.0,0.0,0.0,0.0,0.0,0,-107875648.0,0,0.0,0,-107875648.0,-107877712.0,0,0,17039,26215,17053,39322,17037,0,0,0,110,100,100,0.0,64.0,0.0,64.9,-107615304.0,68.5,1,49,50,180,0,26215,0,0,0.0,0.0,0.0,0.0,-2.0993840411361856e+22,65.0,0.0,-0.0,0.0,645,0,687,0,0,0,715,0,787,0,708,0,689,0,645,0,641,0,617,0.032,36700160.0,2.004,-107615152.0,57872,16788,-4.105701568366406e+27,-4.993813807981868e+19,7.07,13211221884928.0,0.0,-0.0,29.0,60.0,70,0.0,0.0,0.0,0.0,0.0,0.0,0.0,0.0,0.0,0.0,0.0,0.0,0.0,0.0,0.0,0.0,59.6,68,11,65509,41,65476,0,300,0,0,8,20529,65476,0,0,61604,60.0,0.0,0.0,0.0,0.0,0.0
2026-04-04T11:36:26,ERR,ERR,ERR,ERR,ERR,ERR,ERR,ERR,ERR,ERR,ERR,ERR,ERR,ERR,ERR,ERR,ERR,ERR,ERR,ERR,ERR,ERR,ERR,ERR,ERR,ERR,ERR,ERR,ERR,ERR,ERR,ERR,ERR,ERR,ERR,ERR,ERR,ERR,ERR,ERR,ERR,ERR,ERR,ERR,ERR,ERR,ERR,ERR,ERR,ERR,ERR,ERR,ERR,ERR,ERR,ERR,ERR,ERR,ERR,ERR,ERR,ERR,ERR,ERR,ERR,ERR,ERR,ERR,ERR,ERR,ERR,ERR,ERR,ERR,ERR,ERR,ERR,ERR,ERR,ERR,ERR,ERR,ERR,ERR,ERR,ERR,ERR,ERR,ERR,ERR,ERR,ERR,ERR,ERR,ERR,ERR,ERR,ERR,ERR,ERR,ERR,ERR,ERR,ERR,ERR,ERR,ERR,ERR,ERR,ERR,ERR,ERR,ERR,ERR,ERR,ERR,ERR,ERR,ERR,ERR,ERR,ERR,ERR,ERR,ERR,0.0,-0.0,-101055584.0,0.0,0.0,0.0,0.0,nan,0,0,0,32768,0,0.0,0,0.0,0.0,0.0,0.0,0.0,0,0,0,0,0.0,0,0,0,0,0,0,0,0,0,0,0,0,0,0,0,0,0,0,0,0,0,0,0,0,0,0,0,0,0,0,0,0,0,0,0,0,0,0,0,0,0,0,0,0,0.0,0.0,0.0,0.0,0.0,0.0,0.0,0.0,0.0,0.0,0.0,0.0,0.0,0.0,0.0,0.0,0.0,0.0,0.0,0.0,0.0,0.0,-0.0,-2.004,-2.004,-0.0,0.0,0.0,0.0,0.0,3380.5,2.004,0.0,0.0,-0.0,-0.0,2.7184274988523002e+23,0.0,0.0,0.0,0.0,0,-0.0,0.0,0.0,0.0,0.0,0.0,0.0,0.0,0.0,0,0,0,0.0,0.0,0.0,0.0,0.0,0.0,0.0,0.0,0.0,0.0,0.0,0.0,0.0,0.0,0.0,0.0,0,-107875648.0,0,0.0,0,-107875648.0,-107877712.0,0,0,17039,26215,17053,39322,17037,0,0,0,110,100,100,0.0,64.0,0.0,64.9,-107615304.0,68.5,1,49,50,180,0,26215,0,0,0.0,0.0,0.0,0.0,0.0,65.5,0.0,-0.0,0.0,645,0,687,0,0,0,715,0,787,0,708,0,689,0,645,0,641,0,617,0.032,36962304.0,2.004,-107615152.0,38160,16788,0.0,-0.0,0.006,1.088,0.0,3.007405113244049e+38,29.0,60.0,70,0.0,0.0,0.0,0.0,0.0,0.0,0.0,0.0,0.0,0.0,0.0,0.0,0.0,0.0,0.0,0.0,59.6,68,11,65509,41,65476,0,300,0,0,8,20529,65476,0,0,61604,60.0,0.0,0.0,0.0,0.0,0.0
2026-04-04T11:36:27,ERR,ERR,ERR,ERR,ERR,ERR,ERR,ERR,ERR,ERR,ERR,ERR,ERR,ERR,ERR,ERR,ERR,ERR,ERR,ERR,ERR,ERR,ERR,ERR,ERR,ERR,ERR,ERR,ERR,ERR,ERR,ERR,ERR,ERR,ERR,ERR,ERR,ERR,ERR,ERR,ERR,ERR,ERR,ERR,ERR,ERR,ERR,ERR,ERR,ERR,ERR,ERR,ERR,ERR,ERR,ERR,ERR,ERR,ERR,ERR,ERR,ERR,ERR,ERR,ERR,ERR,ERR,ERR,ERR,ERR,ERR,ERR,ERR,ERR,ERR,ERR,ERR,ERR,ERR,ERR,ERR,ERR,ERR,ERR,ERR,ERR,ERR,ERR,ERR,ERR,ERR,ERR,ERR,ERR,ERR,ERR,ERR,ERR,ERR,ERR,ERR,ERR,ERR,ERR,ERR,ERR,ERR,ERR,ERR,ERR,ERR,ERR,ERR,ERR,ERR,ERR,ERR,ERR,ERR,ERR,ERR,ERR,ERR,ERR,ERR,0.0,-0.0,-101055584.0,0.0,0.0,0.0,0.0,nan,0,0,0,32768,0,0.0,0,0.0,0.0,0.0,0.0,0.0,0,0,0,0,0.0,0,0,0,0,0,0,0,0,0,0,0,0,0,0,0,0,0,0,0,0,0,0,0,0,0,0,0,0,0,0,0,0,0,0,0,0,0,0,0,0,0,0,0,0,0.0,0.0,0.0,0.0,0.0,0.0,0.0,0.0,0.0,0.0,0.0,0.0,0.0,0.0,0.0,0.0,0.0,0.0,0.0,0.0,0.0,0.0,-0.0,-2.004,-2.004,-0.0,0.0,0.0,0.0,0.0,3380.5,2.004,0.0,0.0,-0.0,-0.0,2.7184274988523002e+23,0.0,0.0,0.0,0.0,0,-0.0,0.0,0.0,0.0,0.0,0.0,0.0,0.0,0.0,0,0,0,0.0,0.0,0.0,0.0,0.0,0.0,0.0,0.0,0.0,0.0,0.0,0.0,0.0,0.0,0.0,0.0,0,-107875648.0,0,0.0,0,-107875648.0,-107877712.0,0,0,17039,26215,17053,39322,17037,0,0,0,110,100,100,0.0,64.0,0.0,64.9,-107615304.0,68.5,1,49,50,180,0,26215,0,0,0.0,0.0,0.0,0.0,0.0,65.5,0.0,-0.0,0.0,645,0,687,0,0,0,715,0,787,0,708,0,689,0,645,0,641,0,617,0.032,36962304.0,2.004,-107615152.0,38160,16788,0.0,-0.0,0.006,1.088,0.0,3.007405113244049e+38,29.0,60.0,70,0.0,0.0,0.0,0.0,0.0,0.0,0.0,0.0,0.0,0.0,0.0,0.0,0.0,0.0,0.0,0.0,59.2,68,11,65509,41,65476,0,300,0,0,8,20529,65476,0,0,61604,60.0,0.0,0.0,0.0,0.0,0.0
2026-04-04T11:36:28,ERR,ERR,ERR,ERR,ERR,ERR,ERR,ERR,ERR,ERR,ERR,ERR,ERR,ERR,ERR,ERR,ERR,ERR,ERR,ERR,ERR,ERR,ERR,ERR,ERR,ERR,ERR,ERR,ERR,ERR,ERR,ERR,ERR,ERR,ERR,ERR,ERR,ERR,ERR,ERR,ERR,ERR,ERR,ERR,ERR,ERR,ERR,ERR,ERR,ERR,ERR,ERR,ERR,ERR,ERR,ERR,ERR,ERR,ERR,ERR,ERR,ERR,ERR,ERR,ERR,ERR,ERR,ERR,ERR,ERR,ERR,ERR,ERR,ERR,ERR,ERR,ERR,ERR,ERR,ERR,ERR,ERR,ERR,ERR,ERR,ERR,ERR,ERR,ERR,ERR,ERR,ERR,ERR,ERR,ERR,ERR,ERR,ERR,ERR,ERR,ERR,ERR,ERR,ERR,ERR,ERR,ERR,ERR,ERR,ERR,ERR,ERR,ERR,ERR,ERR,ERR,ERR,ERR,ERR,ERR,ERR,ERR,ERR,ERR,ERR,0.0,-0.0,-101055584.0,0.0,0.0,0.0,0.0,nan,0,0,0,32768,0,0.0,0,0.0,0.0,0.0,0.0,0.0,0,0,0,0,0.0,0,0,0,0,0,0,0,0,0,0,0,0,0,0,0,0,0,0,0,0,0,0,0,0,0,0,0,0,0,0,0,0,0,0,0,0,0,0,0,0,0,0,0,0,0.0,0.0,0.0,0.0,0.0,0.0,0.0,0.0,0.0,0.0,0.0,0.0,0.0,0.0,0.0,0.0,0.0,0.0,0.0,0.0,0.0,0.0,-0.0,-2.004,-2.004,-0.0,0.0,0.0,0.0,0.0,3378.0,3.697154027885167e+19,0.0,0.0,-0.0,-0.0,2.7184274988523002e+23,0.0,0.0,0.0,0.0,0,-0.0,89220.055,0.0,0.0,0.0,0.0,0.0,0.0,0.0,0,0,0,0.0,0.0,0.0,0.0,0.0,0.0,0.0,0.0,0.0,0.0,0.0,0.0,0.0,0.0,0.0,0.0,0,-107875648.0,0,0.0,0,-107875648.0,-107877712.0,0,0,17039,26215,17053,39322,17037,0,0,0,110,100,100,0.0,64.0,0.0,64.9,-107615304.0,68.5,1,49,50,180,0,26215,0,0,0.0,0.0,0.0,0.0,0.0,65.5,0.0,-0.0,0.0,645,0,687,0,0,0,715,0,787,0,708,0,689,0,645,0,641,0,617,0.032,36962304.0,2.004,-107615152.0,38160,16788,0.0,-0.0,0.006,1.088,0.0,3.007405113244049e+38,29.0,60.0,70,0.0,0.0,0.0,0.0,0.0,0.0,0.0,0.0,0.0,0.0,0.0,0.0,0.0,0.0,0.0,0.0,59.2,68,11,65509,41,65476,0,300,0,0,8,20529,65476,0,0,61604,60.0,0.0,0.0,0.0,0.0,0.0
2026-04-04T11:36:29,ERR,ERR,ERR,ERR,ERR,ERR,ERR,ERR,ERR,ERR,ERR,ERR,ERR,ERR,ERR,ERR,ERR,ERR,ERR,ERR,ERR,ERR,ERR,ERR,ERR,ERR,ERR,ERR,ERR,ERR,ERR,ERR,ERR,ERR,ERR,ERR,ERR,ERR,ERR,ERR,ERR,ERR,ERR,ERR,ERR,ERR,ERR,ERR,ERR,ERR,ERR,ERR,ERR,ERR,ERR,ERR,ERR,ERR,ERR,ERR,ERR,ERR,ERR,ERR,ERR,ERR,ERR,ERR,ERR,ERR,ERR,ERR,ERR,ERR,ERR,ERR,ERR,ERR,ERR,ERR,ERR,ERR,ERR,ERR,ERR,ERR,ERR,ERR,ERR,ERR,ERR,ERR,ERR,ERR,ERR,ERR,ERR,ERR,ERR,ERR,ERR,ERR,ERR,ERR,ERR,ERR,ERR,ERR,ERR,ERR,ERR,ERR,ERR,ERR,ERR,ERR,ERR,ERR,ERR,ERR,ERR,ERR,ERR,ERR,ERR,0.0,-0.0,-101055584.0,0.0,0.0,0.0,0.0,nan,0,0,0,32768,0,0.0,0,0.0,0.0,0.0,0.0,0.0,0,0,0,0,0.0,0,0,0,0,0,0,0,0,0,0,0,0,0,0,0,0,0,0,0,0,0,0,0,0,0,0,0,0,0,0,0,0,0,0,0,0,0,0,0,0,0,0,0,0,0.0,0.0,0.0,0.0,0.0,0.0,0.0,0.0,0.0,0.0,0.0,0.0,0.0,0.0,0.0,0.0,0.0,0.0,0.0,0.0,0.0,0.0,-0.0,-2.004,-2.004,-0.0,0.0,0.0,0.0,0.0,3378.0,3.697154027885167e+19,0.0,0.0,-0.0,-0.0,2.7184274988523002e+23,0.0,0.0,0.0,0.0,0,-0.0,89220.055,0.0,0.0,0.0,0.0,0.0,0.0,0.0,0,0,0,0.0,0.0,0.0,0.0,0.0,0.0,0.0,0.0,0.0,0.0,0.0,0.0,0.0,0.0,0.0,0.0,0,-107875648.0,0,0.0,0,-107875648.0,-107877712.0,0,0,17039,26215,17053,39322,17037,0,0,0,110,100,100,0.0,64.0,0.0,64.9,-107615304.0,68.5,1,49,50,180,0,26215,0,0,0.0,0.0,0.0,0.0,0.0,65.5,0.0,-0.0,0.0,645,0,687,0,0,0,715,0,787,0,708,0,689,0,645,0,641,0,617,0.032,36962304.0,2.004,-107615152.0,38160,16788,0.0,-0.0,0.006,1.088,0.0,3.007405113244049e+38,29.0,60.0,70,0.0,0.0,0.0,0.0,0.0,0.0,0.0,0.0,0.0,0.0,0.0,0.0,0.0,0.0,0.0,0.0,59.2,68,11,65509,41,65476,0,300,0,0,8,20529,65476,0,0,61604,60.0,0.0,0.0,0.0,0.0,0.0
2026-04-04T11:36:30,ERR,ERR,ERR,ERR,ERR,ERR,ERR,ERR,ERR,ERR,ERR,ERR,ERR,ERR,ERR,ERR,ERR,ERR,ERR,ERR,ERR,ERR,ERR,ERR,ERR,ERR,ERR,ERR,ERR,ERR,ERR,ERR,ERR,ERR,ERR,ERR,ERR,ERR,ERR,ERR,ERR,ERR,ERR,ERR,ERR,ERR,ERR,ERR,ERR,ERR,ERR,ERR,ERR,ERR,ERR,ERR,ERR,ERR,ERR,ERR,ERR,ERR,ERR,ERR,ERR,ERR,ERR,ERR,ERR,ERR,ERR,ERR,ERR,ERR,ERR,ERR,ERR,ERR,ERR,ERR,ERR,ERR,ERR,ERR,ERR,ERR,ERR,ERR,ERR,ERR,ERR,ERR,ERR,ERR,ERR,ERR,ERR,ERR,ERR,ERR,ERR,ERR,ERR,ERR,ERR,ERR,ERR,ERR,ERR,ERR,ERR,ERR,ERR,ERR,ERR,ERR,ERR,ERR,ERR,ERR,ERR,ERR,ERR,ERR,ERR,0.0,-0.0,-101055584.0,0.0,0.0,0.0,0.0,nan,0,0,0,32768,0,0.0,0,0.0,0.0,0.0,0.0,0.0,0,0,0,0,0.0,0,0,0,0,0,0,0,0,0,0,0,0,0,0,0,0,0,0,0,0,0,0,0,0,0,0,0,0,0,0,0,0,0,0,0,0,0,0,0,0,0,0,0,0,0.0,0.0,0.0,0.0,0.0,0.0,0.0,0.0,0.0,0.0,0.0,0.0,0.0,0.0,0.0,0.0,0.0,0.0,0.0,0.0,0.0,0.0,-0.0,-2.004,-2.004,-0.0,0.0,0.0,0.0,0.0,3378.0,3.697154027885167e+19,0.0,0.0,-0.0,-0.0,2.7184274988523002e+23,0.0,0.0,0.0,0.0,0,-0.0,89220.055,0.0,0.0,0.0,0.0,0.0,0.0,0.0,0,0,0,0.0,0.0,0.0,0.0,0.0,0.0,0.0,0.0,0.0,0.0,0.0,0.0,0.0,0.0,0.0,0.0,0,-107875648.0,0,0.0,0,-107875648.0,-107877712.0,0,0,17039,26215,17053,39322,17037,0,0,0,110,100,100,0.0,64.0,0.0,64.9,-107615304.0,68.5,1,49,50,180,0,26215,0,0,0.0,0.0,0.0,0.0,0.0,65.5,0.0,-0.0,0.0,645,0,687,0,0,0,715,0,787,0,708,0,689,0,645,0,641,0,617,0.032,36962304.0,2.004,-107615152.0,38160,16788,0.0,-0.0,0.006,1.088,0.0,3.007405113244049e+38,29.0,60.0,70,0.0,0.0,0.0,0.0,0.0,0.0,0.0,0.0,0.0,0.0,0.0,0.0,0.0,0.0,0.0,0.0,59.6,68,11,65509,41,65476,0,300,0,0,8,20529,65476,0,0,61604,60.0,0.0,0.0,0.0,0.0,0.0
2026-04-04T11:36:31,ERR,ERR,ERR,ERR,ERR,ERR,ERR,ERR,ERR,ERR,ERR,ERR,ERR,ERR,ERR,ERR,ERR,ERR,ERR,ERR,ERR,ERR,ERR,ERR,ERR,ERR,ERR,ERR,ERR,ERR,ERR,ERR,ERR,ERR,ERR,ERR,ERR,ERR,ERR,ERR,ERR,ERR,ERR,ERR,ERR,ERR,ERR,ERR,ERR,ERR,ERR,ERR,ERR,ERR,ERR,ERR,ERR,ERR,ERR,ERR,ERR,ERR,ERR,ERR,ERR,ERR,ERR,ERR,ERR,ERR,ERR,ERR,ERR,ERR,ERR,ERR,ERR,ERR,ERR,ERR,ERR,ERR,ERR,ERR,ERR,ERR,ERR,ERR,ERR,ERR,ERR,ERR,ERR,ERR,ERR,ERR,ERR,ERR,ERR,ERR,ERR,ERR,ERR,ERR,ERR,ERR,ERR,ERR,ERR,ERR,ERR,ERR,ERR,ERR,ERR,ERR,ERR,ERR,ERR,ERR,ERR,ERR,ERR,ERR,ERR,0.0,-0.0,-101055584.0,0.0,0.0,0.0,0.0,nan,0,0,0,32768,0,0.0,0,0.0,0.0,0.0,0.0,0.0,0,0,0,0,0.0,0,0,0,0,0,0,0,0,0,0,0,0,0,0,0,0,0,0,0,0,0,0,0,0,0,0,0,0,0,0,0,0,0,0,0,0,0,0,0,0,0,0,0,0,0.0,0.0,0.0,0.0,0.0,0.0,0.0,0.0,0.0,0.0,0.0,0.0,0.0,0.0,0.0,0.0,0.0,0.0,0.0,0.0,0.0,0.0,-0.0,-2.004,-2.004,-0.0,0.0,0.0,0.0,0.0,3378.0,3.697154027885167e+19,0.0,0.0,-0.0,-0.0,2.7184274988523002e+23,0.0,0.0,0.0,0.0,0,-0.0,89220.055,0.0,0.0,0.0,0.0,0.0,0.0,0.0,0,0,0,0.0,0.0,0.0,0.0,0.0,0.0,0.0,0.0,0.0,0.0,0.0,0.0,0.0,0.0,0.0,0.0,0,-107875648.0,0,0.0,0,-107875648.0,-107877712.0,0,0,17039,26215,17053,39322,17037,0,0,0,110,100,100,0.0,64.0,0.0,64.9,-107615304.0,68.5,1,49,50,180,0,26215,0,0,0.0,0.0,0.0,0.0,0.0,65.5,0.0,-0.0,0.0,645,0,687,0,0,0,715,0,787,0,708,0,689,0,645,0,641,0,617,0.032,36962304.0,2.004,-107615152.0,38160,16788,0.0,-0.0,0.006,1.088,0.0,3.007405113244049e+38,29.0,60.0,70,0.0,0.0,0.0,0.0,0.0,0.0,0.0,0.0,0.0,0.0,0.0,0.0,0.0,0.0,0.0,0.0,59.6,68,11,65509,41,65476,0,300,0,0,8,20529,65476,0,0,61604,60.0,0.0,0.0,0.0,0.0,0.0
2026-04-04T11:36:32,ERR,ERR,ERR,ERR,ERR,ERR,ERR,ERR,ERR,ERR,ERR,ERR,ERR,ERR,ERR,ERR,ERR,ERR,ERR,ERR,ERR,ERR,ERR,ERR,ERR,ERR,ERR,ERR,ERR,ERR,ERR,ERR,ERR,ERR,ERR,ERR,ERR,ERR,ERR,ERR,ERR,ERR,ERR,ERR,ERR,ERR,ERR,ERR,ERR,ERR,ERR,ERR,ERR,ERR,ERR,ERR,ERR,ERR,ERR,ERR,ERR,ERR,ERR,ERR,ERR,ERR,ERR,ERR,ERR,ERR,ERR,ERR,ERR,ERR,ERR,ERR,ERR,ERR,ERR,ERR,ERR,ERR,ERR,ERR,ERR,ERR,ERR,ERR,ERR,ERR,ERR,ERR,ERR,ERR,ERR,ERR,ERR,ERR,ERR,ERR,ERR,ERR,ERR,ERR,ERR,ERR,ERR,ERR,ERR,ERR,ERR,ERR,ERR,ERR,ERR,ERR,ERR,ERR,ERR,ERR,ERR,ERR,ERR,ERR,ERR,0.0,-0.0,-101055584.0,0.0,0.0,0.0,0.0,nan,0,0,0,32768,0,0.0,0,0.0,0.0,0.0,0.0,0.0,0,0,0,0,0.0,0,0,0,0,0,0,0,0,0,0,0,0,0,0,0,0,0,0,0,0,0,0,0,0,0,0,0,0,0,0,0,0,0,0,0,0,0,0,0,0,0,0,0,0,0.0,0.0,0.0,0.0,0.0,0.0,0.0,0.0,0.0,0.0,0.0,0.0,0.0,0.0,0.0,0.0,0.0,0.0,0.0,0.0,0.0,0.0,-0.0,-2.004,-2.004,-0.0,0.0,0.0,0.0,0.0,3378.0,3.697154027885167e+19,0.0,0.0,-0.0,-0.0,2.7184274988523002e+23,0.0,0.0,0.0,0.0,0,-0.0,89220.055,0.0,0.0,0.0,0.0,0.0,0.0,0.0,0,0,0,0.0,0.0,0.0,0.0,0.0,0.0,0.0,0.0,0.0,0.0,0.0,0.0,0.0,0.0,0.0,0.0,0,-107875648.0,0,0.0,0,-107875648.0,-107877712.0,0,0,17039,13107,17053,39322,17037,0,0,0,110,100,100,0.0,64.0,0.0,64.9,-107615304.0,68.5,1,49,50,180,0,26215,0,0,0.0,0.0,0.0,0.0,-3.777797478056429e+33,65.0,0.0,-0.001,0.0,645,0,687,0,0,0,715,0,787,0,708,0,689,0,645,0,641,0,617,0.032,36962304.0,2.004,-107615152.0,45968,16788,-2.0207344014519503e+33,-726695552.0,722479040.0,-2.339760351329472e+35,0.0,-0.0,29.0,60.0,70,0.0,0.0,0.0,0.0,0.0,0.0,0.0,0.0,0.0,0.0,0.0,0.0,0.0,0.0,0.0,0.0,59.6,68,11,65509,41,65476,0,300,0,0,8,20529,65476,0,0,61604,60.0,0.0,0.0,0.0,0.0,0.0
2026-04-04T11:36:33,ERR,ERR,ERR,ERR,ERR,ERR,ERR,ERR,ERR,ERR,ERR,ERR,ERR,ERR,ERR,ERR,ERR,ERR,ERR,ERR,ERR,ERR,ERR,ERR,ERR,ERR,ERR,ERR,ERR,ERR,ERR,ERR,ERR,ERR,ERR,ERR,ERR,ERR,ERR,ERR,ERR,ERR,ERR,ERR,ERR,ERR,ERR,ERR,ERR,ERR,ERR,ERR,ERR,ERR,ERR,ERR,ERR,ERR,ERR,ERR,ERR,ERR,ERR,ERR,ERR,ERR,ERR,ERR,ERR,ERR,ERR,ERR,ERR,ERR,ERR,ERR,ERR,ERR,ERR,ERR,ERR,ERR,ERR,ERR,ERR,ERR,ERR,ERR,ERR,ERR,ERR,ERR,ERR,ERR,ERR,ERR,ERR,ERR,ERR,ERR,ERR,ERR,ERR,ERR,ERR,ERR,ERR,ERR,ERR,ERR,ERR,ERR,ERR,ERR,ERR,ERR,ERR,ERR,ERR,ERR,ERR,ERR,ERR,ERR,ERR,0.0,-0.0,-101055584.0,0.0,0.0,0.0,0.0,nan,0,0,0,32768,0,0.0,0,0.0,0.0,0.0,0.0,0.0,0,0,0,0,0.0,0,0,0,0,0,0,0,0,0,0,0,0,0,0,0,0,0,0,0,0,0,0,0,0,0,0,0,0,0,0,0,0,0,0,0,0,0,0,0,0,0,0,0,0,0.0,0.0,0.0,0.0,0.0,0.0,0.0,0.0,0.0,0.0,0.0,0.0,0.0,0.0,0.0,0.0,0.0,0.0,0.0,0.0,0.0,0.0,-0.0,-2.004,-2.004,-0.0,0.0,0.0,0.0,0.0,3378.0,3.697154027885167e+19,0.0,0.0,-0.0,-0.0,2.7184274988523002e+23,0.0,0.0,0.0,0.0,0,-0.0,89220.055,0.0,0.0,0.0,0.0,0.0,0.0,0.0,0,0,0,0.0,0.0,0.0,0.0,0.0,0.0,0.0,0.0,0.0,0.0,0.0,0.0,0.0,0.0,0.0,0.0,0,-107875648.0,0,0.0,0,-107875648.0,-107877712.0,0,0,17039,13107,17053,39322,17037,0,0,0,110,100,100,0.0,64.0,0.0,64.9,-107615304.0,68.5,1,49,50,180,0,26215,0,0,0.0,0.0,0.0,0.0,-3.777797478056429e+33,65.0,0.0,-0.001,0.0,645,0,687,0,0,0,715,0,787,0,708,0,689,0,645,0,641,0,617,0.032,36962304.0,2.004,-107615152.0,45968,16788,-2.0207344014519503e+33,-726695552.0,722479040.0,-2.339760351329472e+35,0.0,-0.0,29.0,60.0,70,0.0,0.0,0.0,0.0,0.0,0.0,0.0,0.0,0.0,0.0,0.0,0.0,0.0,0.0,0.0,0.0,59.2,68,11,65509,41,65476,0,300,0,0,8,20529,65476,0,0,61604,60.0,0.0,0.0,0.0,0.0,0.0
2026-04-04T11:36:34,ERR,ERR,ERR,ERR,ERR,ERR,ERR,ERR,ERR,ERR,ERR,ERR,ERR,ERR,ERR,ERR,ERR,ERR,ERR,ERR,ERR,ERR,ERR,ERR,ERR,ERR,ERR,ERR,ERR,ERR,ERR,ERR,ERR,ERR,ERR,ERR,ERR,ERR,ERR,ERR,ERR,ERR,ERR,ERR,ERR,ERR,ERR,ERR,ERR,ERR,ERR,ERR,ERR,ERR,ERR,ERR,ERR,ERR,ERR,ERR,ERR,ERR,ERR,ERR,ERR,ERR,ERR,ERR,ERR,ERR,ERR,ERR,ERR,ERR,ERR,ERR,ERR,ERR,ERR,ERR,ERR,ERR,ERR,ERR,ERR,ERR,ERR,ERR,ERR,ERR,ERR,ERR,ERR,ERR,ERR,ERR,ERR,ERR,ERR,ERR,ERR,ERR,ERR,ERR,ERR,ERR,ERR,ERR,ERR,ERR,ERR,ERR,ERR,ERR,ERR,ERR,ERR,ERR,ERR,ERR,ERR,ERR,ERR,ERR,ERR,0.0,-0.0,-101055584.0,0.0,0.0,0.0,0.0,nan,0,0,0,32768,0,0.0,0,0.0,0.0,0.0,0.0,0.0,0,0,0,0,0.0,0,0,0,0,0,0,0,0,0,0,0,0,0,0,0,0,0,0,0,0,0,0,0,0,0,0,0,0,0,0,0,0,0,0,0,0,0,0,0,0,0,0,0,0,0.0,0.0,0.0,0.0,0.0,0.0,0.0,0.0,0.0,0.0,0.0,0.0,0.0,0.0,0.0,0.0,0.0,0.0,0.0,0.0,0.0,0.0,-0.0,-2.004,-2.004,-0.0,0.0,0.0,0.0,0.0,3378.0,3.697154027885167e+19,0.0,0.0,-0.0,-0.0,2.7184274988523002e+23,0.0,0.0,0.0,0.0,0,-0.0,89220.055,0.0,0.0,0.0,0.0,0.0,0.0,0.0,0,0,0,0.0,0.0,0.0,0.0,0.0,0.0,0.0,0.0,0.0,0.0,0.0,0.0,0.0,0.0,0.0,0.0,0,-107875648.0,0,0.0,0,-107875648.0,-107877712.0,0,0,17039,13107,17053,39322,17037,0,0,0,110,100,100,0.0,64.0,0.0,64.9,-107615304.0,68.5,1,49,50,180,0,26215,0,0,0.0,0.0,0.0,0.0,-3.777797478056429e+33,65.0,0.0,-0.001,0.0,645,0,687,0,0,0,715,0,787,0,708,0,689,0,645,0,641,0,617,0.032,36962304.0,2.004,-107615152.0,45968,16788,-2.0207344014519503e+33,-726695552.0,722479040.0,-2.339760351329472e+35,0.0,-0.0,29.0,60.0,70,0.0,0.0,0.0,0.0,0.0,0.0,0.0,0.0,0.0,0.0,0.0,0.0,0.0,0.0,0.0,0.0,59.2,68,11,65509,41,65476,0,300,0,0,8,20529,65476,0,0,61604,60.0,0.0,0.0,0.0,0.0,0.0
2026-04-04T11:36:35,ERR,ERR,ERR,ERR,ERR,ERR,ERR,ERR,ERR,ERR,ERR,ERR,ERR,ERR,ERR,ERR,ERR,ERR,ERR,ERR,ERR,ERR,ERR,ERR,ERR,ERR,ERR,ERR,ERR,ERR,ERR,ERR,ERR,ERR,ERR,ERR,ERR,ERR,ERR,ERR,ERR,ERR,ERR,ERR,ERR,ERR,ERR,ERR,ERR,ERR,ERR,ERR,ERR,ERR,ERR,ERR,ERR,ERR,ERR,ERR,ERR,ERR,ERR,ERR,ERR,ERR,ERR,ERR,ERR,ERR,ERR,ERR,ERR,ERR,ERR,ERR,ERR,ERR,ERR,ERR,ERR,ERR,ERR,ERR,ERR,ERR,ERR,ERR,ERR,ERR,ERR,ERR,ERR,ERR,ERR,ERR,ERR,ERR,ERR,ERR,ERR,ERR,ERR,ERR,ERR,ERR,ERR,ERR,ERR,ERR,ERR,ERR,ERR,ERR,ERR,ERR,ERR,ERR,ERR,ERR,ERR,ERR,ERR,ERR,ERR,0.0,-0.0,-101055584.0,0.0,0.0,0.0,0.0,nan,0,0,0,32768,0,0.0,0,0.0,0.0,0.0,0.0,0.0,0,0,0,0,0.0,0,0,0,0,0,0,0,0,0,0,0,0,0,0,0,0,0,0,0,0,0,0,0,0,0,0,0,0,0,0,0,0,0,0,0,0,0,0,0,0,0,0,0,0,0.0,0.0,0.0,0.0,0.0,0.0,0.0,0.0,0.0,0.0,0.0,0.0,0.0,0.0,0.0,0.0,0.0,0.0,0.0,0.0,0.0,0.0,-0.0,-2.004,-2.004,-0.0,0.0,0.0,0.0,0.0,3378.0,3.697154027885167e+19,0.0,0.0,-0.0,-0.0,2.7184274988523002e+23,0.0,0.0,0.0,0.0,0,-0.0,89220.055,0.0,0.0,0.0,0.0,0.0,0.0,0.0,0,0,0,0.0,0.0,0.0,0.0,0.0,0.0,0.0,0.0,0.0,0.0,0.0,0.0,0.0,0.0,0.0,0.0,0,-107875648.0,0,0.0,0,-107875648.0,-107877712.0,0,0,17039,13107,17053,39322,17037,0,0,0,110,100,100,0.0,64.0,0.0,64.9,-107615304.0,68.5,1,49,50,180,0,26215,0,0,0.0,0.0,0.0,0.0,-3.777797478056429e+33,65.0,0.0,-0.001,0.0,645,0,687,0,0,0,715,0,787,0,708,0,689,0,645,0,641,0,617,0.032,36962304.0,2.004,-107615152.0,45968,16788,-2.0207344014519503e+33,-726695552.0,722479040.0,-2.339760351329472e+35,0.0,-0.0,29.0,60.0,70,0.0,0.0,0.0,0.0,0.0,0.0,0.0,0.0,0.0,0.0,0.0,0.0,0.0,0.0,0.0,0.0,59.2,68,11,65509,41,65476,0,300,0,0,8,20529,65476,0,0,61604,60.0,0.0,0.0,0.0,0.0,0.0
2026-04-04T11:36:36,ERR,ERR,ERR,ERR,ERR,ERR,ERR,ERR,ERR,ERR,ERR,ERR,ERR,ERR,ERR,ERR,ERR,ERR,ERR,ERR,ERR,ERR,ERR,ERR,ERR,ERR,ERR,ERR,ERR,ERR,ERR,ERR,ERR,ERR,ERR,ERR,ERR,ERR,ERR,ERR,ERR,ERR,ERR,ERR,ERR,ERR,ERR,ERR,ERR,ERR,ERR,ERR,ERR,ERR,ERR,ERR,ERR,ERR,ERR,ERR,ERR,ERR,ERR,ERR,ERR,ERR,ERR,ERR,ERR,ERR,ERR,ERR,ERR,ERR,ERR,ERR,ERR,ERR,ERR,ERR,ERR,ERR,ERR,ERR,ERR,ERR,ERR,ERR,ERR,ERR,ERR,ERR,ERR,ERR,ERR,ERR,ERR,ERR,ERR,ERR,ERR,ERR,ERR,ERR,ERR,ERR,ERR,ERR,ERR,ERR,ERR,ERR,ERR,ERR,ERR,ERR,ERR,ERR,ERR,ERR,ERR,ERR,ERR,ERR,ERR,0.0,-0.0,-101055584.0,0.0,0.0,0.0,0.0,nan,0,0,0,32768,0,0.0,0,0.0,0.0,0.0,0.0,0.0,0,0,0,0,0.0,0,0,0,0,0,0,0,0,0,0,0,0,0,0,0,0,0,0,0,0,0,0,0,0,0,0,0,0,0,0,0,0,0,0,0,0,0,0,0,0,0,0,0,0,0.0,0.0,0.0,0.0,0.0,0.0,0.0,0.0,0.0,0.0,0.0,0.0,0.0,0.0,0.0,0.0,0.0,0.0,0.0,0.0,0.0,0.0,-0.0,-2.004,-2.004,-0.0,0.0,0.0,0.0,0.0,3378.0,3.697154027885167e+19,0.0,0.0,-0.0,-0.0,2.7184274988523002e+23,0.0,0.0,0.0,0.0,0,-0.0,89220.055,0.0,0.0,0.0,0.0,0.0,0.0,0.0,0,0,0,0.0,0.0,0.0,0.0,0.0,0.0,0.0,0.0,0.0,0.0,0.0,0.0,0.0,0.0,0.0,0.0,0,-107875648.0,0,0.0,0,-107875648.0,-107877712.0,0,0,17039,13107,17053,39322,17037,0,0,0,110,100,100,0.0,64.0,0.0,64.9,-107615304.0,68.5,1,49,50,180,0,26215,0,0,0.0,0.0,0.0,0.0,-3.777797478056429e+33,65.0,0.0,-0.001,0.0,645,0,687,0,0,0,715,0,787,0,708,0,689,0,645,0,641,0,617,0.032,36962304.0,2.004,-107615152.0,45968,16788,-2.0207344014519503e+33,-726695552.0,722479040.0,-2.339760351329472e+35,0.0,-0.0,29.0,60.0,70,0.0,0.0,0.0,0.0,0.0,0.0,0.0,0.0,0.0,0.0,0.0,0.0,0.0,0.0,0.0,0.0,59.2,68,11,65509,41,65476,0,300,0,0,8,20529,65476,0,0,61604,60.0,0.0,0.0,0.0,0.0,0.0
2026-04-04T11:36:37,ERR,ERR,ERR,ERR,ERR,ERR,ERR,ERR,ERR,ERR,ERR,ERR,ERR,ERR,ERR,ERR,ERR,ERR,ERR,ERR,ERR,ERR,ERR,ERR,ERR,ERR,ERR,ERR,ERR,ERR,ERR,ERR,ERR,ERR,ERR,ERR,ERR,ERR,ERR,ERR,ERR,ERR,ERR,ERR,ERR,ERR,ERR,ERR,ERR,ERR,ERR,ERR,ERR,ERR,ERR,ERR,ERR,ERR,ERR,ERR,ERR,ERR,ERR,ERR,ERR,ERR,ERR,ERR,ERR,ERR,ERR,ERR,ERR,ERR,ERR,ERR,ERR,ERR,ERR,ERR,ERR,ERR,ERR,ERR,ERR,ERR,ERR,ERR,ERR,ERR,ERR,ERR,ERR,ERR,ERR,ERR,ERR,ERR,ERR,ERR,ERR,ERR,ERR,ERR,ERR,ERR,ERR,ERR,ERR,ERR,ERR,ERR,ERR,ERR,ERR,ERR,ERR,ERR,ERR,ERR,ERR,ERR,ERR,ERR,ERR,0.0,-0.0,-101055584.0,0.0,0.0,0.0,0.0,nan,0,0,0,32768,0,0.0,0,0.0,0.0,0.0,0.0,0.0,0,0,0,0,0.0,0,0,0,0,0,0,0,0,0,0,0,0,0,0,0,0,0,0,0,0,0,0,0,0,0,0,0,0,0,0,0,0,0,0,0,0,0,0,0,0,0,0,0,0,0.0,0.0,0.0,0.0,0.0,0.0,0.0,0.0,0.0,0.0,0.0,0.0,0.0,0.0,0.0,0.0,0.0,0.0,0.0,0.0,0.0,0.0,-0.0,-2.004,-2.004,-0.0,0.0,0.0,0.0,0.0,3381.5,3.697154027885167e+19,0.0,0.0,-0.0,-0.0,2.7184274988523002e+23,0.0,0.0,0.0,0.0,0,-89221.016,89220.055,0.0,0.0,0.0,0.0,0.0,0.0,0.0,0,0,0,0.0,0.0,0.0,0.0,0.0,0.0,0.0,0.0,0.0,0.0,0.0,0.0,0.0,0.0,0.0,0.0,0,-107875648.0,0,0.0,0,-107875648.0,-107877712.0,0,0,17039,13107,17053,39322,17037,0,0,0,110,100,100,0.0,64.0,0.0,64.9,-107615304.0,68.5,1,49,50,180,0,26215,0,0,0.0,0.0,0.0,0.0,-3.777797478056429e+33,65.0,0.0,-0.001,0.0,645,0,687,0,0,0,715,0,787,0,708,0,689,0,645,0,641,0,617,0.032,36962304.0,2.004,-107615152.0,45968,16788,-2.0207344014519503e+33,-726695552.0,722479040.0,-2.339760351329472e+35,0.0,-0.0,29.0,60.0,70,0.0,0.0,0.0,0.0,0.0,0.0,0.0,0.0,0.0,0.0,0.0,0.0,0.0,0.0,0.0,0.0,59.2,68,11,65509,41,65476,0,300,0,0,8,20529,65476,0,0,61604,60.0,0.0,0.0,0.0,0.0,0.0
2026-04-04T11:36:38,ERR,ERR,ERR,ERR,ERR,ERR,ERR,ERR,ERR,ERR,ERR,ERR,ERR,ERR,ERR,ERR,ERR,ERR,ERR,ERR,ERR,ERR,ERR,ERR,ERR,ERR,ERR,ERR,ERR,ERR,ERR,ERR,ERR,ERR,ERR,ERR,ERR,ERR,ERR,ERR,ERR,ERR,ERR,ERR,ERR,ERR,ERR,ERR,ERR,ERR,ERR,ERR,ERR,ERR,ERR,ERR,ERR,ERR,ERR,ERR,ERR,ERR,ERR,ERR,ERR,ERR,ERR,ERR,ERR,ERR,ERR,ERR,ERR,ERR,ERR,ERR,ERR,ERR,ERR,ERR,ERR,ERR,ERR,ERR,ERR,ERR,ERR,ERR,ERR,ERR,ERR,ERR,ERR,ERR,ERR,ERR,ERR,ERR,ERR,ERR,ERR,ERR,ERR,ERR,ERR,ERR,ERR,ERR,ERR,ERR,ERR,ERR,ERR,ERR,ERR,ERR,ERR,ERR,ERR,ERR,ERR,ERR,ERR,ERR,ERR,0.0,-0.0,-101055584.0,0.0,0.0,0.0,0.0,nan,0,0,0,32768,0,0.0,0,0.0,0.0,0.0,0.0,0.0,0,0,0,0,0.0,0,0,0,0,0,0,0,0,0,0,0,0,0,0,0,0,0,0,0,0,0,0,0,0,0,0,0,0,0,0,0,0,0,0,0,0,0,0,0,0,0,0,0,0,0.0,0.0,0.0,0.0,0.0,0.0,0.0,0.0,0.0,0.0,0.0,0.0,0.0,0.0,0.0,0.0,0.0,0.0,0.0,0.0,0.0,0.0,-0.0,-2.004,-2.004,-0.0,0.0,0.0,0.0,0.0,3381.5,3.697154027885167e+19,0.0,0.0,-0.0,-0.0,2.7184274988523002e+23,0.0,0.0,0.0,0.0,0,-89221.016,89220.055,0.0,0.0,0.0,0.0,0.0,0.0,0.0,0,0,0,0.0,0.0,0.0,0.0,0.0,0.0,0.0,0.0,0.0,0.0,0.0,0.0,0.0,0.0,0.0,0.0,0,-107875648.0,0,0.0,0,-107875648.0,-107877712.0,0,0,17039,26215,17053,39322,17037,0,0,0,110,100,100,0.0,64.0,0.0,64.9,-107615304.0,68.5,1,49,50,180,0,26215,0,0,0.0,0.0,0.0,0.0,-4.698540489246352e+31,65.0,0.0,4.084992852252576e+24,0.0,645,0,687,0,0,0,715,0,787,0,708,0,689,0,645,0,641,0,617,0.032,36962304.0,2.004,-107615152.0,46224,16788,-9.512054180344108e+20,-1.5901402030419548e+38,-0.0,-0.001,-64.129,-1.2766380381132335e+29,29.0,60.0,70,0.0,0.0,0.0,0.0,0.0,0.0,0.0,0.0,0.0,0.0,0.0,0.0,0.0,0.0,0.0,0.0,59.2,68,11,65509,41,65476,0,300,0,0,8,20529,65476,0,0,61604,60.0,0.0,0.0,0.0,0.0,0.0
2026-04-04T11:36:39,ERR,ERR,ERR,ERR,ERR,ERR,ERR,ERR,ERR,ERR,ERR,ERR,ERR,ERR,ERR,ERR,ERR,ERR,ERR,ERR,ERR,ERR,ERR,ERR,ERR,ERR,ERR,ERR,ERR,ERR,ERR,ERR,ERR,ERR,ERR,ERR,ERR,ERR,ERR,ERR,ERR,ERR,ERR,ERR,ERR,ERR,ERR,ERR,ERR,ERR,ERR,ERR,ERR,ERR,ERR,ERR,ERR,ERR,ERR,ERR,ERR,ERR,ERR,ERR,ERR,ERR,ERR,ERR,ERR,ERR,ERR,ERR,ERR,ERR,ERR,ERR,ERR,ERR,ERR,ERR,ERR,ERR,ERR,ERR,ERR,ERR,ERR,ERR,ERR,ERR,ERR,ERR,ERR,ERR,ERR,ERR,ERR,ERR,ERR,ERR,ERR,ERR,ERR,ERR,ERR,ERR,ERR,ERR,ERR,ERR,ERR,ERR,ERR,ERR,ERR,ERR,ERR,ERR,ERR,ERR,ERR,ERR,ERR,ERR,ERR,0.0,-0.0,-101055584.0,0.0,0.0,0.0,0.0,nan,0,0,0,32768,0,0.0,0,0.0,0.0,0.0,0.0,0.0,0,0,0,0,0.0,0,0,0,0,0,0,0,0,0,0,0,0,0,0,0,0,0,0,0,0,0,0,0,0,0,0,0,0,0,0,0,0,0,0,0,0,0,0,0,0,0,0,0,0,0.0,0.0,0.0,0.0,0.0,0.0,0.0,0.0,0.0,0.0,0.0,0.0,0.0,0.0,0.0,0.0,0.0,0.0,0.0,0.0,0.0,0.0,-0.0,-2.004,-2.004,-0.0,0.0,0.0,0.0,0.0,3381.5,3.697154027885167e+19,0.0,0.0,-0.0,-0.0,2.7184274988523002e+23,0.0,0.0,0.0,0.0,0,-89221.016,89220.055,0.0,0.0,0.0,0.0,0.0,0.0,0.0,0,0,0,0.0,0.0,0.0,0.0,0.0,0.0,0.0,0.0,0.0,0.0,0.0,0.0,0.0,0.0,0.0,0.0,0,-107875648.0,0,0.0,0,-107875648.0,-107877712.0,0,0,17039,26215,17053,39322,17037,0,0,0,110,100,100,0.0,64.0,0.0,64.9,-107615304.0,68.5,1,49,50,180,0,26215,0,0,0.0,0.0,0.0,0.0,-4.698540489246352e+31,65.0,0.0,4.084992852252576e+24,0.0,645,0,687,0,0,0,715,0,787,0,708,0,689,0,645,0,641,0,617,0.032,36962304.0,2.004,-107615152.0,46224,16788,-9.512054180344108e+20,-1.5901402030419548e+38,-0.0,-0.001,-64.129,-1.2766380381132335e+29,29.0,60.0,70,0.0,0.0,0.0,0.0,0.0,0.0,0.0,0.0,0.0,0.0,0.0,0.0,0.0,0.0,0.0,0.0,59.2,68,11,65509,41,65476,0,300,0,0,8,20529,65476,0,0,61604,60.0,0.0,0.0,0.0,0.0,0.0
2026-04-04T11:36:40,ERR,ERR,ERR,ERR,ERR,ERR,ERR,ERR,ERR,ERR,ERR,ERR,ERR,ERR,ERR,ERR,ERR,ERR,ERR,ERR,ERR,ERR,ERR,ERR,ERR,ERR,ERR,ERR,ERR,ERR,ERR,ERR,ERR,ERR,ERR,ERR,ERR,ERR,ERR,ERR,ERR,ERR,ERR,ERR,ERR,ERR,ERR,ERR,ERR,ERR,ERR,ERR,ERR,ERR,ERR,ERR,ERR,ERR,ERR,ERR,ERR,ERR,ERR,ERR,ERR,ERR,ERR,ERR,ERR,ERR,ERR,ERR,ERR,ERR,ERR,ERR,ERR,ERR,ERR,ERR,ERR,ERR,ERR,ERR,ERR,ERR,ERR,ERR,ERR,ERR,ERR,ERR,ERR,ERR,ERR,ERR,ERR,ERR,ERR,ERR,ERR,ERR,ERR,ERR,ERR,ERR,ERR,ERR,ERR,ERR,ERR,ERR,ERR,ERR,ERR,ERR,ERR,ERR,ERR,ERR,ERR,ERR,ERR,ERR,ERR,0.0,-0.0,-101055584.0,0.0,0.0,0.0,0.0,nan,0,0,0,32768,0,0.0,0,0.0,0.0,0.0,0.0,0.0,0,0,0,0,0.0,0,0,0,0,0,0,0,0,0,0,0,0,0,0,0,0,0,0,0,0,0,0,0,0,0,0,0,0,0,0,0,0,0,0,0,0,0,0,0,0,0,0,0,0,0.0,0.0,0.0,0.0,0.0,0.0,0.0,0.0,0.0,0.0,0.0,0.0,0.0,0.0,0.0,0.0,0.0,0.0,0.0,0.0,0.0,0.0,-0.0,-2.004,-2.004,-0.0,0.0,0.0,0.0,0.0,3381.5,3.697154027885167e+19,0.0,0.0,-0.0,-0.0,2.7184274988523002e+23,0.0,0.0,0.0,0.0,0,-89221.016,89220.055,0.0,0.0,0.0,0.0,0.0,0.0,0.0,0,0,0,0.0,0.0,0.0,0.0,0.0,0.0,0.0,0.0,0.0,0.0,0.0,0.0,0.0,0.0,0.0,0.0,0,-107875648.0,0,0.0,0,-107875648.0,-107877712.0,0,0,17039,26215,17053,39322,17037,0,0,0,110,100,100,0.0,64.0,0.0,64.9,-107615304.0,68.5,1,49,50,180,0,26215,0,0,0.0,0.0,0.0,0.0,-4.698540489246352e+31,65.0,0.0,4.084992852252576e+24,0.0,645,0,687,0,0,0,715,0,787,0,708,0,689,0,645,0,641,0,617,0.032,36962304.0,2.004,-107615152.0,46224,16788,-9.512054180344108e+20,-1.5901402030419548e+38,-0.0,-0.001,-64.129,-1.2766380381132335e+29,29.0,60.0,70,0.0,0.0,0.0,0.0,0.0,0.0,0.0,0.0,0.0,0.0,0.0,0.0,0.0,0.0,0.0,0.0,59.2,68,11,65509,41,65476,0,300,0,0,8,20529,65476,0,0,61604,60.0,0.0,0.0,0.0,0.0,0.0
2026-04-04T11:36:41,ERR,ERR,ERR,ERR,ERR,ERR,ERR,ERR,ERR,ERR,ERR,ERR,ERR,ERR,ERR,ERR,ERR,ERR,ERR,ERR,ERR,ERR,ERR,ERR,ERR,ERR,ERR,ERR,ERR,ERR,ERR,ERR,ERR,ERR,ERR,ERR,ERR,ERR,ERR,ERR,ERR,ERR,ERR,ERR,ERR,ERR,ERR,ERR,ERR,ERR,ERR,ERR,ERR,ERR,ERR,ERR,ERR,ERR,ERR,ERR,ERR,ERR,ERR,ERR,ERR,ERR,ERR,ERR,ERR,ERR,ERR,ERR,ERR,ERR,ERR,ERR,ERR,ERR,ERR,ERR,ERR,ERR,ERR,ERR,ERR,ERR,ERR,ERR,ERR,ERR,ERR,ERR,ERR,ERR,ERR,ERR,ERR,ERR,ERR,ERR,ERR,ERR,ERR,ERR,ERR,ERR,ERR,ERR,ERR,ERR,ERR,ERR,ERR,ERR,ERR,ERR,ERR,ERR,ERR,ERR,ERR,ERR,ERR,ERR,ERR,0.0,-0.0,-101055584.0,0.0,0.0,0.0,0.0,nan,0,0,0,32768,0,0.0,0,0.0,0.0,0.0,0.0,0.0,0,0,0,0,0.0,0,0,0,0,0,0,0,0,0,0,0,0,0,0,0,0,0,0,0,0,0,0,0,0,0,0,0,0,0,0,0,0,0,0,0,0,0,0,0,0,0,0,0,0,0.0,0.0,0.0,0.0,0.0,0.0,0.0,0.0,0.0,0.0,0.0,0.0,0.0,0.0,0.0,0.0,0.0,0.0,0.0,0.0,0.0,0.0,-0.0,-2.004,-2.004,-0.0,0.0,0.0,0.0,0.0,3381.5,3.697154027885167e+19,0.0,0.0,-0.0,-0.0,2.7184274988523002e+23,0.0,0.0,0.0,0.0,0,-89221.016,89220.055,0.0,0.0,0.0,0.0,0.0,0.0,0.0,0,0,0,0.0,0.0,0.0,0.0,0.0,0.0,0.0,0.0,0.0,0.0,0.0,0.0,0.0,0.0,0.0,0.0,0,-107875648.0,0,0.0,0,-107875648.0,-107877712.0,0,0,17039,26215,17053,39322,17037,0,0,0,110,100,100,0.0,64.0,0.0,64.9,-107615304.0,68.5,1,49,50,180,0,26215,0,0,0.0,0.0,0.0,0.0,-4.698540489246352e+31,65.0,0.0,4.084992852252576e+24,0.0,645,0,687,0,0,0,715,0,787,0,708,0,689,0,645,0,641,0,617,0.032,36962304.0,2.004,-107615152.0,46224,16788,-9.512054180344108e+20,-1.5901402030419548e+38,-0.0,-0.001,-64.129,-1.2766380381132335e+29,29.0,60.0,70,0.0,0.0,0.0,0.0,0.0,0.0,0.0,0.0,0.0,0.0,0.0,0.0,0.0,0.0,0.0,0.0,59.2,68,11,65509,41,65476,0,300,0,0,8,20529,65476,0,0,61604,60.0,0.0,0.0,0.0,0.0,0.0
2026-04-04T11:36:42,ERR,ERR,ERR,ERR,ERR,ERR,ERR,ERR,ERR,ERR,ERR,ERR,ERR,ERR,ERR,ERR,ERR,ERR,ERR,ERR,ERR,ERR,ERR,ERR,ERR,ERR,ERR,ERR,ERR,ERR,ERR,ERR,ERR,ERR,ERR,ERR,ERR,ERR,ERR,ERR,ERR,ERR,ERR,ERR,ERR,ERR,ERR,ERR,ERR,ERR,ERR,ERR,ERR,ERR,ERR,ERR,ERR,ERR,ERR,ERR,ERR,ERR,ERR,ERR,ERR,ERR,ERR,ERR,ERR,ERR,ERR,ERR,ERR,ERR,ERR,ERR,ERR,ERR,ERR,ERR,ERR,ERR,ERR,ERR,ERR,ERR,ERR,ERR,ERR,ERR,ERR,ERR,ERR,ERR,ERR,ERR,ERR,ERR,ERR,ERR,ERR,ERR,ERR,ERR,ERR,ERR,ERR,ERR,ERR,ERR,ERR,ERR,ERR,ERR,ERR,ERR,ERR,ERR,ERR,ERR,ERR,ERR,ERR,ERR,ERR,0.0,-0.0,-101055584.0,0.0,0.0,0.0,0.0,nan,0,0,0,32768,0,0.0,0,0.0,0.0,0.0,0.0,0.0,0,0,0,0,0.0,0,0,0,0,0,0,0,0,0,0,0,0,0,0,0,0,0,0,0,0,0,0,0,0,0,0,0,0,0,0,0,0,0,0,0,0,0,0,0,0,0,0,0,0,0.0,0.0,0.0,0.0,0.0,0.0,0.0,0.0,0.0,0.0,0.0,0.0,0.0,0.0,0.0,0.0,0.0,0.0,0.0,0.0,0.0,0.0,-0.0,-2.004,-2.004,-0.0,0.0,0.0,0.0,0.0,3381.5,3.697154027885167e+19,0.0,0.0,-0.0,-0.0,2.7184274988523002e+23,0.0,0.0,0.0,0.0,0,-89221.016,89220.055,0.0,0.0,0.0,0.0,0.0,0.0,0.0,0,0,0,0.0,0.0,0.0,0.0,0.0,0.0,0.0,0.0,0.0,0.0,0.0,0.0,0.0,0.0,0.0,0.0,0,-107875648.0,0,0.0,0,-107875648.0,-107877712.0,0,0,17039,26215,17053,39322,17037,0,0,0,110,100,100,0.0,64.0,0.0,64.9,-107615304.0,68.5,1,49,50,180,0,26215,0,0,0.0,0.0,0.0,0.0,-4.698540489246352e+31,65.0,0.0,4.084992852252576e+24,0.0,645,0,687,0,0,0,715,0,787,0,708,0,689,0,645,0,641,0,617,0.032,36962304.0,2.004,-107615152.0,46224,16788,-9.512054180344108e+20,-1.5901402030419548e+38,-0.0,-0.001,-64.129,-1.2766380381132335e+29,29.0,60.0,70,0.0,0.0,0.0,0.0,0.0,0.0,0.0,0.0,0.0,0.0,0.0,0.0,0.0,0.0,0.0,0.0,59.2,68,11,65509,41,65476,0,300,0,0,8,20529,65476,0,0,61604,60.0,0.0,0.0,0.0,0.0,0.0
2026-04-04T11:36:43,ERR,ERR,ERR,ERR,ERR,ERR,ERR,ERR,ERR,ERR,ERR,ERR,ERR,ERR,ERR,ERR,ERR,ERR,ERR,ERR,ERR,ERR,ERR,ERR,ERR,ERR,ERR,ERR,ERR,ERR,ERR,ERR,ERR,ERR,ERR,ERR,ERR,ERR,ERR,ERR,ERR,ERR,ERR,ERR,ERR,ERR,ERR,ERR,ERR,ERR,ERR,ERR,ERR,ERR,ERR,ERR,ERR,ERR,ERR,ERR,ERR,ERR,ERR,ERR,ERR,ERR,ERR,ERR,ERR,ERR,ERR,ERR,ERR,ERR,ERR,ERR,ERR,ERR,ERR,ERR,ERR,ERR,ERR,ERR,ERR,ERR,ERR,ERR,ERR,ERR,ERR,ERR,ERR,ERR,ERR,ERR,ERR,ERR,ERR,ERR,ERR,ERR,ERR,ERR,ERR,ERR,ERR,ERR,ERR,ERR,ERR,ERR,ERR,ERR,ERR,ERR,ERR,ERR,ERR,ERR,ERR,ERR,ERR,ERR,ERR,0.0,-0.0,-101055584.0,0.0,0.0,0.0,0.0,nan,0,0,0,32768,0,0.0,0,0.0,0.0,0.0,0.0,0.0,0,0,0,0,0.0,0,0,0,0,0,0,0,0,0,0,0,0,0,0,0,0,0,0,0,0,0,0,0,0,0,0,0,0,0,0,0,0,0,0,0,0,0,0,0,0,0,0,0,0,0.0,0.0,0.0,0.0,0.0,0.0,0.0,0.0,0.0,0.0,0.0,0.0,0.0,0.0,0.0,0.0,0.0,0.0,0.0,0.0,0.0,0.0,-0.0,-2.004,-2.004,-0.0,0.0,0.0,0.0,0.0,3381.5,3.697154027885167e+19,0.0,0.0,-0.0,-0.0,2.7184274988523002e+23,0.0,0.0,0.0,0.0,0,-89221.016,89220.055,0.0,0.0,0.0,0.0,0.0,0.0,0.0,0,0,0,0.0,0.0,0.0,0.0,0.0,0.0,0.0,0.0,0.0,0.0,0.0,0.0,0.0,0.0,0.0,0.0,0,-107875648.0,0,0.0,0,-107875648.0,-107877712.0,0,0,17039,26215,17053,39322,17037,0,0,0,110,100,100,0.0,64.0,0.0,64.9,-107615304.0,68.5,1,49,50,180,0,26215,0,0,0.0,0.0,0.0,0.0,-4.698540489246352e+31,65.0,0.0,4.084992852252576e+24,0.0,645,0,687,0,0,0,715,0,787,0,708,0,689,0,645,0,641,0,617,0.032,36962304.0,2.004,-107615152.0,46224,16788,-9.512054180344108e+20,-1.5901402030419548e+38,-0.0,-0.001,-64.129,-1.2766380381132335e+29,29.0,60.0,70,0.0,0.0,0.0,0.0,0.0,0.0,0.0,0.0,0.0,0.0,0.0,0.0,0.0,0.0,0.0,0.0,59.2,68,11,65509,41,65476,0,300,0,0,8,20529,65476,0,0,61604,60.0,0.0,0.0,0.0,0.0,0.0
2026-04-04T11:36:44,ERR,ERR,ERR,ERR,ERR,ERR,ERR,ERR,ERR,ERR,ERR,ERR,ERR,ERR,ERR,ERR,ERR,ERR,ERR,ERR,ERR,ERR,ERR,ERR,ERR,ERR,ERR,ERR,ERR,ERR,ERR,ERR,ERR,ERR,ERR,ERR,ERR,ERR,ERR,ERR,ERR,ERR,ERR,ERR,ERR,ERR,ERR,ERR,ERR,ERR,ERR,ERR,ERR,ERR,ERR,ERR,ERR,ERR,ERR,ERR,ERR,ERR,ERR,ERR,ERR,ERR,ERR,ERR,ERR,ERR,ERR,ERR,ERR,ERR,ERR,ERR,ERR,ERR,ERR,ERR,ERR,ERR,ERR,ERR,ERR,ERR,ERR,ERR,ERR,ERR,ERR,ERR,ERR,ERR,ERR,ERR,ERR,ERR,ERR,ERR,ERR,ERR,ERR,ERR,ERR,ERR,ERR,ERR,ERR,ERR,ERR,ERR,ERR,ERR,ERR,ERR,ERR,ERR,ERR,ERR,ERR,ERR,ERR,ERR,ERR,0.0,-0.0,-101055584.0,0.0,0.0,0.0,0.0,nan,0,0,0,32768,0,0.0,0,0.0,0.0,0.0,0.0,0.0,0,0,0,0,0.0,0,0,0,0,0,0,0,0,0,0,0,0,0,0,0,0,0,0,0,0,0,0,0,0,0,0,0,0,0,0,0,0,0,0,0,0,0,0,0,0,0,0,0,0,0.0,0.0,0.0,0.0,0.0,0.0,0.0,0.0,0.0,0.0,0.0,0.0,0.0,0.0,0.0,0.0,0.0,0.0,0.0,0.0,0.0,0.0,-0.0,-2.004,-2.004,-0.0,0.0,0.0,0.0,0.0,3381.5,3.697154027885167e+19,0.0,0.0,-0.0,-0.0,2.7184274988523002e+23,0.0,0.0,0.0,0.0,0,-89221.016,89220.055,0.0,0.0,0.0,0.0,0.0,0.0,0.0,0,0,0,0.0,0.0,0.0,0.0,0.0,0.0,0.0,0.0,0.0,0.0,0.0,0.0,0.0,0.0,0.0,0.0,0,-107875648.0,0,0.0,0,-107875648.0,-107877712.0,0,0,17039,13107,17053,39322,17037,0,0,0,110,100,100,0.0,64.0,0.0,64.9,-107615304.0,68.5,1,49,50,180,0,26215,0,0,0.0,0.0,0.0,0.0,-5.2075076586674586e+17,65.0,0.0,-0.0,0.0,645,0,687,0,0,0,715,0,787,0,708,0,689,0,645,0,641,0,617,0.032,36962304.0,2.004,-107615152.0,53136,16788,-2.0993840411361856e+22,-0.0,898639744.0,-0.0,-0.0,-0.0,29.0,60.0,70,0.0,0.0,0.0,0.0,0.0,0.0,0.0,0.0,0.0,0.0,0.0,0.0,0.0,0.0,0.0,0.0,59.2,68,11,65509,41,65476,0,300,0,0,8,20529,65476,0,0,61604,60.0,0.0,0.0,0.0,0.0,0.0
2026-04-04T11:36:45,ERR,ERR,ERR,ERR,ERR,ERR,ERR,ERR,ERR,ERR,ERR,ERR,ERR,ERR,ERR,ERR,ERR,ERR,ERR,ERR,ERR,ERR,ERR,ERR,ERR,ERR,ERR,ERR,ERR,ERR,ERR,ERR,ERR,ERR,ERR,ERR,ERR,ERR,ERR,ERR,ERR,ERR,ERR,ERR,ERR,ERR,ERR,ERR,ERR,ERR,ERR,ERR,ERR,ERR,ERR,ERR,ERR,ERR,ERR,ERR,ERR,ERR,ERR,ERR,ERR,ERR,ERR,ERR,ERR,ERR,ERR,ERR,ERR,ERR,ERR,ERR,ERR,ERR,ERR,ERR,ERR,ERR,ERR,ERR,ERR,ERR,ERR,ERR,ERR,ERR,ERR,ERR,ERR,ERR,ERR,ERR,ERR,ERR,ERR,ERR,ERR,ERR,ERR,ERR,ERR,ERR,ERR,ERR,ERR,ERR,ERR,ERR,ERR,ERR,ERR,ERR,ERR,ERR,ERR,ERR,ERR,ERR,ERR,ERR,ERR,0.0,-0.0,-101055584.0,0.0,0.0,0.0,0.0,nan,0,0,0,32768,0,0.0,0,0.0,0.0,0.0,0.0,0.0,0,0,0,0,0.0,0,0,0,0,0,0,0,0,0,0,0,0,0,0,0,0,0,0,0,0,0,0,0,0,0,0,0,0,0,0,0,0,0,0,0,0,0,0,0,0,0,0,0,0,0.0,0.0,0.0,0.0,0.0,0.0,0.0,0.0,0.0,0.0,0.0,0.0,0.0,0.0,0.0,0.0,0.0,0.0,0.0,0.0,0.0,0.0,-0.0,-2.004,-2.004,-0.0,0.0,0.0,0.0,0.0,3380.5,1.5879155638041463e+29,0.0,0.0,-0.0,-0.0,2.7184274988523002e+23,0.0,0.0,0.0,0.0,0,-0.059,126840004608.0,0.0,0.0,0.0,0.0,0.0,0.0,0.0,0,0,0,0.0,0.0,0.0,0.0,0.0,0.0,0.0,0.0,0.0,0.0,0.0,0.0,0.0,0.0,0.0,0.0,0,-107875648.0,0,0.0,0,-107875648.0,-107877712.0,0,0,17039,13107,17053,39322,17037,0,0,0,110,100,100,0.0,64.0,0.0,64.9,-107615304.0,68.5,1,49,50,180,0,26215,0,0,0.0,0.0,0.0,0.0,-5.2075076586674586e+17,65.0,0.0,-0.0,0.0,645,0,687,0,0,0,715,0,787,0,708,0,689,0,645,0,641,0,617,0.032,36962304.0,2.004,-107615152.0,53136,16788,-2.0993840411361856e+22,-0.0,898639744.0,-0.0,-0.0,-0.0,29.0,60.0,70,0.0,0.0,0.0,0.0,0.0,0.0,0.0,0.0,0.0,0.0,0.0,0.0,0.0,0.0,0.0,0.0,59.2,68,11,65509,41,65476,0,300,0,0,8,20529,65476,0,0,61604,60.0,0.0,0.0,0.0,0.0,0.0
2026-04-04T11:36:46,ERR,ERR,ERR,ERR,ERR,ERR,ERR,ERR,ERR,ERR,ERR,ERR,ERR,ERR,ERR,ERR,ERR,ERR,ERR,ERR,ERR,ERR,ERR,ERR,ERR,ERR,ERR,ERR,ERR,ERR,ERR,ERR,ERR,ERR,ERR,ERR,ERR,ERR,ERR,ERR,ERR,ERR,ERR,ERR,ERR,ERR,ERR,ERR,ERR,ERR,ERR,ERR,ERR,ERR,ERR,ERR,ERR,ERR,ERR,ERR,ERR,ERR,ERR,ERR,ERR,ERR,ERR,ERR,ERR,ERR,ERR,ERR,ERR,ERR,ERR,ERR,ERR,ERR,ERR,ERR,ERR,ERR,ERR,ERR,ERR,ERR,ERR,ERR,ERR,ERR,ERR,ERR,ERR,ERR,ERR,ERR,ERR,ERR,ERR,ERR,ERR,ERR,ERR,ERR,ERR,ERR,ERR,ERR,ERR,ERR,ERR,ERR,ERR,ERR,ERR,ERR,ERR,ERR,ERR,ERR,ERR,ERR,ERR,ERR,ERR,0.0,-0.0,-101055584.0,0.0,0.0,0.0,0.0,nan,0,0,0,32768,0,0.0,0,0.0,0.0,0.0,0.0,0.0,0,0,0,0,0.0,0,0,0,0,0,0,0,0,0,0,0,0,0,0,0,0,0,0,0,0,0,0,0,0,0,0,0,0,0,0,0,0,0,0,0,0,0,0,0,0,0,0,0,0,0.0,0.0,0.0,0.0,0.0,0.0,0.0,0.0,0.0,0.0,0.0,0.0,0.0,0.0,0.0,0.0,0.0,0.0,0.0,0.0,0.0,0.0,-0.0,-2.004,-2.004,-0.0,0.0,0.0,0.0,0.0,3380.5,1.5879155638041463e+29,0.0,0.0,-0.0,-0.0,2.7184274988523002e+23,0.0,0.0,0.0,0.0,0,-0.059,126840004608.0,0.0,0.0,0.0,0.0,0.0,0.0,0.0,0,0,0,0.0,0.0,0.0,0.0,0.0,0.0,0.0,0.0,0.0,0.0,0.0,0.0,0.0,0.0,0.0,0.0,0,-107875648.0,0,0.0,0,-107875648.0,-107877712.0,0,0,17039,13107,17053,39322,17037,0,0,0,110,100,100,0.0,64.0,0.0,64.9,-107615304.0,68.5,1,49,50,180,0,26215,0,0,0.0,0.0,0.0,0.0,-5.2075076586674586e+17,65.0,0.0,-0.0,0.0,645,0,687,0,0,0,715,0,787,0,708,0,689,0,645,0,641,0,617,0.032,36962304.0,2.004,-107615152.0,53136,16788,-2.0993840411361856e+22,-0.0,898639744.0,-0.0,-0.0,-0.0,29.0,60.0,70,0.0,0.0,0.0,0.0,0.0,0.0,0.0,0.0,0.0,0.0,0.0,0.0,0.0,0.0,0.0,0.0,59.2,68,11,65509,41,65476,0,300,0,0,8,20529,65476,0,0,61604,60.0,0.0,0.0,0.0,0.0,0.0
2026-04-04T11:36:47,ERR,ERR,ERR,ERR,ERR,ERR,ERR,ERR,ERR,ERR,ERR,ERR,ERR,ERR,ERR,ERR,ERR,ERR,ERR,ERR,ERR,ERR,ERR,ERR,ERR,ERR,ERR,ERR,ERR,ERR,ERR,ERR,ERR,ERR,ERR,ERR,ERR,ERR,ERR,ERR,ERR,ERR,ERR,ERR,ERR,ERR,ERR,ERR,ERR,ERR,ERR,ERR,ERR,ERR,ERR,ERR,ERR,ERR,ERR,ERR,ERR,ERR,ERR,ERR,ERR,ERR,ERR,ERR,ERR,ERR,ERR,ERR,ERR,ERR,ERR,ERR,ERR,ERR,ERR,ERR,ERR,ERR,ERR,ERR,ERR,ERR,ERR,ERR,ERR,ERR,ERR,ERR,ERR,ERR,ERR,ERR,ERR,ERR,ERR,ERR,ERR,ERR,ERR,ERR,ERR,ERR,ERR,ERR,ERR,ERR,ERR,ERR,ERR,ERR,ERR,ERR,ERR,ERR,ERR,ERR,ERR,ERR,ERR,ERR,ERR,0.0,-0.0,-101055584.0,0.0,0.0,0.0,0.0,nan,0,0,0,32768,0,0.0,0,0.0,0.0,0.0,0.0,0.0,0,0,0,0,0.0,0,0,0,0,0,0,0,0,0,0,0,0,0,0,0,0,0,0,0,0,0,0,0,0,0,0,0,0,0,0,0,0,0,0,0,0,0,0,0,0,0,0,0,0,0.0,0.0,0.0,0.0,0.0,0.0,0.0,0.0,0.0,0.0,0.0,0.0,0.0,0.0,0.0,0.0,0.0,0.0,0.0,0.0,0.0,0.0,-0.0,-2.004,-2.004,-0.0,0.0,0.0,0.0,0.0,3380.5,1.5879155638041463e+29,0.0,0.0,-0.0,-0.0,2.7184274988523002e+23,0.0,0.0,0.0,0.0,0,-0.059,126840004608.0,0.0,0.0,0.0,0.0,0.0,0.0,0.0,0,0,0,0.0,0.0,0.0,0.0,0.0,0.0,0.0,0.0,0.0,0.0,0.0,0.0,0.0,0.0,0.0,0.0,0,-107875648.0,0,0.0,0,-107875648.0,-107877712.0,0,0,17039,13107,17053,39322,17037,0,0,0,110,100,100,0.0,64.0,0.0,64.9,-107615304.0,68.5,1,49,50,180,0,26215,0,0,0.0,0.0,0.0,0.0,-5.2075076586674586e+17,65.0,0.0,-0.0,0.0,645,0,687,0,0,0,715,0,787,0,708,0,689,0,645,0,641,0,617,0.032,36962304.0,2.004,-107615152.0,53136,16788,-2.0993840411361856e+22,-0.0,898639744.0,-0.0,-0.0,-0.0,29.0,60.0,70,0.0,0.0,0.0,0.0,0.0,0.0,0.0,0.0,0.0,0.0,0.0,0.0,0.0,0.0,0.0,0.0,59.2,68,11,65509,41,65476,0,300,0,0,8,20529,65476,0,0,61604,60.0,0.0,0.0,0.0,0.0,0.0
2026-04-04T11:36:48,ERR,ERR,ERR,ERR,ERR,ERR,ERR,ERR,ERR,ERR,ERR,ERR,ERR,ERR,ERR,ERR,ERR,ERR,ERR,ERR,ERR,ERR,ERR,ERR,ERR,ERR,ERR,ERR,ERR,ERR,ERR,ERR,ERR,ERR,ERR,ERR,ERR,ERR,ERR,ERR,ERR,ERR,ERR,ERR,ERR,ERR,ERR,ERR,ERR,ERR,ERR,ERR,ERR,ERR,ERR,ERR,ERR,ERR,ERR,ERR,ERR,ERR,ERR,ERR,ERR,ERR,ERR,ERR,ERR,ERR,ERR,ERR,ERR,ERR,ERR,ERR,ERR,ERR,ERR,ERR,ERR,ERR,ERR,ERR,ERR,ERR,ERR,ERR,ERR,ERR,ERR,ERR,ERR,ERR,ERR,ERR,ERR,ERR,ERR,ERR,ERR,ERR,ERR,ERR,ERR,ERR,ERR,ERR,ERR,ERR,ERR,ERR,ERR,ERR,ERR,ERR,ERR,ERR,ERR,ERR,ERR,ERR,ERR,ERR,ERR,0.0,-0.0,-101055584.0,0.0,0.0,0.0,0.0,nan,0,0,0,32768,0,0.0,0,0.0,0.0,0.0,0.0,0.0,0,0,0,0,0.0,0,0,0,0,0,0,0,0,0,0,0,0,0,0,0,0,0,0,0,0,0,0,0,0,0,0,0,0,0,0,0,0,0,0,0,0,0,0,0,0,0,0,0,0,0.0,0.0,0.0,0.0,0.0,0.0,0.0,0.0,0.0,0.0,0.0,0.0,0.0,0.0,0.0,0.0,0.0,0.0,0.0,0.0,0.0,0.0,-0.0,-2.004,-2.004,-0.0,0.0,0.0,0.0,0.0,3380.5,1.5879155638041463e+29,0.0,0.0,-0.0,-0.0,2.7184274988523002e+23,0.0,0.0,0.0,0.0,0,-0.059,126840004608.0,0.0,0.0,0.0,0.0,0.0,0.0,0.0,0,0,0,0.0,0.0,0.0,0.0,0.0,0.0,0.0,0.0,0.0,0.0,0.0,0.0,0.0,0.0,0.0,0.0,0,-107875648.0,0,0.0,0,-107875648.0,-107877712.0,0,0,17039,13107,17053,39322,17037,0,0,0,110,100,100,0.0,64.0,0.0,64.9,-107615304.0,68.5,1,49,50,180,0,26215,0,0,0.0,0.0,0.0,0.0,-6.239187097085342e+34,65.0,0.0,-0.0,0.0,645,0,687,0,0,0,715,0,787,0,708,0,689,0,645,0,641,0,617,0.032,36700160.0,2.004,-107615152.0,44304,16788,-1.0346160135433986e+36,-166151.891,-0.0,0.0,-603666780258304.0,0.0,29.0,60.0,70,0.0,0.0,0.0,0.0,0.0,0.0,0.0,0.0,0.0,0.0,0.0,0.0,0.0,0.0,0.0,0.0,59.6,68,11,65509,41,65476,0,300,0,0,8,20529,65476,0,0,61604,60.0,0.0,0.0,0.0,0.0,0.0
2026-04-04T11:36:49,ERR,ERR,ERR,ERR,ERR,ERR,ERR,ERR,ERR,ERR,ERR,ERR,ERR,ERR,ERR,ERR,ERR,ERR,ERR,ERR,ERR,ERR,ERR,ERR,ERR,ERR,ERR,ERR,ERR,ERR,ERR,ERR,ERR,ERR,ERR,ERR,ERR,ERR,ERR,ERR,ERR,ERR,ERR,ERR,ERR,ERR,ERR,ERR,ERR,ERR,ERR,ERR,ERR,ERR,ERR,ERR,ERR,ERR,ERR,ERR,ERR,ERR,ERR,ERR,ERR,ERR,ERR,ERR,ERR,ERR,ERR,ERR,ERR,ERR,ERR,ERR,ERR,ERR,ERR,ERR,ERR,ERR,ERR,ERR,ERR,ERR,ERR,ERR,ERR,ERR,ERR,ERR,ERR,ERR,ERR,ERR,ERR,ERR,ERR,ERR,ERR,ERR,ERR,ERR,ERR,ERR,ERR,ERR,ERR,ERR,ERR,ERR,ERR,ERR,ERR,ERR,ERR,ERR,ERR,ERR,ERR,ERR,ERR,ERR,ERR,0.0,-0.0,-101055584.0,0.0,0.0,0.0,0.0,nan,0,0,0,32768,0,0.0,0,0.0,0.0,0.0,0.0,0.0,0,0,0,0,0.0,0,0,0,0,0,0,0,0,0,0,0,0,0,0,0,0,0,0,0,0,0,0,0,0,0,0,0,0,0,0,0,0,0,0,0,0,0,0,0,0,0,0,0,0,0.0,0.0,0.0,0.0,0.0,0.0,0.0,0.0,0.0,0.0,0.0,0.0,0.0,0.0,0.0,0.0,0.0,0.0,0.0,0.0,0.0,0.0,-0.0,-2.004,-2.004,-0.0,0.0,0.0,0.0,0.0,3380.5,1.5879155638041463e+29,0.0,0.0,-0.0,-0.0,2.7184274988523002e+23,0.0,0.0,0.0,0.0,0,-0.059,126840004608.0,0.0,0.0,0.0,0.0,0.0,0.0,0.0,0,0,0,0.0,0.0,0.0,0.0,0.0,0.0,0.0,0.0,0.0,0.0,0.0,0.0,0.0,0.0,0.0,0.0,0,-107875648.0,0,0.0,0,-107875648.0,-107877712.0,0,0,17039,13107,17053,39322,17037,0,0,0,110,100,100,0.0,64.0,0.0,64.9,-107615304.0,68.5,1,49,50,180,0,26215,0,0,0.0,0.0,0.0,0.0,-6.239187097085342e+34,65.0,0.0,-0.0,0.0,645,0,687,0,0,0,715,0,787,0,708,0,689,0,645,0,641,0,617,0.032,36700160.0,2.004,-107615152.0,44304,16788,-1.0346160135433986e+36,-166151.891,-0.0,0.0,-603666780258304.0,0.0,29.0,60.0,70,0.0,0.0,0.0,0.0,0.0,0.0,0.0,0.0,0.0,0.0,0.0,0.0,0.0,0.0,0.0,0.0,59.6,68,11,65509,41,65476,0,300,0,0,8,20529,65476,0,0,61604,60.0,0.0,0.0,0.0,0.0,0.0
2026-04-04T11:36:50,ERR,ERR,ERR,ERR,ERR,ERR,ERR,ERR,ERR,ERR,ERR,ERR,ERR,ERR,ERR,ERR,ERR,ERR,ERR,ERR,ERR,ERR,ERR,ERR,ERR,ERR,ERR,ERR,ERR,ERR,ERR,ERR,ERR,ERR,ERR,ERR,ERR,ERR,ERR,ERR,ERR,ERR,ERR,ERR,ERR,ERR,ERR,ERR,ERR,ERR,ERR,ERR,ERR,ERR,ERR,ERR,ERR,ERR,ERR,ERR,ERR,ERR,ERR,ERR,ERR,ERR,ERR,ERR,ERR,ERR,ERR,ERR,ERR,ERR,ERR,ERR,ERR,ERR,ERR,ERR,ERR,ERR,ERR,ERR,ERR,ERR,ERR,ERR,ERR,ERR,ERR,ERR,ERR,ERR,ERR,ERR,ERR,ERR,ERR,ERR,ERR,ERR,ERR,ERR,ERR,ERR,ERR,ERR,ERR,ERR,ERR,ERR,ERR,ERR,ERR,ERR,ERR,ERR,ERR,ERR,ERR,ERR,ERR,ERR,ERR,0.0,-0.0,-101055584.0,0.0,0.0,0.0,0.0,nan,0,0,0,32768,0,0.0,0,0.0,0.0,0.0,0.0,0.0,0,0,0,0,0.0,0,0,0,0,0,0,0,0,0,0,0,0,0,0,0,0,0,0,0,0,0,0,0,0,0,0,0,0,0,0,0,0,0,0,0,0,0,0,0,0,0,0,0,0,0.0,0.0,0.0,0.0,0.0,0.0,0.0,0.0,0.0,0.0,0.0,0.0,0.0,0.0,0.0,0.0,0.0,0.0,0.0,0.0,0.0,0.0,-0.0,-2.004,-2.004,-0.0,0.0,0.0,0.0,0.0,3379.5,2.004,0.0,0.0,-0.0,-0.0,2.7184274988523002e+23,0.0,0.0,0.0,0.0,0,-0.0,0.0,0.0,0.0,0.0,0.0,0.0,0.0,0.0,0,0,0,0.0,0.0,0.0,0.0,0.0,0.0,0.0,0.0,0.0,0.0,0.0,0.0,0.0,0.0,0.0,0.0,0,-107875648.0,0,0.0,0,-107875648.0,-107877712.0,0,0,17039,13107,17053,39322,17037,0,0,0,110,100,100,0.0,64.0,0.0,64.9,-107615304.0,68.5,1,49,50,180,0,26215,0,0,0.0,0.0,0.0,0.0,-6.239187097085342e+34,65.0,0.0,-0.0,0.0,645,0,687,0,0,0,715,0,787,0,708,0,689,0,645,0,641,0,617,0.032,36700160.0,2.004,-107615152.0,44304,16788,-1.0346160135433986e+36,-166151.891,-0.0,0.0,-603666780258304.0,0.0,29.0,60.0,70,0.0,0.0,0.0,0.0,0.0,0.0,0.0,0.0,0.0,0.0,0.0,0.0,0.0,0.0,0.0,0.0,59.2,68,11,65509,41,65476,0,300,0,0,8,20529,65476,0,0,61604,60.0,0.0,0.0,0.0,0.0,0.0
2026-04-04T11:36:51,ERR,ERR,ERR,ERR,ERR,ERR,ERR,ERR,ERR,ERR,ERR,ERR,ERR,ERR,ERR,ERR,ERR,ERR,ERR,ERR,ERR,ERR,ERR,ERR,ERR,ERR,ERR,ERR,ERR,ERR,ERR,ERR,ERR,ERR,ERR,ERR,ERR,ERR,ERR,ERR,ERR,ERR,ERR,ERR,ERR,ERR,ERR,ERR,ERR,ERR,ERR,ERR,ERR,ERR,ERR,ERR,ERR,ERR,ERR,ERR,ERR,ERR,ERR,ERR,ERR,ERR,ERR,ERR,ERR,ERR,ERR,ERR,ERR,ERR,ERR,ERR,ERR,ERR,ERR,ERR,ERR,ERR,ERR,ERR,ERR,ERR,ERR,ERR,ERR,ERR,ERR,ERR,ERR,ERR,ERR,ERR,ERR,ERR,ERR,ERR,ERR,ERR,ERR,ERR,ERR,ERR,ERR,ERR,ERR,ERR,ERR,ERR,ERR,ERR,ERR,ERR,ERR,ERR,ERR,ERR,ERR,ERR,ERR,ERR,ERR,0.0,-0.0,-101055584.0,0.0,0.0,0.0,0.0,nan,0,0,0,32768,0,0.0,0,0.0,0.0,0.0,0.0,0.0,0,0,0,0,0.0,0,0,0,0,0,0,0,0,0,0,0,0,0,0,0,0,0,0,0,0,0,0,0,0,0,0,0,0,0,0,0,0,0,0,0,0,0,0,0,0,0,0,0,0,0.0,0.0,0.0,0.0,0.0,0.0,0.0,0.0,0.0,0.0,0.0,0.0,0.0,0.0,0.0,0.0,0.0,0.0,0.0,0.0,0.0,0.0,-0.0,-2.004,-2.004,-0.0,0.0,0.0,0.0,0.0,3379.5,2.004,0.0,0.0,-0.0,-0.0,2.7184274988523002e+23,0.0,0.0,0.0,0.0,0,-0.0,0.0,0.0,0.0,0.0,0.0,0.0,0.0,0.0,0,0,0,0.0,0.0,0.0,0.0,0.0,0.0,0.0,0.0,0.0,0.0,0.0,0.0,0.0,0.0,0.0,0.0,0,-107875648.0,0,0.0,0,-107875648.0,-107877712.0,0,0,17039,13107,17053,39322,17037,0,0,0,110,100,100,0.0,64.0,0.0,64.9,-107615304.0,68.5,1,49,50,180,0,26215,0,0,0.0,0.0,0.0,0.0,-6.239187097085342e+34,65.0,0.0,-0.0,0.0,645,0,687,0,0,0,715,0,787,0,708,0,689,0,645,0,641,0,617,0.032,36700160.0,2.004,-107615152.0,44304,16788,-1.0346160135433986e+36,-166151.891,-0.0,0.0,-603666780258304.0,0.0,29.0,60.0,70,0.0,0.0,0.0,0.0,0.0,0.0,0.0,0.0,0.0,0.0,0.0,0.0,0.0,0.0,0.0,0.0,59.2,68,11,65509,41,65476,0,300,0,0,8,20529,65476,0,0,61604,60.0,0.0,0.0,0.0,0.0,0.0
2026-04-04T11:36:52,ERR,ERR,ERR,ERR,ERR,ERR,ERR,ERR,ERR,ERR,ERR,ERR,ERR,ERR,ERR,ERR,ERR,ERR,ERR,ERR,ERR,ERR,ERR,ERR,ERR,ERR,ERR,ERR,ERR,ERR,ERR,ERR,ERR,ERR,ERR,ERR,ERR,ERR,ERR,ERR,ERR,ERR,ERR,ERR,ERR,ERR,ERR,ERR,ERR,ERR,ERR,ERR,ERR,ERR,ERR,ERR,ERR,ERR,ERR,ERR,ERR,ERR,ERR,ERR,ERR,ERR,ERR,ERR,ERR,ERR,ERR,ERR,ERR,ERR,ERR,ERR,ERR,ERR,ERR,ERR,ERR,ERR,ERR,ERR,ERR,ERR,ERR,ERR,ERR,ERR,ERR,ERR,ERR,ERR,ERR,ERR,ERR,ERR,ERR,ERR,ERR,ERR,ERR,ERR,ERR,ERR,ERR,ERR,ERR,ERR,ERR,ERR,ERR,ERR,ERR,ERR,ERR,ERR,ERR,ERR,ERR,ERR,ERR,ERR,ERR,0.0,-0.0,-101055584.0,0.0,0.0,0.0,0.0,nan,0,0,0,32768,0,0.0,0,0.0,0.0,0.0,0.0,0.0,0,0,0,0,0.0,0,0,0,0,0,0,0,0,0,0,0,0,0,0,0,0,0,0,0,0,0,0,0,0,0,0,0,0,0,0,0,0,0,0,0,0,0,0,0,0,0,0,0,0,0.0,0.0,0.0,0.0,0.0,0.0,0.0,0.0,0.0,0.0,0.0,0.0,0.0,0.0,0.0,0.0,0.0,0.0,0.0,0.0,0.0,0.0,-0.0,-2.004,-2.004,-0.0,0.0,0.0,0.0,0.0,3379.5,2.004,0.0,0.0,-0.0,-0.0,2.7184274988523002e+23,0.0,0.0,0.0,0.0,0,-0.0,0.0,0.0,0.0,0.0,0.0,0.0,0.0,0.0,0,0,0,0.0,0.0,0.0,0.0,0.0,0.0,0.0,0.0,0.0,0.0,0.0,0.0,0.0,0.0,0.0,0.0,0,-107875648.0,0,0.0,0,-107875648.0,-107877712.0,0,0,17039,13107,17053,39322,17037,0,0,0,110,100,100,0.0,64.0,0.0,64.9,-107615304.0,68.5,1,49,50,180,0,26215,0,0,0.0,0.0,0.0,0.0,-6.239187097085342e+34,65.0,0.0,-0.0,0.0,645,0,687,0,0,0,715,0,787,0,708,0,689,0,645,0,641,0,617,0.032,36700160.0,2.004,-107615152.0,44304,16788,-1.0346160135433986e+36,-166151.891,-0.0,0.0,-603666780258304.0,0.0,29.0,60.0,70,0.0,0.0,0.0,0.0,0.0,0.0,0.0,0.0,0.0,0.0,0.0,0.0,0.0,0.0,0.0,0.0,59.2,68,11,65509,41,65476,0,300,0,0,8,20529,65476,0,0,61604,60.0,0.0,0.0,0.0,0.0,0.0
2026-04-04T11:36:53,ERR,ERR,ERR,ERR,ERR,ERR,ERR,ERR,ERR,ERR,ERR,ERR,ERR,ERR,ERR,ERR,ERR,ERR,ERR,ERR,ERR,ERR,ERR,ERR,ERR,ERR,ERR,ERR,ERR,ERR,ERR,ERR,ERR,ERR,ERR,ERR,ERR,ERR,ERR,ERR,ERR,ERR,ERR,ERR,ERR,ERR,ERR,ERR,ERR,ERR,ERR,ERR,ERR,ERR,ERR,ERR,ERR,ERR,ERR,ERR,ERR,ERR,ERR,ERR,ERR,ERR,ERR,ERR,ERR,ERR,ERR,ERR,ERR,ERR,ERR,ERR,ERR,ERR,ERR,ERR,ERR,ERR,ERR,ERR,ERR,ERR,ERR,ERR,ERR,ERR,ERR,ERR,ERR,ERR,ERR,ERR,ERR,ERR,ERR,ERR,ERR,ERR,ERR,ERR,ERR,ERR,ERR,ERR,ERR,ERR,ERR,ERR,ERR,ERR,ERR,ERR,ERR,ERR,ERR,ERR,ERR,ERR,ERR,ERR,ERR,0.0,-0.0,-101055584.0,0.0,0.0,0.0,0.0,nan,0,0,0,32768,0,0.0,0,0.0,0.0,0.0,0.0,0.0,0,0,0,0,0.0,0,0,0,0,0,0,0,0,0,0,0,0,0,0,0,0,0,0,0,0,0,0,0,0,0,0,0,0,0,0,0,0,0,0,0,0,0,0,0,0,0,0,0,0,0.0,0.0,0.0,0.0,0.0,0.0,0.0,0.0,0.0,0.0,0.0,0.0,0.0,0.0,0.0,0.0,0.0,0.0,0.0,0.0,0.0,0.0,-0.0,-2.004,-2.004,-0.0,0.0,0.0,0.0,0.0,3379.5,2.004,0.0,0.0,-0.0,-0.0,2.7184274988523002e+23,0.0,0.0,0.0,0.0,0,-0.0,0.0,0.0,0.0,0.0,0.0,0.0,0.0,0.0,0,0,0,0.0,0.0,0.0,0.0,0.0,0.0,0.0,0.0,0.0,0.0,0.0,0.0,0.0,0.0,0.0,0.0,0,-107875648.0,0,0.0,0,-107875648.0,-107877712.0,0,0,17039,26215,17053,39322,17037,0,0,0,110,100,100,0.0,64.0,0.0,64.9,-107615304.0,68.5,1,49,50,180,0,26215,0,0,0.0,0.0,0.0,0.0,-2.8177455620075737e+30,65.0,0.0,-7752.247,0.0,645,0,687,0,0,0,715,0,786,0,708,0,689,0,645,0,641,0,618,0.032,37224448.0,2.004,-107615152.0,39312,16788,-5.0327282512776974e+20,-39.314,4.5697862315123166e+27,-3.407404010909786e+35,-0.0,-1020272832.0,29.0,60.0,70,0.0,0.0,0.0,0.0,0.0,0.0,0.0,0.0,0.0,0.0,0.0,0.0,0.0,0.0,0.0,0.0,59.2,68,11,65509,41,65476,0,300,0,0,8,20529,65476,0,0,61604,60.0,0.0,0.0,0.0,0.0,0.0
2026-04-04T11:36:54,ERR,ERR,ERR,ERR,ERR,ERR,ERR,ERR,ERR,ERR,ERR,ERR,ERR,ERR,ERR,ERR,ERR,ERR,ERR,ERR,ERR,ERR,ERR,ERR,ERR,ERR,ERR,ERR,ERR,ERR,ERR,ERR,ERR,ERR,ERR,ERR,ERR,ERR,ERR,ERR,ERR,ERR,ERR,ERR,ERR,ERR,ERR,ERR,ERR,ERR,ERR,ERR,ERR,ERR,ERR,ERR,ERR,ERR,ERR,ERR,ERR,ERR,ERR,ERR,ERR,ERR,ERR,ERR,ERR,ERR,ERR,ERR,ERR,ERR,ERR,ERR,ERR,ERR,ERR,ERR,ERR,ERR,ERR,ERR,ERR,ERR,ERR,ERR,ERR,ERR,ERR,ERR,ERR,ERR,ERR,ERR,ERR,ERR,ERR,ERR,ERR,ERR,ERR,ERR,ERR,ERR,ERR,ERR,ERR,ERR,ERR,ERR,ERR,ERR,ERR,ERR,ERR,ERR,ERR,ERR,ERR,ERR,ERR,ERR,ERR,0.0,-0.0,-101055584.0,0.0,0.0,0.0,0.0,nan,0,0,0,32768,0,0.0,0,0.0,0.0,0.0,0.0,0.0,0,0,0,0,0.0,0,0,0,0,0,0,0,0,0,0,0,0,0,0,0,0,0,0,0,0,0,0,0,0,0,0,0,0,0,0,0,0,0,0,0,0,0,0,0,0,0,0,0,0,0.0,0.0,0.0,0.0,0.0,0.0,0.0,0.0,0.0,0.0,0.0,0.0,0.0,0.0,0.0,0.0,0.0,0.0,0.0,0.0,0.0,0.0,-0.0,-2.004,-2.004,-0.0,0.0,0.0,0.0,0.0,3379.5,2.004,0.0,0.0,-0.0,-0.0,2.7184274988523002e+23,0.0,0.0,0.0,0.0,0,-0.0,0.0,0.0,0.0,0.0,0.0,0.0,0.0,0.0,0,0,0,0.0,0.0,0.0,0.0,0.0,0.0,0.0,0.0,0.0,0.0,0.0,0.0,0.0,0.0,0.0,0.0,0,-107875648.0,0,0.0,0,-107875648.0,-107877712.0,0,0,17039,26215,17053,39322,17037,0,0,0,110,100,100,0.0,64.0,0.0,64.9,-107615304.0,68.5,1,49,50,180,0,26215,0,0,0.0,0.0,0.0,0.0,-2.8177455620075737e+30,65.0,0.0,-7752.247,0.0,645,0,687,0,0,0,715,0,786,0,708,0,689,0,645,0,641,0,618,0.032,37224448.0,2.004,-107615152.0,39312,16788,-5.0327282512776974e+20,-39.314,4.5697862315123166e+27,-3.407404010909786e+35,-0.0,-1020272832.0,29.0,60.0,70,0.0,0.0,0.0,0.0,0.0,0.0,0.0,0.0,0.0,0.0,0.0,0.0,0.0,0.0,0.0,0.0,59.2,68,11,65509,41,65476,0,300,0,0,8,20529,65476,0,0,61604,60.0,0.0,0.0,0.0,0.0,0.0
2026-04-04T11:36:55,ERR,ERR,ERR,ERR,ERR,ERR,ERR,ERR,ERR,ERR,ERR,ERR,ERR,ERR,ERR,ERR,ERR,ERR,ERR,ERR,ERR,ERR,ERR,ERR,ERR,ERR,ERR,ERR,ERR,ERR,ERR,ERR,ERR,ERR,ERR,ERR,ERR,ERR,ERR,ERR,ERR,ERR,ERR,ERR,ERR,ERR,ERR,ERR,ERR,ERR,ERR,ERR,ERR,ERR,ERR,ERR,ERR,ERR,ERR,ERR,ERR,ERR,ERR,ERR,ERR,ERR,ERR,ERR,ERR,ERR,ERR,ERR,ERR,ERR,ERR,ERR,ERR,ERR,ERR,ERR,ERR,ERR,ERR,ERR,ERR,ERR,ERR,ERR,ERR,ERR,ERR,ERR,ERR,ERR,ERR,ERR,ERR,ERR,ERR,ERR,ERR,ERR,ERR,ERR,ERR,ERR,ERR,ERR,ERR,ERR,ERR,ERR,ERR,ERR,ERR,ERR,ERR,ERR,ERR,ERR,ERR,ERR,ERR,ERR,ERR,0.0,-0.0,-101055584.0,0.0,0.0,0.0,0.0,nan,0,0,0,32768,0,0.0,0,0.0,0.0,0.0,0.0,0.0,0,0,0,0,0.0,0,0,0,0,0,0,0,0,0,0,0,0,0,0,0,0,0,0,0,0,0,0,0,0,0,0,0,0,0,0,0,0,0,0,0,0,0,0,0,0,0,0,0,0,0.0,0.0,0.0,0.0,0.0,0.0,0.0,0.0,0.0,0.0,0.0,0.0,0.0,0.0,0.0,0.0,0.0,0.0,0.0,0.0,0.0,0.0,-0.0,-2.004,-2.004,-0.0,0.0,0.0,0.0,0.0,3379.5,2.004,0.0,0.0,-0.0,-0.0,2.7184274988523002e+23,0.0,0.0,0.0,0.0,0,-0.0,0.0,0.0,0.0,0.0,0.0,0.0,0.0,0.0,0,0,0,0.0,0.0,0.0,0.0,0.0,0.0,0.0,0.0,0.0,0.0,0.0,0.0,0.0,0.0,0.0,0.0,0,-107875648.0,0,0.0,0,-107875648.0,-107877712.0,0,0,17039,26215,17053,39322,17037,0,0,0,110,100,100,0.0,64.0,0.0,64.9,-107615304.0,68.5,1,49,50,180,0,26215,0,0,0.0,0.0,0.0,0.0,-2.8177455620075737e+30,65.0,0.0,-7752.247,0.0,645,0,687,0,0,0,715,0,786,0,708,0,689,0,645,0,641,0,618,0.032,37224448.0,2.004,-107615152.0,39312,16788,-5.0327282512776974e+20,-39.314,4.5697862315123166e+27,-3.407404010909786e+35,-0.0,-1020272832.0,29.0,60.0,70,0.0,0.0,0.0,0.0,0.0,0.0,0.0,0.0,0.0,0.0,0.0,0.0,0.0,0.0,0.0,0.0,59.2,68,11,65509,41,65476,0,300,0,0,8,20529,65476,0,0,61604,60.0,0.0,0.0,0.0,0.0,0.0
2026-04-04T11:36:56,ERR,ERR,ERR,ERR,ERR,ERR,ERR,ERR,ERR,ERR,ERR,ERR,ERR,ERR,ERR,ERR,ERR,ERR,ERR,ERR,ERR,ERR,ERR,ERR,ERR,ERR,ERR,ERR,ERR,ERR,ERR,ERR,ERR,ERR,ERR,ERR,ERR,ERR,ERR,ERR,ERR,ERR,ERR,ERR,ERR,ERR,ERR,ERR,ERR,ERR,ERR,ERR,ERR,ERR,ERR,ERR,ERR,ERR,ERR,ERR,ERR,ERR,ERR,ERR,ERR,ERR,ERR,ERR,ERR,ERR,ERR,ERR,ERR,ERR,ERR,ERR,ERR,ERR,ERR,ERR,ERR,ERR,ERR,ERR,ERR,ERR,ERR,ERR,ERR,ERR,ERR,ERR,ERR,ERR,ERR,ERR,ERR,ERR,ERR,ERR,ERR,ERR,ERR,ERR,ERR,ERR,ERR,ERR,ERR,ERR,ERR,ERR,ERR,ERR,ERR,ERR,ERR,ERR,ERR,ERR,ERR,ERR,ERR,ERR,ERR,0.0,-0.0,-101055584.0,0.0,0.0,0.0,0.0,nan,0,0,0,32768,0,0.0,0,0.0,0.0,0.0,0.0,0.0,0,0,0,0,0.0,0,0,0,0,0,0,0,0,0,0,0,0,0,0,0,0,0,0,0,0,0,0,0,0,0,0,0,0,0,0,0,0,0,0,0,0,0,0,0,0,0,0,0,0,0.0,0.0,0.0,0.0,0.0,0.0,0.0,0.0,0.0,0.0,0.0,0.0,0.0,0.0,0.0,0.0,0.0,0.0,0.0,0.0,0.0,0.0,-0.0,-2.004,-2.004,-0.0,0.0,0.0,0.0,0.0,3379.5,2.004,0.0,0.0,-0.0,-0.0,2.7184274988523002e+23,0.0,0.0,0.0,0.0,0,-0.0,0.0,0.0,0.0,0.0,0.0,0.0,0.0,0.0,0,0,0,0.0,0.0,0.0,0.0,0.0,0.0,0.0,0.0,0.0,0.0,0.0,0.0,0.0,0.0,0.0,0.0,0,-107875648.0,0,0.0,0,-107875648.0,-107877712.0,0,0,17039,26215,17053,39322,17037,0,0,0,110,100,100,0.0,64.0,0.0,64.9,-107615304.0,68.5,1,49,50,180,0,26215,0,0,0.0,0.0,0.0,0.0,-2.8177455620075737e+30,65.0,0.0,-7752.247,0.0,645,0,687,0,0,0,715,0,786,0,708,0,689,0,645,0,641,0,618,0.032,37224448.0,2.004,-107615152.0,39312,16788,-5.0327282512776974e+20,-39.314,4.5697862315123166e+27,-3.407404010909786e+35,-0.0,-1020272832.0,29.0,60.0,70,0.0,0.0,0.0,0.0,0.0,0.0,0.0,0.0,0.0,0.0,0.0,0.0,0.0,0.0,0.0,0.0,59.2,68,11,65509,41,65476,0,300,0,0,8,20529,65476,0,0,61604,60.0,0.0,0.0,0.0,0.0,0.0
2026-04-04T11:36:57,ERR,ERR,ERR,ERR,ERR,ERR,ERR,ERR,ERR,ERR,ERR,ERR,ERR,ERR,ERR,ERR,ERR,ERR,ERR,ERR,ERR,ERR,ERR,ERR,ERR,ERR,ERR,ERR,ERR,ERR,ERR,ERR,ERR,ERR,ERR,ERR,ERR,ERR,ERR,ERR,ERR,ERR,ERR,ERR,ERR,ERR,ERR,ERR,ERR,ERR,ERR,ERR,ERR,ERR,ERR,ERR,ERR,ERR,ERR,ERR,ERR,ERR,ERR,ERR,ERR,ERR,ERR,ERR,ERR,ERR,ERR,ERR,ERR,ERR,ERR,ERR,ERR,ERR,ERR,ERR,ERR,ERR,ERR,ERR,ERR,ERR,ERR,ERR,ERR,ERR,ERR,ERR,ERR,ERR,ERR,ERR,ERR,ERR,ERR,ERR,ERR,ERR,ERR,ERR,ERR,ERR,ERR,ERR,ERR,ERR,ERR,ERR,ERR,ERR,ERR,ERR,ERR,ERR,ERR,ERR,ERR,ERR,ERR,ERR,ERR,0.0,-0.0,-101055584.0,0.0,0.0,0.0,0.0,nan,0,0,0,32768,0,0.0,0,0.0,0.0,0.0,0.0,0.0,0,0,0,0,0.0,0,0,0,0,0,0,0,0,0,0,0,0,0,0,0,0,0,0,0,0,0,0,0,0,0,0,0,0,0,0,0,0,0,0,0,0,0,0,0,0,0,0,0,0,0.0,0.0,0.0,0.0,0.0,0.0,0.0,0.0,0.0,0.0,0.0,0.0,0.0,0.0,0.0,0.0,0.0,0.0,0.0,0.0,0.0,0.0,-0.0,-2.004,-2.004,-0.0,0.0,0.0,0.0,0.0,3379.5,2.004,0.0,0.0,-0.0,-0.0,2.7184274988523002e+23,0.0,0.0,0.0,0.0,0,-0.0,0.0,0.0,0.0,0.0,0.0,0.0,0.0,0.0,0,0,0,0.0,0.0,0.0,0.0,0.0,0.0,0.0,0.0,0.0,0.0,0.0,0.0,0.0,0.0,0.0,0.0,0,-107875648.0,0,0.0,0,-107875648.0,-107877712.0,0,0,17039,26215,17053,39322,17037,0,0,0,110,100,100,0.0,64.0,0.0,64.9,-107615304.0,68.5,1,49,50,180,0,26215,0,0,0.0,0.0,0.0,0.0,-2.8177455620075737e+30,65.0,0.0,-7752.247,0.0,645,0,687,0,0,0,715,0,786,0,708,0,689,0,645,0,641,0,618,0.032,37224448.0,2.004,-107615152.0,39312,16788,-5.0327282512776974e+20,-39.314,4.5697862315123166e+27,-3.407404010909786e+35,-0.0,-1020272832.0,29.0,60.0,70,0.0,0.0,0.0,0.0,0.0,0.0,0.0,0.0,0.0,0.0,0.0,0.0,0.0,0.0,0.0,0.0,59.2,68,11,65509,41,65476,0,300,0,0,8,20529,65476,0,0,61604,60.0,0.0,0.0,0.0,0.0,0.0
2026-04-04T11:36:58,ERR,ERR,ERR,ERR,ERR,ERR,ERR,ERR,ERR,ERR,ERR,ERR,ERR,ERR,ERR,ERR,ERR,ERR,ERR,ERR,ERR,ERR,ERR,ERR,ERR,ERR,ERR,ERR,ERR,ERR,ERR,ERR,ERR,ERR,ERR,ERR,ERR,ERR,ERR,ERR,ERR,ERR,ERR,ERR,ERR,ERR,ERR,ERR,ERR,ERR,ERR,ERR,ERR,ERR,ERR,ERR,ERR,ERR,ERR,ERR,ERR,ERR,ERR,ERR,ERR,ERR,ERR,ERR,ERR,ERR,ERR,ERR,ERR,ERR,ERR,ERR,ERR,ERR,ERR,ERR,ERR,ERR,ERR,ERR,ERR,ERR,ERR,ERR,ERR,ERR,ERR,ERR,ERR,ERR,ERR,ERR,ERR,ERR,ERR,ERR,ERR,ERR,ERR,ERR,ERR,ERR,ERR,ERR,ERR,ERR,ERR,ERR,ERR,ERR,ERR,ERR,ERR,ERR,ERR,ERR,ERR,ERR,ERR,ERR,ERR,0.0,-0.0,-101055584.0,0.0,0.0,0.0,0.0,nan,0,0,0,32768,0,0.0,0,0.0,0.0,0.0,0.0,0.0,0,0,0,0,0.0,0,0,0,0,0,0,0,0,0,0,0,0,0,0,0,0,0,0,0,0,0,0,0,0,0,0,0,0,0,0,0,0,0,0,0,0,0,0,0,0,0,0,0,0,0.0,0.0,0.0,0.0,0.0,0.0,0.0,0.0,0.0,0.0,0.0,0.0,0.0,0.0,0.0,0.0,0.0,0.0,0.0,0.0,0.0,0.0,-0.0,-2.004,-2.004,-0.0,0.0,0.0,0.0,0.0,3379.5,2.004,0.0,0.0,-0.0,-0.0,2.7184274988523002e+23,0.0,0.0,0.0,0.0,0,-0.0,0.0,0.0,0.0,0.0,0.0,0.0,0.0,0.0,0,0,0,0.0,0.0,0.0,0.0,0.0,0.0,0.0,0.0,0.0,0.0,0.0,0.0,0.0,0.0,0.0,0.0,0,-107875648.0,0,0.0,0,-107875648.0,-107877712.0,0,0,17039,26215,17053,39322,17037,0,0,0,110,100,100,0.0,64.0,0.0,64.9,-107615304.0,68.5,1,49,50,180,0,26215,0,0,0.0,0.0,0.0,0.0,-2.8177455620075737e+30,65.0,0.0,-7752.247,0.0,645,0,687,0,0,0,715,0,786,0,708,0,689,0,645,0,641,0,618,0.032,37224448.0,2.004,-107615152.0,39312,16788,-5.0327282512776974e+20,-39.314,4.5697862315123166e+27,-3.407404010909786e+35,-0.0,-1020272832.0,29.0,60.0,70,0.0,0.0,0.0,0.0,0.0,0.0,0.0,0.0,0.0,0.0,0.0,0.0,0.0,0.0,0.0,0.0,59.2,68,11,65509,41,65476,0,300,0,0,8,20529,65476,0,0,61604,60.0,0.0,0.0,0.0,0.0,0.0
2026-04-04T11:36:59,ERR,ERR,ERR,ERR,ERR,ERR,ERR,ERR,ERR,ERR,ERR,ERR,ERR,ERR,ERR,ERR,ERR,ERR,ERR,ERR,ERR,ERR,ERR,ERR,ERR,ERR,ERR,ERR,ERR,ERR,ERR,ERR,ERR,ERR,ERR,ERR,ERR,ERR,ERR,ERR,ERR,ERR,ERR,ERR,ERR,ERR,ERR,ERR,ERR,ERR,ERR,ERR,ERR,ERR,ERR,ERR,ERR,ERR,ERR,ERR,ERR,ERR,ERR,ERR,ERR,ERR,ERR,ERR,ERR,ERR,ERR,ERR,ERR,ERR,ERR,ERR,ERR,ERR,ERR,ERR,ERR,ERR,ERR,ERR,ERR,ERR,ERR,ERR,ERR,ERR,ERR,ERR,ERR,ERR,ERR,ERR,ERR,ERR,ERR,ERR,ERR,ERR,ERR,ERR,ERR,ERR,ERR,ERR,ERR,ERR,ERR,ERR,ERR,ERR,ERR,ERR,ERR,ERR,ERR,ERR,ERR,ERR,ERR,ERR,ERR,0.0,-0.0,-101055584.0,0.0,0.0,0.0,0.0,nan,0,0,0,32768,0,0.0,0,0.0,0.0,0.0,0.0,0.0,0,0,0,0,0.0,0,0,0,0,0,0,0,0,0,0,0,0,0,0,0,0,0,0,0,0,0,0,0,0,0,0,0,0,0,0,0,0,0,0,0,0,0,0,0,0,0,0,0,0,0.0,0.0,0.0,0.0,0.0,0.0,0.0,0.0,0.0,0.0,0.0,0.0,0.0,0.0,0.0,0.0,0.0,0.0,0.0,0.0,0.0,0.0,-0.0,-2.004,-2.004,-0.0,0.0,0.0,0.0,0.0,3379.0,0.0,0.0,0.0,-0.0,-0.0,2.7184274988523002e+23,0.0,0.0,0.0,0.0,0,-0.0,0.0,0.0,0.0,0.0,0.0,0.0,0.0,0.0,0,0,0,0.0,0.0,0.0,0.0,0.0,0.0,0.0,0.0,0.0,0.0,0.0,0.0,0.0,0.0,0.0,0.0,0,-107875648.0,0,0.0,0,-107875648.0,-107877712.0,0,0,17039,13107,17053,39322,17037,0,0,0,110,100,100,0.0,64.0,0.0,64.9,-107615304.0,68.5,1,49,50,180,0,26215,0,0,0.0,0.0,0.0,0.0,-6.239187097085342e+34,65.0,0.0,1.7874654912867833e+33,0.0,645,0,687,0,0,0,715,0,786,0,708,0,689,0,645,0,641,0,618,0.032,36700160.0,-0.0,0.0,37776,16788,-1.770733834149313e+34,-0.0,-0.0,898041.75,-4432132.0,-3.079707021441693e+35,29.0,60.0,70,0.0,0.0,0.0,0.0,0.0,0.0,0.0,0.0,0.0,0.0,0.0,0.0,0.0,0.0,0.0,0.0,59.2,68,11,65509,41,65476,0,300,0,0,8,20529,65476,0,0,61604,60.0,0.0,0.0,0.0,0.0,0.0
2026-04-04T11:37:00,ERR,ERR,ERR,ERR,ERR,ERR,ERR,ERR,ERR,ERR,ERR,ERR,ERR,ERR,ERR,ERR,ERR,ERR,ERR,ERR,ERR,ERR,ERR,ERR,ERR,ERR,ERR,ERR,ERR,ERR,ERR,ERR,ERR,ERR,ERR,ERR,ERR,ERR,ERR,ERR,ERR,ERR,ERR,ERR,ERR,ERR,ERR,ERR,ERR,ERR,ERR,ERR,ERR,ERR,ERR,ERR,ERR,ERR,ERR,ERR,ERR,ERR,ERR,ERR,ERR,ERR,ERR,ERR,ERR,ERR,ERR,ERR,ERR,ERR,ERR,ERR,ERR,ERR,ERR,ERR,ERR,ERR,ERR,ERR,ERR,ERR,ERR,ERR,ERR,ERR,ERR,ERR,ERR,ERR,ERR,ERR,ERR,ERR,ERR,ERR,ERR,ERR,ERR,ERR,ERR,ERR,ERR,ERR,ERR,ERR,ERR,ERR,ERR,ERR,ERR,ERR,ERR,ERR,ERR,ERR,ERR,ERR,ERR,ERR,ERR,0.0,-0.0,-101055584.0,0.0,0.0,0.0,0.0,nan,0,0,0,32768,0,0.0,0,0.0,0.0,0.0,0.0,0.0,0,0,0,0,0.0,0,0,0,0,0,0,0,0,0,0,0,0,0,0,0,0,0,0,0,0,0,0,0,0,0,0,0,0,0,0,0,0,0,0,0,0,0,0,0,0,0,0,0,0,0.0,0.0,0.0,0.0,0.0,0.0,0.0,0.0,0.0,0.0,0.0,0.0,0.0,0.0,0.0,0.0,0.0,0.0,0.0,0.0,0.0,0.0,-0.0,-2.004,-2.004,-0.0,0.0,0.0,0.0,0.0,3379.0,0.0,0.0,0.0,-0.0,-0.0,2.7184274988523002e+23,0.0,0.0,0.0,0.0,0,-0.0,0.0,0.0,0.0,0.0,0.0,0.0,0.0,0.0,0,0,0,0.0,0.0,0.0,0.0,0.0,0.0,0.0,0.0,0.0,0.0,0.0,0.0,0.0,0.0,0.0,0.0,0,-107875648.0,0,0.0,0,-107875648.0,-107877712.0,0,0,17039,13107,17053,39322,17037,0,0,0,110,100,100,0.0,64.0,0.0,64.9,-107615304.0,68.5,1,49,50,180,0,26215,0,0,0.0,0.0,0.0,0.0,-6.239187097085342e+34,65.0,0.0,1.7874654912867833e+33,0.0,645,0,687,0,0,0,715,0,786,0,708,0,689,0,645,0,641,0,618,0.032,36700160.0,-0.0,0.0,37776,16788,-1.770733834149313e+34,-0.0,-0.0,898041.75,-4432132.0,-3.079707021441693e+35,29.0,60.0,70,0.0,0.0,0.0,0.0,0.0,0.0,0.0,0.0,0.0,0.0,0.0,0.0,0.0,0.0,0.0,0.0,59.6,68,11,65509,41,65476,0,300,0,0,8,20529,65476,0,0,61604,60.0,0.0,0.0,0.0,0.0,0.0
2026-04-04T11:37:01,ERR,ERR,ERR,ERR,ERR,ERR,ERR,ERR,ERR,ERR,ERR,ERR,ERR,ERR,ERR,ERR,ERR,ERR,ERR,ERR,ERR,ERR,ERR,ERR,ERR,ERR,ERR,ERR,ERR,ERR,ERR,ERR,ERR,ERR,ERR,ERR,ERR,ERR,ERR,ERR,ERR,ERR,ERR,ERR,ERR,ERR,ERR,ERR,ERR,ERR,ERR,ERR,ERR,ERR,ERR,ERR,ERR,ERR,ERR,ERR,ERR,ERR,ERR,ERR,ERR,ERR,ERR,ERR,ERR,ERR,ERR,ERR,ERR,ERR,ERR,ERR,ERR,ERR,ERR,ERR,ERR,ERR,ERR,ERR,ERR,ERR,ERR,ERR,ERR,ERR,ERR,ERR,ERR,ERR,ERR,ERR,ERR,ERR,ERR,ERR,ERR,ERR,ERR,ERR,ERR,ERR,ERR,ERR,ERR,ERR,ERR,ERR,ERR,ERR,ERR,ERR,ERR,ERR,ERR,ERR,ERR,ERR,ERR,ERR,ERR,0.0,-0.0,-101055584.0,0.0,0.0,0.0,0.0,nan,0,0,0,32768,0,0.0,0,0.0,0.0,0.0,0.0,0.0,0,0,0,0,0.0,0,0,0,0,0,0,0,0,0,0,0,0,0,0,0,0,0,0,0,0,0,0,0,0,0,0,0,0,0,0,0,0,0,0,0,0,0,0,0,0,0,0,0,0,0.0,0.0,0.0,0.0,0.0,0.0,0.0,0.0,0.0,0.0,0.0,0.0,0.0,0.0,0.0,0.0,0.0,0.0,0.0,0.0,0.0,0.0,-0.0,-2.004,-2.004,-0.0,0.0,0.0,0.0,0.0,3379.0,0.0,0.0,0.0,-0.0,-0.0,2.7184274988523002e+23,0.0,0.0,0.0,0.0,0,-0.0,0.0,0.0,0.0,0.0,0.0,0.0,0.0,0.0,0,0,0,0.0,0.0,0.0,0.0,0.0,0.0,0.0,0.0,0.0,0.0,0.0,0.0,0.0,0.0,0.0,0.0,0,-107875648.0,0,0.0,0,-107875648.0,-107877712.0,0,0,17039,13107,17053,39322,17037,0,0,0,110,100,100,0.0,64.0,0.0,64.9,-107615304.0,68.5,1,49,50,180,0,26215,0,0,0.0,0.0,0.0,0.0,-6.239187097085342e+34,65.0,0.0,1.7874654912867833e+33,0.0,645,0,687,0,0,0,715,0,786,0,708,0,689,0,645,0,641,0,618,0.032,36700160.0,-0.0,0.0,37776,16788,-1.770733834149313e+34,-0.0,-0.0,898041.75,-4432132.0,-3.079707021441693e+35,29.0,60.0,70,0.0,0.0,0.0,0.0,0.0,0.0,0.0,0.0,0.0,0.0,0.0,0.0,0.0,0.0,0.0,0.0,59.6,68,11,65509,41,65476,0,300,0,0,8,20529,65476,0,0,61604,60.0,0.0,0.0,0.0,0.0,0.0
2026-04-04T11:37:02,ERR,ERR,ERR,ERR,ERR,ERR,ERR,ERR,ERR,ERR,ERR,ERR,ERR,ERR,ERR,ERR,ERR,ERR,ERR,ERR,ERR,ERR,ERR,ERR,ERR,ERR,ERR,ERR,ERR,ERR,ERR,ERR,ERR,ERR,ERR,ERR,ERR,ERR,ERR,ERR,ERR,ERR,ERR,ERR,ERR,ERR,ERR,ERR,ERR,ERR,ERR,ERR,ERR,ERR,ERR,ERR,ERR,ERR,ERR,ERR,ERR,ERR,ERR,ERR,ERR,ERR,ERR,ERR,ERR,ERR,ERR,ERR,ERR,ERR,ERR,ERR,ERR,ERR,ERR,ERR,ERR,ERR,ERR,ERR,ERR,ERR,ERR,ERR,ERR,ERR,ERR,ERR,ERR,ERR,ERR,ERR,ERR,ERR,ERR,ERR,ERR,ERR,ERR,ERR,ERR,ERR,ERR,ERR,ERR,ERR,ERR,ERR,ERR,ERR,ERR,ERR,ERR,ERR,ERR,ERR,ERR,ERR,ERR,ERR,ERR,0.0,-0.0,-101055584.0,0.0,0.0,0.0,0.0,nan,0,0,0,32768,0,0.0,0,0.0,0.0,0.0,0.0,0.0,0,0,0,0,0.0,0,0,0,0,0,0,0,0,0,0,0,0,0,0,0,0,0,0,0,0,0,0,0,0,0,0,0,0,0,0,0,0,0,0,0,0,0,0,0,0,0,0,0,0,0.0,0.0,0.0,0.0,0.0,0.0,0.0,0.0,0.0,0.0,0.0,0.0,0.0,0.0,0.0,0.0,0.0,0.0,0.0,0.0,0.0,0.0,-0.0,-2.004,-2.004,-0.0,0.0,0.0,0.0,0.0,3379.0,0.0,0.0,0.0,-0.0,-0.0,2.7184274988523002e+23,0.0,0.0,0.0,0.0,0,-0.0,0.0,0.0,0.0,0.0,0.0,0.0,0.0,0.0,0,0,0,0.0,0.0,0.0,0.0,0.0,0.0,0.0,0.0,0.0,0.0,0.0,0.0,0.0,0.0,0.0,0.0,0,-107875648.0,0,0.0,0,-107875648.0,-107877712.0,0,0,17039,13107,17053,39322,17037,0,0,0,110,100,100,0.0,64.0,0.0,64.9,-107615304.0,68.5,1,49,50,180,0,26215,0,0,0.0,0.0,0.0,0.0,-6.239187097085342e+34,65.0,0.0,1.7874654912867833e+33,0.0,645,0,687,0,0,0,715,0,786,0,708,0,689,0,645,0,641,0,618,0.032,36700160.0,-0.0,0.0,37776,16788,-1.770733834149313e+34,-0.0,-0.0,898041.75,-4432132.0,-3.079707021441693e+35,29.0,60.0,70,0.0,0.0,0.0,0.0,0.0,0.0,0.0,0.0,0.0,0.0,0.0,0.0,0.0,0.0,0.0,0.0,59.6,68,11,65509,41,65476,0,300,0,0,8,20529,65476,0,0,61604,60.0,0.0,0.0,0.0,0.0,0.0
2026-04-04T11:37:03,ERR,ERR,ERR,ERR,ERR,ERR,ERR,ERR,ERR,ERR,ERR,ERR,ERR,ERR,ERR,ERR,ERR,ERR,ERR,ERR,ERR,ERR,ERR,ERR,ERR,ERR,ERR,ERR,ERR,ERR,ERR,ERR,ERR,ERR,ERR,ERR,ERR,ERR,ERR,ERR,ERR,ERR,ERR,ERR,ERR,ERR,ERR,ERR,ERR,ERR,ERR,ERR,ERR,ERR,ERR,ERR,ERR,ERR,ERR,ERR,ERR,ERR,ERR,ERR,ERR,ERR,ERR,ERR,ERR,ERR,ERR,ERR,ERR,ERR,ERR,ERR,ERR,ERR,ERR,ERR,ERR,ERR,ERR,ERR,ERR,ERR,ERR,ERR,ERR,ERR,ERR,ERR,ERR,ERR,ERR,ERR,ERR,ERR,ERR,ERR,ERR,ERR,ERR,ERR,ERR,ERR,ERR,ERR,ERR,ERR,ERR,ERR,ERR,ERR,ERR,ERR,ERR,ERR,ERR,ERR,ERR,ERR,ERR,ERR,ERR,0.0,-0.0,-101055584.0,0.0,0.0,0.0,0.0,nan,0,0,0,32768,0,0.0,0,0.0,0.0,0.0,0.0,0.0,0,0,0,0,0.0,0,0,0,0,0,0,0,0,0,0,0,0,0,0,0,0,0,0,0,0,0,0,0,0,0,0,0,0,0,0,0,0,0,0,0,0,0,0,0,0,0,0,0,0,0.0,0.0,0.0,0.0,0.0,0.0,0.0,0.0,0.0,0.0,0.0,0.0,0.0,0.0,0.0,0.0,0.0,0.0,0.0,0.0,0.0,0.0,-0.0,-2.004,-2.004,-0.0,0.0,0.0,0.0,0.0,3379.0,0.0,0.0,0.0,-0.0,-0.0,2.7184274988523002e+23,0.0,0.0,0.0,0.0,0,-0.0,0.0,0.0,0.0,0.0,0.0,0.0,0.0,0.0,0,0,0,0.0,0.0,0.0,0.0,0.0,0.0,0.0,0.0,0.0,0.0,0.0,0.0,0.0,0.0,0.0,0.0,0,-107875648.0,0,0.0,0,-107875648.0,-107877712.0,0,0,17039,13107,17053,39322,17037,0,0,0,110,100,100,0.0,64.0,0.0,64.9,-107615304.0,68.5,1,49,50,180,0,26215,0,0,0.0,0.0,0.0,0.0,-6.239187097085342e+34,65.0,0.0,1.7874654912867833e+33,0.0,645,0,687,0,0,0,715,0,786,0,708,0,689,0,645,0,641,0,618,0.032,36700160.0,-0.0,0.0,37776,16788,-1.770733834149313e+34,-0.0,-0.0,898041.75,-4432132.0,-3.079707021441693e+35,29.0,60.0,70,0.0,0.0,0.0,0.0,0.0,0.0,0.0,0.0,0.0,0.0,0.0,0.0,0.0,0.0,0.0,0.0,59.2,68,11,65509,41,65476,0,300,0,0,8,20529,65476,0,0,61604,60.0,0.0,0.0,0.0,0.0,0.0
2026-04-04T11:37:04,ERR,ERR,ERR,ERR,ERR,ERR,ERR,ERR,ERR,ERR,ERR,ERR,ERR,ERR,ERR,ERR,ERR,ERR,ERR,ERR,ERR,ERR,ERR,ERR,ERR,ERR,ERR,ERR,ERR,ERR,ERR,ERR,ERR,ERR,ERR,ERR,ERR,ERR,ERR,ERR,ERR,ERR,ERR,ERR,ERR,ERR,ERR,ERR,ERR,ERR,ERR,ERR,ERR,ERR,ERR,ERR,ERR,ERR,ERR,ERR,ERR,ERR,ERR,ERR,ERR,ERR,ERR,ERR,ERR,ERR,ERR,ERR,ERR,ERR,ERR,ERR,ERR,ERR,ERR,ERR,ERR,ERR,ERR,ERR,ERR,ERR,ERR,ERR,ERR,ERR,ERR,ERR,ERR,ERR,ERR,ERR,ERR,ERR,ERR,ERR,ERR,ERR,ERR,ERR,ERR,ERR,ERR,ERR,ERR,ERR,ERR,ERR,ERR,ERR,ERR,ERR,ERR,ERR,ERR,ERR,ERR,ERR,ERR,ERR,ERR,0.0,-0.0,-101055584.0,0.0,0.0,0.0,0.0,nan,0,0,0,32768,0,0.0,0,0.0,0.0,0.0,0.0,0.0,0,0,0,0,0.0,0,0,0,0,0,0,0,0,0,0,0,0,0,0,0,0,0,0,0,0,0,0,0,0,0,0,0,0,0,0,0,0,0,0,0,0,0,0,0,0,0,0,0,0,0.0,0.0,0.0,0.0,0.0,0.0,0.0,0.0,0.0,0.0,0.0,0.0,0.0,0.0,0.0,0.0,0.0,0.0,0.0,0.0,0.0,0.0,-0.0,-2.004,-2.004,-0.0,0.0,0.0,0.0,0.0,3379.0,0.0,0.0,0.0,-0.0,-0.0,2.7184274988523002e+23,0.0,0.0,0.0,0.0,0,-0.0,0.0,0.0,0.0,0.0,0.0,0.0,0.0,0.0,0,0,0,0.0,0.0,0.0,0.0,0.0,0.0,0.0,0.0,0.0,0.0,0.0,0.0,0.0,0.0,0.0,0.0,0,-107875648.0,0,0.0,0,-107875648.0,-107877712.0,0,0,17039,13107,17053,39322,17037,0,0,0,110,100,100,0.0,64.0,0.0,64.9,-107615304.0,68.5,1,49,50,180,0,26215,0,0,0.0,0.0,0.0,0.0,-6.239187097085342e+34,65.0,0.0,1.7874654912867833e+33,0.0,645,0,687,0,0,0,715,0,786,0,708,0,689,0,645,0,641,0,618,0.032,36700160.0,-0.0,0.0,37776,16788,-1.770733834149313e+34,-0.0,-0.0,898041.75,-4432132.0,-3.079707021441693e+35,29.0,60.0,70,0.0,0.0,0.0,0.0,0.0,0.0,0.0,0.0,0.0,0.0,0.0,0.0,0.0,0.0,0.0,0.0,59.2,68,11,65509,41,65476,0,300,0,0,8,20529,65476,0,0,61604,60.0,0.0,0.0,0.0,0.0,0.0
2026-04-04T11:37:05,ERR,ERR,ERR,ERR,ERR,ERR,ERR,ERR,ERR,ERR,ERR,ERR,ERR,ERR,ERR,ERR,ERR,ERR,ERR,ERR,ERR,ERR,ERR,ERR,ERR,ERR,ERR,ERR,ERR,ERR,ERR,ERR,ERR,ERR,ERR,ERR,ERR,ERR,ERR,ERR,ERR,ERR,ERR,ERR,ERR,ERR,ERR,ERR,ERR,ERR,ERR,ERR,ERR,ERR,ERR,ERR,ERR,ERR,ERR,ERR,ERR,ERR,ERR,ERR,ERR,ERR,ERR,ERR,ERR,ERR,ERR,ERR,ERR,ERR,ERR,ERR,ERR,ERR,ERR,ERR,ERR,ERR,ERR,ERR,ERR,ERR,ERR,ERR,ERR,ERR,ERR,ERR,ERR,ERR,ERR,ERR,ERR,ERR,ERR,ERR,ERR,ERR,ERR,ERR,ERR,ERR,ERR,ERR,ERR,ERR,ERR,ERR,ERR,ERR,ERR,ERR,ERR,ERR,ERR,ERR,ERR,ERR,ERR,ERR,ERR,0.0,-0.0,-101055584.0,0.0,0.0,0.0,0.0,nan,0,0,0,32768,0,0.0,0,0.0,0.0,0.0,0.0,0.0,0,0,0,0,0.0,0,0,0,0,0,0,0,0,0,0,0,0,0,0,0,0,0,0,0,0,0,0,0,0,0,0,0,0,0,0,0,0,0,0,0,0,0,0,0,0,0,0,0,0,0.0,0.0,0.0,0.0,0.0,0.0,0.0,0.0,0.0,0.0,0.0,0.0,0.0,0.0,0.0,0.0,0.0,0.0,0.0,0.0,0.0,0.0,-0.0,-2.004,-2.004,-0.0,0.0,0.0,0.0,0.0,3379.0,0.0,0.0,0.0,-0.0,-0.0,2.7184274988523002e+23,0.0,0.0,0.0,0.0,0,-0.0,0.0,0.0,0.0,0.0,0.0,0.0,0.0,0.0,0,0,0,0.0,0.0,0.0,0.0,0.0,0.0,0.0,0.0,0.0,0.0,0.0,0.0,0.0,0.0,0.0,0.0,0,-107875648.0,0,0.0,0,-107875648.0,-107877712.0,0,0,17039,13107,17053,39322,17037,0,0,0,110,100,100,0.0,64.0,0.0,64.9,-107615304.0,68.5,1,49,50,180,0,26215,0,0,0.0,0.0,0.0,0.0,-156416300023808.0,65.0,0.0,0.0,0.0,645,0,687,0,0,0,715,0,787,0,708,0,689,0,645,0,641,0,618,0.032,36700160.0,-0.0,0.0,23696,16788,-243978.031,-1.4202258638220788e+31,3805223.5,1993.987,-0.0,-0.0,29.0,60.0,70,0.0,0.0,0.0,0.0,0.0,0.0,0.0,0.0,0.0,0.0,0.0,0.0,0.0,0.0,0.0,0.0,59.2,68,11,65509,41,65476,0,300,0,0,8,20529,65476,0,0,61604,60.0,0.0,0.0,0.0,0.0,0.0
2026-04-04T11:37:06,ERR,ERR,ERR,ERR,ERR,ERR,ERR,ERR,ERR,ERR,ERR,ERR,ERR,ERR,ERR,ERR,ERR,ERR,ERR,ERR,ERR,ERR,ERR,ERR,ERR,ERR,ERR,ERR,ERR,ERR,ERR,ERR,ERR,ERR,ERR,ERR,ERR,ERR,ERR,ERR,ERR,ERR,ERR,ERR,ERR,ERR,ERR,ERR,ERR,ERR,ERR,ERR,ERR,ERR,ERR,ERR,ERR,ERR,ERR,ERR,ERR,ERR,ERR,ERR,ERR,ERR,ERR,ERR,ERR,ERR,ERR,ERR,ERR,ERR,ERR,ERR,ERR,ERR,ERR,ERR,ERR,ERR,ERR,ERR,ERR,ERR,ERR,ERR,ERR,ERR,ERR,ERR,ERR,ERR,ERR,ERR,ERR,ERR,ERR,ERR,ERR,ERR,ERR,ERR,ERR,ERR,ERR,ERR,ERR,ERR,ERR,ERR,ERR,ERR,ERR,ERR,ERR,ERR,ERR,ERR,ERR,ERR,ERR,ERR,ERR,0.0,-0.0,-101055584.0,0.0,0.0,0.0,0.0,nan,0,0,0,32768,0,0.0,0,0.0,0.0,0.0,0.0,0.0,0,0,0,0,0.0,0,0,0,0,0,0,0,0,0,0,0,0,0,0,0,0,0,0,0,0,0,0,0,0,0,0,0,0,0,0,0,0,0,0,0,0,0,0,0,0,0,0,0,0,0.0,0.0,0.0,0.0,0.0,0.0,0.0,0.0,0.0,0.0,0.0,0.0,0.0,0.0,0.0,0.0,0.0,0.0,0.0,0.0,0.0,0.0,-0.0,-2.004,-2.004,-0.0,0.0,0.0,0.0,0.0,3379.0,0.0,0.0,0.0,-0.0,-0.0,2.7184274988523002e+23,0.0,0.0,0.0,0.0,0,-0.0,0.0,0.0,0.0,0.0,0.0,0.0,0.0,0.0,0,0,0,0.0,0.0,0.0,0.0,0.0,0.0,0.0,0.0,0.0,0.0,0.0,0.0,0.0,0.0,0.0,0.0,0,-107875648.0,0,0.0,0,-107875648.0,-107877712.0,0,0,17039,13107,17053,39322,17037,0,0,0,110,100,100,0.0,64.0,0.0,64.9,-107615304.0,68.5,1,49,50,180,0,26215,0,0,0.0,0.0,0.0,0.0,-156416300023808.0,65.0,0.0,0.0,0.0,645,0,687,0,0,0,715,0,787,0,708,0,689,0,645,0,641,0,618,0.032,36700160.0,-0.0,0.0,23696,16788,-243978.031,-1.4202258638220788e+31,3805223.5,1993.987,-0.0,-0.0,29.0,60.0,70,0.0,0.0,0.0,0.0,0.0,0.0,0.0,0.0,0.0,0.0,0.0,0.0,0.0,0.0,0.0,0.0,59.2,68,11,65509,41,65476,0,300,0,0,8,20529,65476,0,0,61604,60.0,0.0,0.0,0.0,0.0,0.0
2026-04-04T11:37:07,ERR,ERR,ERR,ERR,ERR,ERR,ERR,ERR,ERR,ERR,ERR,ERR,ERR,ERR,ERR,ERR,ERR,ERR,ERR,ERR,ERR,ERR,ERR,ERR,ERR,ERR,ERR,ERR,ERR,ERR,ERR,ERR,ERR,ERR,ERR,ERR,ERR,ERR,ERR,ERR,ERR,ERR,ERR,ERR,ERR,ERR,ERR,ERR,ERR,ERR,ERR,ERR,ERR,ERR,ERR,ERR,ERR,ERR,ERR,ERR,ERR,ERR,ERR,ERR,ERR,ERR,ERR,ERR,ERR,ERR,ERR,ERR,ERR,ERR,ERR,ERR,ERR,ERR,ERR,ERR,ERR,ERR,ERR,ERR,ERR,ERR,ERR,ERR,ERR,ERR,ERR,ERR,ERR,ERR,ERR,ERR,ERR,ERR,ERR,ERR,ERR,ERR,ERR,ERR,ERR,ERR,ERR,ERR,ERR,ERR,ERR,ERR,ERR,ERR,ERR,ERR,ERR,ERR,ERR,ERR,ERR,ERR,ERR,ERR,ERR,0.0,-0.0,-101055584.0,0.0,0.0,0.0,0.0,nan,0,0,0,32768,0,0.0,0,0.0,0.0,0.0,0.0,0.0,0,0,0,0,0.0,0,0,0,0,0,0,0,0,0,0,0,0,0,0,0,0,0,0,0,0,0,0,0,0,0,0,0,0,0,0,0,0,0,0,0,0,0,0,0,0,0,0,0,0,0.0,0.0,0.0,0.0,0.0,0.0,0.0,0.0,0.0,0.0,0.0,0.0,0.0,0.0,0.0,0.0,0.0,0.0,0.0,0.0,0.0,0.0,-0.0,-2.004,-2.004,-0.0,0.0,0.0,0.0,0.0,3379.0,3.697154027885167e+19,0.0,0.0,-0.0,-0.0,2.7184274988523002e+23,0.0,0.0,0.0,0.0,0,-0.0,89220.055,0.0,0.0,0.0,0.0,0.0,0.0,0.0,0,0,0,0.0,0.0,0.0,0.0,0.0,0.0,0.0,0.0,0.0,0.0,0.0,0.0,0.0,0.0,0.0,0.0,0,-107875648.0,0,0.0,0,-107875648.0,-107877712.0,0,0,17039,13107,17053,39322,17037,0,0,0,110,100,100,0.0,64.0,0.0,64.9,-107615304.0,68.5,1,49,50,180,0,26215,0,0,0.0,0.0,0.0,0.0,-156416300023808.0,65.0,0.0,0.0,0.0,645,0,687,0,0,0,715,0,787,0,708,0,689,0,645,0,641,0,618,0.032,36700160.0,-0.0,0.0,23696,16788,-243978.031,-1.4202258638220788e+31,3805223.5,1993.987,-0.0,-0.0,29.0,60.0,70,0.0,0.0,0.0,0.0,0.0,0.0,0.0,0.0,0.0,0.0,0.0,0.0,0.0,0.0,0.0,0.0,59.2,68,11,65509,41,65476,0,300,0,0,8,20529,65476,0,0,61604,60.0,0.0,0.0,0.0,0.0,0.0
2026-04-04T11:37:08,ERR,ERR,ERR,ERR,ERR,ERR,ERR,ERR,ERR,ERR,ERR,ERR,ERR,ERR,ERR,ERR,ERR,ERR,ERR,ERR,ERR,ERR,ERR,ERR,ERR,ERR,ERR,ERR,ERR,ERR,ERR,ERR,ERR,ERR,ERR,ERR,ERR,ERR,ERR,ERR,ERR,ERR,ERR,ERR,ERR,ERR,ERR,ERR,ERR,ERR,ERR,ERR,ERR,ERR,ERR,ERR,ERR,ERR,ERR,ERR,ERR,ERR,ERR,ERR,ERR,ERR,ERR,ERR,ERR,ERR,ERR,ERR,ERR,ERR,ERR,ERR,ERR,ERR,ERR,ERR,ERR,ERR,ERR,ERR,ERR,ERR,ERR,ERR,ERR,ERR,ERR,ERR,ERR,ERR,ERR,ERR,ERR,ERR,ERR,ERR,ERR,ERR,ERR,ERR,ERR,ERR,ERR,ERR,ERR,ERR,ERR,ERR,ERR,ERR,ERR,ERR,ERR,ERR,ERR,ERR,ERR,ERR,ERR,ERR,ERR,0.0,-0.0,-101055584.0,0.0,0.0,0.0,0.0,nan,0,0,0,32768,0,0.0,0,0.0,0.0,0.0,0.0,0.0,0,0,0,0,0.0,0,0,0,0,0,0,0,0,0,0,0,0,0,0,0,0,0,0,0,0,0,0,0,0,0,0,0,0,0,0,0,0,0,0,0,0,0,0,0,0,0,0,0,0,0.0,0.0,0.0,0.0,0.0,0.0,0.0,0.0,0.0,0.0,0.0,0.0,0.0,0.0,0.0,0.0,0.0,0.0,0.0,0.0,0.0,0.0,-0.0,-2.004,-2.004,-0.0,0.0,0.0,0.0,0.0,3379.0,3.697154027885167e+19,0.0,0.0,-0.0,-0.0,2.7184274988523002e+23,0.0,0.0,0.0,0.0,0,-0.0,89220.055,0.0,0.0,0.0,0.0,0.0,0.0,0.0,0,0,0,0.0,0.0,0.0,0.0,0.0,0.0,0.0,0.0,0.0,0.0,0.0,0.0,0.0,0.0,0.0,0.0,0,-107875648.0,0,0.0,0,-107875648.0,-107877712.0,0,0,17039,13107,17053,39322,17037,0,0,0,110,100,100,0.0,64.0,0.0,64.9,-107615304.0,68.5,1,49,50,180,0,26215,0,0,0.0,0.0,0.0,0.0,-156416300023808.0,65.0,0.0,0.0,0.0,645,0,687,0,0,0,715,0,787,0,708,0,689,0,645,0,641,0,618,0.032,36700160.0,-0.0,0.0,23696,16788,-243978.031,-1.4202258638220788e+31,3805223.5,1993.987,-0.0,-0.0,29.0,60.0,70,0.0,0.0,0.0,0.0,0.0,0.0,0.0,0.0,0.0,0.0,0.0,0.0,0.0,0.0,0.0,0.0,59.2,68,11,65509,41,65476,0,300,0,0,8,20529,65476,0,0,61604,60.0,0.0,0.0,0.0,0.0,0.0
2026-04-04T11:37:09,ERR,ERR,ERR,ERR,ERR,ERR,ERR,ERR,ERR,ERR,ERR,ERR,ERR,ERR,ERR,ERR,ERR,ERR,ERR,ERR,ERR,ERR,ERR,ERR,ERR,ERR,ERR,ERR,ERR,ERR,ERR,ERR,ERR,ERR,ERR,ERR,ERR,ERR,ERR,ERR,ERR,ERR,ERR,ERR,ERR,ERR,ERR,ERR,ERR,ERR,ERR,ERR,ERR,ERR,ERR,ERR,ERR,ERR,ERR,ERR,ERR,ERR,ERR,ERR,ERR,ERR,ERR,ERR,ERR,ERR,ERR,ERR,ERR,ERR,ERR,ERR,ERR,ERR,ERR,ERR,ERR,ERR,ERR,ERR,ERR,ERR,ERR,ERR,ERR,ERR,ERR,ERR,ERR,ERR,ERR,ERR,ERR,ERR,ERR,ERR,ERR,ERR,ERR,ERR,ERR,ERR,ERR,ERR,ERR,ERR,ERR,ERR,ERR,ERR,ERR,ERR,ERR,ERR,ERR,ERR,ERR,ERR,ERR,ERR,ERR,0.0,-0.0,-101055584.0,0.0,0.0,0.0,0.0,nan,0,0,0,32768,0,0.0,0,0.0,0.0,0.0,0.0,0.0,0,0,0,0,0.0,0,0,0,0,0,0,0,0,0,0,0,0,0,0,0,0,0,0,0,0,0,0,0,0,0,0,0,0,0,0,0,0,0,0,0,0,0,0,0,0,0,0,0,0,0.0,0.0,0.0,0.0,0.0,0.0,0.0,0.0,0.0,0.0,0.0,0.0,0.0,0.0,0.0,0.0,0.0,0.0,0.0,0.0,0.0,0.0,-0.0,-2.004,-2.004,-0.0,0.0,0.0,0.0,0.0,3379.0,3.697154027885167e+19,0.0,0.0,-0.0,-0.0,2.7184274988523002e+23,0.0,0.0,0.0,0.0,0,-0.0,89220.055,0.0,0.0,0.0,0.0,0.0,0.0,0.0,0,0,0,0.0,0.0,0.0,0.0,0.0,0.0,0.0,0.0,0.0,0.0,0.0,0.0,0.0,0.0,0.0,0.0,0,-107875648.0,0,0.0,0,-107875648.0,-107877712.0,0,0,17039,13107,17053,39322,17037,0,0,0,110,100,100,0.0,64.0,0.0,64.9,-107615304.0,68.5,1,49,50,180,0,26215,0,0,0.0,0.0,0.0,0.0,-156416300023808.0,65.0,0.0,0.0,0.0,645,0,687,0,0,0,715,0,787,0,708,0,689,0,645,0,641,0,618,0.032,36700160.0,-0.0,0.0,23696,16788,-243978.031,-1.4202258638220788e+31,3805223.5,1993.987,-0.0,-0.0,29.0,60.0,70,0.0,0.0,0.0,0.0,0.0,0.0,0.0,0.0,0.0,0.0,0.0,0.0,0.0,0.0,0.0,0.0,59.2,68,11,65509,41,65476,0,300,0,0,8,20529,65476,0,0,61604,60.0,0.0,0.0,0.0,0.0,0.0
2026-04-04T11:37:10,ERR,ERR,ERR,ERR,ERR,ERR,ERR,ERR,ERR,ERR,ERR,ERR,ERR,ERR,ERR,ERR,ERR,ERR,ERR,ERR,ERR,ERR,ERR,ERR,ERR,ERR,ERR,ERR,ERR,ERR,ERR,ERR,ERR,ERR,ERR,ERR,ERR,ERR,ERR,ERR,ERR,ERR,ERR,ERR,ERR,ERR,ERR,ERR,ERR,ERR,ERR,ERR,ERR,ERR,ERR,ERR,ERR,ERR,ERR,ERR,ERR,ERR,ERR,ERR,ERR,ERR,ERR,ERR,ERR,ERR,ERR,ERR,ERR,ERR,ERR,ERR,ERR,ERR,ERR,ERR,ERR,ERR,ERR,ERR,ERR,ERR,ERR,ERR,ERR,ERR,ERR,ERR,ERR,ERR,ERR,ERR,ERR,ERR,ERR,ERR,ERR,ERR,ERR,ERR,ERR,ERR,ERR,ERR,ERR,ERR,ERR,ERR,ERR,ERR,ERR,ERR,ERR,ERR,ERR,ERR,ERR,ERR,ERR,ERR,ERR,0.0,-0.0,-101055584.0,0.0,0.0,0.0,0.0,nan,0,0,0,32768,0,0.0,0,0.0,0.0,0.0,0.0,0.0,0,0,0,0,0.0,0,0,0,0,0,0,0,0,0,0,0,0,0,0,0,0,0,0,0,0,0,0,0,0,0,0,0,0,0,0,0,0,0,0,0,0,0,0,0,0,0,0,0,0,0.0,0.0,0.0,0.0,0.0,0.0,0.0,0.0,0.0,0.0,0.0,0.0,0.0,0.0,0.0,0.0,0.0,0.0,0.0,0.0,0.0,0.0,-0.0,-2.004,-2.004,-0.0,0.0,0.0,0.0,0.0,3379.0,3.697154027885167e+19,0.0,0.0,-0.0,-0.0,2.7184274988523002e+23,0.0,0.0,0.0,0.0,0,-0.0,89220.055,0.0,0.0,0.0,0.0,0.0,0.0,0.0,0,0,0,0.0,0.0,0.0,0.0,0.0,0.0,0.0,0.0,0.0,0.0,0.0,0.0,0.0,0.0,0.0,0.0,0,-107875648.0,0,0.0,0,-107875648.0,-107877712.0,0,0,17039,13107,17053,39322,17037,0,0,0,110,100,100,0.0,64.0,0.0,64.9,-107615304.0,68.5,1,49,50,180,0,26215,0,0,0.0,0.0,0.0,0.0,-156416300023808.0,65.0,0.0,0.0,0.0,645,0,687,0,0,0,715,0,787,0,708,0,689,0,645,0,641,0,618,0.032,36700160.0,-0.0,0.0,23696,16788,-243978.031,-1.4202258638220788e+31,3805223.5,1993.987,-0.0,-0.0,29.0,60.0,70,0.0,0.0,0.0,0.0,0.0,0.0,0.0,0.0,0.0,0.0,0.0,0.0,0.0,0.0,0.0,0.0,59.2,68,11,65509,41,65476,0,300,0,0,8,20529,65476,0,0,61604,60.0,0.0,0.0,0.0,0.0,0.0
2026-04-04T11:37:11,ERR,ERR,ERR,ERR,ERR,ERR,ERR,ERR,ERR,ERR,ERR,ERR,ERR,ERR,ERR,ERR,ERR,ERR,ERR,ERR,ERR,ERR,ERR,ERR,ERR,ERR,ERR,ERR,ERR,ERR,ERR,ERR,ERR,ERR,ERR,ERR,ERR,ERR,ERR,ERR,ERR,ERR,ERR,ERR,ERR,ERR,ERR,ERR,ERR,ERR,ERR,ERR,ERR,ERR,ERR,ERR,ERR,ERR,ERR,ERR,ERR,ERR,ERR,ERR,ERR,ERR,ERR,ERR,ERR,ERR,ERR,ERR,ERR,ERR,ERR,ERR,ERR,ERR,ERR,ERR,ERR,ERR,ERR,ERR,ERR,ERR,ERR,ERR,ERR,ERR,ERR,ERR,ERR,ERR,ERR,ERR,ERR,ERR,ERR,ERR,ERR,ERR,ERR,ERR,ERR,ERR,ERR,ERR,ERR,ERR,ERR,ERR,ERR,ERR,ERR,ERR,ERR,ERR,ERR,ERR,ERR,ERR,ERR,ERR,ERR,0.0,-0.0,-101055584.0,0.0,0.0,0.0,0.0,nan,0,0,0,32768,0,0.0,0,0.0,0.0,0.0,0.0,0.0,0,0,0,0,0.0,0,0,0,0,0,0,0,0,0,0,0,0,0,0,0,0,0,0,0,0,0,0,0,0,0,0,0,0,0,0,0,0,0,0,0,0,0,0,0,0,0,0,0,0,0.0,0.0,0.0,0.0,0.0,0.0,0.0,0.0,0.0,0.0,0.0,0.0,0.0,0.0,0.0,0.0,0.0,0.0,0.0,0.0,0.0,0.0,-0.0,-2.004,-2.004,-0.0,0.0,0.0,0.0,0.0,3379.0,3.697154027885167e+19,0.0,0.0,-0.0,-0.0,2.7184274988523002e+23,0.0,0.0,0.0,0.0,0,-0.0,89220.055,0.0,0.0,0.0,0.0,0.0,0.0,0.0,0,0,0,0.0,0.0,0.0,0.0,0.0,0.0,0.0,0.0,0.0,0.0,0.0,0.0,0.0,0.0,0.0,0.0,0,-107875648.0,0,0.0,0,-107875648.0,-107877712.0,0,0,17039,13107,17053,39322,17037,0,0,0,110,100,100,0.0,64.0,0.0,64.9,-107615304.0,68.5,1,49,50,180,0,26215,0,0,0.0,0.0,0.0,0.0,-1.4080618584183144e+20,65.0,0.0,0.0,0.0,645,0,687,0,0,0,715,0,786,0,708,0,689,0,645,0,641,0,618,0.032,36438016.0,-0.0,0.0,33424,16788,-1049087836160.0,-3.372473082054076e+20,1.3130943384518656e+17,0.0,-0.0,-0.121,29.0,60.0,70,0.0,0.0,0.0,0.0,0.0,0.0,0.0,0.0,0.0,0.0,0.0,0.0,0.0,0.0,0.0,0.0,59.2,68,11,65509,41,65476,0,300,0,0,8,20529,65476,0,0,61604,60.0,0.0,0.0,0.0,0.0,0.0
2026-04-04T11:37:12,ERR,ERR,ERR,ERR,ERR,ERR,ERR,ERR,ERR,ERR,ERR,ERR,ERR,ERR,ERR,ERR,ERR,ERR,ERR,ERR,ERR,ERR,ERR,ERR,ERR,ERR,ERR,ERR,ERR,ERR,ERR,ERR,ERR,ERR,ERR,ERR,ERR,ERR,ERR,ERR,ERR,ERR,ERR,ERR,ERR,ERR,ERR,ERR,ERR,ERR,ERR,ERR,ERR,ERR,ERR,ERR,ERR,ERR,ERR,ERR,ERR,ERR,ERR,ERR,ERR,ERR,ERR,ERR,ERR,ERR,ERR,ERR,ERR,ERR,ERR,ERR,ERR,ERR,ERR,ERR,ERR,ERR,ERR,ERR,ERR,ERR,ERR,ERR,ERR,ERR,ERR,ERR,ERR,ERR,ERR,ERR,ERR,ERR,ERR,ERR,ERR,ERR,ERR,ERR,ERR,ERR,ERR,ERR,ERR,ERR,ERR,ERR,ERR,ERR,ERR,ERR,ERR,ERR,ERR,ERR,ERR,ERR,ERR,ERR,ERR,0.0,-0.0,-101055584.0,0.0,0.0,0.0,0.0,nan,0,0,0,32768,0,0.0,0,0.0,0.0,0.0,0.0,0.0,0,0,0,0,0.0,0,0,0,0,0,0,0,0,0,0,0,0,0,0,0,0,0,0,0,0,0,0,0,0,0,0,0,0,0,0,0,0,0,0,0,0,0,0,0,0,0,0,0,0,0.0,0.0,0.0,0.0,0.0,0.0,0.0,0.0,0.0,0.0,0.0,0.0,0.0,0.0,0.0,0.0,0.0,0.0,0.0,0.0,0.0,0.0,-0.0,-2.004,-2.004,-0.0,0.0,0.0,0.0,0.0,3379.0,3.697154027885167e+19,0.0,0.0,-0.0,-0.0,2.7184274988523002e+23,0.0,0.0,0.0,0.0,0,-0.0,89220.055,0.0,0.0,0.0,0.0,0.0,0.0,0.0,0,0,0,0.0,0.0,0.0,0.0,0.0,0.0,0.0,0.0,0.0,0.0,0.0,0.0,0.0,0.0,0.0,0.0,0,-107875648.0,0,0.0,0,-107875648.0,-107877712.0,0,0,17039,13107,17053,39322,17037,0,0,0,110,100,100,0.0,64.0,0.0,64.9,-107615304.0,68.5,1,49,50,180,0,26215,0,0,0.0,0.0,0.0,0.0,-1.4080618584183144e+20,65.0,0.0,0.0,0.0,645,0,687,0,0,0,715,0,786,0,708,0,689,0,645,0,641,0,618,0.032,36438016.0,-0.0,0.0,33424,16788,-1049087836160.0,-3.372473082054076e+20,1.3130943384518656e+17,0.0,-0.0,-0.121,29.0,60.0,70,0.0,0.0,0.0,0.0,0.0,0.0,0.0,0.0,0.0,0.0,0.0,0.0,0.0,0.0,0.0,0.0,59.2,68,11,65509,41,65476,0,300,0,0,8,20529,65476,0,0,61604,60.0,0.0,0.0,0.0,0.0,0.0
2026-04-04T11:37:13,ERR,ERR,ERR,ERR,ERR,ERR,ERR,ERR,ERR,ERR,ERR,ERR,ERR,ERR,ERR,ERR,ERR,ERR,ERR,ERR,ERR,ERR,ERR,ERR,ERR,ERR,ERR,ERR,ERR,ERR,ERR,ERR,ERR,ERR,ERR,ERR,ERR,ERR,ERR,ERR,ERR,ERR,ERR,ERR,ERR,ERR,ERR,ERR,ERR,ERR,ERR,ERR,ERR,ERR,ERR,ERR,ERR,ERR,ERR,ERR,ERR,ERR,ERR,ERR,ERR,ERR,ERR,ERR,ERR,ERR,ERR,ERR,ERR,ERR,ERR,ERR,ERR,ERR,ERR,ERR,ERR,ERR,ERR,ERR,ERR,ERR,ERR,ERR,ERR,ERR,ERR,ERR,ERR,ERR,ERR,ERR,ERR,ERR,ERR,ERR,ERR,ERR,ERR,ERR,ERR,ERR,ERR,ERR,ERR,ERR,ERR,ERR,ERR,ERR,ERR,ERR,ERR,ERR,ERR,ERR,ERR,ERR,ERR,ERR,ERR,0.0,-0.0,-101055584.0,0.0,0.0,0.0,0.0,nan,0,0,0,32768,0,0.0,0,0.0,0.0,0.0,0.0,0.0,0,0,0,0,0.0,0,0,0,0,0,0,0,0,0,0,0,0,0,0,0,0,0,0,0,0,0,0,0,0,0,0,0,0,0,0,0,0,0,0,0,0,0,0,0,0,0,0,0,0,0.0,0.0,0.0,0.0,0.0,0.0,0.0,0.0,0.0,0.0,0.0,0.0,0.0,0.0,0.0,0.0,0.0,0.0,0.0,0.0,0.0,0.0,-0.0,-2.004,-2.004,-0.0,0.0,0.0,0.0,0.0,3379.0,3.697154027885167e+19,0.0,0.0,-0.0,-0.0,2.7184274988523002e+23,0.0,0.0,0.0,0.0,0,-0.0,89220.055,0.0,0.0,0.0,0.0,0.0,0.0,0.0,0,0,0,0.0,0.0,0.0,0.0,0.0,0.0,0.0,0.0,0.0,0.0,0.0,0.0,0.0,0.0,0.0,0.0,0,-107875648.0,0,0.0,0,-107875648.0,-107877712.0,0,0,17039,13107,17053,39322,17037,0,0,0,110,100,100,0.0,64.0,0.0,64.9,-107615304.0,68.5,1,49,50,180,0,26215,0,0,0.0,0.0,0.0,0.0,-1.4080618584183144e+20,65.0,0.0,0.0,0.0,645,0,687,0,0,0,715,0,786,0,708,0,689,0,645,0,641,0,618,0.032,36438016.0,-0.0,0.0,33424,16788,-1049087836160.0,-3.372473082054076e+20,1.3130943384518656e+17,0.0,-0.0,-0.121,29.0,60.0,70,0.0,0.0,0.0,0.0,0.0,0.0,0.0,0.0,0.0,0.0,0.0,0.0,0.0,0.0,0.0,0.0,59.2,68,11,65509,41,65476,0,300,0,0,8,20529,65476,0,0,61604,60.0,0.0,0.0,0.0,0.0,0.0
2026-04-04T11:37:14,ERR,ERR,ERR,ERR,ERR,ERR,ERR,ERR,ERR,ERR,ERR,ERR,ERR,ERR,ERR,ERR,ERR,ERR,ERR,ERR,ERR,ERR,ERR,ERR,ERR,ERR,ERR,ERR,ERR,ERR,ERR,ERR,ERR,ERR,ERR,ERR,ERR,ERR,ERR,ERR,ERR,ERR,ERR,ERR,ERR,ERR,ERR,ERR,ERR,ERR,ERR,ERR,ERR,ERR,ERR,ERR,ERR,ERR,ERR,ERR,ERR,ERR,ERR,ERR,ERR,ERR,ERR,ERR,ERR,ERR,ERR,ERR,ERR,ERR,ERR,ERR,ERR,ERR,ERR,ERR,ERR,ERR,ERR,ERR,ERR,ERR,ERR,ERR,ERR,ERR,ERR,ERR,ERR,ERR,ERR,ERR,ERR,ERR,ERR,ERR,ERR,ERR,ERR,ERR,ERR,ERR,ERR,ERR,ERR,ERR,ERR,ERR,ERR,ERR,ERR,ERR,ERR,ERR,ERR,ERR,ERR,ERR,ERR,ERR,ERR,0.0,-0.0,-101055584.0,0.0,0.0,0.0,0.0,nan,0,0,0,32768,0,0.0,0,0.0,0.0,0.0,0.0,0.0,0,0,0,0,0.0,0,0,0,0,0,0,0,0,0,0,0,0,0,0,0,0,0,0,0,0,0,0,0,0,0,0,0,0,0,0,0,0,0,0,0,0,0,0,0,0,0,0,0,0,0.0,0.0,0.0,0.0,0.0,0.0,0.0,0.0,0.0,0.0,0.0,0.0,0.0,0.0,0.0,0.0,0.0,0.0,0.0,0.0,0.0,0.0,-0.0,-2.004,-2.004,-0.0,0.0,0.0,0.0,0.0,3381.5,0.0,0.0,0.0,-0.0,-0.0,2.7184274988523002e+23,0.0,0.0,0.0,0.0,0,-126841012224.0,0.0,0.0,0.0,0.0,0.0,0.0,0.0,0.0,0,0,0,0.0,0.0,0.0,0.0,0.0,0.0,0.0,0.0,0.0,0.0,0.0,0.0,0.0,0.0,0.0,0.0,0,-107875648.0,0,0.0,0,-107875648.0,-107877712.0,0,0,17039,13107,17053,39322,17037,0,0,0,110,100,100,0.0,64.0,0.0,64.9,-107615304.0,68.5,1,49,50,180,0,26215,0,0,0.0,0.0,0.0,0.0,-1.4080618584183144e+20,65.0,0.0,0.0,0.0,645,0,687,0,0,0,715,0,786,0,708,0,689,0,645,0,641,0,618,0.032,36438016.0,-0.0,0.0,33424,16788,-1049087836160.0,-3.372473082054076e+20,1.3130943384518656e+17,0.0,-0.0,-0.121,29.0,60.0,70,0.0,0.0,0.0,0.0,0.0,0.0,0.0,0.0,0.0,0.0,0.0,0.0,0.0,0.0,0.0,0.0,59.2,68,11,65509,41,65476,0,300,0,0,8,20529,65476,0,0,61604,60.0,0.0,0.0,0.0,0.0,0.0
2026-04-04T11:37:15,ERR,ERR,ERR,ERR,ERR,ERR,ERR,ERR,ERR,ERR,ERR,ERR,ERR,ERR,ERR,ERR,ERR,ERR,ERR,ERR,ERR,ERR,ERR,ERR,ERR,ERR,ERR,ERR,ERR,ERR,ERR,ERR,ERR,ERR,ERR,ERR,ERR,ERR,ERR,ERR,ERR,ERR,ERR,ERR,ERR,ERR,ERR,ERR,ERR,ERR,ERR,ERR,ERR,ERR,ERR,ERR,ERR,ERR,ERR,ERR,ERR,ERR,ERR,ERR,ERR,ERR,ERR,ERR,ERR,ERR,ERR,ERR,ERR,ERR,ERR,ERR,ERR,ERR,ERR,ERR,ERR,ERR,ERR,ERR,ERR,ERR,ERR,ERR,ERR,ERR,ERR,ERR,ERR,ERR,ERR,ERR,ERR,ERR,ERR,ERR,ERR,ERR,ERR,ERR,ERR,ERR,ERR,ERR,ERR,ERR,ERR,ERR,ERR,ERR,ERR,ERR,ERR,ERR,ERR,ERR,ERR,ERR,ERR,ERR,ERR,0.0,-0.0,-101055584.0,0.0,0.0,0.0,0.0,nan,0,0,0,32768,0,0.0,0,0.0,0.0,0.0,0.0,0.0,0,0,0,0,0.0,0,0,0,0,0,0,0,0,0,0,0,0,0,0,0,0,0,0,0,0,0,0,0,0,0,0,0,0,0,0,0,0,0,0,0,0,0,0,0,0,0,0,0,0,0.0,0.0,0.0,0.0,0.0,0.0,0.0,0.0,0.0,0.0,0.0,0.0,0.0,0.0,0.0,0.0,0.0,0.0,0.0,0.0,0.0,0.0,-0.0,-2.004,-2.004,-0.0,0.0,0.0,0.0,0.0,3381.5,0.0,0.0,0.0,-0.0,-0.0,2.7184274988523002e+23,0.0,0.0,0.0,0.0,0,-126841012224.0,0.0,0.0,0.0,0.0,0.0,0.0,0.0,0.0,0,0,0,0.0,0.0,0.0,0.0,0.0,0.0,0.0,0.0,0.0,0.0,0.0,0.0,0.0,0.0,0.0,0.0,0,-107875648.0,0,0.0,0,-107875648.0,-107877712.0,0,0,17039,13107,17053,39322,17037,0,0,0,110,100,100,0.0,64.0,0.0,64.9,-107615304.0,68.5,1,49,50,180,0,26215,0,0,0.0,0.0,0.0,0.0,-1.4080618584183144e+20,65.0,0.0,0.0,0.0,645,0,687,0,0,0,715,0,786,0,708,0,689,0,645,0,641,0,618,0.032,36438016.0,-0.0,0.0,33424,16788,-1049087836160.0,-3.372473082054076e+20,1.3130943384518656e+17,0.0,-0.0,-0.121,29.0,60.0,70,0.0,0.0,0.0,0.0,0.0,0.0,0.0,0.0,0.0,0.0,0.0,0.0,0.0,0.0,0.0,0.0,59.2,68,11,65509,41,65476,0,300,0,0,8,20529,65476,0,0,61604,60.0,0.0,0.0,0.0,0.0,0.0
2026-04-04T11:37:16,ERR,ERR,ERR,ERR,ERR,ERR,ERR,ERR,ERR,ERR,ERR,ERR,ERR,ERR,ERR,ERR,ERR,ERR,ERR,ERR,ERR,ERR,ERR,ERR,ERR,ERR,ERR,ERR,ERR,ERR,ERR,ERR,ERR,ERR,ERR,ERR,ERR,ERR,ERR,ERR,ERR,ERR,ERR,ERR,ERR,ERR,ERR,ERR,ERR,ERR,ERR,ERR,ERR,ERR,ERR,ERR,ERR,ERR,ERR,ERR,ERR,ERR,ERR,ERR,ERR,ERR,ERR,ERR,ERR,ERR,ERR,ERR,ERR,ERR,ERR,ERR,ERR,ERR,ERR,ERR,ERR,ERR,ERR,ERR,ERR,ERR,ERR,ERR,ERR,ERR,ERR,ERR,ERR,ERR,ERR,ERR,ERR,ERR,ERR,ERR,ERR,ERR,ERR,ERR,ERR,ERR,ERR,ERR,ERR,ERR,ERR,ERR,ERR,ERR,ERR,ERR,ERR,ERR,ERR,ERR,ERR,ERR,ERR,ERR,ERR,0.0,-0.0,-101055584.0,0.0,0.0,0.0,0.0,nan,0,0,0,32768,0,0.0,0,0.0,0.0,0.0,0.0,0.0,0,0,0,0,0.0,0,0,0,0,0,0,0,0,0,0,0,0,0,0,0,0,0,0,0,0,0,0,0,0,0,0,0,0,0,0,0,0,0,0,0,0,0,0,0,0,0,0,0,0,0.0,0.0,0.0,0.0,0.0,0.0,0.0,0.0,0.0,0.0,0.0,0.0,0.0,0.0,0.0,0.0,0.0,0.0,0.0,0.0,0.0,0.0,-0.0,-2.004,-2.004,-0.0,0.0,0.0,0.0,0.0,3381.5,0.0,0.0,0.0,-0.0,-0.0,2.7184274988523002e+23,0.0,0.0,0.0,0.0,0,-126841012224.0,0.0,0.0,0.0,0.0,0.0,0.0,0.0,0.0,0,0,0,0.0,0.0,0.0,0.0,0.0,0.0,0.0,0.0,0.0,0.0,0.0,0.0,0.0,0.0,0.0,0.0,0,-107875648.0,0,0.0,0,-107875648.0,-107877712.0,0,0,17039,13107,17053,39322,17037,0,0,0,110,100,100,0.0,64.0,0.0,64.9,-107615304.0,68.5,1,49,50,180,0,26215,0,0,0.0,0.0,0.0,0.0,-27034884.0,65.0,0.0,-2.2843845265762493e+33,0.0,645,0,687,0,0,0,715,0,786,0,708,0,689,0,645,0,641,0,618,0.032,36962304.0,-0.0,0.0,35984,16788,-537132972113920.0,-2.2843845265762493e+33,2.018764142508175e+32,3.535,-0.0,-1428093796352.0,29.0,60.0,70,0.0,0.0,0.0,0.0,0.0,0.0,0.0,0.0,0.0,0.0,0.0,0.0,0.0,0.0,0.0,0.0,59.6,68,11,65509,41,65476,0,300,0,0,8,20529,65476,0,0,61604,60.0,0.0,0.0,0.0,0.0,0.0
2026-04-04T11:37:17,ERR,ERR,ERR,ERR,ERR,ERR,ERR,ERR,ERR,ERR,ERR,ERR,ERR,ERR,ERR,ERR,ERR,ERR,ERR,ERR,ERR,ERR,ERR,ERR,ERR,ERR,ERR,ERR,ERR,ERR,ERR,ERR,ERR,ERR,ERR,ERR,ERR,ERR,ERR,ERR,ERR,ERR,ERR,ERR,ERR,ERR,ERR,ERR,ERR,ERR,ERR,ERR,ERR,ERR,ERR,ERR,ERR,ERR,ERR,ERR,ERR,ERR,ERR,ERR,ERR,ERR,ERR,ERR,ERR,ERR,ERR,ERR,ERR,ERR,ERR,ERR,ERR,ERR,ERR,ERR,ERR,ERR,ERR,ERR,ERR,ERR,ERR,ERR,ERR,ERR,ERR,ERR,ERR,ERR,ERR,ERR,ERR,ERR,ERR,ERR,ERR,ERR,ERR,ERR,ERR,ERR,ERR,ERR,ERR,ERR,ERR,ERR,ERR,ERR,ERR,ERR,ERR,ERR,ERR,ERR,ERR,ERR,ERR,ERR,ERR,0.0,-0.0,-101055584.0,0.0,0.0,0.0,0.0,nan,0,0,0,32768,0,0.0,0,0.0,0.0,0.0,0.0,0.0,0,0,0,0,0.0,0,0,0,0,0,0,0,0,0,0,0,0,0,0,0,0,0,0,0,0,0,0,0,0,0,0,0,0,0,0,0,0,0,0,0,0,0,0,0,0,0,0,0,0,0.0,0.0,0.0,0.0,0.0,0.0,0.0,0.0,0.0,0.0,0.0,0.0,0.0,0.0,0.0,0.0,0.0,0.0,0.0,0.0,0.0,0.0,-0.0,-2.004,-2.004,-0.0,0.0,0.0,0.0,0.0,3381.5,0.0,0.0,0.0,-0.0,-0.0,2.7184274988523002e+23,0.0,0.0,0.0,0.0,0,-126841012224.0,0.0,0.0,0.0,0.0,0.0,0.0,0.0,0.0,0,0,0,0.0,0.0,0.0,0.0,0.0,0.0,0.0,0.0,0.0,0.0,0.0,0.0,0.0,0.0,0.0,0.0,0,-107875648.0,0,0.0,0,-107875648.0,-107877712.0,0,0,17039,13107,17053,39322,17037,0,0,0,110,100,100,0.0,64.0,0.0,64.9,-107615304.0,68.5,1,49,50,180,0,26215,0,0,0.0,0.0,0.0,0.0,-27034884.0,65.0,0.0,-2.2843845265762493e+33,0.0,645,0,687,0,0,0,715,0,786,0,708,0,689,0,645,0,641,0,618,0.032,36962304.0,-0.0,0.0,35984,16788,-537132972113920.0,-2.2843845265762493e+33,2.018764142508175e+32,3.535,-0.0,-1428093796352.0,29.0,60.0,70,0.0,0.0,0.0,0.0,0.0,0.0,0.0,0.0,0.0,0.0,0.0,0.0,0.0,0.0,0.0,0.0,59.6,68,11,65509,41,65476,0,300,0,0,8,20529,65476,0,0,61604,60.0,0.0,0.0,0.0,0.0,0.0
2026-04-04T11:37:18,ERR,ERR,ERR,ERR,ERR,ERR,ERR,ERR,ERR,ERR,ERR,ERR,ERR,ERR,ERR,ERR,ERR,ERR,ERR,ERR,ERR,ERR,ERR,ERR,ERR,ERR,ERR,ERR,ERR,ERR,ERR,ERR,ERR,ERR,ERR,ERR,ERR,ERR,ERR,ERR,ERR,ERR,ERR,ERR,ERR,ERR,ERR,ERR,ERR,ERR,ERR,ERR,ERR,ERR,ERR,ERR,ERR,ERR,ERR,ERR,ERR,ERR,ERR,ERR,ERR,ERR,ERR,ERR,ERR,ERR,ERR,ERR,ERR,ERR,ERR,ERR,ERR,ERR,ERR,ERR,ERR,ERR,ERR,ERR,ERR,ERR,ERR,ERR,ERR,ERR,ERR,ERR,ERR,ERR,ERR,ERR,ERR,ERR,ERR,ERR,ERR,ERR,ERR,ERR,ERR,ERR,ERR,ERR,ERR,ERR,ERR,ERR,ERR,ERR,ERR,ERR,ERR,ERR,ERR,ERR,ERR,ERR,ERR,ERR,ERR,0.0,-0.0,-101055584.0,0.0,0.0,0.0,0.0,nan,0,0,0,32768,0,0.0,0,0.0,0.0,0.0,0.0,0.0,0,0,0,0,0.0,0,0,0,0,0,0,0,0,0,0,0,0,0,0,0,0,0,0,0,0,0,0,0,0,0,0,0,0,0,0,0,0,0,0,0,0,0,0,0,0,0,0,0,0,0.0,0.0,0.0,0.0,0.0,0.0,0.0,0.0,0.0,0.0,0.0,0.0,0.0,0.0,0.0,0.0,0.0,0.0,0.0,0.0,0.0,0.0,-0.0,-2.004,-2.004,-0.0,0.0,0.0,0.0,0.0,3381.5,0.0,0.0,0.0,-0.0,-0.0,2.7184274988523002e+23,0.0,0.0,0.0,0.0,0,-126841012224.0,0.0,0.0,0.0,0.0,0.0,0.0,0.0,0.0,0,0,0,0.0,0.0,0.0,0.0,0.0,0.0,0.0,0.0,0.0,0.0,0.0,0.0,0.0,0.0,0.0,0.0,0,-107875648.0,0,0.0,0,-107875648.0,-107877712.0,0,0,17039,13107,17053,39322,17037,0,0,0,110,100,100,0.0,64.0,0.0,64.9,-107615304.0,68.5,1,49,50,180,0,26215,0,0,0.0,0.0,0.0,0.0,-27034884.0,65.0,0.0,-2.2843845265762493e+33,0.0,645,0,687,0,0,0,715,0,786,0,708,0,689,0,645,0,641,0,618,0.032,36962304.0,-0.0,0.0,35984,16788,-537132972113920.0,-2.2843845265762493e+33,2.018764142508175e+32,3.535,-0.0,-1428093796352.0,29.0,60.0,70,0.0,0.0,0.0,0.0,0.0,0.0,0.0,0.0,0.0,0.0,0.0,0.0,0.0,0.0,0.0,0.0,59.6,68,11,65509,41,65476,0,300,0,0,8,20529,65476,0,0,61604,60.0,0.0,0.0,0.0,0.0,0.0
2026-04-04T11:37:19,ERR,ERR,ERR,ERR,ERR,ERR,ERR,ERR,ERR,ERR,ERR,ERR,ERR,ERR,ERR,ERR,ERR,ERR,ERR,ERR,ERR,ERR,ERR,ERR,ERR,ERR,ERR,ERR,ERR,ERR,ERR,ERR,ERR,ERR,ERR,ERR,ERR,ERR,ERR,ERR,ERR,ERR,ERR,ERR,ERR,ERR,ERR,ERR,ERR,ERR,ERR,ERR,ERR,ERR,ERR,ERR,ERR,ERR,ERR,ERR,ERR,ERR,ERR,ERR,ERR,ERR,ERR,ERR,ERR,ERR,ERR,ERR,ERR,ERR,ERR,ERR,ERR,ERR,ERR,ERR,ERR,ERR,ERR,ERR,ERR,ERR,ERR,ERR,ERR,ERR,ERR,ERR,ERR,ERR,ERR,ERR,ERR,ERR,ERR,ERR,ERR,ERR,ERR,ERR,ERR,ERR,ERR,ERR,ERR,ERR,ERR,ERR,ERR,ERR,ERR,ERR,ERR,ERR,ERR,ERR,ERR,ERR,ERR,ERR,ERR,0.0,-0.0,-101055584.0,0.0,0.0,0.0,0.0,nan,0,0,0,32768,0,0.0,0,0.0,0.0,0.0,0.0,0.0,0,0,0,0,0.0,0,0,0,0,0,0,0,0,0,0,0,0,0,0,0,0,0,0,0,0,0,0,0,0,0,0,0,0,0,0,0,0,0,0,0,0,0,0,0,0,0,0,0,0,0.0,0.0,0.0,0.0,0.0,0.0,0.0,0.0,0.0,0.0,0.0,0.0,0.0,0.0,0.0,0.0,0.0,0.0,0.0,0.0,0.0,0.0,-0.0,-2.004,-2.004,-0.0,0.0,0.0,0.0,0.0,3381.5,0.0,0.0,0.0,-0.0,-0.0,2.7184274988523002e+23,0.0,0.0,0.0,0.0,0,-126841012224.0,0.0,0.0,0.0,0.0,0.0,0.0,0.0,0.0,0,0,0,0.0,0.0,0.0,0.0,0.0,0.0,0.0,0.0,0.0,0.0,0.0,0.0,0.0,0.0,0.0,0.0,0,-107875648.0,0,0.0,0,-107875648.0,-107877712.0,0,0,17039,13107,17053,39322,17037,0,0,0,110,100,100,0.0,64.0,0.0,64.9,-107615304.0,68.5,1,49,50,180,0,26215,0,0,0.0,0.0,0.0,0.0,-27034884.0,65.0,0.0,-2.2843845265762493e+33,0.0,645,0,687,0,0,0,715,0,786,0,708,0,689,0,645,0,641,0,618,0.032,36962304.0,-0.0,0.0,35984,16788,-537132972113920.0,-2.2843845265762493e+33,2.018764142508175e+32,3.535,-0.0,-1428093796352.0,29.0,60.0,70,0.0,0.0,0.0,0.0,0.0,0.0,0.0,0.0,0.0,0.0,0.0,0.0,0.0,0.0,0.0,0.0,59.6,68,11,65509,41,65476,0,300,0,0,8,20529,65476,0,0,61604,60.0,0.0,0.0,0.0,0.0,0.0
2026-04-04T11:37:20,ERR,ERR,ERR,ERR,ERR,ERR,ERR,ERR,ERR,ERR,ERR,ERR,ERR,ERR,ERR,ERR,ERR,ERR,ERR,ERR,ERR,ERR,ERR,ERR,ERR,ERR,ERR,ERR,ERR,ERR,ERR,ERR,ERR,ERR,ERR,ERR,ERR,ERR,ERR,ERR,ERR,ERR,ERR,ERR,ERR,ERR,ERR,ERR,ERR,ERR,ERR,ERR,ERR,ERR,ERR,ERR,ERR,ERR,ERR,ERR,ERR,ERR,ERR,ERR,ERR,ERR,ERR,ERR,ERR,ERR,ERR,ERR,ERR,ERR,ERR,ERR,ERR,ERR,ERR,ERR,ERR,ERR,ERR,ERR,ERR,ERR,ERR,ERR,ERR,ERR,ERR,ERR,ERR,ERR,ERR,ERR,ERR,ERR,ERR,ERR,ERR,ERR,ERR,ERR,ERR,ERR,ERR,ERR,ERR,ERR,ERR,ERR,ERR,ERR,ERR,ERR,ERR,ERR,ERR,ERR,ERR,ERR,ERR,ERR,ERR,0.0,-0.0,-101055584.0,0.0,0.0,0.0,0.0,nan,0,0,0,32768,0,0.0,0,0.0,0.0,0.0,0.0,0.0,0,0,0,0,0.0,0,0,0,0,0,0,0,0,0,0,0,0,0,0,0,0,0,0,0,0,0,0,0,0,0,0,0,0,0,0,0,0,0,0,0,0,0,0,0,0,0,0,0,0,0.0,0.0,0.0,0.0,0.0,0.0,0.0,0.0,0.0,0.0,0.0,0.0,0.0,0.0,0.0,0.0,0.0,0.0,0.0,0.0,0.0,0.0,-0.0,-2.004,-2.004,-0.0,0.0,0.0,0.0,0.0,3381.5,0.0,0.0,0.0,-0.0,-0.0,2.7184274988523002e+23,0.0,0.0,0.0,0.0,0,-126841012224.0,0.0,0.0,0.0,0.0,0.0,0.0,0.0,0.0,0,0,0,0.0,0.0,0.0,0.0,0.0,0.0,0.0,0.0,0.0,0.0,0.0,0.0,0.0,0.0,0.0,0.0,0,-107875648.0,0,0.0,0,-107875648.0,-107877712.0,0,0,17039,13107,17053,39322,17037,0,0,0,110,100,100,0.0,64.0,0.0,64.9,-107615304.0,68.5,1,49,50,180,0,26215,0,0,0.0,0.0,0.0,0.0,-27034884.0,65.0,0.0,-2.2843845265762493e+33,0.0,645,0,687,0,0,0,715,0,786,0,708,0,689,0,645,0,641,0,618,0.032,36962304.0,-0.0,0.0,35984,16788,-537132972113920.0,-2.2843845265762493e+33,2.018764142508175e+32,3.535,-0.0,-1428093796352.0,29.0,60.0,70,0.0,0.0,0.0,0.0,0.0,0.0,0.0,0.0,0.0,0.0,0.0,0.0,0.0,0.0,0.0,0.0,59.6,68,11,65509,41,65476,0,300,0,0,8,20529,65476,0,0,61604,60.0,0.0,0.0,0.0,0.0,0.0
2026-04-04T11:37:21,ERR,ERR,ERR,ERR,ERR,ERR,ERR,ERR,ERR,ERR,ERR,ERR,ERR,ERR,ERR,ERR,ERR,ERR,ERR,ERR,ERR,ERR,ERR,ERR,ERR,ERR,ERR,ERR,ERR,ERR,ERR,ERR,ERR,ERR,ERR,ERR,ERR,ERR,ERR,ERR,ERR,ERR,ERR,ERR,ERR,ERR,ERR,ERR,ERR,ERR,ERR,ERR,ERR,ERR,ERR,ERR,ERR,ERR,ERR,ERR,ERR,ERR,ERR,ERR,ERR,ERR,ERR,ERR,ERR,ERR,ERR,ERR,ERR,ERR,ERR,ERR,ERR,ERR,ERR,ERR,ERR,ERR,ERR,ERR,ERR,ERR,ERR,ERR,ERR,ERR,ERR,ERR,ERR,ERR,ERR,ERR,ERR,ERR,ERR,ERR,ERR,ERR,ERR,ERR,ERR,ERR,ERR,ERR,ERR,ERR,ERR,ERR,ERR,ERR,ERR,ERR,ERR,ERR,ERR,ERR,ERR,ERR,ERR,ERR,ERR,0.0,-0.0,-101055584.0,0.0,0.0,0.0,0.0,nan,0,0,0,32768,0,0.0,0,0.0,0.0,0.0,0.0,0.0,0,0,0,0,0.0,0,0,0,0,0,0,0,0,0,0,0,0,0,0,0,0,0,0,0,0,0,0,0,0,0,0,0,0,0,0,0,0,0,0,0,0,0,0,0,0,0,0,0,0,0.0,0.0,0.0,0.0,0.0,0.0,0.0,0.0,0.0,0.0,0.0,0.0,0.0,0.0,0.0,0.0,0.0,0.0,0.0,0.0,0.0,0.0,-0.0,-2.004,-2.004,-0.0,0.0,0.0,0.0,0.0,3381.5,0.0,0.0,0.0,-0.0,-0.0,2.7184274988523002e+23,0.0,0.0,0.0,0.0,0,-126841012224.0,0.0,0.0,0.0,0.0,0.0,0.0,0.0,0.0,0,0,0,0.0,0.0,0.0,0.0,0.0,0.0,0.0,0.0,0.0,0.0,0.0,0.0,0.0,0.0,0.0,0.0,0,-107875648.0,0,0.0,0,-107875648.0,-107877712.0,0,0,17039,13107,17053,39322,17037,0,0,0,110,100,100,0.0,64.0,0.0,64.9,-107615304.0,68.5,1,49,50,180,0,26215,0,0,0.0,0.0,0.0,0.0,-3628560707223552.0,65.0,0.0,0.0,0.0,645,0,687,0,0,0,715,0,786,0,708,0,689,0,645,0,641,0,618,0.032,36962304.0,-0.0,0.0,36368,16788,-1075921152.0,0.0,-0.0,-0.021,-0.0,-5.162296084130693e+17,29.0,60.0,70,0.0,0.0,0.0,0.0,0.0,0.0,0.0,0.0,0.0,0.0,0.0,0.0,0.0,0.0,0.0,0.0,59.6,68,11,65509,41,65476,0,300,0,0,8,20529,65476,0,0,61604,60.0,0.0,0.0,0.0,0.0,0.0
2026-04-04T11:37:22,ERR,ERR,ERR,ERR,ERR,ERR,ERR,ERR,ERR,ERR,ERR,ERR,ERR,ERR,ERR,ERR,ERR,ERR,ERR,ERR,ERR,ERR,ERR,ERR,ERR,ERR,ERR,ERR,ERR,ERR,ERR,ERR,ERR,ERR,ERR,ERR,ERR,ERR,ERR,ERR,ERR,ERR,ERR,ERR,ERR,ERR,ERR,ERR,ERR,ERR,ERR,ERR,ERR,ERR,ERR,ERR,ERR,ERR,ERR,ERR,ERR,ERR,ERR,ERR,ERR,ERR,ERR,ERR,ERR,ERR,ERR,ERR,ERR,ERR,ERR,ERR,ERR,ERR,ERR,ERR,ERR,ERR,ERR,ERR,ERR,ERR,ERR,ERR,ERR,ERR,ERR,ERR,ERR,ERR,ERR,ERR,ERR,ERR,ERR,ERR,ERR,ERR,ERR,ERR,ERR,ERR,ERR,ERR,ERR,ERR,ERR,ERR,ERR,ERR,ERR,ERR,ERR,ERR,ERR,ERR,ERR,ERR,ERR,ERR,ERR,0.0,-0.0,-101055584.0,0.0,0.0,0.0,0.0,nan,0,0,0,32768,0,0.0,0,0.0,0.0,0.0,0.0,0.0,0,0,0,0,0.0,0,0,0,0,0,0,0,0,0,0,0,0,0,0,0,0,0,0,0,0,0,0,0,0,0,0,0,0,0,0,0,0,0,0,0,0,0,0,0,0,0,0,0,0,0.0,0.0,0.0,0.0,0.0,0.0,0.0,0.0,0.0,0.0,0.0,0.0,0.0,0.0,0.0,0.0,0.0,0.0,0.0,0.0,0.0,0.0,-0.0,-2.004,-2.004,-0.0,0.0,0.0,0.0,0.0,3363.5,-1.587915374909487e+29,0.0,0.0,-0.0,-0.0,2.7184274988523002e+23,0.0,0.0,0.0,0.0,0,-0.0,0.0,0.0,0.0,0.0,0.0,0.0,0.0,0.0,0,0,0,0.0,0.0,0.0,0.0,0.0,0.0,0.0,0.0,0.0,0.0,0.0,0.0,0.0,0.0,0.0,0.0,0,-107875648.0,0,0.0,0,-107875648.0,-107877712.0,0,0,17039,13107,17053,39322,17037,0,0,0,110,100,100,0.0,64.0,0.0,64.9,-107615304.0,68.5,1,49,50,180,0,26215,0,0,0.0,0.0,0.0,0.0,-3628560707223552.0,65.0,0.0,0.0,0.0,645,0,687,0,0,0,715,0,786,0,708,0,689,0,645,0,641,0,618,0.032,36962304.0,-0.0,0.0,36368,16788,-1075921152.0,0.0,-0.0,-0.021,-0.0,-5.162296084130693e+17,29.0,60.0,70,0.0,0.0,0.0,0.0,0.0,0.0,0.0,0.0,0.0,0.0,0.0,0.0,0.0,0.0,0.0,0.0,59.6,68,11,65509,41,65476,0,300,0,0,8,20529,65476,0,0,61604,60.0,0.0,0.0,0.0,0.0,0.0
2026-04-04T11:37:23,ERR,ERR,ERR,ERR,ERR,ERR,ERR,ERR,ERR,ERR,ERR,ERR,ERR,ERR,ERR,ERR,ERR,ERR,ERR,ERR,ERR,ERR,ERR,ERR,ERR,ERR,ERR,ERR,ERR,ERR,ERR,ERR,ERR,ERR,ERR,ERR,ERR,ERR,ERR,ERR,ERR,ERR,ERR,ERR,ERR,ERR,ERR,ERR,ERR,ERR,ERR,ERR,ERR,ERR,ERR,ERR,ERR,ERR,ERR,ERR,ERR,ERR,ERR,ERR,ERR,ERR,ERR,ERR,ERR,ERR,ERR,ERR,ERR,ERR,ERR,ERR,ERR,ERR,ERR,ERR,ERR,ERR,ERR,ERR,ERR,ERR,ERR,ERR,ERR,ERR,ERR,ERR,ERR,ERR,ERR,ERR,ERR,ERR,ERR,ERR,ERR,ERR,ERR,ERR,ERR,ERR,ERR,ERR,ERR,ERR,ERR,ERR,ERR,ERR,ERR,ERR,ERR,ERR,ERR,ERR,ERR,ERR,ERR,ERR,ERR,0.0,-0.0,-101055584.0,0.0,0.0,0.0,0.0,nan,0,0,0,32768,0,0.0,0,0.0,0.0,0.0,0.0,0.0,0,0,0,0,0.0,0,0,0,0,0,0,0,0,0,0,0,0,0,0,0,0,0,0,0,0,0,0,0,0,0,0,0,0,0,0,0,0,0,0,0,0,0,0,0,0,0,0,0,0,0.0,0.0,0.0,0.0,0.0,0.0,0.0,0.0,0.0,0.0,0.0,0.0,0.0,0.0,0.0,0.0,0.0,0.0,0.0,0.0,0.0,0.0,-0.0,-2.004,-2.004,-0.0,0.0,0.0,0.0,0.0,3363.5,-1.587915374909487e+29,0.0,0.0,-0.0,-0.0,2.7184274988523002e+23,0.0,0.0,0.0,0.0,0,-0.0,0.0,0.0,0.0,0.0,0.0,0.0,0.0,0.0,0,0,0,0.0,0.0,0.0,0.0,0.0,0.0,0.0,0.0,0.0,0.0,0.0,0.0,0.0,0.0,0.0,0.0,0,-107875648.0,0,0.0,0,-107875648.0,-107877712.0,0,0,17039,13107,17053,39322,17037,0,0,0,110,100,100,0.0,64.0,0.0,64.9,-107615304.0,68.5,1,49,50,180,0,26215,0,0,0.0,0.0,0.0,0.0,-3628560707223552.0,65.0,0.0,0.0,0.0,645,0,687,0,0,0,715,0,786,0,708,0,689,0,645,0,641,0,618,0.032,36962304.0,-0.0,0.0,36368,16788,-1075921152.0,0.0,-0.0,-0.021,-0.0,-5.162296084130693e+17,29.0,60.0,70,0.0,0.0,0.0,0.0,0.0,0.0,0.0,0.0,0.0,0.0,0.0,0.0,0.0,0.0,0.0,0.0,59.6,68,11,65509,41,65476,0,300,0,0,8,20529,65476,0,0,61604,60.0,0.0,0.0,0.0,0.0,0.0
2026-04-04T11:37:24,ERR,ERR,ERR,ERR,ERR,ERR,ERR,ERR,ERR,ERR,ERR,ERR,ERR,ERR,ERR,ERR,ERR,ERR,ERR,ERR,ERR,ERR,ERR,ERR,ERR,ERR,ERR,ERR,ERR,ERR,ERR,ERR,ERR,ERR,ERR,ERR,ERR,ERR,ERR,ERR,ERR,ERR,ERR,ERR,ERR,ERR,ERR,ERR,ERR,ERR,ERR,ERR,ERR,ERR,ERR,ERR,ERR,ERR,ERR,ERR,ERR,ERR,ERR,ERR,ERR,ERR,ERR,ERR,ERR,ERR,ERR,ERR,ERR,ERR,ERR,ERR,ERR,ERR,ERR,ERR,ERR,ERR,ERR,ERR,ERR,ERR,ERR,ERR,ERR,ERR,ERR,ERR,ERR,ERR,ERR,ERR,ERR,ERR,ERR,ERR,ERR,ERR,ERR,ERR,ERR,ERR,ERR,ERR,ERR,ERR,ERR,ERR,ERR,ERR,ERR,ERR,ERR,ERR,ERR,ERR,ERR,ERR,ERR,ERR,ERR,0.0,-0.0,-101055584.0,0.0,0.0,0.0,0.0,nan,0,0,0,32768,0,0.0,0,0.0,0.0,0.0,0.0,0.0,0,0,0,0,0.0,0,0,0,0,0,0,0,0,0,0,0,0,0,0,0,0,0,0,0,0,0,0,0,0,0,0,0,0,0,0,0,0,0,0,0,0,0,0,0,0,0,0,0,0,0.0,0.0,0.0,0.0,0.0,0.0,0.0,0.0,0.0,0.0,0.0,0.0,0.0,0.0,0.0,0.0,0.0,0.0,0.0,0.0,0.0,0.0,-0.0,-2.004,-2.004,-0.0,0.0,0.0,0.0,0.0,3363.5,-1.587915374909487e+29,0.0,0.0,-0.0,-0.0,2.7184274988523002e+23,0.0,0.0,0.0,0.0,0,-0.0,0.0,0.0,0.0,0.0,0.0,0.0,0.0,0.0,0,0,0,0.0,0.0,0.0,0.0,0.0,0.0,0.0,0.0,0.0,0.0,0.0,0.0,0.0,0.0,0.0,0.0,0,-107875648.0,0,0.0,0,-107875648.0,-107877712.0,0,0,17039,13107,17053,39322,17037,0,0,0,110,100,100,0.0,64.0,0.0,64.9,-107615304.0,68.5,1,49,50,180,0,26215,0,0,0.0,0.0,0.0,0.0,-3628560707223552.0,65.0,0.0,0.0,0.0,645,0,687,0,0,0,715,0,786,0,708,0,689,0,645,0,641,0,618,0.032,36962304.0,-0.0,0.0,36368,16788,-1075921152.0,0.0,-0.0,-0.021,-0.0,-5.162296084130693e+17,29.0,60.0,70,0.0,0.0,0.0,0.0,0.0,0.0,0.0,0.0,0.0,0.0,0.0,0.0,0.0,0.0,0.0,0.0,59.6,68,11,65509,41,65476,0,300,0,0,8,20529,65476,0,0,61604,60.0,0.0,0.0,0.0,0.0,0.0
2026-04-04T11:37:25,ERR,ERR,ERR,ERR,ERR,ERR,ERR,ERR,ERR,ERR,ERR,ERR,ERR,ERR,ERR,ERR,ERR,ERR,ERR,ERR,ERR,ERR,ERR,ERR,ERR,ERR,ERR,ERR,ERR,ERR,ERR,ERR,ERR,ERR,ERR,ERR,ERR,ERR,ERR,ERR,ERR,ERR,ERR,ERR,ERR,ERR,ERR,ERR,ERR,ERR,ERR,ERR,ERR,ERR,ERR,ERR,ERR,ERR,ERR,ERR,ERR,ERR,ERR,ERR,ERR,ERR,ERR,ERR,ERR,ERR,ERR,ERR,ERR,ERR,ERR,ERR,ERR,ERR,ERR,ERR,ERR,ERR,ERR,ERR,ERR,ERR,ERR,ERR,ERR,ERR,ERR,ERR,ERR,ERR,ERR,ERR,ERR,ERR,ERR,ERR,ERR,ERR,ERR,ERR,ERR,ERR,ERR,ERR,ERR,ERR,ERR,ERR,ERR,ERR,ERR,ERR,ERR,ERR,ERR,ERR,ERR,ERR,ERR,ERR,ERR,0.0,-0.0,-101055584.0,0.0,0.0,0.0,0.0,nan,0,0,0,32768,0,0.0,0,0.0,0.0,0.0,0.0,0.0,0,0,0,0,0.0,0,0,0,0,0,0,0,0,0,0,0,0,0,0,0,0,0,0,0,0,0,0,0,0,0,0,0,0,0,0,0,0,0,0,0,0,0,0,0,0,0,0,0,0,0.0,0.0,0.0,0.0,0.0,0.0,0.0,0.0,0.0,0.0,0.0,0.0,0.0,0.0,0.0,0.0,0.0,0.0,0.0,0.0,0.0,0.0,-0.0,-2.004,-2.004,-0.0,0.0,0.0,0.0,0.0,3363.5,-1.587915374909487e+29,0.0,0.0,-0.0,-0.0,2.7184274988523002e+23,0.0,0.0,0.0,0.0,0,-0.0,0.0,0.0,0.0,0.0,0.0,0.0,0.0,0.0,0,0,0,0.0,0.0,0.0,0.0,0.0,0.0,0.0,0.0,0.0,0.0,0.0,0.0,0.0,0.0,0.0,0.0,0,-107875648.0,0,0.0,0,-107875648.0,-107877712.0,0,0,17039,13107,17053,39322,17037,0,0,0,110,100,100,0.0,64.0,0.0,64.9,-107615304.0,68.5,1,49,50,180,0,26215,0,0,0.0,0.0,0.0,0.0,-3628560707223552.0,65.0,0.0,0.0,0.0,645,0,687,0,0,0,715,0,786,0,708,0,689,0,645,0,641,0,618,0.032,36962304.0,-0.0,0.0,36368,16788,-1075921152.0,0.0,-0.0,-0.021,-0.0,-5.162296084130693e+17,29.0,60.0,70,0.0,0.0,0.0,0.0,0.0,0.0,0.0,0.0,0.0,0.0,0.0,0.0,0.0,0.0,0.0,0.0,59.6,68,11,65509,41,65476,0,300,0,0,8,20529,65476,0,0,61604,60.0,0.0,0.0,0.0,0.0,0.0
2026-04-04T11:37:26,ERR,ERR,ERR,ERR,ERR,ERR,ERR,ERR,ERR,ERR,ERR,ERR,ERR,ERR,ERR,ERR,ERR,ERR,ERR,ERR,ERR,ERR,ERR,ERR,ERR,ERR,ERR,ERR,ERR,ERR,ERR,ERR,ERR,ERR,ERR,ERR,ERR,ERR,ERR,ERR,ERR,ERR,ERR,ERR,ERR,ERR,ERR,ERR,ERR,ERR,ERR,ERR,ERR,ERR,ERR,ERR,ERR,ERR,ERR,ERR,ERR,ERR,ERR,ERR,ERR,ERR,ERR,ERR,ERR,ERR,ERR,ERR,ERR,ERR,ERR,ERR,ERR,ERR,ERR,ERR,ERR,ERR,ERR,ERR,ERR,ERR,ERR,ERR,ERR,ERR,ERR,ERR,ERR,ERR,ERR,ERR,ERR,ERR,ERR,ERR,ERR,ERR,ERR,ERR,ERR,ERR,ERR,ERR,ERR,ERR,ERR,ERR,ERR,ERR,ERR,ERR,ERR,ERR,ERR,ERR,ERR,ERR,ERR,ERR,ERR,0.0,-0.0,-101055584.0,0.0,0.0,0.0,0.0,nan,0,0,0,32768,0,0.0,0,0.0,0.0,0.0,0.0,0.0,0,0,0,0,0.0,0,0,0,0,0,0,0,0,0,0,0,0,0,0,0,0,0,0,0,0,0,0,0,0,0,0,0,0,0,0,0,0,0,0,0,0,0,0,0,0,0,0,0,0,0.0,0.0,0.0,0.0,0.0,0.0,0.0,0.0,0.0,0.0,0.0,0.0,0.0,0.0,0.0,0.0,0.0,0.0,0.0,0.0,0.0,0.0,-0.0,-2.004,-2.004,-0.0,0.0,0.0,0.0,0.0,3363.5,-1.587915374909487e+29,0.0,0.0,-0.0,-0.0,2.7184274988523002e+23,0.0,0.0,0.0,0.0,0,-0.0,0.0,0.0,0.0,0.0,0.0,0.0,0.0,0.0,0,0,0,0.0,0.0,0.0,0.0,0.0,0.0,0.0,0.0,0.0,0.0,0.0,0.0,0.0,0.0,0.0,0.0,0,-107875648.0,0,0.0,0,-107875648.0,-107877712.0,0,0,17039,13107,17053,39322,17037,0,0,0,110,100,100,0.0,64.0,0.0,64.9,-107615304.0,68.5,1,49,50,180,0,26215,0,0,0.0,0.0,0.0,0.0,-3628560707223552.0,65.0,0.0,0.0,0.0,645,0,687,0,0,0,715,0,786,0,708,0,689,0,645,0,641,0,618,0.032,36962304.0,-0.0,0.0,36368,16788,-1075921152.0,0.0,-0.0,-0.021,-0.0,-5.162296084130693e+17,29.0,60.0,70,0.0,0.0,0.0,0.0,0.0,0.0,0.0,0.0,0.0,0.0,0.0,0.0,0.0,0.0,0.0,0.0,59.2,68,11,65509,41,65476,0,300,0,0,8,20529,65476,0,0,61604,60.0,0.0,0.0,0.0,0.0,0.0
2026-04-04T11:37:27,ERR,ERR,ERR,ERR,ERR,ERR,ERR,ERR,ERR,ERR,ERR,ERR,ERR,ERR,ERR,ERR,ERR,ERR,ERR,ERR,ERR,ERR,ERR,ERR,ERR,ERR,ERR,ERR,ERR,ERR,ERR,ERR,ERR,ERR,ERR,ERR,ERR,ERR,ERR,ERR,ERR,ERR,ERR,ERR,ERR,ERR,ERR,ERR,ERR,ERR,ERR,ERR,ERR,ERR,ERR,ERR,ERR,ERR,ERR,ERR,ERR,ERR,ERR,ERR,ERR,ERR,ERR,ERR,ERR,ERR,ERR,ERR,ERR,ERR,ERR,ERR,ERR,ERR,ERR,ERR,ERR,ERR,ERR,ERR,ERR,ERR,ERR,ERR,ERR,ERR,ERR,ERR,ERR,ERR,ERR,ERR,ERR,ERR,ERR,ERR,ERR,ERR,ERR,ERR,ERR,ERR,ERR,ERR,ERR,ERR,ERR,ERR,ERR,ERR,ERR,ERR,ERR,ERR,ERR,ERR,ERR,ERR,ERR,ERR,ERR,0.0,-0.0,-101055584.0,0.0,0.0,0.0,0.0,nan,0,0,0,32768,0,0.0,0,0.0,0.0,0.0,0.0,0.0,0,0,0,0,0.0,0,0,0,0,0,0,0,0,0,0,0,0,0,0,0,0,0,0,0,0,0,0,0,0,0,0,0,0,0,0,0,0,0,0,0,0,0,0,0,0,0,0,0,0,0.0,0.0,0.0,0.0,0.0,0.0,0.0,0.0,0.0,0.0,0.0,0.0,0.0,0.0,0.0,0.0,0.0,0.0,0.0,0.0,0.0,0.0,-0.0,-2.004,-2.004,-0.0,0.0,0.0,0.0,0.0,3363.5,-1.587915374909487e+29,0.0,0.0,-0.0,-0.0,2.7184274988523002e+23,0.0,0.0,0.0,0.0,0,-0.0,0.0,0.0,0.0,0.0,0.0,0.0,0.0,0.0,0,0,0,0.0,0.0,0.0,0.0,0.0,0.0,0.0,0.0,0.0,0.0,0.0,0.0,0.0,0.0,0.0,0.0,0,-107875648.0,0,0.0,0,-107875648.0,-107877712.0,0,0,17039,13107,17053,39322,17037,0,0,0,110,100,100,0.0,64.0,0.0,64.9,-107615304.0,68.5,1,49,50,180,0,26215,0,0,0.0,0.0,0.0,0.0,-1919833469878272.0,65.0,0.0,0.0,0.0,645,0,687,0,0,0,715,0,786,0,708,0,689,0,645,0,641,0,618,0.032,36700160.0,-0.0,0.0,55440,16788,-1.3651168876737223e+23,0.0,1.8943539092547174e+17,2.235914612229182e+35,3.895,-0.0,29.0,60.0,70,0.0,0.0,0.0,0.0,0.0,0.0,0.0,0.0,0.0,0.0,0.0,0.0,0.0,0.0,0.0,0.0,59.2,68,11,65509,41,65476,0,300,0,0,8,20529,65476,0,0,61604,60.0,0.0,0.0,0.0,0.0,0.0
2026-04-04T11:37:28,ERR,ERR,ERR,ERR,ERR,ERR,ERR,ERR,ERR,ERR,ERR,ERR,ERR,ERR,ERR,ERR,ERR,ERR,ERR,ERR,ERR,ERR,ERR,ERR,ERR,ERR,ERR,ERR,ERR,ERR,ERR,ERR,ERR,ERR,ERR,ERR,ERR,ERR,ERR,ERR,ERR,ERR,ERR,ERR,ERR,ERR,ERR,ERR,ERR,ERR,ERR,ERR,ERR,ERR,ERR,ERR,ERR,ERR,ERR,ERR,ERR,ERR,ERR,ERR,ERR,ERR,ERR,ERR,ERR,ERR,ERR,ERR,ERR,ERR,ERR,ERR,ERR,ERR,ERR,ERR,ERR,ERR,ERR,ERR,ERR,ERR,ERR,ERR,ERR,ERR,ERR,ERR,ERR,ERR,ERR,ERR,ERR,ERR,ERR,ERR,ERR,ERR,ERR,ERR,ERR,ERR,ERR,ERR,ERR,ERR,ERR,ERR,ERR,ERR,ERR,ERR,ERR,ERR,ERR,ERR,ERR,ERR,ERR,ERR,ERR,0.0,-0.0,-101055584.0,0.0,0.0,0.0,0.0,nan,0,0,0,32768,0,0.0,0,0.0,0.0,0.0,0.0,0.0,0,0,0,0,0.0,0,0,0,0,0,0,0,0,0,0,0,0,0,0,0,0,0,0,0,0,0,0,0,0,0,0,0,0,0,0,0,0,0,0,0,0,0,0,0,0,0,0,0,0,0.0,0.0,0.0,0.0,0.0,0.0,0.0,0.0,0.0,0.0,0.0,0.0,0.0,0.0,0.0,0.0,0.0,0.0,0.0,0.0,0.0,0.0,-0.0,-2.004,-2.004,-0.0,0.0,0.0,0.0,0.0,3363.5,-1.587915374909487e+29,0.0,0.0,-0.0,-0.0,2.7184274988523002e+23,0.0,0.0,0.0,0.0,0,-0.0,0.0,0.0,0.0,0.0,0.0,0.0,0.0,0.0,0,0,0,0.0,0.0,0.0,0.0,0.0,0.0,0.0,0.0,0.0,0.0,0.0,0.0,0.0,0.0,0.0,0.0,0,-107875648.0,0,0.0,0,-107875648.0,-107877712.0,0,0,17039,13107,17053,39322,17037,0,0,0,110,100,100,0.0,64.0,0.0,64.9,-107615304.0,68.5,1,49,50,180,0,26215,0,0,0.0,0.0,0.0,0.0,-1919833469878272.0,65.0,0.0,0.0,0.0,645,0,687,0,0,0,715,0,786,0,708,0,689,0,645,0,641,0,618,0.032,36700160.0,-0.0,0.0,55440,16788,-1.3651168876737223e+23,0.0,1.8943539092547174e+17,2.235914612229182e+35,3.895,-0.0,29.0,60.0,70,0.0,0.0,0.0,0.0,0.0,0.0,0.0,0.0,0.0,0.0,0.0,0.0,0.0,0.0,0.0,0.0,59.2,68,11,65509,41,65476,0,300,0,0,8,20529,65476,0,0,61604,60.0,0.0,0.0,0.0,0.0,0.0
2026-04-04T11:37:29,ERR,ERR,ERR,ERR,ERR,ERR,ERR,ERR,ERR,ERR,ERR,ERR,ERR,ERR,ERR,ERR,ERR,ERR,ERR,ERR,ERR,ERR,ERR,ERR,ERR,ERR,ERR,ERR,ERR,ERR,ERR,ERR,ERR,ERR,ERR,ERR,ERR,ERR,ERR,ERR,ERR,ERR,ERR,ERR,ERR,ERR,ERR,ERR,ERR,ERR,ERR,ERR,ERR,ERR,ERR,ERR,ERR,ERR,ERR,ERR,ERR,ERR,ERR,ERR,ERR,ERR,ERR,ERR,ERR,ERR,ERR,ERR,ERR,ERR,ERR,ERR,ERR,ERR,ERR,ERR,ERR,ERR,ERR,ERR,ERR,ERR,ERR,ERR,ERR,ERR,ERR,ERR,ERR,ERR,ERR,ERR,ERR,ERR,ERR,ERR,ERR,ERR,ERR,ERR,ERR,ERR,ERR,ERR,ERR,ERR,ERR,ERR,ERR,ERR,ERR,ERR,ERR,ERR,ERR,ERR,ERR,ERR,ERR,ERR,ERR,0.0,-0.0,-101055584.0,0.0,0.0,0.0,0.0,nan,0,0,0,32768,0,0.0,0,0.0,0.0,0.0,0.0,0.0,0,0,0,0,0.0,0,0,0,0,0,0,0,0,0,0,0,0,0,0,0,0,0,0,0,0,0,0,0,0,0,0,0,0,0,0,0,0,0,0,0,0,0,0,0,0,0,0,0,0,0.0,0.0,0.0,0.0,0.0,0.0,0.0,0.0,0.0,0.0,0.0,0.0,0.0,0.0,0.0,0.0,0.0,0.0,0.0,0.0,0.0,0.0,-0.0,-2.004,-2.004,-0.0,0.0,0.0,0.0,0.0,3363.5,-1.587915374909487e+29,0.0,0.0,-0.0,-0.0,2.7184274988523002e+23,0.0,0.0,0.0,0.0,0,-0.0,0.0,0.0,0.0,0.0,0.0,0.0,0.0,0.0,0,0,0,0.0,0.0,0.0,0.0,0.0,0.0,0.0,0.0,0.0,0.0,0.0,0.0,0.0,0.0,0.0,0.0,0,-107875648.0,0,0.0,0,-107875648.0,-107877712.0,0,0,17039,13107,17053,39322,17037,0,0,0,110,100,100,0.0,64.0,0.0,64.9,-107615304.0,68.5,1,49,50,180,0,26215,0,0,0.0,0.0,0.0,0.0,-1919833469878272.0,65.0,0.0,0.0,0.0,645,0,687,0,0,0,715,0,786,0,708,0,689,0,645,0,641,0,618,0.032,36700160.0,-0.0,0.0,55440,16788,-1.3651168876737223e+23,0.0,1.8943539092547174e+17,2.235914612229182e+35,3.895,-0.0,29.0,60.0,70,0.0,0.0,0.0,0.0,0.0,0.0,0.0,0.0,0.0,0.0,0.0,0.0,0.0,0.0,0.0,0.0,59.2,68,11,65509,41,65476,0,300,0,0,8,20529,65476,0,0,61604,60.0,0.0,0.0,0.0,0.0,0.0
2026-04-04T11:37:30,ERR,ERR,ERR,ERR,ERR,ERR,ERR,ERR,ERR,ERR,ERR,ERR,ERR,ERR,ERR,ERR,ERR,ERR,ERR,ERR,ERR,ERR,ERR,ERR,ERR,ERR,ERR,ERR,ERR,ERR,ERR,ERR,ERR,ERR,ERR,ERR,ERR,ERR,ERR,ERR,ERR,ERR,ERR,ERR,ERR,ERR,ERR,ERR,ERR,ERR,ERR,ERR,ERR,ERR,ERR,ERR,ERR,ERR,ERR,ERR,ERR,ERR,ERR,ERR,ERR,ERR,ERR,ERR,ERR,ERR,ERR,ERR,ERR,ERR,ERR,ERR,ERR,ERR,ERR,ERR,ERR,ERR,ERR,ERR,ERR,ERR,ERR,ERR,ERR,ERR,ERR,ERR,ERR,ERR,ERR,ERR,ERR,ERR,ERR,ERR,ERR,ERR,ERR,ERR,ERR,ERR,ERR,ERR,ERR,ERR,ERR,ERR,ERR,ERR,ERR,ERR,ERR,ERR,ERR,ERR,ERR,ERR,ERR,ERR,ERR,0.0,-0.0,-101055584.0,0.0,0.0,0.0,0.0,nan,0,0,0,32768,0,0.0,0,0.0,0.0,0.0,0.0,0.0,0,0,0,0,0.0,0,0,0,0,0,0,0,0,0,0,0,0,0,0,0,0,0,0,0,0,0,0,0,0,0,0,0,0,0,0,0,0,0,0,0,0,0,0,0,0,0,0,0,0,0.0,0.0,0.0,0.0,0.0,0.0,0.0,0.0,0.0,0.0,0.0,0.0,0.0,0.0,0.0,0.0,0.0,0.0,0.0,0.0,0.0,0.0,-0.0,-2.004,-2.004,-0.0,0.0,0.0,0.0,0.0,3368.0,-3.6971535880805155e+19,0.0,0.0,-0.0,-0.0,2.7184274988523002e+23,0.0,0.0,0.0,0.0,0,-2.3088382548096162e+20,-4.950375985435095e+32,0.0,0.0,0.0,0.0,0.0,0.0,0.0,0,0,0,0.0,0.0,0.0,0.0,0.0,0.0,0.0,0.0,0.0,0.0,0.0,0.0,0.0,0.0,0.0,0.0,0,-107875648.0,0,0.0,0,-107875648.0,-107877712.0,0,0,17039,13107,17053,39322,17037,0,0,0,110,100,100,0.0,64.0,0.0,64.9,-107615304.0,68.5,1,49,50,180,0,26215,0,0,0.0,0.0,0.0,0.0,-1919833469878272.0,65.0,0.0,0.0,0.0,645,0,687,0,0,0,715,0,786,0,708,0,689,0,645,0,641,0,618,0.032,36700160.0,-0.0,0.0,55440,16788,-1.3651168876737223e+23,0.0,1.8943539092547174e+17,2.235914612229182e+35,3.895,-0.0,29.0,60.0,70,0.0,0.0,0.0,0.0,0.0,0.0,0.0,0.0,0.0,0.0,0.0,0.0,0.0,0.0,0.0,0.0,59.2,68,11,65509,41,65476,0,300,0,0,8,20529,65476,0,0,61604,60.0,0.0,0.0,0.0,0.0,0.0
2026-04-04T11:37:31,ERR,ERR,ERR,ERR,ERR,ERR,ERR,ERR,ERR,ERR,ERR,ERR,ERR,ERR,ERR,ERR,ERR,ERR,ERR,ERR,ERR,ERR,ERR,ERR,ERR,ERR,ERR,ERR,ERR,ERR,ERR,ERR,ERR,ERR,ERR,ERR,ERR,ERR,ERR,ERR,ERR,ERR,ERR,ERR,ERR,ERR,ERR,ERR,ERR,ERR,ERR,ERR,ERR,ERR,ERR,ERR,ERR,ERR,ERR,ERR,ERR,ERR,ERR,ERR,ERR,ERR,ERR,ERR,ERR,ERR,ERR,ERR,ERR,ERR,ERR,ERR,ERR,ERR,ERR,ERR,ERR,ERR,ERR,ERR,ERR,ERR,ERR,ERR,ERR,ERR,ERR,ERR,ERR,ERR,ERR,ERR,ERR,ERR,ERR,ERR,ERR,ERR,ERR,ERR,ERR,ERR,ERR,ERR,ERR,ERR,ERR,ERR,ERR,ERR,ERR,ERR,ERR,ERR,ERR,ERR,ERR,ERR,ERR,ERR,ERR,0.0,-0.0,-101055584.0,0.0,0.0,0.0,0.0,nan,0,0,0,32768,0,0.0,0,0.0,0.0,0.0,0.0,0.0,0,0,0,0,0.0,0,0,0,0,0,0,0,0,0,0,0,0,0,0,0,0,0,0,0,0,0,0,0,0,0,0,0,0,0,0,0,0,0,0,0,0,0,0,0,0,0,0,0,0,0.0,0.0,0.0,0.0,0.0,0.0,0.0,0.0,0.0,0.0,0.0,0.0,0.0,0.0,0.0,0.0,0.0,0.0,0.0,0.0,0.0,0.0,-0.0,-2.004,-2.004,-0.0,0.0,0.0,0.0,0.0,3368.0,-3.6971535880805155e+19,0.0,0.0,-0.0,-0.0,2.7184274988523002e+23,0.0,0.0,0.0,0.0,0,-2.3088382548096162e+20,-4.950375985435095e+32,0.0,0.0,0.0,0.0,0.0,0.0,0.0,0,0,0,0.0,0.0,0.0,0.0,0.0,0.0,0.0,0.0,0.0,0.0,0.0,0.0,0.0,0.0,0.0,0.0,0,-107875648.0,0,0.0,0,-107875648.0,-107877712.0,0,0,17039,13107,17053,39322,17037,0,0,0,110,100,100,0.0,64.0,0.0,64.9,-107615304.0,68.5,1,49,50,180,0,26215,0,0,0.0,0.0,0.0,0.0,-1919833469878272.0,65.0,0.0,0.0,0.0,645,0,687,0,0,0,715,0,786,0,708,0,689,0,645,0,641,0,618,0.032,36700160.0,-0.0,0.0,55440,16788,-1.3651168876737223e+23,0.0,1.8943539092547174e+17,2.235914612229182e+35,3.895,-0.0,29.0,60.0,70,0.0,0.0,0.0,0.0,0.0,0.0,0.0,0.0,0.0,0.0,0.0,0.0,0.0,0.0,0.0,0.0,59.6,68,11,65509,41,65476,0,300,0,0,8,20529,65476,0,0,61604,60.0,0.0,0.0,0.0,0.0,0.0
2026-04-04T11:37:32,ERR,ERR,ERR,ERR,ERR,ERR,ERR,ERR,ERR,ERR,ERR,ERR,ERR,ERR,ERR,ERR,ERR,ERR,ERR,ERR,ERR,ERR,ERR,ERR,ERR,ERR,ERR,ERR,ERR,ERR,ERR,ERR,ERR,ERR,ERR,ERR,ERR,ERR,ERR,ERR,ERR,ERR,ERR,ERR,ERR,ERR,ERR,ERR,ERR,ERR,ERR,ERR,ERR,ERR,ERR,ERR,ERR,ERR,ERR,ERR,ERR,ERR,ERR,ERR,ERR,ERR,ERR,ERR,ERR,ERR,ERR,ERR,ERR,ERR,ERR,ERR,ERR,ERR,ERR,ERR,ERR,ERR,ERR,ERR,ERR,ERR,ERR,ERR,ERR,ERR,ERR,ERR,ERR,ERR,ERR,ERR,ERR,ERR,ERR,ERR,ERR,ERR,ERR,ERR,ERR,ERR,ERR,ERR,ERR,ERR,ERR,ERR,ERR,ERR,ERR,ERR,ERR,ERR,ERR,ERR,ERR,ERR,ERR,ERR,ERR,0.0,-0.0,-101055584.0,0.0,0.0,0.0,0.0,nan,0,0,0,32768,0,0.0,0,0.0,0.0,0.0,0.0,0.0,0,0,0,0,0.0,0,0,0,0,0,0,0,0,0,0,0,0,0,0,0,0,0,0,0,0,0,0,0,0,0,0,0,0,0,0,0,0,0,0,0,0,0,0,0,0,0,0,0,0,0.0,0.0,0.0,0.0,0.0,0.0,0.0,0.0,0.0,0.0,0.0,0.0,0.0,0.0,0.0,0.0,0.0,0.0,0.0,0.0,0.0,0.0,-0.0,-2.004,-2.004,-0.0,0.0,0.0,0.0,0.0,3368.0,-3.6971535880805155e+19,0.0,0.0,-0.0,-0.0,2.7184274988523002e+23,0.0,0.0,0.0,0.0,0,-2.3088382548096162e+20,-4.950375985435095e+32,0.0,0.0,0.0,0.0,0.0,0.0,0.0,0,0,0,0.0,0.0,0.0,0.0,0.0,0.0,0.0,0.0,0.0,0.0,0.0,0.0,0.0,0.0,0.0,0.0,0,-107875648.0,0,0.0,0,-107875648.0,-107877712.0,0,0,17039,13107,17053,39322,17037,0,0,0,110,100,100,0.0,64.0,0.0,64.9,-107615304.0,68.5,1,49,50,180,0,26215,0,0,0.0,0.0,0.0,0.0,-2.050464396567888e+38,65.0,0.0,0.0,0.0,645,0,687,0,0,0,715,0,787,0,708,0,689,0,645,0,641,0,618,0.032,36962304.0,-0.0,0.0,58256,16788,-2.98381840776403e+27,0.0,1.8724143436699687e+29,9.931645043772004e+22,386416928.0,-0.0,29.0,60.0,70,0.0,0.0,0.0,0.0,0.0,0.0,0.0,0.0,0.0,0.0,0.0,0.0,0.0,0.0,0.0,0.0,59.6,68,11,65509,41,65476,0,300,0,0,8,20529,65476,0,0,61604,60.0,0.0,0.0,0.0,0.0,0.0
2026-04-04T11:37:33,ERR,ERR,ERR,ERR,ERR,ERR,ERR,ERR,ERR,ERR,ERR,ERR,ERR,ERR,ERR,ERR,ERR,ERR,ERR,ERR,ERR,ERR,ERR,ERR,ERR,ERR,ERR,ERR,ERR,ERR,ERR,ERR,ERR,ERR,ERR,ERR,ERR,ERR,ERR,ERR,ERR,ERR,ERR,ERR,ERR,ERR,ERR,ERR,ERR,ERR,ERR,ERR,ERR,ERR,ERR,ERR,ERR,ERR,ERR,ERR,ERR,ERR,ERR,ERR,ERR,ERR,ERR,ERR,ERR,ERR,ERR,ERR,ERR,ERR,ERR,ERR,ERR,ERR,ERR,ERR,ERR,ERR,ERR,ERR,ERR,ERR,ERR,ERR,ERR,ERR,ERR,ERR,ERR,ERR,ERR,ERR,ERR,ERR,ERR,ERR,ERR,ERR,ERR,ERR,ERR,ERR,ERR,ERR,ERR,ERR,ERR,ERR,ERR,ERR,ERR,ERR,ERR,ERR,ERR,ERR,ERR,ERR,ERR,ERR,ERR,0.0,-0.0,-101055584.0,0.0,0.0,0.0,0.0,nan,0,0,0,32768,0,0.0,0,0.0,0.0,0.0,0.0,0.0,0,0,0,0,0.0,0,0,0,0,0,0,0,0,0,0,0,0,0,0,0,0,0,0,0,0,0,0,0,0,0,0,0,0,0,0,0,0,0,0,0,0,0,0,0,0,0,0,0,0,0.0,0.0,0.0,0.0,0.0,0.0,0.0,0.0,0.0,0.0,0.0,0.0,0.0,0.0,0.0,0.0,0.0,0.0,0.0,0.0,0.0,0.0,-0.0,-2.004,-2.004,-0.0,0.0,0.0,0.0,0.0,3368.0,-3.6971535880805155e+19,0.0,0.0,-0.0,-0.0,2.7184274988523002e+23,0.0,0.0,0.0,0.0,0,-2.3088382548096162e+20,-4.950375985435095e+32,0.0,0.0,0.0,0.0,0.0,0.0,0.0,0,0,0,0.0,0.0,0.0,0.0,0.0,0.0,0.0,0.0,0.0,0.0,0.0,0.0,0.0,0.0,0.0,0.0,0,-107875648.0,0,0.0,0,-107875648.0,-107877712.0,0,0,17039,13107,17053,39322,17037,0,0,0,110,100,100,0.0,64.0,0.0,64.9,-107615304.0,68.5,1,49,50,180,0,26215,0,0,0.0,0.0,0.0,0.0,-2.050464396567888e+38,65.0,0.0,0.0,0.0,645,0,687,0,0,0,715,0,787,0,708,0,689,0,645,0,641,0,618,0.032,36962304.0,-0.0,0.0,58256,16788,-2.98381840776403e+27,0.0,1.8724143436699687e+29,9.931645043772004e+22,386416928.0,-0.0,29.0,60.0,70,0.0,0.0,0.0,0.0,0.0,0.0,0.0,0.0,0.0,0.0,0.0,0.0,0.0,0.0,0.0,0.0,59.6,68,11,65509,41,65476,0,300,0,0,8,20529,65476,0,0,61604,60.0,0.0,0.0,0.0,0.0,0.0
2026-04-04T11:37:34,ERR,ERR,ERR,ERR,ERR,ERR,ERR,ERR,ERR,ERR,ERR,ERR,ERR,ERR,ERR,ERR,ERR,ERR,ERR,ERR,ERR,ERR,ERR,ERR,ERR,ERR,ERR,ERR,ERR,ERR,ERR,ERR,ERR,ERR,ERR,ERR,ERR,ERR,ERR,ERR,ERR,ERR,ERR,ERR,ERR,ERR,ERR,ERR,ERR,ERR,ERR,ERR,ERR,ERR,ERR,ERR,ERR,ERR,ERR,ERR,ERR,ERR,ERR,ERR,ERR,ERR,ERR,ERR,ERR,ERR,ERR,ERR,ERR,ERR,ERR,ERR,ERR,ERR,ERR,ERR,ERR,ERR,ERR,ERR,ERR,ERR,ERR,ERR,ERR,ERR,ERR,ERR,ERR,ERR,ERR,ERR,ERR,ERR,ERR,ERR,ERR,ERR,ERR,ERR,ERR,ERR,ERR,ERR,ERR,ERR,ERR,ERR,ERR,ERR,ERR,ERR,ERR,ERR,ERR,ERR,ERR,ERR,ERR,ERR,ERR,0.0,-0.0,-101055584.0,0.0,0.0,0.0,0.0,nan,0,0,0,32768,0,0.0,0,0.0,0.0,0.0,0.0,0.0,0,0,0,0,0.0,0,0,0,0,0,0,0,0,0,0,0,0,0,0,0,0,0,0,0,0,0,0,0,0,0,0,0,0,0,0,0,0,0,0,0,0,0,0,0,0,0,0,0,0,0.0,0.0,0.0,0.0,0.0,0.0,0.0,0.0,0.0,0.0,0.0,0.0,0.0,0.0,0.0,0.0,0.0,0.0,0.0,0.0,0.0,0.0,-0.0,-2.004,-2.004,-0.0,0.0,0.0,0.0,0.0,3368.0,-3.6971535880805155e+19,0.0,0.0,-0.0,-0.0,2.7184274988523002e+23,0.0,0.0,0.0,0.0,0,-2.3088382548096162e+20,-4.950375985435095e+32,0.0,0.0,0.0,0.0,0.0,0.0,0.0,0,0,0,0.0,0.0,0.0,0.0,0.0,0.0,0.0,0.0,0.0,0.0,0.0,0.0,0.0,0.0,0.0,0.0,0,-107875648.0,0,0.0,0,-107875648.0,-107877712.0,0,0,17039,13107,17053,39322,17037,0,0,0,110,100,100,0.0,64.0,0.0,64.9,-107615304.0,68.5,1,49,50,180,0,26215,0,0,0.0,0.0,0.0,0.0,-2.050464396567888e+38,65.0,0.0,0.0,0.0,645,0,687,0,0,0,715,0,787,0,708,0,689,0,645,0,641,0,618,0.032,36962304.0,-0.0,0.0,58256,16788,-2.98381840776403e+27,0.0,1.8724143436699687e+29,9.931645043772004e+22,386416928.0,-0.0,29.0,60.0,70,0.0,0.0,0.0,0.0,0.0,0.0,0.0,0.0,0.0,0.0,0.0,0.0,0.0,0.0,0.0,0.0,59.2,68,11,65509,41,65476,0,300,0,0,8,20529,65476,0,0,61604,60.0,0.0,0.0,0.0,0.0,0.0
2026-04-04T11:37:35,ERR,ERR,ERR,ERR,ERR,ERR,ERR,ERR,ERR,ERR,ERR,ERR,ERR,ERR,ERR,ERR,ERR,ERR,ERR,ERR,ERR,ERR,ERR,ERR,ERR,ERR,ERR,ERR,ERR,ERR,ERR,ERR,ERR,ERR,ERR,ERR,ERR,ERR,ERR,ERR,ERR,ERR,ERR,ERR,ERR,ERR,ERR,ERR,ERR,ERR,ERR,ERR,ERR,ERR,ERR,ERR,ERR,ERR,ERR,ERR,ERR,ERR,ERR,ERR,ERR,ERR,ERR,ERR,ERR,ERR,ERR,ERR,ERR,ERR,ERR,ERR,ERR,ERR,ERR,ERR,ERR,ERR,ERR,ERR,ERR,ERR,ERR,ERR,ERR,ERR,ERR,ERR,ERR,ERR,ERR,ERR,ERR,ERR,ERR,ERR,ERR,ERR,ERR,ERR,ERR,ERR,ERR,ERR,ERR,ERR,ERR,ERR,ERR,ERR,ERR,ERR,ERR,ERR,ERR,ERR,ERR,ERR,ERR,ERR,ERR,0.0,-0.0,-101055584.0,0.0,0.0,0.0,0.0,nan,0,0,0,32768,0,0.0,0,0.0,0.0,0.0,0.0,0.0,0,0,0,0,0.0,0,0,0,0,0,0,0,0,0,0,0,0,0,0,0,0,0,0,0,0,0,0,0,0,0,0,0,0,0,0,0,0,0,0,0,0,0,0,0,0,0,0,0,0,0.0,0.0,0.0,0.0,0.0,0.0,0.0,0.0,0.0,0.0,0.0,0.0,0.0,0.0,0.0,0.0,0.0,0.0,0.0,0.0,0.0,0.0,-0.0,-2.004,-2.004,-0.0,0.0,0.0,0.0,0.0,3368.0,-3.6971535880805155e+19,0.0,0.0,-0.0,-0.0,2.7184274988523002e+23,0.0,0.0,0.0,0.0,0,-2.3088382548096162e+20,-4.950375985435095e+32,0.0,0.0,0.0,0.0,0.0,0.0,0.0,0,0,0,0.0,0.0,0.0,0.0,0.0,0.0,0.0,0.0,0.0,0.0,0.0,0.0,0.0,0.0,0.0,0.0,0,-107875648.0,0,0.0,0,-107875648.0,-107877712.0,0,0,17039,13107,17053,39322,17037,0,0,0,110,100,100,0.0,64.0,0.0,64.9,-107615304.0,68.5,1,49,50,180,0,26215,0,0,0.0,0.0,0.0,0.0,-2.050464396567888e+38,65.0,0.0,0.0,0.0,645,0,687,0,0,0,715,0,787,0,708,0,689,0,645,0,641,0,618,0.032,36962304.0,-0.0,0.0,58256,16788,-2.98381840776403e+27,0.0,1.8724143436699687e+29,9.931645043772004e+22,386416928.0,-0.0,29.0,60.0,70,0.0,0.0,0.0,0.0,0.0,0.0,0.0,0.0,0.0,0.0,0.0,0.0,0.0,0.0,0.0,0.0,59.2,68,11,65509,41,65476,0,300,0,0,8,20529,65476,0,0,61604,60.0,0.0,0.0,0.0,0.0,0.0
2026-04-04T11:37:36,ERR,ERR,ERR,ERR,ERR,ERR,ERR,ERR,ERR,ERR,ERR,ERR,ERR,ERR,ERR,ERR,ERR,ERR,ERR,ERR,ERR,ERR,ERR,ERR,ERR,ERR,ERR,ERR,ERR,ERR,ERR,ERR,ERR,ERR,ERR,ERR,ERR,ERR,ERR,ERR,ERR,ERR,ERR,ERR,ERR,ERR,ERR,ERR,ERR,ERR,ERR,ERR,ERR,ERR,ERR,ERR,ERR,ERR,ERR,ERR,ERR,ERR,ERR,ERR,ERR,ERR,ERR,ERR,ERR,ERR,ERR,ERR,ERR,ERR,ERR,ERR,ERR,ERR,ERR,ERR,ERR,ERR,ERR,ERR,ERR,ERR,ERR,ERR,ERR,ERR,ERR,ERR,ERR,ERR,ERR,ERR,ERR,ERR,ERR,ERR,ERR,ERR,ERR,ERR,ERR,ERR,ERR,ERR,ERR,ERR,ERR,ERR,ERR,ERR,ERR,ERR,ERR,ERR,ERR,ERR,ERR,ERR,ERR,ERR,ERR,0.0,-0.0,-101055584.0,0.0,0.0,0.0,0.0,nan,0,0,0,32768,0,0.0,0,0.0,0.0,0.0,0.0,0.0,0,0,0,0,0.0,0,0,0,0,0,0,0,0,0,0,0,0,0,0,0,0,0,0,0,0,0,0,0,0,0,0,0,0,0,0,0,0,0,0,0,0,0,0,0,0,0,0,0,0,0.0,0.0,0.0,0.0,0.0,0.0,0.0,0.0,0.0,0.0,0.0,0.0,0.0,0.0,0.0,0.0,0.0,0.0,0.0,0.0,0.0,0.0,-0.0,-2.004,-2.004,-0.0,0.0,0.0,0.0,0.0,3368.0,-3.6971535880805155e+19,0.0,0.0,-0.0,-0.0,2.7184274988523002e+23,0.0,0.0,0.0,0.0,0,-2.3088382548096162e+20,-4.950375985435095e+32,0.0,0.0,0.0,0.0,0.0,0.0,0.0,0,0,0,0.0,0.0,0.0,0.0,0.0,0.0,0.0,0.0,0.0,0.0,0.0,0.0,0.0,0.0,0.0,0.0,0,-107875648.0,0,0.0,0,-107875648.0,-107877712.0,0,0,17039,13107,17053,39322,17037,0,0,0,110,100,100,0.0,64.0,0.0,64.9,-107615304.0,68.5,1,49,50,180,0,26215,0,0,0.0,0.0,0.0,0.0,-2.050464396567888e+38,65.0,0.0,0.0,0.0,645,0,687,0,0,0,715,0,787,0,708,0,689,0,645,0,641,0,618,0.032,36962304.0,-0.0,0.0,58256,16788,-2.98381840776403e+27,0.0,1.8724143436699687e+29,9.931645043772004e+22,386416928.0,-0.0,29.0,60.0,70,0.0,0.0,0.0,0.0,0.0,0.0,0.0,0.0,0.0,0.0,0.0,0.0,0.0,0.0,0.0,0.0,59.2,68,11,65509,41,65476,0,300,0,0,8,20529,65476,0,0,61604,60.0,0.0,0.0,0.0,0.0,0.0
2026-04-04T11:37:37,ERR,ERR,ERR,ERR,ERR,ERR,ERR,ERR,ERR,ERR,ERR,ERR,ERR,ERR,ERR,ERR,ERR,ERR,ERR,ERR,ERR,ERR,ERR,ERR,ERR,ERR,ERR,ERR,ERR,ERR,ERR,ERR,ERR,ERR,ERR,ERR,ERR,ERR,ERR,ERR,ERR,ERR,ERR,ERR,ERR,ERR,ERR,ERR,ERR,ERR,ERR,ERR,ERR,ERR,ERR,ERR,ERR,ERR,ERR,ERR,ERR,ERR,ERR,ERR,ERR,ERR,ERR,ERR,ERR,ERR,ERR,ERR,ERR,ERR,ERR,ERR,ERR,ERR,ERR,ERR,ERR,ERR,ERR,ERR,ERR,ERR,ERR,ERR,ERR,ERR,ERR,ERR,ERR,ERR,ERR,ERR,ERR,ERR,ERR,ERR,ERR,ERR,ERR,ERR,ERR,ERR,ERR,ERR,ERR,ERR,ERR,ERR,ERR,ERR,ERR,ERR,ERR,ERR,ERR,ERR,ERR,ERR,ERR,ERR,ERR,0.0,-0.0,-101055584.0,0.0,0.0,0.0,0.0,nan,0,0,0,32768,0,0.0,0,0.0,0.0,0.0,0.0,0.0,0,0,0,0,0.0,0,0,0,0,0,0,0,0,0,0,0,0,0,0,0,0,0,0,0,0,0,0,0,0,0,0,0,0,0,0,0,0,0,0,0,0,0,0,0,0,0,0,0,0,0.0,0.0,0.0,0.0,0.0,0.0,0.0,0.0,0.0,0.0,0.0,0.0,0.0,0.0,0.0,0.0,0.0,0.0,0.0,0.0,0.0,0.0,-0.0,-2.004,-2.004,-0.0,0.0,0.0,0.0,0.0,3364.0,-1.587915374909487e+29,0.0,0.0,-0.0,-0.0,2.7184274988523002e+23,0.0,0.0,0.0,0.0,0,-0.0,-2.308816440498921e+20,0.0,0.0,0.0,0.0,0.0,0.0,0.0,0,0,0,0.0,0.0,0.0,0.0,0.0,0.0,0.0,0.0,0.0,0.0,0.0,0.0,0.0,0.0,0.0,0.0,0,-107875648.0,0,0.0,0,-107875648.0,-107877712.0,0,0,17039,13107,17053,39322,17037,0,0,0,110,100,100,0.0,64.0,0.0,64.9,-107615304.0,68.5,1,49,50,180,0,26215,0,0,0.0,0.0,0.0,0.0,-2.050464396567888e+38,65.0,0.0,0.0,0.0,645,0,687,0,0,0,715,0,787,0,708,0,689,0,645,0,641,0,618,0.032,36962304.0,-0.0,0.0,58256,16788,-2.98381840776403e+27,0.0,1.8724143436699687e+29,9.931645043772004e+22,386416928.0,-0.0,29.0,60.0,70,0.0,0.0,0.0,0.0,0.0,0.0,0.0,0.0,0.0,0.0,0.0,0.0,0.0,0.0,0.0,0.0,59.6,68,11,65509,41,65476,0,300,0,0,8,20529,65476,0,0,61604,60.0,0.0,0.0,0.0,0.0,0.0
2026-04-04T11:37:38,ERR,ERR,ERR,ERR,ERR,ERR,ERR,ERR,ERR,ERR,ERR,ERR,ERR,ERR,ERR,ERR,ERR,ERR,ERR,ERR,ERR,ERR,ERR,ERR,ERR,ERR,ERR,ERR,ERR,ERR,ERR,ERR,ERR,ERR,ERR,ERR,ERR,ERR,ERR,ERR,ERR,ERR,ERR,ERR,ERR,ERR,ERR,ERR,ERR,ERR,ERR,ERR,ERR,ERR,ERR,ERR,ERR,ERR,ERR,ERR,ERR,ERR,ERR,ERR,ERR,ERR,ERR,ERR,ERR,ERR,ERR,ERR,ERR,ERR,ERR,ERR,ERR,ERR,ERR,ERR,ERR,ERR,ERR,ERR,ERR,ERR,ERR,ERR,ERR,ERR,ERR,ERR,ERR,ERR,ERR,ERR,ERR,ERR,ERR,ERR,ERR,ERR,ERR,ERR,ERR,ERR,ERR,ERR,ERR,ERR,ERR,ERR,ERR,ERR,ERR,ERR,ERR,ERR,ERR,ERR,ERR,ERR,ERR,ERR,ERR,0.0,-0.0,-101055584.0,0.0,0.0,0.0,0.0,nan,0,0,0,32768,0,0.0,0,0.0,0.0,0.0,0.0,0.0,0,0,0,0,0.0,0,0,0,0,0,0,0,0,0,0,0,0,0,0,0,0,0,0,0,0,0,0,0,0,0,0,0,0,0,0,0,0,0,0,0,0,0,0,0,0,0,0,0,0,0.0,0.0,0.0,0.0,0.0,0.0,0.0,0.0,0.0,0.0,0.0,0.0,0.0,0.0,0.0,0.0,0.0,0.0,0.0,0.0,0.0,0.0,-0.0,-2.004,-2.004,-0.0,0.0,0.0,0.0,0.0,3364.0,-1.587915374909487e+29,0.0,0.0,-0.0,-0.0,2.7184274988523002e+23,0.0,0.0,0.0,0.0,0,-0.0,-2.308816440498921e+20,0.0,0.0,0.0,0.0,0.0,0.0,0.0,0,0,0,0.0,0.0,0.0,0.0,0.0,0.0,0.0,0.0,0.0,0.0,0.0,0.0,0.0,0.0,0.0,0.0,0,-107875648.0,0,0.0,0,-107875648.0,-107877712.0,0,0,17039,13107,17053,39322,17037,0,0,0,110,100,100,0.0,64.0,0.0,64.9,-107615304.0,68.5,1,49,50,180,0,26215,0,0,0.0,0.0,0.0,0.0,-3.5785720140234025e+28,65.0,0.0,-5.4239637488631055e+28,0.0,645,0,687,0,0,0,715,0,787,0,708,0,689,0,645,0,641,0,618,0.032,36700160.0,-0.0,0.0,48784,16788,-4.954177235068226e+33,-0.0,1.244,885100619235328.0,0.0,-0.0,29.0,60.0,70,0.0,0.0,0.0,0.0,0.0,0.0,0.0,0.0,0.0,0.0,0.0,0.0,0.0,0.0,0.0,0.0,59.6,68,11,65509,41,65476,0,300,0,0,8,20529,65476,0,0,61604,60.0,0.0,0.0,0.0,0.0,0.0
2026-04-04T11:37:39,ERR,ERR,ERR,ERR,ERR,ERR,ERR,ERR,ERR,ERR,ERR,ERR,ERR,ERR,ERR,ERR,ERR,ERR,ERR,ERR,ERR,ERR,ERR,ERR,ERR,ERR,ERR,ERR,ERR,ERR,ERR,ERR,ERR,ERR,ERR,ERR,ERR,ERR,ERR,ERR,ERR,ERR,ERR,ERR,ERR,ERR,ERR,ERR,ERR,ERR,ERR,ERR,ERR,ERR,ERR,ERR,ERR,ERR,ERR,ERR,ERR,ERR,ERR,ERR,ERR,ERR,ERR,ERR,ERR,ERR,ERR,ERR,ERR,ERR,ERR,ERR,ERR,ERR,ERR,ERR,ERR,ERR,ERR,ERR,ERR,ERR,ERR,ERR,ERR,ERR,ERR,ERR,ERR,ERR,ERR,ERR,ERR,ERR,ERR,ERR,ERR,ERR,ERR,ERR,ERR,ERR,ERR,ERR,ERR,ERR,ERR,ERR,ERR,ERR,ERR,ERR,ERR,ERR,ERR,ERR,ERR,ERR,ERR,ERR,ERR,0.0,-0.0,-101055584.0,0.0,0.0,0.0,0.0,nan,0,0,0,32768,0,0.0,0,0.0,0.0,0.0,0.0,0.0,0,0,0,0,0.0,0,0,0,0,0,0,0,0,0,0,0,0,0,0,0,0,0,0,0,0,0,0,0,0,0,0,0,0,0,0,0,0,0,0,0,0,0,0,0,0,0,0,0,0,0.0,0.0,0.0,0.0,0.0,0.0,0.0,0.0,0.0,0.0,0.0,0.0,0.0,0.0,0.0,0.0,0.0,0.0,0.0,0.0,0.0,0.0,-0.0,-2.004,-2.004,-0.0,0.0,0.0,0.0,0.0,3364.0,-1.587915374909487e+29,0.0,0.0,-0.0,-0.0,2.7184274988523002e+23,0.0,0.0,0.0,0.0,0,-0.0,-2.308816440498921e+20,0.0,0.0,0.0,0.0,0.0,0.0,0.0,0,0,0,0.0,0.0,0.0,0.0,0.0,0.0,0.0,0.0,0.0,0.0,0.0,0.0,0.0,0.0,0.0,0.0,0,-107875648.0,0,0.0,0,-107875648.0,-107877712.0,0,0,17039,13107,17053,39322,17037,0,0,0,110,100,100,0.0,64.0,0.0,64.9,-107615304.0,68.5,1,49,50,180,0,26215,0,0,0.0,0.0,0.0,0.0,-3.5785720140234025e+28,65.0,0.0,-5.4239637488631055e+28,0.0,645,0,687,0,0,0,715,0,787,0,708,0,689,0,645,0,641,0,618,0.032,36700160.0,-0.0,0.0,48784,16788,-4.954177235068226e+33,-0.0,1.244,885100619235328.0,0.0,-0.0,29.0,60.0,70,0.0,0.0,0.0,0.0,0.0,0.0,0.0,0.0,0.0,0.0,0.0,0.0,0.0,0.0,0.0,0.0,59.6,68,11,65509,41,65476,0,300,0,0,8,20529,65476,0,0,61604,60.0,0.0,0.0,0.0,0.0,0.0
2026-04-04T11:37:40,ERR,ERR,ERR,ERR,ERR,ERR,ERR,ERR,ERR,ERR,ERR,ERR,ERR,ERR,ERR,ERR,ERR,ERR,ERR,ERR,ERR,ERR,ERR,ERR,ERR,ERR,ERR,ERR,ERR,ERR,ERR,ERR,ERR,ERR,ERR,ERR,ERR,ERR,ERR,ERR,ERR,ERR,ERR,ERR,ERR,ERR,ERR,ERR,ERR,ERR,ERR,ERR,ERR,ERR,ERR,ERR,ERR,ERR,ERR,ERR,ERR,ERR,ERR,ERR,ERR,ERR,ERR,ERR,ERR,ERR,ERR,ERR,ERR,ERR,ERR,ERR,ERR,ERR,ERR,ERR,ERR,ERR,ERR,ERR,ERR,ERR,ERR,ERR,ERR,ERR,ERR,ERR,ERR,ERR,ERR,ERR,ERR,ERR,ERR,ERR,ERR,ERR,ERR,ERR,ERR,ERR,ERR,ERR,ERR,ERR,ERR,ERR,ERR,ERR,ERR,ERR,ERR,ERR,ERR,ERR,ERR,ERR,ERR,ERR,ERR,0.0,-0.0,-101055584.0,0.0,0.0,0.0,0.0,nan,0,0,0,32768,0,0.0,0,0.0,0.0,0.0,0.0,0.0,0,0,0,0,0.0,0,0,0,0,0,0,0,0,0,0,0,0,0,0,0,0,0,0,0,0,0,0,0,0,0,0,0,0,0,0,0,0,0,0,0,0,0,0,0,0,0,0,0,0,0.0,0.0,0.0,0.0,0.0,0.0,0.0,0.0,0.0,0.0,0.0,0.0,0.0,0.0,0.0,0.0,0.0,0.0,0.0,0.0,0.0,0.0,-0.0,-2.004,-2.004,-0.0,0.0,0.0,0.0,0.0,3364.0,-1.587915374909487e+29,0.0,0.0,-0.0,-0.0,2.7184274988523002e+23,0.0,0.0,0.0,0.0,0,-0.0,-2.308816440498921e+20,0.0,0.0,0.0,0.0,0.0,0.0,0.0,0,0,0,0.0,0.0,0.0,0.0,0.0,0.0,0.0,0.0,0.0,0.0,0.0,0.0,0.0,0.0,0.0,0.0,0,-107875648.0,0,0.0,0,-107875648.0,-107877712.0,0,0,17039,13107,17053,39322,17037,0,0,0,110,100,100,0.0,64.0,0.0,64.9,-107615304.0,68.5,1,49,50,180,0,26215,0,0,0.0,0.0,0.0,0.0,-3.5785720140234025e+28,65.0,0.0,-5.4239637488631055e+28,0.0,645,0,687,0,0,0,715,0,787,0,708,0,689,0,645,0,641,0,618,0.032,36700160.0,-0.0,0.0,48784,16788,-4.954177235068226e+33,-0.0,1.244,885100619235328.0,0.0,-0.0,29.0,60.0,70,0.0,0.0,0.0,0.0,0.0,0.0,0.0,0.0,0.0,0.0,0.0,0.0,0.0,0.0,0.0,0.0,59.6,68,11,65509,41,65476,0,300,0,0,8,20529,65476,0,0,61604,60.0,0.0,0.0,0.0,0.0,0.0
2026-04-04T11:37:41,ERR,ERR,ERR,ERR,ERR,ERR,ERR,ERR,ERR,ERR,ERR,ERR,ERR,ERR,ERR,ERR,ERR,ERR,ERR,ERR,ERR,ERR,ERR,ERR,ERR,ERR,ERR,ERR,ERR,ERR,ERR,ERR,ERR,ERR,ERR,ERR,ERR,ERR,ERR,ERR,ERR,ERR,ERR,ERR,ERR,ERR,ERR,ERR,ERR,ERR,ERR,ERR,ERR,ERR,ERR,ERR,ERR,ERR,ERR,ERR,ERR,ERR,ERR,ERR,ERR,ERR,ERR,ERR,ERR,ERR,ERR,ERR,ERR,ERR,ERR,ERR,ERR,ERR,ERR,ERR,ERR,ERR,ERR,ERR,ERR,ERR,ERR,ERR,ERR,ERR,ERR,ERR,ERR,ERR,ERR,ERR,ERR,ERR,ERR,ERR,ERR,ERR,ERR,ERR,ERR,ERR,ERR,ERR,ERR,ERR,ERR,ERR,ERR,ERR,ERR,ERR,ERR,ERR,ERR,ERR,ERR,ERR,ERR,ERR,ERR,0.0,-0.0,-101055584.0,0.0,0.0,0.0,0.0,nan,0,0,0,32768,0,0.0,0,0.0,0.0,0.0,0.0,0.0,0,0,0,0,0.0,0,0,0,0,0,0,0,0,0,0,0,0,0,0,0,0,0,0,0,0,0,0,0,0,0,0,0,0,0,0,0,0,0,0,0,0,0,0,0,0,0,0,0,0,0.0,0.0,0.0,0.0,0.0,0.0,0.0,0.0,0.0,0.0,0.0,0.0,0.0,0.0,0.0,0.0,0.0,0.0,0.0,0.0,0.0,0.0,-0.0,-2.004,-2.004,-0.0,0.0,0.0,0.0,0.0,3364.0,-1.587915374909487e+29,0.0,0.0,-0.0,-0.0,2.7184274988523002e+23,0.0,0.0,0.0,0.0,0,-0.0,-2.308816440498921e+20,0.0,0.0,0.0,0.0,0.0,0.0,0.0,0,0,0,0.0,0.0,0.0,0.0,0.0,0.0,0.0,0.0,0.0,0.0,0.0,0.0,0.0,0.0,0.0,0.0,0,-107875648.0,0,0.0,0,-107875648.0,-107877712.0,0,0,17039,13107,17053,39322,17037,0,0,0,110,100,100,0.0,64.0,0.0,64.9,-107615304.0,68.5,1,49,50,180,0,26215,0,0,0.0,0.0,0.0,0.0,-3.5785720140234025e+28,65.0,0.0,-5.4239637488631055e+28,0.0,645,0,687,0,0,0,715,0,787,0,708,0,689,0,645,0,641,0,618,0.032,36700160.0,-0.0,0.0,48784,16788,-4.954177235068226e+33,-0.0,1.244,885100619235328.0,0.0,-0.0,29.0,60.0,70,0.0,0.0,0.0,0.0,0.0,0.0,0.0,0.0,0.0,0.0,0.0,0.0,0.0,0.0,0.0,0.0,59.6,68,11,65509,41,65476,0,300,0,0,8,20529,65476,0,0,61604,60.0,0.0,0.0,0.0,0.0,0.0
2026-04-04T11:37:42,ERR,ERR,ERR,ERR,ERR,ERR,ERR,ERR,ERR,ERR,ERR,ERR,ERR,ERR,ERR,ERR,ERR,ERR,ERR,ERR,ERR,ERR,ERR,ERR,ERR,ERR,ERR,ERR,ERR,ERR,ERR,ERR,ERR,ERR,ERR,ERR,ERR,ERR,ERR,ERR,ERR,ERR,ERR,ERR,ERR,ERR,ERR,ERR,ERR,ERR,ERR,ERR,ERR,ERR,ERR,ERR,ERR,ERR,ERR,ERR,ERR,ERR,ERR,ERR,ERR,ERR,ERR,ERR,ERR,ERR,ERR,ERR,ERR,ERR,ERR,ERR,ERR,ERR,ERR,ERR,ERR,ERR,ERR,ERR,ERR,ERR,ERR,ERR,ERR,ERR,ERR,ERR,ERR,ERR,ERR,ERR,ERR,ERR,ERR,ERR,ERR,ERR,ERR,ERR,ERR,ERR,ERR,ERR,ERR,ERR,ERR,ERR,ERR,ERR,ERR,ERR,ERR,ERR,ERR,ERR,ERR,ERR,ERR,ERR,ERR,0.0,-0.0,-101055584.0,0.0,0.0,0.0,0.0,nan,0,0,0,32768,0,0.0,0,0.0,0.0,0.0,0.0,0.0,0,0,0,0,0.0,0,0,0,0,0,0,0,0,0,0,0,0,0,0,0,0,0,0,0,0,0,0,0,0,0,0,0,0,0,0,0,0,0,0,0,0,0,0,0,0,0,0,0,0,0.0,0.0,0.0,0.0,0.0,0.0,0.0,0.0,0.0,0.0,0.0,0.0,0.0,0.0,0.0,0.0,0.0,0.0,0.0,0.0,0.0,0.0,-0.0,-2.004,-2.004,-0.0,0.0,0.0,0.0,0.0,3364.0,-1.587915374909487e+29,0.0,0.0,-0.0,-0.0,2.7184274988523002e+23,0.0,0.0,0.0,0.0,0,-0.0,-2.308816440498921e+20,0.0,0.0,0.0,0.0,0.0,0.0,0.0,0,0,0,0.0,0.0,0.0,0.0,0.0,0.0,0.0,0.0,0.0,0.0,0.0,0.0,0.0,0.0,0.0,0.0,0,-107875648.0,0,0.0,0,-107875648.0,-107877712.0,0,0,17039,13107,17053,39322,17037,0,0,0,110,100,100,0.0,64.0,0.0,64.9,-107615304.0,68.5,1,49,50,180,0,26215,0,0,0.0,0.0,0.0,0.0,-3.5785720140234025e+28,65.0,0.0,-5.4239637488631055e+28,0.0,645,0,687,0,0,0,715,0,787,0,708,0,689,0,645,0,641,0,618,0.032,36700160.0,-0.0,0.0,48784,16788,-4.954177235068226e+33,-0.0,1.244,885100619235328.0,0.0,-0.0,29.0,60.0,70,0.0,0.0,0.0,0.0,0.0,0.0,0.0,0.0,0.0,0.0,0.0,0.0,0.0,0.0,0.0,0.0,59.6,68,11,65509,41,65476,0,300,0,0,8,20529,65476,0,0,61604,60.0,0.0,0.0,0.0,0.0,0.0
2026-04-04T11:37:43,ERR,ERR,ERR,ERR,ERR,ERR,ERR,ERR,ERR,ERR,ERR,ERR,ERR,ERR,ERR,ERR,ERR,ERR,ERR,ERR,ERR,ERR,ERR,ERR,ERR,ERR,ERR,ERR,ERR,ERR,ERR,ERR,ERR,ERR,ERR,ERR,ERR,ERR,ERR,ERR,ERR,ERR,ERR,ERR,ERR,ERR,ERR,ERR,ERR,ERR,ERR,ERR,ERR,ERR,ERR,ERR,ERR,ERR,ERR,ERR,ERR,ERR,ERR,ERR,ERR,ERR,ERR,ERR,ERR,ERR,ERR,ERR,ERR,ERR,ERR,ERR,ERR,ERR,ERR,ERR,ERR,ERR,ERR,ERR,ERR,ERR,ERR,ERR,ERR,ERR,ERR,ERR,ERR,ERR,ERR,ERR,ERR,ERR,ERR,ERR,ERR,ERR,ERR,ERR,ERR,ERR,ERR,ERR,ERR,ERR,ERR,ERR,ERR,ERR,ERR,ERR,ERR,ERR,ERR,ERR,ERR,ERR,ERR,ERR,ERR,0.0,-0.0,-101055584.0,0.0,0.0,0.0,0.0,nan,0,0,0,32768,0,0.0,0,0.0,0.0,0.0,0.0,0.0,0,0,0,0,0.0,0,0,0,0,0,0,0,0,0,0,0,0,0,0,0,0,0,0,0,0,0,0,0,0,0,0,0,0,0,0,0,0,0,0,0,0,0,0,0,0,0,0,0,0,0.0,0.0,0.0,0.0,0.0,0.0,0.0,0.0,0.0,0.0,0.0,0.0,0.0,0.0,0.0,0.0,0.0,0.0,0.0,0.0,0.0,0.0,-0.0,-2.004,-2.004,-0.0,0.0,0.0,0.0,0.0,3364.0,-1.587915374909487e+29,0.0,0.0,-0.0,-0.0,2.7184274988523002e+23,0.0,0.0,0.0,0.0,0,-0.0,-2.308816440498921e+20,0.0,0.0,0.0,0.0,0.0,0.0,0.0,0,0,0,0.0,0.0,0.0,0.0,0.0,0.0,0.0,0.0,0.0,0.0,0.0,0.0,0.0,0.0,0.0,0.0,0,-107875648.0,0,0.0,0,-107875648.0,-107877712.0,0,0,17039,13107,17053,39322,17037,0,0,0,110,100,100,0.0,64.0,0.0,64.9,-107615304.0,68.5,1,49,50,180,0,26215,0,0,0.0,0.0,0.0,0.0,-3.5785720140234025e+28,65.0,0.0,-5.4239637488631055e+28,0.0,645,0,687,0,0,0,715,0,787,0,708,0,689,0,645,0,641,0,618,0.032,36700160.0,-0.0,0.0,48784,16788,-4.954177235068226e+33,-0.0,1.244,885100619235328.0,0.0,-0.0,29.0,60.0,70,0.0,0.0,0.0,0.0,0.0,0.0,0.0,0.0,0.0,0.0,0.0,0.0,0.0,0.0,0.0,0.0,59.6,68,11,65509,41,65476,0,300,0,0,8,20529,65476,0,0,61604,60.0,0.0,0.0,0.0,0.0,0.0
2026-04-04T11:37:44,ERR,ERR,ERR,ERR,ERR,ERR,ERR,ERR,ERR,ERR,ERR,ERR,ERR,ERR,ERR,ERR,ERR,ERR,ERR,ERR,ERR,ERR,ERR,ERR,ERR,ERR,ERR,ERR,ERR,ERR,ERR,ERR,ERR,ERR,ERR,ERR,ERR,ERR,ERR,ERR,ERR,ERR,ERR,ERR,ERR,ERR,ERR,ERR,ERR,ERR,ERR,ERR,ERR,ERR,ERR,ERR,ERR,ERR,ERR,ERR,ERR,ERR,ERR,ERR,ERR,ERR,ERR,ERR,ERR,ERR,ERR,ERR,ERR,ERR,ERR,ERR,ERR,ERR,ERR,ERR,ERR,ERR,ERR,ERR,ERR,ERR,ERR,ERR,ERR,ERR,ERR,ERR,ERR,ERR,ERR,ERR,ERR,ERR,ERR,ERR,ERR,ERR,ERR,ERR,ERR,ERR,ERR,ERR,ERR,ERR,ERR,ERR,ERR,ERR,ERR,ERR,ERR,ERR,ERR,ERR,ERR,ERR,ERR,ERR,ERR,0.0,-0.0,-101055584.0,0.0,0.0,0.0,0.0,nan,0,0,0,32768,0,0.0,0,0.0,0.0,0.0,0.0,0.0,0,0,0,0,0.0,0,0,0,0,0,0,0,0,0,0,0,0,0,0,0,0,0,0,0,0,0,0,0,0,0,0,0,0,0,0,0,0,0,0,0,0,0,0,0,0,0,0,0,0,0.0,0.0,0.0,0.0,0.0,0.0,0.0,0.0,0.0,0.0,0.0,0.0,0.0,0.0,0.0,0.0,0.0,0.0,0.0,0.0,0.0,0.0,-0.0,-2.004,-2.004,-0.0,0.0,0.0,0.0,0.0,3364.0,-1.587915374909487e+29,0.0,0.0,-0.0,-0.0,2.7184274988523002e+23,0.0,0.0,0.0,0.0,0,-0.0,-2.308816440498921e+20,0.0,0.0,0.0,0.0,0.0,0.0,0.0,0,0,0,0.0,0.0,0.0,0.0,0.0,0.0,0.0,0.0,0.0,0.0,0.0,0.0,0.0,0.0,0.0,0.0,0,-107875648.0,0,0.0,0,-107875648.0,-107877712.0,0,0,17039,13107,17053,39322,17037,0,0,0,110,100,100,0.0,64.0,0.0,64.9,-107615304.0,68.5,1,49,50,180,0,26215,0,0,0.0,0.0,0.0,0.0,-7.821900926848939e+32,65.0,0.0,-2166910.5,0.0,645,0,687,0,0,0,715,0,787,0,708,0,689,0,645,0,641,0,618,0.032,36962304.0,-0.0,0.0,52368,16788,0.0,-20874228.0,1.1857332152847977e+28,3.834607861770527e+32,1319175296.0,-0.0,29.0,60.0,70,0.0,0.0,0.0,0.0,0.0,0.0,0.0,0.0,0.0,0.0,0.0,0.0,0.0,0.0,0.0,0.0,59.6,68,11,65509,41,65476,0,300,0,0,8,20529,65476,0,0,61604,60.0,0.0,0.0,0.0,0.0,0.0
2026-04-04T11:37:45,ERR,ERR,ERR,ERR,ERR,ERR,ERR,ERR,ERR,ERR,ERR,ERR,ERR,ERR,ERR,ERR,ERR,ERR,ERR,ERR,ERR,ERR,ERR,ERR,ERR,ERR,ERR,ERR,ERR,ERR,ERR,ERR,ERR,ERR,ERR,ERR,ERR,ERR,ERR,ERR,ERR,ERR,ERR,ERR,ERR,ERR,ERR,ERR,ERR,ERR,ERR,ERR,ERR,ERR,ERR,ERR,ERR,ERR,ERR,ERR,ERR,ERR,ERR,ERR,ERR,ERR,ERR,ERR,ERR,ERR,ERR,ERR,ERR,ERR,ERR,ERR,ERR,ERR,ERR,ERR,ERR,ERR,ERR,ERR,ERR,ERR,ERR,ERR,ERR,ERR,ERR,ERR,ERR,ERR,ERR,ERR,ERR,ERR,ERR,ERR,ERR,ERR,ERR,ERR,ERR,ERR,ERR,ERR,ERR,ERR,ERR,ERR,ERR,ERR,ERR,ERR,ERR,ERR,ERR,ERR,ERR,ERR,ERR,ERR,ERR,0.0,-0.0,-101055584.0,0.0,0.0,0.0,0.0,nan,0,0,0,32768,0,0.0,0,0.0,0.0,0.0,0.0,0.0,0,0,0,0,0.0,0,0,0,0,0,0,0,0,0,0,0,0,0,0,0,0,0,0,0,0,0,0,0,0,0,0,0,0,0,0,0,0,0,0,0,0,0,0,0,0,0,0,0,0,0.0,0.0,0.0,0.0,0.0,0.0,0.0,0.0,0.0,0.0,0.0,0.0,0.0,0.0,-2.59620661244926e+33,0.0,0.0,0.0,0.0,0.0,0.0,0.0,-0.0,-2.004,-2.004,-0.0,0.0,0.0,0.0,0.0,3365.0,-2.004,0.0,0.0,-0.0,-0.0,2.7184274988523002e+23,0.0,0.0,0.0,0.0,0,-0.059,0.0,0.0,0.0,0.0,0.0,0.0,0.0,0.0,0,0,0,0.0,0.0,0.0,0.0,0.0,0.0,0.0,0.0,0.0,0.0,0.0,0.0,0.0,0.0,0.0,0.0,0,-107875648.0,0,0.0,0,-107875648.0,-107877712.0,0,0,17039,13107,17053,39322,17037,0,0,0,110,100,100,0.0,64.0,0.0,64.9,-107615304.0,68.5,1,49,50,180,0,26215,0,0,0.0,0.0,0.0,0.0,-7.821900926848939e+32,65.0,0.0,-2166910.5,0.0,645,0,687,0,0,0,715,0,787,0,708,0,689,0,645,0,641,0,618,0.032,36962304.0,-0.0,0.0,52368,16788,0.0,-20874228.0,1.1857332152847977e+28,3.834607861770527e+32,1319175296.0,-0.0,29.0,60.0,70,0.0,0.0,0.0,0.0,0.0,0.0,0.0,0.0,0.0,0.0,0.0,0.0,0.0,0.0,0.0,0.0,59.2,68,11,65509,41,65476,0,300,0,0,8,20529,65476,0,0,61604,60.0,0.0,0.0,0.0,0.0,0.0
2026-04-04T11:37:46,ERR,ERR,ERR,ERR,ERR,ERR,ERR,ERR,ERR,ERR,ERR,ERR,ERR,ERR,ERR,ERR,ERR,ERR,ERR,ERR,ERR,ERR,ERR,ERR,ERR,ERR,ERR,ERR,ERR,ERR,ERR,ERR,ERR,ERR,ERR,ERR,ERR,ERR,ERR,ERR,ERR,ERR,ERR,ERR,ERR,ERR,ERR,ERR,ERR,ERR,ERR,ERR,ERR,ERR,ERR,ERR,ERR,ERR,ERR,ERR,ERR,ERR,ERR,ERR,ERR,ERR,ERR,ERR,ERR,ERR,ERR,ERR,ERR,ERR,ERR,ERR,ERR,ERR,ERR,ERR,ERR,ERR,ERR,ERR,ERR,ERR,ERR,ERR,ERR,ERR,ERR,ERR,ERR,ERR,ERR,ERR,ERR,ERR,ERR,ERR,ERR,ERR,ERR,ERR,ERR,ERR,ERR,ERR,ERR,ERR,ERR,ERR,ERR,ERR,ERR,ERR,ERR,ERR,ERR,ERR,ERR,ERR,ERR,ERR,ERR,0.0,-0.0,-101055584.0,0.0,0.0,0.0,0.0,nan,0,0,0,32768,0,0.0,0,0.0,0.0,0.0,0.0,0.0,0,0,0,0,0.0,0,0,0,0,0,0,0,0,0,0,0,0,0,0,0,0,0,0,0,0,0,0,0,0,0,0,0,0,0,0,0,0,0,0,0,0,0,0,0,0,0,0,0,0,0.0,0.0,0.0,0.0,0.0,0.0,0.0,0.0,0.0,0.0,0.0,0.0,0.0,0.0,-2.59620661244926e+33,0.0,0.0,0.0,0.0,0.0,0.0,0.0,-0.0,-2.004,-2.004,-0.0,0.0,0.0,0.0,0.0,3365.0,-2.004,0.0,0.0,-0.0,-0.0,2.7184274988523002e+23,0.0,0.0,0.0,0.0,0,-0.059,0.0,0.0,0.0,0.0,0.0,0.0,0.0,0.0,0,0,0,0.0,0.0,0.0,0.0,0.0,0.0,0.0,0.0,0.0,0.0,0.0,0.0,0.0,0.0,0.0,0.0,0,-107875648.0,0,0.0,0,-107875648.0,-107877712.0,0,0,17039,13107,17053,39322,17037,0,0,0,110,100,100,0.0,64.0,0.0,64.9,-107615304.0,68.5,1,49,50,180,0,26215,0,0,0.0,0.0,0.0,0.0,-7.821900926848939e+32,65.0,0.0,-2166910.5,0.0,645,0,687,0,0,0,715,0,787,0,708,0,689,0,645,0,641,0,618,0.032,36962304.0,-0.0,0.0,52368,16788,0.0,-20874228.0,1.1857332152847977e+28,3.834607861770527e+32,1319175296.0,-0.0,29.0,60.0,70,0.0,0.0,0.0,0.0,0.0,0.0,0.0,0.0,0.0,0.0,0.0,0.0,0.0,0.0,0.0,0.0,59.2,68,11,65509,41,65476,0,300,0,0,8,20529,65476,0,0,61604,60.0,0.0,0.0,0.0,0.0,0.0
2026-04-04T11:37:47,ERR,ERR,ERR,ERR,ERR,ERR,ERR,ERR,ERR,ERR,ERR,ERR,ERR,ERR,ERR,ERR,ERR,ERR,ERR,ERR,ERR,ERR,ERR,ERR,ERR,ERR,ERR,ERR,ERR,ERR,ERR,ERR,ERR,ERR,ERR,ERR,ERR,ERR,ERR,ERR,ERR,ERR,ERR,ERR,ERR,ERR,ERR,ERR,ERR,ERR,ERR,ERR,ERR,ERR,ERR,ERR,ERR,ERR,ERR,ERR,ERR,ERR,ERR,ERR,ERR,ERR,ERR,ERR,ERR,ERR,ERR,ERR,ERR,ERR,ERR,ERR,ERR,ERR,ERR,ERR,ERR,ERR,ERR,ERR,ERR,ERR,ERR,ERR,ERR,ERR,ERR,ERR,ERR,ERR,ERR,ERR,ERR,ERR,ERR,ERR,ERR,ERR,ERR,ERR,ERR,ERR,ERR,ERR,ERR,ERR,ERR,ERR,ERR,ERR,ERR,ERR,ERR,ERR,ERR,ERR,ERR,ERR,ERR,ERR,ERR,0.0,-0.0,-101055584.0,0.0,0.0,0.0,0.0,nan,0,0,0,32768,0,0.0,0,0.0,0.0,0.0,0.0,0.0,0,0,0,0,0.0,0,0,0,0,0,0,0,0,0,0,0,0,0,0,0,0,0,0,0,0,0,0,0,0,0,0,0,0,0,0,0,0,0,0,0,0,0,0,0,0,0,0,0,0,0.0,0.0,0.0,0.0,0.0,0.0,0.0,0.0,0.0,0.0,0.0,0.0,0.0,0.0,-2.59620661244926e+33,0.0,0.0,0.0,0.0,0.0,0.0,0.0,-0.0,-2.004,-2.004,-0.0,0.0,0.0,0.0,0.0,3365.0,-2.004,0.0,0.0,-0.0,-0.0,2.7184274988523002e+23,0.0,0.0,0.0,0.0,0,-0.059,0.0,0.0,0.0,0.0,0.0,0.0,0.0,0.0,0,0,0,0.0,0.0,0.0,0.0,0.0,0.0,0.0,0.0,0.0,0.0,0.0,0.0,0.0,0.0,0.0,0.0,0,-107875648.0,0,0.0,0,-107875648.0,-107877712.0,0,0,17039,13107,17053,39322,17037,0,0,0,110,100,100,0.0,64.0,0.0,64.9,-107615304.0,68.5,1,49,50,180,0,26215,0,0,0.0,0.0,0.0,0.0,-7.821900926848939e+32,65.0,0.0,-2166910.5,0.0,645,0,687,0,0,0,715,0,787,0,708,0,689,0,645,0,641,0,618,0.032,36962304.0,-0.0,0.0,52368,16788,0.0,-20874228.0,1.1857332152847977e+28,3.834607861770527e+32,1319175296.0,-0.0,29.0,60.0,70,0.0,0.0,0.0,0.0,0.0,0.0,0.0,0.0,0.0,0.0,0.0,0.0,0.0,0.0,0.0,0.0,59.2,68,11,65509,41,65476,0,300,0,0,8,20529,65476,0,0,61604,60.0,0.0,0.0,0.0,0.0,0.0
2026-04-04T11:37:48,ERR,ERR,ERR,ERR,ERR,ERR,ERR,ERR,ERR,ERR,ERR,ERR,ERR,ERR,ERR,ERR,ERR,ERR,ERR,ERR,ERR,ERR,ERR,ERR,ERR,ERR,ERR,ERR,ERR,ERR,ERR,ERR,ERR,ERR,ERR,ERR,ERR,ERR,ERR,ERR,ERR,ERR,ERR,ERR,ERR,ERR,ERR,ERR,ERR,ERR,ERR,ERR,ERR,ERR,ERR,ERR,ERR,ERR,ERR,ERR,ERR,ERR,ERR,ERR,ERR,ERR,ERR,ERR,ERR,ERR,ERR,ERR,ERR,ERR,ERR,ERR,ERR,ERR,ERR,ERR,ERR,ERR,ERR,ERR,ERR,ERR,ERR,ERR,ERR,ERR,ERR,ERR,ERR,ERR,ERR,ERR,ERR,ERR,ERR,ERR,ERR,ERR,ERR,ERR,ERR,ERR,ERR,ERR,ERR,ERR,ERR,ERR,ERR,ERR,ERR,ERR,ERR,ERR,ERR,ERR,ERR,ERR,ERR,ERR,ERR,0.0,-0.0,-101055584.0,0.0,0.0,0.0,0.0,nan,0,0,0,32768,0,0.0,0,0.0,0.0,0.0,0.0,0.0,0,0,0,0,0.0,0,0,0,0,0,0,0,0,0,0,0,0,0,0,0,0,0,0,0,0,0,0,0,0,0,0,0,0,0,0,0,0,0,0,0,0,0,0,0,0,0,0,0,0,0.0,0.0,0.0,0.0,0.0,0.0,0.0,0.0,0.0,0.0,0.0,0.0,0.0,0.0,-2.59620661244926e+33,0.0,0.0,0.0,0.0,0.0,0.0,0.0,-0.0,-2.004,-2.004,-0.0,0.0,0.0,0.0,0.0,3365.0,-2.004,0.0,0.0,-0.0,-0.0,2.7184274988523002e+23,0.0,0.0,0.0,0.0,0,-0.059,0.0,0.0,0.0,0.0,0.0,0.0,0.0,0.0,0,0,0,0.0,0.0,0.0,0.0,0.0,0.0,0.0,0.0,0.0,0.0,0.0,0.0,0.0,0.0,0.0,0.0,0,-107875648.0,0,0.0,0,-107875648.0,-107877712.0,0,0,17039,13107,17053,39322,17037,0,0,0,110,100,100,0.0,64.0,0.0,64.9,-107615304.0,68.5,1,49,50,180,0,26215,0,0,0.0,0.0,0.0,0.0,-7.821900926848939e+32,65.0,0.0,-2166910.5,0.0,645,0,687,0,0,0,715,0,787,0,708,0,689,0,645,0,641,0,618,0.032,36962304.0,-0.0,0.0,52368,16788,0.0,-20874228.0,1.1857332152847977e+28,3.834607861770527e+32,1319175296.0,-0.0,29.0,60.0,70,0.0,0.0,0.0,0.0,0.0,0.0,0.0,0.0,0.0,0.0,0.0,0.0,0.0,0.0,0.0,0.0,59.2,68,11,65509,41,65476,0,300,0,0,8,20529,65476,0,0,61604,60.0,0.0,0.0,0.0,0.0,0.0
2026-04-04T11:37:49,ERR,ERR,ERR,ERR,ERR,ERR,ERR,ERR,ERR,ERR,ERR,ERR,ERR,ERR,ERR,ERR,ERR,ERR,ERR,ERR,ERR,ERR,ERR,ERR,ERR,ERR,ERR,ERR,ERR,ERR,ERR,ERR,ERR,ERR,ERR,ERR,ERR,ERR,ERR,ERR,ERR,ERR,ERR,ERR,ERR,ERR,ERR,ERR,ERR,ERR,ERR,ERR,ERR,ERR,ERR,ERR,ERR,ERR,ERR,ERR,ERR,ERR,ERR,ERR,ERR,ERR,ERR,ERR,ERR,ERR,ERR,ERR,ERR,ERR,ERR,ERR,ERR,ERR,ERR,ERR,ERR,ERR,ERR,ERR,ERR,ERR,ERR,ERR,ERR,ERR,ERR,ERR,ERR,ERR,ERR,ERR,ERR,ERR,ERR,ERR,ERR,ERR,ERR,ERR,ERR,ERR,ERR,ERR,ERR,ERR,ERR,ERR,ERR,ERR,ERR,ERR,ERR,ERR,ERR,ERR,ERR,ERR,ERR,ERR,ERR,0.0,-0.0,-101055584.0,0.0,0.0,0.0,0.0,nan,0,0,0,32768,0,0.0,0,0.0,0.0,0.0,0.0,0.0,0,0,0,0,0.0,0,0,0,0,0,0,0,0,0,0,0,0,0,0,0,0,0,0,0,0,0,0,0,0,0,0,0,0,0,0,0,0,0,0,0,0,0,0,0,0,0,0,0,0,0.0,0.0,0.0,0.0,0.0,0.0,0.0,0.0,0.0,0.0,0.0,0.0,0.0,0.0,-2.59620661244926e+33,0.0,0.0,0.0,0.0,0.0,0.0,0.0,-0.0,-2.004,-2.004,-0.0,0.0,0.0,0.0,0.0,3365.0,-2.004,0.0,0.0,-0.0,-0.0,2.7184274988523002e+23,0.0,0.0,0.0,0.0,0,-0.059,0.0,0.0,0.0,0.0,0.0,0.0,0.0,0.0,0,0,0,0.0,0.0,0.0,0.0,0.0,0.0,0.0,0.0,0.0,0.0,0.0,0.0,0.0,0.0,0.0,0.0,0,-107875648.0,0,0.0,0,-107875648.0,-107877712.0,0,0,17039,13107,17053,39322,17037,0,0,0,110,100,100,0.0,64.0,0.0,64.9,-107615304.0,68.5,1,49,50,180,0,26215,0,0,0.0,0.0,0.0,0.0,-7.821900926848939e+32,65.0,0.0,-2166910.5,0.0,645,0,687,0,0,0,715,0,787,0,708,0,689,0,645,0,641,0,618,0.032,36962304.0,-0.0,0.0,52368,16788,0.0,-20874228.0,1.1857332152847977e+28,3.834607861770527e+32,1319175296.0,-0.0,29.0,60.0,70,0.0,0.0,0.0,0.0,0.0,0.0,0.0,0.0,0.0,0.0,0.0,0.0,0.0,0.0,0.0,0.0,59.2,68,11,65509,41,65476,0,300,0,0,8,20529,65476,0,0,61604,60.0,0.0,0.0,0.0,0.0,0.0
2026-04-04T11:37:50,ERR,ERR,ERR,ERR,ERR,ERR,ERR,ERR,ERR,ERR,ERR,ERR,ERR,ERR,ERR,ERR,ERR,ERR,ERR,ERR,ERR,ERR,ERR,ERR,ERR,ERR,ERR,ERR,ERR,ERR,ERR,ERR,ERR,ERR,ERR,ERR,ERR,ERR,ERR,ERR,ERR,ERR,ERR,ERR,ERR,ERR,ERR,ERR,ERR,ERR,ERR,ERR,ERR,ERR,ERR,ERR,ERR,ERR,ERR,ERR,ERR,ERR,ERR,ERR,ERR,ERR,ERR,ERR,ERR,ERR,ERR,ERR,ERR,ERR,ERR,ERR,ERR,ERR,ERR,ERR,ERR,ERR,ERR,ERR,ERR,ERR,ERR,ERR,ERR,ERR,ERR,ERR,ERR,ERR,ERR,ERR,ERR,ERR,ERR,ERR,ERR,ERR,ERR,ERR,ERR,ERR,ERR,ERR,ERR,ERR,ERR,ERR,ERR,ERR,ERR,ERR,ERR,ERR,ERR,ERR,ERR,ERR,ERR,ERR,ERR,0.0,-0.0,-101055584.0,0.0,0.0,0.0,0.0,nan,0,0,0,32768,0,0.0,0,0.0,0.0,0.0,0.0,0.0,0,0,0,0,0.0,0,0,0,0,0,0,0,0,0,0,0,0,0,0,0,0,0,0,0,0,0,0,0,0,0,0,0,0,0,0,0,0,0,0,0,0,0,0,0,0,0,0,0,0,0.0,0.0,0.0,0.0,0.0,0.0,0.0,0.0,0.0,0.0,0.0,0.0,0.0,0.0,-2.59620661244926e+33,0.0,0.0,0.0,0.0,0.0,0.0,0.0,-0.0,-2.004,-2.004,-0.0,0.0,0.0,0.0,0.0,3365.0,-2.004,0.0,0.0,-0.0,-0.0,2.7184274988523002e+23,0.0,0.0,0.0,0.0,0,-0.059,0.0,0.0,0.0,0.0,0.0,0.0,0.0,0.0,0,0,0,0.0,0.0,0.0,0.0,0.0,0.0,0.0,0.0,0.0,0.0,0.0,0.0,0.0,0.0,0.0,0.0,0,-107875648.0,0,0.0,0,-107875648.0,-107877712.0,0,0,17039,13107,17053,39322,17037,0,0,0,110,100,100,0.0,64.0,0.0,64.9,-107615304.0,68.5,1,49,50,180,0,26215,0,0,0.0,0.0,0.0,0.0,-4.1581540906517593e+37,65.5,0.0,-0.0,0.0,645,0,687,0,0,0,715,0,786,0,708,0,689,0,645,0,641,0,618,0.032,36700160.0,-0.0,0.0,55952,16788,0.0,1.1955664411278763e+36,216.252,-0.0,0.0,-0.0,29.0,60.0,70,0.0,0.0,0.0,0.0,0.0,0.0,0.0,0.0,0.0,0.0,0.0,0.0,0.0,0.0,0.0,0.0,59.2,68,11,65509,41,65476,0,300,0,0,8,20529,65476,0,0,61604,60.0,0.0,0.0,0.0,0.0,0.0
2026-04-04T11:37:51,ERR,ERR,ERR,ERR,ERR,ERR,ERR,ERR,ERR,ERR,ERR,ERR,ERR,ERR,ERR,ERR,ERR,ERR,ERR,ERR,ERR,ERR,ERR,ERR,ERR,ERR,ERR,ERR,ERR,ERR,ERR,ERR,ERR,ERR,ERR,ERR,ERR,ERR,ERR,ERR,ERR,ERR,ERR,ERR,ERR,ERR,ERR,ERR,ERR,ERR,ERR,ERR,ERR,ERR,ERR,ERR,ERR,ERR,ERR,ERR,ERR,ERR,ERR,ERR,ERR,ERR,ERR,ERR,ERR,ERR,ERR,ERR,ERR,ERR,ERR,ERR,ERR,ERR,ERR,ERR,ERR,ERR,ERR,ERR,ERR,ERR,ERR,ERR,ERR,ERR,ERR,ERR,ERR,ERR,ERR,ERR,ERR,ERR,ERR,ERR,ERR,ERR,ERR,ERR,ERR,ERR,ERR,ERR,ERR,ERR,ERR,ERR,ERR,ERR,ERR,ERR,ERR,ERR,ERR,ERR,ERR,ERR,ERR,ERR,ERR,0.0,-0.0,-101055584.0,0.0,0.0,0.0,0.0,nan,0,0,0,32768,0,0.0,0,0.0,0.0,0.0,0.0,0.0,0,0,0,0,0.0,0,0,0,0,0,0,0,0,0,0,0,0,0,0,0,0,0,0,0,0,0,0,0,0,0,0,0,0,0,0,0,0,0,0,0,0,0,0,0,0,0,0,0,0,0.0,0.0,0.0,0.0,0.0,0.0,0.0,0.0,0.0,0.0,0.0,0.0,0.0,0.0,-2.59620661244926e+33,0.0,0.0,0.0,0.0,0.0,0.0,0.0,-0.0,-2.004,-2.004,-0.0,0.0,0.0,0.0,0.0,3365.0,-2.004,0.0,0.0,-0.0,-0.0,2.7184274988523002e+23,0.0,0.0,0.0,0.0,0,-0.059,0.0,0.0,0.0,0.0,0.0,0.0,0.0,0.0,0,0,0,0.0,0.0,0.0,0.0,0.0,0.0,0.0,0.0,0.0,0.0,0.0,0.0,0.0,0.0,0.0,0.0,0,-107875648.0,0,0.0,0,-107875648.0,-107877712.0,0,0,17039,13107,17053,39322,17037,0,0,0,110,100,100,0.0,64.0,0.0,64.9,-107615304.0,68.5,1,49,50,180,0,26215,0,0,0.0,0.0,0.0,0.0,-4.1581540906517593e+37,65.5,0.0,-0.0,0.0,645,0,687,0,0,0,715,0,786,0,708,0,689,0,645,0,641,0,618,0.032,36700160.0,-0.0,0.0,55952,16788,0.0,1.1955664411278763e+36,216.252,-0.0,0.0,-0.0,29.0,60.0,70,0.0,0.0,0.0,0.0,0.0,0.0,0.0,0.0,0.0,0.0,0.0,0.0,0.0,0.0,0.0,0.0,59.2,68,11,65509,41,65476,0,300,0,0,8,20529,65476,0,0,61604,60.0,0.0,0.0,0.0,0.0,0.0
2026-04-04T11:37:52,ERR,ERR,ERR,ERR,ERR,ERR,ERR,ERR,ERR,ERR,ERR,ERR,ERR,ERR,ERR,ERR,ERR,ERR,ERR,ERR,ERR,ERR,ERR,ERR,ERR,ERR,ERR,ERR,ERR,ERR,ERR,ERR,ERR,ERR,ERR,ERR,ERR,ERR,ERR,ERR,ERR,ERR,ERR,ERR,ERR,ERR,ERR,ERR,ERR,ERR,ERR,ERR,ERR,ERR,ERR,ERR,ERR,ERR,ERR,ERR,ERR,ERR,ERR,ERR,ERR,ERR,ERR,ERR,ERR,ERR,ERR,ERR,ERR,ERR,ERR,ERR,ERR,ERR,ERR,ERR,ERR,ERR,ERR,ERR,ERR,ERR,ERR,ERR,ERR,ERR,ERR,ERR,ERR,ERR,ERR,ERR,ERR,ERR,ERR,ERR,ERR,ERR,ERR,ERR,ERR,ERR,ERR,ERR,ERR,ERR,ERR,ERR,ERR,ERR,ERR,ERR,ERR,ERR,ERR,ERR,ERR,ERR,ERR,ERR,ERR,0.0,-0.0,-101055584.0,0.0,0.0,0.0,0.0,nan,0,0,0,32768,0,0.0,0,0.0,0.0,0.0,0.0,0.0,0,0,0,0,0.0,0,0,0,0,0,0,0,0,0,0,0,0,0,0,0,0,0,0,0,0,0,0,0,0,0,0,0,0,0,0,0,0,0,0,0,0,0,0,0,0,0,0,0,0,0.0,0.0,0.0,0.0,0.0,0.0,0.0,0.0,0.0,0.0,0.0,0.0,0.0,0.0,-2.59620661244926e+33,0.0,0.0,0.0,0.0,0.0,0.0,0.0,-0.0,-2.004,-2.004,-0.0,0.0,0.0,0.0,0.0,3365.0,-2.004,0.0,0.0,-0.0,-0.0,2.7184274988523002e+23,0.0,0.0,0.0,0.0,0,-0.059,0.0,0.0,0.0,0.0,0.0,0.0,0.0,0.0,0,0,0,0.0,0.0,0.0,0.0,0.0,0.0,0.0,0.0,0.0,0.0,0.0,0.0,0.0,0.0,0.0,0.0,0,-107875648.0,0,0.0,0,-107875648.0,-107877712.0,0,0,17039,13107,17053,39322,17037,0,0,0,110,100,100,0.0,64.0,0.0,64.9,-107615304.0,68.5,1,49,50,180,0,26215,0,0,0.0,0.0,0.0,0.0,-4.1581540906517593e+37,65.5,0.0,-0.0,0.0,645,0,687,0,0,0,715,0,786,0,708,0,689,0,645,0,641,0,618,0.032,36700160.0,-0.0,0.0,55952,16788,0.0,1.1955664411278763e+36,216.252,-0.0,0.0,-0.0,29.0,60.0,70,0.0,0.0,0.0,0.0,0.0,0.0,0.0,0.0,0.0,0.0,0.0,0.0,0.0,0.0,0.0,0.0,59.2,68,11,65509,41,65476,0,300,0,0,8,20529,65476,0,0,61604,60.0,0.0,0.0,0.0,0.0,0.0
2026-04-04T11:37:53,ERR,ERR,ERR,ERR,ERR,ERR,ERR,ERR,ERR,ERR,ERR,ERR,ERR,ERR,ERR,ERR,ERR,ERR,ERR,ERR,ERR,ERR,ERR,ERR,ERR,ERR,ERR,ERR,ERR,ERR,ERR,ERR,ERR,ERR,ERR,ERR,ERR,ERR,ERR,ERR,ERR,ERR,ERR,ERR,ERR,ERR,ERR,ERR,ERR,ERR,ERR,ERR,ERR,ERR,ERR,ERR,ERR,ERR,ERR,ERR,ERR,ERR,ERR,ERR,ERR,ERR,ERR,ERR,ERR,ERR,ERR,ERR,ERR,ERR,ERR,ERR,ERR,ERR,ERR,ERR,ERR,ERR,ERR,ERR,ERR,ERR,ERR,ERR,ERR,ERR,ERR,ERR,ERR,ERR,ERR,ERR,ERR,ERR,ERR,ERR,ERR,ERR,ERR,ERR,ERR,ERR,ERR,ERR,ERR,ERR,ERR,ERR,ERR,ERR,ERR,ERR,ERR,ERR,ERR,ERR,ERR,ERR,ERR,ERR,ERR,0.0,-0.0,-101055584.0,0.0,0.0,0.0,0.0,nan,0,0,0,32768,0,0.0,0,0.0,0.0,0.0,0.0,0.0,0,0,0,0,0.0,0,0,0,0,0,0,0,0,0,0,0,0,0,0,0,0,0,0,0,0,0,0,0,0,0,0,0,0,0,0,0,0,0,0,0,0,0,0,0,0,0,0,0,0,0.0,0.0,0.0,0.0,0.0,0.0,0.0,0.0,0.0,0.0,0.0,0.0,0.0,0.0,-2.59620661244926e+33,0.0,0.0,0.0,0.0,0.0,0.0,0.0,-0.0,-2.004,-2.004,-0.0,0.0,0.0,0.0,0.0,3365.0,-2.004,0.0,0.0,-0.0,-0.0,2.7184274988523002e+23,0.0,0.0,0.0,0.0,0,-0.059,0.0,0.0,0.0,0.0,0.0,0.0,0.0,0.0,0,0,0,0.0,0.0,0.0,0.0,0.0,0.0,0.0,0.0,0.0,0.0,0.0,0.0,0.0,0.0,0.0,0.0,0,-107875648.0,0,0.0,0,-107875648.0,-107877712.0,0,0,17039,13107,17053,39322,17037,0,0,0,110,100,100,0.0,64.0,0.0,64.9,-107615304.0,68.5,1,49,50,180,0,26215,0,0,0.0,0.0,0.0,0.0,-4.1581540906517593e+37,65.5,0.0,-0.0,0.0,645,0,687,0,0,0,715,0,786,0,708,0,689,0,645,0,641,0,618,0.032,36700160.0,-0.0,0.0,55952,16788,0.0,1.1955664411278763e+36,216.252,-0.0,0.0,-0.0,29.0,60.0,70,0.0,0.0,0.0,0.0,0.0,0.0,0.0,0.0,0.0,0.0,0.0,0.0,0.0,0.0,0.0,0.0,59.2,68,11,65509,41,65476,0,300,0,0,8,20529,65476,0,0,61604,60.0,0.0,0.0,0.0,0.0,0.0
2026-04-04T11:37:54,ERR,ERR,ERR,ERR,ERR,ERR,ERR,ERR,ERR,ERR,ERR,ERR,ERR,ERR,ERR,ERR,ERR,ERR,ERR,ERR,ERR,ERR,ERR,ERR,ERR,ERR,ERR,ERR,ERR,ERR,ERR,ERR,ERR,ERR,ERR,ERR,ERR,ERR,ERR,ERR,ERR,ERR,ERR,ERR,ERR,ERR,ERR,ERR,ERR,ERR,ERR,ERR,ERR,ERR,ERR,ERR,ERR,ERR,ERR,ERR,ERR,ERR,ERR,ERR,ERR,ERR,ERR,ERR,ERR,ERR,ERR,ERR,ERR,ERR,ERR,ERR,ERR,ERR,ERR,ERR,ERR,ERR,ERR,ERR,ERR,ERR,ERR,ERR,ERR,ERR,ERR,ERR,ERR,ERR,ERR,ERR,ERR,ERR,ERR,ERR,ERR,ERR,ERR,ERR,ERR,ERR,ERR,ERR,ERR,ERR,ERR,ERR,ERR,ERR,ERR,ERR,ERR,ERR,ERR,ERR,ERR,ERR,ERR,ERR,ERR,0.0,0.0,-0.0,0.0,0.0,0.0,0.0,nan,0,0,0,32768,0,0.0,0,0.0,0.0,0.0,0.0,0.0,0,0,0,0,0.0,0,0,0,0,0,0,0,0,0,0,0,0,0,0,0,0,0,0,0,0,0,0,0,0,0,0,0,0,0,0,0,0,0,0,0,0,0,0,0,0,0,0,0,0,0.0,0.0,0.0,0.0,0.0,0.0,0.0,0.0,0.0,0.0,0.0,0.0,0.0,0.0,0.0,0.0,0.0,0.0,0.0,0.0,0.0,0.0,-0.0,-2.004,-2.004,-0.0,0.0,0.0,0.0,0.0,3365.5,-8608106496.0,0.0,0.0,-0.0,-0.0,2.7184274988523002e+23,0.0,0.0,0.0,0.0,0,-0.059,-4.950375985435095e+32,0.0,0.0,0.0,0.0,0.0,0.0,0.0,0,0,0,0.0,0.0,0.0,0.0,0.0,0.0,0.0,0.0,0.0,0.0,0.0,0.0,0.0,0.0,0.0,0.0,0,-107875648.0,0,0.0,0,-107875648.0,-107877712.0,0,0,17039,13107,17053,39322,17037,0,0,0,110,100,100,0.0,64.0,0.0,64.9,-107615304.0,68.5,1,49,50,180,0,26215,0,0,0.0,0.0,0.0,0.0,-4.1581540906517593e+37,65.5,0.0,-0.0,0.0,645,0,687,0,0,0,715,0,786,0,708,0,689,0,645,0,641,0,618,0.032,36700160.0,-0.0,0.0,55952,16788,0.0,1.1955664411278763e+36,216.252,-0.0,0.0,-0.0,29.0,60.0,70,0.0,0.0,0.0,0.0,0.0,0.0,0.0,0.0,0.0,0.0,0.0,0.0,0.0,0.0,0.0,0.0,59.2,68,11,65509,41,65476,0,300,0,0,8,20529,65476,0,0,61604,60.0,0.0,0.0,0.0,0.0,0.0
2026-04-04T11:37:55,ERR,ERR,ERR,ERR,ERR,ERR,ERR,ERR,ERR,ERR,ERR,ERR,ERR,ERR,ERR,ERR,ERR,ERR,ERR,ERR,ERR,ERR,ERR,ERR,ERR,ERR,ERR,ERR,ERR,ERR,ERR,ERR,ERR,ERR,ERR,ERR,ERR,ERR,ERR,ERR,ERR,ERR,ERR,ERR,ERR,ERR,ERR,ERR,ERR,ERR,ERR,ERR,ERR,ERR,ERR,ERR,ERR,ERR,ERR,ERR,ERR,ERR,ERR,ERR,ERR,ERR,ERR,ERR,ERR,ERR,ERR,ERR,ERR,ERR,ERR,ERR,ERR,ERR,ERR,ERR,ERR,ERR,ERR,ERR,ERR,ERR,ERR,ERR,ERR,ERR,ERR,ERR,ERR,ERR,ERR,ERR,ERR,ERR,ERR,ERR,ERR,ERR,ERR,ERR,ERR,ERR,ERR,ERR,ERR,ERR,ERR,ERR,ERR,ERR,ERR,ERR,ERR,ERR,ERR,ERR,ERR,ERR,ERR,ERR,ERR,0.0,0.0,-0.0,0.0,0.0,0.0,0.0,nan,0,0,0,32768,0,0.0,0,0.0,0.0,0.0,0.0,0.0,0,0,0,0,0.0,0,0,0,0,0,0,0,0,0,0,0,0,0,0,0,0,0,0,0,0,0,0,0,0,0,0,0,0,0,0,0,0,0,0,0,0,0,0,0,0,0,0,0,0,0.0,0.0,0.0,0.0,0.0,0.0,0.0,0.0,0.0,0.0,0.0,0.0,0.0,0.0,0.0,0.0,0.0,0.0,0.0,0.0,0.0,0.0,-0.0,-2.004,-2.004,-0.0,0.0,0.0,0.0,0.0,3365.5,-8608106496.0,0.0,0.0,-0.0,-0.0,2.7184274988523002e+23,0.0,0.0,0.0,0.0,0,-0.059,-4.950375985435095e+32,0.0,0.0,0.0,0.0,0.0,0.0,0.0,0,0,0,0.0,0.0,0.0,0.0,0.0,0.0,0.0,0.0,0.0,0.0,0.0,0.0,0.0,0.0,0.0,0.0,0,-107875648.0,0,0.0,0,-107875648.0,-107877712.0,0,0,17039,13107,17053,39322,17037,0,0,0,110,100,100,0.0,64.0,0.0,64.9,-107615304.0,68.5,1,49,50,180,0,26215,0,0,0.0,0.0,0.0,0.0,0.0,65.5,0.0,0.0,0.0,645,0,687,0,0,0,715,0,786,0,708,0,689,0,645,0,641,0,619,0.032,37224448.0,-0.0,0.0,42384,16788,-6.754813515279056e+28,-3.2916349949000993e+24,-0.0,-0.0,-10687619072.0,0.0,29.0,60.0,70,0.0,0.0,0.0,0.0,0.0,0.0,0.0,0.0,0.0,0.0,0.0,0.0,0.0,0.0,0.0,0.0,59.2,68,11,65509,41,65476,0,300,0,0,8,20529,65476,0,0,61604,60.0,0.0,0.0,0.0,0.0,0.0
2026-04-04T11:37:56,ERR,ERR,ERR,ERR,ERR,ERR,ERR,ERR,ERR,ERR,ERR,ERR,ERR,ERR,ERR,ERR,ERR,ERR,ERR,ERR,ERR,ERR,ERR,ERR,ERR,ERR,ERR,ERR,ERR,ERR,ERR,ERR,ERR,ERR,ERR,ERR,ERR,ERR,ERR,ERR,ERR,ERR,ERR,ERR,ERR,ERR,ERR,ERR,ERR,ERR,ERR,ERR,ERR,ERR,ERR,ERR,ERR,ERR,ERR,ERR,ERR,ERR,ERR,ERR,ERR,ERR,ERR,ERR,ERR,ERR,ERR,ERR,ERR,ERR,ERR,ERR,ERR,ERR,ERR,ERR,ERR,ERR,ERR,ERR,ERR,ERR,ERR,ERR,ERR,ERR,ERR,ERR,ERR,ERR,ERR,ERR,ERR,ERR,ERR,ERR,ERR,ERR,ERR,ERR,ERR,ERR,ERR,ERR,ERR,ERR,ERR,ERR,ERR,ERR,ERR,ERR,ERR,ERR,ERR,ERR,ERR,ERR,ERR,ERR,ERR,0.0,0.0,-0.0,0.0,0.0,0.0,0.0,nan,0,0,0,32768,0,0.0,0,0.0,0.0,0.0,0.0,0.0,0,0,0,0,0.0,0,0,0,0,0,0,0,0,0,0,0,0,0,0,0,0,0,0,0,0,0,0,0,0,0,0,0,0,0,0,0,0,0,0,0,0,0,0,0,0,0,0,0,0,0.0,0.0,0.0,0.0,0.0,0.0,0.0,0.0,0.0,0.0,0.0,0.0,0.0,0.0,0.0,0.0,0.0,0.0,0.0,0.0,0.0,0.0,-0.0,-2.004,-2.004,-0.0,0.0,0.0,0.0,0.0,3365.5,-8608106496.0,0.0,0.0,-0.0,-0.0,2.7184274988523002e+23,0.0,0.0,0.0,0.0,0,-0.059,-4.950375985435095e+32,0.0,0.0,0.0,0.0,0.0,0.0,0.0,0,0,0,0.0,0.0,0.0,0.0,0.0,0.0,0.0,0.0,0.0,0.0,0.0,0.0,0.0,0.0,0.0,0.0,0,-107875648.0,0,0.0,0,-107875648.0,-107877712.0,0,0,17039,13107,17053,39322,17037,0,0,0,110,100,100,0.0,64.0,0.0,64.9,-107615304.0,68.5,1,49,50,180,0,26215,0,0,0.0,0.0,0.0,0.0,0.0,65.5,0.0,0.0,0.0,645,0,687,0,0,0,715,0,786,0,708,0,689,0,645,0,641,0,619,0.032,37224448.0,-0.0,0.0,42384,16788,-6.754813515279056e+28,-3.2916349949000993e+24,-0.0,-0.0,-10687619072.0,0.0,29.0,60.0,70,0.0,0.0,0.0,0.0,0.0,0.0,0.0,0.0,0.0,0.0,0.0,0.0,0.0,0.0,0.0,0.0,59.2,68,11,65509,41,65476,0,300,0,0,8,20529,65476,0,0,61604,60.0,0.0,0.0,0.0,0.0,0.0
2026-04-04T11:37:57,ERR,ERR,ERR,ERR,ERR,ERR,ERR,ERR,ERR,ERR,ERR,ERR,ERR,ERR,ERR,ERR,ERR,ERR,ERR,ERR,ERR,ERR,ERR,ERR,ERR,ERR,ERR,ERR,ERR,ERR,ERR,ERR,ERR,ERR,ERR,ERR,ERR,ERR,ERR,ERR,ERR,ERR,ERR,ERR,ERR,ERR,ERR,ERR,ERR,ERR,ERR,ERR,ERR,ERR,ERR,ERR,ERR,ERR,ERR,ERR,ERR,ERR,ERR,ERR,ERR,ERR,ERR,ERR,ERR,ERR,ERR,ERR,ERR,ERR,ERR,ERR,ERR,ERR,ERR,ERR,ERR,ERR,ERR,ERR,ERR,ERR,ERR,ERR,ERR,ERR,ERR,ERR,ERR,ERR,ERR,ERR,ERR,ERR,ERR,ERR,ERR,ERR,ERR,ERR,ERR,ERR,ERR,ERR,ERR,ERR,ERR,ERR,ERR,ERR,ERR,ERR,ERR,ERR,ERR,ERR,ERR,ERR,ERR,ERR,ERR,0.0,0.0,-0.0,0.0,0.0,0.0,0.0,nan,0,0,0,32768,0,0.0,0,0.0,0.0,0.0,0.0,0.0,0,0,0,0,0.0,0,0,0,0,0,0,0,0,0,0,0,0,0,0,0,0,0,0,0,0,0,0,0,0,0,0,0,0,0,0,0,0,0,0,0,0,0,0,0,0,0,0,0,0,0.0,0.0,0.0,0.0,0.0,0.0,0.0,0.0,0.0,0.0,0.0,0.0,0.0,0.0,0.0,0.0,0.0,0.0,0.0,0.0,0.0,0.0,-0.0,-2.004,-2.004,-0.0,0.0,0.0,0.0,0.0,3365.5,-8608106496.0,0.0,0.0,-0.0,-0.0,2.7184274988523002e+23,0.0,0.0,0.0,0.0,0,-0.059,-4.950375985435095e+32,0.0,0.0,0.0,0.0,0.0,0.0,0.0,0,0,0,0.0,0.0,0.0,0.0,0.0,0.0,0.0,0.0,0.0,0.0,0.0,0.0,0.0,0.0,0.0,0.0,0,-107875648.0,0,0.0,0,-107875648.0,-107877712.0,0,0,17039,13107,17053,39322,17037,0,0,0,110,100,100,0.0,64.0,0.0,64.9,-107615304.0,68.5,1,49,50,180,0,26215,0,0,0.0,0.0,0.0,0.0,0.0,65.5,0.0,0.0,0.0,645,0,687,0,0,0,715,0,786,0,708,0,689,0,645,0,641,0,619,0.032,37224448.0,-0.0,0.0,42384,16788,-6.754813515279056e+28,-3.2916349949000993e+24,-0.0,-0.0,-10687619072.0,0.0,29.0,60.0,70,0.0,0.0,0.0,0.0,0.0,0.0,0.0,0.0,0.0,0.0,0.0,0.0,0.0,0.0,0.0,0.0,59.2,68,11,65509,41,65476,0,300,0,0,8,20529,65476,0,0,61604,60.0,0.0,0.0,0.0,0.0,0.0
2026-04-04T11:37:58,ERR,ERR,ERR,ERR,ERR,ERR,ERR,ERR,ERR,ERR,ERR,ERR,ERR,ERR,ERR,ERR,ERR,ERR,ERR,ERR,ERR,ERR,ERR,ERR,ERR,ERR,ERR,ERR,ERR,ERR,ERR,ERR,ERR,ERR,ERR,ERR,ERR,ERR,ERR,ERR,ERR,ERR,ERR,ERR,ERR,ERR,ERR,ERR,ERR,ERR,ERR,ERR,ERR,ERR,ERR,ERR,ERR,ERR,ERR,ERR,ERR,ERR,ERR,ERR,ERR,ERR,ERR,ERR,ERR,ERR,ERR,ERR,ERR,ERR,ERR,ERR,ERR,ERR,ERR,ERR,ERR,ERR,ERR,ERR,ERR,ERR,ERR,ERR,ERR,ERR,ERR,ERR,ERR,ERR,ERR,ERR,ERR,ERR,ERR,ERR,ERR,ERR,ERR,ERR,ERR,ERR,ERR,ERR,ERR,ERR,ERR,ERR,ERR,ERR,ERR,ERR,ERR,ERR,ERR,ERR,ERR,ERR,ERR,ERR,ERR,0.0,0.0,-0.0,0.0,0.0,0.0,0.0,nan,0,0,0,32768,0,0.0,0,0.0,0.0,0.0,0.0,0.0,0,0,0,0,0.0,0,0,0,0,0,0,0,0,0,0,0,0,0,0,0,0,0,0,0,0,0,0,0,0,0,0,0,0,0,0,0,0,0,0,0,0,0,0,0,0,0,0,0,0,0.0,0.0,0.0,0.0,0.0,0.0,0.0,0.0,0.0,0.0,0.0,0.0,0.0,0.0,0.0,0.0,0.0,0.0,0.0,0.0,0.0,0.0,-0.0,-2.004,-2.004,-0.0,0.0,0.0,0.0,0.0,3365.5,-8608106496.0,0.0,0.0,-0.0,-0.0,2.7184274988523002e+23,0.0,0.0,0.0,0.0,0,-0.059,-4.950375985435095e+32,0.0,0.0,0.0,0.0,0.0,0.0,0.0,0,0,0,0.0,0.0,0.0,0.0,0.0,0.0,0.0,0.0,0.0,0.0,0.0,0.0,0.0,0.0,0.0,0.0,0,-107875648.0,0,0.0,0,-107875648.0,-107877712.0,0,0,17039,13107,17053,39322,17037,0,0,0,110,100,100,0.0,64.0,0.0,64.9,-107615304.0,68.5,1,49,50,180,0,26215,0,0,0.0,0.0,0.0,0.0,0.0,65.5,0.0,0.0,0.0,645,0,687,0,0,0,715,0,786,0,708,0,689,0,645,0,641,0,619,0.032,37224448.0,-0.0,0.0,42384,16788,-6.754813515279056e+28,-3.2916349949000993e+24,-0.0,-0.0,-10687619072.0,0.0,29.0,60.0,70,0.0,0.0,0.0,0.0,0.0,0.0,0.0,0.0,0.0,0.0,0.0,0.0,0.0,0.0,0.0,0.0,59.6,68,11,65509,41,65476,0,300,0,0,8,20529,65476,0,0,61604,60.0,0.0,0.0,0.0,0.0,0.0
2026-04-04T11:37:59,ERR,ERR,ERR,ERR,ERR,ERR,ERR,ERR,ERR,ERR,ERR,ERR,ERR,ERR,ERR,ERR,ERR,ERR,ERR,ERR,ERR,ERR,ERR,ERR,ERR,ERR,ERR,ERR,ERR,ERR,ERR,ERR,ERR,ERR,ERR,ERR,ERR,ERR,ERR,ERR,ERR,ERR,ERR,ERR,ERR,ERR,ERR,ERR,ERR,ERR,ERR,ERR,ERR,ERR,ERR,ERR,ERR,ERR,ERR,ERR,ERR,ERR,ERR,ERR,ERR,ERR,ERR,ERR,ERR,ERR,ERR,ERR,ERR,ERR,ERR,ERR,ERR,ERR,ERR,ERR,ERR,ERR,ERR,ERR,ERR,ERR,ERR,ERR,ERR,ERR,ERR,ERR,ERR,ERR,ERR,ERR,ERR,ERR,ERR,ERR,ERR,ERR,ERR,ERR,ERR,ERR,ERR,ERR,ERR,ERR,ERR,ERR,ERR,ERR,ERR,ERR,ERR,ERR,ERR,ERR,ERR,ERR,ERR,ERR,ERR,0.0,0.0,-0.0,0.0,0.0,0.0,0.0,nan,0,0,0,32768,0,0.0,0,0.0,0.0,0.0,0.0,0.0,0,0,0,0,0.0,0,0,0,0,0,0,0,0,0,0,0,0,0,0,0,0,0,0,0,0,0,0,0,0,0,0,0,0,0,0,0,0,0,0,0,0,0,0,0,0,0,0,0,0,0.0,0.0,0.0,0.0,0.0,0.0,0.0,0.0,0.0,0.0,0.0,0.0,0.0,0.0,0.0,0.0,0.0,0.0,0.0,0.0,0.0,0.0,-0.0,-2.004,-2.004,-0.0,0.0,0.0,0.0,0.0,3365.5,-8608106496.0,0.0,0.0,-0.0,-0.0,2.7184274988523002e+23,0.0,0.0,0.0,0.0,0,-0.059,-4.950375985435095e+32,0.0,0.0,0.0,0.0,0.0,0.0,0.0,0,0,0,0.0,0.0,0.0,0.0,0.0,0.0,0.0,0.0,0.0,0.0,0.0,0.0,0.0,0.0,0.0,0.0,0,-107875648.0,0,0.0,0,-107875648.0,-107877712.0,0,0,17039,13107,17053,39322,17037,0,0,0,110,100,100,0.0,64.0,0.0,64.9,-107615304.0,68.5,1,49,50,180,0,26215,0,0,0.0,0.0,0.0,0.0,0.0,65.5,0.0,0.0,0.0,645,0,687,0,0,0,715,0,786,0,708,0,689,0,645,0,641,0,619,0.032,37224448.0,-0.0,0.0,42384,16788,-6.754813515279056e+28,-3.2916349949000993e+24,-0.0,-0.0,-10687619072.0,0.0,29.0,60.0,70,0.0,0.0,0.0,0.0,0.0,0.0,0.0,0.0,0.0,0.0,0.0,0.0,0.0,0.0,0.0,0.0,59.2,68,11,65509,41,65476,0,300,0,0,8,20529,65476,0,0,61604,60.0,0.0,0.0,0.0,0.0,0.0
2026-04-04T11:38:00,ERR,ERR,ERR,ERR,ERR,ERR,ERR,ERR,ERR,ERR,ERR,ERR,ERR,ERR,ERR,ERR,ERR,ERR,ERR,ERR,ERR,ERR,ERR,ERR,ERR,ERR,ERR,ERR,ERR,ERR,ERR,ERR,ERR,ERR,ERR,ERR,ERR,ERR,ERR,ERR,ERR,ERR,ERR,ERR,ERR,ERR,ERR,ERR,ERR,ERR,ERR,ERR,ERR,ERR,ERR,ERR,ERR,ERR,ERR,ERR,ERR,ERR,ERR,ERR,ERR,ERR,ERR,ERR,ERR,ERR,ERR,ERR,ERR,ERR,ERR,ERR,ERR,ERR,ERR,ERR,ERR,ERR,ERR,ERR,ERR,ERR,ERR,ERR,ERR,ERR,ERR,ERR,ERR,ERR,ERR,ERR,ERR,ERR,ERR,ERR,ERR,ERR,ERR,ERR,ERR,ERR,ERR,ERR,ERR,ERR,ERR,ERR,ERR,ERR,ERR,ERR,ERR,ERR,ERR,ERR,ERR,ERR,ERR,ERR,ERR,0.0,-0.0,-101055584.0,0.0,0.0,0.0,0.0,nan,0,0,0,32768,0,0.0,0,0.0,0.0,0.0,0.0,0.0,0,0,0,0,0.0,0,0,0,0,0,0,0,0,0,0,0,0,0,0,0,0,0,0,0,0,0,0,0,0,0,0,0,0,0,0,0,0,0,0,0,0,0,0,0,0,0,0,0,0,0.0,0.0,0.0,0.0,0.0,0.0,0.0,0.0,0.0,0.0,0.0,0.0,0.0,0.0,0.0,0.0,0.0,0.0,0.0,0.0,0.0,0.0,-0.0,-2.004,-2.004,-0.0,0.0,0.0,0.0,0.0,3367.0,-3.6971535880805155e+19,0.0,0.0,-0.0,-0.0,2.7184274988523002e+23,0.0,0.0,0.0,0.0,0,-152018253512704.0,-4.950375985435095e+32,0.0,0.0,0.0,0.0,0.0,0.0,0.0,0,0,0,0.0,0.0,0.0,0.0,0.0,0.0,0.0,0.0,0.0,0.0,0.0,0.0,0.0,0.0,0.0,0.0,0,-107875648.0,0,0.0,0,-107875648.0,-107877712.0,0,0,17039,13107,17053,39322,17037,0,0,0,110,100,100,0.0,64.0,0.0,64.9,-107615304.0,68.5,1,49,50,180,0,26215,0,0,0.0,0.0,0.0,0.0,-9.923621067217377e+27,65.0,0.0,-6.189473920794761e+37,0.0,645,0,687,0,0,0,715,0,786,0,708,0,689,0,645,0,641,0,618,0.032,36700160.0,-2.004,-0.0,34704,16788,-2.601417721044632e+33,-6.189473920794761e+37,-5578831.0,0.0,-2.43506389260191e+23,0.0,29.0,60.0,70,0.0,0.0,0.0,0.0,0.0,0.0,0.0,0.0,0.0,0.0,0.0,0.0,0.0,0.0,0.0,0.0,59.2,68,11,65509,41,65476,0,300,0,0,8,20529,65476,0,0,61604,60.0,0.0,0.0,0.0,0.0,0.0
2026-04-04T11:38:01,ERR,ERR,ERR,ERR,ERR,ERR,ERR,ERR,ERR,ERR,ERR,ERR,ERR,ERR,ERR,ERR,ERR,ERR,ERR,ERR,ERR,ERR,ERR,ERR,ERR,ERR,ERR,ERR,ERR,ERR,ERR,ERR,ERR,ERR,ERR,ERR,ERR,ERR,ERR,ERR,ERR,ERR,ERR,ERR,ERR,ERR,ERR,ERR,ERR,ERR,ERR,ERR,ERR,ERR,ERR,ERR,ERR,ERR,ERR,ERR,ERR,ERR,ERR,ERR,ERR,ERR,ERR,ERR,ERR,ERR,ERR,ERR,ERR,ERR,ERR,ERR,ERR,ERR,ERR,ERR,ERR,ERR,ERR,ERR,ERR,ERR,ERR,ERR,ERR,ERR,ERR,ERR,ERR,ERR,ERR,ERR,ERR,ERR,ERR,ERR,ERR,ERR,ERR,ERR,ERR,ERR,ERR,ERR,ERR,ERR,ERR,ERR,ERR,ERR,ERR,ERR,ERR,ERR,ERR,ERR,ERR,ERR,ERR,ERR,ERR,0.0,-0.0,-101055584.0,0.0,0.0,0.0,0.0,nan,0,0,0,32768,0,0.0,0,0.0,0.0,0.0,0.0,0.0,0,0,0,0,0.0,0,0,0,0,0,0,0,0,0,0,0,0,0,0,0,0,0,0,0,0,0,0,0,0,0,0,0,0,0,0,0,0,0,0,0,0,0,0,0,0,0,0,0,0,0.0,0.0,0.0,0.0,0.0,0.0,0.0,0.0,0.0,0.0,0.0,0.0,0.0,0.0,0.0,0.0,0.0,0.0,0.0,0.0,0.0,0.0,-0.0,-2.004,-2.004,-0.0,0.0,0.0,0.0,0.0,3367.0,-3.6971535880805155e+19,0.0,0.0,-0.0,-0.0,2.7184274988523002e+23,0.0,0.0,0.0,0.0,0,-152018253512704.0,-4.950375985435095e+32,0.0,0.0,0.0,0.0,0.0,0.0,0.0,0,0,0,0.0,0.0,0.0,0.0,0.0,0.0,0.0,0.0,0.0,0.0,0.0,0.0,0.0,0.0,0.0,0.0,0,-107875648.0,0,0.0,0,-107875648.0,-107877712.0,0,0,17039,13107,17053,39322,17037,0,0,0,110,100,100,0.0,64.0,0.0,64.9,-107615304.0,68.5,1,49,50,180,0,26215,0,0,0.0,0.0,0.0,0.0,-9.923621067217377e+27,65.0,0.0,-6.189473920794761e+37,0.0,645,0,687,0,0,0,715,0,786,0,708,0,689,0,645,0,641,0,618,0.032,36700160.0,-2.004,-0.0,34704,16788,-2.601417721044632e+33,-6.189473920794761e+37,-5578831.0,0.0,-2.43506389260191e+23,0.0,29.0,60.0,70,0.0,0.0,0.0,0.0,0.0,0.0,0.0,0.0,0.0,0.0,0.0,0.0,0.0,0.0,0.0,0.0,59.2,68,11,65509,41,65476,0,300,0,0,8,20529,65476,0,0,61604,60.0,0.0,0.0,0.0,0.0,0.0
2026-04-04T11:38:02,ERR,ERR,ERR,ERR,ERR,ERR,ERR,ERR,ERR,ERR,ERR,ERR,ERR,ERR,ERR,ERR,ERR,ERR,ERR,ERR,ERR,ERR,ERR,ERR,ERR,ERR,ERR,ERR,ERR,ERR,ERR,ERR,ERR,ERR,ERR,ERR,ERR,ERR,ERR,ERR,ERR,ERR,ERR,ERR,ERR,ERR,ERR,ERR,ERR,ERR,ERR,ERR,ERR,ERR,ERR,ERR,ERR,ERR,ERR,ERR,ERR,ERR,ERR,ERR,ERR,ERR,ERR,ERR,ERR,ERR,ERR,ERR,ERR,ERR,ERR,ERR,ERR,ERR,ERR,ERR,ERR,ERR,ERR,ERR,ERR,ERR,ERR,ERR,ERR,ERR,ERR,ERR,ERR,ERR,ERR,ERR,ERR,ERR,ERR,ERR,ERR,ERR,ERR,ERR,ERR,ERR,ERR,ERR,ERR,ERR,ERR,ERR,ERR,ERR,ERR,ERR,ERR,ERR,ERR,ERR,ERR,ERR,ERR,ERR,ERR,0.0,-0.0,-101055584.0,0.0,0.0,0.0,0.0,nan,0,0,0,32768,0,0.0,0,0.0,0.0,0.0,0.0,0.0,0,0,0,0,0.0,0,0,0,0,0,0,0,0,0,0,0,0,0,0,0,0,0,0,0,0,0,0,0,0,0,0,0,0,0,0,0,0,0,0,0,0,0,0,0,0,0,0,0,0,0.0,0.0,0.0,0.0,0.0,0.0,0.0,0.0,0.0,0.0,0.0,0.0,0.0,0.0,0.0,0.0,0.0,0.0,0.0,0.0,0.0,0.0,-0.0,-2.004,-2.004,-0.0,0.0,0.0,0.0,0.0,3367.0,-3.6971535880805155e+19,0.0,0.0,-0.0,-0.0,2.7184274988523002e+23,0.0,0.0,0.0,0.0,0,-152018253512704.0,-4.950375985435095e+32,0.0,0.0,0.0,0.0,0.0,0.0,0.0,0,0,0,0.0,0.0,0.0,0.0,0.0,0.0,0.0,0.0,0.0,0.0,0.0,0.0,0.0,0.0,0.0,0.0,0,-107875648.0,0,0.0,0,-107875648.0,-107877712.0,0,0,17039,13107,17053,39322,17037,0,0,0,110,100,100,0.0,64.0,0.0,64.9,-107615304.0,68.5,1,49,50,180,0,26215,0,0,0.0,0.0,0.0,0.0,-9.923621067217377e+27,65.0,0.0,-6.189473920794761e+37,0.0,645,0,687,0,0,0,715,0,786,0,708,0,689,0,645,0,641,0,618,0.032,36700160.0,-2.004,-0.0,34704,16788,-2.601417721044632e+33,-6.189473920794761e+37,-5578831.0,0.0,-2.43506389260191e+23,0.0,29.0,60.0,70,0.0,0.0,0.0,0.0,0.0,0.0,0.0,0.0,0.0,0.0,0.0,0.0,0.0,0.0,0.0,0.0,59.2,68,11,65509,41,65476,0,300,0,0,8,20529,65476,0,0,61604,60.0,0.0,0.0,0.0,0.0,0.0
2026-04-04T11:38:03,ERR,ERR,ERR,ERR,ERR,ERR,ERR,ERR,ERR,ERR,ERR,ERR,ERR,ERR,ERR,ERR,ERR,ERR,ERR,ERR,ERR,ERR,ERR,ERR,ERR,ERR,ERR,ERR,ERR,ERR,ERR,ERR,ERR,ERR,ERR,ERR,ERR,ERR,ERR,ERR,ERR,ERR,ERR,ERR,ERR,ERR,ERR,ERR,ERR,ERR,ERR,ERR,ERR,ERR,ERR,ERR,ERR,ERR,ERR,ERR,ERR,ERR,ERR,ERR,ERR,ERR,ERR,ERR,ERR,ERR,ERR,ERR,ERR,ERR,ERR,ERR,ERR,ERR,ERR,ERR,ERR,ERR,ERR,ERR,ERR,ERR,ERR,ERR,ERR,ERR,ERR,ERR,ERR,ERR,ERR,ERR,ERR,ERR,ERR,ERR,ERR,ERR,ERR,ERR,ERR,ERR,ERR,ERR,ERR,ERR,ERR,ERR,ERR,ERR,ERR,ERR,ERR,ERR,ERR,ERR,ERR,ERR,ERR,ERR,ERR,0.0,-0.0,-101055584.0,0.0,0.0,0.0,0.0,nan,0,0,0,32768,0,0.0,0,0.0,0.0,0.0,0.0,0.0,0,0,0,0,0.0,0,0,0,0,0,0,0,0,0,0,0,0,0,0,0,0,0,0,0,0,0,0,0,0,0,0,0,0,0,0,0,0,0,0,0,0,0,0,0,0,0,0,0,0,0.0,0.0,0.0,0.0,0.0,0.0,0.0,0.0,0.0,0.0,0.0,0.0,0.0,0.0,0.0,0.0,0.0,0.0,0.0,0.0,0.0,0.0,-0.0,-2.004,-2.004,-0.0,0.0,0.0,0.0,0.0,3367.0,-3.6971535880805155e+19,0.0,0.0,-0.0,-0.0,2.7184274988523002e+23,0.0,0.0,0.0,0.0,0,-152018253512704.0,-4.950375985435095e+32,0.0,0.0,0.0,0.0,0.0,0.0,0.0,0,0,0,0.0,0.0,0.0,0.0,0.0,0.0,0.0,0.0,0.0,0.0,0.0,0.0,0.0,0.0,0.0,0.0,0,-107875648.0,0,0.0,0,-107875648.0,-107877712.0,0,0,17039,13107,17053,39322,17037,0,0,0,110,100,100,0.0,64.0,0.0,64.9,-107615304.0,68.5,1,49,50,180,0,26215,0,0,0.0,0.0,0.0,0.0,-9.923621067217377e+27,65.0,0.0,-6.189473920794761e+37,0.0,645,0,687,0,0,0,715,0,786,0,708,0,689,0,645,0,641,0,618,0.032,36700160.0,-2.004,-0.0,34704,16788,-2.601417721044632e+33,-6.189473920794761e+37,-5578831.0,0.0,-2.43506389260191e+23,0.0,29.0,60.0,70,0.0,0.0,0.0,0.0,0.0,0.0,0.0,0.0,0.0,0.0,0.0,0.0,0.0,0.0,0.0,0.0,59.2,68,11,65509,41,65476,0,300,0,0,8,20529,65476,0,0,61604,60.0,0.0,0.0,0.0,0.0,0.0
2026-04-04T11:38:04,ERR,ERR,ERR,ERR,ERR,ERR,ERR,ERR,ERR,ERR,ERR,ERR,ERR,ERR,ERR,ERR,ERR,ERR,ERR,ERR,ERR,ERR,ERR,ERR,ERR,ERR,ERR,ERR,ERR,ERR,ERR,ERR,ERR,ERR,ERR,ERR,ERR,ERR,ERR,ERR,ERR,ERR,ERR,ERR,ERR,ERR,ERR,ERR,ERR,ERR,ERR,ERR,ERR,ERR,ERR,ERR,ERR,ERR,ERR,ERR,ERR,ERR,ERR,ERR,ERR,ERR,ERR,ERR,ERR,ERR,ERR,ERR,ERR,ERR,ERR,ERR,ERR,ERR,ERR,ERR,ERR,ERR,ERR,ERR,ERR,ERR,ERR,ERR,ERR,ERR,ERR,ERR,ERR,ERR,ERR,ERR,ERR,ERR,ERR,ERR,ERR,ERR,ERR,ERR,ERR,ERR,ERR,ERR,ERR,ERR,ERR,ERR,ERR,ERR,ERR,ERR,ERR,ERR,ERR,ERR,ERR,ERR,ERR,ERR,ERR,0.0,-0.0,-101055584.0,0.0,0.0,0.0,0.0,nan,0,0,0,32768,0,0.0,0,0.0,0.0,0.0,0.0,0.0,0,0,0,0,0.0,0,0,0,0,0,0,0,0,0,0,0,0,0,0,0,0,0,0,0,0,0,0,0,0,0,0,0,0,0,0,0,0,0,0,0,0,0,0,0,0,0,0,0,0,0.0,0.0,0.0,0.0,0.0,0.0,0.0,0.0,0.0,0.0,0.0,0.0,0.0,0.0,0.0,0.0,0.0,0.0,0.0,0.0,0.0,0.0,-0.0,-2.004,-2.004,-0.0,0.0,0.0,0.0,0.0,3367.0,-3.6971535880805155e+19,0.0,0.0,-0.0,-0.0,2.7184274988523002e+23,0.0,0.0,0.0,0.0,0,-152018253512704.0,-4.950375985435095e+32,0.0,0.0,0.0,0.0,0.0,0.0,0.0,0,0,0,0.0,0.0,0.0,0.0,0.0,0.0,0.0,0.0,0.0,0.0,0.0,0.0,0.0,0.0,0.0,0.0,0,-107875648.0,0,0.0,0,-107875648.0,-107877712.0,0,0,17039,13107,17053,39322,17037,0,0,0,110,100,100,0.0,64.0,0.0,64.9,-107615304.0,68.5,1,49,50,180,0,26215,0,0,0.0,0.0,0.0,0.0,-9.923621067217377e+27,65.0,0.0,-6.189473920794761e+37,0.0,645,0,687,0,0,0,715,0,786,0,708,0,689,0,645,0,641,0,618,0.032,36700160.0,-2.004,-0.0,34704,16788,-2.601417721044632e+33,-6.189473920794761e+37,-5578831.0,0.0,-2.43506389260191e+23,0.0,29.0,60.0,70,0.0,0.0,0.0,0.0,0.0,0.0,0.0,0.0,0.0,0.0,0.0,0.0,0.0,0.0,0.0,0.0,59.2,68,11,65509,41,65476,0,300,0,0,8,20529,65476,0,0,61604,60.0,0.0,0.0,0.0,0.0,0.0
2026-04-04T11:38:05,ERR,ERR,ERR,ERR,ERR,ERR,ERR,ERR,ERR,ERR,ERR,ERR,ERR,ERR,ERR,ERR,ERR,ERR,ERR,ERR,ERR,ERR,ERR,ERR,ERR,ERR,ERR,ERR,ERR,ERR,ERR,ERR,ERR,ERR,ERR,ERR,ERR,ERR,ERR,ERR,ERR,ERR,ERR,ERR,ERR,ERR,ERR,ERR,ERR,ERR,ERR,ERR,ERR,ERR,ERR,ERR,ERR,ERR,ERR,ERR,ERR,ERR,ERR,ERR,ERR,ERR,ERR,ERR,ERR,ERR,ERR,ERR,ERR,ERR,ERR,ERR,ERR,ERR,ERR,ERR,ERR,ERR,ERR,ERR,ERR,ERR,ERR,ERR,ERR,ERR,ERR,ERR,ERR,ERR,ERR,ERR,ERR,ERR,ERR,ERR,ERR,ERR,ERR,ERR,ERR,ERR,ERR,ERR,ERR,ERR,ERR,ERR,ERR,ERR,ERR,ERR,ERR,ERR,ERR,ERR,ERR,ERR,ERR,ERR,ERR,0.0,-0.0,-101055584.0,0.0,0.0,0.0,0.0,nan,0,0,0,32768,0,0.0,0,0.0,0.0,0.0,0.0,0.0,0,0,0,0,0.0,0,0,0,0,0,0,0,0,0,0,0,0,0,0,0,0,0,0,0,0,0,0,0,0,0,0,0,0,0,0,0,0,0,0,0,0,0,0,0,0,0,0,0,0,0.0,0.0,0.0,0.0,0.0,0.0,0.0,0.0,0.0,0.0,0.0,0.0,0.0,0.0,0.0,0.0,0.0,0.0,0.0,0.0,0.0,0.0,-0.0,-2.004,-2.004,-0.0,0.0,0.0,0.0,0.0,3367.0,-3.6971535880805155e+19,0.0,0.0,-0.0,-0.0,2.7184274988523002e+23,0.0,0.0,0.0,0.0,0,-152018253512704.0,-4.950375985435095e+32,0.0,0.0,0.0,0.0,0.0,0.0,0.0,0,0,0,0.0,0.0,0.0,0.0,0.0,0.0,0.0,0.0,0.0,0.0,0.0,0.0,0.0,0.0,0.0,0.0,0,-107875648.0,0,0.0,0,-107875648.0,-107877712.0,0,0,17039,13107,17053,39322,17037,0,0,0,110,100,100,0.0,64.0,0.0,64.9,-107615304.0,68.5,1,49,50,180,0,26215,0,0,0.0,0.0,0.0,0.0,-5.974582117584077e+16,65.0,0.0,-0.0,0.0,645,0,687,0,0,0,715,0,786,0,708,0,689,0,645,0,641,0,619,0.032,36962304.0,-2.004,-0.0,48400,16788,-8.27372613092883e+21,-1822489728.0,5.172888335563708e+35,-0.0,-0.0,-8030903259365376.0,29.0,60.0,70,0.0,0.0,0.0,0.0,0.0,0.0,0.0,0.0,0.0,0.0,0.0,0.0,0.0,0.0,0.0,0.0,59.2,68,11,65509,41,65476,0,300,0,0,8,20529,65476,0,0,61604,60.0,0.0,0.0,0.0,0.0,0.0
2026-04-04T11:38:06,ERR,ERR,ERR,ERR,ERR,ERR,ERR,ERR,ERR,ERR,ERR,ERR,ERR,ERR,ERR,ERR,ERR,ERR,ERR,ERR,ERR,ERR,ERR,ERR,ERR,ERR,ERR,ERR,ERR,ERR,ERR,ERR,ERR,ERR,ERR,ERR,ERR,ERR,ERR,ERR,ERR,ERR,ERR,ERR,ERR,ERR,ERR,ERR,ERR,ERR,ERR,ERR,ERR,ERR,ERR,ERR,ERR,ERR,ERR,ERR,ERR,ERR,ERR,ERR,ERR,ERR,ERR,ERR,ERR,ERR,ERR,ERR,ERR,ERR,ERR,ERR,ERR,ERR,ERR,ERR,ERR,ERR,ERR,ERR,ERR,ERR,ERR,ERR,ERR,ERR,ERR,ERR,ERR,ERR,ERR,ERR,ERR,ERR,ERR,ERR,ERR,ERR,ERR,ERR,ERR,ERR,ERR,ERR,ERR,ERR,ERR,ERR,ERR,ERR,ERR,ERR,ERR,ERR,ERR,ERR,ERR,ERR,ERR,ERR,ERR,0.0,-0.0,-101055584.0,0.0,0.0,0.0,0.0,nan,0,0,0,32768,0,0.0,0,0.0,0.0,0.0,0.0,0.0,0,0,0,0,0.0,0,0,0,0,0,0,0,0,0,0,0,0,0,0,0,0,0,0,0,0,0,0,0,0,0,0,0,0,0,0,0,0,0,0,0,0,0,0,0,0,0,0,0,0,0.0,0.0,0.0,0.0,0.0,0.0,0.0,0.0,0.0,0.0,0.0,0.0,0.0,0.0,0.0,0.0,0.0,0.0,0.0,0.0,0.0,0.0,-0.0,-2.004,-2.004,-0.0,0.0,0.0,0.0,0.0,3367.0,-3.6971535880805155e+19,0.0,0.0,-0.0,-0.0,2.7184274988523002e+23,0.0,0.0,0.0,0.0,0,-152018253512704.0,-4.950375985435095e+32,0.0,0.0,0.0,0.0,0.0,0.0,0.0,0,0,0,0.0,0.0,0.0,0.0,0.0,0.0,0.0,0.0,0.0,0.0,0.0,0.0,0.0,0.0,0.0,0.0,0,-107875648.0,0,0.0,0,-107875648.0,-107877712.0,0,0,17039,13107,17053,39322,17037,0,0,0,110,100,100,0.0,64.0,0.0,64.9,-107615304.0,68.5,1,49,50,180,0,26215,0,0,0.0,0.0,0.0,0.0,-5.974582117584077e+16,65.0,0.0,-0.0,0.0,645,0,687,0,0,0,715,0,786,0,708,0,689,0,645,0,641,0,619,0.032,36962304.0,-2.004,-0.0,48400,16788,-8.27372613092883e+21,-1822489728.0,5.172888335563708e+35,-0.0,-0.0,-8030903259365376.0,29.0,60.0,70,0.0,0.0,0.0,0.0,0.0,0.0,0.0,0.0,0.0,0.0,0.0,0.0,0.0,0.0,0.0,0.0,59.2,68,11,65509,41,65476,0,300,0,0,8,20529,65476,0,0,61604,60.0,0.0,0.0,0.0,0.0,0.0
2026-04-04T11:38:07,ERR,ERR,ERR,ERR,ERR,ERR,ERR,ERR,ERR,ERR,ERR,ERR,ERR,ERR,ERR,ERR,ERR,ERR,ERR,ERR,ERR,ERR,ERR,ERR,ERR,ERR,ERR,ERR,ERR,ERR,ERR,ERR,ERR,ERR,ERR,ERR,ERR,ERR,ERR,ERR,ERR,ERR,ERR,ERR,ERR,ERR,ERR,ERR,ERR,ERR,ERR,ERR,ERR,ERR,ERR,ERR,ERR,ERR,ERR,ERR,ERR,ERR,ERR,ERR,ERR,ERR,ERR,ERR,ERR,ERR,ERR,ERR,ERR,ERR,ERR,ERR,ERR,ERR,ERR,ERR,ERR,ERR,ERR,ERR,ERR,ERR,ERR,ERR,ERR,ERR,ERR,ERR,ERR,ERR,ERR,ERR,ERR,ERR,ERR,ERR,ERR,ERR,ERR,ERR,ERR,ERR,ERR,ERR,ERR,ERR,ERR,ERR,ERR,ERR,ERR,ERR,ERR,ERR,ERR,ERR,ERR,ERR,ERR,ERR,ERR,0.0,-0.0,-101055584.0,0.0,0.0,0.0,0.0,nan,0,0,0,32768,0,0.0,0,0.0,0.0,0.0,0.0,0.0,0,0,0,0,0.0,0,0,0,0,0,0,0,0,0,0,0,0,0,0,0,0,0,0,0,0,0,0,0,0,0,0,0,0,0,0,0,0,0,0,0,0,0,0,0,0,0,0,0,0,0.0,0.0,0.0,0.0,0.0,0.0,0.0,0.0,0.0,0.0,0.0,0.0,0.0,0.0,0.0,0.0,0.0,0.0,0.0,0.0,0.0,0.0,-0.0,-2.004,-2.004,-0.0,0.0,0.0,0.0,0.0,3367.0,-3.6971535880805155e+19,0.0,0.0,-0.0,-0.0,2.7184274988523002e+23,0.0,0.0,0.0,0.0,0,-152018253512704.0,-4.950375985435095e+32,0.0,0.0,0.0,0.0,0.0,0.0,0.0,0,0,0,0.0,0.0,0.0,0.0,0.0,0.0,0.0,0.0,0.0,0.0,0.0,0.0,0.0,0.0,0.0,0.0,0,-107875648.0,0,0.0,0,-107875648.0,-107877712.0,0,0,17039,13107,17053,39322,17037,0,0,0,110,100,100,0.0,64.0,0.0,64.9,-107615304.0,68.5,1,49,50,180,0,26215,0,0,0.0,0.0,0.0,0.0,-5.974582117584077e+16,65.0,0.0,-0.0,0.0,645,0,687,0,0,0,715,0,786,0,708,0,689,0,645,0,641,0,619,0.032,36962304.0,-2.004,-0.0,48400,16788,-8.27372613092883e+21,-1822489728.0,5.172888335563708e+35,-0.0,-0.0,-8030903259365376.0,29.0,60.0,70,0.0,0.0,0.0,0.0,0.0,0.0,0.0,0.0,0.0,0.0,0.0,0.0,0.0,0.0,0.0,0.0,59.2,68,11,65509,41,65476,0,300,0,0,8,20529,65476,0,0,61604,60.0,0.0,0.0,0.0,0.0,0.0
2026-04-04T11:38:08,ERR,ERR,ERR,ERR,ERR,ERR,ERR,ERR,ERR,ERR,ERR,ERR,ERR,ERR,ERR,ERR,ERR,ERR,ERR,ERR,ERR,ERR,ERR,ERR,ERR,ERR,ERR,ERR,ERR,ERR,ERR,ERR,ERR,ERR,ERR,ERR,ERR,ERR,ERR,ERR,ERR,ERR,ERR,ERR,ERR,ERR,ERR,ERR,ERR,ERR,ERR,ERR,ERR,ERR,ERR,ERR,ERR,ERR,ERR,ERR,ERR,ERR,ERR,ERR,ERR,ERR,ERR,ERR,ERR,ERR,ERR,ERR,ERR,ERR,ERR,ERR,ERR,ERR,ERR,ERR,ERR,ERR,ERR,ERR,ERR,ERR,ERR,ERR,ERR,ERR,ERR,ERR,ERR,ERR,ERR,ERR,ERR,ERR,ERR,ERR,ERR,ERR,ERR,ERR,ERR,ERR,ERR,ERR,ERR,ERR,ERR,ERR,ERR,ERR,ERR,ERR,ERR,ERR,ERR,ERR,ERR,ERR,ERR,ERR,ERR,0.0,-0.0,-101055584.0,0.0,0.0,0.0,0.0,nan,0,0,0,32768,0,0.0,0,0.0,0.0,0.0,0.0,0.0,0,0,0,0,0.0,0,0,0,0,0,0,0,0,0,0,0,0,0,0,0,0,0,0,0,0,0,0,0,0,0,0,0,0,0,0,0,0,0,0,0,0,0,0,0,0,0,0,0,0,0.0,0.0,0.0,0.0,0.0,0.0,0.0,0.0,0.0,0.0,0.0,0.0,0.0,0.0,0.0,0.0,0.0,0.0,0.0,0.0,0.0,0.0,-0.0,-2.004,-2.004,-0.0,0.0,0.0,0.0,0.0,3382.5,0.0,0.0,0.0,-0.0,-0.0,2.7184274988523002e+23,0.0,0.0,0.0,0.0,0,-107615248.0,0.0,0.0,0.0,0.0,0.0,0.0,0.0,0.0,0,0,0,0.0,0.0,0.0,0.0,0.0,0.0,0.0,0.0,0.0,0.0,0.0,0.0,0.0,0.0,0.0,0.0,0,-107875648.0,0,0.0,0,-107875648.0,-107877712.0,0,0,17039,13107,17053,39322,17037,0,0,0,110,100,100,0.0,64.0,0.0,64.9,-107615304.0,68.5,1,49,50,180,0,26215,0,0,0.0,0.0,0.0,0.0,-5.974582117584077e+16,65.0,0.0,-0.0,0.0,645,0,687,0,0,0,715,0,786,0,708,0,689,0,645,0,641,0,619,0.032,36962304.0,-2.004,-0.0,48400,16788,-8.27372613092883e+21,-1822489728.0,5.172888335563708e+35,-0.0,-0.0,-8030903259365376.0,29.0,60.0,70,0.0,0.0,0.0,0.0,0.0,0.0,0.0,0.0,0.0,0.0,0.0,0.0,0.0,0.0,0.0,0.0,59.2,68,11,65509,41,65476,0,300,0,0,8,20529,65476,0,0,61604,60.0,0.0,0.0,0.0,0.0,0.0
2026-04-04T11:38:09,ERR,ERR,ERR,ERR,ERR,ERR,ERR,ERR,ERR,ERR,ERR,ERR,ERR,ERR,ERR,ERR,ERR,ERR,ERR,ERR,ERR,ERR,ERR,ERR,ERR,ERR,ERR,ERR,ERR,ERR,ERR,ERR,ERR,ERR,ERR,ERR,ERR,ERR,ERR,ERR,ERR,ERR,ERR,ERR,ERR,ERR,ERR,ERR,ERR,ERR,ERR,ERR,ERR,ERR,ERR,ERR,ERR,ERR,ERR,ERR,ERR,ERR,ERR,ERR,ERR,ERR,ERR,ERR,ERR,ERR,ERR,ERR,ERR,ERR,ERR,ERR,ERR,ERR,ERR,ERR,ERR,ERR,ERR,ERR,ERR,ERR,ERR,ERR,ERR,ERR,ERR,ERR,ERR,ERR,ERR,ERR,ERR,ERR,ERR,ERR,ERR,ERR,ERR,ERR,ERR,ERR,ERR,ERR,ERR,ERR,ERR,ERR,ERR,ERR,ERR,ERR,ERR,ERR,ERR,ERR,ERR,ERR,ERR,ERR,ERR,0.0,-0.0,-101055584.0,0.0,0.0,0.0,0.0,nan,0,0,0,32768,0,0.0,0,0.0,0.0,0.0,0.0,0.0,0,0,0,0,0.0,0,0,0,0,0,0,0,0,0,0,0,0,0,0,0,0,0,0,0,0,0,0,0,0,0,0,0,0,0,0,0,0,0,0,0,0,0,0,0,0,0,0,0,0,0.0,0.0,0.0,0.0,0.0,0.0,0.0,0.0,0.0,0.0,0.0,0.0,0.0,0.0,0.0,0.0,0.0,0.0,0.0,0.0,0.0,0.0,-0.0,-2.004,-2.004,-0.0,0.0,0.0,0.0,0.0,3382.5,0.0,0.0,0.0,-0.0,-0.0,2.7184274988523002e+23,0.0,0.0,0.0,0.0,0,-107615248.0,0.0,0.0,0.0,0.0,0.0,0.0,0.0,0.0,0,0,0,0.0,0.0,0.0,0.0,0.0,0.0,0.0,0.0,0.0,0.0,0.0,0.0,0.0,0.0,0.0,0.0,0,-107875648.0,0,0.0,0,-107875648.0,-107877712.0,0,0,17039,13107,17053,39322,17037,0,0,0,110,100,100,0.0,64.0,0.0,64.9,-107615304.0,68.5,1,49,50,180,0,26215,0,0,0.0,0.0,0.0,0.0,-5.974582117584077e+16,65.0,0.0,-0.0,0.0,645,0,687,0,0,0,715,0,786,0,708,0,689,0,645,0,641,0,619,0.032,36962304.0,-2.004,-0.0,48400,16788,-8.27372613092883e+21,-1822489728.0,5.172888335563708e+35,-0.0,-0.0,-8030903259365376.0,29.0,60.0,70,0.0,0.0,0.0,0.0,0.0,0.0,0.0,0.0,0.0,0.0,0.0,0.0,0.0,0.0,0.0,0.0,59.2,68,11,65509,41,65476,0,300,0,0,8,20529,65476,0,0,61604,60.0,0.0,0.0,0.0,0.0,0.0
2026-04-04T11:38:10,ERR,ERR,ERR,ERR,ERR,ERR,ERR,ERR,ERR,ERR,ERR,ERR,ERR,ERR,ERR,ERR,ERR,ERR,ERR,ERR,ERR,ERR,ERR,ERR,ERR,ERR,ERR,ERR,ERR,ERR,ERR,ERR,ERR,ERR,ERR,ERR,ERR,ERR,ERR,ERR,ERR,ERR,ERR,ERR,ERR,ERR,ERR,ERR,ERR,ERR,ERR,ERR,ERR,ERR,ERR,ERR,ERR,ERR,ERR,ERR,ERR,ERR,ERR,ERR,ERR,ERR,ERR,ERR,ERR,ERR,ERR,ERR,ERR,ERR,ERR,ERR,ERR,ERR,ERR,ERR,ERR,ERR,ERR,ERR,ERR,ERR,ERR,ERR,ERR,ERR,ERR,ERR,ERR,ERR,ERR,ERR,ERR,ERR,ERR,ERR,ERR,ERR,ERR,ERR,ERR,ERR,ERR,ERR,ERR,ERR,ERR,ERR,ERR,ERR,ERR,ERR,ERR,ERR,ERR,ERR,ERR,ERR,ERR,ERR,ERR,0.0,-0.0,-101055584.0,0.0,0.0,0.0,0.0,nan,0,0,0,32768,0,0.0,0,0.0,0.0,0.0,0.0,0.0,0,0,0,0,0.0,0,0,0,0,0,0,0,0,0,0,0,0,0,0,0,0,0,0,0,0,0,0,0,0,0,0,0,0,0,0,0,0,0,0,0,0,0,0,0,0,0,0,0,0,0.0,0.0,0.0,0.0,0.0,0.0,0.0,0.0,0.0,0.0,0.0,0.0,0.0,0.0,0.0,0.0,0.0,0.0,0.0,0.0,0.0,0.0,-0.0,-2.004,-2.004,-0.0,0.0,0.0,0.0,0.0,3382.5,0.0,0.0,0.0,-0.0,-0.0,2.7184274988523002e+23,0.0,0.0,0.0,0.0,0,-107615248.0,0.0,0.0,0.0,0.0,0.0,0.0,0.0,0.0,0,0,0,0.0,0.0,0.0,0.0,0.0,0.0,0.0,0.0,0.0,0.0,0.0,0.0,0.0,0.0,0.0,0.0,0,-107875648.0,0,0.0,0,-107875648.0,-107877712.0,0,0,17039,13107,17053,39322,17037,0,0,0,110,100,100,0.0,64.0,0.0,64.9,-107615304.0,68.5,1,49,50,180,0,26215,0,0,0.0,0.0,0.0,0.0,-5.974582117584077e+16,65.0,0.0,-0.0,0.0,645,0,687,0,0,0,715,0,786,0,708,0,689,0,645,0,641,0,619,0.032,36962304.0,-2.004,-0.0,48400,16788,-8.27372613092883e+21,-1822489728.0,5.172888335563708e+35,-0.0,-0.0,-8030903259365376.0,29.0,60.0,70,0.0,0.0,0.0,0.0,0.0,0.0,0.0,0.0,0.0,0.0,0.0,0.0,0.0,0.0,0.0,0.0,59.2,68,11,65509,41,65476,0,300,0,0,8,20529,65476,0,0,61604,60.0,0.0,0.0,0.0,0.0,0.0
2026-04-04T11:38:11,ERR,ERR,ERR,ERR,ERR,ERR,ERR,ERR,ERR,ERR,ERR,ERR,ERR,ERR,ERR,ERR,ERR,ERR,ERR,ERR,ERR,ERR,ERR,ERR,ERR,ERR,ERR,ERR,ERR,ERR,ERR,ERR,ERR,ERR,ERR,ERR,ERR,ERR,ERR,ERR,ERR,ERR,ERR,ERR,ERR,ERR,ERR,ERR,ERR,ERR,ERR,ERR,ERR,ERR,ERR,ERR,ERR,ERR,ERR,ERR,ERR,ERR,ERR,ERR,ERR,ERR,ERR,ERR,ERR,ERR,ERR,ERR,ERR,ERR,ERR,ERR,ERR,ERR,ERR,ERR,ERR,ERR,ERR,ERR,ERR,ERR,ERR,ERR,ERR,ERR,ERR,ERR,ERR,ERR,ERR,ERR,ERR,ERR,ERR,ERR,ERR,ERR,ERR,ERR,ERR,ERR,ERR,ERR,ERR,ERR,ERR,ERR,ERR,ERR,ERR,ERR,ERR,ERR,ERR,ERR,ERR,ERR,ERR,ERR,ERR,0.0,-0.0,-101055584.0,0.0,0.0,0.0,0.0,nan,0,0,0,32768,0,0.0,0,0.0,0.0,0.0,0.0,0.0,0,0,0,0,0.0,0,0,0,0,0,0,0,0,0,0,0,0,0,0,0,0,0,0,0,0,0,0,0,0,0,0,0,0,0,0,0,0,0,0,0,0,0,0,0,0,0,0,0,0,0.0,0.0,0.0,0.0,0.0,0.0,0.0,0.0,0.0,0.0,0.0,0.0,0.0,0.0,0.0,0.0,0.0,0.0,0.0,0.0,0.0,0.0,-0.0,-2.004,-2.004,-0.0,0.0,0.0,0.0,0.0,3382.5,0.0,0.0,0.0,-0.0,-0.0,2.7184274988523002e+23,0.0,0.0,0.0,0.0,0,-107615248.0,0.0,0.0,0.0,0.0,0.0,0.0,0.0,0.0,0,0,0,0.0,0.0,0.0,0.0,0.0,0.0,0.0,0.0,0.0,0.0,0.0,0.0,0.0,0.0,0.0,0.0,0,-107875648.0,0,0.0,0,-107875648.0,-107877712.0,0,0,17039,13107,17053,39322,17037,0,0,0,110,100,100,0.0,64.0,0.0,64.9,-107615304.0,68.5,1,49,50,180,0,26215,0,0,0.0,0.0,0.0,0.0,nan,65.0,0.0,-15754469572608.0,0.0,645,0,687,0,0,0,715,0,786,0,708,0,689,0,645,0,641,0,619,0.032,36700160.0,-2.004,-0.0,59024,16788,0.0,0.0,-2.352790809147787e+35,2.1428033063926195e+26,0.0,828424.25,29.0,60.0,70,0.0,0.0,0.0,0.0,0.0,0.0,0.0,0.0,0.0,0.0,0.0,0.0,0.0,0.0,0.0,0.0,59.2,68,11,65509,41,65476,0,300,0,0,8,20529,65476,0,0,61604,60.0,0.0,0.0,0.0,0.0,0.0
2026-04-04T11:38:12,ERR,ERR,ERR,ERR,ERR,ERR,ERR,ERR,ERR,ERR,ERR,ERR,ERR,ERR,ERR,ERR,ERR,ERR,ERR,ERR,ERR,ERR,ERR,ERR,ERR,ERR,ERR,ERR,ERR,ERR,ERR,ERR,ERR,ERR,ERR,ERR,ERR,ERR,ERR,ERR,ERR,ERR,ERR,ERR,ERR,ERR,ERR,ERR,ERR,ERR,ERR,ERR,ERR,ERR,ERR,ERR,ERR,ERR,ERR,ERR,ERR,ERR,ERR,ERR,ERR,ERR,ERR,ERR,ERR,ERR,ERR,ERR,ERR,ERR,ERR,ERR,ERR,ERR,ERR,ERR,ERR,ERR,ERR,ERR,ERR,ERR,ERR,ERR,ERR,ERR,ERR,ERR,ERR,ERR,ERR,ERR,ERR,ERR,ERR,ERR,ERR,ERR,ERR,ERR,ERR,ERR,ERR,ERR,ERR,ERR,ERR,ERR,ERR,ERR,ERR,ERR,ERR,ERR,ERR,ERR,ERR,ERR,ERR,ERR,ERR,0.0,-0.0,-101055584.0,0.0,0.0,0.0,0.0,nan,0,0,0,32768,0,0.0,0,0.0,0.0,0.0,0.0,0.0,0,0,0,0,0.0,0,0,0,0,0,0,0,0,0,0,0,0,0,0,0,0,0,0,0,0,0,0,0,0,0,0,0,0,0,0,0,0,0,0,0,0,0,0,0,0,0,0,0,0,0.0,0.0,0.0,0.0,0.0,0.0,0.0,0.0,0.0,0.0,0.0,0.0,0.0,0.0,0.0,0.0,0.0,0.0,0.0,0.0,0.0,0.0,-0.0,-2.004,-2.004,-0.0,0.0,0.0,0.0,0.0,3382.5,0.0,0.0,0.0,-0.0,-0.0,2.7184274988523002e+23,0.0,0.0,0.0,0.0,0,-107615248.0,0.0,0.0,0.0,0.0,0.0,0.0,0.0,0.0,0,0,0,0.0,0.0,0.0,0.0,0.0,0.0,0.0,0.0,0.0,0.0,0.0,0.0,0.0,0.0,0.0,0.0,0,-107875648.0,0,0.0,0,-107875648.0,-107877712.0,0,0,17039,13107,17053,39322,17037,0,0,0,110,100,100,0.0,64.0,0.0,64.9,-107615304.0,68.5,1,49,50,180,0,26215,0,0,0.0,0.0,0.0,0.0,nan,65.0,0.0,-15754469572608.0,0.0,645,0,687,0,0,0,715,0,786,0,708,0,689,0,645,0,641,0,619,0.032,36700160.0,-2.004,-0.0,59024,16788,0.0,0.0,-2.352790809147787e+35,2.1428033063926195e+26,0.0,828424.25,29.0,60.0,70,0.0,0.0,0.0,0.0,0.0,0.0,0.0,0.0,0.0,0.0,0.0,0.0,0.0,0.0,0.0,0.0,59.2,68,11,65509,41,65476,0,300,0,0,8,20529,65476,0,0,61604,60.0,0.0,0.0,0.0,0.0,0.0
2026-04-04T11:38:13,ERR,ERR,ERR,ERR,ERR,ERR,ERR,ERR,ERR,ERR,ERR,ERR,ERR,ERR,ERR,ERR,ERR,ERR,ERR,ERR,ERR,ERR,ERR,ERR,ERR,ERR,ERR,ERR,ERR,ERR,ERR,ERR,ERR,ERR,ERR,ERR,ERR,ERR,ERR,ERR,ERR,ERR,ERR,ERR,ERR,ERR,ERR,ERR,ERR,ERR,ERR,ERR,ERR,ERR,ERR,ERR,ERR,ERR,ERR,ERR,ERR,ERR,ERR,ERR,ERR,ERR,ERR,ERR,ERR,ERR,ERR,ERR,ERR,ERR,ERR,ERR,ERR,ERR,ERR,ERR,ERR,ERR,ERR,ERR,ERR,ERR,ERR,ERR,ERR,ERR,ERR,ERR,ERR,ERR,ERR,ERR,ERR,ERR,ERR,ERR,ERR,ERR,ERR,ERR,ERR,ERR,ERR,ERR,ERR,ERR,ERR,ERR,ERR,ERR,ERR,ERR,ERR,ERR,ERR,ERR,ERR,ERR,ERR,ERR,ERR,0.0,-0.0,-101055584.0,0.0,0.0,0.0,0.0,nan,0,0,0,32768,0,0.0,0,0.0,0.0,0.0,0.0,0.0,0,0,0,0,0.0,0,0,0,0,0,0,0,0,0,0,0,0,0,0,0,0,0,0,0,0,0,0,0,0,0,0,0,0,0,0,0,0,0,0,0,0,0,0,0,0,0,0,0,0,0.0,0.0,0.0,0.0,0.0,0.0,0.0,0.0,0.0,0.0,0.0,0.0,0.0,0.0,0.0,0.0,0.0,0.0,0.0,0.0,0.0,0.0,-0.0,-2.004,-2.004,-0.0,0.0,0.0,0.0,0.0,3382.5,0.0,0.0,0.0,-0.0,-0.0,2.7184274988523002e+23,0.0,0.0,0.0,0.0,0,-107615248.0,0.0,0.0,0.0,0.0,0.0,0.0,0.0,0.0,0,0,0,0.0,0.0,0.0,0.0,0.0,0.0,0.0,0.0,0.0,0.0,0.0,0.0,0.0,0.0,0.0,0.0,0,-107875648.0,0,0.0,0,-107875648.0,-107877712.0,0,0,17039,13107,17053,39322,17037,0,0,0,110,100,100,0.0,64.0,0.0,64.9,-107615304.0,68.5,1,49,50,180,0,26215,0,0,0.0,0.0,0.0,0.0,nan,65.0,0.0,-15754469572608.0,0.0,645,0,687,0,0,0,715,0,786,0,708,0,689,0,645,0,641,0,619,0.032,36700160.0,-2.004,-0.0,59024,16788,0.0,0.0,-2.352790809147787e+35,2.1428033063926195e+26,0.0,828424.25,29.0,60.0,70,0.0,0.0,0.0,0.0,0.0,0.0,0.0,0.0,0.0,0.0,0.0,0.0,0.0,0.0,0.0,0.0,59.2,68,11,65509,41,65476,0,300,0,0,8,20529,65476,0,0,61604,60.0,0.0,0.0,0.0,0.0,0.0
2026-04-04T11:38:14,ERR,ERR,ERR,ERR,ERR,ERR,ERR,ERR,ERR,ERR,ERR,ERR,ERR,ERR,ERR,ERR,ERR,ERR,ERR,ERR,ERR,ERR,ERR,ERR,ERR,ERR,ERR,ERR,ERR,ERR,ERR,ERR,ERR,ERR,ERR,ERR,ERR,ERR,ERR,ERR,ERR,ERR,ERR,ERR,ERR,ERR,ERR,ERR,ERR,ERR,ERR,ERR,ERR,ERR,ERR,ERR,ERR,ERR,ERR,ERR,ERR,ERR,ERR,ERR,ERR,ERR,ERR,ERR,ERR,ERR,ERR,ERR,ERR,ERR,ERR,ERR,ERR,ERR,ERR,ERR,ERR,ERR,ERR,ERR,ERR,ERR,ERR,ERR,ERR,ERR,ERR,ERR,ERR,ERR,ERR,ERR,ERR,ERR,ERR,ERR,ERR,ERR,ERR,ERR,ERR,ERR,ERR,ERR,ERR,ERR,ERR,ERR,ERR,ERR,ERR,ERR,ERR,ERR,ERR,ERR,ERR,ERR,ERR,ERR,ERR,0.0,-0.0,-101055584.0,0.0,0.0,0.0,0.0,nan,0,0,0,32768,0,0.0,0,0.0,0.0,0.0,0.0,0.0,0,0,0,0,0.0,0,0,0,0,0,0,0,0,0,0,0,0,0,0,0,0,0,0,0,0,0,0,0,0,0,0,0,0,0,0,0,0,0,0,0,0,0,0,0,0,0,0,0,0,0.0,0.0,0.0,0.0,0.0,0.0,0.0,0.0,0.0,0.0,0.0,0.0,0.0,0.0,0.0,0.0,0.0,0.0,0.0,0.0,0.0,0.0,-0.0,-2.004,-2.004,-0.0,0.0,0.0,0.0,0.0,3382.5,0.0,0.0,0.0,-0.0,-0.0,2.7184274988523002e+23,0.0,0.0,0.0,0.0,0,-107615248.0,0.0,0.0,0.0,0.0,0.0,0.0,0.0,0.0,0,0,0,0.0,0.0,0.0,0.0,0.0,0.0,0.0,0.0,0.0,0.0,0.0,0.0,0.0,0.0,0.0,0.0,0,-107875648.0,0,0.0,0,-107875648.0,-107877712.0,0,0,17039,13107,17053,39322,17037,0,0,0,110,100,100,0.0,64.0,0.0,64.9,-107615304.0,68.5,1,49,50,180,0,26215,0,0,0.0,0.0,0.0,0.0,nan,65.0,0.0,-15754469572608.0,0.0,645,0,687,0,0,0,715,0,786,0,708,0,689,0,645,0,641,0,619,0.032,36700160.0,-2.004,-0.0,59024,16788,0.0,0.0,-2.352790809147787e+35,2.1428033063926195e+26,0.0,828424.25,29.0,60.0,70,0.0,0.0,0.0,0.0,0.0,0.0,0.0,0.0,0.0,0.0,0.0,0.0,0.0,0.0,0.0,0.0,59.2,68,11,65509,41,65476,0,300,0,0,8,20529,65476,0,0,61604,60.0,0.0,0.0,0.0,0.0,0.0
2026-04-04T11:38:15,ERR,ERR,ERR,ERR,ERR,ERR,ERR,ERR,ERR,ERR,ERR,ERR,ERR,ERR,ERR,ERR,ERR,ERR,ERR,ERR,ERR,ERR,ERR,ERR,ERR,ERR,ERR,ERR,ERR,ERR,ERR,ERR,ERR,ERR,ERR,ERR,ERR,ERR,ERR,ERR,ERR,ERR,ERR,ERR,ERR,ERR,ERR,ERR,ERR,ERR,ERR,ERR,ERR,ERR,ERR,ERR,ERR,ERR,ERR,ERR,ERR,ERR,ERR,ERR,ERR,ERR,ERR,ERR,ERR,ERR,ERR,ERR,ERR,ERR,ERR,ERR,ERR,ERR,ERR,ERR,ERR,ERR,ERR,ERR,ERR,ERR,ERR,ERR,ERR,ERR,ERR,ERR,ERR,ERR,ERR,ERR,ERR,ERR,ERR,ERR,ERR,ERR,ERR,ERR,ERR,ERR,ERR,ERR,ERR,ERR,ERR,ERR,ERR,ERR,ERR,ERR,ERR,ERR,ERR,ERR,ERR,ERR,ERR,ERR,ERR,0.0,-0.0,-101055584.0,0.0,0.0,0.0,0.0,nan,0,0,0,32768,0,0.0,0,0.0,0.0,0.0,0.0,0.0,0,0,0,0,0.0,0,0,0,0,0,0,0,0,0,0,0,0,0,0,0,0,0,0,0,0,0,0,0,0,0,0,0,0,0,0,0,0,0,0,0,0,0,0,0,0,0,0,0,0,0.0,0.0,0.0,0.0,0.0,0.0,0.0,0.0,0.0,0.0,0.0,0.0,0.0,0.0,0.0,0.0,0.0,0.0,0.0,0.0,0.0,0.0,-0.0,-2.004,-2.004,-0.0,0.0,0.0,0.0,0.0,3367.5,-3.6971535880805155e+19,0.0,0.0,-0.0,-0.0,2.7184274988523002e+23,0.0,0.0,0.0,0.0,0,-1.9056958870913024e+17,-4.950375985435095e+32,0.0,0.0,0.0,0.0,0.0,0.0,0.0,0,0,0,0.0,0.0,0.0,0.0,0.0,0.0,0.0,0.0,0.0,0.0,0.0,0.0,0.0,0.0,0.0,0.0,0,-107875648.0,0,0.0,0,-107875648.0,-107877712.0,0,0,17039,13107,17053,39322,17037,0,0,0,110,100,100,0.0,64.0,0.0,64.9,-107615304.0,68.5,1,49,50,180,0,26215,0,0,0.0,0.0,0.0,0.0,nan,65.0,0.0,-15754469572608.0,0.0,645,0,687,0,0,0,715,0,786,0,708,0,689,0,645,0,641,0,619,0.032,36700160.0,-2.004,-0.0,59024,16788,0.0,0.0,-2.352790809147787e+35,2.1428033063926195e+26,0.0,828424.25,29.0,60.0,70,0.0,0.0,0.0,0.0,0.0,0.0,0.0,0.0,0.0,0.0,0.0,0.0,0.0,0.0,0.0,0.0,59.2,68,11,65509,41,65476,0,300,0,0,8,20529,65476,0,0,61604,60.0,0.0,0.0,0.0,0.0,0.0
2026-04-04T11:38:16,ERR,ERR,ERR,ERR,ERR,ERR,ERR,ERR,ERR,ERR,ERR,ERR,ERR,ERR,ERR,ERR,ERR,ERR,ERR,ERR,ERR,ERR,ERR,ERR,ERR,ERR,ERR,ERR,ERR,ERR,ERR,ERR,ERR,ERR,ERR,ERR,ERR,ERR,ERR,ERR,ERR,ERR,ERR,ERR,ERR,ERR,ERR,ERR,ERR,ERR,ERR,ERR,ERR,ERR,ERR,ERR,ERR,ERR,ERR,ERR,ERR,ERR,ERR,ERR,ERR,ERR,ERR,ERR,ERR,ERR,ERR,ERR,ERR,ERR,ERR,ERR,ERR,ERR,ERR,ERR,ERR,ERR,ERR,ERR,ERR,ERR,ERR,ERR,ERR,ERR,ERR,ERR,ERR,ERR,ERR,ERR,ERR,ERR,ERR,ERR,ERR,ERR,ERR,ERR,ERR,ERR,ERR,ERR,ERR,ERR,ERR,ERR,ERR,ERR,ERR,ERR,ERR,ERR,ERR,ERR,ERR,ERR,ERR,ERR,ERR,0.0,-0.0,-101055584.0,0.0,0.0,0.0,0.0,nan,0,0,0,32768,0,0.0,0,0.0,0.0,0.0,0.0,0.0,0,0,0,0,0.0,0,0,0,0,0,0,0,0,0,0,0,0,0,0,0,0,0,0,0,0,0,0,0,0,0,0,0,0,0,0,0,0,0,0,0,0,0,0,0,0,0,0,0,0,0.0,0.0,0.0,0.0,0.0,0.0,0.0,0.0,0.0,0.0,0.0,0.0,0.0,0.0,0.0,0.0,0.0,0.0,0.0,0.0,0.0,0.0,-0.0,-2.004,-2.004,-0.0,0.0,0.0,0.0,0.0,3367.5,-3.6971535880805155e+19,0.0,0.0,-0.0,-0.0,2.7184274988523002e+23,0.0,0.0,0.0,0.0,0,-1.9056958870913024e+17,-4.950375985435095e+32,0.0,0.0,0.0,0.0,0.0,0.0,0.0,0,0,0,0.0,0.0,0.0,0.0,0.0,0.0,0.0,0.0,0.0,0.0,0.0,0.0,0.0,0.0,0.0,0.0,0,-107875648.0,0,0.0,0,-107875648.0,-107877712.0,0,0,17039,13107,17053,39322,17037,0,0,0,110,100,100,0.0,64.0,0.0,64.9,-107615304.0,68.5,1,49,50,180,0,26215,0,0,0.0,0.0,0.0,0.0,0.0,65.0,0.0,-77447766016.0,0.0,645,0,687,0,0,0,715,0,786,0,708,0,689,0,645,0,641,0,619,0.032,36962304.0,-2.004,-0.0,37264,16788,-6.754813515279056e+28,-77447766016.0,-0.0,0.0,-35138.031,-5.254462416116369e+32,29.0,60.0,70,0.0,0.0,0.0,0.0,0.0,0.0,0.0,0.0,0.0,0.0,0.0,0.0,0.0,0.0,0.0,0.0,59.2,68,11,65509,41,65476,0,300,0,0,8,20529,65476,0,0,61604,60.0,0.0,0.0,0.0,0.0,0.0
2026-04-04T11:38:17,ERR,ERR,ERR,ERR,ERR,ERR,ERR,ERR,ERR,ERR,ERR,ERR,ERR,ERR,ERR,ERR,ERR,ERR,ERR,ERR,ERR,ERR,ERR,ERR,ERR,ERR,ERR,ERR,ERR,ERR,ERR,ERR,ERR,ERR,ERR,ERR,ERR,ERR,ERR,ERR,ERR,ERR,ERR,ERR,ERR,ERR,ERR,ERR,ERR,ERR,ERR,ERR,ERR,ERR,ERR,ERR,ERR,ERR,ERR,ERR,ERR,ERR,ERR,ERR,ERR,ERR,ERR,ERR,ERR,ERR,ERR,ERR,ERR,ERR,ERR,ERR,ERR,ERR,ERR,ERR,ERR,ERR,ERR,ERR,ERR,ERR,ERR,ERR,ERR,ERR,ERR,ERR,ERR,ERR,ERR,ERR,ERR,ERR,ERR,ERR,ERR,ERR,ERR,ERR,ERR,ERR,ERR,ERR,ERR,ERR,ERR,ERR,ERR,ERR,ERR,ERR,ERR,ERR,ERR,ERR,ERR,ERR,ERR,ERR,ERR,0.0,-0.0,-101055584.0,0.0,0.0,0.0,0.0,nan,0,0,0,32768,0,0.0,0,0.0,0.0,0.0,0.0,0.0,0,0,0,0,0.0,0,0,0,0,0,0,0,0,0,0,0,0,0,0,0,0,0,0,0,0,0,0,0,0,0,0,0,0,0,0,0,0,0,0,0,0,0,0,0,0,0,0,0,0,0.0,0.0,0.0,0.0,0.0,0.0,0.0,0.0,0.0,0.0,0.0,0.0,0.0,0.0,0.0,0.0,0.0,0.0,0.0,0.0,0.0,0.0,-0.0,-2.004,-2.004,-0.0,0.0,0.0,0.0,0.0,3367.5,-3.6971535880805155e+19,0.0,0.0,-0.0,-0.0,2.7184274988523002e+23,0.0,0.0,0.0,0.0,0,-1.9056958870913024e+17,-4.950375985435095e+32,0.0,0.0,0.0,0.0,0.0,0.0,0.0,0,0,0,0.0,0.0,0.0,0.0,0.0,0.0,0.0,0.0,0.0,0.0,0.0,0.0,0.0,0.0,0.0,0.0,0,-107875648.0,0,0.0,0,-107875648.0,-107877712.0,0,0,17039,13107,17053,39322,17037,0,0,0,110,100,100,0.0,64.0,0.0,64.9,-107615304.0,68.5,1,49,50,180,0,26215,0,0,0.0,0.0,0.0,0.0,0.0,65.0,0.0,-77447766016.0,0.0,645,0,687,0,0,0,715,0,786,0,708,0,689,0,645,0,641,0,619,0.032,36962304.0,-2.004,-0.0,37264,16788,-6.754813515279056e+28,-77447766016.0,-0.0,0.0,-35138.031,-5.254462416116369e+32,29.0,60.0,70,0.0,0.0,0.0,0.0,0.0,0.0,0.0,0.0,0.0,0.0,0.0,0.0,0.0,0.0,0.0,0.0,59.2,68,11,65509,41,65476,0,300,0,0,8,20529,65476,0,0,61604,60.0,0.0,0.0,0.0,0.0,0.0
2026-04-04T11:38:18,ERR,ERR,ERR,ERR,ERR,ERR,ERR,ERR,ERR,ERR,ERR,ERR,ERR,ERR,ERR,ERR,ERR,ERR,ERR,ERR,ERR,ERR,ERR,ERR,ERR,ERR,ERR,ERR,ERR,ERR,ERR,ERR,ERR,ERR,ERR,ERR,ERR,ERR,ERR,ERR,ERR,ERR,ERR,ERR,ERR,ERR,ERR,ERR,ERR,ERR,ERR,ERR,ERR,ERR,ERR,ERR,ERR,ERR,ERR,ERR,ERR,ERR,ERR,ERR,ERR,ERR,ERR,ERR,ERR,ERR,ERR,ERR,ERR,ERR,ERR,ERR,ERR,ERR,ERR,ERR,ERR,ERR,ERR,ERR,ERR,ERR,ERR,ERR,ERR,ERR,ERR,ERR,ERR,ERR,ERR,ERR,ERR,ERR,ERR,ERR,ERR,ERR,ERR,ERR,ERR,ERR,ERR,ERR,ERR,ERR,ERR,ERR,ERR,ERR,ERR,ERR,ERR,ERR,ERR,ERR,ERR,ERR,ERR,ERR,ERR,0.0,-0.0,-101055584.0,0.0,0.0,0.0,0.0,nan,0,0,0,32768,0,0.0,0,0.0,0.0,0.0,0.0,0.0,0,0,0,0,0.0,0,0,0,0,0,0,0,0,0,0,0,0,0,0,0,0,0,0,0,0,0,0,0,0,0,0,0,0,0,0,0,0,0,0,0,0,0,0,0,0,0,0,0,0,0.0,0.0,0.0,0.0,0.0,0.0,0.0,0.0,0.0,0.0,0.0,0.0,0.0,0.0,0.0,0.0,0.0,0.0,0.0,0.0,0.0,0.0,-0.0,-2.004,-2.004,-0.0,0.0,0.0,0.0,0.0,3367.5,-3.6971535880805155e+19,0.0,0.0,-0.0,-0.0,2.7184274988523002e+23,0.0,0.0,0.0,0.0,0,-1.9056958870913024e+17,-4.950375985435095e+32,0.0,0.0,0.0,0.0,0.0,0.0,0.0,0,0,0,0.0,0.0,0.0,0.0,0.0,0.0,0.0,0.0,0.0,0.0,0.0,0.0,0.0,0.0,0.0,0.0,0,-107875648.0,0,0.0,0,-107875648.0,-107877712.0,0,0,17039,13107,17053,39322,17037,0,0,0,110,100,100,0.0,64.0,0.0,64.9,-107615304.0,68.5,1,49,50,180,0,26215,0,0,0.0,0.0,0.0,0.0,0.0,65.0,0.0,-77447766016.0,0.0,645,0,687,0,0,0,715,0,786,0,708,0,689,0,645,0,641,0,619,0.032,36962304.0,-2.004,-0.0,37264,16788,-6.754813515279056e+28,-77447766016.0,-0.0,0.0,-35138.031,-5.254462416116369e+32,29.0,60.0,70,0.0,0.0,0.0,0.0,0.0,0.0,0.0,0.0,0.0,0.0,0.0,0.0,0.0,0.0,0.0,0.0,59.2,68,11,65509,41,65476,0,300,0,0,8,20529,65476,0,0,61604,60.0,0.0,0.0,0.0,0.0,0.0
2026-04-04T11:38:19,ERR,ERR,ERR,ERR,ERR,ERR,ERR,ERR,ERR,ERR,ERR,ERR,ERR,ERR,ERR,ERR,ERR,ERR,ERR,ERR,ERR,ERR,ERR,ERR,ERR,ERR,ERR,ERR,ERR,ERR,ERR,ERR,ERR,ERR,ERR,ERR,ERR,ERR,ERR,ERR,ERR,ERR,ERR,ERR,ERR,ERR,ERR,ERR,ERR,ERR,ERR,ERR,ERR,ERR,ERR,ERR,ERR,ERR,ERR,ERR,ERR,ERR,ERR,ERR,ERR,ERR,ERR,ERR,ERR,ERR,ERR,ERR,ERR,ERR,ERR,ERR,ERR,ERR,ERR,ERR,ERR,ERR,ERR,ERR,ERR,ERR,ERR,ERR,ERR,ERR,ERR,ERR,ERR,ERR,ERR,ERR,ERR,ERR,ERR,ERR,ERR,ERR,ERR,ERR,ERR,ERR,ERR,ERR,ERR,ERR,ERR,ERR,ERR,ERR,ERR,ERR,ERR,ERR,ERR,ERR,ERR,ERR,ERR,ERR,ERR,0.0,-0.0,-101055584.0,0.0,0.0,0.0,0.0,nan,0,0,0,32768,0,0.0,0,0.0,0.0,0.0,0.0,0.0,0,0,0,0,0.0,0,0,0,0,0,0,0,0,0,0,0,0,0,0,0,0,0,0,0,0,0,0,0,0,0,0,0,0,0,0,0,0,0,0,0,0,0,0,0,0,0,0,0,0,0.0,0.0,0.0,0.0,0.0,0.0,0.0,0.0,0.0,0.0,0.0,0.0,0.0,0.0,0.0,0.0,0.0,0.0,0.0,0.0,0.0,0.0,-0.0,-2.004,-2.004,-0.0,0.0,0.0,0.0,0.0,3367.5,-3.6971535880805155e+19,0.0,0.0,-0.0,-0.0,2.7184274988523002e+23,0.0,0.0,0.0,0.0,0,-1.9056958870913024e+17,-4.950375985435095e+32,0.0,0.0,0.0,0.0,0.0,0.0,0.0,0,0,0,0.0,0.0,0.0,0.0,0.0,0.0,0.0,0.0,0.0,0.0,0.0,0.0,0.0,0.0,0.0,0.0,0,-107875648.0,0,0.0,0,-107875648.0,-107877712.0,0,0,17039,13107,17053,39322,17037,0,0,0,110,100,100,0.0,64.0,0.0,64.9,-107615304.0,68.5,1,49,50,180,0,26215,0,0,0.0,0.0,0.0,0.0,0.0,65.0,0.0,-77447766016.0,0.0,645,0,687,0,0,0,715,0,786,0,708,0,689,0,645,0,641,0,619,0.032,36962304.0,-2.004,-0.0,37264,16788,-6.754813515279056e+28,-77447766016.0,-0.0,0.0,-35138.031,-5.254462416116369e+32,29.0,60.0,70,0.0,0.0,0.0,0.0,0.0,0.0,0.0,0.0,0.0,0.0,0.0,0.0,0.0,0.0,0.0,0.0,59.2,68,11,65509,41,65476,0,300,0,0,8,20529,65476,0,0,61604,60.0,0.0,0.0,0.0,0.0,0.0
2026-04-04T11:38:20,ERR,ERR,ERR,ERR,ERR,ERR,ERR,ERR,ERR,ERR,ERR,ERR,ERR,ERR,ERR,ERR,ERR,ERR,ERR,ERR,ERR,ERR,ERR,ERR,ERR,ERR,ERR,ERR,ERR,ERR,ERR,ERR,ERR,ERR,ERR,ERR,ERR,ERR,ERR,ERR,ERR,ERR,ERR,ERR,ERR,ERR,ERR,ERR,ERR,ERR,ERR,ERR,ERR,ERR,ERR,ERR,ERR,ERR,ERR,ERR,ERR,ERR,ERR,ERR,ERR,ERR,ERR,ERR,ERR,ERR,ERR,ERR,ERR,ERR,ERR,ERR,ERR,ERR,ERR,ERR,ERR,ERR,ERR,ERR,ERR,ERR,ERR,ERR,ERR,ERR,ERR,ERR,ERR,ERR,ERR,ERR,ERR,ERR,ERR,ERR,ERR,ERR,ERR,ERR,ERR,ERR,ERR,ERR,ERR,ERR,ERR,ERR,ERR,ERR,ERR,ERR,ERR,ERR,ERR,ERR,ERR,ERR,ERR,ERR,ERR,0.0,-0.0,-101055584.0,0.0,0.0,0.0,0.0,nan,0,0,0,32768,0,0.0,0,0.0,0.0,0.0,0.0,0.0,0,0,0,0,0.0,0,0,0,0,0,0,0,0,0,0,0,0,0,0,0,0,0,0,0,0,0,0,0,0,0,0,0,0,0,0,0,0,0,0,0,0,0,0,0,0,0,0,0,0,0.0,0.0,0.0,0.0,0.0,0.0,0.0,0.0,0.0,0.0,0.0,0.0,0.0,0.0,0.0,0.0,0.0,0.0,0.0,0.0,0.0,0.0,-0.0,-2.004,-2.004,-0.0,0.0,0.0,0.0,0.0,3367.5,-3.6971535880805155e+19,0.0,0.0,-0.0,-0.0,2.7184274988523002e+23,0.0,0.0,0.0,0.0,0,-1.9056958870913024e+17,-4.950375985435095e+32,0.0,0.0,0.0,0.0,0.0,0.0,0.0,0,0,0,0.0,0.0,0.0,0.0,0.0,0.0,0.0,0.0,0.0,0.0,0.0,0.0,0.0,0.0,0.0,0.0,0,-107875648.0,0,0.0,0,-107875648.0,-107877712.0,0,0,17039,13107,17053,39322,17037,0,0,0,110,100,100,0.0,64.0,0.0,64.9,-107615304.0,68.5,1,49,50,180,0,26215,0,0,0.0,0.0,0.0,0.0,0.0,65.0,0.0,-77447766016.0,0.0,645,0,687,0,0,0,715,0,786,0,708,0,689,0,645,0,641,0,619,0.032,36962304.0,-2.004,-0.0,37264,16788,-6.754813515279056e+28,-77447766016.0,-0.0,0.0,-35138.031,-5.254462416116369e+32,29.0,60.0,70,0.0,0.0,0.0,0.0,0.0,0.0,0.0,0.0,0.0,0.0,0.0,0.0,0.0,0.0,0.0,0.0,59.2,68,11,65509,41,65476,0,300,0,0,8,20529,65476,0,0,61604,60.0,0.0,0.0,0.0,0.0,0.0
2026-04-04T11:38:21,ERR,ERR,ERR,ERR,ERR,ERR,ERR,ERR,ERR,ERR,ERR,ERR,ERR,ERR,ERR,ERR,ERR,ERR,ERR,ERR,ERR,ERR,ERR,ERR,ERR,ERR,ERR,ERR,ERR,ERR,ERR,ERR,ERR,ERR,ERR,ERR,ERR,ERR,ERR,ERR,ERR,ERR,ERR,ERR,ERR,ERR,ERR,ERR,ERR,ERR,ERR,ERR,ERR,ERR,ERR,ERR,ERR,ERR,ERR,ERR,ERR,ERR,ERR,ERR,ERR,ERR,ERR,ERR,ERR,ERR,ERR,ERR,ERR,ERR,ERR,ERR,ERR,ERR,ERR,ERR,ERR,ERR,ERR,ERR,ERR,ERR,ERR,ERR,ERR,ERR,ERR,ERR,ERR,ERR,ERR,ERR,ERR,ERR,ERR,ERR,ERR,ERR,ERR,ERR,ERR,ERR,ERR,ERR,ERR,ERR,ERR,ERR,ERR,ERR,ERR,ERR,ERR,ERR,ERR,ERR,ERR,ERR,ERR,ERR,ERR,0.0,-0.0,-101055584.0,0.0,0.0,0.0,0.0,nan,0,0,0,32768,0,0.0,0,0.0,0.0,0.0,0.0,0.0,0,0,0,0,0.0,0,0,0,0,0,0,0,0,0,0,0,0,0,0,0,0,0,0,0,0,0,0,0,0,0,0,0,0,0,0,0,0,0,0,0,0,0,0,0,0,0,0,0,0,0.0,0.0,0.0,0.0,0.0,0.0,0.0,0.0,0.0,0.0,0.0,0.0,0.0,0.0,0.0,0.0,0.0,0.0,0.0,0.0,0.0,0.0,-0.0,-2.004,-2.004,-0.0,0.0,0.0,0.0,0.0,3367.5,-3.6971535880805155e+19,0.0,0.0,-0.0,-0.0,2.7184274988523002e+23,0.0,0.0,0.0,0.0,0,-1.9056958870913024e+17,-4.950375985435095e+32,0.0,0.0,0.0,0.0,0.0,0.0,0.0,0,0,0,0.0,0.0,0.0,0.0,0.0,0.0,0.0,0.0,0.0,0.0,0.0,0.0,0.0,0.0,0.0,0.0,0,-107875648.0,0,0.0,0,-107875648.0,-107877712.0,0,0,17039,13107,17053,39322,17037,0,0,0,110,100,100,0.0,64.0,0.0,64.9,-107615304.0,68.5,1,49,50,180,0,26215,0,0,0.0,0.0,0.0,0.0,-1.792350955675641e+26,65.0,0.0,-0.0,0.0,645,0,687,0,0,0,715,0,786,0,708,0,689,0,645,0,641,0,618,0.032,36700160.0,-0.0,0.0,43152,16788,-1.4426857277478777e+33,-0.0,0.0,0.0,0.0,3.5748694739419735e+24,29.0,60.0,70,0.0,0.0,0.0,0.0,0.0,0.0,0.0,0.0,0.0,0.0,0.0,0.0,0.0,0.0,0.0,0.0,59.2,68,11,65509,41,65476,0,300,0,0,8,20529,65476,0,0,61604,60.0,0.0,0.0,0.0,0.0,0.0
2026-04-04T11:38:22,ERR,ERR,ERR,ERR,ERR,ERR,ERR,ERR,ERR,ERR,ERR,ERR,ERR,ERR,ERR,ERR,ERR,ERR,ERR,ERR,ERR,ERR,ERR,ERR,ERR,ERR,ERR,ERR,ERR,ERR,ERR,ERR,ERR,ERR,ERR,ERR,ERR,ERR,ERR,ERR,ERR,ERR,ERR,ERR,ERR,ERR,ERR,ERR,ERR,ERR,ERR,ERR,ERR,ERR,ERR,ERR,ERR,ERR,ERR,ERR,ERR,ERR,ERR,ERR,ERR,ERR,ERR,ERR,ERR,ERR,ERR,ERR,ERR,ERR,ERR,ERR,ERR,ERR,ERR,ERR,ERR,ERR,ERR,ERR,ERR,ERR,ERR,ERR,ERR,ERR,ERR,ERR,ERR,ERR,ERR,ERR,ERR,ERR,ERR,ERR,ERR,ERR,ERR,ERR,ERR,ERR,ERR,ERR,ERR,ERR,ERR,ERR,ERR,ERR,ERR,ERR,ERR,ERR,ERR,ERR,ERR,ERR,ERR,ERR,ERR,0.0,-0.0,-101055584.0,0.0,0.0,0.0,0.0,nan,0,0,0,32768,0,0.0,0,0.0,0.0,0.0,0.0,0.0,0,0,0,0,0.0,0,0,0,0,0,0,0,0,0,0,0,0,0,0,0,0,0,0,0,0,0,0,0,0,0,0,0,0,0,0,0,0,0,0,0,0,0,0,0,0,0,0,0,0,0.0,0.0,0.0,0.0,0.0,0.0,0.0,0.0,0.0,0.0,0.0,0.0,0.0,0.0,0.0,0.0,0.0,0.0,0.0,0.0,0.0,0.0,-0.0,-2.004,-2.004,-0.0,0.0,0.0,0.0,0.0,3381.5,0.0,0.0,0.0,-0.0,-0.0,2.7184274988523002e+23,0.0,0.0,0.0,0.0,0,-89221.016,0.0,0.0,0.0,0.0,0.0,0.0,0.0,0.0,0,0,0,0.0,0.0,0.0,0.0,0.0,0.0,0.0,0.0,0.0,0.0,0.0,0.0,0.0,0.0,0.0,0.0,0,-107875648.0,0,0.0,0,-107875648.0,-107877712.0,0,0,17039,13107,17053,39322,17037,0,0,0,110,100,100,0.0,64.0,0.0,64.9,-107615304.0,68.5,1,49,50,180,0,26215,0,0,0.0,0.0,0.0,0.0,-1.792350955675641e+26,65.0,0.0,-0.0,0.0,645,0,687,0,0,0,715,0,786,0,708,0,689,0,645,0,641,0,618,0.032,36700160.0,-0.0,0.0,43152,16788,-1.4426857277478777e+33,-0.0,0.0,0.0,0.0,3.5748694739419735e+24,29.0,60.0,70,0.0,0.0,0.0,0.0,0.0,0.0,0.0,0.0,0.0,0.0,0.0,0.0,0.0,0.0,0.0,0.0,59.2,68,11,65509,41,65476,0,300,0,0,8,20529,65476,0,0,61604,60.0,0.0,0.0,0.0,0.0,0.0
2026-04-04T11:38:23,ERR,ERR,ERR,ERR,ERR,ERR,ERR,ERR,ERR,ERR,ERR,ERR,ERR,ERR,ERR,ERR,ERR,ERR,ERR,ERR,ERR,ERR,ERR,ERR,ERR,ERR,ERR,ERR,ERR,ERR,ERR,ERR,ERR,ERR,ERR,ERR,ERR,ERR,ERR,ERR,ERR,ERR,ERR,ERR,ERR,ERR,ERR,ERR,ERR,ERR,ERR,ERR,ERR,ERR,ERR,ERR,ERR,ERR,ERR,ERR,ERR,ERR,ERR,ERR,ERR,ERR,ERR,ERR,ERR,ERR,ERR,ERR,ERR,ERR,ERR,ERR,ERR,ERR,ERR,ERR,ERR,ERR,ERR,ERR,ERR,ERR,ERR,ERR,ERR,ERR,ERR,ERR,ERR,ERR,ERR,ERR,ERR,ERR,ERR,ERR,ERR,ERR,ERR,ERR,ERR,ERR,ERR,ERR,ERR,ERR,ERR,ERR,ERR,ERR,ERR,ERR,ERR,ERR,ERR,ERR,ERR,ERR,ERR,ERR,ERR,0.0,-0.0,-101055584.0,0.0,0.0,0.0,0.0,nan,0,0,0,32768,0,0.0,0,0.0,0.0,0.0,0.0,0.0,0,0,0,0,0.0,0,0,0,0,0,0,0,0,0,0,0,0,0,0,0,0,0,0,0,0,0,0,0,0,0,0,0,0,0,0,0,0,0,0,0,0,0,0,0,0,0,0,0,0,0.0,0.0,0.0,0.0,0.0,0.0,0.0,0.0,0.0,0.0,0.0,0.0,0.0,0.0,0.0,0.0,0.0,0.0,0.0,0.0,0.0,0.0,-0.0,-2.004,-2.004,-0.0,0.0,0.0,0.0,0.0,3381.5,0.0,0.0,0.0,-0.0,-0.0,2.7184274988523002e+23,0.0,0.0,0.0,0.0,0,-89221.016,0.0,0.0,0.0,0.0,0.0,0.0,0.0,0.0,0,0,0,0.0,0.0,0.0,0.0,0.0,0.0,0.0,0.0,0.0,0.0,0.0,0.0,0.0,0.0,0.0,0.0,0,-107875648.0,0,0.0,0,-107875648.0,-107877712.0,0,0,17039,13107,17053,39322,17037,0,0,0,110,100,100,0.0,64.0,0.0,64.9,-107615304.0,68.5,1,49,50,180,0,26215,0,0,0.0,0.0,0.0,0.0,-1.792350955675641e+26,65.0,0.0,-0.0,0.0,645,0,687,0,0,0,715,0,786,0,708,0,689,0,645,0,641,0,618,0.032,36700160.0,-0.0,0.0,43152,16788,-1.4426857277478777e+33,-0.0,0.0,0.0,0.0,3.5748694739419735e+24,29.0,60.0,70,0.0,0.0,0.0,0.0,0.0,0.0,0.0,0.0,0.0,0.0,0.0,0.0,0.0,0.0,0.0,0.0,59.2,68,11,65509,41,65476,0,300,0,0,8,20529,65476,0,0,61604,60.0,0.0,0.0,0.0,0.0,0.0
2026-04-04T11:38:24,ERR,ERR,ERR,ERR,ERR,ERR,ERR,ERR,ERR,ERR,ERR,ERR,ERR,ERR,ERR,ERR,ERR,ERR,ERR,ERR,ERR,ERR,ERR,ERR,ERR,ERR,ERR,ERR,ERR,ERR,ERR,ERR,ERR,ERR,ERR,ERR,ERR,ERR,ERR,ERR,ERR,ERR,ERR,ERR,ERR,ERR,ERR,ERR,ERR,ERR,ERR,ERR,ERR,ERR,ERR,ERR,ERR,ERR,ERR,ERR,ERR,ERR,ERR,ERR,ERR,ERR,ERR,ERR,ERR,ERR,ERR,ERR,ERR,ERR,ERR,ERR,ERR,ERR,ERR,ERR,ERR,ERR,ERR,ERR,ERR,ERR,ERR,ERR,ERR,ERR,ERR,ERR,ERR,ERR,ERR,ERR,ERR,ERR,ERR,ERR,ERR,ERR,ERR,ERR,ERR,ERR,ERR,ERR,ERR,ERR,ERR,ERR,ERR,ERR,ERR,ERR,ERR,ERR,ERR,ERR,ERR,ERR,ERR,ERR,ERR,0.0,-0.0,-101055584.0,0.0,0.0,0.0,0.0,nan,0,0,0,32768,0,0.0,0,0.0,0.0,0.0,0.0,0.0,0,0,0,0,0.0,0,0,0,0,0,0,0,0,0,0,0,0,0,0,0,0,0,0,0,0,0,0,0,0,0,0,0,0,0,0,0,0,0,0,0,0,0,0,0,0,0,0,0,0,0.0,0.0,0.0,0.0,0.0,0.0,0.0,0.0,0.0,0.0,0.0,0.0,0.0,0.0,0.0,0.0,0.0,0.0,0.0,0.0,0.0,0.0,-0.0,-2.004,-2.004,-0.0,0.0,0.0,0.0,0.0,3381.5,0.0,0.0,0.0,-0.0,-0.0,2.7184274988523002e+23,0.0,0.0,0.0,0.0,0,-89221.016,0.0,0.0,0.0,0.0,0.0,0.0,0.0,0.0,0,0,0,0.0,0.0,0.0,0.0,0.0,0.0,0.0,0.0,0.0,0.0,0.0,0.0,0.0,0.0,0.0,0.0,0,-107875648.0,0,0.0,0,-107875648.0,-107877712.0,0,0,17039,13107,17053,39322,17037,0,0,0,110,100,100,0.0,64.0,0.0,64.9,-107615304.0,68.5,1,49,50,180,0,26215,0,0,0.0,0.0,0.0,0.0,-1.792350955675641e+26,65.0,0.0,-0.0,0.0,645,0,687,0,0,0,715,0,786,0,708,0,689,0,645,0,641,0,618,0.032,36700160.0,-0.0,0.0,43152,16788,-1.4426857277478777e+33,-0.0,0.0,0.0,0.0,3.5748694739419735e+24,29.0,60.0,70,0.0,0.0,0.0,0.0,0.0,0.0,0.0,0.0,0.0,0.0,0.0,0.0,0.0,0.0,0.0,0.0,59.2,68,11,65509,41,65476,0,300,0,0,8,20529,65476,0,0,61604,60.0,0.0,0.0,0.0,0.0,0.0
2026-04-04T11:38:25,ERR,ERR,ERR,ERR,ERR,ERR,ERR,ERR,ERR,ERR,ERR,ERR,ERR,ERR,ERR,ERR,ERR,ERR,ERR,ERR,ERR,ERR,ERR,ERR,ERR,ERR,ERR,ERR,ERR,ERR,ERR,ERR,ERR,ERR,ERR,ERR,ERR,ERR,ERR,ERR,ERR,ERR,ERR,ERR,ERR,ERR,ERR,ERR,ERR,ERR,ERR,ERR,ERR,ERR,ERR,ERR,ERR,ERR,ERR,ERR,ERR,ERR,ERR,ERR,ERR,ERR,ERR,ERR,ERR,ERR,ERR,ERR,ERR,ERR,ERR,ERR,ERR,ERR,ERR,ERR,ERR,ERR,ERR,ERR,ERR,ERR,ERR,ERR,ERR,ERR,ERR,ERR,ERR,ERR,ERR,ERR,ERR,ERR,ERR,ERR,ERR,ERR,ERR,ERR,ERR,ERR,ERR,ERR,ERR,ERR,ERR,ERR,ERR,ERR,ERR,ERR,ERR,ERR,ERR,ERR,ERR,ERR,ERR,ERR,ERR,0.0,-0.0,-101055584.0,0.0,0.0,0.0,0.0,nan,0,0,0,32768,0,0.0,0,0.0,0.0,0.0,0.0,0.0,0,0,0,0,0.0,0,0,0,0,0,0,0,0,0,0,0,0,0,0,0,0,0,0,0,0,0,0,0,0,0,0,0,0,0,0,0,0,0,0,0,0,0,0,0,0,0,0,0,0,0.0,0.0,0.0,0.0,0.0,0.0,0.0,0.0,0.0,0.0,0.0,0.0,0.0,0.0,0.0,0.0,0.0,0.0,0.0,0.0,0.0,0.0,-0.0,-2.004,-2.004,-0.0,0.0,0.0,0.0,0.0,3381.5,0.0,0.0,0.0,-0.0,-0.0,2.7184274988523002e+23,0.0,0.0,0.0,0.0,0,-89221.016,0.0,0.0,0.0,0.0,0.0,0.0,0.0,0.0,0,0,0,0.0,0.0,0.0,0.0,0.0,0.0,0.0,0.0,0.0,0.0,0.0,0.0,0.0,0.0,0.0,0.0,0,-107875648.0,0,0.0,0,-107875648.0,-107877712.0,0,0,17039,13107,17053,39322,17037,0,0,0,110,100,100,0.0,64.0,0.0,64.9,-107615304.0,68.5,1,49,50,180,0,26215,0,0,0.0,0.0,0.0,0.0,-1.792350955675641e+26,65.0,0.0,-0.0,0.0,645,0,687,0,0,0,715,0,786,0,708,0,689,0,645,0,641,0,618,0.032,36700160.0,-0.0,0.0,43152,16788,-1.4426857277478777e+33,-0.0,0.0,0.0,0.0,3.5748694739419735e+24,29.0,60.0,70,0.0,0.0,0.0,0.0,0.0,0.0,0.0,0.0,0.0,0.0,0.0,0.0,0.0,0.0,0.0,0.0,59.2,68,11,65509,41,65476,0,300,0,0,8,20529,65476,0,0,61604,60.0,0.0,0.0,0.0,0.0,0.0
2026-04-04T11:38:26,ERR,ERR,ERR,ERR,ERR,ERR,ERR,ERR,ERR,ERR,ERR,ERR,ERR,ERR,ERR,ERR,ERR,ERR,ERR,ERR,ERR,ERR,ERR,ERR,ERR,ERR,ERR,ERR,ERR,ERR,ERR,ERR,ERR,ERR,ERR,ERR,ERR,ERR,ERR,ERR,ERR,ERR,ERR,ERR,ERR,ERR,ERR,ERR,ERR,ERR,ERR,ERR,ERR,ERR,ERR,ERR,ERR,ERR,ERR,ERR,ERR,ERR,ERR,ERR,ERR,ERR,ERR,ERR,ERR,ERR,ERR,ERR,ERR,ERR,ERR,ERR,ERR,ERR,ERR,ERR,ERR,ERR,ERR,ERR,ERR,ERR,ERR,ERR,ERR,ERR,ERR,ERR,ERR,ERR,ERR,ERR,ERR,ERR,ERR,ERR,ERR,ERR,ERR,ERR,ERR,ERR,ERR,ERR,ERR,ERR,ERR,ERR,ERR,ERR,ERR,ERR,ERR,ERR,ERR,ERR,ERR,ERR,ERR,ERR,ERR,0.0,-0.0,-101055584.0,0.0,0.0,0.0,0.0,nan,0,0,0,32768,0,0.0,0,0.0,0.0,0.0,0.0,0.0,0,0,0,0,0.0,0,0,0,0,0,0,0,0,0,0,0,0,0,0,0,0,0,0,0,0,0,0,0,0,0,0,0,0,0,0,0,0,0,0,0,0,0,0,0,0,0,0,0,0,0.0,0.0,0.0,0.0,0.0,0.0,0.0,0.0,0.0,0.0,0.0,0.0,0.0,0.0,0.0,0.0,0.0,0.0,0.0,0.0,0.0,0.0,-0.0,-2.004,-2.004,-0.0,0.0,0.0,0.0,0.0,3381.5,0.0,0.0,0.0,-0.0,-0.0,2.7184274988523002e+23,0.0,0.0,0.0,0.0,0,-89221.016,0.0,0.0,0.0,0.0,0.0,0.0,0.0,0.0,0,0,0,0.0,0.0,0.0,0.0,0.0,0.0,0.0,0.0,0.0,0.0,0.0,0.0,0.0,0.0,0.0,0.0,0,-107875648.0,0,0.0,0,-107875648.0,-107877712.0,0,0,17039,13107,17053,39322,17037,0,0,0,110,100,100,0.0,64.0,0.0,64.9,-107615304.0,68.5,1,49,50,180,0,26215,0,0,0.0,0.0,0.0,0.0,-1.792350955675641e+26,65.0,0.0,-0.0,0.0,645,0,687,0,0,0,715,0,786,0,708,0,689,0,645,0,641,0,618,0.032,36700160.0,-0.0,0.0,43152,16788,-1.4426857277478777e+33,-0.0,0.0,0.0,0.0,3.5748694739419735e+24,29.0,60.0,70,0.0,0.0,0.0,0.0,0.0,0.0,0.0,0.0,0.0,0.0,0.0,0.0,0.0,0.0,0.0,0.0,59.2,68,11,65509,41,65476,0,300,0,0,8,20529,65476,0,0,61604,60.0,0.0,0.0,0.0,0.0,0.0
2026-04-04T11:38:27,ERR,ERR,ERR,ERR,ERR,ERR,ERR,ERR,ERR,ERR,ERR,ERR,ERR,ERR,ERR,ERR,ERR,ERR,ERR,ERR,ERR,ERR,ERR,ERR,ERR,ERR,ERR,ERR,ERR,ERR,ERR,ERR,ERR,ERR,ERR,ERR,ERR,ERR,ERR,ERR,ERR,ERR,ERR,ERR,ERR,ERR,ERR,ERR,ERR,ERR,ERR,ERR,ERR,ERR,ERR,ERR,ERR,ERR,ERR,ERR,ERR,ERR,ERR,ERR,ERR,ERR,ERR,ERR,ERR,ERR,ERR,ERR,ERR,ERR,ERR,ERR,ERR,ERR,ERR,ERR,ERR,ERR,ERR,ERR,ERR,ERR,ERR,ERR,ERR,ERR,ERR,ERR,ERR,ERR,ERR,ERR,ERR,ERR,ERR,ERR,ERR,ERR,ERR,ERR,ERR,ERR,ERR,ERR,ERR,ERR,ERR,ERR,ERR,ERR,ERR,ERR,ERR,ERR,ERR,ERR,ERR,ERR,ERR,ERR,ERR,0.0,-0.0,-101055584.0,0.0,0.0,0.0,0.0,nan,0,0,0,32768,0,0.0,0,0.0,0.0,0.0,0.0,0.0,0,0,0,0,0.0,0,0,0,0,0,0,0,0,0,0,0,0,0,0,0,0,0,0,0,0,0,0,0,0,0,0,0,0,0,0,0,0,0,0,0,0,0,0,0,0,0,0,0,0,0.0,0.0,0.0,0.0,0.0,0.0,0.0,0.0,0.0,0.0,0.0,0.0,0.0,0.0,0.0,0.0,0.0,0.0,0.0,0.0,0.0,0.0,-0.0,-2.004,-2.004,-0.0,0.0,0.0,0.0,0.0,3381.5,0.0,0.0,0.0,-0.0,-0.0,2.7184274988523002e+23,0.0,0.0,0.0,0.0,0,-89221.016,0.0,0.0,0.0,0.0,0.0,0.0,0.0,0.0,0,0,0,0.0,0.0,0.0,0.0,0.0,0.0,0.0,0.0,0.0,0.0,0.0,0.0,0.0,0.0,0.0,0.0,0,-107875648.0,0,0.0,0,-107875648.0,-107877712.0,0,0,17039,13107,17053,39322,17037,0,0,0,110,100,100,0.0,64.0,0.0,64.9,-107615304.0,68.5,1,49,50,180,0,26215,0,0,0.0,0.0,0.0,0.0,-7.708489995773126e+27,65.0,0.0,-0.0,0.0,645,0,687,0,0,0,715,0,786,0,708,0,689,0,645,0,641,0,618,0.032,36962304.0,-0.0,0.0,56464,16788,-4.803078052066052e+36,1.4832295019745132e+33,0.0,0.0,0.0,4.648368475822604e+26,29.0,60.0,70,0.0,0.0,0.0,0.0,0.0,0.0,0.0,0.0,0.0,0.0,0.0,0.0,0.0,0.0,0.0,0.0,59.2,68,11,65509,41,65476,0,300,0,0,8,20529,65476,0,0,61604,60.0,0.0,0.0,0.0,0.0,0.0
2026-04-04T11:38:28,ERR,ERR,ERR,ERR,ERR,ERR,ERR,ERR,ERR,ERR,ERR,ERR,ERR,ERR,ERR,ERR,ERR,ERR,ERR,ERR,ERR,ERR,ERR,ERR,ERR,ERR,ERR,ERR,ERR,ERR,ERR,ERR,ERR,ERR,ERR,ERR,ERR,ERR,ERR,ERR,ERR,ERR,ERR,ERR,ERR,ERR,ERR,ERR,ERR,ERR,ERR,ERR,ERR,ERR,ERR,ERR,ERR,ERR,ERR,ERR,ERR,ERR,ERR,ERR,ERR,ERR,ERR,ERR,ERR,ERR,ERR,ERR,ERR,ERR,ERR,ERR,ERR,ERR,ERR,ERR,ERR,ERR,ERR,ERR,ERR,ERR,ERR,ERR,ERR,ERR,ERR,ERR,ERR,ERR,ERR,ERR,ERR,ERR,ERR,ERR,ERR,ERR,ERR,ERR,ERR,ERR,ERR,ERR,ERR,ERR,ERR,ERR,ERR,ERR,ERR,ERR,ERR,ERR,ERR,ERR,ERR,ERR,ERR,ERR,ERR,0.0,-0.0,-101055584.0,0.0,0.0,0.0,0.0,nan,0,0,0,32768,0,0.0,0,0.0,0.0,0.0,0.0,0.0,0,0,0,0,0.0,0,0,0,0,0,0,0,0,0,0,0,0,0,0,0,0,0,0,0,0,0,0,0,0,0,0,0,0,0,0,0,0,0,0,0,0,0,0,0,0,0,0,0,0,0.0,0.0,0.0,0.0,0.0,0.0,0.0,0.0,0.0,0.0,0.0,0.0,0.0,0.0,0.0,0.0,0.0,0.0,0.0,0.0,0.0,0.0,-0.0,-2.004,-2.004,-0.0,0.0,0.0,0.0,0.0,3381.5,0.0,0.0,0.0,-0.0,-0.0,2.7184274988523002e+23,0.0,0.0,0.0,0.0,0,-89221.016,0.0,0.0,0.0,0.0,0.0,0.0,0.0,0.0,0,0,0,0.0,0.0,0.0,0.0,0.0,0.0,0.0,0.0,0.0,0.0,0.0,0.0,0.0,0.0,0.0,0.0,0,-107875648.0,0,0.0,0,-107875648.0,-107877712.0,0,0,17039,13107,17053,39322,17037,0,0,0,110,100,100,0.0,64.0,0.0,64.9,-107615304.0,68.5,1,49,50,180,0,26215,0,0,0.0,0.0,0.0,0.0,-7.708489995773126e+27,65.0,0.0,-0.0,0.0,645,0,687,0,0,0,715,0,786,0,708,0,689,0,645,0,641,0,618,0.032,36962304.0,-0.0,0.0,56464,16788,-4.803078052066052e+36,1.4832295019745132e+33,0.0,0.0,0.0,4.648368475822604e+26,29.0,60.0,70,0.0,0.0,0.0,0.0,0.0,0.0,0.0,0.0,0.0,0.0,0.0,0.0,0.0,0.0,0.0,0.0,59.2,68,11,65509,41,65476,0,300,0,0,8,20529,65476,0,0,61604,60.0,0.0,0.0,0.0,0.0,0.0
2026-04-04T11:38:29,ERR,ERR,ERR,ERR,ERR,ERR,ERR,ERR,ERR,ERR,ERR,ERR,ERR,ERR,ERR,ERR,ERR,ERR,ERR,ERR,ERR,ERR,ERR,ERR,ERR,ERR,ERR,ERR,ERR,ERR,ERR,ERR,ERR,ERR,ERR,ERR,ERR,ERR,ERR,ERR,ERR,ERR,ERR,ERR,ERR,ERR,ERR,ERR,ERR,ERR,ERR,ERR,ERR,ERR,ERR,ERR,ERR,ERR,ERR,ERR,ERR,ERR,ERR,ERR,ERR,ERR,ERR,ERR,ERR,ERR,ERR,ERR,ERR,ERR,ERR,ERR,ERR,ERR,ERR,ERR,ERR,ERR,ERR,ERR,ERR,ERR,ERR,ERR,ERR,ERR,ERR,ERR,ERR,ERR,ERR,ERR,ERR,ERR,ERR,ERR,ERR,ERR,ERR,ERR,ERR,ERR,ERR,ERR,ERR,ERR,ERR,ERR,ERR,ERR,ERR,ERR,ERR,ERR,ERR,ERR,ERR,ERR,ERR,ERR,ERR,0.0,-0.0,-101055584.0,0.0,0.0,0.0,0.0,nan,0,0,0,32768,0,0.0,0,0.0,0.0,0.0,0.0,0.0,0,0,0,0,0.0,0,0,0,0,0,0,0,0,0,0,0,0,0,0,0,0,0,0,0,0,0,0,0,0,0,0,0,0,0,0,0,0,0,0,0,0,0,0,0,0,0,0,0,0,0.0,0.0,0.0,0.0,0.0,0.0,0.0,0.0,0.0,0.0,0.0,0.0,0.0,0.0,0.0,0.0,0.0,0.0,0.0,0.0,0.0,0.0,-0.0,-2.004,-2.004,-0.0,0.0,0.0,0.0,0.0,3381.5,0.0,0.0,0.0,-0.0,-0.0,2.7184274988523002e+23,0.0,0.0,0.0,0.0,0,-89221.016,0.0,0.0,0.0,0.0,0.0,0.0,0.0,0.0,0,0,0,0.0,0.0,0.0,0.0,0.0,0.0,0.0,0.0,0.0,0.0,0.0,0.0,0.0,0.0,0.0,0.0,0,-107875648.0,0,0.0,0,-107875648.0,-107877712.0,0,0,17039,13107,17053,39322,17037,0,0,0,110,100,100,0.0,64.0,0.0,64.9,-107615304.0,68.5,1,49,50,180,0,26215,0,0,0.0,0.0,0.0,0.0,-7.708489995773126e+27,65.0,0.0,-0.0,0.0,645,0,687,0,0,0,715,0,786,0,708,0,689,0,645,0,641,0,618,0.032,36962304.0,-0.0,0.0,56464,16788,-4.803078052066052e+36,1.4832295019745132e+33,0.0,0.0,0.0,4.648368475822604e+26,29.0,60.0,70,0.0,0.0,0.0,0.0,0.0,0.0,0.0,0.0,0.0,0.0,0.0,0.0,0.0,0.0,0.0,0.0,59.2,68,11,65509,41,65476,0,300,0,0,8,20529,65476,0,0,61604,60.0,0.0,0.0,0.0,0.0,0.0
2026-04-04T11:38:30,ERR,ERR,ERR,ERR,ERR,ERR,ERR,ERR,ERR,ERR,ERR,ERR,ERR,ERR,ERR,ERR,ERR,ERR,ERR,ERR,ERR,ERR,ERR,ERR,ERR,ERR,ERR,ERR,ERR,ERR,ERR,ERR,ERR,ERR,ERR,ERR,ERR,ERR,ERR,ERR,ERR,ERR,ERR,ERR,ERR,ERR,ERR,ERR,ERR,ERR,ERR,ERR,ERR,ERR,ERR,ERR,ERR,ERR,ERR,ERR,ERR,ERR,ERR,ERR,ERR,ERR,ERR,ERR,ERR,ERR,ERR,ERR,ERR,ERR,ERR,ERR,ERR,ERR,ERR,ERR,ERR,ERR,ERR,ERR,ERR,ERR,ERR,ERR,ERR,ERR,ERR,ERR,ERR,ERR,ERR,ERR,ERR,ERR,ERR,ERR,ERR,ERR,ERR,ERR,ERR,ERR,ERR,ERR,ERR,ERR,ERR,ERR,ERR,ERR,ERR,ERR,ERR,ERR,ERR,ERR,ERR,ERR,ERR,ERR,ERR,0.0,-0.0,-101055584.0,0.0,0.0,0.0,0.0,nan,0,0,0,32768,0,0.0,0,0.0,0.0,0.0,0.0,0.0,0,0,0,0,0.0,0,0,0,0,0,0,0,0,0,0,0,0,0,0,0,0,0,0,0,0,0,0,0,0,0,0,0,0,0,0,0,0,0,0,0,0,0,0,0,0,0,0,0,0,0.0,0.0,0.0,0.0,0.0,0.0,0.0,0.0,0.0,0.0,0.0,0.0,0.0,0.0,0.0,0.0,0.0,0.0,0.0,0.0,0.0,0.0,-0.0,-2.004,-2.004,-0.0,0.0,0.0,0.0,0.0,3381.5,0.0,0.0,0.0,-0.0,-0.0,2.7184274988523002e+23,0.0,0.0,0.0,0.0,0,-89221.016,0.0,0.0,0.0,0.0,0.0,0.0,0.0,0.0,0,0,0,0.0,0.0,0.0,0.0,0.0,0.0,0.0,0.0,0.0,0.0,0.0,0.0,0.0,0.0,0.0,0.0,0,-107875648.0,0,0.0,0,-107875648.0,-107877712.0,0,0,17039,13107,17053,39322,17037,0,0,0,110,100,100,0.0,64.0,0.0,64.9,-107615304.0,68.5,1,49,50,180,0,26215,0,0,0.0,0.0,0.0,0.0,-7.708489995773126e+27,65.0,0.0,-0.0,0.0,645,0,687,0,0,0,715,0,786,0,708,0,689,0,645,0,641,0,618,0.032,36962304.0,-0.0,0.0,56464,16788,-4.803078052066052e+36,1.4832295019745132e+33,0.0,0.0,0.0,4.648368475822604e+26,29.0,60.0,70,0.0,0.0,0.0,0.0,0.0,0.0,0.0,0.0,0.0,0.0,0.0,0.0,0.0,0.0,0.0,0.0,59.2,68,11,65509,41,65476,0,300,0,0,8,20529,65476,0,0,61604,60.0,0.0,0.0,0.0,0.0,0.0
2026-04-04T11:38:31,ERR,ERR,ERR,ERR,ERR,ERR,ERR,ERR,ERR,ERR,ERR,ERR,ERR,ERR,ERR,ERR,ERR,ERR,ERR,ERR,ERR,ERR,ERR,ERR,ERR,ERR,ERR,ERR,ERR,ERR,ERR,ERR,ERR,ERR,ERR,ERR,ERR,ERR,ERR,ERR,ERR,ERR,ERR,ERR,ERR,ERR,ERR,ERR,ERR,ERR,ERR,ERR,ERR,ERR,ERR,ERR,ERR,ERR,ERR,ERR,ERR,ERR,ERR,ERR,ERR,ERR,ERR,ERR,ERR,ERR,ERR,ERR,ERR,ERR,ERR,ERR,ERR,ERR,ERR,ERR,ERR,ERR,ERR,ERR,ERR,ERR,ERR,ERR,ERR,ERR,ERR,ERR,ERR,ERR,ERR,ERR,ERR,ERR,ERR,ERR,ERR,ERR,ERR,ERR,ERR,ERR,ERR,ERR,ERR,ERR,ERR,ERR,ERR,ERR,ERR,ERR,ERR,ERR,ERR,ERR,ERR,ERR,ERR,ERR,ERR,0.0,-0.0,-101055584.0,0.0,0.0,0.0,0.0,nan,0,0,0,32768,0,0.0,0,0.0,0.0,0.0,0.0,0.0,0,0,0,0,0.0,0,0,0,0,0,0,0,0,0,0,0,0,0,0,0,0,0,0,0,0,0,0,0,0,0,0,0,0,0,0,0,0,0,0,0,0,0,0,0,0,0,0,0,0,0.0,0.0,0.0,0.0,0.0,0.0,0.0,0.0,0.0,0.0,0.0,0.0,0.0,0.0,0.0,0.0,0.0,0.0,0.0,0.0,0.0,0.0,-0.0,-2.004,-2.004,-0.0,0.0,0.0,0.0,0.0,3381.5,0.0,0.0,0.0,-0.0,-0.0,2.7184274988523002e+23,0.0,0.0,0.0,0.0,0,-89221.016,-2.308816440498921e+20,0.0,0.0,0.0,0.0,0.0,0.0,0.0,0,0,0,0.0,0.0,0.0,0.0,0.0,0.0,0.0,0.0,0.0,0.0,0.0,0.0,0.0,0.0,0.0,0.0,0,-107875648.0,0,0.0,0,-107875648.0,-107877712.0,0,0,17039,13107,17053,39322,17037,0,0,0,110,100,100,0.0,64.0,0.0,64.9,-107615304.0,68.5,1,49,50,180,0,26215,0,0,0.0,0.0,0.0,0.0,-7.708489995773126e+27,65.0,0.0,-0.0,0.0,645,0,687,0,0,0,715,0,786,0,708,0,689,0,645,0,641,0,618,0.032,36962304.0,-0.0,0.0,56464,16788,-4.803078052066052e+36,1.4832295019745132e+33,0.0,0.0,0.0,4.648368475822604e+26,29.0,60.0,70,0.0,0.0,0.0,0.0,0.0,0.0,0.0,0.0,0.0,0.0,0.0,0.0,0.0,0.0,0.0,0.0,59.2,68,11,65509,41,65476,0,300,0,0,8,20529,65476,0,0,61604,60.0,0.0,0.0,0.0,0.0,0.0
2026-04-04T11:38:32,ERR,ERR,ERR,ERR,ERR,ERR,ERR,ERR,ERR,ERR,ERR,ERR,ERR,ERR,ERR,ERR,ERR,ERR,ERR,ERR,ERR,ERR,ERR,ERR,ERR,ERR,ERR,ERR,ERR,ERR,ERR,ERR,ERR,ERR,ERR,ERR,ERR,ERR,ERR,ERR,ERR,ERR,ERR,ERR,ERR,ERR,ERR,ERR,ERR,ERR,ERR,ERR,ERR,ERR,ERR,ERR,ERR,ERR,ERR,ERR,ERR,ERR,ERR,ERR,ERR,ERR,ERR,ERR,ERR,ERR,ERR,ERR,ERR,ERR,ERR,ERR,ERR,ERR,ERR,ERR,ERR,ERR,ERR,ERR,ERR,ERR,ERR,ERR,ERR,ERR,ERR,ERR,ERR,ERR,ERR,ERR,ERR,ERR,ERR,ERR,ERR,ERR,ERR,ERR,ERR,ERR,ERR,ERR,ERR,ERR,ERR,ERR,ERR,ERR,ERR,ERR,ERR,ERR,ERR,ERR,ERR,ERR,ERR,ERR,ERR,0.0,-0.0,-101055584.0,0.0,0.0,0.0,0.0,nan,0,0,0,32768,0,0.0,0,0.0,0.0,0.0,0.0,0.0,0,0,0,0,0.0,0,0,0,0,0,0,0,0,0,0,0,0,0,0,0,0,0,0,0,0,0,0,0,0,0,0,0,0,0,0,0,0,0,0,0,0,0,0,0,0,0,0,0,0,0.0,0.0,0.0,0.0,0.0,0.0,0.0,0.0,0.0,0.0,0.0,0.0,0.0,0.0,0.0,0.0,0.0,0.0,0.0,0.0,0.0,0.0,-0.0,-2.004,-2.004,-0.0,0.0,0.0,0.0,0.0,3381.5,0.0,0.0,0.0,-0.0,-0.0,2.7184274988523002e+23,0.0,0.0,0.0,0.0,0,-89221.016,-2.308816440498921e+20,0.0,0.0,0.0,0.0,0.0,0.0,0.0,0,0,0,0.0,0.0,0.0,0.0,0.0,0.0,0.0,0.0,0.0,0.0,0.0,0.0,0.0,0.0,0.0,0.0,0,-107875648.0,0,0.0,0,-107875648.0,-107877712.0,0,0,17039,13107,17053,39322,17037,0,0,0,110,100,100,0.0,64.0,0.0,64.9,-107615304.0,68.5,1,49,50,180,0,26215,0,0,0.0,0.0,0.0,0.0,-7.708489995773126e+27,65.0,0.0,-0.0,0.0,645,0,687,0,0,0,715,0,786,0,708,0,689,0,645,0,641,0,618,0.032,36962304.0,-0.0,0.0,56464,16788,-4.803078052066052e+36,1.4832295019745132e+33,0.0,0.0,0.0,4.648368475822604e+26,29.0,60.0,70,0.0,0.0,0.0,0.0,0.0,0.0,0.0,0.0,0.0,0.0,0.0,0.0,0.0,0.0,0.0,0.0,59.2,68,11,65509,41,65476,0,300,0,0,8,20529,65476,0,0,61604,60.0,0.0,0.0,0.0,0.0,0.0
2026-04-04T11:38:33,ERR,ERR,ERR,ERR,ERR,ERR,ERR,ERR,ERR,ERR,ERR,ERR,ERR,ERR,ERR,ERR,ERR,ERR,ERR,ERR,ERR,ERR,ERR,ERR,ERR,ERR,ERR,ERR,ERR,ERR,ERR,ERR,ERR,ERR,ERR,ERR,ERR,ERR,ERR,ERR,ERR,ERR,ERR,ERR,ERR,ERR,ERR,ERR,ERR,ERR,ERR,ERR,ERR,ERR,ERR,ERR,ERR,ERR,ERR,ERR,ERR,ERR,ERR,ERR,ERR,ERR,ERR,ERR,ERR,ERR,ERR,ERR,ERR,ERR,ERR,ERR,ERR,ERR,ERR,ERR,ERR,ERR,ERR,ERR,ERR,ERR,ERR,ERR,ERR,ERR,ERR,ERR,ERR,ERR,ERR,ERR,ERR,ERR,ERR,ERR,ERR,ERR,ERR,ERR,ERR,ERR,ERR,ERR,ERR,ERR,ERR,ERR,ERR,ERR,ERR,ERR,ERR,ERR,ERR,ERR,ERR,ERR,ERR,ERR,ERR,0.0,-0.0,-101055584.0,0.0,0.0,0.0,0.0,nan,0,0,0,32768,0,0.0,0,0.0,0.0,0.0,0.0,0.0,0,0,0,0,0.0,0,0,0,0,0,0,0,0,0,0,0,0,0,0,0,0,0,0,0,0,0,0,0,0,0,0,0,0,0,0,0,0,0,0,0,0,0,0,0,0,0,0,0,0,0.0,0.0,0.0,0.0,0.0,0.0,0.0,0.0,0.0,0.0,0.0,0.0,0.0,0.0,0.0,0.0,0.0,0.0,0.0,0.0,0.0,0.0,-0.0,-2.004,-2.004,-0.0,0.0,0.0,0.0,0.0,3381.5,0.0,0.0,0.0,-0.0,-0.0,2.7184274988523002e+23,0.0,0.0,0.0,0.0,0,-89221.016,-2.308816440498921e+20,0.0,0.0,0.0,0.0,0.0,0.0,0.0,0,0,0,0.0,0.0,0.0,0.0,0.0,0.0,0.0,0.0,0.0,0.0,0.0,0.0,0.0,0.0,0.0,0.0,0,-107875648.0,0,0.0,0,-107875648.0,-107877712.0,0,0,17039,13107,17053,39322,17037,0,0,0,110,100,100,0.0,64.0,0.0,64.9,-107615304.0,68.5,1,49,50,180,0,26215,0,0,0.0,0.0,0.0,0.0,0.0,65.5,0.0,-0.0,0.0,645,0,687,0,0,0,715,0,786,0,708,0,689,0,645,0,641,0,618,0.032,36962304.0,-0.0,0.0,50320,16788,-2.3800609958974237e+29,-0.0,0.0,-28475202.0,0.0,5.838468808722925e+21,29.0,60.0,70,0.0,0.0,0.0,0.0,0.0,0.0,0.0,0.0,0.0,0.0,0.0,0.0,0.0,0.0,0.0,0.0,59.6,68,11,65509,41,65476,0,300,0,0,8,20529,65476,0,0,61604,60.0,0.0,0.0,0.0,0.0,0.0
2026-04-04T11:38:34,ERR,ERR,ERR,ERR,ERR,ERR,ERR,ERR,ERR,ERR,ERR,ERR,ERR,ERR,ERR,ERR,ERR,ERR,ERR,ERR,ERR,ERR,ERR,ERR,ERR,ERR,ERR,ERR,ERR,ERR,ERR,ERR,ERR,ERR,ERR,ERR,ERR,ERR,ERR,ERR,ERR,ERR,ERR,ERR,ERR,ERR,ERR,ERR,ERR,ERR,ERR,ERR,ERR,ERR,ERR,ERR,ERR,ERR,ERR,ERR,ERR,ERR,ERR,ERR,ERR,ERR,ERR,ERR,ERR,ERR,ERR,ERR,ERR,ERR,ERR,ERR,ERR,ERR,ERR,ERR,ERR,ERR,ERR,ERR,ERR,ERR,ERR,ERR,ERR,ERR,ERR,ERR,ERR,ERR,ERR,ERR,ERR,ERR,ERR,ERR,ERR,ERR,ERR,ERR,ERR,ERR,ERR,ERR,ERR,ERR,ERR,ERR,ERR,ERR,ERR,ERR,ERR,ERR,ERR,ERR,ERR,ERR,ERR,ERR,ERR,0.0,-0.0,-101055584.0,0.0,0.0,0.0,0.0,nan,0,0,0,32768,0,0.0,0,0.0,0.0,0.0,0.0,0.0,0,0,0,0,0.0,0,0,0,0,0,0,0,0,0,0,0,0,0,0,0,0,0,0,0,0,0,0,0,0,0,0,0,0,0,0,0,0,0,0,0,0,0,0,0,0,0,0,0,0,0.0,0.0,0.0,0.0,0.0,0.0,0.0,0.0,0.0,0.0,0.0,0.0,0.0,0.0,0.0,0.0,0.0,0.0,0.0,0.0,0.0,0.0,-0.0,-2.004,-2.004,-0.0,0.0,0.0,0.0,0.0,3381.5,0.0,0.0,0.0,-0.0,-0.0,2.7184274988523002e+23,0.0,0.0,0.0,0.0,0,-89221.016,-2.308816440498921e+20,0.0,0.0,0.0,0.0,0.0,0.0,0.0,0,0,0,0.0,0.0,0.0,0.0,0.0,0.0,0.0,0.0,0.0,0.0,0.0,0.0,0.0,0.0,0.0,0.0,0,-107875648.0,0,0.0,0,-107875648.0,-107877712.0,0,0,17039,13107,17053,39322,17037,0,0,0,110,100,100,0.0,64.0,0.0,64.9,-107615304.0,68.5,1,49,50,180,0,26215,0,0,0.0,0.0,0.0,0.0,0.0,65.5,0.0,-0.0,0.0,645,0,687,0,0,0,715,0,786,0,708,0,689,0,645,0,641,0,618,0.032,36962304.0,-0.0,0.0,50320,16788,-2.3800609958974237e+29,-0.0,0.0,-28475202.0,0.0,5.838468808722925e+21,29.0,60.0,70,0.0,0.0,0.0,0.0,0.0,0.0,0.0,0.0,0.0,0.0,0.0,0.0,0.0,0.0,0.0,0.0,59.6,68,11,65509,41,65476,0,300,0,0,8,20529,65476,0,0,61604,60.0,0.0,0.0,0.0,0.0,0.0
2026-04-04T11:38:35,ERR,ERR,ERR,ERR,ERR,ERR,ERR,ERR,ERR,ERR,ERR,ERR,ERR,ERR,ERR,ERR,ERR,ERR,ERR,ERR,ERR,ERR,ERR,ERR,ERR,ERR,ERR,ERR,ERR,ERR,ERR,ERR,ERR,ERR,ERR,ERR,ERR,ERR,ERR,ERR,ERR,ERR,ERR,ERR,ERR,ERR,ERR,ERR,ERR,ERR,ERR,ERR,ERR,ERR,ERR,ERR,ERR,ERR,ERR,ERR,ERR,ERR,ERR,ERR,ERR,ERR,ERR,ERR,ERR,ERR,ERR,ERR,ERR,ERR,ERR,ERR,ERR,ERR,ERR,ERR,ERR,ERR,ERR,ERR,ERR,ERR,ERR,ERR,ERR,ERR,ERR,ERR,ERR,ERR,ERR,ERR,ERR,ERR,ERR,ERR,ERR,ERR,ERR,ERR,ERR,ERR,ERR,ERR,ERR,ERR,ERR,ERR,ERR,ERR,ERR,ERR,ERR,ERR,ERR,ERR,ERR,ERR,ERR,ERR,ERR,0.0,-0.0,-101055584.0,0.0,0.0,0.0,0.0,nan,0,0,0,32768,0,0.0,0,0.0,0.0,0.0,0.0,0.0,0,0,0,0,0.0,0,0,0,0,0,0,0,0,0,0,0,0,0,0,0,0,0,0,0,0,0,0,0,0,0,0,0,0,0,0,0,0,0,0,0,0,0,0,0,0,0,0,0,0,0.0,0.0,0.0,0.0,0.0,0.0,0.0,0.0,0.0,0.0,0.0,0.0,0.0,0.0,0.0,0.0,0.0,0.0,0.0,0.0,0.0,0.0,-0.0,-2.004,-2.004,-0.0,0.0,0.0,0.0,0.0,3381.5,0.0,0.0,0.0,-0.0,-0.0,2.7184274988523002e+23,0.0,0.0,0.0,0.0,0,-89221.016,-2.308816440498921e+20,0.0,0.0,0.0,0.0,0.0,0.0,0.0,0,0,0,0.0,0.0,0.0,0.0,0.0,0.0,0.0,0.0,0.0,0.0,0.0,0.0,0.0,0.0,0.0,0.0,0,-107875648.0,0,0.0,0,-107875648.0,-107877712.0,0,0,17039,13107,17053,39322,17037,0,0,0,110,100,100,0.0,64.0,0.0,64.9,-107615304.0,68.5,1,49,50,180,0,26215,0,0,0.0,0.0,0.0,0.0,0.0,65.5,0.0,-0.0,0.0,645,0,687,0,0,0,715,0,786,0,708,0,689,0,645,0,641,0,618,0.032,36962304.0,-0.0,0.0,50320,16788,-2.3800609958974237e+29,-0.0,0.0,-28475202.0,0.0,5.838468808722925e+21,29.0,60.0,70,0.0,0.0,0.0,0.0,0.0,0.0,0.0,0.0,0.0,0.0,0.0,0.0,0.0,0.0,0.0,0.0,59.6,68,11,65509,41,65476,0,300,0,0,8,20529,65476,0,0,61604,60.0,0.0,0.0,0.0,0.0,0.0
2026-04-04T11:38:36,ERR,ERR,ERR,ERR,ERR,ERR,ERR,ERR,ERR,ERR,ERR,ERR,ERR,ERR,ERR,ERR,ERR,ERR,ERR,ERR,ERR,ERR,ERR,ERR,ERR,ERR,ERR,ERR,ERR,ERR,ERR,ERR,ERR,ERR,ERR,ERR,ERR,ERR,ERR,ERR,ERR,ERR,ERR,ERR,ERR,ERR,ERR,ERR,ERR,ERR,ERR,ERR,ERR,ERR,ERR,ERR,ERR,ERR,ERR,ERR,ERR,ERR,ERR,ERR,ERR,ERR,ERR,ERR,ERR,ERR,ERR,ERR,ERR,ERR,ERR,ERR,ERR,ERR,ERR,ERR,ERR,ERR,ERR,ERR,ERR,ERR,ERR,ERR,ERR,ERR,ERR,ERR,ERR,ERR,ERR,ERR,ERR,ERR,ERR,ERR,ERR,ERR,ERR,ERR,ERR,ERR,ERR,ERR,ERR,ERR,ERR,ERR,ERR,ERR,ERR,ERR,ERR,ERR,ERR,ERR,ERR,ERR,ERR,ERR,ERR,0.0,-0.0,-101055584.0,0.0,0.0,0.0,0.0,nan,0,0,0,32768,0,0.0,0,0.0,0.0,0.0,0.0,0.0,0,0,0,0,0.0,0,0,0,0,0,0,0,0,0,0,0,0,0,0,0,0,0,0,0,0,0,0,0,0,0,0,0,0,0,0,0,0,0,0,0,0,0,0,0,0,0,0,0,0,0.0,0.0,0.0,0.0,0.0,0.0,0.0,0.0,0.0,0.0,0.0,0.0,0.0,0.0,0.0,0.0,0.0,0.0,0.0,0.0,0.0,0.0,-0.0,-2.004,-2.004,-0.0,0.0,0.0,0.0,0.0,3381.5,0.0,0.0,0.0,-0.0,-0.0,2.7184274988523002e+23,0.0,0.0,0.0,0.0,0,-89221.016,-2.308816440498921e+20,0.0,0.0,0.0,0.0,0.0,0.0,0.0,0,0,0,0.0,0.0,0.0,0.0,0.0,0.0,0.0,0.0,0.0,0.0,0.0,0.0,0.0,0.0,0.0,0.0,0,-107875648.0,0,0.0,0,-107875648.0,-107877712.0,0,0,17039,13107,17053,39322,17037,0,0,0,110,100,100,0.0,64.0,0.0,64.9,-107615304.0,68.5,1,49,50,180,0,26215,0,0,0.0,0.0,0.0,0.0,0.0,65.5,0.0,-0.0,0.0,645,0,687,0,0,0,715,0,786,0,708,0,689,0,645,0,641,0,618,0.032,36962304.0,-0.0,0.0,50320,16788,-2.3800609958974237e+29,-0.0,0.0,-28475202.0,0.0,5.838468808722925e+21,29.0,60.0,70,0.0,0.0,0.0,0.0,0.0,0.0,0.0,0.0,0.0,0.0,0.0,0.0,0.0,0.0,0.0,0.0,59.2,68,11,65509,41,65476,0,300,0,0,8,20529,65476,0,0,61604,60.0,0.0,0.0,0.0,0.0,0.0
2026-04-04T11:38:37,ERR,ERR,ERR,ERR,ERR,ERR,ERR,ERR,ERR,ERR,ERR,ERR,ERR,ERR,ERR,ERR,ERR,ERR,ERR,ERR,ERR,ERR,ERR,ERR,ERR,ERR,ERR,ERR,ERR,ERR,ERR,ERR,ERR,ERR,ERR,ERR,ERR,ERR,ERR,ERR,ERR,ERR,ERR,ERR,ERR,ERR,ERR,ERR,ERR,ERR,ERR,ERR,ERR,ERR,ERR,ERR,ERR,ERR,ERR,ERR,ERR,ERR,ERR,ERR,ERR,ERR,ERR,ERR,ERR,ERR,ERR,ERR,ERR,ERR,ERR,ERR,ERR,ERR,ERR,ERR,ERR,ERR,ERR,ERR,ERR,ERR,ERR,ERR,ERR,ERR,ERR,ERR,ERR,ERR,ERR,ERR,ERR,ERR,ERR,ERR,ERR,ERR,ERR,ERR,ERR,ERR,ERR,ERR,ERR,ERR,ERR,ERR,ERR,ERR,ERR,ERR,ERR,ERR,ERR,ERR,ERR,ERR,ERR,ERR,ERR,0.0,-0.0,-101055584.0,0.0,0.0,0.0,0.0,nan,0,0,0,32768,0,0.0,0,0.0,0.0,0.0,0.0,0.0,0,0,0,0,0.0,0,0,0,0,0,0,0,0,0,0,0,0,0,0,0,0,0,0,0,0,0,0,0,0,0,0,0,0,0,0,0,0,0,0,0,0,0,0,0,0,0,0,0,0,0.0,0.0,0.0,0.0,0.0,0.0,0.0,0.0,0.0,0.0,0.0,0.0,0.0,0.0,0.0,0.0,0.0,0.0,0.0,0.0,0.0,0.0,-0.0,-2.004,-2.004,-0.0,0.0,0.0,0.0,0.0,3381.5,0.0,0.0,0.0,-0.0,-0.0,2.7184274988523002e+23,0.0,0.0,0.0,0.0,0,-89221.016,-2.308816440498921e+20,0.0,0.0,0.0,0.0,0.0,0.0,0.0,0,0,0,0.0,0.0,0.0,0.0,0.0,0.0,0.0,0.0,0.0,0.0,0.0,0.0,0.0,0.0,0.0,0.0,0,-107875648.0,0,0.0,0,-107875648.0,-107877712.0,0,0,17039,13107,17053,39322,17037,0,0,0,110,100,100,0.0,64.0,0.0,64.9,-107615304.0,68.5,1,49,50,180,0,26215,0,0,0.0,0.0,0.0,0.0,0.0,65.5,0.0,-0.0,0.0,645,0,687,0,0,0,715,0,786,0,708,0,689,0,645,0,641,0,618,0.032,36962304.0,-0.0,0.0,50320,16788,-2.3800609958974237e+29,-0.0,0.0,-28475202.0,0.0,5.838468808722925e+21,29.0,60.0,70,0.0,0.0,0.0,0.0,0.0,0.0,0.0,0.0,0.0,0.0,0.0,0.0,0.0,0.0,0.0,0.0,59.2,68,11,65509,41,65476,0,300,0,0,8,20529,65476,0,0,61604,60.0,0.0,0.0,0.0,0.0,0.0
2026-04-04T11:38:38,ERR,ERR,ERR,ERR,ERR,ERR,ERR,ERR,ERR,ERR,ERR,ERR,ERR,ERR,ERR,ERR,ERR,ERR,ERR,ERR,ERR,ERR,ERR,ERR,ERR,ERR,ERR,ERR,ERR,ERR,ERR,ERR,ERR,ERR,ERR,ERR,ERR,ERR,ERR,ERR,ERR,ERR,ERR,ERR,ERR,ERR,ERR,ERR,ERR,ERR,ERR,ERR,ERR,ERR,ERR,ERR,ERR,ERR,ERR,ERR,ERR,ERR,ERR,ERR,ERR,ERR,ERR,ERR,ERR,ERR,ERR,ERR,ERR,ERR,ERR,ERR,ERR,ERR,ERR,ERR,ERR,ERR,ERR,ERR,ERR,ERR,ERR,ERR,ERR,ERR,ERR,ERR,ERR,ERR,ERR,ERR,ERR,ERR,ERR,ERR,ERR,ERR,ERR,ERR,ERR,ERR,ERR,ERR,ERR,ERR,ERR,ERR,ERR,ERR,ERR,ERR,ERR,ERR,ERR,ERR,ERR,ERR,ERR,ERR,ERR,0.0,-0.0,-101055584.0,0.0,0.0,0.0,0.0,nan,0,0,0,32768,0,0.0,0,0.0,0.0,0.0,0.0,0.0,0,0,0,0,0.0,0,0,0,0,0,0,0,0,0,0,0,0,0,0,0,0,0,0,0,0,0,0,0,0,0,0,0,0,0,0,0,0,0,0,0,0,0,0,0,0,0,0,0,0,0.0,0.0,0.0,0.0,0.0,0.0,0.0,0.0,0.0,0.0,0.0,0.0,0.0,0.0,0.0,0.0,0.0,0.0,0.0,0.0,0.0,0.0,-0.0,-2.004,-2.004,-0.0,0.0,0.0,0.0,0.0,3363.5,-2.004,0.0,0.0,-0.0,-0.0,2.7184274988523002e+23,0.0,0.0,0.0,0.0,0,-0.0,-3.2219784175415904e+26,0.0,0.0,0.0,0.0,0.0,0.0,0.0,0,0,0,0.0,0.0,0.0,0.0,0.0,0.0,0.0,0.0,0.0,0.0,0.0,0.0,0.0,0.0,0.0,0.0,0,-107875648.0,0,0.0,0,-107875648.0,-107877712.0,0,0,17039,13107,17053,39322,17037,0,0,0,110,100,100,0.0,64.0,0.0,64.9,-107615304.0,68.5,1,49,50,180,0,26215,0,0,0.0,0.0,0.0,0.0,0.0,65.5,0.0,-0.0,0.0,645,0,687,0,0,0,715,0,786,0,708,0,689,0,645,0,641,0,618,0.032,36962304.0,-0.0,0.0,50320,16788,-2.3800609958974237e+29,-0.0,0.0,-28475202.0,0.0,5.838468808722925e+21,29.0,60.0,70,0.0,0.0,0.0,0.0,0.0,0.0,0.0,0.0,0.0,0.0,0.0,0.0,0.0,0.0,0.0,0.0,59.2,68,11,65509,41,65476,0,300,0,0,8,20529,65476,0,0,61604,60.0,0.0,0.0,0.0,0.0,0.0
2026-04-04T11:38:39,ERR,ERR,ERR,ERR,ERR,ERR,ERR,ERR,ERR,ERR,ERR,ERR,ERR,ERR,ERR,ERR,ERR,ERR,ERR,ERR,ERR,ERR,ERR,ERR,ERR,ERR,ERR,ERR,ERR,ERR,ERR,ERR,ERR,ERR,ERR,ERR,ERR,ERR,ERR,ERR,ERR,ERR,ERR,ERR,ERR,ERR,ERR,ERR,ERR,ERR,ERR,ERR,ERR,ERR,ERR,ERR,ERR,ERR,ERR,ERR,ERR,ERR,ERR,ERR,ERR,ERR,ERR,ERR,ERR,ERR,ERR,ERR,ERR,ERR,ERR,ERR,ERR,ERR,ERR,ERR,ERR,ERR,ERR,ERR,ERR,ERR,ERR,ERR,ERR,ERR,ERR,ERR,ERR,ERR,ERR,ERR,ERR,ERR,ERR,ERR,ERR,ERR,ERR,ERR,ERR,ERR,ERR,ERR,ERR,ERR,ERR,ERR,ERR,ERR,ERR,ERR,ERR,ERR,ERR,ERR,ERR,ERR,ERR,ERR,ERR,0.0,-0.0,-101055584.0,0.0,0.0,0.0,0.0,nan,0,0,0,32768,0,0.0,0,0.0,0.0,0.0,0.0,0.0,0,0,0,0,0.0,0,0,0,0,0,0,0,0,0,0,0,0,0,0,0,0,0,0,0,0,0,0,0,0,0,0,0,0,0,0,0,0,0,0,0,0,0,0,0,0,0,0,0,0,0.0,0.0,0.0,0.0,0.0,0.0,0.0,0.0,0.0,0.0,0.0,0.0,0.0,0.0,0.0,0.0,0.0,0.0,0.0,0.0,0.0,0.0,-0.0,-2.004,-2.004,-0.0,0.0,0.0,0.0,0.0,3363.5,-2.004,0.0,0.0,-0.0,-0.0,2.7184274988523002e+23,0.0,0.0,0.0,0.0,0,-0.0,-3.2219784175415904e+26,0.0,0.0,0.0,0.0,0.0,0.0,0.0,0,0,0,0.0,0.0,0.0,0.0,0.0,0.0,0.0,0.0,0.0,0.0,0.0,0.0,0.0,0.0,0.0,0.0,0,-107875648.0,0,0.0,0,-107875648.0,-107877712.0,0,0,17039,13107,17053,39322,17037,0,0,0,110,100,100,0.0,64.0,0.0,64.9,-107615304.0,68.5,1,49,50,180,0,26215,0,0,0.0,0.0,0.0,0.0,-9.923621067217377e+27,65.0,0.0,-0.0,0.0,645,0,687,0,0,0,715,0,786,0,708,0,689,0,645,0,641,0,618,0.032,36700160.0,-0.0,0.0,53648,16788,-7.821900926848939e+32,-0.0,0.001,0.0,0.0,7.196607110868886e+36,29.0,60.0,70,0.0,0.0,0.0,0.0,0.0,0.0,0.0,0.0,0.0,0.0,0.0,0.0,0.0,0.0,0.0,0.0,59.2,68,11,65509,41,65476,0,300,0,0,8,20529,65476,0,0,61604,60.0,0.0,0.0,0.0,0.0,0.0
2026-04-04T11:38:40,ERR,ERR,ERR,ERR,ERR,ERR,ERR,ERR,ERR,ERR,ERR,ERR,ERR,ERR,ERR,ERR,ERR,ERR,ERR,ERR,ERR,ERR,ERR,ERR,ERR,ERR,ERR,ERR,ERR,ERR,ERR,ERR,ERR,ERR,ERR,ERR,ERR,ERR,ERR,ERR,ERR,ERR,ERR,ERR,ERR,ERR,ERR,ERR,ERR,ERR,ERR,ERR,ERR,ERR,ERR,ERR,ERR,ERR,ERR,ERR,ERR,ERR,ERR,ERR,ERR,ERR,ERR,ERR,ERR,ERR,ERR,ERR,ERR,ERR,ERR,ERR,ERR,ERR,ERR,ERR,ERR,ERR,ERR,ERR,ERR,ERR,ERR,ERR,ERR,ERR,ERR,ERR,ERR,ERR,ERR,ERR,ERR,ERR,ERR,ERR,ERR,ERR,ERR,ERR,ERR,ERR,ERR,ERR,ERR,ERR,ERR,ERR,ERR,ERR,ERR,ERR,ERR,ERR,ERR,ERR,ERR,ERR,ERR,ERR,ERR,0.0,-0.0,-101055584.0,0.0,0.0,0.0,0.0,nan,0,0,0,32768,0,0.0,0,0.0,0.0,0.0,0.0,0.0,0,0,0,0,0.0,0,0,0,0,0,0,0,0,0,0,0,0,0,0,0,0,0,0,0,0,0,0,0,0,0,0,0,0,0,0,0,0,0,0,0,0,0,0,0,0,0,0,0,0,0.0,0.0,0.0,0.0,0.0,0.0,0.0,0.0,0.0,0.0,0.0,0.0,0.0,0.0,0.0,0.0,0.0,0.0,0.0,0.0,0.0,0.0,-0.0,-2.004,-2.004,-0.0,0.0,0.0,0.0,0.0,3363.5,-2.004,0.0,0.0,-0.0,-0.0,2.7184274988523002e+23,0.0,0.0,0.0,0.0,0,-0.0,-3.2219784175415904e+26,0.0,0.0,0.0,0.0,0.0,0.0,0.0,0,0,0,0.0,0.0,0.0,0.0,0.0,0.0,0.0,0.0,0.0,0.0,0.0,0.0,0.0,0.0,0.0,0.0,0,-107875648.0,0,0.0,0,-107875648.0,-107877712.0,0,0,17039,13107,17053,39322,17037,0,0,0,110,100,100,0.0,64.0,0.0,64.9,-107615304.0,68.5,1,49,50,180,0,26215,0,0,0.0,0.0,0.0,0.0,-9.923621067217377e+27,65.0,0.0,-0.0,0.0,645,0,687,0,0,0,715,0,786,0,708,0,689,0,645,0,641,0,618,0.032,36700160.0,-0.0,0.0,53648,16788,-7.821900926848939e+32,-0.0,0.001,0.0,0.0,7.196607110868886e+36,29.0,60.0,70,0.0,0.0,0.0,0.0,0.0,0.0,0.0,0.0,0.0,0.0,0.0,0.0,0.0,0.0,0.0,0.0,59.2,68,11,65509,41,65476,0,300,0,0,8,20529,65476,0,0,61604,60.0,0.0,0.0,0.0,0.0,0.0
2026-04-04T11:38:41,ERR,ERR,ERR,ERR,ERR,ERR,ERR,ERR,ERR,ERR,ERR,ERR,ERR,ERR,ERR,ERR,ERR,ERR,ERR,ERR,ERR,ERR,ERR,ERR,ERR,ERR,ERR,ERR,ERR,ERR,ERR,ERR,ERR,ERR,ERR,ERR,ERR,ERR,ERR,ERR,ERR,ERR,ERR,ERR,ERR,ERR,ERR,ERR,ERR,ERR,ERR,ERR,ERR,ERR,ERR,ERR,ERR,ERR,ERR,ERR,ERR,ERR,ERR,ERR,ERR,ERR,ERR,ERR,ERR,ERR,ERR,ERR,ERR,ERR,ERR,ERR,ERR,ERR,ERR,ERR,ERR,ERR,ERR,ERR,ERR,ERR,ERR,ERR,ERR,ERR,ERR,ERR,ERR,ERR,ERR,ERR,ERR,ERR,ERR,ERR,ERR,ERR,ERR,ERR,ERR,ERR,ERR,ERR,ERR,ERR,ERR,ERR,ERR,ERR,ERR,ERR,ERR,ERR,ERR,ERR,ERR,ERR,ERR,ERR,ERR,0.0,-0.0,-101055584.0,0.0,0.0,0.0,0.0,nan,0,0,0,32768,0,0.0,0,0.0,0.0,0.0,0.0,0.0,0,0,0,0,0.0,0,0,0,0,0,0,0,0,0,0,0,0,0,0,0,0,0,0,0,0,0,0,0,0,0,0,0,0,0,0,0,0,0,0,0,0,0,0,0,0,0,0,0,0,0.0,0.0,0.0,0.0,0.0,0.0,0.0,0.0,0.0,0.0,0.0,0.0,0.0,0.0,0.0,0.0,0.0,0.0,0.0,0.0,0.0,0.0,-0.0,-2.004,-2.004,-0.0,0.0,0.0,0.0,0.0,3363.5,-2.004,0.0,0.0,-0.0,-0.0,2.7184274988523002e+23,0.0,0.0,0.0,0.0,0,-0.0,-3.2219784175415904e+26,0.0,0.0,0.0,0.0,0.0,0.0,0.0,0,0,0,0.0,0.0,0.0,0.0,0.0,0.0,0.0,0.0,0.0,0.0,0.0,0.0,0.0,0.0,0.0,0.0,0,-107875648.0,0,0.0,0,-107875648.0,-107877712.0,0,0,17039,13107,17053,39322,17037,0,0,0,110,100,100,0.0,64.0,0.0,64.9,-107615304.0,68.5,1,49,50,180,0,26215,0,0,0.0,0.0,0.0,0.0,-9.923621067217377e+27,65.0,0.0,-0.0,0.0,645,0,687,0,0,0,715,0,786,0,708,0,689,0,645,0,641,0,618,0.032,36700160.0,-0.0,0.0,53648,16788,-7.821900926848939e+32,-0.0,0.001,0.0,0.0,7.196607110868886e+36,29.0,60.0,70,0.0,0.0,0.0,0.0,0.0,0.0,0.0,0.0,0.0,0.0,0.0,0.0,0.0,0.0,0.0,0.0,59.2,68,11,65509,41,65476,0,300,0,0,8,20529,65476,0,0,61604,60.0,0.0,0.0,0.0,0.0,0.0
2026-04-04T11:38:42,ERR,ERR,ERR,ERR,ERR,ERR,ERR,ERR,ERR,ERR,ERR,ERR,ERR,ERR,ERR,ERR,ERR,ERR,ERR,ERR,ERR,ERR,ERR,ERR,ERR,ERR,ERR,ERR,ERR,ERR,ERR,ERR,ERR,ERR,ERR,ERR,ERR,ERR,ERR,ERR,ERR,ERR,ERR,ERR,ERR,ERR,ERR,ERR,ERR,ERR,ERR,ERR,ERR,ERR,ERR,ERR,ERR,ERR,ERR,ERR,ERR,ERR,ERR,ERR,ERR,ERR,ERR,ERR,ERR,ERR,ERR,ERR,ERR,ERR,ERR,ERR,ERR,ERR,ERR,ERR,ERR,ERR,ERR,ERR,ERR,ERR,ERR,ERR,ERR,ERR,ERR,ERR,ERR,ERR,ERR,ERR,ERR,ERR,ERR,ERR,ERR,ERR,ERR,ERR,ERR,ERR,ERR,ERR,ERR,ERR,ERR,ERR,ERR,ERR,ERR,ERR,ERR,ERR,ERR,ERR,ERR,ERR,ERR,ERR,ERR,0.0,-0.0,-101055584.0,0.0,0.0,0.0,0.0,nan,0,0,0,32768,0,0.0,0,0.0,0.0,0.0,0.0,0.0,0,0,0,0,0.0,0,0,0,0,0,0,0,0,0,0,0,0,0,0,0,0,0,0,0,0,0,0,0,0,0,0,0,0,0,0,0,0,0,0,0,0,0,0,0,0,0,0,0,0,0.0,0.0,0.0,0.0,0.0,0.0,0.0,0.0,0.0,0.0,0.0,0.0,0.0,0.0,0.0,0.0,0.0,0.0,0.0,0.0,0.0,0.0,-0.0,-2.004,-2.004,-0.0,0.0,0.0,0.0,0.0,3363.5,-2.004,0.0,0.0,-0.0,-0.0,2.7184274988523002e+23,0.0,0.0,0.0,0.0,0,-0.0,-3.2219784175415904e+26,0.0,0.0,0.0,0.0,0.0,0.0,0.0,0,0,0,0.0,0.0,0.0,0.0,0.0,0.0,0.0,0.0,0.0,0.0,0.0,0.0,0.0,0.0,0.0,0.0,0,-107875648.0,0,0.0,0,-107875648.0,-107877712.0,0,0,17039,13107,17053,39322,17037,0,0,0,110,100,100,0.0,64.0,0.0,64.9,-107615304.0,68.5,1,49,50,180,0,26215,0,0,0.0,0.0,0.0,0.0,-9.923621067217377e+27,65.0,0.0,-0.0,0.0,645,0,687,0,0,0,715,0,786,0,708,0,689,0,645,0,641,0,618,0.032,36700160.0,-0.0,0.0,53648,16788,-7.821900926848939e+32,-0.0,0.001,0.0,0.0,7.196607110868886e+36,29.0,60.0,70,0.0,0.0,0.0,0.0,0.0,0.0,0.0,0.0,0.0,0.0,0.0,0.0,0.0,0.0,0.0,0.0,59.2,68,11,65509,41,65476,0,300,0,0,8,20529,65476,0,0,61604,60.0,0.0,0.0,0.0,0.0,0.0
2026-04-04T11:38:43,ERR,ERR,ERR,ERR,ERR,ERR,ERR,ERR,ERR,ERR,ERR,ERR,ERR,ERR,ERR,ERR,ERR,ERR,ERR,ERR,ERR,ERR,ERR,ERR,ERR,ERR,ERR,ERR,ERR,ERR,ERR,ERR,ERR,ERR,ERR,ERR,ERR,ERR,ERR,ERR,ERR,ERR,ERR,ERR,ERR,ERR,ERR,ERR,ERR,ERR,ERR,ERR,ERR,ERR,ERR,ERR,ERR,ERR,ERR,ERR,ERR,ERR,ERR,ERR,ERR,ERR,ERR,ERR,ERR,ERR,ERR,ERR,ERR,ERR,ERR,ERR,ERR,ERR,ERR,ERR,ERR,ERR,ERR,ERR,ERR,ERR,ERR,ERR,ERR,ERR,ERR,ERR,ERR,ERR,ERR,ERR,ERR,ERR,ERR,ERR,ERR,ERR,ERR,ERR,ERR,ERR,ERR,ERR,ERR,ERR,ERR,ERR,ERR,ERR,ERR,ERR,ERR,ERR,ERR,ERR,ERR,ERR,ERR,ERR,ERR,0.0,-0.0,-101055584.0,0.0,0.0,0.0,0.0,nan,0,0,0,32768,0,0.0,0,0.0,0.0,0.0,0.0,0.0,0,0,0,0,0.0,0,0,0,0,0,0,0,0,0,0,0,0,0,0,0,0,0,0,0,0,0,0,0,0,0,0,0,0,0,0,0,0,0,0,0,0,0,0,0,0,0,0,0,0,0.0,0.0,0.0,0.0,0.0,0.0,0.0,0.0,0.0,0.0,0.0,0.0,0.0,0.0,0.0,0.0,0.0,0.0,0.0,0.0,0.0,0.0,-0.0,-2.004,-2.004,-0.0,0.0,0.0,0.0,0.0,3363.5,-2.004,0.0,0.0,-0.0,-0.0,2.7184274988523002e+23,0.0,0.0,0.0,0.0,0,-0.0,-3.2219784175415904e+26,0.0,0.0,0.0,0.0,0.0,0.0,0.0,0,0,0,0.0,0.0,0.0,0.0,0.0,0.0,0.0,0.0,0.0,0.0,0.0,0.0,0.0,0.0,0.0,0.0,0,-107875648.0,0,0.0,0,-107875648.0,-107877712.0,0,0,17039,13107,17053,39322,17037,0,0,0,110,100,100,0.0,64.0,0.0,64.9,-107615304.0,68.5,1,49,50,180,0,26215,0,0,0.0,0.0,0.0,0.0,-9.923621067217377e+27,65.0,0.0,-0.0,0.0,645,0,687,0,0,0,715,0,786,0,708,0,689,0,645,0,641,0,618,0.032,36700160.0,-0.0,0.0,53648,16788,-7.821900926848939e+32,-0.0,0.001,0.0,0.0,7.196607110868886e+36,29.0,60.0,70,0.0,0.0,0.0,0.0,0.0,0.0,0.0,0.0,0.0,0.0,0.0,0.0,0.0,0.0,0.0,0.0,59.2,68,11,65509,41,65476,0,300,0,0,8,20529,65476,0,0,61604,60.0,0.0,0.0,0.0,0.0,0.0
2026-04-04T11:38:44,ERR,ERR,ERR,ERR,ERR,ERR,ERR,ERR,ERR,ERR,ERR,ERR,ERR,ERR,ERR,ERR,ERR,ERR,ERR,ERR,ERR,ERR,ERR,ERR,ERR,ERR,ERR,ERR,ERR,ERR,ERR,ERR,ERR,ERR,ERR,ERR,ERR,ERR,ERR,ERR,ERR,ERR,ERR,ERR,ERR,ERR,ERR,ERR,ERR,ERR,ERR,ERR,ERR,ERR,ERR,ERR,ERR,ERR,ERR,ERR,ERR,ERR,ERR,ERR,ERR,ERR,ERR,ERR,ERR,ERR,ERR,ERR,ERR,ERR,ERR,ERR,ERR,ERR,ERR,ERR,ERR,ERR,ERR,ERR,ERR,ERR,ERR,ERR,ERR,ERR,ERR,ERR,ERR,ERR,ERR,ERR,ERR,ERR,ERR,ERR,ERR,ERR,ERR,ERR,ERR,ERR,ERR,ERR,ERR,ERR,ERR,ERR,ERR,ERR,ERR,ERR,ERR,ERR,ERR,ERR,ERR,ERR,ERR,ERR,ERR,0.0,-0.0,-101055584.0,0.0,0.0,0.0,0.0,nan,0,0,0,32768,0,0.0,0,0.0,0.0,0.0,0.0,0.0,0,0,0,0,0.0,0,0,0,0,0,0,0,0,0,0,0,0,0,0,0,0,0,0,0,0,0,0,0,0,0,0,0,0,0,0,0,0,0,0,0,0,0,0,0,0,0,0,0,0,0.0,0.0,0.0,0.0,0.0,0.0,0.0,0.0,0.0,0.0,0.0,0.0,0.0,0.0,0.0,0.0,0.0,0.0,0.0,0.0,0.0,0.0,-0.0,-2.004,-2.004,-0.0,0.0,0.0,0.0,0.0,3363.5,-2.004,0.0,0.0,-0.0,-0.0,2.7184274988523002e+23,0.0,0.0,0.0,0.0,0,-0.0,-3.2219784175415904e+26,0.0,0.0,0.0,0.0,0.0,0.0,0.0,0,0,0,0.0,0.0,0.0,0.0,0.0,0.0,0.0,0.0,0.0,0.0,0.0,0.0,0.0,0.0,0.0,0.0,0,-107875648.0,0,0.0,0,-107875648.0,-107877712.0,0,0,17039,13107,17053,39322,17037,0,0,0,110,100,100,0.0,64.0,0.0,64.9,-107615304.0,68.5,1,49,50,180,0,26215,0,0,0.0,0.0,0.0,0.0,-9.923621067217377e+27,65.0,0.0,-0.0,0.0,645,0,687,0,0,0,715,0,786,0,708,0,689,0,645,0,641,0,618,0.032,36700160.0,-0.0,0.0,53648,16788,-7.821900926848939e+32,-0.0,0.001,0.0,0.0,7.196607110868886e+36,29.0,60.0,70,0.0,0.0,0.0,0.0,0.0,0.0,0.0,0.0,0.0,0.0,0.0,0.0,0.0,0.0,0.0,0.0,59.6,68,11,65509,41,65476,0,300,0,0,8,20529,65476,0,0,61604,60.0,0.0,0.0,0.0,0.0,0.0
2026-04-04T11:38:45,ERR,ERR,ERR,ERR,ERR,ERR,ERR,ERR,ERR,ERR,ERR,ERR,ERR,ERR,ERR,ERR,ERR,ERR,ERR,ERR,ERR,ERR,ERR,ERR,ERR,ERR,ERR,ERR,ERR,ERR,ERR,ERR,ERR,ERR,ERR,ERR,ERR,ERR,ERR,ERR,ERR,ERR,ERR,ERR,ERR,ERR,ERR,ERR,ERR,ERR,ERR,ERR,ERR,ERR,ERR,ERR,ERR,ERR,ERR,ERR,ERR,ERR,ERR,ERR,ERR,ERR,ERR,ERR,ERR,ERR,ERR,ERR,ERR,ERR,ERR,ERR,ERR,ERR,ERR,ERR,ERR,ERR,ERR,ERR,ERR,ERR,ERR,ERR,ERR,ERR,ERR,ERR,ERR,ERR,ERR,ERR,ERR,ERR,ERR,ERR,ERR,ERR,ERR,ERR,ERR,ERR,ERR,ERR,ERR,ERR,ERR,ERR,ERR,ERR,ERR,ERR,ERR,ERR,ERR,ERR,ERR,ERR,ERR,ERR,ERR,0.0,-0.0,-101055584.0,0.0,0.0,0.0,0.0,nan,0,0,0,32768,0,0.0,0,0.0,0.0,0.0,0.0,0.0,0,0,0,0,0.0,0,0,0,0,0,0,0,0,0,0,0,0,0,0,0,0,0,0,0,0,0,0,0,0,0,0,0,0,0,0,0,0,0,0,0,0,0,0,0,0,0,0,0,0,0.0,0.0,0.0,0.0,0.0,0.0,0.0,0.0,0.0,0.0,0.0,0.0,0.0,0.0,0.0,0.0,0.0,0.0,0.0,0.0,0.0,0.0,-0.0,-2.004,-2.004,-0.0,0.0,0.0,0.0,0.0,3363.5,-2.004,0.0,0.0,-0.0,-0.0,2.7184274988523002e+23,0.0,0.0,0.0,0.0,0,-0.0,-3.2219784175415904e+26,0.0,0.0,0.0,0.0,0.0,0.0,0.0,0,0,0,0.0,0.0,0.0,0.0,0.0,0.0,0.0,0.0,0.0,0.0,0.0,0.0,0.0,0.0,0.0,0.0,0,-107875648.0,0,0.0,0,-107875648.0,-107877712.0,0,0,17039,13107,17053,39322,17037,0,0,0,110,100,100,0.0,64.0,0.0,64.9,-107615304.0,68.5,1,49,50,180,0,26215,0,0,0.0,0.0,0.0,0.0,-5.0327282512776974e+20,65.0,0.0,2.4543117085808797e+29,0.0,645,0,687,0,0,0,715,0,786,0,708,0,689,0,645,0,641,0,618,0.032,36700160.0,-0.0,0.0,51856,16788,-9.176836893059282e+28,1.457420474705458e+19,-1.5291188173476616e+32,0.0,0.0,21.907,29.0,60.0,70,0.0,0.0,0.0,0.0,0.0,0.0,0.0,0.0,0.0,0.0,0.0,0.0,0.0,0.0,0.0,0.0,59.6,68,11,65509,41,65476,0,300,0,0,8,20529,65476,0,0,61604,60.0,0.0,0.0,0.0,0.0,0.0
2026-04-04T11:38:46,ERR,ERR,ERR,ERR,ERR,ERR,ERR,ERR,ERR,ERR,ERR,ERR,ERR,ERR,ERR,ERR,ERR,ERR,ERR,ERR,ERR,ERR,ERR,ERR,ERR,ERR,ERR,ERR,ERR,ERR,ERR,ERR,ERR,ERR,ERR,ERR,ERR,ERR,ERR,ERR,ERR,ERR,ERR,ERR,ERR,ERR,ERR,ERR,ERR,ERR,ERR,ERR,ERR,ERR,ERR,ERR,ERR,ERR,ERR,ERR,ERR,ERR,ERR,ERR,ERR,ERR,ERR,ERR,ERR,ERR,ERR,ERR,ERR,ERR,ERR,ERR,ERR,ERR,ERR,ERR,ERR,ERR,ERR,ERR,ERR,ERR,ERR,ERR,ERR,ERR,ERR,ERR,ERR,ERR,ERR,ERR,ERR,ERR,ERR,ERR,ERR,ERR,ERR,ERR,ERR,ERR,ERR,ERR,ERR,ERR,ERR,ERR,ERR,ERR,ERR,ERR,ERR,ERR,ERR,ERR,ERR,ERR,ERR,ERR,ERR,0.0,-0.0,-101055584.0,0.0,0.0,0.0,0.0,nan,0,0,0,32768,0,0.0,0,0.0,0.0,0.0,0.0,0.0,0,0,0,0,0.0,0,0,0,0,0,0,0,0,0,0,0,0,0,0,0,0,0,0,0,0,0,0,0,0,0,0,0,0,0,0,0,0,0,0,0,0,0,0,0,0,0,0,0,0,0.0,0.0,0.0,0.0,0.0,0.0,0.0,0.0,0.0,0.0,0.0,0.0,0.0,0.0,0.0,0.0,0.0,0.0,0.0,0.0,0.0,0.0,-0.0,-2.004,-2.004,-0.0,0.0,0.0,0.0,0.0,3363.5,-2.004,0.0,0.0,-0.0,-0.0,2.7184274988523002e+23,0.0,0.0,0.0,0.0,0,-0.0,-3.2219784175415904e+26,0.0,0.0,0.0,0.0,0.0,0.0,0.0,0,0,0,0.0,0.0,0.0,0.0,0.0,0.0,0.0,0.0,0.0,0.0,0.0,0.0,0.0,0.0,0.0,0.0,0,-107875648.0,0,0.0,0,-107875648.0,-107877712.0,0,0,17039,13107,17053,39322,17037,0,0,0,110,100,100,0.0,64.0,0.0,64.9,-107615304.0,68.5,1,49,50,180,0,26215,0,0,0.0,0.0,0.0,0.0,-5.0327282512776974e+20,65.0,0.0,2.4543117085808797e+29,0.0,645,0,687,0,0,0,715,0,786,0,708,0,689,0,645,0,641,0,618,0.032,36700160.0,-0.0,0.0,51856,16788,-9.176836893059282e+28,1.457420474705458e+19,-1.5291188173476616e+32,0.0,0.0,21.907,29.0,60.0,70,0.0,0.0,0.0,0.0,0.0,0.0,0.0,0.0,0.0,0.0,0.0,0.0,0.0,0.0,0.0,0.0,59.6,68,11,65509,41,65476,0,300,0,0,8,20529,65476,0,0,61604,60.0,0.0,0.0,0.0,0.0,0.0
2026-04-04T11:38:47,ERR,ERR,ERR,ERR,ERR,ERR,ERR,ERR,ERR,ERR,ERR,ERR,ERR,ERR,ERR,ERR,ERR,ERR,ERR,ERR,ERR,ERR,ERR,ERR,ERR,ERR,ERR,ERR,ERR,ERR,ERR,ERR,ERR,ERR,ERR,ERR,ERR,ERR,ERR,ERR,ERR,ERR,ERR,ERR,ERR,ERR,ERR,ERR,ERR,ERR,ERR,ERR,ERR,ERR,ERR,ERR,ERR,ERR,ERR,ERR,ERR,ERR,ERR,ERR,ERR,ERR,ERR,ERR,ERR,ERR,ERR,ERR,ERR,ERR,ERR,ERR,ERR,ERR,ERR,ERR,ERR,ERR,ERR,ERR,ERR,ERR,ERR,ERR,ERR,ERR,ERR,ERR,ERR,ERR,ERR,ERR,ERR,ERR,ERR,ERR,ERR,ERR,ERR,ERR,ERR,ERR,ERR,ERR,ERR,ERR,ERR,ERR,ERR,ERR,ERR,ERR,ERR,ERR,ERR,ERR,ERR,ERR,ERR,ERR,ERR,0.0,-0.0,-101055584.0,0.0,0.0,0.0,0.0,nan,0,0,0,32768,0,0.0,0,0.0,0.0,0.0,0.0,0.0,0,0,0,0,0.0,0,0,0,0,0,0,0,0,0,0,0,0,0,0,0,0,0,0,0,0,0,0,0,0,0,0,0,0,0,0,0,0,0,0,0,0,0,0,0,0,0,0,0,0,0.0,0.0,0.0,0.0,0.0,0.0,0.0,0.0,0.0,0.0,0.0,0.0,0.0,0.0,0.0,0.0,0.0,0.0,0.0,0.0,0.0,0.0,-0.0,-2.004,-2.004,-0.0,0.0,0.0,0.0,0.0,3380.0,0.0,0.0,0.0,-0.0,-0.0,2.7184274988523002e+23,0.0,0.0,0.0,0.0,0,-0.0,0.0,0.0,0.0,0.0,0.0,0.0,0.0,0.0,0,0,0,0.0,0.0,0.0,0.0,0.0,0.0,0.0,0.0,0.0,0.0,0.0,0.0,0.0,0.0,0.0,0.0,0,-107875648.0,0,0.0,0,-107875648.0,-107877712.0,0,0,17039,13107,17053,39322,17037,0,0,0,110,100,100,0.0,64.0,0.0,64.9,-107615304.0,68.5,1,49,50,180,0,26215,0,0,0.0,0.0,0.0,0.0,-5.0327282512776974e+20,65.0,0.0,2.4543117085808797e+29,0.0,645,0,687,0,0,0,715,0,786,0,708,0,689,0,645,0,641,0,618,0.032,36700160.0,-0.0,0.0,51856,16788,-9.176836893059282e+28,1.457420474705458e+19,-1.5291188173476616e+32,0.0,0.0,21.907,29.0,60.0,70,0.0,0.0,0.0,0.0,0.0,0.0,0.0,0.0,0.0,0.0,0.0,0.0,0.0,0.0,0.0,0.0,59.6,68,11,65509,41,65476,0,300,0,0,8,20529,65476,0,0,61604,60.0,0.0,0.0,0.0,0.0,0.0
2026-04-04T11:38:48,ERR,ERR,ERR,ERR,ERR,ERR,ERR,ERR,ERR,ERR,ERR,ERR,ERR,ERR,ERR,ERR,ERR,ERR,ERR,ERR,ERR,ERR,ERR,ERR,ERR,ERR,ERR,ERR,ERR,ERR,ERR,ERR,ERR,ERR,ERR,ERR,ERR,ERR,ERR,ERR,ERR,ERR,ERR,ERR,ERR,ERR,ERR,ERR,ERR,ERR,ERR,ERR,ERR,ERR,ERR,ERR,ERR,ERR,ERR,ERR,ERR,ERR,ERR,ERR,ERR,ERR,ERR,ERR,ERR,ERR,ERR,ERR,ERR,ERR,ERR,ERR,ERR,ERR,ERR,ERR,ERR,ERR,ERR,ERR,ERR,ERR,ERR,ERR,ERR,ERR,ERR,ERR,ERR,ERR,ERR,ERR,ERR,ERR,ERR,ERR,ERR,ERR,ERR,ERR,ERR,ERR,ERR,ERR,ERR,ERR,ERR,ERR,ERR,ERR,ERR,ERR,ERR,ERR,ERR,ERR,ERR,ERR,ERR,ERR,ERR,0.0,-0.0,-101055584.0,0.0,0.0,0.0,0.0,nan,0,0,0,32768,0,0.0,0,0.0,0.0,0.0,0.0,0.0,0,0,0,0,0.0,0,0,0,0,0,0,0,0,0,0,0,0,0,0,0,0,0,0,0,0,0,0,0,0,0,0,0,0,0,0,0,0,0,0,0,0,0,0,0,0,0,0,0,0,0.0,0.0,0.0,0.0,0.0,0.0,0.0,0.0,0.0,0.0,0.0,0.0,0.0,0.0,0.0,0.0,0.0,0.0,0.0,0.0,0.0,0.0,-0.0,-2.004,-2.004,-0.0,0.0,0.0,0.0,0.0,3380.0,0.0,0.0,0.0,-0.0,-0.0,2.7184274988523002e+23,0.0,0.0,0.0,0.0,0,-0.0,0.0,0.0,0.0,0.0,0.0,0.0,0.0,0.0,0,0,0,0.0,0.0,0.0,0.0,0.0,0.0,0.0,0.0,0.0,0.0,0.0,0.0,0.0,0.0,0.0,0.0,0,-107875648.0,0,0.0,0,-107875648.0,-107877712.0,0,0,17039,13107,17053,39322,17037,0,0,0,110,100,100,0.0,64.0,0.0,64.9,-107615304.0,68.5,1,49,50,180,0,26215,0,0,0.0,0.0,0.0,0.0,-5.0327282512776974e+20,65.0,0.0,2.4543117085808797e+29,0.0,645,0,687,0,0,0,715,0,786,0,708,0,689,0,645,0,641,0,618,0.032,36700160.0,-0.0,0.0,51856,16788,-9.176836893059282e+28,1.457420474705458e+19,-1.5291188173476616e+32,0.0,0.0,21.907,29.0,60.0,70,0.0,0.0,0.0,0.0,0.0,0.0,0.0,0.0,0.0,0.0,0.0,0.0,0.0,0.0,0.0,0.0,59.6,68,11,65509,41,65476,0,300,0,0,8,20529,65476,0,0,61604,60.0,0.0,0.0,0.0,0.0,0.0
2026-04-04T11:38:49,ERR,ERR,ERR,ERR,ERR,ERR,ERR,ERR,ERR,ERR,ERR,ERR,ERR,ERR,ERR,ERR,ERR,ERR,ERR,ERR,ERR,ERR,ERR,ERR,ERR,ERR,ERR,ERR,ERR,ERR,ERR,ERR,ERR,ERR,ERR,ERR,ERR,ERR,ERR,ERR,ERR,ERR,ERR,ERR,ERR,ERR,ERR,ERR,ERR,ERR,ERR,ERR,ERR,ERR,ERR,ERR,ERR,ERR,ERR,ERR,ERR,ERR,ERR,ERR,ERR,ERR,ERR,ERR,ERR,ERR,ERR,ERR,ERR,ERR,ERR,ERR,ERR,ERR,ERR,ERR,ERR,ERR,ERR,ERR,ERR,ERR,ERR,ERR,ERR,ERR,ERR,ERR,ERR,ERR,ERR,ERR,ERR,ERR,ERR,ERR,ERR,ERR,ERR,ERR,ERR,ERR,ERR,ERR,ERR,ERR,ERR,ERR,ERR,ERR,ERR,ERR,ERR,ERR,ERR,ERR,ERR,ERR,ERR,ERR,ERR,0.0,-0.0,-101055584.0,0.0,0.0,0.0,0.0,nan,0,0,0,32768,0,0.0,0,0.0,0.0,0.0,0.0,0.0,0,0,0,0,0.0,0,0,0,0,0,0,0,0,0,0,0,0,0,0,0,0,0,0,0,0,0,0,0,0,0,0,0,0,0,0,0,0,0,0,0,0,0,0,0,0,0,0,0,0,0.0,0.0,0.0,0.0,0.0,0.0,0.0,0.0,0.0,0.0,0.0,0.0,0.0,0.0,0.0,0.0,0.0,0.0,0.0,0.0,0.0,0.0,-0.0,-2.004,-2.004,-0.0,0.0,0.0,0.0,0.0,3380.0,0.0,0.0,0.0,-0.0,-0.0,2.7184274988523002e+23,0.0,0.0,0.0,0.0,0,-0.0,0.0,0.0,0.0,0.0,0.0,0.0,0.0,0.0,0,0,0,0.0,0.0,0.0,0.0,0.0,0.0,0.0,0.0,0.0,0.0,0.0,0.0,0.0,0.0,0.0,0.0,0,-107875648.0,0,0.0,0,-107875648.0,-107877712.0,0,0,17039,13107,17053,39322,17037,0,0,0,110,100,100,0.0,64.0,0.0,64.9,-107615304.0,68.5,1,49,50,180,0,26215,0,0,0.0,0.0,0.0,0.0,-5.0327282512776974e+20,65.0,0.0,2.4543117085808797e+29,0.0,645,0,687,0,0,0,715,0,786,0,708,0,689,0,645,0,641,0,618,0.032,36700160.0,-0.0,0.0,51856,16788,-9.176836893059282e+28,1.457420474705458e+19,-1.5291188173476616e+32,0.0,0.0,21.907,29.0,60.0,70,0.0,0.0,0.0,0.0,0.0,0.0,0.0,0.0,0.0,0.0,0.0,0.0,0.0,0.0,0.0,0.0,59.2,68,11,65509,41,65476,0,300,0,0,8,20529,65476,0,0,61604,60.0,0.0,0.0,0.0,0.0,0.0
2026-04-04T11:38:50,ERR,ERR,ERR,ERR,ERR,ERR,ERR,ERR,ERR,ERR,ERR,ERR,ERR,ERR,ERR,ERR,ERR,ERR,ERR,ERR,ERR,ERR,ERR,ERR,ERR,ERR,ERR,ERR,ERR,ERR,ERR,ERR,ERR,ERR,ERR,ERR,ERR,ERR,ERR,ERR,ERR,ERR,ERR,ERR,ERR,ERR,ERR,ERR,ERR,ERR,ERR,ERR,ERR,ERR,ERR,ERR,ERR,ERR,ERR,ERR,ERR,ERR,ERR,ERR,ERR,ERR,ERR,ERR,ERR,ERR,ERR,ERR,ERR,ERR,ERR,ERR,ERR,ERR,ERR,ERR,ERR,ERR,ERR,ERR,ERR,ERR,ERR,ERR,ERR,ERR,ERR,ERR,ERR,ERR,ERR,ERR,ERR,ERR,ERR,ERR,ERR,ERR,ERR,ERR,ERR,ERR,ERR,ERR,ERR,ERR,ERR,ERR,ERR,ERR,ERR,ERR,ERR,ERR,ERR,ERR,ERR,ERR,ERR,ERR,ERR,0.0,-0.0,-101055584.0,0.0,0.0,0.0,0.0,nan,0,0,0,32768,0,0.0,0,0.0,0.0,0.0,0.0,0.0,0,0,0,0,0.0,0,0,0,0,0,0,0,0,0,0,0,0,0,0,0,0,0,0,0,0,0,0,0,0,0,0,0,0,0,0,0,0,0,0,0,0,0,0,0,0,0,0,0,0,0.0,0.0,0.0,0.0,0.0,0.0,0.0,0.0,0.0,0.0,0.0,0.0,0.0,0.0,0.0,0.0,0.0,0.0,0.0,0.0,0.0,0.0,-0.0,-2.004,-2.004,-0.0,0.0,0.0,0.0,0.0,3380.0,0.0,0.0,0.0,-0.0,-0.0,2.7184274988523002e+23,0.0,0.0,0.0,0.0,0,-0.0,0.0,0.0,0.0,0.0,0.0,0.0,0.0,0.0,0,0,0,0.0,0.0,0.0,0.0,0.0,0.0,0.0,0.0,0.0,0.0,0.0,0.0,0.0,0.0,0.0,0.0,0,-107875648.0,0,0.0,0,-107875648.0,-107877712.0,0,0,17039,13107,17053,39322,17037,0,0,0,110,100,100,0.0,64.0,0.0,64.9,-107615304.0,68.5,1,49,50,180,0,26215,0,0,0.0,0.0,0.0,0.0,0.0,65.5,0.0,4.011985899134276e+34,0.0,645,0,687,0,0,0,715,0,786,0,708,0,689,0,645,0,641,0,618,0.032,36700160.0,-0.0,0.0,62864,16788,-1.218591229899481e+32,0.0,-7054900224.0,3.6992840835260577e+27,-1.6339987549911368e+25,0.0,29.0,60.0,70,0.0,0.0,0.0,0.0,0.0,0.0,0.0,0.0,0.0,0.0,0.0,0.0,0.0,0.0,0.0,0.0,59.2,68,11,65509,41,65476,0,300,0,0,8,20529,65476,0,0,61604,60.0,0.0,0.0,0.0,0.0,0.0
2026-04-04T11:38:51,ERR,ERR,ERR,ERR,ERR,ERR,ERR,ERR,ERR,ERR,ERR,ERR,ERR,ERR,ERR,ERR,ERR,ERR,ERR,ERR,ERR,ERR,ERR,ERR,ERR,ERR,ERR,ERR,ERR,ERR,ERR,ERR,ERR,ERR,ERR,ERR,ERR,ERR,ERR,ERR,ERR,ERR,ERR,ERR,ERR,ERR,ERR,ERR,ERR,ERR,ERR,ERR,ERR,ERR,ERR,ERR,ERR,ERR,ERR,ERR,ERR,ERR,ERR,ERR,ERR,ERR,ERR,ERR,ERR,ERR,ERR,ERR,ERR,ERR,ERR,ERR,ERR,ERR,ERR,ERR,ERR,ERR,ERR,ERR,ERR,ERR,ERR,ERR,ERR,ERR,ERR,ERR,ERR,ERR,ERR,ERR,ERR,ERR,ERR,ERR,ERR,ERR,ERR,ERR,ERR,ERR,ERR,ERR,ERR,ERR,ERR,ERR,ERR,ERR,ERR,ERR,ERR,ERR,ERR,ERR,ERR,ERR,ERR,ERR,ERR,0.0,-0.0,-101055584.0,0.0,0.0,0.0,0.0,nan,0,0,0,32768,0,0.0,0,0.0,0.0,0.0,0.0,0.0,0,0,0,0,0.0,0,0,0,0,0,0,0,0,0,0,0,0,0,0,0,0,0,0,0,0,0,0,0,0,0,0,0,0,0,0,0,0,0,0,0,0,0,0,0,0,0,0,0,0,0.0,0.0,0.0,0.0,0.0,0.0,0.0,0.0,0.0,0.0,0.0,0.0,0.0,0.0,0.0,0.0,0.0,0.0,0.0,0.0,0.0,0.0,-0.0,-2.004,-2.004,-0.0,0.0,0.0,0.0,0.0,3380.0,0.0,0.0,0.0,-0.0,-0.0,2.7184274988523002e+23,0.0,0.0,0.0,0.0,0,-0.0,0.0,0.0,0.0,0.0,0.0,0.0,0.0,0.0,0,0,0,0.0,0.0,0.0,0.0,0.0,0.0,0.0,0.0,0.0,0.0,0.0,0.0,0.0,0.0,0.0,0.0,0,-107875648.0,0,0.0,0,-107875648.0,-107877712.0,0,0,17039,13107,17053,39322,17037,0,0,0,110,100,100,0.0,64.0,0.0,64.9,-107615304.0,68.5,1,49,50,180,0,26215,0,0,0.0,0.0,0.0,0.0,0.0,65.5,0.0,4.011985899134276e+34,0.0,645,0,687,0,0,0,715,0,786,0,708,0,689,0,645,0,641,0,618,0.032,36700160.0,-0.0,0.0,62864,16788,-1.218591229899481e+32,0.0,-7054900224.0,3.6992840835260577e+27,-1.6339987549911368e+25,0.0,29.0,60.0,70,0.0,0.0,0.0,0.0,0.0,0.0,0.0,0.0,0.0,0.0,0.0,0.0,0.0,0.0,0.0,0.0,59.2,68,11,65509,41,65476,0,300,0,0,8,20529,65476,0,0,61604,60.0,0.0,0.0,0.0,0.0,0.0
2026-04-04T11:38:52,ERR,ERR,ERR,ERR,ERR,ERR,ERR,ERR,ERR,ERR,ERR,ERR,ERR,ERR,ERR,ERR,ERR,ERR,ERR,ERR,ERR,ERR,ERR,ERR,ERR,ERR,ERR,ERR,ERR,ERR,ERR,ERR,ERR,ERR,ERR,ERR,ERR,ERR,ERR,ERR,ERR,ERR,ERR,ERR,ERR,ERR,ERR,ERR,ERR,ERR,ERR,ERR,ERR,ERR,ERR,ERR,ERR,ERR,ERR,ERR,ERR,ERR,ERR,ERR,ERR,ERR,ERR,ERR,ERR,ERR,ERR,ERR,ERR,ERR,ERR,ERR,ERR,ERR,ERR,ERR,ERR,ERR,ERR,ERR,ERR,ERR,ERR,ERR,ERR,ERR,ERR,ERR,ERR,ERR,ERR,ERR,ERR,ERR,ERR,ERR,ERR,ERR,ERR,ERR,ERR,ERR,ERR,ERR,ERR,ERR,ERR,ERR,ERR,ERR,ERR,ERR,ERR,ERR,ERR,ERR,ERR,ERR,ERR,ERR,ERR,0.0,-0.0,-101055584.0,0.0,0.0,0.0,0.0,nan,0,0,0,32768,0,0.0,0,0.0,0.0,0.0,0.0,0.0,0,0,0,0,0.0,0,0,0,0,0,0,0,0,0,0,0,0,0,0,0,0,0,0,0,0,0,0,0,0,0,0,0,0,0,0,0,0,0,0,0,0,0,0,0,0,0,0,0,0,0.0,0.0,0.0,0.0,0.0,0.0,0.0,0.0,0.0,0.0,0.0,0.0,0.0,0.0,0.0,0.0,0.0,0.0,0.0,0.0,0.0,0.0,-0.0,-2.004,-2.004,-0.0,0.0,0.0,0.0,0.0,3380.0,0.0,0.0,0.0,-0.0,-0.0,2.7184274988523002e+23,0.0,0.0,0.0,0.0,0,-0.0,0.0,0.0,0.0,0.0,0.0,0.0,0.0,0.0,0,0,0,0.0,0.0,0.0,0.0,0.0,0.0,0.0,0.0,0.0,0.0,0.0,0.0,0.0,0.0,0.0,0.0,0,-107875648.0,0,0.0,0,-107875648.0,-107877712.0,0,0,17039,13107,17053,39322,17037,0,0,0,110,100,100,0.0,64.0,0.0,64.9,-107615304.0,68.5,1,49,50,180,0,26215,0,0,0.0,0.0,0.0,0.0,0.0,65.5,0.0,4.011985899134276e+34,0.0,645,0,687,0,0,0,715,0,786,0,708,0,689,0,645,0,641,0,618,0.032,36700160.0,-0.0,0.0,62864,16788,-1.218591229899481e+32,0.0,-7054900224.0,3.6992840835260577e+27,-1.6339987549911368e+25,0.0,29.0,60.0,70,0.0,0.0,0.0,0.0,0.0,0.0,0.0,0.0,0.0,0.0,0.0,0.0,0.0,0.0,0.0,0.0,59.2,68,11,65509,41,65476,0,300,0,0,8,20529,65476,0,0,61604,60.0,0.0,0.0,0.0,0.0,0.0
2026-04-04T11:38:53,ERR,ERR,ERR,ERR,ERR,ERR,ERR,ERR,ERR,ERR,ERR,ERR,ERR,ERR,ERR,ERR,ERR,ERR,ERR,ERR,ERR,ERR,ERR,ERR,ERR,ERR,ERR,ERR,ERR,ERR,ERR,ERR,ERR,ERR,ERR,ERR,ERR,ERR,ERR,ERR,ERR,ERR,ERR,ERR,ERR,ERR,ERR,ERR,ERR,ERR,ERR,ERR,ERR,ERR,ERR,ERR,ERR,ERR,ERR,ERR,ERR,ERR,ERR,ERR,ERR,ERR,ERR,ERR,ERR,ERR,ERR,ERR,ERR,ERR,ERR,ERR,ERR,ERR,ERR,ERR,ERR,ERR,ERR,ERR,ERR,ERR,ERR,ERR,ERR,ERR,ERR,ERR,ERR,ERR,ERR,ERR,ERR,ERR,ERR,ERR,ERR,ERR,ERR,ERR,ERR,ERR,ERR,ERR,ERR,ERR,ERR,ERR,ERR,ERR,ERR,ERR,ERR,ERR,ERR,ERR,ERR,ERR,ERR,ERR,ERR,0.0,-0.0,-101055584.0,0.0,0.0,0.0,0.0,nan,0,0,0,32768,0,0.0,0,0.0,0.0,0.0,0.0,0.0,0,0,0,0,0.0,0,0,0,0,0,0,0,0,0,0,0,0,0,0,0,0,0,0,0,0,0,0,0,0,0,0,0,0,0,0,0,0,0,0,0,0,0,0,0,0,0,0,0,0,0.0,0.0,0.0,0.0,0.0,0.0,0.0,0.0,0.0,0.0,0.0,0.0,0.0,0.0,0.0,0.0,0.0,0.0,0.0,0.0,0.0,0.0,-0.0,-2.004,-2.004,-0.0,0.0,0.0,0.0,0.0,3380.0,0.0,0.0,0.0,-0.0,-0.0,2.7184274988523002e+23,0.0,0.0,0.0,0.0,0,-0.0,0.0,0.0,0.0,0.0,0.0,0.0,0.0,0.0,0,0,0,0.0,0.0,0.0,0.0,0.0,0.0,0.0,0.0,0.0,0.0,0.0,0.0,0.0,0.0,0.0,0.0,0,-107875648.0,0,0.0,0,-107875648.0,-107877712.0,0,0,17039,13107,17053,39322,17037,0,0,0,110,100,100,0.0,64.0,0.0,64.9,-107615304.0,68.5,1,49,50,180,0,26215,0,0,0.0,0.0,0.0,0.0,0.0,65.5,0.0,4.011985899134276e+34,0.0,645,0,687,0,0,0,715,0,786,0,708,0,689,0,645,0,641,0,618,0.032,36700160.0,-0.0,0.0,62864,16788,-1.218591229899481e+32,0.0,-7054900224.0,3.6992840835260577e+27,-1.6339987549911368e+25,0.0,29.0,60.0,70,0.0,0.0,0.0,0.0,0.0,0.0,0.0,0.0,0.0,0.0,0.0,0.0,0.0,0.0,0.0,0.0,59.2,68,11,65509,41,65476,0,300,0,0,8,20529,65476,0,0,61604,60.0,0.0,0.0,0.0,0.0,0.0
2026-04-04T11:38:54,ERR,ERR,ERR,ERR,ERR,ERR,ERR,ERR,ERR,ERR,ERR,ERR,ERR,ERR,ERR,ERR,ERR,ERR,ERR,ERR,ERR,ERR,ERR,ERR,ERR,ERR,ERR,ERR,ERR,ERR,ERR,ERR,ERR,ERR,ERR,ERR,ERR,ERR,ERR,ERR,ERR,ERR,ERR,ERR,ERR,ERR,ERR,ERR,ERR,ERR,ERR,ERR,ERR,ERR,ERR,ERR,ERR,ERR,ERR,ERR,ERR,ERR,ERR,ERR,ERR,ERR,ERR,ERR,ERR,ERR,ERR,ERR,ERR,ERR,ERR,ERR,ERR,ERR,ERR,ERR,ERR,ERR,ERR,ERR,ERR,ERR,ERR,ERR,ERR,ERR,ERR,ERR,ERR,ERR,ERR,ERR,ERR,ERR,ERR,ERR,ERR,ERR,ERR,ERR,ERR,ERR,ERR,ERR,ERR,ERR,ERR,ERR,ERR,ERR,ERR,ERR,ERR,ERR,ERR,ERR,ERR,ERR,ERR,ERR,ERR,0.0,-0.0,-101055584.0,0.0,0.0,0.0,0.0,nan,0,0,0,32768,0,0.0,0,0.0,0.0,0.0,0.0,0.0,0,0,0,0,0.0,0,0,0,0,0,0,0,0,0,0,0,0,0,0,0,0,0,0,0,0,0,0,0,0,0,0,0,0,0,0,0,0,0,0,0,0,0,0,0,0,0,0,0,0,0.0,0.0,0.0,0.0,0.0,0.0,0.0,0.0,0.0,0.0,0.0,0.0,0.0,0.0,0.0,0.0,0.0,0.0,0.0,0.0,0.0,0.0,-0.0,-2.004,-2.004,-0.0,0.0,0.0,0.0,0.0,3380.0,0.0,0.0,0.0,-0.0,-0.0,2.7184274988523002e+23,0.0,0.0,0.0,0.0,0,-0.0,0.0,0.0,0.0,0.0,0.0,0.0,0.0,0.0,0,0,0,0.0,0.0,0.0,0.0,0.0,0.0,0.0,0.0,0.0,0.0,0.0,0.0,0.0,0.0,0.0,0.0,0,-107875648.0,0,0.0,0,-107875648.0,-107877712.0,0,0,17039,13107,17053,39322,17037,0,0,0,110,100,100,0.0,64.0,0.0,64.9,-107615304.0,68.5,1,49,50,180,0,26215,0,0,0.0,0.0,0.0,0.0,0.0,65.5,0.0,4.011985899134276e+34,0.0,645,0,687,0,0,0,715,0,786,0,708,0,689,0,645,0,641,0,618,0.032,36700160.0,-0.0,0.0,62864,16788,-1.218591229899481e+32,0.0,-7054900224.0,3.6992840835260577e+27,-1.6339987549911368e+25,0.0,29.0,60.0,70,0.0,0.0,0.0,0.0,0.0,0.0,0.0,0.0,0.0,0.0,0.0,0.0,0.0,0.0,0.0,0.0,59.2,68,11,65509,41,65476,0,300,0,0,8,20529,65476,0,0,61604,60.0,0.0,0.0,0.0,0.0,0.0
2026-04-04T11:38:55,ERR,ERR,ERR,ERR,ERR,ERR,ERR,ERR,ERR,ERR,ERR,ERR,ERR,ERR,ERR,ERR,ERR,ERR,ERR,ERR,ERR,ERR,ERR,ERR,ERR,ERR,ERR,ERR,ERR,ERR,ERR,ERR,ERR,ERR,ERR,ERR,ERR,ERR,ERR,ERR,ERR,ERR,ERR,ERR,ERR,ERR,ERR,ERR,ERR,ERR,ERR,ERR,ERR,ERR,ERR,ERR,ERR,ERR,ERR,ERR,ERR,ERR,ERR,ERR,ERR,ERR,ERR,ERR,ERR,ERR,ERR,ERR,ERR,ERR,ERR,ERR,ERR,ERR,ERR,ERR,ERR,ERR,ERR,ERR,ERR,ERR,ERR,ERR,ERR,ERR,ERR,ERR,ERR,ERR,ERR,ERR,ERR,ERR,ERR,ERR,ERR,ERR,ERR,ERR,ERR,ERR,ERR,ERR,ERR,ERR,ERR,ERR,ERR,ERR,ERR,ERR,ERR,ERR,ERR,ERR,ERR,ERR,ERR,ERR,ERR,0.0,-0.0,-101055584.0,0.0,0.0,0.0,0.0,nan,0,0,0,32768,0,0.0,0,0.0,0.0,0.0,0.0,0.0,0,0,0,0,0.0,0,0,0,0,0,0,0,0,0,0,0,0,0,0,0,0,0,0,0,0,0,0,0,0,0,0,0,0,0,0,0,0,0,0,0,0,0,0,0,0,0,0,0,0,0.0,0.0,0.0,0.0,0.0,0.0,0.0,0.0,0.0,0.0,0.0,0.0,0.0,0.0,-2.59620661244926e+33,0.0,0.0,0.0,0.0,0.0,0.0,0.0,-0.0,-2.004,-2.004,-0.0,0.0,0.0,0.0,0.0,3382.5,0.0,0.0,0.0,0.0,-0.0,2.7184274988523002e+23,0.0,0.0,0.0,0.0,0,-126841012224.0,0.0,0.0,0.0,0.0,0.0,0.0,0.0,0.0,0,0,0,0.0,0.0,0.0,0.0,0.0,0.0,0.0,0.0,0.0,0.0,0.0,0.0,0.0,0.0,0.0,0.0,0,-107875648.0,0,0.0,0,-107875648.0,-107877712.0,0,0,17039,13107,17053,39322,17037,0,0,0,110,100,100,0.0,64.0,0.0,64.9,-107615304.0,68.5,1,49,50,180,0,26215,0,0,0.0,0.0,0.0,0.0,0.0,65.5,0.0,4.011985899134276e+34,0.0,645,0,687,0,0,0,715,0,786,0,708,0,689,0,645,0,641,0,618,0.032,36700160.0,-0.0,0.0,62864,16788,-1.218591229899481e+32,0.0,-7054900224.0,3.6992840835260577e+27,-1.6339987549911368e+25,0.0,29.0,60.0,70,0.0,0.0,0.0,0.0,0.0,0.0,0.0,0.0,0.0,0.0,0.0,0.0,0.0,0.0,0.0,0.0,59.6,68,11,65509,41,65476,0,300,0,0,8,20529,65476,0,0,61604,60.0,0.0,0.0,0.0,0.0,0.0
2026-04-04T11:38:56,ERR,ERR,ERR,ERR,ERR,ERR,ERR,ERR,ERR,ERR,ERR,ERR,ERR,ERR,ERR,ERR,ERR,ERR,ERR,ERR,ERR,ERR,ERR,ERR,ERR,ERR,ERR,ERR,ERR,ERR,ERR,ERR,ERR,ERR,ERR,ERR,ERR,ERR,ERR,ERR,ERR,ERR,ERR,ERR,ERR,ERR,ERR,ERR,ERR,ERR,ERR,ERR,ERR,ERR,ERR,ERR,ERR,ERR,ERR,ERR,ERR,ERR,ERR,ERR,ERR,ERR,ERR,ERR,ERR,ERR,ERR,ERR,ERR,ERR,ERR,ERR,ERR,ERR,ERR,ERR,ERR,ERR,ERR,ERR,ERR,ERR,ERR,ERR,ERR,ERR,ERR,ERR,ERR,ERR,ERR,ERR,ERR,ERR,ERR,ERR,ERR,ERR,ERR,ERR,ERR,ERR,ERR,ERR,ERR,ERR,ERR,ERR,ERR,ERR,ERR,ERR,ERR,ERR,ERR,ERR,ERR,ERR,ERR,ERR,ERR,0.0,-0.0,-101055584.0,0.0,0.0,0.0,0.0,nan,0,0,0,32768,0,0.0,0,0.0,0.0,0.0,0.0,0.0,0,0,0,0,0.0,0,0,0,0,0,0,0,0,0,0,0,0,0,0,0,0,0,0,0,0,0,0,0,0,0,0,0,0,0,0,0,0,0,0,0,0,0,0,0,0,0,0,0,0,0.0,0.0,0.0,0.0,0.0,0.0,0.0,0.0,0.0,0.0,0.0,0.0,0.0,0.0,-2.59620661244926e+33,0.0,0.0,0.0,0.0,0.0,0.0,0.0,-0.0,-2.004,-2.004,-0.0,0.0,0.0,0.0,0.0,3382.5,0.0,0.0,0.0,0.0,-0.0,2.7184274988523002e+23,0.0,0.0,0.0,0.0,0,-126841012224.0,0.0,0.0,0.0,0.0,0.0,0.0,0.0,0.0,0,0,0,0.0,0.0,0.0,0.0,0.0,0.0,0.0,0.0,0.0,0.0,0.0,0.0,0.0,0.0,0.0,0.0,0,-107875648.0,0,0.0,0,-107875648.0,-107877712.0,0,0,17039,13107,17053,39322,17037,0,0,0,110,100,100,0.0,64.0,0.0,64.9,-107615304.0,68.5,1,49,50,180,0,26215,0,0,0.0,0.0,0.0,0.0,-1.4426857277478777e+33,65.0,0.0,1.9658907814576783e+18,0.0,645,0,687,0,0,0,715,0,786,0,708,0,689,0,645,0,641,0,618,0.032,36700160.0,-0.0,0.0,528,16789,-1.3001819313445942e+34,0.0,-8.527026495737449e+30,-4.1589990431593414e+36,nan,8.203,29.0,60.0,70,0.0,0.0,0.0,0.0,0.0,0.0,0.0,0.0,0.0,0.0,0.0,0.0,0.0,0.0,0.0,0.0,59.6,68,11,65509,41,65476,0,300,0,0,8,20529,65476,0,0,61604,60.0,0.0,0.0,0.0,0.0,0.0
2026-04-04T11:38:57,ERR,ERR,ERR,ERR,ERR,ERR,ERR,ERR,ERR,ERR,ERR,ERR,ERR,ERR,ERR,ERR,ERR,ERR,ERR,ERR,ERR,ERR,ERR,ERR,ERR,ERR,ERR,ERR,ERR,ERR,ERR,ERR,ERR,ERR,ERR,ERR,ERR,ERR,ERR,ERR,ERR,ERR,ERR,ERR,ERR,ERR,ERR,ERR,ERR,ERR,ERR,ERR,ERR,ERR,ERR,ERR,ERR,ERR,ERR,ERR,ERR,ERR,ERR,ERR,ERR,ERR,ERR,ERR,ERR,ERR,ERR,ERR,ERR,ERR,ERR,ERR,ERR,ERR,ERR,ERR,ERR,ERR,ERR,ERR,ERR,ERR,ERR,ERR,ERR,ERR,ERR,ERR,ERR,ERR,ERR,ERR,ERR,ERR,ERR,ERR,ERR,ERR,ERR,ERR,ERR,ERR,ERR,ERR,ERR,ERR,ERR,ERR,ERR,ERR,ERR,ERR,ERR,ERR,ERR,ERR,ERR,ERR,ERR,ERR,ERR,0.0,-0.0,-101055584.0,0.0,0.0,0.0,0.0,nan,0,0,0,32768,0,0.0,0,0.0,0.0,0.0,0.0,0.0,0,0,0,0,0.0,0,0,0,0,0,0,0,0,0,0,0,0,0,0,0,0,0,0,0,0,0,0,0,0,0,0,0,0,0,0,0,0,0,0,0,0,0,0,0,0,0,0,0,0,0.0,0.0,0.0,0.0,0.0,0.0,0.0,0.0,0.0,0.0,0.0,0.0,0.0,0.0,-2.59620661244926e+33,0.0,0.0,0.0,0.0,0.0,0.0,0.0,-0.0,-2.004,-2.004,-0.0,0.0,0.0,0.0,0.0,3382.5,0.0,0.0,0.0,0.0,-0.0,2.7184274988523002e+23,0.0,0.0,0.0,0.0,0,-126841012224.0,0.0,0.0,0.0,0.0,0.0,0.0,0.0,0.0,0,0,0,0.0,0.0,0.0,0.0,0.0,0.0,0.0,0.0,0.0,0.0,0.0,0.0,0.0,0.0,0.0,0.0,0,-107875648.0,0,0.0,0,-107875648.0,-107877712.0,0,0,17039,13107,17053,39322,17037,0,0,0,110,100,100,0.0,64.0,0.0,64.9,-107615304.0,68.5,1,49,50,180,0,26215,0,0,0.0,0.0,0.0,0.0,-1.4426857277478777e+33,65.0,0.0,1.9658907814576783e+18,0.0,645,0,687,0,0,0,715,0,786,0,708,0,689,0,645,0,641,0,618,0.032,36700160.0,-0.0,0.0,528,16789,-1.3001819313445942e+34,0.0,-8.527026495737449e+30,-4.1589990431593414e+36,nan,8.203,29.0,60.0,70,0.0,0.0,0.0,0.0,0.0,0.0,0.0,0.0,0.0,0.0,0.0,0.0,0.0,0.0,0.0,0.0,59.6,68,11,65509,41,65476,0,300,0,0,8,20529,65476,0,0,61604,60.0,0.0,0.0,0.0,0.0,0.0
2026-04-04T11:38:58,ERR,ERR,ERR,ERR,ERR,ERR,ERR,ERR,ERR,ERR,ERR,ERR,ERR,ERR,ERR,ERR,ERR,ERR,ERR,ERR,ERR,ERR,ERR,ERR,ERR,ERR,ERR,ERR,ERR,ERR,ERR,ERR,ERR,ERR,ERR,ERR,ERR,ERR,ERR,ERR,ERR,ERR,ERR,ERR,ERR,ERR,ERR,ERR,ERR,ERR,ERR,ERR,ERR,ERR,ERR,ERR,ERR,ERR,ERR,ERR,ERR,ERR,ERR,ERR,ERR,ERR,ERR,ERR,ERR,ERR,ERR,ERR,ERR,ERR,ERR,ERR,ERR,ERR,ERR,ERR,ERR,ERR,ERR,ERR,ERR,ERR,ERR,ERR,ERR,ERR,ERR,ERR,ERR,ERR,ERR,ERR,ERR,ERR,ERR,ERR,ERR,ERR,ERR,ERR,ERR,ERR,ERR,ERR,ERR,ERR,ERR,ERR,ERR,ERR,ERR,ERR,ERR,ERR,ERR,ERR,ERR,ERR,ERR,ERR,ERR,0.0,-0.0,-101055584.0,0.0,0.0,0.0,0.0,nan,0,0,0,32768,0,0.0,0,0.0,0.0,0.0,0.0,0.0,0,0,0,0,0.0,0,0,0,0,0,0,0,0,0,0,0,0,0,0,0,0,0,0,0,0,0,0,0,0,0,0,0,0,0,0,0,0,0,0,0,0,0,0,0,0,0,0,0,0,0.0,0.0,0.0,0.0,0.0,0.0,0.0,0.0,0.0,0.0,0.0,0.0,0.0,0.0,-2.59620661244926e+33,0.0,0.0,0.0,0.0,0.0,0.0,0.0,-0.0,-2.004,-2.004,-0.0,0.0,0.0,0.0,0.0,3382.5,0.0,0.0,0.0,0.0,-0.0,2.7184274988523002e+23,0.0,0.0,0.0,0.0,0,-126841012224.0,0.0,0.0,0.0,0.0,0.0,0.0,0.0,0.0,0,0,0,0.0,0.0,0.0,0.0,0.0,0.0,0.0,0.0,0.0,0.0,0.0,0.0,0.0,0.0,0.0,0.0,0,-107875648.0,0,0.0,0,-107875648.0,-107877712.0,0,0,17039,13107,17053,39322,17037,0,0,0,110,100,100,0.0,64.0,0.0,64.9,-107615304.0,68.5,1,49,50,180,0,26215,0,0,0.0,0.0,0.0,0.0,-1.4426857277478777e+33,65.0,0.0,1.9658907814576783e+18,0.0,645,0,687,0,0,0,715,0,786,0,708,0,689,0,645,0,641,0,618,0.032,36700160.0,-0.0,0.0,528,16789,-1.3001819313445942e+34,0.0,-8.527026495737449e+30,-4.1589990431593414e+36,nan,8.203,29.0,60.0,70,0.0,0.0,0.0,0.0,0.0,0.0,0.0,0.0,0.0,0.0,0.0,0.0,0.0,0.0,0.0,0.0,59.2,68,11,65509,41,65476,0,300,0,0,8,20529,65476,0,0,61604,60.0,0.0,0.0,0.0,0.0,0.0
2026-04-04T11:38:59,ERR,ERR,ERR,ERR,ERR,ERR,ERR,ERR,ERR,ERR,ERR,ERR,ERR,ERR,ERR,ERR,ERR,ERR,ERR,ERR,ERR,ERR,ERR,ERR,ERR,ERR,ERR,ERR,ERR,ERR,ERR,ERR,ERR,ERR,ERR,ERR,ERR,ERR,ERR,ERR,ERR,ERR,ERR,ERR,ERR,ERR,ERR,ERR,ERR,ERR,ERR,ERR,ERR,ERR,ERR,ERR,ERR,ERR,ERR,ERR,ERR,ERR,ERR,ERR,ERR,ERR,ERR,ERR,ERR,ERR,ERR,ERR,ERR,ERR,ERR,ERR,ERR,ERR,ERR,ERR,ERR,ERR,ERR,ERR,ERR,ERR,ERR,ERR,ERR,ERR,ERR,ERR,ERR,ERR,ERR,ERR,ERR,ERR,ERR,ERR,ERR,ERR,ERR,ERR,ERR,ERR,ERR,ERR,ERR,ERR,ERR,ERR,ERR,ERR,ERR,ERR,ERR,ERR,ERR,ERR,ERR,ERR,ERR,ERR,ERR,0.0,-0.0,-101055584.0,0.0,0.0,0.0,0.0,nan,0,0,0,32768,0,0.0,0,0.0,0.0,0.0,0.0,0.0,0,0,0,0,0.0,0,0,0,0,0,0,0,0,0,0,0,0,0,0,0,0,0,0,0,0,0,0,0,0,0,0,0,0,0,0,0,0,0,0,0,0,0,0,0,0,0,0,0,0,0.0,0.0,0.0,0.0,0.0,0.0,0.0,0.0,0.0,0.0,0.0,0.0,0.0,0.0,-2.59620661244926e+33,0.0,0.0,0.0,0.0,0.0,0.0,0.0,-0.0,-2.004,-2.004,-0.0,0.0,0.0,0.0,0.0,3382.5,0.0,0.0,0.0,0.0,-0.0,2.7184274988523002e+23,0.0,0.0,0.0,0.0,0,-126841012224.0,0.0,0.0,0.0,0.0,0.0,0.0,0.0,0.0,0,0,0,0.0,0.0,0.0,0.0,0.0,0.0,0.0,0.0,0.0,0.0,0.0,0.0,0.0,0.0,0.0,0.0,0,-107875648.0,0,0.0,0,-107875648.0,-107877712.0,0,0,17039,13107,17053,39322,17037,0,0,0,110,100,100,0.0,64.0,0.0,64.9,-107615304.0,68.5,1,49,50,180,0,26215,0,0,0.0,0.0,0.0,0.0,-1.4426857277478777e+33,65.0,0.0,1.9658907814576783e+18,0.0,645,0,687,0,0,0,715,0,786,0,708,0,689,0,645,0,641,0,618,0.032,36700160.0,-0.0,0.0,528,16789,-1.3001819313445942e+34,0.0,-8.527026495737449e+30,-4.1589990431593414e+36,nan,8.203,29.0,60.0,70,0.0,0.0,0.0,0.0,0.0,0.0,0.0,0.0,0.0,0.0,0.0,0.0,0.0,0.0,0.0,0.0,59.2,68,11,65509,41,65476,0,300,0,0,8,20529,65476,0,0,61604,60.0,0.0,0.0,0.0,0.0,0.0
2026-04-04T11:39:00,ERR,ERR,ERR,ERR,ERR,ERR,ERR,ERR,ERR,ERR,ERR,ERR,ERR,ERR,ERR,ERR,ERR,ERR,ERR,ERR,ERR,ERR,ERR,ERR,ERR,ERR,ERR,ERR,ERR,ERR,ERR,ERR,ERR,ERR,ERR,ERR,ERR,ERR,ERR,ERR,ERR,ERR,ERR,ERR,ERR,ERR,ERR,ERR,ERR,ERR,ERR,ERR,ERR,ERR,ERR,ERR,ERR,ERR,ERR,ERR,ERR,ERR,ERR,ERR,ERR,ERR,ERR,ERR,ERR,ERR,ERR,ERR,ERR,ERR,ERR,ERR,ERR,ERR,ERR,ERR,ERR,ERR,ERR,ERR,ERR,ERR,ERR,ERR,ERR,ERR,ERR,ERR,ERR,ERR,ERR,ERR,ERR,ERR,ERR,ERR,ERR,ERR,ERR,ERR,ERR,ERR,ERR,ERR,ERR,ERR,ERR,ERR,ERR,ERR,ERR,ERR,ERR,ERR,ERR,ERR,ERR,ERR,ERR,ERR,ERR,0.0,-0.0,-101055584.0,0.0,0.0,0.0,0.0,nan,0,0,0,32768,0,0.0,0,0.0,0.0,0.0,0.0,0.0,0,0,0,0,0.0,0,0,0,0,0,0,0,0,0,0,0,0,0,0,0,0,0,0,0,0,0,0,0,0,0,0,0,0,0,0,0,0,0,0,0,0,0,0,0,0,0,0,0,0,0.0,0.0,0.0,0.0,0.0,0.0,0.0,0.0,0.0,0.0,0.0,0.0,0.0,0.0,-2.59620661244926e+33,0.0,0.0,0.0,0.0,0.0,0.0,0.0,-0.0,-2.004,-2.004,-0.0,0.0,0.0,0.0,0.0,3382.5,0.0,0.0,0.0,0.0,-0.0,2.7184274988523002e+23,0.0,0.0,0.0,0.0,0,-126841012224.0,0.0,0.0,0.0,0.0,0.0,0.0,0.0,0.0,0,0,0,0.0,0.0,0.0,0.0,0.0,0.0,0.0,0.0,0.0,0.0,0.0,0.0,0.0,0.0,0.0,0.0,0,-107875648.0,0,0.0,0,-107875648.0,-107877712.0,0,0,17039,13107,17053,39322,17037,0,0,0,110,100,100,0.0,64.0,0.0,64.9,-107615304.0,68.5,1,49,50,180,0,26215,0,0,0.0,0.0,0.0,0.0,-1.4426857277478777e+33,65.0,0.0,1.9658907814576783e+18,0.0,645,0,687,0,0,0,715,0,786,0,708,0,689,0,645,0,641,0,618,0.032,36700160.0,-0.0,0.0,528,16789,-1.3001819313445942e+34,0.0,-8.527026495737449e+30,-4.1589990431593414e+36,nan,8.203,29.0,60.0,70,0.0,0.0,0.0,0.0,0.0,0.0,0.0,0.0,0.0,0.0,0.0,0.0,0.0,0.0,0.0,0.0,59.2,68,11,65509,41,65476,0,300,0,0,8,20529,65476,0,0,61604,60.0,0.0,0.0,0.0,0.0,0.0
2026-04-04T11:39:01,ERR,ERR,ERR,ERR,ERR,ERR,ERR,ERR,ERR,ERR,ERR,ERR,ERR,ERR,ERR,ERR,ERR,ERR,ERR,ERR,ERR,ERR,ERR,ERR,ERR,ERR,ERR,ERR,ERR,ERR,ERR,ERR,ERR,ERR,ERR,ERR,ERR,ERR,ERR,ERR,ERR,ERR,ERR,ERR,ERR,ERR,ERR,ERR,ERR,ERR,ERR,ERR,ERR,ERR,ERR,ERR,ERR,ERR,ERR,ERR,ERR,ERR,ERR,ERR,ERR,ERR,ERR,ERR,ERR,ERR,ERR,ERR,ERR,ERR,ERR,ERR,ERR,ERR,ERR,ERR,ERR,ERR,ERR,ERR,ERR,ERR,ERR,ERR,ERR,ERR,ERR,ERR,ERR,ERR,ERR,ERR,ERR,ERR,ERR,ERR,ERR,ERR,ERR,ERR,ERR,ERR,ERR,ERR,ERR,ERR,ERR,ERR,ERR,ERR,ERR,ERR,ERR,ERR,ERR,ERR,ERR,ERR,ERR,ERR,ERR,0.0,-0.0,-101055584.0,0.0,0.0,0.0,0.0,nan,0,0,0,32768,0,0.0,0,0.0,0.0,0.0,0.0,0.0,0,0,0,0,0.0,0,0,0,0,0,0,0,0,0,0,0,0,0,0,0,0,0,0,0,0,0,0,0,0,0,0,0,0,0,0,0,0,0,0,0,0,0,0,0,0,0,0,0,0,0.0,0.0,0.0,0.0,0.0,0.0,0.0,0.0,0.0,0.0,0.0,0.0,0.0,0.0,-2.59620661244926e+33,0.0,0.0,0.0,0.0,0.0,0.0,0.0,-0.0,-2.004,-2.004,-0.0,0.0,0.0,0.0,0.0,3382.5,0.0,0.0,0.0,0.0,-0.0,2.7184274988523002e+23,0.0,0.0,0.0,0.0,0,-126841012224.0,0.0,0.0,0.0,0.0,0.0,0.0,0.0,0.0,0,0,0,0.0,0.0,0.0,0.0,0.0,0.0,0.0,0.0,0.0,0.0,0.0,0.0,0.0,0.0,0.0,0.0,0,-107875648.0,0,0.0,0,-107875648.0,-107877712.0,0,0,17039,13107,17053,39322,17037,0,0,0,110,100,100,0.0,64.0,0.0,64.9,-107615304.0,68.5,1,49,50,180,0,26215,0,0,0.0,0.0,0.0,0.0,-1.4426857277478777e+33,65.0,0.0,1.9658907814576783e+18,0.0,645,0,687,0,0,0,715,0,786,0,708,0,689,0,645,0,641,0,618,0.032,36700160.0,-0.0,0.0,528,16789,-1.3001819313445942e+34,0.0,-8.527026495737449e+30,-4.1589990431593414e+36,nan,8.203,29.0,60.0,70,0.0,0.0,0.0,0.0,0.0,0.0,0.0,0.0,0.0,0.0,0.0,0.0,0.0,0.0,0.0,0.0,59.2,68,11,65509,41,65476,0,300,0,0,8,20529,65476,0,0,61604,60.0,0.0,0.0,0.0,0.0,0.0
2026-04-04T11:39:02,ERR,ERR,ERR,ERR,ERR,ERR,ERR,ERR,ERR,ERR,ERR,ERR,ERR,ERR,ERR,ERR,ERR,ERR,ERR,ERR,ERR,ERR,ERR,ERR,ERR,ERR,ERR,ERR,ERR,ERR,ERR,ERR,ERR,ERR,ERR,ERR,ERR,ERR,ERR,ERR,ERR,ERR,ERR,ERR,ERR,ERR,ERR,ERR,ERR,ERR,ERR,ERR,ERR,ERR,ERR,ERR,ERR,ERR,ERR,ERR,ERR,ERR,ERR,ERR,ERR,ERR,ERR,ERR,ERR,ERR,ERR,ERR,ERR,ERR,ERR,ERR,ERR,ERR,ERR,ERR,ERR,ERR,ERR,ERR,ERR,ERR,ERR,ERR,ERR,ERR,ERR,ERR,ERR,ERR,ERR,ERR,ERR,ERR,ERR,ERR,ERR,ERR,ERR,ERR,ERR,ERR,ERR,ERR,ERR,ERR,ERR,ERR,ERR,ERR,ERR,ERR,ERR,ERR,ERR,ERR,ERR,ERR,ERR,ERR,ERR,0.0,-0.0,-101055584.0,0.0,0.0,0.0,0.0,nan,0,0,0,32768,0,0.0,0,0.0,0.0,0.0,0.0,0.0,0,0,0,0,0.0,0,0,0,0,0,0,0,0,0,0,0,0,0,0,0,0,0,0,0,0,0,0,0,0,0,0,0,0,0,0,0,0,0,0,0,0,0,0,0,0,0,0,0,0,0.0,0.0,0.0,0.0,0.0,0.0,0.0,0.0,0.0,0.0,0.0,0.0,0.0,0.0,-2.59620661244926e+33,0.0,0.0,0.0,0.0,0.0,0.0,0.0,-0.0,-2.004,-2.004,-0.0,0.0,0.0,0.0,0.0,3382.5,0.0,0.0,0.0,0.0,-0.0,2.7184274988523002e+23,0.0,0.0,0.0,0.0,0,-126841012224.0,0.0,0.0,0.0,0.0,0.0,0.0,0.0,0.0,0,0,0,0.0,0.0,0.0,0.0,0.0,0.0,0.0,0.0,0.0,0.0,0.0,0.0,0.0,0.0,0.0,0.0,0,-107875648.0,0,0.0,0,-107875648.0,-107877712.0,0,0,17039,13107,17053,39322,17037,0,0,0,110,100,100,0.0,64.0,0.0,64.9,-107615304.0,68.5,1,49,50,180,0,26215,0,0,0.0,0.0,0.0,0.0,-7.386550926069134e+35,65.5,0.0,-18.657,0.0,645,0,687,0,0,0,715,0,786,0,708,0,689,0,645,0,641,0,618,0.032,36700160.0,-0.0,0.0,54288,16788,0.0,-18.657,-0.618,-30623.807,-3.6498314872303387e+19,0.0,29.0,60.0,70,0.0,0.0,0.0,0.0,0.0,0.0,0.0,0.0,0.0,0.0,0.0,0.0,0.0,0.0,0.0,0.0,59.2,68,11,65509,41,65476,0,300,0,0,8,20529,65476,0,0,61604,60.0,0.0,0.0,0.0,0.0,0.0
2026-04-04T11:39:03,ERR,ERR,ERR,ERR,ERR,ERR,ERR,ERR,ERR,ERR,ERR,ERR,ERR,ERR,ERR,ERR,ERR,ERR,ERR,ERR,ERR,ERR,ERR,ERR,ERR,ERR,ERR,ERR,ERR,ERR,ERR,ERR,ERR,ERR,ERR,ERR,ERR,ERR,ERR,ERR,ERR,ERR,ERR,ERR,ERR,ERR,ERR,ERR,ERR,ERR,ERR,ERR,ERR,ERR,ERR,ERR,ERR,ERR,ERR,ERR,ERR,ERR,ERR,ERR,ERR,ERR,ERR,ERR,ERR,ERR,ERR,ERR,ERR,ERR,ERR,ERR,ERR,ERR,ERR,ERR,ERR,ERR,ERR,ERR,ERR,ERR,ERR,ERR,ERR,ERR,ERR,ERR,ERR,ERR,ERR,ERR,ERR,ERR,ERR,ERR,ERR,ERR,ERR,ERR,ERR,ERR,ERR,ERR,ERR,ERR,ERR,ERR,ERR,ERR,ERR,ERR,ERR,ERR,ERR,ERR,ERR,ERR,ERR,ERR,ERR,0.0,-0.0,-101055584.0,0.0,0.0,0.0,0.0,nan,0,0,0,32768,0,0.0,0,0.0,0.0,0.0,0.0,0.0,0,0,0,0,0.0,0,0,0,0,0,0,0,0,0,0,0,0,0,0,0,0,0,0,0,0,0,0,0,0,0,0,0,0,0,0,0,0,0,0,0,0,0,0,0,0,0,0,0,0,0.0,0.0,0.0,0.0,0.0,0.0,0.0,0.0,0.0,0.0,0.0,0.0,0.0,0.0,0.0,0.0,0.0,0.0,0.0,0.0,0.0,0.0,-0.0,-2.004,-2.004,-0.0,0.0,0.0,0.0,0.0,3381.0,0.0,0.0,0.0,-0.0,-0.0,2.7184274988523002e+23,0.0,0.0,0.0,0.0,0,-0.059,-4.950375985435095e+32,0.0,0.0,0.0,0.0,0.0,0.0,0.0,0,0,0,0.0,0.0,0.0,0.0,0.0,0.0,0.0,0.0,0.0,0.0,0.0,0.0,0.0,0.0,0.0,0.0,0,-107875648.0,0,0.0,0,-107875648.0,-107877712.0,0,0,17039,13107,17053,39322,17037,0,0,0,110,100,100,0.0,64.0,0.0,64.9,-107615304.0,68.5,1,49,50,180,0,26215,0,0,0.0,0.0,0.0,0.0,-7.386550926069134e+35,65.5,0.0,-18.657,0.0,645,0,687,0,0,0,715,0,786,0,708,0,689,0,645,0,641,0,618,0.032,36700160.0,-0.0,0.0,54288,16788,0.0,-18.657,-0.618,-30623.807,-3.6498314872303387e+19,0.0,29.0,60.0,70,0.0,0.0,0.0,0.0,0.0,0.0,0.0,0.0,0.0,0.0,0.0,0.0,0.0,0.0,0.0,0.0,59.2,68,11,65509,41,65476,0,300,0,0,8,20529,65476,0,0,61604,60.0,0.0,0.0,0.0,0.0,0.0
2026-04-04T11:39:04,ERR,ERR,ERR,ERR,ERR,ERR,ERR,ERR,ERR,ERR,ERR,ERR,ERR,ERR,ERR,ERR,ERR,ERR,ERR,ERR,ERR,ERR,ERR,ERR,ERR,ERR,ERR,ERR,ERR,ERR,ERR,ERR,ERR,ERR,ERR,ERR,ERR,ERR,ERR,ERR,ERR,ERR,ERR,ERR,ERR,ERR,ERR,ERR,ERR,ERR,ERR,ERR,ERR,ERR,ERR,ERR,ERR,ERR,ERR,ERR,ERR,ERR,ERR,ERR,ERR,ERR,ERR,ERR,ERR,ERR,ERR,ERR,ERR,ERR,ERR,ERR,ERR,ERR,ERR,ERR,ERR,ERR,ERR,ERR,ERR,ERR,ERR,ERR,ERR,ERR,ERR,ERR,ERR,ERR,ERR,ERR,ERR,ERR,ERR,ERR,ERR,ERR,ERR,ERR,ERR,ERR,ERR,ERR,ERR,ERR,ERR,ERR,ERR,ERR,ERR,ERR,ERR,ERR,ERR,ERR,ERR,ERR,ERR,ERR,ERR,0.0,-0.0,-101055584.0,0.0,0.0,0.0,0.0,nan,0,0,0,32768,0,0.0,0,0.0,0.0,0.0,0.0,0.0,0,0,0,0,0.0,0,0,0,0,0,0,0,0,0,0,0,0,0,0,0,0,0,0,0,0,0,0,0,0,0,0,0,0,0,0,0,0,0,0,0,0,0,0,0,0,0,0,0,0,0.0,0.0,0.0,0.0,0.0,0.0,0.0,0.0,0.0,0.0,0.0,0.0,0.0,0.0,0.0,0.0,0.0,0.0,0.0,0.0,0.0,0.0,-0.0,-2.004,-2.004,-0.0,0.0,0.0,0.0,0.0,3381.0,0.0,0.0,0.0,-0.0,-0.0,2.7184274988523002e+23,0.0,0.0,0.0,0.0,0,-0.059,-4.950375985435095e+32,0.0,0.0,0.0,0.0,0.0,0.0,0.0,0,0,0,0.0,0.0,0.0,0.0,0.0,0.0,0.0,0.0,0.0,0.0,0.0,0.0,0.0,0.0,0.0,0.0,0,-107875648.0,0,0.0,0,-107875648.0,-107877712.0,0,0,17039,13107,17053,39322,17037,0,0,0,110,100,100,0.0,64.0,0.0,64.9,-107615304.0,68.5,1,49,50,180,0,26215,0,0,0.0,0.0,0.0,0.0,-7.386550926069134e+35,65.5,0.0,-18.657,0.0,645,0,687,0,0,0,715,0,786,0,708,0,689,0,645,0,641,0,618,0.032,36700160.0,-0.0,0.0,54288,16788,0.0,-18.657,-0.618,-30623.807,-3.6498314872303387e+19,0.0,29.0,60.0,70,0.0,0.0,0.0,0.0,0.0,0.0,0.0,0.0,0.0,0.0,0.0,0.0,0.0,0.0,0.0,0.0,59.2,68,11,65509,41,65476,0,300,0,0,8,20529,65476,0,0,61604,60.0,0.0,0.0,0.0,0.0,0.0
2026-04-04T11:39:05,ERR,ERR,ERR,ERR,ERR,ERR,ERR,ERR,ERR,ERR,ERR,ERR,ERR,ERR,ERR,ERR,ERR,ERR,ERR,ERR,ERR,ERR,ERR,ERR,ERR,ERR,ERR,ERR,ERR,ERR,ERR,ERR,ERR,ERR,ERR,ERR,ERR,ERR,ERR,ERR,ERR,ERR,ERR,ERR,ERR,ERR,ERR,ERR,ERR,ERR,ERR,ERR,ERR,ERR,ERR,ERR,ERR,ERR,ERR,ERR,ERR,ERR,ERR,ERR,ERR,ERR,ERR,ERR,ERR,ERR,ERR,ERR,ERR,ERR,ERR,ERR,ERR,ERR,ERR,ERR,ERR,ERR,ERR,ERR,ERR,ERR,ERR,ERR,ERR,ERR,ERR,ERR,ERR,ERR,ERR,ERR,ERR,ERR,ERR,ERR,ERR,ERR,ERR,ERR,ERR,ERR,ERR,ERR,ERR,ERR,ERR,ERR,ERR,ERR,ERR,ERR,ERR,ERR,ERR,ERR,ERR,ERR,ERR,ERR,ERR,0.0,-0.0,-101055584.0,0.0,0.0,0.0,0.0,nan,0,0,0,32768,0,0.0,0,0.0,0.0,0.0,0.0,0.0,0,0,0,0,0.0,0,0,0,0,0,0,0,0,0,0,0,0,0,0,0,0,0,0,0,0,0,0,0,0,0,0,0,0,0,0,0,0,0,0,0,0,0,0,0,0,0,0,0,0,0.0,0.0,0.0,0.0,0.0,0.0,0.0,0.0,0.0,0.0,0.0,0.0,0.0,0.0,0.0,0.0,0.0,0.0,0.0,0.0,0.0,0.0,-0.0,-2.004,-2.004,-0.0,0.0,0.0,0.0,0.0,3381.0,0.0,0.0,0.0,-0.0,-0.0,2.7184274988523002e+23,0.0,0.0,0.0,0.0,0,-0.059,-4.950375985435095e+32,0.0,0.0,0.0,0.0,0.0,0.0,0.0,0,0,0,0.0,0.0,0.0,0.0,0.0,0.0,0.0,0.0,0.0,0.0,0.0,0.0,0.0,0.0,0.0,0.0,0,-107875648.0,0,0.0,0,-107875648.0,-107877712.0,0,0,17039,13107,17053,39322,17037,0,0,0,110,100,100,0.0,64.0,0.0,64.9,-107615304.0,68.5,1,49,50,180,0,26215,0,0,0.0,0.0,0.0,0.0,-7.386550926069134e+35,65.5,0.0,-18.657,0.0,645,0,687,0,0,0,715,0,786,0,708,0,689,0,645,0,641,0,618,0.032,36700160.0,-0.0,0.0,54288,16788,0.0,-18.657,-0.618,-30623.807,-3.6498314872303387e+19,0.0,29.0,60.0,70,0.0,0.0,0.0,0.0,0.0,0.0,0.0,0.0,0.0,0.0,0.0,0.0,0.0,0.0,0.0,0.0,59.2,68,11,65509,41,65476,0,300,0,0,8,20529,65476,0,0,61604,60.0,0.0,0.0,0.0,0.0,0.0
2026-04-04T11:39:06,ERR,ERR,ERR,ERR,ERR,ERR,ERR,ERR,ERR,ERR,ERR,ERR,ERR,ERR,ERR,ERR,ERR,ERR,ERR,ERR,ERR,ERR,ERR,ERR,ERR,ERR,ERR,ERR,ERR,ERR,ERR,ERR,ERR,ERR,ERR,ERR,ERR,ERR,ERR,ERR,ERR,ERR,ERR,ERR,ERR,ERR,ERR,ERR,ERR,ERR,ERR,ERR,ERR,ERR,ERR,ERR,ERR,ERR,ERR,ERR,ERR,ERR,ERR,ERR,ERR,ERR,ERR,ERR,ERR,ERR,ERR,ERR,ERR,ERR,ERR,ERR,ERR,ERR,ERR,ERR,ERR,ERR,ERR,ERR,ERR,ERR,ERR,ERR,ERR,ERR,ERR,ERR,ERR,ERR,ERR,ERR,ERR,ERR,ERR,ERR,ERR,ERR,ERR,ERR,ERR,ERR,ERR,ERR,ERR,ERR,ERR,ERR,ERR,ERR,ERR,ERR,ERR,ERR,ERR,ERR,ERR,ERR,ERR,ERR,ERR,0.0,-0.0,-101055584.0,0.0,0.0,0.0,0.0,nan,0,0,0,32768,0,0.0,0,0.0,0.0,0.0,0.0,0.0,0,0,0,0,0.0,0,0,0,0,0,0,0,0,0,0,0,0,0,0,0,0,0,0,0,0,0,0,0,0,0,0,0,0,0,0,0,0,0,0,0,0,0,0,0,0,0,0,0,0,0.0,0.0,0.0,0.0,0.0,0.0,0.0,0.0,0.0,0.0,0.0,0.0,0.0,0.0,0.0,0.0,0.0,0.0,0.0,0.0,0.0,0.0,-0.0,-2.004,-2.004,-0.0,0.0,0.0,0.0,0.0,3381.0,0.0,0.0,0.0,-0.0,-0.0,2.7184274988523002e+23,0.0,0.0,0.0,0.0,0,-0.059,-4.950375985435095e+32,0.0,0.0,0.0,0.0,0.0,0.0,0.0,0,0,0,0.0,0.0,0.0,0.0,0.0,0.0,0.0,0.0,0.0,0.0,0.0,0.0,0.0,0.0,0.0,0.0,0,-107875648.0,0,0.0,0,-107875648.0,-107877712.0,0,0,17039,13107,17053,39322,17037,0,0,0,110,100,100,0.0,64.0,0.0,64.9,-107615304.0,68.5,1,49,50,180,0,26215,0,0,0.0,0.0,0.0,0.0,-7.386550926069134e+35,65.5,0.0,-18.657,0.0,645,0,687,0,0,0,715,0,786,0,708,0,689,0,645,0,641,0,618,0.032,36700160.0,-0.0,0.0,54288,16788,0.0,-18.657,-0.618,-30623.807,-3.6498314872303387e+19,0.0,29.0,60.0,70,0.0,0.0,0.0,0.0,0.0,0.0,0.0,0.0,0.0,0.0,0.0,0.0,0.0,0.0,0.0,0.0,59.2,68,11,65509,41,65476,0,300,0,0,8,20529,65476,0,0,61604,60.0,0.0,0.0,0.0,0.0,0.0
2026-04-04T11:39:07,ERR,ERR,ERR,ERR,ERR,ERR,ERR,ERR,ERR,ERR,ERR,ERR,ERR,ERR,ERR,ERR,ERR,ERR,ERR,ERR,ERR,ERR,ERR,ERR,ERR,ERR,ERR,ERR,ERR,ERR,ERR,ERR,ERR,ERR,ERR,ERR,ERR,ERR,ERR,ERR,ERR,ERR,ERR,ERR,ERR,ERR,ERR,ERR,ERR,ERR,ERR,ERR,ERR,ERR,ERR,ERR,ERR,ERR,ERR,ERR,ERR,ERR,ERR,ERR,ERR,ERR,ERR,ERR,ERR,ERR,ERR,ERR,ERR,ERR,ERR,ERR,ERR,ERR,ERR,ERR,ERR,ERR,ERR,ERR,ERR,ERR,ERR,ERR,ERR,ERR,ERR,ERR,ERR,ERR,ERR,ERR,ERR,ERR,ERR,ERR,ERR,ERR,ERR,ERR,ERR,ERR,ERR,ERR,ERR,ERR,ERR,ERR,ERR,ERR,ERR,ERR,ERR,ERR,ERR,ERR,ERR,ERR,ERR,ERR,ERR,0.0,-0.0,-101055584.0,0.0,0.0,0.0,0.0,nan,0,0,0,32768,0,0.0,0,0.0,0.0,0.0,0.0,0.0,0,0,0,0,0.0,0,0,0,0,0,0,0,0,0,0,0,0,0,0,0,0,0,0,0,0,0,0,0,0,0,0,0,0,0,0,0,0,0,0,0,0,0,0,0,0,0,0,0,0,0.0,0.0,0.0,0.0,0.0,0.0,0.0,0.0,0.0,0.0,0.0,0.0,0.0,0.0,0.0,0.0,0.0,0.0,0.0,0.0,0.0,0.0,-0.0,-2.004,-2.004,-0.0,0.0,0.0,0.0,0.0,3381.0,0.0,0.0,0.0,-0.0,-0.0,2.7184274988523002e+23,0.0,0.0,0.0,0.0,0,-0.059,-4.950375985435095e+32,0.0,0.0,0.0,0.0,0.0,0.0,0.0,0,0,0,0.0,0.0,0.0,0.0,0.0,0.0,0.0,0.0,0.0,0.0,0.0,0.0,0.0,0.0,0.0,0.0,0,-107875648.0,0,0.0,0,-107875648.0,-107877712.0,0,0,17039,13107,17053,39322,17037,0,0,0,110,100,100,0.0,64.0,0.0,64.9,-107615304.0,68.5,1,49,50,180,0,26215,0,0,0.0,0.0,0.0,0.0,-7.386550926069134e+35,65.5,0.0,-18.657,0.0,645,0,687,0,0,0,715,0,786,0,708,0,689,0,645,0,641,0,618,0.032,36700160.0,-0.0,0.0,54288,16788,0.0,-18.657,-0.618,-30623.807,-3.6498314872303387e+19,0.0,29.0,60.0,70,0.0,0.0,0.0,0.0,0.0,0.0,0.0,0.0,0.0,0.0,0.0,0.0,0.0,0.0,0.0,0.0,59.2,68,11,65509,41,65476,0,300,0,0,8,20529,65476,0,0,61604,60.0,0.0,0.0,0.0,0.0,0.0
2026-04-04T11:39:08,ERR,ERR,ERR,ERR,ERR,ERR,ERR,ERR,ERR,ERR,ERR,ERR,ERR,ERR,ERR,ERR,ERR,ERR,ERR,ERR,ERR,ERR,ERR,ERR,ERR,ERR,ERR,ERR,ERR,ERR,ERR,ERR,ERR,ERR,ERR,ERR,ERR,ERR,ERR,ERR,ERR,ERR,ERR,ERR,ERR,ERR,ERR,ERR,ERR,ERR,ERR,ERR,ERR,ERR,ERR,ERR,ERR,ERR,ERR,ERR,ERR,ERR,ERR,ERR,ERR,ERR,ERR,ERR,ERR,ERR,ERR,ERR,ERR,ERR,ERR,ERR,ERR,ERR,ERR,ERR,ERR,ERR,ERR,ERR,ERR,ERR,ERR,ERR,ERR,ERR,ERR,ERR,ERR,ERR,ERR,ERR,ERR,ERR,ERR,ERR,ERR,ERR,ERR,ERR,ERR,ERR,ERR,ERR,ERR,ERR,ERR,ERR,ERR,ERR,ERR,ERR,ERR,ERR,ERR,ERR,ERR,ERR,ERR,ERR,ERR,0.0,-0.0,-101055584.0,0.0,0.0,0.0,0.0,nan,0,0,0,32768,0,0.0,0,0.0,0.0,0.0,0.0,0.0,0,0,0,0,0.0,0,0,0,0,0,0,0,0,0,0,0,0,0,0,0,0,0,0,0,0,0,0,0,0,0,0,0,0,0,0,0,0,0,0,0,0,0,0,0,0,0,0,0,0,0.0,0.0,0.0,0.0,0.0,0.0,0.0,0.0,0.0,0.0,0.0,0.0,0.0,0.0,0.0,0.0,0.0,0.0,0.0,0.0,0.0,0.0,-0.0,-2.004,-2.004,-0.0,0.0,0.0,0.0,0.0,3381.0,0.0,0.0,0.0,-0.0,-0.0,2.7184274988523002e+23,0.0,0.0,0.0,0.0,0,-0.059,-4.950375985435095e+32,0.0,0.0,0.0,0.0,0.0,0.0,0.0,0,0,0,0.0,0.0,0.0,0.0,0.0,0.0,0.0,0.0,0.0,0.0,0.0,0.0,0.0,0.0,0.0,0.0,0,-107875648.0,0,0.0,0,-107875648.0,-107877712.0,0,0,17039,13107,17053,39322,17037,0,0,0,110,100,100,0.0,64.0,0.0,64.9,-107615304.0,68.5,1,49,50,180,0,26215,0,0,0.0,0.0,0.0,0.0,-1.3192995147029407e+26,65.0,0.0,1.4720476978396187e+28,0.0,645,0,687,0,0,0,715,0,786,0,708,0,689,0,645,0,641,0,618,0.032,36700160.0,-0.0,0.0,49296,16788,-6.536633859577285e+31,1.4720476978396187e+28,3.3482033767540104e+24,-8.908063438090011e+18,-0.0,-60621324.0,29.0,60.0,70,0.0,0.0,0.0,0.0,0.0,0.0,0.0,0.0,0.0,0.0,0.0,0.0,0.0,0.0,0.0,0.0,59.2,68,11,65509,41,65476,0,300,0,0,8,20529,65476,0,0,61604,60.0,0.0,0.0,0.0,0.0,0.0
2026-04-04T11:39:09,ERR,ERR,ERR,ERR,ERR,ERR,ERR,ERR,ERR,ERR,ERR,ERR,ERR,ERR,ERR,ERR,ERR,ERR,ERR,ERR,ERR,ERR,ERR,ERR,ERR,ERR,ERR,ERR,ERR,ERR,ERR,ERR,ERR,ERR,ERR,ERR,ERR,ERR,ERR,ERR,ERR,ERR,ERR,ERR,ERR,ERR,ERR,ERR,ERR,ERR,ERR,ERR,ERR,ERR,ERR,ERR,ERR,ERR,ERR,ERR,ERR,ERR,ERR,ERR,ERR,ERR,ERR,ERR,ERR,ERR,ERR,ERR,ERR,ERR,ERR,ERR,ERR,ERR,ERR,ERR,ERR,ERR,ERR,ERR,ERR,ERR,ERR,ERR,ERR,ERR,ERR,ERR,ERR,ERR,ERR,ERR,ERR,ERR,ERR,ERR,ERR,ERR,ERR,ERR,ERR,ERR,ERR,ERR,ERR,ERR,ERR,ERR,ERR,ERR,ERR,ERR,ERR,ERR,ERR,ERR,ERR,ERR,ERR,ERR,ERR,0.0,-0.0,-101055584.0,0.0,0.0,0.0,0.0,nan,0,0,0,32768,0,0.0,0,0.0,0.0,0.0,0.0,0.0,0,0,0,0,0.0,0,0,0,0,0,0,0,0,0,0,0,0,0,0,0,0,0,0,0,0,0,0,0,0,0,0,0,0,0,0,0,0,0,0,0,0,0,0,0,0,0,0,0,0,0.0,0.0,0.0,0.0,0.0,0.0,0.0,0.0,0.0,0.0,0.0,0.0,0.0,0.0,0.0,0.0,0.0,0.0,0.0,0.0,0.0,0.0,-0.0,-2.004,-2.004,-0.0,0.0,0.0,0.0,0.0,3381.0,0.0,0.0,0.0,-0.0,-0.0,2.7184274988523002e+23,0.0,0.0,0.0,0.0,0,-0.059,-4.950375985435095e+32,0.0,0.0,0.0,0.0,0.0,0.0,0.0,0,0,0,0.0,0.0,0.0,0.0,0.0,0.0,0.0,0.0,0.0,0.0,0.0,0.0,0.0,0.0,0.0,0.0,0,-107875648.0,0,0.0,0,-107875648.0,-107877712.0,0,0,17039,13107,17053,39322,17037,0,0,0,110,100,100,0.0,64.0,0.0,64.9,-107615304.0,68.5,1,49,50,180,0,26215,0,0,0.0,0.0,0.0,0.0,-1.3192995147029407e+26,65.0,0.0,1.4720476978396187e+28,0.0,645,0,687,0,0,0,715,0,786,0,708,0,689,0,645,0,641,0,618,0.032,36700160.0,-0.0,0.0,49296,16788,-6.536633859577285e+31,1.4720476978396187e+28,3.3482033767540104e+24,-8.908063438090011e+18,-0.0,-60621324.0,29.0,60.0,70,0.0,0.0,0.0,0.0,0.0,0.0,0.0,0.0,0.0,0.0,0.0,0.0,0.0,0.0,0.0,0.0,59.2,68,11,65509,41,65476,0,300,0,0,8,20529,65476,0,0,61604,60.0,0.0,0.0,0.0,0.0,0.0
2026-04-04T11:39:10,ERR,ERR,ERR,ERR,ERR,ERR,ERR,ERR,ERR,ERR,ERR,ERR,ERR,ERR,ERR,ERR,ERR,ERR,ERR,ERR,ERR,ERR,ERR,ERR,ERR,ERR,ERR,ERR,ERR,ERR,ERR,ERR,ERR,ERR,ERR,ERR,ERR,ERR,ERR,ERR,ERR,ERR,ERR,ERR,ERR,ERR,ERR,ERR,ERR,ERR,ERR,ERR,ERR,ERR,ERR,ERR,ERR,ERR,ERR,ERR,ERR,ERR,ERR,ERR,ERR,ERR,ERR,ERR,ERR,ERR,ERR,ERR,ERR,ERR,ERR,ERR,ERR,ERR,ERR,ERR,ERR,ERR,ERR,ERR,ERR,ERR,ERR,ERR,ERR,ERR,ERR,ERR,ERR,ERR,ERR,ERR,ERR,ERR,ERR,ERR,ERR,ERR,ERR,ERR,ERR,ERR,ERR,ERR,ERR,ERR,ERR,ERR,ERR,ERR,ERR,ERR,ERR,ERR,ERR,ERR,ERR,ERR,ERR,ERR,ERR,0.0,-0.0,-101055584.0,0.0,0.0,0.0,0.0,nan,0,0,0,32768,0,0.0,0,0.0,0.0,0.0,0.0,0.0,0,0,0,0,0.0,0,0,0,0,0,0,0,0,0,0,0,0,0,0,0,0,0,0,0,0,0,0,0,0,0,0,0,0,0,0,0,0,0,0,0,0,0,0,0,0,0,0,0,0,0.0,0.0,0.0,0.0,0.0,0.0,0.0,0.0,0.0,0.0,0.0,0.0,0.0,0.0,0.0,0.0,0.0,0.0,0.0,0.0,0.0,0.0,-0.0,-2.004,-2.004,-0.0,0.0,0.0,0.0,0.0,3381.0,0.0,0.0,0.0,-0.0,-0.0,2.7184274988523002e+23,0.0,0.0,0.0,0.0,0,-0.059,-4.950375985435095e+32,0.0,0.0,0.0,0.0,0.0,0.0,0.0,0,0,0,0.0,0.0,0.0,0.0,0.0,0.0,0.0,0.0,0.0,0.0,0.0,0.0,0.0,0.0,0.0,0.0,0,-107875648.0,0,0.0,0,-107875648.0,-107877712.0,0,0,17039,13107,17053,39322,17037,0,0,0,110,100,100,0.0,64.0,0.0,64.9,-107615304.0,68.5,1,49,50,180,0,26215,0,0,0.0,0.0,0.0,0.0,-1.3192995147029407e+26,65.0,0.0,1.4720476978396187e+28,0.0,645,0,687,0,0,0,715,0,786,0,708,0,689,0,645,0,641,0,618,0.032,36700160.0,-0.0,0.0,49296,16788,-6.536633859577285e+31,1.4720476978396187e+28,3.3482033767540104e+24,-8.908063438090011e+18,-0.0,-60621324.0,29.0,60.0,70,0.0,0.0,0.0,0.0,0.0,0.0,0.0,0.0,0.0,0.0,0.0,0.0,0.0,0.0,0.0,0.0,59.2,68,11,65509,41,65476,0,300,0,0,8,20529,65476,0,0,61604,60.0,0.0,0.0,0.0,0.0,0.0
2026-04-04T11:39:11,ERR,ERR,ERR,ERR,ERR,ERR,ERR,ERR,ERR,ERR,ERR,ERR,ERR,ERR,ERR,ERR,ERR,ERR,ERR,ERR,ERR,ERR,ERR,ERR,ERR,ERR,ERR,ERR,ERR,ERR,ERR,ERR,ERR,ERR,ERR,ERR,ERR,ERR,ERR,ERR,ERR,ERR,ERR,ERR,ERR,ERR,ERR,ERR,ERR,ERR,ERR,ERR,ERR,ERR,ERR,ERR,ERR,ERR,ERR,ERR,ERR,ERR,ERR,ERR,ERR,ERR,ERR,ERR,ERR,ERR,ERR,ERR,ERR,ERR,ERR,ERR,ERR,ERR,ERR,ERR,ERR,ERR,ERR,ERR,ERR,ERR,ERR,ERR,ERR,ERR,ERR,ERR,ERR,ERR,ERR,ERR,ERR,ERR,ERR,ERR,ERR,ERR,ERR,ERR,ERR,ERR,ERR,ERR,ERR,ERR,ERR,ERR,ERR,ERR,ERR,ERR,ERR,ERR,ERR,ERR,ERR,ERR,ERR,ERR,ERR,0.0,-0.0,-101055584.0,0.0,0.0,0.0,0.0,nan,0,0,0,32768,0,0.0,0,0.0,0.0,0.0,0.0,0.0,0,0,0,0,0.0,0,0,0,0,0,0,0,0,0,0,0,0,0,0,0,0,0,0,0,0,0,0,0,0,0,0,0,0,0,0,0,0,0,0,0,0,0,0,0,0,0,0,0,0,0.0,0.0,0.0,0.0,0.0,0.0,0.0,0.0,0.0,0.0,0.0,0.0,0.0,0.0,0.0,0.0,0.0,0.0,0.0,0.0,0.0,0.0,-0.0,-2.004,-2.004,-0.0,0.0,0.0,0.0,0.0,3382.0,0.0,0.0,0.0,-0.0,-0.0,2.7184274988523002e+23,0.0,0.0,0.0,0.0,0,-71.63,0.0,0.0,0.0,0.0,0.0,0.0,0.0,0.0,0,0,0,0.0,0.0,0.0,0.0,0.0,0.0,0.0,0.0,0.0,0.0,0.0,0.0,0.0,0.0,0.0,0.0,0,-107875648.0,0,0.0,0,-107875648.0,-107877712.0,0,0,17039,13107,17053,39322,17037,0,0,0,110,100,100,0.0,64.0,0.0,64.9,-107615304.0,68.5,1,49,50,180,0,26215,0,0,0.0,0.0,0.0,0.0,-1.3192995147029407e+26,65.0,0.0,1.4720476978396187e+28,0.0,645,0,687,0,0,0,715,0,786,0,708,0,689,0,645,0,641,0,618,0.032,36700160.0,-0.0,0.0,49296,16788,-6.536633859577285e+31,1.4720476978396187e+28,3.3482033767540104e+24,-8.908063438090011e+18,-0.0,-60621324.0,29.0,60.0,70,0.0,0.0,0.0,0.0,0.0,0.0,0.0,0.0,0.0,0.0,0.0,0.0,0.0,0.0,0.0,0.0,59.2,68,11,65509,41,65476,0,300,0,0,8,20529,65476,0,0,61604,60.0,0.0,0.0,0.0,0.0,0.0
2026-04-04T11:39:12,ERR,ERR,ERR,ERR,ERR,ERR,ERR,ERR,ERR,ERR,ERR,ERR,ERR,ERR,ERR,ERR,ERR,ERR,ERR,ERR,ERR,ERR,ERR,ERR,ERR,ERR,ERR,ERR,ERR,ERR,ERR,ERR,ERR,ERR,ERR,ERR,ERR,ERR,ERR,ERR,ERR,ERR,ERR,ERR,ERR,ERR,ERR,ERR,ERR,ERR,ERR,ERR,ERR,ERR,ERR,ERR,ERR,ERR,ERR,ERR,ERR,ERR,ERR,ERR,ERR,ERR,ERR,ERR,ERR,ERR,ERR,ERR,ERR,ERR,ERR,ERR,ERR,ERR,ERR,ERR,ERR,ERR,ERR,ERR,ERR,ERR,ERR,ERR,ERR,ERR,ERR,ERR,ERR,ERR,ERR,ERR,ERR,ERR,ERR,ERR,ERR,ERR,ERR,ERR,ERR,ERR,ERR,ERR,ERR,ERR,ERR,ERR,ERR,ERR,ERR,ERR,ERR,ERR,ERR,ERR,ERR,ERR,ERR,ERR,ERR,0.0,-0.0,-101055584.0,0.0,0.0,0.0,0.0,nan,0,0,0,32768,0,0.0,0,0.0,0.0,0.0,0.0,0.0,0,0,0,0,0.0,0,0,0,0,0,0,0,0,0,0,0,0,0,0,0,0,0,0,0,0,0,0,0,0,0,0,0,0,0,0,0,0,0,0,0,0,0,0,0,0,0,0,0,0,0.0,0.0,0.0,0.0,0.0,0.0,0.0,0.0,0.0,0.0,0.0,0.0,0.0,0.0,0.0,0.0,0.0,0.0,0.0,0.0,0.0,0.0,-0.0,-2.004,-2.004,-0.0,0.0,0.0,0.0,0.0,3382.0,0.0,0.0,0.0,-0.0,-0.0,2.7184274988523002e+23,0.0,0.0,0.0,0.0,0,-71.63,0.0,0.0,0.0,0.0,0.0,0.0,0.0,0.0,0,0,0,0.0,0.0,0.0,0.0,0.0,0.0,0.0,0.0,0.0,0.0,0.0,0.0,0.0,0.0,0.0,0.0,0,-107875648.0,0,0.0,0,-107875648.0,-107877712.0,0,0,17039,13107,17053,39322,17037,0,0,0,110,100,100,0.0,64.0,0.0,64.9,-107615304.0,68.5,1,49,50,180,0,26215,0,0,0.0,0.0,0.0,0.0,-1.3192995147029407e+26,65.0,0.0,1.4720476978396187e+28,0.0,645,0,687,0,0,0,715,0,786,0,708,0,689,0,645,0,641,0,618,0.032,36700160.0,-0.0,0.0,49296,16788,-6.536633859577285e+31,1.4720476978396187e+28,3.3482033767540104e+24,-8.908063438090011e+18,-0.0,-60621324.0,29.0,60.0,70,0.0,0.0,0.0,0.0,0.0,0.0,0.0,0.0,0.0,0.0,0.0,0.0,0.0,0.0,0.0,0.0,59.2,68,11,65509,41,65476,0,300,0,0,8,20529,65476,0,0,61604,60.0,0.0,0.0,0.0,0.0,0.0
2026-04-04T11:39:13,ERR,ERR,ERR,ERR,ERR,ERR,ERR,ERR,ERR,ERR,ERR,ERR,ERR,ERR,ERR,ERR,ERR,ERR,ERR,ERR,ERR,ERR,ERR,ERR,ERR,ERR,ERR,ERR,ERR,ERR,ERR,ERR,ERR,ERR,ERR,ERR,ERR,ERR,ERR,ERR,ERR,ERR,ERR,ERR,ERR,ERR,ERR,ERR,ERR,ERR,ERR,ERR,ERR,ERR,ERR,ERR,ERR,ERR,ERR,ERR,ERR,ERR,ERR,ERR,ERR,ERR,ERR,ERR,ERR,ERR,ERR,ERR,ERR,ERR,ERR,ERR,ERR,ERR,ERR,ERR,ERR,ERR,ERR,ERR,ERR,ERR,ERR,ERR,ERR,ERR,ERR,ERR,ERR,ERR,ERR,ERR,ERR,ERR,ERR,ERR,ERR,ERR,ERR,ERR,ERR,ERR,ERR,ERR,ERR,ERR,ERR,ERR,ERR,ERR,ERR,ERR,ERR,ERR,ERR,ERR,ERR,ERR,ERR,ERR,ERR,0.0,-0.0,-101055584.0,0.0,0.0,0.0,0.0,nan,0,0,0,32768,0,0.0,0,0.0,0.0,0.0,0.0,0.0,0,0,0,0,0.0,0,0,0,0,0,0,0,0,0,0,0,0,0,0,0,0,0,0,0,0,0,0,0,0,0,0,0,0,0,0,0,0,0,0,0,0,0,0,0,0,0,0,0,0,0.0,0.0,0.0,0.0,0.0,0.0,0.0,0.0,0.0,0.0,0.0,0.0,0.0,0.0,0.0,0.0,0.0,0.0,0.0,0.0,0.0,0.0,-0.0,-2.004,-2.004,-0.0,0.0,0.0,0.0,0.0,3382.0,0.0,0.0,0.0,-0.0,-0.0,2.7184274988523002e+23,0.0,0.0,0.0,0.0,0,-71.63,0.0,0.0,0.0,0.0,0.0,0.0,0.0,0.0,0,0,0,0.0,0.0,0.0,0.0,0.0,0.0,0.0,0.0,0.0,0.0,0.0,0.0,0.0,0.0,0.0,0.0,0,-107875648.0,0,0.0,0,-107875648.0,-107877712.0,0,0,17039,13107,17053,39322,17037,0,0,0,110,100,100,0.0,64.0,0.0,64.9,-107615304.0,68.5,1,49,50,180,0,26215,0,0,0.0,0.0,0.0,0.0,-1.3192995147029407e+26,65.0,0.0,1.4720476978396187e+28,0.0,645,0,687,0,0,0,715,0,786,0,708,0,689,0,645,0,641,0,618,0.032,36700160.0,-0.0,0.0,49296,16788,-6.536633859577285e+31,1.4720476978396187e+28,3.3482033767540104e+24,-8.908063438090011e+18,-0.0,-60621324.0,29.0,60.0,70,0.0,0.0,0.0,0.0,0.0,0.0,0.0,0.0,0.0,0.0,0.0,0.0,0.0,0.0,0.0,0.0,59.2,68,11,65509,41,65476,0,300,0,0,8,20529,65476,0,0,61604,60.0,0.0,0.0,0.0,0.0,0.0
2026-04-04T11:39:14,ERR,ERR,ERR,ERR,ERR,ERR,ERR,ERR,ERR,ERR,ERR,ERR,ERR,ERR,ERR,ERR,ERR,ERR,ERR,ERR,ERR,ERR,ERR,ERR,ERR,ERR,ERR,ERR,ERR,ERR,ERR,ERR,ERR,ERR,ERR,ERR,ERR,ERR,ERR,ERR,ERR,ERR,ERR,ERR,ERR,ERR,ERR,ERR,ERR,ERR,ERR,ERR,ERR,ERR,ERR,ERR,ERR,ERR,ERR,ERR,ERR,ERR,ERR,ERR,ERR,ERR,ERR,ERR,ERR,ERR,ERR,ERR,ERR,ERR,ERR,ERR,ERR,ERR,ERR,ERR,ERR,ERR,ERR,ERR,ERR,ERR,ERR,ERR,ERR,ERR,ERR,ERR,ERR,ERR,ERR,ERR,ERR,ERR,ERR,ERR,ERR,ERR,ERR,ERR,ERR,ERR,ERR,ERR,ERR,ERR,ERR,ERR,ERR,ERR,ERR,ERR,ERR,ERR,ERR,ERR,ERR,ERR,ERR,ERR,ERR,0.0,-0.0,-101055584.0,0.0,0.0,0.0,0.0,nan,0,0,0,32768,0,0.0,0,0.0,0.0,0.0,0.0,0.0,0,0,0,0,0.0,0,0,0,0,0,0,0,0,0,0,0,0,0,0,0,0,0,0,0,0,0,0,0,0,0,0,0,0,0,0,0,0,0,0,0,0,0,0,0,0,0,0,0,0,0.0,0.0,0.0,0.0,0.0,0.0,0.0,0.0,0.0,0.0,0.0,0.0,0.0,0.0,0.0,0.0,0.0,0.0,0.0,0.0,0.0,0.0,-0.0,-2.004,-2.004,-0.0,0.0,0.0,0.0,0.0,3382.0,0.0,0.0,0.0,-0.0,-0.0,2.7184274988523002e+23,0.0,0.0,0.0,0.0,0,-71.63,0.0,0.0,0.0,0.0,0.0,0.0,0.0,0.0,0,0,0,0.0,0.0,0.0,0.0,0.0,0.0,0.0,0.0,0.0,0.0,0.0,0.0,0.0,0.0,0.0,0.0,0,-107875648.0,0,0.0,0,-107875648.0,-107877712.0,0,0,17039,13107,17053,39322,17037,0,0,0,110,100,100,0.0,64.0,0.0,64.9,-107615304.0,68.5,1,49,50,180,0,26215,0,0,0.0,0.0,0.0,0.0,-1.2766863006986885e+29,65.0,0.0,0.0,0.0,645,0,687,0,0,0,715,0,786,0,708,0,689,0,645,0,641,0,618,0.032,36962304.0,-0.0,0.0,55696,16788,-5.990159188679916e+37,0.0,160.252,818931200.0,-0.0,-0.0,29.0,60.0,70,0.0,0.0,0.0,0.0,0.0,0.0,0.0,0.0,0.0,0.0,0.0,0.0,0.0,0.0,0.0,0.0,59.2,68,11,65509,41,65476,0,300,0,0,8,20529,65476,0,0,61604,60.0,0.0,0.0,0.0,0.0,0.0
2026-04-04T11:39:15,ERR,ERR,ERR,ERR,ERR,ERR,ERR,ERR,ERR,ERR,ERR,ERR,ERR,ERR,ERR,ERR,ERR,ERR,ERR,ERR,ERR,ERR,ERR,ERR,ERR,ERR,ERR,ERR,ERR,ERR,ERR,ERR,ERR,ERR,ERR,ERR,ERR,ERR,ERR,ERR,ERR,ERR,ERR,ERR,ERR,ERR,ERR,ERR,ERR,ERR,ERR,ERR,ERR,ERR,ERR,ERR,ERR,ERR,ERR,ERR,ERR,ERR,ERR,ERR,ERR,ERR,ERR,ERR,ERR,ERR,ERR,ERR,ERR,ERR,ERR,ERR,ERR,ERR,ERR,ERR,ERR,ERR,ERR,ERR,ERR,ERR,ERR,ERR,ERR,ERR,ERR,ERR,ERR,ERR,ERR,ERR,ERR,ERR,ERR,ERR,ERR,ERR,ERR,ERR,ERR,ERR,ERR,ERR,ERR,ERR,ERR,ERR,ERR,ERR,ERR,ERR,ERR,ERR,ERR,ERR,ERR,ERR,ERR,ERR,ERR,0.0,-0.0,-101055584.0,0.0,0.0,0.0,0.0,nan,0,0,0,32768,0,0.0,0,0.0,0.0,0.0,0.0,0.0,0,0,0,0,0.0,0,0,0,0,0,0,0,0,0,0,0,0,0,0,0,0,0,0,0,0,0,0,0,0,0,0,0,0,0,0,0,0,0,0,0,0,0,0,0,0,0,0,0,0,0.0,0.0,0.0,0.0,0.0,0.0,0.0,0.0,0.0,0.0,0.0,0.0,0.0,0.0,0.0,0.0,0.0,0.0,0.0,0.0,0.0,0.0,-0.0,-2.004,-2.004,-0.0,0.0,0.0,0.0,0.0,3382.0,0.0,0.0,0.0,-0.0,-0.0,2.7184274988523002e+23,0.0,0.0,0.0,0.0,0,-71.63,0.0,0.0,0.0,0.0,0.0,0.0,0.0,0.0,0,0,0,0.0,0.0,0.0,0.0,0.0,0.0,0.0,0.0,0.0,0.0,0.0,0.0,0.0,0.0,0.0,0.0,0,-107875648.0,0,0.0,0,-107875648.0,-107877712.0,0,0,17039,13107,17053,39322,17037,0,0,0,110,100,100,0.0,64.0,0.0,64.9,-107615304.0,68.5,1,49,50,180,0,26215,0,0,0.0,0.0,0.0,0.0,-1.2766863006986885e+29,65.0,0.0,0.0,0.0,645,0,687,0,0,0,715,0,786,0,708,0,689,0,645,0,641,0,618,0.032,36962304.0,-0.0,0.0,55696,16788,-5.990159188679916e+37,0.0,160.252,818931200.0,-0.0,-0.0,29.0,60.0,70,0.0,0.0,0.0,0.0,0.0,0.0,0.0,0.0,0.0,0.0,0.0,0.0,0.0,0.0,0.0,0.0,59.2,68,11,65509,41,65476,0,300,0,0,8,20529,65476,0,0,61604,60.0,0.0,0.0,0.0,0.0,0.0
2026-04-04T11:39:16,ERR,ERR,ERR,ERR,ERR,ERR,ERR,ERR,ERR,ERR,ERR,ERR,ERR,ERR,ERR,ERR,ERR,ERR,ERR,ERR,ERR,ERR,ERR,ERR,ERR,ERR,ERR,ERR,ERR,ERR,ERR,ERR,ERR,ERR,ERR,ERR,ERR,ERR,ERR,ERR,ERR,ERR,ERR,ERR,ERR,ERR,ERR,ERR,ERR,ERR,ERR,ERR,ERR,ERR,ERR,ERR,ERR,ERR,ERR,ERR,ERR,ERR,ERR,ERR,ERR,ERR,ERR,ERR,ERR,ERR,ERR,ERR,ERR,ERR,ERR,ERR,ERR,ERR,ERR,ERR,ERR,ERR,ERR,ERR,ERR,ERR,ERR,ERR,ERR,ERR,ERR,ERR,ERR,ERR,ERR,ERR,ERR,ERR,ERR,ERR,ERR,ERR,ERR,ERR,ERR,ERR,ERR,ERR,ERR,ERR,ERR,ERR,ERR,ERR,ERR,ERR,ERR,ERR,ERR,ERR,ERR,ERR,ERR,ERR,ERR,0.0,-0.0,-101055584.0,0.0,0.0,0.0,0.0,nan,0,0,0,32768,0,0.0,0,0.0,0.0,0.0,0.0,0.0,0,0,0,0,0.0,0,0,0,0,0,0,0,0,0,0,0,0,0,0,0,0,0,0,0,0,0,0,0,0,0,0,0,0,0,0,0,0,0,0,0,0,0,0,0,0,0,0,0,0,0.0,0.0,0.0,0.0,0.0,0.0,0.0,0.0,0.0,0.0,0.0,0.0,0.0,0.0,0.0,0.0,0.0,0.0,0.0,0.0,0.0,0.0,-0.0,-2.004,-2.004,-0.0,0.0,0.0,0.0,0.0,3382.0,0.0,0.0,0.0,-0.0,-0.0,2.7184274988523002e+23,0.0,0.0,0.0,0.0,0,-71.63,0.0,0.0,0.0,0.0,0.0,0.0,0.0,0.0,0,0,0,0.0,0.0,0.0,0.0,0.0,0.0,0.0,0.0,0.0,0.0,0.0,0.0,0.0,0.0,0.0,0.0,0,-107875648.0,0,0.0,0,-107875648.0,-107877712.0,0,0,17039,13107,17053,39322,17037,0,0,0,110,100,100,0.0,64.0,0.0,64.9,-107615304.0,68.5,1,49,50,180,0,26215,0,0,0.0,0.0,0.0,0.0,-1.2766863006986885e+29,65.0,0.0,0.0,0.0,645,0,687,0,0,0,715,0,786,0,708,0,689,0,645,0,641,0,618,0.032,36962304.0,-0.0,0.0,55696,16788,-5.990159188679916e+37,0.0,160.252,818931200.0,-0.0,-0.0,29.0,60.0,70,0.0,0.0,0.0,0.0,0.0,0.0,0.0,0.0,0.0,0.0,0.0,0.0,0.0,0.0,0.0,0.0,59.2,68,11,65509,41,65476,0,300,0,0,8,20529,65476,0,0,61604,60.0,0.0,0.0,0.0,0.0,0.0
2026-04-04T11:39:17,ERR,ERR,ERR,ERR,ERR,ERR,ERR,ERR,ERR,ERR,ERR,ERR,ERR,ERR,ERR,ERR,ERR,ERR,ERR,ERR,ERR,ERR,ERR,ERR,ERR,ERR,ERR,ERR,ERR,ERR,ERR,ERR,ERR,ERR,ERR,ERR,ERR,ERR,ERR,ERR,ERR,ERR,ERR,ERR,ERR,ERR,ERR,ERR,ERR,ERR,ERR,ERR,ERR,ERR,ERR,ERR,ERR,ERR,ERR,ERR,ERR,ERR,ERR,ERR,ERR,ERR,ERR,ERR,ERR,ERR,ERR,ERR,ERR,ERR,ERR,ERR,ERR,ERR,ERR,ERR,ERR,ERR,ERR,ERR,ERR,ERR,ERR,ERR,ERR,ERR,ERR,ERR,ERR,ERR,ERR,ERR,ERR,ERR,ERR,ERR,ERR,ERR,ERR,ERR,ERR,ERR,ERR,ERR,ERR,ERR,ERR,ERR,ERR,ERR,ERR,ERR,ERR,ERR,ERR,ERR,ERR,ERR,ERR,ERR,ERR,0.0,-0.0,-101055584.0,0.0,0.0,0.0,0.0,nan,0,0,0,32768,0,0.0,0,0.0,0.0,0.0,0.0,0.0,0,0,0,0,0.0,0,0,0,0,0,0,0,0,0,0,0,0,0,0,0,0,0,0,0,0,0,0,0,0,0,0,0,0,0,0,0,0,0,0,0,0,0,0,0,0,0,0,0,0,0.0,0.0,0.0,0.0,0.0,0.0,0.0,0.0,0.0,0.0,0.0,0.0,0.0,0.0,0.0,0.0,0.0,0.0,0.0,0.0,0.0,0.0,-0.0,-2.004,-2.004,-0.0,0.0,0.0,0.0,0.0,3382.0,0.0,0.0,0.0,-0.0,-0.0,2.7184274988523002e+23,0.0,0.0,0.0,0.0,0,-71.63,0.0,0.0,0.0,0.0,0.0,0.0,0.0,0.0,0,0,0,0.0,0.0,0.0,0.0,0.0,0.0,0.0,0.0,0.0,0.0,0.0,0.0,0.0,0.0,0.0,0.0,0,-107875648.0,0,0.0,0,-107875648.0,-107877712.0,0,0,17039,13107,17053,39322,17037,0,0,0,110,100,100,0.0,64.0,0.0,64.9,-107615304.0,68.5,1,49,50,180,0,26215,0,0,0.0,0.0,0.0,0.0,-1.2766863006986885e+29,65.0,0.0,0.0,0.0,645,0,687,0,0,0,715,0,786,0,708,0,689,0,645,0,641,0,618,0.032,36962304.0,-0.0,0.0,55696,16788,-5.990159188679916e+37,0.0,160.252,818931200.0,-0.0,-0.0,29.0,60.0,70,0.0,0.0,0.0,0.0,0.0,0.0,0.0,0.0,0.0,0.0,0.0,0.0,0.0,0.0,0.0,0.0,59.2,68,11,65509,41,65476,0,300,0,0,8,20529,65476,0,0,61604,60.0,0.0,0.0,0.0,0.0,0.0
2026-04-04T11:39:18,ERR,ERR,ERR,ERR,ERR,ERR,ERR,ERR,ERR,ERR,ERR,ERR,ERR,ERR,ERR,ERR,ERR,ERR,ERR,ERR,ERR,ERR,ERR,ERR,ERR,ERR,ERR,ERR,ERR,ERR,ERR,ERR,ERR,ERR,ERR,ERR,ERR,ERR,ERR,ERR,ERR,ERR,ERR,ERR,ERR,ERR,ERR,ERR,ERR,ERR,ERR,ERR,ERR,ERR,ERR,ERR,ERR,ERR,ERR,ERR,ERR,ERR,ERR,ERR,ERR,ERR,ERR,ERR,ERR,ERR,ERR,ERR,ERR,ERR,ERR,ERR,ERR,ERR,ERR,ERR,ERR,ERR,ERR,ERR,ERR,ERR,ERR,ERR,ERR,ERR,ERR,ERR,ERR,ERR,ERR,ERR,ERR,ERR,ERR,ERR,ERR,ERR,ERR,ERR,ERR,ERR,ERR,ERR,ERR,ERR,ERR,ERR,ERR,ERR,ERR,ERR,ERR,ERR,ERR,ERR,ERR,ERR,ERR,ERR,ERR,0.0,-0.0,-101055584.0,0.0,0.0,0.0,0.0,nan,0,0,0,32768,0,0.0,0,0.0,0.0,0.0,0.0,0.0,0,0,0,0,0.0,0,0,0,0,0,0,0,0,0,0,0,0,0,0,0,0,0,0,0,0,0,0,0,0,0,0,0,0,0,0,0,0,0,0,0,0,0,0,0,0,0,0,0,0,0.0,0.0,0.0,0.0,0.0,0.0,0.0,0.0,0.0,0.0,0.0,0.0,0.0,0.0,0.0,0.0,0.0,0.0,0.0,0.0,0.0,0.0,-0.0,-2.004,-2.004,-0.0,0.0,0.0,0.0,0.0,3382.0,0.0,0.0,0.0,-0.0,-0.0,2.7184274988523002e+23,0.0,0.0,0.0,0.0,0,-71.63,0.0,0.0,0.0,0.0,0.0,0.0,0.0,0.0,0,0,0,0.0,0.0,0.0,0.0,0.0,0.0,0.0,0.0,0.0,0.0,0.0,0.0,0.0,0.0,0.0,0.0,0,-107875648.0,0,0.0,0,-107875648.0,-107877712.0,0,0,17039,13107,17053,39322,17037,0,0,0,110,100,100,0.0,64.0,0.0,64.9,-107615304.0,68.5,1,49,50,180,0,26215,0,0,0.0,0.0,0.0,0.0,-1.2766863006986885e+29,65.0,0.0,0.0,0.0,645,0,687,0,0,0,715,0,786,0,708,0,689,0,645,0,641,0,618,0.032,36962304.0,-0.0,0.0,55696,16788,-5.990159188679916e+37,0.0,160.252,818931200.0,-0.0,-0.0,29.0,60.0,70,0.0,0.0,0.0,0.0,0.0,0.0,0.0,0.0,0.0,0.0,0.0,0.0,0.0,0.0,0.0,0.0,59.2,68,11,65509,41,65476,0,300,0,0,8,20529,65476,0,0,61604,60.0,0.0,0.0,0.0,0.0,0.0
2026-04-04T11:39:19,ERR,ERR,ERR,ERR,ERR,ERR,ERR,ERR,ERR,ERR,ERR,ERR,ERR,ERR,ERR,ERR,ERR,ERR,ERR,ERR,ERR,ERR,ERR,ERR,ERR,ERR,ERR,ERR,ERR,ERR,ERR,ERR,ERR,ERR,ERR,ERR,ERR,ERR,ERR,ERR,ERR,ERR,ERR,ERR,ERR,ERR,ERR,ERR,ERR,ERR,ERR,ERR,ERR,ERR,ERR,ERR,ERR,ERR,ERR,ERR,ERR,ERR,ERR,ERR,ERR,ERR,ERR,ERR,ERR,ERR,ERR,ERR,ERR,ERR,ERR,ERR,ERR,ERR,ERR,ERR,ERR,ERR,ERR,ERR,ERR,ERR,ERR,ERR,ERR,ERR,ERR,ERR,ERR,ERR,ERR,ERR,ERR,ERR,ERR,ERR,ERR,ERR,ERR,ERR,ERR,ERR,ERR,ERR,ERR,ERR,ERR,ERR,ERR,ERR,ERR,ERR,ERR,ERR,ERR,ERR,ERR,ERR,ERR,ERR,ERR,0.0,-0.0,-101055584.0,0.0,0.0,0.0,0.0,nan,0,0,0,32768,0,0.0,0,0.0,0.0,0.0,0.0,0.0,0,0,0,0,0.0,0,0,0,0,0,0,0,0,0,0,0,0,0,0,0,0,0,0,0,0,0,0,0,0,0,0,0,0,0,0,0,0,0,0,0,0,0,0,0,0,0,0,0,0,0.0,0.0,0.0,0.0,0.0,0.0,0.0,0.0,0.0,0.0,0.0,0.0,0.0,0.0,0.0,0.0,0.0,0.0,0.0,0.0,0.0,0.0,-0.0,-0.0,-2.004,-0.0,0.0,0.0,0.0,0.0,3367.5,-3.6971535880805155e+19,0.0,0.0,-0.0,-0.0,2.7184274988523002e+23,0.0,0.0,0.0,0.0,0,-1.9056958870913024e+17,-4.950375985435095e+32,0.0,0.0,0.0,0.0,0.0,0.0,0.0,0,0,0,0.0,0.0,0.0,0.0,0.0,0.0,0.0,0.0,0.0,0.0,0.0,0.0,0.0,0.0,0.0,0.0,0,-107875648.0,0,0.0,0,-107875648.0,-107877712.0,0,0,17039,13107,17053,39322,17037,0,0,0,110,100,100,0.0,64.0,0.0,64.9,-107615304.0,68.5,1,49,50,180,0,26215,0,0,0.0,0.0,0.0,0.0,-1.2766863006986885e+29,65.0,0.0,0.0,0.0,645,0,687,0,0,0,715,0,786,0,708,0,689,0,645,0,641,0,618,0.032,36962304.0,-0.0,0.0,55696,16788,-5.990159188679916e+37,0.0,160.252,818931200.0,-0.0,-0.0,29.0,60.0,70,0.0,0.0,0.0,0.0,0.0,0.0,0.0,0.0,0.0,0.0,0.0,0.0,0.0,0.0,0.0,0.0,59.2,68,11,65509,41,65476,0,300,0,0,8,20529,65476,0,0,61604,60.0,0.0,0.0,0.0,0.0,0.0
2026-04-04T11:39:20,ERR,ERR,ERR,ERR,ERR,ERR,ERR,ERR,ERR,ERR,ERR,ERR,ERR,ERR,ERR,ERR,ERR,ERR,ERR,ERR,ERR,ERR,ERR,ERR,ERR,ERR,ERR,ERR,ERR,ERR,ERR,ERR,ERR,ERR,ERR,ERR,ERR,ERR,ERR,ERR,ERR,ERR,ERR,ERR,ERR,ERR,ERR,ERR,ERR,ERR,ERR,ERR,ERR,ERR,ERR,ERR,ERR,ERR,ERR,ERR,ERR,ERR,ERR,ERR,ERR,ERR,ERR,ERR,ERR,ERR,ERR,ERR,ERR,ERR,ERR,ERR,ERR,ERR,ERR,ERR,ERR,ERR,ERR,ERR,ERR,ERR,ERR,ERR,ERR,ERR,ERR,ERR,ERR,ERR,ERR,ERR,ERR,ERR,ERR,ERR,ERR,ERR,ERR,ERR,ERR,ERR,ERR,ERR,ERR,ERR,ERR,ERR,ERR,ERR,ERR,ERR,ERR,ERR,ERR,ERR,ERR,ERR,ERR,ERR,ERR,0.0,-0.0,-101055584.0,0.0,0.0,0.0,0.0,nan,0,0,0,32768,0,0.0,0,0.0,0.0,0.0,0.0,0.0,0,0,0,0,0.0,0,0,0,0,0,0,0,0,0,0,0,0,0,0,0,0,0,0,0,0,0,0,0,0,0,0,0,0,0,0,0,0,0,0,0,0,0,0,0,0,0,0,0,0,0.0,0.0,0.0,0.0,0.0,0.0,0.0,0.0,0.0,0.0,0.0,0.0,0.0,0.0,0.0,0.0,0.0,0.0,0.0,0.0,0.0,0.0,-0.0,-0.0,-2.004,-0.0,0.0,0.0,0.0,0.0,3367.5,-3.6971535880805155e+19,0.0,0.0,-0.0,-0.0,2.7184274988523002e+23,0.0,0.0,0.0,0.0,0,-1.9056958870913024e+17,-4.950375985435095e+32,0.0,0.0,0.0,0.0,0.0,0.0,0.0,0,0,0,0.0,0.0,0.0,0.0,0.0,0.0,0.0,0.0,0.0,0.0,0.0,0.0,0.0,0.0,0.0,0.0,0,-107875648.0,0,0.0,0,-107875648.0,-107877712.0,0,0,17039,13107,17053,39322,17037,0,0,0,110,100,100,0.0,64.0,0.0,64.9,-107615304.0,68.5,1,49,50,180,0,26215,0,0,0.0,0.0,0.0,0.0,0.0,65.5,0.0,-2.6295069083425397e+37,0.0,645,0,687,0,0,0,715,0,786,0,708,0,689,0,645,0,641,0,618,0.032,36962304.0,-0.0,0.0,52112,16788,0.0,-2.6295069083425397e+37,-0.0,0.123,-0.004,-3.146323866935996e+23,29.0,60.0,70,0.0,0.0,0.0,0.0,0.0,0.0,0.0,0.0,0.0,0.0,0.0,0.0,0.0,0.0,0.0,0.0,59.2,68,11,65509,41,65476,0,300,0,0,8,20529,65476,0,0,61604,60.0,0.0,0.0,0.0,0.0,0.0
2026-04-04T11:39:21,ERR,ERR,ERR,ERR,ERR,ERR,ERR,ERR,ERR,ERR,ERR,ERR,ERR,ERR,ERR,ERR,ERR,ERR,ERR,ERR,ERR,ERR,ERR,ERR,ERR,ERR,ERR,ERR,ERR,ERR,ERR,ERR,ERR,ERR,ERR,ERR,ERR,ERR,ERR,ERR,ERR,ERR,ERR,ERR,ERR,ERR,ERR,ERR,ERR,ERR,ERR,ERR,ERR,ERR,ERR,ERR,ERR,ERR,ERR,ERR,ERR,ERR,ERR,ERR,ERR,ERR,ERR,ERR,ERR,ERR,ERR,ERR,ERR,ERR,ERR,ERR,ERR,ERR,ERR,ERR,ERR,ERR,ERR,ERR,ERR,ERR,ERR,ERR,ERR,ERR,ERR,ERR,ERR,ERR,ERR,ERR,ERR,ERR,ERR,ERR,ERR,ERR,ERR,ERR,ERR,ERR,ERR,ERR,ERR,ERR,ERR,ERR,ERR,ERR,ERR,ERR,ERR,ERR,ERR,ERR,ERR,ERR,ERR,ERR,ERR,0.0,-0.0,-101055584.0,0.0,0.0,0.0,0.0,nan,0,0,0,32768,0,0.0,0,0.0,0.0,0.0,0.0,0.0,0,0,0,0,0.0,0,0,0,0,0,0,0,0,0,0,0,0,0,0,0,0,0,0,0,0,0,0,0,0,0,0,0,0,0,0,0,0,0,0,0,0,0,0,0,0,0,0,0,0,0.0,0.0,0.0,0.0,0.0,0.0,0.0,0.0,0.0,0.0,0.0,0.0,0.0,0.0,0.0,0.0,0.0,0.0,0.0,0.0,0.0,0.0,-0.0,-0.0,-2.004,-0.0,0.0,0.0,0.0,0.0,3367.5,-3.6971535880805155e+19,0.0,0.0,-0.0,-0.0,2.7184274988523002e+23,0.0,0.0,0.0,0.0,0,-1.9056958870913024e+17,-4.950375985435095e+32,0.0,0.0,0.0,0.0,0.0,0.0,0.0,0,0,0,0.0,0.0,0.0,0.0,0.0,0.0,0.0,0.0,0.0,0.0,0.0,0.0,0.0,0.0,0.0,0.0,0,-107875648.0,0,0.0,0,-107875648.0,-107877712.0,0,0,17039,13107,17053,39322,17037,0,0,0,110,100,100,0.0,64.0,0.0,64.9,-107615304.0,68.5,1,49,50,180,0,26215,0,0,0.0,0.0,0.0,0.0,0.0,65.5,0.0,-2.6295069083425397e+37,0.0,645,0,687,0,0,0,715,0,786,0,708,0,689,0,645,0,641,0,618,0.032,36962304.0,-0.0,0.0,52112,16788,0.0,-2.6295069083425397e+37,-0.0,0.123,-0.004,-3.146323866935996e+23,29.0,60.0,70,0.0,0.0,0.0,0.0,0.0,0.0,0.0,0.0,0.0,0.0,0.0,0.0,0.0,0.0,0.0,0.0,59.2,68,11,65509,41,65476,0,300,0,0,8,20529,65476,0,0,61604,60.0,0.0,0.0,0.0,0.0,0.0
2026-04-04T11:39:22,ERR,ERR,ERR,ERR,ERR,ERR,ERR,ERR,ERR,ERR,ERR,ERR,ERR,ERR,ERR,ERR,ERR,ERR,ERR,ERR,ERR,ERR,ERR,ERR,ERR,ERR,ERR,ERR,ERR,ERR,ERR,ERR,ERR,ERR,ERR,ERR,ERR,ERR,ERR,ERR,ERR,ERR,ERR,ERR,ERR,ERR,ERR,ERR,ERR,ERR,ERR,ERR,ERR,ERR,ERR,ERR,ERR,ERR,ERR,ERR,ERR,ERR,ERR,ERR,ERR,ERR,ERR,ERR,ERR,ERR,ERR,ERR,ERR,ERR,ERR,ERR,ERR,ERR,ERR,ERR,ERR,ERR,ERR,ERR,ERR,ERR,ERR,ERR,ERR,ERR,ERR,ERR,ERR,ERR,ERR,ERR,ERR,ERR,ERR,ERR,ERR,ERR,ERR,ERR,ERR,ERR,ERR,ERR,ERR,ERR,ERR,ERR,ERR,ERR,ERR,ERR,ERR,ERR,ERR,ERR,ERR,ERR,ERR,ERR,ERR,0.0,-0.0,-101055584.0,0.0,0.0,0.0,0.0,nan,0,0,0,32768,0,0.0,0,0.0,0.0,0.0,0.0,0.0,0,0,0,0,0.0,0,0,0,0,0,0,0,0,0,0,0,0,0,0,0,0,0,0,0,0,0,0,0,0,0,0,0,0,0,0,0,0,0,0,0,0,0,0,0,0,0,0,0,0,0.0,0.0,0.0,0.0,0.0,0.0,0.0,0.0,0.0,0.0,0.0,0.0,0.0,0.0,0.0,0.0,0.0,0.0,0.0,0.0,0.0,0.0,-0.0,-0.0,-2.004,-0.0,0.0,0.0,0.0,0.0,3367.5,-3.6971535880805155e+19,0.0,0.0,-0.0,-0.0,2.7184274988523002e+23,0.0,0.0,0.0,0.0,0,-1.9056958870913024e+17,-4.950375985435095e+32,0.0,0.0,0.0,0.0,0.0,0.0,0.0,0,0,0,0.0,0.0,0.0,0.0,0.0,0.0,0.0,0.0,0.0,0.0,0.0,0.0,0.0,0.0,0.0,0.0,0,-107875648.0,0,0.0,0,-107875648.0,-107877712.0,0,0,17039,13107,17053,39322,17037,0,0,0,110,100,100,0.0,64.0,0.0,64.9,-107615304.0,68.5,1,49,50,180,0,26215,0,0,0.0,0.0,0.0,0.0,0.0,65.5,0.0,-2.6295069083425397e+37,0.0,645,0,687,0,0,0,715,0,786,0,708,0,689,0,645,0,641,0,618,0.032,36962304.0,-0.0,0.0,52112,16788,0.0,-2.6295069083425397e+37,-0.0,0.123,-0.004,-3.146323866935996e+23,29.0,60.0,70,0.0,0.0,0.0,0.0,0.0,0.0,0.0,0.0,0.0,0.0,0.0,0.0,0.0,0.0,0.0,0.0,59.2,68,11,65509,41,65476,0,300,0,0,8,20529,65476,0,0,61604,60.0,0.0,0.0,0.0,0.0,0.0
2026-04-04T11:39:23,ERR,ERR,ERR,ERR,ERR,ERR,ERR,ERR,ERR,ERR,ERR,ERR,ERR,ERR,ERR,ERR,ERR,ERR,ERR,ERR,ERR,ERR,ERR,ERR,ERR,ERR,ERR,ERR,ERR,ERR,ERR,ERR,ERR,ERR,ERR,ERR,ERR,ERR,ERR,ERR,ERR,ERR,ERR,ERR,ERR,ERR,ERR,ERR,ERR,ERR,ERR,ERR,ERR,ERR,ERR,ERR,ERR,ERR,ERR,ERR,ERR,ERR,ERR,ERR,ERR,ERR,ERR,ERR,ERR,ERR,ERR,ERR,ERR,ERR,ERR,ERR,ERR,ERR,ERR,ERR,ERR,ERR,ERR,ERR,ERR,ERR,ERR,ERR,ERR,ERR,ERR,ERR,ERR,ERR,ERR,ERR,ERR,ERR,ERR,ERR,ERR,ERR,ERR,ERR,ERR,ERR,ERR,ERR,ERR,ERR,ERR,ERR,ERR,ERR,ERR,ERR,ERR,ERR,ERR,ERR,ERR,ERR,ERR,ERR,ERR,0.0,-0.0,-101055584.0,0.0,0.0,0.0,0.0,nan,0,0,0,32768,0,0.0,0,0.0,0.0,0.0,0.0,0.0,0,0,0,0,0.0,0,0,0,0,0,0,0,0,0,0,0,0,0,0,0,0,0,0,0,0,0,0,0,0,0,0,0,0,0,0,0,0,0,0,0,0,0,0,0,0,0,0,0,0,0.0,0.0,0.0,0.0,0.0,0.0,0.0,0.0,0.0,0.0,0.0,0.0,0.0,0.0,0.0,0.0,0.0,0.0,0.0,0.0,0.0,0.0,-0.0,-0.0,-2.004,-0.0,0.0,0.0,0.0,0.0,3367.5,-3.6971535880805155e+19,0.0,0.0,-0.0,-0.0,2.7184274988523002e+23,0.0,0.0,0.0,0.0,0,-1.9056958870913024e+17,-4.950375985435095e+32,0.0,0.0,0.0,0.0,0.0,0.0,0.0,0,0,0,0.0,0.0,0.0,0.0,0.0,0.0,0.0,0.0,0.0,0.0,0.0,0.0,0.0,0.0,0.0,0.0,0,-107875648.0,0,0.0,0,-107875648.0,-107877712.0,0,0,17039,13107,17053,39322,17037,0,0,0,110,100,100,0.0,64.0,0.0,64.9,-107615304.0,68.5,1,49,50,180,0,26215,0,0,0.0,0.0,0.0,0.0,0.0,65.5,0.0,-2.6295069083425397e+37,0.0,645,0,687,0,0,0,715,0,786,0,708,0,689,0,645,0,641,0,618,0.032,36962304.0,-0.0,0.0,52112,16788,0.0,-2.6295069083425397e+37,-0.0,0.123,-0.004,-3.146323866935996e+23,29.0,60.0,70,0.0,0.0,0.0,0.0,0.0,0.0,0.0,0.0,0.0,0.0,0.0,0.0,0.0,0.0,0.0,0.0,59.2,68,11,65509,41,65476,0,300,0,0,8,20529,65476,0,0,61604,60.0,0.0,0.0,0.0,0.0,0.0
2026-04-04T11:39:24,ERR,ERR,ERR,ERR,ERR,ERR,ERR,ERR,ERR,ERR,ERR,ERR,ERR,ERR,ERR,ERR,ERR,ERR,ERR,ERR,ERR,ERR,ERR,ERR,ERR,ERR,ERR,ERR,ERR,ERR,ERR,ERR,ERR,ERR,ERR,ERR,ERR,ERR,ERR,ERR,ERR,ERR,ERR,ERR,ERR,ERR,ERR,ERR,ERR,ERR,ERR,ERR,ERR,ERR,ERR,ERR,ERR,ERR,ERR,ERR,ERR,ERR,ERR,ERR,ERR,ERR,ERR,ERR,ERR,ERR,ERR,ERR,ERR,ERR,ERR,ERR,ERR,ERR,ERR,ERR,ERR,ERR,ERR,ERR,ERR,ERR,ERR,ERR,ERR,ERR,ERR,ERR,ERR,ERR,ERR,ERR,ERR,ERR,ERR,ERR,ERR,ERR,ERR,ERR,ERR,ERR,ERR,ERR,ERR,ERR,ERR,ERR,ERR,ERR,ERR,ERR,ERR,ERR,ERR,ERR,ERR,ERR,ERR,ERR,ERR,0.0,-0.0,-101055584.0,0.0,0.0,0.0,0.0,nan,0,0,0,32768,0,0.0,0,0.0,0.0,0.0,0.0,0.0,0,0,0,0,0.0,0,0,0,0,0,0,0,0,0,0,0,0,0,0,0,0,0,0,0,0,0,0,0,0,0,0,0,0,0,0,0,0,0,0,0,0,0,0,0,0,0,0,0,0,0.0,0.0,0.0,0.0,0.0,0.0,0.0,0.0,0.0,0.0,0.0,0.0,0.0,0.0,0.0,0.0,0.0,0.0,0.0,0.0,0.0,0.0,-0.0,-0.0,-2.004,-0.0,0.0,0.0,0.0,0.0,3367.5,-3.6971535880805155e+19,0.0,0.0,-0.0,-0.0,2.7184274988523002e+23,0.0,0.0,0.0,0.0,0,-1.9056958870913024e+17,-4.950375985435095e+32,0.0,0.0,0.0,0.0,0.0,0.0,0.0,0,0,0,0.0,0.0,0.0,0.0,0.0,0.0,0.0,0.0,0.0,0.0,0.0,0.0,0.0,0.0,0.0,0.0,0,-107875648.0,0,0.0,0,-107875648.0,-107877712.0,0,0,17039,13107,17053,39322,17037,0,0,0,110,100,100,0.0,64.0,0.0,64.9,-107615304.0,68.5,1,49,50,180,0,26215,0,0,0.0,0.0,0.0,0.0,0.0,65.5,0.0,-2.6295069083425397e+37,0.0,645,0,687,0,0,0,715,0,786,0,708,0,689,0,645,0,641,0,618,0.032,36962304.0,-0.0,0.0,52112,16788,0.0,-2.6295069083425397e+37,-0.0,0.123,-0.004,-3.146323866935996e+23,29.0,60.0,70,0.0,0.0,0.0,0.0,0.0,0.0,0.0,0.0,0.0,0.0,0.0,0.0,0.0,0.0,0.0,0.0,59.2,68,11,65509,41,65476,0,300,0,0,8,20529,65476,0,0,61604,60.0,0.0,0.0,0.0,0.0,0.0
2026-04-04T11:39:25,ERR,ERR,ERR,ERR,ERR,ERR,ERR,ERR,ERR,ERR,ERR,ERR,ERR,ERR,ERR,ERR,ERR,ERR,ERR,ERR,ERR,ERR,ERR,ERR,ERR,ERR,ERR,ERR,ERR,ERR,ERR,ERR,ERR,ERR,ERR,ERR,ERR,ERR,ERR,ERR,ERR,ERR,ERR,ERR,ERR,ERR,ERR,ERR,ERR,ERR,ERR,ERR,ERR,ERR,ERR,ERR,ERR,ERR,ERR,ERR,ERR,ERR,ERR,ERR,ERR,ERR,ERR,ERR,ERR,ERR,ERR,ERR,ERR,ERR,ERR,ERR,ERR,ERR,ERR,ERR,ERR,ERR,ERR,ERR,ERR,ERR,ERR,ERR,ERR,ERR,ERR,ERR,ERR,ERR,ERR,ERR,ERR,ERR,ERR,ERR,ERR,ERR,ERR,ERR,ERR,ERR,ERR,ERR,ERR,ERR,ERR,ERR,ERR,ERR,ERR,ERR,ERR,ERR,ERR,ERR,ERR,ERR,ERR,ERR,ERR,0.0,-0.0,-101055584.0,0.0,0.0,0.0,0.0,nan,0,0,0,32768,0,0.0,0,0.0,0.0,0.0,0.0,0.0,0,0,0,0,0.0,0,0,0,0,0,0,0,0,0,0,0,0,0,0,0,0,0,0,0,0,0,0,0,0,0,0,0,0,0,0,0,0,0,0,0,0,0,0,0,0,0,0,0,0,0.0,0.0,0.0,0.0,0.0,0.0,0.0,0.0,0.0,0.0,0.0,0.0,0.0,0.0,0.0,0.0,0.0,0.0,0.0,0.0,0.0,0.0,-0.0,-0.0,-2.004,-0.0,0.0,0.0,0.0,0.0,3367.5,-3.6971535880805155e+19,0.0,0.0,-0.0,-0.0,2.7184274988523002e+23,0.0,0.0,0.0,0.0,0,-1.9056958870913024e+17,-4.950375985435095e+32,0.0,0.0,0.0,0.0,0.0,0.0,0.0,0,0,0,0.0,0.0,0.0,0.0,0.0,0.0,0.0,0.0,0.0,0.0,0.0,0.0,0.0,0.0,0.0,0.0,0,-107875648.0,0,0.0,0,-107875648.0,-107877712.0,0,0,17039,13107,17053,39322,17037,0,0,0,110,100,100,0.0,64.0,0.0,64.9,-107615304.0,68.5,1,49,50,180,0,26215,0,0,0.0,0.0,0.0,0.0,0.0,65.5,0.0,-2.6295069083425397e+37,0.0,645,0,687,0,0,0,715,0,786,0,708,0,689,0,645,0,641,0,618,0.032,36962304.0,-0.0,0.0,52112,16788,0.0,-2.6295069083425397e+37,-0.0,0.123,-0.004,-3.146323866935996e+23,29.0,60.0,70,0.0,0.0,0.0,0.0,0.0,0.0,0.0,0.0,0.0,0.0,0.0,0.0,0.0,0.0,0.0,0.0,59.2,68,11,65509,41,65476,0,300,0,0,8,20529,65476,0,0,61604,60.0,0.0,0.0,0.0,0.0,0.0
2026-04-04T11:39:26,ERR,ERR,ERR,ERR,ERR,ERR,ERR,ERR,ERR,ERR,ERR,ERR,ERR,ERR,ERR,ERR,ERR,ERR,ERR,ERR,ERR,ERR,ERR,ERR,ERR,ERR,ERR,ERR,ERR,ERR,ERR,ERR,ERR,ERR,ERR,ERR,ERR,ERR,ERR,ERR,ERR,ERR,ERR,ERR,ERR,ERR,ERR,ERR,ERR,ERR,ERR,ERR,ERR,ERR,ERR,ERR,ERR,ERR,ERR,ERR,ERR,ERR,ERR,ERR,ERR,ERR,ERR,ERR,ERR,ERR,ERR,ERR,ERR,ERR,ERR,ERR,ERR,ERR,ERR,ERR,ERR,ERR,ERR,ERR,ERR,ERR,ERR,ERR,ERR,ERR,ERR,ERR,ERR,ERR,ERR,ERR,ERR,ERR,ERR,ERR,ERR,ERR,ERR,ERR,ERR,ERR,ERR,ERR,ERR,ERR,ERR,ERR,ERR,ERR,ERR,ERR,ERR,ERR,ERR,ERR,ERR,ERR,ERR,ERR,ERR,0.0,-0.0,-101055584.0,0.0,0.0,0.0,0.0,nan,0,0,0,32768,0,0.0,0,0.0,0.0,0.0,0.0,0.0,0,0,0,0,0.0,0,0,0,0,0,0,0,0,0,0,0,0,0,0,0,0,0,0,0,0,0,0,0,0,0,0,0,0,0,0,0,0,0,0,0,0,0,0,0,0,0,0,0,0,0.0,0.0,0.0,0.0,0.0,0.0,0.0,0.0,0.0,0.0,0.0,0.0,0.0,0.0,0.0,0.0,0.0,0.0,0.0,0.0,0.0,0.0,-0.0,-0.0,-2.004,-0.0,0.0,0.0,0.0,0.0,3367.5,-3.6971535880805155e+19,0.0,0.0,-0.0,-0.0,2.7184274988523002e+23,0.0,0.0,0.0,0.0,0,-1.9056958870913024e+17,-4.950375985435095e+32,0.0,0.0,0.0,0.0,0.0,0.0,0.0,0,0,0,0.0,0.0,0.0,0.0,0.0,0.0,0.0,0.0,0.0,0.0,0.0,0.0,0.0,0.0,0.0,0.0,0,-107875648.0,0,0.0,0,-107875648.0,-107877712.0,0,0,17039,13107,17053,39322,17037,0,0,0,110,100,100,0.0,64.0,0.0,64.9,-107615304.0,68.5,1,49,50,180,0,26215,0,0,0.0,0.0,0.0,0.0,-9.676127412242629e+30,65.0,0.0,1.6470604531174988e+37,0.0,645,0,687,0,0,0,715,0,786,0,708,0,689,0,645,0,641,0,618,0.032,36962304.0,-0.0,0.0,54672,16788,-4.803078052066052e+36,1.6470604531174988e+37,-1.2341048551597064e+22,0.0,6709011546112.0,7.719241779324649e+18,29.0,60.0,70,0.0,0.0,0.0,0.0,0.0,0.0,0.0,0.0,0.0,0.0,0.0,0.0,0.0,0.0,0.0,0.0,59.2,68,11,65509,41,65476,0,300,0,0,8,20529,65476,0,0,61604,60.0,0.0,0.0,0.0,0.0,0.0
2026-04-04T11:39:27,ERR,ERR,ERR,ERR,ERR,ERR,ERR,ERR,ERR,ERR,ERR,ERR,ERR,ERR,ERR,ERR,ERR,ERR,ERR,ERR,ERR,ERR,ERR,ERR,ERR,ERR,ERR,ERR,ERR,ERR,ERR,ERR,ERR,ERR,ERR,ERR,ERR,ERR,ERR,ERR,ERR,ERR,ERR,ERR,ERR,ERR,ERR,ERR,ERR,ERR,ERR,ERR,ERR,ERR,ERR,ERR,ERR,ERR,ERR,ERR,ERR,ERR,ERR,ERR,ERR,ERR,ERR,ERR,ERR,ERR,ERR,ERR,ERR,ERR,ERR,ERR,ERR,ERR,ERR,ERR,ERR,ERR,ERR,ERR,ERR,ERR,ERR,ERR,ERR,ERR,ERR,ERR,ERR,ERR,ERR,ERR,ERR,ERR,ERR,ERR,ERR,ERR,ERR,ERR,ERR,ERR,ERR,ERR,ERR,ERR,ERR,ERR,ERR,ERR,ERR,ERR,ERR,ERR,ERR,ERR,ERR,ERR,ERR,ERR,ERR,0.0,-0.0,-101055584.0,0.0,0.0,0.0,0.0,nan,0,0,0,32768,0,0.0,0,0.0,0.0,0.0,0.0,0.0,0,0,0,0,0.0,0,0,0,0,0,0,0,0,0,0,0,0,0,0,0,0,0,0,0,0,0,0,0,0,0,0,0,0,0,0,0,0,0,0,0,0,0,0,0,0,0,0,0,0,0.0,0.0,0.0,0.0,0.0,0.0,0.0,0.0,0.0,0.0,0.0,0.0,0.0,0.0,0.0,0.0,0.0,0.0,0.0,0.0,0.0,0.0,-0.0,-2.004,-2.004,-0.0,0.0,0.0,0.0,0.0,3366.0,-8608106496.0,0.0,0.0,-0.0,-0.0,2.7184274988523002e+23,0.0,0.0,0.0,0.0,0,-89221.016,-2.308816440498921e+20,0.0,0.0,0.0,0.0,0.0,0.0,0.0,0,0,0,0.0,0.0,0.0,0.0,0.0,0.0,0.0,0.0,0.0,0.0,0.0,0.0,0.0,0.0,0.0,0.0,0,-107875648.0,0,0.0,0,-107875648.0,-107877712.0,0,0,17039,13107,17053,39322,17037,0,0,0,110,100,100,0.0,64.0,0.0,64.9,-107615304.0,68.5,1,49,50,180,0,26215,0,0,0.0,0.0,0.0,0.0,-9.676127412242629e+30,65.0,0.0,1.6470604531174988e+37,0.0,645,0,687,0,0,0,715,0,786,0,708,0,689,0,645,0,641,0,618,0.032,36962304.0,-0.0,0.0,54672,16788,-4.803078052066052e+36,1.6470604531174988e+37,-1.2341048551597064e+22,0.0,6709011546112.0,7.719241779324649e+18,29.0,60.0,70,0.0,0.0,0.0,0.0,0.0,0.0,0.0,0.0,0.0,0.0,0.0,0.0,0.0,0.0,0.0,0.0,59.2,68,11,65509,41,65476,0,300,0,0,8,20529,65476,0,0,61604,60.0,0.0,0.0,0.0,0.0,0.0
2026-04-04T11:39:28,ERR,ERR,ERR,ERR,ERR,ERR,ERR,ERR,ERR,ERR,ERR,ERR,ERR,ERR,ERR,ERR,ERR,ERR,ERR,ERR,ERR,ERR,ERR,ERR,ERR,ERR,ERR,ERR,ERR,ERR,ERR,ERR,ERR,ERR,ERR,ERR,ERR,ERR,ERR,ERR,ERR,ERR,ERR,ERR,ERR,ERR,ERR,ERR,ERR,ERR,ERR,ERR,ERR,ERR,ERR,ERR,ERR,ERR,ERR,ERR,ERR,ERR,ERR,ERR,ERR,ERR,ERR,ERR,ERR,ERR,ERR,ERR,ERR,ERR,ERR,ERR,ERR,ERR,ERR,ERR,ERR,ERR,ERR,ERR,ERR,ERR,ERR,ERR,ERR,ERR,ERR,ERR,ERR,ERR,ERR,ERR,ERR,ERR,ERR,ERR,ERR,ERR,ERR,ERR,ERR,ERR,ERR,ERR,ERR,ERR,ERR,ERR,ERR,ERR,ERR,ERR,ERR,ERR,ERR,ERR,ERR,ERR,ERR,ERR,ERR,0.0,-0.0,-101055584.0,0.0,0.0,0.0,0.0,nan,0,0,0,32768,0,0.0,0,0.0,0.0,0.0,0.0,0.0,0,0,0,0,0.0,0,0,0,0,0,0,0,0,0,0,0,0,0,0,0,0,0,0,0,0,0,0,0,0,0,0,0,0,0,0,0,0,0,0,0,0,0,0,0,0,0,0,0,0,0.0,0.0,0.0,0.0,0.0,0.0,0.0,0.0,0.0,0.0,0.0,0.0,0.0,0.0,0.0,0.0,0.0,0.0,0.0,0.0,0.0,0.0,-0.0,-2.004,-2.004,-0.0,0.0,0.0,0.0,0.0,3366.0,-8608106496.0,0.0,0.0,-0.0,-0.0,2.7184274988523002e+23,0.0,0.0,0.0,0.0,0,-89221.016,-2.308816440498921e+20,0.0,0.0,0.0,0.0,0.0,0.0,0.0,0,0,0,0.0,0.0,0.0,0.0,0.0,0.0,0.0,0.0,0.0,0.0,0.0,0.0,0.0,0.0,0.0,0.0,0,-107875648.0,0,0.0,0,-107875648.0,-107877712.0,0,0,17039,13107,17053,39322,17037,0,0,0,110,100,100,0.0,64.0,0.0,64.9,-107615304.0,68.5,1,49,50,180,0,26215,0,0,0.0,0.0,0.0,0.0,-9.676127412242629e+30,65.0,0.0,1.6470604531174988e+37,0.0,645,0,687,0,0,0,715,0,786,0,708,0,689,0,645,0,641,0,618,0.032,36962304.0,-0.0,0.0,54672,16788,-4.803078052066052e+36,1.6470604531174988e+37,-1.2341048551597064e+22,0.0,6709011546112.0,7.719241779324649e+18,29.0,60.0,70,0.0,0.0,0.0,0.0,0.0,0.0,0.0,0.0,0.0,0.0,0.0,0.0,0.0,0.0,0.0,0.0,59.2,68,11,65509,41,65476,0,300,0,0,8,20529,65476,0,0,61604,60.0,0.0,0.0,0.0,0.0,0.0
2026-04-04T11:39:29,ERR,ERR,ERR,ERR,ERR,ERR,ERR,ERR,ERR,ERR,ERR,ERR,ERR,ERR,ERR,ERR,ERR,ERR,ERR,ERR,ERR,ERR,ERR,ERR,ERR,ERR,ERR,ERR,ERR,ERR,ERR,ERR,ERR,ERR,ERR,ERR,ERR,ERR,ERR,ERR,ERR,ERR,ERR,ERR,ERR,ERR,ERR,ERR,ERR,ERR,ERR,ERR,ERR,ERR,ERR,ERR,ERR,ERR,ERR,ERR,ERR,ERR,ERR,ERR,ERR,ERR,ERR,ERR,ERR,ERR,ERR,ERR,ERR,ERR,ERR,ERR,ERR,ERR,ERR,ERR,ERR,ERR,ERR,ERR,ERR,ERR,ERR,ERR,ERR,ERR,ERR,ERR,ERR,ERR,ERR,ERR,ERR,ERR,ERR,ERR,ERR,ERR,ERR,ERR,ERR,ERR,ERR,ERR,ERR,ERR,ERR,ERR,ERR,ERR,ERR,ERR,ERR,ERR,ERR,ERR,ERR,ERR,ERR,ERR,ERR,0.0,-0.0,-101055584.0,0.0,0.0,0.0,0.0,nan,0,0,0,32768,0,0.0,0,0.0,0.0,0.0,0.0,0.0,0,0,0,0,0.0,0,0,0,0,0,0,0,0,0,0,0,0,0,0,0,0,0,0,0,0,0,0,0,0,0,0,0,0,0,0,0,0,0,0,0,0,0,0,0,0,0,0,0,0,0.0,0.0,0.0,0.0,0.0,0.0,0.0,0.0,0.0,0.0,0.0,0.0,0.0,0.0,0.0,0.0,0.0,0.0,0.0,0.0,0.0,0.0,-0.0,-2.004,-2.004,-0.0,0.0,0.0,0.0,0.0,3366.0,-8608106496.0,0.0,0.0,-0.0,-0.0,2.7184274988523002e+23,0.0,0.0,0.0,0.0,0,-89221.016,-2.308816440498921e+20,0.0,0.0,0.0,0.0,0.0,0.0,0.0,0,0,0,0.0,0.0,0.0,0.0,0.0,0.0,0.0,0.0,0.0,0.0,0.0,0.0,0.0,0.0,0.0,0.0,0,-107875648.0,0,0.0,0,-107875648.0,-107877712.0,0,0,17039,13107,17053,39322,17037,0,0,0,110,100,100,0.0,64.0,0.0,64.9,-107615304.0,68.5,1,49,50,180,0,26215,0,0,0.0,0.0,0.0,0.0,-9.676127412242629e+30,65.0,0.0,1.6470604531174988e+37,0.0,645,0,687,0,0,0,715,0,786,0,708,0,689,0,645,0,641,0,618,0.032,36962304.0,-0.0,0.0,54672,16788,-4.803078052066052e+36,1.6470604531174988e+37,-1.2341048551597064e+22,0.0,6709011546112.0,7.719241779324649e+18,29.0,60.0,70,0.0,0.0,0.0,0.0,0.0,0.0,0.0,0.0,0.0,0.0,0.0,0.0,0.0,0.0,0.0,0.0,59.6,68,11,65509,41,65476,0,300,0,0,8,20529,65476,0,0,61604,60.0,0.0,0.0,0.0,0.0,0.0
2026-04-04T11:39:30,ERR,ERR,ERR,ERR,ERR,ERR,ERR,ERR,ERR,ERR,ERR,ERR,ERR,ERR,ERR,ERR,ERR,ERR,ERR,ERR,ERR,ERR,ERR,ERR,ERR,ERR,ERR,ERR,ERR,ERR,ERR,ERR,ERR,ERR,ERR,ERR,ERR,ERR,ERR,ERR,ERR,ERR,ERR,ERR,ERR,ERR,ERR,ERR,ERR,ERR,ERR,ERR,ERR,ERR,ERR,ERR,ERR,ERR,ERR,ERR,ERR,ERR,ERR,ERR,ERR,ERR,ERR,ERR,ERR,ERR,ERR,ERR,ERR,ERR,ERR,ERR,ERR,ERR,ERR,ERR,ERR,ERR,ERR,ERR,ERR,ERR,ERR,ERR,ERR,ERR,ERR,ERR,ERR,ERR,ERR,ERR,ERR,ERR,ERR,ERR,ERR,ERR,ERR,ERR,ERR,ERR,ERR,ERR,ERR,ERR,ERR,ERR,ERR,ERR,ERR,ERR,ERR,ERR,ERR,ERR,ERR,ERR,ERR,ERR,ERR,0.0,-0.0,-101055584.0,0.0,0.0,0.0,0.0,nan,0,0,0,32768,0,0.0,0,0.0,0.0,0.0,0.0,0.0,0,0,0,0,0.0,0,0,0,0,0,0,0,0,0,0,0,0,0,0,0,0,0,0,0,0,0,0,0,0,0,0,0,0,0,0,0,0,0,0,0,0,0,0,0,0,0,0,0,0,0.0,0.0,0.0,0.0,0.0,0.0,0.0,0.0,0.0,0.0,0.0,0.0,0.0,0.0,0.0,0.0,0.0,0.0,0.0,0.0,0.0,0.0,-0.0,-2.004,-2.004,-0.0,0.0,0.0,0.0,0.0,3366.0,-8608106496.0,0.0,0.0,-0.0,-0.0,2.7184274988523002e+23,0.0,0.0,0.0,0.0,0,-89221.016,-2.308816440498921e+20,0.0,0.0,0.0,0.0,0.0,0.0,0.0,0,0,0,0.0,0.0,0.0,0.0,0.0,0.0,0.0,0.0,0.0,0.0,0.0,0.0,0.0,0.0,0.0,0.0,0,-107875648.0,0,0.0,0,-107875648.0,-107877712.0,0,0,17039,13107,17053,39322,17037,0,0,0,110,100,100,0.0,64.0,0.0,64.9,-107615304.0,68.5,1,49,50,180,0,26215,0,0,0.0,0.0,0.0,0.0,-9.676127412242629e+30,65.0,0.0,1.6470604531174988e+37,0.0,645,0,687,0,0,0,715,0,786,0,708,0,689,0,645,0,641,0,618,0.032,36962304.0,-0.0,0.0,54672,16788,-4.803078052066052e+36,1.6470604531174988e+37,-1.2341048551597064e+22,0.0,6709011546112.0,7.719241779324649e+18,29.0,60.0,70,0.0,0.0,0.0,0.0,0.0,0.0,0.0,0.0,0.0,0.0,0.0,0.0,0.0,0.0,0.0,0.0,59.6,68,11,65509,41,65476,0,300,0,0,8,20529,65476,0,0,61604,60.0,0.0,0.0,0.0,0.0,0.0
2026-04-04T11:39:31,ERR,ERR,ERR,ERR,ERR,ERR,ERR,ERR,ERR,ERR,ERR,ERR,ERR,ERR,ERR,ERR,ERR,ERR,ERR,ERR,ERR,ERR,ERR,ERR,ERR,ERR,ERR,ERR,ERR,ERR,ERR,ERR,ERR,ERR,ERR,ERR,ERR,ERR,ERR,ERR,ERR,ERR,ERR,ERR,ERR,ERR,ERR,ERR,ERR,ERR,ERR,ERR,ERR,ERR,ERR,ERR,ERR,ERR,ERR,ERR,ERR,ERR,ERR,ERR,ERR,ERR,ERR,ERR,ERR,ERR,ERR,ERR,ERR,ERR,ERR,ERR,ERR,ERR,ERR,ERR,ERR,ERR,ERR,ERR,ERR,ERR,ERR,ERR,ERR,ERR,ERR,ERR,ERR,ERR,ERR,ERR,ERR,ERR,ERR,ERR,ERR,ERR,ERR,ERR,ERR,ERR,ERR,ERR,ERR,ERR,ERR,ERR,ERR,ERR,ERR,ERR,ERR,ERR,ERR,ERR,ERR,ERR,ERR,ERR,ERR,0.0,-0.0,-101055584.0,0.0,0.0,0.0,0.0,nan,0,0,0,32768,0,0.0,0,0.0,0.0,0.0,0.0,0.0,0,0,0,0,0.0,0,0,0,0,0,0,0,0,0,0,0,0,0,0,0,0,0,0,0,0,0,0,0,0,0,0,0,0,0,0,0,0,0,0,0,0,0,0,0,0,0,0,0,0,0.0,0.0,0.0,0.0,0.0,0.0,0.0,0.0,0.0,0.0,0.0,0.0,0.0,0.0,0.0,0.0,0.0,0.0,0.0,0.0,0.0,0.0,-0.0,-2.004,-2.004,-0.0,0.0,0.0,0.0,0.0,3366.0,-8608106496.0,0.0,0.0,-0.0,-0.0,2.7184274988523002e+23,0.0,0.0,0.0,0.0,0,-89221.016,-2.308816440498921e+20,0.0,0.0,0.0,0.0,0.0,0.0,0.0,0,0,0,0.0,0.0,0.0,0.0,0.0,0.0,0.0,0.0,0.0,0.0,0.0,0.0,0.0,0.0,0.0,0.0,0,-107875648.0,0,0.0,0,-107875648.0,-107877712.0,0,0,17039,13107,17053,39322,17037,0,0,0,110,100,100,0.0,64.0,0.0,64.9,-107615304.0,68.5,1,49,50,180,0,26215,0,0,0.0,0.0,0.0,0.0,0.0,65.5,0.0,-0.0,0.0,645,0,687,0,0,0,715,0,786,0,708,0,689,0,645,0,641,0,618,0.032,36962304.0,-0.0,0.0,55952,16788,nan,-0.0,-1.0855301105143308e+35,0.0,1.6994794812844372e+21,9.321787476620394e+29,29.0,60.0,70,0.0,0.0,0.0,0.0,0.0,0.0,0.0,0.0,0.0,0.0,0.0,0.0,0.0,0.0,0.0,0.0,59.2,68,11,65509,41,65476,0,300,0,0,8,20529,65476,0,0,61604,60.0,0.0,0.0,0.0,0.0,0.0
2026-04-04T11:39:32,ERR,ERR,ERR,ERR,ERR,ERR,ERR,ERR,ERR,ERR,ERR,ERR,ERR,ERR,ERR,ERR,ERR,ERR,ERR,ERR,ERR,ERR,ERR,ERR,ERR,ERR,ERR,ERR,ERR,ERR,ERR,ERR,ERR,ERR,ERR,ERR,ERR,ERR,ERR,ERR,ERR,ERR,ERR,ERR,ERR,ERR,ERR,ERR,ERR,ERR,ERR,ERR,ERR,ERR,ERR,ERR,ERR,ERR,ERR,ERR,ERR,ERR,ERR,ERR,ERR,ERR,ERR,ERR,ERR,ERR,ERR,ERR,ERR,ERR,ERR,ERR,ERR,ERR,ERR,ERR,ERR,ERR,ERR,ERR,ERR,ERR,ERR,ERR,ERR,ERR,ERR,ERR,ERR,ERR,ERR,ERR,ERR,ERR,ERR,ERR,ERR,ERR,ERR,ERR,ERR,ERR,ERR,ERR,ERR,ERR,ERR,ERR,ERR,ERR,ERR,ERR,ERR,ERR,ERR,ERR,ERR,ERR,ERR,ERR,ERR,0.0,-0.0,-101055584.0,0.0,0.0,0.0,0.0,nan,0,0,0,32768,0,0.0,0,0.0,0.0,0.0,0.0,0.0,0,0,0,0,0.0,0,0,0,0,0,0,0,0,0,0,0,0,0,0,0,0,0,0,0,0,0,0,0,0,0,0,0,0,0,0,0,0,0,0,0,0,0,0,0,0,0,0,0,0,0.0,0.0,0.0,0.0,0.0,0.0,0.0,0.0,0.0,0.0,0.0,0.0,0.0,0.0,0.0,0.0,0.0,0.0,0.0,0.0,0.0,0.0,-0.0,-2.004,-2.004,-0.0,0.0,0.0,0.0,0.0,3366.0,-8608106496.0,0.0,0.0,-0.0,-0.0,2.7184274988523002e+23,0.0,0.0,0.0,0.0,0,-89221.016,-2.308816440498921e+20,0.0,0.0,0.0,0.0,0.0,0.0,0.0,0,0,0,0.0,0.0,0.0,0.0,0.0,0.0,0.0,0.0,0.0,0.0,0.0,0.0,0.0,0.0,0.0,0.0,0,-107875648.0,0,0.0,0,-107875648.0,-107877712.0,0,0,17039,13107,17053,39322,17037,0,0,0,110,100,100,0.0,64.0,0.0,64.9,-107615304.0,68.5,1,49,50,180,0,26215,0,0,0.0,0.0,0.0,0.0,0.0,65.5,0.0,-0.0,0.0,645,0,687,0,0,0,715,0,786,0,708,0,689,0,645,0,641,0,618,0.032,36962304.0,-0.0,0.0,55952,16788,nan,-0.0,-1.0855301105143308e+35,0.0,1.6994794812844372e+21,9.321787476620394e+29,29.0,60.0,70,0.0,0.0,0.0,0.0,0.0,0.0,0.0,0.0,0.0,0.0,0.0,0.0,0.0,0.0,0.0,0.0,59.2,68,11,65509,41,65476,0,300,0,0,8,20529,65476,0,0,61604,60.0,0.0,0.0,0.0,0.0,0.0
2026-04-04T11:39:33,ERR,ERR,ERR,ERR,ERR,ERR,ERR,ERR,ERR,ERR,ERR,ERR,ERR,ERR,ERR,ERR,ERR,ERR,ERR,ERR,ERR,ERR,ERR,ERR,ERR,ERR,ERR,ERR,ERR,ERR,ERR,ERR,ERR,ERR,ERR,ERR,ERR,ERR,ERR,ERR,ERR,ERR,ERR,ERR,ERR,ERR,ERR,ERR,ERR,ERR,ERR,ERR,ERR,ERR,ERR,ERR,ERR,ERR,ERR,ERR,ERR,ERR,ERR,ERR,ERR,ERR,ERR,ERR,ERR,ERR,ERR,ERR,ERR,ERR,ERR,ERR,ERR,ERR,ERR,ERR,ERR,ERR,ERR,ERR,ERR,ERR,ERR,ERR,ERR,ERR,ERR,ERR,ERR,ERR,ERR,ERR,ERR,ERR,ERR,ERR,ERR,ERR,ERR,ERR,ERR,ERR,ERR,ERR,ERR,ERR,ERR,ERR,ERR,ERR,ERR,ERR,ERR,ERR,ERR,ERR,ERR,ERR,ERR,ERR,ERR,0.0,-0.0,-101055584.0,0.0,0.0,0.0,0.0,nan,0,0,0,32768,0,0.0,0,0.0,0.0,0.0,0.0,0.0,0,0,0,0,0.0,0,0,0,0,0,0,0,0,0,0,0,0,0,0,0,0,0,0,0,0,0,0,0,0,0,0,0,0,0,0,0,0,0,0,0,0,0,0,0,0,0,0,0,0,0.0,0.0,0.0,0.0,0.0,0.0,0.0,0.0,0.0,0.0,0.0,0.0,0.0,0.0,0.0,0.0,0.0,0.0,0.0,0.0,0.0,0.0,-0.0,-2.004,-2.004,-0.0,0.0,0.0,0.0,0.0,3366.0,-8608106496.0,0.0,0.0,-0.0,-0.0,2.7184274988523002e+23,0.0,0.0,0.0,0.0,0,-89221.016,-2.308816440498921e+20,0.0,0.0,0.0,0.0,0.0,0.0,0.0,0,0,0,0.0,0.0,0.0,0.0,0.0,0.0,0.0,0.0,0.0,0.0,0.0,0.0,0.0,0.0,0.0,0.0,0,-107875648.0,0,0.0,0,-107875648.0,-107877712.0,0,0,17039,13107,17053,39322,17037,0,0,0,110,100,100,0.0,64.0,0.0,64.9,-107615304.0,68.5,1,49,50,180,0,26215,0,0,0.0,0.0,0.0,0.0,0.0,65.5,0.0,-0.0,0.0,645,0,687,0,0,0,715,0,786,0,708,0,689,0,645,0,641,0,618,0.032,36962304.0,-0.0,0.0,55952,16788,nan,-0.0,-1.0855301105143308e+35,0.0,1.6994794812844372e+21,9.321787476620394e+29,29.0,60.0,70,0.0,0.0,0.0,0.0,0.0,0.0,0.0,0.0,0.0,0.0,0.0,0.0,0.0,0.0,0.0,0.0,59.2,68,11,65509,41,65476,0,300,0,0,8,20529,65476,0,0,61604,60.0,0.0,0.0,0.0,0.0,0.0
2026-04-04T11:39:34,ERR,ERR,ERR,ERR,ERR,ERR,ERR,ERR,ERR,ERR,ERR,ERR,ERR,ERR,ERR,ERR,ERR,ERR,ERR,ERR,ERR,ERR,ERR,ERR,ERR,ERR,ERR,ERR,ERR,ERR,ERR,ERR,ERR,ERR,ERR,ERR,ERR,ERR,ERR,ERR,ERR,ERR,ERR,ERR,ERR,ERR,ERR,ERR,ERR,ERR,ERR,ERR,ERR,ERR,ERR,ERR,ERR,ERR,ERR,ERR,ERR,ERR,ERR,ERR,ERR,ERR,ERR,ERR,ERR,ERR,ERR,ERR,ERR,ERR,ERR,ERR,ERR,ERR,ERR,ERR,ERR,ERR,ERR,ERR,ERR,ERR,ERR,ERR,ERR,ERR,ERR,ERR,ERR,ERR,ERR,ERR,ERR,ERR,ERR,ERR,ERR,ERR,ERR,ERR,ERR,ERR,ERR,ERR,ERR,ERR,ERR,ERR,ERR,ERR,ERR,ERR,ERR,ERR,ERR,ERR,ERR,ERR,ERR,ERR,ERR,0.0,-0.0,-101055584.0,0.0,0.0,0.0,0.0,nan,0,0,0,32768,0,0.0,0,0.0,0.0,0.0,0.0,0.0,0,0,0,0,0.0,0,0,0,0,0,0,0,0,0,0,0,0,0,0,0,0,0,0,0,0,0,0,0,0,0,0,0,0,0,0,0,0,0,0,0,0,0,0,0,0,0,0,0,0,0.0,0.0,0.0,0.0,0.0,0.0,0.0,0.0,0.0,0.0,0.0,0.0,0.0,0.0,0.0,0.0,0.0,0.0,0.0,0.0,0.0,0.0,-0.0,-2.004,-2.004,-0.0,0.0,0.0,0.0,0.0,3366.0,-8608106496.0,0.0,0.0,-0.0,-0.0,2.7184274988523002e+23,0.0,0.0,0.0,0.0,0,-89221.016,-2.308816440498921e+20,0.0,0.0,0.0,0.0,0.0,0.0,0.0,0,0,0,0.0,0.0,0.0,0.0,0.0,0.0,0.0,0.0,0.0,0.0,0.0,0.0,0.0,0.0,0.0,0.0,0,-107875648.0,0,0.0,0,-107875648.0,-107877712.0,0,0,17039,13107,17053,39322,17037,0,0,0,110,100,100,0.0,64.0,0.0,64.9,-107615304.0,68.5,1,49,50,180,0,26215,0,0,0.0,0.0,0.0,0.0,0.0,65.5,0.0,-0.0,0.0,645,0,687,0,0,0,715,0,786,0,708,0,689,0,645,0,641,0,618,0.032,36962304.0,-0.0,0.0,55952,16788,nan,-0.0,-1.0855301105143308e+35,0.0,1.6994794812844372e+21,9.321787476620394e+29,29.0,60.0,70,0.0,0.0,0.0,0.0,0.0,0.0,0.0,0.0,0.0,0.0,0.0,0.0,0.0,0.0,0.0,0.0,59.2,68,11,65509,41,65476,0,300,0,0,8,20529,65476,0,0,61604,60.0,0.0,0.0,0.0,0.0,0.0
2026-04-04T11:39:35,ERR,ERR,ERR,ERR,ERR,ERR,ERR,ERR,ERR,ERR,ERR,ERR,ERR,ERR,ERR,ERR,ERR,ERR,ERR,ERR,ERR,ERR,ERR,ERR,ERR,ERR,ERR,ERR,ERR,ERR,ERR,ERR,ERR,ERR,ERR,ERR,ERR,ERR,ERR,ERR,ERR,ERR,ERR,ERR,ERR,ERR,ERR,ERR,ERR,ERR,ERR,ERR,ERR,ERR,ERR,ERR,ERR,ERR,ERR,ERR,ERR,ERR,ERR,ERR,ERR,ERR,ERR,ERR,ERR,ERR,ERR,ERR,ERR,ERR,ERR,ERR,ERR,ERR,ERR,ERR,ERR,ERR,ERR,ERR,ERR,ERR,ERR,ERR,ERR,ERR,ERR,ERR,ERR,ERR,ERR,ERR,ERR,ERR,ERR,ERR,ERR,ERR,ERR,ERR,ERR,ERR,ERR,ERR,ERR,ERR,ERR,ERR,ERR,ERR,ERR,ERR,ERR,ERR,ERR,ERR,ERR,ERR,ERR,ERR,ERR,0.0,-0.0,-101055584.0,0.0,0.0,0.0,0.0,nan,0,0,0,32768,0,0.0,0,0.0,0.0,0.0,0.0,0.0,0,0,0,0,0.0,0,0,0,0,0,0,0,0,0,0,0,0,0,0,0,0,0,0,0,0,0,0,0,0,0,0,0,0,0,0,0,0,0,0,0,0,0,0,0,0,0,0,0,0,0.0,0.0,0.0,0.0,0.0,0.0,0.0,0.0,0.0,0.0,0.0,0.0,0.0,0.0,0.0,0.0,0.0,0.0,0.0,0.0,0.0,0.0,-0.0,-2.004,-2.004,-0.0,0.0,0.0,0.0,0.0,3381.0,0.0,0.0,0.0,-0.0,-0.0,2.7184274988523002e+23,0.0,0.0,0.0,0.0,0,-71.63,0.0,0.0,0.0,0.0,0.0,0.0,0.0,0.0,0,0,0,0.0,0.0,0.0,0.0,0.0,0.0,0.0,0.0,0.0,0.0,0.0,0.0,0.0,0.0,0.0,0.0,0,-107875648.0,0,0.0,0,-107875648.0,-107877712.0,0,0,17039,13107,17053,39322,17037,0,0,0,110,100,100,0.0,64.0,0.0,64.9,-107615304.0,68.5,1,49,50,180,0,26215,0,0,0.0,0.0,0.0,0.0,0.0,65.5,0.0,-0.0,0.0,645,0,687,0,0,0,715,0,786,0,708,0,689,0,645,0,641,0,618,0.032,36962304.0,-0.0,0.0,55952,16788,nan,-0.0,-1.0855301105143308e+35,0.0,1.6994794812844372e+21,9.321787476620394e+29,29.0,60.0,70,0.0,0.0,0.0,0.0,0.0,0.0,0.0,0.0,0.0,0.0,0.0,0.0,0.0,0.0,0.0,0.0,59.2,68,11,65509,41,65476,0,300,0,0,8,20529,65476,0,0,61604,60.0,0.0,0.0,0.0,0.0,0.0
2026-04-04T11:39:36,ERR,ERR,ERR,ERR,ERR,ERR,ERR,ERR,ERR,ERR,ERR,ERR,ERR,ERR,ERR,ERR,ERR,ERR,ERR,ERR,ERR,ERR,ERR,ERR,ERR,ERR,ERR,ERR,ERR,ERR,ERR,ERR,ERR,ERR,ERR,ERR,ERR,ERR,ERR,ERR,ERR,ERR,ERR,ERR,ERR,ERR,ERR,ERR,ERR,ERR,ERR,ERR,ERR,ERR,ERR,ERR,ERR,ERR,ERR,ERR,ERR,ERR,ERR,ERR,ERR,ERR,ERR,ERR,ERR,ERR,ERR,ERR,ERR,ERR,ERR,ERR,ERR,ERR,ERR,ERR,ERR,ERR,ERR,ERR,ERR,ERR,ERR,ERR,ERR,ERR,ERR,ERR,ERR,ERR,ERR,ERR,ERR,ERR,ERR,ERR,ERR,ERR,ERR,ERR,ERR,ERR,ERR,ERR,ERR,ERR,ERR,ERR,ERR,ERR,ERR,ERR,ERR,ERR,ERR,ERR,ERR,ERR,ERR,ERR,ERR,0.0,-0.0,-101055584.0,0.0,0.0,0.0,0.0,nan,0,0,0,32768,0,0.0,0,0.0,0.0,0.0,0.0,0.0,0,0,0,0,0.0,0,0,0,0,0,0,0,0,0,0,0,0,0,0,0,0,0,0,0,0,0,0,0,0,0,0,0,0,0,0,0,0,0,0,0,0,0,0,0,0,0,0,0,0,0.0,0.0,0.0,0.0,0.0,0.0,0.0,0.0,0.0,0.0,0.0,0.0,0.0,0.0,0.0,0.0,0.0,0.0,0.0,0.0,0.0,0.0,-0.0,-2.004,-2.004,-0.0,0.0,0.0,0.0,0.0,3381.0,0.0,0.0,0.0,-0.0,-0.0,2.7184274988523002e+23,0.0,0.0,0.0,0.0,0,-71.63,0.0,0.0,0.0,0.0,0.0,0.0,0.0,0.0,0,0,0,0.0,0.0,0.0,0.0,0.0,0.0,0.0,0.0,0.0,0.0,0.0,0.0,0.0,0.0,0.0,0.0,0,-107875648.0,0,0.0,0,-107875648.0,-107877712.0,0,0,17039,13107,17053,39322,17037,0,0,0,110,100,100,0.0,64.0,0.0,64.9,-107615304.0,68.5,1,49,50,180,0,26215,0,0,0.0,0.0,0.0,0.0,0.0,65.5,0.0,-0.0,0.0,645,0,687,0,0,0,715,0,786,0,708,0,689,0,645,0,641,0,618,0.032,36962304.0,-0.0,0.0,55952,16788,nan,-0.0,-1.0855301105143308e+35,0.0,1.6994794812844372e+21,9.321787476620394e+29,29.0,60.0,70,0.0,0.0,0.0,0.0,0.0,0.0,0.0,0.0,0.0,0.0,0.0,0.0,0.0,0.0,0.0,0.0,59.2,68,11,65509,41,65476,0,300,0,0,8,20529,65476,0,0,61604,60.0,0.0,0.0,0.0,0.0,0.0
2026-04-04T11:39:37,ERR,ERR,ERR,ERR,ERR,ERR,ERR,ERR,ERR,ERR,ERR,ERR,ERR,ERR,ERR,ERR,ERR,ERR,ERR,ERR,ERR,ERR,ERR,ERR,ERR,ERR,ERR,ERR,ERR,ERR,ERR,ERR,ERR,ERR,ERR,ERR,ERR,ERR,ERR,ERR,ERR,ERR,ERR,ERR,ERR,ERR,ERR,ERR,ERR,ERR,ERR,ERR,ERR,ERR,ERR,ERR,ERR,ERR,ERR,ERR,ERR,ERR,ERR,ERR,ERR,ERR,ERR,ERR,ERR,ERR,ERR,ERR,ERR,ERR,ERR,ERR,ERR,ERR,ERR,ERR,ERR,ERR,ERR,ERR,ERR,ERR,ERR,ERR,ERR,ERR,ERR,ERR,ERR,ERR,ERR,ERR,ERR,ERR,ERR,ERR,ERR,ERR,ERR,ERR,ERR,ERR,ERR,ERR,ERR,ERR,ERR,ERR,ERR,ERR,ERR,ERR,ERR,ERR,ERR,ERR,ERR,ERR,ERR,ERR,ERR,0.0,-0.0,-101055584.0,0.0,0.0,0.0,0.0,nan,0,0,0,32768,0,0.0,0,0.0,0.0,0.0,0.0,0.0,0,0,0,0,0.0,0,0,0,0,0,0,0,0,0,0,0,0,0,0,0,0,0,0,0,0,0,0,0,0,0,0,0,0,0,0,0,0,0,0,0,0,0,0,0,0,0,0,0,0,0.0,0.0,0.0,0.0,0.0,0.0,0.0,0.0,0.0,0.0,0.0,0.0,0.0,0.0,0.0,0.0,0.0,0.0,0.0,0.0,0.0,0.0,-0.0,-2.004,-2.004,-0.0,0.0,0.0,0.0,0.0,3381.0,0.0,0.0,0.0,-0.0,-0.0,2.7184274988523002e+23,0.0,0.0,0.0,0.0,0,-71.63,0.0,0.0,0.0,0.0,0.0,0.0,0.0,0.0,0,0,0,0.0,0.0,0.0,0.0,0.0,0.0,0.0,0.0,0.0,0.0,0.0,0.0,0.0,0.0,0.0,0.0,0,-107875648.0,0,0.0,0,-107875648.0,-107877712.0,0,0,17039,13107,17053,39322,17037,0,0,0,110,100,100,0.0,64.0,0.0,64.9,-107615304.0,68.5,1,49,50,180,0,26215,0,0,0.0,0.0,0.0,0.0,-9.381011820441508e+33,65.0,0.0,-0.0,0.0,645,0,687,0,0,0,715,0,786,0,708,0,689,0,645,0,641,0,618,0.032,36700160.0,-0.0,0.0,4880,16789,-2.2473888467109427e+37,-0.0,0.0,2.0222092601691556e+21,7.992979971745872e+23,3.128602223899557e+33,29.0,60.0,70,0.0,0.0,0.0,0.0,0.0,0.0,0.0,0.0,0.0,0.0,0.0,0.0,0.0,0.0,0.0,0.0,59.2,68,11,65509,41,65476,0,300,0,0,8,20529,65476,0,0,61604,60.0,0.0,0.0,0.0,0.0,0.0
2026-04-04T11:39:38,ERR,ERR,ERR,ERR,ERR,ERR,ERR,ERR,ERR,ERR,ERR,ERR,ERR,ERR,ERR,ERR,ERR,ERR,ERR,ERR,ERR,ERR,ERR,ERR,ERR,ERR,ERR,ERR,ERR,ERR,ERR,ERR,ERR,ERR,ERR,ERR,ERR,ERR,ERR,ERR,ERR,ERR,ERR,ERR,ERR,ERR,ERR,ERR,ERR,ERR,ERR,ERR,ERR,ERR,ERR,ERR,ERR,ERR,ERR,ERR,ERR,ERR,ERR,ERR,ERR,ERR,ERR,ERR,ERR,ERR,ERR,ERR,ERR,ERR,ERR,ERR,ERR,ERR,ERR,ERR,ERR,ERR,ERR,ERR,ERR,ERR,ERR,ERR,ERR,ERR,ERR,ERR,ERR,ERR,ERR,ERR,ERR,ERR,ERR,ERR,ERR,ERR,ERR,ERR,ERR,ERR,ERR,ERR,ERR,ERR,ERR,ERR,ERR,ERR,ERR,ERR,ERR,ERR,ERR,ERR,ERR,ERR,ERR,ERR,ERR,0.0,-0.0,-101055584.0,0.0,0.0,0.0,0.0,nan,0,0,0,32768,0,0.0,0,0.0,0.0,0.0,0.0,0.0,0,0,0,0,0.0,0,0,0,0,0,0,0,0,0,0,0,0,0,0,0,0,0,0,0,0,0,0,0,0,0,0,0,0,0,0,0,0,0,0,0,0,0,0,0,0,0,0,0,0,0.0,0.0,0.0,0.0,0.0,0.0,0.0,0.0,0.0,0.0,0.0,0.0,0.0,0.0,0.0,0.0,0.0,0.0,0.0,0.0,0.0,0.0,-0.0,-2.004,-2.004,-0.0,0.0,0.0,0.0,0.0,3381.0,0.0,0.0,0.0,-0.0,-0.0,2.7184274988523002e+23,0.0,0.0,0.0,0.0,0,-71.63,0.0,0.0,0.0,0.0,0.0,0.0,0.0,0.0,0,0,0,0.0,0.0,0.0,0.0,0.0,0.0,0.0,0.0,0.0,0.0,0.0,0.0,0.0,0.0,0.0,0.0,0,-107875648.0,0,0.0,0,-107875648.0,-107877712.0,0,0,17039,13107,17053,39322,17037,0,0,0,110,100,100,0.0,64.0,0.0,64.9,-107615304.0,68.5,1,49,50,180,0,26215,0,0,0.0,0.0,0.0,0.0,-9.381011820441508e+33,65.0,0.0,-0.0,0.0,645,0,687,0,0,0,715,0,786,0,708,0,689,0,645,0,641,0,618,0.032,36700160.0,-0.0,0.0,4880,16789,-2.2473888467109427e+37,-0.0,0.0,2.0222092601691556e+21,7.992979971745872e+23,3.128602223899557e+33,29.0,60.0,70,0.0,0.0,0.0,0.0,0.0,0.0,0.0,0.0,0.0,0.0,0.0,0.0,0.0,0.0,0.0,0.0,59.2,68,11,65509,41,65476,0,300,0,0,8,20529,65476,0,0,61604,60.0,0.0,0.0,0.0,0.0,0.0
2026-04-04T11:39:39,ERR,ERR,ERR,ERR,ERR,ERR,ERR,ERR,ERR,ERR,ERR,ERR,ERR,ERR,ERR,ERR,ERR,ERR,ERR,ERR,ERR,ERR,ERR,ERR,ERR,ERR,ERR,ERR,ERR,ERR,ERR,ERR,ERR,ERR,ERR,ERR,ERR,ERR,ERR,ERR,ERR,ERR,ERR,ERR,ERR,ERR,ERR,ERR,ERR,ERR,ERR,ERR,ERR,ERR,ERR,ERR,ERR,ERR,ERR,ERR,ERR,ERR,ERR,ERR,ERR,ERR,ERR,ERR,ERR,ERR,ERR,ERR,ERR,ERR,ERR,ERR,ERR,ERR,ERR,ERR,ERR,ERR,ERR,ERR,ERR,ERR,ERR,ERR,ERR,ERR,ERR,ERR,ERR,ERR,ERR,ERR,ERR,ERR,ERR,ERR,ERR,ERR,ERR,ERR,ERR,ERR,ERR,ERR,ERR,ERR,ERR,ERR,ERR,ERR,ERR,ERR,ERR,ERR,ERR,ERR,ERR,ERR,ERR,ERR,ERR,0.0,-0.0,-101055584.0,0.0,0.0,0.0,0.0,nan,0,0,0,32768,0,0.0,0,0.0,0.0,0.0,0.0,0.0,0,0,0,0,0.0,0,0,0,0,0,0,0,0,0,0,0,0,0,0,0,0,0,0,0,0,0,0,0,0,0,0,0,0,0,0,0,0,0,0,0,0,0,0,0,0,0,0,0,0,0.0,0.0,0.0,0.0,0.0,0.0,0.0,0.0,0.0,0.0,0.0,0.0,0.0,0.0,0.0,0.0,0.0,0.0,0.0,0.0,0.0,0.0,-0.0,-2.004,-2.004,-0.0,0.0,0.0,0.0,0.0,3381.0,0.0,0.0,0.0,-0.0,-0.0,2.7184274988523002e+23,0.0,0.0,0.0,0.0,0,-71.63,0.0,0.0,0.0,0.0,0.0,0.0,0.0,0.0,0,0,0,0.0,0.0,0.0,0.0,0.0,0.0,0.0,0.0,0.0,0.0,0.0,0.0,0.0,0.0,0.0,0.0,0,-107875648.0,0,0.0,0,-107875648.0,-107877712.0,0,0,17039,13107,17053,39322,17037,0,0,0,110,100,100,0.0,64.0,0.0,64.9,-107615304.0,68.5,1,49,50,180,0,26215,0,0,0.0,0.0,0.0,0.0,-9.381011820441508e+33,65.0,0.0,-0.0,0.0,645,0,687,0,0,0,715,0,786,0,708,0,689,0,645,0,641,0,618,0.032,36700160.0,-0.0,0.0,4880,16789,-2.2473888467109427e+37,-0.0,0.0,2.0222092601691556e+21,7.992979971745872e+23,3.128602223899557e+33,29.0,60.0,70,0.0,0.0,0.0,0.0,0.0,0.0,0.0,0.0,0.0,0.0,0.0,0.0,0.0,0.0,0.0,0.0,59.2,68,11,65509,41,65476,0,300,0,0,8,20529,65476,0,0,61604,60.0,0.0,0.0,0.0,0.0,0.0
2026-04-04T11:39:40,ERR,ERR,ERR,ERR,ERR,ERR,ERR,ERR,ERR,ERR,ERR,ERR,ERR,ERR,ERR,ERR,ERR,ERR,ERR,ERR,ERR,ERR,ERR,ERR,ERR,ERR,ERR,ERR,ERR,ERR,ERR,ERR,ERR,ERR,ERR,ERR,ERR,ERR,ERR,ERR,ERR,ERR,ERR,ERR,ERR,ERR,ERR,ERR,ERR,ERR,ERR,ERR,ERR,ERR,ERR,ERR,ERR,ERR,ERR,ERR,ERR,ERR,ERR,ERR,ERR,ERR,ERR,ERR,ERR,ERR,ERR,ERR,ERR,ERR,ERR,ERR,ERR,ERR,ERR,ERR,ERR,ERR,ERR,ERR,ERR,ERR,ERR,ERR,ERR,ERR,ERR,ERR,ERR,ERR,ERR,ERR,ERR,ERR,ERR,ERR,ERR,ERR,ERR,ERR,ERR,ERR,ERR,ERR,ERR,ERR,ERR,ERR,ERR,ERR,ERR,ERR,ERR,ERR,ERR,ERR,ERR,ERR,ERR,ERR,ERR,0.0,-0.0,-101055584.0,0.0,0.0,0.0,0.0,nan,0,0,0,32768,0,0.0,0,0.0,0.0,0.0,0.0,0.0,0,0,0,0,0.0,0,0,0,0,0,0,0,0,0,0,0,0,0,0,0,0,0,0,0,0,0,0,0,0,0,0,0,0,0,0,0,0,0,0,0,0,0,0,0,0,0,0,0,0,0.0,0.0,0.0,0.0,0.0,0.0,0.0,0.0,0.0,0.0,0.0,0.0,0.0,0.0,0.0,0.0,0.0,0.0,0.0,0.0,0.0,0.0,-0.0,-2.004,-2.004,-0.0,0.0,0.0,0.0,0.0,3381.0,0.0,0.0,0.0,-0.0,-0.0,2.7184274988523002e+23,0.0,0.0,0.0,0.0,0,-71.63,0.0,0.0,0.0,0.0,0.0,0.0,0.0,0.0,0,0,0,0.0,0.0,0.0,0.0,0.0,0.0,0.0,0.0,0.0,0.0,0.0,0.0,0.0,0.0,0.0,0.0,0,-107875648.0,0,0.0,0,-107875648.0,-107877712.0,0,0,17039,13107,17053,39322,17037,0,0,0,110,100,100,0.0,64.0,0.0,64.9,-107615304.0,68.5,1,49,50,180,0,26215,0,0,0.0,0.0,0.0,0.0,-9.381011820441508e+33,65.0,0.0,-0.0,0.0,645,0,687,0,0,0,715,0,786,0,708,0,689,0,645,0,641,0,618,0.032,36700160.0,-0.0,0.0,4880,16789,-2.2473888467109427e+37,-0.0,0.0,2.0222092601691556e+21,7.992979971745872e+23,3.128602223899557e+33,29.0,60.0,70,0.0,0.0,0.0,0.0,0.0,0.0,0.0,0.0,0.0,0.0,0.0,0.0,0.0,0.0,0.0,0.0,59.6,68,11,65509,41,65476,0,300,0,0,8,20529,65476,0,0,61604,60.0,0.0,0.0,0.0,0.0,0.0
2026-04-04T11:39:41,ERR,ERR,ERR,ERR,ERR,ERR,ERR,ERR,ERR,ERR,ERR,ERR,ERR,ERR,ERR,ERR,ERR,ERR,ERR,ERR,ERR,ERR,ERR,ERR,ERR,ERR,ERR,ERR,ERR,ERR,ERR,ERR,ERR,ERR,ERR,ERR,ERR,ERR,ERR,ERR,ERR,ERR,ERR,ERR,ERR,ERR,ERR,ERR,ERR,ERR,ERR,ERR,ERR,ERR,ERR,ERR,ERR,ERR,ERR,ERR,ERR,ERR,ERR,ERR,ERR,ERR,ERR,ERR,ERR,ERR,ERR,ERR,ERR,ERR,ERR,ERR,ERR,ERR,ERR,ERR,ERR,ERR,ERR,ERR,ERR,ERR,ERR,ERR,ERR,ERR,ERR,ERR,ERR,ERR,ERR,ERR,ERR,ERR,ERR,ERR,ERR,ERR,ERR,ERR,ERR,ERR,ERR,ERR,ERR,ERR,ERR,ERR,ERR,ERR,ERR,ERR,ERR,ERR,ERR,ERR,ERR,ERR,ERR,ERR,ERR,0.0,0.0,-0.0,0.0,0.0,0.0,0.0,nan,0,0,0,32768,0,0.0,0,0.0,0.0,0.0,0.0,0.0,0,0,0,0,0.0,0,0,0,0,0,0,0,0,0,0,0,0,0,0,0,0,0,0,0,0,0,0,0,0,0,0,0,0,0,0,0,0,0,0,0,0,0,0,0,0,0,0,0,0,0.0,0.0,0.0,0.0,0.0,0.0,0.0,0.0,0.0,0.0,0.0,0.0,0.0,0.0,0.0,0.0,0.0,0.0,0.0,0.0,0.0,0.0,-0.0,-0.0,-2.004,-0.0,0.0,0.0,0.0,0.0,3382.5,0.0,0.0,0.0,-0.0,-0.0,2.7184274988523002e+23,0.0,0.0,0.0,0.0,0,-107615248.0,0.0,0.0,0.0,0.0,0.0,0.0,0.0,0.0,0,0,0,0.0,0.0,0.0,0.0,0.0,0.0,0.0,0.0,0.0,0.0,0.0,0.0,0.0,0.0,0.0,0.0,0,-107875648.0,0,0.0,0,-107875648.0,-107877712.0,0,0,17039,13107,17053,39322,17037,0,0,0,110,100,100,0.0,64.0,0.0,64.9,-107615304.0,68.5,1,49,50,180,0,26215,0,0,0.0,0.0,0.0,0.0,0.0,65.5,0.0,0.0,0.0,645,0,687,0,0,0,715,0,786,0,708,0,689,0,645,0,641,0,618,0.032,36962304.0,-0.0,0.0,60688,16788,0.0,0.0,-0.0,-7937992.5,0.0,0.0,29.0,60.0,70,0.0,0.0,0.0,0.0,0.0,0.0,0.0,0.0,0.0,0.0,0.0,0.0,0.0,0.0,0.0,0.0,59.6,68,11,65509,41,65476,0,300,0,0,8,20529,65476,0,0,61604,60.0,0.0,0.0,0.0,0.0,0.0
2026-04-04T11:39:42,ERR,ERR,ERR,ERR,ERR,ERR,ERR,ERR,ERR,ERR,ERR,ERR,ERR,ERR,ERR,ERR,ERR,ERR,ERR,ERR,ERR,ERR,ERR,ERR,ERR,ERR,ERR,ERR,ERR,ERR,ERR,ERR,ERR,ERR,ERR,ERR,ERR,ERR,ERR,ERR,ERR,ERR,ERR,ERR,ERR,ERR,ERR,ERR,ERR,ERR,ERR,ERR,ERR,ERR,ERR,ERR,ERR,ERR,ERR,ERR,ERR,ERR,ERR,ERR,ERR,ERR,ERR,ERR,ERR,ERR,ERR,ERR,ERR,ERR,ERR,ERR,ERR,ERR,ERR,ERR,ERR,ERR,ERR,ERR,ERR,ERR,ERR,ERR,ERR,ERR,ERR,ERR,ERR,ERR,ERR,ERR,ERR,ERR,ERR,ERR,ERR,ERR,ERR,ERR,ERR,ERR,ERR,ERR,ERR,ERR,ERR,ERR,ERR,ERR,ERR,ERR,ERR,ERR,ERR,ERR,ERR,ERR,ERR,ERR,ERR,0.0,0.0,-0.0,0.0,0.0,0.0,0.0,nan,0,0,0,32768,0,0.0,0,0.0,0.0,0.0,0.0,0.0,0,0,0,0,0.0,0,0,0,0,0,0,0,0,0,0,0,0,0,0,0,0,0,0,0,0,0,0,0,0,0,0,0,0,0,0,0,0,0,0,0,0,0,0,0,0,0,0,0,0,0.0,0.0,0.0,0.0,0.0,0.0,0.0,0.0,0.0,0.0,0.0,0.0,0.0,0.0,0.0,0.0,0.0,0.0,0.0,0.0,0.0,0.0,-0.0,-0.0,-2.004,-0.0,0.0,0.0,0.0,0.0,3382.5,0.0,0.0,0.0,-0.0,-0.0,2.7184274988523002e+23,0.0,0.0,0.0,0.0,0,-107615248.0,0.0,0.0,0.0,0.0,0.0,0.0,0.0,0.0,0,0,0,0.0,0.0,0.0,0.0,0.0,0.0,0.0,0.0,0.0,0.0,0.0,0.0,0.0,0.0,0.0,0.0,0,-107875648.0,0,0.0,0,-107875648.0,-107877712.0,0,0,17039,13107,17053,39322,17037,0,0,0,110,100,100,0.0,64.0,0.0,64.9,-107615304.0,68.5,1,49,50,180,0,26215,0,0,0.0,0.0,0.0,0.0,0.0,65.5,0.0,0.0,0.0,645,0,687,0,0,0,715,0,786,0,708,0,689,0,645,0,641,0,618,0.032,36962304.0,-0.0,0.0,60688,16788,0.0,0.0,-0.0,-7937992.5,0.0,0.0,29.0,60.0,70,0.0,0.0,0.0,0.0,0.0,0.0,0.0,0.0,0.0,0.0,0.0,0.0,0.0,0.0,0.0,0.0,59.6,68,11,65509,41,65476,0,300,0,0,8,20529,65476,0,0,61604,60.0,0.0,0.0,0.0,0.0,0.0
2026-04-04T11:39:43,ERR,ERR,ERR,ERR,ERR,ERR,ERR,ERR,ERR,ERR,ERR,ERR,ERR,ERR,ERR,ERR,ERR,ERR,ERR,ERR,ERR,ERR,ERR,ERR,ERR,ERR,ERR,ERR,ERR,ERR,ERR,ERR,ERR,ERR,ERR,ERR,ERR,ERR,ERR,ERR,ERR,ERR,ERR,ERR,ERR,ERR,ERR,ERR,ERR,ERR,ERR,ERR,ERR,ERR,ERR,ERR,ERR,ERR,ERR,ERR,ERR,ERR,ERR,ERR,ERR,ERR,ERR,ERR,ERR,ERR,ERR,ERR,ERR,ERR,ERR,ERR,ERR,ERR,ERR,ERR,ERR,ERR,ERR,ERR,ERR,ERR,ERR,ERR,ERR,ERR,ERR,ERR,ERR,ERR,ERR,ERR,ERR,ERR,ERR,ERR,ERR,ERR,ERR,ERR,ERR,ERR,ERR,ERR,ERR,ERR,ERR,ERR,ERR,ERR,ERR,ERR,ERR,ERR,ERR,ERR,ERR,ERR,ERR,ERR,ERR,0.0,0.0,-0.0,0.0,0.0,0.0,0.0,nan,0,0,0,32768,0,0.0,0,0.0,0.0,0.0,0.0,0.0,0,0,0,0,0.0,0,0,0,0,0,0,0,0,0,0,0,0,0,0,0,0,0,0,0,0,0,0,0,0,0,0,0,0,0,0,0,0,0,0,0,0,0,0,0,0,0,0,0,0,0.0,0.0,0.0,0.0,0.0,0.0,0.0,0.0,0.0,0.0,0.0,0.0,0.0,0.0,0.0,0.0,0.0,0.0,0.0,0.0,0.0,0.0,-0.0,-0.0,-2.004,-0.0,0.0,0.0,0.0,0.0,3382.5,0.0,0.0,0.0,-0.0,-0.0,2.7184274988523002e+23,0.0,0.0,0.0,0.0,0,-107615248.0,0.0,0.0,0.0,0.0,0.0,0.0,0.0,0.0,0,0,0,0.0,0.0,0.0,0.0,0.0,0.0,0.0,0.0,0.0,0.0,0.0,0.0,0.0,0.0,0.0,0.0,0,-107875648.0,0,0.0,0,-107875648.0,-107877712.0,0,0,17039,13107,17053,39322,17037,0,0,0,110,100,100,0.0,64.0,0.0,64.9,-107615304.0,68.5,1,49,50,180,0,26215,0,0,0.0,0.0,0.0,0.0,0.0,65.5,0.0,0.0,0.0,645,0,687,0,0,0,715,0,786,0,708,0,689,0,645,0,641,0,618,0.032,36962304.0,-0.0,0.0,60688,16788,0.0,0.0,-0.0,-7937992.5,0.0,0.0,29.0,60.0,70,0.0,0.0,0.0,0.0,0.0,0.0,0.0,0.0,0.0,0.0,0.0,0.0,0.0,0.0,0.0,0.0,59.2,68,11,65509,41,65476,0,300,0,0,8,20529,65476,0,0,61604,60.0,0.0,0.0,0.0,0.0,0.0
2026-04-04T11:39:44,ERR,ERR,ERR,ERR,ERR,ERR,ERR,ERR,ERR,ERR,ERR,ERR,ERR,ERR,ERR,ERR,ERR,ERR,ERR,ERR,ERR,ERR,ERR,ERR,ERR,ERR,ERR,ERR,ERR,ERR,ERR,ERR,ERR,ERR,ERR,ERR,ERR,ERR,ERR,ERR,ERR,ERR,ERR,ERR,ERR,ERR,ERR,ERR,ERR,ERR,ERR,ERR,ERR,ERR,ERR,ERR,ERR,ERR,ERR,ERR,ERR,ERR,ERR,ERR,ERR,ERR,ERR,ERR,ERR,ERR,ERR,ERR,ERR,ERR,ERR,ERR,ERR,ERR,ERR,ERR,ERR,ERR,ERR,ERR,ERR,ERR,ERR,ERR,ERR,ERR,ERR,ERR,ERR,ERR,ERR,ERR,ERR,ERR,ERR,ERR,ERR,ERR,ERR,ERR,ERR,ERR,ERR,ERR,ERR,ERR,ERR,ERR,ERR,ERR,ERR,ERR,ERR,ERR,ERR,ERR,ERR,ERR,ERR,ERR,ERR,0.0,0.0,-0.0,0.0,0.0,0.0,0.0,nan,0,0,0,32768,0,0.0,0,0.0,0.0,0.0,0.0,0.0,0,0,0,0,0.0,0,0,0,0,0,0,0,0,0,0,0,0,0,0,0,0,0,0,0,0,0,0,0,0,0,0,0,0,0,0,0,0,0,0,0,0,0,0,0,0,0,0,0,0,0.0,0.0,0.0,0.0,0.0,0.0,0.0,0.0,0.0,0.0,0.0,0.0,0.0,0.0,0.0,0.0,0.0,0.0,0.0,0.0,0.0,0.0,-0.0,-0.0,-2.004,-0.0,0.0,0.0,0.0,0.0,3382.5,0.0,0.0,0.0,-0.0,-0.0,2.7184274988523002e+23,0.0,0.0,0.0,0.0,0,-107615248.0,0.0,0.0,0.0,0.0,0.0,0.0,0.0,0.0,0,0,0,0.0,0.0,0.0,0.0,0.0,0.0,0.0,0.0,0.0,0.0,0.0,0.0,0.0,0.0,0.0,0.0,0,-107875648.0,0,0.0,0,-107875648.0,-107877712.0,0,0,17039,13107,17053,39322,17037,0,0,0,110,100,100,0.0,64.0,0.0,64.9,-107615304.0,68.5,1,49,50,180,0,26215,0,0,0.0,0.0,0.0,0.0,0.0,65.5,0.0,0.0,0.0,645,0,687,0,0,0,715,0,786,0,708,0,689,0,645,0,641,0,618,0.032,36962304.0,-0.0,0.0,60688,16788,0.0,0.0,-0.0,-7937992.5,0.0,0.0,29.0,60.0,70,0.0,0.0,0.0,0.0,0.0,0.0,0.0,0.0,0.0,0.0,0.0,0.0,0.0,0.0,0.0,0.0,59.2,68,11,65509,41,65476,0,300,0,0,8,20529,65476,0,0,61604,60.0,0.0,0.0,0.0,0.0,0.0
2026-04-04T11:39:45,ERR,ERR,ERR,ERR,ERR,ERR,ERR,ERR,ERR,ERR,ERR,ERR,ERR,ERR,ERR,ERR,ERR,ERR,ERR,ERR,ERR,ERR,ERR,ERR,ERR,ERR,ERR,ERR,ERR,ERR,ERR,ERR,ERR,ERR,ERR,ERR,ERR,ERR,ERR,ERR,ERR,ERR,ERR,ERR,ERR,ERR,ERR,ERR,ERR,ERR,ERR,ERR,ERR,ERR,ERR,ERR,ERR,ERR,ERR,ERR,ERR,ERR,ERR,ERR,ERR,ERR,ERR,ERR,ERR,ERR,ERR,ERR,ERR,ERR,ERR,ERR,ERR,ERR,ERR,ERR,ERR,ERR,ERR,ERR,ERR,ERR,ERR,ERR,ERR,ERR,ERR,ERR,ERR,ERR,ERR,ERR,ERR,ERR,ERR,ERR,ERR,ERR,ERR,ERR,ERR,ERR,ERR,ERR,ERR,ERR,ERR,ERR,ERR,ERR,ERR,ERR,ERR,ERR,ERR,ERR,ERR,ERR,ERR,ERR,ERR,0.0,0.0,-0.0,0.0,0.0,0.0,0.0,nan,0,0,0,32768,0,0.0,0,0.0,0.0,0.0,0.0,0.0,0,0,0,0,0.0,0,0,0,0,0,0,0,0,0,0,0,0,0,0,0,0,0,0,0,0,0,0,0,0,0,0,0,0,0,0,0,0,0,0,0,0,0,0,0,0,0,0,0,0,0.0,0.0,0.0,0.0,0.0,0.0,0.0,0.0,0.0,0.0,0.0,0.0,0.0,0.0,0.0,0.0,0.0,0.0,0.0,0.0,0.0,0.0,-0.0,-0.0,-2.004,-0.0,0.0,0.0,0.0,0.0,3382.5,0.0,0.0,0.0,-0.0,-0.0,2.7184274988523002e+23,0.0,0.0,0.0,0.0,0,-107615248.0,0.0,0.0,0.0,0.0,0.0,0.0,0.0,0.0,0,0,0,0.0,0.0,0.0,0.0,0.0,0.0,0.0,0.0,0.0,0.0,0.0,0.0,0.0,0.0,0.0,0.0,0,-107875648.0,0,0.0,0,-107875648.0,-107877712.0,0,0,17039,13107,17053,39322,17037,0,0,0,110,100,100,0.0,64.0,0.0,64.9,-107615304.0,68.5,1,49,50,180,0,26215,0,0,0.0,0.0,0.0,0.0,0.0,65.5,0.0,0.0,0.0,645,0,687,0,0,0,715,0,786,0,708,0,689,0,645,0,641,0,618,0.032,36962304.0,-0.0,0.0,60688,16788,0.0,0.0,-0.0,-7937992.5,0.0,0.0,29.0,60.0,70,0.0,0.0,0.0,0.0,0.0,0.0,0.0,0.0,0.0,0.0,0.0,0.0,0.0,0.0,0.0,0.0,59.2,68,11,65509,41,65476,0,300,0,0,8,20529,65476,0,0,61604,60.0,0.0,0.0,0.0,0.0,0.0
2026-04-04T11:39:46,ERR,ERR,ERR,ERR,ERR,ERR,ERR,ERR,ERR,ERR,ERR,ERR,ERR,ERR,ERR,ERR,ERR,ERR,ERR,ERR,ERR,ERR,ERR,ERR,ERR,ERR,ERR,ERR,ERR,ERR,ERR,ERR,ERR,ERR,ERR,ERR,ERR,ERR,ERR,ERR,ERR,ERR,ERR,ERR,ERR,ERR,ERR,ERR,ERR,ERR,ERR,ERR,ERR,ERR,ERR,ERR,ERR,ERR,ERR,ERR,ERR,ERR,ERR,ERR,ERR,ERR,ERR,ERR,ERR,ERR,ERR,ERR,ERR,ERR,ERR,ERR,ERR,ERR,ERR,ERR,ERR,ERR,ERR,ERR,ERR,ERR,ERR,ERR,ERR,ERR,ERR,ERR,ERR,ERR,ERR,ERR,ERR,ERR,ERR,ERR,ERR,ERR,ERR,ERR,ERR,ERR,ERR,ERR,ERR,ERR,ERR,ERR,ERR,ERR,ERR,ERR,ERR,ERR,ERR,ERR,ERR,ERR,ERR,ERR,ERR,0.0,0.0,-0.0,0.0,0.0,0.0,0.0,nan,0,0,0,32768,0,0.0,0,0.0,0.0,0.0,0.0,0.0,0,0,0,0,0.0,0,0,0,0,0,0,0,0,0,0,0,0,0,0,0,0,0,0,0,0,0,0,0,0,0,0,0,0,0,0,0,0,0,0,0,0,0,0,0,0,0,0,0,0,0.0,0.0,0.0,0.0,0.0,0.0,0.0,0.0,0.0,0.0,0.0,0.0,0.0,0.0,0.0,0.0,0.0,0.0,0.0,0.0,0.0,0.0,-0.0,-0.0,-2.004,-0.0,0.0,0.0,0.0,0.0,3382.5,0.0,0.0,0.0,-0.0,-0.0,2.7184274988523002e+23,0.0,0.0,0.0,0.0,0,-107615248.0,0.0,0.0,0.0,0.0,0.0,0.0,0.0,0.0,0,0,0,0.0,0.0,0.0,0.0,0.0,0.0,0.0,0.0,0.0,0.0,0.0,0.0,0.0,0.0,0.0,0.0,0,-107875648.0,0,0.0,0,-107875648.0,-107877712.0,0,0,17039,13107,17053,39322,17037,0,0,0,110,100,100,0.0,64.0,0.0,64.9,-107615304.0,68.5,1,49,50,180,0,26215,0,0,0.0,0.0,0.0,0.0,0.0,65.5,0.0,0.0,0.0,645,0,687,0,0,0,715,0,786,0,708,0,689,0,645,0,641,0,618,0.032,36962304.0,-0.0,0.0,60688,16788,0.0,0.0,-0.0,-7937992.5,0.0,0.0,29.0,60.0,70,0.0,0.0,0.0,0.0,0.0,0.0,0.0,0.0,0.0,0.0,0.0,0.0,0.0,0.0,0.0,0.0,59.2,68,11,65509,41,65476,0,300,0,0,8,20529,65476,0,0,61604,60.0,0.0,0.0,0.0,0.0,0.0
2026-04-04T11:39:47,ERR,ERR,ERR,ERR,ERR,ERR,ERR,ERR,ERR,ERR,ERR,ERR,ERR,ERR,ERR,ERR,ERR,ERR,ERR,ERR,ERR,ERR,ERR,ERR,ERR,ERR,ERR,ERR,ERR,ERR,ERR,ERR,ERR,ERR,ERR,ERR,ERR,ERR,ERR,ERR,ERR,ERR,ERR,ERR,ERR,ERR,ERR,ERR,ERR,ERR,ERR,ERR,ERR,ERR,ERR,ERR,ERR,ERR,ERR,ERR,ERR,ERR,ERR,ERR,ERR,ERR,ERR,ERR,ERR,ERR,ERR,ERR,ERR,ERR,ERR,ERR,ERR,ERR,ERR,ERR,ERR,ERR,ERR,ERR,ERR,ERR,ERR,ERR,ERR,ERR,ERR,ERR,ERR,ERR,ERR,ERR,ERR,ERR,ERR,ERR,ERR,ERR,ERR,ERR,ERR,ERR,ERR,ERR,ERR,ERR,ERR,ERR,ERR,ERR,ERR,ERR,ERR,ERR,ERR,ERR,ERR,ERR,ERR,ERR,ERR,0.0,0.0,-0.0,0.0,0.0,0.0,0.0,nan,0,0,0,32768,0,0.0,0,0.0,0.0,0.0,0.0,0.0,0,0,0,0,0.0,0,0,0,0,0,0,0,0,0,0,0,0,0,0,0,0,0,0,0,0,0,0,0,0,0,0,0,0,0,0,0,0,0,0,0,0,0,0,0,0,0,0,0,0,0.0,0.0,0.0,0.0,0.0,0.0,0.0,0.0,0.0,0.0,0.0,0.0,0.0,0.0,0.0,0.0,0.0,0.0,0.0,0.0,0.0,0.0,-0.0,-0.0,-2.004,-0.0,0.0,0.0,0.0,0.0,3382.5,0.0,0.0,0.0,-0.0,-0.0,2.7184274988523002e+23,0.0,0.0,0.0,0.0,0,-107615248.0,0.0,0.0,0.0,0.0,0.0,0.0,0.0,0.0,0,0,0,0.0,0.0,0.0,0.0,0.0,0.0,0.0,0.0,0.0,0.0,0.0,0.0,0.0,0.0,0.0,0.0,0,-107875648.0,0,0.0,0,-107875648.0,-107877712.0,0,0,17039,13107,17053,39322,17037,0,0,0,110,100,100,0.0,64.0,0.0,64.9,-107615304.0,68.5,1,49,50,180,0,26215,0,0,0.0,0.0,0.0,0.0,0.0,65.5,0.0,0.0,0.0,645,0,686,0,0,0,715,0,786,0,708,0,689,0,645,0,641,0,618,0.032,37224448.0,-0.0,0.0,62608,16788,0.0,0.0,-5.2315673258181786e+22,8606601216.0,394192366862336.0,1.6717546182909027e+21,29.0,60.0,70,0.0,0.0,0.0,0.0,0.0,0.0,0.0,0.0,0.0,0.0,0.0,0.0,0.0,0.0,0.0,0.0,59.2,68,11,65509,41,65476,0,300,0,0,8,20529,65476,0,0,61604,60.0,0.0,0.0,0.0,0.0,0.0
2026-04-04T11:39:48,ERR,ERR,ERR,ERR,ERR,ERR,ERR,ERR,ERR,ERR,ERR,ERR,ERR,ERR,ERR,ERR,ERR,ERR,ERR,ERR,ERR,ERR,ERR,ERR,ERR,ERR,ERR,ERR,ERR,ERR,ERR,ERR,ERR,ERR,ERR,ERR,ERR,ERR,ERR,ERR,ERR,ERR,ERR,ERR,ERR,ERR,ERR,ERR,ERR,ERR,ERR,ERR,ERR,ERR,ERR,ERR,ERR,ERR,ERR,ERR,ERR,ERR,ERR,ERR,ERR,ERR,ERR,ERR,ERR,ERR,ERR,ERR,ERR,ERR,ERR,ERR,ERR,ERR,ERR,ERR,ERR,ERR,ERR,ERR,ERR,ERR,ERR,ERR,ERR,ERR,ERR,ERR,ERR,ERR,ERR,ERR,ERR,ERR,ERR,ERR,ERR,ERR,ERR,ERR,ERR,ERR,ERR,ERR,ERR,ERR,ERR,ERR,ERR,ERR,ERR,ERR,ERR,ERR,ERR,ERR,ERR,ERR,ERR,ERR,ERR,0.0,0.0,-0.0,0.0,0.0,0.0,0.0,nan,0,0,0,32768,0,0.0,0,0.0,0.0,0.0,0.0,0.0,0,0,0,0,0.0,0,0,0,0,0,0,0,0,0,0,0,0,0,0,0,0,0,0,0,0,0,0,0,0,0,0,0,0,0,0,0,0,0,0,0,0,0,0,0,0,0,0,0,0,0.0,0.0,0.0,0.0,0.0,0.0,0.0,0.0,0.0,0.0,0.0,0.0,0.0,0.0,0.0,0.0,0.0,0.0,0.0,0.0,0.0,0.0,-0.0,-0.0,-2.004,-0.0,0.0,0.0,0.0,0.0,3382.5,0.0,0.0,0.0,-0.0,-0.0,2.7184274988523002e+23,0.0,0.0,0.0,0.0,0,-107615248.0,0.0,0.0,0.0,0.0,0.0,0.0,0.0,0.0,0,0,0,0.0,0.0,0.0,0.0,0.0,0.0,0.0,0.0,0.0,0.0,0.0,0.0,0.0,0.0,0.0,0.0,0,-107875648.0,0,0.0,0,-107875648.0,-107877712.0,0,0,17039,13107,17053,39322,17037,0,0,0,110,100,100,0.0,64.0,0.0,64.9,-107615304.0,68.5,1,49,50,180,0,26215,0,0,0.0,0.0,0.0,0.0,0.0,65.5,0.0,0.0,0.0,645,0,686,0,0,0,715,0,786,0,708,0,689,0,645,0,641,0,618,0.032,37224448.0,-0.0,0.0,62608,16788,0.0,0.0,-5.2315673258181786e+22,8606601216.0,394192366862336.0,1.6717546182909027e+21,29.0,60.0,70,0.0,0.0,0.0,0.0,0.0,0.0,0.0,0.0,0.0,0.0,0.0,0.0,0.0,0.0,0.0,0.0,59.2,68,11,65509,41,65476,0,300,0,0,8,20529,65476,0,0,61604,60.0,0.0,0.0,0.0,0.0,0.0
2026-04-04T11:39:49,ERR,ERR,ERR,ERR,ERR,ERR,ERR,ERR,ERR,ERR,ERR,ERR,ERR,ERR,ERR,ERR,ERR,ERR,ERR,ERR,ERR,ERR,ERR,ERR,ERR,ERR,ERR,ERR,ERR,ERR,ERR,ERR,ERR,ERR,ERR,ERR,ERR,ERR,ERR,ERR,ERR,ERR,ERR,ERR,ERR,ERR,ERR,ERR,ERR,ERR,ERR,ERR,ERR,ERR,ERR,ERR,ERR,ERR,ERR,ERR,ERR,ERR,ERR,ERR,ERR,ERR,ERR,ERR,ERR,ERR,ERR,ERR,ERR,ERR,ERR,ERR,ERR,ERR,ERR,ERR,ERR,ERR,ERR,ERR,ERR,ERR,ERR,ERR,ERR,ERR,ERR,ERR,ERR,ERR,ERR,ERR,ERR,ERR,ERR,ERR,ERR,ERR,ERR,ERR,ERR,ERR,ERR,ERR,ERR,ERR,ERR,ERR,ERR,ERR,ERR,ERR,ERR,ERR,ERR,ERR,ERR,ERR,ERR,ERR,ERR,0.0,-0.0,-101055584.0,0.0,0.0,0.0,0.0,nan,0,0,0,32768,0,0.0,0,0.0,0.0,0.0,0.0,0.0,0,0,0,0,0.0,0,0,0,0,0,0,0,0,0,0,0,0,0,0,0,0,0,0,0,0,0,0,0,0,0,0,0,0,0,0,0,0,0,0,0,0,0,0,0,0,0,0,0,0,0.0,0.0,0.0,0.0,0.0,0.0,0.0,0.0,0.0,0.0,0.0,0.0,0.0,0.0,0.0,0.0,0.0,0.0,0.0,0.0,0.0,0.0,-0.0,-2.004,-2.004,-0.0,0.0,0.0,0.0,0.0,3366.5,-2.004,0.0,0.0,-0.0,-0.0,2.7184274988523002e+23,0.0,0.0,0.0,0.0,0,-126841012224.0,-2.308816440498921e+20,0.0,0.0,0.0,0.0,0.0,0.0,0.0,0,0,0,0.0,0.0,0.0,0.0,0.0,0.0,0.0,0.0,0.0,0.0,0.0,0.0,0.0,0.0,0.0,0.0,0,-107875648.0,0,0.0,0,-107875648.0,-107877712.0,0,0,17039,13107,17053,39322,17037,0,0,0,110,100,100,0.0,64.0,0.0,64.9,-107615304.0,68.5,1,49,50,180,0,26215,0,0,0.0,0.0,0.0,0.0,0.0,65.5,0.0,0.0,0.0,645,0,686,0,0,0,715,0,786,0,708,0,689,0,645,0,641,0,618,0.032,37224448.0,-0.0,0.0,62608,16788,0.0,0.0,-5.2315673258181786e+22,8606601216.0,394192366862336.0,1.6717546182909027e+21,29.0,60.0,70,0.0,0.0,0.0,0.0,0.0,0.0,0.0,0.0,0.0,0.0,0.0,0.0,0.0,0.0,0.0,0.0,59.2,68,11,65509,41,65476,0,300,0,0,8,20529,65476,0,0,61604,60.0,0.0,0.0,0.0,0.0,0.0
2026-04-04T11:39:50,ERR,ERR,ERR,ERR,ERR,ERR,ERR,ERR,ERR,ERR,ERR,ERR,ERR,ERR,ERR,ERR,ERR,ERR,ERR,ERR,ERR,ERR,ERR,ERR,ERR,ERR,ERR,ERR,ERR,ERR,ERR,ERR,ERR,ERR,ERR,ERR,ERR,ERR,ERR,ERR,ERR,ERR,ERR,ERR,ERR,ERR,ERR,ERR,ERR,ERR,ERR,ERR,ERR,ERR,ERR,ERR,ERR,ERR,ERR,ERR,ERR,ERR,ERR,ERR,ERR,ERR,ERR,ERR,ERR,ERR,ERR,ERR,ERR,ERR,ERR,ERR,ERR,ERR,ERR,ERR,ERR,ERR,ERR,ERR,ERR,ERR,ERR,ERR,ERR,ERR,ERR,ERR,ERR,ERR,ERR,ERR,ERR,ERR,ERR,ERR,ERR,ERR,ERR,ERR,ERR,ERR,ERR,ERR,ERR,ERR,ERR,ERR,ERR,ERR,ERR,ERR,ERR,ERR,ERR,ERR,ERR,ERR,ERR,ERR,ERR,0.0,-0.0,-101055584.0,0.0,0.0,0.0,0.0,nan,0,0,0,32768,0,0.0,0,0.0,0.0,0.0,0.0,0.0,0,0,0,0,0.0,0,0,0,0,0,0,0,0,0,0,0,0,0,0,0,0,0,0,0,0,0,0,0,0,0,0,0,0,0,0,0,0,0,0,0,0,0,0,0,0,0,0,0,0,0.0,0.0,0.0,0.0,0.0,0.0,0.0,0.0,0.0,0.0,0.0,0.0,0.0,0.0,0.0,0.0,0.0,0.0,0.0,0.0,0.0,0.0,-0.0,-2.004,-2.004,-0.0,0.0,0.0,0.0,0.0,3366.5,-2.004,0.0,0.0,-0.0,-0.0,2.7184274988523002e+23,0.0,0.0,0.0,0.0,0,-126841012224.0,-2.308816440498921e+20,0.0,0.0,0.0,0.0,0.0,0.0,0.0,0,0,0,0.0,0.0,0.0,0.0,0.0,0.0,0.0,0.0,0.0,0.0,0.0,0.0,0.0,0.0,0.0,0.0,0,-107875648.0,0,0.0,0,-107875648.0,-107877712.0,0,0,17039,13107,17053,39322,17037,0,0,0,110,100,100,0.0,64.0,0.0,64.9,-107615304.0,68.5,1,49,50,180,0,26215,0,0,0.0,0.0,0.0,0.0,0.0,65.5,0.0,0.0,0.0,645,0,686,0,0,0,715,0,786,0,708,0,689,0,645,0,641,0,618,0.032,37224448.0,-0.0,0.0,62608,16788,0.0,0.0,-5.2315673258181786e+22,8606601216.0,394192366862336.0,1.6717546182909027e+21,29.0,60.0,70,0.0,0.0,0.0,0.0,0.0,0.0,0.0,0.0,0.0,0.0,0.0,0.0,0.0,0.0,0.0,0.0,59.6,68,11,65509,41,65476,0,300,0,0,8,20529,65476,0,0,61604,60.0,0.0,0.0,0.0,0.0,0.0
2026-04-04T11:39:51,ERR,ERR,ERR,ERR,ERR,ERR,ERR,ERR,ERR,ERR,ERR,ERR,ERR,ERR,ERR,ERR,ERR,ERR,ERR,ERR,ERR,ERR,ERR,ERR,ERR,ERR,ERR,ERR,ERR,ERR,ERR,ERR,ERR,ERR,ERR,ERR,ERR,ERR,ERR,ERR,ERR,ERR,ERR,ERR,ERR,ERR,ERR,ERR,ERR,ERR,ERR,ERR,ERR,ERR,ERR,ERR,ERR,ERR,ERR,ERR,ERR,ERR,ERR,ERR,ERR,ERR,ERR,ERR,ERR,ERR,ERR,ERR,ERR,ERR,ERR,ERR,ERR,ERR,ERR,ERR,ERR,ERR,ERR,ERR,ERR,ERR,ERR,ERR,ERR,ERR,ERR,ERR,ERR,ERR,ERR,ERR,ERR,ERR,ERR,ERR,ERR,ERR,ERR,ERR,ERR,ERR,ERR,ERR,ERR,ERR,ERR,ERR,ERR,ERR,ERR,ERR,ERR,ERR,ERR,ERR,ERR,ERR,ERR,ERR,ERR,0.0,-0.0,-101055584.0,0.0,0.0,0.0,0.0,nan,0,0,0,32768,0,0.0,0,0.0,0.0,0.0,0.0,0.0,0,0,0,0,0.0,0,0,0,0,0,0,0,0,0,0,0,0,0,0,0,0,0,0,0,0,0,0,0,0,0,0,0,0,0,0,0,0,0,0,0,0,0,0,0,0,0,0,0,0,0.0,0.0,0.0,0.0,0.0,0.0,0.0,0.0,0.0,0.0,0.0,0.0,0.0,0.0,0.0,0.0,0.0,0.0,0.0,0.0,0.0,0.0,-0.0,-2.004,-2.004,-0.0,0.0,0.0,0.0,0.0,3366.5,-2.004,0.0,0.0,-0.0,-0.0,2.7184274988523002e+23,0.0,0.0,0.0,0.0,0,-126841012224.0,-2.308816440498921e+20,0.0,0.0,0.0,0.0,0.0,0.0,0.0,0,0,0,0.0,0.0,0.0,0.0,0.0,0.0,0.0,0.0,0.0,0.0,0.0,0.0,0.0,0.0,0.0,0.0,0,-107875648.0,0,0.0,0,-107875648.0,-107877712.0,0,0,17039,13107,17053,39322,17037,0,0,0,110,100,100,0.0,64.0,0.0,64.9,-107615304.0,68.5,1,49,50,180,0,26215,0,0,0.0,0.0,0.0,0.0,0.0,65.5,0.0,0.0,0.0,645,0,686,0,0,0,715,0,786,0,708,0,689,0,645,0,641,0,618,0.032,37224448.0,-0.0,0.0,62608,16788,0.0,0.0,-5.2315673258181786e+22,8606601216.0,394192366862336.0,1.6717546182909027e+21,29.0,60.0,70,0.0,0.0,0.0,0.0,0.0,0.0,0.0,0.0,0.0,0.0,0.0,0.0,0.0,0.0,0.0,0.0,59.6,68,11,65509,41,65476,0,300,0,0,8,20529,65476,0,0,61604,60.0,0.0,0.0,0.0,0.0,0.0
2026-04-04T11:39:52,ERR,ERR,ERR,ERR,ERR,ERR,ERR,ERR,ERR,ERR,ERR,ERR,ERR,ERR,ERR,ERR,ERR,ERR,ERR,ERR,ERR,ERR,ERR,ERR,ERR,ERR,ERR,ERR,ERR,ERR,ERR,ERR,ERR,ERR,ERR,ERR,ERR,ERR,ERR,ERR,ERR,ERR,ERR,ERR,ERR,ERR,ERR,ERR,ERR,ERR,ERR,ERR,ERR,ERR,ERR,ERR,ERR,ERR,ERR,ERR,ERR,ERR,ERR,ERR,ERR,ERR,ERR,ERR,ERR,ERR,ERR,ERR,ERR,ERR,ERR,ERR,ERR,ERR,ERR,ERR,ERR,ERR,ERR,ERR,ERR,ERR,ERR,ERR,ERR,ERR,ERR,ERR,ERR,ERR,ERR,ERR,ERR,ERR,ERR,ERR,ERR,ERR,ERR,ERR,ERR,ERR,ERR,ERR,ERR,ERR,ERR,ERR,ERR,ERR,ERR,ERR,ERR,ERR,ERR,ERR,ERR,ERR,ERR,ERR,ERR,0.0,-0.0,-101055584.0,0.0,0.0,0.0,0.0,nan,0,0,0,32768,0,0.0,0,0.0,0.0,0.0,0.0,0.0,0,0,0,0,0.0,0,0,0,0,0,0,0,0,0,0,0,0,0,0,0,0,0,0,0,0,0,0,0,0,0,0,0,0,0,0,0,0,0,0,0,0,0,0,0,0,0,0,0,0,0.0,0.0,0.0,0.0,0.0,0.0,0.0,0.0,0.0,0.0,0.0,0.0,0.0,0.0,0.0,0.0,0.0,0.0,0.0,0.0,0.0,0.0,-0.0,-2.004,-2.004,-0.0,0.0,0.0,0.0,0.0,3366.5,-2.004,0.0,0.0,-0.0,-0.0,2.7184274988523002e+23,0.0,0.0,0.0,0.0,0,-126841012224.0,-2.308816440498921e+20,0.0,0.0,0.0,0.0,0.0,0.0,0.0,0,0,0,0.0,0.0,0.0,0.0,0.0,0.0,0.0,0.0,0.0,0.0,0.0,0.0,0.0,0.0,0.0,0.0,0,-107875648.0,0,0.0,0,-107875648.0,-107877712.0,0,0,17039,13107,17053,39322,17037,0,0,0,110,100,100,0.0,64.0,0.0,64.9,-107615304.0,68.5,1,49,50,180,0,26215,0,0,0.0,0.0,0.0,0.0,-9.066157230844482e+36,65.0,0.0,0.0,0.0,645,0,687,0,0,0,715,0,786,0,708,0,689,0,645,0,641,0,617,0.032,36700160.0,-0.0,0.0,56080,16788,0.0,1.2844176625993762e+38,-3.0202079232603453e+32,-2.043815310681483e+25,6.1755645074690015e+19,1.1934670348737933e+28,29.0,60.0,70,0.0,0.0,0.0,0.0,0.0,0.0,0.0,0.0,0.0,0.0,0.0,0.0,0.0,0.0,0.0,0.0,59.6,68,11,65509,41,65476,0,300,0,0,8,20529,65476,0,0,61604,60.0,0.0,0.0,0.0,0.0,0.0
2026-04-04T11:39:53,ERR,ERR,ERR,ERR,ERR,ERR,ERR,ERR,ERR,ERR,ERR,ERR,ERR,ERR,ERR,ERR,ERR,ERR,ERR,ERR,ERR,ERR,ERR,ERR,ERR,ERR,ERR,ERR,ERR,ERR,ERR,ERR,ERR,ERR,ERR,ERR,ERR,ERR,ERR,ERR,ERR,ERR,ERR,ERR,ERR,ERR,ERR,ERR,ERR,ERR,ERR,ERR,ERR,ERR,ERR,ERR,ERR,ERR,ERR,ERR,ERR,ERR,ERR,ERR,ERR,ERR,ERR,ERR,ERR,ERR,ERR,ERR,ERR,ERR,ERR,ERR,ERR,ERR,ERR,ERR,ERR,ERR,ERR,ERR,ERR,ERR,ERR,ERR,ERR,ERR,ERR,ERR,ERR,ERR,ERR,ERR,ERR,ERR,ERR,ERR,ERR,ERR,ERR,ERR,ERR,ERR,ERR,ERR,ERR,ERR,ERR,ERR,ERR,ERR,ERR,ERR,ERR,ERR,ERR,ERR,ERR,ERR,ERR,ERR,ERR,0.0,-0.0,-101055584.0,0.0,0.0,0.0,0.0,nan,0,0,0,32768,0,0.0,0,0.0,0.0,0.0,0.0,0.0,0,0,0,0,0.0,0,0,0,0,0,0,0,0,0,0,0,0,0,0,0,0,0,0,0,0,0,0,0,0,0,0,0,0,0,0,0,0,0,0,0,0,0,0,0,0,0,0,0,0,0.0,0.0,0.0,0.0,0.0,0.0,0.0,0.0,0.0,0.0,0.0,0.0,0.0,0.0,0.0,0.0,0.0,0.0,0.0,0.0,0.0,0.0,-0.0,-2.004,-2.004,-0.0,0.0,0.0,0.0,0.0,3366.5,-2.004,0.0,0.0,-0.0,-0.0,2.7184274988523002e+23,0.0,0.0,0.0,0.0,0,-126841012224.0,-2.308816440498921e+20,0.0,0.0,0.0,0.0,0.0,0.0,0.0,0,0,0,0.0,0.0,0.0,0.0,0.0,0.0,0.0,0.0,0.0,0.0,0.0,0.0,0.0,0.0,0.0,0.0,0,-107875648.0,0,0.0,0,-107875648.0,-107877712.0,0,0,17039,13107,17053,39322,17037,0,0,0,110,100,100,0.0,64.0,0.0,64.9,-107615304.0,68.5,1,49,50,180,0,26215,0,0,0.0,0.0,0.0,0.0,-9.066157230844482e+36,65.0,0.0,0.0,0.0,645,0,687,0,0,0,715,0,786,0,708,0,689,0,645,0,641,0,617,0.032,36700160.0,-0.0,0.0,56080,16788,0.0,1.2844176625993762e+38,-3.0202079232603453e+32,-2.043815310681483e+25,6.1755645074690015e+19,1.1934670348737933e+28,29.0,60.0,70,0.0,0.0,0.0,0.0,0.0,0.0,0.0,0.0,0.0,0.0,0.0,0.0,0.0,0.0,0.0,0.0,59.6,68,11,65509,41,65476,0,300,0,0,8,20529,65476,0,0,61604,60.0,0.0,0.0,0.0,0.0,0.0
2026-04-04T11:39:54,ERR,ERR,ERR,ERR,ERR,ERR,ERR,ERR,ERR,ERR,ERR,ERR,ERR,ERR,ERR,ERR,ERR,ERR,ERR,ERR,ERR,ERR,ERR,ERR,ERR,ERR,ERR,ERR,ERR,ERR,ERR,ERR,ERR,ERR,ERR,ERR,ERR,ERR,ERR,ERR,ERR,ERR,ERR,ERR,ERR,ERR,ERR,ERR,ERR,ERR,ERR,ERR,ERR,ERR,ERR,ERR,ERR,ERR,ERR,ERR,ERR,ERR,ERR,ERR,ERR,ERR,ERR,ERR,ERR,ERR,ERR,ERR,ERR,ERR,ERR,ERR,ERR,ERR,ERR,ERR,ERR,ERR,ERR,ERR,ERR,ERR,ERR,ERR,ERR,ERR,ERR,ERR,ERR,ERR,ERR,ERR,ERR,ERR,ERR,ERR,ERR,ERR,ERR,ERR,ERR,ERR,ERR,ERR,ERR,ERR,ERR,ERR,ERR,ERR,ERR,ERR,ERR,ERR,ERR,ERR,ERR,ERR,ERR,ERR,ERR,0.0,-0.0,-101055584.0,0.0,0.0,0.0,0.0,nan,0,0,0,32768,0,0.0,0,0.0,0.0,0.0,0.0,0.0,0,0,0,0,0.0,0,0,0,0,0,0,0,0,0,0,0,0,0,0,0,0,0,0,0,0,0,0,0,0,0,0,0,0,0,0,0,0,0,0,0,0,0,0,0,0,0,0,0,0,0.0,0.0,0.0,0.0,0.0,0.0,0.0,0.0,0.0,0.0,0.0,0.0,0.0,0.0,0.0,0.0,0.0,0.0,0.0,0.0,0.0,0.0,-0.0,-2.004,-2.004,-0.0,0.0,0.0,0.0,0.0,3366.5,-2.004,0.0,0.0,-0.0,-0.0,2.7184274988523002e+23,0.0,0.0,0.0,0.0,0,-126841012224.0,-2.308816440498921e+20,0.0,0.0,0.0,0.0,0.0,0.0,0.0,0,0,0,0.0,0.0,0.0,0.0,0.0,0.0,0.0,0.0,0.0,0.0,0.0,0.0,0.0,0.0,0.0,0.0,0,-107875648.0,0,0.0,0,-107875648.0,-107877712.0,0,0,17039,13107,17053,39322,17037,0,0,0,110,100,100,0.0,64.0,0.0,64.9,-107615304.0,68.5,1,49,50,180,0,26215,0,0,0.0,0.0,0.0,0.0,-9.066157230844482e+36,65.0,0.0,0.0,0.0,645,0,687,0,0,0,715,0,786,0,708,0,689,0,645,0,641,0,617,0.032,36700160.0,-0.0,0.0,56080,16788,0.0,1.2844176625993762e+38,-3.0202079232603453e+32,-2.043815310681483e+25,6.1755645074690015e+19,1.1934670348737933e+28,29.0,60.0,70,0.0,0.0,0.0,0.0,0.0,0.0,0.0,0.0,0.0,0.0,0.0,0.0,0.0,0.0,0.0,0.0,59.6,68,11,65509,41,65476,0,300,0,0,8,20529,65476,0,0,61604,60.0,0.0,0.0,0.0,0.0,0.0
2026-04-04T11:39:55,ERR,ERR,ERR,ERR,ERR,ERR,ERR,ERR,ERR,ERR,ERR,ERR,ERR,ERR,ERR,ERR,ERR,ERR,ERR,ERR,ERR,ERR,ERR,ERR,ERR,ERR,ERR,ERR,ERR,ERR,ERR,ERR,ERR,ERR,ERR,ERR,ERR,ERR,ERR,ERR,ERR,ERR,ERR,ERR,ERR,ERR,ERR,ERR,ERR,ERR,ERR,ERR,ERR,ERR,ERR,ERR,ERR,ERR,ERR,ERR,ERR,ERR,ERR,ERR,ERR,ERR,ERR,ERR,ERR,ERR,ERR,ERR,ERR,ERR,ERR,ERR,ERR,ERR,ERR,ERR,ERR,ERR,ERR,ERR,ERR,ERR,ERR,ERR,ERR,ERR,ERR,ERR,ERR,ERR,ERR,ERR,ERR,ERR,ERR,ERR,ERR,ERR,ERR,ERR,ERR,ERR,ERR,ERR,ERR,ERR,ERR,ERR,ERR,ERR,ERR,ERR,ERR,ERR,ERR,ERR,ERR,ERR,ERR,ERR,ERR,0.0,-0.0,-101055584.0,0.0,0.0,0.0,0.0,nan,0,0,0,32768,0,0.0,0,0.0,0.0,0.0,0.0,0.0,0,0,0,0,0.0,0,0,0,0,0,0,0,0,0,0,0,0,0,0,0,0,0,0,0,0,0,0,0,0,0,0,0,0,0,0,0,0,0,0,0,0,0,0,0,0,0,0,0,0,0.0,0.0,0.0,0.0,0.0,0.0,0.0,0.0,0.0,0.0,0.0,0.0,0.0,0.0,0.0,0.0,0.0,0.0,0.0,0.0,0.0,0.0,-0.0,-2.004,-2.004,-0.0,0.0,0.0,0.0,0.0,3366.5,-2.004,0.0,0.0,-0.0,-0.0,2.7184274988523002e+23,0.0,0.0,0.0,0.0,0,-126841012224.0,-2.308816440498921e+20,0.0,0.0,0.0,0.0,0.0,0.0,0.0,0,0,0,0.0,0.0,0.0,0.0,0.0,0.0,0.0,0.0,0.0,0.0,0.0,0.0,0.0,0.0,0.0,0.0,0,-107875648.0,0,0.0,0,-107875648.0,-107877712.0,0,0,17039,13107,17053,39322,17037,0,0,0,110,100,100,0.0,64.0,0.0,64.9,-107615304.0,68.5,1,49,50,180,0,26215,0,0,0.0,0.0,0.0,0.0,-9.066157230844482e+36,65.0,0.0,0.0,0.0,645,0,687,0,0,0,715,0,786,0,708,0,689,0,645,0,641,0,617,0.032,36700160.0,-0.0,0.0,56080,16788,0.0,1.2844176625993762e+38,-3.0202079232603453e+32,-2.043815310681483e+25,6.1755645074690015e+19,1.1934670348737933e+28,29.0,60.0,70,0.0,0.0,0.0,0.0,0.0,0.0,0.0,0.0,0.0,0.0,0.0,0.0,0.0,0.0,0.0,0.0,59.6,68,11,65509,41,65476,0,300,0,0,8,20529,65476,0,0,61604,60.0,0.0,0.0,0.0,0.0,0.0
2026-04-04T11:39:56,ERR,ERR,ERR,ERR,ERR,ERR,ERR,ERR,ERR,ERR,ERR,ERR,ERR,ERR,ERR,ERR,ERR,ERR,ERR,ERR,ERR,ERR,ERR,ERR,ERR,ERR,ERR,ERR,ERR,ERR,ERR,ERR,ERR,ERR,ERR,ERR,ERR,ERR,ERR,ERR,ERR,ERR,ERR,ERR,ERR,ERR,ERR,ERR,ERR,ERR,ERR,ERR,ERR,ERR,ERR,ERR,ERR,ERR,ERR,ERR,ERR,ERR,ERR,ERR,ERR,ERR,ERR,ERR,ERR,ERR,ERR,ERR,ERR,ERR,ERR,ERR,ERR,ERR,ERR,ERR,ERR,ERR,ERR,ERR,ERR,ERR,ERR,ERR,ERR,ERR,ERR,ERR,ERR,ERR,ERR,ERR,ERR,ERR,ERR,ERR,ERR,ERR,ERR,ERR,ERR,ERR,ERR,ERR,ERR,ERR,ERR,ERR,ERR,ERR,ERR,ERR,ERR,ERR,ERR,ERR,ERR,ERR,ERR,ERR,ERR,0.0,-0.0,-101055584.0,0.0,0.0,0.0,0.0,nan,0,0,0,32768,0,0.0,0,0.0,0.0,0.0,0.0,0.0,0,0,0,0,0.0,0,0,0,0,0,0,0,0,0,0,0,0,0,0,0,0,0,0,0,0,0,0,0,0,0,0,0,0,0,0,0,0,0,0,0,0,0,0,0,0,0,0,0,0,0.0,0.0,0.0,0.0,0.0,0.0,0.0,0.0,0.0,0.0,0.0,0.0,0.0,0.0,0.0,0.0,0.0,0.0,0.0,0.0,0.0,0.0,-0.0,-2.004,-2.004,-0.0,0.0,0.0,0.0,0.0,3366.5,-2.004,0.0,0.0,-0.0,-0.0,2.7184274988523002e+23,0.0,0.0,0.0,0.0,0,-126841012224.0,-2.308816440498921e+20,0.0,0.0,0.0,0.0,0.0,0.0,0.0,0,0,0,0.0,0.0,0.0,0.0,0.0,0.0,0.0,0.0,0.0,0.0,0.0,0.0,0.0,0.0,0.0,0.0,0,-107875648.0,0,0.0,0,-107875648.0,-107877712.0,0,0,17039,13107,17053,39322,17037,0,0,0,110,100,100,0.0,64.0,0.0,64.9,-107615304.0,68.5,1,49,50,180,0,26215,0,0,0.0,0.0,0.0,0.0,-9.066157230844482e+36,65.0,0.0,0.0,0.0,645,0,687,0,0,0,715,0,786,0,708,0,689,0,645,0,641,0,617,0.032,36700160.0,-0.0,0.0,56080,16788,0.0,1.2844176625993762e+38,-3.0202079232603453e+32,-2.043815310681483e+25,6.1755645074690015e+19,1.1934670348737933e+28,29.0,60.0,70,0.0,0.0,0.0,0.0,0.0,0.0,0.0,0.0,0.0,0.0,0.0,0.0,0.0,0.0,0.0,0.0,59.2,68,11,65509,41,65476,0,300,0,0,8,20529,65476,0,0,61604,60.0,0.0,0.0,0.0,0.0,0.0
2026-04-04T11:39:57,ERR,ERR,ERR,ERR,ERR,ERR,ERR,ERR,ERR,ERR,ERR,ERR,ERR,ERR,ERR,ERR,ERR,ERR,ERR,ERR,ERR,ERR,ERR,ERR,ERR,ERR,ERR,ERR,ERR,ERR,ERR,ERR,ERR,ERR,ERR,ERR,ERR,ERR,ERR,ERR,ERR,ERR,ERR,ERR,ERR,ERR,ERR,ERR,ERR,ERR,ERR,ERR,ERR,ERR,ERR,ERR,ERR,ERR,ERR,ERR,ERR,ERR,ERR,ERR,ERR,ERR,ERR,ERR,ERR,ERR,ERR,ERR,ERR,ERR,ERR,ERR,ERR,ERR,ERR,ERR,ERR,ERR,ERR,ERR,ERR,ERR,ERR,ERR,ERR,ERR,ERR,ERR,ERR,ERR,ERR,ERR,ERR,ERR,ERR,ERR,ERR,ERR,ERR,ERR,ERR,ERR,ERR,ERR,ERR,ERR,ERR,ERR,ERR,ERR,ERR,ERR,ERR,ERR,ERR,ERR,ERR,ERR,ERR,ERR,ERR,0.0,-0.0,-101055584.0,0.0,0.0,0.0,0.0,nan,0,0,0,32768,0,0.0,0,0.0,0.0,0.0,0.0,0.0,0,0,0,0,0.0,0,0,0,0,0,0,0,0,0,0,0,0,0,0,0,0,0,0,0,0,0,0,0,0,0,0,0,0,0,0,0,0,0,0,0,0,0,0,0,0,0,0,0,0,0.0,0.0,0.0,0.0,0.0,0.0,0.0,0.0,0.0,0.0,0.0,0.0,0.0,0.0,0.0,0.0,0.0,0.0,0.0,0.0,0.0,0.0,-0.0,-2.004,-2.004,-0.0,0.0,0.0,0.0,0.0,3364.5,-8608106496.0,0.0,0.0,-0.0,-0.0,2.7184274988523002e+23,0.0,0.0,0.0,0.0,0,-0.059,-152016173137920.0,0.0,0.0,0.0,0.0,0.0,0.0,0.0,0,0,0,0.0,0.0,0.0,0.0,0.0,0.0,0.0,0.0,0.0,0.0,0.0,0.0,0.0,0.0,0.0,0.0,0,-107875648.0,0,0.0,0,-107875648.0,-107877712.0,0,0,17039,13107,17053,39322,17037,0,0,0,110,100,100,0.0,64.0,0.0,64.9,-107615304.0,68.5,1,49,50,180,0,26215,0,0,0.0,0.0,0.0,0.0,-9.066157230844482e+36,65.0,0.0,0.0,0.0,645,0,687,0,0,0,715,0,786,0,708,0,689,0,645,0,641,0,617,0.032,36700160.0,-0.0,0.0,56080,16788,0.0,1.2844176625993762e+38,-3.0202079232603453e+32,-2.043815310681483e+25,6.1755645074690015e+19,1.1934670348737933e+28,29.0,60.0,70,0.0,0.0,0.0,0.0,0.0,0.0,0.0,0.0,0.0,0.0,0.0,0.0,0.0,0.0,0.0,0.0,59.2,68,11,65509,41,65476,0,300,0,0,8,20529,65476,0,0,61604,60.0,0.0,0.0,0.0,0.0,0.0
2026-04-04T11:39:58,ERR,ERR,ERR,ERR,ERR,ERR,ERR,ERR,ERR,ERR,ERR,ERR,ERR,ERR,ERR,ERR,ERR,ERR,ERR,ERR,ERR,ERR,ERR,ERR,ERR,ERR,ERR,ERR,ERR,ERR,ERR,ERR,ERR,ERR,ERR,ERR,ERR,ERR,ERR,ERR,ERR,ERR,ERR,ERR,ERR,ERR,ERR,ERR,ERR,ERR,ERR,ERR,ERR,ERR,ERR,ERR,ERR,ERR,ERR,ERR,ERR,ERR,ERR,ERR,ERR,ERR,ERR,ERR,ERR,ERR,ERR,ERR,ERR,ERR,ERR,ERR,ERR,ERR,ERR,ERR,ERR,ERR,ERR,ERR,ERR,ERR,ERR,ERR,ERR,ERR,ERR,ERR,ERR,ERR,ERR,ERR,ERR,ERR,ERR,ERR,ERR,ERR,ERR,ERR,ERR,ERR,ERR,ERR,ERR,ERR,ERR,ERR,ERR,ERR,ERR,ERR,ERR,ERR,ERR,ERR,ERR,ERR,ERR,ERR,ERR,0.0,-0.0,-101055584.0,0.0,0.0,0.0,0.0,nan,0,0,0,32768,0,0.0,0,0.0,0.0,0.0,0.0,0.0,0,0,0,0,0.0,0,0,0,0,0,0,0,0,0,0,0,0,0,0,0,0,0,0,0,0,0,0,0,0,0,0,0,0,0,0,0,0,0,0,0,0,0,0,0,0,0,0,0,0,0.0,0.0,0.0,0.0,0.0,0.0,0.0,0.0,0.0,0.0,0.0,0.0,0.0,0.0,0.0,0.0,0.0,0.0,0.0,0.0,0.0,0.0,-0.0,-2.004,-2.004,-0.0,0.0,0.0,0.0,0.0,3364.5,-8608106496.0,0.0,0.0,-0.0,-0.0,2.7184274988523002e+23,0.0,0.0,0.0,0.0,0,-0.059,-152016173137920.0,0.0,0.0,0.0,0.0,0.0,0.0,0.0,0,0,0,0.0,0.0,0.0,0.0,0.0,0.0,0.0,0.0,0.0,0.0,0.0,0.0,0.0,0.0,0.0,0.0,0,-107875648.0,0,0.0,0,-107875648.0,-107877712.0,0,0,17039,13107,17053,39322,17037,0,0,0,110,100,100,0.0,64.0,0.0,64.9,-107615304.0,68.5,1,49,50,180,0,26215,0,0,0.0,0.0,0.0,0.0,-9.381011820441508e+33,65.0,0.0,0.0,0.0,645,0,687,0,0,0,715,0,786,0,708,0,689,0,645,0,641,0,618,0.032,36700160.0,2.004,-107615152.0,56720,16788,-5.990159188679916e+37,0.0,-0.0,-1.984546180227071e+28,0.0,0.0,29.0,60.0,70,0.0,0.0,0.0,0.0,0.0,0.0,0.0,0.0,0.0,0.0,0.0,0.0,0.0,0.0,0.0,0.0,59.2,68,11,65509,41,65476,0,300,0,0,8,20529,65476,0,0,61604,60.0,0.0,0.0,0.0,0.0,0.0
2026-04-04T11:39:59,ERR,ERR,ERR,ERR,ERR,ERR,ERR,ERR,ERR,ERR,ERR,ERR,ERR,ERR,ERR,ERR,ERR,ERR,ERR,ERR,ERR,ERR,ERR,ERR,ERR,ERR,ERR,ERR,ERR,ERR,ERR,ERR,ERR,ERR,ERR,ERR,ERR,ERR,ERR,ERR,ERR,ERR,ERR,ERR,ERR,ERR,ERR,ERR,ERR,ERR,ERR,ERR,ERR,ERR,ERR,ERR,ERR,ERR,ERR,ERR,ERR,ERR,ERR,ERR,ERR,ERR,ERR,ERR,ERR,ERR,ERR,ERR,ERR,ERR,ERR,ERR,ERR,ERR,ERR,ERR,ERR,ERR,ERR,ERR,ERR,ERR,ERR,ERR,ERR,ERR,ERR,ERR,ERR,ERR,ERR,ERR,ERR,ERR,ERR,ERR,ERR,ERR,ERR,ERR,ERR,ERR,ERR,ERR,ERR,ERR,ERR,ERR,ERR,ERR,ERR,ERR,ERR,ERR,ERR,ERR,ERR,ERR,ERR,ERR,ERR,0.0,-0.0,-101055584.0,0.0,0.0,0.0,0.0,nan,0,0,0,32768,0,0.0,0,0.0,0.0,0.0,0.0,0.0,0,0,0,0,0.0,0,0,0,0,0,0,0,0,0,0,0,0,0,0,0,0,0,0,0,0,0,0,0,0,0,0,0,0,0,0,0,0,0,0,0,0,0,0,0,0,0,0,0,0,0.0,0.0,0.0,0.0,0.0,0.0,0.0,0.0,0.0,0.0,0.0,0.0,0.0,0.0,0.0,0.0,0.0,0.0,0.0,0.0,0.0,0.0,-0.0,-2.004,-2.004,-0.0,0.0,0.0,0.0,0.0,3364.5,-8608106496.0,0.0,0.0,-0.0,-0.0,2.7184274988523002e+23,0.0,0.0,0.0,0.0,0,-0.059,-152016173137920.0,0.0,0.0,0.0,0.0,0.0,0.0,0.0,0,0,0,0.0,0.0,0.0,0.0,0.0,0.0,0.0,0.0,0.0,0.0,0.0,0.0,0.0,0.0,0.0,0.0,0,-107875648.0,0,0.0,0,-107875648.0,-107877712.0,0,0,17039,13107,17053,39322,17037,0,0,0,110,100,100,0.0,64.0,0.0,64.9,-107615304.0,68.5,1,49,50,180,0,26215,0,0,0.0,0.0,0.0,0.0,-9.381011820441508e+33,65.0,0.0,0.0,0.0,645,0,687,0,0,0,715,0,786,0,708,0,689,0,645,0,641,0,618,0.032,36700160.0,2.004,-107615152.0,56720,16788,-5.990159188679916e+37,0.0,-0.0,-1.984546180227071e+28,0.0,0.0,29.0,60.0,70,0.0,0.0,0.0,0.0,0.0,0.0,0.0,0.0,0.0,0.0,0.0,0.0,0.0,0.0,0.0,0.0,59.2,68,11,65509,41,65476,0,300,0,0,8,20529,65476,0,0,61604,60.0,0.0,0.0,0.0,0.0,0.0
2026-04-04T11:40:00,ERR,ERR,ERR,ERR,ERR,ERR,ERR,ERR,ERR,ERR,ERR,ERR,ERR,ERR,ERR,ERR,ERR,ERR,ERR,ERR,ERR,ERR,ERR,ERR,ERR,ERR,ERR,ERR,ERR,ERR,ERR,ERR,ERR,ERR,ERR,ERR,ERR,ERR,ERR,ERR,ERR,ERR,ERR,ERR,ERR,ERR,ERR,ERR,ERR,ERR,ERR,ERR,ERR,ERR,ERR,ERR,ERR,ERR,ERR,ERR,ERR,ERR,ERR,ERR,ERR,ERR,ERR,ERR,ERR,ERR,ERR,ERR,ERR,ERR,ERR,ERR,ERR,ERR,ERR,ERR,ERR,ERR,ERR,ERR,ERR,ERR,ERR,ERR,ERR,ERR,ERR,ERR,ERR,ERR,ERR,ERR,ERR,ERR,ERR,ERR,ERR,ERR,ERR,ERR,ERR,ERR,ERR,ERR,ERR,ERR,ERR,ERR,ERR,ERR,ERR,ERR,ERR,ERR,ERR,ERR,ERR,ERR,ERR,ERR,ERR,0.0,-0.0,-101055584.0,0.0,0.0,0.0,0.0,nan,0,0,0,32768,0,0.0,0,0.0,0.0,0.0,0.0,0.0,0,0,0,0,0.0,0,0,0,0,0,0,0,0,0,0,0,0,0,0,0,0,0,0,0,0,0,0,0,0,0,0,0,0,0,0,0,0,0,0,0,0,0,0,0,0,0,0,0,0,0.0,0.0,0.0,0.0,0.0,0.0,0.0,0.0,0.0,0.0,0.0,0.0,0.0,0.0,0.0,0.0,0.0,0.0,0.0,0.0,0.0,0.0,-0.0,-2.004,-2.004,-0.0,0.0,0.0,0.0,0.0,3364.5,-8608106496.0,0.0,0.0,-0.0,-0.0,2.7184274988523002e+23,0.0,0.0,0.0,0.0,0,-0.059,-152016173137920.0,0.0,0.0,0.0,0.0,0.0,0.0,0.0,0,0,0,0.0,0.0,0.0,0.0,0.0,0.0,0.0,0.0,0.0,0.0,0.0,0.0,0.0,0.0,0.0,0.0,0,-107875648.0,0,0.0,0,-107875648.0,-107877712.0,0,0,17039,13107,17053,39322,17037,0,0,0,110,100,100,0.0,64.0,0.0,64.9,-107615304.0,68.5,1,49,50,180,0,26215,0,0,0.0,0.0,0.0,0.0,-9.381011820441508e+33,65.0,0.0,0.0,0.0,645,0,687,0,0,0,715,0,786,0,708,0,689,0,645,0,641,0,618,0.032,36700160.0,2.004,-107615152.0,56720,16788,-5.990159188679916e+37,0.0,-0.0,-1.984546180227071e+28,0.0,0.0,29.0,60.0,70,0.0,0.0,0.0,0.0,0.0,0.0,0.0,0.0,0.0,0.0,0.0,0.0,0.0,0.0,0.0,0.0,59.2,68,11,65509,41,65476,0,300,0,0,8,20529,65476,0,0,61604,60.0,0.0,0.0,0.0,0.0,0.0
2026-04-04T11:40:01,ERR,ERR,ERR,ERR,ERR,ERR,ERR,ERR,ERR,ERR,ERR,ERR,ERR,ERR,ERR,ERR,ERR,ERR,ERR,ERR,ERR,ERR,ERR,ERR,ERR,ERR,ERR,ERR,ERR,ERR,ERR,ERR,ERR,ERR,ERR,ERR,ERR,ERR,ERR,ERR,ERR,ERR,ERR,ERR,ERR,ERR,ERR,ERR,ERR,ERR,ERR,ERR,ERR,ERR,ERR,ERR,ERR,ERR,ERR,ERR,ERR,ERR,ERR,ERR,ERR,ERR,ERR,ERR,ERR,ERR,ERR,ERR,ERR,ERR,ERR,ERR,ERR,ERR,ERR,ERR,ERR,ERR,ERR,ERR,ERR,ERR,ERR,ERR,ERR,ERR,ERR,ERR,ERR,ERR,ERR,ERR,ERR,ERR,ERR,ERR,ERR,ERR,ERR,ERR,ERR,ERR,ERR,ERR,ERR,ERR,ERR,ERR,ERR,ERR,ERR,ERR,ERR,ERR,ERR,ERR,ERR,ERR,ERR,ERR,ERR,0.0,-0.0,-101055584.0,0.0,0.0,0.0,0.0,nan,0,0,0,32768,0,0.0,0,0.0,0.0,0.0,0.0,0.0,0,0,0,0,0.0,0,0,0,0,0,0,0,0,0,0,0,0,0,0,0,0,0,0,0,0,0,0,0,0,0,0,0,0,0,0,0,0,0,0,0,0,0,0,0,0,0,0,0,0,0.0,0.0,0.0,0.0,0.0,0.0,0.0,0.0,0.0,0.0,0.0,0.0,0.0,0.0,0.0,0.0,0.0,0.0,0.0,0.0,0.0,0.0,-0.0,-2.004,-2.004,-0.0,0.0,0.0,0.0,0.0,3364.5,-8608106496.0,0.0,0.0,-0.0,-0.0,2.7184274988523002e+23,0.0,0.0,0.0,0.0,0,-0.059,-152016173137920.0,0.0,0.0,0.0,0.0,0.0,0.0,0.0,0,0,0,0.0,0.0,0.0,0.0,0.0,0.0,0.0,0.0,0.0,0.0,0.0,0.0,0.0,0.0,0.0,0.0,0,-107875648.0,0,0.0,0,-107875648.0,-107877712.0,0,0,17039,13107,17053,39322,17037,0,0,0,110,100,100,0.0,64.0,0.0,64.9,-107615304.0,68.5,1,49,50,180,0,26215,0,0,0.0,0.0,0.0,0.0,-9.381011820441508e+33,65.0,0.0,0.0,0.0,645,0,687,0,0,0,715,0,786,0,708,0,689,0,645,0,641,0,618,0.032,36700160.0,2.004,-107615152.0,56720,16788,-5.990159188679916e+37,0.0,-0.0,-1.984546180227071e+28,0.0,0.0,29.0,60.0,70,0.0,0.0,0.0,0.0,0.0,0.0,0.0,0.0,0.0,0.0,0.0,0.0,0.0,0.0,0.0,0.0,59.2,68,11,65509,41,65476,0,300,0,0,8,20529,65476,0,0,61604,60.0,0.0,0.0,0.0,0.0,0.0
2026-04-04T11:40:02,ERR,ERR,ERR,ERR,ERR,ERR,ERR,ERR,ERR,ERR,ERR,ERR,ERR,ERR,ERR,ERR,ERR,ERR,ERR,ERR,ERR,ERR,ERR,ERR,ERR,ERR,ERR,ERR,ERR,ERR,ERR,ERR,ERR,ERR,ERR,ERR,ERR,ERR,ERR,ERR,ERR,ERR,ERR,ERR,ERR,ERR,ERR,ERR,ERR,ERR,ERR,ERR,ERR,ERR,ERR,ERR,ERR,ERR,ERR,ERR,ERR,ERR,ERR,ERR,ERR,ERR,ERR,ERR,ERR,ERR,ERR,ERR,ERR,ERR,ERR,ERR,ERR,ERR,ERR,ERR,ERR,ERR,ERR,ERR,ERR,ERR,ERR,ERR,ERR,ERR,ERR,ERR,ERR,ERR,ERR,ERR,ERR,ERR,ERR,ERR,ERR,ERR,ERR,ERR,ERR,ERR,ERR,ERR,ERR,ERR,ERR,ERR,ERR,ERR,ERR,ERR,ERR,ERR,ERR,ERR,ERR,ERR,ERR,ERR,ERR,0.0,-0.0,-101055584.0,0.0,0.0,0.0,0.0,nan,0,0,0,32768,0,0.0,0,0.0,0.0,0.0,0.0,0.0,0,0,0,0,0.0,0,0,0,0,0,0,0,0,0,0,0,0,0,0,0,0,0,0,0,0,0,0,0,0,0,0,0,0,0,0,0,0,0,0,0,0,0,0,0,0,0,0,0,0,0.0,0.0,0.0,0.0,0.0,0.0,0.0,0.0,0.0,0.0,0.0,0.0,0.0,0.0,0.0,0.0,0.0,0.0,0.0,0.0,0.0,0.0,-0.0,-2.004,-2.004,-0.0,0.0,0.0,0.0,0.0,3364.5,-8608106496.0,0.0,0.0,-0.0,-0.0,2.7184274988523002e+23,0.0,0.0,0.0,0.0,0,-0.059,-152016173137920.0,0.0,0.0,0.0,0.0,0.0,0.0,0.0,0,0,0,0.0,0.0,0.0,0.0,0.0,0.0,0.0,0.0,0.0,0.0,0.0,0.0,0.0,0.0,0.0,0.0,0,-107875648.0,0,0.0,0,-107875648.0,-107877712.0,0,0,17039,13107,17053,39322,17037,0,0,0,110,100,100,0.0,64.0,0.0,64.9,-107615304.0,68.5,1,49,50,180,0,26215,0,0,0.0,0.0,0.0,0.0,-9.381011820441508e+33,65.0,0.0,0.0,0.0,645,0,687,0,0,0,715,0,786,0,708,0,689,0,645,0,641,0,618,0.032,36700160.0,2.004,-107615152.0,56720,16788,-5.990159188679916e+37,0.0,-0.0,-1.984546180227071e+28,0.0,0.0,29.0,60.0,70,0.0,0.0,0.0,0.0,0.0,0.0,0.0,0.0,0.0,0.0,0.0,0.0,0.0,0.0,0.0,0.0,59.2,68,11,65509,41,65476,0,300,0,0,8,20529,65476,0,0,61604,60.0,0.0,0.0,0.0,0.0,0.0
2026-04-04T11:40:03,ERR,ERR,ERR,ERR,ERR,ERR,ERR,ERR,ERR,ERR,ERR,ERR,ERR,ERR,ERR,ERR,ERR,ERR,ERR,ERR,ERR,ERR,ERR,ERR,ERR,ERR,ERR,ERR,ERR,ERR,ERR,ERR,ERR,ERR,ERR,ERR,ERR,ERR,ERR,ERR,ERR,ERR,ERR,ERR,ERR,ERR,ERR,ERR,ERR,ERR,ERR,ERR,ERR,ERR,ERR,ERR,ERR,ERR,ERR,ERR,ERR,ERR,ERR,ERR,ERR,ERR,ERR,ERR,ERR,ERR,ERR,ERR,ERR,ERR,ERR,ERR,ERR,ERR,ERR,ERR,ERR,ERR,ERR,ERR,ERR,ERR,ERR,ERR,ERR,ERR,ERR,ERR,ERR,ERR,ERR,ERR,ERR,ERR,ERR,ERR,ERR,ERR,ERR,ERR,ERR,ERR,ERR,ERR,ERR,ERR,ERR,ERR,ERR,ERR,ERR,ERR,ERR,ERR,ERR,ERR,ERR,ERR,ERR,ERR,ERR,0.0,-0.0,-101055584.0,0.0,0.0,0.0,0.0,nan,0,0,0,32768,0,0.0,0,0.0,0.0,0.0,0.0,0.0,0,0,0,0,0.0,0,0,0,0,0,0,0,0,0,0,0,0,0,0,0,0,0,0,0,0,0,0,0,0,0,0,0,0,0,0,0,0,0,0,0,0,0,0,0,0,0,0,0,0,0.0,0.0,0.0,0.0,0.0,0.0,0.0,0.0,0.0,0.0,0.0,0.0,0.0,0.0,0.0,0.0,0.0,0.0,0.0,0.0,0.0,0.0,-0.0,-2.004,-2.004,-0.0,0.0,0.0,0.0,0.0,3364.5,-8608106496.0,0.0,0.0,-0.0,-0.0,2.7184274988523002e+23,0.0,0.0,0.0,0.0,0,-0.059,-152016173137920.0,0.0,0.0,0.0,0.0,0.0,0.0,0.0,0,0,0,0.0,0.0,0.0,0.0,0.0,0.0,0.0,0.0,0.0,0.0,0.0,0.0,0.0,0.0,0.0,0.0,0,-107875648.0,0,0.0,0,-107875648.0,-107877712.0,0,0,17039,13107,17053,39322,17037,0,0,0,110,100,100,0.0,64.0,0.0,64.9,-107615304.0,68.5,1,49,50,180,0,26215,0,0,0.0,0.0,0.0,0.0,-9.381011820441508e+33,65.0,0.0,0.0,0.0,645,0,687,0,0,0,715,0,786,0,708,0,689,0,645,0,641,0,618,0.032,36700160.0,2.004,-107615152.0,56720,16788,-5.990159188679916e+37,0.0,-0.0,-1.984546180227071e+28,0.0,0.0,29.0,60.0,70,0.0,0.0,0.0,0.0,0.0,0.0,0.0,0.0,0.0,0.0,0.0,0.0,0.0,0.0,0.0,0.0,59.2,68,11,65509,41,65476,0,300,0,0,8,20529,65476,0,0,61604,60.0,0.0,0.0,0.0,0.0,0.0
2026-04-04T11:40:04,ERR,ERR,ERR,ERR,ERR,ERR,ERR,ERR,ERR,ERR,ERR,ERR,ERR,ERR,ERR,ERR,ERR,ERR,ERR,ERR,ERR,ERR,ERR,ERR,ERR,ERR,ERR,ERR,ERR,ERR,ERR,ERR,ERR,ERR,ERR,ERR,ERR,ERR,ERR,ERR,ERR,ERR,ERR,ERR,ERR,ERR,ERR,ERR,ERR,ERR,ERR,ERR,ERR,ERR,ERR,ERR,ERR,ERR,ERR,ERR,ERR,ERR,ERR,ERR,ERR,ERR,ERR,ERR,ERR,ERR,ERR,ERR,ERR,ERR,ERR,ERR,ERR,ERR,ERR,ERR,ERR,ERR,ERR,ERR,ERR,ERR,ERR,ERR,ERR,ERR,ERR,ERR,ERR,ERR,ERR,ERR,ERR,ERR,ERR,ERR,ERR,ERR,ERR,ERR,ERR,ERR,ERR,ERR,ERR,ERR,ERR,ERR,ERR,ERR,ERR,ERR,ERR,ERR,ERR,ERR,ERR,ERR,ERR,ERR,ERR,0.0,-0.0,-101055584.0,0.0,0.0,0.0,0.0,nan,0,0,0,32768,0,0.0,0,0.0,0.0,0.0,0.0,0.0,0,0,0,0,0.0,0,0,0,0,0,0,0,0,0,0,0,0,0,0,0,0,0,0,0,0,0,0,0,0,0,0,0,0,0,0,0,0,0,0,0,0,0,0,0,0,0,0,0,0,0.0,0.0,0.0,0.0,0.0,0.0,0.0,0.0,0.0,0.0,0.0,0.0,0.0,0.0,0.0,0.0,0.0,0.0,0.0,0.0,0.0,0.0,-0.0,-2.004,-2.004,-0.0,0.0,0.0,0.0,0.0,3364.5,-8608106496.0,0.0,0.0,-0.0,-0.0,2.7184274988523002e+23,0.0,0.0,0.0,0.0,0,-0.059,-152016173137920.0,0.0,0.0,0.0,0.0,0.0,0.0,0.0,0,0,0,0.0,0.0,0.0,0.0,0.0,0.0,0.0,0.0,0.0,0.0,0.0,0.0,0.0,0.0,0.0,0.0,0,-107875648.0,0,0.0,0,-107875648.0,-107877712.0,0,0,17039,13107,17053,39322,17037,0,0,0,110,100,100,0.0,64.0,0.0,64.9,-107615304.0,68.5,1,49,50,180,0,26215,0,0,0.0,0.0,0.0,0.0,0.0,65.5,0.0,-0.0,0.0,645,0,687,0,0,0,715,0,786,0,708,0,689,0,645,0,641,0,618,0.032,36700160.0,-0.0,0.0,9360,16789,0.0,-0.0,0.0,9.246362790631834e+16,-0.0,-0.0,29.0,60.0,70,0.0,0.0,0.0,0.0,0.0,0.0,0.0,0.0,0.0,0.0,0.0,0.0,0.0,0.0,0.0,0.0,59.6,68,11,65509,41,65476,0,300,0,0,8,20529,65476,0,0,61604,60.0,0.0,0.0,0.0,0.0,0.0
2026-04-04T11:40:05,ERR,ERR,ERR,ERR,ERR,ERR,ERR,ERR,ERR,ERR,ERR,ERR,ERR,ERR,ERR,ERR,ERR,ERR,ERR,ERR,ERR,ERR,ERR,ERR,ERR,ERR,ERR,ERR,ERR,ERR,ERR,ERR,ERR,ERR,ERR,ERR,ERR,ERR,ERR,ERR,ERR,ERR,ERR,ERR,ERR,ERR,ERR,ERR,ERR,ERR,ERR,ERR,ERR,ERR,ERR,ERR,ERR,ERR,ERR,ERR,ERR,ERR,ERR,ERR,ERR,ERR,ERR,ERR,ERR,ERR,ERR,ERR,ERR,ERR,ERR,ERR,ERR,ERR,ERR,ERR,ERR,ERR,ERR,ERR,ERR,ERR,ERR,ERR,ERR,ERR,ERR,ERR,ERR,ERR,ERR,ERR,ERR,ERR,ERR,ERR,ERR,ERR,ERR,ERR,ERR,ERR,ERR,ERR,ERR,ERR,ERR,ERR,ERR,ERR,ERR,ERR,ERR,ERR,ERR,ERR,ERR,ERR,ERR,ERR,ERR,0.0,-0.0,-101055584.0,0.0,0.0,0.0,0.0,nan,0,0,0,32768,0,0.0,0,0.0,0.0,0.0,0.0,0.0,0,0,0,0,0.0,0,0,0,0,0,0,0,0,0,0,0,0,0,0,0,0,0,0,0,0,0,0,0,0,0,0,0,0,0,0,0,0,0,0,0,0,0,0,0,0,0,0,0,0,0.0,0.0,0.0,0.0,0.0,0.0,0.0,0.0,0.0,0.0,0.0,0.0,0.0,0.0,0.0,0.0,0.0,0.0,0.0,0.0,0.0,0.0,-0.0,-2.004,-2.004,-0.0,0.0,0.0,0.0,0.0,3384.0,0.0,0.0,0.0,-0.0,-0.0,2.7184274988523002e+23,0.0,0.0,0.0,0.0,0,-152018253512704.0,0.0,0.0,0.0,0.0,0.0,0.0,0.0,0.0,0,0,0,0.0,0.0,0.0,0.0,0.0,0.0,0.0,0.0,0.0,0.0,0.0,0.0,0.0,0.0,0.0,0.0,0,-107875648.0,0,0.0,0,-107875648.0,-107877712.0,0,0,17039,13107,17053,39322,17037,0,0,0,110,100,100,0.0,64.0,0.0,64.9,-107615304.0,68.5,1,49,50,180,0,26215,0,0,0.0,0.0,0.0,0.0,0.0,65.5,0.0,-0.0,0.0,645,0,687,0,0,0,715,0,786,0,708,0,689,0,645,0,641,0,618,0.032,36700160.0,-0.0,0.0,9360,16789,0.0,-0.0,0.0,9.246362790631834e+16,-0.0,-0.0,29.0,60.0,70,0.0,0.0,0.0,0.0,0.0,0.0,0.0,0.0,0.0,0.0,0.0,0.0,0.0,0.0,0.0,0.0,59.6,68,11,65509,41,65476,0,300,0,0,8,20529,65476,0,0,61604,60.0,0.0,0.0,0.0,0.0,0.0
2026-04-04T11:40:06,ERR,ERR,ERR,ERR,ERR,ERR,ERR,ERR,ERR,ERR,ERR,ERR,ERR,ERR,ERR,ERR,ERR,ERR,ERR,ERR,ERR,ERR,ERR,ERR,ERR,ERR,ERR,ERR,ERR,ERR,ERR,ERR,ERR,ERR,ERR,ERR,ERR,ERR,ERR,ERR,ERR,ERR,ERR,ERR,ERR,ERR,ERR,ERR,ERR,ERR,ERR,ERR,ERR,ERR,ERR,ERR,ERR,ERR,ERR,ERR,ERR,ERR,ERR,ERR,ERR,ERR,ERR,ERR,ERR,ERR,ERR,ERR,ERR,ERR,ERR,ERR,ERR,ERR,ERR,ERR,ERR,ERR,ERR,ERR,ERR,ERR,ERR,ERR,ERR,ERR,ERR,ERR,ERR,ERR,ERR,ERR,ERR,ERR,ERR,ERR,ERR,ERR,ERR,ERR,ERR,ERR,ERR,ERR,ERR,ERR,ERR,ERR,ERR,ERR,ERR,ERR,ERR,ERR,ERR,ERR,ERR,ERR,ERR,ERR,ERR,0.0,-0.0,-101055584.0,0.0,0.0,0.0,0.0,nan,0,0,0,32768,0,0.0,0,0.0,0.0,0.0,0.0,0.0,0,0,0,0,0.0,0,0,0,0,0,0,0,0,0,0,0,0,0,0,0,0,0,0,0,0,0,0,0,0,0,0,0,0,0,0,0,0,0,0,0,0,0,0,0,0,0,0,0,0,0.0,0.0,0.0,0.0,0.0,0.0,0.0,0.0,0.0,0.0,0.0,0.0,0.0,0.0,0.0,0.0,0.0,0.0,0.0,0.0,0.0,0.0,-0.0,-2.004,-2.004,-0.0,0.0,0.0,0.0,0.0,3384.0,0.0,0.0,0.0,-0.0,-0.0,2.7184274988523002e+23,0.0,0.0,0.0,0.0,0,-152018253512704.0,0.0,0.0,0.0,0.0,0.0,0.0,0.0,0.0,0,0,0,0.0,0.0,0.0,0.0,0.0,0.0,0.0,0.0,0.0,0.0,0.0,0.0,0.0,0.0,0.0,0.0,0,-107875648.0,0,0.0,0,-107875648.0,-107877712.0,0,0,17039,13107,17053,39322,17037,0,0,0,110,100,100,0.0,64.0,0.0,64.9,-107615304.0,68.5,1,49,50,180,0,26215,0,0,0.0,0.0,0.0,0.0,0.0,65.5,0.0,-0.0,0.0,645,0,687,0,0,0,715,0,786,0,708,0,689,0,645,0,641,0,618,0.032,36700160.0,-0.0,0.0,9360,16789,0.0,-0.0,0.0,9.246362790631834e+16,-0.0,-0.0,29.0,60.0,70,0.0,0.0,0.0,0.0,0.0,0.0,0.0,0.0,0.0,0.0,0.0,0.0,0.0,0.0,0.0,0.0,59.2,68,11,65509,41,65476,0,300,0,0,8,20529,65476,0,0,61604,60.0,0.0,0.0,0.0,0.0,0.0
2026-04-04T11:40:07,ERR,ERR,ERR,ERR,ERR,ERR,ERR,ERR,ERR,ERR,ERR,ERR,ERR,ERR,ERR,ERR,ERR,ERR,ERR,ERR,ERR,ERR,ERR,ERR,ERR,ERR,ERR,ERR,ERR,ERR,ERR,ERR,ERR,ERR,ERR,ERR,ERR,ERR,ERR,ERR,ERR,ERR,ERR,ERR,ERR,ERR,ERR,ERR,ERR,ERR,ERR,ERR,ERR,ERR,ERR,ERR,ERR,ERR,ERR,ERR,ERR,ERR,ERR,ERR,ERR,ERR,ERR,ERR,ERR,ERR,ERR,ERR,ERR,ERR,ERR,ERR,ERR,ERR,ERR,ERR,ERR,ERR,ERR,ERR,ERR,ERR,ERR,ERR,ERR,ERR,ERR,ERR,ERR,ERR,ERR,ERR,ERR,ERR,ERR,ERR,ERR,ERR,ERR,ERR,ERR,ERR,ERR,ERR,ERR,ERR,ERR,ERR,ERR,ERR,ERR,ERR,ERR,ERR,ERR,ERR,ERR,ERR,ERR,ERR,ERR,0.0,-0.0,-101055584.0,0.0,0.0,0.0,0.0,nan,0,0,0,32768,0,0.0,0,0.0,0.0,0.0,0.0,0.0,0,0,0,0,0.0,0,0,0,0,0,0,0,0,0,0,0,0,0,0,0,0,0,0,0,0,0,0,0,0,0,0,0,0,0,0,0,0,0,0,0,0,0,0,0,0,0,0,0,0,0.0,0.0,0.0,0.0,0.0,0.0,0.0,0.0,0.0,0.0,0.0,0.0,0.0,0.0,0.0,0.0,0.0,0.0,0.0,0.0,0.0,0.0,-0.0,-2.004,-2.004,-0.0,0.0,0.0,0.0,0.0,3384.0,0.0,0.0,0.0,-0.0,-0.0,2.7184274988523002e+23,0.0,0.0,0.0,0.0,0,-152018253512704.0,0.0,0.0,0.0,0.0,0.0,0.0,0.0,0.0,0,0,0,0.0,0.0,0.0,0.0,0.0,0.0,0.0,0.0,0.0,0.0,0.0,0.0,0.0,0.0,0.0,0.0,0,-107875648.0,0,0.0,0,-107875648.0,-107877712.0,0,0,17039,13107,17053,39322,17037,0,0,0,110,100,100,0.0,64.0,0.0,64.9,-107615304.0,68.5,1,49,50,180,0,26215,0,0,0.0,0.0,0.0,0.0,0.0,65.5,0.0,-0.0,0.0,645,0,687,0,0,0,715,0,786,0,708,0,689,0,645,0,641,0,618,0.032,36700160.0,-0.0,0.0,9360,16789,0.0,-0.0,0.0,9.246362790631834e+16,-0.0,-0.0,29.0,60.0,70,0.0,0.0,0.0,0.0,0.0,0.0,0.0,0.0,0.0,0.0,0.0,0.0,0.0,0.0,0.0,0.0,59.2,68,11,65509,41,65476,0,300,0,0,8,20529,65476,0,0,61604,60.0,0.0,0.0,0.0,0.0,0.0
2026-04-04T11:40:08,ERR,ERR,ERR,ERR,ERR,ERR,ERR,ERR,ERR,ERR,ERR,ERR,ERR,ERR,ERR,ERR,ERR,ERR,ERR,ERR,ERR,ERR,ERR,ERR,ERR,ERR,ERR,ERR,ERR,ERR,ERR,ERR,ERR,ERR,ERR,ERR,ERR,ERR,ERR,ERR,ERR,ERR,ERR,ERR,ERR,ERR,ERR,ERR,ERR,ERR,ERR,ERR,ERR,ERR,ERR,ERR,ERR,ERR,ERR,ERR,ERR,ERR,ERR,ERR,ERR,ERR,ERR,ERR,ERR,ERR,ERR,ERR,ERR,ERR,ERR,ERR,ERR,ERR,ERR,ERR,ERR,ERR,ERR,ERR,ERR,ERR,ERR,ERR,ERR,ERR,ERR,ERR,ERR,ERR,ERR,ERR,ERR,ERR,ERR,ERR,ERR,ERR,ERR,ERR,ERR,ERR,ERR,ERR,ERR,ERR,ERR,ERR,ERR,ERR,ERR,ERR,ERR,ERR,ERR,ERR,ERR,ERR,ERR,ERR,ERR,0.0,-0.0,-101055584.0,0.0,0.0,0.0,0.0,nan,0,0,0,32768,0,0.0,0,0.0,0.0,0.0,0.0,0.0,0,0,0,0,0.0,0,0,0,0,0,0,0,0,0,0,0,0,0,0,0,0,0,0,0,0,0,0,0,0,0,0,0,0,0,0,0,0,0,0,0,0,0,0,0,0,0,0,0,0,0.0,0.0,0.0,0.0,0.0,0.0,0.0,0.0,0.0,0.0,0.0,0.0,0.0,0.0,0.0,0.0,0.0,0.0,0.0,0.0,0.0,0.0,-0.0,-2.004,-2.004,-0.0,0.0,0.0,0.0,0.0,3384.0,0.0,0.0,0.0,-0.0,-0.0,2.7184274988523002e+23,0.0,0.0,0.0,0.0,0,-152018253512704.0,0.0,0.0,0.0,0.0,0.0,0.0,0.0,0.0,0,0,0,0.0,0.0,0.0,0.0,0.0,0.0,0.0,0.0,0.0,0.0,0.0,0.0,0.0,0.0,0.0,0.0,0,-107875648.0,0,0.0,0,-107875648.0,-107877712.0,0,0,17039,13107,17053,39322,17037,0,0,0,110,100,100,0.0,64.0,0.0,64.9,-107615304.0,68.5,1,49,50,180,0,26215,0,0,0.0,0.0,0.0,0.0,0.0,65.5,0.0,-0.0,0.0,645,0,687,0,0,0,715,0,786,0,708,0,689,0,645,0,641,0,618,0.032,36700160.0,-0.0,0.0,9360,16789,0.0,-0.0,0.0,9.246362790631834e+16,-0.0,-0.0,29.0,60.0,70,0.0,0.0,0.0,0.0,0.0,0.0,0.0,0.0,0.0,0.0,0.0,0.0,0.0,0.0,0.0,0.0,59.2,68,11,65509,41,65476,0,300,0,0,8,20529,65476,0,0,61604,60.0,0.0,0.0,0.0,0.0,0.0
2026-04-04T11:40:09,ERR,ERR,ERR,ERR,ERR,ERR,ERR,ERR,ERR,ERR,ERR,ERR,ERR,ERR,ERR,ERR,ERR,ERR,ERR,ERR,ERR,ERR,ERR,ERR,ERR,ERR,ERR,ERR,ERR,ERR,ERR,ERR,ERR,ERR,ERR,ERR,ERR,ERR,ERR,ERR,ERR,ERR,ERR,ERR,ERR,ERR,ERR,ERR,ERR,ERR,ERR,ERR,ERR,ERR,ERR,ERR,ERR,ERR,ERR,ERR,ERR,ERR,ERR,ERR,ERR,ERR,ERR,ERR,ERR,ERR,ERR,ERR,ERR,ERR,ERR,ERR,ERR,ERR,ERR,ERR,ERR,ERR,ERR,ERR,ERR,ERR,ERR,ERR,ERR,ERR,ERR,ERR,ERR,ERR,ERR,ERR,ERR,ERR,ERR,ERR,ERR,ERR,ERR,ERR,ERR,ERR,ERR,ERR,ERR,ERR,ERR,ERR,ERR,ERR,ERR,ERR,ERR,ERR,ERR,ERR,ERR,ERR,ERR,ERR,ERR,0.0,-0.0,-101055584.0,0.0,0.0,0.0,0.0,nan,0,0,0,32768,0,0.0,0,0.0,0.0,0.0,0.0,0.0,0,0,0,0,0.0,0,0,0,0,0,0,0,0,0,0,0,0,0,0,0,0,0,0,0,0,0,0,0,0,0,0,0,0,0,0,0,0,0,0,0,0,0,0,0,0,0,0,0,0,0.0,0.0,0.0,0.0,0.0,0.0,0.0,0.0,0.0,0.0,0.0,0.0,0.0,0.0,0.0,0.0,0.0,0.0,0.0,0.0,0.0,0.0,-0.0,-2.004,-2.004,-0.0,0.0,0.0,0.0,0.0,3384.0,0.0,0.0,0.0,-0.0,-0.0,2.7184274988523002e+23,0.0,0.0,0.0,0.0,0,-152018253512704.0,0.0,0.0,0.0,0.0,0.0,0.0,0.0,0.0,0,0,0,0.0,0.0,0.0,0.0,0.0,0.0,0.0,0.0,0.0,0.0,0.0,0.0,0.0,0.0,0.0,0.0,0,-107875648.0,0,0.0,0,-107875648.0,-107877712.0,0,0,17039,13107,17053,39322,17037,0,0,0,110,100,100,0.0,64.0,0.0,64.9,-107615304.0,68.5,1,49,50,180,0,26215,0,0,0.0,0.0,0.0,0.0,0.0,65.5,0.0,7.53930285314841e+18,0.0,645,0,687,0,0,0,715,0,786,0,708,0,689,0,645,0,641,0,618,0.032,36962304.0,-0.0,0.0,62352,16788,0.0,1.5583008864562315e+19,-5.110292402711522e+31,-7.000830488652688e+23,5.1667581909380104e+19,9.062185272582417e+27,29.0,60.0,70,0.0,0.0,0.0,0.0,0.0,0.0,0.0,0.0,0.0,0.0,0.0,0.0,0.0,0.0,0.0,0.0,59.2,68,11,65509,41,65476,0,300,0,0,8,20529,65476,0,0,61604,60.0,0.0,0.0,0.0,0.0,0.0
2026-04-04T11:40:10,ERR,ERR,ERR,ERR,ERR,ERR,ERR,ERR,ERR,ERR,ERR,ERR,ERR,ERR,ERR,ERR,ERR,ERR,ERR,ERR,ERR,ERR,ERR,ERR,ERR,ERR,ERR,ERR,ERR,ERR,ERR,ERR,ERR,ERR,ERR,ERR,ERR,ERR,ERR,ERR,ERR,ERR,ERR,ERR,ERR,ERR,ERR,ERR,ERR,ERR,ERR,ERR,ERR,ERR,ERR,ERR,ERR,ERR,ERR,ERR,ERR,ERR,ERR,ERR,ERR,ERR,ERR,ERR,ERR,ERR,ERR,ERR,ERR,ERR,ERR,ERR,ERR,ERR,ERR,ERR,ERR,ERR,ERR,ERR,ERR,ERR,ERR,ERR,ERR,ERR,ERR,ERR,ERR,ERR,ERR,ERR,ERR,ERR,ERR,ERR,ERR,ERR,ERR,ERR,ERR,ERR,ERR,ERR,ERR,ERR,ERR,ERR,ERR,ERR,ERR,ERR,ERR,ERR,ERR,ERR,ERR,ERR,ERR,ERR,ERR,0.0,-0.0,-101055584.0,0.0,0.0,0.0,0.0,nan,0,0,0,32768,0,0.0,0,0.0,0.0,0.0,0.0,0.0,0,0,0,0,0.0,0,0,0,0,0,0,0,0,0,0,0,0,0,0,0,0,0,0,0,0,0,0,0,0,0,0,0,0,0,0,0,0,0,0,0,0,0,0,0,0,0,0,0,0,0.0,0.0,0.0,0.0,0.0,0.0,0.0,0.0,0.0,0.0,0.0,0.0,0.0,0.0,0.0,0.0,0.0,0.0,0.0,0.0,0.0,0.0,-0.0,-2.004,-2.004,-0.0,0.0,0.0,0.0,0.0,3384.0,0.0,0.0,0.0,-0.0,-0.0,2.7184274988523002e+23,0.0,0.0,0.0,0.0,0,-152018253512704.0,0.0,0.0,0.0,0.0,0.0,0.0,0.0,0.0,0,0,0,0.0,0.0,0.0,0.0,0.0,0.0,0.0,0.0,0.0,0.0,0.0,0.0,0.0,0.0,0.0,0.0,0,-107875648.0,0,0.0,0,-107875648.0,-107877712.0,0,0,17039,13107,17053,39322,17037,0,0,0,110,100,100,0.0,64.0,0.0,64.9,-107615304.0,68.5,1,49,50,180,0,26215,0,0,0.0,0.0,0.0,0.0,0.0,65.5,0.0,7.53930285314841e+18,0.0,645,0,687,0,0,0,715,0,786,0,708,0,689,0,645,0,641,0,618,0.032,36962304.0,-0.0,0.0,62352,16788,0.0,1.5583008864562315e+19,-5.110292402711522e+31,-7.000830488652688e+23,5.1667581909380104e+19,9.062185272582417e+27,29.0,60.0,70,0.0,0.0,0.0,0.0,0.0,0.0,0.0,0.0,0.0,0.0,0.0,0.0,0.0,0.0,0.0,0.0,59.2,68,11,65509,41,65476,0,300,0,0,8,20529,65476,0,0,61604,60.0,0.0,0.0,0.0,0.0,0.0
2026-04-04T11:40:11,ERR,ERR,ERR,ERR,ERR,ERR,ERR,ERR,ERR,ERR,ERR,ERR,ERR,ERR,ERR,ERR,ERR,ERR,ERR,ERR,ERR,ERR,ERR,ERR,ERR,ERR,ERR,ERR,ERR,ERR,ERR,ERR,ERR,ERR,ERR,ERR,ERR,ERR,ERR,ERR,ERR,ERR,ERR,ERR,ERR,ERR,ERR,ERR,ERR,ERR,ERR,ERR,ERR,ERR,ERR,ERR,ERR,ERR,ERR,ERR,ERR,ERR,ERR,ERR,ERR,ERR,ERR,ERR,ERR,ERR,ERR,ERR,ERR,ERR,ERR,ERR,ERR,ERR,ERR,ERR,ERR,ERR,ERR,ERR,ERR,ERR,ERR,ERR,ERR,ERR,ERR,ERR,ERR,ERR,ERR,ERR,ERR,ERR,ERR,ERR,ERR,ERR,ERR,ERR,ERR,ERR,ERR,ERR,ERR,ERR,ERR,ERR,ERR,ERR,ERR,ERR,ERR,ERR,ERR,ERR,ERR,ERR,ERR,ERR,ERR,0.0,-0.0,-101055584.0,0.0,0.0,0.0,0.0,nan,0,0,0,32768,0,0.0,0,0.0,0.0,0.0,0.0,0.0,0,0,0,0,0.0,0,0,0,0,0,0,0,0,0,0,0,0,0,0,0,0,0,0,0,0,0,0,0,0,0,0,0,0,0,0,0,0,0,0,0,0,0,0,0,0,0,0,0,0,0.0,0.0,0.0,0.0,0.0,0.0,0.0,0.0,0.0,0.0,0.0,0.0,0.0,0.0,0.0,0.0,0.0,0.0,0.0,0.0,0.0,0.0,-0.0,-2.004,-2.004,-0.0,0.0,0.0,0.0,0.0,3384.0,0.0,0.0,0.0,-0.0,-0.0,2.7184274988523002e+23,0.0,0.0,0.0,0.0,0,-152018253512704.0,0.0,0.0,0.0,0.0,0.0,0.0,0.0,0.0,0,0,0,0.0,0.0,0.0,0.0,0.0,0.0,0.0,0.0,0.0,0.0,0.0,0.0,0.0,0.0,0.0,0.0,0,-107875648.0,0,0.0,0,-107875648.0,-107877712.0,0,0,17039,13107,17053,39322,17037,0,0,0,110,100,100,0.0,64.0,0.0,64.9,-107615304.0,68.5,1,49,50,180,0,26215,0,0,0.0,0.0,0.0,0.0,0.0,65.5,0.0,7.53930285314841e+18,0.0,645,0,687,0,0,0,715,0,786,0,708,0,689,0,645,0,641,0,618,0.032,36962304.0,-0.0,0.0,62352,16788,0.0,1.5583008864562315e+19,-5.110292402711522e+31,-7.000830488652688e+23,5.1667581909380104e+19,9.062185272582417e+27,29.0,60.0,70,0.0,0.0,0.0,0.0,0.0,0.0,0.0,0.0,0.0,0.0,0.0,0.0,0.0,0.0,0.0,0.0,59.2,68,11,65509,41,65476,0,300,0,0,8,20529,65476,0,0,61604,60.0,0.0,0.0,0.0,0.0,0.0
2026-04-04T11:40:12,ERR,ERR,ERR,ERR,ERR,ERR,ERR,ERR,ERR,ERR,ERR,ERR,ERR,ERR,ERR,ERR,ERR,ERR,ERR,ERR,ERR,ERR,ERR,ERR,ERR,ERR,ERR,ERR,ERR,ERR,ERR,ERR,ERR,ERR,ERR,ERR,ERR,ERR,ERR,ERR,ERR,ERR,ERR,ERR,ERR,ERR,ERR,ERR,ERR,ERR,ERR,ERR,ERR,ERR,ERR,ERR,ERR,ERR,ERR,ERR,ERR,ERR,ERR,ERR,ERR,ERR,ERR,ERR,ERR,ERR,ERR,ERR,ERR,ERR,ERR,ERR,ERR,ERR,ERR,ERR,ERR,ERR,ERR,ERR,ERR,ERR,ERR,ERR,ERR,ERR,ERR,ERR,ERR,ERR,ERR,ERR,ERR,ERR,ERR,ERR,ERR,ERR,ERR,ERR,ERR,ERR,ERR,ERR,ERR,ERR,ERR,ERR,ERR,ERR,ERR,ERR,ERR,ERR,ERR,ERR,ERR,ERR,ERR,ERR,ERR,0.0,-0.0,-101055584.0,0.0,0.0,0.0,0.0,nan,0,0,0,32768,0,0.0,0,0.0,0.0,0.0,0.0,0.0,0,0,0,0,0.0,0,0,0,0,0,0,0,0,0,0,0,0,0,0,0,0,0,0,0,0,0,0,0,0,0,0,0,0,0,0,0,0,0,0,0,0,0,0,0,0,0,0,0,0,0.0,0.0,0.0,0.0,0.0,0.0,0.0,0.0,0.0,0.0,0.0,0.0,0.0,0.0,0.0,0.0,0.0,0.0,0.0,0.0,0.0,0.0,-0.0,-2.004,-2.004,-0.0,0.0,0.0,0.0,0.0,3381.5,0.0,0.0,0.0,-0.0,-0.0,2.7184274988523002e+23,0.0,0.0,0.0,0.0,0,-89221.016,0.0,0.0,0.0,0.0,0.0,0.0,0.0,0.0,0,0,0,0.0,0.0,0.0,0.0,0.0,0.0,0.0,0.0,0.0,0.0,0.0,0.0,0.0,0.0,0.0,0.0,0,-107875648.0,0,0.0,0,-107875648.0,-107877712.0,0,0,17039,13107,17053,39322,17037,0,0,0,110,100,100,0.0,64.0,0.0,64.9,-107615304.0,68.5,1,49,50,180,0,26215,0,0,0.0,0.0,0.0,0.0,0.0,65.5,0.0,7.53930285314841e+18,0.0,645,0,687,0,0,0,715,0,786,0,708,0,689,0,645,0,641,0,618,0.032,36962304.0,-0.0,0.0,62352,16788,0.0,1.5583008864562315e+19,-5.110292402711522e+31,-7.000830488652688e+23,5.1667581909380104e+19,9.062185272582417e+27,29.0,60.0,70,0.0,0.0,0.0,0.0,0.0,0.0,0.0,0.0,0.0,0.0,0.0,0.0,0.0,0.0,0.0,0.0,59.2,68,11,65509,41,65476,0,300,0,0,8,20529,65476,0,0,61604,60.0,0.0,0.0,0.0,0.0,0.0
2026-04-04T11:40:13,ERR,ERR,ERR,ERR,ERR,ERR,ERR,ERR,ERR,ERR,ERR,ERR,ERR,ERR,ERR,ERR,ERR,ERR,ERR,ERR,ERR,ERR,ERR,ERR,ERR,ERR,ERR,ERR,ERR,ERR,ERR,ERR,ERR,ERR,ERR,ERR,ERR,ERR,ERR,ERR,ERR,ERR,ERR,ERR,ERR,ERR,ERR,ERR,ERR,ERR,ERR,ERR,ERR,ERR,ERR,ERR,ERR,ERR,ERR,ERR,ERR,ERR,ERR,ERR,ERR,ERR,ERR,ERR,ERR,ERR,ERR,ERR,ERR,ERR,ERR,ERR,ERR,ERR,ERR,ERR,ERR,ERR,ERR,ERR,ERR,ERR,ERR,ERR,ERR,ERR,ERR,ERR,ERR,ERR,ERR,ERR,ERR,ERR,ERR,ERR,ERR,ERR,ERR,ERR,ERR,ERR,ERR,ERR,ERR,ERR,ERR,ERR,ERR,ERR,ERR,ERR,ERR,ERR,ERR,ERR,ERR,ERR,ERR,ERR,ERR,0.0,-0.0,-101055584.0,0.0,0.0,0.0,0.0,nan,0,0,0,32768,0,0.0,0,0.0,0.0,0.0,0.0,0.0,0,0,0,0,0.0,0,0,0,0,0,0,0,0,0,0,0,0,0,0,0,0,0,0,0,0,0,0,0,0,0,0,0,0,0,0,0,0,0,0,0,0,0,0,0,0,0,0,0,0,0.0,0.0,0.0,0.0,0.0,0.0,0.0,0.0,0.0,0.0,0.0,0.0,0.0,0.0,0.0,0.0,0.0,0.0,0.0,0.0,0.0,0.0,-0.0,-2.004,-2.004,-0.0,0.0,0.0,0.0,0.0,3381.5,0.0,0.0,0.0,-0.0,-0.0,2.7184274988523002e+23,0.0,0.0,0.0,0.0,0,-89221.016,0.0,0.0,0.0,0.0,0.0,0.0,0.0,0.0,0,0,0,0.0,0.0,0.0,0.0,0.0,0.0,0.0,0.0,0.0,0.0,0.0,0.0,0.0,0.0,0.0,0.0,0,-107875648.0,0,0.0,0,-107875648.0,-107877712.0,0,0,17039,13107,17053,39322,17037,0,0,0,110,100,100,0.0,64.0,0.0,64.9,-107615304.0,68.5,1,49,50,180,0,26215,0,0,0.0,0.0,0.0,0.0,0.0,65.5,0.0,7.53930285314841e+18,0.0,645,0,687,0,0,0,715,0,786,0,708,0,689,0,645,0,641,0,618,0.032,36962304.0,-0.0,0.0,62352,16788,0.0,1.5583008864562315e+19,-5.110292402711522e+31,-7.000830488652688e+23,5.1667581909380104e+19,9.062185272582417e+27,29.0,60.0,70,0.0,0.0,0.0,0.0,0.0,0.0,0.0,0.0,0.0,0.0,0.0,0.0,0.0,0.0,0.0,0.0,59.2,68,11,65509,41,65476,0,300,0,0,8,20529,65476,0,0,61604,60.0,0.0,0.0,0.0,0.0,0.0
2026-04-04T11:40:14,ERR,ERR,ERR,ERR,ERR,ERR,ERR,ERR,ERR,ERR,ERR,ERR,ERR,ERR,ERR,ERR,ERR,ERR,ERR,ERR,ERR,ERR,ERR,ERR,ERR,ERR,ERR,ERR,ERR,ERR,ERR,ERR,ERR,ERR,ERR,ERR,ERR,ERR,ERR,ERR,ERR,ERR,ERR,ERR,ERR,ERR,ERR,ERR,ERR,ERR,ERR,ERR,ERR,ERR,ERR,ERR,ERR,ERR,ERR,ERR,ERR,ERR,ERR,ERR,ERR,ERR,ERR,ERR,ERR,ERR,ERR,ERR,ERR,ERR,ERR,ERR,ERR,ERR,ERR,ERR,ERR,ERR,ERR,ERR,ERR,ERR,ERR,ERR,ERR,ERR,ERR,ERR,ERR,ERR,ERR,ERR,ERR,ERR,ERR,ERR,ERR,ERR,ERR,ERR,ERR,ERR,ERR,ERR,ERR,ERR,ERR,ERR,ERR,ERR,ERR,ERR,ERR,ERR,ERR,ERR,ERR,ERR,ERR,ERR,ERR,0.0,-0.0,-101055584.0,0.0,0.0,0.0,0.0,nan,0,0,0,32768,0,0.0,0,0.0,0.0,0.0,0.0,0.0,0,0,0,0,0.0,0,0,0,0,0,0,0,0,0,0,0,0,0,0,0,0,0,0,0,0,0,0,0,0,0,0,0,0,0,0,0,0,0,0,0,0,0,0,0,0,0,0,0,0,0.0,0.0,0.0,0.0,0.0,0.0,0.0,0.0,0.0,0.0,0.0,0.0,0.0,0.0,0.0,0.0,0.0,0.0,0.0,0.0,0.0,0.0,-0.0,-2.004,-2.004,-0.0,0.0,0.0,0.0,0.0,3381.5,0.0,0.0,0.0,-0.0,-0.0,2.7184274988523002e+23,0.0,0.0,0.0,0.0,0,-89221.016,0.0,0.0,0.0,0.0,0.0,0.0,0.0,0.0,0,0,0,0.0,0.0,0.0,0.0,0.0,0.0,0.0,0.0,0.0,0.0,0.0,0.0,0.0,0.0,0.0,0.0,0,-107875648.0,0,0.0,0,-107875648.0,-107877712.0,0,0,17039,13107,17053,39322,17037,0,0,0,110,100,100,0.0,64.0,0.0,64.9,-107615304.0,68.5,1,49,50,180,0,26215,0,0,0.0,0.0,0.0,0.0,0.0,65.5,0.0,7.53930285314841e+18,0.0,645,0,687,0,0,0,715,0,786,0,708,0,689,0,645,0,641,0,618,0.032,36962304.0,-0.0,0.0,62352,16788,0.0,1.5583008864562315e+19,-5.110292402711522e+31,-7.000830488652688e+23,5.1667581909380104e+19,9.062185272582417e+27,29.0,60.0,70,0.0,0.0,0.0,0.0,0.0,0.0,0.0,0.0,0.0,0.0,0.0,0.0,0.0,0.0,0.0,0.0,59.2,68,11,65509,41,65476,0,300,0,0,8,20529,65476,0,0,61604,60.0,0.0,0.0,0.0,0.0,0.0
2026-04-04T11:40:15,ERR,ERR,ERR,ERR,ERR,ERR,ERR,ERR,ERR,ERR,ERR,ERR,ERR,ERR,ERR,ERR,ERR,ERR,ERR,ERR,ERR,ERR,ERR,ERR,ERR,ERR,ERR,ERR,ERR,ERR,ERR,ERR,ERR,ERR,ERR,ERR,ERR,ERR,ERR,ERR,ERR,ERR,ERR,ERR,ERR,ERR,ERR,ERR,ERR,ERR,ERR,ERR,ERR,ERR,ERR,ERR,ERR,ERR,ERR,ERR,ERR,ERR,ERR,ERR,ERR,ERR,ERR,ERR,ERR,ERR,ERR,ERR,ERR,ERR,ERR,ERR,ERR,ERR,ERR,ERR,ERR,ERR,ERR,ERR,ERR,ERR,ERR,ERR,ERR,ERR,ERR,ERR,ERR,ERR,ERR,ERR,ERR,ERR,ERR,ERR,ERR,ERR,ERR,ERR,ERR,ERR,ERR,ERR,ERR,ERR,ERR,ERR,ERR,ERR,ERR,ERR,ERR,ERR,ERR,ERR,ERR,ERR,ERR,ERR,ERR,0.0,-0.0,-101055584.0,0.0,0.0,0.0,0.0,nan,0,0,0,32768,0,0.0,0,0.0,0.0,0.0,0.0,0.0,0,0,0,0,0.0,0,0,0,0,0,0,0,0,0,0,0,0,0,0,0,0,0,0,0,0,0,0,0,0,0,0,0,0,0,0,0,0,0,0,0,0,0,0,0,0,0,0,0,0,0.0,0.0,0.0,0.0,0.0,0.0,0.0,0.0,0.0,0.0,0.0,0.0,0.0,0.0,0.0,0.0,0.0,0.0,0.0,0.0,0.0,0.0,-0.0,-2.004,-2.004,-0.0,0.0,0.0,0.0,0.0,3381.5,0.0,0.0,0.0,-0.0,-0.0,2.7184274988523002e+23,0.0,0.0,0.0,0.0,0,-89221.016,0.0,0.0,0.0,0.0,0.0,0.0,0.0,0.0,0,0,0,0.0,0.0,0.0,0.0,0.0,0.0,0.0,0.0,0.0,0.0,0.0,0.0,0.0,0.0,0.0,0.0,0,-107875648.0,0,0.0,0,-107875648.0,-107877712.0,0,0,17039,13107,17053,39322,17037,0,0,0,110,100,100,0.0,64.0,0.0,64.9,-107615304.0,68.5,1,49,50,180,0,13107,0,0,0.0,0.0,0.0,0.0,0.0,65.5,0.0,-0.0,0.0,645,0,687,0,0,0,715,0,786,0,708,0,689,0,645,0,641,0,618,0.032,37224448.0,-0.0,0.0,5008,16789,0.0,4.663744815370024e+20,0.0,0.0,1.4439961259650875e+31,-0.0,29.0,60.0,70,0.0,0.0,0.0,0.0,0.0,0.0,0.0,0.0,0.0,0.0,0.0,0.0,0.0,0.0,0.0,0.0,59.2,68,11,65509,41,65476,0,300,0,0,8,20529,65476,0,0,61604,60.0,0.0,0.0,0.0,0.0,0.0
2026-04-04T11:40:16,ERR,ERR,ERR,ERR,ERR,ERR,ERR,ERR,ERR,ERR,ERR,ERR,ERR,ERR,ERR,ERR,ERR,ERR,ERR,ERR,ERR,ERR,ERR,ERR,ERR,ERR,ERR,ERR,ERR,ERR,ERR,ERR,ERR,ERR,ERR,ERR,ERR,ERR,ERR,ERR,ERR,ERR,ERR,ERR,ERR,ERR,ERR,ERR,ERR,ERR,ERR,ERR,ERR,ERR,ERR,ERR,ERR,ERR,ERR,ERR,ERR,ERR,ERR,ERR,ERR,ERR,ERR,ERR,ERR,ERR,ERR,ERR,ERR,ERR,ERR,ERR,ERR,ERR,ERR,ERR,ERR,ERR,ERR,ERR,ERR,ERR,ERR,ERR,ERR,ERR,ERR,ERR,ERR,ERR,ERR,ERR,ERR,ERR,ERR,ERR,ERR,ERR,ERR,ERR,ERR,ERR,ERR,ERR,ERR,ERR,ERR,ERR,ERR,ERR,ERR,ERR,ERR,ERR,ERR,ERR,ERR,ERR,ERR,ERR,ERR,0.0,-0.0,-101055584.0,0.0,0.0,0.0,0.0,nan,0,0,0,32768,0,0.0,0,0.0,0.0,0.0,0.0,0.0,0,0,0,0,0.0,0,0,0,0,0,0,0,0,0,0,0,0,0,0,0,0,0,0,0,0,0,0,0,0,0,0,0,0,0,0,0,0,0,0,0,0,0,0,0,0,0,0,0,0,0.0,0.0,0.0,0.0,0.0,0.0,0.0,0.0,0.0,0.0,0.0,0.0,0.0,0.0,0.0,0.0,0.0,0.0,0.0,0.0,0.0,0.0,-0.0,-2.004,-2.004,-0.0,0.0,0.0,0.0,0.0,3381.5,0.0,0.0,0.0,-0.0,-0.0,2.7184274988523002e+23,0.0,0.0,0.0,0.0,0,-89221.016,0.0,0.0,0.0,0.0,0.0,0.0,0.0,0.0,0,0,0,0.0,0.0,0.0,0.0,0.0,0.0,0.0,0.0,0.0,0.0,0.0,0.0,0.0,0.0,0.0,0.0,0,-107875648.0,0,0.0,0,-107875648.0,-107877712.0,0,0,17039,13107,17053,39322,17037,0,0,0,110,100,100,0.0,64.0,0.0,64.9,-107615304.0,68.5,1,49,50,180,0,13107,0,0,0.0,0.0,0.0,0.0,0.0,65.5,0.0,-0.0,0.0,645,0,687,0,0,0,715,0,786,0,708,0,689,0,645,0,641,0,618,0.032,37224448.0,-0.0,0.0,5008,16789,0.0,4.663744815370024e+20,0.0,0.0,1.4439961259650875e+31,-0.0,29.0,60.0,70,0.0,0.0,0.0,0.0,0.0,0.0,0.0,0.0,0.0,0.0,0.0,0.0,0.0,0.0,0.0,0.0,59.2,68,11,65509,41,65476,0,300,0,0,8,20529,65476,0,0,61604,60.0,0.0,0.0,0.0,0.0,0.0
2026-04-04T11:40:17,ERR,ERR,ERR,ERR,ERR,ERR,ERR,ERR,ERR,ERR,ERR,ERR,ERR,ERR,ERR,ERR,ERR,ERR,ERR,ERR,ERR,ERR,ERR,ERR,ERR,ERR,ERR,ERR,ERR,ERR,ERR,ERR,ERR,ERR,ERR,ERR,ERR,ERR,ERR,ERR,ERR,ERR,ERR,ERR,ERR,ERR,ERR,ERR,ERR,ERR,ERR,ERR,ERR,ERR,ERR,ERR,ERR,ERR,ERR,ERR,ERR,ERR,ERR,ERR,ERR,ERR,ERR,ERR,ERR,ERR,ERR,ERR,ERR,ERR,ERR,ERR,ERR,ERR,ERR,ERR,ERR,ERR,ERR,ERR,ERR,ERR,ERR,ERR,ERR,ERR,ERR,ERR,ERR,ERR,ERR,ERR,ERR,ERR,ERR,ERR,ERR,ERR,ERR,ERR,ERR,ERR,ERR,ERR,ERR,ERR,ERR,ERR,ERR,ERR,ERR,ERR,ERR,ERR,ERR,ERR,ERR,ERR,ERR,ERR,ERR,0.0,-0.0,-101055584.0,0.0,0.0,0.0,0.0,nan,0,0,0,32768,0,0.0,0,0.0,0.0,0.0,0.0,0.0,0,0,0,0,0.0,0,0,0,0,0,0,0,0,0,0,0,0,0,0,0,0,0,0,0,0,0,0,0,0,0,0,0,0,0,0,0,0,0,0,0,0,0,0,0,0,0,0,0,0,0.0,0.0,0.0,0.0,0.0,0.0,0.0,0.0,0.0,0.0,0.0,0.0,0.0,0.0,0.0,0.0,0.0,0.0,0.0,0.0,0.0,0.0,-0.0,-2.004,-2.004,-0.0,0.0,0.0,0.0,0.0,3381.5,0.0,0.0,0.0,-0.0,-0.0,2.7184274988523002e+23,0.0,0.0,0.0,0.0,0,-89221.016,0.0,0.0,0.0,0.0,0.0,0.0,0.0,0.0,0,0,0,0.0,0.0,0.0,0.0,0.0,0.0,0.0,0.0,0.0,0.0,0.0,0.0,0.0,0.0,0.0,0.0,0,-107875648.0,0,0.0,0,-107875648.0,-107877712.0,0,0,17039,13107,17053,39322,17037,0,0,0,110,100,100,0.0,64.0,0.0,64.9,-107615304.0,68.5,1,49,50,180,0,13107,0,0,0.0,0.0,0.0,0.0,0.0,65.5,0.0,-0.0,0.0,645,0,687,0,0,0,715,0,786,0,708,0,689,0,645,0,641,0,618,0.032,37224448.0,-0.0,0.0,5008,16789,0.0,4.663744815370024e+20,0.0,0.0,1.4439961259650875e+31,-0.0,29.0,60.0,70,0.0,0.0,0.0,0.0,0.0,0.0,0.0,0.0,0.0,0.0,0.0,0.0,0.0,0.0,0.0,0.0,59.6,68,11,65509,41,65476,0,300,0,0,8,20529,65476,0,0,61604,60.0,0.0,0.0,0.0,0.0,0.0
2026-04-04T11:40:18,ERR,ERR,ERR,ERR,ERR,ERR,ERR,ERR,ERR,ERR,ERR,ERR,ERR,ERR,ERR,ERR,ERR,ERR,ERR,ERR,ERR,ERR,ERR,ERR,ERR,ERR,ERR,ERR,ERR,ERR,ERR,ERR,ERR,ERR,ERR,ERR,ERR,ERR,ERR,ERR,ERR,ERR,ERR,ERR,ERR,ERR,ERR,ERR,ERR,ERR,ERR,ERR,ERR,ERR,ERR,ERR,ERR,ERR,ERR,ERR,ERR,ERR,ERR,ERR,ERR,ERR,ERR,ERR,ERR,ERR,ERR,ERR,ERR,ERR,ERR,ERR,ERR,ERR,ERR,ERR,ERR,ERR,ERR,ERR,ERR,ERR,ERR,ERR,ERR,ERR,ERR,ERR,ERR,ERR,ERR,ERR,ERR,ERR,ERR,ERR,ERR,ERR,ERR,ERR,ERR,ERR,ERR,ERR,ERR,ERR,ERR,ERR,ERR,ERR,ERR,ERR,ERR,ERR,ERR,ERR,ERR,ERR,ERR,ERR,ERR,0.0,-0.0,-101055584.0,0.0,0.0,0.0,0.0,nan,0,0,0,32768,0,0.0,0,0.0,0.0,0.0,0.0,0.0,0,0,0,0,0.0,0,0,0,0,0,0,0,0,0,0,0,0,0,0,0,0,0,0,0,0,0,0,0,0,0,0,0,0,0,0,0,0,0,0,0,0,0,0,0,0,0,0,0,0,0.0,0.0,0.0,0.0,0.0,0.0,0.0,0.0,0.0,0.0,0.0,0.0,0.0,0.0,0.0,0.0,0.0,0.0,0.0,0.0,0.0,0.0,-0.0,-2.004,-2.004,-0.0,0.0,0.0,0.0,0.0,3381.5,0.0,0.0,0.0,-0.0,-0.0,2.7184274988523002e+23,0.0,0.0,0.0,0.0,0,-89221.016,0.0,0.0,0.0,0.0,0.0,0.0,0.0,0.0,0,0,0,0.0,0.0,0.0,0.0,0.0,0.0,0.0,0.0,0.0,0.0,0.0,0.0,0.0,0.0,0.0,0.0,0,-107875648.0,0,0.0,0,-107875648.0,-107877712.0,0,0,17039,13107,17053,39322,17037,0,0,0,110,100,100,0.0,64.0,0.0,64.9,-107615304.0,68.5,1,49,50,180,0,13107,0,0,0.0,0.0,0.0,0.0,0.0,65.5,0.0,-0.0,0.0,645,0,687,0,0,0,715,0,786,0,708,0,689,0,645,0,641,0,618,0.032,37224448.0,-0.0,0.0,5008,16789,0.0,4.663744815370024e+20,0.0,0.0,1.4439961259650875e+31,-0.0,29.0,60.0,70,0.0,0.0,0.0,0.0,0.0,0.0,0.0,0.0,0.0,0.0,0.0,0.0,0.0,0.0,0.0,0.0,59.6,68,11,65509,41,65476,0,300,0,0,8,20529,65476,0,0,61604,60.0,0.0,0.0,0.0,0.0,0.0
2026-04-04T11:40:19,ERR,ERR,ERR,ERR,ERR,ERR,ERR,ERR,ERR,ERR,ERR,ERR,ERR,ERR,ERR,ERR,ERR,ERR,ERR,ERR,ERR,ERR,ERR,ERR,ERR,ERR,ERR,ERR,ERR,ERR,ERR,ERR,ERR,ERR,ERR,ERR,ERR,ERR,ERR,ERR,ERR,ERR,ERR,ERR,ERR,ERR,ERR,ERR,ERR,ERR,ERR,ERR,ERR,ERR,ERR,ERR,ERR,ERR,ERR,ERR,ERR,ERR,ERR,ERR,ERR,ERR,ERR,ERR,ERR,ERR,ERR,ERR,ERR,ERR,ERR,ERR,ERR,ERR,ERR,ERR,ERR,ERR,ERR,ERR,ERR,ERR,ERR,ERR,ERR,ERR,ERR,ERR,ERR,ERR,ERR,ERR,ERR,ERR,ERR,ERR,ERR,ERR,ERR,ERR,ERR,ERR,ERR,ERR,ERR,ERR,ERR,ERR,ERR,ERR,ERR,ERR,ERR,ERR,ERR,ERR,ERR,ERR,ERR,ERR,ERR,0.0,-0.0,-101055584.0,0.0,0.0,0.0,0.0,nan,0,0,0,32768,0,0.0,0,0.0,0.0,0.0,0.0,0.0,0,0,0,0,0.0,0,0,0,0,0,0,0,0,0,0,0,0,0,0,0,0,0,0,0,0,0,0,0,0,0,0,0,0,0,0,0,0,0,0,0,0,0,0,0,0,0,0,0,0,0.0,0.0,0.0,0.0,0.0,0.0,0.0,0.0,0.0,0.0,0.0,0.0,0.0,0.0,0.0,0.0,0.0,0.0,0.0,0.0,0.0,0.0,-0.0,-2.004,-2.004,-0.0,0.0,0.0,0.0,0.0,3381.5,0.0,0.0,0.0,-0.0,-0.0,2.7184274988523002e+23,0.0,0.0,0.0,0.0,0,-89221.016,0.0,0.0,0.0,0.0,0.0,0.0,0.0,0.0,0,0,0,0.0,0.0,0.0,0.0,0.0,0.0,0.0,0.0,0.0,0.0,0.0,0.0,0.0,0.0,0.0,0.0,0,-107875648.0,0,0.0,0,-107875648.0,-107877712.0,0,0,17039,13107,17053,39322,17037,0,0,0,110,100,100,0.0,64.0,0.0,64.9,-107615304.0,68.5,1,49,50,180,0,13107,0,0,0.0,0.0,0.0,0.0,0.0,65.5,0.0,-0.0,0.0,645,0,687,0,0,0,715,0,786,0,708,0,689,0,645,0,641,0,618,0.032,37224448.0,-0.0,0.0,5008,16789,0.0,4.663744815370024e+20,0.0,0.0,1.4439961259650875e+31,-0.0,29.0,60.0,70,0.0,0.0,0.0,0.0,0.0,0.0,0.0,0.0,0.0,0.0,0.0,0.0,0.0,0.0,0.0,0.0,59.6,68,11,65509,41,65476,0,300,0,0,8,20529,65476,0,0,61604,60.0,0.0,0.0,0.0,0.0,0.0
2026-04-04T11:40:20,ERR,ERR,ERR,ERR,ERR,ERR,ERR,ERR,ERR,ERR,ERR,ERR,ERR,ERR,ERR,ERR,ERR,ERR,ERR,ERR,ERR,ERR,ERR,ERR,ERR,ERR,ERR,ERR,ERR,ERR,ERR,ERR,ERR,ERR,ERR,ERR,ERR,ERR,ERR,ERR,ERR,ERR,ERR,ERR,ERR,ERR,ERR,ERR,ERR,ERR,ERR,ERR,ERR,ERR,ERR,ERR,ERR,ERR,ERR,ERR,ERR,ERR,ERR,ERR,ERR,ERR,ERR,ERR,ERR,ERR,ERR,ERR,ERR,ERR,ERR,ERR,ERR,ERR,ERR,ERR,ERR,ERR,ERR,ERR,ERR,ERR,ERR,ERR,ERR,ERR,ERR,ERR,ERR,ERR,ERR,ERR,ERR,ERR,ERR,ERR,ERR,ERR,ERR,ERR,ERR,ERR,ERR,ERR,ERR,ERR,ERR,ERR,ERR,ERR,ERR,ERR,ERR,ERR,ERR,ERR,ERR,ERR,ERR,ERR,ERR,0.0,-0.0,-101055584.0,0.0,0.0,0.0,0.0,nan,0,0,0,32768,0,0.0,0,0.0,0.0,0.0,0.0,0.0,0,0,0,0,0.0,0,0,0,0,0,0,0,0,0,0,0,0,0,0,0,0,0,0,0,0,0,0,0,0,0,0,0,0,0,0,0,0,0,0,0,0,0,0,0,0,0,0,0,0,0.0,0.0,0.0,0.0,0.0,0.0,0.0,0.0,0.0,0.0,0.0,0.0,0.0,0.0,0.0,0.0,0.0,0.0,0.0,0.0,0.0,0.0,-0.0,-2.004,-2.004,-0.0,0.0,0.0,0.0,0.0,3366.0,-8608106496.0,0.0,0.0,-0.0,-0.0,2.7184274988523002e+23,0.0,0.0,0.0,0.0,0,-2.3088382548096162e+20,-3.2219784175415904e+26,0.0,0.0,0.0,0.0,0.0,0.0,0.0,0,0,0,0.0,0.0,0.0,0.0,0.0,0.0,0.0,0.0,0.0,0.0,0.0,0.0,0.0,0.0,0.0,0.0,0,-107875648.0,0,0.0,0,-107875648.0,-107877712.0,0,0,17039,13107,17053,39322,17037,0,0,0,110,100,100,0.0,64.0,0.0,64.9,-107615304.0,68.5,1,49,50,180,0,13107,0,0,0.0,0.0,0.0,0.0,0.0,65.5,0.0,-0.0,0.0,645,0,687,0,0,0,715,0,786,0,708,0,689,0,645,0,641,0,618,0.032,37224448.0,-0.0,0.0,5008,16789,0.0,4.663744815370024e+20,0.0,0.0,1.4439961259650875e+31,-0.0,29.0,60.0,70,0.0,0.0,0.0,0.0,0.0,0.0,0.0,0.0,0.0,0.0,0.0,0.0,0.0,0.0,0.0,0.0,59.2,68,11,65509,41,65476,0,300,0,0,8,20529,65476,0,0,61604,60.0,0.0,0.0,0.0,0.0,0.0
2026-04-04T11:40:21,ERR,ERR,ERR,ERR,ERR,ERR,ERR,ERR,ERR,ERR,ERR,ERR,ERR,ERR,ERR,ERR,ERR,ERR,ERR,ERR,ERR,ERR,ERR,ERR,ERR,ERR,ERR,ERR,ERR,ERR,ERR,ERR,ERR,ERR,ERR,ERR,ERR,ERR,ERR,ERR,ERR,ERR,ERR,ERR,ERR,ERR,ERR,ERR,ERR,ERR,ERR,ERR,ERR,ERR,ERR,ERR,ERR,ERR,ERR,ERR,ERR,ERR,ERR,ERR,ERR,ERR,ERR,ERR,ERR,ERR,ERR,ERR,ERR,ERR,ERR,ERR,ERR,ERR,ERR,ERR,ERR,ERR,ERR,ERR,ERR,ERR,ERR,ERR,ERR,ERR,ERR,ERR,ERR,ERR,ERR,ERR,ERR,ERR,ERR,ERR,ERR,ERR,ERR,ERR,ERR,ERR,ERR,ERR,ERR,ERR,ERR,ERR,ERR,ERR,ERR,ERR,ERR,ERR,ERR,ERR,ERR,ERR,ERR,ERR,ERR,0.0,-0.0,-101055584.0,0.0,0.0,0.0,0.0,nan,0,0,0,32768,0,0.0,0,0.0,0.0,0.0,0.0,0.0,0,0,0,0,0.0,0,0,0,0,0,0,0,0,0,0,0,0,0,0,0,0,0,0,0,0,0,0,0,0,0,0,0,0,0,0,0,0,0,0,0,0,0,0,0,0,0,0,0,0,0.0,0.0,0.0,0.0,0.0,0.0,0.0,0.0,0.0,0.0,0.0,0.0,0.0,0.0,0.0,0.0,0.0,0.0,0.0,0.0,0.0,0.0,-0.0,-2.004,-2.004,-0.0,0.0,0.0,0.0,0.0,3366.0,-8608106496.0,0.0,0.0,-0.0,-0.0,2.7184274988523002e+23,0.0,0.0,0.0,0.0,0,-2.3088382548096162e+20,-3.2219784175415904e+26,0.0,0.0,0.0,0.0,0.0,0.0,0.0,0,0,0,0.0,0.0,0.0,0.0,0.0,0.0,0.0,0.0,0.0,0.0,0.0,0.0,0.0,0.0,0.0,0.0,0,-107875648.0,0,0.0,0,-107875648.0,-107877712.0,0,0,17039,13107,17053,39322,17037,0,0,0,110,100,100,0.0,64.0,0.0,64.9,-107615304.0,68.5,1,49,50,180,0,26215,0,0,0.0,0.0,0.0,0.0,0.0,65.5,0.0,-0.0,0.0,645,0,687,0,0,0,715,0,786,0,708,0,689,0,645,0,641,0,618,0.032,36438016.0,-0.0,0.0,56976,16788,-2.2850643877715743e+32,-0.0,-5.632076789468627e+20,-1.8177940937942457e+33,372068581376.0,1.6804281165912474e+17,29.0,60.0,70,0.0,0.0,0.0,0.0,0.0,0.0,0.0,0.0,0.0,0.0,0.0,0.0,0.0,0.0,0.0,0.0,59.2,68,11,65509,41,65476,0,300,0,0,8,20529,65476,0,0,61604,60.0,0.0,0.0,0.0,0.0,0.0
2026-04-04T11:40:22,ERR,ERR,ERR,ERR,ERR,ERR,ERR,ERR,ERR,ERR,ERR,ERR,ERR,ERR,ERR,ERR,ERR,ERR,ERR,ERR,ERR,ERR,ERR,ERR,ERR,ERR,ERR,ERR,ERR,ERR,ERR,ERR,ERR,ERR,ERR,ERR,ERR,ERR,ERR,ERR,ERR,ERR,ERR,ERR,ERR,ERR,ERR,ERR,ERR,ERR,ERR,ERR,ERR,ERR,ERR,ERR,ERR,ERR,ERR,ERR,ERR,ERR,ERR,ERR,ERR,ERR,ERR,ERR,ERR,ERR,ERR,ERR,ERR,ERR,ERR,ERR,ERR,ERR,ERR,ERR,ERR,ERR,ERR,ERR,ERR,ERR,ERR,ERR,ERR,ERR,ERR,ERR,ERR,ERR,ERR,ERR,ERR,ERR,ERR,ERR,ERR,ERR,ERR,ERR,ERR,ERR,ERR,ERR,ERR,ERR,ERR,ERR,ERR,ERR,ERR,ERR,ERR,ERR,ERR,ERR,ERR,ERR,ERR,ERR,ERR,0.0,-0.0,-101055584.0,0.0,0.0,0.0,0.0,nan,0,0,0,32768,0,0.0,0,0.0,0.0,0.0,0.0,0.0,0,0,0,0,0.0,0,0,0,0,0,0,0,0,0,0,0,0,0,0,0,0,0,0,0,0,0,0,0,0,0,0,0,0,0,0,0,0,0,0,0,0,0,0,0,0,0,0,0,0,0.0,0.0,0.0,0.0,0.0,0.0,0.0,0.0,0.0,0.0,0.0,0.0,0.0,0.0,0.0,0.0,0.0,0.0,0.0,0.0,0.0,0.0,-0.0,-2.004,-2.004,-0.0,0.0,0.0,0.0,0.0,3366.0,-8608106496.0,0.0,0.0,-0.0,-0.0,2.7184274988523002e+23,0.0,0.0,0.0,0.0,0,-2.3088382548096162e+20,-3.2219784175415904e+26,0.0,0.0,0.0,0.0,0.0,0.0,0.0,0,0,0,0.0,0.0,0.0,0.0,0.0,0.0,0.0,0.0,0.0,0.0,0.0,0.0,0.0,0.0,0.0,0.0,0,-107875648.0,0,0.0,0,-107875648.0,-107877712.0,0,0,17039,13107,17053,39322,17037,0,0,0,110,100,100,0.0,64.0,0.0,64.9,-107615304.0,68.5,1,49,50,180,0,26215,0,0,0.0,0.0,0.0,0.0,0.0,65.5,0.0,-0.0,0.0,645,0,687,0,0,0,715,0,786,0,708,0,689,0,645,0,641,0,618,0.032,36438016.0,-0.0,0.0,56976,16788,-2.2850643877715743e+32,-0.0,-5.632076789468627e+20,-1.8177940937942457e+33,372068581376.0,1.6804281165912474e+17,29.0,60.0,70,0.0,0.0,0.0,0.0,0.0,0.0,0.0,0.0,0.0,0.0,0.0,0.0,0.0,0.0,0.0,0.0,59.2,68,11,65509,41,65476,0,300,0,0,8,20529,65476,0,0,61604,60.0,0.0,0.0,0.0,0.0,0.0
2026-04-04T11:40:23,ERR,ERR,ERR,ERR,ERR,ERR,ERR,ERR,ERR,ERR,ERR,ERR,ERR,ERR,ERR,ERR,ERR,ERR,ERR,ERR,ERR,ERR,ERR,ERR,ERR,ERR,ERR,ERR,ERR,ERR,ERR,ERR,ERR,ERR,ERR,ERR,ERR,ERR,ERR,ERR,ERR,ERR,ERR,ERR,ERR,ERR,ERR,ERR,ERR,ERR,ERR,ERR,ERR,ERR,ERR,ERR,ERR,ERR,ERR,ERR,ERR,ERR,ERR,ERR,ERR,ERR,ERR,ERR,ERR,ERR,ERR,ERR,ERR,ERR,ERR,ERR,ERR,ERR,ERR,ERR,ERR,ERR,ERR,ERR,ERR,ERR,ERR,ERR,ERR,ERR,ERR,ERR,ERR,ERR,ERR,ERR,ERR,ERR,ERR,ERR,ERR,ERR,ERR,ERR,ERR,ERR,ERR,ERR,ERR,ERR,ERR,ERR,ERR,ERR,ERR,ERR,ERR,ERR,ERR,ERR,ERR,ERR,ERR,ERR,ERR,0.0,-0.0,-101055584.0,0.0,0.0,0.0,0.0,nan,0,0,0,32768,0,0.0,0,0.0,0.0,0.0,0.0,0.0,0,0,0,0,0.0,0,0,0,0,0,0,0,0,0,0,0,0,0,0,0,0,0,0,0,0,0,0,0,0,0,0,0,0,0,0,0,0,0,0,0,0,0,0,0,0,0,0,0,0,0.0,0.0,0.0,0.0,0.0,0.0,0.0,0.0,0.0,0.0,0.0,0.0,0.0,0.0,0.0,0.0,0.0,0.0,0.0,0.0,0.0,0.0,-0.0,-2.004,-2.004,-0.0,0.0,0.0,0.0,0.0,3366.0,-8608106496.0,0.0,0.0,-0.0,-0.0,2.7184274988523002e+23,0.0,0.0,0.0,0.0,0,-2.3088382548096162e+20,-3.2219784175415904e+26,0.0,0.0,0.0,0.0,0.0,0.0,0.0,0,0,0,0.0,0.0,0.0,0.0,0.0,0.0,0.0,0.0,0.0,0.0,0.0,0.0,0.0,0.0,0.0,0.0,0,-107875648.0,0,0.0,0,-107875648.0,-107877712.0,0,0,17039,13107,17053,39322,17037,0,0,0,110,100,100,0.0,64.0,0.0,64.9,-107615304.0,68.5,1,49,50,180,0,26215,0,0,0.0,0.0,0.0,0.0,0.0,65.5,0.0,-0.0,0.0,645,0,687,0,0,0,715,0,786,0,708,0,689,0,645,0,641,0,618,0.032,36438016.0,-0.0,0.0,56976,16788,-2.2850643877715743e+32,-0.0,-5.632076789468627e+20,-1.8177940937942457e+33,372068581376.0,1.6804281165912474e+17,29.0,60.0,70,0.0,0.0,0.0,0.0,0.0,0.0,0.0,0.0,0.0,0.0,0.0,0.0,0.0,0.0,0.0,0.0,59.2,68,11,65509,41,65476,0,300,0,0,8,20529,65476,0,0,61604,60.0,0.0,0.0,0.0,0.0,0.0
2026-04-04T11:40:24,ERR,ERR,ERR,ERR,ERR,ERR,ERR,ERR,ERR,ERR,ERR,ERR,ERR,ERR,ERR,ERR,ERR,ERR,ERR,ERR,ERR,ERR,ERR,ERR,ERR,ERR,ERR,ERR,ERR,ERR,ERR,ERR,ERR,ERR,ERR,ERR,ERR,ERR,ERR,ERR,ERR,ERR,ERR,ERR,ERR,ERR,ERR,ERR,ERR,ERR,ERR,ERR,ERR,ERR,ERR,ERR,ERR,ERR,ERR,ERR,ERR,ERR,ERR,ERR,ERR,ERR,ERR,ERR,ERR,ERR,ERR,ERR,ERR,ERR,ERR,ERR,ERR,ERR,ERR,ERR,ERR,ERR,ERR,ERR,ERR,ERR,ERR,ERR,ERR,ERR,ERR,ERR,ERR,ERR,ERR,ERR,ERR,ERR,ERR,ERR,ERR,ERR,ERR,ERR,ERR,ERR,ERR,ERR,ERR,ERR,ERR,ERR,ERR,ERR,ERR,ERR,ERR,ERR,ERR,ERR,ERR,ERR,ERR,ERR,ERR,0.0,-0.0,-101055584.0,0.0,0.0,0.0,0.0,nan,0,0,0,32768,0,0.0,0,0.0,0.0,0.0,0.0,0.0,0,0,0,0,0.0,0,0,0,0,0,0,0,0,0,0,0,0,0,0,0,0,0,0,0,0,0,0,0,0,0,0,0,0,0,0,0,0,0,0,0,0,0,0,0,0,0,0,0,0,0.0,0.0,0.0,0.0,0.0,0.0,0.0,0.0,0.0,0.0,0.0,0.0,0.0,0.0,0.0,0.0,0.0,0.0,0.0,0.0,0.0,0.0,-0.0,-2.004,-2.004,-0.0,0.0,0.0,0.0,0.0,3366.0,-8608106496.0,0.0,0.0,-0.0,-0.0,2.7184274988523002e+23,0.0,0.0,0.0,0.0,0,-2.3088382548096162e+20,-3.2219784175415904e+26,0.0,0.0,0.0,0.0,0.0,0.0,0.0,0,0,0,0.0,0.0,0.0,0.0,0.0,0.0,0.0,0.0,0.0,0.0,0.0,0.0,0.0,0.0,0.0,0.0,0,-107875648.0,0,0.0,0,-107875648.0,-107877712.0,0,0,17039,13107,17053,39322,17037,0,0,0,110,100,100,0.0,64.0,0.0,64.9,-107615304.0,68.5,1,49,50,180,0,26215,0,0,0.0,0.0,0.0,0.0,0.0,65.5,0.0,-0.0,0.0,645,0,687,0,0,0,715,0,786,0,708,0,689,0,645,0,641,0,618,0.032,36438016.0,-0.0,0.0,56976,16788,-2.2850643877715743e+32,-0.0,-5.632076789468627e+20,-1.8177940937942457e+33,372068581376.0,1.6804281165912474e+17,29.0,60.0,70,0.0,0.0,0.0,0.0,0.0,0.0,0.0,0.0,0.0,0.0,0.0,0.0,0.0,0.0,0.0,0.0,59.2,68,11,65509,41,65476,0,300,0,0,8,20529,65476,0,0,61604,60.0,0.0,0.0,0.0,0.0,0.0
2026-04-04T11:40:25,ERR,ERR,ERR,ERR,ERR,ERR,ERR,ERR,ERR,ERR,ERR,ERR,ERR,ERR,ERR,ERR,ERR,ERR,ERR,ERR,ERR,ERR,ERR,ERR,ERR,ERR,ERR,ERR,ERR,ERR,ERR,ERR,ERR,ERR,ERR,ERR,ERR,ERR,ERR,ERR,ERR,ERR,ERR,ERR,ERR,ERR,ERR,ERR,ERR,ERR,ERR,ERR,ERR,ERR,ERR,ERR,ERR,ERR,ERR,ERR,ERR,ERR,ERR,ERR,ERR,ERR,ERR,ERR,ERR,ERR,ERR,ERR,ERR,ERR,ERR,ERR,ERR,ERR,ERR,ERR,ERR,ERR,ERR,ERR,ERR,ERR,ERR,ERR,ERR,ERR,ERR,ERR,ERR,ERR,ERR,ERR,ERR,ERR,ERR,ERR,ERR,ERR,ERR,ERR,ERR,ERR,ERR,ERR,ERR,ERR,ERR,ERR,ERR,ERR,ERR,ERR,ERR,ERR,ERR,ERR,ERR,ERR,ERR,ERR,ERR,0.0,-0.0,-101055584.0,0.0,0.0,0.0,0.0,nan,0,0,0,32768,0,0.0,0,0.0,0.0,0.0,0.0,0.0,0,0,0,0,0.0,0,0,0,0,0,0,0,0,0,0,0,0,0,0,0,0,0,0,0,0,0,0,0,0,0,0,0,0,0,0,0,0,0,0,0,0,0,0,0,0,0,0,0,0,0.0,0.0,0.0,0.0,0.0,0.0,0.0,0.0,0.0,0.0,0.0,0.0,0.0,0.0,0.0,0.0,0.0,0.0,0.0,0.0,0.0,0.0,-0.0,-2.004,-2.004,-0.0,0.0,0.0,0.0,0.0,3366.0,-8608106496.0,0.0,0.0,-0.0,-0.0,2.7184274988523002e+23,0.0,0.0,0.0,0.0,0,-2.3088382548096162e+20,-3.2219784175415904e+26,0.0,0.0,0.0,0.0,0.0,0.0,0.0,0,0,0,0.0,0.0,0.0,0.0,0.0,0.0,0.0,0.0,0.0,0.0,0.0,0.0,0.0,0.0,0.0,0.0,0,-107875648.0,0,0.0,0,-107875648.0,-107877712.0,0,0,17039,13107,17053,39322,17037,0,0,0,110,100,100,0.0,64.0,0.0,64.9,-107615304.0,68.5,1,49,50,180,0,26215,0,0,0.0,0.0,0.0,0.0,0.0,65.5,0.0,-0.0,0.0,645,0,687,0,0,0,715,0,786,0,708,0,689,0,645,0,641,0,618,0.032,36438016.0,-0.0,0.0,56976,16788,-2.2850643877715743e+32,-0.0,-5.632076789468627e+20,-1.8177940937942457e+33,372068581376.0,1.6804281165912474e+17,29.0,60.0,70,0.0,0.0,0.0,0.0,0.0,0.0,0.0,0.0,0.0,0.0,0.0,0.0,0.0,0.0,0.0,0.0,59.2,68,11,65509,41,65476,0,300,0,0,8,20529,65476,0,0,61604,60.0,0.0,0.0,0.0,0.0,0.0
2026-04-04T11:40:26,ERR,ERR,ERR,ERR,ERR,ERR,ERR,ERR,ERR,ERR,ERR,ERR,ERR,ERR,ERR,ERR,ERR,ERR,ERR,ERR,ERR,ERR,ERR,ERR,ERR,ERR,ERR,ERR,ERR,ERR,ERR,ERR,ERR,ERR,ERR,ERR,ERR,ERR,ERR,ERR,ERR,ERR,ERR,ERR,ERR,ERR,ERR,ERR,ERR,ERR,ERR,ERR,ERR,ERR,ERR,ERR,ERR,ERR,ERR,ERR,ERR,ERR,ERR,ERR,ERR,ERR,ERR,ERR,ERR,ERR,ERR,ERR,ERR,ERR,ERR,ERR,ERR,ERR,ERR,ERR,ERR,ERR,ERR,ERR,ERR,ERR,ERR,ERR,ERR,ERR,ERR,ERR,ERR,ERR,ERR,ERR,ERR,ERR,ERR,ERR,ERR,ERR,ERR,ERR,ERR,ERR,ERR,ERR,ERR,ERR,ERR,ERR,ERR,ERR,ERR,ERR,ERR,ERR,ERR,ERR,ERR,ERR,ERR,ERR,ERR,0.0,-0.0,-101055584.0,0.0,0.0,0.0,0.0,nan,0,0,0,32768,0,0.0,0,0.0,0.0,0.0,0.0,0.0,0,0,0,0,0.0,0,0,0,0,0,0,0,0,0,0,0,0,0,0,0,0,0,0,0,0,0,0,0,0,0,0,0,0,0,0,0,0,0,0,0,0,0,0,0,0,0,0,0,0,0.0,0.0,0.0,0.0,0.0,0.0,0.0,0.0,0.0,0.0,0.0,0.0,0.0,0.0,0.0,0.0,0.0,0.0,0.0,0.0,0.0,0.0,-0.0,-2.004,-2.004,-0.0,0.0,0.0,0.0,0.0,3366.0,-8608106496.0,0.0,0.0,-0.0,-0.0,2.7184274988523002e+23,0.0,0.0,0.0,0.0,0,-2.3088382548096162e+20,-3.2219784175415904e+26,0.0,0.0,0.0,0.0,0.0,0.0,0.0,0,0,0,0.0,0.0,0.0,0.0,0.0,0.0,0.0,0.0,0.0,0.0,0.0,0.0,0.0,0.0,0.0,0.0,0,-107875648.0,0,0.0,0,-107875648.0,-107877712.0,0,0,17039,13107,17053,39322,17037,0,0,0,110,100,100,0.0,64.0,0.0,64.9,-107615304.0,68.5,1,49,50,180,0,26215,0,0,0.0,0.0,0.0,0.0,0.0,65.5,0.0,-0.0,0.0,645,0,687,0,0,0,715,0,786,0,708,0,689,0,645,0,641,0,618,0.032,36438016.0,-0.0,0.0,56976,16788,-2.2850643877715743e+32,-0.0,-5.632076789468627e+20,-1.8177940937942457e+33,372068581376.0,1.6804281165912474e+17,29.0,60.0,70,0.0,0.0,0.0,0.0,0.0,0.0,0.0,0.0,0.0,0.0,0.0,0.0,0.0,0.0,0.0,0.0,59.2,68,11,65509,41,65476,0,300,0,0,8,20529,65476,0,0,61604,60.0,0.0,0.0,0.0,0.0,0.0
2026-04-04T11:40:27,ERR,ERR,ERR,ERR,ERR,ERR,ERR,ERR,ERR,ERR,ERR,ERR,ERR,ERR,ERR,ERR,ERR,ERR,ERR,ERR,ERR,ERR,ERR,ERR,ERR,ERR,ERR,ERR,ERR,ERR,ERR,ERR,ERR,ERR,ERR,ERR,ERR,ERR,ERR,ERR,ERR,ERR,ERR,ERR,ERR,ERR,ERR,ERR,ERR,ERR,ERR,ERR,ERR,ERR,ERR,ERR,ERR,ERR,ERR,ERR,ERR,ERR,ERR,ERR,ERR,ERR,ERR,ERR,ERR,ERR,ERR,ERR,ERR,ERR,ERR,ERR,ERR,ERR,ERR,ERR,ERR,ERR,ERR,ERR,ERR,ERR,ERR,ERR,ERR,ERR,ERR,ERR,ERR,ERR,ERR,ERR,ERR,ERR,ERR,ERR,ERR,ERR,ERR,ERR,ERR,ERR,ERR,ERR,ERR,ERR,ERR,ERR,ERR,ERR,ERR,ERR,ERR,ERR,ERR,ERR,ERR,ERR,ERR,ERR,ERR,0.0,-0.0,-101055584.0,0.0,0.0,0.0,0.0,nan,0,0,0,32768,0,0.0,0,0.0,0.0,0.0,0.0,0.0,0,0,0,0,0.0,0,0,0,0,0,0,0,0,0,0,0,0,0,0,0,0,0,0,0,0,0,0,0,0,0,0,0,0,0,0,0,0,0,0,0,0,0,0,0,0,0,0,0,0,0.0,0.0,0.0,0.0,0.0,0.0,0.0,0.0,0.0,0.0,0.0,0.0,0.0,0.0,0.0,0.0,0.0,0.0,0.0,0.0,0.0,0.0,-0.0,-2.004,-2.004,-0.0,0.0,0.0,0.0,0.0,3366.0,-8608106496.0,0.0,0.0,-0.0,-0.0,2.7184274988523002e+23,0.0,0.0,0.0,0.0,0,-2.3088382548096162e+20,-3.2219784175415904e+26,0.0,0.0,0.0,0.0,0.0,0.0,0.0,0,0,0,0.0,0.0,0.0,0.0,0.0,0.0,0.0,0.0,0.0,0.0,0.0,0.0,0.0,0.0,0.0,0.0,0,-107875648.0,0,0.0,0,-107875648.0,-107877712.0,0,0,17039,13107,17053,39322,17037,0,0,0,110,100,100,0.0,64.0,0.0,64.9,-107615304.0,68.5,1,49,50,180,0,26215,0,0,0.0,0.0,0.0,0.0,0.0,65.5,0.0,-0.0,0.0,645,0,687,0,0,0,715,0,786,0,708,0,689,0,645,0,641,0,618,0.032,36700160.0,-0.0,0.0,6800,16789,0.0,-2372.123,0.001,0.0,-0.0,-0.0,29.0,60.0,70,0.0,0.0,0.0,0.0,0.0,0.0,0.0,0.0,0.0,0.0,0.0,0.0,0.0,0.0,0.0,0.0,59.2,68,11,65509,41,65476,0,300,0,0,8,20529,65476,0,0,61604,60.0,0.0,0.0,0.0,0.0,0.0
2026-04-04T11:40:28,ERR,ERR,ERR,ERR,ERR,ERR,ERR,ERR,ERR,ERR,ERR,ERR,ERR,ERR,ERR,ERR,ERR,ERR,ERR,ERR,ERR,ERR,ERR,ERR,ERR,ERR,ERR,ERR,ERR,ERR,ERR,ERR,ERR,ERR,ERR,ERR,ERR,ERR,ERR,ERR,ERR,ERR,ERR,ERR,ERR,ERR,ERR,ERR,ERR,ERR,ERR,ERR,ERR,ERR,ERR,ERR,ERR,ERR,ERR,ERR,ERR,ERR,ERR,ERR,ERR,ERR,ERR,ERR,ERR,ERR,ERR,ERR,ERR,ERR,ERR,ERR,ERR,ERR,ERR,ERR,ERR,ERR,ERR,ERR,ERR,ERR,ERR,ERR,ERR,ERR,ERR,ERR,ERR,ERR,ERR,ERR,ERR,ERR,ERR,ERR,ERR,ERR,ERR,ERR,ERR,ERR,ERR,ERR,ERR,ERR,ERR,ERR,ERR,ERR,ERR,ERR,ERR,ERR,ERR,ERR,ERR,ERR,ERR,ERR,ERR,0.0,-0.0,-101055584.0,0.0,0.0,0.0,0.0,nan,0,0,0,32768,0,0.0,0,0.0,0.0,0.0,0.0,0.0,0,0,0,0,0.0,0,0,0,0,0,0,0,0,0,0,0,0,0,0,0,0,0,0,0,0,0,0,0,0,0,0,0,0,0,0,0,0,0,0,0,0,0,0,0,0,0,0,0,0,0.0,0.0,0.0,0.0,0.0,0.0,0.0,0.0,0.0,0.0,0.0,0.0,0.0,0.0,0.0,0.0,0.0,0.0,0.0,0.0,0.0,0.0,-0.0,-0.0,-2.004,-0.0,0.0,0.0,0.0,0.0,3368.5,-0.0,0.0,0.0,-0.0,-0.0,2.7184274988523002e+23,0.0,0.0,0.0,0.0,0,-2.7184278591402704e+23,-152016173137920.0,0.0,0.0,0.0,0.0,0.0,0.0,0.0,0,0,0,0.0,0.0,0.0,0.0,0.0,0.0,0.0,0.0,0.0,0.0,0.0,0.0,0.0,0.0,0.0,0.0,0,-107875648.0,0,0.0,0,-107875648.0,-107877712.0,0,0,17039,13107,17053,39322,17037,0,0,0,110,100,100,0.0,64.0,0.0,64.9,-107615304.0,68.5,1,49,50,180,0,26215,0,0,0.0,0.0,0.0,0.0,0.0,65.5,0.0,-0.0,0.0,645,0,687,0,0,0,715,0,786,0,708,0,689,0,645,0,641,0,618,0.032,36700160.0,-0.0,0.0,6800,16789,0.0,-2372.123,0.001,0.0,-0.0,-0.0,29.0,60.0,70,0.0,0.0,0.0,0.0,0.0,0.0,0.0,0.0,0.0,0.0,0.0,0.0,0.0,0.0,0.0,0.0,59.2,68,11,65509,41,65476,0,300,0,0,8,20529,65476,0,0,61604,60.0,0.0,0.0,0.0,0.0,0.0
2026-04-04T11:40:29,ERR,ERR,ERR,ERR,ERR,ERR,ERR,ERR,ERR,ERR,ERR,ERR,ERR,ERR,ERR,ERR,ERR,ERR,ERR,ERR,ERR,ERR,ERR,ERR,ERR,ERR,ERR,ERR,ERR,ERR,ERR,ERR,ERR,ERR,ERR,ERR,ERR,ERR,ERR,ERR,ERR,ERR,ERR,ERR,ERR,ERR,ERR,ERR,ERR,ERR,ERR,ERR,ERR,ERR,ERR,ERR,ERR,ERR,ERR,ERR,ERR,ERR,ERR,ERR,ERR,ERR,ERR,ERR,ERR,ERR,ERR,ERR,ERR,ERR,ERR,ERR,ERR,ERR,ERR,ERR,ERR,ERR,ERR,ERR,ERR,ERR,ERR,ERR,ERR,ERR,ERR,ERR,ERR,ERR,ERR,ERR,ERR,ERR,ERR,ERR,ERR,ERR,ERR,ERR,ERR,ERR,ERR,ERR,ERR,ERR,ERR,ERR,ERR,ERR,ERR,ERR,ERR,ERR,ERR,ERR,ERR,ERR,ERR,ERR,ERR,0.0,-0.0,-101055584.0,0.0,0.0,0.0,0.0,nan,0,0,0,32768,0,0.0,0,0.0,0.0,0.0,0.0,0.0,0,0,0,0,0.0,0,0,0,0,0,0,0,0,0,0,0,0,0,0,0,0,0,0,0,0,0,0,0,0,0,0,0,0,0,0,0,0,0,0,0,0,0,0,0,0,0,0,0,0,0.0,0.0,0.0,0.0,0.0,0.0,0.0,0.0,0.0,0.0,0.0,0.0,0.0,0.0,0.0,0.0,0.0,0.0,0.0,0.0,0.0,0.0,-0.0,-0.0,-2.004,-0.0,0.0,0.0,0.0,0.0,3368.5,-0.0,0.0,0.0,-0.0,-0.0,2.7184274988523002e+23,0.0,0.0,0.0,0.0,0,-2.7184278591402704e+23,-152016173137920.0,0.0,0.0,0.0,0.0,0.0,0.0,0.0,0,0,0,0.0,0.0,0.0,0.0,0.0,0.0,0.0,0.0,0.0,0.0,0.0,0.0,0.0,0.0,0.0,0.0,0,-107875648.0,0,0.0,0,-107875648.0,-107877712.0,0,0,17039,13107,17053,39322,17037,0,0,0,110,100,100,0.0,64.0,0.0,64.9,-107615304.0,68.5,1,49,50,180,0,26215,0,0,0.0,0.0,0.0,0.0,0.0,65.5,0.0,-0.0,0.0,645,0,687,0,0,0,715,0,786,0,708,0,689,0,645,0,641,0,618,0.032,36700160.0,-0.0,0.0,6800,16789,0.0,-2372.123,0.001,0.0,-0.0,-0.0,29.0,60.0,70,0.0,0.0,0.0,0.0,0.0,0.0,0.0,0.0,0.0,0.0,0.0,0.0,0.0,0.0,0.0,0.0,59.2,68,11,65509,41,65476,0,300,0,0,8,20529,65476,0,0,61604,60.0,0.0,0.0,0.0,0.0,0.0
2026-04-04T11:40:30,ERR,ERR,ERR,ERR,ERR,ERR,ERR,ERR,ERR,ERR,ERR,ERR,ERR,ERR,ERR,ERR,ERR,ERR,ERR,ERR,ERR,ERR,ERR,ERR,ERR,ERR,ERR,ERR,ERR,ERR,ERR,ERR,ERR,ERR,ERR,ERR,ERR,ERR,ERR,ERR,ERR,ERR,ERR,ERR,ERR,ERR,ERR,ERR,ERR,ERR,ERR,ERR,ERR,ERR,ERR,ERR,ERR,ERR,ERR,ERR,ERR,ERR,ERR,ERR,ERR,ERR,ERR,ERR,ERR,ERR,ERR,ERR,ERR,ERR,ERR,ERR,ERR,ERR,ERR,ERR,ERR,ERR,ERR,ERR,ERR,ERR,ERR,ERR,ERR,ERR,ERR,ERR,ERR,ERR,ERR,ERR,ERR,ERR,ERR,ERR,ERR,ERR,ERR,ERR,ERR,ERR,ERR,ERR,ERR,ERR,ERR,ERR,ERR,ERR,ERR,ERR,ERR,ERR,ERR,ERR,ERR,ERR,ERR,ERR,ERR,0.0,-0.0,-101055584.0,0.0,0.0,0.0,0.0,nan,0,0,0,32768,0,0.0,0,0.0,0.0,0.0,0.0,0.0,0,0,0,0,0.0,0,0,0,0,0,0,0,0,0,0,0,0,0,0,0,0,0,0,0,0,0,0,0,0,0,0,0,0,0,0,0,0,0,0,0,0,0,0,0,0,0,0,0,0,0.0,0.0,0.0,0.0,0.0,0.0,0.0,0.0,0.0,0.0,0.0,0.0,0.0,0.0,0.0,0.0,0.0,0.0,0.0,0.0,0.0,0.0,-0.0,-0.0,-2.004,-0.0,0.0,0.0,0.0,0.0,3368.5,-0.0,0.0,0.0,-0.0,-0.0,2.7184274988523002e+23,0.0,0.0,0.0,0.0,0,-2.7184278591402704e+23,-152016173137920.0,0.0,0.0,0.0,0.0,0.0,0.0,0.0,0,0,0,0.0,0.0,0.0,0.0,0.0,0.0,0.0,0.0,0.0,0.0,0.0,0.0,0.0,0.0,0.0,0.0,0,-107875648.0,0,0.0,0,-107875648.0,-107877712.0,0,0,17039,13107,17053,39322,17037,0,0,0,110,100,100,0.0,64.0,0.0,64.9,-107615304.0,68.5,1,49,50,180,0,26215,0,0,0.0,0.0,0.0,0.0,0.0,65.5,0.0,-0.0,0.0,645,0,687,0,0,0,715,0,786,0,708,0,689,0,645,0,641,0,618,0.032,36700160.0,-0.0,0.0,6800,16789,0.0,-2372.123,0.001,0.0,-0.0,-0.0,29.0,60.0,70,0.0,0.0,0.0,0.0,0.0,0.0,0.0,0.0,0.0,0.0,0.0,0.0,0.0,0.0,0.0,0.0,59.2,68,11,65509,41,65476,0,300,0,0,8,20529,65476,0,0,61604,60.0,0.0,0.0,0.0,0.0,0.0
2026-04-04T11:40:31,ERR,ERR,ERR,ERR,ERR,ERR,ERR,ERR,ERR,ERR,ERR,ERR,ERR,ERR,ERR,ERR,ERR,ERR,ERR,ERR,ERR,ERR,ERR,ERR,ERR,ERR,ERR,ERR,ERR,ERR,ERR,ERR,ERR,ERR,ERR,ERR,ERR,ERR,ERR,ERR,ERR,ERR,ERR,ERR,ERR,ERR,ERR,ERR,ERR,ERR,ERR,ERR,ERR,ERR,ERR,ERR,ERR,ERR,ERR,ERR,ERR,ERR,ERR,ERR,ERR,ERR,ERR,ERR,ERR,ERR,ERR,ERR,ERR,ERR,ERR,ERR,ERR,ERR,ERR,ERR,ERR,ERR,ERR,ERR,ERR,ERR,ERR,ERR,ERR,ERR,ERR,ERR,ERR,ERR,ERR,ERR,ERR,ERR,ERR,ERR,ERR,ERR,ERR,ERR,ERR,ERR,ERR,ERR,ERR,ERR,ERR,ERR,ERR,ERR,ERR,ERR,ERR,ERR,ERR,ERR,ERR,ERR,ERR,ERR,ERR,0.0,-0.0,-101055584.0,0.0,0.0,0.0,0.0,nan,0,0,0,32768,0,0.0,0,0.0,0.0,0.0,0.0,0.0,0,0,0,0,0.0,0,0,0,0,0,0,0,0,0,0,0,0,0,0,0,0,0,0,0,0,0,0,0,0,0,0,0,0,0,0,0,0,0,0,0,0,0,0,0,0,0,0,0,0,0.0,0.0,0.0,0.0,0.0,0.0,0.0,0.0,0.0,0.0,0.0,0.0,0.0,0.0,0.0,0.0,0.0,0.0,0.0,0.0,0.0,0.0,-0.0,-0.0,-2.004,-0.0,0.0,0.0,0.0,0.0,3368.5,-0.0,0.0,0.0,-0.0,-0.0,2.7184274988523002e+23,0.0,0.0,0.0,0.0,0,-2.7184278591402704e+23,-152016173137920.0,0.0,0.0,0.0,0.0,0.0,0.0,0.0,0,0,0,0.0,0.0,0.0,0.0,0.0,0.0,0.0,0.0,0.0,0.0,0.0,0.0,0.0,0.0,0.0,0.0,0,-107875648.0,0,0.0,0,-107875648.0,-107877712.0,0,0,17039,13107,17053,39322,17037,0,0,0,110,100,100,0.0,64.0,0.0,64.9,-107615304.0,68.5,1,49,50,180,0,26215,0,0,0.0,0.0,0.0,0.0,0.0,65.5,0.0,-0.0,0.0,645,0,687,0,0,0,715,0,786,0,708,0,689,0,645,0,641,0,618,0.032,36700160.0,-0.0,0.0,6800,16789,0.0,-2372.123,0.001,0.0,-0.0,-0.0,29.0,60.0,70,0.0,0.0,0.0,0.0,0.0,0.0,0.0,0.0,0.0,0.0,0.0,0.0,0.0,0.0,0.0,0.0,59.2,68,11,65509,41,65476,0,300,0,0,8,20529,65476,0,0,61604,60.0,0.0,0.0,0.0,0.0,0.0
2026-04-04T11:40:32,ERR,ERR,ERR,ERR,ERR,ERR,ERR,ERR,ERR,ERR,ERR,ERR,ERR,ERR,ERR,ERR,ERR,ERR,ERR,ERR,ERR,ERR,ERR,ERR,ERR,ERR,ERR,ERR,ERR,ERR,ERR,ERR,ERR,ERR,ERR,ERR,ERR,ERR,ERR,ERR,ERR,ERR,ERR,ERR,ERR,ERR,ERR,ERR,ERR,ERR,ERR,ERR,ERR,ERR,ERR,ERR,ERR,ERR,ERR,ERR,ERR,ERR,ERR,ERR,ERR,ERR,ERR,ERR,ERR,ERR,ERR,ERR,ERR,ERR,ERR,ERR,ERR,ERR,ERR,ERR,ERR,ERR,ERR,ERR,ERR,ERR,ERR,ERR,ERR,ERR,ERR,ERR,ERR,ERR,ERR,ERR,ERR,ERR,ERR,ERR,ERR,ERR,ERR,ERR,ERR,ERR,ERR,ERR,ERR,ERR,ERR,ERR,ERR,ERR,ERR,ERR,ERR,ERR,ERR,ERR,ERR,ERR,ERR,ERR,ERR,0.0,-0.0,-101055584.0,0.0,0.0,0.0,0.0,nan,0,0,0,32768,0,0.0,0,0.0,0.0,0.0,0.0,0.0,0,0,0,0,0.0,0,0,0,0,0,0,0,0,0,0,0,0,0,0,0,0,0,0,0,0,0,0,0,0,0,0,0,0,0,0,0,0,0,0,0,0,0,0,0,0,0,0,0,0,0.0,0.0,0.0,0.0,0.0,0.0,0.0,0.0,0.0,0.0,0.0,0.0,0.0,0.0,0.0,0.0,0.0,0.0,0.0,0.0,0.0,0.0,-0.0,-0.0,-2.004,-0.0,0.0,0.0,0.0,0.0,3368.5,-0.0,0.0,0.0,-0.0,-0.0,2.7184274988523002e+23,0.0,0.0,0.0,0.0,0,-2.7184278591402704e+23,-152016173137920.0,0.0,0.0,0.0,0.0,0.0,0.0,0.0,0,0,0,0.0,0.0,0.0,0.0,0.0,0.0,0.0,0.0,0.0,0.0,0.0,0.0,0.0,0.0,0.0,0.0,0,-107875648.0,0,0.0,0,-107875648.0,-107877712.0,0,0,17039,13107,17053,39322,17037,0,0,0,110,100,100,0.0,64.0,0.0,64.9,-107615304.0,68.5,1,49,50,180,0,26215,0,0,0.0,0.0,0.0,0.0,0.0,65.5,0.0,-0.0,0.0,645,0,687,0,0,0,715,0,786,0,708,0,689,0,645,0,641,0,618,0.032,36700160.0,-0.0,0.0,6800,16789,0.0,-2372.123,0.001,0.0,-0.0,-0.0,29.0,60.0,70,0.0,0.0,0.0,0.0,0.0,0.0,0.0,0.0,0.0,0.0,0.0,0.0,0.0,0.0,0.0,0.0,59.2,68,11,65509,41,65476,0,300,0,0,8,20529,65476,0,0,61604,60.0,0.0,0.0,0.0,0.0,0.0
2026-04-04T11:40:33,ERR,ERR,ERR,ERR,ERR,ERR,ERR,ERR,ERR,ERR,ERR,ERR,ERR,ERR,ERR,ERR,ERR,ERR,ERR,ERR,ERR,ERR,ERR,ERR,ERR,ERR,ERR,ERR,ERR,ERR,ERR,ERR,ERR,ERR,ERR,ERR,ERR,ERR,ERR,ERR,ERR,ERR,ERR,ERR,ERR,ERR,ERR,ERR,ERR,ERR,ERR,ERR,ERR,ERR,ERR,ERR,ERR,ERR,ERR,ERR,ERR,ERR,ERR,ERR,ERR,ERR,ERR,ERR,ERR,ERR,ERR,ERR,ERR,ERR,ERR,ERR,ERR,ERR,ERR,ERR,ERR,ERR,ERR,ERR,ERR,ERR,ERR,ERR,ERR,ERR,ERR,ERR,ERR,ERR,ERR,ERR,ERR,ERR,ERR,ERR,ERR,ERR,ERR,ERR,ERR,ERR,ERR,ERR,ERR,ERR,ERR,ERR,ERR,ERR,ERR,ERR,ERR,ERR,ERR,ERR,ERR,ERR,ERR,ERR,ERR,0.0,-0.0,-101055584.0,0.0,0.0,0.0,0.0,nan,0,0,0,32768,0,0.0,0,0.0,0.0,0.0,0.0,0.0,0,0,0,0,0.0,0,0,0,0,0,0,0,0,0,0,0,0,0,0,0,0,0,0,0,0,0,0,0,0,0,0,0,0,0,0,0,0,0,0,0,0,0,0,0,0,0,0,0,0,0.0,0.0,0.0,0.0,0.0,0.0,0.0,0.0,0.0,0.0,0.0,0.0,0.0,0.0,0.0,0.0,0.0,0.0,0.0,0.0,0.0,0.0,-0.0,-0.0,-2.004,-0.0,0.0,0.0,0.0,0.0,3368.5,-0.0,0.0,0.0,-0.0,-0.0,2.7184274988523002e+23,0.0,0.0,0.0,0.0,0,-2.7184278591402704e+23,-152016173137920.0,0.0,0.0,0.0,0.0,0.0,0.0,0.0,0,0,0,0.0,0.0,0.0,0.0,0.0,0.0,0.0,0.0,0.0,0.0,0.0,0.0,0.0,0.0,0.0,0.0,0,-107875648.0,0,0.0,0,-107875648.0,-107877712.0,0,0,17039,13107,17053,39322,17037,0,0,0,110,100,100,0.0,64.0,0.0,64.9,-107615304.0,68.5,1,49,50,180,0,26215,0,0,0.0,0.0,0.0,0.0,0.0,65.5,0.0,-9.916280526309075e+29,0.0,645,0,687,0,0,0,715,0,786,0,708,0,689,0,645,0,641,0,618,0.032,36700160.0,-0.0,0.0,58000,16788,0.0,0.0,1.5639623044694016e+16,1.9491352687864185e+19,-0.0,-118.626,29.0,60.0,70,0.0,0.0,0.0,0.0,0.0,0.0,0.0,0.0,0.0,0.0,0.0,0.0,0.0,0.0,0.0,0.0,59.2,68,11,65509,41,65476,0,300,0,0,8,20529,65476,0,0,61604,60.0,0.0,0.0,0.0,0.0,0.0
2026-04-04T11:40:34,ERR,ERR,ERR,ERR,ERR,ERR,ERR,ERR,ERR,ERR,ERR,ERR,ERR,ERR,ERR,ERR,ERR,ERR,ERR,ERR,ERR,ERR,ERR,ERR,ERR,ERR,ERR,ERR,ERR,ERR,ERR,ERR,ERR,ERR,ERR,ERR,ERR,ERR,ERR,ERR,ERR,ERR,ERR,ERR,ERR,ERR,ERR,ERR,ERR,ERR,ERR,ERR,ERR,ERR,ERR,ERR,ERR,ERR,ERR,ERR,ERR,ERR,ERR,ERR,ERR,ERR,ERR,ERR,ERR,ERR,ERR,ERR,ERR,ERR,ERR,ERR,ERR,ERR,ERR,ERR,ERR,ERR,ERR,ERR,ERR,ERR,ERR,ERR,ERR,ERR,ERR,ERR,ERR,ERR,ERR,ERR,ERR,ERR,ERR,ERR,ERR,ERR,ERR,ERR,ERR,ERR,ERR,ERR,ERR,ERR,ERR,ERR,ERR,ERR,ERR,ERR,ERR,ERR,ERR,ERR,ERR,ERR,ERR,ERR,ERR,0.0,-0.0,-101055584.0,0.0,0.0,0.0,0.0,nan,0,0,0,32768,0,0.0,0,0.0,0.0,0.0,0.0,0.0,0,0,0,0,0.0,0,0,0,0,0,0,0,0,0,0,0,0,0,0,0,0,0,0,0,0,0,0,0,0,0,0,0,0,0,0,0,0,0,0,0,0,0,0,0,0,0,0,0,0,0.0,0.0,0.0,0.0,0.0,0.0,0.0,0.0,0.0,0.0,0.0,0.0,0.0,0.0,0.0,0.0,0.0,0.0,0.0,0.0,0.0,0.0,-0.0,-0.0,-2.004,-0.0,0.0,0.0,0.0,0.0,3368.5,-0.0,0.0,0.0,-0.0,-0.0,2.7184274988523002e+23,0.0,0.0,0.0,0.0,0,-2.7184278591402704e+23,-152016173137920.0,0.0,0.0,0.0,0.0,0.0,0.0,0.0,0,0,0,0.0,0.0,0.0,0.0,0.0,0.0,0.0,0.0,0.0,0.0,0.0,0.0,0.0,0.0,0.0,0.0,0,-107875648.0,0,0.0,0,-107875648.0,-107877712.0,0,0,17039,13107,17053,39322,17037,0,0,0,110,100,100,0.0,64.0,0.0,64.9,-107615304.0,68.5,1,49,50,180,0,26215,0,0,0.0,0.0,0.0,0.0,0.0,65.5,0.0,-9.916280526309075e+29,0.0,645,0,687,0,0,0,715,0,786,0,708,0,689,0,645,0,641,0,618,0.032,36700160.0,-0.0,0.0,58000,16788,0.0,0.0,1.5639623044694016e+16,1.9491352687864185e+19,-0.0,-118.626,29.0,60.0,70,0.0,0.0,0.0,0.0,0.0,0.0,0.0,0.0,0.0,0.0,0.0,0.0,0.0,0.0,0.0,0.0,59.2,68,11,65509,41,65476,0,300,0,0,8,20529,65476,0,0,61604,60.0,0.0,0.0,0.0,0.0,0.0
2026-04-04T11:40:35,ERR,ERR,ERR,ERR,ERR,ERR,ERR,ERR,ERR,ERR,ERR,ERR,ERR,ERR,ERR,ERR,ERR,ERR,ERR,ERR,ERR,ERR,ERR,ERR,ERR,ERR,ERR,ERR,ERR,ERR,ERR,ERR,ERR,ERR,ERR,ERR,ERR,ERR,ERR,ERR,ERR,ERR,ERR,ERR,ERR,ERR,ERR,ERR,ERR,ERR,ERR,ERR,ERR,ERR,ERR,ERR,ERR,ERR,ERR,ERR,ERR,ERR,ERR,ERR,ERR,ERR,ERR,ERR,ERR,ERR,ERR,ERR,ERR,ERR,ERR,ERR,ERR,ERR,ERR,ERR,ERR,ERR,ERR,ERR,ERR,ERR,ERR,ERR,ERR,ERR,ERR,ERR,ERR,ERR,ERR,ERR,ERR,ERR,ERR,ERR,ERR,ERR,ERR,ERR,ERR,ERR,ERR,ERR,ERR,ERR,ERR,ERR,ERR,ERR,ERR,ERR,ERR,ERR,ERR,ERR,ERR,ERR,ERR,ERR,ERR,0.0,-0.0,-101055584.0,0.0,0.0,0.0,0.0,nan,0,0,0,32768,0,0.0,0,0.0,0.0,0.0,0.0,0.0,0,0,0,0,0.0,0,0,0,0,0,0,0,0,0,0,0,0,0,0,0,0,0,0,0,0,0,0,0,0,0,0,0,0,0,0,0,0,0,0,0,0,0,0,0,0,0,0,0,0,0.0,0.0,0.0,0.0,0.0,0.0,0.0,0.0,0.0,0.0,0.0,0.0,0.0,0.0,0.0,0.0,0.0,0.0,0.0,0.0,0.0,0.0,-0.0,-0.0,-2.004,-0.0,0.0,0.0,0.0,0.0,3368.5,-0.0,0.0,0.0,-0.0,-0.0,2.7184274988523002e+23,0.0,0.0,0.0,0.0,0,-2.7184278591402704e+23,-152016173137920.0,0.0,0.0,0.0,0.0,0.0,0.0,0.0,0,0,0,0.0,0.0,0.0,0.0,0.0,0.0,0.0,0.0,0.0,0.0,0.0,0.0,0.0,0.0,0.0,0.0,0,-107875648.0,0,0.0,0,-107875648.0,-107877712.0,0,0,17039,13107,17053,39322,17037,0,0,0,110,100,100,0.0,64.0,0.0,64.9,-107615304.0,68.5,1,49,50,180,0,26215,0,0,0.0,0.0,0.0,0.0,0.0,65.5,0.0,-9.916280526309075e+29,0.0,645,0,687,0,0,0,715,0,786,0,708,0,689,0,645,0,641,0,618,0.032,36700160.0,-0.0,0.0,58000,16788,0.0,0.0,1.5639623044694016e+16,1.9491352687864185e+19,-0.0,-118.626,29.0,60.0,70,0.0,0.0,0.0,0.0,0.0,0.0,0.0,0.0,0.0,0.0,0.0,0.0,0.0,0.0,0.0,0.0,59.2,68,11,65509,41,65476,0,300,0,0,8,20529,65476,0,0,61604,60.0,0.0,0.0,0.0,0.0,0.0
2026-04-04T11:40:36,ERR,ERR,ERR,ERR,ERR,ERR,ERR,ERR,ERR,ERR,ERR,ERR,ERR,ERR,ERR,ERR,ERR,ERR,ERR,ERR,ERR,ERR,ERR,ERR,ERR,ERR,ERR,ERR,ERR,ERR,ERR,ERR,ERR,ERR,ERR,ERR,ERR,ERR,ERR,ERR,ERR,ERR,ERR,ERR,ERR,ERR,ERR,ERR,ERR,ERR,ERR,ERR,ERR,ERR,ERR,ERR,ERR,ERR,ERR,ERR,ERR,ERR,ERR,ERR,ERR,ERR,ERR,ERR,ERR,ERR,ERR,ERR,ERR,ERR,ERR,ERR,ERR,ERR,ERR,ERR,ERR,ERR,ERR,ERR,ERR,ERR,ERR,ERR,ERR,ERR,ERR,ERR,ERR,ERR,ERR,ERR,ERR,ERR,ERR,ERR,ERR,ERR,ERR,ERR,ERR,ERR,ERR,ERR,ERR,ERR,ERR,ERR,ERR,ERR,ERR,ERR,ERR,ERR,ERR,ERR,ERR,ERR,ERR,ERR,ERR,0.0,-0.0,-101055584.0,0.0,0.0,0.0,0.0,nan,0,0,0,32768,0,0.0,0,0.0,0.0,0.0,0.0,0.0,0,0,0,0,0.0,0,0,0,0,0,0,0,0,0,0,0,0,0,0,0,0,0,0,0,0,0,0,0,0,0,0,0,0,0,0,0,0,0,0,0,0,0,0,0,0,0,0,0,0,0.0,0.0,0.0,0.0,0.0,0.0,0.0,0.0,0.0,0.0,0.0,0.0,0.0,0.0,0.0,0.0,0.0,0.0,0.0,0.0,0.0,0.0,-0.0,-0.0,-2.004,-0.0,0.0,0.0,0.0,0.0,3368.5,-0.0,0.0,0.0,-0.0,-0.0,2.7184274988523002e+23,0.0,0.0,0.0,0.0,0,-2.7184278591402704e+23,-152016173137920.0,0.0,0.0,0.0,0.0,0.0,0.0,0.0,0,0,0,0.0,0.0,0.0,0.0,0.0,0.0,0.0,0.0,0.0,0.0,0.0,0.0,0.0,0.0,0.0,0.0,0,-107875648.0,0,0.0,0,-107875648.0,-107877712.0,0,0,17039,13107,17053,39322,17037,0,0,0,110,100,100,0.0,64.0,0.0,64.9,-107615304.0,68.5,1,49,50,180,0,26215,0,0,0.0,0.0,0.0,0.0,0.0,65.5,0.0,-9.916280526309075e+29,0.0,645,0,687,0,0,0,715,0,786,0,708,0,689,0,645,0,641,0,618,0.032,36700160.0,-0.0,0.0,58000,16788,0.0,0.0,1.5639623044694016e+16,1.9491352687864185e+19,-0.0,-118.626,29.0,60.0,70,0.0,0.0,0.0,0.0,0.0,0.0,0.0,0.0,0.0,0.0,0.0,0.0,0.0,0.0,0.0,0.0,59.2,68,11,65509,41,65476,0,300,0,0,8,20529,65476,0,0,61604,60.0,0.0,0.0,0.0,0.0,0.0
2026-04-04T11:40:37,ERR,ERR,ERR,ERR,ERR,ERR,ERR,ERR,ERR,ERR,ERR,ERR,ERR,ERR,ERR,ERR,ERR,ERR,ERR,ERR,ERR,ERR,ERR,ERR,ERR,ERR,ERR,ERR,ERR,ERR,ERR,ERR,ERR,ERR,ERR,ERR,ERR,ERR,ERR,ERR,ERR,ERR,ERR,ERR,ERR,ERR,ERR,ERR,ERR,ERR,ERR,ERR,ERR,ERR,ERR,ERR,ERR,ERR,ERR,ERR,ERR,ERR,ERR,ERR,ERR,ERR,ERR,ERR,ERR,ERR,ERR,ERR,ERR,ERR,ERR,ERR,ERR,ERR,ERR,ERR,ERR,ERR,ERR,ERR,ERR,ERR,ERR,ERR,ERR,ERR,ERR,ERR,ERR,ERR,ERR,ERR,ERR,ERR,ERR,ERR,ERR,ERR,ERR,ERR,ERR,ERR,ERR,ERR,ERR,ERR,ERR,ERR,ERR,ERR,ERR,ERR,ERR,ERR,ERR,ERR,ERR,ERR,ERR,ERR,ERR,0.0,-0.0,-101055584.0,0.0,0.0,0.0,0.0,nan,0,0,0,32768,0,0.0,0,0.0,0.0,0.0,0.0,0.0,0,0,0,0,0.0,0,0,0,0,0,0,0,0,0,0,0,0,0,0,0,0,0,0,0,0,0,0,0,0,0,0,0,0,0,0,0,0,0,0,0,0,0,0,0,0,0,0,0,0,0.0,0.0,0.0,0.0,0.0,0.0,0.0,0.0,0.0,0.0,0.0,0.0,0.0,0.0,0.0,0.0,0.0,0.0,0.0,0.0,0.0,0.0,-0.0,-2.004,-2.004,-0.0,0.0,0.0,0.0,0.0,3366.5,-2.004,0.0,0.0,0.0,-0.0,2.7184274988523002e+23,0.0,0.0,0.0,0.0,0,-1.9056958870913024e+17,-71.629,0.0,0.0,0.0,0.0,0.0,0.0,0.0,0,0,0,0.0,0.0,0.0,0.0,0.0,0.0,0.0,0.0,0.0,0.0,0.0,0.0,0.0,0.0,0.0,0.0,0,-107875648.0,0,0.0,0,-107875648.0,-107877712.0,0,0,17039,13107,17053,39322,17037,0,0,0,110,100,100,0.0,64.0,0.0,64.9,-107615304.0,68.5,1,49,50,180,0,26215,0,0,0.0,0.0,0.0,0.0,0.0,65.5,0.0,-9.916280526309075e+29,0.0,645,0,687,0,0,0,715,0,786,0,708,0,689,0,645,0,641,0,618,0.032,36700160.0,-0.0,0.0,58000,16788,0.0,0.0,1.5639623044694016e+16,1.9491352687864185e+19,-0.0,-118.626,29.0,60.0,70,0.0,0.0,0.0,0.0,0.0,0.0,0.0,0.0,0.0,0.0,0.0,0.0,0.0,0.0,0.0,0.0,59.2,68,11,65509,41,65476,0,300,0,0,8,20529,65476,0,0,61604,60.0,0.0,0.0,0.0,0.0,0.0
2026-04-04T11:40:38,ERR,ERR,ERR,ERR,ERR,ERR,ERR,ERR,ERR,ERR,ERR,ERR,ERR,ERR,ERR,ERR,ERR,ERR,ERR,ERR,ERR,ERR,ERR,ERR,ERR,ERR,ERR,ERR,ERR,ERR,ERR,ERR,ERR,ERR,ERR,ERR,ERR,ERR,ERR,ERR,ERR,ERR,ERR,ERR,ERR,ERR,ERR,ERR,ERR,ERR,ERR,ERR,ERR,ERR,ERR,ERR,ERR,ERR,ERR,ERR,ERR,ERR,ERR,ERR,ERR,ERR,ERR,ERR,ERR,ERR,ERR,ERR,ERR,ERR,ERR,ERR,ERR,ERR,ERR,ERR,ERR,ERR,ERR,ERR,ERR,ERR,ERR,ERR,ERR,ERR,ERR,ERR,ERR,ERR,ERR,ERR,ERR,ERR,ERR,ERR,ERR,ERR,ERR,ERR,ERR,ERR,ERR,ERR,ERR,ERR,ERR,ERR,ERR,ERR,ERR,ERR,ERR,ERR,ERR,ERR,ERR,ERR,ERR,ERR,ERR,0.0,-0.0,-101055584.0,0.0,0.0,0.0,0.0,nan,0,0,0,32768,0,0.0,0,0.0,0.0,0.0,0.0,0.0,0,0,0,0,0.0,0,0,0,0,0,0,0,0,0,0,0,0,0,0,0,0,0,0,0,0,0,0,0,0,0,0,0,0,0,0,0,0,0,0,0,0,0,0,0,0,0,0,0,0,0.0,0.0,0.0,0.0,0.0,0.0,0.0,0.0,0.0,0.0,0.0,0.0,0.0,0.0,0.0,0.0,0.0,0.0,0.0,0.0,0.0,0.0,-0.0,-2.004,-2.004,-0.0,0.0,0.0,0.0,0.0,3366.5,-2.004,0.0,0.0,0.0,-0.0,2.7184274988523002e+23,0.0,0.0,0.0,0.0,0,-1.9056958870913024e+17,-71.629,0.0,0.0,0.0,0.0,0.0,0.0,0.0,0,0,0,0.0,0.0,0.0,0.0,0.0,0.0,0.0,0.0,0.0,0.0,0.0,0.0,0.0,0.0,0.0,0.0,0,-107875648.0,0,0.0,0,-107875648.0,-107877712.0,0,0,17039,13107,17053,39322,17037,0,0,0,110,100,100,0.0,64.0,0.0,64.9,-107615304.0,68.5,1,49,50,180,0,26215,0,0,0.0,0.0,0.0,0.0,0.0,65.5,0.0,-9.916280526309075e+29,0.0,645,0,687,0,0,0,715,0,786,0,708,0,689,0,645,0,641,0,618,0.032,36700160.0,-0.0,0.0,58000,16788,0.0,0.0,1.5639623044694016e+16,1.9491352687864185e+19,-0.0,-118.626,29.0,60.0,70,0.0,0.0,0.0,0.0,0.0,0.0,0.0,0.0,0.0,0.0,0.0,0.0,0.0,0.0,0.0,0.0,59.2,68,11,65509,41,65476,0,300,0,0,8,20529,65476,0,0,61604,60.0,0.0,0.0,0.0,0.0,0.0
2026-04-04T11:40:39,ERR,ERR,ERR,ERR,ERR,ERR,ERR,ERR,ERR,ERR,ERR,ERR,ERR,ERR,ERR,ERR,ERR,ERR,ERR,ERR,ERR,ERR,ERR,ERR,ERR,ERR,ERR,ERR,ERR,ERR,ERR,ERR,ERR,ERR,ERR,ERR,ERR,ERR,ERR,ERR,ERR,ERR,ERR,ERR,ERR,ERR,ERR,ERR,ERR,ERR,ERR,ERR,ERR,ERR,ERR,ERR,ERR,ERR,ERR,ERR,ERR,ERR,ERR,ERR,ERR,ERR,ERR,ERR,ERR,ERR,ERR,ERR,ERR,ERR,ERR,ERR,ERR,ERR,ERR,ERR,ERR,ERR,ERR,ERR,ERR,ERR,ERR,ERR,ERR,ERR,ERR,ERR,ERR,ERR,ERR,ERR,ERR,ERR,ERR,ERR,ERR,ERR,ERR,ERR,ERR,ERR,ERR,ERR,ERR,ERR,ERR,ERR,ERR,ERR,ERR,ERR,ERR,ERR,ERR,ERR,ERR,ERR,ERR,ERR,ERR,0.0,-0.0,-101055584.0,0.0,0.0,0.0,0.0,nan,0,0,0,32768,0,0.0,0,0.0,0.0,0.0,0.0,0.0,0,0,0,0,0.0,0,0,0,0,0,0,0,0,0,0,0,0,0,0,0,0,0,0,0,0,0,0,0,0,0,0,0,0,0,0,0,0,0,0,0,0,0,0,0,0,0,0,0,0,0.0,0.0,0.0,0.0,0.0,0.0,0.0,0.0,0.0,0.0,0.0,0.0,0.0,0.0,0.0,0.0,0.0,0.0,0.0,0.0,0.0,0.0,-0.0,-2.004,-2.004,-0.0,0.0,0.0,0.0,0.0,3366.5,-2.004,0.0,0.0,0.0,-0.0,2.7184274988523002e+23,0.0,0.0,0.0,0.0,0,-1.9056958870913024e+17,-71.629,0.0,0.0,0.0,0.0,0.0,0.0,0.0,0,0,0,0.0,0.0,0.0,0.0,0.0,0.0,0.0,0.0,0.0,0.0,0.0,0.0,0.0,0.0,0.0,0.0,0,-107875648.0,0,0.0,0,-107875648.0,-107877712.0,0,0,17039,13107,17053,39322,17037,0,0,0,110,100,100,0.0,64.0,0.0,64.9,-107615304.0,68.5,1,49,50,180,0,13107,0,0,0.0,0.0,0.0,0.0,-4.38943134123231e+34,65.0,0.0,1.1679450203825457e+21,0.0,645,0,686,0,0,0,715,0,786,0,708,0,689,0,645,0,641,0,618,0.032,36700160.0,-0.0,0.0,57872,16788,0.0,0.022,8.764710983280242e+30,5.912339972410176e+30,-0.0,-249866215227392.0,29.0,60.0,70,0.0,0.0,0.0,0.0,0.0,0.0,0.0,0.0,0.0,0.0,0.0,0.0,0.0,0.0,0.0,0.0,59.2,68,11,65509,41,65476,0,300,0,0,8,20529,65476,0,0,61604,60.0,0.0,0.0,0.0,0.0,0.0
2026-04-04T11:40:40,ERR,ERR,ERR,ERR,ERR,ERR,ERR,ERR,ERR,ERR,ERR,ERR,ERR,ERR,ERR,ERR,ERR,ERR,ERR,ERR,ERR,ERR,ERR,ERR,ERR,ERR,ERR,ERR,ERR,ERR,ERR,ERR,ERR,ERR,ERR,ERR,ERR,ERR,ERR,ERR,ERR,ERR,ERR,ERR,ERR,ERR,ERR,ERR,ERR,ERR,ERR,ERR,ERR,ERR,ERR,ERR,ERR,ERR,ERR,ERR,ERR,ERR,ERR,ERR,ERR,ERR,ERR,ERR,ERR,ERR,ERR,ERR,ERR,ERR,ERR,ERR,ERR,ERR,ERR,ERR,ERR,ERR,ERR,ERR,ERR,ERR,ERR,ERR,ERR,ERR,ERR,ERR,ERR,ERR,ERR,ERR,ERR,ERR,ERR,ERR,ERR,ERR,ERR,ERR,ERR,ERR,ERR,ERR,ERR,ERR,ERR,ERR,ERR,ERR,ERR,ERR,ERR,ERR,ERR,ERR,ERR,ERR,ERR,ERR,ERR,0.0,-0.0,-101055584.0,0.0,0.0,0.0,0.0,nan,0,0,0,32768,0,0.0,0,0.0,0.0,0.0,0.0,0.0,0,0,0,0,0.0,0,0,0,0,0,0,0,0,0,0,0,0,0,0,0,0,0,0,0,0,0,0,0,0,0,0,0,0,0,0,0,0,0,0,0,0,0,0,0,0,0,0,0,0,0.0,0.0,0.0,0.0,0.0,0.0,0.0,0.0,0.0,0.0,0.0,0.0,0.0,0.0,0.0,0.0,0.0,0.0,0.0,0.0,0.0,0.0,-0.0,-2.004,-2.004,-0.0,0.0,0.0,0.0,0.0,3366.5,-2.004,0.0,0.0,0.0,-0.0,2.7184274988523002e+23,0.0,0.0,0.0,0.0,0,-1.9056958870913024e+17,-71.629,0.0,0.0,0.0,0.0,0.0,0.0,0.0,0,0,0,0.0,0.0,0.0,0.0,0.0,0.0,0.0,0.0,0.0,0.0,0.0,0.0,0.0,0.0,0.0,0.0,0,-107875648.0,0,0.0,0,-107875648.0,-107877712.0,0,0,17039,13107,17053,39322,17037,0,0,0,110,100,100,0.0,64.0,0.0,64.9,-107615304.0,68.5,1,49,50,180,0,13107,0,0,0.0,0.0,0.0,0.0,-4.38943134123231e+34,65.0,0.0,1.1679450203825457e+21,0.0,645,0,686,0,0,0,715,0,786,0,708,0,689,0,645,0,641,0,618,0.032,36700160.0,-0.0,0.0,57872,16788,0.0,0.022,8.764710983280242e+30,5.912339972410176e+30,-0.0,-249866215227392.0,29.0,60.0,70,0.0,0.0,0.0,0.0,0.0,0.0,0.0,0.0,0.0,0.0,0.0,0.0,0.0,0.0,0.0,0.0,59.2,68,11,65509,41,65476,0,300,0,0,8,20529,65476,0,0,61604,60.0,0.0,0.0,0.0,0.0,0.0
2026-04-04T11:40:41,ERR,ERR,ERR,ERR,ERR,ERR,ERR,ERR,ERR,ERR,ERR,ERR,ERR,ERR,ERR,ERR,ERR,ERR,ERR,ERR,ERR,ERR,ERR,ERR,ERR,ERR,ERR,ERR,ERR,ERR,ERR,ERR,ERR,ERR,ERR,ERR,ERR,ERR,ERR,ERR,ERR,ERR,ERR,ERR,ERR,ERR,ERR,ERR,ERR,ERR,ERR,ERR,ERR,ERR,ERR,ERR,ERR,ERR,ERR,ERR,ERR,ERR,ERR,ERR,ERR,ERR,ERR,ERR,ERR,ERR,ERR,ERR,ERR,ERR,ERR,ERR,ERR,ERR,ERR,ERR,ERR,ERR,ERR,ERR,ERR,ERR,ERR,ERR,ERR,ERR,ERR,ERR,ERR,ERR,ERR,ERR,ERR,ERR,ERR,ERR,ERR,ERR,ERR,ERR,ERR,ERR,ERR,ERR,ERR,ERR,ERR,ERR,ERR,ERR,ERR,ERR,ERR,ERR,ERR,ERR,ERR,ERR,ERR,ERR,ERR,0.0,-0.0,-101055584.0,0.0,0.0,0.0,0.0,nan,0,0,0,32768,0,0.0,0,0.0,0.0,0.0,0.0,0.0,0,0,0,0,0.0,0,0,0,0,0,0,0,0,0,0,0,0,0,0,0,0,0,0,0,0,0,0,0,0,0,0,0,0,0,0,0,0,0,0,0,0,0,0,0,0,0,0,0,0,0.0,0.0,0.0,0.0,0.0,0.0,0.0,0.0,0.0,0.0,0.0,0.0,0.0,0.0,0.0,0.0,0.0,0.0,0.0,0.0,0.0,0.0,-0.0,-2.004,-2.004,-0.0,0.0,0.0,0.0,0.0,3366.5,-2.004,0.0,0.0,0.0,-0.0,2.7184274988523002e+23,0.0,0.0,0.0,0.0,0,-1.9056958870913024e+17,-71.629,0.0,0.0,0.0,0.0,0.0,0.0,0.0,0,0,0,0.0,0.0,0.0,0.0,0.0,0.0,0.0,0.0,0.0,0.0,0.0,0.0,0.0,0.0,0.0,0.0,0,-107875648.0,0,0.0,0,-107875648.0,-107877712.0,0,0,17039,13107,17053,39322,17037,0,0,0,110,100,100,0.0,64.0,0.0,64.9,-107615304.0,68.5,1,49,50,180,0,13107,0,0,0.0,0.0,0.0,0.0,-4.38943134123231e+34,65.0,0.0,1.1679450203825457e+21,0.0,645,0,686,0,0,0,715,0,786,0,708,0,689,0,645,0,641,0,618,0.032,36700160.0,-0.0,0.0,57872,16788,0.0,0.022,8.764710983280242e+30,5.912339972410176e+30,-0.0,-249866215227392.0,29.0,60.0,70,0.0,0.0,0.0,0.0,0.0,0.0,0.0,0.0,0.0,0.0,0.0,0.0,0.0,0.0,0.0,0.0,59.2,68,11,65509,41,65476,0,300,0,0,8,20529,65476,0,0,61604,60.0,0.0,0.0,0.0,0.0,0.0
2026-04-04T11:40:42,ERR,ERR,ERR,ERR,ERR,ERR,ERR,ERR,ERR,ERR,ERR,ERR,ERR,ERR,ERR,ERR,ERR,ERR,ERR,ERR,ERR,ERR,ERR,ERR,ERR,ERR,ERR,ERR,ERR,ERR,ERR,ERR,ERR,ERR,ERR,ERR,ERR,ERR,ERR,ERR,ERR,ERR,ERR,ERR,ERR,ERR,ERR,ERR,ERR,ERR,ERR,ERR,ERR,ERR,ERR,ERR,ERR,ERR,ERR,ERR,ERR,ERR,ERR,ERR,ERR,ERR,ERR,ERR,ERR,ERR,ERR,ERR,ERR,ERR,ERR,ERR,ERR,ERR,ERR,ERR,ERR,ERR,ERR,ERR,ERR,ERR,ERR,ERR,ERR,ERR,ERR,ERR,ERR,ERR,ERR,ERR,ERR,ERR,ERR,ERR,ERR,ERR,ERR,ERR,ERR,ERR,ERR,ERR,ERR,ERR,ERR,ERR,ERR,ERR,ERR,ERR,ERR,ERR,ERR,ERR,ERR,ERR,ERR,ERR,ERR,0.0,-0.0,-101055584.0,0.0,0.0,0.0,0.0,nan,0,0,0,32768,0,0.0,0,0.0,0.0,0.0,0.0,0.0,0,0,0,0,0.0,0,0,0,0,0,0,0,0,0,0,0,0,0,0,0,0,0,0,0,0,0,0,0,0,0,0,0,0,0,0,0,0,0,0,0,0,0,0,0,0,0,0,0,0,0.0,0.0,0.0,0.0,0.0,0.0,0.0,0.0,0.0,0.0,0.0,0.0,0.0,0.0,0.0,0.0,0.0,0.0,0.0,0.0,0.0,0.0,-0.0,-2.004,-2.004,-0.0,0.0,0.0,0.0,0.0,3366.5,-2.004,0.0,0.0,0.0,-0.0,2.7184274988523002e+23,0.0,0.0,0.0,0.0,0,-1.9056958870913024e+17,-71.629,0.0,0.0,0.0,0.0,0.0,0.0,0.0,0,0,0,0.0,0.0,0.0,0.0,0.0,0.0,0.0,0.0,0.0,0.0,0.0,0.0,0.0,0.0,0.0,0.0,0,-107875648.0,0,0.0,0,-107875648.0,-107877712.0,0,0,17039,13107,17053,39322,17037,0,0,0,110,100,100,0.0,64.0,0.0,64.9,-107615304.0,68.5,1,49,50,180,0,13107,0,0,0.0,0.0,0.0,0.0,-4.38943134123231e+34,65.0,0.0,1.1679450203825457e+21,0.0,645,0,686,0,0,0,715,0,786,0,708,0,689,0,645,0,641,0,618,0.032,36700160.0,-0.0,0.0,57872,16788,0.0,0.022,8.764710983280242e+30,5.912339972410176e+30,-0.0,-249866215227392.0,29.0,60.0,70,0.0,0.0,0.0,0.0,0.0,0.0,0.0,0.0,0.0,0.0,0.0,0.0,0.0,0.0,0.0,0.0,59.2,68,11,65509,41,65476,0,300,0,0,8,20529,65476,0,0,61604,60.0,0.0,0.0,0.0,0.0,0.0
2026-04-04T11:40:43,ERR,ERR,ERR,ERR,ERR,ERR,ERR,ERR,ERR,ERR,ERR,ERR,ERR,ERR,ERR,ERR,ERR,ERR,ERR,ERR,ERR,ERR,ERR,ERR,ERR,ERR,ERR,ERR,ERR,ERR,ERR,ERR,ERR,ERR,ERR,ERR,ERR,ERR,ERR,ERR,ERR,ERR,ERR,ERR,ERR,ERR,ERR,ERR,ERR,ERR,ERR,ERR,ERR,ERR,ERR,ERR,ERR,ERR,ERR,ERR,ERR,ERR,ERR,ERR,ERR,ERR,ERR,ERR,ERR,ERR,ERR,ERR,ERR,ERR,ERR,ERR,ERR,ERR,ERR,ERR,ERR,ERR,ERR,ERR,ERR,ERR,ERR,ERR,ERR,ERR,ERR,ERR,ERR,ERR,ERR,ERR,ERR,ERR,ERR,ERR,ERR,ERR,ERR,ERR,ERR,ERR,ERR,ERR,ERR,ERR,ERR,ERR,ERR,ERR,ERR,ERR,ERR,ERR,ERR,ERR,ERR,ERR,ERR,ERR,ERR,0.0,-0.0,-101055584.0,0.0,0.0,0.0,0.0,nan,0,0,0,32768,0,0.0,0,0.0,0.0,0.0,0.0,0.0,0,0,0,0,0.0,0,0,0,0,0,0,0,0,0,0,0,0,0,0,0,0,0,0,0,0,0,0,0,0,0,0,0,0,0,0,0,0,0,0,0,0,0,0,0,0,0,0,0,0,0.0,0.0,0.0,0.0,0.0,0.0,0.0,0.0,0.0,0.0,0.0,0.0,0.0,0.0,0.0,0.0,0.0,0.0,0.0,0.0,0.0,0.0,-0.0,-2.004,-2.004,-0.0,0.0,0.0,0.0,0.0,3366.5,-2.004,0.0,0.0,0.0,-0.0,2.7184274988523002e+23,0.0,0.0,0.0,0.0,0,-1.9056958870913024e+17,-71.629,0.0,0.0,0.0,0.0,0.0,0.0,0.0,0,0,0,0.0,0.0,0.0,0.0,0.0,0.0,0.0,0.0,0.0,0.0,0.0,0.0,0.0,0.0,0.0,0.0,0,-107875648.0,0,0.0,0,-107875648.0,-107877712.0,0,0,17039,13107,17053,39322,17037,0,0,0,110,100,100,0.0,64.0,0.0,64.9,-107615304.0,68.5,1,49,50,180,0,13107,0,0,0.0,0.0,0.0,0.0,-4.38943134123231e+34,65.0,0.0,1.1679450203825457e+21,0.0,645,0,686,0,0,0,715,0,786,0,708,0,689,0,645,0,641,0,618,0.032,36700160.0,-0.0,0.0,57872,16788,0.0,0.022,8.764710983280242e+30,5.912339972410176e+30,-0.0,-249866215227392.0,29.0,60.0,70,0.0,0.0,0.0,0.0,0.0,0.0,0.0,0.0,0.0,0.0,0.0,0.0,0.0,0.0,0.0,0.0,59.2,68,11,65509,41,65476,0,300,0,0,8,20529,65476,0,0,61604,60.0,0.0,0.0,0.0,0.0,0.0
2026-04-04T11:40:44,ERR,ERR,ERR,ERR,ERR,ERR,ERR,ERR,ERR,ERR,ERR,ERR,ERR,ERR,ERR,ERR,ERR,ERR,ERR,ERR,ERR,ERR,ERR,ERR,ERR,ERR,ERR,ERR,ERR,ERR,ERR,ERR,ERR,ERR,ERR,ERR,ERR,ERR,ERR,ERR,ERR,ERR,ERR,ERR,ERR,ERR,ERR,ERR,ERR,ERR,ERR,ERR,ERR,ERR,ERR,ERR,ERR,ERR,ERR,ERR,ERR,ERR,ERR,ERR,ERR,ERR,ERR,ERR,ERR,ERR,ERR,ERR,ERR,ERR,ERR,ERR,ERR,ERR,ERR,ERR,ERR,ERR,ERR,ERR,ERR,ERR,ERR,ERR,ERR,ERR,ERR,ERR,ERR,ERR,ERR,ERR,ERR,ERR,ERR,ERR,ERR,ERR,ERR,ERR,ERR,ERR,ERR,ERR,ERR,ERR,ERR,ERR,ERR,ERR,ERR,ERR,ERR,ERR,ERR,ERR,ERR,ERR,ERR,ERR,ERR,0.0,-0.0,-101055584.0,0.0,0.0,0.0,0.0,nan,0,0,0,32768,0,0.0,0,0.0,0.0,0.0,0.0,0.0,0,0,0,0,0.0,0,0,0,0,0,0,0,0,0,0,0,0,0,0,0,0,0,0,0,0,0,0,0,0,0,0,0,0,0,0,0,0,0,0,0,0,0,0,0,0,0,0,0,0,0.0,0.0,0.0,0.0,0.0,0.0,0.0,0.0,0.0,0.0,0.0,0.0,0.0,0.0,0.0,0.0,0.0,0.0,0.0,0.0,0.0,0.0,-0.0,-2.004,-2.004,-0.0,0.0,0.0,0.0,0.0,3366.5,-2.004,0.0,0.0,0.0,-0.0,2.7184274988523002e+23,0.0,0.0,0.0,0.0,0,-1.9056958870913024e+17,-71.629,0.0,0.0,0.0,0.0,0.0,0.0,0.0,0,0,0,0.0,0.0,0.0,0.0,0.0,0.0,0.0,0.0,0.0,0.0,0.0,0.0,0.0,0.0,0.0,0.0,0,-107875648.0,0,0.0,0,-107875648.0,-107877712.0,0,0,17039,13107,17053,39322,17037,0,0,0,110,100,100,0.0,64.0,0.0,64.9,-107615304.0,68.5,1,49,50,180,0,13107,0,0,0.0,0.0,0.0,0.0,-4.38943134123231e+34,65.0,0.0,1.1679450203825457e+21,0.0,645,0,686,0,0,0,715,0,786,0,708,0,689,0,645,0,641,0,618,0.032,36700160.0,-0.0,0.0,57872,16788,0.0,0.022,8.764710983280242e+30,5.912339972410176e+30,-0.0,-249866215227392.0,29.0,60.0,70,0.0,0.0,0.0,0.0,0.0,0.0,0.0,0.0,0.0,0.0,0.0,0.0,0.0,0.0,0.0,0.0,59.2,68,11,65509,41,65476,0,300,0,0,8,20529,65476,0,0,61604,60.0,0.0,0.0,0.0,0.0,0.0
2026-04-04T11:40:45,ERR,ERR,ERR,ERR,ERR,ERR,ERR,ERR,ERR,ERR,ERR,ERR,ERR,ERR,ERR,ERR,ERR,ERR,ERR,ERR,ERR,ERR,ERR,ERR,ERR,ERR,ERR,ERR,ERR,ERR,ERR,ERR,ERR,ERR,ERR,ERR,ERR,ERR,ERR,ERR,ERR,ERR,ERR,ERR,ERR,ERR,ERR,ERR,ERR,ERR,ERR,ERR,ERR,ERR,ERR,ERR,ERR,ERR,ERR,ERR,ERR,ERR,ERR,ERR,ERR,ERR,ERR,ERR,ERR,ERR,ERR,ERR,ERR,ERR,ERR,ERR,ERR,ERR,ERR,ERR,ERR,ERR,ERR,ERR,ERR,ERR,ERR,ERR,ERR,ERR,ERR,ERR,ERR,ERR,ERR,ERR,ERR,ERR,ERR,ERR,ERR,ERR,ERR,ERR,ERR,ERR,ERR,ERR,ERR,ERR,ERR,ERR,ERR,ERR,ERR,ERR,ERR,ERR,ERR,ERR,ERR,ERR,ERR,ERR,ERR,0.0,-0.0,-101055584.0,0.0,0.0,0.0,0.0,nan,0,0,0,32768,0,0.0,0,0.0,0.0,0.0,0.0,0.0,0,0,0,0,0.0,0,0,0,0,0,0,0,0,0,0,0,0,0,0,0,0,0,0,0,0,0,0,0,0,0,0,0,0,0,0,0,0,0,0,0,0,0,0,0,0,0,0,0,0,0.0,0.0,0.0,0.0,0.0,0.0,0.0,0.0,0.0,0.0,0.0,0.0,0.0,0.0,0.0,0.0,0.0,0.0,0.0,0.0,0.0,0.0,-0.0,-2.004,-2.004,-0.0,0.0,0.0,0.0,0.0,3367.5,-0.0,0.0,0.0,-0.0,-0.0,2.7184274988523002e+23,0.0,0.0,0.0,0.0,0,-3.222024165466893e+26,-71.629,0.0,0.0,0.0,0.0,0.0,0.0,0.0,0,0,0,0.0,0.0,0.0,0.0,0.0,0.0,0.0,0.0,0.0,0.0,0.0,0.0,0.0,0.0,0.0,0.0,0,-107875648.0,0,0.0,0,-107875648.0,-107877712.0,0,0,17039,13107,17053,39322,17037,0,0,0,110,100,100,0.0,64.0,0.0,64.9,-107615304.0,68.5,1,49,50,180,0,13107,0,0,0.0,0.0,0.0,0.0,-1.5277150247751833e+30,65.0,0.0,8.20454726453702e+33,0.0,645,0,686,0,0,0,715,0,786,0,708,0,689,0,645,0,641,0,618,0.032,36962304.0,-0.0,0.0,53648,16788,0.0,-0.0,-5152847.0,2203292532736.0,-2.240837836019446e+24,0.0,29.0,60.0,70,0.0,0.0,0.0,0.0,0.0,0.0,0.0,0.0,0.0,0.0,0.0,0.0,0.0,0.0,0.0,0.0,59.6,68,11,65509,41,65476,0,300,0,0,8,20529,65476,0,0,61604,60.0,0.0,0.0,0.0,0.0,0.0
2026-04-04T11:40:46,ERR,ERR,ERR,ERR,ERR,ERR,ERR,ERR,ERR,ERR,ERR,ERR,ERR,ERR,ERR,ERR,ERR,ERR,ERR,ERR,ERR,ERR,ERR,ERR,ERR,ERR,ERR,ERR,ERR,ERR,ERR,ERR,ERR,ERR,ERR,ERR,ERR,ERR,ERR,ERR,ERR,ERR,ERR,ERR,ERR,ERR,ERR,ERR,ERR,ERR,ERR,ERR,ERR,ERR,ERR,ERR,ERR,ERR,ERR,ERR,ERR,ERR,ERR,ERR,ERR,ERR,ERR,ERR,ERR,ERR,ERR,ERR,ERR,ERR,ERR,ERR,ERR,ERR,ERR,ERR,ERR,ERR,ERR,ERR,ERR,ERR,ERR,ERR,ERR,ERR,ERR,ERR,ERR,ERR,ERR,ERR,ERR,ERR,ERR,ERR,ERR,ERR,ERR,ERR,ERR,ERR,ERR,ERR,ERR,ERR,ERR,ERR,ERR,ERR,ERR,ERR,ERR,ERR,ERR,ERR,ERR,ERR,ERR,ERR,ERR,0.0,-0.0,-101055584.0,0.0,0.0,0.0,0.0,nan,0,0,0,32768,0,0.0,0,0.0,0.0,0.0,0.0,0.0,0,0,0,0,0.0,0,0,0,0,0,0,0,0,0,0,0,0,0,0,0,0,0,0,0,0,0,0,0,0,0,0,0,0,0,0,0,0,0,0,0,0,0,0,0,0,0,0,0,0,0.0,0.0,0.0,0.0,0.0,0.0,0.0,0.0,0.0,0.0,0.0,0.0,0.0,0.0,0.0,0.0,0.0,0.0,0.0,0.0,0.0,0.0,-0.0,-2.004,-2.004,-0.0,0.0,0.0,0.0,0.0,3367.5,-0.0,0.0,0.0,-0.0,-0.0,2.7184274988523002e+23,0.0,0.0,0.0,0.0,0,-3.222024165466893e+26,-71.629,0.0,0.0,0.0,0.0,0.0,0.0,0.0,0,0,0,0.0,0.0,0.0,0.0,0.0,0.0,0.0,0.0,0.0,0.0,0.0,0.0,0.0,0.0,0.0,0.0,0,-107875648.0,0,0.0,0,-107875648.0,-107877712.0,0,0,17039,13107,17053,39322,17037,0,0,0,110,100,100,0.0,64.0,0.0,64.9,-107615304.0,68.5,1,49,50,180,0,13107,0,0,0.0,0.0,0.0,0.0,-1.5277150247751833e+30,65.0,0.0,8.20454726453702e+33,0.0,645,0,686,0,0,0,715,0,786,0,708,0,689,0,645,0,641,0,618,0.032,36962304.0,-0.0,0.0,53648,16788,0.0,-0.0,-5152847.0,2203292532736.0,-2.240837836019446e+24,0.0,29.0,60.0,70,0.0,0.0,0.0,0.0,0.0,0.0,0.0,0.0,0.0,0.0,0.0,0.0,0.0,0.0,0.0,0.0,59.6,68,11,65509,41,65476,0,300,0,0,8,20529,65476,0,0,61604,60.0,0.0,0.0,0.0,0.0,0.0
2026-04-04T11:40:47,ERR,ERR,ERR,ERR,ERR,ERR,ERR,ERR,ERR,ERR,ERR,ERR,ERR,ERR,ERR,ERR,ERR,ERR,ERR,ERR,ERR,ERR,ERR,ERR,ERR,ERR,ERR,ERR,ERR,ERR,ERR,ERR,ERR,ERR,ERR,ERR,ERR,ERR,ERR,ERR,ERR,ERR,ERR,ERR,ERR,ERR,ERR,ERR,ERR,ERR,ERR,ERR,ERR,ERR,ERR,ERR,ERR,ERR,ERR,ERR,ERR,ERR,ERR,ERR,ERR,ERR,ERR,ERR,ERR,ERR,ERR,ERR,ERR,ERR,ERR,ERR,ERR,ERR,ERR,ERR,ERR,ERR,ERR,ERR,ERR,ERR,ERR,ERR,ERR,ERR,ERR,ERR,ERR,ERR,ERR,ERR,ERR,ERR,ERR,ERR,ERR,ERR,ERR,ERR,ERR,ERR,ERR,ERR,ERR,ERR,ERR,ERR,ERR,ERR,ERR,ERR,ERR,ERR,ERR,ERR,ERR,ERR,ERR,ERR,ERR,0.0,-0.0,-101055584.0,0.0,0.0,0.0,0.0,nan,0,0,0,32768,0,0.0,0,0.0,0.0,0.0,0.0,0.0,0,0,0,0,0.0,0,0,0,0,0,0,0,0,0,0,0,0,0,0,0,0,0,0,0,0,0,0,0,0,0,0,0,0,0,0,0,0,0,0,0,0,0,0,0,0,0,0,0,0,0.0,0.0,0.0,0.0,0.0,0.0,0.0,0.0,0.0,0.0,0.0,0.0,0.0,0.0,0.0,0.0,0.0,0.0,0.0,0.0,0.0,0.0,-0.0,-2.004,-2.004,-0.0,0.0,0.0,0.0,0.0,3367.5,-0.0,0.0,0.0,-0.0,-0.0,2.7184274988523002e+23,0.0,0.0,0.0,0.0,0,-3.222024165466893e+26,-71.629,0.0,0.0,0.0,0.0,0.0,0.0,0.0,0,0,0,0.0,0.0,0.0,0.0,0.0,0.0,0.0,0.0,0.0,0.0,0.0,0.0,0.0,0.0,0.0,0.0,0,-107875648.0,0,0.0,0,-107875648.0,-107877712.0,0,0,17039,13107,17053,39322,17037,0,0,0,110,100,100,0.0,64.0,0.0,64.9,-107615304.0,68.5,1,49,50,180,0,13107,0,0,0.0,0.0,0.0,0.0,-1.5277150247751833e+30,65.0,0.0,8.20454726453702e+33,0.0,645,0,686,0,0,0,715,0,786,0,708,0,689,0,645,0,641,0,618,0.032,36962304.0,-0.0,0.0,53648,16788,0.0,-0.0,-5152847.0,2203292532736.0,-2.240837836019446e+24,0.0,29.0,60.0,70,0.0,0.0,0.0,0.0,0.0,0.0,0.0,0.0,0.0,0.0,0.0,0.0,0.0,0.0,0.0,0.0,59.2,68,11,65509,41,65476,0,300,0,0,8,20529,65476,0,0,61604,60.0,0.0,0.0,0.0,0.0,0.0
2026-04-04T11:40:48,ERR,ERR,ERR,ERR,ERR,ERR,ERR,ERR,ERR,ERR,ERR,ERR,ERR,ERR,ERR,ERR,ERR,ERR,ERR,ERR,ERR,ERR,ERR,ERR,ERR,ERR,ERR,ERR,ERR,ERR,ERR,ERR,ERR,ERR,ERR,ERR,ERR,ERR,ERR,ERR,ERR,ERR,ERR,ERR,ERR,ERR,ERR,ERR,ERR,ERR,ERR,ERR,ERR,ERR,ERR,ERR,ERR,ERR,ERR,ERR,ERR,ERR,ERR,ERR,ERR,ERR,ERR,ERR,ERR,ERR,ERR,ERR,ERR,ERR,ERR,ERR,ERR,ERR,ERR,ERR,ERR,ERR,ERR,ERR,ERR,ERR,ERR,ERR,ERR,ERR,ERR,ERR,ERR,ERR,ERR,ERR,ERR,ERR,ERR,ERR,ERR,ERR,ERR,ERR,ERR,ERR,ERR,ERR,ERR,ERR,ERR,ERR,ERR,ERR,ERR,ERR,ERR,ERR,ERR,ERR,ERR,ERR,ERR,ERR,ERR,0.0,-0.0,-101055584.0,0.0,0.0,0.0,0.0,nan,0,0,0,32768,0,0.0,0,0.0,0.0,0.0,0.0,0.0,0,0,0,0,0.0,0,0,0,0,0,0,0,0,0,0,0,0,0,0,0,0,0,0,0,0,0,0,0,0,0,0,0,0,0,0,0,0,0,0,0,0,0,0,0,0,0,0,0,0,0.0,0.0,0.0,0.0,0.0,0.0,0.0,0.0,0.0,0.0,0.0,0.0,0.0,0.0,0.0,0.0,0.0,0.0,0.0,0.0,0.0,0.0,-0.0,-2.004,-2.004,-0.0,0.0,0.0,0.0,0.0,3367.5,-0.0,0.0,0.0,-0.0,-0.0,2.7184274988523002e+23,0.0,0.0,0.0,0.0,0,-3.222024165466893e+26,-71.629,0.0,0.0,0.0,0.0,0.0,0.0,0.0,0,0,0,0.0,0.0,0.0,0.0,0.0,0.0,0.0,0.0,0.0,0.0,0.0,0.0,0.0,0.0,0.0,0.0,0,-107875648.0,0,0.0,0,-107875648.0,-107877712.0,0,0,17039,13107,17053,39322,17037,0,0,0,110,100,100,0.0,64.0,0.0,64.9,-107615304.0,68.5,1,49,50,180,0,13107,0,0,0.0,0.0,0.0,0.0,-1.5277150247751833e+30,65.0,0.0,8.20454726453702e+33,0.0,645,0,686,0,0,0,715,0,786,0,708,0,689,0,645,0,641,0,618,0.032,36962304.0,-0.0,0.0,53648,16788,0.0,-0.0,-5152847.0,2203292532736.0,-2.240837836019446e+24,0.0,29.0,60.0,70,0.0,0.0,0.0,0.0,0.0,0.0,0.0,0.0,0.0,0.0,0.0,0.0,0.0,0.0,0.0,0.0,59.2,68,11,65509,41,65476,0,300,0,0,8,20529,65476,0,0,61604,60.0,0.0,0.0,0.0,0.0,0.0
2026-04-04T11:40:49,ERR,ERR,ERR,ERR,ERR,ERR,ERR,ERR,ERR,ERR,ERR,ERR,ERR,ERR,ERR,ERR,ERR,ERR,ERR,ERR,ERR,ERR,ERR,ERR,ERR,ERR,ERR,ERR,ERR,ERR,ERR,ERR,ERR,ERR,ERR,ERR,ERR,ERR,ERR,ERR,ERR,ERR,ERR,ERR,ERR,ERR,ERR,ERR,ERR,ERR,ERR,ERR,ERR,ERR,ERR,ERR,ERR,ERR,ERR,ERR,ERR,ERR,ERR,ERR,ERR,ERR,ERR,ERR,ERR,ERR,ERR,ERR,ERR,ERR,ERR,ERR,ERR,ERR,ERR,ERR,ERR,ERR,ERR,ERR,ERR,ERR,ERR,ERR,ERR,ERR,ERR,ERR,ERR,ERR,ERR,ERR,ERR,ERR,ERR,ERR,ERR,ERR,ERR,ERR,ERR,ERR,ERR,ERR,ERR,ERR,ERR,ERR,ERR,ERR,ERR,ERR,ERR,ERR,ERR,ERR,ERR,ERR,ERR,ERR,ERR,0.0,-0.0,-101055584.0,0.0,0.0,0.0,0.0,nan,0,0,0,32768,0,0.0,0,0.0,0.0,0.0,0.0,0.0,0,0,0,0,0.0,0,0,0,0,0,0,0,0,0,0,0,0,0,0,0,0,0,0,0,0,0,0,0,0,0,0,0,0,0,0,0,0,0,0,0,0,0,0,0,0,0,0,0,0,0.0,0.0,0.0,0.0,0.0,0.0,0.0,0.0,0.0,0.0,0.0,0.0,0.0,0.0,0.0,0.0,0.0,0.0,0.0,0.0,0.0,0.0,-0.0,-2.004,-2.004,-0.0,0.0,0.0,0.0,0.0,3367.5,-0.0,0.0,0.0,-0.0,-0.0,2.7184274988523002e+23,0.0,0.0,0.0,0.0,0,-3.222024165466893e+26,-71.629,0.0,0.0,0.0,0.0,0.0,0.0,0.0,0,0,0,0.0,0.0,0.0,0.0,0.0,0.0,0.0,0.0,0.0,0.0,0.0,0.0,0.0,0.0,0.0,0.0,0,-107875648.0,0,0.0,0,-107875648.0,-107877712.0,0,0,17039,13107,17053,39322,17037,0,0,0,110,100,100,0.0,64.0,0.0,64.9,-107615304.0,68.5,1,49,50,180,0,13107,0,0,0.0,0.0,0.0,0.0,-1.5277150247751833e+30,65.0,0.0,8.20454726453702e+33,0.0,645,0,686,0,0,0,715,0,786,0,708,0,689,0,645,0,641,0,618,0.032,36962304.0,-0.0,0.0,53648,16788,0.0,-0.0,-5152847.0,2203292532736.0,-2.240837836019446e+24,0.0,29.0,60.0,70,0.0,0.0,0.0,0.0,0.0,0.0,0.0,0.0,0.0,0.0,0.0,0.0,0.0,0.0,0.0,0.0,59.2,68,11,65509,41,65476,0,300,0,0,8,20529,65476,0,0,61604,60.0,0.0,0.0,0.0,0.0,0.0
2026-04-04T11:40:50,ERR,ERR,ERR,ERR,ERR,ERR,ERR,ERR,ERR,ERR,ERR,ERR,ERR,ERR,ERR,ERR,ERR,ERR,ERR,ERR,ERR,ERR,ERR,ERR,ERR,ERR,ERR,ERR,ERR,ERR,ERR,ERR,ERR,ERR,ERR,ERR,ERR,ERR,ERR,ERR,ERR,ERR,ERR,ERR,ERR,ERR,ERR,ERR,ERR,ERR,ERR,ERR,ERR,ERR,ERR,ERR,ERR,ERR,ERR,ERR,ERR,ERR,ERR,ERR,ERR,ERR,ERR,ERR,ERR,ERR,ERR,ERR,ERR,ERR,ERR,ERR,ERR,ERR,ERR,ERR,ERR,ERR,ERR,ERR,ERR,ERR,ERR,ERR,ERR,ERR,ERR,ERR,ERR,ERR,ERR,ERR,ERR,ERR,ERR,ERR,ERR,ERR,ERR,ERR,ERR,ERR,ERR,ERR,ERR,ERR,ERR,ERR,ERR,ERR,ERR,ERR,ERR,ERR,ERR,ERR,ERR,ERR,ERR,ERR,ERR,0.0,-0.0,-101055584.0,0.0,0.0,0.0,0.0,nan,0,0,0,32768,0,0.0,0,0.0,0.0,0.0,0.0,0.0,0,0,0,0,0.0,0,0,0,0,0,0,0,0,0,0,0,0,0,0,0,0,0,0,0,0,0,0,0,0,0,0,0,0,0,0,0,0,0,0,0,0,0,0,0,0,0,0,0,0,0.0,0.0,0.0,0.0,0.0,0.0,0.0,0.0,0.0,0.0,0.0,0.0,0.0,0.0,0.0,0.0,0.0,0.0,0.0,0.0,0.0,0.0,-0.0,-2.004,-2.004,-0.0,0.0,0.0,0.0,0.0,3367.5,-0.0,0.0,0.0,-0.0,-0.0,2.7184274988523002e+23,0.0,0.0,0.0,0.0,0,-3.222024165466893e+26,-71.629,0.0,0.0,0.0,0.0,0.0,0.0,0.0,0,0,0,0.0,0.0,0.0,0.0,0.0,0.0,0.0,0.0,0.0,0.0,0.0,0.0,0.0,0.0,0.0,0.0,0,-107875648.0,0,0.0,0,-107875648.0,-107877712.0,0,0,17039,13107,17053,39322,17037,0,0,0,110,100,100,0.0,64.0,0.0,64.9,-107615304.0,68.5,1,49,50,180,0,13107,0,0,0.0,0.0,0.0,0.0,-1.938207239690894e+25,65.0,0.0,4825340.5,0.0,645,0,687,0,0,0,715,0,786,0,708,0,689,0,645,0,641,0,618,0.032,36962304.0,-0.0,0.0,53648,16788,-6.536633859577285e+31,0.0,13328.154,2.3317654471938618e+20,-0.0,-0.0,29.0,60.0,70,0.0,0.0,0.0,0.0,0.0,0.0,0.0,0.0,0.0,0.0,0.0,0.0,0.0,0.0,0.0,0.0,59.2,68,11,65509,41,65476,0,300,0,0,8,20529,65476,0,0,61604,60.0,0.0,0.0,0.0,0.0,0.0
2026-04-04T11:40:51,ERR,ERR,ERR,ERR,ERR,ERR,ERR,ERR,ERR,ERR,ERR,ERR,ERR,ERR,ERR,ERR,ERR,ERR,ERR,ERR,ERR,ERR,ERR,ERR,ERR,ERR,ERR,ERR,ERR,ERR,ERR,ERR,ERR,ERR,ERR,ERR,ERR,ERR,ERR,ERR,ERR,ERR,ERR,ERR,ERR,ERR,ERR,ERR,ERR,ERR,ERR,ERR,ERR,ERR,ERR,ERR,ERR,ERR,ERR,ERR,ERR,ERR,ERR,ERR,ERR,ERR,ERR,ERR,ERR,ERR,ERR,ERR,ERR,ERR,ERR,ERR,ERR,ERR,ERR,ERR,ERR,ERR,ERR,ERR,ERR,ERR,ERR,ERR,ERR,ERR,ERR,ERR,ERR,ERR,ERR,ERR,ERR,ERR,ERR,ERR,ERR,ERR,ERR,ERR,ERR,ERR,ERR,ERR,ERR,ERR,ERR,ERR,ERR,ERR,ERR,ERR,ERR,ERR,ERR,ERR,ERR,ERR,ERR,ERR,ERR,0.0,-0.0,-101055584.0,0.0,0.0,0.0,0.0,nan,0,0,0,32768,0,0.0,0,0.0,0.0,0.0,0.0,0.0,0,0,0,0,0.0,0,0,0,0,0,0,0,0,0,0,0,0,0,0,0,0,0,0,0,0,0,0,0,0,0,0,0,0,0,0,0,0,0,0,0,0,0,0,0,0,0,0,0,0,0.0,0.0,0.0,0.0,0.0,0.0,0.0,0.0,0.0,0.0,0.0,0.0,0.0,0.0,0.0,0.0,0.0,0.0,0.0,0.0,0.0,0.0,-0.0,-2.004,-2.004,-0.0,0.0,0.0,0.0,0.0,3367.5,-0.0,0.0,0.0,-0.0,-0.0,2.7184274988523002e+23,0.0,0.0,0.0,0.0,0,-3.222024165466893e+26,-71.629,0.0,0.0,0.0,0.0,0.0,0.0,0.0,0,0,0,0.0,0.0,0.0,0.0,0.0,0.0,0.0,0.0,0.0,0.0,0.0,0.0,0.0,0.0,0.0,0.0,0,-107875648.0,0,0.0,0,-107875648.0,-107877712.0,0,0,17039,13107,17053,39322,17037,0,0,0,110,100,100,0.0,64.0,0.0,64.9,-107615304.0,68.5,1,49,50,180,0,13107,0,0,0.0,0.0,0.0,0.0,-1.938207239690894e+25,65.0,0.0,4825340.5,0.0,645,0,687,0,0,0,715,0,786,0,708,0,689,0,645,0,641,0,618,0.032,36962304.0,-0.0,0.0,53648,16788,-6.536633859577285e+31,0.0,13328.154,2.3317654471938618e+20,-0.0,-0.0,29.0,60.0,70,0.0,0.0,0.0,0.0,0.0,0.0,0.0,0.0,0.0,0.0,0.0,0.0,0.0,0.0,0.0,0.0,59.2,68,11,65509,41,65476,0,300,0,0,8,20529,65476,0,0,61604,60.0,0.0,0.0,0.0,0.0,0.0
2026-04-04T11:40:52,ERR,ERR,ERR,ERR,ERR,ERR,ERR,ERR,ERR,ERR,ERR,ERR,ERR,ERR,ERR,ERR,ERR,ERR,ERR,ERR,ERR,ERR,ERR,ERR,ERR,ERR,ERR,ERR,ERR,ERR,ERR,ERR,ERR,ERR,ERR,ERR,ERR,ERR,ERR,ERR,ERR,ERR,ERR,ERR,ERR,ERR,ERR,ERR,ERR,ERR,ERR,ERR,ERR,ERR,ERR,ERR,ERR,ERR,ERR,ERR,ERR,ERR,ERR,ERR,ERR,ERR,ERR,ERR,ERR,ERR,ERR,ERR,ERR,ERR,ERR,ERR,ERR,ERR,ERR,ERR,ERR,ERR,ERR,ERR,ERR,ERR,ERR,ERR,ERR,ERR,ERR,ERR,ERR,ERR,ERR,ERR,ERR,ERR,ERR,ERR,ERR,ERR,ERR,ERR,ERR,ERR,ERR,ERR,ERR,ERR,ERR,ERR,ERR,ERR,ERR,ERR,ERR,ERR,ERR,ERR,ERR,ERR,ERR,ERR,ERR,0.0,0.0,-0.0,0.0,0.0,0.0,0.0,nan,0,0,0,32768,0,0.0,0,0.0,0.0,0.0,0.0,0.0,0,0,0,0,0.0,0,0,0,0,0,0,0,0,0,0,0,0,0,0,0,0,0,0,0,0,0,0,0,0,0,0,0,0,0,0,0,0,0,0,0,0,0,0,0,0,0,0,0,0,0.0,0.0,0.0,0.0,0.0,0.0,0.0,0.0,0.0,0.0,0.0,0.0,0.0,0.0,0.0,0.0,0.0,0.0,0.0,0.0,0.0,0.0,-0.0,-0.0,-2.004,-0.0,0.0,0.0,0.0,0.0,3368.5,-0.0,0.0,0.0,-0.0,-0.0,2.7184274988523002e+23,0.0,0.0,0.0,0.0,0,-1.9056958870913024e+17,-0.0,0.0,0.0,0.0,0.0,0.0,0.0,0.0,0,0,0,0.0,0.0,0.0,0.0,0.0,0.0,0.0,0.0,0.0,0.0,0.0,0.0,0.0,0.0,0.0,0.0,0,-107875648.0,0,0.0,0,-107875648.0,-107877712.0,0,0,17039,13107,17053,39322,17037,0,0,0,110,100,100,0.0,64.0,0.0,64.9,-107615304.0,68.5,1,49,50,180,0,13107,0,0,0.0,0.0,0.0,0.0,-1.938207239690894e+25,65.0,0.0,4825340.5,0.0,645,0,687,0,0,0,715,0,786,0,708,0,689,0,645,0,641,0,618,0.032,36962304.0,-0.0,0.0,53648,16788,-6.536633859577285e+31,0.0,13328.154,2.3317654471938618e+20,-0.0,-0.0,29.0,60.0,70,0.0,0.0,0.0,0.0,0.0,0.0,0.0,0.0,0.0,0.0,0.0,0.0,0.0,0.0,0.0,0.0,59.2,68,11,65509,41,65476,0,300,0,0,8,20529,65476,0,0,61604,60.0,0.0,0.0,0.0,0.0,0.0
2026-04-04T11:40:53,ERR,ERR,ERR,ERR,ERR,ERR,ERR,ERR,ERR,ERR,ERR,ERR,ERR,ERR,ERR,ERR,ERR,ERR,ERR,ERR,ERR,ERR,ERR,ERR,ERR,ERR,ERR,ERR,ERR,ERR,ERR,ERR,ERR,ERR,ERR,ERR,ERR,ERR,ERR,ERR,ERR,ERR,ERR,ERR,ERR,ERR,ERR,ERR,ERR,ERR,ERR,ERR,ERR,ERR,ERR,ERR,ERR,ERR,ERR,ERR,ERR,ERR,ERR,ERR,ERR,ERR,ERR,ERR,ERR,ERR,ERR,ERR,ERR,ERR,ERR,ERR,ERR,ERR,ERR,ERR,ERR,ERR,ERR,ERR,ERR,ERR,ERR,ERR,ERR,ERR,ERR,ERR,ERR,ERR,ERR,ERR,ERR,ERR,ERR,ERR,ERR,ERR,ERR,ERR,ERR,ERR,ERR,ERR,ERR,ERR,ERR,ERR,ERR,ERR,ERR,ERR,ERR,ERR,ERR,ERR,ERR,ERR,ERR,ERR,ERR,0.0,0.0,-0.0,0.0,0.0,0.0,0.0,nan,0,0,0,32768,0,0.0,0,0.0,0.0,0.0,0.0,0.0,0,0,0,0,0.0,0,0,0,0,0,0,0,0,0,0,0,0,0,0,0,0,0,0,0,0,0,0,0,0,0,0,0,0,0,0,0,0,0,0,0,0,0,0,0,0,0,0,0,0,0.0,0.0,0.0,0.0,0.0,0.0,0.0,0.0,0.0,0.0,0.0,0.0,0.0,0.0,0.0,0.0,0.0,0.0,0.0,0.0,0.0,0.0,-0.0,-0.0,-2.004,-0.0,0.0,0.0,0.0,0.0,3368.5,-0.0,0.0,0.0,-0.0,-0.0,2.7184274988523002e+23,0.0,0.0,0.0,0.0,0,-1.9056958870913024e+17,-0.0,0.0,0.0,0.0,0.0,0.0,0.0,0.0,0,0,0,0.0,0.0,0.0,0.0,0.0,0.0,0.0,0.0,0.0,0.0,0.0,0.0,0.0,0.0,0.0,0.0,0,-107875648.0,0,0.0,0,-107875648.0,-107877712.0,0,0,17039,13107,17053,39322,17037,0,0,0,110,100,100,0.0,64.0,0.0,64.9,-107615304.0,68.5,1,49,50,180,0,13107,0,0,0.0,0.0,0.0,0.0,-1.938207239690894e+25,65.0,0.0,4825340.5,0.0,645,0,687,0,0,0,715,0,786,0,708,0,689,0,645,0,641,0,618,0.032,36962304.0,-0.0,0.0,53648,16788,-6.536633859577285e+31,0.0,13328.154,2.3317654471938618e+20,-0.0,-0.0,29.0,60.0,70,0.0,0.0,0.0,0.0,0.0,0.0,0.0,0.0,0.0,0.0,0.0,0.0,0.0,0.0,0.0,0.0,59.2,68,11,65509,41,65476,0,300,0,0,8,20529,65476,0,0,61604,60.0,0.0,0.0,0.0,0.0,0.0
2026-04-04T11:40:54,ERR,ERR,ERR,ERR,ERR,ERR,ERR,ERR,ERR,ERR,ERR,ERR,ERR,ERR,ERR,ERR,ERR,ERR,ERR,ERR,ERR,ERR,ERR,ERR,ERR,ERR,ERR,ERR,ERR,ERR,ERR,ERR,ERR,ERR,ERR,ERR,ERR,ERR,ERR,ERR,ERR,ERR,ERR,ERR,ERR,ERR,ERR,ERR,ERR,ERR,ERR,ERR,ERR,ERR,ERR,ERR,ERR,ERR,ERR,ERR,ERR,ERR,ERR,ERR,ERR,ERR,ERR,ERR,ERR,ERR,ERR,ERR,ERR,ERR,ERR,ERR,ERR,ERR,ERR,ERR,ERR,ERR,ERR,ERR,ERR,ERR,ERR,ERR,ERR,ERR,ERR,ERR,ERR,ERR,ERR,ERR,ERR,ERR,ERR,ERR,ERR,ERR,ERR,ERR,ERR,ERR,ERR,ERR,ERR,ERR,ERR,ERR,ERR,ERR,ERR,ERR,ERR,ERR,ERR,ERR,ERR,ERR,ERR,ERR,ERR,0.0,0.0,-0.0,0.0,0.0,0.0,0.0,nan,0,0,0,32768,0,0.0,0,0.0,0.0,0.0,0.0,0.0,0,0,0,0,0.0,0,0,0,0,0,0,0,0,0,0,0,0,0,0,0,0,0,0,0,0,0,0,0,0,0,0,0,0,0,0,0,0,0,0,0,0,0,0,0,0,0,0,0,0,0.0,0.0,0.0,0.0,0.0,0.0,0.0,0.0,0.0,0.0,0.0,0.0,0.0,0.0,0.0,0.0,0.0,0.0,0.0,0.0,0.0,0.0,-0.0,-0.0,-2.004,-0.0,0.0,0.0,0.0,0.0,3368.5,-0.0,0.0,0.0,-0.0,-0.0,2.7184274988523002e+23,0.0,0.0,0.0,0.0,0,-1.9056958870913024e+17,-0.0,0.0,0.0,0.0,0.0,0.0,0.0,0.0,0,0,0,0.0,0.0,0.0,0.0,0.0,0.0,0.0,0.0,0.0,0.0,0.0,0.0,0.0,0.0,0.0,0.0,0,-107875648.0,0,0.0,0,-107875648.0,-107877712.0,0,0,17039,13107,17053,26215,17037,0,0,0,110,100,100,0.0,64.0,0.0,64.9,-107615304.0,68.5,1,49,50,180,0,26215,0,0,0.0,0.0,0.0,0.0,-1.3192995147029407e+26,65.0,0.0,1.7767525951362683e+31,0.0,645,0,686,0,0,0,714,0,786,0,708,0,689,0,645,0,641,0,618,0.032,36962304.0,-0.0,0.0,61584,16788,-9.676127412242629e+30,0.0,76.626,0.0,-0.0,-0.0,29.0,60.0,70,0.0,0.0,0.0,0.0,0.0,0.0,0.0,0.0,0.0,0.0,0.0,0.0,0.0,0.0,0.0,0.0,59.2,68,11,65509,41,65476,0,300,0,0,8,20529,65476,0,0,61604,60.0,0.0,0.0,0.0,0.0,0.0
2026-04-04T11:40:55,ERR,ERR,ERR,ERR,ERR,ERR,ERR,ERR,ERR,ERR,ERR,ERR,ERR,ERR,ERR,ERR,ERR,ERR,ERR,ERR,ERR,ERR,ERR,ERR,ERR,ERR,ERR,ERR,ERR,ERR,ERR,ERR,ERR,ERR,ERR,ERR,ERR,ERR,ERR,ERR,ERR,ERR,ERR,ERR,ERR,ERR,ERR,ERR,ERR,ERR,ERR,ERR,ERR,ERR,ERR,ERR,ERR,ERR,ERR,ERR,ERR,ERR,ERR,ERR,ERR,ERR,ERR,ERR,ERR,ERR,ERR,ERR,ERR,ERR,ERR,ERR,ERR,ERR,ERR,ERR,ERR,ERR,ERR,ERR,ERR,ERR,ERR,ERR,ERR,ERR,ERR,ERR,ERR,ERR,ERR,ERR,ERR,ERR,ERR,ERR,ERR,ERR,ERR,ERR,ERR,ERR,ERR,ERR,ERR,ERR,ERR,ERR,ERR,ERR,ERR,ERR,ERR,ERR,ERR,ERR,ERR,ERR,ERR,ERR,ERR,0.0,0.0,-0.0,0.0,0.0,0.0,0.0,nan,0,0,0,32768,0,0.0,0,0.0,0.0,0.0,0.0,0.0,0,0,0,0,0.0,0,0,0,0,0,0,0,0,0,0,0,0,0,0,0,0,0,0,0,0,0,0,0,0,0,0,0,0,0,0,0,0,0,0,0,0,0,0,0,0,0,0,0,0,0.0,0.0,0.0,0.0,0.0,0.0,0.0,0.0,0.0,0.0,0.0,0.0,0.0,0.0,0.0,0.0,0.0,0.0,0.0,0.0,0.0,0.0,-0.0,-0.0,-2.004,-0.0,0.0,0.0,0.0,0.0,3368.5,-0.0,0.0,0.0,-0.0,-0.0,2.7184274988523002e+23,0.0,0.0,0.0,0.0,0,-1.9056958870913024e+17,-0.0,0.0,0.0,0.0,0.0,0.0,0.0,0.0,0,0,0,0.0,0.0,0.0,0.0,0.0,0.0,0.0,0.0,0.0,0.0,0.0,0.0,0.0,0.0,0.0,0.0,0,-107875648.0,0,0.0,0,-107875648.0,-107877712.0,0,0,17039,13107,17053,26215,17037,0,0,0,110,100,100,0.0,64.0,0.0,64.9,-107615304.0,68.5,1,49,50,180,0,26215,0,0,0.0,0.0,0.0,0.0,-1.3192995147029407e+26,65.0,0.0,1.7767525951362683e+31,0.0,645,0,686,0,0,0,714,0,786,0,708,0,689,0,645,0,641,0,618,0.032,36962304.0,-0.0,0.0,61584,16788,-9.676127412242629e+30,0.0,76.626,0.0,-0.0,-0.0,29.0,60.0,70,0.0,0.0,0.0,0.0,0.0,0.0,0.0,0.0,0.0,0.0,0.0,0.0,0.0,0.0,0.0,0.0,59.2,68,11,65509,41,65476,0,300,0,0,8,20529,65476,0,0,61604,60.0,0.0,0.0,0.0,0.0,0.0
2026-04-04T11:40:56,ERR,ERR,ERR,ERR,ERR,ERR,ERR,ERR,ERR,ERR,ERR,ERR,ERR,ERR,ERR,ERR,ERR,ERR,ERR,ERR,ERR,ERR,ERR,ERR,ERR,ERR,ERR,ERR,ERR,ERR,ERR,ERR,ERR,ERR,ERR,ERR,ERR,ERR,ERR,ERR,ERR,ERR,ERR,ERR,ERR,ERR,ERR,ERR,ERR,ERR,ERR,ERR,ERR,ERR,ERR,ERR,ERR,ERR,ERR,ERR,ERR,ERR,ERR,ERR,ERR,ERR,ERR,ERR,ERR,ERR,ERR,ERR,ERR,ERR,ERR,ERR,ERR,ERR,ERR,ERR,ERR,ERR,ERR,ERR,ERR,ERR,ERR,ERR,ERR,ERR,ERR,ERR,ERR,ERR,ERR,ERR,ERR,ERR,ERR,ERR,ERR,ERR,ERR,ERR,ERR,ERR,ERR,ERR,ERR,ERR,ERR,ERR,ERR,ERR,ERR,ERR,ERR,ERR,ERR,ERR,ERR,ERR,ERR,ERR,ERR,0.0,0.0,-0.0,0.0,0.0,0.0,0.0,nan,0,0,0,32768,0,0.0,0,0.0,0.0,0.0,0.0,0.0,0,0,0,0,0.0,0,0,0,0,0,0,0,0,0,0,0,0,0,0,0,0,0,0,0,0,0,0,0,0,0,0,0,0,0,0,0,0,0,0,0,0,0,0,0,0,0,0,0,0,0.0,0.0,0.0,0.0,0.0,0.0,0.0,0.0,0.0,0.0,0.0,0.0,0.0,0.0,0.0,0.0,0.0,0.0,0.0,0.0,0.0,0.0,-0.0,-0.0,-2.004,-0.0,0.0,0.0,0.0,0.0,3368.5,-0.0,0.0,0.0,-0.0,-0.0,2.7184274988523002e+23,0.0,0.0,0.0,0.0,0,-1.9056958870913024e+17,-0.0,0.0,0.0,0.0,0.0,0.0,0.0,0.0,0,0,0,0.0,0.0,0.0,0.0,0.0,0.0,0.0,0.0,0.0,0.0,0.0,0.0,0.0,0.0,0.0,0.0,0,-107875648.0,0,0.0,0,-107875648.0,-107877712.0,0,0,17039,13107,17053,26215,17037,0,0,0,110,100,100,0.0,64.0,0.0,64.9,-107615304.0,68.5,1,49,50,180,0,26215,0,0,0.0,0.0,0.0,0.0,-1.3192995147029407e+26,65.0,0.0,1.7767525951362683e+31,0.0,645,0,686,0,0,0,714,0,786,0,708,0,689,0,645,0,641,0,618,0.032,36962304.0,-0.0,0.0,61584,16788,-9.676127412242629e+30,0.0,76.626,0.0,-0.0,-0.0,29.0,60.0,70,0.0,0.0,0.0,0.0,0.0,0.0,0.0,0.0,0.0,0.0,0.0,0.0,0.0,0.0,0.0,0.0,59.2,68,11,65509,41,65476,0,300,0,0,8,20529,65476,0,0,61604,60.0,0.0,0.0,0.0,0.0,0.0
2026-04-04T11:40:57,ERR,ERR,ERR,ERR,ERR,ERR,ERR,ERR,ERR,ERR,ERR,ERR,ERR,ERR,ERR,ERR,ERR,ERR,ERR,ERR,ERR,ERR,ERR,ERR,ERR,ERR,ERR,ERR,ERR,ERR,ERR,ERR,ERR,ERR,ERR,ERR,ERR,ERR,ERR,ERR,ERR,ERR,ERR,ERR,ERR,ERR,ERR,ERR,ERR,ERR,ERR,ERR,ERR,ERR,ERR,ERR,ERR,ERR,ERR,ERR,ERR,ERR,ERR,ERR,ERR,ERR,ERR,ERR,ERR,ERR,ERR,ERR,ERR,ERR,ERR,ERR,ERR,ERR,ERR,ERR,ERR,ERR,ERR,ERR,ERR,ERR,ERR,ERR,ERR,ERR,ERR,ERR,ERR,ERR,ERR,ERR,ERR,ERR,ERR,ERR,ERR,ERR,ERR,ERR,ERR,ERR,ERR,ERR,ERR,ERR,ERR,ERR,ERR,ERR,ERR,ERR,ERR,ERR,ERR,ERR,ERR,ERR,ERR,ERR,ERR,0.0,0.0,-0.0,0.0,0.0,0.0,0.0,nan,0,0,0,32768,0,0.0,0,0.0,0.0,0.0,0.0,0.0,0,0,0,0,0.0,0,0,0,0,0,0,0,0,0,0,0,0,0,0,0,0,0,0,0,0,0,0,0,0,0,0,0,0,0,0,0,0,0,0,0,0,0,0,0,0,0,0,0,0,0.0,0.0,0.0,0.0,0.0,0.0,0.0,0.0,0.0,0.0,0.0,0.0,0.0,0.0,0.0,0.0,0.0,0.0,0.0,0.0,0.0,0.0,-0.0,-0.0,-2.004,-0.0,0.0,0.0,0.0,0.0,3368.5,-0.0,0.0,0.0,-0.0,-0.0,2.7184274988523002e+23,0.0,0.0,0.0,0.0,0,-1.9056958870913024e+17,-0.0,0.0,0.0,0.0,0.0,0.0,0.0,0.0,0,0,0,0.0,0.0,0.0,0.0,0.0,0.0,0.0,0.0,0.0,0.0,0.0,0.0,0.0,0.0,0.0,0.0,0,-107875648.0,0,0.0,0,-107875648.0,-107877712.0,0,0,17039,13107,17053,26215,17037,0,0,0,110,100,100,0.0,64.0,0.0,64.9,-107615304.0,68.5,1,49,50,180,0,26215,0,0,0.0,0.0,0.0,0.0,-1.3192995147029407e+26,65.0,0.0,1.7767525951362683e+31,0.0,645,0,686,0,0,0,714,0,786,0,708,0,689,0,645,0,641,0,618,0.032,36962304.0,-0.0,0.0,61584,16788,-9.676127412242629e+30,0.0,76.626,0.0,-0.0,-0.0,29.0,60.0,70,0.0,0.0,0.0,0.0,0.0,0.0,0.0,0.0,0.0,0.0,0.0,0.0,0.0,0.0,0.0,0.0,59.2,68,11,65509,41,65476,0,300,0,0,8,20529,65476,0,0,61604,60.0,0.0,0.0,0.0,0.0,0.0
2026-04-04T11:40:58,ERR,ERR,ERR,ERR,ERR,ERR,ERR,ERR,ERR,ERR,ERR,ERR,ERR,ERR,ERR,ERR,ERR,ERR,ERR,ERR,ERR,ERR,ERR,ERR,ERR,ERR,ERR,ERR,ERR,ERR,ERR,ERR,ERR,ERR,ERR,ERR,ERR,ERR,ERR,ERR,ERR,ERR,ERR,ERR,ERR,ERR,ERR,ERR,ERR,ERR,ERR,ERR,ERR,ERR,ERR,ERR,ERR,ERR,ERR,ERR,ERR,ERR,ERR,ERR,ERR,ERR,ERR,ERR,ERR,ERR,ERR,ERR,ERR,ERR,ERR,ERR,ERR,ERR,ERR,ERR,ERR,ERR,ERR,ERR,ERR,ERR,ERR,ERR,ERR,ERR,ERR,ERR,ERR,ERR,ERR,ERR,ERR,ERR,ERR,ERR,ERR,ERR,ERR,ERR,ERR,ERR,ERR,ERR,ERR,ERR,ERR,ERR,ERR,ERR,ERR,ERR,ERR,ERR,ERR,ERR,ERR,ERR,ERR,ERR,ERR,0.0,0.0,-0.0,0.0,0.0,0.0,0.0,nan,0,0,0,32768,0,0.0,0,0.0,0.0,0.0,0.0,0.0,0,0,0,0,0.0,0,0,0,0,0,0,0,0,0,0,0,0,0,0,0,0,0,0,0,0,0,0,0,0,0,0,0,0,0,0,0,0,0,0,0,0,0,0,0,0,0,0,0,0,0.0,0.0,0.0,0.0,0.0,0.0,0.0,0.0,0.0,0.0,0.0,0.0,0.0,0.0,0.0,0.0,0.0,0.0,0.0,0.0,0.0,0.0,-0.0,-0.0,-2.004,-0.0,0.0,0.0,0.0,0.0,3368.5,-0.0,0.0,0.0,-0.0,-0.0,2.7184274988523002e+23,0.0,0.0,0.0,0.0,0,-1.9056958870913024e+17,-0.0,0.0,0.0,0.0,0.0,0.0,0.0,0.0,0,0,0,0.0,0.0,0.0,0.0,0.0,0.0,0.0,0.0,0.0,0.0,0.0,0.0,0.0,0.0,0.0,0.0,0,-107875648.0,0,0.0,0,-107875648.0,-107877712.0,0,0,17039,13107,17053,26215,17037,0,0,0,110,100,100,0.0,64.0,0.0,64.9,-107615304.0,68.5,1,49,50,180,0,26215,0,0,0.0,0.0,0.0,0.0,-1.3192995147029407e+26,65.0,0.0,1.7767525951362683e+31,0.0,645,0,686,0,0,0,714,0,786,0,708,0,689,0,645,0,641,0,618,0.032,36962304.0,-0.0,0.0,61584,16788,-9.676127412242629e+30,0.0,76.626,0.0,-0.0,-0.0,29.0,60.0,70,0.0,0.0,0.0,0.0,0.0,0.0,0.0,0.0,0.0,0.0,0.0,0.0,0.0,0.0,0.0,0.0,59.2,68,11,65509,41,65476,0,300,0,0,8,20529,65476,0,0,61604,60.0,0.0,0.0,0.0,0.0,0.0
2026-04-04T11:40:59,ERR,ERR,ERR,ERR,ERR,ERR,ERR,ERR,ERR,ERR,ERR,ERR,ERR,ERR,ERR,ERR,ERR,ERR,ERR,ERR,ERR,ERR,ERR,ERR,ERR,ERR,ERR,ERR,ERR,ERR,ERR,ERR,ERR,ERR,ERR,ERR,ERR,ERR,ERR,ERR,ERR,ERR,ERR,ERR,ERR,ERR,ERR,ERR,ERR,ERR,ERR,ERR,ERR,ERR,ERR,ERR,ERR,ERR,ERR,ERR,ERR,ERR,ERR,ERR,ERR,ERR,ERR,ERR,ERR,ERR,ERR,ERR,ERR,ERR,ERR,ERR,ERR,ERR,ERR,ERR,ERR,ERR,ERR,ERR,ERR,ERR,ERR,ERR,ERR,ERR,ERR,ERR,ERR,ERR,ERR,ERR,ERR,ERR,ERR,ERR,ERR,ERR,ERR,ERR,ERR,ERR,ERR,ERR,ERR,ERR,ERR,ERR,ERR,ERR,ERR,ERR,ERR,ERR,ERR,ERR,ERR,ERR,ERR,ERR,ERR,0.0,-0.0,-101055584.0,0.0,0.0,0.0,0.0,nan,0,0,0,32768,0,0.0,0,0.0,0.0,0.0,0.0,0.0,0,0,0,0,0.0,0,0,0,0,0,0,0,0,0,0,0,0,0,0,0,0,0,0,0,0,0,0,0,0,0,0,0,0,0,0,0,0,0,0,0,0,0,0,0,0,0,0,0,0,0.0,0.0,0.0,0.0,0.0,0.0,0.0,0.0,0.0,0.0,0.0,0.0,0.0,0.0,0.0,0.0,0.0,0.0,0.0,0.0,0.0,0.0,-0.0,-2.004,-2.004,-0.0,0.0,0.0,0.0,0.0,3365.5,-8608106496.0,0.0,0.0,-0.0,-0.0,2.7184274988523002e+23,0.0,0.0,0.0,0.0,0,-89221.016,-3.2219784175415904e+26,0.0,0.0,0.0,0.0,0.0,0.0,0.0,0,0,0,0.0,0.0,0.0,0.0,0.0,0.0,0.0,0.0,0.0,0.0,0.0,0.0,0.0,0.0,0.0,0.0,0,-107875648.0,0,0.0,0,-107875648.0,-107877712.0,0,0,17039,13107,17053,26215,17037,0,0,0,110,100,100,0.0,64.0,0.0,64.9,-107615304.0,68.5,1,49,50,180,0,26215,0,0,0.0,0.0,0.0,0.0,-1.3192995147029407e+26,65.0,0.0,1.7767525951362683e+31,0.0,645,0,686,0,0,0,714,0,786,0,708,0,689,0,645,0,641,0,618,0.032,36962304.0,-0.0,0.0,61584,16788,-9.676127412242629e+30,0.0,76.626,0.0,-0.0,-0.0,29.0,60.0,70,0.0,0.0,0.0,0.0,0.0,0.0,0.0,0.0,0.0,0.0,0.0,0.0,0.0,0.0,0.0,0.0,59.2,68,11,65509,41,65476,0,300,0,0,8,20529,65476,0,0,61604,60.0,0.0,0.0,0.0,0.0,0.0
2026-04-04T11:41:00,ERR,ERR,ERR,ERR,ERR,ERR,ERR,ERR,ERR,ERR,ERR,ERR,ERR,ERR,ERR,ERR,ERR,ERR,ERR,ERR,ERR,ERR,ERR,ERR,ERR,ERR,ERR,ERR,ERR,ERR,ERR,ERR,ERR,ERR,ERR,ERR,ERR,ERR,ERR,ERR,ERR,ERR,ERR,ERR,ERR,ERR,ERR,ERR,ERR,ERR,ERR,ERR,ERR,ERR,ERR,ERR,ERR,ERR,ERR,ERR,ERR,ERR,ERR,ERR,ERR,ERR,ERR,ERR,ERR,ERR,ERR,ERR,ERR,ERR,ERR,ERR,ERR,ERR,ERR,ERR,ERR,ERR,ERR,ERR,ERR,ERR,ERR,ERR,ERR,ERR,ERR,ERR,ERR,ERR,ERR,ERR,ERR,ERR,ERR,ERR,ERR,ERR,ERR,ERR,ERR,ERR,ERR,ERR,ERR,ERR,ERR,ERR,ERR,ERR,ERR,ERR,ERR,ERR,ERR,ERR,ERR,ERR,ERR,ERR,ERR,0.0,-0.0,-101055584.0,0.0,0.0,0.0,0.0,nan,0,0,0,32768,0,0.0,0,0.0,0.0,0.0,0.0,0.0,0,0,0,0,0.0,0,0,0,0,0,0,0,0,0,0,0,0,0,0,0,0,0,0,0,0,0,0,0,0,0,0,0,0,0,0,0,0,0,0,0,0,0,0,0,0,0,0,0,0,0.0,0.0,0.0,0.0,0.0,0.0,0.0,0.0,0.0,0.0,0.0,0.0,0.0,0.0,0.0,0.0,0.0,0.0,0.0,0.0,0.0,0.0,-0.0,-2.004,-2.004,-0.0,0.0,0.0,0.0,0.0,3365.5,-8608106496.0,0.0,0.0,-0.0,-0.0,2.7184274988523002e+23,0.0,0.0,0.0,0.0,0,-89221.016,-3.2219784175415904e+26,0.0,0.0,0.0,0.0,0.0,0.0,0.0,0,0,0,0.0,0.0,0.0,0.0,0.0,0.0,0.0,0.0,0.0,0.0,0.0,0.0,0.0,0.0,0.0,0.0,0,-107875648.0,0,0.0,0,-107875648.0,-107877712.0,0,0,17039,13107,17053,26215,17037,0,0,0,110,100,100,0.0,64.0,0.0,64.9,-107615304.0,68.5,1,49,50,180,0,13107,0,0,0.0,0.0,0.0,0.0,-1.4426857277478777e+33,65.0,0.0,-6.7777728051898436e+25,0.0,645,0,686,0,0,0,715,0,786,0,707,0,689,0,645,0,641,0,618,0.032,36962304.0,-0.0,0.0,3984,16789,0.0,nan,705545.875,-0.0,-0.0,-0.0,29.0,60.0,70,0.0,0.0,0.0,0.0,0.0,0.0,0.0,0.0,0.0,0.0,0.0,0.0,0.0,0.0,0.0,0.0,59.2,68,11,65509,41,65476,0,300,0,0,8,20529,65476,0,0,61604,60.0,0.0,0.0,0.0,0.0,0.0
2026-04-04T11:41:01,ERR,ERR,ERR,ERR,ERR,ERR,ERR,ERR,ERR,ERR,ERR,ERR,ERR,ERR,ERR,ERR,ERR,ERR,ERR,ERR,ERR,ERR,ERR,ERR,ERR,ERR,ERR,ERR,ERR,ERR,ERR,ERR,ERR,ERR,ERR,ERR,ERR,ERR,ERR,ERR,ERR,ERR,ERR,ERR,ERR,ERR,ERR,ERR,ERR,ERR,ERR,ERR,ERR,ERR,ERR,ERR,ERR,ERR,ERR,ERR,ERR,ERR,ERR,ERR,ERR,ERR,ERR,ERR,ERR,ERR,ERR,ERR,ERR,ERR,ERR,ERR,ERR,ERR,ERR,ERR,ERR,ERR,ERR,ERR,ERR,ERR,ERR,ERR,ERR,ERR,ERR,ERR,ERR,ERR,ERR,ERR,ERR,ERR,ERR,ERR,ERR,ERR,ERR,ERR,ERR,ERR,ERR,ERR,ERR,ERR,ERR,ERR,ERR,ERR,ERR,ERR,ERR,ERR,ERR,ERR,ERR,ERR,ERR,ERR,ERR,0.0,-0.0,-101055584.0,0.0,0.0,0.0,0.0,nan,0,0,0,32768,0,0.0,0,0.0,0.0,0.0,0.0,0.0,0,0,0,0,0.0,0,0,0,0,0,0,0,0,0,0,0,0,0,0,0,0,0,0,0,0,0,0,0,0,0,0,0,0,0,0,0,0,0,0,0,0,0,0,0,0,0,0,0,0,0.0,0.0,0.0,0.0,0.0,0.0,0.0,0.0,0.0,0.0,0.0,0.0,0.0,0.0,0.0,0.0,0.0,0.0,0.0,0.0,0.0,0.0,-0.0,-2.004,-2.004,-0.0,0.0,0.0,0.0,0.0,3365.5,-8608106496.0,0.0,0.0,-0.0,-0.0,2.7184274988523002e+23,0.0,0.0,0.0,0.0,0,-89221.016,-3.2219784175415904e+26,0.0,0.0,0.0,0.0,0.0,0.0,0.0,0,0,0,0.0,0.0,0.0,0.0,0.0,0.0,0.0,0.0,0.0,0.0,0.0,0.0,0.0,0.0,0.0,0.0,0,-107875648.0,0,0.0,0,-107875648.0,-107877712.0,0,0,17039,13107,17053,26215,17037,0,0,0,110,100,100,0.0,64.0,0.0,64.9,-107615304.0,68.5,1,49,50,180,0,13107,0,0,0.0,0.0,0.0,0.0,-1.4426857277478777e+33,65.0,0.0,-6.7777728051898436e+25,0.0,645,0,686,0,0,0,715,0,786,0,707,0,689,0,645,0,641,0,618,0.032,36962304.0,-0.0,0.0,3984,16789,0.0,nan,705545.875,-0.0,-0.0,-0.0,29.0,60.0,70,0.0,0.0,0.0,0.0,0.0,0.0,0.0,0.0,0.0,0.0,0.0,0.0,0.0,0.0,0.0,0.0,59.2,68,11,65509,41,65476,0,300,0,0,8,20529,65476,0,0,61604,60.0,0.0,0.0,0.0,0.0,0.0
2026-04-04T11:41:02,ERR,ERR,ERR,ERR,ERR,ERR,ERR,ERR,ERR,ERR,ERR,ERR,ERR,ERR,ERR,ERR,ERR,ERR,ERR,ERR,ERR,ERR,ERR,ERR,ERR,ERR,ERR,ERR,ERR,ERR,ERR,ERR,ERR,ERR,ERR,ERR,ERR,ERR,ERR,ERR,ERR,ERR,ERR,ERR,ERR,ERR,ERR,ERR,ERR,ERR,ERR,ERR,ERR,ERR,ERR,ERR,ERR,ERR,ERR,ERR,ERR,ERR,ERR,ERR,ERR,ERR,ERR,ERR,ERR,ERR,ERR,ERR,ERR,ERR,ERR,ERR,ERR,ERR,ERR,ERR,ERR,ERR,ERR,ERR,ERR,ERR,ERR,ERR,ERR,ERR,ERR,ERR,ERR,ERR,ERR,ERR,ERR,ERR,ERR,ERR,ERR,ERR,ERR,ERR,ERR,ERR,ERR,ERR,ERR,ERR,ERR,ERR,ERR,ERR,ERR,ERR,ERR,ERR,ERR,ERR,ERR,ERR,ERR,ERR,ERR,0.0,-0.0,-101055584.0,0.0,0.0,0.0,0.0,nan,0,0,0,32768,0,0.0,0,0.0,0.0,0.0,0.0,0.0,0,0,0,0,0.0,0,0,0,0,0,0,0,0,0,0,0,0,0,0,0,0,0,0,0,0,0,0,0,0,0,0,0,0,0,0,0,0,0,0,0,0,0,0,0,0,0,0,0,0,0.0,0.0,0.0,0.0,0.0,0.0,0.0,0.0,0.0,0.0,0.0,0.0,0.0,0.0,0.0,0.0,0.0,0.0,0.0,0.0,0.0,0.0,-0.0,-2.004,-2.004,-0.0,0.0,0.0,0.0,0.0,3365.5,-8608106496.0,0.0,0.0,-0.0,-0.0,2.7184274988523002e+23,0.0,0.0,0.0,0.0,0,-89221.016,-3.2219784175415904e+26,0.0,0.0,0.0,0.0,0.0,0.0,0.0,0,0,0,0.0,0.0,0.0,0.0,0.0,0.0,0.0,0.0,0.0,0.0,0.0,0.0,0.0,0.0,0.0,0.0,0,-107875648.0,0,0.0,0,-107875648.0,-107877712.0,0,0,17039,13107,17053,26215,17037,0,0,0,110,100,100,0.0,64.0,0.0,64.9,-107615304.0,68.5,1,49,50,180,0,13107,0,0,0.0,0.0,0.0,0.0,-1.4426857277478777e+33,65.0,0.0,-6.7777728051898436e+25,0.0,645,0,686,0,0,0,715,0,786,0,707,0,689,0,645,0,641,0,618,0.032,36962304.0,-0.0,0.0,3984,16789,0.0,nan,705545.875,-0.0,-0.0,-0.0,29.0,60.0,70,0.0,0.0,0.0,0.0,0.0,0.0,0.0,0.0,0.0,0.0,0.0,0.0,0.0,0.0,0.0,0.0,59.2,68,11,65509,41,65476,0,300,0,0,8,20529,65476,0,0,61604,60.0,0.0,0.0,0.0,0.0,0.0
2026-04-04T11:41:03,ERR,ERR,ERR,ERR,ERR,ERR,ERR,ERR,ERR,ERR,ERR,ERR,ERR,ERR,ERR,ERR,ERR,ERR,ERR,ERR,ERR,ERR,ERR,ERR,ERR,ERR,ERR,ERR,ERR,ERR,ERR,ERR,ERR,ERR,ERR,ERR,ERR,ERR,ERR,ERR,ERR,ERR,ERR,ERR,ERR,ERR,ERR,ERR,ERR,ERR,ERR,ERR,ERR,ERR,ERR,ERR,ERR,ERR,ERR,ERR,ERR,ERR,ERR,ERR,ERR,ERR,ERR,ERR,ERR,ERR,ERR,ERR,ERR,ERR,ERR,ERR,ERR,ERR,ERR,ERR,ERR,ERR,ERR,ERR,ERR,ERR,ERR,ERR,ERR,ERR,ERR,ERR,ERR,ERR,ERR,ERR,ERR,ERR,ERR,ERR,ERR,ERR,ERR,ERR,ERR,ERR,ERR,ERR,ERR,ERR,ERR,ERR,ERR,ERR,ERR,ERR,ERR,ERR,ERR,ERR,ERR,ERR,ERR,ERR,ERR,0.0,-0.0,-101055584.0,0.0,0.0,0.0,0.0,nan,0,0,0,32768,0,0.0,0,0.0,0.0,0.0,0.0,0.0,0,0,0,0,0.0,0,0,0,0,0,0,0,0,0,0,0,0,0,0,0,0,0,0,0,0,0,0,0,0,0,0,0,0,0,0,0,0,0,0,0,0,0,0,0,0,0,0,0,0,0.0,0.0,0.0,0.0,0.0,0.0,0.0,0.0,0.0,0.0,0.0,0.0,0.0,0.0,0.0,0.0,0.0,0.0,0.0,0.0,0.0,0.0,-0.0,-2.004,-2.004,-0.0,0.0,0.0,0.0,0.0,3365.5,-8608106496.0,0.0,0.0,-0.0,-0.0,2.7184274988523002e+23,0.0,0.0,0.0,0.0,0,-89221.016,-3.2219784175415904e+26,0.0,0.0,0.0,0.0,0.0,0.0,0.0,0,0,0,0.0,0.0,0.0,0.0,0.0,0.0,0.0,0.0,0.0,0.0,0.0,0.0,0.0,0.0,0.0,0.0,0,-107875648.0,0,0.0,0,-107875648.0,-107877712.0,0,0,17039,13107,17053,26215,17037,0,0,0,110,100,100,0.0,64.0,0.0,64.9,-107615304.0,68.5,1,49,50,180,0,13107,0,0,0.0,0.0,0.0,0.0,-1.4426857277478777e+33,65.0,0.0,-6.7777728051898436e+25,0.0,645,0,686,0,0,0,715,0,786,0,707,0,689,0,645,0,641,0,618,0.032,36962304.0,-0.0,0.0,3984,16789,0.0,nan,705545.875,-0.0,-0.0,-0.0,29.0,60.0,70,0.0,0.0,0.0,0.0,0.0,0.0,0.0,0.0,0.0,0.0,0.0,0.0,0.0,0.0,0.0,0.0,59.2,68,11,65509,41,65476,0,300,0,0,8,20529,65476,0,0,61604,60.0,0.0,0.0,0.0,0.0,0.0
2026-04-04T11:41:04,ERR,ERR,ERR,ERR,ERR,ERR,ERR,ERR,ERR,ERR,ERR,ERR,ERR,ERR,ERR,ERR,ERR,ERR,ERR,ERR,ERR,ERR,ERR,ERR,ERR,ERR,ERR,ERR,ERR,ERR,ERR,ERR,ERR,ERR,ERR,ERR,ERR,ERR,ERR,ERR,ERR,ERR,ERR,ERR,ERR,ERR,ERR,ERR,ERR,ERR,ERR,ERR,ERR,ERR,ERR,ERR,ERR,ERR,ERR,ERR,ERR,ERR,ERR,ERR,ERR,ERR,ERR,ERR,ERR,ERR,ERR,ERR,ERR,ERR,ERR,ERR,ERR,ERR,ERR,ERR,ERR,ERR,ERR,ERR,ERR,ERR,ERR,ERR,ERR,ERR,ERR,ERR,ERR,ERR,ERR,ERR,ERR,ERR,ERR,ERR,ERR,ERR,ERR,ERR,ERR,ERR,ERR,ERR,ERR,ERR,ERR,ERR,ERR,ERR,ERR,ERR,ERR,ERR,ERR,ERR,ERR,ERR,ERR,ERR,ERR,0.0,-0.0,-101055584.0,0.0,0.0,0.0,0.0,nan,0,0,0,32768,0,0.0,0,0.0,0.0,0.0,0.0,0.0,0,0,0,0,0.0,0,0,0,0,0,0,0,0,0,0,0,0,0,0,0,0,0,0,0,0,0,0,0,0,0,0,0,0,0,0,0,0,0,0,0,0,0,0,0,0,0,0,0,0,0.0,0.0,0.0,0.0,0.0,0.0,0.0,0.0,0.0,0.0,0.0,0.0,0.0,0.0,0.0,0.0,0.0,0.0,0.0,0.0,0.0,0.0,-0.0,-2.004,-2.004,-0.0,0.0,0.0,0.0,0.0,3365.5,-8608106496.0,0.0,0.0,-0.0,-0.0,2.7184274988523002e+23,0.0,0.0,0.0,0.0,0,-89221.016,-3.2219784175415904e+26,0.0,0.0,0.0,0.0,0.0,0.0,0.0,0,0,0,0.0,0.0,0.0,0.0,0.0,0.0,0.0,0.0,0.0,0.0,0.0,0.0,0.0,0.0,0.0,0.0,0,-107875648.0,0,0.0,0,-107875648.0,-107877712.0,0,0,17039,13107,17053,26215,17037,0,0,0,110,100,100,0.0,64.0,0.0,64.9,-107615304.0,68.5,1,49,50,180,0,13107,0,0,0.0,0.0,0.0,0.0,-1.4426857277478777e+33,65.0,0.0,-6.7777728051898436e+25,0.0,645,0,686,0,0,0,715,0,786,0,707,0,689,0,645,0,641,0,618,0.032,36962304.0,-0.0,0.0,3984,16789,0.0,nan,705545.875,-0.0,-0.0,-0.0,29.0,60.0,70,0.0,0.0,0.0,0.0,0.0,0.0,0.0,0.0,0.0,0.0,0.0,0.0,0.0,0.0,0.0,0.0,59.2,68,11,65509,41,65476,0,300,0,0,8,20529,65476,0,0,61604,60.0,0.0,0.0,0.0,0.0,0.0
2026-04-04T11:41:05,ERR,ERR,ERR,ERR,ERR,ERR,ERR,ERR,ERR,ERR,ERR,ERR,ERR,ERR,ERR,ERR,ERR,ERR,ERR,ERR,ERR,ERR,ERR,ERR,ERR,ERR,ERR,ERR,ERR,ERR,ERR,ERR,ERR,ERR,ERR,ERR,ERR,ERR,ERR,ERR,ERR,ERR,ERR,ERR,ERR,ERR,ERR,ERR,ERR,ERR,ERR,ERR,ERR,ERR,ERR,ERR,ERR,ERR,ERR,ERR,ERR,ERR,ERR,ERR,ERR,ERR,ERR,ERR,ERR,ERR,ERR,ERR,ERR,ERR,ERR,ERR,ERR,ERR,ERR,ERR,ERR,ERR,ERR,ERR,ERR,ERR,ERR,ERR,ERR,ERR,ERR,ERR,ERR,ERR,ERR,ERR,ERR,ERR,ERR,ERR,ERR,ERR,ERR,ERR,ERR,ERR,ERR,ERR,ERR,ERR,ERR,ERR,ERR,ERR,ERR,ERR,ERR,ERR,ERR,ERR,ERR,ERR,ERR,ERR,ERR,0.0,-0.0,-101055584.0,0.0,0.0,0.0,0.0,nan,0,0,0,32768,0,0.0,0,0.0,0.0,0.0,0.0,0.0,0,0,0,0,0.0,0,0,0,0,0,0,0,0,0,0,0,0,0,0,0,0,0,0,0,0,0,0,0,0,0,0,0,0,0,0,0,0,0,0,0,0,0,0,0,0,0,0,0,0,0.0,0.0,0.0,0.0,0.0,0.0,0.0,0.0,0.0,0.0,0.0,0.0,0.0,0.0,0.0,0.0,0.0,0.0,0.0,0.0,0.0,0.0,-0.0,-2.004,-2.004,-0.0,0.0,0.0,0.0,0.0,3365.5,-8608106496.0,0.0,0.0,-0.0,-0.0,2.7184274988523002e+23,0.0,0.0,0.0,0.0,0,-89221.016,-3.2219784175415904e+26,0.0,0.0,0.0,0.0,0.0,0.0,0.0,0,0,0,0.0,0.0,0.0,0.0,0.0,0.0,0.0,0.0,0.0,0.0,0.0,0.0,0.0,0.0,0.0,0.0,0,-107875648.0,0,0.0,0,-107875648.0,-107877712.0,0,0,17039,13107,17053,26215,17037,0,0,0,110,100,100,0.0,64.0,0.0,64.9,-107615304.0,68.5,1,49,50,180,0,13107,0,0,0.0,0.0,0.0,0.0,-1.4426857277478777e+33,65.0,0.0,-6.7777728051898436e+25,0.0,645,0,686,0,0,0,715,0,786,0,707,0,689,0,645,0,641,0,618,0.032,36962304.0,-0.0,0.0,3984,16789,0.0,nan,705545.875,-0.0,-0.0,-0.0,29.0,60.0,70,0.0,0.0,0.0,0.0,0.0,0.0,0.0,0.0,0.0,0.0,0.0,0.0,0.0,0.0,0.0,0.0,59.2,68,11,65509,41,65476,0,300,0,0,8,20529,65476,0,0,61604,60.0,0.0,0.0,0.0,0.0,0.0
2026-04-04T11:41:06,ERR,ERR,ERR,ERR,ERR,ERR,ERR,ERR,ERR,ERR,ERR,ERR,ERR,ERR,ERR,ERR,ERR,ERR,ERR,ERR,ERR,ERR,ERR,ERR,ERR,ERR,ERR,ERR,ERR,ERR,ERR,ERR,ERR,ERR,ERR,ERR,ERR,ERR,ERR,ERR,ERR,ERR,ERR,ERR,ERR,ERR,ERR,ERR,ERR,ERR,ERR,ERR,ERR,ERR,ERR,ERR,ERR,ERR,ERR,ERR,ERR,ERR,ERR,ERR,ERR,ERR,ERR,ERR,ERR,ERR,ERR,ERR,ERR,ERR,ERR,ERR,ERR,ERR,ERR,ERR,ERR,ERR,ERR,ERR,ERR,ERR,ERR,ERR,ERR,ERR,ERR,ERR,ERR,ERR,ERR,ERR,ERR,ERR,ERR,ERR,ERR,ERR,ERR,ERR,ERR,ERR,ERR,ERR,ERR,ERR,ERR,ERR,ERR,ERR,ERR,ERR,ERR,ERR,ERR,ERR,ERR,ERR,ERR,ERR,ERR,0.0,-0.0,-101055584.0,0.0,0.0,0.0,0.0,nan,0,0,0,32768,0,0.0,0,0.0,0.0,0.0,0.0,0.0,0,0,0,0,0.0,0,0,0,0,0,0,0,0,0,0,0,0,0,0,0,0,0,0,0,0,0,0,0,0,0,0,0,0,0,0,0,0,0,0,0,0,0,0,0,0,0,0,0,0,0.0,0.0,0.0,0.0,0.0,0.0,0.0,0.0,0.0,0.0,0.0,0.0,0.0,0.0,0.0,0.0,0.0,0.0,0.0,0.0,0.0,0.0,-0.0,-2.004,-2.004,-0.0,0.0,0.0,0.0,0.0,3365.5,-8608106496.0,0.0,0.0,-0.0,-0.0,2.7184274988523002e+23,0.0,0.0,0.0,0.0,0,-89221.016,-3.2219784175415904e+26,0.0,0.0,0.0,0.0,0.0,0.0,0.0,0,0,0,0.0,0.0,0.0,0.0,0.0,0.0,0.0,0.0,0.0,0.0,0.0,0.0,0.0,0.0,0.0,0.0,0,-107875648.0,0,0.0,0,-107875648.0,-107877712.0,0,0,17039,13107,17053,39322,17037,0,0,0,110,100,100,0.0,64.0,0.0,64.9,-107615304.0,68.5,1,49,50,180,0,13107,0,0,0.0,0.0,0.0,0.0,0.0,65.5,0.0,-0.0,0.0,645,0,686,0,0,0,715,0,786,0,707,0,689,0,645,0,641,0,618,0.032,36962304.0,-0.0,0.0,64784,16788,0.0,-0.0,1.19487484823339e+17,-0.0,-0.0,-39744.512,29.0,60.0,70,0.0,0.0,0.0,0.0,0.0,0.0,0.0,0.0,0.0,0.0,0.0,0.0,0.0,0.0,0.0,0.0,59.2,68,11,65509,41,65476,0,300,0,0,8,20529,65476,0,0,61604,60.0,0.0,0.0,0.0,0.0,0.0
2026-04-04T11:41:07,ERR,ERR,ERR,ERR,ERR,ERR,ERR,ERR,ERR,ERR,ERR,ERR,ERR,ERR,ERR,ERR,ERR,ERR,ERR,ERR,ERR,ERR,ERR,ERR,ERR,ERR,ERR,ERR,ERR,ERR,ERR,ERR,ERR,ERR,ERR,ERR,ERR,ERR,ERR,ERR,ERR,ERR,ERR,ERR,ERR,ERR,ERR,ERR,ERR,ERR,ERR,ERR,ERR,ERR,ERR,ERR,ERR,ERR,ERR,ERR,ERR,ERR,ERR,ERR,ERR,ERR,ERR,ERR,ERR,ERR,ERR,ERR,ERR,ERR,ERR,ERR,ERR,ERR,ERR,ERR,ERR,ERR,ERR,ERR,ERR,ERR,ERR,ERR,ERR,ERR,ERR,ERR,ERR,ERR,ERR,ERR,ERR,ERR,ERR,ERR,ERR,ERR,ERR,ERR,ERR,ERR,ERR,ERR,ERR,ERR,ERR,ERR,ERR,ERR,ERR,ERR,ERR,ERR,ERR,ERR,ERR,ERR,ERR,ERR,ERR,0.0,0.0,-0.0,0.0,0.0,0.0,0.0,nan,0,0,0,32768,0,0.0,0,0.0,0.0,0.0,0.0,0.0,0,0,0,0,0.0,0,0,0,0,0,0,0,0,0,0,0,0,0,0,0,0,0,0,0,0,0,0,0,0,0,0,0,0,0,0,0,0,0,0,0,0,0,0,0,0,0,0,0,0,0.0,0.0,0.0,0.0,0.0,0.0,0.0,0.0,0.0,0.0,0.0,0.0,0.0,0.0,0.0,0.0,0.0,0.0,0.0,0.0,0.0,0.0,-0.0,-2.004,-2.004,-0.0,0.0,0.0,0.0,0.0,3367.0,-0.0,0.0,0.0,0.0,-0.0,2.7184274988523002e+23,0.0,0.0,0.0,0.0,0,-126841012224.0,-71.629,0.0,0.0,0.0,0.0,0.0,0.0,0.0,0,0,0,0.0,0.0,0.0,0.0,0.0,0.0,0.0,0.0,0.0,0.0,0.0,0.0,0.0,0.0,0.0,0.0,0,-107875648.0,0,0.0,0,-107875648.0,-107877712.0,0,0,17039,13107,17053,39322,17037,0,0,0,110,100,100,0.0,64.0,0.0,64.9,-107615304.0,68.5,1,49,50,180,0,13107,0,0,0.0,0.0,0.0,0.0,0.0,65.5,0.0,-0.0,0.0,645,0,686,0,0,0,715,0,786,0,707,0,689,0,645,0,641,0,618,0.032,36962304.0,-0.0,0.0,64784,16788,0.0,-0.0,1.19487484823339e+17,-0.0,-0.0,-39744.512,29.0,60.0,70,0.0,0.0,0.0,0.0,0.0,0.0,0.0,0.0,0.0,0.0,0.0,0.0,0.0,0.0,0.0,0.0,59.6,68,11,65509,41,65476,0,300,0,0,8,20529,65476,0,0,61604,60.0,0.0,0.0,0.0,0.0,0.0
2026-04-04T11:41:08,ERR,ERR,ERR,ERR,ERR,ERR,ERR,ERR,ERR,ERR,ERR,ERR,ERR,ERR,ERR,ERR,ERR,ERR,ERR,ERR,ERR,ERR,ERR,ERR,ERR,ERR,ERR,ERR,ERR,ERR,ERR,ERR,ERR,ERR,ERR,ERR,ERR,ERR,ERR,ERR,ERR,ERR,ERR,ERR,ERR,ERR,ERR,ERR,ERR,ERR,ERR,ERR,ERR,ERR,ERR,ERR,ERR,ERR,ERR,ERR,ERR,ERR,ERR,ERR,ERR,ERR,ERR,ERR,ERR,ERR,ERR,ERR,ERR,ERR,ERR,ERR,ERR,ERR,ERR,ERR,ERR,ERR,ERR,ERR,ERR,ERR,ERR,ERR,ERR,ERR,ERR,ERR,ERR,ERR,ERR,ERR,ERR,ERR,ERR,ERR,ERR,ERR,ERR,ERR,ERR,ERR,ERR,ERR,ERR,ERR,ERR,ERR,ERR,ERR,ERR,ERR,ERR,ERR,ERR,ERR,ERR,ERR,ERR,ERR,ERR,0.0,0.0,-0.0,0.0,0.0,0.0,0.0,nan,0,0,0,32768,0,0.0,0,0.0,0.0,0.0,0.0,0.0,0,0,0,0,0.0,0,0,0,0,0,0,0,0,0,0,0,0,0,0,0,0,0,0,0,0,0,0,0,0,0,0,0,0,0,0,0,0,0,0,0,0,0,0,0,0,0,0,0,0,0.0,0.0,0.0,0.0,0.0,0.0,0.0,0.0,0.0,0.0,0.0,0.0,0.0,0.0,0.0,0.0,0.0,0.0,0.0,0.0,0.0,0.0,-0.0,-2.004,-2.004,-0.0,0.0,0.0,0.0,0.0,3367.0,-0.0,0.0,0.0,0.0,-0.0,2.7184274988523002e+23,0.0,0.0,0.0,0.0,0,-126841012224.0,-71.629,0.0,0.0,0.0,0.0,0.0,0.0,0.0,0,0,0,0.0,0.0,0.0,0.0,0.0,0.0,0.0,0.0,0.0,0.0,0.0,0.0,0.0,0.0,0.0,0.0,0,-107875648.0,0,0.0,0,-107875648.0,-107877712.0,0,0,17039,13107,17053,39322,17037,0,0,0,110,100,100,0.0,64.0,0.0,64.9,-107615304.0,68.5,1,49,50,180,0,13107,0,0,0.0,0.0,0.0,0.0,0.0,65.5,0.0,-0.0,0.0,645,0,686,0,0,0,715,0,786,0,707,0,689,0,645,0,641,0,618,0.032,36962304.0,-0.0,0.0,64784,16788,0.0,-0.0,1.19487484823339e+17,-0.0,-0.0,-39744.512,29.0,60.0,70,0.0,0.0,0.0,0.0,0.0,0.0,0.0,0.0,0.0,0.0,0.0,0.0,0.0,0.0,0.0,0.0,59.6,68,11,65509,41,65476,0,300,0,0,8,20529,65476,0,0,61604,60.0,0.0,0.0,0.0,0.0,0.0
2026-04-04T11:41:09,ERR,ERR,ERR,ERR,ERR,ERR,ERR,ERR,ERR,ERR,ERR,ERR,ERR,ERR,ERR,ERR,ERR,ERR,ERR,ERR,ERR,ERR,ERR,ERR,ERR,ERR,ERR,ERR,ERR,ERR,ERR,ERR,ERR,ERR,ERR,ERR,ERR,ERR,ERR,ERR,ERR,ERR,ERR,ERR,ERR,ERR,ERR,ERR,ERR,ERR,ERR,ERR,ERR,ERR,ERR,ERR,ERR,ERR,ERR,ERR,ERR,ERR,ERR,ERR,ERR,ERR,ERR,ERR,ERR,ERR,ERR,ERR,ERR,ERR,ERR,ERR,ERR,ERR,ERR,ERR,ERR,ERR,ERR,ERR,ERR,ERR,ERR,ERR,ERR,ERR,ERR,ERR,ERR,ERR,ERR,ERR,ERR,ERR,ERR,ERR,ERR,ERR,ERR,ERR,ERR,ERR,ERR,ERR,ERR,ERR,ERR,ERR,ERR,ERR,ERR,ERR,ERR,ERR,ERR,ERR,ERR,ERR,ERR,ERR,ERR,0.0,0.0,-0.0,0.0,0.0,0.0,0.0,nan,0,0,0,32768,0,0.0,0,0.0,0.0,0.0,0.0,0.0,0,0,0,0,0.0,0,0,0,0,0,0,0,0,0,0,0,0,0,0,0,0,0,0,0,0,0,0,0,0,0,0,0,0,0,0,0,0,0,0,0,0,0,0,0,0,0,0,0,0,0.0,0.0,0.0,0.0,0.0,0.0,0.0,0.0,0.0,0.0,0.0,0.0,0.0,0.0,0.0,0.0,0.0,0.0,0.0,0.0,0.0,0.0,-0.0,-2.004,-2.004,-0.0,0.0,0.0,0.0,0.0,3367.0,-0.0,0.0,0.0,0.0,-0.0,2.7184274988523002e+23,0.0,0.0,0.0,0.0,0,-126841012224.0,-71.629,0.0,0.0,0.0,0.0,0.0,0.0,0.0,0,0,0,0.0,0.0,0.0,0.0,0.0,0.0,0.0,0.0,0.0,0.0,0.0,0.0,0.0,0.0,0.0,0.0,0,-107875648.0,0,0.0,0,-107875648.0,-107877712.0,0,0,17039,13107,17053,39322,17037,0,0,0,110,100,100,0.0,64.0,0.0,64.9,-107615304.0,68.5,1,49,50,180,0,13107,0,0,0.0,0.0,0.0,0.0,0.0,65.5,0.0,-0.0,0.0,645,0,686,0,0,0,715,0,786,0,707,0,689,0,645,0,641,0,618,0.032,36962304.0,-0.0,0.0,64784,16788,0.0,-0.0,1.19487484823339e+17,-0.0,-0.0,-39744.512,29.0,60.0,70,0.0,0.0,0.0,0.0,0.0,0.0,0.0,0.0,0.0,0.0,0.0,0.0,0.0,0.0,0.0,0.0,59.6,68,11,65509,41,65476,0,300,0,0,8,20529,65476,0,0,61604,60.0,0.0,0.0,0.0,0.0,0.0
2026-04-04T11:41:10,ERR,ERR,ERR,ERR,ERR,ERR,ERR,ERR,ERR,ERR,ERR,ERR,ERR,ERR,ERR,ERR,ERR,ERR,ERR,ERR,ERR,ERR,ERR,ERR,ERR,ERR,ERR,ERR,ERR,ERR,ERR,ERR,ERR,ERR,ERR,ERR,ERR,ERR,ERR,ERR,ERR,ERR,ERR,ERR,ERR,ERR,ERR,ERR,ERR,ERR,ERR,ERR,ERR,ERR,ERR,ERR,ERR,ERR,ERR,ERR,ERR,ERR,ERR,ERR,ERR,ERR,ERR,ERR,ERR,ERR,ERR,ERR,ERR,ERR,ERR,ERR,ERR,ERR,ERR,ERR,ERR,ERR,ERR,ERR,ERR,ERR,ERR,ERR,ERR,ERR,ERR,ERR,ERR,ERR,ERR,ERR,ERR,ERR,ERR,ERR,ERR,ERR,ERR,ERR,ERR,ERR,ERR,ERR,ERR,ERR,ERR,ERR,ERR,ERR,ERR,ERR,ERR,ERR,ERR,ERR,ERR,ERR,ERR,ERR,ERR,0.0,0.0,-0.0,0.0,0.0,0.0,0.0,nan,0,0,0,32768,0,0.0,0,0.0,0.0,0.0,0.0,0.0,0,0,0,0,0.0,0,0,0,0,0,0,0,0,0,0,0,0,0,0,0,0,0,0,0,0,0,0,0,0,0,0,0,0,0,0,0,0,0,0,0,0,0,0,0,0,0,0,0,0,0.0,0.0,0.0,0.0,0.0,0.0,0.0,0.0,0.0,0.0,0.0,0.0,0.0,0.0,0.0,0.0,0.0,0.0,0.0,0.0,0.0,0.0,-0.0,-2.004,-2.004,-0.0,0.0,0.0,0.0,0.0,3367.0,-0.0,0.0,0.0,0.0,-0.0,2.7184274988523002e+23,0.0,0.0,0.0,0.0,0,-126841012224.0,-71.629,0.0,0.0,0.0,0.0,0.0,0.0,0.0,0,0,0,0.0,0.0,0.0,0.0,0.0,0.0,0.0,0.0,0.0,0.0,0.0,0.0,0.0,0.0,0.0,0.0,0,-107875648.0,0,0.0,0,-107875648.0,-107877712.0,0,0,17039,13107,17053,39322,17037,0,0,0,110,100,100,0.0,64.0,0.0,64.9,-107615304.0,68.5,1,49,50,180,0,13107,0,0,0.0,0.0,0.0,0.0,0.0,65.5,0.0,-0.0,0.0,645,0,686,0,0,0,715,0,786,0,707,0,689,0,645,0,641,0,618,0.032,36962304.0,-0.0,0.0,64784,16788,0.0,-0.0,1.19487484823339e+17,-0.0,-0.0,-39744.512,29.0,60.0,70,0.0,0.0,0.0,0.0,0.0,0.0,0.0,0.0,0.0,0.0,0.0,0.0,0.0,0.0,0.0,0.0,59.6,68,11,65509,41,65476,0,300,0,0,8,20529,65476,0,0,61604,60.0,0.0,0.0,0.0,0.0,0.0
2026-04-04T11:41:11,ERR,ERR,ERR,ERR,ERR,ERR,ERR,ERR,ERR,ERR,ERR,ERR,ERR,ERR,ERR,ERR,ERR,ERR,ERR,ERR,ERR,ERR,ERR,ERR,ERR,ERR,ERR,ERR,ERR,ERR,ERR,ERR,ERR,ERR,ERR,ERR,ERR,ERR,ERR,ERR,ERR,ERR,ERR,ERR,ERR,ERR,ERR,ERR,ERR,ERR,ERR,ERR,ERR,ERR,ERR,ERR,ERR,ERR,ERR,ERR,ERR,ERR,ERR,ERR,ERR,ERR,ERR,ERR,ERR,ERR,ERR,ERR,ERR,ERR,ERR,ERR,ERR,ERR,ERR,ERR,ERR,ERR,ERR,ERR,ERR,ERR,ERR,ERR,ERR,ERR,ERR,ERR,ERR,ERR,ERR,ERR,ERR,ERR,ERR,ERR,ERR,ERR,ERR,ERR,ERR,ERR,ERR,ERR,ERR,ERR,ERR,ERR,ERR,ERR,ERR,ERR,ERR,ERR,ERR,ERR,ERR,ERR,ERR,ERR,ERR,0.0,0.0,-0.0,0.0,0.0,0.0,0.0,nan,0,0,0,32768,0,0.0,0,0.0,0.0,0.0,0.0,0.0,0,0,0,0,0.0,0,0,0,0,0,0,0,0,0,0,0,0,0,0,0,0,0,0,0,0,0,0,0,0,0,0,0,0,0,0,0,0,0,0,0,0,0,0,0,0,0,0,0,0,0.0,0.0,0.0,0.0,0.0,0.0,0.0,0.0,0.0,0.0,0.0,0.0,0.0,0.0,0.0,0.0,0.0,0.0,0.0,0.0,0.0,0.0,-0.0,-2.004,-2.004,-0.0,0.0,0.0,0.0,0.0,3367.0,-0.0,0.0,0.0,0.0,-0.0,2.7184274988523002e+23,0.0,0.0,0.0,0.0,0,-126841012224.0,-71.629,0.0,0.0,0.0,0.0,0.0,0.0,0.0,0,0,0,0.0,0.0,0.0,0.0,0.0,0.0,0.0,0.0,0.0,0.0,0.0,0.0,0.0,0.0,0.0,0.0,0,-107875648.0,0,0.0,0,-107875648.0,-107877712.0,0,0,17039,13107,17053,39322,17037,0,0,0,110,100,100,0.0,64.0,0.0,64.9,-107615304.0,68.5,1,49,50,180,0,13107,0,0,0.0,0.0,0.0,0.0,0.0,65.5,0.0,-0.0,0.0,645,0,686,0,0,0,715,0,786,0,707,0,689,0,645,0,641,0,618,0.032,36962304.0,-0.0,0.0,64784,16788,0.0,-0.0,1.19487484823339e+17,-0.0,-0.0,-39744.512,29.0,60.0,70,0.0,0.0,0.0,0.0,0.0,0.0,0.0,0.0,0.0,0.0,0.0,0.0,0.0,0.0,0.0,0.0,59.6,68,11,65509,41,65476,0,300,0,0,8,20529,65476,0,0,61604,60.0,0.0,0.0,0.0,0.0,0.0
2026-04-04T11:41:12,ERR,ERR,ERR,ERR,ERR,ERR,ERR,ERR,ERR,ERR,ERR,ERR,ERR,ERR,ERR,ERR,ERR,ERR,ERR,ERR,ERR,ERR,ERR,ERR,ERR,ERR,ERR,ERR,ERR,ERR,ERR,ERR,ERR,ERR,ERR,ERR,ERR,ERR,ERR,ERR,ERR,ERR,ERR,ERR,ERR,ERR,ERR,ERR,ERR,ERR,ERR,ERR,ERR,ERR,ERR,ERR,ERR,ERR,ERR,ERR,ERR,ERR,ERR,ERR,ERR,ERR,ERR,ERR,ERR,ERR,ERR,ERR,ERR,ERR,ERR,ERR,ERR,ERR,ERR,ERR,ERR,ERR,ERR,ERR,ERR,ERR,ERR,ERR,ERR,ERR,ERR,ERR,ERR,ERR,ERR,ERR,ERR,ERR,ERR,ERR,ERR,ERR,ERR,ERR,ERR,ERR,ERR,ERR,ERR,ERR,ERR,ERR,ERR,ERR,ERR,ERR,ERR,ERR,ERR,ERR,ERR,ERR,ERR,ERR,ERR,0.0,0.0,-0.0,0.0,0.0,0.0,0.0,nan,0,0,0,32768,0,0.0,0,0.0,0.0,0.0,0.0,0.0,0,0,0,0,0.0,0,0,0,0,0,0,0,0,0,0,0,0,0,0,0,0,0,0,0,0,0,0,0,0,0,0,0,0,0,0,0,0,0,0,0,0,0,0,0,0,0,0,0,0,0.0,0.0,0.0,0.0,0.0,0.0,0.0,0.0,0.0,0.0,0.0,0.0,0.0,0.0,0.0,0.0,0.0,0.0,0.0,0.0,0.0,0.0,-0.0,-2.004,-2.004,-0.0,0.0,0.0,0.0,0.0,3367.0,-0.0,0.0,0.0,0.0,-0.0,2.7184274988523002e+23,0.0,0.0,0.0,0.0,0,-126841012224.0,-71.629,0.0,0.0,0.0,0.0,0.0,0.0,0.0,0,0,0,0.0,0.0,0.0,0.0,0.0,0.0,0.0,0.0,0.0,0.0,0.0,0.0,0.0,0.0,0.0,0.0,0,-107875648.0,0,0.0,0,-107875648.0,-107877712.0,0,0,17039,13107,17053,26215,17037,0,0,0,110,100,100,0.0,64.0,0.0,64.9,-107615304.0,68.5,1,49,50,180,0,13107,0,0,0.0,0.0,0.0,0.0,0.0,65.5,0.0,0.0,0.0,645,0,686,0,0,0,715,0,786,0,707,0,689,0,645,0,641,0,618,0.032,36962304.0,-0.0,0.0,912,16789,-2.050464396567888e+38,-2.1302016714330818e+27,0.0,-0.0,-0.0,-0.0,29.0,60.0,70,0.0,0.0,0.0,0.0,0.0,0.0,0.0,0.0,0.0,0.0,0.0,0.0,0.0,0.0,0.0,0.0,59.2,68,11,65509,41,65476,0,300,0,0,8,20529,65476,0,0,61604,60.0,0.0,0.0,0.0,0.0,0.0
2026-04-04T11:41:13,ERR,ERR,ERR,ERR,ERR,ERR,ERR,ERR,ERR,ERR,ERR,ERR,ERR,ERR,ERR,ERR,ERR,ERR,ERR,ERR,ERR,ERR,ERR,ERR,ERR,ERR,ERR,ERR,ERR,ERR,ERR,ERR,ERR,ERR,ERR,ERR,ERR,ERR,ERR,ERR,ERR,ERR,ERR,ERR,ERR,ERR,ERR,ERR,ERR,ERR,ERR,ERR,ERR,ERR,ERR,ERR,ERR,ERR,ERR,ERR,ERR,ERR,ERR,ERR,ERR,ERR,ERR,ERR,ERR,ERR,ERR,ERR,ERR,ERR,ERR,ERR,ERR,ERR,ERR,ERR,ERR,ERR,ERR,ERR,ERR,ERR,ERR,ERR,ERR,ERR,ERR,ERR,ERR,ERR,ERR,ERR,ERR,ERR,ERR,ERR,ERR,ERR,ERR,ERR,ERR,ERR,ERR,ERR,ERR,ERR,ERR,ERR,ERR,ERR,ERR,ERR,ERR,ERR,ERR,ERR,ERR,ERR,ERR,ERR,ERR,0.0,0.0,-0.0,0.0,0.0,0.0,0.0,nan,0,0,0,32768,0,0.0,0,0.0,0.0,0.0,0.0,0.0,0,0,0,0,0.0,0,0,0,0,0,0,0,0,0,0,0,0,0,0,0,0,0,0,0,0,0,0,0,0,0,0,0,0,0,0,0,0,0,0,0,0,0,0,0,0,0,0,0,0,0.0,0.0,0.0,0.0,0.0,0.0,0.0,0.0,0.0,0.0,0.0,0.0,0.0,0.0,0.0,0.0,0.0,0.0,0.0,0.0,0.0,0.0,-0.0,-2.004,-2.004,-0.0,0.0,0.0,0.0,0.0,3367.0,-0.0,0.0,0.0,0.0,-0.0,2.7184274988523002e+23,0.0,0.0,0.0,0.0,0,-126841012224.0,-71.629,0.0,0.0,0.0,0.0,0.0,0.0,0.0,0,0,0,0.0,0.0,0.0,0.0,0.0,0.0,0.0,0.0,0.0,0.0,0.0,0.0,0.0,0.0,0.0,0.0,0,-107875648.0,0,0.0,0,-107875648.0,-107877712.0,0,0,17039,13107,17053,26215,17037,0,0,0,110,100,100,0.0,64.0,0.0,64.9,-107615304.0,68.5,1,49,50,180,0,13107,0,0,0.0,0.0,0.0,0.0,0.0,65.5,0.0,0.0,0.0,645,0,686,0,0,0,715,0,786,0,707,0,689,0,645,0,641,0,618,0.032,36962304.0,-0.0,0.0,912,16789,-2.050464396567888e+38,-2.1302016714330818e+27,0.0,-0.0,-0.0,-0.0,29.0,60.0,70,0.0,0.0,0.0,0.0,0.0,0.0,0.0,0.0,0.0,0.0,0.0,0.0,0.0,0.0,0.0,0.0,59.2,68,11,65509,41,65476,0,300,0,0,8,20529,65476,0,0,61604,60.0,0.0,0.0,0.0,0.0,0.0
2026-04-04T11:41:14,ERR,ERR,ERR,ERR,ERR,ERR,ERR,ERR,ERR,ERR,ERR,ERR,ERR,ERR,ERR,ERR,ERR,ERR,ERR,ERR,ERR,ERR,ERR,ERR,ERR,ERR,ERR,ERR,ERR,ERR,ERR,ERR,ERR,ERR,ERR,ERR,ERR,ERR,ERR,ERR,ERR,ERR,ERR,ERR,ERR,ERR,ERR,ERR,ERR,ERR,ERR,ERR,ERR,ERR,ERR,ERR,ERR,ERR,ERR,ERR,ERR,ERR,ERR,ERR,ERR,ERR,ERR,ERR,ERR,ERR,ERR,ERR,ERR,ERR,ERR,ERR,ERR,ERR,ERR,ERR,ERR,ERR,ERR,ERR,ERR,ERR,ERR,ERR,ERR,ERR,ERR,ERR,ERR,ERR,ERR,ERR,ERR,ERR,ERR,ERR,ERR,ERR,ERR,ERR,ERR,ERR,ERR,ERR,ERR,ERR,ERR,ERR,ERR,ERR,ERR,ERR,ERR,ERR,ERR,ERR,ERR,ERR,ERR,ERR,ERR,0.0,0.0,-0.0,0.0,0.0,0.0,0.0,nan,0,0,0,32768,0,0.0,0,0.0,0.0,0.0,0.0,0.0,0,0,0,0,0.0,0,0,0,0,0,0,0,0,0,0,0,0,0,0,0,0,0,0,0,0,0,0,0,0,0,0,0,0,0,0,0,0,0,0,0,0,0,0,0,0,0,0,0,0,0.0,0.0,0.0,0.0,0.0,0.0,0.0,0.0,0.0,0.0,0.0,0.0,0.0,0.0,0.0,0.0,0.0,0.0,0.0,0.0,0.0,0.0,-0.0,-2.004,-2.004,-0.0,0.0,0.0,0.0,0.0,3367.0,-0.0,0.0,0.0,0.0,-0.0,2.7184274988523002e+23,0.0,0.0,0.0,0.0,0,-126841012224.0,-71.629,0.0,0.0,0.0,0.0,0.0,0.0,0.0,0,0,0,0.0,0.0,0.0,0.0,0.0,0.0,0.0,0.0,0.0,0.0,0.0,0.0,0.0,0.0,0.0,0.0,0,-107875648.0,0,0.0,0,-107875648.0,-107877712.0,0,0,17039,13107,17053,26215,17037,0,0,0,110,100,100,0.0,64.0,0.0,64.9,-107615304.0,68.5,1,49,50,180,0,13107,0,0,0.0,0.0,0.0,0.0,0.0,65.5,0.0,0.0,0.0,645,0,686,0,0,0,715,0,786,0,707,0,689,0,645,0,641,0,618,0.032,36962304.0,-0.0,0.0,912,16789,-2.050464396567888e+38,-2.1302016714330818e+27,0.0,-0.0,-0.0,-0.0,29.0,60.0,70,0.0,0.0,0.0,0.0,0.0,0.0,0.0,0.0,0.0,0.0,0.0,0.0,0.0,0.0,0.0,0.0,59.2,68,11,65509,41,65476,0,300,0,0,8,20529,65476,0,0,61604,60.0,0.0,0.0,0.0,0.0,0.0
2026-04-04T11:41:15,ERR,ERR,ERR,ERR,ERR,ERR,ERR,ERR,ERR,ERR,ERR,ERR,ERR,ERR,ERR,ERR,ERR,ERR,ERR,ERR,ERR,ERR,ERR,ERR,ERR,ERR,ERR,ERR,ERR,ERR,ERR,ERR,ERR,ERR,ERR,ERR,ERR,ERR,ERR,ERR,ERR,ERR,ERR,ERR,ERR,ERR,ERR,ERR,ERR,ERR,ERR,ERR,ERR,ERR,ERR,ERR,ERR,ERR,ERR,ERR,ERR,ERR,ERR,ERR,ERR,ERR,ERR,ERR,ERR,ERR,ERR,ERR,ERR,ERR,ERR,ERR,ERR,ERR,ERR,ERR,ERR,ERR,ERR,ERR,ERR,ERR,ERR,ERR,ERR,ERR,ERR,ERR,ERR,ERR,ERR,ERR,ERR,ERR,ERR,ERR,ERR,ERR,ERR,ERR,ERR,ERR,ERR,ERR,ERR,ERR,ERR,ERR,ERR,ERR,ERR,ERR,ERR,ERR,ERR,ERR,ERR,ERR,ERR,ERR,ERR,0.0,-0.0,-101055584.0,0.0,0.0,0.0,0.0,nan,0,0,0,32768,0,0.0,0,0.0,0.0,0.0,0.0,0.0,0,0,0,0,0.0,0,0,0,0,0,0,0,0,0,0,0,0,0,0,0,0,0,0,0,0,0,0,0,0,0,0,0,0,0,0,0,0,0,0,0,0,0,0,0,0,0,0,0,0,0.0,0.0,0.0,0.0,0.0,0.0,0.0,0.0,0.0,0.0,0.0,0.0,0.0,0.0,0.0,0.0,0.0,0.0,0.0,0.0,0.0,0.0,-0.0,-2.004,-2.004,-0.0,0.0,0.0,0.0,0.0,3367.5,-8608106496.0,0.0,0.0,0.0,-0.0,2.7184274988523002e+23,0.0,0.0,0.0,0.0,0,-126841012224.0,-3.2219784175415904e+26,0.0,0.0,0.0,0.0,0.0,0.0,0.0,0,0,0,0.0,0.0,0.0,0.0,0.0,0.0,0.0,0.0,0.0,0.0,0.0,0.0,0.0,0.0,0.0,0.0,0,-107875648.0,0,0.0,0,-107875648.0,-107877712.0,0,0,17039,13107,17053,26215,17037,0,0,0,110,100,100,0.0,64.0,0.0,64.9,-107615304.0,68.5,1,49,50,180,0,13107,0,0,0.0,0.0,0.0,0.0,0.0,65.5,0.0,0.0,0.0,645,0,686,0,0,0,715,0,786,0,707,0,689,0,645,0,641,0,618,0.032,36962304.0,-0.0,0.0,912,16789,-2.050464396567888e+38,-2.1302016714330818e+27,0.0,-0.0,-0.0,-0.0,29.0,60.0,70,0.0,0.0,0.0,0.0,0.0,0.0,0.0,0.0,0.0,0.0,0.0,0.0,0.0,0.0,0.0,0.0,59.2,68,11,65509,41,65476,0,300,0,0,8,20529,65476,0,0,61604,60.0,0.0,0.0,0.0,0.0,0.0
2026-04-04T11:41:16,ERR,ERR,ERR,ERR,ERR,ERR,ERR,ERR,ERR,ERR,ERR,ERR,ERR,ERR,ERR,ERR,ERR,ERR,ERR,ERR,ERR,ERR,ERR,ERR,ERR,ERR,ERR,ERR,ERR,ERR,ERR,ERR,ERR,ERR,ERR,ERR,ERR,ERR,ERR,ERR,ERR,ERR,ERR,ERR,ERR,ERR,ERR,ERR,ERR,ERR,ERR,ERR,ERR,ERR,ERR,ERR,ERR,ERR,ERR,ERR,ERR,ERR,ERR,ERR,ERR,ERR,ERR,ERR,ERR,ERR,ERR,ERR,ERR,ERR,ERR,ERR,ERR,ERR,ERR,ERR,ERR,ERR,ERR,ERR,ERR,ERR,ERR,ERR,ERR,ERR,ERR,ERR,ERR,ERR,ERR,ERR,ERR,ERR,ERR,ERR,ERR,ERR,ERR,ERR,ERR,ERR,ERR,ERR,ERR,ERR,ERR,ERR,ERR,ERR,ERR,ERR,ERR,ERR,ERR,ERR,ERR,ERR,ERR,ERR,ERR,0.0,-0.0,-101055584.0,0.0,0.0,0.0,0.0,nan,0,0,0,32768,0,0.0,0,0.0,0.0,0.0,0.0,0.0,0,0,0,0,0.0,0,0,0,0,0,0,0,0,0,0,0,0,0,0,0,0,0,0,0,0,0,0,0,0,0,0,0,0,0,0,0,0,0,0,0,0,0,0,0,0,0,0,0,0,0.0,0.0,0.0,0.0,0.0,0.0,0.0,0.0,0.0,0.0,0.0,0.0,0.0,0.0,0.0,0.0,0.0,0.0,0.0,0.0,0.0,0.0,-0.0,-2.004,-2.004,-0.0,0.0,0.0,0.0,0.0,3367.5,-8608106496.0,0.0,0.0,0.0,-0.0,2.7184274988523002e+23,0.0,0.0,0.0,0.0,0,-126841012224.0,-3.2219784175415904e+26,0.0,0.0,0.0,0.0,0.0,0.0,0.0,0,0,0,0.0,0.0,0.0,0.0,0.0,0.0,0.0,0.0,0.0,0.0,0.0,0.0,0.0,0.0,0.0,0.0,0,-107875648.0,0,0.0,0,-107875648.0,-107877712.0,0,0,17039,13107,17053,26215,17037,0,0,0,110,100,100,0.0,64.0,0.0,64.9,-107615304.0,68.5,1,49,50,180,0,13107,0,0,0.0,0.0,0.0,0.0,0.0,65.5,0.0,0.0,0.0,645,0,686,0,0,0,715,0,786,0,707,0,689,0,645,0,641,0,618,0.032,36962304.0,-0.0,0.0,912,16789,-2.050464396567888e+38,-2.1302016714330818e+27,0.0,-0.0,-0.0,-0.0,29.0,60.0,70,0.0,0.0,0.0,0.0,0.0,0.0,0.0,0.0,0.0,0.0,0.0,0.0,0.0,0.0,0.0,0.0,59.2,68,11,65509,41,65476,0,300,0,0,8,20529,65476,0,0,61604,60.0,0.0,0.0,0.0,0.0,0.0
2026-04-04T11:41:17,ERR,ERR,ERR,ERR,ERR,ERR,ERR,ERR,ERR,ERR,ERR,ERR,ERR,ERR,ERR,ERR,ERR,ERR,ERR,ERR,ERR,ERR,ERR,ERR,ERR,ERR,ERR,ERR,ERR,ERR,ERR,ERR,ERR,ERR,ERR,ERR,ERR,ERR,ERR,ERR,ERR,ERR,ERR,ERR,ERR,ERR,ERR,ERR,ERR,ERR,ERR,ERR,ERR,ERR,ERR,ERR,ERR,ERR,ERR,ERR,ERR,ERR,ERR,ERR,ERR,ERR,ERR,ERR,ERR,ERR,ERR,ERR,ERR,ERR,ERR,ERR,ERR,ERR,ERR,ERR,ERR,ERR,ERR,ERR,ERR,ERR,ERR,ERR,ERR,ERR,ERR,ERR,ERR,ERR,ERR,ERR,ERR,ERR,ERR,ERR,ERR,ERR,ERR,ERR,ERR,ERR,ERR,ERR,ERR,ERR,ERR,ERR,ERR,ERR,ERR,ERR,ERR,ERR,ERR,ERR,ERR,ERR,ERR,ERR,ERR,0.0,-0.0,-101055584.0,0.0,0.0,0.0,0.0,nan,0,0,0,32768,0,0.0,0,0.0,0.0,0.0,0.0,0.0,0,0,0,0,0.0,0,0,0,0,0,0,0,0,0,0,0,0,0,0,0,0,0,0,0,0,0,0,0,0,0,0,0,0,0,0,0,0,0,0,0,0,0,0,0,0,0,0,0,0,0.0,0.0,0.0,0.0,0.0,0.0,0.0,0.0,0.0,0.0,0.0,0.0,0.0,0.0,0.0,0.0,0.0,0.0,0.0,0.0,0.0,0.0,-0.0,-2.004,-2.004,-0.0,0.0,0.0,0.0,0.0,3367.5,-8608106496.0,0.0,0.0,0.0,-0.0,2.7184274988523002e+23,0.0,0.0,0.0,0.0,0,-126841012224.0,-3.2219784175415904e+26,0.0,0.0,0.0,0.0,0.0,0.0,0.0,0,0,0,0.0,0.0,0.0,0.0,0.0,0.0,0.0,0.0,0.0,0.0,0.0,0.0,0.0,0.0,0.0,0.0,0,-107875648.0,0,0.0,0,-107875648.0,-107877712.0,0,0,17039,13107,17053,26215,17037,0,0,0,110,100,100,0.0,64.0,0.0,64.9,-107615304.0,68.5,1,49,50,180,0,13107,0,0,0.0,0.0,0.0,0.0,0.0,65.5,0.0,0.0,0.0,645,0,686,0,0,0,715,0,786,0,707,0,689,0,645,0,641,0,618,0.032,36962304.0,-0.0,0.0,912,16789,-2.050464396567888e+38,-2.1302016714330818e+27,0.0,-0.0,-0.0,-0.0,29.0,60.0,70,0.0,0.0,0.0,0.0,0.0,0.0,0.0,0.0,0.0,0.0,0.0,0.0,0.0,0.0,0.0,0.0,59.2,68,11,65509,41,65476,0,300,0,0,8,20529,65476,0,0,61604,60.0,0.0,0.0,0.0,0.0,0.0
2026-04-04T11:41:18,ERR,ERR,ERR,ERR,ERR,ERR,ERR,ERR,ERR,ERR,ERR,ERR,ERR,ERR,ERR,ERR,ERR,ERR,ERR,ERR,ERR,ERR,ERR,ERR,ERR,ERR,ERR,ERR,ERR,ERR,ERR,ERR,ERR,ERR,ERR,ERR,ERR,ERR,ERR,ERR,ERR,ERR,ERR,ERR,ERR,ERR,ERR,ERR,ERR,ERR,ERR,ERR,ERR,ERR,ERR,ERR,ERR,ERR,ERR,ERR,ERR,ERR,ERR,ERR,ERR,ERR,ERR,ERR,ERR,ERR,ERR,ERR,ERR,ERR,ERR,ERR,ERR,ERR,ERR,ERR,ERR,ERR,ERR,ERR,ERR,ERR,ERR,ERR,ERR,ERR,ERR,ERR,ERR,ERR,ERR,ERR,ERR,ERR,ERR,ERR,ERR,ERR,ERR,ERR,ERR,ERR,ERR,ERR,ERR,ERR,ERR,ERR,ERR,ERR,ERR,ERR,ERR,ERR,ERR,ERR,ERR,ERR,ERR,ERR,ERR,0.0,-0.0,-101055584.0,0.0,0.0,0.0,0.0,nan,0,0,0,32768,0,0.0,0,0.0,0.0,0.0,0.0,0.0,0,0,0,0,0.0,0,0,0,0,0,0,0,0,0,0,0,0,0,0,0,0,0,0,0,0,0,0,0,0,0,0,0,0,0,0,0,0,0,0,0,0,0,0,0,0,0,0,0,0,0.0,0.0,0.0,0.0,0.0,0.0,0.0,0.0,0.0,0.0,0.0,0.0,0.0,0.0,0.0,0.0,0.0,0.0,0.0,0.0,0.0,0.0,-0.0,-2.004,-2.004,-0.0,0.0,0.0,0.0,0.0,3367.5,-8608106496.0,0.0,0.0,0.0,-0.0,2.7184274988523002e+23,0.0,0.0,0.0,0.0,0,-126841012224.0,-3.2219784175415904e+26,0.0,0.0,0.0,0.0,0.0,0.0,0.0,0,0,0,0.0,0.0,0.0,0.0,0.0,0.0,0.0,0.0,0.0,0.0,0.0,0.0,0.0,0.0,0.0,0.0,0,-107875648.0,0,0.0,0,-107875648.0,-107877712.0,0,52429,17038,13107,17053,26215,17037,0,0,0,110,100,100,0.0,64.0,0.0,64.9,-107615304.0,68.5,1,49,50,180,0,13107,0,0,0.0,0.0,0.0,0.0,-1.8898686352036384e+28,65.0,0.0,-0.0,0.0,645,0,686,0,0,0,715,0,786,0,707,0,689,0,645,0,640,0,618,0.032,37224448.0,-0.0,0.0,45968,16788,-2.911058587516923e+35,-0.0,-8.7232179392539e+37,29.656,6.117174522022711e+22,1.0664237369845875e+32,29.0,60.0,70,0.0,0.0,0.0,0.0,0.0,0.0,0.0,0.0,0.0,0.0,0.0,0.0,0.0,0.0,0.0,0.0,59.2,68,11,65509,41,65476,0,300,0,0,8,20529,65476,0,0,61604,60.0,0.0,0.0,0.0,0.0,0.0
2026-04-04T11:41:19,ERR,ERR,ERR,ERR,ERR,ERR,ERR,ERR,ERR,ERR,ERR,ERR,ERR,ERR,ERR,ERR,ERR,ERR,ERR,ERR,ERR,ERR,ERR,ERR,ERR,ERR,ERR,ERR,ERR,ERR,ERR,ERR,ERR,ERR,ERR,ERR,ERR,ERR,ERR,ERR,ERR,ERR,ERR,ERR,ERR,ERR,ERR,ERR,ERR,ERR,ERR,ERR,ERR,ERR,ERR,ERR,ERR,ERR,ERR,ERR,ERR,ERR,ERR,ERR,ERR,ERR,ERR,ERR,ERR,ERR,ERR,ERR,ERR,ERR,ERR,ERR,ERR,ERR,ERR,ERR,ERR,ERR,ERR,ERR,ERR,ERR,ERR,ERR,ERR,ERR,ERR,ERR,ERR,ERR,ERR,ERR,ERR,ERR,ERR,ERR,ERR,ERR,ERR,ERR,ERR,ERR,ERR,ERR,ERR,ERR,ERR,ERR,ERR,ERR,ERR,ERR,ERR,ERR,ERR,ERR,ERR,ERR,ERR,ERR,ERR,0.0,-0.0,-101055584.0,0.0,0.0,0.0,0.0,nan,0,0,0,32768,0,0.0,0,0.0,0.0,0.0,0.0,0.0,0,0,0,0,0.0,0,0,0,0,0,0,0,0,0,0,0,0,0,0,0,0,0,0,0,0,0,0,0,0,0,0,0,0,0,0,0,0,0,0,0,0,0,0,0,0,0,0,0,0,0.0,0.0,0.0,0.0,0.0,0.0,0.0,0.0,0.0,0.0,0.0,0.0,0.0,0.0,0.0,0.0,0.0,0.0,0.0,0.0,0.0,0.0,-0.0,-2.004,-2.004,-0.0,0.0,0.0,0.0,0.0,3367.5,-8608106496.0,0.0,0.0,0.0,-0.0,2.7184274988523002e+23,0.0,0.0,0.0,0.0,0,-126841012224.0,-3.2219784175415904e+26,0.0,0.0,0.0,0.0,0.0,0.0,0.0,0,0,0,0.0,0.0,0.0,0.0,0.0,0.0,0.0,0.0,0.0,0.0,0.0,0.0,0.0,0.0,0.0,0.0,0,-107875648.0,0,0.0,0,-107875648.0,-107877712.0,0,52429,17038,13107,17053,26215,17037,0,0,0,110,100,100,0.0,64.0,0.0,64.9,-107615304.0,68.5,1,49,50,180,0,13107,0,0,0.0,0.0,0.0,0.0,-1.8898686352036384e+28,65.0,0.0,-0.0,0.0,645,0,686,0,0,0,715,0,786,0,707,0,689,0,645,0,640,0,618,0.032,37224448.0,-0.0,0.0,45968,16788,-2.911058587516923e+35,-0.0,-8.7232179392539e+37,29.656,6.117174522022711e+22,1.0664237369845875e+32,29.0,60.0,70,0.0,0.0,0.0,0.0,0.0,0.0,0.0,0.0,0.0,0.0,0.0,0.0,0.0,0.0,0.0,0.0,59.2,68,11,65509,41,65476,0,300,0,0,8,20529,65476,0,0,61604,60.0,0.0,0.0,0.0,0.0,0.0
2026-04-04T11:41:20,ERR,ERR,ERR,ERR,ERR,ERR,ERR,ERR,ERR,ERR,ERR,ERR,ERR,ERR,ERR,ERR,ERR,ERR,ERR,ERR,ERR,ERR,ERR,ERR,ERR,ERR,ERR,ERR,ERR,ERR,ERR,ERR,ERR,ERR,ERR,ERR,ERR,ERR,ERR,ERR,ERR,ERR,ERR,ERR,ERR,ERR,ERR,ERR,ERR,ERR,ERR,ERR,ERR,ERR,ERR,ERR,ERR,ERR,ERR,ERR,ERR,ERR,ERR,ERR,ERR,ERR,ERR,ERR,ERR,ERR,ERR,ERR,ERR,ERR,ERR,ERR,ERR,ERR,ERR,ERR,ERR,ERR,ERR,ERR,ERR,ERR,ERR,ERR,ERR,ERR,ERR,ERR,ERR,ERR,ERR,ERR,ERR,ERR,ERR,ERR,ERR,ERR,ERR,ERR,ERR,ERR,ERR,ERR,ERR,ERR,ERR,ERR,ERR,ERR,ERR,ERR,ERR,ERR,ERR,ERR,ERR,ERR,ERR,ERR,ERR,0.0,-0.0,-101055584.0,0.0,0.0,0.0,0.0,nan,0,0,0,32768,0,0.0,0,0.0,0.0,0.0,0.0,0.0,0,0,0,0,0.0,0,0,0,0,0,0,0,0,0,0,0,0,0,0,0,0,0,0,0,0,0,0,0,0,0,0,0,0,0,0,0,0,0,0,0,0,0,0,0,0,0,0,0,0,0.0,0.0,0.0,0.0,0.0,0.0,0.0,0.0,0.0,0.0,0.0,0.0,0.0,0.0,0.0,0.0,0.0,0.0,0.0,0.0,0.0,0.0,-0.0,-2.004,-2.004,-0.0,0.0,0.0,0.0,0.0,3367.5,-8608106496.0,0.0,0.0,0.0,-0.0,2.7184274988523002e+23,0.0,0.0,0.0,0.0,0,-126841012224.0,-3.2219784175415904e+26,0.0,0.0,0.0,0.0,0.0,0.0,0.0,0,0,0,0.0,0.0,0.0,0.0,0.0,0.0,0.0,0.0,0.0,0.0,0.0,0.0,0.0,0.0,0.0,0.0,0,-107875648.0,0,0.0,0,-107875648.0,-107877712.0,0,52429,17038,13107,17053,26215,17037,0,0,0,110,100,100,0.0,64.0,0.0,64.9,-107615304.0,68.5,1,49,50,180,0,13107,0,0,0.0,0.0,0.0,0.0,-1.8898686352036384e+28,65.0,0.0,-0.0,0.0,645,0,686,0,0,0,715,0,786,0,707,0,689,0,645,0,640,0,618,0.032,37224448.0,-0.0,0.0,45968,16788,-2.911058587516923e+35,-0.0,-8.7232179392539e+37,29.656,6.117174522022711e+22,1.0664237369845875e+32,29.0,60.0,70,0.0,0.0,0.0,0.0,0.0,0.0,0.0,0.0,0.0,0.0,0.0,0.0,0.0,0.0,0.0,0.0,59.6,68,11,65509,41,65476,0,300,0,0,8,20529,65476,0,0,61604,60.0,0.0,0.0,0.0,0.0,0.0
2026-04-04T11:41:21,ERR,ERR,ERR,ERR,ERR,ERR,ERR,ERR,ERR,ERR,ERR,ERR,ERR,ERR,ERR,ERR,ERR,ERR,ERR,ERR,ERR,ERR,ERR,ERR,ERR,ERR,ERR,ERR,ERR,ERR,ERR,ERR,ERR,ERR,ERR,ERR,ERR,ERR,ERR,ERR,ERR,ERR,ERR,ERR,ERR,ERR,ERR,ERR,ERR,ERR,ERR,ERR,ERR,ERR,ERR,ERR,ERR,ERR,ERR,ERR,ERR,ERR,ERR,ERR,ERR,ERR,ERR,ERR,ERR,ERR,ERR,ERR,ERR,ERR,ERR,ERR,ERR,ERR,ERR,ERR,ERR,ERR,ERR,ERR,ERR,ERR,ERR,ERR,ERR,ERR,ERR,ERR,ERR,ERR,ERR,ERR,ERR,ERR,ERR,ERR,ERR,ERR,ERR,ERR,ERR,ERR,ERR,ERR,ERR,ERR,ERR,ERR,ERR,ERR,ERR,ERR,ERR,ERR,ERR,ERR,ERR,ERR,ERR,ERR,ERR,0.0,-0.0,-101055584.0,0.0,0.0,0.0,0.0,nan,0,0,0,32768,0,0.0,0,0.0,0.0,0.0,0.0,0.0,0,0,0,0,0.0,0,0,0,0,0,0,0,0,0,0,0,0,0,0,0,0,0,0,0,0,0,0,0,0,0,0,0,0,0,0,0,0,0,0,0,0,0,0,0,0,0,0,0,0,0.0,0.0,0.0,0.0,0.0,0.0,0.0,0.0,0.0,0.0,0.0,0.0,0.0,0.0,0.0,0.0,0.0,0.0,0.0,0.0,0.0,0.0,-0.0,-2.004,-2.004,-0.0,0.0,0.0,0.0,0.0,3367.5,-8608106496.0,0.0,0.0,0.0,-0.0,2.7184274988523002e+23,0.0,0.0,0.0,0.0,0,-126841012224.0,-3.2219784175415904e+26,0.0,0.0,0.0,0.0,0.0,0.0,0.0,0,0,0,0.0,0.0,0.0,0.0,0.0,0.0,0.0,0.0,0.0,0.0,0.0,0.0,0.0,0.0,0.0,0.0,0,-107875648.0,0,0.0,0,-107875648.0,-107877712.0,0,52429,17038,13107,17053,26215,17037,0,0,0,110,100,100,0.0,64.0,0.0,64.9,-107615304.0,68.5,1,49,50,180,0,13107,0,0,0.0,0.0,0.0,0.0,-1.8898686352036384e+28,65.0,0.0,-0.0,0.0,645,0,686,0,0,0,715,0,786,0,707,0,689,0,645,0,640,0,618,0.032,37224448.0,-0.0,0.0,45968,16788,-2.911058587516923e+35,-0.0,-8.7232179392539e+37,29.656,6.117174522022711e+22,1.0664237369845875e+32,29.0,60.0,70,0.0,0.0,0.0,0.0,0.0,0.0,0.0,0.0,0.0,0.0,0.0,0.0,0.0,0.0,0.0,0.0,59.6,68,11,65509,41,65476,0,300,0,0,8,20529,65476,0,0,61604,60.0,0.0,0.0,0.0,0.0,0.0
2026-04-04T11:41:22,ERR,ERR,ERR,ERR,ERR,ERR,ERR,ERR,ERR,ERR,ERR,ERR,ERR,ERR,ERR,ERR,ERR,ERR,ERR,ERR,ERR,ERR,ERR,ERR,ERR,ERR,ERR,ERR,ERR,ERR,ERR,ERR,ERR,ERR,ERR,ERR,ERR,ERR,ERR,ERR,ERR,ERR,ERR,ERR,ERR,ERR,ERR,ERR,ERR,ERR,ERR,ERR,ERR,ERR,ERR,ERR,ERR,ERR,ERR,ERR,ERR,ERR,ERR,ERR,ERR,ERR,ERR,ERR,ERR,ERR,ERR,ERR,ERR,ERR,ERR,ERR,ERR,ERR,ERR,ERR,ERR,ERR,ERR,ERR,ERR,ERR,ERR,ERR,ERR,ERR,ERR,ERR,ERR,ERR,ERR,ERR,ERR,ERR,ERR,ERR,ERR,ERR,ERR,ERR,ERR,ERR,ERR,ERR,ERR,ERR,ERR,ERR,ERR,ERR,ERR,ERR,ERR,ERR,ERR,ERR,ERR,ERR,ERR,ERR,ERR,0.0,-0.0,-101055584.0,0.0,0.0,0.0,0.0,nan,0,0,0,32768,0,0.0,0,0.0,0.0,0.0,0.0,0.0,0,0,0,0,0.0,0,0,0,0,0,0,0,0,0,0,0,0,0,0,0,0,0,0,0,0,0,0,0,0,0,0,0,0,0,0,0,0,0,0,0,0,0,0,0,0,0,0,0,0,0.0,0.0,0.0,0.0,0.0,0.0,0.0,0.0,0.0,0.0,0.0,0.0,0.0,0.0,0.0,0.0,0.0,0.0,0.0,0.0,0.0,0.0,-0.0,-0.0,-2.004,-0.0,0.0,0.0,0.0,0.0,3366.0,-0.0,0.0,0.0,-0.0,-0.0,2.7184274988523002e+23,0.0,0.0,0.0,0.0,0,-89221.016,-71.629,0.0,0.0,0.0,0.0,0.0,0.0,0.0,0,0,0,0.0,0.0,0.0,0.0,0.0,0.0,0.0,0.0,0.0,0.0,0.0,0.0,0.0,0.0,0.0,0.0,0,-107875648.0,0,0.0,0,-107875648.0,-107877712.0,0,0,17039,13107,17053,26215,17037,0,0,0,110,100,100,0.0,64.0,0.0,64.9,-107615304.0,68.5,1,49,50,180,0,13107,0,0,0.0,0.0,0.0,0.0,-5.080893986415297e+30,65.0,0.0,0.0,0.0,645,0,686,0,0,0,714,0,786,0,707,0,689,0,645,0,641,0,618,0.032,36700160.0,-0.0,0.0,50576,16788,-9.066157230844482e+36,0.0,4936.077,2.0329637828958224e+24,-0.0,-0.0,29.0,60.0,70,0.0,0.0,0.0,0.0,0.0,0.0,0.0,0.0,0.0,0.0,0.0,0.0,0.0,0.0,0.0,0.0,59.6,68,11,65509,41,65476,0,300,0,0,8,20529,65476,0,0,61604,60.0,0.0,0.0,0.0,0.0,0.0
2026-04-04T11:41:23,ERR,ERR,ERR,ERR,ERR,ERR,ERR,ERR,ERR,ERR,ERR,ERR,ERR,ERR,ERR,ERR,ERR,ERR,ERR,ERR,ERR,ERR,ERR,ERR,ERR,ERR,ERR,ERR,ERR,ERR,ERR,ERR,ERR,ERR,ERR,ERR,ERR,ERR,ERR,ERR,ERR,ERR,ERR,ERR,ERR,ERR,ERR,ERR,ERR,ERR,ERR,ERR,ERR,ERR,ERR,ERR,ERR,ERR,ERR,ERR,ERR,ERR,ERR,ERR,ERR,ERR,ERR,ERR,ERR,ERR,ERR,ERR,ERR,ERR,ERR,ERR,ERR,ERR,ERR,ERR,ERR,ERR,ERR,ERR,ERR,ERR,ERR,ERR,ERR,ERR,ERR,ERR,ERR,ERR,ERR,ERR,ERR,ERR,ERR,ERR,ERR,ERR,ERR,ERR,ERR,ERR,ERR,ERR,ERR,ERR,ERR,ERR,ERR,ERR,ERR,ERR,ERR,ERR,ERR,ERR,ERR,ERR,ERR,ERR,ERR,0.0,-0.0,-101055584.0,0.0,0.0,0.0,0.0,nan,0,0,0,32768,0,0.0,0,0.0,0.0,0.0,0.0,0.0,0,0,0,0,0.0,0,0,0,0,0,0,0,0,0,0,0,0,0,0,0,0,0,0,0,0,0,0,0,0,0,0,0,0,0,0,0,0,0,0,0,0,0,0,0,0,0,0,0,0,0.0,0.0,0.0,0.0,0.0,0.0,0.0,0.0,0.0,0.0,0.0,0.0,0.0,0.0,0.0,0.0,0.0,0.0,0.0,0.0,0.0,0.0,-0.0,-0.0,-2.004,-0.0,0.0,0.0,0.0,0.0,3366.0,-0.0,0.0,0.0,-0.0,-0.0,2.7184274988523002e+23,0.0,0.0,0.0,0.0,0,-89221.016,-71.629,0.0,0.0,0.0,0.0,0.0,0.0,0.0,0,0,0,0.0,0.0,0.0,0.0,0.0,0.0,0.0,0.0,0.0,0.0,0.0,0.0,0.0,0.0,0.0,0.0,0,-107875648.0,0,0.0,0,-107875648.0,-107877712.0,0,0,17039,13107,17053,26215,17037,0,0,0,110,100,100,0.0,64.0,0.0,64.9,-107615304.0,68.5,1,49,50,180,0,13107,0,0,0.0,0.0,0.0,0.0,-5.080893986415297e+30,65.0,0.0,0.0,0.0,645,0,686,0,0,0,714,0,786,0,707,0,689,0,645,0,641,0,618,0.032,36700160.0,-0.0,0.0,50576,16788,-9.066157230844482e+36,0.0,4936.077,2.0329637828958224e+24,-0.0,-0.0,29.0,60.0,70,0.0,0.0,0.0,0.0,0.0,0.0,0.0,0.0,0.0,0.0,0.0,0.0,0.0,0.0,0.0,0.0,59.6,68,11,65509,41,65476,0,300,0,0,8,20529,65476,0,0,61604,60.0,0.0,0.0,0.0,0.0,0.0
2026-04-04T11:41:24,ERR,ERR,ERR,ERR,ERR,ERR,ERR,ERR,ERR,ERR,ERR,ERR,ERR,ERR,ERR,ERR,ERR,ERR,ERR,ERR,ERR,ERR,ERR,ERR,ERR,ERR,ERR,ERR,ERR,ERR,ERR,ERR,ERR,ERR,ERR,ERR,ERR,ERR,ERR,ERR,ERR,ERR,ERR,ERR,ERR,ERR,ERR,ERR,ERR,ERR,ERR,ERR,ERR,ERR,ERR,ERR,ERR,ERR,ERR,ERR,ERR,ERR,ERR,ERR,ERR,ERR,ERR,ERR,ERR,ERR,ERR,ERR,ERR,ERR,ERR,ERR,ERR,ERR,ERR,ERR,ERR,ERR,ERR,ERR,ERR,ERR,ERR,ERR,ERR,ERR,ERR,ERR,ERR,ERR,ERR,ERR,ERR,ERR,ERR,ERR,ERR,ERR,ERR,ERR,ERR,ERR,ERR,ERR,ERR,ERR,ERR,ERR,ERR,ERR,ERR,ERR,ERR,ERR,ERR,ERR,ERR,ERR,ERR,ERR,ERR,0.0,-0.0,-101055584.0,0.0,0.0,0.0,0.0,nan,0,0,0,32768,0,0.0,0,0.0,0.0,0.0,0.0,0.0,0,0,0,0,0.0,0,0,0,0,0,0,0,0,0,0,0,0,0,0,0,0,0,0,0,0,0,0,0,0,0,0,0,0,0,0,0,0,0,0,0,0,0,0,0,0,0,0,0,0,0.0,0.0,0.0,0.0,0.0,0.0,0.0,0.0,0.0,0.0,0.0,0.0,0.0,0.0,0.0,0.0,0.0,0.0,0.0,0.0,0.0,0.0,-0.0,-0.0,-2.004,-0.0,0.0,0.0,0.0,0.0,3366.0,-0.0,0.0,0.0,-0.0,-0.0,2.7184274988523002e+23,0.0,0.0,0.0,0.0,0,-89221.016,-71.629,0.0,0.0,0.0,0.0,0.0,0.0,0.0,0,0,0,0.0,0.0,0.0,0.0,0.0,0.0,0.0,0.0,0.0,0.0,0.0,0.0,0.0,0.0,0.0,0.0,0,-107875648.0,0,0.0,0,-107875648.0,-107877712.0,0,0,17039,13107,17053,26215,17037,0,0,0,110,100,100,0.0,64.0,0.0,64.9,-107615304.0,68.5,1,49,50,180,0,13107,0,0,0.0,0.0,0.0,0.0,-5.080893986415297e+30,65.0,0.0,0.0,0.0,645,0,686,0,0,0,714,0,786,0,707,0,689,0,645,0,641,0,618,0.032,36700160.0,-0.0,0.0,50576,16788,-9.066157230844482e+36,0.0,4936.077,2.0329637828958224e+24,-0.0,-0.0,29.0,60.0,70,0.0,0.0,0.0,0.0,0.0,0.0,0.0,0.0,0.0,0.0,0.0,0.0,0.0,0.0,0.0,0.0,59.6,68,11,65509,41,65476,0,300,0,0,8,20529,65476,0,0,61604,60.0,0.0,0.0,0.0,0.0,0.0
2026-04-04T11:41:25,ERR,ERR,ERR,ERR,ERR,ERR,ERR,ERR,ERR,ERR,ERR,ERR,ERR,ERR,ERR,ERR,ERR,ERR,ERR,ERR,ERR,ERR,ERR,ERR,ERR,ERR,ERR,ERR,ERR,ERR,ERR,ERR,ERR,ERR,ERR,ERR,ERR,ERR,ERR,ERR,ERR,ERR,ERR,ERR,ERR,ERR,ERR,ERR,ERR,ERR,ERR,ERR,ERR,ERR,ERR,ERR,ERR,ERR,ERR,ERR,ERR,ERR,ERR,ERR,ERR,ERR,ERR,ERR,ERR,ERR,ERR,ERR,ERR,ERR,ERR,ERR,ERR,ERR,ERR,ERR,ERR,ERR,ERR,ERR,ERR,ERR,ERR,ERR,ERR,ERR,ERR,ERR,ERR,ERR,ERR,ERR,ERR,ERR,ERR,ERR,ERR,ERR,ERR,ERR,ERR,ERR,ERR,ERR,ERR,ERR,ERR,ERR,ERR,ERR,ERR,ERR,ERR,ERR,ERR,ERR,ERR,ERR,ERR,ERR,ERR,0.0,-0.0,-101055584.0,0.0,0.0,0.0,0.0,nan,0,0,0,32768,0,0.0,0,0.0,0.0,0.0,0.0,0.0,0,0,0,0,0.0,0,0,0,0,0,0,0,0,0,0,0,0,0,0,0,0,0,0,0,0,0,0,0,0,0,0,0,0,0,0,0,0,0,0,0,0,0,0,0,0,0,0,0,0,0.0,0.0,0.0,0.0,0.0,0.0,0.0,0.0,0.0,0.0,0.0,0.0,0.0,0.0,0.0,0.0,0.0,0.0,0.0,0.0,0.0,0.0,-0.0,-0.0,-2.004,-0.0,0.0,0.0,0.0,0.0,3366.0,-0.0,0.0,0.0,-0.0,-0.0,2.7184274988523002e+23,0.0,0.0,0.0,0.0,0,-89221.016,-71.629,0.0,0.0,0.0,0.0,0.0,0.0,0.0,0,0,0,0.0,0.0,0.0,0.0,0.0,0.0,0.0,0.0,0.0,0.0,0.0,0.0,0.0,0.0,0.0,0.0,0,-107875648.0,0,0.0,0,-107875648.0,-107877712.0,0,0,17039,13107,17053,26215,17037,0,0,0,110,100,100,0.0,64.0,0.0,64.9,-107615304.0,68.5,1,49,50,180,0,13107,0,0,0.0,0.0,0.0,0.0,-5.080893986415297e+30,65.0,0.0,0.0,0.0,645,0,686,0,0,0,714,0,786,0,707,0,689,0,645,0,641,0,618,0.032,36700160.0,-0.0,0.0,50576,16788,-9.066157230844482e+36,0.0,4936.077,2.0329637828958224e+24,-0.0,-0.0,29.0,60.0,70,0.0,0.0,0.0,0.0,0.0,0.0,0.0,0.0,0.0,0.0,0.0,0.0,0.0,0.0,0.0,0.0,59.2,68,11,65509,41,65476,0,300,0,0,8,20529,65476,0,0,61604,60.0,0.0,0.0,0.0,0.0,0.0
2026-04-04T11:41:26,ERR,ERR,ERR,ERR,ERR,ERR,ERR,ERR,ERR,ERR,ERR,ERR,ERR,ERR,ERR,ERR,ERR,ERR,ERR,ERR,ERR,ERR,ERR,ERR,ERR,ERR,ERR,ERR,ERR,ERR,ERR,ERR,ERR,ERR,ERR,ERR,ERR,ERR,ERR,ERR,ERR,ERR,ERR,ERR,ERR,ERR,ERR,ERR,ERR,ERR,ERR,ERR,ERR,ERR,ERR,ERR,ERR,ERR,ERR,ERR,ERR,ERR,ERR,ERR,ERR,ERR,ERR,ERR,ERR,ERR,ERR,ERR,ERR,ERR,ERR,ERR,ERR,ERR,ERR,ERR,ERR,ERR,ERR,ERR,ERR,ERR,ERR,ERR,ERR,ERR,ERR,ERR,ERR,ERR,ERR,ERR,ERR,ERR,ERR,ERR,ERR,ERR,ERR,ERR,ERR,ERR,ERR,ERR,ERR,ERR,ERR,ERR,ERR,ERR,ERR,ERR,ERR,ERR,ERR,ERR,ERR,ERR,ERR,ERR,ERR,0.0,-0.0,-101055584.0,0.0,0.0,0.0,0.0,nan,0,0,0,32768,0,0.0,0,0.0,0.0,0.0,0.0,0.0,0,0,0,0,0.0,0,0,0,0,0,0,0,0,0,0,0,0,0,0,0,0,0,0,0,0,0,0,0,0,0,0,0,0,0,0,0,0,0,0,0,0,0,0,0,0,0,0,0,0,0.0,0.0,0.0,0.0,0.0,0.0,0.0,0.0,0.0,0.0,0.0,0.0,0.0,0.0,0.0,0.0,0.0,0.0,0.0,0.0,0.0,0.0,-0.0,-0.0,-2.004,-0.0,0.0,0.0,0.0,0.0,3366.0,-0.0,0.0,0.0,-0.0,-0.0,2.7184274988523002e+23,0.0,0.0,0.0,0.0,0,-89221.016,-71.629,0.0,0.0,0.0,0.0,0.0,0.0,0.0,0,0,0,0.0,0.0,0.0,0.0,0.0,0.0,0.0,0.0,0.0,0.0,0.0,0.0,0.0,0.0,0.0,0.0,0,-107875648.0,0,0.0,0,-107875648.0,-107877712.0,0,0,17039,13107,17053,26215,17037,0,0,0,110,100,100,0.0,64.0,0.0,64.9,-107615304.0,68.5,1,49,50,180,0,13107,0,0,0.0,0.0,0.0,0.0,-5.080893986415297e+30,65.0,0.0,0.0,0.0,645,0,686,0,0,0,714,0,786,0,707,0,689,0,645,0,641,0,618,0.032,36700160.0,-0.0,0.0,50576,16788,-9.066157230844482e+36,0.0,4936.077,2.0329637828958224e+24,-0.0,-0.0,29.0,60.0,70,0.0,0.0,0.0,0.0,0.0,0.0,0.0,0.0,0.0,0.0,0.0,0.0,0.0,0.0,0.0,0.0,59.2,68,11,65509,41,65476,0,300,0,0,8,20529,65476,0,0,61604,60.0,0.0,0.0,0.0,0.0,0.0
2026-04-04T11:41:27,ERR,ERR,ERR,ERR,ERR,ERR,ERR,ERR,ERR,ERR,ERR,ERR,ERR,ERR,ERR,ERR,ERR,ERR,ERR,ERR,ERR,ERR,ERR,ERR,ERR,ERR,ERR,ERR,ERR,ERR,ERR,ERR,ERR,ERR,ERR,ERR,ERR,ERR,ERR,ERR,ERR,ERR,ERR,ERR,ERR,ERR,ERR,ERR,ERR,ERR,ERR,ERR,ERR,ERR,ERR,ERR,ERR,ERR,ERR,ERR,ERR,ERR,ERR,ERR,ERR,ERR,ERR,ERR,ERR,ERR,ERR,ERR,ERR,ERR,ERR,ERR,ERR,ERR,ERR,ERR,ERR,ERR,ERR,ERR,ERR,ERR,ERR,ERR,ERR,ERR,ERR,ERR,ERR,ERR,ERR,ERR,ERR,ERR,ERR,ERR,ERR,ERR,ERR,ERR,ERR,ERR,ERR,ERR,ERR,ERR,ERR,ERR,ERR,ERR,ERR,ERR,ERR,ERR,ERR,ERR,ERR,ERR,ERR,ERR,ERR,0.0,-0.0,-101055584.0,0.0,0.0,0.0,0.0,nan,0,0,0,32768,0,0.0,0,0.0,0.0,0.0,0.0,0.0,0,0,0,0,0.0,0,0,0,0,0,0,0,0,0,0,0,0,0,0,0,0,0,0,0,0,0,0,0,0,0,0,0,0,0,0,0,0,0,0,0,0,0,0,0,0,0,0,0,0,0.0,0.0,0.0,0.0,0.0,0.0,0.0,0.0,0.0,0.0,0.0,0.0,0.0,0.0,0.0,0.0,0.0,0.0,0.0,0.0,0.0,0.0,-0.0,-0.0,-2.004,-0.0,0.0,0.0,0.0,0.0,3366.0,-0.0,0.0,0.0,-0.0,-0.0,2.7184274988523002e+23,0.0,0.0,0.0,0.0,0,-89221.016,-71.629,0.0,0.0,0.0,0.0,0.0,0.0,0.0,0,0,0,0.0,0.0,0.0,0.0,0.0,0.0,0.0,0.0,0.0,0.0,0.0,0.0,0.0,0.0,0.0,0.0,0,-107875648.0,0,0.0,0,-107875648.0,-107877712.0,0,0,17039,13107,17053,26215,17037,0,0,0,110,100,100,0.0,64.0,0.0,64.9,-107615304.0,68.5,1,49,50,180,0,13107,0,0,0.0,0.0,0.0,0.0,-5.080893986415297e+30,65.0,0.0,0.0,0.0,645,0,686,0,0,0,714,0,786,0,707,0,689,0,645,0,641,0,618,0.032,36700160.0,-0.0,0.0,50576,16788,-9.066157230844482e+36,0.0,4936.077,2.0329637828958224e+24,-0.0,-0.0,29.0,60.0,70,0.0,0.0,0.0,0.0,0.0,0.0,0.0,0.0,0.0,0.0,0.0,0.0,0.0,0.0,0.0,0.0,59.2,68,11,65509,41,65476,0,300,0,0,8,20529,65476,0,0,61604,60.0,0.0,0.0,0.0,0.0,0.0
2026-04-04T11:41:28,ERR,ERR,ERR,ERR,ERR,ERR,ERR,ERR,ERR,ERR,ERR,ERR,ERR,ERR,ERR,ERR,ERR,ERR,ERR,ERR,ERR,ERR,ERR,ERR,ERR,ERR,ERR,ERR,ERR,ERR,ERR,ERR,ERR,ERR,ERR,ERR,ERR,ERR,ERR,ERR,ERR,ERR,ERR,ERR,ERR,ERR,ERR,ERR,ERR,ERR,ERR,ERR,ERR,ERR,ERR,ERR,ERR,ERR,ERR,ERR,ERR,ERR,ERR,ERR,ERR,ERR,ERR,ERR,ERR,ERR,ERR,ERR,ERR,ERR,ERR,ERR,ERR,ERR,ERR,ERR,ERR,ERR,ERR,ERR,ERR,ERR,ERR,ERR,ERR,ERR,ERR,ERR,ERR,ERR,ERR,ERR,ERR,ERR,ERR,ERR,ERR,ERR,ERR,ERR,ERR,ERR,ERR,ERR,ERR,ERR,ERR,ERR,ERR,ERR,ERR,ERR,ERR,ERR,ERR,ERR,ERR,ERR,ERR,ERR,ERR,0.0,-0.0,-101055584.0,0.0,0.0,0.0,0.0,nan,0,0,0,32768,0,0.0,0,0.0,0.0,0.0,0.0,0.0,0,0,0,0,0.0,0,0,0,0,0,0,0,0,0,0,0,0,0,0,0,0,0,0,0,0,0,0,0,0,0,0,0,0,0,0,0,0,0,0,0,0,0,0,0,0,0,0,0,0,0.0,0.0,0.0,0.0,0.0,0.0,0.0,0.0,0.0,0.0,0.0,0.0,0.0,0.0,0.0,0.0,0.0,0.0,0.0,0.0,0.0,0.0,-0.0,-0.0,-2.004,-0.0,0.0,0.0,0.0,0.0,3366.0,-0.0,0.0,0.0,-0.0,-0.0,2.7184274988523002e+23,0.0,0.0,0.0,0.0,0,-89221.016,-71.629,0.0,0.0,0.0,0.0,0.0,0.0,0.0,0,0,0,0.0,0.0,0.0,0.0,0.0,0.0,0.0,0.0,0.0,0.0,0.0,0.0,0.0,0.0,0.0,0.0,0,-107875648.0,0,0.0,0,-107875648.0,-107877712.0,0,0,17039,13107,17053,26215,17037,0,0,0,110,100,100,0.0,64.0,0.0,64.9,-107615304.0,68.5,1,49,50,180,0,13107,0,0,0.0,0.0,0.0,0.0,-4.8701717403361834e+23,65.0,0.0,0.0,0.0,645,0,686,0,0,0,714,0,786,0,707,0,689,0,645,0,641,0,618,0.032,36700160.0,-0.0,0.0,48272,16788,-3.785561015021277e+22,0.0,0.0,4.2840123806161306e+17,4.940963282446865e+23,1.6859955695716884e+33,29.0,60.0,70,0.0,0.0,0.0,0.0,0.0,0.0,0.0,0.0,0.0,0.0,0.0,0.0,0.0,0.0,0.0,0.0,59.2,68,11,65509,41,65476,0,300,0,0,8,20529,65476,0,0,61604,60.0,0.0,0.0,0.0,0.0,0.0
2026-04-04T11:41:29,ERR,ERR,ERR,ERR,ERR,ERR,ERR,ERR,ERR,ERR,ERR,ERR,ERR,ERR,ERR,ERR,ERR,ERR,ERR,ERR,ERR,ERR,ERR,ERR,ERR,ERR,ERR,ERR,ERR,ERR,ERR,ERR,ERR,ERR,ERR,ERR,ERR,ERR,ERR,ERR,ERR,ERR,ERR,ERR,ERR,ERR,ERR,ERR,ERR,ERR,ERR,ERR,ERR,ERR,ERR,ERR,ERR,ERR,ERR,ERR,ERR,ERR,ERR,ERR,ERR,ERR,ERR,ERR,ERR,ERR,ERR,ERR,ERR,ERR,ERR,ERR,ERR,ERR,ERR,ERR,ERR,ERR,ERR,ERR,ERR,ERR,ERR,ERR,ERR,ERR,ERR,ERR,ERR,ERR,ERR,ERR,ERR,ERR,ERR,ERR,ERR,ERR,ERR,ERR,ERR,ERR,ERR,ERR,ERR,ERR,ERR,ERR,ERR,ERR,ERR,ERR,ERR,ERR,ERR,ERR,ERR,ERR,ERR,ERR,ERR,0.0,-0.0,-101055584.0,0.0,0.0,0.0,0.0,nan,0,0,0,32768,0,0.0,0,0.0,0.0,0.0,0.0,0.0,0,0,0,0,0.0,0,0,0,0,0,0,0,0,0,0,0,0,0,0,0,0,0,0,0,0,0,0,0,0,0,0,0,0,0,0,0,0,0,0,0,0,0,0,0,0,0,0,0,0,0.0,0.0,0.0,0.0,0.0,0.0,0.0,0.0,0.0,0.0,0.0,0.0,0.0,0.0,0.0,0.0,0.0,0.0,0.0,0.0,0.0,0.0,-0.0,-0.0,-2.004,-0.0,0.0,0.0,0.0,0.0,3366.0,-0.0,0.0,0.0,-0.0,-0.0,2.7184274988523002e+23,0.0,0.0,0.0,0.0,0,-89221.016,-71.629,0.0,0.0,0.0,0.0,0.0,0.0,0.0,0,0,0,0.0,0.0,0.0,0.0,0.0,0.0,0.0,0.0,0.0,0.0,0.0,0.0,0.0,0.0,0.0,0.0,0,-107875648.0,0,0.0,0,-107875648.0,-107877712.0,0,0,17039,13107,17053,26215,17037,0,0,0,110,100,100,0.0,64.0,0.0,64.9,-107615304.0,68.5,1,49,50,180,0,13107,0,0,0.0,0.0,0.0,0.0,-4.8701717403361834e+23,65.0,0.0,0.0,0.0,645,0,686,0,0,0,714,0,786,0,707,0,689,0,645,0,641,0,618,0.032,36700160.0,-0.0,0.0,48272,16788,-3.785561015021277e+22,0.0,0.0,4.2840123806161306e+17,4.940963282446865e+23,1.6859955695716884e+33,29.0,60.0,70,0.0,0.0,0.0,0.0,0.0,0.0,0.0,0.0,0.0,0.0,0.0,0.0,0.0,0.0,0.0,0.0,59.2,68,11,65509,41,65476,0,300,0,0,8,20529,65476,0,0,61604,60.0,0.0,0.0,0.0,0.0,0.0
2026-04-04T11:41:30,ERR,ERR,ERR,ERR,ERR,ERR,ERR,ERR,ERR,ERR,ERR,ERR,ERR,ERR,ERR,ERR,ERR,ERR,ERR,ERR,ERR,ERR,ERR,ERR,ERR,ERR,ERR,ERR,ERR,ERR,ERR,ERR,ERR,ERR,ERR,ERR,ERR,ERR,ERR,ERR,ERR,ERR,ERR,ERR,ERR,ERR,ERR,ERR,ERR,ERR,ERR,ERR,ERR,ERR,ERR,ERR,ERR,ERR,ERR,ERR,ERR,ERR,ERR,ERR,ERR,ERR,ERR,ERR,ERR,ERR,ERR,ERR,ERR,ERR,ERR,ERR,ERR,ERR,ERR,ERR,ERR,ERR,ERR,ERR,ERR,ERR,ERR,ERR,ERR,ERR,ERR,ERR,ERR,ERR,ERR,ERR,ERR,ERR,ERR,ERR,ERR,ERR,ERR,ERR,ERR,ERR,ERR,ERR,ERR,ERR,ERR,ERR,ERR,ERR,ERR,ERR,ERR,ERR,ERR,ERR,ERR,ERR,ERR,ERR,ERR,0.0,-0.0,-101055584.0,0.0,0.0,0.0,0.0,nan,0,0,0,32768,0,0.0,0,0.0,0.0,0.0,0.0,0.0,0,0,0,0,0.0,0,0,0,0,0,0,0,0,0,0,0,0,0,0,0,0,0,0,0,0,0,0,0,0,0,0,0,0,0,0,0,0,0,0,0,0,0,0,0,0,0,0,0,0,0.0,0.0,0.0,0.0,0.0,0.0,0.0,0.0,0.0,0.0,0.0,0.0,0.0,0.0,0.0,0.0,0.0,0.0,0.0,0.0,0.0,0.0,-0.0,-0.0,-2.004,-0.0,0.0,0.0,0.0,0.0,3366.0,1.587915374909487e+29,0.0,0.0,0.0,-0.0,2.7184274988523002e+23,0.0,0.0,0.0,0.0,0,-107615248.0,-0.0,0.0,0.0,0.0,0.0,0.0,0.0,0.0,0,0,0,0.0,0.0,0.0,0.0,0.0,0.0,0.0,0.0,0.0,0.0,0.0,0.0,0.0,0.0,0.0,0.0,0,-107875648.0,0,0.0,0,-107875648.0,-107877712.0,0,0,17039,13107,17053,26215,17037,0,0,0,110,100,100,0.0,64.0,0.0,64.9,-107615304.0,68.5,1,49,50,180,0,13107,0,0,0.0,0.0,0.0,0.0,-4.8701717403361834e+23,65.0,0.0,0.0,0.0,645,0,686,0,0,0,714,0,786,0,707,0,689,0,645,0,641,0,618,0.032,36700160.0,-0.0,0.0,48272,16788,-3.785561015021277e+22,0.0,0.0,4.2840123806161306e+17,4.940963282446865e+23,1.6859955695716884e+33,29.0,60.0,70,0.0,0.0,0.0,0.0,0.0,0.0,0.0,0.0,0.0,0.0,0.0,0.0,0.0,0.0,0.0,0.0,59.2,68,11,65509,41,65476,0,300,0,0,8,20529,65476,0,0,61604,60.0,0.0,0.0,0.0,0.0,0.0
2026-04-04T11:41:31,ERR,ERR,ERR,ERR,ERR,ERR,ERR,ERR,ERR,ERR,ERR,ERR,ERR,ERR,ERR,ERR,ERR,ERR,ERR,ERR,ERR,ERR,ERR,ERR,ERR,ERR,ERR,ERR,ERR,ERR,ERR,ERR,ERR,ERR,ERR,ERR,ERR,ERR,ERR,ERR,ERR,ERR,ERR,ERR,ERR,ERR,ERR,ERR,ERR,ERR,ERR,ERR,ERR,ERR,ERR,ERR,ERR,ERR,ERR,ERR,ERR,ERR,ERR,ERR,ERR,ERR,ERR,ERR,ERR,ERR,ERR,ERR,ERR,ERR,ERR,ERR,ERR,ERR,ERR,ERR,ERR,ERR,ERR,ERR,ERR,ERR,ERR,ERR,ERR,ERR,ERR,ERR,ERR,ERR,ERR,ERR,ERR,ERR,ERR,ERR,ERR,ERR,ERR,ERR,ERR,ERR,ERR,ERR,ERR,ERR,ERR,ERR,ERR,ERR,ERR,ERR,ERR,ERR,ERR,ERR,ERR,ERR,ERR,ERR,ERR,0.0,-0.0,-101055584.0,0.0,0.0,0.0,0.0,nan,0,0,0,32768,0,0.0,0,0.0,0.0,0.0,0.0,0.0,0,0,0,0,0.0,0,0,0,0,0,0,0,0,0,0,0,0,0,0,0,0,0,0,0,0,0,0,0,0,0,0,0,0,0,0,0,0,0,0,0,0,0,0,0,0,0,0,0,0,0.0,0.0,0.0,0.0,0.0,0.0,0.0,0.0,0.0,0.0,0.0,0.0,0.0,0.0,0.0,0.0,0.0,0.0,0.0,0.0,0.0,0.0,-0.0,-0.0,-2.004,-0.0,0.0,0.0,0.0,0.0,3366.0,1.587915374909487e+29,0.0,0.0,0.0,-0.0,2.7184274988523002e+23,0.0,0.0,0.0,0.0,0,-107615248.0,-0.0,0.0,0.0,0.0,0.0,0.0,0.0,0.0,0,0,0,0.0,0.0,0.0,0.0,0.0,0.0,0.0,0.0,0.0,0.0,0.0,0.0,0.0,0.0,0.0,0.0,0,-107875648.0,0,0.0,0,-107875648.0,-107877712.0,0,0,17039,13107,17053,26215,17037,0,0,0,110,100,100,0.0,64.0,0.0,64.9,-107615304.0,68.5,1,49,50,180,0,13107,0,0,0.0,0.0,0.0,0.0,-4.8701717403361834e+23,65.0,0.0,0.0,0.0,645,0,686,0,0,0,714,0,786,0,707,0,689,0,645,0,641,0,618,0.032,36700160.0,-0.0,0.0,48272,16788,-3.785561015021277e+22,0.0,0.0,4.2840123806161306e+17,4.940963282446865e+23,1.6859955695716884e+33,29.0,60.0,70,0.0,0.0,0.0,0.0,0.0,0.0,0.0,0.0,0.0,0.0,0.0,0.0,0.0,0.0,0.0,0.0,59.2,68,11,65509,41,65476,0,300,0,0,8,20529,65476,0,0,61604,60.0,0.0,0.0,0.0,0.0,0.0
2026-04-04T11:41:32,ERR,ERR,ERR,ERR,ERR,ERR,ERR,ERR,ERR,ERR,ERR,ERR,ERR,ERR,ERR,ERR,ERR,ERR,ERR,ERR,ERR,ERR,ERR,ERR,ERR,ERR,ERR,ERR,ERR,ERR,ERR,ERR,ERR,ERR,ERR,ERR,ERR,ERR,ERR,ERR,ERR,ERR,ERR,ERR,ERR,ERR,ERR,ERR,ERR,ERR,ERR,ERR,ERR,ERR,ERR,ERR,ERR,ERR,ERR,ERR,ERR,ERR,ERR,ERR,ERR,ERR,ERR,ERR,ERR,ERR,ERR,ERR,ERR,ERR,ERR,ERR,ERR,ERR,ERR,ERR,ERR,ERR,ERR,ERR,ERR,ERR,ERR,ERR,ERR,ERR,ERR,ERR,ERR,ERR,ERR,ERR,ERR,ERR,ERR,ERR,ERR,ERR,ERR,ERR,ERR,ERR,ERR,ERR,ERR,ERR,ERR,ERR,ERR,ERR,ERR,ERR,ERR,ERR,ERR,ERR,ERR,ERR,ERR,ERR,ERR,0.0,-0.0,-101055584.0,0.0,0.0,0.0,0.0,nan,0,0,0,32768,0,0.0,0,0.0,0.0,0.0,0.0,0.0,0,0,0,0,0.0,0,0,0,0,0,0,0,0,0,0,0,0,0,0,0,0,0,0,0,0,0,0,0,0,0,0,0,0,0,0,0,0,0,0,0,0,0,0,0,0,0,0,0,0,0.0,0.0,0.0,0.0,0.0,0.0,0.0,0.0,0.0,0.0,0.0,0.0,0.0,0.0,0.0,0.0,0.0,0.0,0.0,0.0,0.0,0.0,-0.0,-0.0,-2.004,-0.0,0.0,0.0,0.0,0.0,3366.0,1.587915374909487e+29,0.0,0.0,0.0,-0.0,2.7184274988523002e+23,0.0,0.0,0.0,0.0,0,-107615248.0,-0.0,0.0,0.0,0.0,0.0,0.0,0.0,0.0,0,0,0,0.0,0.0,0.0,0.0,0.0,0.0,0.0,0.0,0.0,0.0,0.0,0.0,0.0,0.0,0.0,0.0,0,-107875648.0,0,0.0,0,-107875648.0,-107877712.0,0,0,17039,13107,17053,26215,17037,0,0,0,110,100,100,0.0,64.0,0.0,64.9,-107615304.0,68.5,1,49,50,180,0,13107,0,0,0.0,0.0,0.0,0.0,-4.8701717403361834e+23,65.0,0.0,0.0,0.0,645,0,686,0,0,0,714,0,786,0,707,0,689,0,645,0,641,0,618,0.032,36700160.0,-0.0,0.0,48272,16788,-3.785561015021277e+22,0.0,0.0,4.2840123806161306e+17,4.940963282446865e+23,1.6859955695716884e+33,29.0,60.0,70,0.0,0.0,0.0,0.0,0.0,0.0,0.0,0.0,0.0,0.0,0.0,0.0,0.0,0.0,0.0,0.0,59.2,68,11,65509,41,65476,0,300,0,0,8,20529,65476,0,0,61604,60.0,0.0,0.0,0.0,0.0,0.0
2026-04-04T11:41:33,ERR,ERR,ERR,ERR,ERR,ERR,ERR,ERR,ERR,ERR,ERR,ERR,ERR,ERR,ERR,ERR,ERR,ERR,ERR,ERR,ERR,ERR,ERR,ERR,ERR,ERR,ERR,ERR,ERR,ERR,ERR,ERR,ERR,ERR,ERR,ERR,ERR,ERR,ERR,ERR,ERR,ERR,ERR,ERR,ERR,ERR,ERR,ERR,ERR,ERR,ERR,ERR,ERR,ERR,ERR,ERR,ERR,ERR,ERR,ERR,ERR,ERR,ERR,ERR,ERR,ERR,ERR,ERR,ERR,ERR,ERR,ERR,ERR,ERR,ERR,ERR,ERR,ERR,ERR,ERR,ERR,ERR,ERR,ERR,ERR,ERR,ERR,ERR,ERR,ERR,ERR,ERR,ERR,ERR,ERR,ERR,ERR,ERR,ERR,ERR,ERR,ERR,ERR,ERR,ERR,ERR,ERR,ERR,ERR,ERR,ERR,ERR,ERR,ERR,ERR,ERR,ERR,ERR,ERR,ERR,ERR,ERR,ERR,ERR,ERR,0.0,-0.0,-101055584.0,0.0,0.0,0.0,0.0,nan,0,0,0,32768,0,0.0,0,0.0,0.0,0.0,0.0,0.0,0,0,0,0,0.0,0,0,0,0,0,0,0,0,0,0,0,0,0,0,0,0,0,0,0,0,0,0,0,0,0,0,0,0,0,0,0,0,0,0,0,0,0,0,0,0,0,0,0,0,0.0,0.0,0.0,0.0,0.0,0.0,0.0,0.0,0.0,0.0,0.0,0.0,0.0,0.0,0.0,0.0,0.0,0.0,0.0,0.0,0.0,0.0,-0.0,-0.0,-2.004,-0.0,0.0,0.0,0.0,0.0,3366.0,1.587915374909487e+29,0.0,0.0,0.0,-0.0,2.7184274988523002e+23,0.0,0.0,0.0,0.0,0,-107615248.0,-0.0,0.0,0.0,0.0,0.0,0.0,0.0,0.0,0,0,0,0.0,0.0,0.0,0.0,0.0,0.0,0.0,0.0,0.0,0.0,0.0,0.0,0.0,0.0,0.0,0.0,0,-107875648.0,0,0.0,0,-107875648.0,-107877712.0,0,52429,17038,13107,17053,26215,17037,0,0,0,110,100,100,0.0,64.0,0.0,64.9,-107615304.0,68.5,1,49,50,180,0,13107,0,0,0.0,0.0,0.0,0.0,-4.954177235068226e+33,65.0,0.0,0.0,0.0,645,0,686,0,0,0,715,0,786,0,708,0,689,0,645,0,641,0,618,0.032,36962304.0,-0.0,0.0,59408,16788,-1.938207239690894e+25,0.0,0.0,-1.029027551791699e+29,4.58836083365855e+28,-0.0,29.0,60.0,70,0.0,0.0,0.0,0.0,0.0,0.0,0.0,0.0,0.0,0.0,0.0,0.0,0.0,0.0,0.0,0.0,59.2,68,11,65509,41,65476,0,300,0,0,8,20529,65476,0,0,61604,60.0,0.0,0.0,0.0,0.0,0.0
2026-04-04T11:41:34,ERR,ERR,ERR,ERR,ERR,ERR,ERR,ERR,ERR,ERR,ERR,ERR,ERR,ERR,ERR,ERR,ERR,ERR,ERR,ERR,ERR,ERR,ERR,ERR,ERR,ERR,ERR,ERR,ERR,ERR,ERR,ERR,ERR,ERR,ERR,ERR,ERR,ERR,ERR,ERR,ERR,ERR,ERR,ERR,ERR,ERR,ERR,ERR,ERR,ERR,ERR,ERR,ERR,ERR,ERR,ERR,ERR,ERR,ERR,ERR,ERR,ERR,ERR,ERR,ERR,ERR,ERR,ERR,ERR,ERR,ERR,ERR,ERR,ERR,ERR,ERR,ERR,ERR,ERR,ERR,ERR,ERR,ERR,ERR,ERR,ERR,ERR,ERR,ERR,ERR,ERR,ERR,ERR,ERR,ERR,ERR,ERR,ERR,ERR,ERR,ERR,ERR,ERR,ERR,ERR,ERR,ERR,ERR,ERR,ERR,ERR,ERR,ERR,ERR,ERR,ERR,ERR,ERR,ERR,ERR,ERR,ERR,ERR,ERR,ERR,0.0,-0.0,-101055584.0,0.0,0.0,0.0,0.0,nan,0,0,0,32768,0,0.0,0,0.0,0.0,0.0,0.0,0.0,0,0,0,0,0.0,0,0,0,0,0,0,0,0,0,0,0,0,0,0,0,0,0,0,0,0,0,0,0,0,0,0,0,0,0,0,0,0,0,0,0,0,0,0,0,0,0,0,0,0,0.0,0.0,0.0,0.0,0.0,0.0,0.0,0.0,0.0,0.0,0.0,0.0,0.0,0.0,0.0,0.0,0.0,0.0,0.0,0.0,0.0,0.0,-0.0,-0.0,-2.004,-0.0,0.0,0.0,0.0,0.0,3366.0,1.587915374909487e+29,0.0,0.0,0.0,-0.0,2.7184274988523002e+23,0.0,0.0,0.0,0.0,0,-107615248.0,-0.0,0.0,0.0,0.0,0.0,0.0,0.0,0.0,0,0,0,0.0,0.0,0.0,0.0,0.0,0.0,0.0,0.0,0.0,0.0,0.0,0.0,0.0,0.0,0.0,0.0,0,-107875648.0,0,0.0,0,-107875648.0,-107877712.0,0,52429,17038,13107,17053,26215,17037,0,0,0,110,100,100,0.0,64.0,0.0,64.9,-107615304.0,68.5,1,49,50,180,0,13107,0,0,0.0,0.0,0.0,0.0,-4.954177235068226e+33,65.0,0.0,0.0,0.0,645,0,686,0,0,0,715,0,786,0,708,0,689,0,645,0,641,0,618,0.032,36962304.0,-0.0,0.0,59408,16788,-1.938207239690894e+25,0.0,0.0,-1.029027551791699e+29,4.58836083365855e+28,-0.0,29.0,60.0,70,0.0,0.0,0.0,0.0,0.0,0.0,0.0,0.0,0.0,0.0,0.0,0.0,0.0,0.0,0.0,0.0,59.2,68,11,65509,41,65476,0,300,0,0,8,20529,65476,0,0,61604,60.0,0.0,0.0,0.0,0.0,0.0
2026-04-04T11:41:35,ERR,ERR,ERR,ERR,ERR,ERR,ERR,ERR,ERR,ERR,ERR,ERR,ERR,ERR,ERR,ERR,ERR,ERR,ERR,ERR,ERR,ERR,ERR,ERR,ERR,ERR,ERR,ERR,ERR,ERR,ERR,ERR,ERR,ERR,ERR,ERR,ERR,ERR,ERR,ERR,ERR,ERR,ERR,ERR,ERR,ERR,ERR,ERR,ERR,ERR,ERR,ERR,ERR,ERR,ERR,ERR,ERR,ERR,ERR,ERR,ERR,ERR,ERR,ERR,ERR,ERR,ERR,ERR,ERR,ERR,ERR,ERR,ERR,ERR,ERR,ERR,ERR,ERR,ERR,ERR,ERR,ERR,ERR,ERR,ERR,ERR,ERR,ERR,ERR,ERR,ERR,ERR,ERR,ERR,ERR,ERR,ERR,ERR,ERR,ERR,ERR,ERR,ERR,ERR,ERR,ERR,ERR,ERR,ERR,ERR,ERR,ERR,ERR,ERR,ERR,ERR,ERR,ERR,ERR,ERR,ERR,ERR,ERR,ERR,ERR,0.0,-0.0,-101055584.0,0.0,0.0,0.0,0.0,nan,0,0,0,32768,0,0.0,0,0.0,0.0,0.0,0.0,0.0,0,0,0,0,0.0,0,0,0,0,0,0,0,0,0,0,0,0,0,0,0,0,0,0,0,0,0,0,0,0,0,0,0,0,0,0,0,0,0,0,0,0,0,0,0,0,0,0,0,0,0.0,0.0,0.0,0.0,0.0,0.0,0.0,0.0,0.0,0.0,0.0,0.0,0.0,0.0,0.0,0.0,0.0,0.0,0.0,0.0,0.0,0.0,-0.0,-0.0,-2.004,-0.0,0.0,0.0,0.0,0.0,3366.0,1.587915374909487e+29,0.0,0.0,0.0,-0.0,2.7184274988523002e+23,0.0,0.0,0.0,0.0,0,-107615248.0,-0.0,0.0,0.0,0.0,0.0,0.0,0.0,0.0,0,0,0,0.0,0.0,0.0,0.0,0.0,0.0,0.0,0.0,0.0,0.0,0.0,0.0,0.0,0.0,0.0,0.0,0,-107875648.0,0,0.0,0,-107875648.0,-107877712.0,0,52429,17038,13107,17053,26215,17037,0,0,0,110,100,100,0.0,64.0,0.0,64.9,-107615304.0,68.5,1,49,50,180,0,13107,0,0,0.0,0.0,0.0,0.0,-4.954177235068226e+33,65.0,0.0,0.0,0.0,645,0,686,0,0,0,715,0,786,0,708,0,689,0,645,0,641,0,618,0.032,36962304.0,-0.0,0.0,59408,16788,-1.938207239690894e+25,0.0,0.0,-1.029027551791699e+29,4.58836083365855e+28,-0.0,29.0,60.0,70,0.0,0.0,0.0,0.0,0.0,0.0,0.0,0.0,0.0,0.0,0.0,0.0,0.0,0.0,0.0,0.0,59.2,68,11,65509,41,65476,0,300,0,0,8,20529,65476,0,0,61604,60.0,0.0,0.0,0.0,0.0,0.0
2026-04-04T11:41:36,ERR,ERR,ERR,ERR,ERR,ERR,ERR,ERR,ERR,ERR,ERR,ERR,ERR,ERR,ERR,ERR,ERR,ERR,ERR,ERR,ERR,ERR,ERR,ERR,ERR,ERR,ERR,ERR,ERR,ERR,ERR,ERR,ERR,ERR,ERR,ERR,ERR,ERR,ERR,ERR,ERR,ERR,ERR,ERR,ERR,ERR,ERR,ERR,ERR,ERR,ERR,ERR,ERR,ERR,ERR,ERR,ERR,ERR,ERR,ERR,ERR,ERR,ERR,ERR,ERR,ERR,ERR,ERR,ERR,ERR,ERR,ERR,ERR,ERR,ERR,ERR,ERR,ERR,ERR,ERR,ERR,ERR,ERR,ERR,ERR,ERR,ERR,ERR,ERR,ERR,ERR,ERR,ERR,ERR,ERR,ERR,ERR,ERR,ERR,ERR,ERR,ERR,ERR,ERR,ERR,ERR,ERR,ERR,ERR,ERR,ERR,ERR,ERR,ERR,ERR,ERR,ERR,ERR,ERR,ERR,ERR,ERR,ERR,ERR,ERR,0.0,-0.0,-101055584.0,0.0,0.0,0.0,0.0,nan,0,0,0,32768,0,0.0,0,0.0,0.0,0.0,0.0,0.0,0,0,0,0,0.0,0,0,0,0,0,0,0,0,0,0,0,0,0,0,0,0,0,0,0,0,0,0,0,0,0,0,0,0,0,0,0,0,0,0,0,0,0,0,0,0,0,0,0,0,0.0,0.0,0.0,0.0,0.0,0.0,0.0,0.0,0.0,0.0,0.0,0.0,0.0,0.0,0.0,0.0,0.0,0.0,0.0,0.0,0.0,0.0,-0.0,-0.0,-2.004,-0.0,0.0,0.0,0.0,0.0,3366.0,1.587915374909487e+29,0.0,0.0,0.0,-0.0,2.7184274988523002e+23,0.0,0.0,0.0,0.0,0,-107615248.0,-0.0,0.0,0.0,0.0,0.0,0.0,0.0,0.0,0,0,0,0.0,0.0,0.0,0.0,0.0,0.0,0.0,0.0,0.0,0.0,0.0,0.0,0.0,0.0,0.0,0.0,0,-107875648.0,0,0.0,0,-107875648.0,-107877712.0,0,52429,17038,13107,17053,26215,17037,0,0,0,110,100,100,0.0,64.0,0.0,64.9,-107615304.0,68.5,1,49,50,180,0,13107,0,0,0.0,0.0,0.0,0.0,-4.954177235068226e+33,65.0,0.0,0.0,0.0,645,0,686,0,0,0,715,0,786,0,708,0,689,0,645,0,641,0,618,0.032,36962304.0,-0.0,0.0,59408,16788,-1.938207239690894e+25,0.0,0.0,-1.029027551791699e+29,4.58836083365855e+28,-0.0,29.0,60.0,70,0.0,0.0,0.0,0.0,0.0,0.0,0.0,0.0,0.0,0.0,0.0,0.0,0.0,0.0,0.0,0.0,59.2,68,11,65509,41,65476,0,300,0,0,8,20529,65476,0,0,61604,60.0,0.0,0.0,0.0,0.0,0.0
2026-04-04T11:41:37,ERR,ERR,ERR,ERR,ERR,ERR,ERR,ERR,ERR,ERR,ERR,ERR,ERR,ERR,ERR,ERR,ERR,ERR,ERR,ERR,ERR,ERR,ERR,ERR,ERR,ERR,ERR,ERR,ERR,ERR,ERR,ERR,ERR,ERR,ERR,ERR,ERR,ERR,ERR,ERR,ERR,ERR,ERR,ERR,ERR,ERR,ERR,ERR,ERR,ERR,ERR,ERR,ERR,ERR,ERR,ERR,ERR,ERR,ERR,ERR,ERR,ERR,ERR,ERR,ERR,ERR,ERR,ERR,ERR,ERR,ERR,ERR,ERR,ERR,ERR,ERR,ERR,ERR,ERR,ERR,ERR,ERR,ERR,ERR,ERR,ERR,ERR,ERR,ERR,ERR,ERR,ERR,ERR,ERR,ERR,ERR,ERR,ERR,ERR,ERR,ERR,ERR,ERR,ERR,ERR,ERR,ERR,ERR,ERR,ERR,ERR,ERR,ERR,ERR,ERR,ERR,ERR,ERR,ERR,ERR,ERR,ERR,ERR,ERR,ERR,0.0,-0.0,-101055584.0,0.0,0.0,0.0,0.0,nan,0,0,0,32768,0,0.0,0,0.0,0.0,0.0,0.0,0.0,0,0,0,0,0.0,0,0,0,0,0,0,0,0,0,0,0,0,0,0,0,0,0,0,0,0,0,0,0,0,0,0,0,0,0,0,0,0,0,0,0,0,0,0,0,0,0,0,0,0,0.0,0.0,0.0,0.0,0.0,0.0,0.0,0.0,0.0,0.0,0.0,0.0,0.0,0.0,0.0,0.0,0.0,0.0,0.0,0.0,0.0,0.0,-0.0,-0.0,-2.004,-0.0,0.0,0.0,0.0,0.0,3368.0,-0.0,0.0,0.0,0.0,-0.0,2.7184274988523002e+23,0.0,0.0,0.0,0.0,0,-1.9056958870913024e+17,-71.629,0.0,0.0,0.0,0.0,0.0,0.0,0.0,0,0,0,0.0,0.0,0.0,0.0,0.0,0.0,0.0,0.0,0.0,0.0,0.0,0.0,0.0,0.0,0.0,0.0,0,-107875648.0,0,0.0,0,-107875648.0,-107877712.0,0,52429,17038,13107,17053,26215,17037,0,0,0,110,100,100,0.0,64.0,0.0,64.9,-107615304.0,68.5,1,49,50,180,0,13107,0,0,0.0,0.0,0.0,0.0,-4.954177235068226e+33,65.0,0.0,0.0,0.0,645,0,686,0,0,0,715,0,786,0,708,0,689,0,645,0,641,0,618,0.032,36962304.0,-0.0,0.0,59408,16788,-1.938207239690894e+25,0.0,0.0,-1.029027551791699e+29,4.58836083365855e+28,-0.0,29.0,60.0,70,0.0,0.0,0.0,0.0,0.0,0.0,0.0,0.0,0.0,0.0,0.0,0.0,0.0,0.0,0.0,0.0,59.2,68,11,65509,41,65476,0,300,0,0,8,20529,65476,0,0,61604,60.0,0.0,0.0,0.0,0.0,0.0
2026-04-04T11:41:38,ERR,ERR,ERR,ERR,ERR,ERR,ERR,ERR,ERR,ERR,ERR,ERR,ERR,ERR,ERR,ERR,ERR,ERR,ERR,ERR,ERR,ERR,ERR,ERR,ERR,ERR,ERR,ERR,ERR,ERR,ERR,ERR,ERR,ERR,ERR,ERR,ERR,ERR,ERR,ERR,ERR,ERR,ERR,ERR,ERR,ERR,ERR,ERR,ERR,ERR,ERR,ERR,ERR,ERR,ERR,ERR,ERR,ERR,ERR,ERR,ERR,ERR,ERR,ERR,ERR,ERR,ERR,ERR,ERR,ERR,ERR,ERR,ERR,ERR,ERR,ERR,ERR,ERR,ERR,ERR,ERR,ERR,ERR,ERR,ERR,ERR,ERR,ERR,ERR,ERR,ERR,ERR,ERR,ERR,ERR,ERR,ERR,ERR,ERR,ERR,ERR,ERR,ERR,ERR,ERR,ERR,ERR,ERR,ERR,ERR,ERR,ERR,ERR,ERR,ERR,ERR,ERR,ERR,ERR,ERR,ERR,ERR,ERR,ERR,ERR,0.0,-0.0,-101055584.0,0.0,0.0,0.0,0.0,nan,0,0,0,32768,0,0.0,0,0.0,0.0,0.0,0.0,0.0,0,0,0,0,0.0,0,0,0,0,0,0,0,0,0,0,0,0,0,0,0,0,0,0,0,0,0,0,0,0,0,0,0,0,0,0,0,0,0,0,0,0,0,0,0,0,0,0,0,0,0.0,0.0,0.0,0.0,0.0,0.0,0.0,0.0,0.0,0.0,0.0,0.0,0.0,0.0,0.0,0.0,0.0,0.0,0.0,0.0,0.0,0.0,-0.0,-0.0,-2.004,-0.0,0.0,0.0,0.0,0.0,3368.0,-0.0,0.0,0.0,0.0,-0.0,2.7184274988523002e+23,0.0,0.0,0.0,0.0,0,-1.9056958870913024e+17,-71.629,0.0,0.0,0.0,0.0,0.0,0.0,0.0,0,0,0,0.0,0.0,0.0,0.0,0.0,0.0,0.0,0.0,0.0,0.0,0.0,0.0,0.0,0.0,0.0,0.0,0,-107875648.0,0,0.0,0,-107875648.0,-107877712.0,0,0,17039,13107,17053,26215,17037,0,0,0,110,100,100,0.0,64.0,0.0,64.9,-107615304.0,68.5,1,49,50,180,0,13107,0,0,0.0,0.0,0.0,0.0,-1.1104807233874981e+30,65.0,0.0,2.0822913084046453e+30,0.0,645,0,686,0,0,0,714,0,786,0,707,0,689,0,645,0,641,0,618,0.032,36438016.0,-0.0,0.0,62096,16788,-1.7135393464850278e+37,-0.0,-1.1179819658801735e+35,0.0,1.219864135367989e+21,6.171180586238361e+29,29.0,60.0,70,0.0,0.0,0.0,0.0,0.0,0.0,0.0,0.0,0.0,0.0,0.0,0.0,0.0,0.0,0.0,0.0,59.2,68,11,65509,41,65476,0,300,0,0,8,20529,65476,0,0,61604,60.0,0.0,0.0,0.0,0.0,0.0
2026-04-04T11:41:39,ERR,ERR,ERR,ERR,ERR,ERR,ERR,ERR,ERR,ERR,ERR,ERR,ERR,ERR,ERR,ERR,ERR,ERR,ERR,ERR,ERR,ERR,ERR,ERR,ERR,ERR,ERR,ERR,ERR,ERR,ERR,ERR,ERR,ERR,ERR,ERR,ERR,ERR,ERR,ERR,ERR,ERR,ERR,ERR,ERR,ERR,ERR,ERR,ERR,ERR,ERR,ERR,ERR,ERR,ERR,ERR,ERR,ERR,ERR,ERR,ERR,ERR,ERR,ERR,ERR,ERR,ERR,ERR,ERR,ERR,ERR,ERR,ERR,ERR,ERR,ERR,ERR,ERR,ERR,ERR,ERR,ERR,ERR,ERR,ERR,ERR,ERR,ERR,ERR,ERR,ERR,ERR,ERR,ERR,ERR,ERR,ERR,ERR,ERR,ERR,ERR,ERR,ERR,ERR,ERR,ERR,ERR,ERR,ERR,ERR,ERR,ERR,ERR,ERR,ERR,ERR,ERR,ERR,ERR,ERR,ERR,ERR,ERR,ERR,ERR,0.0,-0.0,-101055584.0,0.0,0.0,0.0,0.0,nan,0,0,0,32768,0,0.0,0,0.0,0.0,0.0,0.0,0.0,0,0,0,0,0.0,0,0,0,0,0,0,0,0,0,0,0,0,0,0,0,0,0,0,0,0,0,0,0,0,0,0,0,0,0,0,0,0,0,0,0,0,0,0,0,0,0,0,0,0,0.0,0.0,0.0,0.0,0.0,0.0,0.0,0.0,0.0,0.0,0.0,0.0,0.0,0.0,0.0,0.0,0.0,0.0,0.0,0.0,0.0,0.0,-0.0,-0.0,-2.004,-0.0,0.0,0.0,0.0,0.0,3368.0,-0.0,0.0,0.0,0.0,-0.0,2.7184274988523002e+23,0.0,0.0,0.0,0.0,0,-1.9056958870913024e+17,-71.629,0.0,0.0,0.0,0.0,0.0,0.0,0.0,0,0,0,0.0,0.0,0.0,0.0,0.0,0.0,0.0,0.0,0.0,0.0,0.0,0.0,0.0,0.0,0.0,0.0,0,-107875648.0,0,0.0,0,-107875648.0,-107877712.0,0,0,17039,13107,17053,26215,17037,0,0,0,110,100,100,0.0,64.0,0.0,64.9,-107615304.0,68.5,1,49,50,180,0,13107,0,0,0.0,0.0,0.0,0.0,-1.1104807233874981e+30,65.0,0.0,2.0822913084046453e+30,0.0,645,0,686,0,0,0,714,0,786,0,707,0,689,0,645,0,641,0,618,0.032,36438016.0,-0.0,0.0,62096,16788,-1.7135393464850278e+37,-0.0,-1.1179819658801735e+35,0.0,1.219864135367989e+21,6.171180586238361e+29,29.0,60.0,70,0.0,0.0,0.0,0.0,0.0,0.0,0.0,0.0,0.0,0.0,0.0,0.0,0.0,0.0,0.0,0.0,59.2,68,11,65509,41,65476,0,300,0,0,8,20529,65476,0,0,61604,60.0,0.0,0.0,0.0,0.0,0.0
2026-04-04T11:41:40,ERR,ERR,ERR,ERR,ERR,ERR,ERR,ERR,ERR,ERR,ERR,ERR,ERR,ERR,ERR,ERR,ERR,ERR,ERR,ERR,ERR,ERR,ERR,ERR,ERR,ERR,ERR,ERR,ERR,ERR,ERR,ERR,ERR,ERR,ERR,ERR,ERR,ERR,ERR,ERR,ERR,ERR,ERR,ERR,ERR,ERR,ERR,ERR,ERR,ERR,ERR,ERR,ERR,ERR,ERR,ERR,ERR,ERR,ERR,ERR,ERR,ERR,ERR,ERR,ERR,ERR,ERR,ERR,ERR,ERR,ERR,ERR,ERR,ERR,ERR,ERR,ERR,ERR,ERR,ERR,ERR,ERR,ERR,ERR,ERR,ERR,ERR,ERR,ERR,ERR,ERR,ERR,ERR,ERR,ERR,ERR,ERR,ERR,ERR,ERR,ERR,ERR,ERR,ERR,ERR,ERR,ERR,ERR,ERR,ERR,ERR,ERR,ERR,ERR,ERR,ERR,ERR,ERR,ERR,ERR,ERR,ERR,ERR,ERR,ERR,0.0,-0.0,-101055584.0,0.0,0.0,0.0,0.0,nan,0,0,0,32768,0,0.0,0,0.0,0.0,0.0,0.0,0.0,0,0,0,0,0.0,0,0,0,0,0,0,0,0,0,0,0,0,0,0,0,0,0,0,0,0,0,0,0,0,0,0,0,0,0,0,0,0,0,0,0,0,0,0,0,0,0,0,0,0,0.0,0.0,0.0,0.0,0.0,0.0,0.0,0.0,0.0,0.0,0.0,0.0,0.0,0.0,0.0,0.0,0.0,0.0,0.0,0.0,0.0,0.0,-0.0,-0.0,-2.004,-0.0,0.0,0.0,0.0,0.0,3368.0,-0.0,0.0,0.0,0.0,-0.0,2.7184274988523002e+23,0.0,0.0,0.0,0.0,0,-1.9056958870913024e+17,-71.629,0.0,0.0,0.0,0.0,0.0,0.0,0.0,0,0,0,0.0,0.0,0.0,0.0,0.0,0.0,0.0,0.0,0.0,0.0,0.0,0.0,0.0,0.0,0.0,0.0,0,-107875648.0,0,0.0,0,-107875648.0,-107877712.0,0,0,17039,13107,17053,26215,17037,0,0,0,110,100,100,0.0,64.0,0.0,64.9,-107615304.0,68.5,1,49,50,180,0,13107,0,0,0.0,0.0,0.0,0.0,-1.1104807233874981e+30,65.0,0.0,2.0822913084046453e+30,0.0,645,0,686,0,0,0,714,0,786,0,707,0,689,0,645,0,641,0,618,0.032,36438016.0,-0.0,0.0,62096,16788,-1.7135393464850278e+37,-0.0,-1.1179819658801735e+35,0.0,1.219864135367989e+21,6.171180586238361e+29,29.0,60.0,70,0.0,0.0,0.0,0.0,0.0,0.0,0.0,0.0,0.0,0.0,0.0,0.0,0.0,0.0,0.0,0.0,59.2,68,11,65509,41,65476,0,300,0,0,8,20529,65476,0,0,61604,60.0,0.0,0.0,0.0,0.0,0.0
2026-04-04T11:41:41,ERR,ERR,ERR,ERR,ERR,ERR,ERR,ERR,ERR,ERR,ERR,ERR,ERR,ERR,ERR,ERR,ERR,ERR,ERR,ERR,ERR,ERR,ERR,ERR,ERR,ERR,ERR,ERR,ERR,ERR,ERR,ERR,ERR,ERR,ERR,ERR,ERR,ERR,ERR,ERR,ERR,ERR,ERR,ERR,ERR,ERR,ERR,ERR,ERR,ERR,ERR,ERR,ERR,ERR,ERR,ERR,ERR,ERR,ERR,ERR,ERR,ERR,ERR,ERR,ERR,ERR,ERR,ERR,ERR,ERR,ERR,ERR,ERR,ERR,ERR,ERR,ERR,ERR,ERR,ERR,ERR,ERR,ERR,ERR,ERR,ERR,ERR,ERR,ERR,ERR,ERR,ERR,ERR,ERR,ERR,ERR,ERR,ERR,ERR,ERR,ERR,ERR,ERR,ERR,ERR,ERR,ERR,ERR,ERR,ERR,ERR,ERR,ERR,ERR,ERR,ERR,ERR,ERR,ERR,ERR,ERR,ERR,ERR,ERR,ERR,0.0,-0.0,-101055584.0,0.0,0.0,0.0,0.0,nan,0,0,0,32768,0,0.0,0,0.0,0.0,0.0,0.0,0.0,0,0,0,0,0.0,0,0,0,0,0,0,0,0,0,0,0,0,0,0,0,0,0,0,0,0,0,0,0,0,0,0,0,0,0,0,0,0,0,0,0,0,0,0,0,0,0,0,0,0,0.0,0.0,0.0,0.0,0.0,0.0,0.0,0.0,0.0,0.0,0.0,0.0,0.0,0.0,0.0,0.0,0.0,0.0,0.0,0.0,0.0,0.0,-0.0,-0.0,-2.004,-0.0,0.0,0.0,0.0,0.0,3368.0,-0.0,0.0,0.0,0.0,-0.0,2.7184274988523002e+23,0.0,0.0,0.0,0.0,0,-1.9056958870913024e+17,-71.629,0.0,0.0,0.0,0.0,0.0,0.0,0.0,0,0,0,0.0,0.0,0.0,0.0,0.0,0.0,0.0,0.0,0.0,0.0,0.0,0.0,0.0,0.0,0.0,0.0,0,-107875648.0,0,0.0,0,-107875648.0,-107877712.0,0,0,17039,13107,17053,26215,17037,0,0,0,110,100,100,0.0,64.0,0.0,64.9,-107615304.0,68.5,1,49,50,180,0,13107,0,0,0.0,0.0,0.0,0.0,-1.1104807233874981e+30,65.0,0.0,2.0822913084046453e+30,0.0,645,0,686,0,0,0,714,0,786,0,707,0,689,0,645,0,641,0,618,0.032,36438016.0,-0.0,0.0,62096,16788,-1.7135393464850278e+37,-0.0,-1.1179819658801735e+35,0.0,1.219864135367989e+21,6.171180586238361e+29,29.0,60.0,70,0.0,0.0,0.0,0.0,0.0,0.0,0.0,0.0,0.0,0.0,0.0,0.0,0.0,0.0,0.0,0.0,59.6,68,11,65509,41,65476,0,300,0,0,8,20529,65476,0,0,61604,60.0,0.0,0.0,0.0,0.0,0.0
2026-04-04T11:41:42,ERR,ERR,ERR,ERR,ERR,ERR,ERR,ERR,ERR,ERR,ERR,ERR,ERR,ERR,ERR,ERR,ERR,ERR,ERR,ERR,ERR,ERR,ERR,ERR,ERR,ERR,ERR,ERR,ERR,ERR,ERR,ERR,ERR,ERR,ERR,ERR,ERR,ERR,ERR,ERR,ERR,ERR,ERR,ERR,ERR,ERR,ERR,ERR,ERR,ERR,ERR,ERR,ERR,ERR,ERR,ERR,ERR,ERR,ERR,ERR,ERR,ERR,ERR,ERR,ERR,ERR,ERR,ERR,ERR,ERR,ERR,ERR,ERR,ERR,ERR,ERR,ERR,ERR,ERR,ERR,ERR,ERR,ERR,ERR,ERR,ERR,ERR,ERR,ERR,ERR,ERR,ERR,ERR,ERR,ERR,ERR,ERR,ERR,ERR,ERR,ERR,ERR,ERR,ERR,ERR,ERR,ERR,ERR,ERR,ERR,ERR,ERR,ERR,ERR,ERR,ERR,ERR,ERR,ERR,ERR,ERR,ERR,ERR,ERR,ERR,0.0,-0.0,-101055584.0,0.0,0.0,0.0,0.0,nan,0,0,0,32768,0,0.0,0,0.0,0.0,0.0,0.0,0.0,0,0,0,0,0.0,0,0,0,0,0,0,0,0,0,0,0,0,0,0,0,0,0,0,0,0,0,0,0,0,0,0,0,0,0,0,0,0,0,0,0,0,0,0,0,0,0,0,0,0,0.0,0.0,0.0,0.0,0.0,0.0,0.0,0.0,0.0,0.0,0.0,0.0,0.0,0.0,0.0,0.0,0.0,0.0,0.0,0.0,0.0,0.0,-0.0,-0.0,-2.004,-0.0,0.0,0.0,0.0,0.0,3368.0,-0.0,0.0,0.0,0.0,-0.0,2.7184274988523002e+23,0.0,0.0,0.0,0.0,0,-1.9056958870913024e+17,-71.629,0.0,0.0,0.0,0.0,0.0,0.0,0.0,0,0,0,0.0,0.0,0.0,0.0,0.0,0.0,0.0,0.0,0.0,0.0,0.0,0.0,0.0,0.0,0.0,0.0,0,-107875648.0,0,0.0,0,-107875648.0,-107877712.0,0,52429,17038,13107,17053,26215,17037,0,0,0,110,100,100,0.0,64.0,0.0,64.9,-107615304.0,68.5,1,49,50,180,0,13107,0,0,0.0,0.0,0.0,0.0,-1.792350955675641e+26,65.0,0.0,11856.492,0.0,645,0,686,0,0,0,715,0,786,0,707,0,689,0,645,0,640,0,618,0.032,36962304.0,-0.0,0.0,38288,16788,-6.239187097085342e+34,0.0,-0.0,0.0,0.0,0.0,29.0,60.0,70,0.0,0.0,0.0,0.0,0.0,0.0,0.0,0.0,0.0,0.0,0.0,0.0,0.0,0.0,0.0,0.0,59.6,68,11,65509,41,65476,0,300,0,0,8,20529,65476,0,0,61604,60.0,0.0,0.0,0.0,0.0,0.0
2026-04-04T11:41:43,ERR,ERR,ERR,ERR,ERR,ERR,ERR,ERR,ERR,ERR,ERR,ERR,ERR,ERR,ERR,ERR,ERR,ERR,ERR,ERR,ERR,ERR,ERR,ERR,ERR,ERR,ERR,ERR,ERR,ERR,ERR,ERR,ERR,ERR,ERR,ERR,ERR,ERR,ERR,ERR,ERR,ERR,ERR,ERR,ERR,ERR,ERR,ERR,ERR,ERR,ERR,ERR,ERR,ERR,ERR,ERR,ERR,ERR,ERR,ERR,ERR,ERR,ERR,ERR,ERR,ERR,ERR,ERR,ERR,ERR,ERR,ERR,ERR,ERR,ERR,ERR,ERR,ERR,ERR,ERR,ERR,ERR,ERR,ERR,ERR,ERR,ERR,ERR,ERR,ERR,ERR,ERR,ERR,ERR,ERR,ERR,ERR,ERR,ERR,ERR,ERR,ERR,ERR,ERR,ERR,ERR,ERR,ERR,ERR,ERR,ERR,ERR,ERR,ERR,ERR,ERR,ERR,ERR,ERR,ERR,ERR,ERR,ERR,ERR,ERR,0.0,-0.0,-101055584.0,0.0,0.0,0.0,0.0,nan,0,0,0,32768,0,0.0,0,0.0,0.0,0.0,0.0,0.0,0,0,0,0,0.0,0,0,0,0,0,0,0,0,0,0,0,0,0,0,0,0,0,0,0,0,0,0,0,0,0,0,0,0,0,0,0,0,0,0,0,0,0,0,0,0,0,0,0,0,0.0,0.0,0.0,0.0,0.0,0.0,0.0,0.0,0.0,0.0,0.0,0.0,0.0,0.0,0.0,0.0,0.0,0.0,0.0,0.0,0.0,0.0,-0.0,-0.0,-2.004,-0.0,0.0,0.0,0.0,0.0,3368.0,-0.0,0.0,0.0,0.0,-0.0,2.7184274988523002e+23,0.0,0.0,0.0,0.0,0,-1.9056958870913024e+17,-71.629,0.0,0.0,0.0,0.0,0.0,0.0,0.0,0,0,0,0.0,0.0,0.0,0.0,0.0,0.0,0.0,0.0,0.0,0.0,0.0,0.0,0.0,0.0,0.0,0.0,0,-107875648.0,0,0.0,0,-107875648.0,-107877712.0,0,52429,17038,13107,17053,26215,17037,0,0,0,110,100,100,0.0,64.0,0.0,64.9,-107615304.0,68.5,1,49,50,180,0,13107,0,0,0.0,0.0,0.0,0.0,-1.792350955675641e+26,65.0,0.0,11856.492,0.0,645,0,686,0,0,0,715,0,786,0,707,0,689,0,645,0,640,0,618,0.032,36962304.0,-0.0,0.0,38288,16788,-6.239187097085342e+34,0.0,-0.0,0.0,0.0,0.0,29.0,60.0,70,0.0,0.0,0.0,0.0,0.0,0.0,0.0,0.0,0.0,0.0,0.0,0.0,0.0,0.0,0.0,0.0,59.6,68,11,65509,41,65476,0,300,0,0,8,20529,65476,0,0,61604,60.0,0.0,0.0,0.0,0.0,0.0
2026-04-04T11:41:44,ERR,ERR,ERR,ERR,ERR,ERR,ERR,ERR,ERR,ERR,ERR,ERR,ERR,ERR,ERR,ERR,ERR,ERR,ERR,ERR,ERR,ERR,ERR,ERR,ERR,ERR,ERR,ERR,ERR,ERR,ERR,ERR,ERR,ERR,ERR,ERR,ERR,ERR,ERR,ERR,ERR,ERR,ERR,ERR,ERR,ERR,ERR,ERR,ERR,ERR,ERR,ERR,ERR,ERR,ERR,ERR,ERR,ERR,ERR,ERR,ERR,ERR,ERR,ERR,ERR,ERR,ERR,ERR,ERR,ERR,ERR,ERR,ERR,ERR,ERR,ERR,ERR,ERR,ERR,ERR,ERR,ERR,ERR,ERR,ERR,ERR,ERR,ERR,ERR,ERR,ERR,ERR,ERR,ERR,ERR,ERR,ERR,ERR,ERR,ERR,ERR,ERR,ERR,ERR,ERR,ERR,ERR,ERR,ERR,ERR,ERR,ERR,ERR,ERR,ERR,ERR,ERR,ERR,ERR,ERR,ERR,ERR,ERR,ERR,ERR,0.0,-0.0,-101055584.0,0.0,0.0,0.0,0.0,nan,0,0,0,32768,0,0.0,0,0.0,0.0,0.0,0.0,0.0,0,0,0,0,0.0,0,0,0,0,0,0,0,0,0,0,0,0,0,0,0,0,0,0,0,0,0,0,0,0,0,0,0,0,0,0,0,0,0,0,0,0,0,0,0,0,0,0,0,0,0.0,0.0,0.0,0.0,0.0,0.0,0.0,0.0,0.0,0.0,0.0,0.0,0.0,0.0,-2.59620661244926e+33,0.0,0.0,0.0,0.0,0.0,0.0,0.0,-0.0,-2.004,-2.004,-0.0,0.0,0.0,0.0,0.0,3365.0,-0.0,0.0,0.0,-0.0,-0.0,2.7184274988523002e+23,0.0,0.0,0.0,0.0,0,-89221.016,-152016173137920.0,0.0,0.0,0.0,0.0,0.0,0.0,0.0,0,0,0,0.0,0.0,0.0,0.0,0.0,0.0,0.0,0.0,0.0,0.0,0.0,0.0,0.0,0.0,0.0,0.0,0,-107875648.0,0,0.0,0,-107875648.0,-107877712.0,0,52429,17038,13107,17053,26215,17037,0,0,0,110,100,100,0.0,64.0,0.0,64.9,-107615304.0,68.5,1,49,50,180,0,13107,0,0,0.0,0.0,0.0,0.0,-1.792350955675641e+26,65.0,0.0,11856.492,0.0,645,0,686,0,0,0,715,0,786,0,707,0,689,0,645,0,640,0,618,0.032,36962304.0,-0.0,0.0,38288,16788,-6.239187097085342e+34,0.0,-0.0,0.0,0.0,0.0,29.0,60.0,70,0.0,0.0,0.0,0.0,0.0,0.0,0.0,0.0,0.0,0.0,0.0,0.0,0.0,0.0,0.0,0.0,59.6,68,11,65509,41,65476,0,300,0,0,8,20529,65476,0,0,61604,60.0,0.0,0.0,0.0,0.0,0.0
2026-04-04T11:41:45,ERR,ERR,ERR,ERR,ERR,ERR,ERR,ERR,ERR,ERR,ERR,ERR,ERR,ERR,ERR,ERR,ERR,ERR,ERR,ERR,ERR,ERR,ERR,ERR,ERR,ERR,ERR,ERR,ERR,ERR,ERR,ERR,ERR,ERR,ERR,ERR,ERR,ERR,ERR,ERR,ERR,ERR,ERR,ERR,ERR,ERR,ERR,ERR,ERR,ERR,ERR,ERR,ERR,ERR,ERR,ERR,ERR,ERR,ERR,ERR,ERR,ERR,ERR,ERR,ERR,ERR,ERR,ERR,ERR,ERR,ERR,ERR,ERR,ERR,ERR,ERR,ERR,ERR,ERR,ERR,ERR,ERR,ERR,ERR,ERR,ERR,ERR,ERR,ERR,ERR,ERR,ERR,ERR,ERR,ERR,ERR,ERR,ERR,ERR,ERR,ERR,ERR,ERR,ERR,ERR,ERR,ERR,ERR,ERR,ERR,ERR,ERR,ERR,ERR,ERR,ERR,ERR,ERR,ERR,ERR,ERR,ERR,ERR,ERR,ERR,0.0,-0.0,-101055584.0,0.0,0.0,0.0,0.0,nan,0,0,0,32768,0,0.0,0,0.0,0.0,0.0,0.0,0.0,0,0,0,0,0.0,0,0,0,0,0,0,0,0,0,0,0,0,0,0,0,0,0,0,0,0,0,0,0,0,0,0,0,0,0,0,0,0,0,0,0,0,0,0,0,0,0,0,0,0,0.0,0.0,0.0,0.0,0.0,0.0,0.0,0.0,0.0,0.0,0.0,0.0,0.0,0.0,-2.59620661244926e+33,0.0,0.0,0.0,0.0,0.0,0.0,0.0,-0.0,-2.004,-2.004,-0.0,0.0,0.0,0.0,0.0,3365.0,-0.0,0.0,0.0,-0.0,-0.0,2.7184274988523002e+23,0.0,0.0,0.0,0.0,0,-89221.016,-152016173137920.0,0.0,0.0,0.0,0.0,0.0,0.0,0.0,0,0,0,0.0,0.0,0.0,0.0,0.0,0.0,0.0,0.0,0.0,0.0,0.0,0.0,0.0,0.0,0.0,0.0,0,-107875648.0,0,0.0,0,-107875648.0,-107877712.0,0,52429,17038,13107,17053,26215,17037,0,0,0,110,100,100,0.0,64.0,0.0,64.9,-107615304.0,68.5,1,49,50,180,0,13107,0,0,0.0,0.0,0.0,0.0,-1.792350955675641e+26,65.0,0.0,11856.492,0.0,645,0,686,0,0,0,715,0,786,0,707,0,689,0,645,0,640,0,618,0.032,36962304.0,-0.0,0.0,38288,16788,-6.239187097085342e+34,0.0,-0.0,0.0,0.0,0.0,29.0,60.0,70,0.0,0.0,0.0,0.0,0.0,0.0,0.0,0.0,0.0,0.0,0.0,0.0,0.0,0.0,0.0,0.0,59.6,68,11,65509,41,65476,0,300,0,0,8,20529,65476,0,0,61604,60.0,0.0,0.0,0.0,0.0,0.0
2026-04-04T11:41:46,ERR,ERR,ERR,ERR,ERR,ERR,ERR,ERR,ERR,ERR,ERR,ERR,ERR,ERR,ERR,ERR,ERR,ERR,ERR,ERR,ERR,ERR,ERR,ERR,ERR,ERR,ERR,ERR,ERR,ERR,ERR,ERR,ERR,ERR,ERR,ERR,ERR,ERR,ERR,ERR,ERR,ERR,ERR,ERR,ERR,ERR,ERR,ERR,ERR,ERR,ERR,ERR,ERR,ERR,ERR,ERR,ERR,ERR,ERR,ERR,ERR,ERR,ERR,ERR,ERR,ERR,ERR,ERR,ERR,ERR,ERR,ERR,ERR,ERR,ERR,ERR,ERR,ERR,ERR,ERR,ERR,ERR,ERR,ERR,ERR,ERR,ERR,ERR,ERR,ERR,ERR,ERR,ERR,ERR,ERR,ERR,ERR,ERR,ERR,ERR,ERR,ERR,ERR,ERR,ERR,ERR,ERR,ERR,ERR,ERR,ERR,ERR,ERR,ERR,ERR,ERR,ERR,ERR,ERR,ERR,ERR,ERR,ERR,ERR,ERR,0.0,-0.0,-101055584.0,0.0,0.0,0.0,0.0,nan,0,0,0,32768,0,0.0,0,0.0,0.0,0.0,0.0,0.0,0,0,0,0,0.0,0,0,0,0,0,0,0,0,0,0,0,0,0,0,0,0,0,0,0,0,0,0,0,0,0,0,0,0,0,0,0,0,0,0,0,0,0,0,0,0,0,0,0,0,0.0,0.0,0.0,0.0,0.0,0.0,0.0,0.0,0.0,0.0,0.0,0.0,0.0,0.0,-2.59620661244926e+33,0.0,0.0,0.0,0.0,0.0,0.0,0.0,-0.0,-2.004,-2.004,-0.0,0.0,0.0,0.0,0.0,3365.0,-0.0,0.0,0.0,-0.0,-0.0,2.7184274988523002e+23,0.0,0.0,0.0,0.0,0,-89221.016,-152016173137920.0,0.0,0.0,0.0,0.0,0.0,0.0,0.0,0,0,0,0.0,0.0,0.0,0.0,0.0,0.0,0.0,0.0,0.0,0.0,0.0,0.0,0.0,0.0,0.0,0.0,0,-107875648.0,0,0.0,0,-107875648.0,-107877712.0,0,52429,17038,13107,17053,26215,17037,0,0,0,110,100,100,0.0,64.0,0.0,64.9,-107615304.0,68.5,1,49,50,180,0,13107,0,0,0.0,0.0,0.0,0.0,-1.792350955675641e+26,65.0,0.0,11856.492,0.0,645,0,686,0,0,0,715,0,786,0,707,0,689,0,645,0,640,0,618,0.032,36962304.0,-0.0,0.0,38288,16788,-6.239187097085342e+34,0.0,-0.0,0.0,0.0,0.0,29.0,60.0,70,0.0,0.0,0.0,0.0,0.0,0.0,0.0,0.0,0.0,0.0,0.0,0.0,0.0,0.0,0.0,0.0,59.6,68,11,65509,41,65476,0,300,0,0,8,20529,65476,0,0,61604,60.0,0.0,0.0,0.0,0.0,0.0
2026-04-04T11:41:47,ERR,ERR,ERR,ERR,ERR,ERR,ERR,ERR,ERR,ERR,ERR,ERR,ERR,ERR,ERR,ERR,ERR,ERR,ERR,ERR,ERR,ERR,ERR,ERR,ERR,ERR,ERR,ERR,ERR,ERR,ERR,ERR,ERR,ERR,ERR,ERR,ERR,ERR,ERR,ERR,ERR,ERR,ERR,ERR,ERR,ERR,ERR,ERR,ERR,ERR,ERR,ERR,ERR,ERR,ERR,ERR,ERR,ERR,ERR,ERR,ERR,ERR,ERR,ERR,ERR,ERR,ERR,ERR,ERR,ERR,ERR,ERR,ERR,ERR,ERR,ERR,ERR,ERR,ERR,ERR,ERR,ERR,ERR,ERR,ERR,ERR,ERR,ERR,ERR,ERR,ERR,ERR,ERR,ERR,ERR,ERR,ERR,ERR,ERR,ERR,ERR,ERR,ERR,ERR,ERR,ERR,ERR,ERR,ERR,ERR,ERR,ERR,ERR,ERR,ERR,ERR,ERR,ERR,ERR,ERR,ERR,ERR,ERR,ERR,ERR,0.0,-0.0,-101055584.0,0.0,0.0,0.0,0.0,nan,0,0,0,32768,0,0.0,0,0.0,0.0,0.0,0.0,0.0,0,0,0,0,0.0,0,0,0,0,0,0,0,0,0,0,0,0,0,0,0,0,0,0,0,0,0,0,0,0,0,0,0,0,0,0,0,0,0,0,0,0,0,0,0,0,0,0,0,0,0.0,0.0,0.0,0.0,0.0,0.0,0.0,0.0,0.0,0.0,0.0,0.0,0.0,0.0,-2.59620661244926e+33,0.0,0.0,0.0,0.0,0.0,0.0,0.0,-0.0,-2.004,-2.004,-0.0,0.0,0.0,0.0,0.0,3365.0,-0.0,0.0,0.0,-0.0,-0.0,2.7184274988523002e+23,0.0,0.0,0.0,0.0,0,-89221.016,-152016173137920.0,0.0,0.0,0.0,0.0,0.0,0.0,0.0,0,0,0,0.0,0.0,0.0,0.0,0.0,0.0,0.0,0.0,0.0,0.0,0.0,0.0,0.0,0.0,0.0,0.0,0,-107875648.0,0,0.0,0,-107875648.0,-107877712.0,0,52429,17038,13107,17053,26215,17037,0,0,0,110,100,100,0.0,64.0,0.0,64.9,-107615304.0,68.5,1,49,50,180,0,13107,0,0,0.0,0.0,0.0,0.0,-1.792350955675641e+26,65.0,0.0,11856.492,0.0,645,0,686,0,0,0,715,0,786,0,707,0,689,0,645,0,640,0,618,0.032,36962304.0,-0.0,0.0,38288,16788,-6.239187097085342e+34,0.0,-0.0,0.0,0.0,0.0,29.0,60.0,70,0.0,0.0,0.0,0.0,0.0,0.0,0.0,0.0,0.0,0.0,0.0,0.0,0.0,0.0,0.0,0.0,59.2,68,11,65509,41,65476,0,300,0,0,8,20529,65476,0,0,61604,60.0,0.0,0.0,0.0,0.0,0.0
2026-04-04T11:41:48,ERR,ERR,ERR,ERR,ERR,ERR,ERR,ERR,ERR,ERR,ERR,ERR,ERR,ERR,ERR,ERR,ERR,ERR,ERR,ERR,ERR,ERR,ERR,ERR,ERR,ERR,ERR,ERR,ERR,ERR,ERR,ERR,ERR,ERR,ERR,ERR,ERR,ERR,ERR,ERR,ERR,ERR,ERR,ERR,ERR,ERR,ERR,ERR,ERR,ERR,ERR,ERR,ERR,ERR,ERR,ERR,ERR,ERR,ERR,ERR,ERR,ERR,ERR,ERR,ERR,ERR,ERR,ERR,ERR,ERR,ERR,ERR,ERR,ERR,ERR,ERR,ERR,ERR,ERR,ERR,ERR,ERR,ERR,ERR,ERR,ERR,ERR,ERR,ERR,ERR,ERR,ERR,ERR,ERR,ERR,ERR,ERR,ERR,ERR,ERR,ERR,ERR,ERR,ERR,ERR,ERR,ERR,ERR,ERR,ERR,ERR,ERR,ERR,ERR,ERR,ERR,ERR,ERR,ERR,ERR,ERR,ERR,ERR,ERR,ERR,0.0,-0.0,-101055584.0,0.0,0.0,0.0,0.0,nan,0,0,0,32768,0,0.0,0,0.0,0.0,0.0,0.0,0.0,0,0,0,0,0.0,0,0,0,0,0,0,0,0,0,0,0,0,0,0,0,0,0,0,0,0,0,0,0,0,0,0,0,0,0,0,0,0,0,0,0,0,0,0,0,0,0,0,0,0,0.0,0.0,0.0,0.0,0.0,0.0,0.0,0.0,0.0,0.0,0.0,0.0,0.0,0.0,-2.59620661244926e+33,0.0,0.0,0.0,0.0,0.0,0.0,0.0,-0.0,-2.004,-2.004,-0.0,0.0,0.0,0.0,0.0,3365.0,-0.0,0.0,0.0,-0.0,-0.0,2.7184274988523002e+23,0.0,0.0,0.0,0.0,0,-89221.016,-152016173137920.0,0.0,0.0,0.0,0.0,0.0,0.0,0.0,0,0,0,0.0,0.0,0.0,0.0,0.0,0.0,0.0,0.0,0.0,0.0,0.0,0.0,0.0,0.0,0.0,0.0,0,-107875648.0,0,0.0,0,-107875648.0,-107877712.0,0,52429,17038,13107,17053,39322,17037,0,0,0,110,100,100,0.0,64.0,0.0,64.9,-107615304.0,68.5,1,49,50,180,0,13107,0,0,0.0,0.0,0.0,0.0,-4.0048132745466566e+35,65.0,0.0,-0.0,0.0,645,0,686,0,0,0,715,0,786,0,707,0,689,0,645,0,641,0,618,0.032,36438016.0,-0.0,0.0,4624,16789,0.0,-0.0,2.4107907155894818e+24,-0.0,0.0,-9.948602376693698e+33,29.0,60.0,70,0.0,0.0,0.0,0.0,0.0,0.0,0.0,0.0,0.0,0.0,0.0,0.0,0.0,0.0,0.0,0.0,59.2,68,11,65509,41,65476,0,300,0,0,8,20529,65476,0,0,61604,60.0,0.0,0.0,0.0,0.0,0.0
2026-04-04T11:41:49,ERR,ERR,ERR,ERR,ERR,ERR,ERR,ERR,ERR,ERR,ERR,ERR,ERR,ERR,ERR,ERR,ERR,ERR,ERR,ERR,ERR,ERR,ERR,ERR,ERR,ERR,ERR,ERR,ERR,ERR,ERR,ERR,ERR,ERR,ERR,ERR,ERR,ERR,ERR,ERR,ERR,ERR,ERR,ERR,ERR,ERR,ERR,ERR,ERR,ERR,ERR,ERR,ERR,ERR,ERR,ERR,ERR,ERR,ERR,ERR,ERR,ERR,ERR,ERR,ERR,ERR,ERR,ERR,ERR,ERR,ERR,ERR,ERR,ERR,ERR,ERR,ERR,ERR,ERR,ERR,ERR,ERR,ERR,ERR,ERR,ERR,ERR,ERR,ERR,ERR,ERR,ERR,ERR,ERR,ERR,ERR,ERR,ERR,ERR,ERR,ERR,ERR,ERR,ERR,ERR,ERR,ERR,ERR,ERR,ERR,ERR,ERR,ERR,ERR,ERR,ERR,ERR,ERR,ERR,ERR,ERR,ERR,ERR,ERR,ERR,0.0,-0.0,-101055584.0,0.0,0.0,0.0,0.0,nan,0,0,0,32768,0,0.0,0,0.0,0.0,0.0,0.0,0.0,0,0,0,0,0.0,0,0,0,0,0,0,0,0,0,0,0,0,0,0,0,0,0,0,0,0,0,0,0,0,0,0,0,0,0,0,0,0,0,0,0,0,0,0,0,0,0,0,0,0,0.0,0.0,0.0,0.0,0.0,0.0,0.0,0.0,0.0,0.0,0.0,0.0,0.0,0.0,-2.59620661244926e+33,0.0,0.0,0.0,0.0,0.0,0.0,0.0,-0.0,-2.004,-2.004,-0.0,0.0,0.0,0.0,0.0,3365.0,-0.0,0.0,0.0,-0.0,-0.0,2.7184274988523002e+23,0.0,0.0,0.0,0.0,0,-89221.016,-152016173137920.0,0.0,0.0,0.0,0.0,0.0,0.0,0.0,0,0,0,0.0,0.0,0.0,0.0,0.0,0.0,0.0,0.0,0.0,0.0,0.0,0.0,0.0,0.0,0.0,0.0,0,-107875648.0,0,0.0,0,-107875648.0,-107877712.0,0,52429,17038,13107,17053,39322,17037,0,0,0,110,100,100,0.0,64.0,0.0,64.9,-107615304.0,68.5,1,49,50,180,0,13107,0,0,0.0,0.0,0.0,0.0,-4.0048132745466566e+35,65.0,0.0,-0.0,0.0,645,0,686,0,0,0,715,0,786,0,707,0,689,0,645,0,641,0,618,0.032,36438016.0,-0.0,0.0,4624,16789,0.0,-0.0,2.4107907155894818e+24,-0.0,0.0,-9.948602376693698e+33,29.0,60.0,70,0.0,0.0,0.0,0.0,0.0,0.0,0.0,0.0,0.0,0.0,0.0,0.0,0.0,0.0,0.0,0.0,59.2,68,11,65509,41,65476,0,300,0,0,8,20529,65476,0,0,61604,60.0,0.0,0.0,0.0,0.0,0.0
2026-04-04T11:41:50,ERR,ERR,ERR,ERR,ERR,ERR,ERR,ERR,ERR,ERR,ERR,ERR,ERR,ERR,ERR,ERR,ERR,ERR,ERR,ERR,ERR,ERR,ERR,ERR,ERR,ERR,ERR,ERR,ERR,ERR,ERR,ERR,ERR,ERR,ERR,ERR,ERR,ERR,ERR,ERR,ERR,ERR,ERR,ERR,ERR,ERR,ERR,ERR,ERR,ERR,ERR,ERR,ERR,ERR,ERR,ERR,ERR,ERR,ERR,ERR,ERR,ERR,ERR,ERR,ERR,ERR,ERR,ERR,ERR,ERR,ERR,ERR,ERR,ERR,ERR,ERR,ERR,ERR,ERR,ERR,ERR,ERR,ERR,ERR,ERR,ERR,ERR,ERR,ERR,ERR,ERR,ERR,ERR,ERR,ERR,ERR,ERR,ERR,ERR,ERR,ERR,ERR,ERR,ERR,ERR,ERR,ERR,ERR,ERR,ERR,ERR,ERR,ERR,ERR,ERR,ERR,ERR,ERR,ERR,ERR,ERR,ERR,ERR,ERR,ERR,0.0,-0.0,-101055584.0,0.0,0.0,0.0,0.0,nan,0,0,0,32768,0,0.0,0,0.0,0.0,0.0,0.0,0.0,0,0,0,0,0.0,0,0,0,0,0,0,0,0,0,0,0,0,0,0,0,0,0,0,0,0,0,0,0,0,0,0,0,0,0,0,0,0,0,0,0,0,0,0,0,0,0,0,0,0,0.0,0.0,0.0,0.0,0.0,0.0,0.0,0.0,0.0,0.0,0.0,0.0,0.0,0.0,-2.59620661244926e+33,0.0,0.0,0.0,0.0,0.0,0.0,0.0,-0.0,-2.004,-2.004,-0.0,0.0,0.0,0.0,0.0,3365.0,-0.0,0.0,0.0,-0.0,-0.0,2.7184274988523002e+23,0.0,0.0,0.0,0.0,0,-89221.016,-152016173137920.0,0.0,0.0,0.0,0.0,0.0,0.0,0.0,0,0,0,0.0,0.0,0.0,0.0,0.0,0.0,0.0,0.0,0.0,0.0,0.0,0.0,0.0,0.0,0.0,0.0,0,-107875648.0,0,0.0,0,-107875648.0,-107877712.0,0,52429,17038,13107,17053,39322,17037,0,0,0,110,100,100,0.0,64.0,0.0,64.9,-107615304.0,68.5,1,49,50,180,0,13107,0,0,0.0,0.0,0.0,0.0,-4.0048132745466566e+35,65.0,0.0,-0.0,0.0,645,0,686,0,0,0,715,0,786,0,707,0,689,0,645,0,641,0,618,0.032,36438016.0,-0.0,0.0,4624,16789,0.0,-0.0,2.4107907155894818e+24,-0.0,0.0,-9.948602376693698e+33,29.0,60.0,70,0.0,0.0,0.0,0.0,0.0,0.0,0.0,0.0,0.0,0.0,0.0,0.0,0.0,0.0,0.0,0.0,59.6,68,11,65509,41,65476,0,300,0,0,8,20529,65476,0,0,61604,60.0,0.0,0.0,0.0,0.0,0.0
2026-04-04T11:41:51,ERR,ERR,ERR,ERR,ERR,ERR,ERR,ERR,ERR,ERR,ERR,ERR,ERR,ERR,ERR,ERR,ERR,ERR,ERR,ERR,ERR,ERR,ERR,ERR,ERR,ERR,ERR,ERR,ERR,ERR,ERR,ERR,ERR,ERR,ERR,ERR,ERR,ERR,ERR,ERR,ERR,ERR,ERR,ERR,ERR,ERR,ERR,ERR,ERR,ERR,ERR,ERR,ERR,ERR,ERR,ERR,ERR,ERR,ERR,ERR,ERR,ERR,ERR,ERR,ERR,ERR,ERR,ERR,ERR,ERR,ERR,ERR,ERR,ERR,ERR,ERR,ERR,ERR,ERR,ERR,ERR,ERR,ERR,ERR,ERR,ERR,ERR,ERR,ERR,ERR,ERR,ERR,ERR,ERR,ERR,ERR,ERR,ERR,ERR,ERR,ERR,ERR,ERR,ERR,ERR,ERR,ERR,ERR,ERR,ERR,ERR,ERR,ERR,ERR,ERR,ERR,ERR,ERR,ERR,ERR,ERR,ERR,ERR,ERR,ERR,0.0,-0.0,-101055584.0,0.0,0.0,0.0,0.0,nan,0,0,0,32768,0,0.0,0,0.0,0.0,0.0,0.0,0.0,0,0,0,0,0.0,0,0,0,0,0,0,0,0,0,0,0,0,0,0,0,0,0,0,0,0,0,0,0,0,0,0,0,0,0,0,0,0,0,0,0,0,0,0,0,0,0,0,0,0,0.0,0.0,0.0,0.0,0.0,0.0,0.0,0.0,0.0,0.0,0.0,0.0,0.0,0.0,-2.59620661244926e+33,0.0,0.0,0.0,0.0,0.0,0.0,0.0,-0.0,-2.004,-2.004,-0.0,0.0,0.0,0.0,0.0,3365.0,-0.0,0.0,0.0,-0.0,-0.0,2.7184274988523002e+23,0.0,0.0,0.0,0.0,0,-89221.016,-152016173137920.0,0.0,0.0,0.0,0.0,0.0,0.0,0.0,0,0,0,0.0,0.0,0.0,0.0,0.0,0.0,0.0,0.0,0.0,0.0,0.0,0.0,0.0,0.0,0.0,0.0,0,-107875648.0,0,0.0,0,-107875648.0,-107877712.0,0,52429,17038,13107,17053,39322,17037,0,0,0,110,100,100,0.0,64.0,0.0,64.9,-107615304.0,68.5,1,49,50,180,0,13107,0,0,0.0,0.0,0.0,0.0,-4.0048132745466566e+35,65.0,0.0,-0.0,0.0,645,0,686,0,0,0,715,0,786,0,707,0,689,0,645,0,641,0,618,0.032,36438016.0,-0.0,0.0,4624,16789,0.0,-0.0,2.4107907155894818e+24,-0.0,0.0,-9.948602376693698e+33,29.0,60.0,70,0.0,0.0,0.0,0.0,0.0,0.0,0.0,0.0,0.0,0.0,0.0,0.0,0.0,0.0,0.0,0.0,59.6,68,11,65509,41,65476,0,300,0,0,8,20529,65476,0,0,61604,60.0,0.0,0.0,0.0,0.0,0.0
2026-04-04T11:41:52,ERR,ERR,ERR,ERR,ERR,ERR,ERR,ERR,ERR,ERR,ERR,ERR,ERR,ERR,ERR,ERR,ERR,ERR,ERR,ERR,ERR,ERR,ERR,ERR,ERR,ERR,ERR,ERR,ERR,ERR,ERR,ERR,ERR,ERR,ERR,ERR,ERR,ERR,ERR,ERR,ERR,ERR,ERR,ERR,ERR,ERR,ERR,ERR,ERR,ERR,ERR,ERR,ERR,ERR,ERR,ERR,ERR,ERR,ERR,ERR,ERR,ERR,ERR,ERR,ERR,ERR,ERR,ERR,ERR,ERR,ERR,ERR,ERR,ERR,ERR,ERR,ERR,ERR,ERR,ERR,ERR,ERR,ERR,ERR,ERR,ERR,ERR,ERR,ERR,ERR,ERR,ERR,ERR,ERR,ERR,ERR,ERR,ERR,ERR,ERR,ERR,ERR,ERR,ERR,ERR,ERR,ERR,ERR,ERR,ERR,ERR,ERR,ERR,ERR,ERR,ERR,ERR,ERR,ERR,ERR,ERR,ERR,ERR,ERR,ERR,0.0,-0.0,-101055584.0,0.0,0.0,0.0,0.0,nan,0,0,0,32768,0,0.0,0,0.0,0.0,0.0,0.0,0.0,0,0,0,0,0.0,0,0,0,0,0,0,0,0,0,0,0,0,0,0,0,0,0,0,0,0,0,0,0,0,0,0,0,0,0,0,0,0,0,0,0,0,0,0,0,0,0,0,0,0,0.0,0.0,0.0,0.0,0.0,0.0,0.0,0.0,0.0,0.0,0.0,0.0,0.0,0.0,0.0,0.0,0.0,0.0,0.0,0.0,0.0,0.0,-0.0,-2.004,-2.004,-0.0,0.0,0.0,0.0,0.0,3367.5,-2.004,0.0,0.0,-0.0,-0.0,2.7184274988523002e+23,0.0,0.0,0.0,0.0,0,-1.9056958870913024e+17,-2.308816440498921e+20,0.0,0.0,0.0,0.0,0.0,0.0,0.0,0,0,0,0.0,0.0,0.0,0.0,0.0,0.0,0.0,0.0,0.0,0.0,0.0,0.0,0.0,0.0,0.0,0.0,0,-107875648.0,0,0.0,0,-107875648.0,-107877712.0,0,52429,17038,13107,17053,39322,17037,0,0,0,110,100,100,0.0,64.0,0.0,64.9,-107615304.0,68.5,1,49,50,180,0,13107,0,0,0.0,0.0,0.0,0.0,-4.0048132745466566e+35,65.0,0.0,-0.0,0.0,645,0,686,0,0,0,715,0,786,0,707,0,689,0,645,0,641,0,618,0.032,36438016.0,-0.0,0.0,4624,16789,0.0,-0.0,2.4107907155894818e+24,-0.0,0.0,-9.948602376693698e+33,29.0,60.0,70,0.0,0.0,0.0,0.0,0.0,0.0,0.0,0.0,0.0,0.0,0.0,0.0,0.0,0.0,0.0,0.0,59.2,68,11,65509,41,65476,0,300,0,0,8,20529,65476,0,0,61604,60.0,0.0,0.0,0.0,0.0,0.0
2026-04-04T11:41:53,ERR,ERR,ERR,ERR,ERR,ERR,ERR,ERR,ERR,ERR,ERR,ERR,ERR,ERR,ERR,ERR,ERR,ERR,ERR,ERR,ERR,ERR,ERR,ERR,ERR,ERR,ERR,ERR,ERR,ERR,ERR,ERR,ERR,ERR,ERR,ERR,ERR,ERR,ERR,ERR,ERR,ERR,ERR,ERR,ERR,ERR,ERR,ERR,ERR,ERR,ERR,ERR,ERR,ERR,ERR,ERR,ERR,ERR,ERR,ERR,ERR,ERR,ERR,ERR,ERR,ERR,ERR,ERR,ERR,ERR,ERR,ERR,ERR,ERR,ERR,ERR,ERR,ERR,ERR,ERR,ERR,ERR,ERR,ERR,ERR,ERR,ERR,ERR,ERR,ERR,ERR,ERR,ERR,ERR,ERR,ERR,ERR,ERR,ERR,ERR,ERR,ERR,ERR,ERR,ERR,ERR,ERR,ERR,ERR,ERR,ERR,ERR,ERR,ERR,ERR,ERR,ERR,ERR,ERR,ERR,ERR,ERR,ERR,ERR,ERR,0.0,-0.0,-101055584.0,0.0,0.0,0.0,0.0,nan,0,0,0,32768,0,0.0,0,0.0,0.0,0.0,0.0,0.0,0,0,0,0,0.0,0,0,0,0,0,0,0,0,0,0,0,0,0,0,0,0,0,0,0,0,0,0,0,0,0,0,0,0,0,0,0,0,0,0,0,0,0,0,0,0,0,0,0,0,0.0,0.0,0.0,0.0,0.0,0.0,0.0,0.0,0.0,0.0,0.0,0.0,0.0,0.0,0.0,0.0,0.0,0.0,0.0,0.0,0.0,0.0,-0.0,-2.004,-2.004,-0.0,0.0,0.0,0.0,0.0,3367.5,-2.004,0.0,0.0,-0.0,-0.0,2.7184274988523002e+23,0.0,0.0,0.0,0.0,0,-1.9056958870913024e+17,-2.308816440498921e+20,0.0,0.0,0.0,0.0,0.0,0.0,0.0,0,0,0,0.0,0.0,0.0,0.0,0.0,0.0,0.0,0.0,0.0,0.0,0.0,0.0,0.0,0.0,0.0,0.0,0,-107875648.0,0,0.0,0,-107875648.0,-107877712.0,0,52429,17038,13107,17053,39322,17037,0,0,0,110,100,100,0.0,64.0,0.0,64.9,-107615304.0,68.5,1,49,50,180,0,13107,0,0,0.0,0.0,0.0,0.0,-4.0048132745466566e+35,65.0,0.0,-0.0,0.0,645,0,686,0,0,0,715,0,786,0,707,0,689,0,645,0,641,0,618,0.032,36438016.0,-0.0,0.0,4624,16789,0.0,-0.0,2.4107907155894818e+24,-0.0,0.0,-9.948602376693698e+33,29.0,60.0,70,0.0,0.0,0.0,0.0,0.0,0.0,0.0,0.0,0.0,0.0,0.0,0.0,0.0,0.0,0.0,0.0,59.2,68,11,65509,41,65476,0,300,0,0,8,20529,65476,0,0,61604,60.0,0.0,0.0,0.0,0.0,0.0
2026-04-04T11:41:54,ERR,ERR,ERR,ERR,ERR,ERR,ERR,ERR,ERR,ERR,ERR,ERR,ERR,ERR,ERR,ERR,ERR,ERR,ERR,ERR,ERR,ERR,ERR,ERR,ERR,ERR,ERR,ERR,ERR,ERR,ERR,ERR,ERR,ERR,ERR,ERR,ERR,ERR,ERR,ERR,ERR,ERR,ERR,ERR,ERR,ERR,ERR,ERR,ERR,ERR,ERR,ERR,ERR,ERR,ERR,ERR,ERR,ERR,ERR,ERR,ERR,ERR,ERR,ERR,ERR,ERR,ERR,ERR,ERR,ERR,ERR,ERR,ERR,ERR,ERR,ERR,ERR,ERR,ERR,ERR,ERR,ERR,ERR,ERR,ERR,ERR,ERR,ERR,ERR,ERR,ERR,ERR,ERR,ERR,ERR,ERR,ERR,ERR,ERR,ERR,ERR,ERR,ERR,ERR,ERR,ERR,ERR,ERR,ERR,ERR,ERR,ERR,ERR,ERR,ERR,ERR,ERR,ERR,ERR,ERR,ERR,ERR,ERR,ERR,ERR,0.0,-0.0,-101055584.0,0.0,0.0,0.0,0.0,nan,0,0,0,32768,0,0.0,0,0.0,0.0,0.0,0.0,0.0,0,0,0,0,0.0,0,0,0,0,0,0,0,0,0,0,0,0,0,0,0,0,0,0,0,0,0,0,0,0,0,0,0,0,0,0,0,0,0,0,0,0,0,0,0,0,0,0,0,0,0.0,0.0,0.0,0.0,0.0,0.0,0.0,0.0,0.0,0.0,0.0,0.0,0.0,0.0,0.0,0.0,0.0,0.0,0.0,0.0,0.0,0.0,-0.0,-2.004,-2.004,-0.0,0.0,0.0,0.0,0.0,3367.5,-2.004,0.0,0.0,-0.0,-0.0,2.7184274988523002e+23,0.0,0.0,0.0,0.0,0,-1.9056958870913024e+17,-2.308816440498921e+20,0.0,0.0,0.0,0.0,0.0,0.0,0.0,0,0,0,0.0,0.0,0.0,0.0,0.0,0.0,0.0,0.0,0.0,0.0,0.0,0.0,0.0,0.0,0.0,0.0,0,-107875648.0,0,0.0,0,-107875648.0,-107877712.0,0,0,17039,13107,17053,26215,17037,0,0,0,110,100,100,0.0,64.0,0.0,64.9,-107615304.0,68.5,1,49,50,180,0,13107,0,0,0.0,0.0,0.0,0.0,0.0,65.5,0.0,-0.0,0.0,645,0,686,0,0,0,714,0,786,0,707,0,689,0,645,0,641,0,618,0.032,37486592.0,-0.0,0.0,52880,16788,0.0,1.3863074676709786e+17,3.6434552543741215e+18,397817610240.0,0.0,-8.281917088042038e+29,29.0,60.0,70,0.0,0.0,0.0,0.0,0.0,0.0,0.0,0.0,0.0,0.0,0.0,0.0,0.0,0.0,0.0,0.0,59.2,68,11,65509,41,65476,0,300,0,0,8,20529,65476,0,0,61604,60.0,0.0,0.0,0.0,0.0,0.0
2026-04-04T11:41:55,ERR,ERR,ERR,ERR,ERR,ERR,ERR,ERR,ERR,ERR,ERR,ERR,ERR,ERR,ERR,ERR,ERR,ERR,ERR,ERR,ERR,ERR,ERR,ERR,ERR,ERR,ERR,ERR,ERR,ERR,ERR,ERR,ERR,ERR,ERR,ERR,ERR,ERR,ERR,ERR,ERR,ERR,ERR,ERR,ERR,ERR,ERR,ERR,ERR,ERR,ERR,ERR,ERR,ERR,ERR,ERR,ERR,ERR,ERR,ERR,ERR,ERR,ERR,ERR,ERR,ERR,ERR,ERR,ERR,ERR,ERR,ERR,ERR,ERR,ERR,ERR,ERR,ERR,ERR,ERR,ERR,ERR,ERR,ERR,ERR,ERR,ERR,ERR,ERR,ERR,ERR,ERR,ERR,ERR,ERR,ERR,ERR,ERR,ERR,ERR,ERR,ERR,ERR,ERR,ERR,ERR,ERR,ERR,ERR,ERR,ERR,ERR,ERR,ERR,ERR,ERR,ERR,ERR,ERR,ERR,ERR,ERR,ERR,ERR,ERR,0.0,-0.0,-101055584.0,0.0,0.0,0.0,0.0,nan,0,0,0,32768,0,0.0,0,0.0,0.0,0.0,0.0,0.0,0,0,0,0,0.0,0,0,0,0,0,0,0,0,0,0,0,0,0,0,0,0,0,0,0,0,0,0,0,0,0,0,0,0,0,0,0,0,0,0,0,0,0,0,0,0,0,0,0,0,0.0,0.0,0.0,0.0,0.0,0.0,0.0,0.0,0.0,0.0,0.0,0.0,0.0,0.0,0.0,0.0,0.0,0.0,0.0,0.0,0.0,0.0,-0.0,-2.004,-2.004,-0.0,0.0,0.0,0.0,0.0,3367.5,-2.004,0.0,0.0,-0.0,-0.0,2.7184274988523002e+23,0.0,0.0,0.0,0.0,0,-1.9056958870913024e+17,-2.308816440498921e+20,0.0,0.0,0.0,0.0,0.0,0.0,0.0,0,0,0,0.0,0.0,0.0,0.0,0.0,0.0,0.0,0.0,0.0,0.0,0.0,0.0,0.0,0.0,0.0,0.0,0,-107875648.0,0,0.0,0,-107875648.0,-107877712.0,0,0,17039,13107,17053,26215,17037,0,0,0,110,100,100,0.0,64.0,0.0,64.9,-107615304.0,68.5,1,49,50,180,0,13107,0,0,0.0,0.0,0.0,0.0,0.0,65.5,0.0,-0.0,0.0,645,0,686,0,0,0,714,0,786,0,707,0,689,0,645,0,641,0,618,0.032,37486592.0,-0.0,0.0,52880,16788,0.0,1.3863074676709786e+17,3.6434552543741215e+18,397817610240.0,0.0,-8.281917088042038e+29,29.0,60.0,70,0.0,0.0,0.0,0.0,0.0,0.0,0.0,0.0,0.0,0.0,0.0,0.0,0.0,0.0,0.0,0.0,59.6,68,11,65509,41,65476,0,300,0,0,8,20529,65476,0,0,61604,60.0,0.0,0.0,0.0,0.0,0.0
2026-04-04T11:41:56,ERR,ERR,ERR,ERR,ERR,ERR,ERR,ERR,ERR,ERR,ERR,ERR,ERR,ERR,ERR,ERR,ERR,ERR,ERR,ERR,ERR,ERR,ERR,ERR,ERR,ERR,ERR,ERR,ERR,ERR,ERR,ERR,ERR,ERR,ERR,ERR,ERR,ERR,ERR,ERR,ERR,ERR,ERR,ERR,ERR,ERR,ERR,ERR,ERR,ERR,ERR,ERR,ERR,ERR,ERR,ERR,ERR,ERR,ERR,ERR,ERR,ERR,ERR,ERR,ERR,ERR,ERR,ERR,ERR,ERR,ERR,ERR,ERR,ERR,ERR,ERR,ERR,ERR,ERR,ERR,ERR,ERR,ERR,ERR,ERR,ERR,ERR,ERR,ERR,ERR,ERR,ERR,ERR,ERR,ERR,ERR,ERR,ERR,ERR,ERR,ERR,ERR,ERR,ERR,ERR,ERR,ERR,ERR,ERR,ERR,ERR,ERR,ERR,ERR,ERR,ERR,ERR,ERR,ERR,ERR,ERR,ERR,ERR,ERR,ERR,0.0,-0.0,-101055584.0,0.0,0.0,0.0,0.0,nan,0,0,0,32768,0,0.0,0,0.0,0.0,0.0,0.0,0.0,0,0,0,0,0.0,0,0,0,0,0,0,0,0,0,0,0,0,0,0,0,0,0,0,0,0,0,0,0,0,0,0,0,0,0,0,0,0,0,0,0,0,0,0,0,0,0,0,0,0,0.0,0.0,0.0,0.0,0.0,0.0,0.0,0.0,0.0,0.0,0.0,0.0,0.0,0.0,0.0,0.0,0.0,0.0,0.0,0.0,0.0,0.0,-0.0,-2.004,-2.004,-0.0,0.0,0.0,0.0,0.0,3367.5,-2.004,0.0,0.0,-0.0,-0.0,2.7184274988523002e+23,0.0,0.0,0.0,0.0,0,-1.9056958870913024e+17,-2.308816440498921e+20,0.0,0.0,0.0,0.0,0.0,0.0,0.0,0,0,0,0.0,0.0,0.0,0.0,0.0,0.0,0.0,0.0,0.0,0.0,0.0,0.0,0.0,0.0,0.0,0.0,0,-107875648.0,0,0.0,0,-107875648.0,-107877712.0,0,0,17039,13107,17053,26215,17037,0,0,0,110,100,100,0.0,64.0,0.0,64.9,-107615304.0,68.5,1,49,50,180,0,13107,0,0,0.0,0.0,0.0,0.0,0.0,65.5,0.0,-0.0,0.0,645,0,686,0,0,0,714,0,786,0,707,0,689,0,645,0,641,0,618,0.032,37486592.0,-0.0,0.0,52880,16788,0.0,1.3863074676709786e+17,3.6434552543741215e+18,397817610240.0,0.0,-8.281917088042038e+29,29.0,60.0,70,0.0,0.0,0.0,0.0,0.0,0.0,0.0,0.0,0.0,0.0,0.0,0.0,0.0,0.0,0.0,0.0,59.2,68,11,65509,41,65476,0,300,0,0,8,20529,65476,0,0,61604,60.0,0.0,0.0,0.0,0.0,0.0
2026-04-04T11:41:57,ERR,ERR,ERR,ERR,ERR,ERR,ERR,ERR,ERR,ERR,ERR,ERR,ERR,ERR,ERR,ERR,ERR,ERR,ERR,ERR,ERR,ERR,ERR,ERR,ERR,ERR,ERR,ERR,ERR,ERR,ERR,ERR,ERR,ERR,ERR,ERR,ERR,ERR,ERR,ERR,ERR,ERR,ERR,ERR,ERR,ERR,ERR,ERR,ERR,ERR,ERR,ERR,ERR,ERR,ERR,ERR,ERR,ERR,ERR,ERR,ERR,ERR,ERR,ERR,ERR,ERR,ERR,ERR,ERR,ERR,ERR,ERR,ERR,ERR,ERR,ERR,ERR,ERR,ERR,ERR,ERR,ERR,ERR,ERR,ERR,ERR,ERR,ERR,ERR,ERR,ERR,ERR,ERR,ERR,ERR,ERR,ERR,ERR,ERR,ERR,ERR,ERR,ERR,ERR,ERR,ERR,ERR,ERR,ERR,ERR,ERR,ERR,ERR,ERR,ERR,ERR,ERR,ERR,ERR,ERR,ERR,ERR,ERR,ERR,ERR,0.0,-0.0,-101055584.0,0.0,0.0,0.0,0.0,nan,0,0,0,32768,0,0.0,0,0.0,0.0,0.0,0.0,0.0,0,0,0,0,0.0,0,0,0,0,0,0,0,0,0,0,0,0,0,0,0,0,0,0,0,0,0,0,0,0,0,0,0,0,0,0,0,0,0,0,0,0,0,0,0,0,0,0,0,0,0.0,0.0,0.0,0.0,0.0,0.0,0.0,0.0,0.0,0.0,0.0,0.0,0.0,0.0,0.0,0.0,0.0,0.0,0.0,0.0,0.0,0.0,-0.0,-2.004,-2.004,-0.0,0.0,0.0,0.0,0.0,3367.5,-2.004,0.0,0.0,-0.0,-0.0,2.7184274988523002e+23,0.0,0.0,0.0,0.0,0,-1.9056958870913024e+17,-2.308816440498921e+20,0.0,0.0,0.0,0.0,0.0,0.0,0.0,0,0,0,0.0,0.0,0.0,0.0,0.0,0.0,0.0,0.0,0.0,0.0,0.0,0.0,0.0,0.0,0.0,0.0,0,-107875648.0,0,0.0,0,-107875648.0,-107877712.0,0,0,17039,13107,17053,26215,17037,0,0,0,110,100,100,0.0,64.0,0.0,64.9,-107615304.0,68.5,1,49,50,180,0,13107,0,0,0.0,0.0,0.0,0.0,0.0,65.5,0.0,-0.0,0.0,645,0,686,0,0,0,714,0,786,0,707,0,689,0,645,0,641,0,618,0.032,37486592.0,-0.0,0.0,52880,16788,0.0,1.3863074676709786e+17,3.6434552543741215e+18,397817610240.0,0.0,-8.281917088042038e+29,29.0,60.0,70,0.0,0.0,0.0,0.0,0.0,0.0,0.0,0.0,0.0,0.0,0.0,0.0,0.0,0.0,0.0,0.0,59.2,68,11,65509,41,65476,0,300,0,0,8,20529,65476,0,0,61604,60.0,0.0,0.0,0.0,0.0,0.0
2026-04-04T11:41:58,ERR,ERR,ERR,ERR,ERR,ERR,ERR,ERR,ERR,ERR,ERR,ERR,ERR,ERR,ERR,ERR,ERR,ERR,ERR,ERR,ERR,ERR,ERR,ERR,ERR,ERR,ERR,ERR,ERR,ERR,ERR,ERR,ERR,ERR,ERR,ERR,ERR,ERR,ERR,ERR,ERR,ERR,ERR,ERR,ERR,ERR,ERR,ERR,ERR,ERR,ERR,ERR,ERR,ERR,ERR,ERR,ERR,ERR,ERR,ERR,ERR,ERR,ERR,ERR,ERR,ERR,ERR,ERR,ERR,ERR,ERR,ERR,ERR,ERR,ERR,ERR,ERR,ERR,ERR,ERR,ERR,ERR,ERR,ERR,ERR,ERR,ERR,ERR,ERR,ERR,ERR,ERR,ERR,ERR,ERR,ERR,ERR,ERR,ERR,ERR,ERR,ERR,ERR,ERR,ERR,ERR,ERR,ERR,ERR,ERR,ERR,ERR,ERR,ERR,ERR,ERR,ERR,ERR,ERR,ERR,ERR,ERR,ERR,ERR,ERR,0.0,-0.0,-101055584.0,0.0,0.0,0.0,0.0,nan,0,0,0,32768,0,0.0,0,0.0,0.0,0.0,0.0,0.0,0,0,0,0,0.0,0,0,0,0,0,0,0,0,0,0,0,0,0,0,0,0,0,0,0,0,0,0,0,0,0,0,0,0,0,0,0,0,0,0,0,0,0,0,0,0,0,0,0,0,0.0,0.0,0.0,0.0,0.0,0.0,0.0,0.0,0.0,0.0,0.0,0.0,0.0,0.0,0.0,0.0,0.0,0.0,0.0,0.0,0.0,0.0,-0.0,-0.0,-2.004,-0.0,0.0,0.0,0.0,0.0,3366.0,-8608106496.0,0.0,0.0,-0.0,-0.0,2.7184274988523002e+23,0.0,0.0,0.0,0.0,0,-107615248.0,-3.2219784175415904e+26,0.0,0.0,0.0,0.0,0.0,0.0,0.0,0,0,0,0.0,0.0,0.0,0.0,0.0,0.0,0.0,0.0,0.0,0.0,0.0,0.0,0.0,0.0,0.0,0.0,0,-107875648.0,0,0.0,0,-107875648.0,-107877712.0,0,0,17039,13107,17053,26215,17037,0,0,0,110,100,100,0.0,64.0,0.0,64.9,-107615304.0,68.5,1,49,50,180,0,13107,0,0,0.0,0.0,0.0,0.0,-1.3319258731748516e+36,65.0,0.0,-0.0,0.0,645,0,686,0,0,0,714,0,786,0,708,0,689,0,645,0,641,0,618,0.032,36962304.0,-0.0,0.0,56592,16788,-1.3319258731748516e+36,-0.0,300422048.0,9.04184453370579e+30,-1.4023886711025092e+32,-8.892021453489596e+19,29.0,60.0,70,0.0,0.0,0.0,0.0,0.0,0.0,0.0,0.0,0.0,0.0,0.0,0.0,0.0,0.0,0.0,0.0,59.2,68,11,65509,41,65476,0,300,0,0,8,20529,65476,0,0,61604,60.0,0.0,0.0,0.0,0.0,0.0
2026-04-04T11:41:59,ERR,ERR,ERR,ERR,ERR,ERR,ERR,ERR,ERR,ERR,ERR,ERR,ERR,ERR,ERR,ERR,ERR,ERR,ERR,ERR,ERR,ERR,ERR,ERR,ERR,ERR,ERR,ERR,ERR,ERR,ERR,ERR,ERR,ERR,ERR,ERR,ERR,ERR,ERR,ERR,ERR,ERR,ERR,ERR,ERR,ERR,ERR,ERR,ERR,ERR,ERR,ERR,ERR,ERR,ERR,ERR,ERR,ERR,ERR,ERR,ERR,ERR,ERR,ERR,ERR,ERR,ERR,ERR,ERR,ERR,ERR,ERR,ERR,ERR,ERR,ERR,ERR,ERR,ERR,ERR,ERR,ERR,ERR,ERR,ERR,ERR,ERR,ERR,ERR,ERR,ERR,ERR,ERR,ERR,ERR,ERR,ERR,ERR,ERR,ERR,ERR,ERR,ERR,ERR,ERR,ERR,ERR,ERR,ERR,ERR,ERR,ERR,ERR,ERR,ERR,ERR,ERR,ERR,ERR,ERR,ERR,ERR,ERR,ERR,ERR,0.0,-0.0,-101055584.0,0.0,0.0,0.0,0.0,nan,0,0,0,32768,0,0.0,0,0.0,0.0,0.0,0.0,0.0,0,0,0,0,0.0,0,0,0,0,0,0,0,0,0,0,0,0,0,0,0,0,0,0,0,0,0,0,0,0,0,0,0,0,0,0,0,0,0,0,0,0,0,0,0,0,0,0,0,0,0.0,0.0,0.0,0.0,0.0,0.0,0.0,0.0,0.0,0.0,0.0,0.0,0.0,0.0,0.0,0.0,0.0,0.0,0.0,0.0,0.0,0.0,-0.0,-0.0,-2.004,-0.0,0.0,0.0,0.0,0.0,3366.0,-8608106496.0,0.0,0.0,-0.0,-0.0,2.7184274988523002e+23,0.0,0.0,0.0,0.0,0,-107615248.0,-3.2219784175415904e+26,0.0,0.0,0.0,0.0,0.0,0.0,0.0,0,0,0,0.0,0.0,0.0,0.0,0.0,0.0,0.0,0.0,0.0,0.0,0.0,0.0,0.0,0.0,0.0,0.0,0,-107875648.0,0,0.0,0,-107875648.0,-107877712.0,0,0,17039,13107,17053,26215,17037,0,0,0,110,100,100,0.0,64.0,0.0,64.9,-107615304.0,68.5,1,49,50,180,0,13107,0,0,0.0,0.0,0.0,0.0,-1.3319258731748516e+36,65.0,0.0,-0.0,0.0,645,0,686,0,0,0,714,0,786,0,708,0,689,0,645,0,641,0,618,0.032,36962304.0,-0.0,0.0,56592,16788,-1.3319258731748516e+36,-0.0,300422048.0,9.04184453370579e+30,-1.4023886711025092e+32,-8.892021453489596e+19,29.0,60.0,70,0.0,0.0,0.0,0.0,0.0,0.0,0.0,0.0,0.0,0.0,0.0,0.0,0.0,0.0,0.0,0.0,59.2,68,11,65509,41,65476,0,300,0,0,8,20529,65476,0,0,61604,60.0,0.0,0.0,0.0,0.0,0.0
2026-04-04T11:42:00,ERR,ERR,ERR,ERR,ERR,ERR,ERR,ERR,ERR,ERR,ERR,ERR,ERR,ERR,ERR,ERR,ERR,ERR,ERR,ERR,ERR,ERR,ERR,ERR,ERR,ERR,ERR,ERR,ERR,ERR,ERR,ERR,ERR,ERR,ERR,ERR,ERR,ERR,ERR,ERR,ERR,ERR,ERR,ERR,ERR,ERR,ERR,ERR,ERR,ERR,ERR,ERR,ERR,ERR,ERR,ERR,ERR,ERR,ERR,ERR,ERR,ERR,ERR,ERR,ERR,ERR,ERR,ERR,ERR,ERR,ERR,ERR,ERR,ERR,ERR,ERR,ERR,ERR,ERR,ERR,ERR,ERR,ERR,ERR,ERR,ERR,ERR,ERR,ERR,ERR,ERR,ERR,ERR,ERR,ERR,ERR,ERR,ERR,ERR,ERR,ERR,ERR,ERR,ERR,ERR,ERR,ERR,ERR,ERR,ERR,ERR,ERR,ERR,ERR,ERR,ERR,ERR,ERR,ERR,ERR,ERR,ERR,ERR,ERR,ERR,0.0,-0.0,-101055584.0,0.0,0.0,0.0,0.0,nan,0,0,0,32768,0,0.0,0,0.0,0.0,0.0,0.0,0.0,0,0,0,0,0.0,0,0,0,0,0,0,0,0,0,0,0,0,0,0,0,0,0,0,0,0,0,0,0,0,0,0,0,0,0,0,0,0,0,0,0,0,0,0,0,0,0,0,0,0,0.0,0.0,0.0,0.0,0.0,0.0,0.0,0.0,0.0,0.0,0.0,0.0,0.0,0.0,0.0,0.0,0.0,0.0,0.0,0.0,0.0,0.0,-0.0,-0.0,-2.004,-0.0,0.0,0.0,0.0,0.0,3366.0,-8608106496.0,0.0,0.0,-0.0,-0.0,2.7184274988523002e+23,0.0,0.0,0.0,0.0,0,-107615248.0,-3.2219784175415904e+26,0.0,0.0,0.0,0.0,0.0,0.0,0.0,0,0,0,0.0,0.0,0.0,0.0,0.0,0.0,0.0,0.0,0.0,0.0,0.0,0.0,0.0,0.0,0.0,0.0,0,-107875648.0,0,0.0,0,-107875648.0,-107877712.0,0,0,17039,13107,17053,26215,17037,0,0,0,110,100,100,0.0,64.0,0.0,64.9,-107615304.0,68.5,1,49,50,180,0,13107,0,0,0.0,0.0,0.0,0.0,-1.3319258731748516e+36,65.0,0.0,-0.0,0.0,645,0,686,0,0,0,714,0,786,0,708,0,689,0,645,0,641,0,618,0.032,36962304.0,-0.0,0.0,56592,16788,-1.3319258731748516e+36,-0.0,300422048.0,9.04184453370579e+30,-1.4023886711025092e+32,-8.892021453489596e+19,29.0,60.0,70,0.0,0.0,0.0,0.0,0.0,0.0,0.0,0.0,0.0,0.0,0.0,0.0,0.0,0.0,0.0,0.0,59.2,68,11,65509,41,65476,0,300,0,0,8,20529,65476,0,0,61604,60.0,0.0,0.0,0.0,0.0,0.0
2026-04-04T11:42:01,ERR,ERR,ERR,ERR,ERR,ERR,ERR,ERR,ERR,ERR,ERR,ERR,ERR,ERR,ERR,ERR,ERR,ERR,ERR,ERR,ERR,ERR,ERR,ERR,ERR,ERR,ERR,ERR,ERR,ERR,ERR,ERR,ERR,ERR,ERR,ERR,ERR,ERR,ERR,ERR,ERR,ERR,ERR,ERR,ERR,ERR,ERR,ERR,ERR,ERR,ERR,ERR,ERR,ERR,ERR,ERR,ERR,ERR,ERR,ERR,ERR,ERR,ERR,ERR,ERR,ERR,ERR,ERR,ERR,ERR,ERR,ERR,ERR,ERR,ERR,ERR,ERR,ERR,ERR,ERR,ERR,ERR,ERR,ERR,ERR,ERR,ERR,ERR,ERR,ERR,ERR,ERR,ERR,ERR,ERR,ERR,ERR,ERR,ERR,ERR,ERR,ERR,ERR,ERR,ERR,ERR,ERR,ERR,ERR,ERR,ERR,ERR,ERR,ERR,ERR,ERR,ERR,ERR,ERR,ERR,ERR,ERR,ERR,ERR,ERR,0.0,-0.0,-101055584.0,0.0,0.0,0.0,0.0,nan,0,0,0,32768,0,0.0,0,0.0,0.0,0.0,0.0,0.0,0,0,0,0,0.0,0,0,0,0,0,0,0,0,0,0,0,0,0,0,0,0,0,0,0,0,0,0,0,0,0,0,0,0,0,0,0,0,0,0,0,0,0,0,0,0,0,0,0,0,0.0,0.0,0.0,0.0,0.0,0.0,0.0,0.0,0.0,0.0,0.0,0.0,0.0,0.0,0.0,0.0,0.0,0.0,0.0,0.0,0.0,0.0,-0.0,-0.0,-2.004,-0.0,0.0,0.0,0.0,0.0,3366.0,-8608106496.0,0.0,0.0,-0.0,-0.0,2.7184274988523002e+23,0.0,0.0,0.0,0.0,0,-107615248.0,-3.2219784175415904e+26,0.0,0.0,0.0,0.0,0.0,0.0,0.0,0,0,0,0.0,0.0,0.0,0.0,0.0,0.0,0.0,0.0,0.0,0.0,0.0,0.0,0.0,0.0,0.0,0.0,0,-107875648.0,0,0.0,0,-107875648.0,-107877712.0,0,0,17039,13107,17053,26215,17037,0,0,0,110,100,100,0.0,64.0,0.0,64.9,-107615304.0,68.5,1,49,50,180,0,13107,0,0,0.0,0.0,0.0,0.0,-1.3319258731748516e+36,65.0,0.0,-0.0,0.0,645,0,686,0,0,0,714,0,786,0,708,0,689,0,645,0,641,0,618,0.032,36962304.0,-0.0,0.0,56592,16788,-1.3319258731748516e+36,-0.0,300422048.0,9.04184453370579e+30,-1.4023886711025092e+32,-8.892021453489596e+19,29.0,60.0,70,0.0,0.0,0.0,0.0,0.0,0.0,0.0,0.0,0.0,0.0,0.0,0.0,0.0,0.0,0.0,0.0,59.2,68,11,65509,41,65476,0,300,0,0,8,20529,65476,0,0,61604,60.0,0.0,0.0,0.0,0.0,0.0
2026-04-04T11:42:02,ERR,ERR,ERR,ERR,ERR,ERR,ERR,ERR,ERR,ERR,ERR,ERR,ERR,ERR,ERR,ERR,ERR,ERR,ERR,ERR,ERR,ERR,ERR,ERR,ERR,ERR,ERR,ERR,ERR,ERR,ERR,ERR,ERR,ERR,ERR,ERR,ERR,ERR,ERR,ERR,ERR,ERR,ERR,ERR,ERR,ERR,ERR,ERR,ERR,ERR,ERR,ERR,ERR,ERR,ERR,ERR,ERR,ERR,ERR,ERR,ERR,ERR,ERR,ERR,ERR,ERR,ERR,ERR,ERR,ERR,ERR,ERR,ERR,ERR,ERR,ERR,ERR,ERR,ERR,ERR,ERR,ERR,ERR,ERR,ERR,ERR,ERR,ERR,ERR,ERR,ERR,ERR,ERR,ERR,ERR,ERR,ERR,ERR,ERR,ERR,ERR,ERR,ERR,ERR,ERR,ERR,ERR,ERR,ERR,ERR,ERR,ERR,ERR,ERR,ERR,ERR,ERR,ERR,ERR,ERR,ERR,ERR,ERR,ERR,ERR,0.0,-0.0,-101055584.0,0.0,0.0,0.0,0.0,nan,0,0,0,32768,0,0.0,0,0.0,0.0,0.0,0.0,0.0,0,0,0,0,0.0,0,0,0,0,0,0,0,0,0,0,0,0,0,0,0,0,0,0,0,0,0,0,0,0,0,0,0,0,0,0,0,0,0,0,0,0,0,0,0,0,0,0,0,0,0.0,0.0,0.0,0.0,0.0,0.0,0.0,0.0,0.0,0.0,0.0,0.0,0.0,0.0,0.0,0.0,0.0,0.0,0.0,0.0,0.0,0.0,-0.0,-0.0,-2.004,-0.0,0.0,0.0,0.0,0.0,3366.0,-8608106496.0,0.0,0.0,-0.0,-0.0,2.7184274988523002e+23,0.0,0.0,0.0,0.0,0,-107615248.0,-3.2219784175415904e+26,0.0,0.0,0.0,0.0,0.0,0.0,0.0,0,0,0,0.0,0.0,0.0,0.0,0.0,0.0,0.0,0.0,0.0,0.0,0.0,0.0,0.0,0.0,0.0,0.0,0,-107875648.0,0,0.0,0,-107875648.0,-107877712.0,0,0,17039,13107,17053,26215,17037,0,0,0,110,100,100,0.0,64.0,0.0,64.9,-107615304.0,68.5,1,49,50,180,0,13107,0,0,0.0,0.0,0.0,0.0,-1.3319258731748516e+36,65.0,0.0,-0.0,0.0,645,0,686,0,0,0,714,0,786,0,708,0,689,0,645,0,641,0,618,0.032,36962304.0,-0.0,0.0,56592,16788,-1.3319258731748516e+36,-0.0,300422048.0,9.04184453370579e+30,-1.4023886711025092e+32,-8.892021453489596e+19,29.0,60.0,70,0.0,0.0,0.0,0.0,0.0,0.0,0.0,0.0,0.0,0.0,0.0,0.0,0.0,0.0,0.0,0.0,59.6,68,11,65509,41,65476,0,300,0,0,8,20529,65476,0,0,61604,60.0,0.0,0.0,0.0,0.0,0.0
2026-04-04T11:42:03,ERR,ERR,ERR,ERR,ERR,ERR,ERR,ERR,ERR,ERR,ERR,ERR,ERR,ERR,ERR,ERR,ERR,ERR,ERR,ERR,ERR,ERR,ERR,ERR,ERR,ERR,ERR,ERR,ERR,ERR,ERR,ERR,ERR,ERR,ERR,ERR,ERR,ERR,ERR,ERR,ERR,ERR,ERR,ERR,ERR,ERR,ERR,ERR,ERR,ERR,ERR,ERR,ERR,ERR,ERR,ERR,ERR,ERR,ERR,ERR,ERR,ERR,ERR,ERR,ERR,ERR,ERR,ERR,ERR,ERR,ERR,ERR,ERR,ERR,ERR,ERR,ERR,ERR,ERR,ERR,ERR,ERR,ERR,ERR,ERR,ERR,ERR,ERR,ERR,ERR,ERR,ERR,ERR,ERR,ERR,ERR,ERR,ERR,ERR,ERR,ERR,ERR,ERR,ERR,ERR,ERR,ERR,ERR,ERR,ERR,ERR,ERR,ERR,ERR,ERR,ERR,ERR,ERR,ERR,ERR,ERR,ERR,ERR,ERR,ERR,0.0,-0.0,-101055584.0,0.0,0.0,0.0,0.0,nan,0,0,0,32768,0,0.0,0,0.0,0.0,0.0,0.0,0.0,0,0,0,0,0.0,0,0,0,0,0,0,0,0,0,0,0,0,0,0,0,0,0,0,0,0,0,0,0,0,0,0,0,0,0,0,0,0,0,0,0,0,0,0,0,0,0,0,0,0,0.0,0.0,0.0,0.0,0.0,0.0,0.0,0.0,0.0,0.0,0.0,0.0,0.0,0.0,0.0,0.0,0.0,0.0,0.0,0.0,0.0,0.0,-0.0,-0.0,-2.004,-0.0,0.0,0.0,0.0,0.0,3366.0,-8608106496.0,0.0,0.0,-0.0,-0.0,2.7184274988523002e+23,0.0,0.0,0.0,0.0,0,-107615248.0,-3.2219784175415904e+26,0.0,0.0,0.0,0.0,0.0,0.0,0.0,0,0,0,0.0,0.0,0.0,0.0,0.0,0.0,0.0,0.0,0.0,0.0,0.0,0.0,0.0,0.0,0.0,0.0,0,-107875648.0,0,0.0,0,-107875648.0,-107877712.0,0,0,17039,13107,17053,26215,17037,0,0,0,110,100,100,0.0,64.0,0.0,64.9,-107615304.0,68.5,1,49,50,180,0,13107,0,0,0.0,0.0,0.0,0.0,-1.3319258731748516e+36,65.0,0.0,-0.0,0.0,645,0,686,0,0,0,714,0,786,0,708,0,689,0,645,0,641,0,618,0.032,36962304.0,-0.0,0.0,56592,16788,-1.3319258731748516e+36,-0.0,300422048.0,9.04184453370579e+30,-1.4023886711025092e+32,-8.892021453489596e+19,29.0,60.0,70,0.0,0.0,0.0,0.0,0.0,0.0,0.0,0.0,0.0,0.0,0.0,0.0,0.0,0.0,0.0,0.0,59.6,68,11,65509,41,65476,0,300,0,0,8,20529,65476,0,0,61604,60.0,0.0,0.0,0.0,0.0,0.0
2026-04-04T11:42:04,ERR,ERR,ERR,ERR,ERR,ERR,ERR,ERR,ERR,ERR,ERR,ERR,ERR,ERR,ERR,ERR,ERR,ERR,ERR,ERR,ERR,ERR,ERR,ERR,ERR,ERR,ERR,ERR,ERR,ERR,ERR,ERR,ERR,ERR,ERR,ERR,ERR,ERR,ERR,ERR,ERR,ERR,ERR,ERR,ERR,ERR,ERR,ERR,ERR,ERR,ERR,ERR,ERR,ERR,ERR,ERR,ERR,ERR,ERR,ERR,ERR,ERR,ERR,ERR,ERR,ERR,ERR,ERR,ERR,ERR,ERR,ERR,ERR,ERR,ERR,ERR,ERR,ERR,ERR,ERR,ERR,ERR,ERR,ERR,ERR,ERR,ERR,ERR,ERR,ERR,ERR,ERR,ERR,ERR,ERR,ERR,ERR,ERR,ERR,ERR,ERR,ERR,ERR,ERR,ERR,ERR,ERR,ERR,ERR,ERR,ERR,ERR,ERR,ERR,ERR,ERR,ERR,ERR,ERR,ERR,ERR,ERR,ERR,ERR,ERR,0.0,-0.0,-101055584.0,0.0,0.0,0.0,0.0,nan,0,0,0,32768,0,0.0,0,0.0,0.0,0.0,0.0,0.0,0,0,0,0,0.0,0,0,0,0,0,0,0,0,0,0,0,0,0,0,0,0,0,0,0,0,0,0,0,0,0,0,0,0,0,0,0,0,0,0,0,0,0,0,0,0,0,0,0,0,0.0,0.0,0.0,0.0,0.0,0.0,0.0,0.0,0.0,0.0,0.0,0.0,0.0,0.0,0.0,0.0,0.0,0.0,0.0,0.0,0.0,0.0,-0.0,-0.0,-2.004,-0.0,0.0,0.0,0.0,0.0,3366.0,-8608106496.0,0.0,0.0,-0.0,-0.0,2.7184274988523002e+23,0.0,0.0,0.0,0.0,0,-107615248.0,-3.2219784175415904e+26,0.0,0.0,0.0,0.0,0.0,0.0,0.0,0,0,0,0.0,0.0,0.0,0.0,0.0,0.0,0.0,0.0,0.0,0.0,0.0,0.0,0.0,0.0,0.0,0.0,0,-107875648.0,0,0.0,0,-107875648.0,-107877712.0,0,52429,17038,13107,17053,26215,17037,0,0,0,110,100,100,0.0,64.0,0.0,64.9,-107615304.0,68.5,1,49,50,180,0,13107,0,0,0.0,0.0,0.0,0.0,-1.770733834149313e+34,65.0,0.0,-0.0,0.0,645,0,686,0,0,0,715,0,786,0,708,0,689,0,645,0,641,0,618,0.032,37224448.0,-0.0,0.0,47504,16788,0.0,-234759.859,-0.0,-1.853917145454967e+32,0.0,0.0,29.0,60.0,70,0.0,0.0,0.0,0.0,0.0,0.0,0.0,0.0,0.0,0.0,0.0,0.0,0.0,0.0,0.0,0.0,59.2,68,11,65509,41,65476,0,300,0,0,8,20529,65476,0,0,61604,60.0,0.0,0.0,0.0,0.0,0.0
2026-04-04T11:42:05,ERR,ERR,ERR,ERR,ERR,ERR,ERR,ERR,ERR,ERR,ERR,ERR,ERR,ERR,ERR,ERR,ERR,ERR,ERR,ERR,ERR,ERR,ERR,ERR,ERR,ERR,ERR,ERR,ERR,ERR,ERR,ERR,ERR,ERR,ERR,ERR,ERR,ERR,ERR,ERR,ERR,ERR,ERR,ERR,ERR,ERR,ERR,ERR,ERR,ERR,ERR,ERR,ERR,ERR,ERR,ERR,ERR,ERR,ERR,ERR,ERR,ERR,ERR,ERR,ERR,ERR,ERR,ERR,ERR,ERR,ERR,ERR,ERR,ERR,ERR,ERR,ERR,ERR,ERR,ERR,ERR,ERR,ERR,ERR,ERR,ERR,ERR,ERR,ERR,ERR,ERR,ERR,ERR,ERR,ERR,ERR,ERR,ERR,ERR,ERR,ERR,ERR,ERR,ERR,ERR,ERR,ERR,ERR,ERR,ERR,ERR,ERR,ERR,ERR,ERR,ERR,ERR,ERR,ERR,ERR,ERR,ERR,ERR,ERR,ERR,0.0,-0.0,-101055584.0,0.0,0.0,0.0,0.0,nan,0,0,0,32768,0,0.0,0,0.0,0.0,0.0,0.0,0.0,0,0,0,0,0.0,0,0,0,0,0,0,0,0,0,0,0,0,0,0,0,0,0,0,0,0,0,0,0,0,0,0,0,0,0,0,0,0,0,0,0,0,0,0,0,0,0,0,0,0,0.0,0.0,0.0,0.0,0.0,0.0,0.0,0.0,0.0,0.0,0.0,0.0,0.0,0.0,0.0,0.0,0.0,0.0,0.0,0.0,0.0,0.0,-0.0,-0.0,-2.004,-0.0,0.0,0.0,0.0,0.0,3366.0,-8608106496.0,0.0,0.0,-0.0,-0.0,2.7184274988523002e+23,0.0,0.0,0.0,0.0,0,-107615248.0,-3.2219784175415904e+26,0.0,0.0,0.0,0.0,0.0,0.0,0.0,0,0,0,0.0,0.0,0.0,0.0,0.0,0.0,0.0,0.0,0.0,0.0,0.0,0.0,0.0,0.0,0.0,0.0,0,-107875648.0,0,0.0,0,-107875648.0,-107877712.0,0,52429,17038,13107,17053,26215,17037,0,0,0,110,100,100,0.0,64.0,0.0,64.9,-107615304.0,68.5,1,49,50,180,0,13107,0,0,0.0,0.0,0.0,0.0,-1.770733834149313e+34,65.0,0.0,-0.0,0.0,645,0,686,0,0,0,715,0,786,0,708,0,689,0,645,0,641,0,618,0.032,37224448.0,-0.0,0.0,47504,16788,0.0,-234759.859,-0.0,-1.853917145454967e+32,0.0,0.0,29.0,60.0,70,0.0,0.0,0.0,0.0,0.0,0.0,0.0,0.0,0.0,0.0,0.0,0.0,0.0,0.0,0.0,0.0,59.2,68,11,65509,41,65476,0,300,0,0,8,20529,65476,0,0,61604,60.0,0.0,0.0,0.0,0.0,0.0
2026-04-04T11:42:06,ERR,ERR,ERR,ERR,ERR,ERR,ERR,ERR,ERR,ERR,ERR,ERR,ERR,ERR,ERR,ERR,ERR,ERR,ERR,ERR,ERR,ERR,ERR,ERR,ERR,ERR,ERR,ERR,ERR,ERR,ERR,ERR,ERR,ERR,ERR,ERR,ERR,ERR,ERR,ERR,ERR,ERR,ERR,ERR,ERR,ERR,ERR,ERR,ERR,ERR,ERR,ERR,ERR,ERR,ERR,ERR,ERR,ERR,ERR,ERR,ERR,ERR,ERR,ERR,ERR,ERR,ERR,ERR,ERR,ERR,ERR,ERR,ERR,ERR,ERR,ERR,ERR,ERR,ERR,ERR,ERR,ERR,ERR,ERR,ERR,ERR,ERR,ERR,ERR,ERR,ERR,ERR,ERR,ERR,ERR,ERR,ERR,ERR,ERR,ERR,ERR,ERR,ERR,ERR,ERR,ERR,ERR,ERR,ERR,ERR,ERR,ERR,ERR,ERR,ERR,ERR,ERR,ERR,ERR,ERR,ERR,ERR,ERR,ERR,ERR,0.0,-0.0,-101055584.0,0.0,0.0,0.0,0.0,nan,0,0,0,32768,0,0.0,0,0.0,0.0,0.0,0.0,0.0,0,0,0,0,0.0,0,0,0,0,0,0,0,0,0,0,0,0,0,0,0,0,0,0,0,0,0,0,0,0,0,0,0,0,0,0,0,0,0,0,0,0,0,0,0,0,0,0,0,0,0.0,0.0,0.0,0.0,0.0,0.0,0.0,0.0,0.0,0.0,0.0,0.0,0.0,0.0,0.0,0.0,0.0,0.0,0.0,0.0,0.0,0.0,-0.0,-0.0,-2.004,-0.0,0.0,0.0,0.0,0.0,3366.0,-2.004,0.0,0.0,-0.0,-0.0,2.7184274988523002e+23,0.0,0.0,0.0,0.0,0,-1.9056958870913024e+17,-3.2219784175415904e+26,0.0,0.0,0.0,0.0,0.0,0.0,0.0,0,0,0,0.0,0.0,0.0,0.0,0.0,0.0,0.0,0.0,0.0,0.0,0.0,0.0,0.0,0.0,0.0,0.0,0,-107875648.0,0,0.0,0,-107875648.0,-107877712.0,0,52429,17038,13107,17053,26215,17037,0,0,0,110,100,100,0.0,64.0,0.0,64.9,-107615304.0,68.5,1,49,50,180,0,13107,0,0,0.0,0.0,0.0,0.0,-1.770733834149313e+34,65.0,0.0,-0.0,0.0,645,0,686,0,0,0,715,0,786,0,708,0,689,0,645,0,641,0,618,0.032,37224448.0,-0.0,0.0,47504,16788,0.0,-234759.859,-0.0,-1.853917145454967e+32,0.0,0.0,29.0,60.0,70,0.0,0.0,0.0,0.0,0.0,0.0,0.0,0.0,0.0,0.0,0.0,0.0,0.0,0.0,0.0,0.0,59.2,68,11,65509,41,65476,0,300,0,0,8,20529,65476,0,0,61604,60.0,0.0,0.0,0.0,0.0,0.0
2026-04-04T11:42:07,ERR,ERR,ERR,ERR,ERR,ERR,ERR,ERR,ERR,ERR,ERR,ERR,ERR,ERR,ERR,ERR,ERR,ERR,ERR,ERR,ERR,ERR,ERR,ERR,ERR,ERR,ERR,ERR,ERR,ERR,ERR,ERR,ERR,ERR,ERR,ERR,ERR,ERR,ERR,ERR,ERR,ERR,ERR,ERR,ERR,ERR,ERR,ERR,ERR,ERR,ERR,ERR,ERR,ERR,ERR,ERR,ERR,ERR,ERR,ERR,ERR,ERR,ERR,ERR,ERR,ERR,ERR,ERR,ERR,ERR,ERR,ERR,ERR,ERR,ERR,ERR,ERR,ERR,ERR,ERR,ERR,ERR,ERR,ERR,ERR,ERR,ERR,ERR,ERR,ERR,ERR,ERR,ERR,ERR,ERR,ERR,ERR,ERR,ERR,ERR,ERR,ERR,ERR,ERR,ERR,ERR,ERR,ERR,ERR,ERR,ERR,ERR,ERR,ERR,ERR,ERR,ERR,ERR,ERR,ERR,ERR,ERR,ERR,ERR,ERR,0.0,-0.0,-101055584.0,0.0,0.0,0.0,0.0,nan,0,0,0,32768,0,0.0,0,0.0,0.0,0.0,0.0,0.0,0,0,0,0,0.0,0,0,0,0,0,0,0,0,0,0,0,0,0,0,0,0,0,0,0,0,0,0,0,0,0,0,0,0,0,0,0,0,0,0,0,0,0,0,0,0,0,0,0,0,0.0,0.0,0.0,0.0,0.0,0.0,0.0,0.0,0.0,0.0,0.0,0.0,0.0,0.0,0.0,0.0,0.0,0.0,0.0,0.0,0.0,0.0,-0.0,-0.0,-2.004,-0.0,0.0,0.0,0.0,0.0,3366.0,-2.004,0.0,0.0,-0.0,-0.0,2.7184274988523002e+23,0.0,0.0,0.0,0.0,0,-1.9056958870913024e+17,-3.2219784175415904e+26,0.0,0.0,0.0,0.0,0.0,0.0,0.0,0,0,0,0.0,0.0,0.0,0.0,0.0,0.0,0.0,0.0,0.0,0.0,0.0,0.0,0.0,0.0,0.0,0.0,0,-107875648.0,0,0.0,0,-107875648.0,-107877712.0,0,52429,17038,13107,17053,26215,17037,0,0,0,110,100,100,0.0,64.0,0.0,64.9,-107615304.0,68.5,1,49,50,180,0,13107,0,0,0.0,0.0,0.0,0.0,-1.770733834149313e+34,65.0,0.0,-0.0,0.0,645,0,686,0,0,0,715,0,786,0,708,0,689,0,645,0,641,0,618,0.032,37224448.0,-0.0,0.0,47504,16788,0.0,-234759.859,-0.0,-1.853917145454967e+32,0.0,0.0,29.0,60.0,70,0.0,0.0,0.0,0.0,0.0,0.0,0.0,0.0,0.0,0.0,0.0,0.0,0.0,0.0,0.0,0.0,59.2,68,11,65509,41,65476,0,300,0,0,8,20529,65476,0,0,61604,60.0,0.0,0.0,0.0,0.0,0.0
2026-04-04T11:42:08,ERR,ERR,ERR,ERR,ERR,ERR,ERR,ERR,ERR,ERR,ERR,ERR,ERR,ERR,ERR,ERR,ERR,ERR,ERR,ERR,ERR,ERR,ERR,ERR,ERR,ERR,ERR,ERR,ERR,ERR,ERR,ERR,ERR,ERR,ERR,ERR,ERR,ERR,ERR,ERR,ERR,ERR,ERR,ERR,ERR,ERR,ERR,ERR,ERR,ERR,ERR,ERR,ERR,ERR,ERR,ERR,ERR,ERR,ERR,ERR,ERR,ERR,ERR,ERR,ERR,ERR,ERR,ERR,ERR,ERR,ERR,ERR,ERR,ERR,ERR,ERR,ERR,ERR,ERR,ERR,ERR,ERR,ERR,ERR,ERR,ERR,ERR,ERR,ERR,ERR,ERR,ERR,ERR,ERR,ERR,ERR,ERR,ERR,ERR,ERR,ERR,ERR,ERR,ERR,ERR,ERR,ERR,ERR,ERR,ERR,ERR,ERR,ERR,ERR,ERR,ERR,ERR,ERR,ERR,ERR,ERR,ERR,ERR,ERR,ERR,0.0,-0.0,-101055584.0,0.0,0.0,0.0,0.0,nan,0,0,0,32768,0,0.0,0,0.0,0.0,0.0,0.0,0.0,0,0,0,0,0.0,0,0,0,0,0,0,0,0,0,0,0,0,0,0,0,0,0,0,0,0,0,0,0,0,0,0,0,0,0,0,0,0,0,0,0,0,0,0,0,0,0,0,0,0,0.0,0.0,0.0,0.0,0.0,0.0,0.0,0.0,0.0,0.0,0.0,0.0,0.0,0.0,0.0,0.0,0.0,0.0,0.0,0.0,0.0,0.0,-0.0,-0.0,-2.004,-0.0,0.0,0.0,0.0,0.0,3366.0,-2.004,0.0,0.0,-0.0,-0.0,2.7184274988523002e+23,0.0,0.0,0.0,0.0,0,-1.9056958870913024e+17,-3.2219784175415904e+26,0.0,0.0,0.0,0.0,0.0,0.0,0.0,0,0,0,0.0,0.0,0.0,0.0,0.0,0.0,0.0,0.0,0.0,0.0,0.0,0.0,0.0,0.0,0.0,0.0,0,-107875648.0,0,0.0,0,-107875648.0,-107877712.0,0,52429,17038,13107,17053,26215,17037,0,0,0,110,100,100,0.0,64.0,0.0,64.9,-107615304.0,68.5,1,49,50,180,0,13107,0,0,0.0,0.0,0.0,0.0,-1.770733834149313e+34,65.0,0.0,-0.0,0.0,645,0,686,0,0,0,715,0,786,0,708,0,689,0,645,0,641,0,618,0.032,37224448.0,-0.0,0.0,47504,16788,0.0,-234759.859,-0.0,-1.853917145454967e+32,0.0,0.0,29.0,60.0,70,0.0,0.0,0.0,0.0,0.0,0.0,0.0,0.0,0.0,0.0,0.0,0.0,0.0,0.0,0.0,0.0,59.2,68,11,65509,41,65476,0,300,0,0,8,20529,65476,0,0,61604,60.0,0.0,0.0,0.0,0.0,0.0
2026-04-04T11:42:09,ERR,ERR,ERR,ERR,ERR,ERR,ERR,ERR,ERR,ERR,ERR,ERR,ERR,ERR,ERR,ERR,ERR,ERR,ERR,ERR,ERR,ERR,ERR,ERR,ERR,ERR,ERR,ERR,ERR,ERR,ERR,ERR,ERR,ERR,ERR,ERR,ERR,ERR,ERR,ERR,ERR,ERR,ERR,ERR,ERR,ERR,ERR,ERR,ERR,ERR,ERR,ERR,ERR,ERR,ERR,ERR,ERR,ERR,ERR,ERR,ERR,ERR,ERR,ERR,ERR,ERR,ERR,ERR,ERR,ERR,ERR,ERR,ERR,ERR,ERR,ERR,ERR,ERR,ERR,ERR,ERR,ERR,ERR,ERR,ERR,ERR,ERR,ERR,ERR,ERR,ERR,ERR,ERR,ERR,ERR,ERR,ERR,ERR,ERR,ERR,ERR,ERR,ERR,ERR,ERR,ERR,ERR,ERR,ERR,ERR,ERR,ERR,ERR,ERR,ERR,ERR,ERR,ERR,ERR,ERR,ERR,ERR,ERR,ERR,ERR,0.0,-0.0,-101055584.0,0.0,0.0,0.0,0.0,nan,0,0,0,32768,0,0.0,0,0.0,0.0,0.0,0.0,0.0,0,0,0,0,0.0,0,0,0,0,0,0,0,0,0,0,0,0,0,0,0,0,0,0,0,0,0,0,0,0,0,0,0,0,0,0,0,0,0,0,0,0,0,0,0,0,0,0,0,0,0.0,0.0,0.0,0.0,0.0,0.0,0.0,0.0,0.0,0.0,0.0,0.0,0.0,0.0,0.0,0.0,0.0,0.0,0.0,0.0,0.0,0.0,-0.0,-0.0,-2.004,-0.0,0.0,0.0,0.0,0.0,3366.0,-2.004,0.0,0.0,-0.0,-0.0,2.7184274988523002e+23,0.0,0.0,0.0,0.0,0,-1.9056958870913024e+17,-3.2219784175415904e+26,0.0,0.0,0.0,0.0,0.0,0.0,0.0,0,0,0,0.0,0.0,0.0,0.0,0.0,0.0,0.0,0.0,0.0,0.0,0.0,0.0,0.0,0.0,0.0,0.0,0,-107875648.0,0,0.0,0,-107875648.0,-107877712.0,0,52429,17038,13107,17053,26215,17037,0,0,0,110,100,100,0.0,64.0,0.0,64.9,-107615304.0,68.5,1,49,50,180,0,13107,0,0,0.0,0.0,0.0,0.0,-4.236147779035561e+24,65.0,0.0,-0.0,0.0,645,0,686,0,0,0,714,0,786,0,707,0,689,0,645,0,641,0,618,0.032,36700160.0,-0.0,0.0,57232,16788,-1.832228871179982e+31,9060855.0,0.0,1.8163892768129734e+26,-758816.438,-0.0,29.0,60.0,70,0.0,0.0,0.0,0.0,0.0,0.0,0.0,0.0,0.0,0.0,0.0,0.0,0.0,0.0,0.0,0.0,59.2,68,11,65509,41,65476,0,300,0,0,8,20529,65476,0,0,61604,60.0,0.0,0.0,0.0,0.0,0.0
2026-04-04T11:42:10,ERR,ERR,ERR,ERR,ERR,ERR,ERR,ERR,ERR,ERR,ERR,ERR,ERR,ERR,ERR,ERR,ERR,ERR,ERR,ERR,ERR,ERR,ERR,ERR,ERR,ERR,ERR,ERR,ERR,ERR,ERR,ERR,ERR,ERR,ERR,ERR,ERR,ERR,ERR,ERR,ERR,ERR,ERR,ERR,ERR,ERR,ERR,ERR,ERR,ERR,ERR,ERR,ERR,ERR,ERR,ERR,ERR,ERR,ERR,ERR,ERR,ERR,ERR,ERR,ERR,ERR,ERR,ERR,ERR,ERR,ERR,ERR,ERR,ERR,ERR,ERR,ERR,ERR,ERR,ERR,ERR,ERR,ERR,ERR,ERR,ERR,ERR,ERR,ERR,ERR,ERR,ERR,ERR,ERR,ERR,ERR,ERR,ERR,ERR,ERR,ERR,ERR,ERR,ERR,ERR,ERR,ERR,ERR,ERR,ERR,ERR,ERR,ERR,ERR,ERR,ERR,ERR,ERR,ERR,ERR,ERR,ERR,ERR,ERR,ERR,0.0,-0.0,-101055584.0,0.0,0.0,0.0,0.0,nan,0,0,0,32768,0,0.0,0,0.0,0.0,0.0,0.0,0.0,0,0,0,0,0.0,0,0,0,0,0,0,0,0,0,0,0,0,0,0,0,0,0,0,0,0,0,0,0,0,0,0,0,0,0,0,0,0,0,0,0,0,0,0,0,0,0,0,0,0,0.0,0.0,0.0,0.0,0.0,0.0,0.0,0.0,0.0,0.0,0.0,0.0,0.0,0.0,0.0,0.0,0.0,0.0,0.0,0.0,0.0,0.0,-0.0,-0.0,-2.004,-0.0,0.0,0.0,0.0,0.0,3366.0,-2.004,0.0,0.0,-0.0,-0.0,2.7184274988523002e+23,0.0,0.0,0.0,0.0,0,-1.9056958870913024e+17,-3.2219784175415904e+26,0.0,0.0,0.0,0.0,0.0,0.0,0.0,0,0,0,0.0,0.0,0.0,0.0,0.0,0.0,0.0,0.0,0.0,0.0,0.0,0.0,0.0,0.0,0.0,0.0,0,-107875648.0,0,0.0,0,-107875648.0,-107877712.0,0,52429,17038,13107,17053,26215,17037,0,0,0,110,100,100,0.0,64.0,0.0,64.9,-107615304.0,68.5,1,49,50,180,0,13107,0,0,0.0,0.0,0.0,0.0,-4.236147779035561e+24,65.0,0.0,-0.0,0.0,645,0,686,0,0,0,714,0,786,0,707,0,689,0,645,0,641,0,618,0.032,36700160.0,-0.0,0.0,57232,16788,-1.832228871179982e+31,9060855.0,0.0,1.8163892768129734e+26,-758816.438,-0.0,29.0,60.0,70,0.0,0.0,0.0,0.0,0.0,0.0,0.0,0.0,0.0,0.0,0.0,0.0,0.0,0.0,0.0,0.0,59.2,68,11,65509,41,65476,0,300,0,0,8,20529,65476,0,0,61604,60.0,0.0,0.0,0.0,0.0,0.0
2026-04-04T11:42:11,ERR,ERR,ERR,ERR,ERR,ERR,ERR,ERR,ERR,ERR,ERR,ERR,ERR,ERR,ERR,ERR,ERR,ERR,ERR,ERR,ERR,ERR,ERR,ERR,ERR,ERR,ERR,ERR,ERR,ERR,ERR,ERR,ERR,ERR,ERR,ERR,ERR,ERR,ERR,ERR,ERR,ERR,ERR,ERR,ERR,ERR,ERR,ERR,ERR,ERR,ERR,ERR,ERR,ERR,ERR,ERR,ERR,ERR,ERR,ERR,ERR,ERR,ERR,ERR,ERR,ERR,ERR,ERR,ERR,ERR,ERR,ERR,ERR,ERR,ERR,ERR,ERR,ERR,ERR,ERR,ERR,ERR,ERR,ERR,ERR,ERR,ERR,ERR,ERR,ERR,ERR,ERR,ERR,ERR,ERR,ERR,ERR,ERR,ERR,ERR,ERR,ERR,ERR,ERR,ERR,ERR,ERR,ERR,ERR,ERR,ERR,ERR,ERR,ERR,ERR,ERR,ERR,ERR,ERR,ERR,ERR,ERR,ERR,ERR,ERR,0.0,-0.0,-101055584.0,0.0,0.0,0.0,0.0,nan,0,0,0,32768,0,0.0,0,0.0,0.0,0.0,0.0,0.0,0,0,0,0,0.0,0,0,0,0,0,0,0,0,0,0,0,0,0,0,0,0,0,0,0,0,0,0,0,0,0,0,0,0,0,0,0,0,0,0,0,0,0,0,0,0,0,0,0,0,0.0,0.0,0.0,0.0,0.0,0.0,0.0,0.0,0.0,0.0,0.0,0.0,0.0,0.0,0.0,0.0,0.0,0.0,0.0,0.0,0.0,0.0,-0.0,-0.0,-2.004,-0.0,0.0,0.0,0.0,0.0,3366.0,-2.004,0.0,0.0,-0.0,-0.0,2.7184274988523002e+23,0.0,0.0,0.0,0.0,0,-1.9056958870913024e+17,-3.2219784175415904e+26,0.0,0.0,0.0,0.0,0.0,0.0,0.0,0,0,0,0.0,0.0,0.0,0.0,0.0,0.0,0.0,0.0,0.0,0.0,0.0,0.0,0.0,0.0,0.0,0.0,0,-107875648.0,0,0.0,0,-107875648.0,-107877712.0,0,52429,17038,13107,17053,26215,17037,0,0,0,110,100,100,0.0,64.0,0.0,64.9,-107615304.0,68.5,1,49,50,180,0,13107,0,0,0.0,0.0,0.0,0.0,-4.236147779035561e+24,65.0,0.0,-0.0,0.0,645,0,686,0,0,0,714,0,786,0,707,0,689,0,645,0,641,0,618,0.032,36700160.0,-0.0,0.0,57232,16788,-1.832228871179982e+31,9060855.0,0.0,1.8163892768129734e+26,-758816.438,-0.0,29.0,60.0,70,0.0,0.0,0.0,0.0,0.0,0.0,0.0,0.0,0.0,0.0,0.0,0.0,0.0,0.0,0.0,0.0,59.2,68,11,65509,41,65476,0,300,0,0,8,20529,65476,0,0,61604,60.0,0.0,0.0,0.0,0.0,0.0
2026-04-04T11:42:12,ERR,ERR,ERR,ERR,ERR,ERR,ERR,ERR,ERR,ERR,ERR,ERR,ERR,ERR,ERR,ERR,ERR,ERR,ERR,ERR,ERR,ERR,ERR,ERR,ERR,ERR,ERR,ERR,ERR,ERR,ERR,ERR,ERR,ERR,ERR,ERR,ERR,ERR,ERR,ERR,ERR,ERR,ERR,ERR,ERR,ERR,ERR,ERR,ERR,ERR,ERR,ERR,ERR,ERR,ERR,ERR,ERR,ERR,ERR,ERR,ERR,ERR,ERR,ERR,ERR,ERR,ERR,ERR,ERR,ERR,ERR,ERR,ERR,ERR,ERR,ERR,ERR,ERR,ERR,ERR,ERR,ERR,ERR,ERR,ERR,ERR,ERR,ERR,ERR,ERR,ERR,ERR,ERR,ERR,ERR,ERR,ERR,ERR,ERR,ERR,ERR,ERR,ERR,ERR,ERR,ERR,ERR,ERR,ERR,ERR,ERR,ERR,ERR,ERR,ERR,ERR,ERR,ERR,ERR,ERR,ERR,ERR,ERR,ERR,ERR,0.0,-0.0,-101055584.0,0.0,0.0,0.0,0.0,nan,0,0,0,32768,0,0.0,0,0.0,0.0,0.0,0.0,0.0,0,0,0,0,0.0,0,0,0,0,0,0,0,0,0,0,0,0,0,0,0,0,0,0,0,0,0,0,0,0,0,0,0,0,0,0,0,0,0,0,0,0,0,0,0,0,0,0,0,0,0.0,0.0,0.0,0.0,0.0,0.0,0.0,0.0,0.0,0.0,0.0,0.0,0.0,0.0,0.0,0.0,0.0,0.0,0.0,0.0,0.0,0.0,-0.0,-0.0,-2.004,-0.0,0.0,0.0,0.0,0.0,3367.0,-8608106496.0,0.0,0.0,-0.0,-0.0,2.7184274988523002e+23,0.0,0.0,0.0,0.0,0,-152018253512704.0,-3.2219784175415904e+26,0.0,0.0,0.0,0.0,0.0,0.0,0.0,0,0,0,0.0,0.0,0.0,0.0,0.0,0.0,0.0,0.0,0.0,0.0,0.0,0.0,0.0,0.0,0.0,0.0,0,-107875648.0,0,0.0,0,-107875648.0,-107877712.0,0,52429,17038,13107,17053,26215,17037,0,0,0,110,100,100,0.0,64.0,0.0,64.9,-107615304.0,68.5,1,49,50,180,0,13107,0,0,0.0,0.0,0.0,0.0,-4.236147779035561e+24,65.0,0.0,-0.0,0.0,645,0,686,0,0,0,714,0,786,0,707,0,689,0,645,0,641,0,618,0.032,36700160.0,-0.0,0.0,57232,16788,-1.832228871179982e+31,9060855.0,0.0,1.8163892768129734e+26,-758816.438,-0.0,29.0,60.0,70,0.0,0.0,0.0,0.0,0.0,0.0,0.0,0.0,0.0,0.0,0.0,0.0,0.0,0.0,0.0,0.0,59.2,68,11,65509,41,65476,0,300,0,0,8,20529,65476,0,0,61604,60.0,0.0,0.0,0.0,0.0,0.0
2026-04-04T11:42:13,ERR,ERR,ERR,ERR,ERR,ERR,ERR,ERR,ERR,ERR,ERR,ERR,ERR,ERR,ERR,ERR,ERR,ERR,ERR,ERR,ERR,ERR,ERR,ERR,ERR,ERR,ERR,ERR,ERR,ERR,ERR,ERR,ERR,ERR,ERR,ERR,ERR,ERR,ERR,ERR,ERR,ERR,ERR,ERR,ERR,ERR,ERR,ERR,ERR,ERR,ERR,ERR,ERR,ERR,ERR,ERR,ERR,ERR,ERR,ERR,ERR,ERR,ERR,ERR,ERR,ERR,ERR,ERR,ERR,ERR,ERR,ERR,ERR,ERR,ERR,ERR,ERR,ERR,ERR,ERR,ERR,ERR,ERR,ERR,ERR,ERR,ERR,ERR,ERR,ERR,ERR,ERR,ERR,ERR,ERR,ERR,ERR,ERR,ERR,ERR,ERR,ERR,ERR,ERR,ERR,ERR,ERR,ERR,ERR,ERR,ERR,ERR,ERR,ERR,ERR,ERR,ERR,ERR,ERR,ERR,ERR,ERR,ERR,ERR,ERR,0.0,-0.0,-101055584.0,0.0,0.0,0.0,0.0,nan,0,0,0,32768,0,0.0,0,0.0,0.0,0.0,0.0,0.0,0,0,0,0,0.0,0,0,0,0,0,0,0,0,0,0,0,0,0,0,0,0,0,0,0,0,0,0,0,0,0,0,0,0,0,0,0,0,0,0,0,0,0,0,0,0,0,0,0,0,0.0,0.0,0.0,0.0,0.0,0.0,0.0,0.0,0.0,0.0,0.0,0.0,0.0,0.0,0.0,0.0,0.0,0.0,0.0,0.0,0.0,0.0,-0.0,-0.0,-2.004,-0.0,0.0,0.0,0.0,0.0,3367.0,-8608106496.0,0.0,0.0,-0.0,-0.0,2.7184274988523002e+23,0.0,0.0,0.0,0.0,0,-152018253512704.0,-3.2219784175415904e+26,0.0,0.0,0.0,0.0,0.0,0.0,0.0,0,0,0,0.0,0.0,0.0,0.0,0.0,0.0,0.0,0.0,0.0,0.0,0.0,0.0,0.0,0.0,0.0,0.0,0,-107875648.0,0,0.0,0,-107875648.0,-107877712.0,0,52429,17038,13107,17053,26215,17037,0,0,0,110,100,100,0.0,64.0,0.0,64.9,-107615304.0,68.5,1,49,50,180,0,13107,0,0,0.0,0.0,0.0,0.0,-1.832228871179982e+31,65.0,0.0,9060855.0,0.0,645,0,686,0,0,0,714,0,786,0,707,0,689,0,645,0,641,0,619,0.032,36962304.0,-0.0,0.0,53392,16788,-1.832228871179982e+31,9060855.0,0.0,1.8163892768129734e+26,-758816.438,-0.0,29.0,60.0,70,0.0,0.0,0.0,0.0,0.0,0.0,0.0,0.0,0.0,0.0,0.0,0.0,0.0,0.0,0.0,0.0,59.2,68,11,65509,41,65476,0,300,0,0,8,20529,65476,0,0,61604,60.0,0.0,0.0,0.0,0.0,0.0
2026-04-04T11:42:14,ERR,ERR,ERR,ERR,ERR,ERR,ERR,ERR,ERR,ERR,ERR,ERR,ERR,ERR,ERR,ERR,ERR,ERR,ERR,ERR,ERR,ERR,ERR,ERR,ERR,ERR,ERR,ERR,ERR,ERR,ERR,ERR,ERR,ERR,ERR,ERR,ERR,ERR,ERR,ERR,ERR,ERR,ERR,ERR,ERR,ERR,ERR,ERR,ERR,ERR,ERR,ERR,ERR,ERR,ERR,ERR,ERR,ERR,ERR,ERR,ERR,ERR,ERR,ERR,ERR,ERR,ERR,ERR,ERR,ERR,ERR,ERR,ERR,ERR,ERR,ERR,ERR,ERR,ERR,ERR,ERR,ERR,ERR,ERR,ERR,ERR,ERR,ERR,ERR,ERR,ERR,ERR,ERR,ERR,ERR,ERR,ERR,ERR,ERR,ERR,ERR,ERR,ERR,ERR,ERR,ERR,ERR,ERR,ERR,ERR,ERR,ERR,ERR,ERR,ERR,ERR,ERR,ERR,ERR,ERR,ERR,ERR,ERR,ERR,ERR,0.0,-0.0,-101055584.0,0.0,0.0,0.0,0.0,nan,0,0,0,32768,0,0.0,0,0.0,0.0,0.0,0.0,0.0,0,0,0,0,0.0,0,0,0,0,0,0,0,0,0,0,0,0,0,0,0,0,0,0,0,0,0,0,0,0,0,0,0,0,0,0,0,0,0,0,0,0,0,0,0,0,0,0,0,0,0.0,0.0,0.0,0.0,0.0,0.0,0.0,0.0,0.0,0.0,0.0,0.0,0.0,0.0,0.0,0.0,0.0,0.0,0.0,0.0,0.0,0.0,-0.0,-0.0,-2.004,-0.0,0.0,0.0,0.0,0.0,3367.0,-8608106496.0,0.0,0.0,-0.0,-0.0,2.7184274988523002e+23,0.0,0.0,0.0,0.0,0,-152018253512704.0,-3.2219784175415904e+26,0.0,0.0,0.0,0.0,0.0,0.0,0.0,0,0,0,0.0,0.0,0.0,0.0,0.0,0.0,0.0,0.0,0.0,0.0,0.0,0.0,0.0,0.0,0.0,0.0,0,-107875648.0,0,0.0,0,-107875648.0,-107877712.0,0,52429,17038,13107,17053,26215,17037,0,0,0,110,100,100,0.0,64.0,0.0,64.9,-107615304.0,68.5,1,49,50,180,0,13107,0,0,0.0,0.0,0.0,0.0,-1.832228871179982e+31,65.0,0.0,9060855.0,0.0,645,0,686,0,0,0,714,0,786,0,707,0,689,0,645,0,641,0,619,0.032,36962304.0,-0.0,0.0,53392,16788,-1.832228871179982e+31,9060855.0,0.0,1.8163892768129734e+26,-758816.438,-0.0,29.0,60.0,70,0.0,0.0,0.0,0.0,0.0,0.0,0.0,0.0,0.0,0.0,0.0,0.0,0.0,0.0,0.0,0.0,59.2,68,11,65509,41,65476,0,300,0,0,8,20529,65476,0,0,61604,60.0,0.0,0.0,0.0,0.0,0.0
2026-04-04T11:42:15,ERR,ERR,ERR,ERR,ERR,ERR,ERR,ERR,ERR,ERR,ERR,ERR,ERR,ERR,ERR,ERR,ERR,ERR,ERR,ERR,ERR,ERR,ERR,ERR,ERR,ERR,ERR,ERR,ERR,ERR,ERR,ERR,ERR,ERR,ERR,ERR,ERR,ERR,ERR,ERR,ERR,ERR,ERR,ERR,ERR,ERR,ERR,ERR,ERR,ERR,ERR,ERR,ERR,ERR,ERR,ERR,ERR,ERR,ERR,ERR,ERR,ERR,ERR,ERR,ERR,ERR,ERR,ERR,ERR,ERR,ERR,ERR,ERR,ERR,ERR,ERR,ERR,ERR,ERR,ERR,ERR,ERR,ERR,ERR,ERR,ERR,ERR,ERR,ERR,ERR,ERR,ERR,ERR,ERR,ERR,ERR,ERR,ERR,ERR,ERR,ERR,ERR,ERR,ERR,ERR,ERR,ERR,ERR,ERR,ERR,ERR,ERR,ERR,ERR,ERR,ERR,ERR,ERR,ERR,ERR,ERR,ERR,ERR,ERR,ERR,0.0,-0.0,-101055584.0,0.0,0.0,0.0,0.0,nan,0,0,0,32768,0,0.0,0,0.0,0.0,0.0,0.0,0.0,0,0,0,0,0.0,0,0,0,0,0,0,0,0,0,0,0,0,0,0,0,0,0,0,0,0,0,0,0,0,0,0,0,0,0,0,0,0,0,0,0,0,0,0,0,0,0,0,0,0,0.0,0.0,0.0,0.0,0.0,0.0,0.0,0.0,0.0,0.0,0.0,0.0,0.0,0.0,0.0,0.0,0.0,0.0,0.0,0.0,0.0,0.0,-0.0,-0.0,-2.004,-0.0,0.0,0.0,0.0,0.0,3367.0,-8608106496.0,0.0,0.0,-0.0,-0.0,2.7184274988523002e+23,0.0,0.0,0.0,0.0,0,-152018253512704.0,-3.2219784175415904e+26,0.0,0.0,0.0,0.0,0.0,0.0,0.0,0,0,0,0.0,0.0,0.0,0.0,0.0,0.0,0.0,0.0,0.0,0.0,0.0,0.0,0.0,0.0,0.0,0.0,0,-107875648.0,0,0.0,0,-107875648.0,-107877712.0,0,52429,17038,13107,17053,26215,17037,0,0,0,110,100,100,0.0,64.0,0.0,64.9,-107615304.0,68.5,1,49,50,180,0,13107,0,0,0.0,0.0,0.0,0.0,-1.832228871179982e+31,65.0,0.0,9060855.0,0.0,645,0,686,0,0,0,714,0,786,0,707,0,689,0,645,0,641,0,619,0.032,36962304.0,-0.0,0.0,53392,16788,-1.832228871179982e+31,9060855.0,0.0,1.8163892768129734e+26,-758816.438,-0.0,29.0,60.0,70,0.0,0.0,0.0,0.0,0.0,0.0,0.0,0.0,0.0,0.0,0.0,0.0,0.0,0.0,0.0,0.0,59.2,68,11,65509,41,65476,0,300,0,0,8,20529,65476,0,0,61604,60.0,0.0,0.0,0.0,0.0,0.0
2026-04-04T11:42:16,ERR,ERR,ERR,ERR,ERR,ERR,ERR,ERR,ERR,ERR,ERR,ERR,ERR,ERR,ERR,ERR,ERR,ERR,ERR,ERR,ERR,ERR,ERR,ERR,ERR,ERR,ERR,ERR,ERR,ERR,ERR,ERR,ERR,ERR,ERR,ERR,ERR,ERR,ERR,ERR,ERR,ERR,ERR,ERR,ERR,ERR,ERR,ERR,ERR,ERR,ERR,ERR,ERR,ERR,ERR,ERR,ERR,ERR,ERR,ERR,ERR,ERR,ERR,ERR,ERR,ERR,ERR,ERR,ERR,ERR,ERR,ERR,ERR,ERR,ERR,ERR,ERR,ERR,ERR,ERR,ERR,ERR,ERR,ERR,ERR,ERR,ERR,ERR,ERR,ERR,ERR,ERR,ERR,ERR,ERR,ERR,ERR,ERR,ERR,ERR,ERR,ERR,ERR,ERR,ERR,ERR,ERR,ERR,ERR,ERR,ERR,ERR,ERR,ERR,ERR,ERR,ERR,ERR,ERR,ERR,ERR,ERR,ERR,ERR,ERR,0.0,-0.0,-101055584.0,0.0,0.0,0.0,0.0,nan,0,0,0,32768,0,0.0,0,0.0,0.0,0.0,0.0,0.0,0,0,0,0,0.0,0,0,0,0,0,0,0,0,0,0,0,0,0,0,0,0,0,0,0,0,0,0,0,0,0,0,0,0,0,0,0,0,0,0,0,0,0,0,0,0,0,0,0,0,0.0,0.0,0.0,0.0,0.0,0.0,0.0,0.0,0.0,0.0,0.0,0.0,0.0,0.0,0.0,0.0,0.0,0.0,0.0,0.0,0.0,0.0,-0.0,-0.0,-2.004,-0.0,0.0,0.0,0.0,0.0,3367.0,-8608106496.0,0.0,0.0,-0.0,-0.0,2.7184274988523002e+23,0.0,0.0,0.0,0.0,0,-152018253512704.0,-3.2219784175415904e+26,0.0,0.0,0.0,0.0,0.0,0.0,0.0,0,0,0,0.0,0.0,0.0,0.0,0.0,0.0,0.0,0.0,0.0,0.0,0.0,0.0,0.0,0.0,0.0,0.0,0,-107875648.0,0,0.0,0,-107875648.0,-107877712.0,0,52429,17038,13107,17053,26215,17037,0,0,0,110,100,100,0.0,64.0,0.0,64.9,-107615304.0,68.5,1,49,50,180,0,13107,0,0,0.0,0.0,0.0,0.0,-1.832228871179982e+31,65.0,0.0,9060855.0,0.0,645,0,686,0,0,0,714,0,786,0,707,0,689,0,645,0,641,0,619,0.032,36962304.0,-0.0,0.0,53392,16788,-1.832228871179982e+31,9060855.0,0.0,1.8163892768129734e+26,-758816.438,-0.0,29.0,60.0,70,0.0,0.0,0.0,0.0,0.0,0.0,0.0,0.0,0.0,0.0,0.0,0.0,0.0,0.0,0.0,0.0,59.2,68,11,65509,41,65476,0,300,0,0,8,20529,65476,0,0,61604,60.0,0.0,0.0,0.0,0.0,0.0
2026-04-04T11:42:17,ERR,ERR,ERR,ERR,ERR,ERR,ERR,ERR,ERR,ERR,ERR,ERR,ERR,ERR,ERR,ERR,ERR,ERR,ERR,ERR,ERR,ERR,ERR,ERR,ERR,ERR,ERR,ERR,ERR,ERR,ERR,ERR,ERR,ERR,ERR,ERR,ERR,ERR,ERR,ERR,ERR,ERR,ERR,ERR,ERR,ERR,ERR,ERR,ERR,ERR,ERR,ERR,ERR,ERR,ERR,ERR,ERR,ERR,ERR,ERR,ERR,ERR,ERR,ERR,ERR,ERR,ERR,ERR,ERR,ERR,ERR,ERR,ERR,ERR,ERR,ERR,ERR,ERR,ERR,ERR,ERR,ERR,ERR,ERR,ERR,ERR,ERR,ERR,ERR,ERR,ERR,ERR,ERR,ERR,ERR,ERR,ERR,ERR,ERR,ERR,ERR,ERR,ERR,ERR,ERR,ERR,ERR,ERR,ERR,ERR,ERR,ERR,ERR,ERR,ERR,ERR,ERR,ERR,ERR,ERR,ERR,ERR,ERR,ERR,ERR,0.0,-0.0,-101055584.0,0.0,0.0,0.0,0.0,nan,0,0,0,32768,0,0.0,0,0.0,0.0,0.0,0.0,0.0,0,0,0,0,0.0,0,0,0,0,0,0,0,0,0,0,0,0,0,0,0,0,0,0,0,0,0,0,0,0,0,0,0,0,0,0,0,0,0,0,0,0,0,0,0,0,0,0,0,0,0.0,0.0,0.0,0.0,0.0,0.0,0.0,0.0,0.0,0.0,0.0,0.0,0.0,0.0,0.0,0.0,0.0,0.0,0.0,0.0,0.0,0.0,-0.0,-0.0,-2.004,-0.0,0.0,0.0,0.0,0.0,3367.0,-8608106496.0,0.0,0.0,-0.0,-0.0,2.7184274988523002e+23,0.0,0.0,0.0,0.0,0,-152018253512704.0,-3.2219784175415904e+26,0.0,0.0,0.0,0.0,0.0,0.0,0.0,0,0,0,0.0,0.0,0.0,0.0,0.0,0.0,0.0,0.0,0.0,0.0,0.0,0.0,0.0,0.0,0.0,0.0,0,-107875648.0,0,0.0,0,-107875648.0,-107877712.0,0,52429,17038,13107,17053,26215,17037,0,0,0,110,100,100,0.0,64.0,0.0,64.9,-107615304.0,68.5,1,49,50,180,0,13107,0,0,0.0,0.0,0.0,0.0,-1.832228871179982e+31,65.0,0.0,9060855.0,0.0,645,0,686,0,0,0,714,0,786,0,707,0,689,0,645,0,641,0,619,0.032,36962304.0,-0.0,0.0,53392,16788,-1.832228871179982e+31,9060855.0,0.0,1.8163892768129734e+26,-758816.438,-0.0,29.0,60.0,70,0.0,0.0,0.0,0.0,0.0,0.0,0.0,0.0,0.0,0.0,0.0,0.0,0.0,0.0,0.0,0.0,59.2,68,11,65509,41,65476,0,300,0,0,8,20529,65476,0,0,61604,60.0,0.0,0.0,0.0,0.0,0.0
2026-04-04T11:42:18,ERR,ERR,ERR,ERR,ERR,ERR,ERR,ERR,ERR,ERR,ERR,ERR,ERR,ERR,ERR,ERR,ERR,ERR,ERR,ERR,ERR,ERR,ERR,ERR,ERR,ERR,ERR,ERR,ERR,ERR,ERR,ERR,ERR,ERR,ERR,ERR,ERR,ERR,ERR,ERR,ERR,ERR,ERR,ERR,ERR,ERR,ERR,ERR,ERR,ERR,ERR,ERR,ERR,ERR,ERR,ERR,ERR,ERR,ERR,ERR,ERR,ERR,ERR,ERR,ERR,ERR,ERR,ERR,ERR,ERR,ERR,ERR,ERR,ERR,ERR,ERR,ERR,ERR,ERR,ERR,ERR,ERR,ERR,ERR,ERR,ERR,ERR,ERR,ERR,ERR,ERR,ERR,ERR,ERR,ERR,ERR,ERR,ERR,ERR,ERR,ERR,ERR,ERR,ERR,ERR,ERR,ERR,ERR,ERR,ERR,ERR,ERR,ERR,ERR,ERR,ERR,ERR,ERR,ERR,ERR,ERR,ERR,ERR,ERR,ERR,0.0,-0.0,-101055584.0,0.0,0.0,0.0,0.0,nan,0,0,0,32768,0,0.0,0,0.0,0.0,0.0,0.0,0.0,0,0,0,0,0.0,0,0,0,0,0,0,0,0,0,0,0,0,0,0,0,0,0,0,0,0,0,0,0,0,0,0,0,0,0,0,0,0,0,0,0,0,0,0,0,0,0,0,0,0,0.0,0.0,0.0,0.0,0.0,0.0,0.0,0.0,0.0,0.0,0.0,0.0,0.0,0.0,0.0,0.0,0.0,0.0,0.0,0.0,0.0,0.0,-0.0,-0.0,-2.004,-0.0,0.0,0.0,0.0,0.0,3367.0,-8608106496.0,0.0,0.0,-0.0,-0.0,2.7184274988523002e+23,0.0,0.0,0.0,0.0,0,-152018253512704.0,-3.2219784175415904e+26,0.0,0.0,0.0,0.0,0.0,0.0,0.0,0,0,0,0.0,0.0,0.0,0.0,0.0,0.0,0.0,0.0,0.0,0.0,0.0,0.0,0.0,0.0,0.0,0.0,0,-107875648.0,0,0.0,0,-107875648.0,-107877712.0,0,52429,17038,13107,17053,26215,17037,0,0,0,110,100,100,0.0,64.0,0.0,64.9,-107615304.0,68.5,1,49,50,180,0,13107,0,0,0.0,0.0,0.0,0.0,-1.832228871179982e+31,65.0,0.0,9060855.0,0.0,645,0,686,0,0,0,714,0,786,0,707,0,689,0,645,0,641,0,619,0.032,36962304.0,-0.0,0.0,53392,16788,-1.832228871179982e+31,9060855.0,0.0,1.8163892768129734e+26,-758816.438,-0.0,29.0,60.0,70,0.0,0.0,0.0,0.0,0.0,0.0,0.0,0.0,0.0,0.0,0.0,0.0,0.0,0.0,0.0,0.0,59.2,68,11,65509,41,65476,0,300,0,0,8,20529,65476,0,0,61604,60.0,0.0,0.0,0.0,0.0,0.0
2026-04-04T11:42:19,ERR,ERR,ERR,ERR,ERR,ERR,ERR,ERR,ERR,ERR,ERR,ERR,ERR,ERR,ERR,ERR,ERR,ERR,ERR,ERR,ERR,ERR,ERR,ERR,ERR,ERR,ERR,ERR,ERR,ERR,ERR,ERR,ERR,ERR,ERR,ERR,ERR,ERR,ERR,ERR,ERR,ERR,ERR,ERR,ERR,ERR,ERR,ERR,ERR,ERR,ERR,ERR,ERR,ERR,ERR,ERR,ERR,ERR,ERR,ERR,ERR,ERR,ERR,ERR,ERR,ERR,ERR,ERR,ERR,ERR,ERR,ERR,ERR,ERR,ERR,ERR,ERR,ERR,ERR,ERR,ERR,ERR,ERR,ERR,ERR,ERR,ERR,ERR,ERR,ERR,ERR,ERR,ERR,ERR,ERR,ERR,ERR,ERR,ERR,ERR,ERR,ERR,ERR,ERR,ERR,ERR,ERR,ERR,ERR,ERR,ERR,ERR,ERR,ERR,ERR,ERR,ERR,ERR,ERR,ERR,ERR,ERR,ERR,ERR,ERR,0.0,-0.0,-101055584.0,0.0,0.0,0.0,0.0,nan,0,0,0,32768,0,0.0,0,0.0,0.0,0.0,0.0,0.0,0,0,0,0,0.0,0,0,0,0,0,0,0,0,0,0,0,0,0,0,0,0,0,0,0,0,0,0,0,0,0,0,0,0,0,0,0,0,0,0,0,0,0,0,0,0,0,0,0,0,0.0,0.0,0.0,0.0,0.0,0.0,0.0,0.0,0.0,0.0,0.0,0.0,0.0,0.0,0.0,0.0,0.0,0.0,0.0,0.0,0.0,0.0,-0.0,-0.0,-2.004,-0.0,0.0,0.0,0.0,0.0,3367.0,-8608106496.0,0.0,0.0,-0.0,-0.0,2.7184274988523002e+23,0.0,0.0,0.0,0.0,0,-152018253512704.0,-3.2219784175415904e+26,0.0,0.0,0.0,0.0,0.0,0.0,0.0,0,0,0,0.0,0.0,0.0,0.0,0.0,0.0,0.0,0.0,0.0,0.0,0.0,0.0,0.0,0.0,0.0,0.0,0,-107875648.0,0,0.0,0,-107875648.0,-107877712.0,0,0,17039,13107,17053,26215,17037,0,0,0,110,100,100,0.0,64.0,0.0,64.9,-107615304.0,68.5,1,49,50,180,0,13107,0,0,0.0,0.0,0.0,0.0,-9.676127412242629e+30,65.0,0.0,-0.0,0.0,645,0,686,0,0,0,714,0,786,0,707,0,689,0,645,0,641,0,619,0.032,36700160.0,-0.0,0.0,53008,16788,0.0,8.727969744657045e+20,0.0,-0.0,-5.52546796808793e+24,-16391473152.0,29.0,60.0,70,0.0,0.0,0.0,0.0,0.0,0.0,0.0,0.0,0.0,0.0,0.0,0.0,0.0,0.0,0.0,0.0,59.6,68,11,65509,41,65476,0,300,0,0,8,20529,65476,0,0,61604,60.0,0.0,0.0,0.0,0.0,0.0
2026-04-04T11:42:20,ERR,ERR,ERR,ERR,ERR,ERR,ERR,ERR,ERR,ERR,ERR,ERR,ERR,ERR,ERR,ERR,ERR,ERR,ERR,ERR,ERR,ERR,ERR,ERR,ERR,ERR,ERR,ERR,ERR,ERR,ERR,ERR,ERR,ERR,ERR,ERR,ERR,ERR,ERR,ERR,ERR,ERR,ERR,ERR,ERR,ERR,ERR,ERR,ERR,ERR,ERR,ERR,ERR,ERR,ERR,ERR,ERR,ERR,ERR,ERR,ERR,ERR,ERR,ERR,ERR,ERR,ERR,ERR,ERR,ERR,ERR,ERR,ERR,ERR,ERR,ERR,ERR,ERR,ERR,ERR,ERR,ERR,ERR,ERR,ERR,ERR,ERR,ERR,ERR,ERR,ERR,ERR,ERR,ERR,ERR,ERR,ERR,ERR,ERR,ERR,ERR,ERR,ERR,ERR,ERR,ERR,ERR,ERR,ERR,ERR,ERR,ERR,ERR,ERR,ERR,ERR,ERR,ERR,ERR,ERR,ERR,ERR,ERR,ERR,ERR,0.0,-0.0,-101055584.0,0.0,0.0,0.0,0.0,nan,0,0,0,32768,0,0.0,0,0.0,0.0,0.0,0.0,0.0,0,0,0,0,0.0,0,0,0,0,0,0,0,0,0,0,0,0,0,0,0,0,0,0,0,0,0,0,0,0,0,0,0,0,0,0,0,0,0,0,0,0,0,0,0,0,0,0,0,0,0.0,0.0,0.0,0.0,0.0,0.0,0.0,0.0,0.0,0.0,0.0,0.0,0.0,0.0,0.0,0.0,0.0,0.0,0.0,0.0,0.0,0.0,-0.0,-0.0,-2.004,-0.0,0.0,0.0,0.0,0.0,3367.0,-8608106496.0,0.0,0.0,-0.0,-0.0,2.7184274988523002e+23,0.0,0.0,0.0,0.0,0,-152018253512704.0,-3.2219784175415904e+26,0.0,0.0,0.0,0.0,0.0,0.0,0.0,0,0,0,0.0,0.0,0.0,0.0,0.0,0.0,0.0,0.0,0.0,0.0,0.0,0.0,0.0,0.0,0.0,0.0,0,-107875648.0,0,0.0,0,-107875648.0,-107877712.0,0,0,17039,13107,17053,26215,17037,0,0,0,110,100,100,0.0,64.0,0.0,64.9,-107615304.0,68.5,1,49,50,180,0,13107,0,0,0.0,0.0,0.0,0.0,-9.676127412242629e+30,65.0,0.0,-0.0,0.0,645,0,686,0,0,0,714,0,786,0,707,0,689,0,645,0,641,0,619,0.032,36700160.0,-0.0,0.0,53008,16788,0.0,8.727969744657045e+20,0.0,-0.0,-5.52546796808793e+24,-16391473152.0,29.0,60.0,70,0.0,0.0,0.0,0.0,0.0,0.0,0.0,0.0,0.0,0.0,0.0,0.0,0.0,0.0,0.0,0.0,59.6,68,11,65509,41,65476,0,300,0,0,8,20529,65476,0,0,61604,60.0,0.0,0.0,0.0,0.0,0.0
2026-04-04T11:42:21,ERR,ERR,ERR,ERR,ERR,ERR,ERR,ERR,ERR,ERR,ERR,ERR,ERR,ERR,ERR,ERR,ERR,ERR,ERR,ERR,ERR,ERR,ERR,ERR,ERR,ERR,ERR,ERR,ERR,ERR,ERR,ERR,ERR,ERR,ERR,ERR,ERR,ERR,ERR,ERR,ERR,ERR,ERR,ERR,ERR,ERR,ERR,ERR,ERR,ERR,ERR,ERR,ERR,ERR,ERR,ERR,ERR,ERR,ERR,ERR,ERR,ERR,ERR,ERR,ERR,ERR,ERR,ERR,ERR,ERR,ERR,ERR,ERR,ERR,ERR,ERR,ERR,ERR,ERR,ERR,ERR,ERR,ERR,ERR,ERR,ERR,ERR,ERR,ERR,ERR,ERR,ERR,ERR,ERR,ERR,ERR,ERR,ERR,ERR,ERR,ERR,ERR,ERR,ERR,ERR,ERR,ERR,ERR,ERR,ERR,ERR,ERR,ERR,ERR,ERR,ERR,ERR,ERR,ERR,ERR,ERR,ERR,ERR,ERR,ERR,0.0,-0.0,-101055584.0,0.0,0.0,0.0,0.0,nan,0,0,0,32768,0,0.0,0,0.0,0.0,0.0,0.0,0.0,0,0,0,0,0.0,0,0,0,0,0,0,0,0,0,0,0,0,0,0,0,0,0,0,0,0,0,0,0,0,0,0,0,0,0,0,0,0,0,0,0,0,0,0,0,0,0,0,0,0,0.0,0.0,0.0,0.0,0.0,0.0,0.0,0.0,0.0,0.0,0.0,0.0,0.0,0.0,0.0,0.0,0.0,0.0,0.0,0.0,0.0,0.0,-0.0,-2.004,-2.004,-0.0,0.0,0.0,0.0,0.0,3366.0,-0.0,0.0,0.0,-0.0,-0.0,2.7184274988523002e+23,0.0,0.0,0.0,0.0,0,-1.9056958870913024e+17,-71.629,0.0,0.0,0.0,0.0,0.0,0.0,0.0,0,0,0,0.0,0.0,0.0,0.0,0.0,0.0,0.0,0.0,0.0,0.0,0.0,0.0,0.0,0.0,0.0,0.0,0,-107875648.0,0,0.0,0,-107875648.0,-107877712.0,0,0,17039,13107,17053,26215,17037,0,0,0,110,100,100,0.0,64.0,0.0,64.9,-107615304.0,68.5,1,49,50,180,0,13107,0,0,0.0,0.0,0.0,0.0,-9.676127412242629e+30,65.0,0.0,-0.0,0.0,645,0,686,0,0,0,714,0,786,0,707,0,689,0,645,0,641,0,619,0.032,36700160.0,-0.0,0.0,53008,16788,0.0,8.727969744657045e+20,0.0,-0.0,-5.52546796808793e+24,-16391473152.0,29.0,60.0,70,0.0,0.0,0.0,0.0,0.0,0.0,0.0,0.0,0.0,0.0,0.0,0.0,0.0,0.0,0.0,0.0,59.2,68,11,65509,41,65476,0,300,0,0,8,20529,65476,0,0,61604,60.0,0.0,0.0,0.0,0.0,0.0
2026-04-04T11:42:22,ERR,ERR,ERR,ERR,ERR,ERR,ERR,ERR,ERR,ERR,ERR,ERR,ERR,ERR,ERR,ERR,ERR,ERR,ERR,ERR,ERR,ERR,ERR,ERR,ERR,ERR,ERR,ERR,ERR,ERR,ERR,ERR,ERR,ERR,ERR,ERR,ERR,ERR,ERR,ERR,ERR,ERR,ERR,ERR,ERR,ERR,ERR,ERR,ERR,ERR,ERR,ERR,ERR,ERR,ERR,ERR,ERR,ERR,ERR,ERR,ERR,ERR,ERR,ERR,ERR,ERR,ERR,ERR,ERR,ERR,ERR,ERR,ERR,ERR,ERR,ERR,ERR,ERR,ERR,ERR,ERR,ERR,ERR,ERR,ERR,ERR,ERR,ERR,ERR,ERR,ERR,ERR,ERR,ERR,ERR,ERR,ERR,ERR,ERR,ERR,ERR,ERR,ERR,ERR,ERR,ERR,ERR,ERR,ERR,ERR,ERR,ERR,ERR,ERR,ERR,ERR,ERR,ERR,ERR,ERR,ERR,ERR,ERR,ERR,ERR,0.0,-0.0,-101055584.0,0.0,0.0,0.0,0.0,nan,0,0,0,32768,0,0.0,0,0.0,0.0,0.0,0.0,0.0,0,0,0,0,0.0,0,0,0,0,0,0,0,0,0,0,0,0,0,0,0,0,0,0,0,0,0,0,0,0,0,0,0,0,0,0,0,0,0,0,0,0,0,0,0,0,0,0,0,0,0.0,0.0,0.0,0.0,0.0,0.0,0.0,0.0,0.0,0.0,0.0,0.0,0.0,0.0,0.0,0.0,0.0,0.0,0.0,0.0,0.0,0.0,-0.0,-2.004,-2.004,-0.0,0.0,0.0,0.0,0.0,3366.0,-0.0,0.0,0.0,-0.0,-0.0,2.7184274988523002e+23,0.0,0.0,0.0,0.0,0,-1.9056958870913024e+17,-71.629,0.0,0.0,0.0,0.0,0.0,0.0,0.0,0,0,0,0.0,0.0,0.0,0.0,0.0,0.0,0.0,0.0,0.0,0.0,0.0,0.0,0.0,0.0,0.0,0.0,0,-107875648.0,0,0.0,0,-107875648.0,-107877712.0,0,0,17039,13107,17053,26215,17037,0,0,0,110,100,100,0.0,64.0,0.0,64.9,-107615304.0,68.5,1,49,50,180,0,13107,0,0,0.0,0.0,0.0,0.0,-9.676127412242629e+30,65.0,0.0,-0.0,0.0,645,0,686,0,0,0,714,0,786,0,707,0,689,0,645,0,641,0,619,0.032,36700160.0,-0.0,0.0,53008,16788,0.0,8.727969744657045e+20,0.0,-0.0,-5.52546796808793e+24,-16391473152.0,29.0,60.0,70,0.0,0.0,0.0,0.0,0.0,0.0,0.0,0.0,0.0,0.0,0.0,0.0,0.0,0.0,0.0,0.0,59.2,68,11,65509,41,65476,0,300,0,0,8,20529,65476,0,0,61604,60.0,0.0,0.0,0.0,0.0,0.0
2026-04-04T11:42:23,ERR,ERR,ERR,ERR,ERR,ERR,ERR,ERR,ERR,ERR,ERR,ERR,ERR,ERR,ERR,ERR,ERR,ERR,ERR,ERR,ERR,ERR,ERR,ERR,ERR,ERR,ERR,ERR,ERR,ERR,ERR,ERR,ERR,ERR,ERR,ERR,ERR,ERR,ERR,ERR,ERR,ERR,ERR,ERR,ERR,ERR,ERR,ERR,ERR,ERR,ERR,ERR,ERR,ERR,ERR,ERR,ERR,ERR,ERR,ERR,ERR,ERR,ERR,ERR,ERR,ERR,ERR,ERR,ERR,ERR,ERR,ERR,ERR,ERR,ERR,ERR,ERR,ERR,ERR,ERR,ERR,ERR,ERR,ERR,ERR,ERR,ERR,ERR,ERR,ERR,ERR,ERR,ERR,ERR,ERR,ERR,ERR,ERR,ERR,ERR,ERR,ERR,ERR,ERR,ERR,ERR,ERR,ERR,ERR,ERR,ERR,ERR,ERR,ERR,ERR,ERR,ERR,ERR,ERR,ERR,ERR,ERR,ERR,ERR,ERR,0.0,-0.0,-101055584.0,0.0,0.0,0.0,0.0,nan,0,0,0,32768,0,0.0,0,0.0,0.0,0.0,0.0,0.0,0,0,0,0,0.0,0,0,0,0,0,0,0,0,0,0,0,0,0,0,0,0,0,0,0,0,0,0,0,0,0,0,0,0,0,0,0,0,0,0,0,0,0,0,0,0,0,0,0,0,0.0,0.0,0.0,0.0,0.0,0.0,0.0,0.0,0.0,0.0,0.0,0.0,0.0,0.0,0.0,0.0,0.0,0.0,0.0,0.0,0.0,0.0,-0.0,-2.004,-2.004,-0.0,0.0,0.0,0.0,0.0,3366.0,-0.0,0.0,0.0,-0.0,-0.0,2.7184274988523002e+23,0.0,0.0,0.0,0.0,0,-1.9056958870913024e+17,-71.629,0.0,0.0,0.0,0.0,0.0,0.0,0.0,0,0,0,0.0,0.0,0.0,0.0,0.0,0.0,0.0,0.0,0.0,0.0,0.0,0.0,0.0,0.0,0.0,0.0,0,-107875648.0,0,0.0,0,-107875648.0,-107877712.0,0,0,17039,13107,17053,26215,17037,0,0,0,110,100,100,0.0,64.0,0.0,64.9,-107615304.0,68.5,1,49,50,180,0,13107,0,0,0.0,0.0,0.0,0.0,-9.676127412242629e+30,65.0,0.0,-0.0,0.0,645,0,686,0,0,0,714,0,786,0,707,0,689,0,645,0,641,0,619,0.032,36700160.0,-0.0,0.0,53008,16788,0.0,8.727969744657045e+20,0.0,-0.0,-5.52546796808793e+24,-16391473152.0,29.0,60.0,70,0.0,0.0,0.0,0.0,0.0,0.0,0.0,0.0,0.0,0.0,0.0,0.0,0.0,0.0,0.0,0.0,59.2,68,11,65509,41,65476,0,300,0,0,8,20529,65476,0,0,61604,60.0,0.0,0.0,0.0,0.0,0.0
2026-04-04T11:42:24,ERR,ERR,ERR,ERR,ERR,ERR,ERR,ERR,ERR,ERR,ERR,ERR,ERR,ERR,ERR,ERR,ERR,ERR,ERR,ERR,ERR,ERR,ERR,ERR,ERR,ERR,ERR,ERR,ERR,ERR,ERR,ERR,ERR,ERR,ERR,ERR,ERR,ERR,ERR,ERR,ERR,ERR,ERR,ERR,ERR,ERR,ERR,ERR,ERR,ERR,ERR,ERR,ERR,ERR,ERR,ERR,ERR,ERR,ERR,ERR,ERR,ERR,ERR,ERR,ERR,ERR,ERR,ERR,ERR,ERR,ERR,ERR,ERR,ERR,ERR,ERR,ERR,ERR,ERR,ERR,ERR,ERR,ERR,ERR,ERR,ERR,ERR,ERR,ERR,ERR,ERR,ERR,ERR,ERR,ERR,ERR,ERR,ERR,ERR,ERR,ERR,ERR,ERR,ERR,ERR,ERR,ERR,ERR,ERR,ERR,ERR,ERR,ERR,ERR,ERR,ERR,ERR,ERR,ERR,ERR,ERR,ERR,ERR,ERR,ERR,0.0,-0.0,-101055584.0,0.0,0.0,0.0,0.0,nan,0,0,0,32768,0,0.0,0,0.0,0.0,0.0,0.0,0.0,0,0,0,0,0.0,0,0,0,0,0,0,0,0,0,0,0,0,0,0,0,0,0,0,0,0,0,0,0,0,0,0,0,0,0,0,0,0,0,0,0,0,0,0,0,0,0,0,0,0,0.0,0.0,0.0,0.0,0.0,0.0,0.0,0.0,0.0,0.0,0.0,0.0,0.0,0.0,0.0,0.0,0.0,0.0,0.0,0.0,0.0,0.0,-0.0,-2.004,-2.004,-0.0,0.0,0.0,0.0,0.0,3366.0,-0.0,0.0,0.0,-0.0,-0.0,2.7184274988523002e+23,0.0,0.0,0.0,0.0,0,-1.9056958870913024e+17,-71.629,0.0,0.0,0.0,0.0,0.0,0.0,0.0,0,0,0,0.0,0.0,0.0,0.0,0.0,0.0,0.0,0.0,0.0,0.0,0.0,0.0,0.0,0.0,0.0,0.0,0,-107875648.0,0,0.0,0,-107875648.0,-107877712.0,0,0,17039,13107,17053,26215,17037,0,0,0,110,100,100,0.0,64.0,0.0,64.9,-107615304.0,68.5,1,49,50,180,0,13107,0,0,0.0,0.0,0.0,0.0,-9.676127412242629e+30,65.0,0.0,-0.0,0.0,645,0,686,0,0,0,714,0,786,0,707,0,689,0,645,0,641,0,619,0.032,36700160.0,-0.0,0.0,53008,16788,0.0,8.727969744657045e+20,0.0,-0.0,-5.52546796808793e+24,-16391473152.0,29.0,60.0,70,0.0,0.0,0.0,0.0,0.0,0.0,0.0,0.0,0.0,0.0,0.0,0.0,0.0,0.0,0.0,0.0,59.2,68,11,65509,41,65476,0,300,0,0,8,20529,65476,0,0,61604,60.0,0.0,0.0,0.0,0.0,0.0
2026-04-04T11:42:25,ERR,ERR,ERR,ERR,ERR,ERR,ERR,ERR,ERR,ERR,ERR,ERR,ERR,ERR,ERR,ERR,ERR,ERR,ERR,ERR,ERR,ERR,ERR,ERR,ERR,ERR,ERR,ERR,ERR,ERR,ERR,ERR,ERR,ERR,ERR,ERR,ERR,ERR,ERR,ERR,ERR,ERR,ERR,ERR,ERR,ERR,ERR,ERR,ERR,ERR,ERR,ERR,ERR,ERR,ERR,ERR,ERR,ERR,ERR,ERR,ERR,ERR,ERR,ERR,ERR,ERR,ERR,ERR,ERR,ERR,ERR,ERR,ERR,ERR,ERR,ERR,ERR,ERR,ERR,ERR,ERR,ERR,ERR,ERR,ERR,ERR,ERR,ERR,ERR,ERR,ERR,ERR,ERR,ERR,ERR,ERR,ERR,ERR,ERR,ERR,ERR,ERR,ERR,ERR,ERR,ERR,ERR,ERR,ERR,ERR,ERR,ERR,ERR,ERR,ERR,ERR,ERR,ERR,ERR,ERR,ERR,ERR,ERR,ERR,ERR,0.0,-0.0,-101055584.0,0.0,0.0,0.0,0.0,nan,0,0,0,32768,0,0.0,0,0.0,0.0,0.0,0.0,0.0,0,0,0,0,0.0,0,0,0,0,0,0,0,0,0,0,0,0,0,0,0,0,0,0,0,0,0,0,0,0,0,0,0,0,0,0,0,0,0,0,0,0,0,0,0,0,0,0,0,0,0.0,0.0,0.0,0.0,0.0,0.0,0.0,0.0,0.0,0.0,0.0,0.0,0.0,0.0,0.0,0.0,0.0,0.0,0.0,0.0,0.0,0.0,-0.0,-2.004,-2.004,-0.0,0.0,0.0,0.0,0.0,3366.0,-0.0,0.0,0.0,-0.0,-0.0,2.7184274988523002e+23,0.0,0.0,0.0,0.0,0,-1.9056958870913024e+17,-71.629,0.0,0.0,0.0,0.0,0.0,0.0,0.0,0,0,0,0.0,0.0,0.0,0.0,0.0,0.0,0.0,0.0,0.0,0.0,0.0,0.0,0.0,0.0,0.0,0.0,0,-107875648.0,0,0.0,0,-107875648.0,-107877712.0,0,0,17039,13107,17053,26215,17037,0,0,0,110,100,100,0.0,64.0,0.0,64.9,-107615304.0,68.5,1,49,50,180,0,13107,0,0,0.0,0.0,0.0,0.0,0.0,65.5,0.0,0.0,0.0,645,0,686,0,0,0,714,0,786,0,707,0,689,0,645,0,641,0,618,0.032,36700160.0,-2.004,-0.0,1040,16789,-6.536633859577285e+31,0.0,-0.0,-0.0,0.0,0.0,29.0,60.0,70,0.0,0.0,0.0,0.0,0.0,0.0,0.0,0.0,0.0,0.0,0.0,0.0,0.0,0.0,0.0,0.0,59.2,68,11,65509,41,65476,0,300,0,0,8,20529,65476,0,0,61604,60.0,0.0,0.0,0.0,0.0,0.0
2026-04-04T11:42:26,ERR,ERR,ERR,ERR,ERR,ERR,ERR,ERR,ERR,ERR,ERR,ERR,ERR,ERR,ERR,ERR,ERR,ERR,ERR,ERR,ERR,ERR,ERR,ERR,ERR,ERR,ERR,ERR,ERR,ERR,ERR,ERR,ERR,ERR,ERR,ERR,ERR,ERR,ERR,ERR,ERR,ERR,ERR,ERR,ERR,ERR,ERR,ERR,ERR,ERR,ERR,ERR,ERR,ERR,ERR,ERR,ERR,ERR,ERR,ERR,ERR,ERR,ERR,ERR,ERR,ERR,ERR,ERR,ERR,ERR,ERR,ERR,ERR,ERR,ERR,ERR,ERR,ERR,ERR,ERR,ERR,ERR,ERR,ERR,ERR,ERR,ERR,ERR,ERR,ERR,ERR,ERR,ERR,ERR,ERR,ERR,ERR,ERR,ERR,ERR,ERR,ERR,ERR,ERR,ERR,ERR,ERR,ERR,ERR,ERR,ERR,ERR,ERR,ERR,ERR,ERR,ERR,ERR,ERR,ERR,ERR,ERR,ERR,ERR,ERR,0.0,-0.0,-101055584.0,0.0,0.0,0.0,0.0,nan,0,0,0,32768,0,0.0,0,0.0,0.0,0.0,0.0,0.0,0,0,0,0,0.0,0,0,0,0,0,0,0,0,0,0,0,0,0,0,0,0,0,0,0,0,0,0,0,0,0,0,0,0,0,0,0,0,0,0,0,0,0,0,0,0,0,0,0,0,0.0,0.0,0.0,0.0,0.0,0.0,0.0,0.0,0.0,0.0,0.0,0.0,0.0,0.0,0.0,0.0,0.0,0.0,0.0,0.0,0.0,0.0,-0.0,-2.004,-2.004,-0.0,0.0,0.0,0.0,0.0,3366.0,-0.0,0.0,0.0,-0.0,-0.0,2.7184274988523002e+23,0.0,0.0,0.0,0.0,0,-1.9056958870913024e+17,-71.629,0.0,0.0,0.0,0.0,0.0,0.0,0.0,0,0,0,0.0,0.0,0.0,0.0,0.0,0.0,0.0,0.0,0.0,0.0,0.0,0.0,0.0,0.0,0.0,0.0,0,-107875648.0,0,0.0,0,-107875648.0,-107877712.0,0,0,17039,13107,17053,26215,17037,0,0,0,110,100,100,0.0,64.0,0.0,64.9,-107615304.0,68.5,1,49,50,180,0,13107,0,0,0.0,0.0,0.0,0.0,0.0,65.5,0.0,0.0,0.0,645,0,686,0,0,0,714,0,786,0,707,0,689,0,645,0,641,0,618,0.032,36700160.0,-2.004,-0.0,1040,16789,-6.536633859577285e+31,0.0,-0.0,-0.0,0.0,0.0,29.0,60.0,70,0.0,0.0,0.0,0.0,0.0,0.0,0.0,0.0,0.0,0.0,0.0,0.0,0.0,0.0,0.0,0.0,59.2,68,11,65509,41,65476,0,300,0,0,8,20529,65476,0,0,61604,60.0,0.0,0.0,0.0,0.0,0.0
2026-04-04T11:42:27,ERR,ERR,ERR,ERR,ERR,ERR,ERR,ERR,ERR,ERR,ERR,ERR,ERR,ERR,ERR,ERR,ERR,ERR,ERR,ERR,ERR,ERR,ERR,ERR,ERR,ERR,ERR,ERR,ERR,ERR,ERR,ERR,ERR,ERR,ERR,ERR,ERR,ERR,ERR,ERR,ERR,ERR,ERR,ERR,ERR,ERR,ERR,ERR,ERR,ERR,ERR,ERR,ERR,ERR,ERR,ERR,ERR,ERR,ERR,ERR,ERR,ERR,ERR,ERR,ERR,ERR,ERR,ERR,ERR,ERR,ERR,ERR,ERR,ERR,ERR,ERR,ERR,ERR,ERR,ERR,ERR,ERR,ERR,ERR,ERR,ERR,ERR,ERR,ERR,ERR,ERR,ERR,ERR,ERR,ERR,ERR,ERR,ERR,ERR,ERR,ERR,ERR,ERR,ERR,ERR,ERR,ERR,ERR,ERR,ERR,ERR,ERR,ERR,ERR,ERR,ERR,ERR,ERR,ERR,ERR,ERR,ERR,ERR,ERR,ERR,0.0,-0.0,-101055584.0,0.0,0.0,0.0,0.0,nan,0,0,0,32768,0,0.0,0,0.0,0.0,0.0,0.0,0.0,0,0,0,0,0.0,0,0,0,0,0,0,0,0,0,0,0,0,0,0,0,0,0,0,0,0,0,0,0,0,0,0,0,0,0,0,0,0,0,0,0,0,0,0,0,0,0,0,0,0,0.0,0.0,0.0,0.0,0.0,0.0,0.0,0.0,0.0,0.0,0.0,0.0,0.0,0.0,0.0,0.0,0.0,0.0,0.0,0.0,0.0,0.0,-0.0,-2.004,-2.004,-0.0,0.0,0.0,0.0,0.0,3366.0,-0.0,0.0,0.0,-0.0,-0.0,2.7184274988523002e+23,0.0,0.0,0.0,0.0,0,-1.9056958870913024e+17,-71.629,0.0,0.0,0.0,0.0,0.0,0.0,0.0,0,0,0,0.0,0.0,0.0,0.0,0.0,0.0,0.0,0.0,0.0,0.0,0.0,0.0,0.0,0.0,0.0,0.0,0,-107875648.0,0,0.0,0,-107875648.0,-107877712.0,0,0,17039,13107,17053,26215,17037,0,0,0,110,100,100,0.0,64.0,0.0,64.9,-107615304.0,68.5,1,49,50,180,0,13107,0,0,0.0,0.0,0.0,0.0,0.0,65.5,0.0,0.0,0.0,645,0,686,0,0,0,714,0,786,0,707,0,689,0,645,0,641,0,618,0.032,36700160.0,-2.004,-0.0,1040,16789,-6.536633859577285e+31,0.0,-0.0,-0.0,0.0,0.0,29.0,60.0,70,0.0,0.0,0.0,0.0,0.0,0.0,0.0,0.0,0.0,0.0,0.0,0.0,0.0,0.0,0.0,0.0,59.2,68,11,65509,41,65476,0,300,0,0,8,20529,65476,0,0,61604,60.0,0.0,0.0,0.0,0.0,0.0
2026-04-04T11:42:28,ERR,ERR,ERR,ERR,ERR,ERR,ERR,ERR,ERR,ERR,ERR,ERR,ERR,ERR,ERR,ERR,ERR,ERR,ERR,ERR,ERR,ERR,ERR,ERR,ERR,ERR,ERR,ERR,ERR,ERR,ERR,ERR,ERR,ERR,ERR,ERR,ERR,ERR,ERR,ERR,ERR,ERR,ERR,ERR,ERR,ERR,ERR,ERR,ERR,ERR,ERR,ERR,ERR,ERR,ERR,ERR,ERR,ERR,ERR,ERR,ERR,ERR,ERR,ERR,ERR,ERR,ERR,ERR,ERR,ERR,ERR,ERR,ERR,ERR,ERR,ERR,ERR,ERR,ERR,ERR,ERR,ERR,ERR,ERR,ERR,ERR,ERR,ERR,ERR,ERR,ERR,ERR,ERR,ERR,ERR,ERR,ERR,ERR,ERR,ERR,ERR,ERR,ERR,ERR,ERR,ERR,ERR,ERR,ERR,ERR,ERR,ERR,ERR,ERR,ERR,ERR,ERR,ERR,ERR,ERR,ERR,ERR,ERR,ERR,ERR,0.0,-0.0,-101055584.0,0.0,0.0,0.0,0.0,nan,0,0,0,32768,0,0.0,0,0.0,0.0,0.0,0.0,0.0,0,0,0,0,0.0,0,0,0,0,0,0,0,0,0,0,0,0,0,0,0,0,0,0,0,0,0,0,0,0,0,0,0,0,0,0,0,0,0,0,0,0,0,0,0,0,0,0,0,0,0.0,0.0,0.0,0.0,0.0,0.0,0.0,0.0,0.0,0.0,0.0,0.0,0.0,0.0,0.0,0.0,0.0,0.0,0.0,0.0,0.0,0.0,-0.0,-2.004,-2.004,-0.0,0.0,0.0,0.0,0.0,3366.0,-0.0,0.0,0.0,-0.0,-0.0,2.7184274988523002e+23,0.0,0.0,0.0,0.0,0,-1.9056958870913024e+17,-71.629,0.0,0.0,0.0,0.0,0.0,0.0,0.0,0,0,0,0.0,0.0,0.0,0.0,0.0,0.0,0.0,0.0,0.0,0.0,0.0,0.0,0.0,0.0,0.0,0.0,0,-107875648.0,0,0.0,0,-107875648.0,-107877712.0,0,0,17039,13107,17053,26215,17037,0,0,0,110,100,100,0.0,64.0,0.0,64.9,-107615304.0,68.5,1,49,50,180,0,13107,0,0,0.0,0.0,0.0,0.0,0.0,65.5,0.0,0.0,0.0,645,0,686,0,0,0,714,0,786,0,707,0,689,0,645,0,641,0,618,0.032,36700160.0,-2.004,-0.0,1040,16789,-6.536633859577285e+31,0.0,-0.0,-0.0,0.0,0.0,29.0,60.0,70,0.0,0.0,0.0,0.0,0.0,0.0,0.0,0.0,0.0,0.0,0.0,0.0,0.0,0.0,0.0,0.0,59.2,68,11,65509,41,65476,0,300,0,0,8,20529,65476,0,0,61604,60.0,0.0,0.0,0.0,0.0,0.0
2026-04-04T11:42:29,ERR,ERR,ERR,ERR,ERR,ERR,ERR,ERR,ERR,ERR,ERR,ERR,ERR,ERR,ERR,ERR,ERR,ERR,ERR,ERR,ERR,ERR,ERR,ERR,ERR,ERR,ERR,ERR,ERR,ERR,ERR,ERR,ERR,ERR,ERR,ERR,ERR,ERR,ERR,ERR,ERR,ERR,ERR,ERR,ERR,ERR,ERR,ERR,ERR,ERR,ERR,ERR,ERR,ERR,ERR,ERR,ERR,ERR,ERR,ERR,ERR,ERR,ERR,ERR,ERR,ERR,ERR,ERR,ERR,ERR,ERR,ERR,ERR,ERR,ERR,ERR,ERR,ERR,ERR,ERR,ERR,ERR,ERR,ERR,ERR,ERR,ERR,ERR,ERR,ERR,ERR,ERR,ERR,ERR,ERR,ERR,ERR,ERR,ERR,ERR,ERR,ERR,ERR,ERR,ERR,ERR,ERR,ERR,ERR,ERR,ERR,ERR,ERR,ERR,ERR,ERR,ERR,ERR,ERR,ERR,ERR,ERR,ERR,ERR,ERR,0.0,0.0,-0.0,0.0,0.0,0.0,0.0,nan,0,0,0,32768,0,0.0,0,0.0,0.0,0.0,0.0,0.0,ERR,ERR,ERR,ERR,0.0,0,0,0,0,0,0,0,0,0,0,0,0,0,0,0,0,0,0,0,0,0,0,0,0,0,0,0,0,0,0,0,0,0,0,0,0,0,0,0,0,0,0,0,0,0.0,0.0,0.0,0.0,0.0,0.0,0.0,0.0,0.0,0.0,0.0,0.0,0.0,0.0,0.0,0.0,0.0,0.0,0.0,0.0,0.0,0.0,-0.0,-0.0,-2.004,-0.0,0.0,0.0,0.0,0.0,3365.5,-0.0,0.0,0.0,0.0,-0.0,2.7184274988523002e+23,0.0,0.0,0.0,0.0,0,-107615248.0,-71.629,0.0,0.0,0.0,0.0,0.0,0.0,0.0,0,0,0,0.0,0.0,0.0,0.0,0.0,0.0,0.0,0.0,0.0,0.0,0.0,0.0,0.0,0.0,0.0,0.0,0,-107875648.0,0,0.0,0,-107875648.0,-107877712.0,0,0,17039,13107,17053,26215,17037,0,0,0,110,100,100,0.0,64.0,0.0,64.9,-107615304.0,68.5,1,49,50,180,0,13107,0,0,0.0,0.0,0.0,0.0,0.0,65.5,0.0,0.0,0.0,645,0,686,0,0,0,714,0,786,0,707,0,689,0,645,0,641,0,618,0.032,36700160.0,-2.004,-0.0,1040,16789,-6.536633859577285e+31,0.0,-0.0,-0.0,0.0,0.0,29.0,60.0,70,0.0,0.0,0.0,0.0,0.0,0.0,0.0,0.0,0.0,0.0,0.0,0.0,0.0,0.0,0.0,0.0,59.2,68,11,65509,41,65476,0,300,0,0,8,20529,65476,0,0,61604,60.0,0.0,0.0,0.0,0.0,0.0
2026-04-04T11:42:30,ERR,ERR,ERR,ERR,ERR,ERR,ERR,ERR,ERR,ERR,ERR,ERR,ERR,ERR,ERR,ERR,ERR,ERR,ERR,ERR,ERR,ERR,ERR,ERR,ERR,ERR,ERR,ERR,ERR,ERR,ERR,ERR,ERR,ERR,ERR,ERR,ERR,ERR,ERR,ERR,ERR,ERR,ERR,ERR,ERR,ERR,ERR,ERR,ERR,ERR,ERR,ERR,ERR,ERR,ERR,ERR,ERR,ERR,ERR,ERR,ERR,ERR,ERR,ERR,ERR,ERR,ERR,ERR,ERR,ERR,ERR,ERR,ERR,ERR,ERR,ERR,ERR,ERR,ERR,ERR,ERR,ERR,ERR,ERR,ERR,ERR,ERR,ERR,ERR,ERR,ERR,ERR,ERR,ERR,ERR,ERR,ERR,ERR,ERR,ERR,ERR,ERR,ERR,ERR,ERR,ERR,ERR,ERR,ERR,ERR,ERR,ERR,ERR,ERR,ERR,ERR,ERR,ERR,ERR,ERR,ERR,ERR,ERR,ERR,ERR,0.0,0.0,-0.0,0.0,0.0,0.0,0.0,nan,0,0,0,32768,0,0.0,0,0.0,0.0,0.0,0.0,0.0,ERR,ERR,ERR,ERR,0.0,0,0,0,0,0,0,0,0,0,0,0,0,0,0,0,0,0,0,0,0,0,0,0,0,0,0,0,0,0,0,0,0,0,0,0,0,0,0,0,0,0,0,0,0,0.0,0.0,0.0,0.0,0.0,0.0,0.0,0.0,0.0,0.0,0.0,0.0,0.0,0.0,0.0,0.0,0.0,0.0,0.0,0.0,0.0,0.0,-0.0,-0.0,-2.004,-0.0,0.0,0.0,0.0,0.0,3365.5,-0.0,0.0,0.0,0.0,-0.0,2.7184274988523002e+23,0.0,0.0,0.0,0.0,0,-107615248.0,-71.629,0.0,0.0,0.0,0.0,0.0,0.0,0.0,0,0,0,0.0,0.0,0.0,0.0,0.0,0.0,0.0,0.0,0.0,0.0,0.0,0.0,0.0,0.0,0.0,0.0,0,-107875648.0,0,0.0,0,-107875648.0,-107877712.0,0,52429,17038,13107,17053,26215,17037,0,0,0,110,100,100,0.0,64.0,0.0,64.9,-107615304.0,68.5,1,49,50,180,0,13107,0,0,0.0,0.0,0.0,0.0,0.0,65.5,0.0,-4.165858260222575e+29,0.0,645,0,686,0,0,0,715,0,786,0,708,0,689,0,645,0,641,0,619,0.032,36962304.0,-0.0,0.0,55824,16788,0.0,-4.165858260222575e+29,-0.0,-5.536242157641752e+35,0.0,0.0,29.0,60.0,70,0.0,0.0,0.0,0.0,0.0,0.0,0.0,0.0,0.0,0.0,0.0,0.0,0.0,0.0,0.0,0.0,59.2,68,11,65509,41,65476,0,300,0,0,8,20529,65476,0,0,61604,60.0,0.0,0.0,0.0,0.0,0.0
2026-04-04T11:42:31,ERR,ERR,ERR,ERR,ERR,ERR,ERR,ERR,ERR,ERR,ERR,ERR,ERR,ERR,ERR,ERR,ERR,ERR,ERR,ERR,ERR,ERR,ERR,ERR,ERR,ERR,ERR,ERR,ERR,ERR,ERR,ERR,ERR,ERR,ERR,ERR,ERR,ERR,ERR,ERR,ERR,ERR,ERR,ERR,ERR,ERR,ERR,ERR,ERR,ERR,ERR,ERR,ERR,ERR,ERR,ERR,ERR,ERR,ERR,ERR,ERR,ERR,ERR,ERR,ERR,ERR,ERR,ERR,ERR,ERR,ERR,ERR,ERR,ERR,ERR,ERR,ERR,ERR,ERR,ERR,ERR,ERR,ERR,ERR,ERR,ERR,ERR,ERR,ERR,ERR,ERR,ERR,ERR,ERR,ERR,ERR,ERR,ERR,ERR,ERR,ERR,ERR,ERR,ERR,ERR,ERR,ERR,ERR,ERR,ERR,ERR,ERR,ERR,ERR,ERR,ERR,ERR,ERR,ERR,ERR,ERR,ERR,ERR,ERR,ERR,0.0,0.0,-0.0,0.0,0.0,0.0,0.0,nan,0,0,0,32768,0,0.0,0,0.0,0.0,0.0,0.0,0.0,ERR,ERR,ERR,ERR,0.0,0,0,0,0,0,0,0,0,0,0,0,0,0,0,0,0,0,0,0,0,0,0,0,0,0,0,0,0,0,0,0,0,0,0,0,0,0,0,0,0,0,0,0,0,0.0,0.0,0.0,0.0,0.0,0.0,0.0,0.0,0.0,0.0,0.0,0.0,0.0,0.0,0.0,0.0,0.0,0.0,0.0,0.0,0.0,0.0,-0.0,-0.0,-2.004,-0.0,0.0,0.0,0.0,0.0,3365.5,-0.0,0.0,0.0,0.0,-0.0,2.7184274988523002e+23,0.0,0.0,0.0,0.0,0,-107615248.0,-71.629,0.0,0.0,0.0,0.0,0.0,0.0,0.0,0,0,0,0.0,0.0,0.0,0.0,0.0,0.0,0.0,0.0,0.0,0.0,0.0,0.0,0.0,0.0,0.0,0.0,0,-107875648.0,0,0.0,0,-107875648.0,-107877712.0,0,52429,17038,13107,17053,26215,17037,0,0,0,110,100,100,0.0,64.0,0.0,64.9,-107615304.0,68.5,1,49,50,180,0,13107,0,0,0.0,0.0,0.0,0.0,0.0,65.5,0.0,-4.165858260222575e+29,0.0,645,0,686,0,0,0,715,0,786,0,708,0,689,0,645,0,641,0,619,0.032,36962304.0,-0.0,0.0,55824,16788,0.0,-4.165858260222575e+29,-0.0,-5.536242157641752e+35,0.0,0.0,29.0,60.0,70,0.0,0.0,0.0,0.0,0.0,0.0,0.0,0.0,0.0,0.0,0.0,0.0,0.0,0.0,0.0,0.0,59.2,68,11,65509,41,65476,0,300,0,0,8,20529,65476,0,0,61604,60.0,0.0,0.0,0.0,0.0,0.0
2026-04-04T11:42:32,ERR,ERR,ERR,ERR,ERR,ERR,ERR,ERR,ERR,ERR,ERR,ERR,ERR,ERR,ERR,ERR,ERR,ERR,ERR,ERR,ERR,ERR,ERR,ERR,ERR,ERR,ERR,ERR,ERR,ERR,ERR,ERR,ERR,ERR,ERR,ERR,ERR,ERR,ERR,ERR,ERR,ERR,ERR,ERR,ERR,ERR,ERR,ERR,ERR,ERR,ERR,ERR,ERR,ERR,ERR,ERR,ERR,ERR,ERR,ERR,ERR,ERR,ERR,ERR,ERR,ERR,ERR,ERR,ERR,ERR,ERR,ERR,ERR,ERR,ERR,ERR,ERR,ERR,ERR,ERR,ERR,ERR,ERR,ERR,ERR,ERR,ERR,ERR,ERR,ERR,ERR,ERR,ERR,ERR,ERR,ERR,ERR,ERR,ERR,ERR,ERR,ERR,ERR,ERR,ERR,ERR,ERR,ERR,ERR,ERR,ERR,ERR,ERR,ERR,ERR,ERR,ERR,ERR,ERR,ERR,ERR,ERR,ERR,ERR,ERR,0.0,0.0,-0.0,0.0,0.0,0.0,0.0,nan,0,0,0,32768,0,0.0,0,0.0,0.0,0.0,0.0,0.0,ERR,ERR,ERR,ERR,0.0,0,0,0,0,0,0,0,0,0,0,0,0,0,0,0,0,0,0,0,0,0,0,0,0,0,0,0,0,0,0,0,0,0,0,0,0,0,0,0,0,0,0,0,0,0.0,0.0,0.0,0.0,0.0,0.0,0.0,0.0,0.0,0.0,0.0,0.0,0.0,0.0,0.0,0.0,0.0,0.0,0.0,0.0,0.0,0.0,-0.0,-0.0,-2.004,-0.0,0.0,0.0,0.0,0.0,3365.5,-0.0,0.0,0.0,0.0,-0.0,2.7184274988523002e+23,0.0,0.0,0.0,0.0,0,-107615248.0,-71.629,0.0,0.0,0.0,0.0,0.0,0.0,0.0,0,0,0,0.0,0.0,0.0,0.0,0.0,0.0,0.0,0.0,0.0,0.0,0.0,0.0,0.0,0.0,0.0,0.0,0,-107875648.0,0,0.0,0,-107875648.0,-107877712.0,0,52429,17038,13107,17053,26215,17037,0,0,0,110,100,100,0.0,64.0,0.0,64.9,-107615304.0,68.5,1,49,50,180,0,13107,0,0,0.0,0.0,0.0,0.0,0.0,65.5,0.0,-4.165858260222575e+29,0.0,645,0,686,0,0,0,715,0,786,0,708,0,689,0,645,0,641,0,619,0.032,36962304.0,-0.0,0.0,55824,16788,0.0,-4.165858260222575e+29,-0.0,-5.536242157641752e+35,0.0,0.0,29.0,60.0,70,0.0,0.0,0.0,0.0,0.0,0.0,0.0,0.0,0.0,0.0,0.0,0.0,0.0,0.0,0.0,0.0,59.2,68,11,65509,41,65476,0,300,0,0,8,20529,65476,0,0,61604,60.0,0.0,0.0,0.0,0.0,0.0
2026-04-04T11:42:33,ERR,ERR,ERR,ERR,ERR,ERR,ERR,ERR,ERR,ERR,ERR,ERR,ERR,ERR,ERR,ERR,ERR,ERR,ERR,ERR,ERR,ERR,ERR,ERR,ERR,ERR,ERR,ERR,ERR,ERR,ERR,ERR,ERR,ERR,ERR,ERR,ERR,ERR,ERR,ERR,ERR,ERR,ERR,ERR,ERR,ERR,ERR,ERR,ERR,ERR,ERR,ERR,ERR,ERR,ERR,ERR,ERR,ERR,ERR,ERR,ERR,ERR,ERR,ERR,ERR,ERR,ERR,ERR,ERR,ERR,ERR,ERR,ERR,ERR,ERR,ERR,ERR,ERR,ERR,ERR,ERR,ERR,ERR,ERR,ERR,ERR,ERR,ERR,ERR,ERR,ERR,ERR,ERR,ERR,ERR,ERR,ERR,ERR,ERR,ERR,ERR,ERR,ERR,ERR,ERR,ERR,ERR,ERR,ERR,ERR,ERR,ERR,ERR,ERR,ERR,ERR,ERR,ERR,ERR,ERR,ERR,ERR,ERR,ERR,ERR,0.0,0.0,-0.0,0.0,0.0,0.0,0.0,nan,0,0,0,32768,0,0.0,0,0.0,0.0,0.0,0.0,0.0,ERR,ERR,ERR,ERR,0.0,0,0,0,0,0,0,0,0,0,0,0,0,0,0,0,0,0,0,0,0,0,0,0,0,0,0,0,0,0,0,0,0,0,0,0,0,0,0,0,0,0,0,0,0,0.0,0.0,0.0,0.0,0.0,0.0,0.0,0.0,0.0,0.0,0.0,0.0,0.0,0.0,0.0,0.0,0.0,0.0,0.0,0.0,0.0,0.0,-0.0,-0.0,-2.004,-0.0,0.0,0.0,0.0,0.0,3365.5,-0.0,0.0,0.0,0.0,-0.0,2.7184274988523002e+23,0.0,0.0,0.0,0.0,0,-107615248.0,-71.629,0.0,0.0,0.0,0.0,0.0,0.0,0.0,0,0,0,0.0,0.0,0.0,0.0,0.0,0.0,0.0,0.0,0.0,0.0,0.0,0.0,0.0,0.0,0.0,0.0,0,-107875648.0,0,0.0,0,-107875648.0,-107877712.0,0,52429,17038,13107,17053,26215,17037,0,0,0,110,100,100,0.0,64.0,0.0,64.9,-107615304.0,68.5,1,49,50,180,0,13107,0,0,0.0,0.0,0.0,0.0,0.0,65.5,0.0,-4.165858260222575e+29,0.0,645,0,686,0,0,0,715,0,786,0,708,0,689,0,645,0,641,0,619,0.032,36962304.0,-0.0,0.0,55824,16788,0.0,-4.165858260222575e+29,-0.0,-5.536242157641752e+35,0.0,0.0,29.0,60.0,70,0.0,0.0,0.0,0.0,0.0,0.0,0.0,0.0,0.0,0.0,0.0,0.0,0.0,0.0,0.0,0.0,59.2,68,11,65509,41,65476,0,300,0,0,8,20529,65476,0,0,61604,60.0,0.0,0.0,0.0,0.0,0.0
2026-04-04T11:42:34,ERR,ERR,ERR,ERR,ERR,ERR,ERR,ERR,ERR,ERR,ERR,ERR,ERR,ERR,ERR,ERR,ERR,ERR,ERR,ERR,ERR,ERR,ERR,ERR,ERR,ERR,ERR,ERR,ERR,ERR,ERR,ERR,ERR,ERR,ERR,ERR,ERR,ERR,ERR,ERR,ERR,ERR,ERR,ERR,ERR,ERR,ERR,ERR,ERR,ERR,ERR,ERR,ERR,ERR,ERR,ERR,ERR,ERR,ERR,ERR,ERR,ERR,ERR,ERR,ERR,ERR,ERR,ERR,ERR,ERR,ERR,ERR,ERR,ERR,ERR,ERR,ERR,ERR,ERR,ERR,ERR,ERR,ERR,ERR,ERR,ERR,ERR,ERR,ERR,ERR,ERR,ERR,ERR,ERR,ERR,ERR,ERR,ERR,ERR,ERR,ERR,ERR,ERR,ERR,ERR,ERR,ERR,ERR,ERR,ERR,ERR,ERR,ERR,ERR,ERR,ERR,ERR,ERR,ERR,ERR,ERR,ERR,ERR,ERR,ERR,0.0,0.0,-0.0,0.0,0.0,0.0,0.0,nan,0,0,0,32768,0,0.0,0,0.0,0.0,0.0,0.0,0.0,ERR,ERR,ERR,ERR,0.0,0,0,0,0,0,0,0,0,0,0,0,0,0,0,0,0,0,0,0,0,0,0,0,0,0,0,0,0,0,0,0,0,0,0,0,0,0,0,0,0,0,0,0,0,0.0,0.0,0.0,0.0,0.0,0.0,0.0,0.0,0.0,0.0,0.0,0.0,0.0,0.0,0.0,0.0,0.0,0.0,0.0,0.0,0.0,0.0,-0.0,-0.0,-2.004,-0.0,0.0,0.0,0.0,0.0,3365.5,-0.0,0.0,0.0,0.0,-0.0,2.7184274988523002e+23,0.0,0.0,0.0,0.0,0,-107615248.0,-71.629,0.0,0.0,0.0,0.0,0.0,0.0,0.0,0,0,0,0.0,0.0,0.0,0.0,0.0,0.0,0.0,0.0,0.0,0.0,0.0,0.0,0.0,0.0,0.0,0.0,0,-107875648.0,0,0.0,0,-107875648.0,-107877712.0,0,52429,17038,13107,17053,26215,17037,0,0,0,110,100,100,0.0,64.0,0.0,64.9,-107615304.0,68.5,1,49,50,180,0,13107,0,0,0.0,0.0,0.0,0.0,0.0,65.5,0.0,-4.165858260222575e+29,0.0,645,0,686,0,0,0,715,0,786,0,708,0,689,0,645,0,641,0,619,0.032,36962304.0,-0.0,0.0,55824,16788,0.0,-4.165858260222575e+29,-0.0,-5.536242157641752e+35,0.0,0.0,29.0,60.0,70,0.0,0.0,0.0,0.0,0.0,0.0,0.0,0.0,0.0,0.0,0.0,0.0,0.0,0.0,0.0,0.0,59.2,68,11,65509,41,65476,0,300,0,0,8,20529,65476,0,0,61604,60.0,0.0,0.0,0.0,0.0,0.0
2026-04-04T11:42:35,ERR,ERR,ERR,ERR,ERR,ERR,ERR,ERR,ERR,ERR,ERR,ERR,ERR,ERR,ERR,ERR,ERR,ERR,ERR,ERR,ERR,ERR,ERR,ERR,ERR,ERR,ERR,ERR,ERR,ERR,ERR,ERR,ERR,ERR,ERR,ERR,ERR,ERR,ERR,ERR,ERR,ERR,ERR,ERR,ERR,ERR,ERR,ERR,ERR,ERR,ERR,ERR,ERR,ERR,ERR,ERR,ERR,ERR,ERR,ERR,ERR,ERR,ERR,ERR,ERR,ERR,ERR,ERR,ERR,ERR,ERR,ERR,ERR,ERR,ERR,ERR,ERR,ERR,ERR,ERR,ERR,ERR,ERR,ERR,ERR,ERR,ERR,ERR,ERR,ERR,ERR,ERR,ERR,ERR,ERR,ERR,ERR,ERR,ERR,ERR,ERR,ERR,ERR,ERR,ERR,ERR,ERR,ERR,ERR,ERR,ERR,ERR,ERR,ERR,ERR,ERR,ERR,ERR,ERR,ERR,ERR,ERR,ERR,ERR,ERR,0.0,0.0,-0.0,0.0,0.0,0.0,0.0,nan,0,0,0,32768,0,0.0,0,0.0,0.0,0.0,0.0,0.0,ERR,ERR,ERR,ERR,0.0,0,0,0,0,0,0,0,0,0,0,0,0,0,0,0,0,0,0,0,0,0,0,0,0,0,0,0,0,0,0,0,0,0,0,0,0,0,0,0,0,0,0,0,0,0.0,0.0,0.0,0.0,0.0,0.0,0.0,0.0,0.0,0.0,0.0,0.0,0.0,0.0,0.0,0.0,0.0,0.0,0.0,0.0,0.0,0.0,-0.0,-0.0,-2.004,-0.0,0.0,0.0,0.0,0.0,3365.5,-0.0,0.0,0.0,0.0,-0.0,2.7184274988523002e+23,0.0,0.0,0.0,0.0,0,-107615248.0,-71.629,0.0,0.0,0.0,0.0,0.0,0.0,0.0,0,0,0,0.0,0.0,0.0,0.0,0.0,0.0,0.0,0.0,0.0,0.0,0.0,0.0,0.0,0.0,0.0,0.0,0,-107875648.0,0,0.0,0,-107875648.0,-107877712.0,0,52429,17038,13107,17053,26215,17037,0,0,0,110,100,100,0.0,64.0,0.0,64.9,-107615304.0,68.5,1,49,50,180,0,13107,0,0,0.0,0.0,0.0,0.0,0.0,65.5,0.0,-112771.93,0.0,645,0,686,0,0,0,714,0,786,0,707,0,689,0,645,0,640,0,619,0.032,36962304.0,-2.004,-0.0,912,16789,-3.458464519822877e+31,-2.751663624839201e+27,4.600232636322893e+30,0.0,0.0,-8.482202065933706e+37,29.0,60.0,70,0.0,0.0,0.0,0.0,0.0,0.0,0.0,0.0,0.0,0.0,0.0,0.0,0.0,0.0,0.0,0.0,59.6,68,11,65509,41,65476,0,300,0,0,8,20529,65476,0,0,61604,60.0,0.0,0.0,0.0,0.0,0.0
2026-04-04T11:42:36,ERR,ERR,ERR,ERR,ERR,ERR,ERR,ERR,ERR,ERR,ERR,ERR,ERR,ERR,ERR,ERR,ERR,ERR,ERR,ERR,ERR,ERR,ERR,ERR,ERR,ERR,ERR,ERR,ERR,ERR,ERR,ERR,ERR,ERR,ERR,ERR,ERR,ERR,ERR,ERR,ERR,ERR,ERR,ERR,ERR,ERR,ERR,ERR,ERR,ERR,ERR,ERR,ERR,ERR,ERR,ERR,ERR,ERR,ERR,ERR,ERR,ERR,ERR,ERR,ERR,ERR,ERR,ERR,ERR,ERR,ERR,ERR,ERR,ERR,ERR,ERR,ERR,ERR,ERR,ERR,ERR,ERR,ERR,ERR,ERR,ERR,ERR,ERR,ERR,ERR,ERR,ERR,ERR,ERR,ERR,ERR,ERR,ERR,ERR,ERR,ERR,ERR,ERR,ERR,ERR,ERR,ERR,ERR,ERR,ERR,ERR,ERR,ERR,ERR,ERR,ERR,ERR,ERR,ERR,ERR,ERR,ERR,ERR,ERR,ERR,0.0,-0.0,-101055584.0,0.0,0.0,0.0,0.0,nan,0,0,0,32768,0,0.0,0,0.0,0.0,0.0,0.0,0.0,0,0,0,0,0.0,0,0,0,0,0,0,0,0,0,0,0,0,0,0,0,0,0,0,0,0,0,0,0,0,0,0,0,0,0,0,0,0,0,0,0,0,0,0,0,0,0,0,0,0,0.0,0.0,0.0,0.0,0.0,0.0,0.0,0.0,0.0,0.0,0.0,0.0,0.0,0.0,0.0,0.0,0.0,0.0,0.0,0.0,0.0,0.0,-0.0,-2.004,-2.004,-0.0,0.0,0.0,0.0,0.0,3366.0,-0.0,0.0,0.0,0.0,-0.0,2.7184274988523002e+23,0.0,0.0,0.0,0.0,0,-107615248.0,-107614256.0,0.0,0.0,0.0,0.0,0.0,0.0,0.0,0,0,0,0.0,0.0,0.0,0.0,0.0,0.0,0.0,0.0,0.0,0.0,0.0,0.0,0.0,0.0,0.0,0.0,0,-107875648.0,0,0.0,0,-107875648.0,-107877712.0,0,52429,17038,13107,17053,26215,17037,0,0,0,110,100,100,0.0,64.0,0.0,64.9,-107615304.0,68.5,1,49,50,180,0,13107,0,0,0.0,0.0,0.0,0.0,0.0,65.5,0.0,-112771.93,0.0,645,0,686,0,0,0,714,0,786,0,707,0,689,0,645,0,640,0,619,0.032,36962304.0,-2.004,-0.0,912,16789,-3.458464519822877e+31,-2.751663624839201e+27,4.600232636322893e+30,0.0,0.0,-8.482202065933706e+37,29.0,60.0,70,0.0,0.0,0.0,0.0,0.0,0.0,0.0,0.0,0.0,0.0,0.0,0.0,0.0,0.0,0.0,0.0,59.6,68,11,65509,41,65476,0,300,0,0,8,20529,65476,0,0,61604,60.0,0.0,0.0,0.0,0.0,0.0
2026-04-04T11:42:37,ERR,ERR,ERR,ERR,ERR,ERR,ERR,ERR,ERR,ERR,ERR,ERR,ERR,ERR,ERR,ERR,ERR,ERR,ERR,ERR,ERR,ERR,ERR,ERR,ERR,ERR,ERR,ERR,ERR,ERR,ERR,ERR,ERR,ERR,ERR,ERR,ERR,ERR,ERR,ERR,ERR,ERR,ERR,ERR,ERR,ERR,ERR,ERR,ERR,ERR,ERR,ERR,ERR,ERR,ERR,ERR,ERR,ERR,ERR,ERR,ERR,ERR,ERR,ERR,ERR,ERR,ERR,ERR,ERR,ERR,ERR,ERR,ERR,ERR,ERR,ERR,ERR,ERR,ERR,ERR,ERR,ERR,ERR,ERR,ERR,ERR,ERR,ERR,ERR,ERR,ERR,ERR,ERR,ERR,ERR,ERR,ERR,ERR,ERR,ERR,ERR,ERR,ERR,ERR,ERR,ERR,ERR,ERR,ERR,ERR,ERR,ERR,ERR,ERR,ERR,ERR,ERR,ERR,ERR,ERR,ERR,ERR,ERR,ERR,ERR,0.0,-0.0,-101055584.0,0.0,0.0,0.0,0.0,nan,0,0,0,32768,0,0.0,0,0.0,0.0,0.0,0.0,0.0,0,0,0,0,0.0,0,0,0,0,0,0,0,0,0,0,0,0,0,0,0,0,0,0,0,0,0,0,0,0,0,0,0,0,0,0,0,0,0,0,0,0,0,0,0,0,0,0,0,0,0.0,0.0,0.0,0.0,0.0,0.0,0.0,0.0,0.0,0.0,0.0,0.0,0.0,0.0,0.0,0.0,0.0,0.0,0.0,0.0,0.0,0.0,-0.0,-2.004,-2.004,-0.0,0.0,0.0,0.0,0.0,3366.0,-0.0,0.0,0.0,0.0,-0.0,2.7184274988523002e+23,0.0,0.0,0.0,0.0,0,-107615248.0,-107614256.0,0.0,0.0,0.0,0.0,0.0,0.0,0.0,0,0,0,0.0,0.0,0.0,0.0,0.0,0.0,0.0,0.0,0.0,0.0,0.0,0.0,0.0,0.0,0.0,0.0,0,-107875648.0,0,0.0,0,-107875648.0,-107877712.0,0,52429,17038,13107,17053,26215,17037,0,0,0,110,100,100,0.0,64.0,0.0,64.9,-107615304.0,68.5,1,49,50,180,0,13107,0,0,0.0,0.0,0.0,0.0,0.0,65.5,0.0,-112771.93,0.0,645,0,686,0,0,0,714,0,786,0,707,0,689,0,645,0,640,0,619,0.032,36962304.0,-2.004,-0.0,912,16789,-3.458464519822877e+31,-2.751663624839201e+27,4.600232636322893e+30,0.0,0.0,-8.482202065933706e+37,29.0,60.0,70,0.0,0.0,0.0,0.0,0.0,0.0,0.0,0.0,0.0,0.0,0.0,0.0,0.0,0.0,0.0,0.0,59.6,68,11,65509,41,65476,0,300,0,0,8,20529,65476,0,0,61604,60.0,0.0,0.0,0.0,0.0,0.0
2026-04-04T11:42:38,ERR,ERR,ERR,ERR,ERR,ERR,ERR,ERR,ERR,ERR,ERR,ERR,ERR,ERR,ERR,ERR,ERR,ERR,ERR,ERR,ERR,ERR,ERR,ERR,ERR,ERR,ERR,ERR,ERR,ERR,ERR,ERR,ERR,ERR,ERR,ERR,ERR,ERR,ERR,ERR,ERR,ERR,ERR,ERR,ERR,ERR,ERR,ERR,ERR,ERR,ERR,ERR,ERR,ERR,ERR,ERR,ERR,ERR,ERR,ERR,ERR,ERR,ERR,ERR,ERR,ERR,ERR,ERR,ERR,ERR,ERR,ERR,ERR,ERR,ERR,ERR,ERR,ERR,ERR,ERR,ERR,ERR,ERR,ERR,ERR,ERR,ERR,ERR,ERR,ERR,ERR,ERR,ERR,ERR,ERR,ERR,ERR,ERR,ERR,ERR,ERR,ERR,ERR,ERR,ERR,ERR,ERR,ERR,ERR,ERR,ERR,ERR,ERR,ERR,ERR,ERR,ERR,ERR,ERR,ERR,ERR,ERR,ERR,ERR,ERR,0.0,-0.0,-101055584.0,0.0,0.0,0.0,0.0,nan,0,0,0,32768,0,0.0,0,0.0,0.0,0.0,0.0,0.0,0,0,0,0,0.0,0,0,0,0,0,0,0,0,0,0,0,0,0,0,0,0,0,0,0,0,0,0,0,0,0,0,0,0,0,0,0,0,0,0,0,0,0,0,0,0,0,0,0,0,0.0,0.0,0.0,0.0,0.0,0.0,0.0,0.0,0.0,0.0,0.0,0.0,0.0,0.0,0.0,0.0,0.0,0.0,0.0,0.0,0.0,0.0,-0.0,-2.004,-2.004,-0.0,0.0,0.0,0.0,0.0,3366.0,-0.0,0.0,0.0,0.0,-0.0,2.7184274988523002e+23,0.0,0.0,0.0,0.0,0,-107615248.0,-107614256.0,0.0,0.0,0.0,0.0,0.0,0.0,0.0,0,0,0,0.0,0.0,0.0,0.0,0.0,0.0,0.0,0.0,0.0,0.0,0.0,0.0,0.0,0.0,0.0,0.0,0,-107875648.0,0,0.0,0,-107875648.0,-107877712.0,0,52429,17038,13107,17053,26215,17037,0,0,0,110,100,100,0.0,64.0,0.0,64.9,-107615304.0,68.5,1,49,50,180,0,13107,0,0,0.0,0.0,0.0,0.0,0.0,65.5,0.0,-112771.93,0.0,645,0,686,0,0,0,714,0,786,0,707,0,689,0,645,0,640,0,619,0.032,36962304.0,-2.004,-0.0,912,16789,-3.458464519822877e+31,-2.751663624839201e+27,4.600232636322893e+30,0.0,0.0,-8.482202065933706e+37,29.0,60.0,70,0.0,0.0,0.0,0.0,0.0,0.0,0.0,0.0,0.0,0.0,0.0,0.0,0.0,0.0,0.0,0.0,59.2,68,11,65509,41,65476,0,300,0,0,8,20529,65476,0,0,61604,60.0,0.0,0.0,0.0,0.0,0.0
2026-04-04T11:42:39,ERR,ERR,ERR,ERR,ERR,ERR,ERR,ERR,ERR,ERR,ERR,ERR,ERR,ERR,ERR,ERR,ERR,ERR,ERR,ERR,ERR,ERR,ERR,ERR,ERR,ERR,ERR,ERR,ERR,ERR,ERR,ERR,ERR,ERR,ERR,ERR,ERR,ERR,ERR,ERR,ERR,ERR,ERR,ERR,ERR,ERR,ERR,ERR,ERR,ERR,ERR,ERR,ERR,ERR,ERR,ERR,ERR,ERR,ERR,ERR,ERR,ERR,ERR,ERR,ERR,ERR,ERR,ERR,ERR,ERR,ERR,ERR,ERR,ERR,ERR,ERR,ERR,ERR,ERR,ERR,ERR,ERR,ERR,ERR,ERR,ERR,ERR,ERR,ERR,ERR,ERR,ERR,ERR,ERR,ERR,ERR,ERR,ERR,ERR,ERR,ERR,ERR,ERR,ERR,ERR,ERR,ERR,ERR,ERR,ERR,ERR,ERR,ERR,ERR,ERR,ERR,ERR,ERR,ERR,ERR,ERR,ERR,ERR,ERR,ERR,0.0,-0.0,-101055584.0,0.0,0.0,0.0,0.0,nan,0,0,0,32768,0,0.0,0,0.0,0.0,0.0,0.0,0.0,0,0,0,0,0.0,0,0,0,0,0,0,0,0,0,0,0,0,0,0,0,0,0,0,0,0,0,0,0,0,0,0,0,0,0,0,0,0,0,0,0,0,0,0,0,0,0,0,0,0,0.0,0.0,0.0,0.0,0.0,0.0,0.0,0.0,0.0,0.0,0.0,0.0,0.0,0.0,0.0,0.0,0.0,0.0,0.0,0.0,0.0,0.0,-0.0,-2.004,-2.004,-0.0,0.0,0.0,0.0,0.0,3366.0,-0.0,0.0,0.0,0.0,-0.0,2.7184274988523002e+23,0.0,0.0,0.0,0.0,0,-107615248.0,-107614256.0,0.0,0.0,0.0,0.0,0.0,0.0,0.0,0,0,0,0.0,0.0,0.0,0.0,0.0,0.0,0.0,0.0,0.0,0.0,0.0,0.0,0.0,0.0,0.0,0.0,0,-107875648.0,0,0.0,0,-107875648.0,-107877712.0,0,52429,17038,13107,17053,26215,17037,0,0,0,110,100,100,0.0,64.0,0.0,64.9,-107615304.0,68.5,1,49,50,180,0,13107,0,0,0.0,0.0,0.0,0.0,0.0,65.5,0.0,-112771.93,0.0,645,0,686,0,0,0,714,0,786,0,707,0,689,0,645,0,640,0,619,0.032,36962304.0,-2.004,-0.0,912,16789,-3.458464519822877e+31,-2.751663624839201e+27,4.600232636322893e+30,0.0,0.0,-8.482202065933706e+37,29.0,60.0,70,0.0,0.0,0.0,0.0,0.0,0.0,0.0,0.0,0.0,0.0,0.0,0.0,0.0,0.0,0.0,0.0,59.2,68,11,65509,41,65476,0,300,0,0,8,20529,65476,0,0,61604,60.0,0.0,0.0,0.0,0.0,0.0
2026-04-04T11:42:40,ERR,ERR,ERR,ERR,ERR,ERR,ERR,ERR,ERR,ERR,ERR,ERR,ERR,ERR,ERR,ERR,ERR,ERR,ERR,ERR,ERR,ERR,ERR,ERR,ERR,ERR,ERR,ERR,ERR,ERR,ERR,ERR,ERR,ERR,ERR,ERR,ERR,ERR,ERR,ERR,ERR,ERR,ERR,ERR,ERR,ERR,ERR,ERR,ERR,ERR,ERR,ERR,ERR,ERR,ERR,ERR,ERR,ERR,ERR,ERR,ERR,ERR,ERR,ERR,ERR,ERR,ERR,ERR,ERR,ERR,ERR,ERR,ERR,ERR,ERR,ERR,ERR,ERR,ERR,ERR,ERR,ERR,ERR,ERR,ERR,ERR,ERR,ERR,ERR,ERR,ERR,ERR,ERR,ERR,ERR,ERR,ERR,ERR,ERR,ERR,ERR,ERR,ERR,ERR,ERR,ERR,ERR,ERR,ERR,ERR,ERR,ERR,ERR,ERR,ERR,ERR,ERR,ERR,ERR,ERR,ERR,ERR,ERR,ERR,ERR,0.0,-0.0,-101055584.0,0.0,0.0,0.0,0.0,nan,0,0,0,32768,0,0.0,0,0.0,0.0,0.0,0.0,0.0,0,0,0,0,0.0,0,0,0,0,0,0,0,0,0,0,0,0,0,0,0,0,0,0,0,0,0,0,0,0,0,0,0,0,0,0,0,0,0,0,0,0,0,0,0,0,0,0,0,0,0.0,0.0,0.0,0.0,0.0,0.0,0.0,0.0,0.0,0.0,0.0,0.0,0.0,0.0,0.0,0.0,0.0,0.0,0.0,0.0,0.0,0.0,-0.0,-2.004,-2.004,-0.0,0.0,0.0,0.0,0.0,3366.0,-0.0,0.0,0.0,0.0,-0.0,2.7184274988523002e+23,0.0,0.0,0.0,0.0,0,-107615248.0,-107614256.0,0.0,0.0,0.0,0.0,0.0,0.0,0.0,0,0,0,0.0,0.0,0.0,0.0,0.0,0.0,0.0,0.0,0.0,0.0,0.0,0.0,0.0,0.0,0.0,0.0,0,-107875648.0,0,0.0,0,-107875648.0,-107877712.0,0,52429,17038,13107,17053,26215,17037,0,0,0,110,100,100,0.0,64.0,0.0,64.9,-107615304.0,68.5,1,49,50,180,0,13107,0,0,0.0,0.0,0.0,0.0,0.0,65.5,0.0,-112771.93,0.0,645,0,686,0,0,0,714,0,786,0,707,0,689,0,645,0,640,0,619,0.032,36962304.0,-2.004,-0.0,912,16789,-3.458464519822877e+31,-2.751663624839201e+27,4.600232636322893e+30,0.0,0.0,-8.482202065933706e+37,29.0,60.0,70,0.0,0.0,0.0,0.0,0.0,0.0,0.0,0.0,0.0,0.0,0.0,0.0,0.0,0.0,0.0,0.0,59.2,68,11,65509,41,65476,0,300,0,0,8,20529,65476,0,0,61604,60.0,0.0,0.0,0.0,0.0,0.0
2026-04-04T11:42:41,ERR,ERR,ERR,ERR,ERR,ERR,ERR,ERR,ERR,ERR,ERR,ERR,ERR,ERR,ERR,ERR,ERR,ERR,ERR,ERR,ERR,ERR,ERR,ERR,ERR,ERR,ERR,ERR,ERR,ERR,ERR,ERR,ERR,ERR,ERR,ERR,ERR,ERR,ERR,ERR,ERR,ERR,ERR,ERR,ERR,ERR,ERR,ERR,ERR,ERR,ERR,ERR,ERR,ERR,ERR,ERR,ERR,ERR,ERR,ERR,ERR,ERR,ERR,ERR,ERR,ERR,ERR,ERR,ERR,ERR,ERR,ERR,ERR,ERR,ERR,ERR,ERR,ERR,ERR,ERR,ERR,ERR,ERR,ERR,ERR,ERR,ERR,ERR,ERR,ERR,ERR,ERR,ERR,ERR,ERR,ERR,ERR,ERR,ERR,ERR,ERR,ERR,ERR,ERR,ERR,ERR,ERR,ERR,ERR,ERR,ERR,ERR,ERR,ERR,ERR,ERR,ERR,ERR,ERR,ERR,ERR,ERR,ERR,ERR,ERR,0.0,-0.0,-101055584.0,0.0,0.0,0.0,0.0,nan,0,0,0,32768,0,0.0,0,0.0,0.0,0.0,0.0,0.0,0,0,0,0,0.0,0,0,0,0,0,0,0,0,0,0,0,0,0,0,0,0,0,0,0,0,0,0,0,0,0,0,0,0,0,0,0,0,0,0,0,0,0,0,0,0,0,0,0,0,0.0,0.0,0.0,0.0,0.0,0.0,0.0,0.0,0.0,0.0,0.0,0.0,0.0,0.0,0.0,0.0,0.0,0.0,0.0,0.0,0.0,0.0,-0.0,-2.004,-2.004,-0.0,0.0,0.0,0.0,0.0,3366.0,-0.0,0.0,0.0,0.0,-0.0,2.7184274988523002e+23,0.0,0.0,0.0,0.0,0,-107615248.0,-107614256.0,0.0,0.0,0.0,0.0,0.0,0.0,0.0,0,0,0,0.0,0.0,0.0,0.0,0.0,0.0,0.0,0.0,0.0,0.0,0.0,0.0,0.0,0.0,0.0,0.0,0,-107875648.0,0,0.0,0,-107875648.0,-107877712.0,0,0,17039,13107,17053,26215,17037,0,0,0,110,100,100,0.0,64.0,0.0,64.9,-107615304.0,68.5,1,49,50,180,0,13107,0,0,0.0,0.0,0.0,0.0,0.0,65.5,0.0,7.5903578731392244e+28,0.0,645,0,686,0,0,0,714,0,786,0,707,0,689,0,645,0,641,0,619,0.032,36700160.0,-2.004,-0.0,1040,16789,0.0,-0.0,0.252,50751.594,-0.0,-0.0,29.0,60.0,70,0.0,0.0,0.0,0.0,0.0,0.0,0.0,0.0,0.0,0.0,0.0,0.0,0.0,0.0,0.0,0.0,59.6,68,11,65509,41,65476,0,300,0,0,8,20529,65476,0,0,61604,60.0,0.0,0.0,0.0,0.0,0.0
2026-04-04T11:42:42,ERR,ERR,ERR,ERR,ERR,ERR,ERR,ERR,ERR,ERR,ERR,ERR,ERR,ERR,ERR,ERR,ERR,ERR,ERR,ERR,ERR,ERR,ERR,ERR,ERR,ERR,ERR,ERR,ERR,ERR,ERR,ERR,ERR,ERR,ERR,ERR,ERR,ERR,ERR,ERR,ERR,ERR,ERR,ERR,ERR,ERR,ERR,ERR,ERR,ERR,ERR,ERR,ERR,ERR,ERR,ERR,ERR,ERR,ERR,ERR,ERR,ERR,ERR,ERR,ERR,ERR,ERR,ERR,ERR,ERR,ERR,ERR,ERR,ERR,ERR,ERR,ERR,ERR,ERR,ERR,ERR,ERR,ERR,ERR,ERR,ERR,ERR,ERR,ERR,ERR,ERR,ERR,ERR,ERR,ERR,ERR,ERR,ERR,ERR,ERR,ERR,ERR,ERR,ERR,ERR,ERR,ERR,ERR,ERR,ERR,ERR,ERR,ERR,ERR,ERR,ERR,ERR,ERR,ERR,ERR,ERR,ERR,ERR,ERR,ERR,0.0,-0.0,-101055584.0,0.0,0.0,0.0,0.0,nan,0,0,0,32768,0,0.0,0,0.0,0.0,0.0,0.0,0.0,0,0,0,0,0.0,0,0,0,0,0,0,0,0,0,0,0,0,0,0,0,0,0,0,0,0,0,0,0,0,0,0,0,0,0,0,0,0,0,0,0,0,0,0,0,0,0,0,0,0,0.0,0.0,0.0,0.0,0.0,0.0,0.0,0.0,0.0,0.0,0.0,0.0,0.0,0.0,0.0,0.0,0.0,0.0,0.0,0.0,0.0,0.0,-0.0,-2.004,-2.004,-0.0,0.0,0.0,0.0,0.0,3366.0,-0.0,0.0,0.0,0.0,-0.0,2.7184274988523002e+23,0.0,0.0,0.0,0.0,0,-107615248.0,-107614256.0,0.0,0.0,0.0,0.0,0.0,0.0,0.0,0,0,0,0.0,0.0,0.0,0.0,0.0,0.0,0.0,0.0,0.0,0.0,0.0,0.0,0.0,0.0,0.0,0.0,0,-107875648.0,0,0.0,0,-107875648.0,-107877712.0,0,0,17039,13107,17053,26215,17037,0,0,0,110,100,100,0.0,64.0,0.0,64.9,-107615304.0,68.5,1,49,50,180,0,13107,0,0,0.0,0.0,0.0,0.0,0.0,65.5,0.0,7.5903578731392244e+28,0.0,645,0,686,0,0,0,714,0,786,0,707,0,689,0,645,0,641,0,619,0.032,36700160.0,-2.004,-0.0,1040,16789,0.0,-0.0,0.252,50751.594,-0.0,-0.0,29.0,60.0,70,0.0,0.0,0.0,0.0,0.0,0.0,0.0,0.0,0.0,0.0,0.0,0.0,0.0,0.0,0.0,0.0,59.6,68,11,65509,41,65476,0,300,0,0,8,20529,65476,0,0,61604,60.0,0.0,0.0,0.0,0.0,0.0
2026-04-04T11:42:43,ERR,ERR,ERR,ERR,ERR,ERR,ERR,ERR,ERR,ERR,ERR,ERR,ERR,ERR,ERR,ERR,ERR,ERR,ERR,ERR,ERR,ERR,ERR,ERR,ERR,ERR,ERR,ERR,ERR,ERR,ERR,ERR,ERR,ERR,ERR,ERR,ERR,ERR,ERR,ERR,ERR,ERR,ERR,ERR,ERR,ERR,ERR,ERR,ERR,ERR,ERR,ERR,ERR,ERR,ERR,ERR,ERR,ERR,ERR,ERR,ERR,ERR,ERR,ERR,ERR,ERR,ERR,ERR,ERR,ERR,ERR,ERR,ERR,ERR,ERR,ERR,ERR,ERR,ERR,ERR,ERR,ERR,ERR,ERR,ERR,ERR,ERR,ERR,ERR,ERR,ERR,ERR,ERR,ERR,ERR,ERR,ERR,ERR,ERR,ERR,ERR,ERR,ERR,ERR,ERR,ERR,ERR,ERR,ERR,ERR,ERR,ERR,ERR,ERR,ERR,ERR,ERR,ERR,ERR,ERR,ERR,ERR,ERR,ERR,ERR,0.0,-0.0,-101055584.0,0.0,0.0,0.0,0.0,nan,0,0,0,32768,0,0.0,0,0.0,0.0,0.0,0.0,0.0,0,0,0,0,0.0,0,0,0,0,0,0,0,0,0,0,0,0,0,0,0,0,0,0,0,0,0,0,0,0,0,0,0,0,0,0,0,0,0,0,0,0,0,0,0,0,0,0,0,0,0.0,0.0,0.0,0.0,0.0,0.0,0.0,0.0,0.0,0.0,0.0,0.0,0.0,0.0,0.0,0.0,0.0,0.0,0.0,0.0,0.0,0.0,-0.0,-2.004,-2.004,-0.0,0.0,0.0,0.0,0.0,3366.0,-0.0,0.0,0.0,0.0,-0.0,2.7184274988523002e+23,0.0,0.0,0.0,0.0,0,-107615248.0,-107614256.0,0.0,0.0,0.0,0.0,0.0,0.0,0.0,0,0,0,0.0,0.0,0.0,0.0,0.0,0.0,0.0,0.0,0.0,0.0,0.0,0.0,0.0,0.0,0.0,0.0,0,-107875648.0,0,0.0,0,-107875648.0,-107877712.0,0,0,17039,13107,17053,26215,17037,0,0,0,110,100,100,0.0,64.0,0.0,64.9,-107615304.0,68.5,1,49,50,180,0,13107,0,0,0.0,0.0,0.0,0.0,0.0,65.5,0.0,7.5903578731392244e+28,0.0,645,0,686,0,0,0,714,0,786,0,707,0,689,0,645,0,641,0,619,0.032,36700160.0,-2.004,-0.0,1040,16789,0.0,-0.0,0.252,50751.594,-0.0,-0.0,29.0,60.0,70,0.0,0.0,0.0,0.0,0.0,0.0,0.0,0.0,0.0,0.0,0.0,0.0,0.0,0.0,0.0,0.0,59.6,68,11,65509,41,65476,0,300,0,0,8,20529,65476,0,0,61604,60.0,0.0,0.0,0.0,0.0,0.0
2026-04-04T11:42:44,ERR,ERR,ERR,ERR,ERR,ERR,ERR,ERR,ERR,ERR,ERR,ERR,ERR,ERR,ERR,ERR,ERR,ERR,ERR,ERR,ERR,ERR,ERR,ERR,ERR,ERR,ERR,ERR,ERR,ERR,ERR,ERR,ERR,ERR,ERR,ERR,ERR,ERR,ERR,ERR,ERR,ERR,ERR,ERR,ERR,ERR,ERR,ERR,ERR,ERR,ERR,ERR,ERR,ERR,ERR,ERR,ERR,ERR,ERR,ERR,ERR,ERR,ERR,ERR,ERR,ERR,ERR,ERR,ERR,ERR,ERR,ERR,ERR,ERR,ERR,ERR,ERR,ERR,ERR,ERR,ERR,ERR,ERR,ERR,ERR,ERR,ERR,ERR,ERR,ERR,ERR,ERR,ERR,ERR,ERR,ERR,ERR,ERR,ERR,ERR,ERR,ERR,ERR,ERR,ERR,ERR,ERR,ERR,ERR,ERR,ERR,ERR,ERR,ERR,ERR,ERR,ERR,ERR,ERR,ERR,ERR,ERR,ERR,ERR,ERR,0.0,-0.0,-101055584.0,0.0,0.0,0.0,0.0,nan,0,0,0,32768,0,0.0,0,0.0,0.0,0.0,0.0,0.0,0,0,0,0,0.0,0,0,0,0,0,0,0,0,0,0,0,0,0,0,0,0,0,0,0,0,0,0,0,0,0,0,0,0,0,0,0,0,0,0,0,0,0,0,0,0,0,0,0,0,0.0,0.0,0.0,0.0,0.0,0.0,0.0,0.0,0.0,0.0,0.0,0.0,0.0,0.0,0.0,0.0,0.0,0.0,0.0,0.0,0.0,0.0,-0.0,-2.004,-2.004,-0.0,0.0,0.0,0.0,0.0,3366.5,-0.0,0.0,0.0,0.0,-0.0,2.7184274988523002e+23,0.0,0.0,0.0,0.0,0,-126841012224.0,-71.629,0.0,0.0,0.0,0.0,0.0,0.0,0.0,0,0,0,0.0,0.0,0.0,0.0,0.0,0.0,0.0,0.0,0.0,0.0,0.0,0.0,0.0,0.0,0.0,0.0,0,-107875648.0,0,0.0,0,-107875648.0,-107877712.0,0,0,17039,13107,17053,26215,17037,0,0,0,110,100,100,0.0,64.0,0.0,64.9,-107615304.0,68.5,1,49,50,180,0,13107,0,0,0.0,0.0,0.0,0.0,0.0,65.5,0.0,7.5903578731392244e+28,0.0,645,0,686,0,0,0,714,0,786,0,707,0,689,0,645,0,641,0,619,0.032,36700160.0,-2.004,-0.0,1040,16789,0.0,-0.0,0.252,50751.594,-0.0,-0.0,29.0,60.0,70,0.0,0.0,0.0,0.0,0.0,0.0,0.0,0.0,0.0,0.0,0.0,0.0,0.0,0.0,0.0,0.0,59.2,68,11,65509,41,65476,0,300,0,0,8,20529,65476,0,0,61604,60.0,0.0,0.0,0.0,0.0,0.0
2026-04-04T11:42:45,ERR,ERR,ERR,ERR,ERR,ERR,ERR,ERR,ERR,ERR,ERR,ERR,ERR,ERR,ERR,ERR,ERR,ERR,ERR,ERR,ERR,ERR,ERR,ERR,ERR,ERR,ERR,ERR,ERR,ERR,ERR,ERR,ERR,ERR,ERR,ERR,ERR,ERR,ERR,ERR,ERR,ERR,ERR,ERR,ERR,ERR,ERR,ERR,ERR,ERR,ERR,ERR,ERR,ERR,ERR,ERR,ERR,ERR,ERR,ERR,ERR,ERR,ERR,ERR,ERR,ERR,ERR,ERR,ERR,ERR,ERR,ERR,ERR,ERR,ERR,ERR,ERR,ERR,ERR,ERR,ERR,ERR,ERR,ERR,ERR,ERR,ERR,ERR,ERR,ERR,ERR,ERR,ERR,ERR,ERR,ERR,ERR,ERR,ERR,ERR,ERR,ERR,ERR,ERR,ERR,ERR,ERR,ERR,ERR,ERR,ERR,ERR,ERR,ERR,ERR,ERR,ERR,ERR,ERR,ERR,ERR,ERR,ERR,ERR,ERR,0.0,-0.0,-101055584.0,0.0,0.0,0.0,0.0,nan,0,0,0,32768,0,0.0,0,0.0,0.0,0.0,0.0,0.0,0,0,0,0,0.0,0,0,0,0,0,0,0,0,0,0,0,0,0,0,0,0,0,0,0,0,0,0,0,0,0,0,0,0,0,0,0,0,0,0,0,0,0,0,0,0,0,0,0,0,0.0,0.0,0.0,0.0,0.0,0.0,0.0,0.0,0.0,0.0,0.0,0.0,0.0,0.0,0.0,0.0,0.0,0.0,0.0,0.0,0.0,0.0,-0.0,-2.004,-2.004,-0.0,0.0,0.0,0.0,0.0,3366.5,-0.0,0.0,0.0,0.0,-0.0,2.7184274988523002e+23,0.0,0.0,0.0,0.0,0,-126841012224.0,-71.629,0.0,0.0,0.0,0.0,0.0,0.0,0.0,0,0,0,0.0,0.0,0.0,0.0,0.0,0.0,0.0,0.0,0.0,0.0,0.0,0.0,0.0,0.0,0.0,0.0,0,-107875648.0,0,0.0,0,-107875648.0,-107877712.0,0,0,17039,13107,17053,26215,17037,0,0,0,110,100,100,0.0,64.0,0.0,64.9,-107615304.0,68.5,1,49,50,180,0,13107,0,0,0.0,0.0,0.0,0.0,0.0,65.5,0.0,7.5903578731392244e+28,0.0,645,0,686,0,0,0,714,0,786,0,707,0,689,0,645,0,641,0,619,0.032,36700160.0,-2.004,-0.0,1040,16789,0.0,-0.0,0.252,50751.594,-0.0,-0.0,29.0,60.0,70,0.0,0.0,0.0,0.0,0.0,0.0,0.0,0.0,0.0,0.0,0.0,0.0,0.0,0.0,0.0,0.0,59.2,68,11,65509,41,65476,0,300,0,0,8,20529,65476,0,0,61604,60.0,0.0,0.0,0.0,0.0,0.0
2026-04-04T11:42:46,ERR,ERR,ERR,ERR,ERR,ERR,ERR,ERR,ERR,ERR,ERR,ERR,ERR,ERR,ERR,ERR,ERR,ERR,ERR,ERR,ERR,ERR,ERR,ERR,ERR,ERR,ERR,ERR,ERR,ERR,ERR,ERR,ERR,ERR,ERR,ERR,ERR,ERR,ERR,ERR,ERR,ERR,ERR,ERR,ERR,ERR,ERR,ERR,ERR,ERR,ERR,ERR,ERR,ERR,ERR,ERR,ERR,ERR,ERR,ERR,ERR,ERR,ERR,ERR,ERR,ERR,ERR,ERR,ERR,ERR,ERR,ERR,ERR,ERR,ERR,ERR,ERR,ERR,ERR,ERR,ERR,ERR,ERR,ERR,ERR,ERR,ERR,ERR,ERR,ERR,ERR,ERR,ERR,ERR,ERR,ERR,ERR,ERR,ERR,ERR,ERR,ERR,ERR,ERR,ERR,ERR,ERR,ERR,ERR,ERR,ERR,ERR,ERR,ERR,ERR,ERR,ERR,ERR,ERR,ERR,ERR,ERR,ERR,ERR,ERR,0.0,-0.0,-101055584.0,0.0,0.0,0.0,0.0,nan,0,0,0,32768,0,0.0,0,0.0,0.0,0.0,0.0,0.0,0,0,0,0,0.0,0,0,0,0,0,0,0,0,0,0,0,0,0,0,0,0,0,0,0,0,0,0,0,0,0,0,0,0,0,0,0,0,0,0,0,0,0,0,0,0,0,0,0,0,0.0,0.0,0.0,0.0,0.0,0.0,0.0,0.0,0.0,0.0,0.0,0.0,0.0,0.0,0.0,0.0,0.0,0.0,0.0,0.0,0.0,0.0,-0.0,-2.004,-2.004,-0.0,0.0,0.0,0.0,0.0,3366.5,-0.0,0.0,0.0,0.0,-0.0,2.7184274988523002e+23,0.0,0.0,0.0,0.0,0,-126841012224.0,-71.629,0.0,0.0,0.0,0.0,0.0,0.0,0.0,0,0,0,0.0,0.0,0.0,0.0,0.0,0.0,0.0,0.0,0.0,0.0,0.0,0.0,0.0,0.0,0.0,0.0,0,-107875648.0,0,0.0,0,-107875648.0,-107877712.0,0,0,17039,13107,17053,26215,17037,0,0,0,110,100,100,0.0,64.0,0.0,64.9,-107615304.0,68.5,1,49,50,180,0,13107,0,0,0.0,0.0,0.0,0.0,0.0,65.5,0.0,7.5903578731392244e+28,0.0,645,0,686,0,0,0,714,0,786,0,707,0,689,0,645,0,641,0,619,0.032,36700160.0,-2.004,-0.0,1040,16789,0.0,-0.0,0.252,50751.594,-0.0,-0.0,29.0,60.0,70,0.0,0.0,0.0,0.0,0.0,0.0,0.0,0.0,0.0,0.0,0.0,0.0,0.0,0.0,0.0,0.0,59.2,68,11,65509,41,65476,0,300,0,0,8,20529,65476,0,0,61604,60.0,0.0,0.0,0.0,0.0,0.0
2026-04-04T11:42:47,ERR,ERR,ERR,ERR,ERR,ERR,ERR,ERR,ERR,ERR,ERR,ERR,ERR,ERR,ERR,ERR,ERR,ERR,ERR,ERR,ERR,ERR,ERR,ERR,ERR,ERR,ERR,ERR,ERR,ERR,ERR,ERR,ERR,ERR,ERR,ERR,ERR,ERR,ERR,ERR,ERR,ERR,ERR,ERR,ERR,ERR,ERR,ERR,ERR,ERR,ERR,ERR,ERR,ERR,ERR,ERR,ERR,ERR,ERR,ERR,ERR,ERR,ERR,ERR,ERR,ERR,ERR,ERR,ERR,ERR,ERR,ERR,ERR,ERR,ERR,ERR,ERR,ERR,ERR,ERR,ERR,ERR,ERR,ERR,ERR,ERR,ERR,ERR,ERR,ERR,ERR,ERR,ERR,ERR,ERR,ERR,ERR,ERR,ERR,ERR,ERR,ERR,ERR,ERR,ERR,ERR,ERR,ERR,ERR,ERR,ERR,ERR,ERR,ERR,ERR,ERR,ERR,ERR,ERR,ERR,ERR,ERR,ERR,ERR,ERR,0.0,-0.0,-101055584.0,0.0,0.0,0.0,0.0,nan,0,0,0,32768,0,0.0,0,0.0,0.0,0.0,0.0,0.0,0,0,0,0,0.0,0,0,0,0,0,0,0,0,0,0,0,0,0,0,0,0,0,0,0,0,0,0,0,0,0,0,0,0,0,0,0,0,0,0,0,0,0,0,0,0,0,0,0,0,0.0,0.0,0.0,0.0,0.0,0.0,0.0,0.0,0.0,0.0,0.0,0.0,0.0,0.0,0.0,0.0,0.0,0.0,0.0,0.0,0.0,0.0,-0.0,-2.004,-2.004,-0.0,0.0,0.0,0.0,0.0,3366.5,-0.0,0.0,0.0,0.0,-0.0,2.7184274988523002e+23,0.0,0.0,0.0,0.0,0,-126841012224.0,-71.629,0.0,0.0,0.0,0.0,0.0,0.0,0.0,0,0,0,0.0,0.0,0.0,0.0,0.0,0.0,0.0,0.0,0.0,0.0,0.0,0.0,0.0,0.0,0.0,0.0,0,-107875648.0,0,0.0,0,-107875648.0,-107877712.0,0,52429,17038,13107,17053,26215,17037,0,0,0,110,100,100,0.0,64.0,0.0,64.9,-107615304.0,68.5,1,49,50,180,0,13107,0,0,0.0,0.0,0.0,0.0,0.0,65.5,0.0,-0.0,0.0,645,0,686,0,0,0,714,0,786,0,707,0,689,0,645,0,641,0,618,0.032,36700160.0,-0.0,0.0,50576,16788,0.0,-3.196040274158442e+21,0.0,-0.0,-0.0,-0.0,29.0,60.0,70,0.0,0.0,0.0,0.0,0.0,0.0,0.0,0.0,0.0,0.0,0.0,0.0,0.0,0.0,0.0,0.0,59.2,68,11,65509,41,65476,0,300,0,0,8,20529,65476,0,0,61604,60.0,0.0,0.0,0.0,0.0,0.0
2026-04-04T11:42:48,ERR,ERR,ERR,ERR,ERR,ERR,ERR,ERR,ERR,ERR,ERR,ERR,ERR,ERR,ERR,ERR,ERR,ERR,ERR,ERR,ERR,ERR,ERR,ERR,ERR,ERR,ERR,ERR,ERR,ERR,ERR,ERR,ERR,ERR,ERR,ERR,ERR,ERR,ERR,ERR,ERR,ERR,ERR,ERR,ERR,ERR,ERR,ERR,ERR,ERR,ERR,ERR,ERR,ERR,ERR,ERR,ERR,ERR,ERR,ERR,ERR,ERR,ERR,ERR,ERR,ERR,ERR,ERR,ERR,ERR,ERR,ERR,ERR,ERR,ERR,ERR,ERR,ERR,ERR,ERR,ERR,ERR,ERR,ERR,ERR,ERR,ERR,ERR,ERR,ERR,ERR,ERR,ERR,ERR,ERR,ERR,ERR,ERR,ERR,ERR,ERR,ERR,ERR,ERR,ERR,ERR,ERR,ERR,ERR,ERR,ERR,ERR,ERR,ERR,ERR,ERR,ERR,ERR,ERR,ERR,ERR,ERR,ERR,ERR,ERR,0.0,-0.0,-101055584.0,0.0,0.0,0.0,0.0,nan,0,0,0,32768,0,0.0,0,0.0,0.0,0.0,0.0,0.0,0,0,0,0,0.0,0,0,0,0,0,0,0,0,0,0,0,0,0,0,0,0,0,0,0,0,0,0,0,0,0,0,0,0,0,0,0,0,0,0,0,0,0,0,0,0,0,0,0,0,0.0,0.0,0.0,0.0,0.0,0.0,0.0,0.0,0.0,0.0,0.0,0.0,0.0,0.0,0.0,0.0,0.0,0.0,0.0,0.0,0.0,0.0,-0.0,-2.004,-2.004,-0.0,0.0,0.0,0.0,0.0,3366.5,-0.0,0.0,0.0,0.0,-0.0,2.7184274988523002e+23,0.0,0.0,0.0,0.0,0,-126841012224.0,-71.629,0.0,0.0,0.0,0.0,0.0,0.0,0.0,0,0,0,0.0,0.0,0.0,0.0,0.0,0.0,0.0,0.0,0.0,0.0,0.0,0.0,0.0,0.0,0.0,0.0,0,-107875648.0,0,0.0,0,-107875648.0,-107877712.0,0,52429,17038,13107,17053,26215,17037,0,0,0,110,100,100,0.0,64.0,0.0,64.9,-107615304.0,68.5,1,49,50,180,0,13107,0,0,0.0,0.0,0.0,0.0,0.0,65.5,0.0,-0.0,0.0,645,0,686,0,0,0,714,0,786,0,707,0,689,0,645,0,641,0,618,0.032,36700160.0,-0.0,0.0,50576,16788,0.0,-3.196040274158442e+21,0.0,-0.0,-0.0,-0.0,29.0,60.0,70,0.0,0.0,0.0,0.0,0.0,0.0,0.0,0.0,0.0,0.0,0.0,0.0,0.0,0.0,0.0,0.0,59.2,68,11,65509,41,65476,0,300,0,0,8,20529,65476,0,0,61604,60.0,0.0,0.0,0.0,0.0,0.0
2026-04-04T11:42:49,ERR,ERR,ERR,ERR,ERR,ERR,ERR,ERR,ERR,ERR,ERR,ERR,ERR,ERR,ERR,ERR,ERR,ERR,ERR,ERR,ERR,ERR,ERR,ERR,ERR,ERR,ERR,ERR,ERR,ERR,ERR,ERR,ERR,ERR,ERR,ERR,ERR,ERR,ERR,ERR,ERR,ERR,ERR,ERR,ERR,ERR,ERR,ERR,ERR,ERR,ERR,ERR,ERR,ERR,ERR,ERR,ERR,ERR,ERR,ERR,ERR,ERR,ERR,ERR,ERR,ERR,ERR,ERR,ERR,ERR,ERR,ERR,ERR,ERR,ERR,ERR,ERR,ERR,ERR,ERR,ERR,ERR,ERR,ERR,ERR,ERR,ERR,ERR,ERR,ERR,ERR,ERR,ERR,ERR,ERR,ERR,ERR,ERR,ERR,ERR,ERR,ERR,ERR,ERR,ERR,ERR,ERR,ERR,ERR,ERR,ERR,ERR,ERR,ERR,ERR,ERR,ERR,ERR,ERR,ERR,ERR,ERR,ERR,ERR,ERR,0.0,-0.0,-101055584.0,0.0,0.0,0.0,0.0,nan,0,0,0,32768,0,0.0,0,0.0,0.0,0.0,0.0,0.0,0,0,0,0,0.0,0,0,0,0,0,0,0,0,0,0,0,0,0,0,0,0,0,0,0,0,0,0,0,0,0,0,0,0,0,0,0,0,0,0,0,0,0,0,0,0,0,0,0,0,0.0,0.0,0.0,0.0,0.0,0.0,0.0,0.0,0.0,0.0,0.0,0.0,0.0,0.0,0.0,0.0,0.0,0.0,0.0,0.0,0.0,0.0,-0.0,-2.004,-2.004,-0.0,0.0,0.0,0.0,0.0,3366.5,-0.0,0.0,0.0,0.0,-0.0,2.7184274988523002e+23,0.0,0.0,0.0,0.0,0,-126841012224.0,-71.629,0.0,0.0,0.0,0.0,0.0,0.0,0.0,0,0,0,0.0,0.0,0.0,0.0,0.0,0.0,0.0,0.0,0.0,0.0,0.0,0.0,0.0,0.0,0.0,0.0,0,-107875648.0,0,0.0,0,-107875648.0,-107877712.0,0,52429,17038,13107,17053,26215,17037,0,0,0,110,100,100,0.0,64.0,0.0,64.9,-107615304.0,68.5,1,49,50,180,0,13107,0,0,0.0,0.0,0.0,0.0,0.0,65.5,0.0,-0.0,0.0,645,0,686,0,0,0,714,0,786,0,707,0,689,0,645,0,641,0,618,0.032,36700160.0,-0.0,0.0,50576,16788,0.0,-3.196040274158442e+21,0.0,-0.0,-0.0,-0.0,29.0,60.0,70,0.0,0.0,0.0,0.0,0.0,0.0,0.0,0.0,0.0,0.0,0.0,0.0,0.0,0.0,0.0,0.0,59.2,68,11,65509,41,65476,0,300,0,0,8,20529,65476,0,0,61604,60.0,0.0,0.0,0.0,0.0,0.0
2026-04-04T11:42:50,ERR,ERR,ERR,ERR,ERR,ERR,ERR,ERR,ERR,ERR,ERR,ERR,ERR,ERR,ERR,ERR,ERR,ERR,ERR,ERR,ERR,ERR,ERR,ERR,ERR,ERR,ERR,ERR,ERR,ERR,ERR,ERR,ERR,ERR,ERR,ERR,ERR,ERR,ERR,ERR,ERR,ERR,ERR,ERR,ERR,ERR,ERR,ERR,ERR,ERR,ERR,ERR,ERR,ERR,ERR,ERR,ERR,ERR,ERR,ERR,ERR,ERR,ERR,ERR,ERR,ERR,ERR,ERR,ERR,ERR,ERR,ERR,ERR,ERR,ERR,ERR,ERR,ERR,ERR,ERR,ERR,ERR,ERR,ERR,ERR,ERR,ERR,ERR,ERR,ERR,ERR,ERR,ERR,ERR,ERR,ERR,ERR,ERR,ERR,ERR,ERR,ERR,ERR,ERR,ERR,ERR,ERR,ERR,ERR,ERR,ERR,ERR,ERR,ERR,ERR,ERR,ERR,ERR,ERR,ERR,ERR,ERR,ERR,ERR,ERR,0.0,-0.0,-101055584.0,0.0,0.0,0.0,0.0,nan,0,0,0,32768,0,0.0,0,0.0,0.0,0.0,0.0,0.0,0,0,0,0,0.0,0,0,0,0,0,0,0,0,0,0,0,0,0,0,0,0,0,0,0,0,0,0,0,0,0,0,0,0,0,0,0,0,0,0,0,0,0,0,0,0,0,0,0,0,0.0,0.0,0.0,0.0,0.0,0.0,0.0,0.0,0.0,0.0,0.0,0.0,0.0,0.0,0.0,0.0,0.0,0.0,0.0,0.0,0.0,0.0,-0.0,-2.004,-2.004,-0.0,0.0,0.0,0.0,0.0,3366.5,-0.0,0.0,0.0,0.0,-0.0,2.7184274988523002e+23,0.0,0.0,0.0,0.0,0,-126841012224.0,-71.629,0.0,0.0,0.0,0.0,0.0,0.0,0.0,0,0,0,0.0,0.0,0.0,0.0,0.0,0.0,0.0,0.0,0.0,0.0,0.0,0.0,0.0,0.0,0.0,0.0,0,-107875648.0,0,0.0,0,-107875648.0,-107877712.0,0,52429,17038,13107,17053,26215,17037,0,0,0,110,100,100,0.0,64.0,0.0,64.9,-107615304.0,68.5,1,49,50,180,0,13107,0,0,0.0,0.0,0.0,0.0,0.0,65.5,0.0,-0.0,0.0,645,0,686,0,0,0,714,0,786,0,707,0,689,0,645,0,641,0,618,0.032,36700160.0,-0.0,0.0,50576,16788,0.0,-3.196040274158442e+21,0.0,-0.0,-0.0,-0.0,29.0,60.0,70,0.0,0.0,0.0,0.0,0.0,0.0,0.0,0.0,0.0,0.0,0.0,0.0,0.0,0.0,0.0,0.0,59.2,68,11,65509,41,65476,0,300,0,0,8,20529,65476,0,0,61604,60.0,0.0,0.0,0.0,0.0,0.0
2026-04-04T11:42:51,ERR,ERR,ERR,ERR,ERR,ERR,ERR,ERR,ERR,ERR,ERR,ERR,ERR,ERR,ERR,ERR,ERR,ERR,ERR,ERR,ERR,ERR,ERR,ERR,ERR,ERR,ERR,ERR,ERR,ERR,ERR,ERR,ERR,ERR,ERR,ERR,ERR,ERR,ERR,ERR,ERR,ERR,ERR,ERR,ERR,ERR,ERR,ERR,ERR,ERR,ERR,ERR,ERR,ERR,ERR,ERR,ERR,ERR,ERR,ERR,ERR,ERR,ERR,ERR,ERR,ERR,ERR,ERR,ERR,ERR,ERR,ERR,ERR,ERR,ERR,ERR,ERR,ERR,ERR,ERR,ERR,ERR,ERR,ERR,ERR,ERR,ERR,ERR,ERR,ERR,ERR,ERR,ERR,ERR,ERR,ERR,ERR,ERR,ERR,ERR,ERR,ERR,ERR,ERR,ERR,ERR,ERR,ERR,ERR,ERR,ERR,ERR,ERR,ERR,ERR,ERR,ERR,ERR,ERR,ERR,ERR,ERR,ERR,ERR,ERR,0.0,-0.0,-101055584.0,0.0,0.0,0.0,0.0,nan,0,0,0,32768,0,0.0,0,0.0,0.0,0.0,0.0,0.0,0,0,0,0,0.0,0,0,0,0,0,0,0,0,0,0,0,0,0,0,0,0,0,0,0,0,0,0,0,0,0,0,0,0,0,0,0,0,0,0,0,0,0,0,0,0,0,0,0,0,0.0,0.0,0.0,0.0,0.0,0.0,0.0,0.0,0.0,0.0,0.0,0.0,0.0,0.0,0.0,0.0,0.0,0.0,0.0,0.0,0.0,0.0,-0.0,-2.004,-2.004,-0.0,0.0,0.0,0.0,0.0,3366.5,-0.0,0.0,0.0,0.0,-0.0,2.7184274988523002e+23,0.0,0.0,0.0,0.0,0,-126841012224.0,-71.629,0.0,0.0,0.0,0.0,0.0,0.0,0.0,0,0,0,0.0,0.0,0.0,0.0,0.0,0.0,0.0,0.0,0.0,0.0,0.0,0.0,0.0,0.0,0.0,0.0,0,-107875648.0,0,0.0,0,-107875648.0,-107877712.0,0,52429,17038,13107,17053,26215,17037,0,0,0,110,100,100,0.0,64.0,0.0,64.9,-107615304.0,68.5,1,49,50,180,0,13107,0,0,0.0,0.0,0.0,0.0,0.0,65.5,0.0,-0.0,0.0,645,0,686,0,0,0,714,0,786,0,707,0,689,0,645,0,641,0,618,0.032,36700160.0,-0.0,0.0,50576,16788,0.0,-3.196040274158442e+21,0.0,-0.0,-0.0,-0.0,29.0,60.0,70,0.0,0.0,0.0,0.0,0.0,0.0,0.0,0.0,0.0,0.0,0.0,0.0,0.0,0.0,0.0,0.0,59.2,68,11,65509,41,65476,0,300,0,0,8,20529,65476,0,0,61604,60.0,0.0,0.0,0.0,0.0,0.0
2026-04-04T11:42:52,ERR,ERR,ERR,ERR,ERR,ERR,ERR,ERR,ERR,ERR,ERR,ERR,ERR,ERR,ERR,ERR,ERR,ERR,ERR,ERR,ERR,ERR,ERR,ERR,ERR,ERR,ERR,ERR,ERR,ERR,ERR,ERR,ERR,ERR,ERR,ERR,ERR,ERR,ERR,ERR,ERR,ERR,ERR,ERR,ERR,ERR,ERR,ERR,ERR,ERR,ERR,ERR,ERR,ERR,ERR,ERR,ERR,ERR,ERR,ERR,ERR,ERR,ERR,ERR,ERR,ERR,ERR,ERR,ERR,ERR,ERR,ERR,ERR,ERR,ERR,ERR,ERR,ERR,ERR,ERR,ERR,ERR,ERR,ERR,ERR,ERR,ERR,ERR,ERR,ERR,ERR,ERR,ERR,ERR,ERR,ERR,ERR,ERR,ERR,ERR,ERR,ERR,ERR,ERR,ERR,ERR,ERR,ERR,ERR,ERR,ERR,ERR,ERR,ERR,ERR,ERR,ERR,ERR,ERR,ERR,ERR,ERR,ERR,ERR,ERR,0.0,0.0,-0.0,0.0,0.0,0.0,0.0,nan,0,0,0,32768,0,0.0,0,0.0,0.0,0.0,0.0,0.0,0,0,0,0,0.0,0,0,0,0,0,0,0,0,0,0,0,0,0,0,0,0,0,0,0,0,0,0,0,0,0,0,0,0,0,0,0,0,0,0,0,0,0,0,0,0,0,0,0,0,0.0,0.0,0.0,0.0,0.0,0.0,0.0,0.0,0.0,0.0,0.0,0.0,0.0,0.0,0.0,0.0,0.0,0.0,0.0,0.0,0.0,0.0,-0.0,-0.0,-2.004,-0.0,0.0,0.0,0.0,0.0,3367.0,-0.0,0.0,0.0,0.0,-0.0,2.7184274988523002e+23,0.0,0.0,0.0,0.0,0,-126841012224.0,-107614256.0,0.0,0.0,0.0,0.0,0.0,0.0,0.0,0,0,0,0.0,0.0,0.0,0.0,0.0,0.0,0.0,0.0,0.0,0.0,0.0,0.0,0.0,0.0,0.0,0.0,0,-107875648.0,0,0.0,0,-107875648.0,-107877712.0,0,52429,17038,13107,17053,26215,17037,0,0,0,110,100,100,0.0,64.0,0.0,64.9,-107615304.0,68.5,1,49,50,180,0,13107,0,0,0.0,0.0,0.0,0.0,0.0,65.5,0.0,-0.0,0.0,645,0,686,0,0,0,714,0,786,0,707,0,689,0,645,0,641,0,618,0.032,36700160.0,-0.0,0.0,50576,16788,0.0,-3.196040274158442e+21,0.0,-0.0,-0.0,-0.0,29.0,60.0,70,0.0,0.0,0.0,0.0,0.0,0.0,0.0,0.0,0.0,0.0,0.0,0.0,0.0,0.0,0.0,0.0,59.2,68,11,65509,41,65476,0,300,0,0,8,20529,65476,0,0,61604,60.0,0.0,0.0,0.0,0.0,0.0
2026-04-04T11:42:53,ERR,ERR,ERR,ERR,ERR,ERR,ERR,ERR,ERR,ERR,ERR,ERR,ERR,ERR,ERR,ERR,ERR,ERR,ERR,ERR,ERR,ERR,ERR,ERR,ERR,ERR,ERR,ERR,ERR,ERR,ERR,ERR,ERR,ERR,ERR,ERR,ERR,ERR,ERR,ERR,ERR,ERR,ERR,ERR,ERR,ERR,ERR,ERR,ERR,ERR,ERR,ERR,ERR,ERR,ERR,ERR,ERR,ERR,ERR,ERR,ERR,ERR,ERR,ERR,ERR,ERR,ERR,ERR,ERR,ERR,ERR,ERR,ERR,ERR,ERR,ERR,ERR,ERR,ERR,ERR,ERR,ERR,ERR,ERR,ERR,ERR,ERR,ERR,ERR,ERR,ERR,ERR,ERR,ERR,ERR,ERR,ERR,ERR,ERR,ERR,ERR,ERR,ERR,ERR,ERR,ERR,ERR,ERR,ERR,ERR,ERR,ERR,ERR,ERR,ERR,ERR,ERR,ERR,ERR,ERR,ERR,ERR,ERR,ERR,ERR,0.0,0.0,-0.0,0.0,0.0,0.0,0.0,nan,0,0,0,32768,0,0.0,0,0.0,0.0,0.0,0.0,0.0,0,0,0,0,0.0,0,0,0,0,0,0,0,0,0,0,0,0,0,0,0,0,0,0,0,0,0,0,0,0,0,0,0,0,0,0,0,0,0,0,0,0,0,0,0,0,0,0,0,0,0.0,0.0,0.0,0.0,0.0,0.0,0.0,0.0,0.0,0.0,0.0,0.0,0.0,0.0,0.0,0.0,0.0,0.0,0.0,0.0,0.0,0.0,-0.0,-0.0,-2.004,-0.0,0.0,0.0,0.0,0.0,3367.0,-0.0,0.0,0.0,0.0,-0.0,2.7184274988523002e+23,0.0,0.0,0.0,0.0,0,-126841012224.0,-107614256.0,0.0,0.0,0.0,0.0,0.0,0.0,0.0,0,0,0,0.0,0.0,0.0,0.0,0.0,0.0,0.0,0.0,0.0,0.0,0.0,0.0,0.0,0.0,0.0,0.0,0,-107875648.0,0,0.0,0,-107875648.0,-107877712.0,0,0,17039,13107,17053,26215,17037,0,0,0,110,100,100,0.0,64.0,0.0,64.9,-107615304.0,68.5,1,49,50,180,0,13107,0,0,0.0,0.0,0.0,0.0,-3.0980662186829442e+29,65.0,0.0,-1.190807156862799e+19,0.0,645,0,686,0,0,0,714,0,786,0,707,0,689,0,645,0,641,0,618,0.032,36962304.0,-0.0,0.0,400,16789,-1.169952966539046e+35,0.0,0.0,-0.0,-0.0,-0.0,29.0,60.0,70,0.0,0.0,0.0,0.0,0.0,0.0,0.0,0.0,0.0,0.0,0.0,0.0,0.0,0.0,0.0,0.0,59.2,68,11,65509,41,65476,0,300,0,0,8,20529,65476,0,0,61604,60.0,0.0,0.0,0.0,0.0,0.0
2026-04-04T11:42:54,ERR,ERR,ERR,ERR,ERR,ERR,ERR,ERR,ERR,ERR,ERR,ERR,ERR,ERR,ERR,ERR,ERR,ERR,ERR,ERR,ERR,ERR,ERR,ERR,ERR,ERR,ERR,ERR,ERR,ERR,ERR,ERR,ERR,ERR,ERR,ERR,ERR,ERR,ERR,ERR,ERR,ERR,ERR,ERR,ERR,ERR,ERR,ERR,ERR,ERR,ERR,ERR,ERR,ERR,ERR,ERR,ERR,ERR,ERR,ERR,ERR,ERR,ERR,ERR,ERR,ERR,ERR,ERR,ERR,ERR,ERR,ERR,ERR,ERR,ERR,ERR,ERR,ERR,ERR,ERR,ERR,ERR,ERR,ERR,ERR,ERR,ERR,ERR,ERR,ERR,ERR,ERR,ERR,ERR,ERR,ERR,ERR,ERR,ERR,ERR,ERR,ERR,ERR,ERR,ERR,ERR,ERR,ERR,ERR,ERR,ERR,ERR,ERR,ERR,ERR,ERR,ERR,ERR,ERR,ERR,ERR,ERR,ERR,ERR,ERR,0.0,0.0,-0.0,0.0,0.0,0.0,0.0,nan,0,0,0,32768,0,0.0,0,0.0,0.0,0.0,0.0,0.0,0,0,0,0,0.0,0,0,0,0,0,0,0,0,0,0,0,0,0,0,0,0,0,0,0,0,0,0,0,0,0,0,0,0,0,0,0,0,0,0,0,0,0,0,0,0,0,0,0,0,0.0,0.0,0.0,0.0,0.0,0.0,0.0,0.0,0.0,0.0,0.0,0.0,0.0,0.0,0.0,0.0,0.0,0.0,0.0,0.0,0.0,0.0,-0.0,-0.0,-2.004,-0.0,0.0,0.0,0.0,0.0,3367.0,-0.0,0.0,0.0,0.0,-0.0,2.7184274988523002e+23,0.0,0.0,0.0,0.0,0,-126841012224.0,-107614256.0,0.0,0.0,0.0,0.0,0.0,0.0,0.0,0,0,0,0.0,0.0,0.0,0.0,0.0,0.0,0.0,0.0,0.0,0.0,0.0,0.0,0.0,0.0,0.0,0.0,0,-107875648.0,0,0.0,0,-107875648.0,-107877712.0,0,0,17039,13107,17053,26215,17037,0,0,0,110,100,100,0.0,64.0,0.0,64.9,-107615304.0,68.5,1,49,50,180,0,13107,0,0,0.0,0.0,0.0,0.0,-3.0980662186829442e+29,65.0,0.0,-1.190807156862799e+19,0.0,645,0,686,0,0,0,714,0,786,0,707,0,689,0,645,0,641,0,618,0.032,36962304.0,-0.0,0.0,400,16789,-1.169952966539046e+35,0.0,0.0,-0.0,-0.0,-0.0,29.0,60.0,70,0.0,0.0,0.0,0.0,0.0,0.0,0.0,0.0,0.0,0.0,0.0,0.0,0.0,0.0,0.0,0.0,59.2,68,11,65509,41,65476,0,300,0,0,8,20529,65476,0,0,61604,60.0,0.0,0.0,0.0,0.0,0.0
2026-04-04T11:42:55,ERR,ERR,ERR,ERR,ERR,ERR,ERR,ERR,ERR,ERR,ERR,ERR,ERR,ERR,ERR,ERR,ERR,ERR,ERR,ERR,ERR,ERR,ERR,ERR,ERR,ERR,ERR,ERR,ERR,ERR,ERR,ERR,ERR,ERR,ERR,ERR,ERR,ERR,ERR,ERR,ERR,ERR,ERR,ERR,ERR,ERR,ERR,ERR,ERR,ERR,ERR,ERR,ERR,ERR,ERR,ERR,ERR,ERR,ERR,ERR,ERR,ERR,ERR,ERR,ERR,ERR,ERR,ERR,ERR,ERR,ERR,ERR,ERR,ERR,ERR,ERR,ERR,ERR,ERR,ERR,ERR,ERR,ERR,ERR,ERR,ERR,ERR,ERR,ERR,ERR,ERR,ERR,ERR,ERR,ERR,ERR,ERR,ERR,ERR,ERR,ERR,ERR,ERR,ERR,ERR,ERR,ERR,ERR,ERR,ERR,ERR,ERR,ERR,ERR,ERR,ERR,ERR,ERR,ERR,ERR,ERR,ERR,ERR,ERR,ERR,0.0,0.0,-0.0,0.0,0.0,0.0,0.0,nan,0,0,0,32768,0,0.0,0,0.0,0.0,0.0,0.0,0.0,0,0,0,0,0.0,0,0,0,0,0,0,0,0,0,0,0,0,0,0,0,0,0,0,0,0,0,0,0,0,0,0,0,0,0,0,0,0,0,0,0,0,0,0,0,0,0,0,0,0,0.0,0.0,0.0,0.0,0.0,0.0,0.0,0.0,0.0,0.0,0.0,0.0,0.0,0.0,0.0,0.0,0.0,0.0,0.0,0.0,0.0,0.0,-0.0,-0.0,-2.004,-0.0,0.0,0.0,0.0,0.0,3367.0,-0.0,0.0,0.0,0.0,-0.0,2.7184274988523002e+23,0.0,0.0,0.0,0.0,0,-126841012224.0,-107614256.0,0.0,0.0,0.0,0.0,0.0,0.0,0.0,0,0,0,0.0,0.0,0.0,0.0,0.0,0.0,0.0,0.0,0.0,0.0,0.0,0.0,0.0,0.0,0.0,0.0,0,-107875648.0,0,0.0,0,-107875648.0,-107877712.0,0,0,17039,13107,17053,26215,17037,0,0,0,110,100,100,0.0,64.0,0.0,64.9,-107615304.0,68.5,1,49,50,180,0,13107,0,0,0.0,0.0,0.0,0.0,-3.0980662186829442e+29,65.0,0.0,-1.190807156862799e+19,0.0,645,0,686,0,0,0,714,0,786,0,707,0,689,0,645,0,641,0,618,0.032,36962304.0,-0.0,0.0,400,16789,-1.169952966539046e+35,0.0,0.0,-0.0,-0.0,-0.0,29.0,60.0,70,0.0,0.0,0.0,0.0,0.0,0.0,0.0,0.0,0.0,0.0,0.0,0.0,0.0,0.0,0.0,0.0,59.6,68,11,65509,41,65476,0,300,0,0,8,20529,65476,0,0,61604,60.0,0.0,0.0,0.0,0.0,0.0
2026-04-04T11:42:56,ERR,ERR,ERR,ERR,ERR,ERR,ERR,ERR,ERR,ERR,ERR,ERR,ERR,ERR,ERR,ERR,ERR,ERR,ERR,ERR,ERR,ERR,ERR,ERR,ERR,ERR,ERR,ERR,ERR,ERR,ERR,ERR,ERR,ERR,ERR,ERR,ERR,ERR,ERR,ERR,ERR,ERR,ERR,ERR,ERR,ERR,ERR,ERR,ERR,ERR,ERR,ERR,ERR,ERR,ERR,ERR,ERR,ERR,ERR,ERR,ERR,ERR,ERR,ERR,ERR,ERR,ERR,ERR,ERR,ERR,ERR,ERR,ERR,ERR,ERR,ERR,ERR,ERR,ERR,ERR,ERR,ERR,ERR,ERR,ERR,ERR,ERR,ERR,ERR,ERR,ERR,ERR,ERR,ERR,ERR,ERR,ERR,ERR,ERR,ERR,ERR,ERR,ERR,ERR,ERR,ERR,ERR,ERR,ERR,ERR,ERR,ERR,ERR,ERR,ERR,ERR,ERR,ERR,ERR,ERR,ERR,ERR,ERR,ERR,ERR,0.0,0.0,-0.0,0.0,0.0,0.0,0.0,nan,0,0,0,32768,0,0.0,0,0.0,0.0,0.0,0.0,0.0,0,0,0,0,0.0,0,0,0,0,0,0,0,0,0,0,0,0,0,0,0,0,0,0,0,0,0,0,0,0,0,0,0,0,0,0,0,0,0,0,0,0,0,0,0,0,0,0,0,0,0.0,0.0,0.0,0.0,0.0,0.0,0.0,0.0,0.0,0.0,0.0,0.0,0.0,0.0,0.0,0.0,0.0,0.0,0.0,0.0,0.0,0.0,-0.0,-0.0,-2.004,-0.0,0.0,0.0,0.0,0.0,3367.0,-0.0,0.0,0.0,0.0,-0.0,2.7184274988523002e+23,0.0,0.0,0.0,0.0,0,-126841012224.0,-107614256.0,0.0,0.0,0.0,0.0,0.0,0.0,0.0,0,0,0,0.0,0.0,0.0,0.0,0.0,0.0,0.0,0.0,0.0,0.0,0.0,0.0,0.0,0.0,0.0,0.0,0,-107875648.0,0,0.0,0,-107875648.0,-107877712.0,0,0,17039,13107,17053,26215,17037,0,0,0,110,100,100,0.0,64.0,0.0,64.9,-107615304.0,68.5,1,49,50,180,0,13107,0,0,0.0,0.0,0.0,0.0,-3.0980662186829442e+29,65.0,0.0,-1.190807156862799e+19,0.0,645,0,686,0,0,0,714,0,786,0,707,0,689,0,645,0,641,0,618,0.032,36962304.0,-0.0,0.0,400,16789,-1.169952966539046e+35,0.0,0.0,-0.0,-0.0,-0.0,29.0,60.0,70,0.0,0.0,0.0,0.0,0.0,0.0,0.0,0.0,0.0,0.0,0.0,0.0,0.0,0.0,0.0,0.0,59.6,68,11,65509,41,65476,0,300,0,0,8,20529,65476,0,0,61604,60.0,0.0,0.0,0.0,0.0,0.0
2026-04-04T11:42:57,ERR,ERR,ERR,ERR,ERR,ERR,ERR,ERR,ERR,ERR,ERR,ERR,ERR,ERR,ERR,ERR,ERR,ERR,ERR,ERR,ERR,ERR,ERR,ERR,ERR,ERR,ERR,ERR,ERR,ERR,ERR,ERR,ERR,ERR,ERR,ERR,ERR,ERR,ERR,ERR,ERR,ERR,ERR,ERR,ERR,ERR,ERR,ERR,ERR,ERR,ERR,ERR,ERR,ERR,ERR,ERR,ERR,ERR,ERR,ERR,ERR,ERR,ERR,ERR,ERR,ERR,ERR,ERR,ERR,ERR,ERR,ERR,ERR,ERR,ERR,ERR,ERR,ERR,ERR,ERR,ERR,ERR,ERR,ERR,ERR,ERR,ERR,ERR,ERR,ERR,ERR,ERR,ERR,ERR,ERR,ERR,ERR,ERR,ERR,ERR,ERR,ERR,ERR,ERR,ERR,ERR,ERR,ERR,ERR,ERR,ERR,ERR,ERR,ERR,ERR,ERR,ERR,ERR,ERR,ERR,ERR,ERR,ERR,ERR,ERR,0.0,0.0,-0.0,0.0,0.0,0.0,0.0,nan,0,0,0,32768,0,0.0,0,0.0,0.0,0.0,0.0,0.0,0,0,0,0,0.0,0,0,0,0,0,0,0,0,0,0,0,0,0,0,0,0,0,0,0,0,0,0,0,0,0,0,0,0,0,0,0,0,0,0,0,0,0,0,0,0,0,0,0,0,0.0,0.0,0.0,0.0,0.0,0.0,0.0,0.0,0.0,0.0,0.0,0.0,0.0,0.0,0.0,0.0,0.0,0.0,0.0,0.0,0.0,0.0,-0.0,-0.0,-2.004,-0.0,0.0,0.0,0.0,0.0,3367.0,-0.0,0.0,0.0,0.0,-0.0,2.7184274988523002e+23,0.0,0.0,0.0,0.0,0,-126841012224.0,-107614256.0,0.0,0.0,0.0,0.0,0.0,0.0,0.0,0,0,0,0.0,0.0,0.0,0.0,0.0,0.0,0.0,0.0,0.0,0.0,0.0,0.0,0.0,0.0,0.0,0.0,0,-107875648.0,0,0.0,0,-107875648.0,-107877712.0,0,0,17039,13107,17053,26215,17037,0,0,0,110,100,100,0.0,64.0,0.0,64.9,-107615304.0,68.5,1,49,50,180,0,13107,0,0,0.0,0.0,0.0,0.0,-3.0980662186829442e+29,65.0,0.0,-1.190807156862799e+19,0.0,645,0,686,0,0,0,714,0,786,0,707,0,689,0,645,0,641,0,618,0.032,36962304.0,-0.0,0.0,400,16789,-1.169952966539046e+35,0.0,0.0,-0.0,-0.0,-0.0,29.0,60.0,70,0.0,0.0,0.0,0.0,0.0,0.0,0.0,0.0,0.0,0.0,0.0,0.0,0.0,0.0,0.0,0.0,59.6,68,11,65509,41,65476,0,300,0,0,8,20529,65476,0,0,61604,60.0,0.0,0.0,0.0,0.0,0.0
2026-04-04T11:42:58,ERR,ERR,ERR,ERR,ERR,ERR,ERR,ERR,ERR,ERR,ERR,ERR,ERR,ERR,ERR,ERR,ERR,ERR,ERR,ERR,ERR,ERR,ERR,ERR,ERR,ERR,ERR,ERR,ERR,ERR,ERR,ERR,ERR,ERR,ERR,ERR,ERR,ERR,ERR,ERR,ERR,ERR,ERR,ERR,ERR,ERR,ERR,ERR,ERR,ERR,ERR,ERR,ERR,ERR,ERR,ERR,ERR,ERR,ERR,ERR,ERR,ERR,ERR,ERR,ERR,ERR,ERR,ERR,ERR,ERR,ERR,ERR,ERR,ERR,ERR,ERR,ERR,ERR,ERR,ERR,ERR,ERR,ERR,ERR,ERR,ERR,ERR,ERR,ERR,ERR,ERR,ERR,ERR,ERR,ERR,ERR,ERR,ERR,ERR,ERR,ERR,ERR,ERR,ERR,ERR,ERR,ERR,ERR,ERR,ERR,ERR,ERR,ERR,ERR,ERR,ERR,ERR,ERR,ERR,ERR,ERR,ERR,ERR,ERR,ERR,0.0,0.0,-0.0,0.0,0.0,0.0,0.0,nan,0,0,0,32768,0,0.0,0,0.0,0.0,0.0,0.0,0.0,0,0,0,0,0.0,0,0,0,0,0,0,0,0,0,0,0,0,0,0,0,0,0,0,0,0,0,0,0,0,0,0,0,0,0,0,0,0,0,0,0,0,0,0,0,0,0,0,0,0,0.0,0.0,0.0,0.0,0.0,0.0,0.0,0.0,0.0,0.0,0.0,0.0,0.0,0.0,0.0,0.0,0.0,0.0,0.0,0.0,0.0,0.0,-0.0,-0.0,-2.004,-0.0,0.0,0.0,0.0,0.0,3367.0,-0.0,0.0,0.0,0.0,-0.0,2.7184274988523002e+23,0.0,0.0,0.0,0.0,0,-126841012224.0,-107614256.0,0.0,0.0,0.0,0.0,0.0,0.0,0.0,0,0,0,0.0,0.0,0.0,0.0,0.0,0.0,0.0,0.0,0.0,0.0,0.0,0.0,0.0,0.0,0.0,0.0,0,-107875648.0,0,0.0,0,-107875648.0,-107877712.0,0,0,17039,13107,17053,26215,17037,0,0,0,110,100,100,0.0,64.0,0.0,64.9,-107615304.0,68.5,1,49,50,180,0,13107,0,0,0.0,0.0,0.0,0.0,-3.0980662186829442e+29,65.0,0.0,-1.190807156862799e+19,0.0,645,0,686,0,0,0,714,0,786,0,707,0,689,0,645,0,641,0,618,0.032,36962304.0,-0.0,0.0,400,16789,-1.169952966539046e+35,0.0,0.0,-0.0,-0.0,-0.0,29.0,60.0,70,0.0,0.0,0.0,0.0,0.0,0.0,0.0,0.0,0.0,0.0,0.0,0.0,0.0,0.0,0.0,0.0,59.2,68,11,65509,41,65476,0,300,0,0,8,20529,65476,0,0,61604,60.0,0.0,0.0,0.0,0.0,0.0
2026-04-04T11:42:59,ERR,ERR,ERR,ERR,ERR,ERR,ERR,ERR,ERR,ERR,ERR,ERR,ERR,ERR,ERR,ERR,ERR,ERR,ERR,ERR,ERR,ERR,ERR,ERR,ERR,ERR,ERR,ERR,ERR,ERR,ERR,ERR,ERR,ERR,ERR,ERR,ERR,ERR,ERR,ERR,ERR,ERR,ERR,ERR,ERR,ERR,ERR,ERR,ERR,ERR,ERR,ERR,ERR,ERR,ERR,ERR,ERR,ERR,ERR,ERR,ERR,ERR,ERR,ERR,ERR,ERR,ERR,ERR,ERR,ERR,ERR,ERR,ERR,ERR,ERR,ERR,ERR,ERR,ERR,ERR,ERR,ERR,ERR,ERR,ERR,ERR,ERR,ERR,ERR,ERR,ERR,ERR,ERR,ERR,ERR,ERR,ERR,ERR,ERR,ERR,ERR,ERR,ERR,ERR,ERR,ERR,ERR,ERR,ERR,ERR,ERR,ERR,ERR,ERR,ERR,ERR,ERR,ERR,ERR,ERR,ERR,ERR,ERR,ERR,ERR,0.0,0.0,-0.0,0.0,0.0,0.0,0.0,nan,0,0,0,32768,0,0.0,0,0.0,0.0,0.0,0.0,0.0,0,0,0,0,0.0,0,0,0,0,0,0,0,0,0,0,0,0,0,0,0,0,0,0,0,0,0,0,0,0,0,0,0,0,0,0,0,0,0,0,0,0,0,0,0,0,0,0,0,0,0.0,0.0,0.0,0.0,0.0,0.0,0.0,0.0,0.0,0.0,0.0,0.0,0.0,0.0,0.0,0.0,0.0,0.0,0.0,0.0,0.0,0.0,-0.0,-0.0,-2.004,-0.0,0.0,0.0,0.0,0.0,3367.0,-0.0,0.0,0.0,0.0,-0.0,2.7184274988523002e+23,0.0,0.0,0.0,0.0,0,-126841012224.0,-107614256.0,0.0,0.0,0.0,0.0,0.0,0.0,0.0,0,0,0,0.0,0.0,0.0,0.0,0.0,0.0,0.0,0.0,0.0,0.0,0.0,0.0,0.0,0.0,0.0,0.0,0,-107875648.0,0,0.0,0,-107875648.0,-107877712.0,0,52429,17038,13107,17053,26215,17037,0,0,0,110,100,100,0.0,64.0,0.0,64.9,-107615304.0,68.5,1,49,50,180,0,13107,0,0,0.0,0.0,0.0,0.0,0.0,65.5,0.0,1.1135497112031068e+18,0.0,645,0,686,0,0,0,714,0,786,0,707,0,689,0,645,0,641,0,618,0.032,36700160.0,-0.0,0.0,64912,16788,-7.821900926848939e+32,8171841537441792.0,3.534459732127803e+19,-0.0,-0.0,-5960.064,29.0,60.0,70,0.0,0.0,0.0,0.0,0.0,0.0,0.0,0.0,0.0,0.0,0.0,0.0,0.0,0.0,0.0,0.0,59.2,68,11,65509,41,65476,0,300,0,0,8,20529,65476,0,0,61604,60.0,0.0,0.0,0.0,0.0,0.0
2026-04-04T11:43:00,ERR,ERR,ERR,ERR,ERR,ERR,ERR,ERR,ERR,ERR,ERR,ERR,ERR,ERR,ERR,ERR,ERR,ERR,ERR,ERR,ERR,ERR,ERR,ERR,ERR,ERR,ERR,ERR,ERR,ERR,ERR,ERR,ERR,ERR,ERR,ERR,ERR,ERR,ERR,ERR,ERR,ERR,ERR,ERR,ERR,ERR,ERR,ERR,ERR,ERR,ERR,ERR,ERR,ERR,ERR,ERR,ERR,ERR,ERR,ERR,ERR,ERR,ERR,ERR,ERR,ERR,ERR,ERR,ERR,ERR,ERR,ERR,ERR,ERR,ERR,ERR,ERR,ERR,ERR,ERR,ERR,ERR,ERR,ERR,ERR,ERR,ERR,ERR,ERR,ERR,ERR,ERR,ERR,ERR,ERR,ERR,ERR,ERR,ERR,ERR,ERR,ERR,ERR,ERR,ERR,ERR,ERR,ERR,ERR,ERR,ERR,ERR,ERR,ERR,ERR,ERR,ERR,ERR,ERR,ERR,ERR,ERR,ERR,ERR,ERR,0.0,-0.0,-101055584.0,0.0,0.0,0.0,0.0,nan,0,0,0,32768,0,0.0,0,0.0,0.0,0.0,0.0,0.0,0,0,0,0,0.0,0,0,0,0,0,0,0,0,0,0,0,0,0,0,0,0,0,0,0,0,0,0,0,0,0,0,0,0,0,0,0,0,0,0,0,0,0,0,0,0,0,0,0,0,0.0,0.0,0.0,0.0,0.0,0.0,0.0,0.0,0.0,0.0,0.0,0.0,0.0,0.0,0.0,0.0,0.0,0.0,0.0,0.0,0.0,0.0,-0.0,-2.004,-2.004,-0.0,0.0,0.0,0.0,0.0,3364.5,-0.0,0.0,0.0,0.0,-0.0,2.7184274988523002e+23,0.0,0.0,0.0,0.0,0,-126841012224.0,-0.0,0.0,0.0,0.0,0.0,0.0,0.0,0.0,0,0,0,0.0,0.0,0.0,0.0,0.0,0.0,0.0,0.0,0.0,0.0,0.0,0.0,0.0,0.0,0.0,0.0,0,-107875648.0,0,0.0,0,-107875648.0,-107877712.0,0,52429,17038,13107,17053,26215,17037,0,0,0,110,100,100,0.0,64.0,0.0,64.9,-107615304.0,68.5,1,49,50,180,0,13107,0,0,0.0,0.0,0.0,0.0,0.0,65.5,0.0,1.1135497112031068e+18,0.0,645,0,686,0,0,0,714,0,786,0,707,0,689,0,645,0,641,0,618,0.032,36700160.0,-0.0,0.0,64912,16788,-7.821900926848939e+32,8171841537441792.0,3.534459732127803e+19,-0.0,-0.0,-5960.064,29.0,60.0,70,0.0,0.0,0.0,0.0,0.0,0.0,0.0,0.0,0.0,0.0,0.0,0.0,0.0,0.0,0.0,0.0,59.2,68,11,65509,41,65476,0,300,0,0,8,20529,65476,0,0,61604,60.0,0.0,0.0,0.0,0.0,0.0
2026-04-04T11:43:01,ERR,ERR,ERR,ERR,ERR,ERR,ERR,ERR,ERR,ERR,ERR,ERR,ERR,ERR,ERR,ERR,ERR,ERR,ERR,ERR,ERR,ERR,ERR,ERR,ERR,ERR,ERR,ERR,ERR,ERR,ERR,ERR,ERR,ERR,ERR,ERR,ERR,ERR,ERR,ERR,ERR,ERR,ERR,ERR,ERR,ERR,ERR,ERR,ERR,ERR,ERR,ERR,ERR,ERR,ERR,ERR,ERR,ERR,ERR,ERR,ERR,ERR,ERR,ERR,ERR,ERR,ERR,ERR,ERR,ERR,ERR,ERR,ERR,ERR,ERR,ERR,ERR,ERR,ERR,ERR,ERR,ERR,ERR,ERR,ERR,ERR,ERR,ERR,ERR,ERR,ERR,ERR,ERR,ERR,ERR,ERR,ERR,ERR,ERR,ERR,ERR,ERR,ERR,ERR,ERR,ERR,ERR,ERR,ERR,ERR,ERR,ERR,ERR,ERR,ERR,ERR,ERR,ERR,ERR,ERR,ERR,ERR,ERR,ERR,ERR,0.0,-0.0,-101055584.0,0.0,0.0,0.0,0.0,nan,0,0,0,32768,0,0.0,0,0.0,0.0,0.0,0.0,0.0,0,0,0,0,0.0,0,0,0,0,0,0,0,0,0,0,0,0,0,0,0,0,0,0,0,0,0,0,0,0,0,0,0,0,0,0,0,0,0,0,0,0,0,0,0,0,0,0,0,0,0.0,0.0,0.0,0.0,0.0,0.0,0.0,0.0,0.0,0.0,0.0,0.0,0.0,0.0,0.0,0.0,0.0,0.0,0.0,0.0,0.0,0.0,-0.0,-2.004,-2.004,-0.0,0.0,0.0,0.0,0.0,3364.5,-0.0,0.0,0.0,0.0,-0.0,2.7184274988523002e+23,0.0,0.0,0.0,0.0,0,-126841012224.0,-0.0,0.0,0.0,0.0,0.0,0.0,0.0,0.0,0,0,0,0.0,0.0,0.0,0.0,0.0,0.0,0.0,0.0,0.0,0.0,0.0,0.0,0.0,0.0,0.0,0.0,0,-107875648.0,0,0.0,0,-107875648.0,-107877712.0,0,52429,17038,13107,17053,26215,17037,0,0,0,110,100,100,0.0,64.0,0.0,64.9,-107615304.0,68.5,1,49,50,180,0,13107,0,0,0.0,0.0,0.0,0.0,0.0,65.5,0.0,1.1135497112031068e+18,0.0,645,0,686,0,0,0,714,0,786,0,707,0,689,0,645,0,641,0,618,0.032,36700160.0,-0.0,0.0,64912,16788,-7.821900926848939e+32,8171841537441792.0,3.534459732127803e+19,-0.0,-0.0,-5960.064,29.0,60.0,70,0.0,0.0,0.0,0.0,0.0,0.0,0.0,0.0,0.0,0.0,0.0,0.0,0.0,0.0,0.0,0.0,59.2,68,11,65509,41,65476,0,300,0,0,8,20529,65476,0,0,61604,60.0,0.0,0.0,0.0,0.0,0.0
2026-04-04T11:43:02,ERR,ERR,ERR,ERR,ERR,ERR,ERR,ERR,ERR,ERR,ERR,ERR,ERR,ERR,ERR,ERR,ERR,ERR,ERR,ERR,ERR,ERR,ERR,ERR,ERR,ERR,ERR,ERR,ERR,ERR,ERR,ERR,ERR,ERR,ERR,ERR,ERR,ERR,ERR,ERR,ERR,ERR,ERR,ERR,ERR,ERR,ERR,ERR,ERR,ERR,ERR,ERR,ERR,ERR,ERR,ERR,ERR,ERR,ERR,ERR,ERR,ERR,ERR,ERR,ERR,ERR,ERR,ERR,ERR,ERR,ERR,ERR,ERR,ERR,ERR,ERR,ERR,ERR,ERR,ERR,ERR,ERR,ERR,ERR,ERR,ERR,ERR,ERR,ERR,ERR,ERR,ERR,ERR,ERR,ERR,ERR,ERR,ERR,ERR,ERR,ERR,ERR,ERR,ERR,ERR,ERR,ERR,ERR,ERR,ERR,ERR,ERR,ERR,ERR,ERR,ERR,ERR,ERR,ERR,ERR,ERR,ERR,ERR,ERR,ERR,0.0,-0.0,-101055584.0,0.0,0.0,0.0,0.0,nan,0,0,0,32768,0,0.0,0,0.0,0.0,0.0,0.0,0.0,0,0,0,0,0.0,0,0,0,0,0,0,0,0,0,0,0,0,0,0,0,0,0,0,0,0,0,0,0,0,0,0,0,0,0,0,0,0,0,0,0,0,0,0,0,0,0,0,0,0,0.0,0.0,0.0,0.0,0.0,0.0,0.0,0.0,0.0,0.0,0.0,0.0,0.0,0.0,0.0,0.0,0.0,0.0,0.0,0.0,0.0,0.0,-0.0,-2.004,-2.004,-0.0,0.0,0.0,0.0,0.0,3364.5,-0.0,0.0,0.0,0.0,-0.0,2.7184274988523002e+23,0.0,0.0,0.0,0.0,0,-126841012224.0,-0.0,0.0,0.0,0.0,0.0,0.0,0.0,0.0,0,0,0,0.0,0.0,0.0,0.0,0.0,0.0,0.0,0.0,0.0,0.0,0.0,0.0,0.0,0.0,0.0,0.0,0,-107875648.0,0,0.0,0,-107875648.0,-107877712.0,0,52429,17038,13107,17053,26215,17037,0,0,0,110,100,100,0.0,64.0,0.0,64.9,-107615304.0,68.5,1,49,50,180,0,13107,0,0,0.0,0.0,0.0,0.0,0.0,65.5,0.0,1.1135497112031068e+18,0.0,645,0,686,0,0,0,714,0,786,0,707,0,689,0,645,0,641,0,618,0.032,36700160.0,-0.0,0.0,64912,16788,-7.821900926848939e+32,8171841537441792.0,3.534459732127803e+19,-0.0,-0.0,-5960.064,29.0,60.0,70,0.0,0.0,0.0,0.0,0.0,0.0,0.0,0.0,0.0,0.0,0.0,0.0,0.0,0.0,0.0,0.0,59.2,68,11,65509,41,65476,0,300,0,0,8,20529,65476,0,0,61604,60.0,0.0,0.0,0.0,0.0,0.0
2026-04-04T11:43:03,ERR,ERR,ERR,ERR,ERR,ERR,ERR,ERR,ERR,ERR,ERR,ERR,ERR,ERR,ERR,ERR,ERR,ERR,ERR,ERR,ERR,ERR,ERR,ERR,ERR,ERR,ERR,ERR,ERR,ERR,ERR,ERR,ERR,ERR,ERR,ERR,ERR,ERR,ERR,ERR,ERR,ERR,ERR,ERR,ERR,ERR,ERR,ERR,ERR,ERR,ERR,ERR,ERR,ERR,ERR,ERR,ERR,ERR,ERR,ERR,ERR,ERR,ERR,ERR,ERR,ERR,ERR,ERR,ERR,ERR,ERR,ERR,ERR,ERR,ERR,ERR,ERR,ERR,ERR,ERR,ERR,ERR,ERR,ERR,ERR,ERR,ERR,ERR,ERR,ERR,ERR,ERR,ERR,ERR,ERR,ERR,ERR,ERR,ERR,ERR,ERR,ERR,ERR,ERR,ERR,ERR,ERR,ERR,ERR,ERR,ERR,ERR,ERR,ERR,ERR,ERR,ERR,ERR,ERR,ERR,ERR,ERR,ERR,ERR,ERR,0.0,-0.0,-101055584.0,0.0,0.0,0.0,0.0,nan,0,0,0,32768,0,0.0,0,0.0,0.0,0.0,0.0,0.0,0,0,0,0,0.0,0,0,0,0,0,0,0,0,0,0,0,0,0,0,0,0,0,0,0,0,0,0,0,0,0,0,0,0,0,0,0,0,0,0,0,0,0,0,0,0,0,0,0,0,0.0,0.0,0.0,0.0,0.0,0.0,0.0,0.0,0.0,0.0,0.0,0.0,0.0,0.0,0.0,0.0,0.0,0.0,0.0,0.0,0.0,0.0,-0.0,-2.004,-2.004,-0.0,0.0,0.0,0.0,0.0,3364.5,-0.0,0.0,0.0,0.0,-0.0,2.7184274988523002e+23,0.0,0.0,0.0,0.0,0,-126841012224.0,-0.0,0.0,0.0,0.0,0.0,0.0,0.0,0.0,0,0,0,0.0,0.0,0.0,0.0,0.0,0.0,0.0,0.0,0.0,0.0,0.0,0.0,0.0,0.0,0.0,0.0,0,-107875648.0,0,0.0,0,-107875648.0,-107877712.0,0,52429,17038,13107,17053,26215,17037,0,0,0,110,100,100,0.0,64.0,0.0,64.9,-107615304.0,68.5,1,49,50,180,0,13107,0,0,0.0,0.0,0.0,0.0,0.0,65.5,0.0,1.1135497112031068e+18,0.0,645,0,686,0,0,0,714,0,786,0,707,0,689,0,645,0,641,0,618,0.032,36700160.0,-0.0,0.0,64912,16788,-7.821900926848939e+32,8171841537441792.0,3.534459732127803e+19,-0.0,-0.0,-5960.064,29.0,60.0,70,0.0,0.0,0.0,0.0,0.0,0.0,0.0,0.0,0.0,0.0,0.0,0.0,0.0,0.0,0.0,0.0,59.2,68,11,65509,41,65476,0,300,0,0,8,20529,65476,0,0,61604,60.0,0.0,0.0,0.0,0.0,0.0
2026-04-04T11:43:04,ERR,ERR,ERR,ERR,ERR,ERR,ERR,ERR,ERR,ERR,ERR,ERR,ERR,ERR,ERR,ERR,ERR,ERR,ERR,ERR,ERR,ERR,ERR,ERR,ERR,ERR,ERR,ERR,ERR,ERR,ERR,ERR,ERR,ERR,ERR,ERR,ERR,ERR,ERR,ERR,ERR,ERR,ERR,ERR,ERR,ERR,ERR,ERR,ERR,ERR,ERR,ERR,ERR,ERR,ERR,ERR,ERR,ERR,ERR,ERR,ERR,ERR,ERR,ERR,ERR,ERR,ERR,ERR,ERR,ERR,ERR,ERR,ERR,ERR,ERR,ERR,ERR,ERR,ERR,ERR,ERR,ERR,ERR,ERR,ERR,ERR,ERR,ERR,ERR,ERR,ERR,ERR,ERR,ERR,ERR,ERR,ERR,ERR,ERR,ERR,ERR,ERR,ERR,ERR,ERR,ERR,ERR,ERR,ERR,ERR,ERR,ERR,ERR,ERR,ERR,ERR,ERR,ERR,ERR,ERR,ERR,ERR,ERR,ERR,ERR,0.0,-0.0,-101055584.0,0.0,0.0,0.0,0.0,nan,0,0,0,32768,0,0.0,0,0.0,0.0,0.0,0.0,0.0,0,0,0,0,0.0,0,0,0,0,0,0,0,0,0,0,0,0,0,0,0,0,0,0,0,0,0,0,0,0,0,0,0,0,0,0,0,0,0,0,0,0,0,0,0,0,0,0,0,0,0.0,0.0,0.0,0.0,0.0,0.0,0.0,0.0,0.0,0.0,0.0,0.0,0.0,0.0,0.0,0.0,0.0,0.0,0.0,0.0,0.0,0.0,-0.0,-2.004,-2.004,-0.0,0.0,0.0,0.0,0.0,3364.5,-0.0,0.0,0.0,0.0,-0.0,2.7184274988523002e+23,0.0,0.0,0.0,0.0,0,-126841012224.0,-0.0,0.0,0.0,0.0,0.0,0.0,0.0,0.0,0,0,0,0.0,0.0,0.0,0.0,0.0,0.0,0.0,0.0,0.0,0.0,0.0,0.0,0.0,0.0,0.0,0.0,0,-107875648.0,0,0.0,0,-107875648.0,-107877712.0,0,52429,17038,13107,17053,26215,17037,0,0,0,110,100,100,0.0,64.0,0.0,64.9,-107615304.0,68.5,1,49,50,180,0,13107,0,0,0.0,0.0,0.0,0.0,0.0,65.5,0.0,1.1135497112031068e+18,0.0,645,0,686,0,0,0,714,0,786,0,707,0,689,0,645,0,641,0,618,0.032,36700160.0,-0.0,0.0,64912,16788,-7.821900926848939e+32,8171841537441792.0,3.534459732127803e+19,-0.0,-0.0,-5960.064,29.0,60.0,70,0.0,0.0,0.0,0.0,0.0,0.0,0.0,0.0,0.0,0.0,0.0,0.0,0.0,0.0,0.0,0.0,59.2,68,11,65509,41,65476,0,300,0,0,8,20529,65476,0,0,61604,60.0,0.0,0.0,0.0,0.0,0.0
2026-04-04T11:43:05,ERR,ERR,ERR,ERR,ERR,ERR,ERR,ERR,ERR,ERR,ERR,ERR,ERR,ERR,ERR,ERR,ERR,ERR,ERR,ERR,ERR,ERR,ERR,ERR,ERR,ERR,ERR,ERR,ERR,ERR,ERR,ERR,ERR,ERR,ERR,ERR,ERR,ERR,ERR,ERR,ERR,ERR,ERR,ERR,ERR,ERR,ERR,ERR,ERR,ERR,ERR,ERR,ERR,ERR,ERR,ERR,ERR,ERR,ERR,ERR,ERR,ERR,ERR,ERR,ERR,ERR,ERR,ERR,ERR,ERR,ERR,ERR,ERR,ERR,ERR,ERR,ERR,ERR,ERR,ERR,ERR,ERR,ERR,ERR,ERR,ERR,ERR,ERR,ERR,ERR,ERR,ERR,ERR,ERR,ERR,ERR,ERR,ERR,ERR,ERR,ERR,ERR,ERR,ERR,ERR,ERR,ERR,ERR,ERR,ERR,ERR,ERR,ERR,ERR,ERR,ERR,ERR,ERR,ERR,ERR,ERR,ERR,ERR,ERR,ERR,0.0,-0.0,-101055584.0,0.0,0.0,0.0,0.0,nan,0,0,0,32768,0,0.0,0,0.0,0.0,0.0,0.0,0.0,0,0,0,0,0.0,0,0,0,0,0,0,0,0,0,0,0,0,0,0,0,0,0,0,0,0,0,0,0,0,0,0,0,0,0,0,0,0,0,0,0,0,0,0,0,0,0,0,0,0,0.0,0.0,0.0,0.0,0.0,0.0,0.0,0.0,0.0,0.0,0.0,0.0,0.0,0.0,0.0,0.0,0.0,0.0,0.0,0.0,0.0,0.0,-0.0,-2.004,-2.004,-0.0,0.0,0.0,0.0,0.0,3364.5,-0.0,0.0,0.0,0.0,-0.0,2.7184274988523002e+23,0.0,0.0,0.0,0.0,0,-126841012224.0,-0.0,0.0,0.0,0.0,0.0,0.0,0.0,0.0,0,0,0,0.0,0.0,0.0,0.0,0.0,0.0,0.0,0.0,0.0,0.0,0.0,0.0,0.0,0.0,0.0,0.0,0,-107875648.0,0,0.0,0,-107875648.0,-107877712.0,0,52429,17038,13107,17053,26215,17037,0,0,0,110,100,100,0.0,64.0,0.0,64.9,-107615304.0,68.5,1,49,50,180,0,13107,0,0,0.0,0.0,0.0,0.0,0.0,65.5,0.0,5.812813440091368e+27,0.0,645,0,686,0,0,0,714,0,786,0,707,0,689,0,645,0,641,0,618,0.032,36700160.0,-0.0,0.0,61328,16788,0.0,-0.0,-0.0,1.3525776444721448e+36,-1.0766864535781376e+17,0.0,29.0,60.0,70,0.0,0.0,0.0,0.0,0.0,0.0,0.0,0.0,0.0,0.0,0.0,0.0,0.0,0.0,0.0,0.0,59.2,68,11,65509,41,65476,0,300,0,0,8,20529,65476,0,0,61604,60.0,0.0,0.0,0.0,0.0,0.0
2026-04-04T11:43:06,ERR,ERR,ERR,ERR,ERR,ERR,ERR,ERR,ERR,ERR,ERR,ERR,ERR,ERR,ERR,ERR,ERR,ERR,ERR,ERR,ERR,ERR,ERR,ERR,ERR,ERR,ERR,ERR,ERR,ERR,ERR,ERR,ERR,ERR,ERR,ERR,ERR,ERR,ERR,ERR,ERR,ERR,ERR,ERR,ERR,ERR,ERR,ERR,ERR,ERR,ERR,ERR,ERR,ERR,ERR,ERR,ERR,ERR,ERR,ERR,ERR,ERR,ERR,ERR,ERR,ERR,ERR,ERR,ERR,ERR,ERR,ERR,ERR,ERR,ERR,ERR,ERR,ERR,ERR,ERR,ERR,ERR,ERR,ERR,ERR,ERR,ERR,ERR,ERR,ERR,ERR,ERR,ERR,ERR,ERR,ERR,ERR,ERR,ERR,ERR,ERR,ERR,ERR,ERR,ERR,ERR,ERR,ERR,ERR,ERR,ERR,ERR,ERR,ERR,ERR,ERR,ERR,ERR,ERR,ERR,ERR,ERR,ERR,ERR,ERR,0.0,-0.0,-101055584.0,0.0,0.0,0.0,0.0,nan,0,0,0,32768,0,0.0,0,0.0,0.0,0.0,0.0,0.0,0,0,0,0,0.0,0,0,0,0,0,0,0,0,0,0,0,0,0,0,0,0,0,0,0,0,0,0,0,0,0,0,0,0,0,0,0,0,0,0,0,0,0,0,0,0,0,0,0,0,0.0,0.0,0.0,0.0,0.0,0.0,0.0,0.0,0.0,0.0,0.0,0.0,0.0,0.0,0.0,0.0,0.0,0.0,0.0,0.0,0.0,0.0,-0.0,-2.004,-2.004,-0.0,0.0,0.0,0.0,0.0,3364.5,-0.0,0.0,0.0,0.0,-0.0,2.7184274988523002e+23,0.0,0.0,0.0,0.0,0,-126841012224.0,-0.0,0.0,0.0,0.0,0.0,0.0,0.0,0.0,0,0,0,0.0,0.0,0.0,0.0,0.0,0.0,0.0,0.0,0.0,0.0,0.0,0.0,0.0,0.0,0.0,0.0,0,-107875648.0,0,0.0,0,-107875648.0,-107877712.0,0,52429,17038,13107,17053,26215,17037,0,0,0,110,100,100,0.0,64.0,0.0,64.9,-107615304.0,68.5,1,49,50,180,0,13107,0,0,0.0,0.0,0.0,0.0,0.0,65.5,0.0,5.812813440091368e+27,0.0,645,0,686,0,0,0,714,0,786,0,707,0,689,0,645,0,641,0,618,0.032,36700160.0,-0.0,0.0,61328,16788,0.0,-0.0,-0.0,1.3525776444721448e+36,-1.0766864535781376e+17,0.0,29.0,60.0,70,0.0,0.0,0.0,0.0,0.0,0.0,0.0,0.0,0.0,0.0,0.0,0.0,0.0,0.0,0.0,0.0,59.2,68,11,65509,41,65476,0,300,0,0,8,20529,65476,0,0,61604,60.0,0.0,0.0,0.0,0.0,0.0
2026-04-04T11:43:07,ERR,ERR,ERR,ERR,ERR,ERR,ERR,ERR,ERR,ERR,ERR,ERR,ERR,ERR,ERR,ERR,ERR,ERR,ERR,ERR,ERR,ERR,ERR,ERR,ERR,ERR,ERR,ERR,ERR,ERR,ERR,ERR,ERR,ERR,ERR,ERR,ERR,ERR,ERR,ERR,ERR,ERR,ERR,ERR,ERR,ERR,ERR,ERR,ERR,ERR,ERR,ERR,ERR,ERR,ERR,ERR,ERR,ERR,ERR,ERR,ERR,ERR,ERR,ERR,ERR,ERR,ERR,ERR,ERR,ERR,ERR,ERR,ERR,ERR,ERR,ERR,ERR,ERR,ERR,ERR,ERR,ERR,ERR,ERR,ERR,ERR,ERR,ERR,ERR,ERR,ERR,ERR,ERR,ERR,ERR,ERR,ERR,ERR,ERR,ERR,ERR,ERR,ERR,ERR,ERR,ERR,ERR,ERR,ERR,ERR,ERR,ERR,ERR,ERR,ERR,ERR,ERR,ERR,ERR,ERR,ERR,ERR,ERR,ERR,ERR,0.0,-0.0,-101055584.0,0.0,0.0,0.0,0.0,nan,0,0,0,32768,0,0.0,0,0.0,0.0,0.0,0.0,0.0,0,0,0,0,0.0,0,0,0,0,0,0,0,0,0,0,0,0,0,0,0,0,0,0,0,0,0,0,0,0,0,0,0,0,0,0,0,0,0,0,0,0,0,0,0,0,0,0,0,0,0.0,0.0,0.0,0.0,0.0,0.0,0.0,0.0,0.0,0.0,0.0,0.0,0.0,0.0,0.0,0.0,0.0,0.0,0.0,0.0,0.0,0.0,-0.0,-2.004,-2.004,-0.0,0.0,0.0,0.0,0.0,3364.5,-0.0,0.0,0.0,0.0,-0.0,2.7184274988523002e+23,0.0,0.0,0.0,0.0,0,-126841012224.0,-0.0,0.0,0.0,0.0,0.0,0.0,0.0,0.0,0,0,0,0.0,0.0,0.0,0.0,0.0,0.0,0.0,0.0,0.0,0.0,0.0,0.0,0.0,0.0,0.0,0.0,0,-107875648.0,0,0.0,0,-107875648.0,-107877712.0,0,52429,17038,13107,17053,26215,17037,0,0,0,110,100,100,0.0,64.0,0.0,64.9,-107615304.0,68.5,1,49,50,180,0,13107,0,0,0.0,0.0,0.0,0.0,0.0,65.5,0.0,5.812813440091368e+27,0.0,645,0,686,0,0,0,714,0,786,0,707,0,689,0,645,0,641,0,618,0.032,36700160.0,-0.0,0.0,61328,16788,0.0,-0.0,-0.0,1.3525776444721448e+36,-1.0766864535781376e+17,0.0,29.0,60.0,70,0.0,0.0,0.0,0.0,0.0,0.0,0.0,0.0,0.0,0.0,0.0,0.0,0.0,0.0,0.0,0.0,59.2,68,11,65509,41,65476,0,300,0,0,8,20529,65476,0,0,61604,60.0,0.0,0.0,0.0,0.0,0.0
2026-04-04T11:43:08,ERR,ERR,ERR,ERR,ERR,ERR,ERR,ERR,ERR,ERR,ERR,ERR,ERR,ERR,ERR,ERR,ERR,ERR,ERR,ERR,ERR,ERR,ERR,ERR,ERR,ERR,ERR,ERR,ERR,ERR,ERR,ERR,ERR,ERR,ERR,ERR,ERR,ERR,ERR,ERR,ERR,ERR,ERR,ERR,ERR,ERR,ERR,ERR,ERR,ERR,ERR,ERR,ERR,ERR,ERR,ERR,ERR,ERR,ERR,ERR,ERR,ERR,ERR,ERR,ERR,ERR,ERR,ERR,ERR,ERR,ERR,ERR,ERR,ERR,ERR,ERR,ERR,ERR,ERR,ERR,ERR,ERR,ERR,ERR,ERR,ERR,ERR,ERR,ERR,ERR,ERR,ERR,ERR,ERR,ERR,ERR,ERR,ERR,ERR,ERR,ERR,ERR,ERR,ERR,ERR,ERR,ERR,ERR,ERR,ERR,ERR,ERR,ERR,ERR,ERR,ERR,ERR,ERR,ERR,ERR,ERR,ERR,ERR,ERR,ERR,0.0,-0.0,-101055584.0,0.0,0.0,0.0,0.0,nan,0,0,0,32768,0,0.0,0,0.0,0.0,0.0,0.0,0.0,0,0,0,0,0.0,0,0,0,0,0,0,0,0,0,0,0,0,0,0,0,0,0,0,0,0,0,0,0,0,0,0,0,0,0,0,0,0,0,0,0,0,0,0,0,0,0,0,0,0,0.0,0.0,0.0,0.0,0.0,0.0,0.0,0.0,0.0,0.0,0.0,0.0,0.0,0.0,0.0,0.0,0.0,0.0,0.0,0.0,0.0,0.0,-0.0,-2.004,-2.004,-0.0,0.0,0.0,0.0,0.0,3364.5,-0.0,0.0,0.0,0.0,-0.0,2.7184274988523002e+23,0.0,0.0,0.0,0.0,0,-126841012224.0,-0.0,0.0,0.0,0.0,0.0,0.0,0.0,0.0,0,0,0,0.0,0.0,0.0,0.0,0.0,0.0,0.0,0.0,0.0,0.0,0.0,0.0,0.0,0.0,0.0,0.0,0,-107875648.0,0,0.0,0,-107875648.0,-107877712.0,0,52429,17038,13107,17053,26215,17037,0,0,0,110,100,100,0.0,64.0,0.0,64.9,-107615304.0,68.5,1,49,50,180,0,13107,0,0,0.0,0.0,0.0,0.0,0.0,65.5,0.0,5.812813440091368e+27,0.0,645,0,686,0,0,0,714,0,786,0,707,0,689,0,645,0,641,0,618,0.032,36700160.0,-0.0,0.0,61328,16788,0.0,-0.0,-0.0,1.3525776444721448e+36,-1.0766864535781376e+17,0.0,29.0,60.0,70,0.0,0.0,0.0,0.0,0.0,0.0,0.0,0.0,0.0,0.0,0.0,0.0,0.0,0.0,0.0,0.0,59.2,68,11,65509,41,65476,0,300,0,0,8,20529,65476,0,0,61604,60.0,0.0,0.0,0.0,0.0,0.0
2026-04-04T11:43:09,ERR,ERR,ERR,ERR,ERR,ERR,ERR,ERR,ERR,ERR,ERR,ERR,ERR,ERR,ERR,ERR,ERR,ERR,ERR,ERR,ERR,ERR,ERR,ERR,ERR,ERR,ERR,ERR,ERR,ERR,ERR,ERR,ERR,ERR,ERR,ERR,ERR,ERR,ERR,ERR,ERR,ERR,ERR,ERR,ERR,ERR,ERR,ERR,ERR,ERR,ERR,ERR,ERR,ERR,ERR,ERR,ERR,ERR,ERR,ERR,ERR,ERR,ERR,ERR,ERR,ERR,ERR,ERR,ERR,ERR,ERR,ERR,ERR,ERR,ERR,ERR,ERR,ERR,ERR,ERR,ERR,ERR,ERR,ERR,ERR,ERR,ERR,ERR,ERR,ERR,ERR,ERR,ERR,ERR,ERR,ERR,ERR,ERR,ERR,ERR,ERR,ERR,ERR,ERR,ERR,ERR,ERR,ERR,ERR,ERR,ERR,ERR,ERR,ERR,ERR,ERR,ERR,ERR,ERR,ERR,ERR,ERR,ERR,ERR,ERR,0.0,0.0,-0.0,0.0,0.0,0.0,0.0,nan,0,0,0,32768,0,0.0,0,0.0,0.0,0.0,0.0,0.0,0,0,0,0,0.0,0,0,0,0,0,0,0,0,0,0,0,0,0,0,0,0,0,0,0,0,0,0,0,0,0,0,0,0,0,0,0,0,0,0,0,0,0,0,0,0,0,0,0,0,0.0,0.0,0.0,0.0,0.0,0.0,0.0,0.0,0.0,0.0,0.0,0.0,0.0,0.0,-2.59620661244926e+33,0.0,0.0,0.0,0.0,0.0,0.0,0.0,-0.0,-0.0,-2.004,-0.0,0.0,0.0,0.0,0.0,3369.0,2.004,0.0,0.0,-0.0,-0.0,2.7184274988523002e+23,0.0,0.0,0.0,0.0,0,-2.3088382548096162e+20,-0.0,0.0,0.0,0.0,0.0,0.0,0.0,0.0,0,0,0,0.0,0.0,0.0,0.0,0.0,0.0,0.0,0.0,0.0,0.0,0.0,0.0,0.0,0.0,0.0,0.0,0,-107875648.0,0,0.0,0,-107875648.0,-107877712.0,0,52429,17038,13107,17053,26215,17037,0,0,0,110,100,100,0.0,64.0,0.0,64.9,-107615304.0,68.5,1,49,50,180,0,13107,0,0,0.0,0.0,0.0,0.0,0.0,65.5,0.0,5.812813440091368e+27,0.0,645,0,686,0,0,0,714,0,786,0,707,0,689,0,645,0,641,0,618,0.032,36700160.0,-0.0,0.0,61328,16788,0.0,-0.0,-0.0,1.3525776444721448e+36,-1.0766864535781376e+17,0.0,29.0,60.0,70,0.0,0.0,0.0,0.0,0.0,0.0,0.0,0.0,0.0,0.0,0.0,0.0,0.0,0.0,0.0,0.0,59.2,68,11,65509,41,65476,0,300,0,0,8,20529,65476,0,0,61604,60.0,0.0,0.0,0.0,0.0,0.0
2026-04-04T11:43:10,ERR,ERR,ERR,ERR,ERR,ERR,ERR,ERR,ERR,ERR,ERR,ERR,ERR,ERR,ERR,ERR,ERR,ERR,ERR,ERR,ERR,ERR,ERR,ERR,ERR,ERR,ERR,ERR,ERR,ERR,ERR,ERR,ERR,ERR,ERR,ERR,ERR,ERR,ERR,ERR,ERR,ERR,ERR,ERR,ERR,ERR,ERR,ERR,ERR,ERR,ERR,ERR,ERR,ERR,ERR,ERR,ERR,ERR,ERR,ERR,ERR,ERR,ERR,ERR,ERR,ERR,ERR,ERR,ERR,ERR,ERR,ERR,ERR,ERR,ERR,ERR,ERR,ERR,ERR,ERR,ERR,ERR,ERR,ERR,ERR,ERR,ERR,ERR,ERR,ERR,ERR,ERR,ERR,ERR,ERR,ERR,ERR,ERR,ERR,ERR,ERR,ERR,ERR,ERR,ERR,ERR,ERR,ERR,ERR,ERR,ERR,ERR,ERR,ERR,ERR,ERR,ERR,ERR,ERR,ERR,ERR,ERR,ERR,ERR,ERR,0.0,0.0,-0.0,0.0,0.0,0.0,0.0,nan,0,0,0,32768,0,0.0,0,0.0,0.0,0.0,0.0,0.0,0,0,0,0,0.0,0,0,0,0,0,0,0,0,0,0,0,0,0,0,0,0,0,0,0,0,0,0,0,0,0,0,0,0,0,0,0,0,0,0,0,0,0,0,0,0,0,0,0,0,0.0,0.0,0.0,0.0,0.0,0.0,0.0,0.0,0.0,0.0,0.0,0.0,0.0,0.0,-2.59620661244926e+33,0.0,0.0,0.0,0.0,0.0,0.0,0.0,-0.0,-0.0,-2.004,-0.0,0.0,0.0,0.0,0.0,3369.0,2.004,0.0,0.0,-0.0,-0.0,2.7184274988523002e+23,0.0,0.0,0.0,0.0,0,-2.3088382548096162e+20,-0.0,0.0,0.0,0.0,0.0,0.0,0.0,0.0,0,0,0,0.0,0.0,0.0,0.0,0.0,0.0,0.0,0.0,0.0,0.0,0.0,0.0,0.0,0.0,0.0,0.0,0,-107875648.0,0,0.0,0,-107875648.0,-107877712.0,0,52429,17038,13107,17053,26215,17037,0,0,0,110,100,100,0.0,64.0,0.0,64.9,-107615304.0,68.5,1,49,50,180,0,13107,0,0,0.0,0.0,0.0,0.0,0.0,65.5,0.0,5.812813440091368e+27,0.0,645,0,686,0,0,0,714,0,786,0,707,0,689,0,645,0,641,0,618,0.032,36700160.0,-0.0,0.0,61328,16788,0.0,-0.0,-0.0,1.3525776444721448e+36,-1.0766864535781376e+17,0.0,29.0,60.0,70,0.0,0.0,0.0,0.0,0.0,0.0,0.0,0.0,0.0,0.0,0.0,0.0,0.0,0.0,0.0,0.0,59.2,68,11,65509,41,65476,0,300,0,0,8,20529,65476,0,0,61604,60.0,0.0,0.0,0.0,0.0,0.0
2026-04-04T11:43:11,ERR,ERR,ERR,ERR,ERR,ERR,ERR,ERR,ERR,ERR,ERR,ERR,ERR,ERR,ERR,ERR,ERR,ERR,ERR,ERR,ERR,ERR,ERR,ERR,ERR,ERR,ERR,ERR,ERR,ERR,ERR,ERR,ERR,ERR,ERR,ERR,ERR,ERR,ERR,ERR,ERR,ERR,ERR,ERR,ERR,ERR,ERR,ERR,ERR,ERR,ERR,ERR,ERR,ERR,ERR,ERR,ERR,ERR,ERR,ERR,ERR,ERR,ERR,ERR,ERR,ERR,ERR,ERR,ERR,ERR,ERR,ERR,ERR,ERR,ERR,ERR,ERR,ERR,ERR,ERR,ERR,ERR,ERR,ERR,ERR,ERR,ERR,ERR,ERR,ERR,ERR,ERR,ERR,ERR,ERR,ERR,ERR,ERR,ERR,ERR,ERR,ERR,ERR,ERR,ERR,ERR,ERR,ERR,ERR,ERR,ERR,ERR,ERR,ERR,ERR,ERR,ERR,ERR,ERR,ERR,ERR,ERR,ERR,ERR,ERR,0.0,0.0,-0.0,0.0,0.0,0.0,0.0,nan,0,0,0,32768,0,0.0,0,0.0,0.0,0.0,0.0,0.0,0,0,0,0,0.0,0,0,0,0,0,0,0,0,0,0,0,0,0,0,0,0,0,0,0,0,0,0,0,0,0,0,0,0,0,0,0,0,0,0,0,0,0,0,0,0,0,0,0,0,0.0,0.0,0.0,0.0,0.0,0.0,0.0,0.0,0.0,0.0,0.0,0.0,0.0,0.0,-2.59620661244926e+33,0.0,0.0,0.0,0.0,0.0,0.0,0.0,-0.0,-0.0,-2.004,-0.0,0.0,0.0,0.0,0.0,3369.0,2.004,0.0,0.0,-0.0,-0.0,2.7184274988523002e+23,0.0,0.0,0.0,0.0,0,-2.3088382548096162e+20,-0.0,0.0,0.0,0.0,0.0,0.0,0.0,0.0,0,0,0,0.0,0.0,0.0,0.0,0.0,0.0,0.0,0.0,0.0,0.0,0.0,0.0,0.0,0.0,0.0,0.0,0,-107875648.0,0,0.0,0,-107875648.0,-107877712.0,0,52429,17038,13107,17053,26215,17037,0,0,0,110,100,100,0.0,64.0,0.0,64.9,-107615304.0,68.5,1,49,50,180,0,13107,0,0,0.0,0.0,0.0,0.0,-5.990159188679916e+37,65.0,0.0,561.031,0.0,645,0,686,0,0,0,714,0,786,0,707,0,689,0,645,0,641,0,618,0.032,36700160.0,-0.0,0.0,528,16789,0.0,0.0,2.4792879439059957e+24,-5.624243729960196e+37,-0.0,-1545617792.0,29.0,60.0,70,0.0,0.0,0.0,0.0,0.0,0.0,0.0,0.0,0.0,0.0,0.0,0.0,0.0,0.0,0.0,0.0,59.2,68,11,65509,41,65476,0,300,0,0,8,20529,65476,0,0,61604,60.0,0.0,0.0,0.0,0.0,0.0
2026-04-04T11:43:12,ERR,ERR,ERR,ERR,ERR,ERR,ERR,ERR,ERR,ERR,ERR,ERR,ERR,ERR,ERR,ERR,ERR,ERR,ERR,ERR,ERR,ERR,ERR,ERR,ERR,ERR,ERR,ERR,ERR,ERR,ERR,ERR,ERR,ERR,ERR,ERR,ERR,ERR,ERR,ERR,ERR,ERR,ERR,ERR,ERR,ERR,ERR,ERR,ERR,ERR,ERR,ERR,ERR,ERR,ERR,ERR,ERR,ERR,ERR,ERR,ERR,ERR,ERR,ERR,ERR,ERR,ERR,ERR,ERR,ERR,ERR,ERR,ERR,ERR,ERR,ERR,ERR,ERR,ERR,ERR,ERR,ERR,ERR,ERR,ERR,ERR,ERR,ERR,ERR,ERR,ERR,ERR,ERR,ERR,ERR,ERR,ERR,ERR,ERR,ERR,ERR,ERR,ERR,ERR,ERR,ERR,ERR,ERR,ERR,ERR,ERR,ERR,ERR,ERR,ERR,ERR,ERR,ERR,ERR,ERR,ERR,ERR,ERR,ERR,ERR,0.0,0.0,-0.0,0.0,0.0,0.0,0.0,nan,0,0,0,32768,0,0.0,0,0.0,0.0,0.0,0.0,0.0,0,0,0,0,0.0,0,0,0,0,0,0,0,0,0,0,0,0,0,0,0,0,0,0,0,0,0,0,0,0,0,0,0,0,0,0,0,0,0,0,0,0,0,0,0,0,0,0,0,0,0.0,0.0,0.0,0.0,0.0,0.0,0.0,0.0,0.0,0.0,0.0,0.0,0.0,0.0,-2.59620661244926e+33,0.0,0.0,0.0,0.0,0.0,0.0,0.0,-0.0,-0.0,-2.004,-0.0,0.0,0.0,0.0,0.0,3369.0,2.004,0.0,0.0,-0.0,-0.0,2.7184274988523002e+23,0.0,0.0,0.0,0.0,0,-2.3088382548096162e+20,-0.0,0.0,0.0,0.0,0.0,0.0,0.0,0.0,0,0,0,0.0,0.0,0.0,0.0,0.0,0.0,0.0,0.0,0.0,0.0,0.0,0.0,0.0,0.0,0.0,0.0,0,-107875648.0,0,0.0,0,-107875648.0,-107877712.0,0,52429,17038,13107,17053,26215,17037,0,0,0,110,100,100,0.0,64.0,0.0,64.9,-107615304.0,68.5,1,49,50,180,0,13107,0,0,0.0,0.0,0.0,0.0,-5.990159188679916e+37,65.0,0.0,561.031,0.0,645,0,686,0,0,0,714,0,786,0,707,0,689,0,645,0,641,0,618,0.032,36700160.0,-0.0,0.0,528,16789,0.0,0.0,2.4792879439059957e+24,-5.624243729960196e+37,-0.0,-1545617792.0,29.0,60.0,70,0.0,0.0,0.0,0.0,0.0,0.0,0.0,0.0,0.0,0.0,0.0,0.0,0.0,0.0,0.0,0.0,59.2,68,11,65509,41,65476,0,300,0,0,8,20529,65476,0,0,61604,60.0,0.0,0.0,0.0,0.0,0.0
2026-04-04T11:43:13,ERR,ERR,ERR,ERR,ERR,ERR,ERR,ERR,ERR,ERR,ERR,ERR,ERR,ERR,ERR,ERR,ERR,ERR,ERR,ERR,ERR,ERR,ERR,ERR,ERR,ERR,ERR,ERR,ERR,ERR,ERR,ERR,ERR,ERR,ERR,ERR,ERR,ERR,ERR,ERR,ERR,ERR,ERR,ERR,ERR,ERR,ERR,ERR,ERR,ERR,ERR,ERR,ERR,ERR,ERR,ERR,ERR,ERR,ERR,ERR,ERR,ERR,ERR,ERR,ERR,ERR,ERR,ERR,ERR,ERR,ERR,ERR,ERR,ERR,ERR,ERR,ERR,ERR,ERR,ERR,ERR,ERR,ERR,ERR,ERR,ERR,ERR,ERR,ERR,ERR,ERR,ERR,ERR,ERR,ERR,ERR,ERR,ERR,ERR,ERR,ERR,ERR,ERR,ERR,ERR,ERR,ERR,ERR,ERR,ERR,ERR,ERR,ERR,ERR,ERR,ERR,ERR,ERR,ERR,ERR,ERR,ERR,ERR,ERR,ERR,0.0,0.0,-0.0,0.0,0.0,0.0,0.0,nan,0,0,0,32768,0,0.0,0,0.0,0.0,0.0,0.0,0.0,0,0,0,0,0.0,0,0,0,0,0,0,0,0,0,0,0,0,0,0,0,0,0,0,0,0,0,0,0,0,0,0,0,0,0,0,0,0,0,0,0,0,0,0,0,0,0,0,0,0,0.0,0.0,0.0,0.0,0.0,0.0,0.0,0.0,0.0,0.0,0.0,0.0,0.0,0.0,-2.59620661244926e+33,0.0,0.0,0.0,0.0,0.0,0.0,0.0,-0.0,-0.0,-2.004,-0.0,0.0,0.0,0.0,0.0,3369.0,2.004,0.0,0.0,-0.0,-0.0,2.7184274988523002e+23,0.0,0.0,0.0,0.0,0,-2.3088382548096162e+20,-0.0,0.0,0.0,0.0,0.0,0.0,0.0,0.0,0,0,0,0.0,0.0,0.0,0.0,0.0,0.0,0.0,0.0,0.0,0.0,0.0,0.0,0.0,0.0,0.0,0.0,0,-107875648.0,0,0.0,0,-107875648.0,-107877712.0,0,52429,17038,13107,17053,26215,17037,0,0,0,110,100,100,0.0,64.0,0.0,64.9,-107615304.0,68.5,1,49,50,180,0,13107,0,0,0.0,0.0,0.0,0.0,-5.990159188679916e+37,65.0,0.0,561.031,0.0,645,0,686,0,0,0,714,0,786,0,707,0,689,0,645,0,641,0,618,0.032,36700160.0,-0.0,0.0,528,16789,0.0,0.0,2.4792879439059957e+24,-5.624243729960196e+37,-0.0,-1545617792.0,29.0,60.0,70,0.0,0.0,0.0,0.0,0.0,0.0,0.0,0.0,0.0,0.0,0.0,0.0,0.0,0.0,0.0,0.0,59.2,68,11,65509,41,65476,0,300,0,0,8,20529,65476,0,0,61604,60.0,0.0,0.0,0.0,0.0,0.0
2026-04-04T11:43:14,ERR,ERR,ERR,ERR,ERR,ERR,ERR,ERR,ERR,ERR,ERR,ERR,ERR,ERR,ERR,ERR,ERR,ERR,ERR,ERR,ERR,ERR,ERR,ERR,ERR,ERR,ERR,ERR,ERR,ERR,ERR,ERR,ERR,ERR,ERR,ERR,ERR,ERR,ERR,ERR,ERR,ERR,ERR,ERR,ERR,ERR,ERR,ERR,ERR,ERR,ERR,ERR,ERR,ERR,ERR,ERR,ERR,ERR,ERR,ERR,ERR,ERR,ERR,ERR,ERR,ERR,ERR,ERR,ERR,ERR,ERR,ERR,ERR,ERR,ERR,ERR,ERR,ERR,ERR,ERR,ERR,ERR,ERR,ERR,ERR,ERR,ERR,ERR,ERR,ERR,ERR,ERR,ERR,ERR,ERR,ERR,ERR,ERR,ERR,ERR,ERR,ERR,ERR,ERR,ERR,ERR,ERR,ERR,ERR,ERR,ERR,ERR,ERR,ERR,ERR,ERR,ERR,ERR,ERR,ERR,ERR,ERR,ERR,ERR,ERR,0.0,0.0,-0.0,0.0,0.0,0.0,0.0,nan,0,0,0,32768,0,0.0,0,0.0,0.0,0.0,0.0,0.0,0,0,0,0,0.0,0,0,0,0,0,0,0,0,0,0,0,0,0,0,0,0,0,0,0,0,0,0,0,0,0,0,0,0,0,0,0,0,0,0,0,0,0,0,0,0,0,0,0,0,0.0,0.0,0.0,0.0,0.0,0.0,0.0,0.0,0.0,0.0,0.0,0.0,0.0,0.0,-2.59620661244926e+33,0.0,0.0,0.0,0.0,0.0,0.0,0.0,-0.0,-0.0,-2.004,-0.0,0.0,0.0,0.0,0.0,3369.0,2.004,0.0,0.0,-0.0,-0.0,2.7184274988523002e+23,0.0,0.0,0.0,0.0,0,-2.3088382548096162e+20,-0.0,0.0,0.0,0.0,0.0,0.0,0.0,0.0,0,0,0,0.0,0.0,0.0,0.0,0.0,0.0,0.0,0.0,0.0,0.0,0.0,0.0,0.0,0.0,0.0,0.0,0,-107875648.0,0,0.0,0,-107875648.0,-107877712.0,0,52429,17038,13107,17053,26215,17037,0,0,0,110,100,100,0.0,64.0,0.0,64.9,-107615304.0,68.5,1,49,50,180,0,13107,0,0,0.0,0.0,0.0,0.0,-5.990159188679916e+37,65.0,0.0,561.031,0.0,645,0,686,0,0,0,714,0,786,0,707,0,689,0,645,0,641,0,618,0.032,36700160.0,-0.0,0.0,528,16789,0.0,0.0,2.4792879439059957e+24,-5.624243729960196e+37,-0.0,-1545617792.0,29.0,60.0,70,0.0,0.0,0.0,0.0,0.0,0.0,0.0,0.0,0.0,0.0,0.0,0.0,0.0,0.0,0.0,0.0,59.2,68,11,65509,41,65476,0,300,0,0,8,20529,65476,0,0,61604,60.0,0.0,0.0,0.0,0.0,0.0
2026-04-04T11:43:15,ERR,ERR,ERR,ERR,ERR,ERR,ERR,ERR,ERR,ERR,ERR,ERR,ERR,ERR,ERR,ERR,ERR,ERR,ERR,ERR,ERR,ERR,ERR,ERR,ERR,ERR,ERR,ERR,ERR,ERR,ERR,ERR,ERR,ERR,ERR,ERR,ERR,ERR,ERR,ERR,ERR,ERR,ERR,ERR,ERR,ERR,ERR,ERR,ERR,ERR,ERR,ERR,ERR,ERR,ERR,ERR,ERR,ERR,ERR,ERR,ERR,ERR,ERR,ERR,ERR,ERR,ERR,ERR,ERR,ERR,ERR,ERR,ERR,ERR,ERR,ERR,ERR,ERR,ERR,ERR,ERR,ERR,ERR,ERR,ERR,ERR,ERR,ERR,ERR,ERR,ERR,ERR,ERR,ERR,ERR,ERR,ERR,ERR,ERR,ERR,ERR,ERR,ERR,ERR,ERR,ERR,ERR,ERR,ERR,ERR,ERR,ERR,ERR,ERR,ERR,ERR,ERR,ERR,ERR,ERR,ERR,ERR,ERR,ERR,ERR,0.0,0.0,-0.0,0.0,0.0,0.0,0.0,nan,0,0,0,32768,0,0.0,0,0.0,0.0,0.0,0.0,0.0,0,0,0,0,0.0,0,0,0,0,0,0,0,0,0,0,0,0,0,0,0,0,0,0,0,0,0,0,0,0,0,0,0,0,0,0,0,0,0,0,0,0,0,0,0,0,0,0,0,0,0.0,0.0,0.0,0.0,0.0,0.0,0.0,0.0,0.0,0.0,0.0,0.0,0.0,0.0,-2.59620661244926e+33,0.0,0.0,0.0,0.0,0.0,0.0,0.0,-0.0,-0.0,-2.004,-0.0,0.0,0.0,0.0,0.0,3369.0,2.004,0.0,0.0,-0.0,-0.0,2.7184274988523002e+23,0.0,0.0,0.0,0.0,0,-2.3088382548096162e+20,-0.0,0.0,0.0,0.0,0.0,0.0,0.0,0.0,0,0,0,0.0,0.0,0.0,0.0,0.0,0.0,0.0,0.0,0.0,0.0,0.0,0.0,0.0,0.0,0.0,0.0,0,-107875648.0,0,0.0,0,-107875648.0,-107877712.0,0,52429,17038,13107,17053,26215,17037,0,0,0,110,100,100,0.0,64.0,0.0,64.9,-107615304.0,68.5,1,49,50,180,0,13107,0,0,0.0,0.0,0.0,0.0,-5.990159188679916e+37,65.0,0.0,561.031,0.0,645,0,686,0,0,0,714,0,786,0,707,0,689,0,645,0,641,0,618,0.032,36700160.0,-0.0,0.0,528,16789,0.0,0.0,2.4792879439059957e+24,-5.624243729960196e+37,-0.0,-1545617792.0,29.0,60.0,70,0.0,0.0,0.0,0.0,0.0,0.0,0.0,0.0,0.0,0.0,0.0,0.0,0.0,0.0,0.0,0.0,59.2,68,11,65509,41,65476,0,300,0,0,8,20529,65476,0,0,61604,60.0,0.0,0.0,0.0,0.0,0.0
2026-04-04T11:43:16,ERR,ERR,ERR,ERR,ERR,ERR,ERR,ERR,ERR,ERR,ERR,ERR,ERR,ERR,ERR,ERR,ERR,ERR,ERR,ERR,ERR,ERR,ERR,ERR,ERR,ERR,ERR,ERR,ERR,ERR,ERR,ERR,ERR,ERR,ERR,ERR,ERR,ERR,ERR,ERR,ERR,ERR,ERR,ERR,ERR,ERR,ERR,ERR,ERR,ERR,ERR,ERR,ERR,ERR,ERR,ERR,ERR,ERR,ERR,ERR,ERR,ERR,ERR,ERR,ERR,ERR,ERR,ERR,ERR,ERR,ERR,ERR,ERR,ERR,ERR,ERR,ERR,ERR,ERR,ERR,ERR,ERR,ERR,ERR,ERR,ERR,ERR,ERR,ERR,ERR,ERR,ERR,ERR,ERR,ERR,ERR,ERR,ERR,ERR,ERR,ERR,ERR,ERR,ERR,ERR,ERR,ERR,ERR,ERR,ERR,ERR,ERR,ERR,ERR,ERR,ERR,ERR,ERR,ERR,ERR,ERR,ERR,ERR,ERR,ERR,0.0,-0.0,-101055584.0,0.0,0.0,0.0,0.0,nan,0,0,0,32768,0,0.0,0,0.0,0.0,0.0,0.0,0.0,0,0,0,0,0.0,0,0,0,0,0,0,0,0,0,0,0,0,0,0,0,0,0,0,0,0,0,0,0,0,0,0,0,0,0,0,0,0,0,0,0,0,0,0,0,0,0,0,0,0,0.0,0.0,0.0,0.0,0.0,0.0,0.0,0.0,0.0,0.0,0.0,0.0,0.0,0.0,0.0,0.0,0.0,0.0,0.0,0.0,0.0,0.0,-0.0,-0.0,-2.004,-0.0,0.0,0.0,0.0,0.0,3367.0,-0.0,0.0,0.0,-0.0,-0.0,2.7184274988523002e+23,0.0,0.0,0.0,0.0,0,-3.222024165466893e+26,-71.629,0.0,0.0,0.0,0.0,0.0,0.0,0.0,0,0,0,0.0,0.0,0.0,0.0,0.0,0.0,0.0,0.0,0.0,0.0,0.0,0.0,0.0,0.0,0.0,0.0,0,-107875648.0,0,0.0,0,-107875648.0,-107877712.0,0,52429,17038,13107,17053,26215,17037,0,0,0,110,100,100,0.0,64.0,0.0,64.9,-107615304.0,68.5,1,49,50,180,0,13107,0,0,0.0,0.0,0.0,0.0,-5.990159188679916e+37,65.0,0.0,561.031,0.0,645,0,686,0,0,0,714,0,786,0,707,0,689,0,645,0,641,0,618,0.032,36700160.0,-0.0,0.0,528,16789,0.0,0.0,2.4792879439059957e+24,-5.624243729960196e+37,-0.0,-1545617792.0,29.0,60.0,70,0.0,0.0,0.0,0.0,0.0,0.0,0.0,0.0,0.0,0.0,0.0,0.0,0.0,0.0,0.0,0.0,59.2,68,11,65509,41,65476,0,300,0,0,8,20529,65476,0,0,61604,60.0,0.0,0.0,0.0,0.0,0.0
2026-04-04T11:43:17,ERR,ERR,ERR,ERR,ERR,ERR,ERR,ERR,ERR,ERR,ERR,ERR,ERR,ERR,ERR,ERR,ERR,ERR,ERR,ERR,ERR,ERR,ERR,ERR,ERR,ERR,ERR,ERR,ERR,ERR,ERR,ERR,ERR,ERR,ERR,ERR,ERR,ERR,ERR,ERR,ERR,ERR,ERR,ERR,ERR,ERR,ERR,ERR,ERR,ERR,ERR,ERR,ERR,ERR,ERR,ERR,ERR,ERR,ERR,ERR,ERR,ERR,ERR,ERR,ERR,ERR,ERR,ERR,ERR,ERR,ERR,ERR,ERR,ERR,ERR,ERR,ERR,ERR,ERR,ERR,ERR,ERR,ERR,ERR,ERR,ERR,ERR,ERR,ERR,ERR,ERR,ERR,ERR,ERR,ERR,ERR,ERR,ERR,ERR,ERR,ERR,ERR,ERR,ERR,ERR,ERR,ERR,ERR,ERR,ERR,ERR,ERR,ERR,ERR,ERR,ERR,ERR,ERR,ERR,ERR,ERR,ERR,ERR,ERR,ERR,0.0,-0.0,-101055584.0,0.0,0.0,0.0,0.0,nan,0,0,0,32768,0,0.0,0,0.0,0.0,0.0,0.0,0.0,0,0,0,0,0.0,0,0,0,0,0,0,0,0,0,0,0,0,0,0,0,0,0,0,0,0,0,0,0,0,0,0,0,0,0,0,0,0,0,0,0,0,0,0,0,0,0,0,0,0,0.0,0.0,0.0,0.0,0.0,0.0,0.0,0.0,0.0,0.0,0.0,0.0,0.0,0.0,0.0,0.0,0.0,0.0,0.0,0.0,0.0,0.0,-0.0,-0.0,-2.004,-0.0,0.0,0.0,0.0,0.0,3367.0,-0.0,0.0,0.0,-0.0,-0.0,2.7184274988523002e+23,0.0,0.0,0.0,0.0,0,-3.222024165466893e+26,-71.629,0.0,0.0,0.0,0.0,0.0,0.0,0.0,0,0,0,0.0,0.0,0.0,0.0,0.0,0.0,0.0,0.0,0.0,0.0,0.0,0.0,0.0,0.0,0.0,0.0,0,-107875648.0,0,0.0,0,-107875648.0,-107877712.0,0,52429,17038,0,17053,26215,17037,0,0,0,110,100,100,0.0,64.0,0.0,64.9,-107615304.0,68.5,ERR,49,50,180,0,13107,0,0,0.0,0.0,0.0,0.0,nan,65.0,0.0,-0.0,0.0,645,0,686,0,0,0,714,0,786,0,707,0,689,0,645,0,641,0,618,0.032,36962304.0,-0.0,0.0,51344,16788,0.0,-0.0,-0.0,4.0137988081555866e+17,-20612112.0,-2.3079967113973096e+36,29.0,60.0,70,0.0,0.0,0.0,0.0,0.0,0.0,0.0,0.0,0.0,0.0,0.0,0.0,0.0,0.0,0.0,0.0,59.2,68,11,65509,41,65476,0,300,0,0,8,20529,65476,0,0,61604,60.0,0.0,0.0,0.0,0.0,0.0
2026-04-04T11:43:18,ERR,ERR,ERR,ERR,ERR,ERR,ERR,ERR,ERR,ERR,ERR,ERR,ERR,ERR,ERR,ERR,ERR,ERR,ERR,ERR,ERR,ERR,ERR,ERR,ERR,ERR,ERR,ERR,ERR,ERR,ERR,ERR,ERR,ERR,ERR,ERR,ERR,ERR,ERR,ERR,ERR,ERR,ERR,ERR,ERR,ERR,ERR,ERR,ERR,ERR,ERR,ERR,ERR,ERR,ERR,ERR,ERR,ERR,ERR,ERR,ERR,ERR,ERR,ERR,ERR,ERR,ERR,ERR,ERR,ERR,ERR,ERR,ERR,ERR,ERR,ERR,ERR,ERR,ERR,ERR,ERR,ERR,ERR,ERR,ERR,ERR,ERR,ERR,ERR,ERR,ERR,ERR,ERR,ERR,ERR,ERR,ERR,ERR,ERR,ERR,ERR,ERR,ERR,ERR,ERR,ERR,ERR,ERR,ERR,ERR,ERR,ERR,ERR,ERR,ERR,ERR,ERR,ERR,ERR,ERR,ERR,ERR,ERR,ERR,ERR,0.0,-0.0,-101055584.0,0.0,0.0,0.0,0.0,nan,0,0,0,32768,0,0.0,0,0.0,0.0,0.0,0.0,0.0,0,0,0,0,0.0,0,0,0,0,0,0,0,0,0,0,0,0,0,0,0,0,0,0,0,0,0,0,0,0,0,0,0,0,0,0,0,0,0,0,0,0,0,0,0,0,0,0,0,0,0.0,0.0,0.0,0.0,0.0,0.0,0.0,0.0,0.0,0.0,0.0,0.0,0.0,0.0,0.0,0.0,0.0,0.0,0.0,0.0,0.0,0.0,-0.0,-0.0,-2.004,-0.0,0.0,0.0,0.0,0.0,3367.0,-0.0,0.0,0.0,-0.0,-0.0,2.7184274988523002e+23,0.0,0.0,0.0,0.0,0,-3.222024165466893e+26,-71.629,0.0,0.0,0.0,0.0,0.0,0.0,0.0,0,0,0,0.0,0.0,0.0,0.0,0.0,0.0,0.0,0.0,0.0,0.0,0.0,0.0,0.0,0.0,0.0,0.0,0,-107875648.0,0,0.0,0,-107875648.0,-107877712.0,0,52429,17038,0,17053,26215,17037,0,0,0,110,100,100,0.0,64.0,0.0,64.9,-107615304.0,68.5,ERR,49,50,180,0,13107,0,0,0.0,0.0,0.0,0.0,nan,65.0,0.0,-0.0,0.0,645,0,686,0,0,0,714,0,786,0,707,0,689,0,645,0,641,0,618,0.032,36962304.0,-0.0,0.0,51344,16788,0.0,-0.0,-0.0,4.0137988081555866e+17,-20612112.0,-2.3079967113973096e+36,29.0,60.0,70,0.0,0.0,0.0,0.0,0.0,0.0,0.0,0.0,0.0,0.0,0.0,0.0,0.0,0.0,0.0,0.0,59.2,68,11,65509,41,65476,0,300,0,0,8,20529,65476,0,0,61604,60.0,0.0,0.0,0.0,0.0,0.0
2026-04-04T11:43:19,ERR,ERR,ERR,ERR,ERR,ERR,ERR,ERR,ERR,ERR,ERR,ERR,ERR,ERR,ERR,ERR,ERR,ERR,ERR,ERR,ERR,ERR,ERR,ERR,ERR,ERR,ERR,ERR,ERR,ERR,ERR,ERR,ERR,ERR,ERR,ERR,ERR,ERR,ERR,ERR,ERR,ERR,ERR,ERR,ERR,ERR,ERR,ERR,ERR,ERR,ERR,ERR,ERR,ERR,ERR,ERR,ERR,ERR,ERR,ERR,ERR,ERR,ERR,ERR,ERR,ERR,ERR,ERR,ERR,ERR,ERR,ERR,ERR,ERR,ERR,ERR,ERR,ERR,ERR,ERR,ERR,ERR,ERR,ERR,ERR,ERR,ERR,ERR,ERR,ERR,ERR,ERR,ERR,ERR,ERR,ERR,ERR,ERR,ERR,ERR,ERR,ERR,ERR,ERR,ERR,ERR,ERR,ERR,ERR,ERR,ERR,ERR,ERR,ERR,ERR,ERR,ERR,ERR,ERR,ERR,ERR,ERR,ERR,ERR,ERR,0.0,-0.0,-101055584.0,0.0,0.0,0.0,0.0,nan,0,0,0,32768,0,0.0,0,0.0,0.0,0.0,0.0,0.0,0,0,0,0,0.0,0,0,0,0,0,0,0,0,0,0,0,0,0,0,0,0,0,0,0,0,0,0,0,0,0,0,0,0,0,0,0,0,0,0,0,0,0,0,0,0,0,0,0,0,0.0,0.0,0.0,0.0,0.0,0.0,0.0,0.0,0.0,0.0,0.0,0.0,0.0,0.0,0.0,0.0,0.0,0.0,0.0,0.0,0.0,0.0,-0.0,-0.0,-2.004,-0.0,0.0,0.0,0.0,0.0,3367.0,-0.0,0.0,0.0,-0.0,-0.0,2.7184274988523002e+23,0.0,0.0,0.0,0.0,0,-3.222024165466893e+26,-71.629,0.0,0.0,0.0,0.0,0.0,0.0,0.0,0,0,0,0.0,0.0,0.0,0.0,0.0,0.0,0.0,0.0,0.0,0.0,0.0,0.0,0.0,0.0,0.0,0.0,0,-107875648.0,0,0.0,0,-107875648.0,-107877712.0,0,52429,17038,0,17053,26215,17037,0,0,0,110,100,100,0.0,64.0,0.0,64.9,-107615304.0,68.5,ERR,49,50,180,0,13107,0,0,0.0,0.0,0.0,0.0,nan,65.0,0.0,-0.0,0.0,645,0,686,0,0,0,714,0,786,0,707,0,689,0,645,0,641,0,618,0.032,36962304.0,-0.0,0.0,51344,16788,0.0,-0.0,-0.0,4.0137988081555866e+17,-20612112.0,-2.3079967113973096e+36,29.0,60.0,70,0.0,0.0,0.0,0.0,0.0,0.0,0.0,0.0,0.0,0.0,0.0,0.0,0.0,0.0,0.0,0.0,59.2,68,11,65509,41,65476,0,300,0,0,8,20529,65476,0,0,61604,60.0,0.0,0.0,0.0,0.0,0.0
2026-04-04T11:43:20,ERR,ERR,ERR,ERR,ERR,ERR,ERR,ERR,ERR,ERR,ERR,ERR,ERR,ERR,ERR,ERR,ERR,ERR,ERR,ERR,ERR,ERR,ERR,ERR,ERR,ERR,ERR,ERR,ERR,ERR,ERR,ERR,ERR,ERR,ERR,ERR,ERR,ERR,ERR,ERR,ERR,ERR,ERR,ERR,ERR,ERR,ERR,ERR,ERR,ERR,ERR,ERR,ERR,ERR,ERR,ERR,ERR,ERR,ERR,ERR,ERR,ERR,ERR,ERR,ERR,ERR,ERR,ERR,ERR,ERR,ERR,ERR,ERR,ERR,ERR,ERR,ERR,ERR,ERR,ERR,ERR,ERR,ERR,ERR,ERR,ERR,ERR,ERR,ERR,ERR,ERR,ERR,ERR,ERR,ERR,ERR,ERR,ERR,ERR,ERR,ERR,ERR,ERR,ERR,ERR,ERR,ERR,ERR,ERR,ERR,ERR,ERR,ERR,ERR,ERR,ERR,ERR,ERR,ERR,ERR,ERR,ERR,ERR,ERR,ERR,0.0,-0.0,-101055584.0,0.0,0.0,0.0,0.0,nan,0,0,0,32768,0,0.0,0,0.0,0.0,0.0,0.0,0.0,0,0,0,0,0.0,0,0,0,0,0,0,0,0,0,0,0,0,0,0,0,0,0,0,0,0,0,0,0,0,0,0,0,0,0,0,0,0,0,0,0,0,0,0,0,0,0,0,0,0,0.0,0.0,0.0,0.0,0.0,0.0,0.0,0.0,0.0,0.0,0.0,0.0,0.0,0.0,0.0,0.0,0.0,0.0,0.0,0.0,0.0,0.0,-0.0,-0.0,-2.004,-0.0,0.0,0.0,0.0,0.0,3367.0,-0.0,0.0,0.0,-0.0,-0.0,2.7184274988523002e+23,0.0,0.0,0.0,0.0,0,-3.222024165466893e+26,-71.629,0.0,0.0,0.0,0.0,0.0,0.0,0.0,0,0,0,0.0,0.0,0.0,0.0,0.0,0.0,0.0,0.0,0.0,0.0,0.0,0.0,0.0,0.0,0.0,0.0,0,-107875648.0,0,0.0,0,-107875648.0,-107877712.0,0,52429,17038,0,17053,26215,17037,0,0,0,110,100,100,0.0,64.0,0.0,64.9,-107615304.0,68.5,ERR,49,50,180,0,13107,0,0,0.0,0.0,0.0,0.0,nan,65.0,0.0,-0.0,0.0,645,0,686,0,0,0,714,0,786,0,707,0,689,0,645,0,641,0,618,0.032,36962304.0,-0.0,0.0,51344,16788,0.0,-0.0,-0.0,4.0137988081555866e+17,-20612112.0,-2.3079967113973096e+36,29.0,60.0,70,0.0,0.0,0.0,0.0,0.0,0.0,0.0,0.0,0.0,0.0,0.0,0.0,0.0,0.0,0.0,0.0,59.2,68,11,65509,41,65476,0,300,0,0,8,20529,65476,0,0,61604,60.0,0.0,0.0,0.0,0.0,0.0
2026-04-04T11:43:21,ERR,ERR,ERR,ERR,ERR,ERR,ERR,ERR,ERR,ERR,ERR,ERR,ERR,ERR,ERR,ERR,ERR,ERR,ERR,ERR,ERR,ERR,ERR,ERR,ERR,ERR,ERR,ERR,ERR,ERR,ERR,ERR,ERR,ERR,ERR,ERR,ERR,ERR,ERR,ERR,ERR,ERR,ERR,ERR,ERR,ERR,ERR,ERR,ERR,ERR,ERR,ERR,ERR,ERR,ERR,ERR,ERR,ERR,ERR,ERR,ERR,ERR,ERR,ERR,ERR,ERR,ERR,ERR,ERR,ERR,ERR,ERR,ERR,ERR,ERR,ERR,ERR,ERR,ERR,ERR,ERR,ERR,ERR,ERR,ERR,ERR,ERR,ERR,ERR,ERR,ERR,ERR,ERR,ERR,ERR,ERR,ERR,ERR,ERR,ERR,ERR,ERR,ERR,ERR,ERR,ERR,ERR,ERR,ERR,ERR,ERR,ERR,ERR,ERR,ERR,ERR,ERR,ERR,ERR,ERR,ERR,ERR,ERR,ERR,ERR,0.0,-0.0,-101055584.0,0.0,0.0,0.0,0.0,nan,0,0,0,32768,0,0.0,0,0.0,0.0,0.0,0.0,0.0,0,0,0,0,0.0,0,0,0,0,0,0,0,0,0,0,0,0,0,0,0,0,0,0,0,0,0,0,0,0,0,0,0,0,0,0,0,0,0,0,0,0,0,0,0,0,0,0,0,0,0.0,0.0,0.0,0.0,0.0,0.0,0.0,0.0,0.0,0.0,0.0,0.0,0.0,0.0,0.0,0.0,0.0,0.0,0.0,0.0,0.0,0.0,-0.0,-0.0,-2.004,-0.0,0.0,0.0,0.0,0.0,3367.0,-0.0,0.0,0.0,-0.0,-0.0,2.7184274988523002e+23,0.0,0.0,0.0,0.0,0,-3.222024165466893e+26,-71.629,0.0,0.0,0.0,0.0,0.0,0.0,0.0,0,0,0,0.0,0.0,0.0,0.0,0.0,0.0,0.0,0.0,0.0,0.0,0.0,0.0,0.0,0.0,0.0,0.0,0,-107875648.0,0,0.0,0,-107875648.0,-107877712.0,0,52429,17038,0,17053,26215,17037,0,0,0,110,100,100,0.0,64.0,0.0,64.9,-107615304.0,68.5,ERR,49,50,180,0,13107,0,0,0.0,0.0,0.0,0.0,nan,65.0,0.0,-0.0,0.0,645,0,686,0,0,0,714,0,786,0,707,0,689,0,645,0,641,0,618,0.032,36962304.0,-0.0,0.0,51344,16788,0.0,-0.0,-0.0,4.0137988081555866e+17,-20612112.0,-2.3079967113973096e+36,29.0,60.0,70,0.0,0.0,0.0,0.0,0.0,0.0,0.0,0.0,0.0,0.0,0.0,0.0,0.0,0.0,0.0,0.0,59.2,68,11,65509,41,65476,0,300,0,0,8,20529,65476,0,0,61604,60.0,0.0,0.0,0.0,0.0,0.0
2026-04-04T11:43:22,ERR,ERR,ERR,ERR,ERR,ERR,ERR,ERR,ERR,ERR,ERR,ERR,ERR,ERR,ERR,ERR,ERR,ERR,ERR,ERR,ERR,ERR,ERR,ERR,ERR,ERR,ERR,ERR,ERR,ERR,ERR,ERR,ERR,ERR,ERR,ERR,ERR,ERR,ERR,ERR,ERR,ERR,ERR,ERR,ERR,ERR,ERR,ERR,ERR,ERR,ERR,ERR,ERR,ERR,ERR,ERR,ERR,ERR,ERR,ERR,ERR,ERR,ERR,ERR,ERR,ERR,ERR,ERR,ERR,ERR,ERR,ERR,ERR,ERR,ERR,ERR,ERR,ERR,ERR,ERR,ERR,ERR,ERR,ERR,ERR,ERR,ERR,ERR,ERR,ERR,ERR,ERR,ERR,ERR,ERR,ERR,ERR,ERR,ERR,ERR,ERR,ERR,ERR,ERR,ERR,ERR,ERR,ERR,ERR,ERR,ERR,ERR,ERR,ERR,ERR,ERR,ERR,ERR,ERR,ERR,ERR,ERR,ERR,ERR,ERR,0.0,-0.0,-101055584.0,0.0,0.0,0.0,0.0,nan,0,0,0,32768,0,0.0,0,0.0,0.0,0.0,0.0,0.0,0,0,0,0,0.0,0,0,0,0,0,0,0,0,0,0,0,0,0,0,0,0,0,0,0,0,0,0,0,0,0,0,0,0,0,0,0,0,0,0,0,0,0,0,0,0,0,0,0,0,0.0,0.0,0.0,0.0,0.0,0.0,0.0,0.0,0.0,0.0,0.0,0.0,0.0,0.0,0.0,0.0,0.0,0.0,0.0,0.0,0.0,0.0,-0.0,-0.0,-2.004,-0.0,0.0,0.0,0.0,0.0,3367.0,-0.0,0.0,0.0,-0.0,-0.0,2.7184274988523002e+23,0.0,0.0,0.0,0.0,0,-3.222024165466893e+26,-71.629,0.0,0.0,0.0,0.0,0.0,0.0,0.0,0,0,0,0.0,0.0,0.0,0.0,0.0,0.0,0.0,0.0,0.0,0.0,0.0,0.0,0.0,0.0,0.0,0.0,0,-107875648.0,0,0.0,0,-107875648.0,-107877712.0,0,52429,17038,0,17053,26215,17037,0,0,0,110,100,100,0.0,64.0,0.0,64.9,-107615304.0,68.5,1,49,50,180,0,13107,0,0,0.0,0.0,0.0,0.0,0.0,65.0,0.0,7.873595180528134e+25,0.0,645,0,686,0,0,0,714,0,786,0,707,0,689,0,645,0,641,0,618,0.032,36962304.0,-0.0,0.0,6544,16789,-4.240539619483809e+32,7.873595180528134e+25,1.6037338737423043e+25,-1.0619082798557969e+28,-0.0,-281546848.0,29.0,60.0,70,0.0,0.0,0.0,0.0,0.0,0.0,0.0,0.0,0.0,0.0,0.0,0.0,0.0,0.0,0.0,0.0,59.2,68,11,65509,41,65476,0,300,0,0,8,20529,65476,0,0,61604,60.0,0.0,0.0,0.0,0.0,0.0
2026-04-04T11:43:23,ERR,ERR,ERR,ERR,ERR,ERR,ERR,ERR,ERR,ERR,ERR,ERR,ERR,ERR,ERR,ERR,ERR,ERR,ERR,ERR,ERR,ERR,ERR,ERR,ERR,ERR,ERR,ERR,ERR,ERR,ERR,ERR,ERR,ERR,ERR,ERR,ERR,ERR,ERR,ERR,ERR,ERR,ERR,ERR,ERR,ERR,ERR,ERR,ERR,ERR,ERR,ERR,ERR,ERR,ERR,ERR,ERR,ERR,ERR,ERR,ERR,ERR,ERR,ERR,ERR,ERR,ERR,ERR,ERR,ERR,ERR,ERR,ERR,ERR,ERR,ERR,ERR,ERR,ERR,ERR,ERR,ERR,ERR,ERR,ERR,ERR,ERR,ERR,ERR,ERR,ERR,ERR,ERR,ERR,ERR,ERR,ERR,ERR,ERR,ERR,ERR,ERR,ERR,ERR,ERR,ERR,ERR,ERR,ERR,ERR,ERR,ERR,ERR,ERR,ERR,ERR,ERR,ERR,ERR,ERR,ERR,ERR,ERR,ERR,ERR,0.0,-0.0,-101055584.0,0.0,0.0,0.0,0.0,nan,0,0,0,32768,0,0.0,0,0.0,0.0,0.0,0.0,0.0,0,0,0,0,0.0,0,0,0,0,0,0,0,0,0,0,0,0,0,0,0,0,0,0,0,0,0,0,0,0,0,0,0,0,0,0,0,0,0,0,0,0,0,0,0,0,0,0,0,0,0.0,0.0,0.0,0.0,0.0,0.0,0.0,0.0,0.0,0.0,0.0,0.0,0.0,0.0,0.0,0.0,0.0,0.0,0.0,0.0,0.0,0.0,-0.0,-0.0,-2.004,-0.0,0.0,0.0,0.0,0.0,3367.0,-0.0,0.0,0.0,-0.0,-0.0,2.7184274988523002e+23,0.0,0.0,0.0,0.0,0,-3.222024165466893e+26,-71.629,0.0,0.0,0.0,0.0,0.0,0.0,0.0,0,0,0,0.0,0.0,0.0,0.0,0.0,0.0,0.0,0.0,0.0,0.0,0.0,0.0,0.0,0.0,0.0,0.0,0,-107875648.0,0,0.0,0,-107875648.0,-107877712.0,0,52429,17038,0,17053,26215,17037,0,0,0,110,100,100,0.0,64.0,0.0,64.9,-107615304.0,68.5,1,49,50,180,0,13107,0,0,0.0,0.0,0.0,0.0,0.0,65.0,0.0,7.873595180528134e+25,0.0,645,0,686,0,0,0,714,0,786,0,707,0,689,0,645,0,641,0,618,0.032,36962304.0,-0.0,0.0,6544,16789,-4.240539619483809e+32,7.873595180528134e+25,1.6037338737423043e+25,-1.0619082798557969e+28,-0.0,-281546848.0,29.0,60.0,70,0.0,0.0,0.0,0.0,0.0,0.0,0.0,0.0,0.0,0.0,0.0,0.0,0.0,0.0,0.0,0.0,59.2,68,11,65509,41,65476,0,300,0,0,8,20529,65476,0,0,61604,60.0,0.0,0.0,0.0,0.0,0.0
2026-04-04T11:43:24,ERR,ERR,ERR,ERR,ERR,ERR,ERR,ERR,ERR,ERR,ERR,ERR,ERR,ERR,ERR,ERR,ERR,ERR,ERR,ERR,ERR,ERR,ERR,ERR,ERR,ERR,ERR,ERR,ERR,ERR,ERR,ERR,ERR,ERR,ERR,ERR,ERR,ERR,ERR,ERR,ERR,ERR,ERR,ERR,ERR,ERR,ERR,ERR,ERR,ERR,ERR,ERR,ERR,ERR,ERR,ERR,ERR,ERR,ERR,ERR,ERR,ERR,ERR,ERR,ERR,ERR,ERR,ERR,ERR,ERR,ERR,ERR,ERR,ERR,ERR,ERR,ERR,ERR,ERR,ERR,ERR,ERR,ERR,ERR,ERR,ERR,ERR,ERR,ERR,ERR,ERR,ERR,ERR,ERR,ERR,ERR,ERR,ERR,ERR,ERR,ERR,ERR,ERR,ERR,ERR,ERR,ERR,ERR,ERR,ERR,ERR,ERR,ERR,ERR,ERR,ERR,ERR,ERR,ERR,ERR,ERR,ERR,ERR,ERR,ERR,0.0,-0.0,-101055584.0,0.0,0.0,0.0,0.0,nan,0,0,0,32768,0,0.0,0,0.0,0.0,0.0,0.0,0.0,0,0,0,0,0.0,0,0,0,0,0,0,0,0,0,0,0,0,0,0,0,0,0,0,0,0,0,0,0,0,0,0,0,0,0,0,0,0,0,0,0,0,0,0,0,0,0,0,0,0,0.0,0.0,0.0,0.0,0.0,0.0,0.0,0.0,0.0,0.0,0.0,0.0,0.0,0.0,0.0,0.0,0.0,0.0,0.0,0.0,0.0,0.0,-0.0,-2.004,-2.004,-0.0,0.0,0.0,0.0,0.0,3366.0,-0.0,0.0,0.0,-0.0,-0.0,2.7184274988523002e+23,0.0,0.0,0.0,0.0,0,-107615248.0,-152016173137920.0,0.0,0.0,0.0,0.0,0.0,0.0,0.0,0,0,0,0.0,0.0,0.0,0.0,0.0,0.0,0.0,0.0,0.0,0.0,0.0,0.0,0.0,0.0,0.0,0.0,0,-107875648.0,0,0.0,0,-107875648.0,-107877712.0,0,52429,17038,0,17053,26215,17037,0,0,0,110,100,100,0.0,64.0,0.0,64.9,-107615304.0,68.5,1,49,50,180,0,13107,0,0,0.0,0.0,0.0,0.0,0.0,65.0,0.0,7.873595180528134e+25,0.0,645,0,686,0,0,0,714,0,786,0,707,0,689,0,645,0,641,0,618,0.032,36962304.0,-0.0,0.0,6544,16789,-4.240539619483809e+32,7.873595180528134e+25,1.6037338737423043e+25,-1.0619082798557969e+28,-0.0,-281546848.0,29.0,60.0,70,0.0,0.0,0.0,0.0,0.0,0.0,0.0,0.0,0.0,0.0,0.0,0.0,0.0,0.0,0.0,0.0,59.2,68,11,65509,41,65476,0,300,0,0,8,20529,65476,0,0,61604,60.0,0.0,0.0,0.0,0.0,0.0
2026-04-04T11:43:25,ERR,ERR,ERR,ERR,ERR,ERR,ERR,ERR,ERR,ERR,ERR,ERR,ERR,ERR,ERR,ERR,ERR,ERR,ERR,ERR,ERR,ERR,ERR,ERR,ERR,ERR,ERR,ERR,ERR,ERR,ERR,ERR,ERR,ERR,ERR,ERR,ERR,ERR,ERR,ERR,ERR,ERR,ERR,ERR,ERR,ERR,ERR,ERR,ERR,ERR,ERR,ERR,ERR,ERR,ERR,ERR,ERR,ERR,ERR,ERR,ERR,ERR,ERR,ERR,ERR,ERR,ERR,ERR,ERR,ERR,ERR,ERR,ERR,ERR,ERR,ERR,ERR,ERR,ERR,ERR,ERR,ERR,ERR,ERR,ERR,ERR,ERR,ERR,ERR,ERR,ERR,ERR,ERR,ERR,ERR,ERR,ERR,ERR,ERR,ERR,ERR,ERR,ERR,ERR,ERR,ERR,ERR,ERR,ERR,ERR,ERR,ERR,ERR,ERR,ERR,ERR,ERR,ERR,ERR,ERR,ERR,ERR,ERR,ERR,ERR,0.0,-0.0,-101055584.0,0.0,0.0,0.0,0.0,nan,0,0,0,32768,0,0.0,0,0.0,0.0,0.0,0.0,0.0,0,0,0,0,0.0,0,0,0,0,0,0,0,0,0,0,0,0,0,0,0,0,0,0,0,0,0,0,0,0,0,0,0,0,0,0,0,0,0,0,0,0,0,0,0,0,0,0,0,0,0.0,0.0,0.0,0.0,0.0,0.0,0.0,0.0,0.0,0.0,0.0,0.0,0.0,0.0,0.0,0.0,0.0,0.0,0.0,0.0,0.0,0.0,-0.0,-2.004,-2.004,-0.0,0.0,0.0,0.0,0.0,3366.0,-0.0,0.0,0.0,-0.0,-0.0,2.7184274988523002e+23,0.0,0.0,0.0,0.0,0,-107615248.0,-152016173137920.0,0.0,0.0,0.0,0.0,0.0,0.0,0.0,0,0,0,0.0,0.0,0.0,0.0,0.0,0.0,0.0,0.0,0.0,0.0,0.0,0.0,0.0,0.0,0.0,0.0,0,-107875648.0,0,0.0,0,-107875648.0,-107877712.0,0,52429,17038,0,17053,26215,17037,0,0,0,110,100,100,0.0,64.0,0.0,64.9,-107615304.0,68.5,1,49,50,180,0,13107,0,0,0.0,0.0,0.0,0.0,0.0,65.0,0.0,7.873595180528134e+25,0.0,645,0,686,0,0,0,714,0,786,0,707,0,689,0,645,0,641,0,618,0.032,36962304.0,-0.0,0.0,6544,16789,-4.240539619483809e+32,7.873595180528134e+25,1.6037338737423043e+25,-1.0619082798557969e+28,-0.0,-281546848.0,29.0,60.0,70,0.0,0.0,0.0,0.0,0.0,0.0,0.0,0.0,0.0,0.0,0.0,0.0,0.0,0.0,0.0,0.0,59.2,68,11,65509,41,65476,0,300,0,0,8,20529,65476,0,0,61604,60.0,0.0,0.0,0.0,0.0,0.0
2026-04-04T11:43:26,ERR,ERR,ERR,ERR,ERR,ERR,ERR,ERR,ERR,ERR,ERR,ERR,ERR,ERR,ERR,ERR,ERR,ERR,ERR,ERR,ERR,ERR,ERR,ERR,ERR,ERR,ERR,ERR,ERR,ERR,ERR,ERR,ERR,ERR,ERR,ERR,ERR,ERR,ERR,ERR,ERR,ERR,ERR,ERR,ERR,ERR,ERR,ERR,ERR,ERR,ERR,ERR,ERR,ERR,ERR,ERR,ERR,ERR,ERR,ERR,ERR,ERR,ERR,ERR,ERR,ERR,ERR,ERR,ERR,ERR,ERR,ERR,ERR,ERR,ERR,ERR,ERR,ERR,ERR,ERR,ERR,ERR,ERR,ERR,ERR,ERR,ERR,ERR,ERR,ERR,ERR,ERR,ERR,ERR,ERR,ERR,ERR,ERR,ERR,ERR,ERR,ERR,ERR,ERR,ERR,ERR,ERR,ERR,ERR,ERR,ERR,ERR,ERR,ERR,ERR,ERR,ERR,ERR,ERR,ERR,ERR,ERR,ERR,ERR,ERR,0.0,-0.0,-101055584.0,0.0,0.0,0.0,0.0,nan,0,0,0,32768,0,0.0,0,0.0,0.0,0.0,0.0,0.0,0,0,0,0,0.0,0,0,0,0,0,0,0,0,0,0,0,0,0,0,0,0,0,0,0,0,0,0,0,0,0,0,0,0,0,0,0,0,0,0,0,0,0,0,0,0,0,0,0,0,0.0,0.0,0.0,0.0,0.0,0.0,0.0,0.0,0.0,0.0,0.0,0.0,0.0,0.0,0.0,0.0,0.0,0.0,0.0,0.0,0.0,0.0,-0.0,-2.004,-2.004,-0.0,0.0,0.0,0.0,0.0,3366.0,-0.0,0.0,0.0,-0.0,-0.0,2.7184274988523002e+23,0.0,0.0,0.0,0.0,0,-107615248.0,-152016173137920.0,0.0,0.0,0.0,0.0,0.0,0.0,0.0,0,0,0,0.0,0.0,0.0,0.0,0.0,0.0,0.0,0.0,0.0,0.0,0.0,0.0,0.0,0.0,0.0,0.0,0,-107875648.0,0,0.0,0,-107875648.0,-107877712.0,0,52429,17038,0,17053,26215,17037,0,0,0,110,100,100,0.0,64.0,0.0,64.9,-107615304.0,68.5,1,49,50,180,0,13107,0,0,0.0,0.0,0.0,0.0,0.0,65.0,0.0,7.873595180528134e+25,0.0,645,0,686,0,0,0,714,0,786,0,707,0,689,0,645,0,641,0,618,0.032,36962304.0,-0.0,0.0,6544,16789,-4.240539619483809e+32,7.873595180528134e+25,1.6037338737423043e+25,-1.0619082798557969e+28,-0.0,-281546848.0,29.0,60.0,70,0.0,0.0,0.0,0.0,0.0,0.0,0.0,0.0,0.0,0.0,0.0,0.0,0.0,0.0,0.0,0.0,59.2,68,11,65509,41,65476,0,300,0,0,8,20529,65476,0,0,61604,60.0,0.0,0.0,0.0,0.0,0.0
2026-04-04T11:43:27,ERR,ERR,ERR,ERR,ERR,ERR,ERR,ERR,ERR,ERR,ERR,ERR,ERR,ERR,ERR,ERR,ERR,ERR,ERR,ERR,ERR,ERR,ERR,ERR,ERR,ERR,ERR,ERR,ERR,ERR,ERR,ERR,ERR,ERR,ERR,ERR,ERR,ERR,ERR,ERR,ERR,ERR,ERR,ERR,ERR,ERR,ERR,ERR,ERR,ERR,ERR,ERR,ERR,ERR,ERR,ERR,ERR,ERR,ERR,ERR,ERR,ERR,ERR,ERR,ERR,ERR,ERR,ERR,ERR,ERR,ERR,ERR,ERR,ERR,ERR,ERR,ERR,ERR,ERR,ERR,ERR,ERR,ERR,ERR,ERR,ERR,ERR,ERR,ERR,ERR,ERR,ERR,ERR,ERR,ERR,ERR,ERR,ERR,ERR,ERR,ERR,ERR,ERR,ERR,ERR,ERR,ERR,ERR,ERR,ERR,ERR,ERR,ERR,ERR,ERR,ERR,ERR,ERR,ERR,ERR,ERR,ERR,ERR,ERR,ERR,0.0,-0.0,-101055584.0,0.0,0.0,0.0,0.0,nan,0,0,0,32768,0,0.0,0,0.0,0.0,0.0,0.0,0.0,0,0,0,0,0.0,0,0,0,0,0,0,0,0,0,0,0,0,0,0,0,0,0,0,0,0,0,0,0,0,0,0,0,0,0,0,0,0,0,0,0,0,0,0,0,0,0,0,0,0,0.0,0.0,0.0,0.0,0.0,0.0,0.0,0.0,0.0,0.0,0.0,0.0,0.0,0.0,0.0,0.0,0.0,0.0,0.0,0.0,0.0,0.0,-0.0,-2.004,-2.004,-0.0,0.0,0.0,0.0,0.0,3366.0,-0.0,0.0,0.0,-0.0,-0.0,2.7184274988523002e+23,0.0,0.0,0.0,0.0,0,-107615248.0,-152016173137920.0,0.0,0.0,0.0,0.0,0.0,0.0,0.0,0,0,0,0.0,0.0,0.0,0.0,0.0,0.0,0.0,0.0,0.0,0.0,0.0,0.0,0.0,0.0,0.0,0.0,0,-107875648.0,0,0.0,0,-107875648.0,-107877712.0,0,52429,17038,0,17053,26215,17037,0,0,0,110,100,100,0.0,64.0,0.0,64.9,-107615304.0,68.5,1,49,50,180,0,13107,0,0,0.0,0.0,0.0,0.0,0.0,65.0,0.0,7.873595180528134e+25,0.0,645,0,686,0,0,0,714,0,786,0,707,0,689,0,645,0,641,0,618,0.032,36962304.0,-0.0,0.0,6544,16789,-4.240539619483809e+32,7.873595180528134e+25,1.6037338737423043e+25,-1.0619082798557969e+28,-0.0,-281546848.0,29.0,60.0,70,0.0,0.0,0.0,0.0,0.0,0.0,0.0,0.0,0.0,0.0,0.0,0.0,0.0,0.0,0.0,0.0,59.2,68,11,65509,41,65476,0,300,0,0,8,20529,65476,0,0,61604,60.0,0.0,0.0,0.0,0.0,0.0
2026-04-04T11:43:28,ERR,ERR,ERR,ERR,ERR,ERR,ERR,ERR,ERR,ERR,ERR,ERR,ERR,ERR,ERR,ERR,ERR,ERR,ERR,ERR,ERR,ERR,ERR,ERR,ERR,ERR,ERR,ERR,ERR,ERR,ERR,ERR,ERR,ERR,ERR,ERR,ERR,ERR,ERR,ERR,ERR,ERR,ERR,ERR,ERR,ERR,ERR,ERR,ERR,ERR,ERR,ERR,ERR,ERR,ERR,ERR,ERR,ERR,ERR,ERR,ERR,ERR,ERR,ERR,ERR,ERR,ERR,ERR,ERR,ERR,ERR,ERR,ERR,ERR,ERR,ERR,ERR,ERR,ERR,ERR,ERR,ERR,ERR,ERR,ERR,ERR,ERR,ERR,ERR,ERR,ERR,ERR,ERR,ERR,ERR,ERR,ERR,ERR,ERR,ERR,ERR,ERR,ERR,ERR,ERR,ERR,ERR,ERR,ERR,ERR,ERR,ERR,ERR,ERR,ERR,ERR,ERR,ERR,ERR,ERR,ERR,ERR,ERR,ERR,ERR,0.0,-0.0,-101055584.0,0.0,0.0,0.0,0.0,nan,0,0,0,32768,0,0.0,0,0.0,0.0,0.0,0.0,0.0,0,0,0,0,0.0,0,0,0,0,0,0,0,0,0,0,0,0,0,0,0,0,0,0,0,0,0,0,0,0,0,0,0,0,0,0,0,0,0,0,0,0,0,0,0,0,0,0,0,0,0.0,0.0,0.0,0.0,0.0,0.0,0.0,0.0,0.0,0.0,0.0,0.0,0.0,0.0,0.0,0.0,0.0,0.0,0.0,0.0,0.0,0.0,-0.0,-2.004,-2.004,-0.0,0.0,0.0,0.0,0.0,3366.0,-0.0,0.0,0.0,-0.0,-0.0,2.7184274988523002e+23,0.0,0.0,0.0,0.0,0,-107615248.0,-152016173137920.0,0.0,0.0,0.0,0.0,0.0,0.0,0.0,0,0,0,0.0,0.0,0.0,0.0,0.0,0.0,0.0,0.0,0.0,0.0,0.0,0.0,0.0,0.0,0.0,0.0,0,-107875648.0,0,0.0,0,-107875648.0,-107877712.0,0,52429,17038,0,17053,26215,17037,0,0,0,110,100,100,0.0,64.0,0.0,64.9,-107615304.0,68.5,1,49,50,180,0,13107,0,0,0.0,0.0,0.0,0.0,0.0,65.5,0.0,7.265466705573602e+31,0.0,645,0,686,0,0,0,714,0,786,0,707,0,689,0,645,0,640,0,618,0.032,36962304.0,-0.0,0.0,10384,16789,0.0,1.752624636021752e+32,-1.0570162246420854e+22,-0.0,-3.235552976585783e+35,0.0,29.0,60.0,70,0.0,0.0,0.0,0.0,0.0,0.0,0.0,0.0,0.0,0.0,0.0,0.0,0.0,0.0,0.0,0.0,59.2,68,11,65509,41,65476,0,300,0,0,8,20529,65476,0,0,61604,60.0,0.0,0.0,0.0,0.0,0.0
2026-04-04T11:43:29,ERR,ERR,ERR,ERR,ERR,ERR,ERR,ERR,ERR,ERR,ERR,ERR,ERR,ERR,ERR,ERR,ERR,ERR,ERR,ERR,ERR,ERR,ERR,ERR,ERR,ERR,ERR,ERR,ERR,ERR,ERR,ERR,ERR,ERR,ERR,ERR,ERR,ERR,ERR,ERR,ERR,ERR,ERR,ERR,ERR,ERR,ERR,ERR,ERR,ERR,ERR,ERR,ERR,ERR,ERR,ERR,ERR,ERR,ERR,ERR,ERR,ERR,ERR,ERR,ERR,ERR,ERR,ERR,ERR,ERR,ERR,ERR,ERR,ERR,ERR,ERR,ERR,ERR,ERR,ERR,ERR,ERR,ERR,ERR,ERR,ERR,ERR,ERR,ERR,ERR,ERR,ERR,ERR,ERR,ERR,ERR,ERR,ERR,ERR,ERR,ERR,ERR,ERR,ERR,ERR,ERR,ERR,ERR,ERR,ERR,ERR,ERR,ERR,ERR,ERR,ERR,ERR,ERR,ERR,ERR,ERR,ERR,ERR,ERR,ERR,0.0,-0.0,-101055584.0,0.0,0.0,0.0,0.0,nan,0,0,0,32768,0,0.0,0,0.0,0.0,0.0,0.0,0.0,0,0,0,0,0.0,0,0,0,0,0,0,0,0,0,0,0,0,0,0,0,0,0,0,0,0,0,0,0,0,0,0,0,0,0,0,0,0,0,0,0,0,0,0,0,0,0,0,0,0,0.0,0.0,0.0,0.0,0.0,0.0,0.0,0.0,0.0,0.0,0.0,0.0,0.0,0.0,0.0,0.0,0.0,0.0,0.0,0.0,0.0,0.0,-0.0,-2.004,-2.004,-0.0,0.0,0.0,0.0,0.0,3366.0,-0.0,0.0,0.0,-0.0,-0.0,2.7184274988523002e+23,0.0,0.0,0.0,0.0,0,-107615248.0,-152016173137920.0,0.0,0.0,0.0,0.0,0.0,0.0,0.0,0,0,0,0.0,0.0,0.0,0.0,0.0,0.0,0.0,0.0,0.0,0.0,0.0,0.0,0.0,0.0,0.0,0.0,0,-107875648.0,0,0.0,0,-107875648.0,-107877712.0,0,52429,17038,0,17053,26215,17037,0,0,0,110,100,100,0.0,64.0,0.0,64.9,-107615304.0,68.5,1,49,50,180,0,13107,0,0,0.0,0.0,0.0,0.0,0.0,65.5,0.0,7.265466705573602e+31,0.0,645,0,686,0,0,0,714,0,786,0,707,0,689,0,645,0,640,0,618,0.032,36962304.0,-0.0,0.0,10384,16789,0.0,1.752624636021752e+32,-1.0570162246420854e+22,-0.0,-3.235552976585783e+35,0.0,29.0,60.0,70,0.0,0.0,0.0,0.0,0.0,0.0,0.0,0.0,0.0,0.0,0.0,0.0,0.0,0.0,0.0,0.0,59.2,68,11,65509,41,65476,0,300,0,0,8,20529,65476,0,0,61604,60.0,0.0,0.0,0.0,0.0,0.0
2026-04-04T11:43:30,ERR,ERR,ERR,ERR,ERR,ERR,ERR,ERR,ERR,ERR,ERR,ERR,ERR,ERR,ERR,ERR,ERR,ERR,ERR,ERR,ERR,ERR,ERR,ERR,ERR,ERR,ERR,ERR,ERR,ERR,ERR,ERR,ERR,ERR,ERR,ERR,ERR,ERR,ERR,ERR,ERR,ERR,ERR,ERR,ERR,ERR,ERR,ERR,ERR,ERR,ERR,ERR,ERR,ERR,ERR,ERR,ERR,ERR,ERR,ERR,ERR,ERR,ERR,ERR,ERR,ERR,ERR,ERR,ERR,ERR,ERR,ERR,ERR,ERR,ERR,ERR,ERR,ERR,ERR,ERR,ERR,ERR,ERR,ERR,ERR,ERR,ERR,ERR,ERR,ERR,ERR,ERR,ERR,ERR,ERR,ERR,ERR,ERR,ERR,ERR,ERR,ERR,ERR,ERR,ERR,ERR,ERR,ERR,ERR,ERR,ERR,ERR,ERR,ERR,ERR,ERR,ERR,ERR,ERR,ERR,ERR,ERR,ERR,ERR,ERR,0.0,-0.0,-101055584.0,0.0,0.0,0.0,0.0,nan,0,0,0,32768,0,0.0,0,0.0,0.0,0.0,0.0,0.0,0,0,0,0,0.0,0,0,0,0,0,0,0,0,0,0,0,0,0,0,0,0,0,0,0,0,0,0,0,0,0,0,0,0,0,0,0,0,0,0,0,0,0,0,0,0,0,0,0,0,0.0,0.0,0.0,0.0,0.0,0.0,0.0,0.0,0.0,0.0,0.0,0.0,0.0,0.0,0.0,0.0,0.0,0.0,0.0,0.0,0.0,0.0,-0.0,-2.004,-2.004,-0.0,0.0,0.0,0.0,0.0,3366.0,-0.0,0.0,0.0,-0.0,-0.0,2.7184274988523002e+23,0.0,0.0,0.0,0.0,0,-107615248.0,-152016173137920.0,0.0,0.0,0.0,0.0,0.0,0.0,0.0,0,0,0,0.0,0.0,0.0,0.0,0.0,0.0,0.0,0.0,0.0,0.0,0.0,0.0,0.0,0.0,0.0,0.0,0,-107875648.0,0,0.0,0,-107875648.0,-107877712.0,0,52429,17038,0,17053,26215,17037,0,0,0,110,100,100,0.0,64.0,0.0,64.9,-107615304.0,68.5,1,49,50,180,0,13107,0,0,0.0,0.0,0.0,0.0,0.0,65.5,0.0,7.265466705573602e+31,0.0,645,0,686,0,0,0,714,0,786,0,707,0,689,0,645,0,640,0,618,0.032,36962304.0,-0.0,0.0,10384,16789,0.0,1.752624636021752e+32,-1.0570162246420854e+22,-0.0,-3.235552976585783e+35,0.0,29.0,60.0,70,0.0,0.0,0.0,0.0,0.0,0.0,0.0,0.0,0.0,0.0,0.0,0.0,0.0,0.0,0.0,0.0,59.6,68,11,65509,41,65476,0,300,0,0,8,20529,65476,0,0,61604,60.0,0.0,0.0,0.0,0.0,0.0
2026-04-04T11:43:31,ERR,ERR,ERR,ERR,ERR,ERR,ERR,ERR,ERR,ERR,ERR,ERR,ERR,ERR,ERR,ERR,ERR,ERR,ERR,ERR,ERR,ERR,ERR,ERR,ERR,ERR,ERR,ERR,ERR,ERR,ERR,ERR,ERR,ERR,ERR,ERR,ERR,ERR,ERR,ERR,ERR,ERR,ERR,ERR,ERR,ERR,ERR,ERR,ERR,ERR,ERR,ERR,ERR,ERR,ERR,ERR,ERR,ERR,ERR,ERR,ERR,ERR,ERR,ERR,ERR,ERR,ERR,ERR,ERR,ERR,ERR,ERR,ERR,ERR,ERR,ERR,ERR,ERR,ERR,ERR,ERR,ERR,ERR,ERR,ERR,ERR,ERR,ERR,ERR,ERR,ERR,ERR,ERR,ERR,ERR,ERR,ERR,ERR,ERR,ERR,ERR,ERR,ERR,ERR,ERR,ERR,ERR,ERR,ERR,ERR,ERR,ERR,ERR,ERR,ERR,ERR,ERR,ERR,ERR,ERR,ERR,ERR,ERR,ERR,ERR,0.0,-0.0,-101055584.0,0.0,0.0,0.0,0.0,nan,0,0,0,32768,0,0.0,0,0.0,0.0,0.0,0.0,0.0,0,0,0,0,0.0,0,0,0,0,0,0,0,0,0,0,0,0,0,0,0,0,0,0,0,0,0,0,0,0,0,0,0,0,0,0,0,0,0,0,0,0,0,0,0,0,0,0,0,0,0.0,0.0,0.0,0.0,0.0,0.0,0.0,0.0,0.0,0.0,0.0,0.0,0.0,0.0,0.0,0.0,0.0,0.0,0.0,0.0,0.0,0.0,-0.0,-2.004,-2.004,-0.0,0.0,0.0,0.0,0.0,3366.0,-0.0,0.0,0.0,-0.0,-0.0,2.7184274988523002e+23,0.0,0.0,0.0,0.0,0,-107615248.0,-152016173137920.0,0.0,0.0,0.0,0.0,0.0,0.0,0.0,0,0,0,0.0,0.0,0.0,0.0,0.0,0.0,0.0,0.0,0.0,0.0,0.0,0.0,0.0,0.0,0.0,0.0,0,-107875648.0,0,0.0,0,-107875648.0,-107877712.0,0,52429,17038,0,17053,26215,17037,0,0,0,110,100,100,0.0,64.0,0.0,64.9,-107615304.0,68.5,1,49,50,180,0,13107,0,0,0.0,0.0,0.0,0.0,0.0,65.5,0.0,7.265466705573602e+31,0.0,645,0,686,0,0,0,714,0,786,0,707,0,689,0,645,0,640,0,618,0.032,36962304.0,-0.0,0.0,10384,16789,0.0,1.752624636021752e+32,-1.0570162246420854e+22,-0.0,-3.235552976585783e+35,0.0,29.0,60.0,70,0.0,0.0,0.0,0.0,0.0,0.0,0.0,0.0,0.0,0.0,0.0,0.0,0.0,0.0,0.0,0.0,59.6,68,11,65509,41,65476,0,300,0,0,8,20529,65476,0,0,61604,60.0,0.0,0.0,0.0,0.0,0.0
2026-04-04T11:43:32,ERR,ERR,ERR,ERR,ERR,ERR,ERR,ERR,ERR,ERR,ERR,ERR,ERR,ERR,ERR,ERR,ERR,ERR,ERR,ERR,ERR,ERR,ERR,ERR,ERR,ERR,ERR,ERR,ERR,ERR,ERR,ERR,ERR,ERR,ERR,ERR,ERR,ERR,ERR,ERR,ERR,ERR,ERR,ERR,ERR,ERR,ERR,ERR,ERR,ERR,ERR,ERR,ERR,ERR,ERR,ERR,ERR,ERR,ERR,ERR,ERR,ERR,ERR,ERR,ERR,ERR,ERR,ERR,ERR,ERR,ERR,ERR,ERR,ERR,ERR,ERR,ERR,ERR,ERR,ERR,ERR,ERR,ERR,ERR,ERR,ERR,ERR,ERR,ERR,ERR,ERR,ERR,ERR,ERR,ERR,ERR,ERR,ERR,ERR,ERR,ERR,ERR,ERR,ERR,ERR,ERR,ERR,ERR,ERR,ERR,ERR,ERR,ERR,ERR,ERR,ERR,ERR,ERR,ERR,ERR,ERR,ERR,ERR,ERR,ERR,0.0,0.0,-0.0,0.0,0.0,0.0,0.0,nan,0,0,0,32768,0,0.0,0,0.0,0.0,0.0,0.0,0.0,0,0,0,0,0.0,0,0,0,0,0,0,0,0,0,0,0,0,0,0,0,0,0,0,0,0,0,0,0,0,0,0,0,0,0,0,0,0,0,0,0,0,0,0,0,0,0,0,0,0,0.0,0.0,0.0,0.0,0.0,0.0,0.0,0.0,0.0,0.0,0.0,0.0,0.0,0.0,0.0,0.0,0.0,0.0,0.0,0.0,0.0,0.0,-0.0,-0.0,-2.004,-0.0,0.0,0.0,0.0,0.0,3369.0,-0.0,0.0,0.0,0.0,-0.0,2.7184274988523002e+23,0.0,0.0,0.0,0.0,0,-3.222024165466893e+26,-0.0,0.0,0.0,0.0,0.0,0.0,0.0,0.0,0,0,0,0.0,0.0,0.0,0.0,0.0,0.0,0.0,0.0,0.0,0.0,0.0,0.0,0.0,0.0,0.0,0.0,0,-107875648.0,0,0.0,0,-107875648.0,-107877712.0,0,52429,17038,0,17053,26215,17037,0,0,0,110,100,100,0.0,64.0,0.0,64.9,-107615304.0,68.5,1,49,50,180,0,13107,0,0,0.0,0.0,0.0,0.0,0.0,65.5,0.0,7.265466705573602e+31,0.0,645,0,686,0,0,0,714,0,786,0,707,0,689,0,645,0,640,0,618,0.032,36962304.0,-0.0,0.0,10384,16789,0.0,1.752624636021752e+32,-1.0570162246420854e+22,-0.0,-3.235552976585783e+35,0.0,29.0,60.0,70,0.0,0.0,0.0,0.0,0.0,0.0,0.0,0.0,0.0,0.0,0.0,0.0,0.0,0.0,0.0,0.0,59.6,68,11,65509,41,65476,0,300,0,0,8,20529,65476,0,0,61604,60.0,0.0,0.0,0.0,0.0,0.0
2026-04-04T11:43:33,ERR,ERR,ERR,ERR,ERR,ERR,ERR,ERR,ERR,ERR,ERR,ERR,ERR,ERR,ERR,ERR,ERR,ERR,ERR,ERR,ERR,ERR,ERR,ERR,ERR,ERR,ERR,ERR,ERR,ERR,ERR,ERR,ERR,ERR,ERR,ERR,ERR,ERR,ERR,ERR,ERR,ERR,ERR,ERR,ERR,ERR,ERR,ERR,ERR,ERR,ERR,ERR,ERR,ERR,ERR,ERR,ERR,ERR,ERR,ERR,ERR,ERR,ERR,ERR,ERR,ERR,ERR,ERR,ERR,ERR,ERR,ERR,ERR,ERR,ERR,ERR,ERR,ERR,ERR,ERR,ERR,ERR,ERR,ERR,ERR,ERR,ERR,ERR,ERR,ERR,ERR,ERR,ERR,ERR,ERR,ERR,ERR,ERR,ERR,ERR,ERR,ERR,ERR,ERR,ERR,ERR,ERR,ERR,ERR,ERR,ERR,ERR,ERR,ERR,ERR,ERR,ERR,ERR,ERR,ERR,ERR,ERR,ERR,ERR,ERR,0.0,0.0,-0.0,0.0,0.0,0.0,0.0,nan,0,0,0,32768,0,0.0,0,0.0,0.0,0.0,0.0,0.0,0,0,0,0,0.0,0,0,0,0,0,0,0,0,0,0,0,0,0,0,0,0,0,0,0,0,0,0,0,0,0,0,0,0,0,0,0,0,0,0,0,0,0,0,0,0,0,0,0,0,0.0,0.0,0.0,0.0,0.0,0.0,0.0,0.0,0.0,0.0,0.0,0.0,0.0,0.0,0.0,0.0,0.0,0.0,0.0,0.0,0.0,0.0,-0.0,-0.0,-2.004,-0.0,0.0,0.0,0.0,0.0,3369.0,-0.0,0.0,0.0,0.0,-0.0,2.7184274988523002e+23,0.0,0.0,0.0,0.0,0,-3.222024165466893e+26,-0.0,0.0,0.0,0.0,0.0,0.0,0.0,0.0,0,0,0,0.0,0.0,0.0,0.0,0.0,0.0,0.0,0.0,0.0,0.0,0.0,0.0,0.0,0.0,0.0,0.0,0,-107875648.0,0,0.0,0,-107875648.0,-107877712.0,0,52429,17038,13107,17053,26215,17037,0,0,0,110,100,100,0.0,64.0,0.0,64.9,-107615304.0,68.5,1,49,50,180,0,13107,0,0,0.0,0.0,0.0,0.0,0.0,65.5,0.0,0.0,0.0,645,0,686,0,0,0,714,0,785,0,707,0,689,0,645,0,640,0,618,0.032,37224448.0,-0.0,0.0,10640,16789,0.0,0.001,-3629288783872.0,-9.410960412495111e+35,-1.0560021435995668e+30,0.0,29.0,60.0,70,0.0,0.0,0.0,0.0,0.0,0.0,0.0,0.0,0.0,0.0,0.0,0.0,0.0,0.0,0.0,0.0,59.2,68,11,65509,41,65476,0,300,0,0,8,20529,65476,0,0,61604,60.0,0.0,0.0,0.0,0.0,0.0
2026-04-04T11:43:34,ERR,ERR,ERR,ERR,ERR,ERR,ERR,ERR,ERR,ERR,ERR,ERR,ERR,ERR,ERR,ERR,ERR,ERR,ERR,ERR,ERR,ERR,ERR,ERR,ERR,ERR,ERR,ERR,ERR,ERR,ERR,ERR,ERR,ERR,ERR,ERR,ERR,ERR,ERR,ERR,ERR,ERR,ERR,ERR,ERR,ERR,ERR,ERR,ERR,ERR,ERR,ERR,ERR,ERR,ERR,ERR,ERR,ERR,ERR,ERR,ERR,ERR,ERR,ERR,ERR,ERR,ERR,ERR,ERR,ERR,ERR,ERR,ERR,ERR,ERR,ERR,ERR,ERR,ERR,ERR,ERR,ERR,ERR,ERR,ERR,ERR,ERR,ERR,ERR,ERR,ERR,ERR,ERR,ERR,ERR,ERR,ERR,ERR,ERR,ERR,ERR,ERR,ERR,ERR,ERR,ERR,ERR,ERR,ERR,ERR,ERR,ERR,ERR,ERR,ERR,ERR,ERR,ERR,ERR,ERR,ERR,ERR,ERR,ERR,ERR,0.0,0.0,-0.0,0.0,0.0,0.0,0.0,nan,0,0,0,32768,0,0.0,0,0.0,0.0,0.0,0.0,0.0,0,0,0,0,0.0,0,0,0,0,0,0,0,0,0,0,0,0,0,0,0,0,0,0,0,0,0,0,0,0,0,0,0,0,0,0,0,0,0,0,0,0,0,0,0,0,0,0,0,0,0.0,0.0,0.0,0.0,0.0,0.0,0.0,0.0,0.0,0.0,0.0,0.0,0.0,0.0,0.0,0.0,0.0,0.0,0.0,0.0,0.0,0.0,-0.0,-0.0,-2.004,-0.0,0.0,0.0,0.0,0.0,3369.0,-0.0,0.0,0.0,0.0,-0.0,2.7184274988523002e+23,0.0,0.0,0.0,0.0,0,-3.222024165466893e+26,-0.0,0.0,0.0,0.0,0.0,0.0,0.0,0.0,0,0,0,0.0,0.0,0.0,0.0,0.0,0.0,0.0,0.0,0.0,0.0,0.0,0.0,0.0,0.0,0.0,0.0,0,-107875648.0,0,0.0,0,-107875648.0,-107877712.0,0,52429,17038,13107,17053,26215,17037,0,0,0,110,100,100,0.0,64.0,0.0,64.9,-107615304.0,68.5,1,49,50,180,0,13107,0,0,0.0,0.0,0.0,0.0,0.0,65.5,0.0,0.0,0.0,645,0,686,0,0,0,714,0,785,0,707,0,689,0,645,0,640,0,618,0.032,37224448.0,-0.0,0.0,10640,16789,0.0,0.001,-3629288783872.0,-9.410960412495111e+35,-1.0560021435995668e+30,0.0,29.0,60.0,70,0.0,0.0,0.0,0.0,0.0,0.0,0.0,0.0,0.0,0.0,0.0,0.0,0.0,0.0,0.0,0.0,59.2,68,11,65509,41,65476,0,300,0,0,8,20529,65476,0,0,61604,60.0,0.0,0.0,0.0,0.0,0.0
2026-04-04T11:43:35,ERR,ERR,ERR,ERR,ERR,ERR,ERR,ERR,ERR,ERR,ERR,ERR,ERR,ERR,ERR,ERR,ERR,ERR,ERR,ERR,ERR,ERR,ERR,ERR,ERR,ERR,ERR,ERR,ERR,ERR,ERR,ERR,ERR,ERR,ERR,ERR,ERR,ERR,ERR,ERR,ERR,ERR,ERR,ERR,ERR,ERR,ERR,ERR,ERR,ERR,ERR,ERR,ERR,ERR,ERR,ERR,ERR,ERR,ERR,ERR,ERR,ERR,ERR,ERR,ERR,ERR,ERR,ERR,ERR,ERR,ERR,ERR,ERR,ERR,ERR,ERR,ERR,ERR,ERR,ERR,ERR,ERR,ERR,ERR,ERR,ERR,ERR,ERR,ERR,ERR,ERR,ERR,ERR,ERR,ERR,ERR,ERR,ERR,ERR,ERR,ERR,ERR,ERR,ERR,ERR,ERR,ERR,ERR,ERR,ERR,ERR,ERR,ERR,ERR,ERR,ERR,ERR,ERR,ERR,ERR,ERR,ERR,ERR,ERR,ERR,0.0,0.0,-0.0,0.0,0.0,0.0,0.0,nan,0,0,0,32768,0,0.0,0,0.0,0.0,0.0,0.0,0.0,0,0,0,0,0.0,0,0,0,0,0,0,0,0,0,0,0,0,0,0,0,0,0,0,0,0,0,0,0,0,0,0,0,0,0,0,0,0,0,0,0,0,0,0,0,0,0,0,0,0,0.0,0.0,0.0,0.0,0.0,0.0,0.0,0.0,0.0,0.0,0.0,0.0,0.0,0.0,0.0,0.0,0.0,0.0,0.0,0.0,0.0,0.0,-0.0,-0.0,-2.004,-0.0,0.0,0.0,0.0,0.0,3369.0,-0.0,0.0,0.0,0.0,-0.0,2.7184274988523002e+23,0.0,0.0,0.0,0.0,0,-3.222024165466893e+26,-0.0,0.0,0.0,0.0,0.0,0.0,0.0,0.0,0,0,0,0.0,0.0,0.0,0.0,0.0,0.0,0.0,0.0,0.0,0.0,0.0,0.0,0.0,0.0,0.0,0.0,0,-107875648.0,0,0.0,0,-107875648.0,-107877712.0,0,52429,17038,13107,17053,26215,17037,0,0,0,110,100,100,0.0,64.0,0.0,64.9,-107615304.0,68.5,1,49,50,180,0,13107,0,0,0.0,0.0,0.0,0.0,0.0,65.5,0.0,0.0,0.0,645,0,686,0,0,0,714,0,785,0,707,0,689,0,645,0,640,0,618,0.032,37224448.0,-0.0,0.0,10640,16789,0.0,0.001,-3629288783872.0,-9.410960412495111e+35,-1.0560021435995668e+30,0.0,29.0,60.0,70,0.0,0.0,0.0,0.0,0.0,0.0,0.0,0.0,0.0,0.0,0.0,0.0,0.0,0.0,0.0,0.0,59.6,68,11,65509,41,65476,0,300,0,0,8,20529,65476,0,0,61604,60.0,0.0,0.0,0.0,0.0,0.0
2026-04-04T11:43:36,ERR,ERR,ERR,ERR,ERR,ERR,ERR,ERR,ERR,ERR,ERR,ERR,ERR,ERR,ERR,ERR,ERR,ERR,ERR,ERR,ERR,ERR,ERR,ERR,ERR,ERR,ERR,ERR,ERR,ERR,ERR,ERR,ERR,ERR,ERR,ERR,ERR,ERR,ERR,ERR,ERR,ERR,ERR,ERR,ERR,ERR,ERR,ERR,ERR,ERR,ERR,ERR,ERR,ERR,ERR,ERR,ERR,ERR,ERR,ERR,ERR,ERR,ERR,ERR,ERR,ERR,ERR,ERR,ERR,ERR,ERR,ERR,ERR,ERR,ERR,ERR,ERR,ERR,ERR,ERR,ERR,ERR,ERR,ERR,ERR,ERR,ERR,ERR,ERR,ERR,ERR,ERR,ERR,ERR,ERR,ERR,ERR,ERR,ERR,ERR,ERR,ERR,ERR,ERR,ERR,ERR,ERR,ERR,ERR,ERR,ERR,ERR,ERR,ERR,ERR,ERR,ERR,ERR,ERR,ERR,ERR,ERR,ERR,ERR,ERR,0.0,0.0,-0.0,0.0,0.0,0.0,0.0,nan,0,0,0,32768,0,0.0,0,0.0,0.0,0.0,0.0,0.0,0,0,0,0,0.0,0,0,0,0,0,0,0,0,0,0,0,0,0,0,0,0,0,0,0,0,0,0,0,0,0,0,0,0,0,0,0,0,0,0,0,0,0,0,0,0,0,0,0,0,0.0,0.0,0.0,0.0,0.0,0.0,0.0,0.0,0.0,0.0,0.0,0.0,0.0,0.0,0.0,0.0,0.0,0.0,0.0,0.0,0.0,0.0,-0.0,-0.0,-2.004,-0.0,0.0,0.0,0.0,0.0,3369.0,-0.0,0.0,0.0,0.0,-0.0,2.7184274988523002e+23,0.0,0.0,0.0,0.0,0,-3.222024165466893e+26,-0.0,0.0,0.0,0.0,0.0,0.0,0.0,0.0,0,0,0,0.0,0.0,0.0,0.0,0.0,0.0,0.0,0.0,0.0,0.0,0.0,0.0,0.0,0.0,0.0,0.0,0,-107875648.0,0,0.0,0,-107875648.0,-107877712.0,0,52429,17038,13107,17053,26215,17037,0,0,0,110,100,100,0.0,64.0,0.0,64.9,-107615304.0,68.5,1,49,50,180,0,13107,0,0,0.0,0.0,0.0,0.0,0.0,65.5,0.0,0.0,0.0,645,0,686,0,0,0,714,0,785,0,707,0,689,0,645,0,640,0,618,0.032,37224448.0,-0.0,0.0,10640,16789,0.0,0.001,-3629288783872.0,-9.410960412495111e+35,-1.0560021435995668e+30,0.0,29.0,60.0,70,0.0,0.0,0.0,0.0,0.0,0.0,0.0,0.0,0.0,0.0,0.0,0.0,0.0,0.0,0.0,0.0,59.6,68,11,65509,41,65476,0,300,0,0,8,20529,65476,0,0,61604,60.0,0.0,0.0,0.0,0.0,0.0
2026-04-04T11:43:37,ERR,ERR,ERR,ERR,ERR,ERR,ERR,ERR,ERR,ERR,ERR,ERR,ERR,ERR,ERR,ERR,ERR,ERR,ERR,ERR,ERR,ERR,ERR,ERR,ERR,ERR,ERR,ERR,ERR,ERR,ERR,ERR,ERR,ERR,ERR,ERR,ERR,ERR,ERR,ERR,ERR,ERR,ERR,ERR,ERR,ERR,ERR,ERR,ERR,ERR,ERR,ERR,ERR,ERR,ERR,ERR,ERR,ERR,ERR,ERR,ERR,ERR,ERR,ERR,ERR,ERR,ERR,ERR,ERR,ERR,ERR,ERR,ERR,ERR,ERR,ERR,ERR,ERR,ERR,ERR,ERR,ERR,ERR,ERR,ERR,ERR,ERR,ERR,ERR,ERR,ERR,ERR,ERR,ERR,ERR,ERR,ERR,ERR,ERR,ERR,ERR,ERR,ERR,ERR,ERR,ERR,ERR,ERR,ERR,ERR,ERR,ERR,ERR,ERR,ERR,ERR,ERR,ERR,ERR,ERR,ERR,ERR,ERR,ERR,ERR,0.0,0.0,-0.0,0.0,0.0,0.0,0.0,nan,0,0,0,32768,0,0.0,0,0.0,0.0,0.0,0.0,0.0,0,0,0,0,0.0,0,0,0,0,0,0,0,0,0,0,0,0,0,0,0,0,0,0,0,0,0,0,0,0,0,0,0,0,0,0,0,0,0,0,0,0,0,0,0,0,0,0,0,0,0.0,0.0,0.0,0.0,0.0,0.0,0.0,0.0,0.0,0.0,0.0,0.0,0.0,0.0,0.0,0.0,0.0,0.0,0.0,0.0,0.0,0.0,-0.0,-0.0,-2.004,-0.0,0.0,0.0,0.0,0.0,3369.0,-0.0,0.0,0.0,0.0,-0.0,2.7184274988523002e+23,0.0,0.0,0.0,0.0,0,-3.222024165466893e+26,-0.0,0.0,0.0,0.0,0.0,0.0,0.0,0.0,0,0,0,0.0,0.0,0.0,0.0,0.0,0.0,0.0,0.0,0.0,0.0,0.0,0.0,0.0,0.0,0.0,0.0,0,-107875648.0,0,0.0,0,-107875648.0,-107877712.0,0,52429,17038,13107,17053,26215,17037,0,0,0,110,100,100,0.0,64.0,0.0,64.9,-107615304.0,68.5,1,49,50,180,0,13107,0,0,0.0,0.0,0.0,0.0,0.0,65.5,0.0,0.0,0.0,645,0,686,0,0,0,714,0,785,0,707,0,689,0,645,0,640,0,618,0.032,37224448.0,-0.0,0.0,10640,16789,0.0,0.001,-3629288783872.0,-9.410960412495111e+35,-1.0560021435995668e+30,0.0,29.0,60.0,70,0.0,0.0,0.0,0.0,0.0,0.0,0.0,0.0,0.0,0.0,0.0,0.0,0.0,0.0,0.0,0.0,59.6,68,11,65509,41,65476,0,300,0,0,8,20529,65476,0,0,61604,60.0,0.0,0.0,0.0,0.0,0.0
2026-04-04T11:43:38,ERR,ERR,ERR,ERR,ERR,ERR,ERR,ERR,ERR,ERR,ERR,ERR,ERR,ERR,ERR,ERR,ERR,ERR,ERR,ERR,ERR,ERR,ERR,ERR,ERR,ERR,ERR,ERR,ERR,ERR,ERR,ERR,ERR,ERR,ERR,ERR,ERR,ERR,ERR,ERR,ERR,ERR,ERR,ERR,ERR,ERR,ERR,ERR,ERR,ERR,ERR,ERR,ERR,ERR,ERR,ERR,ERR,ERR,ERR,ERR,ERR,ERR,ERR,ERR,ERR,ERR,ERR,ERR,ERR,ERR,ERR,ERR,ERR,ERR,ERR,ERR,ERR,ERR,ERR,ERR,ERR,ERR,ERR,ERR,ERR,ERR,ERR,ERR,ERR,ERR,ERR,ERR,ERR,ERR,ERR,ERR,ERR,ERR,ERR,ERR,ERR,ERR,ERR,ERR,ERR,ERR,ERR,ERR,ERR,ERR,ERR,ERR,ERR,ERR,ERR,ERR,ERR,ERR,ERR,ERR,ERR,ERR,ERR,ERR,ERR,0.0,0.0,-0.0,0.0,0.0,0.0,0.0,nan,0,0,0,32768,0,0.0,0,0.0,0.0,0.0,0.0,0.0,0,0,0,0,0.0,0,0,0,0,0,0,0,0,0,0,0,0,0,0,0,0,0,0,0,0,0,0,0,0,0,0,0,0,0,0,0,0,0,0,0,0,0,0,0,0,0,0,0,0,0.0,0.0,0.0,0.0,0.0,0.0,0.0,0.0,0.0,0.0,0.0,0.0,0.0,0.0,0.0,0.0,0.0,0.0,0.0,0.0,0.0,0.0,-0.0,-0.0,-2.004,-0.0,0.0,0.0,0.0,0.0,3369.0,-0.0,0.0,0.0,0.0,-0.0,2.7184274988523002e+23,0.0,0.0,0.0,0.0,0,-3.222024165466893e+26,-0.0,0.0,0.0,0.0,0.0,0.0,0.0,0.0,0,0,0,0.0,0.0,0.0,0.0,0.0,0.0,0.0,0.0,0.0,0.0,0.0,0.0,0.0,0.0,0.0,0.0,0,-107875648.0,0,0.0,0,-107875648.0,-107877712.0,0,52429,17038,13107,17053,26215,17037,0,0,0,110,100,100,0.0,64.0,0.0,64.9,-107615304.0,68.5,1,49,50,180,0,13107,0,0,0.0,0.0,0.0,0.0,0.0,65.5,0.0,0.0,0.0,645,0,686,0,0,0,714,0,785,0,707,0,689,0,645,0,640,0,618,0.032,37224448.0,-0.0,0.0,10640,16789,0.0,0.001,-3629288783872.0,-9.410960412495111e+35,-1.0560021435995668e+30,0.0,29.0,60.0,70,0.0,0.0,0.0,0.0,0.0,0.0,0.0,0.0,0.0,0.0,0.0,0.0,0.0,0.0,0.0,0.0,59.2,68,11,65509,41,65476,0,300,0,0,8,20529,65476,0,0,61604,60.0,0.0,0.0,0.0,0.0,0.0
2026-04-04T11:43:39,ERR,ERR,ERR,ERR,ERR,ERR,ERR,ERR,ERR,ERR,ERR,ERR,ERR,ERR,ERR,ERR,ERR,ERR,ERR,ERR,ERR,ERR,ERR,ERR,ERR,ERR,ERR,ERR,ERR,ERR,ERR,ERR,ERR,ERR,ERR,ERR,ERR,ERR,ERR,ERR,ERR,ERR,ERR,ERR,ERR,ERR,ERR,ERR,ERR,ERR,ERR,ERR,ERR,ERR,ERR,ERR,ERR,ERR,ERR,ERR,ERR,ERR,ERR,ERR,ERR,ERR,ERR,ERR,ERR,ERR,ERR,ERR,ERR,ERR,ERR,ERR,ERR,ERR,ERR,ERR,ERR,ERR,ERR,ERR,ERR,ERR,ERR,ERR,ERR,ERR,ERR,ERR,ERR,ERR,ERR,ERR,ERR,ERR,ERR,ERR,ERR,ERR,ERR,ERR,ERR,ERR,ERR,ERR,ERR,ERR,ERR,ERR,ERR,ERR,ERR,ERR,ERR,ERR,ERR,ERR,ERR,ERR,ERR,ERR,ERR,0.0,0.0,-0.0,0.0,0.0,0.0,0.0,nan,0,0,0,32768,0,0.0,0,0.0,0.0,0.0,0.0,0.0,0,0,0,0,0.0,0,0,0,0,0,0,0,0,0,0,0,0,0,0,0,0,0,0,0,0,0,0,0,0,0,0,0,0,0,0,0,0,0,0,0,0,0,0,0,0,0,0,0,0,0.0,0.0,0.0,0.0,0.0,0.0,0.0,0.0,0.0,0.0,0.0,0.0,0.0,0.0,0.0,0.0,0.0,0.0,0.0,0.0,0.0,0.0,-0.0,-0.0,-2.004,-0.0,0.0,0.0,0.0,0.0,3369.0,-0.0,0.0,0.0,0.0,-0.0,2.7184274988523002e+23,0.0,0.0,0.0,0.0,0,-3.222024165466893e+26,-0.0,0.0,0.0,0.0,0.0,0.0,0.0,0.0,0,0,0,0.0,0.0,0.0,0.0,0.0,0.0,0.0,0.0,0.0,0.0,0.0,0.0,0.0,0.0,0.0,0.0,0,-107875648.0,0,0.0,0,-107875648.0,-107877712.0,0,52429,17038,0,17053,26215,17037,0,0,0,110,100,100,0.0,64.0,0.0,64.9,-107615304.0,68.5,1,49,50,180,0,13107,0,0,0.0,0.0,0.0,0.0,0.0,65.5,0.0,-1.619,0.0,645,0,686,0,0,0,714,0,785,0,707,0,689,0,645,0,641,0,618,0.032,36962304.0,-0.0,0.0,20624,16789,0.0,-0.0,7.061305489223559e+30,-0.0,-0.0,-2.322191063491543e+17,29.0,60.0,70,0.0,0.0,0.0,0.0,0.0,0.0,0.0,0.0,0.0,0.0,0.0,0.0,0.0,0.0,0.0,0.0,59.2,68,11,65509,41,65476,0,300,0,0,8,20529,65476,0,0,61604,60.0,0.0,0.0,0.0,0.0,0.0
2026-04-04T11:43:40,ERR,ERR,ERR,ERR,ERR,ERR,ERR,ERR,ERR,ERR,ERR,ERR,ERR,ERR,ERR,ERR,ERR,ERR,ERR,ERR,ERR,ERR,ERR,ERR,ERR,ERR,ERR,ERR,ERR,ERR,ERR,ERR,ERR,ERR,ERR,ERR,ERR,ERR,ERR,ERR,ERR,ERR,ERR,ERR,ERR,ERR,ERR,ERR,ERR,ERR,ERR,ERR,ERR,ERR,ERR,ERR,ERR,ERR,ERR,ERR,ERR,ERR,ERR,ERR,ERR,ERR,ERR,ERR,ERR,ERR,ERR,ERR,ERR,ERR,ERR,ERR,ERR,ERR,ERR,ERR,ERR,ERR,ERR,ERR,ERR,ERR,ERR,ERR,ERR,ERR,ERR,ERR,ERR,ERR,ERR,ERR,ERR,ERR,ERR,ERR,ERR,ERR,ERR,ERR,ERR,ERR,ERR,ERR,ERR,ERR,ERR,ERR,ERR,ERR,ERR,ERR,ERR,ERR,ERR,ERR,ERR,ERR,ERR,ERR,ERR,0.0,-0.0,-101055584.0,0.0,0.0,0.0,0.0,nan,0,0,0,32768,0,0.0,0,0.0,0.0,0.0,0.0,0.0,0,0,0,0,0.0,0,0,0,0,0,0,0,0,0,0,0,0,0,0,0,0,0,0,0,0,0,0,0,0,0,0,0,0,0,0,0,0,0,0,0,0,0,0,0,0,0,0,0,0,0.0,0.0,0.0,0.0,0.0,0.0,0.0,0.0,0.0,0.0,0.0,0.0,0.0,0.0,0.0,0.0,0.0,0.0,0.0,0.0,0.0,0.0,-0.0,-2.004,-2.004,-0.0,0.0,0.0,0.0,0.0,3371.5,1.587915374909487e+29,0.0,0.0,-0.0,-0.0,2.7184274988523002e+23,0.0,0.0,0.0,0.0,0,0.0,-0.0,0.0,0.0,0.0,0.0,0.0,0.0,0.0,0,0,0,0.0,0.0,0.0,0.0,0.0,0.0,0.0,0.0,0.0,0.0,0.0,0.0,0.0,0.0,0.0,0.0,0,-107875648.0,0,0.0,0,-107875648.0,-107877712.0,0,52429,17038,0,17053,26215,17037,0,0,0,110,100,100,0.0,64.0,0.0,64.9,-107615304.0,68.5,1,49,50,180,0,13107,0,0,0.0,0.0,0.0,0.0,0.0,65.5,0.0,-1.619,0.0,645,0,686,0,0,0,714,0,785,0,707,0,689,0,645,0,641,0,618,0.032,36962304.0,-0.0,0.0,20624,16789,0.0,-0.0,7.061305489223559e+30,-0.0,-0.0,-2.322191063491543e+17,29.0,60.0,70,0.0,0.0,0.0,0.0,0.0,0.0,0.0,0.0,0.0,0.0,0.0,0.0,0.0,0.0,0.0,0.0,59.2,68,11,65509,41,65476,0,300,0,0,8,20529,65476,0,0,61604,60.0,0.0,0.0,0.0,0.0,0.0
2026-04-04T11:43:41,ERR,ERR,ERR,ERR,ERR,ERR,ERR,ERR,ERR,ERR,ERR,ERR,ERR,ERR,ERR,ERR,ERR,ERR,ERR,ERR,ERR,ERR,ERR,ERR,ERR,ERR,ERR,ERR,ERR,ERR,ERR,ERR,ERR,ERR,ERR,ERR,ERR,ERR,ERR,ERR,ERR,ERR,ERR,ERR,ERR,ERR,ERR,ERR,ERR,ERR,ERR,ERR,ERR,ERR,ERR,ERR,ERR,ERR,ERR,ERR,ERR,ERR,ERR,ERR,ERR,ERR,ERR,ERR,ERR,ERR,ERR,ERR,ERR,ERR,ERR,ERR,ERR,ERR,ERR,ERR,ERR,ERR,ERR,ERR,ERR,ERR,ERR,ERR,ERR,ERR,ERR,ERR,ERR,ERR,ERR,ERR,ERR,ERR,ERR,ERR,ERR,ERR,ERR,ERR,ERR,ERR,ERR,ERR,ERR,ERR,ERR,ERR,ERR,ERR,ERR,ERR,ERR,ERR,ERR,ERR,ERR,ERR,ERR,ERR,ERR,0.0,-0.0,-101055584.0,0.0,0.0,0.0,0.0,nan,0,0,0,32768,0,0.0,0,0.0,0.0,0.0,0.0,0.0,0,0,0,0,0.0,0,0,0,0,0,0,0,0,0,0,0,0,0,0,0,0,0,0,0,0,0,0,0,0,0,0,0,0,0,0,0,0,0,0,0,0,0,0,0,0,0,0,0,0,0.0,0.0,0.0,0.0,0.0,0.0,0.0,0.0,0.0,0.0,0.0,0.0,0.0,0.0,0.0,0.0,0.0,0.0,0.0,0.0,0.0,0.0,-0.0,-2.004,-2.004,-0.0,0.0,0.0,0.0,0.0,3371.5,1.587915374909487e+29,0.0,0.0,-0.0,-0.0,2.7184274988523002e+23,0.0,0.0,0.0,0.0,0,0.0,-0.0,0.0,0.0,0.0,0.0,0.0,0.0,0.0,0,0,0,0.0,0.0,0.0,0.0,0.0,0.0,0.0,0.0,0.0,0.0,0.0,0.0,0.0,0.0,0.0,0.0,0,-107875648.0,0,0.0,0,-107875648.0,-107877712.0,0,52429,17038,0,17053,26215,17037,0,0,0,110,100,100,0.0,64.0,0.0,64.9,-107615304.0,68.5,1,49,50,180,0,13107,0,0,0.0,0.0,0.0,0.0,0.0,65.5,0.0,-1.619,0.0,645,0,686,0,0,0,714,0,785,0,707,0,689,0,645,0,641,0,618,0.032,36962304.0,-0.0,0.0,20624,16789,0.0,-0.0,7.061305489223559e+30,-0.0,-0.0,-2.322191063491543e+17,29.0,60.0,70,0.0,0.0,0.0,0.0,0.0,0.0,0.0,0.0,0.0,0.0,0.0,0.0,0.0,0.0,0.0,0.0,59.2,68,11,65509,41,65476,0,300,0,0,8,20529,65476,0,0,61604,60.0,0.0,0.0,0.0,0.0,0.0
2026-04-04T11:43:42,ERR,ERR,ERR,ERR,ERR,ERR,ERR,ERR,ERR,ERR,ERR,ERR,ERR,ERR,ERR,ERR,ERR,ERR,ERR,ERR,ERR,ERR,ERR,ERR,ERR,ERR,ERR,ERR,ERR,ERR,ERR,ERR,ERR,ERR,ERR,ERR,ERR,ERR,ERR,ERR,ERR,ERR,ERR,ERR,ERR,ERR,ERR,ERR,ERR,ERR,ERR,ERR,ERR,ERR,ERR,ERR,ERR,ERR,ERR,ERR,ERR,ERR,ERR,ERR,ERR,ERR,ERR,ERR,ERR,ERR,ERR,ERR,ERR,ERR,ERR,ERR,ERR,ERR,ERR,ERR,ERR,ERR,ERR,ERR,ERR,ERR,ERR,ERR,ERR,ERR,ERR,ERR,ERR,ERR,ERR,ERR,ERR,ERR,ERR,ERR,ERR,ERR,ERR,ERR,ERR,ERR,ERR,ERR,ERR,ERR,ERR,ERR,ERR,ERR,ERR,ERR,ERR,ERR,ERR,ERR,ERR,ERR,ERR,ERR,ERR,0.0,-0.0,-101055584.0,0.0,0.0,0.0,0.0,nan,0,0,0,32768,0,0.0,0,0.0,0.0,0.0,0.0,0.0,0,0,0,0,0.0,0,0,0,0,0,0,0,0,0,0,0,0,0,0,0,0,0,0,0,0,0,0,0,0,0,0,0,0,0,0,0,0,0,0,0,0,0,0,0,0,0,0,0,0,0.0,0.0,0.0,0.0,0.0,0.0,0.0,0.0,0.0,0.0,0.0,0.0,0.0,0.0,0.0,0.0,0.0,0.0,0.0,0.0,0.0,0.0,-0.0,-2.004,-2.004,-0.0,0.0,0.0,0.0,0.0,3371.5,1.587915374909487e+29,0.0,0.0,-0.0,-0.0,2.7184274988523002e+23,0.0,0.0,0.0,0.0,0,0.0,-0.0,0.0,0.0,0.0,0.0,0.0,0.0,0.0,0,0,0,0.0,0.0,0.0,0.0,0.0,0.0,0.0,0.0,0.0,0.0,0.0,0.0,0.0,0.0,0.0,0.0,0,-107875648.0,0,0.0,0,-107875648.0,-107877712.0,0,52429,17038,0,17053,26215,17037,0,0,0,110,100,100,0.0,64.0,0.0,64.9,-107615304.0,68.5,1,49,50,180,0,13107,0,0,0.0,0.0,0.0,0.0,0.0,65.5,0.0,-1.619,0.0,645,0,686,0,0,0,714,0,785,0,707,0,689,0,645,0,641,0,618,0.032,36962304.0,-0.0,0.0,20624,16789,0.0,-0.0,7.061305489223559e+30,-0.0,-0.0,-2.322191063491543e+17,29.0,60.0,70,0.0,0.0,0.0,0.0,0.0,0.0,0.0,0.0,0.0,0.0,0.0,0.0,0.0,0.0,0.0,0.0,59.2,68,11,65509,41,65476,0,300,0,0,8,20529,65476,0,0,61604,60.0,0.0,0.0,0.0,0.0,0.0
2026-04-04T11:43:43,ERR,ERR,ERR,ERR,ERR,ERR,ERR,ERR,ERR,ERR,ERR,ERR,ERR,ERR,ERR,ERR,ERR,ERR,ERR,ERR,ERR,ERR,ERR,ERR,ERR,ERR,ERR,ERR,ERR,ERR,ERR,ERR,ERR,ERR,ERR,ERR,ERR,ERR,ERR,ERR,ERR,ERR,ERR,ERR,ERR,ERR,ERR,ERR,ERR,ERR,ERR,ERR,ERR,ERR,ERR,ERR,ERR,ERR,ERR,ERR,ERR,ERR,ERR,ERR,ERR,ERR,ERR,ERR,ERR,ERR,ERR,ERR,ERR,ERR,ERR,ERR,ERR,ERR,ERR,ERR,ERR,ERR,ERR,ERR,ERR,ERR,ERR,ERR,ERR,ERR,ERR,ERR,ERR,ERR,ERR,ERR,ERR,ERR,ERR,ERR,ERR,ERR,ERR,ERR,ERR,ERR,ERR,ERR,ERR,ERR,ERR,ERR,ERR,ERR,ERR,ERR,ERR,ERR,ERR,ERR,ERR,ERR,ERR,ERR,ERR,0.0,-0.0,-101055584.0,0.0,0.0,0.0,0.0,nan,0,0,0,32768,0,0.0,0,0.0,0.0,0.0,0.0,0.0,0,0,0,0,0.0,0,0,0,0,0,0,0,0,0,0,0,0,0,0,0,0,0,0,0,0,0,0,0,0,0,0,0,0,0,0,0,0,0,0,0,0,0,0,0,0,0,0,0,0,0.0,0.0,0.0,0.0,0.0,0.0,0.0,0.0,0.0,0.0,0.0,0.0,0.0,0.0,0.0,0.0,0.0,0.0,0.0,0.0,0.0,0.0,-0.0,-2.004,-2.004,-0.0,0.0,0.0,0.0,0.0,3371.5,1.587915374909487e+29,0.0,0.0,-0.0,-0.0,2.7184274988523002e+23,0.0,0.0,0.0,0.0,0,0.0,-0.0,0.0,0.0,0.0,0.0,0.0,0.0,0.0,0,0,0,0.0,0.0,0.0,0.0,0.0,0.0,0.0,0.0,0.0,0.0,0.0,0.0,0.0,0.0,0.0,0.0,0,-107875648.0,0,0.0,0,-107875648.0,-107877712.0,0,52429,17038,0,17053,26215,17037,0,0,0,110,100,100,0.0,64.0,0.0,64.9,-107615304.0,68.5,1,49,50,180,0,13107,0,0,0.0,0.0,0.0,0.0,0.0,65.5,0.0,-1.619,0.0,645,0,686,0,0,0,714,0,785,0,707,0,689,0,645,0,641,0,618,0.032,36962304.0,-0.0,0.0,20624,16789,0.0,-0.0,7.061305489223559e+30,-0.0,-0.0,-2.322191063491543e+17,29.0,60.0,70,0.0,0.0,0.0,0.0,0.0,0.0,0.0,0.0,0.0,0.0,0.0,0.0,0.0,0.0,0.0,0.0,59.2,68,11,65509,41,65476,0,300,0,0,8,20529,65476,0,0,61604,60.0,0.0,0.0,0.0,0.0,0.0
2026-04-04T11:43:44,ERR,ERR,ERR,ERR,ERR,ERR,ERR,ERR,ERR,ERR,ERR,ERR,ERR,ERR,ERR,ERR,ERR,ERR,ERR,ERR,ERR,ERR,ERR,ERR,ERR,ERR,ERR,ERR,ERR,ERR,ERR,ERR,ERR,ERR,ERR,ERR,ERR,ERR,ERR,ERR,ERR,ERR,ERR,ERR,ERR,ERR,ERR,ERR,ERR,ERR,ERR,ERR,ERR,ERR,ERR,ERR,ERR,ERR,ERR,ERR,ERR,ERR,ERR,ERR,ERR,ERR,ERR,ERR,ERR,ERR,ERR,ERR,ERR,ERR,ERR,ERR,ERR,ERR,ERR,ERR,ERR,ERR,ERR,ERR,ERR,ERR,ERR,ERR,ERR,ERR,ERR,ERR,ERR,ERR,ERR,ERR,ERR,ERR,ERR,ERR,ERR,ERR,ERR,ERR,ERR,ERR,ERR,ERR,ERR,ERR,ERR,ERR,ERR,ERR,ERR,ERR,ERR,ERR,ERR,ERR,ERR,ERR,ERR,ERR,ERR,0.0,-0.0,-101055584.0,0.0,0.0,0.0,0.0,nan,0,0,0,32768,0,0.0,0,0.0,0.0,0.0,0.0,0.0,0,0,0,0,0.0,0,0,0,0,0,0,0,0,0,0,0,0,0,0,0,0,0,0,0,0,0,0,0,0,0,0,0,0,0,0,0,0,0,0,0,0,0,0,0,0,0,0,0,0,0.0,0.0,0.0,0.0,0.0,0.0,0.0,0.0,0.0,0.0,0.0,0.0,0.0,0.0,0.0,0.0,0.0,0.0,0.0,0.0,0.0,0.0,-0.0,-2.004,-2.004,-0.0,0.0,0.0,0.0,0.0,3371.5,1.587915374909487e+29,0.0,0.0,-0.0,-0.0,2.7184274988523002e+23,0.0,0.0,0.0,0.0,0,0.0,-0.0,0.0,0.0,0.0,0.0,0.0,0.0,0.0,0,0,0,0.0,0.0,0.0,0.0,0.0,0.0,0.0,0.0,0.0,0.0,0.0,0.0,0.0,0.0,0.0,0.0,0,-107875648.0,0,0.0,0,-107875648.0,-107877712.0,0,52429,17038,0,17053,26215,17037,0,0,0,110,100,100,0.0,64.0,0.0,64.9,-107615304.0,68.5,1,49,50,180,0,13107,0,0,0.0,0.0,0.0,0.0,0.0,65.5,0.0,-1.619,0.0,645,0,686,0,0,0,714,0,785,0,707,0,689,0,645,0,641,0,618,0.032,36962304.0,-0.0,0.0,20624,16789,0.0,-0.0,7.061305489223559e+30,-0.0,-0.0,-2.322191063491543e+17,29.0,60.0,70,0.0,0.0,0.0,0.0,0.0,0.0,0.0,0.0,0.0,0.0,0.0,0.0,0.0,0.0,0.0,0.0,59.2,68,11,65509,41,65476,0,300,0,0,8,20529,65476,0,0,61604,60.0,0.0,0.0,0.0,0.0,0.0
2026-04-04T11:43:45,ERR,ERR,ERR,ERR,ERR,ERR,ERR,ERR,ERR,ERR,ERR,ERR,ERR,ERR,ERR,ERR,ERR,ERR,ERR,ERR,ERR,ERR,ERR,ERR,ERR,ERR,ERR,ERR,ERR,ERR,ERR,ERR,ERR,ERR,ERR,ERR,ERR,ERR,ERR,ERR,ERR,ERR,ERR,ERR,ERR,ERR,ERR,ERR,ERR,ERR,ERR,ERR,ERR,ERR,ERR,ERR,ERR,ERR,ERR,ERR,ERR,ERR,ERR,ERR,ERR,ERR,ERR,ERR,ERR,ERR,ERR,ERR,ERR,ERR,ERR,ERR,ERR,ERR,ERR,ERR,ERR,ERR,ERR,ERR,ERR,ERR,ERR,ERR,ERR,ERR,ERR,ERR,ERR,ERR,ERR,ERR,ERR,ERR,ERR,ERR,ERR,ERR,ERR,ERR,ERR,ERR,ERR,ERR,ERR,ERR,ERR,ERR,ERR,ERR,ERR,ERR,ERR,ERR,ERR,ERR,ERR,ERR,ERR,ERR,ERR,0.0,-0.0,-101055584.0,0.0,0.0,0.0,0.0,nan,0,0,0,32768,0,0.0,0,0.0,0.0,0.0,0.0,0.0,0,0,0,0,0.0,0,0,0,0,0,0,0,0,0,0,0,0,0,0,0,0,0,0,0,0,0,0,0,0,0,0,0,0,0,0,0,0,0,0,0,0,0,0,0,0,0,0,0,0,0.0,0.0,0.0,0.0,0.0,0.0,0.0,0.0,0.0,0.0,0.0,0.0,0.0,0.0,0.0,0.0,0.0,0.0,0.0,0.0,0.0,0.0,-0.0,-2.004,-2.004,-0.0,0.0,0.0,0.0,0.0,3371.5,1.587915374909487e+29,0.0,0.0,-0.0,-0.0,2.7184274988523002e+23,0.0,0.0,0.0,0.0,0,0.0,-0.0,0.0,0.0,0.0,0.0,0.0,0.0,0.0,0,0,0,0.0,0.0,0.0,0.0,0.0,0.0,0.0,0.0,0.0,0.0,0.0,0.0,0.0,0.0,0.0,0.0,0,-107875648.0,0,0.0,0,-107875648.0,-107877712.0,0,52429,17038,0,17053,26215,17037,0,0,0,110,100,100,0.0,64.0,0.0,64.9,-107615304.0,68.5,1,49,50,180,0,13107,0,0,0.0,0.0,0.0,0.0,0.0,65.5,0.0,3955797000192.0,0.0,645,0,686,0,0,0,714,0,785,0,707,0,689,0,645,0,641,0,618,0.032,36962304.0,-0.0,0.0,6288,16789,0.0,-0.0,0.0,0.0,-0.0,-0.0,29.0,60.0,70,0.0,0.0,0.0,0.0,0.0,0.0,0.0,0.0,0.0,0.0,0.0,0.0,0.0,0.0,0.0,0.0,59.2,68,11,65509,41,65476,0,300,0,0,8,20529,65476,0,0,61604,60.0,0.0,0.0,0.0,0.0,0.0
2026-04-04T11:43:46,ERR,ERR,ERR,ERR,ERR,ERR,ERR,ERR,ERR,ERR,ERR,ERR,ERR,ERR,ERR,ERR,ERR,ERR,ERR,ERR,ERR,ERR,ERR,ERR,ERR,ERR,ERR,ERR,ERR,ERR,ERR,ERR,ERR,ERR,ERR,ERR,ERR,ERR,ERR,ERR,ERR,ERR,ERR,ERR,ERR,ERR,ERR,ERR,ERR,ERR,ERR,ERR,ERR,ERR,ERR,ERR,ERR,ERR,ERR,ERR,ERR,ERR,ERR,ERR,ERR,ERR,ERR,ERR,ERR,ERR,ERR,ERR,ERR,ERR,ERR,ERR,ERR,ERR,ERR,ERR,ERR,ERR,ERR,ERR,ERR,ERR,ERR,ERR,ERR,ERR,ERR,ERR,ERR,ERR,ERR,ERR,ERR,ERR,ERR,ERR,ERR,ERR,ERR,ERR,ERR,ERR,ERR,ERR,ERR,ERR,ERR,ERR,ERR,ERR,ERR,ERR,ERR,ERR,ERR,ERR,ERR,ERR,ERR,ERR,ERR,0.0,-0.0,-101055584.0,0.0,0.0,0.0,0.0,nan,0,0,0,32768,0,0.0,0,0.0,0.0,0.0,0.0,0.0,0,0,0,0,0.0,0,0,0,0,0,0,0,0,0,0,0,0,0,0,0,0,0,0,0,0,0,0,0,0,0,0,0,0,0,0,0,0,0,0,0,0,0,0,0,0,0,0,0,0,0.0,0.0,0.0,0.0,0.0,0.0,0.0,0.0,0.0,0.0,0.0,0.0,0.0,0.0,0.0,0.0,0.0,0.0,0.0,0.0,0.0,0.0,-0.0,-2.004,-2.004,-0.0,0.0,0.0,0.0,0.0,3371.5,1.587915374909487e+29,0.0,0.0,-0.0,-0.0,2.7184274988523002e+23,0.0,0.0,0.0,0.0,0,0.0,-0.0,0.0,0.0,0.0,0.0,0.0,0.0,0.0,0,0,0,0.0,0.0,0.0,0.0,0.0,0.0,0.0,0.0,0.0,0.0,0.0,0.0,0.0,0.0,0.0,0.0,0,-107875648.0,0,0.0,0,-107875648.0,-107877712.0,0,52429,17038,0,17053,26215,17037,0,0,0,110,100,100,0.0,64.0,0.0,64.9,-107615304.0,68.5,1,49,50,180,0,13107,0,0,0.0,0.0,0.0,0.0,0.0,65.5,0.0,3955797000192.0,0.0,645,0,686,0,0,0,714,0,785,0,707,0,689,0,645,0,641,0,618,0.032,36962304.0,-0.0,0.0,6288,16789,0.0,-0.0,0.0,0.0,-0.0,-0.0,29.0,60.0,70,0.0,0.0,0.0,0.0,0.0,0.0,0.0,0.0,0.0,0.0,0.0,0.0,0.0,0.0,0.0,0.0,59.2,68,11,65509,41,65476,0,300,0,0,8,20529,65476,0,0,61604,60.0,0.0,0.0,0.0,0.0,0.0
2026-04-04T11:43:47,ERR,ERR,ERR,ERR,ERR,ERR,ERR,ERR,ERR,ERR,ERR,ERR,ERR,ERR,ERR,ERR,ERR,ERR,ERR,ERR,ERR,ERR,ERR,ERR,ERR,ERR,ERR,ERR,ERR,ERR,ERR,ERR,ERR,ERR,ERR,ERR,ERR,ERR,ERR,ERR,ERR,ERR,ERR,ERR,ERR,ERR,ERR,ERR,ERR,ERR,ERR,ERR,ERR,ERR,ERR,ERR,ERR,ERR,ERR,ERR,ERR,ERR,ERR,ERR,ERR,ERR,ERR,ERR,ERR,ERR,ERR,ERR,ERR,ERR,ERR,ERR,ERR,ERR,ERR,ERR,ERR,ERR,ERR,ERR,ERR,ERR,ERR,ERR,ERR,ERR,ERR,ERR,ERR,ERR,ERR,ERR,ERR,ERR,ERR,ERR,ERR,ERR,ERR,ERR,ERR,ERR,ERR,ERR,ERR,ERR,ERR,ERR,ERR,ERR,ERR,ERR,ERR,ERR,ERR,ERR,ERR,ERR,ERR,ERR,ERR,0.0,-0.0,-101055584.0,0.0,0.0,0.0,0.0,nan,0,0,0,32768,0,0.0,0,0.0,0.0,0.0,0.0,0.0,0,0,0,0,0.0,0,0,0,0,0,0,0,0,0,0,0,0,0,0,0,0,0,0,0,0,0,0,0,0,0,0,0,0,0,0,0,0,0,0,0,0,0,0,0,0,0,0,0,0,0.0,0.0,0.0,0.0,0.0,0.0,0.0,0.0,0.0,0.0,0.0,0.0,0.0,0.0,0.0,0.0,0.0,0.0,0.0,0.0,0.0,0.0,-0.0,-2.004,-2.004,-0.0,0.0,0.0,0.0,0.0,3371.5,1.587915374909487e+29,0.0,0.0,-0.0,-0.0,2.7184274988523002e+23,0.0,0.0,0.0,0.0,0,0.0,-0.0,0.0,0.0,0.0,0.0,0.0,0.0,0.0,0,0,0,0.0,0.0,0.0,0.0,0.0,0.0,0.0,0.0,0.0,0.0,0.0,0.0,0.0,0.0,0.0,0.0,0,-107875648.0,0,0.0,0,-107875648.0,-107877712.0,0,52429,17038,0,17053,26215,17037,0,0,0,110,100,100,0.0,64.0,0.0,64.9,-107615304.0,68.5,1,49,50,180,0,13107,0,0,0.0,0.0,0.0,0.0,0.0,65.5,0.0,3955797000192.0,0.0,645,0,686,0,0,0,714,0,785,0,707,0,689,0,645,0,641,0,618,0.032,36962304.0,-0.0,0.0,6288,16789,0.0,-0.0,0.0,0.0,-0.0,-0.0,29.0,60.0,70,0.0,0.0,0.0,0.0,0.0,0.0,0.0,0.0,0.0,0.0,0.0,0.0,0.0,0.0,0.0,0.0,59.2,68,11,65509,41,65476,0,300,0,0,8,20529,65476,0,0,61604,60.0,0.0,0.0,0.0,0.0,0.0
2026-04-04T11:43:48,ERR,ERR,ERR,ERR,ERR,ERR,ERR,ERR,ERR,ERR,ERR,ERR,ERR,ERR,ERR,ERR,ERR,ERR,ERR,ERR,ERR,ERR,ERR,ERR,ERR,ERR,ERR,ERR,ERR,ERR,ERR,ERR,ERR,ERR,ERR,ERR,ERR,ERR,ERR,ERR,ERR,ERR,ERR,ERR,ERR,ERR,ERR,ERR,ERR,ERR,ERR,ERR,ERR,ERR,ERR,ERR,ERR,ERR,ERR,ERR,ERR,ERR,ERR,ERR,ERR,ERR,ERR,ERR,ERR,ERR,ERR,ERR,ERR,ERR,ERR,ERR,ERR,ERR,ERR,ERR,ERR,ERR,ERR,ERR,ERR,ERR,ERR,ERR,ERR,ERR,ERR,ERR,ERR,ERR,ERR,ERR,ERR,ERR,ERR,ERR,ERR,ERR,ERR,ERR,ERR,ERR,ERR,ERR,ERR,ERR,ERR,ERR,ERR,ERR,ERR,ERR,ERR,ERR,ERR,ERR,ERR,ERR,ERR,ERR,ERR,0.0,-0.0,-101055584.0,0.0,0.0,0.0,0.0,nan,0,0,0,32768,0,0.0,0,0.0,0.0,0.0,0.0,0.0,0,0,0,0,0.0,0,0,0,0,0,0,0,0,0,0,0,0,0,0,0,0,0,0,0,0,0,0,0,0,0,0,0,0,0,0,0,0,0,0,0,0,0,0,0,0,0,0,0,0,0.0,0.0,0.0,0.0,0.0,0.0,0.0,0.0,0.0,0.0,0.0,0.0,0.0,0.0,0.0,0.0,0.0,0.0,0.0,0.0,0.0,0.0,-0.0,-0.0,-2.004,-0.0,0.0,0.0,0.0,0.0,3369.0,1.587915374909487e+29,0.0,0.0,-0.0,-0.0,2.7184274988523002e+23,0.0,0.0,0.0,0.0,0,-3.222024165466893e+26,-0.0,0.0,0.0,0.0,0.0,0.0,0.0,0.0,0,0,0,0.0,0.0,0.0,0.0,0.0,0.0,0.0,0.0,0.0,0.0,0.0,0.0,0.0,0.0,0.0,0.0,0,-107875648.0,0,0.0,0,-107875648.0,-107877712.0,0,52429,17038,0,17053,26215,17037,0,0,0,110,100,100,0.0,64.0,0.0,64.9,-107615304.0,68.5,1,49,50,180,0,13107,0,0,0.0,0.0,0.0,0.0,0.0,65.5,0.0,3955797000192.0,0.0,645,0,686,0,0,0,714,0,785,0,707,0,689,0,645,0,641,0,618,0.032,36962304.0,-0.0,0.0,6288,16789,0.0,-0.0,0.0,0.0,-0.0,-0.0,29.0,60.0,70,0.0,0.0,0.0,0.0,0.0,0.0,0.0,0.0,0.0,0.0,0.0,0.0,0.0,0.0,0.0,0.0,59.2,68,11,65509,41,65476,0,300,0,0,8,20529,65476,0,0,61604,60.0,0.0,0.0,0.0,0.0,0.0
2026-04-04T11:43:49,ERR,ERR,ERR,ERR,ERR,ERR,ERR,ERR,ERR,ERR,ERR,ERR,ERR,ERR,ERR,ERR,ERR,ERR,ERR,ERR,ERR,ERR,ERR,ERR,ERR,ERR,ERR,ERR,ERR,ERR,ERR,ERR,ERR,ERR,ERR,ERR,ERR,ERR,ERR,ERR,ERR,ERR,ERR,ERR,ERR,ERR,ERR,ERR,ERR,ERR,ERR,ERR,ERR,ERR,ERR,ERR,ERR,ERR,ERR,ERR,ERR,ERR,ERR,ERR,ERR,ERR,ERR,ERR,ERR,ERR,ERR,ERR,ERR,ERR,ERR,ERR,ERR,ERR,ERR,ERR,ERR,ERR,ERR,ERR,ERR,ERR,ERR,ERR,ERR,ERR,ERR,ERR,ERR,ERR,ERR,ERR,ERR,ERR,ERR,ERR,ERR,ERR,ERR,ERR,ERR,ERR,ERR,ERR,ERR,ERR,ERR,ERR,ERR,ERR,ERR,ERR,ERR,ERR,ERR,ERR,ERR,ERR,ERR,ERR,ERR,0.0,-0.0,-101055584.0,0.0,0.0,0.0,0.0,nan,0,0,0,32768,0,0.0,0,0.0,0.0,0.0,0.0,0.0,0,0,0,0,0.0,0,0,0,0,0,0,0,0,0,0,0,0,0,0,0,0,0,0,0,0,0,0,0,0,0,0,0,0,0,0,0,0,0,0,0,0,0,0,0,0,0,0,0,0,0.0,0.0,0.0,0.0,0.0,0.0,0.0,0.0,0.0,0.0,0.0,0.0,0.0,0.0,0.0,0.0,0.0,0.0,0.0,0.0,0.0,0.0,-0.0,-0.0,-2.004,-0.0,0.0,0.0,0.0,0.0,3369.0,1.587915374909487e+29,0.0,0.0,-0.0,-0.0,2.7184274988523002e+23,0.0,0.0,0.0,0.0,0,-3.222024165466893e+26,-0.0,0.0,0.0,0.0,0.0,0.0,0.0,0.0,0,0,0,0.0,0.0,0.0,0.0,0.0,0.0,0.0,0.0,0.0,0.0,0.0,0.0,0.0,0.0,0.0,0.0,0,-107875648.0,0,0.0,0,-107875648.0,-107877712.0,0,52429,17038,0,17053,26215,17037,0,0,0,110,100,100,0.0,64.0,0.0,64.9,-107615304.0,68.5,1,49,50,180,0,13107,0,0,0.0,0.0,0.0,0.0,0.0,65.5,0.0,3955797000192.0,0.0,645,0,686,0,0,0,714,0,785,0,707,0,689,0,645,0,641,0,618,0.032,36962304.0,-0.0,0.0,6288,16789,0.0,-0.0,0.0,0.0,-0.0,-0.0,29.0,60.0,70,0.0,0.0,0.0,0.0,0.0,0.0,0.0,0.0,0.0,0.0,0.0,0.0,0.0,0.0,0.0,0.0,59.2,68,11,65509,41,65476,0,300,0,0,8,20529,65476,0,0,61604,60.0,0.0,0.0,0.0,0.0,0.0
2026-04-04T11:43:50,ERR,ERR,ERR,ERR,ERR,ERR,ERR,ERR,ERR,ERR,ERR,ERR,ERR,ERR,ERR,ERR,ERR,ERR,ERR,ERR,ERR,ERR,ERR,ERR,ERR,ERR,ERR,ERR,ERR,ERR,ERR,ERR,ERR,ERR,ERR,ERR,ERR,ERR,ERR,ERR,ERR,ERR,ERR,ERR,ERR,ERR,ERR,ERR,ERR,ERR,ERR,ERR,ERR,ERR,ERR,ERR,ERR,ERR,ERR,ERR,ERR,ERR,ERR,ERR,ERR,ERR,ERR,ERR,ERR,ERR,ERR,ERR,ERR,ERR,ERR,ERR,ERR,ERR,ERR,ERR,ERR,ERR,ERR,ERR,ERR,ERR,ERR,ERR,ERR,ERR,ERR,ERR,ERR,ERR,ERR,ERR,ERR,ERR,ERR,ERR,ERR,ERR,ERR,ERR,ERR,ERR,ERR,ERR,ERR,ERR,ERR,ERR,ERR,ERR,ERR,ERR,ERR,ERR,ERR,ERR,ERR,ERR,ERR,ERR,ERR,0.0,-0.0,-101055584.0,0.0,0.0,0.0,0.0,nan,0,0,0,32768,0,0.0,0,0.0,0.0,0.0,0.0,0.0,0,0,0,0,0.0,0,0,0,0,0,0,0,0,0,0,0,0,0,0,0,0,0,0,0,0,0,0,0,0,0,0,0,0,0,0,0,0,0,0,0,0,0,0,0,0,0,0,0,0,0.0,0.0,0.0,0.0,0.0,0.0,0.0,0.0,0.0,0.0,0.0,0.0,0.0,0.0,0.0,0.0,0.0,0.0,0.0,0.0,0.0,0.0,-0.0,-0.0,-2.004,-0.0,0.0,0.0,0.0,0.0,3369.0,1.587915374909487e+29,0.0,0.0,-0.0,-0.0,2.7184274988523002e+23,0.0,0.0,0.0,0.0,0,-3.222024165466893e+26,-0.0,0.0,0.0,0.0,0.0,0.0,0.0,0.0,0,0,0,0.0,0.0,0.0,0.0,0.0,0.0,0.0,0.0,0.0,0.0,0.0,0.0,0.0,0.0,0.0,0.0,0,-107875648.0,0,0.0,0,-107875648.0,-107877712.0,0,52429,17038,0,17053,26215,17037,0,0,0,110,100,100,0.0,64.0,0.0,64.9,-107615304.0,68.5,1,49,50,180,0,13107,0,0,0.0,0.0,0.0,0.0,0.0,65.5,0.0,3955797000192.0,0.0,645,0,686,0,0,0,714,0,785,0,707,0,689,0,645,0,641,0,618,0.032,36962304.0,-0.0,0.0,6288,16789,0.0,-0.0,0.0,0.0,-0.0,-0.0,29.0,60.0,70,0.0,0.0,0.0,0.0,0.0,0.0,0.0,0.0,0.0,0.0,0.0,0.0,0.0,0.0,0.0,0.0,59.2,68,11,65509,41,65476,0,300,0,0,8,20529,65476,0,0,61604,60.0,0.0,0.0,0.0,0.0,0.0
2026-04-04T11:43:51,ERR,ERR,ERR,ERR,ERR,ERR,ERR,ERR,ERR,ERR,ERR,ERR,ERR,ERR,ERR,ERR,ERR,ERR,ERR,ERR,ERR,ERR,ERR,ERR,ERR,ERR,ERR,ERR,ERR,ERR,ERR,ERR,ERR,ERR,ERR,ERR,ERR,ERR,ERR,ERR,ERR,ERR,ERR,ERR,ERR,ERR,ERR,ERR,ERR,ERR,ERR,ERR,ERR,ERR,ERR,ERR,ERR,ERR,ERR,ERR,ERR,ERR,ERR,ERR,ERR,ERR,ERR,ERR,ERR,ERR,ERR,ERR,ERR,ERR,ERR,ERR,ERR,ERR,ERR,ERR,ERR,ERR,ERR,ERR,ERR,ERR,ERR,ERR,ERR,ERR,ERR,ERR,ERR,ERR,ERR,ERR,ERR,ERR,ERR,ERR,ERR,ERR,ERR,ERR,ERR,ERR,ERR,ERR,ERR,ERR,ERR,ERR,ERR,ERR,ERR,ERR,ERR,ERR,ERR,ERR,ERR,ERR,ERR,ERR,ERR,0.0,-0.0,-101055584.0,0.0,0.0,0.0,0.0,nan,0,0,0,32768,0,0.0,0,0.0,0.0,0.0,0.0,0.0,0,0,0,0,0.0,0,0,0,0,0,0,0,0,0,0,0,0,0,0,0,0,0,0,0,0,0,0,0,0,0,0,0,0,0,0,0,0,0,0,0,0,0,0,0,0,0,0,0,0,0.0,0.0,0.0,0.0,0.0,0.0,0.0,0.0,0.0,0.0,0.0,0.0,0.0,0.0,0.0,0.0,0.0,0.0,0.0,0.0,0.0,0.0,-0.0,-0.0,-2.004,-0.0,0.0,0.0,0.0,0.0,3369.0,1.587915374909487e+29,0.0,0.0,-0.0,-0.0,2.7184274988523002e+23,0.0,0.0,0.0,0.0,0,-3.222024165466893e+26,-0.0,0.0,0.0,0.0,0.0,0.0,0.0,0.0,0,0,0,0.0,0.0,0.0,0.0,0.0,0.0,0.0,0.0,0.0,0.0,0.0,0.0,0.0,0.0,0.0,0.0,0,-107875648.0,0,0.0,0,-107875648.0,-107877712.0,0,52429,17038,0,17053,26215,17037,0,0,0,110,100,100,0.0,64.0,0.0,64.9,-107615304.0,68.5,1,49,50,180,0,13107,0,0,0.0,0.0,0.0,0.0,0.0,65.0,0.0,4.464339047258931e+22,0.0,645,0,686,0,0,0,714,0,785,0,707,0,689,0,645,0,641,0,618,0.032,36700160.0,-0.0,0.0,12432,16789,0.0,-0.0,0.0,475644.688,4.8886290837005895e+31,-0.0,29.0,60.0,70,0.0,0.0,0.0,0.0,0.0,0.0,0.0,0.0,0.0,0.0,0.0,0.0,0.0,0.0,0.0,0.0,59.2,68,11,65509,41,65476,0,300,0,0,8,20529,65476,0,0,61604,60.0,0.0,0.0,0.0,0.0,0.0
2026-04-04T11:43:52,ERR,ERR,ERR,ERR,ERR,ERR,ERR,ERR,ERR,ERR,ERR,ERR,ERR,ERR,ERR,ERR,ERR,ERR,ERR,ERR,ERR,ERR,ERR,ERR,ERR,ERR,ERR,ERR,ERR,ERR,ERR,ERR,ERR,ERR,ERR,ERR,ERR,ERR,ERR,ERR,ERR,ERR,ERR,ERR,ERR,ERR,ERR,ERR,ERR,ERR,ERR,ERR,ERR,ERR,ERR,ERR,ERR,ERR,ERR,ERR,ERR,ERR,ERR,ERR,ERR,ERR,ERR,ERR,ERR,ERR,ERR,ERR,ERR,ERR,ERR,ERR,ERR,ERR,ERR,ERR,ERR,ERR,ERR,ERR,ERR,ERR,ERR,ERR,ERR,ERR,ERR,ERR,ERR,ERR,ERR,ERR,ERR,ERR,ERR,ERR,ERR,ERR,ERR,ERR,ERR,ERR,ERR,ERR,ERR,ERR,ERR,ERR,ERR,ERR,ERR,ERR,ERR,ERR,ERR,ERR,ERR,ERR,ERR,ERR,ERR,0.0,-0.0,-101055584.0,0.0,0.0,0.0,0.0,nan,0,0,0,32768,0,0.0,0,0.0,0.0,0.0,0.0,0.0,0,0,0,0,0.0,0,0,0,0,0,0,0,0,0,0,0,0,0,0,0,0,0,0,0,0,0,0,0,0,0,0,0,0,0,0,0,0,0,0,0,0,0,0,0,0,0,0,0,0,0.0,0.0,0.0,0.0,0.0,0.0,0.0,0.0,0.0,0.0,0.0,0.0,0.0,0.0,0.0,0.0,0.0,0.0,0.0,0.0,0.0,0.0,-0.0,-0.0,-2.004,-0.0,0.0,0.0,0.0,0.0,3369.0,1.587915374909487e+29,0.0,0.0,-0.0,-0.0,2.7184274988523002e+23,0.0,0.0,0.0,0.0,0,-3.222024165466893e+26,-0.0,0.0,0.0,0.0,0.0,0.0,0.0,0.0,0,0,0,0.0,0.0,0.0,0.0,0.0,0.0,0.0,0.0,0.0,0.0,0.0,0.0,0.0,0.0,0.0,0.0,0,-107875648.0,0,0.0,0,-107875648.0,-107877712.0,0,52429,17038,0,17053,26215,17037,0,0,0,110,100,100,0.0,64.0,0.0,64.9,-107615304.0,68.5,1,49,50,180,0,13107,0,0,0.0,0.0,0.0,0.0,0.0,65.0,0.0,4.464339047258931e+22,0.0,645,0,686,0,0,0,714,0,785,0,707,0,689,0,645,0,641,0,618,0.032,36700160.0,-0.0,0.0,12432,16789,0.0,-0.0,0.0,475644.688,4.8886290837005895e+31,-0.0,29.0,60.0,70,0.0,0.0,0.0,0.0,0.0,0.0,0.0,0.0,0.0,0.0,0.0,0.0,0.0,0.0,0.0,0.0,59.2,68,11,65509,41,65476,0,300,0,0,8,20529,65476,0,0,61604,60.0,0.0,0.0,0.0,0.0,0.0
2026-04-04T11:43:53,ERR,ERR,ERR,ERR,ERR,ERR,ERR,ERR,ERR,ERR,ERR,ERR,ERR,ERR,ERR,ERR,ERR,ERR,ERR,ERR,ERR,ERR,ERR,ERR,ERR,ERR,ERR,ERR,ERR,ERR,ERR,ERR,ERR,ERR,ERR,ERR,ERR,ERR,ERR,ERR,ERR,ERR,ERR,ERR,ERR,ERR,ERR,ERR,ERR,ERR,ERR,ERR,ERR,ERR,ERR,ERR,ERR,ERR,ERR,ERR,ERR,ERR,ERR,ERR,ERR,ERR,ERR,ERR,ERR,ERR,ERR,ERR,ERR,ERR,ERR,ERR,ERR,ERR,ERR,ERR,ERR,ERR,ERR,ERR,ERR,ERR,ERR,ERR,ERR,ERR,ERR,ERR,ERR,ERR,ERR,ERR,ERR,ERR,ERR,ERR,ERR,ERR,ERR,ERR,ERR,ERR,ERR,ERR,ERR,ERR,ERR,ERR,ERR,ERR,ERR,ERR,ERR,ERR,ERR,ERR,ERR,ERR,ERR,ERR,ERR,0.0,-0.0,-101055584.0,0.0,0.0,0.0,0.0,nan,0,0,0,32768,0,0.0,0,0.0,0.0,0.0,0.0,0.0,0,0,0,0,0.0,0,0,0,0,0,0,0,0,0,0,0,0,0,0,0,0,0,0,0,0,0,0,0,0,0,0,0,0,0,0,0,0,0,0,0,0,0,0,0,0,0,0,0,0,0.0,0.0,0.0,0.0,0.0,0.0,0.0,0.0,0.0,0.0,0.0,0.0,0.0,0.0,0.0,0.0,0.0,0.0,0.0,0.0,0.0,0.0,-0.0,-0.0,-2.004,-0.0,0.0,0.0,0.0,0.0,3369.0,1.587915374909487e+29,0.0,0.0,-0.0,-0.0,2.7184274988523002e+23,0.0,0.0,0.0,0.0,0,-3.222024165466893e+26,-0.0,0.0,0.0,0.0,0.0,0.0,0.0,0.0,0,0,0,0.0,0.0,0.0,0.0,0.0,0.0,0.0,0.0,0.0,0.0,0.0,0.0,0.0,0.0,0.0,0.0,0,-107875648.0,0,0.0,0,-107875648.0,-107877712.0,0,52429,17038,0,17053,26215,17037,0,0,0,110,100,100,0.0,64.0,0.0,64.9,-107615304.0,68.5,1,49,50,180,0,13107,0,0,0.0,0.0,0.0,0.0,0.0,65.0,0.0,4.464339047258931e+22,0.0,645,0,686,0,0,0,714,0,785,0,707,0,689,0,645,0,641,0,618,0.032,36700160.0,-0.0,0.0,12432,16789,0.0,-0.0,0.0,475644.688,4.8886290837005895e+31,-0.0,29.0,60.0,70,0.0,0.0,0.0,0.0,0.0,0.0,0.0,0.0,0.0,0.0,0.0,0.0,0.0,0.0,0.0,0.0,59.2,68,11,65509,41,65476,0,300,0,0,8,20529,65476,0,0,61604,60.0,0.0,0.0,0.0,0.0,0.0
2026-04-04T11:43:54,ERR,ERR,ERR,ERR,ERR,ERR,ERR,ERR,ERR,ERR,ERR,ERR,ERR,ERR,ERR,ERR,ERR,ERR,ERR,ERR,ERR,ERR,ERR,ERR,ERR,ERR,ERR,ERR,ERR,ERR,ERR,ERR,ERR,ERR,ERR,ERR,ERR,ERR,ERR,ERR,ERR,ERR,ERR,ERR,ERR,ERR,ERR,ERR,ERR,ERR,ERR,ERR,ERR,ERR,ERR,ERR,ERR,ERR,ERR,ERR,ERR,ERR,ERR,ERR,ERR,ERR,ERR,ERR,ERR,ERR,ERR,ERR,ERR,ERR,ERR,ERR,ERR,ERR,ERR,ERR,ERR,ERR,ERR,ERR,ERR,ERR,ERR,ERR,ERR,ERR,ERR,ERR,ERR,ERR,ERR,ERR,ERR,ERR,ERR,ERR,ERR,ERR,ERR,ERR,ERR,ERR,ERR,ERR,ERR,ERR,ERR,ERR,ERR,ERR,ERR,ERR,ERR,ERR,ERR,ERR,ERR,ERR,ERR,ERR,ERR,0.0,-0.0,-101055584.0,0.0,0.0,0.0,0.0,nan,0,0,0,32768,0,0.0,0,0.0,0.0,0.0,0.0,0.0,0,0,0,0,0.0,0,0,0,0,0,0,0,0,0,0,0,0,0,0,0,0,0,0,0,0,0,0,0,0,0,0,0,0,0,0,0,0,0,0,0,0,0,0,0,0,0,0,0,0,0.0,0.0,0.0,0.0,0.0,0.0,0.0,0.0,0.0,0.0,0.0,0.0,0.0,0.0,0.0,0.0,0.0,0.0,0.0,0.0,0.0,0.0,-0.0,-0.0,-2.004,-0.0,0.0,0.0,0.0,0.0,3369.0,1.587915374909487e+29,0.0,0.0,-0.0,-0.0,2.7184274988523002e+23,0.0,0.0,0.0,0.0,0,-3.222024165466893e+26,-0.0,0.0,0.0,0.0,0.0,0.0,0.0,0.0,0,0,0,0.0,0.0,0.0,0.0,0.0,0.0,0.0,0.0,0.0,0.0,0.0,0.0,0.0,0.0,0.0,0.0,0,-107875648.0,0,0.0,0,-107875648.0,-107877712.0,0,52429,17038,0,17053,26215,17037,0,0,0,110,100,100,0.0,64.0,0.0,64.9,-107615304.0,68.5,1,49,50,180,0,13107,0,0,0.0,0.0,0.0,0.0,0.0,65.0,0.0,4.464339047258931e+22,0.0,645,0,686,0,0,0,714,0,785,0,707,0,689,0,645,0,641,0,618,0.032,36700160.0,-0.0,0.0,12432,16789,0.0,-0.0,0.0,475644.688,4.8886290837005895e+31,-0.0,29.0,60.0,70,0.0,0.0,0.0,0.0,0.0,0.0,0.0,0.0,0.0,0.0,0.0,0.0,0.0,0.0,0.0,0.0,59.2,68,11,65509,41,65476,0,300,0,0,8,20529,65476,0,0,61604,60.0,0.0,0.0,0.0,0.0,0.0
2026-04-04T11:43:55,ERR,ERR,ERR,ERR,ERR,ERR,ERR,ERR,ERR,ERR,ERR,ERR,ERR,ERR,ERR,ERR,ERR,ERR,ERR,ERR,ERR,ERR,ERR,ERR,ERR,ERR,ERR,ERR,ERR,ERR,ERR,ERR,ERR,ERR,ERR,ERR,ERR,ERR,ERR,ERR,ERR,ERR,ERR,ERR,ERR,ERR,ERR,ERR,ERR,ERR,ERR,ERR,ERR,ERR,ERR,ERR,ERR,ERR,ERR,ERR,ERR,ERR,ERR,ERR,ERR,ERR,ERR,ERR,ERR,ERR,ERR,ERR,ERR,ERR,ERR,ERR,ERR,ERR,ERR,ERR,ERR,ERR,ERR,ERR,ERR,ERR,ERR,ERR,ERR,ERR,ERR,ERR,ERR,ERR,ERR,ERR,ERR,ERR,ERR,ERR,ERR,ERR,ERR,ERR,ERR,ERR,ERR,ERR,ERR,ERR,ERR,ERR,ERR,ERR,ERR,ERR,ERR,ERR,ERR,ERR,ERR,ERR,ERR,ERR,ERR,0.0,-0.0,-101055584.0,0.0,0.0,0.0,0.0,nan,0,0,0,32768,0,0.0,0,0.0,0.0,0.0,0.0,0.0,0,0,0,0,0.0,0,0,0,0,0,0,0,0,0,0,0,0,0,0,0,0,0,0,0,0,0,0,0,0,0,0,0,0,0,0,0,0,0,0,0,0,0,0,0,0,0,0,0,0,0.0,0.0,0.0,0.0,0.0,0.0,0.0,0.0,0.0,0.0,0.0,0.0,0.0,0.0,0.0,0.0,0.0,0.0,0.0,0.0,0.0,0.0,-0.0,-0.0,-2.004,-0.0,0.0,0.0,0.0,0.0,3369.0,1.587915374909487e+29,0.0,0.0,-0.0,-0.0,2.7184274988523002e+23,0.0,0.0,0.0,0.0,0,-3.222024165466893e+26,-0.0,0.0,0.0,0.0,0.0,0.0,0.0,0.0,0,0,0,0.0,0.0,0.0,0.0,0.0,0.0,0.0,0.0,0.0,0.0,0.0,0.0,0.0,0.0,0.0,0.0,0,-107875648.0,0,0.0,0,-107875648.0,-107877712.0,0,52429,17038,0,17053,26215,17037,0,0,0,110,100,100,0.0,64.0,0.0,64.9,-107615304.0,68.5,1,49,50,180,0,13107,0,0,0.0,0.0,0.0,0.0,0.0,65.0,0.0,4.464339047258931e+22,0.0,645,0,686,0,0,0,714,0,785,0,707,0,689,0,645,0,641,0,618,0.032,36700160.0,-0.0,0.0,12432,16789,0.0,-0.0,0.0,475644.688,4.8886290837005895e+31,-0.0,29.0,60.0,70,0.0,0.0,0.0,0.0,0.0,0.0,0.0,0.0,0.0,0.0,0.0,0.0,0.0,0.0,0.0,0.0,59.2,68,11,65509,41,65476,0,300,0,0,8,20529,65476,0,0,61604,60.0,0.0,0.0,0.0,0.0,0.0
2026-04-04T11:43:56,ERR,ERR,ERR,ERR,ERR,ERR,ERR,ERR,ERR,ERR,ERR,ERR,ERR,ERR,ERR,ERR,ERR,ERR,ERR,ERR,ERR,ERR,ERR,ERR,ERR,ERR,ERR,ERR,ERR,ERR,ERR,ERR,ERR,ERR,ERR,ERR,ERR,ERR,ERR,ERR,ERR,ERR,ERR,ERR,ERR,ERR,ERR,ERR,ERR,ERR,ERR,ERR,ERR,ERR,ERR,ERR,ERR,ERR,ERR,ERR,ERR,ERR,ERR,ERR,ERR,ERR,ERR,ERR,ERR,ERR,ERR,ERR,ERR,ERR,ERR,ERR,ERR,ERR,ERR,ERR,ERR,ERR,ERR,ERR,ERR,ERR,ERR,ERR,ERR,ERR,ERR,ERR,ERR,ERR,ERR,ERR,ERR,ERR,ERR,ERR,ERR,ERR,ERR,ERR,ERR,ERR,ERR,ERR,ERR,ERR,ERR,ERR,ERR,ERR,ERR,ERR,ERR,ERR,ERR,ERR,ERR,ERR,ERR,ERR,ERR,0.0,0.0,-0.0,0.0,0.0,0.0,0.0,nan,0,0,0,32768,0,0.0,0,0.0,0.0,0.0,0.0,0.0,0,0,0,0,0.0,0,0,0,0,0,0,0,0,0,0,0,0,0,0,0,0,0,0,0,0,0,0,0,0,0,0,0,0,0,0,0,0,0,0,0,0,0,0,0,0,0,0,0,0,0.0,0.0,0.0,0.0,0.0,0.0,0.0,0.0,0.0,0.0,0.0,0.0,0.0,0.0,0.0,0.0,0.0,0.0,0.0,0.0,0.0,0.0,-0.0,-0.0,-2.004,-0.0,0.0,0.0,0.0,0.0,3367.5,0.0,0.0,0.0,0.0,-0.0,2.7184274988523002e+23,0.0,0.0,0.0,0.0,0,-1.9056958870913024e+17,5.8480295378657616e+35,0.0,0.0,0.0,0.0,0.0,0.0,0.0,0,0,0,0.0,0.0,0.0,0.0,0.0,0.0,0.0,0.0,0.0,0.0,0.0,0.0,0.0,0.0,0.0,0.0,0,-107875648.0,0,0.0,0,-107875648.0,-107877712.0,0,52429,17038,0,17053,26215,17037,0,0,0,110,100,100,0.0,64.0,0.0,64.9,-107615304.0,68.5,1,49,50,180,0,13107,0,0,0.0,0.0,0.0,0.0,0.0,65.0,0.0,4.464339047258931e+22,0.0,645,0,686,0,0,0,714,0,785,0,707,0,689,0,645,0,641,0,618,0.032,36700160.0,-0.0,0.0,12432,16789,0.0,-0.0,0.0,475644.688,4.8886290837005895e+31,-0.0,29.0,60.0,70,0.0,0.0,0.0,0.0,0.0,0.0,0.0,0.0,0.0,0.0,0.0,0.0,0.0,0.0,0.0,0.0,59.2,68,11,65509,41,65476,0,300,0,0,8,20529,65476,0,0,61604,60.0,0.0,0.0,0.0,0.0,0.0
2026-04-04T11:43:57,ERR,ERR,ERR,ERR,ERR,ERR,ERR,ERR,ERR,ERR,ERR,ERR,ERR,ERR,ERR,ERR,ERR,ERR,ERR,ERR,ERR,ERR,ERR,ERR,ERR,ERR,ERR,ERR,ERR,ERR,ERR,ERR,ERR,ERR,ERR,ERR,ERR,ERR,ERR,ERR,ERR,ERR,ERR,ERR,ERR,ERR,ERR,ERR,ERR,ERR,ERR,ERR,ERR,ERR,ERR,ERR,ERR,ERR,ERR,ERR,ERR,ERR,ERR,ERR,ERR,ERR,ERR,ERR,ERR,ERR,ERR,ERR,ERR,ERR,ERR,ERR,ERR,ERR,ERR,ERR,ERR,ERR,ERR,ERR,ERR,ERR,ERR,ERR,ERR,ERR,ERR,ERR,ERR,ERR,ERR,ERR,ERR,ERR,ERR,ERR,ERR,ERR,ERR,ERR,ERR,ERR,ERR,ERR,ERR,ERR,ERR,ERR,ERR,ERR,ERR,ERR,ERR,ERR,ERR,ERR,ERR,ERR,ERR,ERR,ERR,0.0,0.0,-0.0,0.0,0.0,0.0,0.0,nan,0,0,0,32768,0,0.0,0,0.0,0.0,0.0,0.0,0.0,0,0,0,0,0.0,0,0,0,0,0,0,0,0,0,0,0,0,0,0,0,0,0,0,0,0,0,0,0,0,0,0,0,0,0,0,0,0,0,0,0,0,0,0,0,0,0,0,0,0,0.0,0.0,0.0,0.0,0.0,0.0,0.0,0.0,0.0,0.0,0.0,0.0,0.0,0.0,0.0,0.0,0.0,0.0,0.0,0.0,0.0,0.0,-0.0,-0.0,-2.004,-0.0,0.0,0.0,0.0,0.0,3367.5,0.0,0.0,0.0,0.0,-0.0,2.7184274988523002e+23,0.0,0.0,0.0,0.0,0,-1.9056958870913024e+17,5.8480295378657616e+35,0.0,0.0,0.0,0.0,0.0,0.0,0.0,0,0,0,0.0,0.0,0.0,0.0,0.0,0.0,0.0,0.0,0.0,0.0,0.0,0.0,0.0,0.0,0.0,0.0,0,-107875648.0,0,0.0,0,-107875648.0,-107877712.0,0,52429,17038,0,17053,26215,17037,0,0,0,110,100,100,0.0,64.0,0.0,64.9,-107615304.0,68.5,1,49,50,180,0,13107,0,0,0.0,0.0,0.0,0.0,0.0,65.5,0.0,2.2498206062103725e+38,0.0,645,0,686,0,0,0,714,0,785,0,707,0,689,0,645,0,641,0,618,0.032,37224448.0,-0.0,0.0,17296,16789,0.0,2.2498206062103725e+38,0.0,0.0,-0.0,-0.0,29.0,60.0,70,0.0,0.0,0.0,0.0,0.0,0.0,0.0,0.0,0.0,0.0,0.0,0.0,0.0,0.0,0.0,0.0,59.2,68,11,65509,41,65476,0,300,0,0,8,20529,65476,0,0,61604,60.0,0.0,0.0,0.0,0.0,0.0
2026-04-04T11:43:58,ERR,ERR,ERR,ERR,ERR,ERR,ERR,ERR,ERR,ERR,ERR,ERR,ERR,ERR,ERR,ERR,ERR,ERR,ERR,ERR,ERR,ERR,ERR,ERR,ERR,ERR,ERR,ERR,ERR,ERR,ERR,ERR,ERR,ERR,ERR,ERR,ERR,ERR,ERR,ERR,ERR,ERR,ERR,ERR,ERR,ERR,ERR,ERR,ERR,ERR,ERR,ERR,ERR,ERR,ERR,ERR,ERR,ERR,ERR,ERR,ERR,ERR,ERR,ERR,ERR,ERR,ERR,ERR,ERR,ERR,ERR,ERR,ERR,ERR,ERR,ERR,ERR,ERR,ERR,ERR,ERR,ERR,ERR,ERR,ERR,ERR,ERR,ERR,ERR,ERR,ERR,ERR,ERR,ERR,ERR,ERR,ERR,ERR,ERR,ERR,ERR,ERR,ERR,ERR,ERR,ERR,ERR,ERR,ERR,ERR,ERR,ERR,ERR,ERR,ERR,ERR,ERR,ERR,ERR,ERR,ERR,ERR,ERR,ERR,ERR,0.0,0.0,-0.0,0.0,0.0,0.0,0.0,nan,0,0,0,32768,0,0.0,0,0.0,0.0,0.0,0.0,0.0,0,0,0,0,0.0,0,0,0,0,0,0,0,0,0,0,0,0,0,0,0,0,0,0,0,0,0,0,0,0,0,0,0,0,0,0,0,0,0,0,0,0,0,0,0,0,0,0,0,0,0.0,0.0,0.0,0.0,0.0,0.0,0.0,0.0,0.0,0.0,0.0,0.0,0.0,0.0,0.0,0.0,0.0,0.0,0.0,0.0,0.0,0.0,-0.0,-0.0,-2.004,-0.0,0.0,0.0,0.0,0.0,3367.5,0.0,0.0,0.0,0.0,-0.0,2.7184274988523002e+23,0.0,0.0,0.0,0.0,0,-1.9056958870913024e+17,5.8480295378657616e+35,0.0,0.0,0.0,0.0,0.0,0.0,0.0,0,0,0,0.0,0.0,0.0,0.0,0.0,0.0,0.0,0.0,0.0,0.0,0.0,0.0,0.0,0.0,0.0,0.0,0,-107875648.0,0,0.0,0,-107875648.0,-107877712.0,0,52429,17038,0,17053,26215,17037,0,0,0,110,100,100,0.0,64.0,0.0,64.9,-107615304.0,68.5,1,49,50,180,0,13107,0,0,0.0,0.0,0.0,0.0,0.0,65.5,0.0,2.2498206062103725e+38,0.0,645,0,686,0,0,0,714,0,785,0,707,0,689,0,645,0,641,0,618,0.032,37224448.0,-0.0,0.0,17296,16789,0.0,2.2498206062103725e+38,0.0,0.0,-0.0,-0.0,29.0,60.0,70,0.0,0.0,0.0,0.0,0.0,0.0,0.0,0.0,0.0,0.0,0.0,0.0,0.0,0.0,0.0,0.0,59.2,68,11,65509,41,65476,0,300,0,0,8,20529,65476,0,0,61604,60.0,0.0,0.0,0.0,0.0,0.0
2026-04-04T11:43:59,ERR,ERR,ERR,ERR,ERR,ERR,ERR,ERR,ERR,ERR,ERR,ERR,ERR,ERR,ERR,ERR,ERR,ERR,ERR,ERR,ERR,ERR,ERR,ERR,ERR,ERR,ERR,ERR,ERR,ERR,ERR,ERR,ERR,ERR,ERR,ERR,ERR,ERR,ERR,ERR,ERR,ERR,ERR,ERR,ERR,ERR,ERR,ERR,ERR,ERR,ERR,ERR,ERR,ERR,ERR,ERR,ERR,ERR,ERR,ERR,ERR,ERR,ERR,ERR,ERR,ERR,ERR,ERR,ERR,ERR,ERR,ERR,ERR,ERR,ERR,ERR,ERR,ERR,ERR,ERR,ERR,ERR,ERR,ERR,ERR,ERR,ERR,ERR,ERR,ERR,ERR,ERR,ERR,ERR,ERR,ERR,ERR,ERR,ERR,ERR,ERR,ERR,ERR,ERR,ERR,ERR,ERR,ERR,ERR,ERR,ERR,ERR,ERR,ERR,ERR,ERR,ERR,ERR,ERR,ERR,ERR,ERR,ERR,ERR,ERR,0.0,0.0,-0.0,0.0,0.0,0.0,0.0,nan,0,0,0,32768,0,0.0,0,0.0,0.0,0.0,0.0,0.0,0,0,0,0,0.0,0,0,0,0,0,0,0,0,0,0,0,0,0,0,0,0,0,0,0,0,0,0,0,0,0,0,0,0,0,0,0,0,0,0,0,0,0,0,0,0,0,0,0,0,0.0,0.0,0.0,0.0,0.0,0.0,0.0,0.0,0.0,0.0,0.0,0.0,0.0,0.0,0.0,0.0,0.0,0.0,0.0,0.0,0.0,0.0,-0.0,-0.0,-2.004,-0.0,0.0,0.0,0.0,0.0,3367.5,0.0,0.0,0.0,0.0,-0.0,2.7184274988523002e+23,0.0,0.0,0.0,0.0,0,-1.9056958870913024e+17,5.8480295378657616e+35,0.0,0.0,0.0,0.0,0.0,0.0,0.0,0,0,0,0.0,0.0,0.0,0.0,0.0,0.0,0.0,0.0,0.0,0.0,0.0,0.0,0.0,0.0,0.0,0.0,0,-107875648.0,0,0.0,0,-107875648.0,-107877712.0,0,52429,17038,0,17053,26215,17037,0,0,0,110,100,100,0.0,64.0,0.0,64.9,-107615304.0,68.5,1,49,50,180,0,13107,0,0,0.0,0.0,0.0,0.0,0.0,65.5,0.0,2.2498206062103725e+38,0.0,645,0,686,0,0,0,714,0,785,0,707,0,689,0,645,0,641,0,618,0.032,37224448.0,-0.0,0.0,17296,16789,0.0,2.2498206062103725e+38,0.0,0.0,-0.0,-0.0,29.0,60.0,70,0.0,0.0,0.0,0.0,0.0,0.0,0.0,0.0,0.0,0.0,0.0,0.0,0.0,0.0,0.0,0.0,59.2,68,11,65509,41,65476,0,300,0,0,8,20529,65476,0,0,61604,60.0,0.0,0.0,0.0,0.0,0.0
2026-04-04T11:44:00,ERR,ERR,ERR,ERR,ERR,ERR,ERR,ERR,ERR,ERR,ERR,ERR,ERR,ERR,ERR,ERR,ERR,ERR,ERR,ERR,ERR,ERR,ERR,ERR,ERR,ERR,ERR,ERR,ERR,ERR,ERR,ERR,ERR,ERR,ERR,ERR,ERR,ERR,ERR,ERR,ERR,ERR,ERR,ERR,ERR,ERR,ERR,ERR,ERR,ERR,ERR,ERR,ERR,ERR,ERR,ERR,ERR,ERR,ERR,ERR,ERR,ERR,ERR,ERR,ERR,ERR,ERR,ERR,ERR,ERR,ERR,ERR,ERR,ERR,ERR,ERR,ERR,ERR,ERR,ERR,ERR,ERR,ERR,ERR,ERR,ERR,ERR,ERR,ERR,ERR,ERR,ERR,ERR,ERR,ERR,ERR,ERR,ERR,ERR,ERR,ERR,ERR,ERR,ERR,ERR,ERR,ERR,ERR,ERR,ERR,ERR,ERR,ERR,ERR,ERR,ERR,ERR,ERR,ERR,ERR,ERR,ERR,ERR,ERR,ERR,0.0,0.0,-0.0,0.0,0.0,0.0,0.0,nan,0,0,0,32768,0,0.0,0,0.0,0.0,0.0,0.0,0.0,0,0,0,0,0.0,0,0,0,0,0,0,0,0,0,0,0,0,0,0,0,0,0,0,0,0,0,0,0,0,0,0,0,0,0,0,0,0,0,0,0,0,0,0,0,0,0,0,0,0,0.0,0.0,0.0,0.0,0.0,0.0,0.0,0.0,0.0,0.0,0.0,0.0,0.0,0.0,0.0,0.0,0.0,0.0,0.0,0.0,0.0,0.0,-0.0,-0.0,-2.004,-0.0,0.0,0.0,0.0,0.0,3367.5,0.0,0.0,0.0,0.0,-0.0,2.7184274988523002e+23,0.0,0.0,0.0,0.0,0,-1.9056958870913024e+17,5.8480295378657616e+35,0.0,0.0,0.0,0.0,0.0,0.0,0.0,0,0,0,0.0,0.0,0.0,0.0,0.0,0.0,0.0,0.0,0.0,0.0,0.0,0.0,0.0,0.0,0.0,0.0,0,-107875648.0,0,0.0,0,-107875648.0,-107877712.0,0,52429,17038,0,17053,26215,17037,0,0,0,110,100,100,0.0,64.0,0.0,64.9,-107615304.0,68.5,1,49,50,180,0,13107,0,0,0.0,0.0,0.0,0.0,0.0,65.5,0.0,2.2498206062103725e+38,0.0,645,0,686,0,0,0,714,0,785,0,707,0,689,0,645,0,641,0,618,0.032,37224448.0,-0.0,0.0,17296,16789,0.0,2.2498206062103725e+38,0.0,0.0,-0.0,-0.0,29.0,60.0,70,0.0,0.0,0.0,0.0,0.0,0.0,0.0,0.0,0.0,0.0,0.0,0.0,0.0,0.0,0.0,0.0,59.2,68,11,65509,41,65476,0,300,0,0,8,20529,65476,0,0,61604,60.0,0.0,0.0,0.0,0.0,0.0
2026-04-04T11:44:01,ERR,ERR,ERR,ERR,ERR,ERR,ERR,ERR,ERR,ERR,ERR,ERR,ERR,ERR,ERR,ERR,ERR,ERR,ERR,ERR,ERR,ERR,ERR,ERR,ERR,ERR,ERR,ERR,ERR,ERR,ERR,ERR,ERR,ERR,ERR,ERR,ERR,ERR,ERR,ERR,ERR,ERR,ERR,ERR,ERR,ERR,ERR,ERR,ERR,ERR,ERR,ERR,ERR,ERR,ERR,ERR,ERR,ERR,ERR,ERR,ERR,ERR,ERR,ERR,ERR,ERR,ERR,ERR,ERR,ERR,ERR,ERR,ERR,ERR,ERR,ERR,ERR,ERR,ERR,ERR,ERR,ERR,ERR,ERR,ERR,ERR,ERR,ERR,ERR,ERR,ERR,ERR,ERR,ERR,ERR,ERR,ERR,ERR,ERR,ERR,ERR,ERR,ERR,ERR,ERR,ERR,ERR,ERR,ERR,ERR,ERR,ERR,ERR,ERR,ERR,ERR,ERR,ERR,ERR,ERR,ERR,ERR,ERR,ERR,ERR,0.0,0.0,-0.0,0.0,0.0,0.0,0.0,nan,0,0,0,32768,0,0.0,0,0.0,0.0,0.0,0.0,0.0,0,0,0,0,0.0,0,0,0,0,0,0,0,0,0,0,0,0,0,0,0,0,0,0,0,0,0,0,0,0,0,0,0,0,0,0,0,0,0,0,0,0,0,0,0,0,0,0,0,0,0.0,0.0,0.0,0.0,0.0,0.0,0.0,0.0,0.0,0.0,0.0,0.0,0.0,0.0,0.0,0.0,0.0,0.0,0.0,0.0,0.0,0.0,-0.0,-0.0,-2.004,-0.0,0.0,0.0,0.0,0.0,3367.5,0.0,0.0,0.0,0.0,-0.0,2.7184274988523002e+23,0.0,0.0,0.0,0.0,0,-1.9056958870913024e+17,5.8480295378657616e+35,0.0,0.0,0.0,0.0,0.0,0.0,0.0,0,0,0,0.0,0.0,0.0,0.0,0.0,0.0,0.0,0.0,0.0,0.0,0.0,0.0,0.0,0.0,0.0,0.0,0,-107875648.0,0,0.0,0,-107875648.0,-107877712.0,0,52429,17038,0,17053,26215,17037,0,0,0,110,100,100,0.0,64.0,0.0,64.9,-107615304.0,68.5,1,49,50,180,0,13107,0,0,0.0,0.0,0.0,0.0,0.0,65.5,0.0,2.2498206062103725e+38,0.0,645,0,686,0,0,0,714,0,785,0,707,0,689,0,645,0,641,0,618,0.032,37224448.0,-0.0,0.0,17296,16789,0.0,2.2498206062103725e+38,0.0,0.0,-0.0,-0.0,29.0,60.0,70,0.0,0.0,0.0,0.0,0.0,0.0,0.0,0.0,0.0,0.0,0.0,0.0,0.0,0.0,0.0,0.0,59.2,68,11,65509,41,65476,0,300,0,0,8,20529,65476,0,0,61604,60.0,0.0,0.0,0.0,0.0,0.0
2026-04-04T11:44:02,ERR,ERR,ERR,ERR,ERR,ERR,ERR,ERR,ERR,ERR,ERR,ERR,ERR,ERR,ERR,ERR,ERR,ERR,ERR,ERR,ERR,ERR,ERR,ERR,ERR,ERR,ERR,ERR,ERR,ERR,ERR,ERR,ERR,ERR,ERR,ERR,ERR,ERR,ERR,ERR,ERR,ERR,ERR,ERR,ERR,ERR,ERR,ERR,ERR,ERR,ERR,ERR,ERR,ERR,ERR,ERR,ERR,ERR,ERR,ERR,ERR,ERR,ERR,ERR,ERR,ERR,ERR,ERR,ERR,ERR,ERR,ERR,ERR,ERR,ERR,ERR,ERR,ERR,ERR,ERR,ERR,ERR,ERR,ERR,ERR,ERR,ERR,ERR,ERR,ERR,ERR,ERR,ERR,ERR,ERR,ERR,ERR,ERR,ERR,ERR,ERR,ERR,ERR,ERR,ERR,ERR,ERR,ERR,ERR,ERR,ERR,ERR,ERR,ERR,ERR,ERR,ERR,ERR,ERR,ERR,ERR,ERR,ERR,ERR,ERR,0.0,0.0,-0.0,0.0,0.0,0.0,0.0,nan,0,0,0,32768,0,0.0,0,0.0,0.0,0.0,0.0,0.0,0,0,0,0,0.0,0,0,0,0,0,0,0,0,0,0,0,0,0,0,0,0,0,0,0,0,0,0,0,0,0,0,0,0,0,0,0,0,0,0,0,0,0,0,0,0,0,0,0,0,0.0,0.0,0.0,0.0,0.0,0.0,0.0,0.0,0.0,0.0,0.0,0.0,0.0,0.0,0.0,0.0,0.0,0.0,0.0,0.0,0.0,0.0,-0.0,-0.0,-2.004,-0.0,0.0,0.0,0.0,0.0,3367.5,0.0,0.0,0.0,0.0,-0.0,2.7184274988523002e+23,0.0,0.0,0.0,0.0,0,-1.9056958870913024e+17,5.8480295378657616e+35,0.0,0.0,0.0,0.0,0.0,0.0,0.0,0,0,0,0.0,0.0,0.0,0.0,0.0,0.0,0.0,0.0,0.0,0.0,0.0,0.0,0.0,0.0,0.0,0.0,0,-107875648.0,0,0.0,0,-107875648.0,-107877712.0,0,52429,17038,0,17053,26215,17037,0,0,0,110,100,100,0.0,64.0,0.0,64.9,-107615304.0,68.5,1,49,50,180,0,13107,0,0,0.0,0.0,0.0,0.0,0.0,65.5,0.0,2.2498206062103725e+38,0.0,645,0,686,0,0,0,714,0,785,0,707,0,689,0,645,0,641,0,618,0.032,37224448.0,-0.0,0.0,17296,16789,0.0,2.2498206062103725e+38,0.0,0.0,-0.0,-0.0,29.0,60.0,70,0.0,0.0,0.0,0.0,0.0,0.0,0.0,0.0,0.0,0.0,0.0,0.0,0.0,0.0,0.0,0.0,59.2,68,11,65509,41,65476,0,300,0,0,8,20529,65476,0,0,61604,60.0,0.0,0.0,0.0,0.0,0.0
2026-04-04T11:44:03,ERR,ERR,ERR,ERR,ERR,ERR,ERR,ERR,ERR,ERR,ERR,ERR,ERR,ERR,ERR,ERR,ERR,ERR,ERR,ERR,ERR,ERR,ERR,ERR,ERR,ERR,ERR,ERR,ERR,ERR,ERR,ERR,ERR,ERR,ERR,ERR,ERR,ERR,ERR,ERR,ERR,ERR,ERR,ERR,ERR,ERR,ERR,ERR,ERR,ERR,ERR,ERR,ERR,ERR,ERR,ERR,ERR,ERR,ERR,ERR,ERR,ERR,ERR,ERR,ERR,ERR,ERR,ERR,ERR,ERR,ERR,ERR,ERR,ERR,ERR,ERR,ERR,ERR,ERR,ERR,ERR,ERR,ERR,ERR,ERR,ERR,ERR,ERR,ERR,ERR,ERR,ERR,ERR,ERR,ERR,ERR,ERR,ERR,ERR,ERR,ERR,ERR,ERR,ERR,ERR,ERR,ERR,ERR,ERR,ERR,ERR,ERR,ERR,ERR,ERR,ERR,ERR,ERR,ERR,ERR,ERR,ERR,ERR,ERR,ERR,0.0,0.0,-0.0,0.0,0.0,0.0,0.0,nan,0,0,0,32768,0,0.0,0,0.0,0.0,0.0,0.0,0.0,0,0,0,0,0.0,0,0,0,0,0,0,0,0,0,0,0,0,0,0,0,0,0,0,0,0,0,0,0,0,0,0,0,0,0,0,0,0,0,0,0,0,0,0,0,0,0,0,0,0,0.0,0.0,0.0,0.0,0.0,0.0,0.0,0.0,0.0,0.0,0.0,0.0,0.0,0.0,0.0,0.0,0.0,0.0,0.0,0.0,0.0,0.0,-0.0,-0.0,-2.004,-0.0,0.0,0.0,0.0,0.0,3367.5,0.0,0.0,0.0,0.0,-0.0,2.7184274988523002e+23,0.0,0.0,0.0,0.0,0,-1.9056958870913024e+17,5.8480295378657616e+35,0.0,0.0,0.0,0.0,0.0,0.0,0.0,0,0,0,0.0,0.0,0.0,0.0,0.0,0.0,0.0,0.0,0.0,0.0,0.0,0.0,0.0,0.0,0.0,0.0,0,-107875648.0,0,0.0,0,-107875648.0,-107877712.0,0,52429,17038,0,17053,26215,17037,0,0,0,110,100,100,0.0,64.0,0.0,64.9,-107615304.0,68.5,1,49,50,180,0,13107,0,0,0.0,0.0,0.0,0.0,0.0,65.5,0.0,-0.0,0.0,645,0,686,0,0,0,714,0,785,0,708,0,689,0,645,0,640,0,618,0.032,36962304.0,-0.0,0.0,7696,16789,0.0,-0.0,10704.154,-0.0,-0.0,-0.0,29.0,60.0,70,0.0,0.0,0.0,0.0,0.0,0.0,0.0,0.0,0.0,0.0,0.0,0.0,0.0,0.0,0.0,0.0,59.6,68,11,65509,41,65476,0,300,0,0,8,20529,65476,0,0,61604,60.0,0.0,0.0,0.0,0.0,0.0
2026-04-04T11:44:04,ERR,ERR,ERR,ERR,ERR,ERR,ERR,ERR,ERR,ERR,ERR,ERR,ERR,ERR,ERR,ERR,ERR,ERR,ERR,ERR,ERR,ERR,ERR,ERR,ERR,ERR,ERR,ERR,ERR,ERR,ERR,ERR,ERR,ERR,ERR,ERR,ERR,ERR,ERR,ERR,ERR,ERR,ERR,ERR,ERR,ERR,ERR,ERR,ERR,ERR,ERR,ERR,ERR,ERR,ERR,ERR,ERR,ERR,ERR,ERR,ERR,ERR,ERR,ERR,ERR,ERR,ERR,ERR,ERR,ERR,ERR,ERR,ERR,ERR,ERR,ERR,ERR,ERR,ERR,ERR,ERR,ERR,ERR,ERR,ERR,ERR,ERR,ERR,ERR,ERR,ERR,ERR,ERR,ERR,ERR,ERR,ERR,ERR,ERR,ERR,ERR,ERR,ERR,ERR,ERR,ERR,ERR,ERR,ERR,ERR,ERR,ERR,ERR,ERR,ERR,ERR,ERR,ERR,ERR,ERR,ERR,ERR,ERR,ERR,ERR,0.0,0.0,-0.0,0.0,0.0,0.0,0.0,nan,0,0,0,32768,0,0.0,0,0.0,0.0,0.0,0.0,0.0,0,0,0,0,0.0,0,0,0,0,0,0,0,0,0,0,0,0,0,0,0,0,0,0,0,0,0,0,0,0,0,0,0,0,0,0,0,0,0,0,0,0,0,0,0,0,0,0,0,0,0.0,0.0,0.0,0.0,0.0,0.0,0.0,0.0,0.0,0.0,0.0,0.0,0.0,0.0,0.0,0.0,0.0,0.0,0.0,0.0,0.0,0.0,2.004,-0.0,-2.004,-0.0,0.0,0.0,0.0,0.0,3366.5,-0.0,0.0,0.0,0.0,-107615232.0,2.7184274988523002e+23,0.0,0.0,0.0,0.0,0,-2.3088382548096162e+20,-152016173137920.0,0.0,0.0,0.0,0.0,0.0,0.0,0.0,0,0,0,0.0,0.0,0.0,0.0,0.0,0.0,0.0,0.0,0.0,0.0,0.0,0.0,0.0,0.0,0.0,0.0,0,-107875648.0,0,0.0,0,-107875648.0,-107877712.0,0,52429,17038,0,17053,26215,17037,0,0,0,110,100,100,0.0,64.0,0.0,64.9,-107615304.0,68.5,1,49,50,180,0,13107,0,0,0.0,0.0,0.0,0.0,0.0,65.5,0.0,-0.0,0.0,645,0,686,0,0,0,714,0,785,0,708,0,689,0,645,0,640,0,618,0.032,36962304.0,-0.0,0.0,7696,16789,0.0,-0.0,10704.154,-0.0,-0.0,-0.0,29.0,60.0,70,0.0,0.0,0.0,0.0,0.0,0.0,0.0,0.0,0.0,0.0,0.0,0.0,0.0,0.0,0.0,0.0,59.6,68,11,65509,41,65476,0,300,0,0,8,20529,65476,0,0,61604,60.0,0.0,0.0,0.0,0.0,0.0
2026-04-04T11:44:05,ERR,ERR,ERR,ERR,ERR,ERR,ERR,ERR,ERR,ERR,ERR,ERR,ERR,ERR,ERR,ERR,ERR,ERR,ERR,ERR,ERR,ERR,ERR,ERR,ERR,ERR,ERR,ERR,ERR,ERR,ERR,ERR,ERR,ERR,ERR,ERR,ERR,ERR,ERR,ERR,ERR,ERR,ERR,ERR,ERR,ERR,ERR,ERR,ERR,ERR,ERR,ERR,ERR,ERR,ERR,ERR,ERR,ERR,ERR,ERR,ERR,ERR,ERR,ERR,ERR,ERR,ERR,ERR,ERR,ERR,ERR,ERR,ERR,ERR,ERR,ERR,ERR,ERR,ERR,ERR,ERR,ERR,ERR,ERR,ERR,ERR,ERR,ERR,ERR,ERR,ERR,ERR,ERR,ERR,ERR,ERR,ERR,ERR,ERR,ERR,ERR,ERR,ERR,ERR,ERR,ERR,ERR,ERR,ERR,ERR,ERR,ERR,ERR,ERR,ERR,ERR,ERR,ERR,ERR,ERR,ERR,ERR,ERR,ERR,ERR,0.0,0.0,-0.0,0.0,0.0,0.0,0.0,nan,0,0,0,32768,0,0.0,0,0.0,0.0,0.0,0.0,0.0,0,0,0,0,0.0,0,0,0,0,0,0,0,0,0,0,0,0,0,0,0,0,0,0,0,0,0,0,0,0,0,0,0,0,0,0,0,0,0,0,0,0,0,0,0,0,0,0,0,0,0.0,0.0,0.0,0.0,0.0,0.0,0.0,0.0,0.0,0.0,0.0,0.0,0.0,0.0,0.0,0.0,0.0,0.0,0.0,0.0,0.0,0.0,2.004,-0.0,-2.004,-0.0,0.0,0.0,0.0,0.0,3366.5,-0.0,0.0,0.0,0.0,-107615232.0,2.7184274988523002e+23,0.0,0.0,0.0,0.0,0,-2.3088382548096162e+20,-152016173137920.0,0.0,0.0,0.0,0.0,0.0,0.0,0.0,0,0,0,0.0,0.0,0.0,0.0,0.0,0.0,0.0,0.0,0.0,0.0,0.0,0.0,0.0,0.0,0.0,0.0,0,-107875648.0,0,0.0,0,-107875648.0,-107877712.0,0,52429,17038,0,17053,26215,17037,0,0,0,110,100,100,0.0,64.0,0.0,64.9,-107615304.0,68.5,1,49,50,180,0,13107,0,0,0.0,0.0,0.0,0.0,0.0,65.5,0.0,-0.0,0.0,645,0,686,0,0,0,714,0,785,0,708,0,689,0,645,0,640,0,618,0.032,36962304.0,-0.0,0.0,7696,16789,0.0,-0.0,10704.154,-0.0,-0.0,-0.0,29.0,60.0,70,0.0,0.0,0.0,0.0,0.0,0.0,0.0,0.0,0.0,0.0,0.0,0.0,0.0,0.0,0.0,0.0,59.6,68,11,65509,41,65476,0,300,0,0,8,20529,65476,0,0,61604,60.0,0.0,0.0,0.0,0.0,0.0
2026-04-04T11:44:06,ERR,ERR,ERR,ERR,ERR,ERR,ERR,ERR,ERR,ERR,ERR,ERR,ERR,ERR,ERR,ERR,ERR,ERR,ERR,ERR,ERR,ERR,ERR,ERR,ERR,ERR,ERR,ERR,ERR,ERR,ERR,ERR,ERR,ERR,ERR,ERR,ERR,ERR,ERR,ERR,ERR,ERR,ERR,ERR,ERR,ERR,ERR,ERR,ERR,ERR,ERR,ERR,ERR,ERR,ERR,ERR,ERR,ERR,ERR,ERR,ERR,ERR,ERR,ERR,ERR,ERR,ERR,ERR,ERR,ERR,ERR,ERR,ERR,ERR,ERR,ERR,ERR,ERR,ERR,ERR,ERR,ERR,ERR,ERR,ERR,ERR,ERR,ERR,ERR,ERR,ERR,ERR,ERR,ERR,ERR,ERR,ERR,ERR,ERR,ERR,ERR,ERR,ERR,ERR,ERR,ERR,ERR,ERR,ERR,ERR,ERR,ERR,ERR,ERR,ERR,ERR,ERR,ERR,ERR,ERR,ERR,ERR,ERR,ERR,ERR,0.0,0.0,-0.0,0.0,0.0,0.0,0.0,nan,0,0,0,32768,0,0.0,0,0.0,0.0,0.0,0.0,0.0,0,0,0,0,0.0,0,0,0,0,0,0,0,0,0,0,0,0,0,0,0,0,0,0,0,0,0,0,0,0,0,0,0,0,0,0,0,0,0,0,0,0,0,0,0,0,0,0,0,0,0.0,0.0,0.0,0.0,0.0,0.0,0.0,0.0,0.0,0.0,0.0,0.0,0.0,0.0,0.0,0.0,0.0,0.0,0.0,0.0,0.0,0.0,2.004,-0.0,-2.004,-0.0,0.0,0.0,0.0,0.0,3366.5,-0.0,0.0,0.0,0.0,-107615232.0,2.7184274988523002e+23,0.0,0.0,0.0,0.0,0,-2.3088382548096162e+20,-152016173137920.0,0.0,0.0,0.0,0.0,0.0,0.0,0.0,0,0,0,0.0,0.0,0.0,0.0,0.0,0.0,0.0,0.0,0.0,0.0,0.0,0.0,0.0,0.0,0.0,0.0,0,-107875648.0,0,0.0,0,-107875648.0,-107877712.0,0,52429,17038,0,17053,26215,17037,0,0,0,110,100,100,0.0,64.0,0.0,64.9,-107615304.0,68.5,1,49,50,180,0,13107,0,0,0.0,0.0,0.0,0.0,0.0,65.5,0.0,-0.0,0.0,645,0,686,0,0,0,714,0,785,0,708,0,689,0,645,0,640,0,618,0.032,36962304.0,-0.0,0.0,7696,16789,0.0,-0.0,10704.154,-0.0,-0.0,-0.0,29.0,60.0,70,0.0,0.0,0.0,0.0,0.0,0.0,0.0,0.0,0.0,0.0,0.0,0.0,0.0,0.0,0.0,0.0,59.2,68,11,65509,41,65476,0,300,0,0,8,20529,65476,0,0,61604,60.0,0.0,0.0,0.0,0.0,0.0
2026-04-04T11:44:07,ERR,ERR,ERR,ERR,ERR,ERR,ERR,ERR,ERR,ERR,ERR,ERR,ERR,ERR,ERR,ERR,ERR,ERR,ERR,ERR,ERR,ERR,ERR,ERR,ERR,ERR,ERR,ERR,ERR,ERR,ERR,ERR,ERR,ERR,ERR,ERR,ERR,ERR,ERR,ERR,ERR,ERR,ERR,ERR,ERR,ERR,ERR,ERR,ERR,ERR,ERR,ERR,ERR,ERR,ERR,ERR,ERR,ERR,ERR,ERR,ERR,ERR,ERR,ERR,ERR,ERR,ERR,ERR,ERR,ERR,ERR,ERR,ERR,ERR,ERR,ERR,ERR,ERR,ERR,ERR,ERR,ERR,ERR,ERR,ERR,ERR,ERR,ERR,ERR,ERR,ERR,ERR,ERR,ERR,ERR,ERR,ERR,ERR,ERR,ERR,ERR,ERR,ERR,ERR,ERR,ERR,ERR,ERR,ERR,ERR,ERR,ERR,ERR,ERR,ERR,ERR,ERR,ERR,ERR,ERR,ERR,ERR,ERR,ERR,ERR,0.0,0.0,-0.0,0.0,0.0,0.0,0.0,nan,0,0,0,32768,0,0.0,0,0.0,0.0,0.0,0.0,0.0,0,0,0,0,0.0,0,0,0,0,0,0,0,0,0,0,0,0,0,0,0,0,0,0,0,0,0,0,0,0,0,0,0,0,0,0,0,0,0,0,0,0,0,0,0,0,0,0,0,0,0.0,0.0,0.0,0.0,0.0,0.0,0.0,0.0,0.0,0.0,0.0,0.0,0.0,0.0,0.0,0.0,0.0,0.0,0.0,0.0,0.0,0.0,2.004,-0.0,-2.004,-0.0,0.0,0.0,0.0,0.0,3366.5,-0.0,0.0,0.0,0.0,-107615232.0,2.7184274988523002e+23,0.0,0.0,0.0,0.0,0,-2.3088382548096162e+20,-152016173137920.0,0.0,0.0,0.0,0.0,0.0,0.0,0.0,0,0,0,0.0,0.0,0.0,0.0,0.0,0.0,0.0,0.0,0.0,0.0,0.0,0.0,0.0,0.0,0.0,0.0,0,-107875648.0,0,0.0,0,-107875648.0,-107877712.0,0,52429,17038,0,17053,26215,17037,0,0,0,110,100,100,0.0,64.0,0.0,64.9,-107615304.0,68.5,1,49,50,180,0,13107,0,0,0.0,0.0,0.0,0.0,0.0,65.5,0.0,-0.0,0.0,645,0,686,0,0,0,714,0,785,0,708,0,689,0,645,0,640,0,618,0.032,36962304.0,-0.0,0.0,7696,16789,0.0,-0.0,10704.154,-0.0,-0.0,-0.0,29.0,60.0,70,0.0,0.0,0.0,0.0,0.0,0.0,0.0,0.0,0.0,0.0,0.0,0.0,0.0,0.0,0.0,0.0,59.2,68,11,65509,41,65476,0,300,0,0,8,20529,65476,0,0,61604,60.0,0.0,0.0,0.0,0.0,0.0
2026-04-04T11:44:08,ERR,ERR,ERR,ERR,ERR,ERR,ERR,ERR,ERR,ERR,ERR,ERR,ERR,ERR,ERR,ERR,ERR,ERR,ERR,ERR,ERR,ERR,ERR,ERR,ERR,ERR,ERR,ERR,ERR,ERR,ERR,ERR,ERR,ERR,ERR,ERR,ERR,ERR,ERR,ERR,ERR,ERR,ERR,ERR,ERR,ERR,ERR,ERR,ERR,ERR,ERR,ERR,ERR,ERR,ERR,ERR,ERR,ERR,ERR,ERR,ERR,ERR,ERR,ERR,ERR,ERR,ERR,ERR,ERR,ERR,ERR,ERR,ERR,ERR,ERR,ERR,ERR,ERR,ERR,ERR,ERR,ERR,ERR,ERR,ERR,ERR,ERR,ERR,ERR,ERR,ERR,ERR,ERR,ERR,ERR,ERR,ERR,ERR,ERR,ERR,ERR,ERR,ERR,ERR,ERR,ERR,ERR,ERR,ERR,ERR,ERR,ERR,ERR,ERR,ERR,ERR,ERR,ERR,ERR,ERR,ERR,ERR,ERR,ERR,ERR,0.0,0.0,-0.0,0.0,0.0,0.0,0.0,nan,0,0,0,32768,0,0.0,0,0.0,0.0,0.0,0.0,0.0,0,0,0,0,0.0,0,0,0,0,0,0,0,0,0,0,0,0,0,0,0,0,0,0,0,0,0,0,0,0,0,0,0,0,0,0,0,0,0,0,0,0,0,0,0,0,0,0,0,0,0.0,0.0,0.0,0.0,0.0,0.0,0.0,0.0,0.0,0.0,0.0,0.0,0.0,0.0,0.0,0.0,0.0,0.0,0.0,0.0,0.0,0.0,2.004,-0.0,-2.004,-0.0,0.0,0.0,0.0,0.0,3366.5,-0.0,0.0,0.0,0.0,-107615232.0,2.7184274988523002e+23,0.0,0.0,0.0,0.0,0,-2.3088382548096162e+20,-152016173137920.0,0.0,0.0,0.0,0.0,0.0,0.0,0.0,0,0,0,0.0,0.0,0.0,0.0,0.0,0.0,0.0,0.0,0.0,0.0,0.0,0.0,0.0,0.0,0.0,0.0,0,-107875648.0,0,0.0,0,-107875648.0,-107877712.0,0,52429,17038,0,17053,26215,17037,0,0,0,110,100,100,0.0,64.0,0.0,64.9,-107615304.0,68.5,1,49,50,180,0,13107,0,0,0.0,0.0,0.0,0.0,0.0,65.5,0.0,-0.0,0.0,645,0,686,0,0,0,714,0,785,0,708,0,689,0,645,0,640,0,618,0.032,36962304.0,-0.0,0.0,7696,16789,0.0,-0.0,10704.154,-0.0,-0.0,-0.0,29.0,60.0,70,0.0,0.0,0.0,0.0,0.0,0.0,0.0,0.0,0.0,0.0,0.0,0.0,0.0,0.0,0.0,0.0,59.2,68,11,65509,41,65476,0,300,0,0,8,20529,65476,0,0,61604,60.0,0.0,0.0,0.0,0.0,0.0
2026-04-04T11:44:09,ERR,ERR,ERR,ERR,ERR,ERR,ERR,ERR,ERR,ERR,ERR,ERR,ERR,ERR,ERR,ERR,ERR,ERR,ERR,ERR,ERR,ERR,ERR,ERR,ERR,ERR,ERR,ERR,ERR,ERR,ERR,ERR,ERR,ERR,ERR,ERR,ERR,ERR,ERR,ERR,ERR,ERR,ERR,ERR,ERR,ERR,ERR,ERR,ERR,ERR,ERR,ERR,ERR,ERR,ERR,ERR,ERR,ERR,ERR,ERR,ERR,ERR,ERR,ERR,ERR,ERR,ERR,ERR,ERR,ERR,ERR,ERR,ERR,ERR,ERR,ERR,ERR,ERR,ERR,ERR,ERR,ERR,ERR,ERR,ERR,ERR,ERR,ERR,ERR,ERR,ERR,ERR,ERR,ERR,ERR,ERR,ERR,ERR,ERR,ERR,ERR,ERR,ERR,ERR,ERR,ERR,ERR,ERR,ERR,ERR,ERR,ERR,ERR,ERR,ERR,ERR,ERR,ERR,ERR,ERR,ERR,ERR,ERR,ERR,ERR,0.0,0.0,-0.0,0.0,0.0,0.0,0.0,nan,0,0,0,32768,0,0.0,0,0.0,0.0,0.0,0.0,0.0,0,0,0,0,0.0,0,0,0,0,0,0,0,0,0,0,0,0,0,0,0,0,0,0,0,0,0,0,0,0,0,0,0,0,0,0,0,0,0,0,0,0,0,0,0,0,0,0,0,0,0.0,0.0,0.0,0.0,0.0,0.0,0.0,0.0,0.0,0.0,0.0,0.0,0.0,0.0,0.0,0.0,0.0,0.0,0.0,0.0,0.0,0.0,2.004,-0.0,-2.004,-0.0,0.0,0.0,0.0,0.0,3366.5,-0.0,0.0,0.0,0.0,-107615232.0,2.7184274988523002e+23,0.0,0.0,0.0,0.0,0,-2.3088382548096162e+20,-152016173137920.0,0.0,0.0,0.0,0.0,0.0,0.0,0.0,0,0,0,0.0,0.0,0.0,0.0,0.0,0.0,0.0,0.0,0.0,0.0,0.0,0.0,0.0,0.0,0.0,0.0,0,-107875648.0,0,0.0,0,-107875648.0,-107877712.0,0,52429,17038,0,17053,26215,17037,0,0,0,110,100,100,0.0,64.0,0.0,64.9,-107615304.0,68.5,1,49,50,180,0,13107,0,0,0.0,0.0,0.0,0.0,0.0,65.5,0.0,0.0,0.0,645,0,686,0,0,0,714,0,785,0,707,0,689,0,645,0,640,0,618,0.032,36700160.0,-0.0,0.0,6544,16789,0.0,0.0,-0.0,4.226804643799437e+34,-190062720.0,-4.158024536760416e+37,29.0,60.0,70,0.0,0.0,0.0,0.0,0.0,0.0,0.0,0.0,0.0,0.0,0.0,0.0,0.0,0.0,0.0,0.0,59.2,68,11,65509,41,65476,0,300,0,0,8,20529,65476,0,0,61604,60.0,0.0,0.0,0.0,0.0,0.0
2026-04-04T11:44:10,ERR,ERR,ERR,ERR,ERR,ERR,ERR,ERR,ERR,ERR,ERR,ERR,ERR,ERR,ERR,ERR,ERR,ERR,ERR,ERR,ERR,ERR,ERR,ERR,ERR,ERR,ERR,ERR,ERR,ERR,ERR,ERR,ERR,ERR,ERR,ERR,ERR,ERR,ERR,ERR,ERR,ERR,ERR,ERR,ERR,ERR,ERR,ERR,ERR,ERR,ERR,ERR,ERR,ERR,ERR,ERR,ERR,ERR,ERR,ERR,ERR,ERR,ERR,ERR,ERR,ERR,ERR,ERR,ERR,ERR,ERR,ERR,ERR,ERR,ERR,ERR,ERR,ERR,ERR,ERR,ERR,ERR,ERR,ERR,ERR,ERR,ERR,ERR,ERR,ERR,ERR,ERR,ERR,ERR,ERR,ERR,ERR,ERR,ERR,ERR,ERR,ERR,ERR,ERR,ERR,ERR,ERR,ERR,ERR,ERR,ERR,ERR,ERR,ERR,ERR,ERR,ERR,ERR,ERR,ERR,ERR,ERR,ERR,ERR,ERR,0.0,0.0,-0.0,0.0,0.0,0.0,0.0,nan,0,0,0,32768,0,0.0,0,0.0,0.0,0.0,0.0,0.0,0,0,0,0,0.0,0,0,0,0,0,0,0,0,0,0,0,0,0,0,0,0,0,0,0,0,0,0,0,0,0,0,0,0,0,0,0,0,0,0,0,0,0,0,0,0,0,0,0,0,0.0,0.0,0.0,0.0,0.0,0.0,0.0,0.0,0.0,0.0,0.0,0.0,0.0,0.0,0.0,0.0,0.0,0.0,0.0,0.0,0.0,0.0,2.004,-0.0,-2.004,-0.0,0.0,0.0,0.0,0.0,3366.5,-0.0,0.0,0.0,0.0,-107615232.0,2.7184274988523002e+23,0.0,0.0,0.0,0.0,0,-2.3088382548096162e+20,-152016173137920.0,0.0,0.0,0.0,0.0,0.0,0.0,0.0,0,0,0,0.0,0.0,0.0,0.0,0.0,0.0,0.0,0.0,0.0,0.0,0.0,0.0,0.0,0.0,0.0,0.0,0,-107875648.0,0,0.0,0,-107875648.0,-107877712.0,0,52429,17038,0,17053,26215,17037,0,0,0,110,100,100,0.0,64.0,0.0,64.9,-107615304.0,68.5,1,49,50,180,0,13107,0,0,0.0,0.0,0.0,0.0,0.0,65.5,0.0,0.0,0.0,645,0,686,0,0,0,714,0,785,0,707,0,689,0,645,0,640,0,618,0.032,36700160.0,-0.0,0.0,6544,16789,0.0,0.0,-0.0,4.226804643799437e+34,-190062720.0,-4.158024536760416e+37,29.0,60.0,70,0.0,0.0,0.0,0.0,0.0,0.0,0.0,0.0,0.0,0.0,0.0,0.0,0.0,0.0,0.0,0.0,59.2,68,11,65509,41,65476,0,300,0,0,8,20529,65476,0,0,61604,60.0,0.0,0.0,0.0,0.0,0.0
2026-04-04T11:44:11,ERR,ERR,ERR,ERR,ERR,ERR,ERR,ERR,ERR,ERR,ERR,ERR,ERR,ERR,ERR,ERR,ERR,ERR,ERR,ERR,ERR,ERR,ERR,ERR,ERR,ERR,ERR,ERR,ERR,ERR,ERR,ERR,ERR,ERR,ERR,ERR,ERR,ERR,ERR,ERR,ERR,ERR,ERR,ERR,ERR,ERR,ERR,ERR,ERR,ERR,ERR,ERR,ERR,ERR,ERR,ERR,ERR,ERR,ERR,ERR,ERR,ERR,ERR,ERR,ERR,ERR,ERR,ERR,ERR,ERR,ERR,ERR,ERR,ERR,ERR,ERR,ERR,ERR,ERR,ERR,ERR,ERR,ERR,ERR,ERR,ERR,ERR,ERR,ERR,ERR,ERR,ERR,ERR,ERR,ERR,ERR,ERR,ERR,ERR,ERR,ERR,ERR,ERR,ERR,ERR,ERR,ERR,ERR,ERR,ERR,ERR,ERR,ERR,ERR,ERR,ERR,ERR,ERR,ERR,ERR,ERR,ERR,ERR,ERR,ERR,0.0,0.0,-0.0,0.0,0.0,0.0,0.0,nan,0,0,0,32768,0,0.0,0,0.0,0.0,0.0,0.0,0.0,0,0,0,0,0.0,0,0,0,0,0,0,0,0,0,0,0,0,0,0,0,0,0,0,0,0,0,0,0,0,0,0,0,0,0,0,0,0,0,0,0,0,0,0,0,0,0,0,0,0,0.0,0.0,0.0,0.0,0.0,0.0,0.0,0.0,0.0,0.0,0.0,0.0,0.0,0.0,0.0,0.0,0.0,0.0,0.0,0.0,0.0,0.0,2.004,-0.0,-2.004,-0.0,0.0,0.0,0.0,0.0,3366.5,-0.0,0.0,0.0,0.0,-107615232.0,2.7184274988523002e+23,0.0,0.0,0.0,0.0,0,-2.3088382548096162e+20,-152016173137920.0,0.0,0.0,0.0,0.0,0.0,0.0,0.0,0,0,0,0.0,0.0,0.0,0.0,0.0,0.0,0.0,0.0,0.0,0.0,0.0,0.0,0.0,0.0,0.0,0.0,0,-107875648.0,0,0.0,0,-107875648.0,-107877712.0,0,52429,17038,0,17053,26215,17037,0,0,0,110,100,100,0.0,64.0,0.0,64.9,-107615304.0,68.5,1,49,50,180,0,13107,0,0,0.0,0.0,0.0,0.0,0.0,65.5,0.0,0.0,0.0,645,0,686,0,0,0,714,0,785,0,707,0,689,0,645,0,640,0,618,0.032,36700160.0,-0.0,0.0,6544,16789,0.0,0.0,-0.0,4.226804643799437e+34,-190062720.0,-4.158024536760416e+37,29.0,60.0,70,0.0,0.0,0.0,0.0,0.0,0.0,0.0,0.0,0.0,0.0,0.0,0.0,0.0,0.0,0.0,0.0,59.2,68,11,65509,41,65476,0,300,0,0,8,20529,65476,0,0,61604,60.0,0.0,0.0,0.0,0.0,0.0
2026-04-04T11:44:12,ERR,ERR,ERR,ERR,ERR,ERR,ERR,ERR,ERR,ERR,ERR,ERR,ERR,ERR,ERR,ERR,ERR,ERR,ERR,ERR,ERR,ERR,ERR,ERR,ERR,ERR,ERR,ERR,ERR,ERR,ERR,ERR,ERR,ERR,ERR,ERR,ERR,ERR,ERR,ERR,ERR,ERR,ERR,ERR,ERR,ERR,ERR,ERR,ERR,ERR,ERR,ERR,ERR,ERR,ERR,ERR,ERR,ERR,ERR,ERR,ERR,ERR,ERR,ERR,ERR,ERR,ERR,ERR,ERR,ERR,ERR,ERR,ERR,ERR,ERR,ERR,ERR,ERR,ERR,ERR,ERR,ERR,ERR,ERR,ERR,ERR,ERR,ERR,ERR,ERR,ERR,ERR,ERR,ERR,ERR,ERR,ERR,ERR,ERR,ERR,ERR,ERR,ERR,ERR,ERR,ERR,ERR,ERR,ERR,ERR,ERR,ERR,ERR,ERR,ERR,ERR,ERR,ERR,ERR,ERR,ERR,ERR,ERR,ERR,ERR,0.0,0.0,-0.0,0.0,0.0,0.0,0.0,nan,0,0,0,32768,0,0.0,0,0.0,0.0,0.0,0.0,0.0,0,0,0,0,0.0,0,0,0,0,0,0,0,0,0,0,0,0,0,0,0,0,0,0,0,0,0,0,0,0,0,0,0,0,0,0,0,0,0,0,0,0,0,0,0,0,0,0,0,0,0.0,0.0,0.0,0.0,0.0,0.0,0.0,0.0,0.0,0.0,0.0,0.0,0.0,0.0,0.0,0.0,0.0,0.0,0.0,0.0,0.0,0.0,2.004,-0.0,-2.004,-0.0,0.0,0.0,0.0,0.0,3366.5,-0.0,0.0,0.0,0.0,-107615232.0,2.7184274988523002e+23,0.0,0.0,0.0,0.0,0,-2.3088382548096162e+20,-152016173137920.0,0.0,0.0,0.0,0.0,0.0,0.0,0.0,0,0,0,0.0,0.0,0.0,0.0,0.0,0.0,0.0,0.0,0.0,0.0,0.0,0.0,0.0,0.0,0.0,0.0,0,-107875648.0,0,0.0,0,-107875648.0,-107877712.0,0,52429,17038,0,17053,26215,17037,0,0,0,110,100,100,0.0,64.0,0.0,64.9,-107615304.0,68.5,1,49,50,180,0,13107,0,0,0.0,0.0,0.0,0.0,0.0,65.5,0.0,0.0,0.0,645,0,686,0,0,0,714,0,785,0,707,0,689,0,645,0,640,0,618,0.032,36700160.0,-0.0,0.0,6544,16789,0.0,0.0,-0.0,4.226804643799437e+34,-190062720.0,-4.158024536760416e+37,29.0,60.0,70,0.0,0.0,0.0,0.0,0.0,0.0,0.0,0.0,0.0,0.0,0.0,0.0,0.0,0.0,0.0,0.0,59.2,68,11,65509,41,65476,0,300,0,0,8,20529,65476,0,0,61604,60.0,0.0,0.0,0.0,0.0,0.0
2026-04-04T11:44:13,ERR,ERR,ERR,ERR,ERR,ERR,ERR,ERR,ERR,ERR,ERR,ERR,ERR,ERR,ERR,ERR,ERR,ERR,ERR,ERR,ERR,ERR,ERR,ERR,ERR,ERR,ERR,ERR,ERR,ERR,ERR,ERR,ERR,ERR,ERR,ERR,ERR,ERR,ERR,ERR,ERR,ERR,ERR,ERR,ERR,ERR,ERR,ERR,ERR,ERR,ERR,ERR,ERR,ERR,ERR,ERR,ERR,ERR,ERR,ERR,ERR,ERR,ERR,ERR,ERR,ERR,ERR,ERR,ERR,ERR,ERR,ERR,ERR,ERR,ERR,ERR,ERR,ERR,ERR,ERR,ERR,ERR,ERR,ERR,ERR,ERR,ERR,ERR,ERR,ERR,ERR,ERR,ERR,ERR,ERR,ERR,ERR,ERR,ERR,ERR,ERR,ERR,ERR,ERR,ERR,ERR,ERR,ERR,ERR,ERR,ERR,ERR,ERR,ERR,ERR,ERR,ERR,ERR,ERR,ERR,ERR,ERR,ERR,ERR,ERR,-107615240.0,0.0,-117832800.0,0.0,0.0,0.0,0.0,nan,0,0,0,32768,0,0.0,0,0.0,0.0,0.0,0.0,0.0,0,0,0,0,0.0,0,0,0,0,0,0,0,0,0,0,0,0,0,0,0,0,0,0,0,0,0,0,0,0,0,0,0,0,0,0,0,0,0,0,0,0,0,0,0,0,0,0,0,0,0.0,0.0,0.0,0.0,0.0,0.0,0.0,0.0,0.0,0.0,0.0,0.0,0.0,0.0,0.0,0.0,0.0,0.0,0.0,0.0,0.0,0.0,-0.0,-0.0,-2.004,-0.0,0.0,0.0,0.0,0.0,3368.0,8608106496.0,0.0,-107615240.0,0.0,-0.0,2.7184274988523002e+23,0.0,0.0,0.0,0.0,0,-152018253512704.0,-0.0,0.0,0.0,0.0,0.0,0.0,0.0,0.0,0,0,0,0.0,0.0,0.0,0.0,0.0,0.0,0.0,0.0,0.0,0.0,0.0,0.0,0.0,0.0,0.0,0.0,0,-107875648.0,0,0.0,0,-107875648.0,-107877712.0,0,52429,17038,0,17053,26215,17037,0,0,0,110,100,100,0.0,64.0,0.0,64.9,-107615304.0,68.5,1,49,50,180,0,13107,0,0,0.0,0.0,0.0,0.0,0.0,65.5,0.0,0.0,0.0,645,0,686,0,0,0,714,0,785,0,707,0,689,0,645,0,640,0,618,0.032,36700160.0,-0.0,0.0,6544,16789,0.0,0.0,-0.0,4.226804643799437e+34,-190062720.0,-4.158024536760416e+37,29.0,60.0,70,0.0,0.0,0.0,0.0,0.0,0.0,0.0,0.0,0.0,0.0,0.0,0.0,0.0,0.0,0.0,0.0,59.2,68,11,65509,41,65476,0,300,0,0,8,20529,65476,0,0,61604,60.0,0.0,0.0,0.0,0.0,0.0
2026-04-04T11:44:14,ERR,ERR,ERR,ERR,ERR,ERR,ERR,ERR,ERR,ERR,ERR,ERR,ERR,ERR,ERR,ERR,ERR,ERR,ERR,ERR,ERR,ERR,ERR,ERR,ERR,ERR,ERR,ERR,ERR,ERR,ERR,ERR,ERR,ERR,ERR,ERR,ERR,ERR,ERR,ERR,ERR,ERR,ERR,ERR,ERR,ERR,ERR,ERR,ERR,ERR,ERR,ERR,ERR,ERR,ERR,ERR,ERR,ERR,ERR,ERR,ERR,ERR,ERR,ERR,ERR,ERR,ERR,ERR,ERR,ERR,ERR,ERR,ERR,ERR,ERR,ERR,ERR,ERR,ERR,ERR,ERR,ERR,ERR,ERR,ERR,ERR,ERR,ERR,ERR,ERR,ERR,ERR,ERR,ERR,ERR,ERR,ERR,ERR,ERR,ERR,ERR,ERR,ERR,ERR,ERR,ERR,ERR,ERR,ERR,ERR,ERR,ERR,ERR,ERR,ERR,ERR,ERR,ERR,ERR,ERR,ERR,ERR,ERR,ERR,ERR,-107615240.0,0.0,-117832800.0,0.0,0.0,0.0,0.0,nan,0,0,0,32768,0,0.0,0,0.0,0.0,0.0,0.0,0.0,0,0,0,0,0.0,0,0,0,0,0,0,0,0,0,0,0,0,0,0,0,0,0,0,0,0,0,0,0,0,0,0,0,0,0,0,0,0,0,0,0,0,0,0,0,0,0,0,0,0,0.0,0.0,0.0,0.0,0.0,0.0,0.0,0.0,0.0,0.0,0.0,0.0,0.0,0.0,0.0,0.0,0.0,0.0,0.0,0.0,0.0,0.0,-0.0,-0.0,-2.004,-0.0,0.0,0.0,0.0,0.0,3368.0,8608106496.0,0.0,-107615240.0,0.0,-0.0,2.7184274988523002e+23,0.0,0.0,0.0,0.0,0,-152018253512704.0,-0.0,0.0,0.0,0.0,0.0,0.0,0.0,0.0,0,0,0,0.0,0.0,0.0,0.0,0.0,0.0,0.0,0.0,0.0,0.0,0.0,0.0,0.0,0.0,0.0,0.0,0,-107875648.0,0,0.0,0,-107875648.0,-107877712.0,0,52429,17038,0,17053,26215,17037,0,0,0,110,100,100,0.0,64.0,0.0,64.9,-107615304.0,68.5,1,49,50,180,0,13107,0,0,0.0,0.0,0.0,0.0,0.0,65.5,0.0,0.0,0.0,645,0,686,0,0,0,714,0,785,0,707,0,689,0,645,0,640,0,618,0.032,36700160.0,-0.0,0.0,6544,16789,0.0,0.0,-0.0,4.226804643799437e+34,-190062720.0,-4.158024536760416e+37,29.0,60.0,70,0.0,0.0,0.0,0.0,0.0,0.0,0.0,0.0,0.0,0.0,0.0,0.0,0.0,0.0,0.0,0.0,59.2,68,11,65509,41,65476,0,300,0,0,8,20529,65476,0,0,61604,60.0,0.0,0.0,0.0,0.0,0.0
2026-04-04T11:44:15,ERR,ERR,ERR,ERR,ERR,ERR,ERR,ERR,ERR,ERR,ERR,ERR,ERR,ERR,ERR,ERR,ERR,ERR,ERR,ERR,ERR,ERR,ERR,ERR,ERR,ERR,ERR,ERR,ERR,ERR,ERR,ERR,ERR,ERR,ERR,ERR,ERR,ERR,ERR,ERR,ERR,ERR,ERR,ERR,ERR,ERR,ERR,ERR,ERR,ERR,ERR,ERR,ERR,ERR,ERR,ERR,ERR,ERR,ERR,ERR,ERR,ERR,ERR,ERR,ERR,ERR,ERR,ERR,ERR,ERR,ERR,ERR,ERR,ERR,ERR,ERR,ERR,ERR,ERR,ERR,ERR,ERR,ERR,ERR,ERR,ERR,ERR,ERR,ERR,ERR,ERR,ERR,ERR,ERR,ERR,ERR,ERR,ERR,ERR,ERR,ERR,ERR,ERR,ERR,ERR,ERR,ERR,ERR,ERR,ERR,ERR,ERR,ERR,ERR,ERR,ERR,ERR,ERR,ERR,ERR,ERR,ERR,ERR,ERR,ERR,-107615240.0,0.0,-117832800.0,0.0,0.0,0.0,0.0,nan,0,0,0,32768,0,0.0,0,0.0,0.0,0.0,0.0,0.0,0,0,0,0,0.0,0,0,0,0,0,0,0,0,0,0,0,0,0,0,0,0,0,0,0,0,0,0,0,0,0,0,0,0,0,0,0,0,0,0,0,0,0,0,0,0,0,0,0,0,0.0,0.0,0.0,0.0,0.0,0.0,0.0,0.0,0.0,0.0,0.0,0.0,0.0,0.0,0.0,0.0,0.0,0.0,0.0,0.0,0.0,0.0,-0.0,-0.0,-2.004,-0.0,0.0,0.0,0.0,0.0,3368.0,8608106496.0,0.0,-107615240.0,0.0,-0.0,2.7184274988523002e+23,0.0,0.0,0.0,0.0,0,-152018253512704.0,-0.0,0.0,0.0,0.0,0.0,0.0,0.0,0.0,0,0,0,0.0,0.0,0.0,0.0,0.0,0.0,0.0,0.0,0.0,0.0,0.0,0.0,0.0,0.0,0.0,0.0,0,-107875648.0,0,0.0,0,-107875648.0,-107877712.0,0,52429,17038,0,17053,26215,17037,0,0,0,110,100,100,0.0,64.0,0.0,64.9,-107615304.0,68.5,1,49,50,180,0,13107,0,0,0.0,0.0,0.0,0.0,0.0,65.5,0.0,-3.7080729812237584e+32,0.0,645,0,686,0,0,0,714,0,785,0,707,0,689,0,645,0,640,0,618,0.032,36962304.0,-0.0,0.0,1808,16789,0.0,-3.7080729812237584e+32,-0.0,-0.0,-2.3672938894563738e+17,0.0,29.0,60.0,70,0.0,0.0,0.0,0.0,0.0,0.0,0.0,0.0,0.0,0.0,0.0,0.0,0.0,0.0,0.0,0.0,59.2,68,11,65509,41,65476,0,300,0,0,8,20529,65476,0,0,61604,60.0,0.0,0.0,0.0,0.0,0.0
2026-04-04T11:44:16,ERR,ERR,ERR,ERR,ERR,ERR,ERR,ERR,ERR,ERR,ERR,ERR,ERR,ERR,ERR,ERR,ERR,ERR,ERR,ERR,ERR,ERR,ERR,ERR,ERR,ERR,ERR,ERR,ERR,ERR,ERR,ERR,ERR,ERR,ERR,ERR,ERR,ERR,ERR,ERR,ERR,ERR,ERR,ERR,ERR,ERR,ERR,ERR,ERR,ERR,ERR,ERR,ERR,ERR,ERR,ERR,ERR,ERR,ERR,ERR,ERR,ERR,ERR,ERR,ERR,ERR,ERR,ERR,ERR,ERR,ERR,ERR,ERR,ERR,ERR,ERR,ERR,ERR,ERR,ERR,ERR,ERR,ERR,ERR,ERR,ERR,ERR,ERR,ERR,ERR,ERR,ERR,ERR,ERR,ERR,ERR,ERR,ERR,ERR,ERR,ERR,ERR,ERR,ERR,ERR,ERR,ERR,ERR,ERR,ERR,ERR,ERR,ERR,ERR,ERR,ERR,ERR,ERR,ERR,ERR,ERR,ERR,ERR,ERR,ERR,-107615240.0,0.0,-117832800.0,0.0,0.0,0.0,0.0,nan,0,0,0,32768,0,0.0,0,0.0,0.0,0.0,0.0,0.0,0,0,0,0,0.0,0,0,0,0,0,0,0,0,0,0,0,0,0,0,0,0,0,0,0,0,0,0,0,0,0,0,0,0,0,0,0,0,0,0,0,0,0,0,0,0,0,0,0,0,0.0,0.0,0.0,0.0,0.0,0.0,0.0,0.0,0.0,0.0,0.0,0.0,0.0,0.0,0.0,0.0,0.0,0.0,0.0,0.0,0.0,0.0,-0.0,-0.0,-2.004,-0.0,0.0,0.0,0.0,0.0,3368.0,8608106496.0,0.0,-107615240.0,0.0,-0.0,2.7184274988523002e+23,0.0,0.0,0.0,0.0,0,-152018253512704.0,-0.0,0.0,0.0,0.0,0.0,0.0,0.0,0.0,0,0,0,0.0,0.0,0.0,0.0,0.0,0.0,0.0,0.0,0.0,0.0,0.0,0.0,0.0,0.0,0.0,0.0,0,-107875648.0,0,0.0,0,-107875648.0,-107877712.0,0,52429,17038,0,17053,26215,17037,0,0,0,110,100,100,0.0,64.0,0.0,64.9,-107615304.0,68.5,1,49,50,180,0,13107,0,0,0.0,0.0,0.0,0.0,0.0,65.5,0.0,-3.7080729812237584e+32,0.0,645,0,686,0,0,0,714,0,785,0,707,0,689,0,645,0,640,0,618,0.032,36962304.0,-0.0,0.0,1808,16789,0.0,-3.7080729812237584e+32,-0.0,-0.0,-2.3672938894563738e+17,0.0,29.0,60.0,70,0.0,0.0,0.0,0.0,0.0,0.0,0.0,0.0,0.0,0.0,0.0,0.0,0.0,0.0,0.0,0.0,59.2,68,11,65509,41,65476,0,300,0,0,8,20529,65476,0,0,61604,60.0,0.0,0.0,0.0,0.0,0.0
2026-04-04T11:44:17,ERR,ERR,ERR,ERR,ERR,ERR,ERR,ERR,ERR,ERR,ERR,ERR,ERR,ERR,ERR,ERR,ERR,ERR,ERR,ERR,ERR,ERR,ERR,ERR,ERR,ERR,ERR,ERR,ERR,ERR,ERR,ERR,ERR,ERR,ERR,ERR,ERR,ERR,ERR,ERR,ERR,ERR,ERR,ERR,ERR,ERR,ERR,ERR,ERR,ERR,ERR,ERR,ERR,ERR,ERR,ERR,ERR,ERR,ERR,ERR,ERR,ERR,ERR,ERR,ERR,ERR,ERR,ERR,ERR,ERR,ERR,ERR,ERR,ERR,ERR,ERR,ERR,ERR,ERR,ERR,ERR,ERR,ERR,ERR,ERR,ERR,ERR,ERR,ERR,ERR,ERR,ERR,ERR,ERR,ERR,ERR,ERR,ERR,ERR,ERR,ERR,ERR,ERR,ERR,ERR,ERR,ERR,ERR,ERR,ERR,ERR,ERR,ERR,ERR,ERR,ERR,ERR,ERR,ERR,ERR,ERR,ERR,ERR,ERR,ERR,-107615240.0,0.0,-117832800.0,0.0,0.0,0.0,0.0,nan,0,0,0,32768,0,0.0,0,0.0,0.0,0.0,0.0,0.0,0,0,0,0,0.0,0,0,0,0,0,0,0,0,0,0,0,0,0,0,0,0,0,0,0,0,0,0,0,0,0,0,0,0,0,0,0,0,0,0,0,0,0,0,0,0,0,0,0,0,0.0,0.0,0.0,0.0,0.0,0.0,0.0,0.0,0.0,0.0,0.0,0.0,0.0,0.0,0.0,0.0,0.0,0.0,0.0,0.0,0.0,0.0,-0.0,-0.0,-2.004,-0.0,0.0,0.0,0.0,0.0,3368.0,8608106496.0,0.0,-107615240.0,0.0,-0.0,2.7184274988523002e+23,0.0,0.0,0.0,0.0,0,-152018253512704.0,-0.0,0.0,0.0,0.0,0.0,0.0,0.0,0.0,0,0,0,0.0,0.0,0.0,0.0,0.0,0.0,0.0,0.0,0.0,0.0,0.0,0.0,0.0,0.0,0.0,0.0,0,-107875648.0,0,0.0,0,-107875648.0,-107877712.0,0,52429,17038,0,17053,26215,17037,0,0,0,110,100,100,0.0,64.0,0.0,64.9,-107615304.0,68.5,1,49,50,180,0,13107,0,0,0.0,0.0,0.0,0.0,0.0,65.5,0.0,-3.7080729812237584e+32,0.0,645,0,686,0,0,0,714,0,785,0,707,0,689,0,645,0,640,0,618,0.032,36962304.0,-0.0,0.0,1808,16789,0.0,-3.7080729812237584e+32,-0.0,-0.0,-2.3672938894563738e+17,0.0,29.0,60.0,70,0.0,0.0,0.0,0.0,0.0,0.0,0.0,0.0,0.0,0.0,0.0,0.0,0.0,0.0,0.0,0.0,59.2,68,11,65509,41,65476,0,300,0,0,8,20529,65476,0,0,61604,60.0,0.0,0.0,0.0,0.0,0.0
2026-04-04T11:44:18,ERR,ERR,ERR,ERR,ERR,ERR,ERR,ERR,ERR,ERR,ERR,ERR,ERR,ERR,ERR,ERR,ERR,ERR,ERR,ERR,ERR,ERR,ERR,ERR,ERR,ERR,ERR,ERR,ERR,ERR,ERR,ERR,ERR,ERR,ERR,ERR,ERR,ERR,ERR,ERR,ERR,ERR,ERR,ERR,ERR,ERR,ERR,ERR,ERR,ERR,ERR,ERR,ERR,ERR,ERR,ERR,ERR,ERR,ERR,ERR,ERR,ERR,ERR,ERR,ERR,ERR,ERR,ERR,ERR,ERR,ERR,ERR,ERR,ERR,ERR,ERR,ERR,ERR,ERR,ERR,ERR,ERR,ERR,ERR,ERR,ERR,ERR,ERR,ERR,ERR,ERR,ERR,ERR,ERR,ERR,ERR,ERR,ERR,ERR,ERR,ERR,ERR,ERR,ERR,ERR,ERR,ERR,ERR,ERR,ERR,ERR,ERR,ERR,ERR,ERR,ERR,ERR,ERR,ERR,ERR,ERR,ERR,ERR,ERR,ERR,-107615240.0,0.0,-117832800.0,0.0,0.0,0.0,0.0,nan,0,0,0,32768,0,0.0,0,0.0,0.0,0.0,0.0,0.0,0,0,0,0,0.0,0,0,0,0,0,0,0,0,0,0,0,0,0,0,0,0,0,0,0,0,0,0,0,0,0,0,0,0,0,0,0,0,0,0,0,0,0,0,0,0,0,0,0,0,0.0,0.0,0.0,0.0,0.0,0.0,0.0,0.0,0.0,0.0,0.0,0.0,0.0,0.0,0.0,0.0,0.0,0.0,0.0,0.0,0.0,0.0,-0.0,-0.0,-2.004,-0.0,0.0,0.0,0.0,0.0,3368.0,8608106496.0,0.0,-107615240.0,0.0,-0.0,2.7184274988523002e+23,0.0,0.0,0.0,0.0,0,-152018253512704.0,-0.0,0.0,0.0,0.0,0.0,0.0,0.0,0.0,0,0,0,0.0,0.0,0.0,0.0,0.0,0.0,0.0,0.0,0.0,0.0,0.0,0.0,0.0,0.0,0.0,0.0,0,-107875648.0,0,0.0,0,-107875648.0,-107877712.0,0,52429,17038,0,17053,26215,17037,0,0,0,110,100,100,0.0,64.0,0.0,64.9,-107615304.0,68.5,1,49,50,180,0,13107,0,0,0.0,0.0,0.0,0.0,0.0,65.5,0.0,-3.7080729812237584e+32,0.0,645,0,686,0,0,0,714,0,785,0,707,0,689,0,645,0,640,0,618,0.032,36962304.0,-0.0,0.0,1808,16789,0.0,-3.7080729812237584e+32,-0.0,-0.0,-2.3672938894563738e+17,0.0,29.0,60.0,70,0.0,0.0,0.0,0.0,0.0,0.0,0.0,0.0,0.0,0.0,0.0,0.0,0.0,0.0,0.0,0.0,59.2,68,11,65509,41,65476,0,300,0,0,8,20529,65476,0,0,61604,60.0,0.0,0.0,0.0,0.0,0.0
2026-04-04T11:44:19,ERR,ERR,ERR,ERR,ERR,ERR,ERR,ERR,ERR,ERR,ERR,ERR,ERR,ERR,ERR,ERR,ERR,ERR,ERR,ERR,ERR,ERR,ERR,ERR,ERR,ERR,ERR,ERR,ERR,ERR,ERR,ERR,ERR,ERR,ERR,ERR,ERR,ERR,ERR,ERR,ERR,ERR,ERR,ERR,ERR,ERR,ERR,ERR,ERR,ERR,ERR,ERR,ERR,ERR,ERR,ERR,ERR,ERR,ERR,ERR,ERR,ERR,ERR,ERR,ERR,ERR,ERR,ERR,ERR,ERR,ERR,ERR,ERR,ERR,ERR,ERR,ERR,ERR,ERR,ERR,ERR,ERR,ERR,ERR,ERR,ERR,ERR,ERR,ERR,ERR,ERR,ERR,ERR,ERR,ERR,ERR,ERR,ERR,ERR,ERR,ERR,ERR,ERR,ERR,ERR,ERR,ERR,ERR,ERR,ERR,ERR,ERR,ERR,ERR,ERR,ERR,ERR,ERR,ERR,ERR,ERR,ERR,ERR,ERR,ERR,-107615240.0,0.0,-117832800.0,0.0,0.0,0.0,0.0,nan,0,0,0,32768,0,0.0,0,0.0,0.0,0.0,0.0,0.0,0,0,0,0,0.0,0,0,0,0,0,0,0,0,0,0,0,0,0,0,0,0,0,0,0,0,0,0,0,0,0,0,0,0,0,0,0,0,0,0,0,0,0,0,0,0,0,0,0,0,0.0,0.0,0.0,0.0,0.0,0.0,0.0,0.0,0.0,0.0,0.0,0.0,0.0,0.0,0.0,0.0,0.0,0.0,0.0,0.0,0.0,0.0,-0.0,-0.0,-2.004,-0.0,0.0,0.0,0.0,0.0,3368.0,8608106496.0,0.0,-107615240.0,0.0,-0.0,2.7184274988523002e+23,0.0,0.0,0.0,0.0,0,-152018253512704.0,-0.0,0.0,0.0,0.0,0.0,0.0,0.0,0.0,0,0,0,0.0,0.0,0.0,0.0,0.0,0.0,0.0,0.0,0.0,0.0,0.0,0.0,0.0,0.0,0.0,0.0,0,-107875648.0,0,0.0,0,-107875648.0,-107877712.0,0,52429,17038,0,17053,26215,17037,0,0,0,110,100,100,0.0,64.0,0.0,64.9,-107615304.0,68.5,1,49,50,180,0,13107,0,0,0.0,0.0,0.0,0.0,0.0,65.5,0.0,-3.7080729812237584e+32,0.0,645,0,686,0,0,0,714,0,785,0,707,0,689,0,645,0,640,0,618,0.032,36962304.0,-0.0,0.0,1808,16789,0.0,-3.7080729812237584e+32,-0.0,-0.0,-2.3672938894563738e+17,0.0,29.0,60.0,70,0.0,0.0,0.0,0.0,0.0,0.0,0.0,0.0,0.0,0.0,0.0,0.0,0.0,0.0,0.0,0.0,59.2,68,11,65509,41,65476,0,300,0,0,8,20529,65476,0,0,61604,60.0,0.0,0.0,0.0,0.0,0.0
2026-04-04T11:44:20,ERR,ERR,ERR,ERR,ERR,ERR,ERR,ERR,ERR,ERR,ERR,ERR,ERR,ERR,ERR,ERR,ERR,ERR,ERR,ERR,ERR,ERR,ERR,ERR,ERR,ERR,ERR,ERR,ERR,ERR,ERR,ERR,ERR,ERR,ERR,ERR,ERR,ERR,ERR,ERR,ERR,ERR,ERR,ERR,ERR,ERR,ERR,ERR,ERR,ERR,ERR,ERR,ERR,ERR,ERR,ERR,ERR,ERR,ERR,ERR,ERR,ERR,ERR,ERR,ERR,ERR,ERR,ERR,ERR,ERR,ERR,ERR,ERR,ERR,ERR,ERR,ERR,ERR,ERR,ERR,ERR,ERR,ERR,ERR,ERR,ERR,ERR,ERR,ERR,ERR,ERR,ERR,ERR,ERR,ERR,ERR,ERR,ERR,ERR,ERR,ERR,ERR,ERR,ERR,ERR,ERR,ERR,ERR,ERR,ERR,ERR,ERR,ERR,ERR,ERR,ERR,ERR,ERR,ERR,ERR,ERR,ERR,ERR,ERR,ERR,-107615240.0,0.0,-117832800.0,0.0,0.0,0.0,0.0,nan,0,0,0,32768,0,0.0,0,0.0,0.0,0.0,0.0,0.0,0,0,0,0,0.0,0,0,0,0,0,0,0,0,0,0,0,0,0,0,0,0,0,0,0,0,0,0,0,0,0,0,0,0,0,0,0,0,0,0,0,0,0,0,0,0,0,0,0,0,0.0,0.0,0.0,0.0,0.0,0.0,0.0,0.0,0.0,0.0,0.0,0.0,0.0,0.0,0.0,0.0,0.0,0.0,0.0,0.0,0.0,0.0,-0.0,-0.0,-2.004,-0.0,0.0,0.0,0.0,0.0,3368.0,8608106496.0,0.0,-107615240.0,0.0,-0.0,2.7184274988523002e+23,0.0,0.0,0.0,0.0,0,-152018253512704.0,-0.0,0.0,0.0,0.0,0.0,0.0,0.0,0.0,0,0,0,0.0,0.0,0.0,0.0,0.0,0.0,0.0,0.0,0.0,0.0,0.0,0.0,0.0,0.0,0.0,0.0,0,-107875648.0,0,0.0,0,-107875648.0,-107877712.0,0,52429,17038,0,17053,26215,17037,0,0,0,110,100,100,0.0,64.0,0.0,64.9,-107615304.0,68.5,1,49,50,180,0,13107,0,0,0.0,0.0,0.0,0.0,0.0,65.5,0.0,-3.7080729812237584e+32,0.0,645,0,686,0,0,0,714,0,785,0,707,0,689,0,645,0,640,0,618,0.032,36962304.0,-0.0,0.0,1808,16789,0.0,-3.7080729812237584e+32,-0.0,-0.0,-2.3672938894563738e+17,0.0,29.0,60.0,70,0.0,0.0,0.0,0.0,0.0,0.0,0.0,0.0,0.0,0.0,0.0,0.0,0.0,0.0,0.0,0.0,59.6,68,11,65509,41,65476,0,300,0,0,8,20529,65476,0,0,61604,60.0,0.0,0.0,0.0,0.0,0.0
2026-04-04T11:44:21,ERR,ERR,ERR,ERR,ERR,ERR,ERR,ERR,ERR,ERR,ERR,ERR,ERR,ERR,ERR,ERR,ERR,ERR,ERR,ERR,ERR,ERR,ERR,ERR,ERR,ERR,ERR,ERR,ERR,ERR,ERR,ERR,ERR,ERR,ERR,ERR,ERR,ERR,ERR,ERR,ERR,ERR,ERR,ERR,ERR,ERR,ERR,ERR,ERR,ERR,ERR,ERR,ERR,ERR,ERR,ERR,ERR,ERR,ERR,ERR,ERR,ERR,ERR,ERR,ERR,ERR,ERR,ERR,ERR,ERR,ERR,ERR,ERR,ERR,ERR,ERR,ERR,ERR,ERR,ERR,ERR,ERR,ERR,ERR,ERR,ERR,ERR,ERR,ERR,ERR,ERR,ERR,ERR,ERR,ERR,ERR,ERR,ERR,ERR,ERR,ERR,ERR,ERR,ERR,ERR,ERR,ERR,ERR,ERR,ERR,ERR,ERR,ERR,ERR,ERR,ERR,ERR,ERR,ERR,ERR,ERR,ERR,ERR,ERR,ERR,0.0,-0.0,-101055584.0,0.0,0.0,0.0,0.0,nan,0,0,0,32768,0,0.0,0,0.0,0.0,0.0,0.0,0.0,0,0,0,0,0.0,0,0,0,0,0,0,0,0,0,0,0,0,0,0,0,0,0,0,0,0,0,0,0,0,0,0,0,0,0,0,0,0,0,0,0,0,0,0,0,0,0,0,0,0,0.0,0.0,0.0,0.0,0.0,0.0,0.0,0.0,0.0,0.0,0.0,0.0,0.0,0.0,0.0,0.0,0.0,0.0,0.0,0.0,0.0,0.0,-0.0,-0.0,-2.004,-0.0,0.0,0.0,0.0,0.0,3368.5,1.587915374909487e+29,0.0,0.0,-0.0,-0.0,2.7184274988523002e+23,0.0,0.0,0.0,0.0,0,-4.0668755697950344e+29,-0.0,0.0,0.0,0.0,0.0,0.0,0.0,0.0,0,0,0,0.0,0.0,0.0,0.0,0.0,0.0,0.0,0.0,0.0,0.0,0.0,0.0,0.0,0.0,0.0,0.0,0,-107875648.0,0,0.0,0,-107875648.0,-107877712.0,0,52429,17038,0,17053,26215,17037,0,0,0,110,100,100,0.0,64.0,0.0,64.9,-107615304.0,68.5,1,49,50,180,0,13107,0,0,0.0,0.0,0.0,0.0,0.0,65.5,0.0,-55873.969,0.0,645,0,686,0,0,0,714,0,785,0,707,0,689,0,645,0,640,0,618,0.032,36700160.0,-0.0,0.0,7824,16789,0.0,-55873.969,29446627131392.0,1165299.125,-0.0,-12.641,29.0,60.0,70,0.0,0.0,0.0,0.0,0.0,0.0,0.0,0.0,0.0,0.0,0.0,0.0,0.0,0.0,0.0,0.0,59.6,68,11,65509,41,65476,0,300,0,0,8,20529,65476,0,0,61604,60.0,0.0,0.0,0.0,0.0,0.0
2026-04-04T11:44:22,ERR,ERR,ERR,ERR,ERR,ERR,ERR,ERR,ERR,ERR,ERR,ERR,ERR,ERR,ERR,ERR,ERR,ERR,ERR,ERR,ERR,ERR,ERR,ERR,ERR,ERR,ERR,ERR,ERR,ERR,ERR,ERR,ERR,ERR,ERR,ERR,ERR,ERR,ERR,ERR,ERR,ERR,ERR,ERR,ERR,ERR,ERR,ERR,ERR,ERR,ERR,ERR,ERR,ERR,ERR,ERR,ERR,ERR,ERR,ERR,ERR,ERR,ERR,ERR,ERR,ERR,ERR,ERR,ERR,ERR,ERR,ERR,ERR,ERR,ERR,ERR,ERR,ERR,ERR,ERR,ERR,ERR,ERR,ERR,ERR,ERR,ERR,ERR,ERR,ERR,ERR,ERR,ERR,ERR,ERR,ERR,ERR,ERR,ERR,ERR,ERR,ERR,ERR,ERR,ERR,ERR,ERR,ERR,ERR,ERR,ERR,ERR,ERR,ERR,ERR,ERR,ERR,ERR,ERR,ERR,ERR,ERR,ERR,ERR,ERR,0.0,-0.0,-101055584.0,0.0,0.0,0.0,0.0,nan,0,0,0,32768,0,0.0,0,0.0,0.0,0.0,0.0,0.0,0,0,0,0,0.0,0,0,0,0,0,0,0,0,0,0,0,0,0,0,0,0,0,0,0,0,0,0,0,0,0,0,0,0,0,0,0,0,0,0,0,0,0,0,0,0,0,0,0,0,0.0,0.0,0.0,0.0,0.0,0.0,0.0,0.0,0.0,0.0,0.0,0.0,0.0,0.0,0.0,0.0,0.0,0.0,0.0,0.0,0.0,0.0,-0.0,-0.0,-2.004,-0.0,0.0,0.0,0.0,0.0,3368.5,1.587915374909487e+29,0.0,0.0,-0.0,-0.0,2.7184274988523002e+23,0.0,0.0,0.0,0.0,0,-4.0668755697950344e+29,-0.0,0.0,0.0,0.0,0.0,0.0,0.0,0.0,0,0,0,0.0,0.0,0.0,0.0,0.0,0.0,0.0,0.0,0.0,0.0,0.0,0.0,0.0,0.0,0.0,0.0,0,-107875648.0,0,0.0,0,-107875648.0,-107877712.0,0,52429,17038,0,17053,26215,17037,0,0,0,110,100,100,0.0,64.0,0.0,64.9,-107615304.0,68.5,1,49,50,180,0,13107,0,0,0.0,0.0,0.0,0.0,0.0,65.5,0.0,-55873.969,0.0,645,0,686,0,0,0,714,0,785,0,707,0,689,0,645,0,640,0,618,0.032,36700160.0,-0.0,0.0,7824,16789,0.0,-55873.969,29446627131392.0,1165299.125,-0.0,-12.641,29.0,60.0,70,0.0,0.0,0.0,0.0,0.0,0.0,0.0,0.0,0.0,0.0,0.0,0.0,0.0,0.0,0.0,0.0,59.6,68,11,65509,41,65476,0,300,0,0,8,20529,65476,0,0,61604,60.0,0.0,0.0,0.0,0.0,0.0
2026-04-04T11:44:23,ERR,ERR,ERR,ERR,ERR,ERR,ERR,ERR,ERR,ERR,ERR,ERR,ERR,ERR,ERR,ERR,ERR,ERR,ERR,ERR,ERR,ERR,ERR,ERR,ERR,ERR,ERR,ERR,ERR,ERR,ERR,ERR,ERR,ERR,ERR,ERR,ERR,ERR,ERR,ERR,ERR,ERR,ERR,ERR,ERR,ERR,ERR,ERR,ERR,ERR,ERR,ERR,ERR,ERR,ERR,ERR,ERR,ERR,ERR,ERR,ERR,ERR,ERR,ERR,ERR,ERR,ERR,ERR,ERR,ERR,ERR,ERR,ERR,ERR,ERR,ERR,ERR,ERR,ERR,ERR,ERR,ERR,ERR,ERR,ERR,ERR,ERR,ERR,ERR,ERR,ERR,ERR,ERR,ERR,ERR,ERR,ERR,ERR,ERR,ERR,ERR,ERR,ERR,ERR,ERR,ERR,ERR,ERR,ERR,ERR,ERR,ERR,ERR,ERR,ERR,ERR,ERR,ERR,ERR,ERR,ERR,ERR,ERR,ERR,ERR,0.0,-0.0,-101055584.0,0.0,0.0,0.0,0.0,nan,0,0,0,32768,0,0.0,0,0.0,0.0,0.0,0.0,0.0,0,0,0,0,0.0,0,0,0,0,0,0,0,0,0,0,0,0,0,0,0,0,0,0,0,0,0,0,0,0,0,0,0,0,0,0,0,0,0,0,0,0,0,0,0,0,0,0,0,0,0.0,0.0,0.0,0.0,0.0,0.0,0.0,0.0,0.0,0.0,0.0,0.0,0.0,0.0,0.0,0.0,0.0,0.0,0.0,0.0,0.0,0.0,-0.0,-0.0,-2.004,-0.0,0.0,0.0,0.0,0.0,3368.5,1.587915374909487e+29,0.0,0.0,-0.0,-0.0,2.7184274988523002e+23,0.0,0.0,0.0,0.0,0,-4.0668755697950344e+29,-0.0,0.0,0.0,0.0,0.0,0.0,0.0,0.0,0,0,0,0.0,0.0,0.0,0.0,0.0,0.0,0.0,0.0,0.0,0.0,0.0,0.0,0.0,0.0,0.0,0.0,0,-107875648.0,0,0.0,0,-107875648.0,-107877712.0,0,52429,17038,0,17053,26215,17037,0,0,0,110,100,100,0.0,64.0,0.0,64.9,-107615304.0,68.5,1,49,50,180,0,13107,0,0,0.0,0.0,0.0,0.0,0.0,65.5,0.0,-55873.969,0.0,645,0,686,0,0,0,714,0,785,0,707,0,689,0,645,0,640,0,618,0.032,36700160.0,-0.0,0.0,7824,16789,0.0,-55873.969,29446627131392.0,1165299.125,-0.0,-12.641,29.0,60.0,70,0.0,0.0,0.0,0.0,0.0,0.0,0.0,0.0,0.0,0.0,0.0,0.0,0.0,0.0,0.0,0.0,59.2,68,11,65509,41,65476,0,300,0,0,8,20529,65476,0,0,61604,60.0,0.0,0.0,0.0,0.0,0.0
2026-04-04T11:44:24,ERR,ERR,ERR,ERR,ERR,ERR,ERR,ERR,ERR,ERR,ERR,ERR,ERR,ERR,ERR,ERR,ERR,ERR,ERR,ERR,ERR,ERR,ERR,ERR,ERR,ERR,ERR,ERR,ERR,ERR,ERR,ERR,ERR,ERR,ERR,ERR,ERR,ERR,ERR,ERR,ERR,ERR,ERR,ERR,ERR,ERR,ERR,ERR,ERR,ERR,ERR,ERR,ERR,ERR,ERR,ERR,ERR,ERR,ERR,ERR,ERR,ERR,ERR,ERR,ERR,ERR,ERR,ERR,ERR,ERR,ERR,ERR,ERR,ERR,ERR,ERR,ERR,ERR,ERR,ERR,ERR,ERR,ERR,ERR,ERR,ERR,ERR,ERR,ERR,ERR,ERR,ERR,ERR,ERR,ERR,ERR,ERR,ERR,ERR,ERR,ERR,ERR,ERR,ERR,ERR,ERR,ERR,ERR,ERR,ERR,ERR,ERR,ERR,ERR,ERR,ERR,ERR,ERR,ERR,ERR,ERR,ERR,ERR,ERR,ERR,0.0,-0.0,-101055584.0,0.0,0.0,0.0,0.0,nan,0,0,0,32768,0,0.0,0,0.0,0.0,0.0,0.0,0.0,0,0,0,0,0.0,0,0,0,0,0,0,0,0,0,0,0,0,0,0,0,0,0,0,0,0,0,0,0,0,0,0,0,0,0,0,0,0,0,0,0,0,0,0,0,0,0,0,0,0,0.0,0.0,0.0,0.0,0.0,0.0,0.0,0.0,0.0,0.0,0.0,0.0,0.0,0.0,0.0,0.0,0.0,0.0,0.0,0.0,0.0,0.0,-0.0,-0.0,-2.004,-0.0,0.0,0.0,0.0,0.0,3368.5,1.587915374909487e+29,0.0,0.0,-0.0,-0.0,2.7184274988523002e+23,0.0,0.0,0.0,0.0,0,-4.0668755697950344e+29,-0.0,0.0,0.0,0.0,0.0,0.0,0.0,0.0,0,0,0,0.0,0.0,0.0,0.0,0.0,0.0,0.0,0.0,0.0,0.0,0.0,0.0,0.0,0.0,0.0,0.0,0,-107875648.0,0,0.0,0,-107875648.0,-107877712.0,0,52429,17038,0,17053,26215,17037,0,0,0,110,100,100,0.0,64.0,0.0,64.9,-107615304.0,68.5,1,49,50,180,0,13107,0,0,0.0,0.0,0.0,0.0,0.0,65.5,0.0,-55873.969,0.0,645,0,686,0,0,0,714,0,785,0,707,0,689,0,645,0,640,0,618,0.032,36700160.0,-0.0,0.0,7824,16789,0.0,-55873.969,29446627131392.0,1165299.125,-0.0,-12.641,29.0,60.0,70,0.0,0.0,0.0,0.0,0.0,0.0,0.0,0.0,0.0,0.0,0.0,0.0,0.0,0.0,0.0,0.0,59.2,68,11,65509,41,65476,0,300,0,0,8,20529,65476,0,0,61604,60.0,0.0,0.0,0.0,0.0,0.0
2026-04-04T11:44:25,ERR,ERR,ERR,ERR,ERR,ERR,ERR,ERR,ERR,ERR,ERR,ERR,ERR,ERR,ERR,ERR,ERR,ERR,ERR,ERR,ERR,ERR,ERR,ERR,ERR,ERR,ERR,ERR,ERR,ERR,ERR,ERR,ERR,ERR,ERR,ERR,ERR,ERR,ERR,ERR,ERR,ERR,ERR,ERR,ERR,ERR,ERR,ERR,ERR,ERR,ERR,ERR,ERR,ERR,ERR,ERR,ERR,ERR,ERR,ERR,ERR,ERR,ERR,ERR,ERR,ERR,ERR,ERR,ERR,ERR,ERR,ERR,ERR,ERR,ERR,ERR,ERR,ERR,ERR,ERR,ERR,ERR,ERR,ERR,ERR,ERR,ERR,ERR,ERR,ERR,ERR,ERR,ERR,ERR,ERR,ERR,ERR,ERR,ERR,ERR,ERR,ERR,ERR,ERR,ERR,ERR,ERR,ERR,ERR,ERR,ERR,ERR,ERR,ERR,ERR,ERR,ERR,ERR,ERR,ERR,ERR,ERR,ERR,ERR,ERR,0.0,-0.0,-101055584.0,0.0,0.0,0.0,0.0,nan,0,0,0,32768,0,0.0,0,0.0,0.0,0.0,0.0,0.0,0,0,0,0,0.0,0,0,0,0,0,0,0,0,0,0,0,0,0,0,0,0,0,0,0,0,0,0,0,0,0,0,0,0,0,0,0,0,0,0,0,0,0,0,0,0,0,0,0,0,0.0,0.0,0.0,0.0,0.0,0.0,0.0,0.0,0.0,0.0,0.0,0.0,0.0,0.0,0.0,0.0,0.0,0.0,0.0,0.0,0.0,0.0,-0.0,-0.0,-2.004,-0.0,0.0,0.0,0.0,0.0,3368.5,1.587915374909487e+29,0.0,0.0,-0.0,-0.0,2.7184274988523002e+23,0.0,0.0,0.0,0.0,0,-4.0668755697950344e+29,-0.0,0.0,0.0,0.0,0.0,0.0,0.0,0.0,0,0,0,0.0,0.0,0.0,0.0,0.0,0.0,0.0,0.0,0.0,0.0,0.0,0.0,0.0,0.0,0.0,0.0,0,-107875648.0,0,0.0,0,-107875648.0,-107877712.0,0,52429,17038,0,17053,26215,17037,0,0,0,110,100,100,0.0,64.0,0.0,64.9,-107615304.0,68.5,1,49,50,180,0,13107,0,0,0.0,0.0,0.0,0.0,0.0,65.5,0.0,-55873.969,0.0,645,0,686,0,0,0,714,0,785,0,707,0,689,0,645,0,640,0,618,0.032,36700160.0,-0.0,0.0,7824,16789,0.0,-55873.969,29446627131392.0,1165299.125,-0.0,-12.641,29.0,60.0,70,0.0,0.0,0.0,0.0,0.0,0.0,0.0,0.0,0.0,0.0,0.0,0.0,0.0,0.0,0.0,0.0,59.2,68,11,65509,41,65476,0,300,0,0,8,20529,65476,0,0,61604,60.0,0.0,0.0,0.0,0.0,0.0
2026-04-04T11:44:26,ERR,ERR,ERR,ERR,ERR,ERR,ERR,ERR,ERR,ERR,ERR,ERR,ERR,ERR,ERR,ERR,ERR,ERR,ERR,ERR,ERR,ERR,ERR,ERR,ERR,ERR,ERR,ERR,ERR,ERR,ERR,ERR,ERR,ERR,ERR,ERR,ERR,ERR,ERR,ERR,ERR,ERR,ERR,ERR,ERR,ERR,ERR,ERR,ERR,ERR,ERR,ERR,ERR,ERR,ERR,ERR,ERR,ERR,ERR,ERR,ERR,ERR,ERR,ERR,ERR,ERR,ERR,ERR,ERR,ERR,ERR,ERR,ERR,ERR,ERR,ERR,ERR,ERR,ERR,ERR,ERR,ERR,ERR,ERR,ERR,ERR,ERR,ERR,ERR,ERR,ERR,ERR,ERR,ERR,ERR,ERR,ERR,ERR,ERR,ERR,ERR,ERR,ERR,ERR,ERR,ERR,ERR,ERR,ERR,ERR,ERR,ERR,ERR,ERR,ERR,ERR,ERR,ERR,ERR,ERR,ERR,ERR,ERR,ERR,ERR,0.0,-0.0,-101055584.0,0.0,0.0,0.0,0.0,nan,0,0,0,32768,0,0.0,0,0.0,0.0,0.0,0.0,0.0,0,0,0,0,0.0,0,0,0,0,0,0,0,0,0,0,0,0,0,0,0,0,0,0,0,0,0,0,0,0,0,0,0,0,0,0,0,0,0,0,0,0,0,0,0,0,0,0,0,0,0.0,0.0,0.0,0.0,0.0,0.0,0.0,0.0,0.0,0.0,0.0,0.0,0.0,0.0,0.0,0.0,0.0,0.0,0.0,0.0,0.0,0.0,-0.0,-0.0,-2.004,-0.0,0.0,0.0,0.0,0.0,3368.5,1.587915374909487e+29,0.0,0.0,-0.0,-0.0,2.7184274988523002e+23,0.0,0.0,0.0,0.0,0,-4.0668755697950344e+29,-0.0,0.0,0.0,0.0,0.0,0.0,0.0,0.0,0,0,0,0.0,0.0,0.0,0.0,0.0,0.0,0.0,0.0,0.0,0.0,0.0,0.0,0.0,0.0,0.0,0.0,0,-107875648.0,0,0.0,0,-107875648.0,-107877712.0,0,52429,17038,0,17053,26215,17037,0,0,0,110,100,100,0.0,64.0,0.0,64.9,-107615304.0,68.5,1,49,50,180,0,13107,0,0,0.0,0.0,0.0,0.0,0.0,65.5,0.0,-55873.969,0.0,645,0,686,0,0,0,714,0,785,0,707,0,689,0,645,0,640,0,618,0.032,36700160.0,-0.0,0.0,7824,16789,0.0,-55873.969,29446627131392.0,1165299.125,-0.0,-12.641,29.0,60.0,70,0.0,0.0,0.0,0.0,0.0,0.0,0.0,0.0,0.0,0.0,0.0,0.0,0.0,0.0,0.0,0.0,59.2,68,11,65509,41,65476,0,300,0,0,8,20529,65476,0,0,61604,60.0,0.0,0.0,0.0,0.0,0.0
2026-04-04T11:44:27,ERR,ERR,ERR,ERR,ERR,ERR,ERR,ERR,ERR,ERR,ERR,ERR,ERR,ERR,ERR,ERR,ERR,ERR,ERR,ERR,ERR,ERR,ERR,ERR,ERR,ERR,ERR,ERR,ERR,ERR,ERR,ERR,ERR,ERR,ERR,ERR,ERR,ERR,ERR,ERR,ERR,ERR,ERR,ERR,ERR,ERR,ERR,ERR,ERR,ERR,ERR,ERR,ERR,ERR,ERR,ERR,ERR,ERR,ERR,ERR,ERR,ERR,ERR,ERR,ERR,ERR,ERR,ERR,ERR,ERR,ERR,ERR,ERR,ERR,ERR,ERR,ERR,ERR,ERR,ERR,ERR,ERR,ERR,ERR,ERR,ERR,ERR,ERR,ERR,ERR,ERR,ERR,ERR,ERR,ERR,ERR,ERR,ERR,ERR,ERR,ERR,ERR,ERR,ERR,ERR,ERR,ERR,ERR,ERR,ERR,ERR,ERR,ERR,ERR,ERR,ERR,ERR,ERR,ERR,ERR,ERR,ERR,ERR,ERR,ERR,0.0,-0.0,-101055584.0,0.0,0.0,0.0,0.0,nan,0,0,0,32768,0,0.0,0,0.0,0.0,0.0,0.0,0.0,0,0,0,0,0.0,0,0,0,0,0,0,0,0,0,0,0,0,0,0,0,0,0,0,0,0,0,0,0,0,0,0,0,0,0,0,0,0,0,0,0,0,0,0,0,0,0,0,0,0,0.0,0.0,0.0,0.0,0.0,0.0,0.0,0.0,0.0,0.0,0.0,0.0,0.0,0.0,0.0,0.0,0.0,0.0,0.0,0.0,0.0,0.0,-0.0,-0.0,-2.004,-0.0,0.0,0.0,0.0,0.0,3368.5,1.587915374909487e+29,0.0,0.0,-0.0,-0.0,2.7184274988523002e+23,0.0,0.0,0.0,0.0,0,-4.0668755697950344e+29,-0.0,0.0,0.0,0.0,0.0,0.0,0.0,0.0,0,0,0,0.0,0.0,0.0,0.0,0.0,0.0,0.0,0.0,0.0,0.0,0.0,0.0,0.0,0.0,0.0,0.0,0,-107875648.0,0,0.0,0,-107875648.0,-107877712.0,0,52429,17038,0,17053,26215,17037,0,0,0,110,100,100,0.0,64.0,0.0,64.9,-107615304.0,68.5,1,49,50,180,0,13107,0,0,0.0,0.0,0.0,0.0,0.0,65.5,0.0,0.0,0.0,645,0,686,0,0,0,714,0,785,0,707,0,689,0,645,0,640,0,618,0.032,36962304.0,-0.0,0.0,20240,16789,0.0,0.0,3.0946489854457245e+37,0.0,-0.0,-1.7916584547700147e+21,29.0,60.0,70,0.0,0.0,0.0,0.0,0.0,0.0,0.0,0.0,0.0,0.0,0.0,0.0,0.0,0.0,0.0,0.0,59.2,68,11,65509,41,65476,0,300,0,0,8,20529,65476,0,0,61604,60.0,0.0,0.0,0.0,0.0,0.0
2026-04-04T11:44:28,ERR,ERR,ERR,ERR,ERR,ERR,ERR,ERR,ERR,ERR,ERR,ERR,ERR,ERR,ERR,ERR,ERR,ERR,ERR,ERR,ERR,ERR,ERR,ERR,ERR,ERR,ERR,ERR,ERR,ERR,ERR,ERR,ERR,ERR,ERR,ERR,ERR,ERR,ERR,ERR,ERR,ERR,ERR,ERR,ERR,ERR,ERR,ERR,ERR,ERR,ERR,ERR,ERR,ERR,ERR,ERR,ERR,ERR,ERR,ERR,ERR,ERR,ERR,ERR,ERR,ERR,ERR,ERR,ERR,ERR,ERR,ERR,ERR,ERR,ERR,ERR,ERR,ERR,ERR,ERR,ERR,ERR,ERR,ERR,ERR,ERR,ERR,ERR,ERR,ERR,ERR,ERR,ERR,ERR,ERR,ERR,ERR,ERR,ERR,ERR,ERR,ERR,ERR,ERR,ERR,ERR,ERR,ERR,ERR,ERR,ERR,ERR,ERR,ERR,ERR,ERR,ERR,ERR,ERR,ERR,ERR,ERR,ERR,ERR,ERR,0.0,-0.0,-101055584.0,0.0,0.0,0.0,0.0,nan,0,0,0,32768,0,0.0,0,0.0,0.0,0.0,0.0,0.0,0,0,0,0,0.0,0,0,0,0,0,0,0,0,0,0,0,0,0,0,0,0,0,0,0,0,0,0,0,0,0,0,0,0,0,0,0,0,0,0,0,0,0,0,0,0,0,0,0,0,0.0,0.0,0.0,0.0,0.0,0.0,0.0,0.0,0.0,0.0,0.0,0.0,0.0,0.0,0.0,0.0,0.0,0.0,0.0,0.0,0.0,0.0,-0.0,-0.0,-2.004,-0.0,0.0,0.0,0.0,0.0,3368.5,1.587915374909487e+29,0.0,0.0,-0.0,-0.0,2.7184274988523002e+23,0.0,0.0,0.0,0.0,0,-4.0668755697950344e+29,-0.0,0.0,0.0,0.0,0.0,0.0,0.0,0.0,0,0,0,0.0,0.0,0.0,0.0,0.0,0.0,0.0,0.0,0.0,0.0,0.0,0.0,0.0,0.0,0.0,0.0,0,-107875648.0,0,0.0,0,-107875648.0,-107877712.0,0,52429,17038,0,17053,26215,17037,0,0,0,110,100,100,0.0,64.0,0.0,64.9,-107615304.0,68.5,1,49,50,180,0,13107,0,0,0.0,0.0,0.0,0.0,0.0,65.5,0.0,0.0,0.0,645,0,686,0,0,0,714,0,785,0,707,0,689,0,645,0,640,0,618,0.032,36962304.0,-0.0,0.0,20240,16789,0.0,0.0,3.0946489854457245e+37,0.0,-0.0,-1.7916584547700147e+21,29.0,60.0,70,0.0,0.0,0.0,0.0,0.0,0.0,0.0,0.0,0.0,0.0,0.0,0.0,0.0,0.0,0.0,0.0,59.2,68,12,65509,41,65476,0,300,0,0,8,20529,65476,0,0,61604,60.0,0.0,0.0,0.0,0.0,0.0
2026-04-04T11:44:29,ERR,ERR,ERR,ERR,ERR,ERR,ERR,ERR,ERR,ERR,ERR,ERR,ERR,ERR,ERR,ERR,ERR,ERR,ERR,ERR,ERR,ERR,ERR,ERR,ERR,ERR,ERR,ERR,ERR,ERR,ERR,ERR,ERR,ERR,ERR,ERR,ERR,ERR,ERR,ERR,ERR,ERR,ERR,ERR,ERR,ERR,ERR,ERR,ERR,ERR,ERR,ERR,ERR,ERR,ERR,ERR,ERR,ERR,ERR,ERR,ERR,ERR,ERR,ERR,ERR,ERR,ERR,ERR,ERR,ERR,ERR,ERR,ERR,ERR,ERR,ERR,ERR,ERR,ERR,ERR,ERR,ERR,ERR,ERR,ERR,ERR,ERR,ERR,ERR,ERR,ERR,ERR,ERR,ERR,ERR,ERR,ERR,ERR,ERR,ERR,ERR,ERR,ERR,ERR,ERR,ERR,ERR,ERR,ERR,ERR,ERR,ERR,ERR,ERR,ERR,ERR,ERR,ERR,ERR,ERR,ERR,ERR,ERR,ERR,ERR,0.0,0.0,-0.0,0.0,0.0,0.0,0.0,nan,0,0,0,32768,0,0.0,0,0.0,0.0,0.0,0.0,0.0,0,0,0,0,0.0,0,0,0,0,0,0,0,0,0,0,0,0,0,0,0,0,0,0,0,0,0,0,0,0,0,0,0,0,0,0,0,0,0,0,0,0,0,0,0,0,0,0,0,0,0.0,0.0,0.0,0.0,0.0,0.0,0.0,0.0,0.0,0.0,0.0,0.0,0.0,0.0,0.0,0.0,0.0,0.0,0.0,0.0,0.0,0.0,2.004,-2.004,-2.004,-0.0,0.0,0.0,0.0,0.0,3366.0,-0.0,0.0,0.0,-0.0,-0.0,2.7184274988523002e+23,0.0,0.0,0.0,0.0,0,-107615248.0,-0.0,0.0,0.0,0.0,0.0,0.0,0.0,0.0,0,0,0,0.0,0.0,0.0,0.0,0.0,0.0,0.0,0.0,0.0,0.0,0.0,0.0,0.0,0.0,0.0,0.0,0,-107875648.0,0,0.0,0,-107875648.0,-107877712.0,0,52429,17038,0,17053,26215,17037,0,0,0,110,100,100,0.0,64.0,0.0,64.9,-107615304.0,68.5,1,49,50,180,0,13107,0,0,0.0,0.0,0.0,0.0,0.0,65.5,0.0,0.0,0.0,645,0,686,0,0,0,714,0,785,0,707,0,689,0,645,0,640,0,618,0.032,36962304.0,-0.0,0.0,20240,16789,0.0,0.0,3.0946489854457245e+37,0.0,-0.0,-1.7916584547700147e+21,29.0,60.0,70,0.0,0.0,0.0,0.0,0.0,0.0,0.0,0.0,0.0,0.0,0.0,0.0,0.0,0.0,0.0,0.0,59.2,68,12,65509,41,65476,0,300,0,0,8,20529,65476,0,0,61604,60.0,0.0,0.0,0.0,0.0,0.0
2026-04-04T11:44:30,ERR,ERR,ERR,ERR,ERR,ERR,ERR,ERR,ERR,ERR,ERR,ERR,ERR,ERR,ERR,ERR,ERR,ERR,ERR,ERR,ERR,ERR,ERR,ERR,ERR,ERR,ERR,ERR,ERR,ERR,ERR,ERR,ERR,ERR,ERR,ERR,ERR,ERR,ERR,ERR,ERR,ERR,ERR,ERR,ERR,ERR,ERR,ERR,ERR,ERR,ERR,ERR,ERR,ERR,ERR,ERR,ERR,ERR,ERR,ERR,ERR,ERR,ERR,ERR,ERR,ERR,ERR,ERR,ERR,ERR,ERR,ERR,ERR,ERR,ERR,ERR,ERR,ERR,ERR,ERR,ERR,ERR,ERR,ERR,ERR,ERR,ERR,ERR,ERR,ERR,ERR,ERR,ERR,ERR,ERR,ERR,ERR,ERR,ERR,ERR,ERR,ERR,ERR,ERR,ERR,ERR,ERR,ERR,ERR,ERR,ERR,ERR,ERR,ERR,ERR,ERR,ERR,ERR,ERR,ERR,ERR,ERR,ERR,ERR,ERR,0.0,0.0,-0.0,0.0,0.0,0.0,0.0,nan,0,0,0,32768,0,0.0,0,0.0,0.0,0.0,0.0,0.0,0,0,0,0,0.0,0,0,0,0,0,0,0,0,0,0,0,0,0,0,0,0,0,0,0,0,0,0,0,0,0,0,0,0,0,0,0,0,0,0,0,0,0,0,0,0,0,0,0,0,0.0,0.0,0.0,0.0,0.0,0.0,0.0,0.0,0.0,0.0,0.0,0.0,0.0,0.0,0.0,0.0,0.0,0.0,0.0,0.0,0.0,0.0,2.004,-2.004,-2.004,-0.0,0.0,0.0,0.0,0.0,3366.0,-0.0,0.0,0.0,-0.0,-0.0,2.7184274988523002e+23,0.0,0.0,0.0,0.0,0,-107615248.0,-0.0,0.0,0.0,0.0,0.0,0.0,0.0,0.0,0,0,0,0.0,0.0,0.0,0.0,0.0,0.0,0.0,0.0,0.0,0.0,0.0,0.0,0.0,0.0,0.0,0.0,0,-107875648.0,0,0.0,0,-107875648.0,-107877712.0,0,52429,17038,0,17053,26215,17037,0,0,0,110,100,100,0.0,64.0,0.0,64.9,-107615304.0,68.5,1,49,50,180,0,13107,0,0,0.0,0.0,0.0,0.0,0.0,65.5,0.0,0.0,0.0,645,0,686,0,0,0,714,0,785,0,707,0,689,0,645,0,640,0,618,0.032,36962304.0,-0.0,0.0,20240,16789,0.0,0.0,3.0946489854457245e+37,0.0,-0.0,-1.7916584547700147e+21,29.0,60.0,70,0.0,0.0,0.0,0.0,0.0,0.0,0.0,0.0,0.0,0.0,0.0,0.0,0.0,0.0,0.0,0.0,59.2,68,12,65509,41,65476,0,300,0,0,8,20529,65476,0,0,61604,60.0,0.0,0.0,0.0,0.0,0.0
2026-04-04T11:44:31,ERR,ERR,ERR,ERR,ERR,ERR,ERR,ERR,ERR,ERR,ERR,ERR,ERR,ERR,ERR,ERR,ERR,ERR,ERR,ERR,ERR,ERR,ERR,ERR,ERR,ERR,ERR,ERR,ERR,ERR,ERR,ERR,ERR,ERR,ERR,ERR,ERR,ERR,ERR,ERR,ERR,ERR,ERR,ERR,ERR,ERR,ERR,ERR,ERR,ERR,ERR,ERR,ERR,ERR,ERR,ERR,ERR,ERR,ERR,ERR,ERR,ERR,ERR,ERR,ERR,ERR,ERR,ERR,ERR,ERR,ERR,ERR,ERR,ERR,ERR,ERR,ERR,ERR,ERR,ERR,ERR,ERR,ERR,ERR,ERR,ERR,ERR,ERR,ERR,ERR,ERR,ERR,ERR,ERR,ERR,ERR,ERR,ERR,ERR,ERR,ERR,ERR,ERR,ERR,ERR,ERR,ERR,ERR,ERR,ERR,ERR,ERR,ERR,ERR,ERR,ERR,ERR,ERR,ERR,ERR,ERR,ERR,ERR,ERR,ERR,0.0,0.0,-0.0,0.0,0.0,0.0,0.0,nan,0,0,0,32768,0,0.0,0,0.0,0.0,0.0,0.0,0.0,0,0,0,0,0.0,0,0,0,0,0,0,0,0,0,0,0,0,0,0,0,0,0,0,0,0,0,0,0,0,0,0,0,0,0,0,0,0,0,0,0,0,0,0,0,0,0,0,0,0,0.0,0.0,0.0,0.0,0.0,0.0,0.0,0.0,0.0,0.0,0.0,0.0,0.0,0.0,0.0,0.0,0.0,0.0,0.0,0.0,0.0,0.0,2.004,-2.004,-2.004,-0.0,0.0,0.0,0.0,0.0,3366.0,-0.0,0.0,0.0,-0.0,-0.0,2.7184274988523002e+23,0.0,0.0,0.0,0.0,0,-107615248.0,-0.0,0.0,0.0,0.0,0.0,0.0,0.0,0.0,0,0,0,0.0,0.0,0.0,0.0,0.0,0.0,0.0,0.0,0.0,0.0,0.0,0.0,0.0,0.0,0.0,0.0,0,-107875648.0,0,0.0,0,-107875648.0,-107877712.0,0,52429,17038,0,17053,26215,17037,0,0,0,110,100,100,0.0,64.0,0.0,64.9,-107615304.0,68.5,1,49,50,180,0,13107,0,0,0.0,0.0,0.0,0.0,0.0,65.5,0.0,0.0,0.0,645,0,686,0,0,0,714,0,785,0,707,0,689,0,645,0,640,0,618,0.032,36962304.0,-0.0,0.0,20240,16789,0.0,0.0,3.0946489854457245e+37,0.0,-0.0,-1.7916584547700147e+21,29.0,60.0,70,0.0,0.0,0.0,0.0,0.0,0.0,0.0,0.0,0.0,0.0,0.0,0.0,0.0,0.0,0.0,0.0,59.2,68,12,65509,41,65476,0,300,0,0,8,20529,65476,0,0,61604,60.0,0.0,0.0,0.0,0.0,0.0
2026-04-04T11:44:32,ERR,ERR,ERR,ERR,ERR,ERR,ERR,ERR,ERR,ERR,ERR,ERR,ERR,ERR,ERR,ERR,ERR,ERR,ERR,ERR,ERR,ERR,ERR,ERR,ERR,ERR,ERR,ERR,ERR,ERR,ERR,ERR,ERR,ERR,ERR,ERR,ERR,ERR,ERR,ERR,ERR,ERR,ERR,ERR,ERR,ERR,ERR,ERR,ERR,ERR,ERR,ERR,ERR,ERR,ERR,ERR,ERR,ERR,ERR,ERR,ERR,ERR,ERR,ERR,ERR,ERR,ERR,ERR,ERR,ERR,ERR,ERR,ERR,ERR,ERR,ERR,ERR,ERR,ERR,ERR,ERR,ERR,ERR,ERR,ERR,ERR,ERR,ERR,ERR,ERR,ERR,ERR,ERR,ERR,ERR,ERR,ERR,ERR,ERR,ERR,ERR,ERR,ERR,ERR,ERR,ERR,ERR,ERR,ERR,ERR,ERR,ERR,ERR,ERR,ERR,ERR,ERR,ERR,ERR,ERR,ERR,ERR,ERR,ERR,ERR,0.0,0.0,-0.0,0.0,0.0,0.0,0.0,nan,0,0,0,32768,0,0.0,0,0.0,0.0,0.0,0.0,0.0,0,0,0,0,0.0,0,0,0,0,0,0,0,0,0,0,0,0,0,0,0,0,0,0,0,0,0,0,0,0,0,0,0,0,0,0,0,0,0,0,0,0,0,0,0,0,0,0,0,0,0.0,0.0,0.0,0.0,0.0,0.0,0.0,0.0,0.0,0.0,0.0,0.0,0.0,0.0,0.0,0.0,0.0,0.0,0.0,0.0,0.0,0.0,2.004,-2.004,-2.004,-0.0,0.0,0.0,0.0,0.0,3366.0,-0.0,0.0,0.0,-0.0,-0.0,2.7184274988523002e+23,0.0,0.0,0.0,0.0,0,-107615248.0,-0.0,0.0,0.0,0.0,0.0,0.0,0.0,0.0,0,0,0,0.0,0.0,0.0,0.0,0.0,0.0,0.0,0.0,0.0,0.0,0.0,0.0,0.0,0.0,0.0,0.0,0,-107875648.0,0,0.0,0,-107875648.0,-107877712.0,0,52429,17038,0,17053,26215,17037,0,0,0,110,100,100,0.0,64.0,0.0,64.9,-107615304.0,68.5,1,49,50,180,0,13107,0,0,0.0,0.0,0.0,0.0,0.0,65.5,0.0,0.0,0.0,645,0,686,0,0,0,714,0,785,0,707,0,689,0,645,0,640,0,618,0.032,36962304.0,-0.0,0.0,20240,16789,0.0,0.0,3.0946489854457245e+37,0.0,-0.0,-1.7916584547700147e+21,29.0,60.0,70,0.0,0.0,0.0,0.0,0.0,0.0,0.0,0.0,0.0,0.0,0.0,0.0,0.0,0.0,0.0,0.0,59.2,68,12,65509,41,65476,0,300,0,0,8,20529,65476,0,0,61604,60.0,0.0,0.0,0.0,0.0,0.0
2026-04-04T11:44:33,ERR,ERR,ERR,ERR,ERR,ERR,ERR,ERR,ERR,ERR,ERR,ERR,ERR,ERR,ERR,ERR,ERR,ERR,ERR,ERR,ERR,ERR,ERR,ERR,ERR,ERR,ERR,ERR,ERR,ERR,ERR,ERR,ERR,ERR,ERR,ERR,ERR,ERR,ERR,ERR,ERR,ERR,ERR,ERR,ERR,ERR,ERR,ERR,ERR,ERR,ERR,ERR,ERR,ERR,ERR,ERR,ERR,ERR,ERR,ERR,ERR,ERR,ERR,ERR,ERR,ERR,ERR,ERR,ERR,ERR,ERR,ERR,ERR,ERR,ERR,ERR,ERR,ERR,ERR,ERR,ERR,ERR,ERR,ERR,ERR,ERR,ERR,ERR,ERR,ERR,ERR,ERR,ERR,ERR,ERR,ERR,ERR,ERR,ERR,ERR,ERR,ERR,ERR,ERR,ERR,ERR,ERR,ERR,ERR,ERR,ERR,ERR,ERR,ERR,ERR,ERR,ERR,ERR,ERR,ERR,ERR,ERR,ERR,ERR,ERR,0.0,0.0,-0.0,0.0,0.0,0.0,0.0,nan,0,0,0,32768,0,0.0,0,0.0,0.0,0.0,0.0,0.0,0,0,0,0,0.0,0,0,0,0,0,0,0,0,0,0,0,0,0,0,0,0,0,0,0,0,0,0,0,0,0,0,0,0,0,0,0,0,0,0,0,0,0,0,0,0,0,0,0,0,0.0,0.0,0.0,0.0,0.0,0.0,0.0,0.0,0.0,0.0,0.0,0.0,0.0,0.0,0.0,0.0,0.0,0.0,0.0,0.0,0.0,0.0,2.004,-2.004,-2.004,-0.0,0.0,0.0,0.0,0.0,3366.0,-0.0,0.0,0.0,-0.0,-0.0,2.7184274988523002e+23,0.0,0.0,0.0,0.0,0,-107615248.0,-0.0,0.0,0.0,0.0,0.0,0.0,0.0,0.0,0,0,0,0.0,0.0,0.0,0.0,0.0,0.0,0.0,0.0,0.0,0.0,0.0,0.0,0.0,0.0,0.0,0.0,0,-107875648.0,0,0.0,0,-107875648.0,-107877712.0,0,52429,17038,0,17053,26215,17037,0,0,0,110,100,100,0.0,64.0,0.0,64.9,-107615304.0,68.5,1,49,50,180,0,13107,0,0,0.0,0.0,0.0,0.0,0.0,65.5,0.0,3.222631904518448e+28,0.0,645,0,686,0,0,0,714,0,785,0,707,0,689,0,645,0,640,0,618,0.032,36700160.0,-0.0,0.0,13072,16789,0.0,3.222631904518448e+28,-1.9959389413002713e+37,-445117440.0,0.0,22313967616.0,29.0,60.0,70,0.0,0.0,0.0,0.0,0.0,0.0,0.0,0.0,0.0,0.0,0.0,0.0,0.0,0.0,0.0,0.0,59.2,68,12,65509,41,65476,0,300,0,0,8,20529,65476,0,0,61604,60.0,0.0,0.0,0.0,0.0,0.0
2026-04-04T11:44:34,ERR,ERR,ERR,ERR,ERR,ERR,ERR,ERR,ERR,ERR,ERR,ERR,ERR,ERR,ERR,ERR,ERR,ERR,ERR,ERR,ERR,ERR,ERR,ERR,ERR,ERR,ERR,ERR,ERR,ERR,ERR,ERR,ERR,ERR,ERR,ERR,ERR,ERR,ERR,ERR,ERR,ERR,ERR,ERR,ERR,ERR,ERR,ERR,ERR,ERR,ERR,ERR,ERR,ERR,ERR,ERR,ERR,ERR,ERR,ERR,ERR,ERR,ERR,ERR,ERR,ERR,ERR,ERR,ERR,ERR,ERR,ERR,ERR,ERR,ERR,ERR,ERR,ERR,ERR,ERR,ERR,ERR,ERR,ERR,ERR,ERR,ERR,ERR,ERR,ERR,ERR,ERR,ERR,ERR,ERR,ERR,ERR,ERR,ERR,ERR,ERR,ERR,ERR,ERR,ERR,ERR,ERR,ERR,ERR,ERR,ERR,ERR,ERR,ERR,ERR,ERR,ERR,ERR,ERR,ERR,ERR,ERR,ERR,ERR,ERR,0.0,0.0,-0.0,0.0,0.0,0.0,0.0,nan,0,0,0,32768,0,0.0,0,0.0,0.0,0.0,0.0,0.0,0,0,0,0,0.0,0,0,0,0,0,0,0,0,0,0,0,0,0,0,0,0,0,0,0,0,0,0,0,0,0,0,0,0,0,0,0,0,0,0,0,0,0,0,0,0,0,0,0,0,0.0,0.0,0.0,0.0,0.0,0.0,0.0,0.0,0.0,0.0,0.0,0.0,0.0,0.0,0.0,0.0,0.0,0.0,0.0,0.0,0.0,0.0,2.004,-2.004,-2.004,-0.0,0.0,0.0,0.0,0.0,3366.0,-0.0,0.0,0.0,-0.0,-0.0,2.7184274988523002e+23,0.0,0.0,0.0,0.0,0,-107615248.0,-0.0,0.0,0.0,0.0,0.0,0.0,0.0,0.0,0,0,0,0.0,0.0,0.0,0.0,0.0,0.0,0.0,0.0,0.0,0.0,0.0,0.0,0.0,0.0,0.0,0.0,0,-107875648.0,0,0.0,0,-107875648.0,-107877712.0,0,52429,17038,0,17053,26215,17037,0,0,0,110,100,100,0.0,64.0,0.0,64.9,-107615304.0,68.5,1,49,50,180,0,13107,0,0,0.0,0.0,0.0,0.0,0.0,65.5,0.0,3.222631904518448e+28,0.0,645,0,686,0,0,0,714,0,785,0,707,0,689,0,645,0,640,0,618,0.032,36700160.0,-0.0,0.0,13072,16789,0.0,3.222631904518448e+28,-1.9959389413002713e+37,-445117440.0,0.0,22313967616.0,29.0,60.0,70,0.0,0.0,0.0,0.0,0.0,0.0,0.0,0.0,0.0,0.0,0.0,0.0,0.0,0.0,0.0,0.0,59.2,68,11,65509,41,65476,0,300,0,0,8,20529,65476,0,0,61604,60.0,0.0,0.0,0.0,0.0,0.0
2026-04-04T11:44:35,ERR,ERR,ERR,ERR,ERR,ERR,ERR,ERR,ERR,ERR,ERR,ERR,ERR,ERR,ERR,ERR,ERR,ERR,ERR,ERR,ERR,ERR,ERR,ERR,ERR,ERR,ERR,ERR,ERR,ERR,ERR,ERR,ERR,ERR,ERR,ERR,ERR,ERR,ERR,ERR,ERR,ERR,ERR,ERR,ERR,ERR,ERR,ERR,ERR,ERR,ERR,ERR,ERR,ERR,ERR,ERR,ERR,ERR,ERR,ERR,ERR,ERR,ERR,ERR,ERR,ERR,ERR,ERR,ERR,ERR,ERR,ERR,ERR,ERR,ERR,ERR,ERR,ERR,ERR,ERR,ERR,ERR,ERR,ERR,ERR,ERR,ERR,ERR,ERR,ERR,ERR,ERR,ERR,ERR,ERR,ERR,ERR,ERR,ERR,ERR,ERR,ERR,ERR,ERR,ERR,ERR,ERR,ERR,ERR,ERR,ERR,ERR,ERR,ERR,ERR,ERR,ERR,ERR,ERR,ERR,ERR,ERR,ERR,ERR,ERR,0.0,0.0,-0.0,0.0,0.0,0.0,0.0,nan,0,0,0,32768,0,0.0,0,0.0,0.0,0.0,0.0,0.0,0,0,0,0,0.0,0,0,0,0,0,0,0,0,0,0,0,0,0,0,0,0,0,0,0,0,0,0,0,0,0,0,0,0,0,0,0,0,0,0,0,0,0,0,0,0,0,0,0,0,0.0,0.0,0.0,0.0,0.0,0.0,0.0,0.0,0.0,0.0,0.0,0.0,0.0,0.0,0.0,0.0,0.0,0.0,0.0,0.0,0.0,0.0,2.004,-2.004,-2.004,-0.0,0.0,0.0,0.0,0.0,3366.0,-0.0,0.0,0.0,-0.0,-0.0,2.7184274988523002e+23,0.0,0.0,0.0,0.0,0,-107615248.0,-0.0,0.0,0.0,0.0,0.0,0.0,0.0,0.0,0,0,0,0.0,0.0,0.0,0.0,0.0,0.0,0.0,0.0,0.0,0.0,0.0,0.0,0.0,0.0,0.0,0.0,0,-107875648.0,0,0.0,0,-107875648.0,-107877712.0,0,52429,17038,0,17053,26215,17037,0,0,0,110,100,100,0.0,64.0,0.0,64.9,-107615304.0,68.5,1,49,50,180,0,13107,0,0,0.0,0.0,0.0,0.0,0.0,65.5,0.0,3.222631904518448e+28,0.0,645,0,686,0,0,0,714,0,785,0,707,0,689,0,645,0,640,0,618,0.032,36700160.0,-0.0,0.0,13072,16789,0.0,3.222631904518448e+28,-1.9959389413002713e+37,-445117440.0,0.0,22313967616.0,29.0,60.0,70,0.0,0.0,0.0,0.0,0.0,0.0,0.0,0.0,0.0,0.0,0.0,0.0,0.0,0.0,0.0,0.0,59.2,68,11,65509,41,65476,0,300,0,0,8,20529,65476,0,0,61604,60.0,0.0,0.0,0.0,0.0,0.0
2026-04-04T11:44:36,ERR,ERR,ERR,ERR,ERR,ERR,ERR,ERR,ERR,ERR,ERR,ERR,ERR,ERR,ERR,ERR,ERR,ERR,ERR,ERR,ERR,ERR,ERR,ERR,ERR,ERR,ERR,ERR,ERR,ERR,ERR,ERR,ERR,ERR,ERR,ERR,ERR,ERR,ERR,ERR,ERR,ERR,ERR,ERR,ERR,ERR,ERR,ERR,ERR,ERR,ERR,ERR,ERR,ERR,ERR,ERR,ERR,ERR,ERR,ERR,ERR,ERR,ERR,ERR,ERR,ERR,ERR,ERR,ERR,ERR,ERR,ERR,ERR,ERR,ERR,ERR,ERR,ERR,ERR,ERR,ERR,ERR,ERR,ERR,ERR,ERR,ERR,ERR,ERR,ERR,ERR,ERR,ERR,ERR,ERR,ERR,ERR,ERR,ERR,ERR,ERR,ERR,ERR,ERR,ERR,ERR,ERR,ERR,ERR,ERR,ERR,ERR,ERR,ERR,ERR,ERR,ERR,ERR,ERR,ERR,ERR,ERR,ERR,ERR,ERR,0.0,0.0,-0.0,0.0,0.0,0.0,0.0,nan,0,0,0,32768,0,0.0,0,0.0,0.0,0.0,0.0,0.0,0,0,0,0,0.0,0,0,0,0,0,0,0,0,0,0,0,0,0,0,0,0,0,0,0,0,0,0,0,0,0,0,0,0,0,0,0,0,0,0,0,0,0,0,0,0,0,0,0,0,0.0,0.0,0.0,0.0,0.0,0.0,0.0,0.0,0.0,0.0,0.0,0.0,0.0,0.0,0.0,0.0,0.0,0.0,0.0,0.0,0.0,0.0,2.004,-2.004,-2.004,-0.0,0.0,0.0,0.0,0.0,3366.0,-0.0,0.0,0.0,-0.0,-0.0,2.7184274988523002e+23,0.0,0.0,0.0,0.0,0,-107615248.0,-0.0,0.0,0.0,0.0,0.0,0.0,0.0,0.0,0,0,0,0.0,0.0,0.0,0.0,0.0,0.0,0.0,0.0,0.0,0.0,0.0,0.0,0.0,0.0,0.0,0.0,0,-107875648.0,0,0.0,0,-107875648.0,-107877712.0,0,52429,17038,0,17053,26215,17037,0,0,0,110,100,100,0.0,64.0,0.0,64.9,-107615304.0,68.5,1,49,50,180,0,13107,0,0,0.0,0.0,0.0,0.0,0.0,65.5,0.0,3.222631904518448e+28,0.0,645,0,686,0,0,0,714,0,785,0,707,0,689,0,645,0,640,0,618,0.032,36700160.0,-0.0,0.0,13072,16789,0.0,3.222631904518448e+28,-1.9959389413002713e+37,-445117440.0,0.0,22313967616.0,29.0,60.0,70,0.0,0.0,0.0,0.0,0.0,0.0,0.0,0.0,0.0,0.0,0.0,0.0,0.0,0.0,0.0,0.0,59.2,68,11,65509,41,65476,0,300,0,0,8,20529,65476,0,0,61604,60.0,0.0,0.0,0.0,0.0,0.0
2026-04-04T11:44:37,ERR,ERR,ERR,ERR,ERR,ERR,ERR,ERR,ERR,ERR,ERR,ERR,ERR,ERR,ERR,ERR,ERR,ERR,ERR,ERR,ERR,ERR,ERR,ERR,ERR,ERR,ERR,ERR,ERR,ERR,ERR,ERR,ERR,ERR,ERR,ERR,ERR,ERR,ERR,ERR,ERR,ERR,ERR,ERR,ERR,ERR,ERR,ERR,ERR,ERR,ERR,ERR,ERR,ERR,ERR,ERR,ERR,ERR,ERR,ERR,ERR,ERR,ERR,ERR,ERR,ERR,ERR,ERR,ERR,ERR,ERR,ERR,ERR,ERR,ERR,ERR,ERR,ERR,ERR,ERR,ERR,ERR,ERR,ERR,ERR,ERR,ERR,ERR,ERR,ERR,ERR,ERR,ERR,ERR,ERR,ERR,ERR,ERR,ERR,ERR,ERR,ERR,ERR,ERR,ERR,ERR,ERR,ERR,ERR,ERR,ERR,ERR,ERR,ERR,ERR,ERR,ERR,ERR,ERR,ERR,ERR,ERR,ERR,ERR,ERR,0.0,0.0,-0.0,0.0,0.0,0.0,0.0,nan,0,0,0,32768,0,0.0,0,0.0,0.0,0.0,0.0,0.0,0,0,0,0,0.0,0,0,0,0,0,0,0,0,0,0,0,0,0,0,0,0,0,0,0,0,0,0,0,0,0,0,0,0,0,0,0,0,0,0,0,0,0,0,0,0,0,0,0,0,0.0,0.0,0.0,0.0,0.0,0.0,0.0,0.0,0.0,0.0,0.0,0.0,0.0,0.0,0.0,0.0,0.0,0.0,0.0,0.0,0.0,0.0,2.004,-0.0,-2.004,-0.0,0.0,0.0,0.0,0.0,3367.5,-0.0,0.0,-107615240.0,0.0,-0.0,2.7184274988523002e+23,0.0,0.0,0.0,0.0,0,-126841012224.0,-107614256.0,0.0,0.0,0.0,0.0,0.0,0.0,0.0,0,0,0,0.0,0.0,0.0,0.0,0.0,0.0,0.0,0.0,0.0,0.0,0.0,0.0,0.0,0.0,0.0,0.0,0,-107875648.0,0,0.0,0,-107875648.0,-107877712.0,0,52429,17038,0,17053,26215,17037,0,0,0,110,100,100,0.0,64.0,0.0,64.9,-107615304.0,68.5,1,49,50,180,0,13107,0,0,0.0,0.0,0.0,0.0,0.0,65.5,0.0,3.222631904518448e+28,0.0,645,0,686,0,0,0,714,0,785,0,707,0,689,0,645,0,640,0,618,0.032,36700160.0,-0.0,0.0,13072,16789,0.0,3.222631904518448e+28,-1.9959389413002713e+37,-445117440.0,0.0,22313967616.0,29.0,60.0,70,0.0,0.0,0.0,0.0,0.0,0.0,0.0,0.0,0.0,0.0,0.0,0.0,0.0,0.0,0.0,0.0,59.2,68,11,65509,41,65476,0,300,0,0,8,20529,65476,0,0,61604,60.0,0.0,0.0,0.0,0.0,0.0
2026-04-04T11:44:38,ERR,ERR,ERR,ERR,ERR,ERR,ERR,ERR,ERR,ERR,ERR,ERR,ERR,ERR,ERR,ERR,ERR,ERR,ERR,ERR,ERR,ERR,ERR,ERR,ERR,ERR,ERR,ERR,ERR,ERR,ERR,ERR,ERR,ERR,ERR,ERR,ERR,ERR,ERR,ERR,ERR,ERR,ERR,ERR,ERR,ERR,ERR,ERR,ERR,ERR,ERR,ERR,ERR,ERR,ERR,ERR,ERR,ERR,ERR,ERR,ERR,ERR,ERR,ERR,ERR,ERR,ERR,ERR,ERR,ERR,ERR,ERR,ERR,ERR,ERR,ERR,ERR,ERR,ERR,ERR,ERR,ERR,ERR,ERR,ERR,ERR,ERR,ERR,ERR,ERR,ERR,ERR,ERR,ERR,ERR,ERR,ERR,ERR,ERR,ERR,ERR,ERR,ERR,ERR,ERR,ERR,ERR,ERR,ERR,ERR,ERR,ERR,ERR,ERR,ERR,ERR,ERR,ERR,ERR,ERR,ERR,ERR,ERR,ERR,ERR,0.0,0.0,-0.0,0.0,0.0,0.0,0.0,nan,0,0,0,32768,0,0.0,0,0.0,0.0,0.0,0.0,0.0,0,0,0,0,0.0,0,0,0,0,0,0,0,0,0,0,0,0,0,0,0,0,0,0,0,0,0,0,0,0,0,0,0,0,0,0,0,0,0,0,0,0,0,0,0,0,0,0,0,0,0.0,0.0,0.0,0.0,0.0,0.0,0.0,0.0,0.0,0.0,0.0,0.0,0.0,0.0,0.0,0.0,0.0,0.0,0.0,0.0,0.0,0.0,2.004,-0.0,-2.004,-0.0,0.0,0.0,0.0,0.0,3367.5,-0.0,0.0,-107615240.0,0.0,-0.0,2.7184274988523002e+23,0.0,0.0,0.0,0.0,0,-126841012224.0,-107614256.0,0.0,0.0,0.0,0.0,0.0,0.0,0.0,0,0,0,0.0,0.0,0.0,0.0,0.0,0.0,0.0,0.0,0.0,0.0,0.0,0.0,0.0,0.0,0.0,0.0,0,-107875648.0,0,0.0,0,-107875648.0,-107877712.0,0,52429,17038,0,17053,26215,17037,0,0,0,110,100,100,0.0,64.0,0.0,64.9,-107615304.0,68.5,1,49,50,180,0,13107,0,0,0.0,0.0,0.0,0.0,0.0,65.5,0.0,-0.0,0.0,645,0,686,0,0,0,714,0,785,0,707,0,689,0,645,0,640,0,618,0.032,37224448.0,-0.0,0.0,11408,16789,0.0,-0.0,0.0,-0.194,0.0,1.422723714033312e+21,29.0,60.0,70,0.0,0.0,0.0,0.0,0.0,0.0,0.0,0.0,0.0,0.0,0.0,0.0,0.0,0.0,0.0,0.0,59.2,68,11,65509,41,65476,0,300,0,0,8,20529,65476,0,0,61604,60.0,0.0,0.0,0.0,0.0,0.0
2026-04-04T11:44:39,ERR,ERR,ERR,ERR,ERR,ERR,ERR,ERR,ERR,ERR,ERR,ERR,ERR,ERR,ERR,ERR,ERR,ERR,ERR,ERR,ERR,ERR,ERR,ERR,ERR,ERR,ERR,ERR,ERR,ERR,ERR,ERR,ERR,ERR,ERR,ERR,ERR,ERR,ERR,ERR,ERR,ERR,ERR,ERR,ERR,ERR,ERR,ERR,ERR,ERR,ERR,ERR,ERR,ERR,ERR,ERR,ERR,ERR,ERR,ERR,ERR,ERR,ERR,ERR,ERR,ERR,ERR,ERR,ERR,ERR,ERR,ERR,ERR,ERR,ERR,ERR,ERR,ERR,ERR,ERR,ERR,ERR,ERR,ERR,ERR,ERR,ERR,ERR,ERR,ERR,ERR,ERR,ERR,ERR,ERR,ERR,ERR,ERR,ERR,ERR,ERR,ERR,ERR,ERR,ERR,ERR,ERR,ERR,ERR,ERR,ERR,ERR,ERR,ERR,ERR,ERR,ERR,ERR,ERR,ERR,ERR,ERR,ERR,ERR,ERR,0.0,0.0,-0.0,0.0,0.0,0.0,0.0,nan,0,0,0,32768,0,0.0,0,0.0,0.0,0.0,0.0,0.0,0,0,0,0,0.0,0,0,0,0,0,0,0,0,0,0,0,0,0,0,0,0,0,0,0,0,0,0,0,0,0,0,0,0,0,0,0,0,0,0,0,0,0,0,0,0,0,0,0,0,0.0,0.0,0.0,0.0,0.0,0.0,0.0,0.0,0.0,0.0,0.0,0.0,0.0,0.0,0.0,0.0,0.0,0.0,0.0,0.0,0.0,0.0,2.004,-0.0,-2.004,-0.0,0.0,0.0,0.0,0.0,3367.5,-0.0,0.0,-107615240.0,0.0,-0.0,2.7184274988523002e+23,0.0,0.0,0.0,0.0,0,-126841012224.0,-107614256.0,0.0,0.0,0.0,0.0,0.0,0.0,0.0,0,0,0,0.0,0.0,0.0,0.0,0.0,0.0,0.0,0.0,0.0,0.0,0.0,0.0,0.0,0.0,0.0,0.0,0,-107875648.0,0,0.0,0,-107875648.0,-107877712.0,0,52429,17038,0,17053,26215,17037,0,0,0,110,100,100,0.0,64.0,0.0,64.9,-107615304.0,68.5,1,49,50,180,0,13107,0,0,0.0,0.0,0.0,0.0,0.0,65.5,0.0,-0.0,0.0,645,0,686,0,0,0,714,0,785,0,707,0,689,0,645,0,640,0,618,0.032,37224448.0,-0.0,0.0,11408,16789,0.0,-0.0,0.0,-0.194,0.0,1.422723714033312e+21,29.0,60.0,70,0.0,0.0,0.0,0.0,0.0,0.0,0.0,0.0,0.0,0.0,0.0,0.0,0.0,0.0,0.0,0.0,59.2,68,11,65509,41,65476,0,300,0,0,8,20529,65476,0,0,61604,60.0,0.0,0.0,0.0,0.0,0.0
2026-04-04T11:44:40,ERR,ERR,ERR,ERR,ERR,ERR,ERR,ERR,ERR,ERR,ERR,ERR,ERR,ERR,ERR,ERR,ERR,ERR,ERR,ERR,ERR,ERR,ERR,ERR,ERR,ERR,ERR,ERR,ERR,ERR,ERR,ERR,ERR,ERR,ERR,ERR,ERR,ERR,ERR,ERR,ERR,ERR,ERR,ERR,ERR,ERR,ERR,ERR,ERR,ERR,ERR,ERR,ERR,ERR,ERR,ERR,ERR,ERR,ERR,ERR,ERR,ERR,ERR,ERR,ERR,ERR,ERR,ERR,ERR,ERR,ERR,ERR,ERR,ERR,ERR,ERR,ERR,ERR,ERR,ERR,ERR,ERR,ERR,ERR,ERR,ERR,ERR,ERR,ERR,ERR,ERR,ERR,ERR,ERR,ERR,ERR,ERR,ERR,ERR,ERR,ERR,ERR,ERR,ERR,ERR,ERR,ERR,ERR,ERR,ERR,ERR,ERR,ERR,ERR,ERR,ERR,ERR,ERR,ERR,ERR,ERR,ERR,ERR,ERR,ERR,0.0,0.0,-0.0,0.0,0.0,0.0,0.0,nan,0,0,0,32768,0,0.0,0,0.0,0.0,0.0,0.0,0.0,0,0,0,0,0.0,0,0,0,0,0,0,0,0,0,0,0,0,0,0,0,0,0,0,0,0,0,0,0,0,0,0,0,0,0,0,0,0,0,0,0,0,0,0,0,0,0,0,0,0,0.0,0.0,0.0,0.0,0.0,0.0,0.0,0.0,0.0,0.0,0.0,0.0,0.0,0.0,0.0,0.0,0.0,0.0,0.0,0.0,0.0,0.0,2.004,-0.0,-2.004,-0.0,0.0,0.0,0.0,0.0,3367.5,-0.0,0.0,-107615240.0,0.0,-0.0,2.7184274988523002e+23,0.0,0.0,0.0,0.0,0,-126841012224.0,-107614256.0,0.0,0.0,0.0,0.0,0.0,0.0,0.0,0,0,0,0.0,0.0,0.0,0.0,0.0,0.0,0.0,0.0,0.0,0.0,0.0,0.0,0.0,0.0,0.0,0.0,0,-107875648.0,0,0.0,0,-107875648.0,-107877712.0,0,52429,17038,0,17053,26215,17037,0,0,0,110,100,100,0.0,64.0,0.0,64.9,-107615304.0,68.5,1,49,50,180,0,13107,0,0,0.0,0.0,0.0,0.0,0.0,65.5,0.0,-0.0,0.0,645,0,686,0,0,0,714,0,785,0,707,0,689,0,645,0,640,0,618,0.032,37224448.0,-0.0,0.0,11408,16789,0.0,-0.0,0.0,-0.194,0.0,1.422723714033312e+21,29.0,60.0,70,0.0,0.0,0.0,0.0,0.0,0.0,0.0,0.0,0.0,0.0,0.0,0.0,0.0,0.0,0.0,0.0,59.2,68,11,65509,41,65476,0,300,0,0,8,20529,65476,0,0,61604,60.0,0.0,0.0,0.0,0.0,0.0
2026-04-04T11:44:41,ERR,ERR,ERR,ERR,ERR,ERR,ERR,ERR,ERR,ERR,ERR,ERR,ERR,ERR,ERR,ERR,ERR,ERR,ERR,ERR,ERR,ERR,ERR,ERR,ERR,ERR,ERR,ERR,ERR,ERR,ERR,ERR,ERR,ERR,ERR,ERR,ERR,ERR,ERR,ERR,ERR,ERR,ERR,ERR,ERR,ERR,ERR,ERR,ERR,ERR,ERR,ERR,ERR,ERR,ERR,ERR,ERR,ERR,ERR,ERR,ERR,ERR,ERR,ERR,ERR,ERR,ERR,ERR,ERR,ERR,ERR,ERR,ERR,ERR,ERR,ERR,ERR,ERR,ERR,ERR,ERR,ERR,ERR,ERR,ERR,ERR,ERR,ERR,ERR,ERR,ERR,ERR,ERR,ERR,ERR,ERR,ERR,ERR,ERR,ERR,ERR,ERR,ERR,ERR,ERR,ERR,ERR,ERR,ERR,ERR,ERR,ERR,ERR,ERR,ERR,ERR,ERR,ERR,ERR,ERR,ERR,ERR,ERR,ERR,ERR,0.0,0.0,-0.0,0.0,0.0,0.0,0.0,nan,0,0,0,32768,0,0.0,0,0.0,0.0,0.0,0.0,0.0,0,0,0,0,0.0,0,0,0,0,0,0,0,0,0,0,0,0,0,0,0,0,0,0,0,0,0,0,0,0,0,0,0,0,0,0,0,0,0,0,0,0,0,0,0,0,0,0,0,0,0.0,0.0,0.0,0.0,0.0,0.0,0.0,0.0,0.0,0.0,0.0,0.0,0.0,0.0,0.0,0.0,0.0,0.0,0.0,0.0,0.0,0.0,2.004,-0.0,-2.004,-0.0,0.0,0.0,0.0,0.0,3367.5,-0.0,0.0,-107615240.0,0.0,-0.0,2.7184274988523002e+23,0.0,0.0,0.0,0.0,0,-126841012224.0,-107614256.0,0.0,0.0,0.0,0.0,0.0,0.0,0.0,0,0,0,0.0,0.0,0.0,0.0,0.0,0.0,0.0,0.0,0.0,0.0,0.0,0.0,0.0,0.0,0.0,0.0,0,-107875648.0,0,0.0,0,-107875648.0,-107877712.0,0,52429,17038,0,17053,26215,17037,0,0,0,110,100,100,0.0,64.0,0.0,64.9,-107615304.0,68.5,1,49,50,180,0,13107,0,0,0.0,0.0,0.0,0.0,0.0,65.5,0.0,-0.0,0.0,645,0,686,0,0,0,714,0,785,0,707,0,689,0,645,0,640,0,618,0.032,37224448.0,-0.0,0.0,11408,16789,0.0,-0.0,0.0,-0.194,0.0,1.422723714033312e+21,29.0,60.0,70,0.0,0.0,0.0,0.0,0.0,0.0,0.0,0.0,0.0,0.0,0.0,0.0,0.0,0.0,0.0,0.0,59.2,68,11,65509,41,65476,0,300,0,0,8,20529,65476,0,0,61604,60.0,0.0,0.0,0.0,0.0,0.0
2026-04-04T11:44:42,ERR,ERR,ERR,ERR,ERR,ERR,ERR,ERR,ERR,ERR,ERR,ERR,ERR,ERR,ERR,ERR,ERR,ERR,ERR,ERR,ERR,ERR,ERR,ERR,ERR,ERR,ERR,ERR,ERR,ERR,ERR,ERR,ERR,ERR,ERR,ERR,ERR,ERR,ERR,ERR,ERR,ERR,ERR,ERR,ERR,ERR,ERR,ERR,ERR,ERR,ERR,ERR,ERR,ERR,ERR,ERR,ERR,ERR,ERR,ERR,ERR,ERR,ERR,ERR,ERR,ERR,ERR,ERR,ERR,ERR,ERR,ERR,ERR,ERR,ERR,ERR,ERR,ERR,ERR,ERR,ERR,ERR,ERR,ERR,ERR,ERR,ERR,ERR,ERR,ERR,ERR,ERR,ERR,ERR,ERR,ERR,ERR,ERR,ERR,ERR,ERR,ERR,ERR,ERR,ERR,ERR,ERR,ERR,ERR,ERR,ERR,ERR,ERR,ERR,ERR,ERR,ERR,ERR,ERR,ERR,ERR,ERR,ERR,ERR,ERR,0.0,0.0,-0.0,0.0,0.0,0.0,0.0,nan,0,0,0,32768,0,0.0,0,0.0,0.0,0.0,0.0,0.0,0,0,0,0,0.0,0,0,0,0,0,0,0,0,0,0,0,0,0,0,0,0,0,0,0,0,0,0,0,0,0,0,0,0,0,0,0,0,0,0,0,0,0,0,0,0,0,0,0,0,0.0,0.0,0.0,0.0,0.0,0.0,0.0,0.0,0.0,0.0,0.0,0.0,0.0,0.0,0.0,0.0,0.0,0.0,0.0,0.0,0.0,0.0,2.004,-0.0,-2.004,-0.0,0.0,0.0,0.0,0.0,3367.5,-0.0,0.0,-107615240.0,0.0,-0.0,2.7184274988523002e+23,0.0,0.0,0.0,0.0,0,-126841012224.0,-107614256.0,0.0,0.0,0.0,0.0,0.0,0.0,0.0,0,0,0,0.0,0.0,0.0,0.0,0.0,0.0,0.0,0.0,0.0,0.0,0.0,0.0,0.0,0.0,0.0,0.0,0,-107875648.0,0,0.0,0,-107875648.0,-107877712.0,0,52429,17038,0,17053,26215,17037,0,0,0,110,100,100,0.0,64.0,0.0,64.9,-107615304.0,68.5,1,49,50,180,0,13107,0,0,0.0,0.0,0.0,0.0,0.0,65.5,0.0,-0.0,0.0,645,0,686,0,0,0,714,0,785,0,707,0,689,0,645,0,640,0,618,0.032,37224448.0,-0.0,0.0,11408,16789,0.0,-0.0,0.0,-0.194,0.0,1.422723714033312e+21,29.0,60.0,70,0.0,0.0,0.0,0.0,0.0,0.0,0.0,0.0,0.0,0.0,0.0,0.0,0.0,0.0,0.0,0.0,59.2,68,11,65509,41,65476,0,300,0,0,8,20529,65476,0,0,61604,60.0,0.0,0.0,0.0,0.0,0.0
2026-04-04T11:44:43,ERR,ERR,ERR,ERR,ERR,ERR,ERR,ERR,ERR,ERR,ERR,ERR,ERR,ERR,ERR,ERR,ERR,ERR,ERR,ERR,ERR,ERR,ERR,ERR,ERR,ERR,ERR,ERR,ERR,ERR,ERR,ERR,ERR,ERR,ERR,ERR,ERR,ERR,ERR,ERR,ERR,ERR,ERR,ERR,ERR,ERR,ERR,ERR,ERR,ERR,ERR,ERR,ERR,ERR,ERR,ERR,ERR,ERR,ERR,ERR,ERR,ERR,ERR,ERR,ERR,ERR,ERR,ERR,ERR,ERR,ERR,ERR,ERR,ERR,ERR,ERR,ERR,ERR,ERR,ERR,ERR,ERR,ERR,ERR,ERR,ERR,ERR,ERR,ERR,ERR,ERR,ERR,ERR,ERR,ERR,ERR,ERR,ERR,ERR,ERR,ERR,ERR,ERR,ERR,ERR,ERR,ERR,ERR,ERR,ERR,ERR,ERR,ERR,ERR,ERR,ERR,ERR,ERR,ERR,ERR,ERR,ERR,ERR,ERR,ERR,0.0,0.0,-0.0,0.0,0.0,0.0,0.0,nan,0,0,0,32768,0,0.0,0,0.0,0.0,0.0,0.0,0.0,0,0,0,0,0.0,0,0,0,0,0,0,0,0,0,0,0,0,0,0,0,0,0,0,0,0,0,0,0,0,0,0,0,0,0,0,0,0,0,0,0,0,0,0,0,0,0,0,0,0,0.0,0.0,0.0,0.0,0.0,0.0,0.0,0.0,0.0,0.0,0.0,0.0,0.0,0.0,0.0,0.0,0.0,0.0,0.0,0.0,0.0,0.0,2.004,-0.0,-2.004,-0.0,0.0,0.0,0.0,0.0,3367.5,-0.0,0.0,-107615240.0,0.0,-0.0,2.7184274988523002e+23,0.0,0.0,0.0,0.0,0,-126841012224.0,-107614256.0,0.0,0.0,0.0,0.0,0.0,0.0,0.0,0,0,0,0.0,0.0,0.0,0.0,0.0,0.0,0.0,0.0,0.0,0.0,0.0,0.0,0.0,0.0,0.0,0.0,0,-107875648.0,0,0.0,0,-107875648.0,-107877712.0,0,52429,17038,0,17053,26215,17037,0,0,0,110,100,100,0.0,64.0,0.0,64.9,-107615304.0,68.5,1,49,50,180,0,13107,0,0,0.0,0.0,0.0,0.0,0.0,65.5,0.0,-0.0,0.0,645,0,686,0,0,0,714,0,785,0,707,0,689,0,645,0,640,0,618,0.032,37224448.0,-0.0,0.0,11408,16789,0.0,-0.0,0.0,-0.194,0.0,1.422723714033312e+21,29.0,60.0,70,0.0,0.0,0.0,0.0,0.0,0.0,0.0,0.0,0.0,0.0,0.0,0.0,0.0,0.0,0.0,0.0,59.2,68,11,65509,41,65476,0,300,0,0,8,20529,65476,0,0,61604,60.0,0.0,0.0,0.0,0.0,0.0
2026-04-04T11:44:44,ERR,ERR,ERR,ERR,ERR,ERR,ERR,ERR,ERR,ERR,ERR,ERR,ERR,ERR,ERR,ERR,ERR,ERR,ERR,ERR,ERR,ERR,ERR,ERR,ERR,ERR,ERR,ERR,ERR,ERR,ERR,ERR,ERR,ERR,ERR,ERR,ERR,ERR,ERR,ERR,ERR,ERR,ERR,ERR,ERR,ERR,ERR,ERR,ERR,ERR,ERR,ERR,ERR,ERR,ERR,ERR,ERR,ERR,ERR,ERR,ERR,ERR,ERR,ERR,ERR,ERR,ERR,ERR,ERR,ERR,ERR,ERR,ERR,ERR,ERR,ERR,ERR,ERR,ERR,ERR,ERR,ERR,ERR,ERR,ERR,ERR,ERR,ERR,ERR,ERR,ERR,ERR,ERR,ERR,ERR,ERR,ERR,ERR,ERR,ERR,ERR,ERR,ERR,ERR,ERR,ERR,ERR,ERR,ERR,ERR,ERR,ERR,ERR,ERR,ERR,ERR,ERR,ERR,ERR,ERR,ERR,ERR,ERR,ERR,ERR,0.0,0.0,-0.0,0.0,0.0,0.0,0.0,nan,0,0,0,32768,0,0.0,0,0.0,0.0,0.0,0.0,0.0,0,0,0,0,0.0,0,0,0,0,0,0,0,0,0,0,0,0,0,0,0,0,0,0,0,0,0,0,0,0,0,0,0,0,0,0,0,0,0,0,0,0,0,0,0,0,0,0,0,0,0.0,0.0,0.0,0.0,0.0,0.0,0.0,0.0,0.0,0.0,0.0,0.0,0.0,0.0,0.0,0.0,0.0,0.0,0.0,0.0,0.0,0.0,2.004,-0.0,-2.004,-0.0,0.0,0.0,0.0,0.0,3367.5,-0.0,0.0,-107615240.0,0.0,-0.0,2.7184274988523002e+23,0.0,0.0,0.0,0.0,0,-126841012224.0,-107614256.0,0.0,0.0,0.0,0.0,0.0,0.0,0.0,0,0,0,0.0,0.0,0.0,0.0,0.0,0.0,0.0,0.0,0.0,0.0,0.0,0.0,0.0,0.0,0.0,0.0,0,-107875648.0,0,0.0,0,-107875648.0,-107877712.0,0,52429,17038,0,17053,26215,17037,0,0,0,110,100,100,0.0,64.0,0.0,64.9,-107615304.0,68.5,1,49,50,180,0,13107,0,0,0.0,0.0,0.0,0.0,0.0,65.5,0.0,6.670706547903265e+23,0.0,645,0,686,0,0,0,714,0,785,0,707,0,689,0,645,0,640,0,617,0.032,36962304.0,-0.0,0.0,4240,16789,0.0,6.670706547903265e+23,-0.0,-0.0,-3007449088.0,0.0,29.0,60.0,70,0.0,0.0,0.0,0.0,0.0,0.0,0.0,0.0,0.0,0.0,0.0,0.0,0.0,0.0,0.0,0.0,59.2,68,12,65509,41,65476,0,300,0,0,8,20529,65476,0,0,61604,60.0,0.0,0.0,0.0,0.0,0.0
2026-04-04T11:44:45,ERR,ERR,ERR,ERR,ERR,ERR,ERR,ERR,ERR,ERR,ERR,ERR,ERR,ERR,ERR,ERR,ERR,ERR,ERR,ERR,ERR,ERR,ERR,ERR,ERR,ERR,ERR,ERR,ERR,ERR,ERR,ERR,ERR,ERR,ERR,ERR,ERR,ERR,ERR,ERR,ERR,ERR,ERR,ERR,ERR,ERR,ERR,ERR,ERR,ERR,ERR,ERR,ERR,ERR,ERR,ERR,ERR,ERR,ERR,ERR,ERR,ERR,ERR,ERR,ERR,ERR,ERR,ERR,ERR,ERR,ERR,ERR,ERR,ERR,ERR,ERR,ERR,ERR,ERR,ERR,ERR,ERR,ERR,ERR,ERR,ERR,ERR,ERR,ERR,ERR,ERR,ERR,ERR,ERR,ERR,ERR,ERR,ERR,ERR,ERR,ERR,ERR,ERR,ERR,ERR,ERR,ERR,ERR,ERR,ERR,ERR,ERR,ERR,ERR,ERR,ERR,ERR,ERR,ERR,ERR,ERR,ERR,ERR,ERR,ERR,-107615240.0,0.0,-117832800.0,0.0,0.0,0.0,0.0,nan,0,0,0,32768,0,0.0,0,0.0,0.0,0.0,0.0,0.0,0,0,0,0,0.0,0,0,0,0,0,0,0,0,0,0,0,0,0,0,0,0,0,0,0,0,0,0,0,0,0,0,0,0,0,0,0,0,0,0,0,0,0,0,0,0,0,0,0,0,0.0,0.0,0.0,0.0,0.0,0.0,0.0,0.0,0.0,0.0,0.0,0.0,0.0,0.0,0.0,0.0,0.0,0.0,0.0,0.0,0.0,0.0,-0.0,-0.0,-2.004,-0.0,0.0,0.0,0.0,0.0,3366.5,-0.0,0.0,0.0,0.0,-0.0,2.7184274988523002e+23,0.0,0.0,0.0,0.0,0,-107615248.0,-71.629,0.0,0.0,0.0,0.0,0.0,0.0,0.0,0,0,0,0.0,0.0,0.0,0.0,0.0,0.0,0.0,0.0,0.0,0.0,0.0,0.0,0.0,0.0,0.0,0.0,0,-107875648.0,0,0.0,0,-107875648.0,-107877712.0,0,52429,17038,0,17053,26215,17037,0,0,0,110,100,100,0.0,64.0,0.0,64.9,-107615304.0,68.5,1,49,50,180,0,13107,0,0,0.0,0.0,0.0,0.0,0.0,65.5,0.0,6.670706547903265e+23,0.0,645,0,686,0,0,0,714,0,785,0,707,0,689,0,645,0,640,0,617,0.032,36962304.0,-0.0,0.0,4240,16789,0.0,6.670706547903265e+23,-0.0,-0.0,-3007449088.0,0.0,29.0,60.0,70,0.0,0.0,0.0,0.0,0.0,0.0,0.0,0.0,0.0,0.0,0.0,0.0,0.0,0.0,0.0,0.0,59.2,68,12,65509,41,65476,0,300,0,0,8,20529,65476,0,0,61604,60.0,0.0,0.0,0.0,0.0,0.0
2026-04-04T11:44:46,ERR,ERR,ERR,ERR,ERR,ERR,ERR,ERR,ERR,ERR,ERR,ERR,ERR,ERR,ERR,ERR,ERR,ERR,ERR,ERR,ERR,ERR,ERR,ERR,ERR,ERR,ERR,ERR,ERR,ERR,ERR,ERR,ERR,ERR,ERR,ERR,ERR,ERR,ERR,ERR,ERR,ERR,ERR,ERR,ERR,ERR,ERR,ERR,ERR,ERR,ERR,ERR,ERR,ERR,ERR,ERR,ERR,ERR,ERR,ERR,ERR,ERR,ERR,ERR,ERR,ERR,ERR,ERR,ERR,ERR,ERR,ERR,ERR,ERR,ERR,ERR,ERR,ERR,ERR,ERR,ERR,ERR,ERR,ERR,ERR,ERR,ERR,ERR,ERR,ERR,ERR,ERR,ERR,ERR,ERR,ERR,ERR,ERR,ERR,ERR,ERR,ERR,ERR,ERR,ERR,ERR,ERR,ERR,ERR,ERR,ERR,ERR,ERR,ERR,ERR,ERR,ERR,ERR,ERR,ERR,ERR,ERR,ERR,ERR,ERR,-107615240.0,0.0,-117832800.0,0.0,0.0,0.0,0.0,nan,0,0,0,32768,0,0.0,0,0.0,0.0,0.0,0.0,0.0,0,0,0,0,0.0,0,0,0,0,0,0,0,0,0,0,0,0,0,0,0,0,0,0,0,0,0,0,0,0,0,0,0,0,0,0,0,0,0,0,0,0,0,0,0,0,0,0,0,0,0.0,0.0,0.0,0.0,0.0,0.0,0.0,0.0,0.0,0.0,0.0,0.0,0.0,0.0,0.0,0.0,0.0,0.0,0.0,0.0,0.0,0.0,-0.0,-0.0,-2.004,-0.0,0.0,0.0,0.0,0.0,3366.5,-0.0,0.0,0.0,0.0,-0.0,2.7184274988523002e+23,0.0,0.0,0.0,0.0,0,-107615248.0,-71.629,0.0,0.0,0.0,0.0,0.0,0.0,0.0,0,0,0,0.0,0.0,0.0,0.0,0.0,0.0,0.0,0.0,0.0,0.0,0.0,0.0,0.0,0.0,0.0,0.0,0,-107875648.0,0,0.0,0,-107875648.0,-107877712.0,0,52429,17038,0,17053,26215,17037,0,0,0,110,100,100,0.0,64.0,0.0,64.9,-107615304.0,68.5,1,49,50,180,0,13107,0,0,0.0,0.0,0.0,0.0,0.0,65.5,0.0,6.670706547903265e+23,0.0,645,0,686,0,0,0,714,0,785,0,707,0,689,0,645,0,640,0,617,0.032,36962304.0,-0.0,0.0,4240,16789,0.0,6.670706547903265e+23,-0.0,-0.0,-3007449088.0,0.0,29.0,60.0,70,0.0,0.0,0.0,0.0,0.0,0.0,0.0,0.0,0.0,0.0,0.0,0.0,0.0,0.0,0.0,0.0,59.2,68,12,65509,41,65476,0,300,0,0,8,20529,65476,0,0,61604,60.0,0.0,0.0,0.0,0.0,0.0
2026-04-04T11:44:47,ERR,ERR,ERR,ERR,ERR,ERR,ERR,ERR,ERR,ERR,ERR,ERR,ERR,ERR,ERR,ERR,ERR,ERR,ERR,ERR,ERR,ERR,ERR,ERR,ERR,ERR,ERR,ERR,ERR,ERR,ERR,ERR,ERR,ERR,ERR,ERR,ERR,ERR,ERR,ERR,ERR,ERR,ERR,ERR,ERR,ERR,ERR,ERR,ERR,ERR,ERR,ERR,ERR,ERR,ERR,ERR,ERR,ERR,ERR,ERR,ERR,ERR,ERR,ERR,ERR,ERR,ERR,ERR,ERR,ERR,ERR,ERR,ERR,ERR,ERR,ERR,ERR,ERR,ERR,ERR,ERR,ERR,ERR,ERR,ERR,ERR,ERR,ERR,ERR,ERR,ERR,ERR,ERR,ERR,ERR,ERR,ERR,ERR,ERR,ERR,ERR,ERR,ERR,ERR,ERR,ERR,ERR,ERR,ERR,ERR,ERR,ERR,ERR,ERR,ERR,ERR,ERR,ERR,ERR,ERR,ERR,ERR,ERR,ERR,ERR,-107615240.0,0.0,-117832800.0,0.0,0.0,0.0,0.0,nan,0,0,0,32768,0,0.0,0,0.0,0.0,0.0,0.0,0.0,0,0,0,0,0.0,0,0,0,0,0,0,0,0,0,0,0,0,0,0,0,0,0,0,0,0,0,0,0,0,0,0,0,0,0,0,0,0,0,0,0,0,0,0,0,0,0,0,0,0,0.0,0.0,0.0,0.0,0.0,0.0,0.0,0.0,0.0,0.0,0.0,0.0,0.0,0.0,0.0,0.0,0.0,0.0,0.0,0.0,0.0,0.0,-0.0,-0.0,-2.004,-0.0,0.0,0.0,0.0,0.0,3366.5,-0.0,0.0,0.0,0.0,-0.0,2.7184274988523002e+23,0.0,0.0,0.0,0.0,0,-107615248.0,-71.629,0.0,0.0,0.0,0.0,0.0,0.0,0.0,0,0,0,0.0,0.0,0.0,0.0,0.0,0.0,0.0,0.0,0.0,0.0,0.0,0.0,0.0,0.0,0.0,0.0,0,-107875648.0,0,0.0,0,-107875648.0,-107877712.0,0,52429,17038,0,17053,26215,17037,0,0,0,110,100,100,0.0,64.0,0.0,64.9,-107615304.0,68.5,1,49,50,180,0,13107,0,0,0.0,0.0,0.0,0.0,0.0,65.5,0.0,6.670706547903265e+23,0.0,645,0,686,0,0,0,714,0,785,0,707,0,689,0,645,0,640,0,617,0.032,36962304.0,-0.0,0.0,4240,16789,0.0,6.670706547903265e+23,-0.0,-0.0,-3007449088.0,0.0,29.0,60.0,70,0.0,0.0,0.0,0.0,0.0,0.0,0.0,0.0,0.0,0.0,0.0,0.0,0.0,0.0,0.0,0.0,59.6,68,12,65509,41,65476,0,300,0,0,8,20529,65476,0,0,61604,60.0,0.0,0.0,0.0,0.0,0.0
2026-04-04T11:44:48,ERR,ERR,ERR,ERR,ERR,ERR,ERR,ERR,ERR,ERR,ERR,ERR,ERR,ERR,ERR,ERR,ERR,ERR,ERR,ERR,ERR,ERR,ERR,ERR,ERR,ERR,ERR,ERR,ERR,ERR,ERR,ERR,ERR,ERR,ERR,ERR,ERR,ERR,ERR,ERR,ERR,ERR,ERR,ERR,ERR,ERR,ERR,ERR,ERR,ERR,ERR,ERR,ERR,ERR,ERR,ERR,ERR,ERR,ERR,ERR,ERR,ERR,ERR,ERR,ERR,ERR,ERR,ERR,ERR,ERR,ERR,ERR,ERR,ERR,ERR,ERR,ERR,ERR,ERR,ERR,ERR,ERR,ERR,ERR,ERR,ERR,ERR,ERR,ERR,ERR,ERR,ERR,ERR,ERR,ERR,ERR,ERR,ERR,ERR,ERR,ERR,ERR,ERR,ERR,ERR,ERR,ERR,ERR,ERR,ERR,ERR,ERR,ERR,ERR,ERR,ERR,ERR,ERR,ERR,ERR,ERR,ERR,ERR,ERR,ERR,-107615240.0,0.0,-117832800.0,0.0,0.0,0.0,0.0,nan,0,0,0,32768,0,0.0,0,0.0,0.0,0.0,0.0,0.0,0,0,0,0,0.0,0,0,0,0,0,0,0,0,0,0,0,0,0,0,0,0,0,0,0,0,0,0,0,0,0,0,0,0,0,0,0,0,0,0,0,0,0,0,0,0,0,0,0,0,0.0,0.0,0.0,0.0,0.0,0.0,0.0,0.0,0.0,0.0,0.0,0.0,0.0,0.0,0.0,0.0,0.0,0.0,0.0,0.0,0.0,0.0,-0.0,-0.0,-2.004,-0.0,0.0,0.0,0.0,0.0,3366.5,-0.0,0.0,0.0,0.0,-0.0,2.7184274988523002e+23,0.0,0.0,0.0,0.0,0,-107615248.0,-71.629,0.0,0.0,0.0,0.0,0.0,0.0,0.0,0,0,0,0.0,0.0,0.0,0.0,0.0,0.0,0.0,0.0,0.0,0.0,0.0,0.0,0.0,0.0,0.0,0.0,0,-107875648.0,0,0.0,0,-107875648.0,-107877712.0,0,52429,17038,0,17053,26215,17037,0,0,0,110,100,100,0.0,64.0,0.0,64.9,-107615304.0,68.5,1,49,50,180,0,13107,0,0,0.0,0.0,0.0,0.0,0.0,65.5,0.0,6.670706547903265e+23,0.0,645,0,686,0,0,0,714,0,785,0,707,0,689,0,645,0,640,0,617,0.032,36962304.0,-0.0,0.0,4240,16789,0.0,6.670706547903265e+23,-0.0,-0.0,-3007449088.0,0.0,29.0,60.0,70,0.0,0.0,0.0,0.0,0.0,0.0,0.0,0.0,0.0,0.0,0.0,0.0,0.0,0.0,0.0,0.0,59.6,68,12,65509,41,65476,0,300,0,0,8,20529,65476,0,0,61604,60.0,0.0,0.0,0.0,0.0,0.0
2026-04-04T11:44:49,ERR,ERR,ERR,ERR,ERR,ERR,ERR,ERR,ERR,ERR,ERR,ERR,ERR,ERR,ERR,ERR,ERR,ERR,ERR,ERR,ERR,ERR,ERR,ERR,ERR,ERR,ERR,ERR,ERR,ERR,ERR,ERR,ERR,ERR,ERR,ERR,ERR,ERR,ERR,ERR,ERR,ERR,ERR,ERR,ERR,ERR,ERR,ERR,ERR,ERR,ERR,ERR,ERR,ERR,ERR,ERR,ERR,ERR,ERR,ERR,ERR,ERR,ERR,ERR,ERR,ERR,ERR,ERR,ERR,ERR,ERR,ERR,ERR,ERR,ERR,ERR,ERR,ERR,ERR,ERR,ERR,ERR,ERR,ERR,ERR,ERR,ERR,ERR,ERR,ERR,ERR,ERR,ERR,ERR,ERR,ERR,ERR,ERR,ERR,ERR,ERR,ERR,ERR,ERR,ERR,ERR,ERR,ERR,ERR,ERR,ERR,ERR,ERR,ERR,ERR,ERR,ERR,ERR,ERR,ERR,ERR,ERR,ERR,ERR,ERR,-107615240.0,0.0,-117832800.0,0.0,0.0,0.0,0.0,nan,0,0,0,32768,0,0.0,0,0.0,0.0,0.0,0.0,0.0,0,0,0,0,0.0,0,0,0,0,0,0,0,0,0,0,0,0,0,0,0,0,0,0,0,0,0,0,0,0,0,0,0,0,0,0,0,0,0,0,0,0,0,0,0,0,0,0,0,0,0.0,0.0,0.0,0.0,0.0,0.0,0.0,0.0,0.0,0.0,0.0,0.0,0.0,0.0,0.0,0.0,0.0,0.0,0.0,0.0,0.0,0.0,-0.0,-0.0,-2.004,-0.0,0.0,0.0,0.0,0.0,3366.5,-0.0,0.0,0.0,0.0,-0.0,2.7184274988523002e+23,0.0,0.0,0.0,0.0,0,-107615248.0,-71.629,0.0,0.0,0.0,0.0,0.0,0.0,0.0,0,0,0,0.0,0.0,0.0,0.0,0.0,0.0,0.0,0.0,0.0,0.0,0.0,0.0,0.0,0.0,0.0,0.0,0,-107875648.0,0,0.0,0,-107875648.0,-107877712.0,0,52429,17038,0,17053,26215,17037,0,0,0,110,100,100,0.0,64.0,0.0,64.9,-107615304.0,68.5,1,49,50,180,0,13107,0,0,0.0,0.0,0.0,0.0,0.0,65.5,0.0,2.4177632503104534e+35,0.0,645,0,686,0,0,0,714,0,785,0,707,0,689,0,645,0,640,0,618,0.032,37224448.0,-0.0,0.0,61072,16788,0.0,2.4177632503104534e+35,-0.0,-0.0,-2453800960.0,0.0,29.0,60.0,70,0.0,0.0,0.0,0.0,0.0,0.0,0.0,0.0,0.0,0.0,0.0,0.0,0.0,0.0,0.0,0.0,59.2,68,12,65509,41,65476,0,300,0,0,8,20529,65476,0,0,61604,60.0,0.0,0.0,0.0,0.0,0.0
2026-04-04T11:44:50,ERR,ERR,ERR,ERR,ERR,ERR,ERR,ERR,ERR,ERR,ERR,ERR,ERR,ERR,ERR,ERR,ERR,ERR,ERR,ERR,ERR,ERR,ERR,ERR,ERR,ERR,ERR,ERR,ERR,ERR,ERR,ERR,ERR,ERR,ERR,ERR,ERR,ERR,ERR,ERR,ERR,ERR,ERR,ERR,ERR,ERR,ERR,ERR,ERR,ERR,ERR,ERR,ERR,ERR,ERR,ERR,ERR,ERR,ERR,ERR,ERR,ERR,ERR,ERR,ERR,ERR,ERR,ERR,ERR,ERR,ERR,ERR,ERR,ERR,ERR,ERR,ERR,ERR,ERR,ERR,ERR,ERR,ERR,ERR,ERR,ERR,ERR,ERR,ERR,ERR,ERR,ERR,ERR,ERR,ERR,ERR,ERR,ERR,ERR,ERR,ERR,ERR,ERR,ERR,ERR,ERR,ERR,ERR,ERR,ERR,ERR,ERR,ERR,ERR,ERR,ERR,ERR,ERR,ERR,ERR,ERR,ERR,ERR,ERR,ERR,-107615240.0,0.0,-117832800.0,0.0,0.0,0.0,0.0,nan,0,0,0,32768,0,0.0,0,0.0,0.0,0.0,0.0,0.0,0,0,0,0,0.0,0,0,0,0,0,0,0,0,0,0,0,0,0,0,0,0,0,0,0,0,0,0,0,0,0,0,0,0,0,0,0,0,0,0,0,0,0,0,0,0,0,0,0,0,0.0,0.0,0.0,0.0,0.0,0.0,0.0,0.0,0.0,0.0,0.0,0.0,0.0,0.0,0.0,0.0,0.0,0.0,0.0,0.0,0.0,0.0,-0.0,-0.0,-2.004,-0.0,0.0,0.0,0.0,0.0,3366.5,-0.0,0.0,0.0,0.0,-0.0,2.7184274988523002e+23,0.0,0.0,0.0,0.0,0,-107615248.0,-71.629,0.0,0.0,0.0,0.0,0.0,0.0,0.0,0,0,0,0.0,0.0,0.0,0.0,0.0,0.0,0.0,0.0,0.0,0.0,0.0,0.0,0.0,0.0,0.0,0.0,0,-107875648.0,0,0.0,0,-107875648.0,-107877712.0,0,52429,17038,0,17053,26215,17037,0,0,0,110,100,100,0.0,64.0,0.0,64.9,-107615304.0,68.5,1,49,50,180,0,13107,0,0,0.0,0.0,0.0,0.0,0.0,65.5,0.0,2.4177632503104534e+35,0.0,645,0,686,0,0,0,714,0,785,0,707,0,689,0,645,0,640,0,618,0.032,37224448.0,-0.0,0.0,61072,16788,0.0,2.4177632503104534e+35,-0.0,-0.0,-2453800960.0,0.0,29.0,60.0,70,0.0,0.0,0.0,0.0,0.0,0.0,0.0,0.0,0.0,0.0,0.0,0.0,0.0,0.0,0.0,0.0,59.2,68,12,65509,41,65476,0,300,0,0,8,20529,65476,0,0,61604,60.0,0.0,0.0,0.0,0.0,0.0
2026-04-04T11:44:51,ERR,ERR,ERR,ERR,ERR,ERR,ERR,ERR,ERR,ERR,ERR,ERR,ERR,ERR,ERR,ERR,ERR,ERR,ERR,ERR,ERR,ERR,ERR,ERR,ERR,ERR,ERR,ERR,ERR,ERR,ERR,ERR,ERR,ERR,ERR,ERR,ERR,ERR,ERR,ERR,ERR,ERR,ERR,ERR,ERR,ERR,ERR,ERR,ERR,ERR,ERR,ERR,ERR,ERR,ERR,ERR,ERR,ERR,ERR,ERR,ERR,ERR,ERR,ERR,ERR,ERR,ERR,ERR,ERR,ERR,ERR,ERR,ERR,ERR,ERR,ERR,ERR,ERR,ERR,ERR,ERR,ERR,ERR,ERR,ERR,ERR,ERR,ERR,ERR,ERR,ERR,ERR,ERR,ERR,ERR,ERR,ERR,ERR,ERR,ERR,ERR,ERR,ERR,ERR,ERR,ERR,ERR,ERR,ERR,ERR,ERR,ERR,ERR,ERR,ERR,ERR,ERR,ERR,ERR,ERR,ERR,ERR,ERR,ERR,ERR,-107615240.0,0.0,-117832800.0,0.0,0.0,0.0,0.0,nan,0,0,0,32768,0,0.0,0,0.0,0.0,0.0,0.0,0.0,0,0,0,0,0.0,0,0,0,0,0,0,0,0,0,0,0,0,0,0,0,0,0,0,0,0,0,0,0,0,0,0,0,0,0,0,0,0,0,0,0,0,0,0,0,0,0,0,0,0,0.0,0.0,0.0,0.0,0.0,0.0,0.0,0.0,0.0,0.0,0.0,0.0,0.0,0.0,0.0,0.0,0.0,0.0,0.0,0.0,0.0,0.0,-0.0,-0.0,-2.004,-0.0,0.0,0.0,0.0,0.0,3366.5,-0.0,0.0,0.0,0.0,-0.0,2.7184274988523002e+23,0.0,0.0,0.0,0.0,0,-107615248.0,-71.629,0.0,0.0,0.0,0.0,0.0,0.0,0.0,0,0,0,0.0,0.0,0.0,0.0,0.0,0.0,0.0,0.0,0.0,0.0,0.0,0.0,0.0,0.0,0.0,0.0,0,-107875648.0,0,0.0,0,-107875648.0,-107877712.0,0,52429,17038,0,17053,26215,17037,0,0,0,110,100,100,0.0,64.0,0.0,64.9,-107615304.0,68.5,1,49,50,180,0,13107,0,0,0.0,0.0,0.0,0.0,0.0,65.5,0.0,2.4177632503104534e+35,0.0,645,0,686,0,0,0,714,0,785,0,707,0,689,0,645,0,640,0,618,0.032,37224448.0,-0.0,0.0,61072,16788,0.0,2.4177632503104534e+35,-0.0,-0.0,-2453800960.0,0.0,29.0,60.0,70,0.0,0.0,0.0,0.0,0.0,0.0,0.0,0.0,0.0,0.0,0.0,0.0,0.0,0.0,0.0,0.0,59.2,68,12,65509,41,65476,0,300,0,0,8,20529,65476,0,0,61604,60.0,0.0,0.0,0.0,0.0,0.0
2026-04-04T11:44:52,ERR,ERR,ERR,ERR,ERR,ERR,ERR,ERR,ERR,ERR,ERR,ERR,ERR,ERR,ERR,ERR,ERR,ERR,ERR,ERR,ERR,ERR,ERR,ERR,ERR,ERR,ERR,ERR,ERR,ERR,ERR,ERR,ERR,ERR,ERR,ERR,ERR,ERR,ERR,ERR,ERR,ERR,ERR,ERR,ERR,ERR,ERR,ERR,ERR,ERR,ERR,ERR,ERR,ERR,ERR,ERR,ERR,ERR,ERR,ERR,ERR,ERR,ERR,ERR,ERR,ERR,ERR,ERR,ERR,ERR,ERR,ERR,ERR,ERR,ERR,ERR,ERR,ERR,ERR,ERR,ERR,ERR,ERR,ERR,ERR,ERR,ERR,ERR,ERR,ERR,ERR,ERR,ERR,ERR,ERR,ERR,ERR,ERR,ERR,ERR,ERR,ERR,ERR,ERR,ERR,ERR,ERR,ERR,ERR,ERR,ERR,ERR,ERR,ERR,ERR,ERR,ERR,ERR,ERR,ERR,ERR,ERR,ERR,ERR,ERR,0.0,0.0,-0.0,0.0,0.0,0.0,0.0,nan,0,0,0,32768,0,0.0,0,0.0,0.0,0.0,0.0,0.0,0,0,0,0,0.0,0,0,0,0,0,0,0,0,0,0,0,0,0,0,0,0,0,0,0,0,0,0,0,0,0,0,0,0,0,0,0,0,0,0,0,0,0,0,0,0,0,0,0,0,0.0,0.0,0.0,0.0,0.0,0.0,0.0,0.0,0.0,0.0,0.0,0.0,0.0,0.0,0.0,0.0,0.0,0.0,0.0,0.0,0.0,0.0,-0.0,-0.0,-2.004,-0.0,0.0,0.0,0.0,0.0,3365.5,-0.0,0.0,0.0,0.0,-0.0,2.7184274988523002e+23,0.0,0.0,0.0,0.0,0,-89221.016,-71.629,0.0,0.0,0.0,0.0,0.0,0.0,0.0,0,0,0,0.0,0.0,0.0,0.0,0.0,0.0,0.0,0.0,0.0,0.0,0.0,0.0,0.0,0.0,0.0,0.0,0,-107875648.0,0,0.0,0,-107875648.0,-107877712.0,0,52429,17038,0,17053,26215,17037,0,0,0,110,100,100,0.0,64.0,0.0,64.9,-107615304.0,68.5,1,49,50,180,0,13107,0,0,0.0,0.0,0.0,0.0,0.0,65.5,0.0,2.4177632503104534e+35,0.0,645,0,686,0,0,0,714,0,785,0,707,0,689,0,645,0,640,0,618,0.032,37224448.0,-0.0,0.0,61072,16788,0.0,2.4177632503104534e+35,-0.0,-0.0,-2453800960.0,0.0,29.0,60.0,70,0.0,0.0,0.0,0.0,0.0,0.0,0.0,0.0,0.0,0.0,0.0,0.0,0.0,0.0,0.0,0.0,59.2,68,12,65509,41,65476,0,300,0,0,8,20529,65476,0,0,61604,60.0,0.0,0.0,0.0,0.0,0.0
2026-04-04T11:44:53,ERR,ERR,ERR,ERR,ERR,ERR,ERR,ERR,ERR,ERR,ERR,ERR,ERR,ERR,ERR,ERR,ERR,ERR,ERR,ERR,ERR,ERR,ERR,ERR,ERR,ERR,ERR,ERR,ERR,ERR,ERR,ERR,ERR,ERR,ERR,ERR,ERR,ERR,ERR,ERR,ERR,ERR,ERR,ERR,ERR,ERR,ERR,ERR,ERR,ERR,ERR,ERR,ERR,ERR,ERR,ERR,ERR,ERR,ERR,ERR,ERR,ERR,ERR,ERR,ERR,ERR,ERR,ERR,ERR,ERR,ERR,ERR,ERR,ERR,ERR,ERR,ERR,ERR,ERR,ERR,ERR,ERR,ERR,ERR,ERR,ERR,ERR,ERR,ERR,ERR,ERR,ERR,ERR,ERR,ERR,ERR,ERR,ERR,ERR,ERR,ERR,ERR,ERR,ERR,ERR,ERR,ERR,ERR,ERR,ERR,ERR,ERR,ERR,ERR,ERR,ERR,ERR,ERR,ERR,ERR,ERR,ERR,ERR,ERR,ERR,0.0,0.0,-0.0,0.0,0.0,0.0,0.0,nan,0,0,0,32768,0,0.0,0,0.0,0.0,0.0,0.0,0.0,0,0,0,0,0.0,0,0,0,0,0,0,0,0,0,0,0,0,0,0,0,0,0,0,0,0,0,0,0,0,0,0,0,0,0,0,0,0,0,0,0,0,0,0,0,0,0,0,0,0,0.0,0.0,0.0,0.0,0.0,0.0,0.0,0.0,0.0,0.0,0.0,0.0,0.0,0.0,0.0,0.0,0.0,0.0,0.0,0.0,0.0,0.0,-0.0,-0.0,-2.004,-0.0,0.0,0.0,0.0,0.0,3365.5,-0.0,0.0,0.0,0.0,-0.0,2.7184274988523002e+23,0.0,0.0,0.0,0.0,0,-89221.016,-71.629,0.0,0.0,0.0,0.0,0.0,0.0,0.0,0,0,0,0.0,0.0,0.0,0.0,0.0,0.0,0.0,0.0,0.0,0.0,0.0,0.0,0.0,0.0,0.0,0.0,0,-107875648.0,0,0.0,0,-107875648.0,-107877712.0,0,52429,17038,0,17053,26215,17037,0,0,0,110,100,100,0.0,64.0,0.0,64.9,-107615304.0,68.5,1,49,50,180,0,13107,0,0,0.0,0.0,0.0,0.0,0.0,65.5,0.0,2.4177632503104534e+35,0.0,645,0,686,0,0,0,714,0,785,0,707,0,689,0,645,0,640,0,618,0.032,37224448.0,-0.0,0.0,61072,16788,0.0,2.4177632503104534e+35,-0.0,-0.0,-2453800960.0,0.0,29.0,60.0,70,0.0,0.0,0.0,0.0,0.0,0.0,0.0,0.0,0.0,0.0,0.0,0.0,0.0,0.0,0.0,0.0,59.2,68,12,65509,41,65476,0,300,0,0,8,20529,65476,0,0,61604,60.0,0.0,0.0,0.0,0.0,0.0
2026-04-04T11:44:54,ERR,ERR,ERR,ERR,ERR,ERR,ERR,ERR,ERR,ERR,ERR,ERR,ERR,ERR,ERR,ERR,ERR,ERR,ERR,ERR,ERR,ERR,ERR,ERR,ERR,ERR,ERR,ERR,ERR,ERR,ERR,ERR,ERR,ERR,ERR,ERR,ERR,ERR,ERR,ERR,ERR,ERR,ERR,ERR,ERR,ERR,ERR,ERR,ERR,ERR,ERR,ERR,ERR,ERR,ERR,ERR,ERR,ERR,ERR,ERR,ERR,ERR,ERR,ERR,ERR,ERR,ERR,ERR,ERR,ERR,ERR,ERR,ERR,ERR,ERR,ERR,ERR,ERR,ERR,ERR,ERR,ERR,ERR,ERR,ERR,ERR,ERR,ERR,ERR,ERR,ERR,ERR,ERR,ERR,ERR,ERR,ERR,ERR,ERR,ERR,ERR,ERR,ERR,ERR,ERR,ERR,ERR,ERR,ERR,ERR,ERR,ERR,ERR,ERR,ERR,ERR,ERR,ERR,ERR,ERR,ERR,ERR,ERR,ERR,ERR,0.0,0.0,-0.0,0.0,0.0,0.0,0.0,nan,0,0,0,32768,0,0.0,0,0.0,0.0,0.0,0.0,0.0,0,0,0,0,0.0,0,0,0,0,0,0,0,0,0,0,0,0,0,0,0,0,0,0,0,0,0,0,0,0,0,0,0,0,0,0,0,0,0,0,0,0,0,0,0,0,0,0,0,0,0.0,0.0,0.0,0.0,0.0,0.0,0.0,0.0,0.0,0.0,0.0,0.0,0.0,0.0,0.0,0.0,0.0,0.0,0.0,0.0,0.0,0.0,-0.0,-0.0,-2.004,-0.0,0.0,0.0,0.0,0.0,3365.5,-0.0,0.0,0.0,0.0,-0.0,2.7184274988523002e+23,0.0,0.0,0.0,0.0,0,-89221.016,-71.629,0.0,0.0,0.0,0.0,0.0,0.0,0.0,0,0,0,0.0,0.0,0.0,0.0,0.0,0.0,0.0,0.0,0.0,0.0,0.0,0.0,0.0,0.0,0.0,0.0,0,-107875648.0,0,0.0,0,-107875648.0,-107877712.0,0,52429,17038,0,17053,26215,17037,0,0,0,110,100,100,0.0,64.0,0.0,64.9,-107615304.0,68.5,1,49,50,180,0,13107,0,0,0.0,0.0,0.0,0.0,0.0,65.5,0.0,2.4177632503104534e+35,0.0,645,0,686,0,0,0,714,0,785,0,707,0,689,0,645,0,640,0,618,0.032,37224448.0,-0.0,0.0,61072,16788,0.0,2.4177632503104534e+35,-0.0,-0.0,-2453800960.0,0.0,29.0,60.0,70,0.0,0.0,0.0,0.0,0.0,0.0,0.0,0.0,0.0,0.0,0.0,0.0,0.0,0.0,0.0,0.0,59.6,68,12,65509,41,65476,0,300,0,0,8,20529,65476,0,0,61604,60.0,0.0,0.0,0.0,0.0,0.0
2026-04-04T11:44:55,ERR,ERR,ERR,ERR,ERR,ERR,ERR,ERR,ERR,ERR,ERR,ERR,ERR,ERR,ERR,ERR,ERR,ERR,ERR,ERR,ERR,ERR,ERR,ERR,ERR,ERR,ERR,ERR,ERR,ERR,ERR,ERR,ERR,ERR,ERR,ERR,ERR,ERR,ERR,ERR,ERR,ERR,ERR,ERR,ERR,ERR,ERR,ERR,ERR,ERR,ERR,ERR,ERR,ERR,ERR,ERR,ERR,ERR,ERR,ERR,ERR,ERR,ERR,ERR,ERR,ERR,ERR,ERR,ERR,ERR,ERR,ERR,ERR,ERR,ERR,ERR,ERR,ERR,ERR,ERR,ERR,ERR,ERR,ERR,ERR,ERR,ERR,ERR,ERR,ERR,ERR,ERR,ERR,ERR,ERR,ERR,ERR,ERR,ERR,ERR,ERR,ERR,ERR,ERR,ERR,ERR,ERR,ERR,ERR,ERR,ERR,ERR,ERR,ERR,ERR,ERR,ERR,ERR,ERR,ERR,ERR,ERR,ERR,ERR,ERR,0.0,0.0,-0.0,0.0,0.0,0.0,0.0,nan,0,0,0,32768,0,0.0,0,0.0,0.0,0.0,0.0,0.0,0,0,0,0,0.0,0,0,0,0,0,0,0,0,0,0,0,0,0,0,0,0,0,0,0,0,0,0,0,0,0,0,0,0,0,0,0,0,0,0,0,0,0,0,0,0,0,0,0,0,0.0,0.0,0.0,0.0,0.0,0.0,0.0,0.0,0.0,0.0,0.0,0.0,0.0,0.0,0.0,0.0,0.0,0.0,0.0,0.0,0.0,0.0,-0.0,-0.0,-2.004,-0.0,0.0,0.0,0.0,0.0,3365.5,-0.0,0.0,0.0,0.0,-0.0,2.7184274988523002e+23,0.0,0.0,0.0,0.0,0,-89221.016,-71.629,0.0,0.0,0.0,0.0,0.0,0.0,0.0,0,0,0,0.0,0.0,0.0,0.0,0.0,0.0,0.0,0.0,0.0,0.0,0.0,0.0,0.0,0.0,0.0,0.0,0,-107875648.0,0,0.0,0,-107875648.0,-107877712.0,0,52429,17038,0,17053,26215,17037,0,0,0,110,100,100,0.0,64.0,0.0,64.9,-107615304.0,68.5,1,49,50,180,0,13107,0,0,0.0,0.0,0.0,0.0,0.0,65.5,0.0,1.5419254348269175e+24,0.0,645,0,686,0,0,0,714,0,785,0,707,0,689,0,645,0,640,0,618,0.032,36962304.0,-0.0,0.0,11536,16789,0.0,0.029,5.964357197363259e+32,-0.0,-0.0,-1.057304447287296e+16,29.0,60.0,70,0.0,0.0,0.0,0.0,0.0,0.0,0.0,0.0,0.0,0.0,0.0,0.0,0.0,0.0,0.0,0.0,59.6,68,12,65509,41,65476,0,300,0,0,8,20529,65476,0,0,61604,60.0,0.0,0.0,0.0,0.0,0.0
2026-04-04T11:44:56,ERR,ERR,ERR,ERR,ERR,ERR,ERR,ERR,ERR,ERR,ERR,ERR,ERR,ERR,ERR,ERR,ERR,ERR,ERR,ERR,ERR,ERR,ERR,ERR,ERR,ERR,ERR,ERR,ERR,ERR,ERR,ERR,ERR,ERR,ERR,ERR,ERR,ERR,ERR,ERR,ERR,ERR,ERR,ERR,ERR,ERR,ERR,ERR,ERR,ERR,ERR,ERR,ERR,ERR,ERR,ERR,ERR,ERR,ERR,ERR,ERR,ERR,ERR,ERR,ERR,ERR,ERR,ERR,ERR,ERR,ERR,ERR,ERR,ERR,ERR,ERR,ERR,ERR,ERR,ERR,ERR,ERR,ERR,ERR,ERR,ERR,ERR,ERR,ERR,ERR,ERR,ERR,ERR,ERR,ERR,ERR,ERR,ERR,ERR,ERR,ERR,ERR,ERR,ERR,ERR,ERR,ERR,ERR,ERR,ERR,ERR,ERR,ERR,ERR,ERR,ERR,ERR,ERR,ERR,ERR,ERR,ERR,ERR,ERR,ERR,0.0,0.0,-0.0,0.0,0.0,0.0,0.0,nan,0,0,0,32768,0,0.0,0,0.0,0.0,0.0,0.0,0.0,0,0,0,0,0.0,0,0,0,0,0,0,0,0,0,0,0,0,0,0,0,0,0,0,0,0,0,0,0,0,0,0,0,0,0,0,0,0,0,0,0,0,0,0,0,0,0,0,0,0,0.0,0.0,0.0,0.0,0.0,0.0,0.0,0.0,0.0,0.0,0.0,0.0,0.0,0.0,0.0,0.0,0.0,0.0,0.0,0.0,0.0,0.0,-0.0,-0.0,-2.004,-0.0,0.0,0.0,0.0,0.0,3365.5,-0.0,0.0,0.0,0.0,-0.0,2.7184274988523002e+23,0.0,0.0,0.0,0.0,0,-89221.016,-71.629,0.0,0.0,0.0,0.0,0.0,0.0,0.0,0,0,0,0.0,0.0,0.0,0.0,0.0,0.0,0.0,0.0,0.0,0.0,0.0,0.0,0.0,0.0,0.0,0.0,0,-107875648.0,0,0.0,0,-107875648.0,-107877712.0,0,52429,17038,0,17053,26215,17037,0,0,0,110,100,100,0.0,64.0,0.0,64.9,-107615304.0,68.5,1,49,50,180,0,13107,0,0,0.0,0.0,0.0,0.0,0.0,65.5,0.0,1.5419254348269175e+24,0.0,645,0,686,0,0,0,714,0,785,0,707,0,689,0,645,0,640,0,618,0.032,36962304.0,-0.0,0.0,11536,16789,0.0,0.029,5.964357197363259e+32,-0.0,-0.0,-1.057304447287296e+16,29.0,60.0,70,0.0,0.0,0.0,0.0,0.0,0.0,0.0,0.0,0.0,0.0,0.0,0.0,0.0,0.0,0.0,0.0,59.6,68,12,65509,41,65476,0,300,0,0,8,20529,65476,0,0,61604,60.0,0.0,0.0,0.0,0.0,0.0
2026-04-04T11:44:57,ERR,ERR,ERR,ERR,ERR,ERR,ERR,ERR,ERR,ERR,ERR,ERR,ERR,ERR,ERR,ERR,ERR,ERR,ERR,ERR,ERR,ERR,ERR,ERR,ERR,ERR,ERR,ERR,ERR,ERR,ERR,ERR,ERR,ERR,ERR,ERR,ERR,ERR,ERR,ERR,ERR,ERR,ERR,ERR,ERR,ERR,ERR,ERR,ERR,ERR,ERR,ERR,ERR,ERR,ERR,ERR,ERR,ERR,ERR,ERR,ERR,ERR,ERR,ERR,ERR,ERR,ERR,ERR,ERR,ERR,ERR,ERR,ERR,ERR,ERR,ERR,ERR,ERR,ERR,ERR,ERR,ERR,ERR,ERR,ERR,ERR,ERR,ERR,ERR,ERR,ERR,ERR,ERR,ERR,ERR,ERR,ERR,ERR,ERR,ERR,ERR,ERR,ERR,ERR,ERR,ERR,ERR,ERR,ERR,ERR,ERR,ERR,ERR,ERR,ERR,ERR,ERR,ERR,ERR,ERR,ERR,ERR,ERR,ERR,ERR,0.0,0.0,-0.0,0.0,0.0,0.0,0.0,nan,0,0,0,32768,0,0.0,0,0.0,0.0,0.0,0.0,0.0,0,0,0,0,0.0,0,0,0,0,0,0,0,0,0,0,0,0,0,0,0,0,0,0,0,0,0,0,0,0,0,0,0,0,0,0,0,0,0,0,0,0,0,0,0,0,0,0,0,0,0.0,0.0,0.0,0.0,0.0,0.0,0.0,0.0,0.0,0.0,0.0,0.0,0.0,0.0,0.0,0.0,0.0,0.0,0.0,0.0,0.0,0.0,-0.0,-0.0,-2.004,-0.0,0.0,0.0,0.0,0.0,3365.5,-0.0,0.0,0.0,0.0,-0.0,2.7184274988523002e+23,0.0,0.0,0.0,0.0,0,-89221.016,-71.629,0.0,0.0,0.0,0.0,0.0,0.0,0.0,0,0,0,0.0,0.0,0.0,0.0,0.0,0.0,0.0,0.0,0.0,0.0,0.0,0.0,0.0,0.0,0.0,0.0,0,-107875648.0,0,0.0,0,-107875648.0,-107877712.0,0,52429,17038,0,17053,26215,17037,0,0,0,110,100,100,0.0,64.0,0.0,64.9,-107615304.0,68.5,1,49,50,180,0,13107,0,0,0.0,0.0,0.0,0.0,0.0,65.5,0.0,1.5419254348269175e+24,0.0,645,0,686,0,0,0,714,0,785,0,707,0,689,0,645,0,640,0,618,0.032,36962304.0,-0.0,0.0,11536,16789,0.0,0.029,5.964357197363259e+32,-0.0,-0.0,-1.057304447287296e+16,29.0,60.0,70,0.0,0.0,0.0,0.0,0.0,0.0,0.0,0.0,0.0,0.0,0.0,0.0,0.0,0.0,0.0,0.0,59.2,68,12,65509,41,65476,0,300,0,0,8,20529,65476,0,0,61604,60.0,0.0,0.0,0.0,0.0,0.0
2026-04-04T11:44:58,ERR,ERR,ERR,ERR,ERR,ERR,ERR,ERR,ERR,ERR,ERR,ERR,ERR,ERR,ERR,ERR,ERR,ERR,ERR,ERR,ERR,ERR,ERR,ERR,ERR,ERR,ERR,ERR,ERR,ERR,ERR,ERR,ERR,ERR,ERR,ERR,ERR,ERR,ERR,ERR,ERR,ERR,ERR,ERR,ERR,ERR,ERR,ERR,ERR,ERR,ERR,ERR,ERR,ERR,ERR,ERR,ERR,ERR,ERR,ERR,ERR,ERR,ERR,ERR,ERR,ERR,ERR,ERR,ERR,ERR,ERR,ERR,ERR,ERR,ERR,ERR,ERR,ERR,ERR,ERR,ERR,ERR,ERR,ERR,ERR,ERR,ERR,ERR,ERR,ERR,ERR,ERR,ERR,ERR,ERR,ERR,ERR,ERR,ERR,ERR,ERR,ERR,ERR,ERR,ERR,ERR,ERR,ERR,ERR,ERR,ERR,ERR,ERR,ERR,ERR,ERR,ERR,ERR,ERR,ERR,ERR,ERR,ERR,ERR,ERR,0.0,0.0,-0.0,0.0,0.0,0.0,0.0,nan,0,0,0,32768,0,0.0,0,0.0,0.0,0.0,0.0,0.0,0,0,0,0,0.0,0,0,0,0,0,0,0,0,0,0,0,0,0,0,0,0,0,0,0,0,0,0,0,0,0,0,0,0,0,0,0,0,0,0,0,0,0,0,0,0,0,0,0,0,0.0,0.0,0.0,0.0,0.0,0.0,0.0,0.0,0.0,0.0,0.0,0.0,0.0,0.0,0.0,0.0,0.0,0.0,0.0,0.0,0.0,0.0,-0.0,-0.0,-2.004,-0.0,0.0,0.0,0.0,0.0,3365.5,-0.0,0.0,0.0,0.0,-0.0,2.7184274988523002e+23,0.0,0.0,0.0,0.0,0,-89221.016,-71.629,0.0,0.0,0.0,0.0,0.0,0.0,0.0,0,0,0,0.0,0.0,0.0,0.0,0.0,0.0,0.0,0.0,0.0,0.0,0.0,0.0,0.0,0.0,0.0,0.0,0,-107875648.0,0,0.0,0,-107875648.0,-107877712.0,0,52429,17038,0,17053,26215,17037,0,0,0,110,100,100,0.0,64.0,0.0,64.9,-107615304.0,68.5,1,49,50,180,0,13107,0,0,0.0,0.0,0.0,0.0,0.0,65.5,0.0,1.5419254348269175e+24,0.0,645,0,686,0,0,0,714,0,785,0,707,0,689,0,645,0,640,0,618,0.032,36962304.0,-0.0,0.0,11536,16789,0.0,0.029,5.964357197363259e+32,-0.0,-0.0,-1.057304447287296e+16,29.0,60.0,70,0.0,0.0,0.0,0.0,0.0,0.0,0.0,0.0,0.0,0.0,0.0,0.0,0.0,0.0,0.0,0.0,59.2,68,12,65509,41,65476,0,300,0,0,8,20529,65476,0,0,61604,60.0,0.0,0.0,0.0,0.0,0.0
2026-04-04T11:44:59,ERR,ERR,ERR,ERR,ERR,ERR,ERR,ERR,ERR,ERR,ERR,ERR,ERR,ERR,ERR,ERR,ERR,ERR,ERR,ERR,ERR,ERR,ERR,ERR,ERR,ERR,ERR,ERR,ERR,ERR,ERR,ERR,ERR,ERR,ERR,ERR,ERR,ERR,ERR,ERR,ERR,ERR,ERR,ERR,ERR,ERR,ERR,ERR,ERR,ERR,ERR,ERR,ERR,ERR,ERR,ERR,ERR,ERR,ERR,ERR,ERR,ERR,ERR,ERR,ERR,ERR,ERR,ERR,ERR,ERR,ERR,ERR,ERR,ERR,ERR,ERR,ERR,ERR,ERR,ERR,ERR,ERR,ERR,ERR,ERR,ERR,ERR,ERR,ERR,ERR,ERR,ERR,ERR,ERR,ERR,ERR,ERR,ERR,ERR,ERR,ERR,ERR,ERR,ERR,ERR,ERR,ERR,ERR,ERR,ERR,ERR,ERR,ERR,ERR,ERR,ERR,ERR,ERR,ERR,ERR,ERR,ERR,ERR,ERR,ERR,0.0,-0.0,-101055584.0,0.0,0.0,0.0,0.0,nan,0,0,0,32768,0,0.0,0,0.0,0.0,0.0,0.0,0.0,0,0,0,0,0.0,0,0,0,0,0,0,0,0,0,0,0,0,0,0,0,0,0,0,0,0,0,0,0,0,0,0,0,0,0,0,0,0,0,0,0,0,0,0,0,0,0,0,0,0,0.0,0.0,0.0,0.0,0.0,0.0,0.0,0.0,0.0,0.0,0.0,0.0,0.0,0.0,0.0,0.0,0.0,0.0,0.0,0.0,0.0,0.0,-0.0,-0.0,-2.004,-0.0,0.0,0.0,0.0,0.0,3367.0,-0.0,0.0,0.0,-0.0,-0.0,2.7184274988523002e+23,0.0,0.0,0.0,0.0,0,-2.7184278591402704e+23,-0.0,0.0,0.0,0.0,0.0,0.0,0.0,0.0,0,0,0,0.0,0.0,0.0,0.0,0.0,0.0,0.0,0.0,0.0,0.0,0.0,0.0,0.0,0.0,0.0,0.0,0,-107875648.0,0,0.0,0,-107875648.0,-107877712.0,0,52429,17038,0,17053,26215,17037,0,0,0,110,100,100,0.0,64.0,0.0,64.9,-107615304.0,68.5,1,49,50,180,0,13107,0,0,0.0,0.0,0.0,0.0,0.0,65.5,0.0,1.5419254348269175e+24,0.0,645,0,686,0,0,0,714,0,785,0,707,0,689,0,645,0,640,0,618,0.032,36962304.0,-0.0,0.0,11536,16789,0.0,0.029,5.964357197363259e+32,-0.0,-0.0,-1.057304447287296e+16,29.0,60.0,70,0.0,0.0,0.0,0.0,0.0,0.0,0.0,0.0,0.0,0.0,0.0,0.0,0.0,0.0,0.0,0.0,59.6,68,12,65509,41,65476,0,300,0,0,8,20529,65476,0,0,61604,60.0,0.0,0.0,0.0,0.0,0.0
2026-04-04T11:45:00,ERR,ERR,ERR,ERR,ERR,ERR,ERR,ERR,ERR,ERR,ERR,ERR,ERR,ERR,ERR,ERR,ERR,ERR,ERR,ERR,ERR,ERR,ERR,ERR,ERR,ERR,ERR,ERR,ERR,ERR,ERR,ERR,ERR,ERR,ERR,ERR,ERR,ERR,ERR,ERR,ERR,ERR,ERR,ERR,ERR,ERR,ERR,ERR,ERR,ERR,ERR,ERR,ERR,ERR,ERR,ERR,ERR,ERR,ERR,ERR,ERR,ERR,ERR,ERR,ERR,ERR,ERR,ERR,ERR,ERR,ERR,ERR,ERR,ERR,ERR,ERR,ERR,ERR,ERR,ERR,ERR,ERR,ERR,ERR,ERR,ERR,ERR,ERR,ERR,ERR,ERR,ERR,ERR,ERR,ERR,ERR,ERR,ERR,ERR,ERR,ERR,ERR,ERR,ERR,ERR,ERR,ERR,ERR,ERR,ERR,ERR,ERR,ERR,ERR,ERR,ERR,ERR,ERR,ERR,ERR,ERR,ERR,ERR,ERR,ERR,0.0,-0.0,-101055584.0,0.0,0.0,0.0,0.0,nan,0,0,0,32768,0,0.0,0,0.0,0.0,0.0,0.0,0.0,0,0,0,0,0.0,0,0,0,0,0,0,0,0,0,0,0,0,0,0,0,0,0,0,0,0,0,0,0,0,0,0,0,0,0,0,0,0,0,0,0,0,0,0,0,0,0,0,0,0,0.0,0.0,0.0,0.0,0.0,0.0,0.0,0.0,0.0,0.0,0.0,0.0,0.0,0.0,0.0,0.0,0.0,0.0,0.0,0.0,0.0,0.0,-0.0,-0.0,-2.004,-0.0,0.0,0.0,0.0,0.0,3367.0,-0.0,0.0,0.0,-0.0,-0.0,2.7184274988523002e+23,0.0,0.0,0.0,0.0,0,-2.7184278591402704e+23,-0.0,0.0,0.0,0.0,0.0,0.0,0.0,0.0,0,0,0,0.0,0.0,0.0,0.0,0.0,0.0,0.0,0.0,0.0,0.0,0.0,0.0,0.0,0.0,0.0,0.0,0,-107875648.0,0,0.0,0,-107875648.0,-107877712.0,0,52429,17038,0,17053,26215,17037,0,0,0,110,100,100,0.0,64.0,0.0,64.9,-107615304.0,68.5,1,49,50,180,0,13107,0,0,0.0,0.0,0.0,0.0,0.0,65.5,0.0,0.0,0.0,645,0,686,0,0,0,714,0,785,0,707,0,689,0,645,0,641,0,618,0.032,36700160.0,-0.0,0.0,13200,16789,0.0,-0.0,0.0,1.0070378790581123e+24,0.0,5.764220643160126e+28,29.0,60.0,70,0.0,0.0,0.0,0.0,0.0,0.0,0.0,0.0,0.0,0.0,0.0,0.0,0.0,0.0,0.0,0.0,59.6,68,12,65509,41,65476,0,300,0,0,8,20529,65476,0,0,61604,60.0,0.0,0.0,0.0,0.0,0.0
2026-04-04T11:45:01,ERR,ERR,ERR,ERR,ERR,ERR,ERR,ERR,ERR,ERR,ERR,ERR,ERR,ERR,ERR,ERR,ERR,ERR,ERR,ERR,ERR,ERR,ERR,ERR,ERR,ERR,ERR,ERR,ERR,ERR,ERR,ERR,ERR,ERR,ERR,ERR,ERR,ERR,ERR,ERR,ERR,ERR,ERR,ERR,ERR,ERR,ERR,ERR,ERR,ERR,ERR,ERR,ERR,ERR,ERR,ERR,ERR,ERR,ERR,ERR,ERR,ERR,ERR,ERR,ERR,ERR,ERR,ERR,ERR,ERR,ERR,ERR,ERR,ERR,ERR,ERR,ERR,ERR,ERR,ERR,ERR,ERR,ERR,ERR,ERR,ERR,ERR,ERR,ERR,ERR,ERR,ERR,ERR,ERR,ERR,ERR,ERR,ERR,ERR,ERR,ERR,ERR,ERR,ERR,ERR,ERR,ERR,ERR,ERR,ERR,ERR,ERR,ERR,ERR,ERR,ERR,ERR,ERR,ERR,ERR,ERR,ERR,ERR,ERR,ERR,0.0,-0.0,-101055584.0,0.0,0.0,0.0,0.0,nan,0,0,0,32768,0,0.0,0,0.0,0.0,0.0,0.0,0.0,0,0,0,0,0.0,0,0,0,0,0,0,0,0,0,0,0,0,0,0,0,0,0,0,0,0,0,0,0,0,0,0,0,0,0,0,0,0,0,0,0,0,0,0,0,0,0,0,0,0,0.0,0.0,0.0,0.0,0.0,0.0,0.0,0.0,0.0,0.0,0.0,0.0,0.0,0.0,0.0,0.0,0.0,0.0,0.0,0.0,0.0,0.0,-0.0,-0.0,-2.004,-0.0,0.0,0.0,0.0,0.0,3367.0,-0.0,0.0,0.0,-0.0,-0.0,2.7184274988523002e+23,0.0,0.0,0.0,0.0,0,-2.7184278591402704e+23,-0.0,0.0,0.0,0.0,0.0,0.0,0.0,0.0,0,0,0,0.0,0.0,0.0,0.0,0.0,0.0,0.0,0.0,0.0,0.0,0.0,0.0,0.0,0.0,0.0,0.0,0,-107875648.0,0,0.0,0,-107875648.0,-107877712.0,0,52429,17038,0,17053,26215,17037,0,0,0,110,100,100,0.0,64.0,0.0,64.9,-107615304.0,68.5,1,49,50,180,0,13107,0,0,0.0,0.0,0.0,0.0,0.0,65.5,0.0,0.0,0.0,645,0,686,0,0,0,714,0,785,0,707,0,689,0,645,0,641,0,618,0.032,36700160.0,-0.0,0.0,13200,16789,0.0,-0.0,0.0,1.0070378790581123e+24,0.0,5.764220643160126e+28,29.0,60.0,70,0.0,0.0,0.0,0.0,0.0,0.0,0.0,0.0,0.0,0.0,0.0,0.0,0.0,0.0,0.0,0.0,59.6,68,12,65509,41,65476,0,300,0,0,8,20529,65476,0,0,61604,60.0,0.0,0.0,0.0,0.0,0.0
2026-04-04T11:45:02,ERR,ERR,ERR,ERR,ERR,ERR,ERR,ERR,ERR,ERR,ERR,ERR,ERR,ERR,ERR,ERR,ERR,ERR,ERR,ERR,ERR,ERR,ERR,ERR,ERR,ERR,ERR,ERR,ERR,ERR,ERR,ERR,ERR,ERR,ERR,ERR,ERR,ERR,ERR,ERR,ERR,ERR,ERR,ERR,ERR,ERR,ERR,ERR,ERR,ERR,ERR,ERR,ERR,ERR,ERR,ERR,ERR,ERR,ERR,ERR,ERR,ERR,ERR,ERR,ERR,ERR,ERR,ERR,ERR,ERR,ERR,ERR,ERR,ERR,ERR,ERR,ERR,ERR,ERR,ERR,ERR,ERR,ERR,ERR,ERR,ERR,ERR,ERR,ERR,ERR,ERR,ERR,ERR,ERR,ERR,ERR,ERR,ERR,ERR,ERR,ERR,ERR,ERR,ERR,ERR,ERR,ERR,ERR,ERR,ERR,ERR,ERR,ERR,ERR,ERR,ERR,ERR,ERR,ERR,ERR,ERR,ERR,ERR,ERR,ERR,0.0,-0.0,-101055584.0,0.0,0.0,0.0,0.0,nan,0,0,0,32768,0,0.0,0,0.0,0.0,0.0,0.0,0.0,0,0,0,0,0.0,0,0,0,0,0,0,0,0,0,0,0,0,0,0,0,0,0,0,0,0,0,0,0,0,0,0,0,0,0,0,0,0,0,0,0,0,0,0,0,0,0,0,0,0,0.0,0.0,0.0,0.0,0.0,0.0,0.0,0.0,0.0,0.0,0.0,0.0,0.0,0.0,0.0,0.0,0.0,0.0,0.0,0.0,0.0,0.0,-0.0,-0.0,-2.004,-0.0,0.0,0.0,0.0,0.0,3367.0,-0.0,0.0,0.0,-0.0,-0.0,2.7184274988523002e+23,0.0,0.0,0.0,0.0,0,-2.7184278591402704e+23,-0.0,0.0,0.0,0.0,0.0,0.0,0.0,0.0,0,0,0,0.0,0.0,0.0,0.0,0.0,0.0,0.0,0.0,0.0,0.0,0.0,0.0,0.0,0.0,0.0,0.0,0,-107875648.0,0,0.0,0,-107875648.0,-107877712.0,0,52429,17038,0,17053,26215,17037,0,0,0,110,100,100,0.0,64.0,0.0,64.9,-107615304.0,68.5,1,49,50,180,0,13107,0,0,0.0,0.0,0.0,0.0,0.0,65.5,0.0,0.0,0.0,645,0,686,0,0,0,714,0,785,0,707,0,689,0,645,0,641,0,618,0.032,36700160.0,-0.0,0.0,13200,16789,0.0,-0.0,0.0,1.0070378790581123e+24,0.0,5.764220643160126e+28,29.0,60.0,70,0.0,0.0,0.0,0.0,0.0,0.0,0.0,0.0,0.0,0.0,0.0,0.0,0.0,0.0,0.0,0.0,59.2,68,11,65509,41,65476,0,300,0,0,8,20529,65476,0,0,61604,60.0,0.0,0.0,0.0,0.0,0.0
2026-04-04T11:45:03,ERR,ERR,ERR,ERR,ERR,ERR,ERR,ERR,ERR,ERR,ERR,ERR,ERR,ERR,ERR,ERR,ERR,ERR,ERR,ERR,ERR,ERR,ERR,ERR,ERR,ERR,ERR,ERR,ERR,ERR,ERR,ERR,ERR,ERR,ERR,ERR,ERR,ERR,ERR,ERR,ERR,ERR,ERR,ERR,ERR,ERR,ERR,ERR,ERR,ERR,ERR,ERR,ERR,ERR,ERR,ERR,ERR,ERR,ERR,ERR,ERR,ERR,ERR,ERR,ERR,ERR,ERR,ERR,ERR,ERR,ERR,ERR,ERR,ERR,ERR,ERR,ERR,ERR,ERR,ERR,ERR,ERR,ERR,ERR,ERR,ERR,ERR,ERR,ERR,ERR,ERR,ERR,ERR,ERR,ERR,ERR,ERR,ERR,ERR,ERR,ERR,ERR,ERR,ERR,ERR,ERR,ERR,ERR,ERR,ERR,ERR,ERR,ERR,ERR,ERR,ERR,ERR,ERR,ERR,ERR,ERR,ERR,ERR,ERR,ERR,0.0,-0.0,-101055584.0,0.0,0.0,0.0,0.0,nan,0,0,0,32768,0,0.0,0,0.0,0.0,0.0,0.0,0.0,0,0,0,0,0.0,0,0,0,0,0,0,0,0,0,0,0,0,0,0,0,0,0,0,0,0,0,0,0,0,0,0,0,0,0,0,0,0,0,0,0,0,0,0,0,0,0,0,0,0,0.0,0.0,0.0,0.0,0.0,0.0,0.0,0.0,0.0,0.0,0.0,0.0,0.0,0.0,0.0,0.0,0.0,0.0,0.0,0.0,0.0,0.0,-0.0,-0.0,-2.004,-0.0,0.0,0.0,0.0,0.0,3367.0,-0.0,0.0,0.0,-0.0,-0.0,2.7184274988523002e+23,0.0,0.0,0.0,0.0,0,-2.7184278591402704e+23,-0.0,0.0,0.0,0.0,0.0,0.0,0.0,0.0,0,0,0,0.0,0.0,0.0,0.0,0.0,0.0,0.0,0.0,0.0,0.0,0.0,0.0,0.0,0.0,0.0,0.0,0,-107875648.0,0,0.0,0,-107875648.0,-107877712.0,0,52429,17038,0,17053,26215,17037,0,0,0,110,100,100,0.0,64.0,0.0,64.9,-107615304.0,68.5,1,49,50,180,0,13107,0,0,0.0,0.0,0.0,0.0,0.0,65.5,0.0,0.0,0.0,645,0,686,0,0,0,714,0,785,0,707,0,689,0,645,0,641,0,618,0.032,36700160.0,-0.0,0.0,13200,16789,0.0,-0.0,0.0,1.0070378790581123e+24,0.0,5.764220643160126e+28,29.0,60.0,70,0.0,0.0,0.0,0.0,0.0,0.0,0.0,0.0,0.0,0.0,0.0,0.0,0.0,0.0,0.0,0.0,59.2,68,11,65509,41,65476,0,300,0,0,8,20529,65476,0,0,61604,60.0,0.0,0.0,0.0,0.0,0.0
2026-04-04T11:45:04,ERR,ERR,ERR,ERR,ERR,ERR,ERR,ERR,ERR,ERR,ERR,ERR,ERR,ERR,ERR,ERR,ERR,ERR,ERR,ERR,ERR,ERR,ERR,ERR,ERR,ERR,ERR,ERR,ERR,ERR,ERR,ERR,ERR,ERR,ERR,ERR,ERR,ERR,ERR,ERR,ERR,ERR,ERR,ERR,ERR,ERR,ERR,ERR,ERR,ERR,ERR,ERR,ERR,ERR,ERR,ERR,ERR,ERR,ERR,ERR,ERR,ERR,ERR,ERR,ERR,ERR,ERR,ERR,ERR,ERR,ERR,ERR,ERR,ERR,ERR,ERR,ERR,ERR,ERR,ERR,ERR,ERR,ERR,ERR,ERR,ERR,ERR,ERR,ERR,ERR,ERR,ERR,ERR,ERR,ERR,ERR,ERR,ERR,ERR,ERR,ERR,ERR,ERR,ERR,ERR,ERR,ERR,ERR,ERR,ERR,ERR,ERR,ERR,ERR,ERR,ERR,ERR,ERR,ERR,ERR,ERR,ERR,ERR,ERR,ERR,0.0,-0.0,-101055584.0,0.0,0.0,0.0,0.0,nan,0,0,0,32768,0,0.0,0,0.0,0.0,0.0,0.0,0.0,0,0,0,0,0.0,0,0,0,0,0,0,0,0,0,0,0,0,0,0,0,0,0,0,0,0,0,0,0,0,0,0,0,0,0,0,0,0,0,0,0,0,0,0,0,0,0,0,0,0,0.0,0.0,0.0,0.0,0.0,0.0,0.0,0.0,0.0,0.0,0.0,0.0,0.0,0.0,0.0,0.0,0.0,0.0,0.0,0.0,0.0,0.0,-0.0,-0.0,-2.004,-0.0,0.0,0.0,0.0,0.0,3367.0,-0.0,0.0,0.0,-0.0,-0.0,2.7184274988523002e+23,0.0,0.0,0.0,0.0,0,-2.7184278591402704e+23,-0.0,0.0,0.0,0.0,0.0,0.0,0.0,0.0,0,0,0,0.0,0.0,0.0,0.0,0.0,0.0,0.0,0.0,0.0,0.0,0.0,0.0,0.0,0.0,0.0,0.0,0,-107875648.0,0,0.0,0,-107875648.0,-107877712.0,0,52429,17038,0,17053,26215,17037,0,0,0,110,100,100,0.0,64.0,0.0,64.9,-107615304.0,68.5,1,49,50,180,0,13107,0,0,0.0,0.0,0.0,0.0,0.0,65.5,0.0,-0.0,0.0,645,0,686,0,0,0,714,0,785,0,708,0,689,0,645,0,641,0,618,0.032,36962304.0,-0.0,0.0,2448,16789,0.0,-377359.781,0.0,-2756584.25,0.0,4.67167509136387e+21,29.0,60.0,70,0.0,0.0,0.0,0.0,0.0,0.0,0.0,0.0,0.0,0.0,0.0,0.0,0.0,0.0,0.0,0.0,59.2,68,11,65509,41,65476,0,300,0,0,8,20529,65476,0,0,61604,60.0,0.0,0.0,0.0,0.0,0.0
2026-04-04T11:45:05,ERR,ERR,ERR,ERR,ERR,ERR,ERR,ERR,ERR,ERR,ERR,ERR,ERR,ERR,ERR,ERR,ERR,ERR,ERR,ERR,ERR,ERR,ERR,ERR,ERR,ERR,ERR,ERR,ERR,ERR,ERR,ERR,ERR,ERR,ERR,ERR,ERR,ERR,ERR,ERR,ERR,ERR,ERR,ERR,ERR,ERR,ERR,ERR,ERR,ERR,ERR,ERR,ERR,ERR,ERR,ERR,ERR,ERR,ERR,ERR,ERR,ERR,ERR,ERR,ERR,ERR,ERR,ERR,ERR,ERR,ERR,ERR,ERR,ERR,ERR,ERR,ERR,ERR,ERR,ERR,ERR,ERR,ERR,ERR,ERR,ERR,ERR,ERR,ERR,ERR,ERR,ERR,ERR,ERR,ERR,ERR,ERR,ERR,ERR,ERR,ERR,ERR,ERR,ERR,ERR,ERR,ERR,ERR,ERR,ERR,ERR,ERR,ERR,ERR,ERR,ERR,ERR,ERR,ERR,ERR,ERR,ERR,ERR,ERR,ERR,0.0,-0.0,-101055584.0,0.0,0.0,0.0,0.0,nan,0,0,0,32768,0,0.0,0,0.0,0.0,0.0,0.0,0.0,0,0,0,0,0.0,0,0,0,0,0,0,0,0,0,0,0,0,0,0,0,0,0,0,0,0,0,0,0,0,0,0,0,0,0,0,0,0,0,0,0,0,0,0,0,0,0,0,0,0,0.0,0.0,0.0,0.0,0.0,0.0,0.0,0.0,0.0,0.0,0.0,0.0,0.0,0.0,0.0,0.0,0.0,0.0,0.0,0.0,0.0,0.0,-0.0,-0.0,-2.004,-0.0,0.0,0.0,0.0,0.0,3367.0,-0.0,0.0,0.0,-0.0,-0.0,2.7184274988523002e+23,0.0,0.0,0.0,0.0,0,-2.7184278591402704e+23,-0.0,0.0,0.0,0.0,0.0,0.0,0.0,0.0,0,0,0,0.0,0.0,0.0,0.0,0.0,0.0,0.0,0.0,0.0,0.0,0.0,0.0,0.0,0.0,0.0,0.0,0,-107875648.0,0,0.0,0,-107875648.0,-107877712.0,0,52429,17038,0,17053,26215,17037,0,0,0,110,100,100,0.0,64.0,0.0,64.9,-107615304.0,68.5,1,49,50,180,0,13107,0,0,0.0,0.0,0.0,0.0,0.0,65.5,0.0,-0.0,0.0,645,0,686,0,0,0,714,0,785,0,708,0,689,0,645,0,641,0,618,0.032,36962304.0,-0.0,0.0,2448,16789,0.0,-377359.781,0.0,-2756584.25,0.0,4.67167509136387e+21,29.0,60.0,70,0.0,0.0,0.0,0.0,0.0,0.0,0.0,0.0,0.0,0.0,0.0,0.0,0.0,0.0,0.0,0.0,59.2,68,11,65509,41,65476,0,300,0,0,8,20529,65476,0,0,61604,60.0,0.0,0.0,0.0,0.0,0.0
2026-04-04T11:45:06,ERR,ERR,ERR,ERR,ERR,ERR,ERR,ERR,ERR,ERR,ERR,ERR,ERR,ERR,ERR,ERR,ERR,ERR,ERR,ERR,ERR,ERR,ERR,ERR,ERR,ERR,ERR,ERR,ERR,ERR,ERR,ERR,ERR,ERR,ERR,ERR,ERR,ERR,ERR,ERR,ERR,ERR,ERR,ERR,ERR,ERR,ERR,ERR,ERR,ERR,ERR,ERR,ERR,ERR,ERR,ERR,ERR,ERR,ERR,ERR,ERR,ERR,ERR,ERR,ERR,ERR,ERR,ERR,ERR,ERR,ERR,ERR,ERR,ERR,ERR,ERR,ERR,ERR,ERR,ERR,ERR,ERR,ERR,ERR,ERR,ERR,ERR,ERR,ERR,ERR,ERR,ERR,ERR,ERR,ERR,ERR,ERR,ERR,ERR,ERR,ERR,ERR,ERR,ERR,ERR,ERR,ERR,ERR,ERR,ERR,ERR,ERR,ERR,ERR,ERR,ERR,ERR,ERR,ERR,ERR,ERR,ERR,ERR,ERR,ERR,-107615240.0,0.0,-117832800.0,0.0,0.0,0.0,0.0,nan,0,0,0,32768,0,0.0,0,0.0,0.0,0.0,0.0,0.0,0,0,0,0,0.0,0,0,0,0,0,0,0,0,0,0,0,0,0,0,0,0,0,0,0,0,0,0,0,0,0,0,0,0,0,0,0,0,0,0,0,0,0,0,0,0,0,0,0,0,0.0,0.0,0.0,0.0,0.0,0.0,0.0,0.0,0.0,0.0,0.0,0.0,0.0,0.0,0.0,0.0,0.0,0.0,0.0,0.0,0.0,0.0,-0.0,-0.0,0.0,-0.0,0.0,0.0,0.0,0.0,3369.0,-0.0,0.0,0.0,0.0,-0.0,2.7184274988523002e+23,0.0,0.0,0.0,0.0,0,-3.222024165466893e+26,-71.629,0.0,0.0,0.0,0.0,0.0,0.0,0.0,0,0,0,0.0,0.0,0.0,0.0,0.0,0.0,0.0,0.0,0.0,0.0,0.0,0.0,0.0,0.0,0.0,0.0,0,-107875648.0,0,0.0,0,-107875648.0,-107877712.0,0,52429,17038,0,17053,26215,17037,0,0,0,110,100,100,0.0,64.0,0.0,64.9,-107615304.0,68.5,1,49,50,180,0,13107,0,0,0.0,0.0,0.0,0.0,0.0,65.5,0.0,-0.0,0.0,645,0,686,0,0,0,714,0,785,0,708,0,689,0,645,0,641,0,618,0.032,36962304.0,-0.0,0.0,2448,16789,0.0,-377359.781,0.0,-2756584.25,0.0,4.67167509136387e+21,29.0,60.0,70,0.0,0.0,0.0,0.0,0.0,0.0,0.0,0.0,0.0,0.0,0.0,0.0,0.0,0.0,0.0,0.0,59.2,68,11,65509,41,65476,0,300,0,0,8,20529,65476,0,0,61604,60.0,0.0,0.0,0.0,0.0,0.0
2026-04-04T11:45:07,ERR,ERR,ERR,ERR,ERR,ERR,ERR,ERR,ERR,ERR,ERR,ERR,ERR,ERR,ERR,ERR,ERR,ERR,ERR,ERR,ERR,ERR,ERR,ERR,ERR,ERR,ERR,ERR,ERR,ERR,ERR,ERR,ERR,ERR,ERR,ERR,ERR,ERR,ERR,ERR,ERR,ERR,ERR,ERR,ERR,ERR,ERR,ERR,ERR,ERR,ERR,ERR,ERR,ERR,ERR,ERR,ERR,ERR,ERR,ERR,ERR,ERR,ERR,ERR,ERR,ERR,ERR,ERR,ERR,ERR,ERR,ERR,ERR,ERR,ERR,ERR,ERR,ERR,ERR,ERR,ERR,ERR,ERR,ERR,ERR,ERR,ERR,ERR,ERR,ERR,ERR,ERR,ERR,ERR,ERR,ERR,ERR,ERR,ERR,ERR,ERR,ERR,ERR,ERR,ERR,ERR,ERR,ERR,ERR,ERR,ERR,ERR,ERR,ERR,ERR,ERR,ERR,ERR,ERR,ERR,ERR,ERR,ERR,ERR,ERR,-107615240.0,0.0,-117832800.0,0.0,0.0,0.0,0.0,nan,0,0,0,32768,0,0.0,0,0.0,0.0,0.0,0.0,0.0,0,0,0,0,0.0,0,0,0,0,0,0,0,0,0,0,0,0,0,0,0,0,0,0,0,0,0,0,0,0,0,0,0,0,0,0,0,0,0,0,0,0,0,0,0,0,0,0,0,0,0.0,0.0,0.0,0.0,0.0,0.0,0.0,0.0,0.0,0.0,0.0,0.0,0.0,0.0,0.0,0.0,0.0,0.0,0.0,0.0,0.0,0.0,-0.0,-0.0,0.0,-0.0,0.0,0.0,0.0,0.0,3369.0,-0.0,0.0,0.0,0.0,-0.0,2.7184274988523002e+23,0.0,0.0,0.0,0.0,0,-3.222024165466893e+26,-71.629,0.0,0.0,0.0,0.0,0.0,0.0,0.0,0,0,0,0.0,0.0,0.0,0.0,0.0,0.0,0.0,0.0,0.0,0.0,0.0,0.0,0.0,0.0,0.0,0.0,0,-107875648.0,0,0.0,0,-107875648.0,-107877712.0,0,52429,17038,0,17053,26215,17037,0,0,0,110,100,100,0.0,64.0,0.0,64.9,-107615304.0,68.5,1,49,50,180,0,13107,0,0,0.0,0.0,0.0,0.0,0.0,65.5,0.0,-0.0,0.0,645,0,686,0,0,0,714,0,785,0,708,0,689,0,645,0,641,0,618,0.032,36962304.0,-0.0,0.0,2448,16789,0.0,-377359.781,0.0,-2756584.25,0.0,4.67167509136387e+21,29.0,60.0,70,0.0,0.0,0.0,0.0,0.0,0.0,0.0,0.0,0.0,0.0,0.0,0.0,0.0,0.0,0.0,0.0,59.2,68,11,65509,41,65476,0,300,0,0,8,20529,65476,0,0,61604,60.0,0.0,0.0,0.0,0.0,0.0
2026-04-04T11:45:08,ERR,ERR,ERR,ERR,ERR,ERR,ERR,ERR,ERR,ERR,ERR,ERR,ERR,ERR,ERR,ERR,ERR,ERR,ERR,ERR,ERR,ERR,ERR,ERR,ERR,ERR,ERR,ERR,ERR,ERR,ERR,ERR,ERR,ERR,ERR,ERR,ERR,ERR,ERR,ERR,ERR,ERR,ERR,ERR,ERR,ERR,ERR,ERR,ERR,ERR,ERR,ERR,ERR,ERR,ERR,ERR,ERR,ERR,ERR,ERR,ERR,ERR,ERR,ERR,ERR,ERR,ERR,ERR,ERR,ERR,ERR,ERR,ERR,ERR,ERR,ERR,ERR,ERR,ERR,ERR,ERR,ERR,ERR,ERR,ERR,ERR,ERR,ERR,ERR,ERR,ERR,ERR,ERR,ERR,ERR,ERR,ERR,ERR,ERR,ERR,ERR,ERR,ERR,ERR,ERR,ERR,ERR,ERR,ERR,ERR,ERR,ERR,ERR,ERR,ERR,ERR,ERR,ERR,ERR,ERR,ERR,ERR,ERR,ERR,ERR,-107615240.0,0.0,-117832800.0,0.0,0.0,0.0,0.0,nan,0,0,0,32768,0,0.0,0,0.0,0.0,0.0,0.0,0.0,0,0,0,0,0.0,0,0,0,0,0,0,0,0,0,0,0,0,0,0,0,0,0,0,0,0,0,0,0,0,0,0,0,0,0,0,0,0,0,0,0,0,0,0,0,0,0,0,0,0,0.0,0.0,0.0,0.0,0.0,0.0,0.0,0.0,0.0,0.0,0.0,0.0,0.0,0.0,0.0,0.0,0.0,0.0,0.0,0.0,0.0,0.0,-0.0,-0.0,0.0,-0.0,0.0,0.0,0.0,0.0,3369.0,-0.0,0.0,0.0,0.0,-0.0,2.7184274988523002e+23,0.0,0.0,0.0,0.0,0,-3.222024165466893e+26,-71.629,0.0,0.0,0.0,0.0,0.0,0.0,0.0,0,0,0,0.0,0.0,0.0,0.0,0.0,0.0,0.0,0.0,0.0,0.0,0.0,0.0,0.0,0.0,0.0,0.0,0,-107875648.0,0,0.0,0,-107875648.0,-107877712.0,0,52429,17038,0,17053,39322,17037,0,0,0,110,100,100,0.0,64.0,0.0,64.9,-107615304.0,68.5,1,49,50,180,0,13107,0,0,0.0,0.0,0.0,0.0,0.0,65.5,0.0,0.0,0.0,645,0,686,0,0,0,714,0,785,0,708,0,689,0,645,0,640,0,618,0.032,36962304.0,-0.0,0.0,14608,16789,0.0,0.0,0.0,0.0,0.0,9.505301005230908e+25,29.0,60.0,70,0.0,0.0,0.0,0.0,0.0,0.0,0.0,0.0,0.0,0.0,0.0,0.0,0.0,0.0,0.0,0.0,59.2,68,11,65509,41,65476,0,300,0,0,8,20529,65476,0,0,61604,60.0,0.0,0.0,0.0,0.0,0.0
2026-04-04T11:45:09,ERR,ERR,ERR,ERR,ERR,ERR,ERR,ERR,ERR,ERR,ERR,ERR,ERR,ERR,ERR,ERR,ERR,ERR,ERR,ERR,ERR,ERR,ERR,ERR,ERR,ERR,ERR,ERR,ERR,ERR,ERR,ERR,ERR,ERR,ERR,ERR,ERR,ERR,ERR,ERR,ERR,ERR,ERR,ERR,ERR,ERR,ERR,ERR,ERR,ERR,ERR,ERR,ERR,ERR,ERR,ERR,ERR,ERR,ERR,ERR,ERR,ERR,ERR,ERR,ERR,ERR,ERR,ERR,ERR,ERR,ERR,ERR,ERR,ERR,ERR,ERR,ERR,ERR,ERR,ERR,ERR,ERR,ERR,ERR,ERR,ERR,ERR,ERR,ERR,ERR,ERR,ERR,ERR,ERR,ERR,ERR,ERR,ERR,ERR,ERR,ERR,ERR,ERR,ERR,ERR,ERR,ERR,ERR,ERR,ERR,ERR,ERR,ERR,ERR,ERR,ERR,ERR,ERR,ERR,ERR,ERR,ERR,ERR,ERR,ERR,-107615240.0,0.0,-117832800.0,0.0,0.0,0.0,0.0,nan,0,0,0,32768,0,0.0,0,0.0,0.0,0.0,0.0,0.0,0,0,0,0,0.0,0,0,0,0,0,0,0,0,0,0,0,0,0,0,0,0,0,0,0,0,0,0,0,0,0,0,0,0,0,0,0,0,0,0,0,0,0,0,0,0,0,0,0,0,0.0,0.0,0.0,0.0,0.0,0.0,0.0,0.0,0.0,0.0,0.0,0.0,0.0,0.0,0.0,0.0,0.0,0.0,0.0,0.0,0.0,0.0,-0.0,-0.0,0.0,-0.0,0.0,0.0,0.0,0.0,3369.0,-0.0,0.0,0.0,0.0,-0.0,2.7184274988523002e+23,0.0,0.0,0.0,0.0,0,-3.222024165466893e+26,-71.629,0.0,0.0,0.0,0.0,0.0,0.0,0.0,0,0,0,0.0,0.0,0.0,0.0,0.0,0.0,0.0,0.0,0.0,0.0,0.0,0.0,0.0,0.0,0.0,0.0,0,-107875648.0,0,0.0,0,-107875648.0,-107877712.0,0,52429,17038,0,17053,39322,17037,0,0,0,110,100,100,0.0,64.0,0.0,64.9,-107615304.0,68.5,1,49,50,180,0,13107,0,0,0.0,0.0,0.0,0.0,0.0,65.5,0.0,0.0,0.0,645,0,686,0,0,0,714,0,785,0,708,0,689,0,645,0,640,0,618,0.032,36962304.0,-0.0,0.0,14608,16789,0.0,0.0,0.0,0.0,0.0,9.505301005230908e+25,29.0,60.0,70,0.0,0.0,0.0,0.0,0.0,0.0,0.0,0.0,0.0,0.0,0.0,0.0,0.0,0.0,0.0,0.0,59.2,68,11,65509,41,65476,0,300,0,0,8,20529,65476,0,0,61604,60.0,0.0,0.0,0.0,0.0,0.0
2026-04-04T11:45:10,ERR,ERR,ERR,ERR,ERR,ERR,ERR,ERR,ERR,ERR,ERR,ERR,ERR,ERR,ERR,ERR,ERR,ERR,ERR,ERR,ERR,ERR,ERR,ERR,ERR,ERR,ERR,ERR,ERR,ERR,ERR,ERR,ERR,ERR,ERR,ERR,ERR,ERR,ERR,ERR,ERR,ERR,ERR,ERR,ERR,ERR,ERR,ERR,ERR,ERR,ERR,ERR,ERR,ERR,ERR,ERR,ERR,ERR,ERR,ERR,ERR,ERR,ERR,ERR,ERR,ERR,ERR,ERR,ERR,ERR,ERR,ERR,ERR,ERR,ERR,ERR,ERR,ERR,ERR,ERR,ERR,ERR,ERR,ERR,ERR,ERR,ERR,ERR,ERR,ERR,ERR,ERR,ERR,ERR,ERR,ERR,ERR,ERR,ERR,ERR,ERR,ERR,ERR,ERR,ERR,ERR,ERR,ERR,ERR,ERR,ERR,ERR,ERR,ERR,ERR,ERR,ERR,ERR,ERR,ERR,ERR,ERR,ERR,ERR,ERR,-107615240.0,0.0,-117832800.0,0.0,0.0,0.0,0.0,nan,0,0,0,32768,0,0.0,0,0.0,0.0,0.0,0.0,0.0,0,0,0,0,0.0,0,0,0,0,0,0,0,0,0,0,0,0,0,0,0,0,0,0,0,0,0,0,0,0,0,0,0,0,0,0,0,0,0,0,0,0,0,0,0,0,0,0,0,0,0.0,0.0,0.0,0.0,0.0,0.0,0.0,0.0,0.0,0.0,0.0,0.0,0.0,0.0,0.0,0.0,0.0,0.0,0.0,0.0,0.0,0.0,-0.0,-0.0,0.0,-0.0,0.0,0.0,0.0,0.0,3369.0,-0.0,0.0,0.0,0.0,-0.0,2.7184274988523002e+23,0.0,0.0,0.0,0.0,0,-3.222024165466893e+26,-71.629,0.0,0.0,0.0,0.0,0.0,0.0,0.0,0,0,0,0.0,0.0,0.0,0.0,0.0,0.0,0.0,0.0,0.0,0.0,0.0,0.0,0.0,0.0,0.0,0.0,0,-107875648.0,0,0.0,0,-107875648.0,-107877712.0,0,52429,17038,0,17053,39322,17037,0,0,0,110,100,100,0.0,64.0,0.0,64.9,-107615304.0,68.5,1,49,50,180,0,13107,0,0,0.0,0.0,0.0,0.0,0.0,65.5,0.0,0.0,0.0,645,0,686,0,0,0,714,0,785,0,708,0,689,0,645,0,640,0,618,0.032,36962304.0,-0.0,0.0,14608,16789,0.0,0.0,0.0,0.0,0.0,9.505301005230908e+25,29.0,60.0,70,0.0,0.0,0.0,0.0,0.0,0.0,0.0,0.0,0.0,0.0,0.0,0.0,0.0,0.0,0.0,0.0,59.2,68,11,65509,41,65476,0,300,0,0,8,20529,65476,0,0,61604,60.0,0.0,0.0,0.0,0.0,0.0
2026-04-04T11:45:11,ERR,ERR,ERR,ERR,ERR,ERR,ERR,ERR,ERR,ERR,ERR,ERR,ERR,ERR,ERR,ERR,ERR,ERR,ERR,ERR,ERR,ERR,ERR,ERR,ERR,ERR,ERR,ERR,ERR,ERR,ERR,ERR,ERR,ERR,ERR,ERR,ERR,ERR,ERR,ERR,ERR,ERR,ERR,ERR,ERR,ERR,ERR,ERR,ERR,ERR,ERR,ERR,ERR,ERR,ERR,ERR,ERR,ERR,ERR,ERR,ERR,ERR,ERR,ERR,ERR,ERR,ERR,ERR,ERR,ERR,ERR,ERR,ERR,ERR,ERR,ERR,ERR,ERR,ERR,ERR,ERR,ERR,ERR,ERR,ERR,ERR,ERR,ERR,ERR,ERR,ERR,ERR,ERR,ERR,ERR,ERR,ERR,ERR,ERR,ERR,ERR,ERR,ERR,ERR,ERR,ERR,ERR,ERR,ERR,ERR,ERR,ERR,ERR,ERR,ERR,ERR,ERR,ERR,ERR,ERR,ERR,ERR,ERR,ERR,ERR,0.0,0.0,-0.0,0.0,0.0,0.0,0.0,nan,0,0,0,32768,0,0.0,0,0.0,0.0,0.0,0.0,0.0,0,0,0,0,0.0,0,0,0,0,0,0,0,0,0,0,0,0,0,0,0,0,0,0,0,0,0,0,0,0,0,0,0,0,0,0,0,0,0,0,0,0,0,0,0,0,0,0,0,0,0.0,0.0,0.0,0.0,0.0,0.0,0.0,0.0,0.0,0.0,0.0,0.0,0.0,0.0,0.0,0.0,0.0,0.0,0.0,0.0,0.0,0.0,-0.0,-0.0,-2.004,-0.0,0.0,0.0,0.0,0.0,3370.0,2.004,0.0,0.0,0.0,-0.0,2.7184274988523002e+23,0.0,0.0,0.0,0.0,0,-3.222024165466893e+26,-0.0,0.0,0.0,0.0,0.0,0.0,0.0,0.0,0,0,0,0.0,0.0,0.0,0.0,0.0,0.0,0.0,0.0,0.0,0.0,0.0,0.0,0.0,0.0,0.0,0.0,0,-107875648.0,0,0.0,0,-107875648.0,-107877712.0,0,52429,17038,0,17053,39322,17037,0,0,0,110,100,100,0.0,64.0,0.0,64.9,-107615304.0,68.5,1,49,50,180,0,13107,0,0,0.0,0.0,0.0,0.0,0.0,65.5,0.0,0.0,0.0,645,0,686,0,0,0,714,0,785,0,708,0,689,0,645,0,640,0,618,0.032,36962304.0,-0.0,0.0,14608,16789,0.0,0.0,0.0,0.0,0.0,9.505301005230908e+25,29.0,60.0,70,0.0,0.0,0.0,0.0,0.0,0.0,0.0,0.0,0.0,0.0,0.0,0.0,0.0,0.0,0.0,0.0,59.2,68,11,65509,41,65476,0,300,0,0,8,20529,65476,0,0,61604,60.0,0.0,0.0,0.0,0.0,0.0
2026-04-04T11:45:12,ERR,ERR,ERR,ERR,ERR,ERR,ERR,ERR,ERR,ERR,ERR,ERR,ERR,ERR,ERR,ERR,ERR,ERR,ERR,ERR,ERR,ERR,ERR,ERR,ERR,ERR,ERR,ERR,ERR,ERR,ERR,ERR,ERR,ERR,ERR,ERR,ERR,ERR,ERR,ERR,ERR,ERR,ERR,ERR,ERR,ERR,ERR,ERR,ERR,ERR,ERR,ERR,ERR,ERR,ERR,ERR,ERR,ERR,ERR,ERR,ERR,ERR,ERR,ERR,ERR,ERR,ERR,ERR,ERR,ERR,ERR,ERR,ERR,ERR,ERR,ERR,ERR,ERR,ERR,ERR,ERR,ERR,ERR,ERR,ERR,ERR,ERR,ERR,ERR,ERR,ERR,ERR,ERR,ERR,ERR,ERR,ERR,ERR,ERR,ERR,ERR,ERR,ERR,ERR,ERR,ERR,ERR,ERR,ERR,ERR,ERR,ERR,ERR,ERR,ERR,ERR,ERR,ERR,ERR,ERR,ERR,ERR,ERR,ERR,ERR,0.0,0.0,-0.0,0.0,0.0,0.0,0.0,nan,0,0,0,32768,0,0.0,0,0.0,0.0,0.0,0.0,0.0,0,0,0,0,0.0,0,0,0,0,0,0,0,0,0,0,0,0,0,0,0,0,0,0,0,0,0,0,0,0,0,0,0,0,0,0,0,0,0,0,0,0,0,0,0,0,0,0,0,0,0.0,0.0,0.0,0.0,0.0,0.0,0.0,0.0,0.0,0.0,0.0,0.0,0.0,0.0,0.0,0.0,0.0,0.0,0.0,0.0,0.0,0.0,-0.0,-0.0,-2.004,-0.0,0.0,0.0,0.0,0.0,3370.0,2.004,0.0,0.0,0.0,-0.0,2.7184274988523002e+23,0.0,0.0,0.0,0.0,0,-3.222024165466893e+26,-0.0,0.0,0.0,0.0,0.0,0.0,0.0,0.0,0,0,0,0.0,0.0,0.0,0.0,0.0,0.0,0.0,0.0,0.0,0.0,0.0,0.0,0.0,0.0,0.0,0.0,0,-107875648.0,0,0.0,0,-107875648.0,-107877712.0,0,52429,17038,0,17053,39322,17037,0,0,0,110,100,100,0.0,64.0,0.0,64.9,-107615304.0,68.5,1,49,50,180,0,13107,0,0,0.0,0.0,0.0,0.0,0.0,65.5,0.0,0.0,0.0,645,0,686,0,0,0,714,0,785,0,708,0,689,0,645,0,640,0,618,0.032,37224448.0,-0.0,0.0,10640,16789,0.0,17824.988,-0.0,-0.0,1.1908303753350593e+27,-63686852608.0,29.0,60.0,70,0.0,0.0,0.0,0.0,0.0,0.0,0.0,0.0,0.0,0.0,0.0,0.0,0.0,0.0,0.0,0.0,59.6,68,11,65509,41,65476,0,300,0,0,8,20529,65476,0,0,61604,60.0,0.0,0.0,0.0,0.0,0.0
2026-04-04T11:45:13,ERR,ERR,ERR,ERR,ERR,ERR,ERR,ERR,ERR,ERR,ERR,ERR,ERR,ERR,ERR,ERR,ERR,ERR,ERR,ERR,ERR,ERR,ERR,ERR,ERR,ERR,ERR,ERR,ERR,ERR,ERR,ERR,ERR,ERR,ERR,ERR,ERR,ERR,ERR,ERR,ERR,ERR,ERR,ERR,ERR,ERR,ERR,ERR,ERR,ERR,ERR,ERR,ERR,ERR,ERR,ERR,ERR,ERR,ERR,ERR,ERR,ERR,ERR,ERR,ERR,ERR,ERR,ERR,ERR,ERR,ERR,ERR,ERR,ERR,ERR,ERR,ERR,ERR,ERR,ERR,ERR,ERR,ERR,ERR,ERR,ERR,ERR,ERR,ERR,ERR,ERR,ERR,ERR,ERR,ERR,ERR,ERR,ERR,ERR,ERR,ERR,ERR,ERR,ERR,ERR,ERR,ERR,ERR,ERR,ERR,ERR,ERR,ERR,ERR,ERR,ERR,ERR,ERR,ERR,ERR,ERR,ERR,ERR,ERR,ERR,0.0,0.0,-0.0,0.0,0.0,0.0,0.0,nan,0,0,0,32768,0,0.0,0,0.0,0.0,0.0,0.0,0.0,0,0,0,0,0.0,0,0,0,0,0,0,0,0,0,0,0,0,0,0,0,0,0,0,0,0,0,0,0,0,0,0,0,0,0,0,0,0,0,0,0,0,0,0,0,0,0,0,0,0,0.0,0.0,0.0,0.0,0.0,0.0,0.0,0.0,0.0,0.0,0.0,0.0,0.0,0.0,0.0,0.0,0.0,0.0,0.0,0.0,0.0,0.0,-0.0,-0.0,-2.004,-0.0,0.0,0.0,0.0,0.0,3370.0,2.004,0.0,0.0,0.0,-0.0,2.7184274988523002e+23,0.0,0.0,0.0,0.0,0,-3.222024165466893e+26,-0.0,0.0,0.0,0.0,0.0,0.0,0.0,0.0,0,0,0,0.0,0.0,0.0,0.0,0.0,0.0,0.0,0.0,0.0,0.0,0.0,0.0,0.0,0.0,0.0,0.0,0,-107875648.0,0,0.0,0,-107875648.0,-107877712.0,0,52429,17038,0,17053,39322,17037,0,0,0,110,100,100,0.0,64.0,0.0,64.9,-107615304.0,68.5,1,49,50,180,0,13107,0,0,0.0,0.0,0.0,0.0,0.0,65.5,0.0,0.0,0.0,645,0,686,0,0,0,714,0,785,0,708,0,689,0,645,0,640,0,618,0.032,37224448.0,-0.0,0.0,10640,16789,0.0,17824.988,-0.0,-0.0,1.1908303753350593e+27,-63686852608.0,29.0,60.0,70,0.0,0.0,0.0,0.0,0.0,0.0,0.0,0.0,0.0,0.0,0.0,0.0,0.0,0.0,0.0,0.0,59.6,68,11,65509,41,65476,0,300,0,0,8,20529,65476,0,0,61604,60.0,0.0,0.0,0.0,0.0,0.0
2026-04-04T11:45:14,ERR,ERR,ERR,ERR,ERR,ERR,ERR,ERR,ERR,ERR,ERR,ERR,ERR,ERR,ERR,ERR,ERR,ERR,ERR,ERR,ERR,ERR,ERR,ERR,ERR,ERR,ERR,ERR,ERR,ERR,ERR,ERR,ERR,ERR,ERR,ERR,ERR,ERR,ERR,ERR,ERR,ERR,ERR,ERR,ERR,ERR,ERR,ERR,ERR,ERR,ERR,ERR,ERR,ERR,ERR,ERR,ERR,ERR,ERR,ERR,ERR,ERR,ERR,ERR,ERR,ERR,ERR,ERR,ERR,ERR,ERR,ERR,ERR,ERR,ERR,ERR,ERR,ERR,ERR,ERR,ERR,ERR,ERR,ERR,ERR,ERR,ERR,ERR,ERR,ERR,ERR,ERR,ERR,ERR,ERR,ERR,ERR,ERR,ERR,ERR,ERR,ERR,ERR,ERR,ERR,ERR,ERR,ERR,ERR,ERR,ERR,ERR,ERR,ERR,ERR,ERR,ERR,ERR,ERR,ERR,ERR,ERR,ERR,ERR,ERR,0.0,0.0,-0.0,0.0,0.0,0.0,0.0,nan,0,0,0,32768,0,0.0,0,0.0,0.0,0.0,0.0,0.0,0,0,0,0,0.0,0,0,0,0,0,0,0,0,0,0,0,0,0,0,0,0,0,0,0,0,0,0,0,0,0,0,0,0,0,0,0,0,0,0,0,0,0,0,0,0,0,0,0,0,0.0,0.0,0.0,0.0,0.0,0.0,0.0,0.0,0.0,0.0,0.0,0.0,0.0,0.0,0.0,0.0,0.0,0.0,0.0,0.0,0.0,0.0,-0.0,-0.0,-2.004,-0.0,0.0,0.0,0.0,0.0,3370.0,2.004,0.0,0.0,0.0,-0.0,2.7184274988523002e+23,0.0,0.0,0.0,0.0,0,-3.222024165466893e+26,-0.0,0.0,0.0,0.0,0.0,0.0,0.0,0.0,0,0,0,0.0,0.0,0.0,0.0,0.0,0.0,0.0,0.0,0.0,0.0,0.0,0.0,0.0,0.0,0.0,0.0,0,-107875648.0,0,0.0,0,-107875648.0,-107877712.0,0,52429,17038,0,17053,39322,17037,0,0,0,110,100,100,0.0,64.0,0.0,64.9,-107615304.0,68.5,1,49,50,180,0,13107,0,0,0.0,0.0,0.0,0.0,0.0,65.5,0.0,0.0,0.0,645,0,686,0,0,0,714,0,785,0,708,0,689,0,645,0,640,0,618,0.032,37224448.0,-0.0,0.0,10640,16789,0.0,17824.988,-0.0,-0.0,1.1908303753350593e+27,-63686852608.0,29.0,60.0,70,0.0,0.0,0.0,0.0,0.0,0.0,0.0,0.0,0.0,0.0,0.0,0.0,0.0,0.0,0.0,0.0,59.6,68,11,65509,41,65476,0,300,0,0,8,20529,65476,0,0,61604,60.0,0.0,0.0,0.0,0.0,0.0
2026-04-04T11:45:15,ERR,ERR,ERR,ERR,ERR,ERR,ERR,ERR,ERR,ERR,ERR,ERR,ERR,ERR,ERR,ERR,ERR,ERR,ERR,ERR,ERR,ERR,ERR,ERR,ERR,ERR,ERR,ERR,ERR,ERR,ERR,ERR,ERR,ERR,ERR,ERR,ERR,ERR,ERR,ERR,ERR,ERR,ERR,ERR,ERR,ERR,ERR,ERR,ERR,ERR,ERR,ERR,ERR,ERR,ERR,ERR,ERR,ERR,ERR,ERR,ERR,ERR,ERR,ERR,ERR,ERR,ERR,ERR,ERR,ERR,ERR,ERR,ERR,ERR,ERR,ERR,ERR,ERR,ERR,ERR,ERR,ERR,ERR,ERR,ERR,ERR,ERR,ERR,ERR,ERR,ERR,ERR,ERR,ERR,ERR,ERR,ERR,ERR,ERR,ERR,ERR,ERR,ERR,ERR,ERR,ERR,ERR,ERR,ERR,ERR,ERR,ERR,ERR,ERR,ERR,ERR,ERR,ERR,ERR,ERR,ERR,ERR,ERR,ERR,ERR,0.0,0.0,-0.0,0.0,0.0,0.0,0.0,nan,0,0,0,32768,0,0.0,0,0.0,0.0,0.0,0.0,0.0,0,0,0,0,0.0,0,0,0,0,0,0,0,0,0,0,0,0,0,0,0,0,0,0,0,0,0,0,0,0,0,0,0,0,0,0,0,0,0,0,0,0,0,0,0,0,0,0,0,0,0.0,0.0,0.0,0.0,0.0,0.0,0.0,0.0,0.0,0.0,0.0,0.0,0.0,0.0,0.0,0.0,0.0,0.0,0.0,0.0,0.0,0.0,-0.0,-0.0,-2.004,-0.0,0.0,0.0,0.0,0.0,3370.0,2.004,0.0,0.0,0.0,-0.0,2.7184274988523002e+23,0.0,0.0,0.0,0.0,0,-3.222024165466893e+26,-0.0,0.0,0.0,0.0,0.0,0.0,0.0,0.0,0,0,0,0.0,0.0,0.0,0.0,0.0,0.0,0.0,0.0,0.0,0.0,0.0,0.0,0.0,0.0,0.0,0.0,0,-107875648.0,0,0.0,0,-107875648.0,-107877712.0,0,52429,17038,0,17053,39322,17037,0,0,0,110,100,100,0.0,64.0,0.0,64.9,-107615304.0,68.5,1,49,50,180,0,13107,0,0,0.0,0.0,0.0,0.0,0.0,65.5,0.0,0.0,0.0,645,0,686,0,0,0,714,0,785,0,708,0,689,0,645,0,640,0,618,0.032,37224448.0,-0.0,0.0,10640,16789,0.0,17824.988,-0.0,-0.0,1.1908303753350593e+27,-63686852608.0,29.0,60.0,70,0.0,0.0,0.0,0.0,0.0,0.0,0.0,0.0,0.0,0.0,0.0,0.0,0.0,0.0,0.0,0.0,59.2,68,11,65509,41,65476,0,300,0,0,8,20529,65476,0,0,61604,60.0,0.0,0.0,0.0,0.0,0.0
2026-04-04T11:45:16,ERR,ERR,ERR,ERR,ERR,ERR,ERR,ERR,ERR,ERR,ERR,ERR,ERR,ERR,ERR,ERR,ERR,ERR,ERR,ERR,ERR,ERR,ERR,ERR,ERR,ERR,ERR,ERR,ERR,ERR,ERR,ERR,ERR,ERR,ERR,ERR,ERR,ERR,ERR,ERR,ERR,ERR,ERR,ERR,ERR,ERR,ERR,ERR,ERR,ERR,ERR,ERR,ERR,ERR,ERR,ERR,ERR,ERR,ERR,ERR,ERR,ERR,ERR,ERR,ERR,ERR,ERR,ERR,ERR,ERR,ERR,ERR,ERR,ERR,ERR,ERR,ERR,ERR,ERR,ERR,ERR,ERR,ERR,ERR,ERR,ERR,ERR,ERR,ERR,ERR,ERR,ERR,ERR,ERR,ERR,ERR,ERR,ERR,ERR,ERR,ERR,ERR,ERR,ERR,ERR,ERR,ERR,ERR,ERR,ERR,ERR,ERR,ERR,ERR,ERR,ERR,ERR,ERR,ERR,ERR,ERR,ERR,ERR,ERR,ERR,0.0,0.0,-0.0,0.0,0.0,0.0,0.0,nan,0,0,0,32768,0,0.0,0,0.0,0.0,0.0,0.0,0.0,0,0,0,0,0.0,0,0,0,0,0,0,0,0,0,0,0,0,0,0,0,0,0,0,0,0,0,0,0,0,0,0,0,0,0,0,0,0,0,0,0,0,0,0,0,0,0,0,0,0,0.0,0.0,0.0,0.0,0.0,0.0,0.0,0.0,0.0,0.0,0.0,0.0,0.0,0.0,0.0,0.0,0.0,0.0,0.0,0.0,0.0,0.0,-0.0,-0.0,-2.004,-0.0,0.0,0.0,0.0,0.0,3370.0,2.004,0.0,0.0,0.0,-0.0,2.7184274988523002e+23,0.0,0.0,0.0,0.0,0,-3.222024165466893e+26,-0.0,0.0,0.0,0.0,0.0,0.0,0.0,0.0,0,0,0,0.0,0.0,0.0,0.0,0.0,0.0,0.0,0.0,0.0,0.0,0.0,0.0,0.0,0.0,0.0,0.0,0,-107875648.0,0,0.0,0,-107875648.0,-107877712.0,0,52429,17038,0,17053,39322,17037,0,0,0,110,100,100,0.0,64.0,0.0,64.9,-107615304.0,68.5,1,49,50,180,0,13107,0,0,0.0,0.0,0.0,0.0,0.0,65.5,0.0,0.0,0.0,645,0,686,0,0,0,714,0,785,0,708,0,689,0,645,0,640,0,618,0.032,37224448.0,-0.0,0.0,10640,16789,0.0,17824.988,-0.0,-0.0,1.1908303753350593e+27,-63686852608.0,29.0,60.0,70,0.0,0.0,0.0,0.0,0.0,0.0,0.0,0.0,0.0,0.0,0.0,0.0,0.0,0.0,0.0,0.0,59.2,68,11,65509,41,65476,0,300,0,0,8,20529,65476,0,0,61604,60.0,0.0,0.0,0.0,0.0,0.0
2026-04-04T11:45:17,ERR,ERR,ERR,ERR,ERR,ERR,ERR,ERR,ERR,ERR,ERR,ERR,ERR,ERR,ERR,ERR,ERR,ERR,ERR,ERR,ERR,ERR,ERR,ERR,ERR,ERR,ERR,ERR,ERR,ERR,ERR,ERR,ERR,ERR,ERR,ERR,ERR,ERR,ERR,ERR,ERR,ERR,ERR,ERR,ERR,ERR,ERR,ERR,ERR,ERR,ERR,ERR,ERR,ERR,ERR,ERR,ERR,ERR,ERR,ERR,ERR,ERR,ERR,ERR,ERR,ERR,ERR,ERR,ERR,ERR,ERR,ERR,ERR,ERR,ERR,ERR,ERR,ERR,ERR,ERR,ERR,ERR,ERR,ERR,ERR,ERR,ERR,ERR,ERR,ERR,ERR,ERR,ERR,ERR,ERR,ERR,ERR,ERR,ERR,ERR,ERR,ERR,ERR,ERR,ERR,ERR,ERR,ERR,ERR,ERR,ERR,ERR,ERR,ERR,ERR,ERR,ERR,ERR,ERR,ERR,ERR,ERR,ERR,ERR,ERR,0.0,0.0,-0.0,0.0,0.0,0.0,0.0,nan,0,0,0,32768,0,0.0,0,0.0,0.0,0.0,0.0,0.0,0,0,0,0,0.0,0,0,0,0,0,0,0,0,0,0,0,0,0,0,0,0,0,0,0,0,0,0,0,0,0,0,0,0,0,0,0,0,0,0,0,0,0,0,0,0,0,0,0,0,0.0,0.0,0.0,0.0,0.0,0.0,0.0,0.0,0.0,0.0,0.0,0.0,0.0,0.0,0.0,0.0,0.0,0.0,0.0,0.0,0.0,0.0,-0.0,-0.0,-2.004,-0.0,0.0,0.0,0.0,0.0,3370.0,2.004,0.0,0.0,0.0,-0.0,2.7184274988523002e+23,0.0,0.0,0.0,0.0,0,-3.222024165466893e+26,-0.0,0.0,0.0,0.0,0.0,0.0,0.0,0.0,0,0,0,0.0,0.0,0.0,0.0,0.0,0.0,0.0,0.0,0.0,0.0,0.0,0.0,0.0,0.0,0.0,0.0,0,-107875648.0,0,0.0,0,-107875648.0,-107877712.0,0,52429,17038,0,17053,39322,17037,0,0,0,110,100,100,0.0,64.0,0.0,64.9,-107615304.0,68.5,1,49,50,180,0,13107,0,0,0.0,0.0,0.0,0.0,0.0,65.5,0.0,2.8078235565799892e+26,0.0,645,0,686,0,0,0,714,0,785,0,708,0,689,0,645,0,640,0,618,0.032,36962304.0,-0.0,0.0,18576,16789,0.0,-0.0,1.1066712760283847e+33,-1.2766170708060496e+29,17403753791488.0,-0.0,29.0,60.0,70,0.0,0.0,0.0,0.0,0.0,0.0,0.0,0.0,0.0,0.0,0.0,0.0,0.0,0.0,0.0,0.0,59.2,68,11,65509,41,65476,0,300,0,0,8,20529,65476,0,0,61604,60.0,0.0,0.0,0.0,0.0,0.0
2026-04-04T11:45:18,ERR,ERR,ERR,ERR,ERR,ERR,ERR,ERR,ERR,ERR,ERR,ERR,ERR,ERR,ERR,ERR,ERR,ERR,ERR,ERR,ERR,ERR,ERR,ERR,ERR,ERR,ERR,ERR,ERR,ERR,ERR,ERR,ERR,ERR,ERR,ERR,ERR,ERR,ERR,ERR,ERR,ERR,ERR,ERR,ERR,ERR,ERR,ERR,ERR,ERR,ERR,ERR,ERR,ERR,ERR,ERR,ERR,ERR,ERR,ERR,ERR,ERR,ERR,ERR,ERR,ERR,ERR,ERR,ERR,ERR,ERR,ERR,ERR,ERR,ERR,ERR,ERR,ERR,ERR,ERR,ERR,ERR,ERR,ERR,ERR,ERR,ERR,ERR,ERR,ERR,ERR,ERR,ERR,ERR,ERR,ERR,ERR,ERR,ERR,ERR,ERR,ERR,ERR,ERR,ERR,ERR,ERR,ERR,ERR,ERR,ERR,ERR,ERR,ERR,ERR,ERR,ERR,ERR,ERR,ERR,ERR,ERR,ERR,ERR,ERR,0.0,0.0,-0.0,0.0,0.0,0.0,0.0,nan,0,0,0,32768,0,0.0,0,0.0,0.0,0.0,0.0,0.0,0,0,0,0,0.0,0,0,0,0,0,0,0,0,0,0,0,0,0,0,0,0,0,0,0,0,0,0,0,0,0,0,0,0,0,0,0,0,0,0,0,0,0,0,0,0,0,0,0,0,0.0,0.0,0.0,0.0,0.0,0.0,0.0,0.0,0.0,0.0,0.0,0.0,0.0,0.0,0.0,0.0,0.0,0.0,0.0,0.0,0.0,0.0,-0.0,-0.0,-2.004,-0.0,0.0,0.0,0.0,0.0,3366.5,0.0,0.0,0.0,0.0,-0.0,2.7184274988523002e+23,0.0,0.0,0.0,0.0,0,-126841012224.0,-0.0,0.0,0.0,0.0,0.0,0.0,0.0,0.0,0,0,0,0.0,0.0,0.0,0.0,0.0,0.0,0.0,0.0,0.0,0.0,0.0,0.0,0.0,0.0,0.0,0.0,0,-107875648.0,0,0.0,0,-107875648.0,-107877712.0,0,52429,17038,0,17053,39322,17037,0,0,0,110,100,100,0.0,64.0,0.0,64.9,-107615304.0,68.5,1,49,50,180,0,13107,0,0,0.0,0.0,0.0,0.0,0.0,65.5,0.0,2.8078235565799892e+26,0.0,645,0,686,0,0,0,714,0,785,0,708,0,689,0,645,0,640,0,618,0.032,36962304.0,-0.0,0.0,18576,16789,0.0,-0.0,1.1066712760283847e+33,-1.2766170708060496e+29,17403753791488.0,-0.0,29.0,60.0,70,0.0,0.0,0.0,0.0,0.0,0.0,0.0,0.0,0.0,0.0,0.0,0.0,0.0,0.0,0.0,0.0,59.2,68,11,65509,41,65476,0,300,0,0,8,20529,65476,0,0,61604,60.0,0.0,0.0,0.0,0.0,0.0
2026-04-04T11:45:19,ERR,ERR,ERR,ERR,ERR,ERR,ERR,ERR,ERR,ERR,ERR,ERR,ERR,ERR,ERR,ERR,ERR,ERR,ERR,ERR,ERR,ERR,ERR,ERR,ERR,ERR,ERR,ERR,ERR,ERR,ERR,ERR,ERR,ERR,ERR,ERR,ERR,ERR,ERR,ERR,ERR,ERR,ERR,ERR,ERR,ERR,ERR,ERR,ERR,ERR,ERR,ERR,ERR,ERR,ERR,ERR,ERR,ERR,ERR,ERR,ERR,ERR,ERR,ERR,ERR,ERR,ERR,ERR,ERR,ERR,ERR,ERR,ERR,ERR,ERR,ERR,ERR,ERR,ERR,ERR,ERR,ERR,ERR,ERR,ERR,ERR,ERR,ERR,ERR,ERR,ERR,ERR,ERR,ERR,ERR,ERR,ERR,ERR,ERR,ERR,ERR,ERR,ERR,ERR,ERR,ERR,ERR,ERR,ERR,ERR,ERR,ERR,ERR,ERR,ERR,ERR,ERR,ERR,ERR,ERR,ERR,ERR,ERR,ERR,ERR,0.0,0.0,-0.0,0.0,0.0,0.0,0.0,nan,0,0,0,32768,0,0.0,0,0.0,0.0,0.0,0.0,0.0,0,0,0,0,0.0,0,0,0,0,0,0,0,0,0,0,0,0,0,0,0,0,0,0,0,0,0,0,0,0,0,0,0,0,0,0,0,0,0,0,0,0,0,0,0,0,0,0,0,0,0.0,0.0,0.0,0.0,0.0,0.0,0.0,0.0,0.0,0.0,0.0,0.0,0.0,0.0,0.0,0.0,0.0,0.0,0.0,0.0,0.0,0.0,-0.0,-0.0,-2.004,-0.0,0.0,0.0,0.0,0.0,3366.5,0.0,0.0,0.0,0.0,-0.0,2.7184274988523002e+23,0.0,0.0,0.0,0.0,0,-126841012224.0,-0.0,0.0,0.0,0.0,0.0,0.0,0.0,0.0,0,0,0,0.0,0.0,0.0,0.0,0.0,0.0,0.0,0.0,0.0,0.0,0.0,0.0,0.0,0.0,0.0,0.0,0,-107875648.0,0,0.0,0,-107875648.0,-107877712.0,0,52429,17038,0,17053,39322,17037,0,0,0,110,100,100,0.0,64.0,0.0,64.9,-107615304.0,68.5,1,49,50,180,0,13107,0,0,0.0,0.0,0.0,0.0,0.0,65.5,0.0,2.8078235565799892e+26,0.0,645,0,686,0,0,0,714,0,785,0,708,0,689,0,645,0,640,0,618,0.032,36962304.0,-0.0,0.0,18576,16789,0.0,-0.0,1.1066712760283847e+33,-1.2766170708060496e+29,17403753791488.0,-0.0,29.0,60.0,70,0.0,0.0,0.0,0.0,0.0,0.0,0.0,0.0,0.0,0.0,0.0,0.0,0.0,0.0,0.0,0.0,59.2,68,11,65509,41,65476,0,300,0,0,8,20529,65476,0,0,61604,60.0,0.0,0.0,0.0,0.0,0.0
2026-04-04T11:45:20,ERR,ERR,ERR,ERR,ERR,ERR,ERR,ERR,ERR,ERR,ERR,ERR,ERR,ERR,ERR,ERR,ERR,ERR,ERR,ERR,ERR,ERR,ERR,ERR,ERR,ERR,ERR,ERR,ERR,ERR,ERR,ERR,ERR,ERR,ERR,ERR,ERR,ERR,ERR,ERR,ERR,ERR,ERR,ERR,ERR,ERR,ERR,ERR,ERR,ERR,ERR,ERR,ERR,ERR,ERR,ERR,ERR,ERR,ERR,ERR,ERR,ERR,ERR,ERR,ERR,ERR,ERR,ERR,ERR,ERR,ERR,ERR,ERR,ERR,ERR,ERR,ERR,ERR,ERR,ERR,ERR,ERR,ERR,ERR,ERR,ERR,ERR,ERR,ERR,ERR,ERR,ERR,ERR,ERR,ERR,ERR,ERR,ERR,ERR,ERR,ERR,ERR,ERR,ERR,ERR,ERR,ERR,ERR,ERR,ERR,ERR,ERR,ERR,ERR,ERR,ERR,ERR,ERR,ERR,ERR,ERR,ERR,ERR,ERR,ERR,0.0,0.0,-0.0,0.0,0.0,0.0,0.0,nan,0,0,0,32768,0,0.0,0,0.0,0.0,0.0,0.0,0.0,0,0,0,0,0.0,0,0,0,0,0,0,0,0,0,0,0,0,0,0,0,0,0,0,0,0,0,0,0,0,0,0,0,0,0,0,0,0,0,0,0,0,0,0,0,0,0,0,0,0,0.0,0.0,0.0,0.0,0.0,0.0,0.0,0.0,0.0,0.0,0.0,0.0,0.0,0.0,0.0,0.0,0.0,0.0,0.0,0.0,0.0,0.0,-0.0,-0.0,-2.004,-0.0,0.0,0.0,0.0,0.0,3366.5,0.0,0.0,0.0,0.0,-0.0,2.7184274988523002e+23,0.0,0.0,0.0,0.0,0,-126841012224.0,-0.0,0.0,0.0,0.0,0.0,0.0,0.0,0.0,0,0,0,0.0,0.0,0.0,0.0,0.0,0.0,0.0,0.0,0.0,0.0,0.0,0.0,0.0,0.0,0.0,0.0,0,-107875648.0,0,0.0,0,-107875648.0,-107877712.0,0,52429,17038,0,17053,39322,17037,0,0,0,110,100,100,0.0,64.0,0.0,64.9,-107615304.0,68.5,1,49,50,180,0,13107,0,0,0.0,0.0,0.0,0.0,0.0,65.5,0.0,2.8078235565799892e+26,0.0,645,0,686,0,0,0,714,0,785,0,708,0,689,0,645,0,640,0,618,0.032,36962304.0,-0.0,0.0,18576,16789,0.0,-0.0,1.1066712760283847e+33,-1.2766170708060496e+29,17403753791488.0,-0.0,29.0,60.0,70,0.0,0.0,0.0,0.0,0.0,0.0,0.0,0.0,0.0,0.0,0.0,0.0,0.0,0.0,0.0,0.0,59.2,68,11,65509,41,65476,0,300,0,0,8,20529,65476,0,0,61604,60.0,0.0,0.0,0.0,0.0,0.0
2026-04-04T11:45:21,ERR,ERR,ERR,ERR,ERR,ERR,ERR,ERR,ERR,ERR,ERR,ERR,ERR,ERR,ERR,ERR,ERR,ERR,ERR,ERR,ERR,ERR,ERR,ERR,ERR,ERR,ERR,ERR,ERR,ERR,ERR,ERR,ERR,ERR,ERR,ERR,ERR,ERR,ERR,ERR,ERR,ERR,ERR,ERR,ERR,ERR,ERR,ERR,ERR,ERR,ERR,ERR,ERR,ERR,ERR,ERR,ERR,ERR,ERR,ERR,ERR,ERR,ERR,ERR,ERR,ERR,ERR,ERR,ERR,ERR,ERR,ERR,ERR,ERR,ERR,ERR,ERR,ERR,ERR,ERR,ERR,ERR,ERR,ERR,ERR,ERR,ERR,ERR,ERR,ERR,ERR,ERR,ERR,ERR,ERR,ERR,ERR,ERR,ERR,ERR,ERR,ERR,ERR,ERR,ERR,ERR,ERR,ERR,ERR,ERR,ERR,ERR,ERR,ERR,ERR,ERR,ERR,ERR,ERR,ERR,ERR,ERR,ERR,ERR,ERR,0.0,0.0,-0.0,0.0,0.0,0.0,0.0,nan,0,0,0,32768,0,0.0,0,0.0,0.0,0.0,0.0,0.0,0,0,0,0,0.0,0,0,0,0,0,0,0,0,0,0,0,0,0,0,0,0,0,0,0,0,0,0,0,0,0,0,0,0,0,0,0,0,0,0,0,0,0,0,0,0,0,0,0,0,0.0,0.0,0.0,0.0,0.0,0.0,0.0,0.0,0.0,0.0,0.0,0.0,0.0,0.0,0.0,0.0,0.0,0.0,0.0,0.0,0.0,0.0,-0.0,-0.0,-2.004,-0.0,0.0,0.0,0.0,0.0,3366.5,0.0,0.0,0.0,0.0,-0.0,2.7184274988523002e+23,0.0,0.0,0.0,0.0,0,-126841012224.0,-0.0,0.0,0.0,0.0,0.0,0.0,0.0,0.0,0,0,0,0.0,0.0,0.0,0.0,0.0,0.0,0.0,0.0,0.0,0.0,0.0,0.0,0.0,0.0,0.0,0.0,0,-107875648.0,0,0.0,0,-107875648.0,-107877712.0,0,52429,17038,0,17053,39322,17037,0,0,0,110,100,100,0.0,64.0,0.0,64.9,-107615304.0,68.5,1,49,50,180,0,13107,0,0,0.0,0.0,0.0,0.0,0.0,65.5,0.0,2.8078235565799892e+26,0.0,645,0,686,0,0,0,714,0,785,0,708,0,689,0,645,0,640,0,618,0.032,36962304.0,-0.0,0.0,18576,16789,0.0,-0.0,1.1066712760283847e+33,-1.2766170708060496e+29,17403753791488.0,-0.0,29.0,60.0,70,0.0,0.0,0.0,0.0,0.0,0.0,0.0,0.0,0.0,0.0,0.0,0.0,0.0,0.0,0.0,0.0,59.2,68,11,65509,41,65476,0,300,0,0,8,20529,65476,0,0,61604,60.0,0.0,0.0,0.0,0.0,0.0
2026-04-04T11:45:22,ERR,ERR,ERR,ERR,ERR,ERR,ERR,ERR,ERR,ERR,ERR,ERR,ERR,ERR,ERR,ERR,ERR,ERR,ERR,ERR,ERR,ERR,ERR,ERR,ERR,ERR,ERR,ERR,ERR,ERR,ERR,ERR,ERR,ERR,ERR,ERR,ERR,ERR,ERR,ERR,ERR,ERR,ERR,ERR,ERR,ERR,ERR,ERR,ERR,ERR,ERR,ERR,ERR,ERR,ERR,ERR,ERR,ERR,ERR,ERR,ERR,ERR,ERR,ERR,ERR,ERR,ERR,ERR,ERR,ERR,ERR,ERR,ERR,ERR,ERR,ERR,ERR,ERR,ERR,ERR,ERR,ERR,ERR,ERR,ERR,ERR,ERR,ERR,ERR,ERR,ERR,ERR,ERR,ERR,ERR,ERR,ERR,ERR,ERR,ERR,ERR,ERR,ERR,ERR,ERR,ERR,ERR,ERR,ERR,ERR,ERR,ERR,ERR,ERR,ERR,ERR,ERR,ERR,ERR,ERR,ERR,ERR,ERR,ERR,ERR,0.0,0.0,-0.0,0.0,0.0,0.0,0.0,nan,0,0,0,32768,0,0.0,0,0.0,0.0,0.0,0.0,0.0,0,0,0,0,0.0,0,0,0,0,0,0,0,0,0,0,0,0,0,0,0,0,0,0,0,0,0,0,0,0,0,0,0,0,0,0,0,0,0,0,0,0,0,0,0,0,0,0,0,0,0.0,0.0,0.0,0.0,0.0,0.0,0.0,0.0,0.0,0.0,0.0,0.0,0.0,0.0,0.0,0.0,0.0,0.0,0.0,0.0,0.0,0.0,-0.0,-0.0,-2.004,-0.0,0.0,0.0,0.0,0.0,3366.5,0.0,0.0,0.0,0.0,-0.0,2.7184274988523002e+23,0.0,0.0,0.0,0.0,0,-126841012224.0,-0.0,0.0,0.0,0.0,0.0,0.0,0.0,0.0,0,0,0,0.0,0.0,0.0,0.0,0.0,0.0,0.0,0.0,0.0,0.0,0.0,0.0,0.0,0.0,0.0,0.0,0,-107875648.0,0,0.0,0,-107875648.0,-107877712.0,0,52429,17038,0,17053,39322,17037,0,0,0,110,100,100,0.0,64.0,0.0,64.9,-107615304.0,68.5,1,49,50,180,0,13107,0,0,0.0,0.0,0.0,0.0,0.0,65.5,0.0,2.8078235565799892e+26,0.0,645,0,686,0,0,0,714,0,785,0,708,0,689,0,645,0,640,0,618,0.032,36962304.0,-0.0,0.0,18576,16789,0.0,-0.0,1.1066712760283847e+33,-1.2766170708060496e+29,17403753791488.0,-0.0,29.0,60.0,70,0.0,0.0,0.0,0.0,0.0,0.0,0.0,0.0,0.0,0.0,0.0,0.0,0.0,0.0,0.0,0.0,59.2,68,11,65509,41,65476,0,300,0,0,8,20529,65476,0,0,61604,60.0,0.0,0.0,0.0,0.0,0.0
2026-04-04T11:45:23,ERR,ERR,ERR,ERR,ERR,ERR,ERR,ERR,ERR,ERR,ERR,ERR,ERR,ERR,ERR,ERR,ERR,ERR,ERR,ERR,ERR,ERR,ERR,ERR,ERR,ERR,ERR,ERR,ERR,ERR,ERR,ERR,ERR,ERR,ERR,ERR,ERR,ERR,ERR,ERR,ERR,ERR,ERR,ERR,ERR,ERR,ERR,ERR,ERR,ERR,ERR,ERR,ERR,ERR,ERR,ERR,ERR,ERR,ERR,ERR,ERR,ERR,ERR,ERR,ERR,ERR,ERR,ERR,ERR,ERR,ERR,ERR,ERR,ERR,ERR,ERR,ERR,ERR,ERR,ERR,ERR,ERR,ERR,ERR,ERR,ERR,ERR,ERR,ERR,ERR,ERR,ERR,ERR,ERR,ERR,ERR,ERR,ERR,ERR,ERR,ERR,ERR,ERR,ERR,ERR,ERR,ERR,ERR,ERR,ERR,ERR,ERR,ERR,ERR,ERR,ERR,ERR,ERR,ERR,ERR,ERR,ERR,ERR,ERR,ERR,0.0,0.0,-0.0,0.0,0.0,0.0,0.0,nan,0,0,0,32768,0,0.0,0,0.0,0.0,0.0,0.0,0.0,0,0,0,0,0.0,0,0,0,0,0,0,0,0,0,0,0,0,0,0,0,0,0,0,0,0,0,0,0,0,0,0,0,0,0,0,0,0,0,0,0,0,0,0,0,0,0,0,0,0,0.0,0.0,0.0,0.0,0.0,0.0,0.0,0.0,0.0,0.0,0.0,0.0,0.0,0.0,0.0,0.0,0.0,0.0,0.0,0.0,0.0,0.0,-0.0,-0.0,-2.004,-0.0,0.0,0.0,0.0,0.0,3366.5,0.0,0.0,0.0,0.0,-0.0,2.7184274988523002e+23,0.0,0.0,0.0,0.0,0,-126841012224.0,-0.0,0.0,0.0,0.0,0.0,0.0,0.0,0.0,0,0,0,0.0,0.0,0.0,0.0,0.0,0.0,0.0,0.0,0.0,0.0,0.0,0.0,0.0,0.0,0.0,0.0,0,-107875648.0,0,0.0,0,-107875648.0,-107877712.0,0,52429,17038,0,17053,39322,17037,0,0,0,110,100,100,0.0,64.0,0.0,64.9,-107615304.0,68.5,1,49,50,180,0,13107,0,0,0.0,0.0,0.0,0.0,0.0,65.5,0.0,30112.988,0.0,645,0,686,0,0,0,714,0,785,0,708,0,689,0,645,0,640,0,618,0.032,36962304.0,-0.0,0.0,18064,16789,0.0,0.0,5.636604698610893e+16,-339196250161152.0,5960.254,-0.0,29.0,60.0,70,0.0,0.0,0.0,0.0,0.0,0.0,0.0,0.0,0.0,0.0,0.0,0.0,0.0,0.0,0.0,0.0,59.6,68,11,65509,41,65476,0,300,0,0,8,20529,65476,0,0,61604,60.0,0.0,0.0,0.0,0.0,0.0
2026-04-04T11:45:24,ERR,ERR,ERR,ERR,ERR,ERR,ERR,ERR,ERR,ERR,ERR,ERR,ERR,ERR,ERR,ERR,ERR,ERR,ERR,ERR,ERR,ERR,ERR,ERR,ERR,ERR,ERR,ERR,ERR,ERR,ERR,ERR,ERR,ERR,ERR,ERR,ERR,ERR,ERR,ERR,ERR,ERR,ERR,ERR,ERR,ERR,ERR,ERR,ERR,ERR,ERR,ERR,ERR,ERR,ERR,ERR,ERR,ERR,ERR,ERR,ERR,ERR,ERR,ERR,ERR,ERR,ERR,ERR,ERR,ERR,ERR,ERR,ERR,ERR,ERR,ERR,ERR,ERR,ERR,ERR,ERR,ERR,ERR,ERR,ERR,ERR,ERR,ERR,ERR,ERR,ERR,ERR,ERR,ERR,ERR,ERR,ERR,ERR,ERR,ERR,ERR,ERR,ERR,ERR,ERR,ERR,ERR,ERR,ERR,ERR,ERR,ERR,ERR,ERR,ERR,ERR,ERR,ERR,ERR,ERR,ERR,ERR,ERR,ERR,ERR,0.0,0.0,-0.0,0.0,0.0,0.0,0.0,nan,0,0,0,32768,0,0.0,0,0.0,0.0,0.0,0.0,0.0,0,0,0,0,0.0,0,0,0,0,0,0,0,0,0,0,0,0,0,0,0,0,0,0,0,0,0,0,0,0,0,0,0,0,0,0,0,0,0,0,0,0,0,0,0,0,0,0,0,0,0.0,0.0,0.0,0.0,0.0,0.0,0.0,0.0,0.0,0.0,0.0,0.0,0.0,0.0,0.0,0.0,0.0,0.0,0.0,0.0,0.0,0.0,-0.0,-0.0,-2.004,-0.0,0.0,0.0,0.0,0.0,3366.5,0.0,0.0,0.0,0.0,-0.0,2.7184274988523002e+23,0.0,0.0,0.0,0.0,0,-126841012224.0,-0.0,0.0,0.0,0.0,0.0,0.0,0.0,0.0,0,0,0,0.0,0.0,0.0,0.0,0.0,0.0,0.0,0.0,0.0,0.0,0.0,0.0,0.0,0.0,0.0,0.0,0,-107875648.0,0,0.0,0,-107875648.0,-107877712.0,0,52429,17038,0,17053,39322,17037,0,0,0,110,100,100,0.0,64.0,0.0,64.9,-107615304.0,68.5,1,49,50,180,0,13107,0,0,0.0,0.0,0.0,0.0,0.0,65.5,0.0,30112.988,0.0,645,0,686,0,0,0,714,0,785,0,708,0,689,0,645,0,640,0,618,0.032,36962304.0,-0.0,0.0,18064,16789,0.0,0.0,5.636604698610893e+16,-339196250161152.0,5960.254,-0.0,29.0,60.0,70,0.0,0.0,0.0,0.0,0.0,0.0,0.0,0.0,0.0,0.0,0.0,0.0,0.0,0.0,0.0,0.0,59.6,68,11,65509,41,65476,0,300,0,0,8,20529,65476,0,0,61604,60.0,0.0,0.0,0.0,0.0,0.0
2026-04-04T11:45:25,ERR,ERR,ERR,ERR,ERR,ERR,ERR,ERR,ERR,ERR,ERR,ERR,ERR,ERR,ERR,ERR,ERR,ERR,ERR,ERR,ERR,ERR,ERR,ERR,ERR,ERR,ERR,ERR,ERR,ERR,ERR,ERR,ERR,ERR,ERR,ERR,ERR,ERR,ERR,ERR,ERR,ERR,ERR,ERR,ERR,ERR,ERR,ERR,ERR,ERR,ERR,ERR,ERR,ERR,ERR,ERR,ERR,ERR,ERR,ERR,ERR,ERR,ERR,ERR,ERR,ERR,ERR,ERR,ERR,ERR,ERR,ERR,ERR,ERR,ERR,ERR,ERR,ERR,ERR,ERR,ERR,ERR,ERR,ERR,ERR,ERR,ERR,ERR,ERR,ERR,ERR,ERR,ERR,ERR,ERR,ERR,ERR,ERR,ERR,ERR,ERR,ERR,ERR,ERR,ERR,ERR,ERR,ERR,ERR,ERR,ERR,ERR,ERR,ERR,ERR,ERR,ERR,ERR,ERR,ERR,ERR,ERR,ERR,ERR,ERR,0.0,0.0,-0.0,0.0,0.0,0.0,0.0,nan,0,0,0,32768,0,0.0,0,0.0,0.0,0.0,0.0,0.0,0,0,0,0,0.0,0,0,0,0,0,0,0,0,0,0,0,0,0,0,0,0,0,0,0,0,0,0,0,0,0,0,0,0,0,0,0,0,0,0,0,0,0,0,0,0,0,0,0,0,0.0,0.0,0.0,0.0,0.0,0.0,0.0,0.0,0.0,0.0,0.0,0.0,0.0,0.0,0.0,0.0,0.0,0.0,0.0,0.0,0.0,0.0,-0.0,-0.0,-2.004,-0.0,0.0,0.0,0.0,0.0,3366.5,0.0,0.0,0.0,0.0,-0.0,2.7184274988523002e+23,0.0,0.0,0.0,0.0,0,-126841012224.0,-0.0,0.0,0.0,0.0,0.0,0.0,0.0,0.0,0,0,0,0.0,0.0,0.0,0.0,0.0,0.0,0.0,0.0,0.0,0.0,0.0,0.0,0.0,0.0,0.0,0.0,0,-107875648.0,0,0.0,0,-107875648.0,-107877712.0,0,52429,17038,0,17053,39322,17037,0,0,0,110,100,100,0.0,64.0,0.0,64.9,-107615304.0,68.5,1,49,50,180,0,13107,0,0,0.0,0.0,0.0,0.0,0.0,65.5,0.0,30112.988,0.0,645,0,686,0,0,0,714,0,785,0,708,0,689,0,645,0,640,0,618,0.032,36962304.0,-0.0,0.0,18064,16789,0.0,0.0,5.636604698610893e+16,-339196250161152.0,5960.254,-0.0,29.0,60.0,70,0.0,0.0,0.0,0.0,0.0,0.0,0.0,0.0,0.0,0.0,0.0,0.0,0.0,0.0,0.0,0.0,59.6,68,11,65509,41,65476,0,300,0,0,8,20529,65476,0,0,61604,60.0,0.0,0.0,0.0,0.0,0.0
2026-04-04T11:45:26,ERR,ERR,ERR,ERR,ERR,ERR,ERR,ERR,ERR,ERR,ERR,ERR,ERR,ERR,ERR,ERR,ERR,ERR,ERR,ERR,ERR,ERR,ERR,ERR,ERR,ERR,ERR,ERR,ERR,ERR,ERR,ERR,ERR,ERR,ERR,ERR,ERR,ERR,ERR,ERR,ERR,ERR,ERR,ERR,ERR,ERR,ERR,ERR,ERR,ERR,ERR,ERR,ERR,ERR,ERR,ERR,ERR,ERR,ERR,ERR,ERR,ERR,ERR,ERR,ERR,ERR,ERR,ERR,ERR,ERR,ERR,ERR,ERR,ERR,ERR,ERR,ERR,ERR,ERR,ERR,ERR,ERR,ERR,ERR,ERR,ERR,ERR,ERR,ERR,ERR,ERR,ERR,ERR,ERR,ERR,ERR,ERR,ERR,ERR,ERR,ERR,ERR,ERR,ERR,ERR,ERR,ERR,ERR,ERR,ERR,ERR,ERR,ERR,ERR,ERR,ERR,ERR,ERR,ERR,ERR,ERR,ERR,ERR,ERR,ERR,0.0,0.0,-0.0,0.0,0.0,0.0,0.0,nan,0,0,0,32768,0,0.0,0,0.0,0.0,0.0,0.0,0.0,0,0,0,0,0.0,0,0,0,0,0,0,0,0,0,0,0,0,0,0,0,0,0,0,0,0,0,0,0,0,0,0,0,0,0,0,0,0,0,0,0,0,0,0,0,0,0,0,0,0,0.0,0.0,0.0,0.0,0.0,0.0,0.0,0.0,0.0,0.0,0.0,0.0,0.0,0.0,0.0,0.0,0.0,0.0,0.0,0.0,0.0,0.0,-0.0,-0.0,-2.004,-0.0,0.0,0.0,0.0,0.0,3366.5,0.0,0.0,0.0,0.0,-0.0,2.7184274988523002e+23,0.0,0.0,0.0,0.0,0,-126841012224.0,-0.0,0.0,0.0,0.0,0.0,0.0,0.0,0.0,0,0,0,0.0,0.0,0.0,0.0,0.0,0.0,0.0,0.0,0.0,0.0,0.0,0.0,0.0,0.0,0.0,0.0,0,-107875648.0,0,0.0,0,-107875648.0,-107877712.0,0,52429,17038,0,17053,39322,17037,0,0,0,110,100,100,0.0,64.0,0.0,64.9,-107615304.0,68.5,1,49,50,180,0,13107,0,0,0.0,0.0,0.0,0.0,0.0,65.5,0.0,30112.988,0.0,645,0,686,0,0,0,714,0,785,0,708,0,689,0,645,0,640,0,618,0.032,36962304.0,-0.0,0.0,18064,16789,0.0,0.0,5.636604698610893e+16,-339196250161152.0,5960.254,-0.0,29.0,60.0,70,0.0,0.0,0.0,0.0,0.0,0.0,0.0,0.0,0.0,0.0,0.0,0.0,0.0,0.0,0.0,0.0,59.2,68,11,65509,41,65476,0,300,0,0,8,20529,65476,0,0,61604,60.0,0.0,0.0,0.0,0.0,0.0
2026-04-04T11:45:27,ERR,ERR,ERR,ERR,ERR,ERR,ERR,ERR,ERR,ERR,ERR,ERR,ERR,ERR,ERR,ERR,ERR,ERR,ERR,ERR,ERR,ERR,ERR,ERR,ERR,ERR,ERR,ERR,ERR,ERR,ERR,ERR,ERR,ERR,ERR,ERR,ERR,ERR,ERR,ERR,ERR,ERR,ERR,ERR,ERR,ERR,ERR,ERR,ERR,ERR,ERR,ERR,ERR,ERR,ERR,ERR,ERR,ERR,ERR,ERR,ERR,ERR,ERR,ERR,ERR,ERR,ERR,ERR,ERR,ERR,ERR,ERR,ERR,ERR,ERR,ERR,ERR,ERR,ERR,ERR,ERR,ERR,ERR,ERR,ERR,ERR,ERR,ERR,ERR,ERR,ERR,ERR,ERR,ERR,ERR,ERR,ERR,ERR,ERR,ERR,ERR,ERR,ERR,ERR,ERR,ERR,ERR,ERR,ERR,ERR,ERR,ERR,ERR,ERR,ERR,ERR,ERR,ERR,ERR,ERR,ERR,ERR,ERR,ERR,ERR,0.0,0.0,-0.0,0.0,0.0,0.0,0.0,nan,0,0,0,32768,0,0.0,0,0.0,0.0,0.0,0.0,0.0,0,0,0,0,0.0,0,0,0,0,0,0,0,0,0,0,0,0,0,0,0,0,0,0,0,0,0,0,0,0,0,0,0,0,0,0,0,0,0,0,0,0,0,0,0,0,0,0,0,0,0.0,0.0,0.0,0.0,0.0,0.0,0.0,0.0,0.0,0.0,0.0,0.0,0.0,0.0,0.0,0.0,0.0,0.0,0.0,0.0,0.0,0.0,-0.0,-0.0,-2.004,-0.0,0.0,0.0,0.0,0.0,3369.5,-0.0,0.0,0.0,0.0,-0.0,2.7184274988523002e+23,0.0,0.0,0.0,0.0,0,-4.0668755697950344e+29,-0.0,0.0,0.0,0.0,0.0,0.0,0.0,0.0,0,0,0,0.0,0.0,0.0,0.0,0.0,0.0,0.0,0.0,0.0,0.0,0.0,0.0,0.0,0.0,0.0,0.0,0,-107875648.0,0,0.0,0,-107875648.0,-107877712.0,0,52429,17038,0,17053,39322,17037,0,0,0,110,100,100,0.0,64.0,0.0,64.9,-107615304.0,68.5,1,49,50,180,0,13107,0,0,0.0,0.0,0.0,0.0,0.0,65.5,0.0,30112.988,0.0,645,0,686,0,0,0,714,0,785,0,708,0,689,0,645,0,640,0,618,0.032,36962304.0,-0.0,0.0,18064,16789,0.0,0.0,5.636604698610893e+16,-339196250161152.0,5960.254,-0.0,29.0,60.0,70,0.0,0.0,0.0,0.0,0.0,0.0,0.0,0.0,0.0,0.0,0.0,0.0,0.0,0.0,0.0,0.0,59.2,68,11,65509,41,65476,0,300,0,0,8,20529,65476,0,0,61604,60.0,0.0,0.0,0.0,0.0,0.0
2026-04-04T11:45:28,ERR,ERR,ERR,ERR,ERR,ERR,ERR,ERR,ERR,ERR,ERR,ERR,ERR,ERR,ERR,ERR,ERR,ERR,ERR,ERR,ERR,ERR,ERR,ERR,ERR,ERR,ERR,ERR,ERR,ERR,ERR,ERR,ERR,ERR,ERR,ERR,ERR,ERR,ERR,ERR,ERR,ERR,ERR,ERR,ERR,ERR,ERR,ERR,ERR,ERR,ERR,ERR,ERR,ERR,ERR,ERR,ERR,ERR,ERR,ERR,ERR,ERR,ERR,ERR,ERR,ERR,ERR,ERR,ERR,ERR,ERR,ERR,ERR,ERR,ERR,ERR,ERR,ERR,ERR,ERR,ERR,ERR,ERR,ERR,ERR,ERR,ERR,ERR,ERR,ERR,ERR,ERR,ERR,ERR,ERR,ERR,ERR,ERR,ERR,ERR,ERR,ERR,ERR,ERR,ERR,ERR,ERR,ERR,ERR,ERR,ERR,ERR,ERR,ERR,ERR,ERR,ERR,ERR,ERR,ERR,ERR,ERR,ERR,ERR,ERR,0.0,0.0,-0.0,0.0,0.0,0.0,0.0,nan,0,0,0,32768,0,0.0,0,0.0,0.0,0.0,0.0,0.0,0,0,0,0,0.0,0,0,0,0,0,0,0,0,0,0,0,0,0,0,0,0,0,0,0,0,0,0,0,0,0,0,0,0,0,0,0,0,0,0,0,0,0,0,0,0,0,0,0,0,0.0,0.0,0.0,0.0,0.0,0.0,0.0,0.0,0.0,0.0,0.0,0.0,0.0,0.0,0.0,0.0,0.0,0.0,0.0,0.0,0.0,0.0,-0.0,-0.0,-2.004,-0.0,0.0,0.0,0.0,0.0,3369.5,-0.0,0.0,0.0,0.0,-0.0,2.7184274988523002e+23,0.0,0.0,0.0,0.0,0,-4.0668755697950344e+29,-0.0,0.0,0.0,0.0,0.0,0.0,0.0,0.0,0,0,0,0.0,0.0,0.0,0.0,0.0,0.0,0.0,0.0,0.0,0.0,0.0,0.0,0.0,0.0,0.0,0.0,0,-107875648.0,0,0.0,0,-107875648.0,-107877712.0,0,52429,17038,0,17053,39322,17037,0,0,0,110,100,100,0.0,64.0,0.0,64.9,-107615304.0,68.5,1,49,50,180,0,13107,0,0,0.0,0.0,0.0,0.0,0.0,65.5,0.0,30112.988,0.0,645,0,686,0,0,0,714,0,785,0,708,0,689,0,645,0,640,0,618,0.032,36962304.0,-0.0,0.0,18064,16789,0.0,0.0,5.636604698610893e+16,-339196250161152.0,5960.254,-0.0,29.0,60.0,70,0.0,0.0,0.0,0.0,0.0,0.0,0.0,0.0,0.0,0.0,0.0,0.0,0.0,0.0,0.0,0.0,59.2,68,11,65509,41,65476,0,300,0,0,8,20529,65476,0,0,61604,60.0,0.0,0.0,0.0,0.0,0.0
2026-04-04T11:45:29,ERR,ERR,ERR,ERR,ERR,ERR,ERR,ERR,ERR,ERR,ERR,ERR,ERR,ERR,ERR,ERR,ERR,ERR,ERR,ERR,ERR,ERR,ERR,ERR,ERR,ERR,ERR,ERR,ERR,ERR,ERR,ERR,ERR,ERR,ERR,ERR,ERR,ERR,ERR,ERR,ERR,ERR,ERR,ERR,ERR,ERR,ERR,ERR,ERR,ERR,ERR,ERR,ERR,ERR,ERR,ERR,ERR,ERR,ERR,ERR,ERR,ERR,ERR,ERR,ERR,ERR,ERR,ERR,ERR,ERR,ERR,ERR,ERR,ERR,ERR,ERR,ERR,ERR,ERR,ERR,ERR,ERR,ERR,ERR,ERR,ERR,ERR,ERR,ERR,ERR,ERR,ERR,ERR,ERR,ERR,ERR,ERR,ERR,ERR,ERR,ERR,ERR,ERR,ERR,ERR,ERR,ERR,ERR,ERR,ERR,ERR,ERR,ERR,ERR,ERR,ERR,ERR,ERR,ERR,ERR,ERR,ERR,ERR,ERR,ERR,0.0,0.0,-0.0,0.0,0.0,0.0,0.0,nan,0,0,0,32768,0,0.0,0,0.0,0.0,0.0,0.0,0.0,0,0,0,0,0.0,0,0,0,0,0,0,0,0,0,0,0,0,0,0,0,0,0,0,0,0,0,0,0,0,0,0,0,0,0,0,0,0,0,0,0,0,0,0,0,0,0,0,0,0,0.0,0.0,0.0,0.0,0.0,0.0,0.0,0.0,0.0,0.0,0.0,0.0,0.0,0.0,0.0,0.0,0.0,0.0,0.0,0.0,0.0,0.0,-0.0,-0.0,-2.004,-0.0,0.0,0.0,0.0,0.0,3369.5,-0.0,0.0,0.0,0.0,-0.0,2.7184274988523002e+23,0.0,0.0,0.0,0.0,0,-4.0668755697950344e+29,-0.0,0.0,0.0,0.0,0.0,0.0,0.0,0.0,0,0,0,0.0,0.0,0.0,0.0,0.0,0.0,0.0,0.0,0.0,0.0,0.0,0.0,0.0,0.0,0.0,0.0,0,-107875648.0,0,0.0,0,-107875648.0,-107877712.0,0,52429,17038,0,17053,26215,17037,0,0,0,110,100,100,0.0,64.0,0.0,64.9,-107615304.0,68.5,1,49,50,180,0,13107,0,0,0.0,0.0,0.0,0.0,0.0,65.5,0.0,1.4280902946822872e+26,0.0,645,0,686,0,0,0,714,0,785,0,708,0,689,0,645,0,640,0,618,0.032,36700160.0,-0.0,0.0,12176,16789,0.0,0.583,0.595,-0.0,0.0,-0.0,29.0,60.0,70,0.0,0.0,0.0,0.0,0.0,0.0,0.0,0.0,0.0,0.0,0.0,0.0,0.0,0.0,0.0,0.0,59.2,68,11,65509,41,65476,0,300,0,0,8,20529,65476,0,0,61604,60.0,0.0,0.0,0.0,0.0,0.0
2026-04-04T11:45:30,ERR,ERR,ERR,ERR,ERR,ERR,ERR,ERR,ERR,ERR,ERR,ERR,ERR,ERR,ERR,ERR,ERR,ERR,ERR,ERR,ERR,ERR,ERR,ERR,ERR,ERR,ERR,ERR,ERR,ERR,ERR,ERR,ERR,ERR,ERR,ERR,ERR,ERR,ERR,ERR,ERR,ERR,ERR,ERR,ERR,ERR,ERR,ERR,ERR,ERR,ERR,ERR,ERR,ERR,ERR,ERR,ERR,ERR,ERR,ERR,ERR,ERR,ERR,ERR,ERR,ERR,ERR,ERR,ERR,ERR,ERR,ERR,ERR,ERR,ERR,ERR,ERR,ERR,ERR,ERR,ERR,ERR,ERR,ERR,ERR,ERR,ERR,ERR,ERR,ERR,ERR,ERR,ERR,ERR,ERR,ERR,ERR,ERR,ERR,ERR,ERR,ERR,ERR,ERR,ERR,ERR,ERR,ERR,ERR,ERR,ERR,ERR,ERR,ERR,ERR,ERR,ERR,ERR,ERR,ERR,ERR,ERR,ERR,ERR,ERR,0.0,0.0,-0.0,0.0,0.0,0.0,0.0,nan,0,0,0,32768,0,0.0,0,0.0,0.0,0.0,0.0,0.0,0,0,0,0,0.0,0,0,0,0,0,0,0,0,0,0,0,0,0,0,0,0,0,0,0,0,0,0,0,0,0,0,0,0,0,0,0,0,0,0,0,0,0,0,0,0,0,0,0,0,0.0,0.0,0.0,0.0,0.0,0.0,0.0,0.0,0.0,0.0,0.0,0.0,0.0,0.0,0.0,0.0,0.0,0.0,0.0,0.0,0.0,0.0,-0.0,-0.0,-2.004,-0.0,0.0,0.0,0.0,0.0,3369.5,-0.0,0.0,0.0,0.0,-0.0,2.7184274988523002e+23,0.0,0.0,0.0,0.0,0,-4.0668755697950344e+29,-0.0,0.0,0.0,0.0,0.0,0.0,0.0,0.0,0,0,0,0.0,0.0,0.0,0.0,0.0,0.0,0.0,0.0,0.0,0.0,0.0,0.0,0.0,0.0,0.0,0.0,0,-107875648.0,0,0.0,0,-107875648.0,-107877712.0,0,52429,17038,0,17053,26215,17037,0,0,0,110,100,100,0.0,64.0,0.0,64.9,-107615304.0,68.5,1,49,50,180,0,13107,0,0,0.0,0.0,0.0,0.0,0.0,65.5,0.0,1.4280902946822872e+26,0.0,645,0,686,0,0,0,714,0,785,0,708,0,689,0,645,0,640,0,618,0.032,36700160.0,-0.0,0.0,12176,16789,0.0,0.583,0.595,-0.0,0.0,-0.0,29.0,60.0,70,0.0,0.0,0.0,0.0,0.0,0.0,0.0,0.0,0.0,0.0,0.0,0.0,0.0,0.0,0.0,0.0,59.2,68,11,65509,41,65476,0,300,0,0,8,20529,65476,0,0,61604,60.0,0.0,0.0,0.0,0.0,0.0
2026-04-04T11:45:31,ERR,ERR,ERR,ERR,ERR,ERR,ERR,ERR,ERR,ERR,ERR,ERR,ERR,ERR,ERR,ERR,ERR,ERR,ERR,ERR,ERR,ERR,ERR,ERR,ERR,ERR,ERR,ERR,ERR,ERR,ERR,ERR,ERR,ERR,ERR,ERR,ERR,ERR,ERR,ERR,ERR,ERR,ERR,ERR,ERR,ERR,ERR,ERR,ERR,ERR,ERR,ERR,ERR,ERR,ERR,ERR,ERR,ERR,ERR,ERR,ERR,ERR,ERR,ERR,ERR,ERR,ERR,ERR,ERR,ERR,ERR,ERR,ERR,ERR,ERR,ERR,ERR,ERR,ERR,ERR,ERR,ERR,ERR,ERR,ERR,ERR,ERR,ERR,ERR,ERR,ERR,ERR,ERR,ERR,ERR,ERR,ERR,ERR,ERR,ERR,ERR,ERR,ERR,ERR,ERR,ERR,ERR,ERR,ERR,ERR,ERR,ERR,ERR,ERR,ERR,ERR,ERR,ERR,ERR,ERR,ERR,ERR,ERR,ERR,ERR,0.0,0.0,-0.0,0.0,0.0,0.0,0.0,nan,0,0,0,32768,0,0.0,0,0.0,0.0,0.0,0.0,0.0,0,0,0,0,0.0,0,0,0,0,0,0,0,0,0,0,0,0,0,0,0,0,0,0,0,0,0,0,0,0,0,0,0,0,0,0,0,0,0,0,0,0,0,0,0,0,0,0,0,0,0.0,0.0,0.0,0.0,0.0,0.0,0.0,0.0,0.0,0.0,0.0,0.0,0.0,0.0,0.0,0.0,0.0,0.0,0.0,0.0,0.0,0.0,-0.0,-0.0,-2.004,-0.0,0.0,0.0,0.0,0.0,3369.5,-0.0,0.0,0.0,0.0,-0.0,2.7184274988523002e+23,0.0,0.0,0.0,0.0,0,-4.0668755697950344e+29,-0.0,0.0,0.0,0.0,0.0,0.0,0.0,0.0,0,0,0,0.0,0.0,0.0,0.0,0.0,0.0,0.0,0.0,0.0,0.0,0.0,0.0,0.0,0.0,0.0,0.0,0,-107875648.0,0,0.0,0,-107875648.0,-107877712.0,0,52429,17038,0,17053,26215,17037,0,0,0,110,100,100,0.0,64.0,0.0,64.9,-107615304.0,68.5,1,49,50,180,0,13107,0,0,0.0,0.0,0.0,0.0,0.0,65.5,0.0,1.4280902946822872e+26,0.0,645,0,686,0,0,0,714,0,785,0,708,0,689,0,645,0,640,0,618,0.032,36700160.0,-0.0,0.0,12176,16789,0.0,0.583,0.595,-0.0,0.0,-0.0,29.0,60.0,70,0.0,0.0,0.0,0.0,0.0,0.0,0.0,0.0,0.0,0.0,0.0,0.0,0.0,0.0,0.0,0.0,59.2,68,11,65509,41,65476,0,300,0,0,8,20529,65476,0,0,61604,60.0,0.0,0.0,0.0,0.0,0.0
2026-04-04T11:45:32,ERR,ERR,ERR,ERR,ERR,ERR,ERR,ERR,ERR,ERR,ERR,ERR,ERR,ERR,ERR,ERR,ERR,ERR,ERR,ERR,ERR,ERR,ERR,ERR,ERR,ERR,ERR,ERR,ERR,ERR,ERR,ERR,ERR,ERR,ERR,ERR,ERR,ERR,ERR,ERR,ERR,ERR,ERR,ERR,ERR,ERR,ERR,ERR,ERR,ERR,ERR,ERR,ERR,ERR,ERR,ERR,ERR,ERR,ERR,ERR,ERR,ERR,ERR,ERR,ERR,ERR,ERR,ERR,ERR,ERR,ERR,ERR,ERR,ERR,ERR,ERR,ERR,ERR,ERR,ERR,ERR,ERR,ERR,ERR,ERR,ERR,ERR,ERR,ERR,ERR,ERR,ERR,ERR,ERR,ERR,ERR,ERR,ERR,ERR,ERR,ERR,ERR,ERR,ERR,ERR,ERR,ERR,ERR,ERR,ERR,ERR,ERR,ERR,ERR,ERR,ERR,ERR,ERR,ERR,ERR,ERR,ERR,ERR,ERR,ERR,0.0,0.0,-0.0,0.0,0.0,0.0,0.0,nan,0,0,0,32768,0,0.0,0,0.0,0.0,0.0,0.0,0.0,0,0,0,0,0.0,0,0,0,0,0,0,0,0,0,0,0,0,0,0,0,0,0,0,0,0,0,0,0,0,0,0,0,0,0,0,0,0,0,0,0,0,0,0,0,0,0,0,0,0,0.0,0.0,0.0,0.0,0.0,0.0,0.0,0.0,0.0,0.0,0.0,0.0,0.0,0.0,0.0,0.0,0.0,0.0,0.0,0.0,0.0,0.0,-0.0,-0.0,-2.004,-0.0,0.0,0.0,0.0,0.0,3369.5,-0.0,0.0,0.0,0.0,-0.0,2.7184274988523002e+23,0.0,0.0,0.0,0.0,0,-4.0668755697950344e+29,-0.0,0.0,0.0,0.0,0.0,0.0,0.0,0.0,0,0,0,0.0,0.0,0.0,0.0,0.0,0.0,0.0,0.0,0.0,0.0,0.0,0.0,0.0,0.0,0.0,0.0,0,-107875648.0,0,0.0,0,-107875648.0,-107877712.0,0,52429,17038,0,17053,26215,17037,0,0,0,110,100,100,0.0,64.0,0.0,64.9,-107615304.0,68.5,1,49,50,180,0,13107,0,0,0.0,0.0,0.0,0.0,0.0,65.5,0.0,1.4280902946822872e+26,0.0,645,0,686,0,0,0,714,0,785,0,708,0,689,0,645,0,640,0,618,0.032,36700160.0,-0.0,0.0,12176,16789,0.0,0.583,0.595,-0.0,0.0,-0.0,29.0,60.0,70,0.0,0.0,0.0,0.0,0.0,0.0,0.0,0.0,0.0,0.0,0.0,0.0,0.0,0.0,0.0,0.0,59.6,68,12,65509,41,65476,0,300,0,0,8,20529,65476,0,0,61604,60.0,0.0,0.0,0.0,0.0,0.0
2026-04-04T11:45:33,ERR,ERR,ERR,ERR,ERR,ERR,ERR,ERR,ERR,ERR,ERR,ERR,ERR,ERR,ERR,ERR,ERR,ERR,ERR,ERR,ERR,ERR,ERR,ERR,ERR,ERR,ERR,ERR,ERR,ERR,ERR,ERR,ERR,ERR,ERR,ERR,ERR,ERR,ERR,ERR,ERR,ERR,ERR,ERR,ERR,ERR,ERR,ERR,ERR,ERR,ERR,ERR,ERR,ERR,ERR,ERR,ERR,ERR,ERR,ERR,ERR,ERR,ERR,ERR,ERR,ERR,ERR,ERR,ERR,ERR,ERR,ERR,ERR,ERR,ERR,ERR,ERR,ERR,ERR,ERR,ERR,ERR,ERR,ERR,ERR,ERR,ERR,ERR,ERR,ERR,ERR,ERR,ERR,ERR,ERR,ERR,ERR,ERR,ERR,ERR,ERR,ERR,ERR,ERR,ERR,ERR,ERR,ERR,ERR,ERR,ERR,ERR,ERR,ERR,ERR,ERR,ERR,ERR,ERR,ERR,ERR,ERR,ERR,ERR,ERR,0.0,0.0,-0.0,0.0,0.0,0.0,0.0,nan,0,0,0,32768,0,0.0,0,0.0,0.0,0.0,0.0,0.0,0,0,0,0,0.0,0,0,0,0,0,0,0,0,0,0,0,0,0,0,0,0,0,0,0,0,0,0,0,0,0,0,0,0,0,0,0,0,0,0,0,0,0,0,0,0,0,0,0,0,0.0,0.0,0.0,0.0,0.0,0.0,0.0,0.0,0.0,0.0,0.0,0.0,0.0,0.0,0.0,0.0,0.0,0.0,0.0,0.0,0.0,0.0,-0.0,-0.0,-2.004,-0.0,0.0,0.0,0.0,0.0,3369.5,-0.0,0.0,0.0,0.0,-0.0,2.7184274988523002e+23,0.0,0.0,0.0,0.0,0,-4.0668755697950344e+29,-0.0,0.0,0.0,0.0,0.0,0.0,0.0,0.0,0,0,0,0.0,0.0,0.0,0.0,0.0,0.0,0.0,0.0,0.0,0.0,0.0,0.0,0.0,0.0,0.0,0.0,0,-107875648.0,0,0.0,0,-107875648.0,-107877712.0,0,52429,17038,0,17053,26215,17037,0,0,0,110,100,100,0.0,64.0,0.0,64.9,-107615304.0,68.5,1,49,50,180,0,13107,0,0,0.0,0.0,0.0,0.0,0.0,65.5,0.0,1.4280902946822872e+26,0.0,645,0,686,0,0,0,714,0,785,0,708,0,689,0,645,0,640,0,618,0.032,36700160.0,-0.0,0.0,12176,16789,0.0,0.583,0.595,-0.0,0.0,-0.0,29.0,60.0,70,0.0,0.0,0.0,0.0,0.0,0.0,0.0,0.0,0.0,0.0,0.0,0.0,0.0,0.0,0.0,0.0,59.6,68,12,65509,41,65476,0,300,0,0,8,20529,65476,0,0,61604,60.0,0.0,0.0,0.0,0.0,0.0
2026-04-04T11:45:34,ERR,ERR,ERR,ERR,ERR,ERR,ERR,ERR,ERR,ERR,ERR,ERR,ERR,ERR,ERR,ERR,ERR,ERR,ERR,ERR,ERR,ERR,ERR,ERR,ERR,ERR,ERR,ERR,ERR,ERR,ERR,ERR,ERR,ERR,ERR,ERR,ERR,ERR,ERR,ERR,ERR,ERR,ERR,ERR,ERR,ERR,ERR,ERR,ERR,ERR,ERR,ERR,ERR,ERR,ERR,ERR,ERR,ERR,ERR,ERR,ERR,ERR,ERR,ERR,ERR,ERR,ERR,ERR,ERR,ERR,ERR,ERR,ERR,ERR,ERR,ERR,ERR,ERR,ERR,ERR,ERR,ERR,ERR,ERR,ERR,ERR,ERR,ERR,ERR,ERR,ERR,ERR,ERR,ERR,ERR,ERR,ERR,ERR,ERR,ERR,ERR,ERR,ERR,ERR,ERR,ERR,ERR,ERR,ERR,ERR,ERR,ERR,ERR,ERR,ERR,ERR,ERR,ERR,ERR,ERR,ERR,ERR,ERR,ERR,ERR,0.0,0.0,-0.0,0.0,0.0,0.0,0.0,nan,0,0,0,32768,0,0.0,0,0.0,0.0,0.0,0.0,0.0,0,0,0,0,0.0,0,0,0,0,0,0,0,0,0,0,0,0,0,0,0,0,0,0,0,0,0,0,0,0,0,0,0,0,0,0,0,0,0,0,0,0,0,0,0,0,0,0,0,0,0.0,0.0,0.0,0.0,0.0,0.0,0.0,0.0,0.0,0.0,0.0,0.0,0.0,0.0,0.0,0.0,0.0,0.0,0.0,0.0,0.0,0.0,-0.0,-0.0,-2.004,-0.0,0.0,0.0,0.0,0.0,3369.5,-0.0,0.0,0.0,0.0,-0.0,2.7184274988523002e+23,0.0,0.0,0.0,0.0,0,-4.0668755697950344e+29,-0.0,0.0,0.0,0.0,0.0,0.0,0.0,0.0,0,0,0,0.0,0.0,0.0,0.0,0.0,0.0,0.0,0.0,0.0,0.0,0.0,0.0,0.0,0.0,0.0,0.0,0,-107875648.0,0,0.0,0,-107875648.0,-107877712.0,0,52429,17038,0,17053,26215,17037,0,0,0,110,100,100,0.0,64.0,0.0,64.9,-107615304.0,68.5,1,49,50,180,0,13107,0,0,0.0,0.0,0.0,0.0,0.0,65.5,0.0,1.4280902946822872e+26,0.0,645,0,686,0,0,0,714,0,785,0,708,0,689,0,645,0,640,0,618,0.032,36700160.0,-0.0,0.0,12176,16789,0.0,0.583,0.595,-0.0,0.0,-0.0,29.0,60.0,70,0.0,0.0,0.0,0.0,0.0,0.0,0.0,0.0,0.0,0.0,0.0,0.0,0.0,0.0,0.0,0.0,59.2,68,12,65509,41,65476,0,300,0,0,8,20529,65476,0,0,61604,60.0,0.0,0.0,0.0,0.0,0.0
2026-04-04T11:45:35,ERR,ERR,ERR,ERR,ERR,ERR,ERR,ERR,ERR,ERR,ERR,ERR,ERR,ERR,ERR,ERR,ERR,ERR,ERR,ERR,ERR,ERR,ERR,ERR,ERR,ERR,ERR,ERR,ERR,ERR,ERR,ERR,ERR,ERR,ERR,ERR,ERR,ERR,ERR,ERR,ERR,ERR,ERR,ERR,ERR,ERR,ERR,ERR,ERR,ERR,ERR,ERR,ERR,ERR,ERR,ERR,ERR,ERR,ERR,ERR,ERR,ERR,ERR,ERR,ERR,ERR,ERR,ERR,ERR,ERR,ERR,ERR,ERR,ERR,ERR,ERR,ERR,ERR,ERR,ERR,ERR,ERR,ERR,ERR,ERR,ERR,ERR,ERR,ERR,ERR,ERR,ERR,ERR,ERR,ERR,ERR,ERR,ERR,ERR,ERR,ERR,ERR,ERR,ERR,ERR,ERR,ERR,ERR,ERR,ERR,ERR,ERR,ERR,ERR,ERR,ERR,ERR,ERR,ERR,ERR,ERR,ERR,ERR,ERR,ERR,0.0,0.0,-0.0,0.0,0.0,0.0,0.0,nan,0,0,0,32768,0,0.0,0,0.0,0.0,0.0,0.0,0.0,0,0,0,0,0.0,0,0,0,0,0,0,0,0,0,0,0,0,0,0,0,0,0,0,0,0,0,0,0,0,0,0,0,0,0,0,0,0,0,0,0,0,0,0,0,0,0,0,0,0,0.0,0.0,0.0,0.0,0.0,0.0,0.0,0.0,0.0,0.0,0.0,0.0,0.0,0.0,0.0,0.0,0.0,0.0,0.0,0.0,0.0,0.0,-0.0,-0.0,-2.004,-0.0,0.0,0.0,0.0,0.0,3351.0,-1.5879151860148276e+29,0.0,-107615240.0,0.0,-0.0,2.7184274988523002e+23,0.0,0.0,0.0,0.0,0,-152018253512704.0,1.9056745840535142e+17,0.0,0.0,0.0,0.0,0.0,0.0,0.0,0,0,0,0.0,0.0,0.0,0.0,0.0,0.0,0.0,0.0,0.0,0.0,0.0,0.0,0.0,0.0,0.0,0.0,0,-107875648.0,0,0.0,0,-107875648.0,-107877712.0,0,52429,17038,0,17053,39322,17037,0,0,0,110,100,100,0.0,64.0,0.0,64.9,-107615304.0,68.5,1,49,50,180,0,13107,0,0,0.0,0.0,0.0,0.0,0.0,65.5,0.0,0.0,0.0,645,0,686,0,0,0,714,0,785,0,707,0,689,0,645,0,640,0,618,0.032,36962304.0,-0.0,0.0,12048,16789,0.0,-1.7653011420240343e+32,2.6487068468392755e+17,-8.359539630313462e+36,107652.07,-0.0,29.0,60.0,70,0.0,0.0,0.0,0.0,0.0,0.0,0.0,0.0,0.0,0.0,0.0,0.0,0.0,0.0,0.0,0.0,59.2,68,12,65509,41,65476,0,300,0,0,8,20529,65476,0,0,61604,60.0,0.0,0.0,0.0,0.0,0.0
2026-04-04T11:45:36,ERR,ERR,ERR,ERR,ERR,ERR,ERR,ERR,ERR,ERR,ERR,ERR,ERR,ERR,ERR,ERR,ERR,ERR,ERR,ERR,ERR,ERR,ERR,ERR,ERR,ERR,ERR,ERR,ERR,ERR,ERR,ERR,ERR,ERR,ERR,ERR,ERR,ERR,ERR,ERR,ERR,ERR,ERR,ERR,ERR,ERR,ERR,ERR,ERR,ERR,ERR,ERR,ERR,ERR,ERR,ERR,ERR,ERR,ERR,ERR,ERR,ERR,ERR,ERR,ERR,ERR,ERR,ERR,ERR,ERR,ERR,ERR,ERR,ERR,ERR,ERR,ERR,ERR,ERR,ERR,ERR,ERR,ERR,ERR,ERR,ERR,ERR,ERR,ERR,ERR,ERR,ERR,ERR,ERR,ERR,ERR,ERR,ERR,ERR,ERR,ERR,ERR,ERR,ERR,ERR,ERR,ERR,ERR,ERR,ERR,ERR,ERR,ERR,ERR,ERR,ERR,ERR,ERR,ERR,ERR,ERR,ERR,ERR,ERR,ERR,0.0,0.0,-0.0,0.0,0.0,0.0,0.0,nan,0,0,0,32768,0,0.0,0,0.0,0.0,0.0,0.0,0.0,0,0,0,0,0.0,0,0,0,0,0,0,0,0,0,0,0,0,0,0,0,0,0,0,0,0,0,0,0,0,0,0,0,0,0,0,0,0,0,0,0,0,0,0,0,0,0,0,0,0,0.0,0.0,0.0,0.0,0.0,0.0,0.0,0.0,0.0,0.0,0.0,0.0,0.0,0.0,0.0,0.0,0.0,0.0,0.0,0.0,0.0,0.0,-0.0,-0.0,-2.004,-0.0,0.0,0.0,0.0,0.0,3351.0,-1.5879151860148276e+29,0.0,-107615240.0,0.0,-0.0,2.7184274988523002e+23,0.0,0.0,0.0,0.0,0,-152018253512704.0,1.9056745840535142e+17,0.0,0.0,0.0,0.0,0.0,0.0,0.0,0,0,0,0.0,0.0,0.0,0.0,0.0,0.0,0.0,0.0,0.0,0.0,0.0,0.0,0.0,0.0,0.0,0.0,0,-107875648.0,0,0.0,0,-107875648.0,-107877712.0,0,52429,17038,0,17053,39322,17037,0,0,0,110,100,100,0.0,64.0,0.0,64.9,-107615304.0,68.5,1,49,50,180,0,13107,0,0,0.0,0.0,0.0,0.0,0.0,65.5,0.0,0.0,0.0,645,0,686,0,0,0,714,0,785,0,707,0,689,0,645,0,640,0,618,0.032,36962304.0,-0.0,0.0,12048,16789,0.0,-1.7653011420240343e+32,2.6487068468392755e+17,-8.359539630313462e+36,107652.07,-0.0,29.0,60.0,70,0.0,0.0,0.0,0.0,0.0,0.0,0.0,0.0,0.0,0.0,0.0,0.0,0.0,0.0,0.0,0.0,59.2,68,12,65509,41,65476,0,300,0,0,8,20529,65476,0,0,61604,60.0,0.0,0.0,0.0,0.0,0.0
2026-04-04T11:45:37,ERR,ERR,ERR,ERR,ERR,ERR,ERR,ERR,ERR,ERR,ERR,ERR,ERR,ERR,ERR,ERR,ERR,ERR,ERR,ERR,ERR,ERR,ERR,ERR,ERR,ERR,ERR,ERR,ERR,ERR,ERR,ERR,ERR,ERR,ERR,ERR,ERR,ERR,ERR,ERR,ERR,ERR,ERR,ERR,ERR,ERR,ERR,ERR,ERR,ERR,ERR,ERR,ERR,ERR,ERR,ERR,ERR,ERR,ERR,ERR,ERR,ERR,ERR,ERR,ERR,ERR,ERR,ERR,ERR,ERR,ERR,ERR,ERR,ERR,ERR,ERR,ERR,ERR,ERR,ERR,ERR,ERR,ERR,ERR,ERR,ERR,ERR,ERR,ERR,ERR,ERR,ERR,ERR,ERR,ERR,ERR,ERR,ERR,ERR,ERR,ERR,ERR,ERR,ERR,ERR,ERR,ERR,ERR,ERR,ERR,ERR,ERR,ERR,ERR,ERR,ERR,ERR,ERR,ERR,ERR,ERR,ERR,ERR,ERR,ERR,0.0,0.0,-0.0,0.0,0.0,0.0,0.0,nan,0,0,0,32768,0,0.0,0,0.0,0.0,0.0,0.0,0.0,0,0,0,0,0.0,0,0,0,0,0,0,0,0,0,0,0,0,0,0,0,0,0,0,0,0,0,0,0,0,0,0,0,0,0,0,0,0,0,0,0,0,0,0,0,0,0,0,0,0,0.0,0.0,0.0,0.0,0.0,0.0,0.0,0.0,0.0,0.0,0.0,0.0,0.0,0.0,0.0,0.0,0.0,0.0,0.0,0.0,0.0,0.0,-0.0,-0.0,-2.004,-0.0,0.0,0.0,0.0,0.0,3351.0,-1.5879151860148276e+29,0.0,-107615240.0,0.0,-0.0,2.7184274988523002e+23,0.0,0.0,0.0,0.0,0,-152018253512704.0,1.9056745840535142e+17,0.0,0.0,0.0,0.0,0.0,0.0,0.0,0,0,0,0.0,0.0,0.0,0.0,0.0,0.0,0.0,0.0,0.0,0.0,0.0,0.0,0.0,0.0,0.0,0.0,0,-107875648.0,0,0.0,0,-107875648.0,-107877712.0,0,52429,17038,0,17053,39322,17037,0,0,0,110,100,100,0.0,64.0,0.0,64.9,-107615304.0,68.5,1,49,50,180,0,13107,0,0,0.0,0.0,0.0,0.0,0.0,65.5,0.0,0.0,0.0,645,0,686,0,0,0,714,0,785,0,707,0,689,0,645,0,640,0,618,0.032,36962304.0,-0.0,0.0,12048,16789,0.0,-1.7653011420240343e+32,2.6487068468392755e+17,-8.359539630313462e+36,107652.07,-0.0,29.0,60.0,70,0.0,0.0,0.0,0.0,0.0,0.0,0.0,0.0,0.0,0.0,0.0,0.0,0.0,0.0,0.0,0.0,59.2,68,12,65509,41,65476,0,300,0,0,8,20529,65476,0,0,61604,60.0,0.0,0.0,0.0,0.0,0.0
2026-04-04T11:45:38,ERR,ERR,ERR,ERR,ERR,ERR,ERR,ERR,ERR,ERR,ERR,ERR,ERR,ERR,ERR,ERR,ERR,ERR,ERR,ERR,ERR,ERR,ERR,ERR,ERR,ERR,ERR,ERR,ERR,ERR,ERR,ERR,ERR,ERR,ERR,ERR,ERR,ERR,ERR,ERR,ERR,ERR,ERR,ERR,ERR,ERR,ERR,ERR,ERR,ERR,ERR,ERR,ERR,ERR,ERR,ERR,ERR,ERR,ERR,ERR,ERR,ERR,ERR,ERR,ERR,ERR,ERR,ERR,ERR,ERR,ERR,ERR,ERR,ERR,ERR,ERR,ERR,ERR,ERR,ERR,ERR,ERR,ERR,ERR,ERR,ERR,ERR,ERR,ERR,ERR,ERR,ERR,ERR,ERR,ERR,ERR,ERR,ERR,ERR,ERR,ERR,ERR,ERR,ERR,ERR,ERR,ERR,ERR,ERR,ERR,ERR,ERR,ERR,ERR,ERR,ERR,ERR,ERR,ERR,ERR,ERR,ERR,ERR,ERR,ERR,0.0,0.0,-0.0,0.0,0.0,0.0,0.0,nan,0,0,0,32768,0,0.0,0,0.0,0.0,0.0,0.0,0.0,0,0,0,0,0.0,0,0,0,0,0,0,0,0,0,0,0,0,0,0,0,0,0,0,0,0,0,0,0,0,0,0,0,0,0,0,0,0,0,0,0,0,0,0,0,0,0,0,0,0,0.0,0.0,0.0,0.0,0.0,0.0,0.0,0.0,0.0,0.0,0.0,0.0,0.0,0.0,0.0,0.0,0.0,0.0,0.0,0.0,0.0,0.0,-0.0,-0.0,-2.004,-0.0,0.0,0.0,0.0,0.0,3351.0,-1.5879151860148276e+29,0.0,-107615240.0,0.0,-0.0,2.7184274988523002e+23,0.0,0.0,0.0,0.0,0,-152018253512704.0,1.9056745840535142e+17,0.0,0.0,0.0,0.0,0.0,0.0,0.0,0,0,0,0.0,0.0,0.0,0.0,0.0,0.0,0.0,0.0,0.0,0.0,0.0,0.0,0.0,0.0,0.0,0.0,0,-107875648.0,0,0.0,0,-107875648.0,-107877712.0,0,52429,17038,0,17053,39322,17037,0,0,0,110,100,100,0.0,64.0,0.0,64.9,-107615304.0,68.5,1,49,50,180,0,13107,0,0,0.0,0.0,0.0,0.0,0.0,65.5,0.0,0.0,0.0,645,0,686,0,0,0,714,0,785,0,707,0,689,0,645,0,640,0,618,0.032,36962304.0,-0.0,0.0,12048,16789,0.0,-1.7653011420240343e+32,2.6487068468392755e+17,-8.359539630313462e+36,107652.07,-0.0,29.0,60.0,70,0.0,0.0,0.0,0.0,0.0,0.0,0.0,0.0,0.0,0.0,0.0,0.0,0.0,0.0,0.0,0.0,59.2,68,12,65509,41,65476,0,300,0,0,8,20529,65476,0,0,61604,60.0,0.0,0.0,0.0,0.0,0.0
2026-04-04T11:45:39,ERR,ERR,ERR,ERR,ERR,ERR,ERR,ERR,ERR,ERR,ERR,ERR,ERR,ERR,ERR,ERR,ERR,ERR,ERR,ERR,ERR,ERR,ERR,ERR,ERR,ERR,ERR,ERR,ERR,ERR,ERR,ERR,ERR,ERR,ERR,ERR,ERR,ERR,ERR,ERR,ERR,ERR,ERR,ERR,ERR,ERR,ERR,ERR,ERR,ERR,ERR,ERR,ERR,ERR,ERR,ERR,ERR,ERR,ERR,ERR,ERR,ERR,ERR,ERR,ERR,ERR,ERR,ERR,ERR,ERR,ERR,ERR,ERR,ERR,ERR,ERR,ERR,ERR,ERR,ERR,ERR,ERR,ERR,ERR,ERR,ERR,ERR,ERR,ERR,ERR,ERR,ERR,ERR,ERR,ERR,ERR,ERR,ERR,ERR,ERR,ERR,ERR,ERR,ERR,ERR,ERR,ERR,ERR,ERR,ERR,ERR,ERR,ERR,ERR,ERR,ERR,ERR,ERR,ERR,ERR,ERR,ERR,ERR,ERR,ERR,0.0,0.0,-0.0,0.0,0.0,0.0,0.0,nan,0,0,0,32768,0,0.0,0,0.0,0.0,0.0,0.0,0.0,0,0,0,0,0.0,0,0,0,0,0,0,0,0,0,0,0,0,0,0,0,0,0,0,0,0,0,0,0,0,0,0,0,0,0,0,0,0,0,0,0,0,0,0,0,0,0,0,0,0,0.0,0.0,0.0,0.0,0.0,0.0,0.0,0.0,0.0,0.0,0.0,0.0,0.0,0.0,0.0,0.0,0.0,0.0,0.0,0.0,0.0,0.0,-0.0,-0.0,-2.004,-0.0,0.0,0.0,0.0,0.0,3351.0,-1.5879151860148276e+29,0.0,-107615240.0,0.0,-0.0,2.7184274988523002e+23,0.0,0.0,0.0,0.0,0,-152018253512704.0,1.9056745840535142e+17,0.0,0.0,0.0,0.0,0.0,0.0,0.0,0,0,0,0.0,0.0,0.0,0.0,0.0,0.0,0.0,0.0,0.0,0.0,0.0,0.0,0.0,0.0,0.0,0.0,0,-107875648.0,0,0.0,0,-107875648.0,-107877712.0,0,52429,17038,0,17053,39322,17037,0,0,0,110,100,100,0.0,64.0,0.0,64.9,-107615304.0,68.5,1,49,50,180,0,13107,0,0,0.0,0.0,0.0,0.0,0.0,65.5,0.0,0.0,0.0,645,0,686,0,0,0,714,0,785,0,707,0,689,0,645,0,640,0,618,0.032,36962304.0,-0.0,0.0,12048,16789,0.0,-1.7653011420240343e+32,2.6487068468392755e+17,-8.359539630313462e+36,107652.07,-0.0,29.0,60.0,70,0.0,0.0,0.0,0.0,0.0,0.0,0.0,0.0,0.0,0.0,0.0,0.0,0.0,0.0,0.0,0.0,59.2,68,12,65509,41,65476,0,300,0,0,8,20529,65476,0,0,61604,60.0,0.0,0.0,0.0,0.0,0.0
2026-04-04T11:45:40,ERR,ERR,ERR,ERR,ERR,ERR,ERR,ERR,ERR,ERR,ERR,ERR,ERR,ERR,ERR,ERR,ERR,ERR,ERR,ERR,ERR,ERR,ERR,ERR,ERR,ERR,ERR,ERR,ERR,ERR,ERR,ERR,ERR,ERR,ERR,ERR,ERR,ERR,ERR,ERR,ERR,ERR,ERR,ERR,ERR,ERR,ERR,ERR,ERR,ERR,ERR,ERR,ERR,ERR,ERR,ERR,ERR,ERR,ERR,ERR,ERR,ERR,ERR,ERR,ERR,ERR,ERR,ERR,ERR,ERR,ERR,ERR,ERR,ERR,ERR,ERR,ERR,ERR,ERR,ERR,ERR,ERR,ERR,ERR,ERR,ERR,ERR,ERR,ERR,ERR,ERR,ERR,ERR,ERR,ERR,ERR,ERR,ERR,ERR,ERR,ERR,ERR,ERR,ERR,ERR,ERR,ERR,ERR,ERR,ERR,ERR,ERR,ERR,ERR,ERR,ERR,ERR,ERR,ERR,ERR,ERR,ERR,ERR,ERR,ERR,0.0,0.0,-0.0,0.0,0.0,0.0,0.0,nan,0,0,0,32768,0,0.0,0,0.0,0.0,0.0,0.0,0.0,0,0,0,0,0.0,0,0,0,0,0,0,0,0,0,0,0,0,0,0,0,0,0,0,0,0,0,0,0,0,0,0,0,0,0,0,0,0,0,0,0,0,0,0,0,0,0,0,0,0,0.0,0.0,0.0,0.0,0.0,0.0,0.0,0.0,0.0,0.0,0.0,0.0,0.0,0.0,0.0,0.0,0.0,0.0,0.0,0.0,0.0,0.0,-0.0,-0.0,-2.004,-0.0,0.0,0.0,0.0,0.0,3351.0,-1.5879151860148276e+29,0.0,-107615240.0,0.0,-0.0,2.7184274988523002e+23,0.0,0.0,0.0,0.0,0,-152018253512704.0,1.9056745840535142e+17,0.0,0.0,0.0,0.0,0.0,0.0,0.0,0,0,0,0.0,0.0,0.0,0.0,0.0,0.0,0.0,0.0,0.0,0.0,0.0,0.0,0.0,0.0,0.0,0.0,0,-107875648.0,0,0.0,0,-107875648.0,-107877712.0,0,52429,17038,0,17053,39322,17037,0,0,0,110,100,100,0.0,64.0,0.0,64.9,-107615304.0,68.5,1,49,50,180,0,13107,0,0,0.0,0.0,0.0,0.0,0.0,65.5,0.0,0.0,0.0,645,0,686,0,0,0,714,0,785,0,707,0,689,0,645,0,640,0,618,0.032,36962304.0,-0.0,0.0,12048,16789,0.0,-1.7653011420240343e+32,2.6487068468392755e+17,-8.359539630313462e+36,107652.07,-0.0,29.0,60.0,70,0.0,0.0,0.0,0.0,0.0,0.0,0.0,0.0,0.0,0.0,0.0,0.0,0.0,0.0,0.0,0.0,59.2,68,12,65509,41,65476,0,300,0,0,8,20529,65476,0,0,61604,60.0,0.0,0.0,0.0,0.0,0.0
2026-04-04T11:45:41,ERR,ERR,ERR,ERR,ERR,ERR,ERR,ERR,ERR,ERR,ERR,ERR,ERR,ERR,ERR,ERR,ERR,ERR,ERR,ERR,ERR,ERR,ERR,ERR,ERR,ERR,ERR,ERR,ERR,ERR,ERR,ERR,ERR,ERR,ERR,ERR,ERR,ERR,ERR,ERR,ERR,ERR,ERR,ERR,ERR,ERR,ERR,ERR,ERR,ERR,ERR,ERR,ERR,ERR,ERR,ERR,ERR,ERR,ERR,ERR,ERR,ERR,ERR,ERR,ERR,ERR,ERR,ERR,ERR,ERR,ERR,ERR,ERR,ERR,ERR,ERR,ERR,ERR,ERR,ERR,ERR,ERR,ERR,ERR,ERR,ERR,ERR,ERR,ERR,ERR,ERR,ERR,ERR,ERR,ERR,ERR,ERR,ERR,ERR,ERR,ERR,ERR,ERR,ERR,ERR,ERR,ERR,ERR,ERR,ERR,ERR,ERR,ERR,ERR,ERR,ERR,ERR,ERR,ERR,ERR,ERR,ERR,ERR,ERR,ERR,0.0,0.0,-0.0,0.0,0.0,0.0,0.0,nan,0,0,0,32768,0,0.0,0,0.0,0.0,0.0,0.0,0.0,0,0,0,0,0.0,0,0,0,0,0,0,0,0,0,0,0,0,0,0,0,0,0,0,0,0,0,0,0,0,0,0,0,0,0,0,0,0,0,0,0,0,0,0,0,0,0,0,0,0,0.0,0.0,0.0,0.0,0.0,0.0,0.0,0.0,0.0,0.0,0.0,0.0,0.0,0.0,0.0,0.0,0.0,0.0,0.0,0.0,0.0,0.0,-0.0,-0.0,-2.004,-0.0,0.0,0.0,0.0,0.0,3351.0,-1.5879151860148276e+29,0.0,-107615240.0,0.0,-0.0,2.7184274988523002e+23,0.0,0.0,0.0,0.0,0,-152018253512704.0,1.9056745840535142e+17,0.0,0.0,0.0,0.0,0.0,0.0,0.0,0,0,0,0.0,0.0,0.0,0.0,0.0,0.0,0.0,0.0,0.0,0.0,0.0,0.0,0.0,0.0,0.0,0.0,0,-107875648.0,0,0.0,0,-107875648.0,-107877712.0,0,52429,17038,0,17053,39322,17037,0,0,0,110,100,100,0.0,64.0,0.0,64.9,-107615304.0,68.5,1,49,50,180,0,13107,0,0,0.0,0.0,0.0,0.0,0.0,65.5,0.0,1.00864367499246e+36,0.0,645,0,686,0,0,0,714,0,785,0,708,0,689,0,645,0,640,0,618,0.032,36700160.0,-0.0,0.0,15504,16789,0.0,1.7874654912867833e+33,-29996382945280.0,-6.37781969250615e+31,-5.973257139997647e+29,0.0,29.0,60.0,70,0.0,0.0,0.0,0.0,0.0,0.0,0.0,0.0,0.0,0.0,0.0,0.0,0.0,0.0,0.0,0.0,59.2,68,12,65509,41,65476,0,300,0,0,8,20529,65476,0,0,61604,60.0,0.0,0.0,0.0,0.0,0.0
2026-04-04T11:45:42,ERR,ERR,ERR,ERR,ERR,ERR,ERR,ERR,ERR,ERR,ERR,ERR,ERR,ERR,ERR,ERR,ERR,ERR,ERR,ERR,ERR,ERR,ERR,ERR,ERR,ERR,ERR,ERR,ERR,ERR,ERR,ERR,ERR,ERR,ERR,ERR,ERR,ERR,ERR,ERR,ERR,ERR,ERR,ERR,ERR,ERR,ERR,ERR,ERR,ERR,ERR,ERR,ERR,ERR,ERR,ERR,ERR,ERR,ERR,ERR,ERR,ERR,ERR,ERR,ERR,ERR,ERR,ERR,ERR,ERR,ERR,ERR,ERR,ERR,ERR,ERR,ERR,ERR,ERR,ERR,ERR,ERR,ERR,ERR,ERR,ERR,ERR,ERR,ERR,ERR,ERR,ERR,ERR,ERR,ERR,ERR,ERR,ERR,ERR,ERR,ERR,ERR,ERR,ERR,ERR,ERR,ERR,ERR,ERR,ERR,ERR,ERR,ERR,ERR,ERR,ERR,ERR,ERR,ERR,ERR,ERR,ERR,ERR,ERR,ERR,0.0,0.0,-0.0,0.0,0.0,0.0,0.0,nan,0,0,0,32768,0,0.0,0,0.0,0.0,0.0,0.0,0.0,0,0,0,0,0.0,0,0,0,0,0,0,0,0,0,0,0,0,0,0,0,0,0,0,0,0,0,0,0,0,0,0,0,0,0,0,0,0,0,0,0,0,0,0,0,0,0,0,0,0,0.0,0.0,0.0,0.0,0.0,0.0,0.0,0.0,0.0,0.0,0.0,0.0,0.0,0.0,0.0,0.0,0.0,0.0,0.0,0.0,0.0,0.0,-0.0,-0.0,-2.004,-0.0,0.0,0.0,0.0,0.0,3367.5,0.0,0.0,0.0,0.0,-0.0,2.7184274988523002e+23,0.0,0.0,0.0,0.0,0,-152018253512704.0,4.066828723919524e+29,0.0,0.0,0.0,0.0,0.0,0.0,0.0,0,0,0,0.0,0.0,0.0,0.0,0.0,0.0,0.0,0.0,0.0,0.0,0.0,0.0,0.0,0.0,0.0,0.0,0,-107875648.0,0,0.0,0,-107875648.0,-107877712.0,0,52429,17038,0,17053,39322,17037,0,0,0,110,100,100,0.0,64.0,0.0,64.9,-107615304.0,68.5,1,49,50,180,0,13107,0,0,0.0,0.0,0.0,0.0,0.0,65.5,0.0,1.00864367499246e+36,0.0,645,0,686,0,0,0,714,0,785,0,708,0,689,0,645,0,640,0,618,0.032,36700160.0,-0.0,0.0,15504,16789,0.0,1.7874654912867833e+33,-29996382945280.0,-6.37781969250615e+31,-5.973257139997647e+29,0.0,29.0,60.0,70,0.0,0.0,0.0,0.0,0.0,0.0,0.0,0.0,0.0,0.0,0.0,0.0,0.0,0.0,0.0,0.0,59.2,68,11,65509,41,65476,0,300,0,0,8,20529,65476,0,0,61604,60.0,0.0,0.0,0.0,0.0,0.0
2026-04-04T11:45:43,ERR,ERR,ERR,ERR,ERR,ERR,ERR,ERR,ERR,ERR,ERR,ERR,ERR,ERR,ERR,ERR,ERR,ERR,ERR,ERR,ERR,ERR,ERR,ERR,ERR,ERR,ERR,ERR,ERR,ERR,ERR,ERR,ERR,ERR,ERR,ERR,ERR,ERR,ERR,ERR,ERR,ERR,ERR,ERR,ERR,ERR,ERR,ERR,ERR,ERR,ERR,ERR,ERR,ERR,ERR,ERR,ERR,ERR,ERR,ERR,ERR,ERR,ERR,ERR,ERR,ERR,ERR,ERR,ERR,ERR,ERR,ERR,ERR,ERR,ERR,ERR,ERR,ERR,ERR,ERR,ERR,ERR,ERR,ERR,ERR,ERR,ERR,ERR,ERR,ERR,ERR,ERR,ERR,ERR,ERR,ERR,ERR,ERR,ERR,ERR,ERR,ERR,ERR,ERR,ERR,ERR,ERR,ERR,ERR,ERR,ERR,ERR,ERR,ERR,ERR,ERR,ERR,ERR,ERR,ERR,ERR,ERR,ERR,ERR,ERR,0.0,0.0,-0.0,0.0,0.0,0.0,0.0,nan,0,0,0,32768,0,0.0,0,0.0,0.0,0.0,0.0,0.0,0,0,0,0,0.0,0,0,0,0,0,0,0,0,0,0,0,0,0,0,0,0,0,0,0,0,0,0,0,0,0,0,0,0,0,0,0,0,0,0,0,0,0,0,0,0,0,0,0,0,0.0,0.0,0.0,0.0,0.0,0.0,0.0,0.0,0.0,0.0,0.0,0.0,0.0,0.0,0.0,0.0,0.0,0.0,0.0,0.0,0.0,0.0,-0.0,-0.0,-2.004,-0.0,0.0,0.0,0.0,0.0,3367.5,0.0,0.0,0.0,0.0,-0.0,2.7184274988523002e+23,0.0,0.0,0.0,0.0,0,-152018253512704.0,4.066828723919524e+29,0.0,0.0,0.0,0.0,0.0,0.0,0.0,0,0,0,0.0,0.0,0.0,0.0,0.0,0.0,0.0,0.0,0.0,0.0,0.0,0.0,0.0,0.0,0.0,0.0,0,-107875648.0,0,0.0,0,-107875648.0,-107877712.0,0,52429,17038,0,17053,39322,17037,0,0,0,110,100,100,0.0,64.0,0.0,64.9,-107615304.0,68.5,1,49,50,180,0,13107,0,0,0.0,0.0,0.0,0.0,0.0,65.5,0.0,1.00864367499246e+36,0.0,645,0,686,0,0,0,714,0,785,0,708,0,689,0,645,0,640,0,618,0.032,36700160.0,-0.0,0.0,15504,16789,0.0,1.7874654912867833e+33,-29996382945280.0,-6.37781969250615e+31,-5.973257139997647e+29,0.0,29.0,60.0,70,0.0,0.0,0.0,0.0,0.0,0.0,0.0,0.0,0.0,0.0,0.0,0.0,0.0,0.0,0.0,0.0,59.2,68,11,65509,41,65476,0,300,0,0,8,20529,65476,0,0,61604,60.0,0.0,0.0,0.0,0.0,0.0
2026-04-04T11:45:44,ERR,ERR,ERR,ERR,ERR,ERR,ERR,ERR,ERR,ERR,ERR,ERR,ERR,ERR,ERR,ERR,ERR,ERR,ERR,ERR,ERR,ERR,ERR,ERR,ERR,ERR,ERR,ERR,ERR,ERR,ERR,ERR,ERR,ERR,ERR,ERR,ERR,ERR,ERR,ERR,ERR,ERR,ERR,ERR,ERR,ERR,ERR,ERR,ERR,ERR,ERR,ERR,ERR,ERR,ERR,ERR,ERR,ERR,ERR,ERR,ERR,ERR,ERR,ERR,ERR,ERR,ERR,ERR,ERR,ERR,ERR,ERR,ERR,ERR,ERR,ERR,ERR,ERR,ERR,ERR,ERR,ERR,ERR,ERR,ERR,ERR,ERR,ERR,ERR,ERR,ERR,ERR,ERR,ERR,ERR,ERR,ERR,ERR,ERR,ERR,ERR,ERR,ERR,ERR,ERR,ERR,ERR,ERR,ERR,ERR,ERR,ERR,ERR,ERR,ERR,ERR,ERR,ERR,ERR,ERR,ERR,ERR,ERR,ERR,ERR,0.0,0.0,-0.0,0.0,0.0,0.0,0.0,nan,0,0,0,32768,0,0.0,0,0.0,0.0,0.0,0.0,0.0,0,0,0,0,0.0,0,0,0,0,0,0,0,0,0,0,0,0,0,0,0,0,0,0,0,0,0,0,0,0,0,0,0,0,0,0,0,0,0,0,0,0,0,0,0,0,0,0,0,0,0.0,0.0,0.0,0.0,0.0,0.0,0.0,0.0,0.0,0.0,0.0,0.0,0.0,0.0,0.0,0.0,0.0,0.0,0.0,0.0,0.0,0.0,-0.0,-0.0,-2.004,-0.0,0.0,0.0,0.0,0.0,3367.5,0.0,0.0,0.0,0.0,-0.0,2.7184274988523002e+23,0.0,0.0,0.0,0.0,0,-152018253512704.0,4.066828723919524e+29,0.0,0.0,0.0,0.0,0.0,0.0,0.0,0,0,0,0.0,0.0,0.0,0.0,0.0,0.0,0.0,0.0,0.0,0.0,0.0,0.0,0.0,0.0,0.0,0.0,0,-107875648.0,0,0.0,0,-107875648.0,-107877712.0,0,52429,17038,0,17053,39322,17037,0,0,0,110,100,100,0.0,64.0,0.0,64.9,-107615304.0,68.5,1,49,50,180,0,13107,0,0,0.0,0.0,0.0,0.0,0.0,65.5,0.0,1.00864367499246e+36,0.0,645,0,686,0,0,0,714,0,785,0,708,0,689,0,645,0,640,0,618,0.032,36700160.0,-0.0,0.0,15504,16789,0.0,1.7874654912867833e+33,-29996382945280.0,-6.37781969250615e+31,-5.973257139997647e+29,0.0,29.0,60.0,70,0.0,0.0,0.0,0.0,0.0,0.0,0.0,0.0,0.0,0.0,0.0,0.0,0.0,0.0,0.0,0.0,59.6,68,11,65509,41,65476,0,300,0,0,8,20529,65476,0,0,61604,60.0,0.0,0.0,0.0,0.0,0.0
2026-04-04T11:45:45,ERR,ERR,ERR,ERR,ERR,ERR,ERR,ERR,ERR,ERR,ERR,ERR,ERR,ERR,ERR,ERR,ERR,ERR,ERR,ERR,ERR,ERR,ERR,ERR,ERR,ERR,ERR,ERR,ERR,ERR,ERR,ERR,ERR,ERR,ERR,ERR,ERR,ERR,ERR,ERR,ERR,ERR,ERR,ERR,ERR,ERR,ERR,ERR,ERR,ERR,ERR,ERR,ERR,ERR,ERR,ERR,ERR,ERR,ERR,ERR,ERR,ERR,ERR,ERR,ERR,ERR,ERR,ERR,ERR,ERR,ERR,ERR,ERR,ERR,ERR,ERR,ERR,ERR,ERR,ERR,ERR,ERR,ERR,ERR,ERR,ERR,ERR,ERR,ERR,ERR,ERR,ERR,ERR,ERR,ERR,ERR,ERR,ERR,ERR,ERR,ERR,ERR,ERR,ERR,ERR,ERR,ERR,ERR,ERR,ERR,ERR,ERR,ERR,ERR,ERR,ERR,ERR,ERR,ERR,ERR,ERR,ERR,ERR,ERR,ERR,0.0,0.0,-0.0,0.0,0.0,0.0,0.0,nan,0,0,0,32768,0,0.0,0,0.0,0.0,0.0,0.0,0.0,0,0,0,0,0.0,0,0,0,0,0,0,0,0,0,0,0,0,0,0,0,0,0,0,0,0,0,0,0,0,0,0,0,0,0,0,0,0,0,0,0,0,0,0,0,0,0,0,0,0,0.0,0.0,0.0,0.0,0.0,0.0,0.0,0.0,0.0,0.0,0.0,0.0,0.0,0.0,0.0,0.0,0.0,0.0,0.0,0.0,0.0,0.0,-0.0,-0.0,-2.004,-0.0,0.0,0.0,0.0,0.0,3367.5,0.0,0.0,0.0,0.0,-0.0,2.7184274988523002e+23,0.0,0.0,0.0,0.0,0,-152018253512704.0,4.066828723919524e+29,0.0,0.0,0.0,0.0,0.0,0.0,0.0,0,0,0,0.0,0.0,0.0,0.0,0.0,0.0,0.0,0.0,0.0,0.0,0.0,0.0,0.0,0.0,0.0,0.0,0,-107875648.0,0,0.0,0,-107875648.0,-107877712.0,0,52429,17038,0,17053,39322,17037,0,0,0,110,100,100,0.0,64.0,0.0,64.9,-107615304.0,68.5,1,49,50,180,0,13107,0,0,0.0,0.0,0.0,0.0,0.0,65.5,0.0,1.00864367499246e+36,0.0,645,0,686,0,0,0,714,0,785,0,708,0,689,0,645,0,640,0,618,0.032,36700160.0,-0.0,0.0,15504,16789,0.0,1.7874654912867833e+33,-29996382945280.0,-6.37781969250615e+31,-5.973257139997647e+29,0.0,29.0,60.0,70,0.0,0.0,0.0,0.0,0.0,0.0,0.0,0.0,0.0,0.0,0.0,0.0,0.0,0.0,0.0,0.0,59.6,68,11,65509,41,65476,0,300,0,0,8,20529,65476,0,0,61604,60.0,0.0,0.0,0.0,0.0,0.0
2026-04-04T11:45:46,ERR,ERR,ERR,ERR,ERR,ERR,ERR,ERR,ERR,ERR,ERR,ERR,ERR,ERR,ERR,ERR,ERR,ERR,ERR,ERR,ERR,ERR,ERR,ERR,ERR,ERR,ERR,ERR,ERR,ERR,ERR,ERR,ERR,ERR,ERR,ERR,ERR,ERR,ERR,ERR,ERR,ERR,ERR,ERR,ERR,ERR,ERR,ERR,ERR,ERR,ERR,ERR,ERR,ERR,ERR,ERR,ERR,ERR,ERR,ERR,ERR,ERR,ERR,ERR,ERR,ERR,ERR,ERR,ERR,ERR,ERR,ERR,ERR,ERR,ERR,ERR,ERR,ERR,ERR,ERR,ERR,ERR,ERR,ERR,ERR,ERR,ERR,ERR,ERR,ERR,ERR,ERR,ERR,ERR,ERR,ERR,ERR,ERR,ERR,ERR,ERR,ERR,ERR,ERR,ERR,ERR,ERR,ERR,ERR,ERR,ERR,ERR,ERR,ERR,ERR,ERR,ERR,ERR,ERR,ERR,ERR,ERR,ERR,ERR,ERR,0.0,0.0,-0.0,0.0,0.0,0.0,0.0,nan,0,0,0,32768,0,0.0,0,0.0,0.0,0.0,0.0,0.0,0,0,0,0,0.0,0,0,0,0,0,0,0,0,0,0,0,0,0,0,0,0,0,0,0,0,0,0,0,0,0,0,0,0,0,0,0,0,0,0,0,0,0,0,0,0,0,0,0,0,0.0,0.0,0.0,0.0,0.0,0.0,0.0,0.0,0.0,0.0,0.0,0.0,0.0,0.0,0.0,0.0,0.0,0.0,0.0,0.0,0.0,0.0,-0.0,-0.0,-2.004,-0.0,0.0,0.0,0.0,0.0,3367.5,0.0,0.0,0.0,0.0,-0.0,2.7184274988523002e+23,0.0,0.0,0.0,0.0,0,-152018253512704.0,4.066828723919524e+29,0.0,0.0,0.0,0.0,0.0,0.0,0.0,0,0,0,0.0,0.0,0.0,0.0,0.0,0.0,0.0,0.0,0.0,0.0,0.0,0.0,0.0,0.0,0.0,0.0,0,-107875648.0,0,0.0,0,-107875648.0,-107877712.0,0,39322,17038,0,17053,39322,17037,0,0,0,110,100,100,0.0,64.0,0.0,64.9,-107615304.0,68.5,1,49,50,180,0,13107,0,0,0.0,0.0,0.0,0.0,0.0,65.5,0.0,-0.0,0.0,645,0,686,0,0,0,714,0,785,0,707,0,689,0,645,0,640,0,618,0.032,36700160.0,-0.0,0.0,5264,16789,0.0,-0.0,-0.0,77951.227,-1867040537182208.0,0.0,29.0,60.0,70,0.0,0.0,0.0,0.0,0.0,0.0,0.0,0.0,0.0,0.0,0.0,0.0,0.0,0.0,0.0,0.0,59.6,68,11,65509,41,65476,0,300,0,0,8,20529,65476,0,0,61604,60.0,0.0,0.0,0.0,0.0,0.0
2026-04-04T11:45:47,ERR,ERR,ERR,ERR,ERR,ERR,ERR,ERR,ERR,ERR,ERR,ERR,ERR,ERR,ERR,ERR,ERR,ERR,ERR,ERR,ERR,ERR,ERR,ERR,ERR,ERR,ERR,ERR,ERR,ERR,ERR,ERR,ERR,ERR,ERR,ERR,ERR,ERR,ERR,ERR,ERR,ERR,ERR,ERR,ERR,ERR,ERR,ERR,ERR,ERR,ERR,ERR,ERR,ERR,ERR,ERR,ERR,ERR,ERR,ERR,ERR,ERR,ERR,ERR,ERR,ERR,ERR,ERR,ERR,ERR,ERR,ERR,ERR,ERR,ERR,ERR,ERR,ERR,ERR,ERR,ERR,ERR,ERR,ERR,ERR,ERR,ERR,ERR,ERR,ERR,ERR,ERR,ERR,ERR,ERR,ERR,ERR,ERR,ERR,ERR,ERR,ERR,ERR,ERR,ERR,ERR,ERR,ERR,ERR,ERR,ERR,ERR,ERR,ERR,ERR,ERR,ERR,ERR,ERR,ERR,ERR,ERR,ERR,ERR,ERR,0.0,0.0,-0.0,0.0,0.0,0.0,0.0,nan,0,0,0,32768,0,0.0,0,0.0,0.0,0.0,0.0,0.0,0,0,0,0,0.0,0,0,0,0,0,0,0,0,0,0,0,0,0,0,0,0,0,0,0,0,0,0,0,0,0,0,0,0,0,0,0,0,0,0,0,0,0,0,0,0,0,0,0,0,0.0,0.0,0.0,0.0,0.0,0.0,0.0,0.0,0.0,0.0,0.0,0.0,0.0,0.0,0.0,0.0,0.0,0.0,0.0,0.0,0.0,0.0,-0.0,-0.0,-2.004,-0.0,0.0,0.0,0.0,0.0,3367.5,0.0,0.0,0.0,0.0,-0.0,2.7184274988523002e+23,0.0,0.0,0.0,0.0,0,-152018253512704.0,4.066828723919524e+29,0.0,0.0,0.0,0.0,0.0,0.0,0.0,0,0,0,0.0,0.0,0.0,0.0,0.0,0.0,0.0,0.0,0.0,0.0,0.0,0.0,0.0,0.0,0.0,0.0,0,-107875648.0,0,0.0,0,-107875648.0,-107877712.0,0,39322,17038,0,17053,39322,17037,0,0,0,110,100,100,0.0,64.0,0.0,64.9,-107615304.0,68.5,1,49,50,180,0,13107,0,0,0.0,0.0,0.0,0.0,0.0,65.5,0.0,-0.0,0.0,645,0,686,0,0,0,714,0,785,0,707,0,689,0,645,0,640,0,618,0.032,36700160.0,-0.0,0.0,5264,16789,0.0,-0.0,-0.0,77951.227,-1867040537182208.0,0.0,29.0,60.0,70,0.0,0.0,0.0,0.0,0.0,0.0,0.0,0.0,0.0,0.0,0.0,0.0,0.0,0.0,0.0,0.0,59.2,68,11,65509,41,65476,0,300,0,0,8,20529,65476,0,0,61604,60.0,0.0,0.0,0.0,0.0,0.0
2026-04-04T11:45:48,ERR,ERR,ERR,ERR,ERR,ERR,ERR,ERR,ERR,ERR,ERR,ERR,ERR,ERR,ERR,ERR,ERR,ERR,ERR,ERR,ERR,ERR,ERR,ERR,ERR,ERR,ERR,ERR,ERR,ERR,ERR,ERR,ERR,ERR,ERR,ERR,ERR,ERR,ERR,ERR,ERR,ERR,ERR,ERR,ERR,ERR,ERR,ERR,ERR,ERR,ERR,ERR,ERR,ERR,ERR,ERR,ERR,ERR,ERR,ERR,ERR,ERR,ERR,ERR,ERR,ERR,ERR,ERR,ERR,ERR,ERR,ERR,ERR,ERR,ERR,ERR,ERR,ERR,ERR,ERR,ERR,ERR,ERR,ERR,ERR,ERR,ERR,ERR,ERR,ERR,ERR,ERR,ERR,ERR,ERR,ERR,ERR,ERR,ERR,ERR,ERR,ERR,ERR,ERR,ERR,ERR,ERR,ERR,ERR,ERR,ERR,ERR,ERR,ERR,ERR,ERR,ERR,ERR,ERR,ERR,ERR,ERR,ERR,ERR,ERR,0.0,0.0,-0.0,0.0,0.0,0.0,0.0,nan,0,0,0,32768,0,0.0,0,0.0,0.0,0.0,0.0,0.0,0,0,0,0,0.0,0,0,0,0,0,0,0,0,0,0,0,0,0,0,0,0,0,0,0,0,0,0,0,0,0,0,0,0,0,0,0,0,0,0,0,0,0,0,0,0,0,0,0,0,0.0,0.0,0.0,0.0,0.0,0.0,0.0,0.0,0.0,0.0,0.0,0.0,0.0,0.0,0.0,0.0,0.0,0.0,0.0,0.0,0.0,0.0,-0.0,-0.0,-2.004,-0.0,0.0,0.0,0.0,0.0,3367.5,0.0,0.0,0.0,0.0,-0.0,2.7184274988523002e+23,0.0,0.0,0.0,0.0,0,-152018253512704.0,4.066828723919524e+29,0.0,0.0,0.0,0.0,0.0,0.0,0.0,0,0,0,0.0,0.0,0.0,0.0,0.0,0.0,0.0,0.0,0.0,0.0,0.0,0.0,0.0,0.0,0.0,0.0,0,-107875648.0,0,0.0,0,-107875648.0,-107877712.0,0,39322,17038,0,17053,39322,17037,0,0,0,110,100,100,0.0,64.0,0.0,64.9,-107615304.0,68.5,1,49,50,180,0,13107,0,0,0.0,0.0,0.0,0.0,0.0,65.5,0.0,-0.0,0.0,645,0,686,0,0,0,714,0,785,0,707,0,689,0,645,0,640,0,618,0.032,36700160.0,-0.0,0.0,5264,16789,0.0,-0.0,-0.0,77951.227,-1867040537182208.0,0.0,29.0,60.0,70,0.0,0.0,0.0,0.0,0.0,0.0,0.0,0.0,0.0,0.0,0.0,0.0,0.0,0.0,0.0,0.0,59.2,68,11,65509,41,65476,0,300,0,0,8,20529,65476,0,0,61604,60.0,0.0,0.0,0.0,0.0,0.0
2026-04-04T11:45:49,ERR,ERR,ERR,ERR,ERR,ERR,ERR,ERR,ERR,ERR,ERR,ERR,ERR,ERR,ERR,ERR,ERR,ERR,ERR,ERR,ERR,ERR,ERR,ERR,ERR,ERR,ERR,ERR,ERR,ERR,ERR,ERR,ERR,ERR,ERR,ERR,ERR,ERR,ERR,ERR,ERR,ERR,ERR,ERR,ERR,ERR,ERR,ERR,ERR,ERR,ERR,ERR,ERR,ERR,ERR,ERR,ERR,ERR,ERR,ERR,ERR,ERR,ERR,ERR,ERR,ERR,ERR,ERR,ERR,ERR,ERR,ERR,ERR,ERR,ERR,ERR,ERR,ERR,ERR,ERR,ERR,ERR,ERR,ERR,ERR,ERR,ERR,ERR,ERR,ERR,ERR,ERR,ERR,ERR,ERR,ERR,ERR,ERR,ERR,ERR,ERR,ERR,ERR,ERR,ERR,ERR,ERR,ERR,ERR,ERR,ERR,ERR,ERR,ERR,ERR,ERR,ERR,ERR,ERR,ERR,ERR,ERR,ERR,ERR,ERR,0.0,0.0,-0.0,0.0,0.0,0.0,0.0,nan,0,0,0,32768,0,0.0,0,0.0,0.0,0.0,0.0,0.0,0,0,0,0,0.0,0,0,0,0,0,0,0,0,0,0,0,0,0,0,0,0,0,0,0,0,0,0,0,0,0,0,0,0,0,0,0,0,0,0,0,0,0,0,0,0,0,0,0,0,0.0,0.0,0.0,0.0,0.0,0.0,0.0,0.0,0.0,0.0,0.0,0.0,0.0,0.0,0.0,0.0,0.0,0.0,0.0,0.0,0.0,0.0,-0.0,-0.0,-2.004,-0.0,0.0,0.0,0.0,0.0,3367.5,0.0,0.0,0.0,0.0,-0.0,2.7184274988523002e+23,0.0,0.0,0.0,0.0,0,-152018253512704.0,4.066828723919524e+29,0.0,0.0,0.0,0.0,0.0,0.0,0.0,0,0,0,0.0,0.0,0.0,0.0,0.0,0.0,0.0,0.0,0.0,0.0,0.0,0.0,0.0,0.0,0.0,0.0,0,-107875648.0,0,0.0,0,-107875648.0,-107877712.0,0,39322,17038,0,17053,39322,17037,0,0,0,110,100,100,0.0,64.0,0.0,64.9,-107615304.0,68.5,1,49,50,180,0,13107,0,0,0.0,0.0,0.0,0.0,0.0,65.5,0.0,-0.0,0.0,645,0,686,0,0,0,714,0,785,0,707,0,689,0,645,0,640,0,618,0.032,36700160.0,-0.0,0.0,5264,16789,0.0,-0.0,-0.0,77951.227,-1867040537182208.0,0.0,29.0,60.0,70,0.0,0.0,0.0,0.0,0.0,0.0,0.0,0.0,0.0,0.0,0.0,0.0,0.0,0.0,0.0,0.0,59.2,68,11,65509,41,65476,0,300,0,0,8,20529,65476,0,0,61604,60.0,0.0,0.0,0.0,0.0,0.0
2026-04-04T11:45:50,ERR,ERR,ERR,ERR,ERR,ERR,ERR,ERR,ERR,ERR,ERR,ERR,ERR,ERR,ERR,ERR,ERR,ERR,ERR,ERR,ERR,ERR,ERR,ERR,ERR,ERR,ERR,ERR,ERR,ERR,ERR,ERR,ERR,ERR,ERR,ERR,ERR,ERR,ERR,ERR,ERR,ERR,ERR,ERR,ERR,ERR,ERR,ERR,ERR,ERR,ERR,ERR,ERR,ERR,ERR,ERR,ERR,ERR,ERR,ERR,ERR,ERR,ERR,ERR,ERR,ERR,ERR,ERR,ERR,ERR,ERR,ERR,ERR,ERR,ERR,ERR,ERR,ERR,ERR,ERR,ERR,ERR,ERR,ERR,ERR,ERR,ERR,ERR,ERR,ERR,ERR,ERR,ERR,ERR,ERR,ERR,ERR,ERR,ERR,ERR,ERR,ERR,ERR,ERR,ERR,ERR,ERR,ERR,ERR,ERR,ERR,ERR,ERR,ERR,ERR,ERR,ERR,ERR,ERR,ERR,ERR,ERR,ERR,ERR,ERR,0.0,0.0,-0.0,0.0,0.0,0.0,0.0,nan,0,0,0,32768,0,0.0,0,0.0,0.0,0.0,0.0,0.0,0,0,0,0,0.0,0,0,0,0,0,0,0,0,0,0,0,0,0,0,0,0,0,0,0,0,0,0,0,0,0,0,0,0,0,0,0,0,0,0,0,0,0,0,0,0,0,0,0,0,0.0,0.0,0.0,0.0,0.0,0.0,0.0,0.0,0.0,0.0,0.0,0.0,0.0,0.0,0.0,0.0,0.0,0.0,0.0,0.0,0.0,0.0,-0.0,-2.004,-2.004,-0.0,0.0,0.0,0.0,0.0,3368.0,2.004,0.0,-107615240.0,-0.0,-0.0,2.7184274988523002e+23,0.0,0.0,0.0,0.0,0,-1.9056958870913024e+17,-0.0,0.0,0.0,0.0,0.0,0.0,0.0,0.0,0,0,0,0.0,0.0,0.0,0.0,0.0,0.0,0.0,0.0,0.0,0.0,0.0,0.0,0.0,0.0,0.0,0.0,0,-107875648.0,0,0.0,0,-107875648.0,-107877712.0,0,39322,17038,0,17053,39322,17037,0,0,0,110,100,100,0.0,64.0,0.0,64.9,-107615304.0,68.5,1,49,50,180,0,13107,0,0,0.0,0.0,0.0,0.0,0.0,65.5,0.0,-0.0,0.0,645,0,686,0,0,0,714,0,785,0,707,0,689,0,645,0,640,0,618,0.032,36700160.0,-0.0,0.0,5264,16789,0.0,-0.0,-0.0,77951.227,-1867040537182208.0,0.0,29.0,60.0,70,0.0,0.0,0.0,0.0,0.0,0.0,0.0,0.0,0.0,0.0,0.0,0.0,0.0,0.0,0.0,0.0,59.2,68,12,65509,41,65476,0,300,0,0,8,20529,65476,0,0,61604,60.0,0.0,0.0,0.0,0.0,0.0
2026-04-04T11:45:51,ERR,ERR,ERR,ERR,ERR,ERR,ERR,ERR,ERR,ERR,ERR,ERR,ERR,ERR,ERR,ERR,ERR,ERR,ERR,ERR,ERR,ERR,ERR,ERR,ERR,ERR,ERR,ERR,ERR,ERR,ERR,ERR,ERR,ERR,ERR,ERR,ERR,ERR,ERR,ERR,ERR,ERR,ERR,ERR,ERR,ERR,ERR,ERR,ERR,ERR,ERR,ERR,ERR,ERR,ERR,ERR,ERR,ERR,ERR,ERR,ERR,ERR,ERR,ERR,ERR,ERR,ERR,ERR,ERR,ERR,ERR,ERR,ERR,ERR,ERR,ERR,ERR,ERR,ERR,ERR,ERR,ERR,ERR,ERR,ERR,ERR,ERR,ERR,ERR,ERR,ERR,ERR,ERR,ERR,ERR,ERR,ERR,ERR,ERR,ERR,ERR,ERR,ERR,ERR,ERR,ERR,ERR,ERR,ERR,ERR,ERR,ERR,ERR,ERR,ERR,ERR,ERR,ERR,ERR,ERR,ERR,ERR,ERR,ERR,ERR,0.0,0.0,-0.0,0.0,0.0,0.0,0.0,nan,0,0,0,32768,0,0.0,0,0.0,0.0,0.0,0.0,0.0,0,0,0,0,0.0,0,0,0,0,0,0,0,0,0,0,0,0,0,0,0,0,0,0,0,0,0,0,0,0,0,0,0,0,0,0,0,0,0,0,0,0,0,0,0,0,0,0,0,0,0.0,0.0,0.0,0.0,0.0,0.0,0.0,0.0,0.0,0.0,0.0,0.0,0.0,0.0,0.0,0.0,0.0,0.0,0.0,0.0,0.0,0.0,-0.0,-2.004,-2.004,-0.0,0.0,0.0,0.0,0.0,3368.0,2.004,0.0,-107615240.0,-0.0,-0.0,2.7184274988523002e+23,0.0,0.0,0.0,0.0,0,-1.9056958870913024e+17,-0.0,0.0,0.0,0.0,0.0,0.0,0.0,0.0,0,0,0,0.0,0.0,0.0,0.0,0.0,0.0,0.0,0.0,0.0,0.0,0.0,0.0,0.0,0.0,0.0,0.0,0,-107875648.0,0,0.0,0,-107875648.0,-107877712.0,0,39322,17038,0,17053,39322,17037,0,0,0,110,100,100,0.0,64.0,0.0,64.9,-107615304.0,68.5,1,49,50,180,0,13107,0,0,0.0,0.0,0.0,0.0,0.0,65.5,0.0,-0.0,0.0,645,0,686,0,0,0,714,0,785,0,707,0,689,0,645,0,640,0,618,0.032,36700160.0,-0.0,0.0,5264,16789,0.0,-0.0,-0.0,77951.227,-1867040537182208.0,0.0,29.0,60.0,70,0.0,0.0,0.0,0.0,0.0,0.0,0.0,0.0,0.0,0.0,0.0,0.0,0.0,0.0,0.0,0.0,59.2,68,12,65509,41,65476,0,300,0,0,8,20529,65476,0,0,61604,60.0,0.0,0.0,0.0,0.0,0.0
2026-04-04T11:45:52,ERR,ERR,ERR,ERR,ERR,ERR,ERR,ERR,ERR,ERR,ERR,ERR,ERR,ERR,ERR,ERR,ERR,ERR,ERR,ERR,ERR,ERR,ERR,ERR,ERR,ERR,ERR,ERR,ERR,ERR,ERR,ERR,ERR,ERR,ERR,ERR,ERR,ERR,ERR,ERR,ERR,ERR,ERR,ERR,ERR,ERR,ERR,ERR,ERR,ERR,ERR,ERR,ERR,ERR,ERR,ERR,ERR,ERR,ERR,ERR,ERR,ERR,ERR,ERR,ERR,ERR,ERR,ERR,ERR,ERR,ERR,ERR,ERR,ERR,ERR,ERR,ERR,ERR,ERR,ERR,ERR,ERR,ERR,ERR,ERR,ERR,ERR,ERR,ERR,ERR,ERR,ERR,ERR,ERR,ERR,ERR,ERR,ERR,ERR,ERR,ERR,ERR,ERR,ERR,ERR,ERR,ERR,ERR,ERR,ERR,ERR,ERR,ERR,ERR,ERR,ERR,ERR,ERR,ERR,ERR,ERR,ERR,ERR,ERR,ERR,0.0,0.0,-0.0,0.0,0.0,0.0,0.0,nan,0,0,0,32768,0,0.0,0,0.0,0.0,0.0,0.0,0.0,0,0,0,0,0.0,0,0,0,0,0,0,0,0,0,0,0,0,0,0,0,0,0,0,0,0,0,0,0,0,0,0,0,0,0,0,0,0,0,0,0,0,0,0,0,0,0,0,0,0,0.0,0.0,0.0,0.0,0.0,0.0,0.0,0.0,0.0,0.0,0.0,0.0,0.0,0.0,0.0,0.0,0.0,0.0,0.0,0.0,0.0,0.0,-0.0,-2.004,-2.004,-0.0,0.0,0.0,0.0,0.0,3368.0,2.004,0.0,-107615240.0,-0.0,-0.0,2.7184274988523002e+23,0.0,0.0,0.0,0.0,0,-1.9056958870913024e+17,-0.0,0.0,0.0,0.0,0.0,0.0,0.0,0.0,0,0,0,0.0,0.0,0.0,0.0,0.0,0.0,0.0,0.0,0.0,0.0,0.0,0.0,0.0,0.0,0.0,0.0,0,-107875648.0,0,0.0,0,-107875648.0,-107877712.0,0,52429,17038,0,17053,39322,17037,0,0,0,110,100,100,0.0,64.0,0.0,64.9,-107615304.0,68.5,1,49,50,180,0,13107,0,0,0.0,0.0,0.0,0.0,0.0,65.5,0.0,0.0,0.0,645,0,686,0,0,0,714,0,785,0,707,0,689,0,645,0,640,0,618,0.032,36962304.0,-0.0,0.0,11408,16789,0.0,0.0,-0.0,0.0,-44875999346688.0,0.0,29.0,60.0,70,0.0,0.0,0.0,0.0,0.0,0.0,0.0,0.0,0.0,0.0,0.0,0.0,0.0,0.0,0.0,0.0,59.2,68,12,65509,41,65476,0,300,0,0,8,20529,65476,0,0,61604,60.0,0.0,0.0,0.0,0.0,0.0
2026-04-04T11:45:53,ERR,ERR,ERR,ERR,ERR,ERR,ERR,ERR,ERR,ERR,ERR,ERR,ERR,ERR,ERR,ERR,ERR,ERR,ERR,ERR,ERR,ERR,ERR,ERR,ERR,ERR,ERR,ERR,ERR,ERR,ERR,ERR,ERR,ERR,ERR,ERR,ERR,ERR,ERR,ERR,ERR,ERR,ERR,ERR,ERR,ERR,ERR,ERR,ERR,ERR,ERR,ERR,ERR,ERR,ERR,ERR,ERR,ERR,ERR,ERR,ERR,ERR,ERR,ERR,ERR,ERR,ERR,ERR,ERR,ERR,ERR,ERR,ERR,ERR,ERR,ERR,ERR,ERR,ERR,ERR,ERR,ERR,ERR,ERR,ERR,ERR,ERR,ERR,ERR,ERR,ERR,ERR,ERR,ERR,ERR,ERR,ERR,ERR,ERR,ERR,ERR,ERR,ERR,ERR,ERR,ERR,ERR,ERR,ERR,ERR,ERR,ERR,ERR,ERR,ERR,ERR,ERR,ERR,ERR,ERR,ERR,ERR,ERR,ERR,ERR,0.0,0.0,-0.0,0.0,0.0,0.0,0.0,nan,0,0,0,32768,0,0.0,0,0.0,0.0,0.0,0.0,0.0,0,0,0,0,0.0,0,0,0,0,0,0,0,0,0,0,0,0,0,0,0,0,0,0,0,0,0,0,0,0,0,0,0,0,0,0,0,0,0,0,0,0,0,0,0,0,0,0,0,0,0.0,0.0,0.0,0.0,0.0,0.0,0.0,0.0,0.0,0.0,0.0,0.0,0.0,0.0,0.0,0.0,0.0,0.0,0.0,0.0,0.0,0.0,-0.0,-2.004,-2.004,-0.0,0.0,0.0,0.0,0.0,3368.0,2.004,0.0,-107615240.0,-0.0,-0.0,2.7184274988523002e+23,0.0,0.0,0.0,0.0,0,-1.9056958870913024e+17,-0.0,0.0,0.0,0.0,0.0,0.0,0.0,0.0,0,0,0,0.0,0.0,0.0,0.0,0.0,0.0,0.0,0.0,0.0,0.0,0.0,0.0,0.0,0.0,0.0,0.0,0,-107875648.0,0,0.0,0,-107875648.0,-107877712.0,0,52429,17038,0,17053,39322,17037,0,0,0,110,100,100,0.0,64.0,0.0,64.9,-107615304.0,68.5,1,49,50,180,0,13107,0,0,0.0,0.0,0.0,0.0,0.0,65.5,0.0,0.0,0.0,645,0,686,0,0,0,714,0,785,0,707,0,689,0,645,0,640,0,618,0.032,36962304.0,-0.0,0.0,11408,16789,0.0,0.0,-0.0,0.0,-44875999346688.0,0.0,29.0,60.0,70,0.0,0.0,0.0,0.0,0.0,0.0,0.0,0.0,0.0,0.0,0.0,0.0,0.0,0.0,0.0,0.0,59.6,68,12,65509,41,65476,0,300,0,0,8,20529,65476,0,0,61604,60.0,0.0,0.0,0.0,0.0,0.0
2026-04-04T11:45:54,ERR,ERR,ERR,ERR,ERR,ERR,ERR,ERR,ERR,ERR,ERR,ERR,ERR,ERR,ERR,ERR,ERR,ERR,ERR,ERR,ERR,ERR,ERR,ERR,ERR,ERR,ERR,ERR,ERR,ERR,ERR,ERR,ERR,ERR,ERR,ERR,ERR,ERR,ERR,ERR,ERR,ERR,ERR,ERR,ERR,ERR,ERR,ERR,ERR,ERR,ERR,ERR,ERR,ERR,ERR,ERR,ERR,ERR,ERR,ERR,ERR,ERR,ERR,ERR,ERR,ERR,ERR,ERR,ERR,ERR,ERR,ERR,ERR,ERR,ERR,ERR,ERR,ERR,ERR,ERR,ERR,ERR,ERR,ERR,ERR,ERR,ERR,ERR,ERR,ERR,ERR,ERR,ERR,ERR,ERR,ERR,ERR,ERR,ERR,ERR,ERR,ERR,ERR,ERR,ERR,ERR,ERR,ERR,ERR,ERR,ERR,ERR,ERR,ERR,ERR,ERR,ERR,ERR,ERR,ERR,ERR,ERR,ERR,ERR,ERR,0.0,0.0,-0.0,0.0,0.0,0.0,0.0,nan,0,0,0,32768,0,0.0,0,0.0,0.0,0.0,0.0,0.0,0,0,0,0,0.0,0,0,0,0,0,0,0,0,0,0,0,0,0,0,0,0,0,0,0,0,0,0,0,0,0,0,0,0,0,0,0,0,0,0,0,0,0,0,0,0,0,0,0,0,0.0,0.0,0.0,0.0,0.0,0.0,0.0,0.0,0.0,0.0,0.0,0.0,0.0,0.0,0.0,0.0,0.0,0.0,0.0,0.0,0.0,0.0,-0.0,-2.004,-2.004,-0.0,0.0,0.0,0.0,0.0,3368.0,2.004,0.0,-107615240.0,-0.0,-0.0,2.7184274988523002e+23,0.0,0.0,0.0,0.0,0,-1.9056958870913024e+17,-0.0,0.0,0.0,0.0,0.0,0.0,0.0,0.0,0,0,0,0.0,0.0,0.0,0.0,0.0,0.0,0.0,0.0,0.0,0.0,0.0,0.0,0.0,0.0,0.0,0.0,0,-107875648.0,0,0.0,0,-107875648.0,-107877712.0,0,52429,17038,0,17053,39322,17037,0,0,0,110,100,100,0.0,64.0,0.0,64.9,-107615304.0,68.5,1,49,50,180,0,13107,0,0,0.0,0.0,0.0,0.0,0.0,65.5,0.0,0.0,0.0,645,0,686,0,0,0,714,0,785,0,707,0,689,0,645,0,640,0,618,0.032,36962304.0,-0.0,0.0,11408,16789,0.0,0.0,-0.0,0.0,-44875999346688.0,0.0,29.0,60.0,70,0.0,0.0,0.0,0.0,0.0,0.0,0.0,0.0,0.0,0.0,0.0,0.0,0.0,0.0,0.0,0.0,59.6,68,12,65509,41,65476,0,300,0,0,8,20529,65476,0,0,61604,60.0,0.0,0.0,0.0,0.0,0.0
2026-04-04T11:45:55,ERR,ERR,ERR,ERR,ERR,ERR,ERR,ERR,ERR,ERR,ERR,ERR,ERR,ERR,ERR,ERR,ERR,ERR,ERR,ERR,ERR,ERR,ERR,ERR,ERR,ERR,ERR,ERR,ERR,ERR,ERR,ERR,ERR,ERR,ERR,ERR,ERR,ERR,ERR,ERR,ERR,ERR,ERR,ERR,ERR,ERR,ERR,ERR,ERR,ERR,ERR,ERR,ERR,ERR,ERR,ERR,ERR,ERR,ERR,ERR,ERR,ERR,ERR,ERR,ERR,ERR,ERR,ERR,ERR,ERR,ERR,ERR,ERR,ERR,ERR,ERR,ERR,ERR,ERR,ERR,ERR,ERR,ERR,ERR,ERR,ERR,ERR,ERR,ERR,ERR,ERR,ERR,ERR,ERR,ERR,ERR,ERR,ERR,ERR,ERR,ERR,ERR,ERR,ERR,ERR,ERR,ERR,ERR,ERR,ERR,ERR,ERR,ERR,ERR,ERR,ERR,ERR,ERR,ERR,ERR,ERR,ERR,ERR,ERR,ERR,0.0,0.0,-0.0,0.0,0.0,0.0,0.0,nan,0,0,0,32768,0,0.0,0,0.0,0.0,0.0,0.0,0.0,0,0,0,0,0.0,0,0,0,0,0,0,0,0,0,0,0,0,0,0,0,0,0,0,0,0,0,0,0,0,0,0,0,0,0,0,0,0,0,0,0,0,0,0,0,0,0,0,0,0,0.0,0.0,0.0,0.0,0.0,0.0,0.0,0.0,0.0,0.0,0.0,0.0,0.0,0.0,0.0,0.0,0.0,0.0,0.0,0.0,0.0,0.0,-0.0,-2.004,-2.004,-0.0,0.0,0.0,0.0,0.0,3368.0,2.004,0.0,-107615240.0,-0.0,-0.0,2.7184274988523002e+23,0.0,0.0,0.0,0.0,0,-1.9056958870913024e+17,-0.0,0.0,0.0,0.0,0.0,0.0,0.0,0.0,0,0,0,0.0,0.0,0.0,0.0,0.0,0.0,0.0,0.0,0.0,0.0,0.0,0.0,0.0,0.0,0.0,0.0,0,-107875648.0,0,0.0,0,-107875648.0,-107877712.0,0,52429,17038,0,17053,39322,17037,0,0,0,110,100,100,0.0,64.0,0.0,64.9,-107615304.0,68.5,1,49,50,180,0,13107,0,0,0.0,0.0,0.0,0.0,0.0,65.5,0.0,0.0,0.0,645,0,686,0,0,0,714,0,785,0,707,0,689,0,645,0,640,0,618,0.032,36962304.0,-0.0,0.0,11408,16789,0.0,0.0,-0.0,0.0,-44875999346688.0,0.0,29.0,60.0,70,0.0,0.0,0.0,0.0,0.0,0.0,0.0,0.0,0.0,0.0,0.0,0.0,0.0,0.0,0.0,0.0,59.2,68,12,65509,41,65476,0,300,0,0,8,20529,65476,0,0,61604,60.0,0.0,0.0,0.0,0.0,0.0
2026-04-04T11:45:56,ERR,ERR,ERR,ERR,ERR,ERR,ERR,ERR,ERR,ERR,ERR,ERR,ERR,ERR,ERR,ERR,ERR,ERR,ERR,ERR,ERR,ERR,ERR,ERR,ERR,ERR,ERR,ERR,ERR,ERR,ERR,ERR,ERR,ERR,ERR,ERR,ERR,ERR,ERR,ERR,ERR,ERR,ERR,ERR,ERR,ERR,ERR,ERR,ERR,ERR,ERR,ERR,ERR,ERR,ERR,ERR,ERR,ERR,ERR,ERR,ERR,ERR,ERR,ERR,ERR,ERR,ERR,ERR,ERR,ERR,ERR,ERR,ERR,ERR,ERR,ERR,ERR,ERR,ERR,ERR,ERR,ERR,ERR,ERR,ERR,ERR,ERR,ERR,ERR,ERR,ERR,ERR,ERR,ERR,ERR,ERR,ERR,ERR,ERR,ERR,ERR,ERR,ERR,ERR,ERR,ERR,ERR,ERR,ERR,ERR,ERR,ERR,ERR,ERR,ERR,ERR,ERR,ERR,ERR,ERR,ERR,ERR,ERR,ERR,ERR,0.0,0.0,-0.0,0.0,0.0,0.0,0.0,nan,0,0,0,32768,0,0.0,0,0.0,0.0,0.0,0.0,0.0,0,0,0,0,0.0,0,0,0,0,0,0,0,0,0,0,0,0,0,0,0,0,0,0,0,0,0,0,0,0,0,0,0,0,0,0,0,0,0,0,0,0,0,0,0,0,0,0,0,0,0.0,0.0,0.0,0.0,0.0,0.0,0.0,0.0,0.0,0.0,0.0,0.0,0.0,0.0,0.0,0.0,0.0,0.0,0.0,0.0,0.0,0.0,-0.0,-2.004,-2.004,-0.0,0.0,0.0,0.0,0.0,3368.0,2.004,0.0,-107615240.0,-0.0,-0.0,2.7184274988523002e+23,0.0,0.0,0.0,0.0,0,-1.9056958870913024e+17,-0.0,0.0,0.0,0.0,0.0,0.0,0.0,0.0,0,0,0,0.0,0.0,0.0,0.0,0.0,0.0,0.0,0.0,0.0,0.0,0.0,0.0,0.0,0.0,0.0,0.0,0,-107875648.0,0,0.0,0,-107875648.0,-107877712.0,0,52429,17038,0,17053,39322,17037,0,0,0,110,100,100,0.0,64.0,0.0,64.9,-107615304.0,68.5,1,49,50,180,0,13107,0,0,0.0,0.0,0.0,0.0,0.0,65.5,0.0,0.0,0.0,645,0,686,0,0,0,714,0,785,0,707,0,689,0,645,0,640,0,618,0.032,36962304.0,-0.0,0.0,11408,16789,0.0,0.0,-0.0,0.0,-44875999346688.0,0.0,29.0,60.0,70,0.0,0.0,0.0,0.0,0.0,0.0,0.0,0.0,0.0,0.0,0.0,0.0,0.0,0.0,0.0,0.0,59.2,68,12,65509,41,65476,0,300,0,0,8,20529,65476,0,0,61604,60.0,0.0,0.0,0.0,0.0,0.0
2026-04-04T11:45:57,ERR,ERR,ERR,ERR,ERR,ERR,ERR,ERR,ERR,ERR,ERR,ERR,ERR,ERR,ERR,ERR,ERR,ERR,ERR,ERR,ERR,ERR,ERR,ERR,ERR,ERR,ERR,ERR,ERR,ERR,ERR,ERR,ERR,ERR,ERR,ERR,ERR,ERR,ERR,ERR,ERR,ERR,ERR,ERR,ERR,ERR,ERR,ERR,ERR,ERR,ERR,ERR,ERR,ERR,ERR,ERR,ERR,ERR,ERR,ERR,ERR,ERR,ERR,ERR,ERR,ERR,ERR,ERR,ERR,ERR,ERR,ERR,ERR,ERR,ERR,ERR,ERR,ERR,ERR,ERR,ERR,ERR,ERR,ERR,ERR,ERR,ERR,ERR,ERR,ERR,ERR,ERR,ERR,ERR,ERR,ERR,ERR,ERR,ERR,ERR,ERR,ERR,ERR,ERR,ERR,ERR,ERR,ERR,ERR,ERR,ERR,ERR,ERR,ERR,ERR,ERR,ERR,ERR,ERR,ERR,ERR,ERR,ERR,ERR,ERR,0.0,0.0,-0.0,0.0,0.0,0.0,0.0,nan,0,0,0,32768,0,0.0,0,0.0,0.0,0.0,0.0,0.0,0,0,0,0,0.0,0,0,0,0,0,0,0,0,0,0,0,0,0,0,0,0,0,0,0,0,0,0,0,0,0,0,0,0,0,0,0,0,0,0,0,0,0,0,0,0,0,0,0,0,0.0,0.0,0.0,0.0,0.0,0.0,0.0,0.0,0.0,0.0,0.0,0.0,0.0,0.0,0.0,0.0,0.0,0.0,0.0,0.0,0.0,0.0,-0.0,-2.004,-2.004,-0.0,0.0,0.0,0.0,0.0,3368.0,2.004,0.0,-107615240.0,-0.0,-0.0,2.7184274988523002e+23,0.0,0.0,0.0,0.0,0,-1.9056958870913024e+17,-0.0,0.0,0.0,0.0,0.0,0.0,0.0,0.0,0,0,0,0.0,0.0,0.0,0.0,0.0,0.0,0.0,0.0,0.0,0.0,0.0,0.0,0.0,0.0,0.0,0.0,0,-107875648.0,0,0.0,0,-107875648.0,-107877712.0,0,52429,17038,0,17053,39322,17037,0,0,0,110,100,100,0.0,64.0,0.0,64.9,-107615304.0,68.5,1,49,50,180,0,13107,0,0,0.0,0.0,0.0,0.0,0.0,65.5,0.0,0.0,0.0,645,0,686,0,0,0,714,0,785,0,707,0,689,0,645,0,640,0,618,0.032,36962304.0,-0.0,0.0,11408,16789,0.0,0.0,-0.0,0.0,-44875999346688.0,0.0,29.0,60.0,70,0.0,0.0,0.0,0.0,0.0,0.0,0.0,0.0,0.0,0.0,0.0,0.0,0.0,0.0,0.0,0.0,59.2,68,12,65509,41,65476,0,300,0,0,8,20529,65476,0,0,61604,60.0,0.0,0.0,0.0,0.0,0.0
2026-04-04T11:45:58,ERR,ERR,ERR,ERR,ERR,ERR,ERR,ERR,ERR,ERR,ERR,ERR,ERR,ERR,ERR,ERR,ERR,ERR,ERR,ERR,ERR,ERR,ERR,ERR,ERR,ERR,ERR,ERR,ERR,ERR,ERR,ERR,ERR,ERR,ERR,ERR,ERR,ERR,ERR,ERR,ERR,ERR,ERR,ERR,ERR,ERR,ERR,ERR,ERR,ERR,ERR,ERR,ERR,ERR,ERR,ERR,ERR,ERR,ERR,ERR,ERR,ERR,ERR,ERR,ERR,ERR,ERR,ERR,ERR,ERR,ERR,ERR,ERR,ERR,ERR,ERR,ERR,ERR,ERR,ERR,ERR,ERR,ERR,ERR,ERR,ERR,ERR,ERR,ERR,ERR,ERR,ERR,ERR,ERR,ERR,ERR,ERR,ERR,ERR,ERR,ERR,ERR,ERR,ERR,ERR,ERR,ERR,ERR,ERR,ERR,ERR,ERR,ERR,ERR,ERR,ERR,ERR,ERR,ERR,ERR,ERR,ERR,ERR,ERR,ERR,0.0,0.0,-0.0,0.0,0.0,0.0,0.0,nan,0,0,0,32768,0,0.0,0,0.0,0.0,0.0,0.0,0.0,0,0,0,0,0.0,0,0,0,0,0,0,0,0,0,0,0,0,0,0,0,0,0,0,0,0,0,0,0,0,0,0,0,0,0,0,0,0,0,0,0,0,0,0,0,0,0,0,0,0,0.0,0.0,0.0,0.0,0.0,0.0,0.0,0.0,0.0,0.0,0.0,0.0,0.0,0.0,0.0,0.0,0.0,0.0,0.0,0.0,0.0,0.0,2.004,-0.0,-2.004,-0.0,0.0,0.0,0.0,0.0,3368.0,0.0,0.0,0.0,0.0,-0.0,2.7184274988523002e+23,0.0,0.0,0.0,0.0,0,-1.9056958870913024e+17,5.8480295378657616e+35,0.0,0.0,0.0,0.0,0.0,0.0,0.0,0,0,0,0.0,0.0,0.0,0.0,0.0,0.0,0.0,0.0,0.0,0.0,0.0,0.0,0.0,0.0,0.0,0.0,0,-107875648.0,0,0.0,0,-107875648.0,-107877712.0,0,39322,17038,0,17053,39322,17037,0,0,0,110,100,100,0.0,64.0,0.0,64.9,-107615304.0,68.5,1,49,50,180,0,13107,0,0,0.0,0.0,0.0,0.0,0.0,65.5,0.0,0.0,0.0,645,0,686,0,0,0,714,0,785,0,708,0,689,0,645,0,640,0,618,0.032,36700160.0,-0.0,0.0,9232,16789,0.0,0.0,-0.0,0.0,-65766720274432.0,0.0,29.0,60.0,70,0.0,0.0,0.0,0.0,0.0,0.0,0.0,0.0,0.0,0.0,0.0,0.0,0.0,0.0,0.0,0.0,59.2,68,12,65509,41,65476,0,300,0,0,8,20529,65476,0,0,61604,60.0,0.0,0.0,0.0,0.0,0.0
2026-04-04T11:45:59,ERR,ERR,ERR,ERR,ERR,ERR,ERR,ERR,ERR,ERR,ERR,ERR,ERR,ERR,ERR,ERR,ERR,ERR,ERR,ERR,ERR,ERR,ERR,ERR,ERR,ERR,ERR,ERR,ERR,ERR,ERR,ERR,ERR,ERR,ERR,ERR,ERR,ERR,ERR,ERR,ERR,ERR,ERR,ERR,ERR,ERR,ERR,ERR,ERR,ERR,ERR,ERR,ERR,ERR,ERR,ERR,ERR,ERR,ERR,ERR,ERR,ERR,ERR,ERR,ERR,ERR,ERR,ERR,ERR,ERR,ERR,ERR,ERR,ERR,ERR,ERR,ERR,ERR,ERR,ERR,ERR,ERR,ERR,ERR,ERR,ERR,ERR,ERR,ERR,ERR,ERR,ERR,ERR,ERR,ERR,ERR,ERR,ERR,ERR,ERR,ERR,ERR,ERR,ERR,ERR,ERR,ERR,ERR,ERR,ERR,ERR,ERR,ERR,ERR,ERR,ERR,ERR,ERR,ERR,ERR,ERR,ERR,ERR,ERR,ERR,0.0,0.0,-0.0,0.0,0.0,0.0,0.0,nan,0,0,0,32768,0,0.0,0,0.0,0.0,0.0,0.0,0.0,0,0,0,0,0.0,0,0,0,0,0,0,0,0,0,0,0,0,0,0,0,0,0,0,0,0,0,0,0,0,0,0,0,0,0,0,0,0,0,0,0,0,0,0,0,0,0,0,0,0,0.0,0.0,0.0,0.0,0.0,0.0,0.0,0.0,0.0,0.0,0.0,0.0,0.0,0.0,0.0,0.0,0.0,0.0,0.0,0.0,0.0,0.0,2.004,-0.0,-2.004,-0.0,0.0,0.0,0.0,0.0,3368.0,0.0,0.0,0.0,0.0,-0.0,2.7184274988523002e+23,0.0,0.0,0.0,0.0,0,-1.9056958870913024e+17,5.8480295378657616e+35,0.0,0.0,0.0,0.0,0.0,0.0,0.0,0,0,0,0.0,0.0,0.0,0.0,0.0,0.0,0.0,0.0,0.0,0.0,0.0,0.0,0.0,0.0,0.0,0.0,0,-107875648.0,0,0.0,0,-107875648.0,-107877712.0,0,39322,17038,0,17053,39322,17037,0,0,0,110,100,100,0.0,64.0,0.0,64.9,-107615304.0,68.5,1,49,50,180,0,13107,0,0,0.0,0.0,0.0,0.0,0.0,65.5,0.0,0.0,0.0,645,0,686,0,0,0,714,0,785,0,708,0,689,0,645,0,640,0,618,0.032,36700160.0,-0.0,0.0,9232,16789,0.0,0.0,-0.0,0.0,-65766720274432.0,0.0,29.0,60.0,70,0.0,0.0,0.0,0.0,0.0,0.0,0.0,0.0,0.0,0.0,0.0,0.0,0.0,0.0,0.0,0.0,59.2,68,12,65509,41,65476,0,300,0,0,8,20529,65476,0,0,61604,60.0,0.0,0.0,0.0,0.0,0.0
2026-04-04T11:46:00,ERR,ERR,ERR,ERR,ERR,ERR,ERR,ERR,ERR,ERR,ERR,ERR,ERR,ERR,ERR,ERR,ERR,ERR,ERR,ERR,ERR,ERR,ERR,ERR,ERR,ERR,ERR,ERR,ERR,ERR,ERR,ERR,ERR,ERR,ERR,ERR,ERR,ERR,ERR,ERR,ERR,ERR,ERR,ERR,ERR,ERR,ERR,ERR,ERR,ERR,ERR,ERR,ERR,ERR,ERR,ERR,ERR,ERR,ERR,ERR,ERR,ERR,ERR,ERR,ERR,ERR,ERR,ERR,ERR,ERR,ERR,ERR,ERR,ERR,ERR,ERR,ERR,ERR,ERR,ERR,ERR,ERR,ERR,ERR,ERR,ERR,ERR,ERR,ERR,ERR,ERR,ERR,ERR,ERR,ERR,ERR,ERR,ERR,ERR,ERR,ERR,ERR,ERR,ERR,ERR,ERR,ERR,ERR,ERR,ERR,ERR,ERR,ERR,ERR,ERR,ERR,ERR,ERR,ERR,ERR,ERR,ERR,ERR,ERR,ERR,0.0,0.0,-0.0,0.0,0.0,0.0,0.0,nan,0,0,0,32768,0,0.0,0,0.0,0.0,0.0,0.0,0.0,0,0,0,0,0.0,0,0,0,0,0,0,0,0,0,0,0,0,0,0,0,0,0,0,0,0,0,0,0,0,0,0,0,0,0,0,0,0,0,0,0,0,0,0,0,0,0,0,0,0,0.0,0.0,0.0,0.0,0.0,0.0,0.0,0.0,0.0,0.0,0.0,0.0,0.0,0.0,0.0,0.0,0.0,0.0,0.0,0.0,0.0,0.0,2.004,-0.0,-2.004,-0.0,0.0,0.0,0.0,0.0,3368.0,0.0,0.0,0.0,0.0,-0.0,2.7184274988523002e+23,0.0,0.0,0.0,0.0,0,-1.9056958870913024e+17,5.8480295378657616e+35,0.0,0.0,0.0,0.0,0.0,0.0,0.0,0,0,0,0.0,0.0,0.0,0.0,0.0,0.0,0.0,0.0,0.0,0.0,0.0,0.0,0.0,0.0,0.0,0.0,0,-107875648.0,0,0.0,0,-107875648.0,-107877712.0,0,39322,17038,0,17053,39322,17037,0,0,0,110,100,100,0.0,64.0,0.0,64.9,-107615304.0,68.5,1,49,50,180,0,13107,0,0,0.0,0.0,0.0,0.0,0.0,65.5,0.0,0.0,0.0,645,0,686,0,0,0,714,0,785,0,708,0,689,0,645,0,640,0,618,0.032,36700160.0,-0.0,0.0,9232,16789,0.0,0.0,-0.0,0.0,-65766720274432.0,0.0,29.0,60.0,70,0.0,0.0,0.0,0.0,0.0,0.0,0.0,0.0,0.0,0.0,0.0,0.0,0.0,0.0,0.0,0.0,59.2,68,12,65509,41,65476,0,300,0,0,8,20529,65476,0,0,61604,60.0,0.0,0.0,0.0,0.0,0.0
2026-04-04T11:46:01,ERR,ERR,ERR,ERR,ERR,ERR,ERR,ERR,ERR,ERR,ERR,ERR,ERR,ERR,ERR,ERR,ERR,ERR,ERR,ERR,ERR,ERR,ERR,ERR,ERR,ERR,ERR,ERR,ERR,ERR,ERR,ERR,ERR,ERR,ERR,ERR,ERR,ERR,ERR,ERR,ERR,ERR,ERR,ERR,ERR,ERR,ERR,ERR,ERR,ERR,ERR,ERR,ERR,ERR,ERR,ERR,ERR,ERR,ERR,ERR,ERR,ERR,ERR,ERR,ERR,ERR,ERR,ERR,ERR,ERR,ERR,ERR,ERR,ERR,ERR,ERR,ERR,ERR,ERR,ERR,ERR,ERR,ERR,ERR,ERR,ERR,ERR,ERR,ERR,ERR,ERR,ERR,ERR,ERR,ERR,ERR,ERR,ERR,ERR,ERR,ERR,ERR,ERR,ERR,ERR,ERR,ERR,ERR,ERR,ERR,ERR,ERR,ERR,ERR,ERR,ERR,ERR,ERR,ERR,ERR,ERR,ERR,ERR,ERR,ERR,0.0,0.0,-0.0,0.0,0.0,0.0,0.0,nan,0,0,0,32768,0,0.0,0,0.0,0.0,0.0,0.0,0.0,0,0,0,0,0.0,0,0,0,0,0,0,0,0,0,0,0,0,0,0,0,0,0,0,0,0,0,0,0,0,0,0,0,0,0,0,0,0,0,0,0,0,0,0,0,0,0,0,0,0,0.0,0.0,0.0,0.0,0.0,0.0,0.0,0.0,0.0,0.0,0.0,0.0,0.0,0.0,0.0,0.0,0.0,0.0,0.0,0.0,0.0,0.0,2.004,-0.0,-2.004,-0.0,0.0,0.0,0.0,0.0,3368.0,0.0,0.0,0.0,0.0,-0.0,2.7184274988523002e+23,0.0,0.0,0.0,0.0,0,-1.9056958870913024e+17,5.8480295378657616e+35,0.0,0.0,0.0,0.0,0.0,0.0,0.0,0,0,0,0.0,0.0,0.0,0.0,0.0,0.0,0.0,0.0,0.0,0.0,0.0,0.0,0.0,0.0,0.0,0.0,0,-107875648.0,0,0.0,0,-107875648.0,-107877712.0,0,39322,17038,0,17053,39322,17037,0,0,0,110,100,100,0.0,64.0,0.0,64.9,-107615304.0,68.5,1,49,50,180,0,13107,0,0,0.0,0.0,0.0,0.0,0.0,65.5,0.0,0.0,0.0,645,0,686,0,0,0,714,0,785,0,708,0,689,0,645,0,640,0,618,0.032,36700160.0,-0.0,0.0,9232,16789,0.0,0.0,-0.0,0.0,-65766720274432.0,0.0,29.0,60.0,70,0.0,0.0,0.0,0.0,0.0,0.0,0.0,0.0,0.0,0.0,0.0,0.0,0.0,0.0,0.0,0.0,59.2,68,12,65509,41,65476,0,300,0,0,8,20529,65476,0,0,61604,60.0,0.0,0.0,0.0,0.0,0.0
2026-04-04T11:46:02,ERR,ERR,ERR,ERR,ERR,ERR,ERR,ERR,ERR,ERR,ERR,ERR,ERR,ERR,ERR,ERR,ERR,ERR,ERR,ERR,ERR,ERR,ERR,ERR,ERR,ERR,ERR,ERR,ERR,ERR,ERR,ERR,ERR,ERR,ERR,ERR,ERR,ERR,ERR,ERR,ERR,ERR,ERR,ERR,ERR,ERR,ERR,ERR,ERR,ERR,ERR,ERR,ERR,ERR,ERR,ERR,ERR,ERR,ERR,ERR,ERR,ERR,ERR,ERR,ERR,ERR,ERR,ERR,ERR,ERR,ERR,ERR,ERR,ERR,ERR,ERR,ERR,ERR,ERR,ERR,ERR,ERR,ERR,ERR,ERR,ERR,ERR,ERR,ERR,ERR,ERR,ERR,ERR,ERR,ERR,ERR,ERR,ERR,ERR,ERR,ERR,ERR,ERR,ERR,ERR,ERR,ERR,ERR,ERR,ERR,ERR,ERR,ERR,ERR,ERR,ERR,ERR,ERR,ERR,ERR,ERR,ERR,ERR,ERR,ERR,0.0,0.0,-0.0,0.0,0.0,0.0,0.0,nan,0,0,0,32768,0,0.0,0,0.0,0.0,0.0,0.0,0.0,0,0,0,0,0.0,0,0,0,0,0,0,0,0,0,0,0,0,0,0,0,0,0,0,0,0,0,0,0,0,0,0,0,0,0,0,0,0,0,0,0,0,0,0,0,0,0,0,0,0,0.0,0.0,0.0,0.0,0.0,0.0,0.0,0.0,0.0,0.0,0.0,0.0,0.0,0.0,0.0,0.0,0.0,0.0,0.0,0.0,0.0,0.0,2.004,-0.0,-2.004,-0.0,0.0,0.0,0.0,0.0,3368.0,0.0,0.0,0.0,0.0,-0.0,2.7184274988523002e+23,0.0,0.0,0.0,0.0,0,-1.9056958870913024e+17,5.8480295378657616e+35,0.0,0.0,0.0,0.0,0.0,0.0,0.0,0,0,0,0.0,0.0,0.0,0.0,0.0,0.0,0.0,0.0,0.0,0.0,0.0,0.0,0.0,0.0,0.0,0.0,0,-107875648.0,0,0.0,0,-107875648.0,-107877712.0,0,52429,17038,0,17053,26215,17037,0,0,0,110,100,100,0.0,64.0,0.0,64.9,-107615304.0,68.5,1,49,50,180,0,13107,0,0,0.0,0.0,0.0,0.0,0.0,65.5,0.0,642809408.0,0.0,645,0,686,0,0,0,714,0,785,0,708,0,689,0,645,0,640,0,618,0.032,36700160.0,-0.0,0.0,4240,16789,0.0,0.0,-0.0,0.677,-0.004,-3.689396012466005e+23,29.0,60.0,70,0.0,0.0,0.0,0.0,0.0,0.0,0.0,0.0,0.0,0.0,0.0,0.0,0.0,0.0,0.0,0.0,59.2,68,11,65509,41,65476,0,300,0,0,8,20529,65476,0,0,61604,60.0,0.0,0.0,0.0,0.0,0.0
2026-04-04T11:46:03,ERR,ERR,ERR,ERR,ERR,ERR,ERR,ERR,ERR,ERR,ERR,ERR,ERR,ERR,ERR,ERR,ERR,ERR,ERR,ERR,ERR,ERR,ERR,ERR,ERR,ERR,ERR,ERR,ERR,ERR,ERR,ERR,ERR,ERR,ERR,ERR,ERR,ERR,ERR,ERR,ERR,ERR,ERR,ERR,ERR,ERR,ERR,ERR,ERR,ERR,ERR,ERR,ERR,ERR,ERR,ERR,ERR,ERR,ERR,ERR,ERR,ERR,ERR,ERR,ERR,ERR,ERR,ERR,ERR,ERR,ERR,ERR,ERR,ERR,ERR,ERR,ERR,ERR,ERR,ERR,ERR,ERR,ERR,ERR,ERR,ERR,ERR,ERR,ERR,ERR,ERR,ERR,ERR,ERR,ERR,ERR,ERR,ERR,ERR,ERR,ERR,ERR,ERR,ERR,ERR,ERR,ERR,ERR,ERR,ERR,ERR,ERR,ERR,ERR,ERR,ERR,ERR,ERR,ERR,ERR,ERR,ERR,ERR,ERR,ERR,0.0,0.0,-0.0,0.0,0.0,0.0,0.0,nan,0,0,0,32768,0,0.0,0,0.0,0.0,0.0,0.0,0.0,0,0,0,0,0.0,0,0,0,0,0,0,0,0,0,0,0,0,0,0,0,0,0,0,0,0,0,0,0,0,0,0,0,0,0,0,0,0,0,0,0,0,0,0,0,0,0,0,0,0,0.0,0.0,0.0,0.0,0.0,0.0,0.0,0.0,0.0,0.0,0.0,0.0,0.0,0.0,0.0,0.0,0.0,0.0,0.0,0.0,0.0,0.0,2.004,-0.0,-2.004,-0.0,0.0,0.0,0.0,0.0,3368.0,0.0,0.0,0.0,0.0,-0.0,2.7184274988523002e+23,0.0,0.0,0.0,0.0,0,-1.9056958870913024e+17,5.8480295378657616e+35,0.0,0.0,0.0,0.0,0.0,0.0,0.0,0,0,0,0.0,0.0,0.0,0.0,0.0,0.0,0.0,0.0,0.0,0.0,0.0,0.0,0.0,0.0,0.0,0.0,0,-107875648.0,0,0.0,0,-107875648.0,-107877712.0,0,52429,17038,0,17053,26215,17037,0,0,0,110,100,100,0.0,64.0,0.0,64.9,-107615304.0,68.5,1,49,50,180,0,13107,0,0,0.0,0.0,0.0,0.0,0.0,65.5,0.0,642809408.0,0.0,645,0,686,0,0,0,714,0,785,0,708,0,689,0,645,0,640,0,618,0.032,36700160.0,-0.0,0.0,4240,16789,0.0,0.0,-0.0,0.677,-0.004,-3.689396012466005e+23,29.0,60.0,70,0.0,0.0,0.0,0.0,0.0,0.0,0.0,0.0,0.0,0.0,0.0,0.0,0.0,0.0,0.0,0.0,59.2,68,11,65509,41,65476,0,300,0,0,8,20529,65476,0,0,61604,60.0,0.0,0.0,0.0,0.0,0.0
2026-04-04T11:46:04,ERR,ERR,ERR,ERR,ERR,ERR,ERR,ERR,ERR,ERR,ERR,ERR,ERR,ERR,ERR,ERR,ERR,ERR,ERR,ERR,ERR,ERR,ERR,ERR,ERR,ERR,ERR,ERR,ERR,ERR,ERR,ERR,ERR,ERR,ERR,ERR,ERR,ERR,ERR,ERR,ERR,ERR,ERR,ERR,ERR,ERR,ERR,ERR,ERR,ERR,ERR,ERR,ERR,ERR,ERR,ERR,ERR,ERR,ERR,ERR,ERR,ERR,ERR,ERR,ERR,ERR,ERR,ERR,ERR,ERR,ERR,ERR,ERR,ERR,ERR,ERR,ERR,ERR,ERR,ERR,ERR,ERR,ERR,ERR,ERR,ERR,ERR,ERR,ERR,ERR,ERR,ERR,ERR,ERR,ERR,ERR,ERR,ERR,ERR,ERR,ERR,ERR,ERR,ERR,ERR,ERR,ERR,ERR,ERR,ERR,ERR,ERR,ERR,ERR,ERR,ERR,ERR,ERR,ERR,ERR,ERR,ERR,ERR,ERR,ERR,0.0,0.0,-0.0,0.0,0.0,0.0,0.0,nan,0,0,0,32768,0,0.0,0,0.0,0.0,0.0,0.0,0.0,0,0,0,0,0.0,0,0,0,0,0,0,0,0,0,0,0,0,0,0,0,0,0,0,0,0,0,0,0,0,0,0,0,0,0,0,0,0,0,0,0,0,0,0,0,0,0,0,0,0,0.0,0.0,0.0,0.0,0.0,0.0,0.0,0.0,0.0,0.0,0.0,0.0,0.0,0.0,0.0,0.0,0.0,0.0,0.0,0.0,0.0,0.0,-0.0,-0.0,-2.004,-0.0,0.0,0.0,0.0,0.0,3369.5,0.0,0.0,0.0,0.0,-0.0,2.7184274988523002e+23,0.0,0.0,0.0,0.0,0,-4.0668755697950344e+29,5.8480295378657616e+35,0.0,0.0,0.0,0.0,0.0,0.0,0.0,0,0,0,0.0,0.0,0.0,0.0,0.0,0.0,0.0,0.0,0.0,0.0,0.0,0.0,0.0,0.0,0.0,0.0,0,-107875648.0,0,0.0,0,-107875648.0,-107877712.0,0,52429,17038,0,17053,26215,17037,0,0,0,110,100,100,0.0,64.0,0.0,64.9,-107615304.0,68.5,1,49,50,180,0,13107,0,0,0.0,0.0,0.0,0.0,0.0,65.5,0.0,642809408.0,0.0,645,0,686,0,0,0,714,0,785,0,708,0,689,0,645,0,640,0,618,0.032,36700160.0,-0.0,0.0,4240,16789,0.0,0.0,-0.0,0.677,-0.004,-3.689396012466005e+23,29.0,60.0,70,0.0,0.0,0.0,0.0,0.0,0.0,0.0,0.0,0.0,0.0,0.0,0.0,0.0,0.0,0.0,0.0,59.2,68,11,65509,41,65476,0,300,0,0,8,20529,65476,0,0,61604,60.0,0.0,0.0,0.0,0.0,0.0
2026-04-04T11:46:05,ERR,ERR,ERR,ERR,ERR,ERR,ERR,ERR,ERR,ERR,ERR,ERR,ERR,ERR,ERR,ERR,ERR,ERR,ERR,ERR,ERR,ERR,ERR,ERR,ERR,ERR,ERR,ERR,ERR,ERR,ERR,ERR,ERR,ERR,ERR,ERR,ERR,ERR,ERR,ERR,ERR,ERR,ERR,ERR,ERR,ERR,ERR,ERR,ERR,ERR,ERR,ERR,ERR,ERR,ERR,ERR,ERR,ERR,ERR,ERR,ERR,ERR,ERR,ERR,ERR,ERR,ERR,ERR,ERR,ERR,ERR,ERR,ERR,ERR,ERR,ERR,ERR,ERR,ERR,ERR,ERR,ERR,ERR,ERR,ERR,ERR,ERR,ERR,ERR,ERR,ERR,ERR,ERR,ERR,ERR,ERR,ERR,ERR,ERR,ERR,ERR,ERR,ERR,ERR,ERR,ERR,ERR,ERR,ERR,ERR,ERR,ERR,ERR,ERR,ERR,ERR,ERR,ERR,ERR,ERR,ERR,ERR,ERR,ERR,ERR,0.0,0.0,-0.0,0.0,0.0,0.0,0.0,nan,0,0,0,32768,0,0.0,0,0.0,0.0,0.0,0.0,0.0,0,0,0,0,0.0,0,0,0,0,0,0,0,0,0,0,0,0,0,0,0,0,0,0,0,0,0,0,0,0,0,0,0,0,0,0,0,0,0,0,0,0,0,0,0,0,0,0,0,0,0.0,0.0,0.0,0.0,0.0,0.0,0.0,0.0,0.0,0.0,0.0,0.0,0.0,0.0,0.0,0.0,0.0,0.0,0.0,0.0,0.0,0.0,-0.0,-0.0,-2.004,-0.0,0.0,0.0,0.0,0.0,3369.5,0.0,0.0,0.0,0.0,-0.0,2.7184274988523002e+23,0.0,0.0,0.0,0.0,0,-4.0668755697950344e+29,5.8480295378657616e+35,0.0,0.0,0.0,0.0,0.0,0.0,0.0,0,0,0,0.0,0.0,0.0,0.0,0.0,0.0,0.0,0.0,0.0,0.0,0.0,0.0,0.0,0.0,0.0,0.0,0,-107875648.0,0,0.0,0,-107875648.0,-107877712.0,0,52429,17038,0,17053,26215,17037,0,0,0,110,100,100,0.0,64.0,0.0,64.9,-107615304.0,68.5,1,49,50,180,0,13107,0,0,0.0,0.0,0.0,0.0,0.0,65.5,0.0,642809408.0,0.0,645,0,686,0,0,0,714,0,785,0,708,0,689,0,645,0,640,0,618,0.032,36700160.0,-0.0,0.0,4240,16789,0.0,0.0,-0.0,0.677,-0.004,-3.689396012466005e+23,29.0,60.0,70,0.0,0.0,0.0,0.0,0.0,0.0,0.0,0.0,0.0,0.0,0.0,0.0,0.0,0.0,0.0,0.0,59.2,68,11,65509,41,65476,0,300,0,0,8,20529,65476,0,0,61604,60.0,0.0,0.0,0.0,0.0,0.0
2026-04-04T11:46:06,ERR,ERR,ERR,ERR,ERR,ERR,ERR,ERR,ERR,ERR,ERR,ERR,ERR,ERR,ERR,ERR,ERR,ERR,ERR,ERR,ERR,ERR,ERR,ERR,ERR,ERR,ERR,ERR,ERR,ERR,ERR,ERR,ERR,ERR,ERR,ERR,ERR,ERR,ERR,ERR,ERR,ERR,ERR,ERR,ERR,ERR,ERR,ERR,ERR,ERR,ERR,ERR,ERR,ERR,ERR,ERR,ERR,ERR,ERR,ERR,ERR,ERR,ERR,ERR,ERR,ERR,ERR,ERR,ERR,ERR,ERR,ERR,ERR,ERR,ERR,ERR,ERR,ERR,ERR,ERR,ERR,ERR,ERR,ERR,ERR,ERR,ERR,ERR,ERR,ERR,ERR,ERR,ERR,ERR,ERR,ERR,ERR,ERR,ERR,ERR,ERR,ERR,ERR,ERR,ERR,ERR,ERR,ERR,ERR,ERR,ERR,ERR,ERR,ERR,ERR,ERR,ERR,ERR,ERR,ERR,ERR,ERR,ERR,ERR,ERR,0.0,0.0,-0.0,0.0,0.0,0.0,0.0,nan,0,0,0,32768,0,0.0,0,0.0,0.0,0.0,0.0,0.0,0,0,0,0,0.0,0,0,0,0,0,0,0,0,0,0,0,0,0,0,0,0,0,0,0,0,0,0,0,0,0,0,0,0,0,0,0,0,0,0,0,0,0,0,0,0,0,0,0,0,0.0,0.0,0.0,0.0,0.0,0.0,0.0,0.0,0.0,0.0,0.0,0.0,0.0,0.0,0.0,0.0,0.0,0.0,0.0,0.0,0.0,0.0,-0.0,-0.0,-2.004,-0.0,0.0,0.0,0.0,0.0,3369.5,0.0,0.0,0.0,0.0,-0.0,2.7184274988523002e+23,0.0,0.0,0.0,0.0,0,-4.0668755697950344e+29,5.8480295378657616e+35,0.0,0.0,0.0,0.0,0.0,0.0,0.0,0,0,0,0.0,0.0,0.0,0.0,0.0,0.0,0.0,0.0,0.0,0.0,0.0,0.0,0.0,0.0,0.0,0.0,0,-107875648.0,0,0.0,0,-107875648.0,-107877712.0,0,52429,17038,0,17053,39322,17037,0,0,0,110,100,100,0.0,64.0,0.0,64.9,-107615304.0,68.5,1,49,50,180,0,13107,0,0,0.0,0.0,0.0,0.0,0.0,65.5,0.0,0.0,0.0,645,0,686,0,0,0,713,0,785,0,707,0,689,0,645,0,640,0,618,0.032,36962304.0,-0.0,0.0,4368,16789,0.0,0.0,-0.0,-512226144.0,-300.516,-9.37130507819181e+29,29.0,60.0,70,0.0,0.0,0.0,0.0,0.0,0.0,0.0,0.0,0.0,0.0,0.0,0.0,0.0,0.0,0.0,0.0,59.6,68,11,65509,41,65476,0,300,0,0,8,20529,65476,0,0,61604,60.0,0.0,0.0,0.0,0.0,0.0
2026-04-04T11:46:07,ERR,ERR,ERR,ERR,ERR,ERR,ERR,ERR,ERR,ERR,ERR,ERR,ERR,ERR,ERR,ERR,ERR,ERR,ERR,ERR,ERR,ERR,ERR,ERR,ERR,ERR,ERR,ERR,ERR,ERR,ERR,ERR,ERR,ERR,ERR,ERR,ERR,ERR,ERR,ERR,ERR,ERR,ERR,ERR,ERR,ERR,ERR,ERR,ERR,ERR,ERR,ERR,ERR,ERR,ERR,ERR,ERR,ERR,ERR,ERR,ERR,ERR,ERR,ERR,ERR,ERR,ERR,ERR,ERR,ERR,ERR,ERR,ERR,ERR,ERR,ERR,ERR,ERR,ERR,ERR,ERR,ERR,ERR,ERR,ERR,ERR,ERR,ERR,ERR,ERR,ERR,ERR,ERR,ERR,ERR,ERR,ERR,ERR,ERR,ERR,ERR,ERR,ERR,ERR,ERR,ERR,ERR,ERR,ERR,ERR,ERR,ERR,ERR,ERR,ERR,ERR,ERR,ERR,ERR,ERR,ERR,ERR,ERR,ERR,ERR,0.0,0.0,-0.0,0.0,0.0,0.0,0.0,nan,0,0,0,32768,0,0.0,0,0.0,0.0,0.0,0.0,0.0,0,0,0,0,0.0,0,0,0,0,0,0,0,0,0,0,0,0,0,0,0,0,0,0,0,0,0,0,0,0,0,0,0,0,0,0,0,0,0,0,0,0,0,0,0,0,0,0,0,0,0.0,0.0,0.0,0.0,0.0,0.0,0.0,0.0,0.0,0.0,0.0,0.0,0.0,0.0,0.0,0.0,0.0,0.0,0.0,0.0,0.0,0.0,-0.0,-0.0,-2.004,-0.0,0.0,0.0,0.0,0.0,3369.5,0.0,0.0,0.0,0.0,-0.0,2.7184274988523002e+23,0.0,0.0,0.0,0.0,0,-4.0668755697950344e+29,5.8480295378657616e+35,0.0,0.0,0.0,0.0,0.0,0.0,0.0,0,0,0,0.0,0.0,0.0,0.0,0.0,0.0,0.0,0.0,0.0,0.0,0.0,0.0,0.0,0.0,0.0,0.0,0,-107875648.0,0,0.0,0,-107875648.0,-107877712.0,0,52429,17038,0,17053,39322,17037,0,0,0,110,100,100,0.0,64.0,0.0,64.9,-107615304.0,68.5,1,49,50,180,0,13107,0,0,0.0,0.0,0.0,0.0,0.0,65.5,0.0,0.0,0.0,645,0,686,0,0,0,713,0,785,0,707,0,689,0,645,0,640,0,618,0.032,36962304.0,-0.0,0.0,4368,16789,0.0,0.0,-0.0,-512226144.0,-300.516,-9.37130507819181e+29,29.0,60.0,70,0.0,0.0,0.0,0.0,0.0,0.0,0.0,0.0,0.0,0.0,0.0,0.0,0.0,0.0,0.0,0.0,59.6,68,11,65509,41,65476,0,300,0,0,8,20529,65476,0,0,61604,60.0,0.0,0.0,0.0,0.0,0.0
2026-04-04T11:46:08,ERR,ERR,ERR,ERR,ERR,ERR,ERR,ERR,ERR,ERR,ERR,ERR,ERR,ERR,ERR,ERR,ERR,ERR,ERR,ERR,ERR,ERR,ERR,ERR,ERR,ERR,ERR,ERR,ERR,ERR,ERR,ERR,ERR,ERR,ERR,ERR,ERR,ERR,ERR,ERR,ERR,ERR,ERR,ERR,ERR,ERR,ERR,ERR,ERR,ERR,ERR,ERR,ERR,ERR,ERR,ERR,ERR,ERR,ERR,ERR,ERR,ERR,ERR,ERR,ERR,ERR,ERR,ERR,ERR,ERR,ERR,ERR,ERR,ERR,ERR,ERR,ERR,ERR,ERR,ERR,ERR,ERR,ERR,ERR,ERR,ERR,ERR,ERR,ERR,ERR,ERR,ERR,ERR,ERR,ERR,ERR,ERR,ERR,ERR,ERR,ERR,ERR,ERR,ERR,ERR,ERR,ERR,ERR,ERR,ERR,ERR,ERR,ERR,ERR,ERR,ERR,ERR,ERR,ERR,ERR,ERR,ERR,ERR,ERR,ERR,0.0,0.0,-0.0,0.0,0.0,0.0,0.0,nan,0,0,0,32768,0,0.0,0,0.0,0.0,0.0,0.0,0.0,0,0,0,0,0.0,0,0,0,0,0,0,0,0,0,0,0,0,0,0,0,0,0,0,0,0,0,0,0,0,0,0,0,0,0,0,0,0,0,0,0,0,0,0,0,0,0,0,0,0,0.0,0.0,0.0,0.0,0.0,0.0,0.0,0.0,0.0,0.0,0.0,0.0,0.0,0.0,0.0,0.0,0.0,0.0,0.0,0.0,0.0,0.0,-0.0,-0.0,-2.004,-0.0,0.0,0.0,0.0,0.0,3369.5,0.0,0.0,0.0,0.0,-0.0,2.7184274988523002e+23,0.0,0.0,0.0,0.0,0,-4.0668755697950344e+29,5.8480295378657616e+35,0.0,0.0,0.0,0.0,0.0,0.0,0.0,0,0,0,0.0,0.0,0.0,0.0,0.0,0.0,0.0,0.0,0.0,0.0,0.0,0.0,0.0,0.0,0.0,0.0,0,-107875648.0,0,0.0,0,-107875648.0,-107877712.0,0,52429,17038,0,17053,39322,17037,0,0,0,110,100,100,0.0,64.0,0.0,64.9,-107615304.0,68.5,1,49,50,180,0,13107,0,0,0.0,0.0,0.0,0.0,0.0,65.5,0.0,0.0,0.0,645,0,686,0,0,0,713,0,785,0,707,0,689,0,645,0,640,0,618,0.032,36962304.0,-0.0,0.0,4368,16789,0.0,0.0,-0.0,-512226144.0,-300.516,-9.37130507819181e+29,29.0,60.0,70,0.0,0.0,0.0,0.0,0.0,0.0,0.0,0.0,0.0,0.0,0.0,0.0,0.0,0.0,0.0,0.0,59.2,68,11,65509,41,65476,0,300,0,0,8,20529,65476,0,0,61604,60.0,0.0,0.0,0.0,0.0,0.0
2026-04-04T11:46:09,ERR,ERR,ERR,ERR,ERR,ERR,ERR,ERR,ERR,ERR,ERR,ERR,ERR,ERR,ERR,ERR,ERR,ERR,ERR,ERR,ERR,ERR,ERR,ERR,ERR,ERR,ERR,ERR,ERR,ERR,ERR,ERR,ERR,ERR,ERR,ERR,ERR,ERR,ERR,ERR,ERR,ERR,ERR,ERR,ERR,ERR,ERR,ERR,ERR,ERR,ERR,ERR,ERR,ERR,ERR,ERR,ERR,ERR,ERR,ERR,ERR,ERR,ERR,ERR,ERR,ERR,ERR,ERR,ERR,ERR,ERR,ERR,ERR,ERR,ERR,ERR,ERR,ERR,ERR,ERR,ERR,ERR,ERR,ERR,ERR,ERR,ERR,ERR,ERR,ERR,ERR,ERR,ERR,ERR,ERR,ERR,ERR,ERR,ERR,ERR,ERR,ERR,ERR,ERR,ERR,ERR,ERR,ERR,ERR,ERR,ERR,ERR,ERR,ERR,ERR,ERR,ERR,ERR,ERR,ERR,ERR,ERR,ERR,ERR,ERR,0.0,0.0,-0.0,0.0,0.0,0.0,0.0,nan,0,0,0,32768,0,0.0,0,0.0,0.0,0.0,0.0,0.0,0,0,0,0,0.0,0,0,0,0,0,0,0,0,0,0,0,0,0,0,0,0,0,0,0,0,0,0,0,0,0,0,0,0,0,0,0,0,0,0,0,0,0,0,0,0,0,0,0,0,0.0,0.0,0.0,0.0,0.0,0.0,0.0,0.0,0.0,0.0,0.0,0.0,0.0,0.0,0.0,0.0,0.0,0.0,0.0,0.0,0.0,0.0,-0.0,-0.0,-2.004,-0.0,0.0,0.0,0.0,0.0,3369.5,0.0,0.0,0.0,0.0,-0.0,2.7184274988523002e+23,0.0,0.0,0.0,0.0,0,-4.0668755697950344e+29,5.8480295378657616e+35,0.0,0.0,0.0,0.0,0.0,0.0,0.0,0,0,0,0.0,0.0,0.0,0.0,0.0,0.0,0.0,0.0,0.0,0.0,0.0,0.0,0.0,0.0,0.0,0.0,0,-107875648.0,0,0.0,0,-107875648.0,-107877712.0,0,52429,17038,0,17053,39322,17037,0,0,0,110,100,100,0.0,64.0,0.0,64.9,-107615304.0,68.5,1,49,50,180,0,13107,0,0,0.0,0.0,0.0,0.0,0.0,65.5,0.0,0.0,0.0,645,0,686,0,0,0,713,0,785,0,707,0,689,0,645,0,640,0,618,0.032,36962304.0,-0.0,0.0,4368,16789,0.0,0.0,-0.0,-512226144.0,-300.516,-9.37130507819181e+29,29.0,60.0,70,0.0,0.0,0.0,0.0,0.0,0.0,0.0,0.0,0.0,0.0,0.0,0.0,0.0,0.0,0.0,0.0,59.2,68,11,65509,41,65476,0,300,0,0,8,20529,65476,0,0,61604,60.0,0.0,0.0,0.0,0.0,0.0
2026-04-04T11:46:10,ERR,ERR,ERR,ERR,ERR,ERR,ERR,ERR,ERR,ERR,ERR,ERR,ERR,ERR,ERR,ERR,ERR,ERR,ERR,ERR,ERR,ERR,ERR,ERR,ERR,ERR,ERR,ERR,ERR,ERR,ERR,ERR,ERR,ERR,ERR,ERR,ERR,ERR,ERR,ERR,ERR,ERR,ERR,ERR,ERR,ERR,ERR,ERR,ERR,ERR,ERR,ERR,ERR,ERR,ERR,ERR,ERR,ERR,ERR,ERR,ERR,ERR,ERR,ERR,ERR,ERR,ERR,ERR,ERR,ERR,ERR,ERR,ERR,ERR,ERR,ERR,ERR,ERR,ERR,ERR,ERR,ERR,ERR,ERR,ERR,ERR,ERR,ERR,ERR,ERR,ERR,ERR,ERR,ERR,ERR,ERR,ERR,ERR,ERR,ERR,ERR,ERR,ERR,ERR,ERR,ERR,ERR,ERR,ERR,ERR,ERR,ERR,ERR,ERR,ERR,ERR,ERR,ERR,ERR,ERR,ERR,ERR,ERR,ERR,ERR,0.0,0.0,-0.0,0.0,0.0,0.0,0.0,nan,0,0,0,32768,0,0.0,0,0.0,0.0,0.0,0.0,0.0,0,0,0,0,0.0,0,0,0,0,0,0,0,0,0,0,0,0,0,0,0,0,0,0,0,0,0,0,0,0,0,0,0,0,0,0,0,0,0,0,0,0,0,0,0,0,0,0,0,0,0.0,0.0,0.0,0.0,0.0,0.0,0.0,0.0,0.0,0.0,0.0,0.0,0.0,0.0,0.0,0.0,0.0,0.0,0.0,0.0,0.0,0.0,-0.0,-0.0,-2.004,-0.0,0.0,0.0,0.0,0.0,3369.5,0.0,0.0,0.0,0.0,-0.0,2.7184274988523002e+23,0.0,0.0,0.0,0.0,0,-4.0668755697950344e+29,5.8480295378657616e+35,0.0,0.0,0.0,0.0,0.0,0.0,0.0,0,0,0,0.0,0.0,0.0,0.0,0.0,0.0,0.0,0.0,0.0,0.0,0.0,0.0,0.0,0.0,0.0,0.0,0,-107875648.0,0,0.0,0,-107875648.0,-107877712.0,0,52429,17038,0,17053,39322,17037,0,0,0,110,100,100,0.0,64.0,0.0,64.9,-107615304.0,68.5,1,49,50,180,0,13107,0,0,0.0,0.0,0.0,0.0,0.0,65.5,0.0,0.0,0.0,645,0,686,0,0,0,713,0,785,0,707,0,689,0,645,0,640,0,618,0.032,36962304.0,-0.0,0.0,4368,16789,0.0,0.0,-0.0,-512226144.0,-300.516,-9.37130507819181e+29,29.0,60.0,70,0.0,0.0,0.0,0.0,0.0,0.0,0.0,0.0,0.0,0.0,0.0,0.0,0.0,0.0,0.0,0.0,59.2,68,11,65509,41,65476,0,300,0,0,8,20529,65476,0,0,61604,60.0,0.0,0.0,0.0,0.0,0.0
2026-04-04T11:46:11,ERR,ERR,ERR,ERR,ERR,ERR,ERR,ERR,ERR,ERR,ERR,ERR,ERR,ERR,ERR,ERR,ERR,ERR,ERR,ERR,ERR,ERR,ERR,ERR,ERR,ERR,ERR,ERR,ERR,ERR,ERR,ERR,ERR,ERR,ERR,ERR,ERR,ERR,ERR,ERR,ERR,ERR,ERR,ERR,ERR,ERR,ERR,ERR,ERR,ERR,ERR,ERR,ERR,ERR,ERR,ERR,ERR,ERR,ERR,ERR,ERR,ERR,ERR,ERR,ERR,ERR,ERR,ERR,ERR,ERR,ERR,ERR,ERR,ERR,ERR,ERR,ERR,ERR,ERR,ERR,ERR,ERR,ERR,ERR,ERR,ERR,ERR,ERR,ERR,ERR,ERR,ERR,ERR,ERR,ERR,ERR,ERR,ERR,ERR,ERR,ERR,ERR,ERR,ERR,ERR,ERR,ERR,ERR,ERR,ERR,ERR,ERR,ERR,ERR,ERR,ERR,ERR,ERR,ERR,ERR,ERR,ERR,ERR,ERR,ERR,0.0,0.0,-0.0,0.0,0.0,0.0,0.0,nan,0,0,0,32768,0,0.0,0,0.0,0.0,0.0,0.0,0.0,0,0,0,0,0.0,0,0,0,0,0,0,0,0,0,0,0,0,0,0,0,0,0,0,0,0,0,0,0,0,0,0,0,0,0,0,0,0,0,0,0,0,0,0,0,0,0,0,0,0,0.0,0.0,0.0,0.0,0.0,0.0,0.0,0.0,0.0,0.0,0.0,0.0,0.0,0.0,0.0,0.0,0.0,0.0,0.0,0.0,0.0,0.0,-0.0,-0.0,-2.004,-0.0,0.0,0.0,0.0,0.0,3371.5,-1.5879151860148276e+29,0.0,-107615240.0,0.0,-0.0,2.7184274988523002e+23,0.0,0.0,0.0,0.0,0,-5.8480786593265204e+35,1.9056745840535142e+17,0.0,0.0,0.0,0.0,0.0,0.0,0.0,0,0,0,0.0,0.0,0.0,0.0,0.0,0.0,0.0,0.0,0.0,0.0,0.0,0.0,0.0,0.0,0.0,0.0,0,-107875648.0,0,0.0,0,-107875648.0,-107877712.0,0,52429,17038,0,17053,26215,17037,0,0,0,110,100,100,0.0,64.0,0.0,64.9,-107615304.0,68.5,1,49,50,180,0,13107,0,0,0.0,0.0,0.0,0.0,0.0,65.5,0.0,-421460180992.0,0.0,645,0,686,0,0,0,714,0,785,0,708,0,689,0,645,0,640,0,618,0.032,36962304.0,-0.0,0.0,23952,16789,0.0,-2598587334656.0,-0.0,1.1828602245646511e+35,-200548480.0,-4.527749285533822e+37,29.0,60.0,70,0.0,0.0,0.0,0.0,0.0,0.0,0.0,0.0,0.0,0.0,0.0,0.0,0.0,0.0,0.0,0.0,59.2,68,11,65509,41,65476,0,300,0,0,8,20529,65476,0,0,61604,60.0,0.0,0.0,0.0,0.0,0.0
2026-04-04T11:46:12,ERR,ERR,ERR,ERR,ERR,ERR,ERR,ERR,ERR,ERR,ERR,ERR,ERR,ERR,ERR,ERR,ERR,ERR,ERR,ERR,ERR,ERR,ERR,ERR,ERR,ERR,ERR,ERR,ERR,ERR,ERR,ERR,ERR,ERR,ERR,ERR,ERR,ERR,ERR,ERR,ERR,ERR,ERR,ERR,ERR,ERR,ERR,ERR,ERR,ERR,ERR,ERR,ERR,ERR,ERR,ERR,ERR,ERR,ERR,ERR,ERR,ERR,ERR,ERR,ERR,ERR,ERR,ERR,ERR,ERR,ERR,ERR,ERR,ERR,ERR,ERR,ERR,ERR,ERR,ERR,ERR,ERR,ERR,ERR,ERR,ERR,ERR,ERR,ERR,ERR,ERR,ERR,ERR,ERR,ERR,ERR,ERR,ERR,ERR,ERR,ERR,ERR,ERR,ERR,ERR,ERR,ERR,ERR,ERR,ERR,ERR,ERR,ERR,ERR,ERR,ERR,ERR,ERR,ERR,ERR,ERR,ERR,ERR,ERR,ERR,0.0,0.0,-0.0,0.0,0.0,0.0,0.0,nan,0,0,0,32768,0,0.0,0,0.0,0.0,0.0,0.0,0.0,0,0,0,0,0.0,0,0,0,0,0,0,0,0,0,0,0,0,0,0,0,0,0,0,0,0,0,0,0,0,0,0,0,0,0,0,0,0,0,0,0,0,0,0,0,0,0,0,0,0,0.0,0.0,0.0,0.0,0.0,0.0,0.0,0.0,0.0,0.0,0.0,0.0,0.0,0.0,0.0,0.0,0.0,0.0,0.0,0.0,0.0,0.0,-0.0,-0.0,-2.004,-0.0,0.0,0.0,0.0,0.0,3371.5,-1.5879151860148276e+29,0.0,-107615240.0,0.0,-0.0,2.7184274988523002e+23,0.0,0.0,0.0,0.0,0,-5.8480786593265204e+35,1.9056745840535142e+17,0.0,0.0,0.0,0.0,0.0,0.0,0.0,0,0,0,0.0,0.0,0.0,0.0,0.0,0.0,0.0,0.0,0.0,0.0,0.0,0.0,0.0,0.0,0.0,0.0,0,-107875648.0,0,0.0,0,-107875648.0,-107877712.0,0,52429,17038,0,17053,26215,17037,0,0,0,110,100,100,0.0,64.0,0.0,64.9,-107615304.0,68.5,1,49,50,180,0,13107,0,0,0.0,0.0,0.0,0.0,0.0,65.5,0.0,-421460180992.0,0.0,645,0,686,0,0,0,714,0,785,0,708,0,689,0,645,0,640,0,618,0.032,36962304.0,-0.0,0.0,23952,16789,0.0,-2598587334656.0,-0.0,1.1828602245646511e+35,-200548480.0,-4.527749285533822e+37,29.0,60.0,70,0.0,0.0,0.0,0.0,0.0,0.0,0.0,0.0,0.0,0.0,0.0,0.0,0.0,0.0,0.0,0.0,59.2,68,11,65509,41,65476,0,300,0,0,8,20529,65476,0,0,61604,60.0,0.0,0.0,0.0,0.0,0.0
2026-04-04T11:46:13,ERR,ERR,ERR,ERR,ERR,ERR,ERR,ERR,ERR,ERR,ERR,ERR,ERR,ERR,ERR,ERR,ERR,ERR,ERR,ERR,ERR,ERR,ERR,ERR,ERR,ERR,ERR,ERR,ERR,ERR,ERR,ERR,ERR,ERR,ERR,ERR,ERR,ERR,ERR,ERR,ERR,ERR,ERR,ERR,ERR,ERR,ERR,ERR,ERR,ERR,ERR,ERR,ERR,ERR,ERR,ERR,ERR,ERR,ERR,ERR,ERR,ERR,ERR,ERR,ERR,ERR,ERR,ERR,ERR,ERR,ERR,ERR,ERR,ERR,ERR,ERR,ERR,ERR,ERR,ERR,ERR,ERR,ERR,ERR,ERR,ERR,ERR,ERR,ERR,ERR,ERR,ERR,ERR,ERR,ERR,ERR,ERR,ERR,ERR,ERR,ERR,ERR,ERR,ERR,ERR,ERR,ERR,ERR,ERR,ERR,ERR,ERR,ERR,ERR,ERR,ERR,ERR,ERR,ERR,ERR,ERR,ERR,ERR,ERR,ERR,0.0,0.0,-0.0,0.0,0.0,0.0,0.0,nan,0,0,0,32768,0,0.0,0,0.0,0.0,0.0,0.0,0.0,0,0,0,0,0.0,0,0,0,0,0,0,0,0,0,0,0,0,0,0,0,0,0,0,0,0,0,0,0,0,0,0,0,0,0,0,0,0,0,0,0,0,0,0,0,0,0,0,0,0,0.0,0.0,0.0,0.0,0.0,0.0,0.0,0.0,0.0,0.0,0.0,0.0,0.0,0.0,0.0,0.0,0.0,0.0,0.0,0.0,0.0,0.0,-0.0,-0.0,-2.004,-0.0,0.0,0.0,0.0,0.0,3371.5,-1.5879151860148276e+29,0.0,-107615240.0,0.0,-0.0,2.7184274988523002e+23,0.0,0.0,0.0,0.0,0,-5.8480786593265204e+35,1.9056745840535142e+17,0.0,0.0,0.0,0.0,0.0,0.0,0.0,0,0,0,0.0,0.0,0.0,0.0,0.0,0.0,0.0,0.0,0.0,0.0,0.0,0.0,0.0,0.0,0.0,0.0,0,-107875648.0,0,0.0,0,-107875648.0,-107877712.0,0,52429,17038,0,17053,26215,17037,0,0,0,110,100,100,0.0,64.0,0.0,64.9,-107615304.0,68.5,1,49,50,180,0,13107,0,0,0.0,0.0,0.0,0.0,0.0,65.5,0.0,-421460180992.0,0.0,645,0,686,0,0,0,714,0,785,0,708,0,689,0,645,0,640,0,618,0.032,36962304.0,-0.0,0.0,23952,16789,0.0,-2598587334656.0,-0.0,1.1828602245646511e+35,-200548480.0,-4.527749285533822e+37,29.0,60.0,70,0.0,0.0,0.0,0.0,0.0,0.0,0.0,0.0,0.0,0.0,0.0,0.0,0.0,0.0,0.0,0.0,59.2,68,12,65509,41,65476,0,300,0,0,8,20529,65476,0,0,61604,60.0,0.0,0.0,0.0,0.0,0.0
2026-04-04T11:46:14,ERR,ERR,ERR,ERR,ERR,ERR,ERR,ERR,ERR,ERR,ERR,ERR,ERR,ERR,ERR,ERR,ERR,ERR,ERR,ERR,ERR,ERR,ERR,ERR,ERR,ERR,ERR,ERR,ERR,ERR,ERR,ERR,ERR,ERR,ERR,ERR,ERR,ERR,ERR,ERR,ERR,ERR,ERR,ERR,ERR,ERR,ERR,ERR,ERR,ERR,ERR,ERR,ERR,ERR,ERR,ERR,ERR,ERR,ERR,ERR,ERR,ERR,ERR,ERR,ERR,ERR,ERR,ERR,ERR,ERR,ERR,ERR,ERR,ERR,ERR,ERR,ERR,ERR,ERR,ERR,ERR,ERR,ERR,ERR,ERR,ERR,ERR,ERR,ERR,ERR,ERR,ERR,ERR,ERR,ERR,ERR,ERR,ERR,ERR,ERR,ERR,ERR,ERR,ERR,ERR,ERR,ERR,ERR,ERR,ERR,ERR,ERR,ERR,ERR,ERR,ERR,ERR,ERR,ERR,ERR,ERR,ERR,ERR,ERR,ERR,0.0,0.0,-0.0,0.0,0.0,0.0,0.0,nan,0,0,0,32768,0,0.0,0,0.0,0.0,0.0,0.0,0.0,0,0,0,0,0.0,0,0,0,0,0,0,0,0,0,0,0,0,0,0,0,0,0,0,0,0,0,0,0,0,0,0,0,0,0,0,0,0,0,0,0,0,0,0,0,0,0,0,0,0,0.0,0.0,0.0,0.0,0.0,0.0,0.0,0.0,0.0,0.0,0.0,0.0,0.0,0.0,0.0,0.0,0.0,0.0,0.0,0.0,0.0,0.0,-0.0,-0.0,-2.004,-0.0,0.0,0.0,0.0,0.0,3371.5,-1.5879151860148276e+29,0.0,-107615240.0,0.0,-0.0,2.7184274988523002e+23,0.0,0.0,0.0,0.0,0,-5.8480786593265204e+35,1.9056745840535142e+17,0.0,0.0,0.0,0.0,0.0,0.0,0.0,0,0,0,0.0,0.0,0.0,0.0,0.0,0.0,0.0,0.0,0.0,0.0,0.0,0.0,0.0,0.0,0.0,0.0,0,-107875648.0,0,0.0,0,-107875648.0,-107877712.0,0,52429,17038,0,17053,26215,17037,0,0,0,110,100,100,0.0,64.0,0.0,64.9,-107615304.0,68.5,1,49,50,180,0,13107,0,0,0.0,0.0,0.0,0.0,0.0,65.5,0.0,-421460180992.0,0.0,645,0,686,0,0,0,714,0,785,0,708,0,689,0,645,0,640,0,618,0.032,36962304.0,-0.0,0.0,23952,16789,0.0,-2598587334656.0,-0.0,1.1828602245646511e+35,-200548480.0,-4.527749285533822e+37,29.0,60.0,70,0.0,0.0,0.0,0.0,0.0,0.0,0.0,0.0,0.0,0.0,0.0,0.0,0.0,0.0,0.0,0.0,59.2,68,12,65509,41,65476,0,300,0,0,8,20529,65476,0,0,61604,60.0,0.0,0.0,0.0,0.0,0.0
2026-04-04T11:46:15,ERR,ERR,ERR,ERR,ERR,ERR,ERR,ERR,ERR,ERR,ERR,ERR,ERR,ERR,ERR,ERR,ERR,ERR,ERR,ERR,ERR,ERR,ERR,ERR,ERR,ERR,ERR,ERR,ERR,ERR,ERR,ERR,ERR,ERR,ERR,ERR,ERR,ERR,ERR,ERR,ERR,ERR,ERR,ERR,ERR,ERR,ERR,ERR,ERR,ERR,ERR,ERR,ERR,ERR,ERR,ERR,ERR,ERR,ERR,ERR,ERR,ERR,ERR,ERR,ERR,ERR,ERR,ERR,ERR,ERR,ERR,ERR,ERR,ERR,ERR,ERR,ERR,ERR,ERR,ERR,ERR,ERR,ERR,ERR,ERR,ERR,ERR,ERR,ERR,ERR,ERR,ERR,ERR,ERR,ERR,ERR,ERR,ERR,ERR,ERR,ERR,ERR,ERR,ERR,ERR,ERR,ERR,ERR,ERR,ERR,ERR,ERR,ERR,ERR,ERR,ERR,ERR,ERR,ERR,ERR,ERR,ERR,ERR,ERR,ERR,0.0,0.0,-0.0,0.0,0.0,0.0,0.0,nan,0,0,0,32768,0,0.0,0,0.0,0.0,0.0,0.0,0.0,0,0,0,0,0.0,0,0,0,0,0,0,0,0,0,0,0,0,0,0,0,0,0,0,0,0,0,0,0,0,0,0,0,0,0,0,0,0,0,0,0,0,0,0,0,0,0,0,0,0,0.0,0.0,0.0,0.0,0.0,0.0,0.0,0.0,0.0,0.0,0.0,0.0,0.0,0.0,0.0,0.0,0.0,0.0,0.0,0.0,0.0,0.0,-0.0,-0.0,-2.004,-0.0,0.0,0.0,0.0,0.0,3371.5,-1.5879151860148276e+29,0.0,-107615240.0,0.0,-0.0,2.7184274988523002e+23,0.0,0.0,0.0,0.0,0,-5.8480786593265204e+35,1.9056745840535142e+17,0.0,0.0,0.0,0.0,0.0,0.0,0.0,0,0,0,0.0,0.0,0.0,0.0,0.0,0.0,0.0,0.0,0.0,0.0,0.0,0.0,0.0,0.0,0.0,0.0,0,-107875648.0,0,0.0,0,-107875648.0,-107877712.0,0,52429,17038,0,17053,26215,17037,0,0,0,110,100,100,0.0,64.0,0.0,64.9,-107615304.0,68.5,1,49,50,180,0,13107,0,0,0.0,0.0,0.0,0.0,0.0,65.5,0.0,-421460180992.0,0.0,645,0,686,0,0,0,714,0,785,0,708,0,689,0,645,0,640,0,618,0.032,36962304.0,-0.0,0.0,23952,16789,0.0,-2598587334656.0,-0.0,1.1828602245646511e+35,-200548480.0,-4.527749285533822e+37,29.0,60.0,70,0.0,0.0,0.0,0.0,0.0,0.0,0.0,0.0,0.0,0.0,0.0,0.0,0.0,0.0,0.0,0.0,59.2,68,12,65509,41,65476,0,300,0,0,8,20529,65476,0,0,61604,60.0,0.0,0.0,0.0,0.0,0.0
2026-04-04T11:46:16,ERR,ERR,ERR,ERR,ERR,ERR,ERR,ERR,ERR,ERR,ERR,ERR,ERR,ERR,ERR,ERR,ERR,ERR,ERR,ERR,ERR,ERR,ERR,ERR,ERR,ERR,ERR,ERR,ERR,ERR,ERR,ERR,ERR,ERR,ERR,ERR,ERR,ERR,ERR,ERR,ERR,ERR,ERR,ERR,ERR,ERR,ERR,ERR,ERR,ERR,ERR,ERR,ERR,ERR,ERR,ERR,ERR,ERR,ERR,ERR,ERR,ERR,ERR,ERR,ERR,ERR,ERR,ERR,ERR,ERR,ERR,ERR,ERR,ERR,ERR,ERR,ERR,ERR,ERR,ERR,ERR,ERR,ERR,ERR,ERR,ERR,ERR,ERR,ERR,ERR,ERR,ERR,ERR,ERR,ERR,ERR,ERR,ERR,ERR,ERR,ERR,ERR,ERR,ERR,ERR,ERR,ERR,ERR,ERR,ERR,ERR,ERR,ERR,ERR,ERR,ERR,ERR,ERR,ERR,ERR,ERR,ERR,ERR,ERR,ERR,0.0,0.0,-0.0,0.0,0.0,0.0,0.0,nan,0,0,0,32768,0,0.0,0,0.0,0.0,0.0,0.0,0.0,0,0,0,0,0.0,0,0,0,0,0,0,0,0,0,0,0,0,0,0,0,0,0,0,0,0,0,0,0,0,0,0,0,0,0,0,0,0,0,0,0,0,0,0,0,0,0,0,0,0,0.0,0.0,0.0,0.0,0.0,0.0,0.0,0.0,0.0,0.0,0.0,0.0,0.0,0.0,0.0,0.0,0.0,0.0,0.0,0.0,0.0,0.0,-0.0,-0.0,-2.004,-0.0,0.0,0.0,0.0,0.0,3371.5,-1.5879151860148276e+29,0.0,-107615240.0,0.0,-0.0,2.7184274988523002e+23,0.0,0.0,0.0,0.0,0,-5.8480786593265204e+35,1.9056745840535142e+17,0.0,0.0,0.0,0.0,0.0,0.0,0.0,0,0,0,0.0,0.0,0.0,0.0,0.0,0.0,0.0,0.0,0.0,0.0,0.0,0.0,0.0,0.0,0.0,0.0,0,-107875648.0,0,0.0,0,-107875648.0,-107877712.0,0,52429,17038,0,17053,26215,17037,0,0,0,110,100,100,0.0,64.0,0.0,64.9,-107615304.0,68.5,1,49,50,180,0,13107,0,0,0.0,0.0,0.0,0.0,0.0,65.5,0.0,-421460180992.0,0.0,645,0,686,0,0,0,714,0,785,0,708,0,689,0,645,0,640,0,618,0.032,36962304.0,-0.0,0.0,23952,16789,0.0,-2598587334656.0,-0.0,1.1828602245646511e+35,-200548480.0,-4.527749285533822e+37,29.0,60.0,70,0.0,0.0,0.0,0.0,0.0,0.0,0.0,0.0,0.0,0.0,0.0,0.0,0.0,0.0,0.0,0.0,59.2,68,12,65509,41,65476,0,300,0,0,8,20529,65476,0,0,61604,60.0,0.0,0.0,0.0,0.0,0.0
2026-04-04T11:46:17,ERR,ERR,ERR,ERR,ERR,ERR,ERR,ERR,ERR,ERR,ERR,ERR,ERR,ERR,ERR,ERR,ERR,ERR,ERR,ERR,ERR,ERR,ERR,ERR,ERR,ERR,ERR,ERR,ERR,ERR,ERR,ERR,ERR,ERR,ERR,ERR,ERR,ERR,ERR,ERR,ERR,ERR,ERR,ERR,ERR,ERR,ERR,ERR,ERR,ERR,ERR,ERR,ERR,ERR,ERR,ERR,ERR,ERR,ERR,ERR,ERR,ERR,ERR,ERR,ERR,ERR,ERR,ERR,ERR,ERR,ERR,ERR,ERR,ERR,ERR,ERR,ERR,ERR,ERR,ERR,ERR,ERR,ERR,ERR,ERR,ERR,ERR,ERR,ERR,ERR,ERR,ERR,ERR,ERR,ERR,ERR,ERR,ERR,ERR,ERR,ERR,ERR,ERR,ERR,ERR,ERR,ERR,ERR,ERR,ERR,ERR,ERR,ERR,ERR,ERR,ERR,ERR,ERR,ERR,ERR,ERR,ERR,ERR,ERR,ERR,0.0,0.0,-0.0,0.0,0.0,0.0,0.0,nan,0,0,0,32768,0,0.0,0,0.0,0.0,0.0,0.0,0.0,0,0,0,0,0.0,0,0,0,0,0,0,0,0,0,0,0,0,0,0,0,0,0,0,0,0,0,0,0,0,0,0,0,0,0,0,0,0,0,0,0,0,0,0,0,0,0,0,0,0,0.0,0.0,0.0,0.0,0.0,0.0,0.0,0.0,0.0,0.0,0.0,0.0,0.0,0.0,0.0,0.0,0.0,0.0,0.0,0.0,0.0,0.0,-0.0,-0.0,-2.004,-0.0,0.0,0.0,0.0,0.0,3371.5,-1.5879151860148276e+29,0.0,-107615240.0,0.0,-0.0,2.7184274988523002e+23,0.0,0.0,0.0,0.0,0,-5.8480786593265204e+35,1.9056745840535142e+17,0.0,0.0,0.0,0.0,0.0,0.0,0.0,0,0,0,0.0,0.0,0.0,0.0,0.0,0.0,0.0,0.0,0.0,0.0,0.0,0.0,0.0,0.0,0.0,0.0,0,-107875648.0,0,0.0,0,-107875648.0,-107877712.0,0,39322,17038,0,17053,26215,17037,0,0,0,110,100,100,0.0,64.0,0.0,64.9,-107615304.0,68.5,1,49,50,180,0,13107,0,0,0.0,0.0,0.0,0.0,0.001,65.5,0.0,32649496576.0,0.0,645,0,686,0,0,0,714,0,785,0,707,0,689,0,645,0,640,0,618,0.032,36962304.0,-0.0,0.0,14992,16789,0.007,32649496576.0,0.0,-0.0,0.0,5.960697065559713e+20,29.0,60.0,70,0.0,0.0,0.0,0.0,0.0,0.0,0.0,0.0,0.0,0.0,0.0,0.0,0.0,0.0,0.0,0.0,59.2,68,12,65509,41,65476,0,300,0,0,8,20529,65476,0,0,61604,60.0,0.0,0.0,0.0,0.0,0.0
2026-04-04T11:46:18,ERR,ERR,ERR,ERR,ERR,ERR,ERR,ERR,ERR,ERR,ERR,ERR,ERR,ERR,ERR,ERR,ERR,ERR,ERR,ERR,ERR,ERR,ERR,ERR,ERR,ERR,ERR,ERR,ERR,ERR,ERR,ERR,ERR,ERR,ERR,ERR,ERR,ERR,ERR,ERR,ERR,ERR,ERR,ERR,ERR,ERR,ERR,ERR,ERR,ERR,ERR,ERR,ERR,ERR,ERR,ERR,ERR,ERR,ERR,ERR,ERR,ERR,ERR,ERR,ERR,ERR,ERR,ERR,ERR,ERR,ERR,ERR,ERR,ERR,ERR,ERR,ERR,ERR,ERR,ERR,ERR,ERR,ERR,ERR,ERR,ERR,ERR,ERR,ERR,ERR,ERR,ERR,ERR,ERR,ERR,ERR,ERR,ERR,ERR,ERR,ERR,ERR,ERR,ERR,ERR,ERR,ERR,ERR,ERR,ERR,ERR,ERR,ERR,ERR,ERR,ERR,ERR,ERR,ERR,ERR,ERR,ERR,ERR,ERR,ERR,0.0,0.0,-0.0,0.0,0.0,0.0,0.0,nan,0,0,0,32768,0,0.0,0,0.0,0.0,0.0,0.0,0.0,0,0,0,0,0.0,0,0,0,0,0,0,0,0,0,0,0,0,0,0,0,0,0,0,0,0,0,0,0,0,0,0,0,0,0,0,0,0,0,0,0,0,0,0,0,0,0,0,0,0,0.0,0.0,0.0,0.0,0.0,0.0,0.0,0.0,0.0,0.0,0.0,0.0,0.0,0.0,0.0,0.0,0.0,0.0,0.0,0.0,0.0,0.0,-0.0,-0.0,-2.004,-0.0,0.0,0.0,0.0,0.0,3371.5,-1.5879151860148276e+29,0.0,-107615240.0,0.0,-0.0,2.7184274988523002e+23,0.0,0.0,0.0,0.0,0,-5.8480786593265204e+35,1.9056745840535142e+17,0.0,0.0,0.0,0.0,0.0,0.0,0.0,0,0,0,0.0,0.0,0.0,0.0,0.0,0.0,0.0,0.0,0.0,0.0,0.0,0.0,0.0,0.0,0.0,0.0,0,-107875648.0,0,0.0,0,-107875648.0,-107877712.0,0,39322,17038,0,17053,26215,17037,0,0,0,110,100,100,0.0,64.0,0.0,64.9,-107615304.0,68.5,1,49,50,180,0,13107,0,0,0.0,0.0,0.0,0.0,0.001,65.5,0.0,32649496576.0,0.0,645,0,686,0,0,0,714,0,785,0,707,0,689,0,645,0,640,0,618,0.032,36962304.0,-0.0,0.0,14992,16789,0.007,32649496576.0,0.0,-0.0,0.0,5.960697065559713e+20,29.0,60.0,70,0.0,0.0,0.0,0.0,0.0,0.0,0.0,0.0,0.0,0.0,0.0,0.0,0.0,0.0,0.0,0.0,59.2,68,12,65509,41,65476,0,300,0,0,8,20529,65476,0,0,61604,60.0,0.0,0.0,0.0,0.0,0.0
2026-04-04T11:46:19,ERR,ERR,ERR,ERR,ERR,ERR,ERR,ERR,ERR,ERR,ERR,ERR,ERR,ERR,ERR,ERR,ERR,ERR,ERR,ERR,ERR,ERR,ERR,ERR,ERR,ERR,ERR,ERR,ERR,ERR,ERR,ERR,ERR,ERR,ERR,ERR,ERR,ERR,ERR,ERR,ERR,ERR,ERR,ERR,ERR,ERR,ERR,ERR,ERR,ERR,ERR,ERR,ERR,ERR,ERR,ERR,ERR,ERR,ERR,ERR,ERR,ERR,ERR,ERR,ERR,ERR,ERR,ERR,ERR,ERR,ERR,ERR,ERR,ERR,ERR,ERR,ERR,ERR,ERR,ERR,ERR,ERR,ERR,ERR,ERR,ERR,ERR,ERR,ERR,ERR,ERR,ERR,ERR,ERR,ERR,ERR,ERR,ERR,ERR,ERR,ERR,ERR,ERR,ERR,ERR,ERR,ERR,ERR,ERR,ERR,ERR,ERR,ERR,ERR,ERR,ERR,ERR,ERR,ERR,ERR,ERR,ERR,ERR,ERR,ERR,0.0,0.0,-0.0,0.0,0.0,0.0,0.0,nan,0,0,0,32768,0,0.0,0,0.0,0.0,0.0,0.0,0.0,0,0,0,0,0.0,0,0,0,0,0,0,0,0,0,0,0,0,0,0,0,0,0,0,0,0,0,0,0,0,0,0,0,0,0,0,0,0,0,0,0,0,0,0,0,0,0,0,0,0,0.0,0.0,0.0,0.0,0.0,0.0,0.0,0.0,0.0,0.0,0.0,0.0,0.0,0.0,0.0,0.0,0.0,0.0,0.0,0.0,0.0,0.0,-0.0,-0.0,-2.004,-0.0,0.0,0.0,0.0,0.0,3368.0,0.0,0.0,0.0,0.0,-0.0,2.7184274988523002e+23,0.0,0.0,0.0,0.0,0,-2.7184278591402704e+23,5.8480295378657616e+35,0.0,0.0,0.0,0.0,0.0,0.0,0.0,0,0,0,0.0,0.0,0.0,0.0,0.0,0.0,0.0,0.0,0.0,0.0,0.0,0.0,0.0,0.0,0.0,0.0,0,-107875648.0,0,0.0,0,-107875648.0,-107877712.0,0,39322,17038,0,17053,26215,17037,0,0,0,110,100,100,0.0,64.0,0.0,64.9,-107615304.0,68.5,1,49,50,180,0,13107,0,0,0.0,0.0,0.0,0.0,0.001,65.5,0.0,32649496576.0,0.0,645,0,686,0,0,0,714,0,785,0,707,0,689,0,645,0,640,0,618,0.032,36962304.0,-0.0,0.0,14992,16789,0.007,32649496576.0,0.0,-0.0,0.0,5.960697065559713e+20,29.0,60.0,70,0.0,0.0,0.0,0.0,0.0,0.0,0.0,0.0,0.0,0.0,0.0,0.0,0.0,0.0,0.0,0.0,59.2,68,12,65509,41,65476,0,300,0,0,8,20529,65476,0,0,61604,60.0,0.0,0.0,0.0,0.0,0.0
2026-04-04T11:46:20,ERR,ERR,ERR,ERR,ERR,ERR,ERR,ERR,ERR,ERR,ERR,ERR,ERR,ERR,ERR,ERR,ERR,ERR,ERR,ERR,ERR,ERR,ERR,ERR,ERR,ERR,ERR,ERR,ERR,ERR,ERR,ERR,ERR,ERR,ERR,ERR,ERR,ERR,ERR,ERR,ERR,ERR,ERR,ERR,ERR,ERR,ERR,ERR,ERR,ERR,ERR,ERR,ERR,ERR,ERR,ERR,ERR,ERR,ERR,ERR,ERR,ERR,ERR,ERR,ERR,ERR,ERR,ERR,ERR,ERR,ERR,ERR,ERR,ERR,ERR,ERR,ERR,ERR,ERR,ERR,ERR,ERR,ERR,ERR,ERR,ERR,ERR,ERR,ERR,ERR,ERR,ERR,ERR,ERR,ERR,ERR,ERR,ERR,ERR,ERR,ERR,ERR,ERR,ERR,ERR,ERR,ERR,ERR,ERR,ERR,ERR,ERR,ERR,ERR,ERR,ERR,ERR,ERR,ERR,ERR,ERR,ERR,ERR,ERR,ERR,0.0,0.0,-0.0,0.0,0.0,0.0,0.0,nan,0,0,0,32768,0,0.0,0,0.0,0.0,0.0,0.0,0.0,0,0,0,0,0.0,0,0,0,0,0,0,0,0,0,0,0,0,0,0,0,0,0,0,0,0,0,0,0,0,0,0,0,0,0,0,0,0,0,0,0,0,0,0,0,0,0,0,0,0,0.0,0.0,0.0,0.0,0.0,0.0,0.0,0.0,0.0,0.0,0.0,0.0,0.0,0.0,0.0,0.0,0.0,0.0,0.0,0.0,0.0,0.0,-0.0,-0.0,-2.004,-0.0,0.0,0.0,0.0,0.0,3368.0,0.0,0.0,0.0,0.0,-0.0,2.7184274988523002e+23,0.0,0.0,0.0,0.0,0,-2.7184278591402704e+23,5.8480295378657616e+35,0.0,0.0,0.0,0.0,0.0,0.0,0.0,0,0,0,0.0,0.0,0.0,0.0,0.0,0.0,0.0,0.0,0.0,0.0,0.0,0.0,0.0,0.0,0.0,0.0,0,-107875648.0,0,0.0,0,-107875648.0,-107877712.0,0,39322,17038,0,17053,26215,17037,0,0,0,110,100,100,0.0,64.0,0.0,64.9,-107615304.0,68.5,1,49,50,180,0,13107,0,0,0.0,0.0,0.0,0.0,0.001,65.5,0.0,32649496576.0,0.0,645,0,686,0,0,0,714,0,785,0,707,0,689,0,645,0,640,0,618,0.032,36962304.0,-0.0,0.0,14992,16789,0.007,32649496576.0,0.0,-0.0,0.0,5.960697065559713e+20,29.0,60.0,70,0.0,0.0,0.0,0.0,0.0,0.0,0.0,0.0,0.0,0.0,0.0,0.0,0.0,0.0,0.0,0.0,59.2,68,12,65509,41,65476,0,300,0,0,8,20529,65476,0,0,61604,60.0,0.0,0.0,0.0,0.0,0.0
2026-04-04T11:46:21,ERR,ERR,ERR,ERR,ERR,ERR,ERR,ERR,ERR,ERR,ERR,ERR,ERR,ERR,ERR,ERR,ERR,ERR,ERR,ERR,ERR,ERR,ERR,ERR,ERR,ERR,ERR,ERR,ERR,ERR,ERR,ERR,ERR,ERR,ERR,ERR,ERR,ERR,ERR,ERR,ERR,ERR,ERR,ERR,ERR,ERR,ERR,ERR,ERR,ERR,ERR,ERR,ERR,ERR,ERR,ERR,ERR,ERR,ERR,ERR,ERR,ERR,ERR,ERR,ERR,ERR,ERR,ERR,ERR,ERR,ERR,ERR,ERR,ERR,ERR,ERR,ERR,ERR,ERR,ERR,ERR,ERR,ERR,ERR,ERR,ERR,ERR,ERR,ERR,ERR,ERR,ERR,ERR,ERR,ERR,ERR,ERR,ERR,ERR,ERR,ERR,ERR,ERR,ERR,ERR,ERR,ERR,ERR,ERR,ERR,ERR,ERR,ERR,ERR,ERR,ERR,ERR,ERR,ERR,ERR,ERR,ERR,ERR,ERR,ERR,0.0,0.0,-0.0,0.0,0.0,0.0,0.0,nan,0,0,0,32768,0,0.0,0,0.0,0.0,0.0,0.0,0.0,0,0,0,0,0.0,0,0,0,0,0,0,0,0,0,0,0,0,0,0,0,0,0,0,0,0,0,0,0,0,0,0,0,0,0,0,0,0,0,0,0,0,0,0,0,0,0,0,0,0,0.0,0.0,0.0,0.0,0.0,0.0,0.0,0.0,0.0,0.0,0.0,0.0,0.0,0.0,0.0,0.0,0.0,0.0,0.0,0.0,0.0,0.0,-0.0,-0.0,-2.004,-0.0,0.0,0.0,0.0,0.0,3368.0,0.0,0.0,0.0,0.0,-0.0,2.7184274988523002e+23,0.0,0.0,0.0,0.0,0,-2.7184278591402704e+23,5.8480295378657616e+35,0.0,0.0,0.0,0.0,0.0,0.0,0.0,0,0,0,0.0,0.0,0.0,0.0,0.0,0.0,0.0,0.0,0.0,0.0,0.0,0.0,0.0,0.0,0.0,0.0,0,-107875648.0,0,0.0,0,-107875648.0,-107877712.0,0,39322,17038,0,17053,26215,17037,0,0,0,110,100,100,0.0,64.0,0.0,64.9,-107615304.0,68.5,1,49,50,180,0,13107,0,0,0.0,0.0,0.0,0.0,0.001,65.5,0.0,32649496576.0,0.0,645,0,686,0,0,0,714,0,785,0,707,0,689,0,645,0,640,0,618,0.032,36962304.0,-0.0,0.0,14992,16789,0.007,32649496576.0,0.0,-0.0,0.0,5.960697065559713e+20,29.0,60.0,70,0.0,0.0,0.0,0.0,0.0,0.0,0.0,0.0,0.0,0.0,0.0,0.0,0.0,0.0,0.0,0.0,59.2,68,12,65509,41,65476,0,300,0,0,8,20529,65476,0,0,61604,60.0,0.0,0.0,0.0,0.0,0.0
2026-04-04T11:46:22,ERR,ERR,ERR,ERR,ERR,ERR,ERR,ERR,ERR,ERR,ERR,ERR,ERR,ERR,ERR,ERR,ERR,ERR,ERR,ERR,ERR,ERR,ERR,ERR,ERR,ERR,ERR,ERR,ERR,ERR,ERR,ERR,ERR,ERR,ERR,ERR,ERR,ERR,ERR,ERR,ERR,ERR,ERR,ERR,ERR,ERR,ERR,ERR,ERR,ERR,ERR,ERR,ERR,ERR,ERR,ERR,ERR,ERR,ERR,ERR,ERR,ERR,ERR,ERR,ERR,ERR,ERR,ERR,ERR,ERR,ERR,ERR,ERR,ERR,ERR,ERR,ERR,ERR,ERR,ERR,ERR,ERR,ERR,ERR,ERR,ERR,ERR,ERR,ERR,ERR,ERR,ERR,ERR,ERR,ERR,ERR,ERR,ERR,ERR,ERR,ERR,ERR,ERR,ERR,ERR,ERR,ERR,ERR,ERR,ERR,ERR,ERR,ERR,ERR,ERR,ERR,ERR,ERR,ERR,ERR,ERR,ERR,ERR,ERR,ERR,0.0,0.0,-0.0,0.0,0.0,0.0,0.0,nan,0,0,0,32768,0,0.0,0,0.0,0.0,0.0,0.0,0.0,0,0,0,0,0.0,0,0,0,0,0,0,0,0,0,0,0,0,0,0,0,0,0,0,0,0,0,0,0,0,0,0,0,0,0,0,0,0,0,0,0,0,0,0,0,0,0,0,0,0,0.0,0.0,0.0,0.0,0.0,0.0,0.0,0.0,0.0,0.0,0.0,0.0,0.0,0.0,0.0,0.0,0.0,0.0,0.0,0.0,0.0,0.0,-0.0,-0.0,-2.004,-0.0,0.0,0.0,0.0,0.0,3368.0,0.0,0.0,0.0,0.0,-0.0,2.7184274988523002e+23,0.0,0.0,0.0,0.0,0,-2.7184278591402704e+23,5.8480295378657616e+35,0.0,0.0,0.0,0.0,0.0,0.0,0.0,0,0,0,0.0,0.0,0.0,0.0,0.0,0.0,0.0,0.0,0.0,0.0,0.0,0.0,0.0,0.0,0.0,0.0,0,-107875648.0,0,0.0,0,-107875648.0,-107877712.0,0,52429,17038,0,17053,26215,17037,0,0,0,110,100,100,0.0,64.0,0.0,64.9,-107615304.0,68.5,1,49,50,180,0,13107,0,0,0.0,0.0,0.0,0.0,0.0,65.5,0.0,-0.0,0.0,645,0,686,0,0,0,714,0,785,0,707,0,689,0,645,0,640,0,618,0.032,36700160.0,-0.0,0.0,22160,16789,0.0,-0.0,0.0,-2.6484673104882254e+38,0.0,3698001444864.0,29.0,60.0,70,0.0,0.0,0.0,0.0,0.0,0.0,0.0,0.0,0.0,0.0,0.0,0.0,0.0,0.0,0.0,0.0,59.2,68,12,65509,41,65476,0,300,0,0,8,20529,65476,0,0,61604,60.0,0.0,0.0,0.0,0.0,0.0
2026-04-04T11:46:23,ERR,ERR,ERR,ERR,ERR,ERR,ERR,ERR,ERR,ERR,ERR,ERR,ERR,ERR,ERR,ERR,ERR,ERR,ERR,ERR,ERR,ERR,ERR,ERR,ERR,ERR,ERR,ERR,ERR,ERR,ERR,ERR,ERR,ERR,ERR,ERR,ERR,ERR,ERR,ERR,ERR,ERR,ERR,ERR,ERR,ERR,ERR,ERR,ERR,ERR,ERR,ERR,ERR,ERR,ERR,ERR,ERR,ERR,ERR,ERR,ERR,ERR,ERR,ERR,ERR,ERR,ERR,ERR,ERR,ERR,ERR,ERR,ERR,ERR,ERR,ERR,ERR,ERR,ERR,ERR,ERR,ERR,ERR,ERR,ERR,ERR,ERR,ERR,ERR,ERR,ERR,ERR,ERR,ERR,ERR,ERR,ERR,ERR,ERR,ERR,ERR,ERR,ERR,ERR,ERR,ERR,ERR,ERR,ERR,ERR,ERR,ERR,ERR,ERR,ERR,ERR,ERR,ERR,ERR,ERR,ERR,ERR,ERR,ERR,ERR,0.0,0.0,-0.0,0.0,0.0,0.0,0.0,nan,0,0,0,32768,0,0.0,0,0.0,0.0,0.0,0.0,0.0,0,0,0,0,0.0,0,0,0,0,0,0,0,0,0,0,0,0,0,0,0,0,0,0,0,0,0,0,0,0,0,0,0,0,0,0,0,0,0,0,0,0,0,0,0,0,0,0,0,0,0.0,0.0,0.0,0.0,0.0,0.0,0.0,0.0,0.0,0.0,0.0,0.0,0.0,0.0,0.0,0.0,0.0,0.0,0.0,0.0,0.0,0.0,-0.0,-0.0,-2.004,-0.0,0.0,0.0,0.0,0.0,3368.0,0.0,0.0,0.0,0.0,-0.0,2.7184274988523002e+23,0.0,0.0,0.0,0.0,0,-2.7184278591402704e+23,5.8480295378657616e+35,0.0,0.0,0.0,0.0,0.0,0.0,0.0,0,0,0,0.0,0.0,0.0,0.0,0.0,0.0,0.0,0.0,0.0,0.0,0.0,0.0,0.0,0.0,0.0,0.0,0,-107875648.0,0,0.0,0,-107875648.0,-107877712.0,0,52429,17038,0,17053,26215,17037,0,0,0,110,100,100,0.0,64.0,0.0,64.9,-107615304.0,68.5,1,49,50,180,0,13107,0,0,0.0,0.0,0.0,0.0,0.0,65.5,0.0,-0.0,0.0,645,0,686,0,0,0,714,0,785,0,707,0,689,0,645,0,640,0,618,0.032,36700160.0,-0.0,0.0,22160,16789,0.0,-0.0,0.0,-2.6484673104882254e+38,0.0,3698001444864.0,29.0,60.0,70,0.0,0.0,0.0,0.0,0.0,0.0,0.0,0.0,0.0,0.0,0.0,0.0,0.0,0.0,0.0,0.0,59.2,68,12,65509,41,65476,0,300,0,0,8,20529,65476,0,0,61604,60.0,0.0,0.0,0.0,0.0,0.0
2026-04-04T11:46:24,ERR,ERR,ERR,ERR,ERR,ERR,ERR,ERR,ERR,ERR,ERR,ERR,ERR,ERR,ERR,ERR,ERR,ERR,ERR,ERR,ERR,ERR,ERR,ERR,ERR,ERR,ERR,ERR,ERR,ERR,ERR,ERR,ERR,ERR,ERR,ERR,ERR,ERR,ERR,ERR,ERR,ERR,ERR,ERR,ERR,ERR,ERR,ERR,ERR,ERR,ERR,ERR,ERR,ERR,ERR,ERR,ERR,ERR,ERR,ERR,ERR,ERR,ERR,ERR,ERR,ERR,ERR,ERR,ERR,ERR,ERR,ERR,ERR,ERR,ERR,ERR,ERR,ERR,ERR,ERR,ERR,ERR,ERR,ERR,ERR,ERR,ERR,ERR,ERR,ERR,ERR,ERR,ERR,ERR,ERR,ERR,ERR,ERR,ERR,ERR,ERR,ERR,ERR,ERR,ERR,ERR,ERR,ERR,ERR,ERR,ERR,ERR,ERR,ERR,ERR,ERR,ERR,ERR,ERR,ERR,ERR,ERR,ERR,ERR,ERR,0.0,0.0,-0.0,0.0,0.0,0.0,0.0,nan,0,0,0,32768,0,0.0,0,0.0,0.0,0.0,0.0,0.0,0,0,0,0,0.0,0,0,0,0,0,0,0,0,0,0,0,0,0,0,0,0,0,0,0,0,0,0,0,0,0,0,0,0,0,0,0,0,0,0,0,0,0,0,0,0,0,0,0,0,0.0,0.0,0.0,0.0,0.0,0.0,0.0,0.0,0.0,0.0,0.0,0.0,0.0,0.0,0.0,0.0,0.0,0.0,0.0,0.0,0.0,0.0,-0.0,-0.0,-2.004,-0.0,0.0,0.0,0.0,0.0,3368.0,0.0,0.0,0.0,0.0,-0.0,2.7184274988523002e+23,0.0,0.0,0.0,0.0,0,-2.7184278591402704e+23,5.8480295378657616e+35,0.0,0.0,0.0,0.0,0.0,0.0,0.0,0,0,0,0.0,0.0,0.0,0.0,0.0,0.0,0.0,0.0,0.0,0.0,0.0,0.0,0.0,0.0,0.0,0.0,0,-107875648.0,0,0.0,0,-107875648.0,-107877712.0,0,52429,17038,0,17053,26215,17037,0,0,0,110,100,100,0.0,64.0,0.0,64.9,-107615304.0,68.5,1,49,50,180,0,13107,0,0,0.0,0.0,0.0,0.0,0.0,65.5,0.0,-0.0,0.0,645,0,686,0,0,0,714,0,785,0,707,0,689,0,645,0,640,0,618,0.032,36700160.0,-0.0,0.0,22160,16789,0.0,-0.0,0.0,-2.6484673104882254e+38,0.0,3698001444864.0,29.0,60.0,70,0.0,0.0,0.0,0.0,0.0,0.0,0.0,0.0,0.0,0.0,0.0,0.0,0.0,0.0,0.0,0.0,59.2,68,12,65509,41,65476,0,300,0,0,8,20529,65476,0,0,61604,60.0,0.0,0.0,0.0,0.0,0.0
2026-04-04T11:46:25,ERR,ERR,ERR,ERR,ERR,ERR,ERR,ERR,ERR,ERR,ERR,ERR,ERR,ERR,ERR,ERR,ERR,ERR,ERR,ERR,ERR,ERR,ERR,ERR,ERR,ERR,ERR,ERR,ERR,ERR,ERR,ERR,ERR,ERR,ERR,ERR,ERR,ERR,ERR,ERR,ERR,ERR,ERR,ERR,ERR,ERR,ERR,ERR,ERR,ERR,ERR,ERR,ERR,ERR,ERR,ERR,ERR,ERR,ERR,ERR,ERR,ERR,ERR,ERR,ERR,ERR,ERR,ERR,ERR,ERR,ERR,ERR,ERR,ERR,ERR,ERR,ERR,ERR,ERR,ERR,ERR,ERR,ERR,ERR,ERR,ERR,ERR,ERR,ERR,ERR,ERR,ERR,ERR,ERR,ERR,ERR,ERR,ERR,ERR,ERR,ERR,ERR,ERR,ERR,ERR,ERR,ERR,ERR,ERR,ERR,ERR,ERR,ERR,ERR,ERR,ERR,ERR,ERR,ERR,ERR,ERR,ERR,ERR,ERR,ERR,0.0,0.0,-0.0,0.0,0.0,0.0,0.0,nan,0,0,0,32768,0,0.0,0,0.0,0.0,0.0,0.0,0.0,0,0,0,0,0.0,0,0,0,0,0,0,0,0,0,0,0,0,0,0,0,0,0,0,0,0,0,0,0,0,0,0,0,0,0,0,0,0,0,0,0,0,0,0,0,0,0,0,0,0,0.0,0.0,0.0,0.0,0.0,0.0,0.0,0.0,0.0,0.0,0.0,0.0,0.0,0.0,0.0,0.0,0.0,0.0,0.0,0.0,0.0,0.0,-0.0,-0.0,-2.004,-0.0,0.0,0.0,0.0,0.0,3368.0,0.0,0.0,0.0,0.0,-0.0,2.7184274988523002e+23,0.0,0.0,0.0,0.0,0,-2.7184278591402704e+23,5.8480295378657616e+35,0.0,0.0,0.0,0.0,0.0,0.0,0.0,0,0,0,0.0,0.0,0.0,0.0,0.0,0.0,0.0,0.0,0.0,0.0,0.0,0.0,0.0,0.0,0.0,0.0,0,-107875648.0,0,0.0,0,-107875648.0,-107877712.0,0,52429,17038,0,17053,26215,17037,0,0,0,110,100,100,0.0,64.0,0.0,64.9,-107615304.0,68.5,1,49,50,180,0,13107,0,0,0.0,0.0,0.0,0.0,0.0,65.5,0.0,-0.0,0.0,645,0,686,0,0,0,714,0,785,0,707,0,689,0,645,0,640,0,618,0.032,36700160.0,-0.0,0.0,22160,16789,0.0,-0.0,0.0,-2.6484673104882254e+38,0.0,3698001444864.0,29.0,60.0,70,0.0,0.0,0.0,0.0,0.0,0.0,0.0,0.0,0.0,0.0,0.0,0.0,0.0,0.0,0.0,0.0,59.2,68,12,65509,41,65476,0,300,0,0,8,20529,65476,0,0,61604,60.0,0.0,0.0,0.0,0.0,0.0
2026-04-04T11:46:26,ERR,ERR,ERR,ERR,ERR,ERR,ERR,ERR,ERR,ERR,ERR,ERR,ERR,ERR,ERR,ERR,ERR,ERR,ERR,ERR,ERR,ERR,ERR,ERR,ERR,ERR,ERR,ERR,ERR,ERR,ERR,ERR,ERR,ERR,ERR,ERR,ERR,ERR,ERR,ERR,ERR,ERR,ERR,ERR,ERR,ERR,ERR,ERR,ERR,ERR,ERR,ERR,ERR,ERR,ERR,ERR,ERR,ERR,ERR,ERR,ERR,ERR,ERR,ERR,ERR,ERR,ERR,ERR,ERR,ERR,ERR,ERR,ERR,ERR,ERR,ERR,ERR,ERR,ERR,ERR,ERR,ERR,ERR,ERR,ERR,ERR,ERR,ERR,ERR,ERR,ERR,ERR,ERR,ERR,ERR,ERR,ERR,ERR,ERR,ERR,ERR,ERR,ERR,ERR,ERR,ERR,ERR,ERR,ERR,ERR,ERR,ERR,ERR,ERR,ERR,ERR,ERR,ERR,ERR,ERR,ERR,ERR,ERR,ERR,ERR,0.0,0.0,-0.0,0.0,0.0,0.0,0.0,nan,0,0,0,32768,0,0.0,0,0.0,0.0,0.0,0.0,0.0,0,0,0,0,0.0,0,0,0,0,0,0,0,0,0,0,0,0,0,0,0,0,0,0,0,0,0,0,0,0,0,0,0,0,0,0,0,0,0,0,0,0,0,0,0,0,0,0,0,0,0.0,0.0,0.0,0.0,0.0,0.0,0.0,0.0,0.0,0.0,0.0,0.0,0.0,0.0,0.0,0.0,0.0,0.0,0.0,0.0,0.0,0.0,-0.0,-2.004,-2.004,-0.0,0.0,0.0,0.0,0.0,3369.0,0.0,0.0,0.0,0.0,-0.0,2.7184274988523002e+23,0.0,0.0,0.0,0.0,0,-3.222024165466893e+26,1.9056745840535142e+17,0.0,0.0,0.0,0.0,0.0,0.0,0.0,0,0,0,0.0,0.0,0.0,0.0,0.0,0.0,0.0,0.0,0.0,0.0,0.0,0.0,0.0,0.0,0.0,0.0,0,-107875648.0,0,0.0,0,-107875648.0,-107877712.0,0,52429,17038,0,17053,26215,17037,0,0,0,110,100,100,0.0,64.0,0.0,64.9,-107615304.0,68.5,1,49,50,180,0,13107,0,0,0.0,0.0,0.0,0.0,0.0,65.5,0.0,-0.0,0.0,645,0,686,0,0,0,714,0,785,0,707,0,689,0,645,0,640,0,618,0.032,36700160.0,-0.0,0.0,22160,16789,0.0,-0.0,0.0,-2.6484673104882254e+38,0.0,3698001444864.0,29.0,60.0,70,0.0,0.0,0.0,0.0,0.0,0.0,0.0,0.0,0.0,0.0,0.0,0.0,0.0,0.0,0.0,0.0,59.6,68,12,65509,41,65476,0,300,0,0,8,20529,65476,0,0,61604,60.0,0.0,0.0,0.0,0.0,0.0
2026-04-04T11:46:27,ERR,ERR,ERR,ERR,ERR,ERR,ERR,ERR,ERR,ERR,ERR,ERR,ERR,ERR,ERR,ERR,ERR,ERR,ERR,ERR,ERR,ERR,ERR,ERR,ERR,ERR,ERR,ERR,ERR,ERR,ERR,ERR,ERR,ERR,ERR,ERR,ERR,ERR,ERR,ERR,ERR,ERR,ERR,ERR,ERR,ERR,ERR,ERR,ERR,ERR,ERR,ERR,ERR,ERR,ERR,ERR,ERR,ERR,ERR,ERR,ERR,ERR,ERR,ERR,ERR,ERR,ERR,ERR,ERR,ERR,ERR,ERR,ERR,ERR,ERR,ERR,ERR,ERR,ERR,ERR,ERR,ERR,ERR,ERR,ERR,ERR,ERR,ERR,ERR,ERR,ERR,ERR,ERR,ERR,ERR,ERR,ERR,ERR,ERR,ERR,ERR,ERR,ERR,ERR,ERR,ERR,ERR,ERR,ERR,ERR,ERR,ERR,ERR,ERR,ERR,ERR,ERR,ERR,ERR,ERR,ERR,ERR,ERR,ERR,ERR,0.0,0.0,-0.0,0.0,0.0,0.0,0.0,nan,0,0,0,32768,0,0.0,0,0.0,0.0,0.0,0.0,0.0,0,0,0,0,0.0,0,0,0,0,0,0,0,0,0,0,0,0,0,0,0,0,0,0,0,0,0,0,0,0,0,0,0,0,0,0,0,0,0,0,0,0,0,0,0,0,0,0,0,0,0.0,0.0,0.0,0.0,0.0,0.0,0.0,0.0,0.0,0.0,0.0,0.0,0.0,0.0,0.0,0.0,0.0,0.0,0.0,0.0,0.0,0.0,-0.0,-2.004,-2.004,-0.0,0.0,0.0,0.0,0.0,3369.0,0.0,0.0,0.0,0.0,-0.0,2.7184274988523002e+23,0.0,0.0,0.0,0.0,0,-3.222024165466893e+26,1.9056745840535142e+17,0.0,0.0,0.0,0.0,0.0,0.0,0.0,0,0,0,0.0,0.0,0.0,0.0,0.0,0.0,0.0,0.0,0.0,0.0,0.0,0.0,0.0,0.0,0.0,0.0,0,-107875648.0,0,0.0,0,-107875648.0,-107877712.0,0,52429,17038,0,17053,26215,17037,0,0,0,110,100,100,0.0,64.0,0.0,64.9,-107615304.0,68.5,1,49,50,180,0,13107,0,0,0.0,0.0,0.0,0.0,0.0,65.5,0.0,-0.0,0.0,645,0,686,0,0,0,714,0,785,0,707,0,689,0,645,0,640,0,618,0.032,36700160.0,-0.0,0.0,22160,16789,0.0,-0.0,0.0,-2.6484673104882254e+38,0.0,3698001444864.0,29.0,60.0,70,0.0,0.0,0.0,0.0,0.0,0.0,0.0,0.0,0.0,0.0,0.0,0.0,0.0,0.0,0.0,0.0,59.6,68,12,65509,41,65476,0,300,0,0,8,20529,65476,0,0,61604,60.0,0.0,0.0,0.0,0.0,0.0
2026-04-04T11:46:28,ERR,ERR,ERR,ERR,ERR,ERR,ERR,ERR,ERR,ERR,ERR,ERR,ERR,ERR,ERR,ERR,ERR,ERR,ERR,ERR,ERR,ERR,ERR,ERR,ERR,ERR,ERR,ERR,ERR,ERR,ERR,ERR,ERR,ERR,ERR,ERR,ERR,ERR,ERR,ERR,ERR,ERR,ERR,ERR,ERR,ERR,ERR,ERR,ERR,ERR,ERR,ERR,ERR,ERR,ERR,ERR,ERR,ERR,ERR,ERR,ERR,ERR,ERR,ERR,ERR,ERR,ERR,ERR,ERR,ERR,ERR,ERR,ERR,ERR,ERR,ERR,ERR,ERR,ERR,ERR,ERR,ERR,ERR,ERR,ERR,ERR,ERR,ERR,ERR,ERR,ERR,ERR,ERR,ERR,ERR,ERR,ERR,ERR,ERR,ERR,ERR,ERR,ERR,ERR,ERR,ERR,ERR,ERR,ERR,ERR,ERR,ERR,ERR,ERR,ERR,ERR,ERR,ERR,ERR,ERR,ERR,ERR,ERR,ERR,ERR,0.0,0.0,-0.0,0.0,0.0,0.0,0.0,nan,0,0,0,32768,0,0.0,0,0.0,0.0,0.0,0.0,0.0,0,0,0,0,0.0,0,0,0,0,0,0,0,0,0,0,0,0,0,0,0,0,0,0,0,0,0,0,0,0,0,0,0,0,0,0,0,0,0,0,0,0,0,0,0,0,0,0,0,0,0.0,0.0,0.0,0.0,0.0,0.0,0.0,0.0,0.0,0.0,0.0,0.0,0.0,0.0,0.0,0.0,0.0,0.0,0.0,0.0,0.0,0.0,-0.0,-2.004,-2.004,-0.0,0.0,0.0,0.0,0.0,3369.0,0.0,0.0,0.0,0.0,-0.0,2.7184274988523002e+23,0.0,0.0,0.0,0.0,0,-3.222024165466893e+26,1.9056745840535142e+17,0.0,0.0,0.0,0.0,0.0,0.0,0.0,0,0,0,0.0,0.0,0.0,0.0,0.0,0.0,0.0,0.0,0.0,0.0,0.0,0.0,0.0,0.0,0.0,0.0,0,-107875648.0,0,0.0,0,-107875648.0,-107877712.0,0,52429,17038,0,17053,26215,17037,0,0,0,110,100,100,0.0,64.0,0.0,64.9,-0.0,68.5,1,49,50,180,0,13107,0,0,0.0,0.0,0.0,0.0,0.0,65.5,0.0,2.5869216075985117e+31,0.0,645,0,686,0,0,0,714,0,785,0,707,0,689,0,645,0,640,0,618,0.032,36962304.0,-0.0,0.0,14224,16789,0.0,3.0709812602591106e+32,-9.3592402680058e+35,-0.0,0.0,1032855808.0,29.0,60.0,70,0.0,0.0,0.0,0.0,0.0,0.0,0.0,0.0,0.0,0.0,0.0,0.0,0.0,0.0,0.0,0.0,59.6,68,12,65509,41,65476,0,300,0,0,8,20529,65476,0,0,61604,60.0,0.0,0.0,0.0,0.0,0.0
2026-04-04T11:46:29,ERR,ERR,ERR,ERR,ERR,ERR,ERR,ERR,ERR,ERR,ERR,ERR,ERR,ERR,ERR,ERR,ERR,ERR,ERR,ERR,ERR,ERR,ERR,ERR,ERR,ERR,ERR,ERR,ERR,ERR,ERR,ERR,ERR,ERR,ERR,ERR,ERR,ERR,ERR,ERR,ERR,ERR,ERR,ERR,ERR,ERR,ERR,ERR,ERR,ERR,ERR,ERR,ERR,ERR,ERR,ERR,ERR,ERR,ERR,ERR,ERR,ERR,ERR,ERR,ERR,ERR,ERR,ERR,ERR,ERR,ERR,ERR,ERR,ERR,ERR,ERR,ERR,ERR,ERR,ERR,ERR,ERR,ERR,ERR,ERR,ERR,ERR,ERR,ERR,ERR,ERR,ERR,ERR,ERR,ERR,ERR,ERR,ERR,ERR,ERR,ERR,ERR,ERR,ERR,ERR,ERR,ERR,ERR,ERR,ERR,ERR,ERR,ERR,ERR,ERR,ERR,ERR,ERR,ERR,ERR,ERR,ERR,ERR,ERR,ERR,0.0,0.0,-0.0,0.0,0.0,0.0,0.0,nan,0,0,0,32768,0,0.0,0,0.0,0.0,0.0,0.0,0.0,0,0,0,0,0.0,0,0,0,0,0,0,0,0,0,0,0,0,0,0,0,0,0,0,0,0,0,0,0,0,0,0,0,0,0,0,0,0,0,0,0,0,0,0,0,0,0,0,0,0,0.0,0.0,0.0,0.0,0.0,0.0,0.0,0.0,0.0,0.0,0.0,0.0,0.0,0.0,0.0,0.0,0.0,0.0,0.0,0.0,0.0,0.0,-0.0,-2.004,-2.004,-0.0,0.0,0.0,0.0,0.0,3369.0,0.0,0.0,0.0,0.0,-0.0,2.7184274988523002e+23,0.0,0.0,0.0,0.0,0,-3.222024165466893e+26,1.9056745840535142e+17,0.0,0.0,0.0,0.0,0.0,0.0,0.0,0,0,0,0.0,0.0,0.0,0.0,0.0,0.0,0.0,0.0,0.0,0.0,0.0,0.0,0.0,0.0,0.0,0.0,0,-107875648.0,0,0.0,0,-107875648.0,-107877712.0,0,52429,17038,0,17053,26215,17037,0,0,0,110,100,100,0.0,64.0,0.0,64.9,-0.0,68.5,1,49,50,180,0,13107,0,0,0.0,0.0,0.0,0.0,0.0,65.5,0.0,2.5869216075985117e+31,0.0,645,0,686,0,0,0,714,0,785,0,707,0,689,0,645,0,640,0,618,0.032,36962304.0,-0.0,0.0,14224,16789,0.0,3.0709812602591106e+32,-9.3592402680058e+35,-0.0,0.0,1032855808.0,29.0,60.0,70,0.0,0.0,0.0,0.0,0.0,0.0,0.0,0.0,0.0,0.0,0.0,0.0,0.0,0.0,0.0,0.0,59.2,68,12,65509,41,65476,0,300,0,0,8,20529,65476,0,0,61604,60.0,0.0,0.0,0.0,0.0,0.0
2026-04-04T11:46:30,ERR,ERR,ERR,ERR,ERR,ERR,ERR,ERR,ERR,ERR,ERR,ERR,ERR,ERR,ERR,ERR,ERR,ERR,ERR,ERR,ERR,ERR,ERR,ERR,ERR,ERR,ERR,ERR,ERR,ERR,ERR,ERR,ERR,ERR,ERR,ERR,ERR,ERR,ERR,ERR,ERR,ERR,ERR,ERR,ERR,ERR,ERR,ERR,ERR,ERR,ERR,ERR,ERR,ERR,ERR,ERR,ERR,ERR,ERR,ERR,ERR,ERR,ERR,ERR,ERR,ERR,ERR,ERR,ERR,ERR,ERR,ERR,ERR,ERR,ERR,ERR,ERR,ERR,ERR,ERR,ERR,ERR,ERR,ERR,ERR,ERR,ERR,ERR,ERR,ERR,ERR,ERR,ERR,ERR,ERR,ERR,ERR,ERR,ERR,ERR,ERR,ERR,ERR,ERR,ERR,ERR,ERR,ERR,ERR,ERR,ERR,ERR,ERR,ERR,ERR,ERR,ERR,ERR,ERR,ERR,ERR,ERR,ERR,ERR,ERR,0.0,0.0,-0.0,0.0,0.0,0.0,0.0,nan,0,0,0,32768,0,0.0,0,0.0,0.0,0.0,0.0,0.0,0,0,0,0,0.0,0,0,0,0,0,0,0,0,0,0,0,0,0,0,0,0,0,0,0,0,0,0,0,0,0,0,0,0,0,0,0,0,0,0,0,0,0,0,0,0,0,0,0,0,0.0,0.0,0.0,0.0,0.0,0.0,0.0,0.0,0.0,0.0,0.0,0.0,0.0,0.0,0.0,0.0,0.0,0.0,0.0,0.0,0.0,0.0,-0.0,-2.004,-2.004,-0.0,0.0,0.0,0.0,0.0,3369.0,0.0,0.0,0.0,0.0,-0.0,2.7184274988523002e+23,0.0,0.0,0.0,0.0,0,-3.222024165466893e+26,1.9056745840535142e+17,0.0,0.0,0.0,0.0,0.0,0.0,0.0,0,0,0,0.0,0.0,0.0,0.0,0.0,0.0,0.0,0.0,0.0,0.0,0.0,0.0,0.0,0.0,0.0,0.0,0,-107875648.0,0,0.0,0,-107875648.0,-107877712.0,0,52429,17038,0,17053,26215,17037,0,0,0,110,100,100,0.0,64.0,0.0,64.9,-0.0,68.5,1,49,50,180,0,13107,0,0,0.0,0.0,0.0,0.0,0.0,65.5,0.0,2.5869216075985117e+31,0.0,645,0,686,0,0,0,714,0,785,0,707,0,689,0,645,0,640,0,618,0.032,36962304.0,-0.0,0.0,14224,16789,0.0,3.0709812602591106e+32,-9.3592402680058e+35,-0.0,0.0,1032855808.0,29.0,60.0,70,0.0,0.0,0.0,0.0,0.0,0.0,0.0,0.0,0.0,0.0,0.0,0.0,0.0,0.0,0.0,0.0,59.2,68,12,65509,41,65476,0,300,0,0,8,20529,65476,0,0,61604,60.0,0.0,0.0,0.0,0.0,0.0
2026-04-04T11:46:31,ERR,ERR,ERR,ERR,ERR,ERR,ERR,ERR,ERR,ERR,ERR,ERR,ERR,ERR,ERR,ERR,ERR,ERR,ERR,ERR,ERR,ERR,ERR,ERR,ERR,ERR,ERR,ERR,ERR,ERR,ERR,ERR,ERR,ERR,ERR,ERR,ERR,ERR,ERR,ERR,ERR,ERR,ERR,ERR,ERR,ERR,ERR,ERR,ERR,ERR,ERR,ERR,ERR,ERR,ERR,ERR,ERR,ERR,ERR,ERR,ERR,ERR,ERR,ERR,ERR,ERR,ERR,ERR,ERR,ERR,ERR,ERR,ERR,ERR,ERR,ERR,ERR,ERR,ERR,ERR,ERR,ERR,ERR,ERR,ERR,ERR,ERR,ERR,ERR,ERR,ERR,ERR,ERR,ERR,ERR,ERR,ERR,ERR,ERR,ERR,ERR,ERR,ERR,ERR,ERR,ERR,ERR,ERR,ERR,ERR,ERR,ERR,ERR,ERR,ERR,ERR,ERR,ERR,ERR,ERR,ERR,ERR,ERR,ERR,ERR,0.0,0.0,-0.0,0.0,0.0,0.0,0.0,nan,0,0,0,32768,0,0.0,0,0.0,0.0,0.0,0.0,0.0,0,0,0,0,0.0,0,0,0,0,0,0,0,0,0,0,0,0,0,0,0,0,0,0,0,0,0,0,0,0,0,0,0,0,0,0,0,0,0,0,0,0,0,0,0,0,0,0,0,0,0.0,0.0,0.0,0.0,0.0,0.0,0.0,0.0,0.0,0.0,0.0,0.0,0.0,0.0,0.0,0.0,0.0,0.0,0.0,0.0,0.0,0.0,-0.0,-2.004,-2.004,-0.0,0.0,0.0,0.0,0.0,3369.0,0.0,0.0,0.0,0.0,-0.0,2.7184274988523002e+23,0.0,0.0,0.0,0.0,0,-3.222024165466893e+26,1.9056745840535142e+17,0.0,0.0,0.0,0.0,0.0,0.0,0.0,0,0,0,0.0,0.0,0.0,0.0,0.0,0.0,0.0,0.0,0.0,0.0,0.0,0.0,0.0,0.0,0.0,0.0,0,-107875648.0,0,0.0,0,-107875648.0,-107877712.0,0,52429,17038,0,17053,26215,17037,0,0,0,110,100,100,0.0,64.0,0.0,64.9,-0.0,68.5,1,49,50,180,0,13107,0,0,0.0,0.0,0.0,0.0,0.0,65.5,0.0,2.5869216075985117e+31,0.0,645,0,686,0,0,0,714,0,785,0,707,0,689,0,645,0,640,0,618,0.032,36962304.0,-0.0,0.0,14224,16789,0.0,3.0709812602591106e+32,-9.3592402680058e+35,-0.0,0.0,1032855808.0,29.0,60.0,70,0.0,0.0,0.0,0.0,0.0,0.0,0.0,0.0,0.0,0.0,0.0,0.0,0.0,0.0,0.0,0.0,59.2,68,12,65509,41,65476,0,300,0,0,8,20529,65476,0,0,61604,60.0,0.0,0.0,0.0,0.0,0.0
2026-04-04T11:46:32,ERR,ERR,ERR,ERR,ERR,ERR,ERR,ERR,ERR,ERR,ERR,ERR,ERR,ERR,ERR,ERR,ERR,ERR,ERR,ERR,ERR,ERR,ERR,ERR,ERR,ERR,ERR,ERR,ERR,ERR,ERR,ERR,ERR,ERR,ERR,ERR,ERR,ERR,ERR,ERR,ERR,ERR,ERR,ERR,ERR,ERR,ERR,ERR,ERR,ERR,ERR,ERR,ERR,ERR,ERR,ERR,ERR,ERR,ERR,ERR,ERR,ERR,ERR,ERR,ERR,ERR,ERR,ERR,ERR,ERR,ERR,ERR,ERR,ERR,ERR,ERR,ERR,ERR,ERR,ERR,ERR,ERR,ERR,ERR,ERR,ERR,ERR,ERR,ERR,ERR,ERR,ERR,ERR,ERR,ERR,ERR,ERR,ERR,ERR,ERR,ERR,ERR,ERR,ERR,ERR,ERR,ERR,ERR,ERR,ERR,ERR,ERR,ERR,ERR,ERR,ERR,ERR,ERR,ERR,ERR,ERR,ERR,ERR,ERR,ERR,0.0,0.0,-0.0,0.0,0.0,0.0,0.0,nan,0,0,0,32768,0,0.0,0,0.0,0.0,0.0,0.0,0.0,0,0,0,0,0.0,0,0,0,0,0,0,0,0,0,0,0,0,0,0,0,0,0,0,0,0,0,0,0,0,0,0,0,0,0,0,0,0,0,0,0,0,0,0,0,0,0,0,0,0,0.0,0.0,0.0,0.0,0.0,0.0,0.0,0.0,0.0,0.0,0.0,0.0,0.0,0.0,0.0,0.0,0.0,0.0,0.0,0.0,0.0,0.0,-0.0,-2.004,-2.004,-0.0,0.0,0.0,0.0,0.0,3369.0,0.0,0.0,0.0,0.0,-0.0,2.7184274988523002e+23,0.0,0.0,0.0,0.0,0,-3.222024165466893e+26,1.9056745840535142e+17,0.0,0.0,0.0,0.0,0.0,0.0,0.0,0,0,0,0.0,0.0,0.0,0.0,0.0,0.0,0.0,0.0,0.0,0.0,0.0,0.0,0.0,0.0,0.0,0.0,0,-107875648.0,0,0.0,0,-107875648.0,-107877712.0,0,52429,17038,0,17053,26215,17037,0,0,0,110,100,100,0.0,64.0,0.0,64.9,-0.0,68.5,1,49,50,180,0,13107,0,0,0.0,0.0,0.0,0.0,0.0,65.5,0.0,2.5869216075985117e+31,0.0,645,0,686,0,0,0,714,0,785,0,707,0,689,0,645,0,640,0,618,0.032,36962304.0,-0.0,0.0,14224,16789,0.0,3.0709812602591106e+32,-9.3592402680058e+35,-0.0,0.0,1032855808.0,29.0,60.0,70,0.0,0.0,0.0,0.0,0.0,0.0,0.0,0.0,0.0,0.0,0.0,0.0,0.0,0.0,0.0,0.0,59.2,68,12,65509,41,65476,0,300,0,0,8,20529,65476,0,0,61604,60.0,0.0,0.0,0.0,0.0,0.0
2026-04-04T11:46:33,ERR,ERR,ERR,ERR,ERR,ERR,ERR,ERR,ERR,ERR,ERR,ERR,ERR,ERR,ERR,ERR,ERR,ERR,ERR,ERR,ERR,ERR,ERR,ERR,ERR,ERR,ERR,ERR,ERR,ERR,ERR,ERR,ERR,ERR,ERR,ERR,ERR,ERR,ERR,ERR,ERR,ERR,ERR,ERR,ERR,ERR,ERR,ERR,ERR,ERR,ERR,ERR,ERR,ERR,ERR,ERR,ERR,ERR,ERR,ERR,ERR,ERR,ERR,ERR,ERR,ERR,ERR,ERR,ERR,ERR,ERR,ERR,ERR,ERR,ERR,ERR,ERR,ERR,ERR,ERR,ERR,ERR,ERR,ERR,ERR,ERR,ERR,ERR,ERR,ERR,ERR,ERR,ERR,ERR,ERR,ERR,ERR,ERR,ERR,ERR,ERR,ERR,ERR,ERR,ERR,ERR,ERR,ERR,ERR,ERR,ERR,ERR,ERR,ERR,ERR,ERR,ERR,ERR,ERR,ERR,ERR,ERR,ERR,ERR,ERR,0.0,0.0,-0.0,0.0,0.0,0.0,0.0,nan,0,0,0,32768,0,0.0,0,0.0,0.0,0.0,0.0,0.0,0,0,0,0,0.0,0,0,0,0,0,0,0,0,0,0,0,0,0,0,0,0,0,0,0,0,0,0,0,0,0,0,0,0,0,0,0,0,0,0,0,0,0,0,0,0,0,0,0,0,0.0,0.0,0.0,0.0,0.0,0.0,0.0,0.0,0.0,0.0,0.0,0.0,0.0,0.0,0.0,0.0,0.0,0.0,0.0,0.0,0.0,0.0,-0.0,-2.004,-2.004,-0.0,0.0,0.0,0.0,0.0,3369.0,0.0,0.0,0.0,0.0,-0.0,2.7184274988523002e+23,0.0,0.0,0.0,0.0,0,-3.222024165466893e+26,1.9056745840535142e+17,0.0,0.0,0.0,0.0,0.0,0.0,0.0,0,0,0,0.0,0.0,0.0,0.0,0.0,0.0,0.0,0.0,0.0,0.0,0.0,0.0,0.0,0.0,0.0,0.0,0,-107875648.0,0,0.0,0,-107875648.0,-107877712.0,0,52429,17038,0,17053,26215,17037,0,0,0,110,100,100,0.0,64.0,0.0,64.9,-0.0,68.5,1,49,50,180,0,13107,0,0,0.0,0.0,0.0,0.0,0.0,65.5,0.0,2.5869216075985117e+31,0.0,645,0,686,0,0,0,714,0,785,0,707,0,689,0,645,0,640,0,618,0.032,36962304.0,-0.0,0.0,14224,16789,0.0,3.0709812602591106e+32,-9.3592402680058e+35,-0.0,0.0,1032855808.0,29.0,60.0,70,0.0,0.0,0.0,0.0,0.0,0.0,0.0,0.0,0.0,0.0,0.0,0.0,0.0,0.0,0.0,0.0,59.2,68,12,65509,41,65476,0,300,0,0,8,20529,65476,0,0,61604,60.0,0.0,0.0,0.0,0.0,0.0
2026-04-04T11:46:34,ERR,ERR,ERR,ERR,ERR,ERR,ERR,ERR,ERR,ERR,ERR,ERR,ERR,ERR,ERR,ERR,ERR,ERR,ERR,ERR,ERR,ERR,ERR,ERR,ERR,ERR,ERR,ERR,ERR,ERR,ERR,ERR,ERR,ERR,ERR,ERR,ERR,ERR,ERR,ERR,ERR,ERR,ERR,ERR,ERR,ERR,ERR,ERR,ERR,ERR,ERR,ERR,ERR,ERR,ERR,ERR,ERR,ERR,ERR,ERR,ERR,ERR,ERR,ERR,ERR,ERR,ERR,ERR,ERR,ERR,ERR,ERR,ERR,ERR,ERR,ERR,ERR,ERR,ERR,ERR,ERR,ERR,ERR,ERR,ERR,ERR,ERR,ERR,ERR,ERR,ERR,ERR,ERR,ERR,ERR,ERR,ERR,ERR,ERR,ERR,ERR,ERR,ERR,ERR,ERR,ERR,ERR,ERR,ERR,ERR,ERR,ERR,ERR,ERR,ERR,ERR,ERR,ERR,ERR,ERR,ERR,ERR,ERR,ERR,ERR,0.0,0.0,-0.0,0.0,0.0,0.0,0.0,nan,0,0,0,32768,0,0.0,0,0.0,0.0,0.0,0.0,0.0,0,0,0,0,0.0,0,0,0,0,0,0,0,0,0,0,0,0,0,0,0,0,0,0,0,0,0,0,0,0,0,0,0,0,0,0,0,0,0,0,0,0,0,0,0,0,0,0,0,0,0.0,0.0,0.0,0.0,0.0,0.0,0.0,0.0,0.0,0.0,0.0,0.0,0.0,0.0,0.0,0.0,0.0,0.0,0.0,0.0,0.0,0.0,-0.0,-2.004,-2.004,-0.0,0.0,0.0,0.0,0.0,3369.0,0.0,0.0,0.0,0.0,-0.0,2.7184274988523002e+23,0.0,0.0,0.0,0.0,0,-3.222024165466893e+26,1.9056745840535142e+17,0.0,0.0,0.0,0.0,0.0,0.0,0.0,0,0,0,0.0,0.0,0.0,0.0,0.0,0.0,0.0,0.0,0.0,0.0,0.0,0.0,0.0,0.0,0.0,0.0,0,-107875648.0,0,0.0,0,-107875648.0,-107877712.0,0,52429,17038,0,17053,26215,17037,0,0,0,110,100,100,0.0,64.0,0.0,64.9,-107615304.0,68.5,1,49,50,180,0,13107,0,0,0.0,0.0,0.0,0.0,0.0,65.5,0.0,0.0,0.0,645,0,686,0,0,0,714,0,785,0,707,0,689,0,645,0,640,0,618,0.032,36700160.0,-0.0,0.0,16144,16789,0.0,0.0,-0.0,0.0,-53058.031,-8.632801943894959e+32,29.0,60.0,70,0.0,0.0,0.0,0.0,0.0,0.0,0.0,0.0,0.0,0.0,0.0,0.0,0.0,0.0,0.0,0.0,59.2,68,12,65509,41,65476,0,300,0,0,8,20529,65476,0,0,61604,60.0,0.0,0.0,0.0,0.0,0.0
2026-04-04T11:46:35,ERR,ERR,ERR,ERR,ERR,ERR,ERR,ERR,ERR,ERR,ERR,ERR,ERR,ERR,ERR,ERR,ERR,ERR,ERR,ERR,ERR,ERR,ERR,ERR,ERR,ERR,ERR,ERR,ERR,ERR,ERR,ERR,ERR,ERR,ERR,ERR,ERR,ERR,ERR,ERR,ERR,ERR,ERR,ERR,ERR,ERR,ERR,ERR,ERR,ERR,ERR,ERR,ERR,ERR,ERR,ERR,ERR,ERR,ERR,ERR,ERR,ERR,ERR,ERR,ERR,ERR,ERR,ERR,ERR,ERR,ERR,ERR,ERR,ERR,ERR,ERR,ERR,ERR,ERR,ERR,ERR,ERR,ERR,ERR,ERR,ERR,ERR,ERR,ERR,ERR,ERR,ERR,ERR,ERR,ERR,ERR,ERR,ERR,ERR,ERR,ERR,ERR,ERR,ERR,ERR,ERR,ERR,ERR,ERR,ERR,ERR,ERR,ERR,ERR,ERR,ERR,ERR,ERR,ERR,ERR,ERR,ERR,ERR,ERR,ERR,-107615240.0,0.0,-117832800.0,0.0,0.0,0.0,0.0,nan,0,0,0,32768,0,0.0,0,0.0,0.0,0.0,0.0,0.0,0,0,0,0,0.0,0,0,0,0,0,0,0,0,0,0,0,0,0,0,0,0,0,0,0,0,0,0,0,0,0,0,0,0,0,0,0,0,0,0,0,0,0,0,0,0,0,0,0,0,0.0,0.0,0.0,0.0,0.0,0.0,0.0,0.0,0.0,0.0,0.0,0.0,0.0,0.0,0.0,0.0,0.0,0.0,0.0,0.0,0.0,0.0,2.004,-0.0,-2.004,-0.0,0.0,0.0,0.0,0.0,3369.0,-3.697153148275864e+19,0.0,0.0,0.0,-0.0,2.7184274988523002e+23,0.0,0.0,0.0,0.0,0,-2.7184278591402704e+23,126839996416.0,0.0,0.0,0.0,0.0,0.0,0.0,0.0,0,0,0,0.0,0.0,0.0,0.0,0.0,0.0,0.0,0.0,0.0,0.0,0.0,0.0,0.0,0.0,0.0,0.0,0,-107875648.0,0,0.0,0,-107875648.0,-107877712.0,0,52429,17038,0,17053,26215,17037,0,0,0,110,100,100,0.0,64.0,0.0,64.9,-107615304.0,68.5,1,49,50,180,0,13107,0,0,0.0,0.0,0.0,0.0,0.0,65.5,0.0,0.0,0.0,645,0,686,0,0,0,714,0,785,0,707,0,689,0,645,0,640,0,618,0.032,36700160.0,-0.0,0.0,16144,16789,0.0,0.0,-0.0,0.0,-53058.031,-8.632801943894959e+32,29.0,60.0,70,0.0,0.0,0.0,0.0,0.0,0.0,0.0,0.0,0.0,0.0,0.0,0.0,0.0,0.0,0.0,0.0,59.6,68,12,65509,41,65476,0,300,0,0,8,20529,65476,0,0,61604,60.0,0.0,0.0,0.0,0.0,0.0
2026-04-04T11:46:36,ERR,ERR,ERR,ERR,ERR,ERR,ERR,ERR,ERR,ERR,ERR,ERR,ERR,ERR,ERR,ERR,ERR,ERR,ERR,ERR,ERR,ERR,ERR,ERR,ERR,ERR,ERR,ERR,ERR,ERR,ERR,ERR,ERR,ERR,ERR,ERR,ERR,ERR,ERR,ERR,ERR,ERR,ERR,ERR,ERR,ERR,ERR,ERR,ERR,ERR,ERR,ERR,ERR,ERR,ERR,ERR,ERR,ERR,ERR,ERR,ERR,ERR,ERR,ERR,ERR,ERR,ERR,ERR,ERR,ERR,ERR,ERR,ERR,ERR,ERR,ERR,ERR,ERR,ERR,ERR,ERR,ERR,ERR,ERR,ERR,ERR,ERR,ERR,ERR,ERR,ERR,ERR,ERR,ERR,ERR,ERR,ERR,ERR,ERR,ERR,ERR,ERR,ERR,ERR,ERR,ERR,ERR,ERR,ERR,ERR,ERR,ERR,ERR,ERR,ERR,ERR,ERR,ERR,ERR,ERR,ERR,ERR,ERR,ERR,ERR,-107615240.0,0.0,-117832800.0,0.0,0.0,0.0,0.0,nan,0,0,0,32768,0,0.0,0,0.0,0.0,0.0,0.0,0.0,0,0,0,0,0.0,0,0,0,0,0,0,0,0,0,0,0,0,0,0,0,0,0,0,0,0,0,0,0,0,0,0,0,0,0,0,0,0,0,0,0,0,0,0,0,0,0,0,0,0,0.0,0.0,0.0,0.0,0.0,0.0,0.0,0.0,0.0,0.0,0.0,0.0,0.0,0.0,0.0,0.0,0.0,0.0,0.0,0.0,0.0,0.0,2.004,-0.0,-2.004,-0.0,0.0,0.0,0.0,0.0,3369.0,-3.697153148275864e+19,0.0,0.0,0.0,-0.0,2.7184274988523002e+23,0.0,0.0,0.0,0.0,0,-2.7184278591402704e+23,126839996416.0,0.0,0.0,0.0,0.0,0.0,0.0,0.0,0,0,0,0.0,0.0,0.0,0.0,0.0,0.0,0.0,0.0,0.0,0.0,0.0,0.0,0.0,0.0,0.0,0.0,0,-107875648.0,0,0.0,0,-107875648.0,-107877712.0,0,52429,17038,0,17053,26215,17037,0,0,0,110,100,100,0.0,64.0,0.0,64.9,-107615304.0,68.5,1,49,50,180,0,13107,0,0,0.0,0.0,0.0,0.0,0.0,65.5,0.0,0.0,0.0,645,0,686,0,0,0,714,0,785,0,707,0,689,0,645,0,640,0,618,0.032,36700160.0,-0.0,0.0,16144,16789,0.0,0.0,-0.0,0.0,-53058.031,-8.632801943894959e+32,29.0,60.0,70,0.0,0.0,0.0,0.0,0.0,0.0,0.0,0.0,0.0,0.0,0.0,0.0,0.0,0.0,0.0,0.0,59.6,68,12,65509,41,65476,0,300,0,0,8,20529,65476,0,0,61604,60.0,0.0,0.0,0.0,0.0,0.0
2026-04-04T11:46:37,ERR,ERR,ERR,ERR,ERR,ERR,ERR,ERR,ERR,ERR,ERR,ERR,ERR,ERR,ERR,ERR,ERR,ERR,ERR,ERR,ERR,ERR,ERR,ERR,ERR,ERR,ERR,ERR,ERR,ERR,ERR,ERR,ERR,ERR,ERR,ERR,ERR,ERR,ERR,ERR,ERR,ERR,ERR,ERR,ERR,ERR,ERR,ERR,ERR,ERR,ERR,ERR,ERR,ERR,ERR,ERR,ERR,ERR,ERR,ERR,ERR,ERR,ERR,ERR,ERR,ERR,ERR,ERR,ERR,ERR,ERR,ERR,ERR,ERR,ERR,ERR,ERR,ERR,ERR,ERR,ERR,ERR,ERR,ERR,ERR,ERR,ERR,ERR,ERR,ERR,ERR,ERR,ERR,ERR,ERR,ERR,ERR,ERR,ERR,ERR,ERR,ERR,ERR,ERR,ERR,ERR,ERR,ERR,ERR,ERR,ERR,ERR,ERR,ERR,ERR,ERR,ERR,ERR,ERR,ERR,ERR,ERR,ERR,ERR,ERR,-107615240.0,0.0,-117832800.0,0.0,0.0,0.0,0.0,nan,0,0,0,32768,0,0.0,0,0.0,0.0,0.0,0.0,0.0,0,0,0,0,0.0,0,0,0,0,0,0,0,0,0,0,0,0,0,0,0,0,0,0,0,0,0,0,0,0,0,0,0,0,0,0,0,0,0,0,0,0,0,0,0,0,0,0,0,0,0.0,0.0,0.0,0.0,0.0,0.0,0.0,0.0,0.0,0.0,0.0,0.0,0.0,0.0,0.0,0.0,0.0,0.0,0.0,0.0,0.0,0.0,2.004,-0.0,-2.004,-0.0,0.0,0.0,0.0,0.0,3369.0,-3.697153148275864e+19,0.0,0.0,0.0,-0.0,2.7184274988523002e+23,0.0,0.0,0.0,0.0,0,-2.7184278591402704e+23,126839996416.0,0.0,0.0,0.0,0.0,0.0,0.0,0.0,0,0,0,0.0,0.0,0.0,0.0,0.0,0.0,0.0,0.0,0.0,0.0,0.0,0.0,0.0,0.0,0.0,0.0,0,-107875648.0,0,0.0,0,-107875648.0,-107877712.0,0,52429,17038,0,17053,26215,17037,0,0,0,110,100,100,0.0,64.0,0.0,64.9,-107615304.0,68.5,1,49,50,180,0,13107,0,0,0.0,0.0,0.0,0.0,0.0,65.5,0.0,0.0,0.0,645,0,686,0,0,0,714,0,785,0,707,0,689,0,645,0,640,0,618,0.032,36700160.0,-0.0,0.0,16144,16789,0.0,0.0,-0.0,0.0,-53058.031,-8.632801943894959e+32,29.0,60.0,70,0.0,0.0,0.0,0.0,0.0,0.0,0.0,0.0,0.0,0.0,0.0,0.0,0.0,0.0,0.0,0.0,59.2,68,12,65509,41,65476,0,300,0,0,8,20529,65476,0,0,61604,60.0,0.0,0.0,0.0,0.0,0.0
2026-04-04T11:46:38,ERR,ERR,ERR,ERR,ERR,ERR,ERR,ERR,ERR,ERR,ERR,ERR,ERR,ERR,ERR,ERR,ERR,ERR,ERR,ERR,ERR,ERR,ERR,ERR,ERR,ERR,ERR,ERR,ERR,ERR,ERR,ERR,ERR,ERR,ERR,ERR,ERR,ERR,ERR,ERR,ERR,ERR,ERR,ERR,ERR,ERR,ERR,ERR,ERR,ERR,ERR,ERR,ERR,ERR,ERR,ERR,ERR,ERR,ERR,ERR,ERR,ERR,ERR,ERR,ERR,ERR,ERR,ERR,ERR,ERR,ERR,ERR,ERR,ERR,ERR,ERR,ERR,ERR,ERR,ERR,ERR,ERR,ERR,ERR,ERR,ERR,ERR,ERR,ERR,ERR,ERR,ERR,ERR,ERR,ERR,ERR,ERR,ERR,ERR,ERR,ERR,ERR,ERR,ERR,ERR,ERR,ERR,ERR,ERR,ERR,ERR,ERR,ERR,ERR,ERR,ERR,ERR,ERR,ERR,ERR,ERR,ERR,ERR,ERR,ERR,-107615240.0,0.0,-117832800.0,0.0,0.0,0.0,0.0,nan,0,0,0,32768,0,0.0,0,0.0,0.0,0.0,0.0,0.0,0,0,0,0,0.0,0,0,0,0,0,0,0,0,0,0,0,0,0,0,0,0,0,0,0,0,0,0,0,0,0,0,0,0,0,0,0,0,0,0,0,0,0,0,0,0,0,0,0,0,0.0,0.0,0.0,0.0,0.0,0.0,0.0,0.0,0.0,0.0,0.0,0.0,0.0,0.0,0.0,0.0,0.0,0.0,0.0,0.0,0.0,0.0,2.004,-0.0,-2.004,-0.0,0.0,0.0,0.0,0.0,3369.0,-3.697153148275864e+19,0.0,0.0,0.0,-0.0,2.7184274988523002e+23,0.0,0.0,0.0,0.0,0,-2.7184278591402704e+23,126839996416.0,0.0,0.0,0.0,0.0,0.0,0.0,0.0,0,0,0,0.0,0.0,0.0,0.0,0.0,0.0,0.0,0.0,0.0,0.0,0.0,0.0,0.0,0.0,0.0,0.0,0,-107875648.0,0,0.0,0,-107875648.0,-107877712.0,0,52429,17038,0,17053,26215,17037,0,0,0,110,100,100,0.0,64.0,0.0,64.9,-107615304.0,68.5,1,49,50,180,0,13107,0,0,0.0,0.0,0.0,0.0,0.0,65.5,0.0,0.0,0.0,645,0,686,0,0,0,714,0,785,0,707,0,689,0,645,0,640,0,618,0.032,36700160.0,-0.0,0.0,16144,16789,0.0,0.0,-0.0,0.0,-53058.031,-8.632801943894959e+32,29.0,60.0,70,0.0,0.0,0.0,0.0,0.0,0.0,0.0,0.0,0.0,0.0,0.0,0.0,0.0,0.0,0.0,0.0,59.2,68,12,65509,41,65476,0,300,0,0,8,20529,65476,0,0,61604,60.0,0.0,0.0,0.0,0.0,0.0
2026-04-04T11:46:39,ERR,ERR,ERR,ERR,ERR,ERR,ERR,ERR,ERR,ERR,ERR,ERR,ERR,ERR,ERR,ERR,ERR,ERR,ERR,ERR,ERR,ERR,ERR,ERR,ERR,ERR,ERR,ERR,ERR,ERR,ERR,ERR,ERR,ERR,ERR,ERR,ERR,ERR,ERR,ERR,ERR,ERR,ERR,ERR,ERR,ERR,ERR,ERR,ERR,ERR,ERR,ERR,ERR,ERR,ERR,ERR,ERR,ERR,ERR,ERR,ERR,ERR,ERR,ERR,ERR,ERR,ERR,ERR,ERR,ERR,ERR,ERR,ERR,ERR,ERR,ERR,ERR,ERR,ERR,ERR,ERR,ERR,ERR,ERR,ERR,ERR,ERR,ERR,ERR,ERR,ERR,ERR,ERR,ERR,ERR,ERR,ERR,ERR,ERR,ERR,ERR,ERR,ERR,ERR,ERR,ERR,ERR,ERR,ERR,ERR,ERR,ERR,ERR,ERR,ERR,ERR,ERR,ERR,ERR,ERR,ERR,ERR,ERR,ERR,ERR,-107615240.0,0.0,-117832800.0,0.0,0.0,0.0,0.0,nan,0,0,0,32768,0,0.0,0,0.0,0.0,0.0,0.0,0.0,0,0,0,0,0.0,0,0,0,0,0,0,0,0,0,0,0,0,0,0,0,0,0,0,0,0,0,0,0,0,0,0,0,0,0,0,0,0,0,0,0,0,0,0,0,0,0,0,0,0,0.0,0.0,0.0,0.0,0.0,0.0,0.0,0.0,0.0,0.0,0.0,0.0,0.0,0.0,0.0,0.0,0.0,0.0,0.0,0.0,0.0,0.0,2.004,-0.0,-2.004,-0.0,0.0,0.0,0.0,0.0,3369.0,-3.697153148275864e+19,0.0,0.0,0.0,-0.0,2.7184274988523002e+23,0.0,0.0,0.0,0.0,0,-2.7184278591402704e+23,126839996416.0,0.0,0.0,0.0,0.0,0.0,0.0,0.0,0,0,0,0.0,0.0,0.0,0.0,0.0,0.0,0.0,0.0,0.0,0.0,0.0,0.0,0.0,0.0,0.0,0.0,0,-107875648.0,0,0.0,0,-107875648.0,-107877712.0,0,52429,17038,0,17053,26215,17037,0,0,0,110,100,100,0.0,64.0,0.0,64.9,-107615304.0,68.5,1,49,50,180,0,13107,0,0,0.0,0.0,0.0,0.0,0.0,65.5,0.0,0.0,0.0,645,0,686,0,0,0,714,0,785,0,707,0,689,0,645,0,640,0,618,0.032,36700160.0,-0.0,0.0,16144,16789,0.0,0.0,-0.0,0.0,-53058.031,-8.632801943894959e+32,29.0,60.0,70,0.0,0.0,0.0,0.0,0.0,0.0,0.0,0.0,0.0,0.0,0.0,0.0,0.0,0.0,0.0,0.0,59.2,68,12,65509,41,65476,0,300,0,0,8,20529,65476,0,0,61604,60.0,0.0,0.0,0.0,0.0,0.0
2026-04-04T11:46:40,ERR,ERR,ERR,ERR,ERR,ERR,ERR,ERR,ERR,ERR,ERR,ERR,ERR,ERR,ERR,ERR,ERR,ERR,ERR,ERR,ERR,ERR,ERR,ERR,ERR,ERR,ERR,ERR,ERR,ERR,ERR,ERR,ERR,ERR,ERR,ERR,ERR,ERR,ERR,ERR,ERR,ERR,ERR,ERR,ERR,ERR,ERR,ERR,ERR,ERR,ERR,ERR,ERR,ERR,ERR,ERR,ERR,ERR,ERR,ERR,ERR,ERR,ERR,ERR,ERR,ERR,ERR,ERR,ERR,ERR,ERR,ERR,ERR,ERR,ERR,ERR,ERR,ERR,ERR,ERR,ERR,ERR,ERR,ERR,ERR,ERR,ERR,ERR,ERR,ERR,ERR,ERR,ERR,ERR,ERR,ERR,ERR,ERR,ERR,ERR,ERR,ERR,ERR,ERR,ERR,ERR,ERR,ERR,ERR,ERR,ERR,ERR,ERR,ERR,ERR,ERR,ERR,ERR,ERR,ERR,ERR,ERR,ERR,ERR,ERR,-107615240.0,0.0,-117832800.0,0.0,0.0,0.0,0.0,nan,0,0,0,32768,0,0.0,0,0.0,0.0,0.0,0.0,0.0,0,0,0,0,0.0,0,0,0,0,0,0,0,0,0,0,0,0,0,0,0,0,0,0,0,0,0,0,0,0,0,0,0,0,0,0,0,0,0,0,0,0,0,0,0,0,0,0,0,0,0.0,0.0,0.0,0.0,0.0,0.0,0.0,0.0,0.0,0.0,0.0,0.0,0.0,0.0,0.0,0.0,0.0,0.0,0.0,0.0,0.0,0.0,2.004,-0.0,-2.004,-0.0,0.0,0.0,0.0,0.0,3369.0,-3.697153148275864e+19,0.0,0.0,0.0,-0.0,2.7184274988523002e+23,0.0,0.0,0.0,0.0,0,-2.7184278591402704e+23,126839996416.0,0.0,0.0,0.0,0.0,0.0,0.0,0.0,0,0,0,0.0,0.0,0.0,0.0,0.0,0.0,0.0,0.0,0.0,0.0,0.0,0.0,0.0,0.0,0.0,0.0,0,-107875648.0,0,0.0,0,-107875648.0,-107877712.0,0,52429,17038,0,17053,26215,17037,0,0,0,110,100,100,0.0,64.0,0.0,64.9,-107615304.0,68.5,1,49,50,180,0,13107,0,0,0.0,0.0,0.0,0.0,0.0,65.5,0.0,-8.251133795477419e+34,0.0,645,0,686,0,0,0,714,0,785,0,707,0,689,0,645,0,640,0,618,0.032,36962304.0,-0.0,0.0,4240,16789,0.0,0.0,1.1361471312769105e+32,-0.0,-0.0,-2.058313899232461e+16,29.0,60.0,70,0.0,0.0,0.0,0.0,0.0,0.0,0.0,0.0,0.0,0.0,0.0,0.0,0.0,0.0,0.0,0.0,59.6,68,12,65509,41,65476,0,300,0,0,8,20529,65476,0,0,61604,60.0,0.0,0.0,0.0,0.0,0.0
2026-04-04T11:46:41,ERR,ERR,ERR,ERR,ERR,ERR,ERR,ERR,ERR,ERR,ERR,ERR,ERR,ERR,ERR,ERR,ERR,ERR,ERR,ERR,ERR,ERR,ERR,ERR,ERR,ERR,ERR,ERR,ERR,ERR,ERR,ERR,ERR,ERR,ERR,ERR,ERR,ERR,ERR,ERR,ERR,ERR,ERR,ERR,ERR,ERR,ERR,ERR,ERR,ERR,ERR,ERR,ERR,ERR,ERR,ERR,ERR,ERR,ERR,ERR,ERR,ERR,ERR,ERR,ERR,ERR,ERR,ERR,ERR,ERR,ERR,ERR,ERR,ERR,ERR,ERR,ERR,ERR,ERR,ERR,ERR,ERR,ERR,ERR,ERR,ERR,ERR,ERR,ERR,ERR,ERR,ERR,ERR,ERR,ERR,ERR,ERR,ERR,ERR,ERR,ERR,ERR,ERR,ERR,ERR,ERR,ERR,ERR,ERR,ERR,ERR,ERR,ERR,ERR,ERR,ERR,ERR,ERR,ERR,ERR,ERR,ERR,ERR,ERR,ERR,-107615240.0,0.0,-117832800.0,0.0,0.0,0.0,0.0,nan,0,0,0,32768,0,0.0,0,0.0,0.0,0.0,0.0,0.0,0,0,0,0,0.0,0,0,0,0,0,0,0,0,0,0,0,0,0,0,0,0,0,0,0,0,0,0,0,0,0,0,0,0,0,0,0,0,0,0,0,0,0,0,0,0,0,0,0,0,0.0,0.0,0.0,0.0,0.0,0.0,0.0,0.0,0.0,0.0,0.0,0.0,0.0,0.0,0.0,0.0,0.0,0.0,0.0,0.0,0.0,0.0,2.004,-0.0,-2.004,-0.0,0.0,0.0,0.0,0.0,3369.0,-3.697153148275864e+19,0.0,0.0,0.0,-0.0,2.7184274988523002e+23,0.0,0.0,0.0,0.0,0,-2.7184278591402704e+23,126839996416.0,0.0,0.0,0.0,0.0,0.0,0.0,0.0,0,0,0,0.0,0.0,0.0,0.0,0.0,0.0,0.0,0.0,0.0,0.0,0.0,0.0,0.0,0.0,0.0,0.0,0,-107875648.0,0,0.0,0,-107875648.0,-107877712.0,0,52429,17038,0,17053,26215,17037,0,0,0,110,100,100,0.0,64.0,0.0,64.9,-107615304.0,68.5,1,49,50,180,0,13107,0,0,0.0,0.0,0.0,0.0,0.0,65.5,0.0,-8.251133795477419e+34,0.0,645,0,686,0,0,0,714,0,785,0,707,0,689,0,645,0,640,0,618,0.032,36962304.0,-0.0,0.0,4240,16789,0.0,0.0,1.1361471312769105e+32,-0.0,-0.0,-2.058313899232461e+16,29.0,60.0,70,0.0,0.0,0.0,0.0,0.0,0.0,0.0,0.0,0.0,0.0,0.0,0.0,0.0,0.0,0.0,0.0,59.6,68,12,65509,41,65476,0,300,0,0,8,20529,65476,0,0,61604,60.0,0.0,0.0,0.0,0.0,0.0
2026-04-04T11:46:42,ERR,ERR,ERR,ERR,ERR,ERR,ERR,ERR,ERR,ERR,ERR,ERR,ERR,ERR,ERR,ERR,ERR,ERR,ERR,ERR,ERR,ERR,ERR,ERR,ERR,ERR,ERR,ERR,ERR,ERR,ERR,ERR,ERR,ERR,ERR,ERR,ERR,ERR,ERR,ERR,ERR,ERR,ERR,ERR,ERR,ERR,ERR,ERR,ERR,ERR,ERR,ERR,ERR,ERR,ERR,ERR,ERR,ERR,ERR,ERR,ERR,ERR,ERR,ERR,ERR,ERR,ERR,ERR,ERR,ERR,ERR,ERR,ERR,ERR,ERR,ERR,ERR,ERR,ERR,ERR,ERR,ERR,ERR,ERR,ERR,ERR,ERR,ERR,ERR,ERR,ERR,ERR,ERR,ERR,ERR,ERR,ERR,ERR,ERR,ERR,ERR,ERR,ERR,ERR,ERR,ERR,ERR,ERR,ERR,ERR,ERR,ERR,ERR,ERR,ERR,ERR,ERR,ERR,ERR,ERR,ERR,ERR,ERR,ERR,ERR,-107615240.0,0.0,-117832800.0,0.0,0.0,0.0,0.0,nan,0,0,0,32768,0,0.0,0,0.0,0.0,0.0,0.0,0.0,0,0,0,0,0.0,0,0,0,0,0,0,0,0,0,0,0,0,0,0,0,0,0,0,0,0,0,0,0,0,0,0,0,0,0,0,0,0,0,0,0,0,0,0,0,0,0,0,0,0,0.0,0.0,0.0,0.0,0.0,0.0,0.0,0.0,0.0,0.0,0.0,0.0,0.0,0.0,0.0,0.0,0.0,0.0,0.0,0.0,0.0,0.0,2.004,-0.0,-2.004,-0.0,0.0,0.0,0.0,0.0,3369.0,-3.697153148275864e+19,0.0,0.0,0.0,-0.0,2.7184274988523002e+23,0.0,0.0,0.0,0.0,0,-2.7184278591402704e+23,126839996416.0,0.0,0.0,0.0,0.0,0.0,0.0,0.0,0,0,0,0.0,0.0,0.0,0.0,0.0,0.0,0.0,0.0,0.0,0.0,0.0,0.0,0.0,0.0,0.0,0.0,0,-107875648.0,0,0.0,0,-107875648.0,-107877712.0,0,52429,17038,0,17053,26215,17037,0,0,0,110,100,100,0.0,64.0,0.0,64.9,-107615304.0,68.5,1,49,50,180,0,13107,0,0,0.0,0.0,0.0,0.0,0.0,65.5,0.0,-8.251133795477419e+34,0.0,645,0,686,0,0,0,714,0,785,0,707,0,689,0,645,0,640,0,618,0.032,36962304.0,-0.0,0.0,4240,16789,0.0,0.0,1.1361471312769105e+32,-0.0,-0.0,-2.058313899232461e+16,29.0,60.0,70,0.0,0.0,0.0,0.0,0.0,0.0,0.0,0.0,0.0,0.0,0.0,0.0,0.0,0.0,0.0,0.0,59.6,68,12,65509,41,65476,0,300,0,0,8,20529,65476,0,0,61604,60.0,0.0,0.0,0.0,0.0,0.0
2026-04-04T11:46:43,ERR,ERR,ERR,ERR,ERR,ERR,ERR,ERR,ERR,ERR,ERR,ERR,ERR,ERR,ERR,ERR,ERR,ERR,ERR,ERR,ERR,ERR,ERR,ERR,ERR,ERR,ERR,ERR,ERR,ERR,ERR,ERR,ERR,ERR,ERR,ERR,ERR,ERR,ERR,ERR,ERR,ERR,ERR,ERR,ERR,ERR,ERR,ERR,ERR,ERR,ERR,ERR,ERR,ERR,ERR,ERR,ERR,ERR,ERR,ERR,ERR,ERR,ERR,ERR,ERR,ERR,ERR,ERR,ERR,ERR,ERR,ERR,ERR,ERR,ERR,ERR,ERR,ERR,ERR,ERR,ERR,ERR,ERR,ERR,ERR,ERR,ERR,ERR,ERR,ERR,ERR,ERR,ERR,ERR,ERR,ERR,ERR,ERR,ERR,ERR,ERR,ERR,ERR,ERR,ERR,ERR,ERR,ERR,ERR,ERR,ERR,ERR,ERR,ERR,ERR,ERR,ERR,ERR,ERR,ERR,ERR,ERR,ERR,ERR,ERR,-107615240.0,0.0,-117832800.0,0.0,0.0,0.0,0.0,nan,0,0,0,32768,0,0.0,0,0.0,0.0,0.0,0.0,0.0,0,0,0,0,0.0,0,0,0,0,0,0,0,0,0,0,0,0,0,0,0,0,0,0,0,0,0,0,0,0,0,0,0,0,0,0,0,0,0,0,0,0,0,0,0,0,0,0,0,0,0.0,0.0,0.0,0.0,0.0,0.0,0.0,0.0,0.0,0.0,0.0,0.0,0.0,0.0,0.0,0.0,0.0,0.0,0.0,0.0,0.0,0.0,2.004,-0.0,0.0,-0.0,0.0,0.0,0.0,0.0,3352.5,-1.5879151860148276e+29,0.0,0.0,0.0,-0.0,2.7184274988523002e+23,0.0,0.0,0.0,0.0,0,-2.7184278591402704e+23,1.9056745840535142e+17,0.0,0.0,0.0,0.0,0.0,0.0,0.0,0,0,0,0.0,0.0,0.0,0.0,0.0,0.0,0.0,0.0,0.0,0.0,0.0,0.0,0.0,0.0,0.0,0.0,0,-107875648.0,0,0.0,0,-107875648.0,-107877712.0,0,52429,17038,0,17053,26215,17037,0,0,0,110,100,100,0.0,64.0,0.0,64.9,-107615304.0,68.5,1,49,50,180,0,13107,0,0,0.0,0.0,0.0,0.0,0.0,65.5,0.0,-8.251133795477419e+34,0.0,645,0,686,0,0,0,714,0,785,0,707,0,689,0,645,0,640,0,618,0.032,36962304.0,-0.0,0.0,4240,16789,0.0,0.0,1.1361471312769105e+32,-0.0,-0.0,-2.058313899232461e+16,29.0,60.0,70,0.0,0.0,0.0,0.0,0.0,0.0,0.0,0.0,0.0,0.0,0.0,0.0,0.0,0.0,0.0,0.0,59.2,68,12,65509,41,65476,0,300,0,0,8,20529,65476,0,0,61604,60.0,0.0,0.0,0.0,0.0,0.0
2026-04-04T11:46:44,ERR,ERR,ERR,ERR,ERR,ERR,ERR,ERR,ERR,ERR,ERR,ERR,ERR,ERR,ERR,ERR,ERR,ERR,ERR,ERR,ERR,ERR,ERR,ERR,ERR,ERR,ERR,ERR,ERR,ERR,ERR,ERR,ERR,ERR,ERR,ERR,ERR,ERR,ERR,ERR,ERR,ERR,ERR,ERR,ERR,ERR,ERR,ERR,ERR,ERR,ERR,ERR,ERR,ERR,ERR,ERR,ERR,ERR,ERR,ERR,ERR,ERR,ERR,ERR,ERR,ERR,ERR,ERR,ERR,ERR,ERR,ERR,ERR,ERR,ERR,ERR,ERR,ERR,ERR,ERR,ERR,ERR,ERR,ERR,ERR,ERR,ERR,ERR,ERR,ERR,ERR,ERR,ERR,ERR,ERR,ERR,ERR,ERR,ERR,ERR,ERR,ERR,ERR,ERR,ERR,ERR,ERR,ERR,ERR,ERR,ERR,ERR,ERR,ERR,ERR,ERR,ERR,ERR,ERR,ERR,ERR,ERR,ERR,ERR,ERR,-107615240.0,0.0,-117832800.0,0.0,0.0,0.0,0.0,nan,0,0,0,32768,0,0.0,0,0.0,0.0,0.0,0.0,0.0,0,0,0,0,0.0,0,0,0,0,0,0,0,0,0,0,0,0,0,0,0,0,0,0,0,0,0,0,0,0,0,0,0,0,0,0,0,0,0,0,0,0,0,0,0,0,0,0,0,0,0.0,0.0,0.0,0.0,0.0,0.0,0.0,0.0,0.0,0.0,0.0,0.0,0.0,0.0,0.0,0.0,0.0,0.0,0.0,0.0,0.0,0.0,2.004,-0.0,0.0,-0.0,0.0,0.0,0.0,0.0,3352.5,-1.5879151860148276e+29,0.0,0.0,0.0,-0.0,2.7184274988523002e+23,0.0,0.0,0.0,0.0,0,-2.7184278591402704e+23,1.9056745840535142e+17,0.0,0.0,0.0,0.0,0.0,0.0,0.0,0,0,0,0.0,0.0,0.0,0.0,0.0,0.0,0.0,0.0,0.0,0.0,0.0,0.0,0.0,0.0,0.0,0.0,0,-107875648.0,0,0.0,0,-107875648.0,-107877712.0,0,52429,17038,0,17053,26215,17037,0,0,0,110,100,100,0.0,64.0,0.0,64.9,-107615304.0,68.5,1,49,50,180,0,13107,0,0,0.0,0.0,0.0,0.0,0.0,65.5,0.0,-8.251133795477419e+34,0.0,645,0,686,0,0,0,714,0,785,0,707,0,689,0,645,0,640,0,618,0.032,36962304.0,-0.0,0.0,4240,16789,0.0,0.0,1.1361471312769105e+32,-0.0,-0.0,-2.058313899232461e+16,29.0,60.0,70,0.0,0.0,0.0,0.0,0.0,0.0,0.0,0.0,0.0,0.0,0.0,0.0,0.0,0.0,0.0,0.0,59.2,68,12,65509,41,65476,0,300,0,0,8,20529,65476,0,0,61604,60.0,0.0,0.0,0.0,0.0,0.0
2026-04-04T11:46:45,ERR,ERR,ERR,ERR,ERR,ERR,ERR,ERR,ERR,ERR,ERR,ERR,ERR,ERR,ERR,ERR,ERR,ERR,ERR,ERR,ERR,ERR,ERR,ERR,ERR,ERR,ERR,ERR,ERR,ERR,ERR,ERR,ERR,ERR,ERR,ERR,ERR,ERR,ERR,ERR,ERR,ERR,ERR,ERR,ERR,ERR,ERR,ERR,ERR,ERR,ERR,ERR,ERR,ERR,ERR,ERR,ERR,ERR,ERR,ERR,ERR,ERR,ERR,ERR,ERR,ERR,ERR,ERR,ERR,ERR,ERR,ERR,ERR,ERR,ERR,ERR,ERR,ERR,ERR,ERR,ERR,ERR,ERR,ERR,ERR,ERR,ERR,ERR,ERR,ERR,ERR,ERR,ERR,ERR,ERR,ERR,ERR,ERR,ERR,ERR,ERR,ERR,ERR,ERR,ERR,ERR,ERR,ERR,ERR,ERR,ERR,ERR,ERR,ERR,ERR,ERR,ERR,ERR,ERR,ERR,ERR,ERR,ERR,ERR,ERR,-107615240.0,0.0,-117832800.0,0.0,0.0,0.0,0.0,nan,0,0,0,32768,0,0.0,0,0.0,0.0,0.0,0.0,0.0,0,0,0,0,0.0,0,0,0,0,0,0,0,0,0,0,0,0,0,0,0,0,0,0,0,0,0,0,0,0,0,0,0,0,0,0,0,0,0,0,0,0,0,0,0,0,0,0,0,0,0.0,0.0,0.0,0.0,0.0,0.0,0.0,0.0,0.0,0.0,0.0,0.0,0.0,0.0,0.0,0.0,0.0,0.0,0.0,0.0,0.0,0.0,2.004,-0.0,0.0,-0.0,0.0,0.0,0.0,0.0,3352.5,-1.5879151860148276e+29,0.0,0.0,0.0,-0.0,2.7184274988523002e+23,0.0,0.0,0.0,0.0,0,-2.7184278591402704e+23,1.9056745840535142e+17,0.0,0.0,0.0,0.0,0.0,0.0,0.0,0,0,0,0.0,0.0,0.0,0.0,0.0,0.0,0.0,0.0,0.0,0.0,0.0,0.0,0.0,0.0,0.0,0.0,0,-107875648.0,0,0.0,0,-107875648.0,-107877712.0,0,52429,17038,0,17053,26215,17037,0,0,0,110,100,100,0.0,64.0,0.0,64.9,-107615304.0,68.5,1,49,50,180,0,13107,0,0,0.0,0.0,0.0,0.0,0.0,65.5,0.0,-8.251133795477419e+34,0.0,645,0,686,0,0,0,714,0,785,0,707,0,689,0,645,0,640,0,618,0.032,36962304.0,-0.0,0.0,4240,16789,0.0,0.0,1.1361471312769105e+32,-0.0,-0.0,-2.058313899232461e+16,29.0,60.0,70,0.0,0.0,0.0,0.0,0.0,0.0,0.0,0.0,0.0,0.0,0.0,0.0,0.0,0.0,0.0,0.0,59.2,68,12,65509,41,65476,0,300,0,0,8,20529,65476,0,0,61604,60.0,0.0,0.0,0.0,0.0,0.0
2026-04-04T11:46:46,ERR,ERR,ERR,ERR,ERR,ERR,ERR,ERR,ERR,ERR,ERR,ERR,ERR,ERR,ERR,ERR,ERR,ERR,ERR,ERR,ERR,ERR,ERR,ERR,ERR,ERR,ERR,ERR,ERR,ERR,ERR,ERR,ERR,ERR,ERR,ERR,ERR,ERR,ERR,ERR,ERR,ERR,ERR,ERR,ERR,ERR,ERR,ERR,ERR,ERR,ERR,ERR,ERR,ERR,ERR,ERR,ERR,ERR,ERR,ERR,ERR,ERR,ERR,ERR,ERR,ERR,ERR,ERR,ERR,ERR,ERR,ERR,ERR,ERR,ERR,ERR,ERR,ERR,ERR,ERR,ERR,ERR,ERR,ERR,ERR,ERR,ERR,ERR,ERR,ERR,ERR,ERR,ERR,ERR,ERR,ERR,ERR,ERR,ERR,ERR,ERR,ERR,ERR,ERR,ERR,ERR,ERR,ERR,ERR,ERR,ERR,ERR,ERR,ERR,ERR,ERR,ERR,ERR,ERR,ERR,ERR,ERR,ERR,ERR,ERR,-107615240.0,0.0,-117832800.0,0.0,0.0,0.0,0.0,nan,0,0,0,32768,0,0.0,0,0.0,0.0,0.0,0.0,0.0,0,0,0,0,0.0,0,0,0,0,0,0,0,0,0,0,0,0,0,0,0,0,0,0,0,0,0,0,0,0,0,0,0,0,0,0,0,0,0,0,0,0,0,0,0,0,0,0,0,0,0.0,0.0,0.0,0.0,0.0,0.0,0.0,0.0,0.0,0.0,0.0,0.0,0.0,0.0,0.0,0.0,0.0,0.0,0.0,0.0,0.0,0.0,2.004,-0.0,0.0,-0.0,0.0,0.0,0.0,0.0,3352.5,-1.5879151860148276e+29,0.0,0.0,0.0,-0.0,2.7184274988523002e+23,0.0,0.0,0.0,0.0,0,-2.7184278591402704e+23,1.9056745840535142e+17,0.0,0.0,0.0,0.0,0.0,0.0,0.0,0,0,0,0.0,0.0,0.0,0.0,0.0,0.0,0.0,0.0,0.0,0.0,0.0,0.0,0.0,0.0,0.0,0.0,0,-107875648.0,0,0.0,0,-107875648.0,-107877712.0,0,52429,17038,0,17053,26215,17037,0,0,0,110,100,100,0.0,64.0,0.0,64.9,-107615304.0,68.5,1,49,50,180,0,13107,0,0,0.0,0.0,0.0,0.0,0.0,65.5,0.0,-1.6642110051482266e+36,0.0,645,0,686,0,0,0,714,0,785,0,707,0,688,0,645,0,641,0,618,0.032,36962304.0,-0.0,0.0,20624,16789,0.0,-1.057,-0.0,-0.016,-77.129,-1.4870878447917482e+29,29.0,60.0,70,0.0,0.0,0.0,0.0,0.0,0.0,0.0,0.0,0.0,0.0,0.0,0.0,0.0,0.0,0.0,0.0,59.6,68,12,65509,41,65476,0,300,0,0,8,20529,65476,0,0,61604,60.0,0.0,0.0,0.0,0.0,0.0
2026-04-04T11:46:47,ERR,ERR,ERR,ERR,ERR,ERR,ERR,ERR,ERR,ERR,ERR,ERR,ERR,ERR,ERR,ERR,ERR,ERR,ERR,ERR,ERR,ERR,ERR,ERR,ERR,ERR,ERR,ERR,ERR,ERR,ERR,ERR,ERR,ERR,ERR,ERR,ERR,ERR,ERR,ERR,ERR,ERR,ERR,ERR,ERR,ERR,ERR,ERR,ERR,ERR,ERR,ERR,ERR,ERR,ERR,ERR,ERR,ERR,ERR,ERR,ERR,ERR,ERR,ERR,ERR,ERR,ERR,ERR,ERR,ERR,ERR,ERR,ERR,ERR,ERR,ERR,ERR,ERR,ERR,ERR,ERR,ERR,ERR,ERR,ERR,ERR,ERR,ERR,ERR,ERR,ERR,ERR,ERR,ERR,ERR,ERR,ERR,ERR,ERR,ERR,ERR,ERR,ERR,ERR,ERR,ERR,ERR,ERR,ERR,ERR,ERR,ERR,ERR,ERR,ERR,ERR,ERR,ERR,ERR,ERR,ERR,ERR,ERR,ERR,ERR,-107615240.0,0.0,-117832800.0,0.0,0.0,0.0,0.0,nan,0,0,0,32768,0,0.0,0,0.0,0.0,0.0,0.0,0.0,0,0,0,0,0.0,0,0,0,0,0,0,0,0,0,0,0,0,0,0,0,0,0,0,0,0,0,0,0,0,0,0,0,0,0,0,0,0,0,0,0,0,0,0,0,0,0,0,0,0,0.0,0.0,0.0,0.0,0.0,0.0,0.0,0.0,0.0,0.0,0.0,0.0,0.0,0.0,0.0,0.0,0.0,0.0,0.0,0.0,0.0,0.0,2.004,-0.0,0.0,-0.0,0.0,0.0,0.0,0.0,3352.5,-1.5879151860148276e+29,0.0,0.0,0.0,-0.0,2.7184274988523002e+23,0.0,0.0,0.0,0.0,0,-2.7184278591402704e+23,1.9056745840535142e+17,0.0,0.0,0.0,0.0,0.0,0.0,0.0,0,0,0,0.0,0.0,0.0,0.0,0.0,0.0,0.0,0.0,0.0,0.0,0.0,0.0,0.0,0.0,0.0,0.0,0,-107875648.0,0,0.0,0,-107875648.0,-107877712.0,0,52429,17038,0,17053,26215,17037,0,0,0,110,100,100,0.0,64.0,0.0,64.9,-107615304.0,68.5,1,49,50,180,0,13107,0,0,0.0,0.0,0.0,0.0,0.0,65.5,0.0,-1.6642110051482266e+36,0.0,645,0,686,0,0,0,714,0,785,0,707,0,688,0,645,0,641,0,618,0.032,36962304.0,-0.0,0.0,20624,16789,0.0,-1.057,-0.0,-0.016,-77.129,-1.4870878447917482e+29,29.0,60.0,70,0.0,0.0,0.0,0.0,0.0,0.0,0.0,0.0,0.0,0.0,0.0,0.0,0.0,0.0,0.0,0.0,59.6,68,12,65509,41,65476,0,300,0,0,8,20529,65476,0,0,61604,60.0,0.0,0.0,0.0,0.0,0.0
2026-04-04T11:46:48,ERR,ERR,ERR,ERR,ERR,ERR,ERR,ERR,ERR,ERR,ERR,ERR,ERR,ERR,ERR,ERR,ERR,ERR,ERR,ERR,ERR,ERR,ERR,ERR,ERR,ERR,ERR,ERR,ERR,ERR,ERR,ERR,ERR,ERR,ERR,ERR,ERR,ERR,ERR,ERR,ERR,ERR,ERR,ERR,ERR,ERR,ERR,ERR,ERR,ERR,ERR,ERR,ERR,ERR,ERR,ERR,ERR,ERR,ERR,ERR,ERR,ERR,ERR,ERR,ERR,ERR,ERR,ERR,ERR,ERR,ERR,ERR,ERR,ERR,ERR,ERR,ERR,ERR,ERR,ERR,ERR,ERR,ERR,ERR,ERR,ERR,ERR,ERR,ERR,ERR,ERR,ERR,ERR,ERR,ERR,ERR,ERR,ERR,ERR,ERR,ERR,ERR,ERR,ERR,ERR,ERR,ERR,ERR,ERR,ERR,ERR,ERR,ERR,ERR,ERR,ERR,ERR,ERR,ERR,ERR,ERR,ERR,ERR,ERR,ERR,-107615240.0,0.0,-117832800.0,0.0,0.0,0.0,0.0,nan,0,0,0,32768,0,0.0,0,0.0,0.0,0.0,0.0,0.0,0,0,0,0,0.0,0,0,0,0,0,0,0,0,0,0,0,0,0,0,0,0,0,0,0,0,0,0,0,0,0,0,0,0,0,0,0,0,0,0,0,0,0,0,0,0,0,0,0,0,0.0,0.0,0.0,0.0,0.0,0.0,0.0,0.0,0.0,0.0,0.0,0.0,0.0,0.0,0.0,0.0,0.0,0.0,0.0,0.0,0.0,0.0,2.004,-0.0,0.0,-0.0,0.0,0.0,0.0,0.0,3352.5,-1.5879151860148276e+29,0.0,0.0,0.0,-0.0,2.7184274988523002e+23,0.0,0.0,0.0,0.0,0,-2.7184278591402704e+23,1.9056745840535142e+17,0.0,0.0,0.0,0.0,0.0,0.0,0.0,0,0,0,0.0,0.0,0.0,0.0,0.0,0.0,0.0,0.0,0.0,0.0,0.0,0.0,0.0,0.0,0.0,0.0,0,-107875648.0,0,0.0,0,-107875648.0,-107877712.0,0,52429,17038,0,17053,26215,17037,0,0,0,110,100,100,0.0,64.0,0.0,64.9,-107615304.0,68.5,1,49,50,180,0,13107,0,0,0.0,0.0,0.0,0.0,0.0,65.5,0.0,-1.6642110051482266e+36,0.0,645,0,686,0,0,0,714,0,785,0,707,0,688,0,645,0,641,0,618,0.032,36962304.0,-0.0,0.0,20624,16789,0.0,-1.057,-0.0,-0.016,-77.129,-1.4870878447917482e+29,29.0,60.0,70,0.0,0.0,0.0,0.0,0.0,0.0,0.0,0.0,0.0,0.0,0.0,0.0,0.0,0.0,0.0,0.0,59.6,68,12,65509,41,65476,0,300,0,0,8,20529,65476,0,0,61604,60.0,0.0,0.0,0.0,0.0,0.0
2026-04-04T11:46:49,ERR,ERR,ERR,ERR,ERR,ERR,ERR,ERR,ERR,ERR,ERR,ERR,ERR,ERR,ERR,ERR,ERR,ERR,ERR,ERR,ERR,ERR,ERR,ERR,ERR,ERR,ERR,ERR,ERR,ERR,ERR,ERR,ERR,ERR,ERR,ERR,ERR,ERR,ERR,ERR,ERR,ERR,ERR,ERR,ERR,ERR,ERR,ERR,ERR,ERR,ERR,ERR,ERR,ERR,ERR,ERR,ERR,ERR,ERR,ERR,ERR,ERR,ERR,ERR,ERR,ERR,ERR,ERR,ERR,ERR,ERR,ERR,ERR,ERR,ERR,ERR,ERR,ERR,ERR,ERR,ERR,ERR,ERR,ERR,ERR,ERR,ERR,ERR,ERR,ERR,ERR,ERR,ERR,ERR,ERR,ERR,ERR,ERR,ERR,ERR,ERR,ERR,ERR,ERR,ERR,ERR,ERR,ERR,ERR,ERR,ERR,ERR,ERR,ERR,ERR,ERR,ERR,ERR,ERR,ERR,ERR,ERR,ERR,ERR,ERR,-107615240.0,0.0,-117832800.0,0.0,0.0,0.0,0.0,nan,0,0,0,32768,0,0.0,0,0.0,0.0,0.0,0.0,0.0,0,0,0,0,0.0,0,0,0,0,0,0,0,0,0,0,0,0,0,0,0,0,0,0,0,0,0,0,0,0,0,0,0,0,0,0,0,0,0,0,0,0,0,0,0,0,0,0,0,0,0.0,0.0,0.0,0.0,0.0,0.0,0.0,0.0,0.0,0.0,0.0,0.0,0.0,0.0,0.0,0.0,0.0,0.0,0.0,0.0,0.0,0.0,2.004,-0.0,0.0,-0.0,0.0,0.0,0.0,0.0,3352.5,-1.5879151860148276e+29,0.0,0.0,0.0,-0.0,2.7184274988523002e+23,0.0,0.0,0.0,0.0,0,-2.7184278591402704e+23,1.9056745840535142e+17,0.0,0.0,0.0,0.0,0.0,0.0,0.0,0,0,0,0.0,0.0,0.0,0.0,0.0,0.0,0.0,0.0,0.0,0.0,0.0,0.0,0.0,0.0,0.0,0.0,0,-107875648.0,0,0.0,0,-107875648.0,-107877712.0,0,52429,17038,0,17053,26215,17037,0,0,0,110,100,100,0.0,64.0,0.0,64.9,-107615304.0,68.5,1,49,50,180,0,13107,0,0,0.0,0.0,0.0,0.0,0.0,65.5,0.0,-1.6642110051482266e+36,0.0,645,0,686,0,0,0,714,0,785,0,707,0,688,0,645,0,641,0,618,0.032,36962304.0,-0.0,0.0,20624,16789,0.0,-1.057,-0.0,-0.016,-77.129,-1.4870878447917482e+29,29.0,60.0,70,0.0,0.0,0.0,0.0,0.0,0.0,0.0,0.0,0.0,0.0,0.0,0.0,0.0,0.0,0.0,0.0,59.2,68,12,65509,41,65476,0,300,0,0,8,20529,65476,0,0,61604,60.0,0.0,0.0,0.0,0.0,0.0
2026-04-04T11:46:50,ERR,ERR,ERR,ERR,ERR,ERR,ERR,ERR,ERR,ERR,ERR,ERR,ERR,ERR,ERR,ERR,ERR,ERR,ERR,ERR,ERR,ERR,ERR,ERR,ERR,ERR,ERR,ERR,ERR,ERR,ERR,ERR,ERR,ERR,ERR,ERR,ERR,ERR,ERR,ERR,ERR,ERR,ERR,ERR,ERR,ERR,ERR,ERR,ERR,ERR,ERR,ERR,ERR,ERR,ERR,ERR,ERR,ERR,ERR,ERR,ERR,ERR,ERR,ERR,ERR,ERR,ERR,ERR,ERR,ERR,ERR,ERR,ERR,ERR,ERR,ERR,ERR,ERR,ERR,ERR,ERR,ERR,ERR,ERR,ERR,ERR,ERR,ERR,ERR,ERR,ERR,ERR,ERR,ERR,ERR,ERR,ERR,ERR,ERR,ERR,ERR,ERR,ERR,ERR,ERR,ERR,ERR,ERR,ERR,ERR,ERR,ERR,ERR,ERR,ERR,ERR,ERR,ERR,ERR,ERR,ERR,ERR,ERR,ERR,ERR,-107615240.0,0.0,-117832800.0,0.0,0.0,0.0,0.0,nan,0,0,0,32768,0,0.0,0,0.0,0.0,0.0,0.0,0.0,0,0,0,0,0.0,0,0,0,0,0,0,0,0,0,0,0,0,0,0,0,0,0,0,0,0,0,0,0,0,0,0,0,0,0,0,0,0,0,0,0,0,0,0,0,0,0,0,0,0,0.0,0.0,0.0,0.0,0.0,0.0,0.0,0.0,0.0,0.0,0.0,0.0,0.0,0.0,0.0,0.0,0.0,0.0,0.0,0.0,0.0,0.0,2.004,-0.0,0.0,-0.0,0.0,0.0,0.0,0.0,3352.5,-1.5879151860148276e+29,0.0,0.0,0.0,-0.0,2.7184274988523002e+23,0.0,0.0,0.0,0.0,0,-2.7184278591402704e+23,1.9056745840535142e+17,0.0,0.0,0.0,0.0,0.0,0.0,0.0,0,0,0,0.0,0.0,0.0,0.0,0.0,0.0,0.0,0.0,0.0,0.0,0.0,0.0,0.0,0.0,0.0,0.0,0,-107875648.0,0,0.0,0,-107875648.0,-107877712.0,0,52429,17038,0,17053,26215,17037,0,0,0,110,100,100,0.0,64.0,0.0,64.9,-107615304.0,68.5,1,49,50,180,0,13107,0,0,0.0,0.0,0.0,0.0,0.0,65.5,0.0,-1.6642110051482266e+36,0.0,645,0,686,0,0,0,714,0,785,0,707,0,688,0,645,0,641,0,618,0.032,36962304.0,-0.0,0.0,20624,16789,0.0,-1.057,-0.0,-0.016,-77.129,-1.4870878447917482e+29,29.0,60.0,70,0.0,0.0,0.0,0.0,0.0,0.0,0.0,0.0,0.0,0.0,0.0,0.0,0.0,0.0,0.0,0.0,59.2,68,12,65509,41,65476,0,300,0,0,8,20529,65476,0,0,61604,60.0,0.0,0.0,0.0,0.0,0.0
2026-04-04T11:46:51,ERR,ERR,ERR,ERR,ERR,ERR,ERR,ERR,ERR,ERR,ERR,ERR,ERR,ERR,ERR,ERR,ERR,ERR,ERR,ERR,ERR,ERR,ERR,ERR,ERR,ERR,ERR,ERR,ERR,ERR,ERR,ERR,ERR,ERR,ERR,ERR,ERR,ERR,ERR,ERR,ERR,ERR,ERR,ERR,ERR,ERR,ERR,ERR,ERR,ERR,ERR,ERR,ERR,ERR,ERR,ERR,ERR,ERR,ERR,ERR,ERR,ERR,ERR,ERR,ERR,ERR,ERR,ERR,ERR,ERR,ERR,ERR,ERR,ERR,ERR,ERR,ERR,ERR,ERR,ERR,ERR,ERR,ERR,ERR,ERR,ERR,ERR,ERR,ERR,ERR,ERR,ERR,ERR,ERR,ERR,ERR,ERR,ERR,ERR,ERR,ERR,ERR,ERR,ERR,ERR,ERR,ERR,ERR,ERR,ERR,ERR,ERR,ERR,ERR,ERR,ERR,ERR,ERR,ERR,ERR,ERR,ERR,ERR,ERR,ERR,0.0,0.0,-0.0,0.0,0.0,0.0,0.0,nan,0,0,0,32768,0,0.0,0,0.0,0.0,0.0,0.0,0.0,0,0,0,0,0.0,0,0,0,0,0,0,0,0,0,0,0,0,0,0,0,0,0,0,0,0,0,0,0,0,0,0,0,0,0,0,0,0,0,0,0,0,0,0,0,0,0,0,0,0,0.0,0.0,0.0,0.0,0.0,0.0,0.0,0.0,0.0,0.0,0.0,0.0,0.0,0.0,0.0,0.0,0.0,0.0,0.0,0.0,0.0,0.0,2.004,-0.0,-2.004,-0.0,0.0,0.0,0.0,0.0,3369.5,0.0,0.0,-107615240.0,0.0,-0.0,2.7184274988523002e+23,0.0,0.0,0.0,0.0,0,-4.0668755697950344e+29,4.066828723919524e+29,0.0,0.0,0.0,0.0,0.0,0.0,0.0,0,0,0,0.0,0.0,0.0,0.0,0.0,0.0,0.0,0.0,0.0,0.0,0.0,0.0,0.0,0.0,0.0,0.0,0,-107875648.0,0,0.0,0,-107875648.0,-107877712.0,0,52429,17038,0,17053,26215,17037,0,0,0,110,100,100,0.0,64.0,0.0,64.9,-107615304.0,68.5,1,49,50,180,0,13107,0,0,0.0,0.0,0.0,0.0,0.0,65.5,0.0,-1.6642110051482266e+36,0.0,645,0,686,0,0,0,714,0,785,0,707,0,688,0,645,0,641,0,618,0.032,36962304.0,-0.0,0.0,20624,16789,0.0,-1.057,-0.0,-0.016,-77.129,-1.4870878447917482e+29,29.0,60.0,70,0.0,0.0,0.0,0.0,0.0,0.0,0.0,0.0,0.0,0.0,0.0,0.0,0.0,0.0,0.0,0.0,59.2,68,12,65509,41,65476,0,300,0,0,8,20529,65476,0,0,61604,60.0,0.0,0.0,0.0,0.0,0.0
2026-04-04T11:46:52,ERR,ERR,ERR,ERR,ERR,ERR,ERR,ERR,ERR,ERR,ERR,ERR,ERR,ERR,ERR,ERR,ERR,ERR,ERR,ERR,ERR,ERR,ERR,ERR,ERR,ERR,ERR,ERR,ERR,ERR,ERR,ERR,ERR,ERR,ERR,ERR,ERR,ERR,ERR,ERR,ERR,ERR,ERR,ERR,ERR,ERR,ERR,ERR,ERR,ERR,ERR,ERR,ERR,ERR,ERR,ERR,ERR,ERR,ERR,ERR,ERR,ERR,ERR,ERR,ERR,ERR,ERR,ERR,ERR,ERR,ERR,ERR,ERR,ERR,ERR,ERR,ERR,ERR,ERR,ERR,ERR,ERR,ERR,ERR,ERR,ERR,ERR,ERR,ERR,ERR,ERR,ERR,ERR,ERR,ERR,ERR,ERR,ERR,ERR,ERR,ERR,ERR,ERR,ERR,ERR,ERR,ERR,ERR,ERR,ERR,ERR,ERR,ERR,ERR,ERR,ERR,ERR,ERR,ERR,ERR,ERR,ERR,ERR,ERR,ERR,0.0,0.0,-0.0,0.0,0.0,0.0,0.0,nan,0,0,0,32768,0,0.0,0,0.0,0.0,0.0,0.0,0.0,0,0,0,0,0.0,0,0,0,0,0,0,0,0,0,0,0,0,0,0,0,0,0,0,0,0,0,0,0,0,0,0,0,0,0,0,0,0,0,0,0,0,0,0,0,0,0,0,0,0,0.0,0.0,0.0,0.0,0.0,0.0,0.0,0.0,0.0,0.0,0.0,0.0,0.0,0.0,0.0,0.0,0.0,0.0,0.0,0.0,0.0,0.0,2.004,-0.0,-2.004,-0.0,0.0,0.0,0.0,0.0,3369.5,0.0,0.0,-107615240.0,0.0,-0.0,2.7184274988523002e+23,0.0,0.0,0.0,0.0,0,-4.0668755697950344e+29,4.066828723919524e+29,0.0,0.0,0.0,0.0,0.0,0.0,0.0,0,0,0,0.0,0.0,0.0,0.0,0.0,0.0,0.0,0.0,0.0,0.0,0.0,0.0,0.0,0.0,0.0,0.0,0,-107875648.0,0,0.0,0,-107875648.0,-107877712.0,0,39322,17038,0,17053,26215,17037,0,0,0,110,100,100,0.0,64.0,0.0,64.8,-0.0,68.5,1,49,50,180,0,13107,0,0,0.0,0.0,0.0,0.0,0.0,65.5,0.0,-0.0,0.0,645,0,686,0,0,0,714,0,785,0,707,0,688,0,645,0,640,0,618,0.032,36962304.0,-0.0,0.0,7312,16789,0.0,788383659982848.0,0.0,-2.926,-0.0,-0.0,29.0,60.0,70,0.0,0.0,0.0,0.0,0.0,0.0,0.0,0.0,0.0,0.0,0.0,0.0,0.0,0.0,0.0,0.0,59.2,68,12,65509,41,65476,0,300,0,0,8,20529,65476,0,0,61604,60.0,0.0,0.0,0.0,0.0,0.0
2026-04-04T11:46:53,ERR,ERR,ERR,ERR,ERR,ERR,ERR,ERR,ERR,ERR,ERR,ERR,ERR,ERR,ERR,ERR,ERR,ERR,ERR,ERR,ERR,ERR,ERR,ERR,ERR,ERR,ERR,ERR,ERR,ERR,ERR,ERR,ERR,ERR,ERR,ERR,ERR,ERR,ERR,ERR,ERR,ERR,ERR,ERR,ERR,ERR,ERR,ERR,ERR,ERR,ERR,ERR,ERR,ERR,ERR,ERR,ERR,ERR,ERR,ERR,ERR,ERR,ERR,ERR,ERR,ERR,ERR,ERR,ERR,ERR,ERR,ERR,ERR,ERR,ERR,ERR,ERR,ERR,ERR,ERR,ERR,ERR,ERR,ERR,ERR,ERR,ERR,ERR,ERR,ERR,ERR,ERR,ERR,ERR,ERR,ERR,ERR,ERR,ERR,ERR,ERR,ERR,ERR,ERR,ERR,ERR,ERR,ERR,ERR,ERR,ERR,ERR,ERR,ERR,ERR,ERR,ERR,ERR,ERR,ERR,ERR,ERR,ERR,ERR,ERR,0.0,0.0,-0.0,0.0,0.0,0.0,0.0,nan,0,0,0,32768,0,0.0,0,0.0,0.0,0.0,0.0,0.0,0,0,0,0,0.0,0,0,0,0,0,0,0,0,0,0,0,0,0,0,0,0,0,0,0,0,0,0,0,0,0,0,0,0,0,0,0,0,0,0,0,0,0,0,0,0,0,0,0,0,0.0,0.0,0.0,0.0,0.0,0.0,0.0,0.0,0.0,0.0,0.0,0.0,0.0,0.0,0.0,0.0,0.0,0.0,0.0,0.0,0.0,0.0,2.004,-0.0,-2.004,-0.0,0.0,0.0,0.0,0.0,3369.5,0.0,0.0,-107615240.0,0.0,-0.0,2.7184274988523002e+23,0.0,0.0,0.0,0.0,0,-4.0668755697950344e+29,4.066828723919524e+29,0.0,0.0,0.0,0.0,0.0,0.0,0.0,0,0,0,0.0,0.0,0.0,0.0,0.0,0.0,0.0,0.0,0.0,0.0,0.0,0.0,0.0,0.0,0.0,0.0,0,-107875648.0,0,0.0,0,-107875648.0,-107877712.0,0,39322,17038,0,17053,26215,17037,0,0,0,110,100,100,0.0,64.0,0.0,64.8,-0.0,68.5,1,49,50,180,0,13107,0,0,0.0,0.0,0.0,0.0,0.0,65.5,0.0,-0.0,0.0,645,0,686,0,0,0,714,0,785,0,707,0,688,0,645,0,640,0,618,0.032,36962304.0,-0.0,0.0,7312,16789,0.0,788383659982848.0,0.0,-2.926,-0.0,-0.0,29.0,60.0,70,0.0,0.0,0.0,0.0,0.0,0.0,0.0,0.0,0.0,0.0,0.0,0.0,0.0,0.0,0.0,0.0,59.2,68,12,65509,41,65476,0,300,0,0,8,20529,65476,0,0,61604,60.0,0.0,0.0,0.0,0.0,0.0
2026-04-04T11:46:54,ERR,ERR,ERR,ERR,ERR,ERR,ERR,ERR,ERR,ERR,ERR,ERR,ERR,ERR,ERR,ERR,ERR,ERR,ERR,ERR,ERR,ERR,ERR,ERR,ERR,ERR,ERR,ERR,ERR,ERR,ERR,ERR,ERR,ERR,ERR,ERR,ERR,ERR,ERR,ERR,ERR,ERR,ERR,ERR,ERR,ERR,ERR,ERR,ERR,ERR,ERR,ERR,ERR,ERR,ERR,ERR,ERR,ERR,ERR,ERR,ERR,ERR,ERR,ERR,ERR,ERR,ERR,ERR,ERR,ERR,ERR,ERR,ERR,ERR,ERR,ERR,ERR,ERR,ERR,ERR,ERR,ERR,ERR,ERR,ERR,ERR,ERR,ERR,ERR,ERR,ERR,ERR,ERR,ERR,ERR,ERR,ERR,ERR,ERR,ERR,ERR,ERR,ERR,ERR,ERR,ERR,ERR,ERR,ERR,ERR,ERR,ERR,ERR,ERR,ERR,ERR,ERR,ERR,ERR,ERR,ERR,ERR,ERR,ERR,ERR,0.0,0.0,-0.0,0.0,0.0,0.0,0.0,nan,0,0,0,32768,0,0.0,0,0.0,0.0,0.0,0.0,0.0,0,0,0,0,0.0,0,0,0,0,0,0,0,0,0,0,0,0,0,0,0,0,0,0,0,0,0,0,0,0,0,0,0,0,0,0,0,0,0,0,0,0,0,0,0,0,0,0,0,0,0.0,0.0,0.0,0.0,0.0,0.0,0.0,0.0,0.0,0.0,0.0,0.0,0.0,0.0,0.0,0.0,0.0,0.0,0.0,0.0,0.0,0.0,2.004,-0.0,-2.004,-0.0,0.0,0.0,0.0,0.0,3369.5,0.0,0.0,-107615240.0,0.0,-0.0,2.7184274988523002e+23,0.0,0.0,0.0,0.0,0,-4.0668755697950344e+29,4.066828723919524e+29,0.0,0.0,0.0,0.0,0.0,0.0,0.0,0,0,0,0.0,0.0,0.0,0.0,0.0,0.0,0.0,0.0,0.0,0.0,0.0,0.0,0.0,0.0,0.0,0.0,0,-107875648.0,0,0.0,0,-107875648.0,-107877712.0,0,39322,17038,0,17053,26215,17037,0,0,0,110,100,100,0.0,64.0,0.0,64.8,-0.0,68.5,1,49,50,180,0,13107,0,0,0.0,0.0,0.0,0.0,0.0,65.5,0.0,-0.0,0.0,645,0,686,0,0,0,714,0,785,0,707,0,688,0,645,0,640,0,618,0.032,36962304.0,-0.0,0.0,7312,16789,0.0,788383659982848.0,0.0,-2.926,-0.0,-0.0,29.0,60.0,70,0.0,0.0,0.0,0.0,0.0,0.0,0.0,0.0,0.0,0.0,0.0,0.0,0.0,0.0,0.0,0.0,59.2,68,12,65509,41,65476,0,300,0,0,8,20529,65476,0,0,61604,60.0,0.0,0.0,0.0,0.0,0.0
2026-04-04T11:46:55,ERR,ERR,ERR,ERR,ERR,ERR,ERR,ERR,ERR,ERR,ERR,ERR,ERR,ERR,ERR,ERR,ERR,ERR,ERR,ERR,ERR,ERR,ERR,ERR,ERR,ERR,ERR,ERR,ERR,ERR,ERR,ERR,ERR,ERR,ERR,ERR,ERR,ERR,ERR,ERR,ERR,ERR,ERR,ERR,ERR,ERR,ERR,ERR,ERR,ERR,ERR,ERR,ERR,ERR,ERR,ERR,ERR,ERR,ERR,ERR,ERR,ERR,ERR,ERR,ERR,ERR,ERR,ERR,ERR,ERR,ERR,ERR,ERR,ERR,ERR,ERR,ERR,ERR,ERR,ERR,ERR,ERR,ERR,ERR,ERR,ERR,ERR,ERR,ERR,ERR,ERR,ERR,ERR,ERR,ERR,ERR,ERR,ERR,ERR,ERR,ERR,ERR,ERR,ERR,ERR,ERR,ERR,ERR,ERR,ERR,ERR,ERR,ERR,ERR,ERR,ERR,ERR,ERR,ERR,ERR,ERR,ERR,ERR,ERR,ERR,0.0,0.0,-0.0,0.0,0.0,0.0,0.0,nan,0,0,0,32768,0,0.0,0,0.0,0.0,0.0,0.0,0.0,0,0,0,0,0.0,0,0,0,0,0,0,0,0,0,0,0,0,0,0,0,0,0,0,0,0,0,0,0,0,0,0,0,0,0,0,0,0,0,0,0,0,0,0,0,0,0,0,0,0,0.0,0.0,0.0,0.0,0.0,0.0,0.0,0.0,0.0,0.0,0.0,0.0,0.0,0.0,0.0,0.0,0.0,0.0,0.0,0.0,0.0,0.0,2.004,-0.0,-2.004,-0.0,0.0,0.0,0.0,0.0,3369.5,0.0,0.0,-107615240.0,0.0,-0.0,2.7184274988523002e+23,0.0,0.0,0.0,0.0,0,-4.0668755697950344e+29,4.066828723919524e+29,0.0,0.0,0.0,0.0,0.0,0.0,0.0,0,0,0,0.0,0.0,0.0,0.0,0.0,0.0,0.0,0.0,0.0,0.0,0.0,0.0,0.0,0.0,0.0,0.0,0,-107875648.0,0,0.0,0,-107875648.0,-107877712.0,0,39322,17038,0,17053,26215,17037,0,0,0,110,100,100,0.0,64.0,0.0,64.8,-0.0,68.5,1,49,50,180,0,13107,0,0,0.0,0.0,0.0,0.0,0.0,65.5,0.0,-0.0,0.0,645,0,686,0,0,0,714,0,785,0,707,0,688,0,645,0,640,0,618,0.032,36962304.0,-0.0,0.0,7312,16789,0.0,788383659982848.0,0.0,-2.926,-0.0,-0.0,29.0,60.0,70,0.0,0.0,0.0,0.0,0.0,0.0,0.0,0.0,0.0,0.0,0.0,0.0,0.0,0.0,0.0,0.0,59.2,68,12,65509,41,65476,0,300,0,0,8,20529,65476,0,0,61604,60.0,0.0,0.0,0.0,0.0,0.0
2026-04-04T11:46:56,ERR,ERR,ERR,ERR,ERR,ERR,ERR,ERR,ERR,ERR,ERR,ERR,ERR,ERR,ERR,ERR,ERR,ERR,ERR,ERR,ERR,ERR,ERR,ERR,ERR,ERR,ERR,ERR,ERR,ERR,ERR,ERR,ERR,ERR,ERR,ERR,ERR,ERR,ERR,ERR,ERR,ERR,ERR,ERR,ERR,ERR,ERR,ERR,ERR,ERR,ERR,ERR,ERR,ERR,ERR,ERR,ERR,ERR,ERR,ERR,ERR,ERR,ERR,ERR,ERR,ERR,ERR,ERR,ERR,ERR,ERR,ERR,ERR,ERR,ERR,ERR,ERR,ERR,ERR,ERR,ERR,ERR,ERR,ERR,ERR,ERR,ERR,ERR,ERR,ERR,ERR,ERR,ERR,ERR,ERR,ERR,ERR,ERR,ERR,ERR,ERR,ERR,ERR,ERR,ERR,ERR,ERR,ERR,ERR,ERR,ERR,ERR,ERR,ERR,ERR,ERR,ERR,ERR,ERR,ERR,ERR,ERR,ERR,ERR,ERR,0.0,0.0,-0.0,0.0,0.0,0.0,0.0,nan,0,0,0,32768,0,0.0,0,0.0,0.0,0.0,0.0,0.0,0,0,0,0,0.0,0,0,0,0,0,0,0,0,0,0,0,0,0,0,0,0,0,0,0,0,0,0,0,0,0,0,0,0,0,0,0,0,0,0,0,0,0,0,0,0,0,0,0,0,0.0,0.0,0.0,0.0,0.0,0.0,0.0,0.0,0.0,0.0,0.0,0.0,0.0,0.0,0.0,0.0,0.0,0.0,0.0,0.0,0.0,0.0,2.004,-0.0,-2.004,-0.0,0.0,0.0,0.0,0.0,3369.5,0.0,0.0,-107615240.0,0.0,-0.0,2.7184274988523002e+23,0.0,0.0,0.0,0.0,0,-4.0668755697950344e+29,4.066828723919524e+29,0.0,0.0,0.0,0.0,0.0,0.0,0.0,0,0,0,0.0,0.0,0.0,0.0,0.0,0.0,0.0,0.0,0.0,0.0,0.0,0.0,0.0,0.0,0.0,0.0,0,-107875648.0,0,0.0,0,-107875648.0,-107877712.0,0,39322,17038,0,17053,26215,17037,0,0,0,110,100,100,0.0,64.0,0.0,64.8,-0.0,68.5,1,49,50,180,0,13107,0,0,0.0,0.0,0.0,0.0,0.0,65.5,0.0,-0.0,0.0,645,0,686,0,0,0,714,0,785,0,707,0,688,0,645,0,640,0,618,0.032,36962304.0,-0.0,0.0,7312,16789,0.0,788383659982848.0,0.0,-2.926,-0.0,-0.0,29.0,60.0,70,0.0,0.0,0.0,0.0,0.0,0.0,0.0,0.0,0.0,0.0,0.0,0.0,0.0,0.0,0.0,0.0,59.2,68,12,65509,41,65476,0,300,0,0,8,20529,65476,0,0,61604,60.0,0.0,0.0,0.0,0.0,0.0
2026-04-04T11:46:57,ERR,ERR,ERR,ERR,ERR,ERR,ERR,ERR,ERR,ERR,ERR,ERR,ERR,ERR,ERR,ERR,ERR,ERR,ERR,ERR,ERR,ERR,ERR,ERR,ERR,ERR,ERR,ERR,ERR,ERR,ERR,ERR,ERR,ERR,ERR,ERR,ERR,ERR,ERR,ERR,ERR,ERR,ERR,ERR,ERR,ERR,ERR,ERR,ERR,ERR,ERR,ERR,ERR,ERR,ERR,ERR,ERR,ERR,ERR,ERR,ERR,ERR,ERR,ERR,ERR,ERR,ERR,ERR,ERR,ERR,ERR,ERR,ERR,ERR,ERR,ERR,ERR,ERR,ERR,ERR,ERR,ERR,ERR,ERR,ERR,ERR,ERR,ERR,ERR,ERR,ERR,ERR,ERR,ERR,ERR,ERR,ERR,ERR,ERR,ERR,ERR,ERR,ERR,ERR,ERR,ERR,ERR,ERR,ERR,ERR,ERR,ERR,ERR,ERR,ERR,ERR,ERR,ERR,ERR,ERR,ERR,ERR,ERR,ERR,ERR,0.0,0.0,-0.0,0.0,0.0,0.0,0.0,nan,0,0,0,32768,0,0.0,0,0.0,0.0,0.0,0.0,0.0,0,0,0,0,0.0,0,0,0,0,0,0,0,0,0,0,0,0,0,0,0,0,0,0,0,0,0,0,0,0,0,0,0,0,0,0,0,0,0,0,0,0,0,0,0,0,0,0,0,0,0.0,0.0,0.0,0.0,0.0,0.0,0.0,0.0,0.0,0.0,0.0,0.0,0.0,0.0,0.0,0.0,0.0,0.0,0.0,0.0,0.0,0.0,2.004,-0.0,-2.004,-0.0,0.0,0.0,0.0,0.0,3369.5,0.0,0.0,-107615240.0,0.0,-0.0,2.7184274988523002e+23,0.0,0.0,0.0,0.0,0,-4.0668755697950344e+29,4.066828723919524e+29,0.0,0.0,0.0,0.0,0.0,0.0,0.0,0,0,0,0.0,0.0,0.0,0.0,0.0,0.0,0.0,0.0,0.0,0.0,0.0,0.0,0.0,0.0,0.0,0.0,0,-107875648.0,0,0.0,0,-107875648.0,-107877712.0,0,39322,17038,0,17053,26215,17037,0,0,0,110,100,100,0.0,64.0,0.0,64.8,-0.0,68.5,1,49,50,180,0,13107,0,0,0.0,0.0,0.0,0.0,0.0,65.5,0.0,-0.0,0.0,645,0,686,0,0,0,714,0,785,0,707,0,688,0,645,0,640,0,618,0.032,36962304.0,-0.0,0.0,7312,16789,0.0,788383659982848.0,0.0,-2.926,-0.0,-0.0,29.0,60.0,70,0.0,0.0,0.0,0.0,0.0,0.0,0.0,0.0,0.0,0.0,0.0,0.0,0.0,0.0,0.0,0.0,59.2,68,12,65509,41,65476,0,300,0,0,8,20529,65476,0,0,61604,60.0,0.0,0.0,0.0,0.0,0.0
2026-04-04T11:46:58,ERR,ERR,ERR,ERR,ERR,ERR,ERR,ERR,ERR,ERR,ERR,ERR,ERR,ERR,ERR,ERR,ERR,ERR,ERR,ERR,ERR,ERR,ERR,ERR,ERR,ERR,ERR,ERR,ERR,ERR,ERR,ERR,ERR,ERR,ERR,ERR,ERR,ERR,ERR,ERR,ERR,ERR,ERR,ERR,ERR,ERR,ERR,ERR,ERR,ERR,ERR,ERR,ERR,ERR,ERR,ERR,ERR,ERR,ERR,ERR,ERR,ERR,ERR,ERR,ERR,ERR,ERR,ERR,ERR,ERR,ERR,ERR,ERR,ERR,ERR,ERR,ERR,ERR,ERR,ERR,ERR,ERR,ERR,ERR,ERR,ERR,ERR,ERR,ERR,ERR,ERR,ERR,ERR,ERR,ERR,ERR,ERR,ERR,ERR,ERR,ERR,ERR,ERR,ERR,ERR,ERR,ERR,ERR,ERR,ERR,ERR,ERR,ERR,ERR,ERR,ERR,ERR,ERR,ERR,ERR,ERR,ERR,ERR,ERR,ERR,0.0,0.0,-0.0,0.0,0.0,0.0,0.0,nan,0,0,0,32768,0,0.0,0,0.0,0.0,0.0,0.0,0.0,0,0,0,0,0.0,0,0,0,0,0,0,0,0,0,0,0,0,0,0,0,0,0,0,0,0,0,0,0,0,0,0,0,0,0,0,0,0,0,0,0,0,0,0,0,0,0,0,0,0,0.0,0.0,0.0,0.0,0.0,0.0,0.0,0.0,0.0,0.0,0.0,0.0,0.0,0.0,0.0,0.0,0.0,0.0,0.0,0.0,0.0,0.0,2.004,-0.0,-2.004,-0.0,0.0,0.0,0.0,0.0,3369.5,0.0,0.0,-107615240.0,0.0,-0.0,2.7184274988523002e+23,0.0,0.0,0.0,0.0,0,-4.0668755697950344e+29,4.066828723919524e+29,0.0,0.0,0.0,0.0,0.0,0.0,0.0,0,0,0,0.0,0.0,0.0,0.0,0.0,0.0,0.0,0.0,0.0,0.0,0.0,0.0,0.0,0.0,0.0,0.0,0,-107875648.0,0,0.0,0,-107875648.0,-107877712.0,0,52429,17038,0,17053,26215,17037,0,0,0,110,100,100,0.0,64.1,0.0,64.9,-107615304.0,68.5,1,49,50,180,0,13107,0,0,0.0,0.0,0.0,0.0,0.0,65.5,0.0,5.391936616263571e+37,0.0,645,0,686,0,0,0,713,0,785,0,707,0,689,0,645,0,640,0,618,0.032,36700160.0,-0.0,0.0,17552,16789,0.0,5.391936616263571e+37,0.0,-0.0,-0.0,-0.0,29.0,60.0,70,0.0,0.0,0.0,0.0,0.0,0.0,0.0,0.0,0.0,0.0,0.0,0.0,0.0,0.0,0.0,0.0,59.2,68,12,65509,41,65476,0,300,0,0,8,20529,65476,0,0,61604,60.0,0.0,0.0,0.0,0.0,0.0
2026-04-04T11:46:59,ERR,ERR,ERR,ERR,ERR,ERR,ERR,ERR,ERR,ERR,ERR,ERR,ERR,ERR,ERR,ERR,ERR,ERR,ERR,ERR,ERR,ERR,ERR,ERR,ERR,ERR,ERR,ERR,ERR,ERR,ERR,ERR,ERR,ERR,ERR,ERR,ERR,ERR,ERR,ERR,ERR,ERR,ERR,ERR,ERR,ERR,ERR,ERR,ERR,ERR,ERR,ERR,ERR,ERR,ERR,ERR,ERR,ERR,ERR,ERR,ERR,ERR,ERR,ERR,ERR,ERR,ERR,ERR,ERR,ERR,ERR,ERR,ERR,ERR,ERR,ERR,ERR,ERR,ERR,ERR,ERR,ERR,ERR,ERR,ERR,ERR,ERR,ERR,ERR,ERR,ERR,ERR,ERR,ERR,ERR,ERR,ERR,ERR,ERR,ERR,ERR,ERR,ERR,ERR,ERR,ERR,ERR,ERR,ERR,ERR,ERR,ERR,ERR,ERR,ERR,ERR,ERR,ERR,ERR,ERR,ERR,ERR,ERR,ERR,ERR,-107615240.0,0.0,-117832800.0,0.0,0.0,0.0,0.0,nan,0,0,0,32768,0,0.0,0,0.0,0.0,0.0,0.0,0.0,0,0,0,0,0.0,0,0,0,0,0,0,0,0,0,0,0,0,0,0,0,0,0,0,0,0,0,0,0,0,0,0,0,0,0,0,0,0,0,0,0,0,0,0,0,0,0,0,0,0,0.0,0.0,0.0,0.0,0.0,0.0,0.0,0.0,0.0,0.0,0.0,0.0,0.0,0.0,0.0,0.0,0.0,0.0,0.0,0.0,0.0,0.0,-0.0,-0.0,-2.004,-0.0,0.0,0.0,0.0,0.0,3353.0,-1.5879151860148276e+29,0.0,-107615240.0,0.0,-0.0,2.7184274988523002e+23,0.0,0.0,0.0,0.0,0,-2.7184278591402704e+23,1.9056745840535142e+17,0.0,0.0,0.0,0.0,0.0,0.0,0.0,0,0,0,0.0,0.0,0.0,0.0,0.0,0.0,0.0,0.0,0.0,0.0,0.0,0.0,0.0,0.0,0.0,0.0,0,-107875648.0,0,0.0,0,-107875648.0,-107877712.0,0,52429,17038,0,17053,26215,17037,0,0,0,110,100,100,0.0,64.1,0.0,64.9,-107615304.0,68.5,1,49,50,180,0,13107,0,0,0.0,0.0,0.0,0.0,0.0,65.5,0.0,5.391936616263571e+37,0.0,645,0,686,0,0,0,713,0,785,0,707,0,689,0,645,0,640,0,618,0.032,36700160.0,-0.0,0.0,17552,16789,0.0,5.391936616263571e+37,0.0,-0.0,-0.0,-0.0,29.0,60.0,70,0.0,0.0,0.0,0.0,0.0,0.0,0.0,0.0,0.0,0.0,0.0,0.0,0.0,0.0,0.0,0.0,59.2,68,12,65509,41,65476,0,300,0,0,8,20529,65476,0,0,61604,60.0,0.0,0.0,0.0,0.0,0.0
2026-04-04T11:47:00,ERR,ERR,ERR,ERR,ERR,ERR,ERR,ERR,ERR,ERR,ERR,ERR,ERR,ERR,ERR,ERR,ERR,ERR,ERR,ERR,ERR,ERR,ERR,ERR,ERR,ERR,ERR,ERR,ERR,ERR,ERR,ERR,ERR,ERR,ERR,ERR,ERR,ERR,ERR,ERR,ERR,ERR,ERR,ERR,ERR,ERR,ERR,ERR,ERR,ERR,ERR,ERR,ERR,ERR,ERR,ERR,ERR,ERR,ERR,ERR,ERR,ERR,ERR,ERR,ERR,ERR,ERR,ERR,ERR,ERR,ERR,ERR,ERR,ERR,ERR,ERR,ERR,ERR,ERR,ERR,ERR,ERR,ERR,ERR,ERR,ERR,ERR,ERR,ERR,ERR,ERR,ERR,ERR,ERR,ERR,ERR,ERR,ERR,ERR,ERR,ERR,ERR,ERR,ERR,ERR,ERR,ERR,ERR,ERR,ERR,ERR,ERR,ERR,ERR,ERR,ERR,ERR,ERR,ERR,ERR,ERR,ERR,ERR,ERR,ERR,-107615240.0,0.0,-117832800.0,0.0,0.0,0.0,0.0,nan,0,0,0,32768,0,0.0,0,0.0,0.0,0.0,0.0,0.0,0,0,0,0,0.0,0,0,0,0,0,0,0,0,0,0,0,0,0,0,0,0,0,0,0,0,0,0,0,0,0,0,0,0,0,0,0,0,0,0,0,0,0,0,0,0,0,0,0,0,0.0,0.0,0.0,0.0,0.0,0.0,0.0,0.0,0.0,0.0,0.0,0.0,0.0,0.0,0.0,0.0,0.0,0.0,0.0,0.0,0.0,0.0,-0.0,-0.0,-2.004,-0.0,0.0,0.0,0.0,0.0,3353.0,-1.5879151860148276e+29,0.0,-107615240.0,0.0,-0.0,2.7184274988523002e+23,0.0,0.0,0.0,0.0,0,-2.7184278591402704e+23,1.9056745840535142e+17,0.0,0.0,0.0,0.0,0.0,0.0,0.0,0,0,0,0.0,0.0,0.0,0.0,0.0,0.0,0.0,0.0,0.0,0.0,0.0,0.0,0.0,0.0,0.0,0.0,0,-107875648.0,0,0.0,0,-107875648.0,-107877712.0,0,52429,17038,0,17053,26215,17037,0,0,0,110,100,100,0.0,64.1,0.0,64.9,-107615304.0,68.5,1,49,50,180,0,13107,0,0,0.0,0.0,0.0,0.0,0.0,65.5,0.0,5.391936616263571e+37,0.0,645,0,686,0,0,0,713,0,785,0,707,0,689,0,645,0,640,0,618,0.032,36700160.0,-0.0,0.0,17552,16789,0.0,5.391936616263571e+37,0.0,-0.0,-0.0,-0.0,29.0,60.0,70,0.0,0.0,0.0,0.0,0.0,0.0,0.0,0.0,0.0,0.0,0.0,0.0,0.0,0.0,0.0,0.0,59.2,68,12,65509,41,65476,0,300,0,0,8,20529,65476,0,0,61604,60.0,0.0,0.0,0.0,0.0,0.0
2026-04-04T11:47:01,ERR,ERR,ERR,ERR,ERR,ERR,ERR,ERR,ERR,ERR,ERR,ERR,ERR,ERR,ERR,ERR,ERR,ERR,ERR,ERR,ERR,ERR,ERR,ERR,ERR,ERR,ERR,ERR,ERR,ERR,ERR,ERR,ERR,ERR,ERR,ERR,ERR,ERR,ERR,ERR,ERR,ERR,ERR,ERR,ERR,ERR,ERR,ERR,ERR,ERR,ERR,ERR,ERR,ERR,ERR,ERR,ERR,ERR,ERR,ERR,ERR,ERR,ERR,ERR,ERR,ERR,ERR,ERR,ERR,ERR,ERR,ERR,ERR,ERR,ERR,ERR,ERR,ERR,ERR,ERR,ERR,ERR,ERR,ERR,ERR,ERR,ERR,ERR,ERR,ERR,ERR,ERR,ERR,ERR,ERR,ERR,ERR,ERR,ERR,ERR,ERR,ERR,ERR,ERR,ERR,ERR,ERR,ERR,ERR,ERR,ERR,ERR,ERR,ERR,ERR,ERR,ERR,ERR,ERR,ERR,ERR,ERR,ERR,ERR,ERR,-107615240.0,0.0,-117832800.0,0.0,0.0,0.0,0.0,nan,0,0,0,32768,0,0.0,0,0.0,0.0,0.0,0.0,0.0,0,0,0,0,0.0,0,0,0,0,0,0,0,0,0,0,0,0,0,0,0,0,0,0,0,0,0,0,0,0,0,0,0,0,0,0,0,0,0,0,0,0,0,0,0,0,0,0,0,0,0.0,0.0,0.0,0.0,0.0,0.0,0.0,0.0,0.0,0.0,0.0,0.0,0.0,0.0,0.0,0.0,0.0,0.0,0.0,0.0,0.0,0.0,-0.0,-0.0,-2.004,-0.0,0.0,0.0,0.0,0.0,3353.0,-1.5879151860148276e+29,0.0,-107615240.0,0.0,-0.0,2.7184274988523002e+23,0.0,0.0,0.0,0.0,0,-2.7184278591402704e+23,1.9056745840535142e+17,0.0,0.0,0.0,0.0,0.0,0.0,0.0,0,0,0,0.0,0.0,0.0,0.0,0.0,0.0,0.0,0.0,0.0,0.0,0.0,0.0,0.0,0.0,0.0,0.0,0,-107875648.0,0,0.0,0,-107875648.0,-107877712.0,0,52429,17038,0,17053,26215,17037,0,0,0,110,100,100,0.0,64.1,0.0,64.9,-107615304.0,68.5,1,49,50,180,0,13107,0,0,0.0,0.0,0.0,0.0,0.0,65.5,0.0,5.391936616263571e+37,0.0,645,0,686,0,0,0,713,0,785,0,707,0,689,0,645,0,640,0,618,0.032,36700160.0,-0.0,0.0,17552,16789,0.0,5.391936616263571e+37,0.0,-0.0,-0.0,-0.0,29.0,60.0,70,0.0,0.0,0.0,0.0,0.0,0.0,0.0,0.0,0.0,0.0,0.0,0.0,0.0,0.0,0.0,0.0,59.2,68,12,65509,41,65476,0,300,0,0,8,20529,65476,0,0,61604,60.0,0.0,0.0,0.0,0.0,0.0
2026-04-04T11:47:02,ERR,ERR,ERR,ERR,ERR,ERR,ERR,ERR,ERR,ERR,ERR,ERR,ERR,ERR,ERR,ERR,ERR,ERR,ERR,ERR,ERR,ERR,ERR,ERR,ERR,ERR,ERR,ERR,ERR,ERR,ERR,ERR,ERR,ERR,ERR,ERR,ERR,ERR,ERR,ERR,ERR,ERR,ERR,ERR,ERR,ERR,ERR,ERR,ERR,ERR,ERR,ERR,ERR,ERR,ERR,ERR,ERR,ERR,ERR,ERR,ERR,ERR,ERR,ERR,ERR,ERR,ERR,ERR,ERR,ERR,ERR,ERR,ERR,ERR,ERR,ERR,ERR,ERR,ERR,ERR,ERR,ERR,ERR,ERR,ERR,ERR,ERR,ERR,ERR,ERR,ERR,ERR,ERR,ERR,ERR,ERR,ERR,ERR,ERR,ERR,ERR,ERR,ERR,ERR,ERR,ERR,ERR,ERR,ERR,ERR,ERR,ERR,ERR,ERR,ERR,ERR,ERR,ERR,ERR,ERR,ERR,ERR,ERR,ERR,ERR,-107615240.0,0.0,-117832800.0,0.0,0.0,0.0,0.0,nan,0,0,0,32768,0,0.0,0,0.0,0.0,0.0,0.0,0.0,0,0,0,0,0.0,0,0,0,0,0,0,0,0,0,0,0,0,0,0,0,0,0,0,0,0,0,0,0,0,0,0,0,0,0,0,0,0,0,0,0,0,0,0,0,0,0,0,0,0,0.0,0.0,0.0,0.0,0.0,0.0,0.0,0.0,0.0,0.0,0.0,0.0,0.0,0.0,0.0,0.0,0.0,0.0,0.0,0.0,0.0,0.0,-0.0,-0.0,-2.004,-0.0,0.0,0.0,0.0,0.0,3353.0,-1.5879151860148276e+29,0.0,-107615240.0,0.0,-0.0,2.7184274988523002e+23,0.0,0.0,0.0,0.0,0,-2.7184278591402704e+23,1.9056745840535142e+17,0.0,0.0,0.0,0.0,0.0,0.0,0.0,0,0,0,0.0,0.0,0.0,0.0,0.0,0.0,0.0,0.0,0.0,0.0,0.0,0.0,0.0,0.0,0.0,0.0,0,-107875648.0,0,0.0,0,-107875648.0,-107877712.0,0,52429,17038,0,17053,26215,17037,0,0,0,110,100,100,0.0,64.1,0.0,64.9,-107615304.0,68.5,1,49,50,180,0,13107,0,0,0.0,0.0,0.0,0.0,0.0,65.5,0.0,5.391936616263571e+37,0.0,645,0,686,0,0,0,713,0,785,0,707,0,689,0,645,0,640,0,618,0.032,36700160.0,-0.0,0.0,17552,16789,0.0,5.391936616263571e+37,0.0,-0.0,-0.0,-0.0,29.0,60.0,70,0.0,0.0,0.0,0.0,0.0,0.0,0.0,0.0,0.0,0.0,0.0,0.0,0.0,0.0,0.0,0.0,59.2,68,12,65509,41,65476,0,300,0,0,8,20529,65476,0,0,61604,60.0,0.0,0.0,0.0,0.0,0.0
2026-04-04T11:47:03,ERR,ERR,ERR,ERR,ERR,ERR,ERR,ERR,ERR,ERR,ERR,ERR,ERR,ERR,ERR,ERR,ERR,ERR,ERR,ERR,ERR,ERR,ERR,ERR,ERR,ERR,ERR,ERR,ERR,ERR,ERR,ERR,ERR,ERR,ERR,ERR,ERR,ERR,ERR,ERR,ERR,ERR,ERR,ERR,ERR,ERR,ERR,ERR,ERR,ERR,ERR,ERR,ERR,ERR,ERR,ERR,ERR,ERR,ERR,ERR,ERR,ERR,ERR,ERR,ERR,ERR,ERR,ERR,ERR,ERR,ERR,ERR,ERR,ERR,ERR,ERR,ERR,ERR,ERR,ERR,ERR,ERR,ERR,ERR,ERR,ERR,ERR,ERR,ERR,ERR,ERR,ERR,ERR,ERR,ERR,ERR,ERR,ERR,ERR,ERR,ERR,ERR,ERR,ERR,ERR,ERR,ERR,ERR,ERR,ERR,ERR,ERR,ERR,ERR,ERR,ERR,ERR,ERR,ERR,ERR,ERR,ERR,ERR,ERR,ERR,-107615240.0,0.0,-117832800.0,0.0,0.0,0.0,0.0,nan,0,0,0,32768,0,0.0,0,0.0,0.0,0.0,0.0,0.0,0,0,0,0,0.0,0,0,0,0,0,0,0,0,0,0,0,0,0,0,0,0,0,0,0,0,0,0,0,0,0,0,0,0,0,0,0,0,0,0,0,0,0,0,0,0,0,0,0,0,0.0,0.0,0.0,0.0,0.0,0.0,0.0,0.0,0.0,0.0,0.0,0.0,0.0,0.0,0.0,0.0,0.0,0.0,0.0,0.0,0.0,0.0,-0.0,-0.0,-2.004,-0.0,0.0,0.0,0.0,0.0,3353.0,-1.5879151860148276e+29,0.0,-107615240.0,0.0,-0.0,2.7184274988523002e+23,0.0,0.0,0.0,0.0,0,-2.7184278591402704e+23,1.9056745840535142e+17,0.0,0.0,0.0,0.0,0.0,0.0,0.0,0,0,0,0.0,0.0,0.0,0.0,0.0,0.0,0.0,0.0,0.0,0.0,0.0,0.0,0.0,0.0,0.0,0.0,0,-107875648.0,0,0.0,0,-107875648.0,-107877712.0,0,52429,17038,0,17053,26215,17037,0,0,0,110,100,100,0.0,64.1,0.0,64.9,-107615304.0,68.5,1,49,50,180,0,13107,0,0,0.0,0.0,0.0,0.0,0.0,65.5,0.0,5.391936616263571e+37,0.0,645,0,686,0,0,0,713,0,785,0,707,0,689,0,645,0,640,0,618,0.032,36700160.0,-0.0,0.0,17552,16789,0.0,5.391936616263571e+37,0.0,-0.0,-0.0,-0.0,29.0,60.0,70,0.0,0.0,0.0,0.0,0.0,0.0,0.0,0.0,0.0,0.0,0.0,0.0,0.0,0.0,0.0,0.0,59.6,68,12,65509,41,65476,0,300,0,0,8,20529,65476,0,0,61604,60.0,0.0,0.0,0.0,0.0,0.0
2026-04-04T11:47:04,ERR,ERR,ERR,ERR,ERR,ERR,ERR,ERR,ERR,ERR,ERR,ERR,ERR,ERR,ERR,ERR,ERR,ERR,ERR,ERR,ERR,ERR,ERR,ERR,ERR,ERR,ERR,ERR,ERR,ERR,ERR,ERR,ERR,ERR,ERR,ERR,ERR,ERR,ERR,ERR,ERR,ERR,ERR,ERR,ERR,ERR,ERR,ERR,ERR,ERR,ERR,ERR,ERR,ERR,ERR,ERR,ERR,ERR,ERR,ERR,ERR,ERR,ERR,ERR,ERR,ERR,ERR,ERR,ERR,ERR,ERR,ERR,ERR,ERR,ERR,ERR,ERR,ERR,ERR,ERR,ERR,ERR,ERR,ERR,ERR,ERR,ERR,ERR,ERR,ERR,ERR,ERR,ERR,ERR,ERR,ERR,ERR,ERR,ERR,ERR,ERR,ERR,ERR,ERR,ERR,ERR,ERR,ERR,ERR,ERR,ERR,ERR,ERR,ERR,ERR,ERR,ERR,ERR,ERR,ERR,ERR,ERR,ERR,ERR,ERR,-107615240.0,0.0,-117832800.0,0.0,0.0,0.0,0.0,nan,0,0,0,32768,0,0.0,0,0.0,0.0,0.0,0.0,0.0,0,0,0,0,0.0,0,0,0,0,0,0,0,0,0,0,0,0,0,0,0,0,0,0,0,0,0,0,0,0,0,0,0,0,0,0,0,0,0,0,0,0,0,0,0,0,0,0,0,0,0.0,0.0,0.0,0.0,0.0,0.0,0.0,0.0,0.0,0.0,0.0,0.0,0.0,0.0,0.0,0.0,0.0,0.0,0.0,0.0,0.0,0.0,-0.0,-0.0,-2.004,-0.0,0.0,0.0,0.0,0.0,3353.0,-1.5879151860148276e+29,0.0,-107615240.0,0.0,-0.0,2.7184274988523002e+23,0.0,0.0,0.0,0.0,0,-2.7184278591402704e+23,1.9056745840535142e+17,0.0,0.0,0.0,0.0,0.0,0.0,0.0,0,0,0,0.0,0.0,0.0,0.0,0.0,0.0,0.0,0.0,0.0,0.0,0.0,0.0,0.0,0.0,0.0,0.0,0,-107875648.0,0,0.0,0,-107875648.0,-107877712.0,0,52429,17038,0,17053,26215,17037,0,0,0,110,100,100,0.0,64.0,0.0,64.8,-107615304.0,68.5,1,49,50,180,0,13107,0,0,0.0,0.0,0.0,0.0,0.0,65.5,0.0,-3.3327743351239213e+19,0.0,645,0,686,0,0,0,714,0,785,0,707,0,689,0,645,0,640,0,618,0.032,36700160.0,-0.0,0.0,13712,16789,0.0,-3.3327743351239213e+19,-8.52952549652232e+29,-3.687315326439025e+34,2.0667032763752042e+20,5.8261171728877465e+28,29.0,60.0,70,0.0,0.0,0.0,0.0,0.0,0.0,0.0,0.0,0.0,0.0,0.0,0.0,0.0,0.0,0.0,0.0,59.6,68,12,65509,41,65476,0,300,0,0,8,20529,65476,0,0,61604,60.0,0.0,0.0,0.0,0.0,0.0
2026-04-04T11:47:05,ERR,ERR,ERR,ERR,ERR,ERR,ERR,ERR,ERR,ERR,ERR,ERR,ERR,ERR,ERR,ERR,ERR,ERR,ERR,ERR,ERR,ERR,ERR,ERR,ERR,ERR,ERR,ERR,ERR,ERR,ERR,ERR,ERR,ERR,ERR,ERR,ERR,ERR,ERR,ERR,ERR,ERR,ERR,ERR,ERR,ERR,ERR,ERR,ERR,ERR,ERR,ERR,ERR,ERR,ERR,ERR,ERR,ERR,ERR,ERR,ERR,ERR,ERR,ERR,ERR,ERR,ERR,ERR,ERR,ERR,ERR,ERR,ERR,ERR,ERR,ERR,ERR,ERR,ERR,ERR,ERR,ERR,ERR,ERR,ERR,ERR,ERR,ERR,ERR,ERR,ERR,ERR,ERR,ERR,ERR,ERR,ERR,ERR,ERR,ERR,ERR,ERR,ERR,ERR,ERR,ERR,ERR,ERR,ERR,ERR,ERR,ERR,ERR,ERR,ERR,ERR,ERR,ERR,ERR,ERR,ERR,ERR,ERR,ERR,ERR,-107615240.0,0.0,-117832800.0,0.0,0.0,0.0,0.0,nan,0,0,0,32768,0,0.0,0,0.0,0.0,0.0,0.0,0.0,0,0,0,0,0.0,0,0,0,0,0,0,0,0,0,0,0,0,0,0,0,0,0,0,0,0,0,0,0,0,0,0,0,0,0,0,0,0,0,0,0,0,0,0,0,0,0,0,0,0,0.0,0.0,0.0,0.0,0.0,0.0,0.0,0.0,0.0,0.0,0.0,0.0,0.0,0.0,0.0,0.0,0.0,0.0,0.0,0.0,0.0,0.0,-0.0,-0.0,-2.004,-0.0,0.0,0.0,0.0,0.0,3353.0,-1.5879151860148276e+29,0.0,-107615240.0,0.0,-0.0,2.7184274988523002e+23,0.0,0.0,0.0,0.0,0,-2.7184278591402704e+23,1.9056745840535142e+17,0.0,0.0,0.0,0.0,0.0,0.0,0.0,0,0,0,0.0,0.0,0.0,0.0,0.0,0.0,0.0,0.0,0.0,0.0,0.0,0.0,0.0,0.0,0.0,0.0,0,-107875648.0,0,0.0,0,-107875648.0,-107877712.0,0,52429,17038,0,17053,26215,17037,0,0,0,110,100,100,0.0,64.0,0.0,64.8,-107615304.0,68.5,1,49,50,180,0,13107,0,0,0.0,0.0,0.0,0.0,0.0,65.5,0.0,-3.3327743351239213e+19,0.0,645,0,686,0,0,0,714,0,785,0,707,0,689,0,645,0,640,0,618,0.032,36700160.0,-0.0,0.0,13712,16789,0.0,-3.3327743351239213e+19,-8.52952549652232e+29,-3.687315326439025e+34,2.0667032763752042e+20,5.8261171728877465e+28,29.0,60.0,70,0.0,0.0,0.0,0.0,0.0,0.0,0.0,0.0,0.0,0.0,0.0,0.0,0.0,0.0,0.0,0.0,59.2,68,12,65509,41,65476,0,300,0,0,8,20529,65476,0,0,61604,60.0,0.0,0.0,0.0,0.0,0.0
2026-04-04T11:47:06,ERR,ERR,ERR,ERR,ERR,ERR,ERR,ERR,ERR,ERR,ERR,ERR,ERR,ERR,ERR,ERR,ERR,ERR,ERR,ERR,ERR,ERR,ERR,ERR,ERR,ERR,ERR,ERR,ERR,ERR,ERR,ERR,ERR,ERR,ERR,ERR,ERR,ERR,ERR,ERR,ERR,ERR,ERR,ERR,ERR,ERR,ERR,ERR,ERR,ERR,ERR,ERR,ERR,ERR,ERR,ERR,ERR,ERR,ERR,ERR,ERR,ERR,ERR,ERR,ERR,ERR,ERR,ERR,ERR,ERR,ERR,ERR,ERR,ERR,ERR,ERR,ERR,ERR,ERR,ERR,ERR,ERR,ERR,ERR,ERR,ERR,ERR,ERR,ERR,ERR,ERR,ERR,ERR,ERR,ERR,ERR,ERR,ERR,ERR,ERR,ERR,ERR,ERR,ERR,ERR,ERR,ERR,ERR,ERR,ERR,ERR,ERR,ERR,ERR,ERR,ERR,ERR,ERR,ERR,ERR,ERR,ERR,ERR,ERR,ERR,-107615240.0,0.0,-117832800.0,0.0,0.0,0.0,0.0,nan,0,0,0,32768,0,0.0,0,0.0,0.0,0.0,0.0,0.0,0,0,0,0,0.0,0,0,0,0,0,0,0,0,0,0,0,0,0,0,0,0,0,0,0,0,0,0,0,0,0,0,0,0,0,0,0,0,0,0,0,0,0,0,0,0,0,0,0,0,0.0,0.0,0.0,0.0,0.0,0.0,0.0,0.0,0.0,0.0,0.0,0.0,0.0,0.0,0.0,0.0,0.0,0.0,0.0,0.0,0.0,0.0,-0.0,-0.0,-2.004,-0.0,0.0,0.0,0.0,0.0,3353.0,-1.5879151860148276e+29,0.0,-107615240.0,0.0,-0.0,2.7184274988523002e+23,0.0,0.0,0.0,0.0,0,-2.7184278591402704e+23,1.9056745840535142e+17,0.0,0.0,0.0,0.0,0.0,0.0,0.0,0,0,0,0.0,0.0,0.0,0.0,0.0,0.0,0.0,0.0,0.0,0.0,0.0,0.0,0.0,0.0,0.0,0.0,0,-107875648.0,0,0.0,0,-107875648.0,-107877712.0,0,52429,17038,0,17053,26215,17037,0,0,0,110,100,100,0.0,64.0,0.0,64.8,-107615304.0,68.5,1,49,50,180,0,13107,0,0,0.0,0.0,0.0,0.0,0.0,65.5,0.0,-3.3327743351239213e+19,0.0,645,0,686,0,0,0,714,0,785,0,707,0,689,0,645,0,640,0,618,0.032,36700160.0,-0.0,0.0,13712,16789,0.0,-3.3327743351239213e+19,-8.52952549652232e+29,-3.687315326439025e+34,2.0667032763752042e+20,5.8261171728877465e+28,29.0,60.0,70,0.0,0.0,0.0,0.0,0.0,0.0,0.0,0.0,0.0,0.0,0.0,0.0,0.0,0.0,0.0,0.0,59.2,68,12,65509,41,65476,0,300,0,0,8,20529,65476,0,0,61604,60.0,0.0,0.0,0.0,0.0,0.0
2026-04-04T11:47:07,ERR,ERR,ERR,ERR,ERR,ERR,ERR,ERR,ERR,ERR,ERR,ERR,ERR,ERR,ERR,ERR,ERR,ERR,ERR,ERR,ERR,ERR,ERR,ERR,ERR,ERR,ERR,ERR,ERR,ERR,ERR,ERR,ERR,ERR,ERR,ERR,ERR,ERR,ERR,ERR,ERR,ERR,ERR,ERR,ERR,ERR,ERR,ERR,ERR,ERR,ERR,ERR,ERR,ERR,ERR,ERR,ERR,ERR,ERR,ERR,ERR,ERR,ERR,ERR,ERR,ERR,ERR,ERR,ERR,ERR,ERR,ERR,ERR,ERR,ERR,ERR,ERR,ERR,ERR,ERR,ERR,ERR,ERR,ERR,ERR,ERR,ERR,ERR,ERR,ERR,ERR,ERR,ERR,ERR,ERR,ERR,ERR,ERR,ERR,ERR,ERR,ERR,ERR,ERR,ERR,ERR,ERR,ERR,ERR,ERR,ERR,ERR,ERR,ERR,ERR,ERR,ERR,ERR,ERR,ERR,ERR,ERR,ERR,ERR,ERR,-107615240.0,0.0,-117832800.0,0.0,0.0,0.0,0.0,nan,0,0,0,32768,0,0.0,0,0.0,0.0,0.0,0.0,0.0,0,0,0,0,0.0,0,0,0,0,0,0,0,0,0,0,0,0,0,0,0,0,0,0,0,0,0,0,0,0,0,0,0,0,0,0,0,0,0,0,0,0,0,0,0,0,0,0,0,0,0.0,0.0,0.0,0.0,0.0,0.0,0.0,0.0,0.0,0.0,0.0,0.0,0.0,0.0,0.0,0.0,0.0,0.0,0.0,0.0,0.0,0.0,2.004,-0.0,0.0,-0.0,0.0,0.0,0.0,0.0,3351.5,-0.0,0.0,-107615240.0,0.0,-0.0,2.7184274988523002e+23,0.0,0.0,0.0,0.0,0,-4.0668755697950344e+29,126839996416.0,0.0,0.0,0.0,0.0,0.0,0.0,0.0,0,0,0,0.0,0.0,0.0,0.0,0.0,0.0,0.0,0.0,0.0,0.0,0.0,0.0,0.0,0.0,0.0,0.0,0,-107875648.0,0,0.0,0,-107875648.0,-107877712.0,0,52429,17038,0,17053,26215,17037,0,0,0,110,100,100,0.0,64.0,0.0,64.8,-107615304.0,68.5,1,49,50,180,0,13107,0,0,0.0,0.0,0.0,0.0,0.0,65.5,0.0,-3.3327743351239213e+19,0.0,645,0,686,0,0,0,714,0,785,0,707,0,689,0,645,0,640,0,618,0.032,36700160.0,-0.0,0.0,13712,16789,0.0,-3.3327743351239213e+19,-8.52952549652232e+29,-3.687315326439025e+34,2.0667032763752042e+20,5.8261171728877465e+28,29.0,60.0,70,0.0,0.0,0.0,0.0,0.0,0.0,0.0,0.0,0.0,0.0,0.0,0.0,0.0,0.0,0.0,0.0,59.2,68,12,65509,41,65476,0,300,0,0,8,20529,65476,0,0,61604,60.0,0.0,0.0,0.0,0.0,0.0
2026-04-04T11:47:08,ERR,ERR,ERR,ERR,ERR,ERR,ERR,ERR,ERR,ERR,ERR,ERR,ERR,ERR,ERR,ERR,ERR,ERR,ERR,ERR,ERR,ERR,ERR,ERR,ERR,ERR,ERR,ERR,ERR,ERR,ERR,ERR,ERR,ERR,ERR,ERR,ERR,ERR,ERR,ERR,ERR,ERR,ERR,ERR,ERR,ERR,ERR,ERR,ERR,ERR,ERR,ERR,ERR,ERR,ERR,ERR,ERR,ERR,ERR,ERR,ERR,ERR,ERR,ERR,ERR,ERR,ERR,ERR,ERR,ERR,ERR,ERR,ERR,ERR,ERR,ERR,ERR,ERR,ERR,ERR,ERR,ERR,ERR,ERR,ERR,ERR,ERR,ERR,ERR,ERR,ERR,ERR,ERR,ERR,ERR,ERR,ERR,ERR,ERR,ERR,ERR,ERR,ERR,ERR,ERR,ERR,ERR,ERR,ERR,ERR,ERR,ERR,ERR,ERR,ERR,ERR,ERR,ERR,ERR,ERR,ERR,ERR,ERR,ERR,ERR,-107615240.0,0.0,-117832800.0,0.0,0.0,0.0,0.0,nan,0,0,0,32768,0,0.0,0,0.0,0.0,0.0,0.0,0.0,0,0,0,0,0.0,0,0,0,0,0,0,0,0,0,0,0,0,0,0,0,0,0,0,0,0,0,0,0,0,0,0,0,0,0,0,0,0,0,0,0,0,0,0,0,0,0,0,0,0,0.0,0.0,0.0,0.0,0.0,0.0,0.0,0.0,0.0,0.0,0.0,0.0,0.0,0.0,0.0,0.0,0.0,0.0,0.0,0.0,0.0,0.0,2.004,-0.0,0.0,-0.0,0.0,0.0,0.0,0.0,3351.5,-0.0,0.0,-107615240.0,0.0,-0.0,2.7184274988523002e+23,0.0,0.0,0.0,0.0,0,-4.0668755697950344e+29,126839996416.0,0.0,0.0,0.0,0.0,0.0,0.0,0.0,0,0,0,0.0,0.0,0.0,0.0,0.0,0.0,0.0,0.0,0.0,0.0,0.0,0.0,0.0,0.0,0.0,0.0,0,-107875648.0,0,0.0,0,-107875648.0,-107877712.0,0,52429,17038,0,17053,26215,17037,0,0,0,110,100,100,0.0,64.0,0.0,64.8,-107615304.0,68.5,1,49,50,180,0,13107,0,0,0.0,0.0,0.0,0.0,0.0,65.5,0.0,-3.3327743351239213e+19,0.0,645,0,686,0,0,0,714,0,785,0,707,0,689,0,645,0,640,0,618,0.032,36700160.0,-0.0,0.0,13712,16789,0.0,-3.3327743351239213e+19,-8.52952549652232e+29,-3.687315326439025e+34,2.0667032763752042e+20,5.8261171728877465e+28,29.0,60.0,70,0.0,0.0,0.0,0.0,0.0,0.0,0.0,0.0,0.0,0.0,0.0,0.0,0.0,0.0,0.0,0.0,59.2,68,12,65509,41,65476,0,300,0,0,8,20529,65476,0,0,61604,60.0,0.0,0.0,0.0,0.0,0.0
2026-04-04T11:47:09,ERR,ERR,ERR,ERR,ERR,ERR,ERR,ERR,ERR,ERR,ERR,ERR,ERR,ERR,ERR,ERR,ERR,ERR,ERR,ERR,ERR,ERR,ERR,ERR,ERR,ERR,ERR,ERR,ERR,ERR,ERR,ERR,ERR,ERR,ERR,ERR,ERR,ERR,ERR,ERR,ERR,ERR,ERR,ERR,ERR,ERR,ERR,ERR,ERR,ERR,ERR,ERR,ERR,ERR,ERR,ERR,ERR,ERR,ERR,ERR,ERR,ERR,ERR,ERR,ERR,ERR,ERR,ERR,ERR,ERR,ERR,ERR,ERR,ERR,ERR,ERR,ERR,ERR,ERR,ERR,ERR,ERR,ERR,ERR,ERR,ERR,ERR,ERR,ERR,ERR,ERR,ERR,ERR,ERR,ERR,ERR,ERR,ERR,ERR,ERR,ERR,ERR,ERR,ERR,ERR,ERR,ERR,ERR,ERR,ERR,ERR,ERR,ERR,ERR,ERR,ERR,ERR,ERR,ERR,ERR,ERR,ERR,ERR,ERR,ERR,-107615240.0,0.0,-117832800.0,0.0,0.0,0.0,0.0,nan,0,0,0,32768,0,0.0,0,0.0,0.0,0.0,0.0,0.0,0,0,0,0,0.0,0,0,0,0,0,0,0,0,0,0,0,0,0,0,0,0,0,0,0,0,0,0,0,0,0,0,0,0,0,0,0,0,0,0,0,0,0,0,0,0,0,0,0,0,0.0,0.0,0.0,0.0,0.0,0.0,0.0,0.0,0.0,0.0,0.0,0.0,0.0,0.0,0.0,0.0,0.0,0.0,0.0,0.0,0.0,0.0,2.004,-0.0,0.0,-0.0,0.0,0.0,0.0,0.0,3351.5,-0.0,0.0,-107615240.0,0.0,-0.0,2.7184274988523002e+23,0.0,0.0,0.0,0.0,0,-4.0668755697950344e+29,126839996416.0,0.0,0.0,0.0,0.0,0.0,0.0,0.0,0,0,0,0.0,0.0,0.0,0.0,0.0,0.0,0.0,0.0,0.0,0.0,0.0,0.0,0.0,0.0,0.0,0.0,0,-107875648.0,0,0.0,0,-107875648.0,-107877712.0,0,52429,17038,0,17053,26215,17037,0,0,0,110,100,100,0.0,64.0,0.0,64.8,-107615304.0,68.5,1,49,50,180,0,13107,0,0,0.0,0.0,0.0,0.0,0.0,65.5,0.0,-3.3327743351239213e+19,0.0,645,0,686,0,0,0,714,0,785,0,707,0,689,0,645,0,640,0,618,0.032,36700160.0,-0.0,0.0,13712,16789,0.0,-3.3327743351239213e+19,-8.52952549652232e+29,-3.687315326439025e+34,2.0667032763752042e+20,5.8261171728877465e+28,29.0,60.0,70,0.0,0.0,0.0,0.0,0.0,0.0,0.0,0.0,0.0,0.0,0.0,0.0,0.0,0.0,0.0,0.0,59.2,68,12,65509,41,65476,0,300,0,0,8,20529,65476,0,0,61604,60.0,0.0,0.0,0.0,0.0,0.0
2026-04-04T11:47:10,ERR,ERR,ERR,ERR,ERR,ERR,ERR,ERR,ERR,ERR,ERR,ERR,ERR,ERR,ERR,ERR,ERR,ERR,ERR,ERR,ERR,ERR,ERR,ERR,ERR,ERR,ERR,ERR,ERR,ERR,ERR,ERR,ERR,ERR,ERR,ERR,ERR,ERR,ERR,ERR,ERR,ERR,ERR,ERR,ERR,ERR,ERR,ERR,ERR,ERR,ERR,ERR,ERR,ERR,ERR,ERR,ERR,ERR,ERR,ERR,ERR,ERR,ERR,ERR,ERR,ERR,ERR,ERR,ERR,ERR,ERR,ERR,ERR,ERR,ERR,ERR,ERR,ERR,ERR,ERR,ERR,ERR,ERR,ERR,ERR,ERR,ERR,ERR,ERR,ERR,ERR,ERR,ERR,ERR,ERR,ERR,ERR,ERR,ERR,ERR,ERR,ERR,ERR,ERR,ERR,ERR,ERR,ERR,ERR,ERR,ERR,ERR,ERR,ERR,ERR,ERR,ERR,ERR,ERR,ERR,ERR,ERR,ERR,ERR,ERR,-107615240.0,0.0,-117832800.0,0.0,0.0,0.0,0.0,nan,0,0,0,32768,0,0.0,0,0.0,0.0,0.0,0.0,0.0,0,0,0,0,0.0,0,0,0,0,0,0,0,0,0,0,0,0,0,0,0,0,0,0,0,0,0,0,0,0,0,0,0,0,0,0,0,0,0,0,0,0,0,0,0,0,0,0,0,0,0.0,0.0,0.0,0.0,0.0,0.0,0.0,0.0,0.0,0.0,0.0,0.0,0.0,0.0,0.0,0.0,0.0,0.0,0.0,0.0,0.0,0.0,2.004,-0.0,0.0,-0.0,0.0,0.0,0.0,0.0,3351.5,-0.0,0.0,-107615240.0,0.0,-0.0,2.7184274988523002e+23,0.0,0.0,0.0,0.0,0,-4.0668755697950344e+29,126839996416.0,0.0,0.0,0.0,0.0,0.0,0.0,0.0,0,0,0,0.0,0.0,0.0,0.0,0.0,0.0,0.0,0.0,0.0,0.0,0.0,0.0,0.0,0.0,0.0,0.0,0,-107875648.0,0,0.0,0,-107875648.0,-107877712.0,0,39322,17038,0,17053,26215,17037,0,0,0,110,100,100,0.0,64.0,0.0,64.9,-107615304.0,68.5,1,49,50,180,0,13107,0,0,0.0,0.0,0.0,0.0,0.0,65.5,0.0,-2.676,0.0,645,0,686,0,0,0,714,0,785,0,707,0,689,0,645,0,640,0,618,0.032,36700160.0,-0.0,0.0,16528,16789,0.0,-16098064859136.0,0.0,15.328,2.777072824410205e+31,-0.0,29.0,60.0,70,0.0,0.0,0.0,0.0,0.0,0.0,0.0,0.0,0.0,0.0,0.0,0.0,0.0,0.0,0.0,0.0,59.2,68,12,65509,41,65476,0,300,0,0,8,20529,65476,0,0,61604,60.0,0.0,0.0,0.0,0.0,0.0
2026-04-04T11:47:11,ERR,ERR,ERR,ERR,ERR,ERR,ERR,ERR,ERR,ERR,ERR,ERR,ERR,ERR,ERR,ERR,ERR,ERR,ERR,ERR,ERR,ERR,ERR,ERR,ERR,ERR,ERR,ERR,ERR,ERR,ERR,ERR,ERR,ERR,ERR,ERR,ERR,ERR,ERR,ERR,ERR,ERR,ERR,ERR,ERR,ERR,ERR,ERR,ERR,ERR,ERR,ERR,ERR,ERR,ERR,ERR,ERR,ERR,ERR,ERR,ERR,ERR,ERR,ERR,ERR,ERR,ERR,ERR,ERR,ERR,ERR,ERR,ERR,ERR,ERR,ERR,ERR,ERR,ERR,ERR,ERR,ERR,ERR,ERR,ERR,ERR,ERR,ERR,ERR,ERR,ERR,ERR,ERR,ERR,ERR,ERR,ERR,ERR,ERR,ERR,ERR,ERR,ERR,ERR,ERR,ERR,ERR,ERR,ERR,ERR,ERR,ERR,ERR,ERR,ERR,ERR,ERR,ERR,ERR,ERR,ERR,ERR,ERR,ERR,ERR,-107615240.0,0.0,-117832800.0,0.0,0.0,0.0,0.0,nan,0,0,0,32768,0,0.0,0,0.0,0.0,0.0,0.0,0.0,0,0,0,0,0.0,0,0,0,0,0,0,0,0,0,0,0,0,0,0,0,0,0,0,0,0,0,0,0,0,0,0,0,0,0,0,0,0,0,0,0,0,0,0,0,0,0,0,0,0,0.0,0.0,0.0,0.0,0.0,0.0,0.0,0.0,0.0,0.0,0.0,0.0,0.0,0.0,0.0,0.0,0.0,0.0,0.0,0.0,0.0,0.0,2.004,-0.0,0.0,-0.0,0.0,0.0,0.0,0.0,3351.5,-0.0,0.0,-107615240.0,0.0,-0.0,2.7184274988523002e+23,0.0,0.0,0.0,0.0,0,-4.0668755697950344e+29,126839996416.0,0.0,0.0,0.0,0.0,0.0,0.0,0.0,0,0,0,0.0,0.0,0.0,0.0,0.0,0.0,0.0,0.0,0.0,0.0,0.0,0.0,0.0,0.0,0.0,0.0,0,-107875648.0,0,0.0,0,-107875648.0,-107877712.0,0,39322,17038,0,17053,26215,17037,0,0,0,110,100,100,0.0,64.0,0.0,64.9,-107615304.0,68.5,1,49,50,180,0,13107,0,0,0.0,0.0,0.0,0.0,0.0,65.5,0.0,-2.676,0.0,645,0,686,0,0,0,714,0,785,0,707,0,689,0,645,0,640,0,618,0.032,36700160.0,-0.0,0.0,16528,16789,0.0,-16098064859136.0,0.0,15.328,2.777072824410205e+31,-0.0,29.0,60.0,70,0.0,0.0,0.0,0.0,0.0,0.0,0.0,0.0,0.0,0.0,0.0,0.0,0.0,0.0,0.0,0.0,59.2,68,12,65509,41,65476,0,300,0,0,8,20529,65476,0,0,61604,60.0,0.0,0.0,0.0,0.0,0.0
2026-04-04T11:47:12,ERR,ERR,ERR,ERR,ERR,ERR,ERR,ERR,ERR,ERR,ERR,ERR,ERR,ERR,ERR,ERR,ERR,ERR,ERR,ERR,ERR,ERR,ERR,ERR,ERR,ERR,ERR,ERR,ERR,ERR,ERR,ERR,ERR,ERR,ERR,ERR,ERR,ERR,ERR,ERR,ERR,ERR,ERR,ERR,ERR,ERR,ERR,ERR,ERR,ERR,ERR,ERR,ERR,ERR,ERR,ERR,ERR,ERR,ERR,ERR,ERR,ERR,ERR,ERR,ERR,ERR,ERR,ERR,ERR,ERR,ERR,ERR,ERR,ERR,ERR,ERR,ERR,ERR,ERR,ERR,ERR,ERR,ERR,ERR,ERR,ERR,ERR,ERR,ERR,ERR,ERR,ERR,ERR,ERR,ERR,ERR,ERR,ERR,ERR,ERR,ERR,ERR,ERR,ERR,ERR,ERR,ERR,ERR,ERR,ERR,ERR,ERR,ERR,ERR,ERR,ERR,ERR,ERR,ERR,ERR,ERR,ERR,ERR,ERR,ERR,-107615240.0,0.0,-117832800.0,0.0,0.0,0.0,0.0,nan,0,0,0,32768,0,0.0,0,0.0,0.0,0.0,0.0,0.0,0,0,0,0,0.0,0,0,0,0,0,0,0,0,0,0,0,0,0,0,0,0,0,0,0,0,0,0,0,0,0,0,0,0,0,0,0,0,0,0,0,0,0,0,0,0,0,0,0,0,0.0,0.0,0.0,0.0,0.0,0.0,0.0,0.0,0.0,0.0,0.0,0.0,0.0,0.0,0.0,0.0,0.0,0.0,0.0,0.0,0.0,0.0,2.004,-0.0,0.0,-0.0,0.0,0.0,0.0,0.0,3351.5,-0.0,0.0,-107615240.0,0.0,-0.0,2.7184274988523002e+23,0.0,0.0,0.0,0.0,0,-4.0668755697950344e+29,126839996416.0,0.0,0.0,0.0,0.0,0.0,0.0,0.0,0,0,0,0.0,0.0,0.0,0.0,0.0,0.0,0.0,0.0,0.0,0.0,0.0,0.0,0.0,0.0,0.0,0.0,0,-107875648.0,0,0.0,0,-107875648.0,-107877712.0,0,39322,17038,0,17053,26215,17037,0,0,0,110,100,100,0.0,64.0,0.0,64.9,-107615304.0,68.5,1,49,50,180,0,13107,0,0,0.0,0.0,0.0,0.0,0.0,65.5,0.0,-2.676,0.0,645,0,686,0,0,0,714,0,785,0,707,0,689,0,645,0,640,0,618,0.032,36700160.0,-0.0,0.0,16528,16789,0.0,-16098064859136.0,0.0,15.328,2.777072824410205e+31,-0.0,29.0,60.0,70,0.0,0.0,0.0,0.0,0.0,0.0,0.0,0.0,0.0,0.0,0.0,0.0,0.0,0.0,0.0,0.0,59.2,68,12,65509,41,65476,0,300,0,0,8,20529,65476,0,0,61604,60.0,0.0,0.0,0.0,0.0,0.0
2026-04-04T11:47:13,ERR,ERR,ERR,ERR,ERR,ERR,ERR,ERR,ERR,ERR,ERR,ERR,ERR,ERR,ERR,ERR,ERR,ERR,ERR,ERR,ERR,ERR,ERR,ERR,ERR,ERR,ERR,ERR,ERR,ERR,ERR,ERR,ERR,ERR,ERR,ERR,ERR,ERR,ERR,ERR,ERR,ERR,ERR,ERR,ERR,ERR,ERR,ERR,ERR,ERR,ERR,ERR,ERR,ERR,ERR,ERR,ERR,ERR,ERR,ERR,ERR,ERR,ERR,ERR,ERR,ERR,ERR,ERR,ERR,ERR,ERR,ERR,ERR,ERR,ERR,ERR,ERR,ERR,ERR,ERR,ERR,ERR,ERR,ERR,ERR,ERR,ERR,ERR,ERR,ERR,ERR,ERR,ERR,ERR,ERR,ERR,ERR,ERR,ERR,ERR,ERR,ERR,ERR,ERR,ERR,ERR,ERR,ERR,ERR,ERR,ERR,ERR,ERR,ERR,ERR,ERR,ERR,ERR,ERR,ERR,ERR,ERR,ERR,ERR,ERR,-107615240.0,0.0,-117832800.0,0.0,0.0,0.0,0.0,nan,0,0,0,32768,0,0.0,0,0.0,0.0,0.0,0.0,0.0,0,0,0,0,0.0,0,0,0,0,0,0,0,0,0,0,0,0,0,0,0,0,0,0,0,0,0,0,0,0,0,0,0,0,0,0,0,0,0,0,0,0,0,0,0,0,0,0,0,0,0.0,0.0,0.0,0.0,0.0,0.0,0.0,0.0,0.0,0.0,0.0,0.0,0.0,0.0,0.0,0.0,0.0,0.0,0.0,0.0,0.0,0.0,2.004,-0.0,0.0,-0.0,0.0,0.0,0.0,0.0,3351.5,-0.0,0.0,-107615240.0,0.0,-0.0,2.7184274988523002e+23,0.0,0.0,0.0,0.0,0,-4.0668755697950344e+29,126839996416.0,0.0,0.0,0.0,0.0,0.0,0.0,0.0,0,0,0,0.0,0.0,0.0,0.0,0.0,0.0,0.0,0.0,0.0,0.0,0.0,0.0,0.0,0.0,0.0,0.0,0,-107875648.0,0,0.0,0,-107875648.0,-107877712.0,0,39322,17038,0,17053,26215,17037,0,0,0,110,100,100,0.0,64.0,0.0,64.9,-107615304.0,68.5,1,49,50,180,0,13107,0,0,0.0,0.0,0.0,0.0,0.0,65.5,0.0,-2.676,0.0,645,0,686,0,0,0,714,0,785,0,707,0,689,0,645,0,640,0,618,0.032,36700160.0,-0.0,0.0,16528,16789,0.0,-16098064859136.0,0.0,15.328,2.777072824410205e+31,-0.0,29.0,60.0,70,0.0,0.0,0.0,0.0,0.0,0.0,0.0,0.0,0.0,0.0,0.0,0.0,0.0,0.0,0.0,0.0,59.2,68,12,65509,41,65476,0,300,0,0,8,20529,65476,0,0,61604,60.0,0.0,0.0,0.0,0.0,0.0
2026-04-04T11:47:14,ERR,ERR,ERR,ERR,ERR,ERR,ERR,ERR,ERR,ERR,ERR,ERR,ERR,ERR,ERR,ERR,ERR,ERR,ERR,ERR,ERR,ERR,ERR,ERR,ERR,ERR,ERR,ERR,ERR,ERR,ERR,ERR,ERR,ERR,ERR,ERR,ERR,ERR,ERR,ERR,ERR,ERR,ERR,ERR,ERR,ERR,ERR,ERR,ERR,ERR,ERR,ERR,ERR,ERR,ERR,ERR,ERR,ERR,ERR,ERR,ERR,ERR,ERR,ERR,ERR,ERR,ERR,ERR,ERR,ERR,ERR,ERR,ERR,ERR,ERR,ERR,ERR,ERR,ERR,ERR,ERR,ERR,ERR,ERR,ERR,ERR,ERR,ERR,ERR,ERR,ERR,ERR,ERR,ERR,ERR,ERR,ERR,ERR,ERR,ERR,ERR,ERR,ERR,ERR,ERR,ERR,ERR,ERR,ERR,ERR,ERR,ERR,ERR,ERR,ERR,ERR,ERR,ERR,ERR,ERR,ERR,ERR,ERR,ERR,ERR,-107615240.0,0.0,-117832800.0,0.0,0.0,0.0,0.0,nan,0,0,0,32768,0,0.0,0,0.0,0.0,0.0,0.0,0.0,0,0,0,0,0.0,0,0,0,0,0,0,0,0,0,0,0,0,0,0,0,0,0,0,0,0,0,0,0,0,0,0,0,0,0,0,0,0,0,0,0,0,0,0,0,0,0,0,0,0,0.0,0.0,0.0,0.0,0.0,0.0,0.0,0.0,0.0,0.0,0.0,0.0,0.0,0.0,0.0,0.0,0.0,0.0,0.0,0.0,0.0,0.0,2.004,-0.0,0.0,-0.0,0.0,0.0,0.0,0.0,3351.5,-0.0,0.0,-107615240.0,0.0,-0.0,2.7184274988523002e+23,0.0,0.0,0.0,0.0,0,-4.0668755697950344e+29,126839996416.0,0.0,0.0,0.0,0.0,0.0,0.0,0.0,0,0,0,0.0,0.0,0.0,0.0,0.0,0.0,0.0,0.0,0.0,0.0,0.0,0.0,0.0,0.0,0.0,0.0,0,-107875648.0,0,0.0,0,-107875648.0,-107877712.0,0,39322,17038,0,17053,26215,17037,0,0,0,110,100,100,0.0,64.0,0.0,64.9,-107615304.0,68.5,1,49,50,180,0,13107,0,0,0.0,0.0,0.0,0.0,0.0,65.5,0.0,-2.676,0.0,645,0,686,0,0,0,714,0,785,0,707,0,689,0,645,0,640,0,618,0.032,36700160.0,-0.0,0.0,16528,16789,0.0,-16098064859136.0,0.0,15.328,2.777072824410205e+31,-0.0,29.0,60.0,70,0.0,0.0,0.0,0.0,0.0,0.0,0.0,0.0,0.0,0.0,0.0,0.0,0.0,0.0,0.0,0.0,59.2,68,12,65509,41,65476,0,300,0,0,8,20529,65476,0,0,61604,60.0,0.0,0.0,0.0,0.0,0.0
2026-04-04T11:47:15,ERR,ERR,ERR,ERR,ERR,ERR,ERR,ERR,ERR,ERR,ERR,ERR,ERR,ERR,ERR,ERR,ERR,ERR,ERR,ERR,ERR,ERR,ERR,ERR,ERR,ERR,ERR,ERR,ERR,ERR,ERR,ERR,ERR,ERR,ERR,ERR,ERR,ERR,ERR,ERR,ERR,ERR,ERR,ERR,ERR,ERR,ERR,ERR,ERR,ERR,ERR,ERR,ERR,ERR,ERR,ERR,ERR,ERR,ERR,ERR,ERR,ERR,ERR,ERR,ERR,ERR,ERR,ERR,ERR,ERR,ERR,ERR,ERR,ERR,ERR,ERR,ERR,ERR,ERR,ERR,ERR,ERR,ERR,ERR,ERR,ERR,ERR,ERR,ERR,ERR,ERR,ERR,ERR,ERR,ERR,ERR,ERR,ERR,ERR,ERR,ERR,ERR,ERR,ERR,ERR,ERR,ERR,ERR,ERR,ERR,ERR,ERR,ERR,ERR,ERR,ERR,ERR,ERR,ERR,ERR,ERR,ERR,ERR,ERR,ERR,-107615240.0,0.0,-117832800.0,0.0,0.0,0.0,0.0,nan,0,0,0,32768,0,0.0,0,0.0,0.0,0.0,0.0,0.0,0,0,0,0,0.0,0,0,0,0,0,0,0,0,0,0,0,0,0,0,0,0,0,0,0,0,0,0,0,0,0,0,0,0,0,0,0,0,0,0,0,0,0,0,0,0,0,0,0,0,0.0,0.0,0.0,0.0,0.0,0.0,0.0,0.0,0.0,0.0,0.0,0.0,0.0,0.0,0.0,0.0,0.0,0.0,0.0,0.0,0.0,0.0,-0.0,-0.0,-2.004,-0.0,0.0,0.0,0.0,0.0,3354.0,-2.004,0.0,-107615240.0,0.0,-0.0,2.7184274988523002e+23,0.0,0.0,0.0,0.0,0,-4.0668755697950344e+29,0.0,0.0,0.0,0.0,0.0,0.0,0.0,0.0,0,0,0,0.0,0.0,0.0,0.0,0.0,0.0,0.0,0.0,0.0,0.0,0.0,0.0,0.0,0.0,0.0,0.0,0,-107875648.0,0,0.0,0,-107875648.0,-107877712.0,0,39322,17038,0,17053,26215,17037,0,0,0,110,100,100,0.0,64.0,0.0,64.9,-107615304.0,68.5,1,49,50,180,0,13107,0,0,0.0,0.0,0.0,0.0,0.0,65.5,0.0,-2.676,0.0,645,0,686,0,0,0,714,0,785,0,707,0,689,0,645,0,640,0,618,0.032,36700160.0,-0.0,0.0,16528,16789,0.0,-16098064859136.0,0.0,15.328,2.777072824410205e+31,-0.0,29.0,60.0,70,0.0,0.0,0.0,0.0,0.0,0.0,0.0,0.0,0.0,0.0,0.0,0.0,0.0,0.0,0.0,0.0,59.2,68,12,65509,41,65476,0,300,0,0,8,20529,65476,0,0,61604,60.0,0.0,0.0,0.0,0.0,0.0
2026-04-04T11:47:16,ERR,ERR,ERR,ERR,ERR,ERR,ERR,ERR,ERR,ERR,ERR,ERR,ERR,ERR,ERR,ERR,ERR,ERR,ERR,ERR,ERR,ERR,ERR,ERR,ERR,ERR,ERR,ERR,ERR,ERR,ERR,ERR,ERR,ERR,ERR,ERR,ERR,ERR,ERR,ERR,ERR,ERR,ERR,ERR,ERR,ERR,ERR,ERR,ERR,ERR,ERR,ERR,ERR,ERR,ERR,ERR,ERR,ERR,ERR,ERR,ERR,ERR,ERR,ERR,ERR,ERR,ERR,ERR,ERR,ERR,ERR,ERR,ERR,ERR,ERR,ERR,ERR,ERR,ERR,ERR,ERR,ERR,ERR,ERR,ERR,ERR,ERR,ERR,ERR,ERR,ERR,ERR,ERR,ERR,ERR,ERR,ERR,ERR,ERR,ERR,ERR,ERR,ERR,ERR,ERR,ERR,ERR,ERR,ERR,ERR,ERR,ERR,ERR,ERR,ERR,ERR,ERR,ERR,ERR,ERR,ERR,ERR,ERR,ERR,ERR,-107615240.0,0.0,-117832800.0,0.0,0.0,0.0,0.0,nan,0,0,0,32768,0,0.0,0,0.0,0.0,0.0,0.0,0.0,0,0,0,0,0.0,0,0,0,0,0,0,0,0,0,0,0,0,0,0,0,0,0,0,0,0,0,0,0,0,0,0,0,0,0,0,0,0,0,0,0,0,0,0,0,0,0,0,0,0,0.0,0.0,0.0,0.0,0.0,0.0,0.0,0.0,0.0,0.0,0.0,0.0,0.0,0.0,0.0,0.0,0.0,0.0,0.0,0.0,0.0,0.0,-0.0,-0.0,-2.004,-0.0,0.0,0.0,0.0,0.0,3354.0,-2.004,0.0,-107615240.0,0.0,-0.0,2.7184274988523002e+23,0.0,0.0,0.0,0.0,0,-4.0668755697950344e+29,0.0,0.0,0.0,0.0,0.0,0.0,0.0,0.0,0,0,0,0.0,0.0,0.0,0.0,0.0,0.0,0.0,0.0,0.0,0.0,0.0,0.0,0.0,0.0,0.0,0.0,0,-107875648.0,0,0.0,0,-107875648.0,-107877712.0,0,52429,17038,0,17053,26215,17037,0,0,0,110,100,100,0.0,64.0,0.0,64.9,-107615304.0,68.5,1,49,50,180,0,13107,0,0,0.0,0.0,0.0,0.0,0.0,65.5,0.0,-0.0,0.0,645,0,686,0,0,0,713,0,785,0,707,0,689,0,645,0,640,0,618,0.032,36962304.0,-0.0,0.0,13712,16789,0.0,1.1442389876998144e+17,-0.033,-6.258,11.891,2500.032,29.0,60.0,70,0.0,0.0,0.0,0.0,0.0,0.0,0.0,0.0,0.0,0.0,0.0,0.0,0.0,0.0,0.0,0.0,59.2,68,12,65509,41,65476,0,300,0,0,8,20529,65476,0,0,61604,60.0,0.0,0.0,0.0,0.0,0.0
2026-04-04T11:47:17,ERR,ERR,ERR,ERR,ERR,ERR,ERR,ERR,ERR,ERR,ERR,ERR,ERR,ERR,ERR,ERR,ERR,ERR,ERR,ERR,ERR,ERR,ERR,ERR,ERR,ERR,ERR,ERR,ERR,ERR,ERR,ERR,ERR,ERR,ERR,ERR,ERR,ERR,ERR,ERR,ERR,ERR,ERR,ERR,ERR,ERR,ERR,ERR,ERR,ERR,ERR,ERR,ERR,ERR,ERR,ERR,ERR,ERR,ERR,ERR,ERR,ERR,ERR,ERR,ERR,ERR,ERR,ERR,ERR,ERR,ERR,ERR,ERR,ERR,ERR,ERR,ERR,ERR,ERR,ERR,ERR,ERR,ERR,ERR,ERR,ERR,ERR,ERR,ERR,ERR,ERR,ERR,ERR,ERR,ERR,ERR,ERR,ERR,ERR,ERR,ERR,ERR,ERR,ERR,ERR,ERR,ERR,ERR,ERR,ERR,ERR,ERR,ERR,ERR,ERR,ERR,ERR,ERR,ERR,ERR,ERR,ERR,ERR,ERR,ERR,-107615240.0,0.0,-117832800.0,0.0,0.0,0.0,0.0,nan,0,0,0,32768,0,0.0,0,0.0,0.0,0.0,0.0,0.0,0,0,0,0,0.0,0,0,0,0,0,0,0,0,0,0,0,0,0,0,0,0,0,0,0,0,0,0,0,0,0,0,0,0,0,0,0,0,0,0,0,0,0,0,0,0,0,0,0,0,0.0,0.0,0.0,0.0,0.0,0.0,0.0,0.0,0.0,0.0,0.0,0.0,0.0,0.0,0.0,0.0,0.0,0.0,0.0,0.0,0.0,0.0,-0.0,-0.0,-2.004,-0.0,0.0,0.0,0.0,0.0,3354.0,-2.004,0.0,-107615240.0,0.0,-0.0,2.7184274988523002e+23,0.0,0.0,0.0,0.0,0,-4.0668755697950344e+29,0.0,0.0,0.0,0.0,0.0,0.0,0.0,0.0,0,0,0,0.0,0.0,0.0,0.0,0.0,0.0,0.0,0.0,0.0,0.0,0.0,0.0,0.0,0.0,0.0,0.0,0,-107875648.0,0,0.0,0,-107875648.0,-107877712.0,0,52429,17038,0,17053,26215,17037,0,0,0,110,100,100,0.0,64.0,0.0,64.9,-107615304.0,68.5,1,49,50,180,0,13107,0,0,0.0,0.0,0.0,0.0,0.0,65.5,0.0,-0.0,0.0,645,0,686,0,0,0,713,0,785,0,707,0,689,0,645,0,640,0,618,0.032,36962304.0,-0.0,0.0,13712,16789,0.0,1.1442389876998144e+17,-0.033,-6.258,11.891,2500.032,29.0,60.0,70,0.0,0.0,0.0,0.0,0.0,0.0,0.0,0.0,0.0,0.0,0.0,0.0,0.0,0.0,0.0,0.0,59.2,68,12,65509,41,65476,0,300,0,0,8,20529,65476,0,0,61604,60.0,0.0,0.0,0.0,0.0,0.0
2026-04-04T11:47:18,ERR,ERR,ERR,ERR,ERR,ERR,ERR,ERR,ERR,ERR,ERR,ERR,ERR,ERR,ERR,ERR,ERR,ERR,ERR,ERR,ERR,ERR,ERR,ERR,ERR,ERR,ERR,ERR,ERR,ERR,ERR,ERR,ERR,ERR,ERR,ERR,ERR,ERR,ERR,ERR,ERR,ERR,ERR,ERR,ERR,ERR,ERR,ERR,ERR,ERR,ERR,ERR,ERR,ERR,ERR,ERR,ERR,ERR,ERR,ERR,ERR,ERR,ERR,ERR,ERR,ERR,ERR,ERR,ERR,ERR,ERR,ERR,ERR,ERR,ERR,ERR,ERR,ERR,ERR,ERR,ERR,ERR,ERR,ERR,ERR,ERR,ERR,ERR,ERR,ERR,ERR,ERR,ERR,ERR,ERR,ERR,ERR,ERR,ERR,ERR,ERR,ERR,ERR,ERR,ERR,ERR,ERR,ERR,ERR,ERR,ERR,ERR,ERR,ERR,ERR,ERR,ERR,ERR,ERR,ERR,ERR,ERR,ERR,ERR,ERR,-107615240.0,0.0,-117832800.0,0.0,0.0,0.0,0.0,nan,0,0,0,32768,0,0.0,0,0.0,0.0,0.0,0.0,0.0,0,0,0,0,0.0,0,0,0,0,0,0,0,0,0,0,0,0,0,0,0,0,0,0,0,0,0,0,0,0,0,0,0,0,0,0,0,0,0,0,0,0,0,0,0,0,0,0,0,0,0.0,0.0,0.0,0.0,0.0,0.0,0.0,0.0,0.0,0.0,0.0,0.0,0.0,0.0,0.0,0.0,0.0,0.0,0.0,0.0,0.0,0.0,-0.0,-0.0,-2.004,-0.0,0.0,0.0,0.0,0.0,3354.0,-2.004,0.0,-107615240.0,0.0,-0.0,2.7184274988523002e+23,0.0,0.0,0.0,0.0,0,-4.0668755697950344e+29,0.0,0.0,0.0,0.0,0.0,0.0,0.0,0.0,0,0,0,0.0,0.0,0.0,0.0,0.0,0.0,0.0,0.0,0.0,0.0,0.0,0.0,0.0,0.0,0.0,0.0,0,-107875648.0,0,0.0,0,-107875648.0,-107877712.0,0,52429,17038,0,17053,26215,17037,0,0,0,110,100,100,0.0,64.0,0.0,64.9,-107615304.0,68.5,1,49,50,180,0,13107,0,0,0.0,0.0,0.0,0.0,0.0,65.5,0.0,-0.0,0.0,645,0,686,0,0,0,713,0,785,0,707,0,689,0,645,0,640,0,618,0.032,36962304.0,-0.0,0.0,13712,16789,0.0,1.1442389876998144e+17,-0.033,-6.258,11.891,2500.032,29.0,60.0,70,0.0,0.0,0.0,0.0,0.0,0.0,0.0,0.0,0.0,0.0,0.0,0.0,0.0,0.0,0.0,0.0,59.2,68,12,65509,41,65476,0,300,0,0,8,20529,65476,0,0,61604,60.0,0.0,0.0,0.0,0.0,0.0
2026-04-04T11:47:19,ERR,ERR,ERR,ERR,ERR,ERR,ERR,ERR,ERR,ERR,ERR,ERR,ERR,ERR,ERR,ERR,ERR,ERR,ERR,ERR,ERR,ERR,ERR,ERR,ERR,ERR,ERR,ERR,ERR,ERR,ERR,ERR,ERR,ERR,ERR,ERR,ERR,ERR,ERR,ERR,ERR,ERR,ERR,ERR,ERR,ERR,ERR,ERR,ERR,ERR,ERR,ERR,ERR,ERR,ERR,ERR,ERR,ERR,ERR,ERR,ERR,ERR,ERR,ERR,ERR,ERR,ERR,ERR,ERR,ERR,ERR,ERR,ERR,ERR,ERR,ERR,ERR,ERR,ERR,ERR,ERR,ERR,ERR,ERR,ERR,ERR,ERR,ERR,ERR,ERR,ERR,ERR,ERR,ERR,ERR,ERR,ERR,ERR,ERR,ERR,ERR,ERR,ERR,ERR,ERR,ERR,ERR,ERR,ERR,ERR,ERR,ERR,ERR,ERR,ERR,ERR,ERR,ERR,ERR,ERR,ERR,ERR,ERR,ERR,ERR,-107615240.0,0.0,-117832800.0,0.0,0.0,0.0,0.0,nan,0,0,0,32768,0,0.0,0,0.0,0.0,0.0,0.0,0.0,0,0,0,0,0.0,0,0,0,0,0,0,0,0,0,0,0,0,0,0,0,0,0,0,0,0,0,0,0,0,0,0,0,0,0,0,0,0,0,0,0,0,0,0,0,0,0,0,0,0,0.0,0.0,0.0,0.0,0.0,0.0,0.0,0.0,0.0,0.0,0.0,0.0,0.0,0.0,0.0,0.0,0.0,0.0,0.0,0.0,0.0,0.0,-0.0,-0.0,-2.004,-0.0,0.0,0.0,0.0,0.0,3354.0,-2.004,0.0,-107615240.0,0.0,-0.0,2.7184274988523002e+23,0.0,0.0,0.0,0.0,0,-4.0668755697950344e+29,0.0,0.0,0.0,0.0,0.0,0.0,0.0,0.0,0,0,0,0.0,0.0,0.0,0.0,0.0,0.0,0.0,0.0,0.0,0.0,0.0,0.0,0.0,0.0,0.0,0.0,0,-107875648.0,0,0.0,0,-107875648.0,-107877712.0,0,52429,17038,0,17053,26215,17037,0,0,0,110,100,100,0.0,64.0,0.0,64.9,-107615304.0,68.5,1,49,50,180,0,13107,0,0,0.0,0.0,0.0,0.0,0.0,65.5,0.0,-0.0,0.0,645,0,686,0,0,0,713,0,785,0,707,0,689,0,645,0,640,0,618,0.032,36962304.0,-0.0,0.0,13712,16789,0.0,1.1442389876998144e+17,-0.033,-6.258,11.891,2500.032,29.0,60.0,70,0.0,0.0,0.0,0.0,0.0,0.0,0.0,0.0,0.0,0.0,0.0,0.0,0.0,0.0,0.0,0.0,59.2,68,12,65509,41,65476,0,300,0,0,8,20529,65476,0,0,61604,60.0,0.0,0.0,0.0,0.0,0.0
2026-04-04T11:47:20,ERR,ERR,ERR,ERR,ERR,ERR,ERR,ERR,ERR,ERR,ERR,ERR,ERR,ERR,ERR,ERR,ERR,ERR,ERR,ERR,ERR,ERR,ERR,ERR,ERR,ERR,ERR,ERR,ERR,ERR,ERR,ERR,ERR,ERR,ERR,ERR,ERR,ERR,ERR,ERR,ERR,ERR,ERR,ERR,ERR,ERR,ERR,ERR,ERR,ERR,ERR,ERR,ERR,ERR,ERR,ERR,ERR,ERR,ERR,ERR,ERR,ERR,ERR,ERR,ERR,ERR,ERR,ERR,ERR,ERR,ERR,ERR,ERR,ERR,ERR,ERR,ERR,ERR,ERR,ERR,ERR,ERR,ERR,ERR,ERR,ERR,ERR,ERR,ERR,ERR,ERR,ERR,ERR,ERR,ERR,ERR,ERR,ERR,ERR,ERR,ERR,ERR,ERR,ERR,ERR,ERR,ERR,ERR,ERR,ERR,ERR,ERR,ERR,ERR,ERR,ERR,ERR,ERR,ERR,ERR,ERR,ERR,ERR,ERR,ERR,-107615240.0,0.0,-117832800.0,0.0,0.0,0.0,0.0,nan,0,0,0,32768,0,0.0,0,0.0,0.0,0.0,0.0,0.0,0,0,0,0,0.0,0,0,0,0,0,0,0,0,0,0,0,0,0,0,0,0,0,0,0,0,0,0,0,0,0,0,0,0,0,0,0,0,0,0,0,0,0,0,0,0,0,0,0,0,0.0,0.0,0.0,0.0,0.0,0.0,0.0,0.0,0.0,0.0,0.0,0.0,0.0,0.0,0.0,0.0,0.0,0.0,0.0,0.0,0.0,0.0,-0.0,-0.0,-2.004,-0.0,0.0,0.0,0.0,0.0,3354.0,-2.004,0.0,-107615240.0,0.0,-0.0,2.7184274988523002e+23,0.0,0.0,0.0,0.0,0,-4.0668755697950344e+29,0.0,0.0,0.0,0.0,0.0,0.0,0.0,0.0,0,0,0,0.0,0.0,0.0,0.0,0.0,0.0,0.0,0.0,0.0,0.0,0.0,0.0,0.0,0.0,0.0,0.0,0,-107875648.0,0,0.0,0,-107875648.0,-107877712.0,0,52429,17038,0,17053,26215,17037,0,0,0,110,100,100,0.0,64.0,0.0,64.9,-107615304.0,68.5,1,49,50,180,0,13107,0,0,0.0,0.0,0.0,0.0,0.0,65.5,0.0,-0.0,0.0,645,0,686,0,0,0,713,0,785,0,707,0,689,0,645,0,640,0,618,0.032,36962304.0,-0.0,0.0,13712,16789,0.0,1.1442389876998144e+17,-0.033,-6.258,11.891,2500.032,29.0,60.0,70,0.0,0.0,0.0,0.0,0.0,0.0,0.0,0.0,0.0,0.0,0.0,0.0,0.0,0.0,0.0,0.0,59.2,68,12,65509,41,65476,0,300,0,0,8,20529,65476,0,0,61604,60.0,0.0,0.0,0.0,0.0,0.0
2026-04-04T11:47:21,ERR,ERR,ERR,ERR,ERR,ERR,ERR,ERR,ERR,ERR,ERR,ERR,ERR,ERR,ERR,ERR,ERR,ERR,ERR,ERR,ERR,ERR,ERR,ERR,ERR,ERR,ERR,ERR,ERR,ERR,ERR,ERR,ERR,ERR,ERR,ERR,ERR,ERR,ERR,ERR,ERR,ERR,ERR,ERR,ERR,ERR,ERR,ERR,ERR,ERR,ERR,ERR,ERR,ERR,ERR,ERR,ERR,ERR,ERR,ERR,ERR,ERR,ERR,ERR,ERR,ERR,ERR,ERR,ERR,ERR,ERR,ERR,ERR,ERR,ERR,ERR,ERR,ERR,ERR,ERR,ERR,ERR,ERR,ERR,ERR,ERR,ERR,ERR,ERR,ERR,ERR,ERR,ERR,ERR,ERR,ERR,ERR,ERR,ERR,ERR,ERR,ERR,ERR,ERR,ERR,ERR,ERR,ERR,ERR,ERR,ERR,ERR,ERR,ERR,ERR,ERR,ERR,ERR,ERR,ERR,ERR,ERR,ERR,ERR,ERR,-107615240.0,0.0,-117832800.0,0.0,0.0,0.0,0.0,nan,0,0,0,32768,0,0.0,0,0.0,0.0,0.0,0.0,0.0,0,0,0,0,0.0,0,0,0,0,0,0,0,0,0,0,0,0,0,0,0,0,0,0,0,0,0,0,0,0,0,0,0,0,0,0,0,0,0,0,0,0,0,0,0,0,0,0,0,0,0.0,0.0,0.0,0.0,0.0,0.0,0.0,0.0,0.0,0.0,0.0,0.0,0.0,0.0,0.0,0.0,0.0,0.0,0.0,0.0,0.0,0.0,-0.0,-0.0,-2.004,-0.0,0.0,0.0,0.0,0.0,3354.0,-2.004,0.0,-107615240.0,0.0,-0.0,2.7184274988523002e+23,0.0,0.0,0.0,0.0,0,-4.0668755697950344e+29,0.0,0.0,0.0,0.0,0.0,0.0,0.0,0.0,0,0,0,0.0,0.0,0.0,0.0,0.0,0.0,0.0,0.0,0.0,0.0,0.0,0.0,0.0,0.0,0.0,0.0,0,-107875648.0,0,0.0,0,-107875648.0,-107877712.0,0,52429,17038,0,17053,26215,17037,0,0,0,110,100,100,0.0,64.0,0.0,64.9,-107615304.0,68.5,1,49,50,180,0,13107,0,0,0.0,0.0,0.0,0.0,0.0,65.5,0.0,-0.0,0.0,645,0,686,0,0,0,713,0,785,0,707,0,689,0,645,0,640,0,618,0.032,36962304.0,-0.0,0.0,13712,16789,0.0,1.1442389876998144e+17,-0.033,-6.258,11.891,2500.032,29.0,60.0,70,0.0,0.0,0.0,0.0,0.0,0.0,0.0,0.0,0.0,0.0,0.0,0.0,0.0,0.0,0.0,0.0,59.2,68,12,65509,41,65476,0,300,0,0,8,20529,65476,0,0,61604,60.0,0.0,0.0,0.0,0.0,0.0
2026-04-04T11:47:22,ERR,ERR,ERR,ERR,ERR,ERR,ERR,ERR,ERR,ERR,ERR,ERR,ERR,ERR,ERR,ERR,ERR,ERR,ERR,ERR,ERR,ERR,ERR,ERR,ERR,ERR,ERR,ERR,ERR,ERR,ERR,ERR,ERR,ERR,ERR,ERR,ERR,ERR,ERR,ERR,ERR,ERR,ERR,ERR,ERR,ERR,ERR,ERR,ERR,ERR,ERR,ERR,ERR,ERR,ERR,ERR,ERR,ERR,ERR,ERR,ERR,ERR,ERR,ERR,ERR,ERR,ERR,ERR,ERR,ERR,ERR,ERR,ERR,ERR,ERR,ERR,ERR,ERR,ERR,ERR,ERR,ERR,ERR,ERR,ERR,ERR,ERR,ERR,ERR,ERR,ERR,ERR,ERR,ERR,ERR,ERR,ERR,ERR,ERR,ERR,ERR,ERR,ERR,ERR,ERR,ERR,ERR,ERR,ERR,ERR,ERR,ERR,ERR,ERR,ERR,ERR,ERR,ERR,ERR,ERR,ERR,ERR,ERR,ERR,ERR,-107615240.0,0.0,-117832800.0,0.0,0.0,0.0,0.0,nan,0,0,0,32768,0,0.0,0,0.0,0.0,0.0,0.0,0.0,0,0,0,0,0.0,0,0,0,0,0,0,0,0,0,0,0,0,0,0,0,0,0,0,0,0,0,0,0,0,0,0,0,0,0,0,0,0,0,0,0,0,0,0,0,0,0,0,0,0,0.0,0.0,0.0,0.0,0.0,0.0,0.0,0.0,0.0,0.0,0.0,0.0,0.0,0.0,0.0,0.0,0.0,0.0,0.0,0.0,0.0,0.0,-0.0,-0.0,-2.004,-0.0,0.0,0.0,0.0,0.0,3354.0,-2.004,0.0,-107615240.0,0.0,-0.0,2.7184274988523002e+23,0.0,0.0,0.0,0.0,0,-4.0668755697950344e+29,0.0,0.0,0.0,0.0,0.0,0.0,0.0,0.0,0,0,0,0.0,0.0,0.0,0.0,0.0,0.0,0.0,0.0,0.0,0.0,0.0,0.0,0.0,0.0,0.0,0.0,0,-107875648.0,0,0.0,0,-107875648.0,-107877712.0,0,52429,17038,0,17053,26215,17037,0,0,0,110,100,100,0.0,64.0,0.0,64.8,-107615304.0,68.5,1,49,50,180,0,13107,0,0,0.0,0.0,0.0,0.0,0.0,65.5,0.0,2.8512494204961856e+28,0.0,645,0,686,0,0,0,714,0,785,0,707,0,689,0,645,0,640,0,618,0.032,36700160.0,-0.0,0.0,10384,16789,0.0,2.8512494204961856e+28,-0.001,-0.0,0.626,52.313,29.0,60.0,70,0.0,0.0,0.0,0.0,0.0,0.0,0.0,0.0,0.0,0.0,0.0,0.0,0.0,0.0,0.0,0.0,59.2,68,12,65509,41,65476,0,300,0,0,8,20529,65476,0,0,61604,60.0,0.0,0.0,0.0,0.0,0.0
2026-04-04T11:47:23,ERR,ERR,ERR,ERR,ERR,ERR,ERR,ERR,ERR,ERR,ERR,ERR,ERR,ERR,ERR,ERR,ERR,ERR,ERR,ERR,ERR,ERR,ERR,ERR,ERR,ERR,ERR,ERR,ERR,ERR,ERR,ERR,ERR,ERR,ERR,ERR,ERR,ERR,ERR,ERR,ERR,ERR,ERR,ERR,ERR,ERR,ERR,ERR,ERR,ERR,ERR,ERR,ERR,ERR,ERR,ERR,ERR,ERR,ERR,ERR,ERR,ERR,ERR,ERR,ERR,ERR,ERR,ERR,ERR,ERR,ERR,ERR,ERR,ERR,ERR,ERR,ERR,ERR,ERR,ERR,ERR,ERR,ERR,ERR,ERR,ERR,ERR,ERR,ERR,ERR,ERR,ERR,ERR,ERR,ERR,ERR,ERR,ERR,ERR,ERR,ERR,ERR,ERR,ERR,ERR,ERR,ERR,ERR,ERR,ERR,ERR,ERR,ERR,ERR,ERR,ERR,ERR,ERR,ERR,ERR,ERR,ERR,ERR,ERR,ERR,-107615240.0,0.0,-117832800.0,0.0,0.0,0.0,0.0,nan,0,0,0,32768,0,0.0,0,0.0,0.0,0.0,0.0,0.0,0,0,0,0,0.0,0,0,0,0,0,0,0,0,0,0,0,0,0,0,0,0,0,0,0,0,0,0,0,0,0,0,0,0,0,0,0,0,0,0,0,0,0,0,0,0,0,0,0,0,0.0,0.0,0.0,0.0,0.0,0.0,0.0,0.0,0.0,0.0,0.0,0.0,0.0,0.0,0.0,0.0,0.0,0.0,0.0,0.0,0.0,0.0,-0.0,-0.0,-2.004,-0.0,0.0,0.0,0.0,0.0,3354.0,-2.004,0.0,-107615240.0,0.0,-0.0,2.7184274988523002e+23,0.0,0.0,0.0,0.0,0,-4.0668755697950344e+29,0.0,0.0,0.0,0.0,0.0,0.0,0.0,0.0,0,0,0,0.0,0.0,0.0,0.0,0.0,0.0,0.0,0.0,0.0,0.0,0.0,0.0,0.0,0.0,0.0,0.0,0,-107875648.0,0,0.0,0,-107875648.0,-107877712.0,0,52429,17038,0,17053,26215,17037,0,0,0,110,100,100,0.0,64.0,0.0,64.8,-107615304.0,68.5,1,49,50,180,0,13107,0,0,0.0,0.0,0.0,0.0,0.0,65.5,0.0,2.8512494204961856e+28,0.0,645,0,686,0,0,0,714,0,785,0,707,0,689,0,645,0,640,0,618,0.032,36700160.0,-0.0,0.0,10384,16789,0.0,2.8512494204961856e+28,-0.001,-0.0,0.626,52.313,29.0,60.0,70,0.0,0.0,0.0,0.0,0.0,0.0,0.0,0.0,0.0,0.0,0.0,0.0,0.0,0.0,0.0,0.0,59.2,68,12,65509,41,65476,0,300,0,0,8,20529,65476,0,0,61604,60.0,0.0,0.0,0.0,0.0,0.0
2026-04-04T11:47:24,ERR,ERR,ERR,ERR,ERR,ERR,ERR,ERR,ERR,ERR,ERR,ERR,ERR,ERR,ERR,ERR,ERR,ERR,ERR,ERR,ERR,ERR,ERR,ERR,ERR,ERR,ERR,ERR,ERR,ERR,ERR,ERR,ERR,ERR,ERR,ERR,ERR,ERR,ERR,ERR,ERR,ERR,ERR,ERR,ERR,ERR,ERR,ERR,ERR,ERR,ERR,ERR,ERR,ERR,ERR,ERR,ERR,ERR,ERR,ERR,ERR,ERR,ERR,ERR,ERR,ERR,ERR,ERR,ERR,ERR,ERR,ERR,ERR,ERR,ERR,ERR,ERR,ERR,ERR,ERR,ERR,ERR,ERR,ERR,ERR,ERR,ERR,ERR,ERR,ERR,ERR,ERR,ERR,ERR,ERR,ERR,ERR,ERR,ERR,ERR,ERR,ERR,ERR,ERR,ERR,ERR,ERR,ERR,ERR,ERR,ERR,ERR,ERR,ERR,ERR,ERR,ERR,ERR,ERR,ERR,ERR,ERR,ERR,ERR,ERR,0.0,0.0,-0.0,0.0,0.0,0.0,0.0,nan,0,0,0,32768,0,0.0,0,0.0,0.0,0.0,0.0,0.0,0,0,0,0,0.0,0,0,0,0,0,0,0,0,0,0,0,0,0,0,0,0,0,0,0,0,0,0,0,0,0,0,0,0,0,0,0,0,0,0,0,0,0,0,0,0,0,0,0,0,0.0,0.0,0.0,0.0,0.0,0.0,0.0,0.0,0.0,0.0,0.0,0.0,0.0,0.0,0.0,0.0,0.0,0.0,0.0,0.0,0.0,0.0,2.004,-0.0,0.0,-0.0,0.0,0.0,0.0,0.0,3367.5,0.0,0.0,-107615240.0,0.0,-0.0,2.7184274988523002e+23,0.0,0.0,0.0,0.0,0,-1.9056958870913024e+17,4.066828723919524e+29,0.0,0.0,0.0,0.0,0.0,0.0,0.0,0,0,0,0.0,0.0,0.0,0.0,0.0,0.0,0.0,0.0,0.0,0.0,0.0,0.0,0.0,0.0,0.0,0.0,0,-107875648.0,0,0.0,0,-107875648.0,-107877712.0,0,52429,17038,0,17053,26215,17037,0,0,0,110,100,100,0.0,64.0,0.0,64.8,-107615304.0,68.5,1,49,50,180,0,13107,0,0,0.0,0.0,0.0,0.0,0.0,65.5,0.0,2.8512494204961856e+28,0.0,645,0,686,0,0,0,714,0,785,0,707,0,689,0,645,0,640,0,618,0.032,36700160.0,-0.0,0.0,10384,16789,0.0,2.8512494204961856e+28,-0.001,-0.0,0.626,52.313,29.0,60.0,70,0.0,0.0,0.0,0.0,0.0,0.0,0.0,0.0,0.0,0.0,0.0,0.0,0.0,0.0,0.0,0.0,59.2,68,12,65509,41,65476,0,300,0,0,8,20529,65476,0,0,61604,60.0,0.0,0.0,0.0,0.0,0.0
2026-04-04T11:47:25,ERR,ERR,ERR,ERR,ERR,ERR,ERR,ERR,ERR,ERR,ERR,ERR,ERR,ERR,ERR,ERR,ERR,ERR,ERR,ERR,ERR,ERR,ERR,ERR,ERR,ERR,ERR,ERR,ERR,ERR,ERR,ERR,ERR,ERR,ERR,ERR,ERR,ERR,ERR,ERR,ERR,ERR,ERR,ERR,ERR,ERR,ERR,ERR,ERR,ERR,ERR,ERR,ERR,ERR,ERR,ERR,ERR,ERR,ERR,ERR,ERR,ERR,ERR,ERR,ERR,ERR,ERR,ERR,ERR,ERR,ERR,ERR,ERR,ERR,ERR,ERR,ERR,ERR,ERR,ERR,ERR,ERR,ERR,ERR,ERR,ERR,ERR,ERR,ERR,ERR,ERR,ERR,ERR,ERR,ERR,ERR,ERR,ERR,ERR,ERR,ERR,ERR,ERR,ERR,ERR,ERR,ERR,ERR,ERR,ERR,ERR,ERR,ERR,ERR,ERR,ERR,ERR,ERR,ERR,ERR,ERR,ERR,ERR,ERR,ERR,0.0,0.0,-0.0,0.0,0.0,0.0,0.0,nan,0,0,0,32768,0,0.0,0,0.0,0.0,0.0,0.0,0.0,0,0,0,0,0.0,0,0,0,0,0,0,0,0,0,0,0,0,0,0,0,0,0,0,0,0,0,0,0,0,0,0,0,0,0,0,0,0,0,0,0,0,0,0,0,0,0,0,0,0,0.0,0.0,0.0,0.0,0.0,0.0,0.0,0.0,0.0,0.0,0.0,0.0,0.0,0.0,0.0,0.0,0.0,0.0,0.0,0.0,0.0,0.0,2.004,-0.0,0.0,-0.0,0.0,0.0,0.0,0.0,3367.5,0.0,0.0,-107615240.0,0.0,-0.0,2.7184274988523002e+23,0.0,0.0,0.0,0.0,0,-1.9056958870913024e+17,4.066828723919524e+29,0.0,0.0,0.0,0.0,0.0,0.0,0.0,0,0,0,0.0,0.0,0.0,0.0,0.0,0.0,0.0,0.0,0.0,0.0,0.0,0.0,0.0,0.0,0.0,0.0,0,-107875648.0,0,0.0,0,-107875648.0,-107877712.0,0,52429,17038,0,17053,26215,17037,0,0,0,110,100,100,0.0,64.0,0.0,64.8,-107615304.0,68.5,1,49,50,180,0,13107,0,0,0.0,0.0,0.0,0.0,0.0,65.5,0.0,2.8512494204961856e+28,0.0,645,0,686,0,0,0,714,0,785,0,707,0,689,0,645,0,640,0,618,0.032,36700160.0,-0.0,0.0,10384,16789,0.0,2.8512494204961856e+28,-0.001,-0.0,0.626,52.313,29.0,60.0,70,0.0,0.0,0.0,0.0,0.0,0.0,0.0,0.0,0.0,0.0,0.0,0.0,0.0,0.0,0.0,0.0,59.2,68,12,65509,41,65476,0,300,0,0,8,20529,65476,0,0,61604,60.0,0.0,0.0,0.0,0.0,0.0
2026-04-04T11:47:26,ERR,ERR,ERR,ERR,ERR,ERR,ERR,ERR,ERR,ERR,ERR,ERR,ERR,ERR,ERR,ERR,ERR,ERR,ERR,ERR,ERR,ERR,ERR,ERR,ERR,ERR,ERR,ERR,ERR,ERR,ERR,ERR,ERR,ERR,ERR,ERR,ERR,ERR,ERR,ERR,ERR,ERR,ERR,ERR,ERR,ERR,ERR,ERR,ERR,ERR,ERR,ERR,ERR,ERR,ERR,ERR,ERR,ERR,ERR,ERR,ERR,ERR,ERR,ERR,ERR,ERR,ERR,ERR,ERR,ERR,ERR,ERR,ERR,ERR,ERR,ERR,ERR,ERR,ERR,ERR,ERR,ERR,ERR,ERR,ERR,ERR,ERR,ERR,ERR,ERR,ERR,ERR,ERR,ERR,ERR,ERR,ERR,ERR,ERR,ERR,ERR,ERR,ERR,ERR,ERR,ERR,ERR,ERR,ERR,ERR,ERR,ERR,ERR,ERR,ERR,ERR,ERR,ERR,ERR,ERR,ERR,ERR,ERR,ERR,ERR,0.0,0.0,-0.0,0.0,0.0,0.0,0.0,nan,0,0,0,32768,0,0.0,0,0.0,0.0,0.0,0.0,0.0,0,0,0,0,0.0,0,0,0,0,0,0,0,0,0,0,0,0,0,0,0,0,0,0,0,0,0,0,0,0,0,0,0,0,0,0,0,0,0,0,0,0,0,0,0,0,0,0,0,0,0.0,0.0,0.0,0.0,0.0,0.0,0.0,0.0,0.0,0.0,0.0,0.0,0.0,0.0,0.0,0.0,0.0,0.0,0.0,0.0,0.0,0.0,2.004,-0.0,0.0,-0.0,0.0,0.0,0.0,0.0,3367.5,0.0,0.0,-107615240.0,0.0,-0.0,2.7184274988523002e+23,0.0,0.0,0.0,0.0,0,-1.9056958870913024e+17,4.066828723919524e+29,0.0,0.0,0.0,0.0,0.0,0.0,0.0,0,0,0,0.0,0.0,0.0,0.0,0.0,0.0,0.0,0.0,0.0,0.0,0.0,0.0,0.0,0.0,0.0,0.0,0,-107875648.0,0,0.0,0,-107875648.0,-107877712.0,0,52429,17038,0,17053,26215,17037,0,0,0,110,100,100,0.0,64.0,0.0,64.9,-107615304.0,68.5,1,49,50,180,0,13107,0,0,0.0,0.0,0.0,0.0,0.0,65.5,0.0,-0.0,0.0,645,0,686,0,0,0,714,0,785,0,707,0,689,0,645,0,640,0,618,0.032,36700160.0,-0.0,0.0,23952,16789,0.0,9.732223996388528e+26,-0.0,558073.062,0.0,0.0,29.0,60.0,70,0.0,0.0,0.0,0.0,0.0,0.0,0.0,0.0,0.0,0.0,0.0,0.0,0.0,0.0,0.0,0.0,59.2,68,12,65509,41,65476,0,300,0,0,8,20529,65476,0,0,61604,60.0,0.0,0.0,0.0,0.0,0.0
2026-04-04T11:47:27,ERR,ERR,ERR,ERR,ERR,ERR,ERR,ERR,ERR,ERR,ERR,ERR,ERR,ERR,ERR,ERR,ERR,ERR,ERR,ERR,ERR,ERR,ERR,ERR,ERR,ERR,ERR,ERR,ERR,ERR,ERR,ERR,ERR,ERR,ERR,ERR,ERR,ERR,ERR,ERR,ERR,ERR,ERR,ERR,ERR,ERR,ERR,ERR,ERR,ERR,ERR,ERR,ERR,ERR,ERR,ERR,ERR,ERR,ERR,ERR,ERR,ERR,ERR,ERR,ERR,ERR,ERR,ERR,ERR,ERR,ERR,ERR,ERR,ERR,ERR,ERR,ERR,ERR,ERR,ERR,ERR,ERR,ERR,ERR,ERR,ERR,ERR,ERR,ERR,ERR,ERR,ERR,ERR,ERR,ERR,ERR,ERR,ERR,ERR,ERR,ERR,ERR,ERR,ERR,ERR,ERR,ERR,ERR,ERR,ERR,ERR,ERR,ERR,ERR,ERR,ERR,ERR,ERR,ERR,ERR,ERR,ERR,ERR,ERR,ERR,0.0,0.0,-0.0,0.0,0.0,0.0,0.0,nan,0,0,0,32768,0,0.0,0,0.0,0.0,0.0,0.0,0.0,0,0,0,0,0.0,0,0,0,0,0,0,0,0,0,0,0,0,0,0,0,0,0,0,0,0,0,0,0,0,0,0,0,0,0,0,0,0,0,0,0,0,0,0,0,0,0,0,0,0,0.0,0.0,0.0,0.0,0.0,0.0,0.0,0.0,0.0,0.0,0.0,0.0,0.0,0.0,0.0,0.0,0.0,0.0,0.0,0.0,0.0,0.0,2.004,-0.0,0.0,-0.0,0.0,0.0,0.0,0.0,3367.5,0.0,0.0,-107615240.0,0.0,-0.0,2.7184274988523002e+23,0.0,0.0,0.0,0.0,0,-1.9056958870913024e+17,4.066828723919524e+29,0.0,0.0,0.0,0.0,0.0,0.0,0.0,0,0,0,0.0,0.0,0.0,0.0,0.0,0.0,0.0,0.0,0.0,0.0,0.0,0.0,0.0,0.0,0.0,0.0,0,-107875648.0,0,0.0,0,-107875648.0,-107877712.0,0,52429,17038,0,17053,26215,17037,0,0,0,110,100,100,0.0,64.0,0.0,64.9,-107615304.0,68.5,1,49,50,180,0,13107,0,0,0.0,0.0,0.0,0.0,0.0,65.5,0.0,-0.0,0.0,645,0,686,0,0,0,714,0,785,0,707,0,689,0,645,0,640,0,618,0.032,36700160.0,-0.0,0.0,23952,16789,0.0,9.732223996388528e+26,-0.0,558073.062,0.0,0.0,29.0,60.0,70,0.0,0.0,0.0,0.0,0.0,0.0,0.0,0.0,0.0,0.0,0.0,0.0,0.0,0.0,0.0,0.0,59.2,68,12,65509,41,65476,0,300,0,0,8,20529,65476,0,0,61604,60.0,0.0,0.0,0.0,0.0,0.0
2026-04-04T11:47:28,ERR,ERR,ERR,ERR,ERR,ERR,ERR,ERR,ERR,ERR,ERR,ERR,ERR,ERR,ERR,ERR,ERR,ERR,ERR,ERR,ERR,ERR,ERR,ERR,ERR,ERR,ERR,ERR,ERR,ERR,ERR,ERR,ERR,ERR,ERR,ERR,ERR,ERR,ERR,ERR,ERR,ERR,ERR,ERR,ERR,ERR,ERR,ERR,ERR,ERR,ERR,ERR,ERR,ERR,ERR,ERR,ERR,ERR,ERR,ERR,ERR,ERR,ERR,ERR,ERR,ERR,ERR,ERR,ERR,ERR,ERR,ERR,ERR,ERR,ERR,ERR,ERR,ERR,ERR,ERR,ERR,ERR,ERR,ERR,ERR,ERR,ERR,ERR,ERR,ERR,ERR,ERR,ERR,ERR,ERR,ERR,ERR,ERR,ERR,ERR,ERR,ERR,ERR,ERR,ERR,ERR,ERR,ERR,ERR,ERR,ERR,ERR,ERR,ERR,ERR,ERR,ERR,ERR,ERR,ERR,ERR,ERR,ERR,ERR,ERR,0.0,0.0,-0.0,0.0,0.0,0.0,0.0,nan,0,0,0,32768,0,0.0,0,0.0,0.0,0.0,0.0,0.0,0,0,0,0,0.0,0,0,0,0,0,0,0,0,0,0,0,0,0,0,0,0,0,0,0,0,0,0,0,0,0,0,0,0,0,0,0,0,0,0,0,0,0,0,0,0,0,0,0,0,0.0,0.0,0.0,0.0,0.0,0.0,0.0,0.0,0.0,0.0,0.0,0.0,0.0,0.0,0.0,0.0,0.0,0.0,0.0,0.0,0.0,0.0,2.004,-0.0,0.0,-0.0,0.0,0.0,0.0,0.0,3367.5,0.0,0.0,-107615240.0,0.0,-0.0,2.7184274988523002e+23,0.0,0.0,0.0,0.0,0,-1.9056958870913024e+17,4.066828723919524e+29,0.0,0.0,0.0,0.0,0.0,0.0,0.0,0,0,0,0.0,0.0,0.0,0.0,0.0,0.0,0.0,0.0,0.0,0.0,0.0,0.0,0.0,0.0,0.0,0.0,0,-107875648.0,0,0.0,0,-107875648.0,-107877712.0,0,52429,17038,0,17053,26215,17037,0,0,0,110,100,100,0.0,64.0,0.0,64.9,-107615304.0,68.5,1,49,50,180,0,13107,0,0,0.0,0.0,0.0,0.0,0.0,65.5,0.0,-0.0,0.0,645,0,686,0,0,0,714,0,785,0,707,0,689,0,645,0,640,0,618,0.032,36700160.0,-0.0,0.0,23952,16789,0.0,9.732223996388528e+26,-0.0,558073.062,0.0,0.0,29.0,60.0,70,0.0,0.0,0.0,0.0,0.0,0.0,0.0,0.0,0.0,0.0,0.0,0.0,0.0,0.0,0.0,0.0,59.6,68,12,65509,41,65476,0,300,0,0,8,20529,65476,0,0,61604,60.0,0.0,0.0,0.0,0.0,0.0
2026-04-04T11:47:29,ERR,ERR,ERR,ERR,ERR,ERR,ERR,ERR,ERR,ERR,ERR,ERR,ERR,ERR,ERR,ERR,ERR,ERR,ERR,ERR,ERR,ERR,ERR,ERR,ERR,ERR,ERR,ERR,ERR,ERR,ERR,ERR,ERR,ERR,ERR,ERR,ERR,ERR,ERR,ERR,ERR,ERR,ERR,ERR,ERR,ERR,ERR,ERR,ERR,ERR,ERR,ERR,ERR,ERR,ERR,ERR,ERR,ERR,ERR,ERR,ERR,ERR,ERR,ERR,ERR,ERR,ERR,ERR,ERR,ERR,ERR,ERR,ERR,ERR,ERR,ERR,ERR,ERR,ERR,ERR,ERR,ERR,ERR,ERR,ERR,ERR,ERR,ERR,ERR,ERR,ERR,ERR,ERR,ERR,ERR,ERR,ERR,ERR,ERR,ERR,ERR,ERR,ERR,ERR,ERR,ERR,ERR,ERR,ERR,ERR,ERR,ERR,ERR,ERR,ERR,ERR,ERR,ERR,ERR,ERR,ERR,ERR,ERR,ERR,ERR,0.0,0.0,-0.0,0.0,0.0,0.0,0.0,nan,0,0,0,32768,0,0.0,0,0.0,0.0,0.0,0.0,0.0,0,0,0,0,0.0,0,0,0,0,0,0,0,0,0,0,0,0,0,0,0,0,0,0,0,0,0,0,0,0,0,0,0,0,0,0,0,0,0,0,0,0,0,0,0,0,0,0,0,0,0.0,0.0,0.0,0.0,0.0,0.0,0.0,0.0,0.0,0.0,0.0,0.0,0.0,0.0,0.0,0.0,0.0,0.0,0.0,0.0,0.0,0.0,2.004,-0.0,0.0,-0.0,0.0,0.0,0.0,0.0,3367.5,0.0,0.0,-107615240.0,0.0,-0.0,2.7184274988523002e+23,0.0,0.0,0.0,0.0,0,-1.9056958870913024e+17,4.066828723919524e+29,0.0,0.0,0.0,0.0,0.0,0.0,0.0,0,0,0,0.0,0.0,0.0,0.0,0.0,0.0,0.0,0.0,0.0,0.0,0.0,0.0,0.0,0.0,0.0,0.0,0,-107875648.0,0,0.0,0,-107875648.0,-107877712.0,0,52429,17038,0,17053,26215,17037,0,0,0,110,100,100,0.0,64.0,0.0,64.9,-107615304.0,68.5,1,49,50,180,0,13107,0,0,0.0,0.0,0.0,0.0,0.0,65.5,0.0,-0.0,0.0,645,0,686,0,0,0,714,0,785,0,707,0,689,0,645,0,640,0,618,0.032,36700160.0,-0.0,0.0,23952,16789,0.0,9.732223996388528e+26,-0.0,558073.062,0.0,0.0,29.0,60.0,70,0.0,0.0,0.0,0.0,0.0,0.0,0.0,0.0,0.0,0.0,0.0,0.0,0.0,0.0,0.0,0.0,59.6,68,12,65509,41,65476,0,300,0,0,8,20529,65476,0,0,61604,60.0,0.0,0.0,0.0,0.0,0.0
2026-04-04T11:47:30,ERR,ERR,ERR,ERR,ERR,ERR,ERR,ERR,ERR,ERR,ERR,ERR,ERR,ERR,ERR,ERR,ERR,ERR,ERR,ERR,ERR,ERR,ERR,ERR,ERR,ERR,ERR,ERR,ERR,ERR,ERR,ERR,ERR,ERR,ERR,ERR,ERR,ERR,ERR,ERR,ERR,ERR,ERR,ERR,ERR,ERR,ERR,ERR,ERR,ERR,ERR,ERR,ERR,ERR,ERR,ERR,ERR,ERR,ERR,ERR,ERR,ERR,ERR,ERR,ERR,ERR,ERR,ERR,ERR,ERR,ERR,ERR,ERR,ERR,ERR,ERR,ERR,ERR,ERR,ERR,ERR,ERR,ERR,ERR,ERR,ERR,ERR,ERR,ERR,ERR,ERR,ERR,ERR,ERR,ERR,ERR,ERR,ERR,ERR,ERR,ERR,ERR,ERR,ERR,ERR,ERR,ERR,ERR,ERR,ERR,ERR,ERR,ERR,ERR,ERR,ERR,ERR,ERR,ERR,ERR,ERR,ERR,ERR,ERR,ERR,-107615240.0,0.0,-117832800.0,0.0,0.0,0.0,0.0,nan,0,0,0,32768,0,0.0,0,0.0,0.0,0.0,0.0,0.0,0,0,0,0,0.0,0,0,0,0,0,0,0,0,0,0,0,0,0,0,0,0,0,0,0,0,0,0,0,0,0,0,0,0,0,0,0,0,0,0,0,0,0,0,0,0,0,0,0,0,0.0,0.0,0.0,0.0,0.0,0.0,0.0,0.0,0.0,0.0,0.0,0.0,0.0,0.0,0.0,0.0,0.0,0.0,0.0,0.0,0.0,0.0,2.004,-0.0,-2.004,-0.0,0.0,0.0,0.0,0.0,3353.5,-1.5879151860148276e+29,0.0,-107615240.0,0.0,-0.0,2.7184274988523002e+23,0.0,0.0,0.0,0.0,0,-4.0668755697950344e+29,1.9056745840535142e+17,0.0,0.0,0.0,0.0,0.0,0.0,0.0,0,0,0,0.0,0.0,0.0,0.0,0.0,0.0,0.0,0.0,0.0,0.0,0.0,0.0,0.0,0.0,0.0,0.0,0,-107875648.0,0,0.0,0,-107875648.0,0.0,0,52429,17038,0,17053,26215,17037,0,0,0,110,100,100,0.0,64.0,0.0,64.9,-107615304.0,68.5,1,49,50,180,0,13107,0,0,0.0,0.0,0.0,0.0,0.0,65.5,0.0,-0.0,0.0,645,0,686,0,0,0,714,0,785,0,707,0,689,0,645,0,640,0,618,0.032,36700160.0,-0.0,0.0,23952,16789,0.0,9.732223996388528e+26,-0.0,558073.062,0.0,0.0,29.0,60.0,70,0.0,0.0,0.0,0.0,0.0,0.0,0.0,0.0,0.0,0.0,0.0,0.0,0.0,0.0,0.0,0.0,59.6,68,12,65509,41,65476,0,300,0,0,8,20529,65476,0,0,61604,60.0,0.0,0.0,0.0,0.0,0.0
2026-04-04T11:47:31,ERR,ERR,ERR,ERR,ERR,ERR,ERR,ERR,ERR,ERR,ERR,ERR,ERR,ERR,ERR,ERR,ERR,ERR,ERR,ERR,ERR,ERR,ERR,ERR,ERR,ERR,ERR,ERR,ERR,ERR,ERR,ERR,ERR,ERR,ERR,ERR,ERR,ERR,ERR,ERR,ERR,ERR,ERR,ERR,ERR,ERR,ERR,ERR,ERR,ERR,ERR,ERR,ERR,ERR,ERR,ERR,ERR,ERR,ERR,ERR,ERR,ERR,ERR,ERR,ERR,ERR,ERR,ERR,ERR,ERR,ERR,ERR,ERR,ERR,ERR,ERR,ERR,ERR,ERR,ERR,ERR,ERR,ERR,ERR,ERR,ERR,ERR,ERR,ERR,ERR,ERR,ERR,ERR,ERR,ERR,ERR,ERR,ERR,ERR,ERR,ERR,ERR,ERR,ERR,ERR,ERR,ERR,ERR,ERR,ERR,ERR,ERR,ERR,ERR,ERR,ERR,ERR,ERR,ERR,ERR,ERR,ERR,ERR,ERR,ERR,-107615240.0,0.0,-117832800.0,0.0,0.0,0.0,0.0,nan,0,0,0,32768,0,0.0,0,0.0,0.0,0.0,0.0,0.0,0,0,0,0,0.0,0,0,0,0,0,0,0,0,0,0,0,0,0,0,0,0,0,0,0,0,0,0,0,0,0,0,0,0,0,0,0,0,0,0,0,0,0,0,0,0,0,0,0,0,0.0,0.0,0.0,0.0,0.0,0.0,0.0,0.0,0.0,0.0,0.0,0.0,0.0,0.0,0.0,0.0,0.0,0.0,0.0,0.0,0.0,0.0,2.004,-0.0,-2.004,-0.0,0.0,0.0,0.0,0.0,3353.5,-1.5879151860148276e+29,0.0,-107615240.0,0.0,-0.0,2.7184274988523002e+23,0.0,0.0,0.0,0.0,0,-4.0668755697950344e+29,1.9056745840535142e+17,0.0,0.0,0.0,0.0,0.0,0.0,0.0,0,0,0,0.0,0.0,0.0,0.0,0.0,0.0,0.0,0.0,0.0,0.0,0.0,0.0,0.0,0.0,0.0,0.0,0,-107875648.0,0,0.0,0,-107875648.0,0.0,0,39322,17038,0,17053,26215,17037,0,0,0,110,100,100,0.0,64.0,0.0,64.9,-107615304.0,68.5,1,49,50,180,0,13107,0,0,0.0,0.0,0.0,0.0,0.0,65.5,0.0,-9.954,0.0,645,0,686,0,0,0,713,0,785,0,707,0,688,0,645,0,640,0,618,0.032,36700160.0,-0.0,0.0,19088,16789,0.0,-9.954,-1.3641361523658088e+38,-0.0,1.792328450647871e+26,4.0967637369411365e+36,29.0,60.0,70,0.0,0.0,0.0,0.0,0.0,0.0,0.0,0.0,0.0,0.0,0.0,0.0,0.0,0.0,0.0,0.0,59.2,68,12,65509,41,65476,0,300,0,0,8,20529,65476,0,0,61604,60.0,0.0,0.0,0.0,0.0,0.0
2026-04-04T11:47:32,ERR,ERR,ERR,ERR,ERR,ERR,ERR,ERR,ERR,ERR,ERR,ERR,ERR,ERR,ERR,ERR,ERR,ERR,ERR,ERR,ERR,ERR,ERR,ERR,ERR,ERR,ERR,ERR,ERR,ERR,ERR,ERR,ERR,ERR,ERR,ERR,ERR,ERR,ERR,ERR,ERR,ERR,ERR,ERR,ERR,ERR,ERR,ERR,ERR,ERR,ERR,ERR,ERR,ERR,ERR,ERR,ERR,ERR,ERR,ERR,ERR,ERR,ERR,ERR,ERR,ERR,ERR,ERR,ERR,ERR,ERR,ERR,ERR,ERR,ERR,ERR,ERR,ERR,ERR,ERR,ERR,ERR,ERR,ERR,ERR,ERR,ERR,ERR,ERR,ERR,ERR,ERR,ERR,ERR,ERR,ERR,ERR,ERR,ERR,ERR,ERR,ERR,ERR,ERR,ERR,ERR,ERR,ERR,ERR,ERR,ERR,ERR,ERR,ERR,ERR,ERR,ERR,ERR,ERR,ERR,ERR,ERR,ERR,ERR,ERR,-107615240.0,0.0,-117832800.0,0.0,0.0,0.0,0.0,nan,0,0,0,32768,0,0.0,0,0.0,0.0,0.0,0.0,0.0,0,0,0,0,0.0,0,0,0,0,0,0,0,0,0,0,0,0,0,0,0,0,0,0,0,0,0,0,0,0,0,0,0,0,0,0,0,0,0,0,0,0,0,0,0,0,0,0,0,0,0.0,0.0,0.0,0.0,0.0,0.0,0.0,0.0,0.0,0.0,0.0,0.0,0.0,0.0,0.0,0.0,0.0,0.0,0.0,0.0,0.0,0.0,2.004,-0.0,-2.004,-0.0,0.0,0.0,0.0,0.0,3353.5,-1.5879151860148276e+29,0.0,-107615240.0,0.0,-0.0,2.7184274988523002e+23,0.0,0.0,0.0,0.0,0,-4.0668755697950344e+29,1.9056745840535142e+17,0.0,0.0,0.0,0.0,0.0,0.0,0.0,0,0,0,0.0,0.0,0.0,0.0,0.0,0.0,0.0,0.0,0.0,0.0,0.0,0.0,0.0,0.0,0.0,0.0,0,-107875648.0,0,0.0,0,-107875648.0,0.0,0,39322,17038,0,17053,26215,17037,0,0,0,110,100,100,0.0,64.0,0.0,64.9,-107615304.0,68.5,1,49,50,180,0,13107,0,0,0.0,0.0,0.0,0.0,0.0,65.5,0.0,-9.954,0.0,645,0,686,0,0,0,713,0,785,0,707,0,688,0,645,0,640,0,618,0.032,36700160.0,-0.0,0.0,19088,16789,0.0,-9.954,-1.3641361523658088e+38,-0.0,1.792328450647871e+26,4.0967637369411365e+36,29.0,60.0,70,0.0,0.0,0.0,0.0,0.0,0.0,0.0,0.0,0.0,0.0,0.0,0.0,0.0,0.0,0.0,0.0,59.2,68,12,65509,41,65476,0,300,0,0,8,20529,65476,0,0,61604,60.0,0.0,0.0,0.0,0.0,0.0
2026-04-04T11:47:33,ERR,ERR,ERR,ERR,ERR,ERR,ERR,ERR,ERR,ERR,ERR,ERR,ERR,ERR,ERR,ERR,ERR,ERR,ERR,ERR,ERR,ERR,ERR,ERR,ERR,ERR,ERR,ERR,ERR,ERR,ERR,ERR,ERR,ERR,ERR,ERR,ERR,ERR,ERR,ERR,ERR,ERR,ERR,ERR,ERR,ERR,ERR,ERR,ERR,ERR,ERR,ERR,ERR,ERR,ERR,ERR,ERR,ERR,ERR,ERR,ERR,ERR,ERR,ERR,ERR,ERR,ERR,ERR,ERR,ERR,ERR,ERR,ERR,ERR,ERR,ERR,ERR,ERR,ERR,ERR,ERR,ERR,ERR,ERR,ERR,ERR,ERR,ERR,ERR,ERR,ERR,ERR,ERR,ERR,ERR,ERR,ERR,ERR,ERR,ERR,ERR,ERR,ERR,ERR,ERR,ERR,ERR,ERR,ERR,ERR,ERR,ERR,ERR,ERR,ERR,ERR,ERR,ERR,ERR,ERR,ERR,ERR,ERR,ERR,ERR,-107615240.0,0.0,-117832800.0,0.0,0.0,0.0,0.0,nan,0,0,0,32768,0,0.0,0,0.0,0.0,0.0,0.0,0.0,0,0,0,0,0.0,0,0,0,0,0,0,0,0,0,0,0,0,0,0,0,0,0,0,0,0,0,0,0,0,0,0,0,0,0,0,0,0,0,0,0,0,0,0,0,0,0,0,0,0,0.0,0.0,0.0,0.0,0.0,0.0,0.0,0.0,0.0,0.0,0.0,0.0,0.0,0.0,0.0,0.0,0.0,0.0,0.0,0.0,0.0,0.0,2.004,-0.0,-2.004,-0.0,0.0,0.0,0.0,0.0,3353.5,-1.5879151860148276e+29,0.0,-107615240.0,0.0,-0.0,2.7184274988523002e+23,0.0,0.0,0.0,0.0,0,-4.0668755697950344e+29,1.9056745840535142e+17,0.0,0.0,0.0,0.0,0.0,0.0,0.0,0,0,0,0.0,0.0,0.0,0.0,0.0,0.0,0.0,0.0,0.0,0.0,0.0,0.0,0.0,0.0,0.0,0.0,0,-107875648.0,0,0.0,0,-107875648.0,0.0,0,39322,17038,0,17053,26215,17037,0,0,0,110,100,100,0.0,64.0,0.0,64.9,-107615304.0,68.5,1,49,50,180,0,13107,0,0,0.0,0.0,0.0,0.0,0.0,65.5,0.0,-9.954,0.0,645,0,686,0,0,0,713,0,785,0,707,0,688,0,645,0,640,0,618,0.032,36700160.0,-0.0,0.0,19088,16789,0.0,-9.954,-1.3641361523658088e+38,-0.0,1.792328450647871e+26,4.0967637369411365e+36,29.0,60.0,70,0.0,0.0,0.0,0.0,0.0,0.0,0.0,0.0,0.0,0.0,0.0,0.0,0.0,0.0,0.0,0.0,59.2,68,12,65509,41,65476,0,300,0,0,8,20529,65476,0,0,61604,60.0,0.0,0.0,0.0,0.0,0.0
2026-04-04T11:47:34,ERR,ERR,ERR,ERR,ERR,ERR,ERR,ERR,ERR,ERR,ERR,ERR,ERR,ERR,ERR,ERR,ERR,ERR,ERR,ERR,ERR,ERR,ERR,ERR,ERR,ERR,ERR,ERR,ERR,ERR,ERR,ERR,ERR,ERR,ERR,ERR,ERR,ERR,ERR,ERR,ERR,ERR,ERR,ERR,ERR,ERR,ERR,ERR,ERR,ERR,ERR,ERR,ERR,ERR,ERR,ERR,ERR,ERR,ERR,ERR,ERR,ERR,ERR,ERR,ERR,ERR,ERR,ERR,ERR,ERR,ERR,ERR,ERR,ERR,ERR,ERR,ERR,ERR,ERR,ERR,ERR,ERR,ERR,ERR,ERR,ERR,ERR,ERR,ERR,ERR,ERR,ERR,ERR,ERR,ERR,ERR,ERR,ERR,ERR,ERR,ERR,ERR,ERR,ERR,ERR,ERR,ERR,ERR,ERR,ERR,ERR,ERR,ERR,ERR,ERR,ERR,ERR,ERR,ERR,ERR,ERR,ERR,ERR,ERR,ERR,-107615240.0,0.0,-117832800.0,0.0,0.0,0.0,0.0,nan,0,0,0,32768,0,0.0,0,0.0,0.0,0.0,0.0,0.0,0,0,0,0,0.0,0,0,0,0,0,0,0,0,0,0,0,0,0,0,0,0,0,0,0,0,0,0,0,0,0,0,0,0,0,0,0,0,0,0,0,0,0,0,0,0,0,0,0,0,0.0,0.0,0.0,0.0,0.0,0.0,0.0,0.0,0.0,0.0,0.0,0.0,0.0,0.0,0.0,0.0,0.0,0.0,0.0,0.0,0.0,0.0,2.004,-0.0,-2.004,-0.0,0.0,0.0,0.0,0.0,3353.5,-1.5879151860148276e+29,0.0,-107615240.0,0.0,-0.0,2.7184274988523002e+23,0.0,0.0,0.0,0.0,0,-4.0668755697950344e+29,1.9056745840535142e+17,0.0,0.0,0.0,0.0,0.0,0.0,0.0,0,0,0,0.0,0.0,0.0,0.0,0.0,0.0,0.0,0.0,0.0,0.0,0.0,0.0,0.0,0.0,0.0,0.0,0,-107875648.0,0,0.0,0,-107875648.0,0.0,0,39322,17038,0,17053,26215,17037,0,0,0,110,100,100,0.0,64.0,0.0,64.9,-107615304.0,68.5,1,49,50,180,0,13107,0,0,0.0,0.0,0.0,0.0,0.0,65.5,0.0,-9.954,0.0,645,0,686,0,0,0,713,0,785,0,707,0,688,0,645,0,640,0,618,0.032,36700160.0,-0.0,0.0,19088,16789,0.0,-9.954,-1.3641361523658088e+38,-0.0,1.792328450647871e+26,4.0967637369411365e+36,29.0,60.0,70,0.0,0.0,0.0,0.0,0.0,0.0,0.0,0.0,0.0,0.0,0.0,0.0,0.0,0.0,0.0,0.0,59.2,68,12,65509,41,65476,0,300,0,0,8,20529,65476,0,0,61604,60.0,0.0,0.0,0.0,0.0,0.0
2026-04-04T11:47:35,ERR,ERR,ERR,ERR,ERR,ERR,ERR,ERR,ERR,ERR,ERR,ERR,ERR,ERR,ERR,ERR,ERR,ERR,ERR,ERR,ERR,ERR,ERR,ERR,ERR,ERR,ERR,ERR,ERR,ERR,ERR,ERR,ERR,ERR,ERR,ERR,ERR,ERR,ERR,ERR,ERR,ERR,ERR,ERR,ERR,ERR,ERR,ERR,ERR,ERR,ERR,ERR,ERR,ERR,ERR,ERR,ERR,ERR,ERR,ERR,ERR,ERR,ERR,ERR,ERR,ERR,ERR,ERR,ERR,ERR,ERR,ERR,ERR,ERR,ERR,ERR,ERR,ERR,ERR,ERR,ERR,ERR,ERR,ERR,ERR,ERR,ERR,ERR,ERR,ERR,ERR,ERR,ERR,ERR,ERR,ERR,ERR,ERR,ERR,ERR,ERR,ERR,ERR,ERR,ERR,ERR,ERR,ERR,ERR,ERR,ERR,ERR,ERR,ERR,ERR,ERR,ERR,ERR,ERR,ERR,ERR,ERR,ERR,ERR,ERR,-107615240.0,0.0,-117832800.0,0.0,0.0,0.0,0.0,nan,0,0,0,32768,0,0.0,0,0.0,0.0,0.0,0.0,0.0,0,0,0,0,0.0,0,0,0,0,0,0,0,0,0,0,0,0,0,0,0,0,0,0,0,0,0,0,0,0,0,0,0,0,0,0,0,0,0,0,0,0,0,0,0,0,0,0,0,0,0.0,0.0,0.0,0.0,0.0,0.0,0.0,0.0,0.0,0.0,0.0,0.0,0.0,0.0,0.0,0.0,0.0,0.0,0.0,0.0,0.0,0.0,2.004,-0.0,-2.004,-0.0,0.0,0.0,0.0,0.0,3353.5,-1.5879151860148276e+29,0.0,-107615240.0,0.0,-0.0,2.7184274988523002e+23,0.0,0.0,0.0,0.0,0,-4.0668755697950344e+29,1.9056745840535142e+17,0.0,0.0,0.0,0.0,0.0,0.0,0.0,0,0,0,0.0,0.0,0.0,0.0,0.0,0.0,0.0,0.0,0.0,0.0,0.0,0.0,0.0,0.0,0.0,0.0,0,-107875648.0,0,0.0,0,-107875648.0,0.0,0,39322,17038,0,17053,26215,17037,0,0,0,110,100,100,0.0,64.0,0.0,64.9,-107615304.0,68.5,1,49,50,180,0,13107,0,0,0.0,0.0,0.0,0.0,0.0,65.5,0.0,-9.954,0.0,645,0,686,0,0,0,713,0,785,0,707,0,688,0,645,0,640,0,618,0.032,36700160.0,-0.0,0.0,19088,16789,0.0,-9.954,-1.3641361523658088e+38,-0.0,1.792328450647871e+26,4.0967637369411365e+36,29.0,60.0,70,0.0,0.0,0.0,0.0,0.0,0.0,0.0,0.0,0.0,0.0,0.0,0.0,0.0,0.0,0.0,0.0,59.2,68,12,65509,41,65476,0,300,0,0,8,20529,65476,0,0,61604,60.0,0.0,0.0,0.0,0.0,0.0
2026-04-04T11:47:36,ERR,ERR,ERR,ERR,ERR,ERR,ERR,ERR,ERR,ERR,ERR,ERR,ERR,ERR,ERR,ERR,ERR,ERR,ERR,ERR,ERR,ERR,ERR,ERR,ERR,ERR,ERR,ERR,ERR,ERR,ERR,ERR,ERR,ERR,ERR,ERR,ERR,ERR,ERR,ERR,ERR,ERR,ERR,ERR,ERR,ERR,ERR,ERR,ERR,ERR,ERR,ERR,ERR,ERR,ERR,ERR,ERR,ERR,ERR,ERR,ERR,ERR,ERR,ERR,ERR,ERR,ERR,ERR,ERR,ERR,ERR,ERR,ERR,ERR,ERR,ERR,ERR,ERR,ERR,ERR,ERR,ERR,ERR,ERR,ERR,ERR,ERR,ERR,ERR,ERR,ERR,ERR,ERR,ERR,ERR,ERR,ERR,ERR,ERR,ERR,ERR,ERR,ERR,ERR,ERR,ERR,ERR,ERR,ERR,ERR,ERR,ERR,ERR,ERR,ERR,ERR,ERR,ERR,ERR,ERR,ERR,ERR,ERR,ERR,ERR,-107615240.0,0.0,-117832800.0,0.0,0.0,0.0,0.0,nan,0,0,0,32768,0,0.0,0,0.0,0.0,0.0,0.0,0.0,0,0,0,0,0.0,0,0,0,0,0,0,0,0,0,0,0,0,0,0,0,0,0,0,0,0,0,0,0,0,0,0,0,0,0,0,0,0,0,0,0,0,0,0,0,0,0,0,0,0,0.0,0.0,0.0,0.0,0.0,0.0,0.0,0.0,0.0,0.0,0.0,0.0,0.0,0.0,0.0,0.0,0.0,0.0,0.0,0.0,0.0,0.0,2.004,-0.0,-2.004,-0.0,0.0,0.0,0.0,0.0,3353.5,-1.5879151860148276e+29,0.0,-107615240.0,0.0,-0.0,2.7184274988523002e+23,0.0,0.0,0.0,0.0,0,-4.0668755697950344e+29,1.9056745840535142e+17,0.0,0.0,0.0,0.0,0.0,0.0,0.0,0,0,0,0.0,0.0,0.0,0.0,0.0,0.0,0.0,0.0,0.0,0.0,0.0,0.0,0.0,0.0,0.0,0.0,0,-107875648.0,0,0.0,0,-107875648.0,0.0,0,52429,17038,0,17053,26215,17037,0,0,0,110,100,100,0.0,64.0,0.0,64.9,-107615304.0,68.5,1,49,50,180,0,13107,0,0,0.0,0.0,0.0,0.0,0.0,65.5,0.0,-0.0,0.0,645,0,686,0,0,0,713,0,785,0,707,0,689,0,645,0,640,0,618,0.032,36700160.0,-0.0,0.0,4240,16789,0.0,-0.0,-0.0,0.0,0.0,0.0,29.0,60.0,70,0.0,0.0,0.0,0.0,0.0,0.0,0.0,0.0,0.0,0.0,0.0,0.0,0.0,0.0,0.0,0.0,59.2,68,12,65509,41,65476,0,300,0,0,8,20529,65476,0,0,61604,60.0,0.0,0.0,0.0,0.0,0.0
2026-04-04T11:47:37,ERR,ERR,ERR,ERR,ERR,ERR,ERR,ERR,ERR,ERR,ERR,ERR,ERR,ERR,ERR,ERR,ERR,ERR,ERR,ERR,ERR,ERR,ERR,ERR,ERR,ERR,ERR,ERR,ERR,ERR,ERR,ERR,ERR,ERR,ERR,ERR,ERR,ERR,ERR,ERR,ERR,ERR,ERR,ERR,ERR,ERR,ERR,ERR,ERR,ERR,ERR,ERR,ERR,ERR,ERR,ERR,ERR,ERR,ERR,ERR,ERR,ERR,ERR,ERR,ERR,ERR,ERR,ERR,ERR,ERR,ERR,ERR,ERR,ERR,ERR,ERR,ERR,ERR,ERR,ERR,ERR,ERR,ERR,ERR,ERR,ERR,ERR,ERR,ERR,ERR,ERR,ERR,ERR,ERR,ERR,ERR,ERR,ERR,ERR,ERR,ERR,ERR,ERR,ERR,ERR,ERR,ERR,ERR,ERR,ERR,ERR,ERR,ERR,ERR,ERR,ERR,ERR,ERR,ERR,ERR,ERR,ERR,ERR,ERR,ERR,-107615240.0,0.0,-117832800.0,0.0,0.0,0.0,0.0,nan,0,0,0,32768,0,0.0,0,0.0,0.0,0.0,0.0,0.0,0,0,0,0,0.0,0,0,0,0,0,0,0,0,0,0,0,0,0,0,0,0,0,0,0,0,0,0,0,0,0,0,0,0,0,0,0,0,0,0,0,0,0,0,0,0,0,0,0,0,0.0,0.0,0.0,0.0,0.0,0.0,0.0,0.0,0.0,0.0,0.0,0.0,0.0,0.0,0.0,0.0,0.0,0.0,0.0,0.0,0.0,0.0,2.004,-0.0,-2.004,-0.0,0.0,0.0,0.0,0.0,3356.0,-3.697153148275864e+19,0.0,0.0,0.0,-107615232.0,2.7184274988523002e+23,0.0,0.0,0.0,0.0,0,0.0,126839996416.0,0.0,0.0,0.0,0.0,0.0,0.0,0.0,0,0,0,0.0,0.0,0.0,0.0,0.0,0.0,0.0,0.0,0.0,0.0,0.0,0.0,0.0,0.0,0.0,0.0,0,-107875648.0,0,0.0,0,-107875648.0,-107877712.0,0,52429,17038,0,17053,26215,17037,0,0,0,110,100,100,0.0,64.0,0.0,64.9,-107615304.0,68.5,1,49,50,180,0,13107,0,0,0.0,0.0,0.0,0.0,0.0,65.5,0.0,-0.0,0.0,645,0,686,0,0,0,713,0,785,0,707,0,689,0,645,0,640,0,618,0.032,36700160.0,-0.0,0.0,4240,16789,0.0,-0.0,-0.0,0.0,0.0,0.0,29.0,60.0,70,0.0,0.0,0.0,0.0,0.0,0.0,0.0,0.0,0.0,0.0,0.0,0.0,0.0,0.0,0.0,0.0,59.2,68,12,65509,41,65476,0,300,0,0,8,20529,65476,0,0,61604,60.0,0.0,0.0,0.0,0.0,0.0
2026-04-04T11:47:38,ERR,ERR,ERR,ERR,ERR,ERR,ERR,ERR,ERR,ERR,ERR,ERR,ERR,ERR,ERR,ERR,ERR,ERR,ERR,ERR,ERR,ERR,ERR,ERR,ERR,ERR,ERR,ERR,ERR,ERR,ERR,ERR,ERR,ERR,ERR,ERR,ERR,ERR,ERR,ERR,ERR,ERR,ERR,ERR,ERR,ERR,ERR,ERR,ERR,ERR,ERR,ERR,ERR,ERR,ERR,ERR,ERR,ERR,ERR,ERR,ERR,ERR,ERR,ERR,ERR,ERR,ERR,ERR,ERR,ERR,ERR,ERR,ERR,ERR,ERR,ERR,ERR,ERR,ERR,ERR,ERR,ERR,ERR,ERR,ERR,ERR,ERR,ERR,ERR,ERR,ERR,ERR,ERR,ERR,ERR,ERR,ERR,ERR,ERR,ERR,ERR,ERR,ERR,ERR,ERR,ERR,ERR,ERR,ERR,ERR,ERR,ERR,ERR,ERR,ERR,ERR,ERR,ERR,ERR,ERR,ERR,ERR,ERR,ERR,ERR,-107615240.0,0.0,-117832800.0,0.0,0.0,0.0,0.0,nan,0,0,0,32768,0,0.0,0,0.0,0.0,0.0,0.0,0.0,0,0,0,0,0.0,0,0,0,0,0,0,0,0,0,0,0,0,0,0,0,0,0,0,0,0,0,0,0,0,0,0,0,0,0,0,0,0,0,0,0,0,0,0,0,0,0,0,0,0,0.0,0.0,0.0,0.0,0.0,0.0,0.0,0.0,0.0,0.0,0.0,0.0,0.0,0.0,0.0,0.0,0.0,0.0,0.0,0.0,0.0,0.0,2.004,-0.0,-2.004,-0.0,0.0,0.0,0.0,0.0,3356.0,-3.697153148275864e+19,0.0,0.0,0.0,-107615232.0,2.7184274988523002e+23,0.0,0.0,0.0,0.0,0,0.0,126839996416.0,0.0,0.0,0.0,0.0,0.0,0.0,0.0,0,0,0,0.0,0.0,0.0,0.0,0.0,0.0,0.0,0.0,0.0,0.0,0.0,0.0,0.0,0.0,0.0,0.0,0,-107875648.0,0,0.0,0,-107875648.0,-107877712.0,0,52429,17038,0,17053,26215,17037,0,0,0,110,100,100,0.0,64.0,0.0,64.9,-107615304.0,68.5,1,49,50,180,0,13107,0,0,0.0,0.0,0.0,0.0,0.0,65.5,0.0,-0.0,0.0,645,0,686,0,0,0,713,0,785,0,707,0,689,0,645,0,640,0,618,0.032,36700160.0,-0.0,0.0,4240,16789,0.0,-0.0,-0.0,0.0,0.0,0.0,29.0,60.0,70,0.0,0.0,0.0,0.0,0.0,0.0,0.0,0.0,0.0,0.0,0.0,0.0,0.0,0.0,0.0,0.0,59.2,68,12,65509,41,65476,0,300,0,0,8,20529,65476,0,0,61604,60.0,0.0,0.0,0.0,0.0,0.0
2026-04-04T11:47:39,ERR,ERR,ERR,ERR,ERR,ERR,ERR,ERR,ERR,ERR,ERR,ERR,ERR,ERR,ERR,ERR,ERR,ERR,ERR,ERR,ERR,ERR,ERR,ERR,ERR,ERR,ERR,ERR,ERR,ERR,ERR,ERR,ERR,ERR,ERR,ERR,ERR,ERR,ERR,ERR,ERR,ERR,ERR,ERR,ERR,ERR,ERR,ERR,ERR,ERR,ERR,ERR,ERR,ERR,ERR,ERR,ERR,ERR,ERR,ERR,ERR,ERR,ERR,ERR,ERR,ERR,ERR,ERR,ERR,ERR,ERR,ERR,ERR,ERR,ERR,ERR,ERR,ERR,ERR,ERR,ERR,ERR,ERR,ERR,ERR,ERR,ERR,ERR,ERR,ERR,ERR,ERR,ERR,ERR,ERR,ERR,ERR,ERR,ERR,ERR,ERR,ERR,ERR,ERR,ERR,ERR,ERR,ERR,ERR,ERR,ERR,ERR,ERR,ERR,ERR,ERR,ERR,ERR,ERR,ERR,ERR,ERR,ERR,ERR,ERR,-107615240.0,0.0,-117832800.0,0.0,0.0,0.0,0.0,nan,0,0,0,32768,0,0.0,0,0.0,0.0,0.0,0.0,0.0,0,0,0,0,0.0,0,0,0,0,0,0,0,0,0,0,0,0,0,0,0,0,0,0,0,0,0,0,0,0,0,0,0,0,0,0,0,0,0,0,0,0,0,0,0,0,0,0,0,0,0.0,0.0,0.0,0.0,0.0,0.0,0.0,0.0,0.0,0.0,0.0,0.0,0.0,0.0,0.0,0.0,0.0,0.0,0.0,0.0,0.0,0.0,2.004,-0.0,-2.004,-0.0,0.0,0.0,0.0,0.0,3356.0,-3.697153148275864e+19,0.0,0.0,0.0,-107615232.0,2.7184274988523002e+23,0.0,0.0,0.0,0.0,0,0.0,126839996416.0,0.0,0.0,0.0,0.0,0.0,0.0,0.0,0,0,0,0.0,0.0,0.0,0.0,0.0,0.0,0.0,0.0,0.0,0.0,0.0,0.0,0.0,0.0,0.0,0.0,0,-107875648.0,0,0.0,0,-107875648.0,-107877712.0,0,52429,17038,0,17053,26215,17037,0,0,0,110,100,100,0.0,64.0,0.0,64.9,-107615304.0,68.5,1,49,50,180,0,13107,0,0,0.0,0.0,0.0,0.0,0.0,65.5,0.0,-0.0,0.0,645,0,686,0,0,0,713,0,785,0,707,0,689,0,645,0,640,0,618,0.032,36700160.0,-0.0,0.0,4240,16789,0.0,-0.0,-0.0,0.0,0.0,0.0,29.0,60.0,70,0.0,0.0,0.0,0.0,0.0,0.0,0.0,0.0,0.0,0.0,0.0,0.0,0.0,0.0,0.0,0.0,59.2,68,12,65509,41,65476,0,300,0,0,8,20529,65476,0,0,61604,60.0,0.0,0.0,0.0,0.0,0.0
2026-04-04T11:47:40,ERR,ERR,ERR,ERR,ERR,ERR,ERR,ERR,ERR,ERR,ERR,ERR,ERR,ERR,ERR,ERR,ERR,ERR,ERR,ERR,ERR,ERR,ERR,ERR,ERR,ERR,ERR,ERR,ERR,ERR,ERR,ERR,ERR,ERR,ERR,ERR,ERR,ERR,ERR,ERR,ERR,ERR,ERR,ERR,ERR,ERR,ERR,ERR,ERR,ERR,ERR,ERR,ERR,ERR,ERR,ERR,ERR,ERR,ERR,ERR,ERR,ERR,ERR,ERR,ERR,ERR,ERR,ERR,ERR,ERR,ERR,ERR,ERR,ERR,ERR,ERR,ERR,ERR,ERR,ERR,ERR,ERR,ERR,ERR,ERR,ERR,ERR,ERR,ERR,ERR,ERR,ERR,ERR,ERR,ERR,ERR,ERR,ERR,ERR,ERR,ERR,ERR,ERR,ERR,ERR,ERR,ERR,ERR,ERR,ERR,ERR,ERR,ERR,ERR,ERR,ERR,ERR,ERR,ERR,ERR,ERR,ERR,ERR,ERR,ERR,-107615240.0,0.0,-117832800.0,0.0,0.0,0.0,0.0,nan,0,0,0,32768,0,0.0,0,0.0,0.0,0.0,0.0,0.0,0,0,0,0,0.0,0,0,0,0,0,0,0,0,0,0,0,0,0,0,0,0,0,0,0,0,0,0,0,0,0,0,0,0,0,0,0,0,0,0,0,0,0,0,0,0,0,0,0,0,0.0,0.0,0.0,0.0,0.0,0.0,0.0,0.0,0.0,0.0,0.0,0.0,0.0,0.0,0.0,0.0,0.0,0.0,0.0,0.0,0.0,0.0,2.004,-0.0,-2.004,-0.0,0.0,0.0,0.0,0.0,3356.0,-3.697153148275864e+19,0.0,0.0,0.0,-107615232.0,2.7184274988523002e+23,0.0,0.0,0.0,0.0,0,0.0,126839996416.0,0.0,0.0,0.0,0.0,0.0,0.0,0.0,0,0,0,0.0,0.0,0.0,0.0,0.0,0.0,0.0,0.0,0.0,0.0,0.0,0.0,0.0,0.0,0.0,0.0,0,-107875648.0,0,0.0,0,-107875648.0,-107877712.0,0,52429,17038,0,17053,26215,17037,0,0,0,110,100,100,0.0,64.0,0.0,64.9,-107615304.0,68.5,1,49,50,180,0,13107,0,0,0.0,0.0,0.0,0.0,0.0,65.5,0.0,-0.0,0.0,645,0,686,0,0,0,713,0,785,0,707,0,689,0,645,0,640,0,618,0.032,36700160.0,-0.0,0.0,4240,16789,0.0,-0.0,-0.0,0.0,0.0,0.0,29.0,60.0,70,0.0,0.0,0.0,0.0,0.0,0.0,0.0,0.0,0.0,0.0,0.0,0.0,0.0,0.0,0.0,0.0,59.2,68,12,65509,41,65476,0,300,0,0,8,20529,65476,0,0,61604,60.0,0.0,0.0,0.0,0.0,0.0
2026-04-04T11:47:41,ERR,ERR,ERR,ERR,ERR,ERR,ERR,ERR,ERR,ERR,ERR,ERR,ERR,ERR,ERR,ERR,ERR,ERR,ERR,ERR,ERR,ERR,ERR,ERR,ERR,ERR,ERR,ERR,ERR,ERR,ERR,ERR,ERR,ERR,ERR,ERR,ERR,ERR,ERR,ERR,ERR,ERR,ERR,ERR,ERR,ERR,ERR,ERR,ERR,ERR,ERR,ERR,ERR,ERR,ERR,ERR,ERR,ERR,ERR,ERR,ERR,ERR,ERR,ERR,ERR,ERR,ERR,ERR,ERR,ERR,ERR,ERR,ERR,ERR,ERR,ERR,ERR,ERR,ERR,ERR,ERR,ERR,ERR,ERR,ERR,ERR,ERR,ERR,ERR,ERR,ERR,ERR,ERR,ERR,ERR,ERR,ERR,ERR,ERR,ERR,ERR,ERR,ERR,ERR,ERR,ERR,ERR,ERR,ERR,ERR,ERR,ERR,ERR,ERR,ERR,ERR,ERR,ERR,ERR,ERR,ERR,ERR,ERR,ERR,ERR,-107615240.0,0.0,-117832800.0,0.0,0.0,0.0,0.0,nan,0,0,0,32768,0,0.0,0,0.0,0.0,0.0,0.0,0.0,0,0,0,0,0.0,0,0,0,0,0,0,0,0,0,0,0,0,0,0,0,0,0,0,0,0,0,0,0,0,0,0,0,0,0,0,0,0,0,0,0,0,0,0,0,0,0,0,0,0,0.0,0.0,0.0,0.0,0.0,0.0,0.0,0.0,0.0,0.0,0.0,0.0,0.0,0.0,0.0,0.0,0.0,0.0,0.0,0.0,0.0,0.0,2.004,-0.0,-2.004,-0.0,0.0,0.0,0.0,0.0,3356.0,-3.697153148275864e+19,0.0,0.0,0.0,-107615232.0,2.7184274988523002e+23,0.0,0.0,0.0,0.0,0,0.0,126839996416.0,0.0,0.0,0.0,0.0,0.0,0.0,0.0,0,0,0,0.0,0.0,0.0,0.0,0.0,0.0,0.0,0.0,0.0,0.0,0.0,0.0,0.0,0.0,0.0,0.0,0,-107875648.0,0,0.0,0,-107875648.0,-107877712.0,0,52429,17038,0,17053,26215,17037,0,0,0,110,100,100,0.0,64.0,0.0,64.9,-107615304.0,68.5,1,49,50,180,0,13107,0,0,0.0,0.0,0.0,0.0,0.0,65.5,0.0,-0.0,0.0,645,0,686,0,0,0,713,0,785,0,707,0,689,0,645,0,640,0,618,0.032,36700160.0,-0.0,0.0,4240,16789,0.0,-0.0,-0.0,0.0,0.0,0.0,29.0,60.0,70,0.0,0.0,0.0,0.0,0.0,0.0,0.0,0.0,0.0,0.0,0.0,0.0,0.0,0.0,0.0,0.0,59.2,68,12,65509,41,65476,0,300,0,0,8,20529,65476,0,0,61604,60.0,0.0,0.0,0.0,0.0,0.0
2026-04-04T11:47:42,ERR,ERR,ERR,ERR,ERR,ERR,ERR,ERR,ERR,ERR,ERR,ERR,ERR,ERR,ERR,ERR,ERR,ERR,ERR,ERR,ERR,ERR,ERR,ERR,ERR,ERR,ERR,ERR,ERR,ERR,ERR,ERR,ERR,ERR,ERR,ERR,ERR,ERR,ERR,ERR,ERR,ERR,ERR,ERR,ERR,ERR,ERR,ERR,ERR,ERR,ERR,ERR,ERR,ERR,ERR,ERR,ERR,ERR,ERR,ERR,ERR,ERR,ERR,ERR,ERR,ERR,ERR,ERR,ERR,ERR,ERR,ERR,ERR,ERR,ERR,ERR,ERR,ERR,ERR,ERR,ERR,ERR,ERR,ERR,ERR,ERR,ERR,ERR,ERR,ERR,ERR,ERR,ERR,ERR,ERR,ERR,ERR,ERR,ERR,ERR,ERR,ERR,ERR,ERR,ERR,ERR,ERR,ERR,ERR,ERR,ERR,ERR,ERR,ERR,ERR,ERR,ERR,ERR,ERR,ERR,ERR,ERR,ERR,ERR,ERR,-107615240.0,0.0,-117832800.0,0.0,0.0,0.0,0.0,nan,0,0,0,32768,0,0.0,0,0.0,0.0,0.0,0.0,0.0,0,0,0,0,0.0,0,0,0,0,0,0,0,0,0,0,0,0,0,0,0,0,0,0,0,0,0,0,0,0,0,0,0,0,0,0,0,0,0,0,0,0,0,0,0,0,0,0,0,0,0.0,0.0,0.0,0.0,0.0,0.0,0.0,0.0,0.0,0.0,0.0,0.0,0.0,0.0,0.0,0.0,0.0,0.0,0.0,0.0,0.0,0.0,2.004,-0.0,-2.004,-0.0,0.0,0.0,0.0,0.0,3356.0,-3.697153148275864e+19,0.0,0.0,0.0,-107615232.0,2.7184274988523002e+23,0.0,0.0,0.0,0.0,0,0.0,126839996416.0,0.0,0.0,0.0,0.0,0.0,0.0,0.0,0,0,0,0.0,0.0,0.0,0.0,0.0,0.0,0.0,0.0,0.0,0.0,0.0,0.0,0.0,0.0,0.0,0.0,0,-107875648.0,0,0.0,0,-107875648.0,-107877712.0,0,39322,17038,0,17053,13107,17037,0,0,0,110,100,100,0.0,64.0,0.0,64.9,-107615304.0,68.5,1,49,50,180,0,13107,0,0,0.0,0.0,0.0,0.0,0.0,65.5,0.0,-0.0,0.0,645,0,686,0,0,0,713,0,785,0,707,0,689,0,645,0,640,0,618,0.032,36700160.0,-0.0,0.0,3216,16789,0.0,-2821925371904.0,-2.1641891348661633e+37,-0.0,2.9506544823334334e+25,3.537304129323298e+35,29.0,60.0,70,0.0,0.0,0.0,0.0,0.0,0.0,0.0,0.0,0.0,0.0,0.0,0.0,0.0,0.0,0.0,0.0,59.2,68,12,65509,41,65476,0,300,0,0,8,20529,65476,0,0,61604,60.0,0.0,0.0,0.0,0.0,0.0
2026-04-04T11:47:43,ERR,ERR,ERR,ERR,ERR,ERR,ERR,ERR,ERR,ERR,ERR,ERR,ERR,ERR,ERR,ERR,ERR,ERR,ERR,ERR,ERR,ERR,ERR,ERR,ERR,ERR,ERR,ERR,ERR,ERR,ERR,ERR,ERR,ERR,ERR,ERR,ERR,ERR,ERR,ERR,ERR,ERR,ERR,ERR,ERR,ERR,ERR,ERR,ERR,ERR,ERR,ERR,ERR,ERR,ERR,ERR,ERR,ERR,ERR,ERR,ERR,ERR,ERR,ERR,ERR,ERR,ERR,ERR,ERR,ERR,ERR,ERR,ERR,ERR,ERR,ERR,ERR,ERR,ERR,ERR,ERR,ERR,ERR,ERR,ERR,ERR,ERR,ERR,ERR,ERR,ERR,ERR,ERR,ERR,ERR,ERR,ERR,ERR,ERR,ERR,ERR,ERR,ERR,ERR,ERR,ERR,ERR,ERR,ERR,ERR,ERR,ERR,ERR,ERR,ERR,ERR,ERR,ERR,ERR,ERR,ERR,ERR,ERR,ERR,ERR,-107615240.0,0.0,-117832800.0,0.0,0.0,0.0,0.0,nan,0,0,0,32768,0,0.0,0,0.0,0.0,0.0,0.0,0.0,0,0,0,0,0.0,0,0,0,0,0,0,0,0,0,0,0,0,0,0,0,0,0,0,0,0,0,0,0,0,0,0,0,0,0,0,0,0,0,0,0,0,0,0,0,0,0,0,0,0,0.0,0.0,0.0,0.0,0.0,0.0,0.0,0.0,0.0,0.0,0.0,0.0,0.0,0.0,0.0,0.0,0.0,0.0,0.0,0.0,0.0,0.0,2.004,-0.0,-2.004,-0.0,0.0,0.0,0.0,0.0,3356.0,-3.697153148275864e+19,0.0,0.0,0.0,-107615232.0,2.7184274988523002e+23,0.0,0.0,0.0,0.0,0,0.0,126839996416.0,0.0,0.0,0.0,0.0,0.0,0.0,0.0,0,0,0,0.0,0.0,0.0,0.0,0.0,0.0,0.0,0.0,0.0,0.0,0.0,0.0,0.0,0.0,0.0,0.0,0,-107875648.0,0,0.0,0,-107875648.0,-107877712.0,0,39322,17038,0,17053,13107,17037,0,0,0,110,100,100,0.0,64.0,0.0,64.9,-107615304.0,68.5,1,49,50,180,0,13107,0,0,0.0,0.0,0.0,0.0,0.0,65.5,0.0,-0.0,0.0,645,0,686,0,0,0,713,0,785,0,707,0,689,0,645,0,640,0,618,0.032,36700160.0,-0.0,0.0,3216,16789,0.0,-2821925371904.0,-2.1641891348661633e+37,-0.0,2.9506544823334334e+25,3.537304129323298e+35,29.0,60.0,70,0.0,0.0,0.0,0.0,0.0,0.0,0.0,0.0,0.0,0.0,0.0,0.0,0.0,0.0,0.0,0.0,59.2,68,12,65509,41,65476,0,300,0,0,8,20529,65476,0,0,61604,60.0,0.0,0.0,0.0,0.0,0.0
2026-04-04T11:47:44,ERR,ERR,ERR,ERR,ERR,ERR,ERR,ERR,ERR,ERR,ERR,ERR,ERR,ERR,ERR,ERR,ERR,ERR,ERR,ERR,ERR,ERR,ERR,ERR,ERR,ERR,ERR,ERR,ERR,ERR,ERR,ERR,ERR,ERR,ERR,ERR,ERR,ERR,ERR,ERR,ERR,ERR,ERR,ERR,ERR,ERR,ERR,ERR,ERR,ERR,ERR,ERR,ERR,ERR,ERR,ERR,ERR,ERR,ERR,ERR,ERR,ERR,ERR,ERR,ERR,ERR,ERR,ERR,ERR,ERR,ERR,ERR,ERR,ERR,ERR,ERR,ERR,ERR,ERR,ERR,ERR,ERR,ERR,ERR,ERR,ERR,ERR,ERR,ERR,ERR,ERR,ERR,ERR,ERR,ERR,ERR,ERR,ERR,ERR,ERR,ERR,ERR,ERR,ERR,ERR,ERR,ERR,ERR,ERR,ERR,ERR,ERR,ERR,ERR,ERR,ERR,ERR,ERR,ERR,ERR,ERR,ERR,ERR,ERR,ERR,-107615240.0,0.0,-117832800.0,0.0,0.0,0.0,0.0,nan,0,0,0,32768,0,0.0,0,0.0,0.0,0.0,0.0,0.0,0,0,0,0,0.0,0,0,0,0,0,0,0,0,0,0,0,0,0,0,0,0,0,0,0,0,0,0,0,0,0,0,0,0,0,0,0,0,0,0,0,0,0,0,0,0,0,0,0,0,0.0,0.0,0.0,0.0,0.0,0.0,0.0,0.0,0.0,0.0,0.0,0.0,0.0,0.0,0.0,0.0,0.0,0.0,0.0,0.0,0.0,0.0,2.004,-0.0,-2.004,-0.0,0.0,0.0,0.0,0.0,3356.0,-3.697153148275864e+19,0.0,0.0,0.0,-107615232.0,2.7184274988523002e+23,0.0,0.0,0.0,0.0,0,0.0,126839996416.0,0.0,0.0,0.0,0.0,0.0,0.0,0.0,0,0,0,0.0,0.0,0.0,0.0,0.0,0.0,0.0,0.0,0.0,0.0,0.0,0.0,0.0,0.0,0.0,0.0,0,-107875648.0,0,0.0,0,-107875648.0,-107877712.0,0,39322,17038,0,17053,13107,17037,0,0,0,110,100,100,0.0,64.0,0.0,64.9,-107615304.0,68.5,1,49,50,180,0,13107,0,0,0.0,0.0,0.0,0.0,0.0,65.5,0.0,-0.0,0.0,645,0,686,0,0,0,713,0,785,0,707,0,689,0,645,0,640,0,618,0.032,36700160.0,-0.0,0.0,3216,16789,0.0,-2821925371904.0,-2.1641891348661633e+37,-0.0,2.9506544823334334e+25,3.537304129323298e+35,29.0,60.0,70,0.0,0.0,0.0,0.0,0.0,0.0,0.0,0.0,0.0,0.0,0.0,0.0,0.0,0.0,0.0,0.0,59.6,68,12,65509,41,65476,0,300,0,0,8,20529,65476,0,0,61604,60.0,0.0,0.0,0.0,0.0,0.0
2026-04-04T11:47:45,ERR,ERR,ERR,ERR,ERR,ERR,ERR,ERR,ERR,ERR,ERR,ERR,ERR,ERR,ERR,ERR,ERR,ERR,ERR,ERR,ERR,ERR,ERR,ERR,ERR,ERR,ERR,ERR,ERR,ERR,ERR,ERR,ERR,ERR,ERR,ERR,ERR,ERR,ERR,ERR,ERR,ERR,ERR,ERR,ERR,ERR,ERR,ERR,ERR,ERR,ERR,ERR,ERR,ERR,ERR,ERR,ERR,ERR,ERR,ERR,ERR,ERR,ERR,ERR,ERR,ERR,ERR,ERR,ERR,ERR,ERR,ERR,ERR,ERR,ERR,ERR,ERR,ERR,ERR,ERR,ERR,ERR,ERR,ERR,ERR,ERR,ERR,ERR,ERR,ERR,ERR,ERR,ERR,ERR,ERR,ERR,ERR,ERR,ERR,ERR,ERR,ERR,ERR,ERR,ERR,ERR,ERR,ERR,ERR,ERR,ERR,ERR,ERR,ERR,ERR,ERR,ERR,ERR,ERR,ERR,ERR,ERR,ERR,ERR,ERR,-107615240.0,0.0,-117832800.0,0.0,0.0,0.0,0.0,nan,0,0,0,32768,0,0.0,0,0.0,0.0,0.0,0.0,0.0,0,0,0,0,0.0,0,0,0,0,0,0,0,0,0,0,0,0,0,0,0,0,0,0,0,0,0,0,0,0,0,0,0,0,0,0,0,0,0,0,0,0,0,0,0,0,0,0,0,0,0.0,0.0,0.0,0.0,0.0,0.0,0.0,0.0,0.0,0.0,0.0,0.0,0.0,0.0,0.0,0.0,0.0,0.0,0.0,0.0,0.0,0.0,2.004,-0.0,-2.004,-0.0,0.0,0.0,0.0,0.0,3371.0,0.0,0.0,-107615240.0,0.0,-0.0,2.7184274988523002e+23,0.0,0.0,0.0,0.0,0,0.0,-0.0,0.0,0.0,0.0,0.0,0.0,0.0,0.0,0,0,0,0.0,0.0,0.0,0.0,0.0,0.0,0.0,0.0,0.0,0.0,0.0,0.0,0.0,0.0,0.0,0.0,0,-107875648.0,0,0.0,0,-107875648.0,-107877712.0,0,39322,17038,0,17053,13107,17037,0,0,0,110,100,100,0.0,64.0,0.0,64.9,-107615304.0,68.5,1,49,50,180,0,13107,0,0,0.0,0.0,0.0,0.0,0.0,65.5,0.0,-0.0,0.0,645,0,686,0,0,0,713,0,785,0,707,0,689,0,645,0,640,0,618,0.032,36700160.0,-0.0,0.0,3216,16789,0.0,-2821925371904.0,-2.1641891348661633e+37,-0.0,2.9506544823334334e+25,3.537304129323298e+35,29.0,60.0,70,0.0,0.0,0.0,0.0,0.0,0.0,0.0,0.0,0.0,0.0,0.0,0.0,0.0,0.0,0.0,0.0,59.6,68,12,65509,41,65476,0,300,0,0,8,20529,65476,0,0,61604,60.0,0.0,0.0,0.0,0.0,0.0
2026-04-04T11:47:46,ERR,ERR,ERR,ERR,ERR,ERR,ERR,ERR,ERR,ERR,ERR,ERR,ERR,ERR,ERR,ERR,ERR,ERR,ERR,ERR,ERR,ERR,ERR,ERR,ERR,ERR,ERR,ERR,ERR,ERR,ERR,ERR,ERR,ERR,ERR,ERR,ERR,ERR,ERR,ERR,ERR,ERR,ERR,ERR,ERR,ERR,ERR,ERR,ERR,ERR,ERR,ERR,ERR,ERR,ERR,ERR,ERR,ERR,ERR,ERR,ERR,ERR,ERR,ERR,ERR,ERR,ERR,ERR,ERR,ERR,ERR,ERR,ERR,ERR,ERR,ERR,ERR,ERR,ERR,ERR,ERR,ERR,ERR,ERR,ERR,ERR,ERR,ERR,ERR,ERR,ERR,ERR,ERR,ERR,ERR,ERR,ERR,ERR,ERR,ERR,ERR,ERR,ERR,ERR,ERR,ERR,ERR,ERR,ERR,ERR,ERR,ERR,ERR,ERR,ERR,ERR,ERR,ERR,ERR,ERR,ERR,ERR,ERR,ERR,ERR,-107615240.0,0.0,-117832800.0,0.0,0.0,0.0,0.0,nan,0,0,0,32768,0,0.0,0,0.0,0.0,0.0,0.0,0.0,0,0,0,0,0.0,0,0,0,0,0,0,0,0,0,0,0,0,0,0,0,0,0,0,0,0,0,0,0,0,0,0,0,0,0,0,0,0,0,0,0,0,0,0,0,0,0,0,0,0,0.0,0.0,0.0,0.0,0.0,0.0,0.0,0.0,0.0,0.0,0.0,0.0,0.0,0.0,0.0,0.0,0.0,0.0,0.0,0.0,0.0,0.0,2.004,-0.0,-2.004,-0.0,0.0,0.0,0.0,0.0,3371.0,0.0,0.0,-107615240.0,0.0,-0.0,2.7184274988523002e+23,0.0,0.0,0.0,0.0,0,0.0,-0.0,0.0,0.0,0.0,0.0,0.0,0.0,0.0,0,0,0,0.0,0.0,0.0,0.0,0.0,0.0,0.0,0.0,0.0,0.0,0.0,0.0,0.0,0.0,0.0,0.0,0,-107875648.0,0,0.0,0,-107875648.0,-107877712.0,0,39322,17038,0,17053,13107,17037,0,0,0,110,100,100,0.0,64.0,0.0,64.9,-107615304.0,68.5,1,49,50,180,0,13107,0,0,0.0,0.0,0.0,0.0,0.0,65.5,0.0,-0.0,0.0,645,0,686,0,0,0,713,0,785,0,707,0,689,0,645,0,640,0,618,0.032,36700160.0,-0.0,0.0,3216,16789,0.0,-2821925371904.0,-2.1641891348661633e+37,-0.0,2.9506544823334334e+25,3.537304129323298e+35,29.0,60.0,70,0.0,0.0,0.0,0.0,0.0,0.0,0.0,0.0,0.0,0.0,0.0,0.0,0.0,0.0,0.0,0.0,59.6,68,12,65509,41,65476,0,300,0,0,8,20529,65476,0,0,61604,60.0,0.0,0.0,0.0,0.0,0.0
2026-04-04T11:47:47,ERR,ERR,ERR,ERR,ERR,ERR,ERR,ERR,ERR,ERR,ERR,ERR,ERR,ERR,ERR,ERR,ERR,ERR,ERR,ERR,ERR,ERR,ERR,ERR,ERR,ERR,ERR,ERR,ERR,ERR,ERR,ERR,ERR,ERR,ERR,ERR,ERR,ERR,ERR,ERR,ERR,ERR,ERR,ERR,ERR,ERR,ERR,ERR,ERR,ERR,ERR,ERR,ERR,ERR,ERR,ERR,ERR,ERR,ERR,ERR,ERR,ERR,ERR,ERR,ERR,ERR,ERR,ERR,ERR,ERR,ERR,ERR,ERR,ERR,ERR,ERR,ERR,ERR,ERR,ERR,ERR,ERR,ERR,ERR,ERR,ERR,ERR,ERR,ERR,ERR,ERR,ERR,ERR,ERR,ERR,ERR,ERR,ERR,ERR,ERR,ERR,ERR,ERR,ERR,ERR,ERR,ERR,ERR,ERR,ERR,ERR,ERR,ERR,ERR,ERR,ERR,ERR,ERR,ERR,ERR,ERR,ERR,ERR,ERR,ERR,-107615240.0,0.0,-117832800.0,0.0,0.0,0.0,0.0,nan,0,0,0,32768,0,0.0,0,0.0,0.0,0.0,0.0,0.0,0,0,0,0,0.0,0,0,0,0,0,0,0,0,0,0,0,0,0,0,0,0,0,0,0,0,0,0,0,0,0,0,0,0,0,0,0,0,0,0,0,0,0,0,0,0,0,0,0,0,0.0,0.0,0.0,0.0,0.0,0.0,0.0,0.0,0.0,0.0,0.0,0.0,0.0,0.0,0.0,0.0,0.0,0.0,0.0,0.0,0.0,0.0,2.004,-0.0,-2.004,-0.0,0.0,0.0,0.0,0.0,3371.0,0.0,0.0,-107615240.0,0.0,-0.0,2.7184274988523002e+23,0.0,0.0,0.0,0.0,0,0.0,-0.0,0.0,0.0,0.0,0.0,0.0,0.0,0.0,0,0,0,0.0,0.0,0.0,0.0,0.0,0.0,0.0,0.0,0.0,0.0,0.0,0.0,0.0,0.0,0.0,0.0,0,-107875648.0,0,0.0,0,-107875648.0,-107877712.0,0,39322,17038,0,17053,13107,17037,0,0,0,110,100,100,0.0,64.0,0.0,64.9,-107615304.0,68.5,1,49,50,180,0,13107,0,0,0.0,0.0,0.0,0.0,0.0,65.5,0.0,-0.0,0.0,645,0,686,0,0,0,713,0,785,0,707,0,689,0,645,0,640,0,618,0.032,36700160.0,-0.0,0.0,3216,16789,0.0,-2821925371904.0,-2.1641891348661633e+37,-0.0,2.9506544823334334e+25,3.537304129323298e+35,29.0,60.0,70,0.0,0.0,0.0,0.0,0.0,0.0,0.0,0.0,0.0,0.0,0.0,0.0,0.0,0.0,0.0,0.0,59.2,68,12,65509,41,65476,0,300,0,0,8,20529,65476,0,0,61604,60.0,0.0,0.0,0.0,0.0,0.0
2026-04-04T11:47:48,ERR,ERR,ERR,ERR,ERR,ERR,ERR,ERR,ERR,ERR,ERR,ERR,ERR,ERR,ERR,ERR,ERR,ERR,ERR,ERR,ERR,ERR,ERR,ERR,ERR,ERR,ERR,ERR,ERR,ERR,ERR,ERR,ERR,ERR,ERR,ERR,ERR,ERR,ERR,ERR,ERR,ERR,ERR,ERR,ERR,ERR,ERR,ERR,ERR,ERR,ERR,ERR,ERR,ERR,ERR,ERR,ERR,ERR,ERR,ERR,ERR,ERR,ERR,ERR,ERR,ERR,ERR,ERR,ERR,ERR,ERR,ERR,ERR,ERR,ERR,ERR,ERR,ERR,ERR,ERR,ERR,ERR,ERR,ERR,ERR,ERR,ERR,ERR,ERR,ERR,ERR,ERR,ERR,ERR,ERR,ERR,ERR,ERR,ERR,ERR,ERR,ERR,ERR,ERR,ERR,ERR,ERR,ERR,ERR,ERR,ERR,ERR,ERR,ERR,ERR,ERR,ERR,ERR,ERR,ERR,ERR,ERR,ERR,ERR,ERR,-107615240.0,0.0,-117832800.0,0.0,0.0,0.0,0.0,nan,0,0,0,32768,0,0.0,0,0.0,0.0,0.0,0.0,0.0,0,0,0,0,0.0,0,0,0,0,0,0,0,0,0,0,0,0,0,0,0,0,0,0,0,0,0,0,0,0,0,0,0,0,0,0,0,0,0,0,0,0,0,0,0,0,0,0,0,0,0.0,0.0,0.0,0.0,0.0,0.0,0.0,0.0,0.0,0.0,0.0,0.0,0.0,0.0,0.0,0.0,0.0,0.0,0.0,0.0,0.0,0.0,2.004,-0.0,-2.004,-0.0,0.0,0.0,0.0,0.0,3371.0,0.0,0.0,-107615240.0,0.0,-0.0,2.7184274988523002e+23,0.0,0.0,0.0,0.0,0,0.0,-0.0,0.0,0.0,0.0,0.0,0.0,0.0,0.0,0,0,0,0.0,0.0,0.0,0.0,0.0,0.0,0.0,0.0,0.0,0.0,0.0,0.0,0.0,0.0,0.0,0.0,0,-107875648.0,0,0.0,0,-107875648.0,-107877712.0,0,39322,17038,0,17053,26215,17037,0,0,0,110,100,100,0.0,64.0,0.0,64.9,-107615304.0,68.5,1,49,50,180,0,13107,0,0,0.0,0.0,0.0,0.0,0.0,65.5,0.0,-0.0,0.0,645,0,686,0,0,0,713,0,785,0,706,0,688,0,645,0,640,0,618,0.032,36962304.0,-0.0,0.0,3984,16789,0.0,-0.0,-0.0,0.0,0.0,0.0,29.0,60.0,70,0.0,0.0,0.0,0.0,0.0,0.0,0.0,0.0,0.0,0.0,0.0,0.0,0.0,0.0,0.0,0.0,59.2,68,12,65509,41,65476,0,300,0,0,8,20529,65476,0,0,61604,60.0,0.0,0.0,0.0,0.0,0.0
2026-04-04T11:47:49,ERR,ERR,ERR,ERR,ERR,ERR,ERR,ERR,ERR,ERR,ERR,ERR,ERR,ERR,ERR,ERR,ERR,ERR,ERR,ERR,ERR,ERR,ERR,ERR,ERR,ERR,ERR,ERR,ERR,ERR,ERR,ERR,ERR,ERR,ERR,ERR,ERR,ERR,ERR,ERR,ERR,ERR,ERR,ERR,ERR,ERR,ERR,ERR,ERR,ERR,ERR,ERR,ERR,ERR,ERR,ERR,ERR,ERR,ERR,ERR,ERR,ERR,ERR,ERR,ERR,ERR,ERR,ERR,ERR,ERR,ERR,ERR,ERR,ERR,ERR,ERR,ERR,ERR,ERR,ERR,ERR,ERR,ERR,ERR,ERR,ERR,ERR,ERR,ERR,ERR,ERR,ERR,ERR,ERR,ERR,ERR,ERR,ERR,ERR,ERR,ERR,ERR,ERR,ERR,ERR,ERR,ERR,ERR,ERR,ERR,ERR,ERR,ERR,ERR,ERR,ERR,ERR,ERR,ERR,ERR,ERR,ERR,ERR,ERR,ERR,-107615240.0,0.0,-117832800.0,0.0,0.0,0.0,0.0,nan,0,0,0,32768,0,0.0,0,0.0,0.0,0.0,0.0,0.0,0,0,0,0,0.0,0,0,0,0,0,0,0,0,0,0,0,0,0,0,0,0,0,0,0,0,0,0,0,0,0,0,0,0,0,0,0,0,0,0,0,0,0,0,0,0,0,0,0,0,0.0,0.0,0.0,0.0,0.0,0.0,0.0,0.0,0.0,0.0,0.0,0.0,0.0,0.0,0.0,0.0,0.0,0.0,0.0,0.0,0.0,0.0,2.004,-0.0,-2.004,-0.0,0.0,0.0,0.0,0.0,3371.0,0.0,0.0,-107615240.0,0.0,-0.0,2.7184274988523002e+23,0.0,0.0,0.0,0.0,0,0.0,-0.0,0.0,0.0,0.0,0.0,0.0,0.0,0.0,0,0,0,0.0,0.0,0.0,0.0,0.0,0.0,0.0,0.0,0.0,0.0,0.0,0.0,0.0,0.0,0.0,0.0,0,-107875648.0,0,0.0,0,-107875648.0,-107877712.0,0,39322,17038,0,17053,26215,17037,0,0,0,110,100,100,0.0,64.0,0.0,64.9,-107615304.0,68.5,1,49,50,180,0,13107,0,0,0.0,0.0,0.0,0.0,0.0,65.5,0.0,-0.0,0.0,645,0,686,0,0,0,713,0,785,0,706,0,688,0,645,0,640,0,618,0.032,36962304.0,-0.0,0.0,3984,16789,0.0,-0.0,-0.0,0.0,0.0,0.0,29.0,60.0,70,0.0,0.0,0.0,0.0,0.0,0.0,0.0,0.0,0.0,0.0,0.0,0.0,0.0,0.0,0.0,0.0,59.2,68,12,65509,41,65476,0,300,0,0,8,20529,65476,0,0,61604,60.0,0.0,0.0,0.0,0.0,0.0
2026-04-04T11:47:50,ERR,ERR,ERR,ERR,ERR,ERR,ERR,ERR,ERR,ERR,ERR,ERR,ERR,ERR,ERR,ERR,ERR,ERR,ERR,ERR,ERR,ERR,ERR,ERR,ERR,ERR,ERR,ERR,ERR,ERR,ERR,ERR,ERR,ERR,ERR,ERR,ERR,ERR,ERR,ERR,ERR,ERR,ERR,ERR,ERR,ERR,ERR,ERR,ERR,ERR,ERR,ERR,ERR,ERR,ERR,ERR,ERR,ERR,ERR,ERR,ERR,ERR,ERR,ERR,ERR,ERR,ERR,ERR,ERR,ERR,ERR,ERR,ERR,ERR,ERR,ERR,ERR,ERR,ERR,ERR,ERR,ERR,ERR,ERR,ERR,ERR,ERR,ERR,ERR,ERR,ERR,ERR,ERR,ERR,ERR,ERR,ERR,ERR,ERR,ERR,ERR,ERR,ERR,ERR,ERR,ERR,ERR,ERR,ERR,ERR,ERR,ERR,ERR,ERR,ERR,ERR,ERR,ERR,ERR,ERR,ERR,ERR,ERR,ERR,ERR,-107615240.0,0.0,-117832800.0,0.0,0.0,0.0,0.0,nan,0,0,0,32768,0,0.0,0,0.0,0.0,0.0,0.0,0.0,0,0,0,0,0.0,0,0,0,0,0,0,0,0,0,0,0,0,0,0,0,0,0,0,0,0,0,0,0,0,0,0,0,0,0,0,0,0,0,0,0,0,0,0,0,0,0,0,0,0,0.0,0.0,0.0,0.0,0.0,0.0,0.0,0.0,0.0,0.0,0.0,0.0,0.0,0.0,0.0,0.0,0.0,0.0,0.0,0.0,0.0,0.0,2.004,-0.0,-2.004,-0.0,0.0,0.0,0.0,0.0,3371.0,0.0,0.0,-107615240.0,0.0,-0.0,2.7184274988523002e+23,0.0,0.0,0.0,0.0,0,0.0,-0.0,0.0,0.0,0.0,0.0,0.0,0.0,0.0,0,0,0,0.0,0.0,0.0,0.0,0.0,0.0,0.0,0.0,0.0,0.0,0.0,0.0,0.0,0.0,0.0,0.0,0,-107875648.0,0,0.0,0,-107875648.0,-107877712.0,0,39322,17038,0,17053,26215,17037,0,0,0,110,100,100,0.0,64.0,0.0,64.9,-107615304.0,68.5,1,49,50,180,0,13107,0,0,0.0,0.0,0.0,0.0,0.0,65.5,0.0,-0.0,0.0,645,0,686,0,0,0,713,0,785,0,706,0,688,0,645,0,640,0,618,0.032,36962304.0,-0.0,0.0,3984,16789,0.0,-0.0,-0.0,0.0,0.0,0.0,29.0,60.0,70,0.0,0.0,0.0,0.0,0.0,0.0,0.0,0.0,0.0,0.0,0.0,0.0,0.0,0.0,0.0,0.0,59.2,68,12,65509,41,65476,0,300,0,0,8,20529,65476,0,0,61604,60.0,0.0,0.0,0.0,0.0,0.0
2026-04-04T11:47:51,ERR,ERR,ERR,ERR,ERR,ERR,ERR,ERR,ERR,ERR,ERR,ERR,ERR,ERR,ERR,ERR,ERR,ERR,ERR,ERR,ERR,ERR,ERR,ERR,ERR,ERR,ERR,ERR,ERR,ERR,ERR,ERR,ERR,ERR,ERR,ERR,ERR,ERR,ERR,ERR,ERR,ERR,ERR,ERR,ERR,ERR,ERR,ERR,ERR,ERR,ERR,ERR,ERR,ERR,ERR,ERR,ERR,ERR,ERR,ERR,ERR,ERR,ERR,ERR,ERR,ERR,ERR,ERR,ERR,ERR,ERR,ERR,ERR,ERR,ERR,ERR,ERR,ERR,ERR,ERR,ERR,ERR,ERR,ERR,ERR,ERR,ERR,ERR,ERR,ERR,ERR,ERR,ERR,ERR,ERR,ERR,ERR,ERR,ERR,ERR,ERR,ERR,ERR,ERR,ERR,ERR,ERR,ERR,ERR,ERR,ERR,ERR,ERR,ERR,ERR,ERR,ERR,ERR,ERR,ERR,ERR,ERR,ERR,ERR,ERR,-107615240.0,0.0,-117832800.0,0.0,0.0,0.0,0.0,nan,0,0,0,32768,0,0.0,0,0.0,0.0,0.0,0.0,0.0,0,0,0,0,0.0,0,0,0,0,0,0,0,0,0,0,0,0,0,0,0,0,0,0,0,0,0,0,0,0,0,0,0,0,0,0,0,0,0,0,0,0,0,0,0,0,0,0,0,0,0.0,0.0,0.0,0.0,0.0,0.0,0.0,0.0,0.0,0.0,0.0,0.0,0.0,0.0,0.0,0.0,0.0,0.0,0.0,0.0,0.0,0.0,2.004,-0.0,-2.004,-0.0,0.0,0.0,0.0,0.0,3371.0,0.0,0.0,-107615240.0,0.0,-0.0,2.7184274988523002e+23,0.0,0.0,0.0,0.0,0,0.0,-0.0,0.0,0.0,0.0,0.0,0.0,0.0,0.0,0,0,0,0.0,0.0,0.0,0.0,0.0,0.0,0.0,0.0,0.0,0.0,0.0,0.0,0.0,0.0,0.0,0.0,0,-107875648.0,0,0.0,0,-107875648.0,-107877712.0,0,39322,17038,0,17053,26215,17037,0,0,0,110,100,100,0.0,64.0,0.0,64.9,-107615304.0,68.5,1,49,50,180,0,13107,0,0,0.0,0.0,0.0,0.0,0.0,65.5,0.0,-0.0,0.0,645,0,686,0,0,0,713,0,785,0,706,0,688,0,645,0,640,0,618,0.032,36962304.0,-0.0,0.0,3984,16789,0.0,-0.0,-0.0,0.0,0.0,0.0,29.0,60.0,70,0.0,0.0,0.0,0.0,0.0,0.0,0.0,0.0,0.0,0.0,0.0,0.0,0.0,0.0,0.0,0.0,59.2,68,12,65509,41,65476,0,300,0,0,8,20529,65476,0,0,61604,60.0,0.0,0.0,0.0,0.0,0.0
2026-04-04T11:47:52,ERR,ERR,ERR,ERR,ERR,ERR,ERR,ERR,ERR,ERR,ERR,ERR,ERR,ERR,ERR,ERR,ERR,ERR,ERR,ERR,ERR,ERR,ERR,ERR,ERR,ERR,ERR,ERR,ERR,ERR,ERR,ERR,ERR,ERR,ERR,ERR,ERR,ERR,ERR,ERR,ERR,ERR,ERR,ERR,ERR,ERR,ERR,ERR,ERR,ERR,ERR,ERR,ERR,ERR,ERR,ERR,ERR,ERR,ERR,ERR,ERR,ERR,ERR,ERR,ERR,ERR,ERR,ERR,ERR,ERR,ERR,ERR,ERR,ERR,ERR,ERR,ERR,ERR,ERR,ERR,ERR,ERR,ERR,ERR,ERR,ERR,ERR,ERR,ERR,ERR,ERR,ERR,ERR,ERR,ERR,ERR,ERR,ERR,ERR,ERR,ERR,ERR,ERR,ERR,ERR,ERR,ERR,ERR,ERR,ERR,ERR,ERR,ERR,ERR,ERR,ERR,ERR,ERR,ERR,ERR,ERR,ERR,ERR,ERR,ERR,-107615240.0,0.0,-117832800.0,0.0,0.0,0.0,0.0,nan,0,0,0,32768,0,0.0,0,0.0,0.0,0.0,0.0,0.0,0,0,0,0,0.0,0,0,0,0,0,0,0,0,0,0,0,0,0,0,0,0,0,0,0,0,0,0,0,0,0,0,0,0,0,0,0,0,0,0,0,0,0,0,0,0,0,0,0,0,0.0,0.0,0.0,0.0,0.0,0.0,0.0,0.0,0.0,0.0,0.0,0.0,0.0,0.0,0.0,0.0,0.0,0.0,0.0,0.0,0.0,0.0,2.004,-0.0,-2.004,-0.0,0.0,0.0,0.0,0.0,3371.0,0.0,0.0,-107615240.0,0.0,-0.0,2.7184274988523002e+23,0.0,0.0,0.0,0.0,0,0.0,-0.0,0.0,0.0,0.0,0.0,0.0,0.0,0.0,0,0,0,0.0,0.0,0.0,0.0,0.0,0.0,0.0,0.0,0.0,0.0,0.0,0.0,0.0,0.0,0.0,0.0,0,-107875648.0,0,0.0,0,-107875648.0,-107877712.0,0,39322,17038,0,17053,26215,17037,0,0,0,110,100,100,0.0,64.0,0.0,64.9,-107615304.0,68.5,1,49,50,180,0,13107,0,0,0.0,0.0,0.0,0.0,0.0,65.5,0.0,-0.0,0.0,645,0,686,0,0,0,713,0,785,0,706,0,688,0,645,0,640,0,618,0.032,36962304.0,-0.0,0.0,3984,16789,0.0,-0.0,-0.0,0.0,0.0,0.0,29.0,60.0,70,0.0,0.0,0.0,0.0,0.0,0.0,0.0,0.0,0.0,0.0,0.0,0.0,0.0,0.0,0.0,0.0,59.6,68,12,65509,41,65476,0,300,0,0,8,20529,65476,0,0,61604,60.0,0.0,0.0,0.0,0.0,0.0
2026-04-04T11:47:53,ERR,ERR,ERR,ERR,ERR,ERR,ERR,ERR,ERR,ERR,ERR,ERR,ERR,ERR,ERR,ERR,ERR,ERR,ERR,ERR,ERR,ERR,ERR,ERR,ERR,ERR,ERR,ERR,ERR,ERR,ERR,ERR,ERR,ERR,ERR,ERR,ERR,ERR,ERR,ERR,ERR,ERR,ERR,ERR,ERR,ERR,ERR,ERR,ERR,ERR,ERR,ERR,ERR,ERR,ERR,ERR,ERR,ERR,ERR,ERR,ERR,ERR,ERR,ERR,ERR,ERR,ERR,ERR,ERR,ERR,ERR,ERR,ERR,ERR,ERR,ERR,ERR,ERR,ERR,ERR,ERR,ERR,ERR,ERR,ERR,ERR,ERR,ERR,ERR,ERR,ERR,ERR,ERR,ERR,ERR,ERR,ERR,ERR,ERR,ERR,ERR,ERR,ERR,ERR,ERR,ERR,ERR,ERR,ERR,ERR,ERR,ERR,ERR,ERR,ERR,ERR,ERR,ERR,ERR,ERR,ERR,ERR,ERR,ERR,ERR,-107615240.0,0.0,-117832800.0,0.0,0.0,0.0,0.0,nan,0,0,0,32768,0,0.0,0,0.0,0.0,0.0,0.0,0.0,0,0,0,0,0.0,0,0,0,0,0,0,0,0,0,0,0,0,0,0,0,0,0,0,0,0,0,0,0,0,0,0,0,0,0,0,0,0,0,0,0,0,0,0,0,0,0,0,0,0,0.0,0.0,0.0,0.0,0.0,0.0,0.0,0.0,0.0,0.0,0.0,0.0,0.0,0.0,0.0,0.0,0.0,0.0,0.0,0.0,0.0,0.0,2.004,-0.0,-2.004,-0.0,0.0,0.0,0.0,0.0,3370.0,0.0,0.0,-107615240.0,0.0,-0.0,2.7184274988523002e+23,0.0,0.0,0.0,0.0,0,-3.222024165466893e+26,5.8480295378657616e+35,0.0,0.0,0.0,0.0,0.0,0.0,0.0,0,0,0,0.0,0.0,0.0,0.0,0.0,0.0,0.0,0.0,0.0,0.0,0.0,0.0,0.0,0.0,0.0,0.0,0,-107875648.0,0,0.0,0,-107875648.0,-107877712.0,0,39322,17038,0,17053,13107,17037,0,0,0,110,100,100,0.0,64.0,0.0,64.9,-107615304.0,68.5,1,49,50,180,0,13107,0,0,0.0,0.0,0.0,0.0,-7.917539782568044e+37,65.0,0.0,0.0,0.0,645,0,686,0,0,0,713,0,785,0,707,0,689,0,645,0,640,0,618,0.032,36700160.0,-0.0,0.0,656,16789,0.0,-4.202374313228851e+27,0.0,-3.3953123135080995e+20,-7625510400.0,-0.0,29.0,60.0,70,0.0,0.0,0.0,0.0,0.0,0.0,0.0,0.0,0.0,0.0,0.0,0.0,0.0,0.0,0.0,0.0,59.2,68,12,65509,41,65476,0,300,0,0,8,20529,65476,0,0,61604,60.0,0.0,0.0,0.0,0.0,0.0
2026-04-04T11:47:54,ERR,ERR,ERR,ERR,ERR,ERR,ERR,ERR,ERR,ERR,ERR,ERR,ERR,ERR,ERR,ERR,ERR,ERR,ERR,ERR,ERR,ERR,ERR,ERR,ERR,ERR,ERR,ERR,ERR,ERR,ERR,ERR,ERR,ERR,ERR,ERR,ERR,ERR,ERR,ERR,ERR,ERR,ERR,ERR,ERR,ERR,ERR,ERR,ERR,ERR,ERR,ERR,ERR,ERR,ERR,ERR,ERR,ERR,ERR,ERR,ERR,ERR,ERR,ERR,ERR,ERR,ERR,ERR,ERR,ERR,ERR,ERR,ERR,ERR,ERR,ERR,ERR,ERR,ERR,ERR,ERR,ERR,ERR,ERR,ERR,ERR,ERR,ERR,ERR,ERR,ERR,ERR,ERR,ERR,ERR,ERR,ERR,ERR,ERR,ERR,ERR,ERR,ERR,ERR,ERR,ERR,ERR,ERR,ERR,ERR,ERR,ERR,ERR,ERR,ERR,ERR,ERR,ERR,ERR,ERR,ERR,ERR,ERR,ERR,ERR,-107615240.0,0.0,-117832800.0,0.0,0.0,0.0,0.0,nan,0,0,0,32768,0,0.0,0,0.0,0.0,0.0,0.0,0.0,0,0,0,0,0.0,0,0,0,0,0,0,0,0,0,0,0,0,0,0,0,0,0,0,0,0,0,0,0,0,0,0,0,0,0,0,0,0,0,0,0,0,0,0,0,0,0,0,0,0,0.0,0.0,0.0,0.0,0.0,0.0,0.0,0.0,0.0,0.0,0.0,0.0,0.0,0.0,0.0,0.0,0.0,0.0,0.0,0.0,0.0,0.0,2.004,-0.0,-2.004,-0.0,0.0,0.0,0.0,0.0,3370.0,0.0,0.0,-107615240.0,0.0,-0.0,2.7184274988523002e+23,0.0,0.0,0.0,0.0,0,-3.222024165466893e+26,5.8480295378657616e+35,0.0,0.0,0.0,0.0,0.0,0.0,0.0,0,0,0,0.0,0.0,0.0,0.0,0.0,0.0,0.0,0.0,0.0,0.0,0.0,0.0,0.0,0.0,0.0,0.0,0,-107875648.0,0,0.0,0,-107875648.0,-107877712.0,0,39322,17038,0,17053,13107,17037,0,0,0,110,100,100,0.0,64.0,0.0,64.9,-107615304.0,68.5,1,49,50,180,0,13107,0,0,0.0,0.0,0.0,0.0,-7.917539782568044e+37,65.0,0.0,0.0,0.0,645,0,686,0,0,0,713,0,785,0,707,0,689,0,645,0,640,0,618,0.032,36700160.0,-0.0,0.0,656,16789,0.0,-4.202374313228851e+27,0.0,-3.3953123135080995e+20,-7625510400.0,-0.0,29.0,60.0,70,0.0,0.0,0.0,0.0,0.0,0.0,0.0,0.0,0.0,0.0,0.0,0.0,0.0,0.0,0.0,0.0,59.2,68,12,65509,41,65476,0,300,0,0,8,20529,65476,0,0,61604,60.0,0.0,0.0,0.0,0.0,0.0
2026-04-04T11:47:55,ERR,ERR,ERR,ERR,ERR,ERR,ERR,ERR,ERR,ERR,ERR,ERR,ERR,ERR,ERR,ERR,ERR,ERR,ERR,ERR,ERR,ERR,ERR,ERR,ERR,ERR,ERR,ERR,ERR,ERR,ERR,ERR,ERR,ERR,ERR,ERR,ERR,ERR,ERR,ERR,ERR,ERR,ERR,ERR,ERR,ERR,ERR,ERR,ERR,ERR,ERR,ERR,ERR,ERR,ERR,ERR,ERR,ERR,ERR,ERR,ERR,ERR,ERR,ERR,ERR,ERR,ERR,ERR,ERR,ERR,ERR,ERR,ERR,ERR,ERR,ERR,ERR,ERR,ERR,ERR,ERR,ERR,ERR,ERR,ERR,ERR,ERR,ERR,ERR,ERR,ERR,ERR,ERR,ERR,ERR,ERR,ERR,ERR,ERR,ERR,ERR,ERR,ERR,ERR,ERR,ERR,ERR,ERR,ERR,ERR,ERR,ERR,ERR,ERR,ERR,ERR,ERR,ERR,ERR,ERR,ERR,ERR,ERR,ERR,ERR,-107615240.0,0.0,-117832800.0,0.0,0.0,0.0,0.0,nan,0,0,0,32768,0,0.0,0,0.0,0.0,0.0,0.0,0.0,0,0,0,0,0.0,0,0,0,0,0,0,0,0,0,0,0,0,0,0,0,0,0,0,0,0,0,0,0,0,0,0,0,0,0,0,0,0,0,0,0,0,0,0,0,0,0,0,0,0,0.0,0.0,0.0,0.0,0.0,0.0,0.0,0.0,0.0,0.0,0.0,0.0,0.0,0.0,0.0,0.0,0.0,0.0,0.0,0.0,0.0,0.0,2.004,-0.0,-2.004,-0.0,0.0,0.0,0.0,0.0,3370.0,0.0,0.0,-107615240.0,0.0,-0.0,2.7184274988523002e+23,0.0,0.0,0.0,0.0,0,-3.222024165466893e+26,5.8480295378657616e+35,0.0,0.0,0.0,0.0,0.0,0.0,0.0,0,0,0,0.0,0.0,0.0,0.0,0.0,0.0,0.0,0.0,0.0,0.0,0.0,0.0,0.0,0.0,0.0,0.0,0,-107875648.0,0,0.0,0,-107875648.0,-107877712.0,0,39322,17038,0,17053,13107,17037,0,0,0,110,100,100,0.0,64.0,0.0,64.9,-107615304.0,68.5,1,49,50,180,0,13107,0,0,0.0,0.0,0.0,0.0,-7.917539782568044e+37,65.0,0.0,0.0,0.0,645,0,686,0,0,0,713,0,785,0,707,0,689,0,645,0,640,0,618,0.032,36700160.0,-0.0,0.0,656,16789,0.0,-4.202374313228851e+27,0.0,-3.3953123135080995e+20,-7625510400.0,-0.0,29.0,60.0,70,0.0,0.0,0.0,0.0,0.0,0.0,0.0,0.0,0.0,0.0,0.0,0.0,0.0,0.0,0.0,0.0,59.2,68,12,65509,41,65476,0,300,0,0,8,20529,65476,0,0,61604,60.0,0.0,0.0,0.0,0.0,0.0
2026-04-04T11:47:56,ERR,ERR,ERR,ERR,ERR,ERR,ERR,ERR,ERR,ERR,ERR,ERR,ERR,ERR,ERR,ERR,ERR,ERR,ERR,ERR,ERR,ERR,ERR,ERR,ERR,ERR,ERR,ERR,ERR,ERR,ERR,ERR,ERR,ERR,ERR,ERR,ERR,ERR,ERR,ERR,ERR,ERR,ERR,ERR,ERR,ERR,ERR,ERR,ERR,ERR,ERR,ERR,ERR,ERR,ERR,ERR,ERR,ERR,ERR,ERR,ERR,ERR,ERR,ERR,ERR,ERR,ERR,ERR,ERR,ERR,ERR,ERR,ERR,ERR,ERR,ERR,ERR,ERR,ERR,ERR,ERR,ERR,ERR,ERR,ERR,ERR,ERR,ERR,ERR,ERR,ERR,ERR,ERR,ERR,ERR,ERR,ERR,ERR,ERR,ERR,ERR,ERR,ERR,ERR,ERR,ERR,ERR,ERR,ERR,ERR,ERR,ERR,ERR,ERR,ERR,ERR,ERR,ERR,ERR,ERR,ERR,ERR,ERR,ERR,ERR,-107615240.0,0.0,-117832800.0,0.0,0.0,0.0,0.0,nan,0,0,0,32768,0,0.0,0,0.0,0.0,0.0,0.0,0.0,0,0,0,0,0.0,0,0,0,0,0,0,0,0,0,0,0,0,0,0,0,0,0,0,0,0,0,0,0,0,0,0,0,0,0,0,0,0,0,0,0,0,0,0,0,0,0,0,0,0,0.0,0.0,0.0,0.0,0.0,0.0,0.0,0.0,0.0,0.0,0.0,0.0,0.0,0.0,0.0,0.0,0.0,0.0,0.0,0.0,0.0,0.0,2.004,-0.0,-2.004,-0.0,0.0,0.0,0.0,0.0,3370.0,0.0,0.0,-107615240.0,0.0,-0.0,2.7184274988523002e+23,0.0,0.0,0.0,0.0,0,-3.222024165466893e+26,5.8480295378657616e+35,0.0,0.0,0.0,0.0,0.0,0.0,0.0,0,0,0,0.0,0.0,0.0,0.0,0.0,0.0,0.0,0.0,0.0,0.0,0.0,0.0,0.0,0.0,0.0,0.0,0,-107875648.0,0,0.0,0,-107875648.0,-107877712.0,0,39322,17038,0,17053,13107,17037,0,0,0,110,100,100,0.0,64.0,0.0,64.8,-0.0,68.5,1,49,50,180,0,13107,0,0,0.0,0.0,0.0,0.0,0.0,65.5,0.0,-4.586757495790286e+29,0.0,645,0,686,0,0,0,713,0,785,0,706,0,688,0,645,0,640,0,618,0.032,36962304.0,-0.0,0.0,9104,16789,0.0,-7.418040155778722e+30,5108742656.0,-1470088832.0,-1.755748173832951e+35,-1.0684447842364822e+24,29.0,60.0,70,0.0,0.0,0.0,0.0,0.0,0.0,0.0,0.0,0.0,0.0,0.0,0.0,0.0,0.0,0.0,0.0,59.2,68,12,65509,41,65476,0,300,0,0,8,20529,65476,0,0,61604,60.0,0.0,0.0,0.0,0.0,0.0
2026-04-04T11:47:57,ERR,ERR,ERR,ERR,ERR,ERR,ERR,ERR,ERR,ERR,ERR,ERR,ERR,ERR,ERR,ERR,ERR,ERR,ERR,ERR,ERR,ERR,ERR,ERR,ERR,ERR,ERR,ERR,ERR,ERR,ERR,ERR,ERR,ERR,ERR,ERR,ERR,ERR,ERR,ERR,ERR,ERR,ERR,ERR,ERR,ERR,ERR,ERR,ERR,ERR,ERR,ERR,ERR,ERR,ERR,ERR,ERR,ERR,ERR,ERR,ERR,ERR,ERR,ERR,ERR,ERR,ERR,ERR,ERR,ERR,ERR,ERR,ERR,ERR,ERR,ERR,ERR,ERR,ERR,ERR,ERR,ERR,ERR,ERR,ERR,ERR,ERR,ERR,ERR,ERR,ERR,ERR,ERR,ERR,ERR,ERR,ERR,ERR,ERR,ERR,ERR,ERR,ERR,ERR,ERR,ERR,ERR,ERR,ERR,ERR,ERR,ERR,ERR,ERR,ERR,ERR,ERR,ERR,ERR,ERR,ERR,ERR,ERR,ERR,ERR,-107615240.0,0.0,-117832800.0,0.0,0.0,0.0,0.0,nan,0,0,0,32768,0,0.0,0,0.0,0.0,0.0,0.0,0.0,0,0,0,0,0.0,0,0,0,0,0,0,0,0,0,0,0,0,0,0,0,0,0,0,0,0,0,0,0,0,0,0,0,0,0,0,0,0,0,0,0,0,0,0,0,0,0,0,0,0,0.0,0.0,0.0,0.0,0.0,0.0,0.0,0.0,0.0,0.0,0.0,0.0,0.0,0.0,0.0,0.0,0.0,0.0,0.0,0.0,0.0,0.0,2.004,-0.0,-2.004,-0.0,0.0,0.0,0.0,0.0,3370.0,0.0,0.0,-107615240.0,0.0,-0.0,2.7184274988523002e+23,0.0,0.0,0.0,0.0,0,-3.222024165466893e+26,5.8480295378657616e+35,0.0,0.0,0.0,0.0,0.0,0.0,0.0,0,0,0,0.0,0.0,0.0,0.0,0.0,0.0,0.0,0.0,0.0,0.0,0.0,0.0,0.0,0.0,0.0,0.0,0,-107875648.0,0,0.0,0,-107875648.0,-107877712.0,0,39322,17038,0,17053,13107,17037,0,0,0,110,100,100,0.0,64.0,0.0,64.8,-0.0,68.5,1,49,50,180,0,13107,0,0,0.0,0.0,0.0,0.0,0.0,65.5,0.0,-4.586757495790286e+29,0.0,645,0,686,0,0,0,713,0,785,0,706,0,688,0,645,0,640,0,618,0.032,36962304.0,-0.0,0.0,9104,16789,0.0,-7.418040155778722e+30,5108742656.0,-1470088832.0,-1.755748173832951e+35,-1.0684447842364822e+24,29.0,60.0,70,0.0,0.0,0.0,0.0,0.0,0.0,0.0,0.0,0.0,0.0,0.0,0.0,0.0,0.0,0.0,0.0,59.2,68,12,65509,41,65476,0,300,0,0,8,20529,65476,0,0,61604,60.0,0.0,0.0,0.0,0.0,0.0
2026-04-04T11:47:58,ERR,ERR,ERR,ERR,ERR,ERR,ERR,ERR,ERR,ERR,ERR,ERR,ERR,ERR,ERR,ERR,ERR,ERR,ERR,ERR,ERR,ERR,ERR,ERR,ERR,ERR,ERR,ERR,ERR,ERR,ERR,ERR,ERR,ERR,ERR,ERR,ERR,ERR,ERR,ERR,ERR,ERR,ERR,ERR,ERR,ERR,ERR,ERR,ERR,ERR,ERR,ERR,ERR,ERR,ERR,ERR,ERR,ERR,ERR,ERR,ERR,ERR,ERR,ERR,ERR,ERR,ERR,ERR,ERR,ERR,ERR,ERR,ERR,ERR,ERR,ERR,ERR,ERR,ERR,ERR,ERR,ERR,ERR,ERR,ERR,ERR,ERR,ERR,ERR,ERR,ERR,ERR,ERR,ERR,ERR,ERR,ERR,ERR,ERR,ERR,ERR,ERR,ERR,ERR,ERR,ERR,ERR,ERR,ERR,ERR,ERR,ERR,ERR,ERR,ERR,ERR,ERR,ERR,ERR,ERR,ERR,ERR,ERR,ERR,ERR,0.0,-0.0,-101055584.0,0.0,0.0,0.0,0.0,nan,0,0,0,32768,0,0.0,0,0.0,0.0,0.0,0.0,0.0,0,0,0,0,0.0,0,0,0,0,0,0,0,0,0,0,0,0,0,0,0,0,0,0,0,0,0,0,0,0,0,0,0,0,0,0,0,0,0,0,0,0,0,0,0,0,0,0,0,0,0.0,0.0,0.0,0.0,0.0,0.0,0.0,0.0,0.0,0.0,0.0,0.0,0.0,0.0,0.0,0.0,0.0,0.0,0.0,0.0,0.0,0.0,2.004,-0.0,0.0,-0.0,0.0,0.0,0.0,0.0,3352.5,-3.697153148275864e+19,0.0,-107615240.0,0.0,-0.0,2.7184274988523002e+23,0.0,0.0,0.0,0.0,0,-2.7184278591402704e+23,126839996416.0,0.0,0.0,0.0,0.0,0.0,0.0,0.0,0,0,0,0.0,0.0,0.0,0.0,0.0,0.0,0.0,0.0,0.0,0.0,0.0,0.0,0.0,0.0,0.0,0.0,0,-107875648.0,0,0.0,0,-107875648.0,-107877712.0,0,39322,17038,0,17053,13107,17037,0,0,0,110,100,100,0.0,64.0,0.0,64.8,-0.0,68.5,1,49,50,180,0,13107,0,0,0.0,0.0,0.0,0.0,0.0,65.5,0.0,-4.586757495790286e+29,0.0,645,0,686,0,0,0,713,0,785,0,706,0,688,0,645,0,640,0,618,0.032,36962304.0,-0.0,0.0,9104,16789,0.0,-7.418040155778722e+30,5108742656.0,-1470088832.0,-1.755748173832951e+35,-1.0684447842364822e+24,29.0,60.0,70,0.0,0.0,0.0,0.0,0.0,0.0,0.0,0.0,0.0,0.0,0.0,0.0,0.0,0.0,0.0,0.0,59.2,68,12,65509,41,65476,0,300,0,0,8,20529,65476,0,0,61604,60.0,0.0,0.0,0.0,0.0,0.0
2026-04-04T11:47:59,ERR,ERR,ERR,ERR,ERR,ERR,ERR,ERR,ERR,ERR,ERR,ERR,ERR,ERR,ERR,ERR,ERR,ERR,ERR,ERR,ERR,ERR,ERR,ERR,ERR,ERR,ERR,ERR,ERR,ERR,ERR,ERR,ERR,ERR,ERR,ERR,ERR,ERR,ERR,ERR,ERR,ERR,ERR,ERR,ERR,ERR,ERR,ERR,ERR,ERR,ERR,ERR,ERR,ERR,ERR,ERR,ERR,ERR,ERR,ERR,ERR,ERR,ERR,ERR,ERR,ERR,ERR,ERR,ERR,ERR,ERR,ERR,ERR,ERR,ERR,ERR,ERR,ERR,ERR,ERR,ERR,ERR,ERR,ERR,ERR,ERR,ERR,ERR,ERR,ERR,ERR,ERR,ERR,ERR,ERR,ERR,ERR,ERR,ERR,ERR,ERR,ERR,ERR,ERR,ERR,ERR,ERR,ERR,ERR,ERR,ERR,ERR,ERR,ERR,ERR,ERR,ERR,ERR,ERR,ERR,ERR,ERR,ERR,ERR,ERR,0.0,-0.0,-101055584.0,0.0,0.0,0.0,0.0,nan,0,0,0,32768,0,0.0,0,0.0,0.0,0.0,0.0,0.0,0,0,0,0,0.0,0,0,0,0,0,0,0,0,0,0,0,0,0,0,0,0,0,0,0,0,0,0,0,0,0,0,0,0,0,0,0,0,0,0,0,0,0,0,0,0,0,0,0,0,0.0,0.0,0.0,0.0,0.0,0.0,0.0,0.0,0.0,0.0,0.0,0.0,0.0,0.0,0.0,0.0,0.0,0.0,0.0,0.0,0.0,0.0,2.004,-0.0,0.0,-0.0,0.0,0.0,0.0,0.0,3352.5,-3.697153148275864e+19,0.0,-107615240.0,0.0,-0.0,2.7184274988523002e+23,0.0,0.0,0.0,0.0,0,-2.7184278591402704e+23,126839996416.0,0.0,0.0,0.0,0.0,0.0,0.0,0.0,0,0,0,0.0,0.0,0.0,0.0,0.0,0.0,0.0,0.0,0.0,0.0,0.0,0.0,0.0,0.0,0.0,0.0,0,-107875648.0,0,0.0,0,-107875648.0,-107877712.0,0,39322,17038,0,17053,13107,17037,0,0,0,110,100,100,0.0,64.0,0.0,64.8,-0.0,68.5,1,49,50,180,0,13107,0,0,0.0,0.0,0.0,0.0,0.0,65.5,0.0,-4.586757495790286e+29,0.0,645,0,686,0,0,0,713,0,785,0,706,0,688,0,645,0,640,0,618,0.032,36962304.0,-0.0,0.0,9104,16789,0.0,-7.418040155778722e+30,5108742656.0,-1470088832.0,-1.755748173832951e+35,-1.0684447842364822e+24,29.0,60.0,70,0.0,0.0,0.0,0.0,0.0,0.0,0.0,0.0,0.0,0.0,0.0,0.0,0.0,0.0,0.0,0.0,59.2,68,12,65509,41,65476,0,300,0,0,8,20529,65476,0,0,61604,60.0,0.0,0.0,0.0,0.0,0.0
2026-04-04T11:48:00,ERR,ERR,ERR,ERR,ERR,ERR,ERR,ERR,ERR,ERR,ERR,ERR,ERR,ERR,ERR,ERR,ERR,ERR,ERR,ERR,ERR,ERR,ERR,ERR,ERR,ERR,ERR,ERR,ERR,ERR,ERR,ERR,ERR,ERR,ERR,ERR,ERR,ERR,ERR,ERR,ERR,ERR,ERR,ERR,ERR,ERR,ERR,ERR,ERR,ERR,ERR,ERR,ERR,ERR,ERR,ERR,ERR,ERR,ERR,ERR,ERR,ERR,ERR,ERR,ERR,ERR,ERR,ERR,ERR,ERR,ERR,ERR,ERR,ERR,ERR,ERR,ERR,ERR,ERR,ERR,ERR,ERR,ERR,ERR,ERR,ERR,ERR,ERR,ERR,ERR,ERR,ERR,ERR,ERR,ERR,ERR,ERR,ERR,ERR,ERR,ERR,ERR,ERR,ERR,ERR,ERR,ERR,ERR,ERR,ERR,ERR,ERR,ERR,ERR,ERR,ERR,ERR,ERR,ERR,ERR,ERR,ERR,ERR,ERR,ERR,0.0,-0.0,-101055584.0,0.0,0.0,0.0,0.0,nan,0,0,0,32768,0,0.0,0,0.0,0.0,0.0,0.0,0.0,0,0,0,0,0.0,0,0,0,0,0,0,0,0,0,0,0,0,0,0,0,0,0,0,0,0,0,0,0,0,0,0,0,0,0,0,0,0,0,0,0,0,0,0,0,0,0,0,0,0,0.0,0.0,0.0,0.0,0.0,0.0,0.0,0.0,0.0,0.0,0.0,0.0,0.0,0.0,0.0,0.0,0.0,0.0,0.0,0.0,0.0,0.0,2.004,-0.0,0.0,-0.0,0.0,0.0,0.0,0.0,3352.5,-3.697153148275864e+19,0.0,-107615240.0,0.0,-0.0,2.7184274988523002e+23,0.0,0.0,0.0,0.0,0,-2.7184278591402704e+23,126839996416.0,0.0,0.0,0.0,0.0,0.0,0.0,0.0,0,0,0,0.0,0.0,0.0,0.0,0.0,0.0,0.0,0.0,0.0,0.0,0.0,0.0,0.0,0.0,0.0,0.0,0,-107875648.0,0,0.0,0,-107875648.0,-107877712.0,0,39322,17038,0,17053,26215,17037,0,0,0,110,100,100,0.0,64.0,0.0,64.9,-107615304.0,68.5,1,49,50,180,0,13107,0,0,0.0,0.0,0.0,0.0,0.0,65.5,0.0,-0.0,0.0,645,0,686,0,0,0,713,0,785,0,707,0,688,0,645,0,640,0,618,0.032,36962304.0,-0.0,0.0,16784,16789,0.0,-0.0,0.0,-0.0,-9257479.0,-0.0,29.0,60.0,70,0.0,0.0,0.0,0.0,0.0,0.0,0.0,0.0,0.0,0.0,0.0,0.0,0.0,0.0,0.0,0.0,59.2,68,12,65509,41,65476,0,300,0,0,8,20529,65476,0,0,61604,60.0,0.0,0.0,0.0,0.0,0.0
2026-04-04T11:48:01,ERR,ERR,ERR,ERR,ERR,ERR,ERR,ERR,ERR,ERR,ERR,ERR,ERR,ERR,ERR,ERR,ERR,ERR,ERR,ERR,ERR,ERR,ERR,ERR,ERR,ERR,ERR,ERR,ERR,ERR,ERR,ERR,ERR,ERR,ERR,ERR,ERR,ERR,ERR,ERR,ERR,ERR,ERR,ERR,ERR,ERR,ERR,ERR,ERR,ERR,ERR,ERR,ERR,ERR,ERR,ERR,ERR,ERR,ERR,ERR,ERR,ERR,ERR,ERR,ERR,ERR,ERR,ERR,ERR,ERR,ERR,ERR,ERR,ERR,ERR,ERR,ERR,ERR,ERR,ERR,ERR,ERR,ERR,ERR,ERR,ERR,ERR,ERR,ERR,ERR,ERR,ERR,ERR,ERR,ERR,ERR,ERR,ERR,ERR,ERR,ERR,ERR,ERR,ERR,ERR,ERR,ERR,ERR,ERR,ERR,ERR,ERR,ERR,ERR,ERR,ERR,ERR,ERR,ERR,ERR,ERR,ERR,ERR,ERR,ERR,0.0,-0.0,-101055584.0,0.0,0.0,0.0,0.0,nan,0,0,0,32768,0,0.0,0,0.0,0.0,0.0,0.0,0.0,0,0,0,0,0.0,0,0,0,0,0,0,0,0,0,0,0,0,0,0,0,0,0,0,0,0,0,0,0,0,0,0,0,0,0,0,0,0,0,0,0,0,0,0,0,0,0,0,0,0,0.0,0.0,0.0,0.0,0.0,0.0,0.0,0.0,0.0,0.0,0.0,0.0,0.0,0.0,0.0,0.0,0.0,0.0,0.0,0.0,0.0,0.0,2.004,-0.0,0.0,-0.0,0.0,0.0,0.0,0.0,3352.5,-3.697153148275864e+19,0.0,-107615240.0,0.0,-0.0,2.7184274988523002e+23,0.0,0.0,0.0,0.0,0,-2.7184278591402704e+23,126839996416.0,0.0,0.0,0.0,0.0,0.0,0.0,0.0,0,0,0,0.0,0.0,0.0,0.0,0.0,0.0,0.0,0.0,0.0,0.0,0.0,0.0,0.0,0.0,0.0,0.0,0,-107875648.0,0,0.0,0,-107875648.0,-107877712.0,0,39322,17038,0,17053,26215,17037,0,0,0,110,100,100,0.0,64.0,0.0,64.9,-107615304.0,68.5,1,49,50,180,0,13107,0,0,0.0,0.0,0.0,0.0,0.0,65.5,0.0,-0.0,0.0,645,0,686,0,0,0,713,0,785,0,707,0,688,0,645,0,640,0,618,0.032,36962304.0,-0.0,0.0,16784,16789,0.0,-0.0,0.0,-0.0,-9257479.0,-0.0,29.0,60.0,70,0.0,0.0,0.0,0.0,0.0,0.0,0.0,0.0,0.0,0.0,0.0,0.0,0.0,0.0,0.0,0.0,59.2,68,12,65509,41,65476,0,300,0,0,8,20529,65476,0,0,61604,60.0,0.0,0.0,0.0,0.0,0.0
2026-04-04T11:48:02,ERR,ERR,ERR,ERR,ERR,ERR,ERR,ERR,ERR,ERR,ERR,ERR,ERR,ERR,ERR,ERR,ERR,ERR,ERR,ERR,ERR,ERR,ERR,ERR,ERR,ERR,ERR,ERR,ERR,ERR,ERR,ERR,ERR,ERR,ERR,ERR,ERR,ERR,ERR,ERR,ERR,ERR,ERR,ERR,ERR,ERR,ERR,ERR,ERR,ERR,ERR,ERR,ERR,ERR,ERR,ERR,ERR,ERR,ERR,ERR,ERR,ERR,ERR,ERR,ERR,ERR,ERR,ERR,ERR,ERR,ERR,ERR,ERR,ERR,ERR,ERR,ERR,ERR,ERR,ERR,ERR,ERR,ERR,ERR,ERR,ERR,ERR,ERR,ERR,ERR,ERR,ERR,ERR,ERR,ERR,ERR,ERR,ERR,ERR,ERR,ERR,ERR,ERR,ERR,ERR,ERR,ERR,ERR,ERR,ERR,ERR,ERR,ERR,ERR,ERR,ERR,ERR,ERR,ERR,ERR,ERR,ERR,ERR,ERR,ERR,0.0,-0.0,-101055584.0,0.0,0.0,0.0,0.0,nan,0,0,0,32768,0,0.0,0,0.0,0.0,0.0,0.0,0.0,0,0,0,0,0.0,0,0,0,0,0,0,0,0,0,0,0,0,0,0,0,0,0,0,0,0,0,0,0,0,0,0,0,0,0,0,0,0,0,0,0,0,0,0,0,0,0,0,0,0,0.0,0.0,0.0,0.0,0.0,0.0,0.0,0.0,0.0,0.0,0.0,0.0,0.0,0.0,0.0,0.0,0.0,0.0,0.0,0.0,0.0,0.0,2.004,-0.0,0.0,-0.0,0.0,0.0,0.0,0.0,3352.5,-3.697153148275864e+19,0.0,-107615240.0,0.0,-0.0,2.7184274988523002e+23,0.0,0.0,0.0,0.0,0,-2.7184278591402704e+23,126839996416.0,0.0,0.0,0.0,0.0,0.0,0.0,0.0,0,0,0,0.0,0.0,0.0,0.0,0.0,0.0,0.0,0.0,0.0,0.0,0.0,0.0,0.0,0.0,0.0,0.0,0,-107875648.0,0,0.0,0,-107875648.0,-107877712.0,0,39322,17038,0,17053,26215,17037,0,0,0,110,100,100,0.0,64.0,0.0,64.9,-107615304.0,68.5,1,49,50,180,0,13107,0,0,0.0,0.0,0.0,0.0,0.0,65.5,0.0,-0.0,0.0,645,0,686,0,0,0,713,0,785,0,707,0,688,0,645,0,640,0,618,0.032,36962304.0,-0.0,0.0,16784,16789,0.0,-0.0,0.0,-0.0,-9257479.0,-0.0,29.0,60.0,70,0.0,0.0,0.0,0.0,0.0,0.0,0.0,0.0,0.0,0.0,0.0,0.0,0.0,0.0,0.0,0.0,59.2,68,12,65509,41,65476,0,300,0,0,8,20529,65476,0,0,61604,60.0,0.0,0.0,0.0,0.0,0.0
2026-04-04T11:48:03,ERR,ERR,ERR,ERR,ERR,ERR,ERR,ERR,ERR,ERR,ERR,ERR,ERR,ERR,ERR,ERR,ERR,ERR,ERR,ERR,ERR,ERR,ERR,ERR,ERR,ERR,ERR,ERR,ERR,ERR,ERR,ERR,ERR,ERR,ERR,ERR,ERR,ERR,ERR,ERR,ERR,ERR,ERR,ERR,ERR,ERR,ERR,ERR,ERR,ERR,ERR,ERR,ERR,ERR,ERR,ERR,ERR,ERR,ERR,ERR,ERR,ERR,ERR,ERR,ERR,ERR,ERR,ERR,ERR,ERR,ERR,ERR,ERR,ERR,ERR,ERR,ERR,ERR,ERR,ERR,ERR,ERR,ERR,ERR,ERR,ERR,ERR,ERR,ERR,ERR,ERR,ERR,ERR,ERR,ERR,ERR,ERR,ERR,ERR,ERR,ERR,ERR,ERR,ERR,ERR,ERR,ERR,ERR,ERR,ERR,ERR,ERR,ERR,ERR,ERR,ERR,ERR,ERR,ERR,ERR,ERR,ERR,ERR,ERR,ERR,0.0,-0.0,-101055584.0,0.0,0.0,0.0,0.0,nan,0,0,0,32768,0,0.0,0,0.0,0.0,0.0,0.0,0.0,0,0,0,0,0.0,0,0,0,0,0,0,0,0,0,0,0,0,0,0,0,0,0,0,0,0,0,0,0,0,0,0,0,0,0,0,0,0,0,0,0,0,0,0,0,0,0,0,0,0,0.0,0.0,0.0,0.0,0.0,0.0,0.0,0.0,0.0,0.0,0.0,0.0,0.0,0.0,0.0,0.0,0.0,0.0,0.0,0.0,0.0,0.0,2.004,-0.0,0.0,-0.0,0.0,0.0,0.0,0.0,3352.5,-3.697153148275864e+19,0.0,-107615240.0,0.0,-0.0,2.7184274988523002e+23,0.0,0.0,0.0,0.0,0,-2.7184278591402704e+23,126839996416.0,0.0,0.0,0.0,0.0,0.0,0.0,0.0,0,0,0,0.0,0.0,0.0,0.0,0.0,0.0,0.0,0.0,0.0,0.0,0.0,0.0,0.0,0.0,0.0,0.0,0,-107875648.0,0,0.0,0,-107875648.0,-107877712.0,0,39322,17038,0,17053,26215,17037,0,0,0,110,100,100,0.0,64.0,0.0,64.9,-107615304.0,68.5,1,49,50,180,0,13107,0,0,0.0,0.0,0.0,0.0,0.0,65.5,0.0,-0.0,0.0,645,0,686,0,0,0,713,0,785,0,707,0,688,0,645,0,640,0,618,0.032,36962304.0,-0.0,0.0,16784,16789,0.0,-0.0,0.0,-0.0,-9257479.0,-0.0,29.0,60.0,70,0.0,0.0,0.0,0.0,0.0,0.0,0.0,0.0,0.0,0.0,0.0,0.0,0.0,0.0,0.0,0.0,59.2,68,12,65509,41,65476,0,300,0,0,8,20529,65476,0,0,61604,60.0,0.0,0.0,0.0,0.0,0.0
2026-04-04T11:48:04,ERR,ERR,ERR,ERR,ERR,ERR,ERR,ERR,ERR,ERR,ERR,ERR,ERR,ERR,ERR,ERR,ERR,ERR,ERR,ERR,ERR,ERR,ERR,ERR,ERR,ERR,ERR,ERR,ERR,ERR,ERR,ERR,ERR,ERR,ERR,ERR,ERR,ERR,ERR,ERR,ERR,ERR,ERR,ERR,ERR,ERR,ERR,ERR,ERR,ERR,ERR,ERR,ERR,ERR,ERR,ERR,ERR,ERR,ERR,ERR,ERR,ERR,ERR,ERR,ERR,ERR,ERR,ERR,ERR,ERR,ERR,ERR,ERR,ERR,ERR,ERR,ERR,ERR,ERR,ERR,ERR,ERR,ERR,ERR,ERR,ERR,ERR,ERR,ERR,ERR,ERR,ERR,ERR,ERR,ERR,ERR,ERR,ERR,ERR,ERR,ERR,ERR,ERR,ERR,ERR,ERR,ERR,ERR,ERR,ERR,ERR,ERR,ERR,ERR,ERR,ERR,ERR,ERR,ERR,ERR,ERR,ERR,ERR,ERR,ERR,0.0,-0.0,-101055584.0,0.0,0.0,0.0,0.0,nan,0,0,0,32768,0,0.0,0,0.0,0.0,0.0,0.0,0.0,0,0,0,0,0.0,0,0,0,0,0,0,0,0,0,0,0,0,0,0,0,0,0,0,0,0,0,0,0,0,0,0,0,0,0,0,0,0,0,0,0,0,0,0,0,0,0,0,0,0,0.0,0.0,0.0,0.0,0.0,0.0,0.0,0.0,0.0,0.0,0.0,0.0,0.0,0.0,0.0,0.0,0.0,0.0,0.0,0.0,0.0,0.0,2.004,-0.0,0.0,-0.0,0.0,0.0,0.0,0.0,3352.5,-3.697153148275864e+19,0.0,-107615240.0,0.0,-0.0,2.7184274988523002e+23,0.0,0.0,0.0,0.0,0,-2.7184278591402704e+23,126839996416.0,0.0,0.0,0.0,0.0,0.0,0.0,0.0,0,0,0,0.0,0.0,0.0,0.0,0.0,0.0,0.0,0.0,0.0,0.0,0.0,0.0,0.0,0.0,0.0,0.0,0,-107875648.0,0,0.0,0,-107875648.0,-107877712.0,0,39322,17038,0,17053,26215,17037,0,0,0,110,100,100,0.0,64.0,0.0,64.9,-107615304.0,68.5,1,49,50,180,0,13107,0,0,0.0,0.0,0.0,0.0,0.0,65.5,0.0,-0.0,0.0,645,0,686,0,0,0,713,0,785,0,707,0,688,0,645,0,640,0,618,0.032,36962304.0,-0.0,0.0,16784,16789,0.0,-0.0,0.0,-0.0,-9257479.0,-0.0,29.0,60.0,70,0.0,0.0,0.0,0.0,0.0,0.0,0.0,0.0,0.0,0.0,0.0,0.0,0.0,0.0,0.0,0.0,59.6,68,12,65509,41,65476,0,300,0,0,8,20529,65476,0,0,61604,60.0,0.0,0.0,0.0,0.0,0.0
2026-04-04T11:48:05,ERR,ERR,ERR,ERR,ERR,ERR,ERR,ERR,ERR,ERR,ERR,ERR,ERR,ERR,ERR,ERR,ERR,ERR,ERR,ERR,ERR,ERR,ERR,ERR,ERR,ERR,ERR,ERR,ERR,ERR,ERR,ERR,ERR,ERR,ERR,ERR,ERR,ERR,ERR,ERR,ERR,ERR,ERR,ERR,ERR,ERR,ERR,ERR,ERR,ERR,ERR,ERR,ERR,ERR,ERR,ERR,ERR,ERR,ERR,ERR,ERR,ERR,ERR,ERR,ERR,ERR,ERR,ERR,ERR,ERR,ERR,ERR,ERR,ERR,ERR,ERR,ERR,ERR,ERR,ERR,ERR,ERR,ERR,ERR,ERR,ERR,ERR,ERR,ERR,ERR,ERR,ERR,ERR,ERR,ERR,ERR,ERR,ERR,ERR,ERR,ERR,ERR,ERR,ERR,ERR,ERR,ERR,ERR,ERR,ERR,ERR,ERR,ERR,ERR,ERR,ERR,ERR,ERR,ERR,ERR,ERR,ERR,ERR,ERR,ERR,-107615240.0,0.0,-117832800.0,0.0,0.0,0.0,0.0,nan,0,0,0,32768,0,0.0,0,0.0,0.0,0.0,0.0,0.0,0,0,0,0,0.0,0,0,0,0,0,0,0,0,0,0,0,0,0,0,0,0,0,0,0,0,0,0,0,0,0,0,0,0,0,0,0,0,0,0,0,0,0,0,0,0,0,0,0,0,0.0,0.0,0.0,0.0,0.0,0.0,0.0,0.0,0.0,0.0,0.0,0.0,0.0,0.0,0.0,0.0,0.0,0.0,0.0,0.0,0.0,0.0,2.004,-0.0,-2.004,-0.0,0.0,0.0,0.0,0.0,3355.5,-3.697153148275864e+19,0.0,-107615240.0,0.0,-0.0,2.7184274988523002e+23,0.0,0.0,0.0,0.0,0,-5.8480786593265204e+35,126839996416.0,0.0,0.0,0.0,0.0,0.0,0.0,0.0,0,0,0,0.0,0.0,0.0,0.0,0.0,0.0,0.0,0.0,0.0,0.0,0.0,0.0,0.0,0.0,0.0,0.0,0,-107875648.0,0,0.0,0,-107875648.0,-107877712.0,0,39322,17038,0,17053,26215,17037,0,0,0,110,100,100,0.0,64.0,0.0,64.9,-107615304.0,68.5,1,49,50,180,0,13107,0,0,0.0,0.0,0.0,0.0,0.0,65.5,0.0,-0.0,0.0,645,0,686,0,0,0,713,0,785,0,707,0,688,0,645,0,640,0,618,0.032,36962304.0,-0.0,0.0,16784,16789,0.0,-0.0,0.0,-0.0,-9257479.0,-0.0,29.0,60.0,70,0.0,0.0,0.0,0.0,0.0,0.0,0.0,0.0,0.0,0.0,0.0,0.0,0.0,0.0,0.0,0.0,59.6,68,12,65509,41,65476,0,300,0,0,8,20529,65476,0,0,61604,60.0,0.0,0.0,0.0,0.0,0.0
2026-04-04T11:48:06,ERR,ERR,ERR,ERR,ERR,ERR,ERR,ERR,ERR,ERR,ERR,ERR,ERR,ERR,ERR,ERR,ERR,ERR,ERR,ERR,ERR,ERR,ERR,ERR,ERR,ERR,ERR,ERR,ERR,ERR,ERR,ERR,ERR,ERR,ERR,ERR,ERR,ERR,ERR,ERR,ERR,ERR,ERR,ERR,ERR,ERR,ERR,ERR,ERR,ERR,ERR,ERR,ERR,ERR,ERR,ERR,ERR,ERR,ERR,ERR,ERR,ERR,ERR,ERR,ERR,ERR,ERR,ERR,ERR,ERR,ERR,ERR,ERR,ERR,ERR,ERR,ERR,ERR,ERR,ERR,ERR,ERR,ERR,ERR,ERR,ERR,ERR,ERR,ERR,ERR,ERR,ERR,ERR,ERR,ERR,ERR,ERR,ERR,ERR,ERR,ERR,ERR,ERR,ERR,ERR,ERR,ERR,ERR,ERR,ERR,ERR,ERR,ERR,ERR,ERR,ERR,ERR,ERR,ERR,ERR,ERR,ERR,ERR,ERR,ERR,-107615240.0,0.0,-117832800.0,0.0,0.0,0.0,0.0,nan,0,0,0,32768,0,0.0,0,0.0,0.0,0.0,0.0,0.0,0,0,0,0,0.0,0,0,0,0,0,0,0,0,0,0,0,0,0,0,0,0,0,0,0,0,0,0,0,0,0,0,0,0,0,0,0,0,0,0,0,0,0,0,0,0,0,0,0,0,0.0,0.0,0.0,0.0,0.0,0.0,0.0,0.0,0.0,0.0,0.0,0.0,0.0,0.0,0.0,0.0,0.0,0.0,0.0,0.0,0.0,0.0,2.004,-0.0,-2.004,-0.0,0.0,0.0,0.0,0.0,3355.5,-3.697153148275864e+19,0.0,-107615240.0,0.0,-0.0,2.7184274988523002e+23,0.0,0.0,0.0,0.0,0,-5.8480786593265204e+35,126839996416.0,0.0,0.0,0.0,0.0,0.0,0.0,0.0,0,0,0,0.0,0.0,0.0,0.0,0.0,0.0,0.0,0.0,0.0,0.0,0.0,0.0,0.0,0.0,0.0,0.0,0,-107875648.0,0,0.0,0,-107875648.0,-107877712.0,0,39322,17038,0,17053,26215,17037,0,0,0,110,100,100,0.0,64.0,0.0,64.8,-0.0,68.5,1,49,50,180,0,13107,0,0,0.0,0.0,0.0,0.0,0.0,65.5,0.0,1.2694461927195607e+27,0.0,645,0,686,0,0,0,713,0,785,0,707,0,689,0,645,0,640,0,618,0.032,36700160.0,-0.0,0.0,8080,16789,0.0,1.3869389659612626e+28,0.0,-1.7609474163136543e+29,-24193808384.0,-0.0,29.0,60.0,70,0.0,0.0,0.0,0.0,0.0,0.0,0.0,0.0,0.0,0.0,0.0,0.0,0.0,0.0,0.0,0.0,59.2,68,12,65509,41,65476,0,300,0,0,8,20529,65476,0,0,61604,60.0,0.0,0.0,0.0,0.0,0.0
2026-04-04T11:48:07,ERR,ERR,ERR,ERR,ERR,ERR,ERR,ERR,ERR,ERR,ERR,ERR,ERR,ERR,ERR,ERR,ERR,ERR,ERR,ERR,ERR,ERR,ERR,ERR,ERR,ERR,ERR,ERR,ERR,ERR,ERR,ERR,ERR,ERR,ERR,ERR,ERR,ERR,ERR,ERR,ERR,ERR,ERR,ERR,ERR,ERR,ERR,ERR,ERR,ERR,ERR,ERR,ERR,ERR,ERR,ERR,ERR,ERR,ERR,ERR,ERR,ERR,ERR,ERR,ERR,ERR,ERR,ERR,ERR,ERR,ERR,ERR,ERR,ERR,ERR,ERR,ERR,ERR,ERR,ERR,ERR,ERR,ERR,ERR,ERR,ERR,ERR,ERR,ERR,ERR,ERR,ERR,ERR,ERR,ERR,ERR,ERR,ERR,ERR,ERR,ERR,ERR,ERR,ERR,ERR,ERR,ERR,ERR,ERR,ERR,ERR,ERR,ERR,ERR,ERR,ERR,ERR,ERR,ERR,ERR,ERR,ERR,ERR,ERR,ERR,-107615240.0,0.0,-117832800.0,0.0,0.0,0.0,0.0,nan,0,0,0,32768,0,0.0,0,0.0,0.0,0.0,0.0,0.0,0,0,0,0,0.0,0,0,0,0,0,0,0,0,0,0,0,0,0,0,0,0,0,0,0,0,0,0,0,0,0,0,0,0,0,0,0,0,0,0,0,0,0,0,0,0,0,0,0,0,0.0,0.0,0.0,0.0,0.0,0.0,0.0,0.0,0.0,0.0,0.0,0.0,0.0,0.0,0.0,0.0,0.0,0.0,0.0,0.0,0.0,0.0,2.004,-0.0,-2.004,-0.0,0.0,0.0,0.0,0.0,3355.5,-3.697153148275864e+19,0.0,-107615240.0,0.0,-0.0,2.7184274988523002e+23,0.0,0.0,0.0,0.0,0,-5.8480786593265204e+35,126839996416.0,0.0,0.0,0.0,0.0,0.0,0.0,0.0,0,0,0,0.0,0.0,0.0,0.0,0.0,0.0,0.0,0.0,0.0,0.0,0.0,0.0,0.0,0.0,0.0,0.0,0,-107875648.0,0,0.0,0,-107875648.0,-107877712.0,0,39322,17038,0,17053,26215,17037,0,0,0,110,100,100,0.0,64.0,0.0,64.8,-0.0,68.5,1,49,50,180,0,13107,0,0,0.0,0.0,0.0,0.0,0.0,65.5,0.0,1.2694461927195607e+27,0.0,645,0,686,0,0,0,713,0,785,0,707,0,689,0,645,0,640,0,618,0.032,36700160.0,-0.0,0.0,8080,16789,0.0,1.3869389659612626e+28,0.0,-1.7609474163136543e+29,-24193808384.0,-0.0,29.0,60.0,70,0.0,0.0,0.0,0.0,0.0,0.0,0.0,0.0,0.0,0.0,0.0,0.0,0.0,0.0,0.0,0.0,59.2,68,12,65509,41,65476,0,300,0,0,8,20529,65476,0,0,61604,60.0,0.0,0.0,0.0,0.0,0.0
2026-04-04T11:48:08,ERR,ERR,ERR,ERR,ERR,ERR,ERR,ERR,ERR,ERR,ERR,ERR,ERR,ERR,ERR,ERR,ERR,ERR,ERR,ERR,ERR,ERR,ERR,ERR,ERR,ERR,ERR,ERR,ERR,ERR,ERR,ERR,ERR,ERR,ERR,ERR,ERR,ERR,ERR,ERR,ERR,ERR,ERR,ERR,ERR,ERR,ERR,ERR,ERR,ERR,ERR,ERR,ERR,ERR,ERR,ERR,ERR,ERR,ERR,ERR,ERR,ERR,ERR,ERR,ERR,ERR,ERR,ERR,ERR,ERR,ERR,ERR,ERR,ERR,ERR,ERR,ERR,ERR,ERR,ERR,ERR,ERR,ERR,ERR,ERR,ERR,ERR,ERR,ERR,ERR,ERR,ERR,ERR,ERR,ERR,ERR,ERR,ERR,ERR,ERR,ERR,ERR,ERR,ERR,ERR,ERR,ERR,ERR,ERR,ERR,ERR,ERR,ERR,ERR,ERR,ERR,ERR,ERR,ERR,ERR,ERR,ERR,ERR,ERR,ERR,-107615240.0,0.0,-117832800.0,0.0,0.0,0.0,0.0,nan,0,0,0,32768,0,0.0,0,0.0,0.0,0.0,0.0,0.0,0,0,0,0,0.0,0,0,0,0,0,0,0,0,0,0,0,0,0,0,0,0,0,0,0,0,0,0,0,0,0,0,0,0,0,0,0,0,0,0,0,0,0,0,0,0,0,0,0,0,0.0,0.0,0.0,0.0,0.0,0.0,0.0,0.0,0.0,0.0,0.0,0.0,0.0,0.0,0.0,0.0,0.0,0.0,0.0,0.0,0.0,0.0,2.004,-0.0,-2.004,-0.0,0.0,0.0,0.0,0.0,3355.5,-3.697153148275864e+19,0.0,-107615240.0,0.0,-0.0,2.7184274988523002e+23,0.0,0.0,0.0,0.0,0,-5.8480786593265204e+35,126839996416.0,0.0,0.0,0.0,0.0,0.0,0.0,0.0,0,0,0,0.0,0.0,0.0,0.0,0.0,0.0,0.0,0.0,0.0,0.0,0.0,0.0,0.0,0.0,0.0,0.0,0,-107875648.0,0,0.0,0,-107875648.0,-107877712.0,0,39322,17038,0,17053,26215,17037,0,0,0,110,100,100,0.0,64.0,0.0,64.8,-0.0,68.5,1,49,50,180,0,13107,0,0,0.0,0.0,0.0,0.0,0.0,65.5,0.0,1.2694461927195607e+27,0.0,645,0,686,0,0,0,713,0,785,0,707,0,689,0,645,0,640,0,618,0.032,36700160.0,-0.0,0.0,8080,16789,0.0,1.3869389659612626e+28,0.0,-1.7609474163136543e+29,-24193808384.0,-0.0,29.0,60.0,70,0.0,0.0,0.0,0.0,0.0,0.0,0.0,0.0,0.0,0.0,0.0,0.0,0.0,0.0,0.0,0.0,59.2,68,12,65509,41,65476,0,300,0,0,8,20529,65476,0,0,61604,60.0,0.0,0.0,0.0,0.0,0.0
2026-04-04T11:48:09,ERR,ERR,ERR,ERR,ERR,ERR,ERR,ERR,ERR,ERR,ERR,ERR,ERR,ERR,ERR,ERR,ERR,ERR,ERR,ERR,ERR,ERR,ERR,ERR,ERR,ERR,ERR,ERR,ERR,ERR,ERR,ERR,ERR,ERR,ERR,ERR,ERR,ERR,ERR,ERR,ERR,ERR,ERR,ERR,ERR,ERR,ERR,ERR,ERR,ERR,ERR,ERR,ERR,ERR,ERR,ERR,ERR,ERR,ERR,ERR,ERR,ERR,ERR,ERR,ERR,ERR,ERR,ERR,ERR,ERR,ERR,ERR,ERR,ERR,ERR,ERR,ERR,ERR,ERR,ERR,ERR,ERR,ERR,ERR,ERR,ERR,ERR,ERR,ERR,ERR,ERR,ERR,ERR,ERR,ERR,ERR,ERR,ERR,ERR,ERR,ERR,ERR,ERR,ERR,ERR,ERR,ERR,ERR,ERR,ERR,ERR,ERR,ERR,ERR,ERR,ERR,ERR,ERR,ERR,ERR,ERR,ERR,ERR,ERR,ERR,-107615240.0,0.0,-117832800.0,0.0,0.0,0.0,0.0,nan,0,0,0,32768,0,0.0,0,0.0,0.0,0.0,0.0,0.0,0,0,0,0,0.0,0,0,0,0,0,0,0,0,0,0,0,0,0,0,0,0,0,0,0,0,0,0,0,0,0,0,0,0,0,0,0,0,0,0,0,0,0,0,0,0,0,0,0,0,0.0,0.0,0.0,0.0,0.0,0.0,0.0,0.0,0.0,0.0,0.0,0.0,0.0,0.0,0.0,0.0,0.0,0.0,0.0,0.0,0.0,0.0,2.004,-0.0,-2.004,-0.0,0.0,0.0,0.0,0.0,3355.5,-3.697153148275864e+19,0.0,-107615240.0,0.0,-0.0,2.7184274988523002e+23,0.0,0.0,0.0,0.0,0,-5.8480786593265204e+35,126839996416.0,0.0,0.0,0.0,0.0,0.0,0.0,0.0,0,0,0,0.0,0.0,0.0,0.0,0.0,0.0,0.0,0.0,0.0,0.0,0.0,0.0,0.0,0.0,0.0,0.0,0,-107875648.0,0,0.0,0,-107875648.0,-107877712.0,0,39322,17038,0,17053,26215,17037,0,0,0,110,100,100,0.0,64.0,0.0,64.8,-0.0,68.5,1,49,50,180,0,13107,0,0,0.0,0.0,0.0,0.0,0.0,65.5,0.0,1.2694461927195607e+27,0.0,645,0,686,0,0,0,713,0,785,0,707,0,689,0,645,0,640,0,618,0.032,36700160.0,-0.0,0.0,8080,16789,0.0,1.3869389659612626e+28,0.0,-1.7609474163136543e+29,-24193808384.0,-0.0,29.0,60.0,70,0.0,0.0,0.0,0.0,0.0,0.0,0.0,0.0,0.0,0.0,0.0,0.0,0.0,0.0,0.0,0.0,59.6,68,12,65509,41,65476,0,300,0,0,8,20529,65476,0,0,61604,60.0,0.0,0.0,0.0,0.0,0.0
2026-04-04T11:48:10,ERR,ERR,ERR,ERR,ERR,ERR,ERR,ERR,ERR,ERR,ERR,ERR,ERR,ERR,ERR,ERR,ERR,ERR,ERR,ERR,ERR,ERR,ERR,ERR,ERR,ERR,ERR,ERR,ERR,ERR,ERR,ERR,ERR,ERR,ERR,ERR,ERR,ERR,ERR,ERR,ERR,ERR,ERR,ERR,ERR,ERR,ERR,ERR,ERR,ERR,ERR,ERR,ERR,ERR,ERR,ERR,ERR,ERR,ERR,ERR,ERR,ERR,ERR,ERR,ERR,ERR,ERR,ERR,ERR,ERR,ERR,ERR,ERR,ERR,ERR,ERR,ERR,ERR,ERR,ERR,ERR,ERR,ERR,ERR,ERR,ERR,ERR,ERR,ERR,ERR,ERR,ERR,ERR,ERR,ERR,ERR,ERR,ERR,ERR,ERR,ERR,ERR,ERR,ERR,ERR,ERR,ERR,ERR,ERR,ERR,ERR,ERR,ERR,ERR,ERR,ERR,ERR,ERR,ERR,ERR,ERR,ERR,ERR,ERR,ERR,-107615240.0,0.0,-117832800.0,0.0,0.0,0.0,0.0,nan,0,0,0,32768,0,0.0,0,0.0,0.0,0.0,0.0,0.0,0,0,0,0,0.0,0,0,0,0,0,0,0,0,0,0,0,0,0,0,0,0,0,0,0,0,0,0,0,0,0,0,0,0,0,0,0,0,0,0,0,0,0,0,0,0,0,0,0,0,0.0,0.0,0.0,0.0,0.0,0.0,0.0,0.0,0.0,0.0,0.0,0.0,0.0,0.0,0.0,0.0,0.0,0.0,0.0,0.0,0.0,0.0,2.004,-0.0,-2.004,-0.0,0.0,0.0,0.0,0.0,3355.5,-3.697153148275864e+19,0.0,-107615240.0,0.0,-0.0,2.7184274988523002e+23,0.0,0.0,0.0,0.0,0,-5.8480786593265204e+35,126839996416.0,0.0,0.0,0.0,0.0,0.0,0.0,0.0,0,0,0,0.0,0.0,0.0,0.0,0.0,0.0,0.0,0.0,0.0,0.0,0.0,0.0,0.0,0.0,0.0,0.0,0,-107875648.0,0,0.0,0,-107875648.0,-107877712.0,0,39322,17038,0,17053,26215,17037,0,0,0,110,100,100,0.0,64.0,0.0,64.8,-0.0,68.5,1,49,50,180,0,13107,0,0,0.0,0.0,0.0,0.0,0.0,65.5,0.0,1.2694461927195607e+27,0.0,645,0,686,0,0,0,713,0,785,0,707,0,689,0,645,0,640,0,618,0.032,36700160.0,-0.0,0.0,8080,16789,0.0,1.3869389659612626e+28,0.0,-1.7609474163136543e+29,-24193808384.0,-0.0,29.0,60.0,70,0.0,0.0,0.0,0.0,0.0,0.0,0.0,0.0,0.0,0.0,0.0,0.0,0.0,0.0,0.0,0.0,59.6,68,12,65509,41,65476,0,300,0,0,8,20529,65476,0,0,61604,60.0,0.0,0.0,0.0,0.0,0.0
2026-04-04T11:48:11,ERR,ERR,ERR,ERR,ERR,ERR,ERR,ERR,ERR,ERR,ERR,ERR,ERR,ERR,ERR,ERR,ERR,ERR,ERR,ERR,ERR,ERR,ERR,ERR,ERR,ERR,ERR,ERR,ERR,ERR,ERR,ERR,ERR,ERR,ERR,ERR,ERR,ERR,ERR,ERR,ERR,ERR,ERR,ERR,ERR,ERR,ERR,ERR,ERR,ERR,ERR,ERR,ERR,ERR,ERR,ERR,ERR,ERR,ERR,ERR,ERR,ERR,ERR,ERR,ERR,ERR,ERR,ERR,ERR,ERR,ERR,ERR,ERR,ERR,ERR,ERR,ERR,ERR,ERR,ERR,ERR,ERR,ERR,ERR,ERR,ERR,ERR,ERR,ERR,ERR,ERR,ERR,ERR,ERR,ERR,ERR,ERR,ERR,ERR,ERR,ERR,ERR,ERR,ERR,ERR,ERR,ERR,ERR,ERR,ERR,ERR,ERR,ERR,ERR,ERR,ERR,ERR,ERR,ERR,ERR,ERR,ERR,ERR,ERR,ERR,-107615240.0,0.0,-117832800.0,0.0,0.0,0.0,0.0,nan,0,0,0,32768,0,0.0,0,0.0,0.0,0.0,0.0,0.0,0,0,0,0,0.0,0,0,0,0,0,0,0,0,0,0,0,0,0,0,0,0,0,0,0,0,0,0,0,0,0,0,0,0,0,0,0,0,0,0,0,0,0,0,0,0,0,0,0,0,0.0,0.0,0.0,0.0,0.0,0.0,0.0,0.0,0.0,0.0,0.0,0.0,0.0,0.0,0.0,0.0,0.0,0.0,0.0,0.0,0.0,0.0,2.004,-0.0,-2.004,-0.0,0.0,0.0,0.0,0.0,3355.5,-3.697153148275864e+19,0.0,-107615240.0,0.0,-0.0,2.7184274988523002e+23,0.0,0.0,0.0,0.0,0,-5.8480786593265204e+35,126839996416.0,0.0,0.0,0.0,0.0,0.0,0.0,0.0,0,0,0,0.0,0.0,0.0,0.0,0.0,0.0,0.0,0.0,0.0,0.0,0.0,0.0,0.0,0.0,0.0,0.0,0,-107875648.0,0,0.0,0,-107875648.0,-107877712.0,0,39322,17038,0,17053,26215,17037,0,0,0,110,100,100,0.0,64.0,0.0,64.8,-0.0,68.5,1,49,50,180,0,13107,0,0,0.0,0.0,0.0,0.0,0.0,65.5,0.0,1.2694461927195607e+27,0.0,645,0,686,0,0,0,713,0,785,0,707,0,689,0,645,0,640,0,618,0.032,36700160.0,-0.0,0.0,8080,16789,0.0,1.3869389659612626e+28,0.0,-1.7609474163136543e+29,-24193808384.0,-0.0,29.0,60.0,70,0.0,0.0,0.0,0.0,0.0,0.0,0.0,0.0,0.0,0.0,0.0,0.0,0.0,0.0,0.0,0.0,59.6,68,12,65509,41,65476,0,300,0,0,8,20529,65476,0,0,61604,60.0,0.0,0.0,0.0,0.0,0.0
2026-04-04T11:48:12,ERR,ERR,ERR,ERR,ERR,ERR,ERR,ERR,ERR,ERR,ERR,ERR,ERR,ERR,ERR,ERR,ERR,ERR,ERR,ERR,ERR,ERR,ERR,ERR,ERR,ERR,ERR,ERR,ERR,ERR,ERR,ERR,ERR,ERR,ERR,ERR,ERR,ERR,ERR,ERR,ERR,ERR,ERR,ERR,ERR,ERR,ERR,ERR,ERR,ERR,ERR,ERR,ERR,ERR,ERR,ERR,ERR,ERR,ERR,ERR,ERR,ERR,ERR,ERR,ERR,ERR,ERR,ERR,ERR,ERR,ERR,ERR,ERR,ERR,ERR,ERR,ERR,ERR,ERR,ERR,ERR,ERR,ERR,ERR,ERR,ERR,ERR,ERR,ERR,ERR,ERR,ERR,ERR,ERR,ERR,ERR,ERR,ERR,ERR,ERR,ERR,ERR,ERR,ERR,ERR,ERR,ERR,ERR,ERR,ERR,ERR,ERR,ERR,ERR,ERR,ERR,ERR,ERR,ERR,ERR,ERR,ERR,ERR,ERR,ERR,-107615240.0,0.0,-117832800.0,0.0,0.0,0.0,0.0,nan,0,0,0,32768,0,0.0,0,0.0,0.0,0.0,0.0,0.0,0,0,0,0,0.0,0,0,0,0,0,0,0,0,0,0,0,0,0,0,0,0,0,0,0,0,0,0,0,0,0,0,0,0,0,0,0,0,0,0,0,0,0,0,0,0,0,0,0,0,0.0,0.0,0.0,0.0,0.0,0.0,0.0,0.0,0.0,0.0,0.0,0.0,0.0,0.0,0.0,0.0,0.0,0.0,0.0,0.0,0.0,0.0,2.004,-0.0,-2.004,-0.0,0.0,0.0,0.0,0.0,3355.5,-3.697153148275864e+19,0.0,-107615240.0,0.0,-0.0,2.7184274988523002e+23,0.0,0.0,0.0,0.0,0,-5.8480786593265204e+35,126839996416.0,0.0,0.0,0.0,0.0,0.0,0.0,0.0,0,0,0,0.0,0.0,0.0,0.0,0.0,0.0,0.0,0.0,0.0,0.0,0.0,0.0,0.0,0.0,0.0,0.0,0,-107875648.0,0,0.0,0,-107875648.0,-107877712.0,0,39322,17038,0,17053,26215,17037,0,0,0,110,100,100,0.0,64.0,0.0,64.9,-107615304.0,68.5,1,49,50,180,0,13107,0,0,0.0,0.0,0.0,0.0,0.0,65.5,0.0,7.1796988741890515e+22,0.0,645,0,686,0,0,0,713,0,785,0,707,0,688,0,645,0,640,0,618,0.032,36700160.0,-0.0,0.0,5008,16789,0.0,8882518753280.0,-45888.609,-0.0,-0.0,1.8242441579265914e+31,29.0,60.0,70,0.0,0.0,0.0,0.0,0.0,0.0,0.0,0.0,0.0,0.0,0.0,0.0,0.0,0.0,0.0,0.0,59.2,68,12,65509,41,65476,0,300,0,0,8,20529,65476,0,0,61604,60.0,0.0,0.0,0.0,0.0,0.0
2026-04-04T11:48:13,ERR,ERR,ERR,ERR,ERR,ERR,ERR,ERR,ERR,ERR,ERR,ERR,ERR,ERR,ERR,ERR,ERR,ERR,ERR,ERR,ERR,ERR,ERR,ERR,ERR,ERR,ERR,ERR,ERR,ERR,ERR,ERR,ERR,ERR,ERR,ERR,ERR,ERR,ERR,ERR,ERR,ERR,ERR,ERR,ERR,ERR,ERR,ERR,ERR,ERR,ERR,ERR,ERR,ERR,ERR,ERR,ERR,ERR,ERR,ERR,ERR,ERR,ERR,ERR,ERR,ERR,ERR,ERR,ERR,ERR,ERR,ERR,ERR,ERR,ERR,ERR,ERR,ERR,ERR,ERR,ERR,ERR,ERR,ERR,ERR,ERR,ERR,ERR,ERR,ERR,ERR,ERR,ERR,ERR,ERR,ERR,ERR,ERR,ERR,ERR,ERR,ERR,ERR,ERR,ERR,ERR,ERR,ERR,ERR,ERR,ERR,ERR,ERR,ERR,ERR,ERR,ERR,ERR,ERR,ERR,ERR,ERR,ERR,ERR,ERR,0.0,0.0,-0.0,0.0,0.0,0.0,0.0,nan,0,0,0,32768,0,0.0,0,0.0,0.0,0.0,0.0,0.0,0,0,0,0,0.0,0,0,0,0,0,0,0,0,0,0,0,0,0,0,0,0,0,0,0,0,0,0,0,0,0,0,0,0,0,0,0,0,0,0,0,0,0,0,0,0,0,0,0,0,0.0,0.0,0.0,0.0,0.0,0.0,0.0,0.0,0.0,0.0,0.0,0.0,0.0,0.0,0.0,0.0,0.0,0.0,0.0,0.0,0.0,0.0,-0.0,-0.0,-2.004,-0.0,0.0,0.0,0.0,0.0,3354.5,-3.697153148275864e+19,0.0,-107615240.0,0.0,-0.0,-0.0,0.0,0.0,0.0,0.0,0,-4.0668755697950344e+29,1.9056745840535142e+17,0.0,0.0,0.0,0.0,0.0,0.0,0.0,0,0,0,0.0,0.0,0.0,0.0,0.0,0.0,0.0,0.0,0.0,0.0,0.0,0.0,0.0,0.0,0.0,0.0,0,-107875648.0,0,0.0,0,-107875648.0,-107877712.0,0,39322,17038,0,17053,26215,17037,0,0,0,110,100,100,0.0,64.0,0.0,64.9,-107615304.0,68.5,1,49,50,180,0,13107,0,0,0.0,0.0,0.0,0.0,0.0,65.5,0.0,7.1796988741890515e+22,0.0,645,0,686,0,0,0,713,0,785,0,707,0,688,0,645,0,640,0,618,0.032,36700160.0,-0.0,0.0,5008,16789,0.0,8882518753280.0,-45888.609,-0.0,-0.0,1.8242441579265914e+31,29.0,60.0,70,0.0,0.0,0.0,0.0,0.0,0.0,0.0,0.0,0.0,0.0,0.0,0.0,0.0,0.0,0.0,0.0,59.2,68,12,65509,41,65476,0,300,0,0,8,20529,65476,0,0,61604,60.0,0.0,0.0,0.0,0.0,0.0
2026-04-04T11:48:14,ERR,ERR,ERR,ERR,ERR,ERR,ERR,ERR,ERR,ERR,ERR,ERR,ERR,ERR,ERR,ERR,ERR,ERR,ERR,ERR,ERR,ERR,ERR,ERR,ERR,ERR,ERR,ERR,ERR,ERR,ERR,ERR,ERR,ERR,ERR,ERR,ERR,ERR,ERR,ERR,ERR,ERR,ERR,ERR,ERR,ERR,ERR,ERR,ERR,ERR,ERR,ERR,ERR,ERR,ERR,ERR,ERR,ERR,ERR,ERR,ERR,ERR,ERR,ERR,ERR,ERR,ERR,ERR,ERR,ERR,ERR,ERR,ERR,ERR,ERR,ERR,ERR,ERR,ERR,ERR,ERR,ERR,ERR,ERR,ERR,ERR,ERR,ERR,ERR,ERR,ERR,ERR,ERR,ERR,ERR,ERR,ERR,ERR,ERR,ERR,ERR,ERR,ERR,ERR,ERR,ERR,ERR,ERR,ERR,ERR,ERR,ERR,ERR,ERR,ERR,ERR,ERR,ERR,ERR,ERR,ERR,ERR,ERR,ERR,ERR,0.0,0.0,-0.0,0.0,0.0,0.0,0.0,nan,0,0,0,32768,0,0.0,0,0.0,0.0,0.0,0.0,0.0,0,0,0,0,0.0,0,0,0,0,0,0,0,0,0,0,0,0,0,0,0,0,0,0,0,0,0,0,0,0,0,0,0,0,0,0,0,0,0,0,0,0,0,0,0,0,0,0,0,0,0.0,0.0,0.0,0.0,0.0,0.0,0.0,0.0,0.0,0.0,0.0,0.0,0.0,0.0,0.0,0.0,0.0,0.0,0.0,0.0,0.0,0.0,-0.0,-0.0,-2.004,-0.0,0.0,0.0,0.0,0.0,3354.5,-3.697153148275864e+19,0.0,-107615240.0,0.0,-0.0,-0.0,0.0,0.0,0.0,0.0,0,-4.0668755697950344e+29,1.9056745840535142e+17,0.0,0.0,0.0,0.0,0.0,0.0,0.0,0,0,0,0.0,0.0,0.0,0.0,0.0,0.0,0.0,0.0,0.0,0.0,0.0,0.0,0.0,0.0,0.0,0.0,0,-107875648.0,0,0.0,0,-107875648.0,-107877712.0,0,39322,17038,0,17053,26215,17037,0,0,0,110,100,100,0.0,64.0,0.0,64.9,-107615304.0,68.5,1,49,50,180,0,13107,0,0,0.0,0.0,0.0,0.0,0.0,65.5,0.0,7.1796988741890515e+22,0.0,645,0,686,0,0,0,713,0,785,0,707,0,688,0,645,0,640,0,618,0.032,36700160.0,-0.0,0.0,5008,16789,0.0,8882518753280.0,-45888.609,-0.0,-0.0,1.8242441579265914e+31,29.0,60.0,70,0.0,0.0,0.0,0.0,0.0,0.0,0.0,0.0,0.0,0.0,0.0,0.0,0.0,0.0,0.0,0.0,59.2,68,12,65509,41,65476,0,300,0,0,8,20529,65476,0,0,61604,60.0,0.0,0.0,0.0,0.0,0.0
2026-04-04T11:48:15,ERR,ERR,ERR,ERR,ERR,ERR,ERR,ERR,ERR,ERR,ERR,ERR,ERR,ERR,ERR,ERR,ERR,ERR,ERR,ERR,ERR,ERR,ERR,ERR,ERR,ERR,ERR,ERR,ERR,ERR,ERR,ERR,ERR,ERR,ERR,ERR,ERR,ERR,ERR,ERR,ERR,ERR,ERR,ERR,ERR,ERR,ERR,ERR,ERR,ERR,ERR,ERR,ERR,ERR,ERR,ERR,ERR,ERR,ERR,ERR,ERR,ERR,ERR,ERR,ERR,ERR,ERR,ERR,ERR,ERR,ERR,ERR,ERR,ERR,ERR,ERR,ERR,ERR,ERR,ERR,ERR,ERR,ERR,ERR,ERR,ERR,ERR,ERR,ERR,ERR,ERR,ERR,ERR,ERR,ERR,ERR,ERR,ERR,ERR,ERR,ERR,ERR,ERR,ERR,ERR,ERR,ERR,ERR,ERR,ERR,ERR,ERR,ERR,ERR,ERR,ERR,ERR,ERR,ERR,ERR,ERR,ERR,ERR,ERR,ERR,0.0,0.0,-0.0,0.0,0.0,0.0,0.0,nan,0,0,0,32768,0,0.0,0,0.0,0.0,0.0,0.0,0.0,0,0,0,0,0.0,0,0,0,0,0,0,0,0,0,0,0,0,0,0,0,0,0,0,0,0,0,0,0,0,0,0,0,0,0,0,0,0,0,0,0,0,0,0,0,0,0,0,0,0,0.0,0.0,0.0,0.0,0.0,0.0,0.0,0.0,0.0,0.0,0.0,0.0,0.0,0.0,0.0,0.0,0.0,0.0,0.0,0.0,0.0,0.0,-0.0,-0.0,-2.004,-0.0,0.0,0.0,0.0,0.0,3354.5,-3.697153148275864e+19,0.0,-107615240.0,0.0,-0.0,-0.0,0.0,0.0,0.0,0.0,0,-4.0668755697950344e+29,1.9056745840535142e+17,0.0,0.0,0.0,0.0,0.0,0.0,0.0,0,0,0,0.0,0.0,0.0,0.0,0.0,0.0,0.0,0.0,0.0,0.0,0.0,0.0,0.0,0.0,0.0,0.0,0,-107875648.0,0,0.0,0,-107875648.0,-107877712.0,0,39322,17038,0,17053,26215,17037,0,0,0,110,100,100,0.0,64.0,0.0,64.9,-107615304.0,68.5,1,49,50,180,0,13107,0,0,0.0,0.0,0.0,0.0,0.0,65.5,0.0,7.1796988741890515e+22,0.0,645,0,686,0,0,0,713,0,785,0,707,0,688,0,645,0,640,0,618,0.032,36700160.0,-0.0,0.0,5008,16789,0.0,8882518753280.0,-45888.609,-0.0,-0.0,1.8242441579265914e+31,29.0,60.0,70,0.0,0.0,0.0,0.0,0.0,0.0,0.0,0.0,0.0,0.0,0.0,0.0,0.0,0.0,0.0,0.0,59.2,68,12,65509,41,65476,0,300,0,0,8,20529,65476,0,0,61604,60.0,0.0,0.0,0.0,0.0,0.0
2026-04-04T11:48:16,ERR,ERR,ERR,ERR,ERR,ERR,ERR,ERR,ERR,ERR,ERR,ERR,ERR,ERR,ERR,ERR,ERR,ERR,ERR,ERR,ERR,ERR,ERR,ERR,ERR,ERR,ERR,ERR,ERR,ERR,ERR,ERR,ERR,ERR,ERR,ERR,ERR,ERR,ERR,ERR,ERR,ERR,ERR,ERR,ERR,ERR,ERR,ERR,ERR,ERR,ERR,ERR,ERR,ERR,ERR,ERR,ERR,ERR,ERR,ERR,ERR,ERR,ERR,ERR,ERR,ERR,ERR,ERR,ERR,ERR,ERR,ERR,ERR,ERR,ERR,ERR,ERR,ERR,ERR,ERR,ERR,ERR,ERR,ERR,ERR,ERR,ERR,ERR,ERR,ERR,ERR,ERR,ERR,ERR,ERR,ERR,ERR,ERR,ERR,ERR,ERR,ERR,ERR,ERR,ERR,ERR,ERR,ERR,ERR,ERR,ERR,ERR,ERR,ERR,ERR,ERR,ERR,ERR,ERR,ERR,ERR,ERR,ERR,ERR,ERR,0.0,0.0,-0.0,0.0,0.0,0.0,0.0,nan,0,0,0,32768,0,0.0,0,0.0,0.0,0.0,0.0,0.0,0,0,0,0,0.0,0,0,0,0,0,0,0,0,0,0,0,0,0,0,0,0,0,0,0,0,0,0,0,0,0,0,0,0,0,0,0,0,0,0,0,0,0,0,0,0,0,0,0,0,0.0,0.0,0.0,0.0,0.0,0.0,0.0,0.0,0.0,0.0,0.0,0.0,0.0,0.0,0.0,0.0,0.0,0.0,0.0,0.0,0.0,0.0,-0.0,-0.0,-2.004,-0.0,0.0,0.0,0.0,0.0,3354.5,-3.697153148275864e+19,0.0,-107615240.0,0.0,-0.0,-0.0,0.0,0.0,0.0,0.0,0,-4.0668755697950344e+29,1.9056745840535142e+17,0.0,0.0,0.0,0.0,0.0,0.0,0.0,0,0,0,0.0,0.0,0.0,0.0,0.0,0.0,0.0,0.0,0.0,0.0,0.0,0.0,0.0,0.0,0.0,0.0,0,-107875648.0,0,0.0,0,-107875648.0,-107877712.0,0,39322,17038,0,17053,26215,17037,0,0,0,110,100,100,0.0,64.0,0.0,64.9,-107615304.0,68.5,1,49,50,180,0,13107,0,0,0.0,0.0,0.0,0.0,0.0,65.5,0.0,7.1796988741890515e+22,0.0,645,0,686,0,0,0,713,0,785,0,707,0,688,0,645,0,640,0,618,0.032,36700160.0,-0.0,0.0,5008,16789,0.0,8882518753280.0,-45888.609,-0.0,-0.0,1.8242441579265914e+31,29.0,60.0,70,0.0,0.0,0.0,0.0,0.0,0.0,0.0,0.0,0.0,0.0,0.0,0.0,0.0,0.0,0.0,0.0,59.2,68,12,65509,41,65476,0,300,0,0,8,20529,65476,0,0,61604,60.0,0.0,0.0,0.0,0.0,0.0
2026-04-04T11:48:17,ERR,ERR,ERR,ERR,ERR,ERR,ERR,ERR,ERR,ERR,ERR,ERR,ERR,ERR,ERR,ERR,ERR,ERR,ERR,ERR,ERR,ERR,ERR,ERR,ERR,ERR,ERR,ERR,ERR,ERR,ERR,ERR,ERR,ERR,ERR,ERR,ERR,ERR,ERR,ERR,ERR,ERR,ERR,ERR,ERR,ERR,ERR,ERR,ERR,ERR,ERR,ERR,ERR,ERR,ERR,ERR,ERR,ERR,ERR,ERR,ERR,ERR,ERR,ERR,ERR,ERR,ERR,ERR,ERR,ERR,ERR,ERR,ERR,ERR,ERR,ERR,ERR,ERR,ERR,ERR,ERR,ERR,ERR,ERR,ERR,ERR,ERR,ERR,ERR,ERR,ERR,ERR,ERR,ERR,ERR,ERR,ERR,ERR,ERR,ERR,ERR,ERR,ERR,ERR,ERR,ERR,ERR,ERR,ERR,ERR,ERR,ERR,ERR,ERR,ERR,ERR,ERR,ERR,ERR,ERR,ERR,ERR,ERR,ERR,ERR,0.0,0.0,-0.0,0.0,0.0,0.0,0.0,nan,0,0,0,32768,0,0.0,0,0.0,0.0,0.0,0.0,0.0,0,0,0,0,0.0,0,0,0,0,0,0,0,0,0,0,0,0,0,0,0,0,0,0,0,0,0,0,0,0,0,0,0,0,0,0,0,0,0,0,0,0,0,0,0,0,0,0,0,0,0.0,0.0,0.0,0.0,0.0,0.0,0.0,0.0,0.0,0.0,0.0,0.0,0.0,0.0,0.0,0.0,0.0,0.0,0.0,0.0,0.0,0.0,-0.0,-0.0,-2.004,-0.0,0.0,0.0,0.0,0.0,3354.5,-3.697153148275864e+19,0.0,-107615240.0,0.0,-0.0,-0.0,0.0,0.0,0.0,0.0,0,-4.0668755697950344e+29,1.9056745840535142e+17,0.0,0.0,0.0,0.0,0.0,0.0,0.0,0,0,0,0.0,0.0,0.0,0.0,0.0,0.0,0.0,0.0,0.0,0.0,0.0,0.0,0.0,0.0,0.0,0.0,0,-107875648.0,0,0.0,0,-107875648.0,-107877712.0,0,39322,17038,0,17053,26215,17037,0,0,0,110,100,100,0.0,64.0,0.0,64.9,-107615304.0,68.5,1,49,50,180,0,13107,0,0,0.0,0.0,0.0,0.0,0.0,65.5,0.0,7.1796988741890515e+22,0.0,645,0,686,0,0,0,713,0,785,0,707,0,688,0,645,0,640,0,618,0.032,36700160.0,-0.0,0.0,5008,16789,0.0,8882518753280.0,-45888.609,-0.0,-0.0,1.8242441579265914e+31,29.0,60.0,70,0.0,0.0,0.0,0.0,0.0,0.0,0.0,0.0,0.0,0.0,0.0,0.0,0.0,0.0,0.0,0.0,59.2,68,12,65509,41,65476,0,300,0,0,8,20529,65476,0,0,61604,60.0,0.0,0.0,0.0,0.0,0.0
2026-04-04T11:48:18,ERR,ERR,ERR,ERR,ERR,ERR,ERR,ERR,ERR,ERR,ERR,ERR,ERR,ERR,ERR,ERR,ERR,ERR,ERR,ERR,ERR,ERR,ERR,ERR,ERR,ERR,ERR,ERR,ERR,ERR,ERR,ERR,ERR,ERR,ERR,ERR,ERR,ERR,ERR,ERR,ERR,ERR,ERR,ERR,ERR,ERR,ERR,ERR,ERR,ERR,ERR,ERR,ERR,ERR,ERR,ERR,ERR,ERR,ERR,ERR,ERR,ERR,ERR,ERR,ERR,ERR,ERR,ERR,ERR,ERR,ERR,ERR,ERR,ERR,ERR,ERR,ERR,ERR,ERR,ERR,ERR,ERR,ERR,ERR,ERR,ERR,ERR,ERR,ERR,ERR,ERR,ERR,ERR,ERR,ERR,ERR,ERR,ERR,ERR,ERR,ERR,ERR,ERR,ERR,ERR,ERR,ERR,ERR,ERR,ERR,ERR,ERR,ERR,ERR,ERR,ERR,ERR,ERR,ERR,ERR,ERR,ERR,ERR,ERR,ERR,0.0,0.0,-0.0,0.0,0.0,0.0,0.0,nan,0,0,0,32768,0,0.0,0,0.0,0.0,0.0,0.0,0.0,0,0,0,0,0.0,0,0,0,0,0,0,0,0,0,0,0,0,0,0,0,0,0,0,0,0,0,0,0,0,0,0,0,0,0,0,0,0,0,0,0,0,0,0,0,0,0,0,0,0,0.0,0.0,0.0,0.0,0.0,0.0,0.0,0.0,0.0,0.0,0.0,0.0,0.0,0.0,0.0,0.0,0.0,0.0,0.0,0.0,0.0,0.0,-0.0,-0.0,-2.004,-0.0,0.0,0.0,0.0,0.0,3354.5,-3.697153148275864e+19,0.0,-107615240.0,0.0,-0.0,-0.0,0.0,0.0,0.0,0.0,0,-4.0668755697950344e+29,1.9056745840535142e+17,0.0,0.0,0.0,0.0,0.0,0.0,0.0,0,0,0,0.0,0.0,0.0,0.0,0.0,0.0,0.0,0.0,0.0,0.0,0.0,0.0,0.0,0.0,0.0,0.0,0,-107875648.0,0,0.0,0,-107875648.0,-107877712.0,0,39322,17038,0,17053,26215,17037,0,0,0,110,100,100,0.0,64.1,0.0,64.8,-0.0,68.5,1,49,50,180,0,13107,0,0,0.0,0.0,0.0,0.0,0.0,65.5,0.0,6.002669485712998e+16,0.0,645,0,686,0,0,0,713,0,785,0,707,0,689,0,645,0,640,0,618,0.032,36962304.0,-0.0,0.0,15120,16789,0.0,6.002669485712998e+16,0.0,0.0,-778496835584.0,-0.0,29.0,60.0,70,0.0,0.0,0.0,0.0,0.0,0.0,0.0,0.0,0.0,0.0,0.0,0.0,0.0,0.0,0.0,0.0,59.2,68,12,65509,41,65476,0,300,0,0,8,20529,65476,0,0,61604,60.0,0.0,0.0,0.0,0.0,0.0
2026-04-04T11:48:19,ERR,ERR,ERR,ERR,ERR,ERR,ERR,ERR,ERR,ERR,ERR,ERR,ERR,ERR,ERR,ERR,ERR,ERR,ERR,ERR,ERR,ERR,ERR,ERR,ERR,ERR,ERR,ERR,ERR,ERR,ERR,ERR,ERR,ERR,ERR,ERR,ERR,ERR,ERR,ERR,ERR,ERR,ERR,ERR,ERR,ERR,ERR,ERR,ERR,ERR,ERR,ERR,ERR,ERR,ERR,ERR,ERR,ERR,ERR,ERR,ERR,ERR,ERR,ERR,ERR,ERR,ERR,ERR,ERR,ERR,ERR,ERR,ERR,ERR,ERR,ERR,ERR,ERR,ERR,ERR,ERR,ERR,ERR,ERR,ERR,ERR,ERR,ERR,ERR,ERR,ERR,ERR,ERR,ERR,ERR,ERR,ERR,ERR,ERR,ERR,ERR,ERR,ERR,ERR,ERR,ERR,ERR,ERR,ERR,ERR,ERR,ERR,ERR,ERR,ERR,ERR,ERR,ERR,ERR,ERR,ERR,ERR,ERR,ERR,ERR,0.0,0.0,-0.0,0.0,0.0,0.0,0.0,nan,0,0,0,32768,0,0.0,0,0.0,0.0,0.0,0.0,0.0,0,0,0,0,0.0,0,0,0,0,0,0,0,0,0,0,0,0,0,0,0,0,0,0,0,0,0,0,0,0,0,0,0,0,0,0,0,0,0,0,0,0,0,0,0,0,0,0,0,0,0.0,0.0,0.0,0.0,0.0,0.0,0.0,0.0,0.0,0.0,0.0,0.0,0.0,0.0,0.0,0.0,0.0,0.0,0.0,0.0,0.0,0.0,-0.0,-0.0,-2.004,-0.0,0.0,0.0,0.0,0.0,3354.5,-3.697153148275864e+19,0.0,-107615240.0,0.0,-0.0,-0.0,0.0,0.0,0.0,0.0,0,-4.0668755697950344e+29,1.9056745840535142e+17,0.0,0.0,0.0,0.0,0.0,0.0,0.0,0,0,0,0.0,0.0,0.0,0.0,0.0,0.0,0.0,0.0,0.0,0.0,0.0,0.0,0.0,0.0,0.0,0.0,0,-107875648.0,0,0.0,0,-107875648.0,-107877712.0,0,39322,17038,0,17053,26215,17037,0,0,0,110,100,100,0.0,64.1,0.0,64.8,-0.0,68.5,1,49,50,180,0,13107,0,0,0.0,0.0,0.0,0.0,0.0,65.5,0.0,6.002669485712998e+16,0.0,645,0,686,0,0,0,713,0,785,0,707,0,689,0,645,0,640,0,618,0.032,36962304.0,-0.0,0.0,15120,16789,0.0,6.002669485712998e+16,0.0,0.0,-778496835584.0,-0.0,29.0,60.0,70,0.0,0.0,0.0,0.0,0.0,0.0,0.0,0.0,0.0,0.0,0.0,0.0,0.0,0.0,0.0,0.0,59.2,68,12,65509,41,65476,0,300,0,0,8,20529,65476,0,0,61604,60.0,0.0,0.0,0.0,0.0,0.0
2026-04-04T11:48:20,ERR,ERR,ERR,ERR,ERR,ERR,ERR,ERR,ERR,ERR,ERR,ERR,ERR,ERR,ERR,ERR,ERR,ERR,ERR,ERR,ERR,ERR,ERR,ERR,ERR,ERR,ERR,ERR,ERR,ERR,ERR,ERR,ERR,ERR,ERR,ERR,ERR,ERR,ERR,ERR,ERR,ERR,ERR,ERR,ERR,ERR,ERR,ERR,ERR,ERR,ERR,ERR,ERR,ERR,ERR,ERR,ERR,ERR,ERR,ERR,ERR,ERR,ERR,ERR,ERR,ERR,ERR,ERR,ERR,ERR,ERR,ERR,ERR,ERR,ERR,ERR,ERR,ERR,ERR,ERR,ERR,ERR,ERR,ERR,ERR,ERR,ERR,ERR,ERR,ERR,ERR,ERR,ERR,ERR,ERR,ERR,ERR,ERR,ERR,ERR,ERR,ERR,ERR,ERR,ERR,ERR,ERR,ERR,ERR,ERR,ERR,ERR,ERR,ERR,ERR,ERR,ERR,ERR,ERR,ERR,ERR,ERR,ERR,ERR,ERR,0.0,0.0,-0.0,0.0,0.0,0.0,0.0,nan,0,0,0,32768,0,0.0,0,0.0,0.0,0.0,0.0,0.0,0,0,0,0,0.0,0,0,0,0,0,0,0,0,0,0,0,0,0,0,0,0,0,0,0,0,0,0,0,0,0,0,0,0,0,0,0,0,0,0,0,0,0,0,0,0,0,0,0,0,0.0,0.0,0.0,0.0,0.0,0.0,0.0,0.0,0.0,0.0,0.0,0.0,0.0,0.0,0.0,0.0,0.0,0.0,0.0,0.0,0.0,0.0,-0.0,-0.0,-2.004,-0.0,0.0,0.0,0.0,0.0,3354.5,-3.697153148275864e+19,0.0,-107615240.0,0.0,-0.0,-0.0,0.0,0.0,0.0,0.0,0,-4.0668755697950344e+29,1.9056745840535142e+17,0.0,0.0,0.0,0.0,0.0,0.0,0.0,0,0,0,0.0,0.0,0.0,0.0,0.0,0.0,0.0,0.0,0.0,0.0,0.0,0.0,0.0,0.0,0.0,0.0,0,-107875648.0,0,0.0,0,-107875648.0,-107877712.0,0,39322,17038,0,17053,26215,17037,0,0,0,110,100,100,0.0,64.1,0.0,64.8,-0.0,68.5,1,49,50,180,0,13107,0,0,0.0,0.0,0.0,0.0,0.0,65.5,0.0,6.002669485712998e+16,0.0,645,0,686,0,0,0,713,0,785,0,707,0,689,0,645,0,640,0,618,0.032,36962304.0,-0.0,0.0,15120,16789,0.0,6.002669485712998e+16,0.0,0.0,-778496835584.0,-0.0,29.0,60.0,70,0.0,0.0,0.0,0.0,0.0,0.0,0.0,0.0,0.0,0.0,0.0,0.0,0.0,0.0,0.0,0.0,59.2,68,12,65509,41,65476,0,300,0,0,8,20529,65476,0,0,61604,60.0,0.0,0.0,0.0,0.0,0.0
2026-04-04T11:48:21,ERR,ERR,ERR,ERR,ERR,ERR,ERR,ERR,ERR,ERR,ERR,ERR,ERR,ERR,ERR,ERR,ERR,ERR,ERR,ERR,ERR,ERR,ERR,ERR,ERR,ERR,ERR,ERR,ERR,ERR,ERR,ERR,ERR,ERR,ERR,ERR,ERR,ERR,ERR,ERR,ERR,ERR,ERR,ERR,ERR,ERR,ERR,ERR,ERR,ERR,ERR,ERR,ERR,ERR,ERR,ERR,ERR,ERR,ERR,ERR,ERR,ERR,ERR,ERR,ERR,ERR,ERR,ERR,ERR,ERR,ERR,ERR,ERR,ERR,ERR,ERR,ERR,ERR,ERR,ERR,ERR,ERR,ERR,ERR,ERR,ERR,ERR,ERR,ERR,ERR,ERR,ERR,ERR,ERR,ERR,ERR,ERR,ERR,ERR,ERR,ERR,ERR,ERR,ERR,ERR,ERR,ERR,ERR,ERR,ERR,ERR,ERR,ERR,ERR,ERR,ERR,ERR,ERR,ERR,ERR,ERR,ERR,ERR,ERR,ERR,-107615240.0,0.0,-117832800.0,0.0,0.0,0.0,0.0,nan,0,0,0,32768,0,0.0,0,0.0,0.0,0.0,0.0,0.0,0,0,0,0,0.0,0,0,0,0,0,0,0,0,0,0,0,0,0,0,0,0,0,0,0,0,0,0,0,0,0,0,0,0,0,0,0,0,0,0,0,0,0,0,0,0,0,0,0,0,0.0,0.0,0.0,0.0,0.0,0.0,0.0,0.0,0.0,0.0,0.0,0.0,0.0,0.0,-2.59620661244926e+33,0.0,0.0,0.0,0.0,0.0,0.0,0.0,2.004,-0.0,-2.004,-0.0,0.0,0.0,0.0,0.0,3354.5,-2.004,0.0,-107615240.0,0.0,-0.0,2.7184274988523002e+23,0.0,0.0,0.0,0.0,0,-4.0668755697950344e+29,1.9056745840535142e+17,0.0,0.0,0.0,0.0,0.0,0.0,0.0,0,0,0,0.0,0.0,0.0,0.0,0.0,0.0,0.0,0.0,0.0,0.0,0.0,0.0,0.0,0.0,0.0,0.0,0,-107875648.0,0,0.0,0,-107875648.0,-107877712.0,0,39322,17038,0,17053,26215,17037,0,0,0,110,100,100,0.0,64.1,0.0,64.8,-0.0,68.5,1,49,50,180,0,13107,0,0,0.0,0.0,0.0,0.0,0.0,65.5,0.0,6.002669485712998e+16,0.0,645,0,686,0,0,0,713,0,785,0,707,0,689,0,645,0,640,0,618,0.032,36962304.0,-0.0,0.0,15120,16789,0.0,6.002669485712998e+16,0.0,0.0,-778496835584.0,-0.0,29.0,60.0,70,0.0,0.0,0.0,0.0,0.0,0.0,0.0,0.0,0.0,0.0,0.0,0.0,0.0,0.0,0.0,0.0,59.2,68,12,65509,41,65476,0,300,0,0,8,20529,65476,0,0,61604,60.0,0.0,0.0,0.0,0.0,0.0
2026-04-04T11:48:22,ERR,ERR,ERR,ERR,ERR,ERR,ERR,ERR,ERR,ERR,ERR,ERR,ERR,ERR,ERR,ERR,ERR,ERR,ERR,ERR,ERR,ERR,ERR,ERR,ERR,ERR,ERR,ERR,ERR,ERR,ERR,ERR,ERR,ERR,ERR,ERR,ERR,ERR,ERR,ERR,ERR,ERR,ERR,ERR,ERR,ERR,ERR,ERR,ERR,ERR,ERR,ERR,ERR,ERR,ERR,ERR,ERR,ERR,ERR,ERR,ERR,ERR,ERR,ERR,ERR,ERR,ERR,ERR,ERR,ERR,ERR,ERR,ERR,ERR,ERR,ERR,ERR,ERR,ERR,ERR,ERR,ERR,ERR,ERR,ERR,ERR,ERR,ERR,ERR,ERR,ERR,ERR,ERR,ERR,ERR,ERR,ERR,ERR,ERR,ERR,ERR,ERR,ERR,ERR,ERR,ERR,ERR,ERR,ERR,ERR,ERR,ERR,ERR,ERR,ERR,ERR,ERR,ERR,ERR,ERR,ERR,ERR,ERR,ERR,ERR,-107615240.0,0.0,-117832800.0,0.0,0.0,0.0,0.0,nan,0,0,0,32768,0,0.0,0,0.0,0.0,0.0,0.0,0.0,0,0,0,0,0.0,0,0,0,0,0,0,0,0,0,0,0,0,0,0,0,0,0,0,0,0,0,0,0,0,0,0,0,0,0,0,0,0,0,0,0,0,0,0,0,0,0,0,0,0,0.0,0.0,0.0,0.0,0.0,0.0,0.0,0.0,0.0,0.0,0.0,0.0,0.0,0.0,-2.59620661244926e+33,0.0,0.0,0.0,0.0,0.0,0.0,0.0,2.004,-0.0,-2.004,-0.0,0.0,0.0,0.0,0.0,3354.5,-2.004,0.0,-107615240.0,0.0,-0.0,2.7184274988523002e+23,0.0,0.0,0.0,0.0,0,-4.0668755697950344e+29,1.9056745840535142e+17,0.0,0.0,0.0,0.0,0.0,0.0,0.0,0,0,0,0.0,0.0,0.0,0.0,0.0,0.0,0.0,0.0,0.0,0.0,0.0,0.0,0.0,0.0,0.0,0.0,0,-107875648.0,0,0.0,0,-107875648.0,-107877712.0,0,39322,17038,0,17053,26215,17037,0,0,0,110,100,100,0.0,64.1,0.0,64.8,-0.0,68.5,1,49,50,180,0,13107,0,0,0.0,0.0,0.0,0.0,0.0,65.5,0.0,6.002669485712998e+16,0.0,645,0,686,0,0,0,713,0,785,0,707,0,689,0,645,0,640,0,618,0.032,36962304.0,-0.0,0.0,15120,16789,0.0,6.002669485712998e+16,0.0,0.0,-778496835584.0,-0.0,29.0,60.0,70,0.0,0.0,0.0,0.0,0.0,0.0,0.0,0.0,0.0,0.0,0.0,0.0,0.0,0.0,0.0,0.0,59.2,68,12,65509,41,65476,0,300,0,0,8,20529,65476,0,0,61604,60.0,0.0,0.0,0.0,0.0,0.0
2026-04-04T11:48:23,ERR,ERR,ERR,ERR,ERR,ERR,ERR,ERR,ERR,ERR,ERR,ERR,ERR,ERR,ERR,ERR,ERR,ERR,ERR,ERR,ERR,ERR,ERR,ERR,ERR,ERR,ERR,ERR,ERR,ERR,ERR,ERR,ERR,ERR,ERR,ERR,ERR,ERR,ERR,ERR,ERR,ERR,ERR,ERR,ERR,ERR,ERR,ERR,ERR,ERR,ERR,ERR,ERR,ERR,ERR,ERR,ERR,ERR,ERR,ERR,ERR,ERR,ERR,ERR,ERR,ERR,ERR,ERR,ERR,ERR,ERR,ERR,ERR,ERR,ERR,ERR,ERR,ERR,ERR,ERR,ERR,ERR,ERR,ERR,ERR,ERR,ERR,ERR,ERR,ERR,ERR,ERR,ERR,ERR,ERR,ERR,ERR,ERR,ERR,ERR,ERR,ERR,ERR,ERR,ERR,ERR,ERR,ERR,ERR,ERR,ERR,ERR,ERR,ERR,ERR,ERR,ERR,ERR,ERR,ERR,ERR,ERR,ERR,ERR,ERR,-107615240.0,0.0,-117832800.0,0.0,0.0,0.0,0.0,nan,0,0,0,32768,0,0.0,0,0.0,0.0,0.0,0.0,0.0,0,0,0,0,0.0,0,0,0,0,0,0,0,0,0,0,0,0,0,0,0,0,0,0,0,0,0,0,0,0,0,0,0,0,0,0,0,0,0,0,0,0,0,0,0,0,0,0,0,0,0.0,0.0,0.0,0.0,0.0,0.0,0.0,0.0,0.0,0.0,0.0,0.0,0.0,0.0,-2.59620661244926e+33,0.0,0.0,0.0,0.0,0.0,0.0,0.0,2.004,-0.0,-2.004,-0.0,0.0,0.0,0.0,0.0,3354.5,-2.004,0.0,-107615240.0,0.0,-0.0,2.7184274988523002e+23,0.0,0.0,0.0,0.0,0,-4.0668755697950344e+29,1.9056745840535142e+17,0.0,0.0,0.0,0.0,0.0,0.0,0.0,0,0,0,0.0,0.0,0.0,0.0,0.0,0.0,0.0,0.0,0.0,0.0,0.0,0.0,0.0,0.0,0.0,0.0,0,-107875648.0,0,0.0,0,-107875648.0,-107877712.0,0,39322,17038,0,17053,26215,17037,0,0,0,110,100,100,0.0,64.0,0.0,64.8,-0.0,68.5,1,49,50,180,0,13107,0,0,0.0,0.0,0.0,0.0,0.0,65.5,0.0,-4.311665290508814e+24,0.0,645,0,686,0,0,0,713,0,785,0,707,0,689,0,645,0,640,0,618,0.032,36962304.0,-0.0,0.0,26384,16789,0.0,-4.311665290508814e+24,6.945287526894333e+21,-832.993,0.0,-9.232681597346326e+34,29.0,60.0,70,0.0,0.0,0.0,0.0,0.0,0.0,0.0,0.0,0.0,0.0,0.0,0.0,0.0,0.0,0.0,0.0,59.2,68,12,65509,41,65476,0,300,0,0,8,20529,65476,0,0,61604,60.0,0.0,0.0,0.0,0.0,0.0
2026-04-04T11:48:24,ERR,ERR,ERR,ERR,ERR,ERR,ERR,ERR,ERR,ERR,ERR,ERR,ERR,ERR,ERR,ERR,ERR,ERR,ERR,ERR,ERR,ERR,ERR,ERR,ERR,ERR,ERR,ERR,ERR,ERR,ERR,ERR,ERR,ERR,ERR,ERR,ERR,ERR,ERR,ERR,ERR,ERR,ERR,ERR,ERR,ERR,ERR,ERR,ERR,ERR,ERR,ERR,ERR,ERR,ERR,ERR,ERR,ERR,ERR,ERR,ERR,ERR,ERR,ERR,ERR,ERR,ERR,ERR,ERR,ERR,ERR,ERR,ERR,ERR,ERR,ERR,ERR,ERR,ERR,ERR,ERR,ERR,ERR,ERR,ERR,ERR,ERR,ERR,ERR,ERR,ERR,ERR,ERR,ERR,ERR,ERR,ERR,ERR,ERR,ERR,ERR,ERR,ERR,ERR,ERR,ERR,ERR,ERR,ERR,ERR,ERR,ERR,ERR,ERR,ERR,ERR,ERR,ERR,ERR,ERR,ERR,ERR,ERR,ERR,ERR,-107615240.0,0.0,-117832800.0,0.0,0.0,0.0,0.0,nan,0,0,0,32768,0,0.0,0,0.0,0.0,0.0,0.0,0.0,0,0,0,0,0.0,0,0,0,0,0,0,0,0,0,0,0,0,0,0,0,0,0,0,0,0,0,0,0,0,0,0,0,0,0,0,0,0,0,0,0,0,0,0,0,0,0,0,0,0,0.0,0.0,0.0,0.0,0.0,0.0,0.0,0.0,0.0,0.0,0.0,0.0,0.0,0.0,-2.59620661244926e+33,0.0,0.0,0.0,0.0,0.0,0.0,0.0,2.004,-0.0,-2.004,-0.0,0.0,0.0,0.0,0.0,3354.5,-2.004,0.0,-107615240.0,0.0,-0.0,2.7184274988523002e+23,0.0,0.0,0.0,0.0,0,-4.0668755697950344e+29,1.9056745840535142e+17,0.0,0.0,0.0,0.0,0.0,0.0,0.0,0,0,0,0.0,0.0,0.0,0.0,0.0,0.0,0.0,0.0,0.0,0.0,0.0,0.0,0.0,0.0,0.0,0.0,0,-107875648.0,0,0.0,0,-107875648.0,-107877712.0,0,39322,17038,0,17053,26215,17037,0,0,0,110,100,100,0.0,64.0,0.0,64.8,-0.0,68.5,1,49,50,180,0,13107,0,0,0.0,0.0,0.0,0.0,0.0,65.5,0.0,-4.311665290508814e+24,0.0,645,0,686,0,0,0,713,0,785,0,707,0,689,0,645,0,640,0,618,0.032,36962304.0,-0.0,0.0,26384,16789,0.0,-4.311665290508814e+24,6.945287526894333e+21,-832.993,0.0,-9.232681597346326e+34,29.0,60.0,70,0.0,0.0,0.0,0.0,0.0,0.0,0.0,0.0,0.0,0.0,0.0,0.0,0.0,0.0,0.0,0.0,59.2,68,12,65509,41,65476,0,300,0,0,8,20529,65476,0,0,61604,60.0,0.0,0.0,0.0,0.0,0.0
2026-04-04T11:48:25,ERR,ERR,ERR,ERR,ERR,ERR,ERR,ERR,ERR,ERR,ERR,ERR,ERR,ERR,ERR,ERR,ERR,ERR,ERR,ERR,ERR,ERR,ERR,ERR,ERR,ERR,ERR,ERR,ERR,ERR,ERR,ERR,ERR,ERR,ERR,ERR,ERR,ERR,ERR,ERR,ERR,ERR,ERR,ERR,ERR,ERR,ERR,ERR,ERR,ERR,ERR,ERR,ERR,ERR,ERR,ERR,ERR,ERR,ERR,ERR,ERR,ERR,ERR,ERR,ERR,ERR,ERR,ERR,ERR,ERR,ERR,ERR,ERR,ERR,ERR,ERR,ERR,ERR,ERR,ERR,ERR,ERR,ERR,ERR,ERR,ERR,ERR,ERR,ERR,ERR,ERR,ERR,ERR,ERR,ERR,ERR,ERR,ERR,ERR,ERR,ERR,ERR,ERR,ERR,ERR,ERR,ERR,ERR,ERR,ERR,ERR,ERR,ERR,ERR,ERR,ERR,ERR,ERR,ERR,ERR,ERR,ERR,ERR,ERR,ERR,-107615240.0,0.0,-117832800.0,0.0,0.0,0.0,0.0,nan,0,0,0,32768,0,0.0,0,0.0,0.0,0.0,0.0,0.0,0,0,0,0,0.0,0,0,0,0,0,0,0,0,0,0,0,0,0,0,0,0,0,0,0,0,0,0,0,0,0,0,0,0,0,0,0,0,0,0,0,0,0,0,0,0,0,0,0,0,0.0,0.0,0.0,0.0,0.0,0.0,0.0,0.0,0.0,0.0,0.0,0.0,0.0,0.0,-2.59620661244926e+33,0.0,0.0,0.0,0.0,0.0,0.0,0.0,2.004,-0.0,-2.004,-0.0,0.0,0.0,0.0,0.0,3354.5,-2.004,0.0,-107615240.0,0.0,-0.0,2.7184274988523002e+23,0.0,0.0,0.0,0.0,0,-4.0668755697950344e+29,1.9056745840535142e+17,0.0,0.0,0.0,0.0,0.0,0.0,0.0,0,0,0,0.0,0.0,0.0,0.0,0.0,0.0,0.0,0.0,0.0,0.0,0.0,0.0,0.0,0.0,0.0,0.0,0,-107875648.0,0,0.0,0,-107875648.0,-107877712.0,0,39322,17038,0,17053,26215,17037,0,0,0,110,100,100,0.0,64.0,0.0,64.8,-0.0,68.5,1,49,50,180,0,13107,0,0,0.0,0.0,0.0,0.0,0.0,65.5,0.0,-4.311665290508814e+24,0.0,645,0,686,0,0,0,713,0,785,0,707,0,689,0,645,0,640,0,618,0.032,36962304.0,-0.0,0.0,26384,16789,0.0,-4.311665290508814e+24,6.945287526894333e+21,-832.993,0.0,-9.232681597346326e+34,29.0,60.0,70,0.0,0.0,0.0,0.0,0.0,0.0,0.0,0.0,0.0,0.0,0.0,0.0,0.0,0.0,0.0,0.0,59.2,68,12,65509,41,65476,0,300,0,0,8,20529,65476,0,0,61604,60.0,0.0,0.0,0.0,0.0,0.0
2026-04-04T11:48:26,ERR,ERR,ERR,ERR,ERR,ERR,ERR,ERR,ERR,ERR,ERR,ERR,ERR,ERR,ERR,ERR,ERR,ERR,ERR,ERR,ERR,ERR,ERR,ERR,ERR,ERR,ERR,ERR,ERR,ERR,ERR,ERR,ERR,ERR,ERR,ERR,ERR,ERR,ERR,ERR,ERR,ERR,ERR,ERR,ERR,ERR,ERR,ERR,ERR,ERR,ERR,ERR,ERR,ERR,ERR,ERR,ERR,ERR,ERR,ERR,ERR,ERR,ERR,ERR,ERR,ERR,ERR,ERR,ERR,ERR,ERR,ERR,ERR,ERR,ERR,ERR,ERR,ERR,ERR,ERR,ERR,ERR,ERR,ERR,ERR,ERR,ERR,ERR,ERR,ERR,ERR,ERR,ERR,ERR,ERR,ERR,ERR,ERR,ERR,ERR,ERR,ERR,ERR,ERR,ERR,ERR,ERR,ERR,ERR,ERR,ERR,ERR,ERR,ERR,ERR,ERR,ERR,ERR,ERR,ERR,ERR,ERR,ERR,ERR,ERR,-107615240.0,0.0,-117832800.0,0.0,0.0,0.0,0.0,nan,0,0,0,32768,0,0.0,0,0.0,0.0,0.0,0.0,0.0,0,0,0,0,0.0,0,0,0,0,0,0,0,0,0,0,0,0,0,0,0,0,0,0,0,0,0,0,0,0,0,0,0,0,0,0,0,0,0,0,0,0,0,0,0,0,0,0,0,0,0.0,0.0,0.0,0.0,0.0,0.0,0.0,0.0,0.0,0.0,0.0,0.0,0.0,0.0,-2.59620661244926e+33,0.0,0.0,0.0,0.0,0.0,0.0,0.0,2.004,-0.0,-2.004,-0.0,0.0,0.0,0.0,0.0,3354.5,-2.004,0.0,-107615240.0,0.0,-0.0,2.7184274988523002e+23,0.0,0.0,0.0,0.0,0,-4.0668755697950344e+29,1.9056745840535142e+17,0.0,0.0,0.0,0.0,0.0,0.0,0.0,0,0,0,0.0,0.0,0.0,0.0,0.0,0.0,0.0,0.0,0.0,0.0,0.0,0.0,0.0,0.0,0.0,0.0,0,-107875648.0,0,0.0,0,-107875648.0,-107877712.0,0,39322,17038,0,17053,26215,17037,0,0,0,110,100,100,0.0,64.0,0.0,64.8,-0.0,68.5,1,49,50,180,0,13107,0,0,0.0,0.0,0.0,0.0,0.0,65.5,0.0,-4.311665290508814e+24,0.0,645,0,686,0,0,0,713,0,785,0,707,0,689,0,645,0,640,0,618,0.032,36962304.0,-0.0,0.0,26384,16789,0.0,-4.311665290508814e+24,6.945287526894333e+21,-832.993,0.0,-9.232681597346326e+34,29.0,60.0,70,0.0,0.0,0.0,0.0,0.0,0.0,0.0,0.0,0.0,0.0,0.0,0.0,0.0,0.0,0.0,0.0,59.2,68,12,65509,41,65476,0,300,0,0,8,20529,65476,0,0,61604,60.0,0.0,0.0,0.0,0.0,0.0
2026-04-04T11:48:27,ERR,ERR,ERR,ERR,ERR,ERR,ERR,ERR,ERR,ERR,ERR,ERR,ERR,ERR,ERR,ERR,ERR,ERR,ERR,ERR,ERR,ERR,ERR,ERR,ERR,ERR,ERR,ERR,ERR,ERR,ERR,ERR,ERR,ERR,ERR,ERR,ERR,ERR,ERR,ERR,ERR,ERR,ERR,ERR,ERR,ERR,ERR,ERR,ERR,ERR,ERR,ERR,ERR,ERR,ERR,ERR,ERR,ERR,ERR,ERR,ERR,ERR,ERR,ERR,ERR,ERR,ERR,ERR,ERR,ERR,ERR,ERR,ERR,ERR,ERR,ERR,ERR,ERR,ERR,ERR,ERR,ERR,ERR,ERR,ERR,ERR,ERR,ERR,ERR,ERR,ERR,ERR,ERR,ERR,ERR,ERR,ERR,ERR,ERR,ERR,ERR,ERR,ERR,ERR,ERR,ERR,ERR,ERR,ERR,ERR,ERR,ERR,ERR,ERR,ERR,ERR,ERR,ERR,ERR,ERR,ERR,ERR,ERR,ERR,ERR,-107615240.0,0.0,-117832800.0,0.0,0.0,0.0,0.0,nan,0,0,0,32768,0,0.0,0,0.0,0.0,0.0,0.0,0.0,0,0,0,0,0.0,0,0,0,0,0,0,0,0,0,0,0,0,0,0,0,0,0,0,0,0,0,0,0,0,0,0,0,0,0,0,0,0,0,0,0,0,0,0,0,0,0,0,0,0,0.0,0.0,0.0,0.0,0.0,0.0,0.0,0.0,0.0,0.0,0.0,0.0,0.0,0.0,-2.59620661244926e+33,0.0,0.0,0.0,0.0,0.0,0.0,0.0,2.004,-0.0,-2.004,-0.0,0.0,0.0,0.0,0.0,3354.5,-2.004,0.0,-107615240.0,0.0,-0.0,2.7184274988523002e+23,0.0,0.0,0.0,0.0,0,-4.0668755697950344e+29,1.9056745840535142e+17,0.0,0.0,0.0,0.0,0.0,0.0,0.0,0,0,0,0.0,0.0,0.0,0.0,0.0,0.0,0.0,0.0,0.0,0.0,0.0,0.0,0.0,0.0,0.0,0.0,0,-107875648.0,0,0.0,0,-107875648.0,-107877712.0,0,39322,17038,0,17053,26215,17037,0,0,0,110,100,100,0.0,64.0,0.0,64.8,-0.0,68.5,1,49,50,180,0,13107,0,0,0.0,0.0,0.0,0.0,0.0,65.5,0.0,-4.311665290508814e+24,0.0,645,0,686,0,0,0,713,0,785,0,707,0,689,0,645,0,640,0,618,0.032,36962304.0,-0.0,0.0,26384,16789,0.0,-4.311665290508814e+24,6.945287526894333e+21,-832.993,0.0,-9.232681597346326e+34,29.0,60.0,70,0.0,0.0,0.0,0.0,0.0,0.0,0.0,0.0,0.0,0.0,0.0,0.0,0.0,0.0,0.0,0.0,59.2,68,12,65509,41,65476,0,300,0,0,8,20529,65476,0,0,61604,60.0,0.0,0.0,0.0,0.0,0.0
2026-04-04T11:48:28,ERR,ERR,ERR,ERR,ERR,ERR,ERR,ERR,ERR,ERR,ERR,ERR,ERR,ERR,ERR,ERR,ERR,ERR,ERR,ERR,ERR,ERR,ERR,ERR,ERR,ERR,ERR,ERR,ERR,ERR,ERR,ERR,ERR,ERR,ERR,ERR,ERR,ERR,ERR,ERR,ERR,ERR,ERR,ERR,ERR,ERR,ERR,ERR,ERR,ERR,ERR,ERR,ERR,ERR,ERR,ERR,ERR,ERR,ERR,ERR,ERR,ERR,ERR,ERR,ERR,ERR,ERR,ERR,ERR,ERR,ERR,ERR,ERR,ERR,ERR,ERR,ERR,ERR,ERR,ERR,ERR,ERR,ERR,ERR,ERR,ERR,ERR,ERR,ERR,ERR,ERR,ERR,ERR,ERR,ERR,ERR,ERR,ERR,ERR,ERR,ERR,ERR,ERR,ERR,ERR,ERR,ERR,ERR,ERR,ERR,ERR,ERR,ERR,ERR,ERR,ERR,ERR,ERR,ERR,ERR,ERR,ERR,ERR,ERR,ERR,-107615240.0,0.0,-117832800.0,0.0,0.0,0.0,0.0,nan,0,0,0,32768,0,0.0,0,0.0,0.0,0.0,0.0,0.0,0,0,0,0,0.0,0,0,0,0,0,0,0,0,0,0,0,0,0,0,0,0,0,0,0,0,0,0,0,0,0,0,0,0,0,0,0,0,0,0,0,0,0,0,0,0,0,0,0,0,0.0,0.0,0.0,0.0,0.0,0.0,0.0,0.0,0.0,0.0,0.0,0.0,0.0,0.0,-2.59620661244926e+33,0.0,0.0,0.0,0.0,0.0,0.0,0.0,2.004,-0.0,-2.004,-0.0,0.0,0.0,0.0,0.0,3354.5,-2.004,0.0,-107615240.0,0.0,-0.0,2.7184274988523002e+23,0.0,0.0,0.0,0.0,0,-4.0668755697950344e+29,1.9056745840535142e+17,0.0,0.0,0.0,0.0,0.0,0.0,0.0,0,0,0,0.0,0.0,0.0,0.0,0.0,0.0,0.0,0.0,0.0,0.0,0.0,0.0,0.0,0.0,0.0,0.0,0,-107875648.0,0,0.0,0,-107875648.0,-107877712.0,0,39322,17038,0,17053,26215,17037,0,0,0,110,100,100,0.0,64.0,0.0,64.8,-0.0,68.5,1,49,50,180,0,13107,0,0,0.0,0.0,0.0,0.0,0.0,65.5,0.0,-4.311665290508814e+24,0.0,645,0,686,0,0,0,713,0,785,0,707,0,689,0,645,0,640,0,618,0.032,36962304.0,-0.0,0.0,26384,16789,0.0,-4.311665290508814e+24,6.945287526894333e+21,-832.993,0.0,-9.232681597346326e+34,29.0,60.0,70,0.0,0.0,0.0,0.0,0.0,0.0,0.0,0.0,0.0,0.0,0.0,0.0,0.0,0.0,0.0,0.0,59.2,68,12,65509,41,65476,0,300,0,0,8,20529,65476,0,0,61604,60.0,0.0,0.0,0.0,0.0,0.0
2026-04-04T11:48:29,ERR,ERR,ERR,ERR,ERR,ERR,ERR,ERR,ERR,ERR,ERR,ERR,ERR,ERR,ERR,ERR,ERR,ERR,ERR,ERR,ERR,ERR,ERR,ERR,ERR,ERR,ERR,ERR,ERR,ERR,ERR,ERR,ERR,ERR,ERR,ERR,ERR,ERR,ERR,ERR,ERR,ERR,ERR,ERR,ERR,ERR,ERR,ERR,ERR,ERR,ERR,ERR,ERR,ERR,ERR,ERR,ERR,ERR,ERR,ERR,ERR,ERR,ERR,ERR,ERR,ERR,ERR,ERR,ERR,ERR,ERR,ERR,ERR,ERR,ERR,ERR,ERR,ERR,ERR,ERR,ERR,ERR,ERR,ERR,ERR,ERR,ERR,ERR,ERR,ERR,ERR,ERR,ERR,ERR,ERR,ERR,ERR,ERR,ERR,ERR,ERR,ERR,ERR,ERR,ERR,ERR,ERR,ERR,ERR,ERR,ERR,ERR,ERR,ERR,ERR,ERR,ERR,ERR,ERR,ERR,ERR,ERR,ERR,ERR,ERR,-107615240.0,0.0,-117832800.0,0.0,0.0,0.0,0.0,nan,0,0,0,32768,0,0.0,0,0.0,0.0,0.0,0.0,0.0,0,0,0,0,0.0,0,0,0,0,0,0,0,0,0,0,0,0,0,0,0,0,0,0,0,0,0,0,0,0,0,0,0,0,0,0,0,0,0,0,0,0,0,0,0,0,0,0,0,0,0.0,0.0,0.0,0.0,0.0,0.0,0.0,0.0,0.0,0.0,0.0,0.0,0.0,0.0,0.0,0.0,0.0,0.0,0.0,0.0,0.0,0.0,2.004,-0.0,-2.004,-0.0,0.0,0.0,0.0,0.0,3353.5,-0.0,0.0,-107615240.0,0.0,-0.0,2.7184274988523002e+23,0.0,0.0,0.0,0.0,0,-3.222024165466893e+26,0.0,0.0,0.0,0.0,0.0,0.0,0.0,0.0,0,0,0,0.0,0.0,0.0,0.0,0.0,0.0,0.0,0.0,0.0,0.0,0.0,0.0,0.0,0.0,0.0,0.0,0,-107875648.0,0,0.0,0,-107875648.0,-107877712.0,0,39322,17038,0,17053,26215,17037,0,0,0,110,100,100,0.0,64.0,0.0,64.9,-0.0,68.5,1,49,50,180,0,13107,0,0,0.0,0.0,0.0,0.0,56.065,65.5,0.0,-2.9257486477158026e+27,0.0,645,0,686,0,0,0,713,0,785,0,707,0,688,0,645,0,640,0,618,0.032,36700160.0,-0.0,0.0,14992,16789,0.0,-4.6784185596902083e+36,5.619179886011023e+27,0.0,0.0,0.0,29.0,60.0,70,0.0,0.0,0.0,0.0,0.0,0.0,0.0,0.0,0.0,0.0,0.0,0.0,0.0,0.0,0.0,0.0,59.2,68,12,65509,41,65476,0,300,0,0,8,20529,65476,0,0,61604,60.0,0.0,0.0,0.0,0.0,0.0
2026-04-04T11:48:30,ERR,ERR,ERR,ERR,ERR,ERR,ERR,ERR,ERR,ERR,ERR,ERR,ERR,ERR,ERR,ERR,ERR,ERR,ERR,ERR,ERR,ERR,ERR,ERR,ERR,ERR,ERR,ERR,ERR,ERR,ERR,ERR,ERR,ERR,ERR,ERR,ERR,ERR,ERR,ERR,ERR,ERR,ERR,ERR,ERR,ERR,ERR,ERR,ERR,ERR,ERR,ERR,ERR,ERR,ERR,ERR,ERR,ERR,ERR,ERR,ERR,ERR,ERR,ERR,ERR,ERR,ERR,ERR,ERR,ERR,ERR,ERR,ERR,ERR,ERR,ERR,ERR,ERR,ERR,ERR,ERR,ERR,ERR,ERR,ERR,ERR,ERR,ERR,ERR,ERR,ERR,ERR,ERR,ERR,ERR,ERR,ERR,ERR,ERR,ERR,ERR,ERR,ERR,ERR,ERR,ERR,ERR,ERR,ERR,ERR,ERR,ERR,ERR,ERR,ERR,ERR,ERR,ERR,ERR,ERR,ERR,ERR,ERR,ERR,ERR,-107615240.0,0.0,-117832800.0,0.0,0.0,0.0,0.0,nan,0,0,0,32768,0,0.0,0,0.0,0.0,0.0,0.0,0.0,0,0,0,0,0.0,0,0,0,0,0,0,0,0,0,0,0,0,0,0,0,0,0,0,0,0,0,0,0,0,0,0,0,0,0,0,0,0,0,0,0,0,0,0,0,0,0,0,0,0,0.0,0.0,0.0,0.0,0.0,0.0,0.0,0.0,0.0,0.0,0.0,0.0,0.0,0.0,0.0,0.0,0.0,0.0,0.0,0.0,0.0,0.0,2.004,-0.0,-2.004,-0.0,0.0,0.0,0.0,0.0,3353.5,-0.0,0.0,-107615240.0,0.0,-0.0,2.7184274988523002e+23,0.0,0.0,0.0,0.0,0,-3.222024165466893e+26,0.0,0.0,0.0,0.0,0.0,0.0,0.0,0.0,0,0,0,0.0,0.0,0.0,0.0,0.0,0.0,0.0,0.0,0.0,0.0,0.0,0.0,0.0,0.0,0.0,0.0,0,-107875648.0,0,0.0,0,-107875648.0,-107877712.0,0,39322,17038,0,17053,26215,17037,0,0,0,110,100,100,0.0,64.0,0.0,64.9,-0.0,68.5,1,49,50,180,0,13107,0,0,0.0,0.0,0.0,0.0,56.065,65.5,0.0,-2.9257486477158026e+27,0.0,645,0,686,0,0,0,713,0,785,0,707,0,688,0,645,0,640,0,618,0.032,36700160.0,-0.0,0.0,14992,16789,0.0,-4.6784185596902083e+36,5.619179886011023e+27,0.0,0.0,0.0,29.0,60.0,70,0.0,0.0,0.0,0.0,0.0,0.0,0.0,0.0,0.0,0.0,0.0,0.0,0.0,0.0,0.0,0.0,59.2,68,12,65509,41,65476,0,300,0,0,8,20529,65476,0,0,61604,60.0,0.0,0.0,0.0,0.0,0.0
2026-04-04T11:48:31,ERR,ERR,ERR,ERR,ERR,ERR,ERR,ERR,ERR,ERR,ERR,ERR,ERR,ERR,ERR,ERR,ERR,ERR,ERR,ERR,ERR,ERR,ERR,ERR,ERR,ERR,ERR,ERR,ERR,ERR,ERR,ERR,ERR,ERR,ERR,ERR,ERR,ERR,ERR,ERR,ERR,ERR,ERR,ERR,ERR,ERR,ERR,ERR,ERR,ERR,ERR,ERR,ERR,ERR,ERR,ERR,ERR,ERR,ERR,ERR,ERR,ERR,ERR,ERR,ERR,ERR,ERR,ERR,ERR,ERR,ERR,ERR,ERR,ERR,ERR,ERR,ERR,ERR,ERR,ERR,ERR,ERR,ERR,ERR,ERR,ERR,ERR,ERR,ERR,ERR,ERR,ERR,ERR,ERR,ERR,ERR,ERR,ERR,ERR,ERR,ERR,ERR,ERR,ERR,ERR,ERR,ERR,ERR,ERR,ERR,ERR,ERR,ERR,ERR,ERR,ERR,ERR,ERR,ERR,ERR,ERR,ERR,ERR,ERR,ERR,-107615240.0,0.0,-117832800.0,0.0,0.0,0.0,0.0,nan,0,0,0,32768,0,0.0,0,0.0,0.0,0.0,0.0,0.0,0,0,0,0,0.0,0,0,0,0,0,0,0,0,0,0,0,0,0,0,0,0,0,0,0,0,0,0,0,0,0,0,0,0,0,0,0,0,0,0,0,0,0,0,0,0,0,0,0,0,0.0,0.0,0.0,0.0,0.0,0.0,0.0,0.0,0.0,0.0,0.0,0.0,0.0,0.0,0.0,0.0,0.0,0.0,0.0,0.0,0.0,0.0,2.004,-0.0,-2.004,-0.0,0.0,0.0,0.0,0.0,3353.5,-0.0,0.0,-107615240.0,0.0,-0.0,2.7184274988523002e+23,0.0,0.0,0.0,0.0,0,-3.222024165466893e+26,0.0,0.0,0.0,0.0,0.0,0.0,0.0,0.0,0,0,0,0.0,0.0,0.0,0.0,0.0,0.0,0.0,0.0,0.0,0.0,0.0,0.0,0.0,0.0,0.0,0.0,0,-107875648.0,0,0.0,0,-107875648.0,-107877712.0,0,39322,17038,0,17053,26215,17037,0,0,0,110,100,100,0.0,64.0,0.0,64.9,-0.0,68.5,1,49,50,180,0,13107,0,0,0.0,0.0,0.0,0.0,56.065,65.5,0.0,-2.9257486477158026e+27,0.0,645,0,686,0,0,0,713,0,785,0,707,0,688,0,645,0,640,0,618,0.032,36700160.0,-0.0,0.0,14992,16789,0.0,-4.6784185596902083e+36,5.619179886011023e+27,0.0,0.0,0.0,29.0,60.0,70,0.0,0.0,0.0,0.0,0.0,0.0,0.0,0.0,0.0,0.0,0.0,0.0,0.0,0.0,0.0,0.0,59.2,68,12,65509,41,65476,0,300,0,0,8,20529,65476,0,0,61604,60.0,0.0,0.0,0.0,0.0,0.0
2026-04-04T11:48:32,ERR,ERR,ERR,ERR,ERR,ERR,ERR,ERR,ERR,ERR,ERR,ERR,ERR,ERR,ERR,ERR,ERR,ERR,ERR,ERR,ERR,ERR,ERR,ERR,ERR,ERR,ERR,ERR,ERR,ERR,ERR,ERR,ERR,ERR,ERR,ERR,ERR,ERR,ERR,ERR,ERR,ERR,ERR,ERR,ERR,ERR,ERR,ERR,ERR,ERR,ERR,ERR,ERR,ERR,ERR,ERR,ERR,ERR,ERR,ERR,ERR,ERR,ERR,ERR,ERR,ERR,ERR,ERR,ERR,ERR,ERR,ERR,ERR,ERR,ERR,ERR,ERR,ERR,ERR,ERR,ERR,ERR,ERR,ERR,ERR,ERR,ERR,ERR,ERR,ERR,ERR,ERR,ERR,ERR,ERR,ERR,ERR,ERR,ERR,ERR,ERR,ERR,ERR,ERR,ERR,ERR,ERR,ERR,ERR,ERR,ERR,ERR,ERR,ERR,ERR,ERR,ERR,ERR,ERR,ERR,ERR,ERR,ERR,ERR,ERR,-107615240.0,0.0,-117832800.0,0.0,0.0,0.0,0.0,nan,0,0,0,32768,0,0.0,0,0.0,0.0,0.0,0.0,0.0,0,0,0,0,0.0,0,0,0,0,0,0,0,0,0,0,0,0,0,0,0,0,0,0,0,0,0,0,0,0,0,0,0,0,0,0,0,0,0,0,0,0,0,0,0,0,0,0,0,0,0.0,0.0,0.0,0.0,0.0,0.0,0.0,0.0,0.0,0.0,0.0,0.0,0.0,0.0,0.0,0.0,0.0,0.0,0.0,0.0,0.0,0.0,2.004,-0.0,-2.004,-0.0,0.0,0.0,0.0,0.0,3353.5,-0.0,0.0,-107615240.0,0.0,-0.0,2.7184274988523002e+23,0.0,0.0,0.0,0.0,0,-3.222024165466893e+26,0.0,0.0,0.0,0.0,0.0,0.0,0.0,0.0,0,0,0,0.0,0.0,0.0,0.0,0.0,0.0,0.0,0.0,0.0,0.0,0.0,0.0,0.0,0.0,0.0,0.0,0,-107875648.0,0,0.0,0,-107875648.0,-107877712.0,0,39322,17038,0,17053,26215,17037,0,0,0,110,100,100,0.0,64.0,0.0,64.9,-0.0,68.5,1,49,50,180,0,13107,0,0,0.0,0.0,0.0,0.0,56.065,65.5,0.0,-2.9257486477158026e+27,0.0,645,0,686,0,0,0,713,0,785,0,707,0,688,0,645,0,640,0,618,0.032,36700160.0,-0.0,0.0,14992,16789,0.0,-4.6784185596902083e+36,5.619179886011023e+27,0.0,0.0,0.0,29.0,60.0,70,0.0,0.0,0.0,0.0,0.0,0.0,0.0,0.0,0.0,0.0,0.0,0.0,0.0,0.0,0.0,0.0,59.2,68,12,65509,41,65476,0,300,0,0,8,20529,65476,0,0,61604,60.0,0.0,0.0,0.0,0.0,0.0
2026-04-04T11:48:33,ERR,ERR,ERR,ERR,ERR,ERR,ERR,ERR,ERR,ERR,ERR,ERR,ERR,ERR,ERR,ERR,ERR,ERR,ERR,ERR,ERR,ERR,ERR,ERR,ERR,ERR,ERR,ERR,ERR,ERR,ERR,ERR,ERR,ERR,ERR,ERR,ERR,ERR,ERR,ERR,ERR,ERR,ERR,ERR,ERR,ERR,ERR,ERR,ERR,ERR,ERR,ERR,ERR,ERR,ERR,ERR,ERR,ERR,ERR,ERR,ERR,ERR,ERR,ERR,ERR,ERR,ERR,ERR,ERR,ERR,ERR,ERR,ERR,ERR,ERR,ERR,ERR,ERR,ERR,ERR,ERR,ERR,ERR,ERR,ERR,ERR,ERR,ERR,ERR,ERR,ERR,ERR,ERR,ERR,ERR,ERR,ERR,ERR,ERR,ERR,ERR,ERR,ERR,ERR,ERR,ERR,ERR,ERR,ERR,ERR,ERR,ERR,ERR,ERR,ERR,ERR,ERR,ERR,ERR,ERR,ERR,ERR,ERR,ERR,ERR,-107615240.0,0.0,-117832800.0,0.0,0.0,0.0,0.0,nan,0,0,0,32768,0,0.0,0,0.0,0.0,0.0,0.0,0.0,0,0,0,0,0.0,0,0,0,0,0,0,0,0,0,0,0,0,0,0,0,0,0,0,0,0,0,0,0,0,0,0,0,0,0,0,0,0,0,0,0,0,0,0,0,0,0,0,0,0,0.0,0.0,0.0,0.0,0.0,0.0,0.0,0.0,0.0,0.0,0.0,0.0,0.0,0.0,0.0,0.0,0.0,0.0,0.0,0.0,0.0,0.0,2.004,-0.0,-2.004,-0.0,0.0,0.0,0.0,0.0,3353.5,-0.0,0.0,-107615240.0,0.0,-0.0,2.7184274988523002e+23,0.0,0.0,0.0,0.0,0,-3.222024165466893e+26,0.0,0.0,0.0,0.0,0.0,0.0,0.0,0.0,0,0,0,0.0,0.0,0.0,0.0,0.0,0.0,0.0,0.0,0.0,0.0,0.0,0.0,0.0,0.0,0.0,0.0,0,-107875648.0,0,0.0,0,-107875648.0,-107877712.0,0,39322,17038,0,17053,26215,17037,0,0,0,110,100,100,0.0,64.0,0.0,64.9,-0.0,68.5,1,49,50,180,0,13107,0,0,0.0,0.0,0.0,0.0,56.065,65.5,0.0,-2.9257486477158026e+27,0.0,645,0,686,0,0,0,713,0,785,0,707,0,688,0,645,0,640,0,618,0.032,36700160.0,-0.0,0.0,14992,16789,0.0,-4.6784185596902083e+36,5.619179886011023e+27,0.0,0.0,0.0,29.0,60.0,70,0.0,0.0,0.0,0.0,0.0,0.0,0.0,0.0,0.0,0.0,0.0,0.0,0.0,0.0,0.0,0.0,59.2,68,12,65509,41,65476,0,300,0,0,8,20529,65476,0,0,61604,60.0,0.0,0.0,0.0,0.0,0.0
2026-04-04T11:48:34,ERR,ERR,ERR,ERR,ERR,ERR,ERR,ERR,ERR,ERR,ERR,ERR,ERR,ERR,ERR,ERR,ERR,ERR,ERR,ERR,ERR,ERR,ERR,ERR,ERR,ERR,ERR,ERR,ERR,ERR,ERR,ERR,ERR,ERR,ERR,ERR,ERR,ERR,ERR,ERR,ERR,ERR,ERR,ERR,ERR,ERR,ERR,ERR,ERR,ERR,ERR,ERR,ERR,ERR,ERR,ERR,ERR,ERR,ERR,ERR,ERR,ERR,ERR,ERR,ERR,ERR,ERR,ERR,ERR,ERR,ERR,ERR,ERR,ERR,ERR,ERR,ERR,ERR,ERR,ERR,ERR,ERR,ERR,ERR,ERR,ERR,ERR,ERR,ERR,ERR,ERR,ERR,ERR,ERR,ERR,ERR,ERR,ERR,ERR,ERR,ERR,ERR,ERR,ERR,ERR,ERR,ERR,ERR,ERR,ERR,ERR,ERR,ERR,ERR,ERR,ERR,ERR,ERR,ERR,ERR,ERR,ERR,ERR,ERR,ERR,-107615240.0,0.0,-117832800.0,0.0,0.0,0.0,0.0,nan,0,0,0,32768,0,0.0,0,0.0,0.0,0.0,0.0,0.0,0,0,0,0,0.0,0,0,0,0,0,0,0,0,0,0,0,0,0,0,0,0,0,0,0,0,0,0,0,0,0,0,0,0,0,0,0,0,0,0,0,0,0,0,0,0,0,0,0,0,0.0,0.0,0.0,0.0,0.0,0.0,0.0,0.0,0.0,0.0,0.0,0.0,0.0,0.0,0.0,0.0,0.0,0.0,0.0,0.0,0.0,0.0,2.004,-0.0,-2.004,-0.0,0.0,0.0,0.0,0.0,3353.5,-0.0,0.0,-107615240.0,0.0,-0.0,2.7184274988523002e+23,0.0,0.0,0.0,0.0,0,-3.222024165466893e+26,0.0,0.0,0.0,0.0,0.0,0.0,0.0,0.0,0,0,0,0.0,0.0,0.0,0.0,0.0,0.0,0.0,0.0,0.0,0.0,0.0,0.0,0.0,0.0,0.0,0.0,0,-107875648.0,0,0.0,0,-107875648.0,-107877712.0,0,39322,17038,0,17053,26215,17037,0,0,0,110,100,100,0.0,64.0,0.0,64.8,-0.0,68.5,1,49,50,180,0,13107,0,0,0.0,0.0,0.0,0.0,0.0,65.5,0.0,0.0,0.0,645,0,686,0,0,0,713,0,785,0,707,0,689,0,646,0,640,0,618,0.032,36962304.0,-0.0,0.0,10640,16789,0.0,0.0,-0.0,-0.089,0.0,0.0,29.0,60.0,70,0.0,0.0,0.0,0.0,0.0,0.0,0.0,0.0,0.0,0.0,0.0,0.0,0.0,0.0,0.0,0.0,59.2,68,12,65509,41,65476,0,300,0,0,8,20529,65476,0,0,61604,60.0,0.0,0.0,0.0,0.0,0.0
2026-04-04T11:48:35,ERR,ERR,ERR,ERR,ERR,ERR,ERR,ERR,ERR,ERR,ERR,ERR,ERR,ERR,ERR,ERR,ERR,ERR,ERR,ERR,ERR,ERR,ERR,ERR,ERR,ERR,ERR,ERR,ERR,ERR,ERR,ERR,ERR,ERR,ERR,ERR,ERR,ERR,ERR,ERR,ERR,ERR,ERR,ERR,ERR,ERR,ERR,ERR,ERR,ERR,ERR,ERR,ERR,ERR,ERR,ERR,ERR,ERR,ERR,ERR,ERR,ERR,ERR,ERR,ERR,ERR,ERR,ERR,ERR,ERR,ERR,ERR,ERR,ERR,ERR,ERR,ERR,ERR,ERR,ERR,ERR,ERR,ERR,ERR,ERR,ERR,ERR,ERR,ERR,ERR,ERR,ERR,ERR,ERR,ERR,ERR,ERR,ERR,ERR,ERR,ERR,ERR,ERR,ERR,ERR,ERR,ERR,ERR,ERR,ERR,ERR,ERR,ERR,ERR,ERR,ERR,ERR,ERR,ERR,ERR,ERR,ERR,ERR,ERR,ERR,-107615240.0,0.0,-117832800.0,0.0,0.0,0.0,0.0,nan,0,0,0,32768,0,0.0,0,0.0,0.0,0.0,0.0,0.0,0,0,0,0,0.0,0,0,0,0,0,0,0,0,0,0,0,0,0,0,0,0,0,0,0,0,0,0,0,0,0,0,0,0,0,0,0,0,0,0,0,0,0,0,0,0,0,0,0,0,0.0,0.0,0.0,0.0,0.0,0.0,0.0,0.0,0.0,0.0,0.0,0.0,0.0,0.0,0.0,0.0,0.0,0.0,0.0,0.0,0.0,0.0,2.004,-0.0,-2.004,-0.0,0.0,0.0,0.0,0.0,3353.5,-0.0,0.0,-107615240.0,0.0,-0.0,2.7184274988523002e+23,0.0,0.0,0.0,0.0,0,-3.222024165466893e+26,0.0,0.0,0.0,0.0,0.0,0.0,0.0,0.0,0,0,0,0.0,0.0,0.0,0.0,0.0,0.0,0.0,0.0,0.0,0.0,0.0,0.0,0.0,0.0,0.0,0.0,0,-107875648.0,0,0.0,0,-107875648.0,-107877712.0,0,39322,17038,0,17053,26215,17037,0,0,0,110,100,100,0.0,64.0,0.0,64.8,-0.0,68.5,1,49,50,180,0,13107,0,0,0.0,0.0,0.0,0.0,0.0,65.5,0.0,0.0,0.0,645,0,686,0,0,0,713,0,785,0,707,0,689,0,646,0,640,0,618,0.032,36962304.0,-0.0,0.0,10640,16789,0.0,0.0,-0.0,-0.089,0.0,0.0,29.0,60.0,70,0.0,0.0,0.0,0.0,0.0,0.0,0.0,0.0,0.0,0.0,0.0,0.0,0.0,0.0,0.0,0.0,59.2,68,12,65509,41,65476,0,300,0,0,8,20529,65476,0,0,61604,60.0,0.0,0.0,0.0,0.0,0.0
2026-04-04T11:48:36,ERR,ERR,ERR,ERR,ERR,ERR,ERR,ERR,ERR,ERR,ERR,ERR,ERR,ERR,ERR,ERR,ERR,ERR,ERR,ERR,ERR,ERR,ERR,ERR,ERR,ERR,ERR,ERR,ERR,ERR,ERR,ERR,ERR,ERR,ERR,ERR,ERR,ERR,ERR,ERR,ERR,ERR,ERR,ERR,ERR,ERR,ERR,ERR,ERR,ERR,ERR,ERR,ERR,ERR,ERR,ERR,ERR,ERR,ERR,ERR,ERR,ERR,ERR,ERR,ERR,ERR,ERR,ERR,ERR,ERR,ERR,ERR,ERR,ERR,ERR,ERR,ERR,ERR,ERR,ERR,ERR,ERR,ERR,ERR,ERR,ERR,ERR,ERR,ERR,ERR,ERR,ERR,ERR,ERR,ERR,ERR,ERR,ERR,ERR,ERR,ERR,ERR,ERR,ERR,ERR,ERR,ERR,ERR,ERR,ERR,ERR,ERR,ERR,ERR,ERR,ERR,ERR,ERR,ERR,ERR,ERR,ERR,ERR,ERR,ERR,-107615240.0,0.0,-117832800.0,0.0,0.0,0.0,0.0,nan,0,0,0,32768,0,0.0,0,0.0,0.0,0.0,0.0,0.0,0,0,0,0,0.0,0,0,0,0,0,0,0,0,0,0,0,0,0,0,0,0,0,0,0,0,0,0,0,0,0,0,0,0,0,0,0,0,0,0,0,0,0,0,0,0,0,0,0,0,0.0,0.0,0.0,0.0,0.0,0.0,0.0,0.0,0.0,0.0,0.0,0.0,0.0,0.0,0.0,0.0,0.0,0.0,0.0,0.0,0.0,0.0,2.004,-0.0,-2.004,-0.0,0.0,0.0,0.0,0.0,3353.5,-0.0,0.0,-107615240.0,0.0,-0.0,2.7184274988523002e+23,0.0,0.0,0.0,0.0,0,-3.222024165466893e+26,0.0,0.0,0.0,0.0,0.0,0.0,0.0,0.0,0,0,0,0.0,0.0,0.0,0.0,0.0,0.0,0.0,0.0,0.0,0.0,0.0,0.0,0.0,0.0,0.0,0.0,0,-107875648.0,0,0.0,0,-107875648.0,-107877712.0,0,39322,17038,0,17053,26215,17037,0,0,0,110,100,100,0.0,64.0,0.0,64.8,-0.0,68.5,1,49,50,180,0,13107,0,0,0.0,0.0,0.0,0.0,0.0,65.5,0.0,0.0,0.0,645,0,686,0,0,0,713,0,785,0,707,0,689,0,646,0,640,0,618,0.032,36962304.0,-0.0,0.0,10640,16789,0.0,0.0,-0.0,-0.089,0.0,0.0,29.0,60.0,70,0.0,0.0,0.0,0.0,0.0,0.0,0.0,0.0,0.0,0.0,0.0,0.0,0.0,0.0,0.0,0.0,59.2,68,12,65509,41,65476,0,300,0,0,8,20529,65476,0,0,61604,60.0,0.0,0.0,0.0,0.0,0.0
2026-04-04T11:48:37,ERR,ERR,ERR,ERR,ERR,ERR,ERR,ERR,ERR,ERR,ERR,ERR,ERR,ERR,ERR,ERR,ERR,ERR,ERR,ERR,ERR,ERR,ERR,ERR,ERR,ERR,ERR,ERR,ERR,ERR,ERR,ERR,ERR,ERR,ERR,ERR,ERR,ERR,ERR,ERR,ERR,ERR,ERR,ERR,ERR,ERR,ERR,ERR,ERR,ERR,ERR,ERR,ERR,ERR,ERR,ERR,ERR,ERR,ERR,ERR,ERR,ERR,ERR,ERR,ERR,ERR,ERR,ERR,ERR,ERR,ERR,ERR,ERR,ERR,ERR,ERR,ERR,ERR,ERR,ERR,ERR,ERR,ERR,ERR,ERR,ERR,ERR,ERR,ERR,ERR,ERR,ERR,ERR,ERR,ERR,ERR,ERR,ERR,ERR,ERR,ERR,ERR,ERR,ERR,ERR,ERR,ERR,ERR,ERR,ERR,ERR,ERR,ERR,ERR,ERR,ERR,ERR,ERR,ERR,ERR,ERR,ERR,ERR,ERR,ERR,-107615240.0,0.0,-117832800.0,0.0,0.0,0.0,0.0,nan,0,0,0,32768,0,0.0,0,0.0,0.0,0.0,0.0,0.0,0,0,0,0,0.0,0,0,0,0,0,0,0,0,0,0,0,0,0,0,0,0,0,0,0,0,0,0,0,0,0,0,0,0,0,0,0,0,0,0,0,0,0,0,0,0,0,0,0,0,0.0,0.0,0.0,0.0,0.0,0.0,0.0,0.0,0.0,0.0,0.0,0.0,0.0,0.0,0.0,0.0,0.0,0.0,0.0,0.0,0.0,0.0,2.004,-0.0,-2.004,-2.004,0.0,0.0,0.0,0.0,3354.5,-1.5879151860148276e+29,0.0,-107615240.0,0.0,-107615232.0,2.7184274988523002e+23,0.0,0.0,0.0,0.0,0,-4.0668755697950344e+29,126839996416.0,0.0,0.0,0.0,0.0,0.0,0.0,0.0,0,0,0,0.0,0.0,0.0,0.0,0.0,0.0,0.0,0.0,0.0,0.0,0.0,0.0,0.0,0.0,0.0,0.0,0,-107875648.0,0,0.0,0,-107875648.0,0.0,0,39322,17038,0,17053,26215,17037,0,0,0,110,100,100,0.0,64.0,0.0,64.8,-0.0,68.5,1,49,50,180,0,13107,0,0,0.0,0.0,0.0,0.0,0.0,65.5,0.0,0.0,0.0,645,0,686,0,0,0,713,0,785,0,707,0,689,0,646,0,640,0,618,0.032,36962304.0,-0.0,0.0,10640,16789,0.0,0.0,-0.0,-0.089,0.0,0.0,29.0,60.0,70,0.0,0.0,0.0,0.0,0.0,0.0,0.0,0.0,0.0,0.0,0.0,0.0,0.0,0.0,0.0,0.0,59.2,68,12,65509,41,65476,0,300,0,0,8,20529,65476,0,0,61604,60.0,0.0,0.0,0.0,0.0,0.0
2026-04-04T11:48:38,ERR,ERR,ERR,ERR,ERR,ERR,ERR,ERR,ERR,ERR,ERR,ERR,ERR,ERR,ERR,ERR,ERR,ERR,ERR,ERR,ERR,ERR,ERR,ERR,ERR,ERR,ERR,ERR,ERR,ERR,ERR,ERR,ERR,ERR,ERR,ERR,ERR,ERR,ERR,ERR,ERR,ERR,ERR,ERR,ERR,ERR,ERR,ERR,ERR,ERR,ERR,ERR,ERR,ERR,ERR,ERR,ERR,ERR,ERR,ERR,ERR,ERR,ERR,ERR,ERR,ERR,ERR,ERR,ERR,ERR,ERR,ERR,ERR,ERR,ERR,ERR,ERR,ERR,ERR,ERR,ERR,ERR,ERR,ERR,ERR,ERR,ERR,ERR,ERR,ERR,ERR,ERR,ERR,ERR,ERR,ERR,ERR,ERR,ERR,ERR,ERR,ERR,ERR,ERR,ERR,ERR,ERR,ERR,ERR,ERR,ERR,ERR,ERR,ERR,ERR,ERR,ERR,ERR,ERR,ERR,ERR,ERR,ERR,ERR,ERR,-107615240.0,0.0,-117832800.0,0.0,0.0,0.0,0.0,nan,0,0,0,32768,0,0.0,0,0.0,0.0,0.0,0.0,0.0,0,0,0,0,0.0,0,0,0,0,0,0,0,0,0,0,0,0,0,0,0,0,0,0,0,0,0,0,0,0,0,0,0,0,0,0,0,0,0,0,0,0,0,0,0,0,0,0,0,0,0.0,0.0,0.0,0.0,0.0,0.0,0.0,0.0,0.0,0.0,0.0,0.0,0.0,0.0,0.0,0.0,0.0,0.0,0.0,0.0,0.0,0.0,2.004,-0.0,-2.004,-2.004,0.0,0.0,0.0,0.0,3354.5,-1.5879151860148276e+29,0.0,-107615240.0,0.0,-107615232.0,2.7184274988523002e+23,0.0,0.0,0.0,0.0,0,-4.0668755697950344e+29,126839996416.0,0.0,0.0,0.0,0.0,0.0,0.0,0.0,0,0,0,0.0,0.0,0.0,0.0,0.0,0.0,0.0,0.0,0.0,0.0,0.0,0.0,0.0,0.0,0.0,0.0,0,-107875648.0,0,0.0,0,-107875648.0,0.0,0,39322,17038,0,17053,26215,17037,0,0,0,110,100,100,0.0,64.0,0.0,64.8,-0.0,68.5,1,49,50,180,0,13107,0,0,0.0,0.0,0.0,0.0,0.0,65.5,0.0,0.0,0.0,645,0,686,0,0,0,713,0,785,0,707,0,689,0,646,0,640,0,618,0.032,36962304.0,-0.0,0.0,10640,16789,0.0,0.0,-0.0,-0.089,0.0,0.0,29.0,60.0,70,0.0,0.0,0.0,0.0,0.0,0.0,0.0,0.0,0.0,0.0,0.0,0.0,0.0,0.0,0.0,0.0,59.2,68,12,65509,41,65476,0,300,0,0,8,20529,65476,0,0,61604,60.0,0.0,0.0,0.0,0.0,0.0
2026-04-04T11:48:39,ERR,ERR,ERR,ERR,ERR,ERR,ERR,ERR,ERR,ERR,ERR,ERR,ERR,ERR,ERR,ERR,ERR,ERR,ERR,ERR,ERR,ERR,ERR,ERR,ERR,ERR,ERR,ERR,ERR,ERR,ERR,ERR,ERR,ERR,ERR,ERR,ERR,ERR,ERR,ERR,ERR,ERR,ERR,ERR,ERR,ERR,ERR,ERR,ERR,ERR,ERR,ERR,ERR,ERR,ERR,ERR,ERR,ERR,ERR,ERR,ERR,ERR,ERR,ERR,ERR,ERR,ERR,ERR,ERR,ERR,ERR,ERR,ERR,ERR,ERR,ERR,ERR,ERR,ERR,ERR,ERR,ERR,ERR,ERR,ERR,ERR,ERR,ERR,ERR,ERR,ERR,ERR,ERR,ERR,ERR,ERR,ERR,ERR,ERR,ERR,ERR,ERR,ERR,ERR,ERR,ERR,ERR,ERR,ERR,ERR,ERR,ERR,ERR,ERR,ERR,ERR,ERR,ERR,ERR,ERR,ERR,ERR,ERR,ERR,ERR,-107615240.0,0.0,-117832800.0,0.0,0.0,0.0,0.0,nan,0,0,0,32768,0,0.0,0,0.0,0.0,0.0,0.0,0.0,0,0,0,0,0.0,0,0,0,0,0,0,0,0,0,0,0,0,0,0,0,0,0,0,0,0,0,0,0,0,0,0,0,0,0,0,0,0,0,0,0,0,0,0,0,0,0,0,0,0,0.0,0.0,0.0,0.0,0.0,0.0,0.0,0.0,0.0,0.0,0.0,0.0,0.0,0.0,0.0,0.0,0.0,0.0,0.0,0.0,0.0,0.0,2.004,-0.0,-2.004,-2.004,0.0,0.0,0.0,0.0,3354.5,-1.5879151860148276e+29,0.0,-107615240.0,0.0,-107615232.0,2.7184274988523002e+23,0.0,0.0,0.0,0.0,0,-4.0668755697950344e+29,126839996416.0,0.0,0.0,0.0,0.0,0.0,0.0,0.0,0,0,0,0.0,0.0,0.0,0.0,0.0,0.0,0.0,0.0,0.0,0.0,0.0,0.0,0.0,0.0,0.0,0.0,0,-107875648.0,0,0.0,0,-107875648.0,0.0,0,39322,17038,0,17053,26215,17037,0,0,0,110,100,100,0.0,64.0,0.0,64.8,-0.0,68.5,1,49,50,180,0,13107,0,0,0.0,0.0,0.0,0.0,0.0,65.5,0.0,0.0,0.0,645,0,686,0,0,0,713,0,785,0,707,0,689,0,646,0,640,0,618,0.032,36962304.0,-0.0,0.0,10640,16789,0.0,0.0,-0.0,-0.089,0.0,0.0,29.0,60.0,70,0.0,0.0,0.0,0.0,0.0,0.0,0.0,0.0,0.0,0.0,0.0,0.0,0.0,0.0,0.0,0.0,59.2,68,12,65509,41,65476,0,300,0,0,8,20529,65476,0,0,61604,60.0,0.0,0.0,0.0,0.0,0.0
2026-04-04T11:48:40,ERR,ERR,ERR,ERR,ERR,ERR,ERR,ERR,ERR,ERR,ERR,ERR,ERR,ERR,ERR,ERR,ERR,ERR,ERR,ERR,ERR,ERR,ERR,ERR,ERR,ERR,ERR,ERR,ERR,ERR,ERR,ERR,ERR,ERR,ERR,ERR,ERR,ERR,ERR,ERR,ERR,ERR,ERR,ERR,ERR,ERR,ERR,ERR,ERR,ERR,ERR,ERR,ERR,ERR,ERR,ERR,ERR,ERR,ERR,ERR,ERR,ERR,ERR,ERR,ERR,ERR,ERR,ERR,ERR,ERR,ERR,ERR,ERR,ERR,ERR,ERR,ERR,ERR,ERR,ERR,ERR,ERR,ERR,ERR,ERR,ERR,ERR,ERR,ERR,ERR,ERR,ERR,ERR,ERR,ERR,ERR,ERR,ERR,ERR,ERR,ERR,ERR,ERR,ERR,ERR,ERR,ERR,ERR,ERR,ERR,ERR,ERR,ERR,ERR,ERR,ERR,ERR,ERR,ERR,ERR,ERR,ERR,ERR,ERR,ERR,-107615240.0,0.0,-117832800.0,0.0,0.0,0.0,0.0,nan,0,0,0,32768,0,0.0,0,0.0,0.0,0.0,0.0,0.0,0,0,0,0,0.0,0,0,0,0,0,0,0,0,0,0,0,0,0,0,0,0,0,0,0,0,0,0,0,0,0,0,0,0,0,0,0,0,0,0,0,0,0,0,0,0,0,0,0,0,0.0,0.0,0.0,0.0,0.0,0.0,0.0,0.0,0.0,0.0,0.0,0.0,0.0,0.0,0.0,0.0,0.0,0.0,0.0,0.0,0.0,0.0,2.004,-0.0,-2.004,-2.004,0.0,0.0,0.0,0.0,3354.5,-1.5879151860148276e+29,0.0,-107615240.0,0.0,-107615232.0,2.7184274988523002e+23,0.0,0.0,0.0,0.0,0,-4.0668755697950344e+29,126839996416.0,0.0,0.0,0.0,0.0,0.0,0.0,0.0,0,0,0,0.0,0.0,0.0,0.0,0.0,0.0,0.0,0.0,0.0,0.0,0.0,0.0,0.0,0.0,0.0,0.0,0,-107875648.0,0,0.0,0,-107875648.0,0.0,0,39322,17038,0,17053,26215,17037,0,0,0,110,100,100,0.0,64.0,0.0,64.8,-0.0,68.5,1,49,50,180,0,13107,0,0,0.0,0.0,0.0,0.0,0.0,65.5,0.0,-0.0,0.0,645,0,686,0,0,0,713,0,785,0,707,0,688,0,645,0,640,0,618,0.032,36700160.0,-0.0,0.0,16784,16789,0.0,-0.0,-0.0,0.006,0.0,0.003,29.0,60.0,70,0.0,0.0,0.0,0.0,0.0,0.0,0.0,0.0,0.0,0.0,0.0,0.0,0.0,0.0,0.0,0.0,59.2,68,12,65509,41,65476,0,300,0,0,8,20529,65476,0,0,61604,60.0,0.0,0.0,0.0,0.0,0.0
2026-04-04T11:48:41,ERR,ERR,ERR,ERR,ERR,ERR,ERR,ERR,ERR,ERR,ERR,ERR,ERR,ERR,ERR,ERR,ERR,ERR,ERR,ERR,ERR,ERR,ERR,ERR,ERR,ERR,ERR,ERR,ERR,ERR,ERR,ERR,ERR,ERR,ERR,ERR,ERR,ERR,ERR,ERR,ERR,ERR,ERR,ERR,ERR,ERR,ERR,ERR,ERR,ERR,ERR,ERR,ERR,ERR,ERR,ERR,ERR,ERR,ERR,ERR,ERR,ERR,ERR,ERR,ERR,ERR,ERR,ERR,ERR,ERR,ERR,ERR,ERR,ERR,ERR,ERR,ERR,ERR,ERR,ERR,ERR,ERR,ERR,ERR,ERR,ERR,ERR,ERR,ERR,ERR,ERR,ERR,ERR,ERR,ERR,ERR,ERR,ERR,ERR,ERR,ERR,ERR,ERR,ERR,ERR,ERR,ERR,ERR,ERR,ERR,ERR,ERR,ERR,ERR,ERR,ERR,ERR,ERR,ERR,ERR,ERR,ERR,ERR,ERR,ERR,-107615240.0,0.0,-117832800.0,0.0,0.0,0.0,0.0,nan,0,0,0,32768,0,0.0,0,0.0,0.0,0.0,0.0,0.0,0,0,0,0,0.0,0,0,0,0,0,0,0,0,0,0,0,0,0,0,0,0,0,0,0,0,0,0,0,0,0,0,0,0,0,0,0,0,0,0,0,0,0,0,0,0,0,0,0,0,0.0,0.0,0.0,0.0,0.0,0.0,0.0,0.0,0.0,0.0,0.0,0.0,0.0,0.0,0.0,0.0,0.0,0.0,0.0,0.0,0.0,0.0,2.004,-0.0,-2.004,-2.004,0.0,0.0,0.0,0.0,3354.5,-1.5879151860148276e+29,0.0,-107615240.0,0.0,-107615232.0,2.7184274988523002e+23,0.0,0.0,0.0,0.0,0,-4.0668755697950344e+29,126839996416.0,0.0,0.0,0.0,0.0,0.0,0.0,0.0,0,0,0,0.0,0.0,0.0,0.0,0.0,0.0,0.0,0.0,0.0,0.0,0.0,0.0,0.0,0.0,0.0,0.0,0,-107875648.0,0,0.0,0,-107875648.0,0.0,0,39322,17038,0,17053,26215,17037,0,0,0,110,100,100,0.0,64.0,0.0,64.8,-0.0,68.5,1,49,50,180,0,13107,0,0,0.0,0.0,0.0,0.0,0.0,65.5,0.0,-0.0,0.0,645,0,686,0,0,0,713,0,785,0,707,0,688,0,645,0,640,0,618,0.032,36700160.0,-0.0,0.0,16784,16789,0.0,-0.0,-0.0,0.006,0.0,0.003,29.0,60.0,70,0.0,0.0,0.0,0.0,0.0,0.0,0.0,0.0,0.0,0.0,0.0,0.0,0.0,0.0,0.0,0.0,59.2,68,12,65509,41,65476,0,300,0,0,8,20529,65476,0,0,61604,60.0,0.0,0.0,0.0,0.0,0.0
2026-04-04T11:48:42,ERR,ERR,ERR,ERR,ERR,ERR,ERR,ERR,ERR,ERR,ERR,ERR,ERR,ERR,ERR,ERR,ERR,ERR,ERR,ERR,ERR,ERR,ERR,ERR,ERR,ERR,ERR,ERR,ERR,ERR,ERR,ERR,ERR,ERR,ERR,ERR,ERR,ERR,ERR,ERR,ERR,ERR,ERR,ERR,ERR,ERR,ERR,ERR,ERR,ERR,ERR,ERR,ERR,ERR,ERR,ERR,ERR,ERR,ERR,ERR,ERR,ERR,ERR,ERR,ERR,ERR,ERR,ERR,ERR,ERR,ERR,ERR,ERR,ERR,ERR,ERR,ERR,ERR,ERR,ERR,ERR,ERR,ERR,ERR,ERR,ERR,ERR,ERR,ERR,ERR,ERR,ERR,ERR,ERR,ERR,ERR,ERR,ERR,ERR,ERR,ERR,ERR,ERR,ERR,ERR,ERR,ERR,ERR,ERR,ERR,ERR,ERR,ERR,ERR,ERR,ERR,ERR,ERR,ERR,ERR,ERR,ERR,ERR,ERR,ERR,-107615240.0,0.0,-117832800.0,0.0,0.0,0.0,0.0,nan,0,0,0,32768,0,0.0,0,0.0,0.0,0.0,0.0,0.0,0,0,0,0,0.0,0,0,0,0,0,0,0,0,0,0,0,0,0,0,0,0,0,0,0,0,0,0,0,0,0,0,0,0,0,0,0,0,0,0,0,0,0,0,0,0,0,0,0,0,0.0,0.0,0.0,0.0,0.0,0.0,0.0,0.0,0.0,0.0,0.0,0.0,0.0,0.0,0.0,0.0,0.0,0.0,0.0,0.0,0.0,0.0,2.004,-0.0,-2.004,-2.004,0.0,0.0,0.0,0.0,3354.5,-1.5879151860148276e+29,0.0,-107615240.0,0.0,-107615232.0,2.7184274988523002e+23,0.0,0.0,0.0,0.0,0,-4.0668755697950344e+29,126839996416.0,0.0,0.0,0.0,0.0,0.0,0.0,0.0,0,0,0,0.0,0.0,0.0,0.0,0.0,0.0,0.0,0.0,0.0,0.0,0.0,0.0,0.0,0.0,0.0,0.0,0,-107875648.0,0,0.0,0,-107875648.0,0.0,0,39322,17038,0,17053,26215,17037,0,0,0,110,100,100,0.0,64.0,0.0,64.8,-0.0,68.5,1,49,50,180,0,13107,0,0,0.0,0.0,0.0,0.0,0.0,65.5,0.0,-0.0,0.0,645,0,686,0,0,0,713,0,785,0,707,0,688,0,645,0,640,0,618,0.032,36700160.0,-0.0,0.0,16784,16789,0.0,-0.0,-0.0,0.006,0.0,0.003,29.0,60.0,70,0.0,0.0,0.0,0.0,0.0,0.0,0.0,0.0,0.0,0.0,0.0,0.0,0.0,0.0,0.0,0.0,59.2,68,12,65509,41,65476,0,300,0,0,8,20529,65476,0,0,61604,60.0,0.0,0.0,0.0,0.0,0.0
2026-04-04T11:48:43,ERR,ERR,ERR,ERR,ERR,ERR,ERR,ERR,ERR,ERR,ERR,ERR,ERR,ERR,ERR,ERR,ERR,ERR,ERR,ERR,ERR,ERR,ERR,ERR,ERR,ERR,ERR,ERR,ERR,ERR,ERR,ERR,ERR,ERR,ERR,ERR,ERR,ERR,ERR,ERR,ERR,ERR,ERR,ERR,ERR,ERR,ERR,ERR,ERR,ERR,ERR,ERR,ERR,ERR,ERR,ERR,ERR,ERR,ERR,ERR,ERR,ERR,ERR,ERR,ERR,ERR,ERR,ERR,ERR,ERR,ERR,ERR,ERR,ERR,ERR,ERR,ERR,ERR,ERR,ERR,ERR,ERR,ERR,ERR,ERR,ERR,ERR,ERR,ERR,ERR,ERR,ERR,ERR,ERR,ERR,ERR,ERR,ERR,ERR,ERR,ERR,ERR,ERR,ERR,ERR,ERR,ERR,ERR,ERR,ERR,ERR,ERR,ERR,ERR,ERR,ERR,ERR,ERR,ERR,ERR,ERR,ERR,ERR,ERR,ERR,-107615240.0,0.0,-117832800.0,0.0,0.0,0.0,0.0,nan,0,0,0,32768,0,0.0,0,0.0,0.0,0.0,0.0,0.0,0,0,0,0,0.0,0,0,0,0,0,0,0,0,0,0,0,0,0,0,0,0,0,0,0,0,0,0,0,0,0,0,0,0,0,0,0,0,0,0,0,0,0,0,0,0,0,0,0,0,0.0,0.0,0.0,0.0,0.0,0.0,0.0,0.0,0.0,0.0,0.0,0.0,0.0,0.0,0.0,0.0,0.0,0.0,0.0,0.0,0.0,0.0,2.004,-0.0,-2.004,-2.004,0.0,0.0,0.0,0.0,3354.5,-1.5879151860148276e+29,0.0,-107615240.0,0.0,-107615232.0,2.7184274988523002e+23,0.0,0.0,0.0,0.0,0,-4.0668755697950344e+29,126839996416.0,0.0,0.0,0.0,0.0,0.0,0.0,0.0,0,0,0,0.0,0.0,0.0,0.0,0.0,0.0,0.0,0.0,0.0,0.0,0.0,0.0,0.0,0.0,0.0,0.0,0,-107875648.0,0,0.0,0,-107875648.0,0.0,0,39322,17038,0,17053,26215,17037,0,0,0,110,100,100,0.0,64.0,0.0,64.8,-0.0,68.5,1,49,50,180,0,13107,0,0,0.0,0.0,0.0,0.0,0.0,65.5,0.0,-0.0,0.0,645,0,686,0,0,0,713,0,785,0,707,0,688,0,645,0,640,0,618,0.032,36700160.0,-0.0,0.0,16784,16789,0.0,-0.0,-0.0,0.006,0.0,0.003,29.0,60.0,70,0.0,0.0,0.0,0.0,0.0,0.0,0.0,0.0,0.0,0.0,0.0,0.0,0.0,0.0,0.0,0.0,59.2,68,12,65509,41,65476,0,300,0,0,8,20529,65476,0,0,61604,60.0,0.0,0.0,0.0,0.0,0.0
2026-04-04T11:48:44,ERR,ERR,ERR,ERR,ERR,ERR,ERR,ERR,ERR,ERR,ERR,ERR,ERR,ERR,ERR,ERR,ERR,ERR,ERR,ERR,ERR,ERR,ERR,ERR,ERR,ERR,ERR,ERR,ERR,ERR,ERR,ERR,ERR,ERR,ERR,ERR,ERR,ERR,ERR,ERR,ERR,ERR,ERR,ERR,ERR,ERR,ERR,ERR,ERR,ERR,ERR,ERR,ERR,ERR,ERR,ERR,ERR,ERR,ERR,ERR,ERR,ERR,ERR,ERR,ERR,ERR,ERR,ERR,ERR,ERR,ERR,ERR,ERR,ERR,ERR,ERR,ERR,ERR,ERR,ERR,ERR,ERR,ERR,ERR,ERR,ERR,ERR,ERR,ERR,ERR,ERR,ERR,ERR,ERR,ERR,ERR,ERR,ERR,ERR,ERR,ERR,ERR,ERR,ERR,ERR,ERR,ERR,ERR,ERR,ERR,ERR,ERR,ERR,ERR,ERR,ERR,ERR,ERR,ERR,ERR,ERR,ERR,ERR,ERR,ERR,-107615240.0,0.0,-117832800.0,0.0,0.0,0.0,0.0,nan,0,0,0,32768,0,0.0,0,0.0,0.0,0.0,0.0,0.0,0,0,0,0,0.0,0,0,0,0,0,0,0,0,0,0,0,0,0,0,0,0,0,0,0,0,0,0,0,0,0,0,0,0,0,0,0,0,0,0,0,0,0,0,0,0,0,0,0,0,0.0,0.0,0.0,0.0,0.0,0.0,0.0,0.0,0.0,0.0,0.0,0.0,0.0,0.0,0.0,0.0,0.0,0.0,0.0,0.0,0.0,0.0,2.004,-0.0,-2.004,-2.004,0.0,0.0,0.0,0.0,3354.5,-1.5879151860148276e+29,0.0,-107615240.0,0.0,-107615232.0,2.7184274988523002e+23,0.0,0.0,0.0,0.0,0,-4.0668755697950344e+29,126839996416.0,0.0,0.0,0.0,0.0,0.0,0.0,0.0,0,0,0,0.0,0.0,0.0,0.0,0.0,0.0,0.0,0.0,0.0,0.0,0.0,0.0,0.0,0.0,0.0,0.0,0,-107875648.0,0,0.0,0,-107875648.0,0.0,0,39322,17038,0,17053,26215,17037,0,0,0,110,100,100,0.0,64.0,0.0,64.8,-0.0,68.5,1,49,50,180,0,13107,0,0,0.0,0.0,0.0,0.0,0.0,65.5,0.0,-0.0,0.0,645,0,686,0,0,0,713,0,785,0,707,0,688,0,645,0,640,0,618,0.032,36700160.0,-0.0,0.0,16784,16789,0.0,-0.0,-0.0,0.006,0.0,0.003,29.0,60.0,70,0.0,0.0,0.0,0.0,0.0,0.0,0.0,0.0,0.0,0.0,0.0,0.0,0.0,0.0,0.0,0.0,59.6,68,12,65509,41,65476,0,300,0,0,8,20529,65476,0,0,61604,60.0,0.0,0.0,0.0,0.0,0.0
2026-04-04T11:48:45,ERR,ERR,ERR,ERR,ERR,ERR,ERR,ERR,ERR,ERR,ERR,ERR,ERR,ERR,ERR,ERR,ERR,ERR,ERR,ERR,ERR,ERR,ERR,ERR,ERR,ERR,ERR,ERR,ERR,ERR,ERR,ERR,ERR,ERR,ERR,ERR,ERR,ERR,ERR,ERR,ERR,ERR,ERR,ERR,ERR,ERR,ERR,ERR,ERR,ERR,ERR,ERR,ERR,ERR,ERR,ERR,ERR,ERR,ERR,ERR,ERR,ERR,ERR,ERR,ERR,ERR,ERR,ERR,ERR,ERR,ERR,ERR,ERR,ERR,ERR,ERR,ERR,ERR,ERR,ERR,ERR,ERR,ERR,ERR,ERR,ERR,ERR,ERR,ERR,ERR,ERR,ERR,ERR,ERR,ERR,ERR,ERR,ERR,ERR,ERR,ERR,ERR,ERR,ERR,ERR,ERR,ERR,ERR,ERR,ERR,ERR,ERR,ERR,ERR,ERR,ERR,ERR,ERR,ERR,ERR,ERR,ERR,ERR,ERR,ERR,-107615240.0,0.0,-117832800.0,0.0,0.0,0.0,0.0,nan,0,0,0,32768,0,0.0,0,0.0,0.0,0.0,0.0,0.0,0,0,0,0,0.0,0,0,0,0,0,0,0,0,0,0,0,0,0,0,0,0,0,0,0,0,0,0,0,0,0,0,0,0,0,0,0,0,0,0,0,0,0,0,0,0,0,0,0,0,0.0,0.0,0.0,0.0,0.0,0.0,0.0,0.0,0.0,0.0,0.0,0.0,0.0,0.0,0.0,0.0,0.0,0.0,0.0,0.0,0.0,0.0,2.004,-0.0,-2.004,-2.004,0.0,0.0,0.0,0.0,3353.5,-3.697153148275864e+19,0.0,-107615240.0,0.0,-107615232.0,2.7184274988523002e+23,0.0,0.0,0.0,0.0,0,-3.222024165466893e+26,2.7184055212861186e+23,0.0,0.0,0.0,0.0,0.0,0.0,0.0,0,0,0,0.0,0.0,0.0,0.0,0.0,0.0,0.0,0.0,0.0,0.0,0.0,0.0,0.0,0.0,0.0,0.0,0,-107875648.0,0,0.0,0,-107875648.0,-107877712.0,0,39322,17038,0,17053,26215,17037,0,0,0,110,100,100,0.0,64.0,0.0,64.8,-0.0,68.5,1,49,50,180,0,13107,0,0,0.0,0.0,0.0,0.0,0.0,65.5,0.0,-0.0,0.0,645,0,686,0,0,0,713,0,785,0,707,0,688,0,645,0,640,0,618,0.032,36700160.0,-0.0,0.0,16784,16789,0.0,-0.0,-0.0,0.006,0.0,0.003,29.0,60.0,70,0.0,0.0,0.0,0.0,0.0,0.0,0.0,0.0,0.0,0.0,0.0,0.0,0.0,0.0,0.0,0.0,59.6,68,12,65509,41,65476,0,300,0,0,8,20529,65476,0,0,61604,60.0,0.0,0.0,0.0,0.0,0.0
2026-04-04T11:48:46,ERR,ERR,ERR,ERR,ERR,ERR,ERR,ERR,ERR,ERR,ERR,ERR,ERR,ERR,ERR,ERR,ERR,ERR,ERR,ERR,ERR,ERR,ERR,ERR,ERR,ERR,ERR,ERR,ERR,ERR,ERR,ERR,ERR,ERR,ERR,ERR,ERR,ERR,ERR,ERR,ERR,ERR,ERR,ERR,ERR,ERR,ERR,ERR,ERR,ERR,ERR,ERR,ERR,ERR,ERR,ERR,ERR,ERR,ERR,ERR,ERR,ERR,ERR,ERR,ERR,ERR,ERR,ERR,ERR,ERR,ERR,ERR,ERR,ERR,ERR,ERR,ERR,ERR,ERR,ERR,ERR,ERR,ERR,ERR,ERR,ERR,ERR,ERR,ERR,ERR,ERR,ERR,ERR,ERR,ERR,ERR,ERR,ERR,ERR,ERR,ERR,ERR,ERR,ERR,ERR,ERR,ERR,ERR,ERR,ERR,ERR,ERR,ERR,ERR,ERR,ERR,ERR,ERR,ERR,ERR,ERR,ERR,ERR,ERR,ERR,-107615240.0,0.0,-117832800.0,0.0,0.0,0.0,0.0,nan,0,0,0,32768,0,0.0,0,0.0,0.0,0.0,0.0,0.0,0,0,0,0,0.0,0,0,0,0,0,0,0,0,0,0,0,0,0,0,0,0,0,0,0,0,0,0,0,0,0,0,0,0,0,0,0,0,0,0,0,0,0,0,0,0,0,0,0,0,0.0,0.0,0.0,0.0,0.0,0.0,0.0,0.0,0.0,0.0,0.0,0.0,0.0,0.0,0.0,0.0,0.0,0.0,0.0,0.0,0.0,0.0,2.004,-0.0,-2.004,-2.004,0.0,0.0,0.0,0.0,3353.5,-3.697153148275864e+19,0.0,-107615240.0,0.0,-107615232.0,2.7184274988523002e+23,0.0,0.0,0.0,0.0,0,-3.222024165466893e+26,2.7184055212861186e+23,0.0,0.0,0.0,0.0,0.0,0.0,0.0,0,0,0,0.0,0.0,0.0,0.0,0.0,0.0,0.0,0.0,0.0,0.0,0.0,0.0,0.0,0.0,0.0,0.0,0,-107875648.0,0,0.0,0,-107875648.0,-107877712.0,0,39322,17038,0,17053,26215,17037,0,0,0,110,100,100,0.0,64.0,0.0,64.9,-107615304.0,68.5,1,49,50,180,0,13107,0,0,0.0,0.0,0.0,0.0,0.0,65.5,0.0,438845152.0,0.0,645,0,686,0,0,0,713,0,785,0,707,0,689,0,645,0,640,0,618,0.032,36700160.0,-0.0,0.0,20112,16789,0.0,438845152.0,-0.0,-0.006,0.0,0.0,29.0,60.0,70,0.0,0.0,0.0,0.0,0.0,0.0,0.0,0.0,0.0,0.0,0.0,0.0,0.0,0.0,0.0,0.0,59.6,68,12,65509,41,65476,0,300,0,0,8,20529,65476,0,0,61604,60.0,0.0,0.0,0.0,0.0,0.0
2026-04-04T11:48:47,ERR,ERR,ERR,ERR,ERR,ERR,ERR,ERR,ERR,ERR,ERR,ERR,ERR,ERR,ERR,ERR,ERR,ERR,ERR,ERR,ERR,ERR,ERR,ERR,ERR,ERR,ERR,ERR,ERR,ERR,ERR,ERR,ERR,ERR,ERR,ERR,ERR,ERR,ERR,ERR,ERR,ERR,ERR,ERR,ERR,ERR,ERR,ERR,ERR,ERR,ERR,ERR,ERR,ERR,ERR,ERR,ERR,ERR,ERR,ERR,ERR,ERR,ERR,ERR,ERR,ERR,ERR,ERR,ERR,ERR,ERR,ERR,ERR,ERR,ERR,ERR,ERR,ERR,ERR,ERR,ERR,ERR,ERR,ERR,ERR,ERR,ERR,ERR,ERR,ERR,ERR,ERR,ERR,ERR,ERR,ERR,ERR,ERR,ERR,ERR,ERR,ERR,ERR,ERR,ERR,ERR,ERR,ERR,ERR,ERR,ERR,ERR,ERR,ERR,ERR,ERR,ERR,ERR,ERR,ERR,ERR,ERR,ERR,ERR,ERR,-107615240.0,0.0,-117832800.0,0.0,0.0,0.0,0.0,nan,0,0,0,32768,0,0.0,0,0.0,0.0,0.0,0.0,0.0,0,0,0,0,0.0,0,0,0,0,0,0,0,0,0,0,0,0,0,0,0,0,0,0,0,0,0,0,0,0,0,0,0,0,0,0,0,0,0,0,0,0,0,0,0,0,0,0,0,0,0.0,0.0,0.0,0.0,0.0,0.0,0.0,0.0,0.0,0.0,0.0,0.0,0.0,0.0,0.0,0.0,0.0,0.0,0.0,0.0,0.0,0.0,2.004,-0.0,-2.004,-2.004,0.0,0.0,0.0,0.0,3353.5,-3.697153148275864e+19,0.0,-107615240.0,0.0,-107615232.0,2.7184274988523002e+23,0.0,0.0,0.0,0.0,0,-3.222024165466893e+26,2.7184055212861186e+23,0.0,0.0,0.0,0.0,0.0,0.0,0.0,0,0,0,0.0,0.0,0.0,0.0,0.0,0.0,0.0,0.0,0.0,0.0,0.0,0.0,0.0,0.0,0.0,0.0,0,-107875648.0,0,0.0,0,-107875648.0,-107877712.0,0,39322,17038,0,17053,26215,17037,0,0,0,110,100,100,0.0,64.0,0.0,64.9,-107615304.0,68.5,1,49,50,180,0,13107,0,0,0.0,0.0,0.0,0.0,0.0,65.5,0.0,438845152.0,0.0,645,0,686,0,0,0,713,0,785,0,707,0,689,0,645,0,640,0,618,0.032,36700160.0,-0.0,0.0,20112,16789,0.0,438845152.0,-0.0,-0.006,0.0,0.0,29.0,60.0,70,0.0,0.0,0.0,0.0,0.0,0.0,0.0,0.0,0.0,0.0,0.0,0.0,0.0,0.0,0.0,0.0,59.2,68,12,65509,41,65476,0,300,0,0,8,20529,65476,0,0,61604,60.0,0.0,0.0,0.0,0.0,0.0
2026-04-04T11:48:48,ERR,ERR,ERR,ERR,ERR,ERR,ERR,ERR,ERR,ERR,ERR,ERR,ERR,ERR,ERR,ERR,ERR,ERR,ERR,ERR,ERR,ERR,ERR,ERR,ERR,ERR,ERR,ERR,ERR,ERR,ERR,ERR,ERR,ERR,ERR,ERR,ERR,ERR,ERR,ERR,ERR,ERR,ERR,ERR,ERR,ERR,ERR,ERR,ERR,ERR,ERR,ERR,ERR,ERR,ERR,ERR,ERR,ERR,ERR,ERR,ERR,ERR,ERR,ERR,ERR,ERR,ERR,ERR,ERR,ERR,ERR,ERR,ERR,ERR,ERR,ERR,ERR,ERR,ERR,ERR,ERR,ERR,ERR,ERR,ERR,ERR,ERR,ERR,ERR,ERR,ERR,ERR,ERR,ERR,ERR,ERR,ERR,ERR,ERR,ERR,ERR,ERR,ERR,ERR,ERR,ERR,ERR,ERR,ERR,ERR,ERR,ERR,ERR,ERR,ERR,ERR,ERR,ERR,ERR,ERR,ERR,ERR,ERR,ERR,ERR,-107615240.0,0.0,-117832800.0,0.0,0.0,0.0,0.0,nan,0,0,0,32768,0,0.0,0,0.0,0.0,0.0,0.0,0.0,0,0,0,0,0.0,0,0,0,0,0,0,0,0,0,0,0,0,0,0,0,0,0,0,0,0,0,0,0,0,0,0,0,0,0,0,0,0,0,0,0,0,0,0,0,0,0,0,0,0,0.0,0.0,0.0,0.0,0.0,0.0,0.0,0.0,0.0,0.0,0.0,0.0,0.0,0.0,0.0,0.0,0.0,0.0,0.0,0.0,0.0,0.0,2.004,-0.0,-2.004,-2.004,0.0,0.0,0.0,0.0,3353.5,-3.697153148275864e+19,0.0,-107615240.0,0.0,-107615232.0,2.7184274988523002e+23,0.0,0.0,0.0,0.0,0,-3.222024165466893e+26,2.7184055212861186e+23,0.0,0.0,0.0,0.0,0.0,0.0,0.0,0,0,0,0.0,0.0,0.0,0.0,0.0,0.0,0.0,0.0,0.0,0.0,0.0,0.0,0.0,0.0,0.0,0.0,0,-107875648.0,0,0.0,0,-107875648.0,-107877712.0,0,39322,17038,0,17053,26215,17037,0,0,0,110,100,100,0.0,64.0,0.0,64.9,-107615304.0,68.5,1,49,50,180,0,13107,0,0,0.0,0.0,0.0,0.0,0.0,65.5,0.0,438845152.0,0.0,645,0,686,0,0,0,713,0,785,0,707,0,689,0,645,0,640,0,618,0.032,36700160.0,-0.0,0.0,20112,16789,0.0,438845152.0,-0.0,-0.006,0.0,0.0,29.0,60.0,70,0.0,0.0,0.0,0.0,0.0,0.0,0.0,0.0,0.0,0.0,0.0,0.0,0.0,0.0,0.0,0.0,59.2,68,12,65509,41,65476,0,300,0,0,8,20529,65476,0,0,61604,60.0,0.0,0.0,0.0,0.0,0.0
2026-04-04T11:48:49,ERR,ERR,ERR,ERR,ERR,ERR,ERR,ERR,ERR,ERR,ERR,ERR,ERR,ERR,ERR,ERR,ERR,ERR,ERR,ERR,ERR,ERR,ERR,ERR,ERR,ERR,ERR,ERR,ERR,ERR,ERR,ERR,ERR,ERR,ERR,ERR,ERR,ERR,ERR,ERR,ERR,ERR,ERR,ERR,ERR,ERR,ERR,ERR,ERR,ERR,ERR,ERR,ERR,ERR,ERR,ERR,ERR,ERR,ERR,ERR,ERR,ERR,ERR,ERR,ERR,ERR,ERR,ERR,ERR,ERR,ERR,ERR,ERR,ERR,ERR,ERR,ERR,ERR,ERR,ERR,ERR,ERR,ERR,ERR,ERR,ERR,ERR,ERR,ERR,ERR,ERR,ERR,ERR,ERR,ERR,ERR,ERR,ERR,ERR,ERR,ERR,ERR,ERR,ERR,ERR,ERR,ERR,ERR,ERR,ERR,ERR,ERR,ERR,ERR,ERR,ERR,ERR,ERR,ERR,ERR,ERR,ERR,ERR,ERR,ERR,-107615240.0,0.0,-117832800.0,0.0,0.0,0.0,0.0,nan,0,0,0,32768,0,0.0,0,0.0,0.0,0.0,0.0,0.0,0,0,0,0,0.0,0,0,0,0,0,0,0,0,0,0,0,0,0,0,0,0,0,0,0,0,0,0,0,0,0,0,0,0,0,0,0,0,0,0,0,0,0,0,0,0,0,0,0,0,0.0,0.0,0.0,0.0,0.0,0.0,0.0,0.0,0.0,0.0,0.0,0.0,0.0,0.0,0.0,0.0,0.0,0.0,0.0,0.0,0.0,0.0,2.004,-0.0,-2.004,-2.004,0.0,0.0,0.0,0.0,3353.5,-3.697153148275864e+19,0.0,-107615240.0,0.0,-107615232.0,2.7184274988523002e+23,0.0,0.0,0.0,0.0,0,-3.222024165466893e+26,2.7184055212861186e+23,0.0,0.0,0.0,0.0,0.0,0.0,0.0,0,0,0,0.0,0.0,0.0,0.0,0.0,0.0,0.0,0.0,0.0,0.0,0.0,0.0,0.0,0.0,0.0,0.0,0,-107875648.0,0,0.0,0,-107875648.0,-107877712.0,0,39322,17038,0,17053,26215,17037,0,0,0,110,100,100,0.0,64.0,0.0,64.9,-107615304.0,68.5,1,49,50,180,0,13107,0,0,0.0,0.0,0.0,0.0,0.0,65.5,0.0,438845152.0,0.0,645,0,686,0,0,0,713,0,785,0,707,0,689,0,645,0,640,0,618,0.032,36700160.0,-0.0,0.0,20112,16789,0.0,438845152.0,-0.0,-0.006,0.0,0.0,29.0,60.0,70,0.0,0.0,0.0,0.0,0.0,0.0,0.0,0.0,0.0,0.0,0.0,0.0,0.0,0.0,0.0,0.0,59.2,68,12,65509,41,65476,0,300,0,0,8,20529,65476,0,0,61604,60.0,0.0,0.0,0.0,0.0,0.0
2026-04-04T11:48:50,ERR,ERR,ERR,ERR,ERR,ERR,ERR,ERR,ERR,ERR,ERR,ERR,ERR,ERR,ERR,ERR,ERR,ERR,ERR,ERR,ERR,ERR,ERR,ERR,ERR,ERR,ERR,ERR,ERR,ERR,ERR,ERR,ERR,ERR,ERR,ERR,ERR,ERR,ERR,ERR,ERR,ERR,ERR,ERR,ERR,ERR,ERR,ERR,ERR,ERR,ERR,ERR,ERR,ERR,ERR,ERR,ERR,ERR,ERR,ERR,ERR,ERR,ERR,ERR,ERR,ERR,ERR,ERR,ERR,ERR,ERR,ERR,ERR,ERR,ERR,ERR,ERR,ERR,ERR,ERR,ERR,ERR,ERR,ERR,ERR,ERR,ERR,ERR,ERR,ERR,ERR,ERR,ERR,ERR,ERR,ERR,ERR,ERR,ERR,ERR,ERR,ERR,ERR,ERR,ERR,ERR,ERR,ERR,ERR,ERR,ERR,ERR,ERR,ERR,ERR,ERR,ERR,ERR,ERR,ERR,ERR,ERR,ERR,ERR,ERR,-107615240.0,0.0,-117832800.0,0.0,0.0,0.0,0.0,nan,0,0,0,32768,0,0.0,0,0.0,0.0,0.0,0.0,0.0,0,0,0,0,0.0,0,0,0,0,0,0,0,0,0,0,0,0,0,0,0,0,0,0,0,0,0,0,0,0,0,0,0,0,0,0,0,0,0,0,0,0,0,0,0,0,0,0,0,0,0.0,0.0,0.0,0.0,0.0,0.0,0.0,0.0,0.0,0.0,0.0,0.0,0.0,0.0,0.0,0.0,0.0,0.0,0.0,0.0,0.0,0.0,2.004,-0.0,-2.004,-2.004,0.0,0.0,0.0,0.0,3353.5,-3.697153148275864e+19,0.0,-107615240.0,0.0,-107615232.0,2.7184274988523002e+23,0.0,0.0,0.0,0.0,0,-3.222024165466893e+26,2.7184055212861186e+23,0.0,0.0,0.0,0.0,0.0,0.0,0.0,0,0,0,0.0,0.0,0.0,0.0,0.0,0.0,0.0,0.0,0.0,0.0,0.0,0.0,0.0,0.0,0.0,0.0,0,-107875648.0,0,0.0,0,-107875648.0,-107877712.0,0,39322,17038,0,17053,26215,17037,0,0,0,110,100,100,0.0,64.0,0.0,64.9,-107615304.0,68.5,1,49,50,180,0,13107,0,0,0.0,0.0,0.0,0.0,0.0,65.5,0.0,438845152.0,0.0,645,0,686,0,0,0,713,0,785,0,707,0,689,0,645,0,640,0,618,0.032,36700160.0,-0.0,0.0,20112,16789,0.0,438845152.0,-0.0,-0.006,0.0,0.0,29.0,60.0,70,0.0,0.0,0.0,0.0,0.0,0.0,0.0,0.0,0.0,0.0,0.0,0.0,0.0,0.0,0.0,0.0,59.2,68,12,65509,41,65476,0,300,0,0,8,20529,65476,0,0,61604,60.0,0.0,0.0,0.0,0.0,0.0
2026-04-04T11:48:51,ERR,ERR,ERR,ERR,ERR,ERR,ERR,ERR,ERR,ERR,ERR,ERR,ERR,ERR,ERR,ERR,ERR,ERR,ERR,ERR,ERR,ERR,ERR,ERR,ERR,ERR,ERR,ERR,ERR,ERR,ERR,ERR,ERR,ERR,ERR,ERR,ERR,ERR,ERR,ERR,ERR,ERR,ERR,ERR,ERR,ERR,ERR,ERR,ERR,ERR,ERR,ERR,ERR,ERR,ERR,ERR,ERR,ERR,ERR,ERR,ERR,ERR,ERR,ERR,ERR,ERR,ERR,ERR,ERR,ERR,ERR,ERR,ERR,ERR,ERR,ERR,ERR,ERR,ERR,ERR,ERR,ERR,ERR,ERR,ERR,ERR,ERR,ERR,ERR,ERR,ERR,ERR,ERR,ERR,ERR,ERR,ERR,ERR,ERR,ERR,ERR,ERR,ERR,ERR,ERR,ERR,ERR,ERR,ERR,ERR,ERR,ERR,ERR,ERR,ERR,ERR,ERR,ERR,ERR,ERR,ERR,ERR,ERR,ERR,ERR,-107615240.0,0.0,-117832800.0,0.0,0.0,0.0,0.0,nan,0,0,0,32768,0,0.0,0,0.0,0.0,0.0,0.0,0.0,0,0,0,0,0.0,0,0,0,0,0,0,0,0,0,0,0,0,0,0,0,0,0,0,0,0,0,0,0,0,0,0,0,0,0,0,0,0,0,0,0,0,0,0,0,0,0,0,0,0,0.0,0.0,0.0,0.0,0.0,0.0,0.0,0.0,0.0,0.0,0.0,0.0,0.0,0.0,0.0,0.0,0.0,0.0,0.0,0.0,0.0,0.0,2.004,-0.0,-2.004,-2.004,0.0,0.0,0.0,0.0,3353.5,-3.697153148275864e+19,0.0,-107615240.0,0.0,-107615232.0,2.7184274988523002e+23,0.0,0.0,0.0,0.0,0,-3.222024165466893e+26,2.7184055212861186e+23,0.0,0.0,0.0,0.0,0.0,0.0,0.0,0,0,0,0.0,0.0,0.0,0.0,0.0,0.0,0.0,0.0,0.0,0.0,0.0,0.0,0.0,0.0,0.0,0.0,0,-107875648.0,0,0.0,0,-107875648.0,-107877712.0,0,39322,17038,0,17053,26215,17037,0,0,0,110,100,100,0.0,64.0,0.0,64.9,-107615304.0,68.5,1,49,50,180,0,13107,0,0,0.0,0.0,0.0,0.0,0.0,65.5,0.0,438845152.0,0.0,645,0,686,0,0,0,713,0,785,0,707,0,689,0,645,0,640,0,618,0.032,36700160.0,-0.0,0.0,20112,16789,0.0,438845152.0,-0.0,-0.006,0.0,0.0,29.0,60.0,70,0.0,0.0,0.0,0.0,0.0,0.0,0.0,0.0,0.0,0.0,0.0,0.0,0.0,0.0,0.0,0.0,59.2,68,12,65509,41,65476,0,300,0,0,8,20529,65476,0,0,61604,60.0,0.0,0.0,0.0,0.0,0.0
2026-04-04T11:48:52,ERR,ERR,ERR,ERR,ERR,ERR,ERR,ERR,ERR,ERR,ERR,ERR,ERR,ERR,ERR,ERR,ERR,ERR,ERR,ERR,ERR,ERR,ERR,ERR,ERR,ERR,ERR,ERR,ERR,ERR,ERR,ERR,ERR,ERR,ERR,ERR,ERR,ERR,ERR,ERR,ERR,ERR,ERR,ERR,ERR,ERR,ERR,ERR,ERR,ERR,ERR,ERR,ERR,ERR,ERR,ERR,ERR,ERR,ERR,ERR,ERR,ERR,ERR,ERR,ERR,ERR,ERR,ERR,ERR,ERR,ERR,ERR,ERR,ERR,ERR,ERR,ERR,ERR,ERR,ERR,ERR,ERR,ERR,ERR,ERR,ERR,ERR,ERR,ERR,ERR,ERR,ERR,ERR,ERR,ERR,ERR,ERR,ERR,ERR,ERR,ERR,ERR,ERR,ERR,ERR,ERR,ERR,ERR,ERR,ERR,ERR,ERR,ERR,ERR,ERR,ERR,ERR,ERR,ERR,ERR,ERR,ERR,ERR,ERR,ERR,-107615240.0,0.0,-117832800.0,0.0,0.0,0.0,0.0,nan,0,0,0,32768,0,0.0,0,0.0,0.0,0.0,0.0,0.0,0,0,0,0,0.0,0,0,0,0,0,0,0,0,0,0,0,0,0,0,0,0,0,0,0,0,0,0,0,0,0,0,0,0,0,0,0,0,0,0,0,0,0,0,0,0,0,0,0,0,0.0,0.0,0.0,0.0,0.0,0.0,0.0,0.0,0.0,0.0,0.0,0.0,0.0,0.0,0.0,0.0,0.0,0.0,0.0,0.0,0.0,0.0,2.004,-0.0,-2.004,-2.004,0.0,0.0,0.0,0.0,3353.5,-3.697153148275864e+19,0.0,-107615240.0,0.0,-107615232.0,2.7184274988523002e+23,0.0,0.0,0.0,0.0,0,-3.222024165466893e+26,2.7184055212861186e+23,0.0,0.0,0.0,0.0,0.0,0.0,0.0,0,0,0,0.0,0.0,0.0,0.0,0.0,0.0,0.0,0.0,0.0,0.0,0.0,0.0,0.0,0.0,0.0,0.0,0,-107875648.0,0,0.0,0,-107875648.0,-107877712.0,0,39322,17038,0,17053,26215,17037,0,0,0,110,100,100,0.0,64.0,0.0,64.9,-107615304.0,68.5,1,49,50,180,0,13107,0,0,0.0,0.0,0.0,0.0,0.0,65.5,0.0,0.0,0.0,645,0,686,0,0,0,713,0,785,0,707,0,688,0,645,0,640,0,618,0.032,36700160.0,-0.0,0.0,26768,16789,0.0,0.0,348676.906,5.576876431208996e+29,-1.218579334069416e+32,-7.0112610744950325e+19,29.0,60.0,70,0.0,0.0,0.0,0.0,0.0,0.0,0.0,0.0,0.0,0.0,0.0,0.0,0.0,0.0,0.0,0.0,59.2,68,12,65509,41,65476,0,300,0,0,8,20529,65476,0,0,61604,60.0,0.0,0.0,0.0,0.0,0.0
2026-04-04T11:48:53,ERR,ERR,ERR,ERR,ERR,ERR,ERR,ERR,ERR,ERR,ERR,ERR,ERR,ERR,ERR,ERR,ERR,ERR,ERR,ERR,ERR,ERR,ERR,ERR,ERR,ERR,ERR,ERR,ERR,ERR,ERR,ERR,ERR,ERR,ERR,ERR,ERR,ERR,ERR,ERR,ERR,ERR,ERR,ERR,ERR,ERR,ERR,ERR,ERR,ERR,ERR,ERR,ERR,ERR,ERR,ERR,ERR,ERR,ERR,ERR,ERR,ERR,ERR,ERR,ERR,ERR,ERR,ERR,ERR,ERR,ERR,ERR,ERR,ERR,ERR,ERR,ERR,ERR,ERR,ERR,ERR,ERR,ERR,ERR,ERR,ERR,ERR,ERR,ERR,ERR,ERR,ERR,ERR,ERR,ERR,ERR,ERR,ERR,ERR,ERR,ERR,ERR,ERR,ERR,ERR,ERR,ERR,ERR,ERR,ERR,ERR,ERR,ERR,ERR,ERR,ERR,ERR,ERR,ERR,ERR,ERR,ERR,ERR,ERR,ERR,0.0,0.0,-0.0,0.0,0.0,0.0,0.0,nan,0,0,0,32768,0,0.0,0,0.0,0.0,0.0,0.0,0.0,0,0,0,0,0.0,0,0,0,0,0,0,0,0,0,0,0,0,0,0,0,0,0,0,0,0,0,0,0,0,0,0,0,0,0,0,0,0,0,0,0,0,0,0,0,0,0,0,0,0,0.0,0.0,0.0,0.0,0.0,0.0,0.0,0.0,0.0,0.0,0.0,0.0,0.0,0.0,0.0,0.0,0.0,0.0,0.0,0.0,0.0,0.0,2.004,-0.0,-2.004,-0.0,0.0,0.0,0.0,0.0,3354.0,-3.697153148275864e+19,0.0,-107615240.0,0.0,-107615232.0,2.7184274988523002e+23,0.0,0.0,0.0,0.0,0,-4.0668755697950344e+29,0.0,0.0,0.0,0.0,0.0,0.0,0.0,0.0,0,0,0,0.0,0.0,0.0,0.0,0.0,0.0,0.0,0.0,0.0,0.0,0.0,0.0,0.0,0.0,0.0,0.0,0,-107875648.0,0,0.0,0,-107875648.0,0.0,0,39322,17038,0,17053,26215,17037,0,0,0,110,100,100,0.0,64.0,0.0,64.9,-107615304.0,68.5,1,49,50,180,0,13107,0,0,0.0,0.0,0.0,0.0,0.0,65.5,0.0,0.0,0.0,645,0,686,0,0,0,713,0,785,0,707,0,688,0,645,0,640,0,618,0.032,36700160.0,-0.0,0.0,26768,16789,0.0,0.0,348676.906,5.576876431208996e+29,-1.218579334069416e+32,-7.0112610744950325e+19,29.0,60.0,70,0.0,0.0,0.0,0.0,0.0,0.0,0.0,0.0,0.0,0.0,0.0,0.0,0.0,0.0,0.0,0.0,59.2,68,12,65509,41,65476,0,300,0,0,8,20529,65476,0,0,61604,60.0,0.0,0.0,0.0,0.0,0.0
2026-04-04T11:48:54,ERR,ERR,ERR,ERR,ERR,ERR,ERR,ERR,ERR,ERR,ERR,ERR,ERR,ERR,ERR,ERR,ERR,ERR,ERR,ERR,ERR,ERR,ERR,ERR,ERR,ERR,ERR,ERR,ERR,ERR,ERR,ERR,ERR,ERR,ERR,ERR,ERR,ERR,ERR,ERR,ERR,ERR,ERR,ERR,ERR,ERR,ERR,ERR,ERR,ERR,ERR,ERR,ERR,ERR,ERR,ERR,ERR,ERR,ERR,ERR,ERR,ERR,ERR,ERR,ERR,ERR,ERR,ERR,ERR,ERR,ERR,ERR,ERR,ERR,ERR,ERR,ERR,ERR,ERR,ERR,ERR,ERR,ERR,ERR,ERR,ERR,ERR,ERR,ERR,ERR,ERR,ERR,ERR,ERR,ERR,ERR,ERR,ERR,ERR,ERR,ERR,ERR,ERR,ERR,ERR,ERR,ERR,ERR,ERR,ERR,ERR,ERR,ERR,ERR,ERR,ERR,ERR,ERR,ERR,ERR,ERR,ERR,ERR,ERR,ERR,0.0,0.0,-0.0,0.0,0.0,0.0,0.0,nan,0,0,0,32768,0,0.0,0,0.0,0.0,0.0,0.0,0.0,0,0,0,0,0.0,0,0,0,0,0,0,0,0,0,0,0,0,0,0,0,0,0,0,0,0,0,0,0,0,0,0,0,0,0,0,0,0,0,0,0,0,0,0,0,0,0,0,0,0,0.0,0.0,0.0,0.0,0.0,0.0,0.0,0.0,0.0,0.0,0.0,0.0,0.0,0.0,0.0,0.0,0.0,0.0,0.0,0.0,0.0,0.0,2.004,-0.0,-2.004,-0.0,0.0,0.0,0.0,0.0,3354.0,-3.697153148275864e+19,0.0,-107615240.0,0.0,-107615232.0,2.7184274988523002e+23,0.0,0.0,0.0,0.0,0,-4.0668755697950344e+29,0.0,0.0,0.0,0.0,0.0,0.0,0.0,0.0,0,0,0,0.0,0.0,0.0,0.0,0.0,0.0,0.0,0.0,0.0,0.0,0.0,0.0,0.0,0.0,0.0,0.0,0,-107875648.0,0,0.0,0,-107875648.0,0.0,0,39322,17038,0,17053,26215,17037,0,0,0,110,100,100,0.0,64.0,0.0,64.9,-107615304.0,68.5,1,49,50,180,0,13107,0,0,0.0,0.0,0.0,0.0,0.0,65.5,0.0,0.0,0.0,645,0,686,0,0,0,713,0,785,0,707,0,688,0,645,0,640,0,618,0.032,36700160.0,-0.0,0.0,26768,16789,0.0,0.0,348676.906,5.576876431208996e+29,-1.218579334069416e+32,-7.0112610744950325e+19,29.0,60.0,70,0.0,0.0,0.0,0.0,0.0,0.0,0.0,0.0,0.0,0.0,0.0,0.0,0.0,0.0,0.0,0.0,59.2,68,12,65509,41,65476,0,300,0,0,8,20529,65476,0,0,61604,60.0,0.0,0.0,0.0,0.0,0.0
2026-04-04T11:48:55,ERR,ERR,ERR,ERR,ERR,ERR,ERR,ERR,ERR,ERR,ERR,ERR,ERR,ERR,ERR,ERR,ERR,ERR,ERR,ERR,ERR,ERR,ERR,ERR,ERR,ERR,ERR,ERR,ERR,ERR,ERR,ERR,ERR,ERR,ERR,ERR,ERR,ERR,ERR,ERR,ERR,ERR,ERR,ERR,ERR,ERR,ERR,ERR,ERR,ERR,ERR,ERR,ERR,ERR,ERR,ERR,ERR,ERR,ERR,ERR,ERR,ERR,ERR,ERR,ERR,ERR,ERR,ERR,ERR,ERR,ERR,ERR,ERR,ERR,ERR,ERR,ERR,ERR,ERR,ERR,ERR,ERR,ERR,ERR,ERR,ERR,ERR,ERR,ERR,ERR,ERR,ERR,ERR,ERR,ERR,ERR,ERR,ERR,ERR,ERR,ERR,ERR,ERR,ERR,ERR,ERR,ERR,ERR,ERR,ERR,ERR,ERR,ERR,ERR,ERR,ERR,ERR,ERR,ERR,ERR,ERR,ERR,ERR,ERR,ERR,0.0,0.0,-0.0,0.0,0.0,0.0,0.0,nan,0,0,0,32768,0,0.0,0,0.0,0.0,0.0,0.0,0.0,0,0,0,0,0.0,0,0,0,0,0,0,0,0,0,0,0,0,0,0,0,0,0,0,0,0,0,0,0,0,0,0,0,0,0,0,0,0,0,0,0,0,0,0,0,0,0,0,0,0,0.0,0.0,0.0,0.0,0.0,0.0,0.0,0.0,0.0,0.0,0.0,0.0,0.0,0.0,0.0,0.0,0.0,0.0,0.0,0.0,0.0,0.0,2.004,-0.0,-2.004,-0.0,0.0,0.0,0.0,0.0,3354.0,-3.697153148275864e+19,0.0,-107615240.0,0.0,-107615232.0,2.7184274988523002e+23,0.0,0.0,0.0,0.0,0,-4.0668755697950344e+29,0.0,0.0,0.0,0.0,0.0,0.0,0.0,0.0,0,0,0,0.0,0.0,0.0,0.0,0.0,0.0,0.0,0.0,0.0,0.0,0.0,0.0,0.0,0.0,0.0,0.0,0,-107875648.0,0,0.0,0,-107875648.0,0.0,0,39322,17038,0,17053,26215,17037,0,0,0,110,100,100,0.0,64.0,0.0,64.9,-107615304.0,68.5,1,49,50,180,0,13107,0,0,0.0,0.0,0.0,0.0,0.0,65.5,0.0,0.0,0.0,645,0,686,0,0,0,713,0,785,0,707,0,688,0,645,0,640,0,618,0.032,36700160.0,-0.0,0.0,26768,16789,0.0,0.0,348676.906,5.576876431208996e+29,-1.218579334069416e+32,-7.0112610744950325e+19,29.0,60.0,70,0.0,0.0,0.0,0.0,0.0,0.0,0.0,0.0,0.0,0.0,0.0,0.0,0.0,0.0,0.0,0.0,59.2,68,12,65509,41,65476,0,300,0,0,8,20529,65476,0,0,61604,60.0,0.0,0.0,0.0,0.0,0.0
2026-04-04T11:48:56,ERR,ERR,ERR,ERR,ERR,ERR,ERR,ERR,ERR,ERR,ERR,ERR,ERR,ERR,ERR,ERR,ERR,ERR,ERR,ERR,ERR,ERR,ERR,ERR,ERR,ERR,ERR,ERR,ERR,ERR,ERR,ERR,ERR,ERR,ERR,ERR,ERR,ERR,ERR,ERR,ERR,ERR,ERR,ERR,ERR,ERR,ERR,ERR,ERR,ERR,ERR,ERR,ERR,ERR,ERR,ERR,ERR,ERR,ERR,ERR,ERR,ERR,ERR,ERR,ERR,ERR,ERR,ERR,ERR,ERR,ERR,ERR,ERR,ERR,ERR,ERR,ERR,ERR,ERR,ERR,ERR,ERR,ERR,ERR,ERR,ERR,ERR,ERR,ERR,ERR,ERR,ERR,ERR,ERR,ERR,ERR,ERR,ERR,ERR,ERR,ERR,ERR,ERR,ERR,ERR,ERR,ERR,ERR,ERR,ERR,ERR,ERR,ERR,ERR,ERR,ERR,ERR,ERR,ERR,ERR,ERR,ERR,ERR,ERR,ERR,0.0,0.0,-0.0,0.0,0.0,0.0,0.0,nan,0,0,0,32768,0,0.0,0,0.0,0.0,0.0,0.0,0.0,0,0,0,0,0.0,0,0,0,0,0,0,0,0,0,0,0,0,0,0,0,0,0,0,0,0,0,0,0,0,0,0,0,0,0,0,0,0,0,0,0,0,0,0,0,0,0,0,0,0,0.0,0.0,0.0,0.0,0.0,0.0,0.0,0.0,0.0,0.0,0.0,0.0,0.0,0.0,0.0,0.0,0.0,0.0,0.0,0.0,0.0,0.0,2.004,-0.0,-2.004,-0.0,0.0,0.0,0.0,0.0,3354.0,-3.697153148275864e+19,0.0,-107615240.0,0.0,-107615232.0,2.7184274988523002e+23,0.0,0.0,0.0,0.0,0,-4.0668755697950344e+29,0.0,0.0,0.0,0.0,0.0,0.0,0.0,0.0,0,0,0,0.0,0.0,0.0,0.0,0.0,0.0,0.0,0.0,0.0,0.0,0.0,0.0,0.0,0.0,0.0,0.0,0,-107875648.0,0,0.0,0,-107875648.0,0.0,0,39322,17038,0,17053,26215,17037,0,0,0,110,100,100,0.0,64.0,0.0,64.9,-107615304.0,68.5,1,49,50,180,0,13107,0,0,0.0,0.0,0.0,0.0,0.0,65.5,0.0,0.0,0.0,645,0,686,0,0,0,713,0,785,0,707,0,688,0,645,0,640,0,618,0.032,36700160.0,-0.0,0.0,26768,16789,0.0,0.0,348676.906,5.576876431208996e+29,-1.218579334069416e+32,-7.0112610744950325e+19,29.0,60.0,70,0.0,0.0,0.0,0.0,0.0,0.0,0.0,0.0,0.0,0.0,0.0,0.0,0.0,0.0,0.0,0.0,59.2,68,12,65509,41,65476,0,300,0,0,8,20529,65476,0,0,61604,60.0,0.0,0.0,0.0,0.0,0.0
2026-04-04T11:48:57,ERR,ERR,ERR,ERR,ERR,ERR,ERR,ERR,ERR,ERR,ERR,ERR,ERR,ERR,ERR,ERR,ERR,ERR,ERR,ERR,ERR,ERR,ERR,ERR,ERR,ERR,ERR,ERR,ERR,ERR,ERR,ERR,ERR,ERR,ERR,ERR,ERR,ERR,ERR,ERR,ERR,ERR,ERR,ERR,ERR,ERR,ERR,ERR,ERR,ERR,ERR,ERR,ERR,ERR,ERR,ERR,ERR,ERR,ERR,ERR,ERR,ERR,ERR,ERR,ERR,ERR,ERR,ERR,ERR,ERR,ERR,ERR,ERR,ERR,ERR,ERR,ERR,ERR,ERR,ERR,ERR,ERR,ERR,ERR,ERR,ERR,ERR,ERR,ERR,ERR,ERR,ERR,ERR,ERR,ERR,ERR,ERR,ERR,ERR,ERR,ERR,ERR,ERR,ERR,ERR,ERR,ERR,ERR,ERR,ERR,ERR,ERR,ERR,ERR,ERR,ERR,ERR,ERR,ERR,ERR,ERR,ERR,ERR,ERR,ERR,0.0,0.0,-0.0,0.0,0.0,0.0,0.0,nan,0,0,0,32768,0,0.0,0,0.0,0.0,0.0,0.0,0.0,0,0,0,0,0.0,0,0,0,0,0,0,0,0,0,0,0,0,0,0,0,0,0,0,0,0,0,0,0,0,0,0,0,0,0,0,0,0,0,0,0,0,0,0,0,0,0,0,0,0,0.0,0.0,0.0,0.0,0.0,0.0,0.0,0.0,0.0,0.0,0.0,0.0,0.0,0.0,0.0,0.0,0.0,0.0,0.0,0.0,0.0,0.0,2.004,-0.0,-2.004,-0.0,0.0,0.0,0.0,0.0,3354.0,-3.697153148275864e+19,0.0,-107615240.0,0.0,-107615232.0,2.7184274988523002e+23,0.0,0.0,0.0,0.0,0,-4.0668755697950344e+29,0.0,0.0,0.0,0.0,0.0,0.0,0.0,0.0,0,0,0,0.0,0.0,0.0,0.0,0.0,0.0,0.0,0.0,0.0,0.0,0.0,0.0,0.0,0.0,0.0,0.0,0,-107875648.0,0,0.0,0,-107875648.0,0.0,0,39322,17038,0,17053,26215,17037,0,0,0,110,100,100,0.0,64.0,0.0,64.9,-107615304.0,68.5,1,49,50,180,0,13107,0,0,0.0,0.0,0.0,0.0,0.0,65.5,0.0,0.0,0.0,645,0,686,0,0,0,713,0,785,0,707,0,688,0,645,0,640,0,618,0.032,36700160.0,-0.0,0.0,26768,16789,0.0,0.0,348676.906,5.576876431208996e+29,-1.218579334069416e+32,-7.0112610744950325e+19,29.0,60.0,70,0.0,0.0,0.0,0.0,0.0,0.0,0.0,0.0,0.0,0.0,0.0,0.0,0.0,0.0,0.0,0.0,59.2,68,12,65509,41,65476,0,300,0,0,8,20529,65476,0,0,61604,60.0,0.0,0.0,0.0,0.0,0.0
2026-04-04T11:48:58,ERR,ERR,ERR,ERR,ERR,ERR,ERR,ERR,ERR,ERR,ERR,ERR,ERR,ERR,ERR,ERR,ERR,ERR,ERR,ERR,ERR,ERR,ERR,ERR,ERR,ERR,ERR,ERR,ERR,ERR,ERR,ERR,ERR,ERR,ERR,ERR,ERR,ERR,ERR,ERR,ERR,ERR,ERR,ERR,ERR,ERR,ERR,ERR,ERR,ERR,ERR,ERR,ERR,ERR,ERR,ERR,ERR,ERR,ERR,ERR,ERR,ERR,ERR,ERR,ERR,ERR,ERR,ERR,ERR,ERR,ERR,ERR,ERR,ERR,ERR,ERR,ERR,ERR,ERR,ERR,ERR,ERR,ERR,ERR,ERR,ERR,ERR,ERR,ERR,ERR,ERR,ERR,ERR,ERR,ERR,ERR,ERR,ERR,ERR,ERR,ERR,ERR,ERR,ERR,ERR,ERR,ERR,ERR,ERR,ERR,ERR,ERR,ERR,ERR,ERR,ERR,ERR,ERR,ERR,ERR,ERR,ERR,ERR,ERR,ERR,0.0,0.0,-0.0,0.0,0.0,0.0,0.0,nan,0,0,0,32768,0,0.0,0,0.0,0.0,0.0,0.0,0.0,0,0,0,0,0.0,0,0,0,0,0,0,0,0,0,0,0,0,0,0,0,0,0,0,0,0,0,0,0,0,0,0,0,0,0,0,0,0,0,0,0,0,0,0,0,0,0,0,0,0,0.0,0.0,0.0,0.0,0.0,0.0,0.0,0.0,0.0,0.0,0.0,0.0,0.0,0.0,0.0,0.0,0.0,0.0,0.0,0.0,0.0,0.0,2.004,-0.0,-2.004,-0.0,0.0,0.0,0.0,0.0,3354.0,-3.697153148275864e+19,0.0,-107615240.0,0.0,-107615232.0,2.7184274988523002e+23,0.0,0.0,0.0,0.0,0,-4.0668755697950344e+29,0.0,0.0,0.0,0.0,0.0,0.0,0.0,0.0,0,0,0,0.0,0.0,0.0,0.0,0.0,0.0,0.0,0.0,0.0,0.0,0.0,0.0,0.0,0.0,0.0,0.0,0,-107875648.0,0,0.0,0,-107875648.0,0.0,0,39322,17038,0,17053,26215,17037,0,0,0,110,100,100,0.0,64.1,0.0,64.9,-107615304.0,68.5,1,49,50,180,0,13107,0,0,0.0,0.0,0.0,0.0,0.0,65.5,0.0,0.0,0.0,645,0,686,0,0,0,713,0,785,0,707,0,689,0,645,0,640,0,618,0.032,36700160.0,-0.0,0.0,14224,16789,0.0,0.0,1.5513888532275107e+22,-0.003,0.0,-3.687374252384895e+34,29.0,60.0,70,0.0,0.0,0.0,0.0,0.0,0.0,0.0,0.0,0.0,0.0,0.0,0.0,0.0,0.0,0.0,0.0,59.2,68,12,65509,41,65476,0,300,0,0,8,20529,65476,0,0,61604,60.0,0.0,0.0,0.0,0.0,0.0
2026-04-04T11:48:59,ERR,ERR,ERR,ERR,ERR,ERR,ERR,ERR,ERR,ERR,ERR,ERR,ERR,ERR,ERR,ERR,ERR,ERR,ERR,ERR,ERR,ERR,ERR,ERR,ERR,ERR,ERR,ERR,ERR,ERR,ERR,ERR,ERR,ERR,ERR,ERR,ERR,ERR,ERR,ERR,ERR,ERR,ERR,ERR,ERR,ERR,ERR,ERR,ERR,ERR,ERR,ERR,ERR,ERR,ERR,ERR,ERR,ERR,ERR,ERR,ERR,ERR,ERR,ERR,ERR,ERR,ERR,ERR,ERR,ERR,ERR,ERR,ERR,ERR,ERR,ERR,ERR,ERR,ERR,ERR,ERR,ERR,ERR,ERR,ERR,ERR,ERR,ERR,ERR,ERR,ERR,ERR,ERR,ERR,ERR,ERR,ERR,ERR,ERR,ERR,ERR,ERR,ERR,ERR,ERR,ERR,ERR,ERR,ERR,ERR,ERR,ERR,ERR,ERR,ERR,ERR,ERR,ERR,ERR,ERR,ERR,ERR,ERR,ERR,ERR,0.0,0.0,-0.0,0.0,0.0,0.0,0.0,nan,0,0,0,32768,0,0.0,0,0.0,0.0,0.0,0.0,0.0,0,0,0,0,0.0,0,0,0,0,0,0,0,0,0,0,0,0,0,0,0,0,0,0,0,0,0,0,0,0,0,0,0,0,0,0,0,0,0,0,0,0,0,0,0,0,0,0,0,0,0.0,0.0,0.0,0.0,0.0,0.0,0.0,0.0,0.0,0.0,0.0,0.0,0.0,0.0,0.0,0.0,0.0,0.0,0.0,0.0,0.0,0.0,2.004,-0.0,-2.004,-0.0,0.0,0.0,0.0,0.0,3354.0,-3.697153148275864e+19,0.0,-107615240.0,0.0,-107615232.0,2.7184274988523002e+23,0.0,0.0,0.0,0.0,0,-4.0668755697950344e+29,0.0,0.0,0.0,0.0,0.0,0.0,0.0,0.0,0,0,0,0.0,0.0,0.0,0.0,0.0,0.0,0.0,0.0,0.0,0.0,0.0,0.0,0.0,0.0,0.0,0.0,0,-107875648.0,0,0.0,0,-107875648.0,0.0,0,39322,17038,0,17053,26215,17037,0,0,0,110,100,100,0.0,64.1,0.0,64.9,-107615304.0,68.5,1,49,50,180,0,13107,0,0,0.0,0.0,0.0,0.0,0.0,65.5,0.0,0.0,0.0,645,0,686,0,0,0,713,0,785,0,707,0,689,0,645,0,640,0,618,0.032,36700160.0,-0.0,0.0,14224,16789,0.0,0.0,1.5513888532275107e+22,-0.003,0.0,-3.687374252384895e+34,29.0,60.0,70,0.0,0.0,0.0,0.0,0.0,0.0,0.0,0.0,0.0,0.0,0.0,0.0,0.0,0.0,0.0,0.0,59.2,68,12,65509,41,65476,0,300,0,0,8,20529,65476,0,0,61604,60.0,0.0,0.0,0.0,0.0,0.0
2026-04-04T11:49:00,ERR,ERR,ERR,ERR,ERR,ERR,ERR,ERR,ERR,ERR,ERR,ERR,ERR,ERR,ERR,ERR,ERR,ERR,ERR,ERR,ERR,ERR,ERR,ERR,ERR,ERR,ERR,ERR,ERR,ERR,ERR,ERR,ERR,ERR,ERR,ERR,ERR,ERR,ERR,ERR,ERR,ERR,ERR,ERR,ERR,ERR,ERR,ERR,ERR,ERR,ERR,ERR,ERR,ERR,ERR,ERR,ERR,ERR,ERR,ERR,ERR,ERR,ERR,ERR,ERR,ERR,ERR,ERR,ERR,ERR,ERR,ERR,ERR,ERR,ERR,ERR,ERR,ERR,ERR,ERR,ERR,ERR,ERR,ERR,ERR,ERR,ERR,ERR,ERR,ERR,ERR,ERR,ERR,ERR,ERR,ERR,ERR,ERR,ERR,ERR,ERR,ERR,ERR,ERR,ERR,ERR,ERR,ERR,ERR,ERR,ERR,ERR,ERR,ERR,ERR,ERR,ERR,ERR,ERR,ERR,ERR,ERR,ERR,ERR,ERR,-107615240.0,0.0,-117832800.0,0.0,0.0,0.0,0.0,nan,0,0,0,32768,0,0.0,0,0.0,0.0,0.0,0.0,0.0,0,0,0,0,0.0,0,0,0,0,0,0,0,0,0,0,0,0,0,0,0,0,0,0,0,0,0,0,0,0,0,0,0,0,0,0,0,0,0,0,0,0,0,0,0,0,0,0,0,0,0.0,0.0,0.0,0.0,0.0,0.0,0.0,0.0,0.0,0.0,0.0,0.0,0.0,0.0,0.0,0.0,0.0,0.0,0.0,0.0,0.0,0.0,2.004,-0.0,-2.004,-2.004,0.0,0.0,0.0,0.0,3354.5,-2.004,0.0,-107615240.0,0.0,-107615232.0,2.7184274988523002e+23,0.0,0.0,0.0,0.0,0,-4.0668755697950344e+29,0.059,0.0,0.0,0.0,0.0,0.0,0.0,0.0,0,0,0,0.0,0.0,0.0,0.0,0.0,0.0,0.0,0.0,0.0,0.0,0.0,0.0,0.0,0.0,0.0,0.0,0,-107875648.0,0,0.0,0,-107875648.0,0.0,0,39322,17038,0,17053,26215,17037,0,0,0,110,100,100,0.0,64.1,0.0,64.9,-107615304.0,68.5,1,49,50,180,0,13107,0,0,0.0,0.0,0.0,0.0,0.0,65.5,0.0,0.0,0.0,645,0,686,0,0,0,713,0,785,0,707,0,689,0,645,0,640,0,618,0.032,36700160.0,-0.0,0.0,14224,16789,0.0,0.0,1.5513888532275107e+22,-0.003,0.0,-3.687374252384895e+34,29.0,60.0,70,0.0,0.0,0.0,0.0,0.0,0.0,0.0,0.0,0.0,0.0,0.0,0.0,0.0,0.0,0.0,0.0,59.2,68,12,65509,41,65476,0,300,0,0,8,20529,65476,0,0,61604,60.0,0.0,0.0,0.0,0.0,0.0
2026-04-04T11:49:01,ERR,ERR,ERR,ERR,ERR,ERR,ERR,ERR,ERR,ERR,ERR,ERR,ERR,ERR,ERR,ERR,ERR,ERR,ERR,ERR,ERR,ERR,ERR,ERR,ERR,ERR,ERR,ERR,ERR,ERR,ERR,ERR,ERR,ERR,ERR,ERR,ERR,ERR,ERR,ERR,ERR,ERR,ERR,ERR,ERR,ERR,ERR,ERR,ERR,ERR,ERR,ERR,ERR,ERR,ERR,ERR,ERR,ERR,ERR,ERR,ERR,ERR,ERR,ERR,ERR,ERR,ERR,ERR,ERR,ERR,ERR,ERR,ERR,ERR,ERR,ERR,ERR,ERR,ERR,ERR,ERR,ERR,ERR,ERR,ERR,ERR,ERR,ERR,ERR,ERR,ERR,ERR,ERR,ERR,ERR,ERR,ERR,ERR,ERR,ERR,ERR,ERR,ERR,ERR,ERR,ERR,ERR,ERR,ERR,ERR,ERR,ERR,ERR,ERR,ERR,ERR,ERR,ERR,ERR,ERR,ERR,ERR,ERR,ERR,ERR,-107615240.0,0.0,-117832800.0,0.0,0.0,0.0,0.0,nan,0,0,0,32768,0,0.0,0,0.0,0.0,0.0,0.0,0.0,0,0,0,0,0.0,0,0,0,0,0,0,0,0,0,0,0,0,0,0,0,0,0,0,0,0,0,0,0,0,0,0,0,0,0,0,0,0,0,0,0,0,0,0,0,0,0,0,0,0,0.0,0.0,0.0,0.0,0.0,0.0,0.0,0.0,0.0,0.0,0.0,0.0,0.0,0.0,0.0,0.0,0.0,0.0,0.0,0.0,0.0,0.0,2.004,-0.0,-2.004,-2.004,0.0,0.0,0.0,0.0,3354.5,-2.004,0.0,-107615240.0,0.0,-107615232.0,2.7184274988523002e+23,0.0,0.0,0.0,0.0,0,-4.0668755697950344e+29,0.059,0.0,0.0,0.0,0.0,0.0,0.0,0.0,0,0,0,0.0,0.0,0.0,0.0,0.0,0.0,0.0,0.0,0.0,0.0,0.0,0.0,0.0,0.0,0.0,0.0,0,-107875648.0,0,0.0,0,-107875648.0,0.0,0,39322,17038,0,17053,26215,17037,0,0,0,110,100,100,0.0,64.1,0.0,64.9,-107615304.0,68.5,1,49,50,180,0,13107,0,0,0.0,0.0,0.0,0.0,0.0,65.5,0.0,0.0,0.0,645,0,686,0,0,0,713,0,785,0,707,0,689,0,645,0,640,0,618,0.032,36700160.0,-0.0,0.0,14224,16789,0.0,0.0,1.5513888532275107e+22,-0.003,0.0,-3.687374252384895e+34,29.0,60.0,70,0.0,0.0,0.0,0.0,0.0,0.0,0.0,0.0,0.0,0.0,0.0,0.0,0.0,0.0,0.0,0.0,59.2,68,12,65509,41,65476,0,300,0,0,8,20529,65476,0,0,61604,60.0,0.0,0.0,0.0,0.0,0.0
2026-04-04T11:49:02,ERR,ERR,ERR,ERR,ERR,ERR,ERR,ERR,ERR,ERR,ERR,ERR,ERR,ERR,ERR,ERR,ERR,ERR,ERR,ERR,ERR,ERR,ERR,ERR,ERR,ERR,ERR,ERR,ERR,ERR,ERR,ERR,ERR,ERR,ERR,ERR,ERR,ERR,ERR,ERR,ERR,ERR,ERR,ERR,ERR,ERR,ERR,ERR,ERR,ERR,ERR,ERR,ERR,ERR,ERR,ERR,ERR,ERR,ERR,ERR,ERR,ERR,ERR,ERR,ERR,ERR,ERR,ERR,ERR,ERR,ERR,ERR,ERR,ERR,ERR,ERR,ERR,ERR,ERR,ERR,ERR,ERR,ERR,ERR,ERR,ERR,ERR,ERR,ERR,ERR,ERR,ERR,ERR,ERR,ERR,ERR,ERR,ERR,ERR,ERR,ERR,ERR,ERR,ERR,ERR,ERR,ERR,ERR,ERR,ERR,ERR,ERR,ERR,ERR,ERR,ERR,ERR,ERR,ERR,ERR,ERR,ERR,ERR,ERR,ERR,-107615240.0,0.0,-117832800.0,0.0,0.0,0.0,0.0,nan,0,0,0,32768,0,0.0,0,0.0,0.0,0.0,0.0,0.0,0,0,0,0,0.0,0,0,0,0,0,0,0,0,0,0,0,0,0,0,0,0,0,0,0,0,0,0,0,0,0,0,0,0,0,0,0,0,0,0,0,0,0,0,0,0,0,0,0,0,0.0,0.0,0.0,0.0,0.0,0.0,0.0,0.0,0.0,0.0,0.0,0.0,0.0,0.0,0.0,0.0,0.0,0.0,0.0,0.0,0.0,0.0,2.004,-0.0,-2.004,-2.004,0.0,0.0,0.0,0.0,3354.5,-2.004,0.0,-107615240.0,0.0,-107615232.0,2.7184274988523002e+23,0.0,0.0,0.0,0.0,0,-4.0668755697950344e+29,0.059,0.0,0.0,0.0,0.0,0.0,0.0,0.0,0,0,0,0.0,0.0,0.0,0.0,0.0,0.0,0.0,0.0,0.0,0.0,0.0,0.0,0.0,0.0,0.0,0.0,0,-107875648.0,0,0.0,0,-107875648.0,0.0,0,39322,17038,0,17053,26215,17037,0,0,0,110,100,100,0.0,64.1,0.0,64.9,-107615304.0,68.5,1,49,50,180,0,13107,0,0,0.0,0.0,0.0,0.0,0.0,65.5,0.0,0.0,0.0,645,0,686,0,0,0,713,0,785,0,707,0,689,0,645,0,640,0,618,0.032,36700160.0,-0.0,0.0,14224,16789,0.0,0.0,1.5513888532275107e+22,-0.003,0.0,-3.687374252384895e+34,29.0,60.0,70,0.0,0.0,0.0,0.0,0.0,0.0,0.0,0.0,0.0,0.0,0.0,0.0,0.0,0.0,0.0,0.0,59.2,68,12,65509,41,65476,0,300,0,0,8,20529,65476,0,0,61604,60.0,0.0,0.0,0.0,0.0,0.0
2026-04-04T11:49:03,ERR,ERR,ERR,ERR,ERR,ERR,ERR,ERR,ERR,ERR,ERR,ERR,ERR,ERR,ERR,ERR,ERR,ERR,ERR,ERR,ERR,ERR,ERR,ERR,ERR,ERR,ERR,ERR,ERR,ERR,ERR,ERR,ERR,ERR,ERR,ERR,ERR,ERR,ERR,ERR,ERR,ERR,ERR,ERR,ERR,ERR,ERR,ERR,ERR,ERR,ERR,ERR,ERR,ERR,ERR,ERR,ERR,ERR,ERR,ERR,ERR,ERR,ERR,ERR,ERR,ERR,ERR,ERR,ERR,ERR,ERR,ERR,ERR,ERR,ERR,ERR,ERR,ERR,ERR,ERR,ERR,ERR,ERR,ERR,ERR,ERR,ERR,ERR,ERR,ERR,ERR,ERR,ERR,ERR,ERR,ERR,ERR,ERR,ERR,ERR,ERR,ERR,ERR,ERR,ERR,ERR,ERR,ERR,ERR,ERR,ERR,ERR,ERR,ERR,ERR,ERR,ERR,ERR,ERR,ERR,ERR,ERR,ERR,ERR,ERR,-107615240.0,0.0,-117832800.0,0.0,0.0,0.0,0.0,nan,0,0,0,32768,0,0.0,0,0.0,0.0,0.0,0.0,0.0,0,0,0,0,0.0,0,0,0,0,0,0,0,0,0,0,0,0,0,0,0,0,0,0,0,0,0,0,0,0,0,0,0,0,0,0,0,0,0,0,0,0,0,0,0,0,0,0,0,0,0.0,0.0,0.0,0.0,0.0,0.0,0.0,0.0,0.0,0.0,0.0,0.0,0.0,0.0,0.0,0.0,0.0,0.0,0.0,0.0,0.0,0.0,2.004,-0.0,-2.004,-2.004,0.0,0.0,0.0,0.0,3354.5,-2.004,0.0,-107615240.0,0.0,-107615232.0,2.7184274988523002e+23,0.0,0.0,0.0,0.0,0,-4.0668755697950344e+29,0.059,0.0,0.0,0.0,0.0,0.0,0.0,0.0,0,0,0,0.0,0.0,0.0,0.0,0.0,0.0,0.0,0.0,0.0,0.0,0.0,0.0,0.0,0.0,0.0,0.0,0,-107875648.0,0,0.0,0,-107875648.0,0.0,0,39322,17038,0,17053,26215,17037,0,0,0,110,100,100,0.0,64.0,0.0,64.8,-0.0,68.5,1,49,50,180,0,13107,0,0,0.0,0.0,0.0,0.0,0.0,65.5,0.0,1.5943295735240327e+19,0.0,645,0,686,0,0,0,713,0,785,0,707,0,689,0,645,0,640,0,618,0.032,36962304.0,-0.0,0.0,8080,16789,0.0,1.5943295735240327e+19,-0.0,-178393882558464.0,0.0,0.0,29.0,60.0,70,0.0,0.0,0.0,0.0,0.0,0.0,0.0,0.0,0.0,0.0,0.0,0.0,0.0,0.0,0.0,0.0,59.2,68,12,65509,41,65476,0,300,0,0,8,20529,65476,0,0,61604,60.0,0.0,0.0,0.0,0.0,0.0
2026-04-04T11:49:04,ERR,ERR,ERR,ERR,ERR,ERR,ERR,ERR,ERR,ERR,ERR,ERR,ERR,ERR,ERR,ERR,ERR,ERR,ERR,ERR,ERR,ERR,ERR,ERR,ERR,ERR,ERR,ERR,ERR,ERR,ERR,ERR,ERR,ERR,ERR,ERR,ERR,ERR,ERR,ERR,ERR,ERR,ERR,ERR,ERR,ERR,ERR,ERR,ERR,ERR,ERR,ERR,ERR,ERR,ERR,ERR,ERR,ERR,ERR,ERR,ERR,ERR,ERR,ERR,ERR,ERR,ERR,ERR,ERR,ERR,ERR,ERR,ERR,ERR,ERR,ERR,ERR,ERR,ERR,ERR,ERR,ERR,ERR,ERR,ERR,ERR,ERR,ERR,ERR,ERR,ERR,ERR,ERR,ERR,ERR,ERR,ERR,ERR,ERR,ERR,ERR,ERR,ERR,ERR,ERR,ERR,ERR,ERR,ERR,ERR,ERR,ERR,ERR,ERR,ERR,ERR,ERR,ERR,ERR,ERR,ERR,ERR,ERR,ERR,ERR,-107615240.0,0.0,-117832800.0,0.0,0.0,0.0,0.0,nan,0,0,0,32768,0,0.0,0,0.0,0.0,0.0,0.0,0.0,0,0,0,0,0.0,0,0,0,0,0,0,0,0,0,0,0,0,0,0,0,0,0,0,0,0,0,0,0,0,0,0,0,0,0,0,0,0,0,0,0,0,0,0,0,0,0,0,0,0,0.0,0.0,0.0,0.0,0.0,0.0,0.0,0.0,0.0,0.0,0.0,0.0,0.0,0.0,0.0,0.0,0.0,0.0,0.0,0.0,0.0,0.0,2.004,-0.0,-2.004,-2.004,0.0,0.0,0.0,0.0,3354.5,-2.004,0.0,-107615240.0,0.0,-107615232.0,2.7184274988523002e+23,0.0,0.0,0.0,0.0,0,-4.0668755697950344e+29,0.059,0.0,0.0,0.0,0.0,0.0,0.0,0.0,0,0,0,0.0,0.0,0.0,0.0,0.0,0.0,0.0,0.0,0.0,0.0,0.0,0.0,0.0,0.0,0.0,0.0,0,-107875648.0,0,0.0,0,-107875648.0,0.0,0,39322,17038,0,17053,26215,17037,0,0,0,110,100,100,0.0,64.0,0.0,64.8,-0.0,68.5,1,49,50,180,0,13107,0,0,0.0,0.0,0.0,0.0,0.0,65.5,0.0,1.5943295735240327e+19,0.0,645,0,686,0,0,0,713,0,785,0,707,0,689,0,645,0,640,0,618,0.032,36962304.0,-0.0,0.0,8080,16789,0.0,1.5943295735240327e+19,-0.0,-178393882558464.0,0.0,0.0,29.0,60.0,70,0.0,0.0,0.0,0.0,0.0,0.0,0.0,0.0,0.0,0.0,0.0,0.0,0.0,0.0,0.0,0.0,59.2,68,12,65509,41,65476,0,300,0,0,8,20529,65476,0,0,61604,60.0,0.0,0.0,0.0,0.0,0.0
2026-04-04T11:49:05,ERR,ERR,ERR,ERR,ERR,ERR,ERR,ERR,ERR,ERR,ERR,ERR,ERR,ERR,ERR,ERR,ERR,ERR,ERR,ERR,ERR,ERR,ERR,ERR,ERR,ERR,ERR,ERR,ERR,ERR,ERR,ERR,ERR,ERR,ERR,ERR,ERR,ERR,ERR,ERR,ERR,ERR,ERR,ERR,ERR,ERR,ERR,ERR,ERR,ERR,ERR,ERR,ERR,ERR,ERR,ERR,ERR,ERR,ERR,ERR,ERR,ERR,ERR,ERR,ERR,ERR,ERR,ERR,ERR,ERR,ERR,ERR,ERR,ERR,ERR,ERR,ERR,ERR,ERR,ERR,ERR,ERR,ERR,ERR,ERR,ERR,ERR,ERR,ERR,ERR,ERR,ERR,ERR,ERR,ERR,ERR,ERR,ERR,ERR,ERR,ERR,ERR,ERR,ERR,ERR,ERR,ERR,ERR,ERR,ERR,ERR,ERR,ERR,ERR,ERR,ERR,ERR,ERR,ERR,ERR,ERR,ERR,ERR,ERR,ERR,-107615240.0,0.0,-117832800.0,0.0,0.0,0.0,0.0,nan,0,0,0,32768,0,0.0,0,0.0,0.0,0.0,0.0,0.0,0,0,0,0,0.0,0,0,0,0,0,0,0,0,0,0,0,0,0,0,0,0,0,0,0,0,0,0,0,0,0,0,0,0,0,0,0,0,0,0,0,0,0,0,0,0,0,0,0,0,0.0,0.0,0.0,0.0,0.0,0.0,0.0,0.0,0.0,0.0,0.0,0.0,0.0,0.0,0.0,0.0,0.0,0.0,0.0,0.0,0.0,0.0,2.004,-0.0,-2.004,-2.004,0.0,0.0,0.0,0.0,3354.5,-2.004,0.0,-107615240.0,0.0,-107615232.0,2.7184274988523002e+23,0.0,0.0,0.0,0.0,0,-4.0668755697950344e+29,0.059,0.0,0.0,0.0,0.0,0.0,0.0,0.0,0,0,0,0.0,0.0,0.0,0.0,0.0,0.0,0.0,0.0,0.0,0.0,0.0,0.0,0.0,0.0,0.0,0.0,0,-107875648.0,0,0.0,0,-107875648.0,0.0,0,39322,17038,0,17053,26215,17037,0,0,0,110,100,100,0.0,64.0,0.0,64.8,-0.0,68.5,1,49,50,180,0,13107,0,0,0.0,0.0,0.0,0.0,0.0,65.5,0.0,1.5943295735240327e+19,0.0,645,0,686,0,0,0,713,0,785,0,707,0,689,0,645,0,640,0,618,0.032,36962304.0,-0.0,0.0,8080,16789,0.0,1.5943295735240327e+19,-0.0,-178393882558464.0,0.0,0.0,29.0,60.0,70,0.0,0.0,0.0,0.0,0.0,0.0,0.0,0.0,0.0,0.0,0.0,0.0,0.0,0.0,0.0,0.0,59.2,68,12,65509,41,65476,0,300,0,0,8,20529,65476,0,0,61604,60.0,0.0,0.0,0.0,0.0,0.0
2026-04-04T11:49:06,ERR,ERR,ERR,ERR,ERR,ERR,ERR,ERR,ERR,ERR,ERR,ERR,ERR,ERR,ERR,ERR,ERR,ERR,ERR,ERR,ERR,ERR,ERR,ERR,ERR,ERR,ERR,ERR,ERR,ERR,ERR,ERR,ERR,ERR,ERR,ERR,ERR,ERR,ERR,ERR,ERR,ERR,ERR,ERR,ERR,ERR,ERR,ERR,ERR,ERR,ERR,ERR,ERR,ERR,ERR,ERR,ERR,ERR,ERR,ERR,ERR,ERR,ERR,ERR,ERR,ERR,ERR,ERR,ERR,ERR,ERR,ERR,ERR,ERR,ERR,ERR,ERR,ERR,ERR,ERR,ERR,ERR,ERR,ERR,ERR,ERR,ERR,ERR,ERR,ERR,ERR,ERR,ERR,ERR,ERR,ERR,ERR,ERR,ERR,ERR,ERR,ERR,ERR,ERR,ERR,ERR,ERR,ERR,ERR,ERR,ERR,ERR,ERR,ERR,ERR,ERR,ERR,ERR,ERR,ERR,ERR,ERR,ERR,ERR,ERR,-107615240.0,0.0,-117832800.0,0.0,0.0,0.0,0.0,nan,0,0,0,32768,0,0.0,0,0.0,0.0,0.0,0.0,0.0,0,0,0,0,0.0,0,0,0,0,0,0,0,0,0,0,0,0,0,0,0,0,0,0,0,0,0,0,0,0,0,0,0,0,0,0,0,0,0,0,0,0,0,0,0,0,0,0,0,0,0.0,0.0,0.0,0.0,0.0,0.0,0.0,0.0,0.0,0.0,0.0,0.0,0.0,0.0,0.0,0.0,0.0,0.0,0.0,0.0,0.0,0.0,2.004,-0.0,-2.004,-2.004,0.0,0.0,0.0,0.0,3354.5,-2.004,0.0,-107615240.0,0.0,-107615232.0,2.7184274988523002e+23,0.0,0.0,0.0,0.0,0,-4.0668755697950344e+29,0.059,0.0,0.0,0.0,0.0,0.0,0.0,0.0,0,0,0,0.0,0.0,0.0,0.0,0.0,0.0,0.0,0.0,0.0,0.0,0.0,0.0,0.0,0.0,0.0,0.0,0,-107875648.0,0,0.0,0,-107875648.0,0.0,0,39322,17038,0,17053,26215,17037,0,0,0,110,100,100,0.0,64.0,0.0,64.8,-0.0,68.5,1,49,50,180,0,13107,0,0,0.0,0.0,0.0,0.0,0.0,65.5,0.0,1.5943295735240327e+19,0.0,645,0,686,0,0,0,713,0,785,0,707,0,689,0,645,0,640,0,618,0.032,36962304.0,-0.0,0.0,8080,16789,0.0,1.5943295735240327e+19,-0.0,-178393882558464.0,0.0,0.0,29.0,60.0,70,0.0,0.0,0.0,0.0,0.0,0.0,0.0,0.0,0.0,0.0,0.0,0.0,0.0,0.0,0.0,0.0,59.2,68,12,65509,41,65476,0,300,0,0,8,20529,65476,0,0,61604,60.0,0.0,0.0,0.0,0.0,0.0
2026-04-04T11:49:07,ERR,ERR,ERR,ERR,ERR,ERR,ERR,ERR,ERR,ERR,ERR,ERR,ERR,ERR,ERR,ERR,ERR,ERR,ERR,ERR,ERR,ERR,ERR,ERR,ERR,ERR,ERR,ERR,ERR,ERR,ERR,ERR,ERR,ERR,ERR,ERR,ERR,ERR,ERR,ERR,ERR,ERR,ERR,ERR,ERR,ERR,ERR,ERR,ERR,ERR,ERR,ERR,ERR,ERR,ERR,ERR,ERR,ERR,ERR,ERR,ERR,ERR,ERR,ERR,ERR,ERR,ERR,ERR,ERR,ERR,ERR,ERR,ERR,ERR,ERR,ERR,ERR,ERR,ERR,ERR,ERR,ERR,ERR,ERR,ERR,ERR,ERR,ERR,ERR,ERR,ERR,ERR,ERR,ERR,ERR,ERR,ERR,ERR,ERR,ERR,ERR,ERR,ERR,ERR,ERR,ERR,ERR,ERR,ERR,ERR,ERR,ERR,ERR,ERR,ERR,ERR,ERR,ERR,ERR,ERR,ERR,ERR,ERR,ERR,ERR,-107615240.0,0.0,-117832800.0,0.0,0.0,0.0,0.0,nan,0,0,0,32768,0,0.0,0,0.0,0.0,0.0,0.0,0.0,0,0,0,0,0.0,0,0,0,0,0,0,0,0,0,0,0,0,0,0,0,0,0,0,0,0,0,0,0,0,0,0,0,0,0,0,0,0,0,0,0,0,0,0,0,0,0,0,0,0,0.0,0.0,0.0,0.0,0.0,0.0,0.0,0.0,0.0,0.0,0.0,0.0,0.0,0.0,0.0,0.0,0.0,0.0,0.0,0.0,0.0,0.0,2.004,-0.0,-2.004,-2.004,0.0,0.0,0.0,0.0,3354.5,-2.004,0.0,-107615240.0,0.0,-107615232.0,2.7184274988523002e+23,0.0,0.0,0.0,0.0,0,-4.0668755697950344e+29,0.059,0.0,0.0,0.0,0.0,0.0,0.0,0.0,0,0,0,0.0,0.0,0.0,0.0,0.0,0.0,0.0,0.0,0.0,0.0,0.0,0.0,0.0,0.0,0.0,0.0,0,-107875648.0,0,0.0,0,-107875648.0,0.0,0,39322,17038,0,17053,26215,17037,0,0,0,110,100,100,0.0,64.0,0.0,64.8,-0.0,68.5,1,49,50,180,0,13107,0,0,0.0,0.0,0.0,0.0,0.0,65.5,0.0,1.5943295735240327e+19,0.0,645,0,686,0,0,0,713,0,785,0,707,0,689,0,645,0,640,0,618,0.032,36962304.0,-0.0,0.0,8080,16789,0.0,1.5943295735240327e+19,-0.0,-178393882558464.0,0.0,0.0,29.0,60.0,70,0.0,0.0,0.0,0.0,0.0,0.0,0.0,0.0,0.0,0.0,0.0,0.0,0.0,0.0,0.0,0.0,59.2,68,12,65509,41,65476,0,300,0,0,8,20529,65476,0,0,61604,60.0,0.0,0.0,0.0,0.0,0.0
2026-04-04T11:49:08,ERR,ERR,ERR,ERR,ERR,ERR,ERR,ERR,ERR,ERR,ERR,ERR,ERR,ERR,ERR,ERR,ERR,ERR,ERR,ERR,ERR,ERR,ERR,ERR,ERR,ERR,ERR,ERR,ERR,ERR,ERR,ERR,ERR,ERR,ERR,ERR,ERR,ERR,ERR,ERR,ERR,ERR,ERR,ERR,ERR,ERR,ERR,ERR,ERR,ERR,ERR,ERR,ERR,ERR,ERR,ERR,ERR,ERR,ERR,ERR,ERR,ERR,ERR,ERR,ERR,ERR,ERR,ERR,ERR,ERR,ERR,ERR,ERR,ERR,ERR,ERR,ERR,ERR,ERR,ERR,ERR,ERR,ERR,ERR,ERR,ERR,ERR,ERR,ERR,ERR,ERR,ERR,ERR,ERR,ERR,ERR,ERR,ERR,ERR,ERR,ERR,ERR,ERR,ERR,ERR,ERR,ERR,ERR,ERR,ERR,ERR,ERR,ERR,ERR,ERR,ERR,ERR,ERR,ERR,ERR,ERR,ERR,ERR,ERR,ERR,-107615240.0,0.0,-117832800.0,0.0,0.0,0.0,0.0,nan,0,0,0,32768,0,0.0,0,0.0,0.0,0.0,0.0,0.0,0,0,0,0,0.0,0,0,0,0,0,0,0,0,0,0,0,0,0,0,0,0,0,0,0,0,0,0,0,0,0,0,0,0,0,0,0,0,0,0,0,0,0,0,0,0,0,0,0,0,0.0,0.0,0.0,0.0,0.0,0.0,0.0,0.0,0.0,0.0,0.0,0.0,0.0,0.0,0.0,0.0,0.0,0.0,0.0,0.0,0.0,0.0,2.004,-0.0,-2.004,-2.004,0.0,0.0,0.0,0.0,3354.5,-2.004,0.0,-107615240.0,0.0,-107615232.0,2.7184274988523002e+23,0.0,0.0,0.0,0.0,0,-4.0668755697950344e+29,0.059,0.0,0.0,0.0,0.0,0.0,0.0,0.0,0,0,0,0.0,0.0,0.0,0.0,0.0,0.0,0.0,0.0,0.0,0.0,0.0,0.0,0.0,0.0,0.0,0.0,0,-107875648.0,0,0.0,0,-107875648.0,0.0,0,39322,17038,0,17053,26215,17037,0,0,0,110,100,100,0.0,64.0,0.0,64.8,-0.0,68.5,1,49,50,180,0,13107,0,0,0.0,0.0,0.0,0.0,0.0,65.5,0.0,1.5943295735240327e+19,0.0,645,0,686,0,0,0,713,0,785,0,707,0,689,0,645,0,640,0,618,0.032,36962304.0,-0.0,0.0,8080,16789,0.0,1.5943295735240327e+19,-0.0,-178393882558464.0,0.0,0.0,29.0,60.0,70,0.0,0.0,0.0,0.0,0.0,0.0,0.0,0.0,0.0,0.0,0.0,0.0,0.0,0.0,0.0,0.0,59.6,68,12,65509,41,65476,0,300,0,0,8,20529,65476,0,0,61604,60.0,0.0,0.0,0.0,0.0,0.0
2026-04-04T11:49:09,ERR,ERR,ERR,ERR,ERR,ERR,ERR,ERR,ERR,ERR,ERR,ERR,ERR,ERR,ERR,ERR,ERR,ERR,ERR,ERR,ERR,ERR,ERR,ERR,ERR,ERR,ERR,ERR,ERR,ERR,ERR,ERR,ERR,ERR,ERR,ERR,ERR,ERR,ERR,ERR,ERR,ERR,ERR,ERR,ERR,ERR,ERR,ERR,ERR,ERR,ERR,ERR,ERR,ERR,ERR,ERR,ERR,ERR,ERR,ERR,ERR,ERR,ERR,ERR,ERR,ERR,ERR,ERR,ERR,ERR,ERR,ERR,ERR,ERR,ERR,ERR,ERR,ERR,ERR,ERR,ERR,ERR,ERR,ERR,ERR,ERR,ERR,ERR,ERR,ERR,ERR,ERR,ERR,ERR,ERR,ERR,ERR,ERR,ERR,ERR,ERR,ERR,ERR,ERR,ERR,ERR,ERR,ERR,ERR,ERR,ERR,ERR,ERR,ERR,ERR,ERR,ERR,ERR,ERR,ERR,ERR,ERR,ERR,ERR,ERR,-107615240.0,0.0,-117832800.0,0.0,0.0,0.0,0.0,nan,0,0,0,32768,0,0.0,0,0.0,0.0,0.0,0.0,0.0,0,0,0,0,0.0,0,0,0,0,0,0,0,0,0,0,0,0,0,0,0,0,0,0,0,0,0,0,0,0,0,0,0,0,0,0,0,0,0,0,0,0,0,0,0,0,0,0,0,0,0.0,0.0,0.0,0.0,0.0,0.0,0.0,0.0,0.0,0.0,0.0,0.0,0.0,0.0,0.0,0.0,0.0,0.0,0.0,0.0,0.0,0.0,2.004,-0.0,-2.004,-2.004,0.0,0.0,0.0,0.0,3353.5,-3.697153148275864e+19,0.0,-107615240.0,0.0,-107615232.0,-0.0,0.0,0.0,0.0,0.0,0,0.0,126839996416.0,0.0,0.0,0.0,0.0,0.0,0.0,0.0,0,0,0,0.0,0.0,0.0,0.0,0.0,0.0,0.0,0.0,0.0,0.0,0.0,0.0,0.0,0.0,0.0,0.0,0,-107875648.0,0,0.0,0,-107875648.0,0.0,0,39322,17038,0,17053,26215,17037,0,0,0,110,100,100,0.0,64.0,0.0,64.9,-107615304.0,68.5,1,49,50,180,0,13107,0,0,0.0,0.0,0.0,0.0,0.0,65.5,0.0,-0.0,0.0,645,0,686,0,0,0,713,0,785,0,707,0,689,0,645,0,640,0,618,0.032,36962304.0,-0.0,0.0,22032,16789,0.013,-0.0,1.607988413501642e+24,0.0,0.0,-1.0185341353364342e+38,29.0,60.0,70,0.0,0.0,0.0,0.0,0.0,0.0,0.0,0.0,0.0,0.0,0.0,0.0,0.0,0.0,0.0,0.0,59.6,68,12,65509,41,65476,0,300,0,0,8,20529,65476,0,0,61604,60.0,0.0,0.0,0.0,0.0,0.0
2026-04-04T11:49:10,ERR,ERR,ERR,ERR,ERR,ERR,ERR,ERR,ERR,ERR,ERR,ERR,ERR,ERR,ERR,ERR,ERR,ERR,ERR,ERR,ERR,ERR,ERR,ERR,ERR,ERR,ERR,ERR,ERR,ERR,ERR,ERR,ERR,ERR,ERR,ERR,ERR,ERR,ERR,ERR,ERR,ERR,ERR,ERR,ERR,ERR,ERR,ERR,ERR,ERR,ERR,ERR,ERR,ERR,ERR,ERR,ERR,ERR,ERR,ERR,ERR,ERR,ERR,ERR,ERR,ERR,ERR,ERR,ERR,ERR,ERR,ERR,ERR,ERR,ERR,ERR,ERR,ERR,ERR,ERR,ERR,ERR,ERR,ERR,ERR,ERR,ERR,ERR,ERR,ERR,ERR,ERR,ERR,ERR,ERR,ERR,ERR,ERR,ERR,ERR,ERR,ERR,ERR,ERR,ERR,ERR,ERR,ERR,ERR,ERR,ERR,ERR,ERR,ERR,ERR,ERR,ERR,ERR,ERR,ERR,ERR,ERR,ERR,ERR,ERR,-107615240.0,0.0,-117832800.0,0.0,0.0,0.0,0.0,nan,0,0,0,32768,0,0.0,0,0.0,0.0,0.0,0.0,0.0,0,0,0,0,0.0,0,0,0,0,0,0,0,0,0,0,0,0,0,0,0,0,0,0,0,0,0,0,0,0,0,0,0,0,0,0,0,0,0,0,0,0,0,0,0,0,0,0,0,0,0.0,0.0,0.0,0.0,0.0,0.0,0.0,0.0,0.0,0.0,0.0,0.0,0.0,0.0,0.0,0.0,0.0,0.0,0.0,0.0,0.0,0.0,2.004,-0.0,-2.004,-2.004,0.0,0.0,0.0,0.0,3353.5,-3.697153148275864e+19,0.0,-107615240.0,0.0,-107615232.0,-0.0,0.0,0.0,0.0,0.0,0,0.0,126839996416.0,0.0,0.0,0.0,0.0,0.0,0.0,0.0,0,0,0,0.0,0.0,0.0,0.0,0.0,0.0,0.0,0.0,0.0,0.0,0.0,0.0,0.0,0.0,0.0,0.0,0,-107875648.0,0,0.0,0,-107875648.0,0.0,0,39322,17038,0,17053,26215,17037,0,0,0,110,100,100,0.0,64.0,0.0,64.9,-107615304.0,68.5,1,49,50,180,0,13107,0,0,0.0,0.0,0.0,0.0,0.0,65.5,0.0,-0.0,0.0,645,0,686,0,0,0,713,0,785,0,707,0,689,0,645,0,640,0,618,0.032,36962304.0,-0.0,0.0,22032,16789,0.013,-0.0,1.607988413501642e+24,0.0,0.0,-1.0185341353364342e+38,29.0,60.0,70,0.0,0.0,0.0,0.0,0.0,0.0,0.0,0.0,0.0,0.0,0.0,0.0,0.0,0.0,0.0,0.0,59.6,68,12,65509,41,65476,0,300,0,0,8,20529,65476,0,0,61604,60.0,0.0,0.0,0.0,0.0,0.0
2026-04-04T11:49:11,ERR,ERR,ERR,ERR,ERR,ERR,ERR,ERR,ERR,ERR,ERR,ERR,ERR,ERR,ERR,ERR,ERR,ERR,ERR,ERR,ERR,ERR,ERR,ERR,ERR,ERR,ERR,ERR,ERR,ERR,ERR,ERR,ERR,ERR,ERR,ERR,ERR,ERR,ERR,ERR,ERR,ERR,ERR,ERR,ERR,ERR,ERR,ERR,ERR,ERR,ERR,ERR,ERR,ERR,ERR,ERR,ERR,ERR,ERR,ERR,ERR,ERR,ERR,ERR,ERR,ERR,ERR,ERR,ERR,ERR,ERR,ERR,ERR,ERR,ERR,ERR,ERR,ERR,ERR,ERR,ERR,ERR,ERR,ERR,ERR,ERR,ERR,ERR,ERR,ERR,ERR,ERR,ERR,ERR,ERR,ERR,ERR,ERR,ERR,ERR,ERR,ERR,ERR,ERR,ERR,ERR,ERR,ERR,ERR,ERR,ERR,ERR,ERR,ERR,ERR,ERR,ERR,ERR,ERR,ERR,ERR,ERR,ERR,ERR,ERR,-107615240.0,0.0,-117832800.0,0.0,0.0,0.0,0.0,nan,0,0,0,32768,0,0.0,0,0.0,0.0,0.0,0.0,0.0,0,0,0,0,0.0,0,0,0,0,0,0,0,0,0,0,0,0,0,0,0,0,0,0,0,0,0,0,0,0,0,0,0,0,0,0,0,0,0,0,0,0,0,0,0,0,0,0,0,0,0.0,0.0,0.0,0.0,0.0,0.0,0.0,0.0,0.0,0.0,0.0,0.0,0.0,0.0,0.0,0.0,0.0,0.0,0.0,0.0,0.0,0.0,2.004,-0.0,-2.004,-2.004,0.0,0.0,0.0,0.0,3353.5,-3.697153148275864e+19,0.0,-107615240.0,0.0,-107615232.0,-0.0,0.0,0.0,0.0,0.0,0,0.0,126839996416.0,0.0,0.0,0.0,0.0,0.0,0.0,0.0,0,0,0,0.0,0.0,0.0,0.0,0.0,0.0,0.0,0.0,0.0,0.0,0.0,0.0,0.0,0.0,0.0,0.0,0,-107875648.0,0,0.0,0,-107875648.0,0.0,0,39322,17038,0,17053,26215,17037,0,0,0,110,100,100,0.0,64.0,0.0,64.9,-107615304.0,68.5,1,49,50,180,0,13107,0,0,0.0,0.0,0.0,0.0,0.0,65.5,0.0,-0.0,0.0,645,0,686,0,0,0,713,0,785,0,707,0,689,0,645,0,640,0,618,0.032,36962304.0,-0.0,0.0,22032,16789,0.013,-0.0,1.607988413501642e+24,0.0,0.0,-1.0185341353364342e+38,29.0,60.0,70,0.0,0.0,0.0,0.0,0.0,0.0,0.0,0.0,0.0,0.0,0.0,0.0,0.0,0.0,0.0,0.0,59.6,68,12,65509,41,65476,0,300,0,0,8,20529,65476,0,0,61604,60.0,0.0,0.0,0.0,0.0,0.0
2026-04-04T11:49:12,ERR,ERR,ERR,ERR,ERR,ERR,ERR,ERR,ERR,ERR,ERR,ERR,ERR,ERR,ERR,ERR,ERR,ERR,ERR,ERR,ERR,ERR,ERR,ERR,ERR,ERR,ERR,ERR,ERR,ERR,ERR,ERR,ERR,ERR,ERR,ERR,ERR,ERR,ERR,ERR,ERR,ERR,ERR,ERR,ERR,ERR,ERR,ERR,ERR,ERR,ERR,ERR,ERR,ERR,ERR,ERR,ERR,ERR,ERR,ERR,ERR,ERR,ERR,ERR,ERR,ERR,ERR,ERR,ERR,ERR,ERR,ERR,ERR,ERR,ERR,ERR,ERR,ERR,ERR,ERR,ERR,ERR,ERR,ERR,ERR,ERR,ERR,ERR,ERR,ERR,ERR,ERR,ERR,ERR,ERR,ERR,ERR,ERR,ERR,ERR,ERR,ERR,ERR,ERR,ERR,ERR,ERR,ERR,ERR,ERR,ERR,ERR,ERR,ERR,ERR,ERR,ERR,ERR,ERR,ERR,ERR,ERR,ERR,ERR,ERR,-107615240.0,0.0,-117832800.0,0.0,0.0,0.0,0.0,nan,0,0,0,32768,0,0.0,0,0.0,0.0,0.0,0.0,0.0,0,0,0,0,0.0,0,0,0,0,0,0,0,0,0,0,0,0,0,0,0,0,0,0,0,0,0,0,0,0,0,0,0,0,0,0,0,0,0,0,0,0,0,0,0,0,0,0,0,0,0.0,0.0,0.0,0.0,0.0,0.0,0.0,0.0,0.0,0.0,0.0,0.0,0.0,0.0,0.0,0.0,0.0,0.0,0.0,0.0,0.0,0.0,2.004,-0.0,-2.004,-2.004,0.0,0.0,0.0,0.0,3353.5,-3.697153148275864e+19,0.0,-107615240.0,0.0,-107615232.0,-0.0,0.0,0.0,0.0,0.0,0,0.0,126839996416.0,0.0,0.0,0.0,0.0,0.0,0.0,0.0,0,0,0,0.0,0.0,0.0,0.0,0.0,0.0,0.0,0.0,0.0,0.0,0.0,0.0,0.0,0.0,0.0,0.0,0,-107875648.0,0,0.0,0,-107875648.0,0.0,0,39322,17038,0,17053,26215,17037,0,0,0,110,100,100,0.0,64.0,0.0,64.9,-107615304.0,68.5,1,49,50,180,0,13107,0,0,0.0,0.0,0.0,0.0,0.0,65.5,0.0,-0.0,0.0,645,0,686,0,0,0,713,0,785,0,707,0,689,0,645,0,640,0,618,0.032,36962304.0,-0.0,0.0,22032,16789,0.013,-0.0,1.607988413501642e+24,0.0,0.0,-1.0185341353364342e+38,29.0,60.0,70,0.0,0.0,0.0,0.0,0.0,0.0,0.0,0.0,0.0,0.0,0.0,0.0,0.0,0.0,0.0,0.0,59.6,68,12,65509,41,65476,0,300,0,0,8,20529,65476,0,0,61604,60.0,0.0,0.0,0.0,0.0,0.0
2026-04-04T11:49:13,ERR,ERR,ERR,ERR,ERR,ERR,ERR,ERR,ERR,ERR,ERR,ERR,ERR,ERR,ERR,ERR,ERR,ERR,ERR,ERR,ERR,ERR,ERR,ERR,ERR,ERR,ERR,ERR,ERR,ERR,ERR,ERR,ERR,ERR,ERR,ERR,ERR,ERR,ERR,ERR,ERR,ERR,ERR,ERR,ERR,ERR,ERR,ERR,ERR,ERR,ERR,ERR,ERR,ERR,ERR,ERR,ERR,ERR,ERR,ERR,ERR,ERR,ERR,ERR,ERR,ERR,ERR,ERR,ERR,ERR,ERR,ERR,ERR,ERR,ERR,ERR,ERR,ERR,ERR,ERR,ERR,ERR,ERR,ERR,ERR,ERR,ERR,ERR,ERR,ERR,ERR,ERR,ERR,ERR,ERR,ERR,ERR,ERR,ERR,ERR,ERR,ERR,ERR,ERR,ERR,ERR,ERR,ERR,ERR,ERR,ERR,ERR,ERR,ERR,ERR,ERR,ERR,ERR,ERR,ERR,ERR,ERR,ERR,ERR,ERR,-107615240.0,0.0,-117832800.0,0.0,0.0,0.0,0.0,nan,0,0,0,32768,0,0.0,0,0.0,0.0,0.0,0.0,0.0,0,0,0,0,0.0,0,0,0,0,0,0,0,0,0,0,0,0,0,0,0,0,0,0,0,0,0,0,0,0,0,0,0,0,0,0,0,0,0,0,0,0,0,0,0,0,0,0,0,0,0.0,0.0,0.0,0.0,0.0,0.0,0.0,0.0,0.0,0.0,0.0,0.0,0.0,0.0,0.0,0.0,0.0,0.0,0.0,0.0,0.0,0.0,2.004,-0.0,-2.004,-2.004,0.0,0.0,0.0,0.0,3353.5,-3.697153148275864e+19,0.0,-107615240.0,0.0,-107615232.0,-0.0,0.0,0.0,0.0,0.0,0,0.0,126839996416.0,0.0,0.0,0.0,0.0,0.0,0.0,0.0,0,0,0,0.0,0.0,0.0,0.0,0.0,0.0,0.0,0.0,0.0,0.0,0.0,0.0,0.0,0.0,0.0,0.0,0,-107875648.0,0,0.0,0,-107875648.0,0.0,0,39322,17038,0,17053,26215,17037,0,0,0,110,100,100,0.0,64.0,0.0,64.9,-107615304.0,68.5,1,49,50,180,0,13107,0,0,0.0,0.0,0.0,0.0,0.0,65.5,0.0,-0.0,0.0,645,0,686,0,0,0,713,0,785,0,707,0,689,0,645,0,640,0,618,0.032,36962304.0,-0.0,0.0,22032,16789,0.013,-0.0,1.607988413501642e+24,0.0,0.0,-1.0185341353364342e+38,29.0,60.0,70,0.0,0.0,0.0,0.0,0.0,0.0,0.0,0.0,0.0,0.0,0.0,0.0,0.0,0.0,0.0,0.0,59.6,68,12,65509,41,65476,0,300,0,0,8,20529,65476,0,0,61604,60.0,0.0,0.0,0.0,0.0,0.0
2026-04-04T11:49:14,ERR,ERR,ERR,ERR,ERR,ERR,ERR,ERR,ERR,ERR,ERR,ERR,ERR,ERR,ERR,ERR,ERR,ERR,ERR,ERR,ERR,ERR,ERR,ERR,ERR,ERR,ERR,ERR,ERR,ERR,ERR,ERR,ERR,ERR,ERR,ERR,ERR,ERR,ERR,ERR,ERR,ERR,ERR,ERR,ERR,ERR,ERR,ERR,ERR,ERR,ERR,ERR,ERR,ERR,ERR,ERR,ERR,ERR,ERR,ERR,ERR,ERR,ERR,ERR,ERR,ERR,ERR,ERR,ERR,ERR,ERR,ERR,ERR,ERR,ERR,ERR,ERR,ERR,ERR,ERR,ERR,ERR,ERR,ERR,ERR,ERR,ERR,ERR,ERR,ERR,ERR,ERR,ERR,ERR,ERR,ERR,ERR,ERR,ERR,ERR,ERR,ERR,ERR,ERR,ERR,ERR,ERR,ERR,ERR,ERR,ERR,ERR,ERR,ERR,ERR,ERR,ERR,ERR,ERR,ERR,ERR,ERR,ERR,ERR,ERR,-107615240.0,0.0,-117832800.0,0.0,0.0,0.0,0.0,nan,0,0,0,32768,0,0.0,0,0.0,0.0,0.0,0.0,0.0,0,0,0,0,0.0,0,0,0,0,0,0,0,0,0,0,0,0,0,0,0,0,0,0,0,0,0,0,0,0,0,0,0,0,0,0,0,0,0,0,0,0,0,0,0,0,0,0,0,0,0.0,0.0,0.0,0.0,0.0,0.0,0.0,0.0,0.0,0.0,0.0,0.0,0.0,0.0,0.0,0.0,0.0,0.0,0.0,0.0,0.0,0.0,2.004,-0.0,-2.004,-2.004,0.0,0.0,0.0,0.0,3353.5,-3.697153148275864e+19,0.0,-107615240.0,0.0,-107615232.0,-0.0,0.0,0.0,0.0,0.0,0,0.0,126839996416.0,0.0,0.0,0.0,0.0,0.0,0.0,0.0,0,0,0,0.0,0.0,0.0,0.0,0.0,0.0,0.0,0.0,0.0,0.0,0.0,0.0,0.0,0.0,0.0,0.0,0,-107875648.0,0,0.0,0,-107875648.0,0.0,0,39322,17038,0,17053,26215,17037,0,0,0,110,100,100,0.0,64.0,0.0,64.9,-107615304.0,68.5,1,49,50,180,0,13107,0,0,0.0,0.0,0.0,0.0,0.0,65.5,0.0,-0.0,0.0,645,0,686,0,0,0,713,0,785,0,707,0,689,0,645,0,640,0,618,0.032,36962304.0,-0.0,0.0,22032,16789,0.013,-0.0,1.607988413501642e+24,0.0,0.0,-1.0185341353364342e+38,29.0,60.0,70,0.0,0.0,0.0,0.0,0.0,0.0,0.0,0.0,0.0,0.0,0.0,0.0,0.0,0.0,0.0,0.0,59.2,68,12,65509,41,65476,0,300,0,0,8,20529,65476,0,0,61604,60.0,0.0,0.0,0.0,0.0,0.0
2026-04-04T11:49:15,ERR,ERR,ERR,ERR,ERR,ERR,ERR,ERR,ERR,ERR,ERR,ERR,ERR,ERR,ERR,ERR,ERR,ERR,ERR,ERR,ERR,ERR,ERR,ERR,ERR,ERR,ERR,ERR,ERR,ERR,ERR,ERR,ERR,ERR,ERR,ERR,ERR,ERR,ERR,ERR,ERR,ERR,ERR,ERR,ERR,ERR,ERR,ERR,ERR,ERR,ERR,ERR,ERR,ERR,ERR,ERR,ERR,ERR,ERR,ERR,ERR,ERR,ERR,ERR,ERR,ERR,ERR,ERR,ERR,ERR,ERR,ERR,ERR,ERR,ERR,ERR,ERR,ERR,ERR,ERR,ERR,ERR,ERR,ERR,ERR,ERR,ERR,ERR,ERR,ERR,ERR,ERR,ERR,ERR,ERR,ERR,ERR,ERR,ERR,ERR,ERR,ERR,ERR,ERR,ERR,ERR,ERR,ERR,ERR,ERR,ERR,ERR,ERR,ERR,ERR,ERR,ERR,ERR,ERR,ERR,ERR,ERR,ERR,ERR,ERR,-107615240.0,0.0,-117832800.0,0.0,0.0,0.0,0.0,nan,0,0,0,32768,0,0.0,0,0.0,0.0,0.0,0.0,0.0,0,0,0,0,0.0,0,0,0,0,0,0,0,0,0,0,0,0,0,0,0,0,0,0,0,0,0,0,0,0,0,0,0,0,0,0,0,0,0,0,0,0,0,0,0,0,0,0,0,0,0.0,0.0,0.0,0.0,0.0,0.0,0.0,0.0,0.0,0.0,0.0,0.0,0.0,0.0,0.0,0.0,0.0,0.0,0.0,0.0,0.0,0.0,2.004,-0.0,-2.004,-2.004,0.0,0.0,0.0,0.0,3353.5,-3.697153148275864e+19,0.0,-107615240.0,0.0,-107615232.0,-0.0,0.0,0.0,0.0,0.0,0,0.0,126839996416.0,0.0,0.0,0.0,0.0,0.0,0.0,0.0,0,0,0,0.0,0.0,0.0,0.0,0.0,0.0,0.0,0.0,0.0,0.0,0.0,0.0,0.0,0.0,0.0,0.0,0,-107875648.0,0,0.0,0,-107875648.0,0.0,0,39322,17038,0,17053,26215,17037,0,0,0,110,100,100,0.0,64.0,0.0,64.9,-107615304.0,68.5,1,49,50,180,0,13107,0,0,0.0,0.0,0.0,0.0,0.0,65.5,0.0,-0.0,0.0,645,0,686,0,0,0,713,0,785,0,707,0,688,0,645,0,640,0,618,0.032,36438016.0,-0.0,0.0,25872,16789,0.0,-0.0,-5.297842635932268e+34,-4.161542588760422e+23,-24.907,-0.0,29.0,60.0,70,0.0,0.0,0.0,0.0,0.0,0.0,0.0,0.0,0.0,0.0,0.0,0.0,0.0,0.0,0.0,0.0,59.2,68,12,65509,41,65476,0,300,0,0,8,20529,65476,0,0,61604,60.0,0.0,0.0,0.0,0.0,0.0
2026-04-04T11:49:16,ERR,ERR,ERR,ERR,ERR,ERR,ERR,ERR,ERR,ERR,ERR,ERR,ERR,ERR,ERR,ERR,ERR,ERR,ERR,ERR,ERR,ERR,ERR,ERR,ERR,ERR,ERR,ERR,ERR,ERR,ERR,ERR,ERR,ERR,ERR,ERR,ERR,ERR,ERR,ERR,ERR,ERR,ERR,ERR,ERR,ERR,ERR,ERR,ERR,ERR,ERR,ERR,ERR,ERR,ERR,ERR,ERR,ERR,ERR,ERR,ERR,ERR,ERR,ERR,ERR,ERR,ERR,ERR,ERR,ERR,ERR,ERR,ERR,ERR,ERR,ERR,ERR,ERR,ERR,ERR,ERR,ERR,ERR,ERR,ERR,ERR,ERR,ERR,ERR,ERR,ERR,ERR,ERR,ERR,ERR,ERR,ERR,ERR,ERR,ERR,ERR,ERR,ERR,ERR,ERR,ERR,ERR,ERR,ERR,ERR,ERR,ERR,ERR,ERR,ERR,ERR,ERR,ERR,ERR,ERR,ERR,ERR,ERR,ERR,ERR,-107615240.0,0.0,-117832800.0,0.0,0.0,0.0,0.0,nan,0,0,0,32768,0,0.0,0,0.0,0.0,0.0,0.0,0.0,0,0,0,0,0.0,0,0,0,0,0,0,0,0,0,0,0,0,0,0,0,0,0,0,0,0,0,0,0,0,0,0,0,0,0,0,0,0,0,0,0,0,0,0,0,0,0,0,0,0,0.0,0.0,0.0,0.0,0.0,0.0,0.0,0.0,0.0,0.0,0.0,0.0,0.0,0.0,0.0,0.0,0.0,0.0,0.0,0.0,0.0,0.0,2.004,-0.0,-2.004,-2.004,0.0,0.0,0.0,0.0,3370.0,0.0,0.0,-107615240.0,0.0,-0.0,2.7184274988523002e+23,0.0,0.0,0.0,0.0,0,-3.222024165466893e+26,2.7184055212861186e+23,0.0,0.0,0.0,0.0,0.0,0.0,0.0,0,0,0,0.0,0.0,0.0,0.0,0.0,0.0,0.0,0.0,0.0,0.0,0.0,0.0,0.0,0.0,0.0,0.0,0,-107875648.0,0,0.0,0,-107875648.0,0.0,0,39322,17038,0,17053,26215,17037,0,0,0,110,100,100,0.0,64.0,0.0,64.9,-107615304.0,68.5,1,49,50,180,0,13107,0,0,0.0,0.0,0.0,0.0,0.0,65.5,0.0,-0.0,0.0,645,0,686,0,0,0,713,0,785,0,707,0,688,0,645,0,640,0,618,0.032,36438016.0,-0.0,0.0,25872,16789,0.0,-0.0,-5.297842635932268e+34,-4.161542588760422e+23,-24.907,-0.0,29.0,60.0,70,0.0,0.0,0.0,0.0,0.0,0.0,0.0,0.0,0.0,0.0,0.0,0.0,0.0,0.0,0.0,0.0,59.6,68,12,65509,41,65476,0,300,0,0,8,20529,65476,0,0,61604,60.0,0.0,0.0,0.0,0.0,0.0
2026-04-04T11:49:17,ERR,ERR,ERR,ERR,ERR,ERR,ERR,ERR,ERR,ERR,ERR,ERR,ERR,ERR,ERR,ERR,ERR,ERR,ERR,ERR,ERR,ERR,ERR,ERR,ERR,ERR,ERR,ERR,ERR,ERR,ERR,ERR,ERR,ERR,ERR,ERR,ERR,ERR,ERR,ERR,ERR,ERR,ERR,ERR,ERR,ERR,ERR,ERR,ERR,ERR,ERR,ERR,ERR,ERR,ERR,ERR,ERR,ERR,ERR,ERR,ERR,ERR,ERR,ERR,ERR,ERR,ERR,ERR,ERR,ERR,ERR,ERR,ERR,ERR,ERR,ERR,ERR,ERR,ERR,ERR,ERR,ERR,ERR,ERR,ERR,ERR,ERR,ERR,ERR,ERR,ERR,ERR,ERR,ERR,ERR,ERR,ERR,ERR,ERR,ERR,ERR,ERR,ERR,ERR,ERR,ERR,ERR,ERR,ERR,ERR,ERR,ERR,ERR,ERR,ERR,ERR,ERR,ERR,ERR,ERR,ERR,ERR,ERR,ERR,ERR,-107615240.0,0.0,-117832800.0,0.0,0.0,0.0,0.0,nan,0,0,0,32768,0,0.0,0,0.0,0.0,0.0,0.0,0.0,0,0,0,0,0.0,0,0,0,0,0,0,0,0,0,0,0,0,0,0,0,0,0,0,0,0,0,0,0,0,0,0,0,0,0,0,0,0,0,0,0,0,0,0,0,0,0,0,0,0,0.0,0.0,0.0,0.0,0.0,0.0,0.0,0.0,0.0,0.0,0.0,0.0,0.0,0.0,0.0,0.0,0.0,0.0,0.0,0.0,0.0,0.0,2.004,-0.0,-2.004,-2.004,0.0,0.0,0.0,0.0,3370.0,0.0,0.0,-107615240.0,0.0,-0.0,2.7184274988523002e+23,0.0,0.0,0.0,0.0,0,-3.222024165466893e+26,2.7184055212861186e+23,0.0,0.0,0.0,0.0,0.0,0.0,0.0,0,0,0,0.0,0.0,0.0,0.0,0.0,0.0,0.0,0.0,0.0,0.0,0.0,0.0,0.0,0.0,0.0,0.0,0,-107875648.0,0,0.0,0,-107875648.0,0.0,0,39322,17038,0,17053,26215,17037,0,0,0,110,100,100,0.0,64.0,0.0,64.9,-107615304.0,68.5,1,49,50,180,0,13107,0,0,0.0,0.0,0.0,0.0,0.0,65.5,0.0,-0.0,0.0,645,0,686,0,0,0,713,0,785,0,707,0,688,0,645,0,640,0,618,0.032,36438016.0,-0.0,0.0,25872,16789,0.0,-0.0,-5.297842635932268e+34,-4.161542588760422e+23,-24.907,-0.0,29.0,60.0,70,0.0,0.0,0.0,0.0,0.0,0.0,0.0,0.0,0.0,0.0,0.0,0.0,0.0,0.0,0.0,0.0,59.6,68,12,65509,41,65476,0,300,0,0,8,20529,65476,0,0,61604,60.0,0.0,0.0,0.0,0.0,0.0
2026-04-04T11:49:18,ERR,ERR,ERR,ERR,ERR,ERR,ERR,ERR,ERR,ERR,ERR,ERR,ERR,ERR,ERR,ERR,ERR,ERR,ERR,ERR,ERR,ERR,ERR,ERR,ERR,ERR,ERR,ERR,ERR,ERR,ERR,ERR,ERR,ERR,ERR,ERR,ERR,ERR,ERR,ERR,ERR,ERR,ERR,ERR,ERR,ERR,ERR,ERR,ERR,ERR,ERR,ERR,ERR,ERR,ERR,ERR,ERR,ERR,ERR,ERR,ERR,ERR,ERR,ERR,ERR,ERR,ERR,ERR,ERR,ERR,ERR,ERR,ERR,ERR,ERR,ERR,ERR,ERR,ERR,ERR,ERR,ERR,ERR,ERR,ERR,ERR,ERR,ERR,ERR,ERR,ERR,ERR,ERR,ERR,ERR,ERR,ERR,ERR,ERR,ERR,ERR,ERR,ERR,ERR,ERR,ERR,ERR,ERR,ERR,ERR,ERR,ERR,ERR,ERR,ERR,ERR,ERR,ERR,ERR,ERR,ERR,ERR,ERR,ERR,ERR,-107615240.0,0.0,-117832800.0,0.0,0.0,0.0,0.0,nan,0,0,0,32768,0,0.0,0,0.0,0.0,0.0,0.0,0.0,0,0,0,0,0.0,0,0,0,0,0,0,0,0,0,0,0,0,0,0,0,0,0,0,0,0,0,0,0,0,0,0,0,0,0,0,0,0,0,0,0,0,0,0,0,0,0,0,0,0,0.0,0.0,0.0,0.0,0.0,0.0,0.0,0.0,0.0,0.0,0.0,0.0,0.0,0.0,0.0,0.0,0.0,0.0,0.0,0.0,0.0,0.0,2.004,-0.0,-2.004,-2.004,0.0,0.0,0.0,0.0,3370.0,0.0,0.0,-107615240.0,0.0,-0.0,2.7184274988523002e+23,0.0,0.0,0.0,0.0,0,-3.222024165466893e+26,2.7184055212861186e+23,0.0,0.0,0.0,0.0,0.0,0.0,0.0,0,0,0,0.0,0.0,0.0,0.0,0.0,0.0,0.0,0.0,0.0,0.0,0.0,0.0,0.0,0.0,0.0,0.0,0,-107875648.0,0,0.0,0,-107875648.0,0.0,0,39322,17038,0,17053,26215,17037,0,0,0,110,100,100,0.0,64.0,0.0,64.9,-107615304.0,68.5,1,49,50,180,0,13107,0,0,0.0,0.0,0.0,0.0,0.0,65.5,0.0,-0.0,0.0,645,0,686,0,0,0,713,0,785,0,707,0,688,0,645,0,640,0,618,0.032,36438016.0,-0.0,0.0,25872,16789,0.0,-0.0,-5.297842635932268e+34,-4.161542588760422e+23,-24.907,-0.0,29.0,60.0,70,0.0,0.0,0.0,0.0,0.0,0.0,0.0,0.0,0.0,0.0,0.0,0.0,0.0,0.0,0.0,0.0,59.2,68,12,65509,41,65476,0,300,0,0,8,20529,65476,0,0,61604,60.0,0.0,0.0,0.0,0.0,0.0
2026-04-04T11:49:19,ERR,ERR,ERR,ERR,ERR,ERR,ERR,ERR,ERR,ERR,ERR,ERR,ERR,ERR,ERR,ERR,ERR,ERR,ERR,ERR,ERR,ERR,ERR,ERR,ERR,ERR,ERR,ERR,ERR,ERR,ERR,ERR,ERR,ERR,ERR,ERR,ERR,ERR,ERR,ERR,ERR,ERR,ERR,ERR,ERR,ERR,ERR,ERR,ERR,ERR,ERR,ERR,ERR,ERR,ERR,ERR,ERR,ERR,ERR,ERR,ERR,ERR,ERR,ERR,ERR,ERR,ERR,ERR,ERR,ERR,ERR,ERR,ERR,ERR,ERR,ERR,ERR,ERR,ERR,ERR,ERR,ERR,ERR,ERR,ERR,ERR,ERR,ERR,ERR,ERR,ERR,ERR,ERR,ERR,ERR,ERR,ERR,ERR,ERR,ERR,ERR,ERR,ERR,ERR,ERR,ERR,ERR,ERR,ERR,ERR,ERR,ERR,ERR,ERR,ERR,ERR,ERR,ERR,ERR,ERR,ERR,ERR,ERR,ERR,ERR,-107615240.0,0.0,-117832800.0,0.0,0.0,0.0,0.0,nan,0,0,0,32768,0,0.0,0,0.0,0.0,0.0,0.0,0.0,0,0,0,0,0.0,0,0,0,0,0,0,0,0,0,0,0,0,0,0,0,0,0,0,0,0,0,0,0,0,0,0,0,0,0,0,0,0,0,0,0,0,0,0,0,0,0,0,0,0,0.0,0.0,0.0,0.0,0.0,0.0,0.0,0.0,0.0,0.0,0.0,0.0,0.0,0.0,0.0,0.0,0.0,0.0,0.0,0.0,0.0,0.0,2.004,-0.0,-2.004,-2.004,0.0,0.0,0.0,0.0,3370.0,0.0,0.0,-107615240.0,0.0,-0.0,2.7184274988523002e+23,0.0,0.0,0.0,0.0,0,-3.222024165466893e+26,2.7184055212861186e+23,0.0,0.0,0.0,0.0,0.0,0.0,0.0,0,0,0,0.0,0.0,0.0,0.0,0.0,0.0,0.0,0.0,0.0,0.0,0.0,0.0,0.0,0.0,0.0,0.0,0,-107875648.0,0,0.0,0,-107875648.0,0.0,0,39322,17038,0,17053,26215,17037,0,0,0,110,100,100,0.0,64.0,0.0,64.8,-107615304.0,68.5,1,49,50,180,0,13107,0,0,0.0,0.0,0.0,0.0,0.044,65.5,0.0,-4.743094838309553e+28,0.0,645,0,686,0,0,0,713,0,785,0,707,0,689,0,645,0,640,0,618,0.032,36438016.0,-0.0,0.0,17936,16789,0.0,-4.743094838309553e+28,4.0629395738058723e+21,-0.034,0.0,-4.259370389648894e+34,29.0,60.0,70,0.0,0.0,0.0,0.0,0.0,0.0,0.0,0.0,0.0,0.0,0.0,0.0,0.0,0.0,0.0,0.0,59.2,68,12,65509,41,65476,0,300,0,0,8,20529,65476,0,0,61604,60.0,0.0,0.0,0.0,0.0,0.0
2026-04-04T11:49:20,ERR,ERR,ERR,ERR,ERR,ERR,ERR,ERR,ERR,ERR,ERR,ERR,ERR,ERR,ERR,ERR,ERR,ERR,ERR,ERR,ERR,ERR,ERR,ERR,ERR,ERR,ERR,ERR,ERR,ERR,ERR,ERR,ERR,ERR,ERR,ERR,ERR,ERR,ERR,ERR,ERR,ERR,ERR,ERR,ERR,ERR,ERR,ERR,ERR,ERR,ERR,ERR,ERR,ERR,ERR,ERR,ERR,ERR,ERR,ERR,ERR,ERR,ERR,ERR,ERR,ERR,ERR,ERR,ERR,ERR,ERR,ERR,ERR,ERR,ERR,ERR,ERR,ERR,ERR,ERR,ERR,ERR,ERR,ERR,ERR,ERR,ERR,ERR,ERR,ERR,ERR,ERR,ERR,ERR,ERR,ERR,ERR,ERR,ERR,ERR,ERR,ERR,ERR,ERR,ERR,ERR,ERR,ERR,ERR,ERR,ERR,ERR,ERR,ERR,ERR,ERR,ERR,ERR,ERR,ERR,ERR,ERR,ERR,ERR,ERR,-107615240.0,0.0,-117832800.0,0.0,0.0,0.0,0.0,nan,0,0,0,32768,0,0.0,0,0.0,0.0,0.0,0.0,0.0,0,0,0,0,0.0,0,0,0,0,0,0,0,0,0,0,0,0,0,0,0,0,0,0,0,0,0,0,0,0,0,0,0,0,0,0,0,0,0,0,0,0,0,0,0,0,0,0,0,0,0.0,0.0,0.0,0.0,0.0,0.0,0.0,0.0,0.0,0.0,0.0,0.0,0.0,0.0,0.0,0.0,0.0,0.0,0.0,0.0,0.0,0.0,2.004,-0.0,-2.004,-2.004,0.0,0.0,0.0,0.0,3370.0,0.0,0.0,-107615240.0,0.0,-0.0,2.7184274988523002e+23,0.0,0.0,0.0,0.0,0,-3.222024165466893e+26,2.7184055212861186e+23,0.0,0.0,0.0,0.0,0.0,0.0,0.0,0,0,0,0.0,0.0,0.0,0.0,0.0,0.0,0.0,0.0,0.0,0.0,0.0,0.0,0.0,0.0,0.0,0.0,0,-107875648.0,0,0.0,0,-107875648.0,0.0,0,39322,17038,0,17053,26215,17037,0,0,0,110,100,100,0.0,64.0,0.0,64.8,-107615304.0,68.5,1,49,50,180,0,13107,0,0,0.0,0.0,0.0,0.0,0.044,65.5,0.0,-4.743094838309553e+28,0.0,645,0,686,0,0,0,713,0,785,0,707,0,689,0,645,0,640,0,618,0.032,36438016.0,-0.0,0.0,17936,16789,0.0,-4.743094838309553e+28,4.0629395738058723e+21,-0.034,0.0,-4.259370389648894e+34,29.0,60.0,70,0.0,0.0,0.0,0.0,0.0,0.0,0.0,0.0,0.0,0.0,0.0,0.0,0.0,0.0,0.0,0.0,59.2,68,12,65509,41,65476,0,300,0,0,8,20529,65476,0,0,61604,60.0,0.0,0.0,0.0,0.0,0.0
2026-04-04T11:49:21,ERR,ERR,ERR,ERR,ERR,ERR,ERR,ERR,ERR,ERR,ERR,ERR,ERR,ERR,ERR,ERR,ERR,ERR,ERR,ERR,ERR,ERR,ERR,ERR,ERR,ERR,ERR,ERR,ERR,ERR,ERR,ERR,ERR,ERR,ERR,ERR,ERR,ERR,ERR,ERR,ERR,ERR,ERR,ERR,ERR,ERR,ERR,ERR,ERR,ERR,ERR,ERR,ERR,ERR,ERR,ERR,ERR,ERR,ERR,ERR,ERR,ERR,ERR,ERR,ERR,ERR,ERR,ERR,ERR,ERR,ERR,ERR,ERR,ERR,ERR,ERR,ERR,ERR,ERR,ERR,ERR,ERR,ERR,ERR,ERR,ERR,ERR,ERR,ERR,ERR,ERR,ERR,ERR,ERR,ERR,ERR,ERR,ERR,ERR,ERR,ERR,ERR,ERR,ERR,ERR,ERR,ERR,ERR,ERR,ERR,ERR,ERR,ERR,ERR,ERR,ERR,ERR,ERR,ERR,ERR,ERR,ERR,ERR,ERR,ERR,-107615240.0,0.0,-117832800.0,0.0,0.0,0.0,0.0,nan,0,0,0,32768,0,0.0,0,0.0,0.0,0.0,0.0,0.0,0,0,0,0,0.0,0,0,0,0,0,0,0,0,0,0,0,0,0,0,0,0,0,0,0,0,0,0,0,0,0,0,0,0,0,0,0,0,0,0,0,0,0,0,0,0,0,0,0,0,0.0,0.0,0.0,0.0,0.0,0.0,0.0,0.0,0.0,0.0,0.0,0.0,0.0,0.0,0.0,0.0,0.0,0.0,0.0,0.0,0.0,0.0,2.004,-0.0,-2.004,-2.004,0.0,0.0,0.0,0.0,3370.0,0.0,0.0,-107615240.0,0.0,-0.0,2.7184274988523002e+23,0.0,0.0,0.0,0.0,0,-3.222024165466893e+26,2.7184055212861186e+23,0.0,0.0,0.0,0.0,0.0,0.0,0.0,0,0,0,0.0,0.0,0.0,0.0,0.0,0.0,0.0,0.0,0.0,0.0,0.0,0.0,0.0,0.0,0.0,0.0,0,-107875648.0,0,0.0,0,-107875648.0,0.0,0,39322,17038,0,17053,26215,17037,0,0,0,110,100,100,0.0,64.0,0.0,64.8,-107615304.0,68.5,1,49,50,180,0,13107,0,0,0.0,0.0,0.0,0.0,0.044,65.5,0.0,-4.743094838309553e+28,0.0,645,0,686,0,0,0,713,0,785,0,707,0,689,0,645,0,640,0,618,0.032,36438016.0,-0.0,0.0,17936,16789,0.0,-4.743094838309553e+28,4.0629395738058723e+21,-0.034,0.0,-4.259370389648894e+34,29.0,60.0,70,0.0,0.0,0.0,0.0,0.0,0.0,0.0,0.0,0.0,0.0,0.0,0.0,0.0,0.0,0.0,0.0,59.2,68,12,65509,41,65476,0,300,0,0,8,20529,65476,0,0,61604,60.0,0.0,0.0,0.0,0.0,0.0
2026-04-04T11:49:22,ERR,ERR,ERR,ERR,ERR,ERR,ERR,ERR,ERR,ERR,ERR,ERR,ERR,ERR,ERR,ERR,ERR,ERR,ERR,ERR,ERR,ERR,ERR,ERR,ERR,ERR,ERR,ERR,ERR,ERR,ERR,ERR,ERR,ERR,ERR,ERR,ERR,ERR,ERR,ERR,ERR,ERR,ERR,ERR,ERR,ERR,ERR,ERR,ERR,ERR,ERR,ERR,ERR,ERR,ERR,ERR,ERR,ERR,ERR,ERR,ERR,ERR,ERR,ERR,ERR,ERR,ERR,ERR,ERR,ERR,ERR,ERR,ERR,ERR,ERR,ERR,ERR,ERR,ERR,ERR,ERR,ERR,ERR,ERR,ERR,ERR,ERR,ERR,ERR,ERR,ERR,ERR,ERR,ERR,ERR,ERR,ERR,ERR,ERR,ERR,ERR,ERR,ERR,ERR,ERR,ERR,ERR,ERR,ERR,ERR,ERR,ERR,ERR,ERR,ERR,ERR,ERR,ERR,ERR,ERR,ERR,ERR,ERR,ERR,ERR,-107615240.0,0.0,-117832800.0,0.0,0.0,0.0,0.0,nan,0,0,0,32768,0,0.0,0,0.0,0.0,0.0,0.0,0.0,0,0,0,0,0.0,0,0,0,0,0,0,0,0,0,0,0,0,0,0,0,0,0,0,0,0,0,0,0,0,0,0,0,0,0,0,0,0,0,0,0,0,0,0,0,0,0,0,0,0,0.0,0.0,0.0,0.0,0.0,0.0,0.0,0.0,0.0,0.0,0.0,0.0,0.0,0.0,0.0,0.0,0.0,0.0,0.0,0.0,0.0,0.0,2.004,-0.0,-2.004,-2.004,0.0,0.0,0.0,0.0,3370.0,0.0,0.0,-107615240.0,0.0,-0.0,2.7184274988523002e+23,0.0,0.0,0.0,0.0,0,-3.222024165466893e+26,2.7184055212861186e+23,0.0,0.0,0.0,0.0,0.0,0.0,0.0,0,0,0,0.0,0.0,0.0,0.0,0.0,0.0,0.0,0.0,0.0,0.0,0.0,0.0,0.0,0.0,0.0,0.0,0,-107875648.0,0,0.0,0,-107875648.0,0.0,0,39322,17038,0,17053,26215,17037,0,0,0,110,100,100,0.0,64.0,0.0,64.8,-107615304.0,68.5,1,49,50,180,0,13107,0,0,0.0,0.0,0.0,0.0,0.044,65.5,0.0,-4.743094838309553e+28,0.0,645,0,686,0,0,0,713,0,785,0,707,0,689,0,645,0,640,0,618,0.032,36438016.0,-0.0,0.0,17936,16789,0.0,-4.743094838309553e+28,4.0629395738058723e+21,-0.034,0.0,-4.259370389648894e+34,29.0,60.0,70,0.0,0.0,0.0,0.0,0.0,0.0,0.0,0.0,0.0,0.0,0.0,0.0,0.0,0.0,0.0,0.0,59.2,68,12,65509,41,65476,0,300,0,0,8,20529,65476,0,0,61604,60.0,0.0,0.0,0.0,0.0,0.0
2026-04-04T11:49:23,ERR,ERR,ERR,ERR,ERR,ERR,ERR,ERR,ERR,ERR,ERR,ERR,ERR,ERR,ERR,ERR,ERR,ERR,ERR,ERR,ERR,ERR,ERR,ERR,ERR,ERR,ERR,ERR,ERR,ERR,ERR,ERR,ERR,ERR,ERR,ERR,ERR,ERR,ERR,ERR,ERR,ERR,ERR,ERR,ERR,ERR,ERR,ERR,ERR,ERR,ERR,ERR,ERR,ERR,ERR,ERR,ERR,ERR,ERR,ERR,ERR,ERR,ERR,ERR,ERR,ERR,ERR,ERR,ERR,ERR,ERR,ERR,ERR,ERR,ERR,ERR,ERR,ERR,ERR,ERR,ERR,ERR,ERR,ERR,ERR,ERR,ERR,ERR,ERR,ERR,ERR,ERR,ERR,ERR,ERR,ERR,ERR,ERR,ERR,ERR,ERR,ERR,ERR,ERR,ERR,ERR,ERR,ERR,ERR,ERR,ERR,ERR,ERR,ERR,ERR,ERR,ERR,ERR,ERR,ERR,ERR,ERR,ERR,ERR,ERR,-107615240.0,0.0,-117832800.0,0.0,0.0,0.0,0.0,nan,0,0,0,32768,0,0.0,0,0.0,0.0,0.0,0.0,0.0,0,0,0,0,0.0,0,0,0,0,0,0,0,0,0,0,0,0,0,0,0,0,0,0,0,0,0,0,0,0,0,0,0,0,0,0,0,0,0,0,0,0,0,0,0,0,0,0,0,0,0.0,0.0,0.0,0.0,0.0,0.0,0.0,0.0,0.0,0.0,0.0,0.0,0.0,0.0,0.0,0.0,0.0,0.0,0.0,0.0,0.0,0.0,2.004,-0.0,-2.004,-2.004,0.0,0.0,0.0,0.0,3351.5,-0.0,0.0,-107615240.0,0.0,-0.0,-0.0,0.0,0.0,0.0,0.0,0,-1.9056958870913024e+17,0.0,0.0,0.0,0.0,0.0,0.0,0.0,0.0,0,0,0,0.0,0.0,0.0,0.0,0.0,0.0,0.0,0.0,0.0,0.0,0.0,0.0,0.0,0.0,0.0,0.0,0,-107875648.0,0,0.0,0,-107875648.0,-107877712.0,0,39322,17038,0,17053,26215,17037,0,0,0,110,100,100,0.0,64.0,0.0,64.8,-107615304.0,68.5,1,49,50,180,0,13107,0,0,0.0,0.0,0.0,0.0,0.044,65.5,0.0,-4.743094838309553e+28,0.0,645,0,686,0,0,0,713,0,785,0,707,0,689,0,645,0,640,0,618,0.032,36438016.0,-0.0,0.0,17936,16789,0.0,-4.743094838309553e+28,4.0629395738058723e+21,-0.034,0.0,-4.259370389648894e+34,29.0,60.0,70,0.0,0.0,0.0,0.0,0.0,0.0,0.0,0.0,0.0,0.0,0.0,0.0,0.0,0.0,0.0,0.0,59.2,68,12,65509,41,65476,0,300,0,0,8,20529,65476,0,0,61604,60.0,0.0,0.0,0.0,0.0,0.0
2026-04-04T11:49:24,ERR,ERR,ERR,ERR,ERR,ERR,ERR,ERR,ERR,ERR,ERR,ERR,ERR,ERR,ERR,ERR,ERR,ERR,ERR,ERR,ERR,ERR,ERR,ERR,ERR,ERR,ERR,ERR,ERR,ERR,ERR,ERR,ERR,ERR,ERR,ERR,ERR,ERR,ERR,ERR,ERR,ERR,ERR,ERR,ERR,ERR,ERR,ERR,ERR,ERR,ERR,ERR,ERR,ERR,ERR,ERR,ERR,ERR,ERR,ERR,ERR,ERR,ERR,ERR,ERR,ERR,ERR,ERR,ERR,ERR,ERR,ERR,ERR,ERR,ERR,ERR,ERR,ERR,ERR,ERR,ERR,ERR,ERR,ERR,ERR,ERR,ERR,ERR,ERR,ERR,ERR,ERR,ERR,ERR,ERR,ERR,ERR,ERR,ERR,ERR,ERR,ERR,ERR,ERR,ERR,ERR,ERR,ERR,ERR,ERR,ERR,ERR,ERR,ERR,ERR,ERR,ERR,ERR,ERR,ERR,ERR,ERR,ERR,ERR,ERR,-107615240.0,0.0,-117832800.0,0.0,0.0,0.0,0.0,nan,0,0,0,32768,0,0.0,0,0.0,0.0,0.0,0.0,0.0,0,0,0,0,0.0,0,0,0,0,0,0,0,0,0,0,0,0,0,0,0,0,0,0,0,0,0,0,0,0,0,0,0,0,0,0,0,0,0,0,0,0,0,0,0,0,0,0,0,0,0.0,0.0,0.0,0.0,0.0,0.0,0.0,0.0,0.0,0.0,0.0,0.0,0.0,0.0,0.0,0.0,0.0,0.0,0.0,0.0,0.0,0.0,2.004,-0.0,-2.004,-2.004,0.0,0.0,0.0,0.0,3351.5,-0.0,0.0,-107615240.0,0.0,-0.0,-0.0,0.0,0.0,0.0,0.0,0,-1.9056958870913024e+17,0.0,0.0,0.0,0.0,0.0,0.0,0.0,0.0,0,0,0,0.0,0.0,0.0,0.0,0.0,0.0,0.0,0.0,0.0,0.0,0.0,0.0,0.0,0.0,0.0,0.0,0,-107875648.0,0,0.0,0,-107875648.0,-107877712.0,0,39322,17038,0,17053,26215,17037,0,0,0,110,100,100,0.0,64.0,0.0,64.9,-107615304.0,68.5,1,49,50,180,0,13107,0,0,0.0,0.0,0.0,0.0,0.0,65.5,0.0,-31508932853760.0,0.0,645,0,686,0,0,0,713,0,785,0,707,0,689,0,645,0,640,0,618,0.032,36700160.0,-0.0,0.0,24464,16789,0.0,-31508932853760.0,0.0,2.0971721852206634e+34,-990694806126592.0,-0.003,29.0,60.0,70,0.0,0.0,0.0,0.0,0.0,0.0,0.0,0.0,0.0,0.0,0.0,0.0,0.0,0.0,0.0,0.0,59.2,68,12,65509,41,65476,0,300,0,0,8,20529,65476,0,0,61604,60.0,0.0,0.0,0.0,0.0,0.0
2026-04-04T11:49:25,ERR,ERR,ERR,ERR,ERR,ERR,ERR,ERR,ERR,ERR,ERR,ERR,ERR,ERR,ERR,ERR,ERR,ERR,ERR,ERR,ERR,ERR,ERR,ERR,ERR,ERR,ERR,ERR,ERR,ERR,ERR,ERR,ERR,ERR,ERR,ERR,ERR,ERR,ERR,ERR,ERR,ERR,ERR,ERR,ERR,ERR,ERR,ERR,ERR,ERR,ERR,ERR,ERR,ERR,ERR,ERR,ERR,ERR,ERR,ERR,ERR,ERR,ERR,ERR,ERR,ERR,ERR,ERR,ERR,ERR,ERR,ERR,ERR,ERR,ERR,ERR,ERR,ERR,ERR,ERR,ERR,ERR,ERR,ERR,ERR,ERR,ERR,ERR,ERR,ERR,ERR,ERR,ERR,ERR,ERR,ERR,ERR,ERR,ERR,ERR,ERR,ERR,ERR,ERR,ERR,ERR,ERR,ERR,ERR,ERR,ERR,ERR,ERR,ERR,ERR,ERR,ERR,ERR,ERR,ERR,ERR,ERR,ERR,ERR,ERR,-107615240.0,0.0,-117832800.0,0.0,0.0,0.0,0.0,nan,0,0,0,32768,0,0.0,0,0.0,0.0,0.0,0.0,0.0,0,0,0,0,0.0,0,0,0,0,0,0,0,0,0,0,0,0,0,0,0,0,0,0,0,0,0,0,0,0,0,0,0,0,0,0,0,0,0,0,0,0,0,0,0,0,0,0,0,0,0.0,0.0,0.0,0.0,0.0,0.0,0.0,0.0,0.0,0.0,0.0,0.0,0.0,0.0,0.0,0.0,0.0,0.0,0.0,0.0,0.0,0.0,2.004,-0.0,-2.004,-2.004,0.0,0.0,0.0,0.0,3351.5,-0.0,0.0,-107615240.0,0.0,-0.0,-0.0,0.0,0.0,0.0,0.0,0,-1.9056958870913024e+17,0.0,0.0,0.0,0.0,0.0,0.0,0.0,0.0,0,0,0,0.0,0.0,0.0,0.0,0.0,0.0,0.0,0.0,0.0,0.0,0.0,0.0,0.0,0.0,0.0,0.0,0,-107875648.0,0,0.0,0,-107875648.0,-107877712.0,0,39322,17038,0,17053,26215,17037,0,0,0,110,100,100,0.0,64.0,0.0,64.9,-107615304.0,68.5,1,49,50,180,0,13107,0,0,0.0,0.0,0.0,0.0,0.0,65.5,0.0,-31508932853760.0,0.0,645,0,686,0,0,0,713,0,785,0,707,0,689,0,645,0,640,0,618,0.032,36700160.0,-0.0,0.0,24464,16789,0.0,-31508932853760.0,0.0,2.0971721852206634e+34,-990694806126592.0,-0.003,29.0,60.0,70,0.0,0.0,0.0,0.0,0.0,0.0,0.0,0.0,0.0,0.0,0.0,0.0,0.0,0.0,0.0,0.0,59.2,68,12,65509,41,65476,0,300,0,0,8,20529,65476,0,0,61604,60.0,0.0,0.0,0.0,0.0,0.0
2026-04-04T11:49:26,ERR,ERR,ERR,ERR,ERR,ERR,ERR,ERR,ERR,ERR,ERR,ERR,ERR,ERR,ERR,ERR,ERR,ERR,ERR,ERR,ERR,ERR,ERR,ERR,ERR,ERR,ERR,ERR,ERR,ERR,ERR,ERR,ERR,ERR,ERR,ERR,ERR,ERR,ERR,ERR,ERR,ERR,ERR,ERR,ERR,ERR,ERR,ERR,ERR,ERR,ERR,ERR,ERR,ERR,ERR,ERR,ERR,ERR,ERR,ERR,ERR,ERR,ERR,ERR,ERR,ERR,ERR,ERR,ERR,ERR,ERR,ERR,ERR,ERR,ERR,ERR,ERR,ERR,ERR,ERR,ERR,ERR,ERR,ERR,ERR,ERR,ERR,ERR,ERR,ERR,ERR,ERR,ERR,ERR,ERR,ERR,ERR,ERR,ERR,ERR,ERR,ERR,ERR,ERR,ERR,ERR,ERR,ERR,ERR,ERR,ERR,ERR,ERR,ERR,ERR,ERR,ERR,ERR,ERR,ERR,ERR,ERR,ERR,ERR,ERR,-107615240.0,0.0,-117832800.0,0.0,0.0,0.0,0.0,nan,0,0,0,32768,0,0.0,0,0.0,0.0,0.0,0.0,0.0,0,0,0,0,0.0,0,0,0,0,0,0,0,0,0,0,0,0,0,0,0,0,0,0,0,0,0,0,0,0,0,0,0,0,0,0,0,0,0,0,0,0,0,0,0,0,0,0,0,0,0.0,0.0,0.0,0.0,0.0,0.0,0.0,0.0,0.0,0.0,0.0,0.0,0.0,0.0,0.0,0.0,0.0,0.0,0.0,0.0,0.0,0.0,2.004,-0.0,-2.004,-2.004,0.0,0.0,0.0,0.0,3351.5,-0.0,0.0,-107615240.0,0.0,-0.0,-0.0,0.0,0.0,0.0,0.0,0,-1.9056958870913024e+17,0.0,0.0,0.0,0.0,0.0,0.0,0.0,0.0,0,0,0,0.0,0.0,0.0,0.0,0.0,0.0,0.0,0.0,0.0,0.0,0.0,0.0,0.0,0.0,0.0,0.0,0,-107875648.0,0,0.0,0,-107875648.0,-107877712.0,0,39322,17038,0,17053,26215,17037,0,0,0,110,100,100,0.0,64.0,0.0,64.9,-107615304.0,68.5,1,49,50,180,0,13107,0,0,0.0,0.0,0.0,0.0,0.0,65.5,0.0,-31508932853760.0,0.0,645,0,686,0,0,0,713,0,785,0,707,0,689,0,645,0,640,0,618,0.032,36700160.0,-0.0,0.0,24464,16789,0.0,-31508932853760.0,0.0,2.0971721852206634e+34,-990694806126592.0,-0.003,29.0,60.0,70,0.0,0.0,0.0,0.0,0.0,0.0,0.0,0.0,0.0,0.0,0.0,0.0,0.0,0.0,0.0,0.0,59.2,68,12,65509,41,65476,0,300,0,0,8,20529,65476,0,0,61604,60.0,0.0,0.0,0.0,0.0,0.0
2026-04-04T11:49:27,ERR,ERR,ERR,ERR,ERR,ERR,ERR,ERR,ERR,ERR,ERR,ERR,ERR,ERR,ERR,ERR,ERR,ERR,ERR,ERR,ERR,ERR,ERR,ERR,ERR,ERR,ERR,ERR,ERR,ERR,ERR,ERR,ERR,ERR,ERR,ERR,ERR,ERR,ERR,ERR,ERR,ERR,ERR,ERR,ERR,ERR,ERR,ERR,ERR,ERR,ERR,ERR,ERR,ERR,ERR,ERR,ERR,ERR,ERR,ERR,ERR,ERR,ERR,ERR,ERR,ERR,ERR,ERR,ERR,ERR,ERR,ERR,ERR,ERR,ERR,ERR,ERR,ERR,ERR,ERR,ERR,ERR,ERR,ERR,ERR,ERR,ERR,ERR,ERR,ERR,ERR,ERR,ERR,ERR,ERR,ERR,ERR,ERR,ERR,ERR,ERR,ERR,ERR,ERR,ERR,ERR,ERR,ERR,ERR,ERR,ERR,ERR,ERR,ERR,ERR,ERR,ERR,ERR,ERR,ERR,ERR,ERR,ERR,ERR,ERR,-107615240.0,0.0,-117832800.0,0.0,0.0,0.0,0.0,nan,0,0,0,32768,0,0.0,0,0.0,0.0,0.0,0.0,0.0,0,0,0,0,0.0,0,0,0,0,0,0,0,0,0,0,0,0,0,0,0,0,0,0,0,0,0,0,0,0,0,0,0,0,0,0,0,0,0,0,0,0,0,0,0,0,0,0,0,0,0.0,0.0,0.0,0.0,0.0,0.0,0.0,0.0,0.0,0.0,0.0,0.0,0.0,0.0,0.0,0.0,0.0,0.0,0.0,0.0,0.0,0.0,2.004,-0.0,-2.004,-2.004,0.0,0.0,0.0,0.0,3351.5,-0.0,0.0,-107615240.0,0.0,-0.0,-0.0,0.0,0.0,0.0,0.0,0,-1.9056958870913024e+17,0.0,0.0,0.0,0.0,0.0,0.0,0.0,0.0,0,0,0,0.0,0.0,0.0,0.0,0.0,0.0,0.0,0.0,0.0,0.0,0.0,0.0,0.0,0.0,0.0,0.0,0,-107875648.0,0,0.0,0,-107875648.0,-107877712.0,0,39322,17038,0,17053,26215,17037,0,0,0,110,100,100,0.0,64.0,0.0,64.9,-107615304.0,68.5,1,49,50,180,0,13107,0,0,0.0,0.0,0.0,0.0,0.0,65.5,0.0,-31508932853760.0,0.0,645,0,686,0,0,0,713,0,785,0,707,0,689,0,645,0,640,0,618,0.032,36700160.0,-0.0,0.0,24464,16789,0.0,-31508932853760.0,0.0,2.0971721852206634e+34,-990694806126592.0,-0.003,29.0,60.0,70,0.0,0.0,0.0,0.0,0.0,0.0,0.0,0.0,0.0,0.0,0.0,0.0,0.0,0.0,0.0,0.0,59.2,68,12,65509,41,65476,0,300,0,0,8,20529,65476,0,0,61604,60.0,0.0,0.0,0.0,0.0,0.0
2026-04-04T11:49:28,ERR,ERR,ERR,ERR,ERR,ERR,ERR,ERR,ERR,ERR,ERR,ERR,ERR,ERR,ERR,ERR,ERR,ERR,ERR,ERR,ERR,ERR,ERR,ERR,ERR,ERR,ERR,ERR,ERR,ERR,ERR,ERR,ERR,ERR,ERR,ERR,ERR,ERR,ERR,ERR,ERR,ERR,ERR,ERR,ERR,ERR,ERR,ERR,ERR,ERR,ERR,ERR,ERR,ERR,ERR,ERR,ERR,ERR,ERR,ERR,ERR,ERR,ERR,ERR,ERR,ERR,ERR,ERR,ERR,ERR,ERR,ERR,ERR,ERR,ERR,ERR,ERR,ERR,ERR,ERR,ERR,ERR,ERR,ERR,ERR,ERR,ERR,ERR,ERR,ERR,ERR,ERR,ERR,ERR,ERR,ERR,ERR,ERR,ERR,ERR,ERR,ERR,ERR,ERR,ERR,ERR,ERR,ERR,ERR,ERR,ERR,ERR,ERR,ERR,ERR,ERR,ERR,ERR,ERR,ERR,ERR,ERR,ERR,ERR,ERR,-107615240.0,0.0,-117832800.0,0.0,0.0,0.0,0.0,nan,0,0,0,32768,0,0.0,0,0.0,0.0,0.0,0.0,0.0,0,0,0,0,0.0,0,0,0,0,0,0,0,0,0,0,0,0,0,0,0,0,0,0,0,0,0,0,0,0,0,0,0,0,0,0,0,0,0,0,0,0,0,0,0,0,0,0,0,0,0.0,0.0,0.0,0.0,0.0,0.0,0.0,0.0,0.0,0.0,0.0,0.0,0.0,0.0,0.0,0.0,0.0,0.0,0.0,0.0,0.0,0.0,2.004,-0.0,-2.004,-2.004,0.0,0.0,0.0,0.0,3351.5,-0.0,0.0,-107615240.0,0.0,-0.0,-0.0,0.0,0.0,0.0,0.0,0,-1.9056958870913024e+17,0.0,0.0,0.0,0.0,0.0,0.0,0.0,0.0,0,0,0,0.0,0.0,0.0,0.0,0.0,0.0,0.0,0.0,0.0,0.0,0.0,0.0,0.0,0.0,0.0,0.0,0,-107875648.0,0,0.0,0,-107875648.0,-107877712.0,0,39322,17038,0,17053,26215,17037,0,0,0,110,100,100,0.0,64.0,0.0,64.9,-107615304.0,68.5,1,49,50,180,0,13107,0,0,0.0,0.0,0.0,0.0,0.0,65.5,0.0,-31508932853760.0,0.0,645,0,686,0,0,0,713,0,785,0,707,0,689,0,645,0,640,0,618,0.032,36700160.0,-0.0,0.0,24464,16789,0.0,-31508932853760.0,0.0,2.0971721852206634e+34,-990694806126592.0,-0.003,29.0,60.0,70,0.0,0.0,0.0,0.0,0.0,0.0,0.0,0.0,0.0,0.0,0.0,0.0,0.0,0.0,0.0,0.0,59.2,68,12,65509,41,65476,0,300,0,0,8,20529,65476,0,0,61604,60.0,0.0,0.0,0.0,0.0,0.0
2026-04-04T11:49:29,ERR,ERR,ERR,ERR,ERR,ERR,ERR,ERR,ERR,ERR,ERR,ERR,ERR,ERR,ERR,ERR,ERR,ERR,ERR,ERR,ERR,ERR,ERR,ERR,ERR,ERR,ERR,ERR,ERR,ERR,ERR,ERR,ERR,ERR,ERR,ERR,ERR,ERR,ERR,ERR,ERR,ERR,ERR,ERR,ERR,ERR,ERR,ERR,ERR,ERR,ERR,ERR,ERR,ERR,ERR,ERR,ERR,ERR,ERR,ERR,ERR,ERR,ERR,ERR,ERR,ERR,ERR,ERR,ERR,ERR,ERR,ERR,ERR,ERR,ERR,ERR,ERR,ERR,ERR,ERR,ERR,ERR,ERR,ERR,ERR,ERR,ERR,ERR,ERR,ERR,ERR,ERR,ERR,ERR,ERR,ERR,ERR,ERR,ERR,ERR,ERR,ERR,ERR,ERR,ERR,ERR,ERR,ERR,ERR,ERR,ERR,ERR,ERR,ERR,ERR,ERR,ERR,ERR,ERR,ERR,ERR,ERR,ERR,ERR,ERR,-107615240.0,0.0,-117832800.0,0.0,0.0,0.0,0.0,nan,0,0,0,32768,0,0.0,0,0.0,0.0,0.0,0.0,0.0,0,0,0,0,0.0,0,0,0,0,0,0,0,0,0,0,0,0,0,0,0,0,0,0,0,0,0,0,0,0,0,0,0,0,0,0,0,0,0,0,0,0,0,0,0,0,0,0,0,0,0.0,0.0,0.0,0.0,0.0,0.0,0.0,0.0,0.0,0.0,0.0,0.0,0.0,0.0,0.0,0.0,0.0,0.0,0.0,0.0,0.0,0.0,2.004,-0.0,-2.004,-2.004,0.0,0.0,0.0,0.0,3351.5,-0.0,0.0,-107615240.0,0.0,-0.0,-0.0,0.0,0.0,0.0,0.0,0,-1.9056958870913024e+17,0.0,0.0,0.0,0.0,0.0,0.0,0.0,0.0,0,0,0,0.0,0.0,0.0,0.0,0.0,0.0,0.0,0.0,0.0,0.0,0.0,0.0,0.0,0.0,0.0,0.0,0,-107875648.0,0,0.0,0,-107875648.0,-107877712.0,0,39322,17038,0,17053,26215,17037,0,0,0,110,100,100,0.0,64.0,0.0,64.9,-107615304.0,68.5,1,49,50,180,0,13107,0,0,0.0,0.0,0.0,0.0,0.0,65.5,0.0,-31508932853760.0,0.0,645,0,686,0,0,0,713,0,785,0,707,0,689,0,645,0,640,0,618,0.032,36700160.0,-0.0,0.0,24464,16789,0.0,-31508932853760.0,0.0,2.0971721852206634e+34,-990694806126592.0,-0.003,29.0,60.0,70,0.0,0.0,0.0,0.0,0.0,0.0,0.0,0.0,0.0,0.0,0.0,0.0,0.0,0.0,0.0,0.0,59.2,68,12,65509,41,65476,0,300,0,0,8,20529,65476,0,0,61604,60.0,0.0,0.0,0.0,0.0,0.0
2026-04-04T11:49:30,ERR,ERR,ERR,ERR,ERR,ERR,ERR,ERR,ERR,ERR,ERR,ERR,ERR,ERR,ERR,ERR,ERR,ERR,ERR,ERR,ERR,ERR,ERR,ERR,ERR,ERR,ERR,ERR,ERR,ERR,ERR,ERR,ERR,ERR,ERR,ERR,ERR,ERR,ERR,ERR,ERR,ERR,ERR,ERR,ERR,ERR,ERR,ERR,ERR,ERR,ERR,ERR,ERR,ERR,ERR,ERR,ERR,ERR,ERR,ERR,ERR,ERR,ERR,ERR,ERR,ERR,ERR,ERR,ERR,ERR,ERR,ERR,ERR,ERR,ERR,ERR,ERR,ERR,ERR,ERR,ERR,ERR,ERR,ERR,ERR,ERR,ERR,ERR,ERR,ERR,ERR,ERR,ERR,ERR,ERR,ERR,ERR,ERR,ERR,ERR,ERR,ERR,ERR,ERR,ERR,ERR,ERR,ERR,ERR,ERR,ERR,ERR,ERR,ERR,ERR,ERR,ERR,ERR,ERR,ERR,ERR,ERR,ERR,ERR,ERR,-107615240.0,0.0,-117832800.0,0.0,0.0,0.0,0.0,nan,0,0,0,32768,0,0.0,0,0.0,0.0,0.0,0.0,0.0,0,0,0,0,0.0,0,0,0,0,0,0,0,0,0,0,0,0,0,0,0,0,0,0,0,0,0,0,0,0,0,0,0,0,0,0,0,0,0,0,0,0,0,0,0,0,0,0,0,0,0.0,0.0,0.0,0.0,0.0,0.0,0.0,0.0,0.0,0.0,0.0,0.0,0.0,0.0,0.0,0.0,0.0,0.0,0.0,0.0,0.0,0.0,2.004,-0.0,-2.004,-2.004,0.0,0.0,0.0,0.0,3351.5,-0.0,0.0,-107615240.0,0.0,-0.0,-0.0,0.0,0.0,0.0,0.0,0,-1.9056958870913024e+17,0.0,0.0,0.0,0.0,0.0,0.0,0.0,0.0,0,0,0,0.0,0.0,0.0,0.0,0.0,0.0,0.0,0.0,0.0,0.0,0.0,0.0,0.0,0.0,0.0,0.0,0,-107875648.0,0,0.0,0,-107875648.0,-107877712.0,0,39322,17038,0,17053,26215,17037,0,0,0,110,100,100,0.0,64.0,0.0,64.9,-107615304.0,68.5,1,49,50,180,0,13107,0,0,0.0,0.0,0.0,0.0,77.13,65.5,0.0,-3.0732809726449326e+29,0.0,645,0,686,0,0,0,713,0,785,0,707,0,688,0,646,0,640,0,618,0.032,36962304.0,-0.0,0.0,33680,16789,0.0,-3.0732809726449326e+29,1.7212508107577607e+31,2.788227601903746e+36,0.0,0.0,29.0,60.0,70,0.0,0.0,0.0,0.0,0.0,0.0,0.0,0.0,0.0,0.0,0.0,0.0,0.0,0.0,0.0,0.0,59.2,68,12,65509,41,65476,0,300,0,0,8,20529,65476,0,0,61604,60.0,0.0,0.0,0.0,0.0,0.0
2026-04-04T11:49:31,ERR,ERR,ERR,ERR,ERR,ERR,ERR,ERR,ERR,ERR,ERR,ERR,ERR,ERR,ERR,ERR,ERR,ERR,ERR,ERR,ERR,ERR,ERR,ERR,ERR,ERR,ERR,ERR,ERR,ERR,ERR,ERR,ERR,ERR,ERR,ERR,ERR,ERR,ERR,ERR,ERR,ERR,ERR,ERR,ERR,ERR,ERR,ERR,ERR,ERR,ERR,ERR,ERR,ERR,ERR,ERR,ERR,ERR,ERR,ERR,ERR,ERR,ERR,ERR,ERR,ERR,ERR,ERR,ERR,ERR,ERR,ERR,ERR,ERR,ERR,ERR,ERR,ERR,ERR,ERR,ERR,ERR,ERR,ERR,ERR,ERR,ERR,ERR,ERR,ERR,ERR,ERR,ERR,ERR,ERR,ERR,ERR,ERR,ERR,ERR,ERR,ERR,ERR,ERR,ERR,ERR,ERR,ERR,ERR,ERR,ERR,ERR,ERR,ERR,ERR,ERR,ERR,ERR,ERR,ERR,ERR,ERR,ERR,ERR,ERR,-107615240.0,0.0,-117832800.0,0.0,0.0,0.0,0.0,nan,0,0,0,32768,0,0.0,0,0.0,0.0,0.0,0.0,0.0,0,0,0,0,0.0,0,0,0,0,0,0,0,0,0,0,0,0,0,0,0,0,0,0,0,0,0,0,0,0,0,0,0,0,0,0,0,0,0,0,0,0,0,0,0,0,0,0,0,0,0.0,0.0,0.0,0.0,0.0,0.0,0.0,0.0,0.0,0.0,0.0,0.0,0.0,0.0,0.0,0.0,0.0,0.0,0.0,0.0,0.0,0.0,2.004,-0.0,0.0,-2.004,0.0,0.0,0.0,0.0,3354.0,-0.0,0.0,-107615240.0,0.0,-0.0,-0.0,0.0,0.0,0.0,0.0,0,-4.0668755697950344e+29,0.0,0.0,0.0,0.0,0.0,0.0,0.0,0.0,0,0,0,0.0,0.0,0.0,0.0,0.0,0.0,0.0,0.0,0.0,0.0,0.0,0.0,0.0,0.0,0.0,0.0,0,-107875648.0,0,0.0,0,-107875648.0,-107877712.0,0,39322,17038,0,17053,26215,17037,0,0,0,110,100,100,0.0,64.0,0.0,64.9,-107615304.0,68.5,1,49,50,180,0,13107,0,0,0.0,0.0,0.0,0.0,77.13,65.5,0.0,-3.0732809726449326e+29,0.0,645,0,686,0,0,0,713,0,785,0,707,0,688,0,646,0,640,0,618,0.032,36962304.0,-0.0,0.0,33680,16789,0.0,-3.0732809726449326e+29,1.7212508107577607e+31,2.788227601903746e+36,0.0,0.0,29.0,60.0,70,0.0,0.0,0.0,0.0,0.0,0.0,0.0,0.0,0.0,0.0,0.0,0.0,0.0,0.0,0.0,0.0,59.2,68,12,65509,41,65476,0,300,0,0,8,20529,65476,0,0,61604,60.0,0.0,0.0,0.0,0.0,0.0
2026-04-04T11:49:32,ERR,ERR,ERR,ERR,ERR,ERR,ERR,ERR,ERR,ERR,ERR,ERR,ERR,ERR,ERR,ERR,ERR,ERR,ERR,ERR,ERR,ERR,ERR,ERR,ERR,ERR,ERR,ERR,ERR,ERR,ERR,ERR,ERR,ERR,ERR,ERR,ERR,ERR,ERR,ERR,ERR,ERR,ERR,ERR,ERR,ERR,ERR,ERR,ERR,ERR,ERR,ERR,ERR,ERR,ERR,ERR,ERR,ERR,ERR,ERR,ERR,ERR,ERR,ERR,ERR,ERR,ERR,ERR,ERR,ERR,ERR,ERR,ERR,ERR,ERR,ERR,ERR,ERR,ERR,ERR,ERR,ERR,ERR,ERR,ERR,ERR,ERR,ERR,ERR,ERR,ERR,ERR,ERR,ERR,ERR,ERR,ERR,ERR,ERR,ERR,ERR,ERR,ERR,ERR,ERR,ERR,ERR,ERR,ERR,ERR,ERR,ERR,ERR,ERR,ERR,ERR,ERR,ERR,ERR,ERR,ERR,ERR,ERR,ERR,ERR,-107615240.0,0.0,-117832800.0,0.0,0.0,0.0,0.0,nan,0,0,0,32768,0,0.0,0,0.0,0.0,0.0,0.0,0.0,0,0,0,0,0.0,0,0,0,0,0,0,0,0,0,0,0,0,0,0,0,0,0,0,0,0,0,0,0,0,0,0,0,0,0,0,0,0,0,0,0,0,0,0,0,0,0,0,0,0,0.0,0.0,0.0,0.0,0.0,0.0,0.0,0.0,0.0,0.0,0.0,0.0,0.0,0.0,0.0,0.0,0.0,0.0,0.0,0.0,0.0,0.0,2.004,-0.0,0.0,-2.004,0.0,0.0,0.0,0.0,3354.0,-0.0,0.0,-107615240.0,0.0,-0.0,-0.0,0.0,0.0,0.0,0.0,0,-4.0668755697950344e+29,0.0,0.0,0.0,0.0,0.0,0.0,0.0,0.0,0,0,0,0.0,0.0,0.0,0.0,0.0,0.0,0.0,0.0,0.0,0.0,0.0,0.0,0.0,0.0,0.0,0.0,0,-107875648.0,0,0.0,0,-107875648.0,-107877712.0,0,39322,17038,0,17053,26215,17037,0,0,0,110,100,100,0.0,64.0,0.0,64.9,-107615304.0,68.5,1,49,50,180,0,13107,0,0,0.0,0.0,0.0,0.0,77.13,65.5,0.0,-3.0732809726449326e+29,0.0,645,0,686,0,0,0,713,0,785,0,707,0,688,0,646,0,640,0,618,0.032,36962304.0,-0.0,0.0,33680,16789,0.0,-3.0732809726449326e+29,1.7212508107577607e+31,2.788227601903746e+36,0.0,0.0,29.0,60.0,70,0.0,0.0,0.0,0.0,0.0,0.0,0.0,0.0,0.0,0.0,0.0,0.0,0.0,0.0,0.0,0.0,59.2,68,12,65509,41,65476,0,300,0,0,8,20529,65476,0,0,61604,60.0,0.0,0.0,0.0,0.0,0.0
2026-04-04T11:49:33,ERR,ERR,ERR,ERR,ERR,ERR,ERR,ERR,ERR,ERR,ERR,ERR,ERR,ERR,ERR,ERR,ERR,ERR,ERR,ERR,ERR,ERR,ERR,ERR,ERR,ERR,ERR,ERR,ERR,ERR,ERR,ERR,ERR,ERR,ERR,ERR,ERR,ERR,ERR,ERR,ERR,ERR,ERR,ERR,ERR,ERR,ERR,ERR,ERR,ERR,ERR,ERR,ERR,ERR,ERR,ERR,ERR,ERR,ERR,ERR,ERR,ERR,ERR,ERR,ERR,ERR,ERR,ERR,ERR,ERR,ERR,ERR,ERR,ERR,ERR,ERR,ERR,ERR,ERR,ERR,ERR,ERR,ERR,ERR,ERR,ERR,ERR,ERR,ERR,ERR,ERR,ERR,ERR,ERR,ERR,ERR,ERR,ERR,ERR,ERR,ERR,ERR,ERR,ERR,ERR,ERR,ERR,ERR,ERR,ERR,ERR,ERR,ERR,ERR,ERR,ERR,ERR,ERR,ERR,ERR,ERR,ERR,ERR,ERR,ERR,-107615240.0,0.0,-117832800.0,0.0,0.0,0.0,0.0,nan,0,0,0,32768,0,0.0,0,0.0,0.0,0.0,0.0,0.0,0,0,0,0,0.0,0,0,0,0,0,0,0,0,0,0,0,0,0,0,0,0,0,0,0,0,0,0,0,0,0,0,0,0,0,0,0,0,0,0,0,0,0,0,0,0,0,0,0,0,0.0,0.0,0.0,0.0,0.0,0.0,0.0,0.0,0.0,0.0,0.0,0.0,0.0,0.0,0.0,0.0,0.0,0.0,0.0,0.0,0.0,0.0,2.004,-0.0,0.0,-2.004,0.0,0.0,0.0,0.0,3354.0,-0.0,0.0,-107615240.0,0.0,-0.0,-0.0,0.0,0.0,0.0,0.0,0,-4.0668755697950344e+29,0.0,0.0,0.0,0.0,0.0,0.0,0.0,0.0,0,0,0,0.0,0.0,0.0,0.0,0.0,0.0,0.0,0.0,0.0,0.0,0.0,0.0,0.0,0.0,0.0,0.0,0,-107875648.0,0,0.0,0,-107875648.0,-107877712.0,0,39322,17038,0,17053,26215,17037,0,0,0,110,100,100,0.0,64.0,0.0,64.9,-107615304.0,68.5,1,49,50,180,0,13107,0,0,0.0,0.0,0.0,0.0,77.13,65.5,0.0,-3.0732809726449326e+29,0.0,645,0,686,0,0,0,713,0,785,0,707,0,688,0,646,0,640,0,618,0.032,36962304.0,-0.0,0.0,33680,16789,0.0,-3.0732809726449326e+29,1.7212508107577607e+31,2.788227601903746e+36,0.0,0.0,29.0,60.0,70,0.0,0.0,0.0,0.0,0.0,0.0,0.0,0.0,0.0,0.0,0.0,0.0,0.0,0.0,0.0,0.0,59.6,68,12,65509,41,65476,0,300,0,0,8,20529,65476,0,0,61604,60.0,0.0,0.0,0.0,0.0,0.0
2026-04-04T11:49:34,ERR,ERR,ERR,ERR,ERR,ERR,ERR,ERR,ERR,ERR,ERR,ERR,ERR,ERR,ERR,ERR,ERR,ERR,ERR,ERR,ERR,ERR,ERR,ERR,ERR,ERR,ERR,ERR,ERR,ERR,ERR,ERR,ERR,ERR,ERR,ERR,ERR,ERR,ERR,ERR,ERR,ERR,ERR,ERR,ERR,ERR,ERR,ERR,ERR,ERR,ERR,ERR,ERR,ERR,ERR,ERR,ERR,ERR,ERR,ERR,ERR,ERR,ERR,ERR,ERR,ERR,ERR,ERR,ERR,ERR,ERR,ERR,ERR,ERR,ERR,ERR,ERR,ERR,ERR,ERR,ERR,ERR,ERR,ERR,ERR,ERR,ERR,ERR,ERR,ERR,ERR,ERR,ERR,ERR,ERR,ERR,ERR,ERR,ERR,ERR,ERR,ERR,ERR,ERR,ERR,ERR,ERR,ERR,ERR,ERR,ERR,ERR,ERR,ERR,ERR,ERR,ERR,ERR,ERR,ERR,ERR,ERR,ERR,ERR,ERR,-107615240.0,0.0,-117832800.0,0.0,0.0,0.0,0.0,nan,0,0,0,32768,0,0.0,0,0.0,0.0,0.0,0.0,0.0,0,0,0,0,0.0,0,0,0,0,0,0,0,0,0,0,0,0,0,0,0,0,0,0,0,0,0,0,0,0,0,0,0,0,0,0,0,0,0,0,0,0,0,0,0,0,0,0,0,0,0.0,0.0,0.0,0.0,0.0,0.0,0.0,0.0,0.0,0.0,0.0,0.0,0.0,0.0,0.0,0.0,0.0,0.0,0.0,0.0,0.0,0.0,2.004,-0.0,0.0,-2.004,0.0,0.0,0.0,0.0,3354.0,-0.0,0.0,-107615240.0,0.0,-0.0,-0.0,0.0,0.0,0.0,0.0,0,-4.0668755697950344e+29,0.0,0.0,0.0,0.0,0.0,0.0,0.0,0.0,0,0,0,0.0,0.0,0.0,0.0,0.0,0.0,0.0,0.0,0.0,0.0,0.0,0.0,0.0,0.0,0.0,0.0,0,-107875648.0,0,0.0,0,-107875648.0,-107877712.0,0,39322,17038,0,17053,26215,17037,0,0,0,110,100,100,0.0,64.0,0.0,64.9,-107615304.0,68.5,1,49,50,180,0,13107,0,0,0.0,0.0,0.0,0.0,77.13,65.5,0.0,-3.0732809726449326e+29,0.0,645,0,686,0,0,0,713,0,785,0,707,0,688,0,646,0,640,0,618,0.032,36962304.0,-0.0,0.0,33680,16789,0.0,-3.0732809726449326e+29,1.7212508107577607e+31,2.788227601903746e+36,0.0,0.0,29.0,60.0,70,0.0,0.0,0.0,0.0,0.0,0.0,0.0,0.0,0.0,0.0,0.0,0.0,0.0,0.0,0.0,0.0,59.6,68,12,65509,41,65476,0,300,0,0,8,20529,65476,0,0,61604,60.0,0.0,0.0,0.0,0.0,0.0
2026-04-04T11:49:35,ERR,ERR,ERR,ERR,ERR,ERR,ERR,ERR,ERR,ERR,ERR,ERR,ERR,ERR,ERR,ERR,ERR,ERR,ERR,ERR,ERR,ERR,ERR,ERR,ERR,ERR,ERR,ERR,ERR,ERR,ERR,ERR,ERR,ERR,ERR,ERR,ERR,ERR,ERR,ERR,ERR,ERR,ERR,ERR,ERR,ERR,ERR,ERR,ERR,ERR,ERR,ERR,ERR,ERR,ERR,ERR,ERR,ERR,ERR,ERR,ERR,ERR,ERR,ERR,ERR,ERR,ERR,ERR,ERR,ERR,ERR,ERR,ERR,ERR,ERR,ERR,ERR,ERR,ERR,ERR,ERR,ERR,ERR,ERR,ERR,ERR,ERR,ERR,ERR,ERR,ERR,ERR,ERR,ERR,ERR,ERR,ERR,ERR,ERR,ERR,ERR,ERR,ERR,ERR,ERR,ERR,ERR,ERR,ERR,ERR,ERR,ERR,ERR,ERR,ERR,ERR,ERR,ERR,ERR,ERR,ERR,ERR,ERR,ERR,ERR,-107615240.0,0.0,-117832800.0,0.0,0.0,0.0,0.0,nan,0,0,0,32768,0,0.0,0,0.0,0.0,0.0,0.0,0.0,0,0,0,0,0.0,0,0,0,0,0,0,0,0,0,0,0,0,0,0,0,0,0,0,0,0,0,0,0,0,0,0,0,0,0,0,0,0,0,0,0,0,0,0,0,0,0,0,0,0,0.0,0.0,0.0,0.0,0.0,0.0,0.0,0.0,0.0,0.0,0.0,0.0,0.0,0.0,0.0,0.0,0.0,0.0,0.0,0.0,0.0,0.0,2.004,-0.0,0.0,-2.004,0.0,0.0,0.0,0.0,3354.0,-0.0,0.0,-107615240.0,0.0,-0.0,-0.0,0.0,0.0,0.0,0.0,0,-4.0668755697950344e+29,0.0,0.0,0.0,0.0,0.0,0.0,0.0,0.0,0,0,0,0.0,0.0,0.0,0.0,0.0,0.0,0.0,0.0,0.0,0.0,0.0,0.0,0.0,0.0,0.0,0.0,0,-107875648.0,0,0.0,0,-107875648.0,-107877712.0,0,39322,17038,0,17053,26215,17037,0,0,0,110,100,100,0.0,64.0,0.0,64.9,-107615304.0,68.5,1,49,50,180,0,13107,0,0,0.0,0.0,0.0,0.0,77.13,65.5,0.0,-3.0732809726449326e+29,0.0,645,0,686,0,0,0,713,0,785,0,707,0,688,0,646,0,640,0,618,0.032,36962304.0,-0.0,0.0,33680,16789,0.0,-3.0732809726449326e+29,1.7212508107577607e+31,2.788227601903746e+36,0.0,0.0,29.0,60.0,70,0.0,0.0,0.0,0.0,0.0,0.0,0.0,0.0,0.0,0.0,0.0,0.0,0.0,0.0,0.0,0.0,59.6,68,12,65509,41,65476,0,300,0,0,8,20529,65476,0,0,61604,60.0,0.0,0.0,0.0,0.0,0.0
2026-04-04T11:49:36,ERR,ERR,ERR,ERR,ERR,ERR,ERR,ERR,ERR,ERR,ERR,ERR,ERR,ERR,ERR,ERR,ERR,ERR,ERR,ERR,ERR,ERR,ERR,ERR,ERR,ERR,ERR,ERR,ERR,ERR,ERR,ERR,ERR,ERR,ERR,ERR,ERR,ERR,ERR,ERR,ERR,ERR,ERR,ERR,ERR,ERR,ERR,ERR,ERR,ERR,ERR,ERR,ERR,ERR,ERR,ERR,ERR,ERR,ERR,ERR,ERR,ERR,ERR,ERR,ERR,ERR,ERR,ERR,ERR,ERR,ERR,ERR,ERR,ERR,ERR,ERR,ERR,ERR,ERR,ERR,ERR,ERR,ERR,ERR,ERR,ERR,ERR,ERR,ERR,ERR,ERR,ERR,ERR,ERR,ERR,ERR,ERR,ERR,ERR,ERR,ERR,ERR,ERR,ERR,ERR,ERR,ERR,ERR,ERR,ERR,ERR,ERR,ERR,ERR,ERR,ERR,ERR,ERR,ERR,ERR,ERR,ERR,ERR,ERR,ERR,-107615240.0,0.0,-117832800.0,0.0,0.0,0.0,0.0,nan,0,0,0,32768,0,0.0,0,0.0,0.0,0.0,0.0,0.0,0,0,0,0,0.0,0,0,0,0,0,0,0,0,0,0,0,0,0,0,0,0,0,0,0,0,0,0,0,0,0,0,0,0,0,0,0,0,0,0,0,0,0,0,0,0,0,0,0,0,0.0,0.0,0.0,0.0,0.0,0.0,0.0,0.0,0.0,0.0,0.0,0.0,0.0,0.0,0.0,0.0,0.0,0.0,0.0,0.0,0.0,0.0,2.004,-0.0,0.0,-2.004,0.0,0.0,0.0,0.0,3354.0,-0.0,0.0,-107615240.0,0.0,-0.0,-0.0,0.0,0.0,0.0,0.0,0,-4.0668755697950344e+29,0.0,0.0,0.0,0.0,0.0,0.0,0.0,0.0,0,0,0,0.0,0.0,0.0,0.0,0.0,0.0,0.0,0.0,0.0,0.0,0.0,0.0,0.0,0.0,0.0,0.0,0,-107875648.0,0,0.0,0,-107875648.0,-107877712.0,0,39322,17038,0,17053,26215,17037,0,0,0,110,100,100,0.0,64.0,0.0,64.9,-0.0,68.5,1,49,50,180,0,13107,0,0,0.0,0.0,0.0,0.0,0.007,65.5,0.0,0.0,0.0,645,0,686,0,0,0,713,0,785,0,707,0,689,0,645,0,640,0,618,0.032,36962304.0,-0.0,0.0,27280,16789,488.52,0.0,-0.0,8732562.0,0.001,0.014,29.0,60.0,70,0.0,0.0,0.0,0.0,0.0,0.0,0.0,0.0,0.0,0.0,0.0,0.0,0.0,0.0,0.0,0.0,59.6,68,12,65509,41,65476,0,300,0,0,8,20529,65476,0,0,61604,60.0,0.0,0.0,0.0,0.0,0.0
2026-04-04T11:49:37,ERR,ERR,ERR,ERR,ERR,ERR,ERR,ERR,ERR,ERR,ERR,ERR,ERR,ERR,ERR,ERR,ERR,ERR,ERR,ERR,ERR,ERR,ERR,ERR,ERR,ERR,ERR,ERR,ERR,ERR,ERR,ERR,ERR,ERR,ERR,ERR,ERR,ERR,ERR,ERR,ERR,ERR,ERR,ERR,ERR,ERR,ERR,ERR,ERR,ERR,ERR,ERR,ERR,ERR,ERR,ERR,ERR,ERR,ERR,ERR,ERR,ERR,ERR,ERR,ERR,ERR,ERR,ERR,ERR,ERR,ERR,ERR,ERR,ERR,ERR,ERR,ERR,ERR,ERR,ERR,ERR,ERR,ERR,ERR,ERR,ERR,ERR,ERR,ERR,ERR,ERR,ERR,ERR,ERR,ERR,ERR,ERR,ERR,ERR,ERR,ERR,ERR,ERR,ERR,ERR,ERR,ERR,ERR,ERR,ERR,ERR,ERR,ERR,ERR,ERR,ERR,ERR,ERR,ERR,ERR,ERR,ERR,ERR,ERR,ERR,-107615240.0,0.0,-117832800.0,0.0,0.0,0.0,0.0,nan,0,0,0,32768,0,0.0,0,0.0,0.0,0.0,0.0,0.0,0,0,0,0,0.0,0,0,0,0,0,0,0,0,0,0,0,0,0,0,0,0,0,0,0,0,0,0,0,0,0,0,0,0,0,0,0,0,0,0,0,0,0,0,0,0,0,0,0,0,0.0,0.0,0.0,0.0,0.0,0.0,0.0,0.0,0.0,0.0,0.0,0.0,0.0,0.0,0.0,0.0,0.0,0.0,0.0,0.0,0.0,0.0,2.004,-0.0,0.0,-2.004,0.0,0.0,0.0,0.0,3354.0,-0.0,0.0,-107615240.0,0.0,-0.0,-0.0,0.0,0.0,0.0,0.0,0,-4.0668755697950344e+29,0.0,0.0,0.0,0.0,0.0,0.0,0.0,0.0,0,0,0,0.0,0.0,0.0,0.0,0.0,0.0,0.0,0.0,0.0,0.0,0.0,0.0,0.0,0.0,0.0,0.0,0,-107875648.0,0,0.0,0,-107875648.0,-107877712.0,0,39322,17038,0,17053,26215,17037,0,0,0,110,100,100,0.0,64.0,0.0,64.9,-0.0,68.5,1,49,50,180,0,13107,0,0,0.0,0.0,0.0,0.0,0.007,65.5,0.0,0.0,0.0,645,0,686,0,0,0,713,0,785,0,707,0,689,0,645,0,640,0,618,0.032,36962304.0,-0.0,0.0,27280,16789,488.52,0.0,-0.0,8732562.0,0.001,0.014,29.0,60.0,70,0.0,0.0,0.0,0.0,0.0,0.0,0.0,0.0,0.0,0.0,0.0,0.0,0.0,0.0,0.0,0.0,59.6,68,12,65509,41,65476,0,300,0,0,8,20529,65476,0,0,61604,60.0,0.0,0.0,0.0,0.0,0.0
2026-04-04T11:49:38,ERR,ERR,ERR,ERR,ERR,ERR,ERR,ERR,ERR,ERR,ERR,ERR,ERR,ERR,ERR,ERR,ERR,ERR,ERR,ERR,ERR,ERR,ERR,ERR,ERR,ERR,ERR,ERR,ERR,ERR,ERR,ERR,ERR,ERR,ERR,ERR,ERR,ERR,ERR,ERR,ERR,ERR,ERR,ERR,ERR,ERR,ERR,ERR,ERR,ERR,ERR,ERR,ERR,ERR,ERR,ERR,ERR,ERR,ERR,ERR,ERR,ERR,ERR,ERR,ERR,ERR,ERR,ERR,ERR,ERR,ERR,ERR,ERR,ERR,ERR,ERR,ERR,ERR,ERR,ERR,ERR,ERR,ERR,ERR,ERR,ERR,ERR,ERR,ERR,ERR,ERR,ERR,ERR,ERR,ERR,ERR,ERR,ERR,ERR,ERR,ERR,ERR,ERR,ERR,ERR,ERR,ERR,ERR,ERR,ERR,ERR,ERR,ERR,ERR,ERR,ERR,ERR,ERR,ERR,ERR,ERR,ERR,ERR,ERR,ERR,-107615240.0,0.0,-117832800.0,0.0,0.0,0.0,0.0,nan,0,0,0,32768,0,0.0,0,0.0,0.0,0.0,0.0,0.0,0,0,0,0,0.0,0,0,0,0,0,0,0,0,0,0,0,0,0,0,0,0,0,0,0,0,0,0,0,0,0,0,0,0,0,0,0,0,0,0,0,0,0,0,0,0,0,0,0,0,0.0,0.0,0.0,0.0,0.0,0.0,0.0,0.0,0.0,0.0,0.0,0.0,0.0,0.0,0.0,0.0,0.0,0.0,0.0,0.0,0.0,0.0,2.004,-0.0,0.0,-2.004,0.0,0.0,0.0,0.0,3354.0,-0.0,0.0,-107615240.0,0.0,-0.0,-0.0,0.0,0.0,0.0,0.0,0,-4.0668755697950344e+29,0.0,0.0,0.0,0.0,0.0,0.0,0.0,0.0,0,0,0,0.0,0.0,0.0,0.0,0.0,0.0,0.0,0.0,0.0,0.0,0.0,0.0,0.0,0.0,0.0,0.0,0,-107875648.0,0,0.0,0,-107875648.0,-107877712.0,0,39322,17038,0,17053,26215,17037,0,0,0,110,100,100,0.0,64.0,0.0,64.9,-0.0,68.5,1,49,50,180,0,13107,0,0,0.0,0.0,0.0,0.0,0.007,65.5,0.0,0.0,0.0,645,0,686,0,0,0,713,0,785,0,707,0,689,0,645,0,640,0,618,0.032,36962304.0,-0.0,0.0,27280,16789,488.52,0.0,-0.0,8732562.0,0.001,0.014,29.0,60.0,70,0.0,0.0,0.0,0.0,0.0,0.0,0.0,0.0,0.0,0.0,0.0,0.0,0.0,0.0,0.0,0.0,59.6,68,12,65509,41,65476,0,300,0,0,8,20529,65476,0,0,61604,60.0,0.0,0.0,0.0,0.0,0.0
2026-04-04T11:49:39,ERR,ERR,ERR,ERR,ERR,ERR,ERR,ERR,ERR,ERR,ERR,ERR,ERR,ERR,ERR,ERR,ERR,ERR,ERR,ERR,ERR,ERR,ERR,ERR,ERR,ERR,ERR,ERR,ERR,ERR,ERR,ERR,ERR,ERR,ERR,ERR,ERR,ERR,ERR,ERR,ERR,ERR,ERR,ERR,ERR,ERR,ERR,ERR,ERR,ERR,ERR,ERR,ERR,ERR,ERR,ERR,ERR,ERR,ERR,ERR,ERR,ERR,ERR,ERR,ERR,ERR,ERR,ERR,ERR,ERR,ERR,ERR,ERR,ERR,ERR,ERR,ERR,ERR,ERR,ERR,ERR,ERR,ERR,ERR,ERR,ERR,ERR,ERR,ERR,ERR,ERR,ERR,ERR,ERR,ERR,ERR,ERR,ERR,ERR,ERR,ERR,ERR,ERR,ERR,ERR,ERR,ERR,ERR,ERR,ERR,ERR,ERR,ERR,ERR,ERR,ERR,ERR,ERR,ERR,ERR,ERR,ERR,ERR,ERR,ERR,-107615240.0,0.0,-117832800.0,0.0,0.0,0.0,0.0,nan,0,0,0,32768,0,0.0,0,0.0,0.0,0.0,0.0,0.0,0,0,0,0,0.0,0,0,0,0,0,0,0,0,0,0,0,0,0,0,0,0,0,0,0,0,0,0,0,0,0,0,0,0,0,0,0,0,0,0,0,0,0,0,0,0,0,0,0,0,0.0,0.0,0.0,0.0,0.0,0.0,0.0,0.0,0.0,0.0,0.0,0.0,0.0,0.0,0.0,0.0,0.0,0.0,0.0,0.0,0.0,0.0,-0.0,-0.0,-2.004,-2.004,0.0,0.0,0.0,0.0,3352.0,-0.0,0.0,-107615240.0,0.0,-0.0,2.7184274988523002e+23,0.0,0.0,0.0,0.0,0,-2.7184278591402704e+23,0.0,0.0,0.0,0.0,0.0,0.0,0.0,0.0,0,0,0,0.0,0.0,0.0,0.0,0.0,0.0,0.0,0.0,0.0,0.0,0.0,0.0,0.0,0.0,0.0,0.0,0,-107875648.0,0,0.0,0,-107875648.0,-107877712.0,0,39322,17038,0,17053,26215,17037,0,0,0,110,100,100,0.0,64.0,0.0,64.9,-0.0,68.5,1,49,50,180,0,13107,0,0,0.0,0.0,0.0,0.0,0.007,65.5,0.0,0.0,0.0,645,0,686,0,0,0,713,0,785,0,707,0,689,0,645,0,640,0,618,0.032,36962304.0,-0.0,0.0,27280,16789,488.52,0.0,-0.0,8732562.0,0.001,0.014,29.0,60.0,70,0.0,0.0,0.0,0.0,0.0,0.0,0.0,0.0,0.0,0.0,0.0,0.0,0.0,0.0,0.0,0.0,59.2,68,12,65509,41,65476,0,300,0,0,8,20529,65476,0,0,61604,60.0,0.0,0.0,0.0,0.0,0.0
2026-04-04T11:49:40,ERR,ERR,ERR,ERR,ERR,ERR,ERR,ERR,ERR,ERR,ERR,ERR,ERR,ERR,ERR,ERR,ERR,ERR,ERR,ERR,ERR,ERR,ERR,ERR,ERR,ERR,ERR,ERR,ERR,ERR,ERR,ERR,ERR,ERR,ERR,ERR,ERR,ERR,ERR,ERR,ERR,ERR,ERR,ERR,ERR,ERR,ERR,ERR,ERR,ERR,ERR,ERR,ERR,ERR,ERR,ERR,ERR,ERR,ERR,ERR,ERR,ERR,ERR,ERR,ERR,ERR,ERR,ERR,ERR,ERR,ERR,ERR,ERR,ERR,ERR,ERR,ERR,ERR,ERR,ERR,ERR,ERR,ERR,ERR,ERR,ERR,ERR,ERR,ERR,ERR,ERR,ERR,ERR,ERR,ERR,ERR,ERR,ERR,ERR,ERR,ERR,ERR,ERR,ERR,ERR,ERR,ERR,ERR,ERR,ERR,ERR,ERR,ERR,ERR,ERR,ERR,ERR,ERR,ERR,ERR,ERR,ERR,ERR,ERR,ERR,-107615240.0,0.0,-117832800.0,0.0,0.0,0.0,0.0,nan,0,0,0,32768,0,0.0,0,0.0,0.0,0.0,0.0,0.0,0,0,0,0,0.0,0,0,0,0,0,0,0,0,0,0,0,0,0,0,0,0,0,0,0,0,0,0,0,0,0,0,0,0,0,0,0,0,0,0,0,0,0,0,0,0,0,0,0,0,0.0,0.0,0.0,0.0,0.0,0.0,0.0,0.0,0.0,0.0,0.0,0.0,0.0,0.0,0.0,0.0,0.0,0.0,0.0,0.0,0.0,0.0,-0.0,-0.0,-2.004,-2.004,0.0,0.0,0.0,0.0,3352.0,-0.0,0.0,-107615240.0,0.0,-0.0,2.7184274988523002e+23,0.0,0.0,0.0,0.0,0,-2.7184278591402704e+23,0.0,0.0,0.0,0.0,0.0,0.0,0.0,0.0,0,0,0,0.0,0.0,0.0,0.0,0.0,0.0,0.0,0.0,0.0,0.0,0.0,0.0,0.0,0.0,0.0,0.0,0,-107875648.0,0,0.0,0,-107875648.0,-107877712.0,0,39322,17038,0,17053,26215,17037,0,0,0,110,100,100,0.0,64.0,0.0,64.9,-0.0,68.5,1,49,50,180,0,13107,0,0,0.0,0.0,0.0,0.0,0.007,65.5,0.0,0.0,0.0,645,0,686,0,0,0,713,0,785,0,707,0,689,0,645,0,640,0,618,0.032,36962304.0,-0.0,0.0,27280,16789,488.52,0.0,-0.0,8732562.0,0.001,0.014,29.0,60.0,70,0.0,0.0,0.0,0.0,0.0,0.0,0.0,0.0,0.0,0.0,0.0,0.0,0.0,0.0,0.0,0.0,59.2,68,12,65509,41,65476,0,300,0,0,8,20529,65476,0,0,61604,60.0,0.0,0.0,0.0,0.0,0.0
2026-04-04T11:49:41,ERR,ERR,ERR,ERR,ERR,ERR,ERR,ERR,ERR,ERR,ERR,ERR,ERR,ERR,ERR,ERR,ERR,ERR,ERR,ERR,ERR,ERR,ERR,ERR,ERR,ERR,ERR,ERR,ERR,ERR,ERR,ERR,ERR,ERR,ERR,ERR,ERR,ERR,ERR,ERR,ERR,ERR,ERR,ERR,ERR,ERR,ERR,ERR,ERR,ERR,ERR,ERR,ERR,ERR,ERR,ERR,ERR,ERR,ERR,ERR,ERR,ERR,ERR,ERR,ERR,ERR,ERR,ERR,ERR,ERR,ERR,ERR,ERR,ERR,ERR,ERR,ERR,ERR,ERR,ERR,ERR,ERR,ERR,ERR,ERR,ERR,ERR,ERR,ERR,ERR,ERR,ERR,ERR,ERR,ERR,ERR,ERR,ERR,ERR,ERR,ERR,ERR,ERR,ERR,ERR,ERR,ERR,ERR,ERR,ERR,ERR,ERR,ERR,ERR,ERR,ERR,ERR,ERR,ERR,ERR,ERR,ERR,ERR,ERR,ERR,-107615240.0,0.0,-117832800.0,0.0,0.0,0.0,0.0,nan,0,0,0,32768,0,0.0,0,0.0,0.0,0.0,0.0,0.0,0,0,0,0,0.0,0,0,0,0,0,0,0,0,0,0,0,0,0,0,0,0,0,0,0,0,0,0,0,0,0,0,0,0,0,0,0,0,0,0,0,0,0,0,0,0,0,0,0,0,0.0,0.0,0.0,0.0,0.0,0.0,0.0,0.0,0.0,0.0,0.0,0.0,0.0,0.0,0.0,0.0,0.0,0.0,0.0,0.0,0.0,0.0,-0.0,-0.0,-2.004,-2.004,0.0,0.0,0.0,0.0,3352.0,-0.0,0.0,-107615240.0,0.0,-0.0,2.7184274988523002e+23,0.0,0.0,0.0,0.0,0,-2.7184278591402704e+23,0.0,0.0,0.0,0.0,0.0,0.0,0.0,0.0,0,0,0,0.0,0.0,0.0,0.0,0.0,0.0,0.0,0.0,0.0,0.0,0.0,0.0,0.0,0.0,0.0,0.0,0,-107875648.0,0,0.0,0,-107875648.0,-107877712.0,0,39322,17038,0,17053,26215,17037,0,0,0,110,100,100,0.0,64.0,0.0,64.9,-0.0,68.5,1,49,50,180,0,13107,0,0,0.0,0.0,0.0,0.0,0.007,65.5,0.0,0.0,0.0,645,0,686,0,0,0,713,0,785,0,707,0,689,0,645,0,640,0,618,0.032,36962304.0,-0.0,0.0,27280,16789,488.52,0.0,-0.0,8732562.0,0.001,0.014,29.0,60.0,70,0.0,0.0,0.0,0.0,0.0,0.0,0.0,0.0,0.0,0.0,0.0,0.0,0.0,0.0,0.0,0.0,59.2,68,12,65509,41,65476,0,300,0,0,8,20529,65476,0,0,61604,60.0,0.0,0.0,0.0,0.0,0.0
2026-04-04T11:49:42,ERR,ERR,ERR,ERR,ERR,ERR,ERR,ERR,ERR,ERR,ERR,ERR,ERR,ERR,ERR,ERR,ERR,ERR,ERR,ERR,ERR,ERR,ERR,ERR,ERR,ERR,ERR,ERR,ERR,ERR,ERR,ERR,ERR,ERR,ERR,ERR,ERR,ERR,ERR,ERR,ERR,ERR,ERR,ERR,ERR,ERR,ERR,ERR,ERR,ERR,ERR,ERR,ERR,ERR,ERR,ERR,ERR,ERR,ERR,ERR,ERR,ERR,ERR,ERR,ERR,ERR,ERR,ERR,ERR,ERR,ERR,ERR,ERR,ERR,ERR,ERR,ERR,ERR,ERR,ERR,ERR,ERR,ERR,ERR,ERR,ERR,ERR,ERR,ERR,ERR,ERR,ERR,ERR,ERR,ERR,ERR,ERR,ERR,ERR,ERR,ERR,ERR,ERR,ERR,ERR,ERR,ERR,ERR,ERR,ERR,ERR,ERR,ERR,ERR,ERR,ERR,ERR,ERR,ERR,ERR,ERR,ERR,ERR,ERR,ERR,-107615240.0,0.0,-117832800.0,0.0,0.0,0.0,0.0,nan,0,0,0,32768,0,0.0,0,0.0,0.0,0.0,0.0,0.0,0,0,0,0,0.0,0,0,0,0,0,0,0,0,0,0,0,0,0,0,0,0,0,0,0,0,0,0,0,0,0,0,0,0,0,0,0,0,0,0,0,0,0,0,0,0,0,0,0,0,0.0,0.0,0.0,0.0,0.0,0.0,0.0,0.0,0.0,0.0,0.0,0.0,0.0,0.0,0.0,0.0,0.0,0.0,0.0,0.0,0.0,0.0,-0.0,-0.0,-2.004,-2.004,0.0,0.0,0.0,0.0,3352.0,-0.0,0.0,-107615240.0,0.0,-0.0,2.7184274988523002e+23,0.0,0.0,0.0,0.0,0,-2.7184278591402704e+23,0.0,0.0,0.0,0.0,0.0,0.0,0.0,0.0,0,0,0,0.0,0.0,0.0,0.0,0.0,0.0,0.0,0.0,0.0,0.0,0.0,0.0,0.0,0.0,0.0,0.0,0,-107875648.0,0,0.0,0,-107875648.0,-107877712.0,0,39322,17038,0,17053,26215,17037,0,0,0,110,100,100,0.0,64.1,0.0,64.9,-107615304.0,68.5,1,49,50,180,0,13107,0,0,0.0,0.0,0.0,0.0,0.0,65.5,0.0,0.0,0.0,645,0,686,0,0,0,713,0,785,0,707,0,689,0,645,0,640,0,618,0.032,36700160.0,-0.0,0.0,34448,16789,0.0,-1.254321490577326e+18,5.254472474379188e+32,-0.0,0.0,0.0,29.0,60.0,70,0.0,0.0,0.0,0.0,0.0,0.0,0.0,0.0,0.0,0.0,0.0,0.0,0.0,0.0,0.0,0.0,59.2,68,12,65509,41,65476,0,300,0,0,8,20529,65476,0,0,61604,60.0,0.0,0.0,0.0,0.0,0.0
2026-04-04T11:49:43,ERR,ERR,ERR,ERR,ERR,ERR,ERR,ERR,ERR,ERR,ERR,ERR,ERR,ERR,ERR,ERR,ERR,ERR,ERR,ERR,ERR,ERR,ERR,ERR,ERR,ERR,ERR,ERR,ERR,ERR,ERR,ERR,ERR,ERR,ERR,ERR,ERR,ERR,ERR,ERR,ERR,ERR,ERR,ERR,ERR,ERR,ERR,ERR,ERR,ERR,ERR,ERR,ERR,ERR,ERR,ERR,ERR,ERR,ERR,ERR,ERR,ERR,ERR,ERR,ERR,ERR,ERR,ERR,ERR,ERR,ERR,ERR,ERR,ERR,ERR,ERR,ERR,ERR,ERR,ERR,ERR,ERR,ERR,ERR,ERR,ERR,ERR,ERR,ERR,ERR,ERR,ERR,ERR,ERR,ERR,ERR,ERR,ERR,ERR,ERR,ERR,ERR,ERR,ERR,ERR,ERR,ERR,ERR,ERR,ERR,ERR,ERR,ERR,ERR,ERR,ERR,ERR,ERR,ERR,ERR,ERR,ERR,ERR,ERR,ERR,-107615240.0,0.0,-117832800.0,0.0,0.0,0.0,0.0,nan,0,0,0,32768,0,0.0,0,0.0,0.0,0.0,0.0,0.0,0,0,0,0,0.0,0,0,0,0,0,0,0,0,0,0,0,0,0,0,0,0,0,0,0,0,0,0,0,0,0,0,0,0,0,0,0,0,0,0,0,0,0,0,0,0,0,0,0,0,0.0,0.0,0.0,0.0,0.0,0.0,0.0,0.0,0.0,0.0,0.0,0.0,0.0,0.0,0.0,0.0,0.0,0.0,0.0,0.0,0.0,0.0,-0.0,-0.0,-2.004,-2.004,0.0,0.0,0.0,0.0,3352.0,-0.0,0.0,-107615240.0,0.0,-0.0,2.7184274988523002e+23,0.0,0.0,0.0,0.0,0,-2.7184278591402704e+23,0.0,0.0,0.0,0.0,0.0,0.0,0.0,0.0,0,0,0,0.0,0.0,0.0,0.0,0.0,0.0,0.0,0.0,0.0,0.0,0.0,0.0,0.0,0.0,0.0,0.0,0,-107875648.0,0,0.0,0,-107875648.0,-107877712.0,0,39322,17038,0,17053,26215,17037,0,0,0,110,100,100,0.0,64.1,0.0,64.9,-107615304.0,68.5,1,49,50,180,0,13107,0,0,0.0,0.0,0.0,0.0,0.0,65.5,0.0,0.0,0.0,645,0,686,0,0,0,713,0,785,0,707,0,689,0,645,0,640,0,618,0.032,36700160.0,-0.0,0.0,34448,16789,0.0,-1.254321490577326e+18,5.254472474379188e+32,-0.0,0.0,0.0,29.0,60.0,70,0.0,0.0,0.0,0.0,0.0,0.0,0.0,0.0,0.0,0.0,0.0,0.0,0.0,0.0,0.0,0.0,59.2,68,12,65509,41,65476,0,300,0,0,8,20529,65476,0,0,61604,60.0,0.0,0.0,0.0,0.0,0.0
2026-04-04T11:49:44,ERR,ERR,ERR,ERR,ERR,ERR,ERR,ERR,ERR,ERR,ERR,ERR,ERR,ERR,ERR,ERR,ERR,ERR,ERR,ERR,ERR,ERR,ERR,ERR,ERR,ERR,ERR,ERR,ERR,ERR,ERR,ERR,ERR,ERR,ERR,ERR,ERR,ERR,ERR,ERR,ERR,ERR,ERR,ERR,ERR,ERR,ERR,ERR,ERR,ERR,ERR,ERR,ERR,ERR,ERR,ERR,ERR,ERR,ERR,ERR,ERR,ERR,ERR,ERR,ERR,ERR,ERR,ERR,ERR,ERR,ERR,ERR,ERR,ERR,ERR,ERR,ERR,ERR,ERR,ERR,ERR,ERR,ERR,ERR,ERR,ERR,ERR,ERR,ERR,ERR,ERR,ERR,ERR,ERR,ERR,ERR,ERR,ERR,ERR,ERR,ERR,ERR,ERR,ERR,ERR,ERR,ERR,ERR,ERR,ERR,ERR,ERR,ERR,ERR,ERR,ERR,ERR,ERR,ERR,ERR,ERR,ERR,ERR,ERR,ERR,-107615240.0,0.0,-117832800.0,0.0,0.0,0.0,0.0,nan,0,0,0,32768,0,0.0,0,0.0,0.0,0.0,0.0,0.0,0,0,0,0,0.0,0,0,0,0,0,0,0,0,0,0,0,0,0,0,0,0,0,0,0,0,0,0,0,0,0,0,0,0,0,0,0,0,0,0,0,0,0,0,0,0,0,0,0,0,0.0,0.0,0.0,0.0,0.0,0.0,0.0,0.0,0.0,0.0,0.0,0.0,0.0,0.0,0.0,0.0,0.0,0.0,0.0,0.0,0.0,0.0,-0.0,-0.0,-2.004,-2.004,0.0,0.0,0.0,0.0,3352.0,-0.0,0.0,-107615240.0,0.0,-0.0,2.7184274988523002e+23,0.0,0.0,0.0,0.0,0,-2.7184278591402704e+23,0.0,0.0,0.0,0.0,0.0,0.0,0.0,0.0,0,0,0,0.0,0.0,0.0,0.0,0.0,0.0,0.0,0.0,0.0,0.0,0.0,0.0,0.0,0.0,0.0,0.0,0,-107875648.0,0,0.0,0,-107875648.0,-107877712.0,0,39322,17038,0,17053,26215,17037,0,0,0,110,100,100,0.0,64.1,0.0,64.9,-107615304.0,68.5,1,49,50,180,0,13107,0,0,0.0,0.0,0.0,0.0,0.0,65.5,0.0,0.0,0.0,645,0,686,0,0,0,713,0,785,0,707,0,689,0,645,0,640,0,618,0.032,36700160.0,-0.0,0.0,34448,16789,0.0,-1.254321490577326e+18,5.254472474379188e+32,-0.0,0.0,0.0,29.0,60.0,70,0.0,0.0,0.0,0.0,0.0,0.0,0.0,0.0,0.0,0.0,0.0,0.0,0.0,0.0,0.0,0.0,59.2,68,12,65509,41,65476,0,300,0,0,8,20529,65476,0,0,61604,60.0,0.0,0.0,0.0,0.0,0.0
2026-04-04T11:49:45,ERR,ERR,ERR,ERR,ERR,ERR,ERR,ERR,ERR,ERR,ERR,ERR,ERR,ERR,ERR,ERR,ERR,ERR,ERR,ERR,ERR,ERR,ERR,ERR,ERR,ERR,ERR,ERR,ERR,ERR,ERR,ERR,ERR,ERR,ERR,ERR,ERR,ERR,ERR,ERR,ERR,ERR,ERR,ERR,ERR,ERR,ERR,ERR,ERR,ERR,ERR,ERR,ERR,ERR,ERR,ERR,ERR,ERR,ERR,ERR,ERR,ERR,ERR,ERR,ERR,ERR,ERR,ERR,ERR,ERR,ERR,ERR,ERR,ERR,ERR,ERR,ERR,ERR,ERR,ERR,ERR,ERR,ERR,ERR,ERR,ERR,ERR,ERR,ERR,ERR,ERR,ERR,ERR,ERR,ERR,ERR,ERR,ERR,ERR,ERR,ERR,ERR,ERR,ERR,ERR,ERR,ERR,ERR,ERR,ERR,ERR,ERR,ERR,ERR,ERR,ERR,ERR,ERR,ERR,ERR,ERR,ERR,ERR,ERR,ERR,-107615240.0,0.0,-117832800.0,0.0,0.0,0.0,0.0,nan,0,0,0,32768,0,0.0,0,0.0,0.0,0.0,0.0,0.0,0,0,0,0,0.0,0,0,0,0,0,0,0,0,0,0,0,0,0,0,0,0,0,0,0,0,0,0,0,0,0,0,0,0,0,0,0,0,0,0,0,0,0,0,0,0,0,0,0,0,0.0,0.0,0.0,0.0,0.0,0.0,0.0,0.0,0.0,0.0,0.0,0.0,0.0,0.0,0.0,0.0,0.0,0.0,0.0,0.0,0.0,0.0,-0.0,-0.0,-2.004,-2.004,0.0,0.0,0.0,0.0,3352.0,-0.0,0.0,-107615240.0,0.0,-0.0,2.7184274988523002e+23,0.0,0.0,0.0,0.0,0,-2.7184278591402704e+23,0.0,0.0,0.0,0.0,0.0,0.0,0.0,0.0,0,0,0,0.0,0.0,0.0,0.0,0.0,0.0,0.0,0.0,0.0,0.0,0.0,0.0,0.0,0.0,0.0,0.0,0,-107875648.0,0,0.0,0,-107875648.0,-107877712.0,0,39322,17038,0,17053,26215,17037,0,0,0,110,100,100,0.0,64.1,0.0,64.9,-107615304.0,68.5,1,49,50,180,0,13107,0,0,0.0,0.0,0.0,0.0,0.0,65.5,0.0,0.0,0.0,645,0,686,0,0,0,713,0,785,0,707,0,689,0,645,0,640,0,618,0.032,36700160.0,-0.0,0.0,34448,16789,0.0,-1.254321490577326e+18,5.254472474379188e+32,-0.0,0.0,0.0,29.0,60.0,70,0.0,0.0,0.0,0.0,0.0,0.0,0.0,0.0,0.0,0.0,0.0,0.0,0.0,0.0,0.0,0.0,59.2,68,12,65509,41,65476,0,300,0,0,8,20529,65476,0,0,61604,60.0,0.0,0.0,0.0,0.0,0.0
2026-04-04T11:49:46,ERR,ERR,ERR,ERR,ERR,ERR,ERR,ERR,ERR,ERR,ERR,ERR,ERR,ERR,ERR,ERR,ERR,ERR,ERR,ERR,ERR,ERR,ERR,ERR,ERR,ERR,ERR,ERR,ERR,ERR,ERR,ERR,ERR,ERR,ERR,ERR,ERR,ERR,ERR,ERR,ERR,ERR,ERR,ERR,ERR,ERR,ERR,ERR,ERR,ERR,ERR,ERR,ERR,ERR,ERR,ERR,ERR,ERR,ERR,ERR,ERR,ERR,ERR,ERR,ERR,ERR,ERR,ERR,ERR,ERR,ERR,ERR,ERR,ERR,ERR,ERR,ERR,ERR,ERR,ERR,ERR,ERR,ERR,ERR,ERR,ERR,ERR,ERR,ERR,ERR,ERR,ERR,ERR,ERR,ERR,ERR,ERR,ERR,ERR,ERR,ERR,ERR,ERR,ERR,ERR,ERR,ERR,ERR,ERR,ERR,ERR,ERR,ERR,ERR,ERR,ERR,ERR,ERR,ERR,ERR,ERR,ERR,ERR,ERR,ERR,-107615240.0,0.0,-117832800.0,0.0,0.0,0.0,0.0,nan,0,0,0,32768,0,0.0,0,0.0,0.0,0.0,0.0,0.0,0,0,0,0,0.0,0,0,0,0,0,0,0,0,0,0,0,0,0,0,0,0,0,0,0,0,0,0,0,0,0,0,0,0,0,0,0,0,0,0,0,0,0,0,0,0,0,0,0,0,0.0,0.0,0.0,0.0,0.0,0.0,0.0,0.0,0.0,0.0,0.0,0.0,0.0,0.0,0.0,0.0,0.0,0.0,0.0,0.0,0.0,0.0,-0.0,-0.0,-2.004,-2.004,0.0,0.0,0.0,0.0,3352.0,-0.0,0.0,-107615240.0,0.0,-0.0,2.7184274988523002e+23,0.0,0.0,0.0,0.0,0,-2.7184278591402704e+23,0.0,0.0,0.0,0.0,0.0,0.0,0.0,0.0,0,0,0,0.0,0.0,0.0,0.0,0.0,0.0,0.0,0.0,0.0,0.0,0.0,0.0,0.0,0.0,0.0,0.0,0,-107875648.0,0,0.0,0,-107875648.0,-107877712.0,0,39322,17038,0,17053,26215,17037,0,0,0,110,100,100,0.0,64.1,0.0,64.9,-107615304.0,68.5,1,49,50,180,0,13107,0,0,0.0,0.0,0.0,0.0,0.0,65.5,0.0,0.0,0.0,645,0,686,0,0,0,713,0,785,0,707,0,689,0,645,0,640,0,618,0.032,36700160.0,-0.0,0.0,34448,16789,0.0,-1.254321490577326e+18,5.254472474379188e+32,-0.0,0.0,0.0,29.0,60.0,70,0.0,0.0,0.0,0.0,0.0,0.0,0.0,0.0,0.0,0.0,0.0,0.0,0.0,0.0,0.0,0.0,59.2,68,12,65509,41,65476,0,300,0,0,8,20529,65476,0,0,61604,60.0,0.0,0.0,0.0,0.0,0.0
2026-04-04T11:49:47,ERR,ERR,ERR,ERR,ERR,ERR,ERR,ERR,ERR,ERR,ERR,ERR,ERR,ERR,ERR,ERR,ERR,ERR,ERR,ERR,ERR,ERR,ERR,ERR,ERR,ERR,ERR,ERR,ERR,ERR,ERR,ERR,ERR,ERR,ERR,ERR,ERR,ERR,ERR,ERR,ERR,ERR,ERR,ERR,ERR,ERR,ERR,ERR,ERR,ERR,ERR,ERR,ERR,ERR,ERR,ERR,ERR,ERR,ERR,ERR,ERR,ERR,ERR,ERR,ERR,ERR,ERR,ERR,ERR,ERR,ERR,ERR,ERR,ERR,ERR,ERR,ERR,ERR,ERR,ERR,ERR,ERR,ERR,ERR,ERR,ERR,ERR,ERR,ERR,ERR,ERR,ERR,ERR,ERR,ERR,ERR,ERR,ERR,ERR,ERR,ERR,ERR,ERR,ERR,ERR,ERR,ERR,ERR,ERR,ERR,ERR,ERR,ERR,ERR,ERR,ERR,ERR,ERR,ERR,ERR,ERR,ERR,ERR,ERR,ERR,-107615240.0,0.0,-117832800.0,0.0,0.0,0.0,0.0,nan,0,0,0,32768,0,0.0,0,0.0,0.0,0.0,0.0,0.0,0,0,0,0,0.0,0,0,0,0,0,0,0,0,0,0,0,0,0,0,0,0,0,0,0,0,0,0,0,0,0,0,0,0,0,0,0,0,0,0,0,0,0,0,0,0,0,0,0,0,0.0,0.0,0.0,0.0,0.0,0.0,0.0,0.0,0.0,0.0,0.0,0.0,0.0,0.0,0.0,0.0,0.0,0.0,0.0,0.0,0.0,0.0,2.004,-0.0,0.0,-2.004,0.0,0.0,0.0,0.0,3352.0,-0.0,0.0,-107615240.0,0.0,-107615232.0,-0.0,0.0,0.0,0.0,0.0,0,-2.3088382548096162e+20,0.0,0.0,0.0,0.0,0.0,0.0,0.0,0.0,0,0,0,0.0,0.0,0.0,0.0,0.0,0.0,0.0,0.0,0.0,0.0,0.0,0.0,0.0,0.0,0.0,0.0,0,-107875648.0,0,0.0,0,-107875648.0,0.0,0,39322,17038,0,17053,26215,17037,0,0,0,110,100,100,0.0,64.1,0.0,64.9,-107615304.0,68.5,1,49,50,180,0,13107,0,0,0.0,0.0,0.0,0.0,0.0,65.5,0.0,0.0,0.0,645,0,686,0,0,0,713,0,785,0,707,0,689,0,645,0,640,0,618,0.032,36700160.0,-0.0,0.0,34448,16789,0.0,-1.254321490577326e+18,5.254472474379188e+32,-0.0,0.0,0.0,29.0,60.0,70,0.0,0.0,0.0,0.0,0.0,0.0,0.0,0.0,0.0,0.0,0.0,0.0,0.0,0.0,0.0,0.0,59.2,68,12,65509,41,65476,0,300,0,0,8,20529,65476,0,0,61604,60.0,0.0,0.0,0.0,0.0,0.0
2026-04-04T11:49:48,ERR,ERR,ERR,ERR,ERR,ERR,ERR,ERR,ERR,ERR,ERR,ERR,ERR,ERR,ERR,ERR,ERR,ERR,ERR,ERR,ERR,ERR,ERR,ERR,ERR,ERR,ERR,ERR,ERR,ERR,ERR,ERR,ERR,ERR,ERR,ERR,ERR,ERR,ERR,ERR,ERR,ERR,ERR,ERR,ERR,ERR,ERR,ERR,ERR,ERR,ERR,ERR,ERR,ERR,ERR,ERR,ERR,ERR,ERR,ERR,ERR,ERR,ERR,ERR,ERR,ERR,ERR,ERR,ERR,ERR,ERR,ERR,ERR,ERR,ERR,ERR,ERR,ERR,ERR,ERR,ERR,ERR,ERR,ERR,ERR,ERR,ERR,ERR,ERR,ERR,ERR,ERR,ERR,ERR,ERR,ERR,ERR,ERR,ERR,ERR,ERR,ERR,ERR,ERR,ERR,ERR,ERR,ERR,ERR,ERR,ERR,ERR,ERR,ERR,ERR,ERR,ERR,ERR,ERR,ERR,ERR,ERR,ERR,ERR,ERR,-107615240.0,0.0,-117832800.0,0.0,0.0,0.0,0.0,nan,0,0,0,32768,0,0.0,0,0.0,0.0,0.0,0.0,0.0,0,0,0,0,0.0,0,0,0,0,0,0,0,0,0,0,0,0,0,0,0,0,0,0,0,0,0,0,0,0,0,0,0,0,0,0,0,0,0,0,0,0,0,0,0,0,0,0,0,0,0.0,0.0,0.0,0.0,0.0,0.0,0.0,0.0,0.0,0.0,0.0,0.0,0.0,0.0,0.0,0.0,0.0,0.0,0.0,0.0,0.0,0.0,2.004,-0.0,0.0,-2.004,0.0,0.0,0.0,0.0,3352.0,-0.0,0.0,-107615240.0,0.0,-107615232.0,-0.0,0.0,0.0,0.0,0.0,0,-2.3088382548096162e+20,0.0,0.0,0.0,0.0,0.0,0.0,0.0,0.0,0,0,0,0.0,0.0,0.0,0.0,0.0,0.0,0.0,0.0,0.0,0.0,0.0,0.0,0.0,0.0,0.0,0.0,0,-107875648.0,0,0.0,0,-107875648.0,0.0,0,39322,17038,0,17053,13107,17037,0,0,0,110,100,100,0.0,64.1,0.0,64.8,-0.0,68.5,1,49,50,180,0,13107,0,0,0.0,0.0,0.0,0.0,1612792192.0,65.5,0.0,0.0,0.0,645,0,686,0,0,0,713,0,785,0,707,0,689,0,645,0,640,0,618,0.032,36700160.0,-0.0,0.0,29456,16789,457724000.0,0.0,-907107629006848.0,0.0,9088696057856.0,1.226794942098047e+19,29.0,60.0,70,0.0,0.0,0.0,0.0,0.0,0.0,0.0,0.0,0.0,0.0,0.0,0.0,0.0,0.0,0.0,0.0,59.2,68,12,65509,41,65476,0,300,0,0,8,20529,65476,0,0,61604,60.0,0.0,0.0,0.0,0.0,0.0
2026-04-04T11:49:49,ERR,ERR,ERR,ERR,ERR,ERR,ERR,ERR,ERR,ERR,ERR,ERR,ERR,ERR,ERR,ERR,ERR,ERR,ERR,ERR,ERR,ERR,ERR,ERR,ERR,ERR,ERR,ERR,ERR,ERR,ERR,ERR,ERR,ERR,ERR,ERR,ERR,ERR,ERR,ERR,ERR,ERR,ERR,ERR,ERR,ERR,ERR,ERR,ERR,ERR,ERR,ERR,ERR,ERR,ERR,ERR,ERR,ERR,ERR,ERR,ERR,ERR,ERR,ERR,ERR,ERR,ERR,ERR,ERR,ERR,ERR,ERR,ERR,ERR,ERR,ERR,ERR,ERR,ERR,ERR,ERR,ERR,ERR,ERR,ERR,ERR,ERR,ERR,ERR,ERR,ERR,ERR,ERR,ERR,ERR,ERR,ERR,ERR,ERR,ERR,ERR,ERR,ERR,ERR,ERR,ERR,ERR,ERR,ERR,ERR,ERR,ERR,ERR,ERR,ERR,ERR,ERR,ERR,ERR,ERR,ERR,ERR,ERR,ERR,ERR,-107615240.0,0.0,-117832800.0,0.0,0.0,0.0,0.0,nan,0,0,0,32768,0,0.0,0,0.0,0.0,0.0,0.0,0.0,0,0,0,0,0.0,0,0,0,0,0,0,0,0,0,0,0,0,0,0,0,0,0,0,0,0,0,0,0,0,0,0,0,0,0,0,0,0,0,0,0,0,0,0,0,0,0,0,0,0,0.0,0.0,0.0,0.0,0.0,0.0,0.0,0.0,0.0,0.0,0.0,0.0,0.0,0.0,0.0,0.0,0.0,0.0,0.0,0.0,0.0,0.0,2.004,-0.0,0.0,-2.004,0.0,0.0,0.0,0.0,3352.0,-0.0,0.0,-107615240.0,0.0,-107615232.0,-0.0,0.0,0.0,0.0,0.0,0,-2.3088382548096162e+20,0.0,0.0,0.0,0.0,0.0,0.0,0.0,0.0,0,0,0,0.0,0.0,0.0,0.0,0.0,0.0,0.0,0.0,0.0,0.0,0.0,0.0,0.0,0.0,0.0,0.0,0,-107875648.0,0,0.0,0,-107875648.0,0.0,0,39322,17038,0,17053,13107,17037,0,0,0,110,100,100,0.0,64.1,0.0,64.8,-0.0,68.5,1,49,50,180,0,13107,0,0,0.0,0.0,0.0,0.0,1612792192.0,65.5,0.0,0.0,0.0,645,0,686,0,0,0,713,0,785,0,707,0,689,0,645,0,640,0,618,0.032,36700160.0,-0.0,0.0,29456,16789,457724000.0,0.0,-907107629006848.0,0.0,9088696057856.0,1.226794942098047e+19,29.0,60.0,70,0.0,0.0,0.0,0.0,0.0,0.0,0.0,0.0,0.0,0.0,0.0,0.0,0.0,0.0,0.0,0.0,59.2,68,12,65509,41,65476,0,300,0,0,8,20529,65476,0,0,61604,60.0,0.0,0.0,0.0,0.0,0.0
2026-04-04T11:49:50,ERR,ERR,ERR,ERR,ERR,ERR,ERR,ERR,ERR,ERR,ERR,ERR,ERR,ERR,ERR,ERR,ERR,ERR,ERR,ERR,ERR,ERR,ERR,ERR,ERR,ERR,ERR,ERR,ERR,ERR,ERR,ERR,ERR,ERR,ERR,ERR,ERR,ERR,ERR,ERR,ERR,ERR,ERR,ERR,ERR,ERR,ERR,ERR,ERR,ERR,ERR,ERR,ERR,ERR,ERR,ERR,ERR,ERR,ERR,ERR,ERR,ERR,ERR,ERR,ERR,ERR,ERR,ERR,ERR,ERR,ERR,ERR,ERR,ERR,ERR,ERR,ERR,ERR,ERR,ERR,ERR,ERR,ERR,ERR,ERR,ERR,ERR,ERR,ERR,ERR,ERR,ERR,ERR,ERR,ERR,ERR,ERR,ERR,ERR,ERR,ERR,ERR,ERR,ERR,ERR,ERR,ERR,ERR,ERR,ERR,ERR,ERR,ERR,ERR,ERR,ERR,ERR,ERR,ERR,ERR,ERR,ERR,ERR,ERR,ERR,-107615240.0,0.0,-117832800.0,0.0,0.0,0.0,0.0,nan,0,0,0,32768,0,0.0,0,0.0,0.0,0.0,0.0,0.0,0,0,0,0,0.0,0,0,0,0,0,0,0,0,0,0,0,0,0,0,0,0,0,0,0,0,0,0,0,0,0,0,0,0,0,0,0,0,0,0,0,0,0,0,0,0,0,0,0,0,0.0,0.0,0.0,0.0,0.0,0.0,0.0,0.0,0.0,0.0,0.0,0.0,0.0,0.0,0.0,0.0,0.0,0.0,0.0,0.0,0.0,0.0,2.004,-0.0,0.0,-2.004,0.0,0.0,0.0,0.0,3352.0,-0.0,0.0,-107615240.0,0.0,-107615232.0,-0.0,0.0,0.0,0.0,0.0,0,-2.3088382548096162e+20,0.0,0.0,0.0,0.0,0.0,0.0,0.0,0.0,0,0,0,0.0,0.0,0.0,0.0,0.0,0.0,0.0,0.0,0.0,0.0,0.0,0.0,0.0,0.0,0.0,0.0,0,-107875648.0,0,0.0,0,-107875648.0,0.0,0,39322,17038,0,17053,13107,17037,0,0,0,110,100,100,0.0,64.1,0.0,64.8,-0.0,68.5,1,49,50,180,0,13107,0,0,0.0,0.0,0.0,0.0,1612792192.0,65.5,0.0,0.0,0.0,645,0,686,0,0,0,713,0,785,0,707,0,689,0,645,0,640,0,618,0.032,36700160.0,-0.0,0.0,29456,16789,457724000.0,0.0,-907107629006848.0,0.0,9088696057856.0,1.226794942098047e+19,29.0,60.0,70,0.0,0.0,0.0,0.0,0.0,0.0,0.0,0.0,0.0,0.0,0.0,0.0,0.0,0.0,0.0,0.0,59.2,68,12,65509,41,65476,0,300,0,0,8,20529,65476,0,0,61604,60.0,0.0,0.0,0.0,0.0,0.0
2026-04-04T11:49:51,ERR,ERR,ERR,ERR,ERR,ERR,ERR,ERR,ERR,ERR,ERR,ERR,ERR,ERR,ERR,ERR,ERR,ERR,ERR,ERR,ERR,ERR,ERR,ERR,ERR,ERR,ERR,ERR,ERR,ERR,ERR,ERR,ERR,ERR,ERR,ERR,ERR,ERR,ERR,ERR,ERR,ERR,ERR,ERR,ERR,ERR,ERR,ERR,ERR,ERR,ERR,ERR,ERR,ERR,ERR,ERR,ERR,ERR,ERR,ERR,ERR,ERR,ERR,ERR,ERR,ERR,ERR,ERR,ERR,ERR,ERR,ERR,ERR,ERR,ERR,ERR,ERR,ERR,ERR,ERR,ERR,ERR,ERR,ERR,ERR,ERR,ERR,ERR,ERR,ERR,ERR,ERR,ERR,ERR,ERR,ERR,ERR,ERR,ERR,ERR,ERR,ERR,ERR,ERR,ERR,ERR,ERR,ERR,ERR,ERR,ERR,ERR,ERR,ERR,ERR,ERR,ERR,ERR,ERR,ERR,ERR,ERR,ERR,ERR,ERR,-107615240.0,0.0,-117832800.0,0.0,0.0,0.0,0.0,nan,0,0,0,32768,0,0.0,0,0.0,0.0,0.0,0.0,0.0,0,0,0,0,0.0,0,0,0,0,0,0,0,0,0,0,0,0,0,0,0,0,0,0,0,0,0,0,0,0,0,0,0,0,0,0,0,0,0,0,0,0,0,0,0,0,0,0,0,0,0.0,0.0,0.0,0.0,0.0,0.0,0.0,0.0,0.0,0.0,0.0,0.0,0.0,0.0,0.0,0.0,0.0,0.0,0.0,0.0,0.0,0.0,2.004,-0.0,0.0,-2.004,0.0,0.0,0.0,0.0,3352.0,-0.0,0.0,-107615240.0,0.0,-107615232.0,-0.0,0.0,0.0,0.0,0.0,0,-2.3088382548096162e+20,0.0,0.0,0.0,0.0,0.0,0.0,0.0,0.0,0,0,0,0.0,0.0,0.0,0.0,0.0,0.0,0.0,0.0,0.0,0.0,0.0,0.0,0.0,0.0,0.0,0.0,0,-107875648.0,0,0.0,0,-107875648.0,0.0,0,39322,17038,0,17053,13107,17037,0,0,0,110,100,100,0.0,64.1,0.0,64.8,-0.0,68.5,1,49,50,180,0,13107,0,0,0.0,0.0,0.0,0.0,1612792192.0,65.5,0.0,0.0,0.0,645,0,686,0,0,0,713,0,785,0,707,0,689,0,645,0,640,0,618,0.032,36700160.0,-0.0,0.0,29456,16789,457724000.0,0.0,-907107629006848.0,0.0,9088696057856.0,1.226794942098047e+19,29.0,60.0,70,0.0,0.0,0.0,0.0,0.0,0.0,0.0,0.0,0.0,0.0,0.0,0.0,0.0,0.0,0.0,0.0,59.2,68,12,65509,41,65476,0,300,0,0,8,20529,65476,0,0,61604,60.0,0.0,0.0,0.0,0.0,0.0
2026-04-04T11:49:52,ERR,ERR,ERR,ERR,ERR,ERR,ERR,ERR,ERR,ERR,ERR,ERR,ERR,ERR,ERR,ERR,ERR,ERR,ERR,ERR,ERR,ERR,ERR,ERR,ERR,ERR,ERR,ERR,ERR,ERR,ERR,ERR,ERR,ERR,ERR,ERR,ERR,ERR,ERR,ERR,ERR,ERR,ERR,ERR,ERR,ERR,ERR,ERR,ERR,ERR,ERR,ERR,ERR,ERR,ERR,ERR,ERR,ERR,ERR,ERR,ERR,ERR,ERR,ERR,ERR,ERR,ERR,ERR,ERR,ERR,ERR,ERR,ERR,ERR,ERR,ERR,ERR,ERR,ERR,ERR,ERR,ERR,ERR,ERR,ERR,ERR,ERR,ERR,ERR,ERR,ERR,ERR,ERR,ERR,ERR,ERR,ERR,ERR,ERR,ERR,ERR,ERR,ERR,ERR,ERR,ERR,ERR,ERR,ERR,ERR,ERR,ERR,ERR,ERR,ERR,ERR,ERR,ERR,ERR,ERR,ERR,ERR,ERR,ERR,ERR,-107615240.0,0.0,-117832800.0,0.0,0.0,0.0,0.0,nan,0,0,0,32768,0,0.0,0,0.0,0.0,0.0,0.0,0.0,0,0,0,0,0.0,0,0,0,0,0,0,0,0,0,0,0,0,0,0,0,0,0,0,0,0,0,0,0,0,0,0,0,0,0,0,0,0,0,0,0,0,0,0,0,0,0,0,0,0,0.0,0.0,0.0,0.0,0.0,0.0,0.0,0.0,0.0,0.0,0.0,0.0,0.0,0.0,0.0,0.0,0.0,0.0,0.0,0.0,0.0,0.0,2.004,-0.0,0.0,-2.004,0.0,0.0,0.0,0.0,3352.0,-0.0,0.0,-107615240.0,0.0,-107615232.0,-0.0,0.0,0.0,0.0,0.0,0,-2.3088382548096162e+20,0.0,0.0,0.0,0.0,0.0,0.0,0.0,0.0,0,0,0,0.0,0.0,0.0,0.0,0.0,0.0,0.0,0.0,0.0,0.0,0.0,0.0,0.0,0.0,0.0,0.0,0,-107875648.0,0,0.0,0,-107875648.0,0.0,0,39322,17038,0,17053,13107,17037,0,0,0,110,100,100,0.0,64.1,0.0,64.8,-0.0,68.5,1,49,50,180,0,13107,0,0,0.0,0.0,0.0,0.0,1612792192.0,65.5,0.0,0.0,0.0,645,0,686,0,0,0,713,0,785,0,707,0,689,0,645,0,640,0,618,0.032,36700160.0,-0.0,0.0,29456,16789,457724000.0,0.0,-907107629006848.0,0.0,9088696057856.0,1.226794942098047e+19,29.0,60.0,70,0.0,0.0,0.0,0.0,0.0,0.0,0.0,0.0,0.0,0.0,0.0,0.0,0.0,0.0,0.0,0.0,59.2,68,12,65509,41,65476,0,300,0,0,8,20529,65476,0,0,61604,60.0,0.0,0.0,0.0,0.0,0.0
2026-04-04T11:49:53,ERR,ERR,ERR,ERR,ERR,ERR,ERR,ERR,ERR,ERR,ERR,ERR,ERR,ERR,ERR,ERR,ERR,ERR,ERR,ERR,ERR,ERR,ERR,ERR,ERR,ERR,ERR,ERR,ERR,ERR,ERR,ERR,ERR,ERR,ERR,ERR,ERR,ERR,ERR,ERR,ERR,ERR,ERR,ERR,ERR,ERR,ERR,ERR,ERR,ERR,ERR,ERR,ERR,ERR,ERR,ERR,ERR,ERR,ERR,ERR,ERR,ERR,ERR,ERR,ERR,ERR,ERR,ERR,ERR,ERR,ERR,ERR,ERR,ERR,ERR,ERR,ERR,ERR,ERR,ERR,ERR,ERR,ERR,ERR,ERR,ERR,ERR,ERR,ERR,ERR,ERR,ERR,ERR,ERR,ERR,ERR,ERR,ERR,ERR,ERR,ERR,ERR,ERR,ERR,ERR,ERR,ERR,ERR,ERR,ERR,ERR,ERR,ERR,ERR,ERR,ERR,ERR,ERR,ERR,ERR,ERR,ERR,ERR,ERR,ERR,-107615240.0,0.0,-117832800.0,0.0,0.0,0.0,0.0,nan,0,0,0,32768,0,0.0,0,0.0,0.0,0.0,0.0,0.0,0,0,0,0,0.0,0,0,0,0,0,0,0,0,0,0,0,0,0,0,0,0,0,0,0,0,0,0,0,0,0,0,0,0,0,0,0,0,0,0,0,0,0,0,0,0,0,0,0,0,0.0,0.0,0.0,0.0,0.0,0.0,0.0,0.0,0.0,0.0,0.0,0.0,0.0,0.0,0.0,0.0,0.0,0.0,0.0,0.0,0.0,0.0,2.004,-0.0,0.0,-2.004,0.0,0.0,0.0,0.0,3352.0,-0.0,0.0,-107615240.0,0.0,-107615232.0,-0.0,0.0,0.0,0.0,0.0,0,-2.3088382548096162e+20,0.0,0.0,0.0,0.0,0.0,0.0,0.0,0.0,0,0,0,0.0,0.0,0.0,0.0,0.0,0.0,0.0,0.0,0.0,0.0,0.0,0.0,0.0,0.0,0.0,0.0,0,-107875648.0,0,0.0,0,-107875648.0,0.0,0,39322,17038,0,17053,13107,17037,0,0,0,110,100,100,0.0,64.1,0.0,64.8,-0.0,68.5,1,49,50,180,0,13107,0,0,0.0,0.0,0.0,0.0,1612792192.0,65.5,0.0,0.0,0.0,645,0,686,0,0,0,713,0,785,0,707,0,689,0,645,0,640,0,618,0.032,36700160.0,-0.0,0.0,29456,16789,457724000.0,0.0,-907107629006848.0,0.0,9088696057856.0,1.226794942098047e+19,29.0,60.0,70,0.0,0.0,0.0,0.0,0.0,0.0,0.0,0.0,0.0,0.0,0.0,0.0,0.0,0.0,0.0,0.0,59.2,68,12,65509,41,65476,0,300,0,0,8,20529,65476,0,0,61604,60.0,0.0,0.0,0.0,0.0,0.0
2026-04-04T11:49:54,ERR,ERR,ERR,ERR,ERR,ERR,ERR,ERR,ERR,ERR,ERR,ERR,ERR,ERR,ERR,ERR,ERR,ERR,ERR,ERR,ERR,ERR,ERR,ERR,ERR,ERR,ERR,ERR,ERR,ERR,ERR,ERR,ERR,ERR,ERR,ERR,ERR,ERR,ERR,ERR,ERR,ERR,ERR,ERR,ERR,ERR,ERR,ERR,ERR,ERR,ERR,ERR,ERR,ERR,ERR,ERR,ERR,ERR,ERR,ERR,ERR,ERR,ERR,ERR,ERR,ERR,ERR,ERR,ERR,ERR,ERR,ERR,ERR,ERR,ERR,ERR,ERR,ERR,ERR,ERR,ERR,ERR,ERR,ERR,ERR,ERR,ERR,ERR,ERR,ERR,ERR,ERR,ERR,ERR,ERR,ERR,ERR,ERR,ERR,ERR,ERR,ERR,ERR,ERR,ERR,ERR,ERR,ERR,ERR,ERR,ERR,ERR,ERR,ERR,ERR,ERR,ERR,ERR,ERR,ERR,ERR,ERR,ERR,ERR,ERR,-107615240.0,0.0,-117832800.0,0.0,0.0,0.0,0.0,nan,0,0,0,32768,0,0.0,0,0.0,0.0,0.0,0.0,0.0,0,0,0,0,0.0,0,0,0,0,0,0,0,0,0,0,0,0,0,0,0,0,0,0,0,0,0,0,0,0,0,0,0,0,0,0,0,0,0,0,0,0,0,0,0,0,0,0,0,0,0.0,0.0,0.0,0.0,0.0,0.0,0.0,0.0,0.0,0.0,0.0,0.0,0.0,0.0,0.0,0.0,0.0,0.0,0.0,0.0,0.0,0.0,2.004,-0.0,0.0,-2.004,0.0,0.0,0.0,0.0,3352.0,-0.0,0.0,-107615240.0,0.0,-107615232.0,-0.0,0.0,0.0,0.0,0.0,0,-2.3088382548096162e+20,0.0,0.0,0.0,0.0,0.0,0.0,0.0,0.0,0,0,0,0.0,0.0,0.0,0.0,0.0,0.0,0.0,0.0,0.0,0.0,0.0,0.0,0.0,0.0,0.0,0.0,0,-107875648.0,0,0.0,0,-107875648.0,0.0,0,39322,17038,0,17053,13107,17037,0,0,0,110,100,100,0.0,64.0,0.0,64.9,-107615304.0,68.5,1,49,50,180,0,13107,0,0,0.0,0.0,0.0,0.0,0.0,65.5,0.0,0.0,0.0,645,0,686,0,0,0,713,0,785,0,706,0,689,0,645,0,640,0,619,0.032,36962304.0,-0.0,0.0,34448,16789,0.0,0.0,5.077001390347236e+32,-0.0,0.0,0.0,29.0,60.0,70,0.0,0.0,0.0,0.0,0.0,0.0,0.0,0.0,0.0,0.0,0.0,0.0,0.0,0.0,0.0,0.0,59.2,68,12,65509,41,65476,0,300,0,0,8,20529,65476,0,0,61604,60.0,0.0,0.0,0.0,0.0,0.0
2026-04-04T11:49:55,ERR,ERR,ERR,ERR,ERR,ERR,ERR,ERR,ERR,ERR,ERR,ERR,ERR,ERR,ERR,ERR,ERR,ERR,ERR,ERR,ERR,ERR,ERR,ERR,ERR,ERR,ERR,ERR,ERR,ERR,ERR,ERR,ERR,ERR,ERR,ERR,ERR,ERR,ERR,ERR,ERR,ERR,ERR,ERR,ERR,ERR,ERR,ERR,ERR,ERR,ERR,ERR,ERR,ERR,ERR,ERR,ERR,ERR,ERR,ERR,ERR,ERR,ERR,ERR,ERR,ERR,ERR,ERR,ERR,ERR,ERR,ERR,ERR,ERR,ERR,ERR,ERR,ERR,ERR,ERR,ERR,ERR,ERR,ERR,ERR,ERR,ERR,ERR,ERR,ERR,ERR,ERR,ERR,ERR,ERR,ERR,ERR,ERR,ERR,ERR,ERR,ERR,ERR,ERR,ERR,ERR,ERR,ERR,ERR,ERR,ERR,ERR,ERR,ERR,ERR,ERR,ERR,ERR,ERR,ERR,ERR,ERR,ERR,ERR,ERR,-107615240.0,0.0,-117832800.0,0.0,0.0,0.0,0.0,nan,0,0,0,32768,0,0.0,0,0.0,0.0,0.0,0.0,0.0,0,0,0,0,0.0,0,0,0,0,0,0,0,0,0,0,0,0,0,0,0,0,0,0,0,0,0,0,0,0,0,0,0,0,0,0,0,0,0,0,0,0,0,0,0,0,0,0,0,0,0.0,0.0,0.0,0.0,0.0,0.0,0.0,0.0,0.0,0.0,0.0,0.0,0.0,0.0,0.0,0.0,0.0,0.0,0.0,0.0,0.0,0.0,2.004,-0.0,-2.004,-2.004,0.0,0.0,0.0,0.0,3353.5,-0.0,0.0,-107615240.0,0.0,-0.0,-0.0,0.0,0.0,0.0,0.0,0,0.0,0.0,0.0,0.0,0.0,0.0,0.0,0.0,0.0,0,0,0,0.0,0.0,0.0,0.0,0.0,0.0,0.0,0.0,0.0,0.0,0.0,0.0,0.0,0.0,0.0,0.0,0,-107875648.0,0,0.0,0,-107875648.0,0.0,0,39322,17038,0,17053,13107,17037,0,0,0,110,100,100,0.0,64.0,0.0,64.9,-107615304.0,68.5,1,49,50,180,0,13107,0,0,0.0,0.0,0.0,0.0,0.0,65.5,0.0,0.0,0.0,645,0,686,0,0,0,713,0,785,0,706,0,689,0,645,0,640,0,619,0.032,36962304.0,-0.0,0.0,34448,16789,0.0,0.0,5.077001390347236e+32,-0.0,0.0,0.0,29.0,60.0,70,0.0,0.0,0.0,0.0,0.0,0.0,0.0,0.0,0.0,0.0,0.0,0.0,0.0,0.0,0.0,0.0,59.2,68,12,65509,41,65476,0,300,0,0,8,20529,65476,0,0,61604,60.0,0.0,0.0,0.0,0.0,0.0
2026-04-04T11:49:56,ERR,ERR,ERR,ERR,ERR,ERR,ERR,ERR,ERR,ERR,ERR,ERR,ERR,ERR,ERR,ERR,ERR,ERR,ERR,ERR,ERR,ERR,ERR,ERR,ERR,ERR,ERR,ERR,ERR,ERR,ERR,ERR,ERR,ERR,ERR,ERR,ERR,ERR,ERR,ERR,ERR,ERR,ERR,ERR,ERR,ERR,ERR,ERR,ERR,ERR,ERR,ERR,ERR,ERR,ERR,ERR,ERR,ERR,ERR,ERR,ERR,ERR,ERR,ERR,ERR,ERR,ERR,ERR,ERR,ERR,ERR,ERR,ERR,ERR,ERR,ERR,ERR,ERR,ERR,ERR,ERR,ERR,ERR,ERR,ERR,ERR,ERR,ERR,ERR,ERR,ERR,ERR,ERR,ERR,ERR,ERR,ERR,ERR,ERR,ERR,ERR,ERR,ERR,ERR,ERR,ERR,ERR,ERR,ERR,ERR,ERR,ERR,ERR,ERR,ERR,ERR,ERR,ERR,ERR,ERR,ERR,ERR,ERR,ERR,ERR,-107615240.0,0.0,-117832800.0,0.0,0.0,0.0,0.0,nan,0,0,0,32768,0,0.0,0,0.0,0.0,0.0,0.0,0.0,0,0,0,0,0.0,0,0,0,0,0,0,0,0,0,0,0,0,0,0,0,0,0,0,0,0,0,0,0,0,0,0,0,0,0,0,0,0,0,0,0,0,0,0,0,0,0,0,0,0,0.0,0.0,0.0,0.0,0.0,0.0,0.0,0.0,0.0,0.0,0.0,0.0,0.0,0.0,0.0,0.0,0.0,0.0,0.0,0.0,0.0,0.0,2.004,-0.0,-2.004,-2.004,0.0,0.0,0.0,0.0,3353.5,-0.0,0.0,-107615240.0,0.0,-0.0,-0.0,0.0,0.0,0.0,0.0,0,0.0,0.0,0.0,0.0,0.0,0.0,0.0,0.0,0.0,0,0,0,0.0,0.0,0.0,0.0,0.0,0.0,0.0,0.0,0.0,0.0,0.0,0.0,0.0,0.0,0.0,0.0,0,-107875648.0,0,0.0,0,-107875648.0,0.0,0,39322,17038,0,17053,13107,17037,0,0,0,110,100,100,0.0,64.0,0.0,64.9,-107615304.0,68.5,1,49,50,180,0,13107,0,0,0.0,0.0,0.0,0.0,0.0,65.5,0.0,0.0,0.0,645,0,686,0,0,0,713,0,785,0,706,0,689,0,645,0,640,0,619,0.032,36962304.0,-0.0,0.0,34448,16789,0.0,0.0,5.077001390347236e+32,-0.0,0.0,0.0,29.0,60.0,70,0.0,0.0,0.0,0.0,0.0,0.0,0.0,0.0,0.0,0.0,0.0,0.0,0.0,0.0,0.0,0.0,59.2,68,12,65509,41,65476,0,300,0,0,8,20529,65476,0,0,61604,60.0,0.0,0.0,0.0,0.0,0.0
2026-04-04T11:49:57,ERR,ERR,ERR,ERR,ERR,ERR,ERR,ERR,ERR,ERR,ERR,ERR,ERR,ERR,ERR,ERR,ERR,ERR,ERR,ERR,ERR,ERR,ERR,ERR,ERR,ERR,ERR,ERR,ERR,ERR,ERR,ERR,ERR,ERR,ERR,ERR,ERR,ERR,ERR,ERR,ERR,ERR,ERR,ERR,ERR,ERR,ERR,ERR,ERR,ERR,ERR,ERR,ERR,ERR,ERR,ERR,ERR,ERR,ERR,ERR,ERR,ERR,ERR,ERR,ERR,ERR,ERR,ERR,ERR,ERR,ERR,ERR,ERR,ERR,ERR,ERR,ERR,ERR,ERR,ERR,ERR,ERR,ERR,ERR,ERR,ERR,ERR,ERR,ERR,ERR,ERR,ERR,ERR,ERR,ERR,ERR,ERR,ERR,ERR,ERR,ERR,ERR,ERR,ERR,ERR,ERR,ERR,ERR,ERR,ERR,ERR,ERR,ERR,ERR,ERR,ERR,ERR,ERR,ERR,ERR,ERR,ERR,ERR,ERR,ERR,-107615240.0,0.0,-117832800.0,0.0,0.0,0.0,0.0,nan,0,0,0,32768,0,0.0,0,0.0,0.0,0.0,0.0,0.0,0,0,0,0,0.0,0,0,0,0,0,0,0,0,0,0,0,0,0,0,0,0,0,0,0,0,0,0,0,0,0,0,0,0,0,0,0,0,0,0,0,0,0,0,0,0,0,0,0,0,0.0,0.0,0.0,0.0,0.0,0.0,0.0,0.0,0.0,0.0,0.0,0.0,0.0,0.0,0.0,0.0,0.0,0.0,0.0,0.0,0.0,0.0,2.004,-0.0,-2.004,-2.004,0.0,0.0,0.0,0.0,3353.5,-0.0,0.0,-107615240.0,0.0,-0.0,-0.0,0.0,0.0,0.0,0.0,0,0.0,0.0,0.0,0.0,0.0,0.0,0.0,0.0,0.0,0,0,0,0.0,0.0,0.0,0.0,0.0,0.0,0.0,0.0,0.0,0.0,0.0,0.0,0.0,0.0,0.0,0.0,0,-107875648.0,0,0.0,0,-107875648.0,0.0,0,39322,17038,0,17053,13107,17037,0,0,0,110,100,100,0.0,64.0,0.0,64.9,-107615304.0,68.5,1,49,50,180,0,13107,0,0,0.0,0.0,0.0,0.0,0.0,65.5,0.0,0.0,0.0,645,0,686,0,0,0,713,0,785,0,706,0,689,0,645,0,640,0,619,0.032,36962304.0,-0.0,0.0,34448,16789,0.0,0.0,5.077001390347236e+32,-0.0,0.0,0.0,29.0,60.0,70,0.0,0.0,0.0,0.0,0.0,0.0,0.0,0.0,0.0,0.0,0.0,0.0,0.0,0.0,0.0,0.0,59.2,68,12,65509,41,65476,0,300,0,0,8,20529,65476,0,0,61604,60.0,0.0,0.0,0.0,0.0,0.0
2026-04-04T11:49:58,ERR,ERR,ERR,ERR,ERR,ERR,ERR,ERR,ERR,ERR,ERR,ERR,ERR,ERR,ERR,ERR,ERR,ERR,ERR,ERR,ERR,ERR,ERR,ERR,ERR,ERR,ERR,ERR,ERR,ERR,ERR,ERR,ERR,ERR,ERR,ERR,ERR,ERR,ERR,ERR,ERR,ERR,ERR,ERR,ERR,ERR,ERR,ERR,ERR,ERR,ERR,ERR,ERR,ERR,ERR,ERR,ERR,ERR,ERR,ERR,ERR,ERR,ERR,ERR,ERR,ERR,ERR,ERR,ERR,ERR,ERR,ERR,ERR,ERR,ERR,ERR,ERR,ERR,ERR,ERR,ERR,ERR,ERR,ERR,ERR,ERR,ERR,ERR,ERR,ERR,ERR,ERR,ERR,ERR,ERR,ERR,ERR,ERR,ERR,ERR,ERR,ERR,ERR,ERR,ERR,ERR,ERR,ERR,ERR,ERR,ERR,ERR,ERR,ERR,ERR,ERR,ERR,ERR,ERR,ERR,ERR,ERR,ERR,ERR,ERR,-107615240.0,0.0,-117832800.0,0.0,0.0,0.0,0.0,nan,0,0,0,32768,0,0.0,0,0.0,0.0,0.0,0.0,0.0,0,0,0,0,0.0,0,0,0,0,0,0,0,0,0,0,0,0,0,0,0,0,0,0,0,0,0,0,0,0,0,0,0,0,0,0,0,0,0,0,0,0,0,0,0,0,0,0,0,0,0.0,0.0,0.0,0.0,0.0,0.0,0.0,0.0,0.0,0.0,0.0,0.0,0.0,0.0,0.0,0.0,0.0,0.0,0.0,0.0,0.0,0.0,2.004,-0.0,-2.004,-2.004,0.0,0.0,0.0,0.0,3353.5,-0.0,0.0,-107615240.0,0.0,-0.0,-0.0,0.0,0.0,0.0,0.0,0,0.0,0.0,0.0,0.0,0.0,0.0,0.0,0.0,0.0,0,0,0,0.0,0.0,0.0,0.0,0.0,0.0,0.0,0.0,0.0,0.0,0.0,0.0,0.0,0.0,0.0,0.0,0,-107875648.0,0,0.0,0,-107875648.0,0.0,0,39322,17038,0,17053,13107,17037,0,0,0,110,100,100,0.0,64.0,0.0,64.9,-107615304.0,68.5,1,49,50,180,0,13107,0,0,0.0,0.0,0.0,0.0,0.0,65.5,0.0,0.0,0.0,645,0,686,0,0,0,713,0,785,0,706,0,689,0,645,0,640,0,619,0.032,36962304.0,-0.0,0.0,34448,16789,0.0,0.0,5.077001390347236e+32,-0.0,0.0,0.0,29.0,60.0,70,0.0,0.0,0.0,0.0,0.0,0.0,0.0,0.0,0.0,0.0,0.0,0.0,0.0,0.0,0.0,0.0,59.2,68,12,65509,41,65476,0,300,0,0,8,20529,65476,0,0,61604,60.0,0.0,0.0,0.0,0.0,0.0
2026-04-04T11:49:59,ERR,ERR,ERR,ERR,ERR,ERR,ERR,ERR,ERR,ERR,ERR,ERR,ERR,ERR,ERR,ERR,ERR,ERR,ERR,ERR,ERR,ERR,ERR,ERR,ERR,ERR,ERR,ERR,ERR,ERR,ERR,ERR,ERR,ERR,ERR,ERR,ERR,ERR,ERR,ERR,ERR,ERR,ERR,ERR,ERR,ERR,ERR,ERR,ERR,ERR,ERR,ERR,ERR,ERR,ERR,ERR,ERR,ERR,ERR,ERR,ERR,ERR,ERR,ERR,ERR,ERR,ERR,ERR,ERR,ERR,ERR,ERR,ERR,ERR,ERR,ERR,ERR,ERR,ERR,ERR,ERR,ERR,ERR,ERR,ERR,ERR,ERR,ERR,ERR,ERR,ERR,ERR,ERR,ERR,ERR,ERR,ERR,ERR,ERR,ERR,ERR,ERR,ERR,ERR,ERR,ERR,ERR,ERR,ERR,ERR,ERR,ERR,ERR,ERR,ERR,ERR,ERR,ERR,ERR,ERR,ERR,ERR,ERR,ERR,ERR,-107615240.0,0.0,-117832800.0,0.0,0.0,0.0,0.0,nan,0,0,0,32768,0,0.0,0,0.0,0.0,0.0,0.0,0.0,0,0,0,0,0.0,0,0,0,0,0,0,0,0,0,0,0,0,0,0,0,0,0,0,0,0,0,0,0,0,0,0,0,0,0,0,0,0,0,0,0,0,0,0,0,0,0,0,0,0,0.0,0.0,0.0,0.0,0.0,0.0,0.0,0.0,0.0,0.0,0.0,0.0,0.0,0.0,0.0,0.0,0.0,0.0,0.0,0.0,0.0,0.0,2.004,-0.0,-2.004,-2.004,0.0,0.0,0.0,0.0,3353.5,-0.0,0.0,-107615240.0,0.0,-0.0,-0.0,0.0,0.0,0.0,0.0,0,0.0,0.0,0.0,0.0,0.0,0.0,0.0,0.0,0.0,0,0,0,0.0,0.0,0.0,0.0,0.0,0.0,0.0,0.0,0.0,0.0,0.0,0.0,0.0,0.0,0.0,0.0,0,-107875648.0,0,0.0,0,-107875648.0,0.0,0,39322,17038,0,17053,13107,17037,0,0,0,110,100,100,0.0,64.0,0.0,64.9,-107615304.0,68.5,1,49,50,180,0,13107,0,0,0.0,0.0,0.0,0.0,0.0,65.5,0.0,0.0,0.0,645,0,686,0,0,0,713,0,785,0,706,0,689,0,645,0,640,0,619,0.032,36962304.0,-0.0,0.0,34448,16789,0.0,0.0,5.077001390347236e+32,-0.0,0.0,0.0,29.0,60.0,70,0.0,0.0,0.0,0.0,0.0,0.0,0.0,0.0,0.0,0.0,0.0,0.0,0.0,0.0,0.0,0.0,59.2,68,12,65509,41,65476,0,300,0,0,8,20529,65476,0,0,61604,60.0,0.0,0.0,0.0,0.0,0.0
2026-04-04T11:50:00,ERR,ERR,ERR,ERR,ERR,ERR,ERR,ERR,ERR,ERR,ERR,ERR,ERR,ERR,ERR,ERR,ERR,ERR,ERR,ERR,ERR,ERR,ERR,ERR,ERR,ERR,ERR,ERR,ERR,ERR,ERR,ERR,ERR,ERR,ERR,ERR,ERR,ERR,ERR,ERR,ERR,ERR,ERR,ERR,ERR,ERR,ERR,ERR,ERR,ERR,ERR,ERR,ERR,ERR,ERR,ERR,ERR,ERR,ERR,ERR,ERR,ERR,ERR,ERR,ERR,ERR,ERR,ERR,ERR,ERR,ERR,ERR,ERR,ERR,ERR,ERR,ERR,ERR,ERR,ERR,ERR,ERR,ERR,ERR,ERR,ERR,ERR,ERR,ERR,ERR,ERR,ERR,ERR,ERR,ERR,ERR,ERR,ERR,ERR,ERR,ERR,ERR,ERR,ERR,ERR,ERR,ERR,ERR,ERR,ERR,ERR,ERR,ERR,ERR,ERR,ERR,ERR,ERR,ERR,ERR,ERR,ERR,ERR,ERR,ERR,-107615240.0,0.0,-117832800.0,0.0,0.0,0.0,0.0,nan,0,0,0,32768,0,0.0,0,0.0,0.0,0.0,0.0,0.0,0,0,0,0,0.0,0,0,0,0,0,0,0,0,0,0,0,0,0,0,0,0,0,0,0,0,0,0,0,0,0,0,0,0,0,0,0,0,0,0,0,0,0,0,0,0,0,0,0,0,0.0,0.0,0.0,0.0,0.0,0.0,0.0,0.0,0.0,0.0,0.0,0.0,0.0,0.0,0.0,0.0,0.0,0.0,0.0,0.0,0.0,0.0,2.004,-0.0,-2.004,-2.004,0.0,0.0,0.0,0.0,3353.5,-0.0,0.0,-107615240.0,0.0,-0.0,-0.0,0.0,0.0,0.0,0.0,0,0.0,0.0,0.0,0.0,0.0,0.0,0.0,0.0,0.0,0,0,0,0.0,0.0,0.0,0.0,0.0,0.0,0.0,0.0,0.0,0.0,0.0,0.0,0.0,0.0,0.0,0.0,0,-107875648.0,0,0.0,0,-107875648.0,0.0,0,39322,17038,0,17053,13107,17037,0,0,0,110,100,100,0.0,64.0,0.0,64.8,-0.0,68.5,1,49,50,180,0,13107,0,0,0.0,0.0,0.0,0.0,0.001,65.5,0.0,276260735418368.0,0.0,645,0,686,0,0,0,713,0,785,0,706,0,689,0,646,0,640,0,619,0.032,36700160.0,-2.004,-0.0,26768,16789,142.26,3476.123,-4990834311168.0,-6.354841971848018e+21,83353468928.0,2.4383051177918464e+16,29.0,60.0,70,0.0,0.0,0.0,0.0,0.0,0.0,0.0,0.0,0.0,0.0,0.0,0.0,0.0,0.0,0.0,0.0,59.2,68,12,65509,41,65476,0,300,0,0,8,20529,65476,0,0,61604,60.0,0.0,0.0,0.0,0.0,0.0
2026-04-04T11:50:01,ERR,ERR,ERR,ERR,ERR,ERR,ERR,ERR,ERR,ERR,ERR,ERR,ERR,ERR,ERR,ERR,ERR,ERR,ERR,ERR,ERR,ERR,ERR,ERR,ERR,ERR,ERR,ERR,ERR,ERR,ERR,ERR,ERR,ERR,ERR,ERR,ERR,ERR,ERR,ERR,ERR,ERR,ERR,ERR,ERR,ERR,ERR,ERR,ERR,ERR,ERR,ERR,ERR,ERR,ERR,ERR,ERR,ERR,ERR,ERR,ERR,ERR,ERR,ERR,ERR,ERR,ERR,ERR,ERR,ERR,ERR,ERR,ERR,ERR,ERR,ERR,ERR,ERR,ERR,ERR,ERR,ERR,ERR,ERR,ERR,ERR,ERR,ERR,ERR,ERR,ERR,ERR,ERR,ERR,ERR,ERR,ERR,ERR,ERR,ERR,ERR,ERR,ERR,ERR,ERR,ERR,ERR,ERR,ERR,ERR,ERR,ERR,ERR,ERR,ERR,ERR,ERR,ERR,ERR,ERR,ERR,ERR,ERR,ERR,ERR,-107615240.0,0.0,-117832800.0,0.0,0.0,0.0,0.0,nan,0,0,0,32768,0,0.0,0,0.0,0.0,0.0,0.0,0.0,0,0,0,0,0.0,0,0,0,0,0,0,0,0,0,0,0,0,0,0,0,0,0,0,0,0,0,0,0,0,0,0,0,0,0,0,0,0,0,0,0,0,0,0,0,0,0,0,0,0,0.0,0.0,0.0,0.0,0.0,0.0,0.0,0.0,0.0,0.0,0.0,0.0,0.0,0.0,0.0,0.0,0.0,0.0,0.0,0.0,0.0,0.0,2.004,-0.0,-2.004,-2.004,0.0,0.0,0.0,0.0,3353.5,-0.0,0.0,-107615240.0,0.0,-0.0,-0.0,0.0,0.0,0.0,0.0,0,0.0,0.0,0.0,0.0,0.0,0.0,0.0,0.0,0.0,0,0,0,0.0,0.0,0.0,0.0,0.0,0.0,0.0,0.0,0.0,0.0,0.0,0.0,0.0,0.0,0.0,0.0,0,-107875648.0,0,0.0,0,-107875648.0,0.0,0,39322,17038,0,17053,13107,17037,0,0,0,110,100,100,0.0,64.0,0.0,64.8,-0.0,68.5,1,49,50,180,0,13107,0,0,0.0,0.0,0.0,0.0,0.001,65.5,0.0,276260735418368.0,0.0,645,0,686,0,0,0,713,0,785,0,706,0,689,0,646,0,640,0,619,0.032,36700160.0,-2.004,-0.0,26768,16789,142.26,3476.123,-4990834311168.0,-6.354841971848018e+21,83353468928.0,2.4383051177918464e+16,29.0,60.0,70,0.0,0.0,0.0,0.0,0.0,0.0,0.0,0.0,0.0,0.0,0.0,0.0,0.0,0.0,0.0,0.0,59.2,68,12,65509,41,65476,0,300,0,0,8,20529,65476,0,0,61604,60.0,0.0,0.0,0.0,0.0,0.0
2026-04-04T11:50:02,ERR,ERR,ERR,ERR,ERR,ERR,ERR,ERR,ERR,ERR,ERR,ERR,ERR,ERR,ERR,ERR,ERR,ERR,ERR,ERR,ERR,ERR,ERR,ERR,ERR,ERR,ERR,ERR,ERR,ERR,ERR,ERR,ERR,ERR,ERR,ERR,ERR,ERR,ERR,ERR,ERR,ERR,ERR,ERR,ERR,ERR,ERR,ERR,ERR,ERR,ERR,ERR,ERR,ERR,ERR,ERR,ERR,ERR,ERR,ERR,ERR,ERR,ERR,ERR,ERR,ERR,ERR,ERR,ERR,ERR,ERR,ERR,ERR,ERR,ERR,ERR,ERR,ERR,ERR,ERR,ERR,ERR,ERR,ERR,ERR,ERR,ERR,ERR,ERR,ERR,ERR,ERR,ERR,ERR,ERR,ERR,ERR,ERR,ERR,ERR,ERR,ERR,ERR,ERR,ERR,ERR,ERR,ERR,ERR,ERR,ERR,ERR,ERR,ERR,ERR,ERR,ERR,ERR,ERR,ERR,ERR,ERR,ERR,ERR,ERR,-107615240.0,0.0,-117832800.0,0.0,0.0,0.0,0.0,nan,0,0,0,32768,0,0.0,0,0.0,0.0,0.0,0.0,0.0,0,0,0,0,0.0,0,0,0,0,0,0,0,0,0,0,0,0,0,0,0,0,0,0,0,0,0,0,0,0,0,0,0,0,0,0,0,0,0,0,0,0,0,0,0,0,0,0,0,0,0.0,0.0,0.0,0.0,0.0,0.0,0.0,0.0,0.0,0.0,0.0,0.0,0.0,0.0,0.0,0.0,0.0,0.0,0.0,0.0,0.0,0.0,2.004,-0.0,-2.004,-2.004,0.0,0.0,0.0,0.0,3353.5,-0.0,0.0,-107615240.0,0.0,-0.0,-0.0,0.0,0.0,0.0,0.0,0,0.0,0.0,0.0,0.0,0.0,0.0,0.0,0.0,0.0,0,0,0,0.0,0.0,0.0,0.0,0.0,0.0,0.0,0.0,0.0,0.0,0.0,0.0,0.0,0.0,0.0,0.0,0,-107875648.0,0,0.0,0,-107875648.0,0.0,0,39322,17038,0,17053,13107,17037,0,0,0,110,100,100,0.0,64.0,0.0,64.8,-0.0,68.5,1,49,50,180,0,13107,0,0,0.0,0.0,0.0,0.0,0.001,65.5,0.0,276260735418368.0,0.0,645,0,686,0,0,0,713,0,785,0,706,0,689,0,646,0,640,0,619,0.032,36700160.0,-2.004,-0.0,26768,16789,142.26,3476.123,-4990834311168.0,-6.354841971848018e+21,83353468928.0,2.4383051177918464e+16,29.0,60.0,70,0.0,0.0,0.0,0.0,0.0,0.0,0.0,0.0,0.0,0.0,0.0,0.0,0.0,0.0,0.0,0.0,59.2,68,12,65509,41,65476,0,300,0,0,8,20529,65476,0,0,61604,60.0,0.0,0.0,0.0,0.0,0.0
2026-04-04T11:50:03,ERR,ERR,ERR,ERR,ERR,ERR,ERR,ERR,ERR,ERR,ERR,ERR,ERR,ERR,ERR,ERR,ERR,ERR,ERR,ERR,ERR,ERR,ERR,ERR,ERR,ERR,ERR,ERR,ERR,ERR,ERR,ERR,ERR,ERR,ERR,ERR,ERR,ERR,ERR,ERR,ERR,ERR,ERR,ERR,ERR,ERR,ERR,ERR,ERR,ERR,ERR,ERR,ERR,ERR,ERR,ERR,ERR,ERR,ERR,ERR,ERR,ERR,ERR,ERR,ERR,ERR,ERR,ERR,ERR,ERR,ERR,ERR,ERR,ERR,ERR,ERR,ERR,ERR,ERR,ERR,ERR,ERR,ERR,ERR,ERR,ERR,ERR,ERR,ERR,ERR,ERR,ERR,ERR,ERR,ERR,ERR,ERR,ERR,ERR,ERR,ERR,ERR,ERR,ERR,ERR,ERR,ERR,ERR,ERR,ERR,ERR,ERR,ERR,ERR,ERR,ERR,ERR,ERR,ERR,ERR,ERR,ERR,ERR,ERR,ERR,-107615240.0,0.0,-117832800.0,0.0,0.0,0.0,0.0,nan,0,0,0,32768,0,0.0,0,0.0,0.0,0.0,0.0,0.0,0,0,0,0,0.0,0,0,0,0,0,0,0,0,0,0,0,0,0,0,0,0,0,0,0,0,0,0,0,0,0,0,0,0,0,0,0,0,0,0,0,0,0,0,0,0,0,0,0,0,0.0,0.0,0.0,0.0,0.0,0.0,0.0,0.0,0.0,0.0,0.0,0.0,0.0,0.0,0.0,0.0,0.0,0.0,0.0,0.0,0.0,0.0,2.004,-0.0,-2.004,-2.004,0.0,0.0,0.0,0.0,3353.5,-0.0,0.0,-107615240.0,0.0,-0.0,-0.0,0.0,0.0,0.0,0.0,0,0.0,0.0,0.0,0.0,0.0,0.0,0.0,0.0,0.0,0,0,0,0.0,0.0,0.0,0.0,0.0,0.0,0.0,0.0,0.0,0.0,0.0,0.0,0.0,0.0,0.0,0.0,0,-107875648.0,0,0.0,0,-107875648.0,0.0,0,39322,17038,0,17053,13107,17037,0,0,0,110,100,100,0.0,64.0,0.0,64.8,-0.0,68.5,1,49,50,180,0,13107,0,0,0.0,0.0,0.0,0.0,0.001,65.5,0.0,276260735418368.0,0.0,645,0,686,0,0,0,713,0,785,0,706,0,689,0,646,0,640,0,619,0.032,36700160.0,-2.004,-0.0,26768,16789,142.26,3476.123,-4990834311168.0,-6.354841971848018e+21,83353468928.0,2.4383051177918464e+16,29.0,60.0,70,0.0,0.0,0.0,0.0,0.0,0.0,0.0,0.0,0.0,0.0,0.0,0.0,0.0,0.0,0.0,0.0,59.2,68,12,65509,41,65476,0,300,0,0,8,20529,65476,0,0,61604,60.0,0.0,0.0,0.0,0.0,0.0
2026-04-04T11:50:04,ERR,ERR,ERR,ERR,ERR,ERR,ERR,ERR,ERR,ERR,ERR,ERR,ERR,ERR,ERR,ERR,ERR,ERR,ERR,ERR,ERR,ERR,ERR,ERR,ERR,ERR,ERR,ERR,ERR,ERR,ERR,ERR,ERR,ERR,ERR,ERR,ERR,ERR,ERR,ERR,ERR,ERR,ERR,ERR,ERR,ERR,ERR,ERR,ERR,ERR,ERR,ERR,ERR,ERR,ERR,ERR,ERR,ERR,ERR,ERR,ERR,ERR,ERR,ERR,ERR,ERR,ERR,ERR,ERR,ERR,ERR,ERR,ERR,ERR,ERR,ERR,ERR,ERR,ERR,ERR,ERR,ERR,ERR,ERR,ERR,ERR,ERR,ERR,ERR,ERR,ERR,ERR,ERR,ERR,ERR,ERR,ERR,ERR,ERR,ERR,ERR,ERR,ERR,ERR,ERR,ERR,ERR,ERR,ERR,ERR,ERR,ERR,ERR,ERR,ERR,ERR,ERR,ERR,ERR,ERR,ERR,ERR,ERR,ERR,ERR,-107615240.0,0.0,-117832800.0,0.0,0.0,0.0,0.0,nan,0,0,0,32768,0,0.0,0,0.0,0.0,0.0,0.0,0.0,0,0,0,0,0.0,0,0,0,0,0,0,0,0,0,0,0,0,0,0,0,0,0,0,0,0,0,0,0,0,0,0,0,0,0,0,0,0,0,0,0,0,0,0,0,0,0,0,0,0,0.0,0.0,0.0,0.0,0.0,0.0,0.0,0.0,0.0,0.0,0.0,0.0,0.0,0.0,0.0,0.0,0.0,0.0,0.0,0.0,0.0,0.0,2.004,-0.0,0.0,-2.004,0.0,0.0,0.0,0.0,3353.5,-0.0,0.0,-107615240.0,0.0,-0.0,-0.0,0.0,0.0,0.0,0.0,0,-4.0668755697950344e+29,0.0,0.0,0.0,0.0,0.0,0.0,0.0,0.0,0,0,0,0.0,0.0,0.0,0.0,0.0,0.0,0.0,0.0,0.0,0.0,0.0,0.0,0.0,0.0,0.0,0.0,0,-107875648.0,0,0.0,0,-107875648.0,-107877712.0,0,39322,17038,0,17053,13107,17037,0,0,0,110,100,100,0.0,64.0,0.0,64.8,-0.0,68.5,1,49,50,180,0,13107,0,0,0.0,0.0,0.0,0.0,0.001,65.5,0.0,276260735418368.0,0.0,645,0,686,0,0,0,713,0,785,0,706,0,689,0,646,0,640,0,619,0.032,36700160.0,-2.004,-0.0,26768,16789,142.26,3476.123,-4990834311168.0,-6.354841971848018e+21,83353468928.0,2.4383051177918464e+16,29.0,60.0,70,0.0,0.0,0.0,0.0,0.0,0.0,0.0,0.0,0.0,0.0,0.0,0.0,0.0,0.0,0.0,0.0,59.2,68,12,65509,41,65476,0,300,0,0,8,20529,65476,0,0,61604,60.0,0.0,0.0,0.0,0.0,0.0
2026-04-04T11:50:05,ERR,ERR,ERR,ERR,ERR,ERR,ERR,ERR,ERR,ERR,ERR,ERR,ERR,ERR,ERR,ERR,ERR,ERR,ERR,ERR,ERR,ERR,ERR,ERR,ERR,ERR,ERR,ERR,ERR,ERR,ERR,ERR,ERR,ERR,ERR,ERR,ERR,ERR,ERR,ERR,ERR,ERR,ERR,ERR,ERR,ERR,ERR,ERR,ERR,ERR,ERR,ERR,ERR,ERR,ERR,ERR,ERR,ERR,ERR,ERR,ERR,ERR,ERR,ERR,ERR,ERR,ERR,ERR,ERR,ERR,ERR,ERR,ERR,ERR,ERR,ERR,ERR,ERR,ERR,ERR,ERR,ERR,ERR,ERR,ERR,ERR,ERR,ERR,ERR,ERR,ERR,ERR,ERR,ERR,ERR,ERR,ERR,ERR,ERR,ERR,ERR,ERR,ERR,ERR,ERR,ERR,ERR,ERR,ERR,ERR,ERR,ERR,ERR,ERR,ERR,ERR,ERR,ERR,ERR,ERR,ERR,ERR,ERR,ERR,ERR,-107615240.0,0.0,-117832800.0,0.0,0.0,0.0,0.0,nan,0,0,0,32768,0,0.0,0,0.0,0.0,0.0,0.0,0.0,0,0,0,0,0.0,0,0,0,0,0,0,0,0,0,0,0,0,0,0,0,0,0,0,0,0,0,0,0,0,0,0,0,0,0,0,0,0,0,0,0,0,0,0,0,0,0,0,0,0,0.0,0.0,0.0,0.0,0.0,0.0,0.0,0.0,0.0,0.0,0.0,0.0,0.0,0.0,0.0,0.0,0.0,0.0,0.0,0.0,0.0,0.0,2.004,-0.0,0.0,-2.004,0.0,0.0,0.0,0.0,3353.5,-0.0,0.0,-107615240.0,0.0,-0.0,-0.0,0.0,0.0,0.0,0.0,0,-4.0668755697950344e+29,0.0,0.0,0.0,0.0,0.0,0.0,0.0,0.0,0,0,0,0.0,0.0,0.0,0.0,0.0,0.0,0.0,0.0,0.0,0.0,0.0,0.0,0.0,0.0,0.0,0.0,0,-107875648.0,0,0.0,0,-107875648.0,-107877712.0,0,39322,17038,0,17053,13107,17037,0,0,0,110,100,100,0.0,64.0,0.0,64.8,-0.0,68.5,1,49,50,180,0,13107,0,0,0.0,0.0,0.0,0.0,0.001,65.5,0.0,276260735418368.0,0.0,645,0,686,0,0,0,713,0,785,0,706,0,689,0,646,0,640,0,619,0.032,36700160.0,-2.004,-0.0,26768,16789,142.26,3476.123,-4990834311168.0,-6.354841971848018e+21,83353468928.0,2.4383051177918464e+16,29.0,60.0,70,0.0,0.0,0.0,0.0,0.0,0.0,0.0,0.0,0.0,0.0,0.0,0.0,0.0,0.0,0.0,0.0,59.2,68,12,65509,41,65476,0,300,0,0,8,20529,65476,0,0,61604,60.0,0.0,0.0,0.0,0.0,0.0
2026-04-04T11:50:06,ERR,ERR,ERR,ERR,ERR,ERR,ERR,ERR,ERR,ERR,ERR,ERR,ERR,ERR,ERR,ERR,ERR,ERR,ERR,ERR,ERR,ERR,ERR,ERR,ERR,ERR,ERR,ERR,ERR,ERR,ERR,ERR,ERR,ERR,ERR,ERR,ERR,ERR,ERR,ERR,ERR,ERR,ERR,ERR,ERR,ERR,ERR,ERR,ERR,ERR,ERR,ERR,ERR,ERR,ERR,ERR,ERR,ERR,ERR,ERR,ERR,ERR,ERR,ERR,ERR,ERR,ERR,ERR,ERR,ERR,ERR,ERR,ERR,ERR,ERR,ERR,ERR,ERR,ERR,ERR,ERR,ERR,ERR,ERR,ERR,ERR,ERR,ERR,ERR,ERR,ERR,ERR,ERR,ERR,ERR,ERR,ERR,ERR,ERR,ERR,ERR,ERR,ERR,ERR,ERR,ERR,ERR,ERR,ERR,ERR,ERR,ERR,ERR,ERR,ERR,ERR,ERR,ERR,ERR,ERR,ERR,ERR,ERR,ERR,ERR,-107615240.0,0.0,-117832800.0,0.0,0.0,0.0,0.0,nan,0,0,0,32768,0,0.0,0,0.0,0.0,0.0,0.0,0.0,0,0,0,0,0.0,0,0,0,0,0,0,0,0,0,0,0,0,0,0,0,0,0,0,0,0,0,0,0,0,0,0,0,0,0,0,0,0,0,0,0,0,0,0,0,0,0,0,0,0,0.0,0.0,0.0,0.0,0.0,0.0,0.0,0.0,0.0,0.0,0.0,0.0,0.0,0.0,0.0,0.0,0.0,0.0,0.0,0.0,0.0,0.0,2.004,-0.0,0.0,-2.004,0.0,0.0,0.0,0.0,3353.5,-0.0,0.0,-107615240.0,0.0,-0.0,-0.0,0.0,0.0,0.0,0.0,0,-4.0668755697950344e+29,0.0,0.0,0.0,0.0,0.0,0.0,0.0,0.0,0,0,0,0.0,0.0,0.0,0.0,0.0,0.0,0.0,0.0,0.0,0.0,0.0,0.0,0.0,0.0,0.0,0.0,0,-107875648.0,0,0.0,0,-107875648.0,-107877712.0,0,39322,17038,0,17053,13107,17037,0,0,0,110,100,100,0.0,64.0,0.0,64.8,-0.0,68.5,1,49,50,180,0,13107,0,0,0.0,0.0,0.0,0.0,0.0,65.5,0.0,0.0,0.0,645,0,686,0,0,0,713,0,785,0,706,0,688,0,646,0,640,0,619,0.032,36700160.0,-2.004,-0.0,22032,16789,0.278,127685007245312.0,-2718755454976.0,-135926210625536.0,30636261376.0,6588344003723264.0,29.0,60.0,70,0.0,0.0,0.0,0.0,0.0,0.0,0.0,0.0,0.0,0.0,0.0,0.0,0.0,0.0,0.0,0.0,59.6,68,12,65509,41,65476,0,300,0,0,8,20529,65476,0,0,61604,60.0,0.0,0.0,0.0,0.0,0.0
2026-04-04T11:50:07,ERR,ERR,ERR,ERR,ERR,ERR,ERR,ERR,ERR,ERR,ERR,ERR,ERR,ERR,ERR,ERR,ERR,ERR,ERR,ERR,ERR,ERR,ERR,ERR,ERR,ERR,ERR,ERR,ERR,ERR,ERR,ERR,ERR,ERR,ERR,ERR,ERR,ERR,ERR,ERR,ERR,ERR,ERR,ERR,ERR,ERR,ERR,ERR,ERR,ERR,ERR,ERR,ERR,ERR,ERR,ERR,ERR,ERR,ERR,ERR,ERR,ERR,ERR,ERR,ERR,ERR,ERR,ERR,ERR,ERR,ERR,ERR,ERR,ERR,ERR,ERR,ERR,ERR,ERR,ERR,ERR,ERR,ERR,ERR,ERR,ERR,ERR,ERR,ERR,ERR,ERR,ERR,ERR,ERR,ERR,ERR,ERR,ERR,ERR,ERR,ERR,ERR,ERR,ERR,ERR,ERR,ERR,ERR,ERR,ERR,ERR,ERR,ERR,ERR,ERR,ERR,ERR,ERR,ERR,ERR,ERR,ERR,ERR,ERR,ERR,-107615240.0,0.0,-117832800.0,0.0,0.0,0.0,0.0,nan,0,0,0,32768,0,0.0,0,0.0,0.0,0.0,0.0,0.0,0,0,0,0,0.0,0,0,0,0,0,0,0,0,0,0,0,0,0,0,0,0,0,0,0,0,0,0,0,0,0,0,0,0,0,0,0,0,0,0,0,0,0,0,0,0,0,0,0,0,0.0,0.0,0.0,0.0,0.0,0.0,0.0,0.0,0.0,0.0,0.0,0.0,0.0,0.0,0.0,0.0,0.0,0.0,0.0,0.0,0.0,0.0,2.004,-0.0,0.0,-2.004,0.0,0.0,0.0,0.0,3353.5,-0.0,0.0,-107615240.0,0.0,-0.0,-0.0,0.0,0.0,0.0,0.0,0,-4.0668755697950344e+29,0.0,0.0,0.0,0.0,0.0,0.0,0.0,0.0,0,0,0,0.0,0.0,0.0,0.0,0.0,0.0,0.0,0.0,0.0,0.0,0.0,0.0,0.0,0.0,0.0,0.0,0,-107875648.0,0,0.0,0,-107875648.0,-107877712.0,0,39322,17038,0,17053,13107,17037,0,0,0,110,100,100,0.0,64.0,0.0,64.8,-0.0,68.5,1,49,50,180,0,13107,0,0,0.0,0.0,0.0,0.0,0.0,65.5,0.0,0.0,0.0,645,0,686,0,0,0,713,0,785,0,706,0,688,0,646,0,640,0,619,0.032,36700160.0,-2.004,-0.0,22032,16789,0.278,127685007245312.0,-2718755454976.0,-135926210625536.0,30636261376.0,6588344003723264.0,29.0,60.0,70,0.0,0.0,0.0,0.0,0.0,0.0,0.0,0.0,0.0,0.0,0.0,0.0,0.0,0.0,0.0,0.0,59.6,68,12,65509,41,65476,0,300,0,0,8,20529,65476,0,0,61604,60.0,0.0,0.0,0.0,0.0,0.0
2026-04-04T11:50:08,ERR,ERR,ERR,ERR,ERR,ERR,ERR,ERR,ERR,ERR,ERR,ERR,ERR,ERR,ERR,ERR,ERR,ERR,ERR,ERR,ERR,ERR,ERR,ERR,ERR,ERR,ERR,ERR,ERR,ERR,ERR,ERR,ERR,ERR,ERR,ERR,ERR,ERR,ERR,ERR,ERR,ERR,ERR,ERR,ERR,ERR,ERR,ERR,ERR,ERR,ERR,ERR,ERR,ERR,ERR,ERR,ERR,ERR,ERR,ERR,ERR,ERR,ERR,ERR,ERR,ERR,ERR,ERR,ERR,ERR,ERR,ERR,ERR,ERR,ERR,ERR,ERR,ERR,ERR,ERR,ERR,ERR,ERR,ERR,ERR,ERR,ERR,ERR,ERR,ERR,ERR,ERR,ERR,ERR,ERR,ERR,ERR,ERR,ERR,ERR,ERR,ERR,ERR,ERR,ERR,ERR,ERR,ERR,ERR,ERR,ERR,ERR,ERR,ERR,ERR,ERR,ERR,ERR,ERR,ERR,ERR,ERR,ERR,ERR,ERR,-107615240.0,0.0,-117832800.0,0.0,0.0,0.0,0.0,nan,0,0,0,32768,0,0.0,0,0.0,0.0,0.0,0.0,0.0,0,0,0,0,0.0,0,0,0,0,0,0,0,0,0,0,0,0,0,0,0,0,0,0,0,0,0,0,0,0,0,0,0,0,0,0,0,0,0,0,0,0,0,0,0,0,0,0,0,0,0.0,0.0,0.0,0.0,0.0,0.0,0.0,0.0,0.0,0.0,0.0,0.0,0.0,0.0,0.0,0.0,0.0,0.0,0.0,0.0,0.0,0.0,2.004,-0.0,0.0,-2.004,0.0,0.0,0.0,0.0,3353.5,-0.0,0.0,-107615240.0,0.0,-0.0,-0.0,0.0,0.0,0.0,0.0,0,-4.0668755697950344e+29,0.0,0.0,0.0,0.0,0.0,0.0,0.0,0.0,0,0,0,0.0,0.0,0.0,0.0,0.0,0.0,0.0,0.0,0.0,0.0,0.0,0.0,0.0,0.0,0.0,0.0,0,-107875648.0,0,0.0,0,-107875648.0,-107877712.0,0,39322,17038,0,17053,13107,17037,0,0,0,110,100,100,0.0,64.0,0.0,64.8,-0.0,68.5,1,49,50,180,0,13107,0,0,0.0,0.0,0.0,0.0,0.0,65.5,0.0,0.0,0.0,645,0,686,0,0,0,713,0,785,0,706,0,688,0,646,0,640,0,619,0.032,36700160.0,-2.004,-0.0,22032,16789,0.278,127685007245312.0,-2718755454976.0,-135926210625536.0,30636261376.0,6588344003723264.0,29.0,60.0,70,0.0,0.0,0.0,0.0,0.0,0.0,0.0,0.0,0.0,0.0,0.0,0.0,0.0,0.0,0.0,0.0,59.2,68,12,65509,41,65476,0,300,0,0,8,20529,65476,0,0,61604,60.0,0.0,0.0,0.0,0.0,0.0
2026-04-04T11:50:09,ERR,ERR,ERR,ERR,ERR,ERR,ERR,ERR,ERR,ERR,ERR,ERR,ERR,ERR,ERR,ERR,ERR,ERR,ERR,ERR,ERR,ERR,ERR,ERR,ERR,ERR,ERR,ERR,ERR,ERR,ERR,ERR,ERR,ERR,ERR,ERR,ERR,ERR,ERR,ERR,ERR,ERR,ERR,ERR,ERR,ERR,ERR,ERR,ERR,ERR,ERR,ERR,ERR,ERR,ERR,ERR,ERR,ERR,ERR,ERR,ERR,ERR,ERR,ERR,ERR,ERR,ERR,ERR,ERR,ERR,ERR,ERR,ERR,ERR,ERR,ERR,ERR,ERR,ERR,ERR,ERR,ERR,ERR,ERR,ERR,ERR,ERR,ERR,ERR,ERR,ERR,ERR,ERR,ERR,ERR,ERR,ERR,ERR,ERR,ERR,ERR,ERR,ERR,ERR,ERR,ERR,ERR,ERR,ERR,ERR,ERR,ERR,ERR,ERR,ERR,ERR,ERR,ERR,ERR,ERR,ERR,ERR,ERR,ERR,ERR,-107615240.0,0.0,-117832800.0,0.0,0.0,0.0,0.0,nan,0,0,0,32768,0,0.0,0,0.0,0.0,0.0,0.0,0.0,0,0,0,0,0.0,0,0,0,0,0,0,0,0,0,0,0,0,0,0,0,0,0,0,0,0,0,0,0,0,0,0,0,0,0,0,0,0,0,0,0,0,0,0,0,0,0,0,0,0,0.0,0.0,0.0,0.0,0.0,0.0,0.0,0.0,0.0,0.0,0.0,0.0,0.0,0.0,0.0,0.0,0.0,0.0,0.0,0.0,0.0,0.0,2.004,-0.0,0.0,-2.004,0.0,0.0,0.0,0.0,3353.5,-0.0,0.0,-107615240.0,0.0,-0.0,-0.0,0.0,0.0,0.0,0.0,0,-4.0668755697950344e+29,0.0,0.0,0.0,0.0,0.0,0.0,0.0,0.0,0,0,0,0.0,0.0,0.0,0.0,0.0,0.0,0.0,0.0,0.0,0.0,0.0,0.0,0.0,0.0,0.0,0.0,0,-107875648.0,0,0.0,0,-107875648.0,-107877712.0,0,39322,17038,0,17053,13107,17037,0,0,0,110,100,100,0.0,64.0,0.0,64.8,-0.0,68.5,1,49,50,180,0,13107,0,0,0.0,0.0,0.0,0.0,0.0,65.5,0.0,0.0,0.0,645,0,686,0,0,0,713,0,785,0,706,0,688,0,646,0,640,0,619,0.032,36700160.0,-2.004,-0.0,22032,16789,0.278,127685007245312.0,-2718755454976.0,-135926210625536.0,30636261376.0,6588344003723264.0,29.0,60.0,70,0.0,0.0,0.0,0.0,0.0,0.0,0.0,0.0,0.0,0.0,0.0,0.0,0.0,0.0,0.0,0.0,59.2,68,12,65509,41,65476,0,300,0,0,8,20529,65476,0,0,61604,60.0,0.0,0.0,0.0,0.0,0.0
2026-04-04T11:50:10,ERR,ERR,ERR,ERR,ERR,ERR,ERR,ERR,ERR,ERR,ERR,ERR,ERR,ERR,ERR,ERR,ERR,ERR,ERR,ERR,ERR,ERR,ERR,ERR,ERR,ERR,ERR,ERR,ERR,ERR,ERR,ERR,ERR,ERR,ERR,ERR,ERR,ERR,ERR,ERR,ERR,ERR,ERR,ERR,ERR,ERR,ERR,ERR,ERR,ERR,ERR,ERR,ERR,ERR,ERR,ERR,ERR,ERR,ERR,ERR,ERR,ERR,ERR,ERR,ERR,ERR,ERR,ERR,ERR,ERR,ERR,ERR,ERR,ERR,ERR,ERR,ERR,ERR,ERR,ERR,ERR,ERR,ERR,ERR,ERR,ERR,ERR,ERR,ERR,ERR,ERR,ERR,ERR,ERR,ERR,ERR,ERR,ERR,ERR,ERR,ERR,ERR,ERR,ERR,ERR,ERR,ERR,ERR,ERR,ERR,ERR,ERR,ERR,ERR,ERR,ERR,ERR,ERR,ERR,ERR,ERR,ERR,ERR,ERR,ERR,-107615240.0,0.0,-117832800.0,0.0,0.0,0.0,0.0,nan,0,0,0,32768,0,0.0,0,0.0,0.0,0.0,0.0,0.0,0,0,0,0,0.0,0,0,0,0,0,0,0,0,0,0,0,0,0,0,0,0,0,0,0,0,0,0,0,0,0,0,0,0,0,0,0,0,0,0,0,0,0,0,0,0,0,0,0,0,0.0,0.0,0.0,0.0,0.0,0.0,0.0,0.0,0.0,0.0,0.0,0.0,0.0,0.0,0.0,0.0,0.0,0.0,0.0,0.0,0.0,0.0,2.004,-0.0,0.0,-2.004,0.0,0.0,0.0,0.0,3353.0,-0.0,0.0,-107615240.0,0.0,-0.0,-0.0,0.0,0.0,0.0,0.0,0,-3.222024165466893e+26,0.0,0.0,0.0,0.0,0.0,0.0,0.0,0.0,0,0,0,0.0,0.0,0.0,0.0,0.0,0.0,0.0,0.0,0.0,0.0,0.0,0.0,0.0,0.0,0.0,0.0,0,-107875648.0,0,0.0,0,-107875648.0,-107877712.0,0,39322,17038,0,17053,13107,17037,0,0,0,110,100,100,0.0,64.0,0.0,64.9,-107615304.0,68.5,1,49,50,180,0,13107,0,0,0.0,0.0,0.0,0.0,0.023,65.5,0.0,-0.006,0.0,645,0,686,0,0,0,713,0,785,0,706,0,689,0,646,0,640,0,619,0.032,36700160.0,-2.004,-0.0,27536,16789,1746.078,1.5692599435579413e+27,-4.105056620608741e+30,0.0,2.52732103168852e+22,3.3157302750784364e+31,29.0,60.0,70,0.0,0.0,0.0,0.0,0.0,0.0,0.0,0.0,0.0,0.0,0.0,0.0,0.0,0.0,0.0,0.0,59.2,68,12,65509,41,65476,0,300,0,0,8,20529,65476,0,0,61604,60.0,0.0,0.0,0.0,0.0,0.0
2026-04-04T11:50:11,ERR,ERR,ERR,ERR,ERR,ERR,ERR,ERR,ERR,ERR,ERR,ERR,ERR,ERR,ERR,ERR,ERR,ERR,ERR,ERR,ERR,ERR,ERR,ERR,ERR,ERR,ERR,ERR,ERR,ERR,ERR,ERR,ERR,ERR,ERR,ERR,ERR,ERR,ERR,ERR,ERR,ERR,ERR,ERR,ERR,ERR,ERR,ERR,ERR,ERR,ERR,ERR,ERR,ERR,ERR,ERR,ERR,ERR,ERR,ERR,ERR,ERR,ERR,ERR,ERR,ERR,ERR,ERR,ERR,ERR,ERR,ERR,ERR,ERR,ERR,ERR,ERR,ERR,ERR,ERR,ERR,ERR,ERR,ERR,ERR,ERR,ERR,ERR,ERR,ERR,ERR,ERR,ERR,ERR,ERR,ERR,ERR,ERR,ERR,ERR,ERR,ERR,ERR,ERR,ERR,ERR,ERR,ERR,ERR,ERR,ERR,ERR,ERR,ERR,ERR,ERR,ERR,ERR,ERR,ERR,ERR,ERR,ERR,ERR,ERR,-107615240.0,0.0,-117832800.0,0.0,0.0,0.0,0.0,nan,0,0,0,32768,0,0.0,0,0.0,0.0,0.0,0.0,0.0,0,0,0,0,0.0,0,0,0,0,0,0,0,0,0,0,0,0,0,0,0,0,0,0,0,0,0,0,0,0,0,0,0,0,0,0,0,0,0,0,0,0,0,0,0,0,0,0,0,0,0.0,0.0,0.0,0.0,0.0,0.0,0.0,0.0,0.0,0.0,0.0,0.0,0.0,0.0,0.0,0.0,0.0,0.0,0.0,0.0,0.0,0.0,2.004,-0.0,0.0,-2.004,0.0,0.0,0.0,0.0,3353.0,-0.0,0.0,-107615240.0,0.0,-0.0,-0.0,0.0,0.0,0.0,0.0,0,-3.222024165466893e+26,0.0,0.0,0.0,0.0,0.0,0.0,0.0,0.0,0,0,0,0.0,0.0,0.0,0.0,0.0,0.0,0.0,0.0,0.0,0.0,0.0,0.0,0.0,0.0,0.0,0.0,0,-107875648.0,0,0.0,0,-107875648.0,-107877712.0,0,39322,17038,0,17053,13107,17037,0,0,0,110,100,100,0.0,64.0,0.0,64.9,-107615304.0,68.5,1,49,50,180,0,13107,0,0,0.0,0.0,0.0,0.0,0.023,65.5,0.0,-0.006,0.0,645,0,686,0,0,0,713,0,785,0,706,0,689,0,646,0,640,0,619,0.032,36700160.0,-2.004,-0.0,27536,16789,1746.078,1.5692599435579413e+27,-4.105056620608741e+30,0.0,2.52732103168852e+22,3.3157302750784364e+31,29.0,60.0,70,0.0,0.0,0.0,0.0,0.0,0.0,0.0,0.0,0.0,0.0,0.0,0.0,0.0,0.0,0.0,0.0,59.2,68,12,65509,41,65476,0,300,0,0,8,20529,65476,0,0,61604,60.0,0.0,0.0,0.0,0.0,0.0
2026-04-04T11:50:12,ERR,ERR,ERR,ERR,ERR,ERR,ERR,ERR,ERR,ERR,ERR,ERR,ERR,ERR,ERR,ERR,ERR,ERR,ERR,ERR,ERR,ERR,ERR,ERR,ERR,ERR,ERR,ERR,ERR,ERR,ERR,ERR,ERR,ERR,ERR,ERR,ERR,ERR,ERR,ERR,ERR,ERR,ERR,ERR,ERR,ERR,ERR,ERR,ERR,ERR,ERR,ERR,ERR,ERR,ERR,ERR,ERR,ERR,ERR,ERR,ERR,ERR,ERR,ERR,ERR,ERR,ERR,ERR,ERR,ERR,ERR,ERR,ERR,ERR,ERR,ERR,ERR,ERR,ERR,ERR,ERR,ERR,ERR,ERR,ERR,ERR,ERR,ERR,ERR,ERR,ERR,ERR,ERR,ERR,ERR,ERR,ERR,ERR,ERR,ERR,ERR,ERR,ERR,ERR,ERR,ERR,ERR,ERR,ERR,ERR,ERR,ERR,ERR,ERR,ERR,ERR,ERR,ERR,ERR,ERR,ERR,ERR,ERR,ERR,ERR,-107615240.0,0.0,-117832800.0,0.0,0.0,0.0,0.0,nan,0,0,0,32768,0,0.0,0,0.0,0.0,0.0,0.0,0.0,0,0,0,0,0.0,0,0,0,0,0,0,0,0,0,0,0,0,0,0,0,0,0,0,0,0,0,0,0,0,0,0,0,0,0,0,0,0,0,0,0,0,0,0,0,0,0,0,0,0,0.0,0.0,0.0,0.0,0.0,0.0,0.0,0.0,0.0,0.0,0.0,0.0,0.0,0.0,0.0,0.0,0.0,0.0,0.0,0.0,0.0,0.0,2.004,-0.0,0.0,-2.004,0.0,0.0,0.0,0.0,3353.0,-0.0,0.0,-107615240.0,0.0,-0.0,-0.0,0.0,0.0,0.0,0.0,0,-3.222024165466893e+26,0.0,0.0,0.0,0.0,0.0,0.0,0.0,0.0,0,0,0,0.0,0.0,0.0,0.0,0.0,0.0,0.0,0.0,0.0,0.0,0.0,0.0,0.0,0.0,0.0,0.0,0,-107875648.0,0,0.0,0,-107875648.0,-107877712.0,0,39322,17038,0,17053,13107,17037,0,0,0,110,100,100,0.0,64.0,0.0,64.9,-107615304.0,68.5,1,49,50,180,0,13107,0,0,0.0,0.0,0.0,0.0,0.023,65.5,0.0,-0.006,0.0,645,0,686,0,0,0,713,0,785,0,706,0,689,0,646,0,640,0,619,0.032,36700160.0,-2.004,-0.0,27536,16789,1746.078,1.5692599435579413e+27,-4.105056620608741e+30,0.0,2.52732103168852e+22,3.3157302750784364e+31,29.0,60.0,70,0.0,0.0,0.0,0.0,0.0,0.0,0.0,0.0,0.0,0.0,0.0,0.0,0.0,0.0,0.0,0.0,59.2,68,12,65509,41,65476,0,300,0,0,8,20529,65476,0,0,61604,60.0,0.0,0.0,0.0,0.0,0.0
2026-04-04T11:50:13,ERR,ERR,ERR,ERR,ERR,ERR,ERR,ERR,ERR,ERR,ERR,ERR,ERR,ERR,ERR,ERR,ERR,ERR,ERR,ERR,ERR,ERR,ERR,ERR,ERR,ERR,ERR,ERR,ERR,ERR,ERR,ERR,ERR,ERR,ERR,ERR,ERR,ERR,ERR,ERR,ERR,ERR,ERR,ERR,ERR,ERR,ERR,ERR,ERR,ERR,ERR,ERR,ERR,ERR,ERR,ERR,ERR,ERR,ERR,ERR,ERR,ERR,ERR,ERR,ERR,ERR,ERR,ERR,ERR,ERR,ERR,ERR,ERR,ERR,ERR,ERR,ERR,ERR,ERR,ERR,ERR,ERR,ERR,ERR,ERR,ERR,ERR,ERR,ERR,ERR,ERR,ERR,ERR,ERR,ERR,ERR,ERR,ERR,ERR,ERR,ERR,ERR,ERR,ERR,ERR,ERR,ERR,ERR,ERR,ERR,ERR,ERR,ERR,ERR,ERR,ERR,ERR,ERR,ERR,ERR,ERR,ERR,ERR,ERR,ERR,-107615240.0,0.0,-117832800.0,0.0,0.0,0.0,0.0,nan,0,0,0,32768,0,0.0,0,0.0,0.0,0.0,0.0,0.0,0,0,0,0,0.0,0,0,0,0,0,0,0,0,0,0,0,0,0,0,0,0,0,0,0,0,0,0,0,0,0,0,0,0,0,0,0,0,0,0,0,0,0,0,0,0,0,0,0,0,0.0,0.0,0.0,0.0,0.0,0.0,0.0,0.0,0.0,0.0,0.0,0.0,0.0,0.0,0.0,0.0,0.0,0.0,0.0,0.0,0.0,0.0,2.004,-0.0,0.0,-2.004,0.0,0.0,0.0,0.0,3353.0,-0.0,0.0,-107615240.0,0.0,-0.0,-0.0,0.0,0.0,0.0,0.0,0,-3.222024165466893e+26,0.0,0.0,0.0,0.0,0.0,0.0,0.0,0.0,0,0,0,0.0,0.0,0.0,0.0,0.0,0.0,0.0,0.0,0.0,0.0,0.0,0.0,0.0,0.0,0.0,0.0,0,-107875648.0,0,0.0,0,-107875648.0,-107877712.0,0,39322,17038,0,17053,13107,17037,0,0,0,110,100,100,0.0,64.0,0.0,64.9,-107615304.0,68.5,1,49,50,180,0,13107,0,0,0.0,0.0,0.0,0.0,0.023,65.5,0.0,-0.006,0.0,645,0,686,0,0,0,713,0,785,0,706,0,689,0,646,0,640,0,619,0.032,36700160.0,-2.004,-0.0,27536,16789,1746.078,1.5692599435579413e+27,-4.105056620608741e+30,0.0,2.52732103168852e+22,3.3157302750784364e+31,29.0,60.0,70,0.0,0.0,0.0,0.0,0.0,0.0,0.0,0.0,0.0,0.0,0.0,0.0,0.0,0.0,0.0,0.0,59.2,68,12,65509,41,65476,0,300,0,0,8,20529,65476,0,0,61604,60.0,0.0,0.0,0.0,0.0,0.0
2026-04-04T11:50:14,ERR,ERR,ERR,ERR,ERR,ERR,ERR,ERR,ERR,ERR,ERR,ERR,ERR,ERR,ERR,ERR,ERR,ERR,ERR,ERR,ERR,ERR,ERR,ERR,ERR,ERR,ERR,ERR,ERR,ERR,ERR,ERR,ERR,ERR,ERR,ERR,ERR,ERR,ERR,ERR,ERR,ERR,ERR,ERR,ERR,ERR,ERR,ERR,ERR,ERR,ERR,ERR,ERR,ERR,ERR,ERR,ERR,ERR,ERR,ERR,ERR,ERR,ERR,ERR,ERR,ERR,ERR,ERR,ERR,ERR,ERR,ERR,ERR,ERR,ERR,ERR,ERR,ERR,ERR,ERR,ERR,ERR,ERR,ERR,ERR,ERR,ERR,ERR,ERR,ERR,ERR,ERR,ERR,ERR,ERR,ERR,ERR,ERR,ERR,ERR,ERR,ERR,ERR,ERR,ERR,ERR,ERR,ERR,ERR,ERR,ERR,ERR,ERR,ERR,ERR,ERR,ERR,ERR,ERR,ERR,ERR,ERR,ERR,ERR,ERR,-107615240.0,0.0,-117832800.0,0.0,0.0,0.0,0.0,nan,0,0,0,32768,0,0.0,0,0.0,0.0,0.0,0.0,0.0,0,0,0,0,0.0,0,0,0,0,0,0,0,0,0,0,0,0,0,0,0,0,0,0,0,0,0,0,0,0,0,0,0,0,0,0,0,0,0,0,0,0,0,0,0,0,0,0,0,0,0.0,0.0,0.0,0.0,0.0,0.0,0.0,0.0,0.0,0.0,0.0,0.0,0.0,0.0,0.0,0.0,0.0,0.0,0.0,0.0,0.0,0.0,2.004,-0.0,0.0,-2.004,0.0,0.0,0.0,0.0,3353.0,-0.0,0.0,-107615240.0,0.0,-0.0,-0.0,0.0,0.0,0.0,0.0,0,-3.222024165466893e+26,0.0,0.0,0.0,0.0,0.0,0.0,0.0,0.0,0,0,0,0.0,0.0,0.0,0.0,0.0,0.0,0.0,0.0,0.0,0.0,0.0,0.0,0.0,0.0,0.0,0.0,0,-107875648.0,0,0.0,0,-107875648.0,-107877712.0,0,39322,17038,0,17053,13107,17037,0,0,0,110,100,100,0.0,64.0,0.0,64.9,-107615304.0,68.5,1,49,50,180,0,13107,0,0,0.0,0.0,0.0,0.0,0.023,65.5,0.0,-0.006,0.0,645,0,686,0,0,0,713,0,785,0,706,0,689,0,646,0,640,0,619,0.032,36700160.0,-2.004,-0.0,27536,16789,1746.078,1.5692599435579413e+27,-4.105056620608741e+30,0.0,2.52732103168852e+22,3.3157302750784364e+31,29.0,60.0,70,0.0,0.0,0.0,0.0,0.0,0.0,0.0,0.0,0.0,0.0,0.0,0.0,0.0,0.0,0.0,0.0,59.2,68,12,65509,41,65476,0,300,0,0,8,20529,65476,0,0,61604,60.0,0.0,0.0,0.0,0.0,0.0
2026-04-04T11:50:15,ERR,ERR,ERR,ERR,ERR,ERR,ERR,ERR,ERR,ERR,ERR,ERR,ERR,ERR,ERR,ERR,ERR,ERR,ERR,ERR,ERR,ERR,ERR,ERR,ERR,ERR,ERR,ERR,ERR,ERR,ERR,ERR,ERR,ERR,ERR,ERR,ERR,ERR,ERR,ERR,ERR,ERR,ERR,ERR,ERR,ERR,ERR,ERR,ERR,ERR,ERR,ERR,ERR,ERR,ERR,ERR,ERR,ERR,ERR,ERR,ERR,ERR,ERR,ERR,ERR,ERR,ERR,ERR,ERR,ERR,ERR,ERR,ERR,ERR,ERR,ERR,ERR,ERR,ERR,ERR,ERR,ERR,ERR,ERR,ERR,ERR,ERR,ERR,ERR,ERR,ERR,ERR,ERR,ERR,ERR,ERR,ERR,ERR,ERR,ERR,ERR,ERR,ERR,ERR,ERR,ERR,ERR,ERR,ERR,ERR,ERR,ERR,ERR,ERR,ERR,ERR,ERR,ERR,ERR,ERR,ERR,ERR,ERR,ERR,ERR,-107615240.0,0.0,-117832800.0,0.0,0.0,0.0,0.0,nan,0,0,0,32768,0,0.0,0,0.0,0.0,0.0,0.0,0.0,0,0,0,0,0.0,0,0,0,0,0,0,0,0,0,0,0,0,0,0,0,0,0,0,0,0,0,0,0,0,0,0,0,0,0,0,0,0,0,0,0,0,0,0,0,0,0,0,0,0,0.0,0.0,0.0,0.0,0.0,0.0,0.0,0.0,0.0,0.0,0.0,0.0,0.0,0.0,0.0,0.0,0.0,0.0,0.0,0.0,0.0,0.0,2.004,-0.0,0.0,-2.004,0.0,0.0,0.0,0.0,3353.0,-0.0,0.0,-107615240.0,0.0,-0.0,-0.0,0.0,0.0,0.0,0.0,0,-3.222024165466893e+26,0.0,0.0,0.0,0.0,0.0,0.0,0.0,0.0,0,0,0,0.0,0.0,0.0,0.0,0.0,0.0,0.0,0.0,0.0,0.0,0.0,0.0,0.0,0.0,0.0,0.0,0,-107875648.0,0,0.0,0,-107875648.0,-107877712.0,0,39322,17038,0,17053,13107,17037,0,0,0,110,100,100,0.0,64.1,0.0,64.9,-107615304.0,68.5,1,49,50,180,0,13107,0,0,0.0,0.0,0.0,0.0,22.532,65.5,0.0,5.543110457178456e+26,0.0,645,0,686,0,0,0,713,0,785,0,706,0,688,0,645,0,640,0,619,0.032,36962304.0,-2.004,-0.0,26000,16789,473620.094,-0.0,0.0,-4.944894116736532e+18,5.493779665485907e+36,-0.0,29.0,60.0,70,0.0,0.0,0.0,0.0,0.0,0.0,0.0,0.0,0.0,0.0,0.0,0.0,0.0,0.0,0.0,0.0,59.2,68,12,65509,41,65476,0,300,0,0,8,20529,65476,0,0,61604,60.0,0.0,0.0,0.0,0.0,0.0
2026-04-04T11:50:16,ERR,ERR,ERR,ERR,ERR,ERR,ERR,ERR,ERR,ERR,ERR,ERR,ERR,ERR,ERR,ERR,ERR,ERR,ERR,ERR,ERR,ERR,ERR,ERR,ERR,ERR,ERR,ERR,ERR,ERR,ERR,ERR,ERR,ERR,ERR,ERR,ERR,ERR,ERR,ERR,ERR,ERR,ERR,ERR,ERR,ERR,ERR,ERR,ERR,ERR,ERR,ERR,ERR,ERR,ERR,ERR,ERR,ERR,ERR,ERR,ERR,ERR,ERR,ERR,ERR,ERR,ERR,ERR,ERR,ERR,ERR,ERR,ERR,ERR,ERR,ERR,ERR,ERR,ERR,ERR,ERR,ERR,ERR,ERR,ERR,ERR,ERR,ERR,ERR,ERR,ERR,ERR,ERR,ERR,ERR,ERR,ERR,ERR,ERR,ERR,ERR,ERR,ERR,ERR,ERR,ERR,ERR,ERR,ERR,ERR,ERR,ERR,ERR,ERR,ERR,ERR,ERR,ERR,ERR,ERR,ERR,ERR,ERR,ERR,ERR,-107615240.0,0.0,-117832800.0,0.0,0.0,0.0,0.0,nan,0,0,0,32768,0,0.0,0,0.0,0.0,0.0,0.0,0.0,0,0,0,0,0.0,0,0,0,0,0,0,0,0,0,0,0,0,0,0,0,0,0,0,0,0,0,0,0,0,0,0,0,0,0,0,0,0,0,0,0,0,0,0,0,0,0,0,0,0,0.0,0.0,0.0,0.0,0.0,0.0,0.0,0.0,0.0,0.0,0.0,0.0,0.0,0.0,0.0,0.0,0.0,0.0,0.0,0.0,0.0,0.0,2.004,-0.0,-2.004,-2.004,0.0,0.0,0.0,0.0,3354.0,-0.0,0.0,-107615240.0,0.0,-0.0,-0.0,0.0,0.0,0.0,0.0,0,0.0,0.0,0.0,0.0,0.0,0.0,0.0,0.0,0.0,0,0,0,0.0,0.0,0.0,0.0,0.0,0.0,0.0,0.0,0.0,0.0,0.0,0.0,0.0,0.0,0.0,0.0,0,-107875648.0,0,0.0,0,-107875648.0,-107877712.0,0,39322,17038,0,17053,13107,17037,0,0,0,110,100,100,0.0,64.1,0.0,64.9,-107615304.0,68.5,1,49,50,180,0,13107,0,0,0.0,0.0,0.0,0.0,22.532,65.5,0.0,5.543110457178456e+26,0.0,645,0,686,0,0,0,713,0,785,0,706,0,688,0,645,0,640,0,619,0.032,36962304.0,-2.004,-0.0,26000,16789,473620.094,-0.0,0.0,-4.944894116736532e+18,5.493779665485907e+36,-0.0,29.0,60.0,70,0.0,0.0,0.0,0.0,0.0,0.0,0.0,0.0,0.0,0.0,0.0,0.0,0.0,0.0,0.0,0.0,59.2,68,12,65509,41,65476,0,300,0,0,8,20529,65476,0,0,61604,60.0,0.0,0.0,0.0,0.0,0.0
2026-04-04T11:50:17,ERR,ERR,ERR,ERR,ERR,ERR,ERR,ERR,ERR,ERR,ERR,ERR,ERR,ERR,ERR,ERR,ERR,ERR,ERR,ERR,ERR,ERR,ERR,ERR,ERR,ERR,ERR,ERR,ERR,ERR,ERR,ERR,ERR,ERR,ERR,ERR,ERR,ERR,ERR,ERR,ERR,ERR,ERR,ERR,ERR,ERR,ERR,ERR,ERR,ERR,ERR,ERR,ERR,ERR,ERR,ERR,ERR,ERR,ERR,ERR,ERR,ERR,ERR,ERR,ERR,ERR,ERR,ERR,ERR,ERR,ERR,ERR,ERR,ERR,ERR,ERR,ERR,ERR,ERR,ERR,ERR,ERR,ERR,ERR,ERR,ERR,ERR,ERR,ERR,ERR,ERR,ERR,ERR,ERR,ERR,ERR,ERR,ERR,ERR,ERR,ERR,ERR,ERR,ERR,ERR,ERR,ERR,ERR,ERR,ERR,ERR,ERR,ERR,ERR,ERR,ERR,ERR,ERR,ERR,ERR,ERR,ERR,ERR,ERR,ERR,-107615240.0,0.0,-117832800.0,0.0,0.0,0.0,0.0,nan,0,0,0,32768,0,0.0,0,0.0,0.0,0.0,0.0,0.0,0,0,0,0,0.0,0,0,0,0,0,0,0,0,0,0,0,0,0,0,0,0,0,0,0,0,0,0,0,0,0,0,0,0,0,0,0,0,0,0,0,0,0,0,0,0,0,0,0,0,0.0,0.0,0.0,0.0,0.0,0.0,0.0,0.0,0.0,0.0,0.0,0.0,0.0,0.0,0.0,0.0,0.0,0.0,0.0,0.0,0.0,0.0,2.004,-0.0,-2.004,-2.004,0.0,0.0,0.0,0.0,3354.0,-0.0,0.0,-107615240.0,0.0,-0.0,-0.0,0.0,0.0,0.0,0.0,0,0.0,0.0,0.0,0.0,0.0,0.0,0.0,0.0,0.0,0,0,0,0.0,0.0,0.0,0.0,0.0,0.0,0.0,0.0,0.0,0.0,0.0,0.0,0.0,0.0,0.0,0.0,0,-107875648.0,0,0.0,0,-107875648.0,-107877712.0,0,39322,17038,0,17053,13107,17037,0,0,0,110,100,100,0.0,64.1,0.0,64.9,-107615304.0,68.5,1,49,50,180,0,13107,0,0,0.0,0.0,0.0,0.0,22.532,65.5,0.0,5.543110457178456e+26,0.0,645,0,686,0,0,0,713,0,785,0,706,0,688,0,645,0,640,0,619,0.032,36962304.0,-2.004,-0.0,26000,16789,473620.094,-0.0,0.0,-4.944894116736532e+18,5.493779665485907e+36,-0.0,29.0,60.0,70,0.0,0.0,0.0,0.0,0.0,0.0,0.0,0.0,0.0,0.0,0.0,0.0,0.0,0.0,0.0,0.0,59.2,68,12,65509,41,65476,0,300,0,0,8,20529,65476,0,0,61604,60.0,0.0,0.0,0.0,0.0,0.0
2026-04-04T11:50:18,ERR,ERR,ERR,ERR,ERR,ERR,ERR,ERR,ERR,ERR,ERR,ERR,ERR,ERR,ERR,ERR,ERR,ERR,ERR,ERR,ERR,ERR,ERR,ERR,ERR,ERR,ERR,ERR,ERR,ERR,ERR,ERR,ERR,ERR,ERR,ERR,ERR,ERR,ERR,ERR,ERR,ERR,ERR,ERR,ERR,ERR,ERR,ERR,ERR,ERR,ERR,ERR,ERR,ERR,ERR,ERR,ERR,ERR,ERR,ERR,ERR,ERR,ERR,ERR,ERR,ERR,ERR,ERR,ERR,ERR,ERR,ERR,ERR,ERR,ERR,ERR,ERR,ERR,ERR,ERR,ERR,ERR,ERR,ERR,ERR,ERR,ERR,ERR,ERR,ERR,ERR,ERR,ERR,ERR,ERR,ERR,ERR,ERR,ERR,ERR,ERR,ERR,ERR,ERR,ERR,ERR,ERR,ERR,ERR,ERR,ERR,ERR,ERR,ERR,ERR,ERR,ERR,ERR,ERR,ERR,ERR,ERR,ERR,ERR,ERR,-107615240.0,0.0,-117832800.0,0.0,0.0,0.0,0.0,nan,0,0,0,32768,0,0.0,0,0.0,0.0,0.0,0.0,0.0,0,0,0,0,0.0,0,0,0,0,0,0,0,0,0,0,0,0,0,0,0,0,0,0,0,0,0,0,0,0,0,0,0,0,0,0,0,0,0,0,0,0,0,0,0,0,0,0,0,0,0.0,0.0,0.0,0.0,0.0,0.0,0.0,0.0,0.0,0.0,0.0,0.0,0.0,0.0,0.0,0.0,0.0,0.0,0.0,0.0,0.0,0.0,2.004,-0.0,-2.004,-2.004,0.0,0.0,0.0,0.0,3354.0,-0.0,0.0,-107615240.0,0.0,-0.0,-0.0,0.0,0.0,0.0,0.0,0,0.0,0.0,0.0,0.0,0.0,0.0,0.0,0.0,0.0,0,0,0,0.0,0.0,0.0,0.0,0.0,0.0,0.0,0.0,0.0,0.0,0.0,0.0,0.0,0.0,0.0,0.0,0,-107875648.0,0,0.0,0,-107875648.0,-107877712.0,0,39322,17038,0,17053,13107,17037,0,0,0,110,100,100,0.0,64.1,0.0,64.9,-107615304.0,68.5,1,49,50,180,0,13107,0,0,0.0,0.0,0.0,0.0,22.532,65.5,0.0,5.543110457178456e+26,0.0,645,0,686,0,0,0,713,0,785,0,706,0,688,0,645,0,640,0,619,0.032,36962304.0,-2.004,-0.0,26000,16789,473620.094,-0.0,0.0,-4.944894116736532e+18,5.493779665485907e+36,-0.0,29.0,60.0,70,0.0,0.0,0.0,0.0,0.0,0.0,0.0,0.0,0.0,0.0,0.0,0.0,0.0,0.0,0.0,0.0,59.2,68,12,65509,41,65476,0,300,0,0,8,20529,65476,0,0,61604,60.0,0.0,0.0,0.0,0.0,0.0
2026-04-04T11:50:19,ERR,ERR,ERR,ERR,ERR,ERR,ERR,ERR,ERR,ERR,ERR,ERR,ERR,ERR,ERR,ERR,ERR,ERR,ERR,ERR,ERR,ERR,ERR,ERR,ERR,ERR,ERR,ERR,ERR,ERR,ERR,ERR,ERR,ERR,ERR,ERR,ERR,ERR,ERR,ERR,ERR,ERR,ERR,ERR,ERR,ERR,ERR,ERR,ERR,ERR,ERR,ERR,ERR,ERR,ERR,ERR,ERR,ERR,ERR,ERR,ERR,ERR,ERR,ERR,ERR,ERR,ERR,ERR,ERR,ERR,ERR,ERR,ERR,ERR,ERR,ERR,ERR,ERR,ERR,ERR,ERR,ERR,ERR,ERR,ERR,ERR,ERR,ERR,ERR,ERR,ERR,ERR,ERR,ERR,ERR,ERR,ERR,ERR,ERR,ERR,ERR,ERR,ERR,ERR,ERR,ERR,ERR,ERR,ERR,ERR,ERR,ERR,ERR,ERR,ERR,ERR,ERR,ERR,ERR,ERR,ERR,ERR,ERR,ERR,ERR,-107615240.0,0.0,-117832800.0,0.0,0.0,0.0,0.0,nan,0,0,0,32768,0,0.0,0,0.0,0.0,0.0,0.0,0.0,0,0,0,0,0.0,0,0,0,0,0,0,0,0,0,0,0,0,0,0,0,0,0,0,0,0,0,0,0,0,0,0,0,0,0,0,0,0,0,0,0,0,0,0,0,0,0,0,0,0,0.0,0.0,0.0,0.0,0.0,0.0,0.0,0.0,0.0,0.0,0.0,0.0,0.0,0.0,0.0,0.0,0.0,0.0,0.0,0.0,0.0,0.0,2.004,-0.0,-2.004,-2.004,0.0,0.0,0.0,0.0,3354.0,-0.0,0.0,-107615240.0,0.0,-0.0,-0.0,0.0,0.0,0.0,0.0,0,0.0,0.0,0.0,0.0,0.0,0.0,0.0,0.0,0.0,0,0,0,0.0,0.0,0.0,0.0,0.0,0.0,0.0,0.0,0.0,0.0,0.0,0.0,0.0,0.0,0.0,0.0,0,-107875648.0,0,0.0,0,-107875648.0,-107877712.0,0,39322,17038,0,17053,13107,17037,0,0,0,110,100,100,0.0,64.1,0.0,64.9,-107615304.0,68.5,1,49,50,180,0,13107,0,0,0.0,0.0,0.0,0.0,925.039,65.5,0.0,-0.0,0.0,645,0,686,0,0,0,713,0,785,0,706,0,689,0,646,0,640,0,619,0.032,36962304.0,-2.004,-0.0,21904,16789,925.039,-0.0,0.0,20479788.0,6.124588418923113e+31,-0.0,29.0,60.0,70,0.0,0.0,0.0,0.0,0.0,0.0,0.0,0.0,0.0,0.0,0.0,0.0,0.0,0.0,0.0,0.0,59.2,68,12,65509,41,65476,0,300,0,0,8,20529,65476,0,0,61604,60.0,0.0,0.0,0.0,0.0,0.0
2026-04-04T11:50:20,ERR,ERR,ERR,ERR,ERR,ERR,ERR,ERR,ERR,ERR,ERR,ERR,ERR,ERR,ERR,ERR,ERR,ERR,ERR,ERR,ERR,ERR,ERR,ERR,ERR,ERR,ERR,ERR,ERR,ERR,ERR,ERR,ERR,ERR,ERR,ERR,ERR,ERR,ERR,ERR,ERR,ERR,ERR,ERR,ERR,ERR,ERR,ERR,ERR,ERR,ERR,ERR,ERR,ERR,ERR,ERR,ERR,ERR,ERR,ERR,ERR,ERR,ERR,ERR,ERR,ERR,ERR,ERR,ERR,ERR,ERR,ERR,ERR,ERR,ERR,ERR,ERR,ERR,ERR,ERR,ERR,ERR,ERR,ERR,ERR,ERR,ERR,ERR,ERR,ERR,ERR,ERR,ERR,ERR,ERR,ERR,ERR,ERR,ERR,ERR,ERR,ERR,ERR,ERR,ERR,ERR,ERR,ERR,ERR,ERR,ERR,ERR,ERR,ERR,ERR,ERR,ERR,ERR,ERR,ERR,ERR,ERR,ERR,ERR,ERR,-107615240.0,0.0,-117832800.0,0.0,0.0,0.0,0.0,nan,0,0,0,32768,0,0.0,0,0.0,0.0,0.0,0.0,0.0,0,0,0,0,0.0,0,0,0,0,0,0,0,0,0,0,0,0,0,0,0,0,0,0,0,0,0,0,0,0,0,0,0,0,0,0,0,0,0,0,0,0,0,0,0,0,0,0,0,0,0.0,0.0,0.0,0.0,0.0,0.0,0.0,0.0,0.0,0.0,0.0,0.0,0.0,0.0,0.0,0.0,0.0,0.0,0.0,0.0,0.0,0.0,2.004,-0.0,-2.004,-2.004,0.0,0.0,0.0,0.0,3354.0,-0.0,0.0,-107615240.0,0.0,-0.0,-0.0,0.0,0.0,0.0,0.0,0,0.0,0.0,0.0,0.0,0.0,0.0,0.0,0.0,0.0,0,0,0,0.0,0.0,0.0,0.0,0.0,0.0,0.0,0.0,0.0,0.0,0.0,0.0,0.0,0.0,0.0,0.0,0,-107875648.0,0,0.0,0,-107875648.0,-107877712.0,0,39322,17038,0,17053,13107,17037,0,0,0,110,100,100,0.0,64.1,0.0,64.9,-107615304.0,68.5,1,49,50,180,0,13107,0,0,0.0,0.0,0.0,0.0,925.039,65.5,0.0,-0.0,0.0,645,0,686,0,0,0,713,0,785,0,706,0,689,0,646,0,640,0,619,0.032,36962304.0,-2.004,-0.0,21904,16789,925.039,-0.0,0.0,20479788.0,6.124588418923113e+31,-0.0,29.0,60.0,70,0.0,0.0,0.0,0.0,0.0,0.0,0.0,0.0,0.0,0.0,0.0,0.0,0.0,0.0,0.0,0.0,59.2,68,12,65509,41,65476,0,300,0,0,8,20529,65476,0,0,61604,60.0,0.0,0.0,0.0,0.0,0.0
2026-04-04T11:50:21,ERR,ERR,ERR,ERR,ERR,ERR,ERR,ERR,ERR,ERR,ERR,ERR,ERR,ERR,ERR,ERR,ERR,ERR,ERR,ERR,ERR,ERR,ERR,ERR,ERR,ERR,ERR,ERR,ERR,ERR,ERR,ERR,ERR,ERR,ERR,ERR,ERR,ERR,ERR,ERR,ERR,ERR,ERR,ERR,ERR,ERR,ERR,ERR,ERR,ERR,ERR,ERR,ERR,ERR,ERR,ERR,ERR,ERR,ERR,ERR,ERR,ERR,ERR,ERR,ERR,ERR,ERR,ERR,ERR,ERR,ERR,ERR,ERR,ERR,ERR,ERR,ERR,ERR,ERR,ERR,ERR,ERR,ERR,ERR,ERR,ERR,ERR,ERR,ERR,ERR,ERR,ERR,ERR,ERR,ERR,ERR,ERR,ERR,ERR,ERR,ERR,ERR,ERR,ERR,ERR,ERR,ERR,ERR,ERR,ERR,ERR,ERR,ERR,ERR,ERR,ERR,ERR,ERR,ERR,ERR,ERR,ERR,ERR,ERR,ERR,-107615240.0,0.0,-117832800.0,0.0,0.0,0.0,0.0,nan,0,0,0,32768,0,0.0,0,0.0,0.0,0.0,0.0,0.0,0,0,0,0,0.0,0,0,0,0,0,0,0,0,0,0,0,0,0,0,0,0,0,0,0,0,0,0,0,0,0,0,0,0,0,0,0,0,0,0,0,0,0,0,0,0,0,0,0,0,0.0,0.0,0.0,0.0,0.0,0.0,0.0,0.0,0.0,0.0,0.0,0.0,0.0,0.0,0.0,0.0,0.0,0.0,0.0,0.0,0.0,0.0,2.004,-0.0,-2.004,-2.004,0.0,0.0,0.0,0.0,3354.0,-0.0,0.0,-107615240.0,0.0,-0.0,-0.0,0.0,0.0,0.0,0.0,0,0.0,0.0,0.0,0.0,0.0,0.0,0.0,0.0,0.0,0,0,0,0.0,0.0,0.0,0.0,0.0,0.0,0.0,0.0,0.0,0.0,0.0,0.0,0.0,0.0,0.0,0.0,0,-107875648.0,0,0.0,0,-107875648.0,-107877712.0,0,39322,17038,0,17053,13107,17037,0,0,0,110,100,100,0.0,64.1,0.0,64.9,-107615304.0,68.5,1,49,50,180,0,13107,0,0,0.0,0.0,0.0,0.0,925.039,65.5,0.0,-0.0,0.0,645,0,686,0,0,0,713,0,785,0,706,0,689,0,646,0,640,0,619,0.032,36962304.0,-2.004,-0.0,21904,16789,925.039,-0.0,0.0,20479788.0,6.124588418923113e+31,-0.0,29.0,60.0,70,0.0,0.0,0.0,0.0,0.0,0.0,0.0,0.0,0.0,0.0,0.0,0.0,0.0,0.0,0.0,0.0,59.2,68,12,65509,41,65476,0,300,0,0,8,20529,65476,0,0,61604,60.0,0.0,0.0,0.0,0.0,0.0
2026-04-04T11:50:22,ERR,ERR,ERR,ERR,ERR,ERR,ERR,ERR,ERR,ERR,ERR,ERR,ERR,ERR,ERR,ERR,ERR,ERR,ERR,ERR,ERR,ERR,ERR,ERR,ERR,ERR,ERR,ERR,ERR,ERR,ERR,ERR,ERR,ERR,ERR,ERR,ERR,ERR,ERR,ERR,ERR,ERR,ERR,ERR,ERR,ERR,ERR,ERR,ERR,ERR,ERR,ERR,ERR,ERR,ERR,ERR,ERR,ERR,ERR,ERR,ERR,ERR,ERR,ERR,ERR,ERR,ERR,ERR,ERR,ERR,ERR,ERR,ERR,ERR,ERR,ERR,ERR,ERR,ERR,ERR,ERR,ERR,ERR,ERR,ERR,ERR,ERR,ERR,ERR,ERR,ERR,ERR,ERR,ERR,ERR,ERR,ERR,ERR,ERR,ERR,ERR,ERR,ERR,ERR,ERR,ERR,ERR,ERR,ERR,ERR,ERR,ERR,ERR,ERR,ERR,ERR,ERR,ERR,ERR,ERR,ERR,ERR,ERR,ERR,ERR,-107615240.0,0.0,-117832800.0,0.0,0.0,0.0,0.0,nan,0,0,0,32768,0,0.0,0,0.0,0.0,0.0,0.0,0.0,0,0,0,0,0.0,0,0,0,0,0,0,0,0,0,0,0,0,0,0,0,0,0,0,0,0,0,0,0,0,0,0,0,0,0,0,0,0,0,0,0,0,0,0,0,0,0,0,0,0,0.0,0.0,0.0,0.0,0.0,0.0,0.0,0.0,0.0,0.0,0.0,0.0,0.0,0.0,0.0,0.0,0.0,0.0,0.0,0.0,0.0,0.0,2.004,-0.0,-2.004,-2.004,0.0,0.0,0.0,0.0,3354.0,-0.0,0.0,-107615240.0,0.0,-0.0,-0.0,0.0,0.0,0.0,0.0,0,0.0,0.0,0.0,0.0,0.0,0.0,0.0,0.0,0.0,0,0,0,0.0,0.0,0.0,0.0,0.0,0.0,0.0,0.0,0.0,0.0,0.0,0.0,0.0,0.0,0.0,0.0,0,-107875648.0,0,0.0,0,-107875648.0,-107877712.0,0,39322,17038,0,17053,13107,17037,0,0,0,110,100,100,0.0,64.1,0.0,64.9,-107615304.0,68.5,1,49,50,180,0,13107,0,0,0.0,0.0,0.0,0.0,925.039,65.5,0.0,-0.0,0.0,645,0,686,0,0,0,713,0,785,0,706,0,689,0,646,0,640,0,619,0.032,36962304.0,-2.004,-0.0,21904,16789,925.039,-0.0,0.0,20479788.0,6.124588418923113e+31,-0.0,29.0,60.0,70,0.0,0.0,0.0,0.0,0.0,0.0,0.0,0.0,0.0,0.0,0.0,0.0,0.0,0.0,0.0,0.0,59.2,68,12,65509,41,65476,0,300,0,0,8,20529,65476,0,0,61604,60.0,0.0,0.0,0.0,0.0,0.0
2026-04-04T11:50:23,ERR,ERR,ERR,ERR,ERR,ERR,ERR,ERR,ERR,ERR,ERR,ERR,ERR,ERR,ERR,ERR,ERR,ERR,ERR,ERR,ERR,ERR,ERR,ERR,ERR,ERR,ERR,ERR,ERR,ERR,ERR,ERR,ERR,ERR,ERR,ERR,ERR,ERR,ERR,ERR,ERR,ERR,ERR,ERR,ERR,ERR,ERR,ERR,ERR,ERR,ERR,ERR,ERR,ERR,ERR,ERR,ERR,ERR,ERR,ERR,ERR,ERR,ERR,ERR,ERR,ERR,ERR,ERR,ERR,ERR,ERR,ERR,ERR,ERR,ERR,ERR,ERR,ERR,ERR,ERR,ERR,ERR,ERR,ERR,ERR,ERR,ERR,ERR,ERR,ERR,ERR,ERR,ERR,ERR,ERR,ERR,ERR,ERR,ERR,ERR,ERR,ERR,ERR,ERR,ERR,ERR,ERR,ERR,ERR,ERR,ERR,ERR,ERR,ERR,ERR,ERR,ERR,ERR,ERR,ERR,ERR,ERR,ERR,ERR,ERR,-107615240.0,0.0,-117832800.0,0.0,0.0,0.0,0.0,nan,0,0,0,32768,0,0.0,0,0.0,0.0,0.0,0.0,0.0,0,0,0,0,0.0,0,0,0,0,0,0,0,0,0,0,0,0,0,0,0,0,0,0,0,0,0,0,0,0,0,0,0,0,0,0,0,0,0,0,0,0,0,0,0,0,0,0,0,0,0.0,0.0,0.0,0.0,0.0,0.0,0.0,0.0,0.0,0.0,0.0,0.0,0.0,0.0,0.0,0.0,0.0,0.0,0.0,0.0,0.0,0.0,2.004,-0.0,0.0,-2.004,0.0,0.0,0.0,0.0,3355.5,-2.004,0.0,-107615240.0,0.0,-0.0,-0.0,0.0,0.0,0.0,0.0,0,0.0,0.059,0.0,0.0,0.0,0.0,0.0,0.0,0.0,0,0,0,0.0,0.0,0.0,0.0,0.0,0.0,0.0,0.0,0.0,0.0,0.0,0.0,0.0,0.0,0.0,0.0,0,-107875648.0,0,0.0,0,-107875648.0,-107877712.0,0,39322,17038,0,17053,13107,17037,0,0,0,110,100,100,0.0,64.1,0.0,64.9,-107615304.0,68.5,1,49,50,180,0,13107,0,0,0.0,0.0,0.0,0.0,925.039,65.5,0.0,-0.0,0.0,645,0,686,0,0,0,713,0,785,0,706,0,689,0,646,0,640,0,619,0.032,36962304.0,-2.004,-0.0,21904,16789,925.039,-0.0,0.0,20479788.0,6.124588418923113e+31,-0.0,29.0,60.0,70,0.0,0.0,0.0,0.0,0.0,0.0,0.0,0.0,0.0,0.0,0.0,0.0,0.0,0.0,0.0,0.0,59.6,68,12,65509,41,65476,0,300,0,0,8,20529,65476,0,0,61604,60.0,0.0,0.0,0.0,0.0,0.0
2026-04-04T11:50:24,ERR,ERR,ERR,ERR,ERR,ERR,ERR,ERR,ERR,ERR,ERR,ERR,ERR,ERR,ERR,ERR,ERR,ERR,ERR,ERR,ERR,ERR,ERR,ERR,ERR,ERR,ERR,ERR,ERR,ERR,ERR,ERR,ERR,ERR,ERR,ERR,ERR,ERR,ERR,ERR,ERR,ERR,ERR,ERR,ERR,ERR,ERR,ERR,ERR,ERR,ERR,ERR,ERR,ERR,ERR,ERR,ERR,ERR,ERR,ERR,ERR,ERR,ERR,ERR,ERR,ERR,ERR,ERR,ERR,ERR,ERR,ERR,ERR,ERR,ERR,ERR,ERR,ERR,ERR,ERR,ERR,ERR,ERR,ERR,ERR,ERR,ERR,ERR,ERR,ERR,ERR,ERR,ERR,ERR,ERR,ERR,ERR,ERR,ERR,ERR,ERR,ERR,ERR,ERR,ERR,ERR,ERR,ERR,ERR,ERR,ERR,ERR,ERR,ERR,ERR,ERR,ERR,ERR,ERR,ERR,ERR,ERR,ERR,ERR,ERR,-107615240.0,0.0,-117832800.0,0.0,0.0,0.0,0.0,nan,0,0,0,32768,0,0.0,0,0.0,0.0,0.0,0.0,0.0,0,0,0,0,0.0,0,0,0,0,0,0,0,0,0,0,0,0,0,0,0,0,0,0,0,0,0,0,0,0,0,0,0,0,0,0,0,0,0,0,0,0,0,0,0,0,0,0,0,0,0.0,0.0,0.0,0.0,0.0,0.0,0.0,0.0,0.0,0.0,0.0,0.0,0.0,0.0,0.0,0.0,0.0,0.0,0.0,0.0,0.0,0.0,2.004,-0.0,0.0,-2.004,0.0,0.0,0.0,0.0,3355.5,-2.004,0.0,-107615240.0,0.0,-0.0,-0.0,0.0,0.0,0.0,0.0,0,0.0,0.059,0.0,0.0,0.0,0.0,0.0,0.0,0.0,0,0,0,0.0,0.0,0.0,0.0,0.0,0.0,0.0,0.0,0.0,0.0,0.0,0.0,0.0,0.0,0.0,0.0,0,-107875648.0,0,0.0,0,-107875648.0,-107877712.0,0,39322,17038,0,17053,13107,17037,0,0,0,110,100,100,0.0,64.1,0.0,64.8,-107615304.0,68.5,1,49,50,180,0,13107,0,0,0.0,0.0,0.0,0.0,0.0,65.5,0.0,22712841928704.0,0.0,645,0,686,0,0,0,713,0,785,0,706,0,689,0,645,0,640,0,619,0.032,36700160.0,-2.004,-0.0,22928,16789,0.0,0.208,-0.0,-9.98864628279906e+25,0.0,0.0,29.0,60.0,70,0.0,0.0,0.0,0.0,0.0,0.0,0.0,0.0,0.0,0.0,0.0,0.0,0.0,0.0,0.0,0.0,59.6,68,12,65509,41,65476,0,300,0,0,8,20529,65476,0,0,61604,60.0,0.0,0.0,0.0,0.0,0.0
2026-04-04T11:50:25,ERR,ERR,ERR,ERR,ERR,ERR,ERR,ERR,ERR,ERR,ERR,ERR,ERR,ERR,ERR,ERR,ERR,ERR,ERR,ERR,ERR,ERR,ERR,ERR,ERR,ERR,ERR,ERR,ERR,ERR,ERR,ERR,ERR,ERR,ERR,ERR,ERR,ERR,ERR,ERR,ERR,ERR,ERR,ERR,ERR,ERR,ERR,ERR,ERR,ERR,ERR,ERR,ERR,ERR,ERR,ERR,ERR,ERR,ERR,ERR,ERR,ERR,ERR,ERR,ERR,ERR,ERR,ERR,ERR,ERR,ERR,ERR,ERR,ERR,ERR,ERR,ERR,ERR,ERR,ERR,ERR,ERR,ERR,ERR,ERR,ERR,ERR,ERR,ERR,ERR,ERR,ERR,ERR,ERR,ERR,ERR,ERR,ERR,ERR,ERR,ERR,ERR,ERR,ERR,ERR,ERR,ERR,ERR,ERR,ERR,ERR,ERR,ERR,ERR,ERR,ERR,ERR,ERR,ERR,ERR,ERR,ERR,ERR,ERR,ERR,-107615240.0,0.0,-117832800.0,0.0,0.0,0.0,0.0,nan,0,0,0,32768,0,0.0,0,0.0,0.0,0.0,0.0,0.0,0,0,0,0,0.0,0,0,0,0,0,0,0,0,0,0,0,0,0,0,0,0,0,0,0,0,0,0,0,0,0,0,0,0,0,0,0,0,0,0,0,0,0,0,0,0,0,0,0,0,0.0,0.0,0.0,0.0,0.0,0.0,0.0,0.0,0.0,0.0,0.0,0.0,0.0,0.0,0.0,0.0,0.0,0.0,0.0,0.0,0.0,0.0,2.004,-0.0,0.0,-2.004,0.0,0.0,0.0,0.0,3355.5,-2.004,0.0,-107615240.0,0.0,-0.0,-0.0,0.0,0.0,0.0,0.0,0,0.0,0.059,0.0,0.0,0.0,0.0,0.0,0.0,0.0,0,0,0,0.0,0.0,0.0,0.0,0.0,0.0,0.0,0.0,0.0,0.0,0.0,0.0,0.0,0.0,0.0,0.0,0,-107875648.0,0,0.0,0,-107875648.0,-107877712.0,0,39322,17038,0,17053,13107,17037,0,0,0,110,100,100,0.0,64.1,0.0,64.8,-107615304.0,68.5,1,49,50,180,0,13107,0,0,0.0,0.0,0.0,0.0,0.0,65.5,0.0,22712841928704.0,0.0,645,0,686,0,0,0,713,0,785,0,706,0,689,0,645,0,640,0,619,0.032,36700160.0,-2.004,-0.0,22928,16789,0.0,0.208,-0.0,-9.98864628279906e+25,0.0,0.0,29.0,60.0,70,0.0,0.0,0.0,0.0,0.0,0.0,0.0,0.0,0.0,0.0,0.0,0.0,0.0,0.0,0.0,0.0,59.2,68,12,65509,41,65476,0,300,0,0,8,20529,65476,0,0,61604,60.0,0.0,0.0,0.0,0.0,0.0
2026-04-04T11:50:26,ERR,ERR,ERR,ERR,ERR,ERR,ERR,ERR,ERR,ERR,ERR,ERR,ERR,ERR,ERR,ERR,ERR,ERR,ERR,ERR,ERR,ERR,ERR,ERR,ERR,ERR,ERR,ERR,ERR,ERR,ERR,ERR,ERR,ERR,ERR,ERR,ERR,ERR,ERR,ERR,ERR,ERR,ERR,ERR,ERR,ERR,ERR,ERR,ERR,ERR,ERR,ERR,ERR,ERR,ERR,ERR,ERR,ERR,ERR,ERR,ERR,ERR,ERR,ERR,ERR,ERR,ERR,ERR,ERR,ERR,ERR,ERR,ERR,ERR,ERR,ERR,ERR,ERR,ERR,ERR,ERR,ERR,ERR,ERR,ERR,ERR,ERR,ERR,ERR,ERR,ERR,ERR,ERR,ERR,ERR,ERR,ERR,ERR,ERR,ERR,ERR,ERR,ERR,ERR,ERR,ERR,ERR,ERR,ERR,ERR,ERR,ERR,ERR,ERR,ERR,ERR,ERR,ERR,ERR,ERR,ERR,ERR,ERR,ERR,ERR,-107615240.0,0.0,-117832800.0,0.0,0.0,0.0,0.0,nan,0,0,0,32768,0,0.0,0,0.0,0.0,0.0,0.0,0.0,0,0,0,0,0.0,0,0,0,0,0,0,0,0,0,0,0,0,0,0,0,0,0,0,0,0,0,0,0,0,0,0,0,0,0,0,0,0,0,0,0,0,0,0,0,0,0,0,0,0,0.0,0.0,0.0,0.0,0.0,0.0,0.0,0.0,0.0,0.0,0.0,0.0,0.0,0.0,0.0,0.0,0.0,0.0,0.0,0.0,0.0,0.0,2.004,-0.0,0.0,-2.004,0.0,0.0,0.0,0.0,3355.5,-2.004,0.0,-107615240.0,0.0,-0.0,-0.0,0.0,0.0,0.0,0.0,0,0.0,0.059,0.0,0.0,0.0,0.0,0.0,0.0,0.0,0,0,0,0.0,0.0,0.0,0.0,0.0,0.0,0.0,0.0,0.0,0.0,0.0,0.0,0.0,0.0,0.0,0.0,0,-107875648.0,0,0.0,0,-107875648.0,-107877712.0,0,39322,17038,0,17053,13107,17037,0,0,0,110,100,100,0.0,64.1,0.0,64.8,-107615304.0,68.5,1,49,50,180,0,13107,0,0,0.0,0.0,0.0,0.0,0.0,65.5,0.0,22712841928704.0,0.0,645,0,686,0,0,0,713,0,785,0,706,0,689,0,645,0,640,0,619,0.032,36700160.0,-2.004,-0.0,22928,16789,0.0,0.208,-0.0,-9.98864628279906e+25,0.0,0.0,29.0,60.0,70,0.0,0.0,0.0,0.0,0.0,0.0,0.0,0.0,0.0,0.0,0.0,0.0,0.0,0.0,0.0,0.0,59.2,68,12,65509,41,65476,0,300,0,0,8,20529,65476,0,0,61604,60.0,0.0,0.0,0.0,0.0,0.0
2026-04-04T11:50:27,ERR,ERR,ERR,ERR,ERR,ERR,ERR,ERR,ERR,ERR,ERR,ERR,ERR,ERR,ERR,ERR,ERR,ERR,ERR,ERR,ERR,ERR,ERR,ERR,ERR,ERR,ERR,ERR,ERR,ERR,ERR,ERR,ERR,ERR,ERR,ERR,ERR,ERR,ERR,ERR,ERR,ERR,ERR,ERR,ERR,ERR,ERR,ERR,ERR,ERR,ERR,ERR,ERR,ERR,ERR,ERR,ERR,ERR,ERR,ERR,ERR,ERR,ERR,ERR,ERR,ERR,ERR,ERR,ERR,ERR,ERR,ERR,ERR,ERR,ERR,ERR,ERR,ERR,ERR,ERR,ERR,ERR,ERR,ERR,ERR,ERR,ERR,ERR,ERR,ERR,ERR,ERR,ERR,ERR,ERR,ERR,ERR,ERR,ERR,ERR,ERR,ERR,ERR,ERR,ERR,ERR,ERR,ERR,ERR,ERR,ERR,ERR,ERR,ERR,ERR,ERR,ERR,ERR,ERR,ERR,ERR,ERR,ERR,ERR,ERR,-107615240.0,0.0,-117832800.0,0.0,0.0,0.0,0.0,nan,0,0,0,32768,0,0.0,0,0.0,0.0,0.0,0.0,0.0,0,0,0,0,0.0,0,0,0,0,0,0,0,0,0,0,0,0,0,0,0,0,0,0,0,0,0,0,0,0,0,0,0,0,0,0,0,0,0,0,0,0,0,0,0,0,0,0,0,0,0.0,0.0,0.0,0.0,0.0,0.0,0.0,0.0,0.0,0.0,0.0,0.0,0.0,0.0,0.0,0.0,0.0,0.0,0.0,0.0,0.0,0.0,2.004,-0.0,0.0,-2.004,0.0,0.0,0.0,0.0,3355.5,-2.004,0.0,-107615240.0,0.0,-0.0,-0.0,0.0,0.0,0.0,0.0,0,0.0,0.059,0.0,0.0,0.0,0.0,0.0,0.0,0.0,0,0,0,0.0,0.0,0.0,0.0,0.0,0.0,0.0,0.0,0.0,0.0,0.0,0.0,0.0,0.0,0.0,0.0,0,-107875648.0,0,0.0,0,-107875648.0,-107877712.0,0,39322,17038,0,17053,13107,17037,0,0,0,110,100,100,0.0,64.1,0.0,64.8,-107615304.0,68.5,1,49,50,180,0,13107,0,0,0.0,0.0,0.0,0.0,0.0,65.5,0.0,22712841928704.0,0.0,645,0,686,0,0,0,713,0,785,0,706,0,689,0,645,0,640,0,619,0.032,36700160.0,-2.004,-0.0,22928,16789,0.0,0.208,-0.0,-9.98864628279906e+25,0.0,0.0,29.0,60.0,70,0.0,0.0,0.0,0.0,0.0,0.0,0.0,0.0,0.0,0.0,0.0,0.0,0.0,0.0,0.0,0.0,59.2,68,12,65509,41,65476,0,300,0,0,8,20529,65476,0,0,61604,60.0,0.0,0.0,0.0,0.0,0.0
2026-04-04T11:50:28,ERR,ERR,ERR,ERR,ERR,ERR,ERR,ERR,ERR,ERR,ERR,ERR,ERR,ERR,ERR,ERR,ERR,ERR,ERR,ERR,ERR,ERR,ERR,ERR,ERR,ERR,ERR,ERR,ERR,ERR,ERR,ERR,ERR,ERR,ERR,ERR,ERR,ERR,ERR,ERR,ERR,ERR,ERR,ERR,ERR,ERR,ERR,ERR,ERR,ERR,ERR,ERR,ERR,ERR,ERR,ERR,ERR,ERR,ERR,ERR,ERR,ERR,ERR,ERR,ERR,ERR,ERR,ERR,ERR,ERR,ERR,ERR,ERR,ERR,ERR,ERR,ERR,ERR,ERR,ERR,ERR,ERR,ERR,ERR,ERR,ERR,ERR,ERR,ERR,ERR,ERR,ERR,ERR,ERR,ERR,ERR,ERR,ERR,ERR,ERR,ERR,ERR,ERR,ERR,ERR,ERR,ERR,ERR,ERR,ERR,ERR,ERR,ERR,ERR,ERR,ERR,ERR,ERR,ERR,ERR,ERR,ERR,ERR,ERR,ERR,-107615240.0,0.0,-117832800.0,0.0,0.0,0.0,0.0,nan,0,0,0,32768,0,0.0,0,0.0,0.0,0.0,0.0,0.0,0,0,0,0,0.0,0,0,0,0,0,0,0,0,0,0,0,0,0,0,0,0,0,0,0,0,0,0,0,0,0,0,0,0,0,0,0,0,0,0,0,0,0,0,0,0,0,0,0,0,0.0,0.0,0.0,0.0,0.0,0.0,0.0,0.0,0.0,0.0,0.0,0.0,0.0,0.0,0.0,0.0,0.0,0.0,0.0,0.0,0.0,0.0,2.004,-0.0,0.0,-2.004,0.0,0.0,0.0,0.0,3355.5,-2.004,0.0,-107615240.0,0.0,-0.0,-0.0,0.0,0.0,0.0,0.0,0,0.0,0.059,0.0,0.0,0.0,0.0,0.0,0.0,0.0,0,0,0,0.0,0.0,0.0,0.0,0.0,0.0,0.0,0.0,0.0,0.0,0.0,0.0,0.0,0.0,0.0,0.0,0,-107875648.0,0,0.0,0,-107875648.0,-107877712.0,0,39322,17038,0,17053,13107,17037,0,0,0,110,100,100,0.0,64.1,0.0,64.8,-0.0,68.5,1,49,50,180,0,13107,0,0,0.0,0.0,0.0,0.0,250122.047,65.5,0.0,2026.061,0.0,645,0,686,0,0,0,713,0,785,0,706,0,688,0,645,0,640,0,619,0.032,36700160.0,-2.004,-0.0,22928,16789,0.0,0.0,-0.0,-129663.133,0.0,0.0,29.0,60.0,70,0.0,0.0,0.0,0.0,0.0,0.0,0.0,0.0,0.0,0.0,0.0,0.0,0.0,0.0,0.0,0.0,59.2,68,12,65509,41,65476,0,300,0,0,8,20529,65476,0,0,61604,60.0,0.0,0.0,0.0,0.0,0.0
2026-04-04T11:50:29,ERR,ERR,ERR,ERR,ERR,ERR,ERR,ERR,ERR,ERR,ERR,ERR,ERR,ERR,ERR,ERR,ERR,ERR,ERR,ERR,ERR,ERR,ERR,ERR,ERR,ERR,ERR,ERR,ERR,ERR,ERR,ERR,ERR,ERR,ERR,ERR,ERR,ERR,ERR,ERR,ERR,ERR,ERR,ERR,ERR,ERR,ERR,ERR,ERR,ERR,ERR,ERR,ERR,ERR,ERR,ERR,ERR,ERR,ERR,ERR,ERR,ERR,ERR,ERR,ERR,ERR,ERR,ERR,ERR,ERR,ERR,ERR,ERR,ERR,ERR,ERR,ERR,ERR,ERR,ERR,ERR,ERR,ERR,ERR,ERR,ERR,ERR,ERR,ERR,ERR,ERR,ERR,ERR,ERR,ERR,ERR,ERR,ERR,ERR,ERR,ERR,ERR,ERR,ERR,ERR,ERR,ERR,ERR,ERR,ERR,ERR,ERR,ERR,ERR,ERR,ERR,ERR,ERR,ERR,ERR,ERR,ERR,ERR,ERR,ERR,-107615240.0,0.0,-117832800.0,0.0,0.0,0.0,0.0,nan,0,0,0,32768,0,0.0,0,0.0,0.0,0.0,0.0,0.0,0,0,0,0,0.0,0,0,0,0,0,0,0,0,0,0,0,0,0,0,0,0,0,0,0,0,0,0,0,0,0,0,0,0,0,0,0,0,0,0,0,0,0,0,0,0,0,0,0,0,0.0,0.0,0.0,0.0,0.0,0.0,0.0,0.0,0.0,0.0,0.0,0.0,0.0,0.0,0.0,0.0,0.0,0.0,0.0,0.0,0.0,0.0,2.004,-0.0,0.0,-2.004,0.0,0.0,0.0,0.0,3355.5,-2.004,0.0,-107615240.0,0.0,-0.0,-0.0,0.0,0.0,0.0,0.0,0,0.0,0.059,0.0,0.0,0.0,0.0,0.0,0.0,0.0,0,0,0,0.0,0.0,0.0,0.0,0.0,0.0,0.0,0.0,0.0,0.0,0.0,0.0,0.0,0.0,0.0,0.0,0,-107875648.0,0,0.0,0,-107875648.0,-107877712.0,0,39322,17038,0,17053,13107,17037,0,0,0,110,100,100,0.0,64.1,0.0,64.8,-0.0,68.5,1,49,50,180,0,13107,0,0,0.0,0.0,0.0,0.0,250122.047,65.5,0.0,2026.061,0.0,645,0,686,0,0,0,713,0,785,0,706,0,688,0,645,0,640,0,619,0.032,36700160.0,-2.004,-0.0,22928,16789,0.0,0.0,-0.0,-129663.133,0.0,0.0,29.0,60.0,70,0.0,0.0,0.0,0.0,0.0,0.0,0.0,0.0,0.0,0.0,0.0,0.0,0.0,0.0,0.0,0.0,59.2,68,12,65509,41,65476,0,300,0,0,8,20529,65476,0,0,61604,60.0,0.0,0.0,0.0,0.0,0.0
2026-04-04T11:50:30,ERR,ERR,ERR,ERR,ERR,ERR,ERR,ERR,ERR,ERR,ERR,ERR,ERR,ERR,ERR,ERR,ERR,ERR,ERR,ERR,ERR,ERR,ERR,ERR,ERR,ERR,ERR,ERR,ERR,ERR,ERR,ERR,ERR,ERR,ERR,ERR,ERR,ERR,ERR,ERR,ERR,ERR,ERR,ERR,ERR,ERR,ERR,ERR,ERR,ERR,ERR,ERR,ERR,ERR,ERR,ERR,ERR,ERR,ERR,ERR,ERR,ERR,ERR,ERR,ERR,ERR,ERR,ERR,ERR,ERR,ERR,ERR,ERR,ERR,ERR,ERR,ERR,ERR,ERR,ERR,ERR,ERR,ERR,ERR,ERR,ERR,ERR,ERR,ERR,ERR,ERR,ERR,ERR,ERR,ERR,ERR,ERR,ERR,ERR,ERR,ERR,ERR,ERR,ERR,ERR,ERR,ERR,ERR,ERR,ERR,ERR,ERR,ERR,ERR,ERR,ERR,ERR,ERR,ERR,ERR,ERR,ERR,ERR,ERR,ERR,-107615240.0,0.0,-117832800.0,0.0,0.0,0.0,0.0,nan,0,0,0,32768,0,0.0,0,0.0,0.0,0.0,0.0,0.0,0,0,0,0,0.0,0,0,0,0,0,0,0,0,0,0,0,0,0,0,0,0,0,0,0,0,0,0,0,0,0,0,0,0,0,0,0,0,0,0,0,0,0,0,0,0,0,0,0,0,0.0,0.0,0.0,0.0,0.0,0.0,0.0,0.0,0.0,0.0,0.0,0.0,0.0,0.0,0.0,0.0,0.0,0.0,0.0,0.0,0.0,0.0,2.004,-0.0,-2.004,-2.004,0.0,0.0,0.0,0.0,3353.5,-0.0,0.0,-107615240.0,0.0,-107615232.0,-0.0,0.0,0.0,0.0,0.0,0,-4.0668755697950344e+29,0.0,0.0,0.0,0.0,0.0,0.0,0.0,0.0,0,0,0,0.0,0.0,0.0,0.0,0.0,0.0,0.0,0.0,0.0,0.0,0.0,0.0,0.0,0.0,0.0,0.0,0,-107875648.0,0,0.0,0,-107875648.0,-107877712.0,0,39322,17038,0,17053,13107,17037,0,0,0,110,100,100,0.0,64.1,0.0,64.8,-0.0,68.5,1,49,50,180,0,13107,0,0,0.0,0.0,0.0,0.0,250122.047,65.5,0.0,2026.061,0.0,645,0,686,0,0,0,713,0,785,0,706,0,688,0,645,0,640,0,619,0.032,36700160.0,-2.004,-0.0,22928,16789,0.0,0.0,-0.0,-129663.133,0.0,0.0,29.0,60.0,70,0.0,0.0,0.0,0.0,0.0,0.0,0.0,0.0,0.0,0.0,0.0,0.0,0.0,0.0,0.0,0.0,59.2,68,12,65509,41,65476,0,300,0,0,8,20529,65476,0,0,61604,60.0,0.0,0.0,0.0,0.0,0.0
2026-04-04T11:50:31,ERR,ERR,ERR,ERR,ERR,ERR,ERR,ERR,ERR,ERR,ERR,ERR,ERR,ERR,ERR,ERR,ERR,ERR,ERR,ERR,ERR,ERR,ERR,ERR,ERR,ERR,ERR,ERR,ERR,ERR,ERR,ERR,ERR,ERR,ERR,ERR,ERR,ERR,ERR,ERR,ERR,ERR,ERR,ERR,ERR,ERR,ERR,ERR,ERR,ERR,ERR,ERR,ERR,ERR,ERR,ERR,ERR,ERR,ERR,ERR,ERR,ERR,ERR,ERR,ERR,ERR,ERR,ERR,ERR,ERR,ERR,ERR,ERR,ERR,ERR,ERR,ERR,ERR,ERR,ERR,ERR,ERR,ERR,ERR,ERR,ERR,ERR,ERR,ERR,ERR,ERR,ERR,ERR,ERR,ERR,ERR,ERR,ERR,ERR,ERR,ERR,ERR,ERR,ERR,ERR,ERR,ERR,ERR,ERR,ERR,ERR,ERR,ERR,ERR,ERR,ERR,ERR,ERR,ERR,ERR,ERR,ERR,ERR,ERR,ERR,-107615240.0,0.0,-117832800.0,0.0,0.0,0.0,0.0,nan,0,0,0,32768,0,0.0,0,0.0,0.0,0.0,0.0,0.0,0,0,0,0,0.0,0,0,0,0,0,0,0,0,0,0,0,0,0,0,0,0,0,0,0,0,0,0,0,0,0,0,0,0,0,0,0,0,0,0,0,0,0,0,0,0,0,0,0,0,0.0,0.0,0.0,0.0,0.0,0.0,0.0,0.0,0.0,0.0,0.0,0.0,0.0,0.0,0.0,0.0,0.0,0.0,0.0,0.0,0.0,0.0,2.004,-0.0,-2.004,-2.004,0.0,0.0,0.0,0.0,3353.5,-0.0,0.0,-107615240.0,0.0,-107615232.0,-0.0,0.0,0.0,0.0,0.0,0,-4.0668755697950344e+29,0.0,0.0,0.0,0.0,0.0,0.0,0.0,0.0,0,0,0,0.0,0.0,0.0,0.0,0.0,0.0,0.0,0.0,0.0,0.0,0.0,0.0,0.0,0.0,0.0,0.0,0,-107875648.0,0,0.0,0,-107875648.0,-107877712.0,0,39322,17038,0,17053,13107,17037,0,0,0,110,100,100,0.0,64.1,0.0,64.8,-0.0,68.5,1,49,50,180,0,13107,0,0,0.0,0.0,0.0,0.0,250122.047,65.5,0.0,2026.061,0.0,645,0,686,0,0,0,713,0,785,0,706,0,688,0,645,0,640,0,619,0.032,36700160.0,-2.004,-0.0,22928,16789,0.0,0.0,-0.0,-129663.133,0.0,0.0,29.0,60.0,70,0.0,0.0,0.0,0.0,0.0,0.0,0.0,0.0,0.0,0.0,0.0,0.0,0.0,0.0,0.0,0.0,59.2,68,12,65509,41,65476,0,300,0,0,8,20529,65476,0,0,61604,60.0,0.0,0.0,0.0,0.0,0.0
2026-04-04T11:50:32,ERR,ERR,ERR,ERR,ERR,ERR,ERR,ERR,ERR,ERR,ERR,ERR,ERR,ERR,ERR,ERR,ERR,ERR,ERR,ERR,ERR,ERR,ERR,ERR,ERR,ERR,ERR,ERR,ERR,ERR,ERR,ERR,ERR,ERR,ERR,ERR,ERR,ERR,ERR,ERR,ERR,ERR,ERR,ERR,ERR,ERR,ERR,ERR,ERR,ERR,ERR,ERR,ERR,ERR,ERR,ERR,ERR,ERR,ERR,ERR,ERR,ERR,ERR,ERR,ERR,ERR,ERR,ERR,ERR,ERR,ERR,ERR,ERR,ERR,ERR,ERR,ERR,ERR,ERR,ERR,ERR,ERR,ERR,ERR,ERR,ERR,ERR,ERR,ERR,ERR,ERR,ERR,ERR,ERR,ERR,ERR,ERR,ERR,ERR,ERR,ERR,ERR,ERR,ERR,ERR,ERR,ERR,ERR,ERR,ERR,ERR,ERR,ERR,ERR,ERR,ERR,ERR,ERR,ERR,ERR,ERR,ERR,ERR,ERR,ERR,-107615240.0,0.0,-117832800.0,0.0,0.0,0.0,0.0,nan,0,0,0,32768,0,0.0,0,0.0,0.0,0.0,0.0,0.0,0,0,0,0,0.0,0,0,0,0,0,0,0,0,0,0,0,0,0,0,0,0,0,0,0,0,0,0,0,0,0,0,0,0,0,0,0,0,0,0,0,0,0,0,0,0,0,0,0,0,0.0,0.0,0.0,0.0,0.0,0.0,0.0,0.0,0.0,0.0,0.0,0.0,0.0,0.0,0.0,0.0,0.0,0.0,0.0,0.0,0.0,0.0,2.004,-0.0,-2.004,-2.004,0.0,0.0,0.0,0.0,3353.5,-0.0,0.0,-107615240.0,0.0,-107615232.0,-0.0,0.0,0.0,0.0,0.0,0,-4.0668755697950344e+29,0.0,0.0,0.0,0.0,0.0,0.0,0.0,0.0,0,0,0,0.0,0.0,0.0,0.0,0.0,0.0,0.0,0.0,0.0,0.0,0.0,0.0,0.0,0.0,0.0,0.0,0,-107875648.0,0,0.0,0,-107875648.0,-107877712.0,0,39322,17038,0,17053,13107,17037,0,0,0,110,100,100,0.0,64.1,0.0,64.8,-0.0,68.5,1,49,50,180,0,13107,0,0,0.0,0.0,0.0,0.0,250122.047,65.5,0.0,2026.061,0.0,645,0,686,0,0,0,713,0,785,0,706,0,688,0,645,0,640,0,619,0.032,36700160.0,-2.004,-0.0,22928,16789,0.0,0.0,-0.0,-129663.133,0.0,0.0,29.0,60.0,70,0.0,0.0,0.0,0.0,0.0,0.0,0.0,0.0,0.0,0.0,0.0,0.0,0.0,0.0,0.0,0.0,59.2,68,12,65509,41,65476,0,300,0,0,8,20529,65476,0,0,61604,60.0,0.0,0.0,0.0,0.0,0.0
2026-04-04T11:50:33,ERR,ERR,ERR,ERR,ERR,ERR,ERR,ERR,ERR,ERR,ERR,ERR,ERR,ERR,ERR,ERR,ERR,ERR,ERR,ERR,ERR,ERR,ERR,ERR,ERR,ERR,ERR,ERR,ERR,ERR,ERR,ERR,ERR,ERR,ERR,ERR,ERR,ERR,ERR,ERR,ERR,ERR,ERR,ERR,ERR,ERR,ERR,ERR,ERR,ERR,ERR,ERR,ERR,ERR,ERR,ERR,ERR,ERR,ERR,ERR,ERR,ERR,ERR,ERR,ERR,ERR,ERR,ERR,ERR,ERR,ERR,ERR,ERR,ERR,ERR,ERR,ERR,ERR,ERR,ERR,ERR,ERR,ERR,ERR,ERR,ERR,ERR,ERR,ERR,ERR,ERR,ERR,ERR,ERR,ERR,ERR,ERR,ERR,ERR,ERR,ERR,ERR,ERR,ERR,ERR,ERR,ERR,ERR,ERR,ERR,ERR,ERR,ERR,ERR,ERR,ERR,ERR,ERR,ERR,ERR,ERR,ERR,ERR,ERR,ERR,-107615240.0,0.0,-117832800.0,0.0,0.0,0.0,0.0,nan,0,0,0,32768,0,0.0,0,0.0,0.0,0.0,0.0,0.0,0,0,0,0,0.0,0,0,0,0,0,0,0,0,0,0,0,0,0,0,0,0,0,0,0,0,0,0,0,0,0,0,0,0,0,0,0,0,0,0,0,0,0,0,0,0,0,0,0,0,0.0,0.0,0.0,0.0,0.0,0.0,0.0,0.0,0.0,0.0,0.0,0.0,0.0,0.0,0.0,0.0,0.0,0.0,0.0,0.0,0.0,0.0,2.004,-0.0,-2.004,-2.004,0.0,0.0,0.0,0.0,3353.5,-0.0,0.0,-107615240.0,0.0,-107615232.0,-0.0,0.0,0.0,0.0,0.0,0,-4.0668755697950344e+29,0.0,0.0,0.0,0.0,0.0,0.0,0.0,0.0,0,0,0,0.0,0.0,0.0,0.0,0.0,0.0,0.0,0.0,0.0,0.0,0.0,0.0,0.0,0.0,0.0,0.0,0,-107875648.0,0,0.0,0,-107875648.0,-107877712.0,0,39322,17038,0,17053,13107,17037,0,0,0,110,100,100,0.0,64.1,0.0,64.8,-0.0,68.5,1,49,50,180,0,13107,0,0,0.0,0.0,0.0,0.0,250122.047,65.5,0.0,2026.061,0.0,645,0,686,0,0,0,713,0,785,0,706,0,688,0,645,0,640,0,619,0.032,36700160.0,-2.004,-0.0,22928,16789,0.0,0.0,-0.0,-129663.133,0.0,0.0,29.0,60.0,70,0.0,0.0,0.0,0.0,0.0,0.0,0.0,0.0,0.0,0.0,0.0,0.0,0.0,0.0,0.0,0.0,59.2,68,12,65509,41,65476,0,300,0,0,8,20529,65476,0,0,61604,60.0,0.0,0.0,0.0,0.0,0.0
2026-04-04T11:50:34,ERR,ERR,ERR,ERR,ERR,ERR,ERR,ERR,ERR,ERR,ERR,ERR,ERR,ERR,ERR,ERR,ERR,ERR,ERR,ERR,ERR,ERR,ERR,ERR,ERR,ERR,ERR,ERR,ERR,ERR,ERR,ERR,ERR,ERR,ERR,ERR,ERR,ERR,ERR,ERR,ERR,ERR,ERR,ERR,ERR,ERR,ERR,ERR,ERR,ERR,ERR,ERR,ERR,ERR,ERR,ERR,ERR,ERR,ERR,ERR,ERR,ERR,ERR,ERR,ERR,ERR,ERR,ERR,ERR,ERR,ERR,ERR,ERR,ERR,ERR,ERR,ERR,ERR,ERR,ERR,ERR,ERR,ERR,ERR,ERR,ERR,ERR,ERR,ERR,ERR,ERR,ERR,ERR,ERR,ERR,ERR,ERR,ERR,ERR,ERR,ERR,ERR,ERR,ERR,ERR,ERR,ERR,ERR,ERR,ERR,ERR,ERR,ERR,ERR,ERR,ERR,ERR,ERR,ERR,ERR,ERR,ERR,ERR,ERR,ERR,-107615240.0,0.0,-117832800.0,0.0,0.0,0.0,0.0,nan,0,0,0,32768,0,0.0,0,0.0,0.0,0.0,0.0,0.0,0,0,0,0,0.0,0,0,0,0,0,0,0,0,0,0,0,0,0,0,0,0,0,0,0,0,0,0,0,0,0,0,0,0,0,0,0,0,0,0,0,0,0,0,0,0,0,0,0,0,0.0,0.0,0.0,0.0,0.0,0.0,0.0,0.0,0.0,0.0,0.0,0.0,0.0,0.0,0.0,0.0,0.0,0.0,0.0,0.0,0.0,0.0,2.004,-0.0,-2.004,-2.004,0.0,0.0,0.0,0.0,3353.5,-0.0,0.0,-107615240.0,0.0,-107615232.0,-0.0,0.0,0.0,0.0,0.0,0,-4.0668755697950344e+29,0.0,0.0,0.0,0.0,0.0,0.0,0.0,0.0,0,0,0,0.0,0.0,0.0,0.0,0.0,0.0,0.0,0.0,0.0,0.0,0.0,0.0,0.0,0.0,0.0,0.0,0,-107875648.0,0,0.0,0,-107875648.0,-107877712.0,0,39322,17038,0,17053,13107,17037,0,0,0,110,100,100,0.0,64.1,0.0,64.8,-0.0,68.5,1,49,50,180,0,13107,0,0,0.0,0.0,0.0,0.0,72837.023,65.5,0.0,2326701627408384.0,0.0,645,0,686,0,0,0,713,0,785,0,706,0,688,0,646,0,640,0,619,0.032,36700160.0,-2.004,-0.0,27536,16789,21409.256,-0.0,0.0,-0.0,1.835622442012519e+34,-0.0,29.0,60.0,70,0.0,0.0,0.0,0.0,0.0,0.0,0.0,0.0,0.0,0.0,0.0,0.0,0.0,0.0,0.0,0.0,59.2,68,12,65509,41,65476,0,300,0,0,8,20529,65476,0,0,61604,60.0,0.0,0.0,0.0,0.0,0.0
2026-04-04T11:50:35,ERR,ERR,ERR,ERR,ERR,ERR,ERR,ERR,ERR,ERR,ERR,ERR,ERR,ERR,ERR,ERR,ERR,ERR,ERR,ERR,ERR,ERR,ERR,ERR,ERR,ERR,ERR,ERR,ERR,ERR,ERR,ERR,ERR,ERR,ERR,ERR,ERR,ERR,ERR,ERR,ERR,ERR,ERR,ERR,ERR,ERR,ERR,ERR,ERR,ERR,ERR,ERR,ERR,ERR,ERR,ERR,ERR,ERR,ERR,ERR,ERR,ERR,ERR,ERR,ERR,ERR,ERR,ERR,ERR,ERR,ERR,ERR,ERR,ERR,ERR,ERR,ERR,ERR,ERR,ERR,ERR,ERR,ERR,ERR,ERR,ERR,ERR,ERR,ERR,ERR,ERR,ERR,ERR,ERR,ERR,ERR,ERR,ERR,ERR,ERR,ERR,ERR,ERR,ERR,ERR,ERR,ERR,ERR,ERR,ERR,ERR,ERR,ERR,ERR,ERR,ERR,ERR,ERR,ERR,ERR,ERR,ERR,ERR,ERR,ERR,-107615240.0,0.0,-117832800.0,0.0,0.0,0.0,0.0,nan,0,0,0,32768,0,0.0,0,0.0,0.0,0.0,0.0,0.0,0,0,0,0,0.0,0,0,0,0,0,0,0,0,0,0,0,0,0,0,0,0,0,0,0,0,0,0,0,0,0,0,0,0,0,0,0,0,0,0,0,0,0,0,0,0,0,0,0,0,0.0,0.0,0.0,0.0,0.0,0.0,0.0,0.0,0.0,0.0,0.0,0.0,0.0,0.0,0.0,0.0,0.0,0.0,0.0,0.0,0.0,0.0,2.004,-0.0,-2.004,-2.004,0.0,0.0,0.0,0.0,3353.5,-0.0,0.0,-107615240.0,0.0,-107615232.0,-0.0,0.0,0.0,0.0,0.0,0,-4.0668755697950344e+29,0.0,0.0,0.0,0.0,0.0,0.0,0.0,0.0,0,0,0,0.0,0.0,0.0,0.0,0.0,0.0,0.0,0.0,0.0,0.0,0.0,0.0,0.0,0.0,0.0,0.0,0,-107875648.0,0,0.0,0,-107875648.0,-107877712.0,0,39322,17038,0,17053,13107,17037,0,0,0,110,100,100,0.0,64.1,0.0,64.8,-0.0,68.5,1,49,50,180,0,13107,0,0,0.0,0.0,0.0,0.0,72837.023,65.5,0.0,2326701627408384.0,0.0,645,0,686,0,0,0,713,0,785,0,706,0,688,0,646,0,640,0,619,0.032,36700160.0,-2.004,-0.0,27536,16789,21409.256,-0.0,0.0,-0.0,1.835622442012519e+34,-0.0,29.0,60.0,70,0.0,0.0,0.0,0.0,0.0,0.0,0.0,0.0,0.0,0.0,0.0,0.0,0.0,0.0,0.0,0.0,59.2,68,12,65509,41,65476,0,300,0,0,8,20529,65476,0,0,61604,60.0,0.0,0.0,0.0,0.0,0.0
2026-04-04T11:50:36,ERR,ERR,ERR,ERR,ERR,ERR,ERR,ERR,ERR,ERR,ERR,ERR,ERR,ERR,ERR,ERR,ERR,ERR,ERR,ERR,ERR,ERR,ERR,ERR,ERR,ERR,ERR,ERR,ERR,ERR,ERR,ERR,ERR,ERR,ERR,ERR,ERR,ERR,ERR,ERR,ERR,ERR,ERR,ERR,ERR,ERR,ERR,ERR,ERR,ERR,ERR,ERR,ERR,ERR,ERR,ERR,ERR,ERR,ERR,ERR,ERR,ERR,ERR,ERR,ERR,ERR,ERR,ERR,ERR,ERR,ERR,ERR,ERR,ERR,ERR,ERR,ERR,ERR,ERR,ERR,ERR,ERR,ERR,ERR,ERR,ERR,ERR,ERR,ERR,ERR,ERR,ERR,ERR,ERR,ERR,ERR,ERR,ERR,ERR,ERR,ERR,ERR,ERR,ERR,ERR,ERR,ERR,ERR,ERR,ERR,ERR,ERR,ERR,ERR,ERR,ERR,ERR,ERR,ERR,ERR,ERR,ERR,ERR,ERR,ERR,-107615240.0,0.0,-117832800.0,0.0,0.0,0.0,0.0,nan,0,0,0,32768,0,0.0,0,0.0,0.0,0.0,0.0,0.0,0,0,0,0,0.0,0,0,0,0,0,0,0,0,0,0,0,0,0,0,0,0,0,0,0,0,0,0,0,0,0,0,0,0,0,0,0,0,0,0,0,0,0,0,0,0,0,0,0,0,0.0,0.0,0.0,0.0,0.0,0.0,0.0,0.0,0.0,0.0,0.0,0.0,0.0,0.0,0.0,0.0,0.0,0.0,0.0,0.0,0.0,0.0,2.004,-0.0,-2.004,-2.004,0.0,0.0,0.0,0.0,3353.5,-0.0,0.0,-107615240.0,0.0,-107615232.0,-0.0,0.0,0.0,0.0,0.0,0,-4.0668755697950344e+29,0.0,0.0,0.0,0.0,0.0,0.0,0.0,0.0,0,0,0,0.0,0.0,0.0,0.0,0.0,0.0,0.0,0.0,0.0,0.0,0.0,0.0,0.0,0.0,0.0,0.0,0,-107875648.0,0,0.0,0,-107875648.0,-107877712.0,0,39322,17038,0,17053,13107,17037,0,0,0,110,100,100,0.0,64.1,0.0,64.8,-0.0,68.5,1,49,50,180,0,13107,0,0,0.0,0.0,0.0,0.0,72837.023,65.5,0.0,2326701627408384.0,0.0,645,0,686,0,0,0,713,0,785,0,706,0,688,0,646,0,640,0,619,0.032,36700160.0,-2.004,-0.0,27536,16789,21409.256,-0.0,0.0,-0.0,1.835622442012519e+34,-0.0,29.0,60.0,70,0.0,0.0,0.0,0.0,0.0,0.0,0.0,0.0,0.0,0.0,0.0,0.0,0.0,0.0,0.0,0.0,59.2,68,12,65509,41,65476,0,300,0,0,8,20529,65476,0,0,61604,60.0,0.0,0.0,0.0,0.0,0.0
2026-04-04T11:50:37,ERR,ERR,ERR,ERR,ERR,ERR,ERR,ERR,ERR,ERR,ERR,ERR,ERR,ERR,ERR,ERR,ERR,ERR,ERR,ERR,ERR,ERR,ERR,ERR,ERR,ERR,ERR,ERR,ERR,ERR,ERR,ERR,ERR,ERR,ERR,ERR,ERR,ERR,ERR,ERR,ERR,ERR,ERR,ERR,ERR,ERR,ERR,ERR,ERR,ERR,ERR,ERR,ERR,ERR,ERR,ERR,ERR,ERR,ERR,ERR,ERR,ERR,ERR,ERR,ERR,ERR,ERR,ERR,ERR,ERR,ERR,ERR,ERR,ERR,ERR,ERR,ERR,ERR,ERR,ERR,ERR,ERR,ERR,ERR,ERR,ERR,ERR,ERR,ERR,ERR,ERR,ERR,ERR,ERR,ERR,ERR,ERR,ERR,ERR,ERR,ERR,ERR,ERR,ERR,ERR,ERR,ERR,ERR,ERR,ERR,ERR,ERR,ERR,ERR,ERR,ERR,ERR,ERR,ERR,ERR,ERR,ERR,ERR,ERR,ERR,-107615240.0,0.0,-117832800.0,0.0,0.0,0.0,0.0,nan,0,0,0,32768,0,0.0,0,0.0,0.0,0.0,0.0,0.0,0,0,0,0,0.0,0,0,0,0,0,0,0,0,0,0,0,0,0,0,0,0,0,0,0,0,0,0,0,0,0,0,0,0,0,0,0,0,0,0,0,0,0,0,0,0,0,0,0,0,0.0,0.0,0.0,0.0,0.0,0.0,0.0,0.0,0.0,0.0,0.0,0.0,0.0,0.0,0.0,0.0,0.0,0.0,0.0,0.0,0.0,0.0,2.004,-0.0,-2.004,-2.004,0.0,0.0,0.0,0.0,3353.5,-0.0,0.0,-107615240.0,0.0,-107615232.0,-0.0,0.0,0.0,0.0,0.0,0,-4.0668755697950344e+29,0.0,0.0,0.0,0.0,0.0,0.0,0.0,0.0,0,0,0,0.0,0.0,0.0,0.0,0.0,0.0,0.0,0.0,0.0,0.0,0.0,0.0,0.0,0.0,0.0,0.0,0,-107875648.0,0,0.0,0,-107875648.0,-107877712.0,0,39322,17038,0,17053,13107,17037,0,0,0,110,100,100,0.0,64.1,0.0,64.8,-0.0,68.5,1,49,50,180,0,13107,0,0,0.0,0.0,0.0,0.0,72837.023,65.5,0.0,2326701627408384.0,0.0,645,0,686,0,0,0,713,0,785,0,706,0,688,0,646,0,640,0,619,0.032,36700160.0,-2.004,-0.0,27536,16789,21409.256,-0.0,0.0,-0.0,1.835622442012519e+34,-0.0,29.0,60.0,70,0.0,0.0,0.0,0.0,0.0,0.0,0.0,0.0,0.0,0.0,0.0,0.0,0.0,0.0,0.0,0.0,59.2,68,12,65509,41,65476,0,300,0,0,8,20529,65476,0,0,61604,60.0,0.0,0.0,0.0,0.0,0.0
2026-04-04T11:50:38,ERR,ERR,ERR,ERR,ERR,ERR,ERR,ERR,ERR,ERR,ERR,ERR,ERR,ERR,ERR,ERR,ERR,ERR,ERR,ERR,ERR,ERR,ERR,ERR,ERR,ERR,ERR,ERR,ERR,ERR,ERR,ERR,ERR,ERR,ERR,ERR,ERR,ERR,ERR,ERR,ERR,ERR,ERR,ERR,ERR,ERR,ERR,ERR,ERR,ERR,ERR,ERR,ERR,ERR,ERR,ERR,ERR,ERR,ERR,ERR,ERR,ERR,ERR,ERR,ERR,ERR,ERR,ERR,ERR,ERR,ERR,ERR,ERR,ERR,ERR,ERR,ERR,ERR,ERR,ERR,ERR,ERR,ERR,ERR,ERR,ERR,ERR,ERR,ERR,ERR,ERR,ERR,ERR,ERR,ERR,ERR,ERR,ERR,ERR,ERR,ERR,ERR,ERR,ERR,ERR,ERR,ERR,ERR,ERR,ERR,ERR,ERR,ERR,ERR,ERR,ERR,ERR,ERR,ERR,ERR,ERR,ERR,ERR,ERR,ERR,-107615240.0,0.0,-117832800.0,0.0,0.0,0.0,0.0,nan,0,0,0,32768,0,0.0,0,0.0,0.0,0.0,0.0,0.0,0,0,0,0,0.0,0,0,0,0,0,0,0,0,0,0,0,0,0,0,0,0,0,0,0,0,0,0,0,0,0,0,0,0,0,0,0,0,0,0,0,0,0,0,0,0,0,0,0,0,0.0,0.0,0.0,0.0,0.0,0.0,0.0,0.0,0.0,0.0,0.0,0.0,0.0,0.0,0.0,0.0,0.0,0.0,0.0,0.0,0.0,0.0,2.004,-0.0,0.0,-2.004,0.0,0.0,0.0,0.0,3353.0,-2.004,0.0,-107615240.0,0.0,-0.0,-0.0,0.0,0.0,0.0,0.0,0,-2.7184278591402704e+23,0.0,0.0,0.0,0.0,0.0,0.0,0.0,0.0,0,0,0,0.0,0.0,0.0,0.0,0.0,0.0,0.0,0.0,0.0,0.0,0.0,0.0,0.0,0.0,0.0,0.0,0,-107875648.0,0,0.0,0,-107875648.0,0.0,0,39322,17038,0,17053,13107,17037,0,0,0,110,100,100,0.0,64.1,0.0,64.8,-0.0,68.5,1,49,50,180,0,13107,0,0,0.0,0.0,0.0,0.0,72837.023,65.5,0.0,2326701627408384.0,0.0,645,0,686,0,0,0,713,0,785,0,706,0,688,0,646,0,640,0,619,0.032,36700160.0,-2.004,-0.0,27536,16789,21409.256,-0.0,0.0,-0.0,1.835622442012519e+34,-0.0,29.0,60.0,70,0.0,0.0,0.0,0.0,0.0,0.0,0.0,0.0,0.0,0.0,0.0,0.0,0.0,0.0,0.0,0.0,59.2,68,12,65509,41,65476,0,300,0,0,8,20529,65476,0,0,61604,60.0,0.0,0.0,0.0,0.0,0.0
2026-04-04T11:50:39,ERR,ERR,ERR,ERR,ERR,ERR,ERR,ERR,ERR,ERR,ERR,ERR,ERR,ERR,ERR,ERR,ERR,ERR,ERR,ERR,ERR,ERR,ERR,ERR,ERR,ERR,ERR,ERR,ERR,ERR,ERR,ERR,ERR,ERR,ERR,ERR,ERR,ERR,ERR,ERR,ERR,ERR,ERR,ERR,ERR,ERR,ERR,ERR,ERR,ERR,ERR,ERR,ERR,ERR,ERR,ERR,ERR,ERR,ERR,ERR,ERR,ERR,ERR,ERR,ERR,ERR,ERR,ERR,ERR,ERR,ERR,ERR,ERR,ERR,ERR,ERR,ERR,ERR,ERR,ERR,ERR,ERR,ERR,ERR,ERR,ERR,ERR,ERR,ERR,ERR,ERR,ERR,ERR,ERR,ERR,ERR,ERR,ERR,ERR,ERR,ERR,ERR,ERR,ERR,ERR,ERR,ERR,ERR,ERR,ERR,ERR,ERR,ERR,ERR,ERR,ERR,ERR,ERR,ERR,ERR,ERR,ERR,ERR,ERR,ERR,-107615240.0,0.0,-117832800.0,0.0,0.0,0.0,0.0,nan,0,0,0,32768,0,0.0,0,0.0,0.0,0.0,0.0,0.0,0,0,0,0,0.0,0,0,0,0,0,0,0,0,0,0,0,0,0,0,0,0,0,0,0,0,0,0,0,0,0,0,0,0,0,0,0,0,0,0,0,0,0,0,0,0,0,0,0,0,0.0,0.0,0.0,0.0,0.0,0.0,0.0,0.0,0.0,0.0,0.0,0.0,0.0,0.0,0.0,0.0,0.0,0.0,0.0,0.0,0.0,0.0,2.004,-0.0,0.0,-2.004,0.0,0.0,0.0,0.0,3353.0,-2.004,0.0,-107615240.0,0.0,-0.0,-0.0,0.0,0.0,0.0,0.0,0,-2.7184278591402704e+23,0.0,0.0,0.0,0.0,0.0,0.0,0.0,0.0,0,0,0,0.0,0.0,0.0,0.0,0.0,0.0,0.0,0.0,0.0,0.0,0.0,0.0,0.0,0.0,0.0,0.0,0,-107875648.0,0,0.0,0,-107875648.0,0.0,0,39322,17038,0,17053,13107,17037,0,0,0,110,100,100,0.0,64.1,0.0,64.8,-0.0,68.5,1,49,50,180,0,13107,0,0,0.0,0.0,0.0,0.0,6152.314,65.5,0.0,873.031,0.0,645,0,686,0,0,0,713,0,785,0,706,0,689,0,645,0,640,0,619,0.032,36962304.0,-2.004,-0.0,26512,16789,0.0,6.914,-0.0,12140434.0,0.001,0.014,29.0,60.0,70,0.0,0.0,0.0,0.0,0.0,0.0,0.0,0.0,0.0,0.0,0.0,0.0,0.0,0.0,0.0,0.0,59.2,68,12,65509,41,65476,0,300,0,0,8,20529,65476,0,0,61604,60.0,0.0,0.0,0.0,0.0,0.0
2026-04-04T11:50:40,ERR,ERR,ERR,ERR,ERR,ERR,ERR,ERR,ERR,ERR,ERR,ERR,ERR,ERR,ERR,ERR,ERR,ERR,ERR,ERR,ERR,ERR,ERR,ERR,ERR,ERR,ERR,ERR,ERR,ERR,ERR,ERR,ERR,ERR,ERR,ERR,ERR,ERR,ERR,ERR,ERR,ERR,ERR,ERR,ERR,ERR,ERR,ERR,ERR,ERR,ERR,ERR,ERR,ERR,ERR,ERR,ERR,ERR,ERR,ERR,ERR,ERR,ERR,ERR,ERR,ERR,ERR,ERR,ERR,ERR,ERR,ERR,ERR,ERR,ERR,ERR,ERR,ERR,ERR,ERR,ERR,ERR,ERR,ERR,ERR,ERR,ERR,ERR,ERR,ERR,ERR,ERR,ERR,ERR,ERR,ERR,ERR,ERR,ERR,ERR,ERR,ERR,ERR,ERR,ERR,ERR,ERR,ERR,ERR,ERR,ERR,ERR,ERR,ERR,ERR,ERR,ERR,ERR,ERR,ERR,ERR,ERR,ERR,ERR,ERR,-107615240.0,0.0,-117832800.0,0.0,0.0,0.0,0.0,nan,0,0,0,32768,0,0.0,0,0.0,0.0,0.0,0.0,0.0,0,0,0,0,0.0,0,0,0,0,0,0,0,0,0,0,0,0,0,0,0,0,0,0,0,0,0,0,0,0,0,0,0,0,0,0,0,0,0,0,0,0,0,0,0,0,0,0,0,0,0.0,0.0,0.0,0.0,0.0,0.0,0.0,0.0,0.0,0.0,0.0,0.0,0.0,0.0,0.0,0.0,0.0,0.0,0.0,0.0,0.0,0.0,2.004,-0.0,0.0,-2.004,0.0,0.0,0.0,0.0,3353.0,-2.004,0.0,-107615240.0,0.0,-0.0,-0.0,0.0,0.0,0.0,0.0,0,-2.7184278591402704e+23,0.0,0.0,0.0,0.0,0.0,0.0,0.0,0.0,0,0,0,0.0,0.0,0.0,0.0,0.0,0.0,0.0,0.0,0.0,0.0,0.0,0.0,0.0,0.0,0.0,0.0,0,-107875648.0,0,0.0,0,-107875648.0,0.0,0,39322,17038,0,17053,13107,17037,0,0,0,110,100,100,0.0,64.1,0.0,64.8,-0.0,68.5,1,49,50,180,0,13107,0,0,0.0,0.0,0.0,0.0,6152.314,65.5,0.0,873.031,0.0,645,0,686,0,0,0,713,0,785,0,706,0,689,0,645,0,640,0,619,0.032,36962304.0,-2.004,-0.0,26512,16789,0.0,6.914,-0.0,12140434.0,0.001,0.014,29.0,60.0,70,0.0,0.0,0.0,0.0,0.0,0.0,0.0,0.0,0.0,0.0,0.0,0.0,0.0,0.0,0.0,0.0,59.2,68,12,65509,41,65476,0,300,0,0,8,20529,65476,0,0,61604,60.0,0.0,0.0,0.0,0.0,0.0
2026-04-04T11:50:41,ERR,ERR,ERR,ERR,ERR,ERR,ERR,ERR,ERR,ERR,ERR,ERR,ERR,ERR,ERR,ERR,ERR,ERR,ERR,ERR,ERR,ERR,ERR,ERR,ERR,ERR,ERR,ERR,ERR,ERR,ERR,ERR,ERR,ERR,ERR,ERR,ERR,ERR,ERR,ERR,ERR,ERR,ERR,ERR,ERR,ERR,ERR,ERR,ERR,ERR,ERR,ERR,ERR,ERR,ERR,ERR,ERR,ERR,ERR,ERR,ERR,ERR,ERR,ERR,ERR,ERR,ERR,ERR,ERR,ERR,ERR,ERR,ERR,ERR,ERR,ERR,ERR,ERR,ERR,ERR,ERR,ERR,ERR,ERR,ERR,ERR,ERR,ERR,ERR,ERR,ERR,ERR,ERR,ERR,ERR,ERR,ERR,ERR,ERR,ERR,ERR,ERR,ERR,ERR,ERR,ERR,ERR,ERR,ERR,ERR,ERR,ERR,ERR,ERR,ERR,ERR,ERR,ERR,ERR,ERR,ERR,ERR,ERR,ERR,ERR,-107615240.0,0.0,-117832800.0,0.0,0.0,0.0,0.0,nan,0,0,0,32768,0,0.0,0,0.0,0.0,0.0,0.0,0.0,0,0,0,0,0.0,0,0,0,0,0,0,0,0,0,0,0,0,0,0,0,0,0,0,0,0,0,0,0,0,0,0,0,0,0,0,0,0,0,0,0,0,0,0,0,0,0,0,0,0,0.0,0.0,0.0,0.0,0.0,0.0,0.0,0.0,0.0,0.0,0.0,0.0,0.0,0.0,0.0,0.0,0.0,0.0,0.0,0.0,0.0,0.0,2.004,-0.0,0.0,-2.004,0.0,0.0,0.0,0.0,3353.0,-2.004,0.0,-107615240.0,0.0,-0.0,-0.0,0.0,0.0,0.0,0.0,0,-2.7184278591402704e+23,0.0,0.0,0.0,0.0,0.0,0.0,0.0,0.0,0,0,0,0.0,0.0,0.0,0.0,0.0,0.0,0.0,0.0,0.0,0.0,0.0,0.0,0.0,0.0,0.0,0.0,0,-107875648.0,0,0.0,0,-107875648.0,0.0,0,39322,17038,0,17053,13107,17037,0,0,0,110,100,100,0.0,64.1,0.0,64.8,-0.0,68.5,1,49,50,180,0,13107,0,0,0.0,0.0,0.0,0.0,6152.314,65.5,0.0,873.031,0.0,645,0,686,0,0,0,713,0,785,0,706,0,689,0,645,0,640,0,619,0.032,36962304.0,-2.004,-0.0,26512,16789,0.0,6.914,-0.0,12140434.0,0.001,0.014,29.0,60.0,70,0.0,0.0,0.0,0.0,0.0,0.0,0.0,0.0,0.0,0.0,0.0,0.0,0.0,0.0,0.0,0.0,59.2,68,12,65509,41,65476,0,300,0,0,8,20529,65476,0,0,61604,60.0,0.0,0.0,0.0,0.0,0.0
2026-04-04T11:50:42,ERR,ERR,ERR,ERR,ERR,ERR,ERR,ERR,ERR,ERR,ERR,ERR,ERR,ERR,ERR,ERR,ERR,ERR,ERR,ERR,ERR,ERR,ERR,ERR,ERR,ERR,ERR,ERR,ERR,ERR,ERR,ERR,ERR,ERR,ERR,ERR,ERR,ERR,ERR,ERR,ERR,ERR,ERR,ERR,ERR,ERR,ERR,ERR,ERR,ERR,ERR,ERR,ERR,ERR,ERR,ERR,ERR,ERR,ERR,ERR,ERR,ERR,ERR,ERR,ERR,ERR,ERR,ERR,ERR,ERR,ERR,ERR,ERR,ERR,ERR,ERR,ERR,ERR,ERR,ERR,ERR,ERR,ERR,ERR,ERR,ERR,ERR,ERR,ERR,ERR,ERR,ERR,ERR,ERR,ERR,ERR,ERR,ERR,ERR,ERR,ERR,ERR,ERR,ERR,ERR,ERR,ERR,ERR,ERR,ERR,ERR,ERR,ERR,ERR,ERR,ERR,ERR,ERR,ERR,ERR,ERR,ERR,ERR,ERR,ERR,-107615240.0,0.0,-117832800.0,0.0,0.0,0.0,0.0,nan,0,0,0,32768,0,0.0,0,0.0,0.0,0.0,0.0,0.0,0,0,0,0,0.0,0,0,0,0,0,0,0,0,0,0,0,0,0,0,0,0,0,0,0,0,0,0,0,0,0,0,0,0,0,0,0,0,0,0,0,0,0,0,0,0,0,0,0,0,0.0,0.0,0.0,0.0,0.0,0.0,0.0,0.0,0.0,0.0,0.0,0.0,0.0,0.0,0.0,0.0,0.0,0.0,0.0,0.0,0.0,0.0,2.004,-0.0,0.0,-2.004,0.0,0.0,0.0,0.0,3353.0,-2.004,0.0,-107615240.0,0.0,-0.0,-0.0,0.0,0.0,0.0,0.0,0,-2.7184278591402704e+23,0.0,0.0,0.0,0.0,0.0,0.0,0.0,0.0,0,0,0,0.0,0.0,0.0,0.0,0.0,0.0,0.0,0.0,0.0,0.0,0.0,0.0,0.0,0.0,0.0,0.0,0,-107875648.0,0,0.0,0,-107875648.0,0.0,0,39322,17038,0,17053,13107,17037,0,0,0,110,100,100,0.0,64.1,0.0,64.8,-0.0,68.5,1,49,50,180,0,13107,0,0,0.0,0.0,0.0,0.0,6152.314,65.5,0.0,873.031,0.0,645,0,686,0,0,0,713,0,785,0,706,0,689,0,645,0,640,0,619,0.032,36962304.0,-2.004,-0.0,26512,16789,0.0,6.914,-0.0,12140434.0,0.001,0.014,29.0,60.0,70,0.0,0.0,0.0,0.0,0.0,0.0,0.0,0.0,0.0,0.0,0.0,0.0,0.0,0.0,0.0,0.0,59.2,68,12,65509,41,65476,0,300,0,0,8,20529,65476,0,0,61604,60.0,0.0,0.0,0.0,0.0,0.0
2026-04-04T11:50:43,ERR,ERR,ERR,ERR,ERR,ERR,ERR,ERR,ERR,ERR,ERR,ERR,ERR,ERR,ERR,ERR,ERR,ERR,ERR,ERR,ERR,ERR,ERR,ERR,ERR,ERR,ERR,ERR,ERR,ERR,ERR,ERR,ERR,ERR,ERR,ERR,ERR,ERR,ERR,ERR,ERR,ERR,ERR,ERR,ERR,ERR,ERR,ERR,ERR,ERR,ERR,ERR,ERR,ERR,ERR,ERR,ERR,ERR,ERR,ERR,ERR,ERR,ERR,ERR,ERR,ERR,ERR,ERR,ERR,ERR,ERR,ERR,ERR,ERR,ERR,ERR,ERR,ERR,ERR,ERR,ERR,ERR,ERR,ERR,ERR,ERR,ERR,ERR,ERR,ERR,ERR,ERR,ERR,ERR,ERR,ERR,ERR,ERR,ERR,ERR,ERR,ERR,ERR,ERR,ERR,ERR,ERR,ERR,ERR,ERR,ERR,ERR,ERR,ERR,ERR,ERR,ERR,ERR,ERR,ERR,ERR,ERR,ERR,ERR,ERR,-107615240.0,0.0,-117832800.0,0.0,0.0,0.0,0.0,nan,0,0,0,32768,0,0.0,0,0.0,0.0,0.0,0.0,0.0,0,0,0,0,0.0,0,0,0,0,0,0,0,0,0,0,0,0,0,0,0,0,0,0,0,0,0,0,0,0,0,0,0,0,0,0,0,0,0,0,0,0,0,0,0,0,0,0,0,0,0.0,0.0,0.0,0.0,0.0,0.0,0.0,0.0,0.0,0.0,0.0,0.0,0.0,0.0,0.0,0.0,0.0,0.0,0.0,0.0,0.0,0.0,2.004,-0.0,0.0,-2.004,0.0,0.0,0.0,0.0,3353.0,-2.004,0.0,-107615240.0,0.0,-0.0,-0.0,0.0,0.0,0.0,0.0,0,-2.7184278591402704e+23,0.0,0.0,0.0,0.0,0.0,0.0,0.0,0.0,0,0,0,0.0,0.0,0.0,0.0,0.0,0.0,0.0,0.0,0.0,0.0,0.0,0.0,0.0,0.0,0.0,0.0,0,-107875648.0,0,0.0,0,-107875648.0,0.0,0,39322,17038,0,17053,13107,17037,0,0,0,110,100,100,0.0,64.1,0.0,64.8,-0.0,68.5,1,49,50,180,0,13107,0,0,0.0,0.0,0.0,0.0,6152.314,65.5,0.0,873.031,0.0,645,0,686,0,0,0,713,0,785,0,706,0,689,0,645,0,640,0,619,0.032,36962304.0,-2.004,-0.0,26512,16789,0.0,6.914,-0.0,12140434.0,0.001,0.014,29.0,60.0,70,0.0,0.0,0.0,0.0,0.0,0.0,0.0,0.0,0.0,0.0,0.0,0.0,0.0,0.0,0.0,0.0,59.2,68,12,65509,41,65476,0,300,0,0,8,20529,65476,0,0,61604,60.0,0.0,0.0,0.0,0.0,0.0
2026-04-04T11:50:44,ERR,ERR,ERR,ERR,ERR,ERR,ERR,ERR,ERR,ERR,ERR,ERR,ERR,ERR,ERR,ERR,ERR,ERR,ERR,ERR,ERR,ERR,ERR,ERR,ERR,ERR,ERR,ERR,ERR,ERR,ERR,ERR,ERR,ERR,ERR,ERR,ERR,ERR,ERR,ERR,ERR,ERR,ERR,ERR,ERR,ERR,ERR,ERR,ERR,ERR,ERR,ERR,ERR,ERR,ERR,ERR,ERR,ERR,ERR,ERR,ERR,ERR,ERR,ERR,ERR,ERR,ERR,ERR,ERR,ERR,ERR,ERR,ERR,ERR,ERR,ERR,ERR,ERR,ERR,ERR,ERR,ERR,ERR,ERR,ERR,ERR,ERR,ERR,ERR,ERR,ERR,ERR,ERR,ERR,ERR,ERR,ERR,ERR,ERR,ERR,ERR,ERR,ERR,ERR,ERR,ERR,ERR,ERR,ERR,ERR,ERR,ERR,ERR,ERR,ERR,ERR,ERR,ERR,ERR,ERR,ERR,ERR,ERR,ERR,ERR,-107615240.0,0.0,-117832800.0,0.0,0.0,0.0,0.0,nan,0,0,0,32768,0,0.0,0,0.0,0.0,0.0,0.0,0.0,0,0,0,0,0.0,0,0,0,0,0,0,0,0,0,0,0,0,0,0,0,0,0,0,0,0,0,0,0,0,0,0,0,0,0,0,0,0,0,0,0,0,0,0,0,0,0,0,0,0,0.0,0.0,0.0,0.0,0.0,0.0,0.0,0.0,0.0,0.0,0.0,0.0,0.0,0.0,0.0,0.0,0.0,0.0,0.0,0.0,0.0,0.0,2.004,-0.0,0.0,-2.004,0.0,0.0,0.0,0.0,3353.0,-2.004,0.0,-107615240.0,0.0,-0.0,-0.0,0.0,0.0,0.0,0.0,0,-2.7184278591402704e+23,0.0,0.0,0.0,0.0,0.0,0.0,0.0,0.0,0,0,0,0.0,0.0,0.0,0.0,0.0,0.0,0.0,0.0,0.0,0.0,0.0,0.0,0.0,0.0,0.0,0.0,0,-107875648.0,0,0.0,0,-107875648.0,0.0,0,39322,17038,0,17053,13107,17037,0,0,0,110,100,100,0.0,64.1,0.0,64.8,-0.0,68.5,1,49,50,180,0,13107,0,0,0.0,0.0,0.0,0.0,6152.314,65.5,0.0,873.031,0.0,645,0,686,0,0,0,713,0,785,0,706,0,689,0,645,0,640,0,619,0.032,36962304.0,-2.004,-0.0,26512,16789,0.0,6.914,-0.0,12140434.0,0.001,0.014,29.0,60.0,70,0.0,0.0,0.0,0.0,0.0,0.0,0.0,0.0,0.0,0.0,0.0,0.0,0.0,0.0,0.0,0.0,59.2,68,12,65509,41,65476,0,300,0,0,8,20529,65476,0,0,61604,60.0,0.0,0.0,0.0,0.0,0.0
2026-04-04T11:50:45,ERR,ERR,ERR,ERR,ERR,ERR,ERR,ERR,ERR,ERR,ERR,ERR,ERR,ERR,ERR,ERR,ERR,ERR,ERR,ERR,ERR,ERR,ERR,ERR,ERR,ERR,ERR,ERR,ERR,ERR,ERR,ERR,ERR,ERR,ERR,ERR,ERR,ERR,ERR,ERR,ERR,ERR,ERR,ERR,ERR,ERR,ERR,ERR,ERR,ERR,ERR,ERR,ERR,ERR,ERR,ERR,ERR,ERR,ERR,ERR,ERR,ERR,ERR,ERR,ERR,ERR,ERR,ERR,ERR,ERR,ERR,ERR,ERR,ERR,ERR,ERR,ERR,ERR,ERR,ERR,ERR,ERR,ERR,ERR,ERR,ERR,ERR,ERR,ERR,ERR,ERR,ERR,ERR,ERR,ERR,ERR,ERR,ERR,ERR,ERR,ERR,ERR,ERR,ERR,ERR,ERR,ERR,ERR,ERR,ERR,ERR,ERR,ERR,ERR,ERR,ERR,ERR,ERR,ERR,ERR,ERR,ERR,ERR,ERR,ERR,-107615240.0,0.0,-117832800.0,0.0,0.0,0.0,0.0,nan,0,0,0,32768,0,0.0,0,0.0,0.0,0.0,0.0,0.0,0,0,0,0,0.0,0,0,0,0,0,0,0,0,0,0,0,0,0,0,0,0,0,0,0,0,0,0,0,0,0,0,0,0,0,0,0,0,0,0,0,0,0,0,0,0,0,0,0,0,0.0,0.0,0.0,0.0,0.0,0.0,0.0,0.0,0.0,0.0,0.0,0.0,0.0,0.0,0.0,0.0,0.0,0.0,0.0,0.0,0.0,0.0,2.004,-0.0,0.0,-2.004,0.0,0.0,0.0,0.0,3353.0,-2.004,0.0,-107615240.0,0.0,-0.0,-0.0,0.0,0.0,0.0,0.0,0,-2.7184278591402704e+23,0.0,0.0,0.0,0.0,0.0,0.0,0.0,0.0,0,0,0,0.0,0.0,0.0,0.0,0.0,0.0,0.0,0.0,0.0,0.0,0.0,0.0,0.0,0.0,0.0,0.0,0,-107875648.0,0,0.0,0,-107875648.0,0.0,0,39322,17038,0,17053,13107,17037,0,0,0,110,100,100,0.0,64.1,0.0,64.8,-0.0,68.5,1,49,50,180,0,13107,0,0,0.0,0.0,0.0,0.0,0.0,65.5,0.0,10737945673728.0,0.0,645,0,686,0,0,0,713,0,784,0,706,0,688,0,645,0,640,0,619,0.032,36962304.0,-2.004,-0.0,13584,16789,0.0,4.940957157551372e+23,-0.0,0.0,0.0,0.0,29.0,60.0,70,0.0,0.0,0.0,0.0,0.0,0.0,0.0,0.0,0.0,0.0,0.0,0.0,0.0,0.0,0.0,0.0,59.2,68,12,65509,41,65476,0,300,0,0,8,20529,65476,0,0,61604,60.0,0.0,0.0,0.0,0.0,0.0
2026-04-04T11:50:46,ERR,ERR,ERR,ERR,ERR,ERR,ERR,ERR,ERR,ERR,ERR,ERR,ERR,ERR,ERR,ERR,ERR,ERR,ERR,ERR,ERR,ERR,ERR,ERR,ERR,ERR,ERR,ERR,ERR,ERR,ERR,ERR,ERR,ERR,ERR,ERR,ERR,ERR,ERR,ERR,ERR,ERR,ERR,ERR,ERR,ERR,ERR,ERR,ERR,ERR,ERR,ERR,ERR,ERR,ERR,ERR,ERR,ERR,ERR,ERR,ERR,ERR,ERR,ERR,ERR,ERR,ERR,ERR,ERR,ERR,ERR,ERR,ERR,ERR,ERR,ERR,ERR,ERR,ERR,ERR,ERR,ERR,ERR,ERR,ERR,ERR,ERR,ERR,ERR,ERR,ERR,ERR,ERR,ERR,ERR,ERR,ERR,ERR,ERR,ERR,ERR,ERR,ERR,ERR,ERR,ERR,ERR,ERR,ERR,ERR,ERR,ERR,ERR,ERR,ERR,ERR,ERR,ERR,ERR,ERR,ERR,ERR,ERR,ERR,ERR,-107615240.0,0.0,-117832800.0,0.0,0.0,0.0,0.0,nan,0,0,0,32768,0,0.0,0,0.0,0.0,0.0,0.0,0.0,0,0,0,0,0.0,0,0,0,0,0,0,0,0,0,0,0,0,0,0,0,0,0,0,0,0,0,0,0,0,0,0,0,0,0,0,0,0,0,0,0,0,0,0,0,0,0,0,0,0,0.0,0.0,0.0,0.0,0.0,0.0,0.0,0.0,0.0,0.0,0.0,0.0,0.0,0.0,0.0,0.0,0.0,0.0,0.0,0.0,0.0,0.0,2.004,-0.0,0.0,-2.004,0.0,0.0,0.0,0.0,3353.5,-0.0,0.0,-107615240.0,0.0,-107615232.0,-0.0,0.0,0.0,0.0,0.0,0,-4.0668755697950344e+29,0.0,0.0,0.0,0.0,0.0,0.0,0.0,0.0,0,0,0,0.0,0.0,0.0,0.0,0.0,0.0,0.0,0.0,0.0,0.0,0.0,0.0,0.0,0.0,0.0,0.0,0,-107875648.0,0,0.0,0,-107875648.0,0.0,0,39322,17038,0,17053,13107,17037,0,0,0,110,100,100,0.0,64.1,0.0,64.8,-0.0,68.5,1,49,50,180,0,13107,0,0,0.0,0.0,0.0,0.0,0.0,65.5,0.0,10737945673728.0,0.0,645,0,686,0,0,0,713,0,784,0,706,0,688,0,645,0,640,0,619,0.032,36962304.0,-2.004,-0.0,13584,16789,0.0,4.940957157551372e+23,-0.0,0.0,0.0,0.0,29.0,60.0,70,0.0,0.0,0.0,0.0,0.0,0.0,0.0,0.0,0.0,0.0,0.0,0.0,0.0,0.0,0.0,0.0,59.2,68,12,65509,41,65476,0,300,0,0,8,20529,65476,0,0,61604,60.0,0.0,0.0,0.0,0.0,0.0
2026-04-04T11:50:47,ERR,ERR,ERR,ERR,ERR,ERR,ERR,ERR,ERR,ERR,ERR,ERR,ERR,ERR,ERR,ERR,ERR,ERR,ERR,ERR,ERR,ERR,ERR,ERR,ERR,ERR,ERR,ERR,ERR,ERR,ERR,ERR,ERR,ERR,ERR,ERR,ERR,ERR,ERR,ERR,ERR,ERR,ERR,ERR,ERR,ERR,ERR,ERR,ERR,ERR,ERR,ERR,ERR,ERR,ERR,ERR,ERR,ERR,ERR,ERR,ERR,ERR,ERR,ERR,ERR,ERR,ERR,ERR,ERR,ERR,ERR,ERR,ERR,ERR,ERR,ERR,ERR,ERR,ERR,ERR,ERR,ERR,ERR,ERR,ERR,ERR,ERR,ERR,ERR,ERR,ERR,ERR,ERR,ERR,ERR,ERR,ERR,ERR,ERR,ERR,ERR,ERR,ERR,ERR,ERR,ERR,ERR,ERR,ERR,ERR,ERR,ERR,ERR,ERR,ERR,ERR,ERR,ERR,ERR,ERR,ERR,ERR,ERR,ERR,ERR,-107615240.0,0.0,-117832800.0,0.0,0.0,0.0,0.0,nan,0,0,0,32768,0,0.0,0,0.0,0.0,0.0,0.0,0.0,0,0,0,0,0.0,0,0,0,0,0,0,0,0,0,0,0,0,0,0,0,0,0,0,0,0,0,0,0,0,0,0,0,0,0,0,0,0,0,0,0,0,0,0,0,0,0,0,0,0,0.0,0.0,0.0,0.0,0.0,0.0,0.0,0.0,0.0,0.0,0.0,0.0,0.0,0.0,0.0,0.0,0.0,0.0,0.0,0.0,0.0,0.0,2.004,-0.0,0.0,-2.004,0.0,0.0,0.0,0.0,3353.5,-0.0,0.0,-107615240.0,0.0,-107615232.0,-0.0,0.0,0.0,0.0,0.0,0,-4.0668755697950344e+29,0.0,0.0,0.0,0.0,0.0,0.0,0.0,0.0,0,0,0,0.0,0.0,0.0,0.0,0.0,0.0,0.0,0.0,0.0,0.0,0.0,0.0,0.0,0.0,0.0,0.0,0,-107875648.0,0,0.0,0,-107875648.0,0.0,0,39322,17038,0,17053,13107,17037,0,0,0,110,100,100,0.0,64.1,0.0,64.8,-0.0,68.5,1,49,50,180,0,13107,0,0,0.0,0.0,0.0,0.0,0.0,65.5,0.0,10737945673728.0,0.0,645,0,686,0,0,0,713,0,784,0,706,0,688,0,645,0,640,0,619,0.032,36962304.0,-2.004,-0.0,13584,16789,0.0,4.940957157551372e+23,-0.0,0.0,0.0,0.0,29.0,60.0,70,0.0,0.0,0.0,0.0,0.0,0.0,0.0,0.0,0.0,0.0,0.0,0.0,0.0,0.0,0.0,0.0,59.2,68,12,65509,41,65476,0,300,0,0,8,20529,65476,0,0,61604,60.0,0.0,0.0,0.0,0.0,0.0
2026-04-04T11:50:48,ERR,ERR,ERR,ERR,ERR,ERR,ERR,ERR,ERR,ERR,ERR,ERR,ERR,ERR,ERR,ERR,ERR,ERR,ERR,ERR,ERR,ERR,ERR,ERR,ERR,ERR,ERR,ERR,ERR,ERR,ERR,ERR,ERR,ERR,ERR,ERR,ERR,ERR,ERR,ERR,ERR,ERR,ERR,ERR,ERR,ERR,ERR,ERR,ERR,ERR,ERR,ERR,ERR,ERR,ERR,ERR,ERR,ERR,ERR,ERR,ERR,ERR,ERR,ERR,ERR,ERR,ERR,ERR,ERR,ERR,ERR,ERR,ERR,ERR,ERR,ERR,ERR,ERR,ERR,ERR,ERR,ERR,ERR,ERR,ERR,ERR,ERR,ERR,ERR,ERR,ERR,ERR,ERR,ERR,ERR,ERR,ERR,ERR,ERR,ERR,ERR,ERR,ERR,ERR,ERR,ERR,ERR,ERR,ERR,ERR,ERR,ERR,ERR,ERR,ERR,ERR,ERR,ERR,ERR,ERR,ERR,ERR,ERR,ERR,ERR,-107615240.0,0.0,-117832800.0,0.0,0.0,0.0,0.0,nan,0,0,0,32768,0,0.0,0,0.0,0.0,0.0,0.0,0.0,0,0,0,0,0.0,0,0,0,0,0,0,0,0,0,0,0,0,0,0,0,0,0,0,0,0,0,0,0,0,0,0,0,0,0,0,0,0,0,0,0,0,0,0,0,0,0,0,0,0,0.0,0.0,0.0,0.0,0.0,0.0,0.0,0.0,0.0,0.0,0.0,0.0,0.0,0.0,0.0,0.0,0.0,0.0,0.0,0.0,0.0,0.0,2.004,-0.0,0.0,-2.004,0.0,0.0,0.0,0.0,3353.5,-0.0,0.0,-107615240.0,0.0,-107615232.0,-0.0,0.0,0.0,0.0,0.0,0,-4.0668755697950344e+29,0.0,0.0,0.0,0.0,0.0,0.0,0.0,0.0,0,0,0,0.0,0.0,0.0,0.0,0.0,0.0,0.0,0.0,0.0,0.0,0.0,0.0,0.0,0.0,0.0,0.0,0,-107875648.0,0,0.0,0,-107875648.0,0.0,0,39322,17038,0,17053,13107,17037,0,0,0,110,100,100,0.0,64.1,0.0,64.8,-0.0,68.5,1,49,50,180,0,13107,0,0,0.0,0.0,0.0,0.0,0.0,65.5,0.0,10737945673728.0,0.0,645,0,686,0,0,0,713,0,784,0,706,0,688,0,645,0,640,0,619,0.032,36962304.0,-2.004,-0.0,13584,16789,0.0,4.940957157551372e+23,-0.0,0.0,0.0,0.0,29.0,60.0,70,0.0,0.0,0.0,0.0,0.0,0.0,0.0,0.0,0.0,0.0,0.0,0.0,0.0,0.0,0.0,0.0,59.2,68,12,65509,41,65476,0,300,0,0,8,20529,65476,0,0,61604,60.0,0.0,0.0,0.0,0.0,0.0
2026-04-04T11:50:49,ERR,ERR,ERR,ERR,ERR,ERR,ERR,ERR,ERR,ERR,ERR,ERR,ERR,ERR,ERR,ERR,ERR,ERR,ERR,ERR,ERR,ERR,ERR,ERR,ERR,ERR,ERR,ERR,ERR,ERR,ERR,ERR,ERR,ERR,ERR,ERR,ERR,ERR,ERR,ERR,ERR,ERR,ERR,ERR,ERR,ERR,ERR,ERR,ERR,ERR,ERR,ERR,ERR,ERR,ERR,ERR,ERR,ERR,ERR,ERR,ERR,ERR,ERR,ERR,ERR,ERR,ERR,ERR,ERR,ERR,ERR,ERR,ERR,ERR,ERR,ERR,ERR,ERR,ERR,ERR,ERR,ERR,ERR,ERR,ERR,ERR,ERR,ERR,ERR,ERR,ERR,ERR,ERR,ERR,ERR,ERR,ERR,ERR,ERR,ERR,ERR,ERR,ERR,ERR,ERR,ERR,ERR,ERR,ERR,ERR,ERR,ERR,ERR,ERR,ERR,ERR,ERR,ERR,ERR,ERR,ERR,ERR,ERR,ERR,ERR,-107615240.0,0.0,-117832800.0,0.0,0.0,0.0,0.0,nan,0,0,0,32768,0,0.0,0,0.0,0.0,0.0,0.0,0.0,0,0,0,0,0.0,0,0,0,0,0,0,0,0,0,0,0,0,0,0,0,0,0,0,0,0,0,0,0,0,0,0,0,0,0,0,0,0,0,0,0,0,0,0,0,0,0,0,0,0,0.0,0.0,0.0,0.0,0.0,0.0,0.0,0.0,0.0,0.0,0.0,0.0,0.0,0.0,0.0,0.0,0.0,0.0,0.0,0.0,0.0,0.0,2.004,-0.0,0.0,-2.004,0.0,0.0,0.0,0.0,3353.5,-0.0,0.0,-107615240.0,0.0,-107615232.0,-0.0,0.0,0.0,0.0,0.0,0,-4.0668755697950344e+29,0.0,0.0,0.0,0.0,0.0,0.0,0.0,0.0,0,0,0,0.0,0.0,0.0,0.0,0.0,0.0,0.0,0.0,0.0,0.0,0.0,0.0,0.0,0.0,0.0,0.0,0,-107875648.0,0,0.0,0,-107875648.0,0.0,0,39322,17038,0,17053,13107,17037,0,0,0,110,100,100,0.0,64.1,0.0,64.8,-0.0,68.5,1,49,50,180,0,13107,0,0,0.0,0.0,0.0,0.0,0.0,65.5,0.0,10737945673728.0,0.0,645,0,686,0,0,0,713,0,784,0,706,0,688,0,645,0,640,0,619,0.032,36962304.0,-2.004,-0.0,13584,16789,0.0,4.940957157551372e+23,-0.0,0.0,0.0,0.0,29.0,60.0,70,0.0,0.0,0.0,0.0,0.0,0.0,0.0,0.0,0.0,0.0,0.0,0.0,0.0,0.0,0.0,0.0,59.2,68,12,65509,41,65476,0,300,0,0,8,20529,65476,0,0,61604,60.0,0.0,0.0,0.0,0.0,0.0
2026-04-04T11:50:50,ERR,ERR,ERR,ERR,ERR,ERR,ERR,ERR,ERR,ERR,ERR,ERR,ERR,ERR,ERR,ERR,ERR,ERR,ERR,ERR,ERR,ERR,ERR,ERR,ERR,ERR,ERR,ERR,ERR,ERR,ERR,ERR,ERR,ERR,ERR,ERR,ERR,ERR,ERR,ERR,ERR,ERR,ERR,ERR,ERR,ERR,ERR,ERR,ERR,ERR,ERR,ERR,ERR,ERR,ERR,ERR,ERR,ERR,ERR,ERR,ERR,ERR,ERR,ERR,ERR,ERR,ERR,ERR,ERR,ERR,ERR,ERR,ERR,ERR,ERR,ERR,ERR,ERR,ERR,ERR,ERR,ERR,ERR,ERR,ERR,ERR,ERR,ERR,ERR,ERR,ERR,ERR,ERR,ERR,ERR,ERR,ERR,ERR,ERR,ERR,ERR,ERR,ERR,ERR,ERR,ERR,ERR,ERR,ERR,ERR,ERR,ERR,ERR,ERR,ERR,ERR,ERR,ERR,ERR,ERR,ERR,ERR,ERR,ERR,ERR,-107615240.0,0.0,-117832800.0,0.0,0.0,0.0,0.0,nan,0,0,0,32768,0,0.0,0,0.0,0.0,0.0,0.0,0.0,0,0,0,0,0.0,0,0,0,0,0,0,0,0,0,0,0,0,0,0,0,0,0,0,0,0,0,0,0,0,0,0,0,0,0,0,0,0,0,0,0,0,0,0,0,0,0,0,0,0,0.0,0.0,0.0,0.0,0.0,0.0,0.0,0.0,0.0,0.0,0.0,0.0,0.0,0.0,0.0,0.0,0.0,0.0,0.0,0.0,0.0,0.0,2.004,-0.0,0.0,-2.004,0.0,0.0,0.0,0.0,3353.5,-0.0,0.0,-107615240.0,0.0,-107615232.0,-0.0,0.0,0.0,0.0,0.0,0,-4.0668755697950344e+29,0.0,0.0,0.0,0.0,0.0,0.0,0.0,0.0,0,0,0,0.0,0.0,0.0,0.0,0.0,0.0,0.0,0.0,0.0,0.0,0.0,0.0,0.0,0.0,0.0,0.0,0,-107875648.0,0,0.0,0,-107875648.0,0.0,0,39322,17038,0,17053,13107,17037,0,0,0,110,100,100,0.0,64.1,0.0,64.8,-0.0,68.5,1,49,50,180,0,13107,0,0,0.0,0.0,0.0,0.0,0.0,65.5,0.0,10737945673728.0,0.0,645,0,686,0,0,0,713,0,784,0,706,0,688,0,645,0,640,0,619,0.032,36962304.0,-2.004,-0.0,13584,16789,0.0,4.940957157551372e+23,-0.0,0.0,0.0,0.0,29.0,60.0,70,0.0,0.0,0.0,0.0,0.0,0.0,0.0,0.0,0.0,0.0,0.0,0.0,0.0,0.0,0.0,0.0,59.2,68,12,65509,41,65476,0,300,0,0,8,20529,65476,0,0,61604,60.0,0.0,0.0,0.0,0.0,0.0
2026-04-04T11:50:51,ERR,ERR,ERR,ERR,ERR,ERR,ERR,ERR,ERR,ERR,ERR,ERR,ERR,ERR,ERR,ERR,ERR,ERR,ERR,ERR,ERR,ERR,ERR,ERR,ERR,ERR,ERR,ERR,ERR,ERR,ERR,ERR,ERR,ERR,ERR,ERR,ERR,ERR,ERR,ERR,ERR,ERR,ERR,ERR,ERR,ERR,ERR,ERR,ERR,ERR,ERR,ERR,ERR,ERR,ERR,ERR,ERR,ERR,ERR,ERR,ERR,ERR,ERR,ERR,ERR,ERR,ERR,ERR,ERR,ERR,ERR,ERR,ERR,ERR,ERR,ERR,ERR,ERR,ERR,ERR,ERR,ERR,ERR,ERR,ERR,ERR,ERR,ERR,ERR,ERR,ERR,ERR,ERR,ERR,ERR,ERR,ERR,ERR,ERR,ERR,ERR,ERR,ERR,ERR,ERR,ERR,ERR,ERR,ERR,ERR,ERR,ERR,ERR,ERR,ERR,ERR,ERR,ERR,ERR,ERR,ERR,ERR,ERR,ERR,ERR,-107615240.0,0.0,-117832800.0,0.0,0.0,0.0,0.0,nan,0,0,0,32768,0,0.0,0,0.0,0.0,0.0,0.0,0.0,0,0,0,0,0.0,0,0,0,0,0,0,0,0,0,0,0,0,0,0,0,0,0,0,0,0,0,0,0,0,0,0,0,0,0,0,0,0,0,0,0,0,0,0,0,0,0,0,0,0,0.0,0.0,0.0,0.0,0.0,0.0,0.0,0.0,0.0,0.0,0.0,0.0,0.0,0.0,0.0,0.0,0.0,0.0,0.0,0.0,0.0,0.0,2.004,-0.0,0.0,-2.004,0.0,0.0,0.0,0.0,3353.5,-0.0,0.0,-107615240.0,0.0,-107615232.0,-0.0,0.0,0.0,0.0,0.0,0,-4.0668755697950344e+29,0.0,0.0,0.0,0.0,0.0,0.0,0.0,0.0,0,0,0,0.0,0.0,0.0,0.0,0.0,0.0,0.0,0.0,0.0,0.0,0.0,0.0,0.0,0.0,0.0,0.0,0,-107875648.0,0,0.0,0,-107875648.0,0.0,0,39322,17038,0,17053,13107,17037,0,0,0,110,100,100,0.0,64.1,0.0,64.9,-0.0,68.5,1,49,50,180,0,13107,0,0,0.0,0.0,0.0,0.0,41.815,65.5,0.0,-49192857600.0,0.0,645,0,686,0,0,0,713,0,785,0,706,0,688,0,645,0,640,0,619,0.032,36962304.0,-2.004,-0.0,16912,16789,0.0,-6.791061616917542e+20,0.0,8.209954267472202e+30,1.2436054718751698e+33,-0.0,29.0,60.0,70,0.0,0.0,0.0,0.0,0.0,0.0,0.0,0.0,0.0,0.0,0.0,0.0,0.0,0.0,0.0,0.0,59.2,68,12,65509,41,65476,0,300,0,0,8,20529,65476,0,0,61604,60.0,0.0,0.0,0.0,0.0,0.0
2026-04-04T11:50:52,ERR,ERR,ERR,ERR,ERR,ERR,ERR,ERR,ERR,ERR,ERR,ERR,ERR,ERR,ERR,ERR,ERR,ERR,ERR,ERR,ERR,ERR,ERR,ERR,ERR,ERR,ERR,ERR,ERR,ERR,ERR,ERR,ERR,ERR,ERR,ERR,ERR,ERR,ERR,ERR,ERR,ERR,ERR,ERR,ERR,ERR,ERR,ERR,ERR,ERR,ERR,ERR,ERR,ERR,ERR,ERR,ERR,ERR,ERR,ERR,ERR,ERR,ERR,ERR,ERR,ERR,ERR,ERR,ERR,ERR,ERR,ERR,ERR,ERR,ERR,ERR,ERR,ERR,ERR,ERR,ERR,ERR,ERR,ERR,ERR,ERR,ERR,ERR,ERR,ERR,ERR,ERR,ERR,ERR,ERR,ERR,ERR,ERR,ERR,ERR,ERR,ERR,ERR,ERR,ERR,ERR,ERR,ERR,ERR,ERR,ERR,ERR,ERR,ERR,ERR,ERR,ERR,ERR,ERR,ERR,ERR,ERR,ERR,ERR,ERR,-107615240.0,0.0,-117832800.0,0.0,0.0,0.0,0.0,nan,0,0,0,32768,0,0.0,0,0.0,0.0,0.0,0.0,0.0,0,0,0,0,0.0,0,0,0,0,0,0,0,0,0,0,0,0,0,0,0,0,0,0,0,0,0,0,0,0,0,0,0,0,0,0,0,0,0,0,0,0,0,0,0,0,0,0,0,0,0.0,0.0,0.0,0.0,0.0,0.0,0.0,0.0,0.0,0.0,0.0,0.0,0.0,0.0,0.0,0.0,0.0,0.0,0.0,0.0,0.0,0.0,2.004,-0.0,0.0,-2.004,0.0,0.0,0.0,0.0,3353.5,-0.0,0.0,-107615240.0,0.0,-107615232.0,-0.0,0.0,0.0,0.0,0.0,0,-4.0668755697950344e+29,0.0,0.0,0.0,0.0,0.0,0.0,0.0,0.0,0,0,0,0.0,0.0,0.0,0.0,0.0,0.0,0.0,0.0,0.0,0.0,0.0,0.0,0.0,0.0,0.0,0.0,0,-107875648.0,0,0.0,0,-107875648.0,0.0,0,39322,17038,0,17053,13107,17037,0,0,0,110,100,100,0.0,64.1,0.0,64.9,-0.0,68.5,1,49,50,180,0,13107,0,0,0.0,0.0,0.0,0.0,41.815,65.5,0.0,-49192857600.0,0.0,645,0,686,0,0,0,713,0,785,0,706,0,688,0,645,0,640,0,619,0.032,36962304.0,-2.004,-0.0,16912,16789,0.0,-6.791061616917542e+20,0.0,8.209954267472202e+30,1.2436054718751698e+33,-0.0,29.0,60.0,70,0.0,0.0,0.0,0.0,0.0,0.0,0.0,0.0,0.0,0.0,0.0,0.0,0.0,0.0,0.0,0.0,59.2,68,12,65509,41,65476,0,300,0,0,8,20529,65476,0,0,61604,60.0,0.0,0.0,0.0,0.0,0.0
2026-04-04T11:50:53,ERR,ERR,ERR,ERR,ERR,ERR,ERR,ERR,ERR,ERR,ERR,ERR,ERR,ERR,ERR,ERR,ERR,ERR,ERR,ERR,ERR,ERR,ERR,ERR,ERR,ERR,ERR,ERR,ERR,ERR,ERR,ERR,ERR,ERR,ERR,ERR,ERR,ERR,ERR,ERR,ERR,ERR,ERR,ERR,ERR,ERR,ERR,ERR,ERR,ERR,ERR,ERR,ERR,ERR,ERR,ERR,ERR,ERR,ERR,ERR,ERR,ERR,ERR,ERR,ERR,ERR,ERR,ERR,ERR,ERR,ERR,ERR,ERR,ERR,ERR,ERR,ERR,ERR,ERR,ERR,ERR,ERR,ERR,ERR,ERR,ERR,ERR,ERR,ERR,ERR,ERR,ERR,ERR,ERR,ERR,ERR,ERR,ERR,ERR,ERR,ERR,ERR,ERR,ERR,ERR,ERR,ERR,ERR,ERR,ERR,ERR,ERR,ERR,ERR,ERR,ERR,ERR,ERR,ERR,ERR,ERR,ERR,ERR,ERR,ERR,-107615240.0,0.0,-117832800.0,0.0,0.0,0.0,0.0,nan,0,0,0,32768,0,0.0,0,0.0,0.0,0.0,0.0,0.0,0,0,0,0,0.0,0,0,0,0,0,0,0,0,0,0,0,0,0,0,0,0,0,0,0,0,0,0,0,0,0,0,0,0,0,0,0,0,0,0,0,0,0,0,0,0,0,0,0,0,0.0,0.0,0.0,0.0,0.0,0.0,0.0,0.0,0.0,0.0,0.0,0.0,0.0,0.0,0.0,0.0,0.0,0.0,0.0,0.0,0.0,0.0,2.004,-0.0,0.0,-2.004,0.0,0.0,0.0,0.0,3353.5,-0.0,0.0,-107615240.0,0.0,-107615232.0,-0.0,0.0,0.0,0.0,0.0,0,-4.0668755697950344e+29,0.0,0.0,0.0,0.0,0.0,0.0,0.0,0.0,0,0,0,0.0,0.0,0.0,0.0,0.0,0.0,0.0,0.0,0.0,0.0,0.0,0.0,0.0,0.0,0.0,0.0,0,-107875648.0,0,0.0,0,-107875648.0,0.0,0,39322,17038,0,17053,13107,17037,0,0,0,110,100,100,0.0,64.1,0.0,64.9,-0.0,68.5,1,49,50,180,0,13107,0,0,0.0,0.0,0.0,0.0,41.815,65.5,0.0,-49192857600.0,0.0,645,0,686,0,0,0,713,0,785,0,706,0,688,0,645,0,640,0,619,0.032,36962304.0,-2.004,-0.0,16912,16789,0.0,-6.791061616917542e+20,0.0,8.209954267472202e+30,1.2436054718751698e+33,-0.0,29.0,60.0,70,0.0,0.0,0.0,0.0,0.0,0.0,0.0,0.0,0.0,0.0,0.0,0.0,0.0,0.0,0.0,0.0,59.2,68,12,65509,41,65476,0,300,0,0,8,20529,65476,0,0,61604,60.0,0.0,0.0,0.0,0.0,0.0
2026-04-04T11:50:54,ERR,ERR,ERR,ERR,ERR,ERR,ERR,ERR,ERR,ERR,ERR,ERR,ERR,ERR,ERR,ERR,ERR,ERR,ERR,ERR,ERR,ERR,ERR,ERR,ERR,ERR,ERR,ERR,ERR,ERR,ERR,ERR,ERR,ERR,ERR,ERR,ERR,ERR,ERR,ERR,ERR,ERR,ERR,ERR,ERR,ERR,ERR,ERR,ERR,ERR,ERR,ERR,ERR,ERR,ERR,ERR,ERR,ERR,ERR,ERR,ERR,ERR,ERR,ERR,ERR,ERR,ERR,ERR,ERR,ERR,ERR,ERR,ERR,ERR,ERR,ERR,ERR,ERR,ERR,ERR,ERR,ERR,ERR,ERR,ERR,ERR,ERR,ERR,ERR,ERR,ERR,ERR,ERR,ERR,ERR,ERR,ERR,ERR,ERR,ERR,ERR,ERR,ERR,ERR,ERR,ERR,ERR,ERR,ERR,ERR,ERR,ERR,ERR,ERR,ERR,ERR,ERR,ERR,ERR,ERR,ERR,ERR,ERR,ERR,ERR,-107615240.0,0.0,-117832800.0,0.0,0.0,0.0,0.0,nan,0,0,0,32768,0,0.0,0,0.0,0.0,0.0,0.0,0.0,0,0,0,0,0.0,0,0,0,0,0,0,0,0,0,0,0,0,0,0,0,0,0,0,0,0,0,0,0,0,0,0,0,0,0,0,0,0,0,0,0,0,0,0,0,0,0,0,0,0,0.0,0.0,0.0,0.0,0.0,0.0,0.0,0.0,0.0,0.0,0.0,0.0,0.0,0.0,0.0,0.0,0.0,0.0,0.0,0.0,0.0,0.0,2.004,-0.0,0.0,-2.004,0.0,0.0,0.0,0.0,3356.0,-2.004,0.0,-107615240.0,0.0,-107615232.0,-0.0,0.0,0.0,0.0,0.0,0,0.0,0.0,0.0,0.0,0.0,0.0,0.0,0.0,0.0,0,0,0,0.0,0.0,0.0,0.0,0.0,0.0,0.0,0.0,0.0,0.0,0.0,0.0,0.0,0.0,0.0,0.0,0,-107875648.0,0,0.0,0,-107875648.0,0.0,0,39322,17038,0,17053,13107,17037,0,0,0,110,100,100,0.0,64.1,0.0,64.9,-0.0,68.5,1,49,50,180,0,13107,0,0,0.0,0.0,0.0,0.0,41.815,65.5,0.0,-49192857600.0,0.0,645,0,686,0,0,0,713,0,785,0,706,0,688,0,645,0,640,0,619,0.032,36962304.0,-2.004,-0.0,16912,16789,0.0,-6.791061616917542e+20,0.0,8.209954267472202e+30,1.2436054718751698e+33,-0.0,29.0,60.0,70,0.0,0.0,0.0,0.0,0.0,0.0,0.0,0.0,0.0,0.0,0.0,0.0,0.0,0.0,0.0,0.0,59.2,68,12,65509,41,65476,0,300,0,0,8,20529,65476,0,0,61604,60.0,0.0,0.0,0.0,0.0,0.0
2026-04-04T11:50:55,ERR,ERR,ERR,ERR,ERR,ERR,ERR,ERR,ERR,ERR,ERR,ERR,ERR,ERR,ERR,ERR,ERR,ERR,ERR,ERR,ERR,ERR,ERR,ERR,ERR,ERR,ERR,ERR,ERR,ERR,ERR,ERR,ERR,ERR,ERR,ERR,ERR,ERR,ERR,ERR,ERR,ERR,ERR,ERR,ERR,ERR,ERR,ERR,ERR,ERR,ERR,ERR,ERR,ERR,ERR,ERR,ERR,ERR,ERR,ERR,ERR,ERR,ERR,ERR,ERR,ERR,ERR,ERR,ERR,ERR,ERR,ERR,ERR,ERR,ERR,ERR,ERR,ERR,ERR,ERR,ERR,ERR,ERR,ERR,ERR,ERR,ERR,ERR,ERR,ERR,ERR,ERR,ERR,ERR,ERR,ERR,ERR,ERR,ERR,ERR,ERR,ERR,ERR,ERR,ERR,ERR,ERR,ERR,ERR,ERR,ERR,ERR,ERR,ERR,ERR,ERR,ERR,ERR,ERR,ERR,ERR,ERR,ERR,ERR,ERR,-107615240.0,0.0,-117832800.0,0.0,0.0,0.0,0.0,nan,0,0,0,32768,0,0.0,0,0.0,0.0,0.0,0.0,0.0,0,0,0,0,0.0,0,0,0,0,0,0,0,0,0,0,0,0,0,0,0,0,0,0,0,0,0,0,0,0,0,0,0,0,0,0,0,0,0,0,0,0,0,0,0,0,0,0,0,0,0.0,0.0,0.0,0.0,0.0,0.0,0.0,0.0,0.0,0.0,0.0,0.0,0.0,0.0,0.0,0.0,0.0,0.0,0.0,0.0,0.0,0.0,2.004,-0.0,0.0,-2.004,0.0,0.0,0.0,0.0,3356.0,-2.004,0.0,-107615240.0,0.0,-107615232.0,-0.0,0.0,0.0,0.0,0.0,0,0.0,0.0,0.0,0.0,0.0,0.0,0.0,0.0,0.0,0,0,0,0.0,0.0,0.0,0.0,0.0,0.0,0.0,0.0,0.0,0.0,0.0,0.0,0.0,0.0,0.0,0.0,0,-107875648.0,0,0.0,0,-107875648.0,0.0,0,39322,17038,0,17053,13107,17037,0,0,0,110,100,100,0.0,64.1,0.0,64.9,-0.0,68.5,1,49,50,180,0,13107,0,0,0.0,0.0,0.0,0.0,41.815,65.5,0.0,-49192857600.0,0.0,645,0,686,0,0,0,713,0,785,0,706,0,688,0,645,0,640,0,619,0.032,36962304.0,-2.004,-0.0,16912,16789,0.0,-6.791061616917542e+20,0.0,8.209954267472202e+30,1.2436054718751698e+33,-0.0,29.0,60.0,70,0.0,0.0,0.0,0.0,0.0,0.0,0.0,0.0,0.0,0.0,0.0,0.0,0.0,0.0,0.0,0.0,59.2,68,12,65509,41,65476,0,300,0,0,8,20529,65476,0,0,61604,60.0,0.0,0.0,0.0,0.0,0.0
2026-04-04T11:50:56,ERR,ERR,ERR,ERR,ERR,ERR,ERR,ERR,ERR,ERR,ERR,ERR,ERR,ERR,ERR,ERR,ERR,ERR,ERR,ERR,ERR,ERR,ERR,ERR,ERR,ERR,ERR,ERR,ERR,ERR,ERR,ERR,ERR,ERR,ERR,ERR,ERR,ERR,ERR,ERR,ERR,ERR,ERR,ERR,ERR,ERR,ERR,ERR,ERR,ERR,ERR,ERR,ERR,ERR,ERR,ERR,ERR,ERR,ERR,ERR,ERR,ERR,ERR,ERR,ERR,ERR,ERR,ERR,ERR,ERR,ERR,ERR,ERR,ERR,ERR,ERR,ERR,ERR,ERR,ERR,ERR,ERR,ERR,ERR,ERR,ERR,ERR,ERR,ERR,ERR,ERR,ERR,ERR,ERR,ERR,ERR,ERR,ERR,ERR,ERR,ERR,ERR,ERR,ERR,ERR,ERR,ERR,ERR,ERR,ERR,ERR,ERR,ERR,ERR,ERR,ERR,ERR,ERR,ERR,ERR,ERR,ERR,ERR,ERR,ERR,-107615240.0,0.0,-117832800.0,0.0,0.0,0.0,0.0,nan,0,0,0,32768,0,0.0,0,0.0,0.0,0.0,0.0,0.0,0,0,0,0,0.0,0,0,0,0,0,0,0,0,0,0,0,0,0,0,0,0,0,0,0,0,0,0,0,0,0,0,0,0,0,0,0,0,0,0,0,0,0,0,0,0,0,0,0,0,0.0,0.0,0.0,0.0,0.0,0.0,0.0,0.0,0.0,0.0,0.0,0.0,0.0,0.0,0.0,0.0,0.0,0.0,0.0,0.0,0.0,0.0,2.004,-0.0,0.0,-2.004,0.0,0.0,0.0,0.0,3356.0,-2.004,0.0,-107615240.0,0.0,-107615232.0,-0.0,0.0,0.0,0.0,0.0,0,0.0,0.0,0.0,0.0,0.0,0.0,0.0,0.0,0.0,0,0,0,0.0,0.0,0.0,0.0,0.0,0.0,0.0,0.0,0.0,0.0,0.0,0.0,0.0,0.0,0.0,0.0,0,-107875648.0,0,0.0,0,-107875648.0,0.0,0,39322,17038,0,17053,13107,17037,0,0,0,110,100,100,0.0,64.1,0.0,64.9,-0.0,68.5,1,49,50,180,0,13107,0,0,0.0,0.0,0.0,0.0,41.815,65.5,0.0,-49192857600.0,0.0,645,0,686,0,0,0,713,0,785,0,706,0,688,0,645,0,640,0,619,0.032,36962304.0,-2.004,-0.0,16912,16789,0.0,-6.791061616917542e+20,0.0,8.209954267472202e+30,1.2436054718751698e+33,-0.0,29.0,60.0,70,0.0,0.0,0.0,0.0,0.0,0.0,0.0,0.0,0.0,0.0,0.0,0.0,0.0,0.0,0.0,0.0,59.2,68,12,65509,41,65476,0,300,0,0,8,20529,65476,0,0,61604,60.0,0.0,0.0,0.0,0.0,0.0
2026-04-04T11:50:57,ERR,ERR,ERR,ERR,ERR,ERR,ERR,ERR,ERR,ERR,ERR,ERR,ERR,ERR,ERR,ERR,ERR,ERR,ERR,ERR,ERR,ERR,ERR,ERR,ERR,ERR,ERR,ERR,ERR,ERR,ERR,ERR,ERR,ERR,ERR,ERR,ERR,ERR,ERR,ERR,ERR,ERR,ERR,ERR,ERR,ERR,ERR,ERR,ERR,ERR,ERR,ERR,ERR,ERR,ERR,ERR,ERR,ERR,ERR,ERR,ERR,ERR,ERR,ERR,ERR,ERR,ERR,ERR,ERR,ERR,ERR,ERR,ERR,ERR,ERR,ERR,ERR,ERR,ERR,ERR,ERR,ERR,ERR,ERR,ERR,ERR,ERR,ERR,ERR,ERR,ERR,ERR,ERR,ERR,ERR,ERR,ERR,ERR,ERR,ERR,ERR,ERR,ERR,ERR,ERR,ERR,ERR,ERR,ERR,ERR,ERR,ERR,ERR,ERR,ERR,ERR,ERR,ERR,ERR,ERR,ERR,ERR,ERR,ERR,ERR,-107615240.0,0.0,-117832800.0,0.0,0.0,0.0,0.0,nan,0,0,0,32768,0,0.0,0,0.0,0.0,0.0,0.0,0.0,0,0,0,0,0.0,0,0,0,0,0,0,0,0,0,0,0,0,0,0,0,0,0,0,0,0,0,0,0,0,0,0,0,0,0,0,0,0,0,0,0,0,0,0,0,0,0,0,0,0,0.0,0.0,0.0,0.0,0.0,0.0,0.0,0.0,0.0,0.0,0.0,0.0,0.0,0.0,0.0,0.0,0.0,0.0,0.0,0.0,0.0,0.0,2.004,-0.0,0.0,-2.004,0.0,0.0,0.0,0.0,3356.0,-2.004,0.0,-107615240.0,0.0,-107615232.0,-0.0,0.0,0.0,0.0,0.0,0,0.0,0.0,0.0,0.0,0.0,0.0,0.0,0.0,0.0,0,0,0,0.0,0.0,0.0,0.0,0.0,0.0,0.0,0.0,0.0,0.0,0.0,0.0,0.0,0.0,0.0,0.0,0,-107875648.0,0,0.0,0,-107875648.0,0.0,0,39322,17038,0,17053,13107,17037,0,0,0,110,100,100,0.0,64.0,0.0,64.8,-0.0,68.5,1,49,50,180,0,13107,0,0,0.0,0.0,0.0,0.0,41.815,65.5,0.0,-7.26824369610282e+22,0.0,645,0,686,0,0,0,713,0,785,0,706,0,688,0,645,0,640,0,619,0.032,36700160.0,-2.004,-0.0,31504,16789,0.0,-8.531677716935834e+32,0.0,-1.6576665695844e+28,1.9295234304627538e+37,-0.0,29.0,60.0,70,0.0,0.0,0.0,0.0,0.0,0.0,0.0,0.0,0.0,0.0,0.0,0.0,0.0,0.0,0.0,0.0,59.2,68,12,65509,41,65476,0,300,0,0,8,20529,65476,0,0,61604,60.0,0.0,0.0,0.0,0.0,0.0
2026-04-04T11:50:58,ERR,ERR,ERR,ERR,ERR,ERR,ERR,ERR,ERR,ERR,ERR,ERR,ERR,ERR,ERR,ERR,ERR,ERR,ERR,ERR,ERR,ERR,ERR,ERR,ERR,ERR,ERR,ERR,ERR,ERR,ERR,ERR,ERR,ERR,ERR,ERR,ERR,ERR,ERR,ERR,ERR,ERR,ERR,ERR,ERR,ERR,ERR,ERR,ERR,ERR,ERR,ERR,ERR,ERR,ERR,ERR,ERR,ERR,ERR,ERR,ERR,ERR,ERR,ERR,ERR,ERR,ERR,ERR,ERR,ERR,ERR,ERR,ERR,ERR,ERR,ERR,ERR,ERR,ERR,ERR,ERR,ERR,ERR,ERR,ERR,ERR,ERR,ERR,ERR,ERR,ERR,ERR,ERR,ERR,ERR,ERR,ERR,ERR,ERR,ERR,ERR,ERR,ERR,ERR,ERR,ERR,ERR,ERR,ERR,ERR,ERR,ERR,ERR,ERR,ERR,ERR,ERR,ERR,ERR,ERR,ERR,ERR,ERR,ERR,ERR,-107615240.0,0.0,-117832800.0,0.0,0.0,0.0,0.0,nan,0,0,0,32768,0,0.0,0,0.0,0.0,0.0,0.0,0.0,0,0,0,0,0.0,0,0,0,0,0,0,0,0,0,0,0,0,0,0,0,0,0,0,0,0,0,0,0,0,0,0,0,0,0,0,0,0,0,0,0,0,0,0,0,0,0,0,0,0,0.0,0.0,0.0,0.0,0.0,0.0,0.0,0.0,0.0,0.0,0.0,0.0,0.0,0.0,0.0,0.0,0.0,0.0,0.0,0.0,0.0,0.0,2.004,-0.0,0.0,-2.004,0.0,0.0,0.0,0.0,3356.0,-2.004,0.0,-107615240.0,0.0,-107615232.0,-0.0,0.0,0.0,0.0,0.0,0,0.0,0.0,0.0,0.0,0.0,0.0,0.0,0.0,0.0,0,0,0,0.0,0.0,0.0,0.0,0.0,0.0,0.0,0.0,0.0,0.0,0.0,0.0,0.0,0.0,0.0,0.0,0,-107875648.0,0,0.0,0,-107875648.0,0.0,0,39322,17038,0,17053,13107,17037,0,0,0,110,100,100,0.0,64.0,0.0,64.8,-0.0,68.5,1,49,50,180,0,13107,0,0,0.0,0.0,0.0,0.0,41.815,65.5,0.0,-7.26824369610282e+22,0.0,645,0,686,0,0,0,713,0,785,0,706,0,688,0,645,0,640,0,619,0.032,36700160.0,-2.004,-0.0,31504,16789,0.0,-8.531677716935834e+32,0.0,-1.6576665695844e+28,1.9295234304627538e+37,-0.0,29.0,60.0,70,0.0,0.0,0.0,0.0,0.0,0.0,0.0,0.0,0.0,0.0,0.0,0.0,0.0,0.0,0.0,0.0,59.2,68,12,65509,41,65476,0,300,0,0,8,20529,65476,0,0,61604,60.0,0.0,0.0,0.0,0.0,0.0
2026-04-04T11:50:59,ERR,ERR,ERR,ERR,ERR,ERR,ERR,ERR,ERR,ERR,ERR,ERR,ERR,ERR,ERR,ERR,ERR,ERR,ERR,ERR,ERR,ERR,ERR,ERR,ERR,ERR,ERR,ERR,ERR,ERR,ERR,ERR,ERR,ERR,ERR,ERR,ERR,ERR,ERR,ERR,ERR,ERR,ERR,ERR,ERR,ERR,ERR,ERR,ERR,ERR,ERR,ERR,ERR,ERR,ERR,ERR,ERR,ERR,ERR,ERR,ERR,ERR,ERR,ERR,ERR,ERR,ERR,ERR,ERR,ERR,ERR,ERR,ERR,ERR,ERR,ERR,ERR,ERR,ERR,ERR,ERR,ERR,ERR,ERR,ERR,ERR,ERR,ERR,ERR,ERR,ERR,ERR,ERR,ERR,ERR,ERR,ERR,ERR,ERR,ERR,ERR,ERR,ERR,ERR,ERR,ERR,ERR,ERR,ERR,ERR,ERR,ERR,ERR,ERR,ERR,ERR,ERR,ERR,ERR,ERR,ERR,ERR,ERR,ERR,ERR,-107615240.0,0.0,-117832800.0,0.0,0.0,0.0,0.0,nan,0,0,0,32768,0,0.0,0,0.0,0.0,0.0,0.0,0.0,0,0,0,0,0.0,0,0,0,0,0,0,0,0,0,0,0,0,0,0,0,0,0,0,0,0,0,0,0,0,0,0,0,0,0,0,0,0,0,0,0,0,0,0,0,0,0,0,0,0,0.0,0.0,0.0,0.0,0.0,0.0,0.0,0.0,0.0,0.0,0.0,0.0,0.0,0.0,0.0,0.0,0.0,0.0,0.0,0.0,0.0,0.0,2.004,-0.0,0.0,-2.004,0.0,0.0,0.0,0.0,3356.0,-2.004,0.0,-107615240.0,0.0,-107615232.0,-0.0,0.0,0.0,0.0,0.0,0,0.0,0.0,0.0,0.0,0.0,0.0,0.0,0.0,0.0,0,0,0,0.0,0.0,0.0,0.0,0.0,0.0,0.0,0.0,0.0,0.0,0.0,0.0,0.0,0.0,0.0,0.0,0,-107875648.0,0,0.0,0,-107875648.0,0.0,0,39322,17038,0,17053,13107,17037,0,0,0,110,100,100,0.0,64.0,0.0,64.8,-0.0,68.5,1,49,50,180,0,13107,0,0,0.0,0.0,0.0,0.0,41.815,65.5,0.0,-7.26824369610282e+22,0.0,645,0,686,0,0,0,713,0,785,0,706,0,688,0,645,0,640,0,619,0.032,36700160.0,-2.004,-0.0,31504,16789,0.0,-8.531677716935834e+32,0.0,-1.6576665695844e+28,1.9295234304627538e+37,-0.0,29.0,60.0,70,0.0,0.0,0.0,0.0,0.0,0.0,0.0,0.0,0.0,0.0,0.0,0.0,0.0,0.0,0.0,0.0,59.2,68,12,65509,41,65476,0,300,0,0,8,20529,65476,0,0,61604,60.0,0.0,0.0,0.0,0.0,0.0
2026-04-04T11:51:00,ERR,ERR,ERR,ERR,ERR,ERR,ERR,ERR,ERR,ERR,ERR,ERR,ERR,ERR,ERR,ERR,ERR,ERR,ERR,ERR,ERR,ERR,ERR,ERR,ERR,ERR,ERR,ERR,ERR,ERR,ERR,ERR,ERR,ERR,ERR,ERR,ERR,ERR,ERR,ERR,ERR,ERR,ERR,ERR,ERR,ERR,ERR,ERR,ERR,ERR,ERR,ERR,ERR,ERR,ERR,ERR,ERR,ERR,ERR,ERR,ERR,ERR,ERR,ERR,ERR,ERR,ERR,ERR,ERR,ERR,ERR,ERR,ERR,ERR,ERR,ERR,ERR,ERR,ERR,ERR,ERR,ERR,ERR,ERR,ERR,ERR,ERR,ERR,ERR,ERR,ERR,ERR,ERR,ERR,ERR,ERR,ERR,ERR,ERR,ERR,ERR,ERR,ERR,ERR,ERR,ERR,ERR,ERR,ERR,ERR,ERR,ERR,ERR,ERR,ERR,ERR,ERR,ERR,ERR,ERR,ERR,ERR,ERR,ERR,ERR,-107615240.0,0.0,-117832800.0,0.0,0.0,0.0,0.0,nan,0,0,0,32768,0,0.0,0,0.0,0.0,0.0,0.0,0.0,0,0,0,0,0.0,0,0,0,0,0,0,0,0,0,0,0,0,0,0,0,0,0,0,0,0,0,0,0,0,0,0,0,0,0,0,0,0,0,0,0,0,0,0,0,0,0,0,0,0,0.0,0.0,0.0,0.0,0.0,0.0,0.0,0.0,0.0,0.0,0.0,0.0,0.0,0.0,0.0,0.0,0.0,0.0,0.0,0.0,0.0,0.0,2.004,-0.0,0.0,-2.004,0.0,0.0,0.0,0.0,3356.0,-2.004,0.0,-107615240.0,0.0,-107615232.0,-0.0,0.0,0.0,0.0,0.0,0,0.0,0.0,0.0,0.0,0.0,0.0,0.0,0.0,0.0,0,0,0,0.0,0.0,0.0,0.0,0.0,0.0,0.0,0.0,0.0,0.0,0.0,0.0,0.0,0.0,0.0,0.0,0,-107875648.0,0,0.0,0,-107875648.0,0.0,0,39322,17038,0,17053,13107,17037,0,0,0,110,100,100,0.0,64.0,0.0,64.8,-0.0,68.5,1,49,50,180,0,13107,0,0,0.0,0.0,0.0,0.0,41.815,65.5,0.0,-7.26824369610282e+22,0.0,645,0,686,0,0,0,713,0,785,0,706,0,688,0,645,0,640,0,619,0.032,36700160.0,-2.004,-0.0,31504,16789,0.0,-8.531677716935834e+32,0.0,-1.6576665695844e+28,1.9295234304627538e+37,-0.0,29.0,60.0,70,0.0,0.0,0.0,0.0,0.0,0.0,0.0,0.0,0.0,0.0,0.0,0.0,0.0,0.0,0.0,0.0,59.2,68,12,65509,41,65476,0,300,0,0,8,20529,65476,0,0,61604,60.0,0.0,0.0,0.0,0.0,0.0
2026-04-04T11:51:01,ERR,ERR,ERR,ERR,ERR,ERR,ERR,ERR,ERR,ERR,ERR,ERR,ERR,ERR,ERR,ERR,ERR,ERR,ERR,ERR,ERR,ERR,ERR,ERR,ERR,ERR,ERR,ERR,ERR,ERR,ERR,ERR,ERR,ERR,ERR,ERR,ERR,ERR,ERR,ERR,ERR,ERR,ERR,ERR,ERR,ERR,ERR,ERR,ERR,ERR,ERR,ERR,ERR,ERR,ERR,ERR,ERR,ERR,ERR,ERR,ERR,ERR,ERR,ERR,ERR,ERR,ERR,ERR,ERR,ERR,ERR,ERR,ERR,ERR,ERR,ERR,ERR,ERR,ERR,ERR,ERR,ERR,ERR,ERR,ERR,ERR,ERR,ERR,ERR,ERR,ERR,ERR,ERR,ERR,ERR,ERR,ERR,ERR,ERR,ERR,ERR,ERR,ERR,ERR,ERR,ERR,ERR,ERR,ERR,ERR,ERR,ERR,ERR,ERR,ERR,ERR,ERR,ERR,ERR,ERR,ERR,ERR,ERR,ERR,ERR,-107615240.0,0.0,-117832800.0,0.0,0.0,0.0,0.0,nan,0,0,0,32768,0,0.0,0,0.0,0.0,0.0,0.0,0.0,0,0,0,0,0.0,0,0,0,0,0,0,0,0,0,0,0,0,0,0,0,0,0,0,0,0,0,0,0,0,0,0,0,0,0,0,0,0,0,0,0,0,0,0,0,0,0,0,0,0,0.0,0.0,0.0,0.0,0.0,0.0,0.0,0.0,0.0,0.0,0.0,0.0,0.0,0.0,0.0,0.0,0.0,0.0,0.0,0.0,0.0,0.0,2.004,-0.0,-2.004,-2.004,0.0,0.0,0.0,0.0,3354.0,-0.0,0.0,-107615240.0,0.0,-0.0,-0.0,0.0,0.0,0.0,0.0,0,-4.0668755697950344e+29,0.0,0.0,0.0,0.0,0.0,0.0,0.0,0.0,0,0,0,0.0,0.0,0.0,0.0,0.0,0.0,0.0,0.0,0.0,0.0,0.0,0.0,0.0,0.0,0.0,0.0,0,-107875648.0,0,0.0,0,-107875648.0,0.0,0,39322,17038,0,17053,13107,17037,0,0,0,110,100,100,0.0,64.0,0.0,64.8,-0.0,68.5,1,49,50,180,0,13107,0,0,0.0,0.0,0.0,0.0,41.815,65.5,0.0,-7.26824369610282e+22,0.0,645,0,686,0,0,0,713,0,785,0,706,0,688,0,645,0,640,0,619,0.032,36700160.0,-2.004,-0.0,31504,16789,0.0,-8.531677716935834e+32,0.0,-1.6576665695844e+28,1.9295234304627538e+37,-0.0,29.0,60.0,70,0.0,0.0,0.0,0.0,0.0,0.0,0.0,0.0,0.0,0.0,0.0,0.0,0.0,0.0,0.0,0.0,59.2,68,12,65509,41,65476,0,300,0,0,8,20529,65476,0,0,61604,60.0,0.0,0.0,0.0,0.0,0.0
2026-04-04T11:51:02,ERR,ERR,ERR,ERR,ERR,ERR,ERR,ERR,ERR,ERR,ERR,ERR,ERR,ERR,ERR,ERR,ERR,ERR,ERR,ERR,ERR,ERR,ERR,ERR,ERR,ERR,ERR,ERR,ERR,ERR,ERR,ERR,ERR,ERR,ERR,ERR,ERR,ERR,ERR,ERR,ERR,ERR,ERR,ERR,ERR,ERR,ERR,ERR,ERR,ERR,ERR,ERR,ERR,ERR,ERR,ERR,ERR,ERR,ERR,ERR,ERR,ERR,ERR,ERR,ERR,ERR,ERR,ERR,ERR,ERR,ERR,ERR,ERR,ERR,ERR,ERR,ERR,ERR,ERR,ERR,ERR,ERR,ERR,ERR,ERR,ERR,ERR,ERR,ERR,ERR,ERR,ERR,ERR,ERR,ERR,ERR,ERR,ERR,ERR,ERR,ERR,ERR,ERR,ERR,ERR,ERR,ERR,ERR,ERR,ERR,ERR,ERR,ERR,ERR,ERR,ERR,ERR,ERR,ERR,ERR,ERR,ERR,ERR,ERR,ERR,-107615240.0,0.0,-117832800.0,0.0,0.0,0.0,0.0,nan,0,0,0,32768,0,0.0,0,0.0,0.0,0.0,0.0,0.0,0,0,0,0,0.0,0,0,0,0,0,0,0,0,0,0,0,0,0,0,0,0,0,0,0,0,0,0,0,0,0,0,0,0,0,0,0,0,0,0,0,0,0,0,0,0,0,0,0,0,0.0,0.0,0.0,0.0,0.0,0.0,0.0,0.0,0.0,0.0,0.0,0.0,0.0,0.0,0.0,0.0,0.0,0.0,0.0,0.0,0.0,0.0,2.004,-0.0,-2.004,-2.004,0.0,0.0,0.0,0.0,3354.0,-0.0,0.0,-107615240.0,0.0,-0.0,-0.0,0.0,0.0,0.0,0.0,0,-4.0668755697950344e+29,0.0,0.0,0.0,0.0,0.0,0.0,0.0,0.0,0,0,0,0.0,0.0,0.0,0.0,0.0,0.0,0.0,0.0,0.0,0.0,0.0,0.0,0.0,0.0,0.0,0.0,0,-107875648.0,0,0.0,0,-107875648.0,0.0,0,39322,17038,0,17053,13107,17037,0,0,0,110,100,100,0.0,64.1,0.0,64.8,-0.0,68.5,1,49,50,180,0,13107,0,0,0.0,0.0,0.0,0.0,0.082,65.5,0.0,2.0019193035987354e+18,0.0,645,0,686,0,0,0,713,0,785,0,706,0,688,0,645,0,640,0,619,0.032,36962304.0,-2.004,-0.0,27536,16789,3300.157,0.0,2.061335739972316e+24,2.4976661792221737e+22,-0.0,-59992652644352.0,29.0,60.0,70,0.0,0.0,0.0,0.0,0.0,0.0,0.0,0.0,0.0,0.0,0.0,0.0,0.0,0.0,0.0,0.0,59.2,68,12,65509,41,65476,0,300,0,0,8,20529,65476,0,0,61604,60.0,0.0,0.0,0.0,0.0,0.0
2026-04-04T11:51:03,ERR,ERR,ERR,ERR,ERR,ERR,ERR,ERR,ERR,ERR,ERR,ERR,ERR,ERR,ERR,ERR,ERR,ERR,ERR,ERR,ERR,ERR,ERR,ERR,ERR,ERR,ERR,ERR,ERR,ERR,ERR,ERR,ERR,ERR,ERR,ERR,ERR,ERR,ERR,ERR,ERR,ERR,ERR,ERR,ERR,ERR,ERR,ERR,ERR,ERR,ERR,ERR,ERR,ERR,ERR,ERR,ERR,ERR,ERR,ERR,ERR,ERR,ERR,ERR,ERR,ERR,ERR,ERR,ERR,ERR,ERR,ERR,ERR,ERR,ERR,ERR,ERR,ERR,ERR,ERR,ERR,ERR,ERR,ERR,ERR,ERR,ERR,ERR,ERR,ERR,ERR,ERR,ERR,ERR,ERR,ERR,ERR,ERR,ERR,ERR,ERR,ERR,ERR,ERR,ERR,ERR,ERR,ERR,ERR,ERR,ERR,ERR,ERR,ERR,ERR,ERR,ERR,ERR,ERR,ERR,ERR,ERR,ERR,ERR,ERR,-107615240.0,0.0,-117832800.0,0.0,0.0,0.0,0.0,nan,0,0,0,32768,0,0.0,0,0.0,0.0,0.0,0.0,0.0,0,0,0,0,0.0,0,0,0,0,0,0,0,0,0,0,0,0,0,0,0,0,0,0,0,0,0,0,0,0,0,0,0,0,0,0,0,0,0,0,0,0,0,0,0,0,0,0,0,0,0.0,0.0,0.0,0.0,0.0,0.0,0.0,0.0,0.0,0.0,0.0,0.0,0.0,0.0,0.0,0.0,0.0,0.0,0.0,0.0,0.0,0.0,2.004,-0.0,-2.004,-2.004,0.0,0.0,0.0,0.0,3354.0,-0.0,0.0,-107615240.0,0.0,-0.0,-0.0,0.0,0.0,0.0,0.0,0,-4.0668755697950344e+29,0.0,0.0,0.0,0.0,0.0,0.0,0.0,0.0,0,0,0,0.0,0.0,0.0,0.0,0.0,0.0,0.0,0.0,0.0,0.0,0.0,0.0,0.0,0.0,0.0,0.0,0,-107875648.0,0,0.0,0,-107875648.0,0.0,0,39322,17038,0,17053,13107,17037,0,0,0,110,100,100,0.0,64.1,0.0,64.8,-0.0,68.5,1,49,50,180,0,13107,0,0,0.0,0.0,0.0,0.0,0.082,65.5,0.0,2.0019193035987354e+18,0.0,645,0,686,0,0,0,713,0,785,0,706,0,688,0,645,0,640,0,619,0.032,36962304.0,-2.004,-0.0,27536,16789,3300.157,0.0,2.061335739972316e+24,2.4976661792221737e+22,-0.0,-59992652644352.0,29.0,60.0,70,0.0,0.0,0.0,0.0,0.0,0.0,0.0,0.0,0.0,0.0,0.0,0.0,0.0,0.0,0.0,0.0,59.2,68,12,65509,41,65476,0,300,0,0,8,20529,65476,0,0,61604,60.0,0.0,0.0,0.0,0.0,0.0
2026-04-04T11:51:04,ERR,ERR,ERR,ERR,ERR,ERR,ERR,ERR,ERR,ERR,ERR,ERR,ERR,ERR,ERR,ERR,ERR,ERR,ERR,ERR,ERR,ERR,ERR,ERR,ERR,ERR,ERR,ERR,ERR,ERR,ERR,ERR,ERR,ERR,ERR,ERR,ERR,ERR,ERR,ERR,ERR,ERR,ERR,ERR,ERR,ERR,ERR,ERR,ERR,ERR,ERR,ERR,ERR,ERR,ERR,ERR,ERR,ERR,ERR,ERR,ERR,ERR,ERR,ERR,ERR,ERR,ERR,ERR,ERR,ERR,ERR,ERR,ERR,ERR,ERR,ERR,ERR,ERR,ERR,ERR,ERR,ERR,ERR,ERR,ERR,ERR,ERR,ERR,ERR,ERR,ERR,ERR,ERR,ERR,ERR,ERR,ERR,ERR,ERR,ERR,ERR,ERR,ERR,ERR,ERR,ERR,ERR,ERR,ERR,ERR,ERR,ERR,ERR,ERR,ERR,ERR,ERR,ERR,ERR,ERR,ERR,ERR,ERR,ERR,ERR,-107615240.0,0.0,-117832800.0,0.0,0.0,0.0,0.0,nan,0,0,0,32768,0,0.0,0,0.0,0.0,0.0,0.0,0.0,0,0,0,0,0.0,0,0,0,0,0,0,0,0,0,0,0,0,0,0,0,0,0,0,0,0,0,0,0,0,0,0,0,0,0,0,0,0,0,0,0,0,0,0,0,0,0,0,0,0,0.0,0.0,0.0,0.0,0.0,0.0,0.0,0.0,0.0,0.0,0.0,0.0,0.0,0.0,0.0,0.0,0.0,0.0,0.0,0.0,0.0,0.0,2.004,-0.0,-2.004,-2.004,0.0,0.0,0.0,0.0,3354.0,-0.0,0.0,-107615240.0,0.0,-0.0,-0.0,0.0,0.0,0.0,0.0,0,-4.0668755697950344e+29,0.0,0.0,0.0,0.0,0.0,0.0,0.0,0.0,0,0,0,0.0,0.0,0.0,0.0,0.0,0.0,0.0,0.0,0.0,0.0,0.0,0.0,0.0,0.0,0.0,0.0,0,-107875648.0,0,0.0,0,-107875648.0,0.0,0,39322,17038,0,17053,13107,17037,0,0,0,110,100,100,0.0,64.1,0.0,64.8,-0.0,68.5,1,49,50,180,0,13107,0,0,0.0,0.0,0.0,0.0,0.082,65.5,0.0,2.0019193035987354e+18,0.0,645,0,686,0,0,0,713,0,785,0,706,0,688,0,645,0,640,0,619,0.032,36962304.0,-2.004,-0.0,27536,16789,3300.157,0.0,2.061335739972316e+24,2.4976661792221737e+22,-0.0,-59992652644352.0,29.0,60.0,70,0.0,0.0,0.0,0.0,0.0,0.0,0.0,0.0,0.0,0.0,0.0,0.0,0.0,0.0,0.0,0.0,59.2,68,12,65509,41,65476,0,300,0,0,8,20529,65476,0,0,61604,60.0,0.0,0.0,0.0,0.0,0.0
2026-04-04T11:51:05,ERR,ERR,ERR,ERR,ERR,ERR,ERR,ERR,ERR,ERR,ERR,ERR,ERR,ERR,ERR,ERR,ERR,ERR,ERR,ERR,ERR,ERR,ERR,ERR,ERR,ERR,ERR,ERR,ERR,ERR,ERR,ERR,ERR,ERR,ERR,ERR,ERR,ERR,ERR,ERR,ERR,ERR,ERR,ERR,ERR,ERR,ERR,ERR,ERR,ERR,ERR,ERR,ERR,ERR,ERR,ERR,ERR,ERR,ERR,ERR,ERR,ERR,ERR,ERR,ERR,ERR,ERR,ERR,ERR,ERR,ERR,ERR,ERR,ERR,ERR,ERR,ERR,ERR,ERR,ERR,ERR,ERR,ERR,ERR,ERR,ERR,ERR,ERR,ERR,ERR,ERR,ERR,ERR,ERR,ERR,ERR,ERR,ERR,ERR,ERR,ERR,ERR,ERR,ERR,ERR,ERR,ERR,ERR,ERR,ERR,ERR,ERR,ERR,ERR,ERR,ERR,ERR,ERR,ERR,ERR,ERR,ERR,ERR,ERR,ERR,-107615240.0,0.0,-117832800.0,0.0,0.0,0.0,0.0,nan,0,0,0,32768,0,0.0,0,0.0,0.0,0.0,0.0,0.0,0,0,0,0,0.0,0,0,0,0,0,0,0,0,0,0,0,0,0,0,0,0,0,0,0,0,0,0,0,0,0,0,0,0,0,0,0,0,0,0,0,0,0,0,0,0,0,0,0,0,0.0,0.0,0.0,0.0,0.0,0.0,0.0,0.0,0.0,0.0,0.0,0.0,0.0,0.0,0.0,0.0,0.0,0.0,0.0,0.0,0.0,0.0,2.004,-0.0,-2.004,-2.004,0.0,0.0,0.0,0.0,3354.0,-0.0,0.0,-107615240.0,0.0,-0.0,-0.0,0.0,0.0,0.0,0.0,0,-4.0668755697950344e+29,0.0,0.0,0.0,0.0,0.0,0.0,0.0,0.0,0,0,0,0.0,0.0,0.0,0.0,0.0,0.0,0.0,0.0,0.0,0.0,0.0,0.0,0.0,0.0,0.0,0.0,0,-107875648.0,0,0.0,0,-107875648.0,0.0,0,39322,17038,0,17053,13107,17037,0,0,0,110,100,100,0.0,64.1,0.0,64.8,-0.0,68.5,1,49,50,180,0,13107,0,0,0.0,0.0,0.0,0.0,0.082,65.5,0.0,2.0019193035987354e+18,0.0,645,0,686,0,0,0,713,0,785,0,706,0,688,0,645,0,640,0,619,0.032,36962304.0,-2.004,-0.0,27536,16789,3300.157,0.0,2.061335739972316e+24,2.4976661792221737e+22,-0.0,-59992652644352.0,29.0,60.0,70,0.0,0.0,0.0,0.0,0.0,0.0,0.0,0.0,0.0,0.0,0.0,0.0,0.0,0.0,0.0,0.0,59.2,68,12,65509,41,65476,0,300,0,0,8,20529,65476,0,0,61604,60.0,0.0,0.0,0.0,0.0,0.0
2026-04-04T11:51:06,ERR,ERR,ERR,ERR,ERR,ERR,ERR,ERR,ERR,ERR,ERR,ERR,ERR,ERR,ERR,ERR,ERR,ERR,ERR,ERR,ERR,ERR,ERR,ERR,ERR,ERR,ERR,ERR,ERR,ERR,ERR,ERR,ERR,ERR,ERR,ERR,ERR,ERR,ERR,ERR,ERR,ERR,ERR,ERR,ERR,ERR,ERR,ERR,ERR,ERR,ERR,ERR,ERR,ERR,ERR,ERR,ERR,ERR,ERR,ERR,ERR,ERR,ERR,ERR,ERR,ERR,ERR,ERR,ERR,ERR,ERR,ERR,ERR,ERR,ERR,ERR,ERR,ERR,ERR,ERR,ERR,ERR,ERR,ERR,ERR,ERR,ERR,ERR,ERR,ERR,ERR,ERR,ERR,ERR,ERR,ERR,ERR,ERR,ERR,ERR,ERR,ERR,ERR,ERR,ERR,ERR,ERR,ERR,ERR,ERR,ERR,ERR,ERR,ERR,ERR,ERR,ERR,ERR,ERR,ERR,ERR,ERR,ERR,ERR,ERR,-107615240.0,0.0,-117832800.0,0.0,0.0,0.0,0.0,nan,0,0,0,32768,0,0.0,0,0.0,0.0,0.0,0.0,0.0,0,0,0,0,0.0,0,0,0,0,0,0,0,0,0,0,0,0,0,0,0,0,0,0,0,0,0,0,0,0,0,0,0,0,0,0,0,0,0,0,0,0,0,0,0,0,0,0,0,0,0.0,0.0,0.0,0.0,0.0,0.0,0.0,0.0,0.0,0.0,0.0,0.0,0.0,0.0,0.0,0.0,0.0,0.0,0.0,0.0,0.0,0.0,2.004,-0.0,-2.004,-2.004,0.0,0.0,0.0,0.0,3354.0,-0.0,0.0,-107615240.0,0.0,-0.0,-0.0,0.0,0.0,0.0,0.0,0,-4.0668755697950344e+29,0.0,0.0,0.0,0.0,0.0,0.0,0.0,0.0,0,0,0,0.0,0.0,0.0,0.0,0.0,0.0,0.0,0.0,0.0,0.0,0.0,0.0,0.0,0.0,0.0,0.0,0,-107875648.0,0,0.0,0,-107875648.0,0.0,0,39322,17038,0,17053,13107,17037,0,0,0,110,100,100,0.0,64.1,0.0,64.8,-0.0,68.5,1,49,50,180,0,13107,0,0,0.0,0.0,0.0,0.0,0.082,65.5,0.0,2.0019193035987354e+18,0.0,645,0,686,0,0,0,713,0,785,0,706,0,688,0,645,0,640,0,619,0.032,36962304.0,-2.004,-0.0,27536,16789,3300.157,0.0,2.061335739972316e+24,2.4976661792221737e+22,-0.0,-59992652644352.0,29.0,60.0,70,0.0,0.0,0.0,0.0,0.0,0.0,0.0,0.0,0.0,0.0,0.0,0.0,0.0,0.0,0.0,0.0,59.2,68,12,65509,41,65476,0,300,0,0,8,20529,65476,0,0,61604,60.0,0.0,0.0,0.0,0.0,0.0
2026-04-04T11:51:07,ERR,ERR,ERR,ERR,ERR,ERR,ERR,ERR,ERR,ERR,ERR,ERR,ERR,ERR,ERR,ERR,ERR,ERR,ERR,ERR,ERR,ERR,ERR,ERR,ERR,ERR,ERR,ERR,ERR,ERR,ERR,ERR,ERR,ERR,ERR,ERR,ERR,ERR,ERR,ERR,ERR,ERR,ERR,ERR,ERR,ERR,ERR,ERR,ERR,ERR,ERR,ERR,ERR,ERR,ERR,ERR,ERR,ERR,ERR,ERR,ERR,ERR,ERR,ERR,ERR,ERR,ERR,ERR,ERR,ERR,ERR,ERR,ERR,ERR,ERR,ERR,ERR,ERR,ERR,ERR,ERR,ERR,ERR,ERR,ERR,ERR,ERR,ERR,ERR,ERR,ERR,ERR,ERR,ERR,ERR,ERR,ERR,ERR,ERR,ERR,ERR,ERR,ERR,ERR,ERR,ERR,ERR,ERR,ERR,ERR,ERR,ERR,ERR,ERR,ERR,ERR,ERR,ERR,ERR,ERR,ERR,ERR,ERR,ERR,ERR,-107615240.0,0.0,-117832800.0,0.0,0.0,0.0,0.0,nan,0,0,0,32768,0,0.0,0,0.0,0.0,0.0,0.0,0.0,0,0,0,0,0.0,0,0,0,0,0,0,0,0,0,0,0,0,0,0,0,0,0,0,0,0,0,0,0,0,0,0,0,0,0,0,0,0,0,0,0,0,0,0,0,0,0,0,0,0,0.0,0.0,0.0,0.0,0.0,0.0,0.0,0.0,0.0,0.0,0.0,0.0,0.0,0.0,0.0,0.0,0.0,0.0,0.0,0.0,0.0,0.0,2.004,-0.0,-2.004,-2.004,0.0,0.0,0.0,0.0,3354.0,-0.0,0.0,-107615240.0,0.0,-0.0,-0.0,0.0,0.0,0.0,0.0,0,-4.0668755697950344e+29,0.0,0.0,0.0,0.0,0.0,0.0,0.0,0.0,0,0,0,0.0,0.0,0.0,0.0,0.0,0.0,0.0,0.0,0.0,0.0,0.0,0.0,0.0,0.0,0.0,0.0,0,-107875648.0,0,0.0,0,-107875648.0,0.0,0,39322,17038,0,17053,13107,17037,0,0,0,110,100,100,0.0,64.1,0.0,64.8,-0.0,68.5,1,49,50,180,0,13107,0,0,0.0,0.0,0.0,0.0,0.082,65.5,0.0,2.0019193035987354e+18,0.0,645,0,686,0,0,0,713,0,785,0,706,0,688,0,645,0,640,0,619,0.032,36962304.0,-2.004,-0.0,27536,16789,3300.157,0.0,2.061335739972316e+24,2.4976661792221737e+22,-0.0,-59992652644352.0,29.0,60.0,70,0.0,0.0,0.0,0.0,0.0,0.0,0.0,0.0,0.0,0.0,0.0,0.0,0.0,0.0,0.0,0.0,59.2,68,12,65509,41,65476,0,300,0,0,8,20529,65476,0,0,61604,60.0,0.0,0.0,0.0,0.0,0.0
2026-04-04T11:51:08,ERR,ERR,ERR,ERR,ERR,ERR,ERR,ERR,ERR,ERR,ERR,ERR,ERR,ERR,ERR,ERR,ERR,ERR,ERR,ERR,ERR,ERR,ERR,ERR,ERR,ERR,ERR,ERR,ERR,ERR,ERR,ERR,ERR,ERR,ERR,ERR,ERR,ERR,ERR,ERR,ERR,ERR,ERR,ERR,ERR,ERR,ERR,ERR,ERR,ERR,ERR,ERR,ERR,ERR,ERR,ERR,ERR,ERR,ERR,ERR,ERR,ERR,ERR,ERR,ERR,ERR,ERR,ERR,ERR,ERR,ERR,ERR,ERR,ERR,ERR,ERR,ERR,ERR,ERR,ERR,ERR,ERR,ERR,ERR,ERR,ERR,ERR,ERR,ERR,ERR,ERR,ERR,ERR,ERR,ERR,ERR,ERR,ERR,ERR,ERR,ERR,ERR,ERR,ERR,ERR,ERR,ERR,ERR,ERR,ERR,ERR,ERR,ERR,ERR,ERR,ERR,ERR,ERR,ERR,ERR,ERR,ERR,ERR,ERR,ERR,-107615240.0,0.0,-117832800.0,0.0,0.0,0.0,0.0,nan,0,0,0,32768,0,0.0,0,0.0,0.0,0.0,0.0,0.0,0,0,0,0,0.0,0,0,0,0,0,0,0,0,0,0,0,0,0,0,0,0,0,0,0,0,0,0,0,0,0,0,0,0,0,0,0,0,0,0,0,0,0,0,0,0,0,0,0,0,0.0,0.0,0.0,0.0,0.0,0.0,0.0,0.0,0.0,0.0,0.0,0.0,0.0,0.0,0.0,0.0,0.0,0.0,0.0,0.0,0.0,0.0,2.004,-0.0,-2.004,-2.004,0.0,0.0,0.0,0.0,3354.0,-0.0,0.0,-107615240.0,0.0,-0.0,-0.0,0.0,0.0,0.0,0.0,0,-4.0668755697950344e+29,0.0,0.0,0.0,0.0,0.0,0.0,0.0,0.0,0,0,0,0.0,0.0,0.0,0.0,0.0,0.0,0.0,0.0,0.0,0.0,0.0,0.0,0.0,0.0,0.0,0.0,0,-107875648.0,0,0.0,0,-107875648.0,0.0,0,39322,17038,0,17053,13107,17037,0,0,0,110,100,100,0.0,64.0,0.0,64.8,-0.0,68.5,1,49,50,180,0,13107,0,0,0.0,0.0,0.0,0.0,0.0,65.5,0.0,9.75509222902005e+22,0.0,645,0,686,0,0,0,713,0,785,0,706,0,688,0,645,0,640,0,619,0.032,36962304.0,-2.004,-0.0,28048,16789,0.278,1.3393212417856636e+25,-0.0,-0.0,-1.799,-1.0602376098959244e+27,29.0,60.0,70,0.0,0.0,0.0,0.0,0.0,0.0,0.0,0.0,0.0,0.0,0.0,0.0,0.0,0.0,0.0,0.0,59.2,68,12,65509,41,65476,0,300,0,0,8,20529,65476,0,0,61604,60.0,0.0,0.0,0.0,0.0,0.0
2026-04-04T11:51:09,ERR,ERR,ERR,ERR,ERR,ERR,ERR,ERR,ERR,ERR,ERR,ERR,ERR,ERR,ERR,ERR,ERR,ERR,ERR,ERR,ERR,ERR,ERR,ERR,ERR,ERR,ERR,ERR,ERR,ERR,ERR,ERR,ERR,ERR,ERR,ERR,ERR,ERR,ERR,ERR,ERR,ERR,ERR,ERR,ERR,ERR,ERR,ERR,ERR,ERR,ERR,ERR,ERR,ERR,ERR,ERR,ERR,ERR,ERR,ERR,ERR,ERR,ERR,ERR,ERR,ERR,ERR,ERR,ERR,ERR,ERR,ERR,ERR,ERR,ERR,ERR,ERR,ERR,ERR,ERR,ERR,ERR,ERR,ERR,ERR,ERR,ERR,ERR,ERR,ERR,ERR,ERR,ERR,ERR,ERR,ERR,ERR,ERR,ERR,ERR,ERR,ERR,ERR,ERR,ERR,ERR,ERR,ERR,ERR,ERR,ERR,ERR,ERR,ERR,ERR,ERR,ERR,ERR,ERR,ERR,ERR,ERR,ERR,ERR,ERR,-107615240.0,0.0,-117832800.0,0.0,0.0,0.0,0.0,nan,0,0,0,32768,0,0.0,0,0.0,0.0,0.0,0.0,0.0,0,0,0,0,0.0,0,0,0,0,0,0,0,0,0,0,0,0,0,0,0,0,0,0,0,0,0,0,0,0,0,0,0,0,0,0,0,0,0,0,0,0,0,0,0,0,0,0,0,0,0.0,0.0,0.0,0.0,0.0,0.0,0.0,0.0,0.0,0.0,0.0,0.0,0.0,0.0,0.0,0.0,0.0,0.0,0.0,0.0,0.0,0.0,2.004,-0.0,-2.004,-2.004,0.0,0.0,0.0,0.0,3356.0,3.697153148275864e+19,0.0,-107615240.0,0.0,-107615232.0,-0.0,0.0,0.0,0.0,0.0,0,0.0,0.0,0.0,0.0,0.0,0.0,0.0,0.0,0.0,0,0,0,0.0,0.0,0.0,0.0,0.0,0.0,0.0,0.0,0.0,0.0,0.0,0.0,0.0,0.0,0.0,0.0,0,-107875648.0,0,0.0,0,-107875648.0,0.0,0,39322,17038,0,17053,13107,17037,0,0,0,110,100,100,0.0,64.0,0.0,64.8,-0.0,68.5,1,49,50,180,0,13107,0,0,0.0,0.0,0.0,0.0,0.0,65.5,0.0,9.75509222902005e+22,0.0,645,0,686,0,0,0,713,0,785,0,706,0,688,0,645,0,640,0,619,0.032,36962304.0,-2.004,-0.0,28048,16789,0.278,1.3393212417856636e+25,-0.0,-0.0,-1.799,-1.0602376098959244e+27,29.0,60.0,70,0.0,0.0,0.0,0.0,0.0,0.0,0.0,0.0,0.0,0.0,0.0,0.0,0.0,0.0,0.0,0.0,59.6,68,12,65509,41,65476,0,300,0,0,8,20529,65476,0,0,61604,60.0,0.0,0.0,0.0,0.0,0.0
2026-04-04T11:51:10,ERR,ERR,ERR,ERR,ERR,ERR,ERR,ERR,ERR,ERR,ERR,ERR,ERR,ERR,ERR,ERR,ERR,ERR,ERR,ERR,ERR,ERR,ERR,ERR,ERR,ERR,ERR,ERR,ERR,ERR,ERR,ERR,ERR,ERR,ERR,ERR,ERR,ERR,ERR,ERR,ERR,ERR,ERR,ERR,ERR,ERR,ERR,ERR,ERR,ERR,ERR,ERR,ERR,ERR,ERR,ERR,ERR,ERR,ERR,ERR,ERR,ERR,ERR,ERR,ERR,ERR,ERR,ERR,ERR,ERR,ERR,ERR,ERR,ERR,ERR,ERR,ERR,ERR,ERR,ERR,ERR,ERR,ERR,ERR,ERR,ERR,ERR,ERR,ERR,ERR,ERR,ERR,ERR,ERR,ERR,ERR,ERR,ERR,ERR,ERR,ERR,ERR,ERR,ERR,ERR,ERR,ERR,ERR,ERR,ERR,ERR,ERR,ERR,ERR,ERR,ERR,ERR,ERR,ERR,ERR,ERR,ERR,ERR,ERR,ERR,-107615240.0,0.0,-117832800.0,0.0,0.0,0.0,0.0,nan,0,0,0,32768,0,0.0,0,0.0,0.0,0.0,0.0,0.0,0,0,0,0,0.0,0,0,0,0,0,0,0,0,0,0,0,0,0,0,0,0,0,0,0,0,0,0,0,0,0,0,0,0,0,0,0,0,0,0,0,0,0,0,0,0,0,0,0,0,0.0,0.0,0.0,0.0,0.0,0.0,0.0,0.0,0.0,0.0,0.0,0.0,0.0,0.0,0.0,0.0,0.0,0.0,0.0,0.0,0.0,0.0,2.004,-0.0,-2.004,-2.004,0.0,0.0,0.0,0.0,3356.0,3.697153148275864e+19,0.0,-107615240.0,0.0,-107615232.0,-0.0,0.0,0.0,0.0,0.0,0,0.0,0.0,0.0,0.0,0.0,0.0,0.0,0.0,0.0,0,0,0,0.0,0.0,0.0,0.0,0.0,0.0,0.0,0.0,0.0,0.0,0.0,0.0,0.0,0.0,0.0,0.0,0,-107875648.0,0,0.0,0,-107875648.0,0.0,0,39322,17038,0,17053,13107,17037,0,0,0,110,100,100,0.0,64.0,0.0,64.8,-0.0,68.5,1,49,50,180,0,13107,0,0,0.0,0.0,0.0,0.0,0.0,65.5,0.0,9.75509222902005e+22,0.0,645,0,686,0,0,0,713,0,785,0,706,0,688,0,645,0,640,0,619,0.032,36962304.0,-2.004,-0.0,28048,16789,0.278,1.3393212417856636e+25,-0.0,-0.0,-1.799,-1.0602376098959244e+27,29.0,60.0,70,0.0,0.0,0.0,0.0,0.0,0.0,0.0,0.0,0.0,0.0,0.0,0.0,0.0,0.0,0.0,0.0,59.6,68,12,65509,41,65476,0,300,0,0,8,20529,65476,0,0,61604,60.0,0.0,0.0,0.0,0.0,0.0
2026-04-04T11:51:11,ERR,ERR,ERR,ERR,ERR,ERR,ERR,ERR,ERR,ERR,ERR,ERR,ERR,ERR,ERR,ERR,ERR,ERR,ERR,ERR,ERR,ERR,ERR,ERR,ERR,ERR,ERR,ERR,ERR,ERR,ERR,ERR,ERR,ERR,ERR,ERR,ERR,ERR,ERR,ERR,ERR,ERR,ERR,ERR,ERR,ERR,ERR,ERR,ERR,ERR,ERR,ERR,ERR,ERR,ERR,ERR,ERR,ERR,ERR,ERR,ERR,ERR,ERR,ERR,ERR,ERR,ERR,ERR,ERR,ERR,ERR,ERR,ERR,ERR,ERR,ERR,ERR,ERR,ERR,ERR,ERR,ERR,ERR,ERR,ERR,ERR,ERR,ERR,ERR,ERR,ERR,ERR,ERR,ERR,ERR,ERR,ERR,ERR,ERR,ERR,ERR,ERR,ERR,ERR,ERR,ERR,ERR,ERR,ERR,ERR,ERR,ERR,ERR,ERR,ERR,ERR,ERR,ERR,ERR,ERR,ERR,ERR,ERR,ERR,ERR,-107615240.0,0.0,-117832800.0,0.0,0.0,0.0,0.0,nan,0,0,0,32768,0,0.0,0,0.0,0.0,0.0,0.0,0.0,0,0,0,0,0.0,0,0,0,0,0,0,0,0,0,0,0,0,0,0,0,0,0,0,0,0,0,0,0,0,0,0,0,0,0,0,0,0,0,0,0,0,0,0,0,0,0,0,0,0,0.0,0.0,0.0,0.0,0.0,0.0,0.0,0.0,0.0,0.0,0.0,0.0,0.0,0.0,0.0,0.0,0.0,0.0,0.0,0.0,0.0,0.0,2.004,-0.0,-2.004,-2.004,0.0,0.0,0.0,0.0,3356.0,3.697153148275864e+19,0.0,-107615240.0,0.0,-107615232.0,-0.0,0.0,0.0,0.0,0.0,0,0.0,0.0,0.0,0.0,0.0,0.0,0.0,0.0,0.0,0,0,0,0.0,0.0,0.0,0.0,0.0,0.0,0.0,0.0,0.0,0.0,0.0,0.0,0.0,0.0,0.0,0.0,0,-107875648.0,0,0.0,0,-107875648.0,0.0,0,39322,17038,0,17053,13107,17037,0,0,0,110,100,100,0.0,64.0,0.0,64.8,-0.0,68.5,1,49,50,180,0,13107,0,0,0.0,0.0,0.0,0.0,0.0,65.5,0.0,9.75509222902005e+22,0.0,645,0,686,0,0,0,713,0,785,0,706,0,688,0,645,0,640,0,619,0.032,36962304.0,-2.004,-0.0,28048,16789,0.278,1.3393212417856636e+25,-0.0,-0.0,-1.799,-1.0602376098959244e+27,29.0,60.0,70,0.0,0.0,0.0,0.0,0.0,0.0,0.0,0.0,0.0,0.0,0.0,0.0,0.0,0.0,0.0,0.0,59.6,68,12,65509,41,65476,0,300,0,0,8,20529,65476,0,0,61604,60.0,0.0,0.0,0.0,0.0,0.0
2026-04-04T11:51:12,ERR,ERR,ERR,ERR,ERR,ERR,ERR,ERR,ERR,ERR,ERR,ERR,ERR,ERR,ERR,ERR,ERR,ERR,ERR,ERR,ERR,ERR,ERR,ERR,ERR,ERR,ERR,ERR,ERR,ERR,ERR,ERR,ERR,ERR,ERR,ERR,ERR,ERR,ERR,ERR,ERR,ERR,ERR,ERR,ERR,ERR,ERR,ERR,ERR,ERR,ERR,ERR,ERR,ERR,ERR,ERR,ERR,ERR,ERR,ERR,ERR,ERR,ERR,ERR,ERR,ERR,ERR,ERR,ERR,ERR,ERR,ERR,ERR,ERR,ERR,ERR,ERR,ERR,ERR,ERR,ERR,ERR,ERR,ERR,ERR,ERR,ERR,ERR,ERR,ERR,ERR,ERR,ERR,ERR,ERR,ERR,ERR,ERR,ERR,ERR,ERR,ERR,ERR,ERR,ERR,ERR,ERR,ERR,ERR,ERR,ERR,ERR,ERR,ERR,ERR,ERR,ERR,ERR,ERR,ERR,ERR,ERR,ERR,ERR,ERR,-107615240.0,0.0,-117832800.0,0.0,0.0,0.0,0.0,nan,0,0,0,32768,0,0.0,0,0.0,0.0,0.0,0.0,0.0,0,0,0,0,0.0,0,0,0,0,0,0,0,0,0,0,0,0,0,0,0,0,0,0,0,0,0,0,0,0,0,0,0,0,0,0,0,0,0,0,0,0,0,0,0,0,0,0,0,0,0.0,0.0,0.0,0.0,0.0,0.0,0.0,0.0,0.0,0.0,0.0,0.0,0.0,0.0,0.0,0.0,0.0,0.0,0.0,0.0,0.0,0.0,2.004,-0.0,-2.004,-2.004,0.0,0.0,0.0,0.0,3356.0,3.697153148275864e+19,0.0,-107615240.0,0.0,-107615232.0,-0.0,0.0,0.0,0.0,0.0,0,0.0,0.0,0.0,0.0,0.0,0.0,0.0,0.0,0.0,0,0,0,0.0,0.0,0.0,0.0,0.0,0.0,0.0,0.0,0.0,0.0,0.0,0.0,0.0,0.0,0.0,0.0,0,-107875648.0,0,0.0,0,-107875648.0,0.0,0,39322,17038,0,17053,13107,17037,0,0,0,110,100,100,0.0,64.0,0.0,64.8,-0.0,68.5,1,49,50,180,0,13107,0,0,0.0,0.0,0.0,0.0,0.0,65.5,0.0,9.75509222902005e+22,0.0,645,0,686,0,0,0,713,0,785,0,706,0,688,0,645,0,640,0,619,0.032,36962304.0,-2.004,-0.0,28048,16789,0.278,1.3393212417856636e+25,-0.0,-0.0,-1.799,-1.0602376098959244e+27,29.0,60.0,70,0.0,0.0,0.0,0.0,0.0,0.0,0.0,0.0,0.0,0.0,0.0,0.0,0.0,0.0,0.0,0.0,59.2,68,12,65509,41,65476,0,300,0,0,8,20529,65476,0,0,61604,60.0,0.0,0.0,0.0,0.0,0.0
2026-04-04T11:51:13,ERR,ERR,ERR,ERR,ERR,ERR,ERR,ERR,ERR,ERR,ERR,ERR,ERR,ERR,ERR,ERR,ERR,ERR,ERR,ERR,ERR,ERR,ERR,ERR,ERR,ERR,ERR,ERR,ERR,ERR,ERR,ERR,ERR,ERR,ERR,ERR,ERR,ERR,ERR,ERR,ERR,ERR,ERR,ERR,ERR,ERR,ERR,ERR,ERR,ERR,ERR,ERR,ERR,ERR,ERR,ERR,ERR,ERR,ERR,ERR,ERR,ERR,ERR,ERR,ERR,ERR,ERR,ERR,ERR,ERR,ERR,ERR,ERR,ERR,ERR,ERR,ERR,ERR,ERR,ERR,ERR,ERR,ERR,ERR,ERR,ERR,ERR,ERR,ERR,ERR,ERR,ERR,ERR,ERR,ERR,ERR,ERR,ERR,ERR,ERR,ERR,ERR,ERR,ERR,ERR,ERR,ERR,ERR,ERR,ERR,ERR,ERR,ERR,ERR,ERR,ERR,ERR,ERR,ERR,ERR,ERR,ERR,ERR,ERR,ERR,-107615240.0,0.0,-117832800.0,0.0,0.0,0.0,0.0,nan,0,0,0,32768,0,0.0,0,0.0,0.0,0.0,0.0,0.0,0,0,0,0,0.0,0,0,0,0,0,0,0,0,0,0,0,0,0,0,0,0,0,0,0,0,0,0,0,0,0,0,0,0,0,0,0,0,0,0,0,0,0,0,0,0,0,0,0,0,0.0,0.0,0.0,0.0,0.0,0.0,0.0,0.0,0.0,0.0,0.0,0.0,0.0,0.0,0.0,0.0,0.0,0.0,0.0,0.0,0.0,0.0,2.004,-0.0,-2.004,-2.004,0.0,0.0,0.0,0.0,3356.0,3.697153148275864e+19,0.0,-107615240.0,0.0,-107615232.0,-0.0,0.0,0.0,0.0,0.0,0,0.0,0.0,0.0,0.0,0.0,0.0,0.0,0.0,0.0,0,0,0,0.0,0.0,0.0,0.0,0.0,0.0,0.0,0.0,0.0,0.0,0.0,0.0,0.0,0.0,0.0,0.0,0,-107875648.0,0,0.0,0,-107875648.0,0.0,0,39322,17038,0,17053,13107,17037,0,0,0,110,100,100,0.0,64.0,0.0,64.8,-0.0,68.5,1,49,50,180,0,13107,0,0,0.0,0.0,0.0,0.0,0.0,65.5,0.0,9.75509222902005e+22,0.0,645,0,686,0,0,0,713,0,785,0,706,0,688,0,645,0,640,0,619,0.032,36962304.0,-2.004,-0.0,28048,16789,0.278,1.3393212417856636e+25,-0.0,-0.0,-1.799,-1.0602376098959244e+27,29.0,60.0,70,0.0,0.0,0.0,0.0,0.0,0.0,0.0,0.0,0.0,0.0,0.0,0.0,0.0,0.0,0.0,0.0,59.2,68,12,65509,41,65476,0,300,0,0,8,20529,65476,0,0,61604,60.0,0.0,0.0,0.0,0.0,0.0
2026-04-04T11:51:14,ERR,ERR,ERR,ERR,ERR,ERR,ERR,ERR,ERR,ERR,ERR,ERR,ERR,ERR,ERR,ERR,ERR,ERR,ERR,ERR,ERR,ERR,ERR,ERR,ERR,ERR,ERR,ERR,ERR,ERR,ERR,ERR,ERR,ERR,ERR,ERR,ERR,ERR,ERR,ERR,ERR,ERR,ERR,ERR,ERR,ERR,ERR,ERR,ERR,ERR,ERR,ERR,ERR,ERR,ERR,ERR,ERR,ERR,ERR,ERR,ERR,ERR,ERR,ERR,ERR,ERR,ERR,ERR,ERR,ERR,ERR,ERR,ERR,ERR,ERR,ERR,ERR,ERR,ERR,ERR,ERR,ERR,ERR,ERR,ERR,ERR,ERR,ERR,ERR,ERR,ERR,ERR,ERR,ERR,ERR,ERR,ERR,ERR,ERR,ERR,ERR,ERR,ERR,ERR,ERR,ERR,ERR,ERR,ERR,ERR,ERR,ERR,ERR,ERR,ERR,ERR,ERR,ERR,ERR,ERR,ERR,ERR,ERR,ERR,ERR,-107615240.0,0.0,-117832800.0,0.0,0.0,0.0,0.0,nan,0,0,0,32768,0,0.0,0,0.0,0.0,0.0,0.0,0.0,0,0,0,0,0.0,0,0,0,0,0,0,0,0,0,0,0,0,0,0,0,0,0,0,0,0,0,0,0,0,0,0,0,0,0,0,0,0,0,0,0,0,0,0,0,0,0,0,0,0,0.0,0.0,0.0,0.0,0.0,0.0,0.0,0.0,0.0,0.0,0.0,0.0,0.0,0.0,0.0,0.0,0.0,0.0,0.0,0.0,0.0,0.0,2.004,-0.0,-2.004,-2.004,0.0,0.0,0.0,0.0,3356.0,3.697153148275864e+19,0.0,-107615240.0,0.0,-107615232.0,-0.0,0.0,0.0,0.0,0.0,0,0.0,0.0,0.0,0.0,0.0,0.0,0.0,0.0,0.0,0,0,0,0.0,0.0,0.0,0.0,0.0,0.0,0.0,0.0,0.0,0.0,0.0,0.0,0.0,0.0,0.0,0.0,0,-107875648.0,0,0.0,0,-107875648.0,0.0,0,39322,17038,52429,17052,13107,17037,0,0,0,110,100,100,0.0,64.0,0.0,64.8,-0.0,68.5,1,49,50,180,0,13107,0,0,0.0,0.0,0.0,0.0,2099331456.0,65.5,0.0,0.0,0.0,645,0,686,0,0,0,713,0,785,0,706,0,688,0,646,0,640,0,619,0.032,36700160.0,-2.004,-0.0,34448,16789,0.017,0.0,0.031,7.893042826340965e+30,-0.0,-0.0,29.0,60.0,70,0.0,0.0,0.0,0.0,0.0,0.0,0.0,0.0,0.0,0.0,0.0,0.0,0.0,0.0,0.0,0.0,59.2,68,12,65509,41,65476,0,300,0,0,8,20529,65476,0,0,61604,60.0,0.0,0.0,0.0,0.0,0.0
2026-04-04T11:51:15,ERR,ERR,ERR,ERR,ERR,ERR,ERR,ERR,ERR,ERR,ERR,ERR,ERR,ERR,ERR,ERR,ERR,ERR,ERR,ERR,ERR,ERR,ERR,ERR,ERR,ERR,ERR,ERR,ERR,ERR,ERR,ERR,ERR,ERR,ERR,ERR,ERR,ERR,ERR,ERR,ERR,ERR,ERR,ERR,ERR,ERR,ERR,ERR,ERR,ERR,ERR,ERR,ERR,ERR,ERR,ERR,ERR,ERR,ERR,ERR,ERR,ERR,ERR,ERR,ERR,ERR,ERR,ERR,ERR,ERR,ERR,ERR,ERR,ERR,ERR,ERR,ERR,ERR,ERR,ERR,ERR,ERR,ERR,ERR,ERR,ERR,ERR,ERR,ERR,ERR,ERR,ERR,ERR,ERR,ERR,ERR,ERR,ERR,ERR,ERR,ERR,ERR,ERR,ERR,ERR,ERR,ERR,ERR,ERR,ERR,ERR,ERR,ERR,ERR,ERR,ERR,ERR,ERR,ERR,ERR,ERR,ERR,ERR,ERR,ERR,-107615240.0,0.0,-117832800.0,0.0,0.0,0.0,0.0,nan,0,0,0,32768,0,0.0,0,0.0,0.0,0.0,0.0,0.0,0,0,0,0,0.0,0,0,0,0,0,0,0,0,0,0,0,0,0,0,0,0,0,0,0,0,0,0,0,0,0,0,0,0,0,0,0,0,0,0,0,0,0,0,0,0,0,0,0,0,0.0,0.0,0.0,0.0,0.0,0.0,0.0,0.0,0.0,0.0,0.0,0.0,0.0,0.0,0.0,0.0,0.0,0.0,0.0,0.0,0.0,0.0,2.004,-0.0,-2.004,-2.004,0.0,0.0,0.0,0.0,3356.0,3.697153148275864e+19,0.0,-107615240.0,0.0,-107615232.0,-0.0,0.0,0.0,0.0,0.0,0,0.0,0.0,0.0,0.0,0.0,0.0,0.0,0.0,0.0,0,0,0,0.0,0.0,0.0,0.0,0.0,0.0,0.0,0.0,0.0,0.0,0.0,0.0,0.0,0.0,0.0,0.0,0,-107875648.0,0,0.0,0,-107875648.0,0.0,0,39322,17038,52429,17052,13107,17037,0,0,0,110,100,100,0.0,64.0,0.0,64.8,-0.0,68.5,1,49,50,180,0,13107,0,0,0.0,0.0,0.0,0.0,2099331456.0,65.5,0.0,0.0,0.0,645,0,686,0,0,0,713,0,785,0,706,0,688,0,646,0,640,0,619,0.032,36700160.0,-2.004,-0.0,34448,16789,0.017,0.0,0.031,7.893042826340965e+30,-0.0,-0.0,29.0,60.0,70,0.0,0.0,0.0,0.0,0.0,0.0,0.0,0.0,0.0,0.0,0.0,0.0,0.0,0.0,0.0,0.0,59.2,68,12,65509,41,65476,0,300,0,0,8,20529,65476,0,0,61604,60.0,0.0,0.0,0.0,0.0,0.0
2026-04-04T11:51:16,ERR,ERR,ERR,ERR,ERR,ERR,ERR,ERR,ERR,ERR,ERR,ERR,ERR,ERR,ERR,ERR,ERR,ERR,ERR,ERR,ERR,ERR,ERR,ERR,ERR,ERR,ERR,ERR,ERR,ERR,ERR,ERR,ERR,ERR,ERR,ERR,ERR,ERR,ERR,ERR,ERR,ERR,ERR,ERR,ERR,ERR,ERR,ERR,ERR,ERR,ERR,ERR,ERR,ERR,ERR,ERR,ERR,ERR,ERR,ERR,ERR,ERR,ERR,ERR,ERR,ERR,ERR,ERR,ERR,ERR,ERR,ERR,ERR,ERR,ERR,ERR,ERR,ERR,ERR,ERR,ERR,ERR,ERR,ERR,ERR,ERR,ERR,ERR,ERR,ERR,ERR,ERR,ERR,ERR,ERR,ERR,ERR,ERR,ERR,ERR,ERR,ERR,ERR,ERR,ERR,ERR,ERR,ERR,ERR,ERR,ERR,ERR,ERR,ERR,ERR,ERR,ERR,ERR,ERR,ERR,ERR,ERR,ERR,ERR,ERR,-107615240.0,0.0,-117832800.0,0.0,0.0,0.0,0.0,nan,0,0,0,32768,0,0.0,0,0.0,0.0,0.0,0.0,0.0,0,0,0,0,0.0,0,0,0,0,0,0,0,0,0,0,0,0,0,0,0,0,0,0,0,0,0,0,0,0,0,0,0,0,0,0,0,0,0,0,0,0,0,0,0,0,0,0,0,0,0.0,0.0,0.0,0.0,0.0,0.0,0.0,0.0,0.0,0.0,0.0,0.0,0.0,0.0,0.0,0.0,0.0,0.0,0.0,0.0,0.0,0.0,2.004,-0.0,-2.004,-2.004,0.0,0.0,0.0,0.0,3356.0,3.697153148275864e+19,0.0,-107615240.0,0.0,-107615232.0,-0.0,0.0,0.0,0.0,0.0,0,0.0,0.0,0.0,0.0,0.0,0.0,0.0,0.0,0.0,0,0,0,0.0,0.0,0.0,0.0,0.0,0.0,0.0,0.0,0.0,0.0,0.0,0.0,0.0,0.0,0.0,0.0,0,-107875648.0,0,0.0,0,-107875648.0,0.0,0,39322,17038,52429,17052,13107,17037,0,0,0,110,100,100,0.0,64.0,0.0,64.8,-0.0,68.5,1,49,50,180,0,13107,0,0,0.0,0.0,0.0,0.0,2099331456.0,65.5,0.0,0.0,0.0,645,0,686,0,0,0,713,0,785,0,706,0,688,0,646,0,640,0,619,0.032,36700160.0,-2.004,-0.0,34448,16789,0.017,0.0,0.031,7.893042826340965e+30,-0.0,-0.0,29.0,60.0,70,0.0,0.0,0.0,0.0,0.0,0.0,0.0,0.0,0.0,0.0,0.0,0.0,0.0,0.0,0.0,0.0,59.2,68,12,65509,41,65476,0,300,0,0,8,20529,65476,0,0,61604,60.0,0.0,0.0,0.0,0.0,0.0
2026-04-04T11:51:17,ERR,ERR,ERR,ERR,ERR,ERR,ERR,ERR,ERR,ERR,ERR,ERR,ERR,ERR,ERR,ERR,ERR,ERR,ERR,ERR,ERR,ERR,ERR,ERR,ERR,ERR,ERR,ERR,ERR,ERR,ERR,ERR,ERR,ERR,ERR,ERR,ERR,ERR,ERR,ERR,ERR,ERR,ERR,ERR,ERR,ERR,ERR,ERR,ERR,ERR,ERR,ERR,ERR,ERR,ERR,ERR,ERR,ERR,ERR,ERR,ERR,ERR,ERR,ERR,ERR,ERR,ERR,ERR,ERR,ERR,ERR,ERR,ERR,ERR,ERR,ERR,ERR,ERR,ERR,ERR,ERR,ERR,ERR,ERR,ERR,ERR,ERR,ERR,ERR,ERR,ERR,ERR,ERR,ERR,ERR,ERR,ERR,ERR,ERR,ERR,ERR,ERR,ERR,ERR,ERR,ERR,ERR,ERR,ERR,ERR,ERR,ERR,ERR,ERR,ERR,ERR,ERR,ERR,ERR,ERR,ERR,ERR,ERR,ERR,ERR,-107615240.0,0.0,-117832800.0,0.0,0.0,0.0,0.0,nan,0,0,0,32768,0,0.0,0,0.0,0.0,0.0,0.0,0.0,0,0,0,0,0.0,0,0,0,0,0,0,0,0,0,0,0,0,0,0,0,0,0,0,0,0,0,0,0,0,0,0,0,0,0,0,0,0,0,0,0,0,0,0,0,0,0,0,0,0,0.0,0.0,0.0,0.0,0.0,0.0,0.0,0.0,0.0,0.0,0.0,0.0,0.0,0.0,0.0,0.0,0.0,0.0,0.0,0.0,0.0,0.0,2.004,-0.0,0.0,-2.004,0.0,0.0,0.0,0.0,3356.0,-0.0,0.0,-107615240.0,0.0,-107615232.0,-0.0,0.0,0.0,0.0,0.0,0,0.0,0.0,0.0,0.0,0.0,0.0,0.0,0.0,0.0,0,0,0,0.0,0.0,0.0,0.0,0.0,0.0,0.0,0.0,0.0,0.0,0.0,0.0,0.0,0.0,0.0,0.0,0,-107875648.0,0,0.0,0,-107875648.0,0.0,0,39322,17038,52429,17052,13107,17037,0,0,0,110,100,100,0.0,64.0,0.0,64.8,-0.0,68.5,1,49,50,180,0,13107,0,0,0.0,0.0,0.0,0.0,2099331456.0,65.5,0.0,0.0,0.0,645,0,686,0,0,0,713,0,785,0,706,0,688,0,646,0,640,0,619,0.032,36700160.0,-2.004,-0.0,34448,16789,0.017,0.0,0.031,7.893042826340965e+30,-0.0,-0.0,29.0,60.0,70,0.0,0.0,0.0,0.0,0.0,0.0,0.0,0.0,0.0,0.0,0.0,0.0,0.0,0.0,0.0,0.0,59.2,68,12,65509,41,65476,0,300,0,0,8,20529,65476,0,0,61604,60.0,0.0,0.0,0.0,0.0,0.0
2026-04-04T11:51:18,ERR,ERR,ERR,ERR,ERR,ERR,ERR,ERR,ERR,ERR,ERR,ERR,ERR,ERR,ERR,ERR,ERR,ERR,ERR,ERR,ERR,ERR,ERR,ERR,ERR,ERR,ERR,ERR,ERR,ERR,ERR,ERR,ERR,ERR,ERR,ERR,ERR,ERR,ERR,ERR,ERR,ERR,ERR,ERR,ERR,ERR,ERR,ERR,ERR,ERR,ERR,ERR,ERR,ERR,ERR,ERR,ERR,ERR,ERR,ERR,ERR,ERR,ERR,ERR,ERR,ERR,ERR,ERR,ERR,ERR,ERR,ERR,ERR,ERR,ERR,ERR,ERR,ERR,ERR,ERR,ERR,ERR,ERR,ERR,ERR,ERR,ERR,ERR,ERR,ERR,ERR,ERR,ERR,ERR,ERR,ERR,ERR,ERR,ERR,ERR,ERR,ERR,ERR,ERR,ERR,ERR,ERR,ERR,ERR,ERR,ERR,ERR,ERR,ERR,ERR,ERR,ERR,ERR,ERR,ERR,ERR,ERR,ERR,ERR,ERR,-107615240.0,0.0,-117832800.0,0.0,0.0,0.0,0.0,nan,0,0,0,32768,0,0.0,0,0.0,0.0,0.0,0.0,0.0,0,0,0,0,0.0,0,0,0,0,0,0,0,0,0,0,0,0,0,0,0,0,0,0,0,0,0,0,0,0,0,0,0,0,0,0,0,0,0,0,0,0,0,0,0,0,0,0,0,0,0.0,0.0,0.0,0.0,0.0,0.0,0.0,0.0,0.0,0.0,0.0,0.0,0.0,0.0,0.0,0.0,0.0,0.0,0.0,0.0,0.0,0.0,2.004,-0.0,0.0,-2.004,0.0,0.0,0.0,0.0,3356.0,-0.0,0.0,-107615240.0,0.0,-107615232.0,-0.0,0.0,0.0,0.0,0.0,0,0.0,0.0,0.0,0.0,0.0,0.0,0.0,0.0,0.0,0,0,0,0.0,0.0,0.0,0.0,0.0,0.0,0.0,0.0,0.0,0.0,0.0,0.0,0.0,0.0,0.0,0.0,0,-107875648.0,0,0.0,0,-107875648.0,0.0,0,39322,17038,52429,17052,13107,17037,0,0,0,110,100,100,0.0,64.0,0.0,64.8,-0.0,68.5,1,49,50,180,0,13107,0,0,0.0,0.0,0.0,0.0,2099331456.0,65.5,0.0,0.0,0.0,645,0,686,0,0,0,713,0,785,0,706,0,688,0,646,0,640,0,619,0.032,36700160.0,-2.004,-0.0,34448,16789,0.017,0.0,0.031,7.893042826340965e+30,-0.0,-0.0,29.0,60.0,70,0.0,0.0,0.0,0.0,0.0,0.0,0.0,0.0,0.0,0.0,0.0,0.0,0.0,0.0,0.0,0.0,59.2,68,12,65509,41,65476,0,300,0,0,8,20529,65476,0,0,61604,60.0,0.0,0.0,0.0,0.0,0.0
2026-04-04T11:51:19,ERR,ERR,ERR,ERR,ERR,ERR,ERR,ERR,ERR,ERR,ERR,ERR,ERR,ERR,ERR,ERR,ERR,ERR,ERR,ERR,ERR,ERR,ERR,ERR,ERR,ERR,ERR,ERR,ERR,ERR,ERR,ERR,ERR,ERR,ERR,ERR,ERR,ERR,ERR,ERR,ERR,ERR,ERR,ERR,ERR,ERR,ERR,ERR,ERR,ERR,ERR,ERR,ERR,ERR,ERR,ERR,ERR,ERR,ERR,ERR,ERR,ERR,ERR,ERR,ERR,ERR,ERR,ERR,ERR,ERR,ERR,ERR,ERR,ERR,ERR,ERR,ERR,ERR,ERR,ERR,ERR,ERR,ERR,ERR,ERR,ERR,ERR,ERR,ERR,ERR,ERR,ERR,ERR,ERR,ERR,ERR,ERR,ERR,ERR,ERR,ERR,ERR,ERR,ERR,ERR,ERR,ERR,ERR,ERR,ERR,ERR,ERR,ERR,ERR,ERR,ERR,ERR,ERR,ERR,ERR,ERR,ERR,ERR,ERR,ERR,-107615240.0,0.0,-117832800.0,0.0,0.0,0.0,0.0,nan,0,0,0,32768,0,0.0,0,0.0,0.0,0.0,0.0,0.0,0,0,0,0,0.0,0,0,0,0,0,0,0,0,0,0,0,0,0,0,0,0,0,0,0,0,0,0,0,0,0,0,0,0,0,0,0,0,0,0,0,0,0,0,0,0,0,0,0,0,0.0,0.0,0.0,0.0,0.0,0.0,0.0,0.0,0.0,0.0,0.0,0.0,0.0,0.0,0.0,0.0,0.0,0.0,0.0,0.0,0.0,0.0,2.004,-0.0,0.0,-2.004,0.0,0.0,0.0,0.0,3356.0,-0.0,0.0,-107615240.0,0.0,-107615232.0,-0.0,0.0,0.0,0.0,0.0,0,0.0,0.0,0.0,0.0,0.0,0.0,0.0,0.0,0.0,0,0,0,0.0,0.0,0.0,0.0,0.0,0.0,0.0,0.0,0.0,0.0,0.0,0.0,0.0,0.0,0.0,0.0,0,-107875648.0,0,0.0,0,-107875648.0,0.0,0,39322,17038,52429,17052,13107,17037,0,0,0,110,100,100,0.0,64.0,0.0,64.8,-0.0,68.5,1,49,50,180,0,13107,0,0,0.0,0.0,0.0,0.0,2099331456.0,65.5,0.0,0.0,0.0,645,0,686,0,0,0,713,0,785,0,706,0,688,0,646,0,640,0,619,0.032,36700160.0,-2.004,-0.0,34448,16789,0.017,0.0,0.031,7.893042826340965e+30,-0.0,-0.0,29.0,60.0,70,0.0,0.0,0.0,0.0,0.0,0.0,0.0,0.0,0.0,0.0,0.0,0.0,0.0,0.0,0.0,0.0,59.2,68,12,65509,41,65476,0,300,0,0,8,20529,65476,0,0,61604,60.0,0.0,0.0,0.0,0.0,0.0
2026-04-04T11:51:20,ERR,ERR,ERR,ERR,ERR,ERR,ERR,ERR,ERR,ERR,ERR,ERR,ERR,ERR,ERR,ERR,ERR,ERR,ERR,ERR,ERR,ERR,ERR,ERR,ERR,ERR,ERR,ERR,ERR,ERR,ERR,ERR,ERR,ERR,ERR,ERR,ERR,ERR,ERR,ERR,ERR,ERR,ERR,ERR,ERR,ERR,ERR,ERR,ERR,ERR,ERR,ERR,ERR,ERR,ERR,ERR,ERR,ERR,ERR,ERR,ERR,ERR,ERR,ERR,ERR,ERR,ERR,ERR,ERR,ERR,ERR,ERR,ERR,ERR,ERR,ERR,ERR,ERR,ERR,ERR,ERR,ERR,ERR,ERR,ERR,ERR,ERR,ERR,ERR,ERR,ERR,ERR,ERR,ERR,ERR,ERR,ERR,ERR,ERR,ERR,ERR,ERR,ERR,ERR,ERR,ERR,ERR,ERR,ERR,ERR,ERR,ERR,ERR,ERR,ERR,ERR,ERR,ERR,ERR,ERR,ERR,ERR,ERR,ERR,ERR,-107615240.0,0.0,-117832800.0,0.0,0.0,0.0,0.0,nan,0,0,0,32768,0,0.0,0,0.0,0.0,0.0,0.0,0.0,0,0,0,0,0.0,0,0,0,0,0,0,0,0,0,0,0,0,0,0,0,0,0,0,0,0,0,0,0,0,0,0,0,0,0,0,0,0,0,0,0,0,0,0,0,0,0,0,0,0,0.0,0.0,0.0,0.0,0.0,0.0,0.0,0.0,0.0,0.0,0.0,0.0,0.0,0.0,0.0,0.0,0.0,0.0,0.0,0.0,0.0,0.0,2.004,-0.0,0.0,-2.004,0.0,0.0,0.0,0.0,3356.0,-0.0,0.0,-107615240.0,0.0,-107615232.0,-0.0,0.0,0.0,0.0,0.0,0,0.0,0.0,0.0,0.0,0.0,0.0,0.0,0.0,0.0,0,0,0,0.0,0.0,0.0,0.0,0.0,0.0,0.0,0.0,0.0,0.0,0.0,0.0,0.0,0.0,0.0,0.0,0,-107875648.0,0,0.0,0,-107875648.0,0.0,0,39322,17038,0,17053,13107,17037,0,0,0,110,100,100,0.0,64.0,0.0,64.8,-0.0,68.5,1,49,50,180,0,13107,0,0,0.0,0.0,0.0,0.0,0.0,65.5,0.0,0.0,0.0,645,0,686,0,0,0,713,0,785,0,706,0,688,0,645,0,640,0,619,0.032,36700160.0,-2.004,-0.0,39440,16789,0.044,0.0,25461052.0,0.0,-0.0,-0.099,29.0,60.0,70,0.0,0.0,0.0,0.0,0.0,0.0,0.0,0.0,0.0,0.0,0.0,0.0,0.0,0.0,0.0,0.0,59.2,68,12,65509,41,65476,0,300,0,0,8,20529,65476,0,0,61604,60.0,0.0,0.0,0.0,0.0,0.0
2026-04-04T11:51:21,ERR,ERR,ERR,ERR,ERR,ERR,ERR,ERR,ERR,ERR,ERR,ERR,ERR,ERR,ERR,ERR,ERR,ERR,ERR,ERR,ERR,ERR,ERR,ERR,ERR,ERR,ERR,ERR,ERR,ERR,ERR,ERR,ERR,ERR,ERR,ERR,ERR,ERR,ERR,ERR,ERR,ERR,ERR,ERR,ERR,ERR,ERR,ERR,ERR,ERR,ERR,ERR,ERR,ERR,ERR,ERR,ERR,ERR,ERR,ERR,ERR,ERR,ERR,ERR,ERR,ERR,ERR,ERR,ERR,ERR,ERR,ERR,ERR,ERR,ERR,ERR,ERR,ERR,ERR,ERR,ERR,ERR,ERR,ERR,ERR,ERR,ERR,ERR,ERR,ERR,ERR,ERR,ERR,ERR,ERR,ERR,ERR,ERR,ERR,ERR,ERR,ERR,ERR,ERR,ERR,ERR,ERR,ERR,ERR,ERR,ERR,ERR,ERR,ERR,ERR,ERR,ERR,ERR,ERR,ERR,ERR,ERR,ERR,ERR,ERR,-107615240.0,0.0,-117832800.0,0.0,0.0,0.0,0.0,nan,0,0,0,32768,0,0.0,0,0.0,0.0,0.0,0.0,0.0,0,0,0,0,0.0,0,0,0,0,0,0,0,0,0,0,0,0,0,0,0,0,0,0,0,0,0,0,0,0,0,0,0,0,0,0,0,0,0,0,0,0,0,0,0,0,0,0,0,0,0.0,0.0,0.0,0.0,0.0,0.0,0.0,0.0,0.0,0.0,0.0,0.0,0.0,0.0,0.0,0.0,0.0,0.0,0.0,0.0,0.0,0.0,2.004,-0.0,0.0,-2.004,0.0,0.0,0.0,0.0,3356.0,-0.0,0.0,-107615240.0,0.0,-107615232.0,-0.0,0.0,0.0,0.0,0.0,0,0.0,0.0,0.0,0.0,0.0,0.0,0.0,0.0,0.0,0,0,0,0.0,0.0,0.0,0.0,0.0,0.0,0.0,0.0,0.0,0.0,0.0,0.0,0.0,0.0,0.0,0.0,0,-107875648.0,0,0.0,0,-107875648.0,0.0,0,39322,17038,0,17053,13107,17037,0,0,0,110,100,100,0.0,64.0,0.0,64.8,-0.0,68.5,1,49,50,180,0,13107,0,0,0.0,0.0,0.0,0.0,0.0,65.5,0.0,0.0,0.0,645,0,686,0,0,0,713,0,785,0,706,0,688,0,645,0,640,0,619,0.032,36700160.0,-2.004,-0.0,39440,16789,0.044,0.0,25461052.0,0.0,-0.0,-0.099,29.0,60.0,70,0.0,0.0,0.0,0.0,0.0,0.0,0.0,0.0,0.0,0.0,0.0,0.0,0.0,0.0,0.0,0.0,59.2,68,12,65509,41,65476,0,300,0,0,8,20529,65476,0,0,61604,60.0,0.0,0.0,0.0,0.0,0.0
2026-04-04T11:51:22,ERR,ERR,ERR,ERR,ERR,ERR,ERR,ERR,ERR,ERR,ERR,ERR,ERR,ERR,ERR,ERR,ERR,ERR,ERR,ERR,ERR,ERR,ERR,ERR,ERR,ERR,ERR,ERR,ERR,ERR,ERR,ERR,ERR,ERR,ERR,ERR,ERR,ERR,ERR,ERR,ERR,ERR,ERR,ERR,ERR,ERR,ERR,ERR,ERR,ERR,ERR,ERR,ERR,ERR,ERR,ERR,ERR,ERR,ERR,ERR,ERR,ERR,ERR,ERR,ERR,ERR,ERR,ERR,ERR,ERR,ERR,ERR,ERR,ERR,ERR,ERR,ERR,ERR,ERR,ERR,ERR,ERR,ERR,ERR,ERR,ERR,ERR,ERR,ERR,ERR,ERR,ERR,ERR,ERR,ERR,ERR,ERR,ERR,ERR,ERR,ERR,ERR,ERR,ERR,ERR,ERR,ERR,ERR,ERR,ERR,ERR,ERR,ERR,ERR,ERR,ERR,ERR,ERR,ERR,ERR,ERR,ERR,ERR,ERR,ERR,-107615240.0,0.0,-117832800.0,0.0,0.0,0.0,0.0,nan,0,0,0,32768,0,0.0,0,0.0,0.0,0.0,0.0,0.0,0,0,0,0,0.0,0,0,0,0,0,0,0,0,0,0,0,0,0,0,0,0,0,0,0,0,0,0,0,0,0,0,0,0,0,0,0,0,0,0,0,0,0,0,0,0,0,0,0,0,0.0,0.0,0.0,0.0,0.0,0.0,0.0,0.0,0.0,0.0,0.0,0.0,0.0,0.0,0.0,0.0,0.0,0.0,0.0,0.0,0.0,0.0,2.004,-0.0,0.0,-2.004,0.0,0.0,0.0,0.0,3356.0,-0.0,0.0,-107615240.0,0.0,-107615232.0,-0.0,0.0,0.0,0.0,0.0,0,0.0,0.0,0.0,0.0,0.0,0.0,0.0,0.0,0.0,0,0,0,0.0,0.0,0.0,0.0,0.0,0.0,0.0,0.0,0.0,0.0,0.0,0.0,0.0,0.0,0.0,0.0,0,-107875648.0,0,0.0,0,-107875648.0,0.0,0,39322,17038,0,17053,13107,17037,0,0,0,110,100,100,0.0,64.0,0.0,64.8,-0.0,68.5,1,49,50,180,0,13107,0,0,0.0,0.0,0.0,0.0,0.0,65.5,0.0,0.0,0.0,645,0,686,0,0,0,713,0,785,0,706,0,688,0,645,0,640,0,619,0.032,36700160.0,-2.004,-0.0,39440,16789,0.044,0.0,25461052.0,0.0,-0.0,-0.099,29.0,60.0,70,0.0,0.0,0.0,0.0,0.0,0.0,0.0,0.0,0.0,0.0,0.0,0.0,0.0,0.0,0.0,0.0,59.2,68,12,65509,41,65476,0,300,0,0,8,20529,65476,0,0,61604,60.0,0.0,0.0,0.0,0.0,0.0
2026-04-04T11:51:23,ERR,ERR,ERR,ERR,ERR,ERR,ERR,ERR,ERR,ERR,ERR,ERR,ERR,ERR,ERR,ERR,ERR,ERR,ERR,ERR,ERR,ERR,ERR,ERR,ERR,ERR,ERR,ERR,ERR,ERR,ERR,ERR,ERR,ERR,ERR,ERR,ERR,ERR,ERR,ERR,ERR,ERR,ERR,ERR,ERR,ERR,ERR,ERR,ERR,ERR,ERR,ERR,ERR,ERR,ERR,ERR,ERR,ERR,ERR,ERR,ERR,ERR,ERR,ERR,ERR,ERR,ERR,ERR,ERR,ERR,ERR,ERR,ERR,ERR,ERR,ERR,ERR,ERR,ERR,ERR,ERR,ERR,ERR,ERR,ERR,ERR,ERR,ERR,ERR,ERR,ERR,ERR,ERR,ERR,ERR,ERR,ERR,ERR,ERR,ERR,ERR,ERR,ERR,ERR,ERR,ERR,ERR,ERR,ERR,ERR,ERR,ERR,ERR,ERR,ERR,ERR,ERR,ERR,ERR,ERR,ERR,ERR,ERR,ERR,ERR,-107615240.0,0.0,-117832800.0,0.0,0.0,0.0,0.0,nan,0,0,0,32768,0,0.0,0,0.0,0.0,0.0,0.0,0.0,0,0,0,0,0.0,0,0,0,0,0,0,0,0,0,0,0,0,0,0,0,0,0,0,0,0,0,0,0,0,0,0,0,0,0,0,0,0,0,0,0,0,0,0,0,0,0,0,0,0,0.0,0.0,0.0,0.0,0.0,0.0,0.0,0.0,0.0,0.0,0.0,0.0,0.0,0.0,0.0,0.0,0.0,0.0,0.0,0.0,0.0,0.0,2.004,-0.0,0.0,-2.004,0.0,0.0,0.0,0.0,3356.0,-0.0,0.0,-107615240.0,0.0,-107615232.0,-0.0,0.0,0.0,0.0,0.0,0,0.0,0.0,0.0,0.0,0.0,0.0,0.0,0.0,0.0,0,0,0,0.0,0.0,0.0,0.0,0.0,0.0,0.0,0.0,0.0,0.0,0.0,0.0,0.0,0.0,0.0,0.0,0,-107875648.0,0,0.0,0,-107875648.0,0.0,0,39322,17038,0,17053,13107,17037,0,0,0,110,100,100,0.0,64.0,0.0,64.8,-0.0,68.5,1,49,50,180,0,13107,0,0,0.0,0.0,0.0,0.0,0.0,65.5,0.0,0.0,0.0,645,0,686,0,0,0,713,0,785,0,706,0,688,0,645,0,640,0,619,0.032,36700160.0,-2.004,-0.0,39440,16789,0.044,0.0,25461052.0,0.0,-0.0,-0.099,29.0,60.0,70,0.0,0.0,0.0,0.0,0.0,0.0,0.0,0.0,0.0,0.0,0.0,0.0,0.0,0.0,0.0,0.0,59.2,68,12,65509,41,65476,0,300,0,0,8,20529,65476,0,0,61604,60.0,0.0,0.0,0.0,0.0,0.0
2026-04-04T11:51:24,ERR,ERR,ERR,ERR,ERR,ERR,ERR,ERR,ERR,ERR,ERR,ERR,ERR,ERR,ERR,ERR,ERR,ERR,ERR,ERR,ERR,ERR,ERR,ERR,ERR,ERR,ERR,ERR,ERR,ERR,ERR,ERR,ERR,ERR,ERR,ERR,ERR,ERR,ERR,ERR,ERR,ERR,ERR,ERR,ERR,ERR,ERR,ERR,ERR,ERR,ERR,ERR,ERR,ERR,ERR,ERR,ERR,ERR,ERR,ERR,ERR,ERR,ERR,ERR,ERR,ERR,ERR,ERR,ERR,ERR,ERR,ERR,ERR,ERR,ERR,ERR,ERR,ERR,ERR,ERR,ERR,ERR,ERR,ERR,ERR,ERR,ERR,ERR,ERR,ERR,ERR,ERR,ERR,ERR,ERR,ERR,ERR,ERR,ERR,ERR,ERR,ERR,ERR,ERR,ERR,ERR,ERR,ERR,ERR,ERR,ERR,ERR,ERR,ERR,ERR,ERR,ERR,ERR,ERR,ERR,ERR,ERR,ERR,ERR,ERR,-107615240.0,0.0,-117832800.0,0.0,0.0,0.0,0.0,nan,0,0,0,32768,0,0.0,0,0.0,0.0,0.0,0.0,0.0,0,0,0,0,0.0,0,0,0,0,0,0,0,0,0,0,0,0,0,0,0,0,0,0,0,0,0,0,0,0,0,0,0,0,0,0,0,0,0,0,0,0,0,0,0,0,0,0,0,0,0.0,0.0,0.0,0.0,0.0,0.0,0.0,0.0,0.0,0.0,0.0,0.0,0.0,0.0,0.0,0.0,0.0,0.0,0.0,0.0,0.0,0.0,2.004,-0.0,0.0,-2.004,0.0,0.0,0.0,0.0,3356.0,-0.0,0.0,-107615240.0,0.0,-107615232.0,-0.0,0.0,0.0,0.0,0.0,0,0.0,0.0,0.0,0.0,0.0,0.0,0.0,0.0,0.0,0,0,0,0.0,0.0,0.0,0.0,0.0,0.0,0.0,0.0,0.0,0.0,0.0,0.0,0.0,0.0,0.0,0.0,0,-107875648.0,0,0.0,0,-107875648.0,0.0,0,39322,17038,0,17053,13107,17037,0,0,0,110,100,100,0.0,64.0,0.0,64.8,-0.0,68.5,1,49,50,180,0,13107,0,0,0.0,0.0,0.0,0.0,0.0,65.5,0.0,0.0,0.0,645,0,686,0,0,0,713,0,785,0,706,0,688,0,645,0,640,0,619,0.032,36700160.0,-2.004,-0.0,39440,16789,0.044,0.0,25461052.0,0.0,-0.0,-0.099,29.0,60.0,70,0.0,0.0,0.0,0.0,0.0,0.0,0.0,0.0,0.0,0.0,0.0,0.0,0.0,0.0,0.0,0.0,59.2,68,12,65509,41,65476,0,300,0,0,8,20529,65476,0,0,61604,60.0,0.0,0.0,0.0,0.0,0.0
2026-04-04T11:51:25,ERR,ERR,ERR,ERR,ERR,ERR,ERR,ERR,ERR,ERR,ERR,ERR,ERR,ERR,ERR,ERR,ERR,ERR,ERR,ERR,ERR,ERR,ERR,ERR,ERR,ERR,ERR,ERR,ERR,ERR,ERR,ERR,ERR,ERR,ERR,ERR,ERR,ERR,ERR,ERR,ERR,ERR,ERR,ERR,ERR,ERR,ERR,ERR,ERR,ERR,ERR,ERR,ERR,ERR,ERR,ERR,ERR,ERR,ERR,ERR,ERR,ERR,ERR,ERR,ERR,ERR,ERR,ERR,ERR,ERR,ERR,ERR,ERR,ERR,ERR,ERR,ERR,ERR,ERR,ERR,ERR,ERR,ERR,ERR,ERR,ERR,ERR,ERR,ERR,ERR,ERR,ERR,ERR,ERR,ERR,ERR,ERR,ERR,ERR,ERR,ERR,ERR,ERR,ERR,ERR,ERR,ERR,ERR,ERR,ERR,ERR,ERR,ERR,ERR,ERR,ERR,ERR,ERR,ERR,ERR,ERR,ERR,ERR,ERR,ERR,-107615240.0,0.0,-117832800.0,0.0,0.0,0.0,0.0,nan,0,0,0,32768,0,0.0,0,0.0,0.0,0.0,0.0,0.0,0,0,0,0,0.0,0,0,0,0,0,0,0,0,0,0,0,0,0,0,0,0,0,0,0,0,0,0,0,0,0,0,0,0,0,0,0,0,0,0,0,0,0,0,0,0,0,0,0,0,0.0,0.0,0.0,0.0,0.0,0.0,0.0,0.0,0.0,0.0,0.0,0.0,0.0,0.0,0.0,0.0,0.0,0.0,0.0,0.0,0.0,0.0,2.004,-0.0,0.0,-2.004,0.0,0.0,0.0,0.0,3355.5,-0.0,0.0,-107615240.0,0.0,-0.0,-0.0,0.0,0.0,0.0,0.0,0,0.0,0.0,0.0,0.0,0.0,0.0,0.0,0.0,0.0,0,0,0,0.0,0.0,0.0,0.0,0.0,0.0,0.0,0.0,0.0,0.0,0.0,0.0,0.0,0.0,0.0,0.0,0,-107875648.0,0,0.0,0,-107875648.0,0.0,0,39322,17038,0,17053,13107,17037,0,0,0,110,100,100,0.0,64.0,0.0,64.8,-0.0,68.5,1,49,50,180,0,13107,0,0,0.0,0.0,0.0,0.0,0.0,65.5,0.0,0.0,0.0,645,0,686,0,0,0,713,0,785,0,706,0,688,0,645,0,640,0,619,0.032,36700160.0,-2.004,-0.0,39440,16789,0.044,0.0,25461052.0,0.0,-0.0,-0.099,29.0,60.0,70,0.0,0.0,0.0,0.0,0.0,0.0,0.0,0.0,0.0,0.0,0.0,0.0,0.0,0.0,0.0,0.0,59.2,68,12,65509,41,65476,0,300,0,0,8,20529,65476,0,0,61604,60.0,0.0,0.0,0.0,0.0,0.0
2026-04-04T11:51:26,ERR,ERR,ERR,ERR,ERR,ERR,ERR,ERR,ERR,ERR,ERR,ERR,ERR,ERR,ERR,ERR,ERR,ERR,ERR,ERR,ERR,ERR,ERR,ERR,ERR,ERR,ERR,ERR,ERR,ERR,ERR,ERR,ERR,ERR,ERR,ERR,ERR,ERR,ERR,ERR,ERR,ERR,ERR,ERR,ERR,ERR,ERR,ERR,ERR,ERR,ERR,ERR,ERR,ERR,ERR,ERR,ERR,ERR,ERR,ERR,ERR,ERR,ERR,ERR,ERR,ERR,ERR,ERR,ERR,ERR,ERR,ERR,ERR,ERR,ERR,ERR,ERR,ERR,ERR,ERR,ERR,ERR,ERR,ERR,ERR,ERR,ERR,ERR,ERR,ERR,ERR,ERR,ERR,ERR,ERR,ERR,ERR,ERR,ERR,ERR,ERR,ERR,ERR,ERR,ERR,ERR,ERR,ERR,ERR,ERR,ERR,ERR,ERR,ERR,ERR,ERR,ERR,ERR,ERR,ERR,ERR,ERR,ERR,ERR,ERR,-107615240.0,0.0,-117832800.0,0.0,0.0,0.0,0.0,nan,0,0,0,32768,0,0.0,0,0.0,0.0,0.0,0.0,0.0,0,0,0,0,0.0,0,0,0,0,0,0,0,0,0,0,0,0,0,0,0,0,0,0,0,0,0,0,0,0,0,0,0,0,0,0,0,0,0,0,0,0,0,0,0,0,0,0,0,0,0.0,0.0,0.0,0.0,0.0,0.0,0.0,0.0,0.0,0.0,0.0,0.0,0.0,0.0,0.0,0.0,0.0,0.0,0.0,0.0,0.0,0.0,2.004,-0.0,0.0,-2.004,0.0,0.0,0.0,0.0,3355.5,-0.0,0.0,-107615240.0,0.0,-0.0,-0.0,0.0,0.0,0.0,0.0,0,0.0,0.0,0.0,0.0,0.0,0.0,0.0,0.0,0.0,0,0,0,0.0,0.0,0.0,0.0,0.0,0.0,0.0,0.0,0.0,0.0,0.0,0.0,0.0,0.0,0.0,0.0,0,-107875648.0,0,0.0,0,-107875648.0,0.0,0,39322,17038,0,17053,13107,17037,0,0,0,110,100,100,0.0,64.1,0.0,64.8,-0.0,68.5,1,49,50,180,0,13107,0,0,0.0,0.0,0.0,0.0,1282.078,65.5,0.0,0.0,0.0,645,0,686,0,0,0,713,0,785,0,706,0,688,0,645,0,640,0,619,0.032,36962304.0,-2.004,-0.0,26000,16789,0.0,-9.178461741306875e+27,0.0,0.0,-0.0,-0.0,29.0,60.0,70,0.0,0.0,0.0,0.0,0.0,0.0,0.0,0.0,0.0,0.0,0.0,0.0,0.0,0.0,0.0,0.0,59.2,68,12,65509,41,65476,0,300,0,0,8,20529,65476,0,0,61604,60.0,0.0,0.0,0.0,0.0,0.0
2026-04-04T11:51:27,ERR,ERR,ERR,ERR,ERR,ERR,ERR,ERR,ERR,ERR,ERR,ERR,ERR,ERR,ERR,ERR,ERR,ERR,ERR,ERR,ERR,ERR,ERR,ERR,ERR,ERR,ERR,ERR,ERR,ERR,ERR,ERR,ERR,ERR,ERR,ERR,ERR,ERR,ERR,ERR,ERR,ERR,ERR,ERR,ERR,ERR,ERR,ERR,ERR,ERR,ERR,ERR,ERR,ERR,ERR,ERR,ERR,ERR,ERR,ERR,ERR,ERR,ERR,ERR,ERR,ERR,ERR,ERR,ERR,ERR,ERR,ERR,ERR,ERR,ERR,ERR,ERR,ERR,ERR,ERR,ERR,ERR,ERR,ERR,ERR,ERR,ERR,ERR,ERR,ERR,ERR,ERR,ERR,ERR,ERR,ERR,ERR,ERR,ERR,ERR,ERR,ERR,ERR,ERR,ERR,ERR,ERR,ERR,ERR,ERR,ERR,ERR,ERR,ERR,ERR,ERR,ERR,ERR,ERR,ERR,ERR,ERR,ERR,ERR,ERR,-107615240.0,0.0,-117832800.0,0.0,0.0,0.0,0.0,nan,0,0,0,32768,0,0.0,0,0.0,0.0,0.0,0.0,0.0,0,0,0,0,0.0,0,0,0,0,0,0,0,0,0,0,0,0,0,0,0,0,0,0,0,0,0,0,0,0,0,0,0,0,0,0,0,0,0,0,0,0,0,0,0,0,0,0,0,0,0.0,0.0,0.0,0.0,0.0,0.0,0.0,0.0,0.0,0.0,0.0,0.0,0.0,0.0,0.0,0.0,0.0,0.0,0.0,0.0,0.0,0.0,2.004,-0.0,0.0,-2.004,0.0,0.0,0.0,0.0,3355.5,-0.0,0.0,-107615240.0,0.0,-0.0,-0.0,0.0,0.0,0.0,0.0,0,0.0,0.0,0.0,0.0,0.0,0.0,0.0,0.0,0.0,0,0,0,0.0,0.0,0.0,0.0,0.0,0.0,0.0,0.0,0.0,0.0,0.0,0.0,0.0,0.0,0.0,0.0,0,-107875648.0,0,0.0,0,-107875648.0,0.0,0,39322,17038,0,17053,13107,17037,0,0,0,110,100,100,0.0,64.1,0.0,64.8,-0.0,68.5,1,49,50,180,0,13107,0,0,0.0,0.0,0.0,0.0,1282.078,65.5,0.0,0.0,0.0,645,0,686,0,0,0,713,0,785,0,706,0,688,0,645,0,640,0,619,0.032,36962304.0,-2.004,-0.0,26000,16789,0.0,-9.178461741306875e+27,0.0,0.0,-0.0,-0.0,29.0,60.0,70,0.0,0.0,0.0,0.0,0.0,0.0,0.0,0.0,0.0,0.0,0.0,0.0,0.0,0.0,0.0,0.0,59.2,68,12,65509,41,65476,0,300,0,0,8,20529,65476,0,0,61604,60.0,0.0,0.0,0.0,0.0,0.0
2026-04-04T11:51:28,ERR,ERR,ERR,ERR,ERR,ERR,ERR,ERR,ERR,ERR,ERR,ERR,ERR,ERR,ERR,ERR,ERR,ERR,ERR,ERR,ERR,ERR,ERR,ERR,ERR,ERR,ERR,ERR,ERR,ERR,ERR,ERR,ERR,ERR,ERR,ERR,ERR,ERR,ERR,ERR,ERR,ERR,ERR,ERR,ERR,ERR,ERR,ERR,ERR,ERR,ERR,ERR,ERR,ERR,ERR,ERR,ERR,ERR,ERR,ERR,ERR,ERR,ERR,ERR,ERR,ERR,ERR,ERR,ERR,ERR,ERR,ERR,ERR,ERR,ERR,ERR,ERR,ERR,ERR,ERR,ERR,ERR,ERR,ERR,ERR,ERR,ERR,ERR,ERR,ERR,ERR,ERR,ERR,ERR,ERR,ERR,ERR,ERR,ERR,ERR,ERR,ERR,ERR,ERR,ERR,ERR,ERR,ERR,ERR,ERR,ERR,ERR,ERR,ERR,ERR,ERR,ERR,ERR,ERR,ERR,ERR,ERR,ERR,ERR,ERR,-107615240.0,0.0,-117832800.0,0.0,0.0,0.0,0.0,nan,0,0,0,32768,0,0.0,0,0.0,0.0,0.0,0.0,0.0,0,0,0,0,0.0,0,0,0,0,0,0,0,0,0,0,0,0,0,0,0,0,0,0,0,0,0,0,0,0,0,0,0,0,0,0,0,0,0,0,0,0,0,0,0,0,0,0,0,0,0.0,0.0,0.0,0.0,0.0,0.0,0.0,0.0,0.0,0.0,0.0,0.0,0.0,0.0,0.0,0.0,0.0,0.0,0.0,0.0,0.0,0.0,2.004,-0.0,0.0,-2.004,0.0,0.0,0.0,0.0,3355.5,-0.0,0.0,-107615240.0,0.0,-0.0,-0.0,0.0,0.0,0.0,0.0,0,0.0,0.0,0.0,0.0,0.0,0.0,0.0,0.0,0.0,0,0,0,0.0,0.0,0.0,0.0,0.0,0.0,0.0,0.0,0.0,0.0,0.0,0.0,0.0,0.0,0.0,0.0,0,-107875648.0,0,0.0,0,-107875648.0,0.0,0,39322,17038,0,17053,13107,17037,0,0,0,110,100,100,0.0,64.1,0.0,64.8,-0.0,68.5,1,49,50,180,0,13107,0,0,0.0,0.0,0.0,0.0,1282.078,65.5,0.0,0.0,0.0,645,0,686,0,0,0,713,0,785,0,706,0,688,0,645,0,640,0,619,0.032,36962304.0,-2.004,-0.0,26000,16789,0.0,-9.178461741306875e+27,0.0,0.0,-0.0,-0.0,29.0,60.0,70,0.0,0.0,0.0,0.0,0.0,0.0,0.0,0.0,0.0,0.0,0.0,0.0,0.0,0.0,0.0,0.0,59.2,68,12,65509,41,65476,0,300,0,0,8,20529,65476,0,0,61604,60.0,0.0,0.0,0.0,0.0,0.0
2026-04-04T11:51:29,ERR,ERR,ERR,ERR,ERR,ERR,ERR,ERR,ERR,ERR,ERR,ERR,ERR,ERR,ERR,ERR,ERR,ERR,ERR,ERR,ERR,ERR,ERR,ERR,ERR,ERR,ERR,ERR,ERR,ERR,ERR,ERR,ERR,ERR,ERR,ERR,ERR,ERR,ERR,ERR,ERR,ERR,ERR,ERR,ERR,ERR,ERR,ERR,ERR,ERR,ERR,ERR,ERR,ERR,ERR,ERR,ERR,ERR,ERR,ERR,ERR,ERR,ERR,ERR,ERR,ERR,ERR,ERR,ERR,ERR,ERR,ERR,ERR,ERR,ERR,ERR,ERR,ERR,ERR,ERR,ERR,ERR,ERR,ERR,ERR,ERR,ERR,ERR,ERR,ERR,ERR,ERR,ERR,ERR,ERR,ERR,ERR,ERR,ERR,ERR,ERR,ERR,ERR,ERR,ERR,ERR,ERR,ERR,ERR,ERR,ERR,ERR,ERR,ERR,ERR,ERR,ERR,ERR,ERR,ERR,ERR,ERR,ERR,ERR,ERR,-107615240.0,0.0,-117832800.0,0.0,0.0,0.0,0.0,nan,0,0,0,32768,0,0.0,0,0.0,0.0,0.0,0.0,0.0,0,0,0,0,0.0,0,0,0,0,0,0,0,0,0,0,0,0,0,0,0,0,0,0,0,0,0,0,0,0,0,0,0,0,0,0,0,0,0,0,0,0,0,0,0,0,0,0,0,0,0.0,0.0,0.0,0.0,0.0,0.0,0.0,0.0,0.0,0.0,0.0,0.0,0.0,0.0,0.0,0.0,0.0,0.0,0.0,0.0,0.0,0.0,2.004,-0.0,0.0,-2.004,0.0,0.0,0.0,0.0,3355.5,-0.0,0.0,-107615240.0,0.0,-0.0,-0.0,0.0,0.0,0.0,0.0,0,0.0,0.0,0.0,0.0,0.0,0.0,0.0,0.0,0.0,0,0,0,0.0,0.0,0.0,0.0,0.0,0.0,0.0,0.0,0.0,0.0,0.0,0.0,0.0,0.0,0.0,0.0,0,-107875648.0,0,0.0,0,-107875648.0,0.0,0,39322,17038,0,17053,13107,17037,0,0,0,110,100,100,0.0,64.1,0.0,64.8,-0.0,68.5,1,49,50,180,0,13107,0,0,0.0,0.0,0.0,0.0,1282.078,65.5,0.0,0.0,0.0,645,0,686,0,0,0,713,0,785,0,706,0,688,0,645,0,640,0,619,0.032,36962304.0,-2.004,-0.0,26000,16789,0.0,-9.178461741306875e+27,0.0,0.0,-0.0,-0.0,29.0,60.0,70,0.0,0.0,0.0,0.0,0.0,0.0,0.0,0.0,0.0,0.0,0.0,0.0,0.0,0.0,0.0,0.0,59.2,68,12,65509,41,65476,0,300,0,0,8,20529,65476,0,0,61604,60.0,0.0,0.0,0.0,0.0,0.0
2026-04-04T11:51:30,ERR,ERR,ERR,ERR,ERR,ERR,ERR,ERR,ERR,ERR,ERR,ERR,ERR,ERR,ERR,ERR,ERR,ERR,ERR,ERR,ERR,ERR,ERR,ERR,ERR,ERR,ERR,ERR,ERR,ERR,ERR,ERR,ERR,ERR,ERR,ERR,ERR,ERR,ERR,ERR,ERR,ERR,ERR,ERR,ERR,ERR,ERR,ERR,ERR,ERR,ERR,ERR,ERR,ERR,ERR,ERR,ERR,ERR,ERR,ERR,ERR,ERR,ERR,ERR,ERR,ERR,ERR,ERR,ERR,ERR,ERR,ERR,ERR,ERR,ERR,ERR,ERR,ERR,ERR,ERR,ERR,ERR,ERR,ERR,ERR,ERR,ERR,ERR,ERR,ERR,ERR,ERR,ERR,ERR,ERR,ERR,ERR,ERR,ERR,ERR,ERR,ERR,ERR,ERR,ERR,ERR,ERR,ERR,ERR,ERR,ERR,ERR,ERR,ERR,ERR,ERR,ERR,ERR,ERR,ERR,ERR,ERR,ERR,ERR,ERR,-107615240.0,0.0,-117832800.0,0.0,0.0,0.0,0.0,nan,0,0,0,32768,0,0.0,0,0.0,0.0,0.0,0.0,0.0,0,0,0,0,0.0,0,0,0,0,0,0,0,0,0,0,0,0,0,0,0,0,0,0,0,0,0,0,0,0,0,0,0,0,0,0,0,0,0,0,0,0,0,0,0,0,0,0,0,0,0.0,0.0,0.0,0.0,0.0,0.0,0.0,0.0,0.0,0.0,0.0,0.0,0.0,0.0,0.0,0.0,0.0,0.0,0.0,0.0,0.0,0.0,2.004,-0.0,0.0,-2.004,0.0,0.0,0.0,0.0,3355.5,-0.0,0.0,-107615240.0,0.0,-0.0,-0.0,0.0,0.0,0.0,0.0,0,0.0,0.0,0.0,0.0,0.0,0.0,0.0,0.0,0.0,0,0,0,0.0,0.0,0.0,0.0,0.0,0.0,0.0,0.0,0.0,0.0,0.0,0.0,0.0,0.0,0.0,0.0,0,-107875648.0,0,0.0,0,-107875648.0,0.0,0,39322,17038,0,17053,13107,17037,0,0,0,110,100,100,0.0,64.1,0.0,64.8,-0.0,68.5,1,49,50,180,0,13107,0,0,0.0,0.0,0.0,0.0,1282.078,65.5,0.0,0.0,0.0,645,0,686,0,0,0,713,0,785,0,706,0,688,0,645,0,640,0,619,0.032,36962304.0,-2.004,-0.0,26000,16789,0.0,-9.178461741306875e+27,0.0,0.0,-0.0,-0.0,29.0,60.0,70,0.0,0.0,0.0,0.0,0.0,0.0,0.0,0.0,0.0,0.0,0.0,0.0,0.0,0.0,0.0,0.0,59.2,68,12,65509,41,65476,0,300,0,0,8,20529,65476,0,0,61604,60.0,0.0,0.0,0.0,0.0,0.0
2026-04-04T11:51:31,ERR,ERR,ERR,ERR,ERR,ERR,ERR,ERR,ERR,ERR,ERR,ERR,ERR,ERR,ERR,ERR,ERR,ERR,ERR,ERR,ERR,ERR,ERR,ERR,ERR,ERR,ERR,ERR,ERR,ERR,ERR,ERR,ERR,ERR,ERR,ERR,ERR,ERR,ERR,ERR,ERR,ERR,ERR,ERR,ERR,ERR,ERR,ERR,ERR,ERR,ERR,ERR,ERR,ERR,ERR,ERR,ERR,ERR,ERR,ERR,ERR,ERR,ERR,ERR,ERR,ERR,ERR,ERR,ERR,ERR,ERR,ERR,ERR,ERR,ERR,ERR,ERR,ERR,ERR,ERR,ERR,ERR,ERR,ERR,ERR,ERR,ERR,ERR,ERR,ERR,ERR,ERR,ERR,ERR,ERR,ERR,ERR,ERR,ERR,ERR,ERR,ERR,ERR,ERR,ERR,ERR,ERR,ERR,ERR,ERR,ERR,ERR,ERR,ERR,ERR,ERR,ERR,ERR,ERR,ERR,ERR,ERR,ERR,ERR,ERR,-107615240.0,0.0,-117832800.0,0.0,0.0,0.0,0.0,nan,0,0,0,32768,0,0.0,0,0.0,0.0,0.0,0.0,0.0,0,0,0,0,0.0,0,0,0,0,0,0,0,0,0,0,0,0,0,0,0,0,0,0,0,0,0,0,0,0,0,0,0,0,0,0,0,0,0,0,0,0,0,0,0,0,0,0,0,0,0.0,0.0,0.0,0.0,0.0,0.0,0.0,0.0,0.0,0.0,0.0,0.0,0.0,0.0,0.0,0.0,0.0,0.0,0.0,0.0,0.0,0.0,2.004,-0.0,0.0,-2.004,0.0,0.0,0.0,0.0,3355.5,-0.0,0.0,-107615240.0,0.0,-0.0,-0.0,0.0,0.0,0.0,0.0,0,0.0,0.0,0.0,0.0,0.0,0.0,0.0,0.0,0.0,0,0,0,0.0,0.0,0.0,0.0,0.0,0.0,0.0,0.0,0.0,0.0,0.0,0.0,0.0,0.0,0.0,0.0,0,-107875648.0,0,0.0,0,-107875648.0,0.0,0,39322,17038,0,17053,13107,17037,0,0,0,110,100,100,0.0,64.1,0.0,64.8,-0.0,68.5,1,49,50,180,0,13107,0,0,0.0,0.0,0.0,0.0,1282.078,65.5,0.0,0.0,0.0,645,0,686,0,0,0,713,0,785,0,706,0,688,0,645,0,640,0,619,0.032,36962304.0,-2.004,-0.0,26000,16789,0.0,-9.178461741306875e+27,0.0,0.0,-0.0,-0.0,29.0,60.0,70,0.0,0.0,0.0,0.0,0.0,0.0,0.0,0.0,0.0,0.0,0.0,0.0,0.0,0.0,0.0,0.0,59.2,68,12,65509,41,65476,0,300,0,0,8,20529,65476,0,0,61604,60.0,0.0,0.0,0.0,0.0,0.0
2026-04-04T11:51:32,ERR,ERR,ERR,ERR,ERR,ERR,ERR,ERR,ERR,ERR,ERR,ERR,ERR,ERR,ERR,ERR,ERR,ERR,ERR,ERR,ERR,ERR,ERR,ERR,ERR,ERR,ERR,ERR,ERR,ERR,ERR,ERR,ERR,ERR,ERR,ERR,ERR,ERR,ERR,ERR,ERR,ERR,ERR,ERR,ERR,ERR,ERR,ERR,ERR,ERR,ERR,ERR,ERR,ERR,ERR,ERR,ERR,ERR,ERR,ERR,ERR,ERR,ERR,ERR,ERR,ERR,ERR,ERR,ERR,ERR,ERR,ERR,ERR,ERR,ERR,ERR,ERR,ERR,ERR,ERR,ERR,ERR,ERR,ERR,ERR,ERR,ERR,ERR,ERR,ERR,ERR,ERR,ERR,ERR,ERR,ERR,ERR,ERR,ERR,ERR,ERR,ERR,ERR,ERR,ERR,ERR,ERR,ERR,ERR,ERR,ERR,ERR,ERR,ERR,ERR,ERR,ERR,ERR,ERR,ERR,ERR,ERR,ERR,ERR,ERR,-107615240.0,0.0,-117832800.0,0.0,0.0,0.0,0.0,nan,0,0,0,32768,0,0.0,0,0.0,0.0,0.0,0.0,0.0,0,0,0,0,0.0,0,0,0,0,0,0,0,0,0,0,0,0,0,0,0,0,0,0,0,0,0,0,0,0,0,0,0,0,0,0,0,0,0,0,0,0,0,0,0,0,0,0,0,0,0.0,0.0,0.0,0.0,0.0,0.0,0.0,0.0,0.0,0.0,0.0,0.0,0.0,0.0,0.0,0.0,0.0,0.0,0.0,0.0,0.0,0.0,2.004,-0.0,0.0,-2.004,0.0,0.0,0.0,0.0,3355.5,-0.0,0.0,-107615240.0,0.0,-0.0,-0.0,0.0,0.0,0.0,0.0,0,0.0,0.0,0.0,0.0,0.0,0.0,0.0,0.0,0.0,0,0,0,0.0,0.0,0.0,0.0,0.0,0.0,0.0,0.0,0.0,0.0,0.0,0.0,0.0,0.0,0.0,0.0,0,-107875648.0,0,0.0,0,-107875648.0,0.0,0,39322,17038,0,17053,13107,17037,0,0,0,110,100,100,0.0,64.0,0.0,64.8,-0.0,68.5,1,49,50,180,0,13107,0,0,0.0,0.0,0.0,0.0,10961539.0,65.5,0.0,25401735168.0,0.0,645,0,686,0,0,0,713,0,784,0,706,0,688,0,646,0,640,0,619,0.032,36962304.0,-2.004,-0.0,46992,16789,65567993856.0,0.122,-2.145529009102867e+32,8.716276207356841e+26,1.6647091251093494e+24,8.244880588956977e+33,29.0,60.0,70,0.0,0.0,0.0,0.0,0.0,0.0,0.0,0.0,0.0,0.0,0.0,0.0,0.0,0.0,0.0,0.0,59.2,68,12,65509,41,65476,0,300,0,0,8,20529,65476,0,0,61604,60.0,0.0,0.0,0.0,0.0,0.0
2026-04-04T11:51:33,ERR,ERR,ERR,ERR,ERR,ERR,ERR,ERR,ERR,ERR,ERR,ERR,ERR,ERR,ERR,ERR,ERR,ERR,ERR,ERR,ERR,ERR,ERR,ERR,ERR,ERR,ERR,ERR,ERR,ERR,ERR,ERR,ERR,ERR,ERR,ERR,ERR,ERR,ERR,ERR,ERR,ERR,ERR,ERR,ERR,ERR,ERR,ERR,ERR,ERR,ERR,ERR,ERR,ERR,ERR,ERR,ERR,ERR,ERR,ERR,ERR,ERR,ERR,ERR,ERR,ERR,ERR,ERR,ERR,ERR,ERR,ERR,ERR,ERR,ERR,ERR,ERR,ERR,ERR,ERR,ERR,ERR,ERR,ERR,ERR,ERR,ERR,ERR,ERR,ERR,ERR,ERR,ERR,ERR,ERR,ERR,ERR,ERR,ERR,ERR,ERR,ERR,ERR,ERR,ERR,ERR,ERR,ERR,ERR,ERR,ERR,ERR,ERR,ERR,ERR,ERR,ERR,ERR,ERR,ERR,ERR,ERR,ERR,ERR,ERR,-107615240.0,0.0,-117832800.0,0.0,0.0,0.0,0.0,nan,0,0,0,32768,0,0.0,0,0.0,0.0,0.0,0.0,0.0,0,0,0,0,0.0,0,0,0,0,0,0,0,0,0,0,0,0,0,0,0,0,0,0,0,0,0,0,0,0,0,0,0,0,0,0,0,0,0,0,0,0,0,0,0,0,0,0,0,0,0.0,0.0,0.0,0.0,0.0,0.0,0.0,0.0,0.0,0.0,0.0,0.0,0.0,0.0,0.0,0.0,0.0,0.0,0.0,0.0,0.0,0.0,2.004,-0.0,0.0,-2.004,0.0,0.0,0.0,0.0,3352.0,0.0,0.0,-107615240.0,0.0,-107615232.0,-0.0,0.0,0.0,0.0,0.0,0,-2.3088382548096162e+20,0.0,0.0,0.0,0.0,0.0,0.0,0.0,0.0,0,0,0,0.0,0.0,0.0,0.0,0.0,0.0,0.0,0.0,0.0,0.0,0.0,0.0,0.0,0.0,0.0,0.0,0,-107875648.0,0,0.0,0,-107875648.0,0.0,0,39322,17038,0,17053,13107,17037,0,0,0,110,100,100,0.0,64.0,0.0,64.8,-0.0,68.5,1,49,50,180,0,13107,0,0,0.0,0.0,0.0,0.0,10961539.0,65.5,0.0,25401735168.0,0.0,645,0,686,0,0,0,713,0,784,0,706,0,688,0,646,0,640,0,619,0.032,36962304.0,-2.004,-0.0,46992,16789,65567993856.0,0.122,-2.145529009102867e+32,8.716276207356841e+26,1.6647091251093494e+24,8.244880588956977e+33,29.0,60.0,70,0.0,0.0,0.0,0.0,0.0,0.0,0.0,0.0,0.0,0.0,0.0,0.0,0.0,0.0,0.0,0.0,59.2,68,12,65509,41,65476,0,300,0,0,8,20529,65476,0,0,61604,60.0,0.0,0.0,0.0,0.0,0.0
2026-04-04T11:51:34,ERR,ERR,ERR,ERR,ERR,ERR,ERR,ERR,ERR,ERR,ERR,ERR,ERR,ERR,ERR,ERR,ERR,ERR,ERR,ERR,ERR,ERR,ERR,ERR,ERR,ERR,ERR,ERR,ERR,ERR,ERR,ERR,ERR,ERR,ERR,ERR,ERR,ERR,ERR,ERR,ERR,ERR,ERR,ERR,ERR,ERR,ERR,ERR,ERR,ERR,ERR,ERR,ERR,ERR,ERR,ERR,ERR,ERR,ERR,ERR,ERR,ERR,ERR,ERR,ERR,ERR,ERR,ERR,ERR,ERR,ERR,ERR,ERR,ERR,ERR,ERR,ERR,ERR,ERR,ERR,ERR,ERR,ERR,ERR,ERR,ERR,ERR,ERR,ERR,ERR,ERR,ERR,ERR,ERR,ERR,ERR,ERR,ERR,ERR,ERR,ERR,ERR,ERR,ERR,ERR,ERR,ERR,ERR,ERR,ERR,ERR,ERR,ERR,ERR,ERR,ERR,ERR,ERR,ERR,ERR,ERR,ERR,ERR,ERR,ERR,-107615240.0,0.0,-117832800.0,0.0,0.0,0.0,0.0,nan,0,0,0,32768,0,0.0,0,0.0,0.0,0.0,0.0,0.0,0,0,0,0,0.0,0,0,0,0,0,0,0,0,0,0,0,0,0,0,0,0,0,0,0,0,0,0,0,0,0,0,0,0,0,0,0,0,0,0,0,0,0,0,0,0,0,0,0,0,0.0,0.0,0.0,0.0,0.0,0.0,0.0,0.0,0.0,0.0,0.0,0.0,0.0,0.0,0.0,0.0,0.0,0.0,0.0,0.0,0.0,0.0,2.004,-0.0,0.0,-2.004,0.0,0.0,0.0,0.0,3352.0,0.0,0.0,-107615240.0,0.0,-107615232.0,-0.0,0.0,0.0,0.0,0.0,0,-2.3088382548096162e+20,0.0,0.0,0.0,0.0,0.0,0.0,0.0,0.0,0,0,0,0.0,0.0,0.0,0.0,0.0,0.0,0.0,0.0,0.0,0.0,0.0,0.0,0.0,0.0,0.0,0.0,0,-107875648.0,0,0.0,0,-107875648.0,0.0,0,39322,17038,0,17053,13107,17037,0,0,0,110,100,100,0.0,64.0,0.0,64.8,-0.0,68.5,1,49,50,180,0,13107,0,0,0.0,0.0,0.0,0.0,10961539.0,65.5,0.0,25401735168.0,0.0,645,0,686,0,0,0,713,0,784,0,706,0,688,0,646,0,640,0,619,0.032,36962304.0,-2.004,-0.0,46992,16789,65567993856.0,0.122,-2.145529009102867e+32,8.716276207356841e+26,1.6647091251093494e+24,8.244880588956977e+33,29.0,60.0,70,0.0,0.0,0.0,0.0,0.0,0.0,0.0,0.0,0.0,0.0,0.0,0.0,0.0,0.0,0.0,0.0,59.2,68,12,65509,41,65476,0,300,0,0,8,20529,65476,0,0,61604,60.0,0.0,0.0,0.0,0.0,0.0
2026-04-04T11:51:35,ERR,ERR,ERR,ERR,ERR,ERR,ERR,ERR,ERR,ERR,ERR,ERR,ERR,ERR,ERR,ERR,ERR,ERR,ERR,ERR,ERR,ERR,ERR,ERR,ERR,ERR,ERR,ERR,ERR,ERR,ERR,ERR,ERR,ERR,ERR,ERR,ERR,ERR,ERR,ERR,ERR,ERR,ERR,ERR,ERR,ERR,ERR,ERR,ERR,ERR,ERR,ERR,ERR,ERR,ERR,ERR,ERR,ERR,ERR,ERR,ERR,ERR,ERR,ERR,ERR,ERR,ERR,ERR,ERR,ERR,ERR,ERR,ERR,ERR,ERR,ERR,ERR,ERR,ERR,ERR,ERR,ERR,ERR,ERR,ERR,ERR,ERR,ERR,ERR,ERR,ERR,ERR,ERR,ERR,ERR,ERR,ERR,ERR,ERR,ERR,ERR,ERR,ERR,ERR,ERR,ERR,ERR,ERR,ERR,ERR,ERR,ERR,ERR,ERR,ERR,ERR,ERR,ERR,ERR,ERR,ERR,ERR,ERR,ERR,ERR,-107615240.0,0.0,-117832800.0,0.0,0.0,0.0,0.0,nan,0,0,0,32768,0,0.0,0,0.0,0.0,0.0,0.0,0.0,0,0,0,0,0.0,0,0,0,0,0,0,0,0,0,0,0,0,0,0,0,0,0,0,0,0,0,0,0,0,0,0,0,0,0,0,0,0,0,0,0,0,0,0,0,0,0,0,0,0,0.0,0.0,0.0,0.0,0.0,0.0,0.0,0.0,0.0,0.0,0.0,0.0,0.0,0.0,0.0,0.0,0.0,0.0,0.0,0.0,0.0,0.0,2.004,-0.0,0.0,-2.004,0.0,0.0,0.0,0.0,3352.0,0.0,0.0,-107615240.0,0.0,-107615232.0,-0.0,0.0,0.0,0.0,0.0,0,-2.3088382548096162e+20,0.0,0.0,0.0,0.0,0.0,0.0,0.0,0.0,0,0,0,0.0,0.0,0.0,0.0,0.0,0.0,0.0,0.0,0.0,0.0,0.0,0.0,0.0,0.0,0.0,0.0,0,-107875648.0,0,0.0,0,-107875648.0,0.0,0,39322,17038,0,17053,13107,17037,0,0,0,110,100,100,0.0,64.0,0.0,64.8,-0.0,68.5,1,49,50,180,0,13107,0,0,0.0,0.0,0.0,0.0,10961539.0,65.5,0.0,25401735168.0,0.0,645,0,686,0,0,0,713,0,784,0,706,0,688,0,646,0,640,0,619,0.032,36962304.0,-2.004,-0.0,46992,16789,65567993856.0,0.122,-2.145529009102867e+32,8.716276207356841e+26,1.6647091251093494e+24,8.244880588956977e+33,29.0,60.0,70,0.0,0.0,0.0,0.0,0.0,0.0,0.0,0.0,0.0,0.0,0.0,0.0,0.0,0.0,0.0,0.0,59.6,68,12,65509,41,65476,0,300,0,0,8,20529,65476,0,0,61604,60.0,0.0,0.0,0.0,0.0,0.0
2026-04-04T11:51:36,ERR,ERR,ERR,ERR,ERR,ERR,ERR,ERR,ERR,ERR,ERR,ERR,ERR,ERR,ERR,ERR,ERR,ERR,ERR,ERR,ERR,ERR,ERR,ERR,ERR,ERR,ERR,ERR,ERR,ERR,ERR,ERR,ERR,ERR,ERR,ERR,ERR,ERR,ERR,ERR,ERR,ERR,ERR,ERR,ERR,ERR,ERR,ERR,ERR,ERR,ERR,ERR,ERR,ERR,ERR,ERR,ERR,ERR,ERR,ERR,ERR,ERR,ERR,ERR,ERR,ERR,ERR,ERR,ERR,ERR,ERR,ERR,ERR,ERR,ERR,ERR,ERR,ERR,ERR,ERR,ERR,ERR,ERR,ERR,ERR,ERR,ERR,ERR,ERR,ERR,ERR,ERR,ERR,ERR,ERR,ERR,ERR,ERR,ERR,ERR,ERR,ERR,ERR,ERR,ERR,ERR,ERR,ERR,ERR,ERR,ERR,ERR,ERR,ERR,ERR,ERR,ERR,ERR,ERR,ERR,ERR,ERR,ERR,ERR,ERR,-107615240.0,0.0,-117832800.0,0.0,0.0,0.0,0.0,nan,0,0,0,32768,0,0.0,0,0.0,0.0,0.0,0.0,0.0,0,0,0,0,0.0,0,0,0,0,0,0,0,0,0,0,0,0,0,0,0,0,0,0,0,0,0,0,0,0,0,0,0,0,0,0,0,0,0,0,0,0,0,0,0,0,0,0,0,0,0.0,0.0,0.0,0.0,0.0,0.0,0.0,0.0,0.0,0.0,0.0,0.0,0.0,0.0,0.0,0.0,0.0,0.0,0.0,0.0,0.0,0.0,2.004,-0.0,0.0,-2.004,0.0,0.0,0.0,0.0,3352.0,0.0,0.0,-107615240.0,0.0,-107615232.0,-0.0,0.0,0.0,0.0,0.0,0,-2.3088382548096162e+20,0.0,0.0,0.0,0.0,0.0,0.0,0.0,0.0,0,0,0,0.0,0.0,0.0,0.0,0.0,0.0,0.0,0.0,0.0,0.0,0.0,0.0,0.0,0.0,0.0,0.0,0,-107875648.0,0,0.0,0,-107875648.0,0.0,0,39322,17038,0,17053,13107,17037,0,0,0,110,100,100,0.0,64.0,0.0,64.8,-0.0,68.5,1,49,50,180,0,13107,0,0,0.0,0.0,0.0,0.0,10961539.0,65.5,0.0,25401735168.0,0.0,645,0,686,0,0,0,713,0,784,0,706,0,688,0,646,0,640,0,619,0.032,36962304.0,-2.004,-0.0,46992,16789,65567993856.0,0.122,-2.145529009102867e+32,8.716276207356841e+26,1.6647091251093494e+24,8.244880588956977e+33,29.0,60.0,70,0.0,0.0,0.0,0.0,0.0,0.0,0.0,0.0,0.0,0.0,0.0,0.0,0.0,0.0,0.0,0.0,59.6,68,12,65509,41,65476,0,300,0,0,8,20529,65476,0,0,61604,60.0,0.0,0.0,0.0,0.0,0.0
2026-04-04T11:51:37,ERR,ERR,ERR,ERR,ERR,ERR,ERR,ERR,ERR,ERR,ERR,ERR,ERR,ERR,ERR,ERR,ERR,ERR,ERR,ERR,ERR,ERR,ERR,ERR,ERR,ERR,ERR,ERR,ERR,ERR,ERR,ERR,ERR,ERR,ERR,ERR,ERR,ERR,ERR,ERR,ERR,ERR,ERR,ERR,ERR,ERR,ERR,ERR,ERR,ERR,ERR,ERR,ERR,ERR,ERR,ERR,ERR,ERR,ERR,ERR,ERR,ERR,ERR,ERR,ERR,ERR,ERR,ERR,ERR,ERR,ERR,ERR,ERR,ERR,ERR,ERR,ERR,ERR,ERR,ERR,ERR,ERR,ERR,ERR,ERR,ERR,ERR,ERR,ERR,ERR,ERR,ERR,ERR,ERR,ERR,ERR,ERR,ERR,ERR,ERR,ERR,ERR,ERR,ERR,ERR,ERR,ERR,ERR,ERR,ERR,ERR,ERR,ERR,ERR,ERR,ERR,ERR,ERR,ERR,ERR,ERR,ERR,ERR,ERR,ERR,-107615240.0,0.0,-117832800.0,0.0,0.0,0.0,0.0,nan,0,0,0,32768,0,0.0,0,0.0,0.0,0.0,0.0,0.0,0,0,0,0,0.0,0,0,0,0,0,0,0,0,0,0,0,0,0,0,0,0,0,0,0,0,0,0,0,0,0,0,0,0,0,0,0,0,0,0,0,0,0,0,0,0,0,0,0,0,0.0,0.0,0.0,0.0,0.0,0.0,0.0,0.0,0.0,0.0,0.0,0.0,0.0,0.0,0.0,0.0,0.0,0.0,0.0,0.0,0.0,0.0,2.004,-0.0,0.0,-2.004,0.0,0.0,0.0,0.0,3352.0,0.0,0.0,-107615240.0,0.0,-107615232.0,-0.0,0.0,0.0,0.0,0.0,0,-2.3088382548096162e+20,0.0,0.0,0.0,0.0,0.0,0.0,0.0,0.0,0,0,0,0.0,0.0,0.0,0.0,0.0,0.0,0.0,0.0,0.0,0.0,0.0,0.0,0.0,0.0,0.0,0.0,0,-107875648.0,0,0.0,0,-107875648.0,0.0,0,39322,17038,0,17053,13107,17037,0,0,0,110,100,100,0.0,64.0,0.0,64.8,-0.0,68.5,1,49,50,180,0,13107,0,0,0.0,0.0,0.0,0.0,10961539.0,65.5,0.0,25401735168.0,0.0,645,0,686,0,0,0,713,0,784,0,706,0,688,0,646,0,640,0,619,0.032,36962304.0,-2.004,-0.0,46992,16789,65567993856.0,0.122,-2.145529009102867e+32,8.716276207356841e+26,1.6647091251093494e+24,8.244880588956977e+33,29.0,60.0,70,0.0,0.0,0.0,0.0,0.0,0.0,0.0,0.0,0.0,0.0,0.0,0.0,0.0,0.0,0.0,0.0,59.2,68,12,65509,41,65476,0,300,0,0,8,20529,65476,0,0,61604,60.0,0.0,0.0,0.0,0.0,0.0
2026-04-04T11:51:38,ERR,ERR,ERR,ERR,ERR,ERR,ERR,ERR,ERR,ERR,ERR,ERR,ERR,ERR,ERR,ERR,ERR,ERR,ERR,ERR,ERR,ERR,ERR,ERR,ERR,ERR,ERR,ERR,ERR,ERR,ERR,ERR,ERR,ERR,ERR,ERR,ERR,ERR,ERR,ERR,ERR,ERR,ERR,ERR,ERR,ERR,ERR,ERR,ERR,ERR,ERR,ERR,ERR,ERR,ERR,ERR,ERR,ERR,ERR,ERR,ERR,ERR,ERR,ERR,ERR,ERR,ERR,ERR,ERR,ERR,ERR,ERR,ERR,ERR,ERR,ERR,ERR,ERR,ERR,ERR,ERR,ERR,ERR,ERR,ERR,ERR,ERR,ERR,ERR,ERR,ERR,ERR,ERR,ERR,ERR,ERR,ERR,ERR,ERR,ERR,ERR,ERR,ERR,ERR,ERR,ERR,ERR,ERR,ERR,ERR,ERR,ERR,ERR,ERR,ERR,ERR,ERR,ERR,ERR,ERR,ERR,ERR,ERR,ERR,ERR,-107615240.0,0.0,-117832800.0,0.0,0.0,0.0,0.0,nan,0,0,0,32768,0,0.0,0,0.0,0.0,0.0,0.0,0.0,0,0,0,0,0.0,0,0,0,0,0,0,0,0,0,0,0,0,0,0,0,0,0,0,0,0,0,0,0,0,0,0,0,0,0,0,0,0,0,0,0,0,0,0,0,0,0,0,0,0,0.0,0.0,0.0,0.0,0.0,0.0,0.0,0.0,0.0,0.0,0.0,0.0,0.0,0.0,0.0,0.0,0.0,0.0,0.0,0.0,0.0,0.0,2.004,-0.0,0.0,-2.004,0.0,0.0,0.0,0.0,3352.0,0.0,0.0,-107615240.0,0.0,-107615232.0,-0.0,0.0,0.0,0.0,0.0,0,-2.3088382548096162e+20,0.0,0.0,0.0,0.0,0.0,0.0,0.0,0.0,0,0,0,0.0,0.0,0.0,0.0,0.0,0.0,0.0,0.0,0.0,0.0,0.0,0.0,0.0,0.0,0.0,0.0,0,-107875648.0,0,0.0,0,-107875648.0,0.0,0,39322,17038,52429,17052,13107,17037,0,0,0,110,100,100,0.0,64.0,0.0,64.8,-0.0,68.5,1,49,50,180,0,13107,0,0,0.0,0.0,0.0,0.0,10352200704.0,65.5,0.0,2.9629540243157977e+35,0.0,645,0,686,0,0,0,713,0,784,0,706,0,688,0,646,0,640,0,619,0.032,36700160.0,-2.004,-0.0,36240,16789,226785060978688.0,-152313712.0,2.8859413857864516e+19,0.0,-0.0,-117710020608.0,29.0,60.0,70,0.0,0.0,0.0,0.0,0.0,0.0,0.0,0.0,0.0,0.0,0.0,0.0,0.0,0.0,0.0,0.0,59.2,68,12,65509,41,65476,0,300,0,0,8,20529,65476,0,0,61604,60.0,0.0,0.0,0.0,0.0,0.0
2026-04-04T11:51:39,ERR,ERR,ERR,ERR,ERR,ERR,ERR,ERR,ERR,ERR,ERR,ERR,ERR,ERR,ERR,ERR,ERR,ERR,ERR,ERR,ERR,ERR,ERR,ERR,ERR,ERR,ERR,ERR,ERR,ERR,ERR,ERR,ERR,ERR,ERR,ERR,ERR,ERR,ERR,ERR,ERR,ERR,ERR,ERR,ERR,ERR,ERR,ERR,ERR,ERR,ERR,ERR,ERR,ERR,ERR,ERR,ERR,ERR,ERR,ERR,ERR,ERR,ERR,ERR,ERR,ERR,ERR,ERR,ERR,ERR,ERR,ERR,ERR,ERR,ERR,ERR,ERR,ERR,ERR,ERR,ERR,ERR,ERR,ERR,ERR,ERR,ERR,ERR,ERR,ERR,ERR,ERR,ERR,ERR,ERR,ERR,ERR,ERR,ERR,ERR,ERR,ERR,ERR,ERR,ERR,ERR,ERR,ERR,ERR,ERR,ERR,ERR,ERR,ERR,ERR,ERR,ERR,ERR,ERR,ERR,ERR,ERR,ERR,ERR,ERR,-107615240.0,0.0,-117832800.0,0.0,0.0,0.0,0.0,nan,0,0,0,32768,0,0.0,0,0.0,0.0,0.0,0.0,0.0,0,0,0,0,0.0,0,0,0,0,0,0,0,0,0,0,0,0,0,0,0,0,0,0,0,0,0,0,0,0,0,0,0,0,0,0,0,0,0,0,0,0,0,0,0,0,0,0,0,0,0.0,0.0,0.0,0.0,0.0,0.0,0.0,0.0,0.0,0.0,0.0,0.0,0.0,0.0,0.0,0.0,0.0,0.0,0.0,0.0,0.0,0.0,2.004,-0.0,0.0,-2.004,0.0,0.0,0.0,0.0,3352.0,0.0,0.0,-107615240.0,0.0,-107615232.0,-0.0,0.0,0.0,0.0,0.0,0,-2.3088382548096162e+20,0.0,0.0,0.0,0.0,0.0,0.0,0.0,0.0,0,0,0,0.0,0.0,0.0,0.0,0.0,0.0,0.0,0.0,0.0,0.0,0.0,0.0,0.0,0.0,0.0,0.0,0,-107875648.0,0,0.0,0,-107875648.0,0.0,0,39322,17038,52429,17052,13107,17037,0,0,0,110,100,100,0.0,64.0,0.0,64.8,-0.0,68.5,1,49,50,180,0,13107,0,0,0.0,0.0,0.0,0.0,10352200704.0,65.5,0.0,2.9629540243157977e+35,0.0,645,0,686,0,0,0,713,0,784,0,706,0,688,0,646,0,640,0,619,0.032,36700160.0,-2.004,-0.0,36240,16789,226785060978688.0,-152313712.0,2.8859413857864516e+19,0.0,-0.0,-117710020608.0,29.0,60.0,70,0.0,0.0,0.0,0.0,0.0,0.0,0.0,0.0,0.0,0.0,0.0,0.0,0.0,0.0,0.0,0.0,59.2,68,12,65509,41,65476,0,300,0,0,8,20529,65476,0,0,61604,60.0,0.0,0.0,0.0,0.0,0.0
2026-04-04T11:51:40,ERR,ERR,ERR,ERR,ERR,ERR,ERR,ERR,ERR,ERR,ERR,ERR,ERR,ERR,ERR,ERR,ERR,ERR,ERR,ERR,ERR,ERR,ERR,ERR,ERR,ERR,ERR,ERR,ERR,ERR,ERR,ERR,ERR,ERR,ERR,ERR,ERR,ERR,ERR,ERR,ERR,ERR,ERR,ERR,ERR,ERR,ERR,ERR,ERR,ERR,ERR,ERR,ERR,ERR,ERR,ERR,ERR,ERR,ERR,ERR,ERR,ERR,ERR,ERR,ERR,ERR,ERR,ERR,ERR,ERR,ERR,ERR,ERR,ERR,ERR,ERR,ERR,ERR,ERR,ERR,ERR,ERR,ERR,ERR,ERR,ERR,ERR,ERR,ERR,ERR,ERR,ERR,ERR,ERR,ERR,ERR,ERR,ERR,ERR,ERR,ERR,ERR,ERR,ERR,ERR,ERR,ERR,ERR,ERR,ERR,ERR,ERR,ERR,ERR,ERR,ERR,ERR,ERR,ERR,ERR,ERR,ERR,ERR,ERR,ERR,-107615240.0,0.0,-117832800.0,0.0,0.0,0.0,0.0,nan,0,0,0,32768,0,0.0,0,0.0,0.0,0.0,0.0,0.0,0,0,0,0,0.0,0,0,0,0,0,0,0,0,0,0,0,0,0,0,0,0,0,0,0,0,0,0,0,0,0,0,0,0,0,0,0,0,0,0,0,0,0,0,0,0,0,0,0,0,0.0,0.0,0.0,0.0,0.0,0.0,0.0,0.0,0.0,0.0,0.0,0.0,0.0,0.0,0.0,0.0,0.0,0.0,0.0,0.0,0.0,0.0,2.004,-0.0,0.0,-2.004,0.0,0.0,0.0,0.0,3352.0,0.0,0.0,-107615240.0,0.0,-107615232.0,-0.0,0.0,0.0,0.0,0.0,0,-2.3088382548096162e+20,0.0,0.0,0.0,0.0,0.0,0.0,0.0,0.0,0,0,0,0.0,0.0,0.0,0.0,0.0,0.0,0.0,0.0,0.0,0.0,0.0,0.0,0.0,0.0,0.0,0.0,0,-107875648.0,0,0.0,0,-107875648.0,0.0,0,39322,17038,52429,17052,13107,17037,0,0,0,110,100,100,0.0,64.0,0.0,64.8,-0.0,68.5,1,49,50,180,0,13107,0,0,0.0,0.0,0.0,0.0,10352200704.0,65.5,0.0,2.9629540243157977e+35,0.0,645,0,686,0,0,0,713,0,784,0,706,0,688,0,646,0,640,0,619,0.032,36700160.0,-2.004,-0.0,36240,16789,226785060978688.0,-152313712.0,2.8859413857864516e+19,0.0,-0.0,-117710020608.0,29.0,60.0,70,0.0,0.0,0.0,0.0,0.0,0.0,0.0,0.0,0.0,0.0,0.0,0.0,0.0,0.0,0.0,0.0,59.2,68,12,65509,41,65476,0,300,0,0,8,20529,65476,0,0,61604,60.0,0.0,0.0,0.0,0.0,0.0
2026-04-04T11:51:41,ERR,ERR,ERR,ERR,ERR,ERR,ERR,ERR,ERR,ERR,ERR,ERR,ERR,ERR,ERR,ERR,ERR,ERR,ERR,ERR,ERR,ERR,ERR,ERR,ERR,ERR,ERR,ERR,ERR,ERR,ERR,ERR,ERR,ERR,ERR,ERR,ERR,ERR,ERR,ERR,ERR,ERR,ERR,ERR,ERR,ERR,ERR,ERR,ERR,ERR,ERR,ERR,ERR,ERR,ERR,ERR,ERR,ERR,ERR,ERR,ERR,ERR,ERR,ERR,ERR,ERR,ERR,ERR,ERR,ERR,ERR,ERR,ERR,ERR,ERR,ERR,ERR,ERR,ERR,ERR,ERR,ERR,ERR,ERR,ERR,ERR,ERR,ERR,ERR,ERR,ERR,ERR,ERR,ERR,ERR,ERR,ERR,ERR,ERR,ERR,ERR,ERR,ERR,ERR,ERR,ERR,ERR,ERR,ERR,ERR,ERR,ERR,ERR,ERR,ERR,ERR,ERR,ERR,ERR,ERR,ERR,ERR,ERR,ERR,ERR,-107615240.0,0.0,-117832800.0,0.0,0.0,0.0,0.0,nan,0,0,0,32768,0,0.0,0,0.0,0.0,0.0,0.0,0.0,0,0,0,0,0.0,0,0,0,0,0,0,0,0,0,0,0,0,0,0,0,0,0,0,0,0,0,0,0,0,0,0,0,0,0,0,0,0,0,0,0,0,0,0,0,0,0,0,0,0,0.0,0.0,0.0,0.0,0.0,0.0,0.0,0.0,0.0,0.0,0.0,0.0,0.0,0.0,0.0,0.0,0.0,0.0,0.0,0.0,0.0,0.0,2.004,-0.0,0.0,-2.004,0.0,0.0,0.0,0.0,3352.0,0.0,0.0,-107615240.0,0.0,-107615232.0,-0.0,0.0,0.0,0.0,0.0,0,-2.3088382548096162e+20,0.0,0.0,0.0,0.0,0.0,0.0,0.0,0.0,0,0,0,0.0,0.0,0.0,0.0,0.0,0.0,0.0,0.0,0.0,0.0,0.0,0.0,0.0,0.0,0.0,0.0,0,-107875648.0,0,0.0,0,-107875648.0,0.0,0,39322,17038,52429,17052,13107,17037,0,0,0,110,100,100,0.0,64.0,0.0,64.8,-0.0,68.5,1,49,50,180,0,13107,0,0,0.0,0.0,0.0,0.0,10352200704.0,65.5,0.0,2.9629540243157977e+35,0.0,645,0,686,0,0,0,713,0,784,0,706,0,688,0,646,0,640,0,619,0.032,36700160.0,-2.004,-0.0,36240,16789,226785060978688.0,-152313712.0,2.8859413857864516e+19,0.0,-0.0,-117710020608.0,29.0,60.0,70,0.0,0.0,0.0,0.0,0.0,0.0,0.0,0.0,0.0,0.0,0.0,0.0,0.0,0.0,0.0,0.0,59.2,68,12,65509,41,65476,0,300,0,0,8,20529,65476,0,0,61604,60.0,0.0,0.0,0.0,0.0,0.0
2026-04-04T11:51:42,ERR,ERR,ERR,ERR,ERR,ERR,ERR,ERR,ERR,ERR,ERR,ERR,ERR,ERR,ERR,ERR,ERR,ERR,ERR,ERR,ERR,ERR,ERR,ERR,ERR,ERR,ERR,ERR,ERR,ERR,ERR,ERR,ERR,ERR,ERR,ERR,ERR,ERR,ERR,ERR,ERR,ERR,ERR,ERR,ERR,ERR,ERR,ERR,ERR,ERR,ERR,ERR,ERR,ERR,ERR,ERR,ERR,ERR,ERR,ERR,ERR,ERR,ERR,ERR,ERR,ERR,ERR,ERR,ERR,ERR,ERR,ERR,ERR,ERR,ERR,ERR,ERR,ERR,ERR,ERR,ERR,ERR,ERR,ERR,ERR,ERR,ERR,ERR,ERR,ERR,ERR,ERR,ERR,ERR,ERR,ERR,ERR,ERR,ERR,ERR,ERR,ERR,ERR,ERR,ERR,ERR,ERR,ERR,ERR,ERR,ERR,ERR,ERR,ERR,ERR,ERR,ERR,ERR,ERR,ERR,ERR,ERR,ERR,ERR,ERR,-107615240.0,0.0,-117832800.0,0.0,0.0,0.0,0.0,nan,0,0,0,32768,0,0.0,0,0.0,0.0,0.0,0.0,0.0,0,0,0,0,0.0,0,0,0,0,0,0,0,0,0,0,0,0,0,0,0,0,0,0,0,0,0,0,0,0,0,0,0,0,0,0,0,0,0,0,0,0,0,0,0,0,0,0,0,0,0.0,0.0,0.0,0.0,0.0,0.0,0.0,0.0,0.0,0.0,0.0,0.0,0.0,0.0,0.0,0.0,0.0,0.0,0.0,0.0,0.0,0.0,2.004,-0.0,0.0,-2.004,0.0,0.0,0.0,0.0,3354.0,0.0,0.0,-107615240.0,0.0,-107615232.0,-0.0,0.0,0.0,0.0,0.0,0,0.0,-152016156360704.0,0.0,0.0,0.0,0.0,0.0,0.0,0.0,0,0,0,0.0,0.0,0.0,0.0,0.0,0.0,0.0,0.0,0.0,0.0,0.0,0.0,0.0,0.0,0.0,0.0,0,-107875648.0,0,0.0,0,-107875648.0,0.0,0,39322,17038,52429,17052,13107,17037,0,0,0,110,100,100,0.0,64.0,0.0,64.8,-0.0,68.5,1,49,50,180,0,13107,0,0,0.0,0.0,0.0,0.0,10352200704.0,65.5,0.0,2.9629540243157977e+35,0.0,645,0,686,0,0,0,713,0,784,0,706,0,688,0,646,0,640,0,619,0.032,36700160.0,-2.004,-0.0,36240,16789,226785060978688.0,-152313712.0,2.8859413857864516e+19,0.0,-0.0,-117710020608.0,29.0,60.0,70,0.0,0.0,0.0,0.0,0.0,0.0,0.0,0.0,0.0,0.0,0.0,0.0,0.0,0.0,0.0,0.0,59.2,68,12,65509,41,65476,0,300,0,0,8,20529,65476,0,0,61604,60.0,0.0,0.0,0.0,0.0,0.0
2026-04-04T11:51:43,ERR,ERR,ERR,ERR,ERR,ERR,ERR,ERR,ERR,ERR,ERR,ERR,ERR,ERR,ERR,ERR,ERR,ERR,ERR,ERR,ERR,ERR,ERR,ERR,ERR,ERR,ERR,ERR,ERR,ERR,ERR,ERR,ERR,ERR,ERR,ERR,ERR,ERR,ERR,ERR,ERR,ERR,ERR,ERR,ERR,ERR,ERR,ERR,ERR,ERR,ERR,ERR,ERR,ERR,ERR,ERR,ERR,ERR,ERR,ERR,ERR,ERR,ERR,ERR,ERR,ERR,ERR,ERR,ERR,ERR,ERR,ERR,ERR,ERR,ERR,ERR,ERR,ERR,ERR,ERR,ERR,ERR,ERR,ERR,ERR,ERR,ERR,ERR,ERR,ERR,ERR,ERR,ERR,ERR,ERR,ERR,ERR,ERR,ERR,ERR,ERR,ERR,ERR,ERR,ERR,ERR,ERR,ERR,ERR,ERR,ERR,ERR,ERR,ERR,ERR,ERR,ERR,ERR,ERR,ERR,ERR,ERR,ERR,ERR,ERR,-107615240.0,0.0,-117832800.0,0.0,0.0,0.0,0.0,nan,0,0,0,32768,0,0.0,0,0.0,0.0,0.0,0.0,0.0,0,0,0,0,0.0,0,0,0,0,0,0,0,0,0,0,0,0,0,0,0,0,0,0,0,0,0,0,0,0,0,0,0,0,0,0,0,0,0,0,0,0,0,0,0,0,0,0,0,0,0.0,0.0,0.0,0.0,0.0,0.0,0.0,0.0,0.0,0.0,0.0,0.0,0.0,0.0,0.0,0.0,0.0,0.0,0.0,0.0,0.0,0.0,2.004,-0.0,0.0,-2.004,0.0,0.0,0.0,0.0,3354.0,0.0,0.0,-107615240.0,0.0,-107615232.0,-0.0,0.0,0.0,0.0,0.0,0,0.0,-152016156360704.0,0.0,0.0,0.0,0.0,0.0,0.0,0.0,0,0,0,0.0,0.0,0.0,0.0,0.0,0.0,0.0,0.0,0.0,0.0,0.0,0.0,0.0,0.0,0.0,0.0,0,-107875648.0,0,0.0,0,-107875648.0,0.0,0,39322,17038,52429,17052,13107,17037,0,0,0,110,100,100,0.0,64.0,0.0,64.8,-0.0,68.5,1,49,50,180,0,13107,0,0,0.0,0.0,0.0,0.0,10352200704.0,65.5,0.0,2.9629540243157977e+35,0.0,645,0,686,0,0,0,713,0,784,0,706,0,688,0,646,0,640,0,619,0.032,36700160.0,-2.004,-0.0,36240,16789,226785060978688.0,-152313712.0,2.8859413857864516e+19,0.0,-0.0,-117710020608.0,29.0,60.0,70,0.0,0.0,0.0,0.0,0.0,0.0,0.0,0.0,0.0,0.0,0.0,0.0,0.0,0.0,0.0,0.0,59.6,68,12,65509,41,65476,0,300,0,0,8,20529,65476,0,0,61604,60.0,0.0,0.0,0.0,0.0,0.0
2026-04-04T11:51:44,ERR,ERR,ERR,ERR,ERR,ERR,ERR,ERR,ERR,ERR,ERR,ERR,ERR,ERR,ERR,ERR,ERR,ERR,ERR,ERR,ERR,ERR,ERR,ERR,ERR,ERR,ERR,ERR,ERR,ERR,ERR,ERR,ERR,ERR,ERR,ERR,ERR,ERR,ERR,ERR,ERR,ERR,ERR,ERR,ERR,ERR,ERR,ERR,ERR,ERR,ERR,ERR,ERR,ERR,ERR,ERR,ERR,ERR,ERR,ERR,ERR,ERR,ERR,ERR,ERR,ERR,ERR,ERR,ERR,ERR,ERR,ERR,ERR,ERR,ERR,ERR,ERR,ERR,ERR,ERR,ERR,ERR,ERR,ERR,ERR,ERR,ERR,ERR,ERR,ERR,ERR,ERR,ERR,ERR,ERR,ERR,ERR,ERR,ERR,ERR,ERR,ERR,ERR,ERR,ERR,ERR,ERR,ERR,ERR,ERR,ERR,ERR,ERR,ERR,ERR,ERR,ERR,ERR,ERR,ERR,ERR,ERR,ERR,ERR,ERR,-107615240.0,0.0,-117832800.0,0.0,0.0,0.0,0.0,nan,0,0,0,32768,0,0.0,0,0.0,0.0,0.0,0.0,0.0,0,0,0,0,0.0,0,0,0,0,0,0,0,0,0,0,0,0,0,0,0,0,0,0,0,0,0,0,0,0,0,0,0,0,0,0,0,0,0,0,0,0,0,0,0,0,0,0,0,0,0.0,0.0,0.0,0.0,0.0,0.0,0.0,0.0,0.0,0.0,0.0,0.0,0.0,0.0,0.0,0.0,0.0,0.0,0.0,0.0,0.0,0.0,2.004,-0.0,0.0,-2.004,0.0,0.0,0.0,0.0,3354.0,0.0,0.0,-107615240.0,0.0,-107615232.0,-0.0,0.0,0.0,0.0,0.0,0,0.0,-152016156360704.0,0.0,0.0,0.0,0.0,0.0,0.0,0.0,0,0,0,0.0,0.0,0.0,0.0,0.0,0.0,0.0,0.0,0.0,0.0,0.0,0.0,0.0,0.0,0.0,0.0,0,-107875648.0,0,0.0,0,-107875648.0,0.0,0,39322,17038,52429,17052,13107,17037,0,0,0,110,100,100,0.0,64.1,0.0,64.8,-0.0,68.5,1,49,50,180,0,13107,0,0,0.0,0.0,0.0,0.0,256.52,65.5,0.0,3.2329334808308844e+21,0.0,645,0,685,0,0,0,713,0,784,0,706,0,688,0,646,0,640,0,619,0.032,36700160.0,-2.004,-0.0,19344,16789,0.0,3.347185853931507e+19,-71.126,0.0,1794.063,1861648.375,29.0,60.0,70,0.0,0.0,0.0,0.0,0.0,0.0,0.0,0.0,0.0,0.0,0.0,0.0,0.0,0.0,0.0,0.0,59.6,68,12,65509,41,65476,0,300,0,0,8,20529,65476,0,0,61604,60.0,0.0,0.0,0.0,0.0,0.0
2026-04-04T11:51:45,ERR,ERR,ERR,ERR,ERR,ERR,ERR,ERR,ERR,ERR,ERR,ERR,ERR,ERR,ERR,ERR,ERR,ERR,ERR,ERR,ERR,ERR,ERR,ERR,ERR,ERR,ERR,ERR,ERR,ERR,ERR,ERR,ERR,ERR,ERR,ERR,ERR,ERR,ERR,ERR,ERR,ERR,ERR,ERR,ERR,ERR,ERR,ERR,ERR,ERR,ERR,ERR,ERR,ERR,ERR,ERR,ERR,ERR,ERR,ERR,ERR,ERR,ERR,ERR,ERR,ERR,ERR,ERR,ERR,ERR,ERR,ERR,ERR,ERR,ERR,ERR,ERR,ERR,ERR,ERR,ERR,ERR,ERR,ERR,ERR,ERR,ERR,ERR,ERR,ERR,ERR,ERR,ERR,ERR,ERR,ERR,ERR,ERR,ERR,ERR,ERR,ERR,ERR,ERR,ERR,ERR,ERR,ERR,ERR,ERR,ERR,ERR,ERR,ERR,ERR,ERR,ERR,ERR,ERR,ERR,ERR,ERR,ERR,ERR,ERR,-107615240.0,0.0,-117832800.0,0.0,0.0,0.0,0.0,nan,0,0,0,32768,0,0.0,0,0.0,0.0,0.0,0.0,0.0,0,0,0,0,0.0,0,0,0,0,0,0,0,0,0,0,0,0,0,0,0,0,0,0,0,0,0,0,0,0,0,0,0,0,0,0,0,0,0,0,0,0,0,0,0,0,0,0,0,0,0.0,0.0,0.0,0.0,0.0,0.0,0.0,0.0,0.0,0.0,0.0,0.0,0.0,0.0,0.0,0.0,0.0,0.0,0.0,0.0,0.0,0.0,2.004,-0.0,0.0,-2.004,0.0,0.0,0.0,0.0,3354.0,0.0,0.0,-107615240.0,0.0,-107615232.0,-0.0,0.0,0.0,0.0,0.0,0,0.0,-152016156360704.0,0.0,0.0,0.0,0.0,0.0,0.0,0.0,0,0,0,0.0,0.0,0.0,0.0,0.0,0.0,0.0,0.0,0.0,0.0,0.0,0.0,0.0,0.0,0.0,0.0,0,-107875648.0,0,0.0,0,-107875648.0,0.0,0,39322,17038,52429,17052,13107,17037,0,0,0,110,100,100,0.0,64.1,0.0,64.8,-0.0,68.5,1,49,50,180,0,13107,0,0,0.0,0.0,0.0,0.0,256.52,65.5,0.0,3.2329334808308844e+21,0.0,645,0,685,0,0,0,713,0,784,0,706,0,688,0,646,0,640,0,619,0.032,36700160.0,-2.004,-0.0,19344,16789,0.0,3.347185853931507e+19,-71.126,0.0,1794.063,1861648.375,29.0,60.0,70,0.0,0.0,0.0,0.0,0.0,0.0,0.0,0.0,0.0,0.0,0.0,0.0,0.0,0.0,0.0,0.0,59.6,68,12,65509,41,65476,0,300,0,0,8,20529,65476,0,0,61604,60.0,0.0,0.0,0.0,0.0,0.0
2026-04-04T11:51:46,ERR,ERR,ERR,ERR,ERR,ERR,ERR,ERR,ERR,ERR,ERR,ERR,ERR,ERR,ERR,ERR,ERR,ERR,ERR,ERR,ERR,ERR,ERR,ERR,ERR,ERR,ERR,ERR,ERR,ERR,ERR,ERR,ERR,ERR,ERR,ERR,ERR,ERR,ERR,ERR,ERR,ERR,ERR,ERR,ERR,ERR,ERR,ERR,ERR,ERR,ERR,ERR,ERR,ERR,ERR,ERR,ERR,ERR,ERR,ERR,ERR,ERR,ERR,ERR,ERR,ERR,ERR,ERR,ERR,ERR,ERR,ERR,ERR,ERR,ERR,ERR,ERR,ERR,ERR,ERR,ERR,ERR,ERR,ERR,ERR,ERR,ERR,ERR,ERR,ERR,ERR,ERR,ERR,ERR,ERR,ERR,ERR,ERR,ERR,ERR,ERR,ERR,ERR,ERR,ERR,ERR,ERR,ERR,ERR,ERR,ERR,ERR,ERR,ERR,ERR,ERR,ERR,ERR,ERR,ERR,ERR,ERR,ERR,ERR,ERR,-107615240.0,0.0,-117832800.0,0.0,0.0,0.0,0.0,nan,0,0,0,32768,0,0.0,0,0.0,0.0,0.0,0.0,0.0,0,0,0,0,0.0,0,0,0,0,0,0,0,0,0,0,0,0,0,0,0,0,0,0,0,0,0,0,0,0,0,0,0,0,0,0,0,0,0,0,0,0,0,0,0,0,0,0,0,0,0.0,0.0,0.0,0.0,0.0,0.0,0.0,0.0,0.0,0.0,0.0,0.0,0.0,0.0,0.0,0.0,0.0,0.0,0.0,0.0,0.0,0.0,2.004,-0.0,0.0,-2.004,0.0,0.0,0.0,0.0,3354.0,0.0,0.0,-107615240.0,0.0,-107615232.0,-0.0,0.0,0.0,0.0,0.0,0,0.0,-152016156360704.0,0.0,0.0,0.0,0.0,0.0,0.0,0.0,0,0,0,0.0,0.0,0.0,0.0,0.0,0.0,0.0,0.0,0.0,0.0,0.0,0.0,0.0,0.0,0.0,0.0,0,-107875648.0,0,0.0,0,-107875648.0,0.0,0,39322,17038,52429,17052,13107,17037,0,0,0,110,100,100,0.0,64.1,0.0,64.8,-0.0,68.5,1,49,50,180,0,13107,0,0,0.0,0.0,0.0,0.0,256.52,65.5,0.0,3.2329334808308844e+21,0.0,645,0,685,0,0,0,713,0,784,0,706,0,688,0,646,0,640,0,619,0.032,36700160.0,-2.004,-0.0,19344,16789,0.0,3.347185853931507e+19,-71.126,0.0,1794.063,1861648.375,29.0,60.0,70,0.0,0.0,0.0,0.0,0.0,0.0,0.0,0.0,0.0,0.0,0.0,0.0,0.0,0.0,0.0,0.0,59.2,68,12,65509,41,65476,0,300,0,0,8,20529,65476,0,0,61604,60.0,0.0,0.0,0.0,0.0,0.0
2026-04-04T11:51:47,ERR,ERR,ERR,ERR,ERR,ERR,ERR,ERR,ERR,ERR,ERR,ERR,ERR,ERR,ERR,ERR,ERR,ERR,ERR,ERR,ERR,ERR,ERR,ERR,ERR,ERR,ERR,ERR,ERR,ERR,ERR,ERR,ERR,ERR,ERR,ERR,ERR,ERR,ERR,ERR,ERR,ERR,ERR,ERR,ERR,ERR,ERR,ERR,ERR,ERR,ERR,ERR,ERR,ERR,ERR,ERR,ERR,ERR,ERR,ERR,ERR,ERR,ERR,ERR,ERR,ERR,ERR,ERR,ERR,ERR,ERR,ERR,ERR,ERR,ERR,ERR,ERR,ERR,ERR,ERR,ERR,ERR,ERR,ERR,ERR,ERR,ERR,ERR,ERR,ERR,ERR,ERR,ERR,ERR,ERR,ERR,ERR,ERR,ERR,ERR,ERR,ERR,ERR,ERR,ERR,ERR,ERR,ERR,ERR,ERR,ERR,ERR,ERR,ERR,ERR,ERR,ERR,ERR,ERR,ERR,ERR,ERR,ERR,ERR,ERR,-107615240.0,0.0,-117832800.0,0.0,0.0,0.0,0.0,nan,0,0,0,32768,0,0.0,0,0.0,0.0,0.0,0.0,0.0,0,0,0,0,0.0,0,0,0,0,0,0,0,0,0,0,0,0,0,0,0,0,0,0,0,0,0,0,0,0,0,0,0,0,0,0,0,0,0,0,0,0,0,0,0,0,0,0,0,0,0.0,0.0,0.0,0.0,0.0,0.0,0.0,0.0,0.0,0.0,0.0,0.0,0.0,0.0,0.0,0.0,0.0,0.0,0.0,0.0,0.0,0.0,2.004,-0.0,0.0,-2.004,0.0,0.0,0.0,0.0,3354.0,0.0,0.0,-107615240.0,0.0,-107615232.0,-0.0,0.0,0.0,0.0,0.0,0,0.0,-152016156360704.0,0.0,0.0,0.0,0.0,0.0,0.0,0.0,0,0,0,0.0,0.0,0.0,0.0,0.0,0.0,0.0,0.0,0.0,0.0,0.0,0.0,0.0,0.0,0.0,0.0,0,-107875648.0,0,0.0,0,-107875648.0,0.0,0,39322,17038,52429,17052,13107,17037,0,0,0,110,100,100,0.0,64.1,0.0,64.8,-0.0,68.5,1,49,50,180,0,13107,0,0,0.0,0.0,0.0,0.0,256.52,65.5,0.0,3.2329334808308844e+21,0.0,645,0,685,0,0,0,713,0,784,0,706,0,688,0,646,0,640,0,619,0.032,36700160.0,-2.004,-0.0,19344,16789,0.0,3.347185853931507e+19,-71.126,0.0,1794.063,1861648.375,29.0,60.0,70,0.0,0.0,0.0,0.0,0.0,0.0,0.0,0.0,0.0,0.0,0.0,0.0,0.0,0.0,0.0,0.0,59.2,68,12,65509,41,65476,0,300,0,0,8,20529,65476,0,0,61604,60.0,0.0,0.0,0.0,0.0,0.0
2026-04-04T11:51:48,ERR,ERR,ERR,ERR,ERR,ERR,ERR,ERR,ERR,ERR,ERR,ERR,ERR,ERR,ERR,ERR,ERR,ERR,ERR,ERR,ERR,ERR,ERR,ERR,ERR,ERR,ERR,ERR,ERR,ERR,ERR,ERR,ERR,ERR,ERR,ERR,ERR,ERR,ERR,ERR,ERR,ERR,ERR,ERR,ERR,ERR,ERR,ERR,ERR,ERR,ERR,ERR,ERR,ERR,ERR,ERR,ERR,ERR,ERR,ERR,ERR,ERR,ERR,ERR,ERR,ERR,ERR,ERR,ERR,ERR,ERR,ERR,ERR,ERR,ERR,ERR,ERR,ERR,ERR,ERR,ERR,ERR,ERR,ERR,ERR,ERR,ERR,ERR,ERR,ERR,ERR,ERR,ERR,ERR,ERR,ERR,ERR,ERR,ERR,ERR,ERR,ERR,ERR,ERR,ERR,ERR,ERR,ERR,ERR,ERR,ERR,ERR,ERR,ERR,ERR,ERR,ERR,ERR,ERR,ERR,ERR,ERR,ERR,ERR,ERR,-107615240.0,0.0,-117832800.0,0.0,0.0,0.0,0.0,nan,0,0,0,32768,0,0.0,0,0.0,0.0,0.0,0.0,0.0,0,0,0,0,0.0,0,0,0,0,0,0,0,0,0,0,0,0,0,0,0,0,0,0,0,0,0,0,0,0,0,0,0,0,0,0,0,0,0,0,0,0,0,0,0,0,0,0,0,0,0.0,0.0,0.0,0.0,0.0,0.0,0.0,0.0,0.0,0.0,0.0,0.0,0.0,0.0,0.0,0.0,0.0,0.0,0.0,0.0,0.0,0.0,2.004,-0.0,0.0,-2.004,0.0,0.0,0.0,0.0,3354.0,0.0,0.0,-107615240.0,0.0,-107615232.0,-0.0,0.0,0.0,0.0,0.0,0,0.0,-152016156360704.0,0.0,0.0,0.0,0.0,0.0,0.0,0.0,0,0,0,0.0,0.0,0.0,0.0,0.0,0.0,0.0,0.0,0.0,0.0,0.0,0.0,0.0,0.0,0.0,0.0,0,-107875648.0,0,0.0,0,-107875648.0,0.0,0,39322,17038,52429,17052,13107,17037,0,0,0,110,100,100,0.0,64.1,0.0,64.8,-0.0,68.5,1,49,50,180,0,13107,0,0,0.0,0.0,0.0,0.0,256.52,65.5,0.0,3.2329334808308844e+21,0.0,645,0,685,0,0,0,713,0,784,0,706,0,688,0,646,0,640,0,619,0.032,36700160.0,-2.004,-0.0,19344,16789,0.0,3.347185853931507e+19,-71.126,0.0,1794.063,1861648.375,29.0,60.0,70,0.0,0.0,0.0,0.0,0.0,0.0,0.0,0.0,0.0,0.0,0.0,0.0,0.0,0.0,0.0,0.0,59.2,68,12,65509,41,65476,0,300,0,0,8,20529,65476,0,0,61604,60.0,0.0,0.0,0.0,0.0,0.0
2026-04-04T11:51:49,ERR,ERR,ERR,ERR,ERR,ERR,ERR,ERR,ERR,ERR,ERR,ERR,ERR,ERR,ERR,ERR,ERR,ERR,ERR,ERR,ERR,ERR,ERR,ERR,ERR,ERR,ERR,ERR,ERR,ERR,ERR,ERR,ERR,ERR,ERR,ERR,ERR,ERR,ERR,ERR,ERR,ERR,ERR,ERR,ERR,ERR,ERR,ERR,ERR,ERR,ERR,ERR,ERR,ERR,ERR,ERR,ERR,ERR,ERR,ERR,ERR,ERR,ERR,ERR,ERR,ERR,ERR,ERR,ERR,ERR,ERR,ERR,ERR,ERR,ERR,ERR,ERR,ERR,ERR,ERR,ERR,ERR,ERR,ERR,ERR,ERR,ERR,ERR,ERR,ERR,ERR,ERR,ERR,ERR,ERR,ERR,ERR,ERR,ERR,ERR,ERR,ERR,ERR,ERR,ERR,ERR,ERR,ERR,ERR,ERR,ERR,ERR,ERR,ERR,ERR,ERR,ERR,ERR,ERR,ERR,ERR,ERR,ERR,ERR,ERR,-107615240.0,0.0,-117832800.0,0.0,0.0,0.0,0.0,nan,0,0,0,32768,0,0.0,0,0.0,0.0,0.0,0.0,0.0,0,0,0,0,0.0,0,0,0,0,0,0,0,0,0,0,0,0,0,0,0,0,0,0,0,0,0,0,0,0,0,0,0,0,0,0,0,0,0,0,0,0,0,0,0,0,0,0,0,0,0.0,0.0,0.0,0.0,0.0,0.0,0.0,0.0,0.0,0.0,0.0,0.0,0.0,0.0,0.0,0.0,0.0,0.0,0.0,0.0,0.0,0.0,2.004,-0.0,0.0,-2.004,0.0,0.0,0.0,0.0,3354.0,0.0,0.0,-107615240.0,0.0,-107615232.0,-0.0,0.0,0.0,0.0,0.0,0,0.0,-152016156360704.0,0.0,0.0,0.0,0.0,0.0,0.0,0.0,0,0,0,0.0,0.0,0.0,0.0,0.0,0.0,0.0,0.0,0.0,0.0,0.0,0.0,0.0,0.0,0.0,0.0,0,-107875648.0,0,0.0,0,-107875648.0,0.0,0,39322,17038,52429,17052,13107,17037,0,0,0,110,100,100,0.0,64.1,0.0,64.8,-0.0,68.5,1,49,50,180,0,13107,0,0,0.0,0.0,0.0,0.0,0.001,65.5,0.0,0.0,0.0,645,0,686,0,0,0,713,0,785,0,706,0,688,0,645,0,640,0,619,0.032,36700160.0,-2.004,-0.0,31120,16789,39490.512,6719532544.0,-1.081731213785158e+23,-0.0,5.11739374723924e+17,2.1345398568005003e+25,29.0,60.0,70,0.0,0.0,0.0,0.0,0.0,0.0,0.0,0.0,0.0,0.0,0.0,0.0,0.0,0.0,0.0,0.0,59.2,68,12,65509,41,65476,0,300,0,0,8,20529,65476,0,0,61604,60.0,0.0,0.0,0.0,0.0,0.0
2026-04-04T11:51:50,ERR,ERR,ERR,ERR,ERR,ERR,ERR,ERR,ERR,ERR,ERR,ERR,ERR,ERR,ERR,ERR,ERR,ERR,ERR,ERR,ERR,ERR,ERR,ERR,ERR,ERR,ERR,ERR,ERR,ERR,ERR,ERR,ERR,ERR,ERR,ERR,ERR,ERR,ERR,ERR,ERR,ERR,ERR,ERR,ERR,ERR,ERR,ERR,ERR,ERR,ERR,ERR,ERR,ERR,ERR,ERR,ERR,ERR,ERR,ERR,ERR,ERR,ERR,ERR,ERR,ERR,ERR,ERR,ERR,ERR,ERR,ERR,ERR,ERR,ERR,ERR,ERR,ERR,ERR,ERR,ERR,ERR,ERR,ERR,ERR,ERR,ERR,ERR,ERR,ERR,ERR,ERR,ERR,ERR,ERR,ERR,ERR,ERR,ERR,ERR,ERR,ERR,ERR,ERR,ERR,ERR,ERR,ERR,ERR,ERR,ERR,ERR,ERR,ERR,ERR,ERR,ERR,ERR,ERR,ERR,ERR,ERR,ERR,ERR,ERR,-107615240.0,0.0,-117832800.0,0.0,0.0,0.0,0.0,nan,0,0,0,32768,0,0.0,0,0.0,0.0,0.0,0.0,0.0,0,0,0,0,0.0,0,0,0,0,0,0,0,0,0,0,0,0,0,0,0,0,0,0,0,0,0,0,0,0,0,0,0,0,0,0,0,0,0,0,0,0,0,0,0,0,0,0,0,0,0.0,0.0,0.0,0.0,0.0,0.0,0.0,0.0,0.0,0.0,0.0,0.0,0.0,0.0,0.0,0.0,0.0,0.0,0.0,0.0,0.0,0.0,2.004,-0.0,0.0,-2.004,0.0,0.0,0.0,0.0,3354.5,1.5879151860148276e+29,0.0,-107615240.0,0.0,-0.0,-0.0,0.0,0.0,0.0,0.0,0,-5.8480786593265204e+35,0.0,0.0,0.0,0.0,0.0,0.0,0.0,0.0,0,0,0,0.0,0.0,0.0,0.0,0.0,0.0,0.0,0.0,0.0,0.0,0.0,0.0,0.0,0.0,0.0,0.0,0,-107875648.0,0,0.0,0,-107875648.0,0.0,0,39322,17038,52429,17052,13107,17037,0,0,0,110,100,100,0.0,64.1,0.0,64.8,-0.0,68.5,1,49,50,180,0,13107,0,0,0.0,0.0,0.0,0.0,0.001,65.5,0.0,0.0,0.0,645,0,686,0,0,0,713,0,785,0,706,0,688,0,645,0,640,0,619,0.032,36700160.0,-2.004,-0.0,31120,16789,39490.512,6719532544.0,-1.081731213785158e+23,-0.0,5.11739374723924e+17,2.1345398568005003e+25,29.0,60.0,70,0.0,0.0,0.0,0.0,0.0,0.0,0.0,0.0,0.0,0.0,0.0,0.0,0.0,0.0,0.0,0.0,59.2,68,12,65509,41,65476,0,300,0,0,8,20529,65476,0,0,61604,60.0,0.0,0.0,0.0,0.0,0.0
2026-04-04T11:51:51,ERR,ERR,ERR,ERR,ERR,ERR,ERR,ERR,ERR,ERR,ERR,ERR,ERR,ERR,ERR,ERR,ERR,ERR,ERR,ERR,ERR,ERR,ERR,ERR,ERR,ERR,ERR,ERR,ERR,ERR,ERR,ERR,ERR,ERR,ERR,ERR,ERR,ERR,ERR,ERR,ERR,ERR,ERR,ERR,ERR,ERR,ERR,ERR,ERR,ERR,ERR,ERR,ERR,ERR,ERR,ERR,ERR,ERR,ERR,ERR,ERR,ERR,ERR,ERR,ERR,ERR,ERR,ERR,ERR,ERR,ERR,ERR,ERR,ERR,ERR,ERR,ERR,ERR,ERR,ERR,ERR,ERR,ERR,ERR,ERR,ERR,ERR,ERR,ERR,ERR,ERR,ERR,ERR,ERR,ERR,ERR,ERR,ERR,ERR,ERR,ERR,ERR,ERR,ERR,ERR,ERR,ERR,ERR,ERR,ERR,ERR,ERR,ERR,ERR,ERR,ERR,ERR,ERR,ERR,ERR,ERR,ERR,ERR,ERR,ERR,-107615240.0,0.0,-117832800.0,0.0,0.0,0.0,0.0,nan,0,0,0,32768,0,0.0,0,0.0,0.0,0.0,0.0,0.0,0,0,0,0,0.0,0,0,0,0,0,0,0,0,0,0,0,0,0,0,0,0,0,0,0,0,0,0,0,0,0,0,0,0,0,0,0,0,0,0,0,0,0,0,0,0,0,0,0,0,0.0,0.0,0.0,0.0,0.0,0.0,0.0,0.0,0.0,0.0,0.0,0.0,0.0,0.0,0.0,0.0,0.0,0.0,0.0,0.0,0.0,0.0,2.004,-0.0,0.0,-2.004,0.0,0.0,0.0,0.0,3354.5,1.5879151860148276e+29,0.0,-107615240.0,0.0,-0.0,-0.0,0.0,0.0,0.0,0.0,0,-5.8480786593265204e+35,0.0,0.0,0.0,0.0,0.0,0.0,0.0,0.0,0,0,0,0.0,0.0,0.0,0.0,0.0,0.0,0.0,0.0,0.0,0.0,0.0,0.0,0.0,0.0,0.0,0.0,0,-107875648.0,0,0.0,0,-107875648.0,0.0,0,39322,17038,52429,17052,13107,17037,0,0,0,110,100,100,0.0,64.1,0.0,64.8,-0.0,68.5,1,49,50,180,0,13107,0,0,0.0,0.0,0.0,0.0,0.001,65.5,0.0,0.0,0.0,645,0,686,0,0,0,713,0,785,0,706,0,688,0,645,0,640,0,619,0.032,36700160.0,-2.004,-0.0,31120,16789,39490.512,6719532544.0,-1.081731213785158e+23,-0.0,5.11739374723924e+17,2.1345398568005003e+25,29.0,60.0,70,0.0,0.0,0.0,0.0,0.0,0.0,0.0,0.0,0.0,0.0,0.0,0.0,0.0,0.0,0.0,0.0,59.2,68,12,65509,41,65476,0,300,0,0,8,20529,65476,0,0,61604,60.0,0.0,0.0,0.0,0.0,0.0
2026-04-04T11:51:52,ERR,ERR,ERR,ERR,ERR,ERR,ERR,ERR,ERR,ERR,ERR,ERR,ERR,ERR,ERR,ERR,ERR,ERR,ERR,ERR,ERR,ERR,ERR,ERR,ERR,ERR,ERR,ERR,ERR,ERR,ERR,ERR,ERR,ERR,ERR,ERR,ERR,ERR,ERR,ERR,ERR,ERR,ERR,ERR,ERR,ERR,ERR,ERR,ERR,ERR,ERR,ERR,ERR,ERR,ERR,ERR,ERR,ERR,ERR,ERR,ERR,ERR,ERR,ERR,ERR,ERR,ERR,ERR,ERR,ERR,ERR,ERR,ERR,ERR,ERR,ERR,ERR,ERR,ERR,ERR,ERR,ERR,ERR,ERR,ERR,ERR,ERR,ERR,ERR,ERR,ERR,ERR,ERR,ERR,ERR,ERR,ERR,ERR,ERR,ERR,ERR,ERR,ERR,ERR,ERR,ERR,ERR,ERR,ERR,ERR,ERR,ERR,ERR,ERR,ERR,ERR,ERR,ERR,ERR,ERR,ERR,ERR,ERR,ERR,ERR,-107615240.0,0.0,-117832800.0,0.0,0.0,0.0,0.0,nan,0,0,0,32768,0,0.0,0,0.0,0.0,0.0,0.0,0.0,0,0,0,0,0.0,0,0,0,0,0,0,0,0,0,0,0,0,0,0,0,0,0,0,0,0,0,0,0,0,0,0,0,0,0,0,0,0,0,0,0,0,0,0,0,0,0,0,0,0,0.0,0.0,0.0,0.0,0.0,0.0,0.0,0.0,0.0,0.0,0.0,0.0,0.0,0.0,0.0,0.0,0.0,0.0,0.0,0.0,0.0,0.0,2.004,-0.0,0.0,-2.004,0.0,0.0,0.0,0.0,3354.5,1.5879151860148276e+29,0.0,-107615240.0,0.0,-0.0,-0.0,0.0,0.0,0.0,0.0,0,-5.8480786593265204e+35,0.0,0.0,0.0,0.0,0.0,0.0,0.0,0.0,0,0,0,0.0,0.0,0.0,0.0,0.0,0.0,0.0,0.0,0.0,0.0,0.0,0.0,0.0,0.0,0.0,0.0,0,-107875648.0,0,0.0,0,-107875648.0,0.0,0,39322,17038,52429,17052,13107,17037,0,0,0,110,100,100,0.0,64.1,0.0,64.8,-0.0,68.5,1,49,50,180,0,13107,0,0,0.0,0.0,0.0,0.0,0.001,65.5,0.0,0.0,0.0,645,0,686,0,0,0,713,0,785,0,706,0,688,0,645,0,640,0,619,0.032,36700160.0,-2.004,-0.0,31120,16789,39490.512,6719532544.0,-1.081731213785158e+23,-0.0,5.11739374723924e+17,2.1345398568005003e+25,29.0,60.0,70,0.0,0.0,0.0,0.0,0.0,0.0,0.0,0.0,0.0,0.0,0.0,0.0,0.0,0.0,0.0,0.0,59.2,68,12,65509,41,65476,0,300,0,0,8,20529,65476,0,0,61604,60.0,0.0,0.0,0.0,0.0,0.0
2026-04-04T11:51:53,ERR,ERR,ERR,ERR,ERR,ERR,ERR,ERR,ERR,ERR,ERR,ERR,ERR,ERR,ERR,ERR,ERR,ERR,ERR,ERR,ERR,ERR,ERR,ERR,ERR,ERR,ERR,ERR,ERR,ERR,ERR,ERR,ERR,ERR,ERR,ERR,ERR,ERR,ERR,ERR,ERR,ERR,ERR,ERR,ERR,ERR,ERR,ERR,ERR,ERR,ERR,ERR,ERR,ERR,ERR,ERR,ERR,ERR,ERR,ERR,ERR,ERR,ERR,ERR,ERR,ERR,ERR,ERR,ERR,ERR,ERR,ERR,ERR,ERR,ERR,ERR,ERR,ERR,ERR,ERR,ERR,ERR,ERR,ERR,ERR,ERR,ERR,ERR,ERR,ERR,ERR,ERR,ERR,ERR,ERR,ERR,ERR,ERR,ERR,ERR,ERR,ERR,ERR,ERR,ERR,ERR,ERR,ERR,ERR,ERR,ERR,ERR,ERR,ERR,ERR,ERR,ERR,ERR,ERR,ERR,ERR,ERR,ERR,ERR,ERR,-107615240.0,0.0,-117832800.0,0.0,0.0,0.0,0.0,nan,0,0,0,32768,0,0.0,0,0.0,0.0,0.0,0.0,0.0,0,0,0,0,0.0,0,0,0,0,0,0,0,0,0,0,0,0,0,0,0,0,0,0,0,0,0,0,0,0,0,0,0,0,0,0,0,0,0,0,0,0,0,0,0,0,0,0,0,0,0.0,0.0,0.0,0.0,0.0,0.0,0.0,0.0,0.0,0.0,0.0,0.0,0.0,0.0,0.0,0.0,0.0,0.0,0.0,0.0,0.0,0.0,2.004,-0.0,0.0,-2.004,0.0,0.0,0.0,0.0,3354.5,1.5879151860148276e+29,0.0,-107615240.0,0.0,-0.0,-0.0,0.0,0.0,0.0,0.0,0,-5.8480786593265204e+35,0.0,0.0,0.0,0.0,0.0,0.0,0.0,0.0,0,0,0,0.0,0.0,0.0,0.0,0.0,0.0,0.0,0.0,0.0,0.0,0.0,0.0,0.0,0.0,0.0,0.0,0,-107875648.0,0,0.0,0,-107875648.0,0.0,0,39322,17038,52429,17052,13107,17037,0,0,0,110,100,100,0.0,64.1,0.0,64.8,-0.0,68.5,1,49,50,180,0,13107,0,0,0.0,0.0,0.0,0.0,0.001,65.5,0.0,0.0,0.0,645,0,686,0,0,0,713,0,785,0,706,0,688,0,645,0,640,0,619,0.032,36700160.0,-2.004,-0.0,31120,16789,39490.512,6719532544.0,-1.081731213785158e+23,-0.0,5.11739374723924e+17,2.1345398568005003e+25,29.0,60.0,70,0.0,0.0,0.0,0.0,0.0,0.0,0.0,0.0,0.0,0.0,0.0,0.0,0.0,0.0,0.0,0.0,59.2,68,12,65509,41,65476,0,300,0,0,8,20529,65476,0,0,61604,60.0,0.0,0.0,0.0,0.0,0.0
2026-04-04T11:51:54,ERR,ERR,ERR,ERR,ERR,ERR,ERR,ERR,ERR,ERR,ERR,ERR,ERR,ERR,ERR,ERR,ERR,ERR,ERR,ERR,ERR,ERR,ERR,ERR,ERR,ERR,ERR,ERR,ERR,ERR,ERR,ERR,ERR,ERR,ERR,ERR,ERR,ERR,ERR,ERR,ERR,ERR,ERR,ERR,ERR,ERR,ERR,ERR,ERR,ERR,ERR,ERR,ERR,ERR,ERR,ERR,ERR,ERR,ERR,ERR,ERR,ERR,ERR,ERR,ERR,ERR,ERR,ERR,ERR,ERR,ERR,ERR,ERR,ERR,ERR,ERR,ERR,ERR,ERR,ERR,ERR,ERR,ERR,ERR,ERR,ERR,ERR,ERR,ERR,ERR,ERR,ERR,ERR,ERR,ERR,ERR,ERR,ERR,ERR,ERR,ERR,ERR,ERR,ERR,ERR,ERR,ERR,ERR,ERR,ERR,ERR,ERR,ERR,ERR,ERR,ERR,ERR,ERR,ERR,ERR,ERR,ERR,ERR,ERR,ERR,-107615240.0,0.0,-117832800.0,0.0,0.0,0.0,0.0,nan,0,0,0,32768,0,0.0,0,0.0,0.0,0.0,0.0,0.0,0,0,0,0,0.0,0,0,0,0,0,0,0,0,0,0,0,0,0,0,0,0,0,0,0,0,0,0,0,0,0,0,0,0,0,0,0,0,0,0,0,0,0,0,0,0,0,0,0,0,0.0,0.0,0.0,0.0,0.0,0.0,0.0,0.0,0.0,0.0,0.0,0.0,0.0,0.0,0.0,0.0,0.0,0.0,0.0,0.0,0.0,0.0,2.004,-0.0,0.0,-2.004,0.0,0.0,0.0,0.0,3354.5,1.5879151860148276e+29,0.0,-107615240.0,0.0,-0.0,-0.0,0.0,0.0,0.0,0.0,0,-5.8480786593265204e+35,0.0,0.0,0.0,0.0,0.0,0.0,0.0,0.0,0,0,0,0.0,0.0,0.0,0.0,0.0,0.0,0.0,0.0,0.0,0.0,0.0,0.0,0.0,0.0,0.0,0.0,0,-107875648.0,0,0.0,0,-107875648.0,0.0,0,39322,17038,52429,17052,13107,17037,0,0,0,110,100,100,0.0,64.1,0.0,64.8,-0.0,68.5,1,49,50,180,0,13107,0,0,0.0,0.0,0.0,0.0,0.0,65.5,0.0,-8.165284535421838e+35,0.0,645,0,686,0,0,0,713,0,784,0,706,0,688,0,646,0,640,0,619,0.032,36962304.0,-2.004,-0.0,43408,16789,3300.157,-7.518700395398956e+37,-0.0,0.0,0.0,0.0,29.0,60.0,70,0.0,0.0,0.0,0.0,0.0,0.0,0.0,0.0,0.0,0.0,0.0,0.0,0.0,0.0,0.0,0.0,59.2,68,12,65509,41,65476,0,300,0,0,8,20529,65476,0,0,61604,60.0,0.0,0.0,0.0,0.0,0.0
2026-04-04T11:51:55,ERR,ERR,ERR,ERR,ERR,ERR,ERR,ERR,ERR,ERR,ERR,ERR,ERR,ERR,ERR,ERR,ERR,ERR,ERR,ERR,ERR,ERR,ERR,ERR,ERR,ERR,ERR,ERR,ERR,ERR,ERR,ERR,ERR,ERR,ERR,ERR,ERR,ERR,ERR,ERR,ERR,ERR,ERR,ERR,ERR,ERR,ERR,ERR,ERR,ERR,ERR,ERR,ERR,ERR,ERR,ERR,ERR,ERR,ERR,ERR,ERR,ERR,ERR,ERR,ERR,ERR,ERR,ERR,ERR,ERR,ERR,ERR,ERR,ERR,ERR,ERR,ERR,ERR,ERR,ERR,ERR,ERR,ERR,ERR,ERR,ERR,ERR,ERR,ERR,ERR,ERR,ERR,ERR,ERR,ERR,ERR,ERR,ERR,ERR,ERR,ERR,ERR,ERR,ERR,ERR,ERR,ERR,ERR,ERR,ERR,ERR,ERR,ERR,ERR,ERR,ERR,ERR,ERR,ERR,ERR,ERR,ERR,ERR,ERR,ERR,-107615240.0,0.0,-117832800.0,0.0,0.0,0.0,0.0,nan,0,0,0,32768,0,0.0,0,0.0,0.0,0.0,0.0,0.0,0,0,0,0,0.0,0,0,0,0,0,0,0,0,0,0,0,0,0,0,0,0,0,0,0,0,0,0,0,0,0,0,0,0,0,0,0,0,0,0,0,0,0,0,0,0,0,0,0,0,0.0,0.0,0.0,0.0,0.0,0.0,0.0,0.0,0.0,0.0,0.0,0.0,0.0,0.0,0.0,0.0,0.0,0.0,0.0,0.0,0.0,0.0,2.004,-0.0,0.0,-2.004,0.0,0.0,0.0,0.0,3354.5,1.5879151860148276e+29,0.0,-107615240.0,0.0,-0.0,-0.0,0.0,0.0,0.0,0.0,0,-5.8480786593265204e+35,0.0,0.0,0.0,0.0,0.0,0.0,0.0,0.0,0,0,0,0.0,0.0,0.0,0.0,0.0,0.0,0.0,0.0,0.0,0.0,0.0,0.0,0.0,0.0,0.0,0.0,0,-107875648.0,0,0.0,0,-107875648.0,0.0,0,39322,17038,52429,17052,13107,17037,0,0,0,110,100,100,0.0,64.1,0.0,64.8,-0.0,68.5,1,49,50,180,0,13107,0,0,0.0,0.0,0.0,0.0,0.0,65.5,0.0,-8.165284535421838e+35,0.0,645,0,686,0,0,0,713,0,784,0,706,0,688,0,646,0,640,0,619,0.032,36962304.0,-2.004,-0.0,43408,16789,3300.157,-7.518700395398956e+37,-0.0,0.0,0.0,0.0,29.0,60.0,70,0.0,0.0,0.0,0.0,0.0,0.0,0.0,0.0,0.0,0.0,0.0,0.0,0.0,0.0,0.0,0.0,59.2,68,12,65509,41,65476,0,300,0,0,8,20529,65476,0,0,61604,60.0,0.0,0.0,0.0,0.0,0.0
2026-04-04T11:51:56,ERR,ERR,ERR,ERR,ERR,ERR,ERR,ERR,ERR,ERR,ERR,ERR,ERR,ERR,ERR,ERR,ERR,ERR,ERR,ERR,ERR,ERR,ERR,ERR,ERR,ERR,ERR,ERR,ERR,ERR,ERR,ERR,ERR,ERR,ERR,ERR,ERR,ERR,ERR,ERR,ERR,ERR,ERR,ERR,ERR,ERR,ERR,ERR,ERR,ERR,ERR,ERR,ERR,ERR,ERR,ERR,ERR,ERR,ERR,ERR,ERR,ERR,ERR,ERR,ERR,ERR,ERR,ERR,ERR,ERR,ERR,ERR,ERR,ERR,ERR,ERR,ERR,ERR,ERR,ERR,ERR,ERR,ERR,ERR,ERR,ERR,ERR,ERR,ERR,ERR,ERR,ERR,ERR,ERR,ERR,ERR,ERR,ERR,ERR,ERR,ERR,ERR,ERR,ERR,ERR,ERR,ERR,ERR,ERR,ERR,ERR,ERR,ERR,ERR,ERR,ERR,ERR,ERR,ERR,ERR,ERR,ERR,ERR,ERR,ERR,-107615240.0,0.0,-117832800.0,0.0,0.0,0.0,0.0,nan,0,0,0,32768,0,0.0,0,0.0,0.0,0.0,0.0,0.0,0,0,0,0,0.0,0,0,0,0,0,0,0,0,0,0,0,0,0,0,0,0,0,0,0,0,0,0,0,0,0,0,0,0,0,0,0,0,0,0,0,0,0,0,0,0,0,0,0,0,0.0,0.0,0.0,0.0,0.0,0.0,0.0,0.0,0.0,0.0,0.0,0.0,0.0,0.0,0.0,0.0,0.0,0.0,0.0,0.0,0.0,0.0,2.004,-0.0,0.0,-2.004,0.0,0.0,0.0,0.0,3354.5,1.5879151860148276e+29,0.0,-107615240.0,0.0,-0.0,-0.0,0.0,0.0,0.0,0.0,0,-5.8480786593265204e+35,0.0,0.0,0.0,0.0,0.0,0.0,0.0,0.0,0,0,0,0.0,0.0,0.0,0.0,0.0,0.0,0.0,0.0,0.0,0.0,0.0,0.0,0.0,0.0,0.0,0.0,0,-107875648.0,0,0.0,0,-107875648.0,0.0,0,39322,17038,52429,17052,13107,17037,0,0,0,110,100,100,0.0,64.1,0.0,64.8,-0.0,68.5,1,49,50,180,0,13107,0,0,0.0,0.0,0.0,0.0,0.0,65.5,0.0,-8.165284535421838e+35,0.0,645,0,686,0,0,0,713,0,784,0,706,0,688,0,646,0,640,0,619,0.032,36962304.0,-2.004,-0.0,43408,16789,3300.157,-7.518700395398956e+37,-0.0,0.0,0.0,0.0,29.0,60.0,70,0.0,0.0,0.0,0.0,0.0,0.0,0.0,0.0,0.0,0.0,0.0,0.0,0.0,0.0,0.0,0.0,59.6,68,12,65509,41,65476,0,300,0,0,8,20529,65476,0,0,61604,60.0,0.0,0.0,0.0,0.0,0.0
2026-04-04T11:51:57,ERR,ERR,ERR,ERR,ERR,ERR,ERR,ERR,ERR,ERR,ERR,ERR,ERR,ERR,ERR,ERR,ERR,ERR,ERR,ERR,ERR,ERR,ERR,ERR,ERR,ERR,ERR,ERR,ERR,ERR,ERR,ERR,ERR,ERR,ERR,ERR,ERR,ERR,ERR,ERR,ERR,ERR,ERR,ERR,ERR,ERR,ERR,ERR,ERR,ERR,ERR,ERR,ERR,ERR,ERR,ERR,ERR,ERR,ERR,ERR,ERR,ERR,ERR,ERR,ERR,ERR,ERR,ERR,ERR,ERR,ERR,ERR,ERR,ERR,ERR,ERR,ERR,ERR,ERR,ERR,ERR,ERR,ERR,ERR,ERR,ERR,ERR,ERR,ERR,ERR,ERR,ERR,ERR,ERR,ERR,ERR,ERR,ERR,ERR,ERR,ERR,ERR,ERR,ERR,ERR,ERR,ERR,ERR,ERR,ERR,ERR,ERR,ERR,ERR,ERR,ERR,ERR,ERR,ERR,ERR,ERR,ERR,ERR,ERR,ERR,-107615240.0,0.0,-117832800.0,0.0,0.0,0.0,0.0,nan,0,0,0,32768,0,0.0,0,0.0,0.0,0.0,0.0,0.0,0,0,0,0,0.0,0,0,0,0,0,0,0,0,0,0,0,0,0,0,0,0,0,0,0,0,0,0,0,0,0,0,0,0,0,0,0,0,0,0,0,0,0,0,0,0,0,0,0,0,0.0,0.0,0.0,0.0,0.0,0.0,0.0,0.0,0.0,0.0,0.0,0.0,0.0,0.0,0.0,0.0,0.0,0.0,0.0,0.0,0.0,0.0,2.004,-0.0,0.0,-2.004,0.0,0.0,0.0,0.0,3354.5,-0.0,0.0,-107615240.0,0.0,-107615232.0,-0.0,0.0,0.0,0.0,0.0,0,-5.8480786593265204e+35,0.0,0.0,0.0,0.0,0.0,0.0,0.0,0.0,0,0,0,0.0,0.0,0.0,0.0,0.0,0.0,0.0,0.0,0.0,0.0,0.0,0.0,0.0,0.0,0.0,0.0,0,-107875648.0,0,0.0,0,-107875648.0,-107877712.0,0,39322,17038,52429,17052,13107,17037,0,0,0,110,100,100,0.0,64.1,0.0,64.8,-0.0,68.5,1,49,50,180,0,13107,0,0,0.0,0.0,0.0,0.0,0.0,65.5,0.0,-8.165284535421838e+35,0.0,645,0,686,0,0,0,713,0,784,0,706,0,688,0,646,0,640,0,619,0.032,36962304.0,-2.004,-0.0,43408,16789,3300.157,-7.518700395398956e+37,-0.0,0.0,0.0,0.0,29.0,60.0,70,0.0,0.0,0.0,0.0,0.0,0.0,0.0,0.0,0.0,0.0,0.0,0.0,0.0,0.0,0.0,0.0,59.6,68,12,65509,41,65476,0,300,0,0,8,20529,65476,0,0,61604,60.0,0.0,0.0,0.0,0.0,0.0
2026-04-04T11:51:58,ERR,ERR,ERR,ERR,ERR,ERR,ERR,ERR,ERR,ERR,ERR,ERR,ERR,ERR,ERR,ERR,ERR,ERR,ERR,ERR,ERR,ERR,ERR,ERR,ERR,ERR,ERR,ERR,ERR,ERR,ERR,ERR,ERR,ERR,ERR,ERR,ERR,ERR,ERR,ERR,ERR,ERR,ERR,ERR,ERR,ERR,ERR,ERR,ERR,ERR,ERR,ERR,ERR,ERR,ERR,ERR,ERR,ERR,ERR,ERR,ERR,ERR,ERR,ERR,ERR,ERR,ERR,ERR,ERR,ERR,ERR,ERR,ERR,ERR,ERR,ERR,ERR,ERR,ERR,ERR,ERR,ERR,ERR,ERR,ERR,ERR,ERR,ERR,ERR,ERR,ERR,ERR,ERR,ERR,ERR,ERR,ERR,ERR,ERR,ERR,ERR,ERR,ERR,ERR,ERR,ERR,ERR,ERR,ERR,ERR,ERR,ERR,ERR,ERR,ERR,ERR,ERR,ERR,ERR,ERR,ERR,ERR,ERR,ERR,ERR,-107615240.0,0.0,-117832800.0,0.0,0.0,0.0,0.0,nan,0,0,0,32768,0,0.0,0,0.0,0.0,0.0,0.0,0.0,0,0,0,0,0.0,0,0,0,0,0,0,0,0,0,0,0,0,0,0,0,0,0,0,0,0,0,0,0,0,0,0,0,0,0,0,0,0,0,0,0,0,0,0,0,0,0,0,0,0,0.0,0.0,0.0,0.0,0.0,0.0,0.0,0.0,0.0,0.0,0.0,0.0,0.0,0.0,0.0,0.0,0.0,0.0,0.0,0.0,0.0,0.0,2.004,-0.0,0.0,-2.004,0.0,0.0,0.0,0.0,3354.5,-0.0,0.0,-107615240.0,0.0,-107615232.0,-0.0,0.0,0.0,0.0,0.0,0,-5.8480786593265204e+35,0.0,0.0,0.0,0.0,0.0,0.0,0.0,0.0,0,0,0,0.0,0.0,0.0,0.0,0.0,0.0,0.0,0.0,0.0,0.0,0.0,0.0,0.0,0.0,0.0,0.0,0,-107875648.0,0,0.0,0,-107875648.0,-107877712.0,0,39322,17038,52429,17052,13107,17037,0,0,0,110,100,100,0.0,64.1,0.0,64.8,-0.0,68.5,1,49,50,180,0,13107,0,0,0.0,0.0,0.0,0.0,0.0,65.5,0.0,-8.165284535421838e+35,0.0,645,0,686,0,0,0,713,0,784,0,706,0,688,0,646,0,640,0,619,0.032,36962304.0,-2.004,-0.0,43408,16789,3300.157,-7.518700395398956e+37,-0.0,0.0,0.0,0.0,29.0,60.0,70,0.0,0.0,0.0,0.0,0.0,0.0,0.0,0.0,0.0,0.0,0.0,0.0,0.0,0.0,0.0,0.0,59.6,68,12,65509,41,65476,0,300,0,0,8,20529,65476,0,0,61604,60.0,0.0,0.0,0.0,0.0,0.0
2026-04-04T11:51:59,ERR,ERR,ERR,ERR,ERR,ERR,ERR,ERR,ERR,ERR,ERR,ERR,ERR,ERR,ERR,ERR,ERR,ERR,ERR,ERR,ERR,ERR,ERR,ERR,ERR,ERR,ERR,ERR,ERR,ERR,ERR,ERR,ERR,ERR,ERR,ERR,ERR,ERR,ERR,ERR,ERR,ERR,ERR,ERR,ERR,ERR,ERR,ERR,ERR,ERR,ERR,ERR,ERR,ERR,ERR,ERR,ERR,ERR,ERR,ERR,ERR,ERR,ERR,ERR,ERR,ERR,ERR,ERR,ERR,ERR,ERR,ERR,ERR,ERR,ERR,ERR,ERR,ERR,ERR,ERR,ERR,ERR,ERR,ERR,ERR,ERR,ERR,ERR,ERR,ERR,ERR,ERR,ERR,ERR,ERR,ERR,ERR,ERR,ERR,ERR,ERR,ERR,ERR,ERR,ERR,ERR,ERR,ERR,ERR,ERR,ERR,ERR,ERR,ERR,ERR,ERR,ERR,ERR,ERR,ERR,ERR,ERR,ERR,ERR,ERR,-107615240.0,0.0,-117832800.0,0.0,0.0,0.0,0.0,nan,0,0,0,32768,0,0.0,0,0.0,0.0,0.0,0.0,0.0,0,0,0,0,0.0,0,0,0,0,0,0,0,0,0,0,0,0,0,0,0,0,0,0,0,0,0,0,0,0,0,0,0,0,0,0,0,0,0,0,0,0,0,0,0,0,0,0,0,0,0.0,0.0,0.0,0.0,0.0,0.0,0.0,0.0,0.0,0.0,0.0,0.0,0.0,0.0,0.0,0.0,0.0,0.0,0.0,0.0,0.0,0.0,2.004,-0.0,0.0,-2.004,0.0,0.0,0.0,0.0,3354.5,-0.0,0.0,-107615240.0,0.0,-107615232.0,-0.0,0.0,0.0,0.0,0.0,0,-5.8480786593265204e+35,0.0,0.0,0.0,0.0,0.0,0.0,0.0,0.0,0,0,0,0.0,0.0,0.0,0.0,0.0,0.0,0.0,0.0,0.0,0.0,0.0,0.0,0.0,0.0,0.0,0.0,0,-107875648.0,0,0.0,0,-107875648.0,-107877712.0,0,39322,17038,52429,17052,13107,17037,0,0,0,110,100,100,0.0,64.1,0.0,64.8,-0.0,68.5,1,49,50,180,0,13107,0,0,0.0,0.0,0.0,0.0,0.0,65.5,0.0,-8.165284535421838e+35,0.0,645,0,686,0,0,0,713,0,784,0,706,0,688,0,646,0,640,0,619,0.032,36962304.0,-2.004,-0.0,43408,16789,3300.157,-7.518700395398956e+37,-0.0,0.0,0.0,0.0,29.0,60.0,70,0.0,0.0,0.0,0.0,0.0,0.0,0.0,0.0,0.0,0.0,0.0,0.0,0.0,0.0,0.0,0.0,59.2,68,12,65509,41,65476,0,300,0,0,8,20529,65476,0,0,61604,60.0,0.0,0.0,0.0,0.0,0.0
2026-04-04T11:52:00,ERR,ERR,ERR,ERR,ERR,ERR,ERR,ERR,ERR,ERR,ERR,ERR,ERR,ERR,ERR,ERR,ERR,ERR,ERR,ERR,ERR,ERR,ERR,ERR,ERR,ERR,ERR,ERR,ERR,ERR,ERR,ERR,ERR,ERR,ERR,ERR,ERR,ERR,ERR,ERR,ERR,ERR,ERR,ERR,ERR,ERR,ERR,ERR,ERR,ERR,ERR,ERR,ERR,ERR,ERR,ERR,ERR,ERR,ERR,ERR,ERR,ERR,ERR,ERR,ERR,ERR,ERR,ERR,ERR,ERR,ERR,ERR,ERR,ERR,ERR,ERR,ERR,ERR,ERR,ERR,ERR,ERR,ERR,ERR,ERR,ERR,ERR,ERR,ERR,ERR,ERR,ERR,ERR,ERR,ERR,ERR,ERR,ERR,ERR,ERR,ERR,ERR,ERR,ERR,ERR,ERR,ERR,ERR,ERR,ERR,ERR,ERR,ERR,ERR,ERR,ERR,ERR,ERR,ERR,ERR,ERR,ERR,ERR,ERR,ERR,-107615240.0,0.0,-117832800.0,0.0,0.0,0.0,0.0,nan,0,0,0,32768,0,0.0,0,0.0,0.0,0.0,0.0,0.0,0,0,0,0,0.0,0,0,0,0,0,0,0,0,0,0,0,0,0,0,0,0,0,0,0,0,0,0,0,0,0,0,0,0,0,0,0,0,0,0,0,0,0,0,0,0,0,0,0,0,0.0,0.0,0.0,0.0,0.0,0.0,0.0,0.0,0.0,0.0,0.0,0.0,0.0,0.0,0.0,0.0,0.0,0.0,0.0,0.0,0.0,0.0,2.004,-0.0,0.0,-2.004,0.0,0.0,0.0,0.0,3354.5,-0.0,0.0,-107615240.0,0.0,-107615232.0,-0.0,0.0,0.0,0.0,0.0,0,-5.8480786593265204e+35,0.0,0.0,0.0,0.0,0.0,0.0,0.0,0.0,0,0,0,0.0,0.0,0.0,0.0,0.0,0.0,0.0,0.0,0.0,0.0,0.0,0.0,0.0,0.0,0.0,0.0,0,-107875648.0,0,0.0,0,-107875648.0,-107877712.0,0,39322,17038,52429,17052,13107,17037,0,0,0,110,100,100,0.0,64.1,0.0,64.8,-0.0,68.5,1,49,50,180,0,13107,0,0,0.0,0.0,0.0,0.0,21409.256,65.5,0.0,-0.377,0.0,645,0,686,0,0,0,713,0,785,0,706,0,688,0,646,0,640,0,619,0.032,36962304.0,-2.004,-0.0,32528,16789,1282.078,-0.0,1.641583642092241e+18,-0.0,0.0,-4.163004804200782e+33,29.0,60.0,70,0.0,0.0,0.0,0.0,0.0,0.0,0.0,0.0,0.0,0.0,0.0,0.0,0.0,0.0,0.0,0.0,59.2,68,12,65509,41,65476,0,300,0,0,8,20529,65476,0,0,61604,60.0,0.0,0.0,0.0,0.0,0.0
2026-04-04T11:52:01,ERR,ERR,ERR,ERR,ERR,ERR,ERR,ERR,ERR,ERR,ERR,ERR,ERR,ERR,ERR,ERR,ERR,ERR,ERR,ERR,ERR,ERR,ERR,ERR,ERR,ERR,ERR,ERR,ERR,ERR,ERR,ERR,ERR,ERR,ERR,ERR,ERR,ERR,ERR,ERR,ERR,ERR,ERR,ERR,ERR,ERR,ERR,ERR,ERR,ERR,ERR,ERR,ERR,ERR,ERR,ERR,ERR,ERR,ERR,ERR,ERR,ERR,ERR,ERR,ERR,ERR,ERR,ERR,ERR,ERR,ERR,ERR,ERR,ERR,ERR,ERR,ERR,ERR,ERR,ERR,ERR,ERR,ERR,ERR,ERR,ERR,ERR,ERR,ERR,ERR,ERR,ERR,ERR,ERR,ERR,ERR,ERR,ERR,ERR,ERR,ERR,ERR,ERR,ERR,ERR,ERR,ERR,ERR,ERR,ERR,ERR,ERR,ERR,ERR,ERR,ERR,ERR,ERR,ERR,ERR,ERR,ERR,ERR,ERR,ERR,-107615240.0,0.0,-117832800.0,0.0,0.0,0.0,0.0,nan,0,0,0,32768,0,0.0,0,0.0,0.0,0.0,0.0,0.0,0,0,0,0,0.0,0,0,0,0,0,0,0,0,0,0,0,0,0,0,0,0,0,0,0,0,0,0,0,0,0,0,0,0,0,0,0,0,0,0,0,0,0,0,0,0,0,0,0,0,0.0,0.0,0.0,0.0,0.0,0.0,0.0,0.0,0.0,0.0,0.0,0.0,0.0,0.0,0.0,0.0,0.0,0.0,0.0,0.0,0.0,0.0,2.004,-0.0,0.0,-2.004,0.0,0.0,0.0,0.0,3354.5,-0.0,0.0,-107615240.0,0.0,-107615232.0,-0.0,0.0,0.0,0.0,0.0,0,-5.8480786593265204e+35,0.0,0.0,0.0,0.0,0.0,0.0,0.0,0.0,0,0,0,0.0,0.0,0.0,0.0,0.0,0.0,0.0,0.0,0.0,0.0,0.0,0.0,0.0,0.0,0.0,0.0,0,-107875648.0,0,0.0,0,-107875648.0,-107877712.0,0,39322,17038,52429,17052,13107,17037,0,0,0,110,100,100,0.0,64.1,0.0,64.8,-0.0,68.5,1,49,50,180,0,13107,0,0,0.0,0.0,0.0,0.0,21409.256,65.5,0.0,-0.377,0.0,645,0,686,0,0,0,713,0,785,0,706,0,688,0,646,0,640,0,619,0.032,36962304.0,-2.004,-0.0,32528,16789,1282.078,-0.0,1.641583642092241e+18,-0.0,0.0,-4.163004804200782e+33,29.0,60.0,70,0.0,0.0,0.0,0.0,0.0,0.0,0.0,0.0,0.0,0.0,0.0,0.0,0.0,0.0,0.0,0.0,59.2,68,12,65509,41,65476,0,300,0,0,8,20529,65476,0,0,61604,60.0,0.0,0.0,0.0,0.0,0.0
2026-04-04T11:52:02,ERR,ERR,ERR,ERR,ERR,ERR,ERR,ERR,ERR,ERR,ERR,ERR,ERR,ERR,ERR,ERR,ERR,ERR,ERR,ERR,ERR,ERR,ERR,ERR,ERR,ERR,ERR,ERR,ERR,ERR,ERR,ERR,ERR,ERR,ERR,ERR,ERR,ERR,ERR,ERR,ERR,ERR,ERR,ERR,ERR,ERR,ERR,ERR,ERR,ERR,ERR,ERR,ERR,ERR,ERR,ERR,ERR,ERR,ERR,ERR,ERR,ERR,ERR,ERR,ERR,ERR,ERR,ERR,ERR,ERR,ERR,ERR,ERR,ERR,ERR,ERR,ERR,ERR,ERR,ERR,ERR,ERR,ERR,ERR,ERR,ERR,ERR,ERR,ERR,ERR,ERR,ERR,ERR,ERR,ERR,ERR,ERR,ERR,ERR,ERR,ERR,ERR,ERR,ERR,ERR,ERR,ERR,ERR,ERR,ERR,ERR,ERR,ERR,ERR,ERR,ERR,ERR,ERR,ERR,ERR,ERR,ERR,ERR,ERR,ERR,-107615240.0,0.0,-117832800.0,0.0,0.0,0.0,0.0,nan,0,0,0,32768,0,0.0,0,0.0,0.0,0.0,0.0,0.0,0,0,0,0,0.0,0,0,0,0,0,0,0,0,0,0,0,0,0,0,0,0,0,0,0,0,0,0,0,0,0,0,0,0,0,0,0,0,0,0,0,0,0,0,0,0,0,0,0,0,0.0,0.0,0.0,0.0,0.0,0.0,0.0,0.0,0.0,0.0,0.0,0.0,0.0,0.0,0.0,0.0,0.0,0.0,0.0,0.0,0.0,0.0,2.004,-0.0,0.0,-2.004,0.0,0.0,0.0,0.0,3354.5,-0.0,0.0,-107615240.0,0.0,-107615232.0,-0.0,0.0,0.0,0.0,0.0,0,-5.8480786593265204e+35,0.0,0.0,0.0,0.0,0.0,0.0,0.0,0.0,0,0,0,0.0,0.0,0.0,0.0,0.0,0.0,0.0,0.0,0.0,0.0,0.0,0.0,0.0,0.0,0.0,0.0,0,-107875648.0,0,0.0,0,-107875648.0,-107877712.0,0,39322,17038,52429,17052,13107,17037,0,0,0,110,100,100,0.0,64.1,0.0,64.8,-0.0,68.5,1,49,50,180,0,13107,0,0,0.0,0.0,0.0,0.0,21409.256,65.5,0.0,-0.377,0.0,645,0,686,0,0,0,713,0,785,0,706,0,688,0,646,0,640,0,619,0.032,36962304.0,-2.004,-0.0,32528,16789,1282.078,-0.0,1.641583642092241e+18,-0.0,0.0,-4.163004804200782e+33,29.0,60.0,70,0.0,0.0,0.0,0.0,0.0,0.0,0.0,0.0,0.0,0.0,0.0,0.0,0.0,0.0,0.0,0.0,59.2,68,12,65509,41,65476,0,300,0,0,8,20529,65476,0,0,61604,60.0,0.0,0.0,0.0,0.0,0.0
2026-04-04T11:52:03,ERR,ERR,ERR,ERR,ERR,ERR,ERR,ERR,ERR,ERR,ERR,ERR,ERR,ERR,ERR,ERR,ERR,ERR,ERR,ERR,ERR,ERR,ERR,ERR,ERR,ERR,ERR,ERR,ERR,ERR,ERR,ERR,ERR,ERR,ERR,ERR,ERR,ERR,ERR,ERR,ERR,ERR,ERR,ERR,ERR,ERR,ERR,ERR,ERR,ERR,ERR,ERR,ERR,ERR,ERR,ERR,ERR,ERR,ERR,ERR,ERR,ERR,ERR,ERR,ERR,ERR,ERR,ERR,ERR,ERR,ERR,ERR,ERR,ERR,ERR,ERR,ERR,ERR,ERR,ERR,ERR,ERR,ERR,ERR,ERR,ERR,ERR,ERR,ERR,ERR,ERR,ERR,ERR,ERR,ERR,ERR,ERR,ERR,ERR,ERR,ERR,ERR,ERR,ERR,ERR,ERR,ERR,ERR,ERR,ERR,ERR,ERR,ERR,ERR,ERR,ERR,ERR,ERR,ERR,ERR,ERR,ERR,ERR,ERR,ERR,-107615240.0,0.0,-117832800.0,0.0,0.0,0.0,0.0,nan,0,0,0,32768,0,0.0,0,0.0,0.0,0.0,0.0,0.0,0,0,0,0,0.0,0,0,0,0,0,0,0,0,0,0,0,0,0,0,0,0,0,0,0,0,0,0,0,0,0,0,0,0,0,0,0,0,0,0,0,0,0,0,0,0,0,0,0,0,0.0,0.0,0.0,0.0,0.0,0.0,0.0,0.0,0.0,0.0,0.0,0.0,0.0,0.0,0.0,0.0,0.0,0.0,0.0,0.0,0.0,0.0,2.004,-0.0,0.0,-2.004,0.0,0.0,0.0,0.0,3354.5,-0.0,0.0,-107615240.0,0.0,-107615232.0,-0.0,0.0,0.0,0.0,0.0,0,-5.8480786593265204e+35,0.0,0.0,0.0,0.0,0.0,0.0,0.0,0.0,0,0,0,0.0,0.0,0.0,0.0,0.0,0.0,0.0,0.0,0.0,0.0,0.0,0.0,0.0,0.0,0.0,0.0,0,-107875648.0,0,0.0,0,-107875648.0,-107877712.0,0,39322,17038,52429,17052,13107,17037,0,0,0,110,100,100,0.0,64.1,0.0,64.8,-0.0,68.5,1,49,50,180,0,13107,0,0,0.0,0.0,0.0,0.0,21409.256,65.5,0.0,-0.377,0.0,645,0,686,0,0,0,713,0,785,0,706,0,688,0,646,0,640,0,619,0.032,36962304.0,-2.004,-0.0,32528,16789,1282.078,-0.0,1.641583642092241e+18,-0.0,0.0,-4.163004804200782e+33,29.0,60.0,70,0.0,0.0,0.0,0.0,0.0,0.0,0.0,0.0,0.0,0.0,0.0,0.0,0.0,0.0,0.0,0.0,59.2,68,12,65509,41,65476,0,300,0,0,8,20529,65476,0,0,61604,60.0,0.0,0.0,0.0,0.0,0.0
2026-04-04T11:52:04,ERR,ERR,ERR,ERR,ERR,ERR,ERR,ERR,ERR,ERR,ERR,ERR,ERR,ERR,ERR,ERR,ERR,ERR,ERR,ERR,ERR,ERR,ERR,ERR,ERR,ERR,ERR,ERR,ERR,ERR,ERR,ERR,ERR,ERR,ERR,ERR,ERR,ERR,ERR,ERR,ERR,ERR,ERR,ERR,ERR,ERR,ERR,ERR,ERR,ERR,ERR,ERR,ERR,ERR,ERR,ERR,ERR,ERR,ERR,ERR,ERR,ERR,ERR,ERR,ERR,ERR,ERR,ERR,ERR,ERR,ERR,ERR,ERR,ERR,ERR,ERR,ERR,ERR,ERR,ERR,ERR,ERR,ERR,ERR,ERR,ERR,ERR,ERR,ERR,ERR,ERR,ERR,ERR,ERR,ERR,ERR,ERR,ERR,ERR,ERR,ERR,ERR,ERR,ERR,ERR,ERR,ERR,ERR,ERR,ERR,ERR,ERR,ERR,ERR,ERR,ERR,ERR,ERR,ERR,ERR,ERR,ERR,ERR,ERR,ERR,-107615240.0,0.0,-117832800.0,0.0,0.0,0.0,0.0,nan,0,0,0,32768,0,0.0,0,0.0,0.0,0.0,0.0,0.0,0,0,0,0,0.0,0,0,0,0,0,0,0,0,0,0,0,0,0,0,0,0,0,0,0,0,0,0,0,0,0,0,0,0,0,0,0,0,0,0,0,0,0,0,0,0,0,0,0,0,0.0,0.0,0.0,0.0,0.0,0.0,0.0,0.0,0.0,0.0,0.0,0.0,0.0,0.0,0.0,0.0,0.0,0.0,0.0,0.0,0.0,0.0,2.004,-0.0,0.0,-2.004,0.0,0.0,0.0,0.0,3354.5,-0.0,0.0,-107615240.0,0.0,-107615232.0,-0.0,0.0,0.0,0.0,0.0,0,-5.8480786593265204e+35,0.0,0.0,0.0,0.0,0.0,0.0,0.0,0.0,0,0,0,0.0,0.0,0.0,0.0,0.0,0.0,0.0,0.0,0.0,0.0,0.0,0.0,0.0,0.0,0.0,0.0,0,-107875648.0,0,0.0,0,-107875648.0,-107877712.0,0,39322,17038,52429,17052,13107,17037,0,0,0,110,100,100,0.0,64.1,0.0,64.8,-0.0,68.5,1,49,50,180,0,13107,0,0,0.0,0.0,0.0,0.0,21409.256,65.5,0.0,-0.377,0.0,645,0,686,0,0,0,713,0,785,0,706,0,688,0,646,0,640,0,619,0.032,36962304.0,-2.004,-0.0,32528,16789,1282.078,-0.0,1.641583642092241e+18,-0.0,0.0,-4.163004804200782e+33,29.0,60.0,70,0.0,0.0,0.0,0.0,0.0,0.0,0.0,0.0,0.0,0.0,0.0,0.0,0.0,0.0,0.0,0.0,59.6,68,12,65509,41,65476,0,300,0,0,8,20529,65476,0,0,61604,60.0,0.0,0.0,0.0,0.0,0.0
2026-04-04T11:52:05,ERR,ERR,ERR,ERR,ERR,ERR,ERR,ERR,ERR,ERR,ERR,ERR,ERR,ERR,ERR,ERR,ERR,ERR,ERR,ERR,ERR,ERR,ERR,ERR,ERR,ERR,ERR,ERR,ERR,ERR,ERR,ERR,ERR,ERR,ERR,ERR,ERR,ERR,ERR,ERR,ERR,ERR,ERR,ERR,ERR,ERR,ERR,ERR,ERR,ERR,ERR,ERR,ERR,ERR,ERR,ERR,ERR,ERR,ERR,ERR,ERR,ERR,ERR,ERR,ERR,ERR,ERR,ERR,ERR,ERR,ERR,ERR,ERR,ERR,ERR,ERR,ERR,ERR,ERR,ERR,ERR,ERR,ERR,ERR,ERR,ERR,ERR,ERR,ERR,ERR,ERR,ERR,ERR,ERR,ERR,ERR,ERR,ERR,ERR,ERR,ERR,ERR,ERR,ERR,ERR,ERR,ERR,ERR,ERR,ERR,ERR,ERR,ERR,ERR,ERR,ERR,ERR,ERR,ERR,ERR,ERR,ERR,ERR,ERR,ERR,-107615240.0,0.0,-117832800.0,0.0,0.0,0.0,0.0,nan,0,0,0,32768,0,0.0,0,0.0,0.0,0.0,0.0,0.0,0,0,0,0,0.0,0,0,0,0,0,0,0,0,0,0,0,0,0,0,0,0,0,0,0,0,0,0,0,0,0,0,0,0,0,0,0,0,0,0,0,0,0,0,0,0,0,0,0,0,0.0,0.0,0.0,0.0,0.0,0.0,0.0,0.0,0.0,0.0,0.0,0.0,0.0,0.0,0.0,0.0,0.0,0.0,0.0,0.0,0.0,0.0,2.004,-0.0,-2.004,-2.004,0.0,0.0,0.0,0.0,3354.5,-0.0,0.0,-107615240.0,0.0,-107615232.0,-0.0,0.0,0.0,0.0,0.0,0,-5.8480786593265204e+35,0.0,0.0,0.0,0.0,0.0,0.0,0.0,0.0,0,0,0,0.0,0.0,0.0,0.0,0.0,0.0,0.0,0.0,0.0,0.0,0.0,0.0,0.0,0.0,0.0,0.0,0,-107875648.0,0,0.0,0,-107875648.0,0.0,0,39322,17038,52429,17052,13107,17037,0,0,0,110,100,100,0.0,64.0,0.0,64.8,-0.0,68.5,1,49,50,180,0,13107,0,0,0.0,0.0,0.0,0.0,0.0,65.5,0.0,2.569952780311593e+17,0.0,645,0,686,0,0,0,713,0,784,0,706,0,688,0,645,0,640,0,619,0.032,36700160.0,-2.004,-0.0,30096,16789,10961539.0,5644539.0,1012745.812,-20741914.0,-1.4165748859894638e+35,-8.03992261195782e+23,29.0,60.0,70,0.0,0.0,0.0,0.0,0.0,0.0,0.0,0.0,0.0,0.0,0.0,0.0,0.0,0.0,0.0,0.0,59.6,68,12,65509,41,65476,0,300,0,0,8,20529,65476,0,0,61604,60.0,0.0,0.0,0.0,0.0,0.0
2026-04-04T11:52:06,ERR,ERR,ERR,ERR,ERR,ERR,ERR,ERR,ERR,ERR,ERR,ERR,ERR,ERR,ERR,ERR,ERR,ERR,ERR,ERR,ERR,ERR,ERR,ERR,ERR,ERR,ERR,ERR,ERR,ERR,ERR,ERR,ERR,ERR,ERR,ERR,ERR,ERR,ERR,ERR,ERR,ERR,ERR,ERR,ERR,ERR,ERR,ERR,ERR,ERR,ERR,ERR,ERR,ERR,ERR,ERR,ERR,ERR,ERR,ERR,ERR,ERR,ERR,ERR,ERR,ERR,ERR,ERR,ERR,ERR,ERR,ERR,ERR,ERR,ERR,ERR,ERR,ERR,ERR,ERR,ERR,ERR,ERR,ERR,ERR,ERR,ERR,ERR,ERR,ERR,ERR,ERR,ERR,ERR,ERR,ERR,ERR,ERR,ERR,ERR,ERR,ERR,ERR,ERR,ERR,ERR,ERR,ERR,ERR,ERR,ERR,ERR,ERR,ERR,ERR,ERR,ERR,ERR,ERR,ERR,ERR,ERR,ERR,ERR,ERR,-107615240.0,0.0,-117832800.0,0.0,0.0,0.0,0.0,nan,0,0,0,32768,0,0.0,0,0.0,0.0,0.0,0.0,0.0,0,0,0,0,0.0,0,0,0,0,0,0,0,0,0,0,0,0,0,0,0,0,0,0,0,0,0,0,0,0,0,0,0,0,0,0,0,0,0,0,0,0,0,0,0,0,0,0,0,0,0.0,0.0,0.0,0.0,0.0,0.0,0.0,0.0,0.0,0.0,0.0,0.0,0.0,0.0,0.0,0.0,0.0,0.0,0.0,0.0,0.0,0.0,2.004,-0.0,-2.004,-2.004,0.0,0.0,0.0,0.0,3354.5,-0.0,0.0,-107615240.0,0.0,-107615232.0,-0.0,0.0,0.0,0.0,0.0,0,-5.8480786593265204e+35,0.0,0.0,0.0,0.0,0.0,0.0,0.0,0.0,0,0,0,0.0,0.0,0.0,0.0,0.0,0.0,0.0,0.0,0.0,0.0,0.0,0.0,0.0,0.0,0.0,0.0,0,-107875648.0,0,0.0,0,-107875648.0,0.0,0,39322,17038,52429,17052,13107,17037,0,0,0,110,100,100,0.0,64.0,0.0,64.8,-0.0,68.5,1,49,50,180,0,13107,0,0,0.0,0.0,0.0,0.0,0.0,65.5,0.0,2.569952780311593e+17,0.0,645,0,686,0,0,0,713,0,784,0,706,0,688,0,645,0,640,0,619,0.032,36700160.0,-2.004,-0.0,30096,16789,10961539.0,5644539.0,1012745.812,-20741914.0,-1.4165748859894638e+35,-8.03992261195782e+23,29.0,60.0,70,0.0,0.0,0.0,0.0,0.0,0.0,0.0,0.0,0.0,0.0,0.0,0.0,0.0,0.0,0.0,0.0,59.6,68,12,65509,41,65476,0,300,0,0,8,20529,65476,0,0,61604,60.0,0.0,0.0,0.0,0.0,0.0
2026-04-04T11:52:07,ERR,ERR,ERR,ERR,ERR,ERR,ERR,ERR,ERR,ERR,ERR,ERR,ERR,ERR,ERR,ERR,ERR,ERR,ERR,ERR,ERR,ERR,ERR,ERR,ERR,ERR,ERR,ERR,ERR,ERR,ERR,ERR,ERR,ERR,ERR,ERR,ERR,ERR,ERR,ERR,ERR,ERR,ERR,ERR,ERR,ERR,ERR,ERR,ERR,ERR,ERR,ERR,ERR,ERR,ERR,ERR,ERR,ERR,ERR,ERR,ERR,ERR,ERR,ERR,ERR,ERR,ERR,ERR,ERR,ERR,ERR,ERR,ERR,ERR,ERR,ERR,ERR,ERR,ERR,ERR,ERR,ERR,ERR,ERR,ERR,ERR,ERR,ERR,ERR,ERR,ERR,ERR,ERR,ERR,ERR,ERR,ERR,ERR,ERR,ERR,ERR,ERR,ERR,ERR,ERR,ERR,ERR,ERR,ERR,ERR,ERR,ERR,ERR,ERR,ERR,ERR,ERR,ERR,ERR,ERR,ERR,ERR,ERR,ERR,ERR,-107615240.0,0.0,-117832800.0,0.0,0.0,0.0,0.0,nan,0,0,0,32768,0,0.0,0,0.0,0.0,0.0,0.0,0.0,0,0,0,0,0.0,0,0,0,0,0,0,0,0,0,0,0,0,0,0,0,0,0,0,0,0,0,0,0,0,0,0,0,0,0,0,0,0,0,0,0,0,0,0,0,0,0,0,0,0,0.0,0.0,0.0,0.0,0.0,0.0,0.0,0.0,0.0,0.0,0.0,0.0,0.0,0.0,0.0,0.0,0.0,0.0,0.0,0.0,0.0,0.0,2.004,-0.0,-2.004,-2.004,0.0,0.0,0.0,0.0,3354.5,-0.0,0.0,-107615240.0,0.0,-107615232.0,-0.0,0.0,0.0,0.0,0.0,0,-5.8480786593265204e+35,0.0,0.0,0.0,0.0,0.0,0.0,0.0,0.0,0,0,0,0.0,0.0,0.0,0.0,0.0,0.0,0.0,0.0,0.0,0.0,0.0,0.0,0.0,0.0,0.0,0.0,0,-107875648.0,0,0.0,0,-107875648.0,0.0,0,39322,17038,52429,17052,13107,17037,0,0,0,110,100,100,0.0,64.0,0.0,64.8,-0.0,68.5,1,49,50,180,0,13107,0,0,0.0,0.0,0.0,0.0,0.0,65.5,0.0,2.569952780311593e+17,0.0,645,0,686,0,0,0,713,0,784,0,706,0,688,0,645,0,640,0,619,0.032,36700160.0,-2.004,-0.0,30096,16789,10961539.0,5644539.0,1012745.812,-20741914.0,-1.4165748859894638e+35,-8.03992261195782e+23,29.0,60.0,70,0.0,0.0,0.0,0.0,0.0,0.0,0.0,0.0,0.0,0.0,0.0,0.0,0.0,0.0,0.0,0.0,59.6,68,12,65509,41,65476,0,300,0,0,8,20529,65476,0,0,61604,60.0,0.0,0.0,0.0,0.0,0.0
2026-04-04T11:52:08,ERR,ERR,ERR,ERR,ERR,ERR,ERR,ERR,ERR,ERR,ERR,ERR,ERR,ERR,ERR,ERR,ERR,ERR,ERR,ERR,ERR,ERR,ERR,ERR,ERR,ERR,ERR,ERR,ERR,ERR,ERR,ERR,ERR,ERR,ERR,ERR,ERR,ERR,ERR,ERR,ERR,ERR,ERR,ERR,ERR,ERR,ERR,ERR,ERR,ERR,ERR,ERR,ERR,ERR,ERR,ERR,ERR,ERR,ERR,ERR,ERR,ERR,ERR,ERR,ERR,ERR,ERR,ERR,ERR,ERR,ERR,ERR,ERR,ERR,ERR,ERR,ERR,ERR,ERR,ERR,ERR,ERR,ERR,ERR,ERR,ERR,ERR,ERR,ERR,ERR,ERR,ERR,ERR,ERR,ERR,ERR,ERR,ERR,ERR,ERR,ERR,ERR,ERR,ERR,ERR,ERR,ERR,ERR,ERR,ERR,ERR,ERR,ERR,ERR,ERR,ERR,ERR,ERR,ERR,ERR,ERR,ERR,ERR,ERR,ERR,-107615240.0,0.0,-117832800.0,0.0,0.0,0.0,0.0,nan,0,0,0,32768,0,0.0,0,0.0,0.0,0.0,0.0,0.0,0,0,0,0,0.0,0,0,0,0,0,0,0,0,0,0,0,0,0,0,0,0,0,0,0,0,0,0,0,0,0,0,0,0,0,0,0,0,0,0,0,0,0,0,0,0,0,0,0,0,0.0,0.0,0.0,0.0,0.0,0.0,0.0,0.0,0.0,0.0,0.0,0.0,0.0,0.0,0.0,0.0,0.0,0.0,0.0,0.0,0.0,0.0,2.004,-0.0,-2.004,-2.004,0.0,0.0,0.0,0.0,3354.5,-0.0,0.0,-107615240.0,0.0,-107615232.0,-0.0,0.0,0.0,0.0,0.0,0,-5.8480786593265204e+35,0.0,0.0,0.0,0.0,0.0,0.0,0.0,0.0,0,0,0,0.0,0.0,0.0,0.0,0.0,0.0,0.0,0.0,0.0,0.0,0.0,0.0,0.0,0.0,0.0,0.0,0,-107875648.0,0,0.0,0,-107875648.0,0.0,0,39322,17038,52429,17052,13107,17037,0,0,0,110,100,100,0.0,64.0,0.0,64.8,-0.0,68.5,1,49,50,180,0,13107,0,0,0.0,0.0,0.0,0.0,0.0,65.5,0.0,2.569952780311593e+17,0.0,645,0,686,0,0,0,713,0,784,0,706,0,688,0,645,0,640,0,619,0.032,36700160.0,-2.004,-0.0,30096,16789,10961539.0,5644539.0,1012745.812,-20741914.0,-1.4165748859894638e+35,-8.03992261195782e+23,29.0,60.0,70,0.0,0.0,0.0,0.0,0.0,0.0,0.0,0.0,0.0,0.0,0.0,0.0,0.0,0.0,0.0,0.0,59.6,68,12,65509,41,65476,0,300,0,0,8,20529,65476,0,0,61604,60.0,0.0,0.0,0.0,0.0,0.0
2026-04-04T11:52:09,ERR,ERR,ERR,ERR,ERR,ERR,ERR,ERR,ERR,ERR,ERR,ERR,ERR,ERR,ERR,ERR,ERR,ERR,ERR,ERR,ERR,ERR,ERR,ERR,ERR,ERR,ERR,ERR,ERR,ERR,ERR,ERR,ERR,ERR,ERR,ERR,ERR,ERR,ERR,ERR,ERR,ERR,ERR,ERR,ERR,ERR,ERR,ERR,ERR,ERR,ERR,ERR,ERR,ERR,ERR,ERR,ERR,ERR,ERR,ERR,ERR,ERR,ERR,ERR,ERR,ERR,ERR,ERR,ERR,ERR,ERR,ERR,ERR,ERR,ERR,ERR,ERR,ERR,ERR,ERR,ERR,ERR,ERR,ERR,ERR,ERR,ERR,ERR,ERR,ERR,ERR,ERR,ERR,ERR,ERR,ERR,ERR,ERR,ERR,ERR,ERR,ERR,ERR,ERR,ERR,ERR,ERR,ERR,ERR,ERR,ERR,ERR,ERR,ERR,ERR,ERR,ERR,ERR,ERR,ERR,ERR,ERR,ERR,ERR,ERR,-107615240.0,0.0,-117832800.0,0.0,0.0,0.0,0.0,nan,0,0,0,32768,0,0.0,0,0.0,0.0,0.0,0.0,0.0,0,0,0,0,0.0,0,0,0,0,0,0,0,0,0,0,0,0,0,0,0,0,0,0,0,0,0,0,0,0,0,0,0,0,0,0,0,0,0,0,0,0,0,0,0,0,0,0,0,0,0.0,0.0,0.0,0.0,0.0,0.0,0.0,0.0,0.0,0.0,0.0,0.0,0.0,0.0,0.0,0.0,0.0,0.0,0.0,0.0,0.0,0.0,2.004,-0.0,-2.004,-2.004,0.0,0.0,0.0,0.0,3354.5,-0.0,0.0,-107615240.0,0.0,-107615232.0,-0.0,0.0,0.0,0.0,0.0,0,-5.8480786593265204e+35,0.0,0.0,0.0,0.0,0.0,0.0,0.0,0.0,0,0,0,0.0,0.0,0.0,0.0,0.0,0.0,0.0,0.0,0.0,0.0,0.0,0.0,0.0,0.0,0.0,0.0,0,-107875648.0,0,0.0,0,-107875648.0,0.0,0,39322,17038,52429,17052,13107,17037,0,0,0,110,100,100,0.0,64.0,0.0,64.8,-0.0,68.5,1,49,50,180,0,13107,0,0,0.0,0.0,0.0,0.0,21409.256,65.5,0.0,-2.632780808145923e+34,0.0,645,0,686,0,0,0,713,0,785,0,706,0,688,0,645,0,640,0,619,0.032,36962304.0,-2.004,-0.0,22800,16789,0.0,-1.5478852567867746e+20,-14517153038336.0,-0.0,-0.0,-0.0,29.0,60.0,70,0.0,0.0,0.0,0.0,0.0,0.0,0.0,0.0,0.0,0.0,0.0,0.0,0.0,0.0,0.0,0.0,59.6,68,12,65509,41,65476,0,300,0,0,8,20529,65476,0,0,61604,60.0,0.0,0.0,0.0,0.0,0.0
2026-04-04T11:52:10,ERR,ERR,ERR,ERR,ERR,ERR,ERR,ERR,ERR,ERR,ERR,ERR,ERR,ERR,ERR,ERR,ERR,ERR,ERR,ERR,ERR,ERR,ERR,ERR,ERR,ERR,ERR,ERR,ERR,ERR,ERR,ERR,ERR,ERR,ERR,ERR,ERR,ERR,ERR,ERR,ERR,ERR,ERR,ERR,ERR,ERR,ERR,ERR,ERR,ERR,ERR,ERR,ERR,ERR,ERR,ERR,ERR,ERR,ERR,ERR,ERR,ERR,ERR,ERR,ERR,ERR,ERR,ERR,ERR,ERR,ERR,ERR,ERR,ERR,ERR,ERR,ERR,ERR,ERR,ERR,ERR,ERR,ERR,ERR,ERR,ERR,ERR,ERR,ERR,ERR,ERR,ERR,ERR,ERR,ERR,ERR,ERR,ERR,ERR,ERR,ERR,ERR,ERR,ERR,ERR,ERR,ERR,ERR,ERR,ERR,ERR,ERR,ERR,ERR,ERR,ERR,ERR,ERR,ERR,ERR,ERR,ERR,ERR,ERR,ERR,-107615240.0,0.0,-117832800.0,0.0,0.0,0.0,0.0,nan,0,0,0,32768,0,0.0,0,0.0,0.0,0.0,0.0,0.0,0,0,0,0,0.0,0,0,0,0,0,0,0,0,0,0,0,0,0,0,0,0,0,0,0,0,0,0,0,0,0,0,0,0,0,0,0,0,0,0,0,0,0,0,0,0,0,0,0,0,0.0,0.0,0.0,0.0,0.0,0.0,0.0,0.0,0.0,0.0,0.0,0.0,0.0,0.0,0.0,0.0,0.0,0.0,0.0,0.0,0.0,0.0,2.004,-0.0,-2.004,-2.004,0.0,0.0,0.0,0.0,3354.5,-0.0,0.0,-107615240.0,0.0,-107615232.0,-0.0,0.0,0.0,0.0,0.0,0,-5.8480786593265204e+35,0.0,0.0,0.0,0.0,0.0,0.0,0.0,0.0,0,0,0,0.0,0.0,0.0,0.0,0.0,0.0,0.0,0.0,0.0,0.0,0.0,0.0,0.0,0.0,0.0,0.0,0,-107875648.0,0,0.0,0,-107875648.0,0.0,0,39322,17038,52429,17052,13107,17037,0,0,0,110,100,100,0.0,64.0,0.0,64.8,-0.0,68.5,1,49,50,180,0,13107,0,0,0.0,0.0,0.0,0.0,21409.256,65.5,0.0,-2.632780808145923e+34,0.0,645,0,686,0,0,0,713,0,785,0,706,0,688,0,645,0,640,0,619,0.032,36962304.0,-2.004,-0.0,22800,16789,0.0,-1.5478852567867746e+20,-14517153038336.0,-0.0,-0.0,-0.0,29.0,60.0,70,0.0,0.0,0.0,0.0,0.0,0.0,0.0,0.0,0.0,0.0,0.0,0.0,0.0,0.0,0.0,0.0,59.2,68,12,65509,41,65476,0,300,0,0,8,20529,65476,0,0,61604,60.0,0.0,0.0,0.0,0.0,0.0
2026-04-04T11:52:11,ERR,ERR,ERR,ERR,ERR,ERR,ERR,ERR,ERR,ERR,ERR,ERR,ERR,ERR,ERR,ERR,ERR,ERR,ERR,ERR,ERR,ERR,ERR,ERR,ERR,ERR,ERR,ERR,ERR,ERR,ERR,ERR,ERR,ERR,ERR,ERR,ERR,ERR,ERR,ERR,ERR,ERR,ERR,ERR,ERR,ERR,ERR,ERR,ERR,ERR,ERR,ERR,ERR,ERR,ERR,ERR,ERR,ERR,ERR,ERR,ERR,ERR,ERR,ERR,ERR,ERR,ERR,ERR,ERR,ERR,ERR,ERR,ERR,ERR,ERR,ERR,ERR,ERR,ERR,ERR,ERR,ERR,ERR,ERR,ERR,ERR,ERR,ERR,ERR,ERR,ERR,ERR,ERR,ERR,ERR,ERR,ERR,ERR,ERR,ERR,ERR,ERR,ERR,ERR,ERR,ERR,ERR,ERR,ERR,ERR,ERR,ERR,ERR,ERR,ERR,ERR,ERR,ERR,ERR,ERR,ERR,ERR,ERR,ERR,ERR,-107615240.0,0.0,-117832800.0,0.0,0.0,0.0,0.0,nan,0,0,0,32768,0,0.0,0,0.0,0.0,0.0,0.0,0.0,0,0,0,0,0.0,0,0,0,0,0,0,0,0,0,0,0,0,0,0,0,0,0,0,0,0,0,0,0,0,0,0,0,0,0,0,0,0,0,0,0,0,0,0,0,0,0,0,0,0,0.0,0.0,0.0,0.0,0.0,0.0,0.0,0.0,0.0,0.0,0.0,0.0,0.0,0.0,0.0,0.0,0.0,0.0,0.0,0.0,0.0,0.0,2.004,-0.0,0.0,-2.004,0.0,0.0,0.0,0.0,3355.0,-0.0,0.0,-107615240.0,0.0,-107615232.0,-0.0,0.0,0.0,0.0,0.0,0,0.0,0.0,0.0,0.0,0.0,0.0,0.0,0.0,0.0,0,0,0,0.0,0.0,0.0,0.0,0.0,0.0,0.0,0.0,0.0,0.0,0.0,0.0,0.0,0.0,0.0,0.0,0,-107875648.0,0,0.0,0,-107875648.0,0.0,0,39322,17038,52429,17052,13107,17037,0,0,0,110,100,100,0.0,64.0,0.0,64.8,-0.0,68.5,1,49,50,180,0,13107,0,0,0.0,0.0,0.0,0.0,21409.256,65.5,0.0,-2.632780808145923e+34,0.0,645,0,686,0,0,0,713,0,785,0,706,0,688,0,645,0,640,0,619,0.032,36962304.0,-2.004,-0.0,22800,16789,0.0,-1.5478852567867746e+20,-14517153038336.0,-0.0,-0.0,-0.0,29.0,60.0,70,0.0,0.0,0.0,0.0,0.0,0.0,0.0,0.0,0.0,0.0,0.0,0.0,0.0,0.0,0.0,0.0,59.2,68,12,65509,41,65476,0,300,0,0,8,20529,65476,0,0,61604,60.0,0.0,0.0,0.0,0.0,0.0
2026-04-04T11:52:12,ERR,ERR,ERR,ERR,ERR,ERR,ERR,ERR,ERR,ERR,ERR,ERR,ERR,ERR,ERR,ERR,ERR,ERR,ERR,ERR,ERR,ERR,ERR,ERR,ERR,ERR,ERR,ERR,ERR,ERR,ERR,ERR,ERR,ERR,ERR,ERR,ERR,ERR,ERR,ERR,ERR,ERR,ERR,ERR,ERR,ERR,ERR,ERR,ERR,ERR,ERR,ERR,ERR,ERR,ERR,ERR,ERR,ERR,ERR,ERR,ERR,ERR,ERR,ERR,ERR,ERR,ERR,ERR,ERR,ERR,ERR,ERR,ERR,ERR,ERR,ERR,ERR,ERR,ERR,ERR,ERR,ERR,ERR,ERR,ERR,ERR,ERR,ERR,ERR,ERR,ERR,ERR,ERR,ERR,ERR,ERR,ERR,ERR,ERR,ERR,ERR,ERR,ERR,ERR,ERR,ERR,ERR,ERR,ERR,ERR,ERR,ERR,ERR,ERR,ERR,ERR,ERR,ERR,ERR,ERR,ERR,ERR,ERR,ERR,ERR,-107615240.0,0.0,-117832800.0,0.0,0.0,0.0,0.0,nan,0,0,0,32768,0,0.0,0,0.0,0.0,0.0,0.0,0.0,0,0,0,0,0.0,0,0,0,0,0,0,0,0,0,0,0,0,0,0,0,0,0,0,0,0,0,0,0,0,0,0,0,0,0,0,0,0,0,0,0,0,0,0,0,0,0,0,0,0,0.0,0.0,0.0,0.0,0.0,0.0,0.0,0.0,0.0,0.0,0.0,0.0,0.0,0.0,0.0,0.0,0.0,0.0,0.0,0.0,0.0,0.0,2.004,-0.0,0.0,-2.004,0.0,0.0,0.0,0.0,3355.0,-0.0,0.0,-107615240.0,0.0,-107615232.0,-0.0,0.0,0.0,0.0,0.0,0,0.0,0.0,0.0,0.0,0.0,0.0,0.0,0.0,0.0,0,0,0,0.0,0.0,0.0,0.0,0.0,0.0,0.0,0.0,0.0,0.0,0.0,0.0,0.0,0.0,0.0,0.0,0,-107875648.0,0,0.0,0,-107875648.0,0.0,0,39322,17038,52429,17052,13107,17037,0,0,0,110,100,100,0.0,64.0,0.0,64.8,-0.0,68.5,1,49,50,180,0,13107,0,0,0.0,0.0,0.0,0.0,21409.256,65.5,0.0,-2.632780808145923e+34,0.0,645,0,686,0,0,0,713,0,785,0,706,0,688,0,645,0,640,0,619,0.032,36962304.0,-2.004,-0.0,22800,16789,0.0,-1.5478852567867746e+20,-14517153038336.0,-0.0,-0.0,-0.0,29.0,60.0,70,0.0,0.0,0.0,0.0,0.0,0.0,0.0,0.0,0.0,0.0,0.0,0.0,0.0,0.0,0.0,0.0,59.6,68,12,65509,41,65476,0,300,0,0,8,20529,65476,0,0,61604,60.0,0.0,0.0,0.0,0.0,0.0
2026-04-04T11:52:13,ERR,ERR,ERR,ERR,ERR,ERR,ERR,ERR,ERR,ERR,ERR,ERR,ERR,ERR,ERR,ERR,ERR,ERR,ERR,ERR,ERR,ERR,ERR,ERR,ERR,ERR,ERR,ERR,ERR,ERR,ERR,ERR,ERR,ERR,ERR,ERR,ERR,ERR,ERR,ERR,ERR,ERR,ERR,ERR,ERR,ERR,ERR,ERR,ERR,ERR,ERR,ERR,ERR,ERR,ERR,ERR,ERR,ERR,ERR,ERR,ERR,ERR,ERR,ERR,ERR,ERR,ERR,ERR,ERR,ERR,ERR,ERR,ERR,ERR,ERR,ERR,ERR,ERR,ERR,ERR,ERR,ERR,ERR,ERR,ERR,ERR,ERR,ERR,ERR,ERR,ERR,ERR,ERR,ERR,ERR,ERR,ERR,ERR,ERR,ERR,ERR,ERR,ERR,ERR,ERR,ERR,ERR,ERR,ERR,ERR,ERR,ERR,ERR,ERR,ERR,ERR,ERR,ERR,ERR,ERR,ERR,ERR,ERR,ERR,ERR,-107615240.0,0.0,-117832800.0,0.0,0.0,0.0,0.0,nan,0,0,0,32768,0,0.0,0,0.0,0.0,0.0,0.0,0.0,0,0,0,0,0.0,0,0,0,0,0,0,0,0,0,0,0,0,0,0,0,0,0,0,0,0,0,0,0,0,0,0,0,0,0,0,0,0,0,0,0,0,0,0,0,0,0,0,0,0,0.0,0.0,0.0,0.0,0.0,0.0,0.0,0.0,0.0,0.0,0.0,0.0,0.0,0.0,0.0,0.0,0.0,0.0,0.0,0.0,0.0,0.0,2.004,-0.0,0.0,-2.004,0.0,0.0,0.0,0.0,3355.0,-0.0,0.0,-107615240.0,0.0,-107615232.0,-0.0,0.0,0.0,0.0,0.0,0,0.0,0.0,0.0,0.0,0.0,0.0,0.0,0.0,0.0,0,0,0,0.0,0.0,0.0,0.0,0.0,0.0,0.0,0.0,0.0,0.0,0.0,0.0,0.0,0.0,0.0,0.0,0,-107875648.0,0,0.0,0,-107875648.0,0.0,0,39322,17038,52429,17052,13107,17037,0,0,0,110,100,100,0.0,64.0,0.0,64.8,-0.0,68.5,1,49,50,180,0,13107,0,0,0.0,0.0,0.0,0.0,21409.256,65.5,0.0,-2.632780808145923e+34,0.0,645,0,686,0,0,0,713,0,785,0,706,0,688,0,645,0,640,0,619,0.032,36962304.0,-2.004,-0.0,22800,16789,0.0,-1.5478852567867746e+20,-14517153038336.0,-0.0,-0.0,-0.0,29.0,60.0,70,0.0,0.0,0.0,0.0,0.0,0.0,0.0,0.0,0.0,0.0,0.0,0.0,0.0,0.0,0.0,0.0,59.6,68,12,65509,41,65476,0,300,0,0,8,20529,65476,0,0,61604,60.0,0.0,0.0,0.0,0.0,0.0
2026-04-04T11:52:14,ERR,ERR,ERR,ERR,ERR,ERR,ERR,ERR,ERR,ERR,ERR,ERR,ERR,ERR,ERR,ERR,ERR,ERR,ERR,ERR,ERR,ERR,ERR,ERR,ERR,ERR,ERR,ERR,ERR,ERR,ERR,ERR,ERR,ERR,ERR,ERR,ERR,ERR,ERR,ERR,ERR,ERR,ERR,ERR,ERR,ERR,ERR,ERR,ERR,ERR,ERR,ERR,ERR,ERR,ERR,ERR,ERR,ERR,ERR,ERR,ERR,ERR,ERR,ERR,ERR,ERR,ERR,ERR,ERR,ERR,ERR,ERR,ERR,ERR,ERR,ERR,ERR,ERR,ERR,ERR,ERR,ERR,ERR,ERR,ERR,ERR,ERR,ERR,ERR,ERR,ERR,ERR,ERR,ERR,ERR,ERR,ERR,ERR,ERR,ERR,ERR,ERR,ERR,ERR,ERR,ERR,ERR,ERR,ERR,ERR,ERR,ERR,ERR,ERR,ERR,ERR,ERR,ERR,ERR,ERR,ERR,ERR,ERR,ERR,ERR,-107615240.0,0.0,-117832800.0,0.0,0.0,0.0,0.0,nan,0,0,0,32768,0,0.0,0,0.0,0.0,0.0,0.0,0.0,0,0,0,0,0.0,0,0,0,0,0,0,0,0,0,0,0,0,0,0,0,0,0,0,0,0,0,0,0,0,0,0,0,0,0,0,0,0,0,0,0,0,0,0,0,0,0,0,0,0,0.0,0.0,0.0,0.0,0.0,0.0,0.0,0.0,0.0,0.0,0.0,0.0,0.0,0.0,0.0,0.0,0.0,0.0,0.0,0.0,0.0,0.0,2.004,-0.0,0.0,-2.004,0.0,0.0,0.0,0.0,3355.0,-0.0,0.0,-107615240.0,0.0,-107615232.0,-0.0,0.0,0.0,0.0,0.0,0,0.0,0.0,0.0,0.0,0.0,0.0,0.0,0.0,0.0,0,0,0,0.0,0.0,0.0,0.0,0.0,0.0,0.0,0.0,0.0,0.0,0.0,0.0,0.0,0.0,0.0,0.0,0,-107875648.0,0,0.0,0,-107875648.0,0.0,0,39322,17038,52429,17052,13107,17037,0,0,0,110,100,100,0.0,64.0,0.0,64.8,-0.0,68.5,1,49,50,180,0,13107,0,0,0.0,0.0,0.0,0.0,21409.256,65.5,0.0,-2.632780808145923e+34,0.0,645,0,686,0,0,0,713,0,785,0,706,0,688,0,645,0,640,0,619,0.032,36962304.0,-2.004,-0.0,22800,16789,0.0,-1.5478852567867746e+20,-14517153038336.0,-0.0,-0.0,-0.0,29.0,60.0,70,0.0,0.0,0.0,0.0,0.0,0.0,0.0,0.0,0.0,0.0,0.0,0.0,0.0,0.0,0.0,0.0,59.6,68,12,65509,41,65476,0,300,0,0,8,20529,65476,0,0,61604,60.0,0.0,0.0,0.0,0.0,0.0
2026-04-04T11:52:15,ERR,ERR,ERR,ERR,ERR,ERR,ERR,ERR,ERR,ERR,ERR,ERR,ERR,ERR,ERR,ERR,ERR,ERR,ERR,ERR,ERR,ERR,ERR,ERR,ERR,ERR,ERR,ERR,ERR,ERR,ERR,ERR,ERR,ERR,ERR,ERR,ERR,ERR,ERR,ERR,ERR,ERR,ERR,ERR,ERR,ERR,ERR,ERR,ERR,ERR,ERR,ERR,ERR,ERR,ERR,ERR,ERR,ERR,ERR,ERR,ERR,ERR,ERR,ERR,ERR,ERR,ERR,ERR,ERR,ERR,ERR,ERR,ERR,ERR,ERR,ERR,ERR,ERR,ERR,ERR,ERR,ERR,ERR,ERR,ERR,ERR,ERR,ERR,ERR,ERR,ERR,ERR,ERR,ERR,ERR,ERR,ERR,ERR,ERR,ERR,ERR,ERR,ERR,ERR,ERR,ERR,ERR,ERR,ERR,ERR,ERR,ERR,ERR,ERR,ERR,ERR,ERR,ERR,ERR,ERR,ERR,ERR,ERR,ERR,ERR,-107615240.0,0.0,-117832800.0,0.0,0.0,0.0,0.0,nan,0,0,0,32768,0,0.0,0,0.0,0.0,0.0,0.0,0.0,0,0,0,0,0.0,0,0,0,0,0,0,0,0,0,0,0,0,0,0,0,0,0,0,0,0,0,0,0,0,0,0,0,0,0,0,0,0,0,0,0,0,0,0,0,0,0,0,0,0,0.0,0.0,0.0,0.0,0.0,0.0,0.0,0.0,0.0,0.0,0.0,0.0,0.0,0.0,0.0,0.0,0.0,0.0,0.0,0.0,0.0,0.0,2.004,-0.0,0.0,-2.004,0.0,0.0,0.0,0.0,3355.0,-0.0,0.0,-107615240.0,0.0,-107615232.0,-0.0,0.0,0.0,0.0,0.0,0,0.0,0.0,0.0,0.0,0.0,0.0,0.0,0.0,0.0,0,0,0,0.0,0.0,0.0,0.0,0.0,0.0,0.0,0.0,0.0,0.0,0.0,0.0,0.0,0.0,0.0,0.0,0,-107875648.0,0,0.0,0,-107875648.0,0.0,0,39322,17038,52429,17052,13107,17037,0,0,0,110,100,100,0.0,64.0,0.0,64.8,-0.0,68.5,1,49,50,180,0,13107,0,0,0.0,0.0,0.0,0.0,0.031,65.5,0.0,-0.015,0.0,645,0,686,0,0,0,713,0,784,0,706,0,688,0,646,0,640,0,619,0.032,36438016.0,-2.004,-0.0,32400,16789,473620.094,-0.015,-8.094226079515931e+24,nan,-0.008,-0.0,29.0,60.0,70,0.0,0.0,0.0,0.0,0.0,0.0,0.0,0.0,0.0,0.0,0.0,0.0,0.0,0.0,0.0,0.0,59.6,68,12,65509,41,65476,0,300,0,0,8,20529,65476,0,0,61604,60.0,0.0,0.0,0.0,0.0,0.0
2026-04-04T11:52:17,ERR,ERR,ERR,ERR,ERR,ERR,ERR,ERR,ERR,ERR,ERR,ERR,ERR,ERR,ERR,ERR,ERR,ERR,ERR,ERR,ERR,ERR,ERR,ERR,ERR,ERR,ERR,ERR,ERR,ERR,ERR,ERR,ERR,ERR,ERR,ERR,ERR,ERR,ERR,ERR,ERR,ERR,ERR,ERR,ERR,ERR,ERR,ERR,ERR,ERR,ERR,ERR,ERR,ERR,ERR,ERR,ERR,ERR,ERR,ERR,ERR,ERR,ERR,ERR,ERR,ERR,ERR,ERR,ERR,ERR,ERR,ERR,ERR,ERR,ERR,ERR,ERR,ERR,ERR,ERR,ERR,ERR,ERR,ERR,ERR,ERR,ERR,ERR,ERR,ERR,ERR,ERR,ERR,ERR,ERR,ERR,ERR,ERR,ERR,ERR,ERR,ERR,ERR,ERR,ERR,ERR,ERR,ERR,ERR,ERR,ERR,ERR,ERR,ERR,ERR,ERR,ERR,ERR,ERR,ERR,ERR,ERR,ERR,ERR,ERR,-107615240.0,0.0,-117832800.0,0.0,0.0,0.0,0.0,nan,0,0,0,32768,0,0.0,0,0.0,0.0,0.0,0.0,0.0,0,0,0,0,0.0,0,0,0,0,0,0,0,0,0,0,0,0,0,0,0,0,0,0,0,0,0,0,0,0,0,0,0,0,0,0,0,0,0,0,0,0,0,0,0,0,0,0,0,0,0.0,0.0,0.0,0.0,0.0,0.0,0.0,0.0,0.0,0.0,0.0,0.0,0.0,0.0,0.0,0.0,0.0,0.0,0.0,0.0,0.0,0.0,2.004,-0.0,0.0,-2.004,0.0,0.0,0.0,0.0,3355.0,-0.0,0.0,-107615240.0,0.0,-107615232.0,-0.0,0.0,0.0,0.0,0.0,0,0.0,0.0,0.0,0.0,0.0,0.0,0.0,0.0,0.0,0,0,0,0.0,0.0,0.0,0.0,0.0,0.0,0.0,0.0,0.0,0.0,0.0,0.0,0.0,0.0,0.0,0.0,0,-107875648.0,0,0.0,0,-107875648.0,0.0,0,39322,17038,52429,17052,13107,17037,0,0,0,110,100,100,0.0,64.0,0.0,64.8,-0.0,68.5,1,49,50,180,0,13107,0,0,0.0,0.0,0.0,0.0,0.031,65.5,0.0,-0.015,0.0,645,0,686,0,0,0,713,0,784,0,706,0,688,0,646,0,640,0,619,0.032,36438016.0,-2.004,-0.0,32400,16789,473620.094,-0.015,-8.094226079515931e+24,nan,-0.008,-0.0,29.0,60.0,70,0.0,0.0,0.0,0.0,0.0,0.0,0.0,0.0,0.0,0.0,0.0,0.0,0.0,0.0,0.0,0.0,59.2,68,12,65509,41,65476,0,300,0,0,8,20529,65476,0,0,61604,60.0,0.0,0.0,0.0,0.0,0.0
2026-04-04T11:52:18,ERR,ERR,ERR,ERR,ERR,ERR,ERR,ERR,ERR,ERR,ERR,ERR,ERR,ERR,ERR,ERR,ERR,ERR,ERR,ERR,ERR,ERR,ERR,ERR,ERR,ERR,ERR,ERR,ERR,ERR,ERR,ERR,ERR,ERR,ERR,ERR,ERR,ERR,ERR,ERR,ERR,ERR,ERR,ERR,ERR,ERR,ERR,ERR,ERR,ERR,ERR,ERR,ERR,ERR,ERR,ERR,ERR,ERR,ERR,ERR,ERR,ERR,ERR,ERR,ERR,ERR,ERR,ERR,ERR,ERR,ERR,ERR,ERR,ERR,ERR,ERR,ERR,ERR,ERR,ERR,ERR,ERR,ERR,ERR,ERR,ERR,ERR,ERR,ERR,ERR,ERR,ERR,ERR,ERR,ERR,ERR,ERR,ERR,ERR,ERR,ERR,ERR,ERR,ERR,ERR,ERR,ERR,ERR,ERR,ERR,ERR,ERR,ERR,ERR,ERR,ERR,ERR,ERR,ERR,ERR,ERR,ERR,ERR,ERR,ERR,-107615240.0,0.0,-117832800.0,0.0,0.0,0.0,0.0,nan,0,0,0,32768,0,0.0,0,0.0,0.0,0.0,0.0,0.0,0,0,0,0,0.0,0,0,0,0,0,0,0,0,0,0,0,0,0,0,0,0,0,0,0,0,0,0,0,0,0,0,0,0,0,0,0,0,0,0,0,0,0,0,0,0,0,0,0,0,0.0,0.0,0.0,0.0,0.0,0.0,0.0,0.0,0.0,0.0,0.0,0.0,0.0,0.0,0.0,0.0,0.0,0.0,0.0,0.0,0.0,0.0,2.004,-0.0,0.0,-2.004,0.0,0.0,0.0,0.0,3355.0,-0.0,0.0,-107615240.0,0.0,-107615232.0,-0.0,0.0,0.0,0.0,0.0,0,0.0,0.0,0.0,0.0,0.0,0.0,0.0,0.0,0.0,0,0,0,0.0,0.0,0.0,0.0,0.0,0.0,0.0,0.0,0.0,0.0,0.0,0.0,0.0,0.0,0.0,0.0,0,-107875648.0,0,0.0,0,-107875648.0,0.0,0,39322,17038,52429,17052,13107,17037,0,0,0,110,100,100,0.0,64.0,0.0,64.8,-0.0,68.5,1,49,50,180,0,13107,0,0,0.0,0.0,0.0,0.0,0.031,65.5,0.0,-0.015,0.0,645,0,686,0,0,0,713,0,784,0,706,0,688,0,646,0,640,0,619,0.032,36438016.0,-2.004,-0.0,32400,16789,473620.094,-0.015,-8.094226079515931e+24,nan,-0.008,-0.0,29.0,60.0,70,0.0,0.0,0.0,0.0,0.0,0.0,0.0,0.0,0.0,0.0,0.0,0.0,0.0,0.0,0.0,0.0,59.2,68,12,65509,41,65476,0,300,0,0,8,20529,65476,0,0,61604,60.0,0.0,0.0,0.0,0.0,0.0
2026-04-04T11:52:19,ERR,ERR,ERR,ERR,ERR,ERR,ERR,ERR,ERR,ERR,ERR,ERR,ERR,ERR,ERR,ERR,ERR,ERR,ERR,ERR,ERR,ERR,ERR,ERR,ERR,ERR,ERR,ERR,ERR,ERR,ERR,ERR,ERR,ERR,ERR,ERR,ERR,ERR,ERR,ERR,ERR,ERR,ERR,ERR,ERR,ERR,ERR,ERR,ERR,ERR,ERR,ERR,ERR,ERR,ERR,ERR,ERR,ERR,ERR,ERR,ERR,ERR,ERR,ERR,ERR,ERR,ERR,ERR,ERR,ERR,ERR,ERR,ERR,ERR,ERR,ERR,ERR,ERR,ERR,ERR,ERR,ERR,ERR,ERR,ERR,ERR,ERR,ERR,ERR,ERR,ERR,ERR,ERR,ERR,ERR,ERR,ERR,ERR,ERR,ERR,ERR,ERR,ERR,ERR,ERR,ERR,ERR,ERR,ERR,ERR,ERR,ERR,ERR,ERR,ERR,ERR,ERR,ERR,ERR,ERR,ERR,ERR,ERR,ERR,ERR,-107615240.0,0.0,-117832800.0,0.0,0.0,0.0,0.0,nan,0,0,0,32768,0,0.0,0,0.0,0.0,0.0,0.0,0.0,0,0,0,0,0.0,0,0,0,0,0,0,0,0,0,0,0,0,0,0,0,0,0,0,0,0,0,0,0,0,0,0,0,0,0,0,0,0,0,0,0,0,0,0,0,0,0,0,0,0,0.0,0.0,0.0,0.0,0.0,0.0,0.0,0.0,0.0,0.0,0.0,0.0,0.0,0.0,0.0,0.0,0.0,0.0,0.0,0.0,0.0,0.0,2.004,-0.0,0.0,-2.004,0.0,0.0,0.0,0.0,3354.0,-0.0,0.0,-107615240.0,0.0,-107615232.0,-0.0,0.0,0.0,0.0,0.0,0,-4.9504239556116174e+32,0.0,0.0,0.0,0.0,0.0,0.0,0.0,0.0,0,0,0,0.0,0.0,0.0,0.0,0.0,0.0,0.0,0.0,0.0,0.0,0.0,0.0,0.0,0.0,0.0,0.0,0,-107875648.0,0,0.0,0,-107875648.0,0.0,0,39322,17038,52429,17052,13107,17037,0,0,0,110,100,100,0.0,64.0,0.0,64.8,-0.0,68.5,1,49,50,180,0,13107,0,0,0.0,0.0,0.0,0.0,0.031,65.5,0.0,-0.015,0.0,645,0,686,0,0,0,713,0,784,0,706,0,688,0,646,0,640,0,619,0.032,36438016.0,-2.004,-0.0,32400,16789,473620.094,-0.015,-8.094226079515931e+24,nan,-0.008,-0.0,29.0,60.0,70,0.0,0.0,0.0,0.0,0.0,0.0,0.0,0.0,0.0,0.0,0.0,0.0,0.0,0.0,0.0,0.0,59.2,68,12,65509,41,65476,0,300,0,0,8,20529,65476,0,0,61604,60.0,0.0,0.0,0.0,0.0,0.0
2026-04-04T11:52:20,ERR,ERR,ERR,ERR,ERR,ERR,ERR,ERR,ERR,ERR,ERR,ERR,ERR,ERR,ERR,ERR,ERR,ERR,ERR,ERR,ERR,ERR,ERR,ERR,ERR,ERR,ERR,ERR,ERR,ERR,ERR,ERR,ERR,ERR,ERR,ERR,ERR,ERR,ERR,ERR,ERR,ERR,ERR,ERR,ERR,ERR,ERR,ERR,ERR,ERR,ERR,ERR,ERR,ERR,ERR,ERR,ERR,ERR,ERR,ERR,ERR,ERR,ERR,ERR,ERR,ERR,ERR,ERR,ERR,ERR,ERR,ERR,ERR,ERR,ERR,ERR,ERR,ERR,ERR,ERR,ERR,ERR,ERR,ERR,ERR,ERR,ERR,ERR,ERR,ERR,ERR,ERR,ERR,ERR,ERR,ERR,ERR,ERR,ERR,ERR,ERR,ERR,ERR,ERR,ERR,ERR,ERR,ERR,ERR,ERR,ERR,ERR,ERR,ERR,ERR,ERR,ERR,ERR,ERR,ERR,ERR,ERR,ERR,ERR,ERR,-107615240.0,0.0,-117832800.0,0.0,0.0,0.0,0.0,nan,0,0,0,32768,0,0.0,0,0.0,0.0,0.0,0.0,0.0,0,0,0,0,0.0,0,0,0,0,0,0,0,0,0,0,0,0,0,0,0,0,0,0,0,0,0,0,0,0,0,0,0,0,0,0,0,0,0,0,0,0,0,0,0,0,0,0,0,0,0.0,0.0,0.0,0.0,0.0,0.0,0.0,0.0,0.0,0.0,0.0,0.0,0.0,0.0,0.0,0.0,0.0,0.0,0.0,0.0,0.0,0.0,2.004,-0.0,0.0,-2.004,0.0,0.0,0.0,0.0,3354.0,-0.0,0.0,-107615240.0,0.0,-107615232.0,-0.0,0.0,0.0,0.0,0.0,0,-4.9504239556116174e+32,0.0,0.0,0.0,0.0,0.0,0.0,0.0,0.0,0,0,0,0.0,0.0,0.0,0.0,0.0,0.0,0.0,0.0,0.0,0.0,0.0,0.0,0.0,0.0,0.0,0.0,0,-107875648.0,0,0.0,0,-107875648.0,0.0,0,39322,17038,52429,17052,13107,17037,0,0,0,110,100,100,0.0,64.0,0.0,64.8,-0.0,68.5,1,49,50,180,0,13107,0,0,0.0,0.0,0.0,0.0,0.0,65.5,0.0,2.2597245637623512e+24,0.0,645,0,686,0,0,0,713,0,784,0,706,0,688,0,646,0,640,0,619,0.032,36962304.0,-2.004,-0.0,41616,16789,142.26,19.157,-0.0,3477046528.0,nan,29600.254,29.0,60.0,70,0.0,0.0,0.0,0.0,0.0,0.0,0.0,0.0,0.0,0.0,0.0,0.0,0.0,0.0,0.0,0.0,59.2,68,12,65509,41,65476,0,300,0,0,8,20529,65476,0,0,61604,60.0,0.0,0.0,0.0,0.0,0.0
2026-04-04T11:52:21,ERR,ERR,ERR,ERR,ERR,ERR,ERR,ERR,ERR,ERR,ERR,ERR,ERR,ERR,ERR,ERR,ERR,ERR,ERR,ERR,ERR,ERR,ERR,ERR,ERR,ERR,ERR,ERR,ERR,ERR,ERR,ERR,ERR,ERR,ERR,ERR,ERR,ERR,ERR,ERR,ERR,ERR,ERR,ERR,ERR,ERR,ERR,ERR,ERR,ERR,ERR,ERR,ERR,ERR,ERR,ERR,ERR,ERR,ERR,ERR,ERR,ERR,ERR,ERR,ERR,ERR,ERR,ERR,ERR,ERR,ERR,ERR,ERR,ERR,ERR,ERR,ERR,ERR,ERR,ERR,ERR,ERR,ERR,ERR,ERR,ERR,ERR,ERR,ERR,ERR,ERR,ERR,ERR,ERR,ERR,ERR,ERR,ERR,ERR,ERR,ERR,ERR,ERR,ERR,ERR,ERR,ERR,ERR,ERR,ERR,ERR,ERR,ERR,ERR,ERR,ERR,ERR,ERR,ERR,ERR,ERR,ERR,ERR,ERR,ERR,-107615240.0,0.0,-117832800.0,0.0,0.0,0.0,0.0,nan,0,0,0,32768,0,0.0,0,0.0,0.0,0.0,0.0,0.0,0,0,0,0,0.0,0,0,0,0,0,0,0,0,0,0,0,0,0,0,0,0,0,0,0,0,0,0,0,0,0,0,0,0,0,0,0,0,0,0,0,0,0,0,0,0,0,0,0,0,0.0,0.0,0.0,0.0,0.0,0.0,0.0,0.0,0.0,0.0,0.0,0.0,0.0,0.0,0.0,0.0,0.0,0.0,0.0,0.0,0.0,0.0,2.004,-0.0,0.0,-2.004,0.0,0.0,0.0,0.0,3354.0,-0.0,0.0,-107615240.0,0.0,-107615232.0,-0.0,0.0,0.0,0.0,0.0,0,-4.9504239556116174e+32,0.0,0.0,0.0,0.0,0.0,0.0,0.0,0.0,0,0,0,0.0,0.0,0.0,0.0,0.0,0.0,0.0,0.0,0.0,0.0,0.0,0.0,0.0,0.0,0.0,0.0,0,-107875648.0,0,0.0,0,-107875648.0,0.0,0,39322,17038,52429,17052,13107,17037,0,0,0,110,100,100,0.0,64.0,0.0,64.8,-0.0,68.5,1,49,50,180,0,13107,0,0,0.0,0.0,0.0,0.0,0.0,65.5,0.0,2.2597245637623512e+24,0.0,645,0,686,0,0,0,713,0,784,0,706,0,688,0,646,0,640,0,619,0.032,36962304.0,-2.004,-0.0,41616,16789,142.26,19.157,-0.0,3477046528.0,nan,29600.254,29.0,60.0,70,0.0,0.0,0.0,0.0,0.0,0.0,0.0,0.0,0.0,0.0,0.0,0.0,0.0,0.0,0.0,0.0,59.2,68,12,65509,41,65476,0,300,0,0,8,20529,65476,0,0,61604,60.0,0.0,0.0,0.0,0.0,0.0
2026-04-04T11:52:22,ERR,ERR,ERR,ERR,ERR,ERR,ERR,ERR,ERR,ERR,ERR,ERR,ERR,ERR,ERR,ERR,ERR,ERR,ERR,ERR,ERR,ERR,ERR,ERR,ERR,ERR,ERR,ERR,ERR,ERR,ERR,ERR,ERR,ERR,ERR,ERR,ERR,ERR,ERR,ERR,ERR,ERR,ERR,ERR,ERR,ERR,ERR,ERR,ERR,ERR,ERR,ERR,ERR,ERR,ERR,ERR,ERR,ERR,ERR,ERR,ERR,ERR,ERR,ERR,ERR,ERR,ERR,ERR,ERR,ERR,ERR,ERR,ERR,ERR,ERR,ERR,ERR,ERR,ERR,ERR,ERR,ERR,ERR,ERR,ERR,ERR,ERR,ERR,ERR,ERR,ERR,ERR,ERR,ERR,ERR,ERR,ERR,ERR,ERR,ERR,ERR,ERR,ERR,ERR,ERR,ERR,ERR,ERR,ERR,ERR,ERR,ERR,ERR,ERR,ERR,ERR,ERR,ERR,ERR,ERR,ERR,ERR,ERR,ERR,ERR,-107615240.0,0.0,-117832800.0,0.0,0.0,0.0,0.0,nan,0,0,0,32768,0,0.0,0,0.0,0.0,0.0,0.0,0.0,0,0,0,0,0.0,0,0,0,0,0,0,0,0,0,0,0,0,0,0,0,0,0,0,0,0,0,0,0,0,0,0,0,0,0,0,0,0,0,0,0,0,0,0,0,0,0,0,0,0,0.0,0.0,0.0,0.0,0.0,0.0,0.0,0.0,0.0,0.0,0.0,0.0,0.0,0.0,0.0,0.0,0.0,0.0,0.0,0.0,0.0,0.0,2.004,-0.0,0.0,-2.004,0.0,0.0,0.0,0.0,3354.0,-0.0,0.0,-107615240.0,0.0,-107615232.0,-0.0,0.0,0.0,0.0,0.0,0,-4.9504239556116174e+32,0.0,0.0,0.0,0.0,0.0,0.0,0.0,0.0,0,0,0,0.0,0.0,0.0,0.0,0.0,0.0,0.0,0.0,0.0,0.0,0.0,0.0,0.0,0.0,0.0,0.0,0,-107875648.0,0,0.0,0,-107875648.0,0.0,0,39322,17038,52429,17052,13107,17037,0,0,0,110,100,100,0.0,64.0,0.0,64.8,-0.0,68.5,1,49,50,180,0,13107,0,0,0.0,0.0,0.0,0.0,0.0,65.5,0.0,2.2597245637623512e+24,0.0,645,0,686,0,0,0,713,0,784,0,706,0,688,0,646,0,640,0,619,0.032,36962304.0,-2.004,-0.0,41616,16789,142.26,19.157,-0.0,3477046528.0,nan,29600.254,29.0,60.0,70,0.0,0.0,0.0,0.0,0.0,0.0,0.0,0.0,0.0,0.0,0.0,0.0,0.0,0.0,0.0,0.0,59.2,68,12,65509,41,65476,0,300,0,0,8,20529,65476,0,0,61604,60.0,0.0,0.0,0.0,0.0,0.0
2026-04-04T11:52:23,ERR,ERR,ERR,ERR,ERR,ERR,ERR,ERR,ERR,ERR,ERR,ERR,ERR,ERR,ERR,ERR,ERR,ERR,ERR,ERR,ERR,ERR,ERR,ERR,ERR,ERR,ERR,ERR,ERR,ERR,ERR,ERR,ERR,ERR,ERR,ERR,ERR,ERR,ERR,ERR,ERR,ERR,ERR,ERR,ERR,ERR,ERR,ERR,ERR,ERR,ERR,ERR,ERR,ERR,ERR,ERR,ERR,ERR,ERR,ERR,ERR,ERR,ERR,ERR,ERR,ERR,ERR,ERR,ERR,ERR,ERR,ERR,ERR,ERR,ERR,ERR,ERR,ERR,ERR,ERR,ERR,ERR,ERR,ERR,ERR,ERR,ERR,ERR,ERR,ERR,ERR,ERR,ERR,ERR,ERR,ERR,ERR,ERR,ERR,ERR,ERR,ERR,ERR,ERR,ERR,ERR,ERR,ERR,ERR,ERR,ERR,ERR,ERR,ERR,ERR,ERR,ERR,ERR,ERR,ERR,ERR,ERR,ERR,ERR,ERR,-107615240.0,0.0,-117832800.0,0.0,0.0,0.0,0.0,nan,0,0,0,32768,0,0.0,0,0.0,0.0,0.0,0.0,0.0,0,0,0,0,0.0,0,0,0,0,0,0,0,0,0,0,0,0,0,0,0,0,0,0,0,0,0,0,0,0,0,0,0,0,0,0,0,0,0,0,0,0,0,0,0,0,0,0,0,0,0.0,0.0,0.0,0.0,0.0,0.0,0.0,0.0,0.0,0.0,0.0,0.0,0.0,0.0,0.0,0.0,0.0,0.0,0.0,0.0,0.0,0.0,2.004,-0.0,0.0,-2.004,0.0,0.0,0.0,0.0,3354.0,-0.0,0.0,-107615240.0,0.0,-107615232.0,-0.0,0.0,0.0,0.0,0.0,0,-4.9504239556116174e+32,0.0,0.0,0.0,0.0,0.0,0.0,0.0,0.0,0,0,0,0.0,0.0,0.0,0.0,0.0,0.0,0.0,0.0,0.0,0.0,0.0,0.0,0.0,0.0,0.0,0.0,0,-107875648.0,0,0.0,0,-107875648.0,0.0,0,39322,17038,52429,17052,13107,17037,0,0,0,110,100,100,0.0,64.0,0.0,64.8,-0.0,68.5,1,49,50,180,0,13107,0,0,0.0,0.0,0.0,0.0,0.0,65.5,0.0,2.2597245637623512e+24,0.0,645,0,686,0,0,0,713,0,784,0,706,0,688,0,646,0,640,0,619,0.032,36962304.0,-2.004,-0.0,41616,16789,142.26,19.157,-0.0,3477046528.0,nan,29600.254,29.0,60.0,70,0.0,0.0,0.0,0.0,0.0,0.0,0.0,0.0,0.0,0.0,0.0,0.0,0.0,0.0,0.0,0.0,59.2,68,12,65509,41,65476,0,300,0,0,8,20529,65476,0,0,61604,60.0,0.0,0.0,0.0,0.0,0.0
2026-04-04T11:52:24,ERR,ERR,ERR,ERR,ERR,ERR,ERR,ERR,ERR,ERR,ERR,ERR,ERR,ERR,ERR,ERR,ERR,ERR,ERR,ERR,ERR,ERR,ERR,ERR,ERR,ERR,ERR,ERR,ERR,ERR,ERR,ERR,ERR,ERR,ERR,ERR,ERR,ERR,ERR,ERR,ERR,ERR,ERR,ERR,ERR,ERR,ERR,ERR,ERR,ERR,ERR,ERR,ERR,ERR,ERR,ERR,ERR,ERR,ERR,ERR,ERR,ERR,ERR,ERR,ERR,ERR,ERR,ERR,ERR,ERR,ERR,ERR,ERR,ERR,ERR,ERR,ERR,ERR,ERR,ERR,ERR,ERR,ERR,ERR,ERR,ERR,ERR,ERR,ERR,ERR,ERR,ERR,ERR,ERR,ERR,ERR,ERR,ERR,ERR,ERR,ERR,ERR,ERR,ERR,ERR,ERR,ERR,ERR,ERR,ERR,ERR,ERR,ERR,ERR,ERR,ERR,ERR,ERR,ERR,ERR,ERR,ERR,ERR,ERR,ERR,-107615240.0,0.0,-117832800.0,0.0,0.0,0.0,0.0,nan,0,0,0,32768,0,0.0,0,0.0,0.0,0.0,0.0,0.0,0,0,0,0,0.0,0,0,0,0,0,0,0,0,0,0,0,0,0,0,0,0,0,0,0,0,0,0,0,0,0,0,0,0,0,0,0,0,0,0,0,0,0,0,0,0,0,0,0,0,0.0,0.0,0.0,0.0,0.0,0.0,0.0,0.0,0.0,0.0,0.0,0.0,0.0,0.0,0.0,0.0,0.0,0.0,0.0,0.0,0.0,0.0,2.004,-0.0,0.0,-2.004,0.0,0.0,0.0,0.0,3354.0,-0.0,0.0,-107615240.0,0.0,-107615232.0,-0.0,0.0,0.0,0.0,0.0,0,-4.9504239556116174e+32,0.0,0.0,0.0,0.0,0.0,0.0,0.0,0.0,0,0,0,0.0,0.0,0.0,0.0,0.0,0.0,0.0,0.0,0.0,0.0,0.0,0.0,0.0,0.0,0.0,0.0,0,-107875648.0,0,0.0,0,-107875648.0,0.0,0,39322,17038,52429,17052,13107,17037,0,0,0,110,100,100,0.0,64.0,0.0,64.8,-0.0,68.5,1,49,50,180,0,13107,0,0,0.0,0.0,0.0,0.0,0.0,65.5,0.0,2.2597245637623512e+24,0.0,645,0,686,0,0,0,713,0,784,0,706,0,688,0,646,0,640,0,619,0.032,36962304.0,-2.004,-0.0,41616,16789,142.26,19.157,-0.0,3477046528.0,nan,29600.254,29.0,60.0,70,0.0,0.0,0.0,0.0,0.0,0.0,0.0,0.0,0.0,0.0,0.0,0.0,0.0,0.0,0.0,0.0,59.2,68,12,65509,41,65476,0,300,0,0,8,20529,65476,0,0,61604,60.0,0.0,0.0,0.0,0.0,0.0
2026-04-04T11:52:25,ERR,ERR,ERR,ERR,ERR,ERR,ERR,ERR,ERR,ERR,ERR,ERR,ERR,ERR,ERR,ERR,ERR,ERR,ERR,ERR,ERR,ERR,ERR,ERR,ERR,ERR,ERR,ERR,ERR,ERR,ERR,ERR,ERR,ERR,ERR,ERR,ERR,ERR,ERR,ERR,ERR,ERR,ERR,ERR,ERR,ERR,ERR,ERR,ERR,ERR,ERR,ERR,ERR,ERR,ERR,ERR,ERR,ERR,ERR,ERR,ERR,ERR,ERR,ERR,ERR,ERR,ERR,ERR,ERR,ERR,ERR,ERR,ERR,ERR,ERR,ERR,ERR,ERR,ERR,ERR,ERR,ERR,ERR,ERR,ERR,ERR,ERR,ERR,ERR,ERR,ERR,ERR,ERR,ERR,ERR,ERR,ERR,ERR,ERR,ERR,ERR,ERR,ERR,ERR,ERR,ERR,ERR,ERR,ERR,ERR,ERR,ERR,ERR,ERR,ERR,ERR,ERR,ERR,ERR,ERR,ERR,ERR,ERR,ERR,ERR,-107615240.0,0.0,-117832800.0,0.0,0.0,0.0,0.0,nan,0,0,0,32768,0,0.0,0,0.0,0.0,0.0,0.0,0.0,0,0,0,0,0.0,0,0,0,0,0,0,0,0,0,0,0,0,0,0,0,0,0,0,0,0,0,0,0,0,0,0,0,0,0,0,0,0,0,0,0,0,0,0,0,0,0,0,0,0,0.0,0.0,0.0,0.0,0.0,0.0,0.0,0.0,0.0,0.0,0.0,0.0,0.0,0.0,0.0,0.0,0.0,0.0,0.0,0.0,0.0,0.0,2.004,-0.0,0.0,-2.004,0.0,0.0,0.0,0.0,3354.0,-0.0,0.0,-107615240.0,0.0,-107615232.0,-0.0,0.0,0.0,0.0,0.0,0,-4.9504239556116174e+32,0.0,0.0,0.0,0.0,0.0,0.0,0.0,0.0,0,0,0,0.0,0.0,0.0,0.0,0.0,0.0,0.0,0.0,0.0,0.0,0.0,0.0,0.0,0.0,0.0,0.0,0,-107875648.0,0,0.0,0,-107875648.0,0.0,0,39322,17038,52429,17052,13107,17037,0,0,0,110,100,100,0.0,64.0,0.0,64.8,-0.0,68.5,1,49,50,180,0,13107,0,0,0.0,0.0,0.0,0.0,0.0,65.5,0.0,2.2597245637623512e+24,0.0,645,0,686,0,0,0,713,0,784,0,706,0,688,0,646,0,640,0,619,0.032,36962304.0,-2.004,-0.0,41616,16789,142.26,19.157,-0.0,3477046528.0,nan,29600.254,29.0,60.0,70,0.0,0.0,0.0,0.0,0.0,0.0,0.0,0.0,0.0,0.0,0.0,0.0,0.0,0.0,0.0,0.0,59.6,68,12,65509,41,65476,0,300,0,0,8,20529,65476,0,0,61604,60.0,0.0,0.0,0.0,0.0,0.0
2026-04-04T11:52:26,ERR,ERR,ERR,ERR,ERR,ERR,ERR,ERR,ERR,ERR,ERR,ERR,ERR,ERR,ERR,ERR,ERR,ERR,ERR,ERR,ERR,ERR,ERR,ERR,ERR,ERR,ERR,ERR,ERR,ERR,ERR,ERR,ERR,ERR,ERR,ERR,ERR,ERR,ERR,ERR,ERR,ERR,ERR,ERR,ERR,ERR,ERR,ERR,ERR,ERR,ERR,ERR,ERR,ERR,ERR,ERR,ERR,ERR,ERR,ERR,ERR,ERR,ERR,ERR,ERR,ERR,ERR,ERR,ERR,ERR,ERR,ERR,ERR,ERR,ERR,ERR,ERR,ERR,ERR,ERR,ERR,ERR,ERR,ERR,ERR,ERR,ERR,ERR,ERR,ERR,ERR,ERR,ERR,ERR,ERR,ERR,ERR,ERR,ERR,ERR,ERR,ERR,ERR,ERR,ERR,ERR,ERR,ERR,ERR,ERR,ERR,ERR,ERR,ERR,ERR,ERR,ERR,ERR,ERR,ERR,ERR,ERR,ERR,ERR,ERR,-107615240.0,0.0,-117832800.0,0.0,0.0,0.0,0.0,nan,0,0,0,32768,0,0.0,0,0.0,0.0,0.0,0.0,0.0,0,0,0,0,0.0,0,0,0,0,0,0,0,0,0,0,0,0,0,0,0,0,0,0,0,0,0,0,0,0,0,0,0,0,0,0,0,0,0,0,0,0,0,0,0,0,0,0,0,0,0.0,0.0,0.0,0.0,0.0,0.0,0.0,0.0,0.0,0.0,0.0,0.0,0.0,0.0,0.0,0.0,0.0,0.0,0.0,0.0,0.0,0.0,2.004,-0.0,0.0,-2.004,0.0,0.0,0.0,0.0,3355.0,-2.004,0.0,-107615240.0,0.0,-107615232.0,-0.0,0.0,0.0,0.0,0.0,0,-4.9504239556116174e+32,126839996416.0,0.0,0.0,0.0,0.0,0.0,0.0,0.0,0,0,0,0.0,0.0,0.0,0.0,0.0,0.0,0.0,0.0,0.0,0.0,0.0,0.0,0.0,0.0,0.0,0.0,0,-107875648.0,0,0.0,0,-107875648.0,0.0,0,39322,17038,52429,17052,13107,17037,0,0,0,110,100,100,0.0,64.0,0.0,64.8,-0.0,68.5,1,49,50,180,0,13107,0,0,0.0,0.0,0.0,0.0,2216096.75,65.5,0.0,nan,0.0,645,0,686,0,0,0,713,0,784,0,706,0,688,0,646,0,640,0,619,0.032,36962304.0,-2.004,-0.0,39056,16789,0.023,-0.0,-0.002,6.982327645912433e+19,-0.0,8.675328420009926e+27,29.0,60.0,70,0.0,0.0,0.0,0.0,0.0,0.0,0.0,0.0,0.0,0.0,0.0,0.0,0.0,0.0,0.0,0.0,59.6,68,12,65509,41,65476,0,300,0,0,8,20529,65476,0,0,61604,60.0,0.0,0.0,0.0,0.0,0.0
2026-04-04T11:52:27,ERR,ERR,ERR,ERR,ERR,ERR,ERR,ERR,ERR,ERR,ERR,ERR,ERR,ERR,ERR,ERR,ERR,ERR,ERR,ERR,ERR,ERR,ERR,ERR,ERR,ERR,ERR,ERR,ERR,ERR,ERR,ERR,ERR,ERR,ERR,ERR,ERR,ERR,ERR,ERR,ERR,ERR,ERR,ERR,ERR,ERR,ERR,ERR,ERR,ERR,ERR,ERR,ERR,ERR,ERR,ERR,ERR,ERR,ERR,ERR,ERR,ERR,ERR,ERR,ERR,ERR,ERR,ERR,ERR,ERR,ERR,ERR,ERR,ERR,ERR,ERR,ERR,ERR,ERR,ERR,ERR,ERR,ERR,ERR,ERR,ERR,ERR,ERR,ERR,ERR,ERR,ERR,ERR,ERR,ERR,ERR,ERR,ERR,ERR,ERR,ERR,ERR,ERR,ERR,ERR,ERR,ERR,ERR,ERR,ERR,ERR,ERR,ERR,ERR,ERR,ERR,ERR,ERR,ERR,ERR,ERR,ERR,ERR,ERR,ERR,-107615240.0,0.0,-117832800.0,0.0,0.0,0.0,0.0,nan,0,0,0,32768,0,0.0,0,0.0,0.0,0.0,0.0,0.0,0,0,0,0,0.0,0,0,0,0,0,0,0,0,0,0,0,0,0,0,0,0,0,0,0,0,0,0,0,0,0,0,0,0,0,0,0,0,0,0,0,0,0,0,0,0,0,0,0,0,0.0,0.0,0.0,0.0,0.0,0.0,0.0,0.0,0.0,0.0,0.0,0.0,0.0,0.0,0.0,0.0,0.0,0.0,0.0,0.0,0.0,0.0,2.004,-0.0,0.0,-2.004,0.0,0.0,0.0,0.0,3355.0,-2.004,0.0,-107615240.0,0.0,-107615232.0,-0.0,0.0,0.0,0.0,0.0,0,-4.9504239556116174e+32,126839996416.0,0.0,0.0,0.0,0.0,0.0,0.0,0.0,0,0,0,0.0,0.0,0.0,0.0,0.0,0.0,0.0,0.0,0.0,0.0,0.0,0.0,0.0,0.0,0.0,0.0,0,-107875648.0,0,0.0,0,-107875648.0,0.0,0,39322,17038,52429,17052,13107,17037,0,0,0,110,100,100,0.0,64.0,0.0,64.8,-0.0,68.5,1,49,50,180,0,13107,0,0,0.0,0.0,0.0,0.0,2216096.75,65.5,0.0,nan,0.0,645,0,686,0,0,0,713,0,784,0,706,0,688,0,646,0,640,0,619,0.032,36962304.0,-2.004,-0.0,39056,16789,0.023,-0.0,-0.002,6.982327645912433e+19,-0.0,8.675328420009926e+27,29.0,60.0,70,0.0,0.0,0.0,0.0,0.0,0.0,0.0,0.0,0.0,0.0,0.0,0.0,0.0,0.0,0.0,0.0,59.6,68,12,65509,41,65476,0,300,0,0,8,20529,65476,0,0,61604,60.0,0.0,0.0,0.0,0.0,0.0
2026-04-04T11:52:28,ERR,ERR,ERR,ERR,ERR,ERR,ERR,ERR,ERR,ERR,ERR,ERR,ERR,ERR,ERR,ERR,ERR,ERR,ERR,ERR,ERR,ERR,ERR,ERR,ERR,ERR,ERR,ERR,ERR,ERR,ERR,ERR,ERR,ERR,ERR,ERR,ERR,ERR,ERR,ERR,ERR,ERR,ERR,ERR,ERR,ERR,ERR,ERR,ERR,ERR,ERR,ERR,ERR,ERR,ERR,ERR,ERR,ERR,ERR,ERR,ERR,ERR,ERR,ERR,ERR,ERR,ERR,ERR,ERR,ERR,ERR,ERR,ERR,ERR,ERR,ERR,ERR,ERR,ERR,ERR,ERR,ERR,ERR,ERR,ERR,ERR,ERR,ERR,ERR,ERR,ERR,ERR,ERR,ERR,ERR,ERR,ERR,ERR,ERR,ERR,ERR,ERR,ERR,ERR,ERR,ERR,ERR,ERR,ERR,ERR,ERR,ERR,ERR,ERR,ERR,ERR,ERR,ERR,ERR,ERR,ERR,ERR,ERR,ERR,ERR,-107615240.0,0.0,-117832800.0,0.0,0.0,0.0,0.0,nan,0,0,0,32768,0,0.0,0,0.0,0.0,0.0,0.0,0.0,0,0,0,0,0.0,0,0,0,0,0,0,0,0,0,0,0,0,0,0,0,0,0,0,0,0,0,0,0,0,0,0,0,0,0,0,0,0,0,0,0,0,0,0,0,0,0,0,0,0,0.0,0.0,0.0,0.0,0.0,0.0,0.0,0.0,0.0,0.0,0.0,0.0,0.0,0.0,0.0,0.0,0.0,0.0,0.0,0.0,0.0,0.0,2.004,-0.0,0.0,-2.004,0.0,0.0,0.0,0.0,3355.0,-2.004,0.0,-107615240.0,0.0,-107615232.0,-0.0,0.0,0.0,0.0,0.0,0,-4.9504239556116174e+32,126839996416.0,0.0,0.0,0.0,0.0,0.0,0.0,0.0,0,0,0,0.0,0.0,0.0,0.0,0.0,0.0,0.0,0.0,0.0,0.0,0.0,0.0,0.0,0.0,0.0,0.0,0,-107875648.0,0,0.0,0,-107875648.0,0.0,0,39322,17038,52429,17052,13107,17037,0,0,0,110,100,100,0.0,64.0,0.0,64.8,-0.0,68.5,1,49,50,180,0,13107,0,0,0.0,0.0,0.0,0.0,2216096.75,65.5,0.0,nan,0.0,645,0,686,0,0,0,713,0,784,0,706,0,688,0,646,0,640,0,619,0.032,36962304.0,-2.004,-0.0,39056,16789,0.023,-0.0,-0.002,6.982327645912433e+19,-0.0,8.675328420009926e+27,29.0,60.0,70,0.0,0.0,0.0,0.0,0.0,0.0,0.0,0.0,0.0,0.0,0.0,0.0,0.0,0.0,0.0,0.0,59.2,68,12,65509,41,65476,0,300,0,0,8,20529,65476,0,0,61604,60.0,0.0,0.0,0.0,0.0,0.0
2026-04-04T11:52:29,ERR,ERR,ERR,ERR,ERR,ERR,ERR,ERR,ERR,ERR,ERR,ERR,ERR,ERR,ERR,ERR,ERR,ERR,ERR,ERR,ERR,ERR,ERR,ERR,ERR,ERR,ERR,ERR,ERR,ERR,ERR,ERR,ERR,ERR,ERR,ERR,ERR,ERR,ERR,ERR,ERR,ERR,ERR,ERR,ERR,ERR,ERR,ERR,ERR,ERR,ERR,ERR,ERR,ERR,ERR,ERR,ERR,ERR,ERR,ERR,ERR,ERR,ERR,ERR,ERR,ERR,ERR,ERR,ERR,ERR,ERR,ERR,ERR,ERR,ERR,ERR,ERR,ERR,ERR,ERR,ERR,ERR,ERR,ERR,ERR,ERR,ERR,ERR,ERR,ERR,ERR,ERR,ERR,ERR,ERR,ERR,ERR,ERR,ERR,ERR,ERR,ERR,ERR,ERR,ERR,ERR,ERR,ERR,ERR,ERR,ERR,ERR,ERR,ERR,ERR,ERR,ERR,ERR,ERR,ERR,ERR,ERR,ERR,ERR,ERR,-107615240.0,0.0,-117832800.0,0.0,0.0,0.0,0.0,nan,0,0,0,32768,0,0.0,0,0.0,0.0,0.0,0.0,0.0,0,0,0,0,0.0,0,0,0,0,0,0,0,0,0,0,0,0,0,0,0,0,0,0,0,0,0,0,0,0,0,0,0,0,0,0,0,0,0,0,0,0,0,0,0,0,0,0,0,0,0.0,0.0,0.0,0.0,0.0,0.0,0.0,0.0,0.0,0.0,0.0,0.0,0.0,0.0,0.0,0.0,0.0,0.0,0.0,0.0,0.0,0.0,2.004,-0.0,0.0,-2.004,0.0,0.0,0.0,0.0,3355.0,-2.004,0.0,-107615240.0,0.0,-107615232.0,-0.0,0.0,0.0,0.0,0.0,0,-4.9504239556116174e+32,126839996416.0,0.0,0.0,0.0,0.0,0.0,0.0,0.0,0,0,0,0.0,0.0,0.0,0.0,0.0,0.0,0.0,0.0,0.0,0.0,0.0,0.0,0.0,0.0,0.0,0.0,0,-107875648.0,0,0.0,0,-107875648.0,0.0,0,39322,17038,52429,17052,13107,17037,0,0,0,110,100,100,0.0,64.0,0.0,64.8,-0.0,68.5,1,49,50,180,0,13107,0,0,0.0,0.0,0.0,0.0,2216096.75,65.5,0.0,nan,0.0,645,0,686,0,0,0,713,0,784,0,706,0,688,0,646,0,640,0,619,0.032,36962304.0,-2.004,-0.0,39056,16789,0.023,-0.0,-0.002,6.982327645912433e+19,-0.0,8.675328420009926e+27,29.0,60.0,70,0.0,0.0,0.0,0.0,0.0,0.0,0.0,0.0,0.0,0.0,0.0,0.0,0.0,0.0,0.0,0.0,59.2,68,12,65509,41,65476,0,300,0,0,8,20529,65476,0,0,61604,60.0,0.0,0.0,0.0,0.0,0.0
2026-04-04T11:52:30,ERR,ERR,ERR,ERR,ERR,ERR,ERR,ERR,ERR,ERR,ERR,ERR,ERR,ERR,ERR,ERR,ERR,ERR,ERR,ERR,ERR,ERR,ERR,ERR,ERR,ERR,ERR,ERR,ERR,ERR,ERR,ERR,ERR,ERR,ERR,ERR,ERR,ERR,ERR,ERR,ERR,ERR,ERR,ERR,ERR,ERR,ERR,ERR,ERR,ERR,ERR,ERR,ERR,ERR,ERR,ERR,ERR,ERR,ERR,ERR,ERR,ERR,ERR,ERR,ERR,ERR,ERR,ERR,ERR,ERR,ERR,ERR,ERR,ERR,ERR,ERR,ERR,ERR,ERR,ERR,ERR,ERR,ERR,ERR,ERR,ERR,ERR,ERR,ERR,ERR,ERR,ERR,ERR,ERR,ERR,ERR,ERR,ERR,ERR,ERR,ERR,ERR,ERR,ERR,ERR,ERR,ERR,ERR,ERR,ERR,ERR,ERR,ERR,ERR,ERR,ERR,ERR,ERR,ERR,ERR,ERR,ERR,ERR,ERR,ERR,-107615240.0,0.0,-117832800.0,0.0,0.0,0.0,0.0,nan,0,0,0,32768,0,0.0,0,0.0,0.0,0.0,0.0,0.0,0,0,0,0,0.0,0,0,0,0,0,0,0,0,0,0,0,0,0,0,0,0,0,0,0,0,0,0,0,0,0,0,0,0,0,0,0,0,0,0,0,0,0,0,0,0,0,0,0,0,0.0,0.0,0.0,0.0,0.0,0.0,0.0,0.0,0.0,0.0,0.0,0.0,0.0,0.0,0.0,0.0,0.0,0.0,0.0,0.0,0.0,0.0,2.004,-0.0,0.0,-2.004,0.0,0.0,0.0,0.0,3355.0,-2.004,0.0,-107615240.0,0.0,-107615232.0,-0.0,0.0,0.0,0.0,0.0,0,-4.9504239556116174e+32,126839996416.0,0.0,0.0,0.0,0.0,0.0,0.0,0.0,0,0,0,0.0,0.0,0.0,0.0,0.0,0.0,0.0,0.0,0.0,0.0,0.0,0.0,0.0,0.0,0.0,0.0,0,-107875648.0,0,0.0,0,-107875648.0,0.0,0,39322,17038,52429,17052,13107,17037,0,0,0,110,100,100,0.0,64.0,0.0,64.8,-0.0,68.5,1,49,50,180,0,13107,0,0,0.0,0.0,0.0,0.0,2216096.75,65.5,0.0,nan,0.0,645,0,686,0,0,0,713,0,784,0,706,0,688,0,646,0,640,0,619,0.032,36962304.0,-2.004,-0.0,39056,16789,0.023,-0.0,-0.002,6.982327645912433e+19,-0.0,8.675328420009926e+27,29.0,60.0,70,0.0,0.0,0.0,0.0,0.0,0.0,0.0,0.0,0.0,0.0,0.0,0.0,0.0,0.0,0.0,0.0,59.2,68,12,65509,41,65476,0,300,0,0,8,20529,65476,0,0,61604,60.0,0.0,0.0,0.0,0.0,0.0
2026-04-04T11:52:31,ERR,ERR,ERR,ERR,ERR,ERR,ERR,ERR,ERR,ERR,ERR,ERR,ERR,ERR,ERR,ERR,ERR,ERR,ERR,ERR,ERR,ERR,ERR,ERR,ERR,ERR,ERR,ERR,ERR,ERR,ERR,ERR,ERR,ERR,ERR,ERR,ERR,ERR,ERR,ERR,ERR,ERR,ERR,ERR,ERR,ERR,ERR,ERR,ERR,ERR,ERR,ERR,ERR,ERR,ERR,ERR,ERR,ERR,ERR,ERR,ERR,ERR,ERR,ERR,ERR,ERR,ERR,ERR,ERR,ERR,ERR,ERR,ERR,ERR,ERR,ERR,ERR,ERR,ERR,ERR,ERR,ERR,ERR,ERR,ERR,ERR,ERR,ERR,ERR,ERR,ERR,ERR,ERR,ERR,ERR,ERR,ERR,ERR,ERR,ERR,ERR,ERR,ERR,ERR,ERR,ERR,ERR,ERR,ERR,ERR,ERR,ERR,ERR,ERR,ERR,ERR,ERR,ERR,ERR,ERR,ERR,ERR,ERR,ERR,ERR,-107615240.0,0.0,-117832800.0,0.0,0.0,0.0,0.0,nan,0,0,0,32768,0,0.0,0,0.0,0.0,0.0,0.0,0.0,0,0,0,0,0.0,0,0,0,0,0,0,0,0,0,0,0,0,0,0,0,0,0,0,0,0,0,0,0,0,0,0,0,0,0,0,0,0,0,0,0,0,0,0,0,0,0,0,0,0,0.0,0.0,0.0,0.0,0.0,0.0,0.0,0.0,0.0,0.0,0.0,0.0,0.0,0.0,0.0,0.0,0.0,0.0,0.0,0.0,0.0,0.0,2.004,-0.0,0.0,-2.004,0.0,0.0,0.0,0.0,3355.0,-2.004,0.0,-107615240.0,0.0,-107615232.0,-0.0,0.0,0.0,0.0,0.0,0,-4.9504239556116174e+32,126839996416.0,0.0,0.0,0.0,0.0,0.0,0.0,0.0,0,0,0,0.0,0.0,0.0,0.0,0.0,0.0,0.0,0.0,0.0,0.0,0.0,0.0,0.0,0.0,0.0,0.0,0,-107875648.0,0,0.0,0,-107875648.0,0.0,0,39322,17038,52429,17052,13107,17037,0,0,0,110,100,100,0.0,64.0,0.0,64.8,-0.0,68.5,1,49,50,180,0,13107,0,0,0.0,0.0,0.0,0.0,2216096.75,65.5,0.0,nan,0.0,645,0,686,0,0,0,713,0,784,0,706,0,688,0,646,0,640,0,619,0.032,36962304.0,-2.004,-0.0,39056,16789,0.023,-0.0,-0.002,6.982327645912433e+19,-0.0,8.675328420009926e+27,29.0,60.0,70,0.0,0.0,0.0,0.0,0.0,0.0,0.0,0.0,0.0,0.0,0.0,0.0,0.0,0.0,0.0,0.0,59.6,68,12,65509,41,65476,0,300,0,0,8,20529,65476,0,0,61604,60.0,0.0,0.0,0.0,0.0,0.0
2026-04-04T11:52:32,ERR,ERR,ERR,ERR,ERR,ERR,ERR,ERR,ERR,ERR,ERR,ERR,ERR,ERR,ERR,ERR,ERR,ERR,ERR,ERR,ERR,ERR,ERR,ERR,ERR,ERR,ERR,ERR,ERR,ERR,ERR,ERR,ERR,ERR,ERR,ERR,ERR,ERR,ERR,ERR,ERR,ERR,ERR,ERR,ERR,ERR,ERR,ERR,ERR,ERR,ERR,ERR,ERR,ERR,ERR,ERR,ERR,ERR,ERR,ERR,ERR,ERR,ERR,ERR,ERR,ERR,ERR,ERR,ERR,ERR,ERR,ERR,ERR,ERR,ERR,ERR,ERR,ERR,ERR,ERR,ERR,ERR,ERR,ERR,ERR,ERR,ERR,ERR,ERR,ERR,ERR,ERR,ERR,ERR,ERR,ERR,ERR,ERR,ERR,ERR,ERR,ERR,ERR,ERR,ERR,ERR,ERR,ERR,ERR,ERR,ERR,ERR,ERR,ERR,ERR,ERR,ERR,ERR,ERR,ERR,ERR,ERR,ERR,ERR,ERR,-107615240.0,0.0,-117832800.0,0.0,0.0,0.0,0.0,nan,0,0,0,32768,0,0.0,0,0.0,0.0,0.0,0.0,0.0,0,0,0,0,0.0,0,0,0,0,0,0,0,0,0,0,0,0,0,0,0,0,0,0,0,0,0,0,0,0,0,0,0,0,0,0,0,0,0,0,0,0,0,0,0,0,0,0,0,0,0.0,0.0,0.0,0.0,0.0,0.0,0.0,0.0,0.0,0.0,0.0,0.0,0.0,0.0,0.0,0.0,0.0,0.0,0.0,0.0,0.0,0.0,2.004,-0.0,0.0,-2.004,0.0,0.0,0.0,0.0,3355.0,-2.004,0.0,-107615240.0,0.0,-107615232.0,-0.0,0.0,0.0,0.0,0.0,0,-4.9504239556116174e+32,126839996416.0,0.0,0.0,0.0,0.0,0.0,0.0,0.0,0,0,0,0.0,0.0,0.0,0.0,0.0,0.0,0.0,0.0,0.0,0.0,0.0,0.0,0.0,0.0,0.0,0.0,0,-107875648.0,0,0.0,0,-107875648.0,0.0,0,39322,17038,52429,17052,13107,17037,0,0,0,110,100,100,0.0,64.0,0.0,64.9,-107615304.0,68.5,1,49,50,180,0,13107,0,0,0.0,0.0,0.0,0.0,473620.094,65.5,0.0,-3.486547445101771e+22,0.0,645,0,686,0,0,0,713,0,784,0,706,0,688,0,646,0,640,0,619,0.032,37224448.0,-2.004,-0.0,39824,16789,825749602304.0,-653941604352.0,0.0,1.2266953078727751e+22,-206991771303936.0,-0.0,29.0,60.0,70,0.0,0.0,0.0,0.0,0.0,0.0,0.0,0.0,0.0,0.0,0.0,0.0,0.0,0.0,0.0,0.0,59.6,68,12,65509,41,65476,0,300,0,0,8,20529,65476,0,0,61604,60.0,0.0,0.0,0.0,0.0,0.0
2026-04-04T11:52:33,ERR,ERR,ERR,ERR,ERR,ERR,ERR,ERR,ERR,ERR,ERR,ERR,ERR,ERR,ERR,ERR,ERR,ERR,ERR,ERR,ERR,ERR,ERR,ERR,ERR,ERR,ERR,ERR,ERR,ERR,ERR,ERR,ERR,ERR,ERR,ERR,ERR,ERR,ERR,ERR,ERR,ERR,ERR,ERR,ERR,ERR,ERR,ERR,ERR,ERR,ERR,ERR,ERR,ERR,ERR,ERR,ERR,ERR,ERR,ERR,ERR,ERR,ERR,ERR,ERR,ERR,ERR,ERR,ERR,ERR,ERR,ERR,ERR,ERR,ERR,ERR,ERR,ERR,ERR,ERR,ERR,ERR,ERR,ERR,ERR,ERR,ERR,ERR,ERR,ERR,ERR,ERR,ERR,ERR,ERR,ERR,ERR,ERR,ERR,ERR,ERR,ERR,ERR,ERR,ERR,ERR,ERR,ERR,ERR,ERR,ERR,ERR,ERR,ERR,ERR,ERR,ERR,ERR,ERR,ERR,ERR,ERR,ERR,ERR,ERR,-107615240.0,0.0,-117832800.0,0.0,0.0,0.0,0.0,nan,0,0,0,32768,0,0.0,0,0.0,0.0,0.0,0.0,0.0,0,0,0,0,0.0,0,0,0,0,0,0,0,0,0,0,0,0,0,0,0,0,0,0,0,0,0,0,0,0,0,0,0,0,0,0,0,0,0,0,0,0,0,0,0,0,0,0,0,0,0.0,0.0,0.0,0.0,0.0,0.0,0.0,0.0,0.0,0.0,0.0,0.0,0.0,0.0,0.0,0.0,0.0,0.0,0.0,0.0,0.0,0.0,2.004,-0.0,0.0,-2.004,0.0,0.0,0.0,0.0,3355.0,-2.004,0.0,-107615240.0,0.0,-107615232.0,-0.0,0.0,0.0,0.0,0.0,0,-4.9504239556116174e+32,126839996416.0,0.0,0.0,0.0,0.0,0.0,0.0,0.0,0,0,0,0.0,0.0,0.0,0.0,0.0,0.0,0.0,0.0,0.0,0.0,0.0,0.0,0.0,0.0,0.0,0.0,0,-107875648.0,0,0.0,0,-107875648.0,0.0,0,39322,17038,52429,17052,13107,17037,0,0,0,110,100,100,0.0,64.0,0.0,64.9,-107615304.0,68.5,1,49,50,180,0,13107,0,0,0.0,0.0,0.0,0.0,473620.094,65.5,0.0,-3.486547445101771e+22,0.0,645,0,686,0,0,0,713,0,784,0,706,0,688,0,646,0,640,0,619,0.032,37224448.0,-2.004,-0.0,39824,16789,825749602304.0,-653941604352.0,0.0,1.2266953078727751e+22,-206991771303936.0,-0.0,29.0,60.0,70,0.0,0.0,0.0,0.0,0.0,0.0,0.0,0.0,0.0,0.0,0.0,0.0,0.0,0.0,0.0,0.0,59.2,68,12,65509,41,65476,0,300,0,0,8,20529,65476,0,0,61604,60.0,0.0,0.0,0.0,0.0,0.0
2026-04-04T11:52:34,ERR,ERR,ERR,ERR,ERR,ERR,ERR,ERR,ERR,ERR,ERR,ERR,ERR,ERR,ERR,ERR,ERR,ERR,ERR,ERR,ERR,ERR,ERR,ERR,ERR,ERR,ERR,ERR,ERR,ERR,ERR,ERR,ERR,ERR,ERR,ERR,ERR,ERR,ERR,ERR,ERR,ERR,ERR,ERR,ERR,ERR,ERR,ERR,ERR,ERR,ERR,ERR,ERR,ERR,ERR,ERR,ERR,ERR,ERR,ERR,ERR,ERR,ERR,ERR,ERR,ERR,ERR,ERR,ERR,ERR,ERR,ERR,ERR,ERR,ERR,ERR,ERR,ERR,ERR,ERR,ERR,ERR,ERR,ERR,ERR,ERR,ERR,ERR,ERR,ERR,ERR,ERR,ERR,ERR,ERR,ERR,ERR,ERR,ERR,ERR,ERR,ERR,ERR,ERR,ERR,ERR,ERR,ERR,ERR,ERR,ERR,ERR,ERR,ERR,ERR,ERR,ERR,ERR,ERR,ERR,ERR,ERR,ERR,ERR,ERR,-107615240.0,0.0,-117832800.0,0.0,0.0,0.0,0.0,nan,0,0,0,32768,0,0.0,0,0.0,0.0,0.0,0.0,0.0,0,0,0,0,0.0,0,0,0,0,0,0,0,0,0,0,0,0,0,0,0,0,0,0,0,0,0,0,0,0,0,0,0,0,0,0,0,0,0,0,0,0,0,0,0,0,0,0,0,0,0.0,0.0,0.0,0.0,0.0,0.0,0.0,0.0,0.0,0.0,0.0,0.0,0.0,0.0,0.0,0.0,0.0,0.0,0.0,0.0,0.0,0.0,2.004,-0.0,0.0,-2.004,0.0,0.0,0.0,0.0,3355.0,-0.0,0.0,-107615240.0,0.0,-107615232.0,-0.0,0.0,0.0,0.0,0.0,0,0.0,0.0,0.0,0.0,0.0,0.0,0.0,0.0,0.0,0,0,0,0.0,0.0,0.0,0.0,0.0,0.0,0.0,0.0,0.0,0.0,0.0,0.0,0.0,0.0,0.0,0.0,0,-107875648.0,0,0.0,0,-107875648.0,0.0,0,39322,17038,52429,17052,13107,17037,0,0,0,110,100,100,0.0,64.0,0.0,64.9,-107615304.0,68.5,1,49,50,180,0,13107,0,0,0.0,0.0,0.0,0.0,473620.094,65.5,0.0,-3.486547445101771e+22,0.0,645,0,686,0,0,0,713,0,784,0,706,0,688,0,646,0,640,0,619,0.032,37224448.0,-2.004,-0.0,39824,16789,825749602304.0,-653941604352.0,0.0,1.2266953078727751e+22,-206991771303936.0,-0.0,29.0,60.0,70,0.0,0.0,0.0,0.0,0.0,0.0,0.0,0.0,0.0,0.0,0.0,0.0,0.0,0.0,0.0,0.0,59.2,68,12,65509,41,65476,0,300,0,0,8,20529,65476,0,0,61604,60.0,0.0,0.0,0.0,0.0,0.0
2026-04-04T11:52:35,ERR,ERR,ERR,ERR,ERR,ERR,ERR,ERR,ERR,ERR,ERR,ERR,ERR,ERR,ERR,ERR,ERR,ERR,ERR,ERR,ERR,ERR,ERR,ERR,ERR,ERR,ERR,ERR,ERR,ERR,ERR,ERR,ERR,ERR,ERR,ERR,ERR,ERR,ERR,ERR,ERR,ERR,ERR,ERR,ERR,ERR,ERR,ERR,ERR,ERR,ERR,ERR,ERR,ERR,ERR,ERR,ERR,ERR,ERR,ERR,ERR,ERR,ERR,ERR,ERR,ERR,ERR,ERR,ERR,ERR,ERR,ERR,ERR,ERR,ERR,ERR,ERR,ERR,ERR,ERR,ERR,ERR,ERR,ERR,ERR,ERR,ERR,ERR,ERR,ERR,ERR,ERR,ERR,ERR,ERR,ERR,ERR,ERR,ERR,ERR,ERR,ERR,ERR,ERR,ERR,ERR,ERR,ERR,ERR,ERR,ERR,ERR,ERR,ERR,ERR,ERR,ERR,ERR,ERR,ERR,ERR,ERR,ERR,ERR,ERR,-107615240.0,0.0,-117832800.0,0.0,0.0,0.0,0.0,nan,0,0,0,32768,0,0.0,0,0.0,0.0,0.0,0.0,0.0,0,0,0,0,0.0,0,0,0,0,0,0,0,0,0,0,0,0,0,0,0,0,0,0,0,0,0,0,0,0,0,0,0,0,0,0,0,0,0,0,0,0,0,0,0,0,0,0,0,0,0.0,0.0,0.0,0.0,0.0,0.0,0.0,0.0,0.0,0.0,0.0,0.0,0.0,0.0,0.0,0.0,0.0,0.0,0.0,0.0,0.0,0.0,2.004,-0.0,0.0,-2.004,0.0,0.0,0.0,0.0,3355.0,-0.0,0.0,-107615240.0,0.0,-107615232.0,-0.0,0.0,0.0,0.0,0.0,0,0.0,0.0,0.0,0.0,0.0,0.0,0.0,0.0,0.0,0,0,0,0.0,0.0,0.0,0.0,0.0,0.0,0.0,0.0,0.0,0.0,0.0,0.0,0.0,0.0,0.0,0.0,0,-107875648.0,0,0.0,0,-107875648.0,0.0,0,39322,17038,52429,17052,13107,17037,0,0,0,110,100,100,0.0,64.0,0.0,64.9,-107615304.0,68.5,1,49,50,180,0,13107,0,0,0.0,0.0,0.0,0.0,473620.094,65.5,0.0,-3.486547445101771e+22,0.0,645,0,686,0,0,0,713,0,784,0,706,0,688,0,646,0,640,0,619,0.032,37224448.0,-2.004,-0.0,39824,16789,825749602304.0,-653941604352.0,0.0,1.2266953078727751e+22,-206991771303936.0,-0.0,29.0,60.0,70,0.0,0.0,0.0,0.0,0.0,0.0,0.0,0.0,0.0,0.0,0.0,0.0,0.0,0.0,0.0,0.0,59.2,68,12,65509,41,65476,0,300,0,0,8,20529,65476,0,0,61604,60.0,0.0,0.0,0.0,0.0,0.0
2026-04-04T11:52:36,ERR,ERR,ERR,ERR,ERR,ERR,ERR,ERR,ERR,ERR,ERR,ERR,ERR,ERR,ERR,ERR,ERR,ERR,ERR,ERR,ERR,ERR,ERR,ERR,ERR,ERR,ERR,ERR,ERR,ERR,ERR,ERR,ERR,ERR,ERR,ERR,ERR,ERR,ERR,ERR,ERR,ERR,ERR,ERR,ERR,ERR,ERR,ERR,ERR,ERR,ERR,ERR,ERR,ERR,ERR,ERR,ERR,ERR,ERR,ERR,ERR,ERR,ERR,ERR,ERR,ERR,ERR,ERR,ERR,ERR,ERR,ERR,ERR,ERR,ERR,ERR,ERR,ERR,ERR,ERR,ERR,ERR,ERR,ERR,ERR,ERR,ERR,ERR,ERR,ERR,ERR,ERR,ERR,ERR,ERR,ERR,ERR,ERR,ERR,ERR,ERR,ERR,ERR,ERR,ERR,ERR,ERR,ERR,ERR,ERR,ERR,ERR,ERR,ERR,ERR,ERR,ERR,ERR,ERR,ERR,ERR,ERR,ERR,ERR,ERR,-107615240.0,0.0,-117832800.0,0.0,0.0,0.0,0.0,nan,0,0,0,32768,0,0.0,0,0.0,0.0,0.0,0.0,0.0,0,0,0,0,0.0,0,0,0,0,0,0,0,0,0,0,0,0,0,0,0,0,0,0,0,0,0,0,0,0,0,0,0,0,0,0,0,0,0,0,0,0,0,0,0,0,0,0,0,0,0.0,0.0,0.0,0.0,0.0,0.0,0.0,0.0,0.0,0.0,0.0,0.0,0.0,0.0,0.0,0.0,0.0,0.0,0.0,0.0,0.0,0.0,2.004,-0.0,0.0,-2.004,0.0,0.0,0.0,0.0,3355.0,-0.0,0.0,-107615240.0,0.0,-107615232.0,-0.0,0.0,0.0,0.0,0.0,0,0.0,0.0,0.0,0.0,0.0,0.0,0.0,0.0,0.0,0,0,0,0.0,0.0,0.0,0.0,0.0,0.0,0.0,0.0,0.0,0.0,0.0,0.0,0.0,0.0,0.0,0.0,0,-107875648.0,0,0.0,0,-107875648.0,0.0,0,39322,17038,52429,17052,13107,17037,0,0,0,110,100,100,0.0,64.0,0.0,64.9,-107615304.0,68.5,1,49,50,180,0,13107,0,0,0.0,0.0,0.0,0.0,473620.094,65.5,0.0,-3.486547445101771e+22,0.0,645,0,686,0,0,0,713,0,784,0,706,0,688,0,646,0,640,0,619,0.032,37224448.0,-2.004,-0.0,39824,16789,825749602304.0,-653941604352.0,0.0,1.2266953078727751e+22,-206991771303936.0,-0.0,29.0,60.0,70,0.0,0.0,0.0,0.0,0.0,0.0,0.0,0.0,0.0,0.0,0.0,0.0,0.0,0.0,0.0,0.0,59.6,68,12,65509,41,65476,0,300,0,0,8,20529,65476,0,0,61604,60.0,0.0,0.0,0.0,0.0,0.0
2026-04-04T11:52:37,ERR,ERR,ERR,ERR,ERR,ERR,ERR,ERR,ERR,ERR,ERR,ERR,ERR,ERR,ERR,ERR,ERR,ERR,ERR,ERR,ERR,ERR,ERR,ERR,ERR,ERR,ERR,ERR,ERR,ERR,ERR,ERR,ERR,ERR,ERR,ERR,ERR,ERR,ERR,ERR,ERR,ERR,ERR,ERR,ERR,ERR,ERR,ERR,ERR,ERR,ERR,ERR,ERR,ERR,ERR,ERR,ERR,ERR,ERR,ERR,ERR,ERR,ERR,ERR,ERR,ERR,ERR,ERR,ERR,ERR,ERR,ERR,ERR,ERR,ERR,ERR,ERR,ERR,ERR,ERR,ERR,ERR,ERR,ERR,ERR,ERR,ERR,ERR,ERR,ERR,ERR,ERR,ERR,ERR,ERR,ERR,ERR,ERR,ERR,ERR,ERR,ERR,ERR,ERR,ERR,ERR,ERR,ERR,ERR,ERR,ERR,ERR,ERR,ERR,ERR,ERR,ERR,ERR,ERR,ERR,ERR,ERR,ERR,ERR,ERR,-107615240.0,0.0,-117832800.0,0.0,0.0,0.0,0.0,nan,0,0,0,32768,0,0.0,0,0.0,0.0,0.0,0.0,0.0,0,0,0,0,0.0,0,0,0,0,0,0,0,0,0,0,0,0,0,0,0,0,0,0,0,0,0,0,0,0,0,0,0,0,0,0,0,0,0,0,0,0,0,0,0,0,0,0,0,0,0.0,0.0,0.0,0.0,0.0,0.0,0.0,0.0,0.0,0.0,0.0,0.0,0.0,0.0,0.0,0.0,0.0,0.0,0.0,0.0,0.0,0.0,2.004,-0.0,0.0,-2.004,0.0,0.0,0.0,0.0,3355.0,-0.0,0.0,-107615240.0,0.0,-107615232.0,-0.0,0.0,0.0,0.0,0.0,0,0.0,0.0,0.0,0.0,0.0,0.0,0.0,0.0,0.0,0,0,0,0.0,0.0,0.0,0.0,0.0,0.0,0.0,0.0,0.0,0.0,0.0,0.0,0.0,0.0,0.0,0.0,0,-107875648.0,0,0.0,0,-107875648.0,0.0,0,39322,17038,52429,17052,13107,17037,0,0,0,110,100,100,0.0,64.0,0.0,64.9,-107615304.0,68.5,1,49,50,180,0,13107,0,0,0.0,0.0,0.0,0.0,473620.094,65.5,0.0,-3.486547445101771e+22,0.0,645,0,686,0,0,0,713,0,784,0,706,0,688,0,646,0,640,0,619,0.032,37224448.0,-2.004,-0.0,39824,16789,825749602304.0,-653941604352.0,0.0,1.2266953078727751e+22,-206991771303936.0,-0.0,29.0,60.0,70,0.0,0.0,0.0,0.0,0.0,0.0,0.0,0.0,0.0,0.0,0.0,0.0,0.0,0.0,0.0,0.0,59.6,68,12,65509,41,65476,0,300,0,0,8,20529,65476,0,0,61604,60.0,0.0,0.0,0.0,0.0,0.0
2026-04-04T11:52:38,ERR,ERR,ERR,ERR,ERR,ERR,ERR,ERR,ERR,ERR,ERR,ERR,ERR,ERR,ERR,ERR,ERR,ERR,ERR,ERR,ERR,ERR,ERR,ERR,ERR,ERR,ERR,ERR,ERR,ERR,ERR,ERR,ERR,ERR,ERR,ERR,ERR,ERR,ERR,ERR,ERR,ERR,ERR,ERR,ERR,ERR,ERR,ERR,ERR,ERR,ERR,ERR,ERR,ERR,ERR,ERR,ERR,ERR,ERR,ERR,ERR,ERR,ERR,ERR,ERR,ERR,ERR,ERR,ERR,ERR,ERR,ERR,ERR,ERR,ERR,ERR,ERR,ERR,ERR,ERR,ERR,ERR,ERR,ERR,ERR,ERR,ERR,ERR,ERR,ERR,ERR,ERR,ERR,ERR,ERR,ERR,ERR,ERR,ERR,ERR,ERR,ERR,ERR,ERR,ERR,ERR,ERR,ERR,ERR,ERR,ERR,ERR,ERR,ERR,ERR,ERR,ERR,ERR,ERR,ERR,ERR,ERR,ERR,ERR,ERR,-107615240.0,0.0,-117832800.0,0.0,0.0,0.0,0.0,nan,0,0,0,32768,0,0.0,0,0.0,0.0,0.0,0.0,0.0,0,0,0,0,0.0,0,0,0,0,0,0,0,0,0,0,0,0,0,0,0,0,0,0,0,0,0,0,0,0,0,0,0,0,0,0,0,0,0,0,0,0,0,0,0,0,0,0,0,0,0.0,0.0,0.0,0.0,0.0,0.0,0.0,0.0,0.0,0.0,0.0,0.0,0.0,0.0,0.0,0.0,0.0,0.0,0.0,0.0,0.0,0.0,2.004,-0.0,0.0,-2.004,0.0,0.0,0.0,0.0,3355.0,-0.0,0.0,-107615240.0,0.0,-107615232.0,-0.0,0.0,0.0,0.0,0.0,0,0.0,0.0,0.0,0.0,0.0,0.0,0.0,0.0,0.0,0,0,0,0.0,0.0,0.0,0.0,0.0,0.0,0.0,0.0,0.0,0.0,0.0,0.0,0.0,0.0,0.0,0.0,0,-107875648.0,0,0.0,0,-107875648.0,0.0,0,39322,17038,52429,17052,13107,17037,0,0,0,110,100,100,0.0,64.1,0.0,64.8,-107615304.0,68.5,1,49,50,180,0,13107,0,0,0.0,0.0,0.0,0.0,3149984.75,65.5,0.0,6.530495437105791e+18,0.0,643,0,685,0,0,0,713,0,784,0,706,0,688,0,646,0,640,0,619,0.032,36962304.0,-2.004,-0.0,46736,16789,825749602304.0,1.2005236730588509e+20,1.2790666862628342e+27,2.7064859342243497e+23,0.0,0.0,29.0,60.0,70,0.0,0.0,0.0,0.0,0.0,0.0,0.0,0.0,0.0,0.0,0.0,0.0,0.0,0.0,0.0,0.0,59.6,68,12,65509,41,65476,0,300,0,0,8,20529,65476,0,0,61604,60.0,0.0,0.0,0.0,0.0,0.0
2026-04-04T11:52:39,ERR,ERR,ERR,ERR,ERR,ERR,ERR,ERR,ERR,ERR,ERR,ERR,ERR,ERR,ERR,ERR,ERR,ERR,ERR,ERR,ERR,ERR,ERR,ERR,ERR,ERR,ERR,ERR,ERR,ERR,ERR,ERR,ERR,ERR,ERR,ERR,ERR,ERR,ERR,ERR,ERR,ERR,ERR,ERR,ERR,ERR,ERR,ERR,ERR,ERR,ERR,ERR,ERR,ERR,ERR,ERR,ERR,ERR,ERR,ERR,ERR,ERR,ERR,ERR,ERR,ERR,ERR,ERR,ERR,ERR,ERR,ERR,ERR,ERR,ERR,ERR,ERR,ERR,ERR,ERR,ERR,ERR,ERR,ERR,ERR,ERR,ERR,ERR,ERR,ERR,ERR,ERR,ERR,ERR,ERR,ERR,ERR,ERR,ERR,ERR,ERR,ERR,ERR,ERR,ERR,ERR,ERR,ERR,ERR,ERR,ERR,ERR,ERR,ERR,ERR,ERR,ERR,ERR,ERR,ERR,ERR,ERR,ERR,ERR,ERR,-107615240.0,0.0,-117832800.0,0.0,0.0,0.0,0.0,nan,0,0,0,32768,0,0.0,0,0.0,0.0,0.0,0.0,0.0,0,0,0,0,0.0,0,0,0,0,0,0,0,0,0,0,0,0,0,0,0,0,0,0,0,0,0,0,0,0,0,0,0,0,0,0,0,0,0,0,0,0,0,0,0,0,0,0,0,0,0.0,0.0,0.0,0.0,0.0,0.0,0.0,0.0,0.0,0.0,0.0,0.0,0.0,0.0,0.0,0.0,0.0,0.0,0.0,0.0,0.0,0.0,2.004,-0.0,0.0,-2.004,0.0,0.0,0.0,0.0,3355.0,-0.0,0.0,-107615240.0,0.0,-107615232.0,-0.0,0.0,0.0,0.0,0.0,0,0.0,0.0,0.0,0.0,0.0,0.0,0.0,0.0,0.0,0,0,0,0.0,0.0,0.0,0.0,0.0,0.0,0.0,0.0,0.0,0.0,0.0,0.0,0.0,0.0,0.0,0.0,0,-107875648.0,0,0.0,0,-107875648.0,0.0,0,39322,17038,52429,17052,13107,17037,0,0,0,110,100,100,0.0,64.1,0.0,64.8,-107615304.0,68.5,1,49,50,180,0,13107,0,0,0.0,0.0,0.0,0.0,3149984.75,65.5,0.0,6.530495437105791e+18,0.0,643,0,685,0,0,0,713,0,784,0,706,0,688,0,646,0,640,0,619,0.032,36962304.0,-2.004,-0.0,46736,16789,825749602304.0,1.2005236730588509e+20,1.2790666862628342e+27,2.7064859342243497e+23,0.0,0.0,29.0,60.0,70,0.0,0.0,0.0,0.0,0.0,0.0,0.0,0.0,0.0,0.0,0.0,0.0,0.0,0.0,0.0,0.0,59.2,68,12,65509,41,65476,0,300,0,0,8,20529,65476,0,0,61604,60.0,0.0,0.0,0.0,0.0,0.0
2026-04-04T11:52:40,ERR,ERR,ERR,ERR,ERR,ERR,ERR,ERR,ERR,ERR,ERR,ERR,ERR,ERR,ERR,ERR,ERR,ERR,ERR,ERR,ERR,ERR,ERR,ERR,ERR,ERR,ERR,ERR,ERR,ERR,ERR,ERR,ERR,ERR,ERR,ERR,ERR,ERR,ERR,ERR,ERR,ERR,ERR,ERR,ERR,ERR,ERR,ERR,ERR,ERR,ERR,ERR,ERR,ERR,ERR,ERR,ERR,ERR,ERR,ERR,ERR,ERR,ERR,ERR,ERR,ERR,ERR,ERR,ERR,ERR,ERR,ERR,ERR,ERR,ERR,ERR,ERR,ERR,ERR,ERR,ERR,ERR,ERR,ERR,ERR,ERR,ERR,ERR,ERR,ERR,ERR,ERR,ERR,ERR,ERR,ERR,ERR,ERR,ERR,ERR,ERR,ERR,ERR,ERR,ERR,ERR,ERR,ERR,ERR,ERR,ERR,ERR,ERR,ERR,ERR,ERR,ERR,ERR,ERR,ERR,ERR,ERR,ERR,ERR,ERR,-107615240.0,0.0,-117832800.0,0.0,0.0,0.0,0.0,nan,0,0,0,32768,0,0.0,0,0.0,0.0,0.0,0.0,0.0,0,0,0,0,0.0,0,0,0,0,0,0,0,0,0,0,0,0,0,0,0,0,0,0,0,0,0,0,0,0,0,0,0,0,0,0,0,0,0,0,0,0,0,0,0,0,0,0,0,0,0.0,0.0,0.0,0.0,0.0,0.0,0.0,0.0,0.0,0.0,0.0,0.0,0.0,0.0,0.0,0.0,0.0,0.0,0.0,0.0,0.0,0.0,2.004,-0.0,0.0,-2.004,0.0,0.0,0.0,0.0,3355.0,-0.0,0.0,-107615240.0,0.0,-107615232.0,-0.0,0.0,0.0,0.0,0.0,0,0.0,0.0,0.0,0.0,0.0,0.0,0.0,0.0,0.0,0,0,0,0.0,0.0,0.0,0.0,0.0,0.0,0.0,0.0,0.0,0.0,0.0,0.0,0.0,0.0,0.0,0.0,0,-107875648.0,0,0.0,0,-107875648.0,0.0,0,39322,17038,52429,17052,13107,17037,0,0,0,110,100,100,0.0,64.1,0.0,64.8,-107615304.0,68.5,1,49,50,180,0,13107,0,0,0.0,0.0,0.0,0.0,3149984.75,65.5,0.0,6.530495437105791e+18,0.0,643,0,685,0,0,0,713,0,784,0,706,0,688,0,646,0,640,0,619,0.032,36962304.0,-2.004,-0.0,46736,16789,825749602304.0,1.2005236730588509e+20,1.2790666862628342e+27,2.7064859342243497e+23,0.0,0.0,29.0,60.0,70,0.0,0.0,0.0,0.0,0.0,0.0,0.0,0.0,0.0,0.0,0.0,0.0,0.0,0.0,0.0,0.0,59.2,68,12,65509,41,65476,0,300,0,0,8,20529,65476,0,0,61604,60.0,0.0,0.0,0.0,0.0,0.0
2026-04-04T11:52:41,ERR,ERR,ERR,ERR,ERR,ERR,ERR,ERR,ERR,ERR,ERR,ERR,ERR,ERR,ERR,ERR,ERR,ERR,ERR,ERR,ERR,ERR,ERR,ERR,ERR,ERR,ERR,ERR,ERR,ERR,ERR,ERR,ERR,ERR,ERR,ERR,ERR,ERR,ERR,ERR,ERR,ERR,ERR,ERR,ERR,ERR,ERR,ERR,ERR,ERR,ERR,ERR,ERR,ERR,ERR,ERR,ERR,ERR,ERR,ERR,ERR,ERR,ERR,ERR,ERR,ERR,ERR,ERR,ERR,ERR,ERR,ERR,ERR,ERR,ERR,ERR,ERR,ERR,ERR,ERR,ERR,ERR,ERR,ERR,ERR,ERR,ERR,ERR,ERR,ERR,ERR,ERR,ERR,ERR,ERR,ERR,ERR,ERR,ERR,ERR,ERR,ERR,ERR,ERR,ERR,ERR,ERR,ERR,ERR,ERR,ERR,ERR,ERR,ERR,ERR,ERR,ERR,ERR,ERR,ERR,ERR,ERR,ERR,ERR,ERR,-107615240.0,0.0,-117832800.0,0.0,0.0,0.0,0.0,nan,0,0,0,32768,0,0.0,0,0.0,0.0,0.0,0.0,0.0,0,0,0,0,0.0,0,0,0,0,0,0,0,0,0,0,0,0,0,0,0,0,0,0,0,0,0,0,0,0,0,0,0,0,0,0,0,0,0,0,0,0,0,0,0,0,0,0,0,0,0.0,0.0,0.0,0.0,0.0,0.0,0.0,0.0,0.0,0.0,0.0,0.0,0.0,0.0,0.0,0.0,0.0,0.0,0.0,0.0,0.0,0.0,2.004,-0.0,0.0,-2.004,0.0,0.0,0.0,0.0,3355.0,-0.0,0.0,-107615240.0,0.0,-107615232.0,-0.0,0.0,0.0,0.0,0.0,0,0.0,0.0,0.0,0.0,0.0,0.0,0.0,0.0,0.0,0,0,0,0.0,0.0,0.0,0.0,0.0,0.0,0.0,0.0,0.0,0.0,0.0,0.0,0.0,0.0,0.0,0.0,0,-107875648.0,0,0.0,0,-107875648.0,0.0,0,39322,17038,52429,17052,13107,17037,0,0,0,110,100,100,0.0,64.1,0.0,64.8,-107615304.0,68.5,1,49,50,180,0,13107,0,0,0.0,0.0,0.0,0.0,3149984.75,65.5,0.0,6.530495437105791e+18,0.0,643,0,685,0,0,0,713,0,784,0,706,0,688,0,646,0,640,0,619,0.032,36962304.0,-2.004,-0.0,46736,16789,825749602304.0,1.2005236730588509e+20,1.2790666862628342e+27,2.7064859342243497e+23,0.0,0.0,29.0,60.0,70,0.0,0.0,0.0,0.0,0.0,0.0,0.0,0.0,0.0,0.0,0.0,0.0,0.0,0.0,0.0,0.0,59.2,68,12,65509,41,65476,0,300,0,0,8,20529,65476,0,0,61604,60.0,0.0,0.0,0.0,0.0,0.0
2026-04-04T11:52:42,ERR,ERR,ERR,ERR,ERR,ERR,ERR,ERR,ERR,ERR,ERR,ERR,ERR,ERR,ERR,ERR,ERR,ERR,ERR,ERR,ERR,ERR,ERR,ERR,ERR,ERR,ERR,ERR,ERR,ERR,ERR,ERR,ERR,ERR,ERR,ERR,ERR,ERR,ERR,ERR,ERR,ERR,ERR,ERR,ERR,ERR,ERR,ERR,ERR,ERR,ERR,ERR,ERR,ERR,ERR,ERR,ERR,ERR,ERR,ERR,ERR,ERR,ERR,ERR,ERR,ERR,ERR,ERR,ERR,ERR,ERR,ERR,ERR,ERR,ERR,ERR,ERR,ERR,ERR,ERR,ERR,ERR,ERR,ERR,ERR,ERR,ERR,ERR,ERR,ERR,ERR,ERR,ERR,ERR,ERR,ERR,ERR,ERR,ERR,ERR,ERR,ERR,ERR,ERR,ERR,ERR,ERR,ERR,ERR,ERR,ERR,ERR,ERR,ERR,ERR,ERR,ERR,ERR,ERR,ERR,ERR,ERR,ERR,ERR,ERR,-107615240.0,0.0,-117832800.0,0.0,0.0,0.0,0.0,nan,0,0,0,32768,0,0.0,0,0.0,0.0,0.0,0.0,0.0,0,0,0,0,0.0,0,0,0,0,0,0,0,0,0,0,0,0,0,0,0,0,0,0,0,0,0,0,0,0,0,0,0,0,0,0,0,0,0,0,0,0,0,0,0,0,0,0,0,0,0.0,0.0,0.0,0.0,0.0,0.0,0.0,0.0,0.0,0.0,0.0,0.0,0.0,0.0,0.0,0.0,0.0,0.0,0.0,0.0,0.0,0.0,2.004,-0.0,0.0,-2.004,0.0,0.0,0.0,0.0,3355.0,-0.0,0.0,-107615240.0,0.0,-107615232.0,-0.0,0.0,0.0,0.0,0.0,0,0.0,0.0,0.0,0.0,0.0,0.0,0.0,0.0,0.0,0,0,0,0.0,0.0,0.0,0.0,0.0,0.0,0.0,0.0,0.0,0.0,0.0,0.0,0.0,0.0,0.0,0.0,0,-107875648.0,0,0.0,0,-107875648.0,0.0,0,39322,17038,52429,17052,13107,17037,0,0,0,110,100,100,0.0,64.1,0.0,64.8,-107615304.0,68.5,1,49,50,180,0,13107,0,0,0.0,0.0,0.0,0.0,3149984.75,65.5,0.0,6.530495437105791e+18,0.0,643,0,685,0,0,0,713,0,784,0,706,0,688,0,646,0,640,0,619,0.032,36962304.0,-2.004,-0.0,46736,16789,825749602304.0,1.2005236730588509e+20,1.2790666862628342e+27,2.7064859342243497e+23,0.0,0.0,29.0,60.0,70,0.0,0.0,0.0,0.0,0.0,0.0,0.0,0.0,0.0,0.0,0.0,0.0,0.0,0.0,0.0,0.0,59.2,68,12,65509,41,65476,0,300,0,0,8,20529,65476,0,0,61604,60.0,0.0,0.0,0.0,0.0,0.0
2026-04-04T11:52:43,ERR,ERR,ERR,ERR,ERR,ERR,ERR,ERR,ERR,ERR,ERR,ERR,ERR,ERR,ERR,ERR,ERR,ERR,ERR,ERR,ERR,ERR,ERR,ERR,ERR,ERR,ERR,ERR,ERR,ERR,ERR,ERR,ERR,ERR,ERR,ERR,ERR,ERR,ERR,ERR,ERR,ERR,ERR,ERR,ERR,ERR,ERR,ERR,ERR,ERR,ERR,ERR,ERR,ERR,ERR,ERR,ERR,ERR,ERR,ERR,ERR,ERR,ERR,ERR,ERR,ERR,ERR,ERR,ERR,ERR,ERR,ERR,ERR,ERR,ERR,ERR,ERR,ERR,ERR,ERR,ERR,ERR,ERR,ERR,ERR,ERR,ERR,ERR,ERR,ERR,ERR,ERR,ERR,ERR,ERR,ERR,ERR,ERR,ERR,ERR,ERR,ERR,ERR,ERR,ERR,ERR,ERR,ERR,ERR,ERR,ERR,ERR,ERR,ERR,ERR,ERR,ERR,ERR,ERR,ERR,ERR,ERR,ERR,ERR,ERR,-107615240.0,0.0,-117832800.0,0.0,0.0,0.0,0.0,nan,0,0,0,32768,0,0.0,0,0.0,0.0,0.0,0.0,0.0,0,0,0,0,0.0,0,0,0,0,0,0,0,0,0,0,0,0,0,0,0,0,0,0,0,0,0,0,0,0,0,0,0,0,0,0,0,0,0,0,0,0,0,0,0,0,0,0,0,0,0.0,0.0,0.0,0.0,0.0,0.0,0.0,0.0,0.0,0.0,0.0,0.0,0.0,0.0,0.0,0.0,0.0,0.0,0.0,0.0,0.0,0.0,2.004,-0.0,0.0,-2.004,0.0,0.0,0.0,0.0,3355.5,0.0,0.0,-107615240.0,0.0,-107615232.0,-0.0,0.0,0.0,0.0,0.0,0,0.0,-4.950375598578833e+32,0.0,0.0,0.0,0.0,0.0,0.0,0.0,0,0,0,0.0,0.0,0.0,0.0,0.0,0.0,0.0,0.0,0.0,0.0,0.0,0.0,0.0,0.0,0.0,0.0,0,-107875648.0,0,0.0,0,-107875648.0,0.0,0,39322,17038,52429,17052,13107,17037,0,0,0,110,100,100,0.0,64.1,0.0,64.8,-107615304.0,68.5,1,49,50,180,0,13107,0,0,0.0,0.0,0.0,0.0,3149984.75,65.5,0.0,6.530495437105791e+18,0.0,643,0,685,0,0,0,713,0,784,0,706,0,688,0,646,0,640,0,619,0.032,36962304.0,-2.004,-0.0,46736,16789,825749602304.0,1.2005236730588509e+20,1.2790666862628342e+27,2.7064859342243497e+23,0.0,0.0,29.0,60.0,70,0.0,0.0,0.0,0.0,0.0,0.0,0.0,0.0,0.0,0.0,0.0,0.0,0.0,0.0,0.0,0.0,59.2,68,12,65509,41,65476,0,300,0,0,8,20529,65476,0,0,61604,60.0,0.0,0.0,0.0,0.0,0.0
2026-04-04T11:52:44,ERR,ERR,ERR,ERR,ERR,ERR,ERR,ERR,ERR,ERR,ERR,ERR,ERR,ERR,ERR,ERR,ERR,ERR,ERR,ERR,ERR,ERR,ERR,ERR,ERR,ERR,ERR,ERR,ERR,ERR,ERR,ERR,ERR,ERR,ERR,ERR,ERR,ERR,ERR,ERR,ERR,ERR,ERR,ERR,ERR,ERR,ERR,ERR,ERR,ERR,ERR,ERR,ERR,ERR,ERR,ERR,ERR,ERR,ERR,ERR,ERR,ERR,ERR,ERR,ERR,ERR,ERR,ERR,ERR,ERR,ERR,ERR,ERR,ERR,ERR,ERR,ERR,ERR,ERR,ERR,ERR,ERR,ERR,ERR,ERR,ERR,ERR,ERR,ERR,ERR,ERR,ERR,ERR,ERR,ERR,ERR,ERR,ERR,ERR,ERR,ERR,ERR,ERR,ERR,ERR,ERR,ERR,ERR,ERR,ERR,ERR,ERR,ERR,ERR,ERR,ERR,ERR,ERR,ERR,ERR,ERR,ERR,ERR,ERR,ERR,-107615240.0,0.0,-117832800.0,0.0,0.0,0.0,0.0,nan,0,0,0,32768,0,0.0,0,0.0,0.0,0.0,0.0,0.0,0,0,0,0,0.0,0,0,0,0,0,0,0,0,0,0,0,0,0,0,0,0,0,0,0,0,0,0,0,0,0,0,0,0,0,0,0,0,0,0,0,0,0,0,0,0,0,0,0,0,0.0,0.0,0.0,0.0,0.0,0.0,0.0,0.0,0.0,0.0,0.0,0.0,0.0,0.0,0.0,0.0,0.0,0.0,0.0,0.0,0.0,0.0,2.004,-0.0,0.0,-2.004,0.0,0.0,0.0,0.0,3355.5,0.0,0.0,-107615240.0,0.0,-107615232.0,-0.0,0.0,0.0,0.0,0.0,0,0.0,-4.950375598578833e+32,0.0,0.0,0.0,0.0,0.0,0.0,0.0,0,0,0,0.0,0.0,0.0,0.0,0.0,0.0,0.0,0.0,0.0,0.0,0.0,0.0,0.0,0.0,0.0,0.0,0,-107875648.0,0,0.0,0,-107875648.0,0.0,0,39322,17038,52429,17052,13107,17037,0,0,0,110,100,100,0.0,64.0,0.0,64.9,-0.0,68.5,1,49,50,180,0,13107,0,0,0.0,0.0,0.0,0.0,19093788672.0,65.5,0.0,-0.0,0.0,645,0,686,0,0,0,713,0,784,0,706,0,688,0,646,0,640,0,619,0.032,36700160.0,-2.004,-0.0,39312,16789,1.3106869019082752e+16,0.0,-7.426034424735157e+23,-2.7950279644780954e+17,2.2230911252793655e+19,3.119067278981322e+27,29.0,60.0,70,0.0,0.0,0.0,0.0,0.0,0.0,0.0,0.0,0.0,0.0,0.0,0.0,0.0,0.0,0.0,0.0,59.2,68,12,65509,41,65476,0,300,0,0,8,20529,65476,0,0,61604,60.0,0.0,0.0,0.0,0.0,0.0
2026-04-04T11:52:45,ERR,ERR,ERR,ERR,ERR,ERR,ERR,ERR,ERR,ERR,ERR,ERR,ERR,ERR,ERR,ERR,ERR,ERR,ERR,ERR,ERR,ERR,ERR,ERR,ERR,ERR,ERR,ERR,ERR,ERR,ERR,ERR,ERR,ERR,ERR,ERR,ERR,ERR,ERR,ERR,ERR,ERR,ERR,ERR,ERR,ERR,ERR,ERR,ERR,ERR,ERR,ERR,ERR,ERR,ERR,ERR,ERR,ERR,ERR,ERR,ERR,ERR,ERR,ERR,ERR,ERR,ERR,ERR,ERR,ERR,ERR,ERR,ERR,ERR,ERR,ERR,ERR,ERR,ERR,ERR,ERR,ERR,ERR,ERR,ERR,ERR,ERR,ERR,ERR,ERR,ERR,ERR,ERR,ERR,ERR,ERR,ERR,ERR,ERR,ERR,ERR,ERR,ERR,ERR,ERR,ERR,ERR,ERR,ERR,ERR,ERR,ERR,ERR,ERR,ERR,ERR,ERR,ERR,ERR,ERR,ERR,ERR,ERR,ERR,ERR,-107615240.0,0.0,-117832800.0,0.0,0.0,0.0,0.0,nan,0,0,0,32768,0,0.0,0,0.0,0.0,0.0,0.0,0.0,0,0,0,0,0.0,0,0,0,0,0,0,0,0,0,0,0,0,0,0,0,0,0,0,0,0,0,0,0,0,0,0,0,0,0,0,0,0,0,0,0,0,0,0,0,0,0,0,0,0,0.0,0.0,0.0,0.0,0.0,0.0,0.0,0.0,0.0,0.0,0.0,0.0,0.0,0.0,0.0,0.0,0.0,0.0,0.0,0.0,0.0,0.0,2.004,-0.0,0.0,-2.004,0.0,0.0,0.0,0.0,3355.5,0.0,0.0,-107615240.0,0.0,-107615232.0,-0.0,0.0,0.0,0.0,0.0,0,0.0,-4.950375598578833e+32,0.0,0.0,0.0,0.0,0.0,0.0,0.0,0,0,0,0.0,0.0,0.0,0.0,0.0,0.0,0.0,0.0,0.0,0.0,0.0,0.0,0.0,0.0,0.0,0.0,0,-107875648.0,0,0.0,0,-107875648.0,0.0,0,39322,17038,52429,17052,13107,17037,0,0,0,110,100,100,0.0,64.0,0.0,64.9,-0.0,68.5,1,49,50,180,0,13107,0,0,0.0,0.0,0.0,0.0,19093788672.0,65.5,0.0,-0.0,0.0,645,0,686,0,0,0,713,0,784,0,706,0,688,0,646,0,640,0,619,0.032,36700160.0,-2.004,-0.0,39312,16789,1.3106869019082752e+16,0.0,-7.426034424735157e+23,-2.7950279644780954e+17,2.2230911252793655e+19,3.119067278981322e+27,29.0,60.0,70,0.0,0.0,0.0,0.0,0.0,0.0,0.0,0.0,0.0,0.0,0.0,0.0,0.0,0.0,0.0,0.0,59.2,68,12,65509,41,65476,0,300,0,0,8,20529,65476,0,0,61604,60.0,0.0,0.0,0.0,0.0,0.0
2026-04-04T11:52:46,ERR,ERR,ERR,ERR,ERR,ERR,ERR,ERR,ERR,ERR,ERR,ERR,ERR,ERR,ERR,ERR,ERR,ERR,ERR,ERR,ERR,ERR,ERR,ERR,ERR,ERR,ERR,ERR,ERR,ERR,ERR,ERR,ERR,ERR,ERR,ERR,ERR,ERR,ERR,ERR,ERR,ERR,ERR,ERR,ERR,ERR,ERR,ERR,ERR,ERR,ERR,ERR,ERR,ERR,ERR,ERR,ERR,ERR,ERR,ERR,ERR,ERR,ERR,ERR,ERR,ERR,ERR,ERR,ERR,ERR,ERR,ERR,ERR,ERR,ERR,ERR,ERR,ERR,ERR,ERR,ERR,ERR,ERR,ERR,ERR,ERR,ERR,ERR,ERR,ERR,ERR,ERR,ERR,ERR,ERR,ERR,ERR,ERR,ERR,ERR,ERR,ERR,ERR,ERR,ERR,ERR,ERR,ERR,ERR,ERR,ERR,ERR,ERR,ERR,ERR,ERR,ERR,ERR,ERR,ERR,ERR,ERR,ERR,ERR,ERR,-107615240.0,0.0,-117832800.0,0.0,0.0,0.0,0.0,nan,0,0,0,32768,0,0.0,0,0.0,0.0,0.0,0.0,0.0,0,0,0,0,0.0,0,0,0,0,0,0,0,0,0,0,0,0,0,0,0,0,0,0,0,0,0,0,0,0,0,0,0,0,0,0,0,0,0,0,0,0,0,0,0,0,0,0,0,0,0.0,0.0,0.0,0.0,0.0,0.0,0.0,0.0,0.0,0.0,0.0,0.0,0.0,0.0,0.0,0.0,0.0,0.0,0.0,0.0,0.0,0.0,2.004,-0.0,0.0,-2.004,0.0,0.0,0.0,0.0,3355.5,0.0,0.0,-107615240.0,0.0,-107615232.0,-0.0,0.0,0.0,0.0,0.0,0,0.0,-4.950375598578833e+32,0.0,0.0,0.0,0.0,0.0,0.0,0.0,0,0,0,0.0,0.0,0.0,0.0,0.0,0.0,0.0,0.0,0.0,0.0,0.0,0.0,0.0,0.0,0.0,0.0,0,-107875648.0,0,0.0,0,-107875648.0,0.0,0,39322,17038,52429,17052,13107,17037,0,0,0,110,100,100,0.0,64.0,0.0,64.9,-0.0,68.5,1,49,50,180,0,13107,0,0,0.0,0.0,0.0,0.0,19093788672.0,65.5,0.0,-0.0,0.0,645,0,686,0,0,0,713,0,784,0,706,0,688,0,646,0,640,0,619,0.032,36700160.0,-2.004,-0.0,39312,16789,1.3106869019082752e+16,0.0,-7.426034424735157e+23,-2.7950279644780954e+17,2.2230911252793655e+19,3.119067278981322e+27,29.0,60.0,70,0.0,0.0,0.0,0.0,0.0,0.0,0.0,0.0,0.0,0.0,0.0,0.0,0.0,0.0,0.0,0.0,59.2,68,12,65509,41,65476,0,300,0,0,8,20529,65476,0,0,61604,60.0,0.0,0.0,0.0,0.0,0.0
2026-04-04T11:52:47,ERR,ERR,ERR,ERR,ERR,ERR,ERR,ERR,ERR,ERR,ERR,ERR,ERR,ERR,ERR,ERR,ERR,ERR,ERR,ERR,ERR,ERR,ERR,ERR,ERR,ERR,ERR,ERR,ERR,ERR,ERR,ERR,ERR,ERR,ERR,ERR,ERR,ERR,ERR,ERR,ERR,ERR,ERR,ERR,ERR,ERR,ERR,ERR,ERR,ERR,ERR,ERR,ERR,ERR,ERR,ERR,ERR,ERR,ERR,ERR,ERR,ERR,ERR,ERR,ERR,ERR,ERR,ERR,ERR,ERR,ERR,ERR,ERR,ERR,ERR,ERR,ERR,ERR,ERR,ERR,ERR,ERR,ERR,ERR,ERR,ERR,ERR,ERR,ERR,ERR,ERR,ERR,ERR,ERR,ERR,ERR,ERR,ERR,ERR,ERR,ERR,ERR,ERR,ERR,ERR,ERR,ERR,ERR,ERR,ERR,ERR,ERR,ERR,ERR,ERR,ERR,ERR,ERR,ERR,ERR,ERR,ERR,ERR,ERR,ERR,-107615240.0,0.0,-117832800.0,0.0,0.0,0.0,0.0,nan,0,0,0,32768,0,0.0,0,0.0,0.0,0.0,0.0,0.0,0,0,0,0,0.0,0,0,0,0,0,0,0,0,0,0,0,0,0,0,0,0,0,0,0,0,0,0,0,0,0,0,0,0,0,0,0,0,0,0,0,0,0,0,0,0,0,0,0,0,0.0,0.0,0.0,0.0,0.0,0.0,0.0,0.0,0.0,0.0,0.0,0.0,0.0,0.0,0.0,0.0,0.0,0.0,0.0,0.0,0.0,0.0,2.004,-0.0,0.0,-2.004,0.0,0.0,0.0,0.0,3355.5,0.0,0.0,-107615240.0,0.0,-107615232.0,-0.0,0.0,0.0,0.0,0.0,0,0.0,-4.950375598578833e+32,0.0,0.0,0.0,0.0,0.0,0.0,0.0,0,0,0,0.0,0.0,0.0,0.0,0.0,0.0,0.0,0.0,0.0,0.0,0.0,0.0,0.0,0.0,0.0,0.0,0,-107875648.0,0,0.0,0,-107875648.0,0.0,0,39322,17038,52429,17052,13107,17037,0,0,0,110,100,100,0.0,64.0,0.0,64.9,-0.0,68.5,1,49,50,180,0,13107,0,0,0.0,0.0,0.0,0.0,19093788672.0,65.5,0.0,-0.0,0.0,645,0,686,0,0,0,713,0,784,0,706,0,688,0,646,0,640,0,619,0.032,36700160.0,-2.004,-0.0,39312,16789,1.3106869019082752e+16,0.0,-7.426034424735157e+23,-2.7950279644780954e+17,2.2230911252793655e+19,3.119067278981322e+27,29.0,60.0,70,0.0,0.0,0.0,0.0,0.0,0.0,0.0,0.0,0.0,0.0,0.0,0.0,0.0,0.0,0.0,0.0,59.2,68,12,65509,41,65476,0,300,0,0,8,20529,65476,0,0,61604,60.0,0.0,0.0,0.0,0.0,0.0
2026-04-04T11:52:48,ERR,ERR,ERR,ERR,ERR,ERR,ERR,ERR,ERR,ERR,ERR,ERR,ERR,ERR,ERR,ERR,ERR,ERR,ERR,ERR,ERR,ERR,ERR,ERR,ERR,ERR,ERR,ERR,ERR,ERR,ERR,ERR,ERR,ERR,ERR,ERR,ERR,ERR,ERR,ERR,ERR,ERR,ERR,ERR,ERR,ERR,ERR,ERR,ERR,ERR,ERR,ERR,ERR,ERR,ERR,ERR,ERR,ERR,ERR,ERR,ERR,ERR,ERR,ERR,ERR,ERR,ERR,ERR,ERR,ERR,ERR,ERR,ERR,ERR,ERR,ERR,ERR,ERR,ERR,ERR,ERR,ERR,ERR,ERR,ERR,ERR,ERR,ERR,ERR,ERR,ERR,ERR,ERR,ERR,ERR,ERR,ERR,ERR,ERR,ERR,ERR,ERR,ERR,ERR,ERR,ERR,ERR,ERR,ERR,ERR,ERR,ERR,ERR,ERR,ERR,ERR,ERR,ERR,ERR,ERR,ERR,ERR,ERR,ERR,ERR,-107615240.0,0.0,-117832800.0,0.0,0.0,0.0,0.0,nan,0,0,0,32768,0,0.0,0,0.0,0.0,0.0,0.0,0.0,0,0,0,0,0.0,0,0,0,0,0,0,0,0,0,0,0,0,0,0,0,0,0,0,0,0,0,0,0,0,0,0,0,0,0,0,0,0,0,0,0,0,0,0,0,0,0,0,0,0,0.0,0.0,0.0,0.0,0.0,0.0,0.0,0.0,0.0,0.0,0.0,0.0,0.0,0.0,0.0,0.0,0.0,0.0,0.0,0.0,0.0,0.0,2.004,-0.0,0.0,-2.004,0.0,0.0,0.0,0.0,3355.5,0.0,0.0,-107615240.0,0.0,-107615232.0,-0.0,0.0,0.0,0.0,0.0,0,0.0,-4.950375598578833e+32,0.0,0.0,0.0,0.0,0.0,0.0,0.0,0,0,0,0.0,0.0,0.0,0.0,0.0,0.0,0.0,0.0,0.0,0.0,0.0,0.0,0.0,0.0,0.0,0.0,0,-107875648.0,0,0.0,0,-107875648.0,0.0,0,39322,17038,52429,17052,13107,17037,0,0,0,110,100,100,0.0,64.0,0.0,64.9,-0.0,68.5,1,49,50,180,0,13107,0,0,0.0,0.0,0.0,0.0,19093788672.0,65.5,0.0,-0.0,0.0,645,0,686,0,0,0,713,0,784,0,706,0,688,0,646,0,640,0,619,0.032,36700160.0,-2.004,-0.0,39312,16789,1.3106869019082752e+16,0.0,-7.426034424735157e+23,-2.7950279644780954e+17,2.2230911252793655e+19,3.119067278981322e+27,29.0,60.0,70,0.0,0.0,0.0,0.0,0.0,0.0,0.0,0.0,0.0,0.0,0.0,0.0,0.0,0.0,0.0,0.0,59.2,68,12,65509,41,65476,0,300,0,0,8,20529,65476,0,0,61604,60.0,0.0,0.0,0.0,0.0,0.0
2026-04-04T11:52:49,ERR,ERR,ERR,ERR,ERR,ERR,ERR,ERR,ERR,ERR,ERR,ERR,ERR,ERR,ERR,ERR,ERR,ERR,ERR,ERR,ERR,ERR,ERR,ERR,ERR,ERR,ERR,ERR,ERR,ERR,ERR,ERR,ERR,ERR,ERR,ERR,ERR,ERR,ERR,ERR,ERR,ERR,ERR,ERR,ERR,ERR,ERR,ERR,ERR,ERR,ERR,ERR,ERR,ERR,ERR,ERR,ERR,ERR,ERR,ERR,ERR,ERR,ERR,ERR,ERR,ERR,ERR,ERR,ERR,ERR,ERR,ERR,ERR,ERR,ERR,ERR,ERR,ERR,ERR,ERR,ERR,ERR,ERR,ERR,ERR,ERR,ERR,ERR,ERR,ERR,ERR,ERR,ERR,ERR,ERR,ERR,ERR,ERR,ERR,ERR,ERR,ERR,ERR,ERR,ERR,ERR,ERR,ERR,ERR,ERR,ERR,ERR,ERR,ERR,ERR,ERR,ERR,ERR,ERR,ERR,ERR,ERR,ERR,ERR,ERR,-107615240.0,0.0,-117832800.0,0.0,0.0,0.0,0.0,nan,0,0,0,32768,0,0.0,0,0.0,0.0,0.0,0.0,0.0,0,0,0,0,0.0,0,0,0,0,0,0,0,0,0,0,0,0,0,0,0,0,0,0,0,0,0,0,0,0,0,0,0,0,0,0,0,0,0,0,0,0,0,0,0,0,0,0,0,0,0.0,0.0,0.0,0.0,0.0,0.0,0.0,0.0,0.0,0.0,0.0,0.0,0.0,0.0,0.0,0.0,0.0,0.0,0.0,0.0,0.0,0.0,2.004,-0.0,0.0,-2.004,0.0,0.0,0.0,0.0,3355.5,0.0,0.0,-107615240.0,0.0,-107615232.0,-0.0,0.0,0.0,0.0,0.0,0,0.0,-4.950375598578833e+32,0.0,0.0,0.0,0.0,0.0,0.0,0.0,0,0,0,0.0,0.0,0.0,0.0,0.0,0.0,0.0,0.0,0.0,0.0,0.0,0.0,0.0,0.0,0.0,0.0,0,-107875648.0,0,0.0,0,-107875648.0,0.0,0,39322,17038,52429,17052,13107,17037,0,0,0,110,100,100,0.0,64.0,0.0,64.9,-0.0,68.5,1,49,50,180,0,13107,0,0,0.0,0.0,0.0,0.0,19093788672.0,65.5,0.0,-0.0,0.0,645,0,686,0,0,0,713,0,784,0,706,0,688,0,646,0,640,0,619,0.032,36700160.0,-2.004,-0.0,39312,16789,1.3106869019082752e+16,0.0,-7.426034424735157e+23,-2.7950279644780954e+17,2.2230911252793655e+19,3.119067278981322e+27,29.0,60.0,70,0.0,0.0,0.0,0.0,0.0,0.0,0.0,0.0,0.0,0.0,0.0,0.0,0.0,0.0,0.0,0.0,59.2,68,12,65509,41,65476,0,300,0,0,8,20529,65476,0,0,61604,60.0,0.0,0.0,0.0,0.0,0.0
2026-04-04T11:52:50,ERR,ERR,ERR,ERR,ERR,ERR,ERR,ERR,ERR,ERR,ERR,ERR,ERR,ERR,ERR,ERR,ERR,ERR,ERR,ERR,ERR,ERR,ERR,ERR,ERR,ERR,ERR,ERR,ERR,ERR,ERR,ERR,ERR,ERR,ERR,ERR,ERR,ERR,ERR,ERR,ERR,ERR,ERR,ERR,ERR,ERR,ERR,ERR,ERR,ERR,ERR,ERR,ERR,ERR,ERR,ERR,ERR,ERR,ERR,ERR,ERR,ERR,ERR,ERR,ERR,ERR,ERR,ERR,ERR,ERR,ERR,ERR,ERR,ERR,ERR,ERR,ERR,ERR,ERR,ERR,ERR,ERR,ERR,ERR,ERR,ERR,ERR,ERR,ERR,ERR,ERR,ERR,ERR,ERR,ERR,ERR,ERR,ERR,ERR,ERR,ERR,ERR,ERR,ERR,ERR,ERR,ERR,ERR,ERR,ERR,ERR,ERR,ERR,ERR,ERR,ERR,ERR,ERR,ERR,ERR,ERR,ERR,ERR,ERR,ERR,-107615240.0,0.0,-117832800.0,0.0,0.0,0.0,0.0,nan,0,0,0,32768,0,0.0,0,0.0,0.0,0.0,0.0,0.0,0,0,0,0,0.0,0,0,0,0,0,0,0,0,0,0,0,0,0,0,0,0,0,0,0,0,0,0,0,0,0,0,0,0,0,0,0,0,0,0,0,0,0,0,0,0,0,0,0,0,0.0,0.0,0.0,0.0,0.0,0.0,0.0,0.0,0.0,0.0,0.0,0.0,0.0,0.0,0.0,0.0,0.0,0.0,0.0,0.0,0.0,0.0,2.004,-0.0,0.0,-2.004,0.0,0.0,0.0,0.0,3355.5,0.0,0.0,-107615240.0,0.0,-107615232.0,-0.0,0.0,0.0,0.0,0.0,0,0.0,-4.950375598578833e+32,0.0,0.0,0.0,0.0,0.0,0.0,0.0,0,0,0,0.0,0.0,0.0,0.0,0.0,0.0,0.0,0.0,0.0,0.0,0.0,0.0,0.0,0.0,0.0,0.0,0,-107875648.0,0,0.0,0,-107875648.0,0.0,0,39322,17038,52429,17052,13107,17037,0,0,0,110,100,100,0.0,64.1,0.0,64.8,-0.0,68.5,1,49,50,180,0,0,0,0,0.0,0.0,0.0,0.0,1.6664025607247495e+19,65.5,0.0,-7.307435367181844e+17,0.0,645,0,686,0,0,0,713,0,784,0,707,0,688,0,646,0,640,0,619,0.032,36962304.0,-2.004,-0.0,45456,16789,3.043857562890096e+22,-6.506916286864682e+30,-3.4125640049609355e+33,-0.0,1.2346634548160317e+26,2.391073461133867e+36,29.0,60.0,70,0.0,0.0,0.0,0.0,0.0,0.0,0.0,0.0,0.0,0.0,0.0,0.0,0.0,0.0,0.0,0.0,59.6,68,12,65509,41,65476,0,300,0,0,8,20529,65476,0,0,61604,60.0,0.0,0.0,0.0,0.0,0.0
2026-04-04T11:52:51,ERR,ERR,ERR,ERR,ERR,ERR,ERR,ERR,ERR,ERR,ERR,ERR,ERR,ERR,ERR,ERR,ERR,ERR,ERR,ERR,ERR,ERR,ERR,ERR,ERR,ERR,ERR,ERR,ERR,ERR,ERR,ERR,ERR,ERR,ERR,ERR,ERR,ERR,ERR,ERR,ERR,ERR,ERR,ERR,ERR,ERR,ERR,ERR,ERR,ERR,ERR,ERR,ERR,ERR,ERR,ERR,ERR,ERR,ERR,ERR,ERR,ERR,ERR,ERR,ERR,ERR,ERR,ERR,ERR,ERR,ERR,ERR,ERR,ERR,ERR,ERR,ERR,ERR,ERR,ERR,ERR,ERR,ERR,ERR,ERR,ERR,ERR,ERR,ERR,ERR,ERR,ERR,ERR,ERR,ERR,ERR,ERR,ERR,ERR,ERR,ERR,ERR,ERR,ERR,ERR,ERR,ERR,ERR,ERR,ERR,ERR,ERR,ERR,ERR,ERR,ERR,ERR,ERR,ERR,ERR,ERR,ERR,ERR,ERR,ERR,-107615240.0,0.0,-117832800.0,0.0,0.0,0.0,0.0,nan,0,0,0,32768,0,0.0,0,0.0,0.0,0.0,0.0,0.0,0,0,0,0,0.0,0,0,0,0,0,0,0,0,0,0,0,0,0,0,0,0,0,0,0,0,0,0,0,0,0,0,0,0,0,0,0,0,0,0,0,0,0,0,0,0,0,0,0,0,0.0,0.0,0.0,0.0,0.0,0.0,0.0,0.0,0.0,0.0,0.0,0.0,0.0,0.0,0.0,0.0,0.0,0.0,0.0,0.0,0.0,0.0,2.004,-0.0,0.0,-2.004,0.0,0.0,0.0,0.0,3355.5,3.697153148275864e+19,0.0,-107615240.0,0.0,-107615232.0,-0.0,0.0,0.0,0.0,0.0,0,0.0,-4.950375598578833e+32,0.0,0.0,0.0,0.0,0.0,0.0,0.0,0,0,0,0.0,0.0,0.0,0.0,0.0,0.0,0.0,0.0,0.0,0.0,0.0,0.0,0.0,0.0,0.0,0.0,0,-107875648.0,0,0.0,0,-107875648.0,0.0,0,39322,17038,52429,17052,13107,17037,0,0,0,110,100,100,0.0,64.1,0.0,64.8,-0.0,68.5,1,49,50,180,0,0,0,0,0.0,0.0,0.0,0.0,1.6664025607247495e+19,65.5,0.0,-7.307435367181844e+17,0.0,645,0,686,0,0,0,713,0,784,0,707,0,688,0,646,0,640,0,619,0.032,36962304.0,-2.004,-0.0,45456,16789,3.043857562890096e+22,-6.506916286864682e+30,-3.4125640049609355e+33,-0.0,1.2346634548160317e+26,2.391073461133867e+36,29.0,60.0,70,0.0,0.0,0.0,0.0,0.0,0.0,0.0,0.0,0.0,0.0,0.0,0.0,0.0,0.0,0.0,0.0,59.6,68,12,65509,41,65476,0,300,0,0,8,20529,65476,0,0,61604,60.0,0.0,0.0,0.0,0.0,0.0
2026-04-04T11:52:52,ERR,ERR,ERR,ERR,ERR,ERR,ERR,ERR,ERR,ERR,ERR,ERR,ERR,ERR,ERR,ERR,ERR,ERR,ERR,ERR,ERR,ERR,ERR,ERR,ERR,ERR,ERR,ERR,ERR,ERR,ERR,ERR,ERR,ERR,ERR,ERR,ERR,ERR,ERR,ERR,ERR,ERR,ERR,ERR,ERR,ERR,ERR,ERR,ERR,ERR,ERR,ERR,ERR,ERR,ERR,ERR,ERR,ERR,ERR,ERR,ERR,ERR,ERR,ERR,ERR,ERR,ERR,ERR,ERR,ERR,ERR,ERR,ERR,ERR,ERR,ERR,ERR,ERR,ERR,ERR,ERR,ERR,ERR,ERR,ERR,ERR,ERR,ERR,ERR,ERR,ERR,ERR,ERR,ERR,ERR,ERR,ERR,ERR,ERR,ERR,ERR,ERR,ERR,ERR,ERR,ERR,ERR,ERR,ERR,ERR,ERR,ERR,ERR,ERR,ERR,ERR,ERR,ERR,ERR,ERR,ERR,ERR,ERR,ERR,ERR,-107615240.0,0.0,-117832800.0,0.0,0.0,0.0,0.0,nan,0,0,0,32768,0,0.0,0,0.0,0.0,0.0,0.0,0.0,0,0,0,0,0.0,0,0,0,0,0,0,0,0,0,0,0,0,0,0,0,0,0,0,0,0,0,0,0,0,0,0,0,0,0,0,0,0,0,0,0,0,0,0,0,0,0,0,0,0,0.0,0.0,0.0,0.0,0.0,0.0,0.0,0.0,0.0,0.0,0.0,0.0,0.0,0.0,0.0,0.0,0.0,0.0,0.0,0.0,0.0,0.0,2.004,-0.0,0.0,-2.004,0.0,0.0,0.0,0.0,3355.5,3.697153148275864e+19,0.0,-107615240.0,0.0,-107615232.0,-0.0,0.0,0.0,0.0,0.0,0,0.0,-4.950375598578833e+32,0.0,0.0,0.0,0.0,0.0,0.0,0.0,0,0,0,0.0,0.0,0.0,0.0,0.0,0.0,0.0,0.0,0.0,0.0,0.0,0.0,0.0,0.0,0.0,0.0,0,-107875648.0,0,0.0,0,-107875648.0,0.0,0,39322,17038,52429,17052,13107,17037,0,0,0,110,100,100,0.0,64.1,0.0,64.8,-0.0,68.5,1,49,50,180,0,0,0,0,0.0,0.0,0.0,0.0,1.6664025607247495e+19,65.5,0.0,-7.307435367181844e+17,0.0,645,0,686,0,0,0,713,0,784,0,707,0,688,0,646,0,640,0,619,0.032,36962304.0,-2.004,-0.0,45456,16789,3.043857562890096e+22,-6.506916286864682e+30,-3.4125640049609355e+33,-0.0,1.2346634548160317e+26,2.391073461133867e+36,29.0,60.0,70,0.0,0.0,0.0,0.0,0.0,0.0,0.0,0.0,0.0,0.0,0.0,0.0,0.0,0.0,0.0,0.0,59.6,68,12,65509,41,65476,0,300,0,0,8,20529,65476,0,0,61604,60.0,0.0,0.0,0.0,0.0,0.0
2026-04-04T11:52:53,ERR,ERR,ERR,ERR,ERR,ERR,ERR,ERR,ERR,ERR,ERR,ERR,ERR,ERR,ERR,ERR,ERR,ERR,ERR,ERR,ERR,ERR,ERR,ERR,ERR,ERR,ERR,ERR,ERR,ERR,ERR,ERR,ERR,ERR,ERR,ERR,ERR,ERR,ERR,ERR,ERR,ERR,ERR,ERR,ERR,ERR,ERR,ERR,ERR,ERR,ERR,ERR,ERR,ERR,ERR,ERR,ERR,ERR,ERR,ERR,ERR,ERR,ERR,ERR,ERR,ERR,ERR,ERR,ERR,ERR,ERR,ERR,ERR,ERR,ERR,ERR,ERR,ERR,ERR,ERR,ERR,ERR,ERR,ERR,ERR,ERR,ERR,ERR,ERR,ERR,ERR,ERR,ERR,ERR,ERR,ERR,ERR,ERR,ERR,ERR,ERR,ERR,ERR,ERR,ERR,ERR,ERR,ERR,ERR,ERR,ERR,ERR,ERR,ERR,ERR,ERR,ERR,ERR,ERR,ERR,ERR,ERR,ERR,ERR,ERR,-107615240.0,0.0,-117832800.0,0.0,0.0,0.0,0.0,nan,0,0,0,32768,0,0.0,0,0.0,0.0,0.0,0.0,0.0,0,0,0,0,0.0,0,0,0,0,0,0,0,0,0,0,0,0,0,0,0,0,0,0,0,0,0,0,0,0,0,0,0,0,0,0,0,0,0,0,0,0,0,0,0,0,0,0,0,0,0.0,0.0,0.0,0.0,0.0,0.0,0.0,0.0,0.0,0.0,0.0,0.0,0.0,0.0,0.0,0.0,0.0,0.0,0.0,0.0,0.0,0.0,2.004,-0.0,0.0,-2.004,0.0,0.0,0.0,0.0,3355.5,3.697153148275864e+19,0.0,-107615240.0,0.0,-107615232.0,-0.0,0.0,0.0,0.0,0.0,0,0.0,-4.950375598578833e+32,0.0,0.0,0.0,0.0,0.0,0.0,0.0,0,0,0,0.0,0.0,0.0,0.0,0.0,0.0,0.0,0.0,0.0,0.0,0.0,0.0,0.0,0.0,0.0,0.0,0,-107875648.0,0,0.0,0,-107875648.0,0.0,0,39322,17038,52429,17052,13107,17037,0,0,0,110,100,100,0.0,64.1,0.0,64.8,-0.0,68.5,1,49,50,180,0,0,0,0,0.0,0.0,0.0,0.0,1.6664025607247495e+19,65.5,0.0,-7.307435367181844e+17,0.0,645,0,686,0,0,0,713,0,784,0,707,0,688,0,646,0,640,0,619,0.032,36962304.0,-2.004,-0.0,45456,16789,3.043857562890096e+22,-6.506916286864682e+30,-3.4125640049609355e+33,-0.0,1.2346634548160317e+26,2.391073461133867e+36,29.0,60.0,70,0.0,0.0,0.0,0.0,0.0,0.0,0.0,0.0,0.0,0.0,0.0,0.0,0.0,0.0,0.0,0.0,59.2,68,12,65509,41,65476,0,300,0,0,8,20529,65476,0,0,61604,60.0,0.0,0.0,0.0,0.0,0.0
2026-04-04T11:52:54,ERR,ERR,ERR,ERR,ERR,ERR,ERR,ERR,ERR,ERR,ERR,ERR,ERR,ERR,ERR,ERR,ERR,ERR,ERR,ERR,ERR,ERR,ERR,ERR,ERR,ERR,ERR,ERR,ERR,ERR,ERR,ERR,ERR,ERR,ERR,ERR,ERR,ERR,ERR,ERR,ERR,ERR,ERR,ERR,ERR,ERR,ERR,ERR,ERR,ERR,ERR,ERR,ERR,ERR,ERR,ERR,ERR,ERR,ERR,ERR,ERR,ERR,ERR,ERR,ERR,ERR,ERR,ERR,ERR,ERR,ERR,ERR,ERR,ERR,ERR,ERR,ERR,ERR,ERR,ERR,ERR,ERR,ERR,ERR,ERR,ERR,ERR,ERR,ERR,ERR,ERR,ERR,ERR,ERR,ERR,ERR,ERR,ERR,ERR,ERR,ERR,ERR,ERR,ERR,ERR,ERR,ERR,ERR,ERR,ERR,ERR,ERR,ERR,ERR,ERR,ERR,ERR,ERR,ERR,ERR,ERR,ERR,ERR,ERR,ERR,-107615240.0,0.0,-117832800.0,0.0,0.0,0.0,0.0,nan,0,0,0,32768,0,0.0,0,0.0,0.0,0.0,0.0,0.0,0,0,0,0,0.0,0,0,0,0,0,0,0,0,0,0,0,0,0,0,0,0,0,0,0,0,0,0,0,0,0,0,0,0,0,0,0,0,0,0,0,0,0,0,0,0,0,0,0,0,0.0,0.0,0.0,0.0,0.0,0.0,0.0,0.0,0.0,0.0,0.0,0.0,0.0,0.0,0.0,0.0,0.0,0.0,0.0,0.0,0.0,0.0,2.004,-0.0,0.0,-2.004,0.0,0.0,0.0,0.0,3355.5,3.697153148275864e+19,0.0,-107615240.0,0.0,-107615232.0,-0.0,0.0,0.0,0.0,0.0,0,0.0,-4.950375598578833e+32,0.0,0.0,0.0,0.0,0.0,0.0,0.0,0,0,0,0.0,0.0,0.0,0.0,0.0,0.0,0.0,0.0,0.0,0.0,0.0,0.0,0.0,0.0,0.0,0.0,0,-107875648.0,0,0.0,0,-107875648.0,0.0,0,39322,17038,52429,17052,13107,17037,0,0,0,110,100,100,0.0,64.1,0.0,64.8,-0.0,68.5,1,49,50,180,0,0,0,0,0.0,0.0,0.0,0.0,1.6664025607247495e+19,65.5,0.0,-7.307435367181844e+17,0.0,645,0,686,0,0,0,713,0,784,0,707,0,688,0,646,0,640,0,619,0.032,36962304.0,-2.004,-0.0,45456,16789,3.043857562890096e+22,-6.506916286864682e+30,-3.4125640049609355e+33,-0.0,1.2346634548160317e+26,2.391073461133867e+36,29.0,60.0,70,0.0,0.0,0.0,0.0,0.0,0.0,0.0,0.0,0.0,0.0,0.0,0.0,0.0,0.0,0.0,0.0,59.2,68,12,65509,41,65476,0,300,0,0,8,20529,65476,0,0,61604,60.0,0.0,0.0,0.0,0.0,0.0
2026-04-04T11:52:55,ERR,ERR,ERR,ERR,ERR,ERR,ERR,ERR,ERR,ERR,ERR,ERR,ERR,ERR,ERR,ERR,ERR,ERR,ERR,ERR,ERR,ERR,ERR,ERR,ERR,ERR,ERR,ERR,ERR,ERR,ERR,ERR,ERR,ERR,ERR,ERR,ERR,ERR,ERR,ERR,ERR,ERR,ERR,ERR,ERR,ERR,ERR,ERR,ERR,ERR,ERR,ERR,ERR,ERR,ERR,ERR,ERR,ERR,ERR,ERR,ERR,ERR,ERR,ERR,ERR,ERR,ERR,ERR,ERR,ERR,ERR,ERR,ERR,ERR,ERR,ERR,ERR,ERR,ERR,ERR,ERR,ERR,ERR,ERR,ERR,ERR,ERR,ERR,ERR,ERR,ERR,ERR,ERR,ERR,ERR,ERR,ERR,ERR,ERR,ERR,ERR,ERR,ERR,ERR,ERR,ERR,ERR,ERR,ERR,ERR,ERR,ERR,ERR,ERR,ERR,ERR,ERR,ERR,ERR,ERR,ERR,ERR,ERR,ERR,ERR,-107615240.0,0.0,-117832800.0,0.0,0.0,0.0,0.0,nan,0,0,0,32768,0,0.0,0,0.0,0.0,0.0,0.0,0.0,0,0,0,0,0.0,0,0,0,0,0,0,0,0,0,0,0,0,0,0,0,0,0,0,0,0,0,0,0,0,0,0,0,0,0,0,0,0,0,0,0,0,0,0,0,0,0,0,0,0,0.0,0.0,0.0,0.0,0.0,0.0,0.0,0.0,0.0,0.0,0.0,0.0,0.0,0.0,0.0,0.0,0.0,0.0,0.0,0.0,0.0,0.0,2.004,-0.0,0.0,-2.004,0.0,0.0,0.0,0.0,3355.5,3.697153148275864e+19,0.0,-107615240.0,0.0,-107615232.0,-0.0,0.0,0.0,0.0,0.0,0,0.0,-4.950375598578833e+32,0.0,0.0,0.0,0.0,0.0,0.0,0.0,0,0,0,0.0,0.0,0.0,0.0,0.0,0.0,0.0,0.0,0.0,0.0,0.0,0.0,0.0,0.0,0.0,0.0,0,-107875648.0,0,0.0,0,-107875648.0,0.0,0,39322,17038,52429,17052,13107,17037,0,0,0,110,100,100,0.0,64.1,0.0,64.8,-0.0,68.5,1,49,50,180,0,0,0,0,0.0,0.0,0.0,0.0,1.6664025607247495e+19,65.5,0.0,-7.307435367181844e+17,0.0,645,0,686,0,0,0,713,0,784,0,707,0,688,0,646,0,640,0,619,0.032,36962304.0,-2.004,-0.0,45456,16789,3.043857562890096e+22,-6.506916286864682e+30,-3.4125640049609355e+33,-0.0,1.2346634548160317e+26,2.391073461133867e+36,29.0,60.0,70,0.0,0.0,0.0,0.0,0.0,0.0,0.0,0.0,0.0,0.0,0.0,0.0,0.0,0.0,0.0,0.0,59.2,68,12,65509,41,65476,0,300,0,0,8,20529,65476,0,0,61604,60.0,0.0,0.0,0.0,0.0,0.0
2026-04-04T11:52:56,ERR,ERR,ERR,ERR,ERR,ERR,ERR,ERR,ERR,ERR,ERR,ERR,ERR,ERR,ERR,ERR,ERR,ERR,ERR,ERR,ERR,ERR,ERR,ERR,ERR,ERR,ERR,ERR,ERR,ERR,ERR,ERR,ERR,ERR,ERR,ERR,ERR,ERR,ERR,ERR,ERR,ERR,ERR,ERR,ERR,ERR,ERR,ERR,ERR,ERR,ERR,ERR,ERR,ERR,ERR,ERR,ERR,ERR,ERR,ERR,ERR,ERR,ERR,ERR,ERR,ERR,ERR,ERR,ERR,ERR,ERR,ERR,ERR,ERR,ERR,ERR,ERR,ERR,ERR,ERR,ERR,ERR,ERR,ERR,ERR,ERR,ERR,ERR,ERR,ERR,ERR,ERR,ERR,ERR,ERR,ERR,ERR,ERR,ERR,ERR,ERR,ERR,ERR,ERR,ERR,ERR,ERR,ERR,ERR,ERR,ERR,ERR,ERR,ERR,ERR,ERR,ERR,ERR,ERR,ERR,ERR,ERR,ERR,ERR,ERR,-107615240.0,0.0,-117832800.0,0.0,0.0,0.0,0.0,nan,0,0,0,32768,0,0.0,0,0.0,0.0,0.0,0.0,0.0,0,0,0,0,0.0,0,0,0,0,0,0,0,0,0,0,0,0,0,0,0,0,0,0,0,0,0,0,0,0,0,0,0,0,0,0,0,0,0,0,0,0,0,0,0,0,0,0,0,0,0.0,0.0,0.0,0.0,0.0,0.0,0.0,0.0,0.0,0.0,0.0,0.0,0.0,0.0,0.0,0.0,0.0,0.0,0.0,0.0,0.0,0.0,2.004,-0.0,0.0,-2.004,0.0,0.0,0.0,0.0,3355.5,3.697153148275864e+19,0.0,-107615240.0,0.0,-107615232.0,-0.0,0.0,0.0,0.0,0.0,0,0.0,-4.950375598578833e+32,0.0,0.0,0.0,0.0,0.0,0.0,0.0,0,0,0,0.0,0.0,0.0,0.0,0.0,0.0,0.0,0.0,0.0,0.0,0.0,0.0,0.0,0.0,0.0,0.0,0,-107875648.0,0,0.0,0,-107875648.0,0.0,0,39322,17038,52429,17052,13107,17037,0,0,0,110,100,100,0.0,64.1,0.0,64.8,-0.0,68.5,1,49,50,180,0,0,0,0,0.0,0.0,0.0,0.0,49998737408.0,65.5,0.0,0.0,0.0,645,0,686,0,0,0,713,0,784,0,706,0,688,0,646,0,640,0,619,0.032,36700160.0,-2.004,-0.0,47632,16789,9025481856778240.0,0.0,0.0,-7.017660739029797e+34,9.919485690888328e+28,-0.0,29.0,60.0,70,0.0,0.0,0.0,0.0,0.0,0.0,0.0,0.0,0.0,0.0,0.0,0.0,0.0,0.0,0.0,0.0,59.2,68,12,65509,41,65476,0,300,0,0,8,20529,65476,0,0,61604,60.0,0.0,0.0,0.0,0.0,0.0
2026-04-04T11:52:57,ERR,ERR,ERR,ERR,ERR,ERR,ERR,ERR,ERR,ERR,ERR,ERR,ERR,ERR,ERR,ERR,ERR,ERR,ERR,ERR,ERR,ERR,ERR,ERR,ERR,ERR,ERR,ERR,ERR,ERR,ERR,ERR,ERR,ERR,ERR,ERR,ERR,ERR,ERR,ERR,ERR,ERR,ERR,ERR,ERR,ERR,ERR,ERR,ERR,ERR,ERR,ERR,ERR,ERR,ERR,ERR,ERR,ERR,ERR,ERR,ERR,ERR,ERR,ERR,ERR,ERR,ERR,ERR,ERR,ERR,ERR,ERR,ERR,ERR,ERR,ERR,ERR,ERR,ERR,ERR,ERR,ERR,ERR,ERR,ERR,ERR,ERR,ERR,ERR,ERR,ERR,ERR,ERR,ERR,ERR,ERR,ERR,ERR,ERR,ERR,ERR,ERR,ERR,ERR,ERR,ERR,ERR,ERR,ERR,ERR,ERR,ERR,ERR,ERR,ERR,ERR,ERR,ERR,ERR,ERR,ERR,ERR,ERR,ERR,ERR,-107615240.0,0.0,-117832800.0,0.0,0.0,0.0,0.0,nan,0,0,0,32768,0,0.0,0,0.0,0.0,0.0,0.0,0.0,0,0,0,0,0.0,0,0,0,0,0,0,0,0,0,0,0,0,0,0,0,0,0,0,0,0,0,0,0,0,0,0,0,0,0,0,0,0,0,0,0,0,0,0,0,0,0,0,0,0,0.0,0.0,0.0,0.0,0.0,0.0,0.0,0.0,0.0,0.0,0.0,0.0,0.0,0.0,0.0,0.0,0.0,0.0,0.0,0.0,0.0,0.0,2.004,-0.0,0.0,-2.004,0.0,0.0,0.0,0.0,3355.5,3.697153148275864e+19,0.0,-107615240.0,0.0,-107615232.0,-0.0,0.0,0.0,0.0,0.0,0,0.0,-4.950375598578833e+32,0.0,0.0,0.0,0.0,0.0,0.0,0.0,0,0,0,0.0,0.0,0.0,0.0,0.0,0.0,0.0,0.0,0.0,0.0,0.0,0.0,0.0,0.0,0.0,0.0,0,-107875648.0,0,0.0,0,-107875648.0,0.0,0,39322,17038,52429,17052,13107,17037,0,0,0,110,100,100,0.0,64.1,0.0,64.8,-0.0,68.5,1,49,50,180,0,0,0,0,0.0,0.0,0.0,0.0,49998737408.0,65.5,0.0,0.0,0.0,645,0,686,0,0,0,713,0,784,0,706,0,688,0,646,0,640,0,619,0.032,36700160.0,-2.004,-0.0,47632,16789,9025481856778240.0,0.0,0.0,-7.017660739029797e+34,9.919485690888328e+28,-0.0,29.0,60.0,70,0.0,0.0,0.0,0.0,0.0,0.0,0.0,0.0,0.0,0.0,0.0,0.0,0.0,0.0,0.0,0.0,59.2,68,12,65509,41,65476,0,300,0,0,8,20529,65476,0,0,61604,60.0,0.0,0.0,0.0,0.0,0.0
2026-04-04T11:52:58,ERR,ERR,ERR,ERR,ERR,ERR,ERR,ERR,ERR,ERR,ERR,ERR,ERR,ERR,ERR,ERR,ERR,ERR,ERR,ERR,ERR,ERR,ERR,ERR,ERR,ERR,ERR,ERR,ERR,ERR,ERR,ERR,ERR,ERR,ERR,ERR,ERR,ERR,ERR,ERR,ERR,ERR,ERR,ERR,ERR,ERR,ERR,ERR,ERR,ERR,ERR,ERR,ERR,ERR,ERR,ERR,ERR,ERR,ERR,ERR,ERR,ERR,ERR,ERR,ERR,ERR,ERR,ERR,ERR,ERR,ERR,ERR,ERR,ERR,ERR,ERR,ERR,ERR,ERR,ERR,ERR,ERR,ERR,ERR,ERR,ERR,ERR,ERR,ERR,ERR,ERR,ERR,ERR,ERR,ERR,ERR,ERR,ERR,ERR,ERR,ERR,ERR,ERR,ERR,ERR,ERR,ERR,ERR,ERR,ERR,ERR,ERR,ERR,ERR,ERR,ERR,ERR,ERR,ERR,ERR,ERR,ERR,ERR,ERR,ERR,-107615240.0,0.0,-117832800.0,0.0,0.0,0.0,0.0,nan,0,0,0,32768,0,0.0,0,0.0,0.0,0.0,0.0,0.0,0,0,0,0,0.0,0,0,0,0,0,0,0,0,0,0,0,0,0,0,0,0,0,0,0,0,0,0,0,0,0,0,0,0,0,0,0,0,0,0,0,0,0,0,0,0,0,0,0,0,0.0,0.0,0.0,0.0,0.0,0.0,0.0,0.0,0.0,0.0,0.0,0.0,0.0,0.0,0.0,0.0,0.0,0.0,0.0,0.0,0.0,0.0,2.004,-0.0,0.0,-2.004,0.0,0.0,0.0,0.0,3355.5,3.697153148275864e+19,0.0,-107615240.0,0.0,-107615232.0,-0.0,0.0,0.0,0.0,0.0,0,0.0,-4.950375598578833e+32,0.0,0.0,0.0,0.0,0.0,0.0,0.0,0,0,0,0.0,0.0,0.0,0.0,0.0,0.0,0.0,0.0,0.0,0.0,0.0,0.0,0.0,0.0,0.0,0.0,0,-107875648.0,0,0.0,0,-107875648.0,0.0,0,39322,17038,52429,17052,13107,17037,0,0,0,110,100,100,0.0,64.1,0.0,64.8,-0.0,68.5,1,49,50,180,0,0,0,0,0.0,0.0,0.0,0.0,49998737408.0,65.5,0.0,0.0,0.0,645,0,686,0,0,0,713,0,784,0,706,0,688,0,646,0,640,0,619,0.032,36700160.0,-2.004,-0.0,47632,16789,9025481856778240.0,0.0,0.0,-7.017660739029797e+34,9.919485690888328e+28,-0.0,29.0,60.0,70,0.0,0.0,0.0,0.0,0.0,0.0,0.0,0.0,0.0,0.0,0.0,0.0,0.0,0.0,0.0,0.0,59.2,68,12,65509,41,65476,0,300,0,0,8,20529,65476,0,0,61604,60.0,0.0,0.0,0.0,0.0,0.0
2026-04-04T11:52:59,ERR,ERR,ERR,ERR,ERR,ERR,ERR,ERR,ERR,ERR,ERR,ERR,ERR,ERR,ERR,ERR,ERR,ERR,ERR,ERR,ERR,ERR,ERR,ERR,ERR,ERR,ERR,ERR,ERR,ERR,ERR,ERR,ERR,ERR,ERR,ERR,ERR,ERR,ERR,ERR,ERR,ERR,ERR,ERR,ERR,ERR,ERR,ERR,ERR,ERR,ERR,ERR,ERR,ERR,ERR,ERR,ERR,ERR,ERR,ERR,ERR,ERR,ERR,ERR,ERR,ERR,ERR,ERR,ERR,ERR,ERR,ERR,ERR,ERR,ERR,ERR,ERR,ERR,ERR,ERR,ERR,ERR,ERR,ERR,ERR,ERR,ERR,ERR,ERR,ERR,ERR,ERR,ERR,ERR,ERR,ERR,ERR,ERR,ERR,ERR,ERR,ERR,ERR,ERR,ERR,ERR,ERR,ERR,ERR,ERR,ERR,ERR,ERR,ERR,ERR,ERR,ERR,ERR,ERR,ERR,ERR,ERR,ERR,ERR,ERR,-107615240.0,0.0,-117832800.0,0.0,0.0,0.0,0.0,nan,0,0,0,32768,0,0.0,0,0.0,0.0,0.0,0.0,0.0,0,0,0,0,0.0,0,0,0,0,0,0,0,0,0,0,0,0,0,0,0,0,0,0,0,0,0,0,0,0,0,0,0,0,0,0,0,0,0,0,0,0,0,0,0,0,0,0,0,0,0.0,0.0,0.0,0.0,0.0,0.0,0.0,0.0,0.0,0.0,0.0,0.0,0.0,0.0,0.0,0.0,0.0,0.0,0.0,0.0,0.0,0.0,2.004,-0.0,0.0,-2.004,0.0,0.0,0.0,0.0,3354.0,8608105472.0,0.0,-107615240.0,0.0,-107615232.0,-0.0,0.0,0.0,0.0,0.0,0,0.0,-4.950375598578833e+32,0.0,0.0,0.0,0.0,0.0,0.0,0.0,0,0,0,0.0,0.0,0.0,0.0,0.0,0.0,0.0,0.0,0.0,0.0,0.0,0.0,0.0,0.0,0.0,0.0,0,-107875648.0,0,0.0,0,-107875648.0,0.0,0,39322,17038,52429,17052,13107,17037,0,0,0,110,100,100,0.0,64.1,0.0,64.8,-0.0,68.5,1,49,50,180,0,0,0,0,0.0,0.0,0.0,0.0,49998737408.0,65.5,0.0,0.0,0.0,645,0,686,0,0,0,713,0,784,0,706,0,688,0,646,0,640,0,619,0.032,36700160.0,-2.004,-0.0,47632,16789,9025481856778240.0,0.0,0.0,-7.017660739029797e+34,9.919485690888328e+28,-0.0,29.0,60.0,70,0.0,0.0,0.0,0.0,0.0,0.0,0.0,0.0,0.0,0.0,0.0,0.0,0.0,0.0,0.0,0.0,59.2,68,12,65509,41,65476,0,300,0,0,8,20529,65476,0,0,61604,60.0,0.0,0.0,0.0,0.0,0.0
2026-04-04T11:53:00,ERR,ERR,ERR,ERR,ERR,ERR,ERR,ERR,ERR,ERR,ERR,ERR,ERR,ERR,ERR,ERR,ERR,ERR,ERR,ERR,ERR,ERR,ERR,ERR,ERR,ERR,ERR,ERR,ERR,ERR,ERR,ERR,ERR,ERR,ERR,ERR,ERR,ERR,ERR,ERR,ERR,ERR,ERR,ERR,ERR,ERR,ERR,ERR,ERR,ERR,ERR,ERR,ERR,ERR,ERR,ERR,ERR,ERR,ERR,ERR,ERR,ERR,ERR,ERR,ERR,ERR,ERR,ERR,ERR,ERR,ERR,ERR,ERR,ERR,ERR,ERR,ERR,ERR,ERR,ERR,ERR,ERR,ERR,ERR,ERR,ERR,ERR,ERR,ERR,ERR,ERR,ERR,ERR,ERR,ERR,ERR,ERR,ERR,ERR,ERR,ERR,ERR,ERR,ERR,ERR,ERR,ERR,ERR,ERR,ERR,ERR,ERR,ERR,ERR,ERR,ERR,ERR,ERR,ERR,ERR,ERR,ERR,ERR,ERR,ERR,-107615240.0,0.0,-117832800.0,0.0,0.0,0.0,0.0,nan,0,0,0,32768,0,0.0,0,0.0,0.0,0.0,0.0,0.0,0,0,0,0,0.0,0,0,0,0,0,0,0,0,0,0,0,0,0,0,0,0,0,0,0,0,0,0,0,0,0,0,0,0,0,0,0,0,0,0,0,0,0,0,0,0,0,0,0,0,0.0,0.0,0.0,0.0,0.0,0.0,0.0,0.0,0.0,0.0,0.0,0.0,0.0,0.0,0.0,0.0,0.0,0.0,0.0,0.0,0.0,0.0,2.004,-0.0,0.0,-2.004,0.0,0.0,0.0,0.0,3354.0,8608105472.0,0.0,-107615240.0,0.0,-107615232.0,-0.0,0.0,0.0,0.0,0.0,0,0.0,-4.950375598578833e+32,0.0,0.0,0.0,0.0,0.0,0.0,0.0,0,0,0,0.0,0.0,0.0,0.0,0.0,0.0,0.0,0.0,0.0,0.0,0.0,0.0,0.0,0.0,0.0,0.0,0,-107875648.0,0,0.0,0,-107875648.0,0.0,0,39322,17038,52429,17052,13107,17037,0,0,0,110,100,100,0.0,64.0,0.0,64.8,-0.0,68.5,1,49,50,180,0,13107,0,0,0.0,0.0,0.0,0.0,336089184.0,65.5,0.0,-0.0,0.0,645,0,685,0,0,0,713,0,784,0,707,0,688,0,646,0,640,0,619,0.032,36700160.0,-2.004,-0.0,37008,16789,0.728,3.749442314894752e+21,-1.7766916309133558e+18,2611.974,166309857853440.0,5.3323080503341036e+20,29.0,60.0,70,0.0,0.0,0.0,0.0,0.0,0.0,0.0,0.0,0.0,0.0,0.0,0.0,0.0,0.0,0.0,0.0,59.2,68,12,65509,41,65476,0,300,0,0,8,20529,65476,0,0,61604,60.0,0.0,0.0,0.0,0.0,0.0
2026-04-04T11:53:01,ERR,ERR,ERR,ERR,ERR,ERR,ERR,ERR,ERR,ERR,ERR,ERR,ERR,ERR,ERR,ERR,ERR,ERR,ERR,ERR,ERR,ERR,ERR,ERR,ERR,ERR,ERR,ERR,ERR,ERR,ERR,ERR,ERR,ERR,ERR,ERR,ERR,ERR,ERR,ERR,ERR,ERR,ERR,ERR,ERR,ERR,ERR,ERR,ERR,ERR,ERR,ERR,ERR,ERR,ERR,ERR,ERR,ERR,ERR,ERR,ERR,ERR,ERR,ERR,ERR,ERR,ERR,ERR,ERR,ERR,ERR,ERR,ERR,ERR,ERR,ERR,ERR,ERR,ERR,ERR,ERR,ERR,ERR,ERR,ERR,ERR,ERR,ERR,ERR,ERR,ERR,ERR,ERR,ERR,ERR,ERR,ERR,ERR,ERR,ERR,ERR,ERR,ERR,ERR,ERR,ERR,ERR,ERR,ERR,ERR,ERR,ERR,ERR,ERR,ERR,ERR,ERR,ERR,ERR,ERR,ERR,ERR,ERR,ERR,ERR,-107615240.0,0.0,-117832800.0,0.0,0.0,0.0,0.0,nan,0,0,0,32768,0,0.0,0,0.0,0.0,0.0,0.0,0.0,0,0,0,0,0.0,0,0,0,0,0,0,0,0,0,0,0,0,0,0,0,0,0,0,0,0,0,0,0,0,0,0,0,0,0,0,0,0,0,0,0,0,0,0,0,0,0,0,0,0,0.0,0.0,0.0,0.0,0.0,0.0,0.0,0.0,0.0,0.0,0.0,0.0,0.0,0.0,0.0,0.0,0.0,0.0,0.0,0.0,0.0,0.0,2.004,-0.0,0.0,-2.004,0.0,0.0,0.0,0.0,3354.0,8608105472.0,0.0,-107615240.0,0.0,-107615232.0,-0.0,0.0,0.0,0.0,0.0,0,0.0,-4.950375598578833e+32,0.0,0.0,0.0,0.0,0.0,0.0,0.0,0,0,0,0.0,0.0,0.0,0.0,0.0,0.0,0.0,0.0,0.0,0.0,0.0,0.0,0.0,0.0,0.0,0.0,0,-107875648.0,0,0.0,0,-107875648.0,0.0,0,39322,17038,52429,17052,13107,17037,0,0,0,110,100,100,0.0,64.0,0.0,64.8,-0.0,68.5,1,49,50,180,0,13107,0,0,0.0,0.0,0.0,0.0,336089184.0,65.5,0.0,-0.0,0.0,645,0,685,0,0,0,713,0,784,0,707,0,688,0,646,0,640,0,619,0.032,36700160.0,-2.004,-0.0,37008,16789,0.728,3.749442314894752e+21,-1.7766916309133558e+18,2611.974,166309857853440.0,5.3323080503341036e+20,29.0,60.0,70,0.0,0.0,0.0,0.0,0.0,0.0,0.0,0.0,0.0,0.0,0.0,0.0,0.0,0.0,0.0,0.0,59.2,68,12,65509,41,65476,0,300,0,0,8,20529,65476,0,0,61604,60.0,0.0,0.0,0.0,0.0,0.0
2026-04-04T11:53:02,ERR,ERR,ERR,ERR,ERR,ERR,ERR,ERR,ERR,ERR,ERR,ERR,ERR,ERR,ERR,ERR,ERR,ERR,ERR,ERR,ERR,ERR,ERR,ERR,ERR,ERR,ERR,ERR,ERR,ERR,ERR,ERR,ERR,ERR,ERR,ERR,ERR,ERR,ERR,ERR,ERR,ERR,ERR,ERR,ERR,ERR,ERR,ERR,ERR,ERR,ERR,ERR,ERR,ERR,ERR,ERR,ERR,ERR,ERR,ERR,ERR,ERR,ERR,ERR,ERR,ERR,ERR,ERR,ERR,ERR,ERR,ERR,ERR,ERR,ERR,ERR,ERR,ERR,ERR,ERR,ERR,ERR,ERR,ERR,ERR,ERR,ERR,ERR,ERR,ERR,ERR,ERR,ERR,ERR,ERR,ERR,ERR,ERR,ERR,ERR,ERR,ERR,ERR,ERR,ERR,ERR,ERR,ERR,ERR,ERR,ERR,ERR,ERR,ERR,ERR,ERR,ERR,ERR,ERR,ERR,ERR,ERR,ERR,ERR,ERR,-107615240.0,0.0,-117832800.0,0.0,0.0,0.0,0.0,nan,0,0,0,32768,0,0.0,0,0.0,0.0,0.0,0.0,0.0,0,0,0,0,0.0,0,0,0,0,0,0,0,0,0,0,0,0,0,0,0,0,0,0,0,0,0,0,0,0,0,0,0,0,0,0,0,0,0,0,0,0,0,0,0,0,0,0,0,0,0.0,0.0,0.0,0.0,0.0,0.0,0.0,0.0,0.0,0.0,0.0,0.0,0.0,0.0,0.0,0.0,0.0,0.0,0.0,0.0,0.0,0.0,2.004,-0.0,0.0,-2.004,0.0,0.0,0.0,0.0,3354.0,8608105472.0,0.0,-107615240.0,0.0,-107615232.0,-0.0,0.0,0.0,0.0,0.0,0,0.0,-4.950375598578833e+32,0.0,0.0,0.0,0.0,0.0,0.0,0.0,0,0,0,0.0,0.0,0.0,0.0,0.0,0.0,0.0,0.0,0.0,0.0,0.0,0.0,0.0,0.0,0.0,0.0,0,-107875648.0,0,0.0,0,-107875648.0,0.0,0,39322,17038,52429,17052,13107,17037,0,0,0,110,100,100,0.0,64.0,0.0,64.8,-0.0,68.5,1,49,50,180,0,13107,0,0,0.0,0.0,0.0,0.0,336089184.0,65.5,0.0,-0.0,0.0,645,0,685,0,0,0,713,0,784,0,707,0,688,0,646,0,640,0,619,0.032,36700160.0,-2.004,-0.0,37008,16789,0.728,3.749442314894752e+21,-1.7766916309133558e+18,2611.974,166309857853440.0,5.3323080503341036e+20,29.0,60.0,70,0.0,0.0,0.0,0.0,0.0,0.0,0.0,0.0,0.0,0.0,0.0,0.0,0.0,0.0,0.0,0.0,59.6,68,12,65509,41,65476,0,300,0,0,8,20529,65476,0,0,61604,60.0,0.0,0.0,0.0,0.0,0.0
2026-04-04T11:53:03,ERR,ERR,ERR,ERR,ERR,ERR,ERR,ERR,ERR,ERR,ERR,ERR,ERR,ERR,ERR,ERR,ERR,ERR,ERR,ERR,ERR,ERR,ERR,ERR,ERR,ERR,ERR,ERR,ERR,ERR,ERR,ERR,ERR,ERR,ERR,ERR,ERR,ERR,ERR,ERR,ERR,ERR,ERR,ERR,ERR,ERR,ERR,ERR,ERR,ERR,ERR,ERR,ERR,ERR,ERR,ERR,ERR,ERR,ERR,ERR,ERR,ERR,ERR,ERR,ERR,ERR,ERR,ERR,ERR,ERR,ERR,ERR,ERR,ERR,ERR,ERR,ERR,ERR,ERR,ERR,ERR,ERR,ERR,ERR,ERR,ERR,ERR,ERR,ERR,ERR,ERR,ERR,ERR,ERR,ERR,ERR,ERR,ERR,ERR,ERR,ERR,ERR,ERR,ERR,ERR,ERR,ERR,ERR,ERR,ERR,ERR,ERR,ERR,ERR,ERR,ERR,ERR,ERR,ERR,ERR,ERR,ERR,ERR,ERR,ERR,-107615240.0,0.0,-117832800.0,0.0,0.0,0.0,0.0,nan,0,0,0,32768,0,0.0,0,0.0,0.0,0.0,0.0,0.0,0,0,0,0,0.0,0,0,0,0,0,0,0,0,0,0,0,0,0,0,0,0,0,0,0,0,0,0,0,0,0,0,0,0,0,0,0,0,0,0,0,0,0,0,0,0,0,0,0,0,0.0,0.0,0.0,0.0,0.0,0.0,0.0,0.0,0.0,0.0,0.0,0.0,0.0,0.0,0.0,0.0,0.0,0.0,0.0,0.0,0.0,0.0,2.004,-0.0,0.0,-2.004,0.0,0.0,0.0,0.0,3354.0,8608105472.0,0.0,-107615240.0,0.0,-107615232.0,-0.0,0.0,0.0,0.0,0.0,0,0.0,-4.950375598578833e+32,0.0,0.0,0.0,0.0,0.0,0.0,0.0,0,0,0,0.0,0.0,0.0,0.0,0.0,0.0,0.0,0.0,0.0,0.0,0.0,0.0,0.0,0.0,0.0,0.0,0,-107875648.0,0,0.0,0,-107875648.0,0.0,0,39322,17038,52429,17052,13107,17037,0,0,0,110,100,100,0.0,64.0,0.0,64.8,-0.0,68.5,1,49,50,180,0,13107,0,0,0.0,0.0,0.0,0.0,336089184.0,65.5,0.0,-0.0,0.0,645,0,685,0,0,0,713,0,784,0,707,0,688,0,646,0,640,0,619,0.032,36700160.0,-2.004,-0.0,37008,16789,0.728,3.749442314894752e+21,-1.7766916309133558e+18,2611.974,166309857853440.0,5.3323080503341036e+20,29.0,60.0,70,0.0,0.0,0.0,0.0,0.0,0.0,0.0,0.0,0.0,0.0,0.0,0.0,0.0,0.0,0.0,0.0,59.6,68,12,65509,41,65476,0,300,0,0,8,20529,65476,0,0,61604,60.0,0.0,0.0,0.0,0.0,0.0
2026-04-04T11:53:04,ERR,ERR,ERR,ERR,ERR,ERR,ERR,ERR,ERR,ERR,ERR,ERR,ERR,ERR,ERR,ERR,ERR,ERR,ERR,ERR,ERR,ERR,ERR,ERR,ERR,ERR,ERR,ERR,ERR,ERR,ERR,ERR,ERR,ERR,ERR,ERR,ERR,ERR,ERR,ERR,ERR,ERR,ERR,ERR,ERR,ERR,ERR,ERR,ERR,ERR,ERR,ERR,ERR,ERR,ERR,ERR,ERR,ERR,ERR,ERR,ERR,ERR,ERR,ERR,ERR,ERR,ERR,ERR,ERR,ERR,ERR,ERR,ERR,ERR,ERR,ERR,ERR,ERR,ERR,ERR,ERR,ERR,ERR,ERR,ERR,ERR,ERR,ERR,ERR,ERR,ERR,ERR,ERR,ERR,ERR,ERR,ERR,ERR,ERR,ERR,ERR,ERR,ERR,ERR,ERR,ERR,ERR,ERR,ERR,ERR,ERR,ERR,ERR,ERR,ERR,ERR,ERR,ERR,ERR,ERR,ERR,ERR,ERR,ERR,ERR,-107615240.0,0.0,-117832800.0,0.0,0.0,0.0,0.0,nan,0,0,0,32768,0,0.0,0,0.0,0.0,0.0,0.0,0.0,0,0,0,0,0.0,0,0,0,0,0,0,0,0,0,0,0,0,0,0,0,0,0,0,0,0,0,0,0,0,0,0,0,0,0,0,0,0,0,0,0,0,0,0,0,0,0,0,0,0,0.0,0.0,0.0,0.0,0.0,0.0,0.0,0.0,0.0,0.0,0.0,0.0,0.0,0.0,0.0,0.0,0.0,0.0,0.0,0.0,0.0,0.0,2.004,-0.0,0.0,-2.004,0.0,0.0,0.0,0.0,3354.0,8608105472.0,0.0,-107615240.0,0.0,-107615232.0,-0.0,0.0,0.0,0.0,0.0,0,0.0,-4.950375598578833e+32,0.0,0.0,0.0,0.0,0.0,0.0,0.0,0,0,0,0.0,0.0,0.0,0.0,0.0,0.0,0.0,0.0,0.0,0.0,0.0,0.0,0.0,0.0,0.0,0.0,0,-107875648.0,0,0.0,0,-107875648.0,0.0,0,39322,17038,52429,17052,13107,17037,0,0,0,110,100,100,0.0,64.0,0.0,64.8,-0.0,68.5,1,49,50,180,0,13107,0,0,0.0,0.0,0.0,0.0,336089184.0,65.5,0.0,-0.0,0.0,645,0,685,0,0,0,713,0,784,0,707,0,688,0,646,0,640,0,619,0.032,36700160.0,-2.004,-0.0,37008,16789,0.728,3.749442314894752e+21,-1.7766916309133558e+18,2611.974,166309857853440.0,5.3323080503341036e+20,29.0,60.0,70,0.0,0.0,0.0,0.0,0.0,0.0,0.0,0.0,0.0,0.0,0.0,0.0,0.0,0.0,0.0,0.0,59.6,68,12,65509,41,65476,0,300,0,0,8,20529,65476,0,0,61604,60.0,0.0,0.0,0.0,0.0,0.0
2026-04-04T11:53:05,ERR,ERR,ERR,ERR,ERR,ERR,ERR,ERR,ERR,ERR,ERR,ERR,ERR,ERR,ERR,ERR,ERR,ERR,ERR,ERR,ERR,ERR,ERR,ERR,ERR,ERR,ERR,ERR,ERR,ERR,ERR,ERR,ERR,ERR,ERR,ERR,ERR,ERR,ERR,ERR,ERR,ERR,ERR,ERR,ERR,ERR,ERR,ERR,ERR,ERR,ERR,ERR,ERR,ERR,ERR,ERR,ERR,ERR,ERR,ERR,ERR,ERR,ERR,ERR,ERR,ERR,ERR,ERR,ERR,ERR,ERR,ERR,ERR,ERR,ERR,ERR,ERR,ERR,ERR,ERR,ERR,ERR,ERR,ERR,ERR,ERR,ERR,ERR,ERR,ERR,ERR,ERR,ERR,ERR,ERR,ERR,ERR,ERR,ERR,ERR,ERR,ERR,ERR,ERR,ERR,ERR,ERR,ERR,ERR,ERR,ERR,ERR,ERR,ERR,ERR,ERR,ERR,ERR,ERR,ERR,ERR,ERR,ERR,ERR,ERR,-107615240.0,0.0,-117832800.0,0.0,0.0,0.0,0.0,nan,0,0,0,32768,0,0.0,0,0.0,0.0,0.0,0.0,0.0,0,0,0,0,0.0,0,0,0,0,0,0,0,0,0,0,0,0,0,0,0,0,0,0,0,0,0,0,0,0,0,0,0,0,0,0,0,0,0,0,0,0,0,0,0,0,0,0,0,0,0.0,0.0,0.0,0.0,0.0,0.0,0.0,0.0,0.0,0.0,0.0,0.0,0.0,0.0,0.0,0.0,0.0,0.0,0.0,0.0,0.0,0.0,2.004,-0.0,0.0,-2.004,0.0,0.0,0.0,0.0,3355.0,3.697153148275864e+19,0.0,-107615240.0,0.0,-107615232.0,-0.0,0.0,0.0,0.0,0.0,0,0.0,-4.950375598578833e+32,0.0,0.0,0.0,0.0,0.0,0.0,0.0,0,0,0,0.0,0.0,0.0,0.0,0.0,0.0,0.0,0.0,0.0,0.0,0.0,0.0,0.0,0.0,0.0,0.0,0,-107875648.0,0,0.0,0,-107875648.0,0.0,0,39322,17038,52429,17052,26215,17037,0,0,0,110,100,100,0.0,64.0,0.0,64.8,-0.0,68.5,1,49,50,180,0,0,0,0,0.0,0.0,0.0,0.0,102021.023,65.5,0.0,-0.0,0.0,645,0,685,0,0,0,713,0,784,0,707,0,688,0,646,0,640,0,619,0.032,36700160.0,-2.004,-0.0,40720,16789,0.004,-0.0,-1.7686572144922125e+35,3.227504599542404e+37,6.507720772985569e+24,4.9408598475076055e+34,29.0,60.0,70,0.0,0.0,0.0,0.0,0.0,0.0,0.0,0.0,0.0,0.0,0.0,0.0,0.0,0.0,0.0,0.0,59.6,68,12,65509,41,65476,0,300,0,0,8,20529,65476,0,0,61604,60.0,0.0,0.0,0.0,0.0,0.0
2026-04-04T11:53:06,ERR,ERR,ERR,ERR,ERR,ERR,ERR,ERR,ERR,ERR,ERR,ERR,ERR,ERR,ERR,ERR,ERR,ERR,ERR,ERR,ERR,ERR,ERR,ERR,ERR,ERR,ERR,ERR,ERR,ERR,ERR,ERR,ERR,ERR,ERR,ERR,ERR,ERR,ERR,ERR,ERR,ERR,ERR,ERR,ERR,ERR,ERR,ERR,ERR,ERR,ERR,ERR,ERR,ERR,ERR,ERR,ERR,ERR,ERR,ERR,ERR,ERR,ERR,ERR,ERR,ERR,ERR,ERR,ERR,ERR,ERR,ERR,ERR,ERR,ERR,ERR,ERR,ERR,ERR,ERR,ERR,ERR,ERR,ERR,ERR,ERR,ERR,ERR,ERR,ERR,ERR,ERR,ERR,ERR,ERR,ERR,ERR,ERR,ERR,ERR,ERR,ERR,ERR,ERR,ERR,ERR,ERR,ERR,ERR,ERR,ERR,ERR,ERR,ERR,ERR,ERR,ERR,ERR,ERR,ERR,ERR,ERR,ERR,ERR,ERR,-107615240.0,0.0,-117832800.0,0.0,0.0,0.0,0.0,nan,0,0,0,32768,0,0.0,0,0.0,0.0,0.0,0.0,0.0,0,0,0,0,0.0,0,0,0,0,0,0,0,0,0,0,0,0,0,0,0,0,0,0,0,0,0,0,0,0,0,0,0,0,0,0,0,0,0,0,0,0,0,0,0,0,0,0,0,0,0.0,0.0,0.0,0.0,0.0,0.0,0.0,0.0,0.0,0.0,0.0,0.0,0.0,0.0,0.0,0.0,0.0,0.0,0.0,0.0,0.0,0.0,2.004,-0.0,0.0,-2.004,0.0,0.0,0.0,0.0,3355.0,3.697153148275864e+19,0.0,-107615240.0,0.0,-107615232.0,-0.0,0.0,0.0,0.0,0.0,0,0.0,-4.950375598578833e+32,0.0,0.0,0.0,0.0,0.0,0.0,0.0,0,0,0,0.0,0.0,0.0,0.0,0.0,0.0,0.0,0.0,0.0,0.0,0.0,0.0,0.0,0.0,0.0,0.0,0,-107875648.0,0,0.0,0,-107875648.0,0.0,0,39322,17038,52429,17052,26215,17037,0,0,0,110,100,100,0.0,64.0,0.0,64.8,-0.0,68.5,1,49,50,180,0,0,0,0,0.0,0.0,0.0,0.0,102021.023,65.5,0.0,-0.0,0.0,645,0,685,0,0,0,713,0,784,0,707,0,688,0,646,0,640,0,619,0.032,36700160.0,-2.004,-0.0,40720,16789,0.004,-0.0,-1.7686572144922125e+35,3.227504599542404e+37,6.507720772985569e+24,4.9408598475076055e+34,29.0,60.0,70,0.0,0.0,0.0,0.0,0.0,0.0,0.0,0.0,0.0,0.0,0.0,0.0,0.0,0.0,0.0,0.0,59.6,68,12,65509,41,65476,0,300,0,0,8,20529,65476,0,0,61604,60.0,0.0,0.0,0.0,0.0,0.0
2026-04-04T11:53:07,ERR,ERR,ERR,ERR,ERR,ERR,ERR,ERR,ERR,ERR,ERR,ERR,ERR,ERR,ERR,ERR,ERR,ERR,ERR,ERR,ERR,ERR,ERR,ERR,ERR,ERR,ERR,ERR,ERR,ERR,ERR,ERR,ERR,ERR,ERR,ERR,ERR,ERR,ERR,ERR,ERR,ERR,ERR,ERR,ERR,ERR,ERR,ERR,ERR,ERR,ERR,ERR,ERR,ERR,ERR,ERR,ERR,ERR,ERR,ERR,ERR,ERR,ERR,ERR,ERR,ERR,ERR,ERR,ERR,ERR,ERR,ERR,ERR,ERR,ERR,ERR,ERR,ERR,ERR,ERR,ERR,ERR,ERR,ERR,ERR,ERR,ERR,ERR,ERR,ERR,ERR,ERR,ERR,ERR,ERR,ERR,ERR,ERR,ERR,ERR,ERR,ERR,ERR,ERR,ERR,ERR,ERR,ERR,ERR,ERR,ERR,ERR,ERR,ERR,ERR,ERR,ERR,ERR,ERR,ERR,ERR,ERR,ERR,ERR,ERR,-107615240.0,0.0,-117832800.0,0.0,0.0,0.0,0.0,nan,0,0,0,32768,0,0.0,0,0.0,0.0,0.0,0.0,0.0,0,0,0,0,0.0,0,0,0,0,0,0,0,0,0,0,0,0,0,0,0,0,0,0,0,0,0,0,0,0,0,0,0,0,0,0,0,0,0,0,0,0,0,0,0,0,0,0,0,0,0.0,0.0,0.0,0.0,0.0,0.0,0.0,0.0,0.0,0.0,0.0,0.0,0.0,0.0,0.0,0.0,0.0,0.0,0.0,0.0,0.0,0.0,2.004,-0.0,0.0,-2.004,0.0,0.0,0.0,0.0,3355.0,3.697153148275864e+19,0.0,-107615240.0,0.0,-107615232.0,-0.0,0.0,0.0,0.0,0.0,0,0.0,-4.950375598578833e+32,0.0,0.0,0.0,0.0,0.0,0.0,0.0,0,0,0,0.0,0.0,0.0,0.0,0.0,0.0,0.0,0.0,0.0,0.0,0.0,0.0,0.0,0.0,0.0,0.0,0,-107875648.0,0,0.0,0,-107875648.0,0.0,0,39322,17038,52429,17052,26215,17037,0,0,0,110,100,100,0.0,64.0,0.0,64.8,-0.0,68.5,1,49,50,180,0,0,0,0,0.0,0.0,0.0,0.0,102021.023,65.5,0.0,-0.0,0.0,645,0,685,0,0,0,713,0,784,0,707,0,688,0,646,0,640,0,619,0.032,36700160.0,-2.004,-0.0,40720,16789,0.004,-0.0,-1.7686572144922125e+35,3.227504599542404e+37,6.507720772985569e+24,4.9408598475076055e+34,29.0,60.0,70,0.0,0.0,0.0,0.0,0.0,0.0,0.0,0.0,0.0,0.0,0.0,0.0,0.0,0.0,0.0,0.0,59.2,68,12,65509,41,65476,0,300,0,0,8,20529,65476,0,0,61604,60.0,0.0,0.0,0.0,0.0,0.0
2026-04-04T11:53:08,ERR,ERR,ERR,ERR,ERR,ERR,ERR,ERR,ERR,ERR,ERR,ERR,ERR,ERR,ERR,ERR,ERR,ERR,ERR,ERR,ERR,ERR,ERR,ERR,ERR,ERR,ERR,ERR,ERR,ERR,ERR,ERR,ERR,ERR,ERR,ERR,ERR,ERR,ERR,ERR,ERR,ERR,ERR,ERR,ERR,ERR,ERR,ERR,ERR,ERR,ERR,ERR,ERR,ERR,ERR,ERR,ERR,ERR,ERR,ERR,ERR,ERR,ERR,ERR,ERR,ERR,ERR,ERR,ERR,ERR,ERR,ERR,ERR,ERR,ERR,ERR,ERR,ERR,ERR,ERR,ERR,ERR,ERR,ERR,ERR,ERR,ERR,ERR,ERR,ERR,ERR,ERR,ERR,ERR,ERR,ERR,ERR,ERR,ERR,ERR,ERR,ERR,ERR,ERR,ERR,ERR,ERR,ERR,ERR,ERR,ERR,ERR,ERR,ERR,ERR,ERR,ERR,ERR,ERR,ERR,ERR,ERR,ERR,ERR,ERR,-107615240.0,0.0,-117832800.0,0.0,0.0,0.0,0.0,nan,0,0,0,32768,0,0.0,0,0.0,0.0,0.0,0.0,0.0,0,0,0,0,0.0,0,0,0,0,0,0,0,0,0,0,0,0,0,0,0,0,0,0,0,0,0,0,0,0,0,0,0,0,0,0,0,0,0,0,0,0,0,0,0,0,0,0,0,0,0.0,0.0,0.0,0.0,0.0,0.0,0.0,0.0,0.0,0.0,0.0,0.0,0.0,0.0,0.0,0.0,0.0,0.0,0.0,0.0,0.0,0.0,2.004,-0.0,0.0,-2.004,0.0,0.0,0.0,0.0,3355.0,3.697153148275864e+19,0.0,-107615240.0,0.0,-107615232.0,-0.0,0.0,0.0,0.0,0.0,0,0.0,-4.950375598578833e+32,0.0,0.0,0.0,0.0,0.0,0.0,0.0,0,0,0,0.0,0.0,0.0,0.0,0.0,0.0,0.0,0.0,0.0,0.0,0.0,0.0,0.0,0.0,0.0,0.0,0,-107875648.0,0,0.0,0,-107875648.0,0.0,0,39322,17038,52429,17052,26215,17037,0,0,0,110,100,100,0.0,64.0,0.0,64.8,-0.0,68.5,1,49,50,180,0,0,0,0,0.0,0.0,0.0,0.0,102021.023,65.5,0.0,-0.0,0.0,645,0,685,0,0,0,713,0,784,0,707,0,688,0,646,0,640,0,619,0.032,36700160.0,-2.004,-0.0,40720,16789,0.004,-0.0,-1.7686572144922125e+35,3.227504599542404e+37,6.507720772985569e+24,4.9408598475076055e+34,29.0,60.0,70,0.0,0.0,0.0,0.0,0.0,0.0,0.0,0.0,0.0,0.0,0.0,0.0,0.0,0.0,0.0,0.0,59.2,68,12,65509,41,65476,0,300,0,0,8,20529,65476,0,0,61604,60.0,0.0,0.0,0.0,0.0,0.0
2026-04-04T11:53:09,ERR,ERR,ERR,ERR,ERR,ERR,ERR,ERR,ERR,ERR,ERR,ERR,ERR,ERR,ERR,ERR,ERR,ERR,ERR,ERR,ERR,ERR,ERR,ERR,ERR,ERR,ERR,ERR,ERR,ERR,ERR,ERR,ERR,ERR,ERR,ERR,ERR,ERR,ERR,ERR,ERR,ERR,ERR,ERR,ERR,ERR,ERR,ERR,ERR,ERR,ERR,ERR,ERR,ERR,ERR,ERR,ERR,ERR,ERR,ERR,ERR,ERR,ERR,ERR,ERR,ERR,ERR,ERR,ERR,ERR,ERR,ERR,ERR,ERR,ERR,ERR,ERR,ERR,ERR,ERR,ERR,ERR,ERR,ERR,ERR,ERR,ERR,ERR,ERR,ERR,ERR,ERR,ERR,ERR,ERR,ERR,ERR,ERR,ERR,ERR,ERR,ERR,ERR,ERR,ERR,ERR,ERR,ERR,ERR,ERR,ERR,ERR,ERR,ERR,ERR,ERR,ERR,ERR,ERR,ERR,ERR,ERR,ERR,ERR,ERR,-107615240.0,0.0,-117832800.0,0.0,0.0,0.0,0.0,nan,0,0,0,32768,0,0.0,0,0.0,0.0,0.0,0.0,0.0,0,0,0,0,0.0,0,0,0,0,0,0,0,0,0,0,0,0,0,0,0,0,0,0,0,0,0,0,0,0,0,0,0,0,0,0,0,0,0,0,0,0,0,0,0,0,0,0,0,0,0.0,0.0,0.0,0.0,0.0,0.0,0.0,0.0,0.0,0.0,0.0,0.0,0.0,0.0,0.0,0.0,0.0,0.0,0.0,0.0,0.0,0.0,2.004,-0.0,0.0,-2.004,0.0,0.0,0.0,0.0,3355.0,3.697153148275864e+19,0.0,-107615240.0,0.0,-107615232.0,-0.0,0.0,0.0,0.0,0.0,0,0.0,-4.950375598578833e+32,0.0,0.0,0.0,0.0,0.0,0.0,0.0,0,0,0,0.0,0.0,0.0,0.0,0.0,0.0,0.0,0.0,0.0,0.0,0.0,0.0,0.0,0.0,0.0,0.0,0,-107875648.0,0,0.0,0,-107875648.0,0.0,0,39322,17038,52429,17052,26215,17037,0,0,0,110,100,100,0.0,64.0,0.0,64.8,-0.0,68.5,1,49,50,180,0,0,0,0,0.0,0.0,0.0,0.0,102021.023,65.5,0.0,-0.0,0.0,645,0,685,0,0,0,713,0,784,0,707,0,688,0,646,0,640,0,619,0.032,36700160.0,-2.004,-0.0,40720,16789,0.004,-0.0,-1.7686572144922125e+35,3.227504599542404e+37,6.507720772985569e+24,4.9408598475076055e+34,29.0,60.0,70,0.0,0.0,0.0,0.0,0.0,0.0,0.0,0.0,0.0,0.0,0.0,0.0,0.0,0.0,0.0,0.0,59.2,68,12,65509,41,65476,0,300,0,0,8,20529,65476,0,0,61604,60.0,0.0,0.0,0.0,0.0,0.0
2026-04-04T11:53:10,ERR,ERR,ERR,ERR,ERR,ERR,ERR,ERR,ERR,ERR,ERR,ERR,ERR,ERR,ERR,ERR,ERR,ERR,ERR,ERR,ERR,ERR,ERR,ERR,ERR,ERR,ERR,ERR,ERR,ERR,ERR,ERR,ERR,ERR,ERR,ERR,ERR,ERR,ERR,ERR,ERR,ERR,ERR,ERR,ERR,ERR,ERR,ERR,ERR,ERR,ERR,ERR,ERR,ERR,ERR,ERR,ERR,ERR,ERR,ERR,ERR,ERR,ERR,ERR,ERR,ERR,ERR,ERR,ERR,ERR,ERR,ERR,ERR,ERR,ERR,ERR,ERR,ERR,ERR,ERR,ERR,ERR,ERR,ERR,ERR,ERR,ERR,ERR,ERR,ERR,ERR,ERR,ERR,ERR,ERR,ERR,ERR,ERR,ERR,ERR,ERR,ERR,ERR,ERR,ERR,ERR,ERR,ERR,ERR,ERR,ERR,ERR,ERR,ERR,ERR,ERR,ERR,ERR,ERR,ERR,ERR,ERR,ERR,ERR,ERR,-107615240.0,0.0,-117832800.0,0.0,0.0,0.0,0.0,nan,0,0,0,32768,0,0.0,0,0.0,0.0,0.0,0.0,0.0,0,0,0,0,0.0,0,0,0,0,0,0,0,0,0,0,0,0,0,0,0,0,0,0,0,0,0,0,0,0,0,0,0,0,0,0,0,0,0,0,0,0,0,0,0,0,0,0,0,0,0.0,0.0,0.0,0.0,0.0,0.0,0.0,0.0,0.0,0.0,0.0,0.0,0.0,0.0,0.0,0.0,0.0,0.0,0.0,0.0,0.0,0.0,2.004,-0.0,0.0,-2.004,0.0,0.0,0.0,0.0,3355.0,3.697153148275864e+19,0.0,-107615240.0,0.0,-107615232.0,-0.0,0.0,0.0,0.0,0.0,0,0.0,-4.950375598578833e+32,0.0,0.0,0.0,0.0,0.0,0.0,0.0,0,0,0,0.0,0.0,0.0,0.0,0.0,0.0,0.0,0.0,0.0,0.0,0.0,0.0,0.0,0.0,0.0,0.0,0,-107875648.0,0,0.0,0,-107875648.0,0.0,0,39322,17038,52429,17052,26215,17037,0,0,0,110,100,100,0.0,64.1,0.0,64.8,-0.0,68.5,1,49,50,180,0,0,0,0,0.0,0.0,0.0,0.0,2.1646530374637978e+17,65.5,0.0,-1.1547782498926723e+19,0.0,645,0,685,0,0,0,713,0,784,0,707,0,688,0,645,0,640,0,619,0.032,36962304.0,-2.004,-0.0,41104,16789,457724000.0,-0.0,0.0,1897.987,-0.0,-0.0,29.0,60.0,70,0.0,0.0,0.0,0.0,0.0,0.0,0.0,0.0,0.0,0.0,0.0,0.0,0.0,0.0,0.0,0.0,59.2,68,12,65509,41,65476,0,300,0,0,8,20529,65476,0,0,61604,60.0,0.0,0.0,0.0,0.0,0.0
2026-04-04T11:53:11,ERR,ERR,ERR,ERR,ERR,ERR,ERR,ERR,ERR,ERR,ERR,ERR,ERR,ERR,ERR,ERR,ERR,ERR,ERR,ERR,ERR,ERR,ERR,ERR,ERR,ERR,ERR,ERR,ERR,ERR,ERR,ERR,ERR,ERR,ERR,ERR,ERR,ERR,ERR,ERR,ERR,ERR,ERR,ERR,ERR,ERR,ERR,ERR,ERR,ERR,ERR,ERR,ERR,ERR,ERR,ERR,ERR,ERR,ERR,ERR,ERR,ERR,ERR,ERR,ERR,ERR,ERR,ERR,ERR,ERR,ERR,ERR,ERR,ERR,ERR,ERR,ERR,ERR,ERR,ERR,ERR,ERR,ERR,ERR,ERR,ERR,ERR,ERR,ERR,ERR,ERR,ERR,ERR,ERR,ERR,ERR,ERR,ERR,ERR,ERR,ERR,ERR,ERR,ERR,ERR,ERR,ERR,ERR,ERR,ERR,ERR,ERR,ERR,ERR,ERR,ERR,ERR,ERR,ERR,ERR,ERR,ERR,ERR,ERR,ERR,-107615240.0,0.0,-117832800.0,0.0,0.0,0.0,0.0,nan,0,0,0,32768,0,0.0,0,0.0,0.0,0.0,0.0,0.0,0,0,0,0,0.0,0,0,0,0,0,0,0,0,0,0,0,0,0,0,0,0,0,0,0,0,0,0,0,0,0,0,0,0,0,0,0,0,0,0,0,0,0,0,0,0,0,0,0,0,0.0,0.0,0.0,0.0,0.0,0.0,0.0,0.0,0.0,0.0,0.0,0.0,0.0,0.0,0.0,0.0,0.0,0.0,0.0,0.0,0.0,0.0,2.004,-0.0,0.0,-2.004,0.0,0.0,0.0,0.0,3355.0,3.697153148275864e+19,0.0,-107615240.0,0.0,-107615232.0,-0.0,0.0,0.0,0.0,0.0,0,0.0,-4.950375598578833e+32,0.0,0.0,0.0,0.0,0.0,0.0,0.0,0,0,0,0.0,0.0,0.0,0.0,0.0,0.0,0.0,0.0,0.0,0.0,0.0,0.0,0.0,0.0,0.0,0.0,0,-107875648.0,0,0.0,0,-107875648.0,0.0,0,39322,17038,52429,17052,26215,17037,0,0,0,110,100,100,0.0,64.1,0.0,64.8,-0.0,68.5,1,49,50,180,0,0,0,0,0.0,0.0,0.0,0.0,2.1646530374637978e+17,65.5,0.0,-1.1547782498926723e+19,0.0,645,0,685,0,0,0,713,0,784,0,707,0,688,0,645,0,640,0,619,0.032,36962304.0,-2.004,-0.0,41104,16789,457724000.0,-0.0,0.0,1897.987,-0.0,-0.0,29.0,60.0,70,0.0,0.0,0.0,0.0,0.0,0.0,0.0,0.0,0.0,0.0,0.0,0.0,0.0,0.0,0.0,0.0,59.6,68,12,65509,41,65476,0,300,0,0,8,20529,65476,0,0,61604,60.0,0.0,0.0,0.0,0.0,0.0
2026-04-04T11:53:12,ERR,ERR,ERR,ERR,ERR,ERR,ERR,ERR,ERR,ERR,ERR,ERR,ERR,ERR,ERR,ERR,ERR,ERR,ERR,ERR,ERR,ERR,ERR,ERR,ERR,ERR,ERR,ERR,ERR,ERR,ERR,ERR,ERR,ERR,ERR,ERR,ERR,ERR,ERR,ERR,ERR,ERR,ERR,ERR,ERR,ERR,ERR,ERR,ERR,ERR,ERR,ERR,ERR,ERR,ERR,ERR,ERR,ERR,ERR,ERR,ERR,ERR,ERR,ERR,ERR,ERR,ERR,ERR,ERR,ERR,ERR,ERR,ERR,ERR,ERR,ERR,ERR,ERR,ERR,ERR,ERR,ERR,ERR,ERR,ERR,ERR,ERR,ERR,ERR,ERR,ERR,ERR,ERR,ERR,ERR,ERR,ERR,ERR,ERR,ERR,ERR,ERR,ERR,ERR,ERR,ERR,ERR,ERR,ERR,ERR,ERR,ERR,ERR,ERR,ERR,ERR,ERR,ERR,ERR,ERR,ERR,ERR,ERR,ERR,ERR,-107615240.0,0.0,-117832800.0,0.0,0.0,0.0,0.0,nan,0,0,0,32768,0,0.0,0,0.0,0.0,0.0,0.0,0.0,0,0,0,0,0.0,0,0,0,0,0,0,0,0,0,0,0,0,0,0,0,0,0,0,0,0,0,0,0,0,0,0,0,0,0,0,0,0,0,0,0,0,0,0,0,0,0,0,0,0,0.0,0.0,0.0,0.0,0.0,0.0,0.0,0.0,0.0,0.0,0.0,0.0,0.0,0.0,0.0,0.0,0.0,0.0,0.0,0.0,0.0,0.0,2.004,-0.0,0.0,-2.004,0.0,0.0,0.0,0.0,3354.0,8608105472.0,0.0,-107615240.0,0.0,-107615232.0,-0.0,0.0,0.0,0.0,0.0,0,-4.9504239556116174e+32,-2.3088162645770607e+20,0.0,0.0,0.0,0.0,0.0,0.0,0.0,0,0,0,0.0,0.0,0.0,0.0,0.0,0.0,0.0,0.0,0.0,0.0,0.0,0.0,0.0,0.0,0.0,0.0,0,-107875648.0,0,0.0,0,-107875648.0,0.0,0,39322,17038,52429,17052,26215,17037,0,0,0,110,100,100,0.0,64.1,0.0,64.8,-0.0,68.5,1,49,50,180,0,0,0,0,0.0,0.0,0.0,0.0,2.1646530374637978e+17,65.5,0.0,-1.1547782498926723e+19,0.0,645,0,685,0,0,0,713,0,784,0,707,0,688,0,645,0,640,0,619,0.032,36962304.0,-2.004,-0.0,41104,16789,457724000.0,-0.0,0.0,1897.987,-0.0,-0.0,29.0,60.0,70,0.0,0.0,0.0,0.0,0.0,0.0,0.0,0.0,0.0,0.0,0.0,0.0,0.0,0.0,0.0,0.0,59.6,68,12,65509,41,65476,0,300,0,0,8,20529,65476,0,0,61604,60.0,0.0,0.0,0.0,0.0,0.0
2026-04-04T11:53:13,ERR,ERR,ERR,ERR,ERR,ERR,ERR,ERR,ERR,ERR,ERR,ERR,ERR,ERR,ERR,ERR,ERR,ERR,ERR,ERR,ERR,ERR,ERR,ERR,ERR,ERR,ERR,ERR,ERR,ERR,ERR,ERR,ERR,ERR,ERR,ERR,ERR,ERR,ERR,ERR,ERR,ERR,ERR,ERR,ERR,ERR,ERR,ERR,ERR,ERR,ERR,ERR,ERR,ERR,ERR,ERR,ERR,ERR,ERR,ERR,ERR,ERR,ERR,ERR,ERR,ERR,ERR,ERR,ERR,ERR,ERR,ERR,ERR,ERR,ERR,ERR,ERR,ERR,ERR,ERR,ERR,ERR,ERR,ERR,ERR,ERR,ERR,ERR,ERR,ERR,ERR,ERR,ERR,ERR,ERR,ERR,ERR,ERR,ERR,ERR,ERR,ERR,ERR,ERR,ERR,ERR,ERR,ERR,ERR,ERR,ERR,ERR,ERR,ERR,ERR,ERR,ERR,ERR,ERR,ERR,ERR,ERR,ERR,ERR,ERR,-107615240.0,0.0,-117832800.0,0.0,0.0,0.0,0.0,nan,0,0,0,32768,0,0.0,0,0.0,0.0,0.0,0.0,0.0,0,0,0,0,0.0,0,0,0,0,0,0,0,0,0,0,0,0,0,0,0,0,0,0,0,0,0,0,0,0,0,0,0,0,0,0,0,0,0,0,0,0,0,0,0,0,0,0,0,0,0.0,0.0,0.0,0.0,0.0,0.0,0.0,0.0,0.0,0.0,0.0,0.0,0.0,0.0,0.0,0.0,0.0,0.0,0.0,0.0,0.0,0.0,2.004,-0.0,0.0,-2.004,0.0,0.0,0.0,0.0,3354.0,8608105472.0,0.0,-107615240.0,0.0,-107615232.0,-0.0,0.0,0.0,0.0,0.0,0,-4.9504239556116174e+32,-2.3088162645770607e+20,0.0,0.0,0.0,0.0,0.0,0.0,0.0,0,0,0,0.0,0.0,0.0,0.0,0.0,0.0,0.0,0.0,0.0,0.0,0.0,0.0,0.0,0.0,0.0,0.0,0,-107875648.0,0,0.0,0,-107875648.0,0.0,0,39322,17038,52429,17052,26215,17037,0,0,0,110,100,100,0.0,64.1,0.0,64.8,-0.0,68.5,1,49,50,180,0,0,0,0,0.0,0.0,0.0,0.0,2.1646530374637978e+17,65.5,0.0,-1.1547782498926723e+19,0.0,645,0,685,0,0,0,713,0,784,0,707,0,688,0,645,0,640,0,619,0.032,36962304.0,-2.004,-0.0,41104,16789,457724000.0,-0.0,0.0,1897.987,-0.0,-0.0,29.0,60.0,70,0.0,0.0,0.0,0.0,0.0,0.0,0.0,0.0,0.0,0.0,0.0,0.0,0.0,0.0,0.0,0.0,59.6,68,12,65509,41,65476,0,300,0,0,8,20529,65476,0,0,61604,60.0,0.0,0.0,0.0,0.0,0.0
2026-04-04T11:53:14,ERR,ERR,ERR,ERR,ERR,ERR,ERR,ERR,ERR,ERR,ERR,ERR,ERR,ERR,ERR,ERR,ERR,ERR,ERR,ERR,ERR,ERR,ERR,ERR,ERR,ERR,ERR,ERR,ERR,ERR,ERR,ERR,ERR,ERR,ERR,ERR,ERR,ERR,ERR,ERR,ERR,ERR,ERR,ERR,ERR,ERR,ERR,ERR,ERR,ERR,ERR,ERR,ERR,ERR,ERR,ERR,ERR,ERR,ERR,ERR,ERR,ERR,ERR,ERR,ERR,ERR,ERR,ERR,ERR,ERR,ERR,ERR,ERR,ERR,ERR,ERR,ERR,ERR,ERR,ERR,ERR,ERR,ERR,ERR,ERR,ERR,ERR,ERR,ERR,ERR,ERR,ERR,ERR,ERR,ERR,ERR,ERR,ERR,ERR,ERR,ERR,ERR,ERR,ERR,ERR,ERR,ERR,ERR,ERR,ERR,ERR,ERR,ERR,ERR,ERR,ERR,ERR,ERR,ERR,ERR,ERR,ERR,ERR,ERR,ERR,-107615240.0,0.0,-117832800.0,0.0,0.0,0.0,0.0,nan,0,0,0,32768,0,0.0,0,0.0,0.0,0.0,0.0,0.0,0,0,0,0,0.0,0,0,0,0,0,0,0,0,0,0,0,0,0,0,0,0,0,0,0,0,0,0,0,0,0,0,0,0,0,0,0,0,0,0,0,0,0,0,0,0,0,0,0,0,0.0,0.0,0.0,0.0,0.0,0.0,0.0,0.0,0.0,0.0,0.0,0.0,0.0,0.0,0.0,0.0,0.0,0.0,0.0,0.0,0.0,0.0,2.004,-0.0,0.0,-2.004,0.0,0.0,0.0,0.0,3354.0,8608105472.0,0.0,-107615240.0,0.0,-107615232.0,-0.0,0.0,0.0,0.0,0.0,0,-4.9504239556116174e+32,-2.3088162645770607e+20,0.0,0.0,0.0,0.0,0.0,0.0,0.0,0,0,0,0.0,0.0,0.0,0.0,0.0,0.0,0.0,0.0,0.0,0.0,0.0,0.0,0.0,0.0,0.0,0.0,0,-107875648.0,0,0.0,0,-107875648.0,0.0,0,39322,17038,52429,17052,26215,17037,0,0,0,110,100,100,0.0,64.1,0.0,64.8,-0.0,68.5,1,49,50,180,0,13107,0,0,0.0,0.0,0.0,0.0,1.911866415065858e+18,65.5,0.0,-7.467244709354668e+18,0.0,645,0,686,0,0,0,713,0,784,0,707,0,688,0,646,0,640,0,619,0.032,36700160.0,-2.004,-0.0,40208,16789,8.800387164870279e+18,-0.0,5.998952329644459e+22,1.7925248458418706e+31,-0.0,-265259378016256.0,29.0,60.0,70,0.0,0.0,0.0,0.0,0.0,0.0,0.0,0.0,0.0,0.0,0.0,0.0,0.0,0.0,0.0,0.0,59.6,68,12,65509,41,65476,0,300,0,0,8,20529,65476,0,0,61604,60.0,0.0,0.0,0.0,0.0,0.0
2026-04-04T11:53:15,ERR,ERR,ERR,ERR,ERR,ERR,ERR,ERR,ERR,ERR,ERR,ERR,ERR,ERR,ERR,ERR,ERR,ERR,ERR,ERR,ERR,ERR,ERR,ERR,ERR,ERR,ERR,ERR,ERR,ERR,ERR,ERR,ERR,ERR,ERR,ERR,ERR,ERR,ERR,ERR,ERR,ERR,ERR,ERR,ERR,ERR,ERR,ERR,ERR,ERR,ERR,ERR,ERR,ERR,ERR,ERR,ERR,ERR,ERR,ERR,ERR,ERR,ERR,ERR,ERR,ERR,ERR,ERR,ERR,ERR,ERR,ERR,ERR,ERR,ERR,ERR,ERR,ERR,ERR,ERR,ERR,ERR,ERR,ERR,ERR,ERR,ERR,ERR,ERR,ERR,ERR,ERR,ERR,ERR,ERR,ERR,ERR,ERR,ERR,ERR,ERR,ERR,ERR,ERR,ERR,ERR,ERR,ERR,ERR,ERR,ERR,ERR,ERR,ERR,ERR,ERR,ERR,ERR,ERR,ERR,ERR,ERR,ERR,ERR,ERR,-107615240.0,0.0,-117832800.0,0.0,0.0,0.0,0.0,nan,0,0,0,32768,0,0.0,0,0.0,0.0,0.0,0.0,0.0,0,0,0,0,0.0,0,0,0,0,0,0,0,0,0,0,0,0,0,0,0,0,0,0,0,0,0,0,0,0,0,0,0,0,0,0,0,0,0,0,0,0,0,0,0,0,0,0,0,0,0.0,0.0,0.0,0.0,0.0,0.0,0.0,0.0,0.0,0.0,0.0,0.0,0.0,0.0,0.0,0.0,0.0,0.0,0.0,0.0,0.0,0.0,2.004,-0.0,0.0,-2.004,0.0,0.0,0.0,0.0,3354.0,8608105472.0,0.0,-107615240.0,0.0,-107615232.0,-0.0,0.0,0.0,0.0,0.0,0,-4.9504239556116174e+32,-2.3088162645770607e+20,0.0,0.0,0.0,0.0,0.0,0.0,0.0,0,0,0,0.0,0.0,0.0,0.0,0.0,0.0,0.0,0.0,0.0,0.0,0.0,0.0,0.0,0.0,0.0,0.0,0,-107875648.0,0,0.0,0,-107875648.0,0.0,0,39322,17038,52429,17052,26215,17037,0,0,0,110,100,100,0.0,64.1,0.0,64.8,-0.0,68.5,1,49,50,180,0,13107,0,0,0.0,0.0,0.0,0.0,1.911866415065858e+18,65.5,0.0,-7.467244709354668e+18,0.0,645,0,686,0,0,0,713,0,784,0,707,0,688,0,646,0,640,0,619,0.032,36700160.0,-2.004,-0.0,40208,16789,8.800387164870279e+18,-0.0,5.998952329644459e+22,1.7925248458418706e+31,-0.0,-265259378016256.0,29.0,60.0,70,0.0,0.0,0.0,0.0,0.0,0.0,0.0,0.0,0.0,0.0,0.0,0.0,0.0,0.0,0.0,0.0,59.6,68,12,65509,41,65476,0,300,0,0,8,20529,65476,0,0,61604,60.0,0.0,0.0,0.0,0.0,0.0
2026-04-04T11:53:16,ERR,ERR,ERR,ERR,ERR,ERR,ERR,ERR,ERR,ERR,ERR,ERR,ERR,ERR,ERR,ERR,ERR,ERR,ERR,ERR,ERR,ERR,ERR,ERR,ERR,ERR,ERR,ERR,ERR,ERR,ERR,ERR,ERR,ERR,ERR,ERR,ERR,ERR,ERR,ERR,ERR,ERR,ERR,ERR,ERR,ERR,ERR,ERR,ERR,ERR,ERR,ERR,ERR,ERR,ERR,ERR,ERR,ERR,ERR,ERR,ERR,ERR,ERR,ERR,ERR,ERR,ERR,ERR,ERR,ERR,ERR,ERR,ERR,ERR,ERR,ERR,ERR,ERR,ERR,ERR,ERR,ERR,ERR,ERR,ERR,ERR,ERR,ERR,ERR,ERR,ERR,ERR,ERR,ERR,ERR,ERR,ERR,ERR,ERR,ERR,ERR,ERR,ERR,ERR,ERR,ERR,ERR,ERR,ERR,ERR,ERR,ERR,ERR,ERR,ERR,ERR,ERR,ERR,ERR,ERR,ERR,ERR,ERR,ERR,ERR,-107615240.0,0.0,-117832800.0,0.0,0.0,0.0,0.0,nan,0,0,0,32768,0,0.0,0,0.0,0.0,0.0,0.0,0.0,0,0,0,0,0.0,0,0,0,0,0,0,0,0,0,0,0,0,0,0,0,0,0,0,0,0,0,0,0,0,0,0,0,0,0,0,0,0,0,0,0,0,0,0,0,0,0,0,0,0,0.0,0.0,0.0,0.0,0.0,0.0,0.0,0.0,0.0,0.0,0.0,0.0,0.0,0.0,0.0,0.0,0.0,0.0,0.0,0.0,0.0,0.0,2.004,-0.0,0.0,-2.004,0.0,0.0,0.0,0.0,3354.0,8608105472.0,0.0,-107615240.0,0.0,-107615232.0,-0.0,0.0,0.0,0.0,0.0,0,-4.9504239556116174e+32,-2.3088162645770607e+20,0.0,0.0,0.0,0.0,0.0,0.0,0.0,0,0,0,0.0,0.0,0.0,0.0,0.0,0.0,0.0,0.0,0.0,0.0,0.0,0.0,0.0,0.0,0.0,0.0,0,-107875648.0,0,0.0,0,-107875648.0,0.0,0,39322,17038,52429,17052,26215,17037,0,0,0,110,100,100,0.0,64.1,0.0,64.8,-0.0,68.5,1,49,50,180,0,13107,0,0,0.0,0.0,0.0,0.0,1.911866415065858e+18,65.5,0.0,-7.467244709354668e+18,0.0,645,0,686,0,0,0,713,0,784,0,707,0,688,0,646,0,640,0,619,0.032,36700160.0,-2.004,-0.0,40208,16789,8.800387164870279e+18,-0.0,5.998952329644459e+22,1.7925248458418706e+31,-0.0,-265259378016256.0,29.0,60.0,70,0.0,0.0,0.0,0.0,0.0,0.0,0.0,0.0,0.0,0.0,0.0,0.0,0.0,0.0,0.0,0.0,59.2,68,12,65509,41,65476,0,300,0,0,8,20529,65476,0,0,61604,60.0,0.0,0.0,0.0,0.0,0.0
2026-04-04T11:53:17,ERR,ERR,ERR,ERR,ERR,ERR,ERR,ERR,ERR,ERR,ERR,ERR,ERR,ERR,ERR,ERR,ERR,ERR,ERR,ERR,ERR,ERR,ERR,ERR,ERR,ERR,ERR,ERR,ERR,ERR,ERR,ERR,ERR,ERR,ERR,ERR,ERR,ERR,ERR,ERR,ERR,ERR,ERR,ERR,ERR,ERR,ERR,ERR,ERR,ERR,ERR,ERR,ERR,ERR,ERR,ERR,ERR,ERR,ERR,ERR,ERR,ERR,ERR,ERR,ERR,ERR,ERR,ERR,ERR,ERR,ERR,ERR,ERR,ERR,ERR,ERR,ERR,ERR,ERR,ERR,ERR,ERR,ERR,ERR,ERR,ERR,ERR,ERR,ERR,ERR,ERR,ERR,ERR,ERR,ERR,ERR,ERR,ERR,ERR,ERR,ERR,ERR,ERR,ERR,ERR,ERR,ERR,ERR,ERR,ERR,ERR,ERR,ERR,ERR,ERR,ERR,ERR,ERR,ERR,ERR,ERR,ERR,ERR,ERR,ERR,-107615240.0,0.0,-117832800.0,0.0,0.0,0.0,0.0,nan,0,0,0,32768,0,0.0,0,0.0,0.0,0.0,0.0,0.0,0,0,0,0,0.0,0,0,0,0,0,0,0,0,0,0,0,0,0,0,0,0,0,0,0,0,0,0,0,0,0,0,0,0,0,0,0,0,0,0,0,0,0,0,0,0,0,0,0,0,0.0,0.0,0.0,0.0,0.0,0.0,0.0,0.0,0.0,0.0,0.0,0.0,0.0,0.0,0.0,0.0,0.0,0.0,0.0,0.0,0.0,0.0,2.004,-0.0,0.0,-2.004,0.0,0.0,0.0,0.0,3354.0,8608105472.0,0.0,-107615240.0,0.0,-107615232.0,-0.0,0.0,0.0,0.0,0.0,0,-4.9504239556116174e+32,-2.3088162645770607e+20,0.0,0.0,0.0,0.0,0.0,0.0,0.0,0,0,0,0.0,0.0,0.0,0.0,0.0,0.0,0.0,0.0,0.0,0.0,0.0,0.0,0.0,0.0,0.0,0.0,0,-107875648.0,0,0.0,0,-107875648.0,0.0,0,39322,17038,52429,17052,26215,17037,0,0,0,110,100,100,0.0,64.1,0.0,64.8,-0.0,68.5,1,49,50,180,0,13107,0,0,0.0,0.0,0.0,0.0,1.911866415065858e+18,65.5,0.0,-7.467244709354668e+18,0.0,645,0,686,0,0,0,713,0,784,0,707,0,688,0,646,0,640,0,619,0.032,36700160.0,-2.004,-0.0,40208,16789,8.800387164870279e+18,-0.0,5.998952329644459e+22,1.7925248458418706e+31,-0.0,-265259378016256.0,29.0,60.0,70,0.0,0.0,0.0,0.0,0.0,0.0,0.0,0.0,0.0,0.0,0.0,0.0,0.0,0.0,0.0,0.0,59.2,68,12,65509,41,65476,0,300,0,0,8,20529,65476,0,0,61604,60.0,0.0,0.0,0.0,0.0,0.0
2026-04-04T11:53:18,ERR,ERR,ERR,ERR,ERR,ERR,ERR,ERR,ERR,ERR,ERR,ERR,ERR,ERR,ERR,ERR,ERR,ERR,ERR,ERR,ERR,ERR,ERR,ERR,ERR,ERR,ERR,ERR,ERR,ERR,ERR,ERR,ERR,ERR,ERR,ERR,ERR,ERR,ERR,ERR,ERR,ERR,ERR,ERR,ERR,ERR,ERR,ERR,ERR,ERR,ERR,ERR,ERR,ERR,ERR,ERR,ERR,ERR,ERR,ERR,ERR,ERR,ERR,ERR,ERR,ERR,ERR,ERR,ERR,ERR,ERR,ERR,ERR,ERR,ERR,ERR,ERR,ERR,ERR,ERR,ERR,ERR,ERR,ERR,ERR,ERR,ERR,ERR,ERR,ERR,ERR,ERR,ERR,ERR,ERR,ERR,ERR,ERR,ERR,ERR,ERR,ERR,ERR,ERR,ERR,ERR,ERR,ERR,ERR,ERR,ERR,ERR,ERR,ERR,ERR,ERR,ERR,ERR,ERR,ERR,ERR,ERR,ERR,ERR,ERR,-107615240.0,0.0,-117832800.0,0.0,0.0,0.0,0.0,nan,0,0,0,32768,0,0.0,0,0.0,0.0,0.0,0.0,0.0,0,0,0,0,0.0,0,0,0,0,0,0,0,0,0,0,0,0,0,0,0,0,0,0,0,0,0,0,0,0,0,0,0,0,0,0,0,0,0,0,0,0,0,0,0,0,0,0,0,0,0.0,0.0,0.0,0.0,0.0,0.0,0.0,0.0,0.0,0.0,0.0,0.0,0.0,0.0,0.0,0.0,0.0,0.0,0.0,0.0,0.0,0.0,2.004,-0.0,0.0,-2.004,0.0,0.0,0.0,0.0,3355.5,8608105472.0,0.0,-107615240.0,0.0,-107615232.0,-0.0,0.0,0.0,0.0,0.0,0,0.0,-4.950375598578833e+32,0.0,0.0,0.0,0.0,0.0,0.0,0.0,0,0,0,0.0,0.0,0.0,0.0,0.0,0.0,0.0,0.0,0.0,0.0,0.0,0.0,0.0,0.0,0.0,0.0,0,-107875648.0,0,0.0,0,-107875648.0,0.0,0,39322,17038,52429,17052,26215,17037,0,0,0,110,100,100,0.0,64.1,0.0,64.8,-0.0,68.5,1,49,50,180,0,13107,0,0,0.0,0.0,0.0,0.0,6.429052286507829e+21,65.5,0.0,-0.0,0.0,645,0,685,0,0,0,713,0,784,0,707,0,688,0,645,0,640,0,619,0.032,36700160.0,-2.004,-0.0,53136,16789,1.2113796689219968e+24,-2.716038705338944e+32,-0.0,1.338,-995092919746560.0,0.0,29.0,60.0,70,0.0,0.0,0.0,0.0,0.0,0.0,0.0,0.0,0.0,0.0,0.0,0.0,0.0,0.0,0.0,0.0,59.2,68,12,65509,41,65476,0,300,0,0,8,20529,65476,0,0,61604,60.0,0.0,0.0,0.0,0.0,0.0
2026-04-04T11:53:19,ERR,ERR,ERR,ERR,ERR,ERR,ERR,ERR,ERR,ERR,ERR,ERR,ERR,ERR,ERR,ERR,ERR,ERR,ERR,ERR,ERR,ERR,ERR,ERR,ERR,ERR,ERR,ERR,ERR,ERR,ERR,ERR,ERR,ERR,ERR,ERR,ERR,ERR,ERR,ERR,ERR,ERR,ERR,ERR,ERR,ERR,ERR,ERR,ERR,ERR,ERR,ERR,ERR,ERR,ERR,ERR,ERR,ERR,ERR,ERR,ERR,ERR,ERR,ERR,ERR,ERR,ERR,ERR,ERR,ERR,ERR,ERR,ERR,ERR,ERR,ERR,ERR,ERR,ERR,ERR,ERR,ERR,ERR,ERR,ERR,ERR,ERR,ERR,ERR,ERR,ERR,ERR,ERR,ERR,ERR,ERR,ERR,ERR,ERR,ERR,ERR,ERR,ERR,ERR,ERR,ERR,ERR,ERR,ERR,ERR,ERR,ERR,ERR,ERR,ERR,ERR,ERR,ERR,ERR,ERR,ERR,ERR,ERR,ERR,ERR,-107615240.0,0.0,-117832800.0,0.0,0.0,0.0,0.0,nan,0,0,0,32768,0,0.0,0,0.0,0.0,0.0,0.0,0.0,0,0,0,0,0.0,0,0,0,0,0,0,0,0,0,0,0,0,0,0,0,0,0,0,0,0,0,0,0,0,0,0,0,0,0,0,0,0,0,0,0,0,0,0,0,0,0,0,0,0,0.0,0.0,0.0,0.0,0.0,0.0,0.0,0.0,0.0,0.0,0.0,0.0,0.0,0.0,0.0,0.0,0.0,0.0,0.0,0.0,0.0,0.0,2.004,-0.0,0.0,-2.004,0.0,0.0,0.0,0.0,3355.5,8608105472.0,0.0,-107615240.0,0.0,-107615232.0,-0.0,0.0,0.0,0.0,0.0,0,0.0,-4.950375598578833e+32,0.0,0.0,0.0,0.0,0.0,0.0,0.0,0,0,0,0.0,0.0,0.0,0.0,0.0,0.0,0.0,0.0,0.0,0.0,0.0,0.0,0.0,0.0,0.0,0.0,0,-107875648.0,0,0.0,0,-107875648.0,0.0,0,39322,17038,52429,17052,26215,17037,0,0,0,110,100,100,0.0,64.1,0.0,64.8,-0.0,68.5,1,49,50,180,0,13107,0,0,0.0,0.0,0.0,0.0,6.429052286507829e+21,65.5,0.0,-0.0,0.0,645,0,685,0,0,0,713,0,784,0,707,0,688,0,645,0,640,0,619,0.032,36700160.0,-2.004,-0.0,53136,16789,1.2113796689219968e+24,-2.716038705338944e+32,-0.0,1.338,-995092919746560.0,0.0,29.0,60.0,70,0.0,0.0,0.0,0.0,0.0,0.0,0.0,0.0,0.0,0.0,0.0,0.0,0.0,0.0,0.0,0.0,59.2,68,12,65509,41,65476,0,300,0,0,8,20529,65476,0,0,61604,60.0,0.0,0.0,0.0,0.0,0.0
2026-04-04T11:53:20,ERR,ERR,ERR,ERR,ERR,ERR,ERR,ERR,ERR,ERR,ERR,ERR,ERR,ERR,ERR,ERR,ERR,ERR,ERR,ERR,ERR,ERR,ERR,ERR,ERR,ERR,ERR,ERR,ERR,ERR,ERR,ERR,ERR,ERR,ERR,ERR,ERR,ERR,ERR,ERR,ERR,ERR,ERR,ERR,ERR,ERR,ERR,ERR,ERR,ERR,ERR,ERR,ERR,ERR,ERR,ERR,ERR,ERR,ERR,ERR,ERR,ERR,ERR,ERR,ERR,ERR,ERR,ERR,ERR,ERR,ERR,ERR,ERR,ERR,ERR,ERR,ERR,ERR,ERR,ERR,ERR,ERR,ERR,ERR,ERR,ERR,ERR,ERR,ERR,ERR,ERR,ERR,ERR,ERR,ERR,ERR,ERR,ERR,ERR,ERR,ERR,ERR,ERR,ERR,ERR,ERR,ERR,ERR,ERR,ERR,ERR,ERR,ERR,ERR,ERR,ERR,ERR,ERR,ERR,ERR,ERR,ERR,ERR,ERR,ERR,-107615240.0,0.0,-117832800.0,0.0,0.0,0.0,0.0,nan,0,0,0,32768,0,0.0,0,0.0,0.0,0.0,0.0,0.0,0,0,0,0,0.0,0,0,0,0,0,0,0,0,0,0,0,0,0,0,0,0,0,0,0,0,0,0,0,0,0,0,0,0,0,0,0,0,0,0,0,0,0,0,0,0,0,0,0,0,0.0,0.0,0.0,0.0,0.0,0.0,0.0,0.0,0.0,0.0,0.0,0.0,0.0,0.0,0.0,0.0,0.0,0.0,0.0,0.0,0.0,0.0,2.004,-0.0,0.0,-2.004,0.0,0.0,0.0,0.0,3355.5,8608105472.0,0.0,-107615240.0,0.0,-107615232.0,-0.0,0.0,0.0,0.0,0.0,0,0.0,-4.950375598578833e+32,0.0,0.0,0.0,0.0,0.0,0.0,0.0,0,0,0,0.0,0.0,0.0,0.0,0.0,0.0,0.0,0.0,0.0,0.0,0.0,0.0,0.0,0.0,0.0,0.0,0,-107875648.0,0,0.0,0,-107875648.0,0.0,0,39322,17038,52429,17052,26215,17037,0,0,0,110,100,100,0.0,64.1,0.0,64.8,-0.0,68.5,1,49,50,180,0,13107,0,0,0.0,0.0,0.0,0.0,6.429052286507829e+21,65.5,0.0,-0.0,0.0,645,0,685,0,0,0,713,0,784,0,707,0,688,0,645,0,640,0,619,0.032,36700160.0,-2.004,-0.0,53136,16789,1.2113796689219968e+24,-2.716038705338944e+32,-0.0,1.338,-995092919746560.0,0.0,29.0,60.0,70,0.0,0.0,0.0,0.0,0.0,0.0,0.0,0.0,0.0,0.0,0.0,0.0,0.0,0.0,0.0,0.0,59.2,68,12,65509,41,65476,0,300,0,0,8,20529,65476,0,0,61604,60.0,0.0,0.0,0.0,0.0,0.0
2026-04-04T11:53:21,ERR,ERR,ERR,ERR,ERR,ERR,ERR,ERR,ERR,ERR,ERR,ERR,ERR,ERR,ERR,ERR,ERR,ERR,ERR,ERR,ERR,ERR,ERR,ERR,ERR,ERR,ERR,ERR,ERR,ERR,ERR,ERR,ERR,ERR,ERR,ERR,ERR,ERR,ERR,ERR,ERR,ERR,ERR,ERR,ERR,ERR,ERR,ERR,ERR,ERR,ERR,ERR,ERR,ERR,ERR,ERR,ERR,ERR,ERR,ERR,ERR,ERR,ERR,ERR,ERR,ERR,ERR,ERR,ERR,ERR,ERR,ERR,ERR,ERR,ERR,ERR,ERR,ERR,ERR,ERR,ERR,ERR,ERR,ERR,ERR,ERR,ERR,ERR,ERR,ERR,ERR,ERR,ERR,ERR,ERR,ERR,ERR,ERR,ERR,ERR,ERR,ERR,ERR,ERR,ERR,ERR,ERR,ERR,ERR,ERR,ERR,ERR,ERR,ERR,ERR,ERR,ERR,ERR,ERR,ERR,ERR,ERR,ERR,ERR,ERR,-107615240.0,0.0,-117832800.0,0.0,0.0,0.0,0.0,nan,0,0,0,32768,0,0.0,0,0.0,0.0,0.0,0.0,0.0,0,0,0,0,0.0,0,0,0,0,0,0,0,0,0,0,0,0,0,0,0,0,0,0,0,0,0,0,0,0,0,0,0,0,0,0,0,0,0,0,0,0,0,0,0,0,0,0,0,0,0.0,0.0,0.0,0.0,0.0,0.0,0.0,0.0,0.0,0.0,0.0,0.0,0.0,0.0,0.0,0.0,0.0,0.0,0.0,0.0,0.0,0.0,2.004,-0.0,0.0,-2.004,0.0,0.0,0.0,0.0,3355.5,8608105472.0,0.0,-107615240.0,0.0,-107615232.0,-0.0,0.0,0.0,0.0,0.0,0,0.0,-4.950375598578833e+32,0.0,0.0,0.0,0.0,0.0,0.0,0.0,0,0,0,0.0,0.0,0.0,0.0,0.0,0.0,0.0,0.0,0.0,0.0,0.0,0.0,0.0,0.0,0.0,0.0,0,-107875648.0,0,0.0,0,-107875648.0,0.0,0,39322,17038,52429,17052,26215,17037,0,0,0,110,100,100,0.0,64.1,0.0,64.8,-0.0,68.5,1,49,50,180,0,13107,0,0,0.0,0.0,0.0,0.0,6.429052286507829e+21,65.5,0.0,-0.0,0.0,645,0,685,0,0,0,713,0,784,0,707,0,688,0,645,0,640,0,619,0.032,36700160.0,-2.004,-0.0,53136,16789,1.2113796689219968e+24,-2.716038705338944e+32,-0.0,1.338,-995092919746560.0,0.0,29.0,60.0,70,0.0,0.0,0.0,0.0,0.0,0.0,0.0,0.0,0.0,0.0,0.0,0.0,0.0,0.0,0.0,0.0,59.2,68,12,65509,41,65476,0,300,0,0,8,20529,65476,0,0,61604,60.0,0.0,0.0,0.0,0.0,0.0
2026-04-04T11:53:22,ERR,ERR,ERR,ERR,ERR,ERR,ERR,ERR,ERR,ERR,ERR,ERR,ERR,ERR,ERR,ERR,ERR,ERR,ERR,ERR,ERR,ERR,ERR,ERR,ERR,ERR,ERR,ERR,ERR,ERR,ERR,ERR,ERR,ERR,ERR,ERR,ERR,ERR,ERR,ERR,ERR,ERR,ERR,ERR,ERR,ERR,ERR,ERR,ERR,ERR,ERR,ERR,ERR,ERR,ERR,ERR,ERR,ERR,ERR,ERR,ERR,ERR,ERR,ERR,ERR,ERR,ERR,ERR,ERR,ERR,ERR,ERR,ERR,ERR,ERR,ERR,ERR,ERR,ERR,ERR,ERR,ERR,ERR,ERR,ERR,ERR,ERR,ERR,ERR,ERR,ERR,ERR,ERR,ERR,ERR,ERR,ERR,ERR,ERR,ERR,ERR,ERR,ERR,ERR,ERR,ERR,ERR,ERR,ERR,ERR,ERR,ERR,ERR,ERR,ERR,ERR,ERR,ERR,ERR,ERR,ERR,ERR,ERR,ERR,ERR,-107615240.0,0.0,-117832800.0,0.0,0.0,0.0,0.0,nan,0,0,0,32768,0,0.0,0,0.0,0.0,0.0,0.0,0.0,0,0,0,0,0.0,0,0,0,0,0,0,0,0,0,0,0,0,0,0,0,0,0,0,0,0,0,0,0,0,0,0,0,0,0,0,0,0,0,0,0,0,0,0,0,0,0,0,0,0,0.0,0.0,0.0,0.0,0.0,0.0,0.0,0.0,0.0,0.0,0.0,0.0,0.0,0.0,0.0,0.0,0.0,0.0,0.0,0.0,0.0,0.0,2.004,-0.0,0.0,-2.004,0.0,0.0,0.0,0.0,3355.5,8608105472.0,0.0,-107615240.0,0.0,-107615232.0,-0.0,0.0,0.0,0.0,0.0,0,0.0,-4.950375598578833e+32,0.0,0.0,0.0,0.0,0.0,0.0,0.0,0,0,0,0.0,0.0,0.0,0.0,0.0,0.0,0.0,0.0,0.0,0.0,0.0,0.0,0.0,0.0,0.0,0.0,0,-107875648.0,0,0.0,0,-107875648.0,0.0,0,39322,17038,52429,17052,26215,17037,0,0,0,110,100,100,0.0,64.1,0.0,64.8,-0.0,68.5,1,49,50,180,0,0,0,0,0.0,0.0,0.0,0.0,1.1811679707892503e+27,65.5,0.0,-2.131808758860333e+30,0.0,645,0,685,0,0,0,713,0,784,0,707,0,688,0,646,0,640,0,619,0.032,36962304.0,-2.004,-0.0,48784,16789,1471232859963392.0,-2.131808758860333e+30,5.302695757027079e+35,2.719730272881869e+16,-0.038,-6.431938666027009e+24,29.0,60.0,70,0.0,0.0,0.0,0.0,0.0,0.0,0.0,0.0,0.0,0.0,0.0,0.0,0.0,0.0,0.0,0.0,59.2,68,12,65509,41,65476,0,300,0,0,8,20529,65476,0,0,61604,60.0,0.0,0.0,0.0,0.0,0.0
2026-04-04T11:53:23,ERR,ERR,ERR,ERR,ERR,ERR,ERR,ERR,ERR,ERR,ERR,ERR,ERR,ERR,ERR,ERR,ERR,ERR,ERR,ERR,ERR,ERR,ERR,ERR,ERR,ERR,ERR,ERR,ERR,ERR,ERR,ERR,ERR,ERR,ERR,ERR,ERR,ERR,ERR,ERR,ERR,ERR,ERR,ERR,ERR,ERR,ERR,ERR,ERR,ERR,ERR,ERR,ERR,ERR,ERR,ERR,ERR,ERR,ERR,ERR,ERR,ERR,ERR,ERR,ERR,ERR,ERR,ERR,ERR,ERR,ERR,ERR,ERR,ERR,ERR,ERR,ERR,ERR,ERR,ERR,ERR,ERR,ERR,ERR,ERR,ERR,ERR,ERR,ERR,ERR,ERR,ERR,ERR,ERR,ERR,ERR,ERR,ERR,ERR,ERR,ERR,ERR,ERR,ERR,ERR,ERR,ERR,ERR,ERR,ERR,ERR,ERR,ERR,ERR,ERR,ERR,ERR,ERR,ERR,ERR,ERR,ERR,ERR,ERR,ERR,-107615240.0,0.0,-117832800.0,0.0,0.0,0.0,0.0,nan,0,0,0,32768,0,0.0,0,0.0,0.0,0.0,0.0,0.0,0,0,0,0,0.0,0,0,0,0,0,0,0,0,0,0,0,0,0,0,0,0,0,0,0,0,0,0,0,0,0,0,0,0,0,0,0,0,0,0,0,0,0,0,0,0,0,0,0,0,0.0,0.0,0.0,0.0,0.0,0.0,0.0,0.0,0.0,0.0,0.0,0.0,0.0,0.0,0.0,0.0,0.0,0.0,0.0,0.0,0.0,0.0,2.004,-0.0,0.0,-2.004,0.0,0.0,0.0,0.0,3355.5,8608105472.0,0.0,-107615240.0,0.0,-107615232.0,-0.0,0.0,0.0,0.0,0.0,0,0.0,-4.950375598578833e+32,0.0,0.0,0.0,0.0,0.0,0.0,0.0,0,0,0,0.0,0.0,0.0,0.0,0.0,0.0,0.0,0.0,0.0,0.0,0.0,0.0,0.0,0.0,0.0,0.0,0,-107875648.0,0,0.0,0,-107875648.0,0.0,0,39322,17038,52429,17052,26215,17037,0,0,0,110,100,100,0.0,64.1,0.0,64.8,-0.0,68.5,1,49,50,180,0,0,0,0,0.0,0.0,0.0,0.0,1.1811679707892503e+27,65.5,0.0,-2.131808758860333e+30,0.0,645,0,685,0,0,0,713,0,784,0,707,0,688,0,646,0,640,0,619,0.032,36962304.0,-2.004,-0.0,48784,16789,1471232859963392.0,-2.131808758860333e+30,5.302695757027079e+35,2.719730272881869e+16,-0.038,-6.431938666027009e+24,29.0,60.0,70,0.0,0.0,0.0,0.0,0.0,0.0,0.0,0.0,0.0,0.0,0.0,0.0,0.0,0.0,0.0,0.0,59.2,68,12,65509,41,65476,0,300,0,0,8,20529,65476,0,0,61604,60.0,0.0,0.0,0.0,0.0,0.0
2026-04-04T11:53:24,ERR,ERR,ERR,ERR,ERR,ERR,ERR,ERR,ERR,ERR,ERR,ERR,ERR,ERR,ERR,ERR,ERR,ERR,ERR,ERR,ERR,ERR,ERR,ERR,ERR,ERR,ERR,ERR,ERR,ERR,ERR,ERR,ERR,ERR,ERR,ERR,ERR,ERR,ERR,ERR,ERR,ERR,ERR,ERR,ERR,ERR,ERR,ERR,ERR,ERR,ERR,ERR,ERR,ERR,ERR,ERR,ERR,ERR,ERR,ERR,ERR,ERR,ERR,ERR,ERR,ERR,ERR,ERR,ERR,ERR,ERR,ERR,ERR,ERR,ERR,ERR,ERR,ERR,ERR,ERR,ERR,ERR,ERR,ERR,ERR,ERR,ERR,ERR,ERR,ERR,ERR,ERR,ERR,ERR,ERR,ERR,ERR,ERR,ERR,ERR,ERR,ERR,ERR,ERR,ERR,ERR,ERR,ERR,ERR,ERR,ERR,ERR,ERR,ERR,ERR,ERR,ERR,ERR,ERR,ERR,ERR,ERR,ERR,ERR,ERR,-107615240.0,0.0,-117832800.0,0.0,0.0,0.0,0.0,nan,0,0,0,32768,0,0.0,0,0.0,0.0,0.0,0.0,0.0,0,0,0,0,0.0,0,0,0,0,0,0,0,0,0,0,0,0,0,0,0,0,0,0,0,0,0,0,0,0,0,0,0,0,0,0,0,0,0,0,0,0,0,0,0,0,0,0,0,0,0.0,0.0,0.0,0.0,0.0,0.0,0.0,0.0,0.0,0.0,0.0,0.0,0.0,0.0,0.0,0.0,0.0,0.0,0.0,0.0,0.0,0.0,2.004,-0.0,0.0,-2.004,0.0,0.0,0.0,0.0,3355.5,0.0,0.0,-107615240.0,0.0,-107615232.0,-0.0,0.0,0.0,0.0,0.0,0,0.0,-4.950375598578833e+32,0.0,0.0,0.0,0.0,0.0,0.0,0.0,0,0,0,0.0,0.0,0.0,0.0,0.0,0.0,0.0,0.0,0.0,0.0,0.0,0.0,0.0,0.0,0.0,0.0,0,-107875648.0,0,0.0,0,-107875648.0,0.0,0,39322,17038,52429,17052,26215,17037,0,0,0,110,100,100,0.0,64.1,0.0,64.8,-0.0,68.5,1,49,50,180,0,0,0,0,0.0,0.0,0.0,0.0,1.1811679707892503e+27,65.5,0.0,-2.131808758860333e+30,0.0,645,0,685,0,0,0,713,0,784,0,707,0,688,0,646,0,640,0,619,0.032,36962304.0,-2.004,-0.0,48784,16789,1471232859963392.0,-2.131808758860333e+30,5.302695757027079e+35,2.719730272881869e+16,-0.038,-6.431938666027009e+24,29.0,60.0,70,0.0,0.0,0.0,0.0,0.0,0.0,0.0,0.0,0.0,0.0,0.0,0.0,0.0,0.0,0.0,0.0,59.2,68,12,65509,41,65476,0,300,0,0,8,20529,65476,0,0,61604,60.0,0.0,0.0,0.0,0.0,0.0
2026-04-04T11:53:25,ERR,ERR,ERR,ERR,ERR,ERR,ERR,ERR,ERR,ERR,ERR,ERR,ERR,ERR,ERR,ERR,ERR,ERR,ERR,ERR,ERR,ERR,ERR,ERR,ERR,ERR,ERR,ERR,ERR,ERR,ERR,ERR,ERR,ERR,ERR,ERR,ERR,ERR,ERR,ERR,ERR,ERR,ERR,ERR,ERR,ERR,ERR,ERR,ERR,ERR,ERR,ERR,ERR,ERR,ERR,ERR,ERR,ERR,ERR,ERR,ERR,ERR,ERR,ERR,ERR,ERR,ERR,ERR,ERR,ERR,ERR,ERR,ERR,ERR,ERR,ERR,ERR,ERR,ERR,ERR,ERR,ERR,ERR,ERR,ERR,ERR,ERR,ERR,ERR,ERR,ERR,ERR,ERR,ERR,ERR,ERR,ERR,ERR,ERR,ERR,ERR,ERR,ERR,ERR,ERR,ERR,ERR,ERR,ERR,ERR,ERR,ERR,ERR,ERR,ERR,ERR,ERR,ERR,ERR,ERR,ERR,ERR,ERR,ERR,ERR,-107615240.0,0.0,-117832800.0,0.0,0.0,0.0,0.0,nan,0,0,0,32768,0,0.0,0,0.0,0.0,0.0,0.0,0.0,0,0,0,0,0.0,0,0,0,0,0,0,0,0,0,0,0,0,0,0,0,0,0,0,0,0,0,0,0,0,0,0,0,0,0,0,0,0,0,0,0,0,0,0,0,0,0,0,0,0,0.0,0.0,0.0,0.0,0.0,0.0,0.0,0.0,0.0,0.0,0.0,0.0,0.0,0.0,0.0,0.0,0.0,0.0,0.0,0.0,0.0,0.0,2.004,-0.0,0.0,-2.004,0.0,0.0,0.0,0.0,3355.5,0.0,0.0,-107615240.0,0.0,-107615232.0,-0.0,0.0,0.0,0.0,0.0,0,0.0,-4.950375598578833e+32,0.0,0.0,0.0,0.0,0.0,0.0,0.0,0,0,0,0.0,0.0,0.0,0.0,0.0,0.0,0.0,0.0,0.0,0.0,0.0,0.0,0.0,0.0,0.0,0.0,0,-107875648.0,0,0.0,0,-107875648.0,0.0,0,39322,17038,52429,17052,26215,17037,0,0,0,110,100,100,0.0,64.1,0.0,64.8,-0.0,68.5,1,49,50,180,0,0,0,0,0.0,0.0,0.0,0.0,1.1811679707892503e+27,65.5,0.0,-2.131808758860333e+30,0.0,645,0,685,0,0,0,713,0,784,0,707,0,688,0,646,0,640,0,619,0.032,36962304.0,-2.004,-0.0,48784,16789,1471232859963392.0,-2.131808758860333e+30,5.302695757027079e+35,2.719730272881869e+16,-0.038,-6.431938666027009e+24,29.0,60.0,70,0.0,0.0,0.0,0.0,0.0,0.0,0.0,0.0,0.0,0.0,0.0,0.0,0.0,0.0,0.0,0.0,59.2,68,12,65509,41,65476,0,300,0,0,8,20529,65476,0,0,61604,60.0,0.0,0.0,0.0,0.0,0.0
2026-04-04T11:53:26,ERR,ERR,ERR,ERR,ERR,ERR,ERR,ERR,ERR,ERR,ERR,ERR,ERR,ERR,ERR,ERR,ERR,ERR,ERR,ERR,ERR,ERR,ERR,ERR,ERR,ERR,ERR,ERR,ERR,ERR,ERR,ERR,ERR,ERR,ERR,ERR,ERR,ERR,ERR,ERR,ERR,ERR,ERR,ERR,ERR,ERR,ERR,ERR,ERR,ERR,ERR,ERR,ERR,ERR,ERR,ERR,ERR,ERR,ERR,ERR,ERR,ERR,ERR,ERR,ERR,ERR,ERR,ERR,ERR,ERR,ERR,ERR,ERR,ERR,ERR,ERR,ERR,ERR,ERR,ERR,ERR,ERR,ERR,ERR,ERR,ERR,ERR,ERR,ERR,ERR,ERR,ERR,ERR,ERR,ERR,ERR,ERR,ERR,ERR,ERR,ERR,ERR,ERR,ERR,ERR,ERR,ERR,ERR,ERR,ERR,ERR,ERR,ERR,ERR,ERR,ERR,ERR,ERR,ERR,ERR,ERR,ERR,ERR,ERR,ERR,-107615240.0,0.0,-117832800.0,0.0,0.0,0.0,0.0,nan,0,0,0,32768,0,0.0,0,0.0,0.0,0.0,0.0,0.0,0,0,0,0,0.0,0,0,0,0,0,0,0,0,0,0,0,0,0,0,0,0,0,0,0,0,0,0,0,0,0,0,0,0,0,0,0,0,0,0,0,0,0,0,0,0,0,0,0,0,0.0,0.0,0.0,0.0,0.0,0.0,0.0,0.0,0.0,0.0,0.0,0.0,0.0,0.0,0.0,0.0,0.0,0.0,0.0,0.0,0.0,0.0,2.004,-0.0,0.0,-2.004,0.0,0.0,0.0,0.0,3355.5,0.0,0.0,-107615240.0,0.0,-107615232.0,-0.0,0.0,0.0,0.0,0.0,0,0.0,-4.950375598578833e+32,0.0,0.0,0.0,0.0,0.0,0.0,0.0,0,0,0,0.0,0.0,0.0,0.0,0.0,0.0,0.0,0.0,0.0,0.0,0.0,0.0,0.0,0.0,0.0,0.0,0,-107875648.0,0,0.0,0,-107875648.0,0.0,0,39322,17038,52429,17052,26215,17037,0,0,0,110,100,100,0.0,64.1,0.0,64.8,-0.0,68.5,1,49,50,180,0,0,0,0,0.0,0.0,0.0,0.0,1.1811679707892503e+27,65.5,0.0,-2.131808758860333e+30,0.0,645,0,685,0,0,0,713,0,784,0,707,0,688,0,646,0,640,0,619,0.032,36962304.0,-2.004,-0.0,48784,16789,1471232859963392.0,-2.131808758860333e+30,5.302695757027079e+35,2.719730272881869e+16,-0.038,-6.431938666027009e+24,29.0,60.0,70,0.0,0.0,0.0,0.0,0.0,0.0,0.0,0.0,0.0,0.0,0.0,0.0,0.0,0.0,0.0,0.0,59.2,68,12,65509,41,65476,0,300,0,0,8,20529,65476,0,0,61604,60.0,0.0,0.0,0.0,0.0,0.0
2026-04-04T11:53:27,ERR,ERR,ERR,ERR,ERR,ERR,ERR,ERR,ERR,ERR,ERR,ERR,ERR,ERR,ERR,ERR,ERR,ERR,ERR,ERR,ERR,ERR,ERR,ERR,ERR,ERR,ERR,ERR,ERR,ERR,ERR,ERR,ERR,ERR,ERR,ERR,ERR,ERR,ERR,ERR,ERR,ERR,ERR,ERR,ERR,ERR,ERR,ERR,ERR,ERR,ERR,ERR,ERR,ERR,ERR,ERR,ERR,ERR,ERR,ERR,ERR,ERR,ERR,ERR,ERR,ERR,ERR,ERR,ERR,ERR,ERR,ERR,ERR,ERR,ERR,ERR,ERR,ERR,ERR,ERR,ERR,ERR,ERR,ERR,ERR,ERR,ERR,ERR,ERR,ERR,ERR,ERR,ERR,ERR,ERR,ERR,ERR,ERR,ERR,ERR,ERR,ERR,ERR,ERR,ERR,ERR,ERR,ERR,ERR,ERR,ERR,ERR,ERR,ERR,ERR,ERR,ERR,ERR,ERR,ERR,ERR,ERR,ERR,ERR,ERR,-107615240.0,0.0,-117832800.0,0.0,0.0,0.0,0.0,nan,0,0,0,32768,0,0.0,0,0.0,0.0,0.0,0.0,0.0,0,0,0,0,0.0,0,0,0,0,0,0,0,0,0,0,0,0,0,0,0,0,0,0,0,0,0,0,0,0,0,0,0,0,0,0,0,0,0,0,0,0,0,0,0,0,0,0,0,0,0.0,0.0,0.0,0.0,0.0,0.0,0.0,0.0,0.0,0.0,0.0,0.0,0.0,0.0,0.0,0.0,0.0,0.0,0.0,0.0,0.0,0.0,2.004,-0.0,0.0,-2.004,0.0,0.0,0.0,0.0,3355.5,0.0,0.0,-107615240.0,0.0,-107615232.0,-0.0,0.0,0.0,0.0,0.0,0,0.0,-4.950375598578833e+32,0.0,0.0,0.0,0.0,0.0,0.0,0.0,0,0,0,0.0,0.0,0.0,0.0,0.0,0.0,0.0,0.0,0.0,0.0,0.0,0.0,0.0,0.0,0.0,0.0,0,-107875648.0,0,0.0,0,-107875648.0,0.0,0,39322,17038,52429,17052,26215,17037,0,0,0,110,100,100,0.0,64.1,0.0,64.8,-0.0,68.5,1,49,50,180,0,0,0,0,0.0,0.0,0.0,0.0,1.1811679707892503e+27,65.5,0.0,-2.131808758860333e+30,0.0,645,0,685,0,0,0,713,0,784,0,707,0,688,0,646,0,640,0,619,0.032,36962304.0,-2.004,-0.0,48784,16789,1471232859963392.0,-2.131808758860333e+30,5.302695757027079e+35,2.719730272881869e+16,-0.038,-6.431938666027009e+24,29.0,60.0,70,0.0,0.0,0.0,0.0,0.0,0.0,0.0,0.0,0.0,0.0,0.0,0.0,0.0,0.0,0.0,0.0,59.2,68,12,65509,41,65476,0,300,0,0,8,20529,65476,0,0,61604,60.0,0.0,0.0,0.0,0.0,0.0
2026-04-04T11:53:28,ERR,ERR,ERR,ERR,ERR,ERR,ERR,ERR,ERR,ERR,ERR,ERR,ERR,ERR,ERR,ERR,ERR,ERR,ERR,ERR,ERR,ERR,ERR,ERR,ERR,ERR,ERR,ERR,ERR,ERR,ERR,ERR,ERR,ERR,ERR,ERR,ERR,ERR,ERR,ERR,ERR,ERR,ERR,ERR,ERR,ERR,ERR,ERR,ERR,ERR,ERR,ERR,ERR,ERR,ERR,ERR,ERR,ERR,ERR,ERR,ERR,ERR,ERR,ERR,ERR,ERR,ERR,ERR,ERR,ERR,ERR,ERR,ERR,ERR,ERR,ERR,ERR,ERR,ERR,ERR,ERR,ERR,ERR,ERR,ERR,ERR,ERR,ERR,ERR,ERR,ERR,ERR,ERR,ERR,ERR,ERR,ERR,ERR,ERR,ERR,ERR,ERR,ERR,ERR,ERR,ERR,ERR,ERR,ERR,ERR,ERR,ERR,ERR,ERR,ERR,ERR,ERR,ERR,ERR,ERR,ERR,ERR,ERR,ERR,ERR,-107615240.0,0.0,-117832800.0,0.0,0.0,0.0,0.0,nan,0,0,0,32768,0,0.0,0,0.0,0.0,0.0,0.0,0.0,0,0,0,0,0.0,0,0,0,0,0,0,0,0,0,0,0,0,0,0,0,0,0,0,0,0,0,0,0,0,0,0,0,0,0,0,0,0,0,0,0,0,0,0,0,0,0,0,0,0,0.0,0.0,0.0,0.0,0.0,0.0,0.0,0.0,0.0,0.0,0.0,0.0,0.0,0.0,0.0,0.0,0.0,0.0,0.0,0.0,0.0,0.0,2.004,-0.0,0.0,-2.004,0.0,0.0,0.0,0.0,3355.5,0.0,0.0,-107615240.0,0.0,-107615232.0,-0.0,0.0,0.0,0.0,0.0,0,0.0,-4.950375598578833e+32,0.0,0.0,0.0,0.0,0.0,0.0,0.0,0,0,0,0.0,0.0,0.0,0.0,0.0,0.0,0.0,0.0,0.0,0.0,0.0,0.0,0.0,0.0,0.0,0.0,0,-107875648.0,0,0.0,0,-107875648.0,0.0,0,39322,17038,52429,17052,26215,17037,0,0,0,110,100,100,0.0,64.1,0.0,64.8,-0.0,68.5,1,49,50,180,0,13107,0,0,0.0,0.0,0.0,0.0,2.3069686929477545e+24,65.5,0.0,1.4852567488021056e+24,0.0,645,0,686,0,0,0,713,0,784,0,707,0,688,0,645,0,640,0,619,0.032,36962304.0,-2.004,-0.0,53392,16789,1.2113796689219968e+24,1.4852567488021056e+24,516612.938,131.248,-0.0,-6.445,29.0,60.0,70,0.0,0.0,0.0,0.0,0.0,0.0,0.0,0.0,0.0,0.0,0.0,0.0,0.0,0.0,0.0,0.0,59.2,68,12,65509,41,65476,0,300,0,0,8,20529,65476,0,0,61604,60.0,0.0,0.0,0.0,0.0,0.0
2026-04-04T11:53:29,ERR,ERR,ERR,ERR,ERR,ERR,ERR,ERR,ERR,ERR,ERR,ERR,ERR,ERR,ERR,ERR,ERR,ERR,ERR,ERR,ERR,ERR,ERR,ERR,ERR,ERR,ERR,ERR,ERR,ERR,ERR,ERR,ERR,ERR,ERR,ERR,ERR,ERR,ERR,ERR,ERR,ERR,ERR,ERR,ERR,ERR,ERR,ERR,ERR,ERR,ERR,ERR,ERR,ERR,ERR,ERR,ERR,ERR,ERR,ERR,ERR,ERR,ERR,ERR,ERR,ERR,ERR,ERR,ERR,ERR,ERR,ERR,ERR,ERR,ERR,ERR,ERR,ERR,ERR,ERR,ERR,ERR,ERR,ERR,ERR,ERR,ERR,ERR,ERR,ERR,ERR,ERR,ERR,ERR,ERR,ERR,ERR,ERR,ERR,ERR,ERR,ERR,ERR,ERR,ERR,ERR,ERR,ERR,ERR,ERR,ERR,ERR,ERR,ERR,ERR,ERR,ERR,ERR,ERR,ERR,ERR,ERR,ERR,ERR,ERR,-107615240.0,0.0,-117832800.0,0.0,0.0,0.0,0.0,nan,0,0,0,32768,0,0.0,0,0.0,0.0,0.0,0.0,0.0,0,0,0,0,0.0,0,0,0,0,0,0,0,0,0,0,0,0,0,0,0,0,0,0,0,0,0,0,0,0,0,0,0,0,0,0,0,0,0,0,0,0,0,0,0,0,0,0,0,0,0.0,0.0,0.0,0.0,0.0,0.0,0.0,0.0,0.0,0.0,0.0,0.0,0.0,0.0,0.0,0.0,0.0,0.0,0.0,0.0,0.0,0.0,2.004,-0.0,0.0,-2.004,0.0,0.0,0.0,0.0,3355.5,0.0,0.0,-107615240.0,0.0,-107615232.0,-0.0,0.0,0.0,0.0,0.0,0,0.0,-4.950375598578833e+32,0.0,0.0,0.0,0.0,0.0,0.0,0.0,0,0,0,0.0,0.0,0.0,0.0,0.0,0.0,0.0,0.0,0.0,0.0,0.0,0.0,0.0,0.0,0.0,0.0,0,-107875648.0,0,0.0,0,-107875648.0,0.0,0,39322,17038,52429,17052,26215,17037,0,0,0,110,100,100,0.0,64.1,0.0,64.8,-0.0,68.5,1,49,50,180,0,13107,0,0,0.0,0.0,0.0,0.0,2.3069686929477545e+24,65.5,0.0,1.4852567488021056e+24,0.0,645,0,686,0,0,0,713,0,784,0,707,0,688,0,645,0,640,0,619,0.032,36962304.0,-2.004,-0.0,53392,16789,1.2113796689219968e+24,1.4852567488021056e+24,516612.938,131.248,-0.0,-6.445,29.0,60.0,70,0.0,0.0,0.0,0.0,0.0,0.0,0.0,0.0,0.0,0.0,0.0,0.0,0.0,0.0,0.0,0.0,59.2,68,12,65509,41,65476,0,300,0,0,8,20529,65476,0,0,61604,60.0,0.0,0.0,0.0,0.0,0.0
2026-04-04T11:53:30,ERR,ERR,ERR,ERR,ERR,ERR,ERR,ERR,ERR,ERR,ERR,ERR,ERR,ERR,ERR,ERR,ERR,ERR,ERR,ERR,ERR,ERR,ERR,ERR,ERR,ERR,ERR,ERR,ERR,ERR,ERR,ERR,ERR,ERR,ERR,ERR,ERR,ERR,ERR,ERR,ERR,ERR,ERR,ERR,ERR,ERR,ERR,ERR,ERR,ERR,ERR,ERR,ERR,ERR,ERR,ERR,ERR,ERR,ERR,ERR,ERR,ERR,ERR,ERR,ERR,ERR,ERR,ERR,ERR,ERR,ERR,ERR,ERR,ERR,ERR,ERR,ERR,ERR,ERR,ERR,ERR,ERR,ERR,ERR,ERR,ERR,ERR,ERR,ERR,ERR,ERR,ERR,ERR,ERR,ERR,ERR,ERR,ERR,ERR,ERR,ERR,ERR,ERR,ERR,ERR,ERR,ERR,ERR,ERR,ERR,ERR,ERR,ERR,ERR,ERR,ERR,ERR,ERR,ERR,ERR,ERR,ERR,ERR,ERR,ERR,-107615240.0,0.0,-117832800.0,0.0,0.0,0.0,0.0,nan,0,0,0,32768,0,0.0,0,0.0,0.0,0.0,0.0,0.0,0,0,0,0,0.0,0,0,0,0,0,0,0,0,0,0,0,0,0,0,0,0,0,0,0,0,0,0,0,0,0,0,0,0,0,0,0,0,0,0,0,0,0,0,0,0,0,0,0,0,0.0,0.0,0.0,0.0,0.0,0.0,0.0,0.0,0.0,0.0,0.0,0.0,0.0,0.0,0.0,0.0,0.0,0.0,0.0,0.0,0.0,0.0,2.004,-0.0,0.0,-2.004,0.0,0.0,0.0,0.0,3355.5,0.0,0.0,-107615240.0,0.0,-107615232.0,-0.0,0.0,0.0,0.0,0.0,0,0.0,-4.950375598578833e+32,0.0,0.0,0.0,0.0,0.0,0.0,0.0,0,0,0,0.0,0.0,0.0,0.0,0.0,0.0,0.0,0.0,0.0,0.0,0.0,0.0,0.0,0.0,0.0,0.0,0,-107875648.0,0,0.0,0,-107875648.0,0.0,0,39322,17038,52429,17052,26215,17037,0,0,0,110,100,100,0.0,64.1,0.0,64.8,-0.0,68.5,1,49,50,180,0,13107,0,0,0.0,0.0,0.0,0.0,2.3069686929477545e+24,65.5,0.0,1.4852567488021056e+24,0.0,645,0,686,0,0,0,713,0,784,0,707,0,688,0,645,0,640,0,619,0.032,36962304.0,-2.004,-0.0,53392,16789,1.2113796689219968e+24,1.4852567488021056e+24,516612.938,131.248,-0.0,-6.445,29.0,60.0,70,0.0,0.0,0.0,0.0,0.0,0.0,0.0,0.0,0.0,0.0,0.0,0.0,0.0,0.0,0.0,0.0,59.2,68,12,65509,41,65476,0,300,0,0,8,20529,65476,0,0,61604,60.0,0.0,0.0,0.0,0.0,0.0
2026-04-04T11:53:31,ERR,ERR,ERR,ERR,ERR,ERR,ERR,ERR,ERR,ERR,ERR,ERR,ERR,ERR,ERR,ERR,ERR,ERR,ERR,ERR,ERR,ERR,ERR,ERR,ERR,ERR,ERR,ERR,ERR,ERR,ERR,ERR,ERR,ERR,ERR,ERR,ERR,ERR,ERR,ERR,ERR,ERR,ERR,ERR,ERR,ERR,ERR,ERR,ERR,ERR,ERR,ERR,ERR,ERR,ERR,ERR,ERR,ERR,ERR,ERR,ERR,ERR,ERR,ERR,ERR,ERR,ERR,ERR,ERR,ERR,ERR,ERR,ERR,ERR,ERR,ERR,ERR,ERR,ERR,ERR,ERR,ERR,ERR,ERR,ERR,ERR,ERR,ERR,ERR,ERR,ERR,ERR,ERR,ERR,ERR,ERR,ERR,ERR,ERR,ERR,ERR,ERR,ERR,ERR,ERR,ERR,ERR,ERR,ERR,ERR,ERR,ERR,ERR,ERR,ERR,ERR,ERR,ERR,ERR,ERR,ERR,ERR,ERR,ERR,ERR,-107615240.0,0.0,-117832800.0,0.0,0.0,0.0,0.0,nan,0,0,0,32768,0,0.0,0,0.0,0.0,0.0,0.0,0.0,0,0,0,0,0.0,0,0,0,0,0,0,0,0,0,0,0,0,0,0,0,0,0,0,0,0,0,0,0,0,0,0,0,0,0,0,0,0,0,0,0,0,0,0,0,0,0,0,0,0,0.0,0.0,0.0,0.0,0.0,0.0,0.0,0.0,0.0,0.0,0.0,0.0,0.0,0.0,0.0,0.0,0.0,0.0,0.0,0.0,0.0,0.0,2.004,-0.0,0.0,-2.004,0.0,0.0,0.0,0.0,3359.0,-0.0,0.0,-107615240.0,0.0,-107615232.0,-0.0,0.0,0.0,0.0,0.0,0,0.0,0.0,0.0,0.0,0.0,0.0,0.0,0.0,0.0,0,0,0,0.0,0.0,0.0,0.0,0.0,0.0,0.0,0.0,0.0,0.0,0.0,0.0,0.0,0.0,0.0,0.0,0,-107875648.0,0,0.0,0,-107875648.0,0.0,0,39322,17038,52429,17052,26215,17037,0,0,0,110,100,100,0.0,64.1,0.0,64.8,-0.0,68.5,1,49,50,180,0,13107,0,0,0.0,0.0,0.0,0.0,2.3069686929477545e+24,65.5,0.0,1.4852567488021056e+24,0.0,645,0,686,0,0,0,713,0,784,0,707,0,688,0,645,0,640,0,619,0.032,36962304.0,-2.004,-0.0,53392,16789,1.2113796689219968e+24,1.4852567488021056e+24,516612.938,131.248,-0.0,-6.445,29.0,60.0,70,0.0,0.0,0.0,0.0,0.0,0.0,0.0,0.0,0.0,0.0,0.0,0.0,0.0,0.0,0.0,0.0,59.2,68,12,65509,41,65476,0,300,0,0,8,20529,65476,0,0,61604,60.0,0.0,0.0,0.0,0.0,0.0
2026-04-04T11:53:32,ERR,ERR,ERR,ERR,ERR,ERR,ERR,ERR,ERR,ERR,ERR,ERR,ERR,ERR,ERR,ERR,ERR,ERR,ERR,ERR,ERR,ERR,ERR,ERR,ERR,ERR,ERR,ERR,ERR,ERR,ERR,ERR,ERR,ERR,ERR,ERR,ERR,ERR,ERR,ERR,ERR,ERR,ERR,ERR,ERR,ERR,ERR,ERR,ERR,ERR,ERR,ERR,ERR,ERR,ERR,ERR,ERR,ERR,ERR,ERR,ERR,ERR,ERR,ERR,ERR,ERR,ERR,ERR,ERR,ERR,ERR,ERR,ERR,ERR,ERR,ERR,ERR,ERR,ERR,ERR,ERR,ERR,ERR,ERR,ERR,ERR,ERR,ERR,ERR,ERR,ERR,ERR,ERR,ERR,ERR,ERR,ERR,ERR,ERR,ERR,ERR,ERR,ERR,ERR,ERR,ERR,ERR,ERR,ERR,ERR,ERR,ERR,ERR,ERR,ERR,ERR,ERR,ERR,ERR,ERR,ERR,ERR,ERR,ERR,ERR,-107615240.0,0.0,-117832800.0,0.0,0.0,0.0,0.0,nan,0,0,0,32768,0,0.0,0,0.0,0.0,0.0,0.0,0.0,0,0,0,0,0.0,0,0,0,0,0,0,0,0,0,0,0,0,0,0,0,0,0,0,0,0,0,0,0,0,0,0,0,0,0,0,0,0,0,0,0,0,0,0,0,0,0,0,0,0,0.0,0.0,0.0,0.0,0.0,0.0,0.0,0.0,0.0,0.0,0.0,0.0,0.0,0.0,0.0,0.0,0.0,0.0,0.0,0.0,0.0,0.0,2.004,-0.0,0.0,-2.004,0.0,0.0,0.0,0.0,3359.0,-0.0,0.0,-107615240.0,0.0,-107615232.0,-0.0,0.0,0.0,0.0,0.0,0,0.0,0.0,0.0,0.0,0.0,0.0,0.0,0.0,0.0,0,0,0,0.0,0.0,0.0,0.0,0.0,0.0,0.0,0.0,0.0,0.0,0.0,0.0,0.0,0.0,0.0,0.0,0,-107875648.0,0,0.0,0,-107875648.0,0.0,0,39322,17038,52429,17052,26215,17037,0,0,0,110,100,100,0.0,64.0,0.0,64.8,-0.0,68.5,1,49,50,180,0,0,0,0,0.0,0.0,0.0,0.0,1.7188256181387264e+16,65.5,0.0,0.0,0.0,645,0,685,0,0,0,713,0,784,0,707,0,688,0,645,0,640,0,619,0.032,36962304.0,-2.004,-0.0,50832,16789,1.7188256181387264e+16,0.0,-1.1153958379807326e+30,27145316352.0,1.9510213281077715e+23,4.9248732600570295e+32,29.0,60.0,70,0.0,0.0,0.0,0.0,0.0,0.0,0.0,0.0,0.0,0.0,0.0,0.0,0.0,0.0,0.0,0.0,59.2,68,12,65509,41,65476,0,300,0,0,8,20529,65476,0,0,61604,60.0,0.0,0.0,0.0,0.0,0.0
2026-04-04T11:53:33,ERR,ERR,ERR,ERR,ERR,ERR,ERR,ERR,ERR,ERR,ERR,ERR,ERR,ERR,ERR,ERR,ERR,ERR,ERR,ERR,ERR,ERR,ERR,ERR,ERR,ERR,ERR,ERR,ERR,ERR,ERR,ERR,ERR,ERR,ERR,ERR,ERR,ERR,ERR,ERR,ERR,ERR,ERR,ERR,ERR,ERR,ERR,ERR,ERR,ERR,ERR,ERR,ERR,ERR,ERR,ERR,ERR,ERR,ERR,ERR,ERR,ERR,ERR,ERR,ERR,ERR,ERR,ERR,ERR,ERR,ERR,ERR,ERR,ERR,ERR,ERR,ERR,ERR,ERR,ERR,ERR,ERR,ERR,ERR,ERR,ERR,ERR,ERR,ERR,ERR,ERR,ERR,ERR,ERR,ERR,ERR,ERR,ERR,ERR,ERR,ERR,ERR,ERR,ERR,ERR,ERR,ERR,ERR,ERR,ERR,ERR,ERR,ERR,ERR,ERR,ERR,ERR,ERR,ERR,ERR,ERR,ERR,ERR,ERR,ERR,-107615240.0,0.0,-117832800.0,0.0,0.0,0.0,0.0,nan,0,0,0,32768,0,0.0,0,0.0,0.0,0.0,0.0,0.0,0,0,0,0,0.0,0,0,0,0,0,0,0,0,0,0,0,0,0,0,0,0,0,0,0,0,0,0,0,0,0,0,0,0,0,0,0,0,0,0,0,0,0,0,0,0,0,0,0,0,0.0,0.0,0.0,0.0,0.0,0.0,0.0,0.0,0.0,0.0,0.0,0.0,0.0,0.0,0.0,0.0,0.0,0.0,0.0,0.0,0.0,0.0,2.004,-0.0,0.0,-2.004,0.0,0.0,0.0,0.0,3359.0,-0.0,0.0,-107615240.0,0.0,-107615232.0,-0.0,0.0,0.0,0.0,0.0,0,0.0,0.0,0.0,0.0,0.0,0.0,0.0,0.0,0.0,0,0,0,0.0,0.0,0.0,0.0,0.0,0.0,0.0,0.0,0.0,0.0,0.0,0.0,0.0,0.0,0.0,0.0,0,-107875648.0,0,0.0,0,-107875648.0,0.0,0,39322,17038,52429,17052,26215,17037,0,0,0,110,100,100,0.0,64.0,0.0,64.8,-0.0,68.5,1,49,50,180,0,0,0,0,0.0,0.0,0.0,0.0,1.7188256181387264e+16,65.5,0.0,0.0,0.0,645,0,685,0,0,0,713,0,784,0,707,0,688,0,645,0,640,0,619,0.032,36962304.0,-2.004,-0.0,50832,16789,1.7188256181387264e+16,0.0,-1.1153958379807326e+30,27145316352.0,1.9510213281077715e+23,4.9248732600570295e+32,29.0,60.0,70,0.0,0.0,0.0,0.0,0.0,0.0,0.0,0.0,0.0,0.0,0.0,0.0,0.0,0.0,0.0,0.0,59.2,68,12,65509,41,65476,0,300,0,0,8,20529,65476,0,0,61604,60.0,0.0,0.0,0.0,0.0,0.0
2026-04-04T11:53:34,ERR,ERR,ERR,ERR,ERR,ERR,ERR,ERR,ERR,ERR,ERR,ERR,ERR,ERR,ERR,ERR,ERR,ERR,ERR,ERR,ERR,ERR,ERR,ERR,ERR,ERR,ERR,ERR,ERR,ERR,ERR,ERR,ERR,ERR,ERR,ERR,ERR,ERR,ERR,ERR,ERR,ERR,ERR,ERR,ERR,ERR,ERR,ERR,ERR,ERR,ERR,ERR,ERR,ERR,ERR,ERR,ERR,ERR,ERR,ERR,ERR,ERR,ERR,ERR,ERR,ERR,ERR,ERR,ERR,ERR,ERR,ERR,ERR,ERR,ERR,ERR,ERR,ERR,ERR,ERR,ERR,ERR,ERR,ERR,ERR,ERR,ERR,ERR,ERR,ERR,ERR,ERR,ERR,ERR,ERR,ERR,ERR,ERR,ERR,ERR,ERR,ERR,ERR,ERR,ERR,ERR,ERR,ERR,ERR,ERR,ERR,ERR,ERR,ERR,ERR,ERR,ERR,ERR,ERR,ERR,ERR,ERR,ERR,ERR,ERR,-107615240.0,0.0,-117832800.0,0.0,0.0,0.0,0.0,nan,0,0,0,32768,0,0.0,0,0.0,0.0,0.0,0.0,0.0,0,0,0,0,0.0,0,0,0,0,0,0,0,0,0,0,0,0,0,0,0,0,0,0,0,0,0,0,0,0,0,0,0,0,0,0,0,0,0,0,0,0,0,0,0,0,0,0,0,0,0.0,0.0,0.0,0.0,0.0,0.0,0.0,0.0,0.0,0.0,0.0,0.0,0.0,0.0,0.0,0.0,0.0,0.0,0.0,0.0,0.0,0.0,2.004,-0.0,0.0,-2.004,0.0,0.0,0.0,0.0,3359.0,-0.0,0.0,-107615240.0,0.0,-107615232.0,-0.0,0.0,0.0,0.0,0.0,0,0.0,0.0,0.0,0.0,0.0,0.0,0.0,0.0,0.0,0,0,0,0.0,0.0,0.0,0.0,0.0,0.0,0.0,0.0,0.0,0.0,0.0,0.0,0.0,0.0,0.0,0.0,0,-107875648.0,0,0.0,0,-107875648.0,0.0,0,39322,17038,52429,17052,26215,17037,0,0,0,110,100,100,0.0,64.0,0.0,64.8,-0.0,68.5,1,49,50,180,0,0,0,0,0.0,0.0,0.0,0.0,1.7188256181387264e+16,65.5,0.0,0.0,0.0,645,0,685,0,0,0,713,0,784,0,707,0,688,0,645,0,640,0,619,0.032,36962304.0,-2.004,-0.0,50832,16789,1.7188256181387264e+16,0.0,-1.1153958379807326e+30,27145316352.0,1.9510213281077715e+23,4.9248732600570295e+32,29.0,60.0,70,0.0,0.0,0.0,0.0,0.0,0.0,0.0,0.0,0.0,0.0,0.0,0.0,0.0,0.0,0.0,0.0,59.2,68,12,65509,41,65476,0,300,0,0,8,20529,65476,0,0,61604,60.0,0.0,0.0,0.0,0.0,0.0
2026-04-04T11:53:35,ERR,ERR,ERR,ERR,ERR,ERR,ERR,ERR,ERR,ERR,ERR,ERR,ERR,ERR,ERR,ERR,ERR,ERR,ERR,ERR,ERR,ERR,ERR,ERR,ERR,ERR,ERR,ERR,ERR,ERR,ERR,ERR,ERR,ERR,ERR,ERR,ERR,ERR,ERR,ERR,ERR,ERR,ERR,ERR,ERR,ERR,ERR,ERR,ERR,ERR,ERR,ERR,ERR,ERR,ERR,ERR,ERR,ERR,ERR,ERR,ERR,ERR,ERR,ERR,ERR,ERR,ERR,ERR,ERR,ERR,ERR,ERR,ERR,ERR,ERR,ERR,ERR,ERR,ERR,ERR,ERR,ERR,ERR,ERR,ERR,ERR,ERR,ERR,ERR,ERR,ERR,ERR,ERR,ERR,ERR,ERR,ERR,ERR,ERR,ERR,ERR,ERR,ERR,ERR,ERR,ERR,ERR,ERR,ERR,ERR,ERR,ERR,ERR,ERR,ERR,ERR,ERR,ERR,ERR,ERR,ERR,ERR,ERR,ERR,ERR,-107615240.0,0.0,-117832800.0,0.0,0.0,0.0,0.0,nan,0,0,0,32768,0,0.0,0,0.0,0.0,0.0,0.0,0.0,0,0,0,0,0.0,0,0,0,0,0,0,0,0,0,0,0,0,0,0,0,0,0,0,0,0,0,0,0,0,0,0,0,0,0,0,0,0,0,0,0,0,0,0,0,0,0,0,0,0,0.0,0.0,0.0,0.0,0.0,0.0,0.0,0.0,0.0,0.0,0.0,0.0,0.0,0.0,0.0,0.0,0.0,0.0,0.0,0.0,0.0,0.0,2.004,-0.0,0.0,-2.004,0.0,0.0,0.0,0.0,3359.0,-0.0,0.0,-107615240.0,0.0,-107615232.0,-0.0,0.0,0.0,0.0,0.0,0,0.0,0.0,0.0,0.0,0.0,0.0,0.0,0.0,0.0,0,0,0,0.0,0.0,0.0,0.0,0.0,0.0,0.0,0.0,0.0,0.0,0.0,0.0,0.0,0.0,0.0,0.0,0,-107875648.0,0,0.0,0,-107875648.0,0.0,0,39322,17038,52429,17052,26215,17037,0,0,0,110,100,100,0.0,64.0,0.0,64.8,-0.0,68.5,1,49,50,180,0,0,0,0,0.0,0.0,0.0,0.0,1.7188256181387264e+16,65.5,0.0,0.0,0.0,645,0,685,0,0,0,713,0,784,0,707,0,688,0,645,0,640,0,619,0.032,36962304.0,-2.004,-0.0,50832,16789,1.7188256181387264e+16,0.0,-1.1153958379807326e+30,27145316352.0,1.9510213281077715e+23,4.9248732600570295e+32,29.0,60.0,70,0.0,0.0,0.0,0.0,0.0,0.0,0.0,0.0,0.0,0.0,0.0,0.0,0.0,0.0,0.0,0.0,59.2,68,12,65509,41,65476,0,300,0,0,8,20529,65476,0,0,61604,60.0,0.0,0.0,0.0,0.0,0.0
2026-04-04T11:53:36,ERR,ERR,ERR,ERR,ERR,ERR,ERR,ERR,ERR,ERR,ERR,ERR,ERR,ERR,ERR,ERR,ERR,ERR,ERR,ERR,ERR,ERR,ERR,ERR,ERR,ERR,ERR,ERR,ERR,ERR,ERR,ERR,ERR,ERR,ERR,ERR,ERR,ERR,ERR,ERR,ERR,ERR,ERR,ERR,ERR,ERR,ERR,ERR,ERR,ERR,ERR,ERR,ERR,ERR,ERR,ERR,ERR,ERR,ERR,ERR,ERR,ERR,ERR,ERR,ERR,ERR,ERR,ERR,ERR,ERR,ERR,ERR,ERR,ERR,ERR,ERR,ERR,ERR,ERR,ERR,ERR,ERR,ERR,ERR,ERR,ERR,ERR,ERR,ERR,ERR,ERR,ERR,ERR,ERR,ERR,ERR,ERR,ERR,ERR,ERR,ERR,ERR,ERR,ERR,ERR,ERR,ERR,ERR,ERR,ERR,ERR,ERR,ERR,ERR,ERR,ERR,ERR,ERR,ERR,ERR,ERR,ERR,ERR,ERR,ERR,-107615240.0,0.0,-117832800.0,0.0,0.0,0.0,0.0,nan,0,0,0,32768,0,0.0,0,0.0,0.0,0.0,0.0,0.0,0,0,0,0,0.0,0,0,0,0,0,0,0,0,0,0,0,0,0,0,0,0,0,0,0,0,0,0,0,0,0,0,0,0,0,0,0,0,0,0,0,0,0,0,0,0,0,0,0,0,0.0,0.0,0.0,0.0,0.0,0.0,0.0,0.0,0.0,0.0,0.0,0.0,0.0,0.0,0.0,0.0,0.0,0.0,0.0,0.0,0.0,0.0,2.004,-0.0,0.0,-2.004,0.0,0.0,0.0,0.0,3359.0,-0.0,0.0,-107615240.0,0.0,-107615232.0,-0.0,0.0,0.0,0.0,0.0,0,0.0,0.0,0.0,0.0,0.0,0.0,0.0,0.0,0.0,0,0,0,0.0,0.0,0.0,0.0,0.0,0.0,0.0,0.0,0.0,0.0,0.0,0.0,0.0,0.0,0.0,0.0,0,-107875648.0,0,0.0,0,-107875648.0,0.0,0,39322,17038,52429,17052,26215,17037,0,0,0,110,100,100,0.0,64.0,0.0,64.8,-0.0,68.5,1,49,50,180,0,0,0,0,0.0,0.0,0.0,0.0,1.7188256181387264e+16,65.5,0.0,0.0,0.0,645,0,685,0,0,0,713,0,784,0,707,0,688,0,645,0,640,0,619,0.032,36962304.0,-2.004,-0.0,50832,16789,1.7188256181387264e+16,0.0,-1.1153958379807326e+30,27145316352.0,1.9510213281077715e+23,4.9248732600570295e+32,29.0,60.0,70,0.0,0.0,0.0,0.0,0.0,0.0,0.0,0.0,0.0,0.0,0.0,0.0,0.0,0.0,0.0,0.0,59.2,68,12,65509,41,65476,0,300,0,0,8,20529,65476,0,0,61604,60.0,0.0,0.0,0.0,0.0,0.0
2026-04-04T11:53:37,ERR,ERR,ERR,ERR,ERR,ERR,ERR,ERR,ERR,ERR,ERR,ERR,ERR,ERR,ERR,ERR,ERR,ERR,ERR,ERR,ERR,ERR,ERR,ERR,ERR,ERR,ERR,ERR,ERR,ERR,ERR,ERR,ERR,ERR,ERR,ERR,ERR,ERR,ERR,ERR,ERR,ERR,ERR,ERR,ERR,ERR,ERR,ERR,ERR,ERR,ERR,ERR,ERR,ERR,ERR,ERR,ERR,ERR,ERR,ERR,ERR,ERR,ERR,ERR,ERR,ERR,ERR,ERR,ERR,ERR,ERR,ERR,ERR,ERR,ERR,ERR,ERR,ERR,ERR,ERR,ERR,ERR,ERR,ERR,ERR,ERR,ERR,ERR,ERR,ERR,ERR,ERR,ERR,ERR,ERR,ERR,ERR,ERR,ERR,ERR,ERR,ERR,ERR,ERR,ERR,ERR,ERR,ERR,ERR,ERR,ERR,ERR,ERR,ERR,ERR,ERR,ERR,ERR,ERR,ERR,ERR,ERR,ERR,ERR,ERR,-107615240.0,0.0,-117832800.0,0.0,0.0,0.0,0.0,nan,0,0,0,32768,0,0.0,0,0.0,0.0,0.0,0.0,0.0,0,0,0,0,0.0,0,0,0,0,0,0,0,0,0,0,0,0,0,0,0,0,0,0,0,0,0,0,0,0,0,0,0,0,0,0,0,0,0,0,0,0,0,0,0,0,0,0,0,0,0.0,0.0,0.0,0.0,0.0,0.0,0.0,0.0,0.0,0.0,0.0,0.0,0.0,0.0,0.0,0.0,0.0,0.0,0.0,0.0,0.0,0.0,2.004,-0.0,0.0,-2.004,0.0,0.0,0.0,0.0,3359.0,-0.0,0.0,-107615240.0,0.0,-107615232.0,-0.0,0.0,0.0,0.0,0.0,0,0.0,0.0,0.0,0.0,0.0,0.0,0.0,0.0,0.0,0,0,0,0.0,0.0,0.0,0.0,0.0,0.0,0.0,0.0,0.0,0.0,0.0,0.0,0.0,0.0,0.0,0.0,0,-107875648.0,0,0.0,0,-107875648.0,0.0,0,39322,17038,52429,17052,26215,17037,0,0,0,110,100,100,0.0,64.1,0.0,64.8,-0.0,68.5,1,49,50,180,0,13107,0,0,0.0,0.0,0.0,0.0,2.5660636646964444e+26,65.5,0.0,0.0,0.0,645,0,685,0,0,0,713,0,784,0,707,0,688,0,646,0,640,0,619,0.032,36700160.0,-2.004,-0.0,35088,16789,2.236607656338579e+27,8.472215430026552e+24,460150917824512.0,-1.578608686160775e+31,-0.0,-491262048.0,29.0,60.0,70,0.0,0.0,0.0,0.0,0.0,0.0,0.0,0.0,0.0,0.0,0.0,0.0,0.0,0.0,0.0,0.0,59.6,68,12,65509,41,65476,0,300,0,0,8,20529,65476,0,0,61604,60.0,0.0,0.0,0.0,0.0,0.0
2026-04-04T11:53:38,ERR,ERR,ERR,ERR,ERR,ERR,ERR,ERR,ERR,ERR,ERR,ERR,ERR,ERR,ERR,ERR,ERR,ERR,ERR,ERR,ERR,ERR,ERR,ERR,ERR,ERR,ERR,ERR,ERR,ERR,ERR,ERR,ERR,ERR,ERR,ERR,ERR,ERR,ERR,ERR,ERR,ERR,ERR,ERR,ERR,ERR,ERR,ERR,ERR,ERR,ERR,ERR,ERR,ERR,ERR,ERR,ERR,ERR,ERR,ERR,ERR,ERR,ERR,ERR,ERR,ERR,ERR,ERR,ERR,ERR,ERR,ERR,ERR,ERR,ERR,ERR,ERR,ERR,ERR,ERR,ERR,ERR,ERR,ERR,ERR,ERR,ERR,ERR,ERR,ERR,ERR,ERR,ERR,ERR,ERR,ERR,ERR,ERR,ERR,ERR,ERR,ERR,ERR,ERR,ERR,ERR,ERR,ERR,ERR,ERR,ERR,ERR,ERR,ERR,ERR,ERR,ERR,ERR,ERR,ERR,ERR,ERR,ERR,ERR,ERR,-107615240.0,0.0,-117832800.0,0.0,0.0,0.0,0.0,nan,0,0,0,32768,0,0.0,0,0.0,0.0,0.0,0.0,0.0,0,0,0,0,0.0,0,0,0,0,0,0,0,0,0,0,0,0,0,0,0,0,0,0,0,0,0,0,0,0,0,0,0,0,0,0,0,0,0,0,0,0,0,0,0,0,0,0,0,0,0.0,0.0,0.0,0.0,0.0,0.0,0.0,0.0,0.0,0.0,0.0,0.0,0.0,0.0,-2.59620661244926e+33,0.0,0.0,0.0,0.0,0.0,0.0,0.0,2.004,-0.0,0.0,-2.004,0.0,0.0,0.0,0.0,3358.0,3.697153148275864e+19,0.0,-107615240.0,0.0,-107615232.0,-0.0,0.0,0.0,0.0,0.0,0,0.0,0.0,0.0,0.0,0.0,0.0,0.0,0.0,0.0,0,0,0,0.0,0.0,0.0,0.0,0.0,0.0,0.0,0.0,0.0,0.0,0.0,0.0,0.0,0.0,0.0,0.0,0,-107875648.0,0,0.0,0,-107875648.0,0.0,0,39322,17038,52429,17052,26215,17037,0,0,0,110,100,100,0.0,64.1,0.0,64.8,-0.0,68.5,1,49,50,180,0,13107,0,0,0.0,0.0,0.0,0.0,2.5660636646964444e+26,65.5,0.0,0.0,0.0,645,0,685,0,0,0,713,0,784,0,707,0,688,0,646,0,640,0,619,0.032,36700160.0,-2.004,-0.0,35088,16789,2.236607656338579e+27,8.472215430026552e+24,460150917824512.0,-1.578608686160775e+31,-0.0,-491262048.0,29.0,60.0,70,0.0,0.0,0.0,0.0,0.0,0.0,0.0,0.0,0.0,0.0,0.0,0.0,0.0,0.0,0.0,0.0,59.6,68,12,65509,41,65476,0,300,0,0,8,20529,65476,0,0,61604,60.0,0.0,0.0,0.0,0.0,0.0
2026-04-04T11:53:39,ERR,ERR,ERR,ERR,ERR,ERR,ERR,ERR,ERR,ERR,ERR,ERR,ERR,ERR,ERR,ERR,ERR,ERR,ERR,ERR,ERR,ERR,ERR,ERR,ERR,ERR,ERR,ERR,ERR,ERR,ERR,ERR,ERR,ERR,ERR,ERR,ERR,ERR,ERR,ERR,ERR,ERR,ERR,ERR,ERR,ERR,ERR,ERR,ERR,ERR,ERR,ERR,ERR,ERR,ERR,ERR,ERR,ERR,ERR,ERR,ERR,ERR,ERR,ERR,ERR,ERR,ERR,ERR,ERR,ERR,ERR,ERR,ERR,ERR,ERR,ERR,ERR,ERR,ERR,ERR,ERR,ERR,ERR,ERR,ERR,ERR,ERR,ERR,ERR,ERR,ERR,ERR,ERR,ERR,ERR,ERR,ERR,ERR,ERR,ERR,ERR,ERR,ERR,ERR,ERR,ERR,ERR,ERR,ERR,ERR,ERR,ERR,ERR,ERR,ERR,ERR,ERR,ERR,ERR,ERR,ERR,ERR,ERR,ERR,ERR,-107615240.0,0.0,-117832800.0,0.0,0.0,0.0,0.0,nan,0,0,0,32768,0,0.0,0,0.0,0.0,0.0,0.0,0.0,0,0,0,0,0.0,0,0,0,0,0,0,0,0,0,0,0,0,0,0,0,0,0,0,0,0,0,0,0,0,0,0,0,0,0,0,0,0,0,0,0,0,0,0,0,0,0,0,0,0,0.0,0.0,0.0,0.0,0.0,0.0,0.0,0.0,0.0,0.0,0.0,0.0,0.0,0.0,-2.59620661244926e+33,0.0,0.0,0.0,0.0,0.0,0.0,0.0,2.004,-0.0,0.0,-2.004,0.0,0.0,0.0,0.0,3358.0,3.697153148275864e+19,0.0,-107615240.0,0.0,-107615232.0,-0.0,0.0,0.0,0.0,0.0,0,0.0,0.0,0.0,0.0,0.0,0.0,0.0,0.0,0.0,0,0,0,0.0,0.0,0.0,0.0,0.0,0.0,0.0,0.0,0.0,0.0,0.0,0.0,0.0,0.0,0.0,0.0,0,-107875648.0,0,0.0,0,-107875648.0,0.0,0,39322,17038,52429,17052,26215,17037,0,0,0,110,100,100,0.0,64.1,0.0,64.8,-0.0,68.5,1,49,50,180,0,13107,0,0,0.0,0.0,0.0,0.0,2.5660636646964444e+26,65.5,0.0,0.0,0.0,645,0,685,0,0,0,713,0,784,0,707,0,688,0,646,0,640,0,619,0.032,36700160.0,-2.004,-0.0,35088,16789,2.236607656338579e+27,8.472215430026552e+24,460150917824512.0,-1.578608686160775e+31,-0.0,-491262048.0,29.0,60.0,70,0.0,0.0,0.0,0.0,0.0,0.0,0.0,0.0,0.0,0.0,0.0,0.0,0.0,0.0,0.0,0.0,59.6,68,12,65509,41,65476,0,300,0,0,8,20529,65476,0,0,61604,60.0,0.0,0.0,0.0,0.0,0.0
2026-04-04T11:53:40,ERR,ERR,ERR,ERR,ERR,ERR,ERR,ERR,ERR,ERR,ERR,ERR,ERR,ERR,ERR,ERR,ERR,ERR,ERR,ERR,ERR,ERR,ERR,ERR,ERR,ERR,ERR,ERR,ERR,ERR,ERR,ERR,ERR,ERR,ERR,ERR,ERR,ERR,ERR,ERR,ERR,ERR,ERR,ERR,ERR,ERR,ERR,ERR,ERR,ERR,ERR,ERR,ERR,ERR,ERR,ERR,ERR,ERR,ERR,ERR,ERR,ERR,ERR,ERR,ERR,ERR,ERR,ERR,ERR,ERR,ERR,ERR,ERR,ERR,ERR,ERR,ERR,ERR,ERR,ERR,ERR,ERR,ERR,ERR,ERR,ERR,ERR,ERR,ERR,ERR,ERR,ERR,ERR,ERR,ERR,ERR,ERR,ERR,ERR,ERR,ERR,ERR,ERR,ERR,ERR,ERR,ERR,ERR,ERR,ERR,ERR,ERR,ERR,ERR,ERR,ERR,ERR,ERR,ERR,ERR,ERR,ERR,ERR,ERR,ERR,-107615240.0,0.0,-117832800.0,0.0,0.0,0.0,0.0,nan,0,0,0,32768,0,0.0,0,0.0,0.0,0.0,0.0,0.0,0,0,0,0,0.0,0,0,0,0,0,0,0,0,0,0,0,0,0,0,0,0,0,0,0,0,0,0,0,0,0,0,0,0,0,0,0,0,0,0,0,0,0,0,0,0,0,0,0,0,0.0,0.0,0.0,0.0,0.0,0.0,0.0,0.0,0.0,0.0,0.0,0.0,0.0,0.0,-2.59620661244926e+33,0.0,0.0,0.0,0.0,0.0,0.0,0.0,2.004,-0.0,0.0,-2.004,0.0,0.0,0.0,0.0,3358.0,3.697153148275864e+19,0.0,-107615240.0,0.0,-107615232.0,-0.0,0.0,0.0,0.0,0.0,0,0.0,0.0,0.0,0.0,0.0,0.0,0.0,0.0,0.0,0,0,0,0.0,0.0,0.0,0.0,0.0,0.0,0.0,0.0,0.0,0.0,0.0,0.0,0.0,0.0,0.0,0.0,0,-107875648.0,0,0.0,0,-107875648.0,0.0,0,39322,17038,52429,17052,26215,17037,0,0,0,110,100,100,0.0,64.1,0.0,64.8,-0.0,68.5,1,49,50,180,0,13107,0,0,0.0,0.0,0.0,0.0,2.5660636646964444e+26,65.5,0.0,0.0,0.0,645,0,685,0,0,0,713,0,784,0,707,0,688,0,646,0,640,0,619,0.032,36700160.0,-2.004,-0.0,35088,16789,2.236607656338579e+27,8.472215430026552e+24,460150917824512.0,-1.578608686160775e+31,-0.0,-491262048.0,29.0,60.0,70,0.0,0.0,0.0,0.0,0.0,0.0,0.0,0.0,0.0,0.0,0.0,0.0,0.0,0.0,0.0,0.0,59.2,68,12,65509,41,65476,0,300,0,0,8,20529,65476,0,0,61604,60.0,0.0,0.0,0.0,0.0,0.0
2026-04-04T11:53:41,ERR,ERR,ERR,ERR,ERR,ERR,ERR,ERR,ERR,ERR,ERR,ERR,ERR,ERR,ERR,ERR,ERR,ERR,ERR,ERR,ERR,ERR,ERR,ERR,ERR,ERR,ERR,ERR,ERR,ERR,ERR,ERR,ERR,ERR,ERR,ERR,ERR,ERR,ERR,ERR,ERR,ERR,ERR,ERR,ERR,ERR,ERR,ERR,ERR,ERR,ERR,ERR,ERR,ERR,ERR,ERR,ERR,ERR,ERR,ERR,ERR,ERR,ERR,ERR,ERR,ERR,ERR,ERR,ERR,ERR,ERR,ERR,ERR,ERR,ERR,ERR,ERR,ERR,ERR,ERR,ERR,ERR,ERR,ERR,ERR,ERR,ERR,ERR,ERR,ERR,ERR,ERR,ERR,ERR,ERR,ERR,ERR,ERR,ERR,ERR,ERR,ERR,ERR,ERR,ERR,ERR,ERR,ERR,ERR,ERR,ERR,ERR,ERR,ERR,ERR,ERR,ERR,ERR,ERR,ERR,ERR,ERR,ERR,ERR,ERR,-107615240.0,0.0,-117832800.0,0.0,0.0,0.0,0.0,nan,0,0,0,32768,0,0.0,0,0.0,0.0,0.0,0.0,0.0,0,0,0,0,0.0,0,0,0,0,0,0,0,0,0,0,0,0,0,0,0,0,0,0,0,0,0,0,0,0,0,0,0,0,0,0,0,0,0,0,0,0,0,0,0,0,0,0,0,0,0.0,0.0,0.0,0.0,0.0,0.0,0.0,0.0,0.0,0.0,0.0,0.0,0.0,0.0,-2.59620661244926e+33,0.0,0.0,0.0,0.0,0.0,0.0,0.0,2.004,-0.0,0.0,-2.004,0.0,0.0,0.0,0.0,3358.0,3.697153148275864e+19,0.0,-107615240.0,0.0,-107615232.0,-0.0,0.0,0.0,0.0,0.0,0,0.0,0.0,0.0,0.0,0.0,0.0,0.0,0.0,0.0,0,0,0,0.0,0.0,0.0,0.0,0.0,0.0,0.0,0.0,0.0,0.0,0.0,0.0,0.0,0.0,0.0,0.0,0,-107875648.0,0,0.0,0,-107875648.0,0.0,0,39322,17038,52429,17052,26215,17037,0,0,0,110,100,100,0.0,64.1,0.0,64.8,-0.0,68.5,1,49,50,180,0,13107,0,0,0.0,0.0,0.0,0.0,2.5660636646964444e+26,65.5,0.0,0.0,0.0,645,0,685,0,0,0,713,0,784,0,707,0,688,0,646,0,640,0,619,0.032,36700160.0,-2.004,-0.0,35088,16789,2.236607656338579e+27,8.472215430026552e+24,460150917824512.0,-1.578608686160775e+31,-0.0,-491262048.0,29.0,60.0,70,0.0,0.0,0.0,0.0,0.0,0.0,0.0,0.0,0.0,0.0,0.0,0.0,0.0,0.0,0.0,0.0,59.2,68,12,65509,41,65476,0,300,0,0,8,20529,65476,0,0,61604,60.0,0.0,0.0,0.0,0.0,0.0
2026-04-04T11:53:42,ERR,ERR,ERR,ERR,ERR,ERR,ERR,ERR,ERR,ERR,ERR,ERR,ERR,ERR,ERR,ERR,ERR,ERR,ERR,ERR,ERR,ERR,ERR,ERR,ERR,ERR,ERR,ERR,ERR,ERR,ERR,ERR,ERR,ERR,ERR,ERR,ERR,ERR,ERR,ERR,ERR,ERR,ERR,ERR,ERR,ERR,ERR,ERR,ERR,ERR,ERR,ERR,ERR,ERR,ERR,ERR,ERR,ERR,ERR,ERR,ERR,ERR,ERR,ERR,ERR,ERR,ERR,ERR,ERR,ERR,ERR,ERR,ERR,ERR,ERR,ERR,ERR,ERR,ERR,ERR,ERR,ERR,ERR,ERR,ERR,ERR,ERR,ERR,ERR,ERR,ERR,ERR,ERR,ERR,ERR,ERR,ERR,ERR,ERR,ERR,ERR,ERR,ERR,ERR,ERR,ERR,ERR,ERR,ERR,ERR,ERR,ERR,ERR,ERR,ERR,ERR,ERR,ERR,ERR,ERR,ERR,ERR,ERR,ERR,ERR,-107615240.0,0.0,-117832800.0,0.0,0.0,0.0,0.0,nan,0,0,0,32768,0,0.0,0,0.0,0.0,0.0,0.0,0.0,0,0,0,0,0.0,0,0,0,0,0,0,0,0,0,0,0,0,0,0,0,0,0,0,0,0,0,0,0,0,0,0,0,0,0,0,0,0,0,0,0,0,0,0,0,0,0,0,0,0,0.0,0.0,0.0,0.0,0.0,0.0,0.0,0.0,0.0,0.0,0.0,0.0,0.0,0.0,-2.59620661244926e+33,0.0,0.0,0.0,0.0,0.0,0.0,0.0,2.004,-0.0,0.0,-2.004,0.0,0.0,0.0,0.0,3358.0,3.697153148275864e+19,0.0,-107615240.0,0.0,-107615232.0,-0.0,0.0,0.0,0.0,0.0,0,0.0,0.0,0.0,0.0,0.0,0.0,0.0,0.0,0.0,0,0,0,0.0,0.0,0.0,0.0,0.0,0.0,0.0,0.0,0.0,0.0,0.0,0.0,0.0,0.0,0.0,0.0,0,-107875648.0,0,0.0,0,-107875648.0,0.0,0,39322,17038,52429,17052,26215,17037,0,0,0,110,100,100,0.0,64.1,0.0,64.8,-0.0,68.5,1,49,50,180,0,13107,0,0,0.0,0.0,0.0,0.0,2.5660636646964444e+26,65.5,0.0,0.0,0.0,645,0,685,0,0,0,713,0,784,0,707,0,688,0,646,0,640,0,619,0.032,36700160.0,-2.004,-0.0,35088,16789,2.236607656338579e+27,8.472215430026552e+24,460150917824512.0,-1.578608686160775e+31,-0.0,-491262048.0,29.0,60.0,70,0.0,0.0,0.0,0.0,0.0,0.0,0.0,0.0,0.0,0.0,0.0,0.0,0.0,0.0,0.0,0.0,59.2,68,12,65509,41,65476,0,300,0,0,8,20529,65476,0,0,61604,60.0,0.0,0.0,0.0,0.0,0.0
2026-04-04T11:53:43,ERR,ERR,ERR,ERR,ERR,ERR,ERR,ERR,ERR,ERR,ERR,ERR,ERR,ERR,ERR,ERR,ERR,ERR,ERR,ERR,ERR,ERR,ERR,ERR,ERR,ERR,ERR,ERR,ERR,ERR,ERR,ERR,ERR,ERR,ERR,ERR,ERR,ERR,ERR,ERR,ERR,ERR,ERR,ERR,ERR,ERR,ERR,ERR,ERR,ERR,ERR,ERR,ERR,ERR,ERR,ERR,ERR,ERR,ERR,ERR,ERR,ERR,ERR,ERR,ERR,ERR,ERR,ERR,ERR,ERR,ERR,ERR,ERR,ERR,ERR,ERR,ERR,ERR,ERR,ERR,ERR,ERR,ERR,ERR,ERR,ERR,ERR,ERR,ERR,ERR,ERR,ERR,ERR,ERR,ERR,ERR,ERR,ERR,ERR,ERR,ERR,ERR,ERR,ERR,ERR,ERR,ERR,ERR,ERR,ERR,ERR,ERR,ERR,ERR,ERR,ERR,ERR,ERR,ERR,ERR,ERR,ERR,ERR,ERR,ERR,-107615240.0,0.0,-117832800.0,0.0,0.0,0.0,0.0,nan,0,0,0,32768,0,0.0,0,0.0,0.0,0.0,0.0,0.0,0,0,0,0,0.0,0,0,0,0,0,0,0,0,0,0,0,0,0,0,0,0,0,0,0,0,0,0,0,0,0,0,0,0,0,0,0,0,0,0,0,0,0,0,0,0,0,0,0,0,0.0,0.0,0.0,0.0,0.0,0.0,0.0,0.0,0.0,0.0,0.0,0.0,0.0,0.0,-2.59620661244926e+33,0.0,0.0,0.0,0.0,0.0,0.0,0.0,2.004,-0.0,0.0,-2.004,0.0,0.0,0.0,0.0,3358.0,3.697153148275864e+19,0.0,-107615240.0,0.0,-107615232.0,-0.0,0.0,0.0,0.0,0.0,0,0.0,0.0,0.0,0.0,0.0,0.0,0.0,0.0,0.0,0,0,0,0.0,0.0,0.0,0.0,0.0,0.0,0.0,0.0,0.0,0.0,0.0,0.0,0.0,0.0,0.0,0.0,0,-107875648.0,0,0.0,0,-107875648.0,0.0,0,39322,17038,52429,17052,26215,17037,0,0,0,110,100,100,0.0,64.1,0.0,64.9,-107615304.0,68.5,1,49,50,180,0,0,0,0,0.0,0.0,0.0,0.0,6152.314,65.5,0.0,0.0,0.0,645,0,685,0,0,0,713,0,784,0,707,0,688,0,645,0,640,0,619,0.032,36700160.0,-2.004,-0.0,28560,16789,128062488.0,2.5739857477305893e+20,0.0,-4.7341368691941966e+19,1.4024153415172471e+28,-0.0,29.0,60.0,70,0.0,0.0,0.0,0.0,0.0,0.0,0.0,0.0,0.0,0.0,0.0,0.0,0.0,0.0,0.0,0.0,59.6,68,12,65509,41,65476,0,300,0,0,8,20529,65476,0,0,61604,60.0,0.0,0.0,0.0,0.0,0.0
2026-04-04T11:53:44,ERR,ERR,ERR,ERR,ERR,ERR,ERR,ERR,ERR,ERR,ERR,ERR,ERR,ERR,ERR,ERR,ERR,ERR,ERR,ERR,ERR,ERR,ERR,ERR,ERR,ERR,ERR,ERR,ERR,ERR,ERR,ERR,ERR,ERR,ERR,ERR,ERR,ERR,ERR,ERR,ERR,ERR,ERR,ERR,ERR,ERR,ERR,ERR,ERR,ERR,ERR,ERR,ERR,ERR,ERR,ERR,ERR,ERR,ERR,ERR,ERR,ERR,ERR,ERR,ERR,ERR,ERR,ERR,ERR,ERR,ERR,ERR,ERR,ERR,ERR,ERR,ERR,ERR,ERR,ERR,ERR,ERR,ERR,ERR,ERR,ERR,ERR,ERR,ERR,ERR,ERR,ERR,ERR,ERR,ERR,ERR,ERR,ERR,ERR,ERR,ERR,ERR,ERR,ERR,ERR,ERR,ERR,ERR,ERR,ERR,ERR,ERR,ERR,ERR,ERR,ERR,ERR,ERR,ERR,ERR,ERR,ERR,ERR,ERR,ERR,-107615240.0,0.0,-117832800.0,0.0,0.0,0.0,0.0,nan,0,0,0,32768,0,0.0,0,0.0,0.0,0.0,0.0,0.0,0,0,0,0,0.0,0,0,0,0,0,0,0,0,0,0,0,0,0,0,0,0,0,0,0,0,0,0,0,0,0,0,0,0,0,0,0,0,0,0,0,0,0,0,0,0,0,0,0,0,0.0,0.0,0.0,0.0,0.0,0.0,0.0,0.0,0.0,0.0,0.0,0.0,0.0,0.0,-2.59620661244926e+33,0.0,0.0,0.0,0.0,0.0,0.0,0.0,2.004,-0.0,0.0,-2.004,0.0,0.0,0.0,0.0,3358.0,3.697153148275864e+19,0.0,-107615240.0,0.0,-107615232.0,-0.0,0.0,0.0,0.0,0.0,0,0.0,0.0,0.0,0.0,0.0,0.0,0.0,0.0,0.0,0,0,0,0.0,0.0,0.0,0.0,0.0,0.0,0.0,0.0,0.0,0.0,0.0,0.0,0.0,0.0,0.0,0.0,0,-107875648.0,0,0.0,0,-107875648.0,0.0,0,39322,17038,52429,17052,26215,17037,0,0,0,110,100,100,0.0,64.1,0.0,64.9,-107615304.0,68.5,1,49,50,180,0,0,0,0,0.0,0.0,0.0,0.0,6152.314,65.5,0.0,0.0,0.0,645,0,685,0,0,0,713,0,784,0,707,0,688,0,645,0,640,0,619,0.032,36700160.0,-2.004,-0.0,28560,16789,128062488.0,2.5739857477305893e+20,0.0,-4.7341368691941966e+19,1.4024153415172471e+28,-0.0,29.0,60.0,70,0.0,0.0,0.0,0.0,0.0,0.0,0.0,0.0,0.0,0.0,0.0,0.0,0.0,0.0,0.0,0.0,59.6,68,12,65509,41,65476,0,300,0,0,8,20529,65476,0,0,61604,60.0,0.0,0.0,0.0,0.0,0.0
2026-04-04T11:53:45,ERR,ERR,ERR,ERR,ERR,ERR,ERR,ERR,ERR,ERR,ERR,ERR,ERR,ERR,ERR,ERR,ERR,ERR,ERR,ERR,ERR,ERR,ERR,ERR,ERR,ERR,ERR,ERR,ERR,ERR,ERR,ERR,ERR,ERR,ERR,ERR,ERR,ERR,ERR,ERR,ERR,ERR,ERR,ERR,ERR,ERR,ERR,ERR,ERR,ERR,ERR,ERR,ERR,ERR,ERR,ERR,ERR,ERR,ERR,ERR,ERR,ERR,ERR,ERR,ERR,ERR,ERR,ERR,ERR,ERR,ERR,ERR,ERR,ERR,ERR,ERR,ERR,ERR,ERR,ERR,ERR,ERR,ERR,ERR,ERR,ERR,ERR,ERR,ERR,ERR,ERR,ERR,ERR,ERR,ERR,ERR,ERR,ERR,ERR,ERR,ERR,ERR,ERR,ERR,ERR,ERR,ERR,ERR,ERR,ERR,ERR,ERR,ERR,ERR,ERR,ERR,ERR,ERR,ERR,ERR,ERR,ERR,ERR,ERR,ERR,-107615240.0,0.0,-117832800.0,0.0,0.0,0.0,0.0,nan,0,0,0,32768,0,0.0,0,0.0,0.0,0.0,0.0,0.0,0,0,0,0,0.0,0,0,0,0,0,0,0,0,0,0,0,0,0,0,0,0,0,0,0,0,0,0,0,0,0,0,0,0,0,0,0,0,0,0,0,0,0,0,0,0,0,0,0,0,0.0,0.0,0.0,0.0,0.0,0.0,0.0,0.0,0.0,0.0,0.0,0.0,0.0,0.0,-2.59620661244926e+33,0.0,0.0,0.0,0.0,0.0,0.0,0.0,2.004,-0.0,0.0,-2.004,0.0,0.0,0.0,0.0,3358.0,3.697153148275864e+19,0.0,-107615240.0,0.0,-107615232.0,-0.0,0.0,0.0,0.0,0.0,0,0.0,0.0,0.0,0.0,0.0,0.0,0.0,0.0,0.0,0,0,0,0.0,0.0,0.0,0.0,0.0,0.0,0.0,0.0,0.0,0.0,0.0,0.0,0.0,0.0,0.0,0.0,0,-107875648.0,0,0.0,0,-107875648.0,0.0,0,39322,17038,52429,17052,26215,17037,0,0,0,110,100,100,0.0,64.1,0.0,64.9,-107615304.0,68.5,1,49,50,180,0,0,0,0,0.0,0.0,0.0,0.0,6152.314,65.5,0.0,0.0,0.0,645,0,685,0,0,0,713,0,784,0,707,0,688,0,645,0,640,0,619,0.032,36700160.0,-2.004,-0.0,28560,16789,128062488.0,2.5739857477305893e+20,0.0,-4.7341368691941966e+19,1.4024153415172471e+28,-0.0,29.0,60.0,70,0.0,0.0,0.0,0.0,0.0,0.0,0.0,0.0,0.0,0.0,0.0,0.0,0.0,0.0,0.0,0.0,59.6,68,12,65509,41,65476,0,300,0,0,8,20529,65476,0,0,61604,60.0,0.0,0.0,0.0,0.0,0.0
2026-04-04T11:53:46,ERR,ERR,ERR,ERR,ERR,ERR,ERR,ERR,ERR,ERR,ERR,ERR,ERR,ERR,ERR,ERR,ERR,ERR,ERR,ERR,ERR,ERR,ERR,ERR,ERR,ERR,ERR,ERR,ERR,ERR,ERR,ERR,ERR,ERR,ERR,ERR,ERR,ERR,ERR,ERR,ERR,ERR,ERR,ERR,ERR,ERR,ERR,ERR,ERR,ERR,ERR,ERR,ERR,ERR,ERR,ERR,ERR,ERR,ERR,ERR,ERR,ERR,ERR,ERR,ERR,ERR,ERR,ERR,ERR,ERR,ERR,ERR,ERR,ERR,ERR,ERR,ERR,ERR,ERR,ERR,ERR,ERR,ERR,ERR,ERR,ERR,ERR,ERR,ERR,ERR,ERR,ERR,ERR,ERR,ERR,ERR,ERR,ERR,ERR,ERR,ERR,ERR,ERR,ERR,ERR,ERR,ERR,ERR,ERR,ERR,ERR,ERR,ERR,ERR,ERR,ERR,ERR,ERR,ERR,ERR,ERR,ERR,ERR,ERR,ERR,-107615240.0,0.0,-117832800.0,0.0,0.0,0.0,0.0,nan,0,0,0,32768,0,0.0,0,0.0,0.0,0.0,0.0,0.0,0,0,0,0,0.0,0,0,0,0,0,0,0,0,0,0,0,0,0,0,0,0,0,0,0,0,0,0,0,0,0,0,0,0,0,0,0,0,0,0,0,0,0,0,0,0,0,0,0,0,0.0,0.0,0.0,0.0,0.0,0.0,0.0,0.0,0.0,0.0,0.0,0.0,0.0,0.0,0.0,0.0,0.0,0.0,0.0,0.0,0.0,0.0,2.004,-0.0,0.0,-2.004,0.0,0.0,0.0,0.0,3355.0,0.0,0.0,-107615240.0,0.0,-107615232.0,-0.0,0.0,0.0,0.0,0.0,0,0.0,-107614248.0,0.0,0.0,0.0,0.0,0.0,0.0,0.0,0,0,0,0.0,0.0,0.0,0.0,0.0,0.0,0.0,0.0,0.0,0.0,0.0,0.0,0.0,0.0,0.0,0.0,0,-107875648.0,0,0.0,0,-107875648.0,0.0,0,39322,17038,52429,17052,26215,17037,0,0,0,110,100,100,0.0,64.1,0.0,64.9,-107615304.0,68.5,1,49,50,180,0,0,0,0,0.0,0.0,0.0,0.0,6152.314,65.5,0.0,0.0,0.0,645,0,685,0,0,0,713,0,784,0,707,0,688,0,645,0,640,0,619,0.032,36700160.0,-2.004,-0.0,28560,16789,128062488.0,2.5739857477305893e+20,0.0,-4.7341368691941966e+19,1.4024153415172471e+28,-0.0,29.0,60.0,70,0.0,0.0,0.0,0.0,0.0,0.0,0.0,0.0,0.0,0.0,0.0,0.0,0.0,0.0,0.0,0.0,59.6,68,12,65509,41,65476,0,300,0,0,8,20529,65476,0,0,61604,60.0,0.0,0.0,0.0,0.0,0.0
2026-04-04T11:53:47,ERR,ERR,ERR,ERR,ERR,ERR,ERR,ERR,ERR,ERR,ERR,ERR,ERR,ERR,ERR,ERR,ERR,ERR,ERR,ERR,ERR,ERR,ERR,ERR,ERR,ERR,ERR,ERR,ERR,ERR,ERR,ERR,ERR,ERR,ERR,ERR,ERR,ERR,ERR,ERR,ERR,ERR,ERR,ERR,ERR,ERR,ERR,ERR,ERR,ERR,ERR,ERR,ERR,ERR,ERR,ERR,ERR,ERR,ERR,ERR,ERR,ERR,ERR,ERR,ERR,ERR,ERR,ERR,ERR,ERR,ERR,ERR,ERR,ERR,ERR,ERR,ERR,ERR,ERR,ERR,ERR,ERR,ERR,ERR,ERR,ERR,ERR,ERR,ERR,ERR,ERR,ERR,ERR,ERR,ERR,ERR,ERR,ERR,ERR,ERR,ERR,ERR,ERR,ERR,ERR,ERR,ERR,ERR,ERR,ERR,ERR,ERR,ERR,ERR,ERR,ERR,ERR,ERR,ERR,ERR,ERR,ERR,ERR,ERR,ERR,-107615240.0,0.0,-117832800.0,0.0,0.0,0.0,0.0,nan,0,0,0,32768,0,0.0,0,0.0,0.0,0.0,0.0,0.0,0,0,0,0,0.0,0,0,0,0,0,0,0,0,0,0,0,0,0,0,0,0,0,0,0,0,0,0,0,0,0,0,0,0,0,0,0,0,0,0,0,0,0,0,0,0,0,0,0,0,0.0,0.0,0.0,0.0,0.0,0.0,0.0,0.0,0.0,0.0,0.0,0.0,0.0,0.0,0.0,0.0,0.0,0.0,0.0,0.0,0.0,0.0,2.004,-0.0,0.0,-2.004,0.0,0.0,0.0,0.0,3355.0,0.0,0.0,-107615240.0,0.0,-107615232.0,-0.0,0.0,0.0,0.0,0.0,0,0.0,-107614248.0,0.0,0.0,0.0,0.0,0.0,0.0,0.0,0,0,0,0.0,0.0,0.0,0.0,0.0,0.0,0.0,0.0,0.0,0.0,0.0,0.0,0.0,0.0,0.0,0.0,0,-107875648.0,0,0.0,0,-107875648.0,0.0,0,39322,17038,52429,17052,26215,17037,0,0,0,110,100,100,0.0,64.1,0.0,64.9,-107615304.0,68.5,1,49,50,180,0,0,0,0,0.0,0.0,0.0,0.0,6152.314,65.5,0.0,0.0,0.0,645,0,685,0,0,0,713,0,784,0,707,0,688,0,645,0,640,0,619,0.032,36700160.0,-2.004,-0.0,28560,16789,128062488.0,2.5739857477305893e+20,0.0,-4.7341368691941966e+19,1.4024153415172471e+28,-0.0,29.0,60.0,70,0.0,0.0,0.0,0.0,0.0,0.0,0.0,0.0,0.0,0.0,0.0,0.0,0.0,0.0,0.0,0.0,59.2,68,12,65509,41,65476,0,300,0,0,8,20529,65476,0,0,61604,60.0,0.0,0.0,0.0,0.0,0.0
2026-04-04T11:53:48,ERR,ERR,ERR,ERR,ERR,ERR,ERR,ERR,ERR,ERR,ERR,ERR,ERR,ERR,ERR,ERR,ERR,ERR,ERR,ERR,ERR,ERR,ERR,ERR,ERR,ERR,ERR,ERR,ERR,ERR,ERR,ERR,ERR,ERR,ERR,ERR,ERR,ERR,ERR,ERR,ERR,ERR,ERR,ERR,ERR,ERR,ERR,ERR,ERR,ERR,ERR,ERR,ERR,ERR,ERR,ERR,ERR,ERR,ERR,ERR,ERR,ERR,ERR,ERR,ERR,ERR,ERR,ERR,ERR,ERR,ERR,ERR,ERR,ERR,ERR,ERR,ERR,ERR,ERR,ERR,ERR,ERR,ERR,ERR,ERR,ERR,ERR,ERR,ERR,ERR,ERR,ERR,ERR,ERR,ERR,ERR,ERR,ERR,ERR,ERR,ERR,ERR,ERR,ERR,ERR,ERR,ERR,ERR,ERR,ERR,ERR,ERR,ERR,ERR,ERR,ERR,ERR,ERR,ERR,ERR,ERR,ERR,ERR,ERR,ERR,-107615240.0,0.0,-117832800.0,0.0,0.0,0.0,0.0,nan,0,0,0,32768,0,0.0,0,0.0,0.0,0.0,0.0,0.0,0,0,0,0,0.0,0,0,0,0,0,0,0,0,0,0,0,0,0,0,0,0,0,0,0,0,0,0,0,0,0,0,0,0,0,0,0,0,0,0,0,0,0,0,0,0,0,0,0,0,0.0,0.0,0.0,0.0,0.0,0.0,0.0,0.0,0.0,0.0,0.0,0.0,0.0,0.0,0.0,0.0,0.0,0.0,0.0,0.0,0.0,0.0,2.004,-0.0,0.0,-2.004,0.0,0.0,0.0,0.0,3355.0,0.0,0.0,-107615240.0,0.0,-107615232.0,-0.0,0.0,0.0,0.0,0.0,0,0.0,-107614248.0,0.0,0.0,0.0,0.0,0.0,0.0,0.0,0,0,0,0.0,0.0,0.0,0.0,0.0,0.0,0.0,0.0,0.0,0.0,0.0,0.0,0.0,0.0,0.0,0.0,0,-107875648.0,0,0.0,0,-107875648.0,0.0,0,39322,17038,52429,17052,26215,17037,0,0,0,110,100,100,0.0,64.1,0.0,64.8,-0.0,68.5,1,49,50,180,0,0,0,0,0.0,0.0,0.0,0.0,9776019800064.0,65.5,0.0,-0.0,0.0,645,0,685,0,0,0,713,0,784,0,707,0,688,0,645,0,640,0,619,0.032,37224448.0,-2.004,-0.0,29456,16789,6152.314,-0.0,3.265152885675e+18,-0.0,0.0,-8.893917077303811e+33,29.0,60.0,70,0.0,0.0,0.0,0.0,0.0,0.0,0.0,0.0,0.0,0.0,0.0,0.0,0.0,0.0,0.0,0.0,59.2,68,12,65509,41,65476,0,300,0,0,8,20529,65476,0,0,61604,60.0,0.0,0.0,0.0,0.0,0.0
2026-04-04T11:53:49,ERR,ERR,ERR,ERR,ERR,ERR,ERR,ERR,ERR,ERR,ERR,ERR,ERR,ERR,ERR,ERR,ERR,ERR,ERR,ERR,ERR,ERR,ERR,ERR,ERR,ERR,ERR,ERR,ERR,ERR,ERR,ERR,ERR,ERR,ERR,ERR,ERR,ERR,ERR,ERR,ERR,ERR,ERR,ERR,ERR,ERR,ERR,ERR,ERR,ERR,ERR,ERR,ERR,ERR,ERR,ERR,ERR,ERR,ERR,ERR,ERR,ERR,ERR,ERR,ERR,ERR,ERR,ERR,ERR,ERR,ERR,ERR,ERR,ERR,ERR,ERR,ERR,ERR,ERR,ERR,ERR,ERR,ERR,ERR,ERR,ERR,ERR,ERR,ERR,ERR,ERR,ERR,ERR,ERR,ERR,ERR,ERR,ERR,ERR,ERR,ERR,ERR,ERR,ERR,ERR,ERR,ERR,ERR,ERR,ERR,ERR,ERR,ERR,ERR,ERR,ERR,ERR,ERR,ERR,ERR,ERR,ERR,ERR,ERR,ERR,-107615240.0,0.0,-117832800.0,0.0,0.0,0.0,0.0,nan,0,0,0,32768,0,0.0,0,0.0,0.0,0.0,0.0,0.0,0,0,0,0,0.0,0,0,0,0,0,0,0,0,0,0,0,0,0,0,0,0,0,0,0,0,0,0,0,0,0,0,0,0,0,0,0,0,0,0,0,0,0,0,0,0,0,0,0,0,0.0,0.0,0.0,0.0,0.0,0.0,0.0,0.0,0.0,0.0,0.0,0.0,0.0,0.0,0.0,0.0,0.0,0.0,0.0,0.0,0.0,0.0,2.004,-0.0,0.0,-2.004,0.0,0.0,0.0,0.0,3355.0,0.0,0.0,-107615240.0,0.0,-107615232.0,-0.0,0.0,0.0,0.0,0.0,0,0.0,-107614248.0,0.0,0.0,0.0,0.0,0.0,0.0,0.0,0,0,0,0.0,0.0,0.0,0.0,0.0,0.0,0.0,0.0,0.0,0.0,0.0,0.0,0.0,0.0,0.0,0.0,0,-107875648.0,0,0.0,0,-107875648.0,0.0,0,39322,17038,52429,17052,26215,17037,0,0,0,110,100,100,0.0,64.1,0.0,64.8,-0.0,68.5,1,49,50,180,0,0,0,0,0.0,0.0,0.0,0.0,9776019800064.0,65.5,0.0,-0.0,0.0,645,0,685,0,0,0,713,0,784,0,707,0,688,0,645,0,640,0,619,0.032,37224448.0,-2.004,-0.0,29456,16789,6152.314,-0.0,3.265152885675e+18,-0.0,0.0,-8.893917077303811e+33,29.0,60.0,70,0.0,0.0,0.0,0.0,0.0,0.0,0.0,0.0,0.0,0.0,0.0,0.0,0.0,0.0,0.0,0.0,59.6,68,12,65509,41,65476,0,300,0,0,8,20529,65476,0,0,61604,60.0,0.0,0.0,0.0,0.0,0.0
2026-04-04T11:53:50,ERR,ERR,ERR,ERR,ERR,ERR,ERR,ERR,ERR,ERR,ERR,ERR,ERR,ERR,ERR,ERR,ERR,ERR,ERR,ERR,ERR,ERR,ERR,ERR,ERR,ERR,ERR,ERR,ERR,ERR,ERR,ERR,ERR,ERR,ERR,ERR,ERR,ERR,ERR,ERR,ERR,ERR,ERR,ERR,ERR,ERR,ERR,ERR,ERR,ERR,ERR,ERR,ERR,ERR,ERR,ERR,ERR,ERR,ERR,ERR,ERR,ERR,ERR,ERR,ERR,ERR,ERR,ERR,ERR,ERR,ERR,ERR,ERR,ERR,ERR,ERR,ERR,ERR,ERR,ERR,ERR,ERR,ERR,ERR,ERR,ERR,ERR,ERR,ERR,ERR,ERR,ERR,ERR,ERR,ERR,ERR,ERR,ERR,ERR,ERR,ERR,ERR,ERR,ERR,ERR,ERR,ERR,ERR,ERR,ERR,ERR,ERR,ERR,ERR,ERR,ERR,ERR,ERR,ERR,ERR,ERR,ERR,ERR,ERR,ERR,-107615240.0,0.0,-117832800.0,0.0,0.0,0.0,0.0,nan,0,0,0,32768,0,0.0,0,0.0,0.0,0.0,0.0,0.0,0,0,0,0,0.0,0,0,0,0,0,0,0,0,0,0,0,0,0,0,0,0,0,0,0,0,0,0,0,0,0,0,0,0,0,0,0,0,0,0,0,0,0,0,0,0,0,0,0,0,0.0,0.0,0.0,0.0,0.0,0.0,0.0,0.0,0.0,0.0,0.0,0.0,0.0,0.0,0.0,0.0,0.0,0.0,0.0,0.0,0.0,0.0,2.004,-0.0,0.0,-2.004,0.0,0.0,0.0,0.0,3355.0,0.0,0.0,-107615240.0,0.0,-107615232.0,-0.0,0.0,0.0,0.0,0.0,0,0.0,-107614248.0,0.0,0.0,0.0,0.0,0.0,0.0,0.0,0,0,0,0.0,0.0,0.0,0.0,0.0,0.0,0.0,0.0,0.0,0.0,0.0,0.0,0.0,0.0,0.0,0.0,0,-107875648.0,0,0.0,0,-107875648.0,0.0,0,39322,17038,52429,17052,26215,17037,0,0,0,110,100,100,0.0,64.1,0.0,64.8,-0.0,68.5,1,49,50,180,0,0,0,0,0.0,0.0,0.0,0.0,9776019800064.0,65.5,0.0,-0.0,0.0,645,0,685,0,0,0,713,0,784,0,707,0,688,0,645,0,640,0,619,0.032,37224448.0,-2.004,-0.0,29456,16789,6152.314,-0.0,3.265152885675e+18,-0.0,0.0,-8.893917077303811e+33,29.0,60.0,70,0.0,0.0,0.0,0.0,0.0,0.0,0.0,0.0,0.0,0.0,0.0,0.0,0.0,0.0,0.0,0.0,59.6,68,12,65509,41,65476,0,300,0,0,8,20529,65476,0,0,61604,60.0,0.0,0.0,0.0,0.0,0.0
2026-04-04T11:53:51,ERR,ERR,ERR,ERR,ERR,ERR,ERR,ERR,ERR,ERR,ERR,ERR,ERR,ERR,ERR,ERR,ERR,ERR,ERR,ERR,ERR,ERR,ERR,ERR,ERR,ERR,ERR,ERR,ERR,ERR,ERR,ERR,ERR,ERR,ERR,ERR,ERR,ERR,ERR,ERR,ERR,ERR,ERR,ERR,ERR,ERR,ERR,ERR,ERR,ERR,ERR,ERR,ERR,ERR,ERR,ERR,ERR,ERR,ERR,ERR,ERR,ERR,ERR,ERR,ERR,ERR,ERR,ERR,ERR,ERR,ERR,ERR,ERR,ERR,ERR,ERR,ERR,ERR,ERR,ERR,ERR,ERR,ERR,ERR,ERR,ERR,ERR,ERR,ERR,ERR,ERR,ERR,ERR,ERR,ERR,ERR,ERR,ERR,ERR,ERR,ERR,ERR,ERR,ERR,ERR,ERR,ERR,ERR,ERR,ERR,ERR,ERR,ERR,ERR,ERR,ERR,ERR,ERR,ERR,ERR,ERR,ERR,ERR,ERR,ERR,-107615240.0,0.0,-117832800.0,0.0,0.0,0.0,0.0,nan,0,0,0,32768,0,0.0,0,0.0,0.0,0.0,0.0,0.0,0,0,0,0,0.0,0,0,0,0,0,0,0,0,0,0,0,0,0,0,0,0,0,0,0,0,0,0,0,0,0,0,0,0,0,0,0,0,0,0,0,0,0,0,0,0,0,0,0,0,0.0,0.0,0.0,0.0,0.0,0.0,0.0,0.0,0.0,0.0,0.0,0.0,0.0,0.0,0.0,0.0,0.0,0.0,0.0,0.0,0.0,0.0,2.004,-0.0,0.0,-2.004,0.0,0.0,0.0,0.0,3355.0,0.0,0.0,-107615240.0,0.0,-107615232.0,-0.0,0.0,0.0,0.0,0.0,0,0.0,-107614248.0,0.0,0.0,0.0,0.0,0.0,0.0,0.0,0,0,0,0.0,0.0,0.0,0.0,0.0,0.0,0.0,0.0,0.0,0.0,0.0,0.0,0.0,0.0,0.0,0.0,0,-107875648.0,0,0.0,0,-107875648.0,0.0,0,39322,17038,52429,17052,26215,17037,0,0,0,110,100,100,0.0,64.1,0.0,64.8,-0.0,68.5,1,49,50,180,0,0,0,0,0.0,0.0,0.0,0.0,9776019800064.0,65.5,0.0,-0.0,0.0,645,0,685,0,0,0,713,0,784,0,707,0,688,0,645,0,640,0,619,0.032,37224448.0,-2.004,-0.0,29456,16789,6152.314,-0.0,3.265152885675e+18,-0.0,0.0,-8.893917077303811e+33,29.0,60.0,70,0.0,0.0,0.0,0.0,0.0,0.0,0.0,0.0,0.0,0.0,0.0,0.0,0.0,0.0,0.0,0.0,59.6,68,12,65509,41,65476,0,300,0,0,8,20529,65476,0,0,61604,60.0,0.0,0.0,0.0,0.0,0.0
2026-04-04T11:53:52,ERR,ERR,ERR,ERR,ERR,ERR,ERR,ERR,ERR,ERR,ERR,ERR,ERR,ERR,ERR,ERR,ERR,ERR,ERR,ERR,ERR,ERR,ERR,ERR,ERR,ERR,ERR,ERR,ERR,ERR,ERR,ERR,ERR,ERR,ERR,ERR,ERR,ERR,ERR,ERR,ERR,ERR,ERR,ERR,ERR,ERR,ERR,ERR,ERR,ERR,ERR,ERR,ERR,ERR,ERR,ERR,ERR,ERR,ERR,ERR,ERR,ERR,ERR,ERR,ERR,ERR,ERR,ERR,ERR,ERR,ERR,ERR,ERR,ERR,ERR,ERR,ERR,ERR,ERR,ERR,ERR,ERR,ERR,ERR,ERR,ERR,ERR,ERR,ERR,ERR,ERR,ERR,ERR,ERR,ERR,ERR,ERR,ERR,ERR,ERR,ERR,ERR,ERR,ERR,ERR,ERR,ERR,ERR,ERR,ERR,ERR,ERR,ERR,ERR,ERR,ERR,ERR,ERR,ERR,ERR,ERR,ERR,ERR,ERR,ERR,-107615240.0,0.0,-117832800.0,0.0,0.0,0.0,0.0,nan,0,0,0,32768,0,0.0,0,0.0,0.0,0.0,0.0,0.0,0,0,0,0,0.0,0,0,0,0,0,0,0,0,0,0,0,0,0,0,0,0,0,0,0,0,0,0,0,0,0,0,0,0,0,0,0,0,0,0,0,0,0,0,0,0,0,0,0,0,0.0,0.0,0.0,0.0,0.0,0.0,0.0,0.0,0.0,0.0,0.0,0.0,0.0,0.0,0.0,0.0,0.0,0.0,0.0,0.0,0.0,0.0,2.004,-0.0,0.0,-2.004,0.0,0.0,0.0,0.0,3357.0,8608105472.0,0.0,-107615240.0,0.0,-107615232.0,-0.0,0.0,0.0,0.0,0.0,0,0.0,-4.950375598578833e+32,0.0,0.0,0.0,0.0,0.0,0.0,0.0,0,0,0,0.0,0.0,0.0,0.0,0.0,0.0,0.0,0.0,0.0,0.0,0.0,0.0,0.0,0.0,0.0,0.0,0,-107875648.0,0,0.0,0,-107875648.0,0.0,0,39322,17038,52429,17052,26215,17037,0,0,0,110,100,100,0.0,64.1,0.0,64.8,-0.0,68.5,1,49,50,180,0,0,0,0,0.0,0.0,0.0,0.0,9776019800064.0,65.5,0.0,-0.0,0.0,645,0,685,0,0,0,713,0,784,0,707,0,688,0,645,0,640,0,619,0.032,37224448.0,-2.004,-0.0,29456,16789,6152.314,-0.0,3.265152885675e+18,-0.0,0.0,-8.893917077303811e+33,29.0,60.0,70,0.0,0.0,0.0,0.0,0.0,0.0,0.0,0.0,0.0,0.0,0.0,0.0,0.0,0.0,0.0,0.0,59.2,68,12,65509,41,65476,0,300,0,0,8,20529,65476,0,0,61604,60.0,0.0,0.0,0.0,0.0,0.0
2026-04-04T11:53:53,ERR,ERR,ERR,ERR,ERR,ERR,ERR,ERR,ERR,ERR,ERR,ERR,ERR,ERR,ERR,ERR,ERR,ERR,ERR,ERR,ERR,ERR,ERR,ERR,ERR,ERR,ERR,ERR,ERR,ERR,ERR,ERR,ERR,ERR,ERR,ERR,ERR,ERR,ERR,ERR,ERR,ERR,ERR,ERR,ERR,ERR,ERR,ERR,ERR,ERR,ERR,ERR,ERR,ERR,ERR,ERR,ERR,ERR,ERR,ERR,ERR,ERR,ERR,ERR,ERR,ERR,ERR,ERR,ERR,ERR,ERR,ERR,ERR,ERR,ERR,ERR,ERR,ERR,ERR,ERR,ERR,ERR,ERR,ERR,ERR,ERR,ERR,ERR,ERR,ERR,ERR,ERR,ERR,ERR,ERR,ERR,ERR,ERR,ERR,ERR,ERR,ERR,ERR,ERR,ERR,ERR,ERR,ERR,ERR,ERR,ERR,ERR,ERR,ERR,ERR,ERR,ERR,ERR,ERR,ERR,ERR,ERR,ERR,ERR,ERR,-107615240.0,0.0,-117832800.0,0.0,0.0,0.0,0.0,nan,0,0,0,32768,0,0.0,0,0.0,0.0,0.0,0.0,0.0,0,0,0,0,0.0,0,0,0,0,0,0,0,0,0,0,0,0,0,0,0,0,0,0,0,0,0,0,0,0,0,0,0,0,0,0,0,0,0,0,0,0,0,0,0,0,0,0,0,0,0.0,0.0,0.0,0.0,0.0,0.0,0.0,0.0,0.0,0.0,0.0,0.0,0.0,0.0,0.0,0.0,0.0,0.0,0.0,0.0,0.0,0.0,2.004,-0.0,0.0,-2.004,0.0,0.0,0.0,0.0,3357.0,8608105472.0,0.0,-107615240.0,0.0,-107615232.0,-0.0,0.0,0.0,0.0,0.0,0,0.0,-4.950375598578833e+32,0.0,0.0,0.0,0.0,0.0,0.0,0.0,0,0,0,0.0,0.0,0.0,0.0,0.0,0.0,0.0,0.0,0.0,0.0,0.0,0.0,0.0,0.0,0.0,0.0,0,-107875648.0,0,0.0,0,-107875648.0,0.0,0,39322,17038,52429,17052,26215,17037,0,0,0,110,100,100,0.0,64.1,0.0,64.9,-107615304.0,68.5,1,49,50,180,0,13107,0,0,0.0,0.0,0.0,0.0,473620.094,65.5,0.0,-0.0,0.0,645,0,685,0,0,0,713,0,784,0,707,0,688,0,646,0,640,0,619,0.032,37224448.0,-2.004,-0.0,41616,16789,0.058,-0.0,2.4009866530758486e+20,-65.124,0.0,-7.634363347696532e+34,29.0,60.0,70,0.0,0.0,0.0,0.0,0.0,0.0,0.0,0.0,0.0,0.0,0.0,0.0,0.0,0.0,0.0,0.0,59.2,68,12,65509,41,65476,0,300,0,0,8,20529,65476,0,0,61604,60.0,0.0,0.0,0.0,0.0,0.0
2026-04-04T11:53:54,ERR,ERR,ERR,ERR,ERR,ERR,ERR,ERR,ERR,ERR,ERR,ERR,ERR,ERR,ERR,ERR,ERR,ERR,ERR,ERR,ERR,ERR,ERR,ERR,ERR,ERR,ERR,ERR,ERR,ERR,ERR,ERR,ERR,ERR,ERR,ERR,ERR,ERR,ERR,ERR,ERR,ERR,ERR,ERR,ERR,ERR,ERR,ERR,ERR,ERR,ERR,ERR,ERR,ERR,ERR,ERR,ERR,ERR,ERR,ERR,ERR,ERR,ERR,ERR,ERR,ERR,ERR,ERR,ERR,ERR,ERR,ERR,ERR,ERR,ERR,ERR,ERR,ERR,ERR,ERR,ERR,ERR,ERR,ERR,ERR,ERR,ERR,ERR,ERR,ERR,ERR,ERR,ERR,ERR,ERR,ERR,ERR,ERR,ERR,ERR,ERR,ERR,ERR,ERR,ERR,ERR,ERR,ERR,ERR,ERR,ERR,ERR,ERR,ERR,ERR,ERR,ERR,ERR,ERR,ERR,ERR,ERR,ERR,ERR,ERR,-107615240.0,0.0,-117832800.0,0.0,0.0,0.0,0.0,nan,0,0,0,32768,0,0.0,0,0.0,0.0,0.0,0.0,0.0,0,0,0,0,0.0,0,0,0,0,0,0,0,0,0,0,0,0,0,0,0,0,0,0,0,0,0,0,0,0,0,0,0,0,0,0,0,0,0,0,0,0,0,0,0,0,0,0,0,0,0.0,0.0,0.0,0.0,0.0,0.0,0.0,0.0,0.0,0.0,0.0,0.0,0.0,0.0,0.0,0.0,0.0,0.0,0.0,0.0,0.0,0.0,2.004,-0.0,0.0,-2.004,0.0,0.0,0.0,0.0,3357.0,8608105472.0,0.0,-107615240.0,0.0,-107615232.0,-0.0,0.0,0.0,0.0,0.0,0,0.0,-4.950375598578833e+32,0.0,0.0,0.0,0.0,0.0,0.0,0.0,0,0,0,0.0,0.0,0.0,0.0,0.0,0.0,0.0,0.0,0.0,0.0,0.0,0.0,0.0,0.0,0.0,0.0,0,-107875648.0,0,0.0,0,-107875648.0,0.0,0,39322,17038,52429,17052,26215,17037,0,0,0,110,100,100,0.0,64.1,0.0,64.9,-107615304.0,68.5,1,49,50,180,0,13107,0,0,0.0,0.0,0.0,0.0,473620.094,65.5,0.0,-0.0,0.0,645,0,685,0,0,0,713,0,784,0,707,0,688,0,646,0,640,0,619,0.032,37224448.0,-2.004,-0.0,41616,16789,0.058,-0.0,2.4009866530758486e+20,-65.124,0.0,-7.634363347696532e+34,29.0,60.0,70,0.0,0.0,0.0,0.0,0.0,0.0,0.0,0.0,0.0,0.0,0.0,0.0,0.0,0.0,0.0,0.0,59.6,68,12,65509,41,65476,0,300,0,0,8,20529,65476,0,0,61604,60.0,0.0,0.0,0.0,0.0,0.0
2026-04-04T11:53:55,ERR,ERR,ERR,ERR,ERR,ERR,ERR,ERR,ERR,ERR,ERR,ERR,ERR,ERR,ERR,ERR,ERR,ERR,ERR,ERR,ERR,ERR,ERR,ERR,ERR,ERR,ERR,ERR,ERR,ERR,ERR,ERR,ERR,ERR,ERR,ERR,ERR,ERR,ERR,ERR,ERR,ERR,ERR,ERR,ERR,ERR,ERR,ERR,ERR,ERR,ERR,ERR,ERR,ERR,ERR,ERR,ERR,ERR,ERR,ERR,ERR,ERR,ERR,ERR,ERR,ERR,ERR,ERR,ERR,ERR,ERR,ERR,ERR,ERR,ERR,ERR,ERR,ERR,ERR,ERR,ERR,ERR,ERR,ERR,ERR,ERR,ERR,ERR,ERR,ERR,ERR,ERR,ERR,ERR,ERR,ERR,ERR,ERR,ERR,ERR,ERR,ERR,ERR,ERR,ERR,ERR,ERR,ERR,ERR,ERR,ERR,ERR,ERR,ERR,ERR,ERR,ERR,ERR,ERR,ERR,ERR,ERR,ERR,ERR,ERR,-107615240.0,0.0,-117832800.0,0.0,0.0,0.0,0.0,nan,0,0,0,32768,0,0.0,0,0.0,0.0,0.0,0.0,0.0,0,0,0,0,0.0,0,0,0,0,0,0,0,0,0,0,0,0,0,0,0,0,0,0,0,0,0,0,0,0,0,0,0,0,0,0,0,0,0,0,0,0,0,0,0,0,0,0,0,0,0.0,0.0,0.0,0.0,0.0,0.0,0.0,0.0,0.0,0.0,0.0,0.0,0.0,0.0,0.0,0.0,0.0,0.0,0.0,0.0,0.0,0.0,2.004,-0.0,0.0,-2.004,0.0,0.0,0.0,0.0,3357.0,8608105472.0,0.0,-107615240.0,0.0,-107615232.0,-0.0,0.0,0.0,0.0,0.0,0,0.0,-4.950375598578833e+32,0.0,0.0,0.0,0.0,0.0,0.0,0.0,0,0,0,0.0,0.0,0.0,0.0,0.0,0.0,0.0,0.0,0.0,0.0,0.0,0.0,0.0,0.0,0.0,0.0,0,-107875648.0,0,0.0,0,-107875648.0,0.0,0,39322,17038,52429,17052,26215,17037,0,0,0,110,100,100,0.0,64.1,0.0,64.9,-107615304.0,68.5,1,49,50,180,0,13107,0,0,0.0,0.0,0.0,0.0,473620.094,65.5,0.0,-0.0,0.0,645,0,685,0,0,0,713,0,784,0,707,0,688,0,646,0,640,0,619,0.032,37224448.0,-2.004,-0.0,41616,16789,0.058,-0.0,2.4009866530758486e+20,-65.124,0.0,-7.634363347696532e+34,29.0,60.0,70,0.0,0.0,0.0,0.0,0.0,0.0,0.0,0.0,0.0,0.0,0.0,0.0,0.0,0.0,0.0,0.0,59.6,68,12,65509,41,65476,0,300,0,0,8,20529,65476,0,0,61604,60.0,0.0,0.0,0.0,0.0,0.0
2026-04-04T11:53:56,ERR,ERR,ERR,ERR,ERR,ERR,ERR,ERR,ERR,ERR,ERR,ERR,ERR,ERR,ERR,ERR,ERR,ERR,ERR,ERR,ERR,ERR,ERR,ERR,ERR,ERR,ERR,ERR,ERR,ERR,ERR,ERR,ERR,ERR,ERR,ERR,ERR,ERR,ERR,ERR,ERR,ERR,ERR,ERR,ERR,ERR,ERR,ERR,ERR,ERR,ERR,ERR,ERR,ERR,ERR,ERR,ERR,ERR,ERR,ERR,ERR,ERR,ERR,ERR,ERR,ERR,ERR,ERR,ERR,ERR,ERR,ERR,ERR,ERR,ERR,ERR,ERR,ERR,ERR,ERR,ERR,ERR,ERR,ERR,ERR,ERR,ERR,ERR,ERR,ERR,ERR,ERR,ERR,ERR,ERR,ERR,ERR,ERR,ERR,ERR,ERR,ERR,ERR,ERR,ERR,ERR,ERR,ERR,ERR,ERR,ERR,ERR,ERR,ERR,ERR,ERR,ERR,ERR,ERR,ERR,ERR,ERR,ERR,ERR,ERR,-107615240.0,0.0,-117832800.0,0.0,0.0,0.0,0.0,nan,0,0,0,32768,0,0.0,0,0.0,0.0,0.0,0.0,0.0,0,0,0,0,0.0,0,0,0,0,0,0,0,0,0,0,0,0,0,0,0,0,0,0,0,0,0,0,0,0,0,0,0,0,0,0,0,0,0,0,0,0,0,0,0,0,0,0,0,0,0.0,0.0,0.0,0.0,0.0,0.0,0.0,0.0,0.0,0.0,0.0,0.0,0.0,0.0,0.0,0.0,0.0,0.0,0.0,0.0,0.0,0.0,2.004,-0.0,0.0,-2.004,0.0,0.0,0.0,0.0,3357.0,8608105472.0,0.0,-107615240.0,0.0,-107615232.0,-0.0,0.0,0.0,0.0,0.0,0,0.0,-4.950375598578833e+32,0.0,0.0,0.0,0.0,0.0,0.0,0.0,0,0,0,0.0,0.0,0.0,0.0,0.0,0.0,0.0,0.0,0.0,0.0,0.0,0.0,0.0,0.0,0.0,0.0,0,-107875648.0,0,0.0,0,-107875648.0,0.0,0,39322,17038,52429,17052,26215,17037,0,0,0,110,100,100,0.0,64.1,0.0,64.9,-107615304.0,68.5,1,49,50,180,0,13107,0,0,0.0,0.0,0.0,0.0,473620.094,65.5,0.0,-0.0,0.0,645,0,685,0,0,0,713,0,784,0,707,0,688,0,646,0,640,0,619,0.032,37224448.0,-2.004,-0.0,41616,16789,0.058,-0.0,2.4009866530758486e+20,-65.124,0.0,-7.634363347696532e+34,29.0,60.0,70,0.0,0.0,0.0,0.0,0.0,0.0,0.0,0.0,0.0,0.0,0.0,0.0,0.0,0.0,0.0,0.0,59.6,68,12,65509,41,65476,0,300,0,0,8,20529,65476,0,0,61604,60.0,0.0,0.0,0.0,0.0,0.0
2026-04-04T11:53:57,ERR,ERR,ERR,ERR,ERR,ERR,ERR,ERR,ERR,ERR,ERR,ERR,ERR,ERR,ERR,ERR,ERR,ERR,ERR,ERR,ERR,ERR,ERR,ERR,ERR,ERR,ERR,ERR,ERR,ERR,ERR,ERR,ERR,ERR,ERR,ERR,ERR,ERR,ERR,ERR,ERR,ERR,ERR,ERR,ERR,ERR,ERR,ERR,ERR,ERR,ERR,ERR,ERR,ERR,ERR,ERR,ERR,ERR,ERR,ERR,ERR,ERR,ERR,ERR,ERR,ERR,ERR,ERR,ERR,ERR,ERR,ERR,ERR,ERR,ERR,ERR,ERR,ERR,ERR,ERR,ERR,ERR,ERR,ERR,ERR,ERR,ERR,ERR,ERR,ERR,ERR,ERR,ERR,ERR,ERR,ERR,ERR,ERR,ERR,ERR,ERR,ERR,ERR,ERR,ERR,ERR,ERR,ERR,ERR,ERR,ERR,ERR,ERR,ERR,ERR,ERR,ERR,ERR,ERR,ERR,ERR,ERR,ERR,ERR,ERR,-107615240.0,0.0,-117832800.0,0.0,0.0,0.0,0.0,nan,0,0,0,32768,0,0.0,0,0.0,0.0,0.0,0.0,0.0,0,0,0,0,0.0,0,0,0,0,0,0,0,0,0,0,0,0,0,0,0,0,0,0,0,0,0,0,0,0,0,0,0,0,0,0,0,0,0,0,0,0,0,0,0,0,0,0,0,0,0.0,0.0,0.0,0.0,0.0,0.0,0.0,0.0,0.0,0.0,0.0,0.0,0.0,0.0,0.0,0.0,0.0,0.0,0.0,0.0,0.0,0.0,2.004,-0.0,0.0,-2.004,0.0,0.0,0.0,0.0,3357.0,8608105472.0,0.0,-107615240.0,0.0,-107615232.0,-0.0,0.0,0.0,0.0,0.0,0,0.0,-4.950375598578833e+32,0.0,0.0,0.0,0.0,0.0,0.0,0.0,0,0,0,0.0,0.0,0.0,0.0,0.0,0.0,0.0,0.0,0.0,0.0,0.0,0.0,0.0,0.0,0.0,0.0,0,-107875648.0,0,0.0,0,-107875648.0,0.0,0,39322,17038,52429,17052,26215,17037,0,0,0,110,100,100,0.0,64.1,0.0,64.9,-107615304.0,68.5,1,49,50,180,0,13107,0,0,0.0,0.0,0.0,0.0,473620.094,65.5,0.0,-0.0,0.0,645,0,685,0,0,0,713,0,784,0,707,0,688,0,646,0,640,0,619,0.032,37224448.0,-2.004,-0.0,41616,16789,0.058,-0.0,2.4009866530758486e+20,-65.124,0.0,-7.634363347696532e+34,29.0,60.0,70,0.0,0.0,0.0,0.0,0.0,0.0,0.0,0.0,0.0,0.0,0.0,0.0,0.0,0.0,0.0,0.0,59.2,68,12,65509,41,65476,0,300,0,0,8,20529,65476,0,0,61604,60.0,0.0,0.0,0.0,0.0,0.0
2026-04-04T11:53:58,ERR,ERR,ERR,ERR,ERR,ERR,ERR,ERR,ERR,ERR,ERR,ERR,ERR,ERR,ERR,ERR,ERR,ERR,ERR,ERR,ERR,ERR,ERR,ERR,ERR,ERR,ERR,ERR,ERR,ERR,ERR,ERR,ERR,ERR,ERR,ERR,ERR,ERR,ERR,ERR,ERR,ERR,ERR,ERR,ERR,ERR,ERR,ERR,ERR,ERR,ERR,ERR,ERR,ERR,ERR,ERR,ERR,ERR,ERR,ERR,ERR,ERR,ERR,ERR,ERR,ERR,ERR,ERR,ERR,ERR,ERR,ERR,ERR,ERR,ERR,ERR,ERR,ERR,ERR,ERR,ERR,ERR,ERR,ERR,ERR,ERR,ERR,ERR,ERR,ERR,ERR,ERR,ERR,ERR,ERR,ERR,ERR,ERR,ERR,ERR,ERR,ERR,ERR,ERR,ERR,ERR,ERR,ERR,ERR,ERR,ERR,ERR,ERR,ERR,ERR,ERR,ERR,ERR,ERR,ERR,ERR,ERR,ERR,ERR,ERR,-107615240.0,0.0,-117832800.0,0.0,0.0,0.0,0.0,nan,0,0,0,32768,0,0.0,0,0.0,0.0,0.0,0.0,0.0,0,0,0,0,0.0,0,0,0,0,0,0,0,0,0,0,0,0,0,0,0,0,0,0,0,0,0,0,0,0,0,0,0,0,0,0,0,0,0,0,0,0,0,0,0,0,0,0,0,0,0.0,0.0,0.0,0.0,0.0,0.0,0.0,0.0,0.0,0.0,0.0,0.0,0.0,0.0,0.0,0.0,0.0,0.0,0.0,0.0,0.0,0.0,2.004,-0.0,0.0,-2.004,0.0,0.0,0.0,0.0,3357.0,8608105472.0,0.0,-107615240.0,0.0,-107615232.0,-0.0,0.0,0.0,0.0,0.0,0,0.0,-4.950375598578833e+32,0.0,0.0,0.0,0.0,0.0,0.0,0.0,0,0,0,0.0,0.0,0.0,0.0,0.0,0.0,0.0,0.0,0.0,0.0,0.0,0.0,0.0,0.0,0.0,0.0,0,-107875648.0,0,0.0,0,-107875648.0,0.0,0,39322,17038,52429,17052,26215,17037,0,0,0,110,100,100,0.0,64.1,0.0,64.8,-107615304.0,68.5,1,49,50,180,0,0,0,0,0.0,0.0,0.0,0.0,2.0782541298101073e+20,65.5,0.0,5808379.0,0.0,645,0,685,0,0,0,713,0,784,0,707,0,688,0,646,0,640,0,619,0.032,36700160.0,-2.004,-0.0,42384,16789,5.674508058529098e+22,21267436.0,-0.0,-1.9373535814553036e+35,0.0,0.0,29.0,60.0,70,0.0,0.0,0.0,0.0,0.0,0.0,0.0,0.0,0.0,0.0,0.0,0.0,0.0,0.0,0.0,0.0,59.2,68,12,65509,41,65476,0,300,0,0,8,20529,65476,0,0,61604,60.0,0.0,0.0,0.0,0.0,0.0
2026-04-04T11:53:59,ERR,ERR,ERR,ERR,ERR,ERR,ERR,ERR,ERR,ERR,ERR,ERR,ERR,ERR,ERR,ERR,ERR,ERR,ERR,ERR,ERR,ERR,ERR,ERR,ERR,ERR,ERR,ERR,ERR,ERR,ERR,ERR,ERR,ERR,ERR,ERR,ERR,ERR,ERR,ERR,ERR,ERR,ERR,ERR,ERR,ERR,ERR,ERR,ERR,ERR,ERR,ERR,ERR,ERR,ERR,ERR,ERR,ERR,ERR,ERR,ERR,ERR,ERR,ERR,ERR,ERR,ERR,ERR,ERR,ERR,ERR,ERR,ERR,ERR,ERR,ERR,ERR,ERR,ERR,ERR,ERR,ERR,ERR,ERR,ERR,ERR,ERR,ERR,ERR,ERR,ERR,ERR,ERR,ERR,ERR,ERR,ERR,ERR,ERR,ERR,ERR,ERR,ERR,ERR,ERR,ERR,ERR,ERR,ERR,ERR,ERR,ERR,ERR,ERR,ERR,ERR,ERR,ERR,ERR,ERR,ERR,ERR,ERR,ERR,ERR,-107615240.0,0.0,-117832800.0,0.0,0.0,0.0,0.0,nan,0,0,0,32768,0,0.0,0,0.0,0.0,0.0,0.0,0.0,0,0,0,0,0.0,0,0,0,0,0,0,0,0,0,0,0,0,0,0,0,0,0,0,0,0,0,0,0,0,0,0,0,0,0,0,0,0,0,0,0,0,0,0,0,0,0,0,0,0,0.0,0.0,0.0,0.0,0.0,0.0,0.0,0.0,0.0,0.0,0.0,0.0,0.0,0.0,0.0,0.0,0.0,0.0,0.0,0.0,0.0,0.0,2.004,-0.0,0.0,-2.004,0.0,0.0,0.0,0.0,3358.0,0.0,0.0,-107615240.0,0.0,-107615232.0,-0.0,0.0,0.0,0.0,0.0,0,0.0,-2.3088162645770607e+20,0.0,0.0,0.0,0.0,0.0,0.0,0.0,0,0,0,0.0,0.0,0.0,0.0,0.0,0.0,0.0,0.0,0.0,0.0,0.0,0.0,0.0,0.0,0.0,0.0,0,-107875648.0,0,0.0,0,-107875648.0,0.0,0,39322,17038,52429,17052,26215,17037,0,0,0,110,100,100,0.0,64.1,0.0,64.8,-107615304.0,68.5,1,49,50,180,0,0,0,0,0.0,0.0,0.0,0.0,2.0782541298101073e+20,65.5,0.0,5808379.0,0.0,645,0,685,0,0,0,713,0,784,0,707,0,688,0,646,0,640,0,619,0.032,36700160.0,-2.004,-0.0,42384,16789,5.674508058529098e+22,21267436.0,-0.0,-1.9373535814553036e+35,0.0,0.0,29.0,60.0,70,0.0,0.0,0.0,0.0,0.0,0.0,0.0,0.0,0.0,0.0,0.0,0.0,0.0,0.0,0.0,0.0,59.6,68,12,65509,41,65476,0,300,0,0,8,20529,65476,0,0,61604,60.0,0.0,0.0,0.0,0.0,0.0
2026-04-04T11:54:00,ERR,ERR,ERR,ERR,ERR,ERR,ERR,ERR,ERR,ERR,ERR,ERR,ERR,ERR,ERR,ERR,ERR,ERR,ERR,ERR,ERR,ERR,ERR,ERR,ERR,ERR,ERR,ERR,ERR,ERR,ERR,ERR,ERR,ERR,ERR,ERR,ERR,ERR,ERR,ERR,ERR,ERR,ERR,ERR,ERR,ERR,ERR,ERR,ERR,ERR,ERR,ERR,ERR,ERR,ERR,ERR,ERR,ERR,ERR,ERR,ERR,ERR,ERR,ERR,ERR,ERR,ERR,ERR,ERR,ERR,ERR,ERR,ERR,ERR,ERR,ERR,ERR,ERR,ERR,ERR,ERR,ERR,ERR,ERR,ERR,ERR,ERR,ERR,ERR,ERR,ERR,ERR,ERR,ERR,ERR,ERR,ERR,ERR,ERR,ERR,ERR,ERR,ERR,ERR,ERR,ERR,ERR,ERR,ERR,ERR,ERR,ERR,ERR,ERR,ERR,ERR,ERR,ERR,ERR,ERR,ERR,ERR,ERR,ERR,ERR,-107615240.0,0.0,-117832800.0,0.0,0.0,0.0,0.0,nan,0,0,0,32768,0,0.0,0,0.0,0.0,0.0,0.0,0.0,0,0,0,0,0.0,0,0,0,0,0,0,0,0,0,0,0,0,0,0,0,0,0,0,0,0,0,0,0,0,0,0,0,0,0,0,0,0,0,0,0,0,0,0,0,0,0,0,0,0,0.0,0.0,0.0,0.0,0.0,0.0,0.0,0.0,0.0,0.0,0.0,0.0,0.0,0.0,0.0,0.0,0.0,0.0,0.0,0.0,0.0,0.0,2.004,-0.0,0.0,-2.004,0.0,0.0,0.0,0.0,3358.0,0.0,0.0,-107615240.0,0.0,-107615232.0,-0.0,0.0,0.0,0.0,0.0,0,0.0,-2.3088162645770607e+20,0.0,0.0,0.0,0.0,0.0,0.0,0.0,0,0,0,0.0,0.0,0.0,0.0,0.0,0.0,0.0,0.0,0.0,0.0,0.0,0.0,0.0,0.0,0.0,0.0,0,-107875648.0,0,0.0,0,-107875648.0,0.0,0,39322,17038,52429,17052,26215,17037,0,0,0,110,100,100,0.0,64.1,0.0,64.8,-107615304.0,68.5,1,49,50,180,0,0,0,0,0.0,0.0,0.0,0.0,2.0782541298101073e+20,65.5,0.0,5808379.0,0.0,645,0,685,0,0,0,713,0,784,0,707,0,688,0,646,0,640,0,619,0.032,36700160.0,-2.004,-0.0,42384,16789,5.674508058529098e+22,21267436.0,-0.0,-1.9373535814553036e+35,0.0,0.0,29.0,60.0,70,0.0,0.0,0.0,0.0,0.0,0.0,0.0,0.0,0.0,0.0,0.0,0.0,0.0,0.0,0.0,0.0,59.2,68,12,65509,41,65476,0,300,0,0,8,20529,65476,0,0,61604,60.0,0.0,0.0,0.0,0.0,0.0
2026-04-04T11:54:01,ERR,ERR,ERR,ERR,ERR,ERR,ERR,ERR,ERR,ERR,ERR,ERR,ERR,ERR,ERR,ERR,ERR,ERR,ERR,ERR,ERR,ERR,ERR,ERR,ERR,ERR,ERR,ERR,ERR,ERR,ERR,ERR,ERR,ERR,ERR,ERR,ERR,ERR,ERR,ERR,ERR,ERR,ERR,ERR,ERR,ERR,ERR,ERR,ERR,ERR,ERR,ERR,ERR,ERR,ERR,ERR,ERR,ERR,ERR,ERR,ERR,ERR,ERR,ERR,ERR,ERR,ERR,ERR,ERR,ERR,ERR,ERR,ERR,ERR,ERR,ERR,ERR,ERR,ERR,ERR,ERR,ERR,ERR,ERR,ERR,ERR,ERR,ERR,ERR,ERR,ERR,ERR,ERR,ERR,ERR,ERR,ERR,ERR,ERR,ERR,ERR,ERR,ERR,ERR,ERR,ERR,ERR,ERR,ERR,ERR,ERR,ERR,ERR,ERR,ERR,ERR,ERR,ERR,ERR,ERR,ERR,ERR,ERR,ERR,ERR,-107615240.0,0.0,-117832800.0,0.0,0.0,0.0,0.0,nan,0,0,0,32768,0,0.0,0,0.0,0.0,0.0,0.0,0.0,0,0,0,0,0.0,0,0,0,0,0,0,0,0,0,0,0,0,0,0,0,0,0,0,0,0,0,0,0,0,0,0,0,0,0,0,0,0,0,0,0,0,0,0,0,0,0,0,0,0,0.0,0.0,0.0,0.0,0.0,0.0,0.0,0.0,0.0,0.0,0.0,0.0,0.0,0.0,0.0,0.0,0.0,0.0,0.0,0.0,0.0,0.0,2.004,-0.0,0.0,-2.004,0.0,0.0,0.0,0.0,3358.0,0.0,0.0,-107615240.0,0.0,-107615232.0,-0.0,0.0,0.0,0.0,0.0,0,0.0,-2.3088162645770607e+20,0.0,0.0,0.0,0.0,0.0,0.0,0.0,0,0,0,0.0,0.0,0.0,0.0,0.0,0.0,0.0,0.0,0.0,0.0,0.0,0.0,0.0,0.0,0.0,0.0,0,-107875648.0,0,0.0,0,-107875648.0,0.0,0,39322,17038,52429,17052,26215,17037,0,0,0,110,100,100,0.0,64.1,0.0,64.8,-107615304.0,68.5,1,49,50,180,0,0,0,0,0.0,0.0,0.0,0.0,2.0782541298101073e+20,65.5,0.0,5808379.0,0.0,645,0,685,0,0,0,713,0,784,0,707,0,688,0,646,0,640,0,619,0.032,36700160.0,-2.004,-0.0,42384,16789,5.674508058529098e+22,21267436.0,-0.0,-1.9373535814553036e+35,0.0,0.0,29.0,60.0,70,0.0,0.0,0.0,0.0,0.0,0.0,0.0,0.0,0.0,0.0,0.0,0.0,0.0,0.0,0.0,0.0,59.2,68,12,65509,41,65476,0,300,0,0,8,20529,65476,0,0,61604,60.0,0.0,0.0,0.0,0.0,0.0
2026-04-04T11:54:02,ERR,ERR,ERR,ERR,ERR,ERR,ERR,ERR,ERR,ERR,ERR,ERR,ERR,ERR,ERR,ERR,ERR,ERR,ERR,ERR,ERR,ERR,ERR,ERR,ERR,ERR,ERR,ERR,ERR,ERR,ERR,ERR,ERR,ERR,ERR,ERR,ERR,ERR,ERR,ERR,ERR,ERR,ERR,ERR,ERR,ERR,ERR,ERR,ERR,ERR,ERR,ERR,ERR,ERR,ERR,ERR,ERR,ERR,ERR,ERR,ERR,ERR,ERR,ERR,ERR,ERR,ERR,ERR,ERR,ERR,ERR,ERR,ERR,ERR,ERR,ERR,ERR,ERR,ERR,ERR,ERR,ERR,ERR,ERR,ERR,ERR,ERR,ERR,ERR,ERR,ERR,ERR,ERR,ERR,ERR,ERR,ERR,ERR,ERR,ERR,ERR,ERR,ERR,ERR,ERR,ERR,ERR,ERR,ERR,ERR,ERR,ERR,ERR,ERR,ERR,ERR,ERR,ERR,ERR,ERR,ERR,ERR,ERR,ERR,ERR,-107615240.0,0.0,-117832800.0,0.0,0.0,0.0,0.0,nan,0,0,0,32768,0,0.0,0,0.0,0.0,0.0,0.0,0.0,0,0,0,0,0.0,0,0,0,0,0,0,0,0,0,0,0,0,0,0,0,0,0,0,0,0,0,0,0,0,0,0,0,0,0,0,0,0,0,0,0,0,0,0,0,0,0,0,0,0,0.0,0.0,0.0,0.0,0.0,0.0,0.0,0.0,0.0,0.0,0.0,0.0,0.0,0.0,0.0,0.0,0.0,0.0,0.0,0.0,0.0,0.0,2.004,-0.0,0.0,-2.004,0.0,0.0,0.0,0.0,3358.0,0.0,0.0,-107615240.0,0.0,-107615232.0,-0.0,0.0,0.0,0.0,0.0,0,0.0,-2.3088162645770607e+20,0.0,0.0,0.0,0.0,0.0,0.0,0.0,0,0,0,0.0,0.0,0.0,0.0,0.0,0.0,0.0,0.0,0.0,0.0,0.0,0.0,0.0,0.0,0.0,0.0,0,-107875648.0,0,0.0,0,-107875648.0,0.0,0,39322,17038,52429,17052,26215,17037,0,0,0,110,100,100,0.0,64.1,0.0,64.9,-107615304.0,68.5,1,49,50,180,0,0,0,0,0.0,0.0,0.0,0.0,4.621046710670459e+18,65.5,0.0,5.595792417950642e+30,0.0,645,0,685,0,0,0,713,0,784,0,707,0,688,0,646,0,640,0,619,0.032,36962304.0,-2.004,-0.0,53648,16789,3.043857562890096e+22,4.223103814314868e+31,-0.0,0.0,0.0,0.0,29.0,60.0,70,0.0,0.0,0.0,0.0,0.0,0.0,0.0,0.0,0.0,0.0,0.0,0.0,0.0,0.0,0.0,0.0,59.2,68,12,65509,41,65476,0,300,0,0,8,20529,65476,0,0,61604,60.0,0.0,0.0,0.0,0.0,0.0
2026-04-04T11:54:03,ERR,ERR,ERR,ERR,ERR,ERR,ERR,ERR,ERR,ERR,ERR,ERR,ERR,ERR,ERR,ERR,ERR,ERR,ERR,ERR,ERR,ERR,ERR,ERR,ERR,ERR,ERR,ERR,ERR,ERR,ERR,ERR,ERR,ERR,ERR,ERR,ERR,ERR,ERR,ERR,ERR,ERR,ERR,ERR,ERR,ERR,ERR,ERR,ERR,ERR,ERR,ERR,ERR,ERR,ERR,ERR,ERR,ERR,ERR,ERR,ERR,ERR,ERR,ERR,ERR,ERR,ERR,ERR,ERR,ERR,ERR,ERR,ERR,ERR,ERR,ERR,ERR,ERR,ERR,ERR,ERR,ERR,ERR,ERR,ERR,ERR,ERR,ERR,ERR,ERR,ERR,ERR,ERR,ERR,ERR,ERR,ERR,ERR,ERR,ERR,ERR,ERR,ERR,ERR,ERR,ERR,ERR,ERR,ERR,ERR,ERR,ERR,ERR,ERR,ERR,ERR,ERR,ERR,ERR,ERR,ERR,ERR,ERR,ERR,ERR,-107615240.0,0.0,-117832800.0,0.0,0.0,0.0,0.0,nan,0,0,0,32768,0,0.0,0,0.0,0.0,0.0,0.0,0.0,0,0,0,0,0.0,0,0,0,0,0,0,0,0,0,0,0,0,0,0,0,0,0,0,0,0,0,0,0,0,0,0,0,0,0,0,0,0,0,0,0,0,0,0,0,0,0,0,0,0,0.0,0.0,0.0,0.0,0.0,0.0,0.0,0.0,0.0,0.0,0.0,0.0,0.0,0.0,0.0,0.0,0.0,0.0,0.0,0.0,0.0,0.0,2.004,-0.0,0.0,-2.004,0.0,0.0,0.0,0.0,3358.0,0.0,0.0,-107615240.0,0.0,-107615232.0,-0.0,0.0,0.0,0.0,0.0,0,0.0,-2.3088162645770607e+20,0.0,0.0,0.0,0.0,0.0,0.0,0.0,0,0,0,0.0,0.0,0.0,0.0,0.0,0.0,0.0,0.0,0.0,0.0,0.0,0.0,0.0,0.0,0.0,0.0,0,-107875648.0,0,0.0,0,-107875648.0,0.0,0,39322,17038,52429,17052,26215,17037,0,0,0,110,100,100,0.0,64.1,0.0,64.9,-107615304.0,68.5,1,49,50,180,0,0,0,0,0.0,0.0,0.0,0.0,4.621046710670459e+18,65.5,0.0,5.595792417950642e+30,0.0,645,0,685,0,0,0,713,0,784,0,707,0,688,0,646,0,640,0,619,0.032,36962304.0,-2.004,-0.0,53648,16789,3.043857562890096e+22,4.223103814314868e+31,-0.0,0.0,0.0,0.0,29.0,60.0,70,0.0,0.0,0.0,0.0,0.0,0.0,0.0,0.0,0.0,0.0,0.0,0.0,0.0,0.0,0.0,0.0,59.2,68,12,65509,41,65476,0,300,0,0,8,20529,65476,0,0,61604,60.0,0.0,0.0,0.0,0.0,0.0
2026-04-04T11:54:04,ERR,ERR,ERR,ERR,ERR,ERR,ERR,ERR,ERR,ERR,ERR,ERR,ERR,ERR,ERR,ERR,ERR,ERR,ERR,ERR,ERR,ERR,ERR,ERR,ERR,ERR,ERR,ERR,ERR,ERR,ERR,ERR,ERR,ERR,ERR,ERR,ERR,ERR,ERR,ERR,ERR,ERR,ERR,ERR,ERR,ERR,ERR,ERR,ERR,ERR,ERR,ERR,ERR,ERR,ERR,ERR,ERR,ERR,ERR,ERR,ERR,ERR,ERR,ERR,ERR,ERR,ERR,ERR,ERR,ERR,ERR,ERR,ERR,ERR,ERR,ERR,ERR,ERR,ERR,ERR,ERR,ERR,ERR,ERR,ERR,ERR,ERR,ERR,ERR,ERR,ERR,ERR,ERR,ERR,ERR,ERR,ERR,ERR,ERR,ERR,ERR,ERR,ERR,ERR,ERR,ERR,ERR,ERR,ERR,ERR,ERR,ERR,ERR,ERR,ERR,ERR,ERR,ERR,ERR,ERR,ERR,ERR,ERR,ERR,ERR,-107615240.0,0.0,-117832800.0,0.0,0.0,0.0,0.0,nan,0,0,0,32768,0,0.0,0,0.0,0.0,0.0,0.0,0.0,0,0,0,0,0.0,0,0,0,0,0,0,0,0,0,0,0,0,0,0,0,0,0,0,0,0,0,0,0,0,0,0,0,0,0,0,0,0,0,0,0,0,0,0,0,0,0,0,0,0,0.0,0.0,0.0,0.0,0.0,0.0,0.0,0.0,0.0,0.0,0.0,0.0,0.0,0.0,0.0,0.0,0.0,0.0,0.0,0.0,0.0,0.0,2.004,-0.0,0.0,-2.004,0.0,0.0,0.0,0.0,3358.0,0.0,0.0,-107615240.0,0.0,-107615232.0,-0.0,0.0,0.0,0.0,0.0,0,0.0,-2.3088162645770607e+20,0.0,0.0,0.0,0.0,0.0,0.0,0.0,0,0,0,0.0,0.0,0.0,0.0,0.0,0.0,0.0,0.0,0.0,0.0,0.0,0.0,0.0,0.0,0.0,0.0,0,-107875648.0,0,0.0,0,-107875648.0,0.0,0,39322,17038,52429,17052,26215,17037,0,0,0,110,100,100,0.0,64.1,0.0,64.9,-107615304.0,68.5,1,49,50,180,0,0,0,0,0.0,0.0,0.0,0.0,4.621046710670459e+18,65.5,0.0,5.595792417950642e+30,0.0,645,0,685,0,0,0,713,0,784,0,707,0,688,0,646,0,640,0,619,0.032,36962304.0,-2.004,-0.0,53648,16789,3.043857562890096e+22,4.223103814314868e+31,-0.0,0.0,0.0,0.0,29.0,60.0,70,0.0,0.0,0.0,0.0,0.0,0.0,0.0,0.0,0.0,0.0,0.0,0.0,0.0,0.0,0.0,0.0,59.2,68,12,65509,41,65476,0,300,0,0,8,20529,65476,0,0,61604,60.0,0.0,0.0,0.0,0.0,0.0
2026-04-04T11:54:05,ERR,ERR,ERR,ERR,ERR,ERR,ERR,ERR,ERR,ERR,ERR,ERR,ERR,ERR,ERR,ERR,ERR,ERR,ERR,ERR,ERR,ERR,ERR,ERR,ERR,ERR,ERR,ERR,ERR,ERR,ERR,ERR,ERR,ERR,ERR,ERR,ERR,ERR,ERR,ERR,ERR,ERR,ERR,ERR,ERR,ERR,ERR,ERR,ERR,ERR,ERR,ERR,ERR,ERR,ERR,ERR,ERR,ERR,ERR,ERR,ERR,ERR,ERR,ERR,ERR,ERR,ERR,ERR,ERR,ERR,ERR,ERR,ERR,ERR,ERR,ERR,ERR,ERR,ERR,ERR,ERR,ERR,ERR,ERR,ERR,ERR,ERR,ERR,ERR,ERR,ERR,ERR,ERR,ERR,ERR,ERR,ERR,ERR,ERR,ERR,ERR,ERR,ERR,ERR,ERR,ERR,ERR,ERR,ERR,ERR,ERR,ERR,ERR,ERR,ERR,ERR,ERR,ERR,ERR,ERR,ERR,ERR,ERR,ERR,ERR,-107615240.0,0.0,-117832800.0,0.0,0.0,0.0,0.0,nan,0,0,0,32768,0,0.0,0,0.0,0.0,0.0,0.0,0.0,0,0,0,0,0.0,0,0,0,0,0,0,0,0,0,0,0,0,0,0,0,0,0,0,0,0,0,0,0,0,0,0,0,0,0,0,0,0,0,0,0,0,0,0,0,0,0,0,0,0,0.0,0.0,0.0,0.0,0.0,0.0,0.0,0.0,0.0,0.0,0.0,0.0,0.0,0.0,0.0,0.0,0.0,0.0,0.0,0.0,0.0,0.0,2.004,-0.0,0.0,-2.004,0.0,0.0,0.0,0.0,3355.5,0.0,0.0,-107615240.0,0.0,-107615232.0,-0.0,0.0,0.0,0.0,0.0,0,0.0,-152016156360704.0,0.0,0.0,0.0,0.0,0.0,0.0,0.0,0,0,0,0.0,0.0,0.0,0.0,0.0,0.0,0.0,0.0,0.0,0.0,0.0,0.0,0.0,0.0,0.0,0.0,0,-107875648.0,0,0.0,0,-107875648.0,0.0,0,39322,17038,52429,17052,26215,17037,0,0,0,110,100,100,0.0,64.1,0.0,64.9,-107615304.0,68.5,1,49,50,180,0,0,0,0,0.0,0.0,0.0,0.0,4.621046710670459e+18,65.5,0.0,5.595792417950642e+30,0.0,645,0,685,0,0,0,713,0,784,0,707,0,688,0,646,0,640,0,619,0.032,36962304.0,-2.004,-0.0,53648,16789,3.043857562890096e+22,4.223103814314868e+31,-0.0,0.0,0.0,0.0,29.0,60.0,70,0.0,0.0,0.0,0.0,0.0,0.0,0.0,0.0,0.0,0.0,0.0,0.0,0.0,0.0,0.0,0.0,59.2,68,12,65509,41,65476,0,300,0,0,8,20529,65476,0,0,61604,60.0,0.0,0.0,0.0,0.0,0.0
2026-04-04T11:54:06,ERR,ERR,ERR,ERR,ERR,ERR,ERR,ERR,ERR,ERR,ERR,ERR,ERR,ERR,ERR,ERR,ERR,ERR,ERR,ERR,ERR,ERR,ERR,ERR,ERR,ERR,ERR,ERR,ERR,ERR,ERR,ERR,ERR,ERR,ERR,ERR,ERR,ERR,ERR,ERR,ERR,ERR,ERR,ERR,ERR,ERR,ERR,ERR,ERR,ERR,ERR,ERR,ERR,ERR,ERR,ERR,ERR,ERR,ERR,ERR,ERR,ERR,ERR,ERR,ERR,ERR,ERR,ERR,ERR,ERR,ERR,ERR,ERR,ERR,ERR,ERR,ERR,ERR,ERR,ERR,ERR,ERR,ERR,ERR,ERR,ERR,ERR,ERR,ERR,ERR,ERR,ERR,ERR,ERR,ERR,ERR,ERR,ERR,ERR,ERR,ERR,ERR,ERR,ERR,ERR,ERR,ERR,ERR,ERR,ERR,ERR,ERR,ERR,ERR,ERR,ERR,ERR,ERR,ERR,ERR,ERR,ERR,ERR,ERR,ERR,-107615240.0,0.0,-117832800.0,0.0,0.0,0.0,0.0,nan,0,0,0,32768,0,0.0,0,0.0,0.0,0.0,0.0,0.0,0,0,0,0,0.0,0,0,0,0,0,0,0,0,0,0,0,0,0,0,0,0,0,0,0,0,0,0,0,0,0,0,0,0,0,0,0,0,0,0,0,0,0,0,0,0,0,0,0,0,0.0,0.0,0.0,0.0,0.0,0.0,0.0,0.0,0.0,0.0,0.0,0.0,0.0,0.0,0.0,0.0,0.0,0.0,0.0,0.0,0.0,0.0,2.004,-0.0,0.0,-2.004,0.0,0.0,0.0,0.0,3355.5,0.0,0.0,-107615240.0,0.0,-107615232.0,-0.0,0.0,0.0,0.0,0.0,0,0.0,-152016156360704.0,0.0,0.0,0.0,0.0,0.0,0.0,0.0,0,0,0,0.0,0.0,0.0,0.0,0.0,0.0,0.0,0.0,0.0,0.0,0.0,0.0,0.0,0.0,0.0,0.0,0,-107875648.0,0,0.0,0,-107875648.0,0.0,0,39322,17038,52429,17052,26215,17037,0,0,0,110,100,100,0.0,64.0,0.0,64.8,-0.0,68.5,1,49,50,180,52429,0,0,0,0.0,0.0,0.0,0.0,1.0110235229349306e+26,65.5,0.0,1.584640931022752e+33,0.0,645,0,685,0,0,0,713,0,784,0,706,0,688,0,645,0,640,0,619,0.032,36962304.0,-2.004,-0.0,50064,16789,119989600256000.0,1.584640931022752e+33,-0.0,1.9351343294417268e+31,0.0,0.0,29.0,60.0,70,0.0,0.0,0.0,0.0,0.0,0.0,0.0,0.0,0.0,0.0,0.0,0.0,0.0,0.0,0.0,0.0,59.6,68,12,65509,41,65476,0,300,0,0,8,20529,65476,0,0,61604,60.0,0.0,0.0,0.0,0.0,0.0
2026-04-04T11:54:07,ERR,ERR,ERR,ERR,ERR,ERR,ERR,ERR,ERR,ERR,ERR,ERR,ERR,ERR,ERR,ERR,ERR,ERR,ERR,ERR,ERR,ERR,ERR,ERR,ERR,ERR,ERR,ERR,ERR,ERR,ERR,ERR,ERR,ERR,ERR,ERR,ERR,ERR,ERR,ERR,ERR,ERR,ERR,ERR,ERR,ERR,ERR,ERR,ERR,ERR,ERR,ERR,ERR,ERR,ERR,ERR,ERR,ERR,ERR,ERR,ERR,ERR,ERR,ERR,ERR,ERR,ERR,ERR,ERR,ERR,ERR,ERR,ERR,ERR,ERR,ERR,ERR,ERR,ERR,ERR,ERR,ERR,ERR,ERR,ERR,ERR,ERR,ERR,ERR,ERR,ERR,ERR,ERR,ERR,ERR,ERR,ERR,ERR,ERR,ERR,ERR,ERR,ERR,ERR,ERR,ERR,ERR,ERR,ERR,ERR,ERR,ERR,ERR,ERR,ERR,ERR,ERR,ERR,ERR,ERR,ERR,ERR,ERR,ERR,ERR,-107615240.0,0.0,-117832800.0,0.0,0.0,0.0,0.0,nan,0,0,0,32768,0,0.0,0,0.0,0.0,0.0,0.0,0.0,0,0,0,0,0.0,0,0,0,0,0,0,0,0,0,0,0,0,0,0,0,0,0,0,0,0,0,0,0,0,0,0,0,0,0,0,0,0,0,0,0,0,0,0,0,0,0,0,0,0,0.0,0.0,0.0,0.0,0.0,0.0,0.0,0.0,0.0,0.0,0.0,0.0,0.0,0.0,0.0,0.0,0.0,0.0,0.0,0.0,0.0,0.0,2.004,-0.0,0.0,-2.004,0.0,0.0,0.0,0.0,3355.5,0.0,0.0,-107615240.0,0.0,-107615232.0,-0.0,0.0,0.0,0.0,0.0,0,0.0,-152016156360704.0,0.0,0.0,0.0,0.0,0.0,0.0,0.0,0,0,0,0.0,0.0,0.0,0.0,0.0,0.0,0.0,0.0,0.0,0.0,0.0,0.0,0.0,0.0,0.0,0.0,0,-107875648.0,0,0.0,0,-107875648.0,0.0,0,39322,17038,52429,17052,26215,17037,0,0,0,110,100,100,0.0,64.0,0.0,64.8,-0.0,68.5,1,49,50,180,52429,0,0,0,0.0,0.0,0.0,0.0,1.0110235229349306e+26,65.5,0.0,1.584640931022752e+33,0.0,645,0,685,0,0,0,713,0,784,0,706,0,688,0,645,0,640,0,619,0.032,36962304.0,-2.004,-0.0,50064,16789,119989600256000.0,1.584640931022752e+33,-0.0,1.9351343294417268e+31,0.0,0.0,29.0,60.0,70,0.0,0.0,0.0,0.0,0.0,0.0,0.0,0.0,0.0,0.0,0.0,0.0,0.0,0.0,0.0,0.0,59.6,68,12,65509,41,65476,0,300,0,0,8,20529,65476,0,0,61604,60.0,0.0,0.0,0.0,0.0,0.0
2026-04-04T11:54:08,ERR,ERR,ERR,ERR,ERR,ERR,ERR,ERR,ERR,ERR,ERR,ERR,ERR,ERR,ERR,ERR,ERR,ERR,ERR,ERR,ERR,ERR,ERR,ERR,ERR,ERR,ERR,ERR,ERR,ERR,ERR,ERR,ERR,ERR,ERR,ERR,ERR,ERR,ERR,ERR,ERR,ERR,ERR,ERR,ERR,ERR,ERR,ERR,ERR,ERR,ERR,ERR,ERR,ERR,ERR,ERR,ERR,ERR,ERR,ERR,ERR,ERR,ERR,ERR,ERR,ERR,ERR,ERR,ERR,ERR,ERR,ERR,ERR,ERR,ERR,ERR,ERR,ERR,ERR,ERR,ERR,ERR,ERR,ERR,ERR,ERR,ERR,ERR,ERR,ERR,ERR,ERR,ERR,ERR,ERR,ERR,ERR,ERR,ERR,ERR,ERR,ERR,ERR,ERR,ERR,ERR,ERR,ERR,ERR,ERR,ERR,ERR,ERR,ERR,ERR,ERR,ERR,ERR,ERR,ERR,ERR,ERR,ERR,ERR,ERR,-107615240.0,0.0,-117832800.0,0.0,0.0,0.0,0.0,nan,0,0,0,32768,0,0.0,0,0.0,0.0,0.0,0.0,0.0,0,0,0,0,0.0,0,0,0,0,0,0,0,0,0,0,0,0,0,0,0,0,0,0,0,0,0,0,0,0,0,0,0,0,0,0,0,0,0,0,0,0,0,0,0,0,0,0,0,0,0.0,0.0,0.0,0.0,0.0,0.0,0.0,0.0,0.0,0.0,0.0,0.0,0.0,0.0,0.0,0.0,0.0,0.0,0.0,0.0,0.0,0.0,2.004,-0.0,0.0,-2.004,0.0,0.0,0.0,0.0,3355.5,0.0,0.0,-107615240.0,0.0,-107615232.0,-0.0,0.0,0.0,0.0,0.0,0,0.0,-152016156360704.0,0.0,0.0,0.0,0.0,0.0,0.0,0.0,0,0,0,0.0,0.0,0.0,0.0,0.0,0.0,0.0,0.0,0.0,0.0,0.0,0.0,0.0,0.0,0.0,0.0,0,-107875648.0,0,0.0,0,-107875648.0,0.0,0,39322,17038,52429,17052,26215,17037,0,0,0,110,100,100,0.0,64.0,0.0,64.8,-0.0,68.5,1,49,50,180,52429,0,0,0,0.0,0.0,0.0,0.0,1.0110235229349306e+26,65.5,0.0,1.584640931022752e+33,0.0,645,0,685,0,0,0,713,0,784,0,706,0,688,0,645,0,640,0,619,0.032,36962304.0,-2.004,-0.0,50064,16789,119989600256000.0,1.584640931022752e+33,-0.0,1.9351343294417268e+31,0.0,0.0,29.0,60.0,70,0.0,0.0,0.0,0.0,0.0,0.0,0.0,0.0,0.0,0.0,0.0,0.0,0.0,0.0,0.0,0.0,59.2,68,12,65509,41,65476,0,300,0,0,8,20529,65476,0,0,61604,60.0,0.0,0.0,0.0,0.0,0.0
2026-04-04T11:54:09,ERR,ERR,ERR,ERR,ERR,ERR,ERR,ERR,ERR,ERR,ERR,ERR,ERR,ERR,ERR,ERR,ERR,ERR,ERR,ERR,ERR,ERR,ERR,ERR,ERR,ERR,ERR,ERR,ERR,ERR,ERR,ERR,ERR,ERR,ERR,ERR,ERR,ERR,ERR,ERR,ERR,ERR,ERR,ERR,ERR,ERR,ERR,ERR,ERR,ERR,ERR,ERR,ERR,ERR,ERR,ERR,ERR,ERR,ERR,ERR,ERR,ERR,ERR,ERR,ERR,ERR,ERR,ERR,ERR,ERR,ERR,ERR,ERR,ERR,ERR,ERR,ERR,ERR,ERR,ERR,ERR,ERR,ERR,ERR,ERR,ERR,ERR,ERR,ERR,ERR,ERR,ERR,ERR,ERR,ERR,ERR,ERR,ERR,ERR,ERR,ERR,ERR,ERR,ERR,ERR,ERR,ERR,ERR,ERR,ERR,ERR,ERR,ERR,ERR,ERR,ERR,ERR,ERR,ERR,ERR,ERR,ERR,ERR,ERR,ERR,-107615240.0,0.0,-117832800.0,0.0,0.0,0.0,0.0,nan,0,0,0,32768,0,0.0,0,0.0,0.0,0.0,0.0,0.0,0,0,0,0,0.0,0,0,0,0,0,0,0,0,0,0,0,0,0,0,0,0,0,0,0,0,0,0,0,0,0,0,0,0,0,0,0,0,0,0,0,0,0,0,0,0,0,0,0,0,0.0,0.0,0.0,0.0,0.0,0.0,0.0,0.0,0.0,0.0,0.0,0.0,0.0,0.0,0.0,0.0,0.0,0.0,0.0,0.0,0.0,0.0,2.004,-0.0,0.0,-2.004,0.0,0.0,0.0,0.0,3355.5,0.0,0.0,-107615240.0,0.0,-107615232.0,-0.0,0.0,0.0,0.0,0.0,0,0.0,-152016156360704.0,0.0,0.0,0.0,0.0,0.0,0.0,0.0,0,0,0,0.0,0.0,0.0,0.0,0.0,0.0,0.0,0.0,0.0,0.0,0.0,0.0,0.0,0.0,0.0,0.0,0,-107875648.0,0,0.0,0,-107875648.0,0.0,0,39322,17038,52429,17052,26215,17037,0,0,0,110,100,100,0.0,64.0,0.0,64.8,-0.0,68.5,1,49,50,180,52429,0,0,0,0.0,0.0,0.0,0.0,1.0110235229349306e+26,65.5,0.0,1.584640931022752e+33,0.0,645,0,685,0,0,0,713,0,784,0,706,0,688,0,645,0,640,0,619,0.032,36962304.0,-2.004,-0.0,50064,16789,119989600256000.0,1.584640931022752e+33,-0.0,1.9351343294417268e+31,0.0,0.0,29.0,60.0,70,0.0,0.0,0.0,0.0,0.0,0.0,0.0,0.0,0.0,0.0,0.0,0.0,0.0,0.0,0.0,0.0,59.2,68,12,65509,41,65476,0,300,0,0,8,20529,65476,0,0,61604,60.0,0.0,0.0,0.0,0.0,0.0
2026-04-04T11:54:10,ERR,ERR,ERR,ERR,ERR,ERR,ERR,ERR,ERR,ERR,ERR,ERR,ERR,ERR,ERR,ERR,ERR,ERR,ERR,ERR,ERR,ERR,ERR,ERR,ERR,ERR,ERR,ERR,ERR,ERR,ERR,ERR,ERR,ERR,ERR,ERR,ERR,ERR,ERR,ERR,ERR,ERR,ERR,ERR,ERR,ERR,ERR,ERR,ERR,ERR,ERR,ERR,ERR,ERR,ERR,ERR,ERR,ERR,ERR,ERR,ERR,ERR,ERR,ERR,ERR,ERR,ERR,ERR,ERR,ERR,ERR,ERR,ERR,ERR,ERR,ERR,ERR,ERR,ERR,ERR,ERR,ERR,ERR,ERR,ERR,ERR,ERR,ERR,ERR,ERR,ERR,ERR,ERR,ERR,ERR,ERR,ERR,ERR,ERR,ERR,ERR,ERR,ERR,ERR,ERR,ERR,ERR,ERR,ERR,ERR,ERR,ERR,ERR,ERR,ERR,ERR,ERR,ERR,ERR,ERR,ERR,ERR,ERR,ERR,ERR,-107615240.0,0.0,-117832800.0,0.0,0.0,0.0,0.0,nan,0,0,0,32768,0,0.0,0,0.0,0.0,0.0,0.0,0.0,0,0,0,0,0.0,0,0,0,0,0,0,0,0,0,0,0,0,0,0,0,0,0,0,0,0,0,0,0,0,0,0,0,0,0,0,0,0,0,0,0,0,0,0,0,0,0,0,0,0,0.0,0.0,0.0,0.0,0.0,0.0,0.0,0.0,0.0,0.0,0.0,0.0,0.0,0.0,0.0,0.0,0.0,0.0,0.0,0.0,0.0,0.0,2.004,-0.0,0.0,-2.004,0.0,0.0,0.0,0.0,3355.5,0.0,0.0,-107615240.0,0.0,-107615232.0,-0.0,0.0,0.0,0.0,0.0,0,0.0,-152016156360704.0,0.0,0.0,0.0,0.0,0.0,0.0,0.0,0,0,0,0.0,0.0,0.0,0.0,0.0,0.0,0.0,0.0,0.0,0.0,0.0,0.0,0.0,0.0,0.0,0.0,0,-107875648.0,0,0.0,0,-107875648.0,0.0,0,39322,17038,52429,17052,13107,17037,0,0,0,110,100,100,0.0,64.0,0.0,64.8,-0.0,68.5,1,49,50,180,0,0,0,0,0.0,0.0,0.0,0.0,124156665856.0,65.5,0.0,3.0963336919792818e+32,0.0,645,0,685,0,0,0,713,0,784,0,707,0,688,0,646,0,640,0,619,0.032,36962304.0,-2.004,-0.0,37008,16789,33570812854272.0,-0.0,-0.0,-4.7459460334818644e+24,0.0,0.0,29.0,60.0,70,0.0,0.0,0.0,0.0,0.0,0.0,0.0,0.0,0.0,0.0,0.0,0.0,0.0,0.0,0.0,0.0,59.6,68,12,65509,41,65476,0,300,0,0,8,20529,65476,0,0,61604,60.0,0.0,0.0,0.0,0.0,0.0
2026-04-04T11:54:11,ERR,ERR,ERR,ERR,ERR,ERR,ERR,ERR,ERR,ERR,ERR,ERR,ERR,ERR,ERR,ERR,ERR,ERR,ERR,ERR,ERR,ERR,ERR,ERR,ERR,ERR,ERR,ERR,ERR,ERR,ERR,ERR,ERR,ERR,ERR,ERR,ERR,ERR,ERR,ERR,ERR,ERR,ERR,ERR,ERR,ERR,ERR,ERR,ERR,ERR,ERR,ERR,ERR,ERR,ERR,ERR,ERR,ERR,ERR,ERR,ERR,ERR,ERR,ERR,ERR,ERR,ERR,ERR,ERR,ERR,ERR,ERR,ERR,ERR,ERR,ERR,ERR,ERR,ERR,ERR,ERR,ERR,ERR,ERR,ERR,ERR,ERR,ERR,ERR,ERR,ERR,ERR,ERR,ERR,ERR,ERR,ERR,ERR,ERR,ERR,ERR,ERR,ERR,ERR,ERR,ERR,ERR,ERR,ERR,ERR,ERR,ERR,ERR,ERR,ERR,ERR,ERR,ERR,ERR,ERR,ERR,ERR,ERR,ERR,ERR,-107615240.0,0.0,-117832800.0,0.0,0.0,0.0,0.0,nan,0,0,0,32768,0,0.0,0,0.0,0.0,0.0,0.0,0.0,0,0,0,0,0.0,0,0,0,0,0,0,0,0,0,0,0,0,0,0,0,0,0,0,0,0,0,0,0,0,0,0,0,0,0,0,0,0,0,0,0,0,0,0,0,0,0,0,0,0,0.0,0.0,0.0,0.0,0.0,0.0,0.0,0.0,0.0,0.0,0.0,0.0,0.0,0.0,0.0,0.0,0.0,0.0,0.0,0.0,0.0,0.0,2.004,-0.0,0.0,-2.004,0.0,0.0,0.0,0.0,3354.5,0.0,0.0,-107615240.0,0.0,-107615232.0,-0.0,0.0,0.0,0.0,0.0,0,-5.8480786593265204e+35,-0.0,0.0,0.0,0.0,0.0,0.0,0.0,0.0,0,0,0,0.0,0.0,0.0,0.0,0.0,0.0,0.0,0.0,0.0,0.0,0.0,0.0,0.0,0.0,0.0,0.0,0,-107875648.0,0,0.0,0,-107875648.0,0.0,0,39322,17038,52429,17052,13107,17037,0,0,0,110,100,100,0.0,64.0,0.0,64.8,-0.0,68.5,1,49,50,180,0,0,0,0,0.0,0.0,0.0,0.0,124156665856.0,65.5,0.0,3.0963336919792818e+32,0.0,645,0,685,0,0,0,713,0,784,0,707,0,688,0,646,0,640,0,619,0.032,36962304.0,-2.004,-0.0,37008,16789,33570812854272.0,-0.0,-0.0,-4.7459460334818644e+24,0.0,0.0,29.0,60.0,70,0.0,0.0,0.0,0.0,0.0,0.0,0.0,0.0,0.0,0.0,0.0,0.0,0.0,0.0,0.0,0.0,59.6,68,12,65509,41,65476,0,300,0,0,8,20529,65476,0,0,61604,60.0,0.0,0.0,0.0,0.0,0.0
2026-04-04T11:54:12,ERR,ERR,ERR,ERR,ERR,ERR,ERR,ERR,ERR,ERR,ERR,ERR,ERR,ERR,ERR,ERR,ERR,ERR,ERR,ERR,ERR,ERR,ERR,ERR,ERR,ERR,ERR,ERR,ERR,ERR,ERR,ERR,ERR,ERR,ERR,ERR,ERR,ERR,ERR,ERR,ERR,ERR,ERR,ERR,ERR,ERR,ERR,ERR,ERR,ERR,ERR,ERR,ERR,ERR,ERR,ERR,ERR,ERR,ERR,ERR,ERR,ERR,ERR,ERR,ERR,ERR,ERR,ERR,ERR,ERR,ERR,ERR,ERR,ERR,ERR,ERR,ERR,ERR,ERR,ERR,ERR,ERR,ERR,ERR,ERR,ERR,ERR,ERR,ERR,ERR,ERR,ERR,ERR,ERR,ERR,ERR,ERR,ERR,ERR,ERR,ERR,ERR,ERR,ERR,ERR,ERR,ERR,ERR,ERR,ERR,ERR,ERR,ERR,ERR,ERR,ERR,ERR,ERR,ERR,ERR,ERR,ERR,ERR,ERR,ERR,-107615240.0,0.0,-117832800.0,0.0,0.0,0.0,0.0,nan,0,0,0,32768,0,0.0,0,0.0,0.0,0.0,0.0,0.0,0,0,0,0,0.0,0,0,0,0,0,0,0,0,0,0,0,0,0,0,0,0,0,0,0,0,0,0,0,0,0,0,0,0,0,0,0,0,0,0,0,0,0,0,0,0,0,0,0,0,0.0,0.0,0.0,0.0,0.0,0.0,0.0,0.0,0.0,0.0,0.0,0.0,0.0,0.0,0.0,0.0,0.0,0.0,0.0,0.0,0.0,0.0,2.004,-0.0,0.0,-2.004,0.0,0.0,0.0,0.0,3354.5,0.0,0.0,-107615240.0,0.0,-107615232.0,-0.0,0.0,0.0,0.0,0.0,0,-5.8480786593265204e+35,-0.0,0.0,0.0,0.0,0.0,0.0,0.0,0.0,0,0,0,0.0,0.0,0.0,0.0,0.0,0.0,0.0,0.0,0.0,0.0,0.0,0.0,0.0,0.0,0.0,0.0,0,-107875648.0,0,0.0,0,-107875648.0,0.0,0,39322,17038,52429,17052,13107,17037,0,0,0,110,100,100,0.0,64.0,0.0,64.8,-0.0,68.5,1,49,50,180,0,0,0,0,0.0,0.0,0.0,0.0,124156665856.0,65.5,0.0,3.0963336919792818e+32,0.0,645,0,685,0,0,0,713,0,784,0,707,0,688,0,646,0,640,0,619,0.032,36962304.0,-2.004,-0.0,37008,16789,33570812854272.0,-0.0,-0.0,-4.7459460334818644e+24,0.0,0.0,29.0,60.0,70,0.0,0.0,0.0,0.0,0.0,0.0,0.0,0.0,0.0,0.0,0.0,0.0,0.0,0.0,0.0,0.0,59.2,68,12,65509,41,65476,0,300,0,0,8,20529,65476,0,0,61604,60.0,0.0,0.0,0.0,0.0,0.0
2026-04-04T11:54:13,ERR,ERR,ERR,ERR,ERR,ERR,ERR,ERR,ERR,ERR,ERR,ERR,ERR,ERR,ERR,ERR,ERR,ERR,ERR,ERR,ERR,ERR,ERR,ERR,ERR,ERR,ERR,ERR,ERR,ERR,ERR,ERR,ERR,ERR,ERR,ERR,ERR,ERR,ERR,ERR,ERR,ERR,ERR,ERR,ERR,ERR,ERR,ERR,ERR,ERR,ERR,ERR,ERR,ERR,ERR,ERR,ERR,ERR,ERR,ERR,ERR,ERR,ERR,ERR,ERR,ERR,ERR,ERR,ERR,ERR,ERR,ERR,ERR,ERR,ERR,ERR,ERR,ERR,ERR,ERR,ERR,ERR,ERR,ERR,ERR,ERR,ERR,ERR,ERR,ERR,ERR,ERR,ERR,ERR,ERR,ERR,ERR,ERR,ERR,ERR,ERR,ERR,ERR,ERR,ERR,ERR,ERR,ERR,ERR,ERR,ERR,ERR,ERR,ERR,ERR,ERR,ERR,ERR,ERR,ERR,ERR,ERR,ERR,ERR,ERR,-107615240.0,0.0,-117832800.0,0.0,0.0,0.0,0.0,nan,0,0,0,32768,0,0.0,0,0.0,0.0,0.0,0.0,0.0,0,0,0,0,0.0,0,0,0,0,0,0,0,0,0,0,0,0,0,0,0,0,0,0,0,0,0,0,0,0,0,0,0,0,0,0,0,0,0,0,0,0,0,0,0,0,0,0,0,0,0.0,0.0,0.0,0.0,0.0,0.0,0.0,0.0,0.0,0.0,0.0,0.0,0.0,0.0,0.0,0.0,0.0,0.0,0.0,0.0,0.0,0.0,2.004,-0.0,0.0,-2.004,0.0,0.0,0.0,0.0,3354.5,0.0,0.0,-107615240.0,0.0,-107615232.0,-0.0,0.0,0.0,0.0,0.0,0,-5.8480786593265204e+35,-0.0,0.0,0.0,0.0,0.0,0.0,0.0,0.0,0,0,0,0.0,0.0,0.0,0.0,0.0,0.0,0.0,0.0,0.0,0.0,0.0,0.0,0.0,0.0,0.0,0.0,0,-107875648.0,0,0.0,0,-107875648.0,0.0,0,39322,17038,52429,17052,13107,17037,0,0,0,110,100,100,0.0,64.1,0.0,64.8,-0.0,68.5,1,49,50,180,0,13107,0,0,0.0,0.0,0.0,0.0,1.807,65.5,0.0,9.272550194723402e+29,0.0,645,0,685,0,0,0,713,0,784,0,706,0,688,0,646,0,640,0,619,0.032,36700160.0,-2.004,-0.0,27920,16789,893992.188,1.3060990874211582e+19,127910780928.0,0.0,-1.9706857694569807e+38,-1.0464615371494923e+28,29.0,60.0,70,0.0,0.0,0.0,0.0,0.0,0.0,0.0,0.0,0.0,0.0,0.0,0.0,0.0,0.0,0.0,0.0,59.2,68,12,65509,41,65476,0,300,0,0,8,20529,65476,0,0,61604,60.0,0.0,0.0,0.0,0.0,0.0
2026-04-04T11:54:14,ERR,ERR,ERR,ERR,ERR,ERR,ERR,ERR,ERR,ERR,ERR,ERR,ERR,ERR,ERR,ERR,ERR,ERR,ERR,ERR,ERR,ERR,ERR,ERR,ERR,ERR,ERR,ERR,ERR,ERR,ERR,ERR,ERR,ERR,ERR,ERR,ERR,ERR,ERR,ERR,ERR,ERR,ERR,ERR,ERR,ERR,ERR,ERR,ERR,ERR,ERR,ERR,ERR,ERR,ERR,ERR,ERR,ERR,ERR,ERR,ERR,ERR,ERR,ERR,ERR,ERR,ERR,ERR,ERR,ERR,ERR,ERR,ERR,ERR,ERR,ERR,ERR,ERR,ERR,ERR,ERR,ERR,ERR,ERR,ERR,ERR,ERR,ERR,ERR,ERR,ERR,ERR,ERR,ERR,ERR,ERR,ERR,ERR,ERR,ERR,ERR,ERR,ERR,ERR,ERR,ERR,ERR,ERR,ERR,ERR,ERR,ERR,ERR,ERR,ERR,ERR,ERR,ERR,ERR,ERR,ERR,ERR,ERR,ERR,ERR,-107615240.0,0.0,-117832800.0,0.0,0.0,0.0,0.0,nan,0,0,0,32768,0,0.0,0,0.0,0.0,0.0,0.0,0.0,0,0,0,0,0.0,0,0,0,0,0,0,0,0,0,0,0,0,0,0,0,0,0,0,0,0,0,0,0,0,0,0,0,0,0,0,0,0,0,0,0,0,0,0,0,0,0,0,0,0,0.0,0.0,0.0,0.0,0.0,0.0,0.0,0.0,0.0,0.0,0.0,0.0,0.0,0.0,0.0,0.0,0.0,0.0,0.0,0.0,0.0,0.0,2.004,-0.0,0.0,-2.004,0.0,0.0,0.0,0.0,3354.5,0.0,0.0,-107615240.0,0.0,-107615232.0,-0.0,0.0,0.0,0.0,0.0,0,-5.8480786593265204e+35,-0.0,0.0,0.0,0.0,0.0,0.0,0.0,0.0,0,0,0,0.0,0.0,0.0,0.0,0.0,0.0,0.0,0.0,0.0,0.0,0.0,0.0,0.0,0.0,0.0,0.0,0,-107875648.0,0,0.0,0,-107875648.0,0.0,0,39322,17038,52429,17052,13107,17037,0,0,0,110,100,100,0.0,64.1,0.0,64.8,-0.0,68.5,1,49,50,180,0,13107,0,0,0.0,0.0,0.0,0.0,1.807,65.5,0.0,9.272550194723402e+29,0.0,645,0,685,0,0,0,713,0,784,0,706,0,688,0,646,0,640,0,619,0.032,36700160.0,-2.004,-0.0,27920,16789,893992.188,1.3060990874211582e+19,127910780928.0,0.0,-1.9706857694569807e+38,-1.0464615371494923e+28,29.0,60.0,70,0.0,0.0,0.0,0.0,0.0,0.0,0.0,0.0,0.0,0.0,0.0,0.0,0.0,0.0,0.0,0.0,59.2,68,12,65509,41,65476,0,300,0,0,8,20529,65476,0,0,61604,60.0,0.0,0.0,0.0,0.0,0.0
2026-04-04T11:54:15,ERR,ERR,ERR,ERR,ERR,ERR,ERR,ERR,ERR,ERR,ERR,ERR,ERR,ERR,ERR,ERR,ERR,ERR,ERR,ERR,ERR,ERR,ERR,ERR,ERR,ERR,ERR,ERR,ERR,ERR,ERR,ERR,ERR,ERR,ERR,ERR,ERR,ERR,ERR,ERR,ERR,ERR,ERR,ERR,ERR,ERR,ERR,ERR,ERR,ERR,ERR,ERR,ERR,ERR,ERR,ERR,ERR,ERR,ERR,ERR,ERR,ERR,ERR,ERR,ERR,ERR,ERR,ERR,ERR,ERR,ERR,ERR,ERR,ERR,ERR,ERR,ERR,ERR,ERR,ERR,ERR,ERR,ERR,ERR,ERR,ERR,ERR,ERR,ERR,ERR,ERR,ERR,ERR,ERR,ERR,ERR,ERR,ERR,ERR,ERR,ERR,ERR,ERR,ERR,ERR,ERR,ERR,ERR,ERR,ERR,ERR,ERR,ERR,ERR,ERR,ERR,ERR,ERR,ERR,ERR,ERR,ERR,ERR,ERR,ERR,-107615240.0,0.0,-117832800.0,0.0,0.0,0.0,0.0,nan,0,0,0,32768,0,0.0,0,0.0,0.0,0.0,0.0,0.0,0,0,0,0,0.0,0,0,0,0,0,0,0,0,0,0,0,0,0,0,0,0,0,0,0,0,0,0,0,0,0,0,0,0,0,0,0,0,0,0,0,0,0,0,0,0,0,0,0,0,0.0,0.0,0.0,0.0,0.0,0.0,0.0,0.0,0.0,0.0,0.0,0.0,0.0,0.0,0.0,0.0,0.0,0.0,0.0,0.0,0.0,0.0,2.004,-0.0,0.0,-2.004,0.0,0.0,0.0,0.0,3354.5,0.0,0.0,-107615240.0,0.0,-107615232.0,-0.0,0.0,0.0,0.0,0.0,0,-5.8480786593265204e+35,-0.0,0.0,0.0,0.0,0.0,0.0,0.0,0.0,0,0,0,0.0,0.0,0.0,0.0,0.0,0.0,0.0,0.0,0.0,0.0,0.0,0.0,0.0,0.0,0.0,0.0,0,-107875648.0,0,0.0,0,-107875648.0,0.0,0,39322,17038,52429,17052,13107,17037,0,0,0,110,100,100,0.0,64.1,0.0,64.8,-0.0,68.5,1,49,50,180,0,13107,0,0,0.0,0.0,0.0,0.0,1.807,65.5,0.0,9.272550194723402e+29,0.0,645,0,685,0,0,0,713,0,784,0,706,0,688,0,646,0,640,0,619,0.032,36700160.0,-2.004,-0.0,27920,16789,893992.188,1.3060990874211582e+19,127910780928.0,0.0,-1.9706857694569807e+38,-1.0464615371494923e+28,29.0,60.0,70,0.0,0.0,0.0,0.0,0.0,0.0,0.0,0.0,0.0,0.0,0.0,0.0,0.0,0.0,0.0,0.0,59.2,68,12,65509,41,65476,0,300,0,0,8,20529,65476,0,0,61604,60.0,0.0,0.0,0.0,0.0,0.0
2026-04-04T11:54:16,ERR,ERR,ERR,ERR,ERR,ERR,ERR,ERR,ERR,ERR,ERR,ERR,ERR,ERR,ERR,ERR,ERR,ERR,ERR,ERR,ERR,ERR,ERR,ERR,ERR,ERR,ERR,ERR,ERR,ERR,ERR,ERR,ERR,ERR,ERR,ERR,ERR,ERR,ERR,ERR,ERR,ERR,ERR,ERR,ERR,ERR,ERR,ERR,ERR,ERR,ERR,ERR,ERR,ERR,ERR,ERR,ERR,ERR,ERR,ERR,ERR,ERR,ERR,ERR,ERR,ERR,ERR,ERR,ERR,ERR,ERR,ERR,ERR,ERR,ERR,ERR,ERR,ERR,ERR,ERR,ERR,ERR,ERR,ERR,ERR,ERR,ERR,ERR,ERR,ERR,ERR,ERR,ERR,ERR,ERR,ERR,ERR,ERR,ERR,ERR,ERR,ERR,ERR,ERR,ERR,ERR,ERR,ERR,ERR,ERR,ERR,ERR,ERR,ERR,ERR,ERR,ERR,ERR,ERR,ERR,ERR,ERR,ERR,ERR,ERR,-107615240.0,0.0,-117832800.0,0.0,0.0,0.0,0.0,nan,0,0,0,32768,0,0.0,0,0.0,0.0,0.0,0.0,0.0,0,0,0,0,0.0,0,0,0,0,0,0,0,0,0,0,0,0,0,0,0,0,0,0,0,0,0,0,0,0,0,0,0,0,0,0,0,0,0,0,0,0,0,0,0,0,0,0,0,0,0.0,0.0,0.0,0.0,0.0,0.0,0.0,0.0,0.0,0.0,0.0,0.0,0.0,0.0,0.0,0.0,0.0,0.0,0.0,0.0,0.0,0.0,2.004,-0.0,0.0,-2.004,0.0,0.0,0.0,0.0,3354.5,0.0,0.0,-107615240.0,0.0,-107615232.0,-0.0,0.0,0.0,0.0,0.0,0,-5.8480786593265204e+35,-0.0,0.0,0.0,0.0,0.0,0.0,0.0,0.0,0,0,0,0.0,0.0,0.0,0.0,0.0,0.0,0.0,0.0,0.0,0.0,0.0,0.0,0.0,0.0,0.0,0.0,0,-107875648.0,0,0.0,0,-107875648.0,0.0,0,39322,17038,52429,17052,13107,17037,0,0,0,110,100,100,0.0,64.1,0.0,64.8,-0.0,68.5,1,49,50,180,0,13107,0,0,0.0,0.0,0.0,0.0,1.807,65.5,0.0,9.272550194723402e+29,0.0,645,0,685,0,0,0,713,0,784,0,706,0,688,0,646,0,640,0,619,0.032,36700160.0,-2.004,-0.0,27920,16789,893992.188,1.3060990874211582e+19,127910780928.0,0.0,-1.9706857694569807e+38,-1.0464615371494923e+28,29.0,60.0,70,0.0,0.0,0.0,0.0,0.0,0.0,0.0,0.0,0.0,0.0,0.0,0.0,0.0,0.0,0.0,0.0,59.2,68,12,65509,41,65476,0,300,0,0,8,20529,65476,0,0,61604,60.0,0.0,0.0,0.0,0.0,0.0
2026-04-04T11:54:17,ERR,ERR,ERR,ERR,ERR,ERR,ERR,ERR,ERR,ERR,ERR,ERR,ERR,ERR,ERR,ERR,ERR,ERR,ERR,ERR,ERR,ERR,ERR,ERR,ERR,ERR,ERR,ERR,ERR,ERR,ERR,ERR,ERR,ERR,ERR,ERR,ERR,ERR,ERR,ERR,ERR,ERR,ERR,ERR,ERR,ERR,ERR,ERR,ERR,ERR,ERR,ERR,ERR,ERR,ERR,ERR,ERR,ERR,ERR,ERR,ERR,ERR,ERR,ERR,ERR,ERR,ERR,ERR,ERR,ERR,ERR,ERR,ERR,ERR,ERR,ERR,ERR,ERR,ERR,ERR,ERR,ERR,ERR,ERR,ERR,ERR,ERR,ERR,ERR,ERR,ERR,ERR,ERR,ERR,ERR,ERR,ERR,ERR,ERR,ERR,ERR,ERR,ERR,ERR,ERR,ERR,ERR,ERR,ERR,ERR,ERR,ERR,ERR,ERR,ERR,ERR,ERR,ERR,ERR,ERR,ERR,ERR,ERR,ERR,ERR,-107615240.0,0.0,-117832800.0,0.0,0.0,0.0,0.0,nan,0,0,0,32768,0,0.0,0,0.0,0.0,0.0,0.0,0.0,0,0,0,0,0.0,0,0,0,0,0,0,0,0,0,0,0,0,0,0,0,0,0,0,0,0,0,0,0,0,0,0,0,0,0,0,0,0,0,0,0,0,0,0,0,0,0,0,0,0,0.0,0.0,0.0,0.0,0.0,0.0,0.0,0.0,0.0,0.0,0.0,0.0,0.0,0.0,0.0,0.0,0.0,0.0,0.0,0.0,0.0,0.0,2.004,-0.0,0.0,-2.004,0.0,0.0,0.0,0.0,3354.0,3.697153148275864e+19,0.0,-107615240.0,0.0,-107615232.0,-0.0,0.0,0.0,0.0,0.0,0,0.0,0.0,0.0,0.0,0.0,0.0,0.0,0.0,0.0,0,0,0,0.0,0.0,0.0,0.0,0.0,0.0,0.0,0.0,0.0,0.0,0.0,0.0,0.0,0.0,0.0,0.0,0,-107875648.0,0,0.0,0,-107875648.0,0.0,0,39322,17038,52429,17052,13107,17037,0,0,0,110,100,100,0.0,64.1,0.0,64.8,-0.0,68.5,1,49,50,180,0,13107,0,0,0.0,0.0,0.0,0.0,1.807,65.5,0.0,9.272550194723402e+29,0.0,645,0,685,0,0,0,713,0,784,0,706,0,688,0,646,0,640,0,619,0.032,36700160.0,-2.004,-0.0,27920,16789,893992.188,1.3060990874211582e+19,127910780928.0,0.0,-1.9706857694569807e+38,-1.0464615371494923e+28,29.0,60.0,70,0.0,0.0,0.0,0.0,0.0,0.0,0.0,0.0,0.0,0.0,0.0,0.0,0.0,0.0,0.0,0.0,59.2,68,12,65509,41,65476,0,300,0,0,8,20529,65476,0,0,61604,60.0,0.0,0.0,0.0,0.0,0.0
2026-04-04T11:54:18,ERR,ERR,ERR,ERR,ERR,ERR,ERR,ERR,ERR,ERR,ERR,ERR,ERR,ERR,ERR,ERR,ERR,ERR,ERR,ERR,ERR,ERR,ERR,ERR,ERR,ERR,ERR,ERR,ERR,ERR,ERR,ERR,ERR,ERR,ERR,ERR,ERR,ERR,ERR,ERR,ERR,ERR,ERR,ERR,ERR,ERR,ERR,ERR,ERR,ERR,ERR,ERR,ERR,ERR,ERR,ERR,ERR,ERR,ERR,ERR,ERR,ERR,ERR,ERR,ERR,ERR,ERR,ERR,ERR,ERR,ERR,ERR,ERR,ERR,ERR,ERR,ERR,ERR,ERR,ERR,ERR,ERR,ERR,ERR,ERR,ERR,ERR,ERR,ERR,ERR,ERR,ERR,ERR,ERR,ERR,ERR,ERR,ERR,ERR,ERR,ERR,ERR,ERR,ERR,ERR,ERR,ERR,ERR,ERR,ERR,ERR,ERR,ERR,ERR,ERR,ERR,ERR,ERR,ERR,ERR,ERR,ERR,ERR,ERR,ERR,-107615240.0,0.0,-117832800.0,0.0,0.0,0.0,0.0,nan,0,0,0,32768,0,0.0,0,0.0,0.0,0.0,0.0,0.0,0,0,0,0,0.0,0,0,0,0,0,0,0,0,0,0,0,0,0,0,0,0,0,0,0,0,0,0,0,0,0,0,0,0,0,0,0,0,0,0,0,0,0,0,0,0,0,0,0,0,0.0,0.0,0.0,0.0,0.0,0.0,0.0,0.0,0.0,0.0,0.0,0.0,0.0,0.0,0.0,0.0,0.0,0.0,0.0,0.0,0.0,0.0,2.004,-0.0,0.0,-2.004,0.0,0.0,0.0,0.0,3354.0,3.697153148275864e+19,0.0,-107615240.0,0.0,-107615232.0,-0.0,0.0,0.0,0.0,0.0,0,0.0,0.0,0.0,0.0,0.0,0.0,0.0,0.0,0.0,0,0,0,0.0,0.0,0.0,0.0,0.0,0.0,0.0,0.0,0.0,0.0,0.0,0.0,0.0,0.0,0.0,0.0,0,-107875648.0,0,0.0,0,-107875648.0,0.0,0,39322,17038,52429,17052,13107,17037,0,0,0,110,100,100,0.0,64.1,0.0,64.8,-0.0,68.5,1,49,50,180,0,0,0,0,0.0,0.0,0.0,0.0,250122.047,65.5,0.0,4.986562132972499e+20,0.0,645,0,685,0,0,0,713,0,784,0,706,0,688,0,646,0,640,0,619,0.032,36962304.0,-2.004,-0.0,51984,16789,5300326760448.0,4.986562132972499e+20,4.240003947475452e+29,-0.0,0.0,0.0,29.0,60.0,70,0.0,0.0,0.0,0.0,0.0,0.0,0.0,0.0,0.0,0.0,0.0,0.0,0.0,0.0,0.0,0.0,59.2,68,12,65509,41,65476,0,300,0,0,8,20529,65476,0,0,61604,60.0,0.0,0.0,0.0,0.0,0.0
2026-04-04T11:54:19,ERR,ERR,ERR,ERR,ERR,ERR,ERR,ERR,ERR,ERR,ERR,ERR,ERR,ERR,ERR,ERR,ERR,ERR,ERR,ERR,ERR,ERR,ERR,ERR,ERR,ERR,ERR,ERR,ERR,ERR,ERR,ERR,ERR,ERR,ERR,ERR,ERR,ERR,ERR,ERR,ERR,ERR,ERR,ERR,ERR,ERR,ERR,ERR,ERR,ERR,ERR,ERR,ERR,ERR,ERR,ERR,ERR,ERR,ERR,ERR,ERR,ERR,ERR,ERR,ERR,ERR,ERR,ERR,ERR,ERR,ERR,ERR,ERR,ERR,ERR,ERR,ERR,ERR,ERR,ERR,ERR,ERR,ERR,ERR,ERR,ERR,ERR,ERR,ERR,ERR,ERR,ERR,ERR,ERR,ERR,ERR,ERR,ERR,ERR,ERR,ERR,ERR,ERR,ERR,ERR,ERR,ERR,ERR,ERR,ERR,ERR,ERR,ERR,ERR,ERR,ERR,ERR,ERR,ERR,ERR,ERR,ERR,ERR,ERR,ERR,-107615240.0,0.0,-117832800.0,0.0,0.0,0.0,0.0,nan,0,0,0,32768,0,0.0,0,0.0,0.0,0.0,0.0,0.0,0,0,0,0,0.0,0,0,0,0,0,0,0,0,0,0,0,0,0,0,0,0,0,0,0,0,0,0,0,0,0,0,0,0,0,0,0,0,0,0,0,0,0,0,0,0,0,0,0,0,0.0,0.0,0.0,0.0,0.0,0.0,0.0,0.0,0.0,0.0,0.0,0.0,0.0,0.0,0.0,0.0,0.0,0.0,0.0,0.0,0.0,0.0,2.004,-0.0,0.0,-2.004,0.0,0.0,0.0,0.0,3354.0,3.697153148275864e+19,0.0,-107615240.0,0.0,-107615232.0,-0.0,0.0,0.0,0.0,0.0,0,0.0,0.0,0.0,0.0,0.0,0.0,0.0,0.0,0.0,0,0,0,0.0,0.0,0.0,0.0,0.0,0.0,0.0,0.0,0.0,0.0,0.0,0.0,0.0,0.0,0.0,0.0,0,-107875648.0,0,0.0,0,-107875648.0,0.0,0,39322,17038,52429,17052,13107,17037,0,0,0,110,100,100,0.0,64.1,0.0,64.8,-0.0,68.5,1,49,50,180,0,0,0,0,0.0,0.0,0.0,0.0,250122.047,65.5,0.0,4.986562132972499e+20,0.0,645,0,685,0,0,0,713,0,784,0,706,0,688,0,646,0,640,0,619,0.032,36962304.0,-2.004,-0.0,51984,16789,5300326760448.0,4.986562132972499e+20,4.240003947475452e+29,-0.0,0.0,0.0,29.0,60.0,70,0.0,0.0,0.0,0.0,0.0,0.0,0.0,0.0,0.0,0.0,0.0,0.0,0.0,0.0,0.0,0.0,59.2,68,12,65509,41,65476,0,300,0,0,8,20529,65476,0,0,61604,60.0,0.0,0.0,0.0,0.0,0.0
2026-04-04T11:54:20,ERR,ERR,ERR,ERR,ERR,ERR,ERR,ERR,ERR,ERR,ERR,ERR,ERR,ERR,ERR,ERR,ERR,ERR,ERR,ERR,ERR,ERR,ERR,ERR,ERR,ERR,ERR,ERR,ERR,ERR,ERR,ERR,ERR,ERR,ERR,ERR,ERR,ERR,ERR,ERR,ERR,ERR,ERR,ERR,ERR,ERR,ERR,ERR,ERR,ERR,ERR,ERR,ERR,ERR,ERR,ERR,ERR,ERR,ERR,ERR,ERR,ERR,ERR,ERR,ERR,ERR,ERR,ERR,ERR,ERR,ERR,ERR,ERR,ERR,ERR,ERR,ERR,ERR,ERR,ERR,ERR,ERR,ERR,ERR,ERR,ERR,ERR,ERR,ERR,ERR,ERR,ERR,ERR,ERR,ERR,ERR,ERR,ERR,ERR,ERR,ERR,ERR,ERR,ERR,ERR,ERR,ERR,ERR,ERR,ERR,ERR,ERR,ERR,ERR,ERR,ERR,ERR,ERR,ERR,ERR,ERR,ERR,ERR,ERR,ERR,-107615240.0,0.0,-117832800.0,0.0,0.0,0.0,0.0,nan,0,0,0,32768,0,0.0,0,0.0,0.0,0.0,0.0,0.0,0,0,0,0,0.0,0,0,0,0,0,0,0,0,0,0,0,0,0,0,0,0,0,0,0,0,0,0,0,0,0,0,0,0,0,0,0,0,0,0,0,0,0,0,0,0,0,0,0,0,0.0,0.0,0.0,0.0,0.0,0.0,0.0,0.0,0.0,0.0,0.0,0.0,0.0,0.0,0.0,0.0,0.0,0.0,0.0,0.0,0.0,0.0,2.004,-0.0,0.0,-2.004,0.0,0.0,0.0,0.0,3354.0,3.697153148275864e+19,0.0,-107615240.0,0.0,-107615232.0,-0.0,0.0,0.0,0.0,0.0,0,0.0,0.0,0.0,0.0,0.0,0.0,0.0,0.0,0.0,0,0,0,0.0,0.0,0.0,0.0,0.0,0.0,0.0,0.0,0.0,0.0,0.0,0.0,0.0,0.0,0.0,0.0,0,-107875648.0,0,0.0,0,-107875648.0,0.0,0,39322,17038,52429,17052,13107,17037,0,0,0,110,100,100,0.0,64.1,0.0,64.8,-0.0,68.5,1,49,50,180,0,0,0,0,0.0,0.0,0.0,0.0,250122.047,65.5,0.0,4.986562132972499e+20,0.0,645,0,685,0,0,0,713,0,784,0,706,0,688,0,646,0,640,0,619,0.032,36962304.0,-2.004,-0.0,51984,16789,5300326760448.0,4.986562132972499e+20,4.240003947475452e+29,-0.0,0.0,0.0,29.0,60.0,70,0.0,0.0,0.0,0.0,0.0,0.0,0.0,0.0,0.0,0.0,0.0,0.0,0.0,0.0,0.0,0.0,59.2,68,12,65509,41,65476,0,300,0,0,8,20529,65476,0,0,61604,60.0,0.0,0.0,0.0,0.0,0.0
2026-04-04T11:54:21,ERR,ERR,ERR,ERR,ERR,ERR,ERR,ERR,ERR,ERR,ERR,ERR,ERR,ERR,ERR,ERR,ERR,ERR,ERR,ERR,ERR,ERR,ERR,ERR,ERR,ERR,ERR,ERR,ERR,ERR,ERR,ERR,ERR,ERR,ERR,ERR,ERR,ERR,ERR,ERR,ERR,ERR,ERR,ERR,ERR,ERR,ERR,ERR,ERR,ERR,ERR,ERR,ERR,ERR,ERR,ERR,ERR,ERR,ERR,ERR,ERR,ERR,ERR,ERR,ERR,ERR,ERR,ERR,ERR,ERR,ERR,ERR,ERR,ERR,ERR,ERR,ERR,ERR,ERR,ERR,ERR,ERR,ERR,ERR,ERR,ERR,ERR,ERR,ERR,ERR,ERR,ERR,ERR,ERR,ERR,ERR,ERR,ERR,ERR,ERR,ERR,ERR,ERR,ERR,ERR,ERR,ERR,ERR,ERR,ERR,ERR,ERR,ERR,ERR,ERR,ERR,ERR,ERR,ERR,ERR,ERR,ERR,ERR,ERR,ERR,-107615240.0,0.0,-117832800.0,0.0,0.0,0.0,0.0,nan,0,0,0,32768,0,0.0,0,0.0,0.0,0.0,0.0,0.0,0,0,0,0,0.0,0,0,0,0,0,0,0,0,0,0,0,0,0,0,0,0,0,0,0,0,0,0,0,0,0,0,0,0,0,0,0,0,0,0,0,0,0,0,0,0,0,0,0,0,0.0,0.0,0.0,0.0,0.0,0.0,0.0,0.0,0.0,0.0,0.0,0.0,0.0,0.0,0.0,0.0,0.0,0.0,0.0,0.0,0.0,0.0,2.004,-0.0,0.0,-2.004,0.0,0.0,0.0,0.0,3354.0,3.697153148275864e+19,0.0,-107615240.0,0.0,-107615232.0,-0.0,0.0,0.0,0.0,0.0,0,0.0,0.0,0.0,0.0,0.0,0.0,0.0,0.0,0.0,0,0,0,0.0,0.0,0.0,0.0,0.0,0.0,0.0,0.0,0.0,0.0,0.0,0.0,0.0,0.0,0.0,0.0,0,-107875648.0,0,0.0,0,-107875648.0,0.0,0,39322,17038,52429,17052,13107,17037,0,0,0,110,100,100,0.0,64.1,0.0,64.8,-0.0,68.5,1,49,50,180,0,0,0,0,0.0,0.0,0.0,0.0,250122.047,65.5,0.0,4.986562132972499e+20,0.0,645,0,685,0,0,0,713,0,784,0,706,0,688,0,646,0,640,0,619,0.032,36962304.0,-2.004,-0.0,51984,16789,5300326760448.0,4.986562132972499e+20,4.240003947475452e+29,-0.0,0.0,0.0,29.0,60.0,70,0.0,0.0,0.0,0.0,0.0,0.0,0.0,0.0,0.0,0.0,0.0,0.0,0.0,0.0,0.0,0.0,59.2,68,12,65509,41,65476,0,300,0,0,8,20529,65476,0,0,61604,60.0,0.0,0.0,0.0,0.0,0.0
2026-04-04T11:54:22,ERR,ERR,ERR,ERR,ERR,ERR,ERR,ERR,ERR,ERR,ERR,ERR,ERR,ERR,ERR,ERR,ERR,ERR,ERR,ERR,ERR,ERR,ERR,ERR,ERR,ERR,ERR,ERR,ERR,ERR,ERR,ERR,ERR,ERR,ERR,ERR,ERR,ERR,ERR,ERR,ERR,ERR,ERR,ERR,ERR,ERR,ERR,ERR,ERR,ERR,ERR,ERR,ERR,ERR,ERR,ERR,ERR,ERR,ERR,ERR,ERR,ERR,ERR,ERR,ERR,ERR,ERR,ERR,ERR,ERR,ERR,ERR,ERR,ERR,ERR,ERR,ERR,ERR,ERR,ERR,ERR,ERR,ERR,ERR,ERR,ERR,ERR,ERR,ERR,ERR,ERR,ERR,ERR,ERR,ERR,ERR,ERR,ERR,ERR,ERR,ERR,ERR,ERR,ERR,ERR,ERR,ERR,ERR,ERR,ERR,ERR,ERR,ERR,ERR,ERR,ERR,ERR,ERR,ERR,ERR,ERR,ERR,ERR,ERR,ERR,-107615240.0,0.0,-117832800.0,0.0,0.0,0.0,0.0,nan,0,0,0,32768,0,0.0,0,0.0,0.0,0.0,0.0,0.0,0,0,0,0,0.0,0,0,0,0,0,0,0,0,0,0,0,0,0,0,0,0,0,0,0,0,0,0,0,0,0,0,0,0,0,0,0,0,0,0,0,0,0,0,0,0,0,0,0,0,0.0,0.0,0.0,0.0,0.0,0.0,0.0,0.0,0.0,0.0,0.0,0.0,0.0,0.0,0.0,0.0,0.0,0.0,0.0,0.0,0.0,0.0,2.004,-0.0,0.0,-2.004,0.0,0.0,0.0,0.0,3354.0,3.697153148275864e+19,0.0,-107615240.0,0.0,-107615232.0,-0.0,0.0,0.0,0.0,0.0,0,0.0,0.0,0.0,0.0,0.0,0.0,0.0,0.0,0.0,0,0,0,0.0,0.0,0.0,0.0,0.0,0.0,0.0,0.0,0.0,0.0,0.0,0.0,0.0,0.0,0.0,0.0,0,-107875648.0,0,0.0,0,-107875648.0,0.0,0,39322,17038,52429,17052,13107,17037,0,0,0,110,100,100,0.0,64.1,0.0,64.8,-0.0,68.5,1,49,50,180,0,0,0,0,0.0,0.0,0.0,0.0,250122.047,65.5,0.0,4.986562132972499e+20,0.0,645,0,685,0,0,0,713,0,784,0,706,0,688,0,646,0,640,0,619,0.032,36962304.0,-2.004,-0.0,51984,16789,5300326760448.0,4.986562132972499e+20,4.240003947475452e+29,-0.0,0.0,0.0,29.0,60.0,70,0.0,0.0,0.0,0.0,0.0,0.0,0.0,0.0,0.0,0.0,0.0,0.0,0.0,0.0,0.0,0.0,59.2,68,12,65509,41,65476,0,300,0,0,8,20529,65476,0,0,61604,60.0,0.0,0.0,0.0,0.0,0.0
2026-04-04T11:54:23,ERR,ERR,ERR,ERR,ERR,ERR,ERR,ERR,ERR,ERR,ERR,ERR,ERR,ERR,ERR,ERR,ERR,ERR,ERR,ERR,ERR,ERR,ERR,ERR,ERR,ERR,ERR,ERR,ERR,ERR,ERR,ERR,ERR,ERR,ERR,ERR,ERR,ERR,ERR,ERR,ERR,ERR,ERR,ERR,ERR,ERR,ERR,ERR,ERR,ERR,ERR,ERR,ERR,ERR,ERR,ERR,ERR,ERR,ERR,ERR,ERR,ERR,ERR,ERR,ERR,ERR,ERR,ERR,ERR,ERR,ERR,ERR,ERR,ERR,ERR,ERR,ERR,ERR,ERR,ERR,ERR,ERR,ERR,ERR,ERR,ERR,ERR,ERR,ERR,ERR,ERR,ERR,ERR,ERR,ERR,ERR,ERR,ERR,ERR,ERR,ERR,ERR,ERR,ERR,ERR,ERR,ERR,ERR,ERR,ERR,ERR,ERR,ERR,ERR,ERR,ERR,ERR,ERR,ERR,ERR,ERR,ERR,ERR,ERR,ERR,-107615240.0,0.0,-117832800.0,0.0,0.0,0.0,0.0,nan,0,0,0,32768,0,0.0,0,0.0,0.0,0.0,0.0,0.0,0,0,0,0,0.0,0,0,0,0,0,0,0,0,0,0,0,0,0,0,0,0,0,0,0,0,0,0,0,0,0,0,0,0,0,0,0,0,0,0,0,0,0,0,0,0,0,0,0,0,0.0,0.0,0.0,0.0,0.0,0.0,0.0,0.0,0.0,0.0,0.0,0.0,0.0,0.0,0.0,0.0,0.0,0.0,0.0,0.0,0.0,0.0,2.004,-0.0,0.0,-2.004,0.0,0.0,0.0,0.0,3354.0,3.697153148275864e+19,0.0,-107615240.0,0.0,-107615232.0,-0.0,0.0,0.0,0.0,0.0,0,0.0,0.0,0.0,0.0,0.0,0.0,0.0,0.0,0.0,0,0,0,0.0,0.0,0.0,0.0,0.0,0.0,0.0,0.0,0.0,0.0,0.0,0.0,0.0,0.0,0.0,0.0,0,-107875648.0,0,0.0,0,-107875648.0,0.0,0,39322,17038,52429,17052,13107,17037,0,0,0,110,100,100,0.0,64.1,0.0,64.8,-0.0,68.5,1,49,50,180,0,0,0,0,0.0,0.0,0.0,0.0,250122.047,65.5,0.0,4.986562132972499e+20,0.0,645,0,685,0,0,0,713,0,784,0,706,0,688,0,646,0,640,0,619,0.032,36962304.0,-2.004,-0.0,51984,16789,5300326760448.0,4.986562132972499e+20,4.240003947475452e+29,-0.0,0.0,0.0,29.0,60.0,70,0.0,0.0,0.0,0.0,0.0,0.0,0.0,0.0,0.0,0.0,0.0,0.0,0.0,0.0,0.0,0.0,59.6,68,12,65509,41,65476,0,300,0,0,8,20529,65476,0,0,61604,60.0,0.0,0.0,0.0,0.0,0.0
2026-04-04T11:54:24,ERR,ERR,ERR,ERR,ERR,ERR,ERR,ERR,ERR,ERR,ERR,ERR,ERR,ERR,ERR,ERR,ERR,ERR,ERR,ERR,ERR,ERR,ERR,ERR,ERR,ERR,ERR,ERR,ERR,ERR,ERR,ERR,ERR,ERR,ERR,ERR,ERR,ERR,ERR,ERR,ERR,ERR,ERR,ERR,ERR,ERR,ERR,ERR,ERR,ERR,ERR,ERR,ERR,ERR,ERR,ERR,ERR,ERR,ERR,ERR,ERR,ERR,ERR,ERR,ERR,ERR,ERR,ERR,ERR,ERR,ERR,ERR,ERR,ERR,ERR,ERR,ERR,ERR,ERR,ERR,ERR,ERR,ERR,ERR,ERR,ERR,ERR,ERR,ERR,ERR,ERR,ERR,ERR,ERR,ERR,ERR,ERR,ERR,ERR,ERR,ERR,ERR,ERR,ERR,ERR,ERR,ERR,ERR,ERR,ERR,ERR,ERR,ERR,ERR,ERR,ERR,ERR,ERR,ERR,ERR,ERR,ERR,ERR,ERR,ERR,-107615240.0,0.0,-117832800.0,0.0,0.0,0.0,0.0,nan,0,0,0,32768,0,0.0,0,0.0,0.0,0.0,0.0,0.0,0,0,0,0,0.0,0,0,0,0,0,0,0,0,0,0,0,0,0,0,0,0,0,0,0,0,0,0,0,0,0,0,0,0,0,0,0,0,0,0,0,0,0,0,0,0,0,0,0,0,0.0,0.0,0.0,0.0,0.0,0.0,0.0,0.0,0.0,0.0,0.0,0.0,0.0,0.0,0.0,0.0,0.0,0.0,0.0,0.0,0.0,0.0,2.004,-0.0,0.0,-2.004,0.0,0.0,0.0,0.0,3354.0,3.697153148275864e+19,0.0,-107615240.0,0.0,-107615232.0,-0.0,0.0,0.0,0.0,0.0,0,0.0,0.0,0.0,0.0,0.0,0.0,0.0,0.0,0.0,0,0,0,0.0,0.0,0.0,0.0,0.0,0.0,0.0,0.0,0.0,0.0,0.0,0.0,0.0,0.0,0.0,0.0,0,-107875648.0,0,0.0,0,-107875648.0,0.0,0,39322,17038,52429,17052,13107,17037,0,0,0,110,100,100,0.0,64.1,0.0,64.9,-0.0,68.5,1,49,50,180,0,0,0,0,0.0,0.0,0.0,0.0,1.009976403061375e+18,65.5,0.0,-0.0,0.0,645,0,685,0,0,0,713,0,784,0,706,0,688,0,646,0,640,0,619,0.032,36700160.0,-2.004,-0.0,35984,16789,20219142.0,-0.0,2.3595374400471447e+30,-0.0,0.0,0.0,29.0,60.0,70,0.0,0.0,0.0,0.0,0.0,0.0,0.0,0.0,0.0,0.0,0.0,0.0,0.0,0.0,0.0,0.0,59.6,68,12,65509,41,65476,0,300,0,0,8,20529,65476,0,0,61604,60.0,0.0,0.0,0.0,0.0,0.0
2026-04-04T11:54:25,ERR,ERR,ERR,ERR,ERR,ERR,ERR,ERR,ERR,ERR,ERR,ERR,ERR,ERR,ERR,ERR,ERR,ERR,ERR,ERR,ERR,ERR,ERR,ERR,ERR,ERR,ERR,ERR,ERR,ERR,ERR,ERR,ERR,ERR,ERR,ERR,ERR,ERR,ERR,ERR,ERR,ERR,ERR,ERR,ERR,ERR,ERR,ERR,ERR,ERR,ERR,ERR,ERR,ERR,ERR,ERR,ERR,ERR,ERR,ERR,ERR,ERR,ERR,ERR,ERR,ERR,ERR,ERR,ERR,ERR,ERR,ERR,ERR,ERR,ERR,ERR,ERR,ERR,ERR,ERR,ERR,ERR,ERR,ERR,ERR,ERR,ERR,ERR,ERR,ERR,ERR,ERR,ERR,ERR,ERR,ERR,ERR,ERR,ERR,ERR,ERR,ERR,ERR,ERR,ERR,ERR,ERR,ERR,ERR,ERR,ERR,ERR,ERR,ERR,ERR,ERR,ERR,ERR,ERR,ERR,ERR,ERR,ERR,ERR,ERR,-107615240.0,0.0,-117832800.0,0.0,0.0,0.0,0.0,nan,0,0,0,32768,0,0.0,0,0.0,0.0,0.0,0.0,0.0,0,0,0,0,0.0,0,0,0,0,0,0,0,0,0,0,0,0,0,0,0,0,0,0,0,0,0,0,0,0,0,0,0,0,0,0,0,0,0,0,0,0,0,0,0,0,0,0,0,0,0.0,0.0,0.0,0.0,0.0,0.0,0.0,0.0,0.0,0.0,0.0,0.0,0.0,0.0,0.0,0.0,0.0,0.0,0.0,0.0,0.0,0.0,2.004,-0.0,0.0,-2.004,0.0,0.0,0.0,0.0,3357.0,8608105472.0,0.0,-107615240.0,0.0,-107615232.0,-0.0,0.0,0.0,0.0,0.0,0,0.0,0.0,0.0,0.0,0.0,0.0,0.0,0.0,0.0,0,0,0,0.0,0.0,0.0,0.0,0.0,0.0,0.0,0.0,0.0,0.0,0.0,0.0,0.0,0.0,0.0,0.0,0,-107875648.0,0,0.0,0,-107875648.0,0.0,0,39322,17038,52429,17052,13107,17037,0,0,0,110,100,100,0.0,64.1,0.0,64.9,-0.0,68.5,1,49,50,180,0,0,0,0,0.0,0.0,0.0,0.0,1.009976403061375e+18,65.5,0.0,-0.0,0.0,645,0,685,0,0,0,713,0,784,0,706,0,688,0,646,0,640,0,619,0.032,36700160.0,-2.004,-0.0,35984,16789,20219142.0,-0.0,2.3595374400471447e+30,-0.0,0.0,0.0,29.0,60.0,70,0.0,0.0,0.0,0.0,0.0,0.0,0.0,0.0,0.0,0.0,0.0,0.0,0.0,0.0,0.0,0.0,59.6,68,12,65509,41,65476,0,300,0,0,8,20529,65476,0,0,61604,60.0,0.0,0.0,0.0,0.0,0.0
2026-04-04T11:54:26,ERR,ERR,ERR,ERR,ERR,ERR,ERR,ERR,ERR,ERR,ERR,ERR,ERR,ERR,ERR,ERR,ERR,ERR,ERR,ERR,ERR,ERR,ERR,ERR,ERR,ERR,ERR,ERR,ERR,ERR,ERR,ERR,ERR,ERR,ERR,ERR,ERR,ERR,ERR,ERR,ERR,ERR,ERR,ERR,ERR,ERR,ERR,ERR,ERR,ERR,ERR,ERR,ERR,ERR,ERR,ERR,ERR,ERR,ERR,ERR,ERR,ERR,ERR,ERR,ERR,ERR,ERR,ERR,ERR,ERR,ERR,ERR,ERR,ERR,ERR,ERR,ERR,ERR,ERR,ERR,ERR,ERR,ERR,ERR,ERR,ERR,ERR,ERR,ERR,ERR,ERR,ERR,ERR,ERR,ERR,ERR,ERR,ERR,ERR,ERR,ERR,ERR,ERR,ERR,ERR,ERR,ERR,ERR,ERR,ERR,ERR,ERR,ERR,ERR,ERR,ERR,ERR,ERR,ERR,ERR,ERR,ERR,ERR,ERR,ERR,-107615240.0,0.0,-117832800.0,0.0,0.0,0.0,0.0,nan,0,0,0,32768,0,0.0,0,0.0,0.0,0.0,0.0,0.0,0,0,0,0,0.0,0,0,0,0,0,0,0,0,0,0,0,0,0,0,0,0,0,0,0,0,0,0,0,0,0,0,0,0,0,0,0,0,0,0,0,0,0,0,0,0,0,0,0,0,0.0,0.0,0.0,0.0,0.0,0.0,0.0,0.0,0.0,0.0,0.0,0.0,0.0,0.0,0.0,0.0,0.0,0.0,0.0,0.0,0.0,0.0,2.004,-0.0,0.0,-2.004,0.0,0.0,0.0,0.0,3357.0,8608105472.0,0.0,-107615240.0,0.0,-107615232.0,-0.0,0.0,0.0,0.0,0.0,0,0.0,0.0,0.0,0.0,0.0,0.0,0.0,0.0,0.0,0,0,0,0.0,0.0,0.0,0.0,0.0,0.0,0.0,0.0,0.0,0.0,0.0,0.0,0.0,0.0,0.0,0.0,0,-107875648.0,0,0.0,0,-107875648.0,0.0,0,39322,17038,52429,17052,13107,17037,0,0,0,110,100,100,0.0,64.1,0.0,64.9,-0.0,68.5,1,49,50,180,0,0,0,0,0.0,0.0,0.0,0.0,1.009976403061375e+18,65.5,0.0,-0.0,0.0,645,0,685,0,0,0,713,0,784,0,706,0,688,0,646,0,640,0,619,0.032,36700160.0,-2.004,-0.0,35984,16789,20219142.0,-0.0,2.3595374400471447e+30,-0.0,0.0,0.0,29.0,60.0,70,0.0,0.0,0.0,0.0,0.0,0.0,0.0,0.0,0.0,0.0,0.0,0.0,0.0,0.0,0.0,0.0,59.2,68,12,65509,41,65476,0,300,0,0,8,20529,65476,0,0,61604,60.0,0.0,0.0,0.0,0.0,0.0
2026-04-04T11:54:27,ERR,ERR,ERR,ERR,ERR,ERR,ERR,ERR,ERR,ERR,ERR,ERR,ERR,ERR,ERR,ERR,ERR,ERR,ERR,ERR,ERR,ERR,ERR,ERR,ERR,ERR,ERR,ERR,ERR,ERR,ERR,ERR,ERR,ERR,ERR,ERR,ERR,ERR,ERR,ERR,ERR,ERR,ERR,ERR,ERR,ERR,ERR,ERR,ERR,ERR,ERR,ERR,ERR,ERR,ERR,ERR,ERR,ERR,ERR,ERR,ERR,ERR,ERR,ERR,ERR,ERR,ERR,ERR,ERR,ERR,ERR,ERR,ERR,ERR,ERR,ERR,ERR,ERR,ERR,ERR,ERR,ERR,ERR,ERR,ERR,ERR,ERR,ERR,ERR,ERR,ERR,ERR,ERR,ERR,ERR,ERR,ERR,ERR,ERR,ERR,ERR,ERR,ERR,ERR,ERR,ERR,ERR,ERR,ERR,ERR,ERR,ERR,ERR,ERR,ERR,ERR,ERR,ERR,ERR,ERR,ERR,ERR,ERR,ERR,ERR,-107615240.0,0.0,-117832800.0,0.0,0.0,0.0,0.0,nan,0,0,0,32768,0,0.0,0,0.0,0.0,0.0,0.0,0.0,0,0,0,0,0.0,0,0,0,0,0,0,0,0,0,0,0,0,0,0,0,0,0,0,0,0,0,0,0,0,0,0,0,0,0,0,0,0,0,0,0,0,0,0,0,0,0,0,0,0,0.0,0.0,0.0,0.0,0.0,0.0,0.0,0.0,0.0,0.0,0.0,0.0,0.0,0.0,0.0,0.0,0.0,0.0,0.0,0.0,0.0,0.0,2.004,-0.0,0.0,-2.004,0.0,0.0,0.0,0.0,3357.0,8608105472.0,0.0,-107615240.0,0.0,-107615232.0,-0.0,0.0,0.0,0.0,0.0,0,0.0,0.0,0.0,0.0,0.0,0.0,0.0,0.0,0.0,0,0,0,0.0,0.0,0.0,0.0,0.0,0.0,0.0,0.0,0.0,0.0,0.0,0.0,0.0,0.0,0.0,0.0,0,-107875648.0,0,0.0,0,-107875648.0,0.0,0,39322,17038,52429,17052,13107,17037,0,0,0,110,100,100,0.0,64.1,0.0,64.9,-0.0,68.5,1,49,50,180,0,0,0,0,0.0,0.0,0.0,0.0,1.009976403061375e+18,65.5,0.0,-0.0,0.0,645,0,685,0,0,0,713,0,784,0,706,0,688,0,646,0,640,0,619,0.032,36700160.0,-2.004,-0.0,35984,16789,20219142.0,-0.0,2.3595374400471447e+30,-0.0,0.0,0.0,29.0,60.0,70,0.0,0.0,0.0,0.0,0.0,0.0,0.0,0.0,0.0,0.0,0.0,0.0,0.0,0.0,0.0,0.0,59.2,68,12,65509,41,65476,0,300,0,0,8,20529,65476,0,0,61604,60.0,0.0,0.0,0.0,0.0,0.0
2026-04-04T11:54:28,ERR,ERR,ERR,ERR,ERR,ERR,ERR,ERR,ERR,ERR,ERR,ERR,ERR,ERR,ERR,ERR,ERR,ERR,ERR,ERR,ERR,ERR,ERR,ERR,ERR,ERR,ERR,ERR,ERR,ERR,ERR,ERR,ERR,ERR,ERR,ERR,ERR,ERR,ERR,ERR,ERR,ERR,ERR,ERR,ERR,ERR,ERR,ERR,ERR,ERR,ERR,ERR,ERR,ERR,ERR,ERR,ERR,ERR,ERR,ERR,ERR,ERR,ERR,ERR,ERR,ERR,ERR,ERR,ERR,ERR,ERR,ERR,ERR,ERR,ERR,ERR,ERR,ERR,ERR,ERR,ERR,ERR,ERR,ERR,ERR,ERR,ERR,ERR,ERR,ERR,ERR,ERR,ERR,ERR,ERR,ERR,ERR,ERR,ERR,ERR,ERR,ERR,ERR,ERR,ERR,ERR,ERR,ERR,ERR,ERR,ERR,ERR,ERR,ERR,ERR,ERR,ERR,ERR,ERR,ERR,ERR,ERR,ERR,ERR,ERR,-107615240.0,0.0,-117832800.0,0.0,0.0,0.0,0.0,nan,0,0,0,32768,0,0.0,0,0.0,0.0,0.0,0.0,0.0,0,0,0,0,0.0,0,0,0,0,0,0,0,0,0,0,0,0,0,0,0,0,0,0,0,0,0,0,0,0,0,0,0,0,0,0,0,0,0,0,0,0,0,0,0,0,0,0,0,0,0.0,0.0,0.0,0.0,0.0,0.0,0.0,0.0,0.0,0.0,0.0,0.0,0.0,0.0,0.0,0.0,0.0,0.0,0.0,0.0,0.0,0.0,2.004,-0.0,0.0,-2.004,0.0,0.0,0.0,0.0,3357.0,8608105472.0,0.0,-107615240.0,0.0,-107615232.0,-0.0,0.0,0.0,0.0,0.0,0,0.0,0.0,0.0,0.0,0.0,0.0,0.0,0.0,0.0,0,0,0,0.0,0.0,0.0,0.0,0.0,0.0,0.0,0.0,0.0,0.0,0.0,0.0,0.0,0.0,0.0,0.0,0,-107875648.0,0,0.0,0,-107875648.0,0.0,0,39322,17038,52429,17052,13107,17037,0,0,0,110,100,100,0.0,64.1,0.0,64.9,-0.0,68.5,1,49,50,180,0,0,0,0,0.0,0.0,0.0,0.0,1.009976403061375e+18,65.5,0.0,-0.0,0.0,645,0,685,0,0,0,713,0,784,0,706,0,688,0,646,0,640,0,619,0.032,36700160.0,-2.004,-0.0,35984,16789,20219142.0,-0.0,2.3595374400471447e+30,-0.0,0.0,0.0,29.0,60.0,70,0.0,0.0,0.0,0.0,0.0,0.0,0.0,0.0,0.0,0.0,0.0,0.0,0.0,0.0,0.0,0.0,59.2,68,12,65509,41,65476,0,300,0,0,8,20529,65476,0,0,61604,60.0,0.0,0.0,0.0,0.0,0.0
2026-04-04T11:54:29,ERR,ERR,ERR,ERR,ERR,ERR,ERR,ERR,ERR,ERR,ERR,ERR,ERR,ERR,ERR,ERR,ERR,ERR,ERR,ERR,ERR,ERR,ERR,ERR,ERR,ERR,ERR,ERR,ERR,ERR,ERR,ERR,ERR,ERR,ERR,ERR,ERR,ERR,ERR,ERR,ERR,ERR,ERR,ERR,ERR,ERR,ERR,ERR,ERR,ERR,ERR,ERR,ERR,ERR,ERR,ERR,ERR,ERR,ERR,ERR,ERR,ERR,ERR,ERR,ERR,ERR,ERR,ERR,ERR,ERR,ERR,ERR,ERR,ERR,ERR,ERR,ERR,ERR,ERR,ERR,ERR,ERR,ERR,ERR,ERR,ERR,ERR,ERR,ERR,ERR,ERR,ERR,ERR,ERR,ERR,ERR,ERR,ERR,ERR,ERR,ERR,ERR,ERR,ERR,ERR,ERR,ERR,ERR,ERR,ERR,ERR,ERR,ERR,ERR,ERR,ERR,ERR,ERR,ERR,ERR,ERR,ERR,ERR,ERR,ERR,-107615240.0,0.0,-117832800.0,0.0,0.0,0.0,0.0,nan,0,0,0,32768,0,0.0,0,0.0,0.0,0.0,0.0,0.0,0,0,0,0,0.0,0,0,0,0,0,0,0,0,0,0,0,0,0,0,0,0,0,0,0,0,0,0,0,0,0,0,0,0,0,0,0,0,0,0,0,0,0,0,0,0,0,0,0,0,0.0,0.0,0.0,0.0,0.0,0.0,0.0,0.0,0.0,0.0,0.0,0.0,0.0,0.0,0.0,0.0,0.0,0.0,0.0,0.0,0.0,0.0,2.004,-0.0,0.0,-2.004,0.0,0.0,0.0,0.0,3357.0,8608105472.0,0.0,-107615240.0,0.0,-107615232.0,-0.0,0.0,0.0,0.0,0.0,0,0.0,0.0,0.0,0.0,0.0,0.0,0.0,0.0,0.0,0,0,0,0.0,0.0,0.0,0.0,0.0,0.0,0.0,0.0,0.0,0.0,0.0,0.0,0.0,0.0,0.0,0.0,0,-107875648.0,0,0.0,0,-107875648.0,0.0,0,39322,17038,52429,17052,13107,17037,0,0,0,110,100,100,0.0,64.1,0.0,64.9,-0.0,68.5,1,49,50,180,0,0,0,0,0.0,0.0,0.0,0.0,1.009976403061375e+18,65.5,0.0,-0.0,0.0,645,0,685,0,0,0,713,0,784,0,706,0,688,0,646,0,640,0,619,0.032,36700160.0,-2.004,-0.0,35984,16789,20219142.0,-0.0,2.3595374400471447e+30,-0.0,0.0,0.0,29.0,60.0,70,0.0,0.0,0.0,0.0,0.0,0.0,0.0,0.0,0.0,0.0,0.0,0.0,0.0,0.0,0.0,0.0,59.2,68,12,65509,41,65476,0,300,0,0,8,20529,65476,0,0,61604,60.0,0.0,0.0,0.0,0.0,0.0
2026-04-04T11:54:30,ERR,ERR,ERR,ERR,ERR,ERR,ERR,ERR,ERR,ERR,ERR,ERR,ERR,ERR,ERR,ERR,ERR,ERR,ERR,ERR,ERR,ERR,ERR,ERR,ERR,ERR,ERR,ERR,ERR,ERR,ERR,ERR,ERR,ERR,ERR,ERR,ERR,ERR,ERR,ERR,ERR,ERR,ERR,ERR,ERR,ERR,ERR,ERR,ERR,ERR,ERR,ERR,ERR,ERR,ERR,ERR,ERR,ERR,ERR,ERR,ERR,ERR,ERR,ERR,ERR,ERR,ERR,ERR,ERR,ERR,ERR,ERR,ERR,ERR,ERR,ERR,ERR,ERR,ERR,ERR,ERR,ERR,ERR,ERR,ERR,ERR,ERR,ERR,ERR,ERR,ERR,ERR,ERR,ERR,ERR,ERR,ERR,ERR,ERR,ERR,ERR,ERR,ERR,ERR,ERR,ERR,ERR,ERR,ERR,ERR,ERR,ERR,ERR,ERR,ERR,ERR,ERR,ERR,ERR,ERR,ERR,ERR,ERR,ERR,ERR,-107615240.0,0.0,-117832800.0,0.0,0.0,0.0,0.0,nan,0,0,0,32768,0,0.0,0,0.0,0.0,0.0,0.0,0.0,0,0,0,0,0.0,0,0,0,0,0,0,0,0,0,0,0,0,0,0,0,0,0,0,0,0,0,0,0,0,0,0,0,0,0,0,0,0,0,0,0,0,0,0,0,0,0,0,0,0,0.0,0.0,0.0,0.0,0.0,0.0,0.0,0.0,0.0,0.0,0.0,0.0,0.0,0.0,0.0,0.0,0.0,0.0,0.0,0.0,0.0,0.0,2.004,-0.0,0.0,-2.004,0.0,0.0,0.0,0.0,3357.0,8608105472.0,0.0,-107615240.0,0.0,-107615232.0,-0.0,0.0,0.0,0.0,0.0,0,0.0,0.0,0.0,0.0,0.0,0.0,0.0,0.0,0.0,0,0,0,0.0,0.0,0.0,0.0,0.0,0.0,0.0,0.0,0.0,0.0,0.0,0.0,0.0,0.0,0.0,0.0,0,-107875648.0,0,0.0,0,-107875648.0,0.0,0,39322,17038,52429,17052,13107,17037,0,0,0,110,100,100,0.0,64.0,0.0,64.8,-0.0,68.5,1,49,50,180,0,0,0,0,0.0,0.0,0.0,0.0,8.346285392265216e+16,65.5,0.0,-0.0,0.0,645,0,685,0,0,0,713,0,784,0,706,0,688,0,646,0,640,0,619,0.032,37224448.0,-2.004,-0.0,33936,16789,7.113978154449308e+20,-0.0,-0.0,1.7905351957279488e+32,0.031,0.997,29.0,60.0,70,0.0,0.0,0.0,0.0,0.0,0.0,0.0,0.0,0.0,0.0,0.0,0.0,0.0,0.0,0.0,0.0,59.2,68,12,65509,41,65476,0,300,0,0,8,20529,65476,0,0,61604,60.0,0.0,0.0,0.0,0.0,0.0
2026-04-04T11:54:31,ERR,ERR,ERR,ERR,ERR,ERR,ERR,ERR,ERR,ERR,ERR,ERR,ERR,ERR,ERR,ERR,ERR,ERR,ERR,ERR,ERR,ERR,ERR,ERR,ERR,ERR,ERR,ERR,ERR,ERR,ERR,ERR,ERR,ERR,ERR,ERR,ERR,ERR,ERR,ERR,ERR,ERR,ERR,ERR,ERR,ERR,ERR,ERR,ERR,ERR,ERR,ERR,ERR,ERR,ERR,ERR,ERR,ERR,ERR,ERR,ERR,ERR,ERR,ERR,ERR,ERR,ERR,ERR,ERR,ERR,ERR,ERR,ERR,ERR,ERR,ERR,ERR,ERR,ERR,ERR,ERR,ERR,ERR,ERR,ERR,ERR,ERR,ERR,ERR,ERR,ERR,ERR,ERR,ERR,ERR,ERR,ERR,ERR,ERR,ERR,ERR,ERR,ERR,ERR,ERR,ERR,ERR,ERR,ERR,ERR,ERR,ERR,ERR,ERR,ERR,ERR,ERR,ERR,ERR,ERR,ERR,ERR,ERR,ERR,ERR,-107615240.0,0.0,-117832800.0,0.0,0.0,0.0,0.0,nan,0,0,0,32768,0,0.0,0,0.0,0.0,0.0,0.0,0.0,0,0,0,0,0.0,0,0,0,0,0,0,0,0,0,0,0,0,0,0,0,0,0,0,0,0,0,0,0,0,0,0,0,0,0,0,0,0,0,0,0,0,0,0,0,0,0,0,0,0,0.0,0.0,0.0,0.0,0.0,0.0,0.0,0.0,0.0,0.0,0.0,0.0,0.0,0.0,0.0,0.0,0.0,0.0,0.0,0.0,0.0,0.0,2.004,-0.0,0.0,-2.004,0.0,0.0,0.0,0.0,3357.0,8608105472.0,0.0,-107615240.0,0.0,-107615232.0,-0.0,0.0,0.0,0.0,0.0,0,0.0,0.0,0.0,0.0,0.0,0.0,0.0,0.0,0.0,0,0,0,0.0,0.0,0.0,0.0,0.0,0.0,0.0,0.0,0.0,0.0,0.0,0.0,0.0,0.0,0.0,0.0,0,-107875648.0,0,0.0,0,-107875648.0,0.0,0,39322,17038,52429,17052,13107,17037,0,0,0,110,100,100,0.0,64.0,0.0,64.8,-0.0,68.5,1,49,50,180,0,0,0,0,0.0,0.0,0.0,0.0,8.346285392265216e+16,65.5,0.0,-0.0,0.0,645,0,685,0,0,0,713,0,784,0,706,0,688,0,646,0,640,0,619,0.032,37224448.0,-2.004,-0.0,33936,16789,7.113978154449308e+20,-0.0,-0.0,1.7905351957279488e+32,0.031,0.997,29.0,60.0,70,0.0,0.0,0.0,0.0,0.0,0.0,0.0,0.0,0.0,0.0,0.0,0.0,0.0,0.0,0.0,0.0,59.2,68,12,65509,41,65476,0,300,0,0,8,20529,65476,0,0,61604,60.0,0.0,0.0,0.0,0.0,0.0
2026-04-04T11:54:32,ERR,ERR,ERR,ERR,ERR,ERR,ERR,ERR,ERR,ERR,ERR,ERR,ERR,ERR,ERR,ERR,ERR,ERR,ERR,ERR,ERR,ERR,ERR,ERR,ERR,ERR,ERR,ERR,ERR,ERR,ERR,ERR,ERR,ERR,ERR,ERR,ERR,ERR,ERR,ERR,ERR,ERR,ERR,ERR,ERR,ERR,ERR,ERR,ERR,ERR,ERR,ERR,ERR,ERR,ERR,ERR,ERR,ERR,ERR,ERR,ERR,ERR,ERR,ERR,ERR,ERR,ERR,ERR,ERR,ERR,ERR,ERR,ERR,ERR,ERR,ERR,ERR,ERR,ERR,ERR,ERR,ERR,ERR,ERR,ERR,ERR,ERR,ERR,ERR,ERR,ERR,ERR,ERR,ERR,ERR,ERR,ERR,ERR,ERR,ERR,ERR,ERR,ERR,ERR,ERR,ERR,ERR,ERR,ERR,ERR,ERR,ERR,ERR,ERR,ERR,ERR,ERR,ERR,ERR,ERR,ERR,ERR,ERR,ERR,ERR,-107615240.0,0.0,-117832800.0,0.0,0.0,0.0,0.0,nan,0,0,0,32768,0,0.0,0,0.0,0.0,0.0,0.0,0.0,0,0,0,0,0.0,0,0,0,0,0,0,0,0,0,0,0,0,0,0,0,0,0,0,0,0,0,0,0,0,0,0,0,0,0,0,0,0,0,0,0,0,0,0,0,0,0,0,0,0,0.0,0.0,0.0,0.0,0.0,0.0,0.0,0.0,0.0,0.0,0.0,0.0,0.0,0.0,0.0,0.0,0.0,0.0,0.0,0.0,0.0,0.0,2.004,-0.0,0.0,-2.004,0.0,0.0,0.0,0.0,3357.0,8608105472.0,0.0,-107615240.0,0.0,-107615232.0,-0.0,0.0,0.0,0.0,0.0,0,0.0,0.0,0.0,0.0,0.0,0.0,0.0,0.0,0.0,0,0,0,0.0,0.0,0.0,0.0,0.0,0.0,0.0,0.0,0.0,0.0,0.0,0.0,0.0,0.0,0.0,0.0,0,-107875648.0,0,0.0,0,-107875648.0,0.0,0,39322,17038,52429,17052,13107,17037,0,0,0,110,100,100,0.0,64.0,0.0,64.8,-0.0,68.5,1,49,50,180,0,0,0,0,0.0,0.0,0.0,0.0,8.346285392265216e+16,65.5,0.0,-0.0,0.0,645,0,685,0,0,0,713,0,784,0,706,0,688,0,646,0,640,0,619,0.032,37224448.0,-2.004,-0.0,33936,16789,7.113978154449308e+20,-0.0,-0.0,1.7905351957279488e+32,0.031,0.997,29.0,60.0,70,0.0,0.0,0.0,0.0,0.0,0.0,0.0,0.0,0.0,0.0,0.0,0.0,0.0,0.0,0.0,0.0,59.2,68,12,65509,41,65476,0,300,0,0,8,20529,65476,0,0,61604,60.0,0.0,0.0,0.0,0.0,0.0
2026-04-04T11:54:33,ERR,ERR,ERR,ERR,ERR,ERR,ERR,ERR,ERR,ERR,ERR,ERR,ERR,ERR,ERR,ERR,ERR,ERR,ERR,ERR,ERR,ERR,ERR,ERR,ERR,ERR,ERR,ERR,ERR,ERR,ERR,ERR,ERR,ERR,ERR,ERR,ERR,ERR,ERR,ERR,ERR,ERR,ERR,ERR,ERR,ERR,ERR,ERR,ERR,ERR,ERR,ERR,ERR,ERR,ERR,ERR,ERR,ERR,ERR,ERR,ERR,ERR,ERR,ERR,ERR,ERR,ERR,ERR,ERR,ERR,ERR,ERR,ERR,ERR,ERR,ERR,ERR,ERR,ERR,ERR,ERR,ERR,ERR,ERR,ERR,ERR,ERR,ERR,ERR,ERR,ERR,ERR,ERR,ERR,ERR,ERR,ERR,ERR,ERR,ERR,ERR,ERR,ERR,ERR,ERR,ERR,ERR,ERR,ERR,ERR,ERR,ERR,ERR,ERR,ERR,ERR,ERR,ERR,ERR,ERR,ERR,ERR,ERR,ERR,ERR,-107615240.0,0.0,-117832800.0,0.0,0.0,0.0,0.0,nan,0,0,0,32768,0,0.0,0,0.0,0.0,0.0,0.0,0.0,0,0,0,0,0.0,0,0,0,0,0,0,0,0,0,0,0,0,0,0,0,0,0,0,0,0,0,0,0,0,0,0,0,0,0,0,0,0,0,0,0,0,0,0,0,0,0,0,0,0,0.0,0.0,0.0,0.0,0.0,0.0,0.0,0.0,0.0,0.0,0.0,0.0,0.0,0.0,0.0,0.0,0.0,0.0,0.0,0.0,0.0,0.0,2.004,-0.0,0.0,-2.004,0.0,0.0,0.0,0.0,3354.5,0.0,0.0,-107615240.0,0.0,-107615232.0,-0.0,0.0,0.0,0.0,0.0,0,0.0,-107614248.0,0.0,0.0,0.0,0.0,0.0,0.0,0.0,0,0,0,0.0,0.0,0.0,0.0,0.0,0.0,0.0,0.0,0.0,0.0,0.0,0.0,0.0,0.0,0.0,0.0,0,-107875648.0,0,0.0,0,-107875648.0,0.0,0,39322,17038,52429,17052,13107,17037,0,0,0,110,100,100,0.0,64.0,0.0,64.8,-0.0,68.5,1,49,50,180,0,0,0,0,0.0,0.0,0.0,0.0,8.346285392265216e+16,65.5,0.0,-0.0,0.0,645,0,685,0,0,0,713,0,784,0,706,0,688,0,646,0,640,0,619,0.032,37224448.0,-2.004,-0.0,33936,16789,7.113978154449308e+20,-0.0,-0.0,1.7905351957279488e+32,0.031,0.997,29.0,60.0,70,0.0,0.0,0.0,0.0,0.0,0.0,0.0,0.0,0.0,0.0,0.0,0.0,0.0,0.0,0.0,0.0,59.2,68,12,65509,41,65476,0,300,0,0,8,20529,65476,0,0,61604,60.0,0.0,0.0,0.0,0.0,0.0
2026-04-04T11:54:34,ERR,ERR,ERR,ERR,ERR,ERR,ERR,ERR,ERR,ERR,ERR,ERR,ERR,ERR,ERR,ERR,ERR,ERR,ERR,ERR,ERR,ERR,ERR,ERR,ERR,ERR,ERR,ERR,ERR,ERR,ERR,ERR,ERR,ERR,ERR,ERR,ERR,ERR,ERR,ERR,ERR,ERR,ERR,ERR,ERR,ERR,ERR,ERR,ERR,ERR,ERR,ERR,ERR,ERR,ERR,ERR,ERR,ERR,ERR,ERR,ERR,ERR,ERR,ERR,ERR,ERR,ERR,ERR,ERR,ERR,ERR,ERR,ERR,ERR,ERR,ERR,ERR,ERR,ERR,ERR,ERR,ERR,ERR,ERR,ERR,ERR,ERR,ERR,ERR,ERR,ERR,ERR,ERR,ERR,ERR,ERR,ERR,ERR,ERR,ERR,ERR,ERR,ERR,ERR,ERR,ERR,ERR,ERR,ERR,ERR,ERR,ERR,ERR,ERR,ERR,ERR,ERR,ERR,ERR,ERR,ERR,ERR,ERR,ERR,ERR,-107615240.0,0.0,-117832800.0,0.0,0.0,0.0,0.0,nan,0,0,0,32768,0,0.0,0,0.0,0.0,0.0,0.0,0.0,0,0,0,0,0.0,0,0,0,0,0,0,0,0,0,0,0,0,0,0,0,0,0,0,0,0,0,0,0,0,0,0,0,0,0,0,0,0,0,0,0,0,0,0,0,0,0,0,0,0,0.0,0.0,0.0,0.0,0.0,0.0,0.0,0.0,0.0,0.0,0.0,0.0,0.0,0.0,0.0,0.0,0.0,0.0,0.0,0.0,0.0,0.0,2.004,-0.0,0.0,-2.004,0.0,0.0,0.0,0.0,3354.5,0.0,0.0,-107615240.0,0.0,-107615232.0,-0.0,0.0,0.0,0.0,0.0,0,0.0,-107614248.0,0.0,0.0,0.0,0.0,0.0,0.0,0.0,0,0,0,0.0,0.0,0.0,0.0,0.0,0.0,0.0,0.0,0.0,0.0,0.0,0.0,0.0,0.0,0.0,0.0,0,-107875648.0,0,0.0,0,-107875648.0,0.0,0,39322,17038,52429,17052,13107,17037,0,0,0,110,100,100,0.0,64.0,0.0,64.8,-0.0,68.5,1,49,50,180,0,0,0,0,0.0,0.0,0.0,0.0,8.346285392265216e+16,65.5,0.0,-0.0,0.0,645,0,685,0,0,0,713,0,784,0,706,0,688,0,646,0,640,0,619,0.032,37224448.0,-2.004,-0.0,33936,16789,7.113978154449308e+20,-0.0,-0.0,1.7905351957279488e+32,0.031,0.997,29.0,60.0,70,0.0,0.0,0.0,0.0,0.0,0.0,0.0,0.0,0.0,0.0,0.0,0.0,0.0,0.0,0.0,0.0,59.2,68,12,65509,41,65476,0,300,0,0,8,20529,65476,0,0,61604,60.0,0.0,0.0,0.0,0.0,0.0
2026-04-04T11:54:35,ERR,ERR,ERR,ERR,ERR,ERR,ERR,ERR,ERR,ERR,ERR,ERR,ERR,ERR,ERR,ERR,ERR,ERR,ERR,ERR,ERR,ERR,ERR,ERR,ERR,ERR,ERR,ERR,ERR,ERR,ERR,ERR,ERR,ERR,ERR,ERR,ERR,ERR,ERR,ERR,ERR,ERR,ERR,ERR,ERR,ERR,ERR,ERR,ERR,ERR,ERR,ERR,ERR,ERR,ERR,ERR,ERR,ERR,ERR,ERR,ERR,ERR,ERR,ERR,ERR,ERR,ERR,ERR,ERR,ERR,ERR,ERR,ERR,ERR,ERR,ERR,ERR,ERR,ERR,ERR,ERR,ERR,ERR,ERR,ERR,ERR,ERR,ERR,ERR,ERR,ERR,ERR,ERR,ERR,ERR,ERR,ERR,ERR,ERR,ERR,ERR,ERR,ERR,ERR,ERR,ERR,ERR,ERR,ERR,ERR,ERR,ERR,ERR,ERR,ERR,ERR,ERR,ERR,ERR,ERR,ERR,ERR,ERR,ERR,ERR,-107615240.0,0.0,-117832800.0,0.0,0.0,0.0,0.0,nan,0,0,0,32768,0,0.0,0,0.0,0.0,0.0,0.0,0.0,0,0,0,0,0.0,0,0,0,0,0,0,0,0,0,0,0,0,0,0,0,0,0,0,0,0,0,0,0,0,0,0,0,0,0,0,0,0,0,0,0,0,0,0,0,0,0,0,0,0,0.0,0.0,0.0,0.0,0.0,0.0,0.0,0.0,0.0,0.0,0.0,0.0,0.0,0.0,0.0,0.0,0.0,0.0,0.0,0.0,0.0,0.0,2.004,-0.0,0.0,-2.004,0.0,0.0,0.0,0.0,3354.5,0.0,0.0,-107615240.0,0.0,-107615232.0,-0.0,0.0,0.0,0.0,0.0,0,0.0,-107614248.0,0.0,0.0,0.0,0.0,0.0,0.0,0.0,0,0,0,0.0,0.0,0.0,0.0,0.0,0.0,0.0,0.0,0.0,0.0,0.0,0.0,0.0,0.0,0.0,0.0,0,-107875648.0,0,0.0,0,-107875648.0,0.0,0,39322,17038,52429,17052,13107,17037,0,0,0,110,100,100,0.0,64.0,0.0,64.8,-0.0,68.5,1,49,50,180,0,0,0,0,0.0,0.0,0.0,0.0,8.346285392265216e+16,65.5,0.0,-0.0,0.0,645,0,685,0,0,0,713,0,784,0,706,0,688,0,646,0,640,0,619,0.032,37224448.0,-2.004,-0.0,33936,16789,7.113978154449308e+20,-0.0,-0.0,1.7905351957279488e+32,0.031,0.997,29.0,60.0,70,0.0,0.0,0.0,0.0,0.0,0.0,0.0,0.0,0.0,0.0,0.0,0.0,0.0,0.0,0.0,0.0,59.2,68,12,65509,41,65476,0,300,0,0,8,20529,65476,0,0,61604,60.0,0.0,0.0,0.0,0.0,0.0
2026-04-04T11:54:36,ERR,ERR,ERR,ERR,ERR,ERR,ERR,ERR,ERR,ERR,ERR,ERR,ERR,ERR,ERR,ERR,ERR,ERR,ERR,ERR,ERR,ERR,ERR,ERR,ERR,ERR,ERR,ERR,ERR,ERR,ERR,ERR,ERR,ERR,ERR,ERR,ERR,ERR,ERR,ERR,ERR,ERR,ERR,ERR,ERR,ERR,ERR,ERR,ERR,ERR,ERR,ERR,ERR,ERR,ERR,ERR,ERR,ERR,ERR,ERR,ERR,ERR,ERR,ERR,ERR,ERR,ERR,ERR,ERR,ERR,ERR,ERR,ERR,ERR,ERR,ERR,ERR,ERR,ERR,ERR,ERR,ERR,ERR,ERR,ERR,ERR,ERR,ERR,ERR,ERR,ERR,ERR,ERR,ERR,ERR,ERR,ERR,ERR,ERR,ERR,ERR,ERR,ERR,ERR,ERR,ERR,ERR,ERR,ERR,ERR,ERR,ERR,ERR,ERR,ERR,ERR,ERR,ERR,ERR,ERR,ERR,ERR,ERR,ERR,ERR,-107615240.0,0.0,-117832800.0,0.0,0.0,0.0,0.0,nan,0,0,0,32768,0,0.0,0,0.0,0.0,0.0,0.0,0.0,0,0,0,0,0.0,0,0,0,0,0,0,0,0,0,0,0,0,0,0,0,0,0,0,0,0,0,0,0,0,0,0,0,0,0,0,0,0,0,0,0,0,0,0,0,0,0,0,0,0,0.0,0.0,0.0,0.0,0.0,0.0,0.0,0.0,0.0,0.0,0.0,0.0,0.0,0.0,0.0,0.0,0.0,0.0,0.0,0.0,0.0,0.0,2.004,-0.0,0.0,-2.004,0.0,0.0,0.0,0.0,3354.5,0.0,0.0,-107615240.0,0.0,-107615232.0,-0.0,0.0,0.0,0.0,0.0,0,0.0,-107614248.0,0.0,0.0,0.0,0.0,0.0,0.0,0.0,0,0,0,0.0,0.0,0.0,0.0,0.0,0.0,0.0,0.0,0.0,0.0,0.0,0.0,0.0,0.0,0.0,0.0,0,-107875648.0,0,0.0,0,-107875648.0,0.0,0,39322,17038,52429,17052,13107,17037,0,0,0,110,100,100,0.0,64.0,0.0,64.8,-107615304.0,68.5,1,49,50,180,0,0,0,0,0.0,0.0,0.0,0.0,792791034626048.0,65.5,0.0,0.0,0.0,645,0,685,0,0,0,713,0,784,0,706,0,688,0,646,0,640,0,619,0.032,36962304.0,-2.004,-0.0,41616,16789,9025481856778240.0,0.0,-5.790858464830222e+23,-1.4654175010881536e+16,1.8105042248075837e+19,2.4009460099424428e+27,29.0,60.0,70,0.0,0.0,0.0,0.0,0.0,0.0,0.0,0.0,0.0,0.0,0.0,0.0,0.0,0.0,0.0,0.0,59.2,68,12,65509,41,65476,0,300,0,0,8,20529,65476,0,0,61604,60.0,0.0,0.0,0.0,0.0,0.0
2026-04-04T11:54:37,ERR,ERR,ERR,ERR,ERR,ERR,ERR,ERR,ERR,ERR,ERR,ERR,ERR,ERR,ERR,ERR,ERR,ERR,ERR,ERR,ERR,ERR,ERR,ERR,ERR,ERR,ERR,ERR,ERR,ERR,ERR,ERR,ERR,ERR,ERR,ERR,ERR,ERR,ERR,ERR,ERR,ERR,ERR,ERR,ERR,ERR,ERR,ERR,ERR,ERR,ERR,ERR,ERR,ERR,ERR,ERR,ERR,ERR,ERR,ERR,ERR,ERR,ERR,ERR,ERR,ERR,ERR,ERR,ERR,ERR,ERR,ERR,ERR,ERR,ERR,ERR,ERR,ERR,ERR,ERR,ERR,ERR,ERR,ERR,ERR,ERR,ERR,ERR,ERR,ERR,ERR,ERR,ERR,ERR,ERR,ERR,ERR,ERR,ERR,ERR,ERR,ERR,ERR,ERR,ERR,ERR,ERR,ERR,ERR,ERR,ERR,ERR,ERR,ERR,ERR,ERR,ERR,ERR,ERR,ERR,ERR,ERR,ERR,ERR,ERR,-107615240.0,0.0,-117832800.0,0.0,0.0,0.0,0.0,nan,0,0,0,32768,0,0.0,0,0.0,0.0,0.0,0.0,0.0,0,0,0,0,0.0,0,0,0,0,0,0,0,0,0,0,0,0,0,0,0,0,0,0,0,0,0,0,0,0,0,0,0,0,0,0,0,0,0,0,0,0,0,0,0,0,0,0,0,0,0.0,0.0,0.0,0.0,0.0,0.0,0.0,0.0,0.0,0.0,0.0,0.0,0.0,0.0,0.0,0.0,0.0,0.0,0.0,0.0,0.0,0.0,2.004,-0.0,0.0,-2.004,0.0,0.0,0.0,0.0,3354.5,0.0,0.0,-107615240.0,0.0,-107615232.0,-0.0,0.0,0.0,0.0,0.0,0,0.0,-107614248.0,0.0,0.0,0.0,0.0,0.0,0.0,0.0,0,0,0,0.0,0.0,0.0,0.0,0.0,0.0,0.0,0.0,0.0,0.0,0.0,0.0,0.0,0.0,0.0,0.0,0,-107875648.0,0,0.0,0,-107875648.0,0.0,0,39322,17038,52429,17052,13107,17037,0,0,0,110,100,100,0.0,64.0,0.0,64.8,-107615304.0,68.5,1,49,50,180,0,0,0,0,0.0,0.0,0.0,0.0,792791034626048.0,65.5,0.0,0.0,0.0,645,0,685,0,0,0,713,0,784,0,706,0,688,0,646,0,640,0,619,0.032,36962304.0,-2.004,-0.0,41616,16789,9025481856778240.0,0.0,-5.790858464830222e+23,-1.4654175010881536e+16,1.8105042248075837e+19,2.4009460099424428e+27,29.0,60.0,70,0.0,0.0,0.0,0.0,0.0,0.0,0.0,0.0,0.0,0.0,0.0,0.0,0.0,0.0,0.0,0.0,59.2,68,12,65509,41,65476,0,300,0,0,8,20529,65476,0,0,61604,60.0,0.0,0.0,0.0,0.0,0.0
2026-04-04T11:54:38,ERR,ERR,ERR,ERR,ERR,ERR,ERR,ERR,ERR,ERR,ERR,ERR,ERR,ERR,ERR,ERR,ERR,ERR,ERR,ERR,ERR,ERR,ERR,ERR,ERR,ERR,ERR,ERR,ERR,ERR,ERR,ERR,ERR,ERR,ERR,ERR,ERR,ERR,ERR,ERR,ERR,ERR,ERR,ERR,ERR,ERR,ERR,ERR,ERR,ERR,ERR,ERR,ERR,ERR,ERR,ERR,ERR,ERR,ERR,ERR,ERR,ERR,ERR,ERR,ERR,ERR,ERR,ERR,ERR,ERR,ERR,ERR,ERR,ERR,ERR,ERR,ERR,ERR,ERR,ERR,ERR,ERR,ERR,ERR,ERR,ERR,ERR,ERR,ERR,ERR,ERR,ERR,ERR,ERR,ERR,ERR,ERR,ERR,ERR,ERR,ERR,ERR,ERR,ERR,ERR,ERR,ERR,ERR,ERR,ERR,ERR,ERR,ERR,ERR,ERR,ERR,ERR,ERR,ERR,ERR,ERR,ERR,ERR,ERR,ERR,-107615240.0,0.0,-117832800.0,0.0,0.0,0.0,0.0,nan,0,0,0,32768,0,0.0,0,0.0,0.0,0.0,0.0,0.0,0,0,0,0,0.0,0,0,0,0,0,0,0,0,0,0,0,0,0,0,0,0,0,0,0,0,0,0,0,0,0,0,0,0,0,0,0,0,0,0,0,0,0,0,0,0,0,0,0,0,0.0,0.0,0.0,0.0,0.0,0.0,0.0,0.0,0.0,0.0,0.0,0.0,0.0,0.0,0.0,0.0,0.0,0.0,0.0,0.0,0.0,0.0,2.004,-0.0,0.0,-2.004,0.0,0.0,0.0,0.0,3354.5,0.0,0.0,-107615240.0,0.0,-107615232.0,-0.0,0.0,0.0,0.0,0.0,0,0.0,-107614248.0,0.0,0.0,0.0,0.0,0.0,0.0,0.0,0,0,0,0.0,0.0,0.0,0.0,0.0,0.0,0.0,0.0,0.0,0.0,0.0,0.0,0.0,0.0,0.0,0.0,0,-107875648.0,0,0.0,0,-107875648.0,0.0,0,39322,17038,52429,17052,13107,17037,0,0,0,110,100,100,0.0,64.0,0.0,64.8,-107615304.0,68.5,1,49,50,180,0,0,0,0,0.0,0.0,0.0,0.0,792791034626048.0,65.5,0.0,0.0,0.0,645,0,685,0,0,0,713,0,784,0,706,0,688,0,646,0,640,0,619,0.032,36962304.0,-2.004,-0.0,41616,16789,9025481856778240.0,0.0,-5.790858464830222e+23,-1.4654175010881536e+16,1.8105042248075837e+19,2.4009460099424428e+27,29.0,60.0,70,0.0,0.0,0.0,0.0,0.0,0.0,0.0,0.0,0.0,0.0,0.0,0.0,0.0,0.0,0.0,0.0,59.2,68,12,65509,41,65476,0,300,0,0,8,20529,65476,0,0,61604,60.0,0.0,0.0,0.0,0.0,0.0
2026-04-04T11:54:39,ERR,ERR,ERR,ERR,ERR,ERR,ERR,ERR,ERR,ERR,ERR,ERR,ERR,ERR,ERR,ERR,ERR,ERR,ERR,ERR,ERR,ERR,ERR,ERR,ERR,ERR,ERR,ERR,ERR,ERR,ERR,ERR,ERR,ERR,ERR,ERR,ERR,ERR,ERR,ERR,ERR,ERR,ERR,ERR,ERR,ERR,ERR,ERR,ERR,ERR,ERR,ERR,ERR,ERR,ERR,ERR,ERR,ERR,ERR,ERR,ERR,ERR,ERR,ERR,ERR,ERR,ERR,ERR,ERR,ERR,ERR,ERR,ERR,ERR,ERR,ERR,ERR,ERR,ERR,ERR,ERR,ERR,ERR,ERR,ERR,ERR,ERR,ERR,ERR,ERR,ERR,ERR,ERR,ERR,ERR,ERR,ERR,ERR,ERR,ERR,ERR,ERR,ERR,ERR,ERR,ERR,ERR,ERR,ERR,ERR,ERR,ERR,ERR,ERR,ERR,ERR,ERR,ERR,ERR,ERR,ERR,ERR,ERR,ERR,ERR,-107615240.0,0.0,-117832800.0,0.0,0.0,0.0,0.0,nan,0,0,0,32768,0,0.0,0,0.0,0.0,0.0,0.0,0.0,0,0,0,0,0.0,0,0,0,0,0,0,0,0,0,0,0,0,0,0,0,0,0,0,0,0,0,0,0,0,0,0,0,0,0,0,0,0,0,0,0,0,0,0,0,0,0,0,0,0,0.0,0.0,0.0,0.0,0.0,0.0,0.0,0.0,0.0,0.0,0.0,0.0,0.0,0.0,0.0,0.0,0.0,0.0,0.0,0.0,0.0,0.0,2.004,-0.0,0.0,-2.004,0.0,0.0,0.0,0.0,3354.5,0.0,0.0,-107615240.0,0.0,-107615232.0,-0.0,0.0,0.0,0.0,0.0,0,0.0,-107614248.0,0.0,0.0,0.0,0.0,0.0,0.0,0.0,0,0,0,0.0,0.0,0.0,0.0,0.0,0.0,0.0,0.0,0.0,0.0,0.0,0.0,0.0,0.0,0.0,0.0,0,-107875648.0,0,0.0,0,-107875648.0,0.0,0,39322,17038,52429,17052,13107,17037,0,0,0,110,100,100,0.0,64.0,0.0,64.8,-107615304.0,68.5,1,49,50,180,0,0,0,0,0.0,0.0,0.0,0.0,792791034626048.0,65.5,0.0,0.0,0.0,645,0,685,0,0,0,713,0,784,0,706,0,688,0,646,0,640,0,619,0.032,36962304.0,-2.004,-0.0,41616,16789,9025481856778240.0,0.0,-5.790858464830222e+23,-1.4654175010881536e+16,1.8105042248075837e+19,2.4009460099424428e+27,29.0,60.0,70,0.0,0.0,0.0,0.0,0.0,0.0,0.0,0.0,0.0,0.0,0.0,0.0,0.0,0.0,0.0,0.0,59.6,68,12,65509,41,65476,0,300,0,0,8,20529,65476,0,0,61604,60.0,0.0,0.0,0.0,0.0,0.0
2026-04-04T11:54:40,ERR,ERR,ERR,ERR,ERR,ERR,ERR,ERR,ERR,ERR,ERR,ERR,ERR,ERR,ERR,ERR,ERR,ERR,ERR,ERR,ERR,ERR,ERR,ERR,ERR,ERR,ERR,ERR,ERR,ERR,ERR,ERR,ERR,ERR,ERR,ERR,ERR,ERR,ERR,ERR,ERR,ERR,ERR,ERR,ERR,ERR,ERR,ERR,ERR,ERR,ERR,ERR,ERR,ERR,ERR,ERR,ERR,ERR,ERR,ERR,ERR,ERR,ERR,ERR,ERR,ERR,ERR,ERR,ERR,ERR,ERR,ERR,ERR,ERR,ERR,ERR,ERR,ERR,ERR,ERR,ERR,ERR,ERR,ERR,ERR,ERR,ERR,ERR,ERR,ERR,ERR,ERR,ERR,ERR,ERR,ERR,ERR,ERR,ERR,ERR,ERR,ERR,ERR,ERR,ERR,ERR,ERR,ERR,ERR,ERR,ERR,ERR,ERR,ERR,ERR,ERR,ERR,ERR,ERR,ERR,ERR,ERR,ERR,ERR,ERR,-107615240.0,0.0,-117832800.0,0.0,0.0,0.0,0.0,nan,0,0,0,32768,0,0.0,0,0.0,0.0,0.0,0.0,0.0,0,0,0,0,0.0,0,0,0,0,0,0,0,0,0,0,0,0,0,0,0,0,0,0,0,0,0,0,0,0,0,0,0,0,0,0,0,0,0,0,0,0,0,0,0,0,0,0,0,0,0.0,0.0,0.0,0.0,0.0,0.0,0.0,0.0,0.0,0.0,0.0,0.0,0.0,0.0,0.0,0.0,0.0,0.0,0.0,0.0,0.0,0.0,2.004,-0.0,0.0,-2.004,0.0,0.0,0.0,0.0,3358.0,0.0,0.0,-107615240.0,0.0,-107615232.0,-0.0,0.0,0.0,0.0,0.0,0,0.0,-107614248.0,0.0,0.0,0.0,0.0,0.0,0.0,0.0,0,0,0,0.0,0.0,0.0,0.0,0.0,0.0,0.0,0.0,0.0,0.0,0.0,0.0,0.0,0.0,0.0,0.0,0,-107875648.0,0,0.0,0,-107875648.0,0.0,0,39322,17038,52429,17052,13107,17037,0,0,0,110,100,100,0.0,64.0,0.0,64.8,-107615304.0,68.5,1,49,50,180,0,0,0,0,0.0,0.0,0.0,0.0,792791034626048.0,65.5,0.0,0.0,0.0,645,0,685,0,0,0,713,0,784,0,706,0,688,0,646,0,640,0,619,0.032,36962304.0,-2.004,-0.0,41616,16789,9025481856778240.0,0.0,-5.790858464830222e+23,-1.4654175010881536e+16,1.8105042248075837e+19,2.4009460099424428e+27,29.0,60.0,70,0.0,0.0,0.0,0.0,0.0,0.0,0.0,0.0,0.0,0.0,0.0,0.0,0.0,0.0,0.0,0.0,59.6,68,12,65509,41,65476,0,300,0,0,8,20529,65476,0,0,61604,60.0,0.0,0.0,0.0,0.0,0.0
2026-04-04T11:54:41,ERR,ERR,ERR,ERR,ERR,ERR,ERR,ERR,ERR,ERR,ERR,ERR,ERR,ERR,ERR,ERR,ERR,ERR,ERR,ERR,ERR,ERR,ERR,ERR,ERR,ERR,ERR,ERR,ERR,ERR,ERR,ERR,ERR,ERR,ERR,ERR,ERR,ERR,ERR,ERR,ERR,ERR,ERR,ERR,ERR,ERR,ERR,ERR,ERR,ERR,ERR,ERR,ERR,ERR,ERR,ERR,ERR,ERR,ERR,ERR,ERR,ERR,ERR,ERR,ERR,ERR,ERR,ERR,ERR,ERR,ERR,ERR,ERR,ERR,ERR,ERR,ERR,ERR,ERR,ERR,ERR,ERR,ERR,ERR,ERR,ERR,ERR,ERR,ERR,ERR,ERR,ERR,ERR,ERR,ERR,ERR,ERR,ERR,ERR,ERR,ERR,ERR,ERR,ERR,ERR,ERR,ERR,ERR,ERR,ERR,ERR,ERR,ERR,ERR,ERR,ERR,ERR,ERR,ERR,ERR,ERR,ERR,ERR,ERR,ERR,-107615240.0,0.0,-117832800.0,0.0,0.0,0.0,0.0,nan,0,0,0,32768,0,0.0,0,0.0,0.0,0.0,0.0,0.0,0,0,0,0,0.0,0,0,0,0,0,0,0,0,0,0,0,0,0,0,0,0,0,0,0,0,0,0,0,0,0,0,0,0,0,0,0,0,0,0,0,0,0,0,0,0,0,0,0,0,0.0,0.0,0.0,0.0,0.0,0.0,0.0,0.0,0.0,0.0,0.0,0.0,0.0,0.0,0.0,0.0,0.0,0.0,0.0,0.0,0.0,0.0,2.004,-0.0,0.0,-2.004,0.0,0.0,0.0,0.0,3358.0,0.0,0.0,-107615240.0,0.0,-107615232.0,-0.0,0.0,0.0,0.0,0.0,0,0.0,-107614248.0,0.0,0.0,0.0,0.0,0.0,0.0,0.0,0,0,0,0.0,0.0,0.0,0.0,0.0,0.0,0.0,0.0,0.0,0.0,0.0,0.0,0.0,0.0,0.0,0.0,0,-107875648.0,0,0.0,0,-107875648.0,0.0,0,39322,17038,52429,17052,13107,17037,0,0,0,110,100,100,0.0,64.1,0.0,64.8,-0.0,68.5,1,49,50,180,0,0,0,0,0.0,0.0,0.0,0.0,5.945034302519719e+19,65.5,0.0,-7503336857141248.0,0.0,645,0,685,0,0,0,713,0,784,0,706,0,688,0,645,0,640,0,619,0.032,36700160.0,-2.004,-0.0,46864,16789,865116352.0,-7503336857141248.0,-0.0,0.0,0.0,0.002,29.0,60.0,70,0.0,0.0,0.0,0.0,0.0,0.0,0.0,0.0,0.0,0.0,0.0,0.0,0.0,0.0,0.0,0.0,59.6,68,12,65509,41,65476,0,300,0,0,8,20529,65476,0,0,61604,60.0,0.0,0.0,0.0,0.0,0.0
2026-04-04T11:54:42,ERR,ERR,ERR,ERR,ERR,ERR,ERR,ERR,ERR,ERR,ERR,ERR,ERR,ERR,ERR,ERR,ERR,ERR,ERR,ERR,ERR,ERR,ERR,ERR,ERR,ERR,ERR,ERR,ERR,ERR,ERR,ERR,ERR,ERR,ERR,ERR,ERR,ERR,ERR,ERR,ERR,ERR,ERR,ERR,ERR,ERR,ERR,ERR,ERR,ERR,ERR,ERR,ERR,ERR,ERR,ERR,ERR,ERR,ERR,ERR,ERR,ERR,ERR,ERR,ERR,ERR,ERR,ERR,ERR,ERR,ERR,ERR,ERR,ERR,ERR,ERR,ERR,ERR,ERR,ERR,ERR,ERR,ERR,ERR,ERR,ERR,ERR,ERR,ERR,ERR,ERR,ERR,ERR,ERR,ERR,ERR,ERR,ERR,ERR,ERR,ERR,ERR,ERR,ERR,ERR,ERR,ERR,ERR,ERR,ERR,ERR,ERR,ERR,ERR,ERR,ERR,ERR,ERR,ERR,ERR,ERR,ERR,ERR,ERR,ERR,-107615240.0,0.0,-117832800.0,0.0,0.0,0.0,0.0,nan,0,0,0,32768,0,0.0,0,0.0,0.0,0.0,0.0,0.0,0,0,0,0,0.0,0,0,0,0,0,0,0,0,0,0,0,0,0,0,0,0,0,0,0,0,0,0,0,0,0,0,0,0,0,0,0,0,0,0,0,0,0,0,0,0,0,0,0,0,0.0,0.0,0.0,0.0,0.0,0.0,0.0,0.0,0.0,0.0,0.0,0.0,0.0,0.0,0.0,0.0,0.0,0.0,0.0,0.0,0.0,0.0,2.004,-0.0,0.0,-2.004,0.0,0.0,0.0,0.0,3358.0,0.0,0.0,-107615240.0,0.0,-107615232.0,-0.0,0.0,0.0,0.0,0.0,0,0.0,-107614248.0,0.0,0.0,0.0,0.0,0.0,0.0,0.0,0,0,0,0.0,0.0,0.0,0.0,0.0,0.0,0.0,0.0,0.0,0.0,0.0,0.0,0.0,0.0,0.0,0.0,0,-107875648.0,0,0.0,0,-107875648.0,0.0,0,39322,17038,52429,17052,13107,17037,0,0,0,110,100,100,0.0,64.1,0.0,64.8,-0.0,68.5,1,49,50,180,0,0,0,0,0.0,0.0,0.0,0.0,5.945034302519719e+19,65.5,0.0,-7503336857141248.0,0.0,645,0,685,0,0,0,713,0,784,0,706,0,688,0,645,0,640,0,619,0.032,36700160.0,-2.004,-0.0,46864,16789,865116352.0,-7503336857141248.0,-0.0,0.0,0.0,0.002,29.0,60.0,70,0.0,0.0,0.0,0.0,0.0,0.0,0.0,0.0,0.0,0.0,0.0,0.0,0.0,0.0,0.0,0.0,59.6,68,12,65509,41,65476,0,300,0,0,8,20529,65476,0,0,61604,60.0,0.0,0.0,0.0,0.0,0.0
2026-04-04T11:54:43,ERR,ERR,ERR,ERR,ERR,ERR,ERR,ERR,ERR,ERR,ERR,ERR,ERR,ERR,ERR,ERR,ERR,ERR,ERR,ERR,ERR,ERR,ERR,ERR,ERR,ERR,ERR,ERR,ERR,ERR,ERR,ERR,ERR,ERR,ERR,ERR,ERR,ERR,ERR,ERR,ERR,ERR,ERR,ERR,ERR,ERR,ERR,ERR,ERR,ERR,ERR,ERR,ERR,ERR,ERR,ERR,ERR,ERR,ERR,ERR,ERR,ERR,ERR,ERR,ERR,ERR,ERR,ERR,ERR,ERR,ERR,ERR,ERR,ERR,ERR,ERR,ERR,ERR,ERR,ERR,ERR,ERR,ERR,ERR,ERR,ERR,ERR,ERR,ERR,ERR,ERR,ERR,ERR,ERR,ERR,ERR,ERR,ERR,ERR,ERR,ERR,ERR,ERR,ERR,ERR,ERR,ERR,ERR,ERR,ERR,ERR,ERR,ERR,ERR,ERR,ERR,ERR,ERR,ERR,ERR,ERR,ERR,ERR,ERR,ERR,-107615240.0,0.0,-117832800.0,0.0,0.0,0.0,0.0,nan,0,0,0,32768,0,0.0,0,0.0,0.0,0.0,0.0,0.0,0,0,0,0,0.0,0,0,0,0,0,0,0,0,0,0,0,0,0,0,0,0,0,0,0,0,0,0,0,0,0,0,0,0,0,0,0,0,0,0,0,0,0,0,0,0,0,0,0,0,0.0,0.0,0.0,0.0,0.0,0.0,0.0,0.0,0.0,0.0,0.0,0.0,0.0,0.0,0.0,0.0,0.0,0.0,0.0,0.0,0.0,0.0,2.004,-0.0,0.0,-2.004,0.0,0.0,0.0,0.0,3358.0,0.0,0.0,-107615240.0,0.0,-107615232.0,-0.0,0.0,0.0,0.0,0.0,0,0.0,-107614248.0,0.0,0.0,0.0,0.0,0.0,0.0,0.0,0,0,0,0.0,0.0,0.0,0.0,0.0,0.0,0.0,0.0,0.0,0.0,0.0,0.0,0.0,0.0,0.0,0.0,0,-107875648.0,0,0.0,0,-107875648.0,0.0,0,39322,17038,52429,17052,13107,17037,0,0,0,110,100,100,0.0,64.1,0.0,64.8,-0.0,68.5,1,49,50,180,0,0,0,0,0.0,0.0,0.0,0.0,5.945034302519719e+19,65.5,0.0,-7503336857141248.0,0.0,645,0,685,0,0,0,713,0,784,0,706,0,688,0,645,0,640,0,619,0.032,36700160.0,-2.004,-0.0,46864,16789,865116352.0,-7503336857141248.0,-0.0,0.0,0.0,0.002,29.0,60.0,70,0.0,0.0,0.0,0.0,0.0,0.0,0.0,0.0,0.0,0.0,0.0,0.0,0.0,0.0,0.0,0.0,59.2,68,12,65509,41,65476,0,300,0,0,8,20529,65476,0,0,61604,60.0,0.0,0.0,0.0,0.0,0.0
2026-04-04T11:54:44,ERR,ERR,ERR,ERR,ERR,ERR,ERR,ERR,ERR,ERR,ERR,ERR,ERR,ERR,ERR,ERR,ERR,ERR,ERR,ERR,ERR,ERR,ERR,ERR,ERR,ERR,ERR,ERR,ERR,ERR,ERR,ERR,ERR,ERR,ERR,ERR,ERR,ERR,ERR,ERR,ERR,ERR,ERR,ERR,ERR,ERR,ERR,ERR,ERR,ERR,ERR,ERR,ERR,ERR,ERR,ERR,ERR,ERR,ERR,ERR,ERR,ERR,ERR,ERR,ERR,ERR,ERR,ERR,ERR,ERR,ERR,ERR,ERR,ERR,ERR,ERR,ERR,ERR,ERR,ERR,ERR,ERR,ERR,ERR,ERR,ERR,ERR,ERR,ERR,ERR,ERR,ERR,ERR,ERR,ERR,ERR,ERR,ERR,ERR,ERR,ERR,ERR,ERR,ERR,ERR,ERR,ERR,ERR,ERR,ERR,ERR,ERR,ERR,ERR,ERR,ERR,ERR,ERR,ERR,ERR,ERR,ERR,ERR,ERR,ERR,-107615240.0,0.0,-117832800.0,0.0,0.0,0.0,0.0,nan,0,0,0,32768,0,0.0,0,0.0,0.0,0.0,0.0,0.0,0,0,0,0,0.0,0,0,0,0,0,0,0,0,0,0,0,0,0,0,0,0,0,0,0,0,0,0,0,0,0,0,0,0,0,0,0,0,0,0,0,0,0,0,0,0,0,0,0,0,0.0,0.0,0.0,0.0,0.0,0.0,0.0,0.0,0.0,0.0,0.0,0.0,0.0,0.0,0.0,0.0,0.0,0.0,0.0,0.0,0.0,0.0,2.004,-0.0,0.0,-2.004,0.0,0.0,0.0,0.0,3358.0,0.0,0.0,-107615240.0,0.0,-107615232.0,-0.0,0.0,0.0,0.0,0.0,0,0.0,-107614248.0,0.0,0.0,0.0,0.0,0.0,0.0,0.0,0,0,0,0.0,0.0,0.0,0.0,0.0,0.0,0.0,0.0,0.0,0.0,0.0,0.0,0.0,0.0,0.0,0.0,0,-107875648.0,0,0.0,0,-107875648.0,0.0,0,39322,17038,52429,17052,13107,17037,0,0,0,110,100,100,0.0,64.0,0.0,64.8,-0.0,68.5,1,49,50,180,0,0,0,0,0.0,0.0,0.0,0.0,1.064066114462775e+23,65.5,0.0,-0.0,0.0,645,0,685,0,0,0,713,0,784,0,706,0,688,0,646,0,640,0,619,0.032,36962304.0,0.0,0.0,48528,16789,5300326760448.0,-0.0,-0.0,1822410880.0,0.0,0.0,29.0,60.0,70,0.0,0.0,0.0,0.0,0.0,0.0,0.0,0.0,0.0,0.0,0.0,0.0,0.0,0.0,0.0,0.0,59.2,68,12,65509,41,65476,0,300,0,0,8,20529,65476,0,0,61604,60.0,0.0,0.0,0.0,0.0,0.0
2026-04-04T11:54:45,ERR,ERR,ERR,ERR,ERR,ERR,ERR,ERR,ERR,ERR,ERR,ERR,ERR,ERR,ERR,ERR,ERR,ERR,ERR,ERR,ERR,ERR,ERR,ERR,ERR,ERR,ERR,ERR,ERR,ERR,ERR,ERR,ERR,ERR,ERR,ERR,ERR,ERR,ERR,ERR,ERR,ERR,ERR,ERR,ERR,ERR,ERR,ERR,ERR,ERR,ERR,ERR,ERR,ERR,ERR,ERR,ERR,ERR,ERR,ERR,ERR,ERR,ERR,ERR,ERR,ERR,ERR,ERR,ERR,ERR,ERR,ERR,ERR,ERR,ERR,ERR,ERR,ERR,ERR,ERR,ERR,ERR,ERR,ERR,ERR,ERR,ERR,ERR,ERR,ERR,ERR,ERR,ERR,ERR,ERR,ERR,ERR,ERR,ERR,ERR,ERR,ERR,ERR,ERR,ERR,ERR,ERR,ERR,ERR,ERR,ERR,ERR,ERR,ERR,ERR,ERR,ERR,ERR,ERR,ERR,ERR,ERR,ERR,ERR,ERR,-107615240.0,0.0,-117832800.0,0.0,0.0,0.0,0.0,nan,0,0,0,32768,0,0.0,0,0.0,0.0,0.0,0.0,0.0,0,0,0,0,0.0,0,0,0,0,0,0,0,0,0,0,0,0,0,0,0,0,0,0,0,0,0,0,0,0,0,0,0,0,0,0,0,0,0,0,0,0,0,0,0,0,0,0,0,0,0.0,0.0,0.0,0.0,0.0,0.0,0.0,0.0,0.0,0.0,0.0,0.0,0.0,0.0,0.0,0.0,0.0,0.0,0.0,0.0,0.0,0.0,2.004,-0.0,0.0,-2.004,0.0,0.0,0.0,0.0,3356.0,8608105472.0,0.0,-107615240.0,0.0,-107615232.0,-0.0,0.0,0.0,0.0,0.0,0,0.0,-4.950375598578833e+32,0.0,0.0,0.0,0.0,0.0,0.0,0.0,0,0,0,0.0,0.0,0.0,0.0,0.0,0.0,0.0,0.0,0.0,0.0,0.0,0.0,0.0,0.0,0.0,0.0,0,-107875648.0,0,0.0,0,-107875648.0,0.0,0,39322,17038,52429,17052,13107,17037,0,0,0,110,100,100,0.0,64.0,0.0,64.8,-0.0,68.5,1,49,50,180,0,0,0,0,0.0,0.0,0.0,0.0,1.064066114462775e+23,65.5,0.0,-0.0,0.0,645,0,685,0,0,0,713,0,784,0,706,0,688,0,646,0,640,0,619,0.032,36962304.0,0.0,0.0,48528,16789,5300326760448.0,-0.0,-0.0,1822410880.0,0.0,0.0,29.0,60.0,70,0.0,0.0,0.0,0.0,0.0,0.0,0.0,0.0,0.0,0.0,0.0,0.0,0.0,0.0,0.0,0.0,59.6,68,12,65509,41,65476,0,300,0,0,8,20529,65476,0,0,61604,60.0,0.0,0.0,0.0,0.0,0.0
2026-04-04T11:54:46,ERR,ERR,ERR,ERR,ERR,ERR,ERR,ERR,ERR,ERR,ERR,ERR,ERR,ERR,ERR,ERR,ERR,ERR,ERR,ERR,ERR,ERR,ERR,ERR,ERR,ERR,ERR,ERR,ERR,ERR,ERR,ERR,ERR,ERR,ERR,ERR,ERR,ERR,ERR,ERR,ERR,ERR,ERR,ERR,ERR,ERR,ERR,ERR,ERR,ERR,ERR,ERR,ERR,ERR,ERR,ERR,ERR,ERR,ERR,ERR,ERR,ERR,ERR,ERR,ERR,ERR,ERR,ERR,ERR,ERR,ERR,ERR,ERR,ERR,ERR,ERR,ERR,ERR,ERR,ERR,ERR,ERR,ERR,ERR,ERR,ERR,ERR,ERR,ERR,ERR,ERR,ERR,ERR,ERR,ERR,ERR,ERR,ERR,ERR,ERR,ERR,ERR,ERR,ERR,ERR,ERR,ERR,ERR,ERR,ERR,ERR,ERR,ERR,ERR,ERR,ERR,ERR,ERR,ERR,ERR,ERR,ERR,ERR,ERR,ERR,-107615240.0,0.0,-117832800.0,0.0,0.0,0.0,0.0,nan,0,0,0,32768,0,0.0,0,0.0,0.0,0.0,0.0,0.0,0,0,0,0,0.0,0,0,0,0,0,0,0,0,0,0,0,0,0,0,0,0,0,0,0,0,0,0,0,0,0,0,0,0,0,0,0,0,0,0,0,0,0,0,0,0,0,0,0,0,0.0,0.0,0.0,0.0,0.0,0.0,0.0,0.0,0.0,0.0,0.0,0.0,0.0,0.0,0.0,0.0,0.0,0.0,0.0,0.0,0.0,0.0,2.004,-0.0,0.0,-2.004,0.0,0.0,0.0,0.0,3356.0,8608105472.0,0.0,-107615240.0,0.0,-107615232.0,-0.0,0.0,0.0,0.0,0.0,0,0.0,-4.950375598578833e+32,0.0,0.0,0.0,0.0,0.0,0.0,0.0,0,0,0,0.0,0.0,0.0,0.0,0.0,0.0,0.0,0.0,0.0,0.0,0.0,0.0,0.0,0.0,0.0,0.0,0,-107875648.0,0,0.0,0,-107875648.0,0.0,0,39322,17038,52429,17052,13107,17037,0,0,0,110,100,100,0.0,64.0,0.0,64.8,-0.0,68.5,1,49,50,180,0,0,0,0,0.0,0.0,0.0,0.0,1.064066114462775e+23,65.5,0.0,-0.0,0.0,645,0,685,0,0,0,713,0,784,0,706,0,688,0,646,0,640,0,619,0.032,36962304.0,0.0,0.0,48528,16789,5300326760448.0,-0.0,-0.0,1822410880.0,0.0,0.0,29.0,60.0,70,0.0,0.0,0.0,0.0,0.0,0.0,0.0,0.0,0.0,0.0,0.0,0.0,0.0,0.0,0.0,0.0,59.6,68,12,65509,41,65476,0,300,0,0,8,20529,65476,0,0,61604,60.0,0.0,0.0,0.0,0.0,0.0
2026-04-04T11:54:47,ERR,ERR,ERR,ERR,ERR,ERR,ERR,ERR,ERR,ERR,ERR,ERR,ERR,ERR,ERR,ERR,ERR,ERR,ERR,ERR,ERR,ERR,ERR,ERR,ERR,ERR,ERR,ERR,ERR,ERR,ERR,ERR,ERR,ERR,ERR,ERR,ERR,ERR,ERR,ERR,ERR,ERR,ERR,ERR,ERR,ERR,ERR,ERR,ERR,ERR,ERR,ERR,ERR,ERR,ERR,ERR,ERR,ERR,ERR,ERR,ERR,ERR,ERR,ERR,ERR,ERR,ERR,ERR,ERR,ERR,ERR,ERR,ERR,ERR,ERR,ERR,ERR,ERR,ERR,ERR,ERR,ERR,ERR,ERR,ERR,ERR,ERR,ERR,ERR,ERR,ERR,ERR,ERR,ERR,ERR,ERR,ERR,ERR,ERR,ERR,ERR,ERR,ERR,ERR,ERR,ERR,ERR,ERR,ERR,ERR,ERR,ERR,ERR,ERR,ERR,ERR,ERR,ERR,ERR,ERR,ERR,ERR,ERR,ERR,ERR,-107615240.0,0.0,-117832800.0,0.0,0.0,0.0,0.0,nan,0,0,0,32768,0,0.0,0,0.0,0.0,0.0,0.0,0.0,0,0,0,0,0.0,0,0,0,0,0,0,0,0,0,0,0,0,0,0,0,0,0,0,0,0,0,0,0,0,0,0,0,0,0,0,0,0,0,0,0,0,0,0,0,0,0,0,0,0,0.0,0.0,0.0,0.0,0.0,0.0,0.0,0.0,0.0,0.0,0.0,0.0,0.0,0.0,0.0,0.0,0.0,0.0,0.0,0.0,0.0,0.0,2.004,-0.0,0.0,-2.004,0.0,0.0,0.0,0.0,3356.0,8608105472.0,0.0,-107615240.0,0.0,-107615232.0,-0.0,0.0,0.0,0.0,0.0,0,0.0,-4.950375598578833e+32,0.0,0.0,0.0,0.0,0.0,0.0,0.0,0,0,0,0.0,0.0,0.0,0.0,0.0,0.0,0.0,0.0,0.0,0.0,0.0,0.0,0.0,0.0,0.0,0.0,0,-107875648.0,0,0.0,0,-107875648.0,0.0,0,39322,17038,52429,17052,13107,17037,0,0,0,110,100,100,0.0,64.0,0.0,64.8,-0.0,68.5,1,49,50,180,0,0,0,0,0.0,0.0,0.0,0.0,1.064066114462775e+23,65.5,0.0,-0.0,0.0,645,0,685,0,0,0,713,0,784,0,706,0,688,0,646,0,640,0,619,0.032,36962304.0,0.0,0.0,48528,16789,5300326760448.0,-0.0,-0.0,1822410880.0,0.0,0.0,29.0,60.0,70,0.0,0.0,0.0,0.0,0.0,0.0,0.0,0.0,0.0,0.0,0.0,0.0,0.0,0.0,0.0,0.0,59.2,68,12,65509,41,65476,0,300,0,0,8,20529,65476,0,0,61604,60.0,0.0,0.0,0.0,0.0,0.0
2026-04-04T11:54:48,ERR,ERR,ERR,ERR,ERR,ERR,ERR,ERR,ERR,ERR,ERR,ERR,ERR,ERR,ERR,ERR,ERR,ERR,ERR,ERR,ERR,ERR,ERR,ERR,ERR,ERR,ERR,ERR,ERR,ERR,ERR,ERR,ERR,ERR,ERR,ERR,ERR,ERR,ERR,ERR,ERR,ERR,ERR,ERR,ERR,ERR,ERR,ERR,ERR,ERR,ERR,ERR,ERR,ERR,ERR,ERR,ERR,ERR,ERR,ERR,ERR,ERR,ERR,ERR,ERR,ERR,ERR,ERR,ERR,ERR,ERR,ERR,ERR,ERR,ERR,ERR,ERR,ERR,ERR,ERR,ERR,ERR,ERR,ERR,ERR,ERR,ERR,ERR,ERR,ERR,ERR,ERR,ERR,ERR,ERR,ERR,ERR,ERR,ERR,ERR,ERR,ERR,ERR,ERR,ERR,ERR,ERR,ERR,ERR,ERR,ERR,ERR,ERR,ERR,ERR,ERR,ERR,ERR,ERR,ERR,ERR,ERR,ERR,ERR,ERR,-107615240.0,0.0,-117832800.0,0.0,0.0,0.0,0.0,nan,0,0,0,32768,0,0.0,0,0.0,0.0,0.0,0.0,0.0,0,0,0,0,0.0,0,0,0,0,0,0,0,0,0,0,0,0,0,0,0,0,0,0,0,0,0,0,0,0,0,0,0,0,0,0,0,0,0,0,0,0,0,0,0,0,0,0,0,0,0.0,0.0,0.0,0.0,0.0,0.0,0.0,0.0,0.0,0.0,0.0,0.0,0.0,0.0,0.0,0.0,0.0,0.0,0.0,0.0,0.0,0.0,2.004,-0.0,0.0,-2.004,0.0,0.0,0.0,0.0,3356.0,8608105472.0,0.0,-107615240.0,0.0,-107615232.0,-0.0,0.0,0.0,0.0,0.0,0,0.0,-4.950375598578833e+32,0.0,0.0,0.0,0.0,0.0,0.0,0.0,0,0,0,0.0,0.0,0.0,0.0,0.0,0.0,0.0,0.0,0.0,0.0,0.0,0.0,0.0,0.0,0.0,0.0,0,-107875648.0,0,0.0,0,-107875648.0,0.0,0,39322,17038,52429,17052,13107,17037,0,0,0,110,100,100,0.0,64.0,0.0,64.8,-0.0,68.5,1,49,50,180,0,0,0,0,0.0,0.0,0.0,0.0,5.448018506049408e+25,65.5,0.0,-0.0,0.0,645,0,685,0,0,0,713,0,784,0,706,0,688,0,646,0,640,0,619,0.032,36700160.0,-2.004,-0.0,41232,16789,119989600256000.0,-0.0,-0.0,0.0,0.0,0.0,29.0,60.0,70,0.0,0.0,0.0,0.0,0.0,0.0,0.0,0.0,0.0,0.0,0.0,0.0,0.0,0.0,0.0,0.0,59.2,68,12,65509,41,65476,0,300,0,0,8,20529,65476,0,0,61604,60.0,0.0,0.0,0.0,0.0,0.0
2026-04-04T11:54:49,ERR,ERR,ERR,ERR,ERR,ERR,ERR,ERR,ERR,ERR,ERR,ERR,ERR,ERR,ERR,ERR,ERR,ERR,ERR,ERR,ERR,ERR,ERR,ERR,ERR,ERR,ERR,ERR,ERR,ERR,ERR,ERR,ERR,ERR,ERR,ERR,ERR,ERR,ERR,ERR,ERR,ERR,ERR,ERR,ERR,ERR,ERR,ERR,ERR,ERR,ERR,ERR,ERR,ERR,ERR,ERR,ERR,ERR,ERR,ERR,ERR,ERR,ERR,ERR,ERR,ERR,ERR,ERR,ERR,ERR,ERR,ERR,ERR,ERR,ERR,ERR,ERR,ERR,ERR,ERR,ERR,ERR,ERR,ERR,ERR,ERR,ERR,ERR,ERR,ERR,ERR,ERR,ERR,ERR,ERR,ERR,ERR,ERR,ERR,ERR,ERR,ERR,ERR,ERR,ERR,ERR,ERR,ERR,ERR,ERR,ERR,ERR,ERR,ERR,ERR,ERR,ERR,ERR,ERR,ERR,ERR,ERR,ERR,ERR,ERR,-107615240.0,0.0,-117832800.0,0.0,0.0,0.0,0.0,nan,0,0,0,32768,0,0.0,0,0.0,0.0,0.0,0.0,0.0,0,0,0,0,0.0,0,0,0,0,0,0,0,0,0,0,0,0,0,0,0,0,0,0,0,0,0,0,0,0,0,0,0,0,0,0,0,0,0,0,0,0,0,0,0,0,0,0,0,0,0.0,0.0,0.0,0.0,0.0,0.0,0.0,0.0,0.0,0.0,0.0,0.0,0.0,0.0,0.0,0.0,0.0,0.0,0.0,0.0,0.0,0.0,2.004,-0.0,0.0,-2.004,0.0,0.0,0.0,0.0,3356.0,8608105472.0,0.0,-107615240.0,0.0,-107615232.0,-0.0,0.0,0.0,0.0,0.0,0,0.0,-4.950375598578833e+32,0.0,0.0,0.0,0.0,0.0,0.0,0.0,0,0,0,0.0,0.0,0.0,0.0,0.0,0.0,0.0,0.0,0.0,0.0,0.0,0.0,0.0,0.0,0.0,0.0,0,-107875648.0,0,0.0,0,-107875648.0,0.0,0,39322,17038,52429,17052,13107,17037,0,0,0,110,100,100,0.0,64.0,0.0,64.8,-0.0,68.5,1,49,50,180,0,0,0,0,0.0,0.0,0.0,0.0,5.448018506049408e+25,65.5,0.0,-0.0,0.0,645,0,685,0,0,0,713,0,784,0,706,0,688,0,646,0,640,0,619,0.032,36700160.0,-2.004,-0.0,41232,16789,119989600256000.0,-0.0,-0.0,0.0,0.0,0.0,29.0,60.0,70,0.0,0.0,0.0,0.0,0.0,0.0,0.0,0.0,0.0,0.0,0.0,0.0,0.0,0.0,0.0,0.0,59.2,68,12,65509,41,65476,0,300,0,0,8,20529,65476,0,0,61604,60.0,0.0,0.0,0.0,0.0,0.0
2026-04-04T11:54:50,ERR,ERR,ERR,ERR,ERR,ERR,ERR,ERR,ERR,ERR,ERR,ERR,ERR,ERR,ERR,ERR,ERR,ERR,ERR,ERR,ERR,ERR,ERR,ERR,ERR,ERR,ERR,ERR,ERR,ERR,ERR,ERR,ERR,ERR,ERR,ERR,ERR,ERR,ERR,ERR,ERR,ERR,ERR,ERR,ERR,ERR,ERR,ERR,ERR,ERR,ERR,ERR,ERR,ERR,ERR,ERR,ERR,ERR,ERR,ERR,ERR,ERR,ERR,ERR,ERR,ERR,ERR,ERR,ERR,ERR,ERR,ERR,ERR,ERR,ERR,ERR,ERR,ERR,ERR,ERR,ERR,ERR,ERR,ERR,ERR,ERR,ERR,ERR,ERR,ERR,ERR,ERR,ERR,ERR,ERR,ERR,ERR,ERR,ERR,ERR,ERR,ERR,ERR,ERR,ERR,ERR,ERR,ERR,ERR,ERR,ERR,ERR,ERR,ERR,ERR,ERR,ERR,ERR,ERR,ERR,ERR,ERR,ERR,ERR,ERR,-107615240.0,0.0,-117832800.0,0.0,0.0,0.0,0.0,nan,0,0,0,32768,0,0.0,0,0.0,0.0,0.0,0.0,0.0,0,0,0,0,0.0,0,0,0,0,0,0,0,0,0,0,0,0,0,0,0,0,0,0,0,0,0,0,0,0,0,0,0,0,0,0,0,0,0,0,0,0,0,0,0,0,0,0,0,0,0.0,0.0,0.0,0.0,0.0,0.0,0.0,0.0,0.0,0.0,0.0,0.0,0.0,0.0,0.0,0.0,0.0,0.0,0.0,0.0,0.0,0.0,2.004,-0.0,0.0,-2.004,0.0,0.0,0.0,0.0,3356.0,8608105472.0,0.0,-107615240.0,0.0,-107615232.0,-0.0,0.0,0.0,0.0,0.0,0,0.0,-4.950375598578833e+32,0.0,0.0,0.0,0.0,0.0,0.0,0.0,0,0,0,0.0,0.0,0.0,0.0,0.0,0.0,0.0,0.0,0.0,0.0,0.0,0.0,0.0,0.0,0.0,0.0,0,-107875648.0,0,0.0,0,-107875648.0,0.0,0,39322,17038,52429,17052,13107,17037,0,0,0,110,100,100,0.0,64.0,0.0,64.8,-0.0,68.5,1,49,50,180,0,0,0,0,0.0,0.0,0.0,0.0,5.448018506049408e+25,65.5,0.0,-0.0,0.0,645,0,685,0,0,0,713,0,784,0,706,0,688,0,646,0,640,0,619,0.032,36700160.0,-2.004,-0.0,41232,16789,119989600256000.0,-0.0,-0.0,0.0,0.0,0.0,29.0,60.0,70,0.0,0.0,0.0,0.0,0.0,0.0,0.0,0.0,0.0,0.0,0.0,0.0,0.0,0.0,0.0,0.0,59.2,68,12,65509,41,65476,0,300,0,0,8,20529,65476,0,0,61604,60.0,0.0,0.0,0.0,0.0,0.0
2026-04-04T11:54:51,ERR,ERR,ERR,ERR,ERR,ERR,ERR,ERR,ERR,ERR,ERR,ERR,ERR,ERR,ERR,ERR,ERR,ERR,ERR,ERR,ERR,ERR,ERR,ERR,ERR,ERR,ERR,ERR,ERR,ERR,ERR,ERR,ERR,ERR,ERR,ERR,ERR,ERR,ERR,ERR,ERR,ERR,ERR,ERR,ERR,ERR,ERR,ERR,ERR,ERR,ERR,ERR,ERR,ERR,ERR,ERR,ERR,ERR,ERR,ERR,ERR,ERR,ERR,ERR,ERR,ERR,ERR,ERR,ERR,ERR,ERR,ERR,ERR,ERR,ERR,ERR,ERR,ERR,ERR,ERR,ERR,ERR,ERR,ERR,ERR,ERR,ERR,ERR,ERR,ERR,ERR,ERR,ERR,ERR,ERR,ERR,ERR,ERR,ERR,ERR,ERR,ERR,ERR,ERR,ERR,ERR,ERR,ERR,ERR,ERR,ERR,ERR,ERR,ERR,ERR,ERR,ERR,ERR,ERR,ERR,ERR,ERR,ERR,ERR,ERR,-107615240.0,0.0,-117832800.0,0.0,0.0,0.0,0.0,nan,0,0,0,32768,0,0.0,0,0.0,0.0,0.0,0.0,0.0,0,0,0,0,0.0,0,0,0,0,0,0,0,0,0,0,0,0,0,0,0,0,0,0,0,0,0,0,0,0,0,0,0,0,0,0,0,0,0,0,0,0,0,0,0,0,0,0,0,0,0.0,0.0,0.0,0.0,0.0,0.0,0.0,0.0,0.0,0.0,0.0,0.0,0.0,0.0,0.0,0.0,0.0,0.0,0.0,0.0,0.0,0.0,2.004,-0.0,0.0,-2.004,0.0,0.0,0.0,0.0,3355.0,0.0,0.0,-107615240.0,0.0,-107615232.0,-0.0,0.0,0.0,0.0,0.0,0,0.0,-152016156360704.0,0.0,0.0,0.0,0.0,0.0,0.0,0.0,0,0,0,0.0,0.0,0.0,0.0,0.0,0.0,0.0,0.0,0.0,0.0,0.0,0.0,0.0,0.0,0.0,0.0,0,-107875648.0,0,0.0,0,-107875648.0,0.0,0,39322,17038,52429,17052,13107,17037,0,0,0,110,100,100,0.0,64.0,0.0,64.8,-0.0,68.5,1,49,50,180,0,0,0,0,0.0,0.0,0.0,0.0,5.448018506049408e+25,65.5,0.0,-0.0,0.0,645,0,685,0,0,0,713,0,784,0,706,0,688,0,646,0,640,0,619,0.032,36700160.0,-2.004,-0.0,41232,16789,119989600256000.0,-0.0,-0.0,0.0,0.0,0.0,29.0,60.0,70,0.0,0.0,0.0,0.0,0.0,0.0,0.0,0.0,0.0,0.0,0.0,0.0,0.0,0.0,0.0,0.0,59.2,68,12,65509,41,65476,0,300,0,0,8,20529,65476,0,0,61604,60.0,0.0,0.0,0.0,0.0,0.0
2026-04-04T11:54:52,ERR,ERR,ERR,ERR,ERR,ERR,ERR,ERR,ERR,ERR,ERR,ERR,ERR,ERR,ERR,ERR,ERR,ERR,ERR,ERR,ERR,ERR,ERR,ERR,ERR,ERR,ERR,ERR,ERR,ERR,ERR,ERR,ERR,ERR,ERR,ERR,ERR,ERR,ERR,ERR,ERR,ERR,ERR,ERR,ERR,ERR,ERR,ERR,ERR,ERR,ERR,ERR,ERR,ERR,ERR,ERR,ERR,ERR,ERR,ERR,ERR,ERR,ERR,ERR,ERR,ERR,ERR,ERR,ERR,ERR,ERR,ERR,ERR,ERR,ERR,ERR,ERR,ERR,ERR,ERR,ERR,ERR,ERR,ERR,ERR,ERR,ERR,ERR,ERR,ERR,ERR,ERR,ERR,ERR,ERR,ERR,ERR,ERR,ERR,ERR,ERR,ERR,ERR,ERR,ERR,ERR,ERR,ERR,ERR,ERR,ERR,ERR,ERR,ERR,ERR,ERR,ERR,ERR,ERR,ERR,ERR,ERR,ERR,ERR,ERR,-107615240.0,0.0,-117832800.0,0.0,0.0,0.0,0.0,nan,0,0,0,32768,0,0.0,0,0.0,0.0,0.0,0.0,0.0,0,0,0,0,0.0,0,0,0,0,0,0,0,0,0,0,0,0,0,0,0,0,0,0,0,0,0,0,0,0,0,0,0,0,0,0,0,0,0,0,0,0,0,0,0,0,0,0,0,0,0.0,0.0,0.0,0.0,0.0,0.0,0.0,0.0,0.0,0.0,0.0,0.0,0.0,0.0,0.0,0.0,0.0,0.0,0.0,0.0,0.0,0.0,2.004,-0.0,0.0,-2.004,0.0,0.0,0.0,0.0,3355.0,0.0,0.0,-107615240.0,0.0,-107615232.0,-0.0,0.0,0.0,0.0,0.0,0,0.0,-152016156360704.0,0.0,0.0,0.0,0.0,0.0,0.0,0.0,0,0,0,0.0,0.0,0.0,0.0,0.0,0.0,0.0,0.0,0.0,0.0,0.0,0.0,0.0,0.0,0.0,0.0,0,-107875648.0,0,0.0,0,-107875648.0,0.0,0,39322,17038,52429,17052,13107,17037,0,0,0,110,100,100,0.0,64.1,0.0,64.8,-0.0,68.5,1,49,50,180,0,0,0,0,0.0,0.0,0.0,0.0,1.1611395122108826e+17,65.5,0.0,8.001721311590445e+33,0.0,645,0,685,0,0,0,713,0,784,0,706,0,688,0,646,0,640,0,619,0.032,36438016.0,-2.004,-0.0,51600,16789,6.429052286507829e+21,0.028,nan,5.449293976467145e+18,0.0,0.0,29.0,60.0,70,0.0,0.0,0.0,0.0,0.0,0.0,0.0,0.0,0.0,0.0,0.0,0.0,0.0,0.0,0.0,0.0,59.6,68,12,65509,41,65476,0,300,0,0,8,20529,65476,0,0,61604,60.0,0.0,0.0,0.0,0.0,0.0
2026-04-04T11:54:53,ERR,ERR,ERR,ERR,ERR,ERR,ERR,ERR,ERR,ERR,ERR,ERR,ERR,ERR,ERR,ERR,ERR,ERR,ERR,ERR,ERR,ERR,ERR,ERR,ERR,ERR,ERR,ERR,ERR,ERR,ERR,ERR,ERR,ERR,ERR,ERR,ERR,ERR,ERR,ERR,ERR,ERR,ERR,ERR,ERR,ERR,ERR,ERR,ERR,ERR,ERR,ERR,ERR,ERR,ERR,ERR,ERR,ERR,ERR,ERR,ERR,ERR,ERR,ERR,ERR,ERR,ERR,ERR,ERR,ERR,ERR,ERR,ERR,ERR,ERR,ERR,ERR,ERR,ERR,ERR,ERR,ERR,ERR,ERR,ERR,ERR,ERR,ERR,ERR,ERR,ERR,ERR,ERR,ERR,ERR,ERR,ERR,ERR,ERR,ERR,ERR,ERR,ERR,ERR,ERR,ERR,ERR,ERR,ERR,ERR,ERR,ERR,ERR,ERR,ERR,ERR,ERR,ERR,ERR,ERR,ERR,ERR,ERR,ERR,ERR,-107615240.0,0.0,-117832800.0,0.0,0.0,0.0,0.0,nan,0,0,0,32768,0,0.0,0,0.0,0.0,0.0,0.0,0.0,0,0,0,0,0.0,0,0,0,0,0,0,0,0,0,0,0,0,0,0,0,0,0,0,0,0,0,0,0,0,0,0,0,0,0,0,0,0,0,0,0,0,0,0,0,0,0,0,0,0,0.0,0.0,0.0,0.0,0.0,0.0,0.0,0.0,0.0,0.0,0.0,0.0,0.0,0.0,0.0,0.0,0.0,0.0,0.0,0.0,0.0,0.0,2.004,-0.0,0.0,-2.004,0.0,0.0,0.0,0.0,3355.0,0.0,0.0,-107615240.0,0.0,-107615232.0,-0.0,0.0,0.0,0.0,0.0,0,0.0,-152016156360704.0,0.0,0.0,0.0,0.0,0.0,0.0,0.0,0,0,0,0.0,0.0,0.0,0.0,0.0,0.0,0.0,0.0,0.0,0.0,0.0,0.0,0.0,0.0,0.0,0.0,0,-107875648.0,0,0.0,0,-107875648.0,0.0,0,39322,17038,52429,17052,13107,17037,0,0,0,110,100,100,0.0,64.1,0.0,64.8,-0.0,68.5,1,49,50,180,0,0,0,0,0.0,0.0,0.0,0.0,1.1611395122108826e+17,65.5,0.0,8.001721311590445e+33,0.0,645,0,685,0,0,0,713,0,784,0,706,0,688,0,646,0,640,0,619,0.032,36438016.0,-2.004,-0.0,51600,16789,6.429052286507829e+21,0.028,nan,5.449293976467145e+18,0.0,0.0,29.0,60.0,70,0.0,0.0,0.0,0.0,0.0,0.0,0.0,0.0,0.0,0.0,0.0,0.0,0.0,0.0,0.0,0.0,59.6,68,12,65509,41,65476,0,300,0,0,8,20529,65476,0,0,61604,60.0,0.0,0.0,0.0,0.0,0.0
2026-04-04T11:54:54,ERR,ERR,ERR,ERR,ERR,ERR,ERR,ERR,ERR,ERR,ERR,ERR,ERR,ERR,ERR,ERR,ERR,ERR,ERR,ERR,ERR,ERR,ERR,ERR,ERR,ERR,ERR,ERR,ERR,ERR,ERR,ERR,ERR,ERR,ERR,ERR,ERR,ERR,ERR,ERR,ERR,ERR,ERR,ERR,ERR,ERR,ERR,ERR,ERR,ERR,ERR,ERR,ERR,ERR,ERR,ERR,ERR,ERR,ERR,ERR,ERR,ERR,ERR,ERR,ERR,ERR,ERR,ERR,ERR,ERR,ERR,ERR,ERR,ERR,ERR,ERR,ERR,ERR,ERR,ERR,ERR,ERR,ERR,ERR,ERR,ERR,ERR,ERR,ERR,ERR,ERR,ERR,ERR,ERR,ERR,ERR,ERR,ERR,ERR,ERR,ERR,ERR,ERR,ERR,ERR,ERR,ERR,ERR,ERR,ERR,ERR,ERR,ERR,ERR,ERR,ERR,ERR,ERR,ERR,ERR,ERR,ERR,ERR,ERR,ERR,-107615240.0,0.0,-117832800.0,0.0,0.0,0.0,0.0,nan,0,0,0,32768,0,0.0,0,0.0,0.0,0.0,0.0,0.0,0,0,0,0,0.0,0,0,0,0,0,0,0,0,0,0,0,0,0,0,0,0,0,0,0,0,0,0,0,0,0,0,0,0,0,0,0,0,0,0,0,0,0,0,0,0,0,0,0,0,0.0,0.0,0.0,0.0,0.0,0.0,0.0,0.0,0.0,0.0,0.0,0.0,0.0,0.0,0.0,0.0,0.0,0.0,0.0,0.0,0.0,0.0,2.004,-0.0,0.0,-2.004,0.0,0.0,0.0,0.0,3355.0,0.0,0.0,-107615240.0,0.0,-107615232.0,-0.0,0.0,0.0,0.0,0.0,0,0.0,-152016156360704.0,0.0,0.0,0.0,0.0,0.0,0.0,0.0,0,0,0,0.0,0.0,0.0,0.0,0.0,0.0,0.0,0.0,0.0,0.0,0.0,0.0,0.0,0.0,0.0,0.0,0,-107875648.0,0,0.0,0,-107875648.0,0.0,0,39322,17038,52429,17052,13107,17037,0,0,0,110,100,100,0.0,64.1,0.0,64.8,-0.0,68.5,1,49,50,180,0,0,0,0,0.0,0.0,0.0,0.0,1.1611395122108826e+17,65.5,0.0,8.001721311590445e+33,0.0,645,0,685,0,0,0,713,0,784,0,706,0,688,0,646,0,640,0,619,0.032,36438016.0,-2.004,-0.0,51600,16789,6.429052286507829e+21,0.028,nan,5.449293976467145e+18,0.0,0.0,29.0,60.0,70,0.0,0.0,0.0,0.0,0.0,0.0,0.0,0.0,0.0,0.0,0.0,0.0,0.0,0.0,0.0,0.0,59.2,68,12,65509,41,65476,0,300,0,0,8,20529,65476,0,0,61604,60.0,0.0,0.0,0.0,0.0,0.0
2026-04-04T11:54:55,ERR,ERR,ERR,ERR,ERR,ERR,ERR,ERR,ERR,ERR,ERR,ERR,ERR,ERR,ERR,ERR,ERR,ERR,ERR,ERR,ERR,ERR,ERR,ERR,ERR,ERR,ERR,ERR,ERR,ERR,ERR,ERR,ERR,ERR,ERR,ERR,ERR,ERR,ERR,ERR,ERR,ERR,ERR,ERR,ERR,ERR,ERR,ERR,ERR,ERR,ERR,ERR,ERR,ERR,ERR,ERR,ERR,ERR,ERR,ERR,ERR,ERR,ERR,ERR,ERR,ERR,ERR,ERR,ERR,ERR,ERR,ERR,ERR,ERR,ERR,ERR,ERR,ERR,ERR,ERR,ERR,ERR,ERR,ERR,ERR,ERR,ERR,ERR,ERR,ERR,ERR,ERR,ERR,ERR,ERR,ERR,ERR,ERR,ERR,ERR,ERR,ERR,ERR,ERR,ERR,ERR,ERR,ERR,ERR,ERR,ERR,ERR,ERR,ERR,ERR,ERR,ERR,ERR,ERR,ERR,ERR,ERR,ERR,ERR,ERR,-107615240.0,0.0,-117832800.0,0.0,0.0,0.0,0.0,nan,0,0,0,32768,0,0.0,0,0.0,0.0,0.0,0.0,0.0,0,0,0,0,0.0,0,0,0,0,0,0,0,0,0,0,0,0,0,0,0,0,0,0,0,0,0,0,0,0,0,0,0,0,0,0,0,0,0,0,0,0,0,0,0,0,0,0,0,0,0.0,0.0,0.0,0.0,0.0,0.0,0.0,0.0,0.0,0.0,0.0,0.0,0.0,0.0,0.0,0.0,0.0,0.0,0.0,0.0,0.0,0.0,2.004,-0.0,0.0,-2.004,0.0,0.0,0.0,0.0,3355.0,0.0,0.0,-107615240.0,0.0,-107615232.0,-0.0,0.0,0.0,0.0,0.0,0,0.0,-152016156360704.0,0.0,0.0,0.0,0.0,0.0,0.0,0.0,0,0,0,0.0,0.0,0.0,0.0,0.0,0.0,0.0,0.0,0.0,0.0,0.0,0.0,0.0,0.0,0.0,0.0,0,-107875648.0,0,0.0,0,-107875648.0,0.0,0,39322,17038,52429,17052,13107,17037,0,0,0,110,100,100,0.0,64.1,0.0,64.8,-0.0,68.5,1,49,50,180,0,0,0,0,0.0,0.0,0.0,0.0,1.1611395122108826e+17,65.5,0.0,8.001721311590445e+33,0.0,645,0,685,0,0,0,713,0,784,0,706,0,688,0,646,0,640,0,619,0.032,36438016.0,-2.004,-0.0,51600,16789,6.429052286507829e+21,0.028,nan,5.449293976467145e+18,0.0,0.0,29.0,60.0,70,0.0,0.0,0.0,0.0,0.0,0.0,0.0,0.0,0.0,0.0,0.0,0.0,0.0,0.0,0.0,0.0,59.2,68,12,65509,41,65476,0,300,0,0,8,20529,65476,0,0,61604,60.0,0.0,0.0,0.0,0.0,0.0
2026-04-04T11:54:56,ERR,ERR,ERR,ERR,ERR,ERR,ERR,ERR,ERR,ERR,ERR,ERR,ERR,ERR,ERR,ERR,ERR,ERR,ERR,ERR,ERR,ERR,ERR,ERR,ERR,ERR,ERR,ERR,ERR,ERR,ERR,ERR,ERR,ERR,ERR,ERR,ERR,ERR,ERR,ERR,ERR,ERR,ERR,ERR,ERR,ERR,ERR,ERR,ERR,ERR,ERR,ERR,ERR,ERR,ERR,ERR,ERR,ERR,ERR,ERR,ERR,ERR,ERR,ERR,ERR,ERR,ERR,ERR,ERR,ERR,ERR,ERR,ERR,ERR,ERR,ERR,ERR,ERR,ERR,ERR,ERR,ERR,ERR,ERR,ERR,ERR,ERR,ERR,ERR,ERR,ERR,ERR,ERR,ERR,ERR,ERR,ERR,ERR,ERR,ERR,ERR,ERR,ERR,ERR,ERR,ERR,ERR,ERR,ERR,ERR,ERR,ERR,ERR,ERR,ERR,ERR,ERR,ERR,ERR,ERR,ERR,ERR,ERR,ERR,ERR,-107615240.0,0.0,-117832800.0,0.0,0.0,0.0,0.0,nan,0,0,0,32768,0,0.0,0,0.0,0.0,0.0,0.0,0.0,0,0,0,0,0.0,0,0,0,0,0,0,0,0,0,0,0,0,0,0,0,0,0,0,0,0,0,0,0,0,0,0,0,0,0,0,0,0,0,0,0,0,0,0,0,0,0,0,0,0,0.0,0.0,0.0,0.0,0.0,0.0,0.0,0.0,0.0,0.0,0.0,0.0,0.0,0.0,0.0,0.0,0.0,0.0,0.0,0.0,0.0,0.0,2.004,-0.0,0.0,-2.004,0.0,0.0,0.0,0.0,3355.0,0.0,0.0,-107615240.0,0.0,-107615232.0,-0.0,0.0,0.0,0.0,0.0,0,0.0,-152016156360704.0,0.0,0.0,0.0,0.0,0.0,0.0,0.0,0,0,0,0.0,0.0,0.0,0.0,0.0,0.0,0.0,0.0,0.0,0.0,0.0,0.0,0.0,0.0,0.0,0.0,0,-107875648.0,0,0.0,0,-107875648.0,0.0,0,39322,17038,52429,17052,13107,17037,0,0,0,110,100,100,0.0,64.1,0.0,64.8,-0.0,68.5,1,49,50,180,0,0,0,0,0.0,0.0,0.0,0.0,1.1611395122108826e+17,65.5,0.0,8.001721311590445e+33,0.0,645,0,685,0,0,0,713,0,784,0,706,0,688,0,646,0,640,0,619,0.032,36438016.0,-2.004,-0.0,51600,16789,6.429052286507829e+21,0.028,nan,5.449293976467145e+18,0.0,0.0,29.0,60.0,70,0.0,0.0,0.0,0.0,0.0,0.0,0.0,0.0,0.0,0.0,0.0,0.0,0.0,0.0,0.0,0.0,59.2,68,12,65509,41,65476,0,300,0,0,8,20529,65476,0,0,61604,60.0,0.0,0.0,0.0,0.0,0.0
2026-04-04T11:54:57,ERR,ERR,ERR,ERR,ERR,ERR,ERR,ERR,ERR,ERR,ERR,ERR,ERR,ERR,ERR,ERR,ERR,ERR,ERR,ERR,ERR,ERR,ERR,ERR,ERR,ERR,ERR,ERR,ERR,ERR,ERR,ERR,ERR,ERR,ERR,ERR,ERR,ERR,ERR,ERR,ERR,ERR,ERR,ERR,ERR,ERR,ERR,ERR,ERR,ERR,ERR,ERR,ERR,ERR,ERR,ERR,ERR,ERR,ERR,ERR,ERR,ERR,ERR,ERR,ERR,ERR,ERR,ERR,ERR,ERR,ERR,ERR,ERR,ERR,ERR,ERR,ERR,ERR,ERR,ERR,ERR,ERR,ERR,ERR,ERR,ERR,ERR,ERR,ERR,ERR,ERR,ERR,ERR,ERR,ERR,ERR,ERR,ERR,ERR,ERR,ERR,ERR,ERR,ERR,ERR,ERR,ERR,ERR,ERR,ERR,ERR,ERR,ERR,ERR,ERR,ERR,ERR,ERR,ERR,ERR,ERR,ERR,ERR,ERR,ERR,-107615240.0,0.0,-117832800.0,0.0,0.0,0.0,0.0,nan,0,0,0,32768,0,0.0,0,0.0,0.0,0.0,0.0,0.0,0,0,0,0,0.0,0,0,0,0,0,0,0,0,0,0,0,0,0,0,0,0,0,0,0,0,0,0,0,0,0,0,0,0,0,0,0,0,0,0,0,0,0,0,0,0,0,0,0,0,0.0,0.0,0.0,0.0,0.0,0.0,0.0,0.0,0.0,0.0,0.0,0.0,0.0,0.0,0.0,0.0,0.0,0.0,0.0,0.0,0.0,0.0,2.004,-0.0,0.0,-2.004,0.0,0.0,0.0,0.0,3355.0,0.0,0.0,-107615240.0,0.0,-107615232.0,-0.0,0.0,0.0,0.0,0.0,0,0.0,-152016156360704.0,0.0,0.0,0.0,0.0,0.0,0.0,0.0,0,0,0,0.0,0.0,0.0,0.0,0.0,0.0,0.0,0.0,0.0,0.0,0.0,0.0,0.0,0.0,0.0,0.0,0,-107875648.0,0,0.0,0,-107875648.0,0.0,0,39322,17038,52429,17052,13107,17037,0,0,0,110,100,100,0.0,64.1,0.0,64.8,-0.0,68.5,1,49,50,180,0,0,0,0,0.0,0.0,0.0,0.0,3.439631181932408e+26,65.5,0.0,-0.0,0.0,645,0,685,0,0,0,712,0,784,0,706,0,688,0,646,0,640,0,619,0.032,36962304.0,-2.004,-0.0,55952,16789,8.245622543354132e+24,-0.0,0.0,0.0,-2.5727166895501614e+28,-1056639398445056.0,29.0,60.0,70,0.0,0.0,0.0,0.0,0.0,0.0,0.0,0.0,0.0,0.0,0.0,0.0,0.0,0.0,0.0,0.0,59.2,68,12,65509,41,65476,0,300,0,0,8,20529,65476,0,0,61604,60.0,0.0,0.0,0.0,0.0,0.0
2026-04-04T11:54:58,ERR,ERR,ERR,ERR,ERR,ERR,ERR,ERR,ERR,ERR,ERR,ERR,ERR,ERR,ERR,ERR,ERR,ERR,ERR,ERR,ERR,ERR,ERR,ERR,ERR,ERR,ERR,ERR,ERR,ERR,ERR,ERR,ERR,ERR,ERR,ERR,ERR,ERR,ERR,ERR,ERR,ERR,ERR,ERR,ERR,ERR,ERR,ERR,ERR,ERR,ERR,ERR,ERR,ERR,ERR,ERR,ERR,ERR,ERR,ERR,ERR,ERR,ERR,ERR,ERR,ERR,ERR,ERR,ERR,ERR,ERR,ERR,ERR,ERR,ERR,ERR,ERR,ERR,ERR,ERR,ERR,ERR,ERR,ERR,ERR,ERR,ERR,ERR,ERR,ERR,ERR,ERR,ERR,ERR,ERR,ERR,ERR,ERR,ERR,ERR,ERR,ERR,ERR,ERR,ERR,ERR,ERR,ERR,ERR,ERR,ERR,ERR,ERR,ERR,ERR,ERR,ERR,ERR,ERR,ERR,ERR,ERR,ERR,ERR,ERR,-107615240.0,0.0,-117832800.0,0.0,0.0,0.0,0.0,nan,0,0,0,32768,0,0.0,0,0.0,0.0,0.0,0.0,0.0,0,0,0,0,0.0,0,0,0,0,0,0,0,0,0,0,0,0,0,0,0,0,0,0,0,0,0,0,0,0,0,0,0,0,0,0,0,0,0,0,0,0,0,0,0,0,0,0,0,0,0.0,0.0,0.0,0.0,0.0,0.0,0.0,0.0,0.0,0.0,0.0,0.0,0.0,0.0,0.0,0.0,0.0,0.0,0.0,0.0,0.0,0.0,2.004,-0.0,0.0,-2.004,0.0,0.0,0.0,0.0,3358.0,8608105472.0,0.0,-107615240.0,0.0,-107615232.0,-0.0,0.0,0.0,0.0,0.0,0,0.0,-3.221978048606709e+26,0.0,0.0,0.0,0.0,0.0,0.0,0.0,0,0,0,0.0,0.0,0.0,0.0,0.0,0.0,0.0,0.0,0.0,0.0,0.0,0.0,0.0,0.0,0.0,0.0,0,-107875648.0,0,0.0,0,-107875648.0,0.0,0,39322,17038,52429,17052,13107,17037,0,0,0,110,100,100,0.0,64.1,0.0,64.8,-0.0,68.5,1,49,50,180,0,0,0,0,0.0,0.0,0.0,0.0,3.439631181932408e+26,65.5,0.0,-0.0,0.0,645,0,685,0,0,0,712,0,784,0,706,0,688,0,646,0,640,0,619,0.032,36962304.0,-2.004,-0.0,55952,16789,8.245622543354132e+24,-0.0,0.0,0.0,-2.5727166895501614e+28,-1056639398445056.0,29.0,60.0,70,0.0,0.0,0.0,0.0,0.0,0.0,0.0,0.0,0.0,0.0,0.0,0.0,0.0,0.0,0.0,0.0,59.2,68,12,65509,41,65476,0,300,0,0,8,20529,65476,0,0,61604,60.0,0.0,0.0,0.0,0.0,0.0
2026-04-04T11:54:59,ERR,ERR,ERR,ERR,ERR,ERR,ERR,ERR,ERR,ERR,ERR,ERR,ERR,ERR,ERR,ERR,ERR,ERR,ERR,ERR,ERR,ERR,ERR,ERR,ERR,ERR,ERR,ERR,ERR,ERR,ERR,ERR,ERR,ERR,ERR,ERR,ERR,ERR,ERR,ERR,ERR,ERR,ERR,ERR,ERR,ERR,ERR,ERR,ERR,ERR,ERR,ERR,ERR,ERR,ERR,ERR,ERR,ERR,ERR,ERR,ERR,ERR,ERR,ERR,ERR,ERR,ERR,ERR,ERR,ERR,ERR,ERR,ERR,ERR,ERR,ERR,ERR,ERR,ERR,ERR,ERR,ERR,ERR,ERR,ERR,ERR,ERR,ERR,ERR,ERR,ERR,ERR,ERR,ERR,ERR,ERR,ERR,ERR,ERR,ERR,ERR,ERR,ERR,ERR,ERR,ERR,ERR,ERR,ERR,ERR,ERR,ERR,ERR,ERR,ERR,ERR,ERR,ERR,ERR,ERR,ERR,ERR,ERR,ERR,ERR,-107615240.0,0.0,-117832800.0,0.0,0.0,0.0,0.0,nan,0,0,0,32768,0,0.0,0,0.0,0.0,0.0,0.0,0.0,0,0,0,0,0.0,0,0,0,0,0,0,0,0,0,0,0,0,0,0,0,0,0,0,0,0,0,0,0,0,0,0,0,0,0,0,0,0,0,0,0,0,0,0,0,0,0,0,0,0,0.0,0.0,0.0,0.0,0.0,0.0,0.0,0.0,0.0,0.0,0.0,0.0,0.0,0.0,0.0,0.0,0.0,0.0,0.0,0.0,0.0,0.0,2.004,-0.0,0.0,-2.004,0.0,0.0,0.0,0.0,3358.0,8608105472.0,0.0,-107615240.0,0.0,-107615232.0,-0.0,0.0,0.0,0.0,0.0,0,0.0,-3.221978048606709e+26,0.0,0.0,0.0,0.0,0.0,0.0,0.0,0,0,0,0.0,0.0,0.0,0.0,0.0,0.0,0.0,0.0,0.0,0.0,0.0,0.0,0.0,0.0,0.0,0.0,0,-107875648.0,0,0.0,0,-107875648.0,0.0,0,39322,17038,52429,17052,13107,17037,0,0,0,110,100,100,0.0,64.1,0.0,64.8,-0.0,68.5,1,49,50,180,0,0,0,0,0.0,0.0,0.0,0.0,3.439631181932408e+26,65.5,0.0,-0.0,0.0,645,0,685,0,0,0,712,0,784,0,706,0,688,0,646,0,640,0,619,0.032,36962304.0,-2.004,-0.0,55952,16789,8.245622543354132e+24,-0.0,0.0,0.0,-2.5727166895501614e+28,-1056639398445056.0,29.0,60.0,70,0.0,0.0,0.0,0.0,0.0,0.0,0.0,0.0,0.0,0.0,0.0,0.0,0.0,0.0,0.0,0.0,59.2,68,12,65509,41,65476,0,300,0,0,8,20529,65476,0,0,61604,60.0,0.0,0.0,0.0,0.0,0.0
2026-04-04T11:55:00,ERR,ERR,ERR,ERR,ERR,ERR,ERR,ERR,ERR,ERR,ERR,ERR,ERR,ERR,ERR,ERR,ERR,ERR,ERR,ERR,ERR,ERR,ERR,ERR,ERR,ERR,ERR,ERR,ERR,ERR,ERR,ERR,ERR,ERR,ERR,ERR,ERR,ERR,ERR,ERR,ERR,ERR,ERR,ERR,ERR,ERR,ERR,ERR,ERR,ERR,ERR,ERR,ERR,ERR,ERR,ERR,ERR,ERR,ERR,ERR,ERR,ERR,ERR,ERR,ERR,ERR,ERR,ERR,ERR,ERR,ERR,ERR,ERR,ERR,ERR,ERR,ERR,ERR,ERR,ERR,ERR,ERR,ERR,ERR,ERR,ERR,ERR,ERR,ERR,ERR,ERR,ERR,ERR,ERR,ERR,ERR,ERR,ERR,ERR,ERR,ERR,ERR,ERR,ERR,ERR,ERR,ERR,ERR,ERR,ERR,ERR,ERR,ERR,ERR,ERR,ERR,ERR,ERR,ERR,ERR,ERR,ERR,ERR,ERR,ERR,-107615240.0,0.0,-117832800.0,0.0,0.0,0.0,0.0,nan,0,0,0,32768,0,0.0,0,0.0,0.0,0.0,0.0,0.0,0,0,0,0,0.0,0,0,0,0,0,0,0,0,0,0,0,0,0,0,0,0,0,0,0,0,0,0,0,0,0,0,0,0,0,0,0,0,0,0,0,0,0,0,0,0,0,0,0,0,0.0,0.0,0.0,0.0,0.0,0.0,0.0,0.0,0.0,0.0,0.0,0.0,0.0,0.0,0.0,0.0,0.0,0.0,0.0,0.0,0.0,0.0,2.004,-0.0,0.0,-2.004,0.0,0.0,0.0,0.0,3358.0,8608105472.0,0.0,-107615240.0,0.0,-107615232.0,-0.0,0.0,0.0,0.0,0.0,0,0.0,-3.221978048606709e+26,0.0,0.0,0.0,0.0,0.0,0.0,0.0,0,0,0,0.0,0.0,0.0,0.0,0.0,0.0,0.0,0.0,0.0,0.0,0.0,0.0,0.0,0.0,0.0,0.0,0,-107875648.0,0,0.0,0,-107875648.0,0.0,0,39322,17038,52429,17052,13107,17037,0,0,0,110,100,100,0.0,64.1,0.0,64.8,-0.0,68.5,1,49,50,180,0,0,0,0,0.0,0.0,0.0,0.0,3.439631181932408e+26,65.5,0.0,-0.0,0.0,645,0,685,0,0,0,712,0,784,0,706,0,688,0,646,0,640,0,619,0.032,36962304.0,-2.004,-0.0,55952,16789,8.245622543354132e+24,-0.0,0.0,0.0,-2.5727166895501614e+28,-1056639398445056.0,29.0,60.0,70,0.0,0.0,0.0,0.0,0.0,0.0,0.0,0.0,0.0,0.0,0.0,0.0,0.0,0.0,0.0,0.0,59.2,68,12,65509,41,65476,0,300,0,0,8,20529,65476,0,0,61604,60.0,0.0,0.0,0.0,0.0,0.0
2026-04-04T11:55:01,ERR,ERR,ERR,ERR,ERR,ERR,ERR,ERR,ERR,ERR,ERR,ERR,ERR,ERR,ERR,ERR,ERR,ERR,ERR,ERR,ERR,ERR,ERR,ERR,ERR,ERR,ERR,ERR,ERR,ERR,ERR,ERR,ERR,ERR,ERR,ERR,ERR,ERR,ERR,ERR,ERR,ERR,ERR,ERR,ERR,ERR,ERR,ERR,ERR,ERR,ERR,ERR,ERR,ERR,ERR,ERR,ERR,ERR,ERR,ERR,ERR,ERR,ERR,ERR,ERR,ERR,ERR,ERR,ERR,ERR,ERR,ERR,ERR,ERR,ERR,ERR,ERR,ERR,ERR,ERR,ERR,ERR,ERR,ERR,ERR,ERR,ERR,ERR,ERR,ERR,ERR,ERR,ERR,ERR,ERR,ERR,ERR,ERR,ERR,ERR,ERR,ERR,ERR,ERR,ERR,ERR,ERR,ERR,ERR,ERR,ERR,ERR,ERR,ERR,ERR,ERR,ERR,ERR,ERR,ERR,ERR,ERR,ERR,ERR,ERR,-107615240.0,0.0,-117832800.0,0.0,0.0,0.0,0.0,nan,0,0,0,32768,0,0.0,0,0.0,0.0,0.0,0.0,0.0,0,0,0,0,0.0,0,0,0,0,0,0,0,0,0,0,0,0,0,0,0,0,0,0,0,0,0,0,0,0,0,0,0,0,0,0,0,0,0,0,0,0,0,0,0,0,0,0,0,0,0.0,0.0,0.0,0.0,0.0,0.0,0.0,0.0,0.0,0.0,0.0,0.0,0.0,0.0,0.0,0.0,0.0,0.0,0.0,0.0,0.0,0.0,2.004,-0.0,0.0,-2.004,0.0,0.0,0.0,0.0,3358.0,8608105472.0,0.0,-107615240.0,0.0,-107615232.0,-0.0,0.0,0.0,0.0,0.0,0,0.0,-3.221978048606709e+26,0.0,0.0,0.0,0.0,0.0,0.0,0.0,0,0,0,0.0,0.0,0.0,0.0,0.0,0.0,0.0,0.0,0.0,0.0,0.0,0.0,0.0,0.0,0.0,0.0,0,-107875648.0,0,0.0,0,-107875648.0,0.0,0,39322,17038,52429,17052,13107,17037,0,0,0,110,100,100,0.0,64.1,0.0,64.8,-0.0,68.5,1,49,50,180,0,0,0,0,0.0,0.0,0.0,0.0,4.085396464467258e+30,65.5,0.0,-0.0,0.0,645,0,685,0,0,0,713,0,784,0,706,0,688,0,646,0,640,0,619,0.032,36962304.0,-2.004,-0.0,50832,16789,4.085396464467258e+30,-0.0,195299792.0,0.0,nan,-5.764219698686829e+28,29.0,60.0,70,0.0,0.0,0.0,0.0,0.0,0.0,0.0,0.0,0.0,0.0,0.0,0.0,0.0,0.0,0.0,0.0,59.2,68,12,65509,41,65476,0,300,0,0,8,20529,65476,0,0,61604,60.0,0.0,0.0,0.0,0.0,0.0
2026-04-04T11:55:02,ERR,ERR,ERR,ERR,ERR,ERR,ERR,ERR,ERR,ERR,ERR,ERR,ERR,ERR,ERR,ERR,ERR,ERR,ERR,ERR,ERR,ERR,ERR,ERR,ERR,ERR,ERR,ERR,ERR,ERR,ERR,ERR,ERR,ERR,ERR,ERR,ERR,ERR,ERR,ERR,ERR,ERR,ERR,ERR,ERR,ERR,ERR,ERR,ERR,ERR,ERR,ERR,ERR,ERR,ERR,ERR,ERR,ERR,ERR,ERR,ERR,ERR,ERR,ERR,ERR,ERR,ERR,ERR,ERR,ERR,ERR,ERR,ERR,ERR,ERR,ERR,ERR,ERR,ERR,ERR,ERR,ERR,ERR,ERR,ERR,ERR,ERR,ERR,ERR,ERR,ERR,ERR,ERR,ERR,ERR,ERR,ERR,ERR,ERR,ERR,ERR,ERR,ERR,ERR,ERR,ERR,ERR,ERR,ERR,ERR,ERR,ERR,ERR,ERR,ERR,ERR,ERR,ERR,ERR,ERR,ERR,ERR,ERR,ERR,ERR,-107615240.0,0.0,-117832800.0,0.0,0.0,0.0,0.0,nan,0,0,0,32768,0,0.0,0,0.0,0.0,0.0,0.0,0.0,0,0,0,0,0.0,0,0,0,0,0,0,0,0,0,0,0,0,0,0,0,0,0,0,0,0,0,0,0,0,0,0,0,0,0,0,0,0,0,0,0,0,0,0,0,0,0,0,0,0,0.0,0.0,0.0,0.0,0.0,0.0,0.0,0.0,0.0,0.0,0.0,0.0,0.0,0.0,0.0,0.0,0.0,0.0,0.0,0.0,0.0,0.0,2.004,-0.0,0.0,-2.004,0.0,0.0,0.0,0.0,3358.0,8608105472.0,0.0,-107615240.0,0.0,-107615232.0,-0.0,0.0,0.0,0.0,0.0,0,0.0,-3.221978048606709e+26,0.0,0.0,0.0,0.0,0.0,0.0,0.0,0,0,0,0.0,0.0,0.0,0.0,0.0,0.0,0.0,0.0,0.0,0.0,0.0,0.0,0.0,0.0,0.0,0.0,0,-107875648.0,0,0.0,0,-107875648.0,0.0,0,39322,17038,52429,17052,13107,17037,0,0,0,110,100,100,0.0,64.1,0.0,64.8,-0.0,68.5,1,49,50,180,0,0,0,0,0.0,0.0,0.0,0.0,4.085396464467258e+30,65.5,0.0,-0.0,0.0,645,0,685,0,0,0,713,0,784,0,706,0,688,0,646,0,640,0,619,0.032,36962304.0,-2.004,-0.0,50832,16789,4.085396464467258e+30,-0.0,195299792.0,0.0,nan,-5.764219698686829e+28,29.0,60.0,70,0.0,0.0,0.0,0.0,0.0,0.0,0.0,0.0,0.0,0.0,0.0,0.0,0.0,0.0,0.0,0.0,59.2,68,12,65509,41,65476,0,300,0,0,8,20529,65476,0,0,61604,60.0,0.0,0.0,0.0,0.0,0.0
2026-04-04T11:55:03,ERR,ERR,ERR,ERR,ERR,ERR,ERR,ERR,ERR,ERR,ERR,ERR,ERR,ERR,ERR,ERR,ERR,ERR,ERR,ERR,ERR,ERR,ERR,ERR,ERR,ERR,ERR,ERR,ERR,ERR,ERR,ERR,ERR,ERR,ERR,ERR,ERR,ERR,ERR,ERR,ERR,ERR,ERR,ERR,ERR,ERR,ERR,ERR,ERR,ERR,ERR,ERR,ERR,ERR,ERR,ERR,ERR,ERR,ERR,ERR,ERR,ERR,ERR,ERR,ERR,ERR,ERR,ERR,ERR,ERR,ERR,ERR,ERR,ERR,ERR,ERR,ERR,ERR,ERR,ERR,ERR,ERR,ERR,ERR,ERR,ERR,ERR,ERR,ERR,ERR,ERR,ERR,ERR,ERR,ERR,ERR,ERR,ERR,ERR,ERR,ERR,ERR,ERR,ERR,ERR,ERR,ERR,ERR,ERR,ERR,ERR,ERR,ERR,ERR,ERR,ERR,ERR,ERR,ERR,ERR,ERR,ERR,ERR,ERR,ERR,-107615240.0,0.0,-117832800.0,0.0,0.0,0.0,0.0,nan,0,0,0,32768,0,0.0,0,0.0,0.0,0.0,0.0,0.0,0,0,0,0,0.0,0,0,0,0,0,0,0,0,0,0,0,0,0,0,0,0,0,0,0,0,0,0,0,0,0,0,0,0,0,0,0,0,0,0,0,0,0,0,0,0,0,0,0,0,0.0,0.0,0.0,0.0,0.0,0.0,0.0,0.0,0.0,0.0,0.0,0.0,0.0,0.0,0.0,0.0,0.0,0.0,0.0,0.0,0.0,0.0,2.004,-0.0,0.0,-2.004,0.0,0.0,0.0,0.0,3358.0,8608105472.0,0.0,-107615240.0,0.0,-107615232.0,-0.0,0.0,0.0,0.0,0.0,0,0.0,-3.221978048606709e+26,0.0,0.0,0.0,0.0,0.0,0.0,0.0,0,0,0,0.0,0.0,0.0,0.0,0.0,0.0,0.0,0.0,0.0,0.0,0.0,0.0,0.0,0.0,0.0,0.0,0,-107875648.0,0,0.0,0,-107875648.0,0.0,0,39322,17038,52429,17052,13107,17037,0,0,0,110,100,100,0.0,64.1,0.0,64.8,-0.0,68.5,1,49,50,180,0,0,0,0,0.0,0.0,0.0,0.0,4.085396464467258e+30,65.5,0.0,-0.0,0.0,645,0,685,0,0,0,713,0,784,0,706,0,688,0,646,0,640,0,619,0.032,36962304.0,-2.004,-0.0,50832,16789,4.085396464467258e+30,-0.0,195299792.0,0.0,nan,-5.764219698686829e+28,29.0,60.0,70,0.0,0.0,0.0,0.0,0.0,0.0,0.0,0.0,0.0,0.0,0.0,0.0,0.0,0.0,0.0,0.0,59.6,68,12,65509,41,65476,0,300,0,0,8,20529,65476,0,0,61604,60.0,0.0,0.0,0.0,0.0,0.0
2026-04-04T11:55:04,ERR,ERR,ERR,ERR,ERR,ERR,ERR,ERR,ERR,ERR,ERR,ERR,ERR,ERR,ERR,ERR,ERR,ERR,ERR,ERR,ERR,ERR,ERR,ERR,ERR,ERR,ERR,ERR,ERR,ERR,ERR,ERR,ERR,ERR,ERR,ERR,ERR,ERR,ERR,ERR,ERR,ERR,ERR,ERR,ERR,ERR,ERR,ERR,ERR,ERR,ERR,ERR,ERR,ERR,ERR,ERR,ERR,ERR,ERR,ERR,ERR,ERR,ERR,ERR,ERR,ERR,ERR,ERR,ERR,ERR,ERR,ERR,ERR,ERR,ERR,ERR,ERR,ERR,ERR,ERR,ERR,ERR,ERR,ERR,ERR,ERR,ERR,ERR,ERR,ERR,ERR,ERR,ERR,ERR,ERR,ERR,ERR,ERR,ERR,ERR,ERR,ERR,ERR,ERR,ERR,ERR,ERR,ERR,ERR,ERR,ERR,ERR,ERR,ERR,ERR,ERR,ERR,ERR,ERR,ERR,ERR,ERR,ERR,ERR,ERR,-107615240.0,0.0,-117832800.0,0.0,0.0,0.0,0.0,nan,0,0,0,32768,0,0.0,0,0.0,0.0,0.0,0.0,0.0,0,0,0,0,0.0,0,0,0,0,0,0,0,0,0,0,0,0,0,0,0,0,0,0,0,0,0,0,0,0,0,0,0,0,0,0,0,0,0,0,0,0,0,0,0,0,0,0,0,0,0.0,0.0,0.0,0.0,0.0,0.0,0.0,0.0,0.0,0.0,0.0,0.0,0.0,0.0,0.0,0.0,0.0,0.0,0.0,0.0,0.0,0.0,2.004,-0.0,0.0,-2.004,0.0,0.0,0.0,0.0,3358.0,8608105472.0,0.0,-107615240.0,0.0,-107615232.0,-0.0,0.0,0.0,0.0,0.0,0,0.0,-3.221978048606709e+26,0.0,0.0,0.0,0.0,0.0,0.0,0.0,0,0,0,0.0,0.0,0.0,0.0,0.0,0.0,0.0,0.0,0.0,0.0,0.0,0.0,0.0,0.0,0.0,0.0,0,-107875648.0,0,0.0,0,-107875648.0,0.0,0,39322,17038,52429,17052,13107,17037,0,0,0,110,100,100,0.0,64.1,0.0,64.8,-0.0,68.5,1,49,50,180,0,0,0,0,0.0,0.0,0.0,0.0,4.085396464467258e+30,65.5,0.0,-0.0,0.0,645,0,685,0,0,0,713,0,784,0,706,0,688,0,646,0,640,0,619,0.032,36962304.0,-2.004,-0.0,50832,16789,4.085396464467258e+30,-0.0,195299792.0,0.0,nan,-5.764219698686829e+28,29.0,60.0,70,0.0,0.0,0.0,0.0,0.0,0.0,0.0,0.0,0.0,0.0,0.0,0.0,0.0,0.0,0.0,0.0,59.6,68,12,65509,41,65476,0,300,0,0,8,20529,65476,0,0,61604,60.0,0.0,0.0,0.0,0.0,0.0
2026-04-04T11:55:05,ERR,ERR,ERR,ERR,ERR,ERR,ERR,ERR,ERR,ERR,ERR,ERR,ERR,ERR,ERR,ERR,ERR,ERR,ERR,ERR,ERR,ERR,ERR,ERR,ERR,ERR,ERR,ERR,ERR,ERR,ERR,ERR,ERR,ERR,ERR,ERR,ERR,ERR,ERR,ERR,ERR,ERR,ERR,ERR,ERR,ERR,ERR,ERR,ERR,ERR,ERR,ERR,ERR,ERR,ERR,ERR,ERR,ERR,ERR,ERR,ERR,ERR,ERR,ERR,ERR,ERR,ERR,ERR,ERR,ERR,ERR,ERR,ERR,ERR,ERR,ERR,ERR,ERR,ERR,ERR,ERR,ERR,ERR,ERR,ERR,ERR,ERR,ERR,ERR,ERR,ERR,ERR,ERR,ERR,ERR,ERR,ERR,ERR,ERR,ERR,ERR,ERR,ERR,ERR,ERR,ERR,ERR,ERR,ERR,ERR,ERR,ERR,ERR,ERR,ERR,ERR,ERR,ERR,ERR,ERR,ERR,ERR,ERR,ERR,ERR,-107615240.0,0.0,-117832800.0,0.0,0.0,0.0,0.0,nan,0,0,0,32768,0,0.0,0,0.0,0.0,0.0,0.0,0.0,0,0,0,0,0.0,0,0,0,0,0,0,0,0,0,0,0,0,0,0,0,0,0,0,0,0,0,0,0,0,0,0,0,0,0,0,0,0,0,0,0,0,0,0,0,0,0,0,0,0,0.0,0.0,0.0,0.0,0.0,0.0,0.0,0.0,0.0,0.0,0.0,0.0,0.0,0.0,0.0,0.0,0.0,0.0,0.0,0.0,0.0,0.0,2.004,-0.0,0.0,-2.004,0.0,0.0,0.0,0.0,3356.5,0.0,0.0,-107615240.0,0.0,-107615232.0,-0.0,0.0,0.0,0.0,0.0,0,0.0,-107614248.0,0.0,0.0,0.0,0.0,0.0,0.0,0.0,0,0,0,0.0,0.0,0.0,0.0,0.0,0.0,0.0,0.0,0.0,0.0,0.0,0.0,0.0,0.0,0.0,0.0,0,-107875648.0,0,0.0,0,-107875648.0,0.0,0,39322,17038,52429,17052,13107,17037,0,0,0,110,100,100,0.0,64.1,0.0,64.8,-0.0,68.5,1,49,50,180,0,0,0,0,0.0,0.0,0.0,0.0,4.085396464467258e+30,65.5,0.0,-0.0,0.0,645,0,685,0,0,0,713,0,784,0,706,0,688,0,646,0,640,0,619,0.032,36962304.0,-2.004,-0.0,50832,16789,4.085396464467258e+30,-0.0,195299792.0,0.0,nan,-5.764219698686829e+28,29.0,60.0,70,0.0,0.0,0.0,0.0,0.0,0.0,0.0,0.0,0.0,0.0,0.0,0.0,0.0,0.0,0.0,0.0,59.2,68,12,65509,41,65476,0,300,0,0,8,20529,65476,0,0,61604,60.0,0.0,0.0,0.0,0.0,0.0
2026-04-04T11:55:06,ERR,ERR,ERR,ERR,ERR,ERR,ERR,ERR,ERR,ERR,ERR,ERR,ERR,ERR,ERR,ERR,ERR,ERR,ERR,ERR,ERR,ERR,ERR,ERR,ERR,ERR,ERR,ERR,ERR,ERR,ERR,ERR,ERR,ERR,ERR,ERR,ERR,ERR,ERR,ERR,ERR,ERR,ERR,ERR,ERR,ERR,ERR,ERR,ERR,ERR,ERR,ERR,ERR,ERR,ERR,ERR,ERR,ERR,ERR,ERR,ERR,ERR,ERR,ERR,ERR,ERR,ERR,ERR,ERR,ERR,ERR,ERR,ERR,ERR,ERR,ERR,ERR,ERR,ERR,ERR,ERR,ERR,ERR,ERR,ERR,ERR,ERR,ERR,ERR,ERR,ERR,ERR,ERR,ERR,ERR,ERR,ERR,ERR,ERR,ERR,ERR,ERR,ERR,ERR,ERR,ERR,ERR,ERR,ERR,ERR,ERR,ERR,ERR,ERR,ERR,ERR,ERR,ERR,ERR,ERR,ERR,ERR,ERR,ERR,ERR,-107615240.0,0.0,-117832800.0,0.0,0.0,0.0,0.0,nan,0,0,0,32768,0,0.0,0,0.0,0.0,0.0,0.0,0.0,0,0,0,0,0.0,0,0,0,0,0,0,0,0,0,0,0,0,0,0,0,0,0,0,0,0,0,0,0,0,0,0,0,0,0,0,0,0,0,0,0,0,0,0,0,0,0,0,0,0,0.0,0.0,0.0,0.0,0.0,0.0,0.0,0.0,0.0,0.0,0.0,0.0,0.0,0.0,0.0,0.0,0.0,0.0,0.0,0.0,0.0,0.0,2.004,-0.0,0.0,-2.004,0.0,0.0,0.0,0.0,3356.5,0.0,0.0,-107615240.0,0.0,-107615232.0,-0.0,0.0,0.0,0.0,0.0,0,0.0,-107614248.0,0.0,0.0,0.0,0.0,0.0,0.0,0.0,0,0,0,0.0,0.0,0.0,0.0,0.0,0.0,0.0,0.0,0.0,0.0,0.0,0.0,0.0,0.0,0.0,0.0,0,-107875648.0,0,0.0,0,-107875648.0,0.0,0,39322,17038,52429,17052,13107,17037,0,0,0,110,100,100,0.0,64.0,0.0,64.8,-0.0,68.5,1,49,50,180,0,0,0,0,0.0,0.0,0.0,0.0,825749602304.0,65.5,0.0,115331.914,0.0,645,0,685,0,0,0,713,0,784,0,706,0,688,0,646,0,640,0,619,0.032,36962304.0,-2.004,-0.0,42384,16789,3.2546925014155264e+16,115331.914,-92931296.0,4.800771232079282e+18,-0.0,-0.0,29.0,60.0,70,0.0,0.0,0.0,0.0,0.0,0.0,0.0,0.0,0.0,0.0,0.0,0.0,0.0,0.0,0.0,0.0,59.2,68,12,65509,41,65476,0,300,0,0,8,20529,65476,0,0,61604,60.0,0.0,0.0,0.0,0.0,0.0
2026-04-04T11:55:07,ERR,ERR,ERR,ERR,ERR,ERR,ERR,ERR,ERR,ERR,ERR,ERR,ERR,ERR,ERR,ERR,ERR,ERR,ERR,ERR,ERR,ERR,ERR,ERR,ERR,ERR,ERR,ERR,ERR,ERR,ERR,ERR,ERR,ERR,ERR,ERR,ERR,ERR,ERR,ERR,ERR,ERR,ERR,ERR,ERR,ERR,ERR,ERR,ERR,ERR,ERR,ERR,ERR,ERR,ERR,ERR,ERR,ERR,ERR,ERR,ERR,ERR,ERR,ERR,ERR,ERR,ERR,ERR,ERR,ERR,ERR,ERR,ERR,ERR,ERR,ERR,ERR,ERR,ERR,ERR,ERR,ERR,ERR,ERR,ERR,ERR,ERR,ERR,ERR,ERR,ERR,ERR,ERR,ERR,ERR,ERR,ERR,ERR,ERR,ERR,ERR,ERR,ERR,ERR,ERR,ERR,ERR,ERR,ERR,ERR,ERR,ERR,ERR,ERR,ERR,ERR,ERR,ERR,ERR,ERR,ERR,ERR,ERR,ERR,ERR,-107615240.0,0.0,-117832800.0,0.0,0.0,0.0,0.0,nan,0,0,0,32768,0,0.0,0,0.0,0.0,0.0,0.0,0.0,0,0,0,0,0.0,0,0,0,0,0,0,0,0,0,0,0,0,0,0,0,0,0,0,0,0,0,0,0,0,0,0,0,0,0,0,0,0,0,0,0,0,0,0,0,0,0,0,0,0,0.0,0.0,0.0,0.0,0.0,0.0,0.0,0.0,0.0,0.0,0.0,0.0,0.0,0.0,0.0,0.0,0.0,0.0,0.0,0.0,0.0,0.0,2.004,-0.0,0.0,-2.004,0.0,0.0,0.0,0.0,3356.5,0.0,0.0,-107615240.0,0.0,-107615232.0,-0.0,0.0,0.0,0.0,0.0,0,0.0,-107614248.0,0.0,0.0,0.0,0.0,0.0,0.0,0.0,0,0,0,0.0,0.0,0.0,0.0,0.0,0.0,0.0,0.0,0.0,0.0,0.0,0.0,0.0,0.0,0.0,0.0,0,-107875648.0,0,0.0,0,-107875648.0,0.0,0,39322,17038,52429,17052,13107,17037,0,0,0,110,100,100,0.0,64.0,0.0,64.8,-0.0,68.5,1,49,50,180,0,0,0,0,0.0,0.0,0.0,0.0,825749602304.0,65.5,0.0,115331.914,0.0,645,0,685,0,0,0,713,0,784,0,706,0,688,0,646,0,640,0,619,0.032,36962304.0,-2.004,-0.0,42384,16789,3.2546925014155264e+16,115331.914,-92931296.0,4.800771232079282e+18,-0.0,-0.0,29.0,60.0,70,0.0,0.0,0.0,0.0,0.0,0.0,0.0,0.0,0.0,0.0,0.0,0.0,0.0,0.0,0.0,0.0,59.2,68,12,65509,41,65476,0,300,0,0,8,20529,65476,0,0,61604,60.0,0.0,0.0,0.0,0.0,0.0
2026-04-04T11:55:08,ERR,ERR,ERR,ERR,ERR,ERR,ERR,ERR,ERR,ERR,ERR,ERR,ERR,ERR,ERR,ERR,ERR,ERR,ERR,ERR,ERR,ERR,ERR,ERR,ERR,ERR,ERR,ERR,ERR,ERR,ERR,ERR,ERR,ERR,ERR,ERR,ERR,ERR,ERR,ERR,ERR,ERR,ERR,ERR,ERR,ERR,ERR,ERR,ERR,ERR,ERR,ERR,ERR,ERR,ERR,ERR,ERR,ERR,ERR,ERR,ERR,ERR,ERR,ERR,ERR,ERR,ERR,ERR,ERR,ERR,ERR,ERR,ERR,ERR,ERR,ERR,ERR,ERR,ERR,ERR,ERR,ERR,ERR,ERR,ERR,ERR,ERR,ERR,ERR,ERR,ERR,ERR,ERR,ERR,ERR,ERR,ERR,ERR,ERR,ERR,ERR,ERR,ERR,ERR,ERR,ERR,ERR,ERR,ERR,ERR,ERR,ERR,ERR,ERR,ERR,ERR,ERR,ERR,ERR,ERR,ERR,ERR,ERR,ERR,ERR,-107615240.0,0.0,-117832800.0,0.0,0.0,0.0,0.0,nan,0,0,0,32768,0,0.0,0,0.0,0.0,0.0,0.0,0.0,0,0,0,0,0.0,0,0,0,0,0,0,0,0,0,0,0,0,0,0,0,0,0,0,0,0,0,0,0,0,0,0,0,0,0,0,0,0,0,0,0,0,0,0,0,0,0,0,0,0,0.0,0.0,0.0,0.0,0.0,0.0,0.0,0.0,0.0,0.0,0.0,0.0,0.0,0.0,0.0,0.0,0.0,0.0,0.0,0.0,0.0,0.0,2.004,-0.0,0.0,-2.004,0.0,0.0,0.0,0.0,3356.5,0.0,0.0,-107615240.0,0.0,-107615232.0,-0.0,0.0,0.0,0.0,0.0,0,0.0,-107614248.0,0.0,0.0,0.0,0.0,0.0,0.0,0.0,0,0,0,0.0,0.0,0.0,0.0,0.0,0.0,0.0,0.0,0.0,0.0,0.0,0.0,0.0,0.0,0.0,0.0,0,-107875648.0,0,0.0,0,-107875648.0,0.0,0,39322,17038,52429,17052,13107,17037,0,0,0,110,100,100,0.0,64.0,0.0,64.8,-0.0,68.5,1,49,50,180,0,0,0,0,0.0,0.0,0.0,0.0,825749602304.0,65.5,0.0,115331.914,0.0,645,0,685,0,0,0,713,0,784,0,706,0,688,0,646,0,640,0,619,0.032,36962304.0,-2.004,-0.0,42384,16789,3.2546925014155264e+16,115331.914,-92931296.0,4.800771232079282e+18,-0.0,-0.0,29.0,60.0,70,0.0,0.0,0.0,0.0,0.0,0.0,0.0,0.0,0.0,0.0,0.0,0.0,0.0,0.0,0.0,0.0,59.6,68,12,65509,41,65476,0,300,0,0,8,20529,65476,0,0,61604,60.0,0.0,0.0,0.0,0.0,0.0
2026-04-04T11:55:09,ERR,ERR,ERR,ERR,ERR,ERR,ERR,ERR,ERR,ERR,ERR,ERR,ERR,ERR,ERR,ERR,ERR,ERR,ERR,ERR,ERR,ERR,ERR,ERR,ERR,ERR,ERR,ERR,ERR,ERR,ERR,ERR,ERR,ERR,ERR,ERR,ERR,ERR,ERR,ERR,ERR,ERR,ERR,ERR,ERR,ERR,ERR,ERR,ERR,ERR,ERR,ERR,ERR,ERR,ERR,ERR,ERR,ERR,ERR,ERR,ERR,ERR,ERR,ERR,ERR,ERR,ERR,ERR,ERR,ERR,ERR,ERR,ERR,ERR,ERR,ERR,ERR,ERR,ERR,ERR,ERR,ERR,ERR,ERR,ERR,ERR,ERR,ERR,ERR,ERR,ERR,ERR,ERR,ERR,ERR,ERR,ERR,ERR,ERR,ERR,ERR,ERR,ERR,ERR,ERR,ERR,ERR,ERR,ERR,ERR,ERR,ERR,ERR,ERR,ERR,ERR,ERR,ERR,ERR,ERR,ERR,ERR,ERR,ERR,ERR,-107615240.0,0.0,-117832800.0,0.0,0.0,0.0,0.0,nan,0,0,0,32768,0,0.0,0,0.0,0.0,0.0,0.0,0.0,0,0,0,0,0.0,0,0,0,0,0,0,0,0,0,0,0,0,0,0,0,0,0,0,0,0,0,0,0,0,0,0,0,0,0,0,0,0,0,0,0,0,0,0,0,0,0,0,0,0,0.0,0.0,0.0,0.0,0.0,0.0,0.0,0.0,0.0,0.0,0.0,0.0,0.0,0.0,0.0,0.0,0.0,0.0,0.0,0.0,0.0,0.0,2.004,-0.0,0.0,-2.004,0.0,0.0,0.0,0.0,3356.5,0.0,0.0,-107615240.0,0.0,-107615232.0,-0.0,0.0,0.0,0.0,0.0,0,0.0,-107614248.0,0.0,0.0,0.0,0.0,0.0,0.0,0.0,0,0,0,0.0,0.0,0.0,0.0,0.0,0.0,0.0,0.0,0.0,0.0,0.0,0.0,0.0,0.0,0.0,0.0,0,-107875648.0,0,0.0,0,-107875648.0,0.0,0,39322,17038,52429,17052,13107,17037,0,0,0,110,100,100,0.0,64.0,0.0,64.8,-0.0,68.5,1,49,50,180,0,0,0,0,0.0,0.0,0.0,0.0,825749602304.0,65.5,0.0,115331.914,0.0,645,0,685,0,0,0,713,0,784,0,706,0,688,0,646,0,640,0,619,0.032,36962304.0,-2.004,-0.0,42384,16789,3.2546925014155264e+16,115331.914,-92931296.0,4.800771232079282e+18,-0.0,-0.0,29.0,60.0,70,0.0,0.0,0.0,0.0,0.0,0.0,0.0,0.0,0.0,0.0,0.0,0.0,0.0,0.0,0.0,0.0,59.6,68,12,65509,41,65476,0,300,0,0,8,20529,65476,0,0,61604,60.0,0.0,0.0,0.0,0.0,0.0
2026-04-04T11:55:10,ERR,ERR,ERR,ERR,ERR,ERR,ERR,ERR,ERR,ERR,ERR,ERR,ERR,ERR,ERR,ERR,ERR,ERR,ERR,ERR,ERR,ERR,ERR,ERR,ERR,ERR,ERR,ERR,ERR,ERR,ERR,ERR,ERR,ERR,ERR,ERR,ERR,ERR,ERR,ERR,ERR,ERR,ERR,ERR,ERR,ERR,ERR,ERR,ERR,ERR,ERR,ERR,ERR,ERR,ERR,ERR,ERR,ERR,ERR,ERR,ERR,ERR,ERR,ERR,ERR,ERR,ERR,ERR,ERR,ERR,ERR,ERR,ERR,ERR,ERR,ERR,ERR,ERR,ERR,ERR,ERR,ERR,ERR,ERR,ERR,ERR,ERR,ERR,ERR,ERR,ERR,ERR,ERR,ERR,ERR,ERR,ERR,ERR,ERR,ERR,ERR,ERR,ERR,ERR,ERR,ERR,ERR,ERR,ERR,ERR,ERR,ERR,ERR,ERR,ERR,ERR,ERR,ERR,ERR,ERR,ERR,ERR,ERR,ERR,ERR,-107615240.0,0.0,-117832800.0,0.0,0.0,0.0,0.0,nan,0,0,0,32768,0,0.0,0,0.0,0.0,0.0,0.0,0.0,0,0,0,0,0.0,0,0,0,0,0,0,0,0,0,0,0,0,0,0,0,0,0,0,0,0,0,0,0,0,0,0,0,0,0,0,0,0,0,0,0,0,0,0,0,0,0,0,0,0,0.0,0.0,0.0,0.0,0.0,0.0,0.0,0.0,0.0,0.0,0.0,0.0,0.0,0.0,0.0,0.0,0.0,0.0,0.0,0.0,0.0,0.0,2.004,-0.0,0.0,-2.004,0.0,0.0,0.0,0.0,3356.5,0.0,0.0,-107615240.0,0.0,-107615232.0,-0.0,0.0,0.0,0.0,0.0,0,0.0,-107614248.0,0.0,0.0,0.0,0.0,0.0,0.0,0.0,0,0,0,0.0,0.0,0.0,0.0,0.0,0.0,0.0,0.0,0.0,0.0,0.0,0.0,0.0,0.0,0.0,0.0,0,-107875648.0,0,0.0,0,-107875648.0,0.0,0,39322,17038,52429,17052,13107,17037,0,0,0,110,100,100,0.0,64.0,0.0,64.8,-0.0,68.5,1,49,50,180,0,0,0,0,0.0,0.0,0.0,0.0,825749602304.0,65.5,0.0,115331.914,0.0,645,0,685,0,0,0,713,0,784,0,706,0,688,0,646,0,640,0,619,0.032,36962304.0,-2.004,-0.0,42384,16789,3.2546925014155264e+16,115331.914,-92931296.0,4.800771232079282e+18,-0.0,-0.0,29.0,60.0,70,0.0,0.0,0.0,0.0,0.0,0.0,0.0,0.0,0.0,0.0,0.0,0.0,0.0,0.0,0.0,0.0,59.6,68,12,65509,41,65476,0,300,0,0,8,20529,65476,0,0,61604,60.0,0.0,0.0,0.0,0.0,0.0
2026-04-04T11:55:11,ERR,ERR,ERR,ERR,ERR,ERR,ERR,ERR,ERR,ERR,ERR,ERR,ERR,ERR,ERR,ERR,ERR,ERR,ERR,ERR,ERR,ERR,ERR,ERR,ERR,ERR,ERR,ERR,ERR,ERR,ERR,ERR,ERR,ERR,ERR,ERR,ERR,ERR,ERR,ERR,ERR,ERR,ERR,ERR,ERR,ERR,ERR,ERR,ERR,ERR,ERR,ERR,ERR,ERR,ERR,ERR,ERR,ERR,ERR,ERR,ERR,ERR,ERR,ERR,ERR,ERR,ERR,ERR,ERR,ERR,ERR,ERR,ERR,ERR,ERR,ERR,ERR,ERR,ERR,ERR,ERR,ERR,ERR,ERR,ERR,ERR,ERR,ERR,ERR,ERR,ERR,ERR,ERR,ERR,ERR,ERR,ERR,ERR,ERR,ERR,ERR,ERR,ERR,ERR,ERR,ERR,ERR,ERR,ERR,ERR,ERR,ERR,ERR,ERR,ERR,ERR,ERR,ERR,ERR,ERR,ERR,ERR,ERR,ERR,ERR,-107615240.0,0.0,-117832800.0,0.0,0.0,0.0,0.0,nan,0,0,0,32768,0,0.0,0,0.0,0.0,0.0,0.0,0.0,0,0,0,0,0.0,0,0,0,0,0,0,0,0,0,0,0,0,0,0,0,0,0,0,0,0,0,0,0,0,0,0,0,0,0,0,0,0,0,0,0,0,0,0,0,0,0,0,0,0,0.0,0.0,0.0,0.0,0.0,0.0,0.0,0.0,0.0,0.0,0.0,0.0,0.0,0.0,0.0,0.0,0.0,0.0,0.0,0.0,0.0,0.0,2.004,-0.0,0.0,-2.004,0.0,0.0,0.0,0.0,3356.5,0.0,0.0,-107615240.0,0.0,-107615232.0,-0.0,0.0,0.0,0.0,0.0,0,0.0,-107614248.0,0.0,0.0,0.0,0.0,0.0,0.0,0.0,0,0,0,0.0,0.0,0.0,0.0,0.0,0.0,0.0,0.0,0.0,0.0,0.0,0.0,0.0,0.0,0.0,0.0,0,-107875648.0,0,0.0,0,-107875648.0,0.0,0,39322,17038,52429,17052,13107,17037,0,0,0,110,100,100,0.0,64.0,0.0,64.8,-0.0,68.5,1,49,50,180,0,0,0,0,0.0,0.0,0.0,0.0,825749602304.0,65.5,0.0,115331.914,0.0,645,0,685,0,0,0,713,0,784,0,706,0,688,0,646,0,640,0,619,0.032,36962304.0,-2.004,-0.0,42384,16789,3.2546925014155264e+16,115331.914,-92931296.0,4.800771232079282e+18,-0.0,-0.0,29.0,60.0,70,0.0,0.0,0.0,0.0,0.0,0.0,0.0,0.0,0.0,0.0,0.0,0.0,0.0,0.0,0.0,0.0,59.6,68,12,65509,41,65476,0,300,0,0,8,20529,65476,0,0,61604,60.0,0.0,0.0,0.0,0.0,0.0
2026-04-04T11:55:12,ERR,ERR,ERR,ERR,ERR,ERR,ERR,ERR,ERR,ERR,ERR,ERR,ERR,ERR,ERR,ERR,ERR,ERR,ERR,ERR,ERR,ERR,ERR,ERR,ERR,ERR,ERR,ERR,ERR,ERR,ERR,ERR,ERR,ERR,ERR,ERR,ERR,ERR,ERR,ERR,ERR,ERR,ERR,ERR,ERR,ERR,ERR,ERR,ERR,ERR,ERR,ERR,ERR,ERR,ERR,ERR,ERR,ERR,ERR,ERR,ERR,ERR,ERR,ERR,ERR,ERR,ERR,ERR,ERR,ERR,ERR,ERR,ERR,ERR,ERR,ERR,ERR,ERR,ERR,ERR,ERR,ERR,ERR,ERR,ERR,ERR,ERR,ERR,ERR,ERR,ERR,ERR,ERR,ERR,ERR,ERR,ERR,ERR,ERR,ERR,ERR,ERR,ERR,ERR,ERR,ERR,ERR,ERR,ERR,ERR,ERR,ERR,ERR,ERR,ERR,ERR,ERR,ERR,ERR,ERR,ERR,ERR,ERR,ERR,ERR,-107615240.0,0.0,-117832800.0,0.0,0.0,0.0,0.0,nan,0,0,0,32768,0,0.0,0,0.0,0.0,0.0,0.0,0.0,0,0,0,0,0.0,0,0,0,0,0,0,0,0,0,0,0,0,0,0,0,0,0,0,0,0,0,0,0,0,0,0,0,0,0,0,0,0,0,0,0,0,0,0,0,0,0,0,0,0,0.0,0.0,0.0,0.0,0.0,0.0,0.0,0.0,0.0,0.0,0.0,0.0,0.0,0.0,0.0,0.0,0.0,0.0,0.0,0.0,0.0,0.0,2.004,-0.0,0.0,-2.004,0.0,0.0,0.0,0.0,3356.5,0.0,0.0,-107615240.0,0.0,-107615232.0,-0.0,0.0,0.0,0.0,0.0,0,0.0,-107614248.0,0.0,0.0,0.0,0.0,0.0,0.0,0.0,0,0,0,0.0,0.0,0.0,0.0,0.0,0.0,0.0,0.0,0.0,0.0,0.0,0.0,0.0,0.0,0.0,0.0,0,-107875648.0,0,0.0,0,-107875648.0,0.0,0,39322,17038,52429,17052,13107,17037,0,0,0,110,100,100,0.0,64.1,0.0,64.8,-0.0,68.5,1,49,50,180,0,0,0,0,0.0,0.0,0.0,0.0,1.5584550721997291e+25,65.5,0.0,5.602,0.0,645,0,685,0,0,0,713,0,784,0,706,0,688,0,646,0,640,0,619,0.032,36962304.0,-2.004,-0.0,57744,16789,5.176440437426845e+28,5.602,-3.826772223113577e+36,-0.0,-34408476.0,-0.0,29.0,60.0,70,0.0,0.0,0.0,0.0,0.0,0.0,0.0,0.0,0.0,0.0,0.0,0.0,0.0,0.0,0.0,0.0,59.6,68,12,65509,41,65476,0,300,0,0,8,20529,65476,0,0,61604,60.0,0.0,0.0,0.0,0.0,0.0
2026-04-04T11:55:13,ERR,ERR,ERR,ERR,ERR,ERR,ERR,ERR,ERR,ERR,ERR,ERR,ERR,ERR,ERR,ERR,ERR,ERR,ERR,ERR,ERR,ERR,ERR,ERR,ERR,ERR,ERR,ERR,ERR,ERR,ERR,ERR,ERR,ERR,ERR,ERR,ERR,ERR,ERR,ERR,ERR,ERR,ERR,ERR,ERR,ERR,ERR,ERR,ERR,ERR,ERR,ERR,ERR,ERR,ERR,ERR,ERR,ERR,ERR,ERR,ERR,ERR,ERR,ERR,ERR,ERR,ERR,ERR,ERR,ERR,ERR,ERR,ERR,ERR,ERR,ERR,ERR,ERR,ERR,ERR,ERR,ERR,ERR,ERR,ERR,ERR,ERR,ERR,ERR,ERR,ERR,ERR,ERR,ERR,ERR,ERR,ERR,ERR,ERR,ERR,ERR,ERR,ERR,ERR,ERR,ERR,ERR,ERR,ERR,ERR,ERR,ERR,ERR,ERR,ERR,ERR,ERR,ERR,ERR,ERR,ERR,ERR,ERR,ERR,ERR,-107615240.0,0.0,-117832800.0,0.0,0.0,0.0,0.0,nan,0,0,0,32768,0,0.0,0,0.0,0.0,0.0,0.0,0.0,0,0,0,0,0.0,0,0,0,0,0,0,0,0,0,0,0,0,0,0,0,0,0,0,0,0,0,0,0,0,0,0,0,0,0,0,0,0,0,0,0,0,0,0,0,0,0,0,0,0,0.0,0.0,0.0,0.0,0.0,0.0,0.0,0.0,0.0,0.0,0.0,0.0,0.0,0.0,0.0,0.0,0.0,0.0,0.0,0.0,0.0,0.0,2.004,-0.0,0.0,-2.004,0.0,0.0,0.0,0.0,3355.0,0.0,0.0,-107615240.0,0.0,-107615232.0,-0.0,0.0,0.0,0.0,0.0,0,0.0,-71.629,0.0,0.0,0.0,0.0,0.0,0.0,0.0,0,0,0,0.0,0.0,0.0,0.0,0.0,0.0,0.0,0.0,0.0,0.0,0.0,0.0,0.0,0.0,0.0,0.0,0,-107875648.0,0,0.0,0,-107875648.0,0.0,0,39322,17038,52429,17052,13107,17037,0,0,0,110,100,100,0.0,64.1,0.0,64.8,-0.0,68.5,1,49,50,180,0,0,0,0,0.0,0.0,0.0,0.0,1.5584550721997291e+25,65.5,0.0,5.602,0.0,645,0,685,0,0,0,713,0,784,0,706,0,688,0,646,0,640,0,619,0.032,36962304.0,-2.004,-0.0,57744,16789,5.176440437426845e+28,5.602,-3.826772223113577e+36,-0.0,-34408476.0,-0.0,29.0,60.0,70,0.0,0.0,0.0,0.0,0.0,0.0,0.0,0.0,0.0,0.0,0.0,0.0,0.0,0.0,0.0,0.0,59.6,68,12,65509,41,65476,0,300,0,0,8,20529,65476,0,0,61604,60.0,0.0,0.0,0.0,0.0,0.0
2026-04-04T11:55:14,ERR,ERR,ERR,ERR,ERR,ERR,ERR,ERR,ERR,ERR,ERR,ERR,ERR,ERR,ERR,ERR,ERR,ERR,ERR,ERR,ERR,ERR,ERR,ERR,ERR,ERR,ERR,ERR,ERR,ERR,ERR,ERR,ERR,ERR,ERR,ERR,ERR,ERR,ERR,ERR,ERR,ERR,ERR,ERR,ERR,ERR,ERR,ERR,ERR,ERR,ERR,ERR,ERR,ERR,ERR,ERR,ERR,ERR,ERR,ERR,ERR,ERR,ERR,ERR,ERR,ERR,ERR,ERR,ERR,ERR,ERR,ERR,ERR,ERR,ERR,ERR,ERR,ERR,ERR,ERR,ERR,ERR,ERR,ERR,ERR,ERR,ERR,ERR,ERR,ERR,ERR,ERR,ERR,ERR,ERR,ERR,ERR,ERR,ERR,ERR,ERR,ERR,ERR,ERR,ERR,ERR,ERR,ERR,ERR,ERR,ERR,ERR,ERR,ERR,ERR,ERR,ERR,ERR,ERR,ERR,ERR,ERR,ERR,ERR,ERR,-107615240.0,0.0,-117832800.0,0.0,0.0,0.0,0.0,nan,0,0,0,32768,0,0.0,0,0.0,0.0,0.0,0.0,0.0,0,0,0,0,0.0,0,0,0,0,0,0,0,0,0,0,0,0,0,0,0,0,0,0,0,0,0,0,0,0,0,0,0,0,0,0,0,0,0,0,0,0,0,0,0,0,0,0,0,0,0.0,0.0,0.0,0.0,0.0,0.0,0.0,0.0,0.0,0.0,0.0,0.0,0.0,0.0,0.0,0.0,0.0,0.0,0.0,0.0,0.0,0.0,2.004,-0.0,0.0,-2.004,0.0,0.0,0.0,0.0,3355.0,0.0,0.0,-107615240.0,0.0,-107615232.0,-0.0,0.0,0.0,0.0,0.0,0,0.0,-71.629,0.0,0.0,0.0,0.0,0.0,0.0,0.0,0,0,0,0.0,0.0,0.0,0.0,0.0,0.0,0.0,0.0,0.0,0.0,0.0,0.0,0.0,0.0,0.0,0.0,0,-107875648.0,0,0.0,0,-107875648.0,0.0,0,39322,17038,52429,17052,13107,17037,0,0,0,110,100,100,0.0,64.1,0.0,64.8,-0.0,68.5,1,49,50,180,0,0,0,0,0.0,0.0,0.0,0.0,1.5584550721997291e+25,65.5,0.0,5.602,0.0,645,0,685,0,0,0,713,0,784,0,706,0,688,0,646,0,640,0,619,0.032,36962304.0,-2.004,-0.0,57744,16789,5.176440437426845e+28,5.602,-3.826772223113577e+36,-0.0,-34408476.0,-0.0,29.0,60.0,70,0.0,0.0,0.0,0.0,0.0,0.0,0.0,0.0,0.0,0.0,0.0,0.0,0.0,0.0,0.0,0.0,59.2,68,12,65509,41,65476,0,300,0,0,8,20529,65476,0,0,61604,60.0,0.0,0.0,0.0,0.0,0.0
2026-04-04T11:55:15,ERR,ERR,ERR,ERR,ERR,ERR,ERR,ERR,ERR,ERR,ERR,ERR,ERR,ERR,ERR,ERR,ERR,ERR,ERR,ERR,ERR,ERR,ERR,ERR,ERR,ERR,ERR,ERR,ERR,ERR,ERR,ERR,ERR,ERR,ERR,ERR,ERR,ERR,ERR,ERR,ERR,ERR,ERR,ERR,ERR,ERR,ERR,ERR,ERR,ERR,ERR,ERR,ERR,ERR,ERR,ERR,ERR,ERR,ERR,ERR,ERR,ERR,ERR,ERR,ERR,ERR,ERR,ERR,ERR,ERR,ERR,ERR,ERR,ERR,ERR,ERR,ERR,ERR,ERR,ERR,ERR,ERR,ERR,ERR,ERR,ERR,ERR,ERR,ERR,ERR,ERR,ERR,ERR,ERR,ERR,ERR,ERR,ERR,ERR,ERR,ERR,ERR,ERR,ERR,ERR,ERR,ERR,ERR,ERR,ERR,ERR,ERR,ERR,ERR,ERR,ERR,ERR,ERR,ERR,ERR,ERR,ERR,ERR,ERR,ERR,-107615240.0,0.0,-117832800.0,0.0,0.0,0.0,0.0,nan,0,0,0,32768,0,0.0,0,0.0,0.0,0.0,0.0,0.0,0,0,0,0,0.0,0,0,0,0,0,0,0,0,0,0,0,0,0,0,0,0,0,0,0,0,0,0,0,0,0,0,0,0,0,0,0,0,0,0,0,0,0,0,0,0,0,0,0,0,0.0,0.0,0.0,0.0,0.0,0.0,0.0,0.0,0.0,0.0,0.0,0.0,0.0,0.0,0.0,0.0,0.0,0.0,0.0,0.0,0.0,0.0,2.004,-0.0,0.0,-2.004,0.0,0.0,0.0,0.0,3355.0,0.0,0.0,-107615240.0,0.0,-107615232.0,-0.0,0.0,0.0,0.0,0.0,0,0.0,-71.629,0.0,0.0,0.0,0.0,0.0,0.0,0.0,0,0,0,0.0,0.0,0.0,0.0,0.0,0.0,0.0,0.0,0.0,0.0,0.0,0.0,0.0,0.0,0.0,0.0,0,-107875648.0,0,0.0,0,-107875648.0,0.0,0,39322,17038,52429,17052,13107,17037,0,0,0,110,100,100,0.0,64.1,0.0,64.8,-0.0,68.5,1,49,50,180,0,0,0,0,0.0,0.0,0.0,0.0,1.5584550721997291e+25,65.5,0.0,5.602,0.0,645,0,685,0,0,0,713,0,784,0,706,0,688,0,646,0,640,0,619,0.032,36962304.0,-2.004,-0.0,57744,16789,5.176440437426845e+28,5.602,-3.826772223113577e+36,-0.0,-34408476.0,-0.0,29.0,60.0,70,0.0,0.0,0.0,0.0,0.0,0.0,0.0,0.0,0.0,0.0,0.0,0.0,0.0,0.0,0.0,0.0,59.2,68,12,65509,41,65476,0,300,0,0,8,20529,65476,0,0,61604,60.0,0.0,0.0,0.0,0.0,0.0
2026-04-04T11:55:16,ERR,ERR,ERR,ERR,ERR,ERR,ERR,ERR,ERR,ERR,ERR,ERR,ERR,ERR,ERR,ERR,ERR,ERR,ERR,ERR,ERR,ERR,ERR,ERR,ERR,ERR,ERR,ERR,ERR,ERR,ERR,ERR,ERR,ERR,ERR,ERR,ERR,ERR,ERR,ERR,ERR,ERR,ERR,ERR,ERR,ERR,ERR,ERR,ERR,ERR,ERR,ERR,ERR,ERR,ERR,ERR,ERR,ERR,ERR,ERR,ERR,ERR,ERR,ERR,ERR,ERR,ERR,ERR,ERR,ERR,ERR,ERR,ERR,ERR,ERR,ERR,ERR,ERR,ERR,ERR,ERR,ERR,ERR,ERR,ERR,ERR,ERR,ERR,ERR,ERR,ERR,ERR,ERR,ERR,ERR,ERR,ERR,ERR,ERR,ERR,ERR,ERR,ERR,ERR,ERR,ERR,ERR,ERR,ERR,ERR,ERR,ERR,ERR,ERR,ERR,ERR,ERR,ERR,ERR,ERR,ERR,ERR,ERR,ERR,ERR,-107615240.0,0.0,-117832800.0,0.0,0.0,0.0,0.0,nan,0,0,0,32768,0,0.0,0,0.0,0.0,0.0,0.0,0.0,0,0,0,0,0.0,0,0,0,0,0,0,0,0,0,0,0,0,0,0,0,0,0,0,0,0,0,0,0,0,0,0,0,0,0,0,0,0,0,0,0,0,0,0,0,0,0,0,0,0,0.0,0.0,0.0,0.0,0.0,0.0,0.0,0.0,0.0,0.0,0.0,0.0,0.0,0.0,0.0,0.0,0.0,0.0,0.0,0.0,0.0,0.0,2.004,-0.0,0.0,-2.004,0.0,0.0,0.0,0.0,3355.0,0.0,0.0,-107615240.0,0.0,-107615232.0,-0.0,0.0,0.0,0.0,0.0,0,0.0,-71.629,0.0,0.0,0.0,0.0,0.0,0.0,0.0,0,0,0,0.0,0.0,0.0,0.0,0.0,0.0,0.0,0.0,0.0,0.0,0.0,0.0,0.0,0.0,0.0,0.0,0,-107875648.0,0,0.0,0,-107875648.0,0.0,0,39322,17038,52429,17052,13107,17037,0,0,0,110,100,100,0.0,64.1,0.0,64.8,-0.0,68.5,1,49,50,180,0,0,0,0,0.0,0.0,0.0,0.0,1.5584550721997291e+25,65.5,0.0,5.602,0.0,645,0,685,0,0,0,713,0,784,0,706,0,688,0,646,0,640,0,619,0.032,36962304.0,-2.004,-0.0,57744,16789,5.176440437426845e+28,5.602,-3.826772223113577e+36,-0.0,-34408476.0,-0.0,29.0,60.0,70,0.0,0.0,0.0,0.0,0.0,0.0,0.0,0.0,0.0,0.0,0.0,0.0,0.0,0.0,0.0,0.0,59.2,68,12,65509,41,65476,0,300,0,0,8,20529,65476,0,0,61604,60.0,0.0,0.0,0.0,0.0,0.0
2026-04-04T11:55:17,ERR,ERR,ERR,ERR,ERR,ERR,ERR,ERR,ERR,ERR,ERR,ERR,ERR,ERR,ERR,ERR,ERR,ERR,ERR,ERR,ERR,ERR,ERR,ERR,ERR,ERR,ERR,ERR,ERR,ERR,ERR,ERR,ERR,ERR,ERR,ERR,ERR,ERR,ERR,ERR,ERR,ERR,ERR,ERR,ERR,ERR,ERR,ERR,ERR,ERR,ERR,ERR,ERR,ERR,ERR,ERR,ERR,ERR,ERR,ERR,ERR,ERR,ERR,ERR,ERR,ERR,ERR,ERR,ERR,ERR,ERR,ERR,ERR,ERR,ERR,ERR,ERR,ERR,ERR,ERR,ERR,ERR,ERR,ERR,ERR,ERR,ERR,ERR,ERR,ERR,ERR,ERR,ERR,ERR,ERR,ERR,ERR,ERR,ERR,ERR,ERR,ERR,ERR,ERR,ERR,ERR,ERR,ERR,ERR,ERR,ERR,ERR,ERR,ERR,ERR,ERR,ERR,ERR,ERR,ERR,ERR,ERR,ERR,ERR,ERR,-107615240.0,0.0,-117832800.0,0.0,0.0,0.0,0.0,nan,0,0,0,32768,0,0.0,0,0.0,0.0,0.0,0.0,0.0,0,0,0,0,0.0,0,0,0,0,0,0,0,0,0,0,0,0,0,0,0,0,0,0,0,0,0,0,0,0,0,0,0,0,0,0,0,0,0,0,0,0,0,0,0,0,0,0,0,0,0.0,0.0,0.0,0.0,0.0,0.0,0.0,0.0,0.0,0.0,0.0,0.0,0.0,0.0,0.0,0.0,0.0,0.0,0.0,0.0,0.0,0.0,2.004,-0.0,0.0,-2.004,0.0,0.0,0.0,0.0,3355.0,0.0,0.0,-107615240.0,0.0,-107615232.0,-0.0,0.0,0.0,0.0,0.0,0,0.0,-71.629,0.0,0.0,0.0,0.0,0.0,0.0,0.0,0,0,0,0.0,0.0,0.0,0.0,0.0,0.0,0.0,0.0,0.0,0.0,0.0,0.0,0.0,0.0,0.0,0.0,0,-107875648.0,0,0.0,0,-107875648.0,0.0,0,39322,17038,52429,17052,13107,17037,0,0,0,110,100,100,0.0,64.1,0.0,64.8,-0.0,68.5,1,49,50,180,0,0,0,0,0.0,0.0,0.0,0.0,1.5584550721997291e+25,65.5,0.0,5.602,0.0,645,0,685,0,0,0,713,0,784,0,706,0,688,0,646,0,640,0,619,0.032,36962304.0,-2.004,-0.0,57744,16789,5.176440437426845e+28,5.602,-3.826772223113577e+36,-0.0,-34408476.0,-0.0,29.0,60.0,70,0.0,0.0,0.0,0.0,0.0,0.0,0.0,0.0,0.0,0.0,0.0,0.0,0.0,0.0,0.0,0.0,59.2,68,12,65509,41,65476,0,300,0,0,8,20529,65476,0,0,61604,60.0,0.0,0.0,0.0,0.0,0.0
2026-04-04T11:55:18,ERR,ERR,ERR,ERR,ERR,ERR,ERR,ERR,ERR,ERR,ERR,ERR,ERR,ERR,ERR,ERR,ERR,ERR,ERR,ERR,ERR,ERR,ERR,ERR,ERR,ERR,ERR,ERR,ERR,ERR,ERR,ERR,ERR,ERR,ERR,ERR,ERR,ERR,ERR,ERR,ERR,ERR,ERR,ERR,ERR,ERR,ERR,ERR,ERR,ERR,ERR,ERR,ERR,ERR,ERR,ERR,ERR,ERR,ERR,ERR,ERR,ERR,ERR,ERR,ERR,ERR,ERR,ERR,ERR,ERR,ERR,ERR,ERR,ERR,ERR,ERR,ERR,ERR,ERR,ERR,ERR,ERR,ERR,ERR,ERR,ERR,ERR,ERR,ERR,ERR,ERR,ERR,ERR,ERR,ERR,ERR,ERR,ERR,ERR,ERR,ERR,ERR,ERR,ERR,ERR,ERR,ERR,ERR,ERR,ERR,ERR,ERR,ERR,ERR,ERR,ERR,ERR,ERR,ERR,ERR,ERR,ERR,ERR,ERR,ERR,-107615240.0,0.0,-117832800.0,0.0,0.0,0.0,0.0,nan,0,0,0,32768,0,0.0,0,0.0,0.0,0.0,0.0,0.0,0,0,0,0,0.0,0,0,0,0,0,0,0,0,0,0,0,0,0,0,0,0,0,0,0,0,0,0,0,0,0,0,0,0,0,0,0,0,0,0,0,0,0,0,0,0,0,0,0,0,0.0,0.0,0.0,0.0,0.0,0.0,0.0,0.0,0.0,0.0,0.0,0.0,0.0,0.0,0.0,0.0,0.0,0.0,0.0,0.0,0.0,0.0,2.004,-0.0,0.0,-2.004,0.0,0.0,0.0,0.0,3355.0,0.0,0.0,-107615240.0,0.0,-107615232.0,-0.0,0.0,0.0,0.0,0.0,0,0.0,-71.629,0.0,0.0,0.0,0.0,0.0,0.0,0.0,0,0,0,0.0,0.0,0.0,0.0,0.0,0.0,0.0,0.0,0.0,0.0,0.0,0.0,0.0,0.0,0.0,0.0,0,-107875648.0,0,0.0,0,-107875648.0,0.0,0,39322,17038,52429,17052,13107,17037,0,0,0,110,100,100,0.0,64.1,0.0,64.8,-0.0,68.5,1,49,50,180,0,0,0,0,0.0,0.0,0.0,0.0,8.628927910882858e+29,65.5,0.0,3.7374231645042208e+22,0.0,645,0,685,0,0,0,713,0,784,0,706,0,688,0,646,0,640,0,619,0.032,37224448.0,-2.004,-0.0,46224,16789,7.532712243012567e+17,3.7374231645042208e+22,-4.405152740956028e+22,4.872812078561145e+33,-0.004,-0.0,29.0,60.0,70,0.0,0.0,0.0,0.0,0.0,0.0,0.0,0.0,0.0,0.0,0.0,0.0,0.0,0.0,0.0,0.0,59.2,68,12,65509,41,65476,0,300,0,0,8,20529,65476,0,0,61604,60.0,0.0,0.0,0.0,0.0,0.0
2026-04-04T11:55:19,ERR,ERR,ERR,ERR,ERR,ERR,ERR,ERR,ERR,ERR,ERR,ERR,ERR,ERR,ERR,ERR,ERR,ERR,ERR,ERR,ERR,ERR,ERR,ERR,ERR,ERR,ERR,ERR,ERR,ERR,ERR,ERR,ERR,ERR,ERR,ERR,ERR,ERR,ERR,ERR,ERR,ERR,ERR,ERR,ERR,ERR,ERR,ERR,ERR,ERR,ERR,ERR,ERR,ERR,ERR,ERR,ERR,ERR,ERR,ERR,ERR,ERR,ERR,ERR,ERR,ERR,ERR,ERR,ERR,ERR,ERR,ERR,ERR,ERR,ERR,ERR,ERR,ERR,ERR,ERR,ERR,ERR,ERR,ERR,ERR,ERR,ERR,ERR,ERR,ERR,ERR,ERR,ERR,ERR,ERR,ERR,ERR,ERR,ERR,ERR,ERR,ERR,ERR,ERR,ERR,ERR,ERR,ERR,ERR,ERR,ERR,ERR,ERR,ERR,ERR,ERR,ERR,ERR,ERR,ERR,ERR,ERR,ERR,ERR,ERR,-107615240.0,0.0,-117832800.0,0.0,0.0,0.0,0.0,nan,0,0,0,32768,0,0.0,0,0.0,0.0,0.0,0.0,0.0,0,0,0,0,0.0,0,0,0,0,0,0,0,0,0,0,0,0,0,0,0,0,0,0,0,0,0,0,0,0,0,0,0,0,0,0,0,0,0,0,0,0,0,0,0,0,0,0,0,0,0.0,0.0,0.0,0.0,0.0,0.0,0.0,0.0,0.0,0.0,0.0,0.0,0.0,0.0,0.0,0.0,0.0,0.0,0.0,0.0,0.0,0.0,2.004,-0.0,0.0,-2.004,0.0,0.0,0.0,0.0,3355.0,0.0,0.0,-107615240.0,0.0,-107615232.0,-0.0,0.0,0.0,0.0,0.0,0,0.0,-71.629,0.0,0.0,0.0,0.0,0.0,0.0,0.0,0,0,0,0.0,0.0,0.0,0.0,0.0,0.0,0.0,0.0,0.0,0.0,0.0,0.0,0.0,0.0,0.0,0.0,0,-107875648.0,0,0.0,0,-107875648.0,0.0,0,39322,17038,52429,17052,13107,17037,0,0,0,110,100,100,0.0,64.1,0.0,64.8,-0.0,68.5,1,49,50,180,0,0,0,0,0.0,0.0,0.0,0.0,8.628927910882858e+29,65.5,0.0,3.7374231645042208e+22,0.0,645,0,685,0,0,0,713,0,784,0,706,0,688,0,646,0,640,0,619,0.032,37224448.0,-2.004,-0.0,46224,16789,7.532712243012567e+17,3.7374231645042208e+22,-4.405152740956028e+22,4.872812078561145e+33,-0.004,-0.0,29.0,60.0,70,0.0,0.0,0.0,0.0,0.0,0.0,0.0,0.0,0.0,0.0,0.0,0.0,0.0,0.0,0.0,0.0,59.6,68,12,65509,41,65476,0,300,0,0,8,20529,65476,0,0,61604,60.0,0.0,0.0,0.0,0.0,0.0
2026-04-04T11:55:20,ERR,ERR,ERR,ERR,ERR,ERR,ERR,ERR,ERR,ERR,ERR,ERR,ERR,ERR,ERR,ERR,ERR,ERR,ERR,ERR,ERR,ERR,ERR,ERR,ERR,ERR,ERR,ERR,ERR,ERR,ERR,ERR,ERR,ERR,ERR,ERR,ERR,ERR,ERR,ERR,ERR,ERR,ERR,ERR,ERR,ERR,ERR,ERR,ERR,ERR,ERR,ERR,ERR,ERR,ERR,ERR,ERR,ERR,ERR,ERR,ERR,ERR,ERR,ERR,ERR,ERR,ERR,ERR,ERR,ERR,ERR,ERR,ERR,ERR,ERR,ERR,ERR,ERR,ERR,ERR,ERR,ERR,ERR,ERR,ERR,ERR,ERR,ERR,ERR,ERR,ERR,ERR,ERR,ERR,ERR,ERR,ERR,ERR,ERR,ERR,ERR,ERR,ERR,ERR,ERR,ERR,ERR,ERR,ERR,ERR,ERR,ERR,ERR,ERR,ERR,ERR,ERR,ERR,ERR,ERR,ERR,ERR,ERR,ERR,ERR,-107615240.0,0.0,-117832800.0,0.0,0.0,0.0,0.0,nan,0,0,0,32768,0,0.0,0,0.0,0.0,0.0,0.0,0.0,0,0,0,0,0.0,0,0,0,0,0,0,0,0,0,0,0,0,0,0,0,0,0,0,0,0,0,0,0,0,0,0,0,0,0,0,0,0,0,0,0,0,0,0,0,0,0,0,0,0,0.0,0.0,0.0,0.0,0.0,0.0,0.0,0.0,0.0,0.0,0.0,0.0,0.0,0.0,0.0,0.0,0.0,0.0,0.0,0.0,0.0,0.0,2.004,-0.0,0.0,-2.004,0.0,0.0,0.0,0.0,3357.5,0.0,0.0,-107615240.0,0.0,-107615232.0,2.7184276789962853e+23,0.0,0.0,0.0,0.0,0,0.0,-152016156360704.0,0.0,0.0,0.0,0.0,0.0,0.0,0.0,0,0,0,0.0,0.0,0.0,0.0,0.0,0.0,0.0,0.0,0.0,0.0,0.0,0.0,0.0,0.0,0.0,0.0,0,-107875648.0,0,0.0,0,-107875648.0,0.0,0,39322,17038,52429,17052,13107,17037,0,0,0,110,100,100,0.0,64.1,0.0,64.8,-0.0,68.5,1,49,50,180,0,0,0,0,0.0,0.0,0.0,0.0,8.628927910882858e+29,65.5,0.0,3.7374231645042208e+22,0.0,645,0,685,0,0,0,713,0,784,0,706,0,688,0,646,0,640,0,619,0.032,37224448.0,-2.004,-0.0,46224,16789,7.532712243012567e+17,3.7374231645042208e+22,-4.405152740956028e+22,4.872812078561145e+33,-0.004,-0.0,29.0,60.0,70,0.0,0.0,0.0,0.0,0.0,0.0,0.0,0.0,0.0,0.0,0.0,0.0,0.0,0.0,0.0,0.0,59.6,68,12,65509,41,65476,0,300,0,0,8,20529,65476,0,0,61604,60.0,0.0,0.0,0.0,0.0,0.0
2026-04-04T11:55:21,ERR,ERR,ERR,ERR,ERR,ERR,ERR,ERR,ERR,ERR,ERR,ERR,ERR,ERR,ERR,ERR,ERR,ERR,ERR,ERR,ERR,ERR,ERR,ERR,ERR,ERR,ERR,ERR,ERR,ERR,ERR,ERR,ERR,ERR,ERR,ERR,ERR,ERR,ERR,ERR,ERR,ERR,ERR,ERR,ERR,ERR,ERR,ERR,ERR,ERR,ERR,ERR,ERR,ERR,ERR,ERR,ERR,ERR,ERR,ERR,ERR,ERR,ERR,ERR,ERR,ERR,ERR,ERR,ERR,ERR,ERR,ERR,ERR,ERR,ERR,ERR,ERR,ERR,ERR,ERR,ERR,ERR,ERR,ERR,ERR,ERR,ERR,ERR,ERR,ERR,ERR,ERR,ERR,ERR,ERR,ERR,ERR,ERR,ERR,ERR,ERR,ERR,ERR,ERR,ERR,ERR,ERR,ERR,ERR,ERR,ERR,ERR,ERR,ERR,ERR,ERR,ERR,ERR,ERR,ERR,ERR,ERR,ERR,ERR,ERR,-107615240.0,0.0,-117832800.0,0.0,0.0,0.0,0.0,nan,0,0,0,32768,0,0.0,0,0.0,0.0,0.0,0.0,0.0,0,0,0,0,0.0,0,0,0,0,0,0,0,0,0,0,0,0,0,0,0,0,0,0,0,0,0,0,0,0,0,0,0,0,0,0,0,0,0,0,0,0,0,0,0,0,0,0,0,0,0.0,0.0,0.0,0.0,0.0,0.0,0.0,0.0,0.0,0.0,0.0,0.0,0.0,0.0,0.0,0.0,0.0,0.0,0.0,0.0,0.0,0.0,2.004,-0.0,0.0,-2.004,0.0,0.0,0.0,0.0,3357.5,0.0,0.0,-107615240.0,0.0,-107615232.0,2.7184276789962853e+23,0.0,0.0,0.0,0.0,0,0.0,-152016156360704.0,0.0,0.0,0.0,0.0,0.0,0.0,0.0,0,0,0,0.0,0.0,0.0,0.0,0.0,0.0,0.0,0.0,0.0,0.0,0.0,0.0,0.0,0.0,0.0,0.0,0,-107875648.0,0,0.0,0,-107875648.0,0.0,0,39322,17038,52429,17052,13107,17037,0,0,0,110,100,100,0.0,64.1,0.0,64.8,-0.0,68.5,1,49,50,180,0,0,0,0,0.0,0.0,0.0,0.0,8.628927910882858e+29,65.5,0.0,3.7374231645042208e+22,0.0,645,0,685,0,0,0,713,0,784,0,706,0,688,0,646,0,640,0,619,0.032,37224448.0,-2.004,-0.0,46224,16789,7.532712243012567e+17,3.7374231645042208e+22,-4.405152740956028e+22,4.872812078561145e+33,-0.004,-0.0,29.0,60.0,70,0.0,0.0,0.0,0.0,0.0,0.0,0.0,0.0,0.0,0.0,0.0,0.0,0.0,0.0,0.0,0.0,59.2,68,12,65509,41,65476,0,300,0,0,8,20529,65476,0,0,61604,60.0,0.0,0.0,0.0,0.0,0.0
2026-04-04T11:55:22,ERR,ERR,ERR,ERR,ERR,ERR,ERR,ERR,ERR,ERR,ERR,ERR,ERR,ERR,ERR,ERR,ERR,ERR,ERR,ERR,ERR,ERR,ERR,ERR,ERR,ERR,ERR,ERR,ERR,ERR,ERR,ERR,ERR,ERR,ERR,ERR,ERR,ERR,ERR,ERR,ERR,ERR,ERR,ERR,ERR,ERR,ERR,ERR,ERR,ERR,ERR,ERR,ERR,ERR,ERR,ERR,ERR,ERR,ERR,ERR,ERR,ERR,ERR,ERR,ERR,ERR,ERR,ERR,ERR,ERR,ERR,ERR,ERR,ERR,ERR,ERR,ERR,ERR,ERR,ERR,ERR,ERR,ERR,ERR,ERR,ERR,ERR,ERR,ERR,ERR,ERR,ERR,ERR,ERR,ERR,ERR,ERR,ERR,ERR,ERR,ERR,ERR,ERR,ERR,ERR,ERR,ERR,ERR,ERR,ERR,ERR,ERR,ERR,ERR,ERR,ERR,ERR,ERR,ERR,ERR,ERR,ERR,ERR,ERR,ERR,-107615240.0,0.0,-117832800.0,0.0,0.0,0.0,0.0,nan,0,0,0,32768,0,0.0,0,0.0,0.0,0.0,0.0,0.0,0,0,0,0,0.0,0,0,0,0,0,0,0,0,0,0,0,0,0,0,0,0,0,0,0,0,0,0,0,0,0,0,0,0,0,0,0,0,0,0,0,0,0,0,0,0,0,0,0,0,0.0,0.0,0.0,0.0,0.0,0.0,0.0,0.0,0.0,0.0,0.0,0.0,0.0,0.0,0.0,0.0,0.0,0.0,0.0,0.0,0.0,0.0,2.004,-0.0,0.0,-2.004,0.0,0.0,0.0,0.0,3357.5,0.0,0.0,-107615240.0,0.0,-107615232.0,2.7184276789962853e+23,0.0,0.0,0.0,0.0,0,0.0,-152016156360704.0,0.0,0.0,0.0,0.0,0.0,0.0,0.0,0,0,0,0.0,0.0,0.0,0.0,0.0,0.0,0.0,0.0,0.0,0.0,0.0,0.0,0.0,0.0,0.0,0.0,0,-107875648.0,0,0.0,0,-107875648.0,0.0,0,39322,17038,52429,17052,13107,17037,0,0,0,110,100,100,0.0,64.0,0.0,64.8,-0.0,68.5,1,49,50,180,0,0,0,0,0.0,0.0,0.0,0.0,1.9746553182322864e+23,65.5,0.0,0.0,0.0,645,0,685,0,0,0,712,0,784,0,706,0,688,0,645,0,640,0,619,0.032,36962304.0,-2.004,-0.0,40592,16789,9776019800064.0,2.8086578041856113e+21,-2302712832.0,5.8878956434532955e+28,-0.0,-0.0,29.0,60.0,70,0.0,0.0,0.0,0.0,0.0,0.0,0.0,0.0,0.0,0.0,0.0,0.0,0.0,0.0,0.0,0.0,59.2,68,12,65509,41,65476,0,300,0,0,8,20529,65476,0,0,61604,60.0,0.0,0.0,0.0,0.0,0.0
2026-04-04T11:55:23,ERR,ERR,ERR,ERR,ERR,ERR,ERR,ERR,ERR,ERR,ERR,ERR,ERR,ERR,ERR,ERR,ERR,ERR,ERR,ERR,ERR,ERR,ERR,ERR,ERR,ERR,ERR,ERR,ERR,ERR,ERR,ERR,ERR,ERR,ERR,ERR,ERR,ERR,ERR,ERR,ERR,ERR,ERR,ERR,ERR,ERR,ERR,ERR,ERR,ERR,ERR,ERR,ERR,ERR,ERR,ERR,ERR,ERR,ERR,ERR,ERR,ERR,ERR,ERR,ERR,ERR,ERR,ERR,ERR,ERR,ERR,ERR,ERR,ERR,ERR,ERR,ERR,ERR,ERR,ERR,ERR,ERR,ERR,ERR,ERR,ERR,ERR,ERR,ERR,ERR,ERR,ERR,ERR,ERR,ERR,ERR,ERR,ERR,ERR,ERR,ERR,ERR,ERR,ERR,ERR,ERR,ERR,ERR,ERR,ERR,ERR,ERR,ERR,ERR,ERR,ERR,ERR,ERR,ERR,ERR,ERR,ERR,ERR,ERR,ERR,-107615240.0,0.0,-117832800.0,0.0,0.0,0.0,0.0,nan,0,0,0,32768,0,0.0,0,0.0,0.0,0.0,0.0,0.0,0,0,0,0,0.0,0,0,0,0,0,0,0,0,0,0,0,0,0,0,0,0,0,0,0,0,0,0,0,0,0,0,0,0,0,0,0,0,0,0,0,0,0,0,0,0,0,0,0,0,0.0,0.0,0.0,0.0,0.0,0.0,0.0,0.0,0.0,0.0,0.0,0.0,0.0,0.0,0.0,0.0,0.0,0.0,0.0,0.0,0.0,0.0,2.004,-0.0,0.0,-2.004,0.0,0.0,0.0,0.0,3357.5,0.0,0.0,-107615240.0,0.0,-107615232.0,2.7184276789962853e+23,0.0,0.0,0.0,0.0,0,0.0,-152016156360704.0,0.0,0.0,0.0,0.0,0.0,0.0,0.0,0,0,0,0.0,0.0,0.0,0.0,0.0,0.0,0.0,0.0,0.0,0.0,0.0,0.0,0.0,0.0,0.0,0.0,0,-107875648.0,0,0.0,0,-107875648.0,0.0,0,39322,17038,52429,17052,13107,17037,0,0,0,110,100,100,0.0,64.0,0.0,64.8,-0.0,68.5,1,49,50,180,0,0,0,0,0.0,0.0,0.0,0.0,1.9746553182322864e+23,65.5,0.0,0.0,0.0,645,0,685,0,0,0,712,0,784,0,706,0,688,0,645,0,640,0,619,0.032,36962304.0,-2.004,-0.0,40592,16789,9776019800064.0,2.8086578041856113e+21,-2302712832.0,5.8878956434532955e+28,-0.0,-0.0,29.0,60.0,70,0.0,0.0,0.0,0.0,0.0,0.0,0.0,0.0,0.0,0.0,0.0,0.0,0.0,0.0,0.0,0.0,59.2,68,12,65509,41,65476,0,300,0,0,8,20529,65476,0,0,61604,60.0,0.0,0.0,0.0,0.0,0.0
2026-04-04T11:55:24,ERR,ERR,ERR,ERR,ERR,ERR,ERR,ERR,ERR,ERR,ERR,ERR,ERR,ERR,ERR,ERR,ERR,ERR,ERR,ERR,ERR,ERR,ERR,ERR,ERR,ERR,ERR,ERR,ERR,ERR,ERR,ERR,ERR,ERR,ERR,ERR,ERR,ERR,ERR,ERR,ERR,ERR,ERR,ERR,ERR,ERR,ERR,ERR,ERR,ERR,ERR,ERR,ERR,ERR,ERR,ERR,ERR,ERR,ERR,ERR,ERR,ERR,ERR,ERR,ERR,ERR,ERR,ERR,ERR,ERR,ERR,ERR,ERR,ERR,ERR,ERR,ERR,ERR,ERR,ERR,ERR,ERR,ERR,ERR,ERR,ERR,ERR,ERR,ERR,ERR,ERR,ERR,ERR,ERR,ERR,ERR,ERR,ERR,ERR,ERR,ERR,ERR,ERR,ERR,ERR,ERR,ERR,ERR,ERR,ERR,ERR,ERR,ERR,ERR,ERR,ERR,ERR,ERR,ERR,ERR,ERR,ERR,ERR,ERR,ERR,-107615240.0,0.0,-117832800.0,0.0,0.0,0.0,0.0,nan,0,0,0,32768,0,0.0,0,0.0,0.0,0.0,0.0,0.0,0,0,0,0,0.0,0,0,0,0,0,0,0,0,0,0,0,0,0,0,0,0,0,0,0,0,0,0,0,0,0,0,0,0,0,0,0,0,0,0,0,0,0,0,0,0,0,0,0,0,0.0,0.0,0.0,0.0,0.0,0.0,0.0,0.0,0.0,0.0,0.0,0.0,0.0,0.0,0.0,0.0,0.0,0.0,0.0,0.0,0.0,0.0,2.004,-0.0,0.0,-2.004,0.0,0.0,0.0,0.0,3357.5,0.0,0.0,-107615240.0,0.0,-107615232.0,2.7184276789962853e+23,0.0,0.0,0.0,0.0,0,0.0,-152016156360704.0,0.0,0.0,0.0,0.0,0.0,0.0,0.0,0,0,0,0.0,0.0,0.0,0.0,0.0,0.0,0.0,0.0,0.0,0.0,0.0,0.0,0.0,0.0,0.0,0.0,0,-107875648.0,0,0.0,0,-107875648.0,0.0,0,39322,17038,52429,17052,13107,17037,0,0,0,110,100,100,0.0,64.0,0.0,64.8,-0.0,68.5,1,49,50,180,0,0,0,0,0.0,0.0,0.0,0.0,1.9746553182322864e+23,65.5,0.0,0.0,0.0,645,0,685,0,0,0,712,0,784,0,706,0,688,0,645,0,640,0,619,0.032,36962304.0,-2.004,-0.0,40592,16789,9776019800064.0,2.8086578041856113e+21,-2302712832.0,5.8878956434532955e+28,-0.0,-0.0,29.0,60.0,70,0.0,0.0,0.0,0.0,0.0,0.0,0.0,0.0,0.0,0.0,0.0,0.0,0.0,0.0,0.0,0.0,59.2,68,12,65509,41,65476,0,300,0,0,8,20529,65476,0,0,61604,60.0,0.0,0.0,0.0,0.0,0.0
2026-04-04T11:55:25,ERR,ERR,ERR,ERR,ERR,ERR,ERR,ERR,ERR,ERR,ERR,ERR,ERR,ERR,ERR,ERR,ERR,ERR,ERR,ERR,ERR,ERR,ERR,ERR,ERR,ERR,ERR,ERR,ERR,ERR,ERR,ERR,ERR,ERR,ERR,ERR,ERR,ERR,ERR,ERR,ERR,ERR,ERR,ERR,ERR,ERR,ERR,ERR,ERR,ERR,ERR,ERR,ERR,ERR,ERR,ERR,ERR,ERR,ERR,ERR,ERR,ERR,ERR,ERR,ERR,ERR,ERR,ERR,ERR,ERR,ERR,ERR,ERR,ERR,ERR,ERR,ERR,ERR,ERR,ERR,ERR,ERR,ERR,ERR,ERR,ERR,ERR,ERR,ERR,ERR,ERR,ERR,ERR,ERR,ERR,ERR,ERR,ERR,ERR,ERR,ERR,ERR,ERR,ERR,ERR,ERR,ERR,ERR,ERR,ERR,ERR,ERR,ERR,ERR,ERR,ERR,ERR,ERR,ERR,ERR,ERR,ERR,ERR,ERR,ERR,-107615240.0,0.0,-117832800.0,0.0,0.0,0.0,0.0,nan,0,0,0,32768,0,0.0,0,0.0,0.0,0.0,0.0,0.0,0,0,0,0,0.0,0,0,0,0,0,0,0,0,0,0,0,0,0,0,0,0,0,0,0,0,0,0,0,0,0,0,0,0,0,0,0,0,0,0,0,0,0,0,0,0,0,0,0,0,0.0,0.0,0.0,0.0,0.0,0.0,0.0,0.0,0.0,0.0,0.0,0.0,0.0,0.0,0.0,0.0,0.0,0.0,0.0,0.0,0.0,0.0,2.004,-0.0,0.0,-2.004,0.0,0.0,0.0,0.0,3357.5,0.0,0.0,-107615240.0,0.0,-107615232.0,2.7184276789962853e+23,0.0,0.0,0.0,0.0,0,0.0,-152016156360704.0,0.0,0.0,0.0,0.0,0.0,0.0,0.0,0,0,0,0.0,0.0,0.0,0.0,0.0,0.0,0.0,0.0,0.0,0.0,0.0,0.0,0.0,0.0,0.0,0.0,0,-107875648.0,0,0.0,0,-107875648.0,0.0,0,39322,17038,52429,17052,13107,17037,0,0,0,110,100,100,0.0,64.0,0.0,64.8,-0.0,68.5,1,49,50,180,0,0,0,0,0.0,0.0,0.0,0.0,1.9746553182322864e+23,65.5,0.0,0.0,0.0,645,0,685,0,0,0,712,0,784,0,706,0,688,0,645,0,640,0,619,0.032,36962304.0,-2.004,-0.0,40592,16789,9776019800064.0,2.8086578041856113e+21,-2302712832.0,5.8878956434532955e+28,-0.0,-0.0,29.0,60.0,70,0.0,0.0,0.0,0.0,0.0,0.0,0.0,0.0,0.0,0.0,0.0,0.0,0.0,0.0,0.0,0.0,59.6,68,12,65509,41,65476,0,300,0,0,8,20529,65476,0,0,61604,60.0,0.0,0.0,0.0,0.0,0.0
2026-04-04T11:55:26,ERR,ERR,ERR,ERR,ERR,ERR,ERR,ERR,ERR,ERR,ERR,ERR,ERR,ERR,ERR,ERR,ERR,ERR,ERR,ERR,ERR,ERR,ERR,ERR,ERR,ERR,ERR,ERR,ERR,ERR,ERR,ERR,ERR,ERR,ERR,ERR,ERR,ERR,ERR,ERR,ERR,ERR,ERR,ERR,ERR,ERR,ERR,ERR,ERR,ERR,ERR,ERR,ERR,ERR,ERR,ERR,ERR,ERR,ERR,ERR,ERR,ERR,ERR,ERR,ERR,ERR,ERR,ERR,ERR,ERR,ERR,ERR,ERR,ERR,ERR,ERR,ERR,ERR,ERR,ERR,ERR,ERR,ERR,ERR,ERR,ERR,ERR,ERR,ERR,ERR,ERR,ERR,ERR,ERR,ERR,ERR,ERR,ERR,ERR,ERR,ERR,ERR,ERR,ERR,ERR,ERR,ERR,ERR,ERR,ERR,ERR,ERR,ERR,ERR,ERR,ERR,ERR,ERR,ERR,ERR,ERR,ERR,ERR,ERR,ERR,-107615240.0,0.0,-117832800.0,0.0,0.0,0.0,0.0,nan,0,0,0,32768,0,0.0,0,0.0,0.0,0.0,0.0,0.0,0,0,0,0,0.0,0,0,0,0,0,0,0,0,0,0,0,0,0,0,0,0,0,0,0,0,0,0,0,0,0,0,0,0,0,0,0,0,0,0,0,0,0,0,0,0,0,0,0,0,0.0,0.0,0.0,0.0,0.0,0.0,0.0,0.0,0.0,0.0,0.0,0.0,0.0,0.0,0.0,0.0,0.0,0.0,0.0,0.0,0.0,0.0,2.004,-0.0,0.0,-2.004,0.0,0.0,0.0,0.0,3356.5,8608105472.0,0.0,-107615240.0,0.0,-107615232.0,-0.0,0.0,0.0,0.0,0.0,0,0.0,-4.950375598578833e+32,0.0,0.0,0.0,0.0,0.0,0.0,0.0,0,0,0,0.0,0.0,0.0,0.0,0.0,0.0,0.0,0.0,0.0,0.0,0.0,0.0,0.0,0.0,0.0,0.0,0,-107875648.0,0,0.0,0,-107875648.0,0.0,0,39322,17038,52429,17052,13107,17037,0,0,0,110,100,100,0.0,64.1,0.0,64.8,-0.0,68.5,1,49,50,180,0,0,0,0,0.0,0.0,0.0,0.0,72837.023,65.5,0.0,3.476889083395126e+19,0.0,645,0,685,0,0,0,713,0,784,0,706,0,688,0,646,0,640,0,619,0.032,36962304.0,-2.004,-0.0,30096,16789,0.044,-0.0,-26.907,-0.0,-0.0,3.252347503281861e+31,29.0,60.0,70,0.0,0.0,0.0,0.0,0.0,0.0,0.0,0.0,0.0,0.0,0.0,0.0,0.0,0.0,0.0,0.0,59.6,68,12,65509,41,65476,0,300,0,0,8,20529,65476,0,0,61604,60.0,0.0,0.0,0.0,0.0,0.0
2026-04-04T11:55:27,ERR,ERR,ERR,ERR,ERR,ERR,ERR,ERR,ERR,ERR,ERR,ERR,ERR,ERR,ERR,ERR,ERR,ERR,ERR,ERR,ERR,ERR,ERR,ERR,ERR,ERR,ERR,ERR,ERR,ERR,ERR,ERR,ERR,ERR,ERR,ERR,ERR,ERR,ERR,ERR,ERR,ERR,ERR,ERR,ERR,ERR,ERR,ERR,ERR,ERR,ERR,ERR,ERR,ERR,ERR,ERR,ERR,ERR,ERR,ERR,ERR,ERR,ERR,ERR,ERR,ERR,ERR,ERR,ERR,ERR,ERR,ERR,ERR,ERR,ERR,ERR,ERR,ERR,ERR,ERR,ERR,ERR,ERR,ERR,ERR,ERR,ERR,ERR,ERR,ERR,ERR,ERR,ERR,ERR,ERR,ERR,ERR,ERR,ERR,ERR,ERR,ERR,ERR,ERR,ERR,ERR,ERR,ERR,ERR,ERR,ERR,ERR,ERR,ERR,ERR,ERR,ERR,ERR,ERR,ERR,ERR,ERR,ERR,ERR,ERR,-107615240.0,0.0,-117832800.0,0.0,0.0,0.0,0.0,nan,0,0,0,32768,0,0.0,0,0.0,0.0,0.0,0.0,0.0,0,0,0,0,0.0,0,0,0,0,0,0,0,0,0,0,0,0,0,0,0,0,0,0,0,0,0,0,0,0,0,0,0,0,0,0,0,0,0,0,0,0,0,0,0,0,0,0,0,0,0.0,0.0,0.0,0.0,0.0,0.0,0.0,0.0,0.0,0.0,0.0,0.0,0.0,0.0,0.0,0.0,0.0,0.0,0.0,0.0,0.0,0.0,2.004,-0.0,0.0,-2.004,0.0,0.0,0.0,0.0,3356.5,8608105472.0,0.0,-107615240.0,0.0,-107615232.0,-0.0,0.0,0.0,0.0,0.0,0,0.0,-4.950375598578833e+32,0.0,0.0,0.0,0.0,0.0,0.0,0.0,0,0,0,0.0,0.0,0.0,0.0,0.0,0.0,0.0,0.0,0.0,0.0,0.0,0.0,0.0,0.0,0.0,0.0,0,-107875648.0,0,0.0,0,-107875648.0,0.0,0,39322,17038,52429,17052,13107,17037,0,0,0,110,100,100,0.0,64.1,0.0,64.8,-0.0,68.5,1,49,50,180,0,0,0,0,0.0,0.0,0.0,0.0,72837.023,65.5,0.0,3.476889083395126e+19,0.0,645,0,685,0,0,0,713,0,784,0,706,0,688,0,646,0,640,0,619,0.032,36962304.0,-2.004,-0.0,30096,16789,0.044,-0.0,-26.907,-0.0,-0.0,3.252347503281861e+31,29.0,60.0,70,0.0,0.0,0.0,0.0,0.0,0.0,0.0,0.0,0.0,0.0,0.0,0.0,0.0,0.0,0.0,0.0,59.2,68,12,65509,41,65476,0,300,0,0,8,20529,65476,0,0,61604,60.0,0.0,0.0,0.0,0.0,0.0
2026-04-04T11:55:28,ERR,ERR,ERR,ERR,ERR,ERR,ERR,ERR,ERR,ERR,ERR,ERR,ERR,ERR,ERR,ERR,ERR,ERR,ERR,ERR,ERR,ERR,ERR,ERR,ERR,ERR,ERR,ERR,ERR,ERR,ERR,ERR,ERR,ERR,ERR,ERR,ERR,ERR,ERR,ERR,ERR,ERR,ERR,ERR,ERR,ERR,ERR,ERR,ERR,ERR,ERR,ERR,ERR,ERR,ERR,ERR,ERR,ERR,ERR,ERR,ERR,ERR,ERR,ERR,ERR,ERR,ERR,ERR,ERR,ERR,ERR,ERR,ERR,ERR,ERR,ERR,ERR,ERR,ERR,ERR,ERR,ERR,ERR,ERR,ERR,ERR,ERR,ERR,ERR,ERR,ERR,ERR,ERR,ERR,ERR,ERR,ERR,ERR,ERR,ERR,ERR,ERR,ERR,ERR,ERR,ERR,ERR,ERR,ERR,ERR,ERR,ERR,ERR,ERR,ERR,ERR,ERR,ERR,ERR,ERR,ERR,ERR,ERR,ERR,ERR,-107615240.0,0.0,-117832800.0,0.0,0.0,0.0,0.0,nan,0,0,0,32768,0,0.0,0,0.0,0.0,0.0,0.0,0.0,0,0,0,0,0.0,0,0,0,0,0,0,0,0,0,0,0,0,0,0,0,0,0,0,0,0,0,0,0,0,0,0,0,0,0,0,0,0,0,0,0,0,0,0,0,0,0,0,0,0,0.0,0.0,0.0,0.0,0.0,0.0,0.0,0.0,0.0,0.0,0.0,0.0,0.0,0.0,0.0,0.0,0.0,0.0,0.0,0.0,0.0,0.0,2.004,-0.0,0.0,-2.004,0.0,0.0,0.0,0.0,3356.5,8608105472.0,0.0,-107615240.0,0.0,-107615232.0,-0.0,0.0,0.0,0.0,0.0,0,0.0,-4.950375598578833e+32,0.0,0.0,0.0,0.0,0.0,0.0,0.0,0,0,0,0.0,0.0,0.0,0.0,0.0,0.0,0.0,0.0,0.0,0.0,0.0,0.0,0.0,0.0,0.0,0.0,0,-107875648.0,0,0.0,0,-107875648.0,0.0,0,39322,17038,52429,17052,13107,17037,0,0,0,110,100,100,0.0,64.1,0.0,64.8,-0.0,68.5,1,49,50,180,0,0,0,0,0.0,0.0,0.0,0.0,72837.023,65.5,0.0,3.476889083395126e+19,0.0,645,0,685,0,0,0,713,0,784,0,706,0,688,0,646,0,640,0,619,0.032,36962304.0,-2.004,-0.0,30096,16789,0.044,-0.0,-26.907,-0.0,-0.0,3.252347503281861e+31,29.0,60.0,70,0.0,0.0,0.0,0.0,0.0,0.0,0.0,0.0,0.0,0.0,0.0,0.0,0.0,0.0,0.0,0.0,59.2,68,12,65509,41,65476,0,300,0,0,8,20529,65476,0,0,61604,60.0,0.0,0.0,0.0,0.0,0.0
2026-04-04T11:55:29,ERR,ERR,ERR,ERR,ERR,ERR,ERR,ERR,ERR,ERR,ERR,ERR,ERR,ERR,ERR,ERR,ERR,ERR,ERR,ERR,ERR,ERR,ERR,ERR,ERR,ERR,ERR,ERR,ERR,ERR,ERR,ERR,ERR,ERR,ERR,ERR,ERR,ERR,ERR,ERR,ERR,ERR,ERR,ERR,ERR,ERR,ERR,ERR,ERR,ERR,ERR,ERR,ERR,ERR,ERR,ERR,ERR,ERR,ERR,ERR,ERR,ERR,ERR,ERR,ERR,ERR,ERR,ERR,ERR,ERR,ERR,ERR,ERR,ERR,ERR,ERR,ERR,ERR,ERR,ERR,ERR,ERR,ERR,ERR,ERR,ERR,ERR,ERR,ERR,ERR,ERR,ERR,ERR,ERR,ERR,ERR,ERR,ERR,ERR,ERR,ERR,ERR,ERR,ERR,ERR,ERR,ERR,ERR,ERR,ERR,ERR,ERR,ERR,ERR,ERR,ERR,ERR,ERR,ERR,ERR,ERR,ERR,ERR,ERR,ERR,-107615240.0,0.0,-117832800.0,0.0,0.0,0.0,0.0,nan,0,0,0,32768,0,0.0,0,0.0,0.0,0.0,0.0,0.0,0,0,0,0,0.0,0,0,0,0,0,0,0,0,0,0,0,0,0,0,0,0,0,0,0,0,0,0,0,0,0,0,0,0,0,0,0,0,0,0,0,0,0,0,0,0,0,0,0,0,0.0,0.0,0.0,0.0,0.0,0.0,0.0,0.0,0.0,0.0,0.0,0.0,0.0,0.0,0.0,0.0,0.0,0.0,0.0,0.0,0.0,0.0,2.004,-0.0,0.0,-2.004,0.0,0.0,0.0,0.0,3356.5,8608105472.0,0.0,-107615240.0,0.0,-107615232.0,-0.0,0.0,0.0,0.0,0.0,0,0.0,-4.950375598578833e+32,0.0,0.0,0.0,0.0,0.0,0.0,0.0,0,0,0,0.0,0.0,0.0,0.0,0.0,0.0,0.0,0.0,0.0,0.0,0.0,0.0,0.0,0.0,0.0,0.0,0,-107875648.0,0,0.0,0,-107875648.0,0.0,0,39322,17038,52429,17052,13107,17037,0,0,0,110,100,100,0.0,64.1,0.0,64.8,-0.0,68.5,1,49,50,180,0,0,0,0,0.0,0.0,0.0,0.0,72837.023,65.5,0.0,3.476889083395126e+19,0.0,645,0,685,0,0,0,713,0,784,0,706,0,688,0,646,0,640,0,619,0.032,36962304.0,-2.004,-0.0,30096,16789,0.044,-0.0,-26.907,-0.0,-0.0,3.252347503281861e+31,29.0,60.0,70,0.0,0.0,0.0,0.0,0.0,0.0,0.0,0.0,0.0,0.0,0.0,0.0,0.0,0.0,0.0,0.0,59.6,68,12,65509,41,65476,0,300,0,0,8,20529,65476,0,0,61604,60.0,0.0,0.0,0.0,0.0,0.0
2026-04-04T11:55:30,ERR,ERR,ERR,ERR,ERR,ERR,ERR,ERR,ERR,ERR,ERR,ERR,ERR,ERR,ERR,ERR,ERR,ERR,ERR,ERR,ERR,ERR,ERR,ERR,ERR,ERR,ERR,ERR,ERR,ERR,ERR,ERR,ERR,ERR,ERR,ERR,ERR,ERR,ERR,ERR,ERR,ERR,ERR,ERR,ERR,ERR,ERR,ERR,ERR,ERR,ERR,ERR,ERR,ERR,ERR,ERR,ERR,ERR,ERR,ERR,ERR,ERR,ERR,ERR,ERR,ERR,ERR,ERR,ERR,ERR,ERR,ERR,ERR,ERR,ERR,ERR,ERR,ERR,ERR,ERR,ERR,ERR,ERR,ERR,ERR,ERR,ERR,ERR,ERR,ERR,ERR,ERR,ERR,ERR,ERR,ERR,ERR,ERR,ERR,ERR,ERR,ERR,ERR,ERR,ERR,ERR,ERR,ERR,ERR,ERR,ERR,ERR,ERR,ERR,ERR,ERR,ERR,ERR,ERR,ERR,ERR,ERR,ERR,ERR,ERR,-107615240.0,0.0,-117832800.0,0.0,0.0,0.0,0.0,nan,0,0,0,32768,0,0.0,0,0.0,0.0,0.0,0.0,0.0,0,0,0,0,0.0,0,0,0,0,0,0,0,0,0,0,0,0,0,0,0,0,0,0,0,0,0,0,0,0,0,0,0,0,0,0,0,0,0,0,0,0,0,0,0,0,0,0,0,0,0.0,0.0,0.0,0.0,0.0,0.0,0.0,0.0,0.0,0.0,0.0,0.0,0.0,0.0,0.0,0.0,0.0,0.0,0.0,0.0,0.0,0.0,2.004,-0.0,0.0,-2.004,0.0,0.0,0.0,0.0,3356.5,8608105472.0,0.0,-107615240.0,0.0,-107615232.0,-0.0,0.0,0.0,0.0,0.0,0,0.0,-4.950375598578833e+32,0.0,0.0,0.0,0.0,0.0,0.0,0.0,0,0,0,0.0,0.0,0.0,0.0,0.0,0.0,0.0,0.0,0.0,0.0,0.0,0.0,0.0,0.0,0.0,0.0,0,-107875648.0,0,0.0,0,-107875648.0,0.0,0,39322,17038,52429,17052,13107,17037,0,0,0,110,100,100,0.0,64.1,0.0,64.8,-0.0,68.5,1,49,50,180,0,0,0,0,0.0,0.0,0.0,0.0,0.0,65.5,0.0,-6.143085366386358e+25,0.0,645,0,685,0,0,0,712,0,784,0,706,0,688,0,646,0,640,0,619,0.032,36700160.0,-2.004,-0.0,44432,16789,5906753.5,-7400.245,-2.0956226169878637e+31,-2.7674565129937063e+36,-125.129,-0.0,29.0,60.0,70,0.0,0.0,0.0,0.0,0.0,0.0,0.0,0.0,0.0,0.0,0.0,0.0,0.0,0.0,0.0,0.0,59.6,68,12,65509,41,65476,0,300,0,0,8,20529,65476,0,0,61604,60.0,0.0,0.0,0.0,0.0,0.0
2026-04-04T11:55:31,ERR,ERR,ERR,ERR,ERR,ERR,ERR,ERR,ERR,ERR,ERR,ERR,ERR,ERR,ERR,ERR,ERR,ERR,ERR,ERR,ERR,ERR,ERR,ERR,ERR,ERR,ERR,ERR,ERR,ERR,ERR,ERR,ERR,ERR,ERR,ERR,ERR,ERR,ERR,ERR,ERR,ERR,ERR,ERR,ERR,ERR,ERR,ERR,ERR,ERR,ERR,ERR,ERR,ERR,ERR,ERR,ERR,ERR,ERR,ERR,ERR,ERR,ERR,ERR,ERR,ERR,ERR,ERR,ERR,ERR,ERR,ERR,ERR,ERR,ERR,ERR,ERR,ERR,ERR,ERR,ERR,ERR,ERR,ERR,ERR,ERR,ERR,ERR,ERR,ERR,ERR,ERR,ERR,ERR,ERR,ERR,ERR,ERR,ERR,ERR,ERR,ERR,ERR,ERR,ERR,ERR,ERR,ERR,ERR,ERR,ERR,ERR,ERR,ERR,ERR,ERR,ERR,ERR,ERR,ERR,ERR,ERR,ERR,ERR,ERR,-107615240.0,0.0,-117832800.0,0.0,0.0,0.0,0.0,nan,0,0,0,32768,0,0.0,0,0.0,0.0,0.0,0.0,0.0,0,0,0,0,0.0,0,0,0,0,0,0,0,0,0,0,0,0,0,0,0,0,0,0,0,0,0,0,0,0,0,0,0,0,0,0,0,0,0,0,0,0,0,0,0,0,0,0,0,0,0.0,0.0,0.0,0.0,0.0,0.0,0.0,0.0,0.0,0.0,0.0,0.0,0.0,0.0,0.0,0.0,0.0,0.0,0.0,0.0,0.0,0.0,2.004,-0.0,0.0,-2.004,0.0,0.0,0.0,0.0,3356.5,8608105472.0,0.0,-107615240.0,0.0,-107615232.0,-0.0,0.0,0.0,0.0,0.0,0,0.0,-4.950375598578833e+32,0.0,0.0,0.0,0.0,0.0,0.0,0.0,0,0,0,0.0,0.0,0.0,0.0,0.0,0.0,0.0,0.0,0.0,0.0,0.0,0.0,0.0,0.0,0.0,0.0,0,-107875648.0,0,0.0,0,-107875648.0,0.0,0,39322,17038,52429,17052,13107,17037,0,0,0,110,100,100,0.0,64.1,0.0,64.8,-0.0,68.5,1,49,50,180,0,0,0,0,0.0,0.0,0.0,0.0,0.0,65.5,0.0,-6.143085366386358e+25,0.0,645,0,685,0,0,0,712,0,784,0,706,0,688,0,646,0,640,0,619,0.032,36700160.0,-2.004,-0.0,44432,16789,5906753.5,-7400.245,-2.0956226169878637e+31,-2.7674565129937063e+36,-125.129,-0.0,29.0,60.0,70,0.0,0.0,0.0,0.0,0.0,0.0,0.0,0.0,0.0,0.0,0.0,0.0,0.0,0.0,0.0,0.0,59.2,68,12,65509,41,65476,0,300,0,0,8,20529,65476,0,0,61604,60.0,0.0,0.0,0.0,0.0,0.0
2026-04-04T11:55:32,ERR,ERR,ERR,ERR,ERR,ERR,ERR,ERR,ERR,ERR,ERR,ERR,ERR,ERR,ERR,ERR,ERR,ERR,ERR,ERR,ERR,ERR,ERR,ERR,ERR,ERR,ERR,ERR,ERR,ERR,ERR,ERR,ERR,ERR,ERR,ERR,ERR,ERR,ERR,ERR,ERR,ERR,ERR,ERR,ERR,ERR,ERR,ERR,ERR,ERR,ERR,ERR,ERR,ERR,ERR,ERR,ERR,ERR,ERR,ERR,ERR,ERR,ERR,ERR,ERR,ERR,ERR,ERR,ERR,ERR,ERR,ERR,ERR,ERR,ERR,ERR,ERR,ERR,ERR,ERR,ERR,ERR,ERR,ERR,ERR,ERR,ERR,ERR,ERR,ERR,ERR,ERR,ERR,ERR,ERR,ERR,ERR,ERR,ERR,ERR,ERR,ERR,ERR,ERR,ERR,ERR,ERR,ERR,ERR,ERR,ERR,ERR,ERR,ERR,ERR,ERR,ERR,ERR,ERR,ERR,ERR,ERR,ERR,ERR,ERR,-107615240.0,0.0,-117832800.0,0.0,0.0,0.0,0.0,nan,0,0,0,32768,0,0.0,0,0.0,0.0,0.0,0.0,0.0,0,0,0,0,0.0,0,0,0,0,0,0,0,0,0,0,0,0,0,0,0,0,0,0,0,0,0,0,0,0,0,0,0,0,0,0,0,0,0,0,0,0,0,0,0,0,0,0,0,0,0.0,0.0,0.0,0.0,0.0,0.0,0.0,0.0,0.0,0.0,0.0,0.0,0.0,0.0,0.0,0.0,0.0,0.0,0.0,0.0,0.0,0.0,2.004,-0.0,0.0,-2.004,0.0,0.0,0.0,0.0,3356.5,8608105472.0,0.0,-107615240.0,0.0,-107615232.0,-0.0,0.0,0.0,0.0,0.0,0,0.0,-4.950375598578833e+32,0.0,0.0,0.0,0.0,0.0,0.0,0.0,0,0,0,0.0,0.0,0.0,0.0,0.0,0.0,0.0,0.0,0.0,0.0,0.0,0.0,0.0,0.0,0.0,0.0,0,-107875648.0,0,0.0,0,-107875648.0,0.0,0,39322,17038,52429,17052,13107,17037,0,0,0,110,100,100,0.0,64.1,0.0,64.8,-0.0,68.5,1,49,50,180,0,0,0,0,0.0,0.0,0.0,0.0,0.0,65.5,0.0,-6.143085366386358e+25,0.0,645,0,685,0,0,0,712,0,784,0,706,0,688,0,646,0,640,0,619,0.032,36700160.0,-2.004,-0.0,44432,16789,5906753.5,-7400.245,-2.0956226169878637e+31,-2.7674565129937063e+36,-125.129,-0.0,29.0,60.0,70,0.0,0.0,0.0,0.0,0.0,0.0,0.0,0.0,0.0,0.0,0.0,0.0,0.0,0.0,0.0,0.0,59.2,68,12,65509,41,65476,0,300,0,0,8,20529,65476,0,0,61604,60.0,0.0,0.0,0.0,0.0,0.0
2026-04-04T11:55:33,ERR,ERR,ERR,ERR,ERR,ERR,ERR,ERR,ERR,ERR,ERR,ERR,ERR,ERR,ERR,ERR,ERR,ERR,ERR,ERR,ERR,ERR,ERR,ERR,ERR,ERR,ERR,ERR,ERR,ERR,ERR,ERR,ERR,ERR,ERR,ERR,ERR,ERR,ERR,ERR,ERR,ERR,ERR,ERR,ERR,ERR,ERR,ERR,ERR,ERR,ERR,ERR,ERR,ERR,ERR,ERR,ERR,ERR,ERR,ERR,ERR,ERR,ERR,ERR,ERR,ERR,ERR,ERR,ERR,ERR,ERR,ERR,ERR,ERR,ERR,ERR,ERR,ERR,ERR,ERR,ERR,ERR,ERR,ERR,ERR,ERR,ERR,ERR,ERR,ERR,ERR,ERR,ERR,ERR,ERR,ERR,ERR,ERR,ERR,ERR,ERR,ERR,ERR,ERR,ERR,ERR,ERR,ERR,ERR,ERR,ERR,ERR,ERR,ERR,ERR,ERR,ERR,ERR,ERR,ERR,ERR,ERR,ERR,ERR,ERR,-107615240.0,0.0,-117832800.0,0.0,0.0,0.0,0.0,nan,0,0,0,32768,0,0.0,0,0.0,0.0,0.0,0.0,0.0,0,0,0,0,0.0,0,0,0,0,0,0,0,0,0,0,0,0,0,0,0,0,0,0,0,0,0,0,0,0,0,0,0,0,0,0,0,0,0,0,0,0,0,0,0,0,0,0,0,0,0.0,0.0,0.0,0.0,0.0,0.0,0.0,0.0,0.0,0.0,0.0,0.0,0.0,0.0,0.0,0.0,0.0,0.0,0.0,0.0,0.0,0.0,2.004,-0.0,0.0,-2.004,0.0,0.0,0.0,0.0,3354.5,0.0,0.0,-107615240.0,0.0,-107615232.0,-0.0,0.0,0.0,0.0,0.0,0,-5.8480786593265204e+35,-71.629,0.0,0.0,0.0,0.0,0.0,0.0,0.0,0,0,0,0.0,0.0,0.0,0.0,0.0,0.0,0.0,0.0,0.0,0.0,0.0,0.0,0.0,0.0,0.0,0.0,0,-107875648.0,0,0.0,0,-107875648.0,0.0,0,39322,17038,52429,17052,13107,17037,0,0,0,110,100,100,0.0,64.1,0.0,64.8,-0.0,68.5,1,49,50,180,0,0,0,0,0.0,0.0,0.0,0.0,0.0,65.5,0.0,-6.143085366386358e+25,0.0,645,0,685,0,0,0,712,0,784,0,706,0,688,0,646,0,640,0,619,0.032,36700160.0,-2.004,-0.0,44432,16789,5906753.5,-7400.245,-2.0956226169878637e+31,-2.7674565129937063e+36,-125.129,-0.0,29.0,60.0,70,0.0,0.0,0.0,0.0,0.0,0.0,0.0,0.0,0.0,0.0,0.0,0.0,0.0,0.0,0.0,0.0,59.2,68,12,65509,41,65476,0,300,0,0,8,20529,65476,0,0,61604,60.0,0.0,0.0,0.0,0.0,0.0
2026-04-04T11:55:34,ERR,ERR,ERR,ERR,ERR,ERR,ERR,ERR,ERR,ERR,ERR,ERR,ERR,ERR,ERR,ERR,ERR,ERR,ERR,ERR,ERR,ERR,ERR,ERR,ERR,ERR,ERR,ERR,ERR,ERR,ERR,ERR,ERR,ERR,ERR,ERR,ERR,ERR,ERR,ERR,ERR,ERR,ERR,ERR,ERR,ERR,ERR,ERR,ERR,ERR,ERR,ERR,ERR,ERR,ERR,ERR,ERR,ERR,ERR,ERR,ERR,ERR,ERR,ERR,ERR,ERR,ERR,ERR,ERR,ERR,ERR,ERR,ERR,ERR,ERR,ERR,ERR,ERR,ERR,ERR,ERR,ERR,ERR,ERR,ERR,ERR,ERR,ERR,ERR,ERR,ERR,ERR,ERR,ERR,ERR,ERR,ERR,ERR,ERR,ERR,ERR,ERR,ERR,ERR,ERR,ERR,ERR,ERR,ERR,ERR,ERR,ERR,ERR,ERR,ERR,ERR,ERR,ERR,ERR,ERR,ERR,ERR,ERR,ERR,ERR,-107615240.0,0.0,-117832800.0,0.0,0.0,0.0,0.0,nan,0,0,0,32768,0,0.0,0,0.0,0.0,0.0,0.0,0.0,0,0,0,0,0.0,0,0,0,0,0,0,0,0,0,0,0,0,0,0,0,0,0,0,0,0,0,0,0,0,0,0,0,0,0,0,0,0,0,0,0,0,0,0,0,0,0,0,0,0,0.0,0.0,0.0,0.0,0.0,0.0,0.0,0.0,0.0,0.0,0.0,0.0,0.0,0.0,0.0,0.0,0.0,0.0,0.0,0.0,0.0,0.0,2.004,-0.0,0.0,-2.004,0.0,0.0,0.0,0.0,3354.5,0.0,0.0,-107615240.0,0.0,-107615232.0,-0.0,0.0,0.0,0.0,0.0,0,-5.8480786593265204e+35,-71.629,0.0,0.0,0.0,0.0,0.0,0.0,0.0,0,0,0,0.0,0.0,0.0,0.0,0.0,0.0,0.0,0.0,0.0,0.0,0.0,0.0,0.0,0.0,0.0,0.0,0,-107875648.0,0,0.0,0,-107875648.0,0.0,0,39322,17038,52429,17052,13107,17037,0,0,0,110,100,100,0.0,64.1,0.0,64.8,-0.0,68.5,1,49,50,180,0,0,0,0,0.0,0.0,0.0,0.0,0.0,65.5,0.0,-6.143085366386358e+25,0.0,645,0,685,0,0,0,712,0,784,0,706,0,688,0,646,0,640,0,619,0.032,36700160.0,-2.004,-0.0,44432,16789,5906753.5,-7400.245,-2.0956226169878637e+31,-2.7674565129937063e+36,-125.129,-0.0,29.0,60.0,70,0.0,0.0,0.0,0.0,0.0,0.0,0.0,0.0,0.0,0.0,0.0,0.0,0.0,0.0,0.0,0.0,59.2,68,12,65509,41,65476,0,300,0,0,8,20529,65476,0,0,61604,60.0,0.0,0.0,0.0,0.0,0.0
2026-04-04T11:55:35,ERR,ERR,ERR,ERR,ERR,ERR,ERR,ERR,ERR,ERR,ERR,ERR,ERR,ERR,ERR,ERR,ERR,ERR,ERR,ERR,ERR,ERR,ERR,ERR,ERR,ERR,ERR,ERR,ERR,ERR,ERR,ERR,ERR,ERR,ERR,ERR,ERR,ERR,ERR,ERR,ERR,ERR,ERR,ERR,ERR,ERR,ERR,ERR,ERR,ERR,ERR,ERR,ERR,ERR,ERR,ERR,ERR,ERR,ERR,ERR,ERR,ERR,ERR,ERR,ERR,ERR,ERR,ERR,ERR,ERR,ERR,ERR,ERR,ERR,ERR,ERR,ERR,ERR,ERR,ERR,ERR,ERR,ERR,ERR,ERR,ERR,ERR,ERR,ERR,ERR,ERR,ERR,ERR,ERR,ERR,ERR,ERR,ERR,ERR,ERR,ERR,ERR,ERR,ERR,ERR,ERR,ERR,ERR,ERR,ERR,ERR,ERR,ERR,ERR,ERR,ERR,ERR,ERR,ERR,ERR,ERR,ERR,ERR,ERR,ERR,-107615240.0,0.0,-117832800.0,0.0,0.0,0.0,0.0,nan,0,0,0,32768,0,0.0,0,0.0,0.0,0.0,0.0,0.0,0,0,0,0,0.0,0,0,0,0,0,0,0,0,0,0,0,0,0,0,0,0,0,0,0,0,0,0,0,0,0,0,0,0,0,0,0,0,0,0,0,0,0,0,0,0,0,0,0,0,0.0,0.0,0.0,0.0,0.0,0.0,0.0,0.0,0.0,0.0,0.0,0.0,0.0,0.0,0.0,0.0,0.0,0.0,0.0,0.0,0.0,0.0,2.004,-0.0,0.0,-2.004,0.0,0.0,0.0,0.0,3354.5,0.0,0.0,-107615240.0,0.0,-107615232.0,-0.0,0.0,0.0,0.0,0.0,0,-5.8480786593265204e+35,-71.629,0.0,0.0,0.0,0.0,0.0,0.0,0.0,0,0,0,0.0,0.0,0.0,0.0,0.0,0.0,0.0,0.0,0.0,0.0,0.0,0.0,0.0,0.0,0.0,0.0,0,-107875648.0,0,0.0,0,-107875648.0,0.0,0,39322,17038,52429,17052,13107,17037,0,0,0,110,100,100,0.0,64.1,0.0,64.8,-0.0,68.5,1,49,50,180,0,0,0,0,0.0,0.0,0.0,0.0,0.0,65.5,0.0,-6.143085366386358e+25,0.0,645,0,685,0,0,0,712,0,784,0,706,0,688,0,646,0,640,0,619,0.032,36700160.0,-2.004,-0.0,44432,16789,5906753.5,-7400.245,-2.0956226169878637e+31,-2.7674565129937063e+36,-125.129,-0.0,29.0,60.0,70,0.0,0.0,0.0,0.0,0.0,0.0,0.0,0.0,0.0,0.0,0.0,0.0,0.0,0.0,0.0,0.0,59.2,68,12,65509,41,65476,0,300,0,0,8,20529,65476,0,0,61604,60.0,0.0,0.0,0.0,0.0,0.0
2026-04-04T11:55:36,ERR,ERR,ERR,ERR,ERR,ERR,ERR,ERR,ERR,ERR,ERR,ERR,ERR,ERR,ERR,ERR,ERR,ERR,ERR,ERR,ERR,ERR,ERR,ERR,ERR,ERR,ERR,ERR,ERR,ERR,ERR,ERR,ERR,ERR,ERR,ERR,ERR,ERR,ERR,ERR,ERR,ERR,ERR,ERR,ERR,ERR,ERR,ERR,ERR,ERR,ERR,ERR,ERR,ERR,ERR,ERR,ERR,ERR,ERR,ERR,ERR,ERR,ERR,ERR,ERR,ERR,ERR,ERR,ERR,ERR,ERR,ERR,ERR,ERR,ERR,ERR,ERR,ERR,ERR,ERR,ERR,ERR,ERR,ERR,ERR,ERR,ERR,ERR,ERR,ERR,ERR,ERR,ERR,ERR,ERR,ERR,ERR,ERR,ERR,ERR,ERR,ERR,ERR,ERR,ERR,ERR,ERR,ERR,ERR,ERR,ERR,ERR,ERR,ERR,ERR,ERR,ERR,ERR,ERR,ERR,ERR,ERR,ERR,ERR,ERR,-107615240.0,0.0,-117832800.0,0.0,0.0,0.0,0.0,nan,0,0,0,32768,0,0.0,0,0.0,0.0,0.0,0.0,0.0,0,0,0,0,0.0,0,0,0,0,0,0,0,0,0,0,0,0,0,0,0,0,0,0,0,0,0,0,0,0,0,0,0,0,0,0,0,0,0,0,0,0,0,0,0,0,0,0,0,0,0.0,0.0,0.0,0.0,0.0,0.0,0.0,0.0,0.0,0.0,0.0,0.0,0.0,0.0,0.0,0.0,0.0,0.0,0.0,0.0,0.0,0.0,2.004,-0.0,0.0,-2.004,0.0,0.0,0.0,0.0,3354.5,0.0,0.0,-107615240.0,0.0,-107615232.0,-0.0,0.0,0.0,0.0,0.0,0,-5.8480786593265204e+35,-71.629,0.0,0.0,0.0,0.0,0.0,0.0,0.0,0,0,0,0.0,0.0,0.0,0.0,0.0,0.0,0.0,0.0,0.0,0.0,0.0,0.0,0.0,0.0,0.0,0.0,0,-107875648.0,0,0.0,0,-107875648.0,0.0,0,39322,17038,52429,17052,13107,17037,0,0,0,110,100,100,0.0,64.1,0.0,64.8,-0.0,68.5,1,49,50,180,0,0,0,0,0.0,0.0,0.0,0.0,825749602304.0,65.5,0.0,0.0,0.0,645,0,685,0,0,0,713,0,784,0,706,0,688,0,646,0,640,0,619,0.032,36962304.0,-2.004,-0.0,44688,16789,1.3894488582908805e+18,0.0,2.930891910492979e+16,-0.0,0.0,-1.0567296335707627e+34,29.0,60.0,70,0.0,0.0,0.0,0.0,0.0,0.0,0.0,0.0,0.0,0.0,0.0,0.0,0.0,0.0,0.0,0.0,59.2,68,12,65509,41,65476,0,300,0,0,8,20529,65476,0,0,61604,60.0,0.0,0.0,0.0,0.0,0.0
2026-04-04T11:55:37,ERR,ERR,ERR,ERR,ERR,ERR,ERR,ERR,ERR,ERR,ERR,ERR,ERR,ERR,ERR,ERR,ERR,ERR,ERR,ERR,ERR,ERR,ERR,ERR,ERR,ERR,ERR,ERR,ERR,ERR,ERR,ERR,ERR,ERR,ERR,ERR,ERR,ERR,ERR,ERR,ERR,ERR,ERR,ERR,ERR,ERR,ERR,ERR,ERR,ERR,ERR,ERR,ERR,ERR,ERR,ERR,ERR,ERR,ERR,ERR,ERR,ERR,ERR,ERR,ERR,ERR,ERR,ERR,ERR,ERR,ERR,ERR,ERR,ERR,ERR,ERR,ERR,ERR,ERR,ERR,ERR,ERR,ERR,ERR,ERR,ERR,ERR,ERR,ERR,ERR,ERR,ERR,ERR,ERR,ERR,ERR,ERR,ERR,ERR,ERR,ERR,ERR,ERR,ERR,ERR,ERR,ERR,ERR,ERR,ERR,ERR,ERR,ERR,ERR,ERR,ERR,ERR,ERR,ERR,ERR,ERR,ERR,ERR,ERR,ERR,-107615240.0,0.0,-117832800.0,0.0,0.0,0.0,0.0,nan,0,0,0,32768,0,0.0,0,0.0,0.0,0.0,0.0,0.0,0,0,0,0,0.0,0,0,0,0,0,0,0,0,0,0,0,0,0,0,0,0,0,0,0,0,0,0,0,0,0,0,0,0,0,0,0,0,0,0,0,0,0,0,0,0,0,0,0,0,0.0,0.0,0.0,0.0,0.0,0.0,0.0,0.0,0.0,0.0,0.0,0.0,0.0,0.0,0.0,0.0,0.0,0.0,0.0,0.0,0.0,0.0,2.004,-0.0,0.0,-2.004,0.0,0.0,0.0,0.0,3354.5,0.0,0.0,-107615240.0,0.0,-107615232.0,-0.0,0.0,0.0,0.0,0.0,0,-5.8480786593265204e+35,-71.629,0.0,0.0,0.0,0.0,0.0,0.0,0.0,0,0,0,0.0,0.0,0.0,0.0,0.0,0.0,0.0,0.0,0.0,0.0,0.0,0.0,0.0,0.0,0.0,0.0,0,-107875648.0,0,0.0,0,-107875648.0,0.0,0,39322,17038,52429,17052,13107,17037,0,0,0,110,100,100,0.0,64.1,0.0,64.8,-0.0,68.5,1,49,50,180,0,0,0,0,0.0,0.0,0.0,0.0,825749602304.0,65.5,0.0,0.0,0.0,645,0,685,0,0,0,713,0,784,0,706,0,688,0,646,0,640,0,619,0.032,36962304.0,-2.004,-0.0,44688,16789,1.3894488582908805e+18,0.0,2.930891910492979e+16,-0.0,0.0,-1.0567296335707627e+34,29.0,60.0,70,0.0,0.0,0.0,0.0,0.0,0.0,0.0,0.0,0.0,0.0,0.0,0.0,0.0,0.0,0.0,0.0,59.2,68,12,65509,41,65476,0,300,0,0,8,20529,65476,0,0,61604,60.0,0.0,0.0,0.0,0.0,0.0
2026-04-04T11:55:38,ERR,ERR,ERR,ERR,ERR,ERR,ERR,ERR,ERR,ERR,ERR,ERR,ERR,ERR,ERR,ERR,ERR,ERR,ERR,ERR,ERR,ERR,ERR,ERR,ERR,ERR,ERR,ERR,ERR,ERR,ERR,ERR,ERR,ERR,ERR,ERR,ERR,ERR,ERR,ERR,ERR,ERR,ERR,ERR,ERR,ERR,ERR,ERR,ERR,ERR,ERR,ERR,ERR,ERR,ERR,ERR,ERR,ERR,ERR,ERR,ERR,ERR,ERR,ERR,ERR,ERR,ERR,ERR,ERR,ERR,ERR,ERR,ERR,ERR,ERR,ERR,ERR,ERR,ERR,ERR,ERR,ERR,ERR,ERR,ERR,ERR,ERR,ERR,ERR,ERR,ERR,ERR,ERR,ERR,ERR,ERR,ERR,ERR,ERR,ERR,ERR,ERR,ERR,ERR,ERR,ERR,ERR,ERR,ERR,ERR,ERR,ERR,ERR,ERR,ERR,ERR,ERR,ERR,ERR,ERR,ERR,ERR,ERR,ERR,ERR,-107615240.0,0.0,-117832800.0,0.0,0.0,0.0,0.0,nan,0,0,0,32768,0,0.0,0,0.0,0.0,0.0,0.0,0.0,0,0,0,0,0.0,0,0,0,0,0,0,0,0,0,0,0,0,0,0,0,0,0,0,0,0,0,0,0,0,0,0,0,0,0,0,0,0,0,0,0,0,0,0,0,0,0,0,0,0,0.0,0.0,0.0,0.0,0.0,0.0,0.0,0.0,0.0,0.0,0.0,0.0,0.0,0.0,0.0,0.0,0.0,0.0,0.0,0.0,0.0,0.0,2.004,-0.0,0.0,-2.004,0.0,0.0,0.0,0.0,3354.5,0.0,0.0,-107615240.0,0.0,-107615232.0,-0.0,0.0,0.0,0.0,0.0,0,-5.8480786593265204e+35,-71.629,0.0,0.0,0.0,0.0,0.0,0.0,0.0,0,0,0,0.0,0.0,0.0,0.0,0.0,0.0,0.0,0.0,0.0,0.0,0.0,0.0,0.0,0.0,0.0,0.0,0,-107875648.0,0,0.0,0,-107875648.0,0.0,0,39322,17038,52429,17052,13107,17037,0,0,0,110,100,100,0.0,64.1,0.0,64.8,-0.0,68.5,1,49,50,180,0,0,0,0,0.0,0.0,0.0,0.0,825749602304.0,65.5,0.0,0.0,0.0,645,0,685,0,0,0,713,0,784,0,706,0,688,0,646,0,640,0,619,0.032,36962304.0,-2.004,-0.0,44688,16789,1.3894488582908805e+18,0.0,2.930891910492979e+16,-0.0,0.0,-1.0567296335707627e+34,29.0,60.0,70,0.0,0.0,0.0,0.0,0.0,0.0,0.0,0.0,0.0,0.0,0.0,0.0,0.0,0.0,0.0,0.0,59.2,68,12,65509,41,65476,0,300,0,0,8,20529,65476,0,0,61604,60.0,0.0,0.0,0.0,0.0,0.0
2026-04-04T11:55:39,ERR,ERR,ERR,ERR,ERR,ERR,ERR,ERR,ERR,ERR,ERR,ERR,ERR,ERR,ERR,ERR,ERR,ERR,ERR,ERR,ERR,ERR,ERR,ERR,ERR,ERR,ERR,ERR,ERR,ERR,ERR,ERR,ERR,ERR,ERR,ERR,ERR,ERR,ERR,ERR,ERR,ERR,ERR,ERR,ERR,ERR,ERR,ERR,ERR,ERR,ERR,ERR,ERR,ERR,ERR,ERR,ERR,ERR,ERR,ERR,ERR,ERR,ERR,ERR,ERR,ERR,ERR,ERR,ERR,ERR,ERR,ERR,ERR,ERR,ERR,ERR,ERR,ERR,ERR,ERR,ERR,ERR,ERR,ERR,ERR,ERR,ERR,ERR,ERR,ERR,ERR,ERR,ERR,ERR,ERR,ERR,ERR,ERR,ERR,ERR,ERR,ERR,ERR,ERR,ERR,ERR,ERR,ERR,ERR,ERR,ERR,ERR,ERR,ERR,ERR,ERR,ERR,ERR,ERR,ERR,ERR,ERR,ERR,ERR,ERR,-107615240.0,0.0,-117832800.0,0.0,0.0,0.0,0.0,nan,0,0,0,32768,0,0.0,0,0.0,0.0,0.0,0.0,0.0,0,0,0,0,0.0,0,0,0,0,0,0,0,0,0,0,0,0,0,0,0,0,0,0,0,0,0,0,0,0,0,0,0,0,0,0,0,0,0,0,0,0,0,0,0,0,0,0,0,0,0.0,0.0,0.0,0.0,0.0,0.0,0.0,0.0,0.0,0.0,0.0,0.0,0.0,0.0,0.0,0.0,0.0,0.0,0.0,0.0,0.0,0.0,2.004,-0.0,0.0,-2.004,0.0,0.0,0.0,0.0,3354.5,0.0,0.0,-107615240.0,0.0,-107615232.0,-0.0,0.0,0.0,0.0,0.0,0,-5.8480786593265204e+35,-71.629,0.0,0.0,0.0,0.0,0.0,0.0,0.0,0,0,0,0.0,0.0,0.0,0.0,0.0,0.0,0.0,0.0,0.0,0.0,0.0,0.0,0.0,0.0,0.0,0.0,0,-107875648.0,0,0.0,0,-107875648.0,0.0,0,39322,17038,52429,17052,13107,17037,0,0,0,110,100,100,0.0,64.1,0.0,64.8,-0.0,68.5,1,49,50,180,0,0,0,0,0.0,0.0,0.0,0.0,825749602304.0,65.5,0.0,0.0,0.0,645,0,685,0,0,0,713,0,784,0,706,0,688,0,646,0,640,0,619,0.032,36962304.0,-2.004,-0.0,44688,16789,1.3894488582908805e+18,0.0,2.930891910492979e+16,-0.0,0.0,-1.0567296335707627e+34,29.0,60.0,70,0.0,0.0,0.0,0.0,0.0,0.0,0.0,0.0,0.0,0.0,0.0,0.0,0.0,0.0,0.0,0.0,59.2,68,12,65509,41,65476,0,300,0,0,8,20529,65476,0,0,61604,60.0,0.0,0.0,0.0,0.0,0.0
2026-04-04T11:55:40,ERR,ERR,ERR,ERR,ERR,ERR,ERR,ERR,ERR,ERR,ERR,ERR,ERR,ERR,ERR,ERR,ERR,ERR,ERR,ERR,ERR,ERR,ERR,ERR,ERR,ERR,ERR,ERR,ERR,ERR,ERR,ERR,ERR,ERR,ERR,ERR,ERR,ERR,ERR,ERR,ERR,ERR,ERR,ERR,ERR,ERR,ERR,ERR,ERR,ERR,ERR,ERR,ERR,ERR,ERR,ERR,ERR,ERR,ERR,ERR,ERR,ERR,ERR,ERR,ERR,ERR,ERR,ERR,ERR,ERR,ERR,ERR,ERR,ERR,ERR,ERR,ERR,ERR,ERR,ERR,ERR,ERR,ERR,ERR,ERR,ERR,ERR,ERR,ERR,ERR,ERR,ERR,ERR,ERR,ERR,ERR,ERR,ERR,ERR,ERR,ERR,ERR,ERR,ERR,ERR,ERR,ERR,ERR,ERR,ERR,ERR,ERR,ERR,ERR,ERR,ERR,ERR,ERR,ERR,ERR,ERR,ERR,ERR,ERR,ERR,-107615240.0,0.0,-117832800.0,0.0,0.0,0.0,0.0,nan,0,0,0,32768,0,0.0,0,0.0,0.0,0.0,0.0,0.0,0,0,0,0,0.0,0,0,0,0,0,0,0,0,0,0,0,0,0,0,0,0,0,0,0,0,0,0,0,0,0,0,0,0,0,0,0,0,0,0,0,0,0,0,0,0,0,0,0,0,0.0,0.0,0.0,0.0,0.0,0.0,0.0,0.0,0.0,0.0,0.0,0.0,0.0,0.0,0.0,0.0,0.0,0.0,0.0,0.0,0.0,0.0,2.004,-0.0,0.0,-2.004,0.0,0.0,0.0,0.0,3354.5,0.0,0.0,-107615240.0,0.0,-107615232.0,-0.0,0.0,0.0,0.0,0.0,0,-5.8480786593265204e+35,-71.629,0.0,0.0,0.0,0.0,0.0,0.0,0.0,0,0,0,0.0,0.0,0.0,0.0,0.0,0.0,0.0,0.0,0.0,0.0,0.0,0.0,0.0,0.0,0.0,0.0,0,-107875648.0,0,0.0,0,-107875648.0,0.0,0,39322,17038,52429,17052,13107,17037,0,0,0,110,100,100,0.0,64.1,0.0,64.8,-0.0,68.5,1,49,50,180,0,0,0,0,0.0,0.0,0.0,0.0,825749602304.0,65.5,0.0,0.0,0.0,645,0,685,0,0,0,713,0,784,0,706,0,688,0,646,0,640,0,619,0.032,36962304.0,-2.004,-0.0,44688,16789,1.3894488582908805e+18,0.0,2.930891910492979e+16,-0.0,0.0,-1.0567296335707627e+34,29.0,60.0,70,0.0,0.0,0.0,0.0,0.0,0.0,0.0,0.0,0.0,0.0,0.0,0.0,0.0,0.0,0.0,0.0,59.2,68,12,65509,41,65476,0,300,0,0,8,20529,65476,0,0,61604,60.0,0.0,0.0,0.0,0.0,0.0
2026-04-04T11:55:41,ERR,ERR,ERR,ERR,ERR,ERR,ERR,ERR,ERR,ERR,ERR,ERR,ERR,ERR,ERR,ERR,ERR,ERR,ERR,ERR,ERR,ERR,ERR,ERR,ERR,ERR,ERR,ERR,ERR,ERR,ERR,ERR,ERR,ERR,ERR,ERR,ERR,ERR,ERR,ERR,ERR,ERR,ERR,ERR,ERR,ERR,ERR,ERR,ERR,ERR,ERR,ERR,ERR,ERR,ERR,ERR,ERR,ERR,ERR,ERR,ERR,ERR,ERR,ERR,ERR,ERR,ERR,ERR,ERR,ERR,ERR,ERR,ERR,ERR,ERR,ERR,ERR,ERR,ERR,ERR,ERR,ERR,ERR,ERR,ERR,ERR,ERR,ERR,ERR,ERR,ERR,ERR,ERR,ERR,ERR,ERR,ERR,ERR,ERR,ERR,ERR,ERR,ERR,ERR,ERR,ERR,ERR,ERR,ERR,ERR,ERR,ERR,ERR,ERR,ERR,ERR,ERR,ERR,ERR,ERR,ERR,ERR,ERR,ERR,ERR,-107615240.0,0.0,-117832800.0,0.0,0.0,0.0,0.0,nan,0,0,0,32768,0,0.0,0,0.0,0.0,0.0,0.0,0.0,0,0,0,0,0.0,0,0,0,0,0,0,0,0,0,0,0,0,0,0,0,0,0,0,0,0,0,0,0,0,0,0,0,0,0,0,0,0,0,0,0,0,0,0,0,0,0,0,0,0,0.0,0.0,0.0,0.0,0.0,0.0,0.0,0.0,0.0,0.0,0.0,0.0,0.0,0.0,0.0,0.0,0.0,0.0,0.0,0.0,0.0,0.0,2.004,-0.0,0.0,-2.004,0.0,0.0,0.0,0.0,3356.5,1.5879151860148276e+29,0.0,-107615240.0,0.0,-107615232.0,-0.0,0.0,0.0,0.0,0.0,0,0.0,0.0,0.0,0.0,0.0,0.0,0.0,0.0,0.0,0,0,0,0.0,0.0,0.0,0.0,0.0,0.0,0.0,0.0,0.0,0.0,0.0,0.0,0.0,0.0,0.0,0.0,0,-107875648.0,0,0.0,0,-107875648.0,0.0,0,39322,17038,52429,17052,13107,17037,0,0,0,110,100,100,0.0,64.1,0.0,64.8,-0.0,68.5,1,49,50,180,0,0,0,0,0.0,0.0,0.0,0.0,825749602304.0,65.5,0.0,0.0,0.0,645,0,685,0,0,0,713,0,784,0,706,0,688,0,646,0,640,0,619,0.032,36962304.0,-2.004,-0.0,44688,16789,1.3894488582908805e+18,0.0,2.930891910492979e+16,-0.0,0.0,-1.0567296335707627e+34,29.0,60.0,70,0.0,0.0,0.0,0.0,0.0,0.0,0.0,0.0,0.0,0.0,0.0,0.0,0.0,0.0,0.0,0.0,59.2,68,12,65509,41,65476,0,300,0,0,8,20529,65476,0,0,61604,60.0,0.0,0.0,0.0,0.0,0.0
2026-04-04T11:55:42,ERR,ERR,ERR,ERR,ERR,ERR,ERR,ERR,ERR,ERR,ERR,ERR,ERR,ERR,ERR,ERR,ERR,ERR,ERR,ERR,ERR,ERR,ERR,ERR,ERR,ERR,ERR,ERR,ERR,ERR,ERR,ERR,ERR,ERR,ERR,ERR,ERR,ERR,ERR,ERR,ERR,ERR,ERR,ERR,ERR,ERR,ERR,ERR,ERR,ERR,ERR,ERR,ERR,ERR,ERR,ERR,ERR,ERR,ERR,ERR,ERR,ERR,ERR,ERR,ERR,ERR,ERR,ERR,ERR,ERR,ERR,ERR,ERR,ERR,ERR,ERR,ERR,ERR,ERR,ERR,ERR,ERR,ERR,ERR,ERR,ERR,ERR,ERR,ERR,ERR,ERR,ERR,ERR,ERR,ERR,ERR,ERR,ERR,ERR,ERR,ERR,ERR,ERR,ERR,ERR,ERR,ERR,ERR,ERR,ERR,ERR,ERR,ERR,ERR,ERR,ERR,ERR,ERR,ERR,ERR,ERR,ERR,ERR,ERR,ERR,-107615240.0,0.0,-117832800.0,0.0,0.0,0.0,0.0,nan,0,0,0,32768,0,0.0,0,0.0,0.0,0.0,0.0,0.0,0,0,0,0,0.0,0,0,0,0,0,0,0,0,0,0,0,0,0,0,0,0,0,0,0,0,0,0,0,0,0,0,0,0,0,0,0,0,0,0,0,0,0,0,0,0,0,0,0,0,0.0,0.0,0.0,0.0,0.0,0.0,0.0,0.0,0.0,0.0,0.0,0.0,0.0,0.0,0.0,0.0,0.0,0.0,0.0,0.0,0.0,0.0,2.004,-0.0,0.0,-2.004,0.0,0.0,0.0,0.0,3356.5,1.5879151860148276e+29,0.0,-107615240.0,0.0,-107615232.0,-0.0,0.0,0.0,0.0,0.0,0,0.0,0.0,0.0,0.0,0.0,0.0,0.0,0.0,0.0,0,0,0,0.0,0.0,0.0,0.0,0.0,0.0,0.0,0.0,0.0,0.0,0.0,0.0,0.0,0.0,0.0,0.0,0,-107875648.0,0,0.0,0,-107875648.0,0.0,0,26215,17038,52429,17052,13107,17037,0,0,0,110,100,100,0.0,64.1,0.0,64.8,-0.0,68.5,1,49,50,180,0,0,0,0,0.0,0.0,0.0,0.0,825749602304.0,65.5,0.0,14.016,0.0,645,0,685,0,0,0,712,0,784,0,706,0,688,0,646,0,640,0,619,0.032,36700160.0,-2.004,-0.0,37648,16789,54338.512,0.0,0.0,2.1790673916322436e+26,-1.608649577955737e+23,-165939232.0,29.0,60.0,70,0.0,0.0,0.0,0.0,0.0,0.0,0.0,0.0,0.0,0.0,0.0,0.0,0.0,0.0,0.0,0.0,59.6,68,12,65509,41,65476,0,300,0,0,8,20529,65476,0,0,61604,60.0,0.0,0.0,0.0,0.0,0.0
2026-04-04T11:55:43,ERR,ERR,ERR,ERR,ERR,ERR,ERR,ERR,ERR,ERR,ERR,ERR,ERR,ERR,ERR,ERR,ERR,ERR,ERR,ERR,ERR,ERR,ERR,ERR,ERR,ERR,ERR,ERR,ERR,ERR,ERR,ERR,ERR,ERR,ERR,ERR,ERR,ERR,ERR,ERR,ERR,ERR,ERR,ERR,ERR,ERR,ERR,ERR,ERR,ERR,ERR,ERR,ERR,ERR,ERR,ERR,ERR,ERR,ERR,ERR,ERR,ERR,ERR,ERR,ERR,ERR,ERR,ERR,ERR,ERR,ERR,ERR,ERR,ERR,ERR,ERR,ERR,ERR,ERR,ERR,ERR,ERR,ERR,ERR,ERR,ERR,ERR,ERR,ERR,ERR,ERR,ERR,ERR,ERR,ERR,ERR,ERR,ERR,ERR,ERR,ERR,ERR,ERR,ERR,ERR,ERR,ERR,ERR,ERR,ERR,ERR,ERR,ERR,ERR,ERR,ERR,ERR,ERR,ERR,ERR,ERR,ERR,ERR,ERR,ERR,-107615240.0,0.0,-117832800.0,0.0,0.0,0.0,0.0,nan,0,0,0,32768,0,0.0,0,0.0,0.0,0.0,0.0,0.0,0,0,0,0,0.0,0,0,0,0,0,0,0,0,0,0,0,0,0,0,0,0,0,0,0,0,0,0,0,0,0,0,0,0,0,0,0,0,0,0,0,0,0,0,0,0,0,0,0,0,0.0,0.0,0.0,0.0,0.0,0.0,0.0,0.0,0.0,0.0,0.0,0.0,0.0,0.0,0.0,0.0,0.0,0.0,0.0,0.0,0.0,0.0,2.004,-0.0,0.0,-2.004,0.0,0.0,0.0,0.0,3356.5,1.5879151860148276e+29,0.0,-107615240.0,0.0,-107615232.0,-0.0,0.0,0.0,0.0,0.0,0,0.0,0.0,0.0,0.0,0.0,0.0,0.0,0.0,0.0,0,0,0,0.0,0.0,0.0,0.0,0.0,0.0,0.0,0.0,0.0,0.0,0.0,0.0,0.0,0.0,0.0,0.0,0,-107875648.0,0,0.0,0,-107875648.0,0.0,0,26215,17038,52429,17052,13107,17037,0,0,0,110,100,100,0.0,64.1,0.0,64.8,-0.0,68.5,1,49,50,180,0,0,0,0,0.0,0.0,0.0,0.0,825749602304.0,65.5,0.0,14.016,0.0,645,0,685,0,0,0,712,0,784,0,706,0,688,0,646,0,640,0,619,0.032,36700160.0,-2.004,-0.0,37648,16789,54338.512,0.0,0.0,2.1790673916322436e+26,-1.608649577955737e+23,-165939232.0,29.0,60.0,70,0.0,0.0,0.0,0.0,0.0,0.0,0.0,0.0,0.0,0.0,0.0,0.0,0.0,0.0,0.0,0.0,59.6,68,12,65509,41,65476,0,300,0,0,8,20529,65476,0,0,61604,60.0,0.0,0.0,0.0,0.0,0.0
2026-04-04T11:55:44,ERR,ERR,ERR,ERR,ERR,ERR,ERR,ERR,ERR,ERR,ERR,ERR,ERR,ERR,ERR,ERR,ERR,ERR,ERR,ERR,ERR,ERR,ERR,ERR,ERR,ERR,ERR,ERR,ERR,ERR,ERR,ERR,ERR,ERR,ERR,ERR,ERR,ERR,ERR,ERR,ERR,ERR,ERR,ERR,ERR,ERR,ERR,ERR,ERR,ERR,ERR,ERR,ERR,ERR,ERR,ERR,ERR,ERR,ERR,ERR,ERR,ERR,ERR,ERR,ERR,ERR,ERR,ERR,ERR,ERR,ERR,ERR,ERR,ERR,ERR,ERR,ERR,ERR,ERR,ERR,ERR,ERR,ERR,ERR,ERR,ERR,ERR,ERR,ERR,ERR,ERR,ERR,ERR,ERR,ERR,ERR,ERR,ERR,ERR,ERR,ERR,ERR,ERR,ERR,ERR,ERR,ERR,ERR,ERR,ERR,ERR,ERR,ERR,ERR,ERR,ERR,ERR,ERR,ERR,ERR,ERR,ERR,ERR,ERR,ERR,-107615240.0,0.0,-117832800.0,0.0,0.0,0.0,0.0,nan,0,0,0,32768,0,0.0,0,0.0,0.0,0.0,0.0,0.0,0,0,0,0,0.0,0,0,0,0,0,0,0,0,0,0,0,0,0,0,0,0,0,0,0,0,0,0,0,0,0,0,0,0,0,0,0,0,0,0,0,0,0,0,0,0,0,0,0,0,0.0,0.0,0.0,0.0,0.0,0.0,0.0,0.0,0.0,0.0,0.0,0.0,0.0,0.0,0.0,0.0,0.0,0.0,0.0,0.0,0.0,0.0,2.004,-0.0,0.0,-2.004,0.0,0.0,0.0,0.0,3356.5,1.5879151860148276e+29,0.0,-107615240.0,0.0,-107615232.0,-0.0,0.0,0.0,0.0,0.0,0,0.0,0.0,0.0,0.0,0.0,0.0,0.0,0.0,0.0,0,0,0,0.0,0.0,0.0,0.0,0.0,0.0,0.0,0.0,0.0,0.0,0.0,0.0,0.0,0.0,0.0,0.0,0,-107875648.0,0,0.0,0,-107875648.0,0.0,0,26215,17038,52429,17052,13107,17037,0,0,0,110,100,100,0.0,64.1,0.0,64.8,-0.0,68.5,1,49,50,180,0,0,0,0,0.0,0.0,0.0,0.0,825749602304.0,65.5,0.0,14.016,0.0,645,0,685,0,0,0,712,0,784,0,706,0,688,0,646,0,640,0,619,0.032,36700160.0,-2.004,-0.0,37648,16789,54338.512,0.0,0.0,2.1790673916322436e+26,-1.608649577955737e+23,-165939232.0,29.0,60.0,70,0.0,0.0,0.0,0.0,0.0,0.0,0.0,0.0,0.0,0.0,0.0,0.0,0.0,0.0,0.0,0.0,59.2,68,12,65509,41,65476,0,300,0,0,8,20529,65476,0,0,61604,60.0,0.0,0.0,0.0,0.0,0.0
2026-04-04T11:55:45,ERR,ERR,ERR,ERR,ERR,ERR,ERR,ERR,ERR,ERR,ERR,ERR,ERR,ERR,ERR,ERR,ERR,ERR,ERR,ERR,ERR,ERR,ERR,ERR,ERR,ERR,ERR,ERR,ERR,ERR,ERR,ERR,ERR,ERR,ERR,ERR,ERR,ERR,ERR,ERR,ERR,ERR,ERR,ERR,ERR,ERR,ERR,ERR,ERR,ERR,ERR,ERR,ERR,ERR,ERR,ERR,ERR,ERR,ERR,ERR,ERR,ERR,ERR,ERR,ERR,ERR,ERR,ERR,ERR,ERR,ERR,ERR,ERR,ERR,ERR,ERR,ERR,ERR,ERR,ERR,ERR,ERR,ERR,ERR,ERR,ERR,ERR,ERR,ERR,ERR,ERR,ERR,ERR,ERR,ERR,ERR,ERR,ERR,ERR,ERR,ERR,ERR,ERR,ERR,ERR,ERR,ERR,ERR,ERR,ERR,ERR,ERR,ERR,ERR,ERR,ERR,ERR,ERR,ERR,ERR,ERR,ERR,ERR,ERR,ERR,-107615240.0,0.0,-117832800.0,0.0,0.0,0.0,0.0,nan,0,0,0,32768,0,0.0,0,0.0,0.0,0.0,0.0,0.0,0,0,0,0,0.0,0,0,0,0,0,0,0,0,0,0,0,0,0,0,0,0,0,0,0,0,0,0,0,0,0,0,0,0,0,0,0,0,0,0,0,0,0,0,0,0,0,0,0,0,0.0,0.0,0.0,0.0,0.0,0.0,0.0,0.0,0.0,0.0,0.0,0.0,0.0,0.0,0.0,0.0,0.0,0.0,0.0,0.0,0.0,0.0,2.004,-0.0,0.0,-2.004,0.0,0.0,0.0,0.0,3356.5,1.5879151860148276e+29,0.0,-107615240.0,0.0,-107615232.0,-0.0,0.0,0.0,0.0,0.0,0,0.0,0.0,0.0,0.0,0.0,0.0,0.0,0.0,0.0,0,0,0,0.0,0.0,0.0,0.0,0.0,0.0,0.0,0.0,0.0,0.0,0.0,0.0,0.0,0.0,0.0,0.0,0,-107875648.0,0,0.0,0,-107875648.0,0.0,0,26215,17038,52429,17052,13107,17037,0,0,0,110,100,100,0.0,64.1,0.0,64.8,-0.0,68.5,1,49,50,180,0,0,0,0,0.0,0.0,0.0,0.0,825749602304.0,65.5,0.0,14.016,0.0,645,0,685,0,0,0,712,0,784,0,706,0,688,0,646,0,640,0,619,0.032,36700160.0,-2.004,-0.0,37648,16789,54338.512,0.0,0.0,2.1790673916322436e+26,-1.608649577955737e+23,-165939232.0,29.0,60.0,70,0.0,0.0,0.0,0.0,0.0,0.0,0.0,0.0,0.0,0.0,0.0,0.0,0.0,0.0,0.0,0.0,59.2,68,12,65509,41,65476,0,300,0,0,8,20529,65476,0,0,61604,60.0,0.0,0.0,0.0,0.0,0.0
2026-04-04T11:55:46,ERR,ERR,ERR,ERR,ERR,ERR,ERR,ERR,ERR,ERR,ERR,ERR,ERR,ERR,ERR,ERR,ERR,ERR,ERR,ERR,ERR,ERR,ERR,ERR,ERR,ERR,ERR,ERR,ERR,ERR,ERR,ERR,ERR,ERR,ERR,ERR,ERR,ERR,ERR,ERR,ERR,ERR,ERR,ERR,ERR,ERR,ERR,ERR,ERR,ERR,ERR,ERR,ERR,ERR,ERR,ERR,ERR,ERR,ERR,ERR,ERR,ERR,ERR,ERR,ERR,ERR,ERR,ERR,ERR,ERR,ERR,ERR,ERR,ERR,ERR,ERR,ERR,ERR,ERR,ERR,ERR,ERR,ERR,ERR,ERR,ERR,ERR,ERR,ERR,ERR,ERR,ERR,ERR,ERR,ERR,ERR,ERR,ERR,ERR,ERR,ERR,ERR,ERR,ERR,ERR,ERR,ERR,ERR,ERR,ERR,ERR,ERR,ERR,ERR,ERR,ERR,ERR,ERR,ERR,ERR,ERR,ERR,ERR,ERR,ERR,-107615240.0,0.0,-117832800.0,0.0,0.0,0.0,0.0,nan,0,0,0,32768,0,0.0,0,0.0,0.0,0.0,0.0,0.0,0,0,0,0,0.0,0,0,0,0,0,0,0,0,0,0,0,0,0,0,0,0,0,0,0,0,0,0,0,0,0,0,0,0,0,0,0,0,0,0,0,0,0,0,0,0,0,0,0,0,0.0,0.0,0.0,0.0,0.0,0.0,0.0,0.0,0.0,0.0,0.0,0.0,0.0,0.0,0.0,0.0,0.0,0.0,0.0,0.0,0.0,0.0,2.004,-0.0,0.0,-2.004,0.0,0.0,0.0,0.0,3356.5,1.5879151860148276e+29,0.0,-107615240.0,0.0,-107615232.0,-0.0,0.0,0.0,0.0,0.0,0,0.0,0.0,0.0,0.0,0.0,0.0,0.0,0.0,0.0,0,0,0,0.0,0.0,0.0,0.0,0.0,0.0,0.0,0.0,0.0,0.0,0.0,0.0,0.0,0.0,0.0,0.0,0,-107875648.0,0,0.0,0,-107875648.0,0.0,0,26215,17038,52429,17052,13107,17037,0,0,0,110,100,100,0.0,64.1,0.0,64.8,-0.0,68.5,1,49,50,180,0,0,0,0,0.0,0.0,0.0,0.0,825749602304.0,65.5,0.0,14.016,0.0,645,0,685,0,0,0,712,0,784,0,706,0,688,0,646,0,640,0,619,0.032,36700160.0,-2.004,-0.0,37648,16789,54338.512,0.0,0.0,2.1790673916322436e+26,-1.608649577955737e+23,-165939232.0,29.0,60.0,70,0.0,0.0,0.0,0.0,0.0,0.0,0.0,0.0,0.0,0.0,0.0,0.0,0.0,0.0,0.0,0.0,59.2,68,12,65509,41,65476,0,300,0,0,8,20529,65476,0,0,61604,60.0,0.0,0.0,0.0,0.0,0.0
2026-04-04T11:55:47,ERR,ERR,ERR,ERR,ERR,ERR,ERR,ERR,ERR,ERR,ERR,ERR,ERR,ERR,ERR,ERR,ERR,ERR,ERR,ERR,ERR,ERR,ERR,ERR,ERR,ERR,ERR,ERR,ERR,ERR,ERR,ERR,ERR,ERR,ERR,ERR,ERR,ERR,ERR,ERR,ERR,ERR,ERR,ERR,ERR,ERR,ERR,ERR,ERR,ERR,ERR,ERR,ERR,ERR,ERR,ERR,ERR,ERR,ERR,ERR,ERR,ERR,ERR,ERR,ERR,ERR,ERR,ERR,ERR,ERR,ERR,ERR,ERR,ERR,ERR,ERR,ERR,ERR,ERR,ERR,ERR,ERR,ERR,ERR,ERR,ERR,ERR,ERR,ERR,ERR,ERR,ERR,ERR,ERR,ERR,ERR,ERR,ERR,ERR,ERR,ERR,ERR,ERR,ERR,ERR,ERR,ERR,ERR,ERR,ERR,ERR,ERR,ERR,ERR,ERR,ERR,ERR,ERR,ERR,ERR,ERR,ERR,ERR,ERR,ERR,-107615240.0,0.0,-117832800.0,0.0,0.0,0.0,0.0,nan,0,0,0,32768,0,0.0,0,0.0,0.0,0.0,0.0,0.0,0,0,0,0,0.0,0,0,0,0,0,0,0,0,0,0,0,0,0,0,0,0,0,0,0,0,0,0,0,0,0,0,0,0,0,0,0,0,0,0,0,0,0,0,0,0,0,0,0,0,0.0,0.0,0.0,0.0,0.0,0.0,0.0,0.0,0.0,0.0,0.0,0.0,0.0,0.0,0.0,0.0,0.0,0.0,0.0,0.0,0.0,0.0,2.004,-0.0,0.0,-2.004,0.0,0.0,0.0,0.0,3356.5,1.5879151860148276e+29,0.0,-107615240.0,0.0,-107615232.0,-0.0,0.0,0.0,0.0,0.0,0,0.0,0.0,0.0,0.0,0.0,0.0,0.0,0.0,0.0,0,0,0,0.0,0.0,0.0,0.0,0.0,0.0,0.0,0.0,0.0,0.0,0.0,0.0,0.0,0.0,0.0,0.0,0,-107875648.0,0,0.0,0,-107875648.0,0.0,0,39322,17038,52429,17052,13107,17037,0,0,0,110,100,100,0.0,64.1,0.0,64.8,-0.0,68.5,1,49,50,180,0,0,0,0,0.0,0.0,0.0,0.0,1.3106869019082752e+16,65.5,0.0,3.0737864990254447e+26,0.0,645,0,685,0,0,0,713,0,784,0,706,0,689,0,646,0,640,0,619,0.032,36962304.0,-2.004,-0.0,43280,16789,1.3106869019082752e+16,3.0737864990254447e+26,-0.0,-0.0,0.0,0.0,29.0,60.0,70,0.0,0.0,0.0,0.0,0.0,0.0,0.0,0.0,0.0,0.0,0.0,0.0,0.0,0.0,0.0,0.0,59.2,68,12,65509,41,65476,0,300,0,0,8,20529,65476,0,0,61604,60.0,0.0,0.0,0.0,0.0,0.0
2026-04-04T11:55:48,ERR,ERR,ERR,ERR,ERR,ERR,ERR,ERR,ERR,ERR,ERR,ERR,ERR,ERR,ERR,ERR,ERR,ERR,ERR,ERR,ERR,ERR,ERR,ERR,ERR,ERR,ERR,ERR,ERR,ERR,ERR,ERR,ERR,ERR,ERR,ERR,ERR,ERR,ERR,ERR,ERR,ERR,ERR,ERR,ERR,ERR,ERR,ERR,ERR,ERR,ERR,ERR,ERR,ERR,ERR,ERR,ERR,ERR,ERR,ERR,ERR,ERR,ERR,ERR,ERR,ERR,ERR,ERR,ERR,ERR,ERR,ERR,ERR,ERR,ERR,ERR,ERR,ERR,ERR,ERR,ERR,ERR,ERR,ERR,ERR,ERR,ERR,ERR,ERR,ERR,ERR,ERR,ERR,ERR,ERR,ERR,ERR,ERR,ERR,ERR,ERR,ERR,ERR,ERR,ERR,ERR,ERR,ERR,ERR,ERR,ERR,ERR,ERR,ERR,ERR,ERR,ERR,ERR,ERR,ERR,ERR,ERR,ERR,ERR,ERR,-107615240.0,0.0,-117832800.0,0.0,0.0,0.0,0.0,nan,0,0,0,32768,0,0.0,0,0.0,0.0,0.0,0.0,0.0,0,0,0,0,0.0,0,0,0,0,0,0,0,0,0,0,0,0,0,0,0,0,0,0,0,0,0,0,0,0,0,0,0,0,0,0,0,0,0,0,0,0,0,0,0,0,0,0,0,0,0.0,0.0,0.0,0.0,0.0,0.0,0.0,0.0,0.0,0.0,0.0,0.0,0.0,0.0,0.0,0.0,0.0,0.0,0.0,0.0,0.0,0.0,2.004,-0.0,0.0,-2.004,0.0,0.0,0.0,0.0,3356.5,0.0,0.0,-107615240.0,0.0,-107615232.0,-0.0,0.0,0.0,0.0,0.0,0,0.0,-71.629,0.0,0.0,0.0,0.0,0.0,0.0,0.0,0,0,0,0.0,0.0,0.0,0.0,0.0,0.0,0.0,0.0,0.0,0.0,0.0,0.0,0.0,0.0,0.0,0.0,0,-107875648.0,0,0.0,0,-107875648.0,0.0,0,39322,17038,52429,17052,13107,17037,0,0,0,110,100,100,0.0,64.1,0.0,64.8,-0.0,68.5,1,49,50,180,0,0,0,0,0.0,0.0,0.0,0.0,1.3106869019082752e+16,65.5,0.0,3.0737864990254447e+26,0.0,645,0,685,0,0,0,713,0,784,0,706,0,689,0,646,0,640,0,619,0.032,36962304.0,-2.004,-0.0,43280,16789,1.3106869019082752e+16,3.0737864990254447e+26,-0.0,-0.0,0.0,0.0,29.0,60.0,70,0.0,0.0,0.0,0.0,0.0,0.0,0.0,0.0,0.0,0.0,0.0,0.0,0.0,0.0,0.0,0.0,59.2,68,12,65509,41,65476,0,300,0,0,8,20529,65476,0,0,61604,60.0,0.0,0.0,0.0,0.0,0.0
2026-04-04T11:55:49,ERR,ERR,ERR,ERR,ERR,ERR,ERR,ERR,ERR,ERR,ERR,ERR,ERR,ERR,ERR,ERR,ERR,ERR,ERR,ERR,ERR,ERR,ERR,ERR,ERR,ERR,ERR,ERR,ERR,ERR,ERR,ERR,ERR,ERR,ERR,ERR,ERR,ERR,ERR,ERR,ERR,ERR,ERR,ERR,ERR,ERR,ERR,ERR,ERR,ERR,ERR,ERR,ERR,ERR,ERR,ERR,ERR,ERR,ERR,ERR,ERR,ERR,ERR,ERR,ERR,ERR,ERR,ERR,ERR,ERR,ERR,ERR,ERR,ERR,ERR,ERR,ERR,ERR,ERR,ERR,ERR,ERR,ERR,ERR,ERR,ERR,ERR,ERR,ERR,ERR,ERR,ERR,ERR,ERR,ERR,ERR,ERR,ERR,ERR,ERR,ERR,ERR,ERR,ERR,ERR,ERR,ERR,ERR,ERR,ERR,ERR,ERR,ERR,ERR,ERR,ERR,ERR,ERR,ERR,ERR,ERR,ERR,ERR,ERR,ERR,-107615240.0,0.0,-117832800.0,0.0,0.0,0.0,0.0,nan,0,0,0,32768,0,0.0,0,0.0,0.0,0.0,0.0,0.0,0,0,0,0,0.0,0,0,0,0,0,0,0,0,0,0,0,0,0,0,0,0,0,0,0,0,0,0,0,0,0,0,0,0,0,0,0,0,0,0,0,0,0,0,0,0,0,0,0,0,0.0,0.0,0.0,0.0,0.0,0.0,0.0,0.0,0.0,0.0,0.0,0.0,0.0,0.0,0.0,0.0,0.0,0.0,0.0,0.0,0.0,0.0,2.004,-0.0,0.0,-2.004,0.0,0.0,0.0,0.0,3356.5,0.0,0.0,-107615240.0,0.0,-107615232.0,-0.0,0.0,0.0,0.0,0.0,0,0.0,-71.629,0.0,0.0,0.0,0.0,0.0,0.0,0.0,0,0,0,0.0,0.0,0.0,0.0,0.0,0.0,0.0,0.0,0.0,0.0,0.0,0.0,0.0,0.0,0.0,0.0,0,-107875648.0,0,0.0,0,-107875648.0,0.0,0,39322,17038,52429,17052,13107,17037,0,0,0,110,100,100,0.0,64.1,0.0,64.8,-0.0,68.5,1,49,50,180,0,0,0,0,0.0,0.0,0.0,0.0,1.3106869019082752e+16,65.5,0.0,3.0737864990254447e+26,0.0,645,0,685,0,0,0,713,0,784,0,706,0,689,0,646,0,640,0,619,0.032,36962304.0,-2.004,-0.0,43280,16789,1.3106869019082752e+16,3.0737864990254447e+26,-0.0,-0.0,0.0,0.0,29.0,60.0,70,0.0,0.0,0.0,0.0,0.0,0.0,0.0,0.0,0.0,0.0,0.0,0.0,0.0,0.0,0.0,0.0,59.2,68,12,65509,41,65476,0,300,0,0,8,20529,65476,0,0,61604,60.0,0.0,0.0,0.0,0.0,0.0
2026-04-04T11:55:50,ERR,ERR,ERR,ERR,ERR,ERR,ERR,ERR,ERR,ERR,ERR,ERR,ERR,ERR,ERR,ERR,ERR,ERR,ERR,ERR,ERR,ERR,ERR,ERR,ERR,ERR,ERR,ERR,ERR,ERR,ERR,ERR,ERR,ERR,ERR,ERR,ERR,ERR,ERR,ERR,ERR,ERR,ERR,ERR,ERR,ERR,ERR,ERR,ERR,ERR,ERR,ERR,ERR,ERR,ERR,ERR,ERR,ERR,ERR,ERR,ERR,ERR,ERR,ERR,ERR,ERR,ERR,ERR,ERR,ERR,ERR,ERR,ERR,ERR,ERR,ERR,ERR,ERR,ERR,ERR,ERR,ERR,ERR,ERR,ERR,ERR,ERR,ERR,ERR,ERR,ERR,ERR,ERR,ERR,ERR,ERR,ERR,ERR,ERR,ERR,ERR,ERR,ERR,ERR,ERR,ERR,ERR,ERR,ERR,ERR,ERR,ERR,ERR,ERR,ERR,ERR,ERR,ERR,ERR,ERR,ERR,ERR,ERR,ERR,ERR,-107615240.0,0.0,-117832800.0,0.0,0.0,0.0,0.0,nan,0,0,0,32768,0,0.0,0,0.0,0.0,0.0,0.0,0.0,0,0,0,0,0.0,0,0,0,0,0,0,0,0,0,0,0,0,0,0,0,0,0,0,0,0,0,0,0,0,0,0,0,0,0,0,0,0,0,0,0,0,0,0,0,0,0,0,0,0,0.0,0.0,0.0,0.0,0.0,0.0,0.0,0.0,0.0,0.0,0.0,0.0,0.0,0.0,0.0,0.0,0.0,0.0,0.0,0.0,0.0,0.0,2.004,-0.0,0.0,-2.004,0.0,0.0,0.0,0.0,3356.5,0.0,0.0,-107615240.0,0.0,-107615232.0,-0.0,0.0,0.0,0.0,0.0,0,0.0,-71.629,0.0,0.0,0.0,0.0,0.0,0.0,0.0,0,0,0,0.0,0.0,0.0,0.0,0.0,0.0,0.0,0.0,0.0,0.0,0.0,0.0,0.0,0.0,0.0,0.0,0,-107875648.0,0,0.0,0,-107875648.0,0.0,0,39322,17038,52429,17052,13107,17037,0,0,0,110,100,100,0.0,64.1,0.0,64.8,-0.0,68.5,1,49,50,180,0,0,0,0,0.0,0.0,0.0,0.0,1.3106869019082752e+16,65.5,0.0,3.0737864990254447e+26,0.0,645,0,685,0,0,0,713,0,784,0,706,0,689,0,646,0,640,0,619,0.032,36962304.0,-2.004,-0.0,43280,16789,1.3106869019082752e+16,3.0737864990254447e+26,-0.0,-0.0,0.0,0.0,29.0,60.0,70,0.0,0.0,0.0,0.0,0.0,0.0,0.0,0.0,0.0,0.0,0.0,0.0,0.0,0.0,0.0,0.0,59.2,68,12,65509,41,65476,0,300,0,0,8,20529,65476,0,0,61604,60.0,0.0,0.0,0.0,0.0,0.0
2026-04-04T11:55:51,ERR,ERR,ERR,ERR,ERR,ERR,ERR,ERR,ERR,ERR,ERR,ERR,ERR,ERR,ERR,ERR,ERR,ERR,ERR,ERR,ERR,ERR,ERR,ERR,ERR,ERR,ERR,ERR,ERR,ERR,ERR,ERR,ERR,ERR,ERR,ERR,ERR,ERR,ERR,ERR,ERR,ERR,ERR,ERR,ERR,ERR,ERR,ERR,ERR,ERR,ERR,ERR,ERR,ERR,ERR,ERR,ERR,ERR,ERR,ERR,ERR,ERR,ERR,ERR,ERR,ERR,ERR,ERR,ERR,ERR,ERR,ERR,ERR,ERR,ERR,ERR,ERR,ERR,ERR,ERR,ERR,ERR,ERR,ERR,ERR,ERR,ERR,ERR,ERR,ERR,ERR,ERR,ERR,ERR,ERR,ERR,ERR,ERR,ERR,ERR,ERR,ERR,ERR,ERR,ERR,ERR,ERR,ERR,ERR,ERR,ERR,ERR,ERR,ERR,ERR,ERR,ERR,ERR,ERR,ERR,ERR,ERR,ERR,ERR,ERR,-107615240.0,0.0,-117832800.0,0.0,0.0,0.0,0.0,nan,0,0,0,32768,0,0.0,0,0.0,0.0,0.0,0.0,0.0,0,0,0,0,0.0,0,0,0,0,0,0,0,0,0,0,0,0,0,0,0,0,0,0,0,0,0,0,0,0,0,0,0,0,0,0,0,0,0,0,0,0,0,0,0,0,0,0,0,0,0.0,0.0,0.0,0.0,0.0,0.0,0.0,0.0,0.0,0.0,0.0,0.0,0.0,0.0,0.0,0.0,0.0,0.0,0.0,0.0,0.0,0.0,2.004,-0.0,0.0,-2.004,0.0,0.0,0.0,0.0,3356.5,0.0,0.0,-107615240.0,0.0,-107615232.0,-0.0,0.0,0.0,0.0,0.0,0,0.0,-71.629,0.0,0.0,0.0,0.0,0.0,0.0,0.0,0,0,0,0.0,0.0,0.0,0.0,0.0,0.0,0.0,0.0,0.0,0.0,0.0,0.0,0.0,0.0,0.0,0.0,0,-107875648.0,0,0.0,0,-107875648.0,0.0,0,39322,17038,52429,17052,13107,17037,0,0,0,110,100,100,0.0,64.1,0.0,64.8,-0.0,68.5,1,49,50,180,0,0,0,0,0.0,0.0,0.0,0.0,1.3106869019082752e+16,65.5,0.0,3.0737864990254447e+26,0.0,645,0,685,0,0,0,713,0,784,0,706,0,689,0,646,0,640,0,619,0.032,36962304.0,-2.004,-0.0,43280,16789,1.3106869019082752e+16,3.0737864990254447e+26,-0.0,-0.0,0.0,0.0,29.0,60.0,70,0.0,0.0,0.0,0.0,0.0,0.0,0.0,0.0,0.0,0.0,0.0,0.0,0.0,0.0,0.0,0.0,59.2,68,12,65509,41,65476,0,300,0,0,8,20529,65476,0,0,61604,60.0,0.0,0.0,0.0,0.0,0.0
2026-04-04T11:55:52,ERR,ERR,ERR,ERR,ERR,ERR,ERR,ERR,ERR,ERR,ERR,ERR,ERR,ERR,ERR,ERR,ERR,ERR,ERR,ERR,ERR,ERR,ERR,ERR,ERR,ERR,ERR,ERR,ERR,ERR,ERR,ERR,ERR,ERR,ERR,ERR,ERR,ERR,ERR,ERR,ERR,ERR,ERR,ERR,ERR,ERR,ERR,ERR,ERR,ERR,ERR,ERR,ERR,ERR,ERR,ERR,ERR,ERR,ERR,ERR,ERR,ERR,ERR,ERR,ERR,ERR,ERR,ERR,ERR,ERR,ERR,ERR,ERR,ERR,ERR,ERR,ERR,ERR,ERR,ERR,ERR,ERR,ERR,ERR,ERR,ERR,ERR,ERR,ERR,ERR,ERR,ERR,ERR,ERR,ERR,ERR,ERR,ERR,ERR,ERR,ERR,ERR,ERR,ERR,ERR,ERR,ERR,ERR,ERR,ERR,ERR,ERR,ERR,ERR,ERR,ERR,ERR,ERR,ERR,ERR,ERR,ERR,ERR,ERR,ERR,-107615240.0,0.0,-117832800.0,0.0,0.0,0.0,0.0,nan,0,0,0,32768,0,0.0,0,0.0,0.0,0.0,0.0,0.0,0,0,0,0,0.0,0,0,0,0,0,0,0,0,0,0,0,0,0,0,0,0,0,0,0,0,0,0,0,0,0,0,0,0,0,0,0,0,0,0,0,0,0,0,0,0,0,0,0,0,0.0,0.0,0.0,0.0,0.0,0.0,0.0,0.0,0.0,0.0,0.0,0.0,0.0,0.0,0.0,0.0,0.0,0.0,0.0,0.0,0.0,0.0,2.004,-0.0,0.0,-2.004,0.0,0.0,0.0,0.0,3356.5,0.0,0.0,-107615240.0,0.0,-107615232.0,-0.0,0.0,0.0,0.0,0.0,0,0.0,-71.629,0.0,0.0,0.0,0.0,0.0,0.0,0.0,0,0,0,0.0,0.0,0.0,0.0,0.0,0.0,0.0,0.0,0.0,0.0,0.0,0.0,0.0,0.0,0.0,0.0,0,-107875648.0,0,0.0,0,-107875648.0,0.0,0,39322,17038,52429,17052,13107,17037,0,0,0,110,100,100,0.0,64.1,0.0,64.8,-0.0,68.5,1,49,50,180,0,0,0,0,0.0,0.0,0.0,0.0,2.365975915863275e+21,65.5,0.0,18177354366976.0,0.0,645,0,685,0,0,0,713,0,784,0,706,0,688,0,646,0,640,0,619,0.032,36700160.0,-2.004,-0.0,29072,16789,442939572224.0,18177354366976.0,1.2045900646417711e+22,0.0,0.0,-8.1831257668821e+37,29.0,60.0,70,0.0,0.0,0.0,0.0,0.0,0.0,0.0,0.0,0.0,0.0,0.0,0.0,0.0,0.0,0.0,0.0,59.2,68,12,65509,41,65476,0,300,0,0,8,20529,65476,0,0,61604,60.0,0.0,0.0,0.0,0.0,0.0
2026-04-04T11:55:53,ERR,ERR,ERR,ERR,ERR,ERR,ERR,ERR,ERR,ERR,ERR,ERR,ERR,ERR,ERR,ERR,ERR,ERR,ERR,ERR,ERR,ERR,ERR,ERR,ERR,ERR,ERR,ERR,ERR,ERR,ERR,ERR,ERR,ERR,ERR,ERR,ERR,ERR,ERR,ERR,ERR,ERR,ERR,ERR,ERR,ERR,ERR,ERR,ERR,ERR,ERR,ERR,ERR,ERR,ERR,ERR,ERR,ERR,ERR,ERR,ERR,ERR,ERR,ERR,ERR,ERR,ERR,ERR,ERR,ERR,ERR,ERR,ERR,ERR,ERR,ERR,ERR,ERR,ERR,ERR,ERR,ERR,ERR,ERR,ERR,ERR,ERR,ERR,ERR,ERR,ERR,ERR,ERR,ERR,ERR,ERR,ERR,ERR,ERR,ERR,ERR,ERR,ERR,ERR,ERR,ERR,ERR,ERR,ERR,ERR,ERR,ERR,ERR,ERR,ERR,ERR,ERR,ERR,ERR,ERR,ERR,ERR,ERR,ERR,ERR,-107615240.0,0.0,-117832800.0,0.0,0.0,0.0,0.0,nan,0,0,0,32768,0,0.0,0,0.0,0.0,0.0,0.0,0.0,0,0,0,0,0.0,0,0,0,0,0,0,0,0,0,0,0,0,0,0,0,0,0,0,0,0,0,0,0,0,0,0,0,0,0,0,0,0,0,0,0,0,0,0,0,0,0,0,0,0,0.0,0.0,0.0,0.0,0.0,0.0,0.0,0.0,0.0,0.0,0.0,0.0,0.0,0.0,0.0,0.0,0.0,0.0,0.0,0.0,0.0,0.0,2.004,-0.0,0.0,-2.004,0.0,0.0,0.0,0.0,3356.5,0.0,0.0,-107615240.0,0.0,-107615232.0,-0.0,0.0,0.0,0.0,0.0,0,0.0,-71.629,0.0,0.0,0.0,0.0,0.0,0.0,0.0,0,0,0,0.0,0.0,0.0,0.0,0.0,0.0,0.0,0.0,0.0,0.0,0.0,0.0,0.0,0.0,0.0,0.0,0,-107875648.0,0,0.0,0,-107875648.0,0.0,0,39322,17038,52429,17052,13107,17037,0,0,0,110,100,100,0.0,64.1,0.0,64.8,-0.0,68.5,1,49,50,180,0,0,0,0,0.0,0.0,0.0,0.0,2.365975915863275e+21,65.5,0.0,18177354366976.0,0.0,645,0,685,0,0,0,713,0,784,0,706,0,688,0,646,0,640,0,619,0.032,36700160.0,-2.004,-0.0,29072,16789,442939572224.0,18177354366976.0,1.2045900646417711e+22,0.0,0.0,-8.1831257668821e+37,29.0,60.0,70,0.0,0.0,0.0,0.0,0.0,0.0,0.0,0.0,0.0,0.0,0.0,0.0,0.0,0.0,0.0,0.0,59.2,68,12,65509,41,65476,0,300,0,0,8,20529,65476,0,0,61604,60.0,0.0,0.0,0.0,0.0,0.0
2026-04-04T11:55:54,ERR,ERR,ERR,ERR,ERR,ERR,ERR,ERR,ERR,ERR,ERR,ERR,ERR,ERR,ERR,ERR,ERR,ERR,ERR,ERR,ERR,ERR,ERR,ERR,ERR,ERR,ERR,ERR,ERR,ERR,ERR,ERR,ERR,ERR,ERR,ERR,ERR,ERR,ERR,ERR,ERR,ERR,ERR,ERR,ERR,ERR,ERR,ERR,ERR,ERR,ERR,ERR,ERR,ERR,ERR,ERR,ERR,ERR,ERR,ERR,ERR,ERR,ERR,ERR,ERR,ERR,ERR,ERR,ERR,ERR,ERR,ERR,ERR,ERR,ERR,ERR,ERR,ERR,ERR,ERR,ERR,ERR,ERR,ERR,ERR,ERR,ERR,ERR,ERR,ERR,ERR,ERR,ERR,ERR,ERR,ERR,ERR,ERR,ERR,ERR,ERR,ERR,ERR,ERR,ERR,ERR,ERR,ERR,ERR,ERR,ERR,ERR,ERR,ERR,ERR,ERR,ERR,ERR,ERR,ERR,ERR,ERR,ERR,ERR,ERR,-107615240.0,0.0,-117832800.0,0.0,0.0,0.0,0.0,nan,0,0,0,32768,0,0.0,0,0.0,0.0,0.0,0.0,0.0,0,0,0,0,0.0,0,0,0,0,0,0,0,0,0,0,0,0,0,0,0,0,0,0,0,0,0,0,0,0,0,0,0,0,0,0,0,0,0,0,0,0,0,0,0,0,0,0,0,0,0.0,0.0,0.0,0.0,0.0,0.0,0.0,0.0,0.0,0.0,0.0,0.0,0.0,0.0,0.0,0.0,0.0,0.0,0.0,0.0,0.0,0.0,2.004,-0.0,0.0,-2.004,0.0,0.0,0.0,0.0,3356.5,0.0,0.0,-107615240.0,0.0,-107615232.0,-0.0,0.0,0.0,0.0,0.0,0,0.0,-71.629,0.0,0.0,0.0,0.0,0.0,0.0,0.0,0,0,0,0.0,0.0,0.0,0.0,0.0,0.0,0.0,0.0,0.0,0.0,0.0,0.0,0.0,0.0,0.0,0.0,0,-107875648.0,0,0.0,0,-107875648.0,0.0,0,39322,17038,52429,17052,13107,17037,0,0,0,110,100,100,0.0,64.1,0.0,64.8,-0.0,68.5,1,49,50,180,0,0,0,0,0.0,0.0,0.0,0.0,2.365975915863275e+21,65.5,0.0,18177354366976.0,0.0,645,0,685,0,0,0,713,0,784,0,706,0,688,0,646,0,640,0,619,0.032,36700160.0,-2.004,-0.0,29072,16789,442939572224.0,18177354366976.0,1.2045900646417711e+22,0.0,0.0,-8.1831257668821e+37,29.0,60.0,70,0.0,0.0,0.0,0.0,0.0,0.0,0.0,0.0,0.0,0.0,0.0,0.0,0.0,0.0,0.0,0.0,59.2,68,12,65509,41,65476,0,300,0,0,8,20529,65476,0,0,61604,60.0,0.0,0.0,0.0,0.0,0.0
2026-04-04T11:55:55,ERR,ERR,ERR,ERR,ERR,ERR,ERR,ERR,ERR,ERR,ERR,ERR,ERR,ERR,ERR,ERR,ERR,ERR,ERR,ERR,ERR,ERR,ERR,ERR,ERR,ERR,ERR,ERR,ERR,ERR,ERR,ERR,ERR,ERR,ERR,ERR,ERR,ERR,ERR,ERR,ERR,ERR,ERR,ERR,ERR,ERR,ERR,ERR,ERR,ERR,ERR,ERR,ERR,ERR,ERR,ERR,ERR,ERR,ERR,ERR,ERR,ERR,ERR,ERR,ERR,ERR,ERR,ERR,ERR,ERR,ERR,ERR,ERR,ERR,ERR,ERR,ERR,ERR,ERR,ERR,ERR,ERR,ERR,ERR,ERR,ERR,ERR,ERR,ERR,ERR,ERR,ERR,ERR,ERR,ERR,ERR,ERR,ERR,ERR,ERR,ERR,ERR,ERR,ERR,ERR,ERR,ERR,ERR,ERR,ERR,ERR,ERR,ERR,ERR,ERR,ERR,ERR,ERR,ERR,ERR,ERR,ERR,ERR,ERR,ERR,-107615240.0,0.0,-117832800.0,0.0,0.0,0.0,0.0,nan,0,0,0,32768,0,0.0,0,0.0,0.0,0.0,0.0,0.0,0,0,0,0,0.0,0,0,0,0,0,0,0,0,0,0,0,0,0,0,0,0,0,0,0,0,0,0,0,0,0,0,0,0,0,0,0,0,0,0,0,0,0,0,0,0,0,0,0,0,0.0,0.0,0.0,0.0,0.0,0.0,0.0,0.0,0.0,0.0,0.0,0.0,0.0,0.0,0.0,0.0,0.0,0.0,0.0,0.0,0.0,0.0,2.004,-0.0,0.0,-2.004,0.0,0.0,0.0,0.0,3340.0,-3.697152708471213e+19,0.0,-107615240.0,0.0,-107615232.0,-0.0,0.0,0.0,0.0,0.0,0,0.0,-0.0,0.0,0.0,0.0,0.0,0.0,0.0,0.0,0,0,0,0.0,0.0,0.0,0.0,0.0,0.0,0.0,0.0,0.0,0.0,0.0,0.0,0.0,0.0,0.0,0.0,0,-107875648.0,0,0.0,0,-107875648.0,0.0,0,39322,17038,52429,17052,13107,17037,0,0,0,110,100,100,0.0,64.1,0.0,64.8,-0.0,68.5,1,49,50,180,0,0,0,0,0.0,0.0,0.0,0.0,2.365975915863275e+21,65.5,0.0,18177354366976.0,0.0,645,0,685,0,0,0,713,0,784,0,706,0,688,0,646,0,640,0,619,0.032,36700160.0,-2.004,-0.0,29072,16789,442939572224.0,18177354366976.0,1.2045900646417711e+22,0.0,0.0,-8.1831257668821e+37,29.0,60.0,70,0.0,0.0,0.0,0.0,0.0,0.0,0.0,0.0,0.0,0.0,0.0,0.0,0.0,0.0,0.0,0.0,59.2,68,12,65509,41,65476,0,300,0,0,8,20529,65476,0,0,61604,60.0,0.0,0.0,0.0,0.0,0.0
2026-04-04T11:55:56,ERR,ERR,ERR,ERR,ERR,ERR,ERR,ERR,ERR,ERR,ERR,ERR,ERR,ERR,ERR,ERR,ERR,ERR,ERR,ERR,ERR,ERR,ERR,ERR,ERR,ERR,ERR,ERR,ERR,ERR,ERR,ERR,ERR,ERR,ERR,ERR,ERR,ERR,ERR,ERR,ERR,ERR,ERR,ERR,ERR,ERR,ERR,ERR,ERR,ERR,ERR,ERR,ERR,ERR,ERR,ERR,ERR,ERR,ERR,ERR,ERR,ERR,ERR,ERR,ERR,ERR,ERR,ERR,ERR,ERR,ERR,ERR,ERR,ERR,ERR,ERR,ERR,ERR,ERR,ERR,ERR,ERR,ERR,ERR,ERR,ERR,ERR,ERR,ERR,ERR,ERR,ERR,ERR,ERR,ERR,ERR,ERR,ERR,ERR,ERR,ERR,ERR,ERR,ERR,ERR,ERR,ERR,ERR,ERR,ERR,ERR,ERR,ERR,ERR,ERR,ERR,ERR,ERR,ERR,ERR,ERR,ERR,ERR,ERR,ERR,-107615240.0,0.0,-117832800.0,0.0,0.0,0.0,0.0,nan,0,0,0,32768,0,0.0,0,0.0,0.0,0.0,0.0,0.0,0,0,0,0,0.0,0,0,0,0,0,0,0,0,0,0,0,0,0,0,0,0,0,0,0,0,0,0,0,0,0,0,0,0,0,0,0,0,0,0,0,0,0,0,0,0,0,0,0,0,0.0,0.0,0.0,0.0,0.0,0.0,0.0,0.0,0.0,0.0,0.0,0.0,0.0,0.0,0.0,0.0,0.0,0.0,0.0,0.0,0.0,0.0,2.004,-0.0,0.0,-2.004,0.0,0.0,0.0,0.0,3340.0,-3.697152708471213e+19,0.0,-107615240.0,0.0,-107615232.0,-0.0,0.0,0.0,0.0,0.0,0,0.0,-0.0,0.0,0.0,0.0,0.0,0.0,0.0,0.0,0,0,0,0.0,0.0,0.0,0.0,0.0,0.0,0.0,0.0,0.0,0.0,0.0,0.0,0.0,0.0,0.0,0.0,0,-107875648.0,0,0.0,0,-107875648.0,0.0,0,39322,17038,52429,17052,13107,17037,0,0,0,110,100,100,0.0,64.1,0.0,64.8,-0.0,68.5,1,49,50,180,0,0,0,0,0.0,0.0,0.0,0.0,457724000.0,65.5,0.0,0.0,0.0,645,0,685,0,0,0,713,0,784,0,706,0,688,0,646,0,640,0,619,0.032,36438016.0,-2.004,-0.0,38032,16789,3.2546925014155264e+16,0.0,6.550104347377874e+19,-3.936512126899526e+25,0.0,-4.470608793842994e+36,29.0,60.0,70,0.0,0.0,0.0,0.0,0.0,0.0,0.0,0.0,0.0,0.0,0.0,0.0,0.0,0.0,0.0,0.0,59.2,68,12,65509,41,65476,0,300,0,0,8,20529,65476,0,0,61604,60.0,0.0,0.0,0.0,0.0,0.0
2026-04-04T11:55:57,ERR,ERR,ERR,ERR,ERR,ERR,ERR,ERR,ERR,ERR,ERR,ERR,ERR,ERR,ERR,ERR,ERR,ERR,ERR,ERR,ERR,ERR,ERR,ERR,ERR,ERR,ERR,ERR,ERR,ERR,ERR,ERR,ERR,ERR,ERR,ERR,ERR,ERR,ERR,ERR,ERR,ERR,ERR,ERR,ERR,ERR,ERR,ERR,ERR,ERR,ERR,ERR,ERR,ERR,ERR,ERR,ERR,ERR,ERR,ERR,ERR,ERR,ERR,ERR,ERR,ERR,ERR,ERR,ERR,ERR,ERR,ERR,ERR,ERR,ERR,ERR,ERR,ERR,ERR,ERR,ERR,ERR,ERR,ERR,ERR,ERR,ERR,ERR,ERR,ERR,ERR,ERR,ERR,ERR,ERR,ERR,ERR,ERR,ERR,ERR,ERR,ERR,ERR,ERR,ERR,ERR,ERR,ERR,ERR,ERR,ERR,ERR,ERR,ERR,ERR,ERR,ERR,ERR,ERR,ERR,ERR,ERR,ERR,ERR,ERR,-107615240.0,0.0,-117832800.0,0.0,0.0,0.0,0.0,nan,0,0,0,32768,0,0.0,0,0.0,0.0,0.0,0.0,0.0,0,0,0,0,0.0,0,0,0,0,0,0,0,0,0,0,0,0,0,0,0,0,0,0,0,0,0,0,0,0,0,0,0,0,0,0,0,0,0,0,0,0,0,0,0,0,0,0,0,0,0.0,0.0,0.0,0.0,0.0,0.0,0.0,0.0,0.0,0.0,0.0,0.0,0.0,0.0,0.0,0.0,0.0,0.0,0.0,0.0,0.0,0.0,2.004,-0.0,0.0,-2.004,0.0,0.0,0.0,0.0,3340.0,-3.697152708471213e+19,0.0,-107615240.0,0.0,-107615232.0,-0.0,0.0,0.0,0.0,0.0,0,0.0,-0.0,0.0,0.0,0.0,0.0,0.0,0.0,0.0,0,0,0,0.0,0.0,0.0,0.0,0.0,0.0,0.0,0.0,0.0,0.0,0.0,0.0,0.0,0.0,0.0,0.0,0,-107875648.0,0,0.0,0,-107875648.0,0.0,0,39322,17038,52429,17052,13107,17037,0,0,0,110,100,100,0.0,64.1,0.0,64.8,-0.0,68.5,1,49,50,180,0,0,0,0,0.0,0.0,0.0,0.0,457724000.0,65.5,0.0,0.0,0.0,645,0,685,0,0,0,713,0,784,0,706,0,688,0,646,0,640,0,619,0.032,36438016.0,-2.004,-0.0,38032,16789,3.2546925014155264e+16,0.0,6.550104347377874e+19,-3.936512126899526e+25,0.0,-4.470608793842994e+36,29.0,60.0,70,0.0,0.0,0.0,0.0,0.0,0.0,0.0,0.0,0.0,0.0,0.0,0.0,0.0,0.0,0.0,0.0,59.2,68,12,65509,41,65476,0,300,0,0,8,20529,65476,0,0,61604,60.0,0.0,0.0,0.0,0.0,0.0
2026-04-04T11:55:58,ERR,ERR,ERR,ERR,ERR,ERR,ERR,ERR,ERR,ERR,ERR,ERR,ERR,ERR,ERR,ERR,ERR,ERR,ERR,ERR,ERR,ERR,ERR,ERR,ERR,ERR,ERR,ERR,ERR,ERR,ERR,ERR,ERR,ERR,ERR,ERR,ERR,ERR,ERR,ERR,ERR,ERR,ERR,ERR,ERR,ERR,ERR,ERR,ERR,ERR,ERR,ERR,ERR,ERR,ERR,ERR,ERR,ERR,ERR,ERR,ERR,ERR,ERR,ERR,ERR,ERR,ERR,ERR,ERR,ERR,ERR,ERR,ERR,ERR,ERR,ERR,ERR,ERR,ERR,ERR,ERR,ERR,ERR,ERR,ERR,ERR,ERR,ERR,ERR,ERR,ERR,ERR,ERR,ERR,ERR,ERR,ERR,ERR,ERR,ERR,ERR,ERR,ERR,ERR,ERR,ERR,ERR,ERR,ERR,ERR,ERR,ERR,ERR,ERR,ERR,ERR,ERR,ERR,ERR,ERR,ERR,ERR,ERR,ERR,ERR,-107615240.0,0.0,-117832800.0,0.0,0.0,0.0,0.0,nan,0,0,0,32768,0,0.0,0,0.0,0.0,0.0,0.0,0.0,0,0,0,0,0.0,0,0,0,0,0,0,0,0,0,0,0,0,0,0,0,0,0,0,0,0,0,0,0,0,0,0,0,0,0,0,0,0,0,0,0,0,0,0,0,0,0,0,0,0,0.0,0.0,0.0,0.0,0.0,0.0,0.0,0.0,0.0,0.0,0.0,0.0,0.0,0.0,0.0,0.0,0.0,0.0,0.0,0.0,0.0,0.0,2.004,-0.0,0.0,-2.004,0.0,0.0,0.0,0.0,3340.0,-3.697152708471213e+19,0.0,-107615240.0,0.0,-107615232.0,-0.0,0.0,0.0,0.0,0.0,0,0.0,-0.0,0.0,0.0,0.0,0.0,0.0,0.0,0.0,0,0,0,0.0,0.0,0.0,0.0,0.0,0.0,0.0,0.0,0.0,0.0,0.0,0.0,0.0,0.0,0.0,0.0,0,-107875648.0,0,0.0,0,-107875648.0,0.0,0,39322,17038,52429,17052,13107,17037,0,0,0,110,100,100,0.0,64.1,0.0,64.8,-0.0,68.5,1,49,50,180,0,0,0,0,0.0,0.0,0.0,0.0,457724000.0,65.5,0.0,0.0,0.0,645,0,685,0,0,0,713,0,784,0,706,0,688,0,646,0,640,0,619,0.032,36438016.0,-2.004,-0.0,38032,16789,3.2546925014155264e+16,0.0,6.550104347377874e+19,-3.936512126899526e+25,0.0,-4.470608793842994e+36,29.0,60.0,70,0.0,0.0,0.0,0.0,0.0,0.0,0.0,0.0,0.0,0.0,0.0,0.0,0.0,0.0,0.0,0.0,59.6,68,12,65509,41,65476,0,300,0,0,8,20529,65476,0,0,61604,60.0,0.0,0.0,0.0,0.0,0.0
2026-04-04T11:55:59,ERR,ERR,ERR,ERR,ERR,ERR,ERR,ERR,ERR,ERR,ERR,ERR,ERR,ERR,ERR,ERR,ERR,ERR,ERR,ERR,ERR,ERR,ERR,ERR,ERR,ERR,ERR,ERR,ERR,ERR,ERR,ERR,ERR,ERR,ERR,ERR,ERR,ERR,ERR,ERR,ERR,ERR,ERR,ERR,ERR,ERR,ERR,ERR,ERR,ERR,ERR,ERR,ERR,ERR,ERR,ERR,ERR,ERR,ERR,ERR,ERR,ERR,ERR,ERR,ERR,ERR,ERR,ERR,ERR,ERR,ERR,ERR,ERR,ERR,ERR,ERR,ERR,ERR,ERR,ERR,ERR,ERR,ERR,ERR,ERR,ERR,ERR,ERR,ERR,ERR,ERR,ERR,ERR,ERR,ERR,ERR,ERR,ERR,ERR,ERR,ERR,ERR,ERR,ERR,ERR,ERR,ERR,ERR,ERR,ERR,ERR,ERR,ERR,ERR,ERR,ERR,ERR,ERR,ERR,ERR,ERR,ERR,ERR,ERR,ERR,-107615240.0,0.0,-117832800.0,0.0,0.0,0.0,0.0,nan,0,0,0,32768,0,0.0,0,0.0,0.0,0.0,0.0,0.0,0,0,0,0,0.0,0,0,0,0,0,0,0,0,0,0,0,0,0,0,0,0,0,0,0,0,0,0,0,0,0,0,0,0,0,0,0,0,0,0,0,0,0,0,0,0,0,0,0,0,0.0,0.0,0.0,0.0,0.0,0.0,0.0,0.0,0.0,0.0,0.0,0.0,0.0,0.0,0.0,0.0,0.0,0.0,0.0,0.0,0.0,0.0,2.004,-0.0,0.0,-2.004,0.0,0.0,0.0,0.0,3340.0,-3.697152708471213e+19,0.0,-107615240.0,0.0,-107615232.0,-0.0,0.0,0.0,0.0,0.0,0,0.0,-0.0,0.0,0.0,0.0,0.0,0.0,0.0,0.0,0,0,0,0.0,0.0,0.0,0.0,0.0,0.0,0.0,0.0,0.0,0.0,0.0,0.0,0.0,0.0,0.0,0.0,0,-107875648.0,0,0.0,0,-107875648.0,0.0,0,39322,17038,52429,17052,13107,17037,0,0,0,110,100,100,0.0,64.1,0.0,64.8,-0.0,68.5,1,49,50,180,0,0,0,0,0.0,0.0,0.0,0.0,457724000.0,65.5,0.0,0.0,0.0,645,0,685,0,0,0,713,0,784,0,706,0,688,0,646,0,640,0,619,0.032,36438016.0,-2.004,-0.0,38032,16789,3.2546925014155264e+16,0.0,6.550104347377874e+19,-3.936512126899526e+25,0.0,-4.470608793842994e+36,29.0,60.0,70,0.0,0.0,0.0,0.0,0.0,0.0,0.0,0.0,0.0,0.0,0.0,0.0,0.0,0.0,0.0,0.0,59.6,68,12,65509,41,65476,0,300,0,0,8,20529,65476,0,0,61604,60.0,0.0,0.0,0.0,0.0,0.0
2026-04-04T11:56:00,ERR,ERR,ERR,ERR,ERR,ERR,ERR,ERR,ERR,ERR,ERR,ERR,ERR,ERR,ERR,ERR,ERR,ERR,ERR,ERR,ERR,ERR,ERR,ERR,ERR,ERR,ERR,ERR,ERR,ERR,ERR,ERR,ERR,ERR,ERR,ERR,ERR,ERR,ERR,ERR,ERR,ERR,ERR,ERR,ERR,ERR,ERR,ERR,ERR,ERR,ERR,ERR,ERR,ERR,ERR,ERR,ERR,ERR,ERR,ERR,ERR,ERR,ERR,ERR,ERR,ERR,ERR,ERR,ERR,ERR,ERR,ERR,ERR,ERR,ERR,ERR,ERR,ERR,ERR,ERR,ERR,ERR,ERR,ERR,ERR,ERR,ERR,ERR,ERR,ERR,ERR,ERR,ERR,ERR,ERR,ERR,ERR,ERR,ERR,ERR,ERR,ERR,ERR,ERR,ERR,ERR,ERR,ERR,ERR,ERR,ERR,ERR,ERR,ERR,ERR,ERR,ERR,ERR,ERR,ERR,ERR,ERR,ERR,ERR,ERR,-107615240.0,0.0,-117832800.0,0.0,0.0,0.0,0.0,nan,0,0,0,32768,0,0.0,0,0.0,0.0,0.0,0.0,0.0,0,0,0,0,0.0,0,0,0,0,0,0,0,0,0,0,0,0,0,0,0,0,0,0,0,0,0,0,0,0,0,0,0,0,0,0,0,0,0,0,0,0,0,0,0,0,0,0,0,0,0.0,0.0,0.0,0.0,0.0,0.0,0.0,0.0,0.0,0.0,0.0,0.0,0.0,0.0,0.0,0.0,0.0,0.0,0.0,0.0,0.0,0.0,2.004,-0.0,0.0,-2.004,0.0,0.0,0.0,0.0,3340.0,-3.697152708471213e+19,0.0,-107615240.0,0.0,-107615232.0,-0.0,0.0,0.0,0.0,0.0,0,0.0,-0.0,0.0,0.0,0.0,0.0,0.0,0.0,0.0,0,0,0,0.0,0.0,0.0,0.0,0.0,0.0,0.0,0.0,0.0,0.0,0.0,0.0,0.0,0.0,0.0,0.0,0,-107875648.0,0,0.0,0,-107875648.0,0.0,0,39322,17038,52429,17052,13107,17037,0,0,0,110,100,100,0.0,64.1,0.0,64.8,-0.0,68.5,1,49,50,180,0,0,0,0,0.0,0.0,0.0,0.0,457724000.0,65.5,0.0,0.0,0.0,645,0,685,0,0,0,713,0,784,0,706,0,688,0,646,0,640,0,619,0.032,36438016.0,-2.004,-0.0,38032,16789,3.2546925014155264e+16,0.0,6.550104347377874e+19,-3.936512126899526e+25,0.0,-4.470608793842994e+36,29.0,60.0,70,0.0,0.0,0.0,0.0,0.0,0.0,0.0,0.0,0.0,0.0,0.0,0.0,0.0,0.0,0.0,0.0,59.2,68,12,65509,41,65476,0,300,0,0,8,20529,65476,0,0,61604,60.0,0.0,0.0,0.0,0.0,0.0
2026-04-04T11:56:01,ERR,ERR,ERR,ERR,ERR,ERR,ERR,ERR,ERR,ERR,ERR,ERR,ERR,ERR,ERR,ERR,ERR,ERR,ERR,ERR,ERR,ERR,ERR,ERR,ERR,ERR,ERR,ERR,ERR,ERR,ERR,ERR,ERR,ERR,ERR,ERR,ERR,ERR,ERR,ERR,ERR,ERR,ERR,ERR,ERR,ERR,ERR,ERR,ERR,ERR,ERR,ERR,ERR,ERR,ERR,ERR,ERR,ERR,ERR,ERR,ERR,ERR,ERR,ERR,ERR,ERR,ERR,ERR,ERR,ERR,ERR,ERR,ERR,ERR,ERR,ERR,ERR,ERR,ERR,ERR,ERR,ERR,ERR,ERR,ERR,ERR,ERR,ERR,ERR,ERR,ERR,ERR,ERR,ERR,ERR,ERR,ERR,ERR,ERR,ERR,ERR,ERR,ERR,ERR,ERR,ERR,ERR,ERR,ERR,ERR,ERR,ERR,ERR,ERR,ERR,ERR,ERR,ERR,ERR,ERR,ERR,ERR,ERR,ERR,ERR,-107615240.0,0.0,-117832800.0,0.0,0.0,0.0,0.0,nan,0,0,0,32768,0,0.0,0,0.0,0.0,0.0,0.0,0.0,0,0,0,0,0.0,0,0,0,0,0,0,0,0,0,0,0,0,0,0,0,0,0,0,0,0,0,0,0,0,0,0,0,0,0,0,0,0,0,0,0,0,0,0,0,0,0,0,0,0,0.0,0.0,0.0,0.0,0.0,0.0,0.0,0.0,0.0,0.0,0.0,0.0,0.0,0.0,0.0,0.0,0.0,0.0,0.0,0.0,0.0,0.0,2.004,-0.0,0.0,-2.004,0.0,0.0,0.0,0.0,3340.0,-3.697152708471213e+19,0.0,-107615240.0,0.0,-107615232.0,-0.0,0.0,0.0,0.0,0.0,0,0.0,-0.0,0.0,0.0,0.0,0.0,0.0,0.0,0.0,0,0,0,0.0,0.0,0.0,0.0,0.0,0.0,0.0,0.0,0.0,0.0,0.0,0.0,0.0,0.0,0.0,0.0,0,-107875648.0,0,0.0,0,-107875648.0,0.0,0,39322,17038,52429,17052,13107,17037,0,0,0,110,100,100,0.0,64.1,0.0,64.8,-0.0,68.5,1,49,50,180,0,0,0,0,0.0,0.0,0.0,0.0,457724000.0,65.5,0.0,0.0,0.0,645,0,685,0,0,0,713,0,784,0,706,0,688,0,646,0,640,0,619,0.032,36438016.0,-2.004,-0.0,38032,16789,3.2546925014155264e+16,0.0,6.550104347377874e+19,-3.936512126899526e+25,0.0,-4.470608793842994e+36,29.0,60.0,70,0.0,0.0,0.0,0.0,0.0,0.0,0.0,0.0,0.0,0.0,0.0,0.0,0.0,0.0,0.0,0.0,59.2,68,12,65509,41,65476,0,300,0,0,8,20529,65476,0,0,61604,60.0,0.0,0.0,0.0,0.0,0.0
2026-04-04T11:56:02,ERR,ERR,ERR,ERR,ERR,ERR,ERR,ERR,ERR,ERR,ERR,ERR,ERR,ERR,ERR,ERR,ERR,ERR,ERR,ERR,ERR,ERR,ERR,ERR,ERR,ERR,ERR,ERR,ERR,ERR,ERR,ERR,ERR,ERR,ERR,ERR,ERR,ERR,ERR,ERR,ERR,ERR,ERR,ERR,ERR,ERR,ERR,ERR,ERR,ERR,ERR,ERR,ERR,ERR,ERR,ERR,ERR,ERR,ERR,ERR,ERR,ERR,ERR,ERR,ERR,ERR,ERR,ERR,ERR,ERR,ERR,ERR,ERR,ERR,ERR,ERR,ERR,ERR,ERR,ERR,ERR,ERR,ERR,ERR,ERR,ERR,ERR,ERR,ERR,ERR,ERR,ERR,ERR,ERR,ERR,ERR,ERR,ERR,ERR,ERR,ERR,ERR,ERR,ERR,ERR,ERR,ERR,ERR,ERR,ERR,ERR,ERR,ERR,ERR,ERR,ERR,ERR,ERR,ERR,ERR,ERR,ERR,ERR,ERR,ERR,-107615240.0,0.0,-117832800.0,0.0,0.0,0.0,0.0,nan,0,0,0,32768,0,0.0,0,0.0,0.0,0.0,0.0,0.0,0,0,0,0,0.0,0,0,0,0,0,0,0,0,0,0,0,0,0,0,0,0,0,0,0,0,0,0,0,0,0,0,0,0,0,0,0,0,0,0,0,0,0,0,0,0,0,0,0,0,0.0,0.0,0.0,0.0,0.0,0.0,0.0,0.0,0.0,0.0,0.0,0.0,0.0,0.0,0.0,0.0,0.0,0.0,0.0,0.0,0.0,0.0,2.004,-0.0,0.0,-2.004,0.0,0.0,0.0,0.0,3355.5,0.0,0.0,-107615240.0,0.0,-107615232.0,-0.0,0.0,0.0,0.0,0.0,0,0.0,-71.629,0.0,0.0,0.0,0.0,0.0,0.0,0.0,0,0,0,0.0,0.0,0.0,0.0,0.0,0.0,0.0,0.0,0.0,0.0,0.0,0.0,0.0,0.0,0.0,0.0,0,-107875648.0,0,0.0,0,-107875648.0,0.0,0,26215,17038,52429,17052,13107,17037,0,0,0,110,100,100,0.0,64.1,0.0,64.8,-0.0,68.5,1,49,50,180,0,0,0,0,0.0,0.0,0.0,0.0,256.52,65.5,0.0,-2.4914489652861445e+29,0.0,645,0,685,0,0,0,713,0,784,0,706,0,689,0,646,0,640,0,619,0.032,36700160.0,-2.004,-0.0,39440,16789,442939572224.0,-2.4914489652861445e+29,0.0,0.0,-1.0019253088815782e+21,-204034.031,29.0,60.0,70,0.0,0.0,0.0,0.0,0.0,0.0,0.0,0.0,0.0,0.0,0.0,0.0,0.0,0.0,0.0,0.0,59.2,68,12,65509,41,65476,0,300,0,0,8,20529,65476,0,0,61604,60.0,0.0,0.0,0.0,0.0,0.0
2026-04-04T11:56:03,ERR,ERR,ERR,ERR,ERR,ERR,ERR,ERR,ERR,ERR,ERR,ERR,ERR,ERR,ERR,ERR,ERR,ERR,ERR,ERR,ERR,ERR,ERR,ERR,ERR,ERR,ERR,ERR,ERR,ERR,ERR,ERR,ERR,ERR,ERR,ERR,ERR,ERR,ERR,ERR,ERR,ERR,ERR,ERR,ERR,ERR,ERR,ERR,ERR,ERR,ERR,ERR,ERR,ERR,ERR,ERR,ERR,ERR,ERR,ERR,ERR,ERR,ERR,ERR,ERR,ERR,ERR,ERR,ERR,ERR,ERR,ERR,ERR,ERR,ERR,ERR,ERR,ERR,ERR,ERR,ERR,ERR,ERR,ERR,ERR,ERR,ERR,ERR,ERR,ERR,ERR,ERR,ERR,ERR,ERR,ERR,ERR,ERR,ERR,ERR,ERR,ERR,ERR,ERR,ERR,ERR,ERR,ERR,ERR,ERR,ERR,ERR,ERR,ERR,ERR,ERR,ERR,ERR,ERR,ERR,ERR,ERR,ERR,ERR,ERR,-107615240.0,0.0,-117832800.0,0.0,0.0,0.0,0.0,nan,0,0,0,32768,0,0.0,0,0.0,0.0,0.0,0.0,0.0,0,0,0,0,0.0,0,0,0,0,0,0,0,0,0,0,0,0,0,0,0,0,0,0,0,0,0,0,0,0,0,0,0,0,0,0,0,0,0,0,0,0,0,0,0,0,0,0,0,0,0.0,0.0,0.0,0.0,0.0,0.0,0.0,0.0,0.0,0.0,0.0,0.0,0.0,0.0,0.0,0.0,0.0,0.0,0.0,0.0,0.0,0.0,2.004,-0.0,0.0,-2.004,0.0,0.0,0.0,0.0,3355.5,0.0,0.0,-107615240.0,0.0,-107615232.0,-0.0,0.0,0.0,0.0,0.0,0,0.0,-71.629,0.0,0.0,0.0,0.0,0.0,0.0,0.0,0,0,0,0.0,0.0,0.0,0.0,0.0,0.0,0.0,0.0,0.0,0.0,0.0,0.0,0.0,0.0,0.0,0.0,0,-107875648.0,0,0.0,0,-107875648.0,0.0,0,26215,17038,52429,17052,13107,17037,0,0,0,110,100,100,0.0,64.1,0.0,64.8,-0.0,68.5,1,49,50,180,0,0,0,0,0.0,0.0,0.0,0.0,256.52,65.5,0.0,-2.4914489652861445e+29,0.0,645,0,685,0,0,0,713,0,784,0,706,0,689,0,646,0,640,0,619,0.032,36700160.0,-2.004,-0.0,39440,16789,442939572224.0,-2.4914489652861445e+29,0.0,0.0,-1.0019253088815782e+21,-204034.031,29.0,60.0,70,0.0,0.0,0.0,0.0,0.0,0.0,0.0,0.0,0.0,0.0,0.0,0.0,0.0,0.0,0.0,0.0,59.2,68,12,65509,41,65476,0,300,0,0,8,20529,65476,0,0,61604,60.0,0.0,0.0,0.0,0.0,0.0
2026-04-04T11:56:04,ERR,ERR,ERR,ERR,ERR,ERR,ERR,ERR,ERR,ERR,ERR,ERR,ERR,ERR,ERR,ERR,ERR,ERR,ERR,ERR,ERR,ERR,ERR,ERR,ERR,ERR,ERR,ERR,ERR,ERR,ERR,ERR,ERR,ERR,ERR,ERR,ERR,ERR,ERR,ERR,ERR,ERR,ERR,ERR,ERR,ERR,ERR,ERR,ERR,ERR,ERR,ERR,ERR,ERR,ERR,ERR,ERR,ERR,ERR,ERR,ERR,ERR,ERR,ERR,ERR,ERR,ERR,ERR,ERR,ERR,ERR,ERR,ERR,ERR,ERR,ERR,ERR,ERR,ERR,ERR,ERR,ERR,ERR,ERR,ERR,ERR,ERR,ERR,ERR,ERR,ERR,ERR,ERR,ERR,ERR,ERR,ERR,ERR,ERR,ERR,ERR,ERR,ERR,ERR,ERR,ERR,ERR,ERR,ERR,ERR,ERR,ERR,ERR,ERR,ERR,ERR,ERR,ERR,ERR,ERR,ERR,ERR,ERR,ERR,ERR,-107615240.0,0.0,-117832800.0,0.0,0.0,0.0,0.0,nan,0,0,0,32768,0,0.0,0,0.0,0.0,0.0,0.0,0.0,0,0,0,0,0.0,0,0,0,0,0,0,0,0,0,0,0,0,0,0,0,0,0,0,0,0,0,0,0,0,0,0,0,0,0,0,0,0,0,0,0,0,0,0,0,0,0,0,0,0,0.0,0.0,0.0,0.0,0.0,0.0,0.0,0.0,0.0,0.0,0.0,0.0,0.0,0.0,0.0,0.0,0.0,0.0,0.0,0.0,0.0,0.0,2.004,-0.0,0.0,-2.004,0.0,0.0,0.0,0.0,3355.5,0.0,0.0,-107615240.0,0.0,-107615232.0,-0.0,0.0,0.0,0.0,0.0,0,0.0,-71.629,0.0,0.0,0.0,0.0,0.0,0.0,0.0,0,0,0,0.0,0.0,0.0,0.0,0.0,0.0,0.0,0.0,0.0,0.0,0.0,0.0,0.0,0.0,0.0,0.0,0,-107875648.0,0,0.0,0,-107875648.0,0.0,0,26215,17038,52429,17052,13107,17037,0,0,0,110,100,100,0.0,64.1,0.0,64.8,-0.0,68.5,1,49,50,180,0,0,0,0,0.0,0.0,0.0,0.0,256.52,65.5,0.0,-2.4914489652861445e+29,0.0,645,0,685,0,0,0,713,0,784,0,706,0,689,0,646,0,640,0,619,0.032,36700160.0,-2.004,-0.0,39440,16789,442939572224.0,-2.4914489652861445e+29,0.0,0.0,-1.0019253088815782e+21,-204034.031,29.0,60.0,70,0.0,0.0,0.0,0.0,0.0,0.0,0.0,0.0,0.0,0.0,0.0,0.0,0.0,0.0,0.0,0.0,59.2,68,12,65509,41,65476,0,300,0,0,8,20529,65476,0,0,61604,60.0,0.0,0.0,0.0,0.0,0.0
2026-04-04T11:56:05,ERR,ERR,ERR,ERR,ERR,ERR,ERR,ERR,ERR,ERR,ERR,ERR,ERR,ERR,ERR,ERR,ERR,ERR,ERR,ERR,ERR,ERR,ERR,ERR,ERR,ERR,ERR,ERR,ERR,ERR,ERR,ERR,ERR,ERR,ERR,ERR,ERR,ERR,ERR,ERR,ERR,ERR,ERR,ERR,ERR,ERR,ERR,ERR,ERR,ERR,ERR,ERR,ERR,ERR,ERR,ERR,ERR,ERR,ERR,ERR,ERR,ERR,ERR,ERR,ERR,ERR,ERR,ERR,ERR,ERR,ERR,ERR,ERR,ERR,ERR,ERR,ERR,ERR,ERR,ERR,ERR,ERR,ERR,ERR,ERR,ERR,ERR,ERR,ERR,ERR,ERR,ERR,ERR,ERR,ERR,ERR,ERR,ERR,ERR,ERR,ERR,ERR,ERR,ERR,ERR,ERR,ERR,ERR,ERR,ERR,ERR,ERR,ERR,ERR,ERR,ERR,ERR,ERR,ERR,ERR,ERR,ERR,ERR,ERR,ERR,-107615240.0,0.0,-117832800.0,0.0,0.0,0.0,0.0,nan,0,0,0,32768,0,0.0,0,0.0,0.0,0.0,0.0,0.0,0,0,0,0,0.0,0,0,0,0,0,0,0,0,0,0,0,0,0,0,0,0,0,0,0,0,0,0,0,0,0,0,0,0,0,0,0,0,0,0,0,0,0,0,0,0,0,0,0,0,0.0,0.0,0.0,0.0,0.0,0.0,0.0,0.0,0.0,0.0,0.0,0.0,0.0,0.0,0.0,0.0,0.0,0.0,0.0,0.0,0.0,0.0,2.004,-0.0,0.0,-2.004,0.0,0.0,0.0,0.0,3355.5,0.0,0.0,-107615240.0,0.0,-107615232.0,-0.0,0.0,0.0,0.0,0.0,0,0.0,-71.629,0.0,0.0,0.0,0.0,0.0,0.0,0.0,0,0,0,0.0,0.0,0.0,0.0,0.0,0.0,0.0,0.0,0.0,0.0,0.0,0.0,0.0,0.0,0.0,0.0,0,-107875648.0,0,0.0,0,-107875648.0,0.0,0,26215,17038,52429,17052,13107,17037,0,0,0,110,100,100,0.0,64.1,0.0,64.8,-0.0,68.5,1,49,50,180,0,0,0,0,0.0,0.0,0.0,0.0,256.52,65.5,0.0,-2.4914489652861445e+29,0.0,645,0,685,0,0,0,713,0,784,0,706,0,689,0,646,0,640,0,619,0.032,36700160.0,-2.004,-0.0,39440,16789,442939572224.0,-2.4914489652861445e+29,0.0,0.0,-1.0019253088815782e+21,-204034.031,29.0,60.0,70,0.0,0.0,0.0,0.0,0.0,0.0,0.0,0.0,0.0,0.0,0.0,0.0,0.0,0.0,0.0,0.0,59.2,68,12,65509,41,65476,0,300,0,0,8,20529,65476,0,0,61604,60.0,0.0,0.0,0.0,0.0,0.0
2026-04-04T11:56:06,ERR,ERR,ERR,ERR,ERR,ERR,ERR,ERR,ERR,ERR,ERR,ERR,ERR,ERR,ERR,ERR,ERR,ERR,ERR,ERR,ERR,ERR,ERR,ERR,ERR,ERR,ERR,ERR,ERR,ERR,ERR,ERR,ERR,ERR,ERR,ERR,ERR,ERR,ERR,ERR,ERR,ERR,ERR,ERR,ERR,ERR,ERR,ERR,ERR,ERR,ERR,ERR,ERR,ERR,ERR,ERR,ERR,ERR,ERR,ERR,ERR,ERR,ERR,ERR,ERR,ERR,ERR,ERR,ERR,ERR,ERR,ERR,ERR,ERR,ERR,ERR,ERR,ERR,ERR,ERR,ERR,ERR,ERR,ERR,ERR,ERR,ERR,ERR,ERR,ERR,ERR,ERR,ERR,ERR,ERR,ERR,ERR,ERR,ERR,ERR,ERR,ERR,ERR,ERR,ERR,ERR,ERR,ERR,ERR,ERR,ERR,ERR,ERR,ERR,ERR,ERR,ERR,ERR,ERR,ERR,ERR,ERR,ERR,ERR,ERR,-107615240.0,0.0,-117832800.0,0.0,0.0,0.0,0.0,nan,0,0,0,32768,0,0.0,0,0.0,0.0,0.0,0.0,0.0,0,0,0,0,0.0,0,0,0,0,0,0,0,0,0,0,0,0,0,0,0,0,0,0,0,0,0,0,0,0,0,0,0,0,0,0,0,0,0,0,0,0,0,0,0,0,0,0,0,0,0.0,0.0,0.0,0.0,0.0,0.0,0.0,0.0,0.0,0.0,0.0,0.0,0.0,0.0,0.0,0.0,0.0,0.0,0.0,0.0,0.0,0.0,2.004,-0.0,0.0,-2.004,0.0,0.0,0.0,0.0,3355.5,0.0,0.0,-107615240.0,0.0,-107615232.0,-0.0,0.0,0.0,0.0,0.0,0,0.0,-71.629,0.0,0.0,0.0,0.0,0.0,0.0,0.0,0,0,0,0.0,0.0,0.0,0.0,0.0,0.0,0.0,0.0,0.0,0.0,0.0,0.0,0.0,0.0,0.0,0.0,0,-107875648.0,0,0.0,0,-107875648.0,0.0,0,26215,17038,52429,17052,13107,17037,0,0,0,110,100,100,0.0,64.1,0.0,64.8,-0.0,68.5,1,49,50,180,0,0,0,0,0.0,0.0,0.0,0.0,256.52,65.5,0.0,-2.4914489652861445e+29,0.0,645,0,685,0,0,0,713,0,784,0,706,0,689,0,646,0,640,0,619,0.032,36700160.0,-2.004,-0.0,39440,16789,442939572224.0,-2.4914489652861445e+29,0.0,0.0,-1.0019253088815782e+21,-204034.031,29.0,60.0,70,0.0,0.0,0.0,0.0,0.0,0.0,0.0,0.0,0.0,0.0,0.0,0.0,0.0,0.0,0.0,0.0,59.2,68,12,65509,41,65476,0,300,0,0,8,20529,65476,0,0,61604,60.0,0.0,0.0,0.0,0.0,0.0
2026-04-04T11:56:07,ERR,ERR,ERR,ERR,ERR,ERR,ERR,ERR,ERR,ERR,ERR,ERR,ERR,ERR,ERR,ERR,ERR,ERR,ERR,ERR,ERR,ERR,ERR,ERR,ERR,ERR,ERR,ERR,ERR,ERR,ERR,ERR,ERR,ERR,ERR,ERR,ERR,ERR,ERR,ERR,ERR,ERR,ERR,ERR,ERR,ERR,ERR,ERR,ERR,ERR,ERR,ERR,ERR,ERR,ERR,ERR,ERR,ERR,ERR,ERR,ERR,ERR,ERR,ERR,ERR,ERR,ERR,ERR,ERR,ERR,ERR,ERR,ERR,ERR,ERR,ERR,ERR,ERR,ERR,ERR,ERR,ERR,ERR,ERR,ERR,ERR,ERR,ERR,ERR,ERR,ERR,ERR,ERR,ERR,ERR,ERR,ERR,ERR,ERR,ERR,ERR,ERR,ERR,ERR,ERR,ERR,ERR,ERR,ERR,ERR,ERR,ERR,ERR,ERR,ERR,ERR,ERR,ERR,ERR,ERR,ERR,ERR,ERR,ERR,ERR,-107615240.0,0.0,-117832800.0,0.0,0.0,0.0,0.0,nan,0,0,0,32768,0,0.0,0,0.0,0.0,0.0,0.0,0.0,0,0,0,0,0.0,0,0,0,0,0,0,0,0,0,0,0,0,0,0,0,0,0,0,0,0,0,0,0,0,0,0,0,0,0,0,0,0,0,0,0,0,0,0,0,0,0,0,0,0,0.0,0.0,0.0,0.0,0.0,0.0,0.0,0.0,0.0,0.0,0.0,0.0,0.0,0.0,0.0,0.0,0.0,0.0,0.0,0.0,0.0,0.0,2.004,-0.0,0.0,-2.004,0.0,0.0,0.0,0.0,3355.5,0.0,0.0,-107615240.0,0.0,-107615232.0,-0.0,0.0,0.0,0.0,0.0,0,0.0,-71.629,0.0,0.0,0.0,0.0,0.0,0.0,0.0,0,0,0,0.0,0.0,0.0,0.0,0.0,0.0,0.0,0.0,0.0,0.0,0.0,0.0,0.0,0.0,0.0,0.0,0,-107875648.0,0,0.0,0,-107875648.0,0.0,0,26215,17038,52429,17052,13107,17037,0,0,0,110,100,100,0.0,64.1,0.0,64.8,-0.0,68.5,1,49,50,180,0,0,0,0,0.0,0.0,0.0,0.0,256.52,65.5,0.0,-2.4914489652861445e+29,0.0,645,0,685,0,0,0,713,0,784,0,706,0,689,0,646,0,640,0,619,0.032,36700160.0,-2.004,-0.0,39440,16789,442939572224.0,-2.4914489652861445e+29,0.0,0.0,-1.0019253088815782e+21,-204034.031,29.0,60.0,70,0.0,0.0,0.0,0.0,0.0,0.0,0.0,0.0,0.0,0.0,0.0,0.0,0.0,0.0,0.0,0.0,59.2,68,12,65509,41,65476,0,300,0,0,8,20529,65476,0,0,61604,60.0,0.0,0.0,0.0,0.0,0.0
2026-04-04T11:56:08,ERR,ERR,ERR,ERR,ERR,ERR,ERR,ERR,ERR,ERR,ERR,ERR,ERR,ERR,ERR,ERR,ERR,ERR,ERR,ERR,ERR,ERR,ERR,ERR,ERR,ERR,ERR,ERR,ERR,ERR,ERR,ERR,ERR,ERR,ERR,ERR,ERR,ERR,ERR,ERR,ERR,ERR,ERR,ERR,ERR,ERR,ERR,ERR,ERR,ERR,ERR,ERR,ERR,ERR,ERR,ERR,ERR,ERR,ERR,ERR,ERR,ERR,ERR,ERR,ERR,ERR,ERR,ERR,ERR,ERR,ERR,ERR,ERR,ERR,ERR,ERR,ERR,ERR,ERR,ERR,ERR,ERR,ERR,ERR,ERR,ERR,ERR,ERR,ERR,ERR,ERR,ERR,ERR,ERR,ERR,ERR,ERR,ERR,ERR,ERR,ERR,ERR,ERR,ERR,ERR,ERR,ERR,ERR,ERR,ERR,ERR,ERR,ERR,ERR,ERR,ERR,ERR,ERR,ERR,ERR,ERR,ERR,ERR,ERR,ERR,-107615240.0,0.0,-117832800.0,0.0,0.0,0.0,0.0,nan,0,0,0,32768,0,0.0,0,0.0,0.0,0.0,0.0,0.0,0,0,0,0,0.0,0,0,0,0,0,0,0,0,0,0,0,0,0,0,0,0,0,0,0,0,0,0,0,0,0,0,0,0,0,0,0,0,0,0,0,0,0,0,0,0,0,0,0,0,0.0,0.0,0.0,0.0,0.0,0.0,0.0,0.0,0.0,0.0,0.0,0.0,0.0,0.0,0.0,0.0,0.0,0.0,0.0,0.0,0.0,0.0,2.004,-0.0,0.0,-2.004,0.0,0.0,0.0,0.0,3355.5,0.0,0.0,-107615240.0,0.0,-107615232.0,-0.0,0.0,0.0,0.0,0.0,0,0.0,-71.629,0.0,0.0,0.0,0.0,0.0,0.0,0.0,0,0,0,0.0,0.0,0.0,0.0,0.0,0.0,0.0,0.0,0.0,0.0,0.0,0.0,0.0,0.0,0.0,0.0,0,-107875648.0,0,0.0,0,-107875648.0,0.0,0,39322,17038,52429,17052,13107,17037,0,0,0,110,100,100,0.0,64.0,0.0,64.8,-0.0,68.5,1,49,50,180,0,0,0,0,0.0,0.0,0.0,0.0,1548419989504.0,65.5,0.0,-3.7079083739862855e+22,0.0,645,0,685,0,0,0,713,0,784,0,706,0,688,0,646,0,640,0,619,0.032,36700160.0,-2.004,-0.0,33680,16789,2.562724934467977e+18,-3.7079083739862855e+22,0.0,0.0,-1.036195027413137e+30,-1.363757429078098e+17,29.0,60.0,70,0.0,0.0,0.0,0.0,0.0,0.0,0.0,0.0,0.0,0.0,0.0,0.0,0.0,0.0,0.0,0.0,59.2,68,12,65509,41,65476,0,300,0,0,8,20529,65476,0,0,61604,60.0,0.0,0.0,0.0,0.0,0.0
2026-04-04T11:56:09,ERR,ERR,ERR,ERR,ERR,ERR,ERR,ERR,ERR,ERR,ERR,ERR,ERR,ERR,ERR,ERR,ERR,ERR,ERR,ERR,ERR,ERR,ERR,ERR,ERR,ERR,ERR,ERR,ERR,ERR,ERR,ERR,ERR,ERR,ERR,ERR,ERR,ERR,ERR,ERR,ERR,ERR,ERR,ERR,ERR,ERR,ERR,ERR,ERR,ERR,ERR,ERR,ERR,ERR,ERR,ERR,ERR,ERR,ERR,ERR,ERR,ERR,ERR,ERR,ERR,ERR,ERR,ERR,ERR,ERR,ERR,ERR,ERR,ERR,ERR,ERR,ERR,ERR,ERR,ERR,ERR,ERR,ERR,ERR,ERR,ERR,ERR,ERR,ERR,ERR,ERR,ERR,ERR,ERR,ERR,ERR,ERR,ERR,ERR,ERR,ERR,ERR,ERR,ERR,ERR,ERR,ERR,ERR,ERR,ERR,ERR,ERR,ERR,ERR,ERR,ERR,ERR,ERR,ERR,ERR,ERR,ERR,ERR,ERR,ERR,-107615240.0,0.0,-117832800.0,0.0,0.0,0.0,0.0,nan,0,0,0,32768,0,0.0,0,0.0,0.0,0.0,0.0,0.0,0,0,0,0,0.0,0,0,0,0,0,0,0,0,0,0,0,0,0,0,0,0,0,0,0,0,0,0,0,0,0,0,0,0,0,0,0,0,0,0,0,0,0,0,0,0,0,0,0,0,0.0,0.0,0.0,0.0,0.0,0.0,0.0,0.0,0.0,0.0,0.0,0.0,0.0,0.0,0.0,0.0,0.0,0.0,0.0,0.0,0.0,0.0,2.004,-0.0,0.0,-2.004,0.0,0.0,0.0,0.0,3355.5,0.0,0.0,-107615240.0,0.0,-107615232.0,-0.0,0.0,0.0,0.0,0.0,0,0.0,-71.629,0.0,0.0,0.0,0.0,0.0,0.0,0.0,0,0,0,0.0,0.0,0.0,0.0,0.0,0.0,0.0,0.0,0.0,0.0,0.0,0.0,0.0,0.0,0.0,0.0,0,-107875648.0,0,0.0,0,-107875648.0,0.0,0,39322,17038,52429,17052,13107,17037,0,0,0,110,100,100,0.0,64.0,0.0,64.8,-0.0,68.5,1,49,50,180,0,0,0,0,0.0,0.0,0.0,0.0,1548419989504.0,65.5,0.0,-3.7079083739862855e+22,0.0,645,0,685,0,0,0,713,0,784,0,706,0,688,0,646,0,640,0,619,0.032,36700160.0,-2.004,-0.0,33680,16789,2.562724934467977e+18,-3.7079083739862855e+22,0.0,0.0,-1.036195027413137e+30,-1.363757429078098e+17,29.0,60.0,70,0.0,0.0,0.0,0.0,0.0,0.0,0.0,0.0,0.0,0.0,0.0,0.0,0.0,0.0,0.0,0.0,59.2,68,12,65509,41,65476,0,300,0,0,8,20529,65476,0,0,61604,60.0,0.0,0.0,0.0,0.0,0.0
2026-04-04T11:56:10,ERR,ERR,ERR,ERR,ERR,ERR,ERR,ERR,ERR,ERR,ERR,ERR,ERR,ERR,ERR,ERR,ERR,ERR,ERR,ERR,ERR,ERR,ERR,ERR,ERR,ERR,ERR,ERR,ERR,ERR,ERR,ERR,ERR,ERR,ERR,ERR,ERR,ERR,ERR,ERR,ERR,ERR,ERR,ERR,ERR,ERR,ERR,ERR,ERR,ERR,ERR,ERR,ERR,ERR,ERR,ERR,ERR,ERR,ERR,ERR,ERR,ERR,ERR,ERR,ERR,ERR,ERR,ERR,ERR,ERR,ERR,ERR,ERR,ERR,ERR,ERR,ERR,ERR,ERR,ERR,ERR,ERR,ERR,ERR,ERR,ERR,ERR,ERR,ERR,ERR,ERR,ERR,ERR,ERR,ERR,ERR,ERR,ERR,ERR,ERR,ERR,ERR,ERR,ERR,ERR,ERR,ERR,ERR,ERR,ERR,ERR,ERR,ERR,ERR,ERR,ERR,ERR,ERR,ERR,ERR,ERR,ERR,ERR,ERR,ERR,-107615240.0,0.0,-117832800.0,0.0,0.0,0.0,0.0,nan,0,0,0,32768,0,0.0,0,0.0,0.0,0.0,0.0,0.0,0,0,0,0,0.0,0,0,0,0,0,0,0,0,0,0,0,0,0,0,0,0,0,0,0,0,0,0,0,0,0,0,0,0,0,0,0,0,0,0,0,0,0,0,0,0,0,0,0,0,0.0,0.0,0.0,0.0,0.0,0.0,0.0,0.0,0.0,0.0,0.0,0.0,0.0,0.0,0.0,0.0,0.0,0.0,0.0,0.0,0.0,0.0,2.004,-0.0,0.0,-2.004,0.0,0.0,0.0,0.0,3341.0,-1.5879149971201683e+29,0.0,-107615240.0,0.0,-107615232.0,-0.0,0.0,0.0,0.0,0.0,0,0.0,-0.0,0.0,0.0,0.0,0.0,0.0,0.0,0.0,0,0,0,0.0,0.0,0.0,0.0,0.0,0.0,0.0,0.0,0.0,0.0,0.0,0.0,0.0,0.0,0.0,0.0,0,-107875648.0,0,0.0,0,-107875648.0,0.0,0,39322,17038,52429,17052,13107,17037,0,0,0,110,100,100,0.0,64.0,0.0,64.8,-0.0,68.5,1,49,50,180,0,0,0,0,0.0,0.0,0.0,0.0,1548419989504.0,65.5,0.0,-3.7079083739862855e+22,0.0,645,0,685,0,0,0,713,0,784,0,706,0,688,0,646,0,640,0,619,0.032,36700160.0,-2.004,-0.0,33680,16789,2.562724934467977e+18,-3.7079083739862855e+22,0.0,0.0,-1.036195027413137e+30,-1.363757429078098e+17,29.0,60.0,70,0.0,0.0,0.0,0.0,0.0,0.0,0.0,0.0,0.0,0.0,0.0,0.0,0.0,0.0,0.0,0.0,59.2,68,12,65509,41,65476,0,300,0,0,8,20529,65476,0,0,61604,60.0,0.0,0.0,0.0,0.0,0.0
2026-04-04T11:56:11,ERR,ERR,ERR,ERR,ERR,ERR,ERR,ERR,ERR,ERR,ERR,ERR,ERR,ERR,ERR,ERR,ERR,ERR,ERR,ERR,ERR,ERR,ERR,ERR,ERR,ERR,ERR,ERR,ERR,ERR,ERR,ERR,ERR,ERR,ERR,ERR,ERR,ERR,ERR,ERR,ERR,ERR,ERR,ERR,ERR,ERR,ERR,ERR,ERR,ERR,ERR,ERR,ERR,ERR,ERR,ERR,ERR,ERR,ERR,ERR,ERR,ERR,ERR,ERR,ERR,ERR,ERR,ERR,ERR,ERR,ERR,ERR,ERR,ERR,ERR,ERR,ERR,ERR,ERR,ERR,ERR,ERR,ERR,ERR,ERR,ERR,ERR,ERR,ERR,ERR,ERR,ERR,ERR,ERR,ERR,ERR,ERR,ERR,ERR,ERR,ERR,ERR,ERR,ERR,ERR,ERR,ERR,ERR,ERR,ERR,ERR,ERR,ERR,ERR,ERR,ERR,ERR,ERR,ERR,ERR,ERR,ERR,ERR,ERR,ERR,-107615240.0,0.0,-117832800.0,0.0,0.0,0.0,0.0,nan,0,0,0,32768,0,0.0,0,0.0,0.0,0.0,0.0,0.0,0,0,0,0,0.0,0,0,0,0,0,0,0,0,0,0,0,0,0,0,0,0,0,0,0,0,0,0,0,0,0,0,0,0,0,0,0,0,0,0,0,0,0,0,0,0,0,0,0,0,0.0,0.0,0.0,0.0,0.0,0.0,0.0,0.0,0.0,0.0,0.0,0.0,0.0,0.0,0.0,0.0,0.0,0.0,0.0,0.0,0.0,0.0,2.004,-0.0,0.0,-2.004,0.0,0.0,0.0,0.0,3341.0,-1.5879149971201683e+29,0.0,-107615240.0,0.0,-107615232.0,-0.0,0.0,0.0,0.0,0.0,0,0.0,-0.0,0.0,0.0,0.0,0.0,0.0,0.0,0.0,0,0,0,0.0,0.0,0.0,0.0,0.0,0.0,0.0,0.0,0.0,0.0,0.0,0.0,0.0,0.0,0.0,0.0,0,-107875648.0,0,0.0,0,-107875648.0,0.0,0,39322,17038,52429,17052,13107,17037,0,0,0,110,100,100,0.0,64.0,0.0,64.8,-0.0,68.5,1,49,50,180,0,0,0,0,0.0,0.0,0.0,0.0,1548419989504.0,65.5,0.0,-3.7079083739862855e+22,0.0,645,0,685,0,0,0,713,0,784,0,706,0,688,0,646,0,640,0,619,0.032,36700160.0,-2.004,-0.0,33680,16789,2.562724934467977e+18,-3.7079083739862855e+22,0.0,0.0,-1.036195027413137e+30,-1.363757429078098e+17,29.0,60.0,70,0.0,0.0,0.0,0.0,0.0,0.0,0.0,0.0,0.0,0.0,0.0,0.0,0.0,0.0,0.0,0.0,59.2,68,12,65509,41,65476,0,300,0,0,8,20529,65476,0,0,61604,60.0,0.0,0.0,0.0,0.0,0.0
2026-04-04T11:56:12,ERR,ERR,ERR,ERR,ERR,ERR,ERR,ERR,ERR,ERR,ERR,ERR,ERR,ERR,ERR,ERR,ERR,ERR,ERR,ERR,ERR,ERR,ERR,ERR,ERR,ERR,ERR,ERR,ERR,ERR,ERR,ERR,ERR,ERR,ERR,ERR,ERR,ERR,ERR,ERR,ERR,ERR,ERR,ERR,ERR,ERR,ERR,ERR,ERR,ERR,ERR,ERR,ERR,ERR,ERR,ERR,ERR,ERR,ERR,ERR,ERR,ERR,ERR,ERR,ERR,ERR,ERR,ERR,ERR,ERR,ERR,ERR,ERR,ERR,ERR,ERR,ERR,ERR,ERR,ERR,ERR,ERR,ERR,ERR,ERR,ERR,ERR,ERR,ERR,ERR,ERR,ERR,ERR,ERR,ERR,ERR,ERR,ERR,ERR,ERR,ERR,ERR,ERR,ERR,ERR,ERR,ERR,ERR,ERR,ERR,ERR,ERR,ERR,ERR,ERR,ERR,ERR,ERR,ERR,ERR,ERR,ERR,ERR,ERR,ERR,-107615240.0,0.0,-117832800.0,0.0,0.0,0.0,0.0,nan,0,0,0,32768,0,0.0,0,0.0,0.0,0.0,0.0,0.0,0,0,0,0,0.0,0,0,0,0,0,0,0,0,0,0,0,0,0,0,0,0,0,0,0,0,0,0,0,0,0,0,0,0,0,0,0,0,0,0,0,0,0,0,0,0,0,0,0,0,0.0,0.0,0.0,0.0,0.0,0.0,0.0,0.0,0.0,0.0,0.0,0.0,0.0,0.0,0.0,0.0,0.0,0.0,0.0,0.0,0.0,0.0,2.004,-0.0,0.0,-2.004,0.0,0.0,0.0,0.0,3341.0,-1.5879149971201683e+29,0.0,-107615240.0,0.0,-107615232.0,-0.0,0.0,0.0,0.0,0.0,0,0.0,-0.0,0.0,0.0,0.0,0.0,0.0,0.0,0.0,0,0,0,0.0,0.0,0.0,0.0,0.0,0.0,0.0,0.0,0.0,0.0,0.0,0.0,0.0,0.0,0.0,0.0,0,-107875648.0,0,0.0,0,-107875648.0,0.0,0,39322,17038,52429,17052,13107,17037,0,0,0,110,100,100,0.0,64.0,0.0,64.8,-0.0,68.5,1,49,50,180,0,0,0,0,0.0,0.0,0.0,0.0,1548419989504.0,65.5,0.0,-3.7079083739862855e+22,0.0,645,0,685,0,0,0,713,0,784,0,706,0,688,0,646,0,640,0,619,0.032,36700160.0,-2.004,-0.0,33680,16789,2.562724934467977e+18,-3.7079083739862855e+22,0.0,0.0,-1.036195027413137e+30,-1.363757429078098e+17,29.0,60.0,70,0.0,0.0,0.0,0.0,0.0,0.0,0.0,0.0,0.0,0.0,0.0,0.0,0.0,0.0,0.0,0.0,59.2,68,12,65509,41,65476,0,300,0,0,8,20529,65476,0,0,61604,60.0,0.0,0.0,0.0,0.0,0.0
2026-04-04T11:56:13,ERR,ERR,ERR,ERR,ERR,ERR,ERR,ERR,ERR,ERR,ERR,ERR,ERR,ERR,ERR,ERR,ERR,ERR,ERR,ERR,ERR,ERR,ERR,ERR,ERR,ERR,ERR,ERR,ERR,ERR,ERR,ERR,ERR,ERR,ERR,ERR,ERR,ERR,ERR,ERR,ERR,ERR,ERR,ERR,ERR,ERR,ERR,ERR,ERR,ERR,ERR,ERR,ERR,ERR,ERR,ERR,ERR,ERR,ERR,ERR,ERR,ERR,ERR,ERR,ERR,ERR,ERR,ERR,ERR,ERR,ERR,ERR,ERR,ERR,ERR,ERR,ERR,ERR,ERR,ERR,ERR,ERR,ERR,ERR,ERR,ERR,ERR,ERR,ERR,ERR,ERR,ERR,ERR,ERR,ERR,ERR,ERR,ERR,ERR,ERR,ERR,ERR,ERR,ERR,ERR,ERR,ERR,ERR,ERR,ERR,ERR,ERR,ERR,ERR,ERR,ERR,ERR,ERR,ERR,ERR,ERR,ERR,ERR,ERR,ERR,-107615240.0,0.0,-117832800.0,0.0,0.0,0.0,0.0,nan,0,0,0,32768,0,0.0,0,0.0,0.0,0.0,0.0,0.0,0,0,0,0,0.0,0,0,0,0,0,0,0,0,0,0,0,0,0,0,0,0,0,0,0,0,0,0,0,0,0,0,0,0,0,0,0,0,0,0,0,0,0,0,0,0,0,0,0,0,0.0,0.0,0.0,0.0,0.0,0.0,0.0,0.0,0.0,0.0,0.0,0.0,0.0,0.0,0.0,0.0,0.0,0.0,0.0,0.0,0.0,0.0,2.004,-0.0,0.0,-2.004,0.0,0.0,0.0,0.0,3341.0,-1.5879149971201683e+29,0.0,-107615240.0,0.0,-107615232.0,-0.0,0.0,0.0,0.0,0.0,0,0.0,-0.0,0.0,0.0,0.0,0.0,0.0,0.0,0.0,0,0,0,0.0,0.0,0.0,0.0,0.0,0.0,0.0,0.0,0.0,0.0,0.0,0.0,0.0,0.0,0.0,0.0,0,-107875648.0,0,0.0,0,-107875648.0,0.0,0,39322,17038,52429,17052,13107,17037,0,0,0,110,100,100,0.0,64.0,0.0,64.8,-0.0,68.5,1,49,50,180,0,0,0,0,0.0,0.0,0.0,0.0,1548419989504.0,65.5,0.0,-3.7079083739862855e+22,0.0,645,0,685,0,0,0,713,0,784,0,706,0,688,0,646,0,640,0,619,0.032,36700160.0,-2.004,-0.0,33680,16789,2.562724934467977e+18,-3.7079083739862855e+22,0.0,0.0,-1.036195027413137e+30,-1.363757429078098e+17,29.0,60.0,70,0.0,0.0,0.0,0.0,0.0,0.0,0.0,0.0,0.0,0.0,0.0,0.0,0.0,0.0,0.0,0.0,59.2,68,12,65509,41,65476,0,300,0,0,8,20529,65476,0,0,61604,60.0,0.0,0.0,0.0,0.0,0.0
2026-04-04T11:56:14,ERR,ERR,ERR,ERR,ERR,ERR,ERR,ERR,ERR,ERR,ERR,ERR,ERR,ERR,ERR,ERR,ERR,ERR,ERR,ERR,ERR,ERR,ERR,ERR,ERR,ERR,ERR,ERR,ERR,ERR,ERR,ERR,ERR,ERR,ERR,ERR,ERR,ERR,ERR,ERR,ERR,ERR,ERR,ERR,ERR,ERR,ERR,ERR,ERR,ERR,ERR,ERR,ERR,ERR,ERR,ERR,ERR,ERR,ERR,ERR,ERR,ERR,ERR,ERR,ERR,ERR,ERR,ERR,ERR,ERR,ERR,ERR,ERR,ERR,ERR,ERR,ERR,ERR,ERR,ERR,ERR,ERR,ERR,ERR,ERR,ERR,ERR,ERR,ERR,ERR,ERR,ERR,ERR,ERR,ERR,ERR,ERR,ERR,ERR,ERR,ERR,ERR,ERR,ERR,ERR,ERR,ERR,ERR,ERR,ERR,ERR,ERR,ERR,ERR,ERR,ERR,ERR,ERR,ERR,ERR,ERR,ERR,ERR,ERR,ERR,-107615240.0,0.0,-117832800.0,0.0,0.0,0.0,0.0,nan,0,0,0,32768,0,0.0,0,0.0,0.0,0.0,0.0,0.0,0,0,0,0,0.0,0,0,0,0,0,0,0,0,0,0,0,0,0,0,0,0,0,0,0,0,0,0,0,0,0,0,0,0,0,0,0,0,0,0,0,0,0,0,0,0,0,0,0,0,0.0,0.0,0.0,0.0,0.0,0.0,0.0,0.0,0.0,0.0,0.0,0.0,0.0,0.0,0.0,0.0,0.0,0.0,0.0,0.0,0.0,0.0,2.004,-0.0,0.0,-2.004,0.0,0.0,0.0,0.0,3341.0,-1.5879149971201683e+29,0.0,-107615240.0,0.0,-107615232.0,-0.0,0.0,0.0,0.0,0.0,0,0.0,-0.0,0.0,0.0,0.0,0.0,0.0,0.0,0.0,0,0,0,0.0,0.0,0.0,0.0,0.0,0.0,0.0,0.0,0.0,0.0,0.0,0.0,0.0,0.0,0.0,0.0,0,-107875648.0,0,0.0,0,-107875648.0,0.0,0,26215,17038,52429,17052,13107,17037,0,0,0,110,100,100,0.0,64.1,0.0,64.8,-0.0,68.5,1,49,50,180,0,0,0,0,0.0,0.0,0.0,0.0,1.1611395122108826e+17,65.5,0.0,0.0,0.0,645,0,685,0,0,0,713,0,784,0,706,0,688,0,646,0,640,0,620,0.032,36700160.0,-2.004,-0.0,46224,16789,67245080.0,0.0,0.0,-0.0,-3.2982204248883384e+25,-175290482688.0,29.0,60.0,70,0.0,0.0,0.0,0.0,0.0,0.0,0.0,0.0,0.0,0.0,0.0,0.0,0.0,0.0,0.0,0.0,59.2,68,12,65509,41,65476,0,300,0,0,8,20529,65476,0,0,61604,60.0,0.0,0.0,0.0,0.0,0.0
2026-04-04T11:56:15,ERR,ERR,ERR,ERR,ERR,ERR,ERR,ERR,ERR,ERR,ERR,ERR,ERR,ERR,ERR,ERR,ERR,ERR,ERR,ERR,ERR,ERR,ERR,ERR,ERR,ERR,ERR,ERR,ERR,ERR,ERR,ERR,ERR,ERR,ERR,ERR,ERR,ERR,ERR,ERR,ERR,ERR,ERR,ERR,ERR,ERR,ERR,ERR,ERR,ERR,ERR,ERR,ERR,ERR,ERR,ERR,ERR,ERR,ERR,ERR,ERR,ERR,ERR,ERR,ERR,ERR,ERR,ERR,ERR,ERR,ERR,ERR,ERR,ERR,ERR,ERR,ERR,ERR,ERR,ERR,ERR,ERR,ERR,ERR,ERR,ERR,ERR,ERR,ERR,ERR,ERR,ERR,ERR,ERR,ERR,ERR,ERR,ERR,ERR,ERR,ERR,ERR,ERR,ERR,ERR,ERR,ERR,ERR,ERR,ERR,ERR,ERR,ERR,ERR,ERR,ERR,ERR,ERR,ERR,ERR,ERR,ERR,ERR,ERR,ERR,-107615240.0,0.0,-117832800.0,0.0,0.0,0.0,0.0,nan,0,0,0,32768,0,0.0,0,0.0,0.0,0.0,0.0,0.0,0,0,0,0,0.0,0,0,0,0,0,0,0,0,0,0,0,0,0,0,0,0,0,0,0,0,0,0,0,0,0,0,0,0,0,0,0,0,0,0,0,0,0,0,0,0,0,0,0,0,0.0,0.0,0.0,0.0,0.0,0.0,0.0,0.0,0.0,0.0,0.0,0.0,0.0,0.0,0.0,0.0,0.0,0.0,0.0,0.0,0.0,0.0,2.004,-0.0,0.0,-2.004,0.0,0.0,0.0,0.0,3341.0,-1.5879149971201683e+29,0.0,-107615240.0,0.0,-107615232.0,-0.0,0.0,0.0,0.0,0.0,0,0.0,-0.0,0.0,0.0,0.0,0.0,0.0,0.0,0.0,0,0,0,0.0,0.0,0.0,0.0,0.0,0.0,0.0,0.0,0.0,0.0,0.0,0.0,0.0,0.0,0.0,0.0,0,-107875648.0,0,0.0,0,-107875648.0,0.0,0,26215,17038,52429,17052,13107,17037,0,0,0,110,100,100,0.0,64.1,0.0,64.8,-0.0,68.5,1,49,50,180,0,0,0,0,0.0,0.0,0.0,0.0,1.1611395122108826e+17,65.5,0.0,0.0,0.0,645,0,685,0,0,0,713,0,784,0,706,0,688,0,646,0,640,0,620,0.032,36700160.0,-2.004,-0.0,46224,16789,67245080.0,0.0,0.0,-0.0,-3.2982204248883384e+25,-175290482688.0,29.0,60.0,70,0.0,0.0,0.0,0.0,0.0,0.0,0.0,0.0,0.0,0.0,0.0,0.0,0.0,0.0,0.0,0.0,59.2,68,12,65509,41,65476,0,300,0,0,8,20529,65476,0,0,61604,60.0,0.0,0.0,0.0,0.0,0.0
2026-04-04T11:56:16,ERR,ERR,ERR,ERR,ERR,ERR,ERR,ERR,ERR,ERR,ERR,ERR,ERR,ERR,ERR,ERR,ERR,ERR,ERR,ERR,ERR,ERR,ERR,ERR,ERR,ERR,ERR,ERR,ERR,ERR,ERR,ERR,ERR,ERR,ERR,ERR,ERR,ERR,ERR,ERR,ERR,ERR,ERR,ERR,ERR,ERR,ERR,ERR,ERR,ERR,ERR,ERR,ERR,ERR,ERR,ERR,ERR,ERR,ERR,ERR,ERR,ERR,ERR,ERR,ERR,ERR,ERR,ERR,ERR,ERR,ERR,ERR,ERR,ERR,ERR,ERR,ERR,ERR,ERR,ERR,ERR,ERR,ERR,ERR,ERR,ERR,ERR,ERR,ERR,ERR,ERR,ERR,ERR,ERR,ERR,ERR,ERR,ERR,ERR,ERR,ERR,ERR,ERR,ERR,ERR,ERR,ERR,ERR,ERR,ERR,ERR,ERR,ERR,ERR,ERR,ERR,ERR,ERR,ERR,ERR,ERR,ERR,ERR,ERR,ERR,-107615240.0,0.0,-117832800.0,0.0,0.0,0.0,0.0,nan,0,0,0,32768,0,0.0,0,0.0,0.0,0.0,0.0,0.0,0,0,0,0,0.0,0,0,0,0,0,0,0,0,0,0,0,0,0,0,0,0,0,0,0,0,0,0,0,0,0,0,0,0,0,0,0,0,0,0,0,0,0,0,0,0,0,0,0,0,0.0,0.0,0.0,0.0,0.0,0.0,0.0,0.0,0.0,0.0,0.0,0.0,0.0,0.0,0.0,0.0,0.0,0.0,0.0,0.0,0.0,0.0,2.004,-0.0,0.0,-2.004,0.0,0.0,0.0,0.0,3341.0,-1.5879149971201683e+29,0.0,-107615240.0,0.0,-107615232.0,-0.0,0.0,0.0,0.0,0.0,0,0.0,-0.0,0.0,0.0,0.0,0.0,0.0,0.0,0.0,0,0,0,0.0,0.0,0.0,0.0,0.0,0.0,0.0,0.0,0.0,0.0,0.0,0.0,0.0,0.0,0.0,0.0,0,-107875648.0,0,0.0,0,-107875648.0,0.0,0,26215,17038,52429,17052,13107,17037,0,0,0,110,100,100,0.0,64.1,0.0,64.8,-0.0,68.5,1,49,50,180,0,0,0,0,0.0,0.0,0.0,0.0,1.1611395122108826e+17,65.5,0.0,0.0,0.0,645,0,685,0,0,0,713,0,784,0,706,0,688,0,646,0,640,0,620,0.032,36700160.0,-2.004,-0.0,46224,16789,67245080.0,0.0,0.0,-0.0,-3.2982204248883384e+25,-175290482688.0,29.0,60.0,70,0.0,0.0,0.0,0.0,0.0,0.0,0.0,0.0,0.0,0.0,0.0,0.0,0.0,0.0,0.0,0.0,59.2,68,12,65509,41,65476,0,300,0,0,8,20529,65476,0,0,61604,60.0,0.0,0.0,0.0,0.0,0.0
2026-04-04T11:56:17,ERR,ERR,ERR,ERR,ERR,ERR,ERR,ERR,ERR,ERR,ERR,ERR,ERR,ERR,ERR,ERR,ERR,ERR,ERR,ERR,ERR,ERR,ERR,ERR,ERR,ERR,ERR,ERR,ERR,ERR,ERR,ERR,ERR,ERR,ERR,ERR,ERR,ERR,ERR,ERR,ERR,ERR,ERR,ERR,ERR,ERR,ERR,ERR,ERR,ERR,ERR,ERR,ERR,ERR,ERR,ERR,ERR,ERR,ERR,ERR,ERR,ERR,ERR,ERR,ERR,ERR,ERR,ERR,ERR,ERR,ERR,ERR,ERR,ERR,ERR,ERR,ERR,ERR,ERR,ERR,ERR,ERR,ERR,ERR,ERR,ERR,ERR,ERR,ERR,ERR,ERR,ERR,ERR,ERR,ERR,ERR,ERR,ERR,ERR,ERR,ERR,ERR,ERR,ERR,ERR,ERR,ERR,ERR,ERR,ERR,ERR,ERR,ERR,ERR,ERR,ERR,ERR,ERR,ERR,ERR,ERR,ERR,ERR,ERR,ERR,-107615240.0,0.0,-117832800.0,0.0,0.0,0.0,0.0,nan,0,0,0,32768,0,0.0,0,0.0,0.0,0.0,0.0,0.0,0,0,0,0,0.0,0,0,0,0,0,0,0,0,0,0,0,0,0,0,0,0,0,0,0,0,0,0,0,0,0,0,0,0,0,0,0,0,0,0,0,0,0,0,0,0,0,0,0,0,0.0,0.0,0.0,0.0,0.0,0.0,0.0,0.0,0.0,0.0,0.0,0.0,0.0,0.0,0.0,0.0,0.0,0.0,0.0,0.0,0.0,0.0,2.004,-0.0,0.0,-2.004,0.0,0.0,0.0,0.0,3341.0,-1.5879149971201683e+29,0.0,-107615240.0,0.0,-107615232.0,-0.0,0.0,0.0,0.0,0.0,0,0.0,-0.0,0.0,0.0,0.0,0.0,0.0,0.0,0.0,0,0,0,0.0,0.0,0.0,0.0,0.0,0.0,0.0,0.0,0.0,0.0,0.0,0.0,0.0,0.0,0.0,0.0,0,-107875648.0,0,0.0,0,-107875648.0,0.0,0,26215,17038,52429,17052,13107,17037,0,0,0,110,100,100,0.0,64.1,0.0,64.8,-0.0,68.5,1,49,50,180,0,0,0,0,0.0,0.0,0.0,0.0,1.1611395122108826e+17,65.5,0.0,0.0,0.0,645,0,685,0,0,0,713,0,784,0,706,0,688,0,646,0,640,0,620,0.032,36700160.0,-2.004,-0.0,46224,16789,67245080.0,0.0,0.0,-0.0,-3.2982204248883384e+25,-175290482688.0,29.0,60.0,70,0.0,0.0,0.0,0.0,0.0,0.0,0.0,0.0,0.0,0.0,0.0,0.0,0.0,0.0,0.0,0.0,59.2,68,12,65509,41,65476,0,300,0,0,8,20529,65476,0,0,61604,60.0,0.0,0.0,0.0,0.0,0.0
2026-04-04T11:56:18,ERR,ERR,ERR,ERR,ERR,ERR,ERR,ERR,ERR,ERR,ERR,ERR,ERR,ERR,ERR,ERR,ERR,ERR,ERR,ERR,ERR,ERR,ERR,ERR,ERR,ERR,ERR,ERR,ERR,ERR,ERR,ERR,ERR,ERR,ERR,ERR,ERR,ERR,ERR,ERR,ERR,ERR,ERR,ERR,ERR,ERR,ERR,ERR,ERR,ERR,ERR,ERR,ERR,ERR,ERR,ERR,ERR,ERR,ERR,ERR,ERR,ERR,ERR,ERR,ERR,ERR,ERR,ERR,ERR,ERR,ERR,ERR,ERR,ERR,ERR,ERR,ERR,ERR,ERR,ERR,ERR,ERR,ERR,ERR,ERR,ERR,ERR,ERR,ERR,ERR,ERR,ERR,ERR,ERR,ERR,ERR,ERR,ERR,ERR,ERR,ERR,ERR,ERR,ERR,ERR,ERR,ERR,ERR,ERR,ERR,ERR,ERR,ERR,ERR,ERR,ERR,ERR,ERR,ERR,ERR,ERR,ERR,ERR,ERR,ERR,-107615240.0,0.0,-117832800.0,0.0,0.0,0.0,0.0,nan,0,0,0,32768,0,0.0,0,0.0,0.0,0.0,0.0,0.0,0,0,0,0,0.0,0,0,0,0,0,0,0,0,0,0,0,0,0,0,0,0,0,0,0,0,0,0,0,0,0,0,0,0,0,0,0,0,0,0,0,0,0,0,0,0,0,0,0,0,0.0,0.0,0.0,0.0,0.0,0.0,0.0,0.0,0.0,0.0,0.0,0.0,0.0,0.0,0.0,0.0,0.0,0.0,0.0,0.0,0.0,0.0,2.004,-0.0,0.0,-2.004,0.0,0.0,0.0,0.0,3356.5,0.0,0.0,-107615240.0,0.0,-107615232.0,-0.0,0.0,0.0,0.0,0.0,0,0.0,-0.0,0.0,0.0,0.0,0.0,0.0,0.0,0.0,0,0,0,0.0,0.0,0.0,0.0,0.0,0.0,0.0,0.0,0.0,0.0,0.0,0.0,0.0,0.0,0.0,0.0,0,-107875648.0,0,0.0,0,-107875648.0,0.0,0,26215,17038,52429,17052,13107,17037,0,0,0,110,100,100,0.0,64.0,0.0,64.8,-0.0,68.5,1,49,50,180,0,0,0,0,0.0,0.0,0.0,0.0,1.3121151664476043e+21,65.5,0.0,-986742080.0,0.0,645,0,685,0,0,0,712,0,784,0,706,0,688,0,646,0,640,0,620,0.032,36700160.0,0.0,0.0,54800,16789,2873501679616.0,-986742080.0,0.0,2.598544824277664e+18,-125486118207488.0,-0.0,29.0,60.0,70,0.0,0.0,0.0,0.0,0.0,0.0,0.0,0.0,0.0,0.0,0.0,0.0,0.0,0.0,0.0,0.0,59.2,68,12,65509,41,65476,0,300,0,0,8,20529,65476,0,0,61604,60.0,0.0,0.0,0.0,0.0,0.0
2026-04-04T11:56:19,ERR,ERR,ERR,ERR,ERR,ERR,ERR,ERR,ERR,ERR,ERR,ERR,ERR,ERR,ERR,ERR,ERR,ERR,ERR,ERR,ERR,ERR,ERR,ERR,ERR,ERR,ERR,ERR,ERR,ERR,ERR,ERR,ERR,ERR,ERR,ERR,ERR,ERR,ERR,ERR,ERR,ERR,ERR,ERR,ERR,ERR,ERR,ERR,ERR,ERR,ERR,ERR,ERR,ERR,ERR,ERR,ERR,ERR,ERR,ERR,ERR,ERR,ERR,ERR,ERR,ERR,ERR,ERR,ERR,ERR,ERR,ERR,ERR,ERR,ERR,ERR,ERR,ERR,ERR,ERR,ERR,ERR,ERR,ERR,ERR,ERR,ERR,ERR,ERR,ERR,ERR,ERR,ERR,ERR,ERR,ERR,ERR,ERR,ERR,ERR,ERR,ERR,ERR,ERR,ERR,ERR,ERR,ERR,ERR,ERR,ERR,ERR,ERR,ERR,ERR,ERR,ERR,ERR,ERR,ERR,ERR,ERR,ERR,ERR,ERR,-107615240.0,0.0,-117832800.0,0.0,0.0,0.0,0.0,nan,0,0,0,32768,0,0.0,0,0.0,0.0,0.0,0.0,0.0,0,0,0,0,0.0,0,0,0,0,0,0,0,0,0,0,0,0,0,0,0,0,0,0,0,0,0,0,0,0,0,0,0,0,0,0,0,0,0,0,0,0,0,0,0,0,0,0,0,0,0.0,0.0,0.0,0.0,0.0,0.0,0.0,0.0,0.0,0.0,0.0,0.0,0.0,0.0,0.0,0.0,0.0,0.0,0.0,0.0,0.0,0.0,2.004,-0.0,0.0,-2.004,0.0,0.0,0.0,0.0,3356.5,0.0,0.0,-107615240.0,0.0,-107615232.0,-0.0,0.0,0.0,0.0,0.0,0,0.0,-0.0,0.0,0.0,0.0,0.0,0.0,0.0,0.0,0,0,0,0.0,0.0,0.0,0.0,0.0,0.0,0.0,0.0,0.0,0.0,0.0,0.0,0.0,0.0,0.0,0.0,0,-107875648.0,0,0.0,0,-107875648.0,0.0,0,26215,17038,52429,17052,13107,17037,0,0,0,110,100,100,0.0,64.0,0.0,64.8,-0.0,68.5,1,49,50,180,0,0,0,0,0.0,0.0,0.0,0.0,1.3121151664476043e+21,65.5,0.0,-986742080.0,0.0,645,0,685,0,0,0,712,0,784,0,706,0,688,0,646,0,640,0,620,0.032,36700160.0,0.0,0.0,54800,16789,2873501679616.0,-986742080.0,0.0,2.598544824277664e+18,-125486118207488.0,-0.0,29.0,60.0,70,0.0,0.0,0.0,0.0,0.0,0.0,0.0,0.0,0.0,0.0,0.0,0.0,0.0,0.0,0.0,0.0,59.2,68,12,65509,41,65476,0,300,0,0,8,20529,65476,0,0,61604,60.0,0.0,0.0,0.0,0.0,0.0
2026-04-04T11:56:20,ERR,ERR,ERR,ERR,ERR,ERR,ERR,ERR,ERR,ERR,ERR,ERR,ERR,ERR,ERR,ERR,ERR,ERR,ERR,ERR,ERR,ERR,ERR,ERR,ERR,ERR,ERR,ERR,ERR,ERR,ERR,ERR,ERR,ERR,ERR,ERR,ERR,ERR,ERR,ERR,ERR,ERR,ERR,ERR,ERR,ERR,ERR,ERR,ERR,ERR,ERR,ERR,ERR,ERR,ERR,ERR,ERR,ERR,ERR,ERR,ERR,ERR,ERR,ERR,ERR,ERR,ERR,ERR,ERR,ERR,ERR,ERR,ERR,ERR,ERR,ERR,ERR,ERR,ERR,ERR,ERR,ERR,ERR,ERR,ERR,ERR,ERR,ERR,ERR,ERR,ERR,ERR,ERR,ERR,ERR,ERR,ERR,ERR,ERR,ERR,ERR,ERR,ERR,ERR,ERR,ERR,ERR,ERR,ERR,ERR,ERR,ERR,ERR,ERR,ERR,ERR,ERR,ERR,ERR,ERR,ERR,ERR,ERR,ERR,ERR,-107615240.0,0.0,-117832800.0,0.0,0.0,0.0,0.0,nan,0,0,0,32768,0,0.0,0,0.0,0.0,0.0,0.0,0.0,0,0,0,0,0.0,0,0,0,0,0,0,0,0,0,0,0,0,0,0,0,0,0,0,0,0,0,0,0,0,0,0,0,0,0,0,0,0,0,0,0,0,0,0,0,0,0,0,0,0,0.0,0.0,0.0,0.0,0.0,0.0,0.0,0.0,0.0,0.0,0.0,0.0,0.0,0.0,0.0,0.0,0.0,0.0,0.0,0.0,0.0,0.0,2.004,-0.0,0.0,-2.004,0.0,0.0,0.0,0.0,3356.5,0.0,0.0,-107615240.0,0.0,-107615232.0,-0.0,0.0,0.0,0.0,0.0,0,0.0,-0.0,0.0,0.0,0.0,0.0,0.0,0.0,0.0,0,0,0,0.0,0.0,0.0,0.0,0.0,0.0,0.0,0.0,0.0,0.0,0.0,0.0,0.0,0.0,0.0,0.0,0,-107875648.0,0,0.0,0,-107875648.0,0.0,0,26215,17038,52429,17052,13107,17037,0,0,0,110,100,100,0.0,64.0,0.0,64.8,-0.0,68.5,1,49,50,180,0,0,0,0,0.0,0.0,0.0,0.0,1.3121151664476043e+21,65.5,0.0,-986742080.0,0.0,645,0,685,0,0,0,712,0,784,0,706,0,688,0,646,0,640,0,620,0.032,36700160.0,0.0,0.0,54800,16789,2873501679616.0,-986742080.0,0.0,2.598544824277664e+18,-125486118207488.0,-0.0,29.0,60.0,70,0.0,0.0,0.0,0.0,0.0,0.0,0.0,0.0,0.0,0.0,0.0,0.0,0.0,0.0,0.0,0.0,59.2,68,12,65509,41,65476,0,300,0,0,8,20529,65476,0,0,61604,60.0,0.0,0.0,0.0,0.0,0.0
2026-04-04T11:56:21,ERR,ERR,ERR,ERR,ERR,ERR,ERR,ERR,ERR,ERR,ERR,ERR,ERR,ERR,ERR,ERR,ERR,ERR,ERR,ERR,ERR,ERR,ERR,ERR,ERR,ERR,ERR,ERR,ERR,ERR,ERR,ERR,ERR,ERR,ERR,ERR,ERR,ERR,ERR,ERR,ERR,ERR,ERR,ERR,ERR,ERR,ERR,ERR,ERR,ERR,ERR,ERR,ERR,ERR,ERR,ERR,ERR,ERR,ERR,ERR,ERR,ERR,ERR,ERR,ERR,ERR,ERR,ERR,ERR,ERR,ERR,ERR,ERR,ERR,ERR,ERR,ERR,ERR,ERR,ERR,ERR,ERR,ERR,ERR,ERR,ERR,ERR,ERR,ERR,ERR,ERR,ERR,ERR,ERR,ERR,ERR,ERR,ERR,ERR,ERR,ERR,ERR,ERR,ERR,ERR,ERR,ERR,ERR,ERR,ERR,ERR,ERR,ERR,ERR,ERR,ERR,ERR,ERR,ERR,ERR,ERR,ERR,ERR,ERR,ERR,-107615240.0,0.0,-117832800.0,0.0,0.0,0.0,0.0,nan,0,0,0,32768,0,0.0,0,0.0,0.0,0.0,0.0,0.0,0,0,0,0,0.0,0,0,0,0,0,0,0,0,0,0,0,0,0,0,0,0,0,0,0,0,0,0,0,0,0,0,0,0,0,0,0,0,0,0,0,0,0,0,0,0,0,0,0,0,0.0,0.0,0.0,0.0,0.0,0.0,0.0,0.0,0.0,0.0,0.0,0.0,0.0,0.0,0.0,0.0,0.0,0.0,0.0,0.0,0.0,0.0,2.004,-0.0,0.0,-2.004,0.0,0.0,0.0,0.0,3356.5,0.0,0.0,-107615240.0,0.0,-107615232.0,-0.0,0.0,0.0,0.0,0.0,0,0.0,-0.0,0.0,0.0,0.0,0.0,0.0,0.0,0.0,0,0,0,0.0,0.0,0.0,0.0,0.0,0.0,0.0,0.0,0.0,0.0,0.0,0.0,0.0,0.0,0.0,0.0,0,-107875648.0,0,0.0,0,-107875648.0,0.0,0,26215,17038,52429,17052,13107,17037,0,0,0,110,100,100,0.0,64.0,0.0,64.8,-0.0,68.5,1,49,50,180,0,0,0,0,0.0,0.0,0.0,0.0,1.3121151664476043e+21,65.5,0.0,-986742080.0,0.0,645,0,685,0,0,0,712,0,784,0,706,0,688,0,646,0,640,0,620,0.032,36700160.0,0.0,0.0,54800,16789,2873501679616.0,-986742080.0,0.0,2.598544824277664e+18,-125486118207488.0,-0.0,29.0,60.0,70,0.0,0.0,0.0,0.0,0.0,0.0,0.0,0.0,0.0,0.0,0.0,0.0,0.0,0.0,0.0,0.0,59.2,68,12,65509,41,65476,0,300,0,0,8,20529,65476,0,0,61604,60.0,0.0,0.0,0.0,0.0,0.0
2026-04-04T11:56:22,ERR,ERR,ERR,ERR,ERR,ERR,ERR,ERR,ERR,ERR,ERR,ERR,ERR,ERR,ERR,ERR,ERR,ERR,ERR,ERR,ERR,ERR,ERR,ERR,ERR,ERR,ERR,ERR,ERR,ERR,ERR,ERR,ERR,ERR,ERR,ERR,ERR,ERR,ERR,ERR,ERR,ERR,ERR,ERR,ERR,ERR,ERR,ERR,ERR,ERR,ERR,ERR,ERR,ERR,ERR,ERR,ERR,ERR,ERR,ERR,ERR,ERR,ERR,ERR,ERR,ERR,ERR,ERR,ERR,ERR,ERR,ERR,ERR,ERR,ERR,ERR,ERR,ERR,ERR,ERR,ERR,ERR,ERR,ERR,ERR,ERR,ERR,ERR,ERR,ERR,ERR,ERR,ERR,ERR,ERR,ERR,ERR,ERR,ERR,ERR,ERR,ERR,ERR,ERR,ERR,ERR,ERR,ERR,ERR,ERR,ERR,ERR,ERR,ERR,ERR,ERR,ERR,ERR,ERR,ERR,ERR,ERR,ERR,ERR,ERR,-107615240.0,0.0,-117832800.0,0.0,0.0,0.0,0.0,nan,0,0,0,32768,0,0.0,0,0.0,0.0,0.0,0.0,0.0,0,0,0,0,0.0,0,0,0,0,0,0,0,0,0,0,0,0,0,0,0,0,0,0,0,0,0,0,0,0,0,0,0,0,0,0,0,0,0,0,0,0,0,0,0,0,0,0,0,0,0.0,0.0,0.0,0.0,0.0,0.0,0.0,0.0,0.0,0.0,0.0,0.0,0.0,0.0,0.0,0.0,0.0,0.0,0.0,0.0,0.0,0.0,2.004,-0.0,0.0,-2.004,0.0,0.0,0.0,0.0,3356.5,0.0,0.0,-107615240.0,0.0,-107615232.0,-0.0,0.0,0.0,0.0,0.0,0,0.0,-0.0,0.0,0.0,0.0,0.0,0.0,0.0,0.0,0,0,0,0.0,0.0,0.0,0.0,0.0,0.0,0.0,0.0,0.0,0.0,0.0,0.0,0.0,0.0,0.0,0.0,0,-107875648.0,0,0.0,0,-107875648.0,0.0,0,26215,17038,52429,17052,13107,17037,0,0,0,110,100,100,0.0,64.0,0.0,64.8,-0.0,68.5,1,49,50,180,0,0,0,0,0.0,0.0,0.0,0.0,1.3121151664476043e+21,65.5,0.0,-986742080.0,0.0,645,0,685,0,0,0,712,0,784,0,706,0,688,0,646,0,640,0,620,0.032,36700160.0,0.0,0.0,54800,16789,2873501679616.0,-986742080.0,0.0,2.598544824277664e+18,-125486118207488.0,-0.0,29.0,60.0,70,0.0,0.0,0.0,0.0,0.0,0.0,0.0,0.0,0.0,0.0,0.0,0.0,0.0,0.0,0.0,0.0,59.2,68,12,65509,41,65476,0,300,0,0,8,20529,65476,0,0,61604,60.0,0.0,0.0,0.0,0.0,0.0
2026-04-04T11:56:23,ERR,ERR,ERR,ERR,ERR,ERR,ERR,ERR,ERR,ERR,ERR,ERR,ERR,ERR,ERR,ERR,ERR,ERR,ERR,ERR,ERR,ERR,ERR,ERR,ERR,ERR,ERR,ERR,ERR,ERR,ERR,ERR,ERR,ERR,ERR,ERR,ERR,ERR,ERR,ERR,ERR,ERR,ERR,ERR,ERR,ERR,ERR,ERR,ERR,ERR,ERR,ERR,ERR,ERR,ERR,ERR,ERR,ERR,ERR,ERR,ERR,ERR,ERR,ERR,ERR,ERR,ERR,ERR,ERR,ERR,ERR,ERR,ERR,ERR,ERR,ERR,ERR,ERR,ERR,ERR,ERR,ERR,ERR,ERR,ERR,ERR,ERR,ERR,ERR,ERR,ERR,ERR,ERR,ERR,ERR,ERR,ERR,ERR,ERR,ERR,ERR,ERR,ERR,ERR,ERR,ERR,ERR,ERR,ERR,ERR,ERR,ERR,ERR,ERR,ERR,ERR,ERR,ERR,ERR,ERR,ERR,ERR,ERR,ERR,ERR,-107615240.0,0.0,-117832800.0,0.0,0.0,0.0,0.0,nan,0,0,0,32768,0,0.0,0,0.0,0.0,0.0,0.0,0.0,0,0,0,0,0.0,0,0,0,0,0,0,0,0,0,0,0,0,0,0,0,0,0,0,0,0,0,0,0,0,0,0,0,0,0,0,0,0,0,0,0,0,0,0,0,0,0,0,0,0,0.0,0.0,0.0,0.0,0.0,0.0,0.0,0.0,0.0,0.0,0.0,0.0,0.0,0.0,0.0,0.0,0.0,0.0,0.0,0.0,0.0,0.0,2.004,-0.0,0.0,-2.004,0.0,0.0,0.0,0.0,3356.5,0.0,0.0,-107615240.0,0.0,-107615232.0,-0.0,0.0,0.0,0.0,0.0,0,0.0,-0.0,0.0,0.0,0.0,0.0,0.0,0.0,0.0,0,0,0,0.0,0.0,0.0,0.0,0.0,0.0,0.0,0.0,0.0,0.0,0.0,0.0,0.0,0.0,0.0,0.0,0,-107875648.0,0,0.0,0,-107875648.0,0.0,0,26215,17038,52429,17052,13107,17037,0,0,0,110,100,100,0.0,64.0,0.0,64.8,-0.0,68.5,1,49,50,180,0,0,0,0,0.0,0.0,0.0,0.0,1.3121151664476043e+21,65.5,0.0,-986742080.0,0.0,645,0,685,0,0,0,712,0,784,0,706,0,688,0,646,0,640,0,620,0.032,36700160.0,0.0,0.0,54800,16789,2873501679616.0,-986742080.0,0.0,2.598544824277664e+18,-125486118207488.0,-0.0,29.0,60.0,70,0.0,0.0,0.0,0.0,0.0,0.0,0.0,0.0,0.0,0.0,0.0,0.0,0.0,0.0,0.0,0.0,59.2,68,12,65509,41,65476,0,300,0,0,8,20529,65476,0,0,61604,60.0,0.0,0.0,0.0,0.0,0.0
2026-04-04T11:56:24,ERR,ERR,ERR,ERR,ERR,ERR,ERR,ERR,ERR,ERR,ERR,ERR,ERR,ERR,ERR,ERR,ERR,ERR,ERR,ERR,ERR,ERR,ERR,ERR,ERR,ERR,ERR,ERR,ERR,ERR,ERR,ERR,ERR,ERR,ERR,ERR,ERR,ERR,ERR,ERR,ERR,ERR,ERR,ERR,ERR,ERR,ERR,ERR,ERR,ERR,ERR,ERR,ERR,ERR,ERR,ERR,ERR,ERR,ERR,ERR,ERR,ERR,ERR,ERR,ERR,ERR,ERR,ERR,ERR,ERR,ERR,ERR,ERR,ERR,ERR,ERR,ERR,ERR,ERR,ERR,ERR,ERR,ERR,ERR,ERR,ERR,ERR,ERR,ERR,ERR,ERR,ERR,ERR,ERR,ERR,ERR,ERR,ERR,ERR,ERR,ERR,ERR,ERR,ERR,ERR,ERR,ERR,ERR,ERR,ERR,ERR,ERR,ERR,ERR,ERR,ERR,ERR,ERR,ERR,ERR,ERR,ERR,ERR,ERR,ERR,-107615240.0,0.0,-117832800.0,0.0,0.0,0.0,0.0,nan,0,0,0,32768,0,0.0,0,0.0,0.0,0.0,0.0,0.0,0,0,0,0,0.0,0,0,0,0,0,0,0,0,0,0,0,0,0,0,0,0,0,0,0,0,0,0,0,0,0,0,0,0,0,0,0,0,0,0,0,0,0,0,0,0,0,0,0,0,0.0,0.0,0.0,0.0,0.0,0.0,0.0,0.0,0.0,0.0,0.0,0.0,0.0,0.0,0.0,0.0,0.0,0.0,0.0,0.0,0.0,0.0,2.004,-0.0,0.0,-2.004,0.0,0.0,0.0,0.0,3356.5,0.0,0.0,-107615240.0,0.0,-107615232.0,-0.0,0.0,0.0,0.0,0.0,0,0.0,-0.0,0.0,0.0,0.0,0.0,0.0,0.0,0.0,0,0,0,0.0,0.0,0.0,0.0,0.0,0.0,0.0,0.0,0.0,0.0,0.0,0.0,0.0,0.0,0.0,0.0,0,-107875648.0,0,0.0,0,-107875648.0,0.0,0,39322,17038,52429,17052,13107,17037,0,0,0,110,100,100,0.0,64.1,0.0,64.8,-0.0,68.5,1,49,50,180,0,0,0,0,0.0,0.0,0.0,0.0,10961539.0,65.5,0.0,-8.315887036237296e+19,0.0,645,0,685,0,0,0,712,0,784,0,706,0,688,0,646,0,640,0,619,0.032,36962304.0,0.0,0.0,56208,16789,226785060978688.0,-0.002,0.0,0.0,-4041700278272.0,-0.0,29.0,60.0,70,0.0,0.0,0.0,0.0,0.0,0.0,0.0,0.0,0.0,0.0,0.0,0.0,0.0,0.0,0.0,0.0,59.6,68,12,65509,41,65476,0,300,0,0,8,20529,65476,0,0,61604,60.0,0.0,0.0,0.0,0.0,0.0
2026-04-04T11:56:25,ERR,ERR,ERR,ERR,ERR,ERR,ERR,ERR,ERR,ERR,ERR,ERR,ERR,ERR,ERR,ERR,ERR,ERR,ERR,ERR,ERR,ERR,ERR,ERR,ERR,ERR,ERR,ERR,ERR,ERR,ERR,ERR,ERR,ERR,ERR,ERR,ERR,ERR,ERR,ERR,ERR,ERR,ERR,ERR,ERR,ERR,ERR,ERR,ERR,ERR,ERR,ERR,ERR,ERR,ERR,ERR,ERR,ERR,ERR,ERR,ERR,ERR,ERR,ERR,ERR,ERR,ERR,ERR,ERR,ERR,ERR,ERR,ERR,ERR,ERR,ERR,ERR,ERR,ERR,ERR,ERR,ERR,ERR,ERR,ERR,ERR,ERR,ERR,ERR,ERR,ERR,ERR,ERR,ERR,ERR,ERR,ERR,ERR,ERR,ERR,ERR,ERR,ERR,ERR,ERR,ERR,ERR,ERR,ERR,ERR,ERR,ERR,ERR,ERR,ERR,ERR,ERR,ERR,ERR,ERR,ERR,ERR,ERR,ERR,ERR,-107615240.0,0.0,-117832800.0,0.0,0.0,0.0,0.0,nan,0,0,0,32768,0,0.0,0,0.0,0.0,0.0,0.0,0.0,0,0,0,0,0.0,0,0,0,0,0,0,0,0,0,0,0,0,0,0,0,0,0,0,0,0,0,0,0,0,0,0,0,0,0,0,0,0,0,0,0,0,0,0,0,0,0,0,0,0,0.0,0.0,0.0,0.0,0.0,0.0,0.0,0.0,0.0,0.0,0.0,0.0,0.0,0.0,0.0,0.0,0.0,0.0,0.0,0.0,0.0,0.0,2.004,-0.0,0.0,-2.004,0.0,0.0,0.0,0.0,3356.5,0.0,0.0,-107615240.0,0.0,-107615232.0,-0.0,0.0,0.0,0.0,0.0,0,0.0,-0.0,0.0,0.0,0.0,0.0,0.0,0.0,0.0,0,0,0,0.0,0.0,0.0,0.0,0.0,0.0,0.0,0.0,0.0,0.0,0.0,0.0,0.0,0.0,0.0,0.0,0,-107875648.0,0,0.0,0,-107875648.0,0.0,0,39322,17038,52429,17052,13107,17037,0,0,0,110,100,100,0.0,64.1,0.0,64.8,-0.0,68.5,1,49,50,180,0,0,0,0,0.0,0.0,0.0,0.0,10961539.0,65.5,0.0,-8.315887036237296e+19,0.0,645,0,685,0,0,0,712,0,784,0,706,0,688,0,646,0,640,0,619,0.032,36962304.0,0.0,0.0,56208,16789,226785060978688.0,-0.002,0.0,0.0,-4041700278272.0,-0.0,29.0,60.0,70,0.0,0.0,0.0,0.0,0.0,0.0,0.0,0.0,0.0,0.0,0.0,0.0,0.0,0.0,0.0,0.0,59.6,68,12,65509,41,65476,0,300,0,0,8,20529,65476,0,0,61604,60.0,0.0,0.0,0.0,0.0,0.0
2026-04-04T11:56:26,ERR,ERR,ERR,ERR,ERR,ERR,ERR,ERR,ERR,ERR,ERR,ERR,ERR,ERR,ERR,ERR,ERR,ERR,ERR,ERR,ERR,ERR,ERR,ERR,ERR,ERR,ERR,ERR,ERR,ERR,ERR,ERR,ERR,ERR,ERR,ERR,ERR,ERR,ERR,ERR,ERR,ERR,ERR,ERR,ERR,ERR,ERR,ERR,ERR,ERR,ERR,ERR,ERR,ERR,ERR,ERR,ERR,ERR,ERR,ERR,ERR,ERR,ERR,ERR,ERR,ERR,ERR,ERR,ERR,ERR,ERR,ERR,ERR,ERR,ERR,ERR,ERR,ERR,ERR,ERR,ERR,ERR,ERR,ERR,ERR,ERR,ERR,ERR,ERR,ERR,ERR,ERR,ERR,ERR,ERR,ERR,ERR,ERR,ERR,ERR,ERR,ERR,ERR,ERR,ERR,ERR,ERR,ERR,ERR,ERR,ERR,ERR,ERR,ERR,ERR,ERR,ERR,ERR,ERR,ERR,ERR,ERR,ERR,ERR,ERR,-107615240.0,0.0,-117832800.0,0.0,0.0,0.0,0.0,nan,0,0,0,32768,0,0.0,0,0.0,0.0,0.0,0.0,0.0,0,0,0,0,0.0,0,0,0,0,0,0,0,0,0,0,0,0,0,0,0,0,0,0,0,0,0,0,0,0,0,0,0,0,0,0,0,0,0,0,0,0,0,0,0,0,0,0,0,0,0.0,0.0,0.0,0.0,0.0,0.0,0.0,0.0,0.0,0.0,0.0,0.0,0.0,0.0,0.0,0.0,0.0,0.0,0.0,0.0,0.0,0.0,2.004,-0.0,0.0,-2.004,0.0,0.0,0.0,0.0,3339.5,-8608104448.0,0.0,-107615240.0,0.0,-107615232.0,-0.0,0.0,0.0,0.0,0.0,0,0.0,-0.0,0.0,0.0,0.0,0.0,0.0,0.0,0.0,0,0,0,0.0,0.0,0.0,0.0,0.0,0.0,0.0,0.0,0.0,0.0,0.0,0.0,0.0,0.0,0.0,0.0,0,-107875648.0,0,0.0,0,-107875648.0,0.0,0,39322,17038,52429,17052,13107,17037,0,0,0,110,100,100,0.0,64.1,0.0,64.8,-0.0,68.5,1,49,50,180,0,0,0,0,0.0,0.0,0.0,0.0,10961539.0,65.5,0.0,-8.315887036237296e+19,0.0,645,0,685,0,0,0,712,0,784,0,706,0,688,0,646,0,640,0,619,0.032,36962304.0,0.0,0.0,56208,16789,226785060978688.0,-0.002,0.0,0.0,-4041700278272.0,-0.0,29.0,60.0,70,0.0,0.0,0.0,0.0,0.0,0.0,0.0,0.0,0.0,0.0,0.0,0.0,0.0,0.0,0.0,0.0,59.6,68,12,65509,41,65476,0,300,0,0,8,20529,65476,0,0,61604,60.0,0.0,0.0,0.0,0.0,0.0
2026-04-04T11:56:27,ERR,ERR,ERR,ERR,ERR,ERR,ERR,ERR,ERR,ERR,ERR,ERR,ERR,ERR,ERR,ERR,ERR,ERR,ERR,ERR,ERR,ERR,ERR,ERR,ERR,ERR,ERR,ERR,ERR,ERR,ERR,ERR,ERR,ERR,ERR,ERR,ERR,ERR,ERR,ERR,ERR,ERR,ERR,ERR,ERR,ERR,ERR,ERR,ERR,ERR,ERR,ERR,ERR,ERR,ERR,ERR,ERR,ERR,ERR,ERR,ERR,ERR,ERR,ERR,ERR,ERR,ERR,ERR,ERR,ERR,ERR,ERR,ERR,ERR,ERR,ERR,ERR,ERR,ERR,ERR,ERR,ERR,ERR,ERR,ERR,ERR,ERR,ERR,ERR,ERR,ERR,ERR,ERR,ERR,ERR,ERR,ERR,ERR,ERR,ERR,ERR,ERR,ERR,ERR,ERR,ERR,ERR,ERR,ERR,ERR,ERR,ERR,ERR,ERR,ERR,ERR,ERR,ERR,ERR,ERR,ERR,ERR,ERR,ERR,ERR,-107615240.0,0.0,-117832800.0,0.0,0.0,0.0,0.0,nan,0,0,0,32768,0,0.0,0,0.0,0.0,0.0,0.0,0.0,0,0,0,0,0.0,0,0,0,0,0,0,0,0,0,0,0,0,0,0,0,0,0,0,0,0,0,0,0,0,0,0,0,0,0,0,0,0,0,0,0,0,0,0,0,0,0,0,0,0,0.0,0.0,0.0,0.0,0.0,0.0,0.0,0.0,0.0,0.0,0.0,0.0,0.0,0.0,0.0,0.0,0.0,0.0,0.0,0.0,0.0,0.0,2.004,-0.0,0.0,-2.004,0.0,0.0,0.0,0.0,3339.5,-8608104448.0,0.0,-107615240.0,0.0,-107615232.0,-0.0,0.0,0.0,0.0,0.0,0,0.0,-0.0,0.0,0.0,0.0,0.0,0.0,0.0,0.0,0,0,0,0.0,0.0,0.0,0.0,0.0,0.0,0.0,0.0,0.0,0.0,0.0,0.0,0.0,0.0,0.0,0.0,0,-107875648.0,0,0.0,0,-107875648.0,0.0,0,39322,17038,52429,17052,13107,17037,0,0,0,110,100,100,0.0,64.1,0.0,64.8,-0.0,68.5,1,49,50,180,0,0,0,0,0.0,0.0,0.0,0.0,10961539.0,65.5,0.0,-8.315887036237296e+19,0.0,645,0,685,0,0,0,712,0,784,0,706,0,688,0,646,0,640,0,619,0.032,36962304.0,0.0,0.0,56208,16789,226785060978688.0,-0.002,0.0,0.0,-4041700278272.0,-0.0,29.0,60.0,70,0.0,0.0,0.0,0.0,0.0,0.0,0.0,0.0,0.0,0.0,0.0,0.0,0.0,0.0,0.0,0.0,59.2,68,12,65509,41,65476,0,300,0,0,8,20529,65476,0,0,61604,60.0,0.0,0.0,0.0,0.0,0.0
2026-04-04T11:56:28,ERR,ERR,ERR,ERR,ERR,ERR,ERR,ERR,ERR,ERR,ERR,ERR,ERR,ERR,ERR,ERR,ERR,ERR,ERR,ERR,ERR,ERR,ERR,ERR,ERR,ERR,ERR,ERR,ERR,ERR,ERR,ERR,ERR,ERR,ERR,ERR,ERR,ERR,ERR,ERR,ERR,ERR,ERR,ERR,ERR,ERR,ERR,ERR,ERR,ERR,ERR,ERR,ERR,ERR,ERR,ERR,ERR,ERR,ERR,ERR,ERR,ERR,ERR,ERR,ERR,ERR,ERR,ERR,ERR,ERR,ERR,ERR,ERR,ERR,ERR,ERR,ERR,ERR,ERR,ERR,ERR,ERR,ERR,ERR,ERR,ERR,ERR,ERR,ERR,ERR,ERR,ERR,ERR,ERR,ERR,ERR,ERR,ERR,ERR,ERR,ERR,ERR,ERR,ERR,ERR,ERR,ERR,ERR,ERR,ERR,ERR,ERR,ERR,ERR,ERR,ERR,ERR,ERR,ERR,ERR,ERR,ERR,ERR,ERR,ERR,-107615240.0,0.0,-117832800.0,0.0,0.0,0.0,0.0,nan,0,0,0,32768,0,0.0,0,0.0,0.0,0.0,0.0,0.0,0,0,0,0,0.0,0,0,0,0,0,0,0,0,0,0,0,0,0,0,0,0,0,0,0,0,0,0,0,0,0,0,0,0,0,0,0,0,0,0,0,0,0,0,0,0,0,0,0,0,0.0,0.0,0.0,0.0,0.0,0.0,0.0,0.0,0.0,0.0,0.0,0.0,0.0,0.0,0.0,0.0,0.0,0.0,0.0,0.0,0.0,0.0,2.004,-0.0,0.0,-2.004,0.0,0.0,0.0,0.0,3339.5,-8608104448.0,0.0,-107615240.0,0.0,-107615232.0,-0.0,0.0,0.0,0.0,0.0,0,0.0,-0.0,0.0,0.0,0.0,0.0,0.0,0.0,0.0,0,0,0,0.0,0.0,0.0,0.0,0.0,0.0,0.0,0.0,0.0,0.0,0.0,0.0,0.0,0.0,0.0,0.0,0,-107875648.0,0,0.0,0,-107875648.0,0.0,0,39322,17038,52429,17052,13107,17037,0,0,0,110,100,100,0.0,64.1,0.0,64.8,-0.0,68.5,1,49,50,180,0,0,0,0,0.0,0.0,0.0,0.0,10961539.0,65.5,0.0,-8.315887036237296e+19,0.0,645,0,685,0,0,0,712,0,784,0,706,0,688,0,646,0,640,0,619,0.032,36962304.0,0.0,0.0,56208,16789,226785060978688.0,-0.002,0.0,0.0,-4041700278272.0,-0.0,29.0,60.0,70,0.0,0.0,0.0,0.0,0.0,0.0,0.0,0.0,0.0,0.0,0.0,0.0,0.0,0.0,0.0,0.0,59.2,68,12,65509,41,65476,0,300,0,0,8,20529,65476,0,0,61604,60.0,0.0,0.0,0.0,0.0,0.0
2026-04-04T11:56:29,ERR,ERR,ERR,ERR,ERR,ERR,ERR,ERR,ERR,ERR,ERR,ERR,ERR,ERR,ERR,ERR,ERR,ERR,ERR,ERR,ERR,ERR,ERR,ERR,ERR,ERR,ERR,ERR,ERR,ERR,ERR,ERR,ERR,ERR,ERR,ERR,ERR,ERR,ERR,ERR,ERR,ERR,ERR,ERR,ERR,ERR,ERR,ERR,ERR,ERR,ERR,ERR,ERR,ERR,ERR,ERR,ERR,ERR,ERR,ERR,ERR,ERR,ERR,ERR,ERR,ERR,ERR,ERR,ERR,ERR,ERR,ERR,ERR,ERR,ERR,ERR,ERR,ERR,ERR,ERR,ERR,ERR,ERR,ERR,ERR,ERR,ERR,ERR,ERR,ERR,ERR,ERR,ERR,ERR,ERR,ERR,ERR,ERR,ERR,ERR,ERR,ERR,ERR,ERR,ERR,ERR,ERR,ERR,ERR,ERR,ERR,ERR,ERR,ERR,ERR,ERR,ERR,ERR,ERR,ERR,ERR,ERR,ERR,ERR,ERR,-107615240.0,0.0,-117832800.0,0.0,0.0,0.0,0.0,nan,0,0,0,32768,0,0.0,0,0.0,0.0,0.0,0.0,0.0,0,0,0,0,0.0,0,0,0,0,0,0,0,0,0,0,0,0,0,0,0,0,0,0,0,0,0,0,0,0,0,0,0,0,0,0,0,0,0,0,0,0,0,0,0,0,0,0,0,0,0.0,0.0,0.0,0.0,0.0,0.0,0.0,0.0,0.0,0.0,0.0,0.0,0.0,0.0,0.0,0.0,0.0,0.0,0.0,0.0,0.0,0.0,2.004,-0.0,0.0,-2.004,0.0,0.0,0.0,0.0,3339.5,-8608104448.0,0.0,-107615240.0,0.0,-107615232.0,-0.0,0.0,0.0,0.0,0.0,0,0.0,-0.0,0.0,0.0,0.0,0.0,0.0,0.0,0.0,0,0,0,0.0,0.0,0.0,0.0,0.0,0.0,0.0,0.0,0.0,0.0,0.0,0.0,0.0,0.0,0.0,0.0,0,-107875648.0,0,0.0,0,-107875648.0,0.0,0,39322,17038,52429,17052,13107,17037,0,0,0,110,100,100,0.0,64.1,0.0,64.8,-0.0,68.5,1,49,50,180,0,0,0,0,0.0,0.0,0.0,0.0,10961539.0,65.5,0.0,-8.315887036237296e+19,0.0,645,0,685,0,0,0,712,0,784,0,706,0,688,0,646,0,640,0,619,0.032,36962304.0,0.0,0.0,56208,16789,226785060978688.0,-0.002,0.0,0.0,-4041700278272.0,-0.0,29.0,60.0,70,0.0,0.0,0.0,0.0,0.0,0.0,0.0,0.0,0.0,0.0,0.0,0.0,0.0,0.0,0.0,0.0,59.2,68,12,65509,41,65476,0,300,0,0,8,20529,65476,0,0,61604,60.0,0.0,0.0,0.0,0.0,0.0
2026-04-04T11:56:30,ERR,ERR,ERR,ERR,ERR,ERR,ERR,ERR,ERR,ERR,ERR,ERR,ERR,ERR,ERR,ERR,ERR,ERR,ERR,ERR,ERR,ERR,ERR,ERR,ERR,ERR,ERR,ERR,ERR,ERR,ERR,ERR,ERR,ERR,ERR,ERR,ERR,ERR,ERR,ERR,ERR,ERR,ERR,ERR,ERR,ERR,ERR,ERR,ERR,ERR,ERR,ERR,ERR,ERR,ERR,ERR,ERR,ERR,ERR,ERR,ERR,ERR,ERR,ERR,ERR,ERR,ERR,ERR,ERR,ERR,ERR,ERR,ERR,ERR,ERR,ERR,ERR,ERR,ERR,ERR,ERR,ERR,ERR,ERR,ERR,ERR,ERR,ERR,ERR,ERR,ERR,ERR,ERR,ERR,ERR,ERR,ERR,ERR,ERR,ERR,ERR,ERR,ERR,ERR,ERR,ERR,ERR,ERR,ERR,ERR,ERR,ERR,ERR,ERR,ERR,ERR,ERR,ERR,ERR,ERR,ERR,ERR,ERR,ERR,ERR,-107615240.0,0.0,-117832800.0,0.0,0.0,0.0,0.0,nan,0,0,0,32768,0,0.0,0,0.0,0.0,0.0,0.0,0.0,0,0,0,0,0.0,0,0,0,0,0,0,0,0,0,0,0,0,0,0,0,0,0,0,0,0,0,0,0,0,0,0,0,0,0,0,0,0,0,0,0,0,0,0,0,0,0,0,0,0,0.0,0.0,0.0,0.0,0.0,0.0,0.0,0.0,0.0,0.0,0.0,0.0,0.0,0.0,0.0,0.0,0.0,0.0,0.0,0.0,0.0,0.0,2.004,-0.0,0.0,-2.004,0.0,0.0,0.0,0.0,3339.5,-8608104448.0,0.0,-107615240.0,0.0,-107615232.0,-0.0,0.0,0.0,0.0,0.0,0,0.0,-0.0,0.0,0.0,0.0,0.0,0.0,0.0,0.0,0,0,0,0.0,0.0,0.0,0.0,0.0,0.0,0.0,0.0,0.0,0.0,0.0,0.0,0.0,0.0,0.0,0.0,0,-107875648.0,0,0.0,0,-107875648.0,0.0,0,26215,17038,52429,17052,13107,17037,0,0,0,110,100,100,0.0,64.0,0.0,64.8,-0.0,68.5,1,49,50,180,0,0,0,0,0.0,0.0,0.0,0.0,3.899492245163349e+33,65.5,0.0,473615.656,0.0,645,0,685,0,0,0,712,0,784,0,706,0,688,0,646,0,640,0,619,0.032,36438016.0,-2.004,-0.0,49040,16789,3.899492245163349e+33,-0.0,0.046,-0.0,-9.900752744582715e+32,-1.1125783998823504e+21,29.0,60.0,70,0.0,0.0,0.0,0.0,0.0,0.0,0.0,0.0,0.0,0.0,0.0,0.0,0.0,0.0,0.0,0.0,59.2,68,12,65509,41,65476,0,300,0,0,8,20529,65476,0,0,61604,60.0,0.0,0.0,0.0,0.0,0.0
2026-04-04T11:56:31,ERR,ERR,ERR,ERR,ERR,ERR,ERR,ERR,ERR,ERR,ERR,ERR,ERR,ERR,ERR,ERR,ERR,ERR,ERR,ERR,ERR,ERR,ERR,ERR,ERR,ERR,ERR,ERR,ERR,ERR,ERR,ERR,ERR,ERR,ERR,ERR,ERR,ERR,ERR,ERR,ERR,ERR,ERR,ERR,ERR,ERR,ERR,ERR,ERR,ERR,ERR,ERR,ERR,ERR,ERR,ERR,ERR,ERR,ERR,ERR,ERR,ERR,ERR,ERR,ERR,ERR,ERR,ERR,ERR,ERR,ERR,ERR,ERR,ERR,ERR,ERR,ERR,ERR,ERR,ERR,ERR,ERR,ERR,ERR,ERR,ERR,ERR,ERR,ERR,ERR,ERR,ERR,ERR,ERR,ERR,ERR,ERR,ERR,ERR,ERR,ERR,ERR,ERR,ERR,ERR,ERR,ERR,ERR,ERR,ERR,ERR,ERR,ERR,ERR,ERR,ERR,ERR,ERR,ERR,ERR,ERR,ERR,ERR,ERR,ERR,-107615240.0,0.0,-117832800.0,0.0,0.0,0.0,0.0,nan,0,0,0,32768,0,0.0,0,0.0,0.0,0.0,0.0,0.0,0,0,0,0,0.0,0,0,0,0,0,0,0,0,0,0,0,0,0,0,0,0,0,0,0,0,0,0,0,0,0,0,0,0,0,0,0,0,0,0,0,0,0,0,0,0,0,0,0,0,0.0,0.0,0.0,0.0,0.0,0.0,0.0,0.0,0.0,0.0,0.0,0.0,0.0,0.0,0.0,0.0,0.0,0.0,0.0,0.0,0.0,0.0,2.004,-0.0,0.0,-2.004,0.0,0.0,0.0,0.0,3339.5,-8608104448.0,0.0,-107615240.0,0.0,-107615232.0,-0.0,0.0,0.0,0.0,0.0,0,0.0,-0.0,0.0,0.0,0.0,0.0,0.0,0.0,0.0,0,0,0,0.0,0.0,0.0,0.0,0.0,0.0,0.0,0.0,0.0,0.0,0.0,0.0,0.0,0.0,0.0,0.0,0,-107875648.0,0,0.0,0,-107875648.0,0.0,0,26215,17038,52429,17052,13107,17037,0,0,0,110,100,100,0.0,64.0,0.0,64.8,-0.0,68.5,1,49,50,180,0,0,0,0,0.0,0.0,0.0,0.0,3.899492245163349e+33,65.5,0.0,473615.656,0.0,645,0,685,0,0,0,712,0,784,0,706,0,688,0,646,0,640,0,619,0.032,36438016.0,-2.004,-0.0,49040,16789,3.899492245163349e+33,-0.0,0.046,-0.0,-9.900752744582715e+32,-1.1125783998823504e+21,29.0,60.0,70,0.0,0.0,0.0,0.0,0.0,0.0,0.0,0.0,0.0,0.0,0.0,0.0,0.0,0.0,0.0,0.0,59.2,68,12,65509,41,65476,0,300,0,0,8,20529,65476,0,0,61604,60.0,0.0,0.0,0.0,0.0,0.0
2026-04-04T11:56:32,ERR,ERR,ERR,ERR,ERR,ERR,ERR,ERR,ERR,ERR,ERR,ERR,ERR,ERR,ERR,ERR,ERR,ERR,ERR,ERR,ERR,ERR,ERR,ERR,ERR,ERR,ERR,ERR,ERR,ERR,ERR,ERR,ERR,ERR,ERR,ERR,ERR,ERR,ERR,ERR,ERR,ERR,ERR,ERR,ERR,ERR,ERR,ERR,ERR,ERR,ERR,ERR,ERR,ERR,ERR,ERR,ERR,ERR,ERR,ERR,ERR,ERR,ERR,ERR,ERR,ERR,ERR,ERR,ERR,ERR,ERR,ERR,ERR,ERR,ERR,ERR,ERR,ERR,ERR,ERR,ERR,ERR,ERR,ERR,ERR,ERR,ERR,ERR,ERR,ERR,ERR,ERR,ERR,ERR,ERR,ERR,ERR,ERR,ERR,ERR,ERR,ERR,ERR,ERR,ERR,ERR,ERR,ERR,ERR,ERR,ERR,ERR,ERR,ERR,ERR,ERR,ERR,ERR,ERR,ERR,ERR,ERR,ERR,ERR,ERR,-107615240.0,0.0,-117832800.0,0.0,0.0,0.0,0.0,nan,0,0,0,32768,0,0.0,0,0.0,0.0,0.0,0.0,0.0,0,0,0,0,0.0,0,0,0,0,0,0,0,0,0,0,0,0,0,0,0,0,0,0,0,0,0,0,0,0,0,0,0,0,0,0,0,0,0,0,0,0,0,0,0,0,0,0,0,0,0.0,0.0,0.0,0.0,0.0,0.0,0.0,0.0,0.0,0.0,0.0,0.0,0.0,0.0,0.0,0.0,0.0,0.0,0.0,0.0,0.0,0.0,2.004,-0.0,0.0,-2.004,0.0,0.0,0.0,0.0,3340.0,-3.697152708471213e+19,0.0,-107615240.0,0.0,-107615232.0,-0.0,0.0,0.0,0.0,0.0,0,0.0,-0.0,0.0,0.0,0.0,0.0,0.0,0.0,0.0,0,0,0,0.0,0.0,0.0,0.0,0.0,0.0,0.0,0.0,0.0,0.0,0.0,0.0,0.0,0.0,0.0,0.0,0,-107875648.0,0,0.0,0,-107875648.0,0.0,0,26215,17038,52429,17052,13107,17037,0,0,0,110,100,100,0.0,64.0,0.0,64.8,-0.0,68.5,1,49,50,180,0,0,0,0,0.0,0.0,0.0,0.0,3.899492245163349e+33,65.5,0.0,473615.656,0.0,645,0,685,0,0,0,712,0,784,0,706,0,688,0,646,0,640,0,619,0.032,36438016.0,-2.004,-0.0,49040,16789,3.899492245163349e+33,-0.0,0.046,-0.0,-9.900752744582715e+32,-1.1125783998823504e+21,29.0,60.0,70,0.0,0.0,0.0,0.0,0.0,0.0,0.0,0.0,0.0,0.0,0.0,0.0,0.0,0.0,0.0,0.0,59.2,68,12,65509,41,65476,0,300,0,0,8,20529,65476,0,0,61604,60.0,0.0,0.0,0.0,0.0,0.0
2026-04-04T11:56:33,ERR,ERR,ERR,ERR,ERR,ERR,ERR,ERR,ERR,ERR,ERR,ERR,ERR,ERR,ERR,ERR,ERR,ERR,ERR,ERR,ERR,ERR,ERR,ERR,ERR,ERR,ERR,ERR,ERR,ERR,ERR,ERR,ERR,ERR,ERR,ERR,ERR,ERR,ERR,ERR,ERR,ERR,ERR,ERR,ERR,ERR,ERR,ERR,ERR,ERR,ERR,ERR,ERR,ERR,ERR,ERR,ERR,ERR,ERR,ERR,ERR,ERR,ERR,ERR,ERR,ERR,ERR,ERR,ERR,ERR,ERR,ERR,ERR,ERR,ERR,ERR,ERR,ERR,ERR,ERR,ERR,ERR,ERR,ERR,ERR,ERR,ERR,ERR,ERR,ERR,ERR,ERR,ERR,ERR,ERR,ERR,ERR,ERR,ERR,ERR,ERR,ERR,ERR,ERR,ERR,ERR,ERR,ERR,ERR,ERR,ERR,ERR,ERR,ERR,ERR,ERR,ERR,ERR,ERR,ERR,ERR,ERR,ERR,ERR,ERR,-107615240.0,0.0,-117832800.0,0.0,0.0,0.0,0.0,nan,0,0,0,32768,0,0.0,0,0.0,0.0,0.0,0.0,0.0,0,0,0,0,0.0,0,0,0,0,0,0,0,0,0,0,0,0,0,0,0,0,0,0,0,0,0,0,0,0,0,0,0,0,0,0,0,0,0,0,0,0,0,0,0,0,0,0,0,0,0.0,0.0,0.0,0.0,0.0,0.0,0.0,0.0,0.0,0.0,0.0,0.0,0.0,0.0,0.0,0.0,0.0,0.0,0.0,0.0,0.0,0.0,2.004,-0.0,0.0,-2.004,0.0,0.0,0.0,0.0,3340.0,-3.697152708471213e+19,0.0,-107615240.0,0.0,-107615232.0,-0.0,0.0,0.0,0.0,0.0,0,0.0,-0.0,0.0,0.0,0.0,0.0,0.0,0.0,0.0,0,0,0,0.0,0.0,0.0,0.0,0.0,0.0,0.0,0.0,0.0,0.0,0.0,0.0,0.0,0.0,0.0,0.0,0,-107875648.0,0,0.0,0,-107875648.0,0.0,0,26215,17038,52429,17052,13107,17037,0,0,0,110,100,100,0.0,64.0,0.0,64.8,-0.0,68.5,1,49,50,180,0,0,0,0,0.0,0.0,0.0,0.0,3.899492245163349e+33,65.5,0.0,473615.656,0.0,645,0,685,0,0,0,712,0,784,0,706,0,688,0,646,0,640,0,619,0.032,36438016.0,-2.004,-0.0,49040,16789,3.899492245163349e+33,-0.0,0.046,-0.0,-9.900752744582715e+32,-1.1125783998823504e+21,29.0,60.0,70,0.0,0.0,0.0,0.0,0.0,0.0,0.0,0.0,0.0,0.0,0.0,0.0,0.0,0.0,0.0,0.0,59.2,68,12,65509,41,65476,0,300,0,0,8,20529,65476,0,0,61604,60.0,0.0,0.0,0.0,0.0,0.0
2026-04-04T11:56:34,ERR,ERR,ERR,ERR,ERR,ERR,ERR,ERR,ERR,ERR,ERR,ERR,ERR,ERR,ERR,ERR,ERR,ERR,ERR,ERR,ERR,ERR,ERR,ERR,ERR,ERR,ERR,ERR,ERR,ERR,ERR,ERR,ERR,ERR,ERR,ERR,ERR,ERR,ERR,ERR,ERR,ERR,ERR,ERR,ERR,ERR,ERR,ERR,ERR,ERR,ERR,ERR,ERR,ERR,ERR,ERR,ERR,ERR,ERR,ERR,ERR,ERR,ERR,ERR,ERR,ERR,ERR,ERR,ERR,ERR,ERR,ERR,ERR,ERR,ERR,ERR,ERR,ERR,ERR,ERR,ERR,ERR,ERR,ERR,ERR,ERR,ERR,ERR,ERR,ERR,ERR,ERR,ERR,ERR,ERR,ERR,ERR,ERR,ERR,ERR,ERR,ERR,ERR,ERR,ERR,ERR,ERR,ERR,ERR,ERR,ERR,ERR,ERR,ERR,ERR,ERR,ERR,ERR,ERR,ERR,ERR,ERR,ERR,ERR,ERR,-107615240.0,0.0,-117832800.0,0.0,0.0,0.0,0.0,nan,0,0,0,32768,0,0.0,0,0.0,0.0,0.0,0.0,0.0,0,0,0,0,0.0,0,0,0,0,0,0,0,0,0,0,0,0,0,0,0,0,0,0,0,0,0,0,0,0,0,0,0,0,0,0,0,0,0,0,0,0,0,0,0,0,0,0,0,0,0.0,0.0,0.0,0.0,0.0,0.0,0.0,0.0,0.0,0.0,0.0,0.0,0.0,0.0,0.0,0.0,0.0,0.0,0.0,0.0,0.0,0.0,2.004,-0.0,0.0,-2.004,0.0,0.0,0.0,0.0,3340.0,-3.697152708471213e+19,0.0,-107615240.0,0.0,-107615232.0,-0.0,0.0,0.0,0.0,0.0,0,0.0,-0.0,0.0,0.0,0.0,0.0,0.0,0.0,0.0,0,0,0,0.0,0.0,0.0,0.0,0.0,0.0,0.0,0.0,0.0,0.0,0.0,0.0,0.0,0.0,0.0,0.0,0,-107875648.0,0,0.0,0,-107875648.0,0.0,0,26215,17038,52429,17052,13107,17037,0,0,0,110,100,100,0.0,64.1,0.0,64.8,-0.0,68.5,1,49,50,180,0,0,0,0,0.0,0.0,0.0,0.0,3.6868920035791974e+28,65.5,0.0,-0.0,0.0,645,0,685,0,0,0,713,0,784,0,706,0,688,0,645,0,640,0,619,0.032,36700160.0,-2.004,-0.0,49808,16789,3.6868920035791974e+28,-0.0,0.0,0.0,-5.95009440463582e+28,-3276579547381760.0,29.0,60.0,70,0.0,0.0,0.0,0.0,0.0,0.0,0.0,0.0,0.0,0.0,0.0,0.0,0.0,0.0,0.0,0.0,59.2,68,12,65509,41,65476,0,300,0,0,8,20529,65476,0,0,61604,60.0,0.0,0.0,0.0,0.0,0.0
2026-04-04T11:56:35,ERR,ERR,ERR,ERR,ERR,ERR,ERR,ERR,ERR,ERR,ERR,ERR,ERR,ERR,ERR,ERR,ERR,ERR,ERR,ERR,ERR,ERR,ERR,ERR,ERR,ERR,ERR,ERR,ERR,ERR,ERR,ERR,ERR,ERR,ERR,ERR,ERR,ERR,ERR,ERR,ERR,ERR,ERR,ERR,ERR,ERR,ERR,ERR,ERR,ERR,ERR,ERR,ERR,ERR,ERR,ERR,ERR,ERR,ERR,ERR,ERR,ERR,ERR,ERR,ERR,ERR,ERR,ERR,ERR,ERR,ERR,ERR,ERR,ERR,ERR,ERR,ERR,ERR,ERR,ERR,ERR,ERR,ERR,ERR,ERR,ERR,ERR,ERR,ERR,ERR,ERR,ERR,ERR,ERR,ERR,ERR,ERR,ERR,ERR,ERR,ERR,ERR,ERR,ERR,ERR,ERR,ERR,ERR,ERR,ERR,ERR,ERR,ERR,ERR,ERR,ERR,ERR,ERR,ERR,ERR,ERR,ERR,ERR,ERR,ERR,-107615240.0,0.0,-117832800.0,0.0,0.0,0.0,0.0,nan,0,0,0,32768,0,0.0,0,0.0,0.0,0.0,0.0,0.0,0,0,0,0,0.0,0,0,0,0,0,0,0,0,0,0,0,0,0,0,0,0,0,0,0,0,0,0,0,0,0,0,0,0,0,0,0,0,0,0,0,0,0,0,0,0,0,0,0,0,0.0,0.0,0.0,0.0,0.0,0.0,0.0,0.0,0.0,0.0,0.0,0.0,0.0,0.0,0.0,0.0,0.0,0.0,0.0,0.0,0.0,0.0,2.004,-0.0,0.0,-2.004,0.0,0.0,0.0,0.0,3340.0,-3.697152708471213e+19,0.0,-107615240.0,0.0,-107615232.0,-0.0,0.0,0.0,0.0,0.0,0,0.0,-0.0,0.0,0.0,0.0,0.0,0.0,0.0,0.0,0,0,0,0.0,0.0,0.0,0.0,0.0,0.0,0.0,0.0,0.0,0.0,0.0,0.0,0.0,0.0,0.0,0.0,0,-107875648.0,0,0.0,0,-107875648.0,0.0,0,26215,17038,52429,17052,13107,17037,0,0,0,110,100,100,0.0,64.1,0.0,64.8,-0.0,68.5,1,49,50,180,0,0,0,0,0.0,0.0,0.0,0.0,3.6868920035791974e+28,65.5,0.0,-0.0,0.0,645,0,685,0,0,0,713,0,784,0,706,0,688,0,645,0,640,0,619,0.032,36700160.0,-2.004,-0.0,49808,16789,3.6868920035791974e+28,-0.0,0.0,0.0,-5.95009440463582e+28,-3276579547381760.0,29.0,60.0,70,0.0,0.0,0.0,0.0,0.0,0.0,0.0,0.0,0.0,0.0,0.0,0.0,0.0,0.0,0.0,0.0,59.6,68,12,65509,41,65476,0,300,0,0,8,20529,65476,0,0,61604,60.0,0.0,0.0,0.0,0.0,0.0
2026-04-04T11:56:36,ERR,ERR,ERR,ERR,ERR,ERR,ERR,ERR,ERR,ERR,ERR,ERR,ERR,ERR,ERR,ERR,ERR,ERR,ERR,ERR,ERR,ERR,ERR,ERR,ERR,ERR,ERR,ERR,ERR,ERR,ERR,ERR,ERR,ERR,ERR,ERR,ERR,ERR,ERR,ERR,ERR,ERR,ERR,ERR,ERR,ERR,ERR,ERR,ERR,ERR,ERR,ERR,ERR,ERR,ERR,ERR,ERR,ERR,ERR,ERR,ERR,ERR,ERR,ERR,ERR,ERR,ERR,ERR,ERR,ERR,ERR,ERR,ERR,ERR,ERR,ERR,ERR,ERR,ERR,ERR,ERR,ERR,ERR,ERR,ERR,ERR,ERR,ERR,ERR,ERR,ERR,ERR,ERR,ERR,ERR,ERR,ERR,ERR,ERR,ERR,ERR,ERR,ERR,ERR,ERR,ERR,ERR,ERR,ERR,ERR,ERR,ERR,ERR,ERR,ERR,ERR,ERR,ERR,ERR,ERR,ERR,ERR,ERR,ERR,ERR,-107615240.0,0.0,-117832800.0,0.0,0.0,0.0,0.0,nan,0,0,0,32768,0,0.0,0,0.0,0.0,0.0,0.0,0.0,0,0,0,0,0.0,0,0,0,0,0,0,0,0,0,0,0,0,0,0,0,0,0,0,0,0,0,0,0,0,0,0,0,0,0,0,0,0,0,0,0,0,0,0,0,0,0,0,0,0,0.0,0.0,0.0,0.0,0.0,0.0,0.0,0.0,0.0,0.0,0.0,0.0,0.0,0.0,0.0,0.0,0.0,0.0,0.0,0.0,0.0,0.0,2.004,-0.0,0.0,-2.004,0.0,0.0,0.0,0.0,3340.0,-3.697152708471213e+19,0.0,-107615240.0,0.0,-107615232.0,-0.0,0.0,0.0,0.0,0.0,0,0.0,-0.0,0.0,0.0,0.0,0.0,0.0,0.0,0.0,0,0,0,0.0,0.0,0.0,0.0,0.0,0.0,0.0,0.0,0.0,0.0,0.0,0.0,0.0,0.0,0.0,0.0,0,-107875648.0,0,0.0,0,-107875648.0,0.0,0,26215,17038,52429,17052,13107,17037,0,0,0,110,100,100,0.0,64.1,0.0,64.8,-0.0,68.5,1,49,50,180,0,0,0,0,0.0,0.0,0.0,0.0,3.6868920035791974e+28,65.5,0.0,-0.0,0.0,645,0,685,0,0,0,713,0,784,0,706,0,688,0,645,0,640,0,619,0.032,36700160.0,-2.004,-0.0,49808,16789,3.6868920035791974e+28,-0.0,0.0,0.0,-5.95009440463582e+28,-3276579547381760.0,29.0,60.0,70,0.0,0.0,0.0,0.0,0.0,0.0,0.0,0.0,0.0,0.0,0.0,0.0,0.0,0.0,0.0,0.0,59.6,68,12,65509,41,65476,0,300,0,0,8,20529,65476,0,0,61604,60.0,0.0,0.0,0.0,0.0,0.0
2026-04-04T11:56:37,ERR,ERR,ERR,ERR,ERR,ERR,ERR,ERR,ERR,ERR,ERR,ERR,ERR,ERR,ERR,ERR,ERR,ERR,ERR,ERR,ERR,ERR,ERR,ERR,ERR,ERR,ERR,ERR,ERR,ERR,ERR,ERR,ERR,ERR,ERR,ERR,ERR,ERR,ERR,ERR,ERR,ERR,ERR,ERR,ERR,ERR,ERR,ERR,ERR,ERR,ERR,ERR,ERR,ERR,ERR,ERR,ERR,ERR,ERR,ERR,ERR,ERR,ERR,ERR,ERR,ERR,ERR,ERR,ERR,ERR,ERR,ERR,ERR,ERR,ERR,ERR,ERR,ERR,ERR,ERR,ERR,ERR,ERR,ERR,ERR,ERR,ERR,ERR,ERR,ERR,ERR,ERR,ERR,ERR,ERR,ERR,ERR,ERR,ERR,ERR,ERR,ERR,ERR,ERR,ERR,ERR,ERR,ERR,ERR,ERR,ERR,ERR,ERR,ERR,ERR,ERR,ERR,ERR,ERR,ERR,ERR,ERR,ERR,ERR,ERR,-107615240.0,0.0,-117832800.0,0.0,0.0,0.0,0.0,nan,0,0,0,32768,0,0.0,0,0.0,0.0,0.0,0.0,0.0,0,0,0,0,0.0,0,0,0,0,0,0,0,0,0,0,0,0,0,0,0,0,0,0,0,0,0,0,0,0,0,0,0,0,0,0,0,0,0,0,0,0,0,0,0,0,0,0,0,0,0.0,0.0,0.0,0.0,0.0,0.0,0.0,0.0,0.0,0.0,0.0,0.0,0.0,0.0,0.0,0.0,0.0,0.0,0.0,0.0,0.0,0.0,2.004,-0.0,0.0,-2.004,0.0,0.0,0.0,0.0,3340.0,-3.697152708471213e+19,0.0,-107615240.0,0.0,-107615232.0,-0.0,0.0,0.0,0.0,0.0,0,0.0,-0.0,0.0,0.0,0.0,0.0,0.0,0.0,0.0,0,0,0,0.0,0.0,0.0,0.0,0.0,0.0,0.0,0.0,0.0,0.0,0.0,0.0,0.0,0.0,0.0,0.0,0,-107875648.0,0,0.0,0,-107875648.0,0.0,0,26215,17038,52429,17052,13107,17037,0,0,0,110,100,100,0.0,64.1,0.0,64.8,-0.0,68.5,1,49,50,180,0,0,0,0,0.0,0.0,0.0,0.0,3.6868920035791974e+28,65.5,0.0,-0.0,0.0,645,0,685,0,0,0,713,0,784,0,706,0,688,0,645,0,640,0,619,0.032,36700160.0,-2.004,-0.0,49808,16789,3.6868920035791974e+28,-0.0,0.0,0.0,-5.95009440463582e+28,-3276579547381760.0,29.0,60.0,70,0.0,0.0,0.0,0.0,0.0,0.0,0.0,0.0,0.0,0.0,0.0,0.0,0.0,0.0,0.0,0.0,59.6,68,12,65509,41,65476,0,300,0,0,8,20529,65476,0,0,61604,60.0,0.0,0.0,0.0,0.0,0.0
2026-04-04T11:56:38,ERR,ERR,ERR,ERR,ERR,ERR,ERR,ERR,ERR,ERR,ERR,ERR,ERR,ERR,ERR,ERR,ERR,ERR,ERR,ERR,ERR,ERR,ERR,ERR,ERR,ERR,ERR,ERR,ERR,ERR,ERR,ERR,ERR,ERR,ERR,ERR,ERR,ERR,ERR,ERR,ERR,ERR,ERR,ERR,ERR,ERR,ERR,ERR,ERR,ERR,ERR,ERR,ERR,ERR,ERR,ERR,ERR,ERR,ERR,ERR,ERR,ERR,ERR,ERR,ERR,ERR,ERR,ERR,ERR,ERR,ERR,ERR,ERR,ERR,ERR,ERR,ERR,ERR,ERR,ERR,ERR,ERR,ERR,ERR,ERR,ERR,ERR,ERR,ERR,ERR,ERR,ERR,ERR,ERR,ERR,ERR,ERR,ERR,ERR,ERR,ERR,ERR,ERR,ERR,ERR,ERR,ERR,ERR,ERR,ERR,ERR,ERR,ERR,ERR,ERR,ERR,ERR,ERR,ERR,ERR,ERR,ERR,ERR,ERR,ERR,-107615240.0,0.0,-117832800.0,0.0,0.0,0.0,0.0,nan,0,0,0,32768,0,0.0,0,0.0,0.0,0.0,0.0,0.0,0,0,0,0,0.0,0,0,0,0,0,0,0,0,0,0,0,0,0,0,0,0,0,0,0,0,0,0,0,0,0,0,0,0,0,0,0,0,0,0,0,0,0,0,0,0,0,0,0,0,0.0,0.0,0.0,0.0,0.0,0.0,0.0,0.0,0.0,0.0,0.0,0.0,0.0,0.0,0.0,0.0,0.0,0.0,0.0,0.0,0.0,0.0,2.004,-0.0,0.0,-2.004,0.0,0.0,0.0,0.0,3340.0,-3.697152708471213e+19,0.0,-107615240.0,0.0,-107615232.0,-0.0,0.0,0.0,0.0,0.0,0,0.0,-0.0,0.0,0.0,0.0,0.0,0.0,0.0,0.0,0,0,0,0.0,0.0,0.0,0.0,0.0,0.0,0.0,0.0,0.0,0.0,0.0,0.0,0.0,0.0,0.0,0.0,0,-107875648.0,0,0.0,0,-107875648.0,0.0,0,26215,17038,52429,17052,13107,17037,0,0,0,110,100,100,0.0,64.1,0.0,64.8,-0.0,68.5,1,49,50,180,0,0,0,0,0.0,0.0,0.0,0.0,1548419989504.0,65.5,0.0,-877690176.0,0.0,645,0,685,0,0,0,713,0,784,0,706,0,688,0,646,0,640,0,619,0.032,36700160.0,-2.004,-0.0,45712,16789,1.2556742747085603e+19,-0.0,0.0,-0.0,-2.1850609611177984e+16,-0.155,29.0,60.0,70,0.0,0.0,0.0,0.0,0.0,0.0,0.0,0.0,0.0,0.0,0.0,0.0,0.0,0.0,0.0,0.0,59.6,68,12,65509,41,65476,0,300,0,0,8,20529,65476,0,0,61604,60.0,0.0,0.0,0.0,0.0,0.0
2026-04-04T11:56:39,ERR,ERR,ERR,ERR,ERR,ERR,ERR,ERR,ERR,ERR,ERR,ERR,ERR,ERR,ERR,ERR,ERR,ERR,ERR,ERR,ERR,ERR,ERR,ERR,ERR,ERR,ERR,ERR,ERR,ERR,ERR,ERR,ERR,ERR,ERR,ERR,ERR,ERR,ERR,ERR,ERR,ERR,ERR,ERR,ERR,ERR,ERR,ERR,ERR,ERR,ERR,ERR,ERR,ERR,ERR,ERR,ERR,ERR,ERR,ERR,ERR,ERR,ERR,ERR,ERR,ERR,ERR,ERR,ERR,ERR,ERR,ERR,ERR,ERR,ERR,ERR,ERR,ERR,ERR,ERR,ERR,ERR,ERR,ERR,ERR,ERR,ERR,ERR,ERR,ERR,ERR,ERR,ERR,ERR,ERR,ERR,ERR,ERR,ERR,ERR,ERR,ERR,ERR,ERR,ERR,ERR,ERR,ERR,ERR,ERR,ERR,ERR,ERR,ERR,ERR,ERR,ERR,ERR,ERR,ERR,ERR,ERR,ERR,ERR,ERR,-107615240.0,0.0,-117832800.0,0.0,0.0,0.0,0.0,nan,0,0,0,32768,0,0.0,0,0.0,0.0,0.0,0.0,0.0,0,0,0,0,0.0,0,0,0,0,0,0,0,0,0,0,0,0,0,0,0,0,0,0,0,0,0,0,0,0,0,0,0,0,0,0,0,0,0,0,0,0,0,0,0,0,0,0,0,0,0.0,0.0,0.0,0.0,0.0,0.0,0.0,0.0,0.0,0.0,0.0,0.0,0.0,0.0,0.0,0.0,0.0,0.0,0.0,0.0,0.0,0.0,2.004,-0.0,0.0,-2.004,0.0,0.0,0.0,0.0,3340.0,-1.5879149971201683e+29,0.0,-107615240.0,0.0,-107615232.0,-0.0,0.0,0.0,0.0,0.0,0,0.0,-0.0,0.0,0.0,0.0,0.0,0.0,0.0,0.0,0,0,0,0.0,0.0,0.0,0.0,0.0,0.0,0.0,0.0,0.0,0.0,0.0,0.0,0.0,0.0,0.0,0.0,0,-107875648.0,0,0.0,0,-107875648.0,0.0,0,26215,17038,52429,17052,13107,17037,0,0,0,110,100,100,0.0,64.1,0.0,64.8,-0.0,68.5,1,49,50,180,0,0,0,0,0.0,0.0,0.0,0.0,1548419989504.0,65.5,0.0,-877690176.0,0.0,645,0,685,0,0,0,713,0,784,0,706,0,688,0,646,0,640,0,619,0.032,36700160.0,-2.004,-0.0,45712,16789,1.2556742747085603e+19,-0.0,0.0,-0.0,-2.1850609611177984e+16,-0.155,29.0,60.0,70,0.0,0.0,0.0,0.0,0.0,0.0,0.0,0.0,0.0,0.0,0.0,0.0,0.0,0.0,0.0,0.0,59.6,68,12,65509,41,65476,0,300,0,0,8,20529,65476,0,0,61604,60.0,0.0,0.0,0.0,0.0,0.0
2026-04-04T11:56:40,ERR,ERR,ERR,ERR,ERR,ERR,ERR,ERR,ERR,ERR,ERR,ERR,ERR,ERR,ERR,ERR,ERR,ERR,ERR,ERR,ERR,ERR,ERR,ERR,ERR,ERR,ERR,ERR,ERR,ERR,ERR,ERR,ERR,ERR,ERR,ERR,ERR,ERR,ERR,ERR,ERR,ERR,ERR,ERR,ERR,ERR,ERR,ERR,ERR,ERR,ERR,ERR,ERR,ERR,ERR,ERR,ERR,ERR,ERR,ERR,ERR,ERR,ERR,ERR,ERR,ERR,ERR,ERR,ERR,ERR,ERR,ERR,ERR,ERR,ERR,ERR,ERR,ERR,ERR,ERR,ERR,ERR,ERR,ERR,ERR,ERR,ERR,ERR,ERR,ERR,ERR,ERR,ERR,ERR,ERR,ERR,ERR,ERR,ERR,ERR,ERR,ERR,ERR,ERR,ERR,ERR,ERR,ERR,ERR,ERR,ERR,ERR,ERR,ERR,ERR,ERR,ERR,ERR,ERR,ERR,ERR,ERR,ERR,ERR,ERR,-107615240.0,0.0,-117832800.0,0.0,0.0,0.0,0.0,nan,0,0,0,32768,0,0.0,0,0.0,0.0,0.0,0.0,0.0,0,0,0,0,0.0,0,0,0,0,0,0,0,0,0,0,0,0,0,0,0,0,0,0,0,0,0,0,0,0,0,0,0,0,0,0,0,0,0,0,0,0,0,0,0,0,0,0,0,0,0.0,0.0,0.0,0.0,0.0,0.0,0.0,0.0,0.0,0.0,0.0,0.0,0.0,0.0,0.0,0.0,0.0,0.0,0.0,0.0,0.0,0.0,2.004,-0.0,0.0,-2.004,0.0,0.0,0.0,0.0,3340.0,-1.5879149971201683e+29,0.0,-107615240.0,0.0,-107615232.0,-0.0,0.0,0.0,0.0,0.0,0,0.0,-0.0,0.0,0.0,0.0,0.0,0.0,0.0,0.0,0,0,0,0.0,0.0,0.0,0.0,0.0,0.0,0.0,0.0,0.0,0.0,0.0,0.0,0.0,0.0,0.0,0.0,0,-107875648.0,0,0.0,0,-107875648.0,0.0,0,26215,17038,52429,17052,13107,17037,0,0,0,110,100,100,0.0,64.1,0.0,64.8,-0.0,68.5,1,49,50,180,0,0,0,0,0.0,0.0,0.0,0.0,1548419989504.0,65.5,0.0,-877690176.0,0.0,645,0,685,0,0,0,713,0,784,0,706,0,688,0,646,0,640,0,619,0.032,36700160.0,-2.004,-0.0,45712,16789,1.2556742747085603e+19,-0.0,0.0,-0.0,-2.1850609611177984e+16,-0.155,29.0,60.0,70,0.0,0.0,0.0,0.0,0.0,0.0,0.0,0.0,0.0,0.0,0.0,0.0,0.0,0.0,0.0,0.0,59.2,68,12,65509,41,65476,0,300,0,0,8,20529,65476,0,0,61604,60.0,0.0,0.0,0.0,0.0,0.0
2026-04-04T11:56:41,ERR,ERR,ERR,ERR,ERR,ERR,ERR,ERR,ERR,ERR,ERR,ERR,ERR,ERR,ERR,ERR,ERR,ERR,ERR,ERR,ERR,ERR,ERR,ERR,ERR,ERR,ERR,ERR,ERR,ERR,ERR,ERR,ERR,ERR,ERR,ERR,ERR,ERR,ERR,ERR,ERR,ERR,ERR,ERR,ERR,ERR,ERR,ERR,ERR,ERR,ERR,ERR,ERR,ERR,ERR,ERR,ERR,ERR,ERR,ERR,ERR,ERR,ERR,ERR,ERR,ERR,ERR,ERR,ERR,ERR,ERR,ERR,ERR,ERR,ERR,ERR,ERR,ERR,ERR,ERR,ERR,ERR,ERR,ERR,ERR,ERR,ERR,ERR,ERR,ERR,ERR,ERR,ERR,ERR,ERR,ERR,ERR,ERR,ERR,ERR,ERR,ERR,ERR,ERR,ERR,ERR,ERR,ERR,ERR,ERR,ERR,ERR,ERR,ERR,ERR,ERR,ERR,ERR,ERR,ERR,ERR,ERR,ERR,ERR,ERR,-107615240.0,0.0,-117832800.0,0.0,0.0,0.0,0.0,nan,0,0,0,32768,0,0.0,0,0.0,0.0,0.0,0.0,0.0,0,0,0,0,0.0,0,0,0,0,0,0,0,0,0,0,0,0,0,0,0,0,0,0,0,0,0,0,0,0,0,0,0,0,0,0,0,0,0,0,0,0,0,0,0,0,0,0,0,0,0.0,0.0,0.0,0.0,0.0,0.0,0.0,0.0,0.0,0.0,0.0,0.0,0.0,0.0,0.0,0.0,0.0,0.0,0.0,0.0,0.0,0.0,2.004,-0.0,0.0,-2.004,0.0,0.0,0.0,0.0,3340.0,-1.5879149971201683e+29,0.0,-107615240.0,0.0,-107615232.0,-0.0,0.0,0.0,0.0,0.0,0,0.0,-0.0,0.0,0.0,0.0,0.0,0.0,0.0,0.0,0,0,0,0.0,0.0,0.0,0.0,0.0,0.0,0.0,0.0,0.0,0.0,0.0,0.0,0.0,0.0,0.0,0.0,0,-107875648.0,0,0.0,0,-107875648.0,0.0,0,26215,17038,52429,17052,13107,17037,0,0,0,110,100,100,0.0,64.1,0.0,64.8,-0.0,68.5,1,49,50,180,0,0,0,0,0.0,0.0,0.0,0.0,1548419989504.0,65.5,0.0,-877690176.0,0.0,645,0,685,0,0,0,713,0,784,0,706,0,688,0,646,0,640,0,619,0.032,36700160.0,-2.004,-0.0,45712,16789,1.2556742747085603e+19,-0.0,0.0,-0.0,-2.1850609611177984e+16,-0.155,29.0,60.0,70,0.0,0.0,0.0,0.0,0.0,0.0,0.0,0.0,0.0,0.0,0.0,0.0,0.0,0.0,0.0,0.0,59.2,68,12,65509,41,65476,0,300,0,0,8,20529,65476,0,0,61604,60.0,0.0,0.0,0.0,0.0,0.0
2026-04-04T11:56:42,ERR,ERR,ERR,ERR,ERR,ERR,ERR,ERR,ERR,ERR,ERR,ERR,ERR,ERR,ERR,ERR,ERR,ERR,ERR,ERR,ERR,ERR,ERR,ERR,ERR,ERR,ERR,ERR,ERR,ERR,ERR,ERR,ERR,ERR,ERR,ERR,ERR,ERR,ERR,ERR,ERR,ERR,ERR,ERR,ERR,ERR,ERR,ERR,ERR,ERR,ERR,ERR,ERR,ERR,ERR,ERR,ERR,ERR,ERR,ERR,ERR,ERR,ERR,ERR,ERR,ERR,ERR,ERR,ERR,ERR,ERR,ERR,ERR,ERR,ERR,ERR,ERR,ERR,ERR,ERR,ERR,ERR,ERR,ERR,ERR,ERR,ERR,ERR,ERR,ERR,ERR,ERR,ERR,ERR,ERR,ERR,ERR,ERR,ERR,ERR,ERR,ERR,ERR,ERR,ERR,ERR,ERR,ERR,ERR,ERR,ERR,ERR,ERR,ERR,ERR,ERR,ERR,ERR,ERR,ERR,ERR,ERR,ERR,ERR,ERR,-107615240.0,0.0,-117832800.0,0.0,0.0,0.0,0.0,nan,0,0,0,32768,0,0.0,0,0.0,0.0,0.0,0.0,0.0,0,0,0,0,0.0,0,0,0,0,0,0,0,0,0,0,0,0,0,0,0,0,0,0,0,0,0,0,0,0,0,0,0,0,0,0,0,0,0,0,0,0,0,0,0,0,0,0,0,0,0.0,0.0,0.0,0.0,0.0,0.0,0.0,0.0,0.0,0.0,0.0,0.0,0.0,0.0,0.0,0.0,0.0,0.0,0.0,0.0,0.0,0.0,2.004,-0.0,0.0,-2.004,0.0,0.0,0.0,0.0,3340.0,-1.5879149971201683e+29,0.0,-107615240.0,0.0,-107615232.0,-0.0,0.0,0.0,0.0,0.0,0,0.0,-0.0,0.0,0.0,0.0,0.0,0.0,0.0,0.0,0,0,0,0.0,0.0,0.0,0.0,0.0,0.0,0.0,0.0,0.0,0.0,0.0,0.0,0.0,0.0,0.0,0.0,0,-107875648.0,0,0.0,0,-107875648.0,0.0,0,26215,17038,52429,17052,13107,17037,0,0,0,110,100,100,0.0,64.1,0.0,64.8,-0.0,68.5,1,49,50,180,0,0,0,0,0.0,0.0,0.0,0.0,1548419989504.0,65.5,0.0,-877690176.0,0.0,645,0,685,0,0,0,713,0,784,0,706,0,688,0,646,0,640,0,619,0.032,36700160.0,-2.004,-0.0,45712,16789,1.2556742747085603e+19,-0.0,0.0,-0.0,-2.1850609611177984e+16,-0.155,29.0,60.0,70,0.0,0.0,0.0,0.0,0.0,0.0,0.0,0.0,0.0,0.0,0.0,0.0,0.0,0.0,0.0,0.0,59.2,68,12,65509,41,65476,0,300,0,0,8,20529,65476,0,0,61604,60.0,0.0,0.0,0.0,0.0,0.0
2026-04-04T11:56:43,ERR,ERR,ERR,ERR,ERR,ERR,ERR,ERR,ERR,ERR,ERR,ERR,ERR,ERR,ERR,ERR,ERR,ERR,ERR,ERR,ERR,ERR,ERR,ERR,ERR,ERR,ERR,ERR,ERR,ERR,ERR,ERR,ERR,ERR,ERR,ERR,ERR,ERR,ERR,ERR,ERR,ERR,ERR,ERR,ERR,ERR,ERR,ERR,ERR,ERR,ERR,ERR,ERR,ERR,ERR,ERR,ERR,ERR,ERR,ERR,ERR,ERR,ERR,ERR,ERR,ERR,ERR,ERR,ERR,ERR,ERR,ERR,ERR,ERR,ERR,ERR,ERR,ERR,ERR,ERR,ERR,ERR,ERR,ERR,ERR,ERR,ERR,ERR,ERR,ERR,ERR,ERR,ERR,ERR,ERR,ERR,ERR,ERR,ERR,ERR,ERR,ERR,ERR,ERR,ERR,ERR,ERR,ERR,ERR,ERR,ERR,ERR,ERR,ERR,ERR,ERR,ERR,ERR,ERR,ERR,ERR,ERR,ERR,ERR,ERR,-107615240.0,0.0,-117832800.0,0.0,0.0,0.0,0.0,nan,0,0,0,32768,0,0.0,0,0.0,0.0,0.0,0.0,0.0,0,0,0,0,0.0,0,0,0,0,0,0,0,0,0,0,0,0,0,0,0,0,0,0,0,0,0,0,0,0,0,0,0,0,0,0,0,0,0,0,0,0,0,0,0,0,0,0,0,0,0.0,0.0,0.0,0.0,0.0,0.0,0.0,0.0,0.0,0.0,0.0,0.0,0.0,0.0,0.0,0.0,0.0,0.0,0.0,0.0,0.0,0.0,2.004,-0.0,0.0,-2.004,0.0,0.0,0.0,0.0,3340.0,-1.5879149971201683e+29,0.0,-107615240.0,0.0,-107615232.0,-0.0,0.0,0.0,0.0,0.0,0,0.0,-0.0,0.0,0.0,0.0,0.0,0.0,0.0,0.0,0,0,0,0.0,0.0,0.0,0.0,0.0,0.0,0.0,0.0,0.0,0.0,0.0,0.0,0.0,0.0,0.0,0.0,0,-107875648.0,0,0.0,0,-107875648.0,0.0,0,39322,17038,52429,17052,13107,17037,0,0,0,110,100,100,0.0,64.1,0.0,64.8,-0.0,68.5,1,49,50,180,0,0,0,0,0.0,0.0,0.0,0.0,2.6475925420412108e+23,65.5,0.0,0.0,0.0,645,0,685,0,0,0,712,0,784,0,706,0,688,0,646,0,640,0,619,0.032,36438016.0,-2.004,-0.0,41616,16789,13693029974016.0,0.0,164098.453,-340259232.0,-1.6112860181845198e+35,-9.739974545790893e+23,29.0,60.0,70,0.0,0.0,0.0,0.0,0.0,0.0,0.0,0.0,0.0,0.0,0.0,0.0,0.0,0.0,0.0,0.0,59.2,68,12,65509,41,65476,0,300,0,0,8,20529,65476,0,0,61604,60.0,0.0,0.0,0.0,0.0,0.0
2026-04-04T11:56:44,ERR,ERR,ERR,ERR,ERR,ERR,ERR,ERR,ERR,ERR,ERR,ERR,ERR,ERR,ERR,ERR,ERR,ERR,ERR,ERR,ERR,ERR,ERR,ERR,ERR,ERR,ERR,ERR,ERR,ERR,ERR,ERR,ERR,ERR,ERR,ERR,ERR,ERR,ERR,ERR,ERR,ERR,ERR,ERR,ERR,ERR,ERR,ERR,ERR,ERR,ERR,ERR,ERR,ERR,ERR,ERR,ERR,ERR,ERR,ERR,ERR,ERR,ERR,ERR,ERR,ERR,ERR,ERR,ERR,ERR,ERR,ERR,ERR,ERR,ERR,ERR,ERR,ERR,ERR,ERR,ERR,ERR,ERR,ERR,ERR,ERR,ERR,ERR,ERR,ERR,ERR,ERR,ERR,ERR,ERR,ERR,ERR,ERR,ERR,ERR,ERR,ERR,ERR,ERR,ERR,ERR,ERR,ERR,ERR,ERR,ERR,ERR,ERR,ERR,ERR,ERR,ERR,ERR,ERR,ERR,ERR,ERR,ERR,ERR,ERR,-107615240.0,0.0,-117832800.0,0.0,0.0,0.0,0.0,nan,0,0,0,32768,0,0.0,0,0.0,0.0,0.0,0.0,0.0,0,0,0,0,0.0,0,0,0,0,0,0,0,0,0,0,0,0,0,0,0,0,0,0,0,0,0,0,0,0,0,0,0,0,0,0,0,0,0,0,0,0,0,0,0,0,0,0,0,0,0.0,0.0,0.0,0.0,0.0,0.0,0.0,0.0,0.0,0.0,0.0,0.0,0.0,0.0,0.0,0.0,0.0,0.0,0.0,0.0,0.0,0.0,2.004,-0.0,0.0,-2.004,0.0,0.0,0.0,0.0,3340.0,-1.5879149971201683e+29,0.0,-107615240.0,0.0,-107615232.0,-0.0,0.0,0.0,0.0,0.0,0,0.0,-0.0,0.0,0.0,0.0,0.0,0.0,0.0,0.0,0,0,0,0.0,0.0,0.0,0.0,0.0,0.0,0.0,0.0,0.0,0.0,0.0,0.0,0.0,0.0,0.0,0.0,0,-107875648.0,0,0.0,0,-107875648.0,0.0,0,39322,17038,52429,17052,13107,17037,0,0,0,110,100,100,0.0,64.1,0.0,64.8,-0.0,68.5,1,49,50,180,0,0,0,0,0.0,0.0,0.0,0.0,2.6475925420412108e+23,65.5,0.0,0.0,0.0,645,0,685,0,0,0,712,0,784,0,706,0,688,0,646,0,640,0,619,0.032,36438016.0,-2.004,-0.0,41616,16789,13693029974016.0,0.0,164098.453,-340259232.0,-1.6112860181845198e+35,-9.739974545790893e+23,29.0,60.0,70,0.0,0.0,0.0,0.0,0.0,0.0,0.0,0.0,0.0,0.0,0.0,0.0,0.0,0.0,0.0,0.0,59.2,68,12,65509,41,65476,0,300,0,0,8,20529,65476,0,0,61604,60.0,0.0,0.0,0.0,0.0,0.0
2026-04-04T11:56:45,ERR,ERR,ERR,ERR,ERR,ERR,ERR,ERR,ERR,ERR,ERR,ERR,ERR,ERR,ERR,ERR,ERR,ERR,ERR,ERR,ERR,ERR,ERR,ERR,ERR,ERR,ERR,ERR,ERR,ERR,ERR,ERR,ERR,ERR,ERR,ERR,ERR,ERR,ERR,ERR,ERR,ERR,ERR,ERR,ERR,ERR,ERR,ERR,ERR,ERR,ERR,ERR,ERR,ERR,ERR,ERR,ERR,ERR,ERR,ERR,ERR,ERR,ERR,ERR,ERR,ERR,ERR,ERR,ERR,ERR,ERR,ERR,ERR,ERR,ERR,ERR,ERR,ERR,ERR,ERR,ERR,ERR,ERR,ERR,ERR,ERR,ERR,ERR,ERR,ERR,ERR,ERR,ERR,ERR,ERR,ERR,ERR,ERR,ERR,ERR,ERR,ERR,ERR,ERR,ERR,ERR,ERR,ERR,ERR,ERR,ERR,ERR,ERR,ERR,ERR,ERR,ERR,ERR,ERR,ERR,ERR,ERR,ERR,ERR,ERR,-107615240.0,0.0,-117832800.0,0.0,0.0,0.0,0.0,nan,0,0,0,32768,0,0.0,0,0.0,0.0,0.0,0.0,0.0,0,0,0,0,0.0,0,0,0,0,0,0,0,0,0,0,0,0,0,0,0,0,0,0,0,0,0,0,0,0,0,0,0,0,0,0,0,0,0,0,0,0,0,0,0,0,0,0,0,0,0.0,0.0,0.0,0.0,0.0,0.0,0.0,0.0,0.0,0.0,0.0,0.0,0.0,0.0,0.0,0.0,0.0,0.0,0.0,0.0,0.0,0.0,2.004,-0.0,0.0,-2.004,0.0,0.0,0.0,0.0,3340.0,-1.5879149971201683e+29,0.0,-107615240.0,0.0,-107615232.0,-0.0,0.0,0.0,0.0,0.0,0,0.0,-0.0,0.0,0.0,0.0,0.0,0.0,0.0,0.0,0,0,0,0.0,0.0,0.0,0.0,0.0,0.0,0.0,0.0,0.0,0.0,0.0,0.0,0.0,0.0,0.0,0.0,0,-107875648.0,0,0.0,0,-107875648.0,0.0,0,39322,17038,52429,17052,13107,17037,0,0,0,110,100,100,0.0,64.1,0.0,64.8,-0.0,68.5,1,49,50,180,0,0,0,0,0.0,0.0,0.0,0.0,2.6475925420412108e+23,65.5,0.0,0.0,0.0,645,0,685,0,0,0,712,0,784,0,706,0,688,0,646,0,640,0,619,0.032,36438016.0,-2.004,-0.0,41616,16789,13693029974016.0,0.0,164098.453,-340259232.0,-1.6112860181845198e+35,-9.739974545790893e+23,29.0,60.0,70,0.0,0.0,0.0,0.0,0.0,0.0,0.0,0.0,0.0,0.0,0.0,0.0,0.0,0.0,0.0,0.0,59.2,68,12,65509,41,65476,0,300,0,0,8,20529,65476,0,0,61604,60.0,0.0,0.0,0.0,0.0,0.0
2026-04-04T11:56:46,ERR,ERR,ERR,ERR,ERR,ERR,ERR,ERR,ERR,ERR,ERR,ERR,ERR,ERR,ERR,ERR,ERR,ERR,ERR,ERR,ERR,ERR,ERR,ERR,ERR,ERR,ERR,ERR,ERR,ERR,ERR,ERR,ERR,ERR,ERR,ERR,ERR,ERR,ERR,ERR,ERR,ERR,ERR,ERR,ERR,ERR,ERR,ERR,ERR,ERR,ERR,ERR,ERR,ERR,ERR,ERR,ERR,ERR,ERR,ERR,ERR,ERR,ERR,ERR,ERR,ERR,ERR,ERR,ERR,ERR,ERR,ERR,ERR,ERR,ERR,ERR,ERR,ERR,ERR,ERR,ERR,ERR,ERR,ERR,ERR,ERR,ERR,ERR,ERR,ERR,ERR,ERR,ERR,ERR,ERR,ERR,ERR,ERR,ERR,ERR,ERR,ERR,ERR,ERR,ERR,ERR,ERR,ERR,ERR,ERR,ERR,ERR,ERR,ERR,ERR,ERR,ERR,ERR,ERR,ERR,ERR,ERR,ERR,ERR,ERR,-107615240.0,0.0,-117832800.0,0.0,0.0,0.0,0.0,nan,0,0,0,32768,0,0.0,0,0.0,0.0,0.0,0.0,0.0,0,0,0,0,0.0,0,0,0,0,0,0,0,0,0,0,0,0,0,0,0,0,0,0,0,0,0,0,0,0,0,0,0,0,0,0,0,0,0,0,0,0,0,0,0,0,0,0,0,0,0.0,0.0,0.0,0.0,0.0,0.0,0.0,0.0,0.0,0.0,0.0,0.0,0.0,0.0,0.0,0.0,0.0,0.0,0.0,0.0,0.0,0.0,2.004,-0.0,0.0,-2.004,0.0,0.0,0.0,0.0,3340.0,-1.5879149971201683e+29,0.0,-107615240.0,0.0,-107615232.0,-0.0,0.0,0.0,0.0,0.0,0,0.0,-0.0,0.0,0.0,0.0,0.0,0.0,0.0,0.0,0,0,0,0.0,0.0,0.0,0.0,0.0,0.0,0.0,0.0,0.0,0.0,0.0,0.0,0.0,0.0,0.0,0.0,0,-107875648.0,0,0.0,0,-107875648.0,0.0,0,39322,17038,52429,17052,13107,17037,0,0,0,110,100,100,0.0,64.1,0.0,64.8,-0.0,68.5,1,49,50,180,0,0,0,0,0.0,0.0,0.0,0.0,2.6475925420412108e+23,65.5,0.0,0.0,0.0,645,0,685,0,0,0,712,0,784,0,706,0,688,0,646,0,640,0,619,0.032,36438016.0,-2.004,-0.0,41616,16789,13693029974016.0,0.0,164098.453,-340259232.0,-1.6112860181845198e+35,-9.739974545790893e+23,29.0,60.0,70,0.0,0.0,0.0,0.0,0.0,0.0,0.0,0.0,0.0,0.0,0.0,0.0,0.0,0.0,0.0,0.0,59.2,68,12,65509,41,65476,0,300,0,0,8,20529,65476,0,0,61604,60.0,0.0,0.0,0.0,0.0,0.0
2026-04-04T11:56:47,ERR,ERR,ERR,ERR,ERR,ERR,ERR,ERR,ERR,ERR,ERR,ERR,ERR,ERR,ERR,ERR,ERR,ERR,ERR,ERR,ERR,ERR,ERR,ERR,ERR,ERR,ERR,ERR,ERR,ERR,ERR,ERR,ERR,ERR,ERR,ERR,ERR,ERR,ERR,ERR,ERR,ERR,ERR,ERR,ERR,ERR,ERR,ERR,ERR,ERR,ERR,ERR,ERR,ERR,ERR,ERR,ERR,ERR,ERR,ERR,ERR,ERR,ERR,ERR,ERR,ERR,ERR,ERR,ERR,ERR,ERR,ERR,ERR,ERR,ERR,ERR,ERR,ERR,ERR,ERR,ERR,ERR,ERR,ERR,ERR,ERR,ERR,ERR,ERR,ERR,ERR,ERR,ERR,ERR,ERR,ERR,ERR,ERR,ERR,ERR,ERR,ERR,ERR,ERR,ERR,ERR,ERR,ERR,ERR,ERR,ERR,ERR,ERR,ERR,ERR,ERR,ERR,ERR,ERR,ERR,ERR,ERR,ERR,ERR,ERR,-107615240.0,0.0,-117832800.0,0.0,0.0,0.0,0.0,nan,0,0,0,32768,0,0.0,0,0.0,0.0,0.0,0.0,0.0,0,0,0,0,0.0,0,0,0,0,0,0,0,0,0,0,0,0,0,0,0,0,0,0,0,0,0,0,0,0,0,0,0,0,0,0,0,0,0,0,0,0,0,0,0,0,0,0,0,0,0.0,0.0,0.0,0.0,0.0,0.0,0.0,0.0,0.0,0.0,0.0,0.0,0.0,0.0,0.0,0.0,0.0,0.0,0.0,0.0,0.0,0.0,2.004,-0.0,0.0,-2.004,0.0,0.0,0.0,0.0,3340.0,-1.5879149971201683e+29,0.0,-107615240.0,0.0,-107615232.0,-0.0,0.0,0.0,0.0,0.0,0,0.0,-0.0,0.0,0.0,0.0,0.0,0.0,0.0,0.0,0,0,0,0.0,0.0,0.0,0.0,0.0,0.0,0.0,0.0,0.0,0.0,0.0,0.0,0.0,0.0,0.0,0.0,0,-107875648.0,0,0.0,0,-107875648.0,0.0,0,26215,17038,52429,17052,13107,17037,0,0,0,110,100,100,0.0,64.1,0.0,64.8,-0.0,68.5,1,49,50,180,0,0,0,0,0.0,0.0,0.0,0.0,356884.094,65.5,0.0,-24806378.0,0.0,645,0,685,0,0,0,712,0,784,0,706,0,688,0,646,0,640,0,619,0.032,36700160.0,-2.004,-0.0,50576,16789,19093788672.0,0.0,0.003,0.0,-1.0064844664702879e+30,-1.318721432804393e+17,29.0,60.0,70,0.0,0.0,0.0,0.0,0.0,0.0,0.0,0.0,0.0,0.0,0.0,0.0,0.0,0.0,0.0,0.0,59.2,68,12,65509,41,65476,0,300,0,0,8,20529,65476,0,0,61604,60.0,0.0,0.0,0.0,0.0,0.0
2026-04-04T11:56:48,ERR,ERR,ERR,ERR,ERR,ERR,ERR,ERR,ERR,ERR,ERR,ERR,ERR,ERR,ERR,ERR,ERR,ERR,ERR,ERR,ERR,ERR,ERR,ERR,ERR,ERR,ERR,ERR,ERR,ERR,ERR,ERR,ERR,ERR,ERR,ERR,ERR,ERR,ERR,ERR,ERR,ERR,ERR,ERR,ERR,ERR,ERR,ERR,ERR,ERR,ERR,ERR,ERR,ERR,ERR,ERR,ERR,ERR,ERR,ERR,ERR,ERR,ERR,ERR,ERR,ERR,ERR,ERR,ERR,ERR,ERR,ERR,ERR,ERR,ERR,ERR,ERR,ERR,ERR,ERR,ERR,ERR,ERR,ERR,ERR,ERR,ERR,ERR,ERR,ERR,ERR,ERR,ERR,ERR,ERR,ERR,ERR,ERR,ERR,ERR,ERR,ERR,ERR,ERR,ERR,ERR,ERR,ERR,ERR,ERR,ERR,ERR,ERR,ERR,ERR,ERR,ERR,ERR,ERR,ERR,ERR,ERR,ERR,ERR,ERR,-107615240.0,0.0,-117832800.0,0.0,0.0,0.0,0.0,nan,0,0,0,32768,0,0.0,0,0.0,0.0,0.0,0.0,0.0,0,0,0,0,0.0,0,0,0,0,0,0,0,0,0,0,0,0,0,0,0,0,0,0,0,0,0,0,0,0,0,0,0,0,0,0,0,0,0,0,0,0,0,0,0,0,0,0,0,0,0.0,0.0,0.0,0.0,0.0,0.0,0.0,0.0,0.0,0.0,0.0,0.0,0.0,0.0,0.0,0.0,0.0,0.0,0.0,0.0,0.0,0.0,2.004,-0.0,0.0,-2.004,0.0,0.0,0.0,0.0,3340.0,-1.5879149971201683e+29,0.0,-107615240.0,0.0,-107615232.0,-0.0,0.0,0.0,0.0,0.0,0,0.0,-0.0,0.0,0.0,0.0,0.0,0.0,0.0,0.0,0,0,0,0.0,0.0,0.0,0.0,0.0,0.0,0.0,0.0,0.0,0.0,0.0,0.0,0.0,0.0,0.0,0.0,0,-107875648.0,0,0.0,0,-107875648.0,0.0,0,26215,17038,52429,17052,13107,17037,0,0,0,110,100,100,0.0,64.1,0.0,64.8,-0.0,68.5,1,49,50,180,0,0,0,0,0.0,0.0,0.0,0.0,356884.094,65.5,0.0,-24806378.0,0.0,645,0,685,0,0,0,712,0,784,0,706,0,688,0,646,0,640,0,619,0.032,36700160.0,-2.004,-0.0,50576,16789,19093788672.0,0.0,0.003,0.0,-1.0064844664702879e+30,-1.318721432804393e+17,29.0,60.0,70,0.0,0.0,0.0,0.0,0.0,0.0,0.0,0.0,0.0,0.0,0.0,0.0,0.0,0.0,0.0,0.0,59.2,68,12,65509,41,65476,0,300,0,0,8,20529,65476,0,0,61604,60.0,0.0,0.0,0.0,0.0,0.0
2026-04-04T11:56:49,ERR,ERR,ERR,ERR,ERR,ERR,ERR,ERR,ERR,ERR,ERR,ERR,ERR,ERR,ERR,ERR,ERR,ERR,ERR,ERR,ERR,ERR,ERR,ERR,ERR,ERR,ERR,ERR,ERR,ERR,ERR,ERR,ERR,ERR,ERR,ERR,ERR,ERR,ERR,ERR,ERR,ERR,ERR,ERR,ERR,ERR,ERR,ERR,ERR,ERR,ERR,ERR,ERR,ERR,ERR,ERR,ERR,ERR,ERR,ERR,ERR,ERR,ERR,ERR,ERR,ERR,ERR,ERR,ERR,ERR,ERR,ERR,ERR,ERR,ERR,ERR,ERR,ERR,ERR,ERR,ERR,ERR,ERR,ERR,ERR,ERR,ERR,ERR,ERR,ERR,ERR,ERR,ERR,ERR,ERR,ERR,ERR,ERR,ERR,ERR,ERR,ERR,ERR,ERR,ERR,ERR,ERR,ERR,ERR,ERR,ERR,ERR,ERR,ERR,ERR,ERR,ERR,ERR,ERR,ERR,ERR,ERR,ERR,ERR,ERR,-107615240.0,0.0,-117832800.0,0.0,0.0,0.0,0.0,nan,0,0,0,32768,0,0.0,0,0.0,0.0,0.0,0.0,0.0,0,0,0,0,0.0,0,0,0,0,0,0,0,0,0,0,0,0,0,0,0,0,0,0,0,0,0,0,0,0,0,0,0,0,0,0,0,0,0,0,0,0,0,0,0,0,0,0,0,0,0.0,0.0,0.0,0.0,0.0,0.0,0.0,0.0,0.0,0.0,0.0,0.0,0.0,0.0,0.0,0.0,0.0,0.0,0.0,0.0,0.0,0.0,2.004,-0.0,0.0,-2.004,0.0,0.0,0.0,0.0,3340.0,-1.5879149971201683e+29,0.0,-107615240.0,0.0,-107615232.0,-0.0,0.0,0.0,0.0,0.0,0,0.0,-0.0,0.0,0.0,0.0,0.0,0.0,0.0,0.0,0,0,0,0.0,0.0,0.0,0.0,0.0,0.0,0.0,0.0,0.0,0.0,0.0,0.0,0.0,0.0,0.0,0.0,0,-107875648.0,0,0.0,0,-107875648.0,0.0,0,26215,17038,52429,17052,13107,17037,0,0,0,110,100,100,0.0,64.1,0.0,64.8,-0.0,68.5,1,49,50,180,0,0,0,0,0.0,0.0,0.0,0.0,356884.094,65.5,0.0,-24806378.0,0.0,645,0,685,0,0,0,712,0,784,0,706,0,688,0,646,0,640,0,619,0.032,36700160.0,-2.004,-0.0,50576,16789,19093788672.0,0.0,0.003,0.0,-1.0064844664702879e+30,-1.318721432804393e+17,29.0,60.0,70,0.0,0.0,0.0,0.0,0.0,0.0,0.0,0.0,0.0,0.0,0.0,0.0,0.0,0.0,0.0,0.0,59.2,68,12,65509,41,65476,0,300,0,0,8,20529,65476,0,0,61604,60.0,0.0,0.0,0.0,0.0,0.0
2026-04-04T11:56:50,ERR,ERR,ERR,ERR,ERR,ERR,ERR,ERR,ERR,ERR,ERR,ERR,ERR,ERR,ERR,ERR,ERR,ERR,ERR,ERR,ERR,ERR,ERR,ERR,ERR,ERR,ERR,ERR,ERR,ERR,ERR,ERR,ERR,ERR,ERR,ERR,ERR,ERR,ERR,ERR,ERR,ERR,ERR,ERR,ERR,ERR,ERR,ERR,ERR,ERR,ERR,ERR,ERR,ERR,ERR,ERR,ERR,ERR,ERR,ERR,ERR,ERR,ERR,ERR,ERR,ERR,ERR,ERR,ERR,ERR,ERR,ERR,ERR,ERR,ERR,ERR,ERR,ERR,ERR,ERR,ERR,ERR,ERR,ERR,ERR,ERR,ERR,ERR,ERR,ERR,ERR,ERR,ERR,ERR,ERR,ERR,ERR,ERR,ERR,ERR,ERR,ERR,ERR,ERR,ERR,ERR,ERR,ERR,ERR,ERR,ERR,ERR,ERR,ERR,ERR,ERR,ERR,ERR,ERR,ERR,ERR,ERR,ERR,ERR,ERR,-107615240.0,0.0,-117832800.0,0.0,0.0,0.0,0.0,nan,0,0,0,32768,0,0.0,0,0.0,0.0,0.0,0.0,0.0,0,0,0,0,0.0,0,0,0,0,0,0,0,0,0,0,0,0,0,0,0,0,0,0,0,0,0,0,0,0,0,0,0,0,0,0,0,0,0,0,0,0,0,0,0,0,0,0,0,0,0.0,0.0,0.0,0.0,0.0,0.0,0.0,0.0,0.0,0.0,0.0,0.0,0.0,0.0,0.0,0.0,0.0,0.0,0.0,0.0,0.0,0.0,2.004,-0.0,0.0,-2.004,0.0,0.0,0.0,0.0,3340.0,-1.5879149971201683e+29,0.0,-107615240.0,0.0,-107615232.0,-0.0,0.0,0.0,0.0,0.0,0,0.0,-0.0,0.0,0.0,0.0,0.0,0.0,0.0,0.0,0,0,0,0.0,0.0,0.0,0.0,0.0,0.0,0.0,0.0,0.0,0.0,0.0,0.0,0.0,0.0,0.0,0.0,0,-107875648.0,0,0.0,0,-107875648.0,0.0,0,26215,17038,52429,17052,13107,17037,0,0,0,110,100,100,0.0,64.1,0.0,64.8,-0.0,68.5,1,49,50,180,0,0,0,0,0.0,0.0,0.0,0.0,356884.094,65.5,0.0,-24806378.0,0.0,645,0,685,0,0,0,712,0,784,0,706,0,688,0,646,0,640,0,619,0.032,36700160.0,-2.004,-0.0,50576,16789,19093788672.0,0.0,0.003,0.0,-1.0064844664702879e+30,-1.318721432804393e+17,29.0,60.0,70,0.0,0.0,0.0,0.0,0.0,0.0,0.0,0.0,0.0,0.0,0.0,0.0,0.0,0.0,0.0,0.0,59.6,68,12,65509,41,65476,0,300,0,0,8,20529,65476,0,0,61604,60.0,0.0,0.0,0.0,0.0,0.0
2026-04-04T11:56:51,ERR,ERR,ERR,ERR,ERR,ERR,ERR,ERR,ERR,ERR,ERR,ERR,ERR,ERR,ERR,ERR,ERR,ERR,ERR,ERR,ERR,ERR,ERR,ERR,ERR,ERR,ERR,ERR,ERR,ERR,ERR,ERR,ERR,ERR,ERR,ERR,ERR,ERR,ERR,ERR,ERR,ERR,ERR,ERR,ERR,ERR,ERR,ERR,ERR,ERR,ERR,ERR,ERR,ERR,ERR,ERR,ERR,ERR,ERR,ERR,ERR,ERR,ERR,ERR,ERR,ERR,ERR,ERR,ERR,ERR,ERR,ERR,ERR,ERR,ERR,ERR,ERR,ERR,ERR,ERR,ERR,ERR,ERR,ERR,ERR,ERR,ERR,ERR,ERR,ERR,ERR,ERR,ERR,ERR,ERR,ERR,ERR,ERR,ERR,ERR,ERR,ERR,ERR,ERR,ERR,ERR,ERR,ERR,ERR,ERR,ERR,ERR,ERR,ERR,ERR,ERR,ERR,ERR,ERR,ERR,ERR,ERR,ERR,ERR,ERR,-107615240.0,0.0,-117832800.0,0.0,0.0,0.0,0.0,nan,0,0,0,32768,0,0.0,0,0.0,0.0,0.0,0.0,0.0,0,0,0,0,0.0,0,0,0,0,0,0,0,0,0,0,0,0,0,0,0,0,0,0,0,0,0,0,0,0,0,0,0,0,0,0,0,0,0,0,0,0,0,0,0,0,0,0,0,0,0.0,0.0,0.0,0.0,0.0,0.0,0.0,0.0,0.0,0.0,0.0,0.0,0.0,0.0,0.0,0.0,0.0,0.0,0.0,0.0,0.0,0.0,2.004,-0.0,0.0,-2.004,0.0,0.0,0.0,0.0,3340.0,-1.5879149971201683e+29,0.0,-107615240.0,0.0,-107615232.0,-0.0,0.0,0.0,0.0,0.0,0,0.0,-0.0,0.0,0.0,0.0,0.0,0.0,0.0,0.0,0,0,0,0.0,0.0,0.0,0.0,0.0,0.0,0.0,0.0,0.0,0.0,0.0,0.0,0.0,0.0,0.0,0.0,0,-107875648.0,0,0.0,0,-107875648.0,0.0,0,26215,17038,52429,17052,13107,17037,0,0,0,110,100,100,0.0,64.1,0.0,64.8,-0.0,68.5,1,49,50,180,0,0,0,0,0.0,0.0,0.0,0.0,5005322137632768.0,65.5,0.0,693279.375,0.0,645,0,685,0,0,0,712,0,784,0,706,0,688,0,646,0,640,0,619,0.032,36700160.0,-2.004,-0.0,34960,16789,27821318.0,7784.245,180482.453,-0.203,-5.038407541899231e+34,-2.0453984016109774e+23,29.0,60.0,70,0.0,0.0,0.0,0.0,0.0,0.0,0.0,0.0,0.0,0.0,0.0,0.0,0.0,0.0,0.0,0.0,59.6,68,12,65509,41,65476,0,300,0,0,8,20529,65476,0,0,61604,60.0,0.0,0.0,0.0,0.0,0.0
2026-04-04T11:56:52,ERR,ERR,ERR,ERR,ERR,ERR,ERR,ERR,ERR,ERR,ERR,ERR,ERR,ERR,ERR,ERR,ERR,ERR,ERR,ERR,ERR,ERR,ERR,ERR,ERR,ERR,ERR,ERR,ERR,ERR,ERR,ERR,ERR,ERR,ERR,ERR,ERR,ERR,ERR,ERR,ERR,ERR,ERR,ERR,ERR,ERR,ERR,ERR,ERR,ERR,ERR,ERR,ERR,ERR,ERR,ERR,ERR,ERR,ERR,ERR,ERR,ERR,ERR,ERR,ERR,ERR,ERR,ERR,ERR,ERR,ERR,ERR,ERR,ERR,ERR,ERR,ERR,ERR,ERR,ERR,ERR,ERR,ERR,ERR,ERR,ERR,ERR,ERR,ERR,ERR,ERR,ERR,ERR,ERR,ERR,ERR,ERR,ERR,ERR,ERR,ERR,ERR,ERR,ERR,ERR,ERR,ERR,ERR,ERR,ERR,ERR,ERR,ERR,ERR,ERR,ERR,ERR,ERR,ERR,ERR,ERR,ERR,ERR,ERR,ERR,-107615240.0,0.0,-117832800.0,0.0,0.0,0.0,0.0,nan,0,0,0,32768,0,0.0,0,0.0,0.0,0.0,0.0,0.0,0,0,0,0,0.0,0,0,0,0,0,0,0,0,0,0,0,0,0,0,0,0,0,0,0,0,0,0,0,0,0,0,0,0,0,0,0,0,0,0,0,0,0,0,0,0,0,0,0,0,0.0,0.0,0.0,0.0,0.0,0.0,0.0,0.0,0.0,0.0,0.0,0.0,0.0,0.0,0.0,0.0,0.0,0.0,0.0,0.0,0.0,0.0,2.004,-0.0,0.0,-2.004,0.0,0.0,0.0,0.0,3355.5,0.0,0.0,-107615240.0,0.0,-107615232.0,-0.0,0.0,0.0,0.0,0.0,0,0.0,-71.629,0.0,0.0,0.0,0.0,0.0,0.0,0.0,0,0,0,0.0,0.0,0.0,0.0,0.0,0.0,0.0,0.0,0.0,0.0,0.0,0.0,0.0,0.0,0.0,0.0,0,-107875648.0,0,0.0,0,-107875648.0,0.0,0,26215,17038,52429,17052,13107,17037,0,0,0,110,100,100,0.0,64.1,0.0,64.8,-0.0,68.5,1,49,50,180,0,0,0,0,0.0,0.0,0.0,0.0,5005322137632768.0,65.5,0.0,693279.375,0.0,645,0,685,0,0,0,712,0,784,0,706,0,688,0,646,0,640,0,619,0.032,36700160.0,-2.004,-0.0,34960,16789,27821318.0,7784.245,180482.453,-0.203,-5.038407541899231e+34,-2.0453984016109774e+23,29.0,60.0,70,0.0,0.0,0.0,0.0,0.0,0.0,0.0,0.0,0.0,0.0,0.0,0.0,0.0,0.0,0.0,0.0,59.6,68,12,65509,41,65476,0,300,0,0,8,20529,65476,0,0,61604,60.0,0.0,0.0,0.0,0.0,0.0
2026-04-04T11:56:53,ERR,ERR,ERR,ERR,ERR,ERR,ERR,ERR,ERR,ERR,ERR,ERR,ERR,ERR,ERR,ERR,ERR,ERR,ERR,ERR,ERR,ERR,ERR,ERR,ERR,ERR,ERR,ERR,ERR,ERR,ERR,ERR,ERR,ERR,ERR,ERR,ERR,ERR,ERR,ERR,ERR,ERR,ERR,ERR,ERR,ERR,ERR,ERR,ERR,ERR,ERR,ERR,ERR,ERR,ERR,ERR,ERR,ERR,ERR,ERR,ERR,ERR,ERR,ERR,ERR,ERR,ERR,ERR,ERR,ERR,ERR,ERR,ERR,ERR,ERR,ERR,ERR,ERR,ERR,ERR,ERR,ERR,ERR,ERR,ERR,ERR,ERR,ERR,ERR,ERR,ERR,ERR,ERR,ERR,ERR,ERR,ERR,ERR,ERR,ERR,ERR,ERR,ERR,ERR,ERR,ERR,ERR,ERR,ERR,ERR,ERR,ERR,ERR,ERR,ERR,ERR,ERR,ERR,ERR,ERR,ERR,ERR,ERR,ERR,ERR,-107615240.0,0.0,-117832800.0,0.0,0.0,0.0,0.0,nan,0,0,0,32768,0,0.0,0,0.0,0.0,0.0,0.0,0.0,0,0,0,0,0.0,0,0,0,0,0,0,0,0,0,0,0,0,0,0,0,0,0,0,0,0,0,0,0,0,0,0,0,0,0,0,0,0,0,0,0,0,0,0,0,0,0,0,0,0,0.0,0.0,0.0,0.0,0.0,0.0,0.0,0.0,0.0,0.0,0.0,0.0,0.0,0.0,0.0,0.0,0.0,0.0,0.0,0.0,0.0,0.0,2.004,-0.0,0.0,-2.004,0.0,0.0,0.0,0.0,3355.5,0.0,0.0,-107615240.0,0.0,-107615232.0,-0.0,0.0,0.0,0.0,0.0,0,0.0,-71.629,0.0,0.0,0.0,0.0,0.0,0.0,0.0,0,0,0,0.0,0.0,0.0,0.0,0.0,0.0,0.0,0.0,0.0,0.0,0.0,0.0,0.0,0.0,0.0,0.0,0,-107875648.0,0,0.0,0,-107875648.0,0.0,0,26215,17038,52429,17052,13107,17037,0,0,0,110,100,100,0.0,64.1,0.0,64.8,-0.0,68.5,1,49,50,180,0,0,0,0,0.0,0.0,0.0,0.0,5005322137632768.0,65.5,0.0,693279.375,0.0,645,0,685,0,0,0,712,0,784,0,706,0,688,0,646,0,640,0,619,0.032,36700160.0,-2.004,-0.0,34960,16789,27821318.0,7784.245,180482.453,-0.203,-5.038407541899231e+34,-2.0453984016109774e+23,29.0,60.0,70,0.0,0.0,0.0,0.0,0.0,0.0,0.0,0.0,0.0,0.0,0.0,0.0,0.0,0.0,0.0,0.0,59.2,68,12,65509,41,65476,0,300,0,0,8,20529,65476,0,0,61604,60.0,0.0,0.0,0.0,0.0,0.0
2026-04-04T11:56:54,ERR,ERR,ERR,ERR,ERR,ERR,ERR,ERR,ERR,ERR,ERR,ERR,ERR,ERR,ERR,ERR,ERR,ERR,ERR,ERR,ERR,ERR,ERR,ERR,ERR,ERR,ERR,ERR,ERR,ERR,ERR,ERR,ERR,ERR,ERR,ERR,ERR,ERR,ERR,ERR,ERR,ERR,ERR,ERR,ERR,ERR,ERR,ERR,ERR,ERR,ERR,ERR,ERR,ERR,ERR,ERR,ERR,ERR,ERR,ERR,ERR,ERR,ERR,ERR,ERR,ERR,ERR,ERR,ERR,ERR,ERR,ERR,ERR,ERR,ERR,ERR,ERR,ERR,ERR,ERR,ERR,ERR,ERR,ERR,ERR,ERR,ERR,ERR,ERR,ERR,ERR,ERR,ERR,ERR,ERR,ERR,ERR,ERR,ERR,ERR,ERR,ERR,ERR,ERR,ERR,ERR,ERR,ERR,ERR,ERR,ERR,ERR,ERR,ERR,ERR,ERR,ERR,ERR,ERR,ERR,ERR,ERR,ERR,ERR,ERR,-107615240.0,0.0,-117832800.0,0.0,0.0,0.0,0.0,nan,0,0,0,32768,0,0.0,0,0.0,0.0,0.0,0.0,0.0,0,0,0,0,0.0,0,0,0,0,0,0,0,0,0,0,0,0,0,0,0,0,0,0,0,0,0,0,0,0,0,0,0,0,0,0,0,0,0,0,0,0,0,0,0,0,0,0,0,0,0.0,0.0,0.0,0.0,0.0,0.0,0.0,0.0,0.0,0.0,0.0,0.0,0.0,0.0,0.0,0.0,0.0,0.0,0.0,0.0,0.0,0.0,2.004,-0.0,0.0,-2.004,0.0,0.0,0.0,0.0,3355.5,0.0,0.0,-107615240.0,0.0,-107615232.0,-0.0,0.0,0.0,0.0,0.0,0,0.0,-71.629,0.0,0.0,0.0,0.0,0.0,0.0,0.0,0,0,0,0.0,0.0,0.0,0.0,0.0,0.0,0.0,0.0,0.0,0.0,0.0,0.0,0.0,0.0,0.0,0.0,0,-107875648.0,0,0.0,0,-107875648.0,0.0,0,26215,17038,52429,17052,13107,17037,0,0,0,110,100,100,0.0,64.1,0.0,64.8,-0.0,68.5,1,49,50,180,0,0,0,0,0.0,0.0,0.0,0.0,5005322137632768.0,65.5,0.0,693279.375,0.0,645,0,685,0,0,0,712,0,784,0,706,0,688,0,646,0,640,0,619,0.032,36700160.0,-2.004,-0.0,34960,16789,27821318.0,7784.245,180482.453,-0.203,-5.038407541899231e+34,-2.0453984016109774e+23,29.0,60.0,70,0.0,0.0,0.0,0.0,0.0,0.0,0.0,0.0,0.0,0.0,0.0,0.0,0.0,0.0,0.0,0.0,59.2,68,12,65509,41,65476,0,300,0,0,8,20529,65476,0,0,61604,60.0,0.0,0.0,0.0,0.0,0.0
2026-04-04T11:56:55,ERR,ERR,ERR,ERR,ERR,ERR,ERR,ERR,ERR,ERR,ERR,ERR,ERR,ERR,ERR,ERR,ERR,ERR,ERR,ERR,ERR,ERR,ERR,ERR,ERR,ERR,ERR,ERR,ERR,ERR,ERR,ERR,ERR,ERR,ERR,ERR,ERR,ERR,ERR,ERR,ERR,ERR,ERR,ERR,ERR,ERR,ERR,ERR,ERR,ERR,ERR,ERR,ERR,ERR,ERR,ERR,ERR,ERR,ERR,ERR,ERR,ERR,ERR,ERR,ERR,ERR,ERR,ERR,ERR,ERR,ERR,ERR,ERR,ERR,ERR,ERR,ERR,ERR,ERR,ERR,ERR,ERR,ERR,ERR,ERR,ERR,ERR,ERR,ERR,ERR,ERR,ERR,ERR,ERR,ERR,ERR,ERR,ERR,ERR,ERR,ERR,ERR,ERR,ERR,ERR,ERR,ERR,ERR,ERR,ERR,ERR,ERR,ERR,ERR,ERR,ERR,ERR,ERR,ERR,ERR,ERR,ERR,ERR,ERR,ERR,-107615240.0,0.0,-117832800.0,0.0,0.0,0.0,0.0,nan,0,0,0,32768,0,0.0,0,0.0,0.0,0.0,0.0,0.0,0,0,0,0,0.0,0,0,0,0,0,0,0,0,0,0,0,0,0,0,0,0,0,0,0,0,0,0,0,0,0,0,0,0,0,0,0,0,0,0,0,0,0,0,0,0,0,0,0,0,0.0,0.0,0.0,0.0,0.0,0.0,0.0,0.0,0.0,0.0,0.0,0.0,0.0,0.0,0.0,0.0,0.0,0.0,0.0,0.0,0.0,0.0,2.004,-0.0,0.0,-2.004,0.0,0.0,0.0,0.0,3355.5,0.0,0.0,-107615240.0,0.0,-107615232.0,-0.0,0.0,0.0,0.0,0.0,0,0.0,-71.629,0.0,0.0,0.0,0.0,0.0,0.0,0.0,0,0,0,0.0,0.0,0.0,0.0,0.0,0.0,0.0,0.0,0.0,0.0,0.0,0.0,0.0,0.0,0.0,0.0,0,-107875648.0,0,0.0,0,-107875648.0,0.0,0,26215,17038,52429,17052,13107,17037,0,0,0,110,100,100,0.0,64.1,0.0,64.8,-0.0,68.5,1,49,50,180,0,0,0,0,0.0,0.0,0.0,0.0,65567993856.0,65.5,0.0,-0.0,0.0,645,0,685,0,0,0,713,0,784,0,706,0,688,0,646,0,640,0,619,0.032,36962304.0,-2.004,-0.0,43408,16789,65567993856.0,-0.0,-0.0,-1.041,0.0,0.0,29.0,60.0,70,0.0,0.0,0.0,0.0,0.0,0.0,0.0,0.0,0.0,0.0,0.0,0.0,0.0,0.0,0.0,0.0,59.2,68,12,65509,41,65476,0,300,0,0,8,20529,65476,0,0,61604,60.0,0.0,0.0,0.0,0.0,0.0
2026-04-04T11:56:56,ERR,ERR,ERR,ERR,ERR,ERR,ERR,ERR,ERR,ERR,ERR,ERR,ERR,ERR,ERR,ERR,ERR,ERR,ERR,ERR,ERR,ERR,ERR,ERR,ERR,ERR,ERR,ERR,ERR,ERR,ERR,ERR,ERR,ERR,ERR,ERR,ERR,ERR,ERR,ERR,ERR,ERR,ERR,ERR,ERR,ERR,ERR,ERR,ERR,ERR,ERR,ERR,ERR,ERR,ERR,ERR,ERR,ERR,ERR,ERR,ERR,ERR,ERR,ERR,ERR,ERR,ERR,ERR,ERR,ERR,ERR,ERR,ERR,ERR,ERR,ERR,ERR,ERR,ERR,ERR,ERR,ERR,ERR,ERR,ERR,ERR,ERR,ERR,ERR,ERR,ERR,ERR,ERR,ERR,ERR,ERR,ERR,ERR,ERR,ERR,ERR,ERR,ERR,ERR,ERR,ERR,ERR,ERR,ERR,ERR,ERR,ERR,ERR,ERR,ERR,ERR,ERR,ERR,ERR,ERR,ERR,ERR,ERR,ERR,ERR,-107615240.0,0.0,-117832800.0,0.0,0.0,0.0,0.0,nan,0,0,0,32768,0,0.0,0,0.0,0.0,0.0,0.0,0.0,0,0,0,0,0.0,0,0,0,0,0,0,0,0,0,0,0,0,0,0,0,0,0,0,0,0,0,0,0,0,0,0,0,0,0,0,0,0,0,0,0,0,0,0,0,0,0,0,0,0,0.0,0.0,0.0,0.0,0.0,0.0,0.0,0.0,0.0,0.0,0.0,0.0,0.0,0.0,0.0,0.0,0.0,0.0,0.0,0.0,0.0,0.0,2.004,-0.0,0.0,-2.004,0.0,0.0,0.0,0.0,3355.5,0.0,0.0,-107615240.0,0.0,-107615232.0,-0.0,0.0,0.0,0.0,0.0,0,0.0,-71.629,0.0,0.0,0.0,0.0,0.0,0.0,0.0,0,0,0,0.0,0.0,0.0,0.0,0.0,0.0,0.0,0.0,0.0,0.0,0.0,0.0,0.0,0.0,0.0,0.0,0,-107875648.0,0,0.0,0,-107875648.0,0.0,0,26215,17038,52429,17052,13107,17037,0,0,0,110,100,100,0.0,64.1,0.0,64.8,-0.0,68.5,1,49,50,180,0,0,0,0,0.0,0.0,0.0,0.0,65567993856.0,65.5,0.0,-0.0,0.0,645,0,685,0,0,0,713,0,784,0,706,0,688,0,646,0,640,0,619,0.032,36962304.0,-2.004,-0.0,43408,16789,65567993856.0,-0.0,-0.0,-1.041,0.0,0.0,29.0,60.0,70,0.0,0.0,0.0,0.0,0.0,0.0,0.0,0.0,0.0,0.0,0.0,0.0,0.0,0.0,0.0,0.0,59.6,68,12,65509,41,65476,0,300,0,0,8,20529,65476,0,0,61604,60.0,0.0,0.0,0.0,0.0,0.0
2026-04-04T11:56:57,ERR,ERR,ERR,ERR,ERR,ERR,ERR,ERR,ERR,ERR,ERR,ERR,ERR,ERR,ERR,ERR,ERR,ERR,ERR,ERR,ERR,ERR,ERR,ERR,ERR,ERR,ERR,ERR,ERR,ERR,ERR,ERR,ERR,ERR,ERR,ERR,ERR,ERR,ERR,ERR,ERR,ERR,ERR,ERR,ERR,ERR,ERR,ERR,ERR,ERR,ERR,ERR,ERR,ERR,ERR,ERR,ERR,ERR,ERR,ERR,ERR,ERR,ERR,ERR,ERR,ERR,ERR,ERR,ERR,ERR,ERR,ERR,ERR,ERR,ERR,ERR,ERR,ERR,ERR,ERR,ERR,ERR,ERR,ERR,ERR,ERR,ERR,ERR,ERR,ERR,ERR,ERR,ERR,ERR,ERR,ERR,ERR,ERR,ERR,ERR,ERR,ERR,ERR,ERR,ERR,ERR,ERR,ERR,ERR,ERR,ERR,ERR,ERR,ERR,ERR,ERR,ERR,ERR,ERR,ERR,ERR,ERR,ERR,ERR,ERR,-107615240.0,0.0,-117832800.0,0.0,0.0,0.0,0.0,nan,0,0,0,32768,0,0.0,0,0.0,0.0,0.0,0.0,0.0,0,0,0,0,0.0,0,0,0,0,0,0,0,0,0,0,0,0,0,0,0,0,0,0,0,0,0,0,0,0,0,0,0,0,0,0,0,0,0,0,0,0,0,0,0,0,0,0,0,0,0.0,0.0,0.0,0.0,0.0,0.0,0.0,0.0,0.0,0.0,0.0,0.0,0.0,0.0,0.0,0.0,0.0,0.0,0.0,0.0,0.0,0.0,2.004,-0.0,0.0,-2.004,0.0,0.0,0.0,0.0,3355.5,0.0,0.0,-107615240.0,0.0,-107615232.0,-0.0,0.0,0.0,0.0,0.0,0,0.0,-71.629,0.0,0.0,0.0,0.0,0.0,0.0,0.0,0,0,0,0.0,0.0,0.0,0.0,0.0,0.0,0.0,0.0,0.0,0.0,0.0,0.0,0.0,0.0,0.0,0.0,0,-107875648.0,0,0.0,0,-107875648.0,0.0,0,26215,17038,52429,17052,13107,17037,0,0,0,110,100,100,0.0,64.1,0.0,64.8,-0.0,68.5,1,49,50,180,0,0,0,0,0.0,0.0,0.0,0.0,65567993856.0,65.5,0.0,-0.0,0.0,645,0,685,0,0,0,713,0,784,0,706,0,688,0,646,0,640,0,619,0.032,36962304.0,-2.004,-0.0,43408,16789,65567993856.0,-0.0,-0.0,-1.041,0.0,0.0,29.0,60.0,70,0.0,0.0,0.0,0.0,0.0,0.0,0.0,0.0,0.0,0.0,0.0,0.0,0.0,0.0,0.0,0.0,59.6,68,12,65509,41,65476,0,300,0,0,8,20529,65476,0,0,61604,60.0,0.0,0.0,0.0,0.0,0.0
2026-04-04T11:56:58,ERR,ERR,ERR,ERR,ERR,ERR,ERR,ERR,ERR,ERR,ERR,ERR,ERR,ERR,ERR,ERR,ERR,ERR,ERR,ERR,ERR,ERR,ERR,ERR,ERR,ERR,ERR,ERR,ERR,ERR,ERR,ERR,ERR,ERR,ERR,ERR,ERR,ERR,ERR,ERR,ERR,ERR,ERR,ERR,ERR,ERR,ERR,ERR,ERR,ERR,ERR,ERR,ERR,ERR,ERR,ERR,ERR,ERR,ERR,ERR,ERR,ERR,ERR,ERR,ERR,ERR,ERR,ERR,ERR,ERR,ERR,ERR,ERR,ERR,ERR,ERR,ERR,ERR,ERR,ERR,ERR,ERR,ERR,ERR,ERR,ERR,ERR,ERR,ERR,ERR,ERR,ERR,ERR,ERR,ERR,ERR,ERR,ERR,ERR,ERR,ERR,ERR,ERR,ERR,ERR,ERR,ERR,ERR,ERR,ERR,ERR,ERR,ERR,ERR,ERR,ERR,ERR,ERR,ERR,ERR,ERR,ERR,ERR,ERR,ERR,-107615240.0,0.0,-117832800.0,0.0,0.0,0.0,0.0,nan,0,0,0,32768,0,0.0,0,0.0,0.0,0.0,0.0,0.0,0,0,0,0,0.0,0,0,0,0,0,0,0,0,0,0,0,0,0,0,0,0,0,0,0,0,0,0,0,0,0,0,0,0,0,0,0,0,0,0,0,0,0,0,0,0,0,0,0,0,0.0,0.0,0.0,0.0,0.0,0.0,0.0,0.0,0.0,0.0,0.0,0.0,0.0,0.0,0.0,0.0,0.0,0.0,0.0,0.0,0.0,0.0,2.004,-0.0,0.0,-2.004,0.0,0.0,0.0,0.0,3340.0,-3.697152708471213e+19,0.0,-107615240.0,0.0,-107615232.0,-0.0,0.0,0.0,0.0,0.0,0,0.0,-0.0,0.0,0.0,0.0,0.0,0.0,0.0,0.0,0,0,0,0.0,0.0,0.0,0.0,0.0,0.0,0.0,0.0,0.0,0.0,0.0,0.0,0.0,0.0,0.0,0.0,0,-107875648.0,0,0.0,0,-107875648.0,0.0,0,26215,17038,52429,17052,13107,17037,0,0,0,110,100,100,0.0,64.1,0.0,64.8,-0.0,68.5,1,49,50,180,0,0,0,0,0.0,0.0,0.0,0.0,65567993856.0,65.5,0.0,-0.0,0.0,645,0,685,0,0,0,713,0,784,0,706,0,688,0,646,0,640,0,619,0.032,36962304.0,-2.004,-0.0,43408,16789,65567993856.0,-0.0,-0.0,-1.041,0.0,0.0,29.0,60.0,70,0.0,0.0,0.0,0.0,0.0,0.0,0.0,0.0,0.0,0.0,0.0,0.0,0.0,0.0,0.0,0.0,59.2,68,12,65509,41,65476,0,300,0,0,8,20529,65476,0,0,61604,60.0,0.0,0.0,0.0,0.0,0.0
2026-04-04T11:56:59,ERR,ERR,ERR,ERR,ERR,ERR,ERR,ERR,ERR,ERR,ERR,ERR,ERR,ERR,ERR,ERR,ERR,ERR,ERR,ERR,ERR,ERR,ERR,ERR,ERR,ERR,ERR,ERR,ERR,ERR,ERR,ERR,ERR,ERR,ERR,ERR,ERR,ERR,ERR,ERR,ERR,ERR,ERR,ERR,ERR,ERR,ERR,ERR,ERR,ERR,ERR,ERR,ERR,ERR,ERR,ERR,ERR,ERR,ERR,ERR,ERR,ERR,ERR,ERR,ERR,ERR,ERR,ERR,ERR,ERR,ERR,ERR,ERR,ERR,ERR,ERR,ERR,ERR,ERR,ERR,ERR,ERR,ERR,ERR,ERR,ERR,ERR,ERR,ERR,ERR,ERR,ERR,ERR,ERR,ERR,ERR,ERR,ERR,ERR,ERR,ERR,ERR,ERR,ERR,ERR,ERR,ERR,ERR,ERR,ERR,ERR,ERR,ERR,ERR,ERR,ERR,ERR,ERR,ERR,ERR,ERR,ERR,ERR,ERR,ERR,-107615240.0,0.0,-117832800.0,0.0,0.0,0.0,0.0,nan,0,0,0,32768,0,0.0,0,0.0,0.0,0.0,0.0,0.0,0,0,0,0,0.0,0,0,0,0,0,0,0,0,0,0,0,0,0,0,0,0,0,0,0,0,0,0,0,0,0,0,0,0,0,0,0,0,0,0,0,0,0,0,0,0,0,0,0,0,0.0,0.0,0.0,0.0,0.0,0.0,0.0,0.0,0.0,0.0,0.0,0.0,0.0,0.0,0.0,0.0,0.0,0.0,0.0,0.0,0.0,0.0,2.004,-0.0,0.0,-2.004,0.0,0.0,0.0,0.0,3340.0,-3.697152708471213e+19,0.0,-107615240.0,0.0,-107615232.0,-0.0,0.0,0.0,0.0,0.0,0,0.0,-0.0,0.0,0.0,0.0,0.0,0.0,0.0,0.0,0,0,0,0.0,0.0,0.0,0.0,0.0,0.0,0.0,0.0,0.0,0.0,0.0,0.0,0.0,0.0,0.0,0.0,0,-107875648.0,0,0.0,0,-107875648.0,0.0,0,26215,17038,52429,17052,13107,17037,0,0,0,110,100,100,0.0,64.1,0.0,64.8,-0.0,68.5,1,49,50,180,0,0,0,0,0.0,0.0,0.0,0.0,65567993856.0,65.5,0.0,-0.0,0.0,645,0,685,0,0,0,713,0,784,0,706,0,688,0,646,0,640,0,619,0.032,36962304.0,-2.004,-0.0,43408,16789,65567993856.0,-0.0,-0.0,-1.041,0.0,0.0,29.0,60.0,70,0.0,0.0,0.0,0.0,0.0,0.0,0.0,0.0,0.0,0.0,0.0,0.0,0.0,0.0,0.0,0.0,59.2,68,12,65509,41,65476,0,300,0,0,8,20529,65476,0,0,61604,60.0,0.0,0.0,0.0,0.0,0.0
2026-04-04T11:57:00,ERR,ERR,ERR,ERR,ERR,ERR,ERR,ERR,ERR,ERR,ERR,ERR,ERR,ERR,ERR,ERR,ERR,ERR,ERR,ERR,ERR,ERR,ERR,ERR,ERR,ERR,ERR,ERR,ERR,ERR,ERR,ERR,ERR,ERR,ERR,ERR,ERR,ERR,ERR,ERR,ERR,ERR,ERR,ERR,ERR,ERR,ERR,ERR,ERR,ERR,ERR,ERR,ERR,ERR,ERR,ERR,ERR,ERR,ERR,ERR,ERR,ERR,ERR,ERR,ERR,ERR,ERR,ERR,ERR,ERR,ERR,ERR,ERR,ERR,ERR,ERR,ERR,ERR,ERR,ERR,ERR,ERR,ERR,ERR,ERR,ERR,ERR,ERR,ERR,ERR,ERR,ERR,ERR,ERR,ERR,ERR,ERR,ERR,ERR,ERR,ERR,ERR,ERR,ERR,ERR,ERR,ERR,ERR,ERR,ERR,ERR,ERR,ERR,ERR,ERR,ERR,ERR,ERR,ERR,ERR,ERR,ERR,ERR,ERR,ERR,-107615240.0,0.0,-117832800.0,0.0,0.0,0.0,0.0,nan,0,0,0,32768,0,0.0,0,0.0,0.0,0.0,0.0,0.0,0,0,0,0,0.0,0,0,0,0,0,0,0,0,0,0,0,0,0,0,0,0,0,0,0,0,0,0,0,0,0,0,0,0,0,0,0,0,0,0,0,0,0,0,0,0,0,0,0,0,0.0,0.0,0.0,0.0,0.0,0.0,0.0,0.0,0.0,0.0,0.0,0.0,0.0,0.0,0.0,0.0,0.0,0.0,0.0,0.0,0.0,0.0,2.004,-0.0,0.0,-2.004,0.0,0.0,0.0,0.0,3340.0,-3.697152708471213e+19,0.0,-107615240.0,0.0,-107615232.0,-0.0,0.0,0.0,0.0,0.0,0,0.0,-0.0,0.0,0.0,0.0,0.0,0.0,0.0,0.0,0,0,0,0.0,0.0,0.0,0.0,0.0,0.0,0.0,0.0,0.0,0.0,0.0,0.0,0.0,0.0,0.0,0.0,0,-107875648.0,0,0.0,0,-107875648.0,0.0,0,39322,17038,52429,17052,13107,17037,0,0,0,110,100,100,0.0,64.0,0.0,64.8,-0.0,68.5,1,49,50,180,0,0,0,0,0.0,0.0,0.0,0.0,3.435887072138429e+21,65.5,0.0,2.482494505574046e+19,0.0,645,0,685,0,0,0,712,0,784,0,706,0,688,0,645,0,640,0,619,0.032,36700160.0,-2.004,-0.0,57744,16789,1.0110235229349306e+26,2.6892777222694135e+20,-0.0,0.395,0.0,0.004,29.0,60.0,70,0.0,0.0,0.0,0.0,0.0,0.0,0.0,0.0,0.0,0.0,0.0,0.0,0.0,0.0,0.0,0.0,59.6,68,12,65509,41,65476,0,300,0,0,8,20529,65476,0,0,61604,60.0,0.0,0.0,0.0,0.0,0.0
2026-04-04T11:57:01,ERR,ERR,ERR,ERR,ERR,ERR,ERR,ERR,ERR,ERR,ERR,ERR,ERR,ERR,ERR,ERR,ERR,ERR,ERR,ERR,ERR,ERR,ERR,ERR,ERR,ERR,ERR,ERR,ERR,ERR,ERR,ERR,ERR,ERR,ERR,ERR,ERR,ERR,ERR,ERR,ERR,ERR,ERR,ERR,ERR,ERR,ERR,ERR,ERR,ERR,ERR,ERR,ERR,ERR,ERR,ERR,ERR,ERR,ERR,ERR,ERR,ERR,ERR,ERR,ERR,ERR,ERR,ERR,ERR,ERR,ERR,ERR,ERR,ERR,ERR,ERR,ERR,ERR,ERR,ERR,ERR,ERR,ERR,ERR,ERR,ERR,ERR,ERR,ERR,ERR,ERR,ERR,ERR,ERR,ERR,ERR,ERR,ERR,ERR,ERR,ERR,ERR,ERR,ERR,ERR,ERR,ERR,ERR,ERR,ERR,ERR,ERR,ERR,ERR,ERR,ERR,ERR,ERR,ERR,ERR,ERR,ERR,ERR,ERR,ERR,-107615240.0,0.0,-117832800.0,0.0,0.0,0.0,0.0,nan,0,0,0,32768,0,0.0,0,0.0,0.0,0.0,0.0,0.0,0,0,0,0,0.0,0,0,0,0,0,0,0,0,0,0,0,0,0,0,0,0,0,0,0,0,0,0,0,0,0,0,0,0,0,0,0,0,0,0,0,0,0,0,0,0,0,0,0,0,0.0,0.0,0.0,0.0,0.0,0.0,0.0,0.0,0.0,0.0,0.0,0.0,0.0,0.0,0.0,0.0,0.0,0.0,0.0,0.0,0.0,0.0,2.004,-0.0,0.0,-2.004,0.0,0.0,0.0,0.0,3340.0,-3.697152708471213e+19,0.0,-107615240.0,0.0,-107615232.0,-0.0,0.0,0.0,0.0,0.0,0,0.0,-0.0,0.0,0.0,0.0,0.0,0.0,0.0,0.0,0,0,0,0.0,0.0,0.0,0.0,0.0,0.0,0.0,0.0,0.0,0.0,0.0,0.0,0.0,0.0,0.0,0.0,0,-107875648.0,0,0.0,0,-107875648.0,0.0,0,39322,17038,52429,17052,13107,17037,0,0,0,110,100,100,0.0,64.0,0.0,64.8,-0.0,68.5,1,49,50,180,0,0,0,0,0.0,0.0,0.0,0.0,3.435887072138429e+21,65.5,0.0,2.482494505574046e+19,0.0,645,0,685,0,0,0,712,0,784,0,706,0,688,0,645,0,640,0,619,0.032,36700160.0,-2.004,-0.0,57744,16789,1.0110235229349306e+26,2.6892777222694135e+20,-0.0,0.395,0.0,0.004,29.0,60.0,70,0.0,0.0,0.0,0.0,0.0,0.0,0.0,0.0,0.0,0.0,0.0,0.0,0.0,0.0,0.0,0.0,59.6,68,12,65509,41,65476,0,300,0,0,8,20529,65476,0,0,61604,60.0,0.0,0.0,0.0,0.0,0.0
2026-04-04T11:57:02,ERR,ERR,ERR,ERR,ERR,ERR,ERR,ERR,ERR,ERR,ERR,ERR,ERR,ERR,ERR,ERR,ERR,ERR,ERR,ERR,ERR,ERR,ERR,ERR,ERR,ERR,ERR,ERR,ERR,ERR,ERR,ERR,ERR,ERR,ERR,ERR,ERR,ERR,ERR,ERR,ERR,ERR,ERR,ERR,ERR,ERR,ERR,ERR,ERR,ERR,ERR,ERR,ERR,ERR,ERR,ERR,ERR,ERR,ERR,ERR,ERR,ERR,ERR,ERR,ERR,ERR,ERR,ERR,ERR,ERR,ERR,ERR,ERR,ERR,ERR,ERR,ERR,ERR,ERR,ERR,ERR,ERR,ERR,ERR,ERR,ERR,ERR,ERR,ERR,ERR,ERR,ERR,ERR,ERR,ERR,ERR,ERR,ERR,ERR,ERR,ERR,ERR,ERR,ERR,ERR,ERR,ERR,ERR,ERR,ERR,ERR,ERR,ERR,ERR,ERR,ERR,ERR,ERR,ERR,ERR,ERR,ERR,ERR,ERR,ERR,-107615240.0,0.0,-117832800.0,0.0,0.0,0.0,0.0,nan,0,0,0,32768,0,0.0,0,0.0,0.0,0.0,0.0,0.0,0,0,0,0,0.0,0,0,0,0,0,0,0,0,0,0,0,0,0,0,0,0,0,0,0,0,0,0,0,0,0,0,0,0,0,0,0,0,0,0,0,0,0,0,0,0,0,0,0,0,0.0,0.0,0.0,0.0,0.0,0.0,0.0,0.0,0.0,0.0,0.0,0.0,0.0,0.0,0.0,0.0,0.0,0.0,0.0,0.0,0.0,0.0,2.004,-0.0,0.0,-2.004,0.0,0.0,0.0,0.0,3340.0,-3.697152708471213e+19,0.0,-107615240.0,0.0,-107615232.0,-0.0,0.0,0.0,0.0,0.0,0,0.0,-0.0,0.0,0.0,0.0,0.0,0.0,0.0,0.0,0,0,0,0.0,0.0,0.0,0.0,0.0,0.0,0.0,0.0,0.0,0.0,0.0,0.0,0.0,0.0,0.0,0.0,0,-107875648.0,0,0.0,0,-107875648.0,0.0,0,39322,17038,52429,17052,13107,17037,0,0,0,110,100,100,0.0,64.0,0.0,64.8,-0.0,68.5,1,49,50,180,0,0,0,0,0.0,0.0,0.0,0.0,3.435887072138429e+21,65.5,0.0,2.482494505574046e+19,0.0,645,0,685,0,0,0,712,0,784,0,706,0,688,0,645,0,640,0,619,0.032,36700160.0,-2.004,-0.0,57744,16789,1.0110235229349306e+26,2.6892777222694135e+20,-0.0,0.395,0.0,0.004,29.0,60.0,70,0.0,0.0,0.0,0.0,0.0,0.0,0.0,0.0,0.0,0.0,0.0,0.0,0.0,0.0,0.0,0.0,59.2,68,12,65509,41,65476,0,300,0,0,8,20529,65476,0,0,61604,60.0,0.0,0.0,0.0,0.0,0.0
2026-04-04T11:57:03,ERR,ERR,ERR,ERR,ERR,ERR,ERR,ERR,ERR,ERR,ERR,ERR,ERR,ERR,ERR,ERR,ERR,ERR,ERR,ERR,ERR,ERR,ERR,ERR,ERR,ERR,ERR,ERR,ERR,ERR,ERR,ERR,ERR,ERR,ERR,ERR,ERR,ERR,ERR,ERR,ERR,ERR,ERR,ERR,ERR,ERR,ERR,ERR,ERR,ERR,ERR,ERR,ERR,ERR,ERR,ERR,ERR,ERR,ERR,ERR,ERR,ERR,ERR,ERR,ERR,ERR,ERR,ERR,ERR,ERR,ERR,ERR,ERR,ERR,ERR,ERR,ERR,ERR,ERR,ERR,ERR,ERR,ERR,ERR,ERR,ERR,ERR,ERR,ERR,ERR,ERR,ERR,ERR,ERR,ERR,ERR,ERR,ERR,ERR,ERR,ERR,ERR,ERR,ERR,ERR,ERR,ERR,ERR,ERR,ERR,ERR,ERR,ERR,ERR,ERR,ERR,ERR,ERR,ERR,ERR,ERR,ERR,ERR,ERR,ERR,-107615240.0,0.0,-117832800.0,0.0,0.0,0.0,0.0,nan,0,0,0,32768,0,0.0,0,0.0,0.0,0.0,0.0,0.0,0,0,0,0,0.0,0,0,0,0,0,0,0,0,0,0,0,0,0,0,0,0,0,0,0,0,0,0,0,0,0,0,0,0,0,0,0,0,0,0,0,0,0,0,0,0,0,0,0,0,0.0,0.0,0.0,0.0,0.0,0.0,0.0,0.0,0.0,0.0,0.0,0.0,0.0,0.0,0.0,0.0,0.0,0.0,0.0,0.0,0.0,0.0,2.004,-0.0,0.0,-2.004,0.0,0.0,0.0,0.0,3340.0,-3.697152708471213e+19,0.0,-107615240.0,0.0,-107615232.0,-0.0,0.0,0.0,0.0,0.0,0,0.0,-0.0,0.0,0.0,0.0,0.0,0.0,0.0,0.0,0,0,0,0.0,0.0,0.0,0.0,0.0,0.0,0.0,0.0,0.0,0.0,0.0,0.0,0.0,0.0,0.0,0.0,0,-107875648.0,0,0.0,0,-107875648.0,0.0,0,39322,17038,52429,17052,13107,17037,0,0,0,110,100,100,0.0,64.0,0.0,64.8,-0.0,68.5,1,49,50,180,0,0,0,0,0.0,0.0,0.0,0.0,3.435887072138429e+21,65.5,0.0,2.482494505574046e+19,0.0,645,0,685,0,0,0,712,0,784,0,706,0,688,0,645,0,640,0,619,0.032,36700160.0,-2.004,-0.0,57744,16789,1.0110235229349306e+26,2.6892777222694135e+20,-0.0,0.395,0.0,0.004,29.0,60.0,70,0.0,0.0,0.0,0.0,0.0,0.0,0.0,0.0,0.0,0.0,0.0,0.0,0.0,0.0,0.0,0.0,59.2,68,12,65509,41,65476,0,300,0,0,8,20529,65476,0,0,61604,60.0,0.0,0.0,0.0,0.0,0.0
2026-04-04T11:57:04,ERR,ERR,ERR,ERR,ERR,ERR,ERR,ERR,ERR,ERR,ERR,ERR,ERR,ERR,ERR,ERR,ERR,ERR,ERR,ERR,ERR,ERR,ERR,ERR,ERR,ERR,ERR,ERR,ERR,ERR,ERR,ERR,ERR,ERR,ERR,ERR,ERR,ERR,ERR,ERR,ERR,ERR,ERR,ERR,ERR,ERR,ERR,ERR,ERR,ERR,ERR,ERR,ERR,ERR,ERR,ERR,ERR,ERR,ERR,ERR,ERR,ERR,ERR,ERR,ERR,ERR,ERR,ERR,ERR,ERR,ERR,ERR,ERR,ERR,ERR,ERR,ERR,ERR,ERR,ERR,ERR,ERR,ERR,ERR,ERR,ERR,ERR,ERR,ERR,ERR,ERR,ERR,ERR,ERR,ERR,ERR,ERR,ERR,ERR,ERR,ERR,ERR,ERR,ERR,ERR,ERR,ERR,ERR,ERR,ERR,ERR,ERR,ERR,ERR,ERR,ERR,ERR,ERR,ERR,ERR,ERR,ERR,ERR,ERR,ERR,-107615240.0,0.0,-117832800.0,0.0,0.0,0.0,0.0,nan,0,0,0,32768,0,0.0,0,0.0,0.0,0.0,0.0,0.0,0,0,0,0,0.0,0,0,0,0,0,0,0,0,0,0,0,0,0,0,0,0,0,0,0,0,0,0,0,0,0,0,0,0,0,0,0,0,0,0,0,0,0,0,0,0,0,0,0,0,0.0,0.0,0.0,0.0,0.0,0.0,0.0,0.0,0.0,0.0,0.0,0.0,0.0,0.0,0.0,0.0,0.0,0.0,0.0,0.0,0.0,0.0,2.004,-0.0,0.0,-2.004,0.0,0.0,0.0,0.0,3340.0,-3.697152708471213e+19,0.0,-107615240.0,0.0,-107615232.0,-0.0,0.0,0.0,0.0,0.0,0,0.0,-0.0,0.0,0.0,0.0,0.0,0.0,0.0,0.0,0,0,0,0.0,0.0,0.0,0.0,0.0,0.0,0.0,0.0,0.0,0.0,0.0,0.0,0.0,0.0,0.0,0.0,0,-107875648.0,0,0.0,0,-107875648.0,0.0,0,39322,17038,52429,17052,13107,17037,0,0,0,110,100,100,0.0,64.0,0.0,64.8,-0.0,68.5,1,49,50,180,0,0,0,0,0.0,0.0,0.0,0.0,3.435887072138429e+21,65.5,0.0,2.482494505574046e+19,0.0,645,0,685,0,0,0,712,0,784,0,706,0,688,0,645,0,640,0,619,0.032,36700160.0,-2.004,-0.0,57744,16789,1.0110235229349306e+26,2.6892777222694135e+20,-0.0,0.395,0.0,0.004,29.0,60.0,70,0.0,0.0,0.0,0.0,0.0,0.0,0.0,0.0,0.0,0.0,0.0,0.0,0.0,0.0,0.0,0.0,59.2,68,12,65509,41,65476,0,300,0,0,8,20529,65476,0,0,61604,60.0,0.0,0.0,0.0,0.0,0.0
2026-04-04T11:57:05,ERR,ERR,ERR,ERR,ERR,ERR,ERR,ERR,ERR,ERR,ERR,ERR,ERR,ERR,ERR,ERR,ERR,ERR,ERR,ERR,ERR,ERR,ERR,ERR,ERR,ERR,ERR,ERR,ERR,ERR,ERR,ERR,ERR,ERR,ERR,ERR,ERR,ERR,ERR,ERR,ERR,ERR,ERR,ERR,ERR,ERR,ERR,ERR,ERR,ERR,ERR,ERR,ERR,ERR,ERR,ERR,ERR,ERR,ERR,ERR,ERR,ERR,ERR,ERR,ERR,ERR,ERR,ERR,ERR,ERR,ERR,ERR,ERR,ERR,ERR,ERR,ERR,ERR,ERR,ERR,ERR,ERR,ERR,ERR,ERR,ERR,ERR,ERR,ERR,ERR,ERR,ERR,ERR,ERR,ERR,ERR,ERR,ERR,ERR,ERR,ERR,ERR,ERR,ERR,ERR,ERR,ERR,ERR,ERR,ERR,ERR,ERR,ERR,ERR,ERR,ERR,ERR,ERR,ERR,ERR,ERR,ERR,ERR,ERR,ERR,-107615240.0,0.0,-117832800.0,0.0,0.0,0.0,0.0,nan,0,0,0,32768,0,0.0,0,0.0,0.0,0.0,0.0,0.0,0,0,0,0,0.0,0,0,0,0,0,0,0,0,0,0,0,0,0,0,0,0,0,0,0,0,0,0,0,0,0,0,0,0,0,0,0,0,0,0,0,0,0,0,0,0,0,0,0,0,0.0,0.0,0.0,0.0,0.0,0.0,0.0,0.0,0.0,0.0,0.0,0.0,0.0,0.0,0.0,0.0,0.0,0.0,0.0,0.0,0.0,0.0,2.004,-0.0,0.0,-2.004,0.0,0.0,0.0,0.0,3338.5,-0.0,0.0,-107615240.0,0.0,-107615232.0,-0.0,0.0,0.0,0.0,0.0,0,-4.9504239556116174e+32,-0.0,0.0,0.0,0.0,0.0,0.0,0.0,0.0,0,0,0,0.0,0.0,0.0,0.0,0.0,0.0,0.0,0.0,0.0,0.0,0.0,0.0,0.0,0.0,0.0,0.0,0,-107875648.0,0,0.0,0,-107875648.0,0.0,0,26215,17038,52429,17052,13107,17037,0,0,0,110,100,100,0.0,64.0,0.0,64.8,-0.0,68.5,1,49,50,180,0,0,0,0,0.0,0.0,0.0,0.0,3.553538556625158e+31,65.5,0.0,-0.0,0.0,645,0,685,0,0,0,712,0,784,0,706,0,688,0,646,0,640,0,619,0.032,36700160.0,-2.004,-0.0,60048,16789,3.553538556625158e+31,-0.0,-1.9834301245404956e+25,0.0,5.395965375535823e+21,4.4021543720194046e+30,29.0,60.0,70,0.0,0.0,0.0,0.0,0.0,0.0,0.0,0.0,0.0,0.0,0.0,0.0,0.0,0.0,0.0,0.0,59.2,68,12,65509,41,65476,0,300,0,0,8,20529,65476,0,0,61604,60.0,0.0,0.0,0.0,0.0,0.0
2026-04-04T11:57:06,ERR,ERR,ERR,ERR,ERR,ERR,ERR,ERR,ERR,ERR,ERR,ERR,ERR,ERR,ERR,ERR,ERR,ERR,ERR,ERR,ERR,ERR,ERR,ERR,ERR,ERR,ERR,ERR,ERR,ERR,ERR,ERR,ERR,ERR,ERR,ERR,ERR,ERR,ERR,ERR,ERR,ERR,ERR,ERR,ERR,ERR,ERR,ERR,ERR,ERR,ERR,ERR,ERR,ERR,ERR,ERR,ERR,ERR,ERR,ERR,ERR,ERR,ERR,ERR,ERR,ERR,ERR,ERR,ERR,ERR,ERR,ERR,ERR,ERR,ERR,ERR,ERR,ERR,ERR,ERR,ERR,ERR,ERR,ERR,ERR,ERR,ERR,ERR,ERR,ERR,ERR,ERR,ERR,ERR,ERR,ERR,ERR,ERR,ERR,ERR,ERR,ERR,ERR,ERR,ERR,ERR,ERR,ERR,ERR,ERR,ERR,ERR,ERR,ERR,ERR,ERR,ERR,ERR,ERR,ERR,ERR,ERR,ERR,ERR,ERR,-107615240.0,0.0,-117832800.0,0.0,0.0,0.0,0.0,nan,0,0,0,32768,0,0.0,0,0.0,0.0,0.0,0.0,0.0,0,0,0,0,0.0,0,0,0,0,0,0,0,0,0,0,0,0,0,0,0,0,0,0,0,0,0,0,0,0,0,0,0,0,0,0,0,0,0,0,0,0,0,0,0,0,0,0,0,0,0.0,0.0,0.0,0.0,0.0,0.0,0.0,0.0,0.0,0.0,0.0,0.0,0.0,0.0,0.0,0.0,0.0,0.0,0.0,0.0,0.0,0.0,2.004,-0.0,0.0,-2.004,0.0,0.0,0.0,0.0,3338.5,-0.0,0.0,-107615240.0,0.0,-107615232.0,-0.0,0.0,0.0,0.0,0.0,0,-4.9504239556116174e+32,-0.0,0.0,0.0,0.0,0.0,0.0,0.0,0.0,0,0,0,0.0,0.0,0.0,0.0,0.0,0.0,0.0,0.0,0.0,0.0,0.0,0.0,0.0,0.0,0.0,0.0,0,-107875648.0,0,0.0,0,-107875648.0,0.0,0,26215,17038,52429,17052,13107,17037,0,0,0,110,100,100,0.0,64.0,0.0,64.8,-0.0,68.5,1,49,50,180,0,0,0,0,0.0,0.0,0.0,0.0,3.553538556625158e+31,65.5,0.0,-0.0,0.0,645,0,685,0,0,0,712,0,784,0,706,0,688,0,646,0,640,0,619,0.032,36700160.0,-2.004,-0.0,60048,16789,3.553538556625158e+31,-0.0,-1.9834301245404956e+25,0.0,5.395965375535823e+21,4.4021543720194046e+30,29.0,60.0,70,0.0,0.0,0.0,0.0,0.0,0.0,0.0,0.0,0.0,0.0,0.0,0.0,0.0,0.0,0.0,0.0,59.2,68,12,65509,41,65476,0,300,0,0,8,20529,65476,0,0,61604,60.0,0.0,0.0,0.0,0.0,0.0
2026-04-04T11:57:07,ERR,ERR,ERR,ERR,ERR,ERR,ERR,ERR,ERR,ERR,ERR,ERR,ERR,ERR,ERR,ERR,ERR,ERR,ERR,ERR,ERR,ERR,ERR,ERR,ERR,ERR,ERR,ERR,ERR,ERR,ERR,ERR,ERR,ERR,ERR,ERR,ERR,ERR,ERR,ERR,ERR,ERR,ERR,ERR,ERR,ERR,ERR,ERR,ERR,ERR,ERR,ERR,ERR,ERR,ERR,ERR,ERR,ERR,ERR,ERR,ERR,ERR,ERR,ERR,ERR,ERR,ERR,ERR,ERR,ERR,ERR,ERR,ERR,ERR,ERR,ERR,ERR,ERR,ERR,ERR,ERR,ERR,ERR,ERR,ERR,ERR,ERR,ERR,ERR,ERR,ERR,ERR,ERR,ERR,ERR,ERR,ERR,ERR,ERR,ERR,ERR,ERR,ERR,ERR,ERR,ERR,ERR,ERR,ERR,ERR,ERR,ERR,ERR,ERR,ERR,ERR,ERR,ERR,ERR,ERR,ERR,ERR,ERR,ERR,ERR,-107615240.0,0.0,-117832800.0,0.0,0.0,0.0,0.0,nan,0,0,0,32768,0,0.0,0,0.0,0.0,0.0,0.0,0.0,0,0,0,0,0.0,0,0,0,0,0,0,0,0,0,0,0,0,0,0,0,0,0,0,0,0,0,0,0,0,0,0,0,0,0,0,0,0,0,0,0,0,0,0,0,0,0,0,0,0,0.0,0.0,0.0,0.0,0.0,0.0,0.0,0.0,0.0,0.0,0.0,0.0,0.0,0.0,0.0,0.0,0.0,0.0,0.0,0.0,0.0,0.0,2.004,-0.0,0.0,-2.004,0.0,0.0,0.0,0.0,3338.5,-0.0,0.0,-107615240.0,0.0,-107615232.0,-0.0,0.0,0.0,0.0,0.0,0,-4.9504239556116174e+32,-0.0,0.0,0.0,0.0,0.0,0.0,0.0,0.0,0,0,0,0.0,0.0,0.0,0.0,0.0,0.0,0.0,0.0,0.0,0.0,0.0,0.0,0.0,0.0,0.0,0.0,0,-107875648.0,0,0.0,0,-107875648.0,0.0,0,26215,17038,52429,17052,13107,17037,0,0,0,110,100,100,0.0,64.0,0.0,64.8,-0.0,68.5,1,49,50,180,0,0,0,0,0.0,0.0,0.0,0.0,3.553538556625158e+31,65.5,0.0,-0.0,0.0,645,0,685,0,0,0,712,0,784,0,706,0,688,0,646,0,640,0,619,0.032,36700160.0,-2.004,-0.0,60048,16789,3.553538556625158e+31,-0.0,-1.9834301245404956e+25,0.0,5.395965375535823e+21,4.4021543720194046e+30,29.0,60.0,70,0.0,0.0,0.0,0.0,0.0,0.0,0.0,0.0,0.0,0.0,0.0,0.0,0.0,0.0,0.0,0.0,59.2,68,12,65509,41,65476,0,300,0,0,8,20529,65476,0,0,61604,60.0,0.0,0.0,0.0,0.0,0.0
2026-04-04T11:57:08,ERR,ERR,ERR,ERR,ERR,ERR,ERR,ERR,ERR,ERR,ERR,ERR,ERR,ERR,ERR,ERR,ERR,ERR,ERR,ERR,ERR,ERR,ERR,ERR,ERR,ERR,ERR,ERR,ERR,ERR,ERR,ERR,ERR,ERR,ERR,ERR,ERR,ERR,ERR,ERR,ERR,ERR,ERR,ERR,ERR,ERR,ERR,ERR,ERR,ERR,ERR,ERR,ERR,ERR,ERR,ERR,ERR,ERR,ERR,ERR,ERR,ERR,ERR,ERR,ERR,ERR,ERR,ERR,ERR,ERR,ERR,ERR,ERR,ERR,ERR,ERR,ERR,ERR,ERR,ERR,ERR,ERR,ERR,ERR,ERR,ERR,ERR,ERR,ERR,ERR,ERR,ERR,ERR,ERR,ERR,ERR,ERR,ERR,ERR,ERR,ERR,ERR,ERR,ERR,ERR,ERR,ERR,ERR,ERR,ERR,ERR,ERR,ERR,ERR,ERR,ERR,ERR,ERR,ERR,ERR,ERR,ERR,ERR,ERR,ERR,-107615240.0,0.0,-117832800.0,0.0,0.0,0.0,0.0,nan,0,0,0,32768,0,0.0,0,0.0,0.0,0.0,0.0,0.0,0,0,0,0,0.0,0,0,0,0,0,0,0,0,0,0,0,0,0,0,0,0,0,0,0,0,0,0,0,0,0,0,0,0,0,0,0,0,0,0,0,0,0,0,0,0,0,0,0,0,0.0,0.0,0.0,0.0,0.0,0.0,0.0,0.0,0.0,0.0,0.0,0.0,0.0,0.0,0.0,0.0,0.0,0.0,0.0,0.0,0.0,0.0,2.004,-0.0,0.0,-2.004,0.0,0.0,0.0,0.0,3338.5,-0.0,0.0,-107615240.0,0.0,-107615232.0,-0.0,0.0,0.0,0.0,0.0,0,-4.9504239556116174e+32,-0.0,0.0,0.0,0.0,0.0,0.0,0.0,0.0,0,0,0,0.0,0.0,0.0,0.0,0.0,0.0,0.0,0.0,0.0,0.0,0.0,0.0,0.0,0.0,0.0,0.0,0,-107875648.0,0,0.0,0,-107875648.0,0.0,0,26215,17038,52429,17052,13107,17037,0,0,0,110,100,100,0.0,64.0,0.0,64.8,-0.0,68.5,1,49,50,180,0,0,0,0,0.0,0.0,0.0,0.0,3.553538556625158e+31,65.5,0.0,-0.0,0.0,645,0,685,0,0,0,712,0,784,0,706,0,688,0,646,0,640,0,619,0.032,36700160.0,-2.004,-0.0,60048,16789,3.553538556625158e+31,-0.0,-1.9834301245404956e+25,0.0,5.395965375535823e+21,4.4021543720194046e+30,29.0,60.0,70,0.0,0.0,0.0,0.0,0.0,0.0,0.0,0.0,0.0,0.0,0.0,0.0,0.0,0.0,0.0,0.0,59.2,68,12,65509,41,65476,0,300,0,0,8,20529,65476,0,0,61604,60.0,0.0,0.0,0.0,0.0,0.0
2026-04-04T11:57:09,ERR,ERR,ERR,ERR,ERR,ERR,ERR,ERR,ERR,ERR,ERR,ERR,ERR,ERR,ERR,ERR,ERR,ERR,ERR,ERR,ERR,ERR,ERR,ERR,ERR,ERR,ERR,ERR,ERR,ERR,ERR,ERR,ERR,ERR,ERR,ERR,ERR,ERR,ERR,ERR,ERR,ERR,ERR,ERR,ERR,ERR,ERR,ERR,ERR,ERR,ERR,ERR,ERR,ERR,ERR,ERR,ERR,ERR,ERR,ERR,ERR,ERR,ERR,ERR,ERR,ERR,ERR,ERR,ERR,ERR,ERR,ERR,ERR,ERR,ERR,ERR,ERR,ERR,ERR,ERR,ERR,ERR,ERR,ERR,ERR,ERR,ERR,ERR,ERR,ERR,ERR,ERR,ERR,ERR,ERR,ERR,ERR,ERR,ERR,ERR,ERR,ERR,ERR,ERR,ERR,ERR,ERR,ERR,ERR,ERR,ERR,ERR,ERR,ERR,ERR,ERR,ERR,ERR,ERR,ERR,ERR,ERR,ERR,ERR,ERR,-107615240.0,0.0,-117832800.0,0.0,0.0,0.0,0.0,nan,0,0,0,32768,0,0.0,0,0.0,0.0,0.0,0.0,0.0,0,0,0,0,0.0,0,0,0,0,0,0,0,0,0,0,0,0,0,0,0,0,0,0,0,0,0,0,0,0,0,0,0,0,0,0,0,0,0,0,0,0,0,0,0,0,0,0,0,0,0.0,0.0,0.0,0.0,0.0,0.0,0.0,0.0,0.0,0.0,0.0,0.0,0.0,0.0,0.0,0.0,0.0,0.0,0.0,0.0,0.0,0.0,2.004,-0.0,0.0,-2.004,0.0,0.0,0.0,0.0,3338.5,-0.0,0.0,-107615240.0,0.0,-107615232.0,-0.0,0.0,0.0,0.0,0.0,0,-4.9504239556116174e+32,-0.0,0.0,0.0,0.0,0.0,0.0,0.0,0.0,0,0,0,0.0,0.0,0.0,0.0,0.0,0.0,0.0,0.0,0.0,0.0,0.0,0.0,0.0,0.0,0.0,0.0,0,-107875648.0,0,0.0,0,-107875648.0,0.0,0,26215,17038,52429,17052,13107,17037,0,0,0,110,100,100,0.0,64.1,0.0,64.8,-0.0,68.5,1,49,50,180,0,0,0,0,0.0,0.0,0.0,0.0,4.616594823969224e+34,65.5,0.0,1.8833376300279458e+25,0.0,645,0,685,0,0,0,712,0,784,0,706,0,688,0,646,0,640,0,619,0.032,36700160.0,-2.004,-0.0,41360,16789,6.429052286507829e+21,2.957299609392358e+34,-0.0,0.0,0.0,0.0,29.0,60.0,70,0.0,0.0,0.0,0.0,0.0,0.0,0.0,0.0,0.0,0.0,0.0,0.0,0.0,0.0,0.0,0.0,59.6,68,12,65509,41,65476,0,300,0,0,8,20529,65476,0,0,61604,60.0,0.0,0.0,0.0,0.0,0.0
2026-04-04T11:57:10,ERR,ERR,ERR,ERR,ERR,ERR,ERR,ERR,ERR,ERR,ERR,ERR,ERR,ERR,ERR,ERR,ERR,ERR,ERR,ERR,ERR,ERR,ERR,ERR,ERR,ERR,ERR,ERR,ERR,ERR,ERR,ERR,ERR,ERR,ERR,ERR,ERR,ERR,ERR,ERR,ERR,ERR,ERR,ERR,ERR,ERR,ERR,ERR,ERR,ERR,ERR,ERR,ERR,ERR,ERR,ERR,ERR,ERR,ERR,ERR,ERR,ERR,ERR,ERR,ERR,ERR,ERR,ERR,ERR,ERR,ERR,ERR,ERR,ERR,ERR,ERR,ERR,ERR,ERR,ERR,ERR,ERR,ERR,ERR,ERR,ERR,ERR,ERR,ERR,ERR,ERR,ERR,ERR,ERR,ERR,ERR,ERR,ERR,ERR,ERR,ERR,ERR,ERR,ERR,ERR,ERR,ERR,ERR,ERR,ERR,ERR,ERR,ERR,ERR,ERR,ERR,ERR,ERR,ERR,ERR,ERR,ERR,ERR,ERR,ERR,-107615240.0,0.0,-117832800.0,0.0,0.0,0.0,0.0,nan,0,0,0,32768,0,0.0,0,0.0,0.0,0.0,0.0,0.0,0,0,0,0,0.0,0,0,0,0,0,0,0,0,0,0,0,0,0,0,0,0,0,0,0,0,0,0,0,0,0,0,0,0,0,0,0,0,0,0,0,0,0,0,0,0,0,0,0,0,0.0,0.0,0.0,0.0,0.0,0.0,0.0,0.0,0.0,0.0,0.0,0.0,0.0,0.0,0.0,0.0,0.0,0.0,0.0,0.0,0.0,0.0,2.004,-0.0,0.0,-2.004,0.0,0.0,0.0,0.0,3338.5,-0.0,0.0,-107615240.0,0.0,-107615232.0,-0.0,0.0,0.0,0.0,0.0,0,-4.9504239556116174e+32,-0.0,0.0,0.0,0.0,0.0,0.0,0.0,0.0,0,0,0,0.0,0.0,0.0,0.0,0.0,0.0,0.0,0.0,0.0,0.0,0.0,0.0,0.0,0.0,0.0,0.0,0,-107875648.0,0,0.0,0,-107875648.0,0.0,0,26215,17038,52429,17052,13107,17037,0,0,0,110,100,100,0.0,64.1,0.0,64.8,-0.0,68.5,1,49,50,180,0,0,0,0,0.0,0.0,0.0,0.0,4.616594823969224e+34,65.5,0.0,1.8833376300279458e+25,0.0,645,0,685,0,0,0,712,0,784,0,706,0,688,0,646,0,640,0,619,0.032,36700160.0,-2.004,-0.0,41360,16789,6.429052286507829e+21,2.957299609392358e+34,-0.0,0.0,0.0,0.0,29.0,60.0,70,0.0,0.0,0.0,0.0,0.0,0.0,0.0,0.0,0.0,0.0,0.0,0.0,0.0,0.0,0.0,0.0,59.6,68,12,65509,41,65476,0,300,0,0,8,20529,65476,0,0,61604,60.0,0.0,0.0,0.0,0.0,0.0
2026-04-04T11:57:11,ERR,ERR,ERR,ERR,ERR,ERR,ERR,ERR,ERR,ERR,ERR,ERR,ERR,ERR,ERR,ERR,ERR,ERR,ERR,ERR,ERR,ERR,ERR,ERR,ERR,ERR,ERR,ERR,ERR,ERR,ERR,ERR,ERR,ERR,ERR,ERR,ERR,ERR,ERR,ERR,ERR,ERR,ERR,ERR,ERR,ERR,ERR,ERR,ERR,ERR,ERR,ERR,ERR,ERR,ERR,ERR,ERR,ERR,ERR,ERR,ERR,ERR,ERR,ERR,ERR,ERR,ERR,ERR,ERR,ERR,ERR,ERR,ERR,ERR,ERR,ERR,ERR,ERR,ERR,ERR,ERR,ERR,ERR,ERR,ERR,ERR,ERR,ERR,ERR,ERR,ERR,ERR,ERR,ERR,ERR,ERR,ERR,ERR,ERR,ERR,ERR,ERR,ERR,ERR,ERR,ERR,ERR,ERR,ERR,ERR,ERR,ERR,ERR,ERR,ERR,ERR,ERR,ERR,ERR,ERR,ERR,ERR,ERR,ERR,ERR,-107615240.0,0.0,-117832800.0,0.0,0.0,0.0,0.0,nan,0,0,0,32768,0,0.0,0,0.0,0.0,0.0,0.0,0.0,0,0,0,0,0.0,0,0,0,0,0,0,0,0,0,0,0,0,0,0,0,0,0,0,0,0,0,0,0,0,0,0,0,0,0,0,0,0,0,0,0,0,0,0,0,0,0,0,0,0,0.0,0.0,0.0,0.0,0.0,0.0,0.0,0.0,0.0,0.0,0.0,0.0,0.0,0.0,0.0,0.0,0.0,0.0,0.0,0.0,0.0,0.0,2.004,-0.0,0.0,-2.004,0.0,0.0,0.0,0.0,3338.0,-0.0,0.0,-107615240.0,0.0,-107615232.0,-0.0,0.0,0.0,0.0,0.0,0,-4.9504239556116174e+32,-0.0,0.0,0.0,0.0,0.0,0.0,0.0,0.0,0,0,0,0.0,0.0,0.0,0.0,0.0,0.0,0.0,0.0,0.0,0.0,0.0,0.0,0.0,0.0,0.0,0.0,0,-107875648.0,0,0.0,0,-107875648.0,0.0,0,26215,17038,52429,17052,13107,17037,0,0,0,110,100,100,0.0,64.1,0.0,64.8,-0.0,68.5,1,49,50,180,0,0,0,0,0.0,0.0,0.0,0.0,4.616594823969224e+34,65.5,0.0,1.8833376300279458e+25,0.0,645,0,685,0,0,0,712,0,784,0,706,0,688,0,646,0,640,0,619,0.032,36700160.0,-2.004,-0.0,41360,16789,6.429052286507829e+21,2.957299609392358e+34,-0.0,0.0,0.0,0.0,29.0,60.0,70,0.0,0.0,0.0,0.0,0.0,0.0,0.0,0.0,0.0,0.0,0.0,0.0,0.0,0.0,0.0,0.0,59.2,68,12,65509,41,65476,0,300,0,0,8,20529,65476,0,0,61604,60.0,0.0,0.0,0.0,0.0,0.0
2026-04-04T11:57:12,ERR,ERR,ERR,ERR,ERR,ERR,ERR,ERR,ERR,ERR,ERR,ERR,ERR,ERR,ERR,ERR,ERR,ERR,ERR,ERR,ERR,ERR,ERR,ERR,ERR,ERR,ERR,ERR,ERR,ERR,ERR,ERR,ERR,ERR,ERR,ERR,ERR,ERR,ERR,ERR,ERR,ERR,ERR,ERR,ERR,ERR,ERR,ERR,ERR,ERR,ERR,ERR,ERR,ERR,ERR,ERR,ERR,ERR,ERR,ERR,ERR,ERR,ERR,ERR,ERR,ERR,ERR,ERR,ERR,ERR,ERR,ERR,ERR,ERR,ERR,ERR,ERR,ERR,ERR,ERR,ERR,ERR,ERR,ERR,ERR,ERR,ERR,ERR,ERR,ERR,ERR,ERR,ERR,ERR,ERR,ERR,ERR,ERR,ERR,ERR,ERR,ERR,ERR,ERR,ERR,ERR,ERR,ERR,ERR,ERR,ERR,ERR,ERR,ERR,ERR,ERR,ERR,ERR,ERR,ERR,ERR,ERR,ERR,ERR,ERR,-107615240.0,0.0,-117832800.0,0.0,0.0,0.0,0.0,nan,0,0,0,32768,0,0.0,0,0.0,0.0,0.0,0.0,0.0,0,0,0,0,0.0,0,0,0,0,0,0,0,0,0,0,0,0,0,0,0,0,0,0,0,0,0,0,0,0,0,0,0,0,0,0,0,0,0,0,0,0,0,0,0,0,0,0,0,0,0.0,0.0,0.0,0.0,0.0,0.0,0.0,0.0,0.0,0.0,0.0,0.0,0.0,0.0,0.0,0.0,0.0,0.0,0.0,0.0,0.0,0.0,2.004,-0.0,0.0,-2.004,0.0,0.0,0.0,0.0,3338.0,-0.0,0.0,-107615240.0,0.0,-107615232.0,-0.0,0.0,0.0,0.0,0.0,0,-4.9504239556116174e+32,-0.0,0.0,0.0,0.0,0.0,0.0,0.0,0.0,0,0,0,0.0,0.0,0.0,0.0,0.0,0.0,0.0,0.0,0.0,0.0,0.0,0.0,0.0,0.0,0.0,0.0,0,-107875648.0,0,0.0,0,-107875648.0,0.0,0,26215,17038,52429,17052,13107,17037,0,0,0,110,100,100,0.0,64.1,0.0,64.8,-0.0,68.5,1,49,50,180,0,0,0,0,0.0,0.0,0.0,0.0,4.616594823969224e+34,65.5,0.0,1.8833376300279458e+25,0.0,645,0,685,0,0,0,712,0,784,0,706,0,688,0,646,0,640,0,619,0.032,36700160.0,-2.004,-0.0,41360,16789,6.429052286507829e+21,2.957299609392358e+34,-0.0,0.0,0.0,0.0,29.0,60.0,70,0.0,0.0,0.0,0.0,0.0,0.0,0.0,0.0,0.0,0.0,0.0,0.0,0.0,0.0,0.0,0.0,59.2,68,12,65509,41,65476,0,300,0,0,8,20529,65476,0,0,61604,60.0,0.0,0.0,0.0,0.0,0.0
2026-04-04T11:57:13,ERR,ERR,ERR,ERR,ERR,ERR,ERR,ERR,ERR,ERR,ERR,ERR,ERR,ERR,ERR,ERR,ERR,ERR,ERR,ERR,ERR,ERR,ERR,ERR,ERR,ERR,ERR,ERR,ERR,ERR,ERR,ERR,ERR,ERR,ERR,ERR,ERR,ERR,ERR,ERR,ERR,ERR,ERR,ERR,ERR,ERR,ERR,ERR,ERR,ERR,ERR,ERR,ERR,ERR,ERR,ERR,ERR,ERR,ERR,ERR,ERR,ERR,ERR,ERR,ERR,ERR,ERR,ERR,ERR,ERR,ERR,ERR,ERR,ERR,ERR,ERR,ERR,ERR,ERR,ERR,ERR,ERR,ERR,ERR,ERR,ERR,ERR,ERR,ERR,ERR,ERR,ERR,ERR,ERR,ERR,ERR,ERR,ERR,ERR,ERR,ERR,ERR,ERR,ERR,ERR,ERR,ERR,ERR,ERR,ERR,ERR,ERR,ERR,ERR,ERR,ERR,ERR,ERR,ERR,ERR,ERR,ERR,ERR,ERR,ERR,-107615240.0,0.0,-117832800.0,0.0,0.0,0.0,0.0,nan,0,0,0,32768,0,0.0,0,0.0,0.0,0.0,0.0,0.0,0,0,0,0,0.0,0,0,0,0,0,0,0,0,0,0,0,0,0,0,0,0,0,0,0,0,0,0,0,0,0,0,0,0,0,0,0,0,0,0,0,0,0,0,0,0,0,0,0,0,0.0,0.0,0.0,0.0,0.0,0.0,0.0,0.0,0.0,0.0,0.0,0.0,0.0,0.0,0.0,0.0,0.0,0.0,0.0,0.0,0.0,0.0,2.004,-0.0,0.0,-2.004,0.0,0.0,0.0,0.0,3338.0,-0.0,0.0,-107615240.0,0.0,-107615232.0,-0.0,0.0,0.0,0.0,0.0,0,-4.9504239556116174e+32,-0.0,0.0,0.0,0.0,0.0,0.0,0.0,0.0,0,0,0,0.0,0.0,0.0,0.0,0.0,0.0,0.0,0.0,0.0,0.0,0.0,0.0,0.0,0.0,0.0,0.0,0,-107875648.0,0,0.0,0,-107875648.0,0.0,0,39322,17038,52429,17052,13107,17037,0,0,0,110,100,100,0.0,64.0,0.0,64.8,-0.0,68.5,1,49,50,180,0,0,0,0,0.0,0.0,0.0,0.0,1.3106869019082752e+16,65.5,0.0,1.1587725648472606e+31,0.0,645,0,685,0,0,0,712,0,784,0,706,0,688,0,646,0,640,0,619,0.032,36962304.0,-2.004,-0.0,46608,16789,20219142.0,1.1587725648472606e+31,1.7506136892235739e+22,-3.310579574568121e+37,0.0,-3.4103335356012807e+37,29.0,60.0,70,0.0,0.0,0.0,0.0,0.0,0.0,0.0,0.0,0.0,0.0,0.0,0.0,0.0,0.0,0.0,0.0,59.2,68,12,65509,41,65476,0,300,0,0,8,20529,65476,0,0,61604,60.0,0.0,0.0,0.0,0.0,0.0
2026-04-04T11:57:14,ERR,ERR,ERR,ERR,ERR,ERR,ERR,ERR,ERR,ERR,ERR,ERR,ERR,ERR,ERR,ERR,ERR,ERR,ERR,ERR,ERR,ERR,ERR,ERR,ERR,ERR,ERR,ERR,ERR,ERR,ERR,ERR,ERR,ERR,ERR,ERR,ERR,ERR,ERR,ERR,ERR,ERR,ERR,ERR,ERR,ERR,ERR,ERR,ERR,ERR,ERR,ERR,ERR,ERR,ERR,ERR,ERR,ERR,ERR,ERR,ERR,ERR,ERR,ERR,ERR,ERR,ERR,ERR,ERR,ERR,ERR,ERR,ERR,ERR,ERR,ERR,ERR,ERR,ERR,ERR,ERR,ERR,ERR,ERR,ERR,ERR,ERR,ERR,ERR,ERR,ERR,ERR,ERR,ERR,ERR,ERR,ERR,ERR,ERR,ERR,ERR,ERR,ERR,ERR,ERR,ERR,ERR,ERR,ERR,ERR,ERR,ERR,ERR,ERR,ERR,ERR,ERR,ERR,ERR,ERR,ERR,ERR,ERR,ERR,ERR,-107615240.0,0.0,-117832800.0,0.0,0.0,0.0,0.0,nan,0,0,0,32768,0,0.0,0,0.0,0.0,0.0,0.0,0.0,0,0,0,0,0.0,0,0,0,0,0,0,0,0,0,0,0,0,0,0,0,0,0,0,0,0,0,0,0,0,0,0,0,0,0,0,0,0,0,0,0,0,0,0,0,0,0,0,0,0,0.0,0.0,0.0,0.0,0.0,0.0,0.0,0.0,0.0,0.0,0.0,0.0,0.0,0.0,0.0,0.0,0.0,0.0,0.0,0.0,0.0,0.0,2.004,-0.0,0.0,-2.004,0.0,0.0,0.0,0.0,3338.0,-0.0,0.0,-107615240.0,0.0,-107615232.0,-0.0,0.0,0.0,0.0,0.0,0,-4.9504239556116174e+32,-0.0,0.0,0.0,0.0,0.0,0.0,0.0,0.0,0,0,0,0.0,0.0,0.0,0.0,0.0,0.0,0.0,0.0,0.0,0.0,0.0,0.0,0.0,0.0,0.0,0.0,0,-107875648.0,0,0.0,0,-107875648.0,0.0,0,39322,17038,52429,17052,13107,17037,0,0,0,110,100,100,0.0,64.0,0.0,64.8,-0.0,68.5,1,49,50,180,0,0,0,0,0.0,0.0,0.0,0.0,1.3106869019082752e+16,65.5,0.0,1.1587725648472606e+31,0.0,645,0,685,0,0,0,712,0,784,0,706,0,688,0,646,0,640,0,619,0.032,36962304.0,-2.004,-0.0,46608,16789,20219142.0,1.1587725648472606e+31,1.7506136892235739e+22,-3.310579574568121e+37,0.0,-3.4103335356012807e+37,29.0,60.0,70,0.0,0.0,0.0,0.0,0.0,0.0,0.0,0.0,0.0,0.0,0.0,0.0,0.0,0.0,0.0,0.0,59.2,68,12,65509,41,65476,0,300,0,0,8,20529,65476,0,0,61604,60.0,0.0,0.0,0.0,0.0,0.0
2026-04-04T11:57:15,ERR,ERR,ERR,ERR,ERR,ERR,ERR,ERR,ERR,ERR,ERR,ERR,ERR,ERR,ERR,ERR,ERR,ERR,ERR,ERR,ERR,ERR,ERR,ERR,ERR,ERR,ERR,ERR,ERR,ERR,ERR,ERR,ERR,ERR,ERR,ERR,ERR,ERR,ERR,ERR,ERR,ERR,ERR,ERR,ERR,ERR,ERR,ERR,ERR,ERR,ERR,ERR,ERR,ERR,ERR,ERR,ERR,ERR,ERR,ERR,ERR,ERR,ERR,ERR,ERR,ERR,ERR,ERR,ERR,ERR,ERR,ERR,ERR,ERR,ERR,ERR,ERR,ERR,ERR,ERR,ERR,ERR,ERR,ERR,ERR,ERR,ERR,ERR,ERR,ERR,ERR,ERR,ERR,ERR,ERR,ERR,ERR,ERR,ERR,ERR,ERR,ERR,ERR,ERR,ERR,ERR,ERR,ERR,ERR,ERR,ERR,ERR,ERR,ERR,ERR,ERR,ERR,ERR,ERR,ERR,ERR,ERR,ERR,ERR,ERR,-107615240.0,0.0,-117832800.0,0.0,0.0,0.0,0.0,nan,0,0,0,32768,0,0.0,0,0.0,0.0,0.0,0.0,0.0,0,0,0,0,0.0,0,0,0,0,0,0,0,0,0,0,0,0,0,0,0,0,0,0,0,0,0,0,0,0,0,0,0,0,0,0,0,0,0,0,0,0,0,0,0,0,0,0,0,0,0.0,0.0,0.0,0.0,0.0,0.0,0.0,0.0,0.0,0.0,0.0,0.0,0.0,0.0,0.0,0.0,0.0,0.0,0.0,0.0,0.0,0.0,2.004,-0.0,0.0,-2.004,0.0,0.0,0.0,0.0,3338.0,-0.0,0.0,-107615240.0,0.0,-107615232.0,-0.0,0.0,0.0,0.0,0.0,0,-4.9504239556116174e+32,-0.0,0.0,0.0,0.0,0.0,0.0,0.0,0.0,0,0,0,0.0,0.0,0.0,0.0,0.0,0.0,0.0,0.0,0.0,0.0,0.0,0.0,0.0,0.0,0.0,0.0,0,-107875648.0,0,0.0,0,-107875648.0,0.0,0,39322,17038,52429,17052,13107,17037,0,0,0,110,100,100,0.0,64.0,0.0,64.8,-0.0,68.5,1,49,50,180,0,0,0,0,0.0,0.0,0.0,0.0,1.3106869019082752e+16,65.5,0.0,1.1587725648472606e+31,0.0,645,0,685,0,0,0,712,0,784,0,706,0,688,0,646,0,640,0,619,0.032,36962304.0,-2.004,-0.0,46608,16789,20219142.0,1.1587725648472606e+31,1.7506136892235739e+22,-3.310579574568121e+37,0.0,-3.4103335356012807e+37,29.0,60.0,70,0.0,0.0,0.0,0.0,0.0,0.0,0.0,0.0,0.0,0.0,0.0,0.0,0.0,0.0,0.0,0.0,59.2,68,12,65509,41,65476,0,300,0,0,8,20529,65476,0,0,61604,60.0,0.0,0.0,0.0,0.0,0.0
2026-04-04T11:57:16,ERR,ERR,ERR,ERR,ERR,ERR,ERR,ERR,ERR,ERR,ERR,ERR,ERR,ERR,ERR,ERR,ERR,ERR,ERR,ERR,ERR,ERR,ERR,ERR,ERR,ERR,ERR,ERR,ERR,ERR,ERR,ERR,ERR,ERR,ERR,ERR,ERR,ERR,ERR,ERR,ERR,ERR,ERR,ERR,ERR,ERR,ERR,ERR,ERR,ERR,ERR,ERR,ERR,ERR,ERR,ERR,ERR,ERR,ERR,ERR,ERR,ERR,ERR,ERR,ERR,ERR,ERR,ERR,ERR,ERR,ERR,ERR,ERR,ERR,ERR,ERR,ERR,ERR,ERR,ERR,ERR,ERR,ERR,ERR,ERR,ERR,ERR,ERR,ERR,ERR,ERR,ERR,ERR,ERR,ERR,ERR,ERR,ERR,ERR,ERR,ERR,ERR,ERR,ERR,ERR,ERR,ERR,ERR,ERR,ERR,ERR,ERR,ERR,ERR,ERR,ERR,ERR,ERR,ERR,ERR,ERR,ERR,ERR,ERR,ERR,-107615240.0,0.0,-117832800.0,0.0,0.0,0.0,0.0,nan,0,0,0,32768,0,0.0,0,0.0,0.0,0.0,0.0,0.0,0,0,0,0,0.0,0,0,0,0,0,0,0,0,0,0,0,0,0,0,0,0,0,0,0,0,0,0,0,0,0,0,0,0,0,0,0,0,0,0,0,0,0,0,0,0,0,0,0,0,0.0,0.0,0.0,0.0,0.0,0.0,0.0,0.0,0.0,0.0,0.0,0.0,0.0,0.0,0.0,0.0,0.0,0.0,0.0,0.0,0.0,0.0,2.004,-0.0,0.0,-2.004,0.0,0.0,0.0,0.0,3338.5,-3.697152708471213e+19,0.0,-107615240.0,0.0,-107615232.0,-0.0,0.0,0.0,0.0,0.0,0,-5.8480786593265204e+35,-0.0,0.0,0.0,0.0,0.0,0.0,0.0,0.0,0,0,0,0.0,0.0,0.0,0.0,0.0,0.0,0.0,0.0,0.0,0.0,0.0,0.0,0.0,0.0,0.0,0.0,0,-107875648.0,0,0.0,0,-107875648.0,0.0,0,26215,17038,52429,17052,13107,17037,0,0,0,110,100,100,0.0,64.1,0.0,64.8,-0.0,68.5,1,49,50,180,0,0,0,0,0.0,0.0,0.0,0.0,3.043857562890096e+22,65.5,0.0,2.74867790733337e+22,0.0,645,0,685,0,0,0,712,0,784,0,706,0,688,0,646,0,640,0,619,0.032,36962304.0,-2.004,-0.0,55696,16789,5.735523648457861e+27,7.022979226544176e+35,-13.391,316213395456.0,992288.5,7860192768.0,29.0,60.0,70,0.0,0.0,0.0,0.0,0.0,0.0,0.0,0.0,0.0,0.0,0.0,0.0,0.0,0.0,0.0,0.0,59.2,68,12,65509,41,65476,0,300,0,0,8,20529,65476,0,0,61604,60.0,0.0,0.0,0.0,0.0,0.0
2026-04-04T11:57:17,ERR,ERR,ERR,ERR,ERR,ERR,ERR,ERR,ERR,ERR,ERR,ERR,ERR,ERR,ERR,ERR,ERR,ERR,ERR,ERR,ERR,ERR,ERR,ERR,ERR,ERR,ERR,ERR,ERR,ERR,ERR,ERR,ERR,ERR,ERR,ERR,ERR,ERR,ERR,ERR,ERR,ERR,ERR,ERR,ERR,ERR,ERR,ERR,ERR,ERR,ERR,ERR,ERR,ERR,ERR,ERR,ERR,ERR,ERR,ERR,ERR,ERR,ERR,ERR,ERR,ERR,ERR,ERR,ERR,ERR,ERR,ERR,ERR,ERR,ERR,ERR,ERR,ERR,ERR,ERR,ERR,ERR,ERR,ERR,ERR,ERR,ERR,ERR,ERR,ERR,ERR,ERR,ERR,ERR,ERR,ERR,ERR,ERR,ERR,ERR,ERR,ERR,ERR,ERR,ERR,ERR,ERR,ERR,ERR,ERR,ERR,ERR,ERR,ERR,ERR,ERR,ERR,ERR,ERR,ERR,ERR,ERR,ERR,ERR,ERR,-107615240.0,0.0,-117832800.0,0.0,0.0,0.0,0.0,nan,0,0,0,32768,0,0.0,0,0.0,0.0,0.0,0.0,0.0,0,0,0,0,0.0,0,0,0,0,0,0,0,0,0,0,0,0,0,0,0,0,0,0,0,0,0,0,0,0,0,0,0,0,0,0,0,0,0,0,0,0,0,0,0,0,0,0,0,0,0.0,0.0,0.0,0.0,0.0,0.0,0.0,0.0,0.0,0.0,0.0,0.0,0.0,0.0,0.0,0.0,0.0,0.0,0.0,0.0,0.0,0.0,2.004,-0.0,0.0,-2.004,0.0,0.0,0.0,0.0,3338.5,-3.697152708471213e+19,0.0,-107615240.0,0.0,-107615232.0,-0.0,0.0,0.0,0.0,0.0,0,-5.8480786593265204e+35,-0.0,0.0,0.0,0.0,0.0,0.0,0.0,0.0,0,0,0,0.0,0.0,0.0,0.0,0.0,0.0,0.0,0.0,0.0,0.0,0.0,0.0,0.0,0.0,0.0,0.0,0,-107875648.0,0,0.0,0,-107875648.0,0.0,0,26215,17038,52429,17052,13107,17037,0,0,0,110,100,100,0.0,64.1,0.0,64.8,-0.0,68.5,1,49,50,180,0,0,0,0,0.0,0.0,0.0,0.0,3.043857562890096e+22,65.5,0.0,2.74867790733337e+22,0.0,645,0,685,0,0,0,712,0,784,0,706,0,688,0,646,0,640,0,619,0.032,36962304.0,-2.004,-0.0,55696,16789,5.735523648457861e+27,7.022979226544176e+35,-13.391,316213395456.0,992288.5,7860192768.0,29.0,60.0,70,0.0,0.0,0.0,0.0,0.0,0.0,0.0,0.0,0.0,0.0,0.0,0.0,0.0,0.0,0.0,0.0,59.2,68,12,65509,41,65476,0,300,0,0,8,20529,65476,0,0,61604,60.0,0.0,0.0,0.0,0.0,0.0
2026-04-04T11:57:18,ERR,ERR,ERR,ERR,ERR,ERR,ERR,ERR,ERR,ERR,ERR,ERR,ERR,ERR,ERR,ERR,ERR,ERR,ERR,ERR,ERR,ERR,ERR,ERR,ERR,ERR,ERR,ERR,ERR,ERR,ERR,ERR,ERR,ERR,ERR,ERR,ERR,ERR,ERR,ERR,ERR,ERR,ERR,ERR,ERR,ERR,ERR,ERR,ERR,ERR,ERR,ERR,ERR,ERR,ERR,ERR,ERR,ERR,ERR,ERR,ERR,ERR,ERR,ERR,ERR,ERR,ERR,ERR,ERR,ERR,ERR,ERR,ERR,ERR,ERR,ERR,ERR,ERR,ERR,ERR,ERR,ERR,ERR,ERR,ERR,ERR,ERR,ERR,ERR,ERR,ERR,ERR,ERR,ERR,ERR,ERR,ERR,ERR,ERR,ERR,ERR,ERR,ERR,ERR,ERR,ERR,ERR,ERR,ERR,ERR,ERR,ERR,ERR,ERR,ERR,ERR,ERR,ERR,ERR,ERR,ERR,ERR,ERR,ERR,ERR,-107615240.0,0.0,-117832800.0,0.0,0.0,0.0,0.0,nan,0,0,0,32768,0,0.0,0,0.0,0.0,0.0,0.0,0.0,0,0,0,0,0.0,0,0,0,0,0,0,0,0,0,0,0,0,0,0,0,0,0,0,0,0,0,0,0,0,0,0,0,0,0,0,0,0,0,0,0,0,0,0,0,0,0,0,0,0,0.0,0.0,0.0,0.0,0.0,0.0,0.0,0.0,0.0,0.0,0.0,0.0,0.0,0.0,0.0,0.0,0.0,0.0,0.0,0.0,0.0,0.0,2.004,-0.0,0.0,-2.004,0.0,0.0,0.0,0.0,3338.5,-3.697152708471213e+19,0.0,-107615240.0,0.0,-107615232.0,-0.0,0.0,0.0,0.0,0.0,0,-5.8480786593265204e+35,-0.0,0.0,0.0,0.0,0.0,0.0,0.0,0.0,0,0,0,0.0,0.0,0.0,0.0,0.0,0.0,0.0,0.0,0.0,0.0,0.0,0.0,0.0,0.0,0.0,0.0,0,-107875648.0,0,0.0,0,-107875648.0,0.0,0,26215,17038,52429,17052,13107,17037,0,0,0,110,100,100,0.0,64.1,0.0,64.8,-0.0,68.5,1,49,50,180,0,0,0,0,0.0,0.0,0.0,0.0,3.043857562890096e+22,65.5,0.0,2.74867790733337e+22,0.0,645,0,685,0,0,0,712,0,784,0,706,0,688,0,646,0,640,0,619,0.032,36962304.0,-2.004,-0.0,55696,16789,5.735523648457861e+27,7.022979226544176e+35,-13.391,316213395456.0,992288.5,7860192768.0,29.0,60.0,70,0.0,0.0,0.0,0.0,0.0,0.0,0.0,0.0,0.0,0.0,0.0,0.0,0.0,0.0,0.0,0.0,59.6,68,12,65509,41,65476,0,300,0,0,8,20529,65476,0,0,61604,60.0,0.0,0.0,0.0,0.0,0.0
2026-04-04T11:57:19,ERR,ERR,ERR,ERR,ERR,ERR,ERR,ERR,ERR,ERR,ERR,ERR,ERR,ERR,ERR,ERR,ERR,ERR,ERR,ERR,ERR,ERR,ERR,ERR,ERR,ERR,ERR,ERR,ERR,ERR,ERR,ERR,ERR,ERR,ERR,ERR,ERR,ERR,ERR,ERR,ERR,ERR,ERR,ERR,ERR,ERR,ERR,ERR,ERR,ERR,ERR,ERR,ERR,ERR,ERR,ERR,ERR,ERR,ERR,ERR,ERR,ERR,ERR,ERR,ERR,ERR,ERR,ERR,ERR,ERR,ERR,ERR,ERR,ERR,ERR,ERR,ERR,ERR,ERR,ERR,ERR,ERR,ERR,ERR,ERR,ERR,ERR,ERR,ERR,ERR,ERR,ERR,ERR,ERR,ERR,ERR,ERR,ERR,ERR,ERR,ERR,ERR,ERR,ERR,ERR,ERR,ERR,ERR,ERR,ERR,ERR,ERR,ERR,ERR,ERR,ERR,ERR,ERR,ERR,ERR,ERR,ERR,ERR,ERR,ERR,-107615240.0,0.0,-117832800.0,0.0,0.0,0.0,0.0,nan,0,0,0,32768,0,0.0,0,0.0,0.0,0.0,0.0,0.0,0,0,0,0,0.0,0,0,0,0,0,0,0,0,0,0,0,0,0,0,0,0,0,0,0,0,0,0,0,0,0,0,0,0,0,0,0,0,0,0,0,0,0,0,0,0,0,0,0,0,0.0,0.0,0.0,0.0,0.0,0.0,0.0,0.0,0.0,0.0,0.0,0.0,0.0,0.0,0.0,0.0,0.0,0.0,0.0,0.0,0.0,0.0,2.004,-0.0,0.0,-2.004,0.0,0.0,0.0,0.0,3338.5,-3.697152708471213e+19,0.0,-107615240.0,0.0,-107615232.0,-0.0,0.0,0.0,0.0,0.0,0,-5.8480786593265204e+35,-0.0,0.0,0.0,0.0,0.0,0.0,0.0,0.0,0,0,0,0.0,0.0,0.0,0.0,0.0,0.0,0.0,0.0,0.0,0.0,0.0,0.0,0.0,0.0,0.0,0.0,0,-107875648.0,0,0.0,0,-107875648.0,0.0,0,26215,17038,52429,17052,13107,17037,0,0,0,110,100,100,0.0,64.1,0.0,64.8,-0.0,68.5,1,49,50,180,0,0,0,0,0.0,0.0,0.0,0.0,3.043857562890096e+22,65.5,0.0,2.74867790733337e+22,0.0,645,0,685,0,0,0,712,0,784,0,706,0,688,0,646,0,640,0,619,0.032,36962304.0,-2.004,-0.0,55696,16789,5.735523648457861e+27,7.022979226544176e+35,-13.391,316213395456.0,992288.5,7860192768.0,29.0,60.0,70,0.0,0.0,0.0,0.0,0.0,0.0,0.0,0.0,0.0,0.0,0.0,0.0,0.0,0.0,0.0,0.0,59.6,68,12,65509,41,65476,0,300,0,0,8,20529,65476,0,0,61604,60.0,0.0,0.0,0.0,0.0,0.0
2026-04-04T11:57:20,ERR,ERR,ERR,ERR,ERR,ERR,ERR,ERR,ERR,ERR,ERR,ERR,ERR,ERR,ERR,ERR,ERR,ERR,ERR,ERR,ERR,ERR,ERR,ERR,ERR,ERR,ERR,ERR,ERR,ERR,ERR,ERR,ERR,ERR,ERR,ERR,ERR,ERR,ERR,ERR,ERR,ERR,ERR,ERR,ERR,ERR,ERR,ERR,ERR,ERR,ERR,ERR,ERR,ERR,ERR,ERR,ERR,ERR,ERR,ERR,ERR,ERR,ERR,ERR,ERR,ERR,ERR,ERR,ERR,ERR,ERR,ERR,ERR,ERR,ERR,ERR,ERR,ERR,ERR,ERR,ERR,ERR,ERR,ERR,ERR,ERR,ERR,ERR,ERR,ERR,ERR,ERR,ERR,ERR,ERR,ERR,ERR,ERR,ERR,ERR,ERR,ERR,ERR,ERR,ERR,ERR,ERR,ERR,ERR,ERR,ERR,ERR,ERR,ERR,ERR,ERR,ERR,ERR,ERR,ERR,ERR,ERR,ERR,ERR,ERR,-107615240.0,0.0,-117832800.0,0.0,0.0,0.0,0.0,nan,0,0,0,32768,0,0.0,0,0.0,0.0,0.0,0.0,0.0,0,0,0,0,0.0,0,0,0,0,0,0,0,0,0,0,0,0,0,0,0,0,0,0,0,0,0,0,0,0,0,0,0,0,0,0,0,0,0,0,0,0,0,0,0,0,0,0,0,0,0.0,0.0,0.0,0.0,0.0,0.0,0.0,0.0,0.0,0.0,0.0,0.0,0.0,0.0,0.0,0.0,0.0,0.0,0.0,0.0,0.0,0.0,2.004,-0.0,0.0,-2.004,0.0,0.0,0.0,0.0,3338.5,-3.697152708471213e+19,0.0,-107615240.0,0.0,-107615232.0,-0.0,0.0,0.0,0.0,0.0,0,-5.8480786593265204e+35,-0.0,0.0,0.0,0.0,0.0,0.0,0.0,0.0,0,0,0,0.0,0.0,0.0,0.0,0.0,0.0,0.0,0.0,0.0,0.0,0.0,0.0,0.0,0.0,0.0,0.0,0,-107875648.0,0,0.0,0,-107875648.0,0.0,0,26215,17038,52429,17052,13107,17037,0,0,0,110,100,100,0.0,64.1,0.0,64.8,-0.0,68.5,1,49,50,180,0,0,0,0,0.0,0.0,0.0,0.0,3.043857562890096e+22,65.5,0.0,2.74867790733337e+22,0.0,645,0,685,0,0,0,712,0,784,0,706,0,688,0,646,0,640,0,619,0.032,36962304.0,-2.004,-0.0,55696,16789,5.735523648457861e+27,7.022979226544176e+35,-13.391,316213395456.0,992288.5,7860192768.0,29.0,60.0,70,0.0,0.0,0.0,0.0,0.0,0.0,0.0,0.0,0.0,0.0,0.0,0.0,0.0,0.0,0.0,0.0,59.6,68,12,65509,41,65476,0,300,0,0,8,20529,65476,0,0,61604,60.0,0.0,0.0,0.0,0.0,0.0
2026-04-04T11:57:21,ERR,ERR,ERR,ERR,ERR,ERR,ERR,ERR,ERR,ERR,ERR,ERR,ERR,ERR,ERR,ERR,ERR,ERR,ERR,ERR,ERR,ERR,ERR,ERR,ERR,ERR,ERR,ERR,ERR,ERR,ERR,ERR,ERR,ERR,ERR,ERR,ERR,ERR,ERR,ERR,ERR,ERR,ERR,ERR,ERR,ERR,ERR,ERR,ERR,ERR,ERR,ERR,ERR,ERR,ERR,ERR,ERR,ERR,ERR,ERR,ERR,ERR,ERR,ERR,ERR,ERR,ERR,ERR,ERR,ERR,ERR,ERR,ERR,ERR,ERR,ERR,ERR,ERR,ERR,ERR,ERR,ERR,ERR,ERR,ERR,ERR,ERR,ERR,ERR,ERR,ERR,ERR,ERR,ERR,ERR,ERR,ERR,ERR,ERR,ERR,ERR,ERR,ERR,ERR,ERR,ERR,ERR,ERR,ERR,ERR,ERR,ERR,ERR,ERR,ERR,ERR,ERR,ERR,ERR,ERR,ERR,ERR,ERR,ERR,ERR,-107615240.0,0.0,-117832800.0,0.0,0.0,0.0,0.0,nan,0,0,0,32768,0,0.0,0,0.0,0.0,0.0,0.0,0.0,0,0,0,0,0.0,0,0,0,0,0,0,0,0,0,0,0,0,0,0,0,0,0,0,0,0,0,0,0,0,0,0,0,0,0,0,0,0,0,0,0,0,0,0,0,0,0,0,0,0,0.0,0.0,0.0,0.0,0.0,0.0,0.0,0.0,0.0,0.0,0.0,0.0,0.0,0.0,0.0,0.0,0.0,0.0,0.0,0.0,0.0,0.0,2.004,-0.0,0.0,-2.004,0.0,0.0,0.0,0.0,3338.5,-3.697152708471213e+19,0.0,-107615240.0,0.0,-107615232.0,-0.0,0.0,0.0,0.0,0.0,0,-5.8480786593265204e+35,-0.0,0.0,0.0,0.0,0.0,0.0,0.0,0.0,0,0,0,0.0,0.0,0.0,0.0,0.0,0.0,0.0,0.0,0.0,0.0,0.0,0.0,0.0,0.0,0.0,0.0,0,-107875648.0,0,0.0,0,-107875648.0,0.0,0,26215,17038,52429,17052,13107,17037,0,0,0,110,100,100,0.0,64.1,0.0,64.8,-0.0,68.5,1,49,50,180,0,0,0,0,0.0,0.0,0.0,0.0,3.043857562890096e+22,65.5,0.0,2.74867790733337e+22,0.0,645,0,685,0,0,0,712,0,784,0,706,0,688,0,646,0,640,0,619,0.032,36962304.0,-2.004,-0.0,55696,16789,5.735523648457861e+27,7.022979226544176e+35,-13.391,316213395456.0,992288.5,7860192768.0,29.0,60.0,70,0.0,0.0,0.0,0.0,0.0,0.0,0.0,0.0,0.0,0.0,0.0,0.0,0.0,0.0,0.0,0.0,59.6,68,12,65509,41,65476,0,300,0,0,8,20529,65476,0,0,61604,60.0,0.0,0.0,0.0,0.0,0.0
2026-04-04T11:57:22,ERR,ERR,ERR,ERR,ERR,ERR,ERR,ERR,ERR,ERR,ERR,ERR,ERR,ERR,ERR,ERR,ERR,ERR,ERR,ERR,ERR,ERR,ERR,ERR,ERR,ERR,ERR,ERR,ERR,ERR,ERR,ERR,ERR,ERR,ERR,ERR,ERR,ERR,ERR,ERR,ERR,ERR,ERR,ERR,ERR,ERR,ERR,ERR,ERR,ERR,ERR,ERR,ERR,ERR,ERR,ERR,ERR,ERR,ERR,ERR,ERR,ERR,ERR,ERR,ERR,ERR,ERR,ERR,ERR,ERR,ERR,ERR,ERR,ERR,ERR,ERR,ERR,ERR,ERR,ERR,ERR,ERR,ERR,ERR,ERR,ERR,ERR,ERR,ERR,ERR,ERR,ERR,ERR,ERR,ERR,ERR,ERR,ERR,ERR,ERR,ERR,ERR,ERR,ERR,ERR,ERR,ERR,ERR,ERR,ERR,ERR,ERR,ERR,ERR,ERR,ERR,ERR,ERR,ERR,ERR,ERR,ERR,ERR,ERR,ERR,-107615240.0,0.0,-117832800.0,0.0,0.0,0.0,0.0,nan,0,0,0,32768,0,0.0,0,0.0,0.0,0.0,0.0,0.0,0,0,0,0,0.0,0,0,0,0,0,0,0,0,0,0,0,0,0,0,0,0,0,0,0,0,0,0,0,0,0,0,0,0,0,0,0,0,0,0,0,0,0,0,0,0,0,0,0,0,0.0,0.0,0.0,0.0,0.0,0.0,0.0,0.0,0.0,0.0,0.0,0.0,0.0,0.0,0.0,0.0,0.0,0.0,0.0,0.0,0.0,0.0,2.004,-0.0,0.0,-2.004,0.0,0.0,0.0,0.0,3338.5,-3.697152708471213e+19,0.0,-107615240.0,0.0,-107615232.0,-0.0,0.0,0.0,0.0,0.0,0,-5.8480786593265204e+35,-0.0,0.0,0.0,0.0,0.0,0.0,0.0,0.0,0,0,0,0.0,0.0,0.0,0.0,0.0,0.0,0.0,0.0,0.0,0.0,0.0,0.0,0.0,0.0,0.0,0.0,0,-107875648.0,0,0.0,0,-107875648.0,0.0,0,26215,17038,52429,17052,13107,17037,0,0,0,110,100,100,0.0,64.1,0.0,64.8,-0.0,68.5,1,49,50,180,0,0,0,0,0.0,0.0,0.0,0.0,1.887688705832549e+31,65.5,0.0,-0.0,0.0,645,0,685,0,0,0,712,0,784,0,706,0,688,0,645,0,640,0,619,0.032,36962304.0,-2.004,-0.0,44432,16789,3.0963609653457723e+32,-0.0,-5.279873580475172e+29,1.8923355700622805e+34,4.2361126149296706e+24,2.908529971192679e+34,29.0,60.0,70,0.0,0.0,0.0,0.0,0.0,0.0,0.0,0.0,0.0,0.0,0.0,0.0,0.0,0.0,0.0,0.0,59.6,68,12,65509,41,65476,0,300,0,0,8,20529,65476,0,0,61604,60.0,0.0,0.0,0.0,0.0,0.0
2026-04-04T11:57:23,ERR,ERR,ERR,ERR,ERR,ERR,ERR,ERR,ERR,ERR,ERR,ERR,ERR,ERR,ERR,ERR,ERR,ERR,ERR,ERR,ERR,ERR,ERR,ERR,ERR,ERR,ERR,ERR,ERR,ERR,ERR,ERR,ERR,ERR,ERR,ERR,ERR,ERR,ERR,ERR,ERR,ERR,ERR,ERR,ERR,ERR,ERR,ERR,ERR,ERR,ERR,ERR,ERR,ERR,ERR,ERR,ERR,ERR,ERR,ERR,ERR,ERR,ERR,ERR,ERR,ERR,ERR,ERR,ERR,ERR,ERR,ERR,ERR,ERR,ERR,ERR,ERR,ERR,ERR,ERR,ERR,ERR,ERR,ERR,ERR,ERR,ERR,ERR,ERR,ERR,ERR,ERR,ERR,ERR,ERR,ERR,ERR,ERR,ERR,ERR,ERR,ERR,ERR,ERR,ERR,ERR,ERR,ERR,ERR,ERR,ERR,ERR,ERR,ERR,ERR,ERR,ERR,ERR,ERR,ERR,ERR,ERR,ERR,ERR,ERR,-107615240.0,0.0,-117832800.0,0.0,0.0,0.0,0.0,nan,0,0,0,32768,0,0.0,0,0.0,0.0,0.0,0.0,0.0,0,0,0,0,0.0,0,0,0,0,0,0,0,0,0,0,0,0,0,0,0,0,0,0,0,0,0,0,0,0,0,0,0,0,0,0,0,0,0,0,0,0,0,0,0,0,0,0,0,0,0.0,0.0,0.0,0.0,0.0,0.0,0.0,0.0,0.0,0.0,0.0,0.0,0.0,0.0,0.0,0.0,0.0,0.0,0.0,0.0,0.0,0.0,2.004,-0.0,0.0,-2.004,0.0,0.0,0.0,0.0,3338.5,-3.697152708471213e+19,0.0,-107615240.0,0.0,-107615232.0,-0.0,0.0,0.0,0.0,0.0,0,-5.8480786593265204e+35,-0.0,0.0,0.0,0.0,0.0,0.0,0.0,0.0,0,0,0,0.0,0.0,0.0,0.0,0.0,0.0,0.0,0.0,0.0,0.0,0.0,0.0,0.0,0.0,0.0,0.0,0,-107875648.0,0,0.0,0,-107875648.0,0.0,0,26215,17038,52429,17052,13107,17037,0,0,0,110,100,100,0.0,64.1,0.0,64.8,-0.0,68.5,1,49,50,180,0,0,0,0,0.0,0.0,0.0,0.0,1.887688705832549e+31,65.5,0.0,-0.0,0.0,645,0,685,0,0,0,712,0,784,0,706,0,688,0,645,0,640,0,619,0.032,36962304.0,-2.004,-0.0,44432,16789,3.0963609653457723e+32,-0.0,-5.279873580475172e+29,1.8923355700622805e+34,4.2361126149296706e+24,2.908529971192679e+34,29.0,60.0,70,0.0,0.0,0.0,0.0,0.0,0.0,0.0,0.0,0.0,0.0,0.0,0.0,0.0,0.0,0.0,0.0,59.6,68,12,65509,41,65476,0,300,0,0,8,20529,65476,0,0,61604,60.0,0.0,0.0,0.0,0.0,0.0
2026-04-04T11:57:24,ERR,ERR,ERR,ERR,ERR,ERR,ERR,ERR,ERR,ERR,ERR,ERR,ERR,ERR,ERR,ERR,ERR,ERR,ERR,ERR,ERR,ERR,ERR,ERR,ERR,ERR,ERR,ERR,ERR,ERR,ERR,ERR,ERR,ERR,ERR,ERR,ERR,ERR,ERR,ERR,ERR,ERR,ERR,ERR,ERR,ERR,ERR,ERR,ERR,ERR,ERR,ERR,ERR,ERR,ERR,ERR,ERR,ERR,ERR,ERR,ERR,ERR,ERR,ERR,ERR,ERR,ERR,ERR,ERR,ERR,ERR,ERR,ERR,ERR,ERR,ERR,ERR,ERR,ERR,ERR,ERR,ERR,ERR,ERR,ERR,ERR,ERR,ERR,ERR,ERR,ERR,ERR,ERR,ERR,ERR,ERR,ERR,ERR,ERR,ERR,ERR,ERR,ERR,ERR,ERR,ERR,ERR,ERR,ERR,ERR,ERR,ERR,ERR,ERR,ERR,ERR,ERR,ERR,ERR,ERR,ERR,ERR,ERR,ERR,ERR,-107615240.0,0.0,-117832800.0,0.0,0.0,0.0,0.0,nan,0,0,0,32768,0,0.0,0,0.0,0.0,0.0,0.0,0.0,0,0,0,0,0.0,0,0,0,0,0,0,0,0,0,0,0,0,0,0,0,0,0,0,0,0,0,0,0,0,0,0,0,0,0,0,0,0,0,0,0,0,0,0,0,0,0,0,0,0,0.0,0.0,0.0,0.0,0.0,0.0,0.0,0.0,0.0,0.0,0.0,0.0,0.0,0.0,0.0,0.0,0.0,0.0,0.0,0.0,0.0,0.0,2.004,-0.0,0.0,-2.004,0.0,0.0,0.0,0.0,3340.0,0.0,0.0,-107615240.0,0.0,-107615232.0,-0.0,0.0,0.0,0.0,0.0,0,0.0,-107614248.0,0.0,0.0,0.0,0.0,0.0,0.0,0.0,0,0,0,0.0,0.0,0.0,0.0,0.0,0.0,0.0,0.0,0.0,0.0,0.0,0.0,0.0,0.0,0.0,0.0,0,-107875648.0,0,0.0,0,-107875648.0,0.0,0,26215,17038,52429,17052,13107,17037,0,0,0,110,100,100,0.0,64.1,0.0,64.8,-0.0,68.5,1,49,50,180,0,0,0,0,0.0,0.0,0.0,0.0,1.887688705832549e+31,65.5,0.0,-0.0,0.0,645,0,685,0,0,0,712,0,784,0,706,0,688,0,645,0,640,0,619,0.032,36962304.0,-2.004,-0.0,44432,16789,3.0963609653457723e+32,-0.0,-5.279873580475172e+29,1.8923355700622805e+34,4.2361126149296706e+24,2.908529971192679e+34,29.0,60.0,70,0.0,0.0,0.0,0.0,0.0,0.0,0.0,0.0,0.0,0.0,0.0,0.0,0.0,0.0,0.0,0.0,59.2,68,12,65509,41,65476,0,300,0,0,8,20529,65476,0,0,61604,60.0,0.0,0.0,0.0,0.0,0.0
2026-04-04T11:57:25,ERR,ERR,ERR,ERR,ERR,ERR,ERR,ERR,ERR,ERR,ERR,ERR,ERR,ERR,ERR,ERR,ERR,ERR,ERR,ERR,ERR,ERR,ERR,ERR,ERR,ERR,ERR,ERR,ERR,ERR,ERR,ERR,ERR,ERR,ERR,ERR,ERR,ERR,ERR,ERR,ERR,ERR,ERR,ERR,ERR,ERR,ERR,ERR,ERR,ERR,ERR,ERR,ERR,ERR,ERR,ERR,ERR,ERR,ERR,ERR,ERR,ERR,ERR,ERR,ERR,ERR,ERR,ERR,ERR,ERR,ERR,ERR,ERR,ERR,ERR,ERR,ERR,ERR,ERR,ERR,ERR,ERR,ERR,ERR,ERR,ERR,ERR,ERR,ERR,ERR,ERR,ERR,ERR,ERR,ERR,ERR,ERR,ERR,ERR,ERR,ERR,ERR,ERR,ERR,ERR,ERR,ERR,ERR,ERR,ERR,ERR,ERR,ERR,ERR,ERR,ERR,ERR,ERR,ERR,ERR,ERR,ERR,ERR,ERR,ERR,-107615240.0,0.0,-117832800.0,0.0,0.0,0.0,0.0,nan,0,0,0,32768,0,0.0,0,0.0,0.0,0.0,0.0,0.0,0,0,0,0,0.0,0,0,0,0,0,0,0,0,0,0,0,0,0,0,0,0,0,0,0,0,0,0,0,0,0,0,0,0,0,0,0,0,0,0,0,0,0,0,0,0,0,0,0,0,0.0,0.0,0.0,0.0,0.0,0.0,0.0,0.0,0.0,0.0,0.0,0.0,0.0,0.0,0.0,0.0,0.0,0.0,0.0,0.0,0.0,0.0,2.004,-0.0,0.0,-2.004,0.0,0.0,0.0,0.0,3340.0,0.0,0.0,-107615240.0,0.0,-107615232.0,-0.0,0.0,0.0,0.0,0.0,0,0.0,-107614248.0,0.0,0.0,0.0,0.0,0.0,0.0,0.0,0,0,0,0.0,0.0,0.0,0.0,0.0,0.0,0.0,0.0,0.0,0.0,0.0,0.0,0.0,0.0,0.0,0.0,0,-107875648.0,0,0.0,0,-107875648.0,0.0,0,26215,17038,52429,17052,13107,17037,0,0,0,110,100,100,0.0,64.1,0.0,64.8,-0.0,68.5,1,49,50,180,0,0,0,0,0.0,0.0,0.0,0.0,1.887688705832549e+31,65.5,0.0,-0.0,0.0,645,0,685,0,0,0,712,0,784,0,706,0,688,0,645,0,640,0,619,0.032,36962304.0,-2.004,-0.0,44432,16789,3.0963609653457723e+32,-0.0,-5.279873580475172e+29,1.8923355700622805e+34,4.2361126149296706e+24,2.908529971192679e+34,29.0,60.0,70,0.0,0.0,0.0,0.0,0.0,0.0,0.0,0.0,0.0,0.0,0.0,0.0,0.0,0.0,0.0,0.0,59.2,68,12,65509,41,65476,0,300,0,0,8,20529,65476,0,0,61604,60.0,0.0,0.0,0.0,0.0,0.0
2026-04-04T11:57:26,ERR,ERR,ERR,ERR,ERR,ERR,ERR,ERR,ERR,ERR,ERR,ERR,ERR,ERR,ERR,ERR,ERR,ERR,ERR,ERR,ERR,ERR,ERR,ERR,ERR,ERR,ERR,ERR,ERR,ERR,ERR,ERR,ERR,ERR,ERR,ERR,ERR,ERR,ERR,ERR,ERR,ERR,ERR,ERR,ERR,ERR,ERR,ERR,ERR,ERR,ERR,ERR,ERR,ERR,ERR,ERR,ERR,ERR,ERR,ERR,ERR,ERR,ERR,ERR,ERR,ERR,ERR,ERR,ERR,ERR,ERR,ERR,ERR,ERR,ERR,ERR,ERR,ERR,ERR,ERR,ERR,ERR,ERR,ERR,ERR,ERR,ERR,ERR,ERR,ERR,ERR,ERR,ERR,ERR,ERR,ERR,ERR,ERR,ERR,ERR,ERR,ERR,ERR,ERR,ERR,ERR,ERR,ERR,ERR,ERR,ERR,ERR,ERR,ERR,ERR,ERR,ERR,ERR,ERR,ERR,ERR,ERR,ERR,ERR,ERR,-107615240.0,0.0,-117832800.0,0.0,0.0,0.0,0.0,nan,0,0,0,32768,0,0.0,0,0.0,0.0,0.0,0.0,0.0,0,0,0,0,0.0,0,0,0,0,0,0,0,0,0,0,0,0,0,0,0,0,0,0,0,0,0,0,0,0,0,0,0,0,0,0,0,0,0,0,0,0,0,0,0,0,0,0,0,0,0.0,0.0,0.0,0.0,0.0,0.0,0.0,0.0,0.0,0.0,0.0,0.0,0.0,0.0,0.0,0.0,0.0,0.0,0.0,0.0,0.0,0.0,2.004,-0.0,0.0,-2.004,0.0,0.0,0.0,0.0,3340.0,0.0,0.0,-107615240.0,0.0,-107615232.0,-0.0,0.0,0.0,0.0,0.0,0,0.0,-107614248.0,0.0,0.0,0.0,0.0,0.0,0.0,0.0,0,0,0,0.0,0.0,0.0,0.0,0.0,0.0,0.0,0.0,0.0,0.0,0.0,0.0,0.0,0.0,0.0,0.0,0,-107875648.0,0,0.0,0,-107875648.0,0.0,0,26215,17038,52429,17052,13107,17037,0,0,0,110,100,100,0.0,64.1,0.0,64.8,-0.0,68.5,1,49,50,180,0,0,0,0,0.0,0.0,0.0,0.0,1.887688705832549e+31,65.5,0.0,-0.0,0.0,645,0,685,0,0,0,712,0,784,0,706,0,688,0,645,0,640,0,619,0.032,36962304.0,-2.004,-0.0,44432,16789,3.0963609653457723e+32,-0.0,-5.279873580475172e+29,1.8923355700622805e+34,4.2361126149296706e+24,2.908529971192679e+34,29.0,60.0,70,0.0,0.0,0.0,0.0,0.0,0.0,0.0,0.0,0.0,0.0,0.0,0.0,0.0,0.0,0.0,0.0,59.2,68,12,65509,41,65476,0,300,0,0,8,20529,65476,0,0,61604,60.0,0.0,0.0,0.0,0.0,0.0
2026-04-04T11:57:27,ERR,ERR,ERR,ERR,ERR,ERR,ERR,ERR,ERR,ERR,ERR,ERR,ERR,ERR,ERR,ERR,ERR,ERR,ERR,ERR,ERR,ERR,ERR,ERR,ERR,ERR,ERR,ERR,ERR,ERR,ERR,ERR,ERR,ERR,ERR,ERR,ERR,ERR,ERR,ERR,ERR,ERR,ERR,ERR,ERR,ERR,ERR,ERR,ERR,ERR,ERR,ERR,ERR,ERR,ERR,ERR,ERR,ERR,ERR,ERR,ERR,ERR,ERR,ERR,ERR,ERR,ERR,ERR,ERR,ERR,ERR,ERR,ERR,ERR,ERR,ERR,ERR,ERR,ERR,ERR,ERR,ERR,ERR,ERR,ERR,ERR,ERR,ERR,ERR,ERR,ERR,ERR,ERR,ERR,ERR,ERR,ERR,ERR,ERR,ERR,ERR,ERR,ERR,ERR,ERR,ERR,ERR,ERR,ERR,ERR,ERR,ERR,ERR,ERR,ERR,ERR,ERR,ERR,ERR,ERR,ERR,ERR,ERR,ERR,ERR,-107615240.0,0.0,-117832800.0,0.0,0.0,0.0,0.0,nan,0,0,0,32768,0,0.0,0,0.0,0.0,0.0,0.0,0.0,0,0,0,0,0.0,0,0,0,0,0,0,0,0,0,0,0,0,0,0,0,0,0,0,0,0,0,0,0,0,0,0,0,0,0,0,0,0,0,0,0,0,0,0,0,0,0,0,0,0,0.0,0.0,0.0,0.0,0.0,0.0,0.0,0.0,0.0,0.0,0.0,0.0,0.0,0.0,0.0,0.0,0.0,0.0,0.0,0.0,0.0,0.0,2.004,-0.0,0.0,-2.004,0.0,0.0,0.0,0.0,3340.0,0.0,0.0,-107615240.0,0.0,-107615232.0,-0.0,0.0,0.0,0.0,0.0,0,0.0,-107614248.0,0.0,0.0,0.0,0.0,0.0,0.0,0.0,0,0,0,0.0,0.0,0.0,0.0,0.0,0.0,0.0,0.0,0.0,0.0,0.0,0.0,0.0,0.0,0.0,0.0,0,-107875648.0,0,0.0,0,-107875648.0,0.0,0,26215,17038,52429,17052,13107,17037,0,0,0,110,100,100,0.0,64.1,0.0,64.8,-0.0,68.5,1,49,50,180,0,0,0,0,0.0,0.0,0.0,0.0,17627894251520.0,65.5,0.0,1779774.75,0.0,645,0,685,0,0,0,712,0,784,0,706,0,688,0,646,0,640,0,619,0.032,36962304.0,-2.004,-0.0,34832,16789,250122.047,1779774.75,31.032,2.956166057196174e+30,-1.3263296350888154e+32,-7.969684249804118e+19,29.0,60.0,70,0.0,0.0,0.0,0.0,0.0,0.0,0.0,0.0,0.0,0.0,0.0,0.0,0.0,0.0,0.0,0.0,59.2,68,12,65509,41,65476,0,300,0,0,8,20529,65476,0,0,61604,60.0,0.0,0.0,0.0,0.0,0.0
2026-04-04T11:57:28,ERR,ERR,ERR,ERR,ERR,ERR,ERR,ERR,ERR,ERR,ERR,ERR,ERR,ERR,ERR,ERR,ERR,ERR,ERR,ERR,ERR,ERR,ERR,ERR,ERR,ERR,ERR,ERR,ERR,ERR,ERR,ERR,ERR,ERR,ERR,ERR,ERR,ERR,ERR,ERR,ERR,ERR,ERR,ERR,ERR,ERR,ERR,ERR,ERR,ERR,ERR,ERR,ERR,ERR,ERR,ERR,ERR,ERR,ERR,ERR,ERR,ERR,ERR,ERR,ERR,ERR,ERR,ERR,ERR,ERR,ERR,ERR,ERR,ERR,ERR,ERR,ERR,ERR,ERR,ERR,ERR,ERR,ERR,ERR,ERR,ERR,ERR,ERR,ERR,ERR,ERR,ERR,ERR,ERR,ERR,ERR,ERR,ERR,ERR,ERR,ERR,ERR,ERR,ERR,ERR,ERR,ERR,ERR,ERR,ERR,ERR,ERR,ERR,ERR,ERR,ERR,ERR,ERR,ERR,ERR,ERR,ERR,ERR,ERR,ERR,-107615240.0,0.0,-117832800.0,0.0,0.0,0.0,0.0,nan,0,0,0,32768,0,0.0,0,0.0,0.0,0.0,0.0,0.0,0,0,0,0,0.0,0,0,0,0,0,0,0,0,0,0,0,0,0,0,0,0,0,0,0,0,0,0,0,0,0,0,0,0,0,0,0,0,0,0,0,0,0,0,0,0,0,0,0,0,0.0,0.0,0.0,0.0,0.0,0.0,0.0,0.0,0.0,0.0,0.0,0.0,0.0,0.0,0.0,0.0,0.0,0.0,0.0,0.0,0.0,0.0,2.004,-0.0,0.0,-2.004,0.0,0.0,0.0,0.0,3340.0,0.0,0.0,-107615240.0,0.0,-107615232.0,-0.0,0.0,0.0,0.0,0.0,0,0.0,-107614248.0,0.0,0.0,0.0,0.0,0.0,0.0,0.0,0,0,0,0.0,0.0,0.0,0.0,0.0,0.0,0.0,0.0,0.0,0.0,0.0,0.0,0.0,0.0,0.0,0.0,0,-107875648.0,0,0.0,0,-107875648.0,0.0,0,26215,17038,52429,17052,13107,17037,0,0,0,110,100,100,0.0,64.1,0.0,64.8,-0.0,68.5,1,49,50,180,0,0,0,0,0.0,0.0,0.0,0.0,17627894251520.0,65.5,0.0,1779774.75,0.0,645,0,685,0,0,0,712,0,784,0,706,0,688,0,646,0,640,0,619,0.032,36962304.0,-2.004,-0.0,34832,16789,250122.047,1779774.75,31.032,2.956166057196174e+30,-1.3263296350888154e+32,-7.969684249804118e+19,29.0,60.0,70,0.0,0.0,0.0,0.0,0.0,0.0,0.0,0.0,0.0,0.0,0.0,0.0,0.0,0.0,0.0,0.0,59.2,68,12,65509,41,65476,0,300,0,0,8,20529,65476,0,0,61604,60.0,0.0,0.0,0.0,0.0,0.0
2026-04-04T11:57:29,ERR,ERR,ERR,ERR,ERR,ERR,ERR,ERR,ERR,ERR,ERR,ERR,ERR,ERR,ERR,ERR,ERR,ERR,ERR,ERR,ERR,ERR,ERR,ERR,ERR,ERR,ERR,ERR,ERR,ERR,ERR,ERR,ERR,ERR,ERR,ERR,ERR,ERR,ERR,ERR,ERR,ERR,ERR,ERR,ERR,ERR,ERR,ERR,ERR,ERR,ERR,ERR,ERR,ERR,ERR,ERR,ERR,ERR,ERR,ERR,ERR,ERR,ERR,ERR,ERR,ERR,ERR,ERR,ERR,ERR,ERR,ERR,ERR,ERR,ERR,ERR,ERR,ERR,ERR,ERR,ERR,ERR,ERR,ERR,ERR,ERR,ERR,ERR,ERR,ERR,ERR,ERR,ERR,ERR,ERR,ERR,ERR,ERR,ERR,ERR,ERR,ERR,ERR,ERR,ERR,ERR,ERR,ERR,ERR,ERR,ERR,ERR,ERR,ERR,ERR,ERR,ERR,ERR,ERR,ERR,ERR,ERR,ERR,ERR,ERR,-107615240.0,0.0,-117832800.0,0.0,0.0,0.0,0.0,nan,0,0,0,32768,0,0.0,0,0.0,0.0,0.0,0.0,0.0,0,0,0,0,0.0,0,0,0,0,0,0,0,0,0,0,0,0,0,0,0,0,0,0,0,0,0,0,0,0,0,0,0,0,0,0,0,0,0,0,0,0,0,0,0,0,0,0,0,0,0.0,0.0,0.0,0.0,0.0,0.0,0.0,0.0,0.0,0.0,0.0,0.0,0.0,0.0,0.0,0.0,0.0,0.0,0.0,0.0,0.0,0.0,2.004,-0.0,0.0,-2.004,0.0,0.0,0.0,0.0,3340.0,0.0,0.0,-107615240.0,0.0,-107615232.0,-0.0,0.0,0.0,0.0,0.0,0,0.0,-107614248.0,0.0,0.0,0.0,0.0,0.0,0.0,0.0,0,0,0,0.0,0.0,0.0,0.0,0.0,0.0,0.0,0.0,0.0,0.0,0.0,0.0,0.0,0.0,0.0,0.0,0,-107875648.0,0,0.0,0,-107875648.0,0.0,0,26215,17038,52429,17052,13107,17037,0,0,0,110,100,100,0.0,64.1,0.0,64.8,-0.0,68.5,1,49,50,180,0,0,0,0,0.0,0.0,0.0,0.0,17627894251520.0,65.5,0.0,1779774.75,0.0,645,0,685,0,0,0,712,0,784,0,706,0,688,0,646,0,640,0,619,0.032,36962304.0,-2.004,-0.0,34832,16789,250122.047,1779774.75,31.032,2.956166057196174e+30,-1.3263296350888154e+32,-7.969684249804118e+19,29.0,60.0,70,0.0,0.0,0.0,0.0,0.0,0.0,0.0,0.0,0.0,0.0,0.0,0.0,0.0,0.0,0.0,0.0,59.2,68,12,65509,41,65476,0,300,0,0,8,20529,65476,0,0,61604,60.0,0.0,0.0,0.0,0.0,0.0
2026-04-04T11:57:30,ERR,ERR,ERR,ERR,ERR,ERR,ERR,ERR,ERR,ERR,ERR,ERR,ERR,ERR,ERR,ERR,ERR,ERR,ERR,ERR,ERR,ERR,ERR,ERR,ERR,ERR,ERR,ERR,ERR,ERR,ERR,ERR,ERR,ERR,ERR,ERR,ERR,ERR,ERR,ERR,ERR,ERR,ERR,ERR,ERR,ERR,ERR,ERR,ERR,ERR,ERR,ERR,ERR,ERR,ERR,ERR,ERR,ERR,ERR,ERR,ERR,ERR,ERR,ERR,ERR,ERR,ERR,ERR,ERR,ERR,ERR,ERR,ERR,ERR,ERR,ERR,ERR,ERR,ERR,ERR,ERR,ERR,ERR,ERR,ERR,ERR,ERR,ERR,ERR,ERR,ERR,ERR,ERR,ERR,ERR,ERR,ERR,ERR,ERR,ERR,ERR,ERR,ERR,ERR,ERR,ERR,ERR,ERR,ERR,ERR,ERR,ERR,ERR,ERR,ERR,ERR,ERR,ERR,ERR,ERR,ERR,ERR,ERR,ERR,ERR,-107615240.0,0.0,-117832800.0,0.0,0.0,0.0,0.0,nan,0,0,0,32768,0,0.0,0,0.0,0.0,0.0,0.0,0.0,0,0,0,0,0.0,0,0,0,0,0,0,0,0,0,0,0,0,0,0,0,0,0,0,0,0,0,0,0,0,0,0,0,0,0,0,0,0,0,0,0,0,0,0,0,0,0,0,0,0,0.0,0.0,0.0,0.0,0.0,0.0,0.0,0.0,0.0,0.0,0.0,0.0,0.0,0.0,0.0,0.0,0.0,0.0,0.0,0.0,0.0,0.0,2.004,-0.0,0.0,-2.004,0.0,0.0,0.0,0.0,3340.0,0.0,0.0,-107615240.0,0.0,-107615232.0,-0.0,0.0,0.0,0.0,0.0,0,0.0,-107614248.0,0.0,0.0,0.0,0.0,0.0,0.0,0.0,0,0,0,0.0,0.0,0.0,0.0,0.0,0.0,0.0,0.0,0.0,0.0,0.0,0.0,0.0,0.0,0.0,0.0,0,-107875648.0,0,0.0,0,-107875648.0,0.0,0,26215,17038,52429,17052,13107,17037,0,0,0,110,100,100,0.0,64.1,0.0,64.8,-0.0,68.5,1,49,50,180,0,0,0,0,0.0,0.0,0.0,0.0,17627894251520.0,65.5,0.0,1779774.75,0.0,645,0,685,0,0,0,712,0,784,0,706,0,688,0,646,0,640,0,619,0.032,36962304.0,-2.004,-0.0,34832,16789,250122.047,1779774.75,31.032,2.956166057196174e+30,-1.3263296350888154e+32,-7.969684249804118e+19,29.0,60.0,70,0.0,0.0,0.0,0.0,0.0,0.0,0.0,0.0,0.0,0.0,0.0,0.0,0.0,0.0,0.0,0.0,59.2,68,12,65509,41,65476,0,300,0,0,8,20529,65476,0,0,61604,60.0,0.0,0.0,0.0,0.0,0.0
2026-04-04T11:57:31,ERR,ERR,ERR,ERR,ERR,ERR,ERR,ERR,ERR,ERR,ERR,ERR,ERR,ERR,ERR,ERR,ERR,ERR,ERR,ERR,ERR,ERR,ERR,ERR,ERR,ERR,ERR,ERR,ERR,ERR,ERR,ERR,ERR,ERR,ERR,ERR,ERR,ERR,ERR,ERR,ERR,ERR,ERR,ERR,ERR,ERR,ERR,ERR,ERR,ERR,ERR,ERR,ERR,ERR,ERR,ERR,ERR,ERR,ERR,ERR,ERR,ERR,ERR,ERR,ERR,ERR,ERR,ERR,ERR,ERR,ERR,ERR,ERR,ERR,ERR,ERR,ERR,ERR,ERR,ERR,ERR,ERR,ERR,ERR,ERR,ERR,ERR,ERR,ERR,ERR,ERR,ERR,ERR,ERR,ERR,ERR,ERR,ERR,ERR,ERR,ERR,ERR,ERR,ERR,ERR,ERR,ERR,ERR,ERR,ERR,ERR,ERR,ERR,ERR,ERR,ERR,ERR,ERR,ERR,ERR,ERR,ERR,ERR,ERR,ERR,-107615240.0,0.0,-117832800.0,0.0,0.0,0.0,0.0,nan,0,0,0,32768,0,0.0,0,0.0,0.0,0.0,0.0,0.0,0,0,0,0,0.0,0,0,0,0,0,0,0,0,0,0,0,0,0,0,0,0,0,0,0,0,0,0,0,0,0,0,0,0,0,0,0,0,0,0,0,0,0,0,0,0,0,0,0,0,0.0,0.0,0.0,0.0,0.0,0.0,0.0,0.0,0.0,0.0,0.0,0.0,0.0,0.0,0.0,0.0,0.0,0.0,0.0,0.0,0.0,0.0,2.004,-0.0,0.0,-2.004,0.0,0.0,0.0,0.0,3340.0,-8608104448.0,0.0,-107615240.0,0.0,-107615232.0,-0.0,0.0,0.0,0.0,0.0,0,0.0,-0.0,0.0,0.0,0.0,0.0,0.0,0.0,0.0,0,0,0,0.0,0.0,0.0,0.0,0.0,0.0,0.0,0.0,0.0,0.0,0.0,0.0,0.0,0.0,0.0,0.0,0,-107875648.0,0,0.0,0,-107875648.0,0.0,0,26215,17038,52429,17052,13107,17037,0,0,0,110,100,100,0.0,64.1,0.0,64.8,-0.0,68.5,1,49,50,180,0,0,0,0,0.0,0.0,0.0,0.0,17627894251520.0,65.5,0.0,1779774.75,0.0,645,0,685,0,0,0,712,0,784,0,706,0,688,0,646,0,640,0,619,0.032,36962304.0,-2.004,-0.0,34832,16789,250122.047,1779774.75,31.032,2.956166057196174e+30,-1.3263296350888154e+32,-7.969684249804118e+19,29.0,60.0,70,0.0,0.0,0.0,0.0,0.0,0.0,0.0,0.0,0.0,0.0,0.0,0.0,0.0,0.0,0.0,0.0,59.2,68,12,65509,41,65476,0,300,0,0,8,20529,65476,0,0,61604,60.0,0.0,0.0,0.0,0.0,0.0
2026-04-04T11:57:32,ERR,ERR,ERR,ERR,ERR,ERR,ERR,ERR,ERR,ERR,ERR,ERR,ERR,ERR,ERR,ERR,ERR,ERR,ERR,ERR,ERR,ERR,ERR,ERR,ERR,ERR,ERR,ERR,ERR,ERR,ERR,ERR,ERR,ERR,ERR,ERR,ERR,ERR,ERR,ERR,ERR,ERR,ERR,ERR,ERR,ERR,ERR,ERR,ERR,ERR,ERR,ERR,ERR,ERR,ERR,ERR,ERR,ERR,ERR,ERR,ERR,ERR,ERR,ERR,ERR,ERR,ERR,ERR,ERR,ERR,ERR,ERR,ERR,ERR,ERR,ERR,ERR,ERR,ERR,ERR,ERR,ERR,ERR,ERR,ERR,ERR,ERR,ERR,ERR,ERR,ERR,ERR,ERR,ERR,ERR,ERR,ERR,ERR,ERR,ERR,ERR,ERR,ERR,ERR,ERR,ERR,ERR,ERR,ERR,ERR,ERR,ERR,ERR,ERR,ERR,ERR,ERR,ERR,ERR,ERR,ERR,ERR,ERR,ERR,ERR,-107615240.0,0.0,-117832800.0,0.0,0.0,0.0,0.0,nan,0,0,0,32768,0,0.0,0,0.0,0.0,0.0,0.0,0.0,0,0,0,0,0.0,0,0,0,0,0,0,0,0,0,0,0,0,0,0,0,0,0,0,0,0,0,0,0,0,0,0,0,0,0,0,0,0,0,0,0,0,0,0,0,0,0,0,0,0,0.0,0.0,0.0,0.0,0.0,0.0,0.0,0.0,0.0,0.0,0.0,0.0,0.0,0.0,0.0,0.0,0.0,0.0,0.0,0.0,0.0,0.0,2.004,-0.0,0.0,-2.004,0.0,0.0,0.0,0.0,3340.0,-8608104448.0,0.0,-107615240.0,0.0,-107615232.0,-0.0,0.0,0.0,0.0,0.0,0,0.0,-0.0,0.0,0.0,0.0,0.0,0.0,0.0,0.0,0,0,0,0.0,0.0,0.0,0.0,0.0,0.0,0.0,0.0,0.0,0.0,0.0,0.0,0.0,0.0,0.0,0.0,0,-107875648.0,0,0.0,0,-107875648.0,0.0,0,26215,17038,52429,17052,13107,17037,0,0,0,110,100,100,0.0,64.0,0.0,64.8,-0.0,68.5,1,49,50,180,0,0,0,0,0.0,0.0,0.0,0.0,1.2556742747085603e+19,65.5,0.0,0.002,0.0,645,0,685,0,0,0,712,0,784,0,706,0,688,0,645,0,640,0,619,0.032,36700160.0,-2.004,-0.0,59536,16789,1.2113796689219968e+24,1.0141701958545612e+35,-0.0,-0.0,0.198,11.516,29.0,60.0,70,0.0,0.0,0.0,0.0,0.0,0.0,0.0,0.0,0.0,0.0,0.0,0.0,0.0,0.0,0.0,0.0,59.2,68,12,65509,41,65476,0,300,0,0,8,20529,65476,0,0,61604,60.0,0.0,0.0,0.0,0.0,0.0
2026-04-04T11:57:33,ERR,ERR,ERR,ERR,ERR,ERR,ERR,ERR,ERR,ERR,ERR,ERR,ERR,ERR,ERR,ERR,ERR,ERR,ERR,ERR,ERR,ERR,ERR,ERR,ERR,ERR,ERR,ERR,ERR,ERR,ERR,ERR,ERR,ERR,ERR,ERR,ERR,ERR,ERR,ERR,ERR,ERR,ERR,ERR,ERR,ERR,ERR,ERR,ERR,ERR,ERR,ERR,ERR,ERR,ERR,ERR,ERR,ERR,ERR,ERR,ERR,ERR,ERR,ERR,ERR,ERR,ERR,ERR,ERR,ERR,ERR,ERR,ERR,ERR,ERR,ERR,ERR,ERR,ERR,ERR,ERR,ERR,ERR,ERR,ERR,ERR,ERR,ERR,ERR,ERR,ERR,ERR,ERR,ERR,ERR,ERR,ERR,ERR,ERR,ERR,ERR,ERR,ERR,ERR,ERR,ERR,ERR,ERR,ERR,ERR,ERR,ERR,ERR,ERR,ERR,ERR,ERR,ERR,ERR,ERR,ERR,ERR,ERR,ERR,ERR,-107615240.0,0.0,-117832800.0,0.0,0.0,0.0,0.0,nan,0,0,0,32768,0,0.0,0,0.0,0.0,0.0,0.0,0.0,0,0,0,0,0.0,0,0,0,0,0,0,0,0,0,0,0,0,0,0,0,0,0,0,0,0,0,0,0,0,0,0,0,0,0,0,0,0,0,0,0,0,0,0,0,0,0,0,0,0,0.0,0.0,0.0,0.0,0.0,0.0,0.0,0.0,0.0,0.0,0.0,0.0,0.0,0.0,0.0,0.0,0.0,0.0,0.0,0.0,0.0,0.0,2.004,-0.0,0.0,-2.004,0.0,0.0,0.0,0.0,3340.0,-8608104448.0,0.0,-107615240.0,0.0,-107615232.0,-0.0,0.0,0.0,0.0,0.0,0,0.0,-0.0,0.0,0.0,0.0,0.0,0.0,0.0,0.0,0,0,0,0.0,0.0,0.0,0.0,0.0,0.0,0.0,0.0,0.0,0.0,0.0,0.0,0.0,0.0,0.0,0.0,0,-107875648.0,0,0.0,0,-107875648.0,0.0,0,26215,17038,52429,17052,13107,17037,0,0,0,110,100,100,0.0,64.0,0.0,64.8,-0.0,68.5,1,49,50,180,0,0,0,0,0.0,0.0,0.0,0.0,1.2556742747085603e+19,65.5,0.0,0.002,0.0,645,0,685,0,0,0,712,0,784,0,706,0,688,0,645,0,640,0,619,0.032,36700160.0,-2.004,-0.0,59536,16789,1.2113796689219968e+24,1.0141701958545612e+35,-0.0,-0.0,0.198,11.516,29.0,60.0,70,0.0,0.0,0.0,0.0,0.0,0.0,0.0,0.0,0.0,0.0,0.0,0.0,0.0,0.0,0.0,0.0,59.2,68,12,65509,41,65476,0,300,0,0,8,20529,65476,0,0,61604,60.0,0.0,0.0,0.0,0.0,0.0
2026-04-04T11:57:34,ERR,ERR,ERR,ERR,ERR,ERR,ERR,ERR,ERR,ERR,ERR,ERR,ERR,ERR,ERR,ERR,ERR,ERR,ERR,ERR,ERR,ERR,ERR,ERR,ERR,ERR,ERR,ERR,ERR,ERR,ERR,ERR,ERR,ERR,ERR,ERR,ERR,ERR,ERR,ERR,ERR,ERR,ERR,ERR,ERR,ERR,ERR,ERR,ERR,ERR,ERR,ERR,ERR,ERR,ERR,ERR,ERR,ERR,ERR,ERR,ERR,ERR,ERR,ERR,ERR,ERR,ERR,ERR,ERR,ERR,ERR,ERR,ERR,ERR,ERR,ERR,ERR,ERR,ERR,ERR,ERR,ERR,ERR,ERR,ERR,ERR,ERR,ERR,ERR,ERR,ERR,ERR,ERR,ERR,ERR,ERR,ERR,ERR,ERR,ERR,ERR,ERR,ERR,ERR,ERR,ERR,ERR,ERR,ERR,ERR,ERR,ERR,ERR,ERR,ERR,ERR,ERR,ERR,ERR,ERR,ERR,ERR,ERR,ERR,ERR,-107615240.0,0.0,-117832800.0,0.0,0.0,0.0,0.0,nan,0,0,0,32768,0,0.0,0,0.0,0.0,0.0,0.0,0.0,0,0,0,0,0.0,0,0,0,0,0,0,0,0,0,0,0,0,0,0,0,0,0,0,0,0,0,0,0,0,0,0,0,0,0,0,0,0,0,0,0,0,0,0,0,0,0,0,0,0,0.0,0.0,0.0,0.0,0.0,0.0,0.0,0.0,0.0,0.0,0.0,0.0,0.0,0.0,0.0,0.0,0.0,0.0,0.0,0.0,0.0,0.0,2.004,-0.0,0.0,-2.004,0.0,0.0,0.0,0.0,3340.0,-8608104448.0,0.0,-107615240.0,0.0,-107615232.0,-0.0,0.0,0.0,0.0,0.0,0,0.0,-0.0,0.0,0.0,0.0,0.0,0.0,0.0,0.0,0,0,0,0.0,0.0,0.0,0.0,0.0,0.0,0.0,0.0,0.0,0.0,0.0,0.0,0.0,0.0,0.0,0.0,0,-107875648.0,0,0.0,0,-107875648.0,0.0,0,26215,17038,52429,17052,13107,17037,0,0,0,110,100,100,0.0,64.0,0.0,64.8,-0.0,68.5,1,49,50,180,0,0,0,0,0.0,0.0,0.0,0.0,1.2556742747085603e+19,65.5,0.0,0.002,0.0,645,0,685,0,0,0,712,0,784,0,706,0,688,0,645,0,640,0,619,0.032,36700160.0,-2.004,-0.0,59536,16789,1.2113796689219968e+24,1.0141701958545612e+35,-0.0,-0.0,0.198,11.516,29.0,60.0,70,0.0,0.0,0.0,0.0,0.0,0.0,0.0,0.0,0.0,0.0,0.0,0.0,0.0,0.0,0.0,0.0,59.2,68,12,65509,41,65476,0,300,0,0,8,20529,65476,0,0,61604,60.0,0.0,0.0,0.0,0.0,0.0
2026-04-04T11:57:35,ERR,ERR,ERR,ERR,ERR,ERR,ERR,ERR,ERR,ERR,ERR,ERR,ERR,ERR,ERR,ERR,ERR,ERR,ERR,ERR,ERR,ERR,ERR,ERR,ERR,ERR,ERR,ERR,ERR,ERR,ERR,ERR,ERR,ERR,ERR,ERR,ERR,ERR,ERR,ERR,ERR,ERR,ERR,ERR,ERR,ERR,ERR,ERR,ERR,ERR,ERR,ERR,ERR,ERR,ERR,ERR,ERR,ERR,ERR,ERR,ERR,ERR,ERR,ERR,ERR,ERR,ERR,ERR,ERR,ERR,ERR,ERR,ERR,ERR,ERR,ERR,ERR,ERR,ERR,ERR,ERR,ERR,ERR,ERR,ERR,ERR,ERR,ERR,ERR,ERR,ERR,ERR,ERR,ERR,ERR,ERR,ERR,ERR,ERR,ERR,ERR,ERR,ERR,ERR,ERR,ERR,ERR,ERR,ERR,ERR,ERR,ERR,ERR,ERR,ERR,ERR,ERR,ERR,ERR,ERR,ERR,ERR,ERR,ERR,ERR,-107615240.0,0.0,-117832800.0,0.0,0.0,0.0,0.0,nan,0,0,0,32768,0,0.0,0,0.0,0.0,0.0,0.0,0.0,0,0,0,0,0.0,0,0,0,0,0,0,0,0,0,0,0,0,0,0,0,0,0,0,0,0,0,0,0,0,0,0,0,0,0,0,0,0,0,0,0,0,0,0,0,0,0,0,0,0,0.0,0.0,0.0,0.0,0.0,0.0,0.0,0.0,0.0,0.0,0.0,0.0,0.0,0.0,0.0,0.0,0.0,0.0,0.0,0.0,0.0,0.0,2.004,-0.0,0.0,-2.004,0.0,0.0,0.0,0.0,3340.0,-8608104448.0,0.0,-107615240.0,0.0,-107615232.0,-0.0,0.0,0.0,0.0,0.0,0,0.0,-0.0,0.0,0.0,0.0,0.0,0.0,0.0,0.0,0,0,0,0.0,0.0,0.0,0.0,0.0,0.0,0.0,0.0,0.0,0.0,0.0,0.0,0.0,0.0,0.0,0.0,0,-107875648.0,0,0.0,0,-107875648.0,0.0,0,26215,17038,52429,17052,13107,17037,0,0,0,110,100,100,0.0,64.0,0.0,64.8,-0.0,68.5,1,49,50,180,0,0,0,0,0.0,0.0,0.0,0.0,1.2556742747085603e+19,65.5,0.0,0.002,0.0,645,0,685,0,0,0,712,0,784,0,706,0,688,0,645,0,640,0,619,0.032,36700160.0,-2.004,-0.0,59536,16789,1.2113796689219968e+24,1.0141701958545612e+35,-0.0,-0.0,0.198,11.516,29.0,60.0,70,0.0,0.0,0.0,0.0,0.0,0.0,0.0,0.0,0.0,0.0,0.0,0.0,0.0,0.0,0.0,0.0,59.2,68,12,65509,41,65476,0,300,0,0,8,20529,65476,0,0,61604,60.0,0.0,0.0,0.0,0.0,0.0
2026-04-04T11:57:36,ERR,ERR,ERR,ERR,ERR,ERR,ERR,ERR,ERR,ERR,ERR,ERR,ERR,ERR,ERR,ERR,ERR,ERR,ERR,ERR,ERR,ERR,ERR,ERR,ERR,ERR,ERR,ERR,ERR,ERR,ERR,ERR,ERR,ERR,ERR,ERR,ERR,ERR,ERR,ERR,ERR,ERR,ERR,ERR,ERR,ERR,ERR,ERR,ERR,ERR,ERR,ERR,ERR,ERR,ERR,ERR,ERR,ERR,ERR,ERR,ERR,ERR,ERR,ERR,ERR,ERR,ERR,ERR,ERR,ERR,ERR,ERR,ERR,ERR,ERR,ERR,ERR,ERR,ERR,ERR,ERR,ERR,ERR,ERR,ERR,ERR,ERR,ERR,ERR,ERR,ERR,ERR,ERR,ERR,ERR,ERR,ERR,ERR,ERR,ERR,ERR,ERR,ERR,ERR,ERR,ERR,ERR,ERR,ERR,ERR,ERR,ERR,ERR,ERR,ERR,ERR,ERR,ERR,ERR,ERR,ERR,ERR,ERR,ERR,ERR,-107615240.0,0.0,-117832800.0,0.0,0.0,0.0,0.0,nan,0,0,0,32768,0,0.0,0,0.0,0.0,0.0,0.0,0.0,0,0,0,0,0.0,0,0,0,0,0,0,0,0,0,0,0,0,0,0,0,0,0,0,0,0,0,0,0,0,0,0,0,0,0,0,0,0,0,0,0,0,0,0,0,0,0,0,0,0,0.0,0.0,0.0,0.0,0.0,0.0,0.0,0.0,0.0,0.0,0.0,0.0,0.0,0.0,0.0,0.0,0.0,0.0,0.0,0.0,0.0,0.0,2.004,-0.0,0.0,-2.004,0.0,0.0,0.0,0.0,3340.0,-8608104448.0,0.0,-107615240.0,0.0,-107615232.0,-0.0,0.0,0.0,0.0,0.0,0,0.0,-0.0,0.0,0.0,0.0,0.0,0.0,0.0,0.0,0,0,0,0.0,0.0,0.0,0.0,0.0,0.0,0.0,0.0,0.0,0.0,0.0,0.0,0.0,0.0,0.0,0.0,0,-107875648.0,0,0.0,0,-107875648.0,0.0,0,26215,17038,52429,17052,13107,17037,0,0,0,110,100,100,0.0,64.0,0.0,64.8,-0.0,68.5,1,49,50,180,0,0,0,0,0.0,0.0,0.0,0.0,1.2556742747085603e+19,65.5,0.0,0.002,0.0,645,0,685,0,0,0,712,0,784,0,706,0,688,0,645,0,640,0,619,0.032,36700160.0,-2.004,-0.0,59536,16789,1.2113796689219968e+24,1.0141701958545612e+35,-0.0,-0.0,0.198,11.516,29.0,60.0,70,0.0,0.0,0.0,0.0,0.0,0.0,0.0,0.0,0.0,0.0,0.0,0.0,0.0,0.0,0.0,0.0,59.2,68,12,65509,41,65476,0,300,0,0,8,20529,65476,0,0,61604,60.0,0.0,0.0,0.0,0.0,0.0
2026-04-04T11:57:37,ERR,ERR,ERR,ERR,ERR,ERR,ERR,ERR,ERR,ERR,ERR,ERR,ERR,ERR,ERR,ERR,ERR,ERR,ERR,ERR,ERR,ERR,ERR,ERR,ERR,ERR,ERR,ERR,ERR,ERR,ERR,ERR,ERR,ERR,ERR,ERR,ERR,ERR,ERR,ERR,ERR,ERR,ERR,ERR,ERR,ERR,ERR,ERR,ERR,ERR,ERR,ERR,ERR,ERR,ERR,ERR,ERR,ERR,ERR,ERR,ERR,ERR,ERR,ERR,ERR,ERR,ERR,ERR,ERR,ERR,ERR,ERR,ERR,ERR,ERR,ERR,ERR,ERR,ERR,ERR,ERR,ERR,ERR,ERR,ERR,ERR,ERR,ERR,ERR,ERR,ERR,ERR,ERR,ERR,ERR,ERR,ERR,ERR,ERR,ERR,ERR,ERR,ERR,ERR,ERR,ERR,ERR,ERR,ERR,ERR,ERR,ERR,ERR,ERR,ERR,ERR,ERR,ERR,ERR,ERR,ERR,ERR,ERR,ERR,ERR,-107615240.0,0.0,-117832800.0,0.0,0.0,0.0,0.0,nan,0,0,0,32768,0,0.0,0,0.0,0.0,0.0,0.0,0.0,0,0,0,0,0.0,0,0,0,0,0,0,0,0,0,0,0,0,0,0,0,0,0,0,0,0,0,0,0,0,0,0,0,0,0,0,0,0,0,0,0,0,0,0,0,0,0,0,0,0,0.0,0.0,0.0,0.0,0.0,0.0,0.0,0.0,0.0,0.0,0.0,0.0,0.0,0.0,0.0,0.0,0.0,0.0,0.0,0.0,0.0,0.0,2.004,-0.0,0.0,-2.004,0.0,0.0,0.0,0.0,3340.0,-8608104448.0,0.0,-107615240.0,0.0,-107615232.0,-0.0,0.0,0.0,0.0,0.0,0,0.0,-0.0,0.0,0.0,0.0,0.0,0.0,0.0,0.0,0,0,0,0.0,0.0,0.0,0.0,0.0,0.0,0.0,0.0,0.0,0.0,0.0,0.0,0.0,0.0,0.0,0.0,0,-107875648.0,0,0.0,0,-107875648.0,0.0,0,26215,17038,52429,17052,13107,17037,0,0,0,110,100,100,0.0,64.0,0.0,64.8,-0.0,68.5,1,49,50,180,0,0,0,0,0.0,0.0,0.0,0.0,1.2556742747085603e+19,65.5,0.0,0.002,0.0,645,0,685,0,0,0,712,0,784,0,706,0,688,0,645,0,640,0,619,0.032,36700160.0,-2.004,-0.0,59536,16789,1.2113796689219968e+24,1.0141701958545612e+35,-0.0,-0.0,0.198,11.516,29.0,60.0,70,0.0,0.0,0.0,0.0,0.0,0.0,0.0,0.0,0.0,0.0,0.0,0.0,0.0,0.0,0.0,0.0,59.2,68,12,65509,41,65476,0,300,0,0,8,20529,65476,0,0,61604,60.0,0.0,0.0,0.0,0.0,0.0
2026-04-04T11:57:38,ERR,ERR,ERR,ERR,ERR,ERR,ERR,ERR,ERR,ERR,ERR,ERR,ERR,ERR,ERR,ERR,ERR,ERR,ERR,ERR,ERR,ERR,ERR,ERR,ERR,ERR,ERR,ERR,ERR,ERR,ERR,ERR,ERR,ERR,ERR,ERR,ERR,ERR,ERR,ERR,ERR,ERR,ERR,ERR,ERR,ERR,ERR,ERR,ERR,ERR,ERR,ERR,ERR,ERR,ERR,ERR,ERR,ERR,ERR,ERR,ERR,ERR,ERR,ERR,ERR,ERR,ERR,ERR,ERR,ERR,ERR,ERR,ERR,ERR,ERR,ERR,ERR,ERR,ERR,ERR,ERR,ERR,ERR,ERR,ERR,ERR,ERR,ERR,ERR,ERR,ERR,ERR,ERR,ERR,ERR,ERR,ERR,ERR,ERR,ERR,ERR,ERR,ERR,ERR,ERR,ERR,ERR,ERR,ERR,ERR,ERR,ERR,ERR,ERR,ERR,ERR,ERR,ERR,ERR,ERR,ERR,ERR,ERR,ERR,ERR,-107615240.0,0.0,-117832800.0,0.0,0.0,0.0,0.0,nan,0,0,0,32768,0,0.0,0,0.0,0.0,0.0,0.0,0.0,0,0,0,0,0.0,0,0,0,0,0,0,0,0,0,0,0,0,0,0,0,0,0,0,0,0,0,0,0,0,0,0,0,0,0,0,0,0,0,0,0,0,0,0,0,0,0,0,0,0,0.0,0.0,0.0,0.0,0.0,0.0,0.0,0.0,0.0,0.0,0.0,0.0,0.0,0.0,0.0,0.0,0.0,0.0,0.0,0.0,0.0,0.0,2.004,-0.0,0.0,-2.004,0.0,0.0,0.0,0.0,3358.0,0.0,0.0,-107615240.0,0.0,-107615232.0,-0.0,0.0,0.0,0.0,0.0,0,0.0,-152016156360704.0,0.0,0.0,0.0,0.0,0.0,0.0,0.0,0,0,0,0.0,0.0,0.0,0.0,0.0,0.0,0.0,0.0,0.0,0.0,0.0,0.0,0.0,0.0,0.0,0.0,0,-107875648.0,0,0.0,0,-107875648.0,0.0,0,26215,17038,52429,17052,13107,17037,0,0,0,110,100,100,0.0,64.1,0.0,64.8,-0.0,68.5,1,49,50,180,0,0,0,0,0.0,0.0,0.0,0.0,1.2088952920132604e+35,65.5,0.0,0.0,0.0,645,0,685,0,0,0,712,0,784,0,706,0,688,0,646,0,640,0,619,0.032,36438016.0,-2.004,-0.0,44816,16789,1.0110235229349306e+26,0.0,-0.0,-0.0,0.0,0.0,29.0,60.0,70,0.0,0.0,0.0,0.0,0.0,0.0,0.0,0.0,0.0,0.0,0.0,0.0,0.0,0.0,0.0,0.0,59.2,68,12,65509,41,65476,0,300,0,0,8,20529,65476,0,0,61604,60.0,0.0,0.0,0.0,0.0,0.0
2026-04-04T11:57:39,ERR,ERR,ERR,ERR,ERR,ERR,ERR,ERR,ERR,ERR,ERR,ERR,ERR,ERR,ERR,ERR,ERR,ERR,ERR,ERR,ERR,ERR,ERR,ERR,ERR,ERR,ERR,ERR,ERR,ERR,ERR,ERR,ERR,ERR,ERR,ERR,ERR,ERR,ERR,ERR,ERR,ERR,ERR,ERR,ERR,ERR,ERR,ERR,ERR,ERR,ERR,ERR,ERR,ERR,ERR,ERR,ERR,ERR,ERR,ERR,ERR,ERR,ERR,ERR,ERR,ERR,ERR,ERR,ERR,ERR,ERR,ERR,ERR,ERR,ERR,ERR,ERR,ERR,ERR,ERR,ERR,ERR,ERR,ERR,ERR,ERR,ERR,ERR,ERR,ERR,ERR,ERR,ERR,ERR,ERR,ERR,ERR,ERR,ERR,ERR,ERR,ERR,ERR,ERR,ERR,ERR,ERR,ERR,ERR,ERR,ERR,ERR,ERR,ERR,ERR,ERR,ERR,ERR,ERR,ERR,ERR,ERR,ERR,ERR,ERR,-107615240.0,0.0,-117832800.0,0.0,0.0,0.0,0.0,nan,0,0,0,32768,0,0.0,0,0.0,0.0,0.0,0.0,0.0,0,0,0,0,0.0,0,0,0,0,0,0,0,0,0,0,0,0,0,0,0,0,0,0,0,0,0,0,0,0,0,0,0,0,0,0,0,0,0,0,0,0,0,0,0,0,0,0,0,0,0.0,0.0,0.0,0.0,0.0,0.0,0.0,0.0,0.0,0.0,0.0,0.0,0.0,0.0,0.0,0.0,0.0,0.0,0.0,0.0,0.0,0.0,2.004,-0.0,0.0,-2.004,0.0,0.0,0.0,0.0,3358.0,0.0,0.0,-107615240.0,0.0,-107615232.0,-0.0,0.0,0.0,0.0,0.0,0,0.0,-152016156360704.0,0.0,0.0,0.0,0.0,0.0,0.0,0.0,0,0,0,0.0,0.0,0.0,0.0,0.0,0.0,0.0,0.0,0.0,0.0,0.0,0.0,0.0,0.0,0.0,0.0,0,-107875648.0,0,0.0,0,-107875648.0,0.0,0,26215,17038,52429,17052,13107,17037,0,0,0,110,100,100,0.0,64.1,0.0,64.8,-0.0,68.5,1,49,50,180,0,0,0,0,0.0,0.0,0.0,0.0,1.2088952920132604e+35,65.5,0.0,0.0,0.0,645,0,685,0,0,0,712,0,784,0,706,0,688,0,646,0,640,0,619,0.032,36438016.0,-2.004,-0.0,44816,16789,1.0110235229349306e+26,0.0,-0.0,-0.0,0.0,0.0,29.0,60.0,70,0.0,0.0,0.0,0.0,0.0,0.0,0.0,0.0,0.0,0.0,0.0,0.0,0.0,0.0,0.0,0.0,59.2,68,12,65509,41,65476,0,300,0,0,8,20529,65476,0,0,61604,60.0,0.0,0.0,0.0,0.0,0.0
2026-04-04T11:57:40,ERR,ERR,ERR,ERR,ERR,ERR,ERR,ERR,ERR,ERR,ERR,ERR,ERR,ERR,ERR,ERR,ERR,ERR,ERR,ERR,ERR,ERR,ERR,ERR,ERR,ERR,ERR,ERR,ERR,ERR,ERR,ERR,ERR,ERR,ERR,ERR,ERR,ERR,ERR,ERR,ERR,ERR,ERR,ERR,ERR,ERR,ERR,ERR,ERR,ERR,ERR,ERR,ERR,ERR,ERR,ERR,ERR,ERR,ERR,ERR,ERR,ERR,ERR,ERR,ERR,ERR,ERR,ERR,ERR,ERR,ERR,ERR,ERR,ERR,ERR,ERR,ERR,ERR,ERR,ERR,ERR,ERR,ERR,ERR,ERR,ERR,ERR,ERR,ERR,ERR,ERR,ERR,ERR,ERR,ERR,ERR,ERR,ERR,ERR,ERR,ERR,ERR,ERR,ERR,ERR,ERR,ERR,ERR,ERR,ERR,ERR,ERR,ERR,ERR,ERR,ERR,ERR,ERR,ERR,ERR,ERR,ERR,ERR,ERR,ERR,-107615240.0,0.0,-117832800.0,0.0,0.0,0.0,0.0,nan,0,0,0,32768,0,0.0,0,0.0,0.0,0.0,0.0,0.0,0,0,0,0,0.0,0,0,0,0,0,0,0,0,0,0,0,0,0,0,0,0,0,0,0,0,0,0,0,0,0,0,0,0,0,0,0,0,0,0,0,0,0,0,0,0,0,0,0,0,0.0,0.0,0.0,0.0,0.0,0.0,0.0,0.0,0.0,0.0,0.0,0.0,0.0,0.0,0.0,0.0,0.0,0.0,0.0,0.0,0.0,0.0,2.004,-0.0,0.0,-2.004,0.0,0.0,0.0,0.0,3358.0,0.0,0.0,-107615240.0,0.0,-107615232.0,-0.0,0.0,0.0,0.0,0.0,0,0.0,-152016156360704.0,0.0,0.0,0.0,0.0,0.0,0.0,0.0,0,0,0,0.0,0.0,0.0,0.0,0.0,0.0,0.0,0.0,0.0,0.0,0.0,0.0,0.0,0.0,0.0,0.0,0,-107875648.0,0,0.0,0,-107875648.0,0.0,0,26215,17038,52429,17052,13107,17037,0,0,0,110,100,100,0.0,64.1,0.0,64.8,-0.0,68.5,1,49,50,180,0,0,0,0,0.0,0.0,0.0,0.0,1.2088952920132604e+35,65.5,0.0,0.0,0.0,645,0,685,0,0,0,712,0,784,0,706,0,688,0,646,0,640,0,619,0.032,36438016.0,-2.004,-0.0,44816,16789,1.0110235229349306e+26,0.0,-0.0,-0.0,0.0,0.0,29.0,60.0,70,0.0,0.0,0.0,0.0,0.0,0.0,0.0,0.0,0.0,0.0,0.0,0.0,0.0,0.0,0.0,0.0,59.2,68,12,65509,41,65476,0,300,0,0,8,20529,65476,0,0,61604,60.0,0.0,0.0,0.0,0.0,0.0
2026-04-04T11:57:41,ERR,ERR,ERR,ERR,ERR,ERR,ERR,ERR,ERR,ERR,ERR,ERR,ERR,ERR,ERR,ERR,ERR,ERR,ERR,ERR,ERR,ERR,ERR,ERR,ERR,ERR,ERR,ERR,ERR,ERR,ERR,ERR,ERR,ERR,ERR,ERR,ERR,ERR,ERR,ERR,ERR,ERR,ERR,ERR,ERR,ERR,ERR,ERR,ERR,ERR,ERR,ERR,ERR,ERR,ERR,ERR,ERR,ERR,ERR,ERR,ERR,ERR,ERR,ERR,ERR,ERR,ERR,ERR,ERR,ERR,ERR,ERR,ERR,ERR,ERR,ERR,ERR,ERR,ERR,ERR,ERR,ERR,ERR,ERR,ERR,ERR,ERR,ERR,ERR,ERR,ERR,ERR,ERR,ERR,ERR,ERR,ERR,ERR,ERR,ERR,ERR,ERR,ERR,ERR,ERR,ERR,ERR,ERR,ERR,ERR,ERR,ERR,ERR,ERR,ERR,ERR,ERR,ERR,ERR,ERR,ERR,ERR,ERR,ERR,ERR,-107615240.0,0.0,-117832800.0,0.0,0.0,0.0,0.0,nan,0,0,0,32768,0,0.0,0,0.0,0.0,0.0,0.0,0.0,0,0,0,0,0.0,0,0,0,0,0,0,0,0,0,0,0,0,0,0,0,0,0,0,0,0,0,0,0,0,0,0,0,0,0,0,0,0,0,0,0,0,0,0,0,0,0,0,0,0,0.0,0.0,0.0,0.0,0.0,0.0,0.0,0.0,0.0,0.0,0.0,0.0,0.0,0.0,0.0,0.0,0.0,0.0,0.0,0.0,0.0,0.0,2.004,-0.0,0.0,-2.004,0.0,0.0,0.0,0.0,3358.0,0.0,0.0,-107615240.0,0.0,-107615232.0,-0.0,0.0,0.0,0.0,0.0,0,0.0,-152016156360704.0,0.0,0.0,0.0,0.0,0.0,0.0,0.0,0,0,0,0.0,0.0,0.0,0.0,0.0,0.0,0.0,0.0,0.0,0.0,0.0,0.0,0.0,0.0,0.0,0.0,0,-107875648.0,0,0.0,0,-107875648.0,0.0,0,26215,17038,52429,17052,13107,17037,0,0,0,110,100,100,0.0,64.1,0.0,64.8,-0.0,68.5,1,49,50,180,0,0,0,0,0.0,0.0,0.0,0.0,1.2088952920132604e+35,65.5,0.0,0.0,0.0,645,0,685,0,0,0,712,0,784,0,706,0,688,0,646,0,640,0,619,0.032,36438016.0,-2.004,-0.0,44816,16789,1.0110235229349306e+26,0.0,-0.0,-0.0,0.0,0.0,29.0,60.0,70,0.0,0.0,0.0,0.0,0.0,0.0,0.0,0.0,0.0,0.0,0.0,0.0,0.0,0.0,0.0,0.0,59.2,68,12,65509,41,65476,0,300,0,0,8,20529,65476,0,0,61604,60.0,0.0,0.0,0.0,0.0,0.0
2026-04-04T11:57:42,ERR,ERR,ERR,ERR,ERR,ERR,ERR,ERR,ERR,ERR,ERR,ERR,ERR,ERR,ERR,ERR,ERR,ERR,ERR,ERR,ERR,ERR,ERR,ERR,ERR,ERR,ERR,ERR,ERR,ERR,ERR,ERR,ERR,ERR,ERR,ERR,ERR,ERR,ERR,ERR,ERR,ERR,ERR,ERR,ERR,ERR,ERR,ERR,ERR,ERR,ERR,ERR,ERR,ERR,ERR,ERR,ERR,ERR,ERR,ERR,ERR,ERR,ERR,ERR,ERR,ERR,ERR,ERR,ERR,ERR,ERR,ERR,ERR,ERR,ERR,ERR,ERR,ERR,ERR,ERR,ERR,ERR,ERR,ERR,ERR,ERR,ERR,ERR,ERR,ERR,ERR,ERR,ERR,ERR,ERR,ERR,ERR,ERR,ERR,ERR,ERR,ERR,ERR,ERR,ERR,ERR,ERR,ERR,ERR,ERR,ERR,ERR,ERR,ERR,ERR,ERR,ERR,ERR,ERR,ERR,ERR,ERR,ERR,ERR,ERR,-107615240.0,0.0,-117832800.0,0.0,0.0,0.0,0.0,nan,0,0,0,32768,0,0.0,0,0.0,0.0,0.0,0.0,0.0,0,0,0,0,0.0,0,0,0,0,0,0,0,0,0,0,0,0,0,0,0,0,0,0,0,0,0,0,0,0,0,0,0,0,0,0,0,0,0,0,0,0,0,0,0,0,0,0,0,0,0.0,0.0,0.0,0.0,0.0,0.0,0.0,0.0,0.0,0.0,0.0,0.0,0.0,0.0,0.0,0.0,0.0,0.0,0.0,0.0,0.0,0.0,2.004,-0.0,0.0,-2.004,0.0,0.0,0.0,0.0,3358.0,0.0,0.0,-107615240.0,0.0,-107615232.0,-0.0,0.0,0.0,0.0,0.0,0,0.0,-152016156360704.0,0.0,0.0,0.0,0.0,0.0,0.0,0.0,0,0,0,0.0,0.0,0.0,0.0,0.0,0.0,0.0,0.0,0.0,0.0,0.0,0.0,0.0,0.0,0.0,0.0,0,-107875648.0,0,0.0,0,-107875648.0,0.0,0,26215,17038,52429,17052,13107,17037,0,0,0,110,100,100,0.0,64.1,0.0,64.8,-0.0,68.5,1,49,50,180,0,0,0,0,0.0,0.0,0.0,0.0,1.2088952920132604e+35,65.5,0.0,0.0,0.0,645,0,685,0,0,0,712,0,784,0,706,0,688,0,646,0,640,0,619,0.032,36438016.0,-2.004,-0.0,44816,16789,1.0110235229349306e+26,0.0,-0.0,-0.0,0.0,0.0,29.0,60.0,70,0.0,0.0,0.0,0.0,0.0,0.0,0.0,0.0,0.0,0.0,0.0,0.0,0.0,0.0,0.0,0.0,59.2,68,12,65509,41,65476,0,300,0,0,8,20529,65476,0,0,61604,60.0,0.0,0.0,0.0,0.0,0.0
2026-04-04T11:57:43,ERR,ERR,ERR,ERR,ERR,ERR,ERR,ERR,ERR,ERR,ERR,ERR,ERR,ERR,ERR,ERR,ERR,ERR,ERR,ERR,ERR,ERR,ERR,ERR,ERR,ERR,ERR,ERR,ERR,ERR,ERR,ERR,ERR,ERR,ERR,ERR,ERR,ERR,ERR,ERR,ERR,ERR,ERR,ERR,ERR,ERR,ERR,ERR,ERR,ERR,ERR,ERR,ERR,ERR,ERR,ERR,ERR,ERR,ERR,ERR,ERR,ERR,ERR,ERR,ERR,ERR,ERR,ERR,ERR,ERR,ERR,ERR,ERR,ERR,ERR,ERR,ERR,ERR,ERR,ERR,ERR,ERR,ERR,ERR,ERR,ERR,ERR,ERR,ERR,ERR,ERR,ERR,ERR,ERR,ERR,ERR,ERR,ERR,ERR,ERR,ERR,ERR,ERR,ERR,ERR,ERR,ERR,ERR,ERR,ERR,ERR,ERR,ERR,ERR,ERR,ERR,ERR,ERR,ERR,ERR,ERR,ERR,ERR,ERR,ERR,-107615240.0,0.0,-117832800.0,0.0,0.0,0.0,0.0,nan,0,0,0,32768,0,0.0,0,0.0,0.0,0.0,0.0,0.0,0,0,0,0,0.0,0,0,0,0,0,0,0,0,0,0,0,0,0,0,0,0,0,0,0,0,0,0,0,0,0,0,0,0,0,0,0,0,0,0,0,0,0,0,0,0,0,0,0,0,0.0,0.0,0.0,0.0,0.0,0.0,0.0,0.0,0.0,0.0,0.0,0.0,0.0,0.0,0.0,0.0,0.0,0.0,0.0,0.0,0.0,0.0,2.004,-0.0,0.0,-2.004,0.0,0.0,0.0,0.0,3358.0,0.0,0.0,-107615240.0,0.0,-107615232.0,-0.0,0.0,0.0,0.0,0.0,0,0.0,-152016156360704.0,0.0,0.0,0.0,0.0,0.0,0.0,0.0,0,0,0,0.0,0.0,0.0,0.0,0.0,0.0,0.0,0.0,0.0,0.0,0.0,0.0,0.0,0.0,0.0,0.0,0,-107875648.0,0,0.0,0,-107875648.0,0.0,0,26215,17038,52429,17052,13107,17037,0,0,0,110,100,100,0.0,64.1,0.0,64.8,-0.0,68.5,1,49,50,180,0,0,0,0,0.0,0.0,0.0,0.0,1.2088952920132604e+35,65.5,0.0,0.0,0.0,645,0,685,0,0,0,712,0,784,0,706,0,688,0,646,0,640,0,619,0.032,36438016.0,-2.004,-0.0,44816,16789,1.0110235229349306e+26,0.0,-0.0,-0.0,0.0,0.0,29.0,60.0,70,0.0,0.0,0.0,0.0,0.0,0.0,0.0,0.0,0.0,0.0,0.0,0.0,0.0,0.0,0.0,0.0,59.2,68,12,65509,41,65476,0,300,0,0,8,20529,65476,0,0,61604,60.0,0.0,0.0,0.0,0.0,0.0
2026-04-04T11:57:44,ERR,ERR,ERR,ERR,ERR,ERR,ERR,ERR,ERR,ERR,ERR,ERR,ERR,ERR,ERR,ERR,ERR,ERR,ERR,ERR,ERR,ERR,ERR,ERR,ERR,ERR,ERR,ERR,ERR,ERR,ERR,ERR,ERR,ERR,ERR,ERR,ERR,ERR,ERR,ERR,ERR,ERR,ERR,ERR,ERR,ERR,ERR,ERR,ERR,ERR,ERR,ERR,ERR,ERR,ERR,ERR,ERR,ERR,ERR,ERR,ERR,ERR,ERR,ERR,ERR,ERR,ERR,ERR,ERR,ERR,ERR,ERR,ERR,ERR,ERR,ERR,ERR,ERR,ERR,ERR,ERR,ERR,ERR,ERR,ERR,ERR,ERR,ERR,ERR,ERR,ERR,ERR,ERR,ERR,ERR,ERR,ERR,ERR,ERR,ERR,ERR,ERR,ERR,ERR,ERR,ERR,ERR,ERR,ERR,ERR,ERR,ERR,ERR,ERR,ERR,ERR,ERR,ERR,ERR,ERR,ERR,ERR,ERR,ERR,ERR,-107615240.0,0.0,-117832800.0,0.0,0.0,0.0,0.0,nan,0,0,0,32768,0,0.0,0,0.0,0.0,0.0,0.0,0.0,0,0,0,0,0.0,0,0,0,0,0,0,0,0,0,0,0,0,0,0,0,0,0,0,0,0,0,0,0,0,0,0,0,0,0,0,0,0,0,0,0,0,0,0,0,0,0,0,0,0,0.0,0.0,0.0,0.0,0.0,0.0,0.0,0.0,0.0,0.0,0.0,0.0,0.0,0.0,0.0,0.0,0.0,0.0,0.0,0.0,0.0,0.0,2.004,-0.0,0.0,-2.004,0.0,0.0,0.0,0.0,3358.0,0.0,0.0,-107615240.0,0.0,-107615232.0,-0.0,0.0,0.0,0.0,0.0,0,0.0,-152016156360704.0,0.0,0.0,0.0,0.0,0.0,0.0,0.0,0,0,0,0.0,0.0,0.0,0.0,0.0,0.0,0.0,0.0,0.0,0.0,0.0,0.0,0.0,0.0,0.0,0.0,0,-107875648.0,0,0.0,0,-107875648.0,0.0,0,26215,17038,52429,17052,13107,17037,0,0,0,110,100,100,0.0,64.1,0.0,64.8,-0.0,68.5,1,49,50,180,0,0,0,0,0.0,0.0,0.0,0.0,1047877732270080.0,65.5,0.0,-0.0,0.0,645,0,685,0,0,0,712,0,784,0,706,0,688,0,646,0,640,0,619,0.032,36962304.0,-2.004,-0.0,28816,16789,5906753.5,8.725304837264083e+30,5.701252079745038e+20,-6.809392498853963e+19,0.0,-1.6745363361997356e+36,29.0,60.0,70,0.0,0.0,0.0,0.0,0.0,0.0,0.0,0.0,0.0,0.0,0.0,0.0,0.0,0.0,0.0,0.0,59.6,68,12,65509,41,65476,0,300,0,0,8,20529,65476,0,0,61604,60.0,0.0,0.0,0.0,0.0,0.0
2026-04-04T11:57:45,ERR,ERR,ERR,ERR,ERR,ERR,ERR,ERR,ERR,ERR,ERR,ERR,ERR,ERR,ERR,ERR,ERR,ERR,ERR,ERR,ERR,ERR,ERR,ERR,ERR,ERR,ERR,ERR,ERR,ERR,ERR,ERR,ERR,ERR,ERR,ERR,ERR,ERR,ERR,ERR,ERR,ERR,ERR,ERR,ERR,ERR,ERR,ERR,ERR,ERR,ERR,ERR,ERR,ERR,ERR,ERR,ERR,ERR,ERR,ERR,ERR,ERR,ERR,ERR,ERR,ERR,ERR,ERR,ERR,ERR,ERR,ERR,ERR,ERR,ERR,ERR,ERR,ERR,ERR,ERR,ERR,ERR,ERR,ERR,ERR,ERR,ERR,ERR,ERR,ERR,ERR,ERR,ERR,ERR,ERR,ERR,ERR,ERR,ERR,ERR,ERR,ERR,ERR,ERR,ERR,ERR,ERR,ERR,ERR,ERR,ERR,ERR,ERR,ERR,ERR,ERR,ERR,ERR,ERR,ERR,ERR,ERR,ERR,ERR,ERR,-107615240.0,0.0,-117832800.0,0.0,0.0,0.0,0.0,nan,0,0,0,32768,0,0.0,0,0.0,0.0,0.0,0.0,0.0,0,0,0,0,0.0,0,0,0,0,0,0,0,0,0,0,0,0,0,0,0,0,0,0,0,0,0,0,0,0,0,0,0,0,0,0,0,0,0,0,0,0,0,0,0,0,0,0,0,0,0.0,0.0,0.0,0.0,0.0,0.0,0.0,0.0,0.0,0.0,0.0,0.0,0.0,0.0,0.0,0.0,0.0,0.0,0.0,0.0,0.0,0.0,2.004,-0.0,0.0,-2.004,0.0,0.0,0.0,0.0,3358.0,0.0,0.0,-107615240.0,0.0,-107615232.0,-0.0,0.0,0.0,0.0,0.0,0,0.0,-152016156360704.0,0.0,0.0,0.0,0.0,0.0,0.0,0.0,0,0,0,0.0,0.0,0.0,0.0,0.0,0.0,0.0,0.0,0.0,0.0,0.0,0.0,0.0,0.0,0.0,0.0,0,-107875648.0,0,0.0,0,-107875648.0,0.0,0,26215,17038,52429,17052,13107,17037,0,0,0,110,100,100,0.0,64.1,0.0,64.8,-0.0,68.5,1,49,50,180,0,0,0,0,0.0,0.0,0.0,0.0,1047877732270080.0,65.5,0.0,-0.0,0.0,645,0,685,0,0,0,712,0,784,0,706,0,688,0,646,0,640,0,619,0.032,36962304.0,-2.004,-0.0,28816,16789,5906753.5,8.725304837264083e+30,5.701252079745038e+20,-6.809392498853963e+19,0.0,-1.6745363361997356e+36,29.0,60.0,70,0.0,0.0,0.0,0.0,0.0,0.0,0.0,0.0,0.0,0.0,0.0,0.0,0.0,0.0,0.0,0.0,59.6,68,12,65509,41,65476,0,300,0,0,8,20529,65476,0,0,61604,60.0,0.0,0.0,0.0,0.0,0.0
2026-04-04T11:57:46,ERR,ERR,ERR,ERR,ERR,ERR,ERR,ERR,ERR,ERR,ERR,ERR,ERR,ERR,ERR,ERR,ERR,ERR,ERR,ERR,ERR,ERR,ERR,ERR,ERR,ERR,ERR,ERR,ERR,ERR,ERR,ERR,ERR,ERR,ERR,ERR,ERR,ERR,ERR,ERR,ERR,ERR,ERR,ERR,ERR,ERR,ERR,ERR,ERR,ERR,ERR,ERR,ERR,ERR,ERR,ERR,ERR,ERR,ERR,ERR,ERR,ERR,ERR,ERR,ERR,ERR,ERR,ERR,ERR,ERR,ERR,ERR,ERR,ERR,ERR,ERR,ERR,ERR,ERR,ERR,ERR,ERR,ERR,ERR,ERR,ERR,ERR,ERR,ERR,ERR,ERR,ERR,ERR,ERR,ERR,ERR,ERR,ERR,ERR,ERR,ERR,ERR,ERR,ERR,ERR,ERR,ERR,ERR,ERR,ERR,ERR,ERR,ERR,ERR,ERR,ERR,ERR,ERR,ERR,ERR,ERR,ERR,ERR,ERR,ERR,-107615240.0,0.0,-117832800.0,0.0,0.0,0.0,0.0,nan,0,0,0,32768,0,0.0,0,0.0,0.0,0.0,0.0,0.0,0,0,0,0,0.0,0,0,0,0,0,0,0,0,0,0,0,0,0,0,0,0,0,0,0,0,0,0,0,0,0,0,0,0,0,0,0,0,0,0,0,0,0,0,0,0,0,0,0,0,0.0,0.0,0.0,0.0,0.0,0.0,0.0,0.0,0.0,0.0,0.0,0.0,0.0,0.0,0.0,0.0,0.0,0.0,0.0,0.0,0.0,0.0,2.004,-0.0,0.0,-2.004,0.0,0.0,0.0,0.0,3357.0,0.0,0.0,-107615240.0,0.0,-107615232.0,-0.0,0.0,0.0,0.0,0.0,0,0.0,-0.0,0.0,0.0,0.0,0.0,0.0,0.0,0.0,0,0,0,0.0,0.0,0.0,0.0,0.0,0.0,0.0,0.0,0.0,0.0,0.0,0.0,0.0,0.0,0.0,0.0,0,-107875648.0,0,0.0,0,-107875648.0,0.0,0,26215,17038,52429,17052,13107,17037,0,0,0,110,100,100,0.0,64.1,0.0,64.8,-0.0,68.5,1,49,50,180,0,0,0,0,0.0,0.0,0.0,0.0,1047877732270080.0,65.5,0.0,-0.0,0.0,645,0,685,0,0,0,712,0,784,0,706,0,688,0,646,0,640,0,619,0.032,36962304.0,-2.004,-0.0,28816,16789,5906753.5,8.725304837264083e+30,5.701252079745038e+20,-6.809392498853963e+19,0.0,-1.6745363361997356e+36,29.0,60.0,70,0.0,0.0,0.0,0.0,0.0,0.0,0.0,0.0,0.0,0.0,0.0,0.0,0.0,0.0,0.0,0.0,59.2,68,12,65509,41,65476,0,300,0,0,8,20529,65476,0,0,61604,60.0,0.0,0.0,0.0,0.0,0.0
2026-04-04T11:57:47,ERR,ERR,ERR,ERR,ERR,ERR,ERR,ERR,ERR,ERR,ERR,ERR,ERR,ERR,ERR,ERR,ERR,ERR,ERR,ERR,ERR,ERR,ERR,ERR,ERR,ERR,ERR,ERR,ERR,ERR,ERR,ERR,ERR,ERR,ERR,ERR,ERR,ERR,ERR,ERR,ERR,ERR,ERR,ERR,ERR,ERR,ERR,ERR,ERR,ERR,ERR,ERR,ERR,ERR,ERR,ERR,ERR,ERR,ERR,ERR,ERR,ERR,ERR,ERR,ERR,ERR,ERR,ERR,ERR,ERR,ERR,ERR,ERR,ERR,ERR,ERR,ERR,ERR,ERR,ERR,ERR,ERR,ERR,ERR,ERR,ERR,ERR,ERR,ERR,ERR,ERR,ERR,ERR,ERR,ERR,ERR,ERR,ERR,ERR,ERR,ERR,ERR,ERR,ERR,ERR,ERR,ERR,ERR,ERR,ERR,ERR,ERR,ERR,ERR,ERR,ERR,ERR,ERR,ERR,ERR,ERR,ERR,ERR,ERR,ERR,-107615240.0,0.0,-117832800.0,0.0,0.0,0.0,0.0,nan,0,0,0,32768,0,0.0,0,0.0,0.0,0.0,0.0,0.0,0,0,0,0,0.0,0,0,0,0,0,0,0,0,0,0,0,0,0,0,0,0,0,0,0,0,0,0,0,0,0,0,0,0,0,0,0,0,0,0,0,0,0,0,0,0,0,0,0,0,0.0,0.0,0.0,0.0,0.0,0.0,0.0,0.0,0.0,0.0,0.0,0.0,0.0,0.0,0.0,0.0,0.0,0.0,0.0,0.0,0.0,0.0,2.004,-0.0,0.0,-2.004,0.0,0.0,0.0,0.0,3357.0,0.0,0.0,-107615240.0,0.0,-107615232.0,-0.0,0.0,0.0,0.0,0.0,0,0.0,-0.0,0.0,0.0,0.0,0.0,0.0,0.0,0.0,0,0,0,0.0,0.0,0.0,0.0,0.0,0.0,0.0,0.0,0.0,0.0,0.0,0.0,0.0,0.0,0.0,0.0,0,-107875648.0,0,0.0,0,-107875648.0,0.0,0,26215,17038,52429,17052,13107,17037,0,0,0,110,100,100,0.0,64.1,0.0,64.8,-0.0,68.5,1,49,50,180,0,0,0,0,0.0,0.0,0.0,0.0,1047877732270080.0,65.5,0.0,-0.0,0.0,645,0,685,0,0,0,712,0,784,0,706,0,688,0,646,0,640,0,619,0.032,36962304.0,-2.004,-0.0,28816,16789,5906753.5,8.725304837264083e+30,5.701252079745038e+20,-6.809392498853963e+19,0.0,-1.6745363361997356e+36,29.0,60.0,70,0.0,0.0,0.0,0.0,0.0,0.0,0.0,0.0,0.0,0.0,0.0,0.0,0.0,0.0,0.0,0.0,59.2,68,12,65509,41,65476,0,300,0,0,8,20529,65476,0,0,61604,60.0,0.0,0.0,0.0,0.0,0.0
2026-04-04T11:57:48,ERR,ERR,ERR,ERR,ERR,ERR,ERR,ERR,ERR,ERR,ERR,ERR,ERR,ERR,ERR,ERR,ERR,ERR,ERR,ERR,ERR,ERR,ERR,ERR,ERR,ERR,ERR,ERR,ERR,ERR,ERR,ERR,ERR,ERR,ERR,ERR,ERR,ERR,ERR,ERR,ERR,ERR,ERR,ERR,ERR,ERR,ERR,ERR,ERR,ERR,ERR,ERR,ERR,ERR,ERR,ERR,ERR,ERR,ERR,ERR,ERR,ERR,ERR,ERR,ERR,ERR,ERR,ERR,ERR,ERR,ERR,ERR,ERR,ERR,ERR,ERR,ERR,ERR,ERR,ERR,ERR,ERR,ERR,ERR,ERR,ERR,ERR,ERR,ERR,ERR,ERR,ERR,ERR,ERR,ERR,ERR,ERR,ERR,ERR,ERR,ERR,ERR,ERR,ERR,ERR,ERR,ERR,ERR,ERR,ERR,ERR,ERR,ERR,ERR,ERR,ERR,ERR,ERR,ERR,ERR,ERR,ERR,ERR,ERR,ERR,-107615240.0,0.0,-117832800.0,0.0,0.0,0.0,0.0,nan,0,0,0,32768,0,0.0,0,0.0,0.0,0.0,0.0,0.0,0,0,0,0,0.0,0,0,0,0,0,0,0,0,0,0,0,0,0,0,0,0,0,0,0,0,0,0,0,0,0,0,0,0,0,0,0,0,0,0,0,0,0,0,0,0,0,0,0,0,0.0,0.0,0.0,0.0,0.0,0.0,0.0,0.0,0.0,0.0,0.0,0.0,0.0,0.0,0.0,0.0,0.0,0.0,0.0,0.0,0.0,0.0,2.004,-0.0,0.0,-2.004,0.0,0.0,0.0,0.0,3357.0,0.0,0.0,-107615240.0,0.0,-107615232.0,-0.0,0.0,0.0,0.0,0.0,0,0.0,-0.0,0.0,0.0,0.0,0.0,0.0,0.0,0.0,0,0,0,0.0,0.0,0.0,0.0,0.0,0.0,0.0,0.0,0.0,0.0,0.0,0.0,0.0,0.0,0.0,0.0,0,-107875648.0,0,0.0,0,-107875648.0,0.0,0,26215,17038,52429,17052,13107,17037,0,0,0,110,100,100,0.0,64.1,0.0,64.8,-0.0,68.5,1,49,50,180,0,0,0,0,0.0,0.0,0.0,0.0,1047877732270080.0,65.5,0.0,-0.0,0.0,645,0,685,0,0,0,712,0,784,0,706,0,688,0,646,0,640,0,619,0.032,36962304.0,-2.004,-0.0,28816,16789,5906753.5,8.725304837264083e+30,5.701252079745038e+20,-6.809392498853963e+19,0.0,-1.6745363361997356e+36,29.0,60.0,70,0.0,0.0,0.0,0.0,0.0,0.0,0.0,0.0,0.0,0.0,0.0,0.0,0.0,0.0,0.0,0.0,59.2,68,12,65509,41,65476,0,300,0,0,8,20529,65476,0,0,61604,60.0,0.0,0.0,0.0,0.0,0.0
2026-04-04T11:57:49,ERR,ERR,ERR,ERR,ERR,ERR,ERR,ERR,ERR,ERR,ERR,ERR,ERR,ERR,ERR,ERR,ERR,ERR,ERR,ERR,ERR,ERR,ERR,ERR,ERR,ERR,ERR,ERR,ERR,ERR,ERR,ERR,ERR,ERR,ERR,ERR,ERR,ERR,ERR,ERR,ERR,ERR,ERR,ERR,ERR,ERR,ERR,ERR,ERR,ERR,ERR,ERR,ERR,ERR,ERR,ERR,ERR,ERR,ERR,ERR,ERR,ERR,ERR,ERR,ERR,ERR,ERR,ERR,ERR,ERR,ERR,ERR,ERR,ERR,ERR,ERR,ERR,ERR,ERR,ERR,ERR,ERR,ERR,ERR,ERR,ERR,ERR,ERR,ERR,ERR,ERR,ERR,ERR,ERR,ERR,ERR,ERR,ERR,ERR,ERR,ERR,ERR,ERR,ERR,ERR,ERR,ERR,ERR,ERR,ERR,ERR,ERR,ERR,ERR,ERR,ERR,ERR,ERR,ERR,ERR,ERR,ERR,ERR,ERR,ERR,-107615240.0,0.0,-117832800.0,0.0,0.0,0.0,0.0,nan,0,0,0,32768,0,0.0,0,0.0,0.0,0.0,0.0,0.0,0,0,0,0,0.0,0,0,0,0,0,0,0,0,0,0,0,0,0,0,0,0,0,0,0,0,0,0,0,0,0,0,0,0,0,0,0,0,0,0,0,0,0,0,0,0,0,0,0,0,0.0,0.0,0.0,0.0,0.0,0.0,0.0,0.0,0.0,0.0,0.0,0.0,0.0,0.0,0.0,0.0,0.0,0.0,0.0,0.0,0.0,0.0,2.004,-0.0,0.0,-2.004,0.0,0.0,0.0,0.0,3357.0,0.0,0.0,-107615240.0,0.0,-107615232.0,-0.0,0.0,0.0,0.0,0.0,0,0.0,-0.0,0.0,0.0,0.0,0.0,0.0,0.0,0.0,0,0,0,0.0,0.0,0.0,0.0,0.0,0.0,0.0,0.0,0.0,0.0,0.0,0.0,0.0,0.0,0.0,0.0,0,-107875648.0,0,0.0,0,-107875648.0,0.0,0,26215,17038,52429,17052,13107,17037,0,0,0,110,100,100,0.0,64.1,0.0,64.8,-0.0,68.5,1,49,50,180,0,0,0,0,0.0,0.0,0.0,0.0,1047877732270080.0,65.5,0.0,-0.0,0.0,645,0,685,0,0,0,712,0,784,0,706,0,688,0,646,0,640,0,619,0.032,36962304.0,-2.004,-0.0,28816,16789,5906753.5,8.725304837264083e+30,5.701252079745038e+20,-6.809392498853963e+19,0.0,-1.6745363361997356e+36,29.0,60.0,70,0.0,0.0,0.0,0.0,0.0,0.0,0.0,0.0,0.0,0.0,0.0,0.0,0.0,0.0,0.0,0.0,59.2,68,12,65509,41,65476,0,300,0,0,8,20529,65476,0,0,61604,60.0,0.0,0.0,0.0,0.0,0.0
2026-04-04T11:57:50,ERR,ERR,ERR,ERR,ERR,ERR,ERR,ERR,ERR,ERR,ERR,ERR,ERR,ERR,ERR,ERR,ERR,ERR,ERR,ERR,ERR,ERR,ERR,ERR,ERR,ERR,ERR,ERR,ERR,ERR,ERR,ERR,ERR,ERR,ERR,ERR,ERR,ERR,ERR,ERR,ERR,ERR,ERR,ERR,ERR,ERR,ERR,ERR,ERR,ERR,ERR,ERR,ERR,ERR,ERR,ERR,ERR,ERR,ERR,ERR,ERR,ERR,ERR,ERR,ERR,ERR,ERR,ERR,ERR,ERR,ERR,ERR,ERR,ERR,ERR,ERR,ERR,ERR,ERR,ERR,ERR,ERR,ERR,ERR,ERR,ERR,ERR,ERR,ERR,ERR,ERR,ERR,ERR,ERR,ERR,ERR,ERR,ERR,ERR,ERR,ERR,ERR,ERR,ERR,ERR,ERR,ERR,ERR,ERR,ERR,ERR,ERR,ERR,ERR,ERR,ERR,ERR,ERR,ERR,ERR,ERR,ERR,ERR,ERR,ERR,-107615240.0,0.0,-117832800.0,0.0,0.0,0.0,0.0,nan,0,0,0,32768,0,0.0,0,0.0,0.0,0.0,0.0,0.0,0,0,0,0,0.0,0,0,0,0,0,0,0,0,0,0,0,0,0,0,0,0,0,0,0,0,0,0,0,0,0,0,0,0,0,0,0,0,0,0,0,0,0,0,0,0,0,0,0,0,0.0,0.0,0.0,0.0,0.0,0.0,0.0,0.0,0.0,0.0,0.0,0.0,0.0,0.0,0.0,0.0,0.0,0.0,0.0,0.0,0.0,0.0,2.004,-0.0,0.0,-2.004,0.0,0.0,0.0,0.0,3357.0,0.0,0.0,-107615240.0,0.0,-107615232.0,-0.0,0.0,0.0,0.0,0.0,0,0.0,-0.0,0.0,0.0,0.0,0.0,0.0,0.0,0.0,0,0,0,0.0,0.0,0.0,0.0,0.0,0.0,0.0,0.0,0.0,0.0,0.0,0.0,0.0,0.0,0.0,0.0,0,-107875648.0,0,0.0,0,-107875648.0,0.0,0,26215,17038,52429,17052,13107,17037,0,0,0,110,100,100,0.0,64.1,0.0,64.8,-0.0,68.5,1,49,50,180,0,0,0,0,0.0,0.0,0.0,0.0,792791034626048.0,65.5,0.0,4.617627251498308e+20,0.0,645,0,685,0,0,0,712,0,784,0,706,0,688,0,646,0,640,0,619,0.032,36438016.0,-2.004,-0.0,33040,16789,2.562724934467977e+18,3.0669125026925217e+21,-0.0,-4051.973,0.0,0.0,29.0,60.0,70,0.0,0.0,0.0,0.0,0.0,0.0,0.0,0.0,0.0,0.0,0.0,0.0,0.0,0.0,0.0,0.0,59.2,68,12,65509,41,65476,0,300,0,0,8,20529,65476,0,0,61604,60.0,0.0,0.0,0.0,0.0,0.0
2026-04-04T11:57:51,ERR,ERR,ERR,ERR,ERR,ERR,ERR,ERR,ERR,ERR,ERR,ERR,ERR,ERR,ERR,ERR,ERR,ERR,ERR,ERR,ERR,ERR,ERR,ERR,ERR,ERR,ERR,ERR,ERR,ERR,ERR,ERR,ERR,ERR,ERR,ERR,ERR,ERR,ERR,ERR,ERR,ERR,ERR,ERR,ERR,ERR,ERR,ERR,ERR,ERR,ERR,ERR,ERR,ERR,ERR,ERR,ERR,ERR,ERR,ERR,ERR,ERR,ERR,ERR,ERR,ERR,ERR,ERR,ERR,ERR,ERR,ERR,ERR,ERR,ERR,ERR,ERR,ERR,ERR,ERR,ERR,ERR,ERR,ERR,ERR,ERR,ERR,ERR,ERR,ERR,ERR,ERR,ERR,ERR,ERR,ERR,ERR,ERR,ERR,ERR,ERR,ERR,ERR,ERR,ERR,ERR,ERR,ERR,ERR,ERR,ERR,ERR,ERR,ERR,ERR,ERR,ERR,ERR,ERR,ERR,ERR,ERR,ERR,ERR,ERR,-107615240.0,0.0,-117832800.0,0.0,0.0,0.0,0.0,nan,0,0,0,32768,0,0.0,0,0.0,0.0,0.0,0.0,0.0,0,0,0,0,0.0,0,0,0,0,0,0,0,0,0,0,0,0,0,0,0,0,0,0,0,0,0,0,0,0,0,0,0,0,0,0,0,0,0,0,0,0,0,0,0,0,0,0,0,0,0.0,0.0,0.0,0.0,0.0,0.0,0.0,0.0,0.0,0.0,0.0,0.0,0.0,0.0,0.0,0.0,0.0,0.0,0.0,0.0,0.0,0.0,2.004,-0.0,0.0,-2.004,0.0,0.0,0.0,0.0,3357.0,0.0,0.0,-107615240.0,0.0,-107615232.0,-0.0,0.0,0.0,0.0,0.0,0,0.0,-0.0,0.0,0.0,0.0,0.0,0.0,0.0,0.0,0,0,0,0.0,0.0,0.0,0.0,0.0,0.0,0.0,0.0,0.0,0.0,0.0,0.0,0.0,0.0,0.0,0.0,0,-107875648.0,0,0.0,0,-107875648.0,0.0,0,26215,17038,52429,17052,13107,17037,0,0,0,110,100,100,0.0,64.1,0.0,64.8,-0.0,68.5,1,49,50,180,0,0,0,0,0.0,0.0,0.0,0.0,792791034626048.0,65.5,0.0,4.617627251498308e+20,0.0,645,0,685,0,0,0,712,0,784,0,706,0,688,0,646,0,640,0,619,0.032,36438016.0,-2.004,-0.0,33040,16789,2.562724934467977e+18,3.0669125026925217e+21,-0.0,-4051.973,0.0,0.0,29.0,60.0,70,0.0,0.0,0.0,0.0,0.0,0.0,0.0,0.0,0.0,0.0,0.0,0.0,0.0,0.0,0.0,0.0,59.2,68,12,65509,41,65476,0,300,0,0,8,20529,65476,0,0,61604,60.0,0.0,0.0,0.0,0.0,0.0
2026-04-04T11:57:52,ERR,ERR,ERR,ERR,ERR,ERR,ERR,ERR,ERR,ERR,ERR,ERR,ERR,ERR,ERR,ERR,ERR,ERR,ERR,ERR,ERR,ERR,ERR,ERR,ERR,ERR,ERR,ERR,ERR,ERR,ERR,ERR,ERR,ERR,ERR,ERR,ERR,ERR,ERR,ERR,ERR,ERR,ERR,ERR,ERR,ERR,ERR,ERR,ERR,ERR,ERR,ERR,ERR,ERR,ERR,ERR,ERR,ERR,ERR,ERR,ERR,ERR,ERR,ERR,ERR,ERR,ERR,ERR,ERR,ERR,ERR,ERR,ERR,ERR,ERR,ERR,ERR,ERR,ERR,ERR,ERR,ERR,ERR,ERR,ERR,ERR,ERR,ERR,ERR,ERR,ERR,ERR,ERR,ERR,ERR,ERR,ERR,ERR,ERR,ERR,ERR,ERR,ERR,ERR,ERR,ERR,ERR,ERR,ERR,ERR,ERR,ERR,ERR,ERR,ERR,ERR,ERR,ERR,ERR,ERR,ERR,ERR,ERR,ERR,ERR,-107615240.0,0.0,-117832800.0,0.0,0.0,0.0,0.0,nan,0,0,0,32768,0,0.0,0,0.0,0.0,0.0,0.0,0.0,0,0,0,0,0.0,0,0,0,0,0,0,0,0,0,0,0,0,0,0,0,0,0,0,0,0,0,0,0,0,0,0,0,0,0,0,0,0,0,0,0,0,0,0,0,0,0,0,0,0,0.0,0.0,0.0,0.0,0.0,0.0,0.0,0.0,0.0,0.0,0.0,0.0,0.0,0.0,0.0,0.0,0.0,0.0,0.0,0.0,0.0,0.0,2.004,-0.0,0.0,-2.004,0.0,0.0,0.0,0.0,3357.0,0.0,0.0,-107615240.0,0.0,-107615232.0,-0.0,0.0,0.0,0.0,0.0,0,0.0,-0.0,0.0,0.0,0.0,0.0,0.0,0.0,0.0,0,0,0,0.0,0.0,0.0,0.0,0.0,0.0,0.0,0.0,0.0,0.0,0.0,0.0,0.0,0.0,0.0,0.0,0,-107875648.0,0,0.0,0,-107875648.0,0.0,0,26215,17038,52429,17052,13107,17037,0,0,0,110,100,100,0.0,64.1,0.0,64.8,-0.0,68.5,1,49,50,180,0,0,0,0,0.0,0.0,0.0,0.0,792791034626048.0,65.5,0.0,4.617627251498308e+20,0.0,645,0,685,0,0,0,712,0,784,0,706,0,688,0,646,0,640,0,619,0.032,36438016.0,-2.004,-0.0,33040,16789,2.562724934467977e+18,3.0669125026925217e+21,-0.0,-4051.973,0.0,0.0,29.0,60.0,70,0.0,0.0,0.0,0.0,0.0,0.0,0.0,0.0,0.0,0.0,0.0,0.0,0.0,0.0,0.0,0.0,59.6,68,12,65509,41,65476,0,300,0,0,8,20529,65476,0,0,61604,60.0,0.0,0.0,0.0,0.0,0.0
2026-04-04T11:57:53,ERR,ERR,ERR,ERR,ERR,ERR,ERR,ERR,ERR,ERR,ERR,ERR,ERR,ERR,ERR,ERR,ERR,ERR,ERR,ERR,ERR,ERR,ERR,ERR,ERR,ERR,ERR,ERR,ERR,ERR,ERR,ERR,ERR,ERR,ERR,ERR,ERR,ERR,ERR,ERR,ERR,ERR,ERR,ERR,ERR,ERR,ERR,ERR,ERR,ERR,ERR,ERR,ERR,ERR,ERR,ERR,ERR,ERR,ERR,ERR,ERR,ERR,ERR,ERR,ERR,ERR,ERR,ERR,ERR,ERR,ERR,ERR,ERR,ERR,ERR,ERR,ERR,ERR,ERR,ERR,ERR,ERR,ERR,ERR,ERR,ERR,ERR,ERR,ERR,ERR,ERR,ERR,ERR,ERR,ERR,ERR,ERR,ERR,ERR,ERR,ERR,ERR,ERR,ERR,ERR,ERR,ERR,ERR,ERR,ERR,ERR,ERR,ERR,ERR,ERR,ERR,ERR,ERR,ERR,ERR,ERR,ERR,ERR,ERR,ERR,-107615240.0,0.0,-117832800.0,0.0,0.0,0.0,0.0,nan,0,0,0,32768,0,0.0,0,0.0,0.0,0.0,0.0,0.0,0,0,0,0,0.0,0,0,0,0,0,0,0,0,0,0,0,0,0,0,0,0,0,0,0,0,0,0,0,0,0,0,0,0,0,0,0,0,0,0,0,0,0,0,0,0,0,0,0,0,0.0,0.0,0.0,0.0,0.0,0.0,0.0,0.0,0.0,0.0,0.0,0.0,0.0,0.0,0.0,0.0,0.0,0.0,0.0,0.0,0.0,0.0,2.004,-0.0,0.0,-2.004,0.0,0.0,0.0,0.0,3357.0,0.0,0.0,-107615240.0,0.0,-107615232.0,-0.0,0.0,0.0,0.0,0.0,0,0.0,-0.0,0.0,0.0,0.0,0.0,0.0,0.0,0.0,0,0,0,0.0,0.0,0.0,0.0,0.0,0.0,0.0,0.0,0.0,0.0,0.0,0.0,0.0,0.0,0.0,0.0,0,-107875648.0,0,0.0,0,-107875648.0,0.0,0,26215,17038,52429,17052,13107,17037,0,0,0,110,100,100,0.0,64.1,0.0,64.8,-0.0,68.5,1,49,50,180,0,0,0,0,0.0,0.0,0.0,0.0,792791034626048.0,65.5,0.0,4.617627251498308e+20,0.0,645,0,685,0,0,0,712,0,784,0,706,0,688,0,646,0,640,0,619,0.032,36438016.0,-2.004,-0.0,33040,16789,2.562724934467977e+18,3.0669125026925217e+21,-0.0,-4051.973,0.0,0.0,29.0,60.0,70,0.0,0.0,0.0,0.0,0.0,0.0,0.0,0.0,0.0,0.0,0.0,0.0,0.0,0.0,0.0,0.0,59.6,68,12,65509,41,65476,0,300,0,0,8,20529,65476,0,0,61604,60.0,0.0,0.0,0.0,0.0,0.0
2026-04-04T11:57:54,ERR,ERR,ERR,ERR,ERR,ERR,ERR,ERR,ERR,ERR,ERR,ERR,ERR,ERR,ERR,ERR,ERR,ERR,ERR,ERR,ERR,ERR,ERR,ERR,ERR,ERR,ERR,ERR,ERR,ERR,ERR,ERR,ERR,ERR,ERR,ERR,ERR,ERR,ERR,ERR,ERR,ERR,ERR,ERR,ERR,ERR,ERR,ERR,ERR,ERR,ERR,ERR,ERR,ERR,ERR,ERR,ERR,ERR,ERR,ERR,ERR,ERR,ERR,ERR,ERR,ERR,ERR,ERR,ERR,ERR,ERR,ERR,ERR,ERR,ERR,ERR,ERR,ERR,ERR,ERR,ERR,ERR,ERR,ERR,ERR,ERR,ERR,ERR,ERR,ERR,ERR,ERR,ERR,ERR,ERR,ERR,ERR,ERR,ERR,ERR,ERR,ERR,ERR,ERR,ERR,ERR,ERR,ERR,ERR,ERR,ERR,ERR,ERR,ERR,ERR,ERR,ERR,ERR,ERR,ERR,ERR,ERR,ERR,ERR,ERR,-107615240.0,0.0,-117832800.0,0.0,0.0,0.0,0.0,nan,0,0,0,32768,0,0.0,0,0.0,0.0,0.0,0.0,0.0,0,0,0,0,0.0,0,0,0,0,0,0,0,0,0,0,0,0,0,0,0,0,0,0,0,0,0,0,0,0,0,0,0,0,0,0,0,0,0,0,0,0,0,0,0,0,0,0,0,0,0.0,0.0,0.0,0.0,0.0,0.0,0.0,0.0,0.0,0.0,0.0,0.0,0.0,0.0,0.0,0.0,0.0,0.0,0.0,0.0,0.0,0.0,2.004,-0.0,0.0,-2.004,0.0,0.0,0.0,0.0,3355.5,0.0,0.0,-107615240.0,0.0,-107615232.0,-0.0,0.0,0.0,0.0,0.0,0,0.0,-107614248.0,0.0,0.0,0.0,0.0,0.0,0.0,0.0,0,0,0,0.0,0.0,0.0,0.0,0.0,0.0,0.0,0.0,0.0,0.0,0.0,0.0,0.0,0.0,0.0,0.0,0,-107875648.0,0,0.0,0,-107875648.0,0.0,0,26215,17038,52429,17052,13107,17037,0,0,0,110,100,100,0.0,64.0,0.0,64.8,-0.0,68.5,1,49,50,180,0,0,0,0,0.0,0.0,0.0,0.0,1.1611395122108826e+17,65.5,0.0,940604800.0,0.0,644,0,685,0,0,0,713,0,784,0,706,0,688,0,646,0,640,0,619,0.032,36700160.0,-2.004,-0.0,47504,16789,457724000.0,0.0,398.505,-0.0,-1.2841702137112207e+33,-1.7363180818113977e+21,29.0,60.0,70,0.0,0.0,0.0,0.0,0.0,0.0,0.0,0.0,0.0,0.0,0.0,0.0,0.0,0.0,0.0,0.0,59.2,68,12,65509,41,65476,0,300,0,0,8,20529,65476,0,0,61604,60.0,0.0,0.0,0.0,0.0,0.0
2026-04-04T11:57:55,ERR,ERR,ERR,ERR,ERR,ERR,ERR,ERR,ERR,ERR,ERR,ERR,ERR,ERR,ERR,ERR,ERR,ERR,ERR,ERR,ERR,ERR,ERR,ERR,ERR,ERR,ERR,ERR,ERR,ERR,ERR,ERR,ERR,ERR,ERR,ERR,ERR,ERR,ERR,ERR,ERR,ERR,ERR,ERR,ERR,ERR,ERR,ERR,ERR,ERR,ERR,ERR,ERR,ERR,ERR,ERR,ERR,ERR,ERR,ERR,ERR,ERR,ERR,ERR,ERR,ERR,ERR,ERR,ERR,ERR,ERR,ERR,ERR,ERR,ERR,ERR,ERR,ERR,ERR,ERR,ERR,ERR,ERR,ERR,ERR,ERR,ERR,ERR,ERR,ERR,ERR,ERR,ERR,ERR,ERR,ERR,ERR,ERR,ERR,ERR,ERR,ERR,ERR,ERR,ERR,ERR,ERR,ERR,ERR,ERR,ERR,ERR,ERR,ERR,ERR,ERR,ERR,ERR,ERR,ERR,ERR,ERR,ERR,ERR,ERR,-107615240.0,0.0,-117832800.0,0.0,0.0,0.0,0.0,nan,0,0,0,32768,0,0.0,0,0.0,0.0,0.0,0.0,0.0,0,0,0,0,0.0,0,0,0,0,0,0,0,0,0,0,0,0,0,0,0,0,0,0,0,0,0,0,0,0,0,0,0,0,0,0,0,0,0,0,0,0,0,0,0,0,0,0,0,0,0.0,0.0,0.0,0.0,0.0,0.0,0.0,0.0,0.0,0.0,0.0,0.0,0.0,0.0,0.0,0.0,0.0,0.0,0.0,0.0,0.0,0.0,2.004,-0.0,0.0,-2.004,0.0,0.0,0.0,0.0,3355.5,0.0,0.0,-107615240.0,0.0,-107615232.0,-0.0,0.0,0.0,0.0,0.0,0,0.0,-107614248.0,0.0,0.0,0.0,0.0,0.0,0.0,0.0,0,0,0,0.0,0.0,0.0,0.0,0.0,0.0,0.0,0.0,0.0,0.0,0.0,0.0,0.0,0.0,0.0,0.0,0,-107875648.0,0,0.0,0,-107875648.0,0.0,0,26215,17038,52429,17052,13107,17037,0,0,0,110,100,100,0.0,64.0,0.0,64.8,-0.0,68.5,1,49,50,180,0,0,0,0,0.0,0.0,0.0,0.0,1.1611395122108826e+17,65.5,0.0,940604800.0,0.0,644,0,685,0,0,0,713,0,784,0,706,0,688,0,646,0,640,0,619,0.032,36700160.0,-2.004,-0.0,47504,16789,457724000.0,0.0,398.505,-0.0,-1.2841702137112207e+33,-1.7363180818113977e+21,29.0,60.0,70,0.0,0.0,0.0,0.0,0.0,0.0,0.0,0.0,0.0,0.0,0.0,0.0,0.0,0.0,0.0,0.0,59.2,68,12,65509,41,65476,0,300,0,0,8,20529,65476,0,0,61604,60.0,0.0,0.0,0.0,0.0,0.0
2026-04-04T11:57:56,ERR,ERR,ERR,ERR,ERR,ERR,ERR,ERR,ERR,ERR,ERR,ERR,ERR,ERR,ERR,ERR,ERR,ERR,ERR,ERR,ERR,ERR,ERR,ERR,ERR,ERR,ERR,ERR,ERR,ERR,ERR,ERR,ERR,ERR,ERR,ERR,ERR,ERR,ERR,ERR,ERR,ERR,ERR,ERR,ERR,ERR,ERR,ERR,ERR,ERR,ERR,ERR,ERR,ERR,ERR,ERR,ERR,ERR,ERR,ERR,ERR,ERR,ERR,ERR,ERR,ERR,ERR,ERR,ERR,ERR,ERR,ERR,ERR,ERR,ERR,ERR,ERR,ERR,ERR,ERR,ERR,ERR,ERR,ERR,ERR,ERR,ERR,ERR,ERR,ERR,ERR,ERR,ERR,ERR,ERR,ERR,ERR,ERR,ERR,ERR,ERR,ERR,ERR,ERR,ERR,ERR,ERR,ERR,ERR,ERR,ERR,ERR,ERR,ERR,ERR,ERR,ERR,ERR,ERR,ERR,ERR,ERR,ERR,ERR,ERR,-107615240.0,0.0,-117832800.0,0.0,0.0,0.0,0.0,nan,0,0,0,32768,0,0.0,0,0.0,0.0,0.0,0.0,0.0,0,0,0,0,0.0,0,0,0,0,0,0,0,0,0,0,0,0,0,0,0,0,0,0,0,0,0,0,0,0,0,0,0,0,0,0,0,0,0,0,0,0,0,0,0,0,0,0,0,0,0.0,0.0,0.0,0.0,0.0,0.0,0.0,0.0,0.0,0.0,0.0,0.0,0.0,0.0,0.0,0.0,0.0,0.0,0.0,0.0,0.0,0.0,2.004,-0.0,0.0,-2.004,0.0,0.0,0.0,0.0,3355.5,0.0,0.0,-107615240.0,0.0,-107615232.0,-0.0,0.0,0.0,0.0,0.0,0,0.0,-107614248.0,0.0,0.0,0.0,0.0,0.0,0.0,0.0,0,0,0,0.0,0.0,0.0,0.0,0.0,0.0,0.0,0.0,0.0,0.0,0.0,0.0,0.0,0.0,0.0,0.0,0,-107875648.0,0,0.0,0,-107875648.0,0.0,0,26215,17038,52429,17052,13107,17037,0,0,0,110,100,100,0.0,64.0,0.0,64.8,-0.0,68.5,1,49,50,180,0,0,0,0,0.0,0.0,0.0,0.0,1.1611395122108826e+17,65.5,0.0,940604800.0,0.0,644,0,685,0,0,0,713,0,784,0,706,0,688,0,646,0,640,0,619,0.032,36700160.0,-2.004,-0.0,47504,16789,457724000.0,0.0,398.505,-0.0,-1.2841702137112207e+33,-1.7363180818113977e+21,29.0,60.0,70,0.0,0.0,0.0,0.0,0.0,0.0,0.0,0.0,0.0,0.0,0.0,0.0,0.0,0.0,0.0,0.0,59.2,68,12,65509,41,65476,0,300,0,0,8,20529,65476,0,0,61604,60.0,0.0,0.0,0.0,0.0,0.0
2026-04-04T11:57:57,ERR,ERR,ERR,ERR,ERR,ERR,ERR,ERR,ERR,ERR,ERR,ERR,ERR,ERR,ERR,ERR,ERR,ERR,ERR,ERR,ERR,ERR,ERR,ERR,ERR,ERR,ERR,ERR,ERR,ERR,ERR,ERR,ERR,ERR,ERR,ERR,ERR,ERR,ERR,ERR,ERR,ERR,ERR,ERR,ERR,ERR,ERR,ERR,ERR,ERR,ERR,ERR,ERR,ERR,ERR,ERR,ERR,ERR,ERR,ERR,ERR,ERR,ERR,ERR,ERR,ERR,ERR,ERR,ERR,ERR,ERR,ERR,ERR,ERR,ERR,ERR,ERR,ERR,ERR,ERR,ERR,ERR,ERR,ERR,ERR,ERR,ERR,ERR,ERR,ERR,ERR,ERR,ERR,ERR,ERR,ERR,ERR,ERR,ERR,ERR,ERR,ERR,ERR,ERR,ERR,ERR,ERR,ERR,ERR,ERR,ERR,ERR,ERR,ERR,ERR,ERR,ERR,ERR,ERR,ERR,ERR,ERR,ERR,ERR,ERR,-107615240.0,0.0,-117832800.0,0.0,0.0,0.0,0.0,nan,0,0,0,32768,0,0.0,0,0.0,0.0,0.0,0.0,0.0,0,0,0,0,0.0,0,0,0,0,0,0,0,0,0,0,0,0,0,0,0,0,0,0,0,0,0,0,0,0,0,0,0,0,0,0,0,0,0,0,0,0,0,0,0,0,0,0,0,0,0.0,0.0,0.0,0.0,0.0,0.0,0.0,0.0,0.0,0.0,0.0,0.0,0.0,0.0,0.0,0.0,0.0,0.0,0.0,0.0,0.0,0.0,2.004,-0.0,0.0,-2.004,0.0,0.0,0.0,0.0,3355.5,0.0,0.0,-107615240.0,0.0,-107615232.0,-0.0,0.0,0.0,0.0,0.0,0,0.0,-107614248.0,0.0,0.0,0.0,0.0,0.0,0.0,0.0,0,0,0,0.0,0.0,0.0,0.0,0.0,0.0,0.0,0.0,0.0,0.0,0.0,0.0,0.0,0.0,0.0,0.0,0,-107875648.0,0,0.0,0,-107875648.0,0.0,0,26215,17038,52429,17052,13107,17037,0,0,0,110,100,100,0.0,64.0,0.0,64.8,-0.0,68.5,1,49,50,180,0,0,0,0,0.0,0.0,0.0,0.0,1.1611395122108826e+17,65.5,0.0,940604800.0,0.0,644,0,685,0,0,0,713,0,784,0,706,0,688,0,646,0,640,0,619,0.032,36700160.0,-2.004,-0.0,47504,16789,457724000.0,0.0,398.505,-0.0,-1.2841702137112207e+33,-1.7363180818113977e+21,29.0,60.0,70,0.0,0.0,0.0,0.0,0.0,0.0,0.0,0.0,0.0,0.0,0.0,0.0,0.0,0.0,0.0,0.0,59.2,68,12,65509,41,65476,0,300,0,0,8,20529,65476,0,0,61604,60.0,0.0,0.0,0.0,0.0,0.0
2026-04-04T11:57:58,ERR,ERR,ERR,ERR,ERR,ERR,ERR,ERR,ERR,ERR,ERR,ERR,ERR,ERR,ERR,ERR,ERR,ERR,ERR,ERR,ERR,ERR,ERR,ERR,ERR,ERR,ERR,ERR,ERR,ERR,ERR,ERR,ERR,ERR,ERR,ERR,ERR,ERR,ERR,ERR,ERR,ERR,ERR,ERR,ERR,ERR,ERR,ERR,ERR,ERR,ERR,ERR,ERR,ERR,ERR,ERR,ERR,ERR,ERR,ERR,ERR,ERR,ERR,ERR,ERR,ERR,ERR,ERR,ERR,ERR,ERR,ERR,ERR,ERR,ERR,ERR,ERR,ERR,ERR,ERR,ERR,ERR,ERR,ERR,ERR,ERR,ERR,ERR,ERR,ERR,ERR,ERR,ERR,ERR,ERR,ERR,ERR,ERR,ERR,ERR,ERR,ERR,ERR,ERR,ERR,ERR,ERR,ERR,ERR,ERR,ERR,ERR,ERR,ERR,ERR,ERR,ERR,ERR,ERR,ERR,ERR,ERR,ERR,ERR,ERR,-107615240.0,0.0,-117832800.0,0.0,0.0,0.0,0.0,nan,0,0,0,32768,0,0.0,0,0.0,0.0,0.0,0.0,0.0,0,0,0,0,0.0,0,0,0,0,0,0,0,0,0,0,0,0,0,0,0,0,0,0,0,0,0,0,0,0,0,0,0,0,0,0,0,0,0,0,0,0,0,0,0,0,0,0,0,0,0.0,0.0,0.0,0.0,0.0,0.0,0.0,0.0,0.0,0.0,0.0,0.0,0.0,0.0,0.0,0.0,0.0,0.0,0.0,0.0,0.0,0.0,2.004,-0.0,0.0,-2.004,0.0,0.0,0.0,0.0,3355.5,0.0,0.0,-107615240.0,0.0,-107615232.0,-0.0,0.0,0.0,0.0,0.0,0,0.0,-107614248.0,0.0,0.0,0.0,0.0,0.0,0.0,0.0,0,0,0,0.0,0.0,0.0,0.0,0.0,0.0,0.0,0.0,0.0,0.0,0.0,0.0,0.0,0.0,0.0,0.0,0,-107875648.0,0,0.0,0,-107875648.0,0.0,0,26215,17038,52429,17052,13107,17037,0,0,0,110,100,100,0.0,64.0,0.0,64.8,-0.0,68.5,1,49,50,180,0,0,0,0,0.0,0.0,0.0,0.0,1.1611395122108826e+17,65.5,0.0,940604800.0,0.0,644,0,685,0,0,0,713,0,784,0,706,0,688,0,646,0,640,0,619,0.032,36700160.0,-2.004,-0.0,47504,16789,457724000.0,0.0,398.505,-0.0,-1.2841702137112207e+33,-1.7363180818113977e+21,29.0,60.0,70,0.0,0.0,0.0,0.0,0.0,0.0,0.0,0.0,0.0,0.0,0.0,0.0,0.0,0.0,0.0,0.0,59.2,68,12,65509,41,65476,0,300,0,0,8,20529,65476,0,0,61604,60.0,0.0,0.0,0.0,0.0,0.0
2026-04-04T11:57:59,ERR,ERR,ERR,ERR,ERR,ERR,ERR,ERR,ERR,ERR,ERR,ERR,ERR,ERR,ERR,ERR,ERR,ERR,ERR,ERR,ERR,ERR,ERR,ERR,ERR,ERR,ERR,ERR,ERR,ERR,ERR,ERR,ERR,ERR,ERR,ERR,ERR,ERR,ERR,ERR,ERR,ERR,ERR,ERR,ERR,ERR,ERR,ERR,ERR,ERR,ERR,ERR,ERR,ERR,ERR,ERR,ERR,ERR,ERR,ERR,ERR,ERR,ERR,ERR,ERR,ERR,ERR,ERR,ERR,ERR,ERR,ERR,ERR,ERR,ERR,ERR,ERR,ERR,ERR,ERR,ERR,ERR,ERR,ERR,ERR,ERR,ERR,ERR,ERR,ERR,ERR,ERR,ERR,ERR,ERR,ERR,ERR,ERR,ERR,ERR,ERR,ERR,ERR,ERR,ERR,ERR,ERR,ERR,ERR,ERR,ERR,ERR,ERR,ERR,ERR,ERR,ERR,ERR,ERR,ERR,ERR,ERR,ERR,ERR,ERR,-107615240.0,0.0,-117832800.0,0.0,0.0,0.0,0.0,nan,0,0,0,32768,0,0.0,0,0.0,0.0,0.0,0.0,0.0,0,0,0,0,0.0,0,0,0,0,0,0,0,0,0,0,0,0,0,0,0,0,0,0,0,0,0,0,0,0,0,0,0,0,0,0,0,0,0,0,0,0,0,0,0,0,0,0,0,0,0.0,0.0,0.0,0.0,0.0,0.0,0.0,0.0,0.0,0.0,0.0,0.0,0.0,0.0,0.0,0.0,0.0,0.0,0.0,0.0,0.0,0.0,2.004,-0.0,0.0,-2.004,0.0,0.0,0.0,0.0,3355.5,0.0,0.0,-107615240.0,0.0,-107615232.0,-0.0,0.0,0.0,0.0,0.0,0,0.0,-107614248.0,0.0,0.0,0.0,0.0,0.0,0.0,0.0,0,0,0,0.0,0.0,0.0,0.0,0.0,0.0,0.0,0.0,0.0,0.0,0.0,0.0,0.0,0.0,0.0,0.0,0,-107875648.0,0,0.0,0,-107875648.0,0.0,0,26215,17038,52429,17052,13107,17037,0,0,0,110,100,100,0.0,64.1,0.0,64.8,-0.0,68.5,1,49,50,180,0,0,0,0,0.0,0.0,0.0,0.0,1.3121151664476043e+21,65.5,0.0,0.006,0.0,645,0,685,0,0,0,712,0,784,0,706,0,688,0,646,0,640,0,619,0.032,36962304.0,-2.004,-0.0,40592,16789,825749602304.0,0.0,288304824320.0,2.02,0.0,-1.2147409417016349e+29,29.0,60.0,70,0.0,0.0,0.0,0.0,0.0,0.0,0.0,0.0,0.0,0.0,0.0,0.0,0.0,0.0,0.0,0.0,59.2,68,12,65509,41,65476,0,300,0,0,8,20529,65476,0,0,61604,60.0,0.0,0.0,0.0,0.0,0.0
2026-04-04T11:58:00,ERR,ERR,ERR,ERR,ERR,ERR,ERR,ERR,ERR,ERR,ERR,ERR,ERR,ERR,ERR,ERR,ERR,ERR,ERR,ERR,ERR,ERR,ERR,ERR,ERR,ERR,ERR,ERR,ERR,ERR,ERR,ERR,ERR,ERR,ERR,ERR,ERR,ERR,ERR,ERR,ERR,ERR,ERR,ERR,ERR,ERR,ERR,ERR,ERR,ERR,ERR,ERR,ERR,ERR,ERR,ERR,ERR,ERR,ERR,ERR,ERR,ERR,ERR,ERR,ERR,ERR,ERR,ERR,ERR,ERR,ERR,ERR,ERR,ERR,ERR,ERR,ERR,ERR,ERR,ERR,ERR,ERR,ERR,ERR,ERR,ERR,ERR,ERR,ERR,ERR,ERR,ERR,ERR,ERR,ERR,ERR,ERR,ERR,ERR,ERR,ERR,ERR,ERR,ERR,ERR,ERR,ERR,ERR,ERR,ERR,ERR,ERR,ERR,ERR,ERR,ERR,ERR,ERR,ERR,ERR,ERR,ERR,ERR,ERR,ERR,-107615240.0,0.0,-117832800.0,0.0,0.0,0.0,0.0,nan,0,0,0,32768,0,0.0,0,0.0,0.0,0.0,0.0,0.0,0,0,0,0,0.0,0,0,0,0,0,0,0,0,0,0,0,0,0,0,0,0,0,0,0,0,0,0,0,0,0,0,0,0,0,0,0,0,0,0,0,0,0,0,0,0,0,0,0,0,0.0,0.0,0.0,0.0,0.0,0.0,0.0,0.0,0.0,0.0,0.0,0.0,0.0,0.0,0.0,0.0,0.0,0.0,0.0,0.0,0.0,0.0,2.004,-0.0,0.0,-2.004,0.0,0.0,0.0,0.0,3355.5,0.0,0.0,-107615240.0,0.0,-107615232.0,-0.0,0.0,0.0,0.0,0.0,0,0.0,-107614248.0,0.0,0.0,0.0,0.0,0.0,0.0,0.0,0,0,0,0.0,0.0,0.0,0.0,0.0,0.0,0.0,0.0,0.0,0.0,0.0,0.0,0.0,0.0,0.0,0.0,0,-107875648.0,0,0.0,0,-107875648.0,0.0,0,26215,17038,52429,17052,13107,17037,0,0,0,110,100,100,0.0,64.1,0.0,64.8,-0.0,68.5,1,49,50,180,0,0,0,0,0.0,0.0,0.0,0.0,1.3121151664476043e+21,65.5,0.0,0.006,0.0,645,0,685,0,0,0,712,0,784,0,706,0,688,0,646,0,640,0,619,0.032,36962304.0,-2.004,-0.0,40592,16789,825749602304.0,0.0,288304824320.0,2.02,0.0,-1.2147409417016349e+29,29.0,60.0,70,0.0,0.0,0.0,0.0,0.0,0.0,0.0,0.0,0.0,0.0,0.0,0.0,0.0,0.0,0.0,0.0,59.2,68,12,65509,41,65476,0,300,0,0,8,20529,65476,0,0,61604,60.0,0.0,0.0,0.0,0.0,0.0
2026-04-04T11:58:01,ERR,ERR,ERR,ERR,ERR,ERR,ERR,ERR,ERR,ERR,ERR,ERR,ERR,ERR,ERR,ERR,ERR,ERR,ERR,ERR,ERR,ERR,ERR,ERR,ERR,ERR,ERR,ERR,ERR,ERR,ERR,ERR,ERR,ERR,ERR,ERR,ERR,ERR,ERR,ERR,ERR,ERR,ERR,ERR,ERR,ERR,ERR,ERR,ERR,ERR,ERR,ERR,ERR,ERR,ERR,ERR,ERR,ERR,ERR,ERR,ERR,ERR,ERR,ERR,ERR,ERR,ERR,ERR,ERR,ERR,ERR,ERR,ERR,ERR,ERR,ERR,ERR,ERR,ERR,ERR,ERR,ERR,ERR,ERR,ERR,ERR,ERR,ERR,ERR,ERR,ERR,ERR,ERR,ERR,ERR,ERR,ERR,ERR,ERR,ERR,ERR,ERR,ERR,ERR,ERR,ERR,ERR,ERR,ERR,ERR,ERR,ERR,ERR,ERR,ERR,ERR,ERR,ERR,ERR,ERR,ERR,ERR,ERR,ERR,ERR,-107615240.0,0.0,-117832800.0,0.0,0.0,0.0,0.0,nan,0,0,0,32768,0,0.0,0,0.0,0.0,0.0,0.0,0.0,0,0,0,0,0.0,0,0,0,0,0,0,0,0,0,0,0,0,0,0,0,0,0,0,0,0,0,0,0,0,0,0,0,0,0,0,0,0,0,0,0,0,0,0,0,0,0,0,0,0,0.0,0.0,0.0,0.0,0.0,0.0,0.0,0.0,0.0,0.0,0.0,0.0,0.0,0.0,0.0,0.0,0.0,0.0,0.0,0.0,0.0,0.0,2.004,-0.0,0.0,-2.004,0.0,0.0,0.0,0.0,3355.0,0.0,0.0,-107615240.0,0.0,-107615232.0,-0.0,0.0,0.0,0.0,0.0,0,0.0,-152016156360704.0,0.0,0.0,0.0,0.0,0.0,0.0,0.0,0,0,0,0.0,0.0,0.0,0.0,0.0,0.0,0.0,0.0,0.0,0.0,0.0,0.0,0.0,0.0,0.0,0.0,0,-107875648.0,0,0.0,0,-107875648.0,0.0,0,26215,17038,52429,17052,13107,17037,0,0,0,110,100,100,0.0,64.1,0.0,64.8,-0.0,68.5,1,49,50,180,0,0,0,0,0.0,0.0,0.0,0.0,1.3121151664476043e+21,65.5,0.0,0.006,0.0,645,0,685,0,0,0,712,0,784,0,706,0,688,0,646,0,640,0,619,0.032,36962304.0,-2.004,-0.0,40592,16789,825749602304.0,0.0,288304824320.0,2.02,0.0,-1.2147409417016349e+29,29.0,60.0,70,0.0,0.0,0.0,0.0,0.0,0.0,0.0,0.0,0.0,0.0,0.0,0.0,0.0,0.0,0.0,0.0,59.2,68,12,65509,41,65476,0,300,0,0,8,20529,65476,0,0,61604,60.0,0.0,0.0,0.0,0.0,0.0
2026-04-04T11:58:02,ERR,ERR,ERR,ERR,ERR,ERR,ERR,ERR,ERR,ERR,ERR,ERR,ERR,ERR,ERR,ERR,ERR,ERR,ERR,ERR,ERR,ERR,ERR,ERR,ERR,ERR,ERR,ERR,ERR,ERR,ERR,ERR,ERR,ERR,ERR,ERR,ERR,ERR,ERR,ERR,ERR,ERR,ERR,ERR,ERR,ERR,ERR,ERR,ERR,ERR,ERR,ERR,ERR,ERR,ERR,ERR,ERR,ERR,ERR,ERR,ERR,ERR,ERR,ERR,ERR,ERR,ERR,ERR,ERR,ERR,ERR,ERR,ERR,ERR,ERR,ERR,ERR,ERR,ERR,ERR,ERR,ERR,ERR,ERR,ERR,ERR,ERR,ERR,ERR,ERR,ERR,ERR,ERR,ERR,ERR,ERR,ERR,ERR,ERR,ERR,ERR,ERR,ERR,ERR,ERR,ERR,ERR,ERR,ERR,ERR,ERR,ERR,ERR,ERR,ERR,ERR,ERR,ERR,ERR,ERR,ERR,ERR,ERR,ERR,ERR,-107615240.0,0.0,-117832800.0,0.0,0.0,0.0,0.0,nan,0,0,0,32768,0,0.0,0,0.0,0.0,0.0,0.0,0.0,0,0,0,0,0.0,0,0,0,0,0,0,0,0,0,0,0,0,0,0,0,0,0,0,0,0,0,0,0,0,0,0,0,0,0,0,0,0,0,0,0,0,0,0,0,0,0,0,0,0,0.0,0.0,0.0,0.0,0.0,0.0,0.0,0.0,0.0,0.0,0.0,0.0,0.0,0.0,0.0,0.0,0.0,0.0,0.0,0.0,0.0,0.0,2.004,-0.0,0.0,-2.004,0.0,0.0,0.0,0.0,3355.0,0.0,0.0,-107615240.0,0.0,-107615232.0,-0.0,0.0,0.0,0.0,0.0,0,0.0,-152016156360704.0,0.0,0.0,0.0,0.0,0.0,0.0,0.0,0,0,0,0.0,0.0,0.0,0.0,0.0,0.0,0.0,0.0,0.0,0.0,0.0,0.0,0.0,0.0,0.0,0.0,0,-107875648.0,0,0.0,0,-107875648.0,0.0,0,26215,17038,52429,17052,13107,17037,0,0,0,110,100,100,0.0,64.1,0.0,64.8,-0.0,68.5,1,49,50,180,0,0,0,0,0.0,0.0,0.0,0.0,1.3121151664476043e+21,65.5,0.0,0.006,0.0,645,0,685,0,0,0,712,0,784,0,706,0,688,0,646,0,640,0,619,0.032,36962304.0,-2.004,-0.0,40592,16789,825749602304.0,0.0,288304824320.0,2.02,0.0,-1.2147409417016349e+29,29.0,60.0,70,0.0,0.0,0.0,0.0,0.0,0.0,0.0,0.0,0.0,0.0,0.0,0.0,0.0,0.0,0.0,0.0,59.2,68,12,65509,41,65476,0,300,0,0,8,20529,65476,0,0,61604,60.0,0.0,0.0,0.0,0.0,0.0
2026-04-04T11:58:03,ERR,ERR,ERR,ERR,ERR,ERR,ERR,ERR,ERR,ERR,ERR,ERR,ERR,ERR,ERR,ERR,ERR,ERR,ERR,ERR,ERR,ERR,ERR,ERR,ERR,ERR,ERR,ERR,ERR,ERR,ERR,ERR,ERR,ERR,ERR,ERR,ERR,ERR,ERR,ERR,ERR,ERR,ERR,ERR,ERR,ERR,ERR,ERR,ERR,ERR,ERR,ERR,ERR,ERR,ERR,ERR,ERR,ERR,ERR,ERR,ERR,ERR,ERR,ERR,ERR,ERR,ERR,ERR,ERR,ERR,ERR,ERR,ERR,ERR,ERR,ERR,ERR,ERR,ERR,ERR,ERR,ERR,ERR,ERR,ERR,ERR,ERR,ERR,ERR,ERR,ERR,ERR,ERR,ERR,ERR,ERR,ERR,ERR,ERR,ERR,ERR,ERR,ERR,ERR,ERR,ERR,ERR,ERR,ERR,ERR,ERR,ERR,ERR,ERR,ERR,ERR,ERR,ERR,ERR,ERR,ERR,ERR,ERR,ERR,ERR,-107615240.0,0.0,-117832800.0,0.0,0.0,0.0,0.0,nan,0,0,0,32768,0,0.0,0,0.0,0.0,0.0,0.0,0.0,0,0,0,0,0.0,0,0,0,0,0,0,0,0,0,0,0,0,0,0,0,0,0,0,0,0,0,0,0,0,0,0,0,0,0,0,0,0,0,0,0,0,0,0,0,0,0,0,0,0,0.0,0.0,0.0,0.0,0.0,0.0,0.0,0.0,0.0,0.0,0.0,0.0,0.0,0.0,0.0,0.0,0.0,0.0,0.0,0.0,0.0,0.0,2.004,-0.0,0.0,-2.004,0.0,0.0,0.0,0.0,3355.0,0.0,0.0,-107615240.0,0.0,-107615232.0,-0.0,0.0,0.0,0.0,0.0,0,0.0,-152016156360704.0,0.0,0.0,0.0,0.0,0.0,0.0,0.0,0,0,0,0.0,0.0,0.0,0.0,0.0,0.0,0.0,0.0,0.0,0.0,0.0,0.0,0.0,0.0,0.0,0.0,0,-107875648.0,0,0.0,0,-107875648.0,0.0,0,26215,17038,52429,17052,13107,17037,0,0,0,110,100,100,0.0,64.1,0.0,64.8,-0.0,68.5,1,49,50,180,0,0,0,0,0.0,0.0,0.0,0.0,1.3121151664476043e+21,65.5,0.0,0.006,0.0,645,0,685,0,0,0,712,0,784,0,706,0,688,0,646,0,640,0,619,0.032,36962304.0,-2.004,-0.0,40592,16789,825749602304.0,0.0,288304824320.0,2.02,0.0,-1.2147409417016349e+29,29.0,60.0,70,0.0,0.0,0.0,0.0,0.0,0.0,0.0,0.0,0.0,0.0,0.0,0.0,0.0,0.0,0.0,0.0,59.2,68,12,65509,41,65476,0,300,0,0,8,20529,65476,0,0,61604,60.0,0.0,0.0,0.0,0.0,0.0
2026-04-04T11:58:04,ERR,ERR,ERR,ERR,ERR,ERR,ERR,ERR,ERR,ERR,ERR,ERR,ERR,ERR,ERR,ERR,ERR,ERR,ERR,ERR,ERR,ERR,ERR,ERR,ERR,ERR,ERR,ERR,ERR,ERR,ERR,ERR,ERR,ERR,ERR,ERR,ERR,ERR,ERR,ERR,ERR,ERR,ERR,ERR,ERR,ERR,ERR,ERR,ERR,ERR,ERR,ERR,ERR,ERR,ERR,ERR,ERR,ERR,ERR,ERR,ERR,ERR,ERR,ERR,ERR,ERR,ERR,ERR,ERR,ERR,ERR,ERR,ERR,ERR,ERR,ERR,ERR,ERR,ERR,ERR,ERR,ERR,ERR,ERR,ERR,ERR,ERR,ERR,ERR,ERR,ERR,ERR,ERR,ERR,ERR,ERR,ERR,ERR,ERR,ERR,ERR,ERR,ERR,ERR,ERR,ERR,ERR,ERR,ERR,ERR,ERR,ERR,ERR,ERR,ERR,ERR,ERR,ERR,ERR,ERR,ERR,ERR,ERR,ERR,ERR,-107615240.0,0.0,-117832800.0,0.0,0.0,0.0,0.0,nan,0,0,0,32768,0,0.0,0,0.0,0.0,0.0,0.0,0.0,0,0,0,0,0.0,0,0,0,0,0,0,0,0,0,0,0,0,0,0,0,0,0,0,0,0,0,0,0,0,0,0,0,0,0,0,0,0,0,0,0,0,0,0,0,0,0,0,0,0,0.0,0.0,0.0,0.0,0.0,0.0,0.0,0.0,0.0,0.0,0.0,0.0,0.0,0.0,0.0,0.0,0.0,0.0,0.0,0.0,0.0,0.0,2.004,-0.0,0.0,-2.004,0.0,0.0,0.0,0.0,3355.0,0.0,0.0,-107615240.0,0.0,-107615232.0,-0.0,0.0,0.0,0.0,0.0,0,0.0,-152016156360704.0,0.0,0.0,0.0,0.0,0.0,0.0,0.0,0,0,0,0.0,0.0,0.0,0.0,0.0,0.0,0.0,0.0,0.0,0.0,0.0,0.0,0.0,0.0,0.0,0.0,0,-107875648.0,0,0.0,0,-107875648.0,0.0,0,26215,17038,52429,17052,13107,17037,0,0,0,110,100,100,0.0,64.1,0.0,64.8,-0.0,68.5,1,49,50,180,0,0,0,0,0.0,0.0,0.0,0.0,1.3121151664476043e+21,65.5,0.0,0.006,0.0,645,0,685,0,0,0,712,0,784,0,706,0,688,0,646,0,640,0,619,0.032,36962304.0,-2.004,-0.0,40592,16789,825749602304.0,0.0,288304824320.0,2.02,0.0,-1.2147409417016349e+29,29.0,60.0,70,0.0,0.0,0.0,0.0,0.0,0.0,0.0,0.0,0.0,0.0,0.0,0.0,0.0,0.0,0.0,0.0,59.2,68,12,65509,41,65476,0,300,0,0,8,20529,65476,0,0,61604,60.0,0.0,0.0,0.0,0.0,0.0
2026-04-04T11:58:05,ERR,ERR,ERR,ERR,ERR,ERR,ERR,ERR,ERR,ERR,ERR,ERR,ERR,ERR,ERR,ERR,ERR,ERR,ERR,ERR,ERR,ERR,ERR,ERR,ERR,ERR,ERR,ERR,ERR,ERR,ERR,ERR,ERR,ERR,ERR,ERR,ERR,ERR,ERR,ERR,ERR,ERR,ERR,ERR,ERR,ERR,ERR,ERR,ERR,ERR,ERR,ERR,ERR,ERR,ERR,ERR,ERR,ERR,ERR,ERR,ERR,ERR,ERR,ERR,ERR,ERR,ERR,ERR,ERR,ERR,ERR,ERR,ERR,ERR,ERR,ERR,ERR,ERR,ERR,ERR,ERR,ERR,ERR,ERR,ERR,ERR,ERR,ERR,ERR,ERR,ERR,ERR,ERR,ERR,ERR,ERR,ERR,ERR,ERR,ERR,ERR,ERR,ERR,ERR,ERR,ERR,ERR,ERR,ERR,ERR,ERR,ERR,ERR,ERR,ERR,ERR,ERR,ERR,ERR,ERR,ERR,ERR,ERR,ERR,ERR,-107615240.0,0.0,-117832800.0,0.0,0.0,0.0,0.0,nan,0,0,0,32768,0,0.0,0,0.0,0.0,0.0,0.0,0.0,0,0,0,0,0.0,0,0,0,0,0,0,0,0,0,0,0,0,0,0,0,0,0,0,0,0,0,0,0,0,0,0,0,0,0,0,0,0,0,0,0,0,0,0,0,0,0,0,0,0,0.0,0.0,0.0,0.0,0.0,0.0,0.0,0.0,0.0,0.0,0.0,0.0,0.0,0.0,0.0,0.0,0.0,0.0,0.0,0.0,0.0,0.0,2.004,-0.0,0.0,-2.004,0.0,0.0,0.0,0.0,3355.0,0.0,0.0,-107615240.0,0.0,-107615232.0,-0.0,0.0,0.0,0.0,0.0,0,0.0,-152016156360704.0,0.0,0.0,0.0,0.0,0.0,0.0,0.0,0,0,0,0.0,0.0,0.0,0.0,0.0,0.0,0.0,0.0,0.0,0.0,0.0,0.0,0.0,0.0,0.0,0.0,0,-107875648.0,0,0.0,0,-107875648.0,0.0,0,26215,17038,52429,17052,13107,17037,0,0,0,110,100,100,0.0,64.1,0.0,64.8,-0.0,68.5,1,49,50,180,0,0,0,0,0.0,0.0,0.0,0.0,4.621046710670459e+18,65.5,0.0,0.0,0.0,645,0,685,0,0,0,712,0,784,0,706,0,688,0,645,0,640,0,619,0.032,36700160.0,-2.004,-0.0,38544,16789,63568212918272.0,0.0,4.51070393277481e+16,-0.0,0.0,-4.5078057674628605e+33,29.0,60.0,70,0.0,0.0,0.0,0.0,0.0,0.0,0.0,0.0,0.0,0.0,0.0,0.0,0.0,0.0,0.0,0.0,59.2,68,12,65509,41,65476,0,300,0,0,8,20529,65476,0,0,61604,60.0,0.0,0.0,0.0,0.0,0.0
2026-04-04T11:58:06,ERR,ERR,ERR,ERR,ERR,ERR,ERR,ERR,ERR,ERR,ERR,ERR,ERR,ERR,ERR,ERR,ERR,ERR,ERR,ERR,ERR,ERR,ERR,ERR,ERR,ERR,ERR,ERR,ERR,ERR,ERR,ERR,ERR,ERR,ERR,ERR,ERR,ERR,ERR,ERR,ERR,ERR,ERR,ERR,ERR,ERR,ERR,ERR,ERR,ERR,ERR,ERR,ERR,ERR,ERR,ERR,ERR,ERR,ERR,ERR,ERR,ERR,ERR,ERR,ERR,ERR,ERR,ERR,ERR,ERR,ERR,ERR,ERR,ERR,ERR,ERR,ERR,ERR,ERR,ERR,ERR,ERR,ERR,ERR,ERR,ERR,ERR,ERR,ERR,ERR,ERR,ERR,ERR,ERR,ERR,ERR,ERR,ERR,ERR,ERR,ERR,ERR,ERR,ERR,ERR,ERR,ERR,ERR,ERR,ERR,ERR,ERR,ERR,ERR,ERR,ERR,ERR,ERR,ERR,ERR,ERR,ERR,ERR,ERR,ERR,-107615240.0,0.0,-117832800.0,0.0,0.0,0.0,0.0,nan,0,0,0,32768,0,0.0,0,0.0,0.0,0.0,0.0,0.0,0,0,0,0,0.0,0,0,0,0,0,0,0,0,0,0,0,0,0,0,0,0,0,0,0,0,0,0,0,0,0,0,0,0,0,0,0,0,0,0,0,0,0,0,0,0,0,0,0,0,0.0,0.0,0.0,0.0,0.0,0.0,0.0,0.0,0.0,0.0,0.0,0.0,0.0,0.0,0.0,0.0,0.0,0.0,0.0,0.0,0.0,0.0,2.004,-0.0,0.0,-2.004,0.0,0.0,0.0,0.0,3355.0,0.0,0.0,-107615240.0,0.0,-107615232.0,-0.0,0.0,0.0,0.0,0.0,0,0.0,-152016156360704.0,0.0,0.0,0.0,0.0,0.0,0.0,0.0,0,0,0,0.0,0.0,0.0,0.0,0.0,0.0,0.0,0.0,0.0,0.0,0.0,0.0,0.0,0.0,0.0,0.0,0,-107875648.0,0,0.0,0,-107875648.0,0.0,0,26215,17038,52429,17052,13107,17037,0,0,0,110,100,100,0.0,64.1,0.0,64.8,-0.0,68.5,1,49,50,180,0,0,0,0,0.0,0.0,0.0,0.0,4.621046710670459e+18,65.5,0.0,0.0,0.0,645,0,685,0,0,0,712,0,784,0,706,0,688,0,645,0,640,0,619,0.032,36700160.0,-2.004,-0.0,38544,16789,63568212918272.0,0.0,4.51070393277481e+16,-0.0,0.0,-4.5078057674628605e+33,29.0,60.0,70,0.0,0.0,0.0,0.0,0.0,0.0,0.0,0.0,0.0,0.0,0.0,0.0,0.0,0.0,0.0,0.0,59.2,68,12,65509,41,65476,0,300,0,0,8,20529,65476,0,0,61604,60.0,0.0,0.0,0.0,0.0,0.0
2026-04-04T11:58:07,ERR,ERR,ERR,ERR,ERR,ERR,ERR,ERR,ERR,ERR,ERR,ERR,ERR,ERR,ERR,ERR,ERR,ERR,ERR,ERR,ERR,ERR,ERR,ERR,ERR,ERR,ERR,ERR,ERR,ERR,ERR,ERR,ERR,ERR,ERR,ERR,ERR,ERR,ERR,ERR,ERR,ERR,ERR,ERR,ERR,ERR,ERR,ERR,ERR,ERR,ERR,ERR,ERR,ERR,ERR,ERR,ERR,ERR,ERR,ERR,ERR,ERR,ERR,ERR,ERR,ERR,ERR,ERR,ERR,ERR,ERR,ERR,ERR,ERR,ERR,ERR,ERR,ERR,ERR,ERR,ERR,ERR,ERR,ERR,ERR,ERR,ERR,ERR,ERR,ERR,ERR,ERR,ERR,ERR,ERR,ERR,ERR,ERR,ERR,ERR,ERR,ERR,ERR,ERR,ERR,ERR,ERR,ERR,ERR,ERR,ERR,ERR,ERR,ERR,ERR,ERR,ERR,ERR,ERR,ERR,ERR,ERR,ERR,ERR,ERR,-107615240.0,0.0,-117832800.0,0.0,0.0,0.0,0.0,nan,0,0,0,32768,0,0.0,0,0.0,0.0,0.0,0.0,0.0,0,0,0,0,0.0,0,0,0,0,0,0,0,0,0,0,0,0,0,0,0,0,0,0,0,0,0,0,0,0,0,0,0,0,0,0,0,0,0,0,0,0,0,0,0,0,0,0,0,0,0.0,0.0,0.0,0.0,0.0,0.0,0.0,0.0,0.0,0.0,0.0,0.0,0.0,0.0,0.0,0.0,0.0,0.0,0.0,0.0,0.0,0.0,2.004,-0.0,0.0,-2.004,0.0,0.0,0.0,0.0,3355.0,0.0,0.0,-107615240.0,0.0,-107615232.0,-0.0,0.0,0.0,0.0,0.0,0,0.0,-152016156360704.0,0.0,0.0,0.0,0.0,0.0,0.0,0.0,0,0,0,0.0,0.0,0.0,0.0,0.0,0.0,0.0,0.0,0.0,0.0,0.0,0.0,0.0,0.0,0.0,0.0,0,-107875648.0,0,0.0,0,-107875648.0,0.0,0,26215,17038,52429,17052,13107,17037,0,0,0,110,100,100,0.0,64.1,0.0,64.8,-0.0,68.5,1,49,50,180,0,0,0,0,0.0,0.0,0.0,0.0,4.621046710670459e+18,65.5,0.0,0.0,0.0,645,0,685,0,0,0,712,0,784,0,706,0,688,0,645,0,640,0,619,0.032,36700160.0,-2.004,-0.0,38544,16789,63568212918272.0,0.0,4.51070393277481e+16,-0.0,0.0,-4.5078057674628605e+33,29.0,60.0,70,0.0,0.0,0.0,0.0,0.0,0.0,0.0,0.0,0.0,0.0,0.0,0.0,0.0,0.0,0.0,0.0,59.2,68,12,65509,41,65476,0,300,0,0,8,20529,65476,0,0,61604,60.0,0.0,0.0,0.0,0.0,0.0
2026-04-04T11:58:08,ERR,ERR,ERR,ERR,ERR,ERR,ERR,ERR,ERR,ERR,ERR,ERR,ERR,ERR,ERR,ERR,ERR,ERR,ERR,ERR,ERR,ERR,ERR,ERR,ERR,ERR,ERR,ERR,ERR,ERR,ERR,ERR,ERR,ERR,ERR,ERR,ERR,ERR,ERR,ERR,ERR,ERR,ERR,ERR,ERR,ERR,ERR,ERR,ERR,ERR,ERR,ERR,ERR,ERR,ERR,ERR,ERR,ERR,ERR,ERR,ERR,ERR,ERR,ERR,ERR,ERR,ERR,ERR,ERR,ERR,ERR,ERR,ERR,ERR,ERR,ERR,ERR,ERR,ERR,ERR,ERR,ERR,ERR,ERR,ERR,ERR,ERR,ERR,ERR,ERR,ERR,ERR,ERR,ERR,ERR,ERR,ERR,ERR,ERR,ERR,ERR,ERR,ERR,ERR,ERR,ERR,ERR,ERR,ERR,ERR,ERR,ERR,ERR,ERR,ERR,ERR,ERR,ERR,ERR,ERR,ERR,ERR,ERR,ERR,ERR,-107615240.0,0.0,-117832800.0,0.0,0.0,0.0,0.0,nan,0,0,0,32768,0,0.0,0,0.0,0.0,0.0,0.0,0.0,0,0,0,0,0.0,0,0,0,0,0,0,0,0,0,0,0,0,0,0,0,0,0,0,0,0,0,0,0,0,0,0,0,0,0,0,0,0,0,0,0,0,0,0,0,0,0,0,0,0,0.0,0.0,0.0,0.0,0.0,0.0,0.0,0.0,0.0,0.0,0.0,0.0,0.0,0.0,0.0,0.0,0.0,0.0,0.0,0.0,0.0,0.0,2.004,-0.0,0.0,-2.004,0.0,0.0,0.0,0.0,3355.0,0.0,0.0,-107615240.0,0.0,-107615232.0,-0.0,0.0,0.0,0.0,0.0,0,0.0,-152016156360704.0,0.0,0.0,0.0,0.0,0.0,0.0,0.0,0,0,0,0.0,0.0,0.0,0.0,0.0,0.0,0.0,0.0,0.0,0.0,0.0,0.0,0.0,0.0,0.0,0.0,0,-107875648.0,0,0.0,0,-107875648.0,0.0,0,26215,17038,52429,17052,13107,17037,0,0,0,110,100,100,0.0,64.1,0.0,64.8,-0.0,68.5,1,49,50,180,0,0,0,0,0.0,0.0,0.0,0.0,4.621046710670459e+18,65.5,0.0,0.0,0.0,645,0,685,0,0,0,712,0,784,0,706,0,688,0,645,0,640,0,619,0.032,36700160.0,-2.004,-0.0,38544,16789,63568212918272.0,0.0,4.51070393277481e+16,-0.0,0.0,-4.5078057674628605e+33,29.0,60.0,70,0.0,0.0,0.0,0.0,0.0,0.0,0.0,0.0,0.0,0.0,0.0,0.0,0.0,0.0,0.0,0.0,59.2,68,12,65509,41,65476,0,300,0,0,8,20529,65476,0,0,61604,60.0,0.0,0.0,0.0,0.0,0.0
2026-04-04T11:58:09,ERR,ERR,ERR,ERR,ERR,ERR,ERR,ERR,ERR,ERR,ERR,ERR,ERR,ERR,ERR,ERR,ERR,ERR,ERR,ERR,ERR,ERR,ERR,ERR,ERR,ERR,ERR,ERR,ERR,ERR,ERR,ERR,ERR,ERR,ERR,ERR,ERR,ERR,ERR,ERR,ERR,ERR,ERR,ERR,ERR,ERR,ERR,ERR,ERR,ERR,ERR,ERR,ERR,ERR,ERR,ERR,ERR,ERR,ERR,ERR,ERR,ERR,ERR,ERR,ERR,ERR,ERR,ERR,ERR,ERR,ERR,ERR,ERR,ERR,ERR,ERR,ERR,ERR,ERR,ERR,ERR,ERR,ERR,ERR,ERR,ERR,ERR,ERR,ERR,ERR,ERR,ERR,ERR,ERR,ERR,ERR,ERR,ERR,ERR,ERR,ERR,ERR,ERR,ERR,ERR,ERR,ERR,ERR,ERR,ERR,ERR,ERR,ERR,ERR,ERR,ERR,ERR,ERR,ERR,ERR,ERR,ERR,ERR,ERR,ERR,-107615240.0,0.0,-117832800.0,0.0,0.0,0.0,0.0,nan,0,0,0,32768,0,0.0,0,0.0,0.0,0.0,0.0,0.0,0,0,0,0,0.0,0,0,0,0,0,0,0,0,0,0,0,0,0,0,0,0,0,0,0,0,0,0,0,0,0,0,0,0,0,0,0,0,0,0,0,0,0,0,0,0,0,0,0,0,0.0,0.0,0.0,0.0,0.0,0.0,0.0,0.0,0.0,0.0,0.0,0.0,0.0,0.0,0.0,0.0,0.0,0.0,0.0,0.0,0.0,0.0,2.004,-0.0,0.0,-2.004,0.0,0.0,0.0,0.0,3342.0,-8608104448.0,0.0,-107615240.0,0.0,-107615232.0,-0.0,0.0,0.0,0.0,0.0,0,0.0,-0.0,0.0,0.0,0.0,0.0,0.0,0.0,0.0,0,0,0,0.0,0.0,0.0,0.0,0.0,0.0,0.0,0.0,0.0,0.0,0.0,0.0,0.0,0.0,0.0,0.0,0,-107875648.0,0,0.0,0,-107875648.0,0.0,0,26215,17038,52429,17052,13107,17037,0,0,0,110,100,100,0.0,64.1,0.0,64.8,-0.0,68.5,1,49,50,180,0,0,0,0,0.0,0.0,0.0,0.0,4.621046710670459e+18,65.5,0.0,0.0,0.0,645,0,685,0,0,0,712,0,784,0,706,0,688,0,645,0,640,0,619,0.032,36700160.0,-2.004,-0.0,38544,16789,63568212918272.0,0.0,4.51070393277481e+16,-0.0,0.0,-4.5078057674628605e+33,29.0,60.0,70,0.0,0.0,0.0,0.0,0.0,0.0,0.0,0.0,0.0,0.0,0.0,0.0,0.0,0.0,0.0,0.0,59.2,68,12,65509,41,65476,0,300,0,0,8,20529,65476,0,0,61604,60.0,0.0,0.0,0.0,0.0,0.0
2026-04-04T11:58:10,ERR,ERR,ERR,ERR,ERR,ERR,ERR,ERR,ERR,ERR,ERR,ERR,ERR,ERR,ERR,ERR,ERR,ERR,ERR,ERR,ERR,ERR,ERR,ERR,ERR,ERR,ERR,ERR,ERR,ERR,ERR,ERR,ERR,ERR,ERR,ERR,ERR,ERR,ERR,ERR,ERR,ERR,ERR,ERR,ERR,ERR,ERR,ERR,ERR,ERR,ERR,ERR,ERR,ERR,ERR,ERR,ERR,ERR,ERR,ERR,ERR,ERR,ERR,ERR,ERR,ERR,ERR,ERR,ERR,ERR,ERR,ERR,ERR,ERR,ERR,ERR,ERR,ERR,ERR,ERR,ERR,ERR,ERR,ERR,ERR,ERR,ERR,ERR,ERR,ERR,ERR,ERR,ERR,ERR,ERR,ERR,ERR,ERR,ERR,ERR,ERR,ERR,ERR,ERR,ERR,ERR,ERR,ERR,ERR,ERR,ERR,ERR,ERR,ERR,ERR,ERR,ERR,ERR,ERR,ERR,ERR,ERR,ERR,ERR,ERR,-107615240.0,0.0,-117832800.0,0.0,0.0,0.0,0.0,nan,0,0,0,32768,0,0.0,0,0.0,0.0,0.0,0.0,0.0,0,0,0,0,0.0,0,0,0,0,0,0,0,0,0,0,0,0,0,0,0,0,0,0,0,0,0,0,0,0,0,0,0,0,0,0,0,0,0,0,0,0,0,0,0,0,0,0,0,0,0.0,0.0,0.0,0.0,0.0,0.0,0.0,0.0,0.0,0.0,0.0,0.0,0.0,0.0,0.0,0.0,0.0,0.0,0.0,0.0,0.0,0.0,2.004,-0.0,0.0,-2.004,0.0,0.0,0.0,0.0,3342.0,-8608104448.0,0.0,-107615240.0,0.0,-107615232.0,-0.0,0.0,0.0,0.0,0.0,0,0.0,-0.0,0.0,0.0,0.0,0.0,0.0,0.0,0.0,0,0,0,0.0,0.0,0.0,0.0,0.0,0.0,0.0,0.0,0.0,0.0,0.0,0.0,0.0,0.0,0.0,0.0,0,-107875648.0,0,0.0,0,-107875648.0,0.0,0,26215,17038,52429,17052,13107,17037,0,0,0,110,100,100,0.0,64.1,0.0,64.8,-0.0,68.5,1,49,50,180,0,0,0,0,0.0,0.0,0.0,0.0,4.621046710670459e+18,65.5,0.0,0.0,0.0,645,0,685,0,0,0,712,0,784,0,706,0,688,0,645,0,640,0,619,0.032,36700160.0,-2.004,-0.0,38544,16789,63568212918272.0,0.0,4.51070393277481e+16,-0.0,0.0,-4.5078057674628605e+33,29.0,60.0,70,0.0,0.0,0.0,0.0,0.0,0.0,0.0,0.0,0.0,0.0,0.0,0.0,0.0,0.0,0.0,0.0,59.2,68,12,65509,41,65476,0,300,0,0,8,20529,65476,0,0,61604,60.0,0.0,0.0,0.0,0.0,0.0
2026-04-04T11:58:11,ERR,ERR,ERR,ERR,ERR,ERR,ERR,ERR,ERR,ERR,ERR,ERR,ERR,ERR,ERR,ERR,ERR,ERR,ERR,ERR,ERR,ERR,ERR,ERR,ERR,ERR,ERR,ERR,ERR,ERR,ERR,ERR,ERR,ERR,ERR,ERR,ERR,ERR,ERR,ERR,ERR,ERR,ERR,ERR,ERR,ERR,ERR,ERR,ERR,ERR,ERR,ERR,ERR,ERR,ERR,ERR,ERR,ERR,ERR,ERR,ERR,ERR,ERR,ERR,ERR,ERR,ERR,ERR,ERR,ERR,ERR,ERR,ERR,ERR,ERR,ERR,ERR,ERR,ERR,ERR,ERR,ERR,ERR,ERR,ERR,ERR,ERR,ERR,ERR,ERR,ERR,ERR,ERR,ERR,ERR,ERR,ERR,ERR,ERR,ERR,ERR,ERR,ERR,ERR,ERR,ERR,ERR,ERR,ERR,ERR,ERR,ERR,ERR,ERR,ERR,ERR,ERR,ERR,ERR,ERR,ERR,ERR,ERR,ERR,ERR,-107615240.0,0.0,-117832800.0,0.0,0.0,0.0,0.0,nan,0,0,0,32768,0,0.0,0,0.0,0.0,0.0,0.0,0.0,0,0,0,0,0.0,0,0,0,0,0,0,0,0,0,0,0,0,0,0,0,0,0,0,0,0,0,0,0,0,0,0,0,0,0,0,0,0,0,0,0,0,0,0,0,0,0,0,0,0,0.0,0.0,0.0,0.0,0.0,0.0,0.0,0.0,0.0,0.0,0.0,0.0,0.0,0.0,0.0,0.0,0.0,0.0,0.0,0.0,0.0,0.0,2.004,-0.0,0.0,-2.004,0.0,0.0,0.0,0.0,3342.0,-8608104448.0,0.0,-107615240.0,0.0,-107615232.0,-0.0,0.0,0.0,0.0,0.0,0,0.0,-0.0,0.0,0.0,0.0,0.0,0.0,0.0,0.0,0,0,0,0.0,0.0,0.0,0.0,0.0,0.0,0.0,0.0,0.0,0.0,0.0,0.0,0.0,0.0,0.0,0.0,0,-107875648.0,0,0.0,0,-107875648.0,0.0,0,26215,17038,52429,17052,13107,17037,0,0,0,110,100,100,0.0,64.1,0.0,64.8,-0.0,68.5,1,49,50,180,0,0,0,0,0.0,0.0,0.0,0.0,3.642356815078046e+23,65.5,0.0,-3.0791908103488314e+36,0.0,645,0,685,0,0,0,712,0,784,0,706,0,688,0,645,0,640,0,619,0.032,36962304.0,-2.004,-0.0,38032,16789,2.236607656338579e+27,-1.5433271279691809e+25,9.742297192856216e+20,0.0,0.0,0.0,29.0,60.0,70,0.0,0.0,0.0,0.0,0.0,0.0,0.0,0.0,0.0,0.0,0.0,0.0,0.0,0.0,0.0,0.0,59.2,68,12,65509,41,65476,0,300,0,0,8,20529,65476,0,0,61604,60.0,0.0,0.0,0.0,0.0,0.0
2026-04-04T11:58:12,ERR,ERR,ERR,ERR,ERR,ERR,ERR,ERR,ERR,ERR,ERR,ERR,ERR,ERR,ERR,ERR,ERR,ERR,ERR,ERR,ERR,ERR,ERR,ERR,ERR,ERR,ERR,ERR,ERR,ERR,ERR,ERR,ERR,ERR,ERR,ERR,ERR,ERR,ERR,ERR,ERR,ERR,ERR,ERR,ERR,ERR,ERR,ERR,ERR,ERR,ERR,ERR,ERR,ERR,ERR,ERR,ERR,ERR,ERR,ERR,ERR,ERR,ERR,ERR,ERR,ERR,ERR,ERR,ERR,ERR,ERR,ERR,ERR,ERR,ERR,ERR,ERR,ERR,ERR,ERR,ERR,ERR,ERR,ERR,ERR,ERR,ERR,ERR,ERR,ERR,ERR,ERR,ERR,ERR,ERR,ERR,ERR,ERR,ERR,ERR,ERR,ERR,ERR,ERR,ERR,ERR,ERR,ERR,ERR,ERR,ERR,ERR,ERR,ERR,ERR,ERR,ERR,ERR,ERR,ERR,ERR,ERR,ERR,ERR,ERR,-107615240.0,0.0,-117832800.0,0.0,0.0,0.0,0.0,nan,0,0,0,32768,0,0.0,0,0.0,0.0,0.0,0.0,0.0,0,0,0,0,0.0,0,0,0,0,0,0,0,0,0,0,0,0,0,0,0,0,0,0,0,0,0,0,0,0,0,0,0,0,0,0,0,0,0,0,0,0,0,0,0,0,0,0,0,0,0.0,0.0,0.0,0.0,0.0,0.0,0.0,0.0,0.0,0.0,0.0,0.0,0.0,0.0,0.0,0.0,0.0,0.0,0.0,0.0,0.0,0.0,2.004,-0.0,0.0,-2.004,0.0,0.0,0.0,0.0,3342.0,-8608104448.0,0.0,-107615240.0,0.0,-107615232.0,-0.0,0.0,0.0,0.0,0.0,0,0.0,-0.0,0.0,0.0,0.0,0.0,0.0,0.0,0.0,0,0,0,0.0,0.0,0.0,0.0,0.0,0.0,0.0,0.0,0.0,0.0,0.0,0.0,0.0,0.0,0.0,0.0,0,-107875648.0,0,0.0,0,-107875648.0,0.0,0,26215,17038,52429,17052,13107,17037,0,0,0,110,100,100,0.0,64.1,0.0,64.8,-0.0,68.5,1,49,50,180,0,0,0,0,0.0,0.0,0.0,0.0,3.642356815078046e+23,65.5,0.0,-3.0791908103488314e+36,0.0,645,0,685,0,0,0,712,0,784,0,706,0,688,0,645,0,640,0,619,0.032,36962304.0,-2.004,-0.0,38032,16789,2.236607656338579e+27,-1.5433271279691809e+25,9.742297192856216e+20,0.0,0.0,0.0,29.0,60.0,70,0.0,0.0,0.0,0.0,0.0,0.0,0.0,0.0,0.0,0.0,0.0,0.0,0.0,0.0,0.0,0.0,59.2,68,12,65509,41,65476,0,300,0,0,8,20529,65476,0,0,61604,60.0,0.0,0.0,0.0,0.0,0.0
2026-04-04T11:58:13,ERR,ERR,ERR,ERR,ERR,ERR,ERR,ERR,ERR,ERR,ERR,ERR,ERR,ERR,ERR,ERR,ERR,ERR,ERR,ERR,ERR,ERR,ERR,ERR,ERR,ERR,ERR,ERR,ERR,ERR,ERR,ERR,ERR,ERR,ERR,ERR,ERR,ERR,ERR,ERR,ERR,ERR,ERR,ERR,ERR,ERR,ERR,ERR,ERR,ERR,ERR,ERR,ERR,ERR,ERR,ERR,ERR,ERR,ERR,ERR,ERR,ERR,ERR,ERR,ERR,ERR,ERR,ERR,ERR,ERR,ERR,ERR,ERR,ERR,ERR,ERR,ERR,ERR,ERR,ERR,ERR,ERR,ERR,ERR,ERR,ERR,ERR,ERR,ERR,ERR,ERR,ERR,ERR,ERR,ERR,ERR,ERR,ERR,ERR,ERR,ERR,ERR,ERR,ERR,ERR,ERR,ERR,ERR,ERR,ERR,ERR,ERR,ERR,ERR,ERR,ERR,ERR,ERR,ERR,ERR,ERR,ERR,ERR,ERR,ERR,-107615240.0,0.0,-117832800.0,0.0,0.0,0.0,0.0,nan,0,0,0,32768,0,0.0,0,0.0,0.0,0.0,0.0,0.0,0,0,0,0,0.0,0,0,0,0,0,0,0,0,0,0,0,0,0,0,0,0,0,0,0,0,0,0,0,0,0,0,0,0,0,0,0,0,0,0,0,0,0,0,0,0,0,0,0,0,0.0,0.0,0.0,0.0,0.0,0.0,0.0,0.0,0.0,0.0,0.0,0.0,0.0,0.0,0.0,0.0,0.0,0.0,0.0,0.0,0.0,0.0,2.004,-0.0,0.0,-2.004,0.0,0.0,0.0,0.0,3342.0,-8608104448.0,0.0,-107615240.0,0.0,-107615232.0,-0.0,0.0,0.0,0.0,0.0,0,0.0,-0.0,0.0,0.0,0.0,0.0,0.0,0.0,0.0,0,0,0,0.0,0.0,0.0,0.0,0.0,0.0,0.0,0.0,0.0,0.0,0.0,0.0,0.0,0.0,0.0,0.0,0,-107875648.0,0,0.0,0,-107875648.0,0.0,0,26215,17038,52429,17052,13107,17037,0,0,0,110,100,100,0.0,64.1,0.0,64.8,-0.0,68.5,1,49,50,180,0,0,0,0,0.0,0.0,0.0,0.0,3.642356815078046e+23,65.5,0.0,-3.0791908103488314e+36,0.0,645,0,685,0,0,0,712,0,784,0,706,0,688,0,645,0,640,0,619,0.032,36962304.0,-2.004,-0.0,38032,16789,2.236607656338579e+27,-1.5433271279691809e+25,9.742297192856216e+20,0.0,0.0,0.0,29.0,60.0,70,0.0,0.0,0.0,0.0,0.0,0.0,0.0,0.0,0.0,0.0,0.0,0.0,0.0,0.0,0.0,0.0,59.2,68,12,65509,41,65476,0,300,0,0,8,20529,65476,0,0,61604,60.0,0.0,0.0,0.0,0.0,0.0
2026-04-04T11:58:14,ERR,ERR,ERR,ERR,ERR,ERR,ERR,ERR,ERR,ERR,ERR,ERR,ERR,ERR,ERR,ERR,ERR,ERR,ERR,ERR,ERR,ERR,ERR,ERR,ERR,ERR,ERR,ERR,ERR,ERR,ERR,ERR,ERR,ERR,ERR,ERR,ERR,ERR,ERR,ERR,ERR,ERR,ERR,ERR,ERR,ERR,ERR,ERR,ERR,ERR,ERR,ERR,ERR,ERR,ERR,ERR,ERR,ERR,ERR,ERR,ERR,ERR,ERR,ERR,ERR,ERR,ERR,ERR,ERR,ERR,ERR,ERR,ERR,ERR,ERR,ERR,ERR,ERR,ERR,ERR,ERR,ERR,ERR,ERR,ERR,ERR,ERR,ERR,ERR,ERR,ERR,ERR,ERR,ERR,ERR,ERR,ERR,ERR,ERR,ERR,ERR,ERR,ERR,ERR,ERR,ERR,ERR,ERR,ERR,ERR,ERR,ERR,ERR,ERR,ERR,ERR,ERR,ERR,ERR,ERR,ERR,ERR,ERR,ERR,ERR,-107615240.0,0.0,-117832800.0,0.0,0.0,0.0,0.0,nan,0,0,0,32768,0,0.0,0,0.0,0.0,0.0,0.0,0.0,0,0,0,0,0.0,0,0,0,0,0,0,0,0,0,0,0,0,0,0,0,0,0,0,0,0,0,0,0,0,0,0,0,0,0,0,0,0,0,0,0,0,0,0,0,0,0,0,0,0,0.0,0.0,0.0,0.0,0.0,0.0,0.0,0.0,0.0,0.0,0.0,0.0,0.0,0.0,0.0,0.0,0.0,0.0,0.0,0.0,0.0,0.0,2.004,-0.0,0.0,-2.004,0.0,0.0,0.0,0.0,3342.0,-8608104448.0,0.0,-107615240.0,0.0,-107615232.0,-0.0,0.0,0.0,0.0,0.0,0,0.0,-0.0,0.0,0.0,0.0,0.0,0.0,0.0,0.0,0,0,0,0.0,0.0,0.0,0.0,0.0,0.0,0.0,0.0,0.0,0.0,0.0,0.0,0.0,0.0,0.0,0.0,0,-107875648.0,0,0.0,0,-107875648.0,0.0,0,26215,17038,52429,17052,13107,17037,0,0,0,110,100,100,0.0,64.1,0.0,64.8,-0.0,68.5,1,49,50,180,0,0,0,0,0.0,0.0,0.0,0.0,3.642356815078046e+23,65.5,0.0,-3.0791908103488314e+36,0.0,645,0,685,0,0,0,712,0,784,0,706,0,688,0,645,0,640,0,619,0.032,36962304.0,-2.004,-0.0,38032,16789,2.236607656338579e+27,-1.5433271279691809e+25,9.742297192856216e+20,0.0,0.0,0.0,29.0,60.0,70,0.0,0.0,0.0,0.0,0.0,0.0,0.0,0.0,0.0,0.0,0.0,0.0,0.0,0.0,0.0,0.0,59.2,68,12,65509,41,65476,0,300,0,0,8,20529,65476,0,0,61604,60.0,0.0,0.0,0.0,0.0,0.0
2026-04-04T11:58:15,ERR,ERR,ERR,ERR,ERR,ERR,ERR,ERR,ERR,ERR,ERR,ERR,ERR,ERR,ERR,ERR,ERR,ERR,ERR,ERR,ERR,ERR,ERR,ERR,ERR,ERR,ERR,ERR,ERR,ERR,ERR,ERR,ERR,ERR,ERR,ERR,ERR,ERR,ERR,ERR,ERR,ERR,ERR,ERR,ERR,ERR,ERR,ERR,ERR,ERR,ERR,ERR,ERR,ERR,ERR,ERR,ERR,ERR,ERR,ERR,ERR,ERR,ERR,ERR,ERR,ERR,ERR,ERR,ERR,ERR,ERR,ERR,ERR,ERR,ERR,ERR,ERR,ERR,ERR,ERR,ERR,ERR,ERR,ERR,ERR,ERR,ERR,ERR,ERR,ERR,ERR,ERR,ERR,ERR,ERR,ERR,ERR,ERR,ERR,ERR,ERR,ERR,ERR,ERR,ERR,ERR,ERR,ERR,ERR,ERR,ERR,ERR,ERR,ERR,ERR,ERR,ERR,ERR,ERR,ERR,ERR,ERR,ERR,ERR,ERR,-107615240.0,0.0,-117832800.0,0.0,0.0,0.0,0.0,nan,0,0,0,32768,0,0.0,0,0.0,0.0,0.0,0.0,0.0,0,0,0,0,0.0,0,0,0,0,0,0,0,0,0,0,0,0,0,0,0,0,0,0,0,0,0,0,0,0,0,0,0,0,0,0,0,0,0,0,0,0,0,0,0,0,0,0,0,0,0.0,0.0,0.0,0.0,0.0,0.0,0.0,0.0,0.0,0.0,0.0,0.0,0.0,0.0,0.0,0.0,0.0,0.0,0.0,0.0,0.0,0.0,2.004,-0.0,0.0,-2.004,0.0,0.0,0.0,0.0,3342.0,-8608104448.0,0.0,-107615240.0,0.0,-107615232.0,-0.0,0.0,0.0,0.0,0.0,0,0.0,-0.0,0.0,0.0,0.0,0.0,0.0,0.0,0.0,0,0,0,0.0,0.0,0.0,0.0,0.0,0.0,0.0,0.0,0.0,0.0,0.0,0.0,0.0,0.0,0.0,0.0,0,-107875648.0,0,0.0,0,-107875648.0,0.0,0,26215,17038,52429,17052,13107,17037,0,0,0,110,100,100,0.0,64.1,0.0,64.8,-0.0,68.5,1,49,50,180,0,0,0,0,0.0,0.0,0.0,0.0,3.642356815078046e+23,65.5,0.0,-3.0791908103488314e+36,0.0,645,0,685,0,0,0,712,0,784,0,706,0,688,0,645,0,640,0,619,0.032,36962304.0,-2.004,-0.0,38032,16789,2.236607656338579e+27,-1.5433271279691809e+25,9.742297192856216e+20,0.0,0.0,0.0,29.0,60.0,70,0.0,0.0,0.0,0.0,0.0,0.0,0.0,0.0,0.0,0.0,0.0,0.0,0.0,0.0,0.0,0.0,59.2,68,12,65509,41,65476,0,300,0,0,8,20529,65476,0,0,61604,60.0,0.0,0.0,0.0,0.0,0.0
2026-04-04T11:58:16,ERR,ERR,ERR,ERR,ERR,ERR,ERR,ERR,ERR,ERR,ERR,ERR,ERR,ERR,ERR,ERR,ERR,ERR,ERR,ERR,ERR,ERR,ERR,ERR,ERR,ERR,ERR,ERR,ERR,ERR,ERR,ERR,ERR,ERR,ERR,ERR,ERR,ERR,ERR,ERR,ERR,ERR,ERR,ERR,ERR,ERR,ERR,ERR,ERR,ERR,ERR,ERR,ERR,ERR,ERR,ERR,ERR,ERR,ERR,ERR,ERR,ERR,ERR,ERR,ERR,ERR,ERR,ERR,ERR,ERR,ERR,ERR,ERR,ERR,ERR,ERR,ERR,ERR,ERR,ERR,ERR,ERR,ERR,ERR,ERR,ERR,ERR,ERR,ERR,ERR,ERR,ERR,ERR,ERR,ERR,ERR,ERR,ERR,ERR,ERR,ERR,ERR,ERR,ERR,ERR,ERR,ERR,ERR,ERR,ERR,ERR,ERR,ERR,ERR,ERR,ERR,ERR,ERR,ERR,ERR,ERR,ERR,ERR,ERR,ERR,-107615240.0,0.0,-117832800.0,0.0,0.0,0.0,0.0,nan,0,0,0,32768,0,0.0,0,0.0,0.0,0.0,0.0,0.0,0,0,0,0,0.0,0,0,0,0,0,0,0,0,0,0,0,0,0,0,0,0,0,0,0,0,0,0,0,0,0,0,0,0,0,0,0,0,0,0,0,0,0,0,0,0,0,0,0,0,0.0,0.0,0.0,0.0,0.0,0.0,0.0,0.0,0.0,0.0,0.0,0.0,0.0,0.0,0.0,0.0,0.0,0.0,0.0,0.0,0.0,0.0,2.004,-0.0,0.0,-2.004,0.0,0.0,0.0,0.0,3342.0,-8608104448.0,0.0,-107615240.0,0.0,-107615232.0,-0.0,0.0,0.0,0.0,0.0,0,0.0,-0.0,0.0,0.0,0.0,0.0,0.0,0.0,0.0,0,0,0,0.0,0.0,0.0,0.0,0.0,0.0,0.0,0.0,0.0,0.0,0.0,0.0,0.0,0.0,0.0,0.0,0,-107875648.0,0,0.0,0,-107875648.0,0.0,0,26215,17038,52429,17052,13107,17037,0,0,0,110,100,100,0.0,64.1,0.0,64.8,-0.0,68.5,1,49,50,180,0,0,0,0,0.0,0.0,0.0,0.0,3.642356815078046e+23,65.5,0.0,-3.0791908103488314e+36,0.0,645,0,685,0,0,0,712,0,784,0,706,0,688,0,645,0,640,0,619,0.032,36962304.0,-2.004,-0.0,38032,16789,2.236607656338579e+27,-1.5433271279691809e+25,9.742297192856216e+20,0.0,0.0,0.0,29.0,60.0,70,0.0,0.0,0.0,0.0,0.0,0.0,0.0,0.0,0.0,0.0,0.0,0.0,0.0,0.0,0.0,0.0,59.2,68,12,65509,41,65476,0,300,0,0,8,20529,65476,0,0,61604,60.0,0.0,0.0,0.0,0.0,0.0
2026-04-04T11:58:17,ERR,ERR,ERR,ERR,ERR,ERR,ERR,ERR,ERR,ERR,ERR,ERR,ERR,ERR,ERR,ERR,ERR,ERR,ERR,ERR,ERR,ERR,ERR,ERR,ERR,ERR,ERR,ERR,ERR,ERR,ERR,ERR,ERR,ERR,ERR,ERR,ERR,ERR,ERR,ERR,ERR,ERR,ERR,ERR,ERR,ERR,ERR,ERR,ERR,ERR,ERR,ERR,ERR,ERR,ERR,ERR,ERR,ERR,ERR,ERR,ERR,ERR,ERR,ERR,ERR,ERR,ERR,ERR,ERR,ERR,ERR,ERR,ERR,ERR,ERR,ERR,ERR,ERR,ERR,ERR,ERR,ERR,ERR,ERR,ERR,ERR,ERR,ERR,ERR,ERR,ERR,ERR,ERR,ERR,ERR,ERR,ERR,ERR,ERR,ERR,ERR,ERR,ERR,ERR,ERR,ERR,ERR,ERR,ERR,ERR,ERR,ERR,ERR,ERR,ERR,ERR,ERR,ERR,ERR,ERR,ERR,ERR,ERR,ERR,ERR,-107615240.0,0.0,-117832800.0,0.0,0.0,0.0,0.0,nan,0,0,0,32768,0,0.0,0,0.0,0.0,0.0,0.0,0.0,0,0,0,0,0.0,0,0,0,0,0,0,0,0,0,0,0,0,0,0,0,0,0,0,0,0,0,0,0,0,0,0,0,0,0,0,0,0,0,0,0,0,0,0,0,0,0,0,0,0,0.0,0.0,0.0,0.0,0.0,0.0,0.0,0.0,0.0,0.0,0.0,0.0,0.0,0.0,0.0,0.0,0.0,0.0,0.0,0.0,0.0,0.0,2.004,-0.0,0.0,-2.004,0.0,0.0,0.0,0.0,3356.5,0.0,0.0,-107615240.0,0.0,-107615232.0,-0.0,0.0,0.0,0.0,0.0,0,0.0,-2.3088162645770607e+20,0.0,0.0,0.0,0.0,0.0,0.0,0.0,0,0,0,0.0,0.0,0.0,0.0,0.0,0.0,0.0,0.0,0.0,0.0,0.0,0.0,0.0,0.0,0.0,0.0,0,-107875648.0,0,0.0,0,-107875648.0,0.0,0,26215,17038,52429,17052,13107,17037,0,0,0,110,100,100,0.0,64.1,0.0,64.8,-0.0,68.5,1,49,50,180,0,0,0,0,0.0,0.0,0.0,0.0,1.1611395122108826e+17,65.5,0.0,-0.0,0.0,645,0,685,0,0,0,712,0,784,0,706,0,688,0,645,0,640,0,619,0.032,36700160.0,-2.004,-0.0,48656,16789,9776019800064.0,8.449159485388157e+37,-8.027353194876319e+19,0.0,-0.0,-0.0,29.0,60.0,70,0.0,0.0,0.0,0.0,0.0,0.0,0.0,0.0,0.0,0.0,0.0,0.0,0.0,0.0,0.0,0.0,59.2,68,12,65509,41,65476,0,300,0,0,8,20529,65476,0,0,61604,60.0,0.0,0.0,0.0,0.0,0.0
2026-04-04T11:58:18,ERR,ERR,ERR,ERR,ERR,ERR,ERR,ERR,ERR,ERR,ERR,ERR,ERR,ERR,ERR,ERR,ERR,ERR,ERR,ERR,ERR,ERR,ERR,ERR,ERR,ERR,ERR,ERR,ERR,ERR,ERR,ERR,ERR,ERR,ERR,ERR,ERR,ERR,ERR,ERR,ERR,ERR,ERR,ERR,ERR,ERR,ERR,ERR,ERR,ERR,ERR,ERR,ERR,ERR,ERR,ERR,ERR,ERR,ERR,ERR,ERR,ERR,ERR,ERR,ERR,ERR,ERR,ERR,ERR,ERR,ERR,ERR,ERR,ERR,ERR,ERR,ERR,ERR,ERR,ERR,ERR,ERR,ERR,ERR,ERR,ERR,ERR,ERR,ERR,ERR,ERR,ERR,ERR,ERR,ERR,ERR,ERR,ERR,ERR,ERR,ERR,ERR,ERR,ERR,ERR,ERR,ERR,ERR,ERR,ERR,ERR,ERR,ERR,ERR,ERR,ERR,ERR,ERR,ERR,ERR,ERR,ERR,ERR,ERR,ERR,-107615240.0,0.0,-117832800.0,0.0,0.0,0.0,0.0,nan,0,0,0,32768,0,0.0,0,0.0,0.0,0.0,0.0,0.0,0,0,0,0,0.0,0,0,0,0,0,0,0,0,0,0,0,0,0,0,0,0,0,0,0,0,0,0,0,0,0,0,0,0,0,0,0,0,0,0,0,0,0,0,0,0,0,0,0,0,0.0,0.0,0.0,0.0,0.0,0.0,0.0,0.0,0.0,0.0,0.0,0.0,0.0,0.0,0.0,0.0,0.0,0.0,0.0,0.0,0.0,0.0,2.004,-0.0,0.0,-2.004,0.0,0.0,0.0,0.0,3356.5,0.0,0.0,-107615240.0,0.0,-107615232.0,-0.0,0.0,0.0,0.0,0.0,0,0.0,-2.3088162645770607e+20,0.0,0.0,0.0,0.0,0.0,0.0,0.0,0,0,0,0.0,0.0,0.0,0.0,0.0,0.0,0.0,0.0,0.0,0.0,0.0,0.0,0.0,0.0,0.0,0.0,0,-107875648.0,0,0.0,0,-107875648.0,0.0,0,26215,17038,52429,17052,13107,17037,0,0,0,110,100,100,0.0,64.1,0.0,64.8,-0.0,68.5,1,49,50,180,0,0,0,0,0.0,0.0,0.0,0.0,1.1611395122108826e+17,65.5,0.0,-0.0,0.0,645,0,685,0,0,0,712,0,784,0,706,0,688,0,645,0,640,0,619,0.032,36700160.0,-2.004,-0.0,48656,16789,9776019800064.0,8.449159485388157e+37,-8.027353194876319e+19,0.0,-0.0,-0.0,29.0,60.0,70,0.0,0.0,0.0,0.0,0.0,0.0,0.0,0.0,0.0,0.0,0.0,0.0,0.0,0.0,0.0,0.0,59.2,68,12,65509,41,65476,0,300,0,0,8,20529,65476,0,0,61604,60.0,0.0,0.0,0.0,0.0,0.0
2026-04-04T11:58:19,ERR,ERR,ERR,ERR,ERR,ERR,ERR,ERR,ERR,ERR,ERR,ERR,ERR,ERR,ERR,ERR,ERR,ERR,ERR,ERR,ERR,ERR,ERR,ERR,ERR,ERR,ERR,ERR,ERR,ERR,ERR,ERR,ERR,ERR,ERR,ERR,ERR,ERR,ERR,ERR,ERR,ERR,ERR,ERR,ERR,ERR,ERR,ERR,ERR,ERR,ERR,ERR,ERR,ERR,ERR,ERR,ERR,ERR,ERR,ERR,ERR,ERR,ERR,ERR,ERR,ERR,ERR,ERR,ERR,ERR,ERR,ERR,ERR,ERR,ERR,ERR,ERR,ERR,ERR,ERR,ERR,ERR,ERR,ERR,ERR,ERR,ERR,ERR,ERR,ERR,ERR,ERR,ERR,ERR,ERR,ERR,ERR,ERR,ERR,ERR,ERR,ERR,ERR,ERR,ERR,ERR,ERR,ERR,ERR,ERR,ERR,ERR,ERR,ERR,ERR,ERR,ERR,ERR,ERR,ERR,ERR,ERR,ERR,ERR,ERR,-107615240.0,0.0,-117832800.0,0.0,0.0,0.0,0.0,nan,0,0,0,32768,0,0.0,0,0.0,0.0,0.0,0.0,0.0,0,0,0,0,0.0,0,0,0,0,0,0,0,0,0,0,0,0,0,0,0,0,0,0,0,0,0,0,0,0,0,0,0,0,0,0,0,0,0,0,0,0,0,0,0,0,0,0,0,0,0.0,0.0,0.0,0.0,0.0,0.0,0.0,0.0,0.0,0.0,0.0,0.0,0.0,0.0,0.0,0.0,0.0,0.0,0.0,0.0,0.0,0.0,2.004,-0.0,0.0,-2.004,0.0,0.0,0.0,0.0,3356.5,0.0,0.0,-107615240.0,0.0,-107615232.0,-0.0,0.0,0.0,0.0,0.0,0,0.0,-2.3088162645770607e+20,0.0,0.0,0.0,0.0,0.0,0.0,0.0,0,0,0,0.0,0.0,0.0,0.0,0.0,0.0,0.0,0.0,0.0,0.0,0.0,0.0,0.0,0.0,0.0,0.0,0,-107875648.0,0,0.0,0,-107875648.0,0.0,0,26215,17038,52429,17052,13107,17037,0,0,0,110,100,100,0.0,64.1,0.0,64.8,-0.0,68.5,1,49,50,180,0,0,0,0,0.0,0.0,0.0,0.0,1.1611395122108826e+17,65.5,0.0,-0.0,0.0,645,0,685,0,0,0,712,0,784,0,706,0,688,0,645,0,640,0,619,0.032,36700160.0,-2.004,-0.0,48656,16789,9776019800064.0,8.449159485388157e+37,-8.027353194876319e+19,0.0,-0.0,-0.0,29.0,60.0,70,0.0,0.0,0.0,0.0,0.0,0.0,0.0,0.0,0.0,0.0,0.0,0.0,0.0,0.0,0.0,0.0,59.2,68,12,65509,41,65476,0,300,0,0,8,20529,65476,0,0,61604,60.0,0.0,0.0,0.0,0.0,0.0
2026-04-04T11:58:20,ERR,ERR,ERR,ERR,ERR,ERR,ERR,ERR,ERR,ERR,ERR,ERR,ERR,ERR,ERR,ERR,ERR,ERR,ERR,ERR,ERR,ERR,ERR,ERR,ERR,ERR,ERR,ERR,ERR,ERR,ERR,ERR,ERR,ERR,ERR,ERR,ERR,ERR,ERR,ERR,ERR,ERR,ERR,ERR,ERR,ERR,ERR,ERR,ERR,ERR,ERR,ERR,ERR,ERR,ERR,ERR,ERR,ERR,ERR,ERR,ERR,ERR,ERR,ERR,ERR,ERR,ERR,ERR,ERR,ERR,ERR,ERR,ERR,ERR,ERR,ERR,ERR,ERR,ERR,ERR,ERR,ERR,ERR,ERR,ERR,ERR,ERR,ERR,ERR,ERR,ERR,ERR,ERR,ERR,ERR,ERR,ERR,ERR,ERR,ERR,ERR,ERR,ERR,ERR,ERR,ERR,ERR,ERR,ERR,ERR,ERR,ERR,ERR,ERR,ERR,ERR,ERR,ERR,ERR,ERR,ERR,ERR,ERR,ERR,ERR,-107615240.0,0.0,-117832800.0,0.0,0.0,0.0,0.0,nan,0,0,0,32768,0,0.0,0,0.0,0.0,0.0,0.0,0.0,0,0,0,0,0.0,0,0,0,0,0,0,0,0,0,0,0,0,0,0,0,0,0,0,0,0,0,0,0,0,0,0,0,0,0,0,0,0,0,0,0,0,0,0,0,0,0,0,0,0,0.0,0.0,0.0,0.0,0.0,0.0,0.0,0.0,0.0,0.0,0.0,0.0,0.0,0.0,0.0,0.0,0.0,0.0,0.0,0.0,0.0,0.0,2.004,-0.0,0.0,-2.004,0.0,0.0,0.0,0.0,3356.5,0.0,0.0,-107615240.0,0.0,-107615232.0,-0.0,0.0,0.0,0.0,0.0,0,0.0,-2.3088162645770607e+20,0.0,0.0,0.0,0.0,0.0,0.0,0.0,0,0,0,0.0,0.0,0.0,0.0,0.0,0.0,0.0,0.0,0.0,0.0,0.0,0.0,0.0,0.0,0.0,0.0,0,-107875648.0,0,0.0,0,-107875648.0,0.0,0,26215,17038,52429,17052,13107,17037,0,0,0,110,100,100,0.0,64.1,0.0,64.8,-0.0,68.5,1,49,50,180,0,0,0,0,0.0,0.0,0.0,0.0,1.1611395122108826e+17,65.5,0.0,-0.0,0.0,645,0,685,0,0,0,712,0,784,0,706,0,688,0,645,0,640,0,619,0.032,36700160.0,-2.004,-0.0,48656,16789,9776019800064.0,8.449159485388157e+37,-8.027353194876319e+19,0.0,-0.0,-0.0,29.0,60.0,70,0.0,0.0,0.0,0.0,0.0,0.0,0.0,0.0,0.0,0.0,0.0,0.0,0.0,0.0,0.0,0.0,59.6,68,12,65509,41,65476,0,300,0,0,8,20529,65476,0,0,61604,60.0,0.0,0.0,0.0,0.0,0.0
2026-04-04T11:58:21,ERR,ERR,ERR,ERR,ERR,ERR,ERR,ERR,ERR,ERR,ERR,ERR,ERR,ERR,ERR,ERR,ERR,ERR,ERR,ERR,ERR,ERR,ERR,ERR,ERR,ERR,ERR,ERR,ERR,ERR,ERR,ERR,ERR,ERR,ERR,ERR,ERR,ERR,ERR,ERR,ERR,ERR,ERR,ERR,ERR,ERR,ERR,ERR,ERR,ERR,ERR,ERR,ERR,ERR,ERR,ERR,ERR,ERR,ERR,ERR,ERR,ERR,ERR,ERR,ERR,ERR,ERR,ERR,ERR,ERR,ERR,ERR,ERR,ERR,ERR,ERR,ERR,ERR,ERR,ERR,ERR,ERR,ERR,ERR,ERR,ERR,ERR,ERR,ERR,ERR,ERR,ERR,ERR,ERR,ERR,ERR,ERR,ERR,ERR,ERR,ERR,ERR,ERR,ERR,ERR,ERR,ERR,ERR,ERR,ERR,ERR,ERR,ERR,ERR,ERR,ERR,ERR,ERR,ERR,ERR,ERR,ERR,ERR,ERR,ERR,-107615240.0,0.0,-117832800.0,0.0,0.0,0.0,0.0,nan,0,0,0,32768,0,0.0,0,0.0,0.0,0.0,0.0,0.0,0,0,0,0,0.0,0,0,0,0,0,0,0,0,0,0,0,0,0,0,0,0,0,0,0,0,0,0,0,0,0,0,0,0,0,0,0,0,0,0,0,0,0,0,0,0,0,0,0,0,0.0,0.0,0.0,0.0,0.0,0.0,0.0,0.0,0.0,0.0,0.0,0.0,0.0,0.0,0.0,0.0,0.0,0.0,0.0,0.0,0.0,0.0,2.004,-0.0,0.0,-2.004,0.0,0.0,0.0,0.0,3356.5,0.0,0.0,-107615240.0,0.0,-107615232.0,-0.0,0.0,0.0,0.0,0.0,0,0.0,-2.3088162645770607e+20,0.0,0.0,0.0,0.0,0.0,0.0,0.0,0,0,0,0.0,0.0,0.0,0.0,0.0,0.0,0.0,0.0,0.0,0.0,0.0,0.0,0.0,0.0,0.0,0.0,0,-107875648.0,0,0.0,0,-107875648.0,0.0,0,26215,17038,52429,17052,13107,17037,0,0,0,110,100,100,0.0,64.1,0.0,64.8,-0.0,68.5,1,49,50,180,0,0,0,0,0.0,0.0,0.0,0.0,1.1611395122108826e+17,65.5,0.0,-0.0,0.0,645,0,685,0,0,0,712,0,784,0,706,0,688,0,645,0,640,0,619,0.032,36700160.0,-2.004,-0.0,48656,16789,9776019800064.0,8.449159485388157e+37,-8.027353194876319e+19,0.0,-0.0,-0.0,29.0,60.0,70,0.0,0.0,0.0,0.0,0.0,0.0,0.0,0.0,0.0,0.0,0.0,0.0,0.0,0.0,0.0,0.0,59.6,68,12,65509,41,65476,0,300,0,0,8,20529,65476,0,0,61604,60.0,0.0,0.0,0.0,0.0,0.0
2026-04-04T11:58:22,ERR,ERR,ERR,ERR,ERR,ERR,ERR,ERR,ERR,ERR,ERR,ERR,ERR,ERR,ERR,ERR,ERR,ERR,ERR,ERR,ERR,ERR,ERR,ERR,ERR,ERR,ERR,ERR,ERR,ERR,ERR,ERR,ERR,ERR,ERR,ERR,ERR,ERR,ERR,ERR,ERR,ERR,ERR,ERR,ERR,ERR,ERR,ERR,ERR,ERR,ERR,ERR,ERR,ERR,ERR,ERR,ERR,ERR,ERR,ERR,ERR,ERR,ERR,ERR,ERR,ERR,ERR,ERR,ERR,ERR,ERR,ERR,ERR,ERR,ERR,ERR,ERR,ERR,ERR,ERR,ERR,ERR,ERR,ERR,ERR,ERR,ERR,ERR,ERR,ERR,ERR,ERR,ERR,ERR,ERR,ERR,ERR,ERR,ERR,ERR,ERR,ERR,ERR,ERR,ERR,ERR,ERR,ERR,ERR,ERR,ERR,ERR,ERR,ERR,ERR,ERR,ERR,ERR,ERR,ERR,ERR,ERR,ERR,ERR,ERR,-107615240.0,0.0,-117832800.0,0.0,0.0,0.0,0.0,nan,0,0,0,32768,0,0.0,0,0.0,0.0,0.0,0.0,0.0,0,0,0,0,0.0,0,0,0,0,0,0,0,0,0,0,0,0,0,0,0,0,0,0,0,0,0,0,0,0,0,0,0,0,0,0,0,0,0,0,0,0,0,0,0,0,0,0,0,0,0.0,0.0,0.0,0.0,0.0,0.0,0.0,0.0,0.0,0.0,0.0,0.0,0.0,0.0,0.0,0.0,0.0,0.0,0.0,0.0,0.0,0.0,2.004,-0.0,0.0,-2.004,0.0,0.0,0.0,0.0,3356.5,0.0,0.0,-107615240.0,0.0,-107615232.0,-0.0,0.0,0.0,0.0,0.0,0,0.0,-2.3088162645770607e+20,0.0,0.0,0.0,0.0,0.0,0.0,0.0,0,0,0,0.0,0.0,0.0,0.0,0.0,0.0,0.0,0.0,0.0,0.0,0.0,0.0,0.0,0.0,0.0,0.0,0,-107875648.0,0,0.0,0,-107875648.0,0.0,0,26215,17038,52429,17052,13107,17037,0,0,0,110,100,100,0.0,64.1,0.0,64.8,-0.0,68.5,1,49,50,180,0,0,0,0,0.0,0.0,0.0,0.0,1.1611395122108826e+17,65.5,0.0,-0.0,0.0,645,0,685,0,0,0,712,0,784,0,706,0,688,0,645,0,640,0,619,0.032,36700160.0,-2.004,-0.0,48656,16789,9776019800064.0,8.449159485388157e+37,-8.027353194876319e+19,0.0,-0.0,-0.0,29.0,60.0,70,0.0,0.0,0.0,0.0,0.0,0.0,0.0,0.0,0.0,0.0,0.0,0.0,0.0,0.0,0.0,0.0,59.6,68,12,65509,41,65476,0,300,0,0,8,20529,65476,0,0,61604,60.0,0.0,0.0,0.0,0.0,0.0
2026-04-04T11:58:23,ERR,ERR,ERR,ERR,ERR,ERR,ERR,ERR,ERR,ERR,ERR,ERR,ERR,ERR,ERR,ERR,ERR,ERR,ERR,ERR,ERR,ERR,ERR,ERR,ERR,ERR,ERR,ERR,ERR,ERR,ERR,ERR,ERR,ERR,ERR,ERR,ERR,ERR,ERR,ERR,ERR,ERR,ERR,ERR,ERR,ERR,ERR,ERR,ERR,ERR,ERR,ERR,ERR,ERR,ERR,ERR,ERR,ERR,ERR,ERR,ERR,ERR,ERR,ERR,ERR,ERR,ERR,ERR,ERR,ERR,ERR,ERR,ERR,ERR,ERR,ERR,ERR,ERR,ERR,ERR,ERR,ERR,ERR,ERR,ERR,ERR,ERR,ERR,ERR,ERR,ERR,ERR,ERR,ERR,ERR,ERR,ERR,ERR,ERR,ERR,ERR,ERR,ERR,ERR,ERR,ERR,ERR,ERR,ERR,ERR,ERR,ERR,ERR,ERR,ERR,ERR,ERR,ERR,ERR,ERR,ERR,ERR,ERR,ERR,ERR,-107615240.0,0.0,-117832800.0,0.0,0.0,0.0,0.0,nan,0,0,0,32768,0,0.0,0,0.0,0.0,0.0,0.0,0.0,0,0,0,0,0.0,0,0,0,0,0,0,0,0,0,0,0,0,0,0,0,0,0,0,0,0,0,0,0,0,0,0,0,0,0,0,0,0,0,0,0,0,0,0,0,0,0,0,0,0,0.0,0.0,0.0,0.0,0.0,0.0,0.0,0.0,0.0,0.0,0.0,0.0,0.0,0.0,0.0,0.0,0.0,0.0,0.0,0.0,0.0,0.0,2.004,-0.0,0.0,-2.004,0.0,0.0,0.0,0.0,3356.5,0.0,0.0,-107615240.0,0.0,-107615232.0,-0.0,0.0,0.0,0.0,0.0,0,0.0,-2.3088162645770607e+20,0.0,0.0,0.0,0.0,0.0,0.0,0.0,0,0,0,0.0,0.0,0.0,0.0,0.0,0.0,0.0,0.0,0.0,0.0,0.0,0.0,0.0,0.0,0.0,0.0,0,-107875648.0,0,0.0,0,-107875648.0,0.0,0,26215,17038,52429,17052,13107,17037,0,0,0,110,100,100,0.0,64.1,0.0,64.8,-0.0,68.5,1,49,50,180,0,0,0,0,0.0,0.0,0.0,0.0,2.6475925420412108e+23,65.5,0.0,0.0,0.0,645,0,685,0,0,0,712,0,784,0,706,0,688,0,645,0,640,0,619,0.032,37224448.0,-2.004,-0.0,38544,16789,63568212918272.0,0.0,-0.0,-0.0,-0.0,1.3083135588150804e+18,29.0,60.0,70,0.0,0.0,0.0,0.0,0.0,0.0,0.0,0.0,0.0,0.0,0.0,0.0,0.0,0.0,0.0,0.0,59.2,68,12,65509,41,65476,0,300,0,0,8,20529,65476,0,0,61604,60.0,0.0,0.0,0.0,0.0,0.0
2026-04-04T11:58:24,ERR,ERR,ERR,ERR,ERR,ERR,ERR,ERR,ERR,ERR,ERR,ERR,ERR,ERR,ERR,ERR,ERR,ERR,ERR,ERR,ERR,ERR,ERR,ERR,ERR,ERR,ERR,ERR,ERR,ERR,ERR,ERR,ERR,ERR,ERR,ERR,ERR,ERR,ERR,ERR,ERR,ERR,ERR,ERR,ERR,ERR,ERR,ERR,ERR,ERR,ERR,ERR,ERR,ERR,ERR,ERR,ERR,ERR,ERR,ERR,ERR,ERR,ERR,ERR,ERR,ERR,ERR,ERR,ERR,ERR,ERR,ERR,ERR,ERR,ERR,ERR,ERR,ERR,ERR,ERR,ERR,ERR,ERR,ERR,ERR,ERR,ERR,ERR,ERR,ERR,ERR,ERR,ERR,ERR,ERR,ERR,ERR,ERR,ERR,ERR,ERR,ERR,ERR,ERR,ERR,ERR,ERR,ERR,ERR,ERR,ERR,ERR,ERR,ERR,ERR,ERR,ERR,ERR,ERR,ERR,ERR,ERR,ERR,ERR,ERR,-107615240.0,0.0,-117832800.0,0.0,0.0,0.0,0.0,nan,0,0,0,32768,0,0.0,0,0.0,0.0,0.0,0.0,0.0,0,0,0,0,0.0,0,0,0,0,0,0,0,0,0,0,0,0,0,0,0,0,0,0,0,0,0,0,0,0,0,0,0,0,0,0,0,0,0,0,0,0,0,0,0,0,0,0,0,0,0.0,0.0,0.0,0.0,0.0,0.0,0.0,0.0,0.0,0.0,0.0,0.0,0.0,0.0,0.0,0.0,0.0,0.0,0.0,0.0,0.0,0.0,2.004,-0.0,0.0,-2.004,0.0,0.0,0.0,0.0,3354.5,0.0,0.0,-107615240.0,0.0,-107615232.0,-0.0,0.0,0.0,0.0,0.0,0,-5.8480786593265204e+35,-71.629,0.0,0.0,0.0,0.0,0.0,0.0,0.0,0,0,0,0.0,0.0,0.0,0.0,0.0,0.0,0.0,0.0,0.0,0.0,0.0,0.0,0.0,0.0,0.0,0.0,0,-107875648.0,0,0.0,0,-107875648.0,0.0,0,26215,17038,52429,17052,13107,17037,0,0,0,110,100,100,0.0,64.1,0.0,64.8,-0.0,68.5,1,49,50,180,0,0,0,0,0.0,0.0,0.0,0.0,2.6475925420412108e+23,65.5,0.0,0.0,0.0,645,0,685,0,0,0,712,0,784,0,706,0,688,0,645,0,640,0,619,0.032,37224448.0,-2.004,-0.0,38544,16789,63568212918272.0,0.0,-0.0,-0.0,-0.0,1.3083135588150804e+18,29.0,60.0,70,0.0,0.0,0.0,0.0,0.0,0.0,0.0,0.0,0.0,0.0,0.0,0.0,0.0,0.0,0.0,0.0,59.2,68,12,65509,41,65476,0,300,0,0,8,20529,65476,0,0,61604,60.0,0.0,0.0,0.0,0.0,0.0
2026-04-04T11:58:25,ERR,ERR,ERR,ERR,ERR,ERR,ERR,ERR,ERR,ERR,ERR,ERR,ERR,ERR,ERR,ERR,ERR,ERR,ERR,ERR,ERR,ERR,ERR,ERR,ERR,ERR,ERR,ERR,ERR,ERR,ERR,ERR,ERR,ERR,ERR,ERR,ERR,ERR,ERR,ERR,ERR,ERR,ERR,ERR,ERR,ERR,ERR,ERR,ERR,ERR,ERR,ERR,ERR,ERR,ERR,ERR,ERR,ERR,ERR,ERR,ERR,ERR,ERR,ERR,ERR,ERR,ERR,ERR,ERR,ERR,ERR,ERR,ERR,ERR,ERR,ERR,ERR,ERR,ERR,ERR,ERR,ERR,ERR,ERR,ERR,ERR,ERR,ERR,ERR,ERR,ERR,ERR,ERR,ERR,ERR,ERR,ERR,ERR,ERR,ERR,ERR,ERR,ERR,ERR,ERR,ERR,ERR,ERR,ERR,ERR,ERR,ERR,ERR,ERR,ERR,ERR,ERR,ERR,ERR,ERR,ERR,ERR,ERR,ERR,ERR,-107615240.0,0.0,-117832800.0,0.0,0.0,0.0,0.0,nan,0,0,0,32768,0,0.0,0,0.0,0.0,0.0,0.0,0.0,0,0,0,0,0.0,0,0,0,0,0,0,0,0,0,0,0,0,0,0,0,0,0,0,0,0,0,0,0,0,0,0,0,0,0,0,0,0,0,0,0,0,0,0,0,0,0,0,0,0,0.0,0.0,0.0,0.0,0.0,0.0,0.0,0.0,0.0,0.0,0.0,0.0,0.0,0.0,0.0,0.0,0.0,0.0,0.0,0.0,0.0,0.0,2.004,-0.0,0.0,-2.004,0.0,0.0,0.0,0.0,3354.5,0.0,0.0,-107615240.0,0.0,-107615232.0,-0.0,0.0,0.0,0.0,0.0,0,-5.8480786593265204e+35,-71.629,0.0,0.0,0.0,0.0,0.0,0.0,0.0,0,0,0,0.0,0.0,0.0,0.0,0.0,0.0,0.0,0.0,0.0,0.0,0.0,0.0,0.0,0.0,0.0,0.0,0,-107875648.0,0,0.0,0,-107875648.0,0.0,0,26215,17038,52429,17052,13107,17037,0,0,0,110,100,100,0.0,64.1,0.0,64.8,-0.0,68.5,1,49,50,180,0,0,0,0,0.0,0.0,0.0,0.0,2.6475925420412108e+23,65.5,0.0,0.0,0.0,645,0,685,0,0,0,712,0,784,0,706,0,688,0,645,0,640,0,619,0.032,37224448.0,-2.004,-0.0,38544,16789,63568212918272.0,0.0,-0.0,-0.0,-0.0,1.3083135588150804e+18,29.0,60.0,70,0.0,0.0,0.0,0.0,0.0,0.0,0.0,0.0,0.0,0.0,0.0,0.0,0.0,0.0,0.0,0.0,59.2,68,12,65509,41,65476,0,300,0,0,8,20529,65476,0,0,61604,60.0,0.0,0.0,0.0,0.0,0.0
2026-04-04T11:58:26,ERR,ERR,ERR,ERR,ERR,ERR,ERR,ERR,ERR,ERR,ERR,ERR,ERR,ERR,ERR,ERR,ERR,ERR,ERR,ERR,ERR,ERR,ERR,ERR,ERR,ERR,ERR,ERR,ERR,ERR,ERR,ERR,ERR,ERR,ERR,ERR,ERR,ERR,ERR,ERR,ERR,ERR,ERR,ERR,ERR,ERR,ERR,ERR,ERR,ERR,ERR,ERR,ERR,ERR,ERR,ERR,ERR,ERR,ERR,ERR,ERR,ERR,ERR,ERR,ERR,ERR,ERR,ERR,ERR,ERR,ERR,ERR,ERR,ERR,ERR,ERR,ERR,ERR,ERR,ERR,ERR,ERR,ERR,ERR,ERR,ERR,ERR,ERR,ERR,ERR,ERR,ERR,ERR,ERR,ERR,ERR,ERR,ERR,ERR,ERR,ERR,ERR,ERR,ERR,ERR,ERR,ERR,ERR,ERR,ERR,ERR,ERR,ERR,ERR,ERR,ERR,ERR,ERR,ERR,ERR,ERR,ERR,ERR,ERR,ERR,-107615240.0,0.0,-117832800.0,0.0,0.0,0.0,0.0,nan,0,0,0,32768,0,0.0,0,0.0,0.0,0.0,0.0,0.0,0,0,0,0,0.0,0,0,0,0,0,0,0,0,0,0,0,0,0,0,0,0,0,0,0,0,0,0,0,0,0,0,0,0,0,0,0,0,0,0,0,0,0,0,0,0,0,0,0,0,0.0,0.0,0.0,0.0,0.0,0.0,0.0,0.0,0.0,0.0,0.0,0.0,0.0,0.0,0.0,0.0,0.0,0.0,0.0,0.0,0.0,0.0,2.004,-0.0,0.0,-2.004,0.0,0.0,0.0,0.0,3354.5,0.0,0.0,-107615240.0,0.0,-107615232.0,-0.0,0.0,0.0,0.0,0.0,0,-5.8480786593265204e+35,-71.629,0.0,0.0,0.0,0.0,0.0,0.0,0.0,0,0,0,0.0,0.0,0.0,0.0,0.0,0.0,0.0,0.0,0.0,0.0,0.0,0.0,0.0,0.0,0.0,0.0,0,-107875648.0,0,0.0,0,-107875648.0,0.0,0,26215,17038,52429,17052,13107,17037,0,0,0,110,100,100,0.0,64.1,0.0,64.8,-0.0,68.5,1,49,50,180,0,0,0,0,0.0,0.0,0.0,0.0,1746.078,65.5,0.0,0.0,0.0,645,0,685,0,0,0,712,0,784,0,706,0,688,0,646,0,640,0,619,0.032,36700160.0,-2.004,-0.0,31504,16789,1746.078,0.0,3.4108101147246517e+31,18591.758,4.883869527637194e+29,0.0,29.0,60.0,70,0.0,0.0,0.0,0.0,0.0,0.0,0.0,0.0,0.0,0.0,0.0,0.0,0.0,0.0,0.0,0.0,59.2,68,12,65509,41,65476,0,300,0,0,8,20529,65476,0,0,61604,60.0,0.0,0.0,0.0,0.0,0.0
2026-04-04T11:58:27,ERR,ERR,ERR,ERR,ERR,ERR,ERR,ERR,ERR,ERR,ERR,ERR,ERR,ERR,ERR,ERR,ERR,ERR,ERR,ERR,ERR,ERR,ERR,ERR,ERR,ERR,ERR,ERR,ERR,ERR,ERR,ERR,ERR,ERR,ERR,ERR,ERR,ERR,ERR,ERR,ERR,ERR,ERR,ERR,ERR,ERR,ERR,ERR,ERR,ERR,ERR,ERR,ERR,ERR,ERR,ERR,ERR,ERR,ERR,ERR,ERR,ERR,ERR,ERR,ERR,ERR,ERR,ERR,ERR,ERR,ERR,ERR,ERR,ERR,ERR,ERR,ERR,ERR,ERR,ERR,ERR,ERR,ERR,ERR,ERR,ERR,ERR,ERR,ERR,ERR,ERR,ERR,ERR,ERR,ERR,ERR,ERR,ERR,ERR,ERR,ERR,ERR,ERR,ERR,ERR,ERR,ERR,ERR,ERR,ERR,ERR,ERR,ERR,ERR,ERR,ERR,ERR,ERR,ERR,ERR,ERR,ERR,ERR,ERR,ERR,-107615240.0,0.0,-117832800.0,0.0,0.0,0.0,0.0,nan,0,0,0,32768,0,0.0,0,0.0,0.0,0.0,0.0,0.0,0,0,0,0,0.0,0,0,0,0,0,0,0,0,0,0,0,0,0,0,0,0,0,0,0,0,0,0,0,0,0,0,0,0,0,0,0,0,0,0,0,0,0,0,0,0,0,0,0,0,0.0,0.0,0.0,0.0,0.0,0.0,0.0,0.0,0.0,0.0,0.0,0.0,0.0,0.0,0.0,0.0,0.0,0.0,0.0,0.0,0.0,0.0,2.004,-0.0,0.0,-2.004,0.0,0.0,0.0,0.0,3354.5,0.0,0.0,-107615240.0,0.0,-107615232.0,-0.0,0.0,0.0,0.0,0.0,0,-5.8480786593265204e+35,-71.629,0.0,0.0,0.0,0.0,0.0,0.0,0.0,0,0,0,0.0,0.0,0.0,0.0,0.0,0.0,0.0,0.0,0.0,0.0,0.0,0.0,0.0,0.0,0.0,0.0,0,-107875648.0,0,0.0,0,-107875648.0,0.0,0,26215,17038,52429,17052,13107,17037,0,0,0,110,100,100,0.0,64.1,0.0,64.8,-0.0,68.5,1,49,50,180,0,0,0,0,0.0,0.0,0.0,0.0,1746.078,65.5,0.0,0.0,0.0,645,0,685,0,0,0,712,0,784,0,706,0,688,0,646,0,640,0,619,0.032,36700160.0,-2.004,-0.0,31504,16789,1746.078,0.0,3.4108101147246517e+31,18591.758,4.883869527637194e+29,0.0,29.0,60.0,70,0.0,0.0,0.0,0.0,0.0,0.0,0.0,0.0,0.0,0.0,0.0,0.0,0.0,0.0,0.0,0.0,59.2,68,12,65509,41,65476,0,300,0,0,8,20529,65476,0,0,61604,60.0,0.0,0.0,0.0,0.0,0.0
2026-04-04T11:58:28,ERR,ERR,ERR,ERR,ERR,ERR,ERR,ERR,ERR,ERR,ERR,ERR,ERR,ERR,ERR,ERR,ERR,ERR,ERR,ERR,ERR,ERR,ERR,ERR,ERR,ERR,ERR,ERR,ERR,ERR,ERR,ERR,ERR,ERR,ERR,ERR,ERR,ERR,ERR,ERR,ERR,ERR,ERR,ERR,ERR,ERR,ERR,ERR,ERR,ERR,ERR,ERR,ERR,ERR,ERR,ERR,ERR,ERR,ERR,ERR,ERR,ERR,ERR,ERR,ERR,ERR,ERR,ERR,ERR,ERR,ERR,ERR,ERR,ERR,ERR,ERR,ERR,ERR,ERR,ERR,ERR,ERR,ERR,ERR,ERR,ERR,ERR,ERR,ERR,ERR,ERR,ERR,ERR,ERR,ERR,ERR,ERR,ERR,ERR,ERR,ERR,ERR,ERR,ERR,ERR,ERR,ERR,ERR,ERR,ERR,ERR,ERR,ERR,ERR,ERR,ERR,ERR,ERR,ERR,ERR,ERR,ERR,ERR,ERR,ERR,-107615240.0,0.0,-117832800.0,0.0,0.0,0.0,0.0,nan,0,0,0,32768,0,0.0,0,0.0,0.0,0.0,0.0,0.0,0,0,0,0,0.0,0,0,0,0,0,0,0,0,0,0,0,0,0,0,0,0,0,0,0,0,0,0,0,0,0,0,0,0,0,0,0,0,0,0,0,0,0,0,0,0,0,0,0,0,0.0,0.0,0.0,0.0,0.0,0.0,0.0,0.0,0.0,0.0,0.0,0.0,0.0,0.0,0.0,0.0,0.0,0.0,0.0,0.0,0.0,0.0,2.004,-0.0,0.0,-2.004,0.0,0.0,0.0,0.0,3354.5,0.0,0.0,-107615240.0,0.0,-107615232.0,-0.0,0.0,0.0,0.0,0.0,0,-5.8480786593265204e+35,-71.629,0.0,0.0,0.0,0.0,0.0,0.0,0.0,0,0,0,0.0,0.0,0.0,0.0,0.0,0.0,0.0,0.0,0.0,0.0,0.0,0.0,0.0,0.0,0.0,0.0,0,-107875648.0,0,0.0,0,-107875648.0,0.0,0,26215,17038,52429,17052,13107,17037,0,0,0,110,100,100,0.0,64.1,0.0,64.8,-0.0,68.5,1,49,50,180,0,0,0,0,0.0,0.0,0.0,0.0,1746.078,65.5,0.0,0.0,0.0,645,0,685,0,0,0,712,0,784,0,706,0,688,0,646,0,640,0,619,0.032,36700160.0,-2.004,-0.0,31504,16789,1746.078,0.0,3.4108101147246517e+31,18591.758,4.883869527637194e+29,0.0,29.0,60.0,70,0.0,0.0,0.0,0.0,0.0,0.0,0.0,0.0,0.0,0.0,0.0,0.0,0.0,0.0,0.0,0.0,59.6,68,12,65509,41,65476,0,300,0,0,8,20529,65476,0,0,61604,60.0,0.0,0.0,0.0,0.0,0.0
2026-04-04T11:58:29,ERR,ERR,ERR,ERR,ERR,ERR,ERR,ERR,ERR,ERR,ERR,ERR,ERR,ERR,ERR,ERR,ERR,ERR,ERR,ERR,ERR,ERR,ERR,ERR,ERR,ERR,ERR,ERR,ERR,ERR,ERR,ERR,ERR,ERR,ERR,ERR,ERR,ERR,ERR,ERR,ERR,ERR,ERR,ERR,ERR,ERR,ERR,ERR,ERR,ERR,ERR,ERR,ERR,ERR,ERR,ERR,ERR,ERR,ERR,ERR,ERR,ERR,ERR,ERR,ERR,ERR,ERR,ERR,ERR,ERR,ERR,ERR,ERR,ERR,ERR,ERR,ERR,ERR,ERR,ERR,ERR,ERR,ERR,ERR,ERR,ERR,ERR,ERR,ERR,ERR,ERR,ERR,ERR,ERR,ERR,ERR,ERR,ERR,ERR,ERR,ERR,ERR,ERR,ERR,ERR,ERR,ERR,ERR,ERR,ERR,ERR,ERR,ERR,ERR,ERR,ERR,ERR,ERR,ERR,ERR,ERR,ERR,ERR,ERR,ERR,-107615240.0,0.0,-117832800.0,0.0,0.0,0.0,0.0,nan,0,0,0,32768,0,0.0,0,0.0,0.0,0.0,0.0,0.0,0,0,0,0,0.0,0,0,0,0,0,0,0,0,0,0,0,0,0,0,0,0,0,0,0,0,0,0,0,0,0,0,0,0,0,0,0,0,0,0,0,0,0,0,0,0,0,0,0,0,0.0,0.0,0.0,0.0,0.0,0.0,0.0,0.0,0.0,0.0,0.0,0.0,0.0,0.0,0.0,0.0,0.0,0.0,0.0,0.0,0.0,0.0,2.004,-0.0,0.0,-2.004,0.0,0.0,0.0,0.0,3354.5,0.0,0.0,-107615240.0,0.0,-107615232.0,-0.0,0.0,0.0,0.0,0.0,0,-5.8480786593265204e+35,-71.629,0.0,0.0,0.0,0.0,0.0,0.0,0.0,0,0,0,0.0,0.0,0.0,0.0,0.0,0.0,0.0,0.0,0.0,0.0,0.0,0.0,0.0,0.0,0.0,0.0,0,-107875648.0,0,0.0,0,-107875648.0,0.0,0,26215,17038,52429,17052,13107,17037,0,0,0,110,100,100,0.0,64.1,0.0,64.8,-0.0,68.5,1,49,50,180,0,0,0,0,0.0,0.0,0.0,0.0,1746.078,65.5,0.0,0.0,0.0,645,0,685,0,0,0,712,0,784,0,706,0,688,0,646,0,640,0,619,0.032,36700160.0,-2.004,-0.0,31504,16789,1746.078,0.0,3.4108101147246517e+31,18591.758,4.883869527637194e+29,0.0,29.0,60.0,70,0.0,0.0,0.0,0.0,0.0,0.0,0.0,0.0,0.0,0.0,0.0,0.0,0.0,0.0,0.0,0.0,59.6,68,12,65509,41,65476,0,300,0,0,8,20529,65476,0,0,61604,60.0,0.0,0.0,0.0,0.0,0.0
2026-04-04T11:58:30,ERR,ERR,ERR,ERR,ERR,ERR,ERR,ERR,ERR,ERR,ERR,ERR,ERR,ERR,ERR,ERR,ERR,ERR,ERR,ERR,ERR,ERR,ERR,ERR,ERR,ERR,ERR,ERR,ERR,ERR,ERR,ERR,ERR,ERR,ERR,ERR,ERR,ERR,ERR,ERR,ERR,ERR,ERR,ERR,ERR,ERR,ERR,ERR,ERR,ERR,ERR,ERR,ERR,ERR,ERR,ERR,ERR,ERR,ERR,ERR,ERR,ERR,ERR,ERR,ERR,ERR,ERR,ERR,ERR,ERR,ERR,ERR,ERR,ERR,ERR,ERR,ERR,ERR,ERR,ERR,ERR,ERR,ERR,ERR,ERR,ERR,ERR,ERR,ERR,ERR,ERR,ERR,ERR,ERR,ERR,ERR,ERR,ERR,ERR,ERR,ERR,ERR,ERR,ERR,ERR,ERR,ERR,ERR,ERR,ERR,ERR,ERR,ERR,ERR,ERR,ERR,ERR,ERR,ERR,ERR,ERR,ERR,ERR,ERR,ERR,-107615240.0,0.0,-117832800.0,0.0,0.0,0.0,0.0,nan,0,0,0,32768,0,0.0,0,0.0,0.0,0.0,0.0,0.0,0,0,0,0,0.0,0,0,0,0,0,0,0,0,0,0,0,0,0,0,0,0,0,0,0,0,0,0,0,0,0,0,0,0,0,0,0,0,0,0,0,0,0,0,0,0,0,0,0,0,0.0,0.0,0.0,0.0,0.0,0.0,0.0,0.0,0.0,0.0,0.0,0.0,0.0,0.0,0.0,0.0,0.0,0.0,0.0,0.0,0.0,0.0,2.004,-0.0,0.0,-2.004,0.0,0.0,0.0,0.0,3357.5,0.0,0.0,-107615240.0,0.0,-107615232.0,-0.0,0.0,0.0,0.0,0.0,0,0.0,-71.629,0.0,0.0,0.0,0.0,0.0,0.0,0.0,0,0,0,0.0,0.0,0.0,0.0,0.0,0.0,0.0,0.0,0.0,0.0,0.0,0.0,0.0,0.0,0.0,0.0,0,-107875648.0,0,0.0,0,-107875648.0,0.0,0,26215,17038,52429,17052,13107,17037,0,0,0,110,100,100,0.0,64.1,0.0,64.8,-0.0,68.5,1,49,50,180,0,0,0,0,0.0,0.0,0.0,0.0,5612307968.0,65.5,0.0,-35137.953,0.0,645,0,685,0,0,0,712,0,784,0,706,0,688,0,646,0,640,0,619,0.032,36700160.0,-2.004,-0.0,45456,16789,3300.157,-0.0,0.0,1.8285614254565663e+32,179464.109,-7.4188191622455335e+37,29.0,60.0,70,0.0,0.0,0.0,0.0,0.0,0.0,0.0,0.0,0.0,0.0,0.0,0.0,0.0,0.0,0.0,0.0,59.2,68,12,65509,41,65476,0,300,0,0,8,20529,65476,0,0,61604,60.0,0.0,0.0,0.0,0.0,0.0
2026-04-04T11:58:31,ERR,ERR,ERR,ERR,ERR,ERR,ERR,ERR,ERR,ERR,ERR,ERR,ERR,ERR,ERR,ERR,ERR,ERR,ERR,ERR,ERR,ERR,ERR,ERR,ERR,ERR,ERR,ERR,ERR,ERR,ERR,ERR,ERR,ERR,ERR,ERR,ERR,ERR,ERR,ERR,ERR,ERR,ERR,ERR,ERR,ERR,ERR,ERR,ERR,ERR,ERR,ERR,ERR,ERR,ERR,ERR,ERR,ERR,ERR,ERR,ERR,ERR,ERR,ERR,ERR,ERR,ERR,ERR,ERR,ERR,ERR,ERR,ERR,ERR,ERR,ERR,ERR,ERR,ERR,ERR,ERR,ERR,ERR,ERR,ERR,ERR,ERR,ERR,ERR,ERR,ERR,ERR,ERR,ERR,ERR,ERR,ERR,ERR,ERR,ERR,ERR,ERR,ERR,ERR,ERR,ERR,ERR,ERR,ERR,ERR,ERR,ERR,ERR,ERR,ERR,ERR,ERR,ERR,ERR,ERR,ERR,ERR,ERR,ERR,ERR,-107615240.0,0.0,-117832800.0,0.0,0.0,0.0,0.0,nan,0,0,0,32768,0,0.0,0,0.0,0.0,0.0,0.0,0.0,0,0,0,0,0.0,0,0,0,0,0,0,0,0,0,0,0,0,0,0,0,0,0,0,0,0,0,0,0,0,0,0,0,0,0,0,0,0,0,0,0,0,0,0,0,0,0,0,0,0,0.0,0.0,0.0,0.0,0.0,0.0,0.0,0.0,0.0,0.0,0.0,0.0,0.0,0.0,0.0,0.0,0.0,0.0,0.0,0.0,0.0,0.0,2.004,-0.0,0.0,-2.004,0.0,0.0,0.0,0.0,3357.5,0.0,0.0,-107615240.0,0.0,-107615232.0,-0.0,0.0,0.0,0.0,0.0,0,0.0,-71.629,0.0,0.0,0.0,0.0,0.0,0.0,0.0,0,0,0,0.0,0.0,0.0,0.0,0.0,0.0,0.0,0.0,0.0,0.0,0.0,0.0,0.0,0.0,0.0,0.0,0,-107875648.0,0,0.0,0,-107875648.0,0.0,0,26215,17038,52429,17052,13107,17037,0,0,0,110,100,100,0.0,64.1,0.0,64.8,-0.0,68.5,1,49,50,180,0,0,0,0,0.0,0.0,0.0,0.0,5612307968.0,65.5,0.0,-35137.953,0.0,645,0,685,0,0,0,712,0,784,0,706,0,688,0,646,0,640,0,619,0.032,36700160.0,-2.004,-0.0,45456,16789,3300.157,-0.0,0.0,1.8285614254565663e+32,179464.109,-7.4188191622455335e+37,29.0,60.0,70,0.0,0.0,0.0,0.0,0.0,0.0,0.0,0.0,0.0,0.0,0.0,0.0,0.0,0.0,0.0,0.0,59.2,68,12,65509,41,65476,0,300,0,0,8,20529,65476,0,0,61604,60.0,0.0,0.0,0.0,0.0,0.0
2026-04-04T11:58:32,ERR,ERR,ERR,ERR,ERR,ERR,ERR,ERR,ERR,ERR,ERR,ERR,ERR,ERR,ERR,ERR,ERR,ERR,ERR,ERR,ERR,ERR,ERR,ERR,ERR,ERR,ERR,ERR,ERR,ERR,ERR,ERR,ERR,ERR,ERR,ERR,ERR,ERR,ERR,ERR,ERR,ERR,ERR,ERR,ERR,ERR,ERR,ERR,ERR,ERR,ERR,ERR,ERR,ERR,ERR,ERR,ERR,ERR,ERR,ERR,ERR,ERR,ERR,ERR,ERR,ERR,ERR,ERR,ERR,ERR,ERR,ERR,ERR,ERR,ERR,ERR,ERR,ERR,ERR,ERR,ERR,ERR,ERR,ERR,ERR,ERR,ERR,ERR,ERR,ERR,ERR,ERR,ERR,ERR,ERR,ERR,ERR,ERR,ERR,ERR,ERR,ERR,ERR,ERR,ERR,ERR,ERR,ERR,ERR,ERR,ERR,ERR,ERR,ERR,ERR,ERR,ERR,ERR,ERR,ERR,ERR,ERR,ERR,ERR,ERR,-107615240.0,0.0,-117832800.0,0.0,0.0,0.0,0.0,nan,0,0,0,32768,0,0.0,0,0.0,0.0,0.0,0.0,0.0,0,0,0,0,0.0,0,0,0,0,0,0,0,0,0,0,0,0,0,0,0,0,0,0,0,0,0,0,0,0,0,0,0,0,0,0,0,0,0,0,0,0,0,0,0,0,0,0,0,0,0.0,0.0,0.0,0.0,0.0,0.0,0.0,0.0,0.0,0.0,0.0,0.0,0.0,0.0,0.0,0.0,0.0,0.0,0.0,0.0,0.0,0.0,2.004,-0.0,0.0,-2.004,0.0,0.0,0.0,0.0,3357.5,0.0,0.0,-107615240.0,0.0,-107615232.0,-0.0,0.0,0.0,0.0,0.0,0,0.0,-71.629,0.0,0.0,0.0,0.0,0.0,0.0,0.0,0,0,0,0.0,0.0,0.0,0.0,0.0,0.0,0.0,0.0,0.0,0.0,0.0,0.0,0.0,0.0,0.0,0.0,0,-107875648.0,0,0.0,0,-107875648.0,0.0,0,26215,17038,52429,17052,13107,17037,0,0,0,110,100,100,0.0,64.1,0.0,64.8,-0.0,68.5,1,49,50,180,0,0,0,0,0.0,0.0,0.0,0.0,5612307968.0,65.5,0.0,-35137.953,0.0,645,0,685,0,0,0,712,0,784,0,706,0,688,0,646,0,640,0,619,0.032,36700160.0,-2.004,-0.0,45456,16789,3300.157,-0.0,0.0,1.8285614254565663e+32,179464.109,-7.4188191622455335e+37,29.0,60.0,70,0.0,0.0,0.0,0.0,0.0,0.0,0.0,0.0,0.0,0.0,0.0,0.0,0.0,0.0,0.0,0.0,59.2,68,12,65509,41,65476,0,300,0,0,8,20529,65476,0,0,61604,60.0,0.0,0.0,0.0,0.0,0.0
2026-04-04T11:58:33,ERR,ERR,ERR,ERR,ERR,ERR,ERR,ERR,ERR,ERR,ERR,ERR,ERR,ERR,ERR,ERR,ERR,ERR,ERR,ERR,ERR,ERR,ERR,ERR,ERR,ERR,ERR,ERR,ERR,ERR,ERR,ERR,ERR,ERR,ERR,ERR,ERR,ERR,ERR,ERR,ERR,ERR,ERR,ERR,ERR,ERR,ERR,ERR,ERR,ERR,ERR,ERR,ERR,ERR,ERR,ERR,ERR,ERR,ERR,ERR,ERR,ERR,ERR,ERR,ERR,ERR,ERR,ERR,ERR,ERR,ERR,ERR,ERR,ERR,ERR,ERR,ERR,ERR,ERR,ERR,ERR,ERR,ERR,ERR,ERR,ERR,ERR,ERR,ERR,ERR,ERR,ERR,ERR,ERR,ERR,ERR,ERR,ERR,ERR,ERR,ERR,ERR,ERR,ERR,ERR,ERR,ERR,ERR,ERR,ERR,ERR,ERR,ERR,ERR,ERR,ERR,ERR,ERR,ERR,ERR,ERR,ERR,ERR,ERR,ERR,-107615240.0,0.0,-117832800.0,0.0,0.0,0.0,0.0,nan,0,0,0,32768,0,0.0,0,0.0,0.0,0.0,0.0,0.0,0,0,0,0,0.0,0,0,0,0,0,0,0,0,0,0,0,0,0,0,0,0,0,0,0,0,0,0,0,0,0,0,0,0,0,0,0,0,0,0,0,0,0,0,0,0,0,0,0,0,0.0,0.0,0.0,0.0,0.0,0.0,0.0,0.0,0.0,0.0,0.0,0.0,0.0,0.0,0.0,0.0,0.0,0.0,0.0,0.0,0.0,0.0,2.004,-0.0,0.0,-2.004,0.0,0.0,0.0,0.0,3357.5,0.0,0.0,-107615240.0,0.0,-107615232.0,-0.0,0.0,0.0,0.0,0.0,0,0.0,-71.629,0.0,0.0,0.0,0.0,0.0,0.0,0.0,0,0,0,0.0,0.0,0.0,0.0,0.0,0.0,0.0,0.0,0.0,0.0,0.0,0.0,0.0,0.0,0.0,0.0,0,-107875648.0,0,0.0,0,-107875648.0,0.0,0,26215,17038,52429,17052,13107,17037,0,0,0,110,100,100,0.0,64.1,0.0,64.8,-0.0,68.5,1,49,50,180,0,0,0,0,0.0,0.0,0.0,0.0,5612307968.0,65.5,0.0,-35137.953,0.0,645,0,685,0,0,0,712,0,784,0,706,0,688,0,646,0,640,0,619,0.032,36700160.0,-2.004,-0.0,45456,16789,3300.157,-0.0,0.0,1.8285614254565663e+32,179464.109,-7.4188191622455335e+37,29.0,60.0,70,0.0,0.0,0.0,0.0,0.0,0.0,0.0,0.0,0.0,0.0,0.0,0.0,0.0,0.0,0.0,0.0,59.2,68,12,65509,41,65476,0,300,0,0,8,20529,65476,0,0,61604,60.0,0.0,0.0,0.0,0.0,0.0
2026-04-04T11:58:34,ERR,ERR,ERR,ERR,ERR,ERR,ERR,ERR,ERR,ERR,ERR,ERR,ERR,ERR,ERR,ERR,ERR,ERR,ERR,ERR,ERR,ERR,ERR,ERR,ERR,ERR,ERR,ERR,ERR,ERR,ERR,ERR,ERR,ERR,ERR,ERR,ERR,ERR,ERR,ERR,ERR,ERR,ERR,ERR,ERR,ERR,ERR,ERR,ERR,ERR,ERR,ERR,ERR,ERR,ERR,ERR,ERR,ERR,ERR,ERR,ERR,ERR,ERR,ERR,ERR,ERR,ERR,ERR,ERR,ERR,ERR,ERR,ERR,ERR,ERR,ERR,ERR,ERR,ERR,ERR,ERR,ERR,ERR,ERR,ERR,ERR,ERR,ERR,ERR,ERR,ERR,ERR,ERR,ERR,ERR,ERR,ERR,ERR,ERR,ERR,ERR,ERR,ERR,ERR,ERR,ERR,ERR,ERR,ERR,ERR,ERR,ERR,ERR,ERR,ERR,ERR,ERR,ERR,ERR,ERR,ERR,ERR,ERR,ERR,ERR,-107615240.0,0.0,-117832800.0,0.0,0.0,0.0,0.0,nan,0,0,0,32768,0,0.0,0,0.0,0.0,0.0,0.0,0.0,0,0,0,0,0.0,0,0,0,0,0,0,0,0,0,0,0,0,0,0,0,0,0,0,0,0,0,0,0,0,0,0,0,0,0,0,0,0,0,0,0,0,0,0,0,0,0,0,0,0,0.0,0.0,0.0,0.0,0.0,0.0,0.0,0.0,0.0,0.0,0.0,0.0,0.0,0.0,0.0,0.0,0.0,0.0,0.0,0.0,0.0,0.0,2.004,-0.0,0.0,-2.004,0.0,0.0,0.0,0.0,3357.5,0.0,0.0,-107615240.0,0.0,-107615232.0,-0.0,0.0,0.0,0.0,0.0,0,0.0,-71.629,0.0,0.0,0.0,0.0,0.0,0.0,0.0,0,0,0,0.0,0.0,0.0,0.0,0.0,0.0,0.0,0.0,0.0,0.0,0.0,0.0,0.0,0.0,0.0,0.0,0,-107875648.0,0,0.0,0,-107875648.0,0.0,0,26215,17038,52429,17052,13107,17037,0,0,0,110,100,100,0.0,64.1,0.0,64.8,-0.0,68.5,1,49,50,180,0,0,0,0,0.0,0.0,0.0,0.0,5612307968.0,65.5,0.0,-35137.953,0.0,645,0,685,0,0,0,712,0,784,0,706,0,688,0,646,0,640,0,619,0.032,36700160.0,-2.004,-0.0,45456,16789,3300.157,-0.0,0.0,1.8285614254565663e+32,179464.109,-7.4188191622455335e+37,29.0,60.0,70,0.0,0.0,0.0,0.0,0.0,0.0,0.0,0.0,0.0,0.0,0.0,0.0,0.0,0.0,0.0,0.0,59.2,68,12,65509,41,65476,0,300,0,0,8,20529,65476,0,0,61604,60.0,0.0,0.0,0.0,0.0,0.0
2026-04-04T11:58:35,ERR,ERR,ERR,ERR,ERR,ERR,ERR,ERR,ERR,ERR,ERR,ERR,ERR,ERR,ERR,ERR,ERR,ERR,ERR,ERR,ERR,ERR,ERR,ERR,ERR,ERR,ERR,ERR,ERR,ERR,ERR,ERR,ERR,ERR,ERR,ERR,ERR,ERR,ERR,ERR,ERR,ERR,ERR,ERR,ERR,ERR,ERR,ERR,ERR,ERR,ERR,ERR,ERR,ERR,ERR,ERR,ERR,ERR,ERR,ERR,ERR,ERR,ERR,ERR,ERR,ERR,ERR,ERR,ERR,ERR,ERR,ERR,ERR,ERR,ERR,ERR,ERR,ERR,ERR,ERR,ERR,ERR,ERR,ERR,ERR,ERR,ERR,ERR,ERR,ERR,ERR,ERR,ERR,ERR,ERR,ERR,ERR,ERR,ERR,ERR,ERR,ERR,ERR,ERR,ERR,ERR,ERR,ERR,ERR,ERR,ERR,ERR,ERR,ERR,ERR,ERR,ERR,ERR,ERR,ERR,ERR,ERR,ERR,ERR,ERR,-107615240.0,0.0,-117832800.0,0.0,0.0,0.0,0.0,nan,0,0,0,32768,0,0.0,0,0.0,0.0,0.0,0.0,0.0,0,0,0,0,0.0,0,0,0,0,0,0,0,0,0,0,0,0,0,0,0,0,0,0,0,0,0,0,0,0,0,0,0,0,0,0,0,0,0,0,0,0,0,0,0,0,0,0,0,0,0.0,0.0,0.0,0.0,0.0,0.0,0.0,0.0,0.0,0.0,0.0,0.0,0.0,0.0,0.0,0.0,0.0,0.0,0.0,0.0,0.0,0.0,2.004,-0.0,0.0,-2.004,0.0,0.0,0.0,0.0,3357.5,0.0,0.0,-107615240.0,0.0,-107615232.0,-0.0,0.0,0.0,0.0,0.0,0,0.0,-71.629,0.0,0.0,0.0,0.0,0.0,0.0,0.0,0,0,0,0.0,0.0,0.0,0.0,0.0,0.0,0.0,0.0,0.0,0.0,0.0,0.0,0.0,0.0,0.0,0.0,0,-107875648.0,0,0.0,0,-107875648.0,0.0,0,26215,17038,52429,17052,13107,17037,0,0,0,110,100,100,0.0,64.1,0.0,64.8,-0.0,68.5,1,49,50,180,0,0,0,0,0.0,0.0,0.0,0.0,3.642356815078046e+23,65.5,0.0,0.0,0.0,645,0,685,0,0,0,712,0,784,0,706,0,688,0,646,0,640,0,619,0.032,36700160.0,-2.004,-0.0,38288,16789,6.1434675331072e+16,13506170880.0,0.0,1.8192922606085834e+21,43074.027,-1.1236293928796796e+37,29.0,60.0,70,0.0,0.0,0.0,0.0,0.0,0.0,0.0,0.0,0.0,0.0,0.0,0.0,0.0,0.0,0.0,0.0,59.6,68,12,65509,41,65476,0,300,0,0,8,20529,65476,0,0,61604,60.0,0.0,0.0,0.0,0.0,0.0
2026-04-04T11:58:36,ERR,ERR,ERR,ERR,ERR,ERR,ERR,ERR,ERR,ERR,ERR,ERR,ERR,ERR,ERR,ERR,ERR,ERR,ERR,ERR,ERR,ERR,ERR,ERR,ERR,ERR,ERR,ERR,ERR,ERR,ERR,ERR,ERR,ERR,ERR,ERR,ERR,ERR,ERR,ERR,ERR,ERR,ERR,ERR,ERR,ERR,ERR,ERR,ERR,ERR,ERR,ERR,ERR,ERR,ERR,ERR,ERR,ERR,ERR,ERR,ERR,ERR,ERR,ERR,ERR,ERR,ERR,ERR,ERR,ERR,ERR,ERR,ERR,ERR,ERR,ERR,ERR,ERR,ERR,ERR,ERR,ERR,ERR,ERR,ERR,ERR,ERR,ERR,ERR,ERR,ERR,ERR,ERR,ERR,ERR,ERR,ERR,ERR,ERR,ERR,ERR,ERR,ERR,ERR,ERR,ERR,ERR,ERR,ERR,ERR,ERR,ERR,ERR,ERR,ERR,ERR,ERR,ERR,ERR,ERR,ERR,ERR,ERR,ERR,ERR,-107615240.0,0.0,-117832800.0,0.0,0.0,0.0,0.0,nan,0,0,0,32768,0,0.0,0,0.0,0.0,0.0,0.0,0.0,0,0,0,0,0.0,0,0,0,0,0,0,0,0,0,0,0,0,0,0,0,0,0,0,0,0,0,0,0,0,0,0,0,0,0,0,0,0,0,0,0,0,0,0,0,0,0,0,0,0,0.0,0.0,0.0,0.0,0.0,0.0,0.0,0.0,0.0,0.0,0.0,0.0,0.0,0.0,0.0,0.0,0.0,0.0,0.0,0.0,0.0,0.0,2.004,-0.0,0.0,-2.004,0.0,0.0,0.0,0.0,3357.5,0.0,0.0,-107615240.0,0.0,-107615232.0,-0.0,0.0,0.0,0.0,0.0,0,0.0,-71.629,0.0,0.0,0.0,0.0,0.0,0.0,0.0,0,0,0,0.0,0.0,0.0,0.0,0.0,0.0,0.0,0.0,0.0,0.0,0.0,0.0,0.0,0.0,0.0,0.0,0,-107875648.0,0,0.0,0,-107875648.0,0.0,0,26215,17038,52429,17052,13107,17037,0,0,0,110,100,100,0.0,64.1,0.0,64.8,-0.0,68.5,1,49,50,180,0,0,0,0,0.0,0.0,0.0,0.0,3.642356815078046e+23,65.5,0.0,0.0,0.0,645,0,685,0,0,0,712,0,784,0,706,0,688,0,646,0,640,0,619,0.032,36700160.0,-2.004,-0.0,38288,16789,6.1434675331072e+16,13506170880.0,0.0,1.8192922606085834e+21,43074.027,-1.1236293928796796e+37,29.0,60.0,70,0.0,0.0,0.0,0.0,0.0,0.0,0.0,0.0,0.0,0.0,0.0,0.0,0.0,0.0,0.0,0.0,59.6,68,12,65509,41,65476,0,300,0,0,8,20529,65476,0,0,61604,60.0,0.0,0.0,0.0,0.0,0.0
2026-04-04T11:58:37,ERR,ERR,ERR,ERR,ERR,ERR,ERR,ERR,ERR,ERR,ERR,ERR,ERR,ERR,ERR,ERR,ERR,ERR,ERR,ERR,ERR,ERR,ERR,ERR,ERR,ERR,ERR,ERR,ERR,ERR,ERR,ERR,ERR,ERR,ERR,ERR,ERR,ERR,ERR,ERR,ERR,ERR,ERR,ERR,ERR,ERR,ERR,ERR,ERR,ERR,ERR,ERR,ERR,ERR,ERR,ERR,ERR,ERR,ERR,ERR,ERR,ERR,ERR,ERR,ERR,ERR,ERR,ERR,ERR,ERR,ERR,ERR,ERR,ERR,ERR,ERR,ERR,ERR,ERR,ERR,ERR,ERR,ERR,ERR,ERR,ERR,ERR,ERR,ERR,ERR,ERR,ERR,ERR,ERR,ERR,ERR,ERR,ERR,ERR,ERR,ERR,ERR,ERR,ERR,ERR,ERR,ERR,ERR,ERR,ERR,ERR,ERR,ERR,ERR,ERR,ERR,ERR,ERR,ERR,ERR,ERR,ERR,ERR,ERR,ERR,-107615240.0,0.0,-117832800.0,0.0,0.0,0.0,0.0,nan,0,0,0,32768,0,0.0,0,0.0,0.0,0.0,0.0,0.0,0,0,0,0,0.0,0,0,0,0,0,0,0,0,0,0,0,0,0,0,0,0,0,0,0,0,0,0,0,0,0,0,0,0,0,0,0,0,0,0,0,0,0,0,0,0,0,0,0,0,0.0,0.0,0.0,0.0,0.0,0.0,0.0,0.0,0.0,0.0,0.0,0.0,0.0,0.0,0.0,0.0,0.0,0.0,0.0,0.0,0.0,0.0,2.004,-0.0,0.0,-2.004,0.0,0.0,0.0,0.0,3354.5,0.0,0.0,-107615240.0,0.0,-107615232.0,-0.0,0.0,0.0,0.0,0.0,0,-5.8480786593265204e+35,-0.0,0.0,0.0,0.0,0.0,0.0,0.0,0.0,0,0,0,0.0,0.0,0.0,0.0,0.0,0.0,0.0,0.0,0.0,0.0,0.0,0.0,0.0,0.0,0.0,0.0,0,-107875648.0,0,0.0,0,-107875648.0,0.0,0,26215,17038,52429,17052,13107,17037,0,0,0,110,100,100,0.0,64.1,0.0,64.8,-0.0,68.5,1,49,50,180,0,0,0,0,0.0,0.0,0.0,0.0,3.642356815078046e+23,65.5,0.0,0.0,0.0,645,0,685,0,0,0,712,0,784,0,706,0,688,0,646,0,640,0,619,0.032,36700160.0,-2.004,-0.0,38288,16789,6.1434675331072e+16,13506170880.0,0.0,1.8192922606085834e+21,43074.027,-1.1236293928796796e+37,29.0,60.0,70,0.0,0.0,0.0,0.0,0.0,0.0,0.0,0.0,0.0,0.0,0.0,0.0,0.0,0.0,0.0,0.0,59.6,68,12,65509,41,65476,0,300,0,0,8,20529,65476,0,0,61604,60.0,0.0,0.0,0.0,0.0,0.0
2026-04-04T11:58:38,ERR,ERR,ERR,ERR,ERR,ERR,ERR,ERR,ERR,ERR,ERR,ERR,ERR,ERR,ERR,ERR,ERR,ERR,ERR,ERR,ERR,ERR,ERR,ERR,ERR,ERR,ERR,ERR,ERR,ERR,ERR,ERR,ERR,ERR,ERR,ERR,ERR,ERR,ERR,ERR,ERR,ERR,ERR,ERR,ERR,ERR,ERR,ERR,ERR,ERR,ERR,ERR,ERR,ERR,ERR,ERR,ERR,ERR,ERR,ERR,ERR,ERR,ERR,ERR,ERR,ERR,ERR,ERR,ERR,ERR,ERR,ERR,ERR,ERR,ERR,ERR,ERR,ERR,ERR,ERR,ERR,ERR,ERR,ERR,ERR,ERR,ERR,ERR,ERR,ERR,ERR,ERR,ERR,ERR,ERR,ERR,ERR,ERR,ERR,ERR,ERR,ERR,ERR,ERR,ERR,ERR,ERR,ERR,ERR,ERR,ERR,ERR,ERR,ERR,ERR,ERR,ERR,ERR,ERR,ERR,ERR,ERR,ERR,ERR,ERR,-107615240.0,0.0,-117832800.0,0.0,0.0,0.0,0.0,nan,0,0,0,32768,0,0.0,0,0.0,0.0,0.0,0.0,0.0,0,0,0,0,0.0,0,0,0,0,0,0,0,0,0,0,0,0,0,0,0,0,0,0,0,0,0,0,0,0,0,0,0,0,0,0,0,0,0,0,0,0,0,0,0,0,0,0,0,0,0.0,0.0,0.0,0.0,0.0,0.0,0.0,0.0,0.0,0.0,0.0,0.0,0.0,0.0,0.0,0.0,0.0,0.0,0.0,0.0,0.0,0.0,2.004,-0.0,0.0,-2.004,0.0,0.0,0.0,0.0,3354.5,0.0,0.0,-107615240.0,0.0,-107615232.0,-0.0,0.0,0.0,0.0,0.0,0,-5.8480786593265204e+35,-0.0,0.0,0.0,0.0,0.0,0.0,0.0,0.0,0,0,0,0.0,0.0,0.0,0.0,0.0,0.0,0.0,0.0,0.0,0.0,0.0,0.0,0.0,0.0,0.0,0.0,0,-107875648.0,0,0.0,0,-107875648.0,0.0,0,26215,17038,52429,17052,13107,17037,0,0,0,110,100,100,0.0,64.1,0.0,64.8,-0.0,68.5,1,49,50,180,0,0,0,0,0.0,0.0,0.0,0.0,3.642356815078046e+23,65.5,0.0,0.0,0.0,645,0,685,0,0,0,712,0,784,0,706,0,688,0,646,0,640,0,619,0.032,36700160.0,-2.004,-0.0,38288,16789,6.1434675331072e+16,13506170880.0,0.0,1.8192922606085834e+21,43074.027,-1.1236293928796796e+37,29.0,60.0,70,0.0,0.0,0.0,0.0,0.0,0.0,0.0,0.0,0.0,0.0,0.0,0.0,0.0,0.0,0.0,0.0,59.2,68,12,65509,41,65476,0,300,0,0,8,20529,65476,0,0,61604,60.0,0.0,0.0,0.0,0.0,0.0
2026-04-04T11:58:39,ERR,ERR,ERR,ERR,ERR,ERR,ERR,ERR,ERR,ERR,ERR,ERR,ERR,ERR,ERR,ERR,ERR,ERR,ERR,ERR,ERR,ERR,ERR,ERR,ERR,ERR,ERR,ERR,ERR,ERR,ERR,ERR,ERR,ERR,ERR,ERR,ERR,ERR,ERR,ERR,ERR,ERR,ERR,ERR,ERR,ERR,ERR,ERR,ERR,ERR,ERR,ERR,ERR,ERR,ERR,ERR,ERR,ERR,ERR,ERR,ERR,ERR,ERR,ERR,ERR,ERR,ERR,ERR,ERR,ERR,ERR,ERR,ERR,ERR,ERR,ERR,ERR,ERR,ERR,ERR,ERR,ERR,ERR,ERR,ERR,ERR,ERR,ERR,ERR,ERR,ERR,ERR,ERR,ERR,ERR,ERR,ERR,ERR,ERR,ERR,ERR,ERR,ERR,ERR,ERR,ERR,ERR,ERR,ERR,ERR,ERR,ERR,ERR,ERR,ERR,ERR,ERR,ERR,ERR,ERR,ERR,ERR,ERR,ERR,ERR,-107615240.0,0.0,-117832800.0,0.0,0.0,0.0,0.0,nan,0,0,0,32768,0,0.0,0,0.0,0.0,0.0,0.0,0.0,0,0,0,0,0.0,0,0,0,0,0,0,0,0,0,0,0,0,0,0,0,0,0,0,0,0,0,0,0,0,0,0,0,0,0,0,0,0,0,0,0,0,0,0,0,0,0,0,0,0,0.0,0.0,0.0,0.0,0.0,0.0,0.0,0.0,0.0,0.0,0.0,0.0,0.0,0.0,0.0,0.0,0.0,0.0,0.0,0.0,0.0,0.0,2.004,-0.0,0.0,-2.004,0.0,0.0,0.0,0.0,3354.5,0.0,0.0,-107615240.0,0.0,-107615232.0,-0.0,0.0,0.0,0.0,0.0,0,-5.8480786593265204e+35,-0.0,0.0,0.0,0.0,0.0,0.0,0.0,0.0,0,0,0,0.0,0.0,0.0,0.0,0.0,0.0,0.0,0.0,0.0,0.0,0.0,0.0,0.0,0.0,0.0,0.0,0,-107875648.0,0,0.0,0,-107875648.0,0.0,0,26215,17038,52429,17052,13107,17037,0,0,0,110,100,100,0.0,64.1,0.0,64.8,-0.0,68.5,1,49,50,180,0,0,0,0,0.0,0.0,0.0,0.0,3.642356815078046e+23,65.5,0.0,0.0,0.0,645,0,685,0,0,0,712,0,784,0,706,0,688,0,646,0,640,0,619,0.032,36700160.0,-2.004,-0.0,38288,16789,6.1434675331072e+16,13506170880.0,0.0,1.8192922606085834e+21,43074.027,-1.1236293928796796e+37,29.0,60.0,70,0.0,0.0,0.0,0.0,0.0,0.0,0.0,0.0,0.0,0.0,0.0,0.0,0.0,0.0,0.0,0.0,59.2,68,12,65509,41,65476,0,300,0,0,8,20529,65476,0,0,61604,60.0,0.0,0.0,0.0,0.0,0.0
2026-04-04T11:58:40,ERR,ERR,ERR,ERR,ERR,ERR,ERR,ERR,ERR,ERR,ERR,ERR,ERR,ERR,ERR,ERR,ERR,ERR,ERR,ERR,ERR,ERR,ERR,ERR,ERR,ERR,ERR,ERR,ERR,ERR,ERR,ERR,ERR,ERR,ERR,ERR,ERR,ERR,ERR,ERR,ERR,ERR,ERR,ERR,ERR,ERR,ERR,ERR,ERR,ERR,ERR,ERR,ERR,ERR,ERR,ERR,ERR,ERR,ERR,ERR,ERR,ERR,ERR,ERR,ERR,ERR,ERR,ERR,ERR,ERR,ERR,ERR,ERR,ERR,ERR,ERR,ERR,ERR,ERR,ERR,ERR,ERR,ERR,ERR,ERR,ERR,ERR,ERR,ERR,ERR,ERR,ERR,ERR,ERR,ERR,ERR,ERR,ERR,ERR,ERR,ERR,ERR,ERR,ERR,ERR,ERR,ERR,ERR,ERR,ERR,ERR,ERR,ERR,ERR,ERR,ERR,ERR,ERR,ERR,ERR,ERR,ERR,ERR,ERR,ERR,-107615240.0,0.0,-117832800.0,0.0,0.0,0.0,0.0,nan,0,0,0,32768,0,0.0,0,0.0,0.0,0.0,0.0,0.0,0,0,0,0,0.0,0,0,0,0,0,0,0,0,0,0,0,0,0,0,0,0,0,0,0,0,0,0,0,0,0,0,0,0,0,0,0,0,0,0,0,0,0,0,0,0,0,0,0,0,0.0,0.0,0.0,0.0,0.0,0.0,0.0,0.0,0.0,0.0,0.0,0.0,0.0,0.0,0.0,0.0,0.0,0.0,0.0,0.0,0.0,0.0,2.004,-0.0,0.0,-2.004,0.0,0.0,0.0,0.0,3354.5,0.0,0.0,-107615240.0,0.0,-107615232.0,-0.0,0.0,0.0,0.0,0.0,0,-5.8480786593265204e+35,-0.0,0.0,0.0,0.0,0.0,0.0,0.0,0.0,0,0,0,0.0,0.0,0.0,0.0,0.0,0.0,0.0,0.0,0.0,0.0,0.0,0.0,0.0,0.0,0.0,0.0,0,-107875648.0,0,0.0,0,-107875648.0,0.0,0,26215,17038,52429,17052,13107,17037,0,0,0,110,100,100,0.0,64.1,0.0,64.8,-0.0,68.5,1,49,50,180,0,0,0,0,0.0,0.0,0.0,0.0,3.642356815078046e+23,65.5,0.0,0.0,0.0,645,0,685,0,0,0,712,0,784,0,706,0,688,0,646,0,640,0,619,0.032,36700160.0,-2.004,-0.0,38288,16789,6.1434675331072e+16,13506170880.0,0.0,1.8192922606085834e+21,43074.027,-1.1236293928796796e+37,29.0,60.0,70,0.0,0.0,0.0,0.0,0.0,0.0,0.0,0.0,0.0,0.0,0.0,0.0,0.0,0.0,0.0,0.0,59.2,68,12,65509,41,65476,0,300,0,0,8,20529,65476,0,0,61604,60.0,0.0,0.0,0.0,0.0,0.0
2026-04-04T11:58:41,ERR,ERR,ERR,ERR,ERR,ERR,ERR,ERR,ERR,ERR,ERR,ERR,ERR,ERR,ERR,ERR,ERR,ERR,ERR,ERR,ERR,ERR,ERR,ERR,ERR,ERR,ERR,ERR,ERR,ERR,ERR,ERR,ERR,ERR,ERR,ERR,ERR,ERR,ERR,ERR,ERR,ERR,ERR,ERR,ERR,ERR,ERR,ERR,ERR,ERR,ERR,ERR,ERR,ERR,ERR,ERR,ERR,ERR,ERR,ERR,ERR,ERR,ERR,ERR,ERR,ERR,ERR,ERR,ERR,ERR,ERR,ERR,ERR,ERR,ERR,ERR,ERR,ERR,ERR,ERR,ERR,ERR,ERR,ERR,ERR,ERR,ERR,ERR,ERR,ERR,ERR,ERR,ERR,ERR,ERR,ERR,ERR,ERR,ERR,ERR,ERR,ERR,ERR,ERR,ERR,ERR,ERR,ERR,ERR,ERR,ERR,ERR,ERR,ERR,ERR,ERR,ERR,ERR,ERR,ERR,ERR,ERR,ERR,ERR,ERR,-107615240.0,0.0,-117832800.0,0.0,0.0,0.0,0.0,nan,0,0,0,32768,0,0.0,0,0.0,0.0,0.0,0.0,0.0,0,0,0,0,0.0,0,0,0,0,0,0,0,0,0,0,0,0,0,0,0,0,0,0,0,0,0,0,0,0,0,0,0,0,0,0,0,0,0,0,0,0,0,0,0,0,0,0,0,0,0.0,0.0,0.0,0.0,0.0,0.0,0.0,0.0,0.0,0.0,0.0,0.0,0.0,0.0,0.0,0.0,0.0,0.0,0.0,0.0,0.0,0.0,2.004,-0.0,0.0,-2.004,0.0,0.0,0.0,0.0,3354.5,0.0,0.0,-107615240.0,0.0,-107615232.0,-0.0,0.0,0.0,0.0,0.0,0,-5.8480786593265204e+35,-0.0,0.0,0.0,0.0,0.0,0.0,0.0,0.0,0,0,0,0.0,0.0,0.0,0.0,0.0,0.0,0.0,0.0,0.0,0.0,0.0,0.0,0.0,0.0,0.0,0.0,0,-107875648.0,0,0.0,0,-107875648.0,0.0,0,26215,17038,52429,17052,13107,17037,0,0,0,110,100,100,0.0,64.1,0.0,64.8,-0.0,68.5,1,49,50,180,0,0,0,0,0.0,0.0,0.0,0.0,37292556.0,65.5,0.0,-3.4946662588896972e+25,0.0,645,0,685,0,0,0,712,0,784,0,706,0,688,0,646,0,640,0,619,0.032,36962304.0,-2.004,-0.0,49040,16789,63568212918272.0,-3.4946662588896972e+25,-2.827567257936661e+20,-0.133,0.0,-0.002,29.0,60.0,70,0.0,0.0,0.0,0.0,0.0,0.0,0.0,0.0,0.0,0.0,0.0,0.0,0.0,0.0,0.0,0.0,59.2,68,12,65509,41,65476,0,300,0,0,8,20529,65476,0,0,61604,60.0,0.0,0.0,0.0,0.0,0.0
2026-04-04T11:58:42,ERR,ERR,ERR,ERR,ERR,ERR,ERR,ERR,ERR,ERR,ERR,ERR,ERR,ERR,ERR,ERR,ERR,ERR,ERR,ERR,ERR,ERR,ERR,ERR,ERR,ERR,ERR,ERR,ERR,ERR,ERR,ERR,ERR,ERR,ERR,ERR,ERR,ERR,ERR,ERR,ERR,ERR,ERR,ERR,ERR,ERR,ERR,ERR,ERR,ERR,ERR,ERR,ERR,ERR,ERR,ERR,ERR,ERR,ERR,ERR,ERR,ERR,ERR,ERR,ERR,ERR,ERR,ERR,ERR,ERR,ERR,ERR,ERR,ERR,ERR,ERR,ERR,ERR,ERR,ERR,ERR,ERR,ERR,ERR,ERR,ERR,ERR,ERR,ERR,ERR,ERR,ERR,ERR,ERR,ERR,ERR,ERR,ERR,ERR,ERR,ERR,ERR,ERR,ERR,ERR,ERR,ERR,ERR,ERR,ERR,ERR,ERR,ERR,ERR,ERR,ERR,ERR,ERR,ERR,ERR,ERR,ERR,ERR,ERR,ERR,-107615240.0,0.0,-117832800.0,0.0,0.0,0.0,0.0,nan,0,0,0,32768,0,0.0,0,0.0,0.0,0.0,0.0,0.0,0,0,0,0,0.0,0,0,0,0,0,0,0,0,0,0,0,0,0,0,0,0,0,0,0,0,0,0,0,0,0,0,0,0,0,0,0,0,0,0,0,0,0,0,0,0,0,0,0,0,0.0,0.0,0.0,0.0,0.0,0.0,0.0,0.0,0.0,0.0,0.0,0.0,0.0,0.0,0.0,0.0,0.0,0.0,0.0,0.0,0.0,0.0,2.004,-0.0,0.0,-2.004,0.0,0.0,0.0,0.0,3354.5,0.0,0.0,-107615240.0,0.0,-107615232.0,-0.0,0.0,0.0,0.0,0.0,0,-5.8480786593265204e+35,-0.0,0.0,0.0,0.0,0.0,0.0,0.0,0.0,0,0,0,0.0,0.0,0.0,0.0,0.0,0.0,0.0,0.0,0.0,0.0,0.0,0.0,0.0,0.0,0.0,0.0,0,-107875648.0,0,0.0,0,-107875648.0,0.0,0,26215,17038,52429,17052,13107,17037,0,0,0,110,100,100,0.0,64.1,0.0,64.8,-0.0,68.5,1,49,50,180,0,0,0,0,0.0,0.0,0.0,0.0,37292556.0,65.5,0.0,-3.4946662588896972e+25,0.0,645,0,685,0,0,0,712,0,784,0,706,0,688,0,646,0,640,0,619,0.032,36962304.0,-2.004,-0.0,49040,16789,63568212918272.0,-3.4946662588896972e+25,-2.827567257936661e+20,-0.133,0.0,-0.002,29.0,60.0,70,0.0,0.0,0.0,0.0,0.0,0.0,0.0,0.0,0.0,0.0,0.0,0.0,0.0,0.0,0.0,0.0,59.2,68,12,65509,41,65476,0,300,0,0,8,20529,65476,0,0,61604,60.0,0.0,0.0,0.0,0.0,0.0
2026-04-04T11:58:43,ERR,ERR,ERR,ERR,ERR,ERR,ERR,ERR,ERR,ERR,ERR,ERR,ERR,ERR,ERR,ERR,ERR,ERR,ERR,ERR,ERR,ERR,ERR,ERR,ERR,ERR,ERR,ERR,ERR,ERR,ERR,ERR,ERR,ERR,ERR,ERR,ERR,ERR,ERR,ERR,ERR,ERR,ERR,ERR,ERR,ERR,ERR,ERR,ERR,ERR,ERR,ERR,ERR,ERR,ERR,ERR,ERR,ERR,ERR,ERR,ERR,ERR,ERR,ERR,ERR,ERR,ERR,ERR,ERR,ERR,ERR,ERR,ERR,ERR,ERR,ERR,ERR,ERR,ERR,ERR,ERR,ERR,ERR,ERR,ERR,ERR,ERR,ERR,ERR,ERR,ERR,ERR,ERR,ERR,ERR,ERR,ERR,ERR,ERR,ERR,ERR,ERR,ERR,ERR,ERR,ERR,ERR,ERR,ERR,ERR,ERR,ERR,ERR,ERR,ERR,ERR,ERR,ERR,ERR,ERR,ERR,ERR,ERR,ERR,ERR,-107615240.0,0.0,-117832800.0,0.0,0.0,0.0,0.0,nan,0,0,0,32768,0,0.0,0,0.0,0.0,0.0,0.0,0.0,0,0,0,0,0.0,0,0,0,0,0,0,0,0,0,0,0,0,0,0,0,0,0,0,0,0,0,0,0,0,0,0,0,0,0,0,0,0,0,0,0,0,0,0,0,0,0,0,0,0,0.0,0.0,0.0,0.0,0.0,0.0,0.0,0.0,0.0,0.0,0.0,0.0,0.0,0.0,0.0,0.0,0.0,0.0,0.0,0.0,0.0,0.0,2.004,-0.0,0.0,-2.004,0.0,0.0,0.0,0.0,3354.5,0.0,0.0,-107615240.0,0.0,-107615232.0,-0.0,0.0,0.0,0.0,0.0,0,-5.8480786593265204e+35,-0.0,0.0,0.0,0.0,0.0,0.0,0.0,0.0,0,0,0,0.0,0.0,0.0,0.0,0.0,0.0,0.0,0.0,0.0,0.0,0.0,0.0,0.0,0.0,0.0,0.0,0,-107875648.0,0,0.0,0,-107875648.0,0.0,0,26215,17038,52429,17052,13107,17037,0,0,0,110,100,100,0.0,64.1,0.0,64.8,-0.0,68.5,1,49,50,180,0,0,0,0,0.0,0.0,0.0,0.0,37292556.0,65.5,0.0,-3.4946662588896972e+25,0.0,645,0,685,0,0,0,712,0,784,0,706,0,688,0,646,0,640,0,619,0.032,36962304.0,-2.004,-0.0,49040,16789,63568212918272.0,-3.4946662588896972e+25,-2.827567257936661e+20,-0.133,0.0,-0.002,29.0,60.0,70,0.0,0.0,0.0,0.0,0.0,0.0,0.0,0.0,0.0,0.0,0.0,0.0,0.0,0.0,0.0,0.0,59.6,68,12,65509,41,65476,0,300,0,0,8,20529,65476,0,0,61604,60.0,0.0,0.0,0.0,0.0,0.0
2026-04-04T11:58:44,ERR,ERR,ERR,ERR,ERR,ERR,ERR,ERR,ERR,ERR,ERR,ERR,ERR,ERR,ERR,ERR,ERR,ERR,ERR,ERR,ERR,ERR,ERR,ERR,ERR,ERR,ERR,ERR,ERR,ERR,ERR,ERR,ERR,ERR,ERR,ERR,ERR,ERR,ERR,ERR,ERR,ERR,ERR,ERR,ERR,ERR,ERR,ERR,ERR,ERR,ERR,ERR,ERR,ERR,ERR,ERR,ERR,ERR,ERR,ERR,ERR,ERR,ERR,ERR,ERR,ERR,ERR,ERR,ERR,ERR,ERR,ERR,ERR,ERR,ERR,ERR,ERR,ERR,ERR,ERR,ERR,ERR,ERR,ERR,ERR,ERR,ERR,ERR,ERR,ERR,ERR,ERR,ERR,ERR,ERR,ERR,ERR,ERR,ERR,ERR,ERR,ERR,ERR,ERR,ERR,ERR,ERR,ERR,ERR,ERR,ERR,ERR,ERR,ERR,ERR,ERR,ERR,ERR,ERR,ERR,ERR,ERR,ERR,ERR,ERR,-107615240.0,0.0,-117832800.0,0.0,0.0,0.0,0.0,nan,0,0,0,32768,0,0.0,0,0.0,0.0,0.0,0.0,0.0,0,0,0,0,0.0,0,0,0,0,0,0,0,0,0,0,0,0,0,0,0,0,0,0,0,0,0,0,0,0,0,0,0,0,0,0,0,0,0,0,0,0,0,0,0,0,0,0,0,0,0.0,0.0,0.0,0.0,0.0,0.0,0.0,0.0,0.0,0.0,0.0,0.0,0.0,0.0,0.0,0.0,0.0,0.0,0.0,0.0,0.0,0.0,2.004,-0.0,0.0,-2.004,0.0,0.0,0.0,0.0,3354.5,0.0,0.0,-107615240.0,0.0,-107615232.0,-0.0,0.0,0.0,0.0,0.0,0,-5.8480786593265204e+35,-0.0,0.0,0.0,0.0,0.0,0.0,0.0,0.0,0,0,0,0.0,0.0,0.0,0.0,0.0,0.0,0.0,0.0,0.0,0.0,0.0,0.0,0.0,0.0,0.0,0.0,0,-107875648.0,0,0.0,0,-107875648.0,0.0,0,26215,17038,52429,17052,13107,17037,0,0,0,110,100,100,0.0,64.1,0.0,64.8,-0.0,68.5,1,49,50,180,0,0,0,0,0.0,0.0,0.0,0.0,37292556.0,65.5,0.0,-3.4946662588896972e+25,0.0,645,0,685,0,0,0,712,0,784,0,706,0,688,0,646,0,640,0,619,0.032,36962304.0,-2.004,-0.0,49040,16789,63568212918272.0,-3.4946662588896972e+25,-2.827567257936661e+20,-0.133,0.0,-0.002,29.0,60.0,70,0.0,0.0,0.0,0.0,0.0,0.0,0.0,0.0,0.0,0.0,0.0,0.0,0.0,0.0,0.0,0.0,59.6,68,12,65509,41,65476,0,300,0,0,8,20529,65476,0,0,61604,60.0,0.0,0.0,0.0,0.0,0.0
2026-04-04T11:58:45,ERR,ERR,ERR,ERR,ERR,ERR,ERR,ERR,ERR,ERR,ERR,ERR,ERR,ERR,ERR,ERR,ERR,ERR,ERR,ERR,ERR,ERR,ERR,ERR,ERR,ERR,ERR,ERR,ERR,ERR,ERR,ERR,ERR,ERR,ERR,ERR,ERR,ERR,ERR,ERR,ERR,ERR,ERR,ERR,ERR,ERR,ERR,ERR,ERR,ERR,ERR,ERR,ERR,ERR,ERR,ERR,ERR,ERR,ERR,ERR,ERR,ERR,ERR,ERR,ERR,ERR,ERR,ERR,ERR,ERR,ERR,ERR,ERR,ERR,ERR,ERR,ERR,ERR,ERR,ERR,ERR,ERR,ERR,ERR,ERR,ERR,ERR,ERR,ERR,ERR,ERR,ERR,ERR,ERR,ERR,ERR,ERR,ERR,ERR,ERR,ERR,ERR,ERR,ERR,ERR,ERR,ERR,ERR,ERR,ERR,ERR,ERR,ERR,ERR,ERR,ERR,ERR,ERR,ERR,ERR,ERR,ERR,ERR,ERR,ERR,-107615240.0,0.0,-117832800.0,0.0,0.0,0.0,0.0,nan,0,0,0,32768,0,0.0,0,0.0,0.0,0.0,0.0,0.0,0,0,0,0,0.0,0,0,0,0,0,0,0,0,0,0,0,0,0,0,0,0,0,0,0,0,0,0,0,0,0,0,0,0,0,0,0,0,0,0,0,0,0,0,0,0,0,0,0,0,0.0,0.0,0.0,0.0,0.0,0.0,0.0,0.0,0.0,0.0,0.0,0.0,0.0,0.0,0.0,0.0,0.0,0.0,0.0,0.0,0.0,0.0,2.004,-0.0,0.0,-2.004,0.0,0.0,0.0,0.0,3354.5,0.0,0.0,-107615240.0,0.0,-107615232.0,-0.0,0.0,0.0,0.0,0.0,0,-5.8480786593265204e+35,-0.0,0.0,0.0,0.0,0.0,0.0,0.0,0.0,0,0,0,0.0,0.0,0.0,0.0,0.0,0.0,0.0,0.0,0.0,0.0,0.0,0.0,0.0,0.0,0.0,0.0,0,-107875648.0,0,0.0,0,-107875648.0,0.0,0,26215,17038,52429,17052,13107,17037,0,0,0,110,100,100,0.0,64.1,0.0,64.8,-0.0,68.5,1,49,50,180,0,0,0,0,0.0,0.0,0.0,0.0,37292556.0,65.5,0.0,-3.4946662588896972e+25,0.0,645,0,685,0,0,0,712,0,784,0,706,0,688,0,646,0,640,0,619,0.032,36962304.0,-2.004,-0.0,49040,16789,63568212918272.0,-3.4946662588896972e+25,-2.827567257936661e+20,-0.133,0.0,-0.002,29.0,60.0,70,0.0,0.0,0.0,0.0,0.0,0.0,0.0,0.0,0.0,0.0,0.0,0.0,0.0,0.0,0.0,0.0,59.6,68,12,65509,41,65476,0,300,0,0,8,20529,65476,0,0,61604,60.0,0.0,0.0,0.0,0.0,0.0
2026-04-04T11:58:46,ERR,ERR,ERR,ERR,ERR,ERR,ERR,ERR,ERR,ERR,ERR,ERR,ERR,ERR,ERR,ERR,ERR,ERR,ERR,ERR,ERR,ERR,ERR,ERR,ERR,ERR,ERR,ERR,ERR,ERR,ERR,ERR,ERR,ERR,ERR,ERR,ERR,ERR,ERR,ERR,ERR,ERR,ERR,ERR,ERR,ERR,ERR,ERR,ERR,ERR,ERR,ERR,ERR,ERR,ERR,ERR,ERR,ERR,ERR,ERR,ERR,ERR,ERR,ERR,ERR,ERR,ERR,ERR,ERR,ERR,ERR,ERR,ERR,ERR,ERR,ERR,ERR,ERR,ERR,ERR,ERR,ERR,ERR,ERR,ERR,ERR,ERR,ERR,ERR,ERR,ERR,ERR,ERR,ERR,ERR,ERR,ERR,ERR,ERR,ERR,ERR,ERR,ERR,ERR,ERR,ERR,ERR,ERR,ERR,ERR,ERR,ERR,ERR,ERR,ERR,ERR,ERR,ERR,ERR,ERR,ERR,ERR,ERR,ERR,ERR,-107615240.0,0.0,-117832800.0,0.0,0.0,0.0,0.0,nan,0,0,0,32768,0,0.0,0,0.0,0.0,0.0,0.0,0.0,0,0,0,0,0.0,0,0,0,0,0,0,0,0,0,0,0,0,0,0,0,0,0,0,0,0,0,0,0,0,0,0,0,0,0,0,0,0,0,0,0,0,0,0,0,0,0,0,0,0,0.0,0.0,0.0,0.0,0.0,0.0,0.0,0.0,0.0,0.0,0.0,0.0,0.0,0.0,0.0,0.0,0.0,0.0,0.0,0.0,0.0,0.0,2.004,-0.0,0.0,-2.004,0.0,0.0,0.0,0.0,3355.0,0.0,0.0,-107615240.0,0.0,-107615232.0,-0.0,0.0,0.0,0.0,0.0,0,-5.8480786593265204e+35,-0.0,0.0,0.0,0.0,0.0,0.0,0.0,0.0,0,0,0,0.0,0.0,0.0,0.0,0.0,0.0,0.0,0.0,0.0,0.0,0.0,0.0,0.0,0.0,0.0,0.0,0,-107875648.0,0,0.0,0,-107875648.0,0.0,0,26215,17038,52429,17052,13107,17037,0,0,0,110,100,100,0.0,64.1,0.0,64.8,-0.0,68.5,1,49,50,180,0,0,0,0,0.0,0.0,0.0,0.0,37292556.0,65.5,0.0,-3.4946662588896972e+25,0.0,645,0,685,0,0,0,712,0,784,0,706,0,688,0,646,0,640,0,619,0.032,36962304.0,-2.004,-0.0,49040,16789,63568212918272.0,-3.4946662588896972e+25,-2.827567257936661e+20,-0.133,0.0,-0.002,29.0,60.0,70,0.0,0.0,0.0,0.0,0.0,0.0,0.0,0.0,0.0,0.0,0.0,0.0,0.0,0.0,0.0,0.0,59.2,68,12,65509,41,65476,0,300,0,0,8,20529,65476,0,0,61604,60.0,0.0,0.0,0.0,0.0,0.0
2026-04-04T11:58:47,ERR,ERR,ERR,ERR,ERR,ERR,ERR,ERR,ERR,ERR,ERR,ERR,ERR,ERR,ERR,ERR,ERR,ERR,ERR,ERR,ERR,ERR,ERR,ERR,ERR,ERR,ERR,ERR,ERR,ERR,ERR,ERR,ERR,ERR,ERR,ERR,ERR,ERR,ERR,ERR,ERR,ERR,ERR,ERR,ERR,ERR,ERR,ERR,ERR,ERR,ERR,ERR,ERR,ERR,ERR,ERR,ERR,ERR,ERR,ERR,ERR,ERR,ERR,ERR,ERR,ERR,ERR,ERR,ERR,ERR,ERR,ERR,ERR,ERR,ERR,ERR,ERR,ERR,ERR,ERR,ERR,ERR,ERR,ERR,ERR,ERR,ERR,ERR,ERR,ERR,ERR,ERR,ERR,ERR,ERR,ERR,ERR,ERR,ERR,ERR,ERR,ERR,ERR,ERR,ERR,ERR,ERR,ERR,ERR,ERR,ERR,ERR,ERR,ERR,ERR,ERR,ERR,ERR,ERR,ERR,ERR,ERR,ERR,ERR,ERR,-107615240.0,0.0,-117832800.0,0.0,0.0,0.0,0.0,nan,0,0,0,32768,0,0.0,0,0.0,0.0,0.0,0.0,0.0,0,0,0,0,0.0,0,0,0,0,0,0,0,0,0,0,0,0,0,0,0,0,0,0,0,0,0,0,0,0,0,0,0,0,0,0,0,0,0,0,0,0,0,0,0,0,0,0,0,0,0.0,0.0,0.0,0.0,0.0,0.0,0.0,0.0,0.0,0.0,0.0,0.0,0.0,0.0,0.0,0.0,0.0,0.0,0.0,0.0,0.0,0.0,2.004,-0.0,0.0,-2.004,0.0,0.0,0.0,0.0,3355.0,0.0,0.0,-107615240.0,0.0,-107615232.0,-0.0,0.0,0.0,0.0,0.0,0,-5.8480786593265204e+35,-0.0,0.0,0.0,0.0,0.0,0.0,0.0,0.0,0,0,0,0.0,0.0,0.0,0.0,0.0,0.0,0.0,0.0,0.0,0.0,0.0,0.0,0.0,0.0,0.0,0.0,0,-107875648.0,0,0.0,0,-107875648.0,0.0,0,26215,17038,52429,17052,13107,17037,0,0,0,110,100,100,0.0,64.1,0.0,64.8,-0.0,68.5,1,49,50,180,0,0,0,0,0.0,0.0,0.0,0.0,6.0475800104409615e+29,65.5,0.0,-76931.898,0.0,645,0,685,0,0,0,712,0,784,0,706,0,688,0,646,0,640,0,619,0.032,36700160.0,-2.004,-0.0,43664,16789,3.0963609653457723e+32,-332303.594,0.0,-0.0,0.027,-9.17635237825814e+28,29.0,60.0,70,0.0,0.0,0.0,0.0,0.0,0.0,0.0,0.0,0.0,0.0,0.0,0.0,0.0,0.0,0.0,0.0,59.2,68,12,65509,41,65476,0,300,0,0,8,20529,65476,0,0,61604,60.0,0.0,0.0,0.0,0.0,0.0
2026-04-04T11:58:48,ERR,ERR,ERR,ERR,ERR,ERR,ERR,ERR,ERR,ERR,ERR,ERR,ERR,ERR,ERR,ERR,ERR,ERR,ERR,ERR,ERR,ERR,ERR,ERR,ERR,ERR,ERR,ERR,ERR,ERR,ERR,ERR,ERR,ERR,ERR,ERR,ERR,ERR,ERR,ERR,ERR,ERR,ERR,ERR,ERR,ERR,ERR,ERR,ERR,ERR,ERR,ERR,ERR,ERR,ERR,ERR,ERR,ERR,ERR,ERR,ERR,ERR,ERR,ERR,ERR,ERR,ERR,ERR,ERR,ERR,ERR,ERR,ERR,ERR,ERR,ERR,ERR,ERR,ERR,ERR,ERR,ERR,ERR,ERR,ERR,ERR,ERR,ERR,ERR,ERR,ERR,ERR,ERR,ERR,ERR,ERR,ERR,ERR,ERR,ERR,ERR,ERR,ERR,ERR,ERR,ERR,ERR,ERR,ERR,ERR,ERR,ERR,ERR,ERR,ERR,ERR,ERR,ERR,ERR,ERR,ERR,ERR,ERR,ERR,ERR,-107615240.0,0.0,-117832800.0,0.0,0.0,0.0,0.0,nan,0,0,0,32768,0,0.0,0,0.0,0.0,0.0,0.0,0.0,0,0,0,0,0.0,0,0,0,0,0,0,0,0,0,0,0,0,0,0,0,0,0,0,0,0,0,0,0,0,0,0,0,0,0,0,0,0,0,0,0,0,0,0,0,0,0,0,0,0,0.0,0.0,0.0,0.0,0.0,0.0,0.0,0.0,0.0,0.0,0.0,0.0,0.0,0.0,0.0,0.0,0.0,0.0,0.0,0.0,0.0,0.0,2.004,-0.0,0.0,-2.004,0.0,0.0,0.0,0.0,3355.0,0.0,0.0,-107615240.0,0.0,-107615232.0,-0.0,0.0,0.0,0.0,0.0,0,-5.8480786593265204e+35,-0.0,0.0,0.0,0.0,0.0,0.0,0.0,0.0,0,0,0,0.0,0.0,0.0,0.0,0.0,0.0,0.0,0.0,0.0,0.0,0.0,0.0,0.0,0.0,0.0,0.0,0,-107875648.0,0,0.0,0,-107875648.0,0.0,0,26215,17038,52429,17052,13107,17037,0,0,0,110,100,100,0.0,64.1,0.0,64.8,-0.0,68.5,1,49,50,180,0,0,0,0,0.0,0.0,0.0,0.0,6.0475800104409615e+29,65.5,0.0,-76931.898,0.0,645,0,685,0,0,0,712,0,784,0,706,0,688,0,646,0,640,0,619,0.032,36700160.0,-2.004,-0.0,43664,16789,3.0963609653457723e+32,-332303.594,0.0,-0.0,0.027,-9.17635237825814e+28,29.0,60.0,70,0.0,0.0,0.0,0.0,0.0,0.0,0.0,0.0,0.0,0.0,0.0,0.0,0.0,0.0,0.0,0.0,59.2,68,12,65509,41,65476,0,300,0,0,8,20529,65476,0,0,61604,60.0,0.0,0.0,0.0,0.0,0.0
2026-04-04T11:58:49,ERR,ERR,ERR,ERR,ERR,ERR,ERR,ERR,ERR,ERR,ERR,ERR,ERR,ERR,ERR,ERR,ERR,ERR,ERR,ERR,ERR,ERR,ERR,ERR,ERR,ERR,ERR,ERR,ERR,ERR,ERR,ERR,ERR,ERR,ERR,ERR,ERR,ERR,ERR,ERR,ERR,ERR,ERR,ERR,ERR,ERR,ERR,ERR,ERR,ERR,ERR,ERR,ERR,ERR,ERR,ERR,ERR,ERR,ERR,ERR,ERR,ERR,ERR,ERR,ERR,ERR,ERR,ERR,ERR,ERR,ERR,ERR,ERR,ERR,ERR,ERR,ERR,ERR,ERR,ERR,ERR,ERR,ERR,ERR,ERR,ERR,ERR,ERR,ERR,ERR,ERR,ERR,ERR,ERR,ERR,ERR,ERR,ERR,ERR,ERR,ERR,ERR,ERR,ERR,ERR,ERR,ERR,ERR,ERR,ERR,ERR,ERR,ERR,ERR,ERR,ERR,ERR,ERR,ERR,ERR,ERR,ERR,ERR,ERR,ERR,-107615240.0,0.0,-117832800.0,0.0,0.0,0.0,0.0,nan,0,0,0,32768,0,0.0,0,0.0,0.0,0.0,0.0,0.0,0,0,0,0,0.0,0,0,0,0,0,0,0,0,0,0,0,0,0,0,0,0,0,0,0,0,0,0,0,0,0,0,0,0,0,0,0,0,0,0,0,0,0,0,0,0,0,0,0,0,0.0,0.0,0.0,0.0,0.0,0.0,0.0,0.0,0.0,0.0,0.0,0.0,0.0,0.0,0.0,0.0,0.0,0.0,0.0,0.0,0.0,0.0,2.004,-0.0,0.0,-2.004,0.0,0.0,0.0,0.0,3355.0,0.0,0.0,-107615240.0,0.0,-107615232.0,-0.0,0.0,0.0,0.0,0.0,0,-5.8480786593265204e+35,-0.0,0.0,0.0,0.0,0.0,0.0,0.0,0.0,0,0,0,0.0,0.0,0.0,0.0,0.0,0.0,0.0,0.0,0.0,0.0,0.0,0.0,0.0,0.0,0.0,0.0,0,-107875648.0,0,0.0,0,-107875648.0,0.0,0,26215,17038,52429,17052,13107,17037,0,0,0,110,100,100,0.0,64.1,0.0,64.8,-0.0,68.5,1,49,50,180,0,0,0,0,0.0,0.0,0.0,0.0,6.0475800104409615e+29,65.5,0.0,-76931.898,0.0,645,0,685,0,0,0,712,0,784,0,706,0,688,0,646,0,640,0,619,0.032,36700160.0,-2.004,-0.0,43664,16789,3.0963609653457723e+32,-332303.594,0.0,-0.0,0.027,-9.17635237825814e+28,29.0,60.0,70,0.0,0.0,0.0,0.0,0.0,0.0,0.0,0.0,0.0,0.0,0.0,0.0,0.0,0.0,0.0,0.0,59.6,68,12,65509,41,65476,0,300,0,0,8,20529,65476,0,0,61604,60.0,0.0,0.0,0.0,0.0,0.0
2026-04-04T11:58:50,ERR,ERR,ERR,ERR,ERR,ERR,ERR,ERR,ERR,ERR,ERR,ERR,ERR,ERR,ERR,ERR,ERR,ERR,ERR,ERR,ERR,ERR,ERR,ERR,ERR,ERR,ERR,ERR,ERR,ERR,ERR,ERR,ERR,ERR,ERR,ERR,ERR,ERR,ERR,ERR,ERR,ERR,ERR,ERR,ERR,ERR,ERR,ERR,ERR,ERR,ERR,ERR,ERR,ERR,ERR,ERR,ERR,ERR,ERR,ERR,ERR,ERR,ERR,ERR,ERR,ERR,ERR,ERR,ERR,ERR,ERR,ERR,ERR,ERR,ERR,ERR,ERR,ERR,ERR,ERR,ERR,ERR,ERR,ERR,ERR,ERR,ERR,ERR,ERR,ERR,ERR,ERR,ERR,ERR,ERR,ERR,ERR,ERR,ERR,ERR,ERR,ERR,ERR,ERR,ERR,ERR,ERR,ERR,ERR,ERR,ERR,ERR,ERR,ERR,ERR,ERR,ERR,ERR,ERR,ERR,ERR,ERR,ERR,ERR,ERR,-107615240.0,0.0,-117832800.0,0.0,0.0,0.0,0.0,nan,0,0,0,32768,0,0.0,0,0.0,0.0,0.0,0.0,0.0,0,0,0,0,0.0,0,0,0,0,0,0,0,0,0,0,0,0,0,0,0,0,0,0,0,0,0,0,0,0,0,0,0,0,0,0,0,0,0,0,0,0,0,0,0,0,0,0,0,0,0.0,0.0,0.0,0.0,0.0,0.0,0.0,0.0,0.0,0.0,0.0,0.0,0.0,0.0,0.0,0.0,0.0,0.0,0.0,0.0,0.0,0.0,2.004,-0.0,0.0,-2.004,0.0,0.0,0.0,0.0,3355.0,0.0,0.0,-107615240.0,0.0,-107615232.0,-0.0,0.0,0.0,0.0,0.0,0,-5.8480786593265204e+35,-0.0,0.0,0.0,0.0,0.0,0.0,0.0,0.0,0,0,0,0.0,0.0,0.0,0.0,0.0,0.0,0.0,0.0,0.0,0.0,0.0,0.0,0.0,0.0,0.0,0.0,0,-107875648.0,0,0.0,0,-107875648.0,0.0,0,26215,17038,52429,17052,13107,17037,0,0,0,110,100,100,0.0,64.1,0.0,64.8,-0.0,68.5,1,49,50,180,0,0,0,0,0.0,0.0,0.0,0.0,6.0475800104409615e+29,65.5,0.0,-76931.898,0.0,645,0,685,0,0,0,712,0,784,0,706,0,688,0,646,0,640,0,619,0.032,36700160.0,-2.004,-0.0,43664,16789,3.0963609653457723e+32,-332303.594,0.0,-0.0,0.027,-9.17635237825814e+28,29.0,60.0,70,0.0,0.0,0.0,0.0,0.0,0.0,0.0,0.0,0.0,0.0,0.0,0.0,0.0,0.0,0.0,0.0,59.6,68,12,65509,41,65476,0,300,0,0,8,20529,65476,0,0,61604,60.0,0.0,0.0,0.0,0.0,0.0
2026-04-04T11:58:51,ERR,ERR,ERR,ERR,ERR,ERR,ERR,ERR,ERR,ERR,ERR,ERR,ERR,ERR,ERR,ERR,ERR,ERR,ERR,ERR,ERR,ERR,ERR,ERR,ERR,ERR,ERR,ERR,ERR,ERR,ERR,ERR,ERR,ERR,ERR,ERR,ERR,ERR,ERR,ERR,ERR,ERR,ERR,ERR,ERR,ERR,ERR,ERR,ERR,ERR,ERR,ERR,ERR,ERR,ERR,ERR,ERR,ERR,ERR,ERR,ERR,ERR,ERR,ERR,ERR,ERR,ERR,ERR,ERR,ERR,ERR,ERR,ERR,ERR,ERR,ERR,ERR,ERR,ERR,ERR,ERR,ERR,ERR,ERR,ERR,ERR,ERR,ERR,ERR,ERR,ERR,ERR,ERR,ERR,ERR,ERR,ERR,ERR,ERR,ERR,ERR,ERR,ERR,ERR,ERR,ERR,ERR,ERR,ERR,ERR,ERR,ERR,ERR,ERR,ERR,ERR,ERR,ERR,ERR,ERR,ERR,ERR,ERR,ERR,ERR,-107615240.0,0.0,-117832800.0,0.0,0.0,0.0,0.0,nan,0,0,0,32768,0,0.0,0,0.0,0.0,0.0,0.0,0.0,0,0,0,0,0.0,0,0,0,0,0,0,0,0,0,0,0,0,0,0,0,0,0,0,0,0,0,0,0,0,0,0,0,0,0,0,0,0,0,0,0,0,0,0,0,0,0,0,0,0,0.0,0.0,0.0,0.0,0.0,0.0,0.0,0.0,0.0,0.0,0.0,0.0,0.0,0.0,0.0,0.0,0.0,0.0,0.0,0.0,0.0,0.0,2.004,-0.0,0.0,-2.004,0.0,0.0,0.0,0.0,3355.0,0.0,0.0,-107615240.0,0.0,-107615232.0,-0.0,0.0,0.0,0.0,0.0,0,-5.8480786593265204e+35,-0.0,0.0,0.0,0.0,0.0,0.0,0.0,0.0,0,0,0,0.0,0.0,0.0,0.0,0.0,0.0,0.0,0.0,0.0,0.0,0.0,0.0,0.0,0.0,0.0,0.0,0,-107875648.0,0,0.0,0,-107875648.0,0.0,0,26215,17038,52429,17052,13107,17037,0,0,0,110,100,100,0.0,64.1,0.0,64.8,-0.0,68.5,1,49,50,180,0,0,0,0,0.0,0.0,0.0,0.0,1.1611395122108826e+17,65.5,0.0,0.0,0.0,645,0,685,0,0,0,712,0,784,0,706,0,688,0,646,0,640,0,619,0.032,36962304.0,-2.004,-0.0,42256,16789,3.642356815078046e+23,7.945741895398368e+23,3.863311056843571e+16,6.028339668292939e+22,1.1308438459235606e+22,0.0,29.0,60.0,70,0.0,0.0,0.0,0.0,0.0,0.0,0.0,0.0,0.0,0.0,0.0,0.0,0.0,0.0,0.0,0.0,59.2,68,12,65509,41,65476,0,300,0,0,8,20529,65476,0,0,61604,60.0,0.0,0.0,0.0,0.0,0.0
2026-04-04T11:58:52,ERR,ERR,ERR,ERR,ERR,ERR,ERR,ERR,ERR,ERR,ERR,ERR,ERR,ERR,ERR,ERR,ERR,ERR,ERR,ERR,ERR,ERR,ERR,ERR,ERR,ERR,ERR,ERR,ERR,ERR,ERR,ERR,ERR,ERR,ERR,ERR,ERR,ERR,ERR,ERR,ERR,ERR,ERR,ERR,ERR,ERR,ERR,ERR,ERR,ERR,ERR,ERR,ERR,ERR,ERR,ERR,ERR,ERR,ERR,ERR,ERR,ERR,ERR,ERR,ERR,ERR,ERR,ERR,ERR,ERR,ERR,ERR,ERR,ERR,ERR,ERR,ERR,ERR,ERR,ERR,ERR,ERR,ERR,ERR,ERR,ERR,ERR,ERR,ERR,ERR,ERR,ERR,ERR,ERR,ERR,ERR,ERR,ERR,ERR,ERR,ERR,ERR,ERR,ERR,ERR,ERR,ERR,ERR,ERR,ERR,ERR,ERR,ERR,ERR,ERR,ERR,ERR,ERR,ERR,ERR,ERR,ERR,ERR,ERR,ERR,-107615240.0,0.0,-117832800.0,0.0,0.0,0.0,0.0,nan,0,0,0,32768,0,0.0,0,0.0,0.0,0.0,0.0,0.0,0,0,0,0,0.0,0,0,0,0,0,0,0,0,0,0,0,0,0,0,0,0,0,0,0,0,0,0,0,0,0,0,0,0,0,0,0,0,0,0,0,0,0,0,0,0,0,0,0,0,0.0,0.0,0.0,0.0,0.0,0.0,0.0,0.0,0.0,0.0,0.0,0.0,0.0,0.0,0.0,0.0,0.0,0.0,0.0,0.0,0.0,0.0,2.004,-0.0,0.0,-2.004,0.0,0.0,0.0,0.0,3341.0,-1.5879149971201683e+29,0.0,-107615240.0,0.0,-107615232.0,-0.0,0.0,0.0,0.0,0.0,0,0.0,-71.629,0.0,0.0,0.0,0.0,0.0,0.0,0.0,0,0,0,0.0,0.0,0.0,0.0,0.0,0.0,0.0,0.0,0.0,0.0,0.0,0.0,0.0,0.0,0.0,0.0,0,-107875648.0,0,0.0,0,-107875648.0,0.0,0,26215,17038,52429,17052,13107,17037,0,0,0,110,100,100,0.0,64.1,0.0,64.8,-0.0,68.5,1,49,50,180,0,0,0,0,0.0,0.0,0.0,0.0,1.1611395122108826e+17,65.5,0.0,0.0,0.0,645,0,685,0,0,0,712,0,784,0,706,0,688,0,646,0,640,0,619,0.032,36962304.0,-2.004,-0.0,42256,16789,3.642356815078046e+23,7.945741895398368e+23,3.863311056843571e+16,6.028339668292939e+22,1.1308438459235606e+22,0.0,29.0,60.0,70,0.0,0.0,0.0,0.0,0.0,0.0,0.0,0.0,0.0,0.0,0.0,0.0,0.0,0.0,0.0,0.0,59.2,68,12,65509,41,65476,0,300,0,0,8,20529,65476,0,0,61604,60.0,0.0,0.0,0.0,0.0,0.0
2026-04-04T11:58:53,ERR,ERR,ERR,ERR,ERR,ERR,ERR,ERR,ERR,ERR,ERR,ERR,ERR,ERR,ERR,ERR,ERR,ERR,ERR,ERR,ERR,ERR,ERR,ERR,ERR,ERR,ERR,ERR,ERR,ERR,ERR,ERR,ERR,ERR,ERR,ERR,ERR,ERR,ERR,ERR,ERR,ERR,ERR,ERR,ERR,ERR,ERR,ERR,ERR,ERR,ERR,ERR,ERR,ERR,ERR,ERR,ERR,ERR,ERR,ERR,ERR,ERR,ERR,ERR,ERR,ERR,ERR,ERR,ERR,ERR,ERR,ERR,ERR,ERR,ERR,ERR,ERR,ERR,ERR,ERR,ERR,ERR,ERR,ERR,ERR,ERR,ERR,ERR,ERR,ERR,ERR,ERR,ERR,ERR,ERR,ERR,ERR,ERR,ERR,ERR,ERR,ERR,ERR,ERR,ERR,ERR,ERR,ERR,ERR,ERR,ERR,ERR,ERR,ERR,ERR,ERR,ERR,ERR,ERR,ERR,ERR,ERR,ERR,ERR,ERR,-107615240.0,0.0,-117832800.0,0.0,0.0,0.0,0.0,nan,0,0,0,32768,0,0.0,0,0.0,0.0,0.0,0.0,0.0,0,0,0,0,0.0,0,0,0,0,0,0,0,0,0,0,0,0,0,0,0,0,0,0,0,0,0,0,0,0,0,0,0,0,0,0,0,0,0,0,0,0,0,0,0,0,0,0,0,0,0.0,0.0,0.0,0.0,0.0,0.0,0.0,0.0,0.0,0.0,0.0,0.0,0.0,0.0,0.0,0.0,0.0,0.0,0.0,0.0,0.0,0.0,2.004,-0.0,0.0,-2.004,0.0,0.0,0.0,0.0,3341.0,-1.5879149971201683e+29,0.0,-107615240.0,0.0,-107615232.0,-0.0,0.0,0.0,0.0,0.0,0,0.0,-71.629,0.0,0.0,0.0,0.0,0.0,0.0,0.0,0,0,0,0.0,0.0,0.0,0.0,0.0,0.0,0.0,0.0,0.0,0.0,0.0,0.0,0.0,0.0,0.0,0.0,0,-107875648.0,0,0.0,0,-107875648.0,0.0,0,26215,17038,52429,17052,13107,17037,0,0,0,110,100,100,0.0,64.1,0.0,64.8,-0.0,68.5,1,49,50,180,0,0,0,0,0.0,0.0,0.0,0.0,1.1611395122108826e+17,65.5,0.0,0.0,0.0,645,0,685,0,0,0,712,0,784,0,706,0,688,0,646,0,640,0,619,0.032,36962304.0,-2.004,-0.0,42256,16789,3.642356815078046e+23,7.945741895398368e+23,3.863311056843571e+16,6.028339668292939e+22,1.1308438459235606e+22,0.0,29.0,60.0,70,0.0,0.0,0.0,0.0,0.0,0.0,0.0,0.0,0.0,0.0,0.0,0.0,0.0,0.0,0.0,0.0,59.2,68,12,65509,41,65476,0,300,0,0,8,20529,65476,0,0,61604,60.0,0.0,0.0,0.0,0.0,0.0
2026-04-04T11:58:54,ERR,ERR,ERR,ERR,ERR,ERR,ERR,ERR,ERR,ERR,ERR,ERR,ERR,ERR,ERR,ERR,ERR,ERR,ERR,ERR,ERR,ERR,ERR,ERR,ERR,ERR,ERR,ERR,ERR,ERR,ERR,ERR,ERR,ERR,ERR,ERR,ERR,ERR,ERR,ERR,ERR,ERR,ERR,ERR,ERR,ERR,ERR,ERR,ERR,ERR,ERR,ERR,ERR,ERR,ERR,ERR,ERR,ERR,ERR,ERR,ERR,ERR,ERR,ERR,ERR,ERR,ERR,ERR,ERR,ERR,ERR,ERR,ERR,ERR,ERR,ERR,ERR,ERR,ERR,ERR,ERR,ERR,ERR,ERR,ERR,ERR,ERR,ERR,ERR,ERR,ERR,ERR,ERR,ERR,ERR,ERR,ERR,ERR,ERR,ERR,ERR,ERR,ERR,ERR,ERR,ERR,ERR,ERR,ERR,ERR,ERR,ERR,ERR,ERR,ERR,ERR,ERR,ERR,ERR,ERR,ERR,ERR,ERR,ERR,ERR,-107615240.0,0.0,-117832800.0,0.0,0.0,0.0,0.0,nan,0,0,0,32768,0,0.0,0,0.0,0.0,0.0,0.0,0.0,0,0,0,0,0.0,0,0,0,0,0,0,0,0,0,0,0,0,0,0,0,0,0,0,0,0,0,0,0,0,0,0,0,0,0,0,0,0,0,0,0,0,0,0,0,0,0,0,0,0,0.0,0.0,0.0,0.0,0.0,0.0,0.0,0.0,0.0,0.0,0.0,0.0,0.0,0.0,0.0,0.0,0.0,0.0,0.0,0.0,0.0,0.0,2.004,-0.0,0.0,-2.004,0.0,0.0,0.0,0.0,3341.0,-1.5879149971201683e+29,0.0,-107615240.0,0.0,-107615232.0,-0.0,0.0,0.0,0.0,0.0,0,0.0,-71.629,0.0,0.0,0.0,0.0,0.0,0.0,0.0,0,0,0,0.0,0.0,0.0,0.0,0.0,0.0,0.0,0.0,0.0,0.0,0.0,0.0,0.0,0.0,0.0,0.0,0,-107875648.0,0,0.0,0,-107875648.0,0.0,0,26215,17038,52429,17052,13107,17037,0,0,0,110,100,100,0.0,64.1,0.0,64.8,-0.0,68.5,1,49,50,180,0,0,0,0,0.0,0.0,0.0,0.0,1.1611395122108826e+17,65.5,0.0,0.0,0.0,645,0,685,0,0,0,712,0,784,0,706,0,688,0,646,0,640,0,619,0.032,36962304.0,-2.004,-0.0,42256,16789,3.642356815078046e+23,7.945741895398368e+23,3.863311056843571e+16,6.028339668292939e+22,1.1308438459235606e+22,0.0,29.0,60.0,70,0.0,0.0,0.0,0.0,0.0,0.0,0.0,0.0,0.0,0.0,0.0,0.0,0.0,0.0,0.0,0.0,59.2,68,12,65509,41,65476,0,300,0,0,8,20529,65476,0,0,61604,60.0,0.0,0.0,0.0,0.0,0.0
2026-04-04T11:58:55,ERR,ERR,ERR,ERR,ERR,ERR,ERR,ERR,ERR,ERR,ERR,ERR,ERR,ERR,ERR,ERR,ERR,ERR,ERR,ERR,ERR,ERR,ERR,ERR,ERR,ERR,ERR,ERR,ERR,ERR,ERR,ERR,ERR,ERR,ERR,ERR,ERR,ERR,ERR,ERR,ERR,ERR,ERR,ERR,ERR,ERR,ERR,ERR,ERR,ERR,ERR,ERR,ERR,ERR,ERR,ERR,ERR,ERR,ERR,ERR,ERR,ERR,ERR,ERR,ERR,ERR,ERR,ERR,ERR,ERR,ERR,ERR,ERR,ERR,ERR,ERR,ERR,ERR,ERR,ERR,ERR,ERR,ERR,ERR,ERR,ERR,ERR,ERR,ERR,ERR,ERR,ERR,ERR,ERR,ERR,ERR,ERR,ERR,ERR,ERR,ERR,ERR,ERR,ERR,ERR,ERR,ERR,ERR,ERR,ERR,ERR,ERR,ERR,ERR,ERR,ERR,ERR,ERR,ERR,ERR,ERR,ERR,ERR,ERR,ERR,-107615240.0,0.0,-117832800.0,0.0,0.0,0.0,0.0,nan,0,0,0,32768,0,0.0,0,0.0,0.0,0.0,0.0,0.0,0,0,0,0,0.0,0,0,0,0,0,0,0,0,0,0,0,0,0,0,0,0,0,0,0,0,0,0,0,0,0,0,0,0,0,0,0,0,0,0,0,0,0,0,0,0,0,0,0,0,0.0,0.0,0.0,0.0,0.0,0.0,0.0,0.0,0.0,0.0,0.0,0.0,0.0,0.0,0.0,0.0,0.0,0.0,0.0,0.0,0.0,0.0,2.004,-0.0,0.0,-2.004,0.0,0.0,0.0,0.0,3341.0,-1.5879149971201683e+29,0.0,-107615240.0,0.0,-107615232.0,-0.0,0.0,0.0,0.0,0.0,0,0.0,-71.629,0.0,0.0,0.0,0.0,0.0,0.0,0.0,0,0,0,0.0,0.0,0.0,0.0,0.0,0.0,0.0,0.0,0.0,0.0,0.0,0.0,0.0,0.0,0.0,0.0,0,-107875648.0,0,0.0,0,-107875648.0,0.0,0,26215,17038,52429,17052,13107,17037,0,0,0,110,100,100,0.0,64.1,0.0,64.8,-0.0,68.5,1,49,50,180,0,0,0,0,0.0,0.0,0.0,0.0,1.1611395122108826e+17,65.5,0.0,0.0,0.0,645,0,685,0,0,0,712,0,784,0,706,0,688,0,646,0,640,0,619,0.032,36962304.0,-2.004,-0.0,42256,16789,3.642356815078046e+23,7.945741895398368e+23,3.863311056843571e+16,6.028339668292939e+22,1.1308438459235606e+22,0.0,29.0,60.0,70,0.0,0.0,0.0,0.0,0.0,0.0,0.0,0.0,0.0,0.0,0.0,0.0,0.0,0.0,0.0,0.0,59.6,68,12,65509,41,65476,0,300,0,0,8,20529,65476,0,0,61604,60.0,0.0,0.0,0.0,0.0,0.0
2026-04-04T11:58:56,ERR,ERR,ERR,ERR,ERR,ERR,ERR,ERR,ERR,ERR,ERR,ERR,ERR,ERR,ERR,ERR,ERR,ERR,ERR,ERR,ERR,ERR,ERR,ERR,ERR,ERR,ERR,ERR,ERR,ERR,ERR,ERR,ERR,ERR,ERR,ERR,ERR,ERR,ERR,ERR,ERR,ERR,ERR,ERR,ERR,ERR,ERR,ERR,ERR,ERR,ERR,ERR,ERR,ERR,ERR,ERR,ERR,ERR,ERR,ERR,ERR,ERR,ERR,ERR,ERR,ERR,ERR,ERR,ERR,ERR,ERR,ERR,ERR,ERR,ERR,ERR,ERR,ERR,ERR,ERR,ERR,ERR,ERR,ERR,ERR,ERR,ERR,ERR,ERR,ERR,ERR,ERR,ERR,ERR,ERR,ERR,ERR,ERR,ERR,ERR,ERR,ERR,ERR,ERR,ERR,ERR,ERR,ERR,ERR,ERR,ERR,ERR,ERR,ERR,ERR,ERR,ERR,ERR,ERR,ERR,ERR,ERR,ERR,ERR,ERR,-107615240.0,0.0,-117832800.0,0.0,0.0,0.0,0.0,nan,0,0,0,32768,0,0.0,0,0.0,0.0,0.0,0.0,0.0,0,0,0,0,0.0,0,0,0,0,0,0,0,0,0,0,0,0,0,0,0,0,0,0,0,0,0,0,0,0,0,0,0,0,0,0,0,0,0,0,0,0,0,0,0,0,0,0,0,0,0.0,0.0,0.0,0.0,0.0,0.0,0.0,0.0,0.0,0.0,0.0,0.0,0.0,0.0,0.0,0.0,0.0,0.0,0.0,0.0,0.0,0.0,2.004,-0.0,0.0,-2.004,0.0,0.0,0.0,0.0,3341.0,-1.5879149971201683e+29,0.0,-107615240.0,0.0,-107615232.0,-0.0,0.0,0.0,0.0,0.0,0,0.0,-71.629,0.0,0.0,0.0,0.0,0.0,0.0,0.0,0,0,0,0.0,0.0,0.0,0.0,0.0,0.0,0.0,0.0,0.0,0.0,0.0,0.0,0.0,0.0,0.0,0.0,0,-107875648.0,0,0.0,0,-107875648.0,0.0,0,26215,17038,52429,17052,13107,17037,0,0,0,110,100,100,0.0,64.1,0.0,64.8,-0.0,68.5,1,49,50,180,0,0,0,0,0.0,0.0,0.0,0.0,1.1611395122108826e+17,65.5,0.0,0.0,0.0,645,0,685,0,0,0,712,0,784,0,706,0,688,0,646,0,640,0,619,0.032,36962304.0,-2.004,-0.0,42256,16789,3.642356815078046e+23,7.945741895398368e+23,3.863311056843571e+16,6.028339668292939e+22,1.1308438459235606e+22,0.0,29.0,60.0,70,0.0,0.0,0.0,0.0,0.0,0.0,0.0,0.0,0.0,0.0,0.0,0.0,0.0,0.0,0.0,0.0,59.6,68,12,65509,41,65476,0,300,0,0,8,20529,65476,0,0,61604,60.0,0.0,0.0,0.0,0.0,0.0
2026-04-04T11:58:57,ERR,ERR,ERR,ERR,ERR,ERR,ERR,ERR,ERR,ERR,ERR,ERR,ERR,ERR,ERR,ERR,ERR,ERR,ERR,ERR,ERR,ERR,ERR,ERR,ERR,ERR,ERR,ERR,ERR,ERR,ERR,ERR,ERR,ERR,ERR,ERR,ERR,ERR,ERR,ERR,ERR,ERR,ERR,ERR,ERR,ERR,ERR,ERR,ERR,ERR,ERR,ERR,ERR,ERR,ERR,ERR,ERR,ERR,ERR,ERR,ERR,ERR,ERR,ERR,ERR,ERR,ERR,ERR,ERR,ERR,ERR,ERR,ERR,ERR,ERR,ERR,ERR,ERR,ERR,ERR,ERR,ERR,ERR,ERR,ERR,ERR,ERR,ERR,ERR,ERR,ERR,ERR,ERR,ERR,ERR,ERR,ERR,ERR,ERR,ERR,ERR,ERR,ERR,ERR,ERR,ERR,ERR,ERR,ERR,ERR,ERR,ERR,ERR,ERR,ERR,ERR,ERR,ERR,ERR,ERR,ERR,ERR,ERR,ERR,ERR,-107615240.0,0.0,-117832800.0,0.0,0.0,0.0,0.0,nan,0,0,0,32768,0,0.0,0,0.0,0.0,0.0,0.0,0.0,0,0,0,0,0.0,0,0,0,0,0,0,0,0,0,0,0,0,0,0,0,0,0,0,0,0,0,0,0,0,0,0,0,0,0,0,0,0,0,0,0,0,0,0,0,0,0,0,0,0,0.0,0.0,0.0,0.0,0.0,0.0,0.0,0.0,0.0,0.0,0.0,0.0,0.0,0.0,0.0,0.0,0.0,0.0,0.0,0.0,0.0,0.0,2.004,-0.0,0.0,-2.004,0.0,0.0,0.0,0.0,3341.0,-1.5879149971201683e+29,0.0,-107615240.0,0.0,-107615232.0,-0.0,0.0,0.0,0.0,0.0,0,0.0,-71.629,0.0,0.0,0.0,0.0,0.0,0.0,0.0,0,0,0,0.0,0.0,0.0,0.0,0.0,0.0,0.0,0.0,0.0,0.0,0.0,0.0,0.0,0.0,0.0,0.0,0,-107875648.0,0,0.0,0,-107875648.0,0.0,0,26215,17038,52429,17052,13107,17037,0,0,0,110,100,100,0.0,64.0,0.0,64.8,-0.0,68.5,1,49,50,180,0,0,0,0,0.0,0.0,0.0,0.0,3.2546925014155264e+16,65.5,0.0,0.0,0.0,645,0,685,0,0,0,712,0,784,0,706,0,688,0,645,0,640,0,619,0.032,37224448.0,-2.004,-0.0,39824,16789,865116352.0,0.0,-6.854879903584694e+22,-9.522588139787959e+36,0.0,-0.049,29.0,60.0,70,0.0,0.0,0.0,0.0,0.0,0.0,0.0,0.0,0.0,0.0,0.0,0.0,0.0,0.0,0.0,0.0,59.6,68,12,65509,41,65476,0,300,0,0,8,20529,65476,0,0,61604,60.0,0.0,0.0,0.0,0.0,0.0
2026-04-04T11:58:58,ERR,ERR,ERR,ERR,ERR,ERR,ERR,ERR,ERR,ERR,ERR,ERR,ERR,ERR,ERR,ERR,ERR,ERR,ERR,ERR,ERR,ERR,ERR,ERR,ERR,ERR,ERR,ERR,ERR,ERR,ERR,ERR,ERR,ERR,ERR,ERR,ERR,ERR,ERR,ERR,ERR,ERR,ERR,ERR,ERR,ERR,ERR,ERR,ERR,ERR,ERR,ERR,ERR,ERR,ERR,ERR,ERR,ERR,ERR,ERR,ERR,ERR,ERR,ERR,ERR,ERR,ERR,ERR,ERR,ERR,ERR,ERR,ERR,ERR,ERR,ERR,ERR,ERR,ERR,ERR,ERR,ERR,ERR,ERR,ERR,ERR,ERR,ERR,ERR,ERR,ERR,ERR,ERR,ERR,ERR,ERR,ERR,ERR,ERR,ERR,ERR,ERR,ERR,ERR,ERR,ERR,ERR,ERR,ERR,ERR,ERR,ERR,ERR,ERR,ERR,ERR,ERR,ERR,ERR,ERR,ERR,ERR,ERR,ERR,ERR,-107615240.0,0.0,-117832800.0,0.0,0.0,0.0,0.0,nan,0,0,0,32768,0,0.0,0,0.0,0.0,0.0,0.0,0.0,0,0,0,0,0.0,0,0,0,0,0,0,0,0,0,0,0,0,0,0,0,0,0,0,0,0,0,0,0,0,0,0,0,0,0,0,0,0,0,0,0,0,0,0,0,0,0,0,0,0,0.0,0.0,0.0,0.0,0.0,0.0,0.0,0.0,0.0,0.0,0.0,0.0,0.0,0.0,0.0,0.0,0.0,0.0,0.0,0.0,0.0,0.0,2.004,-0.0,0.0,-2.004,0.0,0.0,0.0,0.0,3341.0,-1.5879149971201683e+29,0.0,-107615240.0,0.0,-107615232.0,-0.0,0.0,0.0,0.0,0.0,0,0.0,-71.629,0.0,0.0,0.0,0.0,0.0,0.0,0.0,0,0,0,0.0,0.0,0.0,0.0,0.0,0.0,0.0,0.0,0.0,0.0,0.0,0.0,0.0,0.0,0.0,0.0,0,-107875648.0,0,0.0,0,-107875648.0,0.0,0,26215,17038,52429,17052,13107,17037,0,0,0,110,100,100,0.0,64.0,0.0,64.8,-0.0,68.5,1,49,50,180,0,0,0,0,0.0,0.0,0.0,0.0,3.2546925014155264e+16,65.5,0.0,0.0,0.0,645,0,685,0,0,0,712,0,784,0,706,0,688,0,645,0,640,0,619,0.032,37224448.0,-2.004,-0.0,39824,16789,865116352.0,0.0,-6.854879903584694e+22,-9.522588139787959e+36,0.0,-0.049,29.0,60.0,70,0.0,0.0,0.0,0.0,0.0,0.0,0.0,0.0,0.0,0.0,0.0,0.0,0.0,0.0,0.0,0.0,59.2,68,12,65509,41,65476,0,300,0,0,8,20529,65476,0,0,61604,60.0,0.0,0.0,0.0,0.0,0.0
2026-04-04T11:58:59,ERR,ERR,ERR,ERR,ERR,ERR,ERR,ERR,ERR,ERR,ERR,ERR,ERR,ERR,ERR,ERR,ERR,ERR,ERR,ERR,ERR,ERR,ERR,ERR,ERR,ERR,ERR,ERR,ERR,ERR,ERR,ERR,ERR,ERR,ERR,ERR,ERR,ERR,ERR,ERR,ERR,ERR,ERR,ERR,ERR,ERR,ERR,ERR,ERR,ERR,ERR,ERR,ERR,ERR,ERR,ERR,ERR,ERR,ERR,ERR,ERR,ERR,ERR,ERR,ERR,ERR,ERR,ERR,ERR,ERR,ERR,ERR,ERR,ERR,ERR,ERR,ERR,ERR,ERR,ERR,ERR,ERR,ERR,ERR,ERR,ERR,ERR,ERR,ERR,ERR,ERR,ERR,ERR,ERR,ERR,ERR,ERR,ERR,ERR,ERR,ERR,ERR,ERR,ERR,ERR,ERR,ERR,ERR,ERR,ERR,ERR,ERR,ERR,ERR,ERR,ERR,ERR,ERR,ERR,ERR,ERR,ERR,ERR,ERR,ERR,-107615240.0,0.0,-117832800.0,0.0,0.0,0.0,0.0,nan,0,0,0,32768,0,0.0,0,0.0,0.0,0.0,0.0,0.0,0,0,0,0,0.0,0,0,0,0,0,0,0,0,0,0,0,0,0,0,0,0,0,0,0,0,0,0,0,0,0,0,0,0,0,0,0,0,0,0,0,0,0,0,0,0,0,0,0,0,0.0,0.0,0.0,0.0,0.0,0.0,0.0,0.0,0.0,0.0,0.0,0.0,0.0,0.0,0.0,0.0,0.0,0.0,0.0,0.0,0.0,0.0,2.004,-0.0,0.0,-2.004,0.0,0.0,0.0,0.0,3341.0,-1.5879149971201683e+29,0.0,-107615240.0,0.0,-107615232.0,-0.0,0.0,0.0,0.0,0.0,0,0.0,-71.629,0.0,0.0,0.0,0.0,0.0,0.0,0.0,0,0,0,0.0,0.0,0.0,0.0,0.0,0.0,0.0,0.0,0.0,0.0,0.0,0.0,0.0,0.0,0.0,0.0,0,-107875648.0,0,0.0,0,-107875648.0,0.0,0,26215,17038,52429,17052,13107,17037,0,0,0,110,100,100,0.0,64.0,0.0,64.8,-0.0,68.5,1,49,50,180,0,0,0,0,0.0,0.0,0.0,0.0,3.2546925014155264e+16,65.5,0.0,0.0,0.0,645,0,685,0,0,0,712,0,784,0,706,0,688,0,645,0,640,0,619,0.032,37224448.0,-2.004,-0.0,39824,16789,865116352.0,0.0,-6.854879903584694e+22,-9.522588139787959e+36,0.0,-0.049,29.0,60.0,70,0.0,0.0,0.0,0.0,0.0,0.0,0.0,0.0,0.0,0.0,0.0,0.0,0.0,0.0,0.0,0.0,59.2,68,12,65509,41,65476,0,300,0,0,8,20529,65476,0,0,61604,60.0,0.0,0.0,0.0,0.0,0.0
2026-04-04T11:59:00,ERR,ERR,ERR,ERR,ERR,ERR,ERR,ERR,ERR,ERR,ERR,ERR,ERR,ERR,ERR,ERR,ERR,ERR,ERR,ERR,ERR,ERR,ERR,ERR,ERR,ERR,ERR,ERR,ERR,ERR,ERR,ERR,ERR,ERR,ERR,ERR,ERR,ERR,ERR,ERR,ERR,ERR,ERR,ERR,ERR,ERR,ERR,ERR,ERR,ERR,ERR,ERR,ERR,ERR,ERR,ERR,ERR,ERR,ERR,ERR,ERR,ERR,ERR,ERR,ERR,ERR,ERR,ERR,ERR,ERR,ERR,ERR,ERR,ERR,ERR,ERR,ERR,ERR,ERR,ERR,ERR,ERR,ERR,ERR,ERR,ERR,ERR,ERR,ERR,ERR,ERR,ERR,ERR,ERR,ERR,ERR,ERR,ERR,ERR,ERR,ERR,ERR,ERR,ERR,ERR,ERR,ERR,ERR,ERR,ERR,ERR,ERR,ERR,ERR,ERR,ERR,ERR,ERR,ERR,ERR,ERR,ERR,ERR,ERR,ERR,-107615240.0,0.0,-117832800.0,0.0,0.0,0.0,0.0,nan,0,0,0,32768,0,0.0,0,0.0,0.0,0.0,0.0,0.0,0,0,0,0,0.0,0,0,0,0,0,0,0,0,0,0,0,0,0,0,0,0,0,0,0,0,0,0,0,0,0,0,0,0,0,0,0,0,0,0,0,0,0,0,0,0,0,0,0,0,0.0,0.0,0.0,0.0,0.0,0.0,0.0,0.0,0.0,0.0,0.0,0.0,0.0,0.0,0.0,0.0,0.0,0.0,0.0,0.0,0.0,0.0,2.004,-0.0,0.0,-2.004,0.0,0.0,0.0,0.0,3356.0,0.0,0.0,-107615240.0,0.0,-107615232.0,-0.0,0.0,0.0,0.0,0.0,0,0.0,-71.629,0.0,0.0,0.0,0.0,0.0,0.0,0.0,0,0,0,0.0,0.0,0.0,0.0,0.0,0.0,0.0,0.0,0.0,0.0,0.0,0.0,0.0,0.0,0.0,0.0,0,-107875648.0,0,0.0,0,-107875648.0,0.0,0,26215,17038,52429,17052,13107,17037,0,0,0,110,100,100,0.0,64.0,0.0,64.8,-0.0,68.5,1,49,50,180,0,0,0,0,0.0,0.0,0.0,0.0,3.2546925014155264e+16,65.5,0.0,0.0,0.0,645,0,685,0,0,0,712,0,784,0,706,0,688,0,645,0,640,0,619,0.032,37224448.0,-2.004,-0.0,39824,16789,865116352.0,0.0,-6.854879903584694e+22,-9.522588139787959e+36,0.0,-0.049,29.0,60.0,70,0.0,0.0,0.0,0.0,0.0,0.0,0.0,0.0,0.0,0.0,0.0,0.0,0.0,0.0,0.0,0.0,59.2,68,12,65509,41,65476,0,300,0,0,8,20529,65476,0,0,61604,60.0,0.0,0.0,0.0,0.0,0.0
2026-04-04T11:59:01,ERR,ERR,ERR,ERR,ERR,ERR,ERR,ERR,ERR,ERR,ERR,ERR,ERR,ERR,ERR,ERR,ERR,ERR,ERR,ERR,ERR,ERR,ERR,ERR,ERR,ERR,ERR,ERR,ERR,ERR,ERR,ERR,ERR,ERR,ERR,ERR,ERR,ERR,ERR,ERR,ERR,ERR,ERR,ERR,ERR,ERR,ERR,ERR,ERR,ERR,ERR,ERR,ERR,ERR,ERR,ERR,ERR,ERR,ERR,ERR,ERR,ERR,ERR,ERR,ERR,ERR,ERR,ERR,ERR,ERR,ERR,ERR,ERR,ERR,ERR,ERR,ERR,ERR,ERR,ERR,ERR,ERR,ERR,ERR,ERR,ERR,ERR,ERR,ERR,ERR,ERR,ERR,ERR,ERR,ERR,ERR,ERR,ERR,ERR,ERR,ERR,ERR,ERR,ERR,ERR,ERR,ERR,ERR,ERR,ERR,ERR,ERR,ERR,ERR,ERR,ERR,ERR,ERR,ERR,ERR,ERR,ERR,ERR,ERR,ERR,-107615240.0,0.0,-117832800.0,0.0,0.0,0.0,0.0,nan,0,0,0,32768,0,0.0,0,0.0,0.0,0.0,0.0,0.0,0,0,0,0,0.0,0,0,0,0,0,0,0,0,0,0,0,0,0,0,0,0,0,0,0,0,0,0,0,0,0,0,0,0,0,0,0,0,0,0,0,0,0,0,0,0,0,0,0,0,0.0,0.0,0.0,0.0,0.0,0.0,0.0,0.0,0.0,0.0,0.0,0.0,0.0,0.0,0.0,0.0,0.0,0.0,0.0,0.0,0.0,0.0,2.004,-0.0,0.0,-2.004,0.0,0.0,0.0,0.0,3356.0,0.0,0.0,-107615240.0,0.0,-107615232.0,-0.0,0.0,0.0,0.0,0.0,0,0.0,-71.629,0.0,0.0,0.0,0.0,0.0,0.0,0.0,0,0,0,0.0,0.0,0.0,0.0,0.0,0.0,0.0,0.0,0.0,0.0,0.0,0.0,0.0,0.0,0.0,0.0,0,-107875648.0,0,0.0,0,-107875648.0,0.0,0,26215,17038,52429,17052,13107,17037,0,0,0,110,100,100,0.0,64.0,0.0,64.8,-0.0,68.5,1,49,50,180,0,0,0,0,0.0,0.0,0.0,0.0,3.2546925014155264e+16,65.5,0.0,0.0,0.0,645,0,685,0,0,0,712,0,784,0,706,0,688,0,645,0,640,0,619,0.032,37224448.0,-2.004,-0.0,39824,16789,865116352.0,0.0,-6.854879903584694e+22,-9.522588139787959e+36,0.0,-0.049,29.0,60.0,70,0.0,0.0,0.0,0.0,0.0,0.0,0.0,0.0,0.0,0.0,0.0,0.0,0.0,0.0,0.0,0.0,59.2,68,12,65509,41,65476,0,300,0,0,8,20529,65476,0,0,61604,60.0,0.0,0.0,0.0,0.0,0.0
2026-04-04T11:59:02,ERR,ERR,ERR,ERR,ERR,ERR,ERR,ERR,ERR,ERR,ERR,ERR,ERR,ERR,ERR,ERR,ERR,ERR,ERR,ERR,ERR,ERR,ERR,ERR,ERR,ERR,ERR,ERR,ERR,ERR,ERR,ERR,ERR,ERR,ERR,ERR,ERR,ERR,ERR,ERR,ERR,ERR,ERR,ERR,ERR,ERR,ERR,ERR,ERR,ERR,ERR,ERR,ERR,ERR,ERR,ERR,ERR,ERR,ERR,ERR,ERR,ERR,ERR,ERR,ERR,ERR,ERR,ERR,ERR,ERR,ERR,ERR,ERR,ERR,ERR,ERR,ERR,ERR,ERR,ERR,ERR,ERR,ERR,ERR,ERR,ERR,ERR,ERR,ERR,ERR,ERR,ERR,ERR,ERR,ERR,ERR,ERR,ERR,ERR,ERR,ERR,ERR,ERR,ERR,ERR,ERR,ERR,ERR,ERR,ERR,ERR,ERR,ERR,ERR,ERR,ERR,ERR,ERR,ERR,ERR,ERR,ERR,ERR,ERR,ERR,-107615240.0,0.0,-117832800.0,0.0,0.0,0.0,0.0,nan,0,0,0,32768,0,0.0,0,0.0,0.0,0.0,0.0,0.0,0,0,0,0,0.0,0,0,0,0,0,0,0,0,0,0,0,0,0,0,0,0,0,0,0,0,0,0,0,0,0,0,0,0,0,0,0,0,0,0,0,0,0,0,0,0,0,0,0,0,0.0,0.0,0.0,0.0,0.0,0.0,0.0,0.0,0.0,0.0,0.0,0.0,0.0,0.0,0.0,0.0,0.0,0.0,0.0,0.0,0.0,0.0,2.004,-0.0,0.0,-2.004,0.0,0.0,0.0,0.0,3356.0,0.0,0.0,-107615240.0,0.0,-107615232.0,-0.0,0.0,0.0,0.0,0.0,0,0.0,-71.629,0.0,0.0,0.0,0.0,0.0,0.0,0.0,0,0,0,0.0,0.0,0.0,0.0,0.0,0.0,0.0,0.0,0.0,0.0,0.0,0.0,0.0,0.0,0.0,0.0,0,-107875648.0,0,0.0,0,-107875648.0,0.0,0,26215,17038,52429,17052,13107,17037,0,0,0,110,100,100,0.0,64.0,0.0,64.8,-0.0,68.5,1,49,50,180,0,0,0,0,0.0,0.0,0.0,0.0,1.1611395122108826e+17,65.5,0.0,0.0,0.0,645,0,685,0,0,0,712,0,784,0,706,0,688,0,646,0,640,0,619,0.032,36962304.0,-2.004,-0.0,41872,16789,865116352.0,0.0,-6.854879903584694e+22,-9.522588139787959e+36,0.0,-0.049,29.0,60.0,70,0.0,0.0,0.0,0.0,0.0,0.0,0.0,0.0,0.0,0.0,0.0,0.0,0.0,0.0,0.0,0.0,59.6,68,12,65509,41,65476,0,300,0,0,8,20529,65476,0,0,61604,60.0,0.0,0.0,0.0,0.0,0.0
2026-04-04T11:59:03,ERR,ERR,ERR,ERR,ERR,ERR,ERR,ERR,ERR,ERR,ERR,ERR,ERR,ERR,ERR,ERR,ERR,ERR,ERR,ERR,ERR,ERR,ERR,ERR,ERR,ERR,ERR,ERR,ERR,ERR,ERR,ERR,ERR,ERR,ERR,ERR,ERR,ERR,ERR,ERR,ERR,ERR,ERR,ERR,ERR,ERR,ERR,ERR,ERR,ERR,ERR,ERR,ERR,ERR,ERR,ERR,ERR,ERR,ERR,ERR,ERR,ERR,ERR,ERR,ERR,ERR,ERR,ERR,ERR,ERR,ERR,ERR,ERR,ERR,ERR,ERR,ERR,ERR,ERR,ERR,ERR,ERR,ERR,ERR,ERR,ERR,ERR,ERR,ERR,ERR,ERR,ERR,ERR,ERR,ERR,ERR,ERR,ERR,ERR,ERR,ERR,ERR,ERR,ERR,ERR,ERR,ERR,ERR,ERR,ERR,ERR,ERR,ERR,ERR,ERR,ERR,ERR,ERR,ERR,ERR,ERR,ERR,ERR,ERR,ERR,-107615240.0,0.0,-117832800.0,0.0,0.0,0.0,0.0,nan,0,0,0,32768,0,0.0,0,0.0,0.0,0.0,0.0,0.0,0,0,0,0,0.0,0,0,0,0,0,0,0,0,0,0,0,0,0,0,0,0,0,0,0,0,0,0,0,0,0,0,0,0,0,0,0,0,0,0,0,0,0,0,0,0,0,0,0,0,0.0,0.0,0.0,0.0,0.0,0.0,0.0,0.0,0.0,0.0,0.0,0.0,0.0,0.0,0.0,0.0,0.0,0.0,0.0,0.0,0.0,0.0,2.004,-0.0,0.0,-2.004,0.0,0.0,0.0,0.0,3356.0,0.0,0.0,-107615240.0,0.0,-107615232.0,-0.0,0.0,0.0,0.0,0.0,0,0.0,-71.629,0.0,0.0,0.0,0.0,0.0,0.0,0.0,0,0,0,0.0,0.0,0.0,0.0,0.0,0.0,0.0,0.0,0.0,0.0,0.0,0.0,0.0,0.0,0.0,0.0,0,-107875648.0,0,0.0,0,-107875648.0,0.0,0,26215,17038,52429,17052,13107,17037,0,0,0,110,100,100,0.0,64.0,0.0,64.8,-0.0,68.5,1,49,50,180,0,0,0,0,0.0,0.0,0.0,0.0,1.1611395122108826e+17,65.5,0.0,0.0,0.0,645,0,685,0,0,0,712,0,784,0,706,0,688,0,646,0,640,0,619,0.032,36962304.0,-2.004,-0.0,41872,16789,865116352.0,0.0,-6.854879903584694e+22,-9.522588139787959e+36,0.0,-0.049,29.0,60.0,70,0.0,0.0,0.0,0.0,0.0,0.0,0.0,0.0,0.0,0.0,0.0,0.0,0.0,0.0,0.0,0.0,59.6,68,12,65509,41,65476,0,300,0,0,8,20529,65476,0,0,61604,60.0,0.0,0.0,0.0,0.0,0.0
2026-04-04T11:59:04,ERR,ERR,ERR,ERR,ERR,ERR,ERR,ERR,ERR,ERR,ERR,ERR,ERR,ERR,ERR,ERR,ERR,ERR,ERR,ERR,ERR,ERR,ERR,ERR,ERR,ERR,ERR,ERR,ERR,ERR,ERR,ERR,ERR,ERR,ERR,ERR,ERR,ERR,ERR,ERR,ERR,ERR,ERR,ERR,ERR,ERR,ERR,ERR,ERR,ERR,ERR,ERR,ERR,ERR,ERR,ERR,ERR,ERR,ERR,ERR,ERR,ERR,ERR,ERR,ERR,ERR,ERR,ERR,ERR,ERR,ERR,ERR,ERR,ERR,ERR,ERR,ERR,ERR,ERR,ERR,ERR,ERR,ERR,ERR,ERR,ERR,ERR,ERR,ERR,ERR,ERR,ERR,ERR,ERR,ERR,ERR,ERR,ERR,ERR,ERR,ERR,ERR,ERR,ERR,ERR,ERR,ERR,ERR,ERR,ERR,ERR,ERR,ERR,ERR,ERR,ERR,ERR,ERR,ERR,ERR,ERR,ERR,ERR,ERR,ERR,-107615240.0,0.0,-117832800.0,0.0,0.0,0.0,0.0,nan,0,0,0,32768,0,0.0,0,0.0,0.0,0.0,0.0,0.0,0,0,0,0,0.0,0,0,0,0,0,0,0,0,0,0,0,0,0,0,0,0,0,0,0,0,0,0,0,0,0,0,0,0,0,0,0,0,0,0,0,0,0,0,0,0,0,0,0,0,0.0,0.0,0.0,0.0,0.0,0.0,0.0,0.0,0.0,0.0,0.0,0.0,0.0,0.0,0.0,0.0,0.0,0.0,0.0,0.0,0.0,0.0,2.004,-0.0,0.0,-2.004,0.0,0.0,0.0,0.0,3356.0,0.0,0.0,-107615240.0,0.0,-107615232.0,-0.0,0.0,0.0,0.0,0.0,0,0.0,-71.629,0.0,0.0,0.0,0.0,0.0,0.0,0.0,0,0,0,0.0,0.0,0.0,0.0,0.0,0.0,0.0,0.0,0.0,0.0,0.0,0.0,0.0,0.0,0.0,0.0,0,-107875648.0,0,0.0,0,-107875648.0,0.0,0,26215,17038,52429,17052,13107,17037,0,0,0,110,100,100,0.0,64.0,0.0,64.8,-0.0,68.5,1,49,50,180,0,0,0,0,0.0,0.0,0.0,0.0,1.1611395122108826e+17,65.5,0.0,0.0,0.0,645,0,685,0,0,0,712,0,784,0,706,0,688,0,646,0,640,0,619,0.032,36962304.0,-2.004,-0.0,41872,16789,865116352.0,0.0,-6.854879903584694e+22,-9.522588139787959e+36,0.0,-0.049,29.0,60.0,70,0.0,0.0,0.0,0.0,0.0,0.0,0.0,0.0,0.0,0.0,0.0,0.0,0.0,0.0,0.0,0.0,59.2,68,12,65509,41,65476,0,300,0,0,8,20529,65476,0,0,61604,60.0,0.0,0.0,0.0,0.0,0.0
2026-04-04T11:59:05,ERR,ERR,ERR,ERR,ERR,ERR,ERR,ERR,ERR,ERR,ERR,ERR,ERR,ERR,ERR,ERR,ERR,ERR,ERR,ERR,ERR,ERR,ERR,ERR,ERR,ERR,ERR,ERR,ERR,ERR,ERR,ERR,ERR,ERR,ERR,ERR,ERR,ERR,ERR,ERR,ERR,ERR,ERR,ERR,ERR,ERR,ERR,ERR,ERR,ERR,ERR,ERR,ERR,ERR,ERR,ERR,ERR,ERR,ERR,ERR,ERR,ERR,ERR,ERR,ERR,ERR,ERR,ERR,ERR,ERR,ERR,ERR,ERR,ERR,ERR,ERR,ERR,ERR,ERR,ERR,ERR,ERR,ERR,ERR,ERR,ERR,ERR,ERR,ERR,ERR,ERR,ERR,ERR,ERR,ERR,ERR,ERR,ERR,ERR,ERR,ERR,ERR,ERR,ERR,ERR,ERR,ERR,ERR,ERR,ERR,ERR,ERR,ERR,ERR,ERR,ERR,ERR,ERR,ERR,ERR,ERR,ERR,ERR,ERR,ERR,-107615240.0,0.0,-117832800.0,0.0,0.0,0.0,0.0,nan,0,0,0,32768,0,0.0,0,0.0,0.0,0.0,0.0,0.0,0,0,0,0,0.0,0,0,0,0,0,0,0,0,0,0,0,0,0,0,0,0,0,0,0,0,0,0,0,0,0,0,0,0,0,0,0,0,0,0,0,0,0,0,0,0,0,0,0,0,0.0,0.0,0.0,0.0,0.0,0.0,0.0,0.0,0.0,0.0,0.0,0.0,0.0,0.0,0.0,0.0,0.0,0.0,0.0,0.0,0.0,0.0,2.004,-0.0,0.0,-2.004,0.0,0.0,0.0,0.0,3356.0,0.0,0.0,-107615240.0,0.0,-107615232.0,-0.0,0.0,0.0,0.0,0.0,0,0.0,-71.629,0.0,0.0,0.0,0.0,0.0,0.0,0.0,0,0,0,0.0,0.0,0.0,0.0,0.0,0.0,0.0,0.0,0.0,0.0,0.0,0.0,0.0,0.0,0.0,0.0,0,-107875648.0,0,0.0,0,-107875648.0,0.0,0,26215,17038,52429,17052,13107,17037,0,0,0,110,100,100,0.0,64.0,0.0,64.8,-0.0,68.5,1,49,50,180,0,0,0,0,0.0,0.0,0.0,0.0,1.1611395122108826e+17,65.5,0.0,0.0,0.0,645,0,685,0,0,0,712,0,784,0,706,0,688,0,646,0,640,0,619,0.032,36962304.0,-2.004,-0.0,41872,16789,865116352.0,0.0,-6.854879903584694e+22,-9.522588139787959e+36,0.0,-0.049,29.0,60.0,70,0.0,0.0,0.0,0.0,0.0,0.0,0.0,0.0,0.0,0.0,0.0,0.0,0.0,0.0,0.0,0.0,59.2,68,12,65509,41,65476,0,300,0,0,8,20529,65476,0,0,61604,60.0,0.0,0.0,0.0,0.0,0.0
2026-04-04T11:59:06,ERR,ERR,ERR,ERR,ERR,ERR,ERR,ERR,ERR,ERR,ERR,ERR,ERR,ERR,ERR,ERR,ERR,ERR,ERR,ERR,ERR,ERR,ERR,ERR,ERR,ERR,ERR,ERR,ERR,ERR,ERR,ERR,ERR,ERR,ERR,ERR,ERR,ERR,ERR,ERR,ERR,ERR,ERR,ERR,ERR,ERR,ERR,ERR,ERR,ERR,ERR,ERR,ERR,ERR,ERR,ERR,ERR,ERR,ERR,ERR,ERR,ERR,ERR,ERR,ERR,ERR,ERR,ERR,ERR,ERR,ERR,ERR,ERR,ERR,ERR,ERR,ERR,ERR,ERR,ERR,ERR,ERR,ERR,ERR,ERR,ERR,ERR,ERR,ERR,ERR,ERR,ERR,ERR,ERR,ERR,ERR,ERR,ERR,ERR,ERR,ERR,ERR,ERR,ERR,ERR,ERR,ERR,ERR,ERR,ERR,ERR,ERR,ERR,ERR,ERR,ERR,ERR,ERR,ERR,ERR,ERR,ERR,ERR,ERR,ERR,-107615240.0,0.0,-117832800.0,0.0,0.0,0.0,0.0,nan,0,0,0,32768,0,0.0,0,0.0,0.0,0.0,0.0,0.0,0,0,0,0,0.0,0,0,0,0,0,0,0,0,0,0,0,0,0,0,0,0,0,0,0,0,0,0,0,0,0,0,0,0,0,0,0,0,0,0,0,0,0,0,0,0,0,0,0,0,0.0,0.0,0.0,0.0,0.0,0.0,0.0,0.0,0.0,0.0,0.0,0.0,0.0,0.0,0.0,0.0,0.0,0.0,0.0,0.0,0.0,0.0,2.004,-0.0,0.0,-2.004,0.0,0.0,0.0,0.0,3356.0,0.0,0.0,-107615240.0,0.0,-107615232.0,-0.0,0.0,0.0,0.0,0.0,0,0.0,-71.629,0.0,0.0,0.0,0.0,0.0,0.0,0.0,0,0,0,0.0,0.0,0.0,0.0,0.0,0.0,0.0,0.0,0.0,0.0,0.0,0.0,0.0,0.0,0.0,0.0,0,-107875648.0,0,0.0,0,-107875648.0,0.0,0,26215,17038,52429,17052,13107,17037,0,0,0,110,100,100,0.0,64.0,0.0,64.8,-0.0,68.5,1,49,50,180,0,0,0,0,0.0,0.0,0.0,0.0,1.1611395122108826e+17,65.5,0.0,0.0,0.0,645,0,685,0,0,0,712,0,784,0,706,0,688,0,646,0,640,0,619,0.032,36962304.0,-2.004,-0.0,41872,16789,865116352.0,0.0,-6.854879903584694e+22,-9.522588139787959e+36,0.0,-0.049,29.0,60.0,70,0.0,0.0,0.0,0.0,0.0,0.0,0.0,0.0,0.0,0.0,0.0,0.0,0.0,0.0,0.0,0.0,59.2,68,12,65509,41,65476,0,300,0,0,8,20529,65476,0,0,61604,60.0,0.0,0.0,0.0,0.0,0.0
2026-04-04T11:59:07,ERR,ERR,ERR,ERR,ERR,ERR,ERR,ERR,ERR,ERR,ERR,ERR,ERR,ERR,ERR,ERR,ERR,ERR,ERR,ERR,ERR,ERR,ERR,ERR,ERR,ERR,ERR,ERR,ERR,ERR,ERR,ERR,ERR,ERR,ERR,ERR,ERR,ERR,ERR,ERR,ERR,ERR,ERR,ERR,ERR,ERR,ERR,ERR,ERR,ERR,ERR,ERR,ERR,ERR,ERR,ERR,ERR,ERR,ERR,ERR,ERR,ERR,ERR,ERR,ERR,ERR,ERR,ERR,ERR,ERR,ERR,ERR,ERR,ERR,ERR,ERR,ERR,ERR,ERR,ERR,ERR,ERR,ERR,ERR,ERR,ERR,ERR,ERR,ERR,ERR,ERR,ERR,ERR,ERR,ERR,ERR,ERR,ERR,ERR,ERR,ERR,ERR,ERR,ERR,ERR,ERR,ERR,ERR,ERR,ERR,ERR,ERR,ERR,ERR,ERR,ERR,ERR,ERR,ERR,ERR,ERR,ERR,ERR,ERR,ERR,-107615240.0,0.0,-117832800.0,0.0,0.0,0.0,0.0,nan,0,0,0,32768,0,0.0,0,0.0,0.0,0.0,0.0,0.0,0,0,0,0,0.0,0,0,0,0,0,0,0,0,0,0,0,0,0,0,0,0,0,0,0,0,0,0,0,0,0,0,0,0,0,0,0,0,0,0,0,0,0,0,0,0,0,0,0,0,0.0,0.0,0.0,0.0,0.0,0.0,0.0,0.0,0.0,0.0,0.0,0.0,0.0,0.0,0.0,0.0,0.0,0.0,0.0,0.0,0.0,0.0,2.004,-0.0,0.0,-2.004,0.0,0.0,0.0,0.0,3340.5,-1.5879149971201683e+29,0.0,-107615240.0,0.0,-107615232.0,-0.0,0.0,0.0,0.0,0.0,0,0.0,-0.0,0.0,0.0,0.0,0.0,0.0,0.0,0.0,0,0,0,0.0,0.0,0.0,0.0,0.0,0.0,0.0,0.0,0.0,0.0,0.0,0.0,0.0,0.0,0.0,0.0,0,-107875648.0,0,0.0,0,-107875648.0,0.0,0,26215,17038,52429,17052,13107,17037,0,0,0,110,100,100,0.0,64.1,0.0,64.8,-0.0,68.5,1,49,50,180,0,0,0,0,0.0,0.0,0.0,0.0,22.532,65.5,0.0,8.170706490738413e+30,0.0,644,0,685,0,0,0,712,0,784,0,706,0,688,0,646,0,640,0,619,0.032,36700160.0,-2.004,-0.0,41616,16789,22.532,8.170706490738413e+30,0.0,-0.0,0.0,-13692491005952.0,29.0,60.0,70,0.0,0.0,0.0,0.0,0.0,0.0,0.0,0.0,0.0,0.0,0.0,0.0,0.0,0.0,0.0,0.0,59.2,68,12,65509,41,65476,0,300,0,0,8,20529,65476,0,0,61604,60.0,0.0,0.0,0.0,0.0,0.0
2026-04-04T11:59:08,ERR,ERR,ERR,ERR,ERR,ERR,ERR,ERR,ERR,ERR,ERR,ERR,ERR,ERR,ERR,ERR,ERR,ERR,ERR,ERR,ERR,ERR,ERR,ERR,ERR,ERR,ERR,ERR,ERR,ERR,ERR,ERR,ERR,ERR,ERR,ERR,ERR,ERR,ERR,ERR,ERR,ERR,ERR,ERR,ERR,ERR,ERR,ERR,ERR,ERR,ERR,ERR,ERR,ERR,ERR,ERR,ERR,ERR,ERR,ERR,ERR,ERR,ERR,ERR,ERR,ERR,ERR,ERR,ERR,ERR,ERR,ERR,ERR,ERR,ERR,ERR,ERR,ERR,ERR,ERR,ERR,ERR,ERR,ERR,ERR,ERR,ERR,ERR,ERR,ERR,ERR,ERR,ERR,ERR,ERR,ERR,ERR,ERR,ERR,ERR,ERR,ERR,ERR,ERR,ERR,ERR,ERR,ERR,ERR,ERR,ERR,ERR,ERR,ERR,ERR,ERR,ERR,ERR,ERR,ERR,ERR,ERR,ERR,ERR,ERR,-107615240.0,0.0,-117832800.0,0.0,0.0,0.0,0.0,nan,0,0,0,32768,0,0.0,0,0.0,0.0,0.0,0.0,0.0,0,0,0,0,0.0,0,0,0,0,0,0,0,0,0,0,0,0,0,0,0,0,0,0,0,0,0,0,0,0,0,0,0,0,0,0,0,0,0,0,0,0,0,0,0,0,0,0,0,0,0.0,0.0,0.0,0.0,0.0,0.0,0.0,0.0,0.0,0.0,0.0,0.0,0.0,0.0,0.0,0.0,0.0,0.0,0.0,0.0,0.0,0.0,2.004,-0.0,0.0,-2.004,0.0,0.0,0.0,0.0,3340.5,-1.5879149971201683e+29,0.0,-107615240.0,0.0,-107615232.0,-0.0,0.0,0.0,0.0,0.0,0,0.0,-0.0,0.0,0.0,0.0,0.0,0.0,0.0,0.0,0,0,0,0.0,0.0,0.0,0.0,0.0,0.0,0.0,0.0,0.0,0.0,0.0,0.0,0.0,0.0,0.0,0.0,0,-107875648.0,0,0.0,0,-107875648.0,0.0,0,26215,17038,52429,17052,13107,17037,0,0,0,110,100,100,0.0,64.1,0.0,64.8,-0.0,68.5,1,49,50,180,0,0,0,0,0.0,0.0,0.0,0.0,22.532,65.5,0.0,8.170706490738413e+30,0.0,644,0,685,0,0,0,712,0,784,0,706,0,688,0,646,0,640,0,619,0.032,36700160.0,-2.004,-0.0,41616,16789,22.532,8.170706490738413e+30,0.0,-0.0,0.0,-13692491005952.0,29.0,60.0,70,0.0,0.0,0.0,0.0,0.0,0.0,0.0,0.0,0.0,0.0,0.0,0.0,0.0,0.0,0.0,0.0,59.2,68,12,65509,41,65476,0,300,0,0,8,20529,65476,0,0,61604,60.0,0.0,0.0,0.0,0.0,0.0
2026-04-04T11:59:09,ERR,ERR,ERR,ERR,ERR,ERR,ERR,ERR,ERR,ERR,ERR,ERR,ERR,ERR,ERR,ERR,ERR,ERR,ERR,ERR,ERR,ERR,ERR,ERR,ERR,ERR,ERR,ERR,ERR,ERR,ERR,ERR,ERR,ERR,ERR,ERR,ERR,ERR,ERR,ERR,ERR,ERR,ERR,ERR,ERR,ERR,ERR,ERR,ERR,ERR,ERR,ERR,ERR,ERR,ERR,ERR,ERR,ERR,ERR,ERR,ERR,ERR,ERR,ERR,ERR,ERR,ERR,ERR,ERR,ERR,ERR,ERR,ERR,ERR,ERR,ERR,ERR,ERR,ERR,ERR,ERR,ERR,ERR,ERR,ERR,ERR,ERR,ERR,ERR,ERR,ERR,ERR,ERR,ERR,ERR,ERR,ERR,ERR,ERR,ERR,ERR,ERR,ERR,ERR,ERR,ERR,ERR,ERR,ERR,ERR,ERR,ERR,ERR,ERR,ERR,ERR,ERR,ERR,ERR,ERR,ERR,ERR,ERR,ERR,ERR,-107615240.0,0.0,-117832800.0,0.0,0.0,0.0,0.0,nan,0,0,0,32768,0,0.0,0,0.0,0.0,0.0,0.0,0.0,0,0,0,0,0.0,0,0,0,0,0,0,0,0,0,0,0,0,0,0,0,0,0,0,0,0,0,0,0,0,0,0,0,0,0,0,0,0,0,0,0,0,0,0,0,0,0,0,0,0,0.0,0.0,0.0,0.0,0.0,0.0,0.0,0.0,0.0,0.0,0.0,0.0,0.0,0.0,0.0,0.0,0.0,0.0,0.0,0.0,0.0,0.0,2.004,-0.0,0.0,-2.004,0.0,0.0,0.0,0.0,3340.5,-1.5879149971201683e+29,0.0,-107615240.0,0.0,-107615232.0,-0.0,0.0,0.0,0.0,0.0,0,0.0,-0.0,0.0,0.0,0.0,0.0,0.0,0.0,0.0,0,0,0,0.0,0.0,0.0,0.0,0.0,0.0,0.0,0.0,0.0,0.0,0.0,0.0,0.0,0.0,0.0,0.0,0,-107875648.0,0,0.0,0,-107875648.0,0.0,0,26215,17038,52429,17052,13107,17037,0,0,0,110,100,100,0.0,64.1,0.0,64.8,-0.0,68.5,1,49,50,180,0,0,0,0,0.0,0.0,0.0,0.0,22.532,65.5,0.0,8.170706490738413e+30,0.0,644,0,685,0,0,0,712,0,784,0,706,0,688,0,646,0,640,0,619,0.032,36700160.0,-2.004,-0.0,41616,16789,22.532,8.170706490738413e+30,0.0,-0.0,0.0,-13692491005952.0,29.0,60.0,70,0.0,0.0,0.0,0.0,0.0,0.0,0.0,0.0,0.0,0.0,0.0,0.0,0.0,0.0,0.0,0.0,59.2,68,12,65509,41,65476,0,300,0,0,8,20529,65476,0,0,61604,60.0,0.0,0.0,0.0,0.0,0.0
2026-04-04T11:59:10,ERR,ERR,ERR,ERR,ERR,ERR,ERR,ERR,ERR,ERR,ERR,ERR,ERR,ERR,ERR,ERR,ERR,ERR,ERR,ERR,ERR,ERR,ERR,ERR,ERR,ERR,ERR,ERR,ERR,ERR,ERR,ERR,ERR,ERR,ERR,ERR,ERR,ERR,ERR,ERR,ERR,ERR,ERR,ERR,ERR,ERR,ERR,ERR,ERR,ERR,ERR,ERR,ERR,ERR,ERR,ERR,ERR,ERR,ERR,ERR,ERR,ERR,ERR,ERR,ERR,ERR,ERR,ERR,ERR,ERR,ERR,ERR,ERR,ERR,ERR,ERR,ERR,ERR,ERR,ERR,ERR,ERR,ERR,ERR,ERR,ERR,ERR,ERR,ERR,ERR,ERR,ERR,ERR,ERR,ERR,ERR,ERR,ERR,ERR,ERR,ERR,ERR,ERR,ERR,ERR,ERR,ERR,ERR,ERR,ERR,ERR,ERR,ERR,ERR,ERR,ERR,ERR,ERR,ERR,ERR,ERR,ERR,ERR,ERR,ERR,-107615240.0,0.0,-117832800.0,0.0,0.0,0.0,0.0,nan,0,0,0,32768,0,0.0,0,0.0,0.0,0.0,0.0,0.0,0,0,0,0,0.0,0,0,0,0,0,0,0,0,0,0,0,0,0,0,0,0,0,0,0,0,0,0,0,0,0,0,0,0,0,0,0,0,0,0,0,0,0,0,0,0,0,0,0,0,0.0,0.0,0.0,0.0,0.0,0.0,0.0,0.0,0.0,0.0,0.0,0.0,0.0,0.0,0.0,0.0,0.0,0.0,0.0,0.0,0.0,0.0,2.004,-0.0,0.0,-2.004,0.0,0.0,0.0,0.0,3340.5,-1.5879149971201683e+29,0.0,-107615240.0,0.0,-107615232.0,-0.0,0.0,0.0,0.0,0.0,0,0.0,-0.0,0.0,0.0,0.0,0.0,0.0,0.0,0.0,0,0,0,0.0,0.0,0.0,0.0,0.0,0.0,0.0,0.0,0.0,0.0,0.0,0.0,0.0,0.0,0.0,0.0,0,-107875648.0,0,0.0,0,-107875648.0,0.0,0,26215,17038,52429,17052,13107,17037,0,0,0,110,100,100,0.0,64.1,0.0,64.8,-0.0,68.5,1,49,50,180,0,0,0,0,0.0,0.0,0.0,0.0,22.532,65.5,0.0,8.170706490738413e+30,0.0,644,0,685,0,0,0,712,0,784,0,706,0,688,0,646,0,640,0,619,0.032,36700160.0,-2.004,-0.0,41616,16789,22.532,8.170706490738413e+30,0.0,-0.0,0.0,-13692491005952.0,29.0,60.0,70,0.0,0.0,0.0,0.0,0.0,0.0,0.0,0.0,0.0,0.0,0.0,0.0,0.0,0.0,0.0,0.0,59.6,68,12,65509,41,65476,0,300,0,0,8,20529,65476,0,0,61604,60.0,0.0,0.0,0.0,0.0,0.0
2026-04-04T11:59:11,ERR,ERR,ERR,ERR,ERR,ERR,ERR,ERR,ERR,ERR,ERR,ERR,ERR,ERR,ERR,ERR,ERR,ERR,ERR,ERR,ERR,ERR,ERR,ERR,ERR,ERR,ERR,ERR,ERR,ERR,ERR,ERR,ERR,ERR,ERR,ERR,ERR,ERR,ERR,ERR,ERR,ERR,ERR,ERR,ERR,ERR,ERR,ERR,ERR,ERR,ERR,ERR,ERR,ERR,ERR,ERR,ERR,ERR,ERR,ERR,ERR,ERR,ERR,ERR,ERR,ERR,ERR,ERR,ERR,ERR,ERR,ERR,ERR,ERR,ERR,ERR,ERR,ERR,ERR,ERR,ERR,ERR,ERR,ERR,ERR,ERR,ERR,ERR,ERR,ERR,ERR,ERR,ERR,ERR,ERR,ERR,ERR,ERR,ERR,ERR,ERR,ERR,ERR,ERR,ERR,ERR,ERR,ERR,ERR,ERR,ERR,ERR,ERR,ERR,ERR,ERR,ERR,ERR,ERR,ERR,ERR,ERR,ERR,ERR,ERR,-107615240.0,0.0,-117832800.0,0.0,0.0,0.0,0.0,nan,0,0,0,32768,0,0.0,0,0.0,0.0,0.0,0.0,0.0,0,0,0,0,0.0,0,0,0,0,0,0,0,0,0,0,0,0,0,0,0,0,0,0,0,0,0,0,0,0,0,0,0,0,0,0,0,0,0,0,0,0,0,0,0,0,0,0,0,0,0.0,0.0,0.0,0.0,0.0,0.0,0.0,0.0,0.0,0.0,0.0,0.0,0.0,0.0,0.0,0.0,0.0,0.0,0.0,0.0,0.0,0.0,2.004,-0.0,0.0,-2.004,0.0,0.0,0.0,0.0,3340.5,-1.5879149971201683e+29,0.0,-107615240.0,0.0,-107615232.0,-0.0,0.0,0.0,0.0,0.0,0,0.0,-0.0,0.0,0.0,0.0,0.0,0.0,0.0,0.0,0,0,0,0.0,0.0,0.0,0.0,0.0,0.0,0.0,0.0,0.0,0.0,0.0,0.0,0.0,0.0,0.0,0.0,0,-107875648.0,0,0.0,0,-107875648.0,0.0,0,26215,17038,52429,17052,13107,17037,0,0,0,110,100,100,0.0,64.1,0.0,64.8,-0.0,68.5,1,49,50,180,0,0,0,0,0.0,0.0,0.0,0.0,22.532,65.5,0.0,8.170706490738413e+30,0.0,644,0,685,0,0,0,712,0,784,0,706,0,688,0,646,0,640,0,619,0.032,36700160.0,-2.004,-0.0,41616,16789,22.532,8.170706490738413e+30,0.0,-0.0,0.0,-13692491005952.0,29.0,60.0,70,0.0,0.0,0.0,0.0,0.0,0.0,0.0,0.0,0.0,0.0,0.0,0.0,0.0,0.0,0.0,0.0,59.6,68,12,65509,41,65476,0,300,0,0,8,20529,65476,0,0,61604,60.0,0.0,0.0,0.0,0.0,0.0
2026-04-04T11:59:12,ERR,ERR,ERR,ERR,ERR,ERR,ERR,ERR,ERR,ERR,ERR,ERR,ERR,ERR,ERR,ERR,ERR,ERR,ERR,ERR,ERR,ERR,ERR,ERR,ERR,ERR,ERR,ERR,ERR,ERR,ERR,ERR,ERR,ERR,ERR,ERR,ERR,ERR,ERR,ERR,ERR,ERR,ERR,ERR,ERR,ERR,ERR,ERR,ERR,ERR,ERR,ERR,ERR,ERR,ERR,ERR,ERR,ERR,ERR,ERR,ERR,ERR,ERR,ERR,ERR,ERR,ERR,ERR,ERR,ERR,ERR,ERR,ERR,ERR,ERR,ERR,ERR,ERR,ERR,ERR,ERR,ERR,ERR,ERR,ERR,ERR,ERR,ERR,ERR,ERR,ERR,ERR,ERR,ERR,ERR,ERR,ERR,ERR,ERR,ERR,ERR,ERR,ERR,ERR,ERR,ERR,ERR,ERR,ERR,ERR,ERR,ERR,ERR,ERR,ERR,ERR,ERR,ERR,ERR,ERR,ERR,ERR,ERR,ERR,ERR,-107615240.0,0.0,-117832800.0,0.0,0.0,0.0,0.0,nan,0,0,0,32768,0,0.0,0,0.0,0.0,0.0,0.0,0.0,0,0,0,0,0.0,0,0,0,0,0,0,0,0,0,0,0,0,0,0,0,0,0,0,0,0,0,0,0,0,0,0,0,0,0,0,0,0,0,0,0,0,0,0,0,0,0,0,0,0,0.0,0.0,0.0,0.0,0.0,0.0,0.0,0.0,0.0,0.0,0.0,0.0,0.0,0.0,0.0,0.0,0.0,0.0,0.0,0.0,0.0,0.0,2.004,-0.0,0.0,-2.004,0.0,0.0,0.0,0.0,3340.5,-1.5879149971201683e+29,0.0,-107615240.0,0.0,-107615232.0,-0.0,0.0,0.0,0.0,0.0,0,0.0,-0.0,0.0,0.0,0.0,0.0,0.0,0.0,0.0,0,0,0,0.0,0.0,0.0,0.0,0.0,0.0,0.0,0.0,0.0,0.0,0.0,0.0,0.0,0.0,0.0,0.0,0,-107875648.0,0,0.0,0,-107875648.0,0.0,0,26215,17038,52429,17052,13107,17037,0,0,0,110,100,100,0.0,64.1,0.0,64.8,-0.0,68.5,1,49,50,180,0,0,0,0,0.0,0.0,0.0,0.0,22.532,65.5,0.0,8.170706490738413e+30,0.0,644,0,685,0,0,0,712,0,784,0,706,0,688,0,646,0,640,0,619,0.032,36700160.0,-2.004,-0.0,41616,16789,22.532,8.170706490738413e+30,0.0,-0.0,0.0,-13692491005952.0,29.0,60.0,70,0.0,0.0,0.0,0.0,0.0,0.0,0.0,0.0,0.0,0.0,0.0,0.0,0.0,0.0,0.0,0.0,59.2,68,12,65509,41,65476,0,300,0,0,8,20529,65476,0,0,61604,60.0,0.0,0.0,0.0,0.0,0.0
2026-04-04T11:59:13,ERR,ERR,ERR,ERR,ERR,ERR,ERR,ERR,ERR,ERR,ERR,ERR,ERR,ERR,ERR,ERR,ERR,ERR,ERR,ERR,ERR,ERR,ERR,ERR,ERR,ERR,ERR,ERR,ERR,ERR,ERR,ERR,ERR,ERR,ERR,ERR,ERR,ERR,ERR,ERR,ERR,ERR,ERR,ERR,ERR,ERR,ERR,ERR,ERR,ERR,ERR,ERR,ERR,ERR,ERR,ERR,ERR,ERR,ERR,ERR,ERR,ERR,ERR,ERR,ERR,ERR,ERR,ERR,ERR,ERR,ERR,ERR,ERR,ERR,ERR,ERR,ERR,ERR,ERR,ERR,ERR,ERR,ERR,ERR,ERR,ERR,ERR,ERR,ERR,ERR,ERR,ERR,ERR,ERR,ERR,ERR,ERR,ERR,ERR,ERR,ERR,ERR,ERR,ERR,ERR,ERR,ERR,ERR,ERR,ERR,ERR,ERR,ERR,ERR,ERR,ERR,ERR,ERR,ERR,ERR,ERR,ERR,ERR,ERR,ERR,-107615240.0,0.0,-117832800.0,0.0,0.0,0.0,0.0,nan,0,0,0,32768,0,0.0,0,0.0,0.0,0.0,0.0,0.0,0,0,0,0,0.0,0,0,0,0,0,0,0,0,0,0,0,0,0,0,0,0,0,0,0,0,0,0,0,0,0,0,0,0,0,0,0,0,0,0,0,0,0,0,0,0,0,0,0,0,0.0,0.0,0.0,0.0,0.0,0.0,0.0,0.0,0.0,0.0,0.0,0.0,0.0,0.0,0.0,0.0,0.0,0.0,0.0,0.0,0.0,0.0,2.004,-0.0,0.0,-2.004,0.0,0.0,0.0,0.0,3340.5,-1.5879149971201683e+29,0.0,-107615240.0,0.0,-107615232.0,-0.0,0.0,0.0,0.0,0.0,0,0.0,-0.0,0.0,0.0,0.0,0.0,0.0,0.0,0.0,0,0,0,0.0,0.0,0.0,0.0,0.0,0.0,0.0,0.0,0.0,0.0,0.0,0.0,0.0,0.0,0.0,0.0,0,-107875648.0,0,0.0,0,-107875648.0,0.0,0,26215,17038,52429,17052,13107,17037,0,0,0,110,100,100,0.0,64.0,0.0,64.8,-0.0,68.5,1,49,50,180,0,0,0,0,0.0,0.0,0.0,0.0,9776019800064.0,65.5,0.0,1.1134575733532209e+27,0.0,645,0,685,0,0,0,712,0,784,0,706,0,688,0,646,0,640,0,619,0.032,36700160.0,-2.004,-0.0,49552,16789,7.532712243012567e+17,1.1134575733532209e+27,10640.152,9.739790078350155e+23,28622750482432.0,0.0,29.0,60.0,70,0.0,0.0,0.0,0.0,0.0,0.0,0.0,0.0,0.0,0.0,0.0,0.0,0.0,0.0,0.0,0.0,59.2,68,12,65509,41,65476,0,300,0,0,8,20529,65476,0,0,61604,60.0,0.0,0.0,0.0,0.0,0.0
2026-04-04T11:59:14,ERR,ERR,ERR,ERR,ERR,ERR,ERR,ERR,ERR,ERR,ERR,ERR,ERR,ERR,ERR,ERR,ERR,ERR,ERR,ERR,ERR,ERR,ERR,ERR,ERR,ERR,ERR,ERR,ERR,ERR,ERR,ERR,ERR,ERR,ERR,ERR,ERR,ERR,ERR,ERR,ERR,ERR,ERR,ERR,ERR,ERR,ERR,ERR,ERR,ERR,ERR,ERR,ERR,ERR,ERR,ERR,ERR,ERR,ERR,ERR,ERR,ERR,ERR,ERR,ERR,ERR,ERR,ERR,ERR,ERR,ERR,ERR,ERR,ERR,ERR,ERR,ERR,ERR,ERR,ERR,ERR,ERR,ERR,ERR,ERR,ERR,ERR,ERR,ERR,ERR,ERR,ERR,ERR,ERR,ERR,ERR,ERR,ERR,ERR,ERR,ERR,ERR,ERR,ERR,ERR,ERR,ERR,ERR,ERR,ERR,ERR,ERR,ERR,ERR,ERR,ERR,ERR,ERR,ERR,ERR,ERR,ERR,ERR,ERR,ERR,-107615240.0,0.0,-117832800.0,0.0,0.0,0.0,0.0,nan,0,0,0,32768,0,0.0,0,0.0,0.0,0.0,0.0,0.0,0,0,0,0,0.0,0,0,0,0,0,0,0,0,0,0,0,0,0,0,0,0,0,0,0,0,0,0,0,0,0,0,0,0,0,0,0,0,0,0,0,0,0,0,0,0,0,0,0,0,0.0,0.0,0.0,0.0,0.0,0.0,0.0,0.0,0.0,0.0,0.0,0.0,0.0,0.0,0.0,0.0,0.0,0.0,0.0,0.0,0.0,0.0,2.004,-0.0,0.0,-2.004,0.0,0.0,0.0,0.0,3340.5,-1.5879149971201683e+29,0.0,-107615240.0,0.0,-107615232.0,-0.0,0.0,0.0,0.0,0.0,0,0.0,-0.0,0.0,0.0,0.0,0.0,0.0,0.0,0.0,0,0,0,0.0,0.0,0.0,0.0,0.0,0.0,0.0,0.0,0.0,0.0,0.0,0.0,0.0,0.0,0.0,0.0,0,-107875648.0,0,0.0,0,-107875648.0,0.0,0,26215,17038,52429,17052,13107,17037,0,0,0,110,100,100,0.0,64.0,0.0,64.8,-0.0,68.5,1,49,50,180,0,0,0,0,0.0,0.0,0.0,0.0,9776019800064.0,65.5,0.0,1.1134575733532209e+27,0.0,645,0,685,0,0,0,712,0,784,0,706,0,688,0,646,0,640,0,619,0.032,36700160.0,-2.004,-0.0,49552,16789,7.532712243012567e+17,1.1134575733532209e+27,10640.152,9.739790078350155e+23,28622750482432.0,0.0,29.0,60.0,70,0.0,0.0,0.0,0.0,0.0,0.0,0.0,0.0,0.0,0.0,0.0,0.0,0.0,0.0,0.0,0.0,59.2,68,12,65509,41,65476,0,300,0,0,8,20529,65476,0,0,61604,60.0,0.0,0.0,0.0,0.0,0.0
2026-04-04T11:59:15,ERR,ERR,ERR,ERR,ERR,ERR,ERR,ERR,ERR,ERR,ERR,ERR,ERR,ERR,ERR,ERR,ERR,ERR,ERR,ERR,ERR,ERR,ERR,ERR,ERR,ERR,ERR,ERR,ERR,ERR,ERR,ERR,ERR,ERR,ERR,ERR,ERR,ERR,ERR,ERR,ERR,ERR,ERR,ERR,ERR,ERR,ERR,ERR,ERR,ERR,ERR,ERR,ERR,ERR,ERR,ERR,ERR,ERR,ERR,ERR,ERR,ERR,ERR,ERR,ERR,ERR,ERR,ERR,ERR,ERR,ERR,ERR,ERR,ERR,ERR,ERR,ERR,ERR,ERR,ERR,ERR,ERR,ERR,ERR,ERR,ERR,ERR,ERR,ERR,ERR,ERR,ERR,ERR,ERR,ERR,ERR,ERR,ERR,ERR,ERR,ERR,ERR,ERR,ERR,ERR,ERR,ERR,ERR,ERR,ERR,ERR,ERR,ERR,ERR,ERR,ERR,ERR,ERR,ERR,ERR,ERR,ERR,ERR,ERR,ERR,-107615240.0,0.0,-117832800.0,0.0,0.0,0.0,0.0,nan,0,0,0,32768,0,0.0,0,0.0,0.0,0.0,0.0,0.0,0,0,0,0,0.0,0,0,0,0,0,0,0,0,0,0,0,0,0,0,0,0,0,0,0,0,0,0,0,0,0,0,0,0,0,0,0,0,0,0,0,0,0,0,0,0,0,0,0,0,0.0,0.0,0.0,0.0,0.0,0.0,0.0,0.0,0.0,0.0,0.0,0.0,0.0,0.0,0.0,0.0,0.0,0.0,0.0,0.0,0.0,0.0,2.004,-0.0,0.0,-2.004,0.0,0.0,0.0,0.0,3341.0,-3.697152708471213e+19,0.0,-107615240.0,0.0,-107615232.0,-0.0,0.0,0.0,0.0,0.0,0,0.0,-0.0,0.0,0.0,0.0,0.0,0.0,0.0,0.0,0,0,0,0.0,0.0,0.0,0.0,0.0,0.0,0.0,0.0,0.0,0.0,0.0,0.0,0.0,0.0,0.0,0.0,0,-107875648.0,0,0.0,0,-107875648.0,0.0,0,26215,17038,52429,17052,13107,17037,0,0,0,110,100,100,0.0,64.0,0.0,64.8,-0.0,68.5,1,49,50,180,0,0,0,0,0.0,0.0,0.0,0.0,9776019800064.0,65.5,0.0,1.1134575733532209e+27,0.0,645,0,685,0,0,0,712,0,784,0,706,0,688,0,646,0,640,0,619,0.032,36700160.0,-2.004,-0.0,49552,16789,7.532712243012567e+17,1.1134575733532209e+27,10640.152,9.739790078350155e+23,28622750482432.0,0.0,29.0,60.0,70,0.0,0.0,0.0,0.0,0.0,0.0,0.0,0.0,0.0,0.0,0.0,0.0,0.0,0.0,0.0,0.0,59.2,68,12,65509,41,65476,0,300,0,0,8,20529,65476,0,0,61604,60.0,0.0,0.0,0.0,0.0,0.0
2026-04-04T11:59:16,ERR,ERR,ERR,ERR,ERR,ERR,ERR,ERR,ERR,ERR,ERR,ERR,ERR,ERR,ERR,ERR,ERR,ERR,ERR,ERR,ERR,ERR,ERR,ERR,ERR,ERR,ERR,ERR,ERR,ERR,ERR,ERR,ERR,ERR,ERR,ERR,ERR,ERR,ERR,ERR,ERR,ERR,ERR,ERR,ERR,ERR,ERR,ERR,ERR,ERR,ERR,ERR,ERR,ERR,ERR,ERR,ERR,ERR,ERR,ERR,ERR,ERR,ERR,ERR,ERR,ERR,ERR,ERR,ERR,ERR,ERR,ERR,ERR,ERR,ERR,ERR,ERR,ERR,ERR,ERR,ERR,ERR,ERR,ERR,ERR,ERR,ERR,ERR,ERR,ERR,ERR,ERR,ERR,ERR,ERR,ERR,ERR,ERR,ERR,ERR,ERR,ERR,ERR,ERR,ERR,ERR,ERR,ERR,ERR,ERR,ERR,ERR,ERR,ERR,ERR,ERR,ERR,ERR,ERR,ERR,ERR,ERR,ERR,ERR,ERR,-107615240.0,0.0,-117832800.0,0.0,0.0,0.0,0.0,nan,0,0,0,32768,0,0.0,0,0.0,0.0,0.0,0.0,0.0,0,0,0,0,0.0,0,0,0,0,0,0,0,0,0,0,0,0,0,0,0,0,0,0,0,0,0,0,0,0,0,0,0,0,0,0,0,0,0,0,0,0,0,0,0,0,0,0,0,0,0.0,0.0,0.0,0.0,0.0,0.0,0.0,0.0,0.0,0.0,0.0,0.0,0.0,0.0,0.0,0.0,0.0,0.0,0.0,0.0,0.0,0.0,2.004,-0.0,0.0,-2.004,0.0,0.0,0.0,0.0,3341.0,-3.697152708471213e+19,0.0,-107615240.0,0.0,-107615232.0,-0.0,0.0,0.0,0.0,0.0,0,0.0,-0.0,0.0,0.0,0.0,0.0,0.0,0.0,0.0,0,0,0,0.0,0.0,0.0,0.0,0.0,0.0,0.0,0.0,0.0,0.0,0.0,0.0,0.0,0.0,0.0,0.0,0,-107875648.0,0,0.0,0,-107875648.0,0.0,0,26215,17038,52429,17052,13107,17037,0,0,0,110,100,100,0.0,64.0,0.0,64.8,-0.0,68.5,1,49,50,180,0,0,0,0,0.0,0.0,0.0,0.0,9776019800064.0,65.5,0.0,1.1134575733532209e+27,0.0,645,0,685,0,0,0,712,0,784,0,706,0,688,0,646,0,640,0,619,0.032,36700160.0,-2.004,-0.0,49552,16789,7.532712243012567e+17,1.1134575733532209e+27,10640.152,9.739790078350155e+23,28622750482432.0,0.0,29.0,60.0,70,0.0,0.0,0.0,0.0,0.0,0.0,0.0,0.0,0.0,0.0,0.0,0.0,0.0,0.0,0.0,0.0,59.2,68,12,65509,41,65476,0,300,0,0,8,20529,65476,0,0,61604,60.0,0.0,0.0,0.0,0.0,0.0
2026-04-04T11:59:17,ERR,ERR,ERR,ERR,ERR,ERR,ERR,ERR,ERR,ERR,ERR,ERR,ERR,ERR,ERR,ERR,ERR,ERR,ERR,ERR,ERR,ERR,ERR,ERR,ERR,ERR,ERR,ERR,ERR,ERR,ERR,ERR,ERR,ERR,ERR,ERR,ERR,ERR,ERR,ERR,ERR,ERR,ERR,ERR,ERR,ERR,ERR,ERR,ERR,ERR,ERR,ERR,ERR,ERR,ERR,ERR,ERR,ERR,ERR,ERR,ERR,ERR,ERR,ERR,ERR,ERR,ERR,ERR,ERR,ERR,ERR,ERR,ERR,ERR,ERR,ERR,ERR,ERR,ERR,ERR,ERR,ERR,ERR,ERR,ERR,ERR,ERR,ERR,ERR,ERR,ERR,ERR,ERR,ERR,ERR,ERR,ERR,ERR,ERR,ERR,ERR,ERR,ERR,ERR,ERR,ERR,ERR,ERR,ERR,ERR,ERR,ERR,ERR,ERR,ERR,ERR,ERR,ERR,ERR,ERR,ERR,ERR,ERR,ERR,ERR,-107615240.0,0.0,-117832800.0,0.0,0.0,0.0,0.0,nan,0,0,0,32768,0,0.0,0,0.0,0.0,0.0,0.0,0.0,0,0,0,0,0.0,0,0,0,0,0,0,0,0,0,0,0,0,0,0,0,0,0,0,0,0,0,0,0,0,0,0,0,0,0,0,0,0,0,0,0,0,0,0,0,0,0,0,0,0,0.0,0.0,0.0,0.0,0.0,0.0,0.0,0.0,0.0,0.0,0.0,0.0,0.0,0.0,0.0,0.0,0.0,0.0,0.0,0.0,0.0,0.0,2.004,-0.0,0.0,-2.004,0.0,0.0,0.0,0.0,3341.0,-3.697152708471213e+19,0.0,-107615240.0,0.0,-107615232.0,-0.0,0.0,0.0,0.0,0.0,0,0.0,-0.0,0.0,0.0,0.0,0.0,0.0,0.0,0.0,0,0,0,0.0,0.0,0.0,0.0,0.0,0.0,0.0,0.0,0.0,0.0,0.0,0.0,0.0,0.0,0.0,0.0,0,-107875648.0,0,0.0,0,-107875648.0,0.0,0,26215,17038,52429,17052,13107,17037,0,0,0,110,100,100,0.0,64.0,0.0,64.8,-0.0,68.5,1,49,50,180,0,0,0,0,0.0,0.0,0.0,0.0,9776019800064.0,65.5,0.0,1.1134575733532209e+27,0.0,645,0,685,0,0,0,712,0,784,0,706,0,688,0,646,0,640,0,619,0.032,36700160.0,-2.004,-0.0,49552,16789,7.532712243012567e+17,1.1134575733532209e+27,10640.152,9.739790078350155e+23,28622750482432.0,0.0,29.0,60.0,70,0.0,0.0,0.0,0.0,0.0,0.0,0.0,0.0,0.0,0.0,0.0,0.0,0.0,0.0,0.0,0.0,59.2,68,12,65509,41,65476,0,300,0,0,8,20529,65476,0,0,61604,60.0,0.0,0.0,0.0,0.0,0.0
2026-04-04T11:59:18,ERR,ERR,ERR,ERR,ERR,ERR,ERR,ERR,ERR,ERR,ERR,ERR,ERR,ERR,ERR,ERR,ERR,ERR,ERR,ERR,ERR,ERR,ERR,ERR,ERR,ERR,ERR,ERR,ERR,ERR,ERR,ERR,ERR,ERR,ERR,ERR,ERR,ERR,ERR,ERR,ERR,ERR,ERR,ERR,ERR,ERR,ERR,ERR,ERR,ERR,ERR,ERR,ERR,ERR,ERR,ERR,ERR,ERR,ERR,ERR,ERR,ERR,ERR,ERR,ERR,ERR,ERR,ERR,ERR,ERR,ERR,ERR,ERR,ERR,ERR,ERR,ERR,ERR,ERR,ERR,ERR,ERR,ERR,ERR,ERR,ERR,ERR,ERR,ERR,ERR,ERR,ERR,ERR,ERR,ERR,ERR,ERR,ERR,ERR,ERR,ERR,ERR,ERR,ERR,ERR,ERR,ERR,ERR,ERR,ERR,ERR,ERR,ERR,ERR,ERR,ERR,ERR,ERR,ERR,ERR,ERR,ERR,ERR,ERR,ERR,-107615240.0,0.0,-117832800.0,0.0,0.0,0.0,0.0,nan,0,0,0,32768,0,0.0,0,0.0,0.0,0.0,0.0,0.0,0,0,0,0,0.0,0,0,0,0,0,0,0,0,0,0,0,0,0,0,0,0,0,0,0,0,0,0,0,0,0,0,0,0,0,0,0,0,0,0,0,0,0,0,0,0,0,0,0,0,0.0,0.0,0.0,0.0,0.0,0.0,0.0,0.0,0.0,0.0,0.0,0.0,0.0,0.0,0.0,0.0,0.0,0.0,0.0,0.0,0.0,0.0,2.004,-0.0,0.0,-2.004,0.0,0.0,0.0,0.0,3341.0,-3.697152708471213e+19,0.0,-107615240.0,0.0,-107615232.0,-0.0,0.0,0.0,0.0,0.0,0,0.0,-0.0,0.0,0.0,0.0,0.0,0.0,0.0,0.0,0,0,0,0.0,0.0,0.0,0.0,0.0,0.0,0.0,0.0,0.0,0.0,0.0,0.0,0.0,0.0,0.0,0.0,0,-107875648.0,0,0.0,0,-107875648.0,0.0,0,26215,17038,52429,17052,13107,17037,0,0,0,110,100,100,0.0,64.0,0.0,64.8,-0.0,68.5,1,49,50,180,0,0,0,0,0.0,0.0,0.0,0.0,9776019800064.0,65.5,0.0,1.1134575733532209e+27,0.0,645,0,685,0,0,0,712,0,784,0,706,0,688,0,646,0,640,0,619,0.032,36700160.0,-2.004,-0.0,49552,16789,7.532712243012567e+17,1.1134575733532209e+27,10640.152,9.739790078350155e+23,28622750482432.0,0.0,29.0,60.0,70,0.0,0.0,0.0,0.0,0.0,0.0,0.0,0.0,0.0,0.0,0.0,0.0,0.0,0.0,0.0,0.0,59.6,68,12,65509,41,65476,0,300,0,0,8,20529,65476,0,0,61604,60.0,0.0,0.0,0.0,0.0,0.0
2026-04-04T11:59:19,ERR,ERR,ERR,ERR,ERR,ERR,ERR,ERR,ERR,ERR,ERR,ERR,ERR,ERR,ERR,ERR,ERR,ERR,ERR,ERR,ERR,ERR,ERR,ERR,ERR,ERR,ERR,ERR,ERR,ERR,ERR,ERR,ERR,ERR,ERR,ERR,ERR,ERR,ERR,ERR,ERR,ERR,ERR,ERR,ERR,ERR,ERR,ERR,ERR,ERR,ERR,ERR,ERR,ERR,ERR,ERR,ERR,ERR,ERR,ERR,ERR,ERR,ERR,ERR,ERR,ERR,ERR,ERR,ERR,ERR,ERR,ERR,ERR,ERR,ERR,ERR,ERR,ERR,ERR,ERR,ERR,ERR,ERR,ERR,ERR,ERR,ERR,ERR,ERR,ERR,ERR,ERR,ERR,ERR,ERR,ERR,ERR,ERR,ERR,ERR,ERR,ERR,ERR,ERR,ERR,ERR,ERR,ERR,ERR,ERR,ERR,ERR,ERR,ERR,ERR,ERR,ERR,ERR,ERR,ERR,ERR,ERR,ERR,ERR,ERR,-107615240.0,0.0,-117832800.0,0.0,0.0,0.0,0.0,nan,0,0,0,32768,0,0.0,0,0.0,0.0,0.0,0.0,0.0,0,0,0,0,0.0,0,0,0,0,0,0,0,0,0,0,0,0,0,0,0,0,0,0,0,0,0,0,0,0,0,0,0,0,0,0,0,0,0,0,0,0,0,0,0,0,0,0,0,0,0.0,0.0,0.0,0.0,0.0,0.0,0.0,0.0,0.0,0.0,0.0,0.0,0.0,0.0,0.0,0.0,0.0,0.0,0.0,0.0,0.0,0.0,2.004,-0.0,0.0,-2.004,0.0,0.0,0.0,0.0,3341.0,-3.697152708471213e+19,0.0,-107615240.0,0.0,-107615232.0,-0.0,0.0,0.0,0.0,0.0,0,0.0,-0.0,0.0,0.0,0.0,0.0,0.0,0.0,0.0,0,0,0,0.0,0.0,0.0,0.0,0.0,0.0,0.0,0.0,0.0,0.0,0.0,0.0,0.0,0.0,0.0,0.0,0,-107875648.0,0,0.0,0,-107875648.0,0.0,0,26215,17038,52429,17052,13107,17037,0,0,0,110,100,100,0.0,64.1,0.0,64.8,-0.0,68.5,1,49,50,180,0,0,0,0,0.0,0.0,0.0,0.0,5.176440437426845e+28,65.5,0.0,-0.0,0.0,645,0,685,0,0,0,712,0,784,0,706,0,688,0,646,0,640,0,619,0.032,37224448.0,0.0,0.0,51984,16789,6.0475800104409615e+29,-0.0,-0.0,-0.0,-0.0,5.48364008089096e+19,29.0,60.0,70,0.0,0.0,0.0,0.0,0.0,0.0,0.0,0.0,0.0,0.0,0.0,0.0,0.0,0.0,0.0,0.0,59.6,68,12,65509,41,65476,0,300,0,0,8,20529,65476,0,0,61604,60.0,0.0,0.0,0.0,0.0,0.0
2026-04-04T11:59:20,ERR,ERR,ERR,ERR,ERR,ERR,ERR,ERR,ERR,ERR,ERR,ERR,ERR,ERR,ERR,ERR,ERR,ERR,ERR,ERR,ERR,ERR,ERR,ERR,ERR,ERR,ERR,ERR,ERR,ERR,ERR,ERR,ERR,ERR,ERR,ERR,ERR,ERR,ERR,ERR,ERR,ERR,ERR,ERR,ERR,ERR,ERR,ERR,ERR,ERR,ERR,ERR,ERR,ERR,ERR,ERR,ERR,ERR,ERR,ERR,ERR,ERR,ERR,ERR,ERR,ERR,ERR,ERR,ERR,ERR,ERR,ERR,ERR,ERR,ERR,ERR,ERR,ERR,ERR,ERR,ERR,ERR,ERR,ERR,ERR,ERR,ERR,ERR,ERR,ERR,ERR,ERR,ERR,ERR,ERR,ERR,ERR,ERR,ERR,ERR,ERR,ERR,ERR,ERR,ERR,ERR,ERR,ERR,ERR,ERR,ERR,ERR,ERR,ERR,ERR,ERR,ERR,ERR,ERR,ERR,ERR,ERR,ERR,ERR,ERR,-107615240.0,0.0,-117832800.0,0.0,0.0,0.0,0.0,nan,0,0,0,32768,0,0.0,0,0.0,0.0,0.0,0.0,0.0,0,0,0,0,0.0,0,0,0,0,0,0,0,0,0,0,0,0,0,0,0,0,0,0,0,0,0,0,0,0,0,0,0,0,0,0,0,0,0,0,0,0,0,0,0,0,0,0,0,0,0.0,0.0,0.0,0.0,0.0,0.0,0.0,0.0,0.0,0.0,0.0,0.0,0.0,0.0,0.0,0.0,0.0,0.0,0.0,0.0,0.0,0.0,2.004,-0.0,0.0,-2.004,0.0,0.0,0.0,0.0,3341.0,-3.697152708471213e+19,0.0,-107615240.0,0.0,-107615232.0,-0.0,0.0,0.0,0.0,0.0,0,0.0,-0.0,0.0,0.0,0.0,0.0,0.0,0.0,0.0,0,0,0,0.0,0.0,0.0,0.0,0.0,0.0,0.0,0.0,0.0,0.0,0.0,0.0,0.0,0.0,0.0,0.0,0,-107875648.0,0,0.0,0,-107875648.0,0.0,0,26215,17038,52429,17052,13107,17037,0,0,0,110,100,100,0.0,64.1,0.0,64.8,-0.0,68.5,1,49,50,180,0,0,0,0,0.0,0.0,0.0,0.0,5.176440437426845e+28,65.5,0.0,-0.0,0.0,645,0,685,0,0,0,712,0,784,0,706,0,688,0,646,0,640,0,619,0.032,37224448.0,0.0,0.0,51984,16789,6.0475800104409615e+29,-0.0,-0.0,-0.0,-0.0,5.48364008089096e+19,29.0,60.0,70,0.0,0.0,0.0,0.0,0.0,0.0,0.0,0.0,0.0,0.0,0.0,0.0,0.0,0.0,0.0,0.0,59.6,68,12,65509,41,65476,0,300,0,0,8,20529,65476,0,0,61604,60.0,0.0,0.0,0.0,0.0,0.0
2026-04-04T11:59:21,ERR,ERR,ERR,ERR,ERR,ERR,ERR,ERR,ERR,ERR,ERR,ERR,ERR,ERR,ERR,ERR,ERR,ERR,ERR,ERR,ERR,ERR,ERR,ERR,ERR,ERR,ERR,ERR,ERR,ERR,ERR,ERR,ERR,ERR,ERR,ERR,ERR,ERR,ERR,ERR,ERR,ERR,ERR,ERR,ERR,ERR,ERR,ERR,ERR,ERR,ERR,ERR,ERR,ERR,ERR,ERR,ERR,ERR,ERR,ERR,ERR,ERR,ERR,ERR,ERR,ERR,ERR,ERR,ERR,ERR,ERR,ERR,ERR,ERR,ERR,ERR,ERR,ERR,ERR,ERR,ERR,ERR,ERR,ERR,ERR,ERR,ERR,ERR,ERR,ERR,ERR,ERR,ERR,ERR,ERR,ERR,ERR,ERR,ERR,ERR,ERR,ERR,ERR,ERR,ERR,ERR,ERR,ERR,ERR,ERR,ERR,ERR,ERR,ERR,ERR,ERR,ERR,ERR,ERR,ERR,ERR,ERR,ERR,ERR,ERR,-107615240.0,0.0,-117832800.0,0.0,0.0,0.0,0.0,nan,0,0,0,32768,0,0.0,0,0.0,0.0,0.0,0.0,0.0,0,0,0,0,0.0,0,0,0,0,0,0,0,0,0,0,0,0,0,0,0,0,0,0,0,0,0,0,0,0,0,0,0,0,0,0,0,0,0,0,0,0,0,0,0,0,0,0,0,0,0.0,0.0,0.0,0.0,0.0,0.0,0.0,0.0,0.0,0.0,0.0,0.0,0.0,0.0,0.0,0.0,0.0,0.0,0.0,0.0,0.0,0.0,2.004,-0.0,0.0,-2.004,0.0,0.0,0.0,0.0,3341.0,-3.697152708471213e+19,0.0,-107615240.0,0.0,-107615232.0,-0.0,0.0,0.0,0.0,0.0,0,0.0,-0.0,0.0,0.0,0.0,0.0,0.0,0.0,0.0,0,0,0,0.0,0.0,0.0,0.0,0.0,0.0,0.0,0.0,0.0,0.0,0.0,0.0,0.0,0.0,0.0,0.0,0,-107875648.0,0,0.0,0,-107875648.0,0.0,0,26215,17038,52429,17052,13107,17037,0,0,0,110,100,100,0.0,64.1,0.0,64.8,-0.0,68.5,1,49,50,180,0,0,0,0,0.0,0.0,0.0,0.0,5.176440437426845e+28,65.5,0.0,-0.0,0.0,645,0,685,0,0,0,712,0,784,0,706,0,688,0,646,0,640,0,619,0.032,37224448.0,0.0,0.0,51984,16789,6.0475800104409615e+29,-0.0,-0.0,-0.0,-0.0,5.48364008089096e+19,29.0,60.0,70,0.0,0.0,0.0,0.0,0.0,0.0,0.0,0.0,0.0,0.0,0.0,0.0,0.0,0.0,0.0,0.0,59.2,68,12,65509,41,65476,0,300,0,0,8,20529,65476,0,0,61604,60.0,0.0,0.0,0.0,0.0,0.0
2026-04-04T11:59:22,ERR,ERR,ERR,ERR,ERR,ERR,ERR,ERR,ERR,ERR,ERR,ERR,ERR,ERR,ERR,ERR,ERR,ERR,ERR,ERR,ERR,ERR,ERR,ERR,ERR,ERR,ERR,ERR,ERR,ERR,ERR,ERR,ERR,ERR,ERR,ERR,ERR,ERR,ERR,ERR,ERR,ERR,ERR,ERR,ERR,ERR,ERR,ERR,ERR,ERR,ERR,ERR,ERR,ERR,ERR,ERR,ERR,ERR,ERR,ERR,ERR,ERR,ERR,ERR,ERR,ERR,ERR,ERR,ERR,ERR,ERR,ERR,ERR,ERR,ERR,ERR,ERR,ERR,ERR,ERR,ERR,ERR,ERR,ERR,ERR,ERR,ERR,ERR,ERR,ERR,ERR,ERR,ERR,ERR,ERR,ERR,ERR,ERR,ERR,ERR,ERR,ERR,ERR,ERR,ERR,ERR,ERR,ERR,ERR,ERR,ERR,ERR,ERR,ERR,ERR,ERR,ERR,ERR,ERR,ERR,ERR,ERR,ERR,ERR,ERR,-107615240.0,0.0,-117832800.0,0.0,0.0,0.0,0.0,nan,0,0,0,32768,0,0.0,0,0.0,0.0,0.0,0.0,0.0,0,0,0,0,0.0,0,0,0,0,0,0,0,0,0,0,0,0,0,0,0,0,0,0,0,0,0,0,0,0,0,0,0,0,0,0,0,0,0,0,0,0,0,0,0,0,0,0,0,0,0.0,0.0,0.0,0.0,0.0,0.0,0.0,0.0,0.0,0.0,0.0,0.0,0.0,0.0,0.0,0.0,0.0,0.0,0.0,0.0,0.0,0.0,2.004,-0.0,0.0,-2.004,0.0,0.0,0.0,0.0,3341.0,-3.697152708471213e+19,0.0,-107615240.0,0.0,-107615232.0,-0.0,0.0,0.0,0.0,0.0,0,0.0,-0.0,0.0,0.0,0.0,0.0,0.0,0.0,0.0,0,0,0,0.0,0.0,0.0,0.0,0.0,0.0,0.0,0.0,0.0,0.0,0.0,0.0,0.0,0.0,0.0,0.0,0,-107875648.0,0,0.0,0,-107875648.0,0.0,0,26215,17038,52429,17052,13107,17037,0,0,0,110,100,100,0.0,64.1,0.0,64.8,-0.0,68.5,1,49,50,180,0,0,0,0,0.0,0.0,0.0,0.0,5.176440437426845e+28,65.5,0.0,-0.0,0.0,645,0,685,0,0,0,712,0,784,0,706,0,688,0,646,0,640,0,619,0.032,37224448.0,0.0,0.0,51984,16789,6.0475800104409615e+29,-0.0,-0.0,-0.0,-0.0,5.48364008089096e+19,29.0,60.0,70,0.0,0.0,0.0,0.0,0.0,0.0,0.0,0.0,0.0,0.0,0.0,0.0,0.0,0.0,0.0,0.0,59.2,68,12,65509,41,65476,0,300,0,0,8,20529,65476,0,0,61604,60.0,0.0,0.0,0.0,0.0,0.0
2026-04-04T11:59:23,ERR,ERR,ERR,ERR,ERR,ERR,ERR,ERR,ERR,ERR,ERR,ERR,ERR,ERR,ERR,ERR,ERR,ERR,ERR,ERR,ERR,ERR,ERR,ERR,ERR,ERR,ERR,ERR,ERR,ERR,ERR,ERR,ERR,ERR,ERR,ERR,ERR,ERR,ERR,ERR,ERR,ERR,ERR,ERR,ERR,ERR,ERR,ERR,ERR,ERR,ERR,ERR,ERR,ERR,ERR,ERR,ERR,ERR,ERR,ERR,ERR,ERR,ERR,ERR,ERR,ERR,ERR,ERR,ERR,ERR,ERR,ERR,ERR,ERR,ERR,ERR,ERR,ERR,ERR,ERR,ERR,ERR,ERR,ERR,ERR,ERR,ERR,ERR,ERR,ERR,ERR,ERR,ERR,ERR,ERR,ERR,ERR,ERR,ERR,ERR,ERR,ERR,ERR,ERR,ERR,ERR,ERR,ERR,ERR,ERR,ERR,ERR,ERR,ERR,ERR,ERR,ERR,ERR,ERR,ERR,ERR,ERR,ERR,ERR,ERR,-107615240.0,0.0,-117832800.0,0.0,0.0,0.0,0.0,nan,0,0,0,32768,0,0.0,0,0.0,0.0,0.0,0.0,0.0,0,0,0,0,0.0,0,0,0,0,0,0,0,0,0,0,0,0,0,0,0,0,0,0,0,0,0,0,0,0,0,0,0,0,0,0,0,0,0,0,0,0,0,0,0,0,0,0,0,0,0.0,0.0,0.0,0.0,0.0,0.0,0.0,0.0,0.0,0.0,0.0,0.0,0.0,0.0,0.0,0.0,0.0,0.0,0.0,0.0,0.0,0.0,2.004,-0.0,0.0,-2.004,0.0,0.0,0.0,0.0,3357.5,0.0,0.0,-107615240.0,0.0,-107615232.0,-0.0,0.0,0.0,0.0,0.0,0,0.0,-152016156360704.0,0.0,0.0,0.0,0.0,0.0,0.0,0.0,0,0,0,0.0,0.0,0.0,0.0,0.0,0.0,0.0,0.0,0.0,0.0,0.0,0.0,0.0,0.0,0.0,0.0,0,-107875648.0,0,0.0,0,-107875648.0,0.0,0,26215,17038,52429,17052,13107,17037,0,0,0,110,100,100,0.0,64.1,0.0,64.8,-0.0,68.5,1,49,50,180,0,0,0,0,0.0,0.0,0.0,0.0,5.176440437426845e+28,65.5,0.0,-0.0,0.0,645,0,685,0,0,0,712,0,784,0,706,0,688,0,646,0,640,0,619,0.032,37224448.0,0.0,0.0,51984,16789,6.0475800104409615e+29,-0.0,-0.0,-0.0,-0.0,5.48364008089096e+19,29.0,60.0,70,0.0,0.0,0.0,0.0,0.0,0.0,0.0,0.0,0.0,0.0,0.0,0.0,0.0,0.0,0.0,0.0,59.2,68,12,65509,41,65476,0,300,0,0,8,20529,65476,0,0,61604,60.0,0.0,0.0,0.0,0.0,0.0
2026-04-04T11:59:24,ERR,ERR,ERR,ERR,ERR,ERR,ERR,ERR,ERR,ERR,ERR,ERR,ERR,ERR,ERR,ERR,ERR,ERR,ERR,ERR,ERR,ERR,ERR,ERR,ERR,ERR,ERR,ERR,ERR,ERR,ERR,ERR,ERR,ERR,ERR,ERR,ERR,ERR,ERR,ERR,ERR,ERR,ERR,ERR,ERR,ERR,ERR,ERR,ERR,ERR,ERR,ERR,ERR,ERR,ERR,ERR,ERR,ERR,ERR,ERR,ERR,ERR,ERR,ERR,ERR,ERR,ERR,ERR,ERR,ERR,ERR,ERR,ERR,ERR,ERR,ERR,ERR,ERR,ERR,ERR,ERR,ERR,ERR,ERR,ERR,ERR,ERR,ERR,ERR,ERR,ERR,ERR,ERR,ERR,ERR,ERR,ERR,ERR,ERR,ERR,ERR,ERR,ERR,ERR,ERR,ERR,ERR,ERR,ERR,ERR,ERR,ERR,ERR,ERR,ERR,ERR,ERR,ERR,ERR,ERR,ERR,ERR,ERR,ERR,ERR,-107615240.0,0.0,-117832800.0,0.0,0.0,0.0,0.0,nan,0,0,0,32768,0,0.0,0,0.0,0.0,0.0,0.0,0.0,0,0,0,0,0.0,0,0,0,0,0,0,0,0,0,0,0,0,0,0,0,0,0,0,0,0,0,0,0,0,0,0,0,0,0,0,0,0,0,0,0,0,0,0,0,0,0,0,0,0,0.0,0.0,0.0,0.0,0.0,0.0,0.0,0.0,0.0,0.0,0.0,0.0,0.0,0.0,0.0,0.0,0.0,0.0,0.0,0.0,0.0,0.0,2.004,-0.0,0.0,-2.004,0.0,0.0,0.0,0.0,3357.5,0.0,0.0,-107615240.0,0.0,-107615232.0,-0.0,0.0,0.0,0.0,0.0,0,0.0,-152016156360704.0,0.0,0.0,0.0,0.0,0.0,0.0,0.0,0,0,0,0.0,0.0,0.0,0.0,0.0,0.0,0.0,0.0,0.0,0.0,0.0,0.0,0.0,0.0,0.0,0.0,0,-107875648.0,0,0.0,0,-107875648.0,0.0,0,26215,17038,52429,17052,13107,17037,0,0,0,110,100,100,0.0,64.1,0.0,64.8,-0.0,68.5,1,49,50,180,0,0,0,0,0.0,0.0,0.0,0.0,5.176440437426845e+28,65.5,0.0,-0.0,0.0,645,0,685,0,0,0,712,0,784,0,706,0,688,0,646,0,640,0,619,0.032,37224448.0,0.0,0.0,51984,16789,6.0475800104409615e+29,-0.0,-0.0,-0.0,-0.0,5.48364008089096e+19,29.0,60.0,70,0.0,0.0,0.0,0.0,0.0,0.0,0.0,0.0,0.0,0.0,0.0,0.0,0.0,0.0,0.0,0.0,59.6,68,12,65509,41,65476,0,300,0,0,8,20529,65476,0,0,61604,60.0,0.0,0.0,0.0,0.0,0.0
2026-04-04T11:59:25,ERR,ERR,ERR,ERR,ERR,ERR,ERR,ERR,ERR,ERR,ERR,ERR,ERR,ERR,ERR,ERR,ERR,ERR,ERR,ERR,ERR,ERR,ERR,ERR,ERR,ERR,ERR,ERR,ERR,ERR,ERR,ERR,ERR,ERR,ERR,ERR,ERR,ERR,ERR,ERR,ERR,ERR,ERR,ERR,ERR,ERR,ERR,ERR,ERR,ERR,ERR,ERR,ERR,ERR,ERR,ERR,ERR,ERR,ERR,ERR,ERR,ERR,ERR,ERR,ERR,ERR,ERR,ERR,ERR,ERR,ERR,ERR,ERR,ERR,ERR,ERR,ERR,ERR,ERR,ERR,ERR,ERR,ERR,ERR,ERR,ERR,ERR,ERR,ERR,ERR,ERR,ERR,ERR,ERR,ERR,ERR,ERR,ERR,ERR,ERR,ERR,ERR,ERR,ERR,ERR,ERR,ERR,ERR,ERR,ERR,ERR,ERR,ERR,ERR,ERR,ERR,ERR,ERR,ERR,ERR,ERR,ERR,ERR,ERR,ERR,-107615240.0,0.0,-117832800.0,0.0,0.0,0.0,0.0,nan,0,0,0,32768,0,0.0,0,0.0,0.0,0.0,0.0,0.0,0,0,0,0,0.0,0,0,0,0,0,0,0,0,0,0,0,0,0,0,0,0,0,0,0,0,0,0,0,0,0,0,0,0,0,0,0,0,0,0,0,0,0,0,0,0,0,0,0,0,0.0,0.0,0.0,0.0,0.0,0.0,0.0,0.0,0.0,0.0,0.0,0.0,0.0,0.0,0.0,0.0,0.0,0.0,0.0,0.0,0.0,0.0,2.004,-0.0,0.0,-2.004,0.0,0.0,0.0,0.0,3357.5,0.0,0.0,-107615240.0,0.0,-107615232.0,-0.0,0.0,0.0,0.0,0.0,0,0.0,-152016156360704.0,0.0,0.0,0.0,0.0,0.0,0.0,0.0,0,0,0,0.0,0.0,0.0,0.0,0.0,0.0,0.0,0.0,0.0,0.0,0.0,0.0,0.0,0.0,0.0,0.0,0,-107875648.0,0,0.0,0,-107875648.0,0.0,0,26215,17038,52429,17052,13107,17037,0,0,0,110,100,100,0.0,64.1,0.0,64.8,-0.0,68.5,1,49,50,180,52429,0,0,0,0.0,0.0,0.0,0.0,2.365975915863275e+21,65.5,0.0,2.120066764605871e+29,0.0,645,0,685,0,0,0,712,0,784,0,706,0,688,0,646,0,640,0,619,0.032,36700160.0,-2.004,-0.0,64144,16789,4.2217587421973154e+27,2.120066764605871e+29,3.114704286948982e+30,5.689139141541858e+33,2.1274016500080735e+31,0.0,29.0,60.0,70,0.0,0.0,0.0,0.0,0.0,0.0,0.0,0.0,0.0,0.0,0.0,0.0,0.0,0.0,0.0,0.0,59.6,68,12,65509,41,65476,0,300,0,0,8,20529,65476,0,0,61604,60.0,0.0,0.0,0.0,0.0,0.0
2026-04-04T11:59:26,ERR,ERR,ERR,ERR,ERR,ERR,ERR,ERR,ERR,ERR,ERR,ERR,ERR,ERR,ERR,ERR,ERR,ERR,ERR,ERR,ERR,ERR,ERR,ERR,ERR,ERR,ERR,ERR,ERR,ERR,ERR,ERR,ERR,ERR,ERR,ERR,ERR,ERR,ERR,ERR,ERR,ERR,ERR,ERR,ERR,ERR,ERR,ERR,ERR,ERR,ERR,ERR,ERR,ERR,ERR,ERR,ERR,ERR,ERR,ERR,ERR,ERR,ERR,ERR,ERR,ERR,ERR,ERR,ERR,ERR,ERR,ERR,ERR,ERR,ERR,ERR,ERR,ERR,ERR,ERR,ERR,ERR,ERR,ERR,ERR,ERR,ERR,ERR,ERR,ERR,ERR,ERR,ERR,ERR,ERR,ERR,ERR,ERR,ERR,ERR,ERR,ERR,ERR,ERR,ERR,ERR,ERR,ERR,ERR,ERR,ERR,ERR,ERR,ERR,ERR,ERR,ERR,ERR,ERR,ERR,ERR,ERR,ERR,ERR,ERR,-107615240.0,0.0,-117832800.0,0.0,0.0,0.0,0.0,nan,0,0,0,32768,0,0.0,0,0.0,0.0,0.0,0.0,0.0,0,0,0,0,0.0,0,0,0,0,0,0,0,0,0,0,0,0,0,0,0,0,0,0,0,0,0,0,0,0,0,0,0,0,0,0,0,0,0,0,0,0,0,0,0,0,0,0,0,0,0.0,0.0,0.0,0.0,0.0,0.0,0.0,0.0,0.0,0.0,0.0,0.0,0.0,0.0,0.0,0.0,0.0,0.0,0.0,0.0,0.0,0.0,2.004,-0.0,0.0,-2.004,0.0,0.0,0.0,0.0,3357.5,0.0,0.0,-107615240.0,0.0,-107615232.0,-0.0,0.0,0.0,0.0,0.0,0,0.0,-152016156360704.0,0.0,0.0,0.0,0.0,0.0,0.0,0.0,0,0,0,0.0,0.0,0.0,0.0,0.0,0.0,0.0,0.0,0.0,0.0,0.0,0.0,0.0,0.0,0.0,0.0,0,-107875648.0,0,0.0,0,-107875648.0,0.0,0,26215,17038,52429,17052,13107,17037,0,0,0,110,100,100,0.0,64.1,0.0,64.8,-0.0,68.5,1,49,50,180,52429,0,0,0,0.0,0.0,0.0,0.0,2.365975915863275e+21,65.5,0.0,2.120066764605871e+29,0.0,645,0,685,0,0,0,712,0,784,0,706,0,688,0,646,0,640,0,619,0.032,36700160.0,-2.004,-0.0,64144,16789,4.2217587421973154e+27,2.120066764605871e+29,3.114704286948982e+30,5.689139141541858e+33,2.1274016500080735e+31,0.0,29.0,60.0,70,0.0,0.0,0.0,0.0,0.0,0.0,0.0,0.0,0.0,0.0,0.0,0.0,0.0,0.0,0.0,0.0,59.2,68,12,65509,41,65476,0,300,0,0,8,20529,65476,0,0,61604,60.0,0.0,0.0,0.0,0.0,0.0
2026-04-04T11:59:27,ERR,ERR,ERR,ERR,ERR,ERR,ERR,ERR,ERR,ERR,ERR,ERR,ERR,ERR,ERR,ERR,ERR,ERR,ERR,ERR,ERR,ERR,ERR,ERR,ERR,ERR,ERR,ERR,ERR,ERR,ERR,ERR,ERR,ERR,ERR,ERR,ERR,ERR,ERR,ERR,ERR,ERR,ERR,ERR,ERR,ERR,ERR,ERR,ERR,ERR,ERR,ERR,ERR,ERR,ERR,ERR,ERR,ERR,ERR,ERR,ERR,ERR,ERR,ERR,ERR,ERR,ERR,ERR,ERR,ERR,ERR,ERR,ERR,ERR,ERR,ERR,ERR,ERR,ERR,ERR,ERR,ERR,ERR,ERR,ERR,ERR,ERR,ERR,ERR,ERR,ERR,ERR,ERR,ERR,ERR,ERR,ERR,ERR,ERR,ERR,ERR,ERR,ERR,ERR,ERR,ERR,ERR,ERR,ERR,ERR,ERR,ERR,ERR,ERR,ERR,ERR,ERR,ERR,ERR,ERR,ERR,ERR,ERR,ERR,ERR,-107615240.0,0.0,-117832800.0,0.0,0.0,0.0,0.0,nan,0,0,0,32768,0,0.0,0,0.0,0.0,0.0,0.0,0.0,0,0,0,0,0.0,0,0,0,0,0,0,0,0,0,0,0,0,0,0,0,0,0,0,0,0,0,0,0,0,0,0,0,0,0,0,0,0,0,0,0,0,0,0,0,0,0,0,0,0,0.0,0.0,0.0,0.0,0.0,0.0,0.0,0.0,0.0,0.0,0.0,0.0,0.0,0.0,0.0,0.0,0.0,0.0,0.0,0.0,0.0,0.0,2.004,-0.0,0.0,-2.004,0.0,0.0,0.0,0.0,3357.5,0.0,0.0,-107615240.0,0.0,-107615232.0,-0.0,0.0,0.0,0.0,0.0,0,0.0,-152016156360704.0,0.0,0.0,0.0,0.0,0.0,0.0,0.0,0,0,0,0.0,0.0,0.0,0.0,0.0,0.0,0.0,0.0,0.0,0.0,0.0,0.0,0.0,0.0,0.0,0.0,0,-107875648.0,0,0.0,0,-107875648.0,0.0,0,26215,17038,52429,17052,13107,17037,0,0,0,110,100,100,0.0,64.1,0.0,64.8,-0.0,68.5,1,49,50,180,52429,0,0,0,0.0,0.0,0.0,0.0,2.365975915863275e+21,65.5,0.0,2.120066764605871e+29,0.0,645,0,685,0,0,0,712,0,784,0,706,0,688,0,646,0,640,0,619,0.032,36700160.0,-2.004,-0.0,64144,16789,4.2217587421973154e+27,2.120066764605871e+29,3.114704286948982e+30,5.689139141541858e+33,2.1274016500080735e+31,0.0,29.0,60.0,70,0.0,0.0,0.0,0.0,0.0,0.0,0.0,0.0,0.0,0.0,0.0,0.0,0.0,0.0,0.0,0.0,59.2,68,12,65509,41,65476,0,300,0,0,8,20529,65476,0,0,61604,60.0,0.0,0.0,0.0,0.0,0.0
2026-04-04T11:59:28,ERR,ERR,ERR,ERR,ERR,ERR,ERR,ERR,ERR,ERR,ERR,ERR,ERR,ERR,ERR,ERR,ERR,ERR,ERR,ERR,ERR,ERR,ERR,ERR,ERR,ERR,ERR,ERR,ERR,ERR,ERR,ERR,ERR,ERR,ERR,ERR,ERR,ERR,ERR,ERR,ERR,ERR,ERR,ERR,ERR,ERR,ERR,ERR,ERR,ERR,ERR,ERR,ERR,ERR,ERR,ERR,ERR,ERR,ERR,ERR,ERR,ERR,ERR,ERR,ERR,ERR,ERR,ERR,ERR,ERR,ERR,ERR,ERR,ERR,ERR,ERR,ERR,ERR,ERR,ERR,ERR,ERR,ERR,ERR,ERR,ERR,ERR,ERR,ERR,ERR,ERR,ERR,ERR,ERR,ERR,ERR,ERR,ERR,ERR,ERR,ERR,ERR,ERR,ERR,ERR,ERR,ERR,ERR,ERR,ERR,ERR,ERR,ERR,ERR,ERR,ERR,ERR,ERR,ERR,ERR,ERR,ERR,ERR,ERR,ERR,-107615240.0,0.0,-117832800.0,0.0,0.0,0.0,0.0,nan,0,0,0,32768,0,0.0,0,0.0,0.0,0.0,0.0,0.0,0,0,0,0,0.0,0,0,0,0,0,0,0,0,0,0,0,0,0,0,0,0,0,0,0,0,0,0,0,0,0,0,0,0,0,0,0,0,0,0,0,0,0,0,0,0,0,0,0,0,0.0,0.0,0.0,0.0,0.0,0.0,0.0,0.0,0.0,0.0,0.0,0.0,0.0,0.0,0.0,0.0,0.0,0.0,0.0,0.0,0.0,0.0,2.004,-0.0,0.0,-2.004,0.0,0.0,0.0,0.0,3357.5,0.0,0.0,-107615240.0,0.0,-107615232.0,-0.0,0.0,0.0,0.0,0.0,0,0.0,-152016156360704.0,0.0,0.0,0.0,0.0,0.0,0.0,0.0,0,0,0,0.0,0.0,0.0,0.0,0.0,0.0,0.0,0.0,0.0,0.0,0.0,0.0,0.0,0.0,0.0,0.0,0,-107875648.0,0,0.0,0,-107875648.0,0.0,0,26215,17038,52429,17052,13107,17037,0,0,0,110,100,100,0.0,64.1,0.0,64.8,-0.0,68.5,1,49,50,180,52429,0,0,0,0.0,0.0,0.0,0.0,2.365975915863275e+21,65.5,0.0,2.120066764605871e+29,0.0,645,0,685,0,0,0,712,0,784,0,706,0,688,0,646,0,640,0,619,0.032,36700160.0,-2.004,-0.0,64144,16789,4.2217587421973154e+27,2.120066764605871e+29,3.114704286948982e+30,5.689139141541858e+33,2.1274016500080735e+31,0.0,29.0,60.0,70,0.0,0.0,0.0,0.0,0.0,0.0,0.0,0.0,0.0,0.0,0.0,0.0,0.0,0.0,0.0,0.0,59.2,68,12,65509,41,65476,0,300,0,0,8,20529,65476,0,0,61604,60.0,0.0,0.0,0.0,0.0,0.0
2026-04-04T11:59:29,ERR,ERR,ERR,ERR,ERR,ERR,ERR,ERR,ERR,ERR,ERR,ERR,ERR,ERR,ERR,ERR,ERR,ERR,ERR,ERR,ERR,ERR,ERR,ERR,ERR,ERR,ERR,ERR,ERR,ERR,ERR,ERR,ERR,ERR,ERR,ERR,ERR,ERR,ERR,ERR,ERR,ERR,ERR,ERR,ERR,ERR,ERR,ERR,ERR,ERR,ERR,ERR,ERR,ERR,ERR,ERR,ERR,ERR,ERR,ERR,ERR,ERR,ERR,ERR,ERR,ERR,ERR,ERR,ERR,ERR,ERR,ERR,ERR,ERR,ERR,ERR,ERR,ERR,ERR,ERR,ERR,ERR,ERR,ERR,ERR,ERR,ERR,ERR,ERR,ERR,ERR,ERR,ERR,ERR,ERR,ERR,ERR,ERR,ERR,ERR,ERR,ERR,ERR,ERR,ERR,ERR,ERR,ERR,ERR,ERR,ERR,ERR,ERR,ERR,ERR,ERR,ERR,ERR,ERR,ERR,ERR,ERR,ERR,ERR,ERR,-107615240.0,0.0,-117832800.0,0.0,0.0,0.0,0.0,nan,0,0,0,32768,0,0.0,0,0.0,0.0,0.0,0.0,0.0,0,0,0,0,0.0,0,0,0,0,0,0,0,0,0,0,0,0,0,0,0,0,0,0,0,0,0,0,0,0,0,0,0,0,0,0,0,0,0,0,0,0,0,0,0,0,0,0,0,0,0.0,0.0,0.0,0.0,0.0,0.0,0.0,0.0,0.0,0.0,0.0,0.0,0.0,0.0,0.0,0.0,0.0,0.0,0.0,0.0,0.0,0.0,2.004,-0.0,0.0,-2.004,0.0,0.0,0.0,0.0,3357.5,0.0,0.0,-107615240.0,0.0,-107615232.0,-0.0,0.0,0.0,0.0,0.0,0,0.0,-152016156360704.0,0.0,0.0,0.0,0.0,0.0,0.0,0.0,0,0,0,0.0,0.0,0.0,0.0,0.0,0.0,0.0,0.0,0.0,0.0,0.0,0.0,0.0,0.0,0.0,0.0,0,-107875648.0,0,0.0,0,-107875648.0,0.0,0,26215,17038,52429,17052,13107,17037,0,0,0,110,100,100,0.0,64.1,0.0,64.8,-0.0,68.5,1,49,50,180,52429,0,0,0,0.0,0.0,0.0,0.0,2.365975915863275e+21,65.5,0.0,2.120066764605871e+29,0.0,645,0,685,0,0,0,712,0,784,0,706,0,688,0,646,0,640,0,619,0.032,36700160.0,-2.004,-0.0,64144,16789,4.2217587421973154e+27,2.120066764605871e+29,3.114704286948982e+30,5.689139141541858e+33,2.1274016500080735e+31,0.0,29.0,60.0,70,0.0,0.0,0.0,0.0,0.0,0.0,0.0,0.0,0.0,0.0,0.0,0.0,0.0,0.0,0.0,0.0,59.2,68,12,65509,41,65476,0,300,0,0,8,20529,65476,0,0,61604,60.0,0.0,0.0,0.0,0.0,0.0
2026-04-04T11:59:30,ERR,ERR,ERR,ERR,ERR,ERR,ERR,ERR,ERR,ERR,ERR,ERR,ERR,ERR,ERR,ERR,ERR,ERR,ERR,ERR,ERR,ERR,ERR,ERR,ERR,ERR,ERR,ERR,ERR,ERR,ERR,ERR,ERR,ERR,ERR,ERR,ERR,ERR,ERR,ERR,ERR,ERR,ERR,ERR,ERR,ERR,ERR,ERR,ERR,ERR,ERR,ERR,ERR,ERR,ERR,ERR,ERR,ERR,ERR,ERR,ERR,ERR,ERR,ERR,ERR,ERR,ERR,ERR,ERR,ERR,ERR,ERR,ERR,ERR,ERR,ERR,ERR,ERR,ERR,ERR,ERR,ERR,ERR,ERR,ERR,ERR,ERR,ERR,ERR,ERR,ERR,ERR,ERR,ERR,ERR,ERR,ERR,ERR,ERR,ERR,ERR,ERR,ERR,ERR,ERR,ERR,ERR,ERR,ERR,ERR,ERR,ERR,ERR,ERR,ERR,ERR,ERR,ERR,ERR,ERR,ERR,ERR,ERR,ERR,ERR,-107615240.0,0.0,-117832800.0,0.0,0.0,0.0,0.0,nan,0,0,0,32768,0,0.0,0,0.0,0.0,0.0,0.0,0.0,0,0,0,0,0.0,0,0,0,0,0,0,0,0,0,0,0,0,0,0,0,0,0,0,0,0,0,0,0,0,0,0,0,0,0,0,0,0,0,0,0,0,0,0,0,0,0,0,0,0,0.0,0.0,0.0,0.0,0.0,0.0,0.0,0.0,0.0,0.0,0.0,0.0,0.0,0.0,0.0,0.0,0.0,0.0,0.0,0.0,0.0,0.0,2.004,-0.0,0.0,-2.004,0.0,0.0,0.0,0.0,3357.5,0.0,0.0,-107615240.0,0.0,-107615232.0,-0.0,0.0,0.0,0.0,0.0,0,0.0,-152016156360704.0,0.0,0.0,0.0,0.0,0.0,0.0,0.0,0,0,0,0.0,0.0,0.0,0.0,0.0,0.0,0.0,0.0,0.0,0.0,0.0,0.0,0.0,0.0,0.0,0.0,0,-107875648.0,0,0.0,0,-107875648.0,0.0,0,26215,17038,52429,17052,13107,17037,0,0,0,110,100,100,0.0,64.1,0.0,64.8,-0.0,68.5,1,49,50,180,52429,0,0,0,0.0,0.0,0.0,0.0,2.365975915863275e+21,65.5,0.0,2.120066764605871e+29,0.0,645,0,685,0,0,0,712,0,784,0,706,0,688,0,646,0,640,0,619,0.032,36700160.0,-2.004,-0.0,64144,16789,4.2217587421973154e+27,2.120066764605871e+29,3.114704286948982e+30,5.689139141541858e+33,2.1274016500080735e+31,0.0,29.0,60.0,70,0.0,0.0,0.0,0.0,0.0,0.0,0.0,0.0,0.0,0.0,0.0,0.0,0.0,0.0,0.0,0.0,59.2,68,12,65509,41,65476,0,300,0,0,8,20529,65476,0,0,61604,60.0,0.0,0.0,0.0,0.0,0.0
2026-04-04T11:59:31,ERR,ERR,ERR,ERR,ERR,ERR,ERR,ERR,ERR,ERR,ERR,ERR,ERR,ERR,ERR,ERR,ERR,ERR,ERR,ERR,ERR,ERR,ERR,ERR,ERR,ERR,ERR,ERR,ERR,ERR,ERR,ERR,ERR,ERR,ERR,ERR,ERR,ERR,ERR,ERR,ERR,ERR,ERR,ERR,ERR,ERR,ERR,ERR,ERR,ERR,ERR,ERR,ERR,ERR,ERR,ERR,ERR,ERR,ERR,ERR,ERR,ERR,ERR,ERR,ERR,ERR,ERR,ERR,ERR,ERR,ERR,ERR,ERR,ERR,ERR,ERR,ERR,ERR,ERR,ERR,ERR,ERR,ERR,ERR,ERR,ERR,ERR,ERR,ERR,ERR,ERR,ERR,ERR,ERR,ERR,ERR,ERR,ERR,ERR,ERR,ERR,ERR,ERR,ERR,ERR,ERR,ERR,ERR,ERR,ERR,ERR,ERR,ERR,ERR,ERR,ERR,ERR,ERR,ERR,ERR,ERR,ERR,ERR,ERR,ERR,-107615240.0,0.0,-117832800.0,0.0,0.0,0.0,0.0,nan,0,0,0,32768,0,0.0,0,0.0,0.0,0.0,0.0,0.0,0,0,0,0,0.0,0,0,0,0,0,0,0,0,0,0,0,0,0,0,0,0,0,0,0,0,0,0,0,0,0,0,0,0,0,0,0,0,0,0,0,0,0,0,0,0,0,0,0,0,0.0,0.0,0.0,0.0,0.0,0.0,0.0,0.0,0.0,0.0,0.0,0.0,0.0,0.0,0.0,0.0,0.0,0.0,0.0,0.0,0.0,0.0,2.004,-0.0,0.0,-2.004,0.0,0.0,0.0,0.0,3340.5,-8608104448.0,0.0,-107615240.0,0.0,-107615232.0,-0.0,0.0,0.0,0.0,0.0,0,0.0,-0.0,0.0,0.0,0.0,0.0,0.0,0.0,0.0,0,0,0,0.0,0.0,0.0,0.0,0.0,0.0,0.0,0.0,0.0,0.0,0.0,0.0,0.0,0.0,0.0,0.0,0,-107875648.0,0,0.0,0,-107875648.0,0.0,0,26215,17038,52429,17052,13107,17037,0,0,0,110,100,100,0.0,64.1,0.0,64.8,-0.0,68.5,1,49,50,180,0,0,0,0,0.0,0.0,0.0,0.0,5.448018506049408e+25,65.5,0.0,-0.0,0.0,645,0,685,0,0,0,712,0,784,0,706,0,688,0,646,0,640,0,619,0.032,37224448.0,-2.004,-0.0,52880,16789,3.439631181932408e+26,-0.0,-0.0,-4.6497043349809374e+33,-0.0,855780753408.0,29.0,60.0,70,0.0,0.0,0.0,0.0,0.0,0.0,0.0,0.0,0.0,0.0,0.0,0.0,0.0,0.0,0.0,0.0,59.2,68,12,65509,41,65476,0,300,0,0,8,20529,65476,0,0,61604,60.0,0.0,0.0,0.0,0.0,0.0
2026-04-04T11:59:32,ERR,ERR,ERR,ERR,ERR,ERR,ERR,ERR,ERR,ERR,ERR,ERR,ERR,ERR,ERR,ERR,ERR,ERR,ERR,ERR,ERR,ERR,ERR,ERR,ERR,ERR,ERR,ERR,ERR,ERR,ERR,ERR,ERR,ERR,ERR,ERR,ERR,ERR,ERR,ERR,ERR,ERR,ERR,ERR,ERR,ERR,ERR,ERR,ERR,ERR,ERR,ERR,ERR,ERR,ERR,ERR,ERR,ERR,ERR,ERR,ERR,ERR,ERR,ERR,ERR,ERR,ERR,ERR,ERR,ERR,ERR,ERR,ERR,ERR,ERR,ERR,ERR,ERR,ERR,ERR,ERR,ERR,ERR,ERR,ERR,ERR,ERR,ERR,ERR,ERR,ERR,ERR,ERR,ERR,ERR,ERR,ERR,ERR,ERR,ERR,ERR,ERR,ERR,ERR,ERR,ERR,ERR,ERR,ERR,ERR,ERR,ERR,ERR,ERR,ERR,ERR,ERR,ERR,ERR,ERR,ERR,ERR,ERR,ERR,ERR,-107615240.0,0.0,-117832800.0,0.0,0.0,0.0,0.0,nan,0,0,0,32768,0,0.0,0,0.0,0.0,0.0,0.0,0.0,0,0,0,0,0.0,0,0,0,0,0,0,0,0,0,0,0,0,0,0,0,0,0,0,0,0,0,0,0,0,0,0,0,0,0,0,0,0,0,0,0,0,0,0,0,0,0,0,0,0,0.0,0.0,0.0,0.0,0.0,0.0,0.0,0.0,0.0,0.0,0.0,0.0,0.0,0.0,0.0,0.0,0.0,0.0,0.0,0.0,0.0,0.0,2.004,-0.0,0.0,-2.004,0.0,0.0,0.0,0.0,3340.5,-8608104448.0,0.0,-107615240.0,0.0,-107615232.0,-0.0,0.0,0.0,0.0,0.0,0,0.0,-0.0,0.0,0.0,0.0,0.0,0.0,0.0,0.0,0,0,0,0.0,0.0,0.0,0.0,0.0,0.0,0.0,0.0,0.0,0.0,0.0,0.0,0.0,0.0,0.0,0.0,0,-107875648.0,0,0.0,0,-107875648.0,0.0,0,26215,17038,52429,17052,13107,17037,0,0,0,110,100,100,0.0,64.1,0.0,64.8,-0.0,68.5,1,49,50,180,0,0,0,0,0.0,0.0,0.0,0.0,5.448018506049408e+25,65.5,0.0,-0.0,0.0,645,0,685,0,0,0,712,0,784,0,706,0,688,0,646,0,640,0,619,0.032,37224448.0,-2.004,-0.0,52880,16789,3.439631181932408e+26,-0.0,-0.0,-4.6497043349809374e+33,-0.0,855780753408.0,29.0,60.0,70,0.0,0.0,0.0,0.0,0.0,0.0,0.0,0.0,0.0,0.0,0.0,0.0,0.0,0.0,0.0,0.0,59.6,68,12,65509,41,65476,0,300,0,0,8,20529,65476,0,0,61604,60.0,0.0,0.0,0.0,0.0,0.0
2026-04-04T11:59:33,ERR,ERR,ERR,ERR,ERR,ERR,ERR,ERR,ERR,ERR,ERR,ERR,ERR,ERR,ERR,ERR,ERR,ERR,ERR,ERR,ERR,ERR,ERR,ERR,ERR,ERR,ERR,ERR,ERR,ERR,ERR,ERR,ERR,ERR,ERR,ERR,ERR,ERR,ERR,ERR,ERR,ERR,ERR,ERR,ERR,ERR,ERR,ERR,ERR,ERR,ERR,ERR,ERR,ERR,ERR,ERR,ERR,ERR,ERR,ERR,ERR,ERR,ERR,ERR,ERR,ERR,ERR,ERR,ERR,ERR,ERR,ERR,ERR,ERR,ERR,ERR,ERR,ERR,ERR,ERR,ERR,ERR,ERR,ERR,ERR,ERR,ERR,ERR,ERR,ERR,ERR,ERR,ERR,ERR,ERR,ERR,ERR,ERR,ERR,ERR,ERR,ERR,ERR,ERR,ERR,ERR,ERR,ERR,ERR,ERR,ERR,ERR,ERR,ERR,ERR,ERR,ERR,ERR,ERR,ERR,ERR,ERR,ERR,ERR,ERR,-107615240.0,0.0,-117832800.0,0.0,0.0,0.0,0.0,nan,0,0,0,32768,0,0.0,0,0.0,0.0,0.0,0.0,0.0,0,0,0,0,0.0,0,0,0,0,0,0,0,0,0,0,0,0,0,0,0,0,0,0,0,0,0,0,0,0,0,0,0,0,0,0,0,0,0,0,0,0,0,0,0,0,0,0,0,0,0.0,0.0,0.0,0.0,0.0,0.0,0.0,0.0,0.0,0.0,0.0,0.0,0.0,0.0,0.0,0.0,0.0,0.0,0.0,0.0,0.0,0.0,2.004,-0.0,0.0,-2.004,0.0,0.0,0.0,0.0,3340.5,-8608104448.0,0.0,-107615240.0,0.0,-107615232.0,-0.0,0.0,0.0,0.0,0.0,0,0.0,-0.0,0.0,0.0,0.0,0.0,0.0,0.0,0.0,0,0,0,0.0,0.0,0.0,0.0,0.0,0.0,0.0,0.0,0.0,0.0,0.0,0.0,0.0,0.0,0.0,0.0,0,-107875648.0,0,0.0,0,-107875648.0,0.0,0,26215,17038,52429,17052,13107,17037,0,0,0,110,100,100,0.0,64.1,0.0,64.8,-0.0,68.5,1,49,50,180,0,0,0,0,0.0,0.0,0.0,0.0,5.448018506049408e+25,65.5,0.0,-0.0,0.0,645,0,685,0,0,0,712,0,784,0,706,0,688,0,646,0,640,0,619,0.032,37224448.0,-2.004,-0.0,52880,16789,3.439631181932408e+26,-0.0,-0.0,-4.6497043349809374e+33,-0.0,855780753408.0,29.0,60.0,70,0.0,0.0,0.0,0.0,0.0,0.0,0.0,0.0,0.0,0.0,0.0,0.0,0.0,0.0,0.0,0.0,59.6,68,12,65509,41,65476,0,300,0,0,8,20529,65476,0,0,61604,60.0,0.0,0.0,0.0,0.0,0.0
2026-04-04T11:59:34,ERR,ERR,ERR,ERR,ERR,ERR,ERR,ERR,ERR,ERR,ERR,ERR,ERR,ERR,ERR,ERR,ERR,ERR,ERR,ERR,ERR,ERR,ERR,ERR,ERR,ERR,ERR,ERR,ERR,ERR,ERR,ERR,ERR,ERR,ERR,ERR,ERR,ERR,ERR,ERR,ERR,ERR,ERR,ERR,ERR,ERR,ERR,ERR,ERR,ERR,ERR,ERR,ERR,ERR,ERR,ERR,ERR,ERR,ERR,ERR,ERR,ERR,ERR,ERR,ERR,ERR,ERR,ERR,ERR,ERR,ERR,ERR,ERR,ERR,ERR,ERR,ERR,ERR,ERR,ERR,ERR,ERR,ERR,ERR,ERR,ERR,ERR,ERR,ERR,ERR,ERR,ERR,ERR,ERR,ERR,ERR,ERR,ERR,ERR,ERR,ERR,ERR,ERR,ERR,ERR,ERR,ERR,ERR,ERR,ERR,ERR,ERR,ERR,ERR,ERR,ERR,ERR,ERR,ERR,ERR,ERR,ERR,ERR,ERR,ERR,-107615240.0,0.0,-117832800.0,0.0,0.0,0.0,0.0,nan,0,0,0,32768,0,0.0,0,0.0,0.0,0.0,0.0,0.0,0,0,0,0,0.0,0,0,0,0,0,0,0,0,0,0,0,0,0,0,0,0,0,0,0,0,0,0,0,0,0,0,0,0,0,0,0,0,0,0,0,0,0,0,0,0,0,0,0,0,0.0,0.0,0.0,0.0,0.0,0.0,0.0,0.0,0.0,0.0,0.0,0.0,0.0,0.0,0.0,0.0,0.0,0.0,0.0,0.0,0.0,0.0,2.004,-0.0,0.0,-2.004,0.0,0.0,0.0,0.0,3340.5,-8608104448.0,0.0,-107615240.0,0.0,-107615232.0,-0.0,0.0,0.0,0.0,0.0,0,0.0,-0.0,0.0,0.0,0.0,0.0,0.0,0.0,0.0,0,0,0,0.0,0.0,0.0,0.0,0.0,0.0,0.0,0.0,0.0,0.0,0.0,0.0,0.0,0.0,0.0,0.0,0,-107875648.0,0,0.0,0,-107875648.0,0.0,0,26215,17038,52429,17052,13107,17037,0,0,0,110,100,100,0.0,64.1,0.0,64.8,-0.0,68.5,1,49,50,180,0,0,0,0,0.0,0.0,0.0,0.0,5.448018506049408e+25,65.5,0.0,-0.0,0.0,645,0,685,0,0,0,712,0,784,0,706,0,688,0,646,0,640,0,619,0.032,37224448.0,-2.004,-0.0,52880,16789,3.439631181932408e+26,-0.0,-0.0,-4.6497043349809374e+33,-0.0,855780753408.0,29.0,60.0,70,0.0,0.0,0.0,0.0,0.0,0.0,0.0,0.0,0.0,0.0,0.0,0.0,0.0,0.0,0.0,0.0,59.6,68,12,65509,41,65476,0,300,0,0,8,20529,65476,0,0,61604,60.0,0.0,0.0,0.0,0.0,0.0
2026-04-04T11:59:35,ERR,ERR,ERR,ERR,ERR,ERR,ERR,ERR,ERR,ERR,ERR,ERR,ERR,ERR,ERR,ERR,ERR,ERR,ERR,ERR,ERR,ERR,ERR,ERR,ERR,ERR,ERR,ERR,ERR,ERR,ERR,ERR,ERR,ERR,ERR,ERR,ERR,ERR,ERR,ERR,ERR,ERR,ERR,ERR,ERR,ERR,ERR,ERR,ERR,ERR,ERR,ERR,ERR,ERR,ERR,ERR,ERR,ERR,ERR,ERR,ERR,ERR,ERR,ERR,ERR,ERR,ERR,ERR,ERR,ERR,ERR,ERR,ERR,ERR,ERR,ERR,ERR,ERR,ERR,ERR,ERR,ERR,ERR,ERR,ERR,ERR,ERR,ERR,ERR,ERR,ERR,ERR,ERR,ERR,ERR,ERR,ERR,ERR,ERR,ERR,ERR,ERR,ERR,ERR,ERR,ERR,ERR,ERR,ERR,ERR,ERR,ERR,ERR,ERR,ERR,ERR,ERR,ERR,ERR,ERR,ERR,ERR,ERR,ERR,ERR,-107615240.0,0.0,-117832800.0,0.0,0.0,0.0,0.0,nan,0,0,0,32768,0,0.0,0,0.0,0.0,0.0,0.0,0.0,0,0,0,0,0.0,0,0,0,0,0,0,0,0,0,0,0,0,0,0,0,0,0,0,0,0,0,0,0,0,0,0,0,0,0,0,0,0,0,0,0,0,0,0,0,0,0,0,0,0,0.0,0.0,0.0,0.0,0.0,0.0,0.0,0.0,0.0,0.0,0.0,0.0,0.0,0.0,0.0,0.0,0.0,0.0,0.0,0.0,0.0,0.0,2.004,-0.0,0.0,-2.004,0.0,0.0,0.0,0.0,3340.5,-8608104448.0,0.0,-107615240.0,0.0,-107615232.0,-0.0,0.0,0.0,0.0,0.0,0,0.0,-0.0,0.0,0.0,0.0,0.0,0.0,0.0,0.0,0,0,0,0.0,0.0,0.0,0.0,0.0,0.0,0.0,0.0,0.0,0.0,0.0,0.0,0.0,0.0,0.0,0.0,0,-107875648.0,0,0.0,0,-107875648.0,0.0,0,26215,17038,52429,17052,13107,17037,0,0,0,110,100,100,0.0,64.1,0.0,64.8,-0.0,68.5,1,49,50,180,0,0,0,0,0.0,0.0,0.0,0.0,5.448018506049408e+25,65.5,0.0,-0.0,0.0,645,0,685,0,0,0,712,0,784,0,706,0,688,0,646,0,640,0,619,0.032,37224448.0,-2.004,-0.0,52880,16789,3.439631181932408e+26,-0.0,-0.0,-4.6497043349809374e+33,-0.0,855780753408.0,29.0,60.0,70,0.0,0.0,0.0,0.0,0.0,0.0,0.0,0.0,0.0,0.0,0.0,0.0,0.0,0.0,0.0,0.0,59.2,68,12,65509,41,65476,0,300,0,0,8,20529,65476,0,0,61604,60.0,0.0,0.0,0.0,0.0,0.0
2026-04-04T11:59:36,ERR,ERR,ERR,ERR,ERR,ERR,ERR,ERR,ERR,ERR,ERR,ERR,ERR,ERR,ERR,ERR,ERR,ERR,ERR,ERR,ERR,ERR,ERR,ERR,ERR,ERR,ERR,ERR,ERR,ERR,ERR,ERR,ERR,ERR,ERR,ERR,ERR,ERR,ERR,ERR,ERR,ERR,ERR,ERR,ERR,ERR,ERR,ERR,ERR,ERR,ERR,ERR,ERR,ERR,ERR,ERR,ERR,ERR,ERR,ERR,ERR,ERR,ERR,ERR,ERR,ERR,ERR,ERR,ERR,ERR,ERR,ERR,ERR,ERR,ERR,ERR,ERR,ERR,ERR,ERR,ERR,ERR,ERR,ERR,ERR,ERR,ERR,ERR,ERR,ERR,ERR,ERR,ERR,ERR,ERR,ERR,ERR,ERR,ERR,ERR,ERR,ERR,ERR,ERR,ERR,ERR,ERR,ERR,ERR,ERR,ERR,ERR,ERR,ERR,ERR,ERR,ERR,ERR,ERR,ERR,ERR,ERR,ERR,ERR,ERR,-107615240.0,0.0,-117832800.0,0.0,0.0,0.0,0.0,nan,0,0,0,32768,0,0.0,0,0.0,0.0,0.0,0.0,0.0,0,0,0,0,0.0,0,0,0,0,0,0,0,0,0,0,0,0,0,0,0,0,0,0,0,0,0,0,0,0,0,0,0,0,0,0,0,0,0,0,0,0,0,0,0,0,0,0,0,0,0.0,0.0,0.0,0.0,0.0,0.0,0.0,0.0,0.0,0.0,0.0,0.0,0.0,0.0,0.0,0.0,0.0,0.0,0.0,0.0,0.0,0.0,2.004,-0.0,0.0,-2.004,0.0,0.0,0.0,0.0,3340.5,-8608104448.0,0.0,-107615240.0,0.0,-107615232.0,-0.0,0.0,0.0,0.0,0.0,0,0.0,-0.0,0.0,0.0,0.0,0.0,0.0,0.0,0.0,0,0,0,0.0,0.0,0.0,0.0,0.0,0.0,0.0,0.0,0.0,0.0,0.0,0.0,0.0,0.0,0.0,0.0,0,-107875648.0,0,0.0,0,-107875648.0,0.0,0,26215,17038,52429,17052,13107,17037,0,0,0,110,100,100,0.0,64.1,0.0,64.8,-0.0,68.5,1,49,50,180,0,0,0,0,0.0,0.0,0.0,0.0,5.448018506049408e+25,65.5,0.0,-0.0,0.0,645,0,685,0,0,0,712,0,784,0,706,0,688,0,646,0,640,0,619,0.032,37224448.0,-2.004,-0.0,52880,16789,3.439631181932408e+26,-0.0,-0.0,-4.6497043349809374e+33,-0.0,855780753408.0,29.0,60.0,70,0.0,0.0,0.0,0.0,0.0,0.0,0.0,0.0,0.0,0.0,0.0,0.0,0.0,0.0,0.0,0.0,59.2,68,12,65509,41,65476,0,300,0,0,8,20529,65476,0,0,61604,60.0,0.0,0.0,0.0,0.0,0.0
2026-04-04T11:59:37,ERR,ERR,ERR,ERR,ERR,ERR,ERR,ERR,ERR,ERR,ERR,ERR,ERR,ERR,ERR,ERR,ERR,ERR,ERR,ERR,ERR,ERR,ERR,ERR,ERR,ERR,ERR,ERR,ERR,ERR,ERR,ERR,ERR,ERR,ERR,ERR,ERR,ERR,ERR,ERR,ERR,ERR,ERR,ERR,ERR,ERR,ERR,ERR,ERR,ERR,ERR,ERR,ERR,ERR,ERR,ERR,ERR,ERR,ERR,ERR,ERR,ERR,ERR,ERR,ERR,ERR,ERR,ERR,ERR,ERR,ERR,ERR,ERR,ERR,ERR,ERR,ERR,ERR,ERR,ERR,ERR,ERR,ERR,ERR,ERR,ERR,ERR,ERR,ERR,ERR,ERR,ERR,ERR,ERR,ERR,ERR,ERR,ERR,ERR,ERR,ERR,ERR,ERR,ERR,ERR,ERR,ERR,ERR,ERR,ERR,ERR,ERR,ERR,ERR,ERR,ERR,ERR,ERR,ERR,ERR,ERR,ERR,ERR,ERR,ERR,-107615240.0,0.0,-117832800.0,0.0,0.0,0.0,0.0,nan,0,0,0,32768,0,0.0,0,0.0,0.0,0.0,0.0,0.0,0,0,0,0,0.0,0,0,0,0,0,0,0,0,0,0,0,0,0,0,0,0,0,0,0,0,0,0,0,0,0,0,0,0,0,0,0,0,0,0,0,0,0,0,0,0,0,0,0,0,0.0,0.0,0.0,0.0,0.0,0.0,0.0,0.0,0.0,0.0,0.0,0.0,0.0,0.0,0.0,0.0,0.0,0.0,0.0,0.0,0.0,0.0,2.004,-0.0,0.0,-2.004,0.0,0.0,0.0,0.0,3340.5,-8608104448.0,0.0,-107615240.0,0.0,-107615232.0,-0.0,0.0,0.0,0.0,0.0,0,0.0,-0.0,0.0,0.0,0.0,0.0,0.0,0.0,0.0,0,0,0,0.0,0.0,0.0,0.0,0.0,0.0,0.0,0.0,0.0,0.0,0.0,0.0,0.0,0.0,0.0,0.0,0,-107875648.0,0,0.0,0,-107875648.0,0.0,0,26215,17038,52429,17052,13107,17037,0,0,0,110,100,100,0.0,64.1,0.0,64.8,-0.0,68.5,1,49,50,180,0,0,0,0,0.0,0.0,0.0,0.0,8.800387164870279e+18,65.5,0.0,-2.557285430990917e+36,0.0,645,0,685,0,0,0,712,0,784,0,706,0,688,0,646,0,640,0,619,0.032,36700160.0,-2.004,-0.0,43664,16789,3.992164999006787e+22,-2.557285430990917e+36,-0.0,1.3756494405289903e+29,-0.0,4.062052144669431e+28,29.0,60.0,70,0.0,0.0,0.0,0.0,0.0,0.0,0.0,0.0,0.0,0.0,0.0,0.0,0.0,0.0,0.0,0.0,59.2,68,12,65509,41,65476,0,300,0,0,8,20529,65476,0,0,61604,60.0,0.0,0.0,0.0,0.0,0.0
2026-04-04T11:59:38,ERR,ERR,ERR,ERR,ERR,ERR,ERR,ERR,ERR,ERR,ERR,ERR,ERR,ERR,ERR,ERR,ERR,ERR,ERR,ERR,ERR,ERR,ERR,ERR,ERR,ERR,ERR,ERR,ERR,ERR,ERR,ERR,ERR,ERR,ERR,ERR,ERR,ERR,ERR,ERR,ERR,ERR,ERR,ERR,ERR,ERR,ERR,ERR,ERR,ERR,ERR,ERR,ERR,ERR,ERR,ERR,ERR,ERR,ERR,ERR,ERR,ERR,ERR,ERR,ERR,ERR,ERR,ERR,ERR,ERR,ERR,ERR,ERR,ERR,ERR,ERR,ERR,ERR,ERR,ERR,ERR,ERR,ERR,ERR,ERR,ERR,ERR,ERR,ERR,ERR,ERR,ERR,ERR,ERR,ERR,ERR,ERR,ERR,ERR,ERR,ERR,ERR,ERR,ERR,ERR,ERR,ERR,ERR,ERR,ERR,ERR,ERR,ERR,ERR,ERR,ERR,ERR,ERR,ERR,ERR,ERR,ERR,ERR,ERR,ERR,-107615240.0,0.0,-117832800.0,0.0,0.0,0.0,0.0,nan,0,0,0,32768,0,0.0,0,0.0,0.0,0.0,0.0,0.0,0,0,0,0,0.0,0,0,0,0,0,0,0,0,0,0,0,0,0,0,0,0,0,0,0,0,0,0,0,0,0,0,0,0,0,0,0,0,0,0,0,0,0,0,0,0,0,0,0,0,0.0,0.0,0.0,0.0,0.0,0.0,0.0,0.0,0.0,0.0,0.0,0.0,0.0,0.0,0.0,0.0,0.0,0.0,0.0,0.0,0.0,0.0,2.004,-0.0,0.0,-2.004,0.0,0.0,0.0,0.0,3340.5,-8608104448.0,0.0,-107615240.0,0.0,-107615232.0,-0.0,0.0,0.0,0.0,0.0,0,0.0,-0.0,0.0,0.0,0.0,0.0,0.0,0.0,0.0,0,0,0,0.0,0.0,0.0,0.0,0.0,0.0,0.0,0.0,0.0,0.0,0.0,0.0,0.0,0.0,0.0,0.0,0,-107875648.0,0,0.0,0,-107875648.0,0.0,0,26215,17038,52429,17052,13107,17037,0,0,0,110,100,100,0.0,64.1,0.0,64.8,-0.0,68.5,1,49,50,180,0,0,0,0,0.0,0.0,0.0,0.0,8.800387164870279e+18,65.5,0.0,-2.557285430990917e+36,0.0,645,0,685,0,0,0,712,0,784,0,706,0,688,0,646,0,640,0,619,0.032,36700160.0,-2.004,-0.0,43664,16789,3.992164999006787e+22,-2.557285430990917e+36,-0.0,1.3756494405289903e+29,-0.0,4.062052144669431e+28,29.0,60.0,70,0.0,0.0,0.0,0.0,0.0,0.0,0.0,0.0,0.0,0.0,0.0,0.0,0.0,0.0,0.0,0.0,59.6,68,12,65509,41,65476,0,300,0,0,8,20529,65476,0,0,61604,60.0,0.0,0.0,0.0,0.0,0.0
2026-04-04T11:59:39,ERR,ERR,ERR,ERR,ERR,ERR,ERR,ERR,ERR,ERR,ERR,ERR,ERR,ERR,ERR,ERR,ERR,ERR,ERR,ERR,ERR,ERR,ERR,ERR,ERR,ERR,ERR,ERR,ERR,ERR,ERR,ERR,ERR,ERR,ERR,ERR,ERR,ERR,ERR,ERR,ERR,ERR,ERR,ERR,ERR,ERR,ERR,ERR,ERR,ERR,ERR,ERR,ERR,ERR,ERR,ERR,ERR,ERR,ERR,ERR,ERR,ERR,ERR,ERR,ERR,ERR,ERR,ERR,ERR,ERR,ERR,ERR,ERR,ERR,ERR,ERR,ERR,ERR,ERR,ERR,ERR,ERR,ERR,ERR,ERR,ERR,ERR,ERR,ERR,ERR,ERR,ERR,ERR,ERR,ERR,ERR,ERR,ERR,ERR,ERR,ERR,ERR,ERR,ERR,ERR,ERR,ERR,ERR,ERR,ERR,ERR,ERR,ERR,ERR,ERR,ERR,ERR,ERR,ERR,ERR,ERR,ERR,ERR,ERR,ERR,-107615240.0,0.0,-117832800.0,0.0,0.0,0.0,0.0,nan,0,0,0,32768,0,0.0,0,0.0,0.0,0.0,0.0,0.0,0,0,0,0,0.0,0,0,0,0,0,0,0,0,0,0,0,0,0,0,0,0,0,0,0,0,0,0,0,0,0,0,0,0,0,0,0,0,0,0,0,0,0,0,0,0,0,0,0,0,0.0,0.0,0.0,0.0,0.0,0.0,0.0,0.0,0.0,0.0,0.0,0.0,0.0,0.0,0.0,0.0,0.0,0.0,0.0,0.0,0.0,0.0,2.004,-0.0,0.0,-2.004,0.0,0.0,0.0,0.0,3341.0,-8608104448.0,0.0,-107615240.0,0.0,-107615232.0,-0.0,0.0,0.0,0.0,0.0,0,0.0,-0.0,0.0,0.0,0.0,0.0,0.0,0.0,0.0,0,0,0,0.0,0.0,0.0,0.0,0.0,0.0,0.0,0.0,0.0,0.0,0.0,0.0,0.0,0.0,0.0,0.0,0,-107875648.0,0,0.0,0,-107875648.0,0.0,0,26215,17038,52429,17052,13107,17037,0,0,0,110,100,100,0.0,64.1,0.0,64.8,-0.0,68.5,1,49,50,180,0,0,0,0,0.0,0.0,0.0,0.0,8.800387164870279e+18,65.5,0.0,-2.557285430990917e+36,0.0,645,0,685,0,0,0,712,0,784,0,706,0,688,0,646,0,640,0,619,0.032,36700160.0,-2.004,-0.0,43664,16789,3.992164999006787e+22,-2.557285430990917e+36,-0.0,1.3756494405289903e+29,-0.0,4.062052144669431e+28,29.0,60.0,70,0.0,0.0,0.0,0.0,0.0,0.0,0.0,0.0,0.0,0.0,0.0,0.0,0.0,0.0,0.0,0.0,59.6,68,12,65509,41,65476,0,300,0,0,8,20529,65476,0,0,61604,60.0,0.0,0.0,0.0,0.0,0.0
2026-04-04T11:59:40,ERR,ERR,ERR,ERR,ERR,ERR,ERR,ERR,ERR,ERR,ERR,ERR,ERR,ERR,ERR,ERR,ERR,ERR,ERR,ERR,ERR,ERR,ERR,ERR,ERR,ERR,ERR,ERR,ERR,ERR,ERR,ERR,ERR,ERR,ERR,ERR,ERR,ERR,ERR,ERR,ERR,ERR,ERR,ERR,ERR,ERR,ERR,ERR,ERR,ERR,ERR,ERR,ERR,ERR,ERR,ERR,ERR,ERR,ERR,ERR,ERR,ERR,ERR,ERR,ERR,ERR,ERR,ERR,ERR,ERR,ERR,ERR,ERR,ERR,ERR,ERR,ERR,ERR,ERR,ERR,ERR,ERR,ERR,ERR,ERR,ERR,ERR,ERR,ERR,ERR,ERR,ERR,ERR,ERR,ERR,ERR,ERR,ERR,ERR,ERR,ERR,ERR,ERR,ERR,ERR,ERR,ERR,ERR,ERR,ERR,ERR,ERR,ERR,ERR,ERR,ERR,ERR,ERR,ERR,ERR,ERR,ERR,ERR,ERR,ERR,-107615240.0,0.0,-117832800.0,0.0,0.0,0.0,0.0,nan,0,0,0,32768,0,0.0,0,0.0,0.0,0.0,0.0,0.0,0,0,0,0,0.0,0,0,0,0,0,0,0,0,0,0,0,0,0,0,0,0,0,0,0,0,0,0,0,0,0,0,0,0,0,0,0,0,0,0,0,0,0,0,0,0,0,0,0,0,0.0,0.0,0.0,0.0,0.0,0.0,0.0,0.0,0.0,0.0,0.0,0.0,0.0,0.0,0.0,0.0,0.0,0.0,0.0,0.0,0.0,0.0,2.004,-0.0,0.0,-2.004,0.0,0.0,0.0,0.0,3341.0,-8608104448.0,0.0,-107615240.0,0.0,-107615232.0,-0.0,0.0,0.0,0.0,0.0,0,0.0,-0.0,0.0,0.0,0.0,0.0,0.0,0.0,0.0,0,0,0,0.0,0.0,0.0,0.0,0.0,0.0,0.0,0.0,0.0,0.0,0.0,0.0,0.0,0.0,0.0,0.0,0,-107875648.0,0,0.0,0,-107875648.0,0.0,0,26215,17038,52429,17052,13107,17037,0,0,0,110,100,100,0.0,64.1,0.0,64.8,-0.0,68.5,1,49,50,180,0,0,0,0,0.0,0.0,0.0,0.0,8.800387164870279e+18,65.5,0.0,-2.557285430990917e+36,0.0,645,0,685,0,0,0,712,0,784,0,706,0,688,0,646,0,640,0,619,0.032,36700160.0,-2.004,-0.0,43664,16789,3.992164999006787e+22,-2.557285430990917e+36,-0.0,1.3756494405289903e+29,-0.0,4.062052144669431e+28,29.0,60.0,70,0.0,0.0,0.0,0.0,0.0,0.0,0.0,0.0,0.0,0.0,0.0,0.0,0.0,0.0,0.0,0.0,59.2,68,12,65509,41,65476,0,300,0,0,8,20529,65476,0,0,61604,60.0,0.0,0.0,0.0,0.0,0.0
2026-04-04T11:59:41,ERR,ERR,ERR,ERR,ERR,ERR,ERR,ERR,ERR,ERR,ERR,ERR,ERR,ERR,ERR,ERR,ERR,ERR,ERR,ERR,ERR,ERR,ERR,ERR,ERR,ERR,ERR,ERR,ERR,ERR,ERR,ERR,ERR,ERR,ERR,ERR,ERR,ERR,ERR,ERR,ERR,ERR,ERR,ERR,ERR,ERR,ERR,ERR,ERR,ERR,ERR,ERR,ERR,ERR,ERR,ERR,ERR,ERR,ERR,ERR,ERR,ERR,ERR,ERR,ERR,ERR,ERR,ERR,ERR,ERR,ERR,ERR,ERR,ERR,ERR,ERR,ERR,ERR,ERR,ERR,ERR,ERR,ERR,ERR,ERR,ERR,ERR,ERR,ERR,ERR,ERR,ERR,ERR,ERR,ERR,ERR,ERR,ERR,ERR,ERR,ERR,ERR,ERR,ERR,ERR,ERR,ERR,ERR,ERR,ERR,ERR,ERR,ERR,ERR,ERR,ERR,ERR,ERR,ERR,ERR,ERR,ERR,ERR,ERR,ERR,-107615240.0,0.0,-117832800.0,0.0,0.0,0.0,0.0,nan,0,0,0,32768,0,0.0,0,0.0,0.0,0.0,0.0,0.0,0,0,0,0,0.0,0,0,0,0,0,0,0,0,0,0,0,0,0,0,0,0,0,0,0,0,0,0,0,0,0,0,0,0,0,0,0,0,0,0,0,0,0,0,0,0,0,0,0,0,0.0,0.0,0.0,0.0,0.0,0.0,0.0,0.0,0.0,0.0,0.0,0.0,0.0,0.0,0.0,0.0,0.0,0.0,0.0,0.0,0.0,0.0,2.004,-0.0,0.0,-2.004,0.0,0.0,0.0,0.0,3341.0,-8608104448.0,0.0,-107615240.0,0.0,-107615232.0,-0.0,0.0,0.0,0.0,0.0,0,0.0,-0.0,0.0,0.0,0.0,0.0,0.0,0.0,0.0,0,0,0,0.0,0.0,0.0,0.0,0.0,0.0,0.0,0.0,0.0,0.0,0.0,0.0,0.0,0.0,0.0,0.0,0,-107875648.0,0,0.0,0,-107875648.0,0.0,0,26215,17038,52429,17052,13107,17037,0,0,0,110,100,100,0.0,64.1,0.0,64.8,-0.0,68.5,1,49,50,180,0,0,0,0,0.0,0.0,0.0,0.0,8.800387164870279e+18,65.5,0.0,-2.557285430990917e+36,0.0,645,0,685,0,0,0,712,0,784,0,706,0,688,0,646,0,640,0,619,0.032,36700160.0,-2.004,-0.0,43664,16789,3.992164999006787e+22,-2.557285430990917e+36,-0.0,1.3756494405289903e+29,-0.0,4.062052144669431e+28,29.0,60.0,70,0.0,0.0,0.0,0.0,0.0,0.0,0.0,0.0,0.0,0.0,0.0,0.0,0.0,0.0,0.0,0.0,59.2,68,12,65509,41,65476,0,300,0,0,8,20529,65476,0,0,61604,60.0,0.0,0.0,0.0,0.0,0.0
2026-04-04T11:59:42,ERR,ERR,ERR,ERR,ERR,ERR,ERR,ERR,ERR,ERR,ERR,ERR,ERR,ERR,ERR,ERR,ERR,ERR,ERR,ERR,ERR,ERR,ERR,ERR,ERR,ERR,ERR,ERR,ERR,ERR,ERR,ERR,ERR,ERR,ERR,ERR,ERR,ERR,ERR,ERR,ERR,ERR,ERR,ERR,ERR,ERR,ERR,ERR,ERR,ERR,ERR,ERR,ERR,ERR,ERR,ERR,ERR,ERR,ERR,ERR,ERR,ERR,ERR,ERR,ERR,ERR,ERR,ERR,ERR,ERR,ERR,ERR,ERR,ERR,ERR,ERR,ERR,ERR,ERR,ERR,ERR,ERR,ERR,ERR,ERR,ERR,ERR,ERR,ERR,ERR,ERR,ERR,ERR,ERR,ERR,ERR,ERR,ERR,ERR,ERR,ERR,ERR,ERR,ERR,ERR,ERR,ERR,ERR,ERR,ERR,ERR,ERR,ERR,ERR,ERR,ERR,ERR,ERR,ERR,ERR,ERR,ERR,ERR,ERR,ERR,-107615240.0,0.0,-117832800.0,0.0,0.0,0.0,0.0,nan,0,0,0,32768,0,0.0,0,0.0,0.0,0.0,0.0,0.0,0,0,0,0,0.0,0,0,0,0,0,0,0,0,0,0,0,0,0,0,0,0,0,0,0,0,0,0,0,0,0,0,0,0,0,0,0,0,0,0,0,0,0,0,0,0,0,0,0,0,0.0,0.0,0.0,0.0,0.0,0.0,0.0,0.0,0.0,0.0,0.0,0.0,0.0,0.0,0.0,0.0,0.0,0.0,0.0,0.0,0.0,0.0,2.004,-0.0,0.0,-2.004,0.0,0.0,0.0,0.0,3341.0,-8608104448.0,0.0,-107615240.0,0.0,-107615232.0,-0.0,0.0,0.0,0.0,0.0,0,0.0,-0.0,0.0,0.0,0.0,0.0,0.0,0.0,0.0,0,0,0,0.0,0.0,0.0,0.0,0.0,0.0,0.0,0.0,0.0,0.0,0.0,0.0,0.0,0.0,0.0,0.0,0,-107875648.0,0,0.0,0,-107875648.0,0.0,0,26215,17038,52429,17052,13107,17037,0,0,0,110,100,100,0.0,64.1,0.0,64.8,-0.0,68.5,1,49,50,180,0,0,0,0,0.0,0.0,0.0,0.0,8.800387164870279e+18,65.5,0.0,-2.557285430990917e+36,0.0,645,0,685,0,0,0,712,0,784,0,706,0,688,0,646,0,640,0,619,0.032,36700160.0,-2.004,-0.0,43664,16789,3.992164999006787e+22,-2.557285430990917e+36,-0.0,1.3756494405289903e+29,-0.0,4.062052144669431e+28,29.0,60.0,70,0.0,0.0,0.0,0.0,0.0,0.0,0.0,0.0,0.0,0.0,0.0,0.0,0.0,0.0,0.0,0.0,59.2,68,12,65509,41,65476,0,300,0,0,8,20529,65476,0,0,61604,60.0,0.0,0.0,0.0,0.0,0.0
2026-04-04T11:59:43,ERR,ERR,ERR,ERR,ERR,ERR,ERR,ERR,ERR,ERR,ERR,ERR,ERR,ERR,ERR,ERR,ERR,ERR,ERR,ERR,ERR,ERR,ERR,ERR,ERR,ERR,ERR,ERR,ERR,ERR,ERR,ERR,ERR,ERR,ERR,ERR,ERR,ERR,ERR,ERR,ERR,ERR,ERR,ERR,ERR,ERR,ERR,ERR,ERR,ERR,ERR,ERR,ERR,ERR,ERR,ERR,ERR,ERR,ERR,ERR,ERR,ERR,ERR,ERR,ERR,ERR,ERR,ERR,ERR,ERR,ERR,ERR,ERR,ERR,ERR,ERR,ERR,ERR,ERR,ERR,ERR,ERR,ERR,ERR,ERR,ERR,ERR,ERR,ERR,ERR,ERR,ERR,ERR,ERR,ERR,ERR,ERR,ERR,ERR,ERR,ERR,ERR,ERR,ERR,ERR,ERR,ERR,ERR,ERR,ERR,ERR,ERR,ERR,ERR,ERR,ERR,ERR,ERR,ERR,ERR,ERR,ERR,ERR,ERR,ERR,-107615240.0,0.0,-117832800.0,0.0,0.0,0.0,0.0,nan,0,0,0,32768,0,0.0,0,0.0,0.0,0.0,0.0,0.0,0,0,0,0,0.0,0,0,0,0,0,0,0,0,0,0,0,0,0,0,0,0,0,0,0,0,0,0,0,0,0,0,0,0,0,0,0,0,0,0,0,0,0,0,0,0,0,0,0,0,0.0,0.0,0.0,0.0,0.0,0.0,0.0,0.0,0.0,0.0,0.0,0.0,0.0,0.0,0.0,0.0,0.0,0.0,0.0,0.0,0.0,0.0,2.004,-0.0,0.0,-2.004,0.0,0.0,0.0,0.0,3341.0,-8608104448.0,0.0,-107615240.0,0.0,-107615232.0,-0.0,0.0,0.0,0.0,0.0,0,0.0,-0.0,0.0,0.0,0.0,0.0,0.0,0.0,0.0,0,0,0,0.0,0.0,0.0,0.0,0.0,0.0,0.0,0.0,0.0,0.0,0.0,0.0,0.0,0.0,0.0,0.0,0,-107875648.0,0,0.0,0,-107875648.0,0.0,0,26215,17038,52429,17052,13107,17037,0,0,0,110,100,100,0.0,64.1,0.0,64.8,-0.0,68.5,1,49,50,180,0,0,0,0,0.0,0.0,0.0,0.0,1.9362915047360022e+28,65.5,0.0,6.353284289326901e+22,0.0,645,0,685,0,0,0,712,0,784,0,706,0,688,0,646,0,640,0,620,0.032,36438016.0,0.0,0.0,59792,16789,2.091722989807236e+33,6.353284289326901e+22,0.0,-0.0,-3.801654610275287e+24,-10016131072.0,29.0,60.0,70,0.0,0.0,0.0,0.0,0.0,0.0,0.0,0.0,0.0,0.0,0.0,0.0,0.0,0.0,0.0,0.0,59.2,68,12,65509,41,65476,0,300,0,0,8,20529,65476,0,0,61604,60.0,0.0,0.0,0.0,0.0,0.0
2026-04-04T11:59:44,ERR,ERR,ERR,ERR,ERR,ERR,ERR,ERR,ERR,ERR,ERR,ERR,ERR,ERR,ERR,ERR,ERR,ERR,ERR,ERR,ERR,ERR,ERR,ERR,ERR,ERR,ERR,ERR,ERR,ERR,ERR,ERR,ERR,ERR,ERR,ERR,ERR,ERR,ERR,ERR,ERR,ERR,ERR,ERR,ERR,ERR,ERR,ERR,ERR,ERR,ERR,ERR,ERR,ERR,ERR,ERR,ERR,ERR,ERR,ERR,ERR,ERR,ERR,ERR,ERR,ERR,ERR,ERR,ERR,ERR,ERR,ERR,ERR,ERR,ERR,ERR,ERR,ERR,ERR,ERR,ERR,ERR,ERR,ERR,ERR,ERR,ERR,ERR,ERR,ERR,ERR,ERR,ERR,ERR,ERR,ERR,ERR,ERR,ERR,ERR,ERR,ERR,ERR,ERR,ERR,ERR,ERR,ERR,ERR,ERR,ERR,ERR,ERR,ERR,ERR,ERR,ERR,ERR,ERR,ERR,ERR,ERR,ERR,ERR,ERR,-107615240.0,0.0,-117832800.0,0.0,0.0,0.0,0.0,nan,0,0,0,32768,0,0.0,0,0.0,0.0,0.0,0.0,0.0,0,0,0,0,0.0,0,0,0,0,0,0,0,0,0,0,0,0,0,0,0,0,0,0,0,0,0,0,0,0,0,0,0,0,0,0,0,0,0,0,0,0,0,0,0,0,0,0,0,0,0.0,0.0,0.0,0.0,0.0,0.0,0.0,0.0,0.0,0.0,0.0,0.0,0.0,0.0,0.0,0.0,0.0,0.0,0.0,0.0,0.0,0.0,2.004,-0.0,0.0,-2.004,0.0,0.0,0.0,0.0,3341.0,-8608104448.0,0.0,-107615240.0,0.0,-107615232.0,-0.0,0.0,0.0,0.0,0.0,0,0.0,-0.0,0.0,0.0,0.0,0.0,0.0,0.0,0.0,0,0,0,0.0,0.0,0.0,0.0,0.0,0.0,0.0,0.0,0.0,0.0,0.0,0.0,0.0,0.0,0.0,0.0,0,-107875648.0,0,0.0,0,-107875648.0,0.0,0,26215,17038,52429,17052,13107,17037,0,0,0,110,100,100,0.0,64.1,0.0,64.8,-0.0,68.5,1,49,50,180,0,0,0,0,0.0,0.0,0.0,0.0,1.9362915047360022e+28,65.5,0.0,6.353284289326901e+22,0.0,645,0,685,0,0,0,712,0,784,0,706,0,688,0,646,0,640,0,620,0.032,36438016.0,0.0,0.0,59792,16789,2.091722989807236e+33,6.353284289326901e+22,0.0,-0.0,-3.801654610275287e+24,-10016131072.0,29.0,60.0,70,0.0,0.0,0.0,0.0,0.0,0.0,0.0,0.0,0.0,0.0,0.0,0.0,0.0,0.0,0.0,0.0,59.2,68,12,65509,41,65476,0,300,0,0,8,20529,65476,0,0,61604,60.0,0.0,0.0,0.0,0.0,0.0
2026-04-04T11:59:45,ERR,ERR,ERR,ERR,ERR,ERR,ERR,ERR,ERR,ERR,ERR,ERR,ERR,ERR,ERR,ERR,ERR,ERR,ERR,ERR,ERR,ERR,ERR,ERR,ERR,ERR,ERR,ERR,ERR,ERR,ERR,ERR,ERR,ERR,ERR,ERR,ERR,ERR,ERR,ERR,ERR,ERR,ERR,ERR,ERR,ERR,ERR,ERR,ERR,ERR,ERR,ERR,ERR,ERR,ERR,ERR,ERR,ERR,ERR,ERR,ERR,ERR,ERR,ERR,ERR,ERR,ERR,ERR,ERR,ERR,ERR,ERR,ERR,ERR,ERR,ERR,ERR,ERR,ERR,ERR,ERR,ERR,ERR,ERR,ERR,ERR,ERR,ERR,ERR,ERR,ERR,ERR,ERR,ERR,ERR,ERR,ERR,ERR,ERR,ERR,ERR,ERR,ERR,ERR,ERR,ERR,ERR,ERR,ERR,ERR,ERR,ERR,ERR,ERR,ERR,ERR,ERR,ERR,ERR,ERR,ERR,ERR,ERR,ERR,ERR,-107615240.0,0.0,-117832800.0,0.0,0.0,0.0,0.0,nan,0,0,0,32768,0,0.0,0,0.0,0.0,0.0,0.0,0.0,0,0,0,0,0.0,0,0,0,0,0,0,0,0,0,0,0,0,0,0,0,0,0,0,0,0,0,0,0,0,0,0,0,0,0,0,0,0,0,0,0,0,0,0,0,0,0,0,0,0,0.0,0.0,0.0,0.0,0.0,0.0,0.0,0.0,0.0,0.0,0.0,0.0,0.0,0.0,0.0,0.0,0.0,0.0,0.0,0.0,0.0,0.0,2.004,-0.0,0.0,-2.004,0.0,0.0,0.0,0.0,3341.0,-8608104448.0,0.0,-107615240.0,0.0,-107615232.0,-0.0,0.0,0.0,0.0,0.0,0,0.0,-0.0,0.0,0.0,0.0,0.0,0.0,0.0,0.0,0,0,0,0.0,0.0,0.0,0.0,0.0,0.0,0.0,0.0,0.0,0.0,0.0,0.0,0.0,0.0,0.0,0.0,0,-107875648.0,0,0.0,0,-107875648.0,0.0,0,26215,17038,52429,17052,13107,17037,0,0,0,110,100,100,0.0,64.1,0.0,64.8,-0.0,68.5,1,49,50,180,0,0,0,0,0.0,0.0,0.0,0.0,1.9362915047360022e+28,65.5,0.0,6.353284289326901e+22,0.0,645,0,685,0,0,0,712,0,784,0,706,0,688,0,646,0,640,0,620,0.032,36438016.0,0.0,0.0,59792,16789,2.091722989807236e+33,6.353284289326901e+22,0.0,-0.0,-3.801654610275287e+24,-10016131072.0,29.0,60.0,70,0.0,0.0,0.0,0.0,0.0,0.0,0.0,0.0,0.0,0.0,0.0,0.0,0.0,0.0,0.0,0.0,59.2,68,12,65509,41,65476,0,300,0,0,8,20529,65476,0,0,61604,60.0,0.0,0.0,0.0,0.0,0.0
2026-04-04T11:59:46,ERR,ERR,ERR,ERR,ERR,ERR,ERR,ERR,ERR,ERR,ERR,ERR,ERR,ERR,ERR,ERR,ERR,ERR,ERR,ERR,ERR,ERR,ERR,ERR,ERR,ERR,ERR,ERR,ERR,ERR,ERR,ERR,ERR,ERR,ERR,ERR,ERR,ERR,ERR,ERR,ERR,ERR,ERR,ERR,ERR,ERR,ERR,ERR,ERR,ERR,ERR,ERR,ERR,ERR,ERR,ERR,ERR,ERR,ERR,ERR,ERR,ERR,ERR,ERR,ERR,ERR,ERR,ERR,ERR,ERR,ERR,ERR,ERR,ERR,ERR,ERR,ERR,ERR,ERR,ERR,ERR,ERR,ERR,ERR,ERR,ERR,ERR,ERR,ERR,ERR,ERR,ERR,ERR,ERR,ERR,ERR,ERR,ERR,ERR,ERR,ERR,ERR,ERR,ERR,ERR,ERR,ERR,ERR,ERR,ERR,ERR,ERR,ERR,ERR,ERR,ERR,ERR,ERR,ERR,ERR,ERR,ERR,ERR,ERR,ERR,-107615240.0,0.0,-117832800.0,0.0,0.0,0.0,0.0,nan,0,0,0,32768,0,0.0,0,0.0,0.0,0.0,0.0,0.0,0,0,0,0,0.0,0,0,0,0,0,0,0,0,0,0,0,0,0,0,0,0,0,0,0,0,0,0,0,0,0,0,0,0,0,0,0,0,0,0,0,0,0,0,0,0,0,0,0,0,0.0,0.0,0.0,0.0,0.0,0.0,0.0,0.0,0.0,0.0,0.0,0.0,0.0,0.0,0.0,0.0,0.0,0.0,0.0,0.0,0.0,0.0,2.004,-0.0,0.0,-2.004,0.0,0.0,0.0,0.0,3341.0,-8608104448.0,0.0,-107615240.0,0.0,-107615232.0,-0.0,0.0,0.0,0.0,0.0,0,0.0,-0.0,0.0,0.0,0.0,0.0,0.0,0.0,0.0,0,0,0,0.0,0.0,0.0,0.0,0.0,0.0,0.0,0.0,0.0,0.0,0.0,0.0,0.0,0.0,0.0,0.0,0,-107875648.0,0,0.0,0,-107875648.0,0.0,0,26215,17038,52429,17052,13107,17037,0,0,0,110,100,100,0.0,64.1,0.0,64.8,-0.0,68.5,1,49,50,180,0,0,0,0,0.0,0.0,0.0,0.0,1.9362915047360022e+28,65.5,0.0,6.353284289326901e+22,0.0,645,0,685,0,0,0,712,0,784,0,706,0,688,0,646,0,640,0,620,0.032,36438016.0,0.0,0.0,59792,16789,2.091722989807236e+33,6.353284289326901e+22,0.0,-0.0,-3.801654610275287e+24,-10016131072.0,29.0,60.0,70,0.0,0.0,0.0,0.0,0.0,0.0,0.0,0.0,0.0,0.0,0.0,0.0,0.0,0.0,0.0,0.0,59.2,68,12,65509,41,65476,0,300,0,0,8,20529,65476,0,0,61604,60.0,0.0,0.0,0.0,0.0,0.0
2026-04-04T11:59:47,ERR,ERR,ERR,ERR,ERR,ERR,ERR,ERR,ERR,ERR,ERR,ERR,ERR,ERR,ERR,ERR,ERR,ERR,ERR,ERR,ERR,ERR,ERR,ERR,ERR,ERR,ERR,ERR,ERR,ERR,ERR,ERR,ERR,ERR,ERR,ERR,ERR,ERR,ERR,ERR,ERR,ERR,ERR,ERR,ERR,ERR,ERR,ERR,ERR,ERR,ERR,ERR,ERR,ERR,ERR,ERR,ERR,ERR,ERR,ERR,ERR,ERR,ERR,ERR,ERR,ERR,ERR,ERR,ERR,ERR,ERR,ERR,ERR,ERR,ERR,ERR,ERR,ERR,ERR,ERR,ERR,ERR,ERR,ERR,ERR,ERR,ERR,ERR,ERR,ERR,ERR,ERR,ERR,ERR,ERR,ERR,ERR,ERR,ERR,ERR,ERR,ERR,ERR,ERR,ERR,ERR,ERR,ERR,ERR,ERR,ERR,ERR,ERR,ERR,ERR,ERR,ERR,ERR,ERR,ERR,ERR,ERR,ERR,ERR,ERR,-107615240.0,0.0,-117832800.0,0.0,0.0,0.0,0.0,nan,0,0,0,32768,0,0.0,0,0.0,0.0,0.0,0.0,0.0,0,0,0,0,0.0,0,0,0,0,0,0,0,0,0,0,0,0,0,0,0,0,0,0,0,0,0,0,0,0,0,0,0,0,0,0,0,0,0,0,0,0,0,0,0,0,0,0,0,0,0.0,0.0,0.0,0.0,0.0,0.0,0.0,0.0,0.0,0.0,0.0,0.0,0.0,0.0,0.0,0.0,0.0,0.0,0.0,0.0,0.0,0.0,2.004,-0.0,0.0,-2.004,0.0,0.0,0.0,0.0,3341.0,-8608104448.0,0.0,-107615240.0,0.0,-107615232.0,-0.0,0.0,0.0,0.0,0.0,0,0.0,-0.0,0.0,0.0,0.0,0.0,0.0,0.0,0.0,0,0,0,0.0,0.0,0.0,0.0,0.0,0.0,0.0,0.0,0.0,0.0,0.0,0.0,0.0,0.0,0.0,0.0,0,-107875648.0,0,0.0,0,-107875648.0,0.0,0,26215,17038,52429,17052,13107,17037,0,0,0,110,100,100,0.0,64.1,0.0,64.8,-0.0,68.5,1,49,50,180,0,0,0,0,0.0,0.0,0.0,0.0,1.9362915047360022e+28,65.5,0.0,6.353284289326901e+22,0.0,645,0,685,0,0,0,712,0,784,0,706,0,688,0,646,0,640,0,620,0.032,36438016.0,0.0,0.0,59792,16789,2.091722989807236e+33,6.353284289326901e+22,0.0,-0.0,-3.801654610275287e+24,-10016131072.0,29.0,60.0,70,0.0,0.0,0.0,0.0,0.0,0.0,0.0,0.0,0.0,0.0,0.0,0.0,0.0,0.0,0.0,0.0,59.2,68,12,65509,41,65476,0,300,0,0,8,20529,65476,0,0,61604,60.0,0.0,0.0,0.0,0.0,0.0
2026-04-04T11:59:48,ERR,ERR,ERR,ERR,ERR,ERR,ERR,ERR,ERR,ERR,ERR,ERR,ERR,ERR,ERR,ERR,ERR,ERR,ERR,ERR,ERR,ERR,ERR,ERR,ERR,ERR,ERR,ERR,ERR,ERR,ERR,ERR,ERR,ERR,ERR,ERR,ERR,ERR,ERR,ERR,ERR,ERR,ERR,ERR,ERR,ERR,ERR,ERR,ERR,ERR,ERR,ERR,ERR,ERR,ERR,ERR,ERR,ERR,ERR,ERR,ERR,ERR,ERR,ERR,ERR,ERR,ERR,ERR,ERR,ERR,ERR,ERR,ERR,ERR,ERR,ERR,ERR,ERR,ERR,ERR,ERR,ERR,ERR,ERR,ERR,ERR,ERR,ERR,ERR,ERR,ERR,ERR,ERR,ERR,ERR,ERR,ERR,ERR,ERR,ERR,ERR,ERR,ERR,ERR,ERR,ERR,ERR,ERR,ERR,ERR,ERR,ERR,ERR,ERR,ERR,ERR,ERR,ERR,ERR,ERR,ERR,ERR,ERR,ERR,ERR,-107615240.0,0.0,-117832800.0,0.0,0.0,0.0,0.0,nan,0,0,0,32768,0,0.0,0,0.0,0.0,0.0,0.0,0.0,0,0,0,0,0.0,0,0,0,0,0,0,0,0,0,0,0,0,0,0,0,0,0,0,0,0,0,0,0,0,0,0,0,0,0,0,0,0,0,0,0,0,0,0,0,0,0,0,0,0,0.0,0.0,0.0,0.0,0.0,0.0,0.0,0.0,0.0,0.0,0.0,0.0,0.0,0.0,0.0,0.0,0.0,0.0,0.0,0.0,0.0,0.0,2.004,-0.0,0.0,-2.004,0.0,0.0,0.0,0.0,3340.0,-1.5879149971201683e+29,0.0,-107615240.0,0.0,-107615232.0,-0.0,0.0,0.0,0.0,0.0,0,0.0,-0.0,0.0,0.0,0.0,0.0,0.0,0.0,0.0,0,0,0,0.0,0.0,0.0,0.0,0.0,0.0,0.0,0.0,0.0,0.0,0.0,0.0,0.0,0.0,0.0,0.0,0,-107875648.0,0,0.0,0,-107875648.0,0.0,0,26215,17038,52429,17052,13107,17037,0,0,0,110,100,100,0.0,64.1,0.0,64.8,-0.0,68.5,1,49,50,180,0,0,0,0,0.0,0.0,0.0,0.0,1.9362915047360022e+28,65.5,0.0,6.353284289326901e+22,0.0,645,0,685,0,0,0,712,0,784,0,706,0,688,0,646,0,640,0,620,0.032,36438016.0,0.0,0.0,59792,16789,2.091722989807236e+33,6.353284289326901e+22,0.0,-0.0,-3.801654610275287e+24,-10016131072.0,29.0,60.0,70,0.0,0.0,0.0,0.0,0.0,0.0,0.0,0.0,0.0,0.0,0.0,0.0,0.0,0.0,0.0,0.0,59.2,68,12,65509,41,65476,0,300,0,0,8,20529,65476,0,0,61604,60.0,0.0,0.0,0.0,0.0,0.0
2026-04-04T11:59:49,ERR,ERR,ERR,ERR,ERR,ERR,ERR,ERR,ERR,ERR,ERR,ERR,ERR,ERR,ERR,ERR,ERR,ERR,ERR,ERR,ERR,ERR,ERR,ERR,ERR,ERR,ERR,ERR,ERR,ERR,ERR,ERR,ERR,ERR,ERR,ERR,ERR,ERR,ERR,ERR,ERR,ERR,ERR,ERR,ERR,ERR,ERR,ERR,ERR,ERR,ERR,ERR,ERR,ERR,ERR,ERR,ERR,ERR,ERR,ERR,ERR,ERR,ERR,ERR,ERR,ERR,ERR,ERR,ERR,ERR,ERR,ERR,ERR,ERR,ERR,ERR,ERR,ERR,ERR,ERR,ERR,ERR,ERR,ERR,ERR,ERR,ERR,ERR,ERR,ERR,ERR,ERR,ERR,ERR,ERR,ERR,ERR,ERR,ERR,ERR,ERR,ERR,ERR,ERR,ERR,ERR,ERR,ERR,ERR,ERR,ERR,ERR,ERR,ERR,ERR,ERR,ERR,ERR,ERR,ERR,ERR,ERR,ERR,ERR,ERR,-107615240.0,0.0,-117832800.0,0.0,0.0,0.0,0.0,nan,0,0,0,32768,0,0.0,0,0.0,0.0,0.0,0.0,0.0,0,0,0,0,0.0,0,0,0,0,0,0,0,0,0,0,0,0,0,0,0,0,0,0,0,0,0,0,0,0,0,0,0,0,0,0,0,0,0,0,0,0,0,0,0,0,0,0,0,0,0.0,0.0,0.0,0.0,0.0,0.0,0.0,0.0,0.0,0.0,0.0,0.0,0.0,0.0,0.0,0.0,0.0,0.0,0.0,0.0,0.0,0.0,2.004,-0.0,0.0,-2.004,0.0,0.0,0.0,0.0,3340.0,-1.5879149971201683e+29,0.0,-107615240.0,0.0,-107615232.0,-0.0,0.0,0.0,0.0,0.0,0,0.0,-0.0,0.0,0.0,0.0,0.0,0.0,0.0,0.0,0,0,0,0.0,0.0,0.0,0.0,0.0,0.0,0.0,0.0,0.0,0.0,0.0,0.0,0.0,0.0,0.0,0.0,0,-107875648.0,0,0.0,0,-107875648.0,0.0,0,26215,17038,52429,17052,13107,17037,0,0,0,110,100,100,0.0,64.0,0.0,64.8,-0.0,68.5,1,49,50,180,0,0,0,0,0.0,0.0,0.0,0.0,1.0110235229349306e+26,65.5,0.0,-0.0,0.0,645,0,685,0,0,0,712,0,784,0,706,0,688,0,646,0,640,0,620,0.032,36700160.0,0.0,0.0,52752,16789,2.236607656338579e+27,-0.0,0.0,1.1218618061366982e+33,-3.9728777931706175e+23,-505942080.0,29.0,60.0,70,0.0,0.0,0.0,0.0,0.0,0.0,0.0,0.0,0.0,0.0,0.0,0.0,0.0,0.0,0.0,0.0,59.6,68,12,65509,41,65476,0,300,0,0,8,20529,65476,0,0,61604,60.0,0.0,0.0,0.0,0.0,0.0
2026-04-04T11:59:50,ERR,ERR,ERR,ERR,ERR,ERR,ERR,ERR,ERR,ERR,ERR,ERR,ERR,ERR,ERR,ERR,ERR,ERR,ERR,ERR,ERR,ERR,ERR,ERR,ERR,ERR,ERR,ERR,ERR,ERR,ERR,ERR,ERR,ERR,ERR,ERR,ERR,ERR,ERR,ERR,ERR,ERR,ERR,ERR,ERR,ERR,ERR,ERR,ERR,ERR,ERR,ERR,ERR,ERR,ERR,ERR,ERR,ERR,ERR,ERR,ERR,ERR,ERR,ERR,ERR,ERR,ERR,ERR,ERR,ERR,ERR,ERR,ERR,ERR,ERR,ERR,ERR,ERR,ERR,ERR,ERR,ERR,ERR,ERR,ERR,ERR,ERR,ERR,ERR,ERR,ERR,ERR,ERR,ERR,ERR,ERR,ERR,ERR,ERR,ERR,ERR,ERR,ERR,ERR,ERR,ERR,ERR,ERR,ERR,ERR,ERR,ERR,ERR,ERR,ERR,ERR,ERR,ERR,ERR,ERR,ERR,ERR,ERR,ERR,ERR,-107615240.0,0.0,-117832800.0,0.0,0.0,0.0,0.0,nan,0,0,0,32768,0,0.0,0,0.0,0.0,0.0,0.0,0.0,0,0,0,0,0.0,0,0,0,0,0,0,0,0,0,0,0,0,0,0,0,0,0,0,0,0,0,0,0,0,0,0,0,0,0,0,0,0,0,0,0,0,0,0,0,0,0,0,0,0,0.0,0.0,0.0,0.0,0.0,0.0,0.0,0.0,0.0,0.0,0.0,0.0,0.0,0.0,0.0,0.0,0.0,0.0,0.0,0.0,0.0,0.0,2.004,-0.0,0.0,-2.004,0.0,0.0,0.0,0.0,3340.0,-1.5879149971201683e+29,0.0,-107615240.0,0.0,-107615232.0,-0.0,0.0,0.0,0.0,0.0,0,0.0,-0.0,0.0,0.0,0.0,0.0,0.0,0.0,0.0,0,0,0,0.0,0.0,0.0,0.0,0.0,0.0,0.0,0.0,0.0,0.0,0.0,0.0,0.0,0.0,0.0,0.0,0,-107875648.0,0,0.0,0,-107875648.0,0.0,0,26215,17038,52429,17052,13107,17037,0,0,0,110,100,100,0.0,64.0,0.0,64.8,-0.0,68.5,1,49,50,180,0,0,0,0,0.0,0.0,0.0,0.0,1.0110235229349306e+26,65.5,0.0,-0.0,0.0,645,0,685,0,0,0,712,0,784,0,706,0,688,0,646,0,640,0,620,0.032,36700160.0,0.0,0.0,52752,16789,2.236607656338579e+27,-0.0,0.0,1.1218618061366982e+33,-3.9728777931706175e+23,-505942080.0,29.0,60.0,70,0.0,0.0,0.0,0.0,0.0,0.0,0.0,0.0,0.0,0.0,0.0,0.0,0.0,0.0,0.0,0.0,59.6,68,12,65509,41,65476,0,300,0,0,8,20529,65476,0,0,61604,60.0,0.0,0.0,0.0,0.0,0.0
2026-04-04T11:59:51,ERR,ERR,ERR,ERR,ERR,ERR,ERR,ERR,ERR,ERR,ERR,ERR,ERR,ERR,ERR,ERR,ERR,ERR,ERR,ERR,ERR,ERR,ERR,ERR,ERR,ERR,ERR,ERR,ERR,ERR,ERR,ERR,ERR,ERR,ERR,ERR,ERR,ERR,ERR,ERR,ERR,ERR,ERR,ERR,ERR,ERR,ERR,ERR,ERR,ERR,ERR,ERR,ERR,ERR,ERR,ERR,ERR,ERR,ERR,ERR,ERR,ERR,ERR,ERR,ERR,ERR,ERR,ERR,ERR,ERR,ERR,ERR,ERR,ERR,ERR,ERR,ERR,ERR,ERR,ERR,ERR,ERR,ERR,ERR,ERR,ERR,ERR,ERR,ERR,ERR,ERR,ERR,ERR,ERR,ERR,ERR,ERR,ERR,ERR,ERR,ERR,ERR,ERR,ERR,ERR,ERR,ERR,ERR,ERR,ERR,ERR,ERR,ERR,ERR,ERR,ERR,ERR,ERR,ERR,ERR,ERR,ERR,ERR,ERR,ERR,-107615240.0,0.0,-117832800.0,0.0,0.0,0.0,0.0,nan,0,0,0,32768,0,0.0,0,0.0,0.0,0.0,0.0,0.0,0,0,0,0,0.0,0,0,0,0,0,0,0,0,0,0,0,0,0,0,0,0,0,0,0,0,0,0,0,0,0,0,0,0,0,0,0,0,0,0,0,0,0,0,0,0,0,0,0,0,0.0,0.0,0.0,0.0,0.0,0.0,0.0,0.0,0.0,0.0,0.0,0.0,0.0,0.0,0.0,0.0,0.0,0.0,0.0,0.0,0.0,0.0,2.004,-0.0,0.0,-2.004,0.0,0.0,0.0,0.0,3340.0,-1.5879149971201683e+29,0.0,-107615240.0,0.0,-107615232.0,-0.0,0.0,0.0,0.0,0.0,0,0.0,-0.0,0.0,0.0,0.0,0.0,0.0,0.0,0.0,0,0,0,0.0,0.0,0.0,0.0,0.0,0.0,0.0,0.0,0.0,0.0,0.0,0.0,0.0,0.0,0.0,0.0,0,-107875648.0,0,0.0,0,-107875648.0,0.0,0,26215,17038,52429,17052,13107,17037,0,0,0,110,100,100,0.0,64.0,0.0,64.8,-0.0,68.5,1,49,50,180,0,0,0,0,0.0,0.0,0.0,0.0,1.0110235229349306e+26,65.5,0.0,-0.0,0.0,645,0,685,0,0,0,712,0,784,0,706,0,688,0,646,0,640,0,620,0.032,36700160.0,0.0,0.0,52752,16789,2.236607656338579e+27,-0.0,0.0,1.1218618061366982e+33,-3.9728777931706175e+23,-505942080.0,29.0,60.0,70,0.0,0.0,0.0,0.0,0.0,0.0,0.0,0.0,0.0,0.0,0.0,0.0,0.0,0.0,0.0,0.0,59.6,68,12,65509,41,65476,0,300,0,0,8,20529,65476,0,0,61604,60.0,0.0,0.0,0.0,0.0,0.0
2026-04-04T11:59:52,ERR,ERR,ERR,ERR,ERR,ERR,ERR,ERR,ERR,ERR,ERR,ERR,ERR,ERR,ERR,ERR,ERR,ERR,ERR,ERR,ERR,ERR,ERR,ERR,ERR,ERR,ERR,ERR,ERR,ERR,ERR,ERR,ERR,ERR,ERR,ERR,ERR,ERR,ERR,ERR,ERR,ERR,ERR,ERR,ERR,ERR,ERR,ERR,ERR,ERR,ERR,ERR,ERR,ERR,ERR,ERR,ERR,ERR,ERR,ERR,ERR,ERR,ERR,ERR,ERR,ERR,ERR,ERR,ERR,ERR,ERR,ERR,ERR,ERR,ERR,ERR,ERR,ERR,ERR,ERR,ERR,ERR,ERR,ERR,ERR,ERR,ERR,ERR,ERR,ERR,ERR,ERR,ERR,ERR,ERR,ERR,ERR,ERR,ERR,ERR,ERR,ERR,ERR,ERR,ERR,ERR,ERR,ERR,ERR,ERR,ERR,ERR,ERR,ERR,ERR,ERR,ERR,ERR,ERR,ERR,ERR,ERR,ERR,ERR,ERR,-107615240.0,0.0,-117832800.0,0.0,0.0,0.0,0.0,nan,0,0,0,32768,0,0.0,0,0.0,0.0,0.0,0.0,0.0,0,0,0,0,0.0,0,0,0,0,0,0,0,0,0,0,0,0,0,0,0,0,0,0,0,0,0,0,0,0,0,0,0,0,0,0,0,0,0,0,0,0,0,0,0,0,0,0,0,0,0.0,0.0,0.0,0.0,0.0,0.0,0.0,0.0,0.0,0.0,0.0,0.0,0.0,0.0,0.0,0.0,0.0,0.0,0.0,0.0,0.0,0.0,2.004,-0.0,0.0,-2.004,0.0,0.0,0.0,0.0,3340.0,-1.5879149971201683e+29,0.0,-107615240.0,0.0,-107615232.0,-0.0,0.0,0.0,0.0,0.0,0,0.0,-0.0,0.0,0.0,0.0,0.0,0.0,0.0,0.0,0,0,0,0.0,0.0,0.0,0.0,0.0,0.0,0.0,0.0,0.0,0.0,0.0,0.0,0.0,0.0,0.0,0.0,0,-107875648.0,0,0.0,0,-107875648.0,0.0,0,26215,17038,52429,17052,13107,17037,0,0,0,110,100,100,0.0,64.0,0.0,64.8,-0.0,68.5,1,49,50,180,0,0,0,0,0.0,0.0,0.0,0.0,1.0110235229349306e+26,65.5,0.0,-0.0,0.0,645,0,685,0,0,0,712,0,784,0,706,0,688,0,646,0,640,0,620,0.032,36700160.0,0.0,0.0,52752,16789,2.236607656338579e+27,-0.0,0.0,1.1218618061366982e+33,-3.9728777931706175e+23,-505942080.0,29.0,60.0,70,0.0,0.0,0.0,0.0,0.0,0.0,0.0,0.0,0.0,0.0,0.0,0.0,0.0,0.0,0.0,0.0,59.2,68,12,65509,41,65476,0,300,0,0,8,20529,65476,0,0,61604,60.0,0.0,0.0,0.0,0.0,0.0
2026-04-04T11:59:53,ERR,ERR,ERR,ERR,ERR,ERR,ERR,ERR,ERR,ERR,ERR,ERR,ERR,ERR,ERR,ERR,ERR,ERR,ERR,ERR,ERR,ERR,ERR,ERR,ERR,ERR,ERR,ERR,ERR,ERR,ERR,ERR,ERR,ERR,ERR,ERR,ERR,ERR,ERR,ERR,ERR,ERR,ERR,ERR,ERR,ERR,ERR,ERR,ERR,ERR,ERR,ERR,ERR,ERR,ERR,ERR,ERR,ERR,ERR,ERR,ERR,ERR,ERR,ERR,ERR,ERR,ERR,ERR,ERR,ERR,ERR,ERR,ERR,ERR,ERR,ERR,ERR,ERR,ERR,ERR,ERR,ERR,ERR,ERR,ERR,ERR,ERR,ERR,ERR,ERR,ERR,ERR,ERR,ERR,ERR,ERR,ERR,ERR,ERR,ERR,ERR,ERR,ERR,ERR,ERR,ERR,ERR,ERR,ERR,ERR,ERR,ERR,ERR,ERR,ERR,ERR,ERR,ERR,ERR,ERR,ERR,ERR,ERR,ERR,ERR,-107615240.0,0.0,-117832800.0,0.0,0.0,0.0,0.0,nan,0,0,0,32768,0,0.0,0,0.0,0.0,0.0,0.0,0.0,0,0,0,0,0.0,0,0,0,0,0,0,0,0,0,0,0,0,0,0,0,0,0,0,0,0,0,0,0,0,0,0,0,0,0,0,0,0,0,0,0,0,0,0,0,0,0,0,0,0,0.0,0.0,0.0,0.0,0.0,0.0,0.0,0.0,0.0,0.0,0.0,0.0,0.0,0.0,0.0,0.0,0.0,0.0,0.0,0.0,0.0,0.0,2.004,-0.0,0.0,-2.004,0.0,0.0,0.0,0.0,3340.0,-1.5879149971201683e+29,0.0,-107615240.0,0.0,-107615232.0,-0.0,0.0,0.0,0.0,0.0,0,0.0,-0.0,0.0,0.0,0.0,0.0,0.0,0.0,0.0,0,0,0,0.0,0.0,0.0,0.0,0.0,0.0,0.0,0.0,0.0,0.0,0.0,0.0,0.0,0.0,0.0,0.0,0,-107875648.0,0,0.0,0,-107875648.0,0.0,0,26215,17038,52429,17052,13107,17037,0,0,0,110,100,100,0.0,64.0,0.0,64.8,-0.0,68.5,1,49,50,180,0,0,0,0,0.0,0.0,0.0,0.0,1.0110235229349306e+26,65.5,0.0,-0.0,0.0,645,0,685,0,0,0,712,0,784,0,706,0,688,0,646,0,640,0,620,0.032,36700160.0,0.0,0.0,52752,16789,2.236607656338579e+27,-0.0,0.0,1.1218618061366982e+33,-3.9728777931706175e+23,-505942080.0,29.0,60.0,70,0.0,0.0,0.0,0.0,0.0,0.0,0.0,0.0,0.0,0.0,0.0,0.0,0.0,0.0,0.0,0.0,59.2,68,12,65509,41,65476,0,300,0,0,8,20529,65476,0,0,61604,60.0,0.0,0.0,0.0,0.0,0.0
2026-04-04T11:59:54,ERR,ERR,ERR,ERR,ERR,ERR,ERR,ERR,ERR,ERR,ERR,ERR,ERR,ERR,ERR,ERR,ERR,ERR,ERR,ERR,ERR,ERR,ERR,ERR,ERR,ERR,ERR,ERR,ERR,ERR,ERR,ERR,ERR,ERR,ERR,ERR,ERR,ERR,ERR,ERR,ERR,ERR,ERR,ERR,ERR,ERR,ERR,ERR,ERR,ERR,ERR,ERR,ERR,ERR,ERR,ERR,ERR,ERR,ERR,ERR,ERR,ERR,ERR,ERR,ERR,ERR,ERR,ERR,ERR,ERR,ERR,ERR,ERR,ERR,ERR,ERR,ERR,ERR,ERR,ERR,ERR,ERR,ERR,ERR,ERR,ERR,ERR,ERR,ERR,ERR,ERR,ERR,ERR,ERR,ERR,ERR,ERR,ERR,ERR,ERR,ERR,ERR,ERR,ERR,ERR,ERR,ERR,ERR,ERR,ERR,ERR,ERR,ERR,ERR,ERR,ERR,ERR,ERR,ERR,ERR,ERR,ERR,ERR,ERR,ERR,-107615240.0,0.0,-117832800.0,0.0,0.0,0.0,0.0,nan,0,0,0,32768,0,0.0,0,0.0,0.0,0.0,0.0,0.0,0,0,0,0,0.0,0,0,0,0,0,0,0,0,0,0,0,0,0,0,0,0,0,0,0,0,0,0,0,0,0,0,0,0,0,0,0,0,0,0,0,0,0,0,0,0,0,0,0,0,0.0,0.0,0.0,0.0,0.0,0.0,0.0,0.0,0.0,0.0,0.0,0.0,0.0,0.0,0.0,0.0,0.0,0.0,0.0,0.0,0.0,0.0,2.004,-0.0,0.0,-2.004,0.0,0.0,0.0,0.0,3340.0,-1.5879149971201683e+29,0.0,-107615240.0,0.0,-107615232.0,-0.0,0.0,0.0,0.0,0.0,0,0.0,-0.0,0.0,0.0,0.0,0.0,0.0,0.0,0.0,0,0,0,0.0,0.0,0.0,0.0,0.0,0.0,0.0,0.0,0.0,0.0,0.0,0.0,0.0,0.0,0.0,0.0,0,-107875648.0,0,0.0,0,-107875648.0,0.0,0,26215,17038,52429,17052,13107,17037,0,0,0,110,100,100,0.0,64.0,0.0,64.8,-0.0,68.5,1,49,50,180,0,0,0,0,0.0,0.0,0.0,0.0,1.0110235229349306e+26,65.5,0.0,-0.0,0.0,645,0,685,0,0,0,712,0,784,0,706,0,688,0,646,0,640,0,620,0.032,36700160.0,0.0,0.0,52752,16789,2.236607656338579e+27,-0.0,0.0,1.1218618061366982e+33,-3.9728777931706175e+23,-505942080.0,29.0,60.0,70,0.0,0.0,0.0,0.0,0.0,0.0,0.0,0.0,0.0,0.0,0.0,0.0,0.0,0.0,0.0,0.0,59.2,68,12,65509,41,65476,0,300,0,0,8,20529,65476,0,0,61604,60.0,0.0,0.0,0.0,0.0,0.0
2026-04-04T11:59:55,ERR,ERR,ERR,ERR,ERR,ERR,ERR,ERR,ERR,ERR,ERR,ERR,ERR,ERR,ERR,ERR,ERR,ERR,ERR,ERR,ERR,ERR,ERR,ERR,ERR,ERR,ERR,ERR,ERR,ERR,ERR,ERR,ERR,ERR,ERR,ERR,ERR,ERR,ERR,ERR,ERR,ERR,ERR,ERR,ERR,ERR,ERR,ERR,ERR,ERR,ERR,ERR,ERR,ERR,ERR,ERR,ERR,ERR,ERR,ERR,ERR,ERR,ERR,ERR,ERR,ERR,ERR,ERR,ERR,ERR,ERR,ERR,ERR,ERR,ERR,ERR,ERR,ERR,ERR,ERR,ERR,ERR,ERR,ERR,ERR,ERR,ERR,ERR,ERR,ERR,ERR,ERR,ERR,ERR,ERR,ERR,ERR,ERR,ERR,ERR,ERR,ERR,ERR,ERR,ERR,ERR,ERR,ERR,ERR,ERR,ERR,ERR,ERR,ERR,ERR,ERR,ERR,ERR,ERR,ERR,ERR,ERR,ERR,ERR,ERR,-107615240.0,0.0,-117832800.0,0.0,0.0,0.0,0.0,nan,0,0,0,32768,0,0.0,0,0.0,0.0,0.0,0.0,0.0,0,0,0,0,0.0,0,0,0,0,0,0,0,0,0,0,0,0,0,0,0,0,0,0,0,0,0,0,0,0,0,0,0,0,0,0,0,0,0,0,0,0,0,0,0,0,0,0,0,0,0.0,0.0,0.0,0.0,0.0,0.0,0.0,0.0,0.0,0.0,0.0,0.0,0.0,0.0,0.0,0.0,0.0,0.0,0.0,0.0,0.0,0.0,2.004,-0.0,0.0,-2.004,0.0,0.0,0.0,0.0,3340.0,-1.5879149971201683e+29,0.0,-107615240.0,0.0,-107615232.0,-0.0,0.0,0.0,0.0,0.0,0,0.0,-0.0,0.0,0.0,0.0,0.0,0.0,0.0,0.0,0,0,0,0.0,0.0,0.0,0.0,0.0,0.0,0.0,0.0,0.0,0.0,0.0,0.0,0.0,0.0,0.0,0.0,0,-107875648.0,0,0.0,0,-107875648.0,0.0,0,26215,17038,52429,17052,13107,17037,0,0,0,110,100,100,0.0,64.0,0.0,64.8,-0.0,68.5,1,49,50,180,0,0,0,0,0.0,0.0,0.0,0.0,2.0782541298101073e+20,65.5,0.0,-2.408877113769958e+26,0.0,645,0,685,0,0,0,712,0,784,0,706,0,688,0,646,0,640,0,620,0.032,36962304.0,0.0,0.0,58384,16789,17627894251520.0,-2.408877113769958e+26,0.0,2183614523506688.0,-3.815020411263796e+22,-25854212.0,29.0,60.0,70,0.0,0.0,0.0,0.0,0.0,0.0,0.0,0.0,0.0,0.0,0.0,0.0,0.0,0.0,0.0,0.0,59.2,68,12,65509,41,65476,0,300,0,0,8,20529,65476,0,0,61604,60.0,0.0,0.0,0.0,0.0,0.0
2026-04-04T11:59:56,ERR,ERR,ERR,ERR,ERR,ERR,ERR,ERR,ERR,ERR,ERR,ERR,ERR,ERR,ERR,ERR,ERR,ERR,ERR,ERR,ERR,ERR,ERR,ERR,ERR,ERR,ERR,ERR,ERR,ERR,ERR,ERR,ERR,ERR,ERR,ERR,ERR,ERR,ERR,ERR,ERR,ERR,ERR,ERR,ERR,ERR,ERR,ERR,ERR,ERR,ERR,ERR,ERR,ERR,ERR,ERR,ERR,ERR,ERR,ERR,ERR,ERR,ERR,ERR,ERR,ERR,ERR,ERR,ERR,ERR,ERR,ERR,ERR,ERR,ERR,ERR,ERR,ERR,ERR,ERR,ERR,ERR,ERR,ERR,ERR,ERR,ERR,ERR,ERR,ERR,ERR,ERR,ERR,ERR,ERR,ERR,ERR,ERR,ERR,ERR,ERR,ERR,ERR,ERR,ERR,ERR,ERR,ERR,ERR,ERR,ERR,ERR,ERR,ERR,ERR,ERR,ERR,ERR,ERR,ERR,ERR,ERR,ERR,ERR,ERR,-107615240.0,0.0,-117832800.0,0.0,0.0,0.0,0.0,nan,0,0,0,32768,0,0.0,0,0.0,0.0,0.0,0.0,0.0,0,0,0,0,0.0,0,0,0,0,0,0,0,0,0,0,0,0,0,0,0,0,0,0,0,0,0,0,0,0,0,0,0,0,0,0,0,0,0,0,0,0,0,0,0,0,0,0,0,0,0.0,0.0,0.0,0.0,0.0,0.0,0.0,0.0,0.0,0.0,0.0,0.0,0.0,0.0,0.0,0.0,0.0,0.0,0.0,0.0,0.0,0.0,2.004,-0.0,0.0,-2.004,0.0,0.0,0.0,0.0,3338.5,-3.697152708471213e+19,0.0,-107615240.0,0.0,-107615232.0,-0.0,0.0,0.0,0.0,0.0,0,-5.8480786593265204e+35,-0.0,0.0,0.0,0.0,0.0,0.0,0.0,0.0,0,0,0,0.0,0.0,0.0,0.0,0.0,0.0,0.0,0.0,0.0,0.0,0.0,0.0,0.0,0.0,0.0,0.0,0,-107875648.0,0,0.0,0,-107875648.0,0.0,0,26215,17038,52429,17052,13107,17037,0,0,0,110,100,100,0.0,64.0,0.0,64.8,-0.0,68.5,1,49,50,180,0,0,0,0,0.0,0.0,0.0,0.0,2.0782541298101073e+20,65.5,0.0,-2.408877113769958e+26,0.0,645,0,685,0,0,0,712,0,784,0,706,0,688,0,646,0,640,0,620,0.032,36962304.0,0.0,0.0,58384,16789,17627894251520.0,-2.408877113769958e+26,0.0,2183614523506688.0,-3.815020411263796e+22,-25854212.0,29.0,60.0,70,0.0,0.0,0.0,0.0,0.0,0.0,0.0,0.0,0.0,0.0,0.0,0.0,0.0,0.0,0.0,0.0,59.2,68,12,65509,41,65476,0,300,0,0,8,20529,65476,0,0,61604,60.0,0.0,0.0,0.0,0.0,0.0
2026-04-04T11:59:57,ERR,ERR,ERR,ERR,ERR,ERR,ERR,ERR,ERR,ERR,ERR,ERR,ERR,ERR,ERR,ERR,ERR,ERR,ERR,ERR,ERR,ERR,ERR,ERR,ERR,ERR,ERR,ERR,ERR,ERR,ERR,ERR,ERR,ERR,ERR,ERR,ERR,ERR,ERR,ERR,ERR,ERR,ERR,ERR,ERR,ERR,ERR,ERR,ERR,ERR,ERR,ERR,ERR,ERR,ERR,ERR,ERR,ERR,ERR,ERR,ERR,ERR,ERR,ERR,ERR,ERR,ERR,ERR,ERR,ERR,ERR,ERR,ERR,ERR,ERR,ERR,ERR,ERR,ERR,ERR,ERR,ERR,ERR,ERR,ERR,ERR,ERR,ERR,ERR,ERR,ERR,ERR,ERR,ERR,ERR,ERR,ERR,ERR,ERR,ERR,ERR,ERR,ERR,ERR,ERR,ERR,ERR,ERR,ERR,ERR,ERR,ERR,ERR,ERR,ERR,ERR,ERR,ERR,ERR,ERR,ERR,ERR,ERR,ERR,ERR,-107615240.0,0.0,-117832800.0,0.0,0.0,0.0,0.0,nan,0,0,0,32768,0,0.0,0,0.0,0.0,0.0,0.0,0.0,0,0,0,0,0.0,0,0,0,0,0,0,0,0,0,0,0,0,0,0,0,0,0,0,0,0,0,0,0,0,0,0,0,0,0,0,0,0,0,0,0,0,0,0,0,0,0,0,0,0,0.0,0.0,0.0,0.0,0.0,0.0,0.0,0.0,0.0,0.0,0.0,0.0,0.0,0.0,0.0,0.0,0.0,0.0,0.0,0.0,0.0,0.0,2.004,-0.0,0.0,-2.004,0.0,0.0,0.0,0.0,3338.5,-3.697152708471213e+19,0.0,-107615240.0,0.0,-107615232.0,-0.0,0.0,0.0,0.0,0.0,0,-5.8480786593265204e+35,-0.0,0.0,0.0,0.0,0.0,0.0,0.0,0.0,0,0,0,0.0,0.0,0.0,0.0,0.0,0.0,0.0,0.0,0.0,0.0,0.0,0.0,0.0,0.0,0.0,0.0,0,-107875648.0,0,0.0,0,-107875648.0,0.0,0,26215,17038,52429,17052,13107,17037,0,0,0,110,100,100,0.0,64.0,0.0,64.8,-0.0,68.5,1,49,50,180,0,0,0,0,0.0,0.0,0.0,0.0,2.0782541298101073e+20,65.5,0.0,-2.408877113769958e+26,0.0,645,0,685,0,0,0,712,0,784,0,706,0,688,0,646,0,640,0,620,0.032,36962304.0,0.0,0.0,58384,16789,17627894251520.0,-2.408877113769958e+26,0.0,2183614523506688.0,-3.815020411263796e+22,-25854212.0,29.0,60.0,70,0.0,0.0,0.0,0.0,0.0,0.0,0.0,0.0,0.0,0.0,0.0,0.0,0.0,0.0,0.0,0.0,59.2,68,12,65509,41,65476,0,300,0,0,8,20529,65476,0,0,61604,60.0,0.0,0.0,0.0,0.0,0.0
2026-04-04T11:59:58,ERR,ERR,ERR,ERR,ERR,ERR,ERR,ERR,ERR,ERR,ERR,ERR,ERR,ERR,ERR,ERR,ERR,ERR,ERR,ERR,ERR,ERR,ERR,ERR,ERR,ERR,ERR,ERR,ERR,ERR,ERR,ERR,ERR,ERR,ERR,ERR,ERR,ERR,ERR,ERR,ERR,ERR,ERR,ERR,ERR,ERR,ERR,ERR,ERR,ERR,ERR,ERR,ERR,ERR,ERR,ERR,ERR,ERR,ERR,ERR,ERR,ERR,ERR,ERR,ERR,ERR,ERR,ERR,ERR,ERR,ERR,ERR,ERR,ERR,ERR,ERR,ERR,ERR,ERR,ERR,ERR,ERR,ERR,ERR,ERR,ERR,ERR,ERR,ERR,ERR,ERR,ERR,ERR,ERR,ERR,ERR,ERR,ERR,ERR,ERR,ERR,ERR,ERR,ERR,ERR,ERR,ERR,ERR,ERR,ERR,ERR,ERR,ERR,ERR,ERR,ERR,ERR,ERR,ERR,ERR,ERR,ERR,ERR,ERR,ERR,-107615240.0,0.0,-117832800.0,0.0,0.0,0.0,0.0,nan,0,0,0,32768,0,0.0,0,0.0,0.0,0.0,0.0,0.0,0,0,0,0,0.0,0,0,0,0,0,0,0,0,0,0,0,0,0,0,0,0,0,0,0,0,0,0,0,0,0,0,0,0,0,0,0,0,0,0,0,0,0,0,0,0,0,0,0,0,0.0,0.0,0.0,0.0,0.0,0.0,0.0,0.0,0.0,0.0,0.0,0.0,0.0,0.0,0.0,0.0,0.0,0.0,0.0,0.0,0.0,0.0,2.004,-0.0,0.0,-2.004,0.0,0.0,0.0,0.0,3338.5,-3.697152708471213e+19,0.0,-107615240.0,0.0,-107615232.0,-0.0,0.0,0.0,0.0,0.0,0,-5.8480786593265204e+35,-0.0,0.0,0.0,0.0,0.0,0.0,0.0,0.0,0,0,0,0.0,0.0,0.0,0.0,0.0,0.0,0.0,0.0,0.0,0.0,0.0,0.0,0.0,0.0,0.0,0.0,0,-107875648.0,0,0.0,0,-107875648.0,0.0,0,26215,17038,52429,17052,13107,17037,0,0,0,110,100,100,0.0,64.0,0.0,64.8,-0.0,68.5,1,49,50,180,0,0,0,0,0.0,0.0,0.0,0.0,2.0782541298101073e+20,65.5,0.0,-2.408877113769958e+26,0.0,645,0,685,0,0,0,712,0,784,0,706,0,688,0,646,0,640,0,620,0.032,36962304.0,0.0,0.0,58384,16789,17627894251520.0,-2.408877113769958e+26,0.0,2183614523506688.0,-3.815020411263796e+22,-25854212.0,29.0,60.0,70,0.0,0.0,0.0,0.0,0.0,0.0,0.0,0.0,0.0,0.0,0.0,0.0,0.0,0.0,0.0,0.0,59.2,68,12,65509,41,65476,0,300,0,0,8,20529,65476,0,0,61604,60.0,0.0,0.0,0.0,0.0,0.0
2026-04-04T11:59:59,ERR,ERR,ERR,ERR,ERR,ERR,ERR,ERR,ERR,ERR,ERR,ERR,ERR,ERR,ERR,ERR,ERR,ERR,ERR,ERR,ERR,ERR,ERR,ERR,ERR,ERR,ERR,ERR,ERR,ERR,ERR,ERR,ERR,ERR,ERR,ERR,ERR,ERR,ERR,ERR,ERR,ERR,ERR,ERR,ERR,ERR,ERR,ERR,ERR,ERR,ERR,ERR,ERR,ERR,ERR,ERR,ERR,ERR,ERR,ERR,ERR,ERR,ERR,ERR,ERR,ERR,ERR,ERR,ERR,ERR,ERR,ERR,ERR,ERR,ERR,ERR,ERR,ERR,ERR,ERR,ERR,ERR,ERR,ERR,ERR,ERR,ERR,ERR,ERR,ERR,ERR,ERR,ERR,ERR,ERR,ERR,ERR,ERR,ERR,ERR,ERR,ERR,ERR,ERR,ERR,ERR,ERR,ERR,ERR,ERR,ERR,ERR,ERR,ERR,ERR,ERR,ERR,ERR,ERR,ERR,ERR,ERR,ERR,ERR,ERR,-107615240.0,0.0,-117832800.0,0.0,0.0,0.0,0.0,nan,0,0,0,32768,0,0.0,0,0.0,0.0,0.0,0.0,0.0,0,0,0,0,0.0,0,0,0,0,0,0,0,0,0,0,0,0,0,0,0,0,0,0,0,0,0,0,0,0,0,0,0,0,0,0,0,0,0,0,0,0,0,0,0,0,0,0,0,0,0.0,0.0,0.0,0.0,0.0,0.0,0.0,0.0,0.0,0.0,0.0,0.0,0.0,0.0,0.0,0.0,0.0,0.0,0.0,0.0,0.0,0.0,2.004,-0.0,0.0,-2.004,0.0,0.0,0.0,0.0,3338.5,-3.697152708471213e+19,0.0,-107615240.0,0.0,-107615232.0,-0.0,0.0,0.0,0.0,0.0,0,-5.8480786593265204e+35,-0.0,0.0,0.0,0.0,0.0,0.0,0.0,0.0,0,0,0,0.0,0.0,0.0,0.0,0.0,0.0,0.0,0.0,0.0,0.0,0.0,0.0,0.0,0.0,0.0,0.0,0,-107875648.0,0,0.0,0,-107875648.0,0.0,0,26215,17038,52429,17052,13107,17037,0,0,0,110,100,100,0.0,64.0,0.0,64.8,-0.0,68.5,1,49,50,180,0,0,0,0,0.0,0.0,0.0,0.0,2.0782541298101073e+20,65.5,0.0,-2.408877113769958e+26,0.0,645,0,685,0,0,0,712,0,784,0,706,0,688,0,646,0,640,0,620,0.032,36962304.0,0.0,0.0,58384,16789,17627894251520.0,-2.408877113769958e+26,0.0,2183614523506688.0,-3.815020411263796e+22,-25854212.0,29.0,60.0,70,0.0,0.0,0.0,0.0,0.0,0.0,0.0,0.0,0.0,0.0,0.0,0.0,0.0,0.0,0.0,0.0,59.2,68,12,65509,41,65476,0,300,0,0,8,20529,65476,0,0,61604,60.0,0.0,0.0,0.0,0.0,0.0
